claim_id,worker_id,zone,claim_date,claim_hour,has_real_disruption,is_fraudster,is_fraud,gps_zone_mismatch,wifi_home_ssid,battery_charging,accelerometer_idle,platform_app_inactive,ip_home_match,claim_latency_under30s,gps_jitter_perfect,barometer_mismatch,hw_fingerprint_match,app_install_cluster,days_since_onboard,referral_depth,simultaneous_zone_claims,zone_depth_score,fps_score,fps_tier,iss_score,city
CLM0000001,CHE_00158,Porur,2024-01-10,16,0,0,0,0,0,0,0,0,0,0.0,0.198467,0,0.0,0,132,2,1,0.2051,0.0241,GREEN,27,Chennai
CLM0000002,CHE_00223,T Nagar,2018-03-16,14,0,0,0,0,0,1,0,0,0,0.0,0.284994,0,0.0,0,149,4,3,0.9704,0.0555,GREEN,27,Chennai
CLM0000003,CHE_05282,T Nagar,2025-12-26,10,0,0,0,0,0,0,1,0,0,0.0,0.242873,0,0.0,0,122,2,3,0.8698,0.0285,GREEN,32,Chennai
CLM0000004,CHE_01075,Perambur,2021-09-30,13,0,0,0,0,0,0,0,0,1,0.0,0.211131,0,0.0,0,169,3,5,0.9229,0.1547,GREEN,37,Chennai
CLM0000005,CHE_04502,Porur,2025-01-27,7,0,0,0,0,0,0,0,0,0,0.0,0.003074,0,0.0,0,38,0,0,0.7252,0.0209,GREEN,31,Chennai
CLM0000006,CHE_06479,T Nagar,2025-12-12,18,0,0,0,0,0,0,1,0,0,0.0,0.293322,0,0.0,0,312,1,3,0.98,0.0296,GREEN,35,Chennai
CLM0000007,CHE_06537,Guindy,2022-05-03,9,0,0,0,1,0,0,1,1,0,0.0,1.0,0,0.0,1,8,4,18,0.5788,0.0,GREEN,41,Chennai
CLM0000008,CHE_09607,Guindy,2023-10-04,20,0,0,0,0,0,0,0,0,0,0.0,0.034948,0,0.0,0,239,0,6,0.05,0.0,GREEN,39,Chennai
CLM0000009,CHE_01611,T Nagar,2018-08-05,9,0,0,0,0,1,1,0,0,0,1.0,0.903849,0,1.0,0,147,3,4,0.6194,0.2302,GREEN,56,Chennai
CLM0000010,CHE_07703,Porur,2019-09-11,17,0,0,0,0,0,0,0,0,0,0.0,0.303276,0,0.0,0,245,2,2,0.9505,0.0,GREEN,37,Chennai
CLM0000011,CHE_04432,Adyar,2025-03-19,20,0,0,0,0,0,0,0,0,0,0.0,0.191101,0,0.0,0,20,4,0,0.6871,0.0472,GREEN,49,Chennai
CLM0000012,CHE_09083,Anna Nagar,2022-09-03,15,0,0,0,0,0,0,0,1,0,0.0,0.06337,0,0.0,0,107,1,4,0.9133,0.0765,GREEN,53,Chennai
CLM0000013,CHE_00903,Chromepet,2021-12-09,9,0,0,0,0,1,0,0,0,0,0.0,0.472038,0,0.0,0,265,0,2,0.837,0.1563,GREEN,19,Chennai
CLM0000014,CHE_02280,Sholinganallur,2021-10-14,20,0,0,0,0,0,0,0,0,0,0.0,0.300324,0,0.0,0,273,0,0,0.3748,0.0,GREEN,32,Chennai
CLM0000015,CHE_00198,Anna Nagar,2023-01-14,8,0,0,0,0,0,0,0,0,0,0.0,0.349651,0,0.0,0,26,3,2,0.6723,0.0,GREEN,34,Chennai
CLM0000016,CHE_02539,Porur,2024-04-08,17,0,0,0,0,0,0,0,0,0,0.0,1.0,0,0.0,0,344,2,2,0.9463,0.0703,GREEN,40,Chennai
CLM0000017,CHE_02071,Anna Nagar,2021-01-08,21,0,0,0,0,0,0,0,0,0,0.0,1.0,0,0.0,1,270,2,0,0.4939,0.0597,GREEN,32,Chennai
CLM0000018,CHE_03495,Velachery,2023-08-23,10,0,0,0,0,0,0,0,0,0,0.0,0.043851,0,0.0,0,420,3,3,0.106,0.0232,GREEN,43,Chennai
CLM0000019,CHE_03298,Velachery,2024-07-05,7,0,0,0,0,0,1,0,1,0,0.0,0.424438,0,0.0,0,128,0,4,0.7166,0.1479,GREEN,43,Chennai
CLM0000020,CHE_04569,Guindy,2022-01-06,11,0,0,0,0,0,0,0,0,0,0.0,0.140806,0,0.0,0,420,2,3,0.8358,0.0,GREEN,39,Chennai
CLM0000021,CHE_06045,Porur,2020-10-10,21,0,0,0,0,0,0,0,0,0,0.0,0.390982,0,0.0,0,275,3,1,0.05,0.0,GREEN,28,Chennai
CLM0000022,CHE_05536,Sholinganallur,2025-03-13,20,0,0,0,0,0,0,0,0,0,0.0,0.397067,0,0.0,0,256,3,1,0.6631,0.0255,GREEN,38,Chennai
CLM0000023,CHE_00788,Sholinganallur,2021-10-05,12,0,0,0,0,0,0,0,0,0,0.0,0.294622,0,0.0,0,217,0,3,0.7864,0.0,GREEN,42,Chennai
CLM0000024,CHE_08077,Porur,2018-08-05,19,0,0,0,0,0,0,0,0,0,0.0,0.174061,0,0.0,0,86,2,3,0.05,0.0358,GREEN,38,Chennai
CLM0000025,CHE_03274,Perambur,2020-01-06,14,0,0,0,0,0,0,0,0,0,0.0,0.029127,0,0.0,0,243,0,5,0.4865,0.0037,GREEN,41,Chennai
CLM0000026,CHE_02233,Velachery,2017-05-23,20,0,0,0,0,0,0,0,1,0,0.0,0.137617,0,0.0,0,147,0,4,0.3324,0.0883,GREEN,29,Chennai
CLM0000027,CHE_03145,T Nagar,2020-12-02,19,0,0,0,0,0,1,0,0,0,0.0,0.162638,1,0.0,0,420,4,0,0.6872,0.1084,GREEN,27,Chennai
CLM0000028,CHE_06250,Anna Nagar,2018-11-10,19,0,0,0,0,0,0,0,0,0,0.0,0.000517,0,0.0,0,217,4,2,0.9432,0.047,GREEN,23,Chennai
CLM0000029,CHE_04078,Sholinganallur,2021-10-02,13,0,0,0,0,0,0,0,0,0,0.0,0.0,0,0.0,0,228,3,1,0.8908,0.0815,GREEN,37,Chennai
CLM0000030,CHE_07417,Tambaram,2024-01-05,10,0,0,0,1,0,1,0,0,0,0.0,0.376199,0,1.0,0,420,4,0,0.7911,0.255,GREEN,56,Chennai
CLM0000031,CHE_04295,Velachery,2021-06-28,9,0,0,0,0,0,0,0,0,0,0.0,1.0,0,0.0,0,62,4,5,0.533,0.1133,GREEN,56,Chennai
CLM0000032,CHE_02738,Anna Nagar,2021-09-30,17,0,0,0,0,0,0,0,0,0,0.0,1.0,0,0.0,0,420,3,1,0.5394,0.0,GREEN,39,Chennai
CLM0000033,CHE_05097,Sholinganallur,2022-12-28,8,0,0,0,0,0,0,1,1,0,1.0,0.130519,0,0.0,0,52,4,2,0.637,0.2185,GREEN,57,Chennai
CLM0000034,CHE_08363,T Nagar,2025-04-26,16,0,0,0,0,0,0,0,0,0,0.0,0.217619,0,0.0,0,308,4,1,0.98,0.1357,GREEN,28,Chennai
CLM0000035,CHE_08261,Sholinganallur,2025-01-29,7,0,0,0,0,0,0,0,0,0,1.0,0.114352,0,0.0,0,22,2,0,0.65,0.0464,GREEN,22,Chennai
CLM0000036,CHE_00729,Perambur,2019-09-08,18,0,1,1,1,0,0,1,1,0,0.0,0.131368,0,1.0,0,36,1,18,0.4534,0.3926,YELLOW,32,Chennai
CLM0000037,CHE_09540,T Nagar,2017-10-15,17,0,1,1,0,1,0,1,1,0,1.0,0.92287,1,0.0,0,5,2,18,0.4667,0.4424,YELLOW,39,Chennai
CLM0000038,CHE_01924,Perambur,2020-08-08,21,0,1,1,1,1,0,1,1,1,0.0,0.20903,1,0.0,1,17,1,18,0.2186,0.7837,RED,45,Chennai
CLM0000039,CHE_08541,Porur,2020-07-06,8,0,1,1,1,1,0,1,0,1,0.0,1.0,0,1.0,1,5,1,18,0.4136,0.7978,RED,31,Chennai
CLM0000040,CHE_06070,Velachery,2025-02-26,19,0,1,1,1,0,1,0,1,1,0.0,1.0,0,1.0,0,8,2,18,0.4081,0.5976,YELLOW,18,Chennai
CLM0000041,CHE_01076,Anna Nagar,2025-06-23,14,0,1,1,1,0,1,1,1,1,0.0,0.055868,0,0.0,0,5,0,18,0.405,0.721,RED,38,Chennai
CLM0000042,CHE_07663,Perambur,2022-10-14,13,0,1,1,1,1,0,1,0,0,1.0,0.253959,0,1.0,1,5,2,18,0.3227,0.5171,YELLOW,19,Chennai
CLM0000043,CHE_07151,Porur,2023-08-01,11,0,1,1,0,0,0,0,0,0,0.0,0.110895,0,0.0,0,15,1,3,0.7548,0.7345,RED,36,Chennai
CLM0000044,CHE_08222,Guindy,2023-07-25,20,0,1,1,1,1,1,0,1,1,0.0,0.102652,1,0.0,0,47,2,18,0.7915,0.8056,RED,39,Chennai
CLM0000045,CHE_04013,Sholinganallur,2024-02-28,19,0,0,0,0,0,0,0,0,0,0.0,0.339807,0,0.0,1,253,4,3,0.8347,0.1312,GREEN,60,Chennai
CLM0000046,CHE_00504,Tambaram,2025-08-07,7,0,0,0,0,0,0,0,0,0,0.0,0.22873,0,0.0,0,132,3,1,0.3633,0.0,GREEN,32,Chennai
CLM0000047,CHE_07052,Perambur,2024-01-02,14,0,0,0,0,0,0,1,0,0,0.0,0.00213,0,0.0,0,138,0,2,0.6833,0.1448,GREEN,40,Chennai
CLM0000048,CHE_08480,Sholinganallur,2024-06-20,20,0,0,0,0,0,0,0,1,0,0.0,0.113888,0,0.0,0,124,4,4,0.6226,0.1217,GREEN,18,Chennai
CLM0000049,CHE_09329,Perambur,2025-08-10,8,0,0,0,0,0,0,0,0,0,0.0,0.0,0,0.0,0,53,2,3,0.8541,0.0436,GREEN,50,Chennai
CLM0000050,CHE_09412,Chromepet,2024-05-14,15,0,0,0,0,0,0,0,0,0,0.0,1.0,0,0.0,0,136,0,0,0.6962,0.1233,GREEN,47,Chennai
CLM0000051,CHE_03155,Adyar,2025-11-20,20,0,0,0,0,0,0,0,0,0,0.0,0.0,0,0.0,0,267,2,0,0.4702,0.0,GREEN,34,Chennai
CLM0000052,CHE_08263,T Nagar,2025-09-07,12,0,0,0,0,0,0,0,0,0,1.0,0.033008,0,0.0,0,165,0,2,0.6131,0.0137,GREEN,19,Chennai
CLM0000053,CHE_03719,Sholinganallur,2023-09-06,8,0,0,0,0,0,0,0,0,0,0.0,0.136654,0,0.0,0,300,3,0,0.594,0.1148,GREEN,33,Chennai
CLM0000054,CHE_07026,Velachery,2025-01-11,7,0,0,0,0,0,0,0,0,0,0.0,0.15645,0,0.0,0,294,3,0,0.6047,0.0,GREEN,43,Chennai
CLM0000055,CHE_02197,Chromepet,2024-08-27,7,0,0,0,0,0,0,0,0,0,0.0,0.213275,0,0.0,0,106,0,2,0.98,0.0132,GREEN,40,Chennai
CLM0000056,CHE_09143,Adyar,2025-08-10,17,0,1,1,0,0,0,1,0,0,0.0,1.0,0,0.0,0,420,4,7,0.98,0.1354,GREEN,51,Chennai
CLM0000057,CHE_06453,Velachery,2025-11-19,18,0,0,0,0,1,0,0,0,0,0.0,0.386303,1,0.0,0,195,1,2,0.8474,0.1581,GREEN,41,Chennai
CLM0000058,CHE_08575,Velachery,2022-09-16,14,0,0,0,0,0,0,0,1,0,0.0,0.06245,0,0.0,0,414,2,0,0.8894,0.1635,GREEN,42,Chennai
CLM0000059,CHE_04537,Adyar,2024-03-22,16,0,0,0,0,1,0,0,1,0,0.0,0.27569,0,0.0,0,330,2,4,0.7227,0.224,GREEN,41,Chennai
CLM0000060,CHE_05314,Guindy,2023-11-07,18,0,0,0,0,0,0,0,0,0,0.0,0.300358,0,1.0,0,420,2,3,0.98,0.021,GREEN,43,Chennai
CLM0000061,CHE_00086,T Nagar,2024-10-19,15,0,0,0,0,0,0,0,0,0,0.0,0.0054,0,0.0,0,134,3,2,0.641,0.0,GREEN,40,Chennai
CLM0000062,CHE_07443,Porur,2024-08-15,16,0,0,0,0,0,0,0,0,0,0.0,0.254042,0,0.0,0,420,1,9,0.2437,0.0561,GREEN,33,Chennai
CLM0000063,CHE_04409,Chromepet,2023-01-06,10,0,0,0,0,1,1,1,1,1,1.0,0.90196,0,1.0,0,5,1,18,0.219,0.0386,GREEN,38,Chennai
CLM0000064,CHE_00969,Velachery,2023-09-09,13,0,0,0,0,0,0,1,0,0,0.0,0.984464,0,0.0,0,420,3,3,0.907,0.0473,GREEN,46,Chennai
CLM0000065,CHE_02969,T Nagar,2025-08-02,12,0,0,0,0,0,0,0,0,0,0.0,0.455838,0,0.0,0,314,1,0,0.1204,0.0,GREEN,39,Chennai
CLM0000066,CHE_08424,Guindy,2022-06-08,7,0,0,0,1,0,0,1,1,1,0.0,0.146383,0,0.0,1,17,3,18,0.855,0.0634,GREEN,51,Chennai
CLM0000067,CHE_03198,Tambaram,2025-07-02,19,0,0,0,0,0,0,0,0,0,0.0,0.196017,0,0.0,0,283,2,2,0.5221,0.1446,GREEN,38,Chennai
CLM0000068,CHE_05229,Adyar,2021-04-24,17,0,0,0,0,0,0,1,0,0,0.0,0.262413,1,0.0,0,420,3,4,0.7296,0.2464,GREEN,31,Chennai
CLM0000069,CHE_04373,Chromepet,2024-09-07,7,0,0,0,0,0,0,0,0,1,0.0,0.061249,0,0.0,0,178,3,5,0.8707,0.147,GREEN,44,Chennai
CLM0000070,CHE_03300,Tambaram,2021-07-23,11,0,0,0,0,0,0,0,0,0,0.0,0.247602,0,0.0,0,57,3,1,0.8156,0.1012,GREEN,22,Chennai
CLM0000071,CHE_00400,Guindy,2022-08-11,17,0,0,0,0,0,0,0,1,0,0.0,1.0,0,0.0,0,140,3,0,0.98,0.0316,GREEN,33,Chennai
CLM0000072,CHE_01696,Sholinganallur,2023-11-23,7,0,0,0,0,0,0,0,1,0,0.0,0.388869,0,0.0,0,246,2,3,0.9355,0.0,GREEN,34,Chennai
CLM0000073,CHE_00394,Porur,2018-09-13,7,0,0,0,0,0,0,0,0,0,0.0,0.357689,0,0.0,0,211,3,0,0.7796,0.0,GREEN,28,Chennai
CLM0000074,CHE_09830,Guindy,2019-01-25,15,0,0,0,0,0,0,0,0,0,0.0,0.0,0,0.0,0,192,2,3,0.7419,0.0,GREEN,28,Chennai
CLM0000075,CHE_07533,Tambaram,2018-10-01,15,0,0,0,0,0,0,0,0,0,0.0,0.361111,0,0.0,0,286,0,4,0.98,0.0106,GREEN,31,Chennai
CLM0000076,CHE_01542,Chromepet,2021-02-07,14,0,0,0,0,0,0,0,0,0,0.0,0.111317,0,0.0,0,70,3,2,0.6835,0.0144,GREEN,40,Chennai
CLM0000077,CHE_06665,Sholinganallur,2018-10-02,20,0,0,0,0,0,0,0,0,0,0.0,0.325879,0,0.0,0,72,4,4,0.6173,0.0,GREEN,26,Chennai
CLM0000078,CHE_09347,Tambaram,2019-02-17,12,0,0,0,0,0,0,0,0,0,0.0,0.283882,0,0.0,0,159,4,0,0.0778,0.0,GREEN,20,Chennai
CLM0000079,CHE_03019,Porur,2018-12-24,21,0,0,0,0,0,0,0,0,0,0.0,0.0,0,0.0,0,360,0,1,0.8284,0.0802,GREEN,33,Chennai
CLM0000080,CHE_06381,Chromepet,2025-09-15,19,0,0,0,0,0,0,0,0,0,0.0,0.348773,0,0.0,0,68,4,3,0.98,0.0,GREEN,35,Chennai
CLM0000081,CHE_07733,Chromepet,2019-02-16,14,0,0,0,0,0,0,0,0,0,0.0,0.908637,0,0.0,0,180,2,3,0.6957,0.0461,GREEN,42,Chennai
CLM0000082,CHE_02088,Sholinganallur,2021-12-05,9,1,0,0,1,0,0,0,0,0,0.0,0.312525,0,0.0,0,420,4,4,0.7259,0.2236,GREEN,32,Chennai
CLM0000083,CHE_01918,Perambur,2023-03-29,14,0,0,0,0,0,0,1,0,0,0.0,0.33295,0,0.0,0,232,2,1,0.7429,0.1083,GREEN,49,Chennai
CLM0000084,CHE_00544,Anna Nagar,2021-05-19,9,0,0,0,0,1,0,0,0,0,1.0,0.957053,0,1.0,0,5,2,3,0.8056,0.1684,GREEN,41,Chennai
CLM0000085,CHE_04940,Guindy,2023-07-08,16,0,0,0,0,0,0,0,0,0,0.0,0.273199,0,0.0,0,352,2,1,0.312,0.0,GREEN,18,Chennai
CLM0000086,CHE_07631,Guindy,2025-09-29,12,0,0,0,0,0,0,0,0,0,0.0,0.067779,0,0.0,0,360,3,0,0.05,0.0727,GREEN,41,Chennai
CLM0000087,CHE_05500,Adyar,2021-12-03,20,0,0,0,0,0,0,0,1,0,0.0,0.150041,0,0.0,0,319,1,0,0.5152,0.0489,GREEN,34,Chennai
CLM0000088,CHE_02881,Adyar,2024-05-20,21,0,0,0,0,0,0,0,0,0,1.0,0.004975,0,0.0,0,419,0,0,0.5979,0.0615,GREEN,59,Chennai
CLM0000089,CHE_07180,Chromepet,2025-04-17,14,0,0,0,1,1,1,1,0,1,1.0,1.0,0,1.0,0,5,1,18,0.05,0.0958,GREEN,49,Chennai
CLM0000090,CHE_04994,Porur,2022-05-21,10,0,0,0,0,0,1,0,0,0,0.0,0.215628,0,0.0,0,84,4,2,0.4959,0.0822,GREEN,33,Chennai
CLM0000091,CHE_09535,Adyar,2021-02-27,18,0,0,0,1,1,0,1,1,0,1.0,0.589016,0,1.0,1,9,4,15,0.9083,0.0079,GREEN,46,Chennai
CLM0000092,CHE_07360,Adyar,2022-03-25,8,0,0,0,0,0,0,0,0,0,0.0,0.282803,0,0.0,0,390,0,0,0.228,0.0,GREEN,48,Chennai
CLM0000093,CHE_01772,Guindy,2023-11-04,7,0,0,0,0,0,0,0,1,0,0.0,0.118196,0,0.0,0,420,0,1,0.7343,0.0488,GREEN,33,Chennai
CLM0000094,CHE_01987,Tambaram,2024-09-07,11,0,0,0,0,0,0,0,0,0,0.0,0.337259,0,0.0,0,280,4,0,0.9197,0.0505,GREEN,41,Chennai
CLM0000095,CHE_05091,Tambaram,2024-01-05,12,0,0,0,0,0,0,1,0,0,0.0,0.408142,0,0.0,0,119,3,0,0.4157,0.0475,GREEN,36,Chennai
CLM0000096,CHE_01926,Anna Nagar,2024-05-05,9,0,0,0,0,0,0,0,0,0,0.0,0.12222,0,0.0,0,253,1,0,0.1148,0.1486,GREEN,40,Chennai
CLM0000097,CHE_03762,Porur,2025-01-23,15,0,0,0,0,0,0,0,0,0,0.0,0.26141,0,0.0,0,180,4,3,0.4747,0.0,GREEN,22,Chennai
CLM0000098,CHE_05186,Sholinganallur,2022-05-27,16,0,0,0,0,0,0,0,0,0,0.0,0.084524,0,0.0,0,190,0,0,0.459,0.0387,GREEN,48,Chennai
CLM0000099,CHE_01364,Chromepet,2023-06-20,18,0,0,0,1,0,1,0,1,1,0.0,1.0,0,1.0,0,5,1,18,0.3548,0.1732,GREEN,53,Chennai
CLM0000100,CHE_02427,Anna Nagar,2023-07-25,19,0,0,0,0,0,0,0,0,0,0.0,0.245141,0,0.0,0,295,0,3,0.1054,0.1081,GREEN,33,Chennai
CLM0000101,CHE_01730,Anna Nagar,2025-02-06,7,0,1,1,0,0,0,0,1,0,0.0,0.0,0,0.0,0,420,0,0,0.7199,0.0561,GREEN,41,Chennai
CLM0000102,CHE_08639,T Nagar,2018-12-27,8,0,0,0,0,0,0,0,0,0,0.0,0.155793,0,0.0,0,264,0,6,0.8431,0.0,GREEN,36,Chennai
CLM0000103,CHE_07711,Chromepet,2024-09-27,8,0,0,0,0,0,0,0,0,0,1.0,0.375838,0,0.0,0,420,2,6,0.7305,0.1048,GREEN,59,Chennai
CLM0000104,CHE_03472,T Nagar,2025-01-04,8,0,0,0,0,0,0,0,0,0,0.0,0.067886,0,0.0,0,350,1,3,0.4857,0.0132,GREEN,40,Chennai
CLM0000105,CHE_07966,Porur,2022-11-27,21,0,0,0,0,0,0,0,0,0,0.0,0.24884,0,0.0,0,305,0,3,0.4773,0.017,GREEN,34,Chennai
CLM0000106,CHE_06011,Guindy,2021-04-18,8,0,0,0,0,0,0,0,0,0,1.0,0.230475,0,0.0,0,16,0,5,0.8182,0.11,GREEN,44,Chennai
CLM0000107,CHE_01756,Guindy,2019-09-15,18,0,0,0,0,0,0,0,0,0,0.0,0.057848,0,0.0,0,351,0,0,0.4473,0.0,GREEN,57,Chennai
CLM0000108,CHE_06015,Porur,2022-10-14,8,0,0,0,0,0,0,0,0,0,0.0,0.357656,0,0.0,0,113,3,1,0.7846,0.0813,GREEN,39,Chennai
CLM0000109,CHE_04017,Chromepet,2023-02-26,12,0,0,0,0,0,0,0,0,0,1.0,0.321304,0,0.0,0,213,3,1,0.8311,0.0292,GREEN,35,Chennai
CLM0000110,CHE_06474,Velachery,2020-05-15,17,0,0,0,0,1,0,0,0,0,0.0,0.042743,0,0.0,0,291,2,3,0.5388,0.1592,GREEN,37,Chennai
CLM0000111,CHE_06850,Anna Nagar,2024-01-08,9,0,0,0,0,0,0,0,0,0,0.0,0.388017,0,0.0,0,369,3,3,0.7838,0.1258,GREEN,46,Chennai
CLM0000112,CHE_01291,Chromepet,2025-11-28,18,0,0,0,0,0,0,0,0,0,0.0,0.089843,0,0.0,0,279,2,1,0.7932,0.0,GREEN,36,Chennai
CLM0000113,CHE_03286,Perambur,2023-09-15,20,0,0,0,0,0,0,0,0,0,0.0,0.450646,1,1.0,0,73,2,3,0.1779,0.1232,GREEN,47,Chennai
CLM0000114,CHE_01060,Guindy,2022-03-11,12,0,0,0,0,0,0,0,0,0,0.0,0.038068,0,0.0,0,420,0,2,0.9062,0.0371,GREEN,40,Chennai
CLM0000115,CHE_08602,Perambur,2024-03-08,20,0,0,0,0,0,1,0,0,0,0.0,0.018304,0,0.0,0,58,2,1,0.6433,0.1775,GREEN,40,Chennai
CLM0000116,CHE_09243,Sholinganallur,2022-07-11,13,0,0,0,0,0,0,0,0,0,0.0,0.273604,0,0.0,0,420,0,1,0.8557,0.0128,GREEN,38,Chennai
CLM0000117,CHE_07852,Porur,2024-04-28,10,0,1,1,0,0,1,0,0,0,0.0,1.0,0,0.0,0,144,1,0,0.7359,0.0593,GREEN,45,Chennai
CLM0000118,CHE_05841,T Nagar,2025-12-17,11,0,0,0,0,0,0,0,0,0,0.0,0.047472,0,0.0,0,209,3,0,0.9507,0.0,GREEN,28,Chennai
CLM0000119,CHE_09888,Velachery,2024-05-22,18,0,0,0,0,0,0,0,0,0,0.0,0.174752,0,0.0,0,287,2,1,0.8222,0.019,GREEN,34,Chennai
CLM0000120,CHE_05337,T Nagar,2025-06-25,19,0,0,0,0,0,0,0,1,0,0.0,0.201467,0,0.0,0,97,2,0,0.7971,0.0893,GREEN,22,Chennai
CLM0000121,CHE_09448,Sholinganallur,2022-12-20,15,0,0,0,1,0,0,0,0,0,0.0,0.08703,0,0.0,0,420,0,1,0.7518,0.2264,GREEN,26,Chennai
CLM0000122,CHE_07857,Adyar,2024-08-22,19,0,0,0,0,0,0,0,0,0,0.0,0.354818,0,0.0,0,249,2,0,0.0994,0.0067,GREEN,38,Chennai
CLM0000123,CHE_03680,T Nagar,2025-01-30,18,0,0,0,0,0,1,0,0,0,0.0,0.304632,0,0.0,0,413,1,1,0.7842,0.1463,GREEN,18,Chennai
CLM0000124,CHE_06004,Porur,2024-10-11,13,0,0,0,0,0,0,0,0,0,1.0,1.0,0,1.0,0,420,0,2,0.8,0.0,GREEN,55,Chennai
CLM0000125,CHE_07570,Porur,2023-07-30,8,0,0,0,0,0,0,0,0,1,0.0,0.414709,0,0.0,0,292,3,2,0.705,0.1328,GREEN,36,Chennai
CLM0000126,CHE_04239,T Nagar,2017-12-20,9,0,0,0,0,0,0,0,1,0,0.0,0.291733,0,0.0,0,284,0,0,0.98,0.1395,GREEN,35,Chennai
CLM0000127,CHE_08615,Anna Nagar,2023-03-20,20,0,0,0,0,0,0,0,0,0,0.0,0.44862,0,0.0,0,14,4,0,0.7273,0.0,GREEN,60,Chennai
CLM0000128,CHE_01013,Chromepet,2015-09-03,20,0,0,0,0,0,0,0,1,0,0.0,0.313485,0,0.0,0,194,4,4,0.6006,0.0468,GREEN,41,Chennai
CLM0000129,CHE_05082,Porur,2018-12-22,12,0,0,0,0,1,0,0,0,0,0.0,0.964971,0,0.0,0,267,0,3,0.5565,0.0495,GREEN,25,Chennai
CLM0000130,CHE_06072,T Nagar,2023-06-16,15,0,0,0,0,0,0,1,0,0,0.0,0.172801,0,0.0,0,170,4,4,0.4473,0.1439,GREEN,44,Chennai
CLM0000131,CHE_08724,Porur,2025-07-21,15,0,0,0,1,0,0,0,0,0,0.0,0.336279,0,0.0,0,15,4,2,0.98,0.2427,GREEN,32,Chennai
CLM0000132,CHE_00347,Velachery,2021-04-25,18,0,0,0,0,0,0,0,0,0,0.0,0.429272,0,0.0,0,420,1,5,0.6298,0.039,GREEN,51,Chennai
CLM0000133,CHE_04297,Perambur,2021-11-27,19,0,0,0,0,0,0,0,0,0,0.0,0.086012,0,0.0,0,36,4,1,0.1633,0.0619,GREEN,31,Chennai
CLM0000134,CHE_02054,Velachery,2023-05-28,10,0,0,0,0,0,0,1,0,0,0.0,1.0,0,0.0,0,101,1,3,0.6595,0.0351,GREEN,32,Chennai
CLM0000135,CHE_06518,Porur,2022-04-01,14,0,0,0,0,1,0,0,0,0,0.0,0.965836,0,0.0,0,113,4,5,0.98,0.1005,GREEN,35,Chennai
CLM0000136,CHE_08893,Sholinganallur,2018-10-06,14,0,0,0,0,0,0,0,0,0,0.0,0.4565,0,0.0,0,46,2,1,0.7067,0.0,GREEN,45,Chennai
CLM0000137,CHE_05724,Porur,2024-07-31,8,0,0,0,0,0,0,1,0,1,0.0,0.265683,0,0.0,0,420,4,2,0.9656,0.0815,GREEN,25,Chennai
CLM0000138,CHE_05778,Anna Nagar,2018-10-26,11,0,0,0,0,0,0,0,0,0,0.0,1.0,0,0.0,0,148,0,3,0.8573,0.0238,GREEN,47,Chennai
CLM0000139,CHE_04788,Adyar,2022-01-06,10,0,0,0,0,0,0,0,0,0,0.0,0.021094,0,0.0,0,166,1,3,0.661,0.0,GREEN,45,Chennai
CLM0000140,CHE_03373,Guindy,2020-09-16,19,0,0,0,1,0,1,0,0,0,0.0,1.0,0,0.0,0,6,4,18,0.1471,0.1522,GREEN,21,Chennai
CLM0000141,CHE_02103,Anna Nagar,2023-05-14,9,0,0,0,0,0,0,0,0,0,0.0,0.0,1,0.0,0,44,1,3,0.7118,0.0175,GREEN,44,Chennai
CLM0000142,CHE_07407,Velachery,2023-06-04,20,0,0,0,0,0,0,0,0,0,0.0,0.169845,0,0.0,0,420,0,0,0.6002,0.0,GREEN,43,Chennai
CLM0000143,CHE_08422,Sholinganallur,2023-01-11,19,0,0,0,0,0,0,0,0,0,0.0,0.924324,0,0.0,0,398,3,0,0.7284,0.0647,GREEN,52,Chennai
CLM0000144,CHE_05510,Tambaram,2023-05-05,13,0,0,0,0,0,0,0,0,0,0.0,0.202339,0,0.0,0,284,4,2,0.6016,0.0437,GREEN,26,Chennai
CLM0000145,CHE_03888,Anna Nagar,2023-07-13,15,0,0,0,0,0,0,0,0,0,0.0,0.218543,0,0.0,0,366,0,1,0.7566,0.0707,GREEN,39,Chennai
CLM0000146,CHE_09210,Sholinganallur,2025-08-18,16,0,0,0,0,0,0,0,0,0,0.0,0.188512,0,0.0,0,394,4,2,0.7267,0.0,GREEN,34,Chennai
CLM0000147,CHE_08785,Chromepet,2023-03-21,14,0,0,0,0,0,1,0,0,0,0.0,0.072451,0,0.0,0,361,1,3,0.8054,0.0,GREEN,38,Chennai
CLM0000148,CHE_03468,Chromepet,2022-06-04,20,0,0,0,0,0,0,0,0,0,0.0,0.307209,0,0.0,0,249,2,0,0.8842,0.0,GREEN,20,Chennai
CLM0000149,CHE_00543,Anna Nagar,2024-10-09,17,0,0,0,0,0,0,0,0,0,0.0,0.0,0,0.0,0,318,0,5,0.7938,0.0419,GREEN,33,Chennai
CLM0000150,CHE_02108,Anna Nagar,2022-01-16,9,0,0,0,0,0,0,0,0,0,0.0,0.163688,0,0.0,0,420,4,1,0.7314,0.0,GREEN,37,Chennai
CLM0000151,CHE_06363,T Nagar,2025-10-26,17,0,0,0,0,0,0,0,0,0,1.0,0.0,0,0.0,0,87,1,0,0.8394,0.0082,GREEN,43,Chennai
CLM0000152,CHE_04833,Guindy,2021-04-02,18,0,0,0,0,0,0,0,0,0,0.0,0.149148,0,0.0,0,163,1,2,0.5854,0.0536,GREEN,21,Chennai
CLM0000153,CHE_08719,Sholinganallur,2020-10-20,9,0,0,0,0,1,1,1,1,1,1.0,0.917431,0,1.0,1,20,1,18,0.05,0.1622,GREEN,26,Chennai
CLM0000154,CHE_05125,Anna Nagar,2025-11-26,15,0,0,0,0,0,0,0,0,0,0.0,0.237224,0,0.0,0,40,4,5,0.5584,0.0,GREEN,46,Chennai
CLM0000155,CHE_02620,Velachery,2020-10-31,20,0,0,0,0,0,1,1,1,0,0.0,0.214932,1,0.0,0,224,2,1,0.627,0.3292,YELLOW,48,Chennai
CLM0000156,CHE_09442,Perambur,2024-12-09,21,0,0,0,0,0,0,0,0,0,0.0,0.099786,0,0.0,0,134,3,5,0.753,0.0186,GREEN,45,Chennai
CLM0000157,CHE_05630,Adyar,2025-04-11,19,0,0,0,0,0,0,0,0,0,0.0,0.324479,0,0.0,0,293,1,3,0.3477,0.056,GREEN,39,Chennai
CLM0000158,CHE_01276,T Nagar,2025-03-11,19,0,0,0,0,0,0,0,0,0,0.0,0.009175,0,0.0,0,374,4,4,0.6777,0.0098,GREEN,53,Chennai
CLM0000159,CHE_02973,Porur,2023-02-27,9,0,0,0,0,0,0,0,0,0,0.0,0.281039,0,0.0,0,160,0,2,0.0634,0.0,GREEN,27,Chennai
CLM0000160,CHE_09453,T Nagar,2022-08-13,19,0,0,0,0,0,0,0,0,0,0.0,0.114884,0,0.0,0,278,1,0,0.5294,0.0,GREEN,20,Chennai
CLM0000161,CHE_01420,Perambur,2020-07-15,18,0,0,0,0,0,0,0,0,0,0.0,0.399609,0,0.0,0,396,2,5,0.1392,0.0,GREEN,58,Chennai
CLM0000162,CHE_01876,Anna Nagar,2019-09-07,8,0,1,1,1,0,0,0,0,0,0.0,0.079811,0,0.0,0,10,0,2,0.6831,0.1341,GREEN,43,Chennai
CLM0000163,CHE_09426,Sholinganallur,2019-08-11,9,0,0,0,0,0,0,1,0,1,0.0,0.290686,0,0.0,0,231,3,2,0.8953,0.1269,GREEN,41,Chennai
CLM0000164,CHE_09897,Tambaram,2019-11-22,17,0,0,0,0,0,0,0,0,0,0.0,0.190351,0,0.0,0,259,4,2,0.9331,0.0752,GREEN,24,Chennai
CLM0000165,CHE_06057,Adyar,2023-04-09,13,0,0,0,0,0,1,0,0,0,0.0,0.175407,0,0.0,0,39,4,1,0.4979,0.1928,GREEN,28,Chennai
CLM0000166,CHE_02044,T Nagar,2022-07-14,17,0,0,0,0,0,0,0,0,0,1.0,0.326762,0,1.0,0,336,2,4,0.4672,0.0759,GREEN,31,Chennai
CLM0000167,CHE_00380,Chromepet,2025-02-06,19,0,0,0,0,0,0,0,0,0,1.0,0.0,0,1.0,0,5,2,0,0.2735,0.0555,GREEN,49,Chennai
CLM0000168,CHE_09455,Chromepet,2021-06-16,15,0,0,0,0,0,0,0,0,0,0.0,0.027983,0,0.0,0,120,4,3,0.8712,0.0108,GREEN,32,Chennai
CLM0000169,CHE_02396,Sholinganallur,2019-05-19,15,0,0,0,0,0,1,0,0,0,0.0,0.313709,0,0.0,0,420,0,0,0.6999,0.0,GREEN,39,Chennai
CLM0000170,CHE_07020,Chromepet,2020-02-19,7,0,0,0,0,1,0,0,0,0,0.0,0.396089,0,0.0,0,420,3,6,0.2412,0.1155,GREEN,33,Chennai
CLM0000171,CHE_09255,Tambaram,2025-10-30,9,0,0,0,0,0,0,1,0,0,0.0,0.117584,0,0.0,0,115,3,4,0.5668,0.1121,GREEN,61,Chennai
CLM0000172,CHE_05507,Anna Nagar,2024-11-27,14,0,0,0,0,0,0,0,0,0,0.0,0.385564,0,0.0,0,236,0,2,0.3451,0.0396,GREEN,22,Chennai
CLM0000173,CHE_04205,Chromepet,2025-12-28,16,0,0,0,0,0,0,0,0,0,0.0,0.355478,0,0.0,0,266,3,3,0.6657,0.0,GREEN,30,Chennai
CLM0000174,CHE_06617,Perambur,2024-06-19,7,0,0,0,0,0,0,0,0,0,0.0,0.327037,0,1.0,0,133,0,0,0.8241,0.0,GREEN,43,Chennai
CLM0000175,CHE_09603,Anna Nagar,2024-08-01,13,0,0,0,0,0,0,0,0,0,0.0,0.391733,0,0.0,0,171,2,0,0.9311,0.086,GREEN,26,Chennai
CLM0000176,CHE_04989,Velachery,2025-11-13,7,0,0,0,0,0,0,0,0,0,0.0,0.955471,0,0.0,0,106,0,0,0.4619,0.0186,GREEN,37,Chennai
CLM0000177,CHE_00003,Sholinganallur,2024-04-10,11,0,0,0,0,0,0,0,0,0,0.0,0.092683,0,0.0,0,109,3,1,0.4339,0.0062,GREEN,28,Chennai
CLM0000178,CHE_04257,Guindy,2025-12-10,12,0,0,0,0,0,0,0,0,0,1.0,0.34052,0,0.0,0,105,2,1,0.9517,0.0416,GREEN,56,Chennai
CLM0000179,CHE_02608,Chromepet,2020-11-12,9,1,0,0,0,0,0,0,0,0,0.0,0.115675,0,0.0,0,55,0,0,0.8199,0.0174,GREEN,42,Chennai
CLM0000180,CHE_01614,Sholinganallur,2022-10-15,10,0,0,0,0,0,0,0,0,0,0.0,0.145044,0,0.0,0,378,2,0,0.226,0.0897,GREEN,51,Chennai
CLM0000181,CHE_01603,Tambaram,2016-10-16,8,0,0,0,0,0,0,0,0,0,0.0,0.465117,0,0.0,0,177,1,2,0.2684,0.0594,GREEN,30,Chennai
CLM0000182,CHE_05368,Porur,2023-11-28,14,0,0,0,0,0,0,0,0,0,0.0,0.24533,0,0.0,0,270,3,0,0.7654,0.0604,GREEN,47,Chennai
CLM0000183,CHE_01543,Adyar,2019-01-07,11,0,0,0,0,0,0,1,0,0,0.0,0.019162,0,0.0,0,285,0,6,0.5575,0.1385,GREEN,36,Chennai
CLM0000184,CHE_01955,Velachery,2017-04-27,11,0,0,0,0,0,0,0,0,0,0.0,1.0,0,0.0,0,151,4,5,0.98,0.0232,GREEN,45,Chennai
CLM0000185,CHE_09836,Sholinganallur,2025-03-08,9,0,0,0,0,0,0,0,0,0,1.0,0.13783,0,0.0,0,237,4,5,0.6758,0.0985,GREEN,37,Chennai
CLM0000186,CHE_09927,Porur,2018-10-25,14,0,0,0,0,0,0,0,0,0,0.0,0.14409,0,0.0,0,420,4,0,0.3139,0.0,GREEN,43,Chennai
CLM0000187,CHE_02352,T Nagar,2024-02-20,11,0,0,0,0,0,0,0,0,0,0.0,0.178414,0,0.0,0,408,3,0,0.7868,0.0411,GREEN,56,Chennai
CLM0000188,CHE_01070,Adyar,2023-07-05,19,0,0,0,0,0,0,0,0,0,1.0,0.23674,0,0.0,0,126,2,1,0.8578,0.0177,GREEN,43,Chennai
CLM0000189,CHE_01659,Tambaram,2025-07-04,21,0,0,0,0,0,0,0,0,0,0.0,0.156623,1,0.0,0,420,1,4,0.9766,0.0114,GREEN,41,Chennai
CLM0000190,CHE_04306,T Nagar,2021-02-07,20,0,1,1,0,0,0,0,0,0,0.0,0.00912,0,0.0,0,420,4,0,0.05,0.0212,GREEN,32,Chennai
CLM0000191,CHE_05217,T Nagar,2024-02-26,7,0,0,0,0,0,0,0,1,0,1.0,0.957288,0,1.0,0,278,0,4,0.0723,0.0584,GREEN,50,Chennai
CLM0000192,CHE_08087,Sholinganallur,2025-10-08,9,0,0,0,0,0,0,0,0,0,0.0,0.004708,0,0.0,0,273,3,0,0.8529,0.0169,GREEN,35,Chennai
CLM0000193,CHE_02924,Porur,2018-07-02,13,0,0,0,0,1,0,0,1,0,1.0,0.354259,0,0.0,0,88,1,2,0.249,0.3199,YELLOW,20,Chennai
CLM0000194,CHE_06717,Porur,2024-07-27,8,0,0,0,0,0,0,0,0,0,1.0,0.113747,0,0.0,0,274,0,2,0.6626,0.1206,GREEN,18,Chennai
CLM0000195,CHE_03324,Sholinganallur,2025-08-25,18,0,0,0,0,0,0,0,0,0,0.0,0.329877,0,0.0,0,164,1,4,0.6568,0.0966,GREEN,35,Chennai
CLM0000196,CHE_01973,Sholinganallur,2023-08-02,10,0,0,0,0,0,0,0,0,0,0.0,1.0,0,0.0,0,249,3,0,0.5758,0.0266,GREEN,39,Chennai
CLM0000197,CHE_06077,Guindy,2018-11-23,15,0,0,0,0,1,0,1,1,0,1.0,0.10421,0,1.0,1,5,3,18,0.3471,0.16,GREEN,52,Chennai
CLM0000198,CHE_03835,Anna Nagar,2019-08-17,18,0,0,0,0,0,0,0,0,0,0.0,0.392429,0,1.0,0,136,2,0,0.98,0.0216,GREEN,28,Chennai
CLM0000199,CHE_02959,Porur,2019-07-27,21,0,0,0,0,0,0,0,0,0,0.0,0.434197,0,0.0,0,272,3,0,0.4801,0.0841,GREEN,36,Chennai
CLM0000200,CHE_05051,Perambur,2018-03-04,10,0,0,0,0,0,1,0,0,0,1.0,1.0,0,1.0,0,253,4,0,0.7778,0.0204,GREEN,30,Chennai
CLM0000201,CHE_01137,T Nagar,2023-11-02,19,0,0,0,0,0,0,0,0,0,0.0,0.152443,0,0.0,0,420,0,4,0.0574,0.0,GREEN,48,Chennai
CLM0000202,CHE_00075,Sholinganallur,2023-01-14,11,0,0,0,0,0,0,0,0,0,0.0,1.0,0,0.0,1,420,2,0,0.1552,0.0415,GREEN,46,Chennai
CLM0000203,CHE_00497,Anna Nagar,2022-10-14,7,0,0,0,0,0,0,0,0,0,0.0,0.068986,0,0.0,0,113,0,2,0.1295,0.0,GREEN,44,Chennai
CLM0000204,CHE_06485,T Nagar,2024-01-02,21,0,1,1,0,0,0,0,0,0,0.0,0.216432,0,0.0,0,420,3,0,0.5829,0.0,GREEN,41,Chennai
CLM0000205,CHE_04461,Anna Nagar,2025-02-15,8,0,0,0,0,0,1,0,0,0,0.0,0.269525,0,0.0,0,94,4,3,0.1196,0.2398,GREEN,45,Chennai
CLM0000206,CHE_01590,Adyar,2024-10-19,10,0,0,0,0,0,0,0,0,0,0.0,1.0,0,0.0,0,115,2,6,0.638,0.0676,GREEN,57,Chennai
CLM0000207,CHE_04282,Tambaram,2025-01-07,8,0,0,0,0,0,0,0,0,0,0.0,0.227521,0,0.0,0,172,4,4,0.8926,0.0249,GREEN,36,Chennai
CLM0000208,CHE_05088,Chromepet,2025-10-06,13,0,0,0,0,0,0,0,0,0,0.0,0.285425,0,0.0,0,412,4,2,0.926,0.0,GREEN,53,Chennai
CLM0000209,CHE_06710,Perambur,2024-10-17,16,0,0,0,0,1,0,0,0,0,0.0,0.355216,0,0.0,0,214,0,0,0.6477,0.0879,GREEN,54,Chennai
CLM0000210,CHE_06356,Guindy,2025-07-26,18,0,0,0,0,0,1,0,1,0,0.0,0.975858,0,0.0,0,208,4,0,0.98,0.224,GREEN,49,Chennai
CLM0000211,CHE_05408,Tambaram,2024-11-28,7,0,0,0,0,0,0,0,0,0,0.0,0.161559,0,0.0,1,302,0,0,0.7345,0.0293,GREEN,38,Chennai
CLM0000212,CHE_04944,Tambaram,2025-03-24,9,0,0,0,0,0,0,1,1,0,0.0,0.433941,0,0.0,0,213,2,3,0.8164,0.188,GREEN,33,Chennai
CLM0000213,CHE_03230,Tambaram,2021-09-01,11,0,0,0,0,0,1,0,0,0,0.0,0.083395,0,0.0,0,329,2,4,0.1272,0.0842,GREEN,43,Chennai
CLM0000214,CHE_03474,Tambaram,2025-08-29,10,0,0,0,0,0,1,1,0,0,0.0,0.93777,0,0.0,0,325,3,5,0.3565,0.226,GREEN,47,Chennai
CLM0000215,CHE_09236,Porur,2021-10-04,9,0,0,0,0,0,0,0,0,0,0.0,0.43062,0,0.0,0,192,1,4,0.7285,0.0,GREEN,18,Chennai
CLM0000216,CHE_08477,Perambur,2021-10-07,16,0,0,0,0,0,0,0,1,0,0.0,0.103316,1,0.0,0,169,0,1,0.638,0.1641,GREEN,43,Chennai
CLM0000217,CHE_01602,T Nagar,2025-08-02,20,0,0,0,0,0,0,0,0,0,0.0,0.318935,0,0.0,0,290,0,3,0.8911,0.0,GREEN,31,Chennai
CLM0000218,CHE_08081,Tambaram,2025-12-08,21,0,0,0,0,0,1,0,1,0,0.0,0.263788,0,0.0,0,37,3,0,0.9755,0.201,GREEN,19,Chennai
CLM0000219,CHE_01298,Sholinganallur,2021-01-24,8,0,0,0,0,0,0,0,0,0,0.0,0.131933,0,0.0,0,245,3,1,0.5673,0.0476,GREEN,31,Chennai
CLM0000220,CHE_03473,T Nagar,2024-12-08,16,0,0,0,0,0,0,0,0,0,0.0,0.213809,0,0.0,0,331,0,0,0.9487,0.0,GREEN,30,Chennai
CLM0000221,CHE_05918,Chromepet,2025-07-03,18,0,0,0,0,0,0,0,0,0,0.0,0.183604,0,0.0,0,36,2,0,0.05,0.0,GREEN,50,Chennai
CLM0000222,CHE_05358,T Nagar,2018-07-28,18,0,0,0,0,0,0,0,1,0,0.0,0.991809,0,0.0,0,420,3,5,0.8982,0.1011,GREEN,29,Chennai
CLM0000223,CHE_00734,T Nagar,2022-04-19,13,0,0,0,0,0,0,0,0,0,0.0,0.0,1,0.0,0,268,3,0,0.5656,0.0402,GREEN,53,Chennai
CLM0000224,CHE_04590,Chromepet,2020-01-04,13,0,0,0,0,0,0,0,0,0,0.0,0.157582,0,0.0,0,81,4,1,0.4022,0.0,GREEN,42,Chennai
CLM0000225,CHE_06856,Tambaram,2025-11-12,12,0,0,0,0,0,0,0,0,0,0.0,0.158535,0,0.0,0,365,0,0,0.9054,0.0366,GREEN,27,Chennai
CLM0000226,CHE_02613,Anna Nagar,2022-02-11,21,0,0,0,0,0,0,0,0,0,0.0,0.259083,1,0.0,0,226,1,4,0.8348,0.0632,GREEN,33,Chennai
CLM0000227,CHE_07009,Velachery,2019-10-01,8,0,0,0,0,0,0,0,0,0,0.0,0.028349,0,0.0,0,172,1,3,0.6927,0.0132,GREEN,48,Chennai
CLM0000228,CHE_06334,Adyar,2022-09-18,21,0,0,0,0,0,0,0,0,1,0.0,0.98145,0,0.0,0,17,4,1,0.8958,0.1189,GREEN,42,Chennai
CLM0000229,CHE_08185,Porur,2023-04-09,18,0,1,1,1,0,1,1,1,1,0.0,0.116565,1,0.0,1,22,2,18,0.8221,0.7446,RED,43,Chennai
CLM0000230,CHE_05372,T Nagar,2025-06-13,17,0,1,1,1,0,0,0,1,0,1.0,0.296049,0,0.0,0,339,0,1,0.7572,0.5925,YELLOW,46,Chennai
CLM0000231,CHE_09761,Porur,2022-04-18,7,0,1,1,1,1,0,1,1,1,0.0,0.087092,0,0.0,1,5,1,18,0.8407,0.7436,RED,31,Chennai
CLM0000232,CHE_02674,Anna Nagar,2021-10-01,11,0,1,1,1,1,1,0,1,1,1.0,0.851011,0,0.0,1,5,2,9,0.7161,0.7177,RED,40,Chennai
CLM0000233,CHE_04863,Tambaram,2022-04-05,10,0,1,1,1,0,1,1,1,0,0.0,0.020805,0,1.0,1,5,1,18,0.9541,0.4475,YELLOW,55,Chennai
CLM0000234,CHE_02371,Adyar,2023-09-20,18,0,1,1,0,0,0,0,0,0,0.0,0.300056,0,0.0,0,184,1,4,0.7041,0.8161,RED,50,Chennai
CLM0000235,CHE_03853,Anna Nagar,2022-07-13,18,0,1,1,0,1,1,0,1,0,0.0,0.112759,0,0.0,1,20,2,18,0.8882,0.5784,YELLOW,50,Chennai
CLM0000236,CHE_00343,Sholinganallur,2024-04-09,14,0,1,1,0,1,0,1,1,1,1.0,0.948278,0,1.0,1,16,0,18,0.1517,0.5923,YELLOW,50,Chennai
CLM0000237,CHE_07361,Adyar,2022-10-25,21,0,1,1,0,0,0,0,1,0,0.0,1.0,0,0.0,0,420,2,0,0.7823,0.5126,YELLOW,18,Chennai
CLM0000238,CHE_08504,Anna Nagar,2023-02-14,15,0,1,1,0,0,0,0,1,0,0.0,0.154334,0,1.0,0,392,2,5,0.2194,0.4587,YELLOW,45,Chennai
CLM0000239,CHE_08858,Chromepet,2023-08-06,17,0,1,1,0,1,0,1,0,1,0.0,1.0,1,1.0,1,20,0,18,0.8387,0.6912,RED,43,Chennai
CLM0000240,CHE_04516,T Nagar,2022-09-15,16,0,0,0,0,1,0,0,0,0,0.0,0.107317,0,0.0,0,321,1,4,0.0789,0.1032,GREEN,39,Chennai
CLM0000241,CHE_03535,Adyar,2021-05-03,21,0,0,0,0,0,0,0,0,0,1.0,0.211899,0,0.0,0,14,3,4,0.5202,0.0125,GREEN,38,Chennai
CLM0000242,CHE_05599,T Nagar,2019-05-02,13,0,0,0,0,0,0,0,0,0,0.0,0.085221,0,0.0,0,420,4,0,0.7377,0.0051,GREEN,34,Chennai
CLM0000243,CHE_03040,Anna Nagar,2020-12-16,11,0,0,0,0,0,0,0,0,0,0.0,0.027496,0,0.0,0,179,0,2,0.6867,0.0488,GREEN,27,Chennai
CLM0000244,CHE_02898,Sholinganallur,2020-05-27,16,0,0,0,0,0,0,0,0,0,0.0,0.196116,0,0.0,0,393,0,4,0.8503,0.0939,GREEN,51,Chennai
CLM0000245,CHE_06321,T Nagar,2022-03-14,15,0,0,0,0,0,0,1,0,0,0.0,0.264525,0,0.0,0,420,4,4,0.9137,0.2002,GREEN,51,Chennai
CLM0000246,CHE_00045,Adyar,2020-04-26,20,0,0,0,0,0,0,0,0,0,0.0,0.28569,0,1.0,0,200,3,2,0.9662,0.0412,GREEN,52,Chennai
CLM0000247,CHE_07997,T Nagar,2016-03-29,19,0,0,0,0,0,0,0,0,0,0.0,0.1024,0,0.0,0,286,3,2,0.2152,0.0,GREEN,52,Chennai
CLM0000248,CHE_08725,Velachery,2018-12-24,16,0,0,0,0,1,0,0,0,0,0.0,0.371533,0,1.0,0,219,2,0,0.4857,0.115,GREEN,42,Chennai
CLM0000249,CHE_09630,Perambur,2025-01-24,13,0,0,0,0,0,0,0,0,0,0.0,0.223174,0,0.0,0,307,3,1,0.7132,0.0,GREEN,41,Chennai
CLM0000250,CHE_06689,Sholinganallur,2022-10-30,17,0,1,1,0,0,0,0,0,0,0.0,0.348415,0,0.0,0,119,1,5,0.7497,0.0,GREEN,47,Chennai
CLM0000251,CHE_04662,Porur,2024-03-02,13,0,0,0,0,0,0,0,0,0,0.0,0.095131,0,0.0,1,65,0,3,0.6163,0.0792,GREEN,28,Chennai
CLM0000252,CHE_03687,Anna Nagar,2022-08-17,12,0,0,0,0,0,0,0,0,0,0.0,0.127264,1,0.0,0,320,2,0,0.9316,0.1533,GREEN,27,Chennai
CLM0000253,CHE_01573,T Nagar,2025-06-19,21,0,0,0,0,0,0,0,0,0,0.0,0.262416,0,0.0,0,208,4,1,0.926,0.0,GREEN,23,Chennai
CLM0000254,CHE_01024,Tambaram,2021-09-25,12,0,0,0,0,0,0,0,0,0,0.0,0.15882,0,0.0,0,306,4,1,0.7055,0.0,GREEN,22,Chennai
CLM0000255,CHE_07233,Perambur,2024-02-04,19,0,0,0,0,0,0,0,0,0,0.0,0.218082,0,0.0,0,292,0,1,0.7327,0.0,GREEN,35,Chennai
CLM0000256,CHE_08374,Anna Nagar,2025-03-11,7,0,0,0,0,0,0,0,0,0,0.0,0.02063,1,0.0,0,420,0,5,0.5656,0.145,GREEN,56,Chennai
CLM0000257,CHE_03552,Porur,2023-09-26,14,0,0,0,1,0,0,1,1,0,1.0,0.971923,0,0.0,1,23,2,14,0.086,0.0,GREEN,40,Chennai
CLM0000258,CHE_05187,Tambaram,2022-07-13,14,0,0,0,0,0,0,1,0,0,0.0,0.956953,0,0.0,0,420,0,0,0.98,0.1453,GREEN,51,Chennai
CLM0000259,CHE_02307,Guindy,2022-03-13,15,0,0,0,1,0,0,1,0,0,0.0,0.998981,0,1.0,0,420,3,3,0.636,0.2187,GREEN,39,Chennai
CLM0000260,CHE_07478,T Nagar,2018-03-30,18,0,1,1,1,1,1,1,0,1,1.0,1.0,1,0.0,0,5,1,15,0.3505,0.1634,GREEN,22,Chennai
CLM0000261,CHE_07882,Adyar,2024-10-13,9,0,0,0,0,0,0,0,0,0,1.0,0.043129,0,1.0,0,227,4,1,0.8889,0.0608,GREEN,43,Chennai
CLM0000262,CHE_08080,Tambaram,2017-08-19,18,0,0,0,0,0,0,0,0,0,0.0,0.18386,0,0.0,0,60,0,0,0.1059,0.0493,GREEN,51,Chennai
CLM0000263,CHE_09849,Sholinganallur,2023-04-03,8,0,0,0,0,0,0,1,0,0,0.0,0.040693,0,0.0,0,72,1,0,0.9715,0.0272,GREEN,35,Chennai
CLM0000264,CHE_07613,Perambur,2018-05-29,13,0,0,0,0,0,0,0,0,0,0.0,0.929098,0,0.0,0,176,3,4,0.8512,0.0114,GREEN,42,Chennai
CLM0000265,CHE_07792,Sholinganallur,2024-04-27,21,0,0,0,0,0,0,0,0,0,1.0,0.334798,0,0.0,0,142,1,3,0.98,0.151,GREEN,20,Chennai
CLM0000266,CHE_08289,Porur,2024-07-10,21,0,0,0,0,0,0,1,0,0,0.0,0.37713,0,0.0,0,65,2,0,0.05,0.195,GREEN,42,Chennai
CLM0000267,CHE_04369,Velachery,2022-10-12,7,0,0,0,0,1,0,0,0,0,0.0,0.213437,0,0.0,0,369,3,6,0.3209,0.1327,GREEN,47,Chennai
CLM0000268,CHE_02742,Adyar,2024-04-23,9,0,0,0,0,0,1,0,1,0,0.0,0.259251,0,0.0,0,5,4,0,0.05,0.1856,GREEN,39,Chennai
CLM0000269,CHE_07884,Anna Nagar,2024-11-04,19,1,0,0,0,0,0,0,0,0,0.0,0.17401,0,0.0,0,248,2,0,0.212,0.0617,GREEN,43,Chennai
CLM0000270,CHE_07424,T Nagar,2020-01-31,12,0,0,0,0,0,0,0,0,0,0.0,0.378036,0,0.0,0,420,3,2,0.2035,0.0,GREEN,42,Chennai
CLM0000271,CHE_03084,Chromepet,2018-11-06,13,0,0,0,0,0,0,0,0,0,0.0,0.335068,0,0.0,0,420,0,0,0.9119,0.0573,GREEN,45,Chennai
CLM0000272,CHE_08679,Porur,2025-03-22,21,0,0,0,1,1,1,1,1,1,1.0,1.0,0,0.0,1,31,2,18,0.3275,0.0268,GREEN,54,Chennai
CLM0000273,CHE_01294,Adyar,2022-11-03,13,0,0,0,0,0,1,0,0,1,0.0,1.0,0,0.0,0,420,1,0,0.7063,0.1476,GREEN,45,Chennai
CLM0000274,CHE_01663,Anna Nagar,2023-01-24,12,0,0,0,0,0,0,0,0,0,0.0,0.0,0,0.0,0,175,1,0,0.9276,0.0574,GREEN,38,Chennai
CLM0000275,CHE_00362,Tambaram,2021-08-24,7,0,0,0,0,0,0,0,0,1,0.0,1.0,0,0.0,0,8,3,5,0.8728,0.0767,GREEN,28,Chennai
CLM0000276,CHE_08475,Tambaram,2021-04-17,13,0,0,0,0,0,0,0,0,0,0.0,0.100906,0,0.0,0,334,2,2,0.98,0.0614,GREEN,52,Chennai
CLM0000277,CHE_01801,Adyar,2023-08-08,21,0,0,0,0,0,0,0,0,1,0.0,0.113741,1,0.0,0,173,3,3,0.8759,0.0633,GREEN,22,Chennai
CLM0000278,CHE_05150,Porur,2021-04-17,15,0,0,0,0,0,0,0,0,0,0.0,0.333796,0,0.0,0,247,0,5,0.953,0.0,GREEN,38,Chennai
CLM0000279,CHE_01262,Velachery,2024-08-27,12,0,0,0,0,0,0,0,0,0,0.0,0.319086,0,0.0,1,95,2,3,0.7913,0.2456,GREEN,41,Chennai
CLM0000280,CHE_04463,Porur,2020-07-16,18,0,0,0,0,1,0,0,0,0,0.0,0.289438,1,0.0,0,58,3,4,0.7944,0.1321,GREEN,45,Chennai
CLM0000281,CHE_01201,Tambaram,2025-04-22,13,0,0,0,0,0,0,0,0,0,0.0,0.340521,0,0.0,0,277,2,0,0.9319,0.0,GREEN,40,Chennai
CLM0000282,CHE_06559,Velachery,2024-09-25,12,0,0,0,0,0,0,0,1,0,0.0,0.37625,0,0.0,0,5,0,5,0.8732,0.1698,GREEN,39,Chennai
CLM0000283,CHE_06472,Anna Nagar,2021-06-07,15,0,0,0,0,0,0,1,0,0,0.0,0.144662,0,0.0,0,67,1,8,0.9137,0.0404,GREEN,67,Chennai
CLM0000284,CHE_00273,Anna Nagar,2024-08-13,10,0,0,0,0,0,0,0,0,0,0.0,0.466,0,0.0,0,420,4,1,0.357,0.0,GREEN,43,Chennai
CLM0000285,CHE_08363,T Nagar,2025-10-14,19,0,0,0,0,0,0,0,0,0,0.0,0.136449,0,0.0,1,125,1,3,0.7174,0.0691,GREEN,28,Chennai
CLM0000286,CHE_01053,Porur,2023-12-27,18,0,0,0,0,1,0,0,0,0,1.0,0.055646,0,0.0,0,5,4,4,0.534,0.2158,GREEN,50,Chennai
CLM0000287,CHE_07865,Chromepet,2023-10-01,21,0,0,0,0,0,0,0,0,1,0.0,0.946405,0,1.0,0,374,4,0,0.9367,0.1499,GREEN,34,Chennai
CLM0000288,CHE_08920,Tambaram,2023-11-05,20,0,0,0,0,0,0,0,0,0,0.0,0.114907,0,0.0,0,246,1,4,0.1121,0.0626,GREEN,38,Chennai
CLM0000289,CHE_06918,Adyar,2024-11-16,8,0,0,0,0,0,0,0,0,0,0.0,0.372199,0,0.0,0,54,2,3,0.05,0.0226,GREEN,36,Chennai
CLM0000290,CHE_01944,Adyar,2020-08-07,20,0,0,0,0,0,0,1,0,0,0.0,0.0,0,0.0,0,144,3,3,0.7396,0.1223,GREEN,41,Chennai
CLM0000291,CHE_03813,Sholinganallur,2025-09-16,11,0,0,0,0,0,1,0,0,0,0.0,0.140021,0,0.0,0,268,2,5,0.8845,0.0596,GREEN,43,Chennai
CLM0000292,CHE_05831,Guindy,2023-06-07,20,0,0,0,0,0,0,0,0,0,0.0,0.0,0,0.0,0,369,4,4,0.962,0.0172,GREEN,41,Chennai
CLM0000293,CHE_01026,Adyar,2025-07-07,8,0,0,0,0,0,0,0,0,0,0.0,0.265637,0,0.0,1,172,0,4,0.6587,0.0093,GREEN,39,Chennai
CLM0000294,CHE_08203,Porur,2023-05-06,15,0,0,0,0,0,0,0,0,0,0.0,0.489463,0,0.0,0,304,4,1,0.8576,0.0,GREEN,18,Chennai
CLM0000295,CHE_08496,Adyar,2024-01-07,11,0,0,0,0,1,0,0,0,0,0.0,0.179927,0,0.0,0,397,2,0,0.7543,0.1362,GREEN,35,Chennai
CLM0000296,CHE_03727,Anna Nagar,2025-12-05,19,0,0,0,0,0,0,0,0,0,0.0,0.0,1,0.0,0,271,3,0,0.7233,0.1848,GREEN,41,Chennai
CLM0000297,CHE_07408,Sholinganallur,2025-09-08,20,0,0,0,1,0,0,0,0,0,0.0,0.149,0,0.0,1,144,4,0,0.5286,0.2793,GREEN,39,Chennai
CLM0000298,CHE_05572,Sholinganallur,2024-05-18,11,0,0,0,0,0,0,0,0,0,0.0,0.033171,0,1.0,0,29,1,0,0.98,0.0,GREEN,36,Chennai
CLM0000299,CHE_00416,Sholinganallur,2024-02-23,14,0,0,0,0,0,0,0,0,0,0.0,0.36583,0,0.0,0,397,2,1,0.6406,0.0341,GREEN,45,Chennai
CLM0000300,CHE_02368,Anna Nagar,2023-06-16,8,0,0,0,0,0,0,0,0,0,1.0,0.194805,0,0.0,0,417,1,4,0.3947,0.0,GREEN,43,Chennai
CLM0000301,CHE_08302,Chromepet,2025-03-18,16,0,0,0,0,0,1,0,0,0,0.0,0.0,0,0.0,0,376,1,0,0.8276,0.1009,GREEN,45,Chennai
CLM0000302,CHE_08392,Porur,2021-12-02,19,0,0,0,0,0,1,0,0,0,0.0,0.157007,0,0.0,1,105,3,0,0.6783,0.1669,GREEN,34,Chennai
CLM0000303,CHE_01545,Chromepet,2024-11-07,7,0,0,0,0,0,0,0,0,0,0.0,0.201085,0,0.0,0,301,1,3,0.1922,0.015,GREEN,39,Chennai
CLM0000304,CHE_09345,Velachery,2024-10-26,18,0,0,0,0,0,0,0,0,0,0.0,0.079026,0,0.0,0,135,4,0,0.6167,0.0,GREEN,51,Chennai
CLM0000305,CHE_08472,Anna Nagar,2023-06-15,17,0,0,0,0,0,0,0,0,0,0.0,0.129511,0,0.0,0,305,0,5,0.6144,0.0327,GREEN,30,Chennai
CLM0000306,CHE_00300,Adyar,2025-10-29,9,0,0,0,0,0,0,0,0,0,0.0,0.192222,0,0.0,0,105,0,0,0.7902,0.0,GREEN,42,Chennai
CLM0000307,CHE_00569,Sholinganallur,2019-10-12,9,0,0,0,0,0,0,0,0,0,0.0,0.189498,0,0.0,0,82,2,3,0.6974,0.0,GREEN,28,Chennai
CLM0000308,CHE_05810,Guindy,2024-10-13,12,0,0,0,0,0,0,0,0,0,0.0,0.011065,0,0.0,0,420,0,4,0.4056,0.017,GREEN,33,Chennai
CLM0000309,CHE_04895,Perambur,2025-07-25,7,0,0,0,0,0,0,0,0,0,1.0,0.111706,0,0.0,0,229,2,0,0.7413,0.0843,GREEN,46,Chennai
CLM0000310,CHE_04502,Porur,2024-10-12,14,0,0,0,0,0,1,0,0,0,0.0,0.34319,0,0.0,0,340,1,3,0.98,0.156,GREEN,31,Chennai
CLM0000311,CHE_05898,Velachery,2024-07-18,19,0,0,0,0,0,0,0,0,0,0.0,0.196607,0,0.0,0,387,4,3,0.7836,0.0275,GREEN,34,Chennai
CLM0000312,CHE_01871,Adyar,2017-11-25,8,0,0,0,0,0,1,0,0,0,0.0,0.281241,0,0.0,0,226,4,1,0.8465,0.1112,GREEN,45,Chennai
CLM0000313,CHE_05646,Adyar,2021-03-21,13,0,1,1,0,1,0,0,0,0,0.0,0.970231,0,0.0,0,11,0,2,0.7413,0.1565,GREEN,37,Chennai
CLM0000314,CHE_09657,Tambaram,2021-10-12,14,0,0,0,1,1,0,0,1,1,1.0,0.887101,0,0.0,0,5,4,18,0.1376,0.0,GREEN,42,Chennai
CLM0000315,CHE_09212,Guindy,2017-12-16,12,0,0,0,0,0,1,0,0,0,0.0,0.234192,0,0.0,0,400,4,3,0.4328,0.219,GREEN,18,Chennai
CLM0000316,CHE_02430,Chromepet,2018-02-23,20,0,0,0,0,0,0,0,1,0,0.0,0.198951,0,0.0,0,400,0,3,0.6073,0.0591,GREEN,39,Chennai
CLM0000317,CHE_03296,T Nagar,2017-04-18,19,0,0,0,0,0,0,0,0,0,0.0,1.0,0,0.0,0,153,3,3,0.7172,0.0,GREEN,22,Chennai
CLM0000318,CHE_00686,Tambaram,2021-07-25,7,0,0,0,0,0,0,0,1,0,0.0,0.158298,0,0.0,0,55,3,2,0.9565,0.042,GREEN,38,Chennai
CLM0000319,CHE_02680,Guindy,2024-01-04,16,0,0,0,0,0,0,0,0,0,0.0,0.276578,0,0.0,0,37,0,0,0.5412,0.0,GREEN,62,Chennai
CLM0000320,CHE_03981,Perambur,2022-01-16,14,0,0,0,0,0,0,0,0,0,0.0,0.248653,0,0.0,0,78,1,2,0.622,0.0274,GREEN,43,Chennai
CLM0000321,CHE_03608,Sholinganallur,2023-08-16,21,0,0,0,0,0,1,0,0,0,0.0,0.297959,0,0.0,0,420,0,2,0.902,0.0677,GREEN,30,Chennai
CLM0000322,CHE_01511,Guindy,2023-05-03,18,0,0,0,0,0,0,0,0,0,0.0,1.0,0,0.0,1,269,3,3,0.6818,0.1047,GREEN,35,Chennai
CLM0000323,CHE_09361,T Nagar,2022-03-10,17,0,0,0,0,0,0,0,0,0,0.0,0.237484,0,0.0,0,241,2,4,0.9183,0.0017,GREEN,26,Chennai
CLM0000324,CHE_03676,Perambur,2025-06-24,11,0,0,0,1,1,1,1,1,1,1.0,0.992042,1,1.0,0,5,0,18,0.2871,0.0,GREEN,44,Chennai
CLM0000325,CHE_08481,Sholinganallur,2022-04-12,17,0,0,0,0,0,1,0,0,0,0.0,0.126175,0,0.0,0,360,1,6,0.8435,0.0952,GREEN,45,Chennai
CLM0000326,CHE_08707,Porur,2025-04-12,12,0,0,0,1,1,0,0,0,0,0.0,0.271402,1,0.0,0,199,3,3,0.7581,0.3586,YELLOW,31,Chennai
CLM0000327,CHE_03491,Anna Nagar,2025-02-04,20,0,0,0,0,0,1,0,0,0,0.0,0.021778,0,0.0,0,175,4,0,0.3826,0.0852,GREEN,29,Chennai
CLM0000328,CHE_06240,Chromepet,2024-05-26,15,0,0,0,0,0,0,0,0,0,0.0,0.582574,0,0.0,0,32,2,1,0.94,0.0194,GREEN,57,Chennai
CLM0000329,CHE_03618,Perambur,2025-05-02,17,0,0,0,0,0,0,0,0,0,0.0,0.0,0,0.0,0,363,1,0,0.6065,0.0,GREEN,50,Chennai
CLM0000330,CHE_06675,Porur,2021-09-12,10,0,0,0,0,0,0,0,0,0,0.0,0.219211,0,0.0,0,108,4,3,0.9035,0.1484,GREEN,30,Chennai
CLM0000331,CHE_01750,T Nagar,2023-05-16,18,0,0,0,0,0,0,0,0,0,0.0,0.0,1,0.0,0,420,3,3,0.7636,0.1276,GREEN,38,Chennai
CLM0000332,CHE_05767,Guindy,2023-08-18,10,0,0,0,0,0,0,0,0,0,0.0,0.306916,0,0.0,0,233,4,1,0.9504,0.0928,GREEN,36,Chennai
CLM0000333,CHE_09150,Tambaram,2025-03-15,14,0,0,0,0,0,0,0,0,1,0.0,0.02785,0,0.0,0,318,1,6,0.4739,0.0803,GREEN,30,Chennai
CLM0000334,CHE_07647,Porur,2025-06-03,11,0,0,0,0,0,0,1,0,0,0.0,0.179645,0,0.0,0,125,4,2,0.5635,0.0,GREEN,42,Chennai
CLM0000335,CHE_02980,Perambur,2021-04-21,12,0,0,0,1,0,0,0,0,0,0.0,0.314309,0,0.0,0,420,0,2,0.7234,0.1728,GREEN,55,Chennai
CLM0000336,CHE_00548,Porur,2021-04-17,19,0,1,1,0,0,0,0,0,0,0.0,0.230086,0,0.0,1,103,3,3,0.639,0.0112,GREEN,35,Chennai
CLM0000337,CHE_09732,Anna Nagar,2023-07-22,13,0,0,0,0,0,0,0,0,0,0.0,0.179218,0,0.0,0,276,3,0,0.5225,0.0,GREEN,35,Chennai
CLM0000338,CHE_07488,Porur,2025-12-27,15,0,0,0,0,0,0,0,1,0,0.0,0.331145,0,0.0,0,383,3,2,0.5575,0.1051,GREEN,29,Chennai
CLM0000339,CHE_05036,Chromepet,2024-01-14,14,0,0,0,0,0,0,0,0,1,0.0,0.257926,0,0.0,1,168,0,2,0.98,0.1611,GREEN,54,Chennai
CLM0000340,CHE_04900,Porur,2022-05-29,19,0,0,0,0,0,0,0,0,0,0.0,0.049144,0,0.0,0,299,1,4,0.0987,0.0,GREEN,49,Chennai
CLM0000341,CHE_08114,Chromepet,2021-02-22,20,0,0,0,0,0,0,0,0,0,0.0,0.181882,0,0.0,0,383,1,0,0.875,0.0,GREEN,62,Chennai
CLM0000342,CHE_08563,Velachery,2021-11-20,21,0,0,0,0,0,0,0,1,0,0.0,0.253333,0,0.0,0,344,3,0,0.9265,0.0587,GREEN,54,Chennai
CLM0000343,CHE_04364,Velachery,2023-07-02,11,0,0,0,0,0,0,0,1,0,1.0,0.15819,0,0.0,0,299,2,0,0.6611,0.1529,GREEN,35,Chennai
CLM0000344,CHE_07838,Sholinganallur,2020-02-25,15,0,0,0,0,0,1,1,0,0,0.0,0.315217,0,0.0,0,294,1,0,0.8635,0.0862,GREEN,40,Chennai
CLM0000345,CHE_03182,Anna Nagar,2022-07-04,15,0,0,0,0,0,0,0,0,0,0.0,0.212538,0,0.0,0,420,4,5,0.6843,0.053,GREEN,41,Chennai
CLM0000346,CHE_09646,Sholinganallur,2024-12-27,11,0,0,0,0,0,0,0,0,0,0.0,0.045212,0,0.0,0,420,1,4,0.5983,0.0991,GREEN,24,Chennai
CLM0000347,CHE_00009,Chromepet,2018-01-16,19,0,0,0,0,1,0,0,0,0,0.0,0.240741,0,0.0,0,77,2,4,0.98,0.1635,GREEN,51,Chennai
CLM0000348,CHE_08380,Perambur,2023-05-20,21,0,0,0,0,0,0,0,0,0,0.0,0.179613,0,0.0,0,297,4,3,0.98,0.0197,GREEN,38,Chennai
CLM0000349,CHE_03919,Adyar,2022-02-13,11,0,1,1,0,0,0,1,0,0,0.0,0.076602,0,0.0,0,420,3,1,0.4574,0.1384,GREEN,26,Chennai
CLM0000350,CHE_02735,Perambur,2024-07-23,21,0,0,0,0,0,0,0,0,0,0.0,0.035436,0,0.0,0,196,1,0,0.4886,0.0253,GREEN,42,Chennai
CLM0000351,CHE_06263,Chromepet,2021-06-29,10,0,0,0,0,0,1,0,0,0,0.0,0.158155,0,0.0,0,23,2,2,0.98,0.0949,GREEN,40,Chennai
CLM0000352,CHE_06369,Adyar,2019-10-25,9,0,0,0,0,0,0,0,0,0,1.0,0.308537,1,0.0,0,35,4,5,0.568,0.1234,GREEN,48,Chennai
CLM0000353,CHE_04679,Sholinganallur,2016-11-28,18,0,0,0,0,0,0,1,0,0,0.0,0.172532,0,0.0,0,420,1,2,0.81,0.0885,GREEN,18,Chennai
CLM0000354,CHE_09845,T Nagar,2018-04-11,12,0,0,0,0,1,0,0,0,0,0.0,0.176608,0,0.0,0,358,1,0,0.5373,0.1716,GREEN,25,Chennai
CLM0000355,CHE_05355,T Nagar,2023-02-16,9,0,0,0,0,0,0,0,0,0,0.0,0.168304,0,0.0,0,234,3,3,0.4563,0.0107,GREEN,42,Chennai
CLM0000356,CHE_03969,Porur,2024-04-28,20,0,0,0,0,0,1,0,0,0,0.0,0.041981,0,0.0,0,369,1,3,0.1229,0.0719,GREEN,28,Chennai
CLM0000357,CHE_05869,Velachery,2020-09-26,14,0,0,0,0,0,0,1,0,0,0.0,0.425096,0,0.0,0,246,1,5,0.3711,0.0175,GREEN,41,Chennai
CLM0000358,CHE_02089,Guindy,2020-09-02,20,0,0,0,0,1,0,0,0,0,0.0,0.172488,0,0.0,0,51,0,2,0.8786,0.1385,GREEN,29,Chennai
CLM0000359,CHE_04224,Porur,2022-01-07,15,0,0,0,0,0,0,1,0,0,0.0,0.19708,0,0.0,0,178,0,3,0.98,0.0909,GREEN,27,Chennai
CLM0000360,CHE_09939,Sholinganallur,2023-04-02,11,0,0,0,0,0,0,0,0,0,1.0,0.302391,0,0.0,0,354,2,2,0.6121,0.057,GREEN,45,Chennai
CLM0000361,CHE_04244,Adyar,2022-04-13,14,0,0,0,0,0,0,0,0,0,0.0,0.159621,0,0.0,0,276,2,1,0.2468,0.0891,GREEN,37,Chennai
CLM0000362,CHE_04011,Guindy,2019-11-09,7,0,0,0,0,0,0,0,0,0,0.0,0.291066,0,0.0,0,338,0,3,0.671,0.028,GREEN,39,Chennai
CLM0000363,CHE_00092,Tambaram,2022-01-08,12,0,0,0,0,0,0,0,1,0,0.0,0.474498,0,1.0,0,313,4,3,0.7,0.1582,GREEN,31,Chennai
CLM0000364,CHE_06314,Adyar,2022-03-26,13,0,0,0,0,0,0,0,0,0,0.0,0.324804,0,0.0,0,290,3,4,0.6964,0.0,GREEN,24,Chennai
CLM0000365,CHE_04957,Anna Nagar,2022-04-08,9,0,0,0,0,0,0,0,1,0,0.0,0.299407,0,0.0,0,301,1,1,0.98,0.1089,GREEN,20,Chennai
CLM0000366,CHE_00593,Chromepet,2023-11-18,20,0,0,0,0,0,0,0,1,0,0.0,0.925357,0,0.0,0,307,4,2,0.6944,0.1422,GREEN,37,Chennai
CLM0000367,CHE_08070,Anna Nagar,2025-04-05,8,0,0,0,0,0,0,0,0,0,1.0,0.476307,0,0.0,0,156,2,0,0.8776,0.0401,GREEN,46,Chennai
CLM0000368,CHE_02088,Sholinganallur,2025-01-30,10,0,0,0,0,0,0,0,0,0,0.0,0.113551,0,0.0,1,5,1,1,0.1834,0.0847,GREEN,32,Chennai
CLM0000369,CHE_02192,Perambur,2025-03-27,15,0,0,0,0,1,1,0,0,0,0.0,0.321821,1,1.0,0,274,0,0,0.7247,0.2626,GREEN,58,Chennai
CLM0000370,CHE_00128,T Nagar,2025-07-22,13,0,0,0,0,0,1,0,1,0,0.0,0.045673,0,0.0,0,108,1,0,0.8609,0.1989,GREEN,46,Chennai
CLM0000371,CHE_09848,Tambaram,2025-01-31,13,0,0,0,0,0,0,0,0,0,0.0,0.31543,0,0.0,0,159,0,0,0.7669,0.0,GREEN,58,Chennai
CLM0000372,CHE_06678,Chromepet,2023-10-09,12,0,0,0,0,0,0,0,0,0,0.0,0.431356,0,0.0,0,81,2,2,0.9125,0.0,GREEN,35,Chennai
CLM0000373,CHE_07370,Anna Nagar,2024-06-29,7,0,0,0,0,0,0,0,0,0,1.0,0.333411,0,0.0,0,420,4,2,0.9681,0.0733,GREEN,43,Chennai
CLM0000374,CHE_01975,Porur,2024-06-20,10,0,0,0,0,0,0,0,0,0,0.0,0.0,0,0.0,0,244,4,0,0.98,0.154,GREEN,34,Chennai
CLM0000375,CHE_05827,Anna Nagar,2025-05-20,10,0,0,0,0,0,0,1,0,0,0.0,0.267451,0,0.0,0,216,0,6,0.8861,0.0267,GREEN,38,Chennai
CLM0000376,CHE_02423,Anna Nagar,2023-12-21,12,0,0,0,0,0,0,0,1,0,0.0,0.310709,0,0.0,0,420,1,3,0.7633,0.117,GREEN,42,Chennai
CLM0000377,CHE_01046,Anna Nagar,2023-10-02,7,0,0,0,0,0,1,0,0,0,0.0,0.249035,0,0.0,0,371,3,1,0.6875,0.1653,GREEN,43,Chennai
CLM0000378,CHE_08850,Porur,2016-10-28,9,0,0,0,0,1,0,0,0,0,0.0,0.382375,0,0.0,0,189,1,4,0.8933,0.1412,GREEN,46,Chennai
CLM0000379,CHE_00302,Tambaram,2025-09-20,8,0,0,0,0,0,0,0,0,0,0.0,0.262991,0,0.0,0,402,2,2,0.5932,0.0015,GREEN,49,Chennai
CLM0000380,CHE_09613,Adyar,2022-03-12,21,0,0,0,1,0,0,1,1,0,1.0,1.0,1,0.0,1,8,4,18,0.05,0.0,GREEN,29,Chennai
CLM0000381,CHE_09939,Sholinganallur,2022-08-06,18,0,0,0,0,0,0,0,0,0,0.0,0.11445,0,0.0,0,384,3,4,0.7746,0.0273,GREEN,45,Chennai
CLM0000382,CHE_04244,Adyar,2021-11-26,15,0,0,0,0,0,0,0,0,0,0.0,0.112893,0,0.0,0,219,3,0,0.5658,0.0,GREEN,37,Chennai
CLM0000383,CHE_09966,Guindy,2024-01-01,14,0,0,0,0,0,0,0,0,1,1.0,0.357342,0,0.0,0,48,4,4,0.6931,0.1892,GREEN,28,Chennai
CLM0000384,CHE_05183,Sholinganallur,2016-03-27,14,0,0,0,0,0,1,0,0,0,0.0,0.312475,0,0.0,0,420,3,0,0.4959,0.0677,GREEN,33,Chennai
CLM0000385,CHE_09861,Porur,2021-04-03,8,0,0,0,0,0,0,0,0,0,0.0,0.035817,0,0.0,0,53,0,5,0.7202,0.0,GREEN,47,Chennai
CLM0000386,CHE_05109,Guindy,2022-04-30,17,0,0,0,0,0,0,0,0,0,0.0,0.158313,0,0.0,0,126,2,3,0.8398,0.0521,GREEN,29,Chennai
CLM0000387,CHE_03305,Anna Nagar,2016-07-13,10,0,0,0,0,0,0,0,0,0,0.0,0.190034,0,0.0,0,87,1,1,0.878,0.0,GREEN,41,Chennai
CLM0000388,CHE_09188,Chromepet,2024-04-23,21,0,0,0,0,0,0,0,0,0,0.0,0.266421,0,0.0,0,108,1,0,0.5962,0.0312,GREEN,25,Chennai
CLM0000389,CHE_09298,Guindy,2022-02-28,16,0,0,0,0,0,0,0,0,0,0.0,0.328954,0,0.0,0,58,4,3,0.9451,0.084,GREEN,30,Chennai
CLM0000390,CHE_06176,Perambur,2018-06-14,8,0,0,0,0,0,0,0,0,0,0.0,0.250643,0,0.0,0,418,2,1,0.8739,0.0,GREEN,45,Chennai
CLM0000391,CHE_07799,Porur,2021-01-16,14,0,1,1,1,1,1,1,1,1,0.0,0.09912,1,0.0,0,20,0,18,0.8963,0.1015,GREEN,33,Chennai
CLM0000392,CHE_02254,Porur,2023-11-26,21,0,0,0,0,0,0,0,0,0,0.0,0.114351,0,0.0,0,343,1,1,0.8838,0.0289,GREEN,30,Chennai
CLM0000393,CHE_05154,Sholinganallur,2017-12-20,13,0,0,0,0,0,0,0,0,0,0.0,0.461227,0,0.0,0,102,0,3,0.8319,0.0,GREEN,20,Chennai
CLM0000394,CHE_08850,Porur,2023-12-25,14,0,0,0,0,0,0,0,0,0,0.0,0.200973,0,0.0,0,216,3,2,0.7334,0.0403,GREEN,46,Chennai
CLM0000395,CHE_04466,Adyar,2022-11-14,16,0,0,0,0,0,0,0,0,0,0.0,0.0,0,0.0,0,113,1,5,0.8657,0.0,GREEN,53,Chennai
CLM0000396,CHE_05609,Sholinganallur,2024-06-21,17,0,0,0,0,0,0,0,0,0,0.0,0.13139,0,0.0,0,372,3,4,0.9405,0.0355,GREEN,52,Chennai
CLM0000397,CHE_06063,Guindy,2025-03-06,12,0,0,0,0,0,0,0,0,0,0.0,0.316512,0,0.0,0,337,0,0,0.98,0.0502,GREEN,18,Chennai
CLM0000398,CHE_01115,Anna Nagar,2023-04-10,10,0,0,0,1,0,0,1,1,0,1.0,0.996042,1,0.0,1,5,4,18,0.0533,0.1332,GREEN,53,Chennai
CLM0000399,CHE_08970,Tambaram,2022-11-30,21,0,0,0,0,0,0,0,0,0,0.0,0.912615,0,0.0,0,420,1,2,0.856,0.0081,GREEN,43,Chennai
CLM0000400,CHE_01450,Anna Nagar,2017-11-27,16,0,0,0,0,0,0,0,0,0,0.0,0.100844,0,0.0,0,386,1,1,0.8402,0.0,GREEN,54,Chennai
CLM0000401,CHE_08392,Porur,2017-04-16,21,0,0,0,0,0,0,0,0,0,0.0,0.367201,0,0.0,0,420,2,4,0.8953,0.0,GREEN,34,Chennai
CLM0000402,CHE_05185,T Nagar,2017-07-17,17,0,0,0,0,0,0,1,0,1,0.0,0.173224,0,0.0,0,202,2,0,0.7948,0.1574,GREEN,19,Chennai
CLM0000403,CHE_00375,Tambaram,2025-03-21,19,0,0,0,0,0,0,0,0,0,0.0,0.183303,0,0.0,0,156,1,6,0.5615,0.106,GREEN,40,Chennai
CLM0000404,CHE_08961,Perambur,2025-11-14,8,0,0,0,0,0,0,0,0,0,0.0,0.039271,0,0.0,0,142,3,2,0.7647,0.0394,GREEN,44,Chennai
CLM0000405,CHE_08856,Anna Nagar,2020-12-03,12,0,0,0,0,0,0,0,1,0,0.0,0.158078,0,0.0,0,39,3,5,0.05,0.0659,GREEN,45,Chennai
CLM0000406,CHE_00914,Velachery,2024-07-20,18,0,0,0,0,0,0,0,1,0,0.0,0.356639,0,0.0,0,274,1,4,0.05,0.141,GREEN,43,Chennai
CLM0000407,CHE_01724,T Nagar,2023-06-04,10,0,0,0,0,0,0,0,0,0,0.0,0.17826,0,0.0,0,171,4,1,0.8371,0.0046,GREEN,38,Chennai
CLM0000408,CHE_05414,Tambaram,2021-09-15,7,0,0,0,0,0,0,0,1,0,0.0,0.240433,0,0.0,0,355,4,2,0.8483,0.2088,GREEN,25,Chennai
CLM0000409,CHE_05360,Guindy,2025-04-07,18,0,0,0,0,0,0,0,0,0,0.0,0.401294,0,0.0,0,292,2,0,0.9557,0.0121,GREEN,22,Chennai
CLM0000410,CHE_09584,Adyar,2025-04-17,14,0,0,0,0,0,0,0,0,0,1.0,0.021269,0,0.0,0,420,3,2,0.05,0.0,GREEN,37,Chennai
CLM0000411,CHE_09262,Chromepet,2021-02-06,18,0,0,0,0,0,0,0,0,0,0.0,0.339078,0,0.0,0,172,2,2,0.5968,0.1213,GREEN,44,Chennai
CLM0000412,CHE_03999,T Nagar,2024-09-03,9,0,0,0,0,0,0,0,0,0,0.0,0.0,0,0.0,0,420,0,2,0.98,0.0,GREEN,30,Chennai
CLM0000413,CHE_08929,Sholinganallur,2019-08-02,14,0,0,0,1,0,1,0,0,1,0.0,0.189813,0,0.0,1,110,4,1,0.5788,0.4633,YELLOW,46,Chennai
CLM0000414,CHE_06926,Adyar,2024-01-25,10,0,0,0,0,0,0,0,0,0,0.0,0.199664,0,0.0,0,174,2,2,0.98,0.0679,GREEN,30,Chennai
CLM0000415,CHE_00673,Sholinganallur,2020-11-18,14,0,1,1,0,0,1,0,0,0,0.0,0.315543,0,0.0,0,36,0,6,0.8528,0.1179,GREEN,42,Chennai
CLM0000416,CHE_00612,Perambur,2019-08-26,14,0,0,0,0,0,0,0,0,0,0.0,0.34814,0,0.0,0,286,0,3,0.7297,0.0485,GREEN,34,Chennai
CLM0000417,CHE_09234,Anna Nagar,2021-12-15,15,0,0,0,0,0,0,0,0,0,1.0,0.322137,0,0.0,0,310,4,6,0.8532,0.0324,GREEN,40,Chennai
CLM0000418,CHE_03918,Tambaram,2020-06-21,7,0,0,0,0,0,0,0,0,0,0.0,0.31031,0,1.0,0,420,1,6,0.9392,0.0107,GREEN,40,Chennai
CLM0000419,CHE_00146,Tambaram,2025-03-06,8,0,0,0,0,0,0,0,0,0,0.0,0.227694,0,0.0,0,123,4,4,0.6316,0.0171,GREEN,38,Chennai
CLM0000420,CHE_08610,Adyar,2023-01-30,10,0,0,0,0,0,0,0,0,0,0.0,0.089969,0,0.0,0,69,3,5,0.1696,0.0314,GREEN,28,Chennai
CLM0000421,CHE_06245,Tambaram,2025-11-29,10,0,0,0,0,0,0,0,1,0,0.0,0.126898,0,0.0,0,194,3,4,0.1699,0.0833,GREEN,45,Chennai
CLM0000422,CHE_06581,Perambur,2022-10-24,21,0,0,0,0,0,0,0,0,0,0.0,0.265944,0,0.0,0,154,3,2,0.7554,0.0,GREEN,51,Chennai
CLM0000423,CHE_00214,Perambur,2021-07-25,20,0,0,0,0,0,0,0,0,0,0.0,1.0,0,0.0,0,420,2,0,0.05,0.0,GREEN,24,Chennai
CLM0000424,CHE_06824,Anna Nagar,2023-10-18,17,0,0,0,0,0,0,0,0,0,0.0,0.308893,0,0.0,0,216,0,0,0.5844,0.0055,GREEN,33,Chennai
CLM0000425,CHE_02192,Perambur,2025-05-24,8,0,0,0,0,0,0,0,0,0,0.0,0.194379,0,0.0,0,182,1,6,0.8942,0.0,GREEN,58,Chennai
CLM0000426,CHE_03832,Chromepet,2022-09-14,12,0,0,0,0,0,0,0,0,0,1.0,0.083141,0,0.0,0,152,0,5,0.7238,0.0,GREEN,43,Chennai
CLM0000427,CHE_05342,Sholinganallur,2023-01-06,21,0,0,0,0,0,1,0,1,0,0.0,0.128615,0,0.0,0,26,4,4,0.9092,0.167,GREEN,26,Chennai
CLM0000428,CHE_07225,Porur,2022-06-13,10,0,0,0,0,0,0,0,1,0,0.0,0.339303,0,0.0,0,107,0,0,0.0922,0.2239,GREEN,28,Chennai
CLM0000429,CHE_06901,Adyar,2023-11-23,17,0,0,0,0,0,0,0,1,0,0.0,0.0,0,0.0,0,237,3,3,0.6975,0.0149,GREEN,34,Chennai
CLM0000430,CHE_06273,Porur,2023-04-15,9,0,0,0,0,0,0,0,0,0,0.0,0.404851,0,0.0,1,325,0,1,0.7928,0.1011,GREEN,46,Chennai
CLM0000431,CHE_06593,Guindy,2021-09-15,20,0,0,0,0,1,1,1,1,0,0.0,0.106423,1,0.0,0,17,4,18,0.98,0.0,GREEN,38,Chennai
CLM0000432,CHE_05828,Sholinganallur,2021-08-01,8,0,0,0,0,0,1,0,0,1,0.0,0.174732,0,0.0,0,308,2,5,0.7194,0.1142,GREEN,45,Chennai
CLM0000433,CHE_05725,Chromepet,2021-12-03,9,0,0,0,0,0,0,0,1,0,0.0,0.347671,0,0.0,1,415,0,2,0.98,0.116,GREEN,44,Chennai
CLM0000434,CHE_09410,Anna Nagar,2020-06-29,8,0,0,0,0,0,0,0,0,1,0.0,0.323318,0,0.0,1,87,0,0,0.364,0.2754,GREEN,30,Chennai
CLM0000435,CHE_00259,Anna Nagar,2023-04-13,11,0,1,1,0,0,0,1,0,0,0.0,0.25862,1,0.0,0,369,0,2,0.8726,0.1522,GREEN,52,Chennai
CLM0000436,CHE_05982,T Nagar,2021-06-09,11,0,0,0,0,0,0,0,0,0,0.0,0.100498,1,0.0,0,242,3,2,0.6284,0.0644,GREEN,46,Chennai
CLM0000437,CHE_09997,Velachery,2023-08-13,15,0,0,0,0,0,0,0,0,1,0.0,0.260971,0,0.0,0,170,1,0,0.8265,0.0748,GREEN,49,Chennai
CLM0000438,CHE_07678,T Nagar,2022-10-22,8,0,0,0,0,0,0,0,0,0,0.0,0.200011,0,0.0,0,87,3,1,0.8177,0.0217,GREEN,18,Chennai
CLM0000439,CHE_00696,Chromepet,2022-09-03,20,0,0,0,0,0,0,0,1,0,0.0,0.41169,0,0.0,0,115,1,0,0.6019,0.1035,GREEN,32,Chennai
CLM0000440,CHE_03353,Anna Nagar,2024-02-14,21,0,0,0,0,0,0,0,0,0,0.0,0.037471,0,0.0,0,179,1,1,0.7497,0.0,GREEN,29,Chennai
CLM0000441,CHE_06245,Tambaram,2023-02-08,8,0,0,0,0,0,0,0,0,0,0.0,0.121889,0,0.0,0,268,4,0,0.2675,0.0,GREEN,45,Chennai
CLM0000442,CHE_02327,Guindy,2024-07-19,14,0,0,0,0,0,0,0,0,0,0.0,0.257686,0,0.0,0,41,0,6,0.8595,0.0,GREEN,39,Chennai
CLM0000443,CHE_05138,Sholinganallur,2023-09-26,10,0,0,0,0,0,0,0,0,0,0.0,0.333239,0,0.0,0,156,3,5,0.9517,0.0,GREEN,50,Chennai
CLM0000444,CHE_03375,Sholinganallur,2023-01-03,20,0,0,0,0,0,0,0,0,0,0.0,0.530697,0,0.0,0,326,2,0,0.9498,0.0,GREEN,35,Chennai
CLM0000445,CHE_05789,Porur,2025-04-19,18,0,0,0,0,0,1,1,1,1,0.0,0.02381,0,0.0,1,16,2,17,0.98,0.1687,GREEN,20,Chennai
CLM0000446,CHE_00155,Perambur,2025-10-27,8,0,0,0,1,0,0,0,1,0,0.0,0.087722,0,0.0,0,84,1,5,0.9451,0.2588,GREEN,54,Chennai
CLM0000447,CHE_02222,Anna Nagar,2023-01-21,11,0,0,0,0,0,1,0,0,0,0.0,0.222815,0,0.0,0,399,1,5,0.9611,0.0507,GREEN,48,Chennai
CLM0000448,CHE_06752,Perambur,2025-03-30,12,0,0,0,1,1,1,0,0,1,1.0,0.984846,1,0.0,1,15,3,18,0.2185,0.1275,GREEN,31,Chennai
CLM0000449,CHE_02402,Porur,2024-01-20,18,0,0,0,0,0,0,0,1,0,1.0,0.279923,0,0.0,0,400,4,3,0.7826,0.2651,GREEN,30,Chennai
CLM0000450,CHE_09743,Porur,2021-05-09,19,0,0,0,0,0,0,0,0,0,0.0,0.223698,0,0.0,0,298,3,3,0.9361,0.0,GREEN,57,Chennai
CLM0000451,CHE_08160,Perambur,2025-10-17,21,0,0,0,0,0,0,0,0,0,0.0,0.993057,0,0.0,0,150,1,3,0.7831,0.0,GREEN,40,Chennai
CLM0000452,CHE_00812,Tambaram,2025-12-23,15,0,0,0,0,0,0,0,0,0,0.0,0.430542,1,0.0,0,373,1,4,0.4421,0.1481,GREEN,31,Chennai
CLM0000453,CHE_05072,Porur,2020-07-02,19,0,0,0,0,0,1,0,0,0,0.0,0.111569,0,0.0,0,420,0,1,0.6801,0.1917,GREEN,39,Chennai
CLM0000454,CHE_09901,Porur,2020-07-28,16,0,0,0,0,0,0,1,0,0,1.0,0.104067,0,0.0,0,186,0,0,0.6578,0.0144,GREEN,20,Chennai
CLM0000455,CHE_00806,T Nagar,2023-08-25,12,0,0,0,0,0,0,0,0,0,1.0,0.940745,0,0.0,0,420,2,0,0.7131,0.0,GREEN,47,Chennai
CLM0000456,CHE_01139,T Nagar,2023-11-23,18,0,0,0,0,0,0,0,0,0,0.0,0.256555,0,0.0,0,420,2,2,0.8261,0.0,GREEN,55,Chennai
CLM0000457,CHE_05866,Porur,2025-07-03,21,0,0,0,0,0,0,0,0,0,0.0,0.036377,0,0.0,0,177,4,2,0.8261,0.0,GREEN,32,Chennai
CLM0000458,CHE_02462,Chromepet,2020-07-05,8,0,0,0,0,0,0,0,0,0,0.0,0.293627,0,0.0,0,342,4,1,0.0557,0.0,GREEN,26,Chennai
CLM0000459,CHE_03199,Velachery,2019-12-20,12,0,0,0,0,0,0,1,0,0,1.0,0.315096,0,0.0,0,300,2,0,0.8117,0.1688,GREEN,27,Chennai
CLM0000460,CHE_08032,Porur,2020-08-01,15,0,0,0,1,0,0,0,0,0,0.0,0.406993,0,0.0,0,107,3,3,0.8307,0.1136,GREEN,42,Chennai
CLM0000461,CHE_04464,Sholinganallur,2023-11-17,20,0,0,0,0,0,0,0,0,0,0.0,0.348847,1,0.0,0,287,1,4,0.4965,0.0375,GREEN,43,Chennai
CLM0000462,CHE_06024,Tambaram,2024-08-11,19,0,0,0,0,0,0,1,0,0,0.0,0.0,0,0.0,0,154,2,1,0.1771,0.1012,GREEN,46,Chennai
CLM0000463,CHE_08066,Sholinganallur,2016-12-08,7,0,0,0,0,0,0,0,0,0,0.0,0.201711,0,0.0,0,133,2,5,0.98,0.1092,GREEN,39,Chennai
CLM0000464,CHE_08022,Chromepet,2024-05-04,20,0,0,0,0,0,0,0,1,0,0.0,0.059448,0,0.0,0,133,4,0,0.7671,0.0739,GREEN,55,Chennai
CLM0000465,CHE_04850,Velachery,2025-02-08,13,0,0,0,0,0,0,1,0,0,0.0,0.029809,1,0.0,0,13,2,18,0.8105,0.032,GREEN,35,Chennai
CLM0000466,CHE_08949,Velachery,2025-09-09,18,0,0,0,0,0,0,0,0,0,0.0,0.102952,0,0.0,0,110,0,3,0.1831,0.0448,GREEN,41,Chennai
CLM0000467,CHE_07725,Tambaram,2017-03-24,14,0,0,0,0,0,0,0,0,0,0.0,0.258408,1,0.0,0,5,0,0,0.8304,0.0623,GREEN,24,Chennai
CLM0000468,CHE_05375,T Nagar,2022-02-16,9,0,0,0,0,0,0,0,0,0,0.0,0.218314,0,0.0,0,109,1,0,0.2885,0.0064,GREEN,37,Chennai
CLM0000469,CHE_08015,T Nagar,2023-01-27,12,0,0,0,0,0,0,0,1,0,0.0,0.270132,0,0.0,0,420,2,1,0.5753,0.2734,GREEN,18,Chennai
CLM0000470,CHE_02360,Chromepet,2018-06-24,10,0,0,0,0,0,0,0,0,1,0.0,0.268738,0,0.0,0,79,1,3,0.9217,0.1217,GREEN,26,Chennai
CLM0000471,CHE_03527,Anna Nagar,2021-01-01,15,0,0,0,0,0,0,0,0,1,0.0,0.169771,0,0.0,0,271,4,3,0.9149,0.2267,GREEN,39,Chennai
CLM0000472,CHE_03823,Porur,2016-01-27,10,0,0,0,0,0,0,0,0,0,0.0,0.202441,0,0.0,0,345,4,3,0.98,0.0,GREEN,18,Chennai
CLM0000473,CHE_00373,Perambur,2022-06-09,19,0,0,0,0,1,0,0,0,0,0.0,1.0,0,0.0,0,127,0,1,0.6708,0.1803,GREEN,34,Chennai
CLM0000474,CHE_00551,Tambaram,2024-08-19,14,0,0,0,0,0,1,0,0,1,1.0,0.046215,0,0.0,0,314,1,5,0.1743,0.2714,GREEN,31,Chennai
CLM0000475,CHE_09308,Anna Nagar,2020-05-13,17,0,0,0,0,0,1,0,0,0,1.0,0.304805,0,0.0,0,164,1,2,0.98,0.1782,GREEN,36,Chennai
CLM0000476,CHE_08729,Velachery,2023-04-07,18,0,0,0,0,0,0,0,0,0,0.0,0.223403,0,0.0,0,93,4,5,0.05,0.0,GREEN,39,Chennai
CLM0000477,CHE_04389,Guindy,2021-10-29,13,0,0,0,0,0,0,0,0,0,0.0,0.38636,1,0.0,0,307,0,4,0.98,0.0807,GREEN,32,Chennai
CLM0000478,CHE_00838,Anna Nagar,2019-11-24,19,0,0,0,0,0,0,0,0,0,0.0,0.084352,1,0.0,1,163,1,3,0.9183,0.2199,GREEN,51,Chennai
CLM0000479,CHE_03937,Porur,2019-11-14,7,0,0,0,0,0,1,0,1,0,0.0,0.3052,0,0.0,0,388,2,2,0.5952,0.144,GREEN,52,Chennai
CLM0000480,CHE_04996,Chromepet,2024-06-28,16,0,1,1,0,0,0,0,0,0,0.0,0.091878,0,0.0,0,420,0,2,0.8468,0.0,GREEN,42,Chennai
CLM0000481,CHE_05331,Porur,2022-12-06,10,0,0,0,0,0,0,1,0,0,0.0,0.297447,0,0.0,0,59,1,0,0.5566,0.0723,GREEN,29,Chennai
CLM0000482,CHE_06988,Sholinganallur,2021-09-30,9,0,0,0,0,0,0,0,0,0,0.0,0.128082,0,0.0,0,233,0,0,0.6206,0.0,GREEN,24,Chennai
CLM0000483,CHE_00315,Chromepet,2025-02-23,12,0,0,0,0,0,0,0,0,0,0.0,0.183417,0,1.0,0,82,1,2,0.5384,0.1709,GREEN,48,Chennai
CLM0000484,CHE_06318,Velachery,2020-03-10,15,0,0,0,0,0,0,0,1,0,0.0,0.077249,0,0.0,0,136,4,3,0.644,0.0368,GREEN,50,Chennai
CLM0000485,CHE_07869,Sholinganallur,2021-05-17,16,0,0,0,0,0,0,0,0,0,0.0,0.212847,0,0.0,0,420,0,4,0.9059,0.0045,GREEN,37,Chennai
CLM0000486,CHE_09625,Tambaram,2019-03-28,14,0,0,0,0,0,0,0,0,0,0.0,0.123616,0,0.0,0,327,4,3,0.9013,0.0666,GREEN,49,Chennai
CLM0000487,CHE_07078,Anna Nagar,2019-03-08,15,0,0,0,0,0,0,0,0,0,0.0,0.365461,0,0.0,0,420,3,1,0.4925,0.0,GREEN,41,Chennai
CLM0000488,CHE_03535,Adyar,2023-03-20,7,0,0,0,0,0,0,0,0,0,0.0,0.197591,0,1.0,0,165,4,0,0.98,0.0,GREEN,38,Chennai
CLM0000489,CHE_07808,Porur,2021-08-31,15,0,0,0,1,0,0,0,0,0,0.0,0.437859,0,0.0,0,36,2,0,0.6062,0.1429,GREEN,26,Chennai
CLM0000490,CHE_09605,Perambur,2021-12-28,13,0,0,0,0,0,0,0,0,0,0.0,0.306768,1,0.0,0,95,2,0,0.98,0.0529,GREEN,34,Chennai
CLM0000491,CHE_09033,Sholinganallur,2021-11-14,12,0,0,0,0,0,0,0,0,0,0.0,1.0,0,0.0,0,39,3,0,0.6862,0.0408,GREEN,40,Chennai
CLM0000492,CHE_01074,Porur,2025-09-22,14,0,0,0,0,0,1,1,0,0,0.0,0.299366,0,0.0,0,324,4,0,0.4017,0.2028,GREEN,46,Chennai
CLM0000493,CHE_06914,Velachery,2025-01-31,19,0,0,0,0,0,0,0,0,0,0.0,0.033189,0,0.0,0,87,2,3,0.7782,0.1119,GREEN,51,Chennai
CLM0000494,CHE_07402,Tambaram,2025-02-02,12,0,0,0,1,0,0,0,0,0,0.0,0.236082,1,0.0,0,154,2,3,0.3076,0.1972,GREEN,34,Chennai
CLM0000495,CHE_03080,Perambur,2019-05-17,16,0,0,0,1,0,0,1,0,1,1.0,1.0,0,1.0,0,5,0,18,0.05,0.0252,GREEN,45,Chennai
CLM0000496,CHE_05346,Guindy,2018-12-31,16,0,0,0,0,0,0,0,0,0,0.0,0.321561,0,0.0,0,420,0,5,0.9063,0.0,GREEN,26,Chennai
CLM0000497,CHE_00609,Velachery,2022-03-28,21,0,0,0,0,0,1,0,0,0,0.0,1.0,0,0.0,0,118,1,3,0.6856,0.1906,GREEN,48,Chennai
CLM0000498,CHE_08197,Guindy,2021-01-12,20,0,0,0,0,0,0,0,1,0,0.0,0.175615,0,0.0,0,92,3,5,0.707,0.0908,GREEN,34,Chennai
CLM0000499,CHE_00019,Tambaram,2022-10-27,12,0,0,0,0,0,0,0,0,0,1.0,0.224536,0,0.0,0,211,2,0,0.647,0.0458,GREEN,39,Chennai
CLM0000500,CHE_02079,Chromepet,2025-11-07,13,0,0,0,0,0,1,0,0,0,0.0,1.0,1,0.0,0,420,4,0,0.5899,0.1512,GREEN,49,Chennai
CLM0000501,CHE_01529,Adyar,2022-05-09,19,0,0,0,0,0,0,0,0,0,0.0,0.099157,0,0.0,1,71,4,4,0.8481,0.07,GREEN,30,Chennai
CLM0000502,CHE_02295,T Nagar,2023-05-31,19,0,0,0,0,0,0,0,0,0,0.0,0.179448,0,0.0,0,402,4,1,0.9632,0.0859,GREEN,43,Chennai
CLM0000503,CHE_06559,Velachery,2021-10-10,10,0,0,0,0,0,0,0,1,0,0.0,0.28514,0,0.0,0,234,3,2,0.1496,0.0999,GREEN,39,Chennai
CLM0000504,CHE_00521,Guindy,2023-08-15,7,0,0,0,0,0,0,0,0,1,0.0,0.109464,0,0.0,1,284,0,5,0.6073,0.186,GREEN,18,Chennai
CLM0000505,CHE_00529,Velachery,2020-04-29,7,0,0,0,0,0,0,0,1,0,0.0,0.132192,0,0.0,1,420,3,0,0.1011,0.2242,GREEN,21,Chennai
CLM0000506,CHE_04134,Porur,2019-08-21,9,0,0,0,0,0,0,0,0,0,0.0,0.453631,0,0.0,0,277,4,7,0.9013,0.0404,GREEN,45,Chennai
CLM0000507,CHE_06372,Adyar,2021-11-06,7,0,0,0,0,0,0,0,0,0,0.0,0.327074,0,0.0,0,127,4,5,0.98,0.067,GREEN,56,Chennai
CLM0000508,CHE_00683,Velachery,2022-01-23,12,0,0,0,0,0,0,0,0,0,0.0,0.037892,0,0.0,0,416,0,2,0.7716,0.0248,GREEN,41,Chennai
CLM0000509,CHE_02656,Porur,2022-12-01,16,0,0,0,0,0,0,0,0,0,0.0,0.237807,0,0.0,0,273,4,6,0.9051,0.0,GREEN,46,Chennai
CLM0000510,CHE_07163,Sholinganallur,2025-04-20,19,0,0,0,0,0,0,0,0,0,0.0,0.060277,0,1.0,0,420,0,2,0.7609,0.0,GREEN,35,Chennai
CLM0000511,CHE_00808,Anna Nagar,2024-10-16,13,0,0,0,0,0,0,0,0,1,0.0,0.284939,0,0.0,0,283,3,1,0.7374,0.1347,GREEN,36,Chennai
CLM0000512,CHE_05731,Tambaram,2021-08-18,17,0,0,0,0,0,0,0,0,0,1.0,0.251664,0,0.0,0,420,1,4,0.6073,0.1263,GREEN,38,Chennai
CLM0000513,CHE_03675,Sholinganallur,2021-05-10,15,0,0,0,0,0,0,0,0,0,0.0,0.09972,0,0.0,0,294,0,2,0.5387,0.0659,GREEN,31,Chennai
CLM0000514,CHE_07739,Sholinganallur,2021-06-25,20,0,0,0,0,0,0,0,0,0,0.0,0.203128,0,0.0,0,290,1,5,0.7054,0.0824,GREEN,33,Chennai
CLM0000515,CHE_00850,Sholinganallur,2025-09-05,19,0,0,0,0,0,0,0,0,0,0.0,0.249537,0,0.0,0,198,4,4,0.8255,0.0446,GREEN,32,Chennai
CLM0000516,CHE_07785,Perambur,2022-01-06,9,0,0,0,0,0,0,0,0,0,0.0,0.086632,0,0.0,0,23,1,1,0.949,0.0498,GREEN,44,Chennai
CLM0000517,CHE_08613,Guindy,2025-04-28,13,0,0,0,0,0,0,0,0,0,0.0,0.257718,0,0.0,0,380,1,8,0.8044,0.0,GREEN,38,Chennai
CLM0000518,CHE_02616,Sholinganallur,2022-10-16,7,0,0,0,0,0,0,0,0,0,0.0,0.238563,0,0.0,0,313,2,8,0.6818,0.0,GREEN,41,Chennai
CLM0000519,CHE_05212,Anna Nagar,2024-05-30,10,0,0,0,0,0,0,0,0,0,0.0,0.218179,0,0.0,0,274,3,5,0.2729,0.0,GREEN,18,Chennai
CLM0000520,CHE_00275,Perambur,2023-07-18,14,0,0,0,1,1,0,1,0,1,1.0,0.996697,0,0.0,0,10,4,18,0.7079,0.0,GREEN,63,Chennai
CLM0000521,CHE_07421,T Nagar,2023-02-27,7,0,0,0,0,0,0,0,0,0,0.0,0.060953,0,1.0,0,330,3,0,0.7114,0.0333,GREEN,38,Chennai
CLM0000522,CHE_09066,Sholinganallur,2023-02-01,12,0,0,0,0,0,0,0,0,1,0.0,0.163357,0,0.0,0,342,4,0,0.2849,0.1539,GREEN,43,Chennai
CLM0000523,CHE_07878,Perambur,2024-05-22,11,0,0,0,0,0,0,0,0,1,1.0,0.141857,0,0.0,0,420,3,2,0.8662,0.2054,GREEN,22,Chennai
CLM0000524,CHE_03980,Anna Nagar,2022-07-30,17,0,0,0,0,0,0,0,0,0,0.0,0.294459,0,0.0,1,420,4,1,0.9492,0.0059,GREEN,32,Chennai
CLM0000525,CHE_02000,Chromepet,2024-12-07,12,0,0,0,0,0,0,0,0,0,0.0,0.085328,0,0.0,0,369,4,1,0.98,0.038,GREEN,50,Chennai
CLM0000526,CHE_03471,Chromepet,2025-07-26,16,0,0,0,0,0,0,0,0,0,0.0,0.404201,0,0.0,0,40,3,1,0.7565,0.035,GREEN,24,Chennai
CLM0000527,CHE_06703,Porur,2023-11-25,15,0,0,0,1,0,0,0,0,0,0.0,0.187552,0,0.0,0,285,1,4,0.833,0.1358,GREEN,48,Chennai
CLM0000528,CHE_04877,Perambur,2025-11-29,14,0,0,0,0,0,0,0,0,1,0.0,0.076989,0,0.0,0,273,4,3,0.6868,0.178,GREEN,40,Chennai
CLM0000529,CHE_09657,Tambaram,2018-01-14,16,0,0,0,0,0,0,0,0,1,0.0,0.244163,1,0.0,0,420,4,4,0.749,0.233,GREEN,42,Chennai
CLM0000530,CHE_03074,T Nagar,2015-09-20,20,0,1,1,0,0,0,0,0,0,0.0,0.0,0,0.0,0,420,3,0,0.7278,0.0286,GREEN,39,Chennai
CLM0000531,CHE_07016,Tambaram,2021-08-04,10,0,0,0,0,0,0,0,1,0,0.0,0.052683,0,0.0,1,5,0,0,0.2481,0.1333,GREEN,18,Chennai
CLM0000532,CHE_02270,Velachery,2017-06-13,21,0,0,0,0,0,1,0,0,0,0.0,0.380797,0,0.0,0,420,4,3,0.98,0.0667,GREEN,56,Chennai
CLM0000533,CHE_01658,Tambaram,2019-11-06,20,0,0,0,0,0,0,0,0,0,0.0,0.130556,0,0.0,0,324,1,2,0.0645,0.1525,GREEN,36,Chennai
CLM0000534,CHE_08689,Porur,2025-07-03,15,0,0,0,0,1,0,0,0,0,0.0,0.153402,0,0.0,0,194,4,1,0.5375,0.144,GREEN,47,Chennai
CLM0000535,CHE_02787,Chromepet,2024-01-25,11,0,0,0,0,0,0,0,1,0,0.0,0.310494,0,0.0,0,399,4,3,0.2747,0.1595,GREEN,44,Chennai
CLM0000536,CHE_04204,Anna Nagar,2022-05-27,13,0,0,0,0,0,0,0,0,0,0.0,0.056154,0,0.0,0,140,0,3,0.8793,0.0,GREEN,43,Chennai
CLM0000537,CHE_04143,Anna Nagar,2024-02-21,7,0,0,0,0,0,0,0,0,0,0.0,0.14921,0,1.0,0,276,4,3,0.7206,0.0,GREEN,34,Chennai
CLM0000538,CHE_04909,T Nagar,2023-03-04,8,0,0,0,1,0,0,0,0,0,0.0,0.921797,0,0.0,0,383,1,3,0.6234,0.1201,GREEN,21,Chennai
CLM0000539,CHE_07950,Adyar,2025-11-04,12,0,0,0,0,0,0,1,1,0,0.0,0.0,0,0.0,0,420,4,1,0.8011,0.1908,GREEN,57,Chennai
CLM0000540,CHE_06192,Adyar,2025-12-21,15,0,0,0,0,0,0,1,0,0,0.0,0.430813,0,0.0,0,137,4,5,0.6387,0.0512,GREEN,30,Chennai
CLM0000541,CHE_02168,Tambaram,2021-07-05,11,0,0,0,0,0,0,0,0,0,0.0,0.440278,0,0.0,0,192,0,0,0.5745,0.0188,GREEN,42,Chennai
CLM0000542,CHE_05967,T Nagar,2021-02-11,20,0,0,0,0,0,0,0,0,1,0.0,0.201995,0,0.0,0,58,4,2,0.5807,0.0264,GREEN,25,Chennai
CLM0000543,CHE_08002,T Nagar,2021-06-14,17,0,0,0,0,0,0,0,0,0,1.0,0.995213,0,1.0,0,361,3,2,0.8916,0.0814,GREEN,18,Chennai
CLM0000544,CHE_06549,Porur,2022-03-10,11,0,0,0,0,0,0,0,0,0,0.0,0.074452,0,0.0,0,370,0,1,0.5028,0.0,GREEN,41,Chennai
CLM0000545,CHE_06210,Sholinganallur,2021-11-19,14,0,0,0,0,0,0,0,0,0,0.0,0.449027,0,0.0,0,353,3,2,0.7683,0.0275,GREEN,41,Chennai
CLM0000546,CHE_01823,Guindy,2020-05-26,14,0,0,0,0,0,0,0,0,0,0.0,0.318348,0,0.0,0,308,1,1,0.6101,0.0193,GREEN,49,Chennai
CLM0000547,CHE_02847,Tambaram,2020-03-25,16,0,0,0,0,0,0,0,1,0,0.0,0.067849,0,0.0,0,236,2,2,0.9713,0.1819,GREEN,43,Chennai
CLM0000548,CHE_04884,Anna Nagar,2022-09-21,14,0,0,0,0,0,0,0,0,0,1.0,0.308072,0,0.0,1,51,1,2,0.7862,0.0697,GREEN,33,Chennai
CLM0000549,CHE_07631,Guindy,2023-12-22,11,0,0,0,0,0,0,0,0,0,0.0,0.296306,0,0.0,0,352,0,2,0.7556,0.0755,GREEN,41,Chennai
CLM0000550,CHE_01732,Velachery,2021-07-22,21,0,0,0,0,0,0,0,0,0,0.0,0.132447,0,0.0,0,295,2,2,0.6708,0.0019,GREEN,18,Chennai
CLM0000551,CHE_05966,Adyar,2024-10-04,8,0,0,0,0,0,0,0,0,0,0.0,0.093292,0,0.0,0,372,2,0,0.9681,0.0122,GREEN,27,Chennai
CLM0000552,CHE_08269,Anna Nagar,2022-12-18,21,0,0,0,1,0,0,1,0,0,0.0,0.948503,0,0.0,0,348,4,0,0.636,0.1366,GREEN,18,Chennai
CLM0000553,CHE_06012,T Nagar,2020-10-13,11,0,0,0,0,0,0,0,1,0,0.0,0.095994,0,0.0,0,387,1,2,0.7598,0.0244,GREEN,41,Chennai
CLM0000554,CHE_09955,Porur,2021-03-29,10,0,0,0,0,0,0,0,0,0,0.0,0.070809,0,0.0,0,366,4,0,0.7671,0.0,GREEN,26,Chennai
CLM0000555,CHE_00520,Porur,2020-12-24,14,0,0,0,0,1,1,0,0,1,1.0,0.58298,0,1.0,0,5,1,18,0.8803,0.1208,GREEN,36,Chennai
CLM0000556,CHE_09115,Porur,2025-09-23,21,0,0,0,1,1,0,1,1,0,1.0,0.630253,1,0.0,1,5,0,18,0.3104,0.0,GREEN,35,Chennai
CLM0000557,CHE_05937,Anna Nagar,2023-12-09,18,0,0,0,0,0,0,0,0,0,1.0,1.0,0,1.0,0,405,0,3,0.5145,0.0829,GREEN,45,Chennai
CLM0000558,CHE_07238,Guindy,2021-07-30,19,0,0,0,0,0,0,0,0,0,0.0,0.169353,0,0.0,0,420,0,3,0.857,0.0682,GREEN,39,Chennai
CLM0000559,CHE_01300,Adyar,2025-03-28,10,0,0,0,0,0,0,0,0,0,0.0,0.087159,0,0.0,0,43,2,2,0.8974,0.0143,GREEN,52,Chennai
CLM0000560,CHE_05839,Chromepet,2025-12-02,16,0,0,0,0,0,0,0,0,0,0.0,1.0,0,0.0,0,104,4,4,0.9608,0.0462,GREEN,49,Chennai
CLM0000561,CHE_05763,Anna Nagar,2024-04-18,7,0,0,0,0,0,0,0,0,0,0.0,0.366863,0,0.0,0,420,1,2,0.98,0.0,GREEN,50,Chennai
CLM0000562,CHE_07964,Perambur,2024-11-30,7,0,0,0,0,0,0,0,0,1,0.0,0.091373,0,0.0,0,362,0,4,0.7252,0.0422,GREEN,35,Chennai
CLM0000563,CHE_05874,Guindy,2025-06-27,21,0,1,1,0,0,1,0,0,0,0.0,0.974442,0,0.0,0,62,1,2,0.7464,0.1023,GREEN,36,Chennai
CLM0000564,CHE_08049,T Nagar,2023-12-06,19,0,0,0,1,0,0,0,0,0,0.0,0.180084,0,0.0,0,338,0,0,0.9441,0.203,GREEN,41,Chennai
CLM0000565,CHE_02389,Velachery,2024-05-06,11,0,0,0,0,0,0,0,0,0,1.0,0.263638,0,0.0,0,141,3,0,0.6151,0.0323,GREEN,35,Chennai
CLM0000566,CHE_02711,Adyar,2023-03-16,13,0,0,0,0,0,0,0,0,0,0.0,0.238213,0,0.0,0,68,4,6,0.5243,0.0,GREEN,56,Chennai
CLM0000567,CHE_04474,Anna Nagar,2024-03-09,17,0,0,0,0,0,0,0,0,0,0.0,0.28738,0,0.0,0,356,0,3,0.4954,0.0,GREEN,41,Chennai
CLM0000568,CHE_08826,T Nagar,2019-05-03,9,0,0,0,0,0,0,0,0,1,0.0,0.019237,0,0.0,0,377,4,1,0.98,0.1471,GREEN,37,Chennai
CLM0000569,CHE_00704,Anna Nagar,2022-07-07,7,0,0,0,1,0,0,0,0,0,0.0,0.43814,0,0.0,0,202,0,0,0.954,0.2004,GREEN,37,Chennai
CLM0000570,CHE_00953,Sholinganallur,2022-02-24,13,0,0,0,0,0,0,1,0,0,0.0,0.132939,0,1.0,0,246,4,4,0.7157,0.18,GREEN,46,Chennai
CLM0000571,CHE_06524,Sholinganallur,2020-06-06,11,0,0,0,0,0,0,0,1,0,0.0,0.059673,0,0.0,0,49,0,0,0.881,0.0918,GREEN,49,Chennai
CLM0000572,CHE_02302,Anna Nagar,2022-11-29,13,0,1,1,0,0,0,0,0,0,0.0,0.131321,0,0.0,0,335,1,3,0.8793,0.0,GREEN,48,Chennai
CLM0000573,CHE_05978,Anna Nagar,2024-11-04,14,0,0,0,0,0,0,0,1,0,0.0,0.096258,0,0.0,0,108,1,5,0.7485,0.1332,GREEN,45,Chennai
CLM0000574,CHE_04478,Guindy,2021-03-12,8,0,0,0,0,0,0,1,0,0,0.0,0.994478,0,0.0,0,177,0,2,0.5796,0.0187,GREEN,47,Chennai
CLM0000575,CHE_06936,Guindy,2024-11-18,11,0,0,0,0,0,0,0,0,0,0.0,0.016332,0,1.0,0,375,3,5,0.98,0.1911,GREEN,31,Chennai
CLM0000576,CHE_08390,Chromepet,2023-12-25,13,0,0,0,1,0,1,0,0,0,0.0,0.144136,1,0.0,0,5,3,18,0.9213,0.2417,GREEN,43,Chennai
CLM0000577,CHE_08417,Porur,2023-04-27,19,0,0,0,0,1,0,1,0,0,0.0,0.258208,0,0.0,0,420,3,2,0.607,0.1502,GREEN,52,Chennai
CLM0000578,CHE_02317,Adyar,2025-06-28,9,0,0,0,0,0,0,0,0,0,0.0,0.457465,0,0.0,0,420,0,0,0.8366,0.0,GREEN,40,Chennai
CLM0000579,CHE_05794,Velachery,2023-03-17,16,0,0,0,0,0,1,0,0,0,0.0,0.232566,0,0.0,0,72,1,3,0.737,0.0578,GREEN,40,Chennai
CLM0000580,CHE_09631,Adyar,2021-04-16,20,0,0,0,0,0,0,0,0,0,0.0,0.0,0,0.0,0,175,2,2,0.9122,0.0183,GREEN,29,Chennai
CLM0000581,CHE_09355,Perambur,2023-09-21,13,0,0,0,0,0,0,0,0,0,0.0,0.406625,0,0.0,0,53,1,1,0.6593,0.0,GREEN,32,Chennai
CLM0000582,CHE_06474,Velachery,2025-07-09,13,0,0,0,0,0,0,0,0,0,0.0,0.070318,0,0.0,0,418,0,1,0.8248,0.0473,GREEN,37,Chennai
CLM0000583,CHE_01028,Chromepet,2022-05-11,14,0,0,0,0,0,0,0,0,0,0.0,0.073253,0,0.0,0,146,3,3,0.5311,0.0,GREEN,55,Chennai
CLM0000584,CHE_09915,Porur,2025-11-16,13,0,0,0,0,0,0,0,0,0,0.0,0.0,0,0.0,0,298,3,0,0.774,0.0,GREEN,39,Chennai
CLM0000585,CHE_03265,Porur,2021-10-05,14,0,0,0,0,0,1,0,0,0,0.0,0.112571,0,0.0,0,95,1,3,0.4626,0.1619,GREEN,38,Chennai
CLM0000586,CHE_09786,Perambur,2017-02-22,13,0,0,0,0,0,1,0,0,0,0.0,0.15075,0,0.0,0,224,0,3,0.5139,0.1433,GREEN,41,Chennai
CLM0000587,CHE_01888,Perambur,2018-07-25,16,0,1,1,0,0,0,0,0,0,1.0,0.19653,0,0.0,0,149,1,4,0.5582,0.0836,GREEN,43,Chennai
CLM0000588,CHE_03315,Perambur,2022-05-04,20,0,0,0,0,0,0,0,0,0,0.0,0.211151,0,0.0,0,34,2,2,0.6396,0.0,GREEN,40,Chennai
CLM0000589,CHE_02784,Tambaram,2022-05-27,8,0,0,0,0,1,0,0,0,0,0.0,0.270258,0,0.0,0,107,3,3,0.5486,0.3627,YELLOW,29,Chennai
CLM0000590,CHE_05062,Sholinganallur,2024-08-10,10,0,0,0,0,0,0,0,0,0,0.0,0.396325,0,0.0,1,175,3,4,0.7803,0.0379,GREEN,44,Chennai
CLM0000591,CHE_01146,Perambur,2018-12-05,7,0,0,0,1,0,0,0,0,0,1.0,0.071303,0,0.0,0,97,2,10,0.6814,0.1741,GREEN,37,Chennai
CLM0000592,CHE_02112,Sholinganallur,2020-09-20,15,0,0,0,0,0,0,0,0,0,0.0,0.00545,0,0.0,0,368,1,3,0.106,0.0152,GREEN,32,Chennai
CLM0000593,CHE_00900,Sholinganallur,2021-01-22,17,0,1,1,0,1,0,0,0,0,0.0,0.251285,0,0.0,0,63,4,6,0.74,0.0746,GREEN,55,Chennai
CLM0000594,CHE_04136,Velachery,2018-07-21,9,0,0,0,0,0,0,0,0,0,0.0,0.0,0,0.0,0,336,2,1,0.7048,0.0,GREEN,23,Chennai
CLM0000595,CHE_04961,Guindy,2018-12-08,7,0,0,0,0,0,1,0,1,0,0.0,0.959864,0,0.0,0,394,2,1,0.3004,0.1051,GREEN,38,Chennai
CLM0000596,CHE_02759,Guindy,2024-10-24,14,0,0,0,0,0,0,1,0,0,1.0,0.251783,0,0.0,0,23,4,2,0.7679,0.0834,GREEN,39,Chennai
CLM0000597,CHE_08284,Porur,2024-03-13,13,0,0,0,0,0,0,0,0,0,0.0,0.991903,0,0.0,0,349,0,4,0.495,0.1005,GREEN,34,Chennai
CLM0000598,CHE_04056,Guindy,2025-11-11,11,0,0,0,0,0,1,0,0,0,0.0,0.005986,0,0.0,0,74,3,5,0.3359,0.1794,GREEN,23,Chennai
CLM0000599,CHE_06911,Sholinganallur,2024-12-02,15,0,0,0,0,0,0,0,0,0,0.0,1.0,0,0.0,0,420,3,0,0.5763,0.0507,GREEN,33,Chennai
CLM0000600,CHE_04153,Velachery,2023-06-24,14,0,0,0,0,0,0,0,1,0,0.0,0.248687,1,1.0,0,246,2,2,0.2372,0.0535,GREEN,54,Chennai
CLM0000601,CHE_09468,Chromepet,2022-10-15,19,0,0,0,0,1,0,0,0,0,0.0,0.350026,0,1.0,0,223,2,3,0.6401,0.0173,GREEN,31,Chennai
CLM0000602,CHE_01475,Velachery,2020-10-27,11,0,0,0,1,1,1,0,1,1,1.0,1.0,0,0.0,1,5,2,18,0.05,0.179,GREEN,37,Chennai
CLM0000603,CHE_04205,Chromepet,2021-09-23,9,0,0,0,0,0,0,0,0,0,0.0,0.307888,0,0.0,0,420,2,6,0.4372,0.0,GREEN,30,Chennai
CLM0000604,CHE_09959,Guindy,2023-10-26,15,0,0,0,0,0,0,0,0,0,1.0,0.402508,0,0.0,0,420,4,4,0.8232,0.0467,GREEN,38,Chennai
CLM0000605,CHE_05148,Tambaram,2024-11-08,10,0,0,0,0,0,0,0,0,0,0.0,0.080038,0,0.0,0,306,0,0,0.05,0.0,GREEN,29,Chennai
CLM0000606,CHE_07863,T Nagar,2025-03-11,10,0,0,0,0,0,0,0,0,0,0.0,0.398147,0,0.0,0,243,3,4,0.7058,0.0,GREEN,33,Chennai
CLM0000607,CHE_02551,Sholinganallur,2024-01-28,20,0,0,0,0,0,0,0,0,0,0.0,0.298761,0,0.0,0,265,2,3,0.4244,0.0515,GREEN,19,Chennai
CLM0000608,CHE_04170,Sholinganallur,2022-09-30,12,0,0,0,0,0,1,0,0,0,0.0,0.189232,0,0.0,0,420,4,0,0.98,0.0782,GREEN,50,Chennai
CLM0000609,CHE_09318,Porur,2020-10-28,11,1,0,0,0,0,0,0,0,0,0.0,0.151486,0,0.0,0,26,0,5,0.1132,0.1619,GREEN,42,Chennai
CLM0000610,CHE_06562,Sholinganallur,2016-08-23,10,0,0,0,1,0,0,0,0,0,0.0,0.12419,0,0.0,0,136,0,2,0.9248,0.1718,GREEN,24,Chennai
CLM0000611,CHE_09186,T Nagar,2018-01-29,11,0,0,0,0,0,0,1,0,0,0.0,0.283558,0,0.0,0,229,4,1,0.6018,0.1253,GREEN,25,Chennai
CLM0000612,CHE_03477,Porur,2020-06-26,15,0,0,0,0,0,0,0,0,0,0.0,0.0,0,0.0,0,188,4,3,0.8107,0.0,GREEN,44,Chennai
CLM0000613,CHE_02913,Perambur,2020-07-30,18,0,0,0,0,0,0,0,0,0,0.0,0.154663,0,1.0,0,238,4,0,0.4874,0.0179,GREEN,33,Chennai
CLM0000614,CHE_00797,Velachery,2023-02-22,10,0,0,0,1,1,1,1,1,1,1.0,1.0,0,0.0,1,5,4,18,0.7934,0.1002,GREEN,35,Chennai
CLM0000615,CHE_04004,Perambur,2017-05-21,21,0,0,0,0,1,0,0,1,0,0.0,0.253936,0,0.0,0,172,4,4,0.8866,0.1377,GREEN,26,Chennai
CLM0000616,CHE_00566,Chromepet,2025-02-23,11,0,0,0,0,0,0,0,1,0,0.0,0.458421,0,0.0,0,420,0,3,0.4932,0.067,GREEN,49,Chennai
CLM0000617,CHE_02379,Velachery,2021-08-31,9,0,0,0,0,0,0,0,1,1,0.0,0.173131,0,0.0,0,324,0,0,0.7877,0.1157,GREEN,40,Chennai
CLM0000618,CHE_01157,Anna Nagar,2019-12-07,18,0,0,0,0,0,0,0,0,0,0.0,0.126165,0,0.0,0,196,2,1,0.7443,0.0,GREEN,20,Chennai
CLM0000619,CHE_08801,Sholinganallur,2021-07-22,10,0,0,0,0,0,0,0,0,0,0.0,0.189044,0,0.0,0,165,1,2,0.5647,0.1231,GREEN,38,Chennai
CLM0000620,CHE_04164,Chromepet,2019-02-12,21,0,1,1,0,0,0,0,0,0,0.0,0.134165,0,0.0,0,190,0,4,0.153,0.0,GREEN,30,Chennai
CLM0000621,CHE_01720,Porur,2017-12-22,11,0,0,0,0,0,0,0,0,0,0.0,1.0,0,0.0,0,199,0,1,0.5369,0.1162,GREEN,39,Chennai
CLM0000622,CHE_04189,Adyar,2025-07-17,10,0,0,0,0,0,0,1,0,0,0.0,0.095899,0,0.0,0,251,1,4,0.7706,0.1232,GREEN,50,Chennai
CLM0000623,CHE_01046,Anna Nagar,2025-05-28,21,0,0,0,0,0,0,0,0,0,0.0,0.283101,0,0.0,0,49,2,2,0.7971,0.0165,GREEN,43,Chennai
CLM0000624,CHE_05872,Perambur,2020-12-05,12,0,0,0,0,0,0,0,0,0,0.0,0.339298,0,0.0,0,144,2,1,0.7222,0.0,GREEN,32,Chennai
CLM0000625,CHE_08298,Perambur,2025-03-06,10,0,0,0,0,0,1,0,0,0,0.0,0.393991,0,0.0,0,183,2,0,0.6482,0.2231,GREEN,41,Chennai
CLM0000626,CHE_06361,Sholinganallur,2025-06-03,11,0,0,0,0,0,0,0,0,0,0.0,0.0,0,0.0,1,74,3,4,0.4968,0.0122,GREEN,38,Chennai
CLM0000627,CHE_07050,Porur,2022-06-27,9,0,0,0,0,0,0,0,0,0,1.0,0.271067,0,0.0,0,261,4,4,0.05,0.0281,GREEN,42,Chennai
CLM0000628,CHE_05143,Sholinganallur,2024-11-21,16,0,0,0,0,0,0,0,0,0,0.0,0.0,0,0.0,0,397,4,5,0.9375,0.0,GREEN,25,Chennai
CLM0000629,CHE_04292,Velachery,2024-05-06,8,0,0,0,0,1,0,0,0,0,1.0,0.339124,0,0.0,0,41,0,6,0.9662,0.2393,GREEN,41,Chennai
CLM0000630,CHE_03786,Porur,2016-10-15,20,0,0,0,0,0,0,0,0,0,0.0,0.269777,0,0.0,0,64,1,1,0.6945,0.0,GREEN,28,Chennai
CLM0000631,CHE_00985,Porur,2017-11-15,9,0,0,0,0,0,0,0,0,0,0.0,0.159186,0,0.0,0,339,0,1,0.8156,0.0319,GREEN,31,Chennai
CLM0000632,CHE_06518,Porur,2021-06-21,19,0,0,0,0,1,0,0,0,1,0.0,0.286262,1,0.0,0,396,3,1,0.05,0.3626,YELLOW,35,Chennai
CLM0000633,CHE_07668,Perambur,2018-05-28,15,0,0,0,0,0,0,0,0,0,0.0,0.140914,0,0.0,0,58,2,0,0.9335,0.0,GREEN,27,Chennai
CLM0000634,CHE_02024,Porur,2015-12-06,10,0,0,0,0,0,1,0,0,0,0.0,0.21119,0,1.0,0,138,2,4,0.7668,0.0643,GREEN,38,Chennai
CLM0000635,CHE_00433,Tambaram,2025-12-29,12,0,0,0,0,0,0,0,0,0,1.0,0.257076,0,0.0,1,118,1,6,0.1343,0.0409,GREEN,51,Chennai
CLM0000636,CHE_00658,Sholinganallur,2016-11-15,7,0,0,0,0,0,0,0,0,0,0.0,0.097848,0,0.0,0,420,2,6,0.5585,0.0241,GREEN,53,Chennai
CLM0000637,CHE_05250,Porur,2025-07-04,17,0,0,0,0,0,0,0,0,0,0.0,0.329657,0,0.0,0,193,3,6,0.9246,0.0783,GREEN,30,Chennai
CLM0000638,CHE_04625,Guindy,2024-07-14,11,0,0,0,0,0,0,0,0,0,0.0,0.981227,0,0.0,0,187,1,0,0.2071,0.0,GREEN,44,Chennai
CLM0000639,CHE_08570,Tambaram,2024-12-06,14,0,0,0,0,0,0,0,0,1,0.0,0.396384,0,0.0,0,396,2,2,0.7274,0.0388,GREEN,25,Chennai
CLM0000640,CHE_02510,Anna Nagar,2021-04-23,13,0,0,0,0,0,1,0,0,0,0.0,0.344219,0,0.0,0,255,2,0,0.5253,0.1268,GREEN,29,Chennai
CLM0000641,CHE_02795,Adyar,2021-09-02,12,0,0,0,1,0,1,1,1,0,1.0,0.181869,0,0.0,0,5,3,18,0.1411,0.0339,GREEN,30,Chennai
CLM0000642,CHE_07928,Chromepet,2018-07-30,20,0,0,0,0,0,0,0,0,0,0.0,0.159113,0,0.0,0,69,0,6,0.7585,0.027,GREEN,35,Chennai
CLM0000643,CHE_03600,Sholinganallur,2024-05-27,17,0,0,0,0,0,1,0,0,0,0.0,0.134925,0,0.0,0,284,2,1,0.3609,0.073,GREEN,58,Chennai
CLM0000644,CHE_02022,Sholinganallur,2025-12-27,19,0,0,0,0,0,0,0,0,0,0.0,0.345838,0,0.0,0,194,1,0,0.9303,0.0,GREEN,34,Chennai
CLM0000645,CHE_06114,Sholinganallur,2021-01-02,21,0,0,0,0,0,1,1,0,0,1.0,0.06956,0,0.0,0,257,2,5,0.6313,0.1619,GREEN,47,Chennai
CLM0000646,CHE_07287,Sholinganallur,2023-02-23,21,0,0,0,0,0,1,0,0,0,0.0,0.397408,0,0.0,0,213,0,2,0.518,0.0341,GREEN,36,Chennai
CLM0000647,CHE_08819,T Nagar,2023-11-01,16,0,0,0,0,0,0,0,0,0,0.0,0.0,0,0.0,0,208,1,3,0.4963,0.0476,GREEN,39,Chennai
CLM0000648,CHE_07533,Tambaram,2022-02-23,10,0,0,0,0,0,0,0,0,0,0.0,0.0,0,0.0,0,420,4,5,0.9488,0.0,GREEN,31,Chennai
CLM0000649,CHE_00627,Guindy,2025-12-08,18,0,0,0,0,0,0,0,1,0,1.0,0.006051,1,0.0,0,140,2,0,0.98,0.2136,GREEN,34,Chennai
CLM0000650,CHE_05075,Anna Nagar,2020-06-21,10,0,0,0,0,0,0,0,0,0,0.0,0.216551,0,0.0,0,398,2,0,0.7005,0.1197,GREEN,41,Chennai
CLM0000651,CHE_03177,Sholinganallur,2017-12-30,13,0,0,0,0,0,0,1,1,0,1.0,0.251596,0,0.0,0,342,3,0,0.6332,0.2128,GREEN,25,Chennai
CLM0000652,CHE_05769,Perambur,2024-03-02,16,0,0,0,0,0,0,0,0,0,0.0,0.078184,0,0.0,0,397,0,2,0.8759,0.0185,GREEN,42,Chennai
CLM0000653,CHE_05118,Perambur,2024-04-03,9,0,0,0,0,0,0,0,0,0,0.0,0.0,0,0.0,0,352,4,3,0.1911,0.0033,GREEN,36,Chennai
CLM0000654,CHE_04479,Tambaram,2025-05-06,14,0,0,0,0,0,0,0,0,0,0.0,0.142035,0,0.0,0,122,3,0,0.8636,0.0,GREEN,43,Chennai
CLM0000655,CHE_04679,Sholinganallur,2024-09-19,21,0,0,0,0,0,0,0,1,0,0.0,0.527025,0,0.0,0,411,2,0,0.8126,0.1556,GREEN,18,Chennai
CLM0000656,CHE_08416,Adyar,2023-07-19,12,0,0,0,0,0,0,0,0,0,0.0,0.139776,0,0.0,0,43,0,0,0.98,0.0,GREEN,31,Chennai
CLM0000657,CHE_02313,Porur,2020-09-04,12,0,0,0,0,0,0,0,0,0,0.0,0.953704,0,0.0,0,420,1,1,0.7003,0.0,GREEN,29,Chennai
CLM0000658,CHE_05939,Velachery,2020-05-16,12,0,0,0,0,0,0,0,0,0,0.0,0.168625,0,0.0,0,420,3,2,0.5624,0.0405,GREEN,34,Chennai
CLM0000659,CHE_08169,Perambur,2023-02-16,18,0,0,0,0,0,0,0,0,0,0.0,0.0,0,0.0,0,209,1,0,0.2034,0.0,GREEN,42,Chennai
CLM0000660,CHE_04408,Anna Nagar,2022-01-23,18,0,0,0,0,1,0,0,0,0,0.0,0.141625,0,0.0,0,45,3,1,0.7446,0.1932,GREEN,28,Chennai
CLM0000661,CHE_03671,Anna Nagar,2025-01-02,10,0,0,0,0,0,0,0,0,0,0.0,0.104869,0,1.0,0,76,2,4,0.8872,0.0569,GREEN,39,Chennai
CLM0000662,CHE_05759,Porur,2025-02-19,10,0,0,0,0,0,0,0,0,0,0.0,0.144942,0,0.0,0,130,2,2,0.0813,0.0039,GREEN,28,Chennai
CLM0000663,CHE_05590,Tambaram,2020-10-20,11,0,0,0,0,0,0,0,0,0,0.0,0.111292,0,0.0,0,342,0,1,0.9672,0.0455,GREEN,47,Chennai
CLM0000664,CHE_07101,Perambur,2025-10-09,7,0,0,0,0,0,0,1,0,0,0.0,0.198466,0,0.0,0,130,4,1,0.3257,0.0713,GREEN,50,Chennai
CLM0000665,CHE_00312,Sholinganallur,2024-07-18,19,0,0,0,0,0,0,0,0,0,0.0,0.366596,0,0.0,0,420,0,5,0.61,0.1904,GREEN,24,Chennai
CLM0000666,CHE_06109,Sholinganallur,2022-03-25,13,0,0,0,0,0,0,0,0,0,1.0,0.0,0,1.0,0,244,1,4,0.5476,0.0535,GREEN,25,Chennai
CLM0000667,CHE_01680,Porur,2019-07-02,9,0,0,0,0,0,0,0,0,0,0.0,1.0,0,0.0,0,252,4,1,0.05,0.0631,GREEN,19,Chennai
CLM0000668,CHE_08098,Guindy,2022-11-22,19,0,0,0,1,1,1,1,1,1,1.0,1.0,0,0.0,1,16,2,18,0.0894,0.0133,GREEN,38,Chennai
CLM0000669,CHE_08979,T Nagar,2022-08-18,19,0,0,0,0,0,0,0,0,0,1.0,0.387021,0,0.0,0,418,4,3,0.9561,0.0341,GREEN,29,Chennai
CLM0000670,CHE_04690,T Nagar,2022-04-07,9,0,0,0,0,0,0,0,0,0,0.0,0.0,0,0.0,0,95,3,3,0.7345,0.0,GREEN,30,Chennai
CLM0000671,CHE_03409,Sholinganallur,2019-04-09,10,0,0,0,0,0,0,0,0,0,0.0,0.224175,0,0.0,0,76,1,1,0.6318,0.1372,GREEN,32,Chennai
CLM0000672,CHE_05264,Perambur,2024-10-22,19,0,0,0,0,0,0,0,0,0,0.0,1.0,0,0.0,0,73,2,4,0.7944,0.0076,GREEN,42,Chennai
CLM0000673,CHE_01783,Adyar,2023-10-18,8,0,0,0,0,0,0,0,0,0,0.0,0.360565,0,1.0,0,93,0,3,0.7948,0.0524,GREEN,31,Chennai
CLM0000674,CHE_01426,Tambaram,2025-04-18,13,0,0,0,0,0,0,0,0,0,0.0,0.369483,0,0.0,0,36,0,1,0.5724,0.0,GREEN,41,Chennai
CLM0000675,CHE_08498,Anna Nagar,2025-08-09,18,0,0,0,0,1,0,0,0,0,0.0,0.101235,0,0.0,0,141,1,6,0.8858,0.1199,GREEN,44,Chennai
CLM0000676,CHE_08372,Tambaram,2025-07-17,13,0,0,0,0,0,0,0,0,0,0.0,0.307665,1,0.0,0,420,4,0,0.7706,0.1163,GREEN,25,Chennai
CLM0000677,CHE_08900,Adyar,2024-10-14,7,0,0,0,0,0,0,0,0,0,1.0,0.241783,0,0.0,0,134,0,4,0.2309,0.1811,GREEN,32,Chennai
CLM0000678,CHE_05130,Sholinganallur,2024-01-06,16,0,0,0,0,0,0,1,0,0,0.0,0.133735,0,0.0,0,388,3,3,0.98,0.0651,GREEN,41,Chennai
CLM0000679,CHE_00766,T Nagar,2025-07-09,9,0,0,0,0,0,0,0,0,0,1.0,0.048707,0,0.0,0,40,0,4,0.8525,0.1271,GREEN,20,Chennai
CLM0000680,CHE_07616,Sholinganallur,2024-06-09,15,0,0,0,1,0,0,0,0,0,0.0,0.43644,0,0.0,0,320,0,1,0.98,0.229,GREEN,60,Chennai
CLM0000681,CHE_02913,Perambur,2025-12-23,19,0,0,0,0,0,0,0,0,0,1.0,0.030009,0,0.0,0,420,1,0,0.2909,0.092,GREEN,33,Chennai
CLM0000682,CHE_00555,Velachery,2025-01-26,13,0,0,0,0,0,0,0,0,0,0.0,0.332115,0,0.0,0,335,0,4,0.05,0.0,GREEN,26,Chennai
CLM0000683,CHE_06581,Perambur,2024-08-20,11,0,0,0,0,0,1,0,0,0,1.0,0.193001,0,0.0,0,212,0,8,0.4542,0.0724,GREEN,51,Chennai
CLM0000684,CHE_03894,Chromepet,2025-04-28,18,0,0,0,0,1,0,0,0,0,0.0,0.274262,0,0.0,0,12,0,4,0.5425,0.1658,GREEN,32,Chennai
CLM0000685,CHE_00800,Perambur,2024-08-27,10,0,0,0,0,0,0,0,0,0,0.0,0.0,0,0.0,0,330,4,6,0.9529,0.0676,GREEN,38,Chennai
CLM0000686,CHE_03524,Anna Nagar,2025-09-22,20,0,0,0,1,0,0,0,0,0,0.0,0.182827,0,0.0,0,173,3,3,0.6222,0.1389,GREEN,39,Chennai
CLM0000687,CHE_05490,Guindy,2025-08-22,20,0,0,0,0,0,0,0,0,0,0.0,0.183203,0,0.0,0,349,1,4,0.98,0.0,GREEN,33,Chennai
CLM0000688,CHE_02113,Velachery,2025-01-22,16,0,0,0,0,0,0,0,0,0,0.0,0.389661,0,0.0,0,420,3,2,0.4666,0.0,GREEN,54,Chennai
CLM0000689,CHE_05570,Chromepet,2024-09-09,19,0,0,0,0,0,0,0,1,0,0.0,0.118269,0,0.0,0,420,4,2,0.1611,0.0698,GREEN,36,Chennai
CLM0000690,CHE_07747,Tambaram,2024-11-07,17,0,0,0,0,0,0,0,1,0,0.0,0.099782,0,0.0,0,91,2,5,0.5234,0.0874,GREEN,45,Chennai
CLM0000691,CHE_06124,Perambur,2021-09-24,12,0,0,0,0,0,1,0,0,0,0.0,0.05427,0,0.0,0,164,3,3,0.6906,0.0884,GREEN,48,Chennai
CLM0000692,CHE_04324,Chromepet,2022-03-30,16,0,1,1,0,0,0,0,0,0,0.0,0.03458,0,0.0,0,138,3,2,0.1547,0.0,GREEN,43,Chennai
CLM0000693,CHE_07475,Perambur,2025-12-23,20,0,0,0,0,0,0,0,0,0,0.0,0.403653,0,1.0,0,173,3,0,0.05,0.1564,GREEN,35,Chennai
CLM0000694,CHE_04179,Perambur,2024-07-10,12,0,0,0,1,0,0,0,0,0,0.0,0.0,0,0.0,0,200,4,3,0.5241,0.1644,GREEN,42,Chennai
CLM0000695,CHE_02264,Porur,2018-12-16,20,0,0,0,0,0,0,0,0,0,0.0,0.026833,0,0.0,0,364,3,6,0.652,0.0,GREEN,36,Chennai
CLM0000696,CHE_02831,Velachery,2022-11-30,18,0,0,0,0,0,0,0,1,0,0.0,0.270708,0,0.0,0,210,2,1,0.6913,0.1244,GREEN,52,Chennai
CLM0000697,CHE_01340,Perambur,2021-11-08,15,0,0,0,0,0,0,0,0,0,0.0,0.17477,0,0.0,0,154,1,1,0.4898,0.0,GREEN,55,Chennai
CLM0000698,CHE_08027,Porur,2023-08-12,8,0,0,0,0,0,0,0,0,0,0.0,0.194455,0,0.0,0,420,1,7,0.6012,0.0,GREEN,45,Chennai
CLM0000699,CHE_06514,Anna Nagar,2023-03-23,16,0,0,0,0,0,0,0,0,0,0.0,0.311432,0,0.0,0,385,4,5,0.9253,0.1903,GREEN,46,Chennai
CLM0000700,CHE_00699,Adyar,2024-08-08,8,0,0,0,0,0,1,0,0,0,1.0,0.191732,0,1.0,0,254,4,0,0.7063,0.0852,GREEN,59,Chennai
CLM0000701,CHE_02639,Anna Nagar,2025-07-31,17,0,0,0,0,1,0,0,0,0,0.0,0.327499,0,0.0,0,420,0,3,0.3435,0.2644,GREEN,32,Chennai
CLM0000702,CHE_04650,Chromepet,2025-04-08,17,0,0,0,0,0,0,0,0,0,0.0,0.195569,0,0.0,0,240,2,8,0.684,0.0,GREEN,24,Chennai
CLM0000703,CHE_06394,Porur,2024-02-27,9,0,0,0,1,0,0,0,1,0,1.0,1.0,0,0.0,1,5,2,18,0.0737,0.1235,GREEN,24,Chennai
CLM0000704,CHE_02731,Velachery,2025-04-03,8,0,0,0,1,1,1,1,1,1,1.0,1.0,0,0.0,1,5,4,18,0.5418,0.0283,GREEN,32,Chennai
CLM0000705,CHE_02703,Chromepet,2024-09-30,18,0,0,0,1,0,0,1,0,0,0.0,0.357137,0,0.0,0,333,1,4,0.3741,0.1133,GREEN,48,Chennai
CLM0000706,CHE_08855,Porur,2024-04-13,21,0,0,0,1,0,0,0,0,0,0.0,0.144112,0,0.0,0,127,1,3,0.5296,0.2292,GREEN,47,Chennai
CLM0000707,CHE_00553,Tambaram,2025-04-19,21,0,0,0,0,0,0,1,0,0,0.0,0.369184,0,0.0,0,420,2,1,0.4254,0.039,GREEN,36,Chennai
CLM0000708,CHE_09316,Anna Nagar,2024-11-05,20,0,0,0,0,0,0,0,0,0,0.0,0.116819,0,0.0,0,147,4,4,0.8859,0.0,GREEN,45,Chennai
CLM0000709,CHE_06476,Chromepet,2025-07-26,13,0,0,0,0,0,0,0,0,0,1.0,0.218538,0,0.0,0,138,1,2,0.8616,0.0477,GREEN,31,Chennai
CLM0000710,CHE_08542,Velachery,2024-05-03,14,0,0,0,0,0,0,0,0,1,0.0,0.292559,0,0.0,0,389,1,1,0.7517,0.1225,GREEN,26,Chennai
CLM0000711,CHE_05094,Velachery,2023-09-15,8,0,0,0,0,0,0,1,0,1,0.0,0.048397,0,0.0,0,420,0,6,0.8259,0.0912,GREEN,41,Chennai
CLM0000712,CHE_00201,Guindy,2023-03-31,7,0,0,0,0,0,0,0,0,0,0.0,0.168945,0,0.0,0,50,1,0,0.7103,0.0,GREEN,42,Chennai
CLM0000713,CHE_04051,Guindy,2023-10-23,12,0,0,0,0,0,0,0,0,0,0.0,0.0,0,0.0,0,323,1,1,0.6905,0.1942,GREEN,31,Chennai
CLM0000714,CHE_01828,Velachery,2024-12-16,7,0,0,0,0,0,0,0,0,0,0.0,0.345261,0,0.0,0,420,0,0,0.4405,0.0465,GREEN,51,Chennai
CLM0000715,CHE_02224,Perambur,2025-03-10,17,0,1,1,0,1,0,0,0,0,0.0,0.235984,0,0.0,0,230,4,1,0.98,0.1122,GREEN,29,Chennai
CLM0000716,CHE_07762,T Nagar,2023-09-25,7,0,0,0,0,0,1,0,1,0,0.0,0.04401,0,0.0,0,420,1,2,0.1617,0.1534,GREEN,44,Chennai
CLM0000717,CHE_08590,Tambaram,2024-08-16,14,0,0,0,0,0,0,0,0,0,0.0,0.018175,0,0.0,0,211,2,1,0.2166,0.0,GREEN,32,Chennai
CLM0000718,CHE_02444,Chromepet,2024-06-05,12,0,0,0,1,1,1,1,1,1,1.0,1.0,0,0.0,1,5,2,18,0.3443,0.1862,GREEN,44,Chennai
CLM0000719,CHE_05715,Velachery,2024-10-09,9,0,0,0,1,1,0,1,1,1,0.0,0.195475,0,0.0,1,30,3,18,0.8131,0.0,GREEN,42,Chennai
CLM0000720,CHE_04712,T Nagar,2020-11-04,12,0,1,1,0,0,0,0,0,0,1.0,0.044322,0,0.0,0,307,2,5,0.1132,0.0167,GREEN,42,Chennai
CLM0000721,CHE_06599,Anna Nagar,2022-09-28,7,0,0,0,0,1,0,1,0,0,0.0,0.0,0,0.0,0,110,0,0,0.1573,0.2252,GREEN,40,Chennai
CLM0000722,CHE_09867,Chromepet,2024-03-02,13,0,0,0,0,0,1,0,0,0,0.0,1.0,0,0.0,0,135,2,1,0.7477,0.0537,GREEN,35,Chennai
CLM0000723,CHE_05525,Sholinganallur,2025-02-04,9,0,0,0,0,0,0,0,0,0,0.0,0.065742,0,1.0,0,295,1,5,0.1219,0.0,GREEN,47,Chennai
CLM0000724,CHE_00917,Porur,2025-12-22,9,0,0,0,0,0,0,0,0,0,0.0,0.255765,0,0.0,0,189,2,0,0.76,0.0,GREEN,35,Chennai
CLM0000725,CHE_00453,Perambur,2025-12-04,10,0,0,0,0,0,0,0,0,1,0.0,1.0,0,0.0,0,295,3,0,0.7202,0.0893,GREEN,18,Chennai
CLM0000726,CHE_03762,Porur,2024-02-25,10,0,0,0,0,0,0,0,0,0,0.0,0.0,0,0.0,0,420,2,0,0.7454,0.0415,GREEN,22,Chennai
CLM0000727,CHE_06616,Adyar,2024-07-16,14,0,0,0,0,0,0,0,0,0,1.0,0.237379,0,0.0,0,420,1,4,0.98,0.0037,GREEN,45,Chennai
CLM0000728,CHE_04625,Guindy,2025-11-29,18,0,0,0,0,0,0,0,0,0,0.0,0.152004,1,0.0,0,336,2,3,0.7154,0.0156,GREEN,44,Chennai
CLM0000729,CHE_08815,Perambur,2024-07-13,15,0,0,0,0,0,0,0,0,0,0.0,0.0,0,0.0,0,219,1,6,0.9043,0.001,GREEN,37,Chennai
CLM0000730,CHE_02438,Sholinganallur,2024-07-19,15,0,0,0,0,0,0,0,0,0,0.0,0.990251,0,1.0,0,418,0,1,0.6529,0.0,GREEN,56,Chennai
CLM0000731,CHE_03399,Adyar,2024-04-12,8,0,0,0,0,1,0,0,0,0,1.0,1.0,0,0.0,0,290,0,4,0.654,0.1853,GREEN,48,Chennai
CLM0000732,CHE_06623,Tambaram,2025-03-09,20,0,0,0,0,0,0,0,0,0,0.0,0.364746,0,0.0,0,356,2,1,0.7052,0.0,GREEN,55,Chennai
CLM0000733,CHE_01616,Anna Nagar,2023-09-13,13,0,0,0,0,0,0,0,0,0,0.0,0.934934,0,0.0,0,420,3,2,0.8673,0.0,GREEN,32,Chennai
CLM0000734,CHE_05961,Anna Nagar,2024-01-29,21,0,0,0,0,0,0,0,0,0,0.0,0.04977,0,0.0,0,54,3,2,0.5716,0.0,GREEN,35,Chennai
CLM0000735,CHE_04584,T Nagar,2024-12-23,21,0,1,1,0,0,1,0,0,0,0.0,0.3307,0,0.0,0,194,0,0,0.7896,0.157,GREEN,46,Chennai
CLM0000736,CHE_06206,Velachery,2024-06-26,15,0,0,0,0,0,1,0,0,0,0.0,0.165253,0,0.0,0,250,1,0,0.917,0.0045,GREEN,30,Chennai
CLM0000737,CHE_04491,Anna Nagar,2025-09-05,21,0,0,0,0,0,1,0,0,0,0.0,0.162232,0,0.0,0,420,0,3,0.05,0.1095,GREEN,45,Chennai
CLM0000738,CHE_00769,Anna Nagar,2021-10-06,14,0,0,0,0,0,0,0,0,0,0.0,0.203358,0,0.0,0,318,1,3,0.8949,0.0467,GREEN,43,Chennai
CLM0000739,CHE_04552,Adyar,2020-07-09,16,0,0,0,0,0,0,0,0,0,0.0,0.973097,0,0.0,0,371,0,0,0.7306,0.0027,GREEN,18,Chennai
CLM0000740,CHE_03085,Guindy,2021-09-29,17,0,0,0,0,0,1,0,0,0,1.0,0.128265,0,1.0,0,239,3,2,0.7593,0.3131,YELLOW,42,Chennai
CLM0000741,CHE_04068,Perambur,2022-03-03,20,0,0,0,0,1,0,1,0,0,0.0,0.148216,0,0.0,0,166,3,6,0.9683,0.1803,GREEN,49,Chennai
CLM0000742,CHE_05876,Adyar,2025-12-25,21,0,0,0,0,0,0,0,0,0,0.0,0.988147,0,0.0,0,52,1,6,0.9548,0.0,GREEN,43,Chennai
CLM0000743,CHE_05647,Tambaram,2022-08-09,17,0,0,0,0,0,0,0,0,0,0.0,0.107156,0,0.0,0,273,2,3,0.176,0.0296,GREEN,18,Chennai
CLM0000744,CHE_06416,Adyar,2024-12-03,21,0,0,0,1,1,0,0,0,0,0.0,0.148005,0,0.0,0,394,3,3,0.98,0.3473,YELLOW,56,Chennai
CLM0000745,CHE_02377,Tambaram,2020-11-07,13,0,0,0,0,1,0,0,0,0,0.0,0.085635,0,0.0,0,420,1,2,0.7885,0.1234,GREEN,34,Chennai
CLM0000746,CHE_07291,Sholinganallur,2019-01-08,19,0,0,0,0,0,0,0,0,0,0.0,0.413033,0,0.0,0,420,1,8,0.6845,0.0,GREEN,30,Chennai
CLM0000747,CHE_06748,Anna Nagar,2023-02-01,8,0,0,0,1,0,0,0,0,0,0.0,0.301212,0,0.0,0,7,4,4,0.89,0.0855,GREEN,45,Chennai
CLM0000748,CHE_05384,Guindy,2020-01-24,19,0,0,0,0,0,0,0,0,0,0.0,0.0,0,0.0,0,141,0,2,0.98,0.0,GREEN,23,Chennai
CLM0000749,CHE_00377,T Nagar,2024-05-27,14,0,0,0,0,0,0,0,0,0,0.0,0.165915,0,0.0,0,217,3,3,0.7453,0.0093,GREEN,51,Chennai
CLM0000750,CHE_08089,T Nagar,2024-08-23,13,0,0,0,0,0,0,0,1,0,1.0,1.0,0,1.0,0,225,1,3,0.5967,0.0458,GREEN,32,Chennai
CLM0000751,CHE_01187,Anna Nagar,2025-06-20,21,0,0,0,0,0,0,0,0,0,0.0,0.037681,0,0.0,0,104,1,4,0.8157,0.0767,GREEN,38,Chennai
CLM0000752,CHE_00041,Anna Nagar,2024-07-05,9,0,0,0,0,1,1,1,0,1,1.0,0.954254,1,0.0,1,5,1,18,0.1802,0.0033,GREEN,27,Chennai
CLM0000753,CHE_06953,Tambaram,2025-03-17,17,0,0,0,0,0,0,0,0,0,0.0,0.106357,0,0.0,0,420,2,0,0.854,0.0209,GREEN,39,Chennai
CLM0000754,CHE_01531,Adyar,2023-07-12,20,0,0,0,0,0,0,0,0,0,0.0,0.256878,0,0.0,0,260,4,0,0.6745,0.0,GREEN,42,Chennai
CLM0000755,CHE_06027,Perambur,2023-07-17,15,0,0,0,0,1,0,0,0,0,0.0,0.490801,1,0.0,0,207,1,3,0.8484,0.1586,GREEN,38,Chennai
CLM0000756,CHE_07521,Anna Nagar,2025-05-31,21,0,0,0,0,0,0,0,0,0,0.0,0.285877,0,0.0,0,248,1,1,0.9461,0.0098,GREEN,29,Chennai
CLM0000757,CHE_05290,Chromepet,2024-10-11,17,0,0,0,0,0,0,0,0,0,0.0,0.985249,0,0.0,0,256,4,0,0.7166,0.0,GREEN,36,Chennai
CLM0000758,CHE_05414,Tambaram,2024-03-22,10,0,0,0,0,0,0,0,0,0,1.0,0.282541,0,0.0,0,402,1,0,0.98,0.1061,GREEN,25,Chennai
CLM0000759,CHE_00447,Guindy,2025-05-02,21,0,0,0,0,0,1,0,0,0,0.0,0.38681,0,0.0,0,126,0,0,0.897,0.1134,GREEN,68,Chennai
CLM0000760,CHE_04613,T Nagar,2022-08-08,10,0,0,0,0,0,0,0,0,0,0.0,1.0,0,0.0,0,311,4,2,0.98,0.0031,GREEN,36,Chennai
CLM0000761,CHE_06922,Perambur,2024-08-12,15,0,0,0,0,0,0,0,0,0,1.0,0.24735,0,0.0,0,294,3,1,0.731,0.1252,GREEN,36,Chennai
CLM0000762,CHE_08742,Chromepet,2024-05-10,20,0,0,0,0,0,0,0,0,0,0.0,0.152467,0,0.0,0,5,2,4,0.9209,0.0116,GREEN,41,Chennai
CLM0000763,CHE_06165,Chromepet,2024-09-18,14,0,0,0,0,0,0,0,1,0,0.0,0.147854,0,0.0,0,316,1,0,0.7389,0.2344,GREEN,35,Chennai
CLM0000764,CHE_00711,Sholinganallur,2025-07-05,8,0,0,0,0,0,0,0,0,0,0.0,0.29543,0,0.0,0,333,2,2,0.0798,0.0081,GREEN,42,Chennai
CLM0000765,CHE_06184,Velachery,2025-02-25,13,0,0,0,0,0,0,0,0,0,1.0,0.143755,0,0.0,0,235,0,2,0.5794,0.1133,GREEN,37,Chennai
CLM0000766,CHE_05165,Guindy,2025-09-18,21,0,0,0,0,0,0,0,0,0,0.0,0.420654,0,0.0,0,245,0,7,0.5974,0.0,GREEN,41,Chennai
CLM0000767,CHE_00857,Chromepet,2025-05-24,13,0,1,1,0,0,1,0,1,0,0.0,0.102768,0,0.0,0,235,3,0,0.5418,0.1864,GREEN,29,Chennai
CLM0000768,CHE_08415,Sholinganallur,2022-10-04,13,0,0,0,0,0,0,0,0,0,0.0,0.35404,0,0.0,0,401,2,2,0.831,0.0,GREEN,51,Chennai
CLM0000769,CHE_09896,T Nagar,2025-01-11,20,0,0,0,0,0,0,0,0,0,0.0,0.137307,0,0.0,0,41,4,0,0.0939,0.0132,GREEN,18,Chennai
CLM0000770,CHE_07805,T Nagar,2025-02-11,17,0,0,0,0,0,0,0,1,0,0.0,0.513115,0,0.0,0,54,2,2,0.8817,0.0697,GREEN,51,Chennai
CLM0000771,CHE_00718,Perambur,2020-06-20,19,0,0,0,0,0,0,0,0,0,0.0,0.867188,0,0.0,0,196,4,0,0.9792,0.0,GREEN,58,Chennai
CLM0000772,CHE_03871,Adyar,2021-06-09,10,0,0,0,0,0,0,0,0,0,0.0,0.221517,0,0.0,0,420,3,2,0.8298,0.0728,GREEN,47,Chennai
CLM0000773,CHE_00235,Perambur,2022-08-06,13,0,0,0,1,0,1,0,0,0,0.0,0.356061,0,0.0,1,259,3,2,0.6219,0.2978,GREEN,65,Chennai
CLM0000774,CHE_05807,Perambur,2024-03-22,21,0,0,0,0,0,0,0,0,0,0.0,0.089779,0,0.0,0,78,4,3,0.6172,0.023,GREEN,31,Chennai
CLM0000775,CHE_03517,Anna Nagar,2025-05-16,11,0,0,0,0,0,0,0,0,0,0.0,0.002815,1,0.0,0,420,4,4,0.6906,0.1245,GREEN,53,Chennai
CLM0000776,CHE_03111,Porur,2025-07-14,16,0,0,0,1,0,0,0,0,0,0.0,0.317722,0,0.0,0,53,0,0,0.1615,0.2005,GREEN,34,Chennai
CLM0000777,CHE_06947,Perambur,2024-08-19,21,0,0,0,0,0,0,1,0,0,0.0,0.315753,0,0.0,0,420,3,3,0.6482,0.1147,GREEN,18,Chennai
CLM0000778,CHE_02187,Guindy,2025-09-18,21,0,0,0,0,0,0,0,0,0,0.0,0.033156,0,0.0,0,103,0,0,0.98,0.0,GREEN,40,Chennai
CLM0000779,CHE_09022,Porur,2017-02-03,7,0,0,0,0,0,0,0,0,0,0.0,0.189063,0,0.0,0,64,3,2,0.98,0.0246,GREEN,18,Chennai
CLM0000780,CHE_03133,T Nagar,2023-01-15,16,0,0,0,0,0,0,1,0,0,1.0,1.0,0,0.0,0,162,0,1,0.6851,0.1042,GREEN,40,Chennai
CLM0000781,CHE_08818,Tambaram,2020-03-03,8,0,0,0,0,0,0,0,0,0,0.0,0.104873,0,0.0,0,420,3,2,0.0534,0.0,GREEN,50,Chennai
CLM0000782,CHE_02409,Perambur,2019-12-02,7,0,0,0,0,0,0,0,0,0,0.0,0.079848,0,0.0,0,372,2,0,0.5601,0.0,GREEN,52,Chennai
CLM0000783,CHE_06896,T Nagar,2021-06-13,9,0,0,0,0,0,0,0,0,0,0.0,0.932105,0,0.0,0,184,2,0,0.8781,0.0561,GREEN,46,Chennai
CLM0000784,CHE_00881,Adyar,2020-10-15,16,0,0,0,0,0,0,0,0,0,1.0,0.200348,0,0.0,0,420,3,5,0.5627,0.1477,GREEN,40,Chennai
CLM0000785,CHE_05324,Guindy,2024-08-30,14,0,0,0,1,0,0,0,0,0,0.0,0.084991,0,0.0,0,342,1,2,0.6928,0.1287,GREEN,28,Chennai
CLM0000786,CHE_04290,Guindy,2017-10-10,18,0,0,0,0,0,0,0,0,0,0.0,0.252317,0,0.0,0,413,4,2,0.6469,0.0088,GREEN,56,Chennai
CLM0000787,CHE_07672,Perambur,2016-12-21,7,0,0,0,1,0,0,0,0,0,0.0,0.338703,1,0.0,0,216,1,8,0.4595,0.2637,GREEN,24,Chennai
CLM0000788,CHE_09537,T Nagar,2016-03-30,19,0,0,0,0,0,0,0,0,0,0.0,0.083036,0,0.0,0,113,0,4,0.98,0.0,GREEN,39,Chennai
CLM0000789,CHE_03547,Perambur,2022-06-27,11,0,0,0,1,0,0,0,0,0,1.0,1.0,0,1.0,0,420,2,3,0.0814,0.2074,GREEN,52,Chennai
CLM0000790,CHE_09878,Sholinganallur,2024-10-24,20,0,0,0,0,0,0,0,0,0,0.0,0.362469,0,0.0,0,87,3,2,0.9371,0.028,GREEN,46,Chennai
CLM0000791,CHE_06092,Velachery,2018-06-28,19,0,0,0,0,0,1,0,0,0,0.0,0.133756,0,0.0,0,353,0,4,0.9485,0.0879,GREEN,44,Chennai
CLM0000792,CHE_09577,Guindy,2022-04-28,20,0,0,0,0,0,0,0,0,0,0.0,0.353382,0,0.0,0,52,2,4,0.5711,0.0,GREEN,28,Chennai
CLM0000793,CHE_04117,Adyar,2018-08-21,8,0,0,0,0,0,0,0,0,0,0.0,0.197687,0,0.0,0,420,2,3,0.1773,0.0,GREEN,39,Chennai
CLM0000794,CHE_08257,Porur,2018-02-23,9,0,0,0,0,0,1,0,0,0,1.0,0.053463,0,0.0,0,68,4,6,0.7023,0.1776,GREEN,32,Chennai
CLM0000795,CHE_07319,Porur,2022-10-31,21,0,0,0,0,0,0,1,0,0,0.0,0.088376,0,0.0,0,356,0,4,0.1879,0.1198,GREEN,47,Chennai
CLM0000796,CHE_09001,Perambur,2017-01-28,19,0,0,0,0,0,0,0,0,0,0.0,0.0,0,0.0,0,230,3,0,0.9522,0.0,GREEN,42,Chennai
CLM0000797,CHE_07266,Porur,2022-07-25,14,0,0,0,0,0,0,0,0,0,0.0,0.992096,0,0.0,0,202,1,3,0.98,0.088,GREEN,34,Chennai
CLM0000798,CHE_00442,Guindy,2025-01-20,14,0,0,0,0,0,0,0,0,0,0.0,0.285276,0,0.0,0,110,1,3,0.664,0.0343,GREEN,53,Chennai
CLM0000799,CHE_09069,Porur,2016-12-17,21,0,0,0,0,0,0,0,1,0,0.0,0.393119,0,0.0,0,365,2,1,0.98,0.0355,GREEN,26,Chennai
CLM0000800,CHE_01337,Sholinganallur,2025-02-17,12,0,0,0,0,0,0,0,0,0,1.0,0.030171,0,0.0,0,420,0,0,0.8077,0.0249,GREEN,48,Chennai
CLM0000801,CHE_00415,Adyar,2025-04-16,7,0,0,0,0,0,0,0,0,0,0.0,0.012011,0,0.0,0,285,2,7,0.4971,0.026,GREEN,28,Chennai
CLM0000802,CHE_06997,Guindy,2023-08-13,10,0,0,0,0,1,0,0,0,0,0.0,0.084033,1,0.0,0,70,2,1,0.8962,0.1718,GREEN,50,Chennai
CLM0000803,CHE_00343,Sholinganallur,2023-12-09,20,0,0,0,0,0,0,0,0,0,0.0,0.109733,0,0.0,0,341,4,2,0.6877,0.0251,GREEN,50,Chennai
CLM0000804,CHE_06831,Sholinganallur,2025-12-11,20,0,0,0,0,0,0,0,0,0,0.0,0.388597,0,0.0,0,258,2,0,0.5572,0.0,GREEN,44,Chennai
CLM0000805,CHE_03127,Tambaram,2024-07-04,20,0,0,0,1,0,0,0,0,0,0.0,0.0,0,0.0,0,420,0,4,0.8764,0.2398,GREEN,34,Chennai
CLM0000806,CHE_04661,Tambaram,2025-05-19,13,0,0,0,0,0,0,0,0,0,0.0,0.267503,0,0.0,0,420,3,4,0.98,0.0487,GREEN,18,Chennai
CLM0000807,CHE_07261,Chromepet,2024-05-08,14,0,0,0,0,0,0,0,0,0,0.0,0.285437,0,0.0,0,419,2,0,0.6516,0.1075,GREEN,34,Chennai
CLM0000808,CHE_04573,Perambur,2022-02-02,16,0,0,0,0,0,0,0,0,1,0.0,0.067792,0,1.0,0,383,4,0,0.562,0.2453,GREEN,29,Chennai
CLM0000809,CHE_00110,T Nagar,2025-08-31,13,0,0,0,0,0,0,0,0,0,1.0,0.095592,0,0.0,0,420,4,5,0.663,0.0,GREEN,37,Chennai
CLM0000810,CHE_01083,Velachery,2018-03-16,20,0,0,0,0,0,0,0,0,0,0.0,0.199114,0,0.0,0,162,3,2,0.5998,0.0,GREEN,57,Chennai
CLM0000811,CHE_02833,Guindy,2022-05-18,20,0,0,0,0,0,0,0,0,0,0.0,0.469214,0,0.0,0,367,2,5,0.4958,0.0468,GREEN,46,Chennai
CLM0000812,CHE_01242,T Nagar,2019-07-21,16,0,0,0,0,0,1,1,0,0,0.0,0.045851,0,0.0,0,294,2,3,0.5224,0.2511,GREEN,41,Chennai
CLM0000813,CHE_08258,T Nagar,2017-08-02,17,0,0,0,0,0,0,0,0,1,0.0,0.1082,0,0.0,0,74,1,0,0.8121,0.1524,GREEN,39,Chennai
CLM0000814,CHE_09583,Tambaram,2022-04-27,9,0,0,0,0,0,0,0,0,0,0.0,0.171608,1,0.0,0,420,0,4,0.7587,0.131,GREEN,47,Chennai
CLM0000815,CHE_01374,Perambur,2023-12-13,14,0,0,0,0,0,0,0,0,0,0.0,0.020984,0,0.0,0,36,0,2,0.869,0.0309,GREEN,43,Chennai
CLM0000816,CHE_09665,Adyar,2022-12-08,18,0,0,0,0,0,0,1,0,0,0.0,0.312612,0,0.0,0,115,3,2,0.8915,0.0621,GREEN,55,Chennai
CLM0000817,CHE_02080,Anna Nagar,2023-10-08,21,0,0,0,0,0,0,0,0,0,0.0,0.052945,0,0.0,0,281,2,2,0.5856,0.0193,GREEN,32,Chennai
CLM0000818,CHE_06935,Guindy,2024-07-29,19,0,0,0,1,0,0,0,1,0,0.0,0.163628,0,0.0,0,48,0,2,0.8925,0.2157,GREEN,39,Chennai
CLM0000819,CHE_08716,Guindy,2022-04-07,16,0,0,0,0,0,0,0,0,1,0.0,0.23163,0,0.0,1,223,4,2,0.98,0.1676,GREEN,55,Chennai
CLM0000820,CHE_09423,Perambur,2022-06-11,21,0,0,0,0,0,0,0,0,0,0.0,0.401742,0,0.0,0,164,1,3,0.4757,0.0,GREEN,47,Chennai
CLM0000821,CHE_02986,Sholinganallur,2023-07-23,10,0,0,0,0,0,0,0,0,0,1.0,0.278742,0,0.0,0,313,0,1,0.6253,0.035,GREEN,29,Chennai
CLM0000822,CHE_07707,Tambaram,2025-03-28,18,0,0,0,0,0,0,0,0,1,0.0,1.0,0,0.0,0,40,3,0,0.1452,0.0919,GREEN,67,Chennai
CLM0000823,CHE_06921,Chromepet,2023-12-01,17,0,0,0,0,0,0,0,0,0,0.0,0.243126,0,0.0,0,420,0,0,0.8439,0.0617,GREEN,18,Chennai
CLM0000824,CHE_03667,Porur,2022-10-26,11,0,0,0,0,0,1,0,0,0,1.0,0.321734,0,0.0,0,420,3,0,0.9338,0.1802,GREEN,55,Chennai
CLM0000825,CHE_00104,Adyar,2018-12-21,20,0,0,0,0,0,0,0,0,0,0.0,0.928672,0,0.0,0,420,1,6,0.541,0.0,GREEN,25,Chennai
CLM0000826,CHE_00008,Sholinganallur,2019-04-17,20,0,0,0,0,0,0,0,0,0,0.0,0.343578,0,0.0,0,361,4,4,0.9261,0.0263,GREEN,27,Chennai
CLM0000827,CHE_03928,Anna Nagar,2025-02-06,16,0,0,0,0,0,0,0,0,1,1.0,0.343212,0,0.0,0,130,2,0,0.7303,0.2025,GREEN,40,Chennai
CLM0000828,CHE_01826,Velachery,2022-09-13,19,0,0,0,0,0,1,0,0,0,0.0,0.051563,0,0.0,0,210,4,3,0.7521,0.0647,GREEN,63,Chennai
CLM0000829,CHE_01164,Porur,2022-11-06,20,0,0,0,1,0,0,0,1,0,0.0,0.235623,0,0.0,0,117,3,6,0.6136,0.146,GREEN,48,Chennai
CLM0000830,CHE_06541,Velachery,2025-01-26,7,0,0,0,0,0,0,0,0,0,1.0,0.073338,0,0.0,0,299,1,2,0.6295,0.149,GREEN,57,Chennai
CLM0000831,CHE_02182,Chromepet,2020-12-19,18,0,0,0,0,0,0,0,0,0,0.0,0.224914,0,0.0,1,369,2,3,0.0872,0.0243,GREEN,29,Chennai
CLM0000832,CHE_02833,Guindy,2025-07-19,9,0,0,0,0,0,1,0,0,0,0.0,0.465583,0,0.0,0,99,0,2,0.2964,0.065,GREEN,46,Chennai
CLM0000833,CHE_05771,Guindy,2020-12-25,11,0,0,0,0,0,0,1,1,1,0.0,0.279351,0,0.0,0,117,3,3,0.9645,0.2916,GREEN,39,Chennai
CLM0000834,CHE_08331,Adyar,2020-08-15,10,0,0,0,0,0,0,0,0,0,1.0,0.211805,0,0.0,0,50,2,2,0.6232,0.1274,GREEN,45,Chennai
CLM0000835,CHE_04167,Perambur,2023-08-25,14,0,0,0,0,0,0,0,0,0,0.0,0.45722,0,0.0,0,351,0,3,0.5869,0.0,GREEN,49,Chennai
CLM0000836,CHE_01955,Velachery,2025-12-23,17,0,0,0,0,0,0,0,0,0,0.0,0.128992,0,0.0,0,289,3,7,0.5182,0.0752,GREEN,45,Chennai
CLM0000837,CHE_04841,T Nagar,2019-02-01,7,0,0,0,0,0,0,0,0,0,0.0,0.091594,0,0.0,0,178,0,0,0.777,0.0,GREEN,55,Chennai
CLM0000838,CHE_03204,Anna Nagar,2025-04-14,18,0,0,0,0,0,1,0,0,0,0.0,0.400727,0,0.0,0,376,3,2,0.6506,0.1103,GREEN,41,Chennai
CLM0000839,CHE_09487,Guindy,2023-05-27,10,0,0,0,0,0,0,0,1,0,1.0,0.97117,0,1.0,0,37,1,5,0.9118,0.1892,GREEN,47,Chennai
CLM0000840,CHE_08471,Porur,2021-10-03,11,0,0,0,0,0,0,0,0,0,0.0,0.219936,0,0.0,0,256,3,1,0.9078,0.0,GREEN,35,Chennai
CLM0000841,CHE_03606,Anna Nagar,2023-03-30,13,0,0,0,0,0,0,0,0,0,0.0,0.210676,0,0.0,0,181,0,0,0.9782,0.0508,GREEN,25,Chennai
CLM0000842,CHE_03002,Sholinganallur,2022-12-01,13,0,0,0,0,0,0,0,0,0,0.0,0.975185,0,0.0,0,333,4,3,0.5645,0.0,GREEN,54,Chennai
CLM0000843,CHE_00065,Perambur,2023-02-08,12,0,0,0,1,0,0,0,0,0,0.0,0.028069,0,0.0,0,101,4,5,0.6995,0.1611,GREEN,37,Chennai
CLM0000844,CHE_07119,Perambur,2023-10-31,20,0,0,0,0,0,0,1,0,0,0.0,0.164455,0,0.0,0,105,3,3,0.9287,0.1744,GREEN,38,Chennai
CLM0000845,CHE_02107,T Nagar,2025-07-21,12,0,0,0,0,0,1,0,0,0,0.0,0.296987,0,0.0,0,131,0,2,0.8265,0.0178,GREEN,56,Chennai
CLM0000846,CHE_07227,Adyar,2025-05-31,11,0,0,0,0,0,0,0,0,0,0.0,0.443893,0,0.0,0,140,0,1,0.7886,0.0,GREEN,32,Chennai
CLM0000847,CHE_00130,Sholinganallur,2024-10-05,14,0,0,0,0,0,0,0,0,0,0.0,0.071344,0,0.0,0,376,4,4,0.98,0.0029,GREEN,29,Chennai
CLM0000848,CHE_03990,Perambur,2021-09-17,21,0,0,0,0,0,0,0,1,1,0.0,0.105472,0,0.0,0,234,3,4,0.6958,0.138,GREEN,51,Chennai
CLM0000849,CHE_09005,T Nagar,2024-09-27,16,0,0,0,0,0,0,0,0,0,0.0,0.963469,0,1.0,0,338,4,1,0.5138,0.0592,GREEN,39,Chennai
CLM0000850,CHE_06014,Porur,2021-03-15,16,0,0,0,0,0,0,0,0,0,1.0,0.986431,0,1.0,0,92,3,4,0.2085,0.0,GREEN,43,Chennai
CLM0000851,CHE_03357,Adyar,2024-08-12,20,0,0,0,0,0,0,0,0,0,0.0,0.153411,0,0.0,0,420,4,6,0.6625,0.0568,GREEN,34,Chennai
CLM0000852,CHE_09866,T Nagar,2025-09-16,14,0,0,0,0,0,0,0,0,0,1.0,0.116791,0,0.0,0,285,3,5,0.98,0.0,GREEN,27,Chennai
CLM0000853,CHE_01670,T Nagar,2023-05-24,19,0,0,0,0,0,1,0,0,0,0.0,0.143381,0,1.0,0,318,4,3,0.4401,0.0885,GREEN,43,Chennai
CLM0000854,CHE_06545,Anna Nagar,2021-11-12,16,0,0,0,0,1,0,0,0,0,1.0,0.937126,0,0.0,0,172,3,0,0.7029,0.1508,GREEN,34,Chennai
CLM0000855,CHE_08899,T Nagar,2022-06-21,13,0,0,0,0,0,0,0,0,0,0.0,0.33662,1,0.0,1,420,1,2,0.6599,0.2191,GREEN,34,Chennai
CLM0000856,CHE_07608,Anna Nagar,2024-06-11,14,0,0,0,0,0,1,0,0,0,0.0,0.366471,0,0.0,0,72,3,2,0.8423,0.0792,GREEN,18,Chennai
CLM0000857,CHE_06513,Adyar,2022-12-22,17,0,0,0,0,1,0,0,0,0,0.0,0.002325,0,0.0,0,368,2,1,0.3587,0.1181,GREEN,39,Chennai
CLM0000858,CHE_05878,Chromepet,2022-12-24,16,0,0,0,0,0,0,0,0,0,0.0,0.419727,0,0.0,0,315,3,3,0.9792,0.0714,GREEN,23,Chennai
CLM0000859,CHE_07513,Perambur,2025-04-20,11,0,0,0,0,0,0,0,0,0,1.0,0.0,0,0.0,0,365,2,0,0.9415,0.0167,GREEN,32,Chennai
CLM0000860,CHE_02887,Velachery,2024-11-25,14,0,0,0,0,0,0,0,0,0,1.0,0.484519,0,0.0,0,263,2,5,0.6447,0.0295,GREEN,39,Chennai
CLM0000861,CHE_03704,Velachery,2023-05-12,20,0,0,0,0,0,0,0,0,0,0.0,0.126053,0,0.0,0,326,3,5,0.6826,0.0103,GREEN,35,Chennai
CLM0000862,CHE_06299,Chromepet,2025-08-04,11,0,0,0,0,0,0,0,0,0,0.0,0.97542,0,0.0,0,420,3,1,0.6265,0.0746,GREEN,63,Chennai
CLM0000863,CHE_09555,Perambur,2022-04-10,9,0,1,1,0,0,0,0,0,0,0.0,0.0,0,0.0,1,76,2,6,0.6672,0.0898,GREEN,51,Chennai
CLM0000864,CHE_02464,Porur,2020-04-24,15,0,1,1,0,0,0,1,0,0,0.0,0.157296,0,0.0,0,97,3,6,0.6953,0.0182,GREEN,36,Chennai
CLM0000865,CHE_03353,Anna Nagar,2024-10-30,8,0,0,0,0,0,1,0,0,0,0.0,0.15382,0,0.0,0,238,2,0,0.6997,0.0879,GREEN,29,Chennai
CLM0000866,CHE_09960,Velachery,2021-04-06,15,0,0,0,0,0,0,0,0,0,0.0,0.239446,0,0.0,0,66,1,0,0.2265,0.0,GREEN,45,Chennai
CLM0000867,CHE_09499,Velachery,2020-06-23,16,0,0,0,0,0,0,0,0,0,0.0,0.400798,0,1.0,0,420,2,4,0.4568,0.0084,GREEN,51,Chennai
CLM0000868,CHE_06742,Tambaram,2020-10-04,13,0,0,0,0,0,0,0,0,0,0.0,0.155318,0,0.0,0,386,0,3,0.972,0.0274,GREEN,18,Chennai
CLM0000869,CHE_02278,Adyar,2019-06-21,16,0,0,0,0,0,0,0,0,0,0.0,1.0,0,0.0,0,324,0,4,0.7651,0.0,GREEN,31,Chennai
CLM0000870,CHE_07237,Tambaram,2021-07-16,12,0,1,1,0,0,0,0,0,0,0.0,0.141845,0,0.0,0,366,2,2,0.9539,0.0265,GREEN,38,Chennai
CLM0000871,CHE_04266,Velachery,2025-07-11,14,0,0,0,0,0,0,0,0,0,0.0,0.302321,0,0.0,0,164,2,1,0.8688,0.0986,GREEN,46,Chennai
CLM0000872,CHE_08264,Sholinganallur,2025-05-03,13,0,0,0,0,0,0,0,0,0,0.0,0.139597,0,0.0,0,71,1,1,0.98,0.0,GREEN,36,Chennai
CLM0000873,CHE_08505,Anna Nagar,2024-09-05,7,0,0,0,0,0,0,1,0,0,0.0,0.219228,0,0.0,0,420,2,4,0.8414,0.0396,GREEN,39,Chennai
CLM0000874,CHE_02018,T Nagar,2025-04-25,19,0,0,0,0,0,0,0,0,0,0.0,0.030308,0,0.0,0,83,0,3,0.5788,0.0,GREEN,49,Chennai
CLM0000875,CHE_07157,T Nagar,2025-04-26,21,0,0,0,0,0,0,1,0,0,0.0,0.067314,0,0.0,0,204,1,6,0.6869,0.0307,GREEN,40,Chennai
CLM0000876,CHE_09456,Chromepet,2025-10-07,19,0,0,0,0,0,0,0,0,0,0.0,0.159304,0,0.0,0,420,4,3,0.6842,0.01,GREEN,21,Chennai
CLM0000877,CHE_08673,Chromepet,2024-08-02,12,0,0,0,0,0,0,1,0,0,0.0,0.936653,0,0.0,0,61,2,0,0.2556,0.1445,GREEN,31,Chennai
CLM0000878,CHE_00719,Chromepet,2025-08-06,13,0,0,0,0,0,0,0,0,0,0.0,0.009678,0,0.0,0,234,1,2,0.9769,0.0,GREEN,42,Chennai
CLM0000879,CHE_08453,T Nagar,2023-10-01,7,0,0,0,0,0,0,0,0,0,0.0,0.278188,0,0.0,0,420,0,0,0.6111,0.0,GREEN,42,Chennai
CLM0000880,CHE_08090,Perambur,2024-09-27,20,0,0,0,0,0,0,0,0,0,0.0,0.008164,0,0.0,0,375,4,6,0.9407,0.0675,GREEN,52,Chennai
CLM0000881,CHE_01231,Tambaram,2023-10-21,11,0,0,0,0,0,0,0,0,0,0.0,0.297887,0,0.0,0,301,3,5,0.98,0.1118,GREEN,28,Chennai
CLM0000882,CHE_01540,Sholinganallur,2021-10-05,10,0,0,0,0,0,0,0,1,0,0.0,0.134368,0,0.0,0,420,0,5,0.1756,0.1424,GREEN,36,Chennai
CLM0000883,CHE_01925,Guindy,2019-11-30,13,0,0,0,0,0,1,0,0,0,0.0,1.0,0,0.0,0,275,2,4,0.7473,0.0789,GREEN,36,Chennai
CLM0000884,CHE_08563,Velachery,2022-08-29,14,0,0,0,0,0,0,0,0,0,0.0,0.320289,0,0.0,0,306,2,3,0.4885,0.0,GREEN,54,Chennai
CLM0000885,CHE_05062,Sholinganallur,2025-11-07,11,0,0,0,0,0,0,0,0,0,0.0,0.055834,0,0.0,0,141,0,0,0.888,0.0365,GREEN,44,Chennai
CLM0000886,CHE_08409,Adyar,2021-05-22,9,0,0,0,0,0,0,0,0,0,0.0,0.343584,0,0.0,0,159,4,3,0.8834,0.2371,GREEN,40,Chennai
CLM0000887,CHE_06823,Velachery,2025-01-10,7,0,0,0,0,0,0,0,0,0,1.0,0.2604,0,0.0,0,184,3,5,0.1936,0.0822,GREEN,39,Chennai
CLM0000888,CHE_05879,Sholinganallur,2022-11-27,10,0,0,0,0,0,0,0,0,1,0.0,0.068571,0,1.0,0,64,3,4,0.2128,0.1028,GREEN,32,Chennai
CLM0000889,CHE_07479,T Nagar,2020-11-20,20,0,0,0,0,0,0,0,0,1,0.0,0.303538,0,0.0,0,101,3,2,0.9385,0.0449,GREEN,31,Chennai
CLM0000890,CHE_00053,Guindy,2022-04-20,11,0,0,0,0,0,0,0,0,0,0.0,0.285877,0,0.0,0,184,0,4,0.8811,0.0,GREEN,54,Chennai
CLM0000891,CHE_02626,Porur,2023-09-21,13,0,1,1,0,0,0,0,0,0,0.0,1.0,0,0.0,0,420,4,2,0.7447,0.0,GREEN,30,Chennai
CLM0000892,CHE_06154,Guindy,2025-08-14,12,0,0,0,0,0,0,0,0,0,0.0,0.098224,0,0.0,0,264,3,3,0.9033,0.0,GREEN,37,Chennai
CLM0000893,CHE_02724,Guindy,2024-01-25,12,0,0,0,0,0,0,0,0,0,0.0,0.201255,0,0.0,0,173,4,4,0.8605,0.0,GREEN,44,Chennai
CLM0000894,CHE_07293,Chromepet,2023-06-11,19,0,0,0,0,0,0,0,0,0,0.0,0.122796,0,0.0,0,272,3,6,0.98,0.0311,GREEN,48,Chennai
CLM0000895,CHE_00241,Anna Nagar,2024-02-04,16,0,0,0,0,0,0,0,0,0,0.0,1.0,0,0.0,0,26,4,2,0.6955,0.0199,GREEN,63,Chennai
CLM0000896,CHE_04167,Perambur,2024-04-15,9,0,0,0,0,0,0,0,0,0,0.0,0.222829,0,1.0,0,91,4,4,0.4218,0.0096,GREEN,49,Chennai
CLM0000897,CHE_00734,T Nagar,2025-07-04,17,0,0,0,0,0,0,0,0,0,0.0,0.465612,0,0.0,0,263,0,4,0.5807,0.0,GREEN,53,Chennai
CLM0000898,CHE_04542,Sholinganallur,2025-06-08,14,0,0,0,0,0,1,0,0,0,0.0,0.088187,1,0.0,0,216,3,3,0.6938,0.1937,GREEN,35,Chennai
CLM0000899,CHE_02257,T Nagar,2024-07-29,13,0,0,0,0,0,0,0,0,0,0.0,0.339151,0,0.0,0,420,0,0,0.8863,0.1134,GREEN,41,Chennai
CLM0000900,CHE_00278,T Nagar,2025-06-27,20,0,0,0,1,1,0,1,1,1,0.0,1.0,1,0.0,0,8,2,18,0.05,0.1454,GREEN,36,Chennai
CLM0000901,CHE_08849,Guindy,2025-07-30,18,0,0,0,0,0,0,0,0,0,0.0,0.250314,0,1.0,0,34,1,5,0.7008,0.0,GREEN,31,Chennai
CLM0000902,CHE_08299,Adyar,2025-11-22,10,0,0,0,0,0,0,0,0,0,0.0,0.089271,0,0.0,0,369,0,1,0.1849,0.0,GREEN,51,Chennai
CLM0000903,CHE_01971,Tambaram,2024-09-30,12,0,0,0,0,0,0,0,0,0,0.0,0.19398,0,0.0,0,346,2,0,0.4461,0.0,GREEN,21,Chennai
CLM0000904,CHE_04428,Perambur,2024-05-01,13,0,0,0,0,0,0,0,0,0,1.0,0.0,0,1.0,0,119,0,2,0.6627,0.1027,GREEN,32,Chennai
CLM0000905,CHE_04453,Perambur,2025-08-31,17,0,0,0,0,1,0,0,0,0,0.0,0.141726,0,0.0,0,163,3,9,0.6695,0.0945,GREEN,34,Chennai
CLM0000906,CHE_08383,Perambur,2020-12-01,8,0,0,0,0,0,0,0,0,0,1.0,0.28584,1,0.0,0,177,2,3,0.8044,0.0,GREEN,21,Chennai
CLM0000907,CHE_04500,Guindy,2023-10-20,18,0,0,0,0,0,0,0,1,0,1.0,1.0,0,1.0,0,353,1,3,0.5882,0.0,GREEN,40,Chennai
CLM0000908,CHE_02172,T Nagar,2020-12-02,12,0,0,0,1,0,0,0,0,0,0.0,0.06227,0,1.0,0,153,1,1,0.6982,0.205,GREEN,42,Chennai
CLM0000909,CHE_04995,Sholinganallur,2022-10-18,17,0,0,0,0,0,0,0,0,0,0.0,0.043796,0,0.0,0,182,1,4,0.8169,0.145,GREEN,46,Chennai
CLM0000910,CHE_08392,Porur,2022-11-28,10,0,0,0,0,0,1,0,0,0,0.0,0.148221,0,0.0,0,407,4,1,0.8013,0.047,GREEN,34,Chennai
CLM0000911,CHE_07331,Chromepet,2021-10-09,12,0,0,0,0,0,0,0,0,0,0.0,1.0,0,0.0,0,66,1,2,0.073,0.0238,GREEN,34,Chennai
CLM0000912,CHE_03655,Sholinganallur,2024-05-01,13,0,0,0,0,0,0,0,0,0,0.0,0.073208,0,0.0,0,420,0,0,0.98,0.0,GREEN,32,Chennai
CLM0000913,CHE_02858,T Nagar,2020-04-16,18,0,0,0,0,0,1,0,0,0,1.0,1.0,0,1.0,0,226,2,0,0.4025,0.1051,GREEN,27,Chennai
CLM0000914,CHE_05810,Guindy,2024-09-10,10,0,0,0,1,0,0,0,0,0,0.0,0.0,0,0.0,0,250,4,1,0.98,0.0978,GREEN,33,Chennai
CLM0000915,CHE_06805,Perambur,2020-09-24,13,0,1,1,0,0,0,0,0,0,0.0,0.303497,0,0.0,0,191,0,0,0.4116,0.0,GREEN,33,Chennai
CLM0000916,CHE_05923,Sholinganallur,2025-02-20,18,0,0,0,0,0,0,0,0,0,0.0,0.111187,0,0.0,0,17,4,3,0.05,0.126,GREEN,38,Chennai
CLM0000917,CHE_08298,Perambur,2022-04-23,16,0,0,0,0,0,0,0,0,0,0.0,0.014177,0,1.0,0,420,2,0,0.151,0.0,GREEN,41,Chennai
CLM0000918,CHE_01635,Perambur,2023-07-11,10,0,0,0,0,0,0,0,0,0,0.0,0.290354,0,0.0,0,402,4,2,0.7809,0.0,GREEN,43,Chennai
CLM0000919,CHE_00848,Adyar,2020-01-18,11,0,0,0,0,0,0,0,0,0,0.0,0.269673,0,0.0,0,420,0,2,0.5962,0.0,GREEN,59,Chennai
CLM0000920,CHE_02388,Velachery,2021-12-15,8,0,0,0,0,0,0,0,0,0,0.0,0.171364,0,0.0,0,190,3,0,0.4935,0.1037,GREEN,18,Chennai
CLM0000921,CHE_08804,T Nagar,2018-03-21,9,0,0,0,0,0,1,0,0,0,0.0,0.280821,0,0.0,0,27,1,6,0.05,0.087,GREEN,33,Chennai
CLM0000922,CHE_00639,T Nagar,2018-04-06,21,0,0,0,0,0,0,0,0,0,0.0,0.120551,0,0.0,0,397,1,0,0.7888,0.0,GREEN,52,Chennai
CLM0000923,CHE_01261,Chromepet,2016-05-18,12,0,0,0,0,0,0,0,0,0,0.0,0.179789,0,0.0,0,277,4,1,0.8621,0.0216,GREEN,39,Chennai
CLM0000924,CHE_07871,Adyar,2021-04-15,17,0,0,0,0,0,0,0,0,0,0.0,0.351381,0,0.0,0,252,3,0,0.4902,0.0055,GREEN,40,Chennai
CLM0000925,CHE_01269,Velachery,2017-06-27,9,0,0,0,0,0,0,0,0,0,0.0,0.296259,0,0.0,0,56,0,1,0.05,0.0305,GREEN,47,Chennai
CLM0000926,CHE_02042,Tambaram,2025-03-13,18,0,0,0,0,0,0,1,0,0,0.0,0.0,0,0.0,0,414,4,5,0.8229,0.0489,GREEN,39,Chennai
CLM0000927,CHE_07035,Tambaram,2024-12-26,7,0,0,0,0,0,0,0,0,0,0.0,0.388523,0,1.0,0,295,0,2,0.7424,0.0666,GREEN,39,Chennai
CLM0000928,CHE_07339,Anna Nagar,2024-04-10,11,0,0,0,0,0,0,0,0,0,0.0,1.0,0,0.0,0,420,2,5,0.6101,0.0,GREEN,47,Chennai
CLM0000929,CHE_01936,Anna Nagar,2025-07-14,14,0,0,0,0,0,0,0,0,0,0.0,0.026746,0,0.0,0,230,4,6,0.6087,0.0308,GREEN,18,Chennai
CLM0000930,CHE_06079,Porur,2023-11-27,21,0,0,0,1,1,1,1,0,0,0.0,0.1804,0,0.0,0,9,2,18,0.8471,0.2618,GREEN,27,Chennai
CLM0000931,CHE_01428,Velachery,2023-11-23,15,0,0,0,0,0,0,0,0,0,1.0,0.0,0,0.0,0,248,2,6,0.9287,0.0205,GREEN,28,Chennai
CLM0000932,CHE_09173,Adyar,2025-10-22,10,0,0,0,0,0,0,0,1,0,0.0,0.231391,0,0.0,0,411,1,4,0.4826,0.1522,GREEN,52,Chennai
CLM0000933,CHE_03052,Anna Nagar,2025-07-22,12,0,1,1,0,0,1,1,1,1,1.0,0.277986,0,0.0,0,12,0,18,0.872,0.5246,YELLOW,56,Chennai
CLM0000934,CHE_05418,Anna Nagar,2022-04-25,21,0,1,1,1,0,1,1,1,1,0.0,0.049437,0,0.0,0,5,2,18,0.98,0.6153,RED,52,Chennai
CLM0000935,CHE_09407,Tambaram,2021-08-29,12,0,0,0,0,0,0,0,0,0,0.0,0.333509,0,0.0,0,299,4,0,0.9355,0.0238,GREEN,50,Chennai
CLM0000936,CHE_08864,Velachery,2016-11-01,9,0,0,0,0,0,0,1,0,0,0.0,0.204706,0,1.0,0,420,2,1,0.1105,0.0902,GREEN,62,Chennai
CLM0000937,CHE_03315,Perambur,2022-09-04,18,0,0,0,0,0,0,1,0,0,0.0,0.244806,0,0.0,0,315,0,0,0.1586,0.0399,GREEN,40,Chennai
CLM0000938,CHE_05329,Anna Nagar,2024-03-05,10,0,0,0,0,0,0,0,0,0,1.0,0.98428,0,1.0,0,245,3,3,0.869,0.0,GREEN,43,Chennai
CLM0000939,CHE_02911,Anna Nagar,2019-02-25,17,0,0,0,0,1,0,0,0,0,1.0,0.194674,0,0.0,1,420,0,4,0.8227,0.285,GREEN,47,Chennai
CLM0000940,CHE_06856,Tambaram,2020-08-10,11,0,0,0,0,0,0,0,0,0,0.0,0.290492,0,0.0,0,46,0,3,0.687,0.0891,GREEN,27,Chennai
CLM0000941,CHE_06233,Anna Nagar,2016-07-25,8,0,0,0,0,0,1,0,0,0,0.0,0.058601,0,0.0,0,75,4,6,0.7324,0.1149,GREEN,38,Chennai
CLM0000942,CHE_07139,Chromepet,2016-10-03,10,0,0,0,0,0,0,0,0,0,0.0,0.287567,0,0.0,1,207,1,0,0.7617,0.0716,GREEN,41,Chennai
CLM0000943,CHE_04322,Perambur,2019-07-23,17,0,0,0,0,0,0,0,1,0,0.0,0.17815,0,0.0,0,420,1,4,0.5617,0.0912,GREEN,39,Chennai
CLM0000944,CHE_07296,Guindy,2020-08-08,11,0,0,0,0,0,0,0,0,0,0.0,0.278543,0,0.0,0,36,4,0,0.6587,0.0,GREEN,35,Chennai
CLM0000945,CHE_09970,Guindy,2023-06-05,15,0,0,0,0,0,0,0,0,0,1.0,1.0,0,1.0,0,246,4,0,0.7139,0.0,GREEN,31,Chennai
CLM0000946,CHE_06539,Guindy,2023-03-13,19,0,0,0,0,0,0,1,0,0,1.0,0.324597,0,0.0,0,339,1,0,0.8154,0.125,GREEN,34,Chennai
CLM0000947,CHE_00414,Anna Nagar,2025-05-20,18,0,0,0,0,0,0,0,0,0,1.0,0.094938,0,0.0,0,254,1,5,0.8268,0.0,GREEN,35,Chennai
CLM0000948,CHE_05437,Perambur,2024-11-20,15,0,0,0,0,0,0,0,0,0,0.0,0.99332,0,0.0,0,167,3,0,0.98,0.0,GREEN,28,Chennai
CLM0000949,CHE_00658,Sholinganallur,2024-07-26,21,0,0,0,0,0,0,1,0,0,0.0,0.267385,0,0.0,0,180,1,2,0.7297,0.012,GREEN,53,Chennai
CLM0000950,CHE_05445,Chromepet,2025-11-22,7,0,0,0,0,0,0,0,0,0,0.0,0.214525,0,0.0,0,345,2,2,0.6368,0.0,GREEN,20,Chennai
CLM0000951,CHE_02046,Velachery,2025-08-04,18,0,0,0,0,0,0,0,0,1,0.0,0.928301,1,1.0,0,20,4,0,0.5643,0.2451,GREEN,48,Chennai
CLM0000952,CHE_07030,Velachery,2023-07-10,11,0,0,0,0,0,0,0,0,0,0.0,0.252643,0,0.0,0,137,4,0,0.8338,0.0,GREEN,30,Chennai
CLM0000953,CHE_06209,Chromepet,2023-10-17,20,0,0,0,0,0,0,0,0,0,0.0,0.169467,1,0.0,0,420,1,0,0.7656,0.2553,GREEN,37,Chennai
CLM0000954,CHE_09404,Perambur,2023-04-07,20,0,0,0,0,0,0,0,0,1,0.0,0.0,0,0.0,0,221,2,2,0.8084,0.1338,GREEN,42,Chennai
CLM0000955,CHE_09401,Perambur,2025-02-09,19,0,0,0,0,0,0,0,0,0,1.0,1.0,0,0.0,0,217,4,5,0.8234,0.1768,GREEN,55,Chennai
CLM0000956,CHE_08688,Chromepet,2023-11-28,9,0,0,0,0,0,0,0,0,0,0.0,0.0,0,0.0,1,120,4,1,0.5611,0.0,GREEN,36,Chennai
CLM0000957,CHE_05483,Guindy,2023-12-25,7,0,0,0,0,0,0,0,0,0,0.0,0.310997,0,0.0,0,92,2,0,0.5971,0.0,GREEN,46,Chennai
CLM0000958,CHE_02515,Anna Nagar,2021-04-15,18,0,0,0,0,0,0,0,0,0,0.0,0.264896,0,0.0,0,75,1,2,0.2671,0.0,GREEN,58,Chennai
CLM0000959,CHE_05078,Adyar,2023-03-03,20,0,0,0,0,0,0,0,0,0,0.0,0.277374,0,0.0,0,62,2,2,0.7344,0.0,GREEN,62,Chennai
CLM0000960,CHE_00116,Porur,2025-08-14,18,0,0,0,0,0,0,0,0,0,0.0,0.293358,0,0.0,1,264,0,1,0.8889,0.0507,GREEN,26,Chennai
CLM0000961,CHE_00421,Velachery,2024-04-15,11,0,0,0,0,0,0,0,1,0,0.0,0.265074,0,0.0,0,381,2,1,0.7635,0.0712,GREEN,18,Chennai
CLM0000962,CHE_04951,Guindy,2024-05-01,15,0,0,0,0,0,0,0,1,1,0.0,0.981324,0,0.0,0,119,1,3,0.7446,0.2722,GREEN,18,Chennai
CLM0000963,CHE_00846,Adyar,2023-06-02,19,0,0,0,0,0,0,0,0,0,0.0,1.0,0,0.0,0,349,4,4,0.6828,0.0,GREEN,23,Chennai
CLM0000964,CHE_01290,Sholinganallur,2021-07-03,10,0,0,0,0,0,0,0,0,0,0.0,0.143542,0,0.0,0,420,4,2,0.8455,0.0729,GREEN,39,Chennai
CLM0000965,CHE_03517,Anna Nagar,2024-11-28,12,0,0,0,1,0,0,1,1,0,1.0,0.977074,0,1.0,1,9,2,18,0.3565,0.0,GREEN,53,Chennai
CLM0000966,CHE_06626,Porur,2025-04-06,18,0,0,0,0,0,0,0,0,0,1.0,0.937923,0,1.0,0,221,0,4,0.7432,0.0,GREEN,42,Chennai
CLM0000967,CHE_05162,Adyar,2024-05-21,10,0,0,0,0,0,0,0,0,0,0.0,0.095282,0,0.0,0,78,0,0,0.5998,0.0265,GREEN,60,Chennai
CLM0000968,CHE_00279,Adyar,2024-05-05,20,0,0,0,0,0,0,0,0,0,0.0,0.142518,0,0.0,0,70,2,0,0.5433,0.0058,GREEN,52,Chennai
CLM0000969,CHE_03907,T Nagar,2022-08-24,20,0,0,0,0,0,0,0,0,0,0.0,0.381775,0,1.0,0,208,3,3,0.188,0.1046,GREEN,31,Chennai
CLM0000970,CHE_09365,Guindy,2025-08-29,12,0,0,0,1,1,1,1,1,1,0.0,0.259571,0,1.0,0,32,0,8,0.8578,0.0367,GREEN,43,Chennai
CLM0000971,CHE_09603,Anna Nagar,2025-07-24,10,0,0,0,0,0,0,0,0,0,1.0,0.135009,0,0.0,0,5,4,0,0.8231,0.0,GREEN,26,Chennai
CLM0000972,CHE_08339,Sholinganallur,2024-10-16,12,0,0,0,0,0,1,1,0,0,1.0,0.392138,0,0.0,0,420,4,0,0.8141,0.1418,GREEN,28,Chennai
CLM0000973,CHE_09666,Sholinganallur,2023-12-11,21,0,0,0,0,0,0,0,0,0,0.0,0.005277,0,0.0,0,420,4,1,0.05,0.0,GREEN,22,Chennai
CLM0000974,CHE_01749,Tambaram,2025-12-18,15,0,0,0,0,0,0,0,0,0,0.0,0.220351,0,0.0,0,153,2,0,0.8039,0.0314,GREEN,40,Chennai
CLM0000975,CHE_06897,Chromepet,2024-08-12,18,0,0,0,1,0,0,1,0,0,0.0,0.087555,0,1.0,0,404,2,0,0.7661,0.3253,YELLOW,35,Chennai
CLM0000976,CHE_00628,Guindy,2021-06-05,15,0,0,0,0,0,0,0,0,0,0.0,0.05976,0,0.0,0,87,0,2,0.9649,0.0,GREEN,53,Chennai
CLM0000977,CHE_06133,Velachery,2019-08-24,11,0,0,0,1,1,1,1,1,0,0.0,0.282391,0,1.0,0,6,2,18,0.2265,0.0744,GREEN,18,Chennai
CLM0000978,CHE_04999,Sholinganallur,2018-08-30,21,0,0,0,0,0,0,0,0,0,0.0,0.262861,0,0.0,0,267,3,1,0.4069,0.0291,GREEN,45,Chennai
CLM0000979,CHE_09729,Tambaram,2023-09-04,11,0,0,0,0,0,0,0,0,0,0.0,0.046726,0,0.0,0,375,1,4,0.7732,0.0,GREEN,44,Chennai
CLM0000980,CHE_08712,Sholinganallur,2022-04-19,13,0,0,0,0,0,0,0,0,0,0.0,0.909417,0,0.0,0,386,0,6,0.748,0.0,GREEN,27,Chennai
CLM0000981,CHE_09142,Guindy,2021-08-29,17,0,0,0,1,0,0,0,0,0,0.0,0.285163,0,0.0,0,303,3,3,0.5959,0.1542,GREEN,38,Chennai
CLM0000982,CHE_00499,Velachery,2022-09-21,12,0,0,0,0,0,0,0,1,0,0.0,0.168273,0,0.0,0,45,1,5,0.7464,0.1006,GREEN,51,Chennai
CLM0000983,CHE_03930,T Nagar,2024-08-30,13,0,0,0,0,0,0,0,0,0,0.0,1.0,0,0.0,0,51,1,0,0.9334,0.0637,GREEN,28,Chennai
CLM0000984,CHE_03568,Anna Nagar,2023-04-14,14,0,0,0,0,1,1,0,0,1,0.0,0.0,0,0.0,0,306,2,2,0.8652,0.4257,YELLOW,56,Chennai
CLM0000985,CHE_04671,Adyar,2024-05-26,8,0,0,0,0,0,0,0,0,0,1.0,1.0,0,1.0,0,128,0,5,0.4762,0.0,GREEN,37,Chennai
CLM0000986,CHE_03424,Guindy,2024-09-24,7,0,0,0,0,1,0,1,1,0,0.0,0.957961,0,0.0,0,20,1,9,0.3111,0.0,GREEN,60,Chennai
CLM0000987,CHE_08941,Adyar,2024-09-16,11,0,0,0,0,0,0,0,0,0,0.0,0.0,0,0.0,0,198,1,3,0.6492,0.0,GREEN,60,Chennai
CLM0000988,CHE_07700,Chromepet,2024-09-12,16,0,0,0,0,0,0,0,0,0,0.0,0.013056,0,0.0,0,238,1,0,0.8614,0.1354,GREEN,25,Chennai
CLM0000989,CHE_02614,Porur,2024-08-27,9,0,0,0,0,0,0,0,0,0,0.0,0.256361,0,0.0,0,71,1,3,0.4018,0.0,GREEN,48,Chennai
CLM0000990,CHE_08144,Sholinganallur,2024-09-20,20,0,0,0,0,0,0,0,0,0,0.0,0.916091,0,0.0,1,341,2,3,0.5958,0.0024,GREEN,24,Chennai
CLM0000991,CHE_02735,Perambur,2025-10-04,15,0,0,0,0,0,0,0,0,0,0.0,0.0,0,0.0,0,408,3,0,0.659,0.0,GREEN,42,Chennai
CLM0000992,CHE_03693,Anna Nagar,2025-11-21,12,0,0,0,0,1,1,0,0,0,1.0,0.285504,0,0.0,0,293,1,3,0.2636,0.1391,GREEN,41,Chennai
CLM0000993,CHE_07102,Tambaram,2023-03-27,7,0,0,0,0,0,0,0,0,0,1.0,0.968111,1,0.0,0,152,3,3,0.0778,0.1334,GREEN,30,Chennai
CLM0000994,CHE_08062,Porur,2025-03-31,10,0,0,0,0,0,0,0,1,0,0.0,0.18429,0,0.0,0,389,3,0,0.5642,0.1648,GREEN,50,Chennai
CLM0000995,CHE_06597,Tambaram,2025-08-15,20,0,0,0,0,0,0,0,0,0,1.0,0.393248,0,0.0,0,420,0,1,0.05,0.1166,GREEN,30,Chennai
CLM0000996,CHE_04390,Porur,2024-10-30,17,0,0,0,0,0,1,0,0,0,0.0,0.128642,0,0.0,1,339,2,3,0.5626,0.2697,GREEN,54,Chennai
CLM0000997,CHE_06182,Tambaram,2025-06-28,20,0,0,0,0,0,0,0,0,0,0.0,0.080007,0,0.0,0,97,4,0,0.9256,0.0247,GREEN,40,Chennai
CLM0000998,CHE_06741,Adyar,2024-08-05,16,0,0,0,0,0,0,0,0,0,0.0,0.276922,0,0.0,0,418,2,5,0.5013,0.0812,GREEN,52,Chennai
CLM0000999,CHE_06336,Anna Nagar,2025-04-30,20,0,0,0,0,0,0,0,0,0,0.0,0.0,0,0.0,0,233,4,3,0.6359,0.0,GREEN,33,Chennai
CLM0001000,CHE_01606,Tambaram,2024-10-18,12,0,0,0,0,0,0,0,0,0,0.0,0.262517,0,0.0,0,288,0,2,0.9292,0.0,GREEN,23,Chennai
CLM0001001,CHE_06242,Anna Nagar,2024-10-10,10,0,0,0,0,0,0,0,0,0,1.0,0.122545,1,0.0,0,420,2,2,0.98,0.0918,GREEN,23,Chennai
CLM0001002,CHE_08294,Adyar,2017-03-03,13,0,0,0,0,0,0,0,0,0,0.0,0.0,0,1.0,0,86,3,6,0.6895,0.0,GREEN,37,Chennai
CLM0001003,CHE_01414,T Nagar,2021-04-05,21,0,0,0,1,0,1,0,0,0,1.0,0.141732,0,0.0,0,389,3,2,0.7931,0.2809,GREEN,48,Chennai
CLM0001004,CHE_07984,Perambur,2018-11-13,21,1,0,0,0,0,1,0,0,0,0.0,0.091508,0,0.0,1,261,0,2,0.8564,0.2489,GREEN,57,Chennai
CLM0001005,CHE_07361,Adyar,2020-09-22,10,0,0,0,0,0,0,0,1,0,0.0,0.157783,0,0.0,0,155,1,2,0.05,0.1431,GREEN,18,Chennai
CLM0001006,CHE_07286,Tambaram,2017-11-14,8,0,0,0,0,0,0,0,0,0,0.0,0.016622,0,0.0,0,420,3,2,0.2122,0.0318,GREEN,37,Chennai
CLM0001007,CHE_07037,Adyar,2023-09-05,11,0,0,0,0,0,0,0,0,0,0.0,0.11546,0,0.0,1,110,1,2,0.7812,0.0751,GREEN,55,Chennai
CLM0001008,CHE_03602,Sholinganallur,2021-07-02,20,0,0,0,0,0,0,1,0,0,0.0,0.276547,0,0.0,0,420,2,4,0.7067,0.0098,GREEN,42,Chennai
CLM0001009,CHE_07060,Perambur,2018-09-28,7,0,0,0,0,0,0,0,0,0,0.0,0.0,0,1.0,0,21,1,0,0.7187,0.0,GREEN,32,Chennai
CLM0001010,CHE_06462,Perambur,2021-03-23,19,0,0,0,0,0,0,0,0,1,1.0,0.895401,0,1.0,0,355,0,8,0.789,0.1232,GREEN,41,Chennai
CLM0001011,CHE_09262,Chromepet,2023-03-29,18,0,0,0,0,0,0,0,0,0,0.0,0.293289,0,0.0,0,311,1,0,0.6394,0.0193,GREEN,44,Chennai
CLM0001012,CHE_01566,Perambur,2022-05-02,13,0,0,0,0,0,0,0,0,0,0.0,0.360904,0,0.0,0,420,2,0,0.98,0.0687,GREEN,32,Chennai
CLM0001013,CHE_02252,Porur,2024-11-10,9,0,0,0,1,1,0,1,1,0,1.0,0.611248,0,1.0,1,9,1,17,0.9794,0.028,GREEN,32,Chennai
CLM0001014,CHE_06996,T Nagar,2024-11-08,18,0,0,0,1,1,1,1,1,1,1.0,1.0,0,1.0,0,26,4,18,0.3195,0.0,GREEN,45,Chennai
CLM0001015,CHE_03796,Chromepet,2021-11-27,17,0,1,1,0,0,0,0,1,0,0.0,0.147853,0,0.0,0,420,1,5,0.2119,0.0444,GREEN,44,Chennai
CLM0001016,CHE_00255,Sholinganallur,2025-07-26,21,0,0,0,0,0,0,0,0,0,0.0,0.356339,0,0.0,0,324,4,3,0.8471,0.0,GREEN,39,Chennai
CLM0001017,CHE_04316,Chromepet,2025-03-07,17,0,0,0,0,0,0,0,0,0,0.0,0.136072,0,0.0,0,146,1,2,0.652,0.0,GREEN,35,Chennai
CLM0001018,CHE_03628,Chromepet,2022-04-26,16,0,0,0,0,0,0,0,0,0,0.0,0.068918,0,0.0,0,241,2,5,0.0768,0.0,GREEN,44,Chennai
CLM0001019,CHE_04810,Tambaram,2025-03-22,12,0,0,0,0,0,0,0,0,0,0.0,0.269745,0,0.0,0,5,4,2,0.4181,0.0,GREEN,37,Chennai
CLM0001020,CHE_04648,Adyar,2023-08-07,7,0,0,0,0,1,0,0,0,0,1.0,0.110979,0,0.0,0,67,4,2,0.9271,0.2927,GREEN,38,Chennai
CLM0001021,CHE_09862,T Nagar,2019-04-22,16,0,0,0,0,0,1,0,1,1,0.0,0.258792,0,0.0,0,164,4,1,0.6893,0.2695,GREEN,40,Chennai
CLM0001022,CHE_05646,Adyar,2017-09-24,21,0,0,0,0,0,0,1,0,0,0.0,0.24183,0,0.0,0,101,4,0,0.8948,0.0392,GREEN,37,Chennai
CLM0001023,CHE_00424,Porur,2022-09-24,13,0,0,0,0,0,0,0,0,0,0.0,0.27573,0,0.0,0,41,1,4,0.9726,0.0,GREEN,28,Chennai
CLM0001024,CHE_02961,Velachery,2019-07-10,14,0,0,0,0,1,0,1,0,0,0.0,0.147252,0,0.0,0,271,2,6,0.913,0.1244,GREEN,52,Chennai
CLM0001025,CHE_08224,Tambaram,2018-10-05,11,0,0,0,0,0,0,1,0,0,1.0,0.037915,0,0.0,0,67,3,6,0.4534,0.1143,GREEN,31,Chennai
CLM0001026,CHE_08418,Perambur,2017-01-09,14,0,0,0,0,0,0,0,0,0,0.0,0.298159,0,0.0,0,41,4,2,0.5562,0.0133,GREEN,30,Chennai
CLM0001027,CHE_06944,Perambur,2021-06-26,7,0,0,0,0,0,0,0,0,0,0.0,1.0,0,0.0,0,161,4,0,0.7873,0.0203,GREEN,44,Chennai
CLM0001028,CHE_06526,Adyar,2018-09-29,14,0,0,0,0,0,1,0,0,0,0.0,0.0,0,0.0,0,338,3,0,0.4748,0.2159,GREEN,35,Chennai
CLM0001029,CHE_07043,Sholinganallur,2021-05-06,17,0,0,0,0,0,0,0,0,0,0.0,0.364351,0,0.0,0,270,1,0,0.8628,0.0,GREEN,36,Chennai
CLM0001030,CHE_05013,Porur,2024-03-29,12,0,0,0,1,0,0,0,0,0,0.0,1.0,0,0.0,0,296,0,4,0.98,0.1157,GREEN,46,Chennai
CLM0001031,CHE_04809,Guindy,2017-05-07,20,0,0,0,0,0,0,0,0,0,0.0,0.415149,0,0.0,0,180,2,1,0.8946,0.0,GREEN,39,Chennai
CLM0001032,CHE_06593,Guindy,2023-12-15,17,0,0,0,0,0,0,0,1,0,0.0,0.318532,0,0.0,0,149,0,0,0.1476,0.0866,GREEN,38,Chennai
CLM0001033,CHE_00729,Perambur,2023-07-19,10,0,0,0,0,0,0,0,0,0,0.0,0.145112,0,0.0,0,413,1,3,0.8836,0.0,GREEN,32,Chennai
CLM0001034,CHE_08373,Sholinganallur,2022-05-28,11,0,0,0,0,0,0,0,0,0,0.0,0.112676,0,0.0,0,420,1,1,0.4835,0.0,GREEN,51,Chennai
CLM0001035,CHE_07356,Porur,2023-01-01,9,0,0,0,0,0,0,0,0,0,1.0,0.944634,0,1.0,0,420,0,5,0.5483,0.3922,YELLOW,24,Chennai
CLM0001036,CHE_03605,Velachery,2019-05-12,12,0,0,0,0,0,0,0,0,0,0.0,0.0,0,0.0,0,335,3,4,0.5608,0.0,GREEN,37,Chennai
CLM0001037,CHE_04926,Adyar,2023-05-10,19,0,0,0,0,0,0,0,0,0,0.0,0.135956,1,0.0,0,45,1,0,0.8813,0.0992,GREEN,39,Chennai
CLM0001038,CHE_05037,Velachery,2016-09-21,9,0,0,0,0,0,0,0,0,0,0.0,0.104306,0,1.0,0,364,4,3,0.9189,0.0,GREEN,42,Chennai
CLM0001039,CHE_05499,Velachery,2017-02-28,17,0,0,0,0,0,0,0,0,0,0.0,0.090001,0,0.0,0,401,1,3,0.5551,0.1394,GREEN,34,Chennai
CLM0001040,CHE_08694,T Nagar,2023-05-10,15,0,0,0,0,0,0,0,1,0,0.0,0.332485,0,0.0,0,385,2,0,0.6205,0.0,GREEN,43,Chennai
CLM0001041,CHE_00434,Anna Nagar,2021-07-25,8,0,0,0,1,1,1,1,1,1,0.0,0.065879,1,0.0,0,5,0,18,0.8587,0.0,GREEN,23,Chennai
CLM0001042,CHE_05914,Anna Nagar,2025-12-10,12,0,0,0,0,0,0,0,0,0,0.0,0.16071,0,0.0,0,171,2,0,0.7858,0.0392,GREEN,37,Chennai
CLM0001043,CHE_01410,Chromepet,2021-07-06,9,0,0,0,0,0,0,0,0,0,0.0,0.312199,0,0.0,0,160,3,4,0.7904,0.0405,GREEN,42,Chennai
CLM0001044,CHE_01400,Chromepet,2018-09-16,13,0,0,0,0,0,0,0,0,0,0.0,0.180594,0,0.0,0,99,2,5,0.544,0.0,GREEN,38,Chennai
CLM0001045,CHE_04932,T Nagar,2023-04-18,9,0,0,0,0,0,0,0,1,0,0.0,0.020175,1,0.0,0,238,4,3,0.679,0.1613,GREEN,19,Chennai
CLM0001046,CHE_08440,Sholinganallur,2024-09-15,17,0,0,0,0,0,0,0,0,0,0.0,0.235581,0,0.0,0,82,1,2,0.8065,0.0,GREEN,45,Chennai
CLM0001047,CHE_08755,T Nagar,2019-07-03,15,0,0,0,0,0,0,0,0,0,0.0,0.36148,0,0.0,0,223,2,0,0.4149,0.0,GREEN,49,Chennai
CLM0001048,CHE_09006,Sholinganallur,2025-01-19,13,0,0,0,0,1,0,0,1,0,0.0,0.390678,1,1.0,0,225,0,4,0.8889,0.3322,YELLOW,38,Chennai
CLM0001049,CHE_07738,Sholinganallur,2024-10-23,9,0,0,0,0,0,1,0,0,0,0.0,1.0,0,0.0,0,357,4,6,0.05,0.1647,GREEN,45,Chennai
CLM0001050,CHE_07310,Guindy,2022-10-15,8,0,0,0,0,0,0,0,0,0,0.0,0.022384,0,0.0,0,215,2,1,0.8186,0.0128,GREEN,49,Chennai
CLM0001051,CHE_00855,Chromepet,2021-03-27,7,0,0,0,0,0,0,0,0,0,0.0,0.236823,0,0.0,0,55,2,4,0.9513,0.0435,GREEN,59,Chennai
CLM0001052,CHE_00462,Anna Nagar,2020-06-09,21,0,0,0,0,0,0,0,0,0,0.0,0.011123,0,0.0,0,94,4,2,0.6352,0.0,GREEN,51,Chennai
CLM0001053,CHE_09137,Sholinganallur,2020-10-04,17,0,0,0,0,0,0,0,0,0,0.0,0.359433,0,0.0,0,146,3,4,0.8159,0.0891,GREEN,48,Chennai
CLM0001054,CHE_06602,Velachery,2023-02-23,7,0,1,1,1,1,0,1,1,0,1.0,0.566101,0,1.0,1,5,1,16,0.9542,0.6955,RED,33,Chennai
CLM0001055,CHE_07364,Anna Nagar,2024-05-11,15,0,1,1,1,1,1,1,1,1,1.0,0.990255,1,1.0,0,5,2,18,0.3244,0.7923,RED,48,Chennai
CLM0001056,CHE_09374,Chromepet,2019-01-11,12,0,1,1,1,1,0,1,1,1,1.0,0.218934,0,1.0,1,25,0,18,0.0695,0.766,RED,26,Chennai
CLM0001057,CHE_03875,Sholinganallur,2019-10-30,9,0,0,0,0,0,0,0,0,0,0.0,0.189027,0,0.0,1,144,2,1,0.8272,0.1619,GREEN,47,Chennai
CLM0001058,CHE_05219,Adyar,2023-07-29,17,0,0,0,0,0,0,0,0,0,1.0,0.345211,0,0.0,0,396,1,4,0.7766,0.099,GREEN,48,Chennai
CLM0001059,CHE_03363,Adyar,2025-09-22,19,0,0,0,0,0,0,0,0,0,0.0,0.421416,0,0.0,0,268,3,3,0.8241,0.0025,GREEN,46,Chennai
CLM0001060,CHE_09846,Chromepet,2019-02-22,18,0,0,0,0,0,0,0,0,0,1.0,1.0,0,1.0,0,53,3,0,0.6624,0.0223,GREEN,28,Chennai
CLM0001061,CHE_01422,Velachery,2019-01-13,14,0,1,1,0,0,1,0,0,0,0.0,0.415766,0,0.0,0,280,2,2,0.5202,0.0873,GREEN,32,Chennai
CLM0001062,CHE_09731,Velachery,2019-05-25,18,0,0,0,0,0,0,0,0,0,0.0,0.098561,0,0.0,0,211,2,3,0.8221,0.0164,GREEN,25,Chennai
CLM0001063,CHE_04097,Porur,2022-10-23,15,0,0,0,0,0,0,0,0,0,0.0,0.047005,0,0.0,0,393,3,3,0.6293,0.0,GREEN,44,Chennai
CLM0001064,CHE_09034,Perambur,2025-10-24,13,0,0,0,0,0,0,0,1,0,0.0,0.869215,0,0.0,0,109,0,1,0.9768,0.1643,GREEN,52,Chennai
CLM0001065,CHE_03631,Perambur,2023-11-26,11,0,0,0,0,1,0,1,1,1,0.0,0.977803,0,0.0,1,5,2,18,0.3241,0.0385,GREEN,32,Chennai
CLM0001066,CHE_07868,Adyar,2019-06-13,21,0,0,0,0,0,0,0,0,1,0.0,0.324534,0,0.0,0,75,4,5,0.7734,0.0975,GREEN,50,Chennai
CLM0001067,CHE_09763,Velachery,2024-06-24,15,0,0,0,1,0,0,0,0,0,0.0,0.023346,0,0.0,0,420,3,0,0.6545,0.1116,GREEN,47,Chennai
CLM0001068,CHE_05949,Velachery,2022-04-03,11,0,0,0,0,0,0,0,0,0,0.0,0.121154,0,0.0,1,294,3,1,0.6517,0.1485,GREEN,46,Chennai
CLM0001069,CHE_07507,Anna Nagar,2018-07-03,20,0,0,0,0,0,0,0,0,0,0.0,1.0,0,0.0,0,155,2,3,0.7074,0.0,GREEN,29,Chennai
CLM0001070,CHE_04389,Guindy,2024-12-21,11,0,0,0,0,0,0,0,0,0,0.0,0.0,0,0.0,0,255,3,5,0.7278,0.0752,GREEN,32,Chennai
CLM0001071,CHE_07507,Anna Nagar,2016-01-17,11,0,0,0,0,0,0,0,0,0,0.0,0.322012,0,0.0,0,420,2,1,0.98,0.0796,GREEN,29,Chennai
CLM0001072,CHE_01793,Guindy,2020-09-03,11,0,0,0,0,0,0,0,0,0,0.0,0.169082,0,0.0,0,313,1,0,0.9241,0.0,GREEN,38,Chennai
CLM0001073,CHE_08175,Adyar,2019-01-02,7,0,0,0,0,0,0,0,0,0,1.0,0.029908,0,0.0,1,249,3,0,0.6483,0.1561,GREEN,46,Chennai
CLM0001074,CHE_00446,Sholinganallur,2020-12-26,16,0,0,0,0,0,0,0,0,0,1.0,0.0,0,0.0,0,340,0,1,0.1406,0.0817,GREEN,45,Chennai
CLM0001075,CHE_05644,Sholinganallur,2016-05-30,19,0,0,0,0,0,0,1,0,0,1.0,0.299151,0,0.0,0,17,2,4,0.5095,0.1472,GREEN,33,Chennai
CLM0001076,CHE_07401,T Nagar,2016-05-30,17,0,0,0,0,0,0,0,0,0,1.0,0.97695,0,1.0,0,317,2,5,0.7397,0.0,GREEN,48,Chennai
CLM0001077,CHE_08233,Tambaram,2023-04-06,12,0,1,1,0,0,0,0,0,0,0.0,0.278749,0,0.0,0,24,0,3,0.9116,0.0,GREEN,31,Chennai
CLM0001078,CHE_01811,Chromepet,2025-12-03,21,0,0,0,1,0,0,0,0,0,0.0,0.902005,0,0.0,0,238,0,3,0.887,0.207,GREEN,44,Chennai
CLM0001079,CHE_07281,Sholinganallur,2025-02-28,16,0,0,0,0,1,0,1,1,0,1.0,1.0,1,1.0,1,17,2,18,0.2583,0.1591,GREEN,32,Chennai
CLM0001080,CHE_01193,Anna Nagar,2025-04-10,15,0,0,0,0,0,0,0,0,0,0.0,0.087867,0,0.0,0,420,3,0,0.811,0.0,GREEN,45,Chennai
CLM0001081,CHE_04243,Tambaram,2024-11-08,15,0,0,0,0,0,1,0,0,0,0.0,0.0,0,0.0,0,20,2,0,0.9062,0.0361,GREEN,53,Chennai
CLM0001082,CHE_06304,Porur,2025-02-12,13,0,0,0,0,0,0,1,0,0,0.0,0.313138,0,0.0,0,143,2,2,0.6921,0.049,GREEN,54,Chennai
CLM0001083,CHE_07250,Sholinganallur,2025-01-02,8,0,0,0,0,0,0,0,1,0,0.0,0.025513,0,0.0,0,122,1,2,0.5749,0.1941,GREEN,41,Chennai
CLM0001084,CHE_03994,Chromepet,2025-12-24,18,0,0,0,0,0,0,0,0,0,0.0,0.196666,0,0.0,0,78,3,4,0.7343,0.0176,GREEN,47,Chennai
CLM0001085,CHE_07212,Adyar,2021-01-27,17,0,0,0,1,0,0,0,0,0,0.0,0.430832,0,0.0,0,395,1,1,0.76,0.157,GREEN,43,Chennai
CLM0001086,CHE_07032,T Nagar,2023-11-15,15,0,0,0,0,0,1,0,0,0,1.0,0.112642,0,0.0,1,258,4,4,0.8807,0.2665,GREEN,34,Chennai
CLM0001087,CHE_00083,Anna Nagar,2022-05-02,13,0,0,0,0,0,0,0,0,0,0.0,0.011285,0,0.0,1,420,0,0,0.9098,0.1058,GREEN,40,Chennai
CLM0001088,CHE_01122,Adyar,2023-03-26,8,0,0,0,0,0,0,0,1,0,0.0,0.514143,0,0.0,0,206,2,0,0.9494,0.1166,GREEN,25,Chennai
CLM0001089,CHE_03727,Anna Nagar,2021-11-17,17,0,0,0,0,0,0,0,0,0,0.0,0.035746,0,0.0,0,279,3,3,0.8114,0.1217,GREEN,41,Chennai
CLM0001090,CHE_04641,Tambaram,2021-08-25,10,0,0,0,0,0,0,0,0,0,0.0,0.153774,0,1.0,0,136,0,4,0.8097,0.0,GREEN,59,Chennai
CLM0001091,CHE_08805,Porur,2024-06-17,12,0,0,0,0,0,0,0,0,0,0.0,0.310682,0,0.0,0,420,4,0,0.2361,0.0826,GREEN,41,Chennai
CLM0001092,CHE_04786,Guindy,2017-12-24,19,0,0,0,0,0,1,0,0,0,0.0,0.327479,0,0.0,0,58,4,1,0.6239,0.193,GREEN,54,Chennai
CLM0001093,CHE_07749,Porur,2020-04-12,20,0,0,0,0,0,0,0,0,0,0.0,0.362364,0,0.0,0,420,4,0,0.5017,0.0,GREEN,48,Chennai
CLM0001094,CHE_03993,Anna Nagar,2018-02-17,10,0,0,0,0,0,0,0,0,0,1.0,0.251138,0,0.0,0,200,2,4,0.7691,0.0,GREEN,54,Chennai
CLM0001095,CHE_05727,Porur,2025-01-06,13,0,0,0,0,0,0,0,0,0,0.0,0.997493,0,0.0,0,86,3,0,0.9634,0.0,GREEN,31,Chennai
CLM0001096,CHE_09261,Guindy,2023-11-03,14,0,1,1,0,1,0,0,0,0,0.0,0.141201,0,0.0,0,420,1,5,0.8863,0.6488,RED,36,Chennai
CLM0001097,CHE_03405,Guindy,2024-12-19,8,0,1,1,1,1,0,1,1,1,0.0,0.170332,1,0.0,0,24,0,18,0.8479,0.7568,RED,48,Chennai
CLM0001098,CHE_03084,Chromepet,2022-11-29,10,0,1,1,0,0,0,0,0,0,1.0,0.964872,0,0.0,0,187,2,3,0.98,0.8489,RED,45,Chennai
CLM0001099,CHE_08317,Sholinganallur,2023-04-07,11,0,1,1,0,1,0,1,1,0,1.0,1.0,1,0.0,1,27,1,15,0.0952,0.47,YELLOW,40,Chennai
CLM0001100,CHE_06575,Anna Nagar,2025-06-01,17,0,0,0,1,0,0,0,0,0,0.0,0.0,0,0.0,0,240,3,1,0.0525,0.1998,GREEN,33,Chennai
CLM0001101,CHE_09066,Sholinganallur,2020-04-17,8,0,0,0,0,0,0,0,0,0,0.0,0.298764,0,0.0,0,116,0,1,0.729,0.0062,GREEN,43,Chennai
CLM0001102,CHE_09331,Anna Nagar,2024-12-01,12,0,0,0,0,0,1,0,0,0,0.0,0.0,0,0.0,0,420,2,6,0.6608,0.0618,GREEN,36,Chennai
CLM0001103,CHE_07675,Velachery,2020-11-27,15,0,0,0,1,0,0,0,0,0,0.0,0.287794,0,0.0,0,420,3,1,0.8901,0.1366,GREEN,32,Chennai
CLM0001104,CHE_05679,Sholinganallur,2023-07-09,19,0,0,0,0,0,0,0,0,0,1.0,0.961383,0,0.0,0,347,0,2,0.9603,0.0358,GREEN,44,Chennai
CLM0001105,CHE_09838,Velachery,2017-11-18,21,0,0,0,0,0,0,0,0,0,0.0,0.156865,0,0.0,0,405,1,4,0.6317,0.021,GREEN,32,Chennai
CLM0001106,CHE_02236,T Nagar,2024-12-05,19,0,0,0,0,0,0,0,0,0,0.0,0.335514,0,0.0,0,391,3,5,0.8198,0.0,GREEN,27,Chennai
CLM0001107,CHE_02278,Adyar,2024-01-02,13,0,0,0,0,0,0,0,0,0,1.0,0.168135,0,0.0,0,420,1,0,0.7836,0.0615,GREEN,31,Chennai
CLM0001108,CHE_02305,Velachery,2017-05-21,10,0,0,0,0,0,0,0,0,0,0.0,0.146915,0,0.0,0,187,2,5,0.6314,0.0,GREEN,40,Chennai
CLM0001109,CHE_04821,Porur,2021-07-08,7,0,0,0,0,0,0,0,0,0,0.0,0.158044,0,0.0,0,403,1,5,0.7556,0.0,GREEN,56,Chennai
CLM0001110,CHE_09306,Anna Nagar,2022-12-09,12,0,0,0,0,1,1,0,0,0,0.0,0.395364,0,0.0,1,375,3,5,0.3195,0.3635,YELLOW,38,Chennai
CLM0001111,CHE_06961,Chromepet,2019-02-18,11,0,0,0,0,0,0,0,0,0,0.0,0.0,0,0.0,0,194,0,0,0.5664,0.0,GREEN,31,Chennai
CLM0001112,CHE_05729,Perambur,2018-08-20,11,0,0,0,0,0,0,0,0,0,1.0,0.037871,0,0.0,0,416,2,3,0.6111,0.0617,GREEN,33,Chennai
CLM0001113,CHE_03261,Perambur,2016-03-24,7,0,0,0,0,0,0,0,0,0,0.0,0.339014,1,0.0,0,344,2,0,0.7571,0.2061,GREEN,61,Chennai
CLM0001114,CHE_04427,Chromepet,2024-05-09,16,0,0,0,0,1,0,1,1,1,1.0,0.956411,0,1.0,1,5,2,18,0.6561,0.0634,GREEN,43,Chennai
CLM0001115,CHE_09315,Anna Nagar,2020-12-04,7,0,0,0,0,0,0,0,0,0,0.0,0.116169,0,0.0,0,236,4,0,0.98,0.0,GREEN,34,Chennai
CLM0001116,CHE_09886,Porur,2019-09-20,8,0,0,0,0,0,0,0,0,0,0.0,0.93721,0,0.0,0,287,2,2,0.05,0.0,GREEN,35,Chennai
CLM0001117,CHE_07202,Chromepet,2022-09-28,21,0,0,0,0,0,0,0,1,0,0.0,0.245104,0,0.0,0,106,4,6,0.2,0.0483,GREEN,43,Chennai
CLM0001118,CHE_04959,Velachery,2017-01-07,18,0,0,0,0,0,0,0,0,0,0.0,0.084259,0,0.0,0,355,0,0,0.6153,0.0034,GREEN,48,Chennai
CLM0001119,CHE_01393,Velachery,2024-04-16,18,0,0,0,0,0,0,0,0,0,1.0,0.005611,0,0.0,1,60,1,2,0.8245,0.2257,GREEN,47,Chennai
CLM0001120,CHE_03442,Adyar,2022-04-04,14,0,0,0,0,0,0,0,0,0,0.0,0.369332,0,0.0,0,420,3,4,0.7194,0.0472,GREEN,53,Chennai
CLM0001121,CHE_05725,Chromepet,2016-11-28,10,0,0,0,0,0,0,0,0,0,0.0,0.14824,0,0.0,0,266,2,1,0.451,0.0526,GREEN,44,Chennai
CLM0001122,CHE_09753,T Nagar,2024-12-04,16,0,0,0,0,0,1,1,0,0,0.0,0.381375,0,0.0,0,420,0,1,0.5944,0.1328,GREEN,39,Chennai
CLM0001123,CHE_09422,T Nagar,2021-03-27,12,0,0,0,0,0,0,0,0,0,0.0,0.265949,0,0.0,0,384,1,0,0.4551,0.0,GREEN,44,Chennai
CLM0001124,CHE_04019,Anna Nagar,2024-07-05,13,0,0,0,0,0,0,0,0,0,0.0,0.030366,0,0.0,0,138,2,0,0.1047,0.0026,GREEN,42,Chennai
CLM0001125,CHE_02861,Anna Nagar,2021-03-15,15,0,0,0,0,0,0,0,1,0,1.0,0.422885,0,0.0,0,244,4,0,0.3112,0.0873,GREEN,53,Chennai
CLM0001126,CHE_02219,Chromepet,2024-04-03,11,0,0,0,0,0,0,0,0,0,0.0,1.0,0,0.0,0,420,0,4,0.8959,0.1414,GREEN,59,Chennai
CLM0001127,CHE_09854,Chromepet,2024-02-09,19,0,0,0,0,1,1,0,0,0,0.0,0.352589,0,0.0,0,122,0,2,0.7421,0.3527,YELLOW,52,Chennai
CLM0001128,CHE_08257,Porur,2023-03-15,10,0,0,0,1,0,0,0,0,0,0.0,0.087513,0,0.0,0,314,0,6,0.9178,0.2807,GREEN,32,Chennai
CLM0001129,CHE_04587,Chromepet,2023-08-23,13,0,0,0,0,0,0,0,0,0,0.0,0.17379,0,0.0,0,98,1,6,0.9127,0.0,GREEN,38,Chennai
CLM0001130,CHE_09952,Perambur,2020-11-19,10,0,0,0,1,0,1,0,1,1,0.0,0.980066,0,0.0,1,21,0,18,0.3158,0.0,GREEN,57,Chennai
CLM0001131,CHE_06431,Tambaram,2024-03-09,13,0,0,0,0,0,0,0,0,0,0.0,0.421161,0,0.0,0,404,0,2,0.1916,0.0,GREEN,41,Chennai
CLM0001132,CHE_04608,Perambur,2023-05-14,15,0,0,0,0,0,0,0,0,0,0.0,0.454975,0,0.0,0,44,2,0,0.9611,0.0149,GREEN,48,Chennai
CLM0001133,CHE_07514,Chromepet,2021-06-26,11,0,0,0,0,0,0,0,0,0,0.0,0.151179,0,1.0,0,396,2,1,0.9283,0.0175,GREEN,37,Chennai
CLM0001134,CHE_05194,Adyar,2017-06-17,20,0,0,0,0,0,0,0,0,0,1.0,0.202887,1,0.0,0,169,1,0,0.5131,0.2655,GREEN,36,Chennai
CLM0001135,CHE_03099,Anna Nagar,2020-06-29,17,0,0,0,0,0,0,0,0,0,0.0,0.163779,0,0.0,0,420,4,4,0.1658,0.0174,GREEN,50,Chennai
CLM0001136,CHE_07200,Perambur,2022-07-18,20,0,0,0,0,0,0,0,0,0,0.0,1.0,0,0.0,0,407,1,4,0.98,0.0,GREEN,49,Chennai
CLM0001137,CHE_00895,T Nagar,2023-04-25,7,0,0,0,0,0,0,0,0,0,1.0,0.361221,0,0.0,1,305,2,4,0.8011,0.0889,GREEN,44,Chennai
CLM0001138,CHE_00061,Velachery,2018-02-03,14,0,0,0,0,0,0,1,0,0,0.0,0.999497,1,0.0,0,207,4,3,0.635,0.171,GREEN,46,Chennai
CLM0001139,CHE_09273,Tambaram,2025-05-03,8,0,0,0,0,0,0,0,0,0,0.0,1.0,0,0.0,1,231,1,2,0.7877,0.1183,GREEN,44,Chennai
CLM0001140,CHE_06502,Velachery,2025-09-17,14,0,0,0,0,0,1,0,0,0,0.0,0.384236,0,0.0,0,19,4,3,0.7427,0.1263,GREEN,38,Chennai
CLM0001141,CHE_09037,Sholinganallur,2020-03-20,19,0,0,0,0,0,0,0,0,0,0.0,0.033231,0,0.0,0,242,0,4,0.9279,0.0,GREEN,18,Chennai
CLM0001142,CHE_04997,T Nagar,2018-09-06,19,0,0,0,0,0,0,0,0,0,0.0,0.185394,0,0.0,0,188,4,2,0.6707,0.0,GREEN,40,Chennai
CLM0001143,CHE_01112,Chromepet,2021-09-07,21,0,0,0,0,0,0,0,0,0,0.0,0.253248,0,0.0,0,420,1,2,0.05,0.0282,GREEN,51,Chennai
CLM0001144,CHE_02353,T Nagar,2018-10-08,21,0,0,0,0,0,0,0,0,0,0.0,0.212167,0,0.0,0,415,4,3,0.5823,0.0,GREEN,40,Chennai
CLM0001145,CHE_05238,Tambaram,2020-01-10,9,0,0,0,0,0,0,0,0,0,0.0,0.298063,0,0.0,0,333,3,1,0.98,0.0,GREEN,28,Chennai
CLM0001146,CHE_04878,Perambur,2024-07-03,21,0,0,0,0,0,0,0,0,0,0.0,0.103628,0,0.0,0,420,4,4,0.6384,0.1043,GREEN,37,Chennai
CLM0001147,CHE_01446,Adyar,2025-06-27,7,0,1,1,0,0,1,0,0,0,0.0,0.0,0,1.0,0,173,3,3,0.1179,0.1336,GREEN,42,Chennai
CLM0001148,CHE_04679,Sholinganallur,2025-05-08,21,0,0,0,0,0,1,1,0,0,1.0,0.008377,0,0.0,1,325,3,0,0.6405,0.2383,GREEN,18,Chennai
CLM0001149,CHE_03681,T Nagar,2024-09-21,21,0,0,0,0,0,0,0,0,0,0.0,0.196838,0,0.0,0,103,1,4,0.5193,0.0195,GREEN,44,Chennai
CLM0001150,CHE_09370,Velachery,2025-10-18,16,0,0,0,0,0,0,0,0,0,0.0,0.159189,0,0.0,0,254,4,1,0.6457,0.0,GREEN,46,Chennai
CLM0001151,CHE_00299,Chromepet,2021-06-25,21,0,0,0,0,0,0,0,0,0,1.0,0.207045,0,0.0,0,86,3,4,0.741,0.0315,GREEN,36,Chennai
CLM0001152,CHE_02643,Chromepet,2024-01-12,20,0,0,0,0,1,0,0,0,0,0.0,0.97811,0,0.0,0,308,2,2,0.05,0.1502,GREEN,44,Chennai
CLM0001153,CHE_00788,Sholinganallur,2019-03-17,18,0,0,0,0,0,0,0,0,0,0.0,0.038377,0,0.0,0,358,2,1,0.657,0.1228,GREEN,42,Chennai
CLM0001154,CHE_08196,Sholinganallur,2019-05-07,20,0,0,0,0,0,1,0,0,0,0.0,0.210408,0,0.0,0,352,1,2,0.98,0.233,GREEN,33,Chennai
CLM0001155,CHE_08786,Porur,2024-08-18,18,0,0,0,0,0,0,0,0,0,0.0,0.240301,0,0.0,0,72,0,3,0.98,0.0421,GREEN,41,Chennai
CLM0001156,CHE_05493,Anna Nagar,2024-02-24,14,0,0,0,0,0,0,1,0,0,0.0,0.240935,0,0.0,0,192,0,4,0.05,0.0902,GREEN,42,Chennai
CLM0001157,CHE_06616,Adyar,2025-08-10,10,0,0,0,0,0,0,0,0,0,0.0,0.217779,0,0.0,0,241,4,7,0.9784,0.0666,GREEN,45,Chennai
CLM0001158,CHE_00261,T Nagar,2025-10-22,11,0,0,0,0,0,0,0,0,0,1.0,0.165614,0,0.0,0,108,0,5,0.6511,0.1449,GREEN,44,Chennai
CLM0001159,CHE_05837,Tambaram,2025-08-03,7,0,0,0,0,0,0,0,0,0,0.0,0.045501,0,0.0,0,63,0,3,0.2286,0.0,GREEN,54,Chennai
CLM0001160,CHE_01754,Guindy,2025-11-10,8,0,0,0,0,0,0,0,0,0,0.0,0.039785,0,0.0,0,272,2,0,0.8107,0.0,GREEN,28,Chennai
CLM0001161,CHE_07891,Chromepet,2025-03-30,10,0,0,0,0,0,0,1,1,0,0.0,1.0,0,0.0,0,10,4,0,0.902,0.1639,GREEN,18,Chennai
CLM0001162,CHE_01687,Perambur,2024-11-15,21,0,0,0,0,0,0,0,0,0,1.0,0.957198,0,0.0,0,368,3,2,0.8973,0.0577,GREEN,38,Chennai
CLM0001163,CHE_02979,Chromepet,2021-01-18,14,0,0,0,0,0,0,0,0,0,0.0,0.12629,0,0.0,0,191,0,3,0.8601,0.0,GREEN,47,Chennai
CLM0001164,CHE_02907,Sholinganallur,2022-03-12,21,0,0,0,0,0,0,0,0,0,0.0,1.0,0,0.0,0,270,0,0,0.8301,0.0,GREEN,37,Chennai
CLM0001165,CHE_09322,Sholinganallur,2025-02-25,8,0,0,0,0,0,0,0,0,0,0.0,0.083745,0,0.0,0,94,2,6,0.862,0.0,GREEN,21,Chennai
CLM0001166,CHE_04197,Porur,2018-05-20,17,0,0,0,0,0,0,0,0,0,0.0,0.233238,0,0.0,0,215,1,1,0.98,0.0,GREEN,31,Chennai
CLM0001167,CHE_09235,Perambur,2019-01-09,15,0,0,0,0,0,0,0,0,0,0.0,0.219403,1,1.0,0,291,0,4,0.3218,0.0742,GREEN,30,Chennai
CLM0001168,CHE_01672,Porur,2021-12-11,13,0,0,0,0,0,1,1,1,0,0.0,0.07459,0,0.0,0,416,3,6,0.068,0.2873,GREEN,29,Chennai
CLM0001169,CHE_04486,Guindy,2019-04-17,8,0,0,0,0,0,0,0,1,0,0.0,0.0,1,0.0,0,137,4,0,0.6555,0.3005,GREEN,31,Chennai
CLM0001170,CHE_04356,Tambaram,2022-01-14,9,0,0,0,0,0,0,0,0,0,0.0,0.390097,0,0.0,0,174,4,0,0.98,0.0637,GREEN,43,Chennai
CLM0001171,CHE_08086,Anna Nagar,2025-01-04,19,0,0,0,0,0,0,0,0,0,0.0,0.076119,0,1.0,0,222,3,0,0.05,0.0,GREEN,37,Chennai
CLM0001172,CHE_01024,Tambaram,2018-05-27,13,0,0,0,0,0,0,0,0,0,0.0,0.172319,0,0.0,0,420,1,0,0.5045,0.0,GREEN,22,Chennai
CLM0001173,CHE_06044,T Nagar,2018-09-27,8,0,0,0,0,0,0,0,0,0,0.0,0.342943,0,0.0,1,193,1,5,0.98,0.0101,GREEN,38,Chennai
CLM0001174,CHE_07823,Adyar,2020-11-10,12,0,0,0,0,0,0,0,0,0,0.0,0.022373,1,0.0,0,124,1,2,0.5088,0.0621,GREEN,56,Chennai
CLM0001175,CHE_08878,Chromepet,2025-07-14,21,0,0,0,0,0,0,0,0,0,0.0,0.30245,0,0.0,0,420,4,6,0.9007,0.0813,GREEN,39,Chennai
CLM0001176,CHE_02931,Anna Nagar,2017-01-25,21,0,0,0,1,0,0,1,1,0,0.0,0.987065,0,0.0,1,8,1,18,0.451,0.2,GREEN,38,Chennai
CLM0001177,CHE_06921,Chromepet,2021-05-13,21,0,0,0,0,0,0,0,0,0,0.0,0.12185,1,0.0,0,420,3,0,0.8144,0.0273,GREEN,18,Chennai
CLM0001178,CHE_07991,Chromepet,2021-12-07,17,0,0,0,0,0,0,0,0,0,0.0,0.359032,0,0.0,0,70,1,0,0.6295,0.0077,GREEN,41,Chennai
CLM0001179,CHE_03001,T Nagar,2023-11-25,14,0,0,0,0,0,0,0,0,0,0.0,0.039273,0,0.0,0,420,2,5,0.7237,0.0,GREEN,47,Chennai
CLM0001180,CHE_06477,Chromepet,2024-08-13,17,0,0,0,0,0,0,0,0,0,0.0,0.997315,0,0.0,0,420,0,1,0.2552,0.0111,GREEN,28,Chennai
CLM0001181,CHE_05664,Perambur,2022-09-08,16,0,0,0,0,0,0,0,0,0,1.0,0.189557,0,0.0,0,56,1,3,0.593,0.0461,GREEN,45,Chennai
CLM0001182,CHE_06515,Tambaram,2021-04-12,15,0,0,0,0,0,0,0,0,0,0.0,1.0,0,0.0,0,420,4,4,0.1872,0.0,GREEN,44,Chennai
CLM0001183,CHE_08861,Velachery,2025-03-28,8,0,0,0,1,0,0,0,0,0,0.0,0.0,0,0.0,0,406,1,2,0.7429,0.1771,GREEN,44,Chennai
CLM0001184,CHE_02443,Adyar,2025-03-07,18,0,0,0,0,0,0,0,0,0,0.0,0.225034,0,0.0,0,377,2,0,0.98,0.0,GREEN,40,Chennai
CLM0001185,CHE_05154,Sholinganallur,2025-05-27,18,0,1,1,1,0,1,1,1,1,1.0,1.0,1,0.0,0,16,0,18,0.2437,0.5936,YELLOW,20,Chennai
CLM0001186,CHE_03202,Velachery,2023-11-11,13,0,1,1,1,1,0,0,0,1,1.0,0.487795,0,1.0,0,17,1,17,0.2249,0.575,YELLOW,41,Chennai
CLM0001187,CHE_07900,Chromepet,2024-01-05,19,0,1,1,0,0,0,0,0,0,0.0,1.0,0,0.0,0,337,0,2,0.526,0.8363,RED,43,Chennai
CLM0001188,CHE_09690,Guindy,2024-10-21,19,0,1,1,0,0,0,1,1,0,0.0,0.22015,1,0.0,1,26,1,16,0.8709,0.4955,YELLOW,24,Chennai
CLM0001189,CHE_07713,Guindy,2024-10-14,12,0,1,1,0,0,0,1,0,1,0.0,0.918644,0,0.0,1,5,1,18,0.853,0.5138,YELLOW,38,Chennai
CLM0001190,CHE_00931,Porur,2025-07-10,8,0,1,1,1,1,0,1,1,1,0.0,0.90773,1,0.0,0,24,1,18,0.242,0.6403,RED,36,Chennai
CLM0001191,CHE_07828,Guindy,2024-06-30,15,0,1,1,0,0,0,0,0,0,0.0,0.265837,0,0.0,0,355,2,2,0.7021,0.6352,RED,40,Chennai
CLM0001192,CHE_08461,T Nagar,2025-04-28,7,0,1,1,1,1,1,1,1,0,1.0,1.0,0,0.0,0,5,1,18,0.8984,0.5656,YELLOW,47,Chennai
CLM0001193,CHE_01525,Sholinganallur,2023-09-07,15,0,1,1,0,0,0,0,0,1,1.0,0.257503,0,1.0,1,53,2,1,0.8944,0.8232,RED,48,Chennai
CLM0001194,CHE_01840,Porur,2024-08-30,14,0,1,1,1,1,1,1,0,1,1.0,1.0,1,0.0,0,5,2,18,0.0564,0.7789,RED,35,Chennai
CLM0001195,CHE_08696,Tambaram,2025-02-21,20,0,1,1,0,0,0,0,0,0,0.0,0.086922,0,0.0,0,412,0,4,0.1323,0.5522,YELLOW,18,Chennai
CLM0001196,CHE_08131,Anna Nagar,2024-03-15,17,0,0,0,0,0,0,0,0,0,0.0,0.147181,0,0.0,0,101,4,5,0.8452,0.0,GREEN,48,Chennai
CLM0001197,CHE_06105,Tambaram,2024-02-07,11,0,0,0,0,1,0,0,0,0,0.0,1.0,0,0.0,0,193,0,2,0.5326,0.1543,GREEN,55,Chennai
CLM0001198,CHE_03851,T Nagar,2025-10-20,14,0,1,1,0,1,0,0,0,0,0.0,0.318601,0,0.0,0,284,0,0,0.7657,0.1401,GREEN,38,Chennai
CLM0001199,CHE_00473,Perambur,2024-06-23,20,0,0,0,0,0,0,1,1,0,1.0,1.0,0,1.0,1,375,4,0,0.6139,0.253,GREEN,47,Chennai
CLM0001200,CHE_03232,Chromepet,2025-04-20,17,0,0,0,0,0,0,0,0,0,0.0,0.991397,0,0.0,0,85,4,1,0.5312,0.0315,GREEN,38,Chennai
CLM0001201,CHE_01673,Chromepet,2023-11-27,18,0,0,0,0,0,0,0,1,1,0.0,1.0,0,0.0,0,337,1,1,0.6398,0.2524,GREEN,31,Chennai
CLM0001202,CHE_09332,Perambur,2023-10-18,19,0,0,0,0,1,0,0,0,0,0.0,1.0,0,0.0,0,272,1,3,0.6257,0.2207,GREEN,40,Chennai
CLM0001203,CHE_06214,Guindy,2023-09-28,14,0,0,0,0,0,0,0,0,1,0.0,0.38754,0,1.0,0,292,3,5,0.7102,0.0679,GREEN,36,Chennai
CLM0001204,CHE_02987,T Nagar,2020-08-26,7,0,0,0,0,0,0,0,0,0,0.0,0.265258,0,0.0,0,167,0,1,0.6255,0.0,GREEN,37,Chennai
CLM0001205,CHE_04526,Perambur,2021-09-18,19,0,0,0,0,0,0,0,1,0,0.0,0.317986,0,0.0,0,420,0,1,0.5223,0.0949,GREEN,33,Chennai
CLM0001206,CHE_07581,Adyar,2022-11-09,21,0,1,1,0,0,0,0,0,0,0.0,0.327328,0,0.0,0,420,2,5,0.98,0.0192,GREEN,45,Chennai
CLM0001207,CHE_00809,Guindy,2023-12-25,12,0,0,0,1,0,0,0,0,0,0.0,0.07253,0,0.0,0,244,3,0,0.6231,0.0729,GREEN,38,Chennai
CLM0001208,CHE_09896,T Nagar,2025-11-22,12,0,0,0,0,0,0,0,0,0,0.0,0.27292,0,0.0,0,76,1,0,0.5198,0.0,GREEN,18,Chennai
CLM0001209,CHE_09698,Anna Nagar,2025-09-05,15,0,0,0,0,0,0,0,0,0,0.0,0.268127,0,0.0,0,420,2,2,0.7636,0.0,GREEN,35,Chennai
CLM0001210,CHE_02188,Chromepet,2022-01-27,12,0,0,0,0,0,0,0,1,0,0.0,0.016862,0,0.0,1,410,0,0,0.9309,0.2415,GREEN,37,Chennai
CLM0001211,CHE_09841,Velachery,2023-05-17,21,0,0,0,1,1,1,1,1,0,0.0,1.0,0,1.0,1,5,4,18,0.2506,0.1501,GREEN,57,Chennai
CLM0001212,CHE_02266,Adyar,2020-08-30,15,0,0,0,0,0,0,0,0,0,0.0,0.060565,0,0.0,0,382,4,2,0.5506,0.0217,GREEN,18,Chennai
CLM0001213,CHE_03531,Guindy,2021-07-18,13,0,0,0,0,0,0,0,1,0,1.0,1.0,0,0.0,0,210,4,6,0.0636,0.2576,GREEN,40,Chennai
CLM0001214,CHE_07639,Tambaram,2025-11-06,21,0,0,0,0,0,0,0,0,0,0.0,0.28787,0,0.0,0,91,3,0,0.05,0.0514,GREEN,19,Chennai
CLM0001215,CHE_06321,T Nagar,2021-01-06,16,0,0,0,0,0,0,0,0,0,0.0,0.226942,0,0.0,0,230,4,4,0.4958,0.0441,GREEN,51,Chennai
CLM0001216,CHE_02237,Chromepet,2023-01-10,19,0,0,0,0,0,0,0,0,0,1.0,0.100761,0,0.0,0,257,0,0,0.4504,0.1087,GREEN,32,Chennai
CLM0001217,CHE_06147,Porur,2021-04-21,13,0,0,0,0,0,1,0,0,0,0.0,0.380513,0,0.0,0,420,3,4,0.8588,0.1642,GREEN,24,Chennai
CLM0001218,CHE_03516,Velachery,2022-04-19,20,0,0,0,0,0,0,0,0,0,0.0,0.387938,0,0.0,0,131,1,0,0.7441,0.0034,GREEN,19,Chennai
CLM0001219,CHE_06708,Guindy,2022-10-09,13,0,0,0,0,0,1,0,0,0,0.0,0.315251,0,0.0,0,117,1,0,0.5716,0.0999,GREEN,28,Chennai
CLM0001220,CHE_03805,Adyar,2025-01-03,19,0,0,0,0,0,0,1,0,0,1.0,0.288037,0,0.0,0,420,0,0,0.7826,0.1071,GREEN,44,Chennai
CLM0001221,CHE_01292,Tambaram,2024-04-18,20,0,0,0,0,0,0,0,1,0,0.0,0.0,0,0.0,0,106,4,0,0.6129,0.0658,GREEN,47,Chennai
CLM0001222,CHE_09275,Adyar,2022-10-10,20,0,0,0,0,0,0,0,0,0,0.0,0.044102,0,0.0,0,116,0,0,0.7028,0.0273,GREEN,18,Chennai
CLM0001223,CHE_08698,Porur,2023-08-25,13,0,0,0,0,0,0,0,0,0,0.0,0.09083,0,0.0,0,115,3,2,0.1639,0.1021,GREEN,37,Chennai
CLM0001224,CHE_08441,Perambur,2024-09-24,12,0,0,0,0,0,0,0,0,1,0.0,0.308338,0,0.0,0,123,2,0,0.5449,0.0957,GREEN,18,Chennai
CLM0001225,CHE_01145,Guindy,2023-07-03,7,0,0,0,1,0,1,1,1,1,0.0,1.0,0,1.0,0,5,2,18,0.1515,0.1108,GREEN,41,Chennai
CLM0001226,CHE_07549,Perambur,2024-12-17,18,0,0,0,0,0,0,0,0,0,0.0,0.010198,0,0.0,0,129,2,2,0.7871,0.0,GREEN,63,Chennai
CLM0001227,CHE_03351,Anna Nagar,2021-03-16,16,0,1,1,1,0,0,0,0,0,0.0,0.412714,0,0.0,0,386,3,2,0.98,0.0519,GREEN,43,Chennai
CLM0001228,CHE_01993,Chromepet,2025-10-31,10,0,0,0,0,0,0,0,0,0,0.0,0.056731,0,0.0,0,343,0,1,0.9008,0.0192,GREEN,55,Chennai
CLM0001229,CHE_03635,Velachery,2024-12-21,12,0,0,0,0,0,0,0,0,0,0.0,0.259734,0,0.0,0,228,0,4,0.7059,0.0951,GREEN,23,Chennai
CLM0001230,CHE_08315,Adyar,2025-04-12,9,0,0,0,0,0,0,0,0,0,0.0,0.172236,0,0.0,0,176,4,2,0.5964,0.04,GREEN,46,Chennai
CLM0001231,CHE_05380,Porur,2025-11-07,17,0,0,0,0,0,0,0,0,0,0.0,0.263863,0,0.0,0,30,1,0,0.9441,0.0,GREEN,39,Chennai
CLM0001232,CHE_01669,Porur,2024-10-15,19,0,0,0,0,0,1,1,1,0,0.0,0.11504,0,0.0,1,5,1,18,0.98,0.0,GREEN,29,Chennai
CLM0001233,CHE_01210,Velachery,2023-12-30,21,0,1,1,0,0,1,0,0,0,0.0,0.202558,0,0.0,0,347,3,0,0.8935,0.1132,GREEN,35,Chennai
CLM0001234,CHE_06257,Sholinganallur,2024-12-31,11,0,0,0,0,0,0,0,0,0,0.0,0.400059,0,0.0,0,65,2,2,0.0766,0.0,GREEN,43,Chennai
CLM0001235,CHE_08401,Sholinganallur,2021-03-15,9,0,0,0,0,0,0,0,0,1,0.0,1.0,0,0.0,0,33,0,1,0.9519,0.1484,GREEN,24,Chennai
CLM0001236,CHE_03211,Velachery,2020-09-30,17,0,0,0,0,0,0,1,0,0,0.0,1.0,0,0.0,1,106,3,2,0.6449,0.1202,GREEN,21,Chennai
CLM0001237,CHE_06664,Chromepet,2021-12-28,19,0,0,0,0,0,0,0,0,0,0.0,0.3042,0,0.0,0,90,0,4,0.1876,0.0,GREEN,54,Chennai
CLM0001238,CHE_07867,T Nagar,2022-12-05,16,0,0,0,1,0,0,1,0,1,0.0,1.0,1,1.0,1,5,3,18,0.0605,0.0525,GREEN,49,Chennai
CLM0001239,CHE_03550,Sholinganallur,2020-02-02,19,0,0,0,0,0,1,0,0,0,0.0,1.0,0,0.0,0,337,0,0,0.936,0.0692,GREEN,48,Chennai
CLM0001240,CHE_03813,Sholinganallur,2018-02-13,8,0,0,0,0,0,0,0,0,0,1.0,0.078525,0,1.0,0,207,1,4,0.508,0.0926,GREEN,43,Chennai
CLM0001241,CHE_07340,Porur,2025-04-04,15,0,0,0,0,0,0,1,0,0,0.0,1.0,0,0.0,0,60,0,5,0.7878,0.0043,GREEN,54,Chennai
CLM0001242,CHE_02245,T Nagar,2021-10-03,17,0,0,0,0,0,0,0,0,0,0.0,0.300175,0,0.0,1,171,4,6,0.5505,0.0132,GREEN,29,Chennai
CLM0001243,CHE_09968,Anna Nagar,2022-03-02,12,0,0,0,0,0,1,0,0,0,0.0,0.059697,0,0.0,0,5,2,2,0.1619,0.0392,GREEN,35,Chennai
CLM0001244,CHE_07302,Chromepet,2020-01-02,9,0,0,0,0,0,0,0,0,0,0.0,0.297517,0,0.0,0,159,3,3,0.8242,0.0465,GREEN,28,Chennai
CLM0001245,CHE_01753,Sholinganallur,2020-02-24,19,0,1,1,0,0,0,0,1,0,0.0,0.292968,1,0.0,0,231,0,3,0.5655,0.3744,YELLOW,39,Chennai
CLM0001246,CHE_06369,Adyar,2021-03-29,20,0,1,1,1,0,1,1,0,0,0.0,0.14679,1,0.0,1,37,0,18,0.8918,0.6393,RED,48,Chennai
CLM0001247,CHE_01734,Tambaram,2021-06-19,7,0,1,1,1,1,0,1,0,1,1.0,1.0,1,1.0,1,25,0,18,0.0657,0.7571,RED,33,Chennai
CLM0001248,CHE_09783,Velachery,2020-05-20,15,0,1,1,1,1,1,0,1,0,1.0,0.947349,0,1.0,0,11,0,18,0.05,0.6769,RED,55,Chennai
CLM0001249,CHE_01079,Perambur,2024-12-20,10,0,1,1,1,1,1,0,1,0,0.0,0.086254,0,0.0,1,17,1,18,0.7644,0.7231,RED,40,Chennai
CLM0001250,CHE_09090,Guindy,2021-07-06,21,0,1,1,1,1,0,1,1,1,1.0,0.234063,0,1.0,0,20,0,18,0.4558,0.7735,RED,32,Chennai
CLM0001251,CHE_01035,Adyar,2021-06-19,15,0,1,1,0,0,0,1,0,0,0.0,0.318352,0,0.0,0,418,2,0,0.226,0.7627,RED,41,Chennai
CLM0001252,CHE_06522,Adyar,2023-12-19,10,0,0,0,0,0,0,0,0,0,1.0,0.986844,0,1.0,0,420,1,3,0.8641,0.0015,GREEN,30,Chennai
CLM0001253,CHE_09024,Porur,2023-02-16,10,0,0,0,0,0,0,0,0,0,0.0,0.389968,0,0.0,0,331,0,4,0.8074,0.0193,GREEN,42,Chennai
CLM0001254,CHE_04576,T Nagar,2021-07-28,10,0,0,0,0,0,0,0,0,0,0.0,0.218879,0,1.0,0,81,2,3,0.4295,0.0,GREEN,58,Chennai
CLM0001255,CHE_01803,Perambur,2022-05-12,18,0,0,0,0,0,0,0,0,0,0.0,0.0,0,1.0,0,262,4,2,0.9584,0.0,GREEN,29,Chennai
CLM0001256,CHE_07528,Chromepet,2025-08-22,8,0,0,0,0,0,0,0,0,0,0.0,0.265872,0,0.0,0,71,1,7,0.6362,0.0364,GREEN,61,Chennai
CLM0001257,CHE_05430,Tambaram,2023-08-03,11,0,0,0,0,0,0,0,1,0,0.0,0.111003,0,0.0,0,414,4,3,0.4946,0.0953,GREEN,35,Chennai
CLM0001258,CHE_05630,Adyar,2023-02-18,8,0,0,0,0,0,0,0,0,0,0.0,0.455783,1,0.0,0,230,2,2,0.9508,0.1119,GREEN,39,Chennai
CLM0001259,CHE_00441,Velachery,2025-01-05,18,0,0,0,0,0,0,0,0,0,0.0,0.417305,0,0.0,0,186,2,2,0.8902,0.0075,GREEN,30,Chennai
CLM0001260,CHE_01465,Tambaram,2025-03-06,16,0,0,0,0,1,0,0,0,0,1.0,0.306298,0,0.0,0,226,2,2,0.8799,0.1976,GREEN,51,Chennai
CLM0001261,CHE_02552,Guindy,2025-01-06,9,0,1,1,0,1,0,0,0,0,0.0,0.402331,1,0.0,0,187,2,6,0.5952,0.7016,RED,40,Chennai
CLM0001262,CHE_03951,Guindy,2021-11-22,15,0,1,1,1,0,0,1,0,1,0.0,0.16906,0,0.0,0,16,0,18,0.8602,0.5494,YELLOW,56,Chennai
CLM0001263,CHE_07539,Chromepet,2022-08-23,15,0,1,1,0,0,0,0,0,0,1.0,0.998912,0,1.0,0,420,1,2,0.6238,0.6299,RED,45,Chennai
CLM0001264,CHE_06187,Guindy,2021-04-17,20,0,1,1,1,1,0,1,0,1,1.0,0.979971,0,1.0,1,14,1,18,0.1398,0.5895,YELLOW,46,Chennai
CLM0001265,CHE_03464,Adyar,2022-08-22,14,0,1,1,1,1,0,1,1,0,1.0,1.0,1,0.0,1,15,2,18,0.1799,0.6002,YELLOW,61,Chennai
CLM0001266,CHE_07063,Velachery,2021-11-26,13,0,1,1,0,1,0,0,1,0,0.0,0.628251,0,0.0,1,13,2,18,0.2174,0.4564,YELLOW,32,Chennai
CLM0001267,CHE_00817,Adyar,2023-10-19,11,0,1,1,1,1,0,1,1,0,1.0,1.0,1,1.0,1,5,0,18,0.0869,0.6335,RED,39,Chennai
CLM0001268,CHE_06542,Velachery,2020-08-04,16,0,1,1,0,0,0,0,0,0,0.0,0.099527,0,0.0,0,420,2,3,0.6556,0.4095,YELLOW,39,Chennai
CLM0001269,CHE_01678,Perambur,2021-05-28,16,0,1,1,1,1,0,1,1,0,0.0,0.325466,1,1.0,0,5,2,18,0.2799,0.6226,RED,32,Chennai
CLM0001270,CHE_09856,Perambur,2017-03-13,9,0,1,1,1,1,1,1,1,1,1.0,1.0,0,1.0,1,5,1,18,0.05,0.9062,RED,37,Chennai
CLM0001271,CHE_07016,Tambaram,2023-09-02,10,0,1,1,1,1,0,1,1,1,1.0,0.984339,0,1.0,0,15,0,16,0.8905,0.6777,RED,18,Chennai
CLM0001272,CHE_08727,Tambaram,2017-02-25,10,0,1,1,1,0,0,1,1,1,0.0,1.0,0,0.0,1,5,2,18,0.4993,0.6134,RED,60,Chennai
CLM0001273,CHE_07663,Perambur,2025-02-10,17,0,0,0,0,0,1,0,0,0,0.0,0.255951,0,0.0,1,242,0,4,0.9385,0.1555,GREEN,19,Chennai
CLM0001274,CHE_06150,Tambaram,2025-12-17,21,0,0,0,0,0,0,0,0,0,0.0,0.292823,0,0.0,0,420,4,1,0.5864,0.0,GREEN,22,Chennai
CLM0001275,CHE_08328,Guindy,2024-11-15,21,0,0,0,0,0,0,0,0,0,0.0,0.052239,0,0.0,0,420,3,0,0.6872,0.0,GREEN,28,Chennai
CLM0001276,CHE_05050,Velachery,2025-03-25,10,0,0,0,0,0,0,0,0,0,0.0,0.026785,0,0.0,0,209,4,5,0.6582,0.0,GREEN,26,Chennai
CLM0001277,CHE_06206,Velachery,2025-09-23,20,0,0,0,0,0,0,0,0,0,0.0,0.358652,0,0.0,0,59,1,2,0.05,0.0869,GREEN,30,Chennai
CLM0001278,CHE_06980,Perambur,2025-01-16,16,0,0,0,0,0,0,0,0,0,0.0,0.164062,0,0.0,0,88,1,0,0.98,0.0,GREEN,39,Chennai
CLM0001279,CHE_06842,Tambaram,2022-08-10,11,0,0,0,0,0,0,0,0,0,1.0,0.995523,0,1.0,0,102,0,1,0.7035,0.0233,GREEN,34,Chennai
CLM0001280,CHE_04059,Chromepet,2024-03-27,14,0,0,0,0,0,0,0,0,0,0.0,0.112262,0,1.0,0,105,2,1,0.515,0.0,GREEN,36,Chennai
CLM0001281,CHE_00429,Adyar,2023-08-29,7,0,0,0,0,0,0,0,0,0,1.0,0.329974,0,0.0,0,257,3,5,0.7949,0.1176,GREEN,49,Chennai
CLM0001282,CHE_09340,Chromepet,2022-12-06,10,0,0,0,0,0,0,0,0,0,0.0,0.382785,0,0.0,0,155,0,4,0.98,0.1212,GREEN,40,Chennai
CLM0001283,CHE_01876,Anna Nagar,2023-07-29,15,0,0,0,0,0,0,0,0,0,0.0,0.156413,0,0.0,0,250,2,2,0.5924,0.0874,GREEN,43,Chennai
CLM0001284,CHE_05000,Perambur,2022-02-23,14,0,0,0,0,0,0,1,0,0,0.0,0.10436,0,0.0,0,420,4,0,0.98,0.1344,GREEN,18,Chennai
CLM0001285,CHE_06109,Sholinganallur,2024-05-18,18,0,0,0,0,1,0,0,0,0,0.0,0.432394,0,0.0,0,71,3,0,0.6679,0.2202,GREEN,25,Chennai
CLM0001286,CHE_07969,Adyar,2025-01-22,18,0,0,0,0,0,1,0,0,0,1.0,1.0,0,1.0,0,420,3,2,0.7747,0.1448,GREEN,38,Chennai
CLM0001287,CHE_01299,Porur,2024-06-24,7,0,0,0,0,0,0,0,0,0,0.0,0.447025,0,0.0,0,399,2,2,0.4977,0.0,GREEN,48,Chennai
CLM0001288,CHE_08736,Porur,2025-09-16,14,0,0,0,0,0,0,0,0,0,0.0,0.276921,0,0.0,0,199,3,4,0.9086,0.0,GREEN,44,Chennai
CLM0001289,CHE_05907,Perambur,2024-05-20,21,0,0,0,0,0,0,0,1,0,0.0,1.0,0,0.0,1,42,3,1,0.7585,0.104,GREEN,43,Chennai
CLM0001290,CHE_00334,Tambaram,2025-10-03,8,0,0,0,1,0,0,0,0,0,0.0,0.056896,0,0.0,1,407,3,5,0.8438,0.2652,GREEN,39,Chennai
CLM0001291,CHE_04124,Chromepet,2024-05-24,18,0,0,0,0,0,0,1,0,0,0.0,0.321359,1,0.0,0,271,3,2,0.5411,0.0574,GREEN,39,Chennai
CLM0001292,CHE_01304,Tambaram,2025-04-03,12,0,0,0,0,0,0,0,0,0,0.0,0.438203,0,0.0,1,265,2,2,0.6969,0.0094,GREEN,43,Chennai
CLM0001293,CHE_04689,Adyar,2025-10-15,16,0,0,0,0,0,0,0,0,0,0.0,0.175432,0,0.0,0,420,0,1,0.3816,0.0383,GREEN,58,Chennai
CLM0001294,CHE_03785,Velachery,2025-01-07,15,0,0,0,0,0,0,0,0,0,1.0,1.0,0,0.0,0,165,1,3,0.98,0.059,GREEN,65,Chennai
CLM0001295,CHE_01768,Perambur,2025-04-25,11,0,0,0,1,0,0,0,0,0,0.0,0.130777,0,0.0,0,351,0,0,0.05,0.1152,GREEN,34,Chennai
CLM0001296,CHE_08009,Guindy,2018-02-27,11,0,0,0,0,0,0,0,0,0,0.0,0.332225,0,0.0,0,414,1,1,0.5196,0.0342,GREEN,27,Chennai
CLM0001297,CHE_09675,Perambur,2025-09-06,11,0,0,0,0,0,1,0,0,0,0.0,0.988295,0,0.0,0,390,2,3,0.9511,0.023,GREEN,35,Chennai
CLM0001298,CHE_05152,Sholinganallur,2017-07-14,19,0,0,0,0,0,1,0,0,0,0.0,0.024672,0,0.0,0,246,2,4,0.8743,0.0516,GREEN,27,Chennai
CLM0001299,CHE_05840,T Nagar,2025-10-07,20,0,0,0,0,0,0,0,0,0,1.0,0.247142,0,0.0,0,221,0,2,0.9311,0.0737,GREEN,45,Chennai
CLM0001300,CHE_01653,Adyar,2025-02-02,7,0,0,0,0,1,0,0,0,0,0.0,0.022959,0,1.0,0,259,1,2,0.8201,0.1764,GREEN,45,Chennai
CLM0001301,CHE_07521,Anna Nagar,2021-12-18,17,0,0,0,0,0,0,1,0,0,0.0,0.219241,0,0.0,0,299,0,2,0.9223,0.0,GREEN,29,Chennai
CLM0001302,CHE_08713,Tambaram,2020-05-24,11,0,0,0,1,0,0,0,0,0,1.0,1.0,0,1.0,0,145,2,1,0.98,0.1646,GREEN,46,Chennai
CLM0001303,CHE_07191,Perambur,2023-01-21,12,0,0,0,0,0,0,0,0,0,0.0,0.108728,0,0.0,1,420,1,0,0.2773,0.0833,GREEN,29,Chennai
CLM0001304,CHE_00119,Chromepet,2018-01-10,10,0,0,0,0,0,0,0,0,0,0.0,0.408439,0,0.0,0,207,1,0,0.6164,0.0067,GREEN,53,Chennai
CLM0001305,CHE_09243,Sholinganallur,2022-06-23,14,0,0,0,0,0,0,0,0,1,0.0,0.0,0,0.0,0,420,3,2,0.5058,0.1246,GREEN,38,Chennai
CLM0001306,CHE_00816,Tambaram,2024-08-24,16,0,0,0,0,0,0,0,0,0,0.0,0.268723,0,0.0,0,80,2,1,0.8585,0.0,GREEN,35,Chennai
CLM0001307,CHE_07522,Velachery,2025-01-26,17,0,0,0,0,0,0,0,0,0,0.0,0.4,0,0.0,0,380,3,0,0.8994,0.0407,GREEN,38,Chennai
CLM0001308,CHE_00557,T Nagar,2024-12-20,12,0,0,0,0,0,1,0,0,0,0.0,0.183212,1,1.0,0,335,4,0,0.4345,0.1758,GREEN,32,Chennai
CLM0001309,CHE_03543,Adyar,2022-12-12,21,0,0,0,0,0,0,0,0,0,0.0,0.386722,0,0.0,0,260,1,3,0.938,0.1844,GREEN,39,Chennai
CLM0001310,CHE_01783,Adyar,2025-10-08,13,0,0,0,0,0,0,0,0,0,0.0,0.31225,0,0.0,0,420,2,4,0.6659,0.0366,GREEN,31,Chennai
CLM0001311,CHE_02703,Chromepet,2023-03-12,20,0,0,0,0,0,0,0,0,0,0.0,0.298601,0,0.0,0,244,1,1,0.98,0.0189,GREEN,48,Chennai
CLM0001312,CHE_06028,Sholinganallur,2022-05-09,12,0,0,0,0,0,0,0,0,0,0.0,0.372393,0,0.0,0,420,3,4,0.4047,0.035,GREEN,23,Chennai
CLM0001313,CHE_05368,Porur,2021-07-02,13,0,0,0,0,0,0,0,0,0,0.0,0.098729,0,0.0,0,65,0,0,0.05,0.0646,GREEN,47,Chennai
CLM0001314,CHE_07283,T Nagar,2025-10-08,14,0,0,0,0,0,0,0,1,0,0.0,0.231254,0,0.0,0,260,4,3,0.7956,0.0301,GREEN,51,Chennai
CLM0001315,CHE_00147,Adyar,2020-04-08,21,0,0,0,0,0,0,0,0,0,0.0,0.124151,0,0.0,0,22,4,1,0.7137,0.0389,GREEN,49,Chennai
CLM0001316,CHE_04815,T Nagar,2023-02-18,16,0,0,0,0,0,0,0,0,0,0.0,0.437557,1,0.0,0,385,1,0,0.98,0.1012,GREEN,55,Chennai
CLM0001317,CHE_09777,Tambaram,2023-12-03,17,0,0,0,0,0,1,0,0,0,0.0,1.0,0,0.0,0,161,4,3,0.8481,0.1212,GREEN,45,Chennai
CLM0001318,CHE_09202,Sholinganallur,2021-01-27,15,0,0,0,0,0,0,0,1,0,0.0,0.368363,0,0.0,0,231,1,5,0.8466,0.0515,GREEN,47,Chennai
CLM0001319,CHE_03089,Chromepet,2022-12-12,20,0,0,0,0,0,0,0,0,0,0.0,0.353526,0,0.0,0,283,1,0,0.4451,0.0023,GREEN,30,Chennai
CLM0001320,CHE_08765,Chromepet,2025-04-27,18,0,0,0,0,0,0,0,0,0,0.0,0.097464,0,0.0,0,420,3,0,0.6268,0.0,GREEN,49,Chennai
CLM0001321,CHE_00271,Chromepet,2023-06-24,17,0,0,0,0,0,0,0,0,0,0.0,0.355843,0,0.0,0,417,1,2,0.6698,0.0035,GREEN,23,Chennai
CLM0001322,CHE_08699,Perambur,2025-05-01,21,0,0,0,0,0,0,0,0,0,1.0,0.082547,0,0.0,0,420,3,2,0.7197,0.0999,GREEN,47,Chennai
CLM0001323,CHE_09342,Anna Nagar,2024-02-09,12,0,0,0,0,0,0,0,0,0,0.0,0.094751,0,0.0,0,365,4,2,0.7286,0.0374,GREEN,37,Chennai
CLM0001324,CHE_06318,Velachery,2021-09-02,21,0,0,0,0,0,0,0,0,0,0.0,0.270194,0,0.0,0,360,1,3,0.5405,0.0258,GREEN,50,Chennai
CLM0001325,CHE_07432,Tambaram,2021-03-17,18,0,0,0,0,0,1,0,0,1,0.0,0.195972,0,0.0,0,420,3,3,0.179,0.1925,GREEN,41,Chennai
CLM0001326,CHE_07194,Tambaram,2020-02-19,20,0,0,0,0,0,0,0,0,0,0.0,0.261192,0,0.0,0,144,2,3,0.6006,0.0419,GREEN,32,Chennai
CLM0001327,CHE_06264,Velachery,2022-01-12,7,0,0,0,0,0,0,0,0,0,0.0,0.276868,0,0.0,0,384,1,2,0.5896,0.0,GREEN,41,Chennai
CLM0001328,CHE_01128,Sholinganallur,2024-04-25,21,0,0,0,0,0,1,0,0,0,0.0,0.300341,1,0.0,0,87,0,1,0.2486,0.109,GREEN,28,Chennai
CLM0001329,CHE_00864,T Nagar,2020-06-09,15,0,0,0,0,0,0,0,0,0,0.0,0.161733,0,0.0,0,234,0,3,0.9217,0.0583,GREEN,25,Chennai
CLM0001330,CHE_06782,Anna Nagar,2024-08-29,21,0,0,0,0,0,0,0,1,0,0.0,0.076245,0,0.0,0,317,2,1,0.0921,0.0948,GREEN,34,Chennai
CLM0001331,CHE_08496,Adyar,2024-06-04,7,0,0,0,0,0,0,0,0,0,0.0,0.0,0,1.0,0,420,4,2,0.488,0.1268,GREEN,35,Chennai
CLM0001332,CHE_01420,Perambur,2024-05-22,20,0,0,0,0,0,0,0,0,0,0.0,0.209864,1,0.0,0,411,2,1,0.7543,0.1164,GREEN,58,Chennai
CLM0001333,CHE_09405,T Nagar,2021-01-16,21,0,0,0,0,0,0,1,0,0,0.0,1.0,0,0.0,0,103,4,0,0.0575,0.0893,GREEN,42,Chennai
CLM0001334,CHE_01794,Chromepet,2023-09-17,12,0,0,0,0,0,1,0,1,0,0.0,0.081468,0,0.0,0,321,1,0,0.8518,0.1352,GREEN,24,Chennai
CLM0001335,CHE_06914,Velachery,2024-08-07,17,0,0,0,0,0,0,0,1,0,0.0,0.395211,0,0.0,0,173,1,2,0.8854,0.1337,GREEN,51,Chennai
CLM0001336,CHE_00332,Guindy,2024-04-12,15,0,0,0,0,0,0,0,1,0,0.0,0.368186,0,0.0,1,312,0,4,0.98,0.1475,GREEN,55,Chennai
CLM0001337,CHE_06561,Sholinganallur,2023-03-18,8,0,0,0,0,0,0,0,0,0,0.0,0.288829,0,0.0,0,420,1,1,0.755,0.0086,GREEN,22,Chennai
CLM0001338,CHE_07175,Anna Nagar,2024-01-06,7,0,0,0,0,0,1,0,0,0,1.0,0.901243,0,1.0,0,209,3,0,0.0509,0.0857,GREEN,24,Chennai
CLM0001339,CHE_04511,Chromepet,2022-04-03,17,0,0,0,0,0,0,0,0,0,0.0,0.383468,0,0.0,0,320,4,2,0.05,0.0,GREEN,42,Chennai
CLM0001340,CHE_04354,Perambur,2023-04-26,20,0,0,0,0,0,0,0,0,0,1.0,0.199075,0,0.0,0,368,1,1,0.3145,0.048,GREEN,21,Chennai
CLM0001341,CHE_00878,T Nagar,2024-11-27,12,0,0,0,0,0,0,0,0,0,0.0,0.063158,0,0.0,0,232,3,0,0.6,0.0603,GREEN,35,Chennai
CLM0001342,CHE_02501,Sholinganallur,2022-05-30,13,0,1,1,0,1,0,0,0,0,0.0,0.159663,0,0.0,0,334,1,1,0.8955,0.1789,GREEN,28,Chennai
CLM0001343,CHE_07448,Perambur,2024-05-16,14,0,0,0,0,0,0,0,1,0,1.0,0.319447,0,0.0,0,146,0,4,0.2733,0.1471,GREEN,40,Chennai
CLM0001344,CHE_05301,Adyar,2024-08-06,11,0,0,0,0,0,0,1,0,0,1.0,0.243567,0,0.0,0,403,2,4,0.8683,0.0818,GREEN,37,Chennai
CLM0001345,CHE_07668,Perambur,2021-09-06,12,0,0,0,0,1,0,0,0,0,0.0,0.065403,0,0.0,0,420,3,0,0.6215,0.1908,GREEN,27,Chennai
CLM0001346,CHE_03974,Chromepet,2017-04-02,10,0,0,0,0,0,0,0,0,0,0.0,0.921358,0,0.0,0,216,1,1,0.687,0.0001,GREEN,29,Chennai
CLM0001347,CHE_09399,Tambaram,2023-06-05,12,0,0,0,0,0,0,0,0,1,0.0,0.420111,0,0.0,0,179,1,4,0.1322,0.172,GREEN,24,Chennai
CLM0001348,CHE_04989,Velachery,2024-03-06,7,0,0,0,0,0,0,0,0,0,0.0,0.0,0,0.0,0,420,4,0,0.7741,0.0,GREEN,37,Chennai
CLM0001349,CHE_09870,Sholinganallur,2018-01-04,20,0,0,0,0,0,0,0,0,0,0.0,0.351061,0,0.0,0,420,2,1,0.9777,0.0,GREEN,55,Chennai
CLM0001350,CHE_08661,Velachery,2022-05-23,10,0,0,0,0,0,0,0,0,0,0.0,0.0,0,0.0,0,100,2,0,0.0907,0.0016,GREEN,31,Chennai
CLM0001351,CHE_05511,Perambur,2025-09-01,8,0,0,0,0,0,0,0,0,0,0.0,0.0,1,0.0,0,214,2,1,0.6147,0.0715,GREEN,50,Chennai
CLM0001352,CHE_05719,Adyar,2021-02-14,9,0,0,0,1,0,0,0,0,0,0.0,0.400757,0,0.0,0,345,1,2,0.7554,0.0563,GREEN,36,Chennai
CLM0001353,CHE_03605,Velachery,2018-02-01,11,0,0,0,0,0,0,0,0,0,0.0,0.030404,0,0.0,0,420,1,3,0.98,0.0,GREEN,37,Chennai
CLM0001354,CHE_04431,Velachery,2018-09-07,16,0,0,0,1,0,0,0,0,0,0.0,0.288504,1,0.0,0,288,4,7,0.5463,0.2588,GREEN,31,Chennai
CLM0001355,CHE_06826,Porur,2019-11-07,8,0,0,0,0,0,0,0,0,0,0.0,0.023874,0,0.0,0,315,2,3,0.4812,0.0776,GREEN,47,Chennai
CLM0001356,CHE_00666,Sholinganallur,2019-02-18,14,0,1,1,0,0,0,0,0,0,0.0,0.297672,0,0.0,0,135,0,10,0.98,0.0,GREEN,28,Chennai
CLM0001357,CHE_09623,Chromepet,2022-09-16,11,0,0,0,0,0,0,0,0,0,0.0,0.260936,0,0.0,0,256,2,6,0.6219,0.0,GREEN,39,Chennai
CLM0001358,CHE_05994,Sholinganallur,2021-12-08,21,0,0,0,0,0,0,0,1,0,0.0,0.425979,0,0.0,0,420,2,3,0.725,0.1402,GREEN,41,Chennai
CLM0001359,CHE_01742,T Nagar,2021-01-17,13,0,0,0,0,0,0,0,1,0,0.0,0.341586,0,0.0,0,43,1,1,0.98,0.0815,GREEN,29,Chennai
CLM0001360,CHE_02925,Perambur,2024-11-23,12,0,0,0,0,0,0,1,0,0,0.0,0.284224,0,0.0,0,140,2,2,0.8154,0.0282,GREEN,50,Chennai
CLM0001361,CHE_07311,Tambaram,2021-06-12,14,0,0,0,0,0,0,0,1,0,0.0,0.093911,0,0.0,0,106,2,1,0.5709,0.1146,GREEN,43,Chennai
CLM0001362,CHE_09171,Porur,2020-11-26,12,0,0,0,1,0,1,1,1,0,0.0,0.177393,1,0.0,1,5,4,18,0.9672,0.0193,GREEN,40,Chennai
CLM0001363,CHE_01106,Anna Nagar,2021-03-30,18,0,0,0,0,0,0,0,0,0,0.0,0.911087,0,0.0,0,362,1,2,0.98,0.0,GREEN,30,Chennai
CLM0001364,CHE_01867,Anna Nagar,2020-01-26,17,0,0,0,1,0,0,0,0,0,0.0,0.105886,0,0.0,0,142,1,5,0.98,0.1397,GREEN,24,Chennai
CLM0001365,CHE_03566,Chromepet,2021-11-21,7,0,0,0,0,0,0,0,0,0,0.0,0.0,0,0.0,0,317,0,1,0.6898,0.0622,GREEN,27,Chennai
CLM0001366,CHE_09774,Anna Nagar,2021-04-01,20,0,1,1,0,0,0,0,0,0,0.0,0.28327,0,0.0,0,354,4,5,0.8079,0.0553,GREEN,46,Chennai
CLM0001367,CHE_07149,Chromepet,2020-12-07,18,0,0,0,0,0,0,0,0,1,0.0,0.063954,0,0.0,0,414,4,0,0.0974,0.2672,GREEN,21,Chennai
CLM0001368,CHE_00016,T Nagar,2019-11-06,12,0,0,0,0,0,1,0,0,0,0.0,0.0,0,0.0,0,152,3,0,0.2624,0.1282,GREEN,44,Chennai
CLM0001369,CHE_08621,Adyar,2024-04-29,7,0,0,0,0,0,0,0,0,0,1.0,0.288743,0,0.0,0,420,2,0,0.3588,0.019,GREEN,32,Chennai
CLM0001370,CHE_09980,Anna Nagar,2025-11-30,7,0,1,1,0,0,0,0,0,0,0.0,0.253572,0,0.0,0,259,1,2,0.7137,0.0,GREEN,46,Chennai
CLM0001371,CHE_01767,Porur,2021-09-21,13,0,0,0,0,0,0,0,0,0,1.0,1.0,1,1.0,0,61,4,0,0.6408,0.0,GREEN,32,Chennai
CLM0001372,CHE_08429,Porur,2018-12-02,19,0,0,0,0,0,0,0,0,0,0.0,0.048563,0,0.0,0,420,0,0,0.7493,0.0508,GREEN,38,Chennai
CLM0001373,CHE_01036,T Nagar,2020-04-21,7,0,0,0,0,0,0,0,0,1,0.0,0.076602,0,0.0,0,117,0,1,0.6062,0.1508,GREEN,32,Chennai
CLM0001374,CHE_08168,Guindy,2025-10-29,14,0,0,0,0,0,0,0,1,0,0.0,0.323666,0,0.0,0,40,4,2,0.98,0.1434,GREEN,37,Chennai
CLM0001375,CHE_06775,Velachery,2020-07-22,10,0,0,0,0,0,0,0,0,0,0.0,0.109187,0,0.0,0,289,1,5,0.98,0.0,GREEN,36,Chennai
CLM0001376,CHE_09020,Guindy,2016-04-07,7,0,0,0,0,0,0,0,0,0,0.0,1.0,0,0.0,0,325,1,0,0.6651,0.021,GREEN,44,Chennai
CLM0001377,CHE_06536,T Nagar,2019-03-12,18,0,0,0,0,0,0,0,0,0,0.0,0.050611,0,0.0,0,23,1,8,0.9333,0.0,GREEN,42,Chennai
CLM0001378,CHE_09922,Anna Nagar,2018-07-19,8,0,0,0,0,0,0,1,1,0,0.0,0.01803,0,0.0,0,313,1,2,0.98,0.1534,GREEN,36,Chennai
CLM0001379,CHE_07455,Sholinganallur,2023-03-27,15,0,0,0,0,0,0,0,0,0,0.0,0.093117,0,0.0,0,6,0,5,0.7705,0.0198,GREEN,53,Chennai
CLM0001380,CHE_08069,Tambaram,2022-04-29,13,0,0,0,0,0,0,0,0,0,0.0,0.109501,0,0.0,0,420,3,0,0.712,0.0064,GREEN,35,Chennai
CLM0001381,CHE_01785,T Nagar,2018-05-24,10,0,0,0,0,0,0,0,0,0,0.0,0.140218,0,0.0,0,181,1,0,0.585,0.046,GREEN,41,Chennai
CLM0001382,CHE_07112,T Nagar,2017-10-19,19,0,0,0,0,0,1,0,0,0,0.0,0.355024,0,0.0,0,329,2,3,0.8887,0.0,GREEN,33,Chennai
CLM0001383,CHE_03683,Chromepet,2025-07-26,17,0,1,1,1,1,0,1,0,1,1.0,1.0,0,0.0,1,5,2,18,0.271,0.5727,YELLOW,50,Chennai
CLM0001384,CHE_09682,Tambaram,2017-07-13,19,0,1,1,1,0,0,0,1,0,0.0,0.055886,0,0.0,1,19,0,18,0.9083,0.3862,YELLOW,62,Chennai
CLM0001385,CHE_04366,Tambaram,2019-02-03,21,0,1,1,0,0,1,1,0,1,0.0,0.082799,1,0.0,0,5,2,18,0.7808,0.334,YELLOW,37,Chennai
CLM0001386,CHE_08953,Guindy,2017-12-20,16,0,1,1,1,1,1,1,1,0,1.0,0.880874,1,1.0,1,5,1,18,0.1525,0.6667,RED,51,Chennai
CLM0001387,CHE_06053,Guindy,2025-05-11,8,0,1,1,0,0,0,0,1,0,0.0,0.226517,0,0.0,0,279,0,3,0.0941,0.8264,RED,40,Chennai
CLM0001388,CHE_08504,Anna Nagar,2022-10-30,12,0,1,1,1,0,0,1,1,0,0.0,1.0,0,0.0,1,23,1,18,0.4444,0.556,YELLOW,45,Chennai
CLM0001389,CHE_02415,Guindy,2024-11-19,8,0,1,1,0,0,0,0,0,0,1.0,0.230079,0,0.0,0,420,2,2,0.6809,0.7137,RED,21,Chennai
CLM0001390,CHE_00315,Chromepet,2023-02-12,20,0,0,0,0,0,0,0,0,0,0.0,0.134754,0,0.0,0,252,2,3,0.553,0.0596,GREEN,48,Chennai
CLM0001391,CHE_00995,Porur,2023-09-11,7,0,0,0,0,1,0,0,0,0,0.0,0.920593,1,0.0,0,420,0,1,0.8565,0.1212,GREEN,46,Chennai
CLM0001392,CHE_06132,Perambur,2024-02-29,8,0,0,0,0,0,0,0,0,0,0.0,0.0,0,1.0,0,372,3,4,0.98,0.0967,GREEN,30,Chennai
CLM0001393,CHE_02896,Porur,2023-05-09,14,0,0,0,0,0,0,0,0,0,0.0,0.075663,0,0.0,0,69,3,0,0.8255,0.0,GREEN,50,Chennai
CLM0001394,CHE_01319,Perambur,2025-01-07,9,0,0,0,0,0,0,0,0,0,0.0,0.193137,1,0.0,0,241,3,5,0.7912,0.1425,GREEN,34,Chennai
CLM0001395,CHE_01533,Velachery,2016-05-08,11,0,0,0,0,0,0,0,0,0,0.0,0.375342,0,0.0,1,204,1,0,0.6715,0.0636,GREEN,29,Chennai
CLM0001396,CHE_05615,Porur,2021-10-25,21,0,0,0,0,0,0,0,0,0,1.0,0.203886,0,0.0,0,232,4,5,0.98,0.1276,GREEN,44,Chennai
CLM0001397,CHE_04967,Chromepet,2025-08-27,12,0,0,0,0,0,0,0,0,0,0.0,0.264987,0,0.0,0,255,3,0,0.05,0.0153,GREEN,47,Chennai
CLM0001398,CHE_09593,Velachery,2023-03-23,11,0,0,0,0,0,0,0,1,0,1.0,0.168976,0,0.0,0,317,1,3,0.3052,0.0482,GREEN,41,Chennai
CLM0001399,CHE_09814,Tambaram,2024-03-07,20,0,0,0,0,0,0,0,0,0,0.0,0.006747,0,0.0,0,92,4,6,0.98,0.0691,GREEN,38,Chennai
CLM0001400,CHE_00691,Velachery,2022-01-22,11,0,0,0,0,0,0,1,1,1,0.0,0.185786,0,0.0,0,5,0,18,0.9683,0.0759,GREEN,45,Chennai
CLM0001401,CHE_08645,Adyar,2023-09-04,17,0,0,0,0,1,0,0,0,0,0.0,0.124901,0,0.0,0,420,4,2,0.2806,0.1623,GREEN,35,Chennai
CLM0001402,CHE_00838,Anna Nagar,2022-03-31,16,0,0,0,0,0,0,0,0,0,0.0,0.217648,0,0.0,0,397,0,0,0.0998,0.0412,GREEN,51,Chennai
CLM0001403,CHE_06347,Porur,2023-07-14,20,0,0,0,0,0,0,1,0,0,0.0,0.434885,0,0.0,0,119,3,0,0.6712,0.0105,GREEN,42,Chennai
CLM0001404,CHE_00191,Sholinganallur,2025-12-02,13,0,0,0,0,0,0,0,0,0,0.0,0.092042,0,0.0,0,95,2,2,0.8649,0.0198,GREEN,45,Chennai
CLM0001405,CHE_07541,Sholinganallur,2024-08-20,15,0,0,0,0,0,1,0,0,0,0.0,0.404937,0,0.0,0,146,3,7,0.8064,0.0479,GREEN,23,Chennai
CLM0001406,CHE_03169,Tambaram,2020-03-23,11,0,0,0,0,0,0,0,0,0,0.0,0.313851,0,0.0,0,164,3,0,0.141,0.2487,GREEN,24,Chennai
CLM0001407,CHE_04027,Chromepet,2025-02-08,16,0,0,0,0,0,0,0,1,0,0.0,0.057968,0,0.0,0,420,4,1,0.0643,0.1956,GREEN,20,Chennai
CLM0001408,CHE_07118,Sholinganallur,2024-01-31,13,0,0,0,0,0,0,1,0,0,0.0,0.0,1,0.0,0,211,1,4,0.1314,0.2489,GREEN,35,Chennai
CLM0001409,CHE_00826,Adyar,2023-03-02,17,0,0,0,0,0,0,0,0,0,0.0,0.288021,0,0.0,0,363,2,0,0.2566,0.0384,GREEN,27,Chennai
CLM0001410,CHE_02761,Anna Nagar,2020-09-22,14,0,0,0,0,0,0,1,0,0,0.0,0.141119,1,0.0,0,414,3,6,0.9251,0.157,GREEN,37,Chennai
CLM0001411,CHE_01361,Adyar,2021-02-25,7,0,0,0,0,0,0,0,0,0,0.0,0.943196,0,0.0,0,56,2,0,0.6817,0.0443,GREEN,22,Chennai
CLM0001412,CHE_08572,Anna Nagar,2022-03-01,14,0,0,0,0,0,0,0,0,0,0.0,0.225901,0,0.0,0,420,2,5,0.98,0.0138,GREEN,43,Chennai
CLM0001413,CHE_06620,Adyar,2025-03-09,14,0,0,0,0,0,0,0,0,0,0.0,0.21569,1,0.0,0,267,1,0,0.6216,0.0,GREEN,21,Chennai
CLM0001414,CHE_04879,Sholinganallur,2023-10-29,16,0,0,0,1,0,0,1,0,0,0.0,0.229297,0,0.0,0,243,1,2,0.9494,0.2547,GREEN,44,Chennai
CLM0001415,CHE_05609,Sholinganallur,2020-10-30,21,0,0,0,1,0,1,1,1,1,1.0,0.166389,0,1.0,1,31,0,18,0.3108,0.0654,GREEN,52,Chennai
CLM0001416,CHE_09998,Guindy,2025-07-26,7,0,0,0,0,0,0,0,0,0,0.0,0.299581,0,0.0,0,175,0,2,0.05,0.0344,GREEN,18,Chennai
CLM0001417,CHE_08122,Velachery,2025-11-06,20,0,0,0,0,0,0,0,1,0,0.0,0.276148,0,0.0,0,312,4,3,0.5944,0.0,GREEN,46,Chennai
CLM0001418,CHE_09272,Adyar,2025-09-26,15,0,0,0,0,0,0,0,0,0,0.0,0.0,0,0.0,0,148,4,3,0.9588,0.0529,GREEN,39,Chennai
CLM0001419,CHE_02546,Guindy,2025-08-28,15,0,0,0,0,0,0,0,0,0,0.0,0.383588,0,0.0,0,53,4,5,0.0878,0.0,GREEN,18,Chennai
CLM0001420,CHE_08053,Perambur,2025-01-31,7,0,0,0,0,0,0,0,0,0,0.0,0.020018,0,0.0,0,137,3,1,0.8862,0.0,GREEN,23,Chennai
CLM0001421,CHE_07937,Anna Nagar,2025-01-25,8,0,0,0,0,0,0,0,0,0,0.0,0.096454,0,0.0,0,63,0,2,0.9701,0.048,GREEN,30,Chennai
CLM0001422,CHE_01997,Porur,2025-08-24,11,0,0,0,0,0,0,0,0,0,0.0,0.185349,0,0.0,0,77,2,0,0.5081,0.0502,GREEN,65,Chennai
CLM0001423,CHE_01842,Adyar,2025-01-19,12,0,0,0,0,0,0,0,0,0,0.0,0.070094,0,0.0,0,263,0,6,0.4748,0.0,GREEN,37,Chennai
CLM0001424,CHE_05505,Porur,2025-07-30,8,0,0,0,0,0,0,0,0,0,0.0,0.12476,0,0.0,0,159,1,0,0.0699,0.0237,GREEN,43,Chennai
CLM0001425,CHE_05951,Perambur,2021-10-16,20,0,0,0,0,0,0,0,0,0,0.0,0.081804,0,0.0,0,420,2,0,0.942,0.0,GREEN,40,Chennai
CLM0001426,CHE_00110,T Nagar,2022-10-21,12,0,0,0,0,0,0,0,0,0,0.0,0.239155,0,0.0,0,272,3,3,0.7781,0.0735,GREEN,37,Chennai
CLM0001427,CHE_07879,T Nagar,2021-10-19,8,0,0,0,0,1,0,1,1,1,1.0,1.0,0,0.0,1,16,1,18,0.2581,0.0,GREEN,32,Chennai
CLM0001428,CHE_05620,Anna Nagar,2024-03-09,13,0,0,0,0,0,0,1,0,0,0.0,0.0,0,0.0,0,314,4,5,0.0935,0.017,GREEN,51,Chennai
CLM0001429,CHE_06446,T Nagar,2025-03-18,13,0,0,0,0,0,0,0,0,1,0.0,0.107954,0,0.0,0,174,0,0,0.6537,0.0582,GREEN,42,Chennai
CLM0001430,CHE_03520,Velachery,2020-10-17,17,0,0,0,0,0,0,0,0,0,0.0,0.111834,0,0.0,0,119,1,1,0.05,0.0354,GREEN,56,Chennai
CLM0001431,CHE_04582,Velachery,2024-04-09,16,0,0,0,0,0,0,0,0,0,0.0,0.325821,0,0.0,0,71,4,4,0.9787,0.0187,GREEN,49,Chennai
CLM0001432,CHE_03564,T Nagar,2025-08-15,9,0,0,0,0,0,0,0,0,0,0.0,0.106535,0,0.0,0,153,3,1,0.98,0.0479,GREEN,38,Chennai
CLM0001433,CHE_06343,Sholinganallur,2025-11-20,7,0,0,0,1,0,0,0,1,0,0.0,0.14839,0,0.0,1,175,2,2,0.0875,0.2816,GREEN,29,Chennai
CLM0001434,CHE_03270,Velachery,2023-08-26,7,0,0,0,0,0,0,0,0,0,0.0,0.884792,1,0.0,0,143,1,1,0.4851,0.0795,GREEN,33,Chennai
CLM0001435,CHE_00600,Sholinganallur,2025-03-21,13,0,0,0,0,0,0,0,0,1,0.0,0.16299,0,0.0,0,179,4,4,0.98,0.1653,GREEN,24,Chennai
CLM0001436,CHE_02042,Tambaram,2024-11-01,10,0,0,0,0,0,0,0,0,0,0.0,0.361085,0,0.0,0,420,2,3,0.8567,0.0086,GREEN,39,Chennai
CLM0001437,CHE_03715,T Nagar,2025-05-23,10,0,0,0,0,0,0,0,1,0,1.0,1.0,0,0.0,0,371,0,0,0.5736,0.284,GREEN,43,Chennai
CLM0001438,CHE_00830,Adyar,2024-02-04,16,0,0,0,0,0,0,0,0,1,0.0,0.320427,0,0.0,0,175,3,0,0.7277,0.1687,GREEN,31,Chennai
CLM0001439,CHE_00466,Velachery,2025-10-20,19,0,0,0,0,1,0,1,1,0,0.0,0.234721,0,0.0,1,18,1,18,0.9309,0.0196,GREEN,46,Chennai
CLM0001440,CHE_00195,Velachery,2024-12-09,16,0,0,0,0,0,0,0,1,0,1.0,0.284688,0,0.0,0,420,4,2,0.98,0.2083,GREEN,55,Chennai
CLM0001441,CHE_09191,Anna Nagar,2023-07-11,21,0,0,0,0,0,0,0,0,0,0.0,0.172285,0,0.0,0,403,1,4,0.8185,0.0,GREEN,32,Chennai
CLM0001442,CHE_04196,Perambur,2021-07-25,18,0,0,0,0,0,0,0,0,0,0.0,0.152545,0,0.0,0,264,3,2,0.4833,0.0747,GREEN,31,Chennai
CLM0001443,CHE_08952,Sholinganallur,2020-11-17,21,0,0,0,0,0,0,0,0,0,0.0,0.109816,0,0.0,0,131,3,5,0.98,0.0326,GREEN,58,Chennai
CLM0001444,CHE_08855,Porur,2021-02-06,8,0,0,0,0,0,0,0,0,0,0.0,0.952686,0,0.0,0,295,0,0,0.7549,0.017,GREEN,47,Chennai
CLM0001445,CHE_04135,Velachery,2020-11-29,19,0,0,0,0,0,0,0,0,0,0.0,1.0,0,0.0,0,177,2,5,0.8699,0.0,GREEN,44,Chennai
CLM0001446,CHE_03329,Guindy,2021-06-08,17,0,0,0,1,0,0,1,0,0,1.0,0.224892,0,0.0,0,151,1,0,0.1623,0.1972,GREEN,29,Chennai
CLM0001447,CHE_00253,Anna Nagar,2025-11-17,20,0,0,0,0,0,0,0,0,0,0.0,0.1225,0,0.0,0,185,0,7,0.6724,0.0065,GREEN,45,Chennai
CLM0001448,CHE_00178,Anna Nagar,2025-08-24,19,0,0,0,0,0,0,1,0,0,0.0,0.966455,0,0.0,0,365,2,2,0.05,0.0,GREEN,25,Chennai
CLM0001449,CHE_00899,Adyar,2025-09-05,18,0,0,0,0,0,0,0,0,0,0.0,0.239484,0,0.0,0,420,4,6,0.98,0.0262,GREEN,27,Chennai
CLM0001450,CHE_05386,Tambaram,2024-04-07,15,0,0,0,0,0,0,0,0,0,0.0,0.083957,0,0.0,0,47,0,0,0.98,0.0,GREEN,48,Chennai
CLM0001451,CHE_00819,Sholinganallur,2024-09-19,11,0,0,0,0,0,0,0,0,1,0.0,0.226385,0,0.0,0,359,1,3,0.1446,0.0636,GREEN,39,Chennai
CLM0001452,CHE_08771,Porur,2025-10-13,19,0,0,0,0,0,0,0,0,0,0.0,0.312355,0,0.0,0,220,0,1,0.98,0.015,GREEN,46,Chennai
CLM0001453,CHE_08018,Anna Nagar,2024-09-09,10,0,0,0,0,0,0,0,0,0,0.0,0.225625,0,0.0,0,189,0,4,0.5878,0.0637,GREEN,31,Chennai
CLM0001454,CHE_02249,Anna Nagar,2025-06-19,20,0,0,0,0,0,0,0,0,0,0.0,0.281559,0,0.0,0,220,4,2,0.651,0.0548,GREEN,36,Chennai
CLM0001455,CHE_04963,Velachery,2024-07-22,8,0,0,0,1,0,0,0,0,0,0.0,0.097151,0,0.0,0,69,3,2,0.6266,0.0926,GREEN,32,Chennai
CLM0001456,CHE_05084,Perambur,2025-03-26,14,0,0,0,1,0,0,1,0,1,1.0,1.0,0,1.0,0,20,0,18,0.1641,0.0108,GREEN,22,Chennai
CLM0001457,CHE_08583,Chromepet,2024-12-24,15,0,0,0,0,0,0,0,0,0,0.0,0.27299,0,0.0,0,5,3,2,0.567,0.1081,GREEN,29,Chennai
CLM0001458,CHE_04796,Anna Nagar,2024-07-12,12,0,0,0,0,0,0,0,0,0,0.0,0.972426,0,0.0,0,99,2,3,0.8566,0.0,GREEN,41,Chennai
CLM0001459,CHE_04054,Tambaram,2018-07-15,9,0,0,0,0,0,0,0,0,0,0.0,0.422038,0,0.0,0,334,3,1,0.98,0.0089,GREEN,41,Chennai
CLM0001460,CHE_07041,Porur,2018-02-13,10,0,0,0,0,0,0,0,0,0,0.0,0.93061,0,0.0,0,11,1,3,0.884,0.0561,GREEN,44,Chennai
CLM0001461,CHE_07291,Sholinganallur,2022-08-17,19,0,0,0,0,0,0,0,0,0,0.0,0.260207,1,0.0,1,420,0,4,0.6217,0.1547,GREEN,30,Chennai
CLM0001462,CHE_08479,Sholinganallur,2022-12-06,16,0,0,0,1,0,0,0,0,0,0.0,1.0,0,0.0,0,114,3,0,0.4984,0.2061,GREEN,35,Chennai
CLM0001463,CHE_05475,Adyar,2018-11-28,10,0,0,0,0,0,0,0,0,0,0.0,0.218735,0,0.0,0,79,1,4,0.98,0.0514,GREEN,56,Chennai
CLM0001464,CHE_02578,Perambur,2025-03-15,18,0,0,0,0,1,1,1,1,1,1.0,0.998735,0,1.0,0,27,2,18,0.8322,0.0455,GREEN,45,Chennai
CLM0001465,CHE_04852,T Nagar,2022-05-24,15,0,0,0,0,0,0,0,0,0,0.0,0.396942,0,0.0,0,276,0,3,0.6789,0.0,GREEN,47,Chennai
CLM0001466,CHE_05051,Perambur,2024-01-15,10,0,0,0,0,0,0,0,0,0,1.0,0.326723,0,0.0,0,90,4,2,0.3553,0.0221,GREEN,30,Chennai
CLM0001467,CHE_07085,Porur,2023-07-22,15,0,0,0,0,0,0,0,0,0,0.0,0.322559,0,0.0,0,383,1,4,0.8769,0.0388,GREEN,44,Chennai
CLM0001468,CHE_07739,Sholinganallur,2022-02-08,19,0,0,0,0,0,1,0,1,0,0.0,0.172925,0,0.0,0,309,0,3,0.7421,0.1845,GREEN,33,Chennai
CLM0001469,CHE_00467,Anna Nagar,2025-04-17,14,0,0,0,0,1,0,0,1,0,0.0,0.162233,0,0.0,0,111,3,6,0.7227,0.1384,GREEN,54,Chennai
CLM0001470,CHE_08171,Tambaram,2024-05-15,11,0,0,0,0,0,1,0,0,0,0.0,0.315821,0,0.0,0,328,4,1,0.5909,0.1391,GREEN,36,Chennai
CLM0001471,CHE_08204,Sholinganallur,2025-01-24,11,0,0,0,0,1,0,0,0,0,0.0,0.338488,0,0.0,0,418,2,2,0.7281,0.155,GREEN,33,Chennai
CLM0001472,CHE_04782,Porur,2022-09-17,15,0,0,0,0,0,0,0,0,0,0.0,0.057049,0,1.0,0,409,0,0,0.4641,0.0,GREEN,33,Chennai
CLM0001473,CHE_01970,Anna Nagar,2020-08-20,16,0,0,0,0,0,0,0,0,0,0.0,0.17086,0,0.0,0,420,1,0,0.98,0.0425,GREEN,45,Chennai
CLM0001474,CHE_05153,Chromepet,2024-06-22,19,0,0,0,1,0,1,1,1,1,0.0,0.159631,0,0.0,1,5,0,18,0.8544,0.0794,GREEN,42,Chennai
CLM0001475,CHE_04777,Guindy,2024-06-06,10,0,0,0,0,0,0,0,0,1,0.0,0.382452,0,0.0,0,383,1,0,0.9543,0.0,GREEN,45,Chennai
CLM0001476,CHE_03802,Porur,2020-09-21,21,0,0,0,0,0,0,0,1,0,0.0,0.082595,0,0.0,0,294,2,0,0.1372,0.2229,GREEN,22,Chennai
CLM0001477,CHE_03274,Perambur,2020-01-02,17,0,0,0,0,1,0,0,0,0,0.0,0.052163,0,0.0,0,341,4,0,0.98,0.1148,GREEN,41,Chennai
CLM0001478,CHE_02274,Perambur,2015-08-14,20,0,0,0,0,0,0,0,0,0,0.0,0.144888,0,0.0,0,82,3,0,0.6661,0.0,GREEN,44,Chennai
CLM0001479,CHE_09925,Adyar,2017-09-20,20,0,0,0,0,1,0,0,1,0,0.0,0.028326,0,0.0,0,420,0,5,0.8271,0.1551,GREEN,41,Chennai
CLM0001480,CHE_06560,Anna Nagar,2015-11-21,13,0,0,0,0,0,0,0,0,1,0.0,0.404793,0,0.0,0,212,2,4,0.98,0.0673,GREEN,56,Chennai
CLM0001481,CHE_06252,Anna Nagar,2021-10-15,13,0,0,0,0,0,0,0,0,0,0.0,0.344488,0,0.0,0,335,0,5,0.05,0.0939,GREEN,45,Chennai
CLM0001482,CHE_05658,Tambaram,2022-03-27,8,0,0,0,0,0,0,0,0,0,0.0,1.0,0,0.0,0,256,0,0,0.2097,0.0,GREEN,45,Chennai
CLM0001483,CHE_09424,Chromepet,2024-02-26,12,0,0,0,0,0,0,0,0,0,0.0,0.093124,0,0.0,0,226,1,3,0.6961,0.0,GREEN,50,Chennai
CLM0001484,CHE_03066,Porur,2022-06-16,19,0,0,0,0,0,0,0,0,0,1.0,0.312814,0,0.0,0,54,4,2,0.7973,0.043,GREEN,42,Chennai
CLM0001485,CHE_04403,Guindy,2021-06-16,21,0,0,0,0,1,0,0,0,1,0.0,0.282119,0,0.0,0,164,2,0,0.7068,0.2157,GREEN,29,Chennai
CLM0001486,CHE_02354,Perambur,2025-11-24,21,0,0,0,0,0,0,0,0,0,0.0,0.170774,0,0.0,0,5,3,2,0.1021,0.0239,GREEN,46,Chennai
CLM0001487,CHE_02849,Chromepet,2024-04-18,17,0,0,0,0,0,0,0,0,0,0.0,0.266615,0,0.0,0,420,2,1,0.7093,0.0,GREEN,34,Chennai
CLM0001488,CHE_08287,Adyar,2021-09-28,13,0,0,0,0,0,0,0,0,0,0.0,0.285888,0,0.0,0,420,1,2,0.6072,0.0,GREEN,35,Chennai
CLM0001489,CHE_08967,T Nagar,2025-04-27,15,0,0,0,0,0,0,0,0,0,0.0,0.368308,0,0.0,0,420,0,6,0.7605,0.0,GREEN,40,Chennai
CLM0001490,CHE_09004,Perambur,2024-06-29,18,0,0,0,0,0,0,0,0,0,0.0,0.313202,0,0.0,0,277,3,3,0.4172,0.0,GREEN,28,Chennai
CLM0001491,CHE_09360,Tambaram,2022-07-24,7,0,0,0,0,0,0,0,0,0,0.0,0.196829,0,0.0,0,288,3,0,0.8512,0.0977,GREEN,41,Chennai
CLM0001492,CHE_07671,Adyar,2022-08-04,8,0,0,0,0,0,0,0,0,0,0.0,0.365562,0,0.0,0,350,2,2,0.547,0.0104,GREEN,57,Chennai
CLM0001493,CHE_01035,Adyar,2023-02-24,18,0,0,0,0,0,0,0,0,0,0.0,0.372047,0,0.0,0,369,3,1,0.7778,0.0039,GREEN,41,Chennai
CLM0001494,CHE_07530,Adyar,2023-07-29,19,0,0,0,0,0,0,0,0,0,0.0,0.186511,0,0.0,0,420,0,0,0.664,0.0447,GREEN,41,Chennai
CLM0001495,CHE_04563,Adyar,2023-11-03,21,0,0,0,0,0,0,1,0,0,0.0,0.280318,0,0.0,0,369,1,4,0.8549,0.0834,GREEN,32,Chennai
CLM0001496,CHE_09805,Tambaram,2024-12-23,12,0,0,0,1,0,0,0,0,0,0.0,0.476804,0,0.0,0,420,1,4,0.05,0.1078,GREEN,44,Chennai
CLM0001497,CHE_07550,T Nagar,2025-10-31,20,0,1,1,0,0,0,0,0,0,0.0,0.235255,0,0.0,0,48,1,5,0.5048,0.0,GREEN,32,Chennai
CLM0001498,CHE_04809,Guindy,2020-06-09,13,0,1,1,0,0,0,0,0,0,0.0,0.378022,0,0.0,0,251,1,2,0.5732,0.0,GREEN,39,Chennai
CLM0001499,CHE_00760,T Nagar,2022-07-03,18,0,0,0,0,0,0,0,0,1,0.0,0.198373,0,0.0,0,44,0,0,0.7066,0.1255,GREEN,34,Chennai
CLM0001500,CHE_04409,Chromepet,2025-07-08,18,0,0,0,0,0,0,0,0,0,0.0,0.242003,0,0.0,0,420,0,0,0.5033,0.1236,GREEN,38,Chennai
CLM0001501,CHE_06080,Sholinganallur,2020-07-29,20,0,1,1,0,0,0,0,0,0,1.0,0.081966,0,0.0,0,171,1,4,0.949,0.0139,GREEN,33,Chennai
CLM0001502,CHE_01079,Perambur,2022-05-19,17,0,0,0,0,0,0,0,0,0,0.0,0.188241,0,0.0,0,265,2,7,0.5294,0.0,GREEN,40,Chennai
CLM0001503,CHE_09225,Adyar,2020-01-07,15,0,0,0,0,0,1,1,1,0,0.0,0.937884,1,1.0,1,5,0,18,0.98,0.204,GREEN,54,Chennai
CLM0001504,CHE_09875,Tambaram,2021-04-19,20,0,0,0,0,0,0,1,0,0,0.0,0.175552,1,0.0,0,64,0,6,0.5275,0.0926,GREEN,18,Chennai
CLM0001505,CHE_00930,Porur,2022-05-15,13,0,0,0,0,0,0,0,0,0,0.0,0.356823,0,0.0,0,420,2,8,0.5151,0.0,GREEN,32,Chennai
CLM0001506,CHE_00346,Chromepet,2020-08-23,19,0,0,0,0,0,1,0,0,0,0.0,0.150145,0,1.0,1,78,2,4,0.8132,0.2169,GREEN,43,Chennai
CLM0001507,CHE_07891,Chromepet,2020-12-14,17,0,0,0,0,0,0,0,0,0,0.0,0.360058,0,0.0,0,404,3,3,0.7237,0.0,GREEN,18,Chennai
CLM0001508,CHE_04167,Perambur,2023-09-12,14,0,0,0,0,0,0,0,0,0,0.0,1.0,0,0.0,0,293,2,4,0.7492,0.0581,GREEN,49,Chennai
CLM0001509,CHE_06588,Perambur,2024-01-13,13,0,0,0,0,0,0,0,0,0,1.0,0.0,0,0.0,0,160,0,3,0.9263,0.0755,GREEN,30,Chennai
CLM0001510,CHE_00779,Chromepet,2024-07-02,18,0,0,0,0,0,0,0,0,0,0.0,0.071098,0,0.0,0,290,4,6,0.8227,0.0088,GREEN,43,Chennai
CLM0001511,CHE_01936,Anna Nagar,2025-01-20,8,0,0,0,0,0,0,1,0,0,0.0,0.193309,0,0.0,0,420,4,0,0.6606,0.1051,GREEN,18,Chennai
CLM0001512,CHE_04276,T Nagar,2025-08-19,9,0,0,0,0,0,0,0,1,0,0.0,0.253986,0,1.0,0,279,4,4,0.6716,0.2958,GREEN,39,Chennai
CLM0001513,CHE_09969,Chromepet,2024-04-14,9,0,0,0,1,0,0,1,1,0,0.0,0.876758,0,1.0,1,5,0,11,0.7147,0.0175,GREEN,20,Chennai
CLM0001514,CHE_07394,Chromepet,2021-11-24,13,0,0,0,0,0,0,0,0,0,0.0,0.271414,0,0.0,0,416,1,2,0.7789,0.008,GREEN,35,Chennai
CLM0001515,CHE_00223,T Nagar,2025-08-12,13,0,0,0,0,0,0,0,0,0,0.0,0.191365,0,0.0,0,167,4,0,0.8209,0.0,GREEN,27,Chennai
CLM0001516,CHE_01976,Adyar,2020-11-27,12,0,0,0,0,0,0,0,0,0,0.0,0.067831,0,0.0,0,148,3,1,0.6414,0.0,GREEN,60,Chennai
CLM0001517,CHE_04781,Tambaram,2024-11-20,10,0,0,0,0,0,0,1,0,0,0.0,0.180728,0,0.0,0,157,3,5,0.9532,0.1708,GREEN,34,Chennai
CLM0001518,CHE_06537,Guindy,2024-10-04,8,0,0,0,0,0,0,0,0,0,0.0,0.145741,0,0.0,0,223,1,2,0.0953,0.0275,GREEN,41,Chennai
CLM0001519,CHE_09233,Porur,2023-03-07,15,0,0,0,0,0,0,0,1,0,0.0,0.004288,0,1.0,0,387,1,1,0.8096,0.2185,GREEN,21,Chennai
CLM0001520,CHE_00558,Tambaram,2023-02-07,17,0,0,0,0,0,0,0,0,0,0.0,0.080788,0,0.0,0,420,4,0,0.82,0.0,GREEN,47,Chennai
CLM0001521,CHE_02299,Chromepet,2023-12-06,19,0,0,0,0,0,0,0,0,0,0.0,0.293922,0,0.0,0,123,4,0,0.7488,0.0,GREEN,41,Chennai
CLM0001522,CHE_04237,Velachery,2020-10-21,18,0,0,0,0,0,0,0,0,0,0.0,0.202235,1,0.0,0,53,0,1,0.654,0.1397,GREEN,29,Chennai
CLM0001523,CHE_08494,Tambaram,2022-06-23,20,0,0,0,1,0,1,1,1,0,1.0,0.977841,0,1.0,1,13,1,18,0.9125,0.0,GREEN,49,Chennai
CLM0001524,CHE_03271,Anna Nagar,2020-10-21,20,0,0,0,0,0,0,0,0,0,0.0,0.334353,0,0.0,0,387,2,2,0.54,0.0132,GREEN,23,Chennai
CLM0001525,CHE_06050,Guindy,2023-12-12,15,0,0,0,0,0,1,0,1,0,0.0,0.162233,0,0.0,0,148,0,2,0.9683,0.2932,GREEN,32,Chennai
CLM0001526,CHE_05812,Sholinganallur,2023-03-09,20,0,0,0,0,0,0,0,0,0,0.0,0.12713,0,1.0,0,156,3,1,0.9753,0.0,GREEN,30,Chennai
CLM0001527,CHE_01645,Anna Nagar,2023-09-16,14,0,0,0,0,0,0,0,0,0,0.0,0.0,0,0.0,0,80,2,3,0.4515,0.0,GREEN,35,Chennai
CLM0001528,CHE_03736,Chromepet,2023-08-04,21,0,0,0,0,0,0,0,0,0,0.0,0.131434,0,0.0,0,377,1,1,0.5961,0.0017,GREEN,35,Chennai
CLM0001529,CHE_02232,Adyar,2019-08-11,19,0,0,0,0,0,0,0,1,0,0.0,0.100809,0,0.0,0,420,1,0,0.98,0.061,GREEN,48,Chennai
CLM0001530,CHE_09658,T Nagar,2017-11-20,18,0,0,0,0,0,0,0,0,0,1.0,0.120998,0,0.0,0,25,2,3,0.9031,0.0561,GREEN,59,Chennai
CLM0001531,CHE_08804,T Nagar,2016-09-20,7,0,0,0,0,0,0,0,0,0,0.0,0.304283,0,0.0,0,166,3,0,0.1696,0.0,GREEN,33,Chennai
CLM0001532,CHE_06653,Velachery,2020-06-16,16,0,0,0,0,0,0,0,0,1,0.0,0.121112,0,0.0,0,420,0,5,0.1749,0.1675,GREEN,22,Chennai
CLM0001533,CHE_03206,Sholinganallur,2018-02-17,13,0,0,0,0,0,0,0,0,0,0.0,0.041285,0,0.0,0,266,0,1,0.2027,0.009,GREEN,38,Chennai
CLM0001534,CHE_08865,Tambaram,2020-03-02,16,0,0,0,0,0,1,0,0,0,1.0,0.299288,0,0.0,0,312,3,3,0.5937,0.1818,GREEN,62,Chennai
CLM0001535,CHE_06109,Sholinganallur,2023-10-12,8,0,0,0,0,0,0,0,0,0,0.0,0.055766,0,0.0,0,420,1,0,0.8557,0.0,GREEN,25,Chennai
CLM0001536,CHE_01223,Velachery,2025-12-10,18,0,0,0,0,0,0,0,0,0,0.0,0.077532,0,0.0,0,253,4,0,0.8385,0.006,GREEN,42,Chennai
CLM0001537,CHE_00840,Velachery,2021-06-16,19,0,0,0,0,0,0,0,0,0,0.0,0.02046,0,0.0,0,420,2,0,0.8018,0.0,GREEN,38,Chennai
CLM0001538,CHE_05769,Perambur,2024-03-27,14,0,0,0,1,0,0,0,1,0,0.0,0.135841,0,0.0,0,286,3,5,0.2567,0.2799,GREEN,42,Chennai
CLM0001539,CHE_01351,Adyar,2018-01-24,16,0,0,0,0,0,0,0,0,0,0.0,0.452437,0,0.0,0,420,1,5,0.5224,0.0,GREEN,31,Chennai
CLM0001540,CHE_07480,Perambur,2020-02-22,14,0,0,0,0,0,1,0,1,0,0.0,0.279049,0,0.0,0,291,2,4,0.68,0.1916,GREEN,33,Chennai
CLM0001541,CHE_03398,Velachery,2019-04-30,10,0,0,0,0,0,0,0,0,0,0.0,0.0,0,0.0,0,104,2,2,0.958,0.022,GREEN,31,Chennai
CLM0001542,CHE_05229,Adyar,2025-02-15,8,0,0,0,0,0,0,1,0,0,0.0,0.125722,0,0.0,0,202,1,3,0.6198,0.0,GREEN,31,Chennai
CLM0001543,CHE_05230,Chromepet,2018-11-15,20,0,0,0,0,0,0,0,0,0,0.0,0.085082,0,0.0,0,91,4,2,0.05,0.1405,GREEN,53,Chennai
CLM0001544,CHE_04014,Perambur,2024-12-05,16,0,0,0,1,0,1,1,0,0,1.0,0.167114,0,0.0,0,108,0,4,0.6501,0.331,YELLOW,39,Chennai
CLM0001545,CHE_06448,Sholinganallur,2021-05-21,19,0,0,0,0,0,0,0,0,0,0.0,1.0,0,0.0,0,13,3,0,0.1992,0.0567,GREEN,19,Chennai
CLM0001546,CHE_09774,Anna Nagar,2025-02-22,12,0,0,0,0,0,0,0,0,0,1.0,0.138944,0,0.0,0,26,1,2,0.98,0.0883,GREEN,46,Chennai
CLM0001547,CHE_09143,Adyar,2021-04-25,21,0,0,0,0,0,0,1,0,0,0.0,0.233708,0,0.0,0,420,1,0,0.9775,0.0658,GREEN,51,Chennai
CLM0001548,CHE_08027,Porur,2023-09-14,9,0,0,0,0,0,0,0,0,0,0.0,0.351252,1,0.0,0,295,2,6,0.98,0.0167,GREEN,45,Chennai
CLM0001549,CHE_06941,Tambaram,2024-03-16,16,0,0,0,0,0,0,0,0,0,0.0,0.456966,0,0.0,1,368,4,0,0.98,0.0662,GREEN,48,Chennai
CLM0001550,CHE_06453,Velachery,2025-12-07,12,0,0,0,0,0,0,0,0,0,0.0,0.314142,0,0.0,0,367,2,1,0.87,0.0,GREEN,41,Chennai
CLM0001551,CHE_05378,Chromepet,2023-11-21,12,0,0,0,0,0,0,0,0,0,0.0,0.370687,0,0.0,0,420,2,1,0.9136,0.1308,GREEN,49,Chennai
CLM0001552,CHE_04126,Porur,2023-01-12,15,0,0,0,0,0,0,0,0,0,0.0,0.406067,0,0.0,0,229,3,1,0.05,0.0247,GREEN,47,Chennai
CLM0001553,CHE_06396,Adyar,2020-04-28,13,0,0,0,0,0,0,0,0,0,0.0,0.310038,0,0.0,0,420,0,1,0.2727,0.0,GREEN,21,Chennai
CLM0001554,CHE_08270,Porur,2020-02-03,18,0,0,0,0,0,0,0,0,1,0.0,0.0,0,0.0,0,349,3,2,0.1855,0.1734,GREEN,26,Chennai
CLM0001555,CHE_03635,Velachery,2018-12-06,11,0,0,0,0,0,0,0,0,0,1.0,0.07097,0,0.0,0,298,4,0,0.6404,0.0664,GREEN,23,Chennai
CLM0001556,CHE_03451,Perambur,2022-07-24,12,0,0,0,0,0,0,0,0,0,0.0,0.048521,0,0.0,0,345,2,0,0.2825,0.0,GREEN,29,Chennai
CLM0001557,CHE_01086,Tambaram,2022-05-11,20,0,0,0,0,0,0,0,0,0,0.0,0.352553,0,1.0,1,420,3,3,0.98,0.1357,GREEN,41,Chennai
CLM0001558,CHE_01245,Tambaram,2023-05-28,12,0,0,0,0,0,0,0,0,0,0.0,0.341766,0,0.0,0,420,3,0,0.753,0.0425,GREEN,31,Chennai
CLM0001559,CHE_04082,Chromepet,2023-03-26,17,0,0,0,0,0,1,0,0,0,0.0,0.292475,0,0.0,0,53,2,2,0.2109,0.1349,GREEN,33,Chennai
CLM0001560,CHE_02361,Sholinganallur,2025-11-21,17,0,0,0,1,0,0,0,0,0,0.0,0.194864,0,0.0,0,210,0,4,0.6606,0.0957,GREEN,56,Chennai
CLM0001561,CHE_01950,Guindy,2023-10-07,9,0,0,0,0,0,0,0,0,0,0.0,0.349124,0,0.0,0,125,3,2,0.5676,0.0,GREEN,34,Chennai
CLM0001562,CHE_09925,Adyar,2025-12-19,12,0,0,0,0,0,1,0,0,0,0.0,0.0,0,0.0,0,193,0,6,0.3776,0.0987,GREEN,41,Chennai
CLM0001563,CHE_04763,Adyar,2022-12-05,12,0,0,0,1,0,0,0,1,1,1.0,0.985851,1,0.0,1,5,3,18,0.8123,0.0,GREEN,43,Chennai
CLM0001564,CHE_01879,T Nagar,2025-04-21,18,0,0,0,1,0,0,0,0,0,0.0,0.251715,0,0.0,0,420,0,2,0.6742,0.1629,GREEN,25,Chennai
CLM0001565,CHE_09052,Porur,2023-09-20,9,0,0,0,0,0,0,0,0,0,0.0,0.36194,0,0.0,0,335,0,2,0.5349,0.0826,GREEN,46,Chennai
CLM0001566,CHE_04930,Chromepet,2024-04-04,11,0,0,0,0,0,0,1,0,0,0.0,0.46312,0,0.0,0,371,2,5,0.5959,0.0767,GREEN,21,Chennai
CLM0001567,CHE_04545,Perambur,2020-04-03,20,0,0,0,0,0,0,0,1,0,0.0,0.046999,0,0.0,0,213,0,5,0.7572,0.0863,GREEN,50,Chennai
CLM0001568,CHE_05816,Adyar,2021-11-06,11,0,0,0,0,0,0,0,0,0,0.0,0.042513,0,0.0,1,54,2,0,0.9482,0.0446,GREEN,32,Chennai
CLM0001569,CHE_09087,Sholinganallur,2021-02-26,16,0,0,0,0,0,0,0,0,0,0.0,0.263601,0,0.0,0,208,2,4,0.5578,0.0826,GREEN,36,Chennai
CLM0001570,CHE_01666,Guindy,2023-06-22,18,0,0,0,0,0,0,0,0,0,0.0,0.088285,0,0.0,0,69,2,6,0.7034,0.1159,GREEN,43,Chennai
CLM0001571,CHE_00625,Sholinganallur,2021-10-28,16,0,0,0,0,0,0,1,1,0,0.0,0.388953,0,0.0,0,357,2,1,0.7436,0.1967,GREEN,43,Chennai
CLM0001572,CHE_06526,Adyar,2025-10-06,16,0,0,0,0,1,0,0,0,0,0.0,0.177195,0,0.0,0,420,3,5,0.8967,0.086,GREEN,35,Chennai
CLM0001573,CHE_01430,T Nagar,2020-01-18,19,0,0,0,0,0,0,0,1,0,0.0,0.091677,0,0.0,0,70,2,2,0.6251,0.053,GREEN,49,Chennai
CLM0001574,CHE_06717,Porur,2023-05-20,18,0,0,0,0,0,0,0,0,1,0.0,0.14039,0,0.0,1,156,4,7,0.1517,0.1873,GREEN,18,Chennai
CLM0001575,CHE_08625,Chromepet,2025-09-12,10,0,0,0,0,0,0,1,0,0,0.0,0.945895,0,0.0,0,420,0,0,0.05,0.0048,GREEN,31,Chennai
CLM0001576,CHE_08773,Porur,2021-10-26,12,0,0,0,0,0,0,0,0,0,0.0,0.366902,0,0.0,0,49,4,1,0.8807,0.0993,GREEN,33,Chennai
CLM0001577,CHE_01520,Perambur,2024-04-15,13,0,0,0,0,0,0,0,0,0,1.0,0.131072,0,0.0,0,221,1,0,0.3323,0.0725,GREEN,28,Chennai
CLM0001578,CHE_05935,Tambaram,2021-08-15,10,0,0,0,0,1,0,0,1,0,0.0,0.139341,0,0.0,0,420,1,0,0.8121,0.2488,GREEN,38,Chennai
CLM0001579,CHE_04116,Perambur,2021-05-12,10,0,0,0,0,0,0,0,0,0,0.0,0.359254,0,0.0,0,306,4,2,0.7632,0.0025,GREEN,41,Chennai
CLM0001580,CHE_09628,Velachery,2024-08-10,14,0,0,0,0,0,0,0,0,0,0.0,0.225225,0,0.0,0,176,0,2,0.98,0.0,GREEN,34,Chennai
CLM0001581,CHE_04871,Anna Nagar,2021-05-08,20,0,1,1,0,0,0,0,0,0,0.0,0.133468,0,0.0,0,420,0,2,0.589,0.1061,GREEN,49,Chennai
CLM0001582,CHE_02412,Adyar,2024-02-02,21,0,0,0,0,0,0,0,0,0,0.0,0.061204,0,0.0,0,407,0,1,0.98,0.0,GREEN,41,Chennai
CLM0001583,CHE_01864,Guindy,2023-08-14,11,0,0,0,0,0,0,1,0,0,0.0,0.296523,0,0.0,0,218,1,0,0.7081,0.0,GREEN,34,Chennai
CLM0001584,CHE_01523,Anna Nagar,2022-06-19,11,0,0,0,0,0,0,0,0,0,0.0,0.25844,0,0.0,0,315,4,0,0.6499,0.0325,GREEN,47,Chennai
CLM0001585,CHE_07544,Velachery,2024-08-23,10,0,0,0,0,0,0,0,0,0,0.0,0.015939,0,0.0,0,420,0,5,0.05,0.0019,GREEN,46,Chennai
CLM0001586,CHE_04476,Guindy,2018-12-13,7,0,1,1,1,1,1,1,0,1,1.0,1.0,1,0.0,0,5,1,15,0.2702,0.7754,RED,49,Chennai
CLM0001587,CHE_03746,Velachery,2020-07-30,15,0,1,1,0,0,1,1,1,0,0.0,0.101659,0,0.0,1,5,2,18,0.9388,0.3823,YELLOW,32,Chennai
CLM0001588,CHE_09422,T Nagar,2022-06-19,8,0,1,1,1,0,1,1,1,0,1.0,1.0,0,1.0,1,19,1,18,0.9278,0.6206,RED,44,Chennai
CLM0001589,CHE_00438,Velachery,2024-10-31,14,0,1,1,0,0,0,0,1,0,0.0,0.148005,0,0.0,0,51,0,18,0.9568,0.3454,YELLOW,53,Chennai
CLM0001590,CHE_06157,Adyar,2022-11-08,10,0,1,1,1,1,0,1,0,0,0.0,0.975522,1,1.0,1,5,1,18,0.8009,0.4473,YELLOW,46,Chennai
CLM0001591,CHE_03149,Velachery,2020-04-23,11,0,1,1,1,1,0,1,1,1,1.0,1.0,0,1.0,0,13,0,15,0.2892,0.753,RED,51,Chennai
CLM0001592,CHE_04990,Tambaram,2021-04-13,7,0,1,1,1,0,1,1,0,0,1.0,0.344748,1,0.0,1,11,1,18,0.98,0.5215,YELLOW,18,Chennai
CLM0001593,CHE_02326,Tambaram,2025-06-15,16,0,0,0,0,0,0,0,0,0,0.0,0.043429,0,1.0,0,247,2,0,0.7802,0.0839,GREEN,41,Chennai
CLM0001594,CHE_09808,Tambaram,2025-09-09,9,0,0,0,0,0,0,0,0,0,0.0,0.0,0,0.0,0,420,0,2,0.2874,0.0,GREEN,38,Chennai
CLM0001595,CHE_05093,Adyar,2024-09-08,17,0,0,0,0,0,0,0,0,0,1.0,0.067621,0,0.0,0,119,0,0,0.8971,0.0331,GREEN,52,Chennai
CLM0001596,CHE_08666,Adyar,2025-08-06,13,0,0,0,0,0,0,0,0,0,0.0,0.0,0,0.0,1,71,1,0,0.7509,0.1108,GREEN,50,Chennai
CLM0001597,CHE_03926,Porur,2024-09-19,20,0,0,0,0,0,0,0,0,0,0.0,0.186065,0,0.0,0,420,3,2,0.9061,0.004,GREEN,42,Chennai
CLM0001598,CHE_09075,Perambur,2025-08-22,11,0,0,0,0,0,0,0,0,0,0.0,0.163587,0,0.0,0,224,1,0,0.4802,0.0,GREEN,43,Chennai
CLM0001599,CHE_05458,Guindy,2024-07-02,8,0,0,0,0,0,0,0,0,0,0.0,0.07424,0,1.0,0,154,4,0,0.7975,0.0459,GREEN,34,Chennai
CLM0001600,CHE_07743,Tambaram,2024-12-22,15,0,0,0,0,0,0,0,0,0,0.0,0.369092,0,0.0,0,39,2,0,0.4483,0.0,GREEN,39,Chennai
CLM0001601,CHE_05233,Chromepet,2024-03-17,18,0,0,0,0,0,0,0,0,0,0.0,0.196081,0,0.0,0,75,0,7,0.8509,0.0,GREEN,41,Chennai
CLM0001602,CHE_03571,T Nagar,2024-08-10,11,0,0,0,0,0,0,0,0,0,0.0,0.257954,1,0.0,0,214,0,1,0.8797,0.0,GREEN,47,Chennai
CLM0001603,CHE_02492,Chromepet,2024-05-06,7,0,0,0,0,1,0,0,1,0,0.0,1.0,0,0.0,0,290,0,4,0.6386,0.2588,GREEN,41,Chennai
CLM0001604,CHE_08948,Adyar,2024-11-13,12,0,0,0,0,0,0,0,0,0,0.0,0.399334,0,0.0,0,420,2,2,0.4188,0.0995,GREEN,39,Chennai
CLM0001605,CHE_07540,Sholinganallur,2024-11-07,14,0,0,0,0,0,0,0,0,1,0.0,0.360515,0,0.0,0,92,0,2,0.1796,0.1653,GREEN,38,Chennai
CLM0001606,CHE_08559,Porur,2025-02-06,10,0,0,0,0,0,0,0,0,0,0.0,0.446273,0,0.0,1,77,2,1,0.6187,0.0218,GREEN,29,Chennai
CLM0001607,CHE_07140,Guindy,2023-02-05,8,0,1,1,0,0,0,0,0,0,0.0,0.0,0,0.0,0,420,2,3,0.279,0.0034,GREEN,44,Chennai
CLM0001608,CHE_03571,T Nagar,2024-12-28,19,0,0,0,0,0,0,0,0,0,0.0,0.071327,0,0.0,0,42,2,1,0.5774,0.0,GREEN,47,Chennai
CLM0001609,CHE_02550,Anna Nagar,2022-12-17,9,0,0,0,0,0,0,0,0,0,1.0,0.232905,1,0.0,0,391,4,2,0.8982,0.1566,GREEN,38,Chennai
CLM0001610,CHE_02216,Guindy,2021-01-02,21,0,0,0,1,0,0,0,1,0,1.0,0.844235,0,1.0,0,220,1,0,0.5686,0.2467,GREEN,51,Chennai
CLM0001611,CHE_00961,Anna Nagar,2020-05-20,18,0,0,0,0,1,0,0,0,0,0.0,0.066596,0,0.0,0,389,1,0,0.2719,0.2403,GREEN,50,Chennai
CLM0001612,CHE_05290,Chromepet,2025-05-27,21,0,0,0,0,0,0,0,0,0,0.0,0.049434,0,0.0,1,402,4,2,0.5467,0.0387,GREEN,36,Chennai
CLM0001613,CHE_00344,Porur,2024-08-22,16,0,0,0,0,1,0,0,0,0,0.0,0.252676,0,1.0,0,209,2,3,0.7632,0.1969,GREEN,37,Chennai
CLM0001614,CHE_05617,T Nagar,2022-04-05,18,0,0,0,0,0,0,0,0,0,0.0,0.400519,0,0.0,0,274,0,2,0.5411,0.0438,GREEN,19,Chennai
CLM0001615,CHE_08110,Tambaram,2022-09-23,10,0,0,0,0,0,0,0,0,0,0.0,1.0,0,0.0,0,420,3,3,0.6915,0.0721,GREEN,18,Chennai
CLM0001616,CHE_02508,Sholinganallur,2025-05-14,9,0,0,0,0,0,0,0,0,0,1.0,0.338647,0,0.0,0,61,2,0,0.573,0.1172,GREEN,46,Chennai
CLM0001617,CHE_04290,Guindy,2021-06-10,14,0,0,0,0,0,1,0,0,0,0.0,0.343873,0,0.0,0,256,1,0,0.6285,0.0906,GREEN,56,Chennai
CLM0001618,CHE_02419,Chromepet,2023-11-26,17,0,0,0,0,0,1,0,0,0,0.0,0.0,0,1.0,0,272,0,1,0.8326,0.0992,GREEN,49,Chennai
CLM0001619,CHE_07721,Adyar,2025-01-04,9,0,0,0,0,0,0,0,0,0,0.0,0.101584,0,0.0,0,23,2,2,0.98,0.0682,GREEN,40,Chennai
CLM0001620,CHE_02821,Porur,2024-12-04,13,0,0,0,0,0,0,0,0,0,0.0,0.010744,0,0.0,0,420,3,6,0.8587,0.0346,GREEN,29,Chennai
CLM0001621,CHE_04626,Guindy,2024-04-30,13,0,0,0,0,0,0,0,0,0,0.0,0.294067,0,1.0,0,221,3,4,0.7672,0.0,GREEN,37,Chennai
CLM0001622,CHE_08388,Tambaram,2024-08-22,11,0,0,0,0,0,0,0,0,0,0.0,0.321882,0,0.0,0,44,0,2,0.7714,0.0172,GREEN,36,Chennai
CLM0001623,CHE_07450,Tambaram,2024-07-23,11,0,0,0,0,0,0,0,0,0,0.0,0.217137,0,0.0,0,339,1,6,0.7703,0.0,GREEN,47,Chennai
CLM0001624,CHE_01190,Adyar,2021-05-26,20,0,0,0,0,0,0,0,0,0,0.0,0.297401,0,0.0,0,162,1,5,0.5557,0.0,GREEN,41,Chennai
CLM0001625,CHE_09853,Tambaram,2023-10-28,12,0,0,0,0,0,0,0,0,0,0.0,1.0,0,0.0,0,129,1,3,0.6098,0.0,GREEN,49,Chennai
CLM0001626,CHE_04359,Sholinganallur,2019-09-09,10,0,0,0,0,0,0,1,0,1,1.0,0.4339,0,0.0,0,229,1,1,0.8246,0.2526,GREEN,49,Chennai
CLM0001627,CHE_02402,Porur,2017-07-16,11,0,0,0,0,0,0,0,0,0,0.0,0.368408,0,0.0,0,328,3,4,0.7727,0.0,GREEN,30,Chennai
CLM0001628,CHE_01226,Velachery,2019-03-31,18,0,0,0,0,0,0,0,0,0,0.0,0.326515,0,0.0,0,355,0,1,0.8061,0.0,GREEN,36,Chennai
CLM0001629,CHE_07403,Adyar,2024-03-16,8,0,0,0,0,1,0,0,0,0,0.0,0.208132,0,1.0,0,420,3,2,0.5955,0.217,GREEN,45,Chennai
CLM0001630,CHE_07927,Velachery,2018-01-04,10,0,0,0,0,0,0,0,0,0,0.0,0.100374,0,0.0,0,420,1,0,0.5393,0.0,GREEN,58,Chennai
CLM0001631,CHE_01430,T Nagar,2019-06-12,13,0,0,0,0,0,0,0,0,0,0.0,0.073231,0,0.0,0,19,3,0,0.9467,0.0065,GREEN,49,Chennai
CLM0001632,CHE_04782,Porur,2015-07-15,20,0,0,0,0,0,0,0,1,0,0.0,0.040229,0,0.0,0,56,3,0,0.6507,0.1739,GREEN,33,Chennai
CLM0001633,CHE_03757,Sholinganallur,2025-12-17,11,0,0,0,0,0,0,0,0,0,0.0,0.162717,0,1.0,0,259,0,2,0.98,0.1047,GREEN,53,Chennai
CLM0001634,CHE_03119,Adyar,2024-06-29,16,0,0,0,0,0,0,0,0,0,0.0,0.991834,0,0.0,0,420,4,0,0.5786,0.0,GREEN,47,Chennai
CLM0001635,CHE_01036,T Nagar,2025-08-12,8,0,0,0,0,0,0,0,0,0,0.0,0.412108,0,0.0,0,374,3,3,0.4972,0.0,GREEN,32,Chennai
CLM0001636,CHE_00637,Chromepet,2025-11-10,21,0,0,0,0,0,0,0,0,0,0.0,0.008335,0,0.0,0,242,3,0,0.9109,0.0331,GREEN,49,Chennai
CLM0001637,CHE_03308,Anna Nagar,2024-09-02,11,0,0,0,0,1,1,0,0,0,0.0,0.108255,0,0.0,0,69,0,0,0.7528,0.1557,GREEN,33,Chennai
CLM0001638,CHE_09511,Chromepet,2025-02-01,12,0,0,0,0,0,0,0,0,0,0.0,0.960873,0,1.0,0,5,1,2,0.05,0.0425,GREEN,50,Chennai
CLM0001639,CHE_04273,Velachery,2024-11-13,11,0,0,0,0,0,0,0,0,0,0.0,0.397856,0,0.0,0,327,0,2,0.6798,0.1224,GREEN,61,Chennai
CLM0001640,CHE_08993,Velachery,2025-02-15,18,0,0,0,0,0,0,0,0,0,1.0,0.3269,0,0.0,0,373,1,1,0.1517,0.0963,GREEN,41,Chennai
CLM0001641,CHE_04533,T Nagar,2024-07-06,19,0,0,0,0,0,1,0,0,0,0.0,0.233387,0,0.0,0,416,0,3,0.6228,0.0917,GREEN,27,Chennai
CLM0001642,CHE_05776,Velachery,2025-08-21,20,0,0,0,0,0,0,1,0,0,0.0,0.298287,0,0.0,0,325,3,0,0.2104,0.053,GREEN,47,Chennai
CLM0001643,CHE_02427,Anna Nagar,2020-10-05,18,0,0,0,0,0,0,0,0,0,1.0,0.242385,0,0.0,0,420,1,2,0.7783,0.0936,GREEN,33,Chennai
CLM0001644,CHE_00286,Velachery,2023-07-14,18,0,0,0,0,0,0,0,0,0,0.0,0.039501,0,0.0,0,126,0,7,0.6262,0.0,GREEN,49,Chennai
CLM0001645,CHE_09045,Velachery,2018-03-30,9,0,0,0,0,0,0,0,1,0,0.0,0.053258,0,0.0,1,87,1,5,0.2243,0.1314,GREEN,45,Chennai
CLM0001646,CHE_06263,Chromepet,2018-04-01,8,0,0,0,0,0,0,0,0,0,0.0,0.145654,0,0.0,0,124,0,2,0.5899,0.0139,GREEN,40,Chennai
CLM0001647,CHE_05514,Tambaram,2023-01-13,16,0,0,0,0,0,0,0,0,0,0.0,0.097118,0,0.0,0,215,3,2,0.98,0.0334,GREEN,24,Chennai
CLM0001648,CHE_05157,Velachery,2017-09-25,8,0,0,0,0,0,0,0,1,0,1.0,0.156768,0,0.0,0,420,0,2,0.173,0.2243,GREEN,43,Chennai
CLM0001649,CHE_05893,Anna Nagar,2023-09-30,9,0,0,0,0,0,0,0,0,0,1.0,0.932846,0,0.0,0,420,0,0,0.8715,0.1638,GREEN,42,Chennai
CLM0001650,CHE_05766,Porur,2024-04-30,16,0,0,0,0,0,0,0,0,0,0.0,0.200376,0,0.0,0,90,3,0,0.6028,0.0458,GREEN,18,Chennai
CLM0001651,CHE_03388,T Nagar,2024-05-31,12,0,0,0,0,0,0,0,0,0,0.0,0.25065,0,0.0,0,129,1,6,0.8751,0.0,GREEN,37,Chennai
CLM0001652,CHE_05104,Perambur,2020-11-14,14,0,0,0,0,0,0,0,0,0,0.0,0.103715,0,0.0,0,68,3,3,0.7291,0.1121,GREEN,36,Chennai
CLM0001653,CHE_08815,Perambur,2022-09-22,21,0,0,0,0,0,0,0,0,1,0.0,0.372333,0,0.0,0,271,3,1,0.4955,0.072,GREEN,37,Chennai
CLM0001654,CHE_04666,Tambaram,2024-07-25,15,0,0,0,0,0,1,0,0,1,0.0,0.058306,0,0.0,0,420,2,0,0.6194,0.1333,GREEN,24,Chennai
CLM0001655,CHE_07412,Anna Nagar,2018-03-20,18,0,0,0,0,0,0,0,0,0,0.0,0.24458,0,0.0,0,138,0,0,0.2528,0.0136,GREEN,48,Chennai
CLM0001656,CHE_05717,Anna Nagar,2020-01-04,10,0,0,0,0,0,0,0,0,0,0.0,0.046017,0,0.0,0,420,1,4,0.6467,0.0399,GREEN,32,Chennai
CLM0001657,CHE_00009,Chromepet,2023-04-15,15,0,0,0,0,1,0,0,0,0,1.0,0.259704,0,0.0,0,420,1,4,0.5198,0.0991,GREEN,51,Chennai
CLM0001658,CHE_00592,Velachery,2025-10-05,13,0,0,0,0,0,0,0,0,0,1.0,0.890363,0,1.0,0,248,4,1,0.8752,0.0208,GREEN,42,Chennai
CLM0001659,CHE_06587,Porur,2023-08-29,15,0,0,0,0,0,1,0,0,0,0.0,0.148117,0,0.0,0,47,0,4,0.7057,0.1064,GREEN,48,Chennai
CLM0001660,CHE_07952,Chromepet,2020-12-10,20,0,0,0,0,0,1,0,0,0,0.0,0.071551,0,0.0,0,387,4,3,0.714,0.0649,GREEN,52,Chennai
CLM0001661,CHE_07852,Porur,2025-10-15,11,0,0,0,0,0,0,1,0,0,0.0,0.421743,0,0.0,1,278,0,7,0.4383,0.2801,GREEN,45,Chennai
CLM0001662,CHE_05426,Chromepet,2020-05-26,9,0,0,0,0,0,0,1,0,0,0.0,0.298116,0,0.0,0,420,3,0,0.7416,0.1387,GREEN,38,Chennai
CLM0001663,CHE_04656,Anna Nagar,2023-05-30,14,0,0,0,1,0,0,0,0,1,1.0,0.074018,0,1.0,1,5,1,18,0.1714,0.0561,GREEN,34,Chennai
CLM0001664,CHE_04626,Guindy,2019-01-26,14,0,0,0,0,0,0,0,0,0,0.0,0.142576,0,0.0,0,304,1,0,0.98,0.0166,GREEN,37,Chennai
CLM0001665,CHE_02769,Perambur,2022-04-27,17,0,0,0,0,0,0,0,0,0,0.0,0.315483,0,0.0,0,117,2,2,0.5914,0.0,GREEN,35,Chennai
CLM0001666,CHE_06379,Porur,2018-07-05,13,0,0,0,0,0,0,0,0,0,0.0,0.262191,0,0.0,0,420,2,4,0.6227,0.0124,GREEN,36,Chennai
CLM0001667,CHE_03932,Adyar,2023-09-01,20,0,0,0,0,0,0,1,0,0,0.0,0.235164,0,0.0,0,231,1,0,0.9079,0.0,GREEN,20,Chennai
CLM0001668,CHE_02269,Anna Nagar,2020-07-05,15,0,0,0,0,0,0,0,0,0,0.0,0.241032,0,0.0,0,420,4,0,0.7936,0.0578,GREEN,42,Chennai
CLM0001669,CHE_01107,Chromepet,2022-05-16,15,0,0,0,0,0,0,0,0,0,0.0,0.158496,0,1.0,0,195,4,5,0.8119,0.0,GREEN,37,Chennai
CLM0001670,CHE_09736,Chromepet,2025-09-08,15,0,0,0,0,0,0,0,0,0,0.0,0.359857,0,0.0,0,361,0,7,0.98,0.0,GREEN,55,Chennai
CLM0001671,CHE_01849,Porur,2022-04-14,19,0,0,0,0,0,0,0,0,0,0.0,0.163799,0,0.0,0,31,1,2,0.9551,0.077,GREEN,38,Chennai
CLM0001672,CHE_03549,Guindy,2025-07-24,20,0,0,0,0,0,0,0,0,0,0.0,0.202392,0,0.0,0,317,1,3,0.7135,0.0003,GREEN,39,Chennai
CLM0001673,CHE_04886,Chromepet,2025-06-09,14,0,0,0,0,0,0,0,0,0,0.0,0.423892,0,0.0,0,418,4,1,0.9564,0.0,GREEN,41,Chennai
CLM0001674,CHE_02162,Chromepet,2022-10-28,12,0,0,0,0,0,0,1,0,0,0.0,0.360854,0,0.0,0,149,2,4,0.7614,0.0,GREEN,40,Chennai
CLM0001675,CHE_03864,Sholinganallur,2022-04-06,9,0,0,0,1,1,0,1,1,1,1.0,0.906868,0,1.0,0,23,2,18,0.1486,0.0,GREEN,43,Chennai
CLM0001676,CHE_09880,Anna Nagar,2023-11-07,8,0,0,0,0,0,0,0,1,0,1.0,0.994082,0,0.0,0,420,1,0,0.6776,0.0727,GREEN,47,Chennai
CLM0001677,CHE_01677,Anna Nagar,2020-12-07,7,0,0,0,0,0,0,0,0,0,0.0,0.10578,0,0.0,0,166,1,3,0.7002,0.0597,GREEN,50,Chennai
CLM0001678,CHE_06423,Anna Nagar,2020-12-31,19,0,1,1,1,0,1,1,1,1,0.0,0.268411,0,0.0,1,5,2,18,0.8371,0.0945,GREEN,31,Chennai
CLM0001679,CHE_09719,Porur,2021-06-14,14,0,0,0,0,0,0,1,0,0,0.0,0.029229,0,0.0,0,332,2,3,0.1807,0.0165,GREEN,47,Chennai
CLM0001680,CHE_05146,T Nagar,2023-03-06,7,0,0,0,0,0,0,0,0,0,0.0,0.242191,0,1.0,0,142,3,3,0.5918,0.0459,GREEN,23,Chennai
CLM0001681,CHE_09358,Adyar,2020-07-07,19,0,0,0,0,0,1,0,0,0,0.0,0.360883,0,0.0,0,88,1,7,0.8084,0.1022,GREEN,20,Chennai
CLM0001682,CHE_03813,Sholinganallur,2024-11-24,9,0,0,0,0,0,0,0,0,0,0.0,0.131324,0,0.0,0,415,1,2,0.6801,0.0984,GREEN,43,Chennai
CLM0001683,CHE_01791,Porur,2022-12-24,10,0,0,0,0,0,1,0,0,0,0.0,0.287503,0,0.0,0,302,4,1,0.98,0.0541,GREEN,37,Chennai
CLM0001684,CHE_04929,Anna Nagar,2020-02-27,21,0,0,0,0,0,0,0,0,0,0.0,0.170158,0,0.0,0,187,4,2,0.6205,0.0327,GREEN,52,Chennai
CLM0001685,CHE_09937,Porur,2018-02-14,13,0,0,0,0,0,0,0,0,0,0.0,0.053233,0,0.0,0,420,2,0,0.9402,0.0587,GREEN,49,Chennai
CLM0001686,CHE_09763,Velachery,2020-08-30,15,0,0,0,0,0,0,0,0,0,0.0,0.26557,0,0.0,1,420,4,2,0.7156,0.0898,GREEN,47,Chennai
CLM0001687,CHE_02243,Perambur,2023-03-15,14,0,0,0,0,0,0,0,1,0,0.0,0.965035,0,0.0,0,251,3,5,0.7976,0.0,GREEN,31,Chennai
CLM0001688,CHE_08575,Velachery,2022-12-02,13,0,0,0,0,0,0,0,0,1,0.0,0.358016,0,0.0,0,25,4,1,0.9723,0.0695,GREEN,42,Chennai
CLM0001689,CHE_07695,Sholinganallur,2021-02-19,21,0,0,0,0,0,1,0,0,0,0.0,0.455218,0,0.0,0,420,0,2,0.6633,0.0981,GREEN,40,Chennai
CLM0001690,CHE_07852,Porur,2020-08-13,18,0,0,0,1,1,0,1,1,1,0.0,0.224577,1,0.0,0,15,1,18,0.8082,0.0,GREEN,45,Chennai
CLM0001691,CHE_08974,T Nagar,2024-01-29,18,0,0,0,0,0,0,0,0,0,0.0,0.019744,0,0.0,0,124,1,0,0.211,0.0776,GREEN,35,Chennai
CLM0001692,CHE_03929,Sholinganallur,2024-08-25,8,0,0,0,0,0,0,0,0,0,0.0,0.171733,0,0.0,0,420,3,5,0.0653,0.0053,GREEN,43,Chennai
CLM0001693,CHE_07833,Perambur,2024-07-18,21,0,0,0,0,0,0,0,0,0,1.0,0.166717,0,0.0,0,320,2,4,0.98,0.1151,GREEN,45,Chennai
CLM0001694,CHE_04434,Anna Nagar,2022-05-14,21,0,0,0,0,0,0,0,0,0,0.0,0.0,0,0.0,0,76,4,1,0.7261,0.0026,GREEN,33,Chennai
CLM0001695,CHE_01789,Perambur,2021-03-09,21,0,0,0,0,0,0,0,0,0,0.0,0.945279,0,0.0,0,294,1,0,0.6423,0.0322,GREEN,40,Chennai
CLM0001696,CHE_05131,Guindy,2020-08-27,7,0,0,0,0,0,0,0,0,0,0.0,0.267703,0,0.0,0,155,2,0,0.9455,0.1399,GREEN,33,Chennai
CLM0001697,CHE_00241,Anna Nagar,2025-10-31,12,0,0,0,0,0,0,0,0,0,0.0,0.106629,0,0.0,0,206,4,0,0.8203,0.0178,GREEN,63,Chennai
CLM0001698,CHE_09940,Sholinganallur,2025-11-05,19,0,0,0,1,1,0,0,0,1,0.0,0.168079,0,0.0,0,5,2,18,0.2047,0.0,GREEN,39,Chennai
CLM0001699,CHE_06910,Velachery,2025-07-10,13,0,0,0,0,0,0,0,0,1,0.0,0.999269,0,0.0,1,388,2,3,0.6828,0.1388,GREEN,52,Chennai
CLM0001700,CHE_07898,Tambaram,2022-05-14,14,0,0,0,0,0,0,0,0,0,0.0,0.01382,0,0.0,0,147,2,0,0.6538,0.0,GREEN,29,Chennai
CLM0001701,CHE_07807,Chromepet,2023-05-04,21,0,0,0,0,0,0,0,0,0,0.0,0.113885,0,0.0,0,89,4,0,0.8771,0.0292,GREEN,51,Chennai
CLM0001702,CHE_08354,Sholinganallur,2022-07-26,7,0,0,0,0,0,0,0,0,0,0.0,0.087927,0,0.0,1,420,4,1,0.05,0.033,GREEN,33,Chennai
CLM0001703,CHE_03961,Velachery,2021-11-02,17,0,0,0,0,0,0,0,0,1,0.0,0.151166,0,0.0,1,199,0,0,0.1972,0.0626,GREEN,45,Chennai
CLM0001704,CHE_08933,Porur,2023-02-11,17,0,0,0,0,0,0,0,0,0,0.0,0.035468,0,0.0,0,250,3,3,0.7001,0.0623,GREEN,36,Chennai
CLM0001705,CHE_05815,Porur,2025-10-16,21,0,0,0,0,0,0,0,1,1,0.0,0.36374,0,0.0,0,185,1,3,0.9549,0.24,GREEN,32,Chennai
CLM0001706,CHE_04201,Sholinganallur,2023-10-15,13,0,0,0,0,0,0,0,0,0,0.0,0.339517,0,0.0,0,108,1,3,0.8704,0.0,GREEN,30,Chennai
CLM0001707,CHE_02452,Tambaram,2025-05-29,19,0,0,0,0,0,0,1,0,1,1.0,1.0,0,1.0,0,289,1,0,0.7044,0.3488,YELLOW,46,Chennai
CLM0001708,CHE_06766,Velachery,2024-12-07,14,0,0,0,0,0,0,0,0,0,0.0,0.44658,0,0.0,0,125,1,3,0.5952,0.0,GREEN,42,Chennai
CLM0001709,CHE_02673,Tambaram,2023-07-14,16,0,0,0,0,0,0,0,0,0,0.0,0.533878,0,0.0,0,148,1,3,0.5981,0.0,GREEN,43,Chennai
CLM0001710,CHE_09091,Porur,2023-09-05,19,0,0,0,0,0,0,0,1,0,0.0,0.0,0,0.0,0,322,1,3,0.5879,0.1082,GREEN,49,Chennai
CLM0001711,CHE_04664,Guindy,2022-03-07,16,0,0,0,0,0,0,0,0,0,1.0,0.282733,0,0.0,0,420,1,7,0.757,0.033,GREEN,62,Chennai
CLM0001712,CHE_08625,Chromepet,2019-03-19,12,0,0,0,1,0,1,0,1,1,1.0,0.12317,0,0.0,1,5,0,18,0.1023,0.0197,GREEN,31,Chennai
CLM0001713,CHE_02029,Porur,2022-09-05,7,0,0,0,0,0,0,0,0,0,0.0,0.358171,0,0.0,0,190,4,2,0.5944,0.0,GREEN,25,Chennai
CLM0001714,CHE_05670,Sholinganallur,2015-11-27,19,0,0,0,0,0,0,0,0,0,0.0,0.006714,0,0.0,0,308,0,0,0.7575,0.0102,GREEN,40,Chennai
CLM0001715,CHE_07370,Anna Nagar,2021-08-06,20,0,0,0,1,0,0,0,0,0,0.0,0.248386,0,0.0,0,49,3,1,0.7546,0.309,GREEN,43,Chennai
CLM0001716,CHE_08541,Porur,2024-02-15,10,0,0,0,0,0,0,0,0,0,0.0,0.304286,0,0.0,0,420,2,2,0.651,0.0121,GREEN,31,Chennai
CLM0001717,CHE_00631,T Nagar,2020-02-05,8,0,0,0,0,0,0,0,0,0,0.0,0.409557,0,0.0,0,224,0,0,0.8354,0.0142,GREEN,29,Chennai
CLM0001718,CHE_03381,Tambaram,2016-02-21,16,0,0,0,0,0,1,0,0,0,0.0,0.448398,0,1.0,0,380,0,3,0.8626,0.0931,GREEN,45,Chennai
CLM0001719,CHE_02139,Porur,2023-11-18,10,0,0,0,0,0,0,0,0,0,0.0,0.109157,0,0.0,0,163,3,3,0.1671,0.0,GREEN,18,Chennai
CLM0001720,CHE_06548,T Nagar,2018-07-27,21,0,0,0,0,0,0,0,0,0,0.0,0.272573,0,0.0,0,128,0,5,0.7821,0.0089,GREEN,29,Chennai
CLM0001721,CHE_06612,Adyar,2016-01-06,12,0,0,0,0,0,1,0,0,0,0.0,0.074222,1,0.0,0,395,4,2,0.98,0.2148,GREEN,34,Chennai
CLM0001722,CHE_08368,Perambur,2021-06-11,9,0,0,0,0,0,1,0,0,0,0.0,0.063937,0,0.0,0,420,3,0,0.8874,0.0,GREEN,24,Chennai
CLM0001723,CHE_08887,Sholinganallur,2021-09-28,10,0,0,0,0,0,0,0,0,0,0.0,0.0,0,0.0,0,269,1,0,0.9192,0.0565,GREEN,35,Chennai
CLM0001724,CHE_04186,Porur,2023-05-19,17,0,0,0,0,0,0,0,0,0,0.0,1.0,0,0.0,0,219,0,0,0.8378,0.0,GREEN,39,Chennai
CLM0001725,CHE_01360,Guindy,2025-03-23,20,0,0,0,0,0,0,0,0,0,0.0,0.212346,0,0.0,0,409,4,7,0.631,0.0438,GREEN,32,Chennai
CLM0001726,CHE_08738,Anna Nagar,2022-02-21,9,0,0,0,0,0,0,1,0,0,0.0,0.023091,0,0.0,0,99,3,4,0.156,0.0723,GREEN,50,Chennai
CLM0001727,CHE_06662,Velachery,2022-11-26,10,0,1,1,0,0,0,0,0,0,1.0,0.914594,0,1.0,0,151,1,0,0.8688,0.0,GREEN,32,Chennai
CLM0001728,CHE_05875,T Nagar,2022-05-28,16,0,0,0,0,0,0,0,1,0,1.0,0.272515,0,0.0,0,366,0,0,0.9789,0.1378,GREEN,46,Chennai
CLM0001729,CHE_01828,Velachery,2021-03-14,21,0,0,0,0,0,0,0,0,0,0.0,0.066472,0,0.0,0,414,0,1,0.7449,0.0128,GREEN,51,Chennai
CLM0001730,CHE_06677,Tambaram,2025-06-17,14,0,0,0,0,0,0,1,0,0,0.0,0.23872,0,0.0,0,282,0,4,0.4936,0.0464,GREEN,45,Chennai
CLM0001731,CHE_07811,Porur,2025-03-07,14,0,0,0,0,1,0,0,0,1,0.0,0.216148,0,0.0,0,20,3,5,0.4885,0.2206,GREEN,42,Chennai
CLM0001732,CHE_03129,Porur,2024-08-28,20,0,0,0,0,0,0,0,0,0,0.0,1.0,0,0.0,0,296,3,3,0.7217,0.0,GREEN,42,Chennai
CLM0001733,CHE_00024,Velachery,2021-09-26,20,0,0,0,0,0,0,0,0,0,0.0,0.14697,0,0.0,0,326,1,3,0.6412,0.0257,GREEN,38,Chennai
CLM0001734,CHE_01933,Tambaram,2017-10-15,12,0,0,0,0,0,0,0,1,0,0.0,0.20595,0,0.0,0,420,0,4,0.9386,0.1053,GREEN,42,Chennai
CLM0001735,CHE_04731,Velachery,2015-07-29,21,0,0,0,0,0,0,0,0,0,0.0,0.018845,0,0.0,0,383,2,0,0.5301,0.0021,GREEN,43,Chennai
CLM0001736,CHE_06196,Guindy,2022-05-06,15,0,1,1,0,0,0,0,0,0,0.0,0.107947,0,0.0,1,140,2,0,0.718,0.2232,GREEN,35,Chennai
CLM0001737,CHE_08904,Velachery,2022-07-12,10,0,0,0,0,0,0,0,0,0,0.0,0.110694,0,0.0,0,239,2,3,0.7105,0.0,GREEN,42,Chennai
CLM0001738,CHE_09695,Anna Nagar,2021-01-12,8,0,0,0,0,0,0,0,0,0,0.0,0.134759,0,0.0,0,382,4,5,0.98,0.0728,GREEN,49,Chennai
CLM0001739,CHE_03522,Guindy,2024-01-16,14,0,0,0,0,0,0,0,0,0,0.0,0.061354,0,0.0,0,255,2,3,0.9245,0.0038,GREEN,45,Chennai
CLM0001740,CHE_01828,Velachery,2024-04-01,16,0,0,0,0,0,0,1,0,0,0.0,0.31194,0,0.0,0,68,3,1,0.7693,0.0,GREEN,51,Chennai
CLM0001741,CHE_07545,Perambur,2024-10-11,7,0,0,0,0,0,0,0,0,0,0.0,0.109825,0,0.0,0,15,0,6,0.5443,0.0,GREEN,27,Chennai
CLM0001742,CHE_01421,Velachery,2023-12-10,7,0,1,1,0,0,0,0,0,0,1.0,0.237016,0,0.0,0,205,0,6,0.98,0.0187,GREEN,48,Chennai
CLM0001743,CHE_04328,Perambur,2025-04-22,12,0,0,0,0,0,0,0,1,0,0.0,0.071693,0,0.0,1,321,1,3,0.98,0.1563,GREEN,30,Chennai
CLM0001744,CHE_09843,Sholinganallur,2020-12-02,10,0,0,0,0,0,0,0,0,0,0.0,0.37678,0,0.0,0,385,3,0,0.98,0.0425,GREEN,29,Chennai
CLM0001745,CHE_03823,Porur,2022-11-29,21,0,0,0,0,0,0,1,0,0,0.0,0.153653,0,1.0,1,362,0,1,0.7126,0.0837,GREEN,18,Chennai
CLM0001746,CHE_03514,Anna Nagar,2022-04-07,8,0,0,0,0,0,0,0,0,0,1.0,0.011197,0,0.0,0,292,2,0,0.9178,0.0746,GREEN,62,Chennai
CLM0001747,CHE_05540,Velachery,2022-04-04,7,0,0,0,0,0,0,0,0,0,0.0,0.037845,0,0.0,0,110,1,4,0.8865,0.0,GREEN,39,Chennai
CLM0001748,CHE_09161,Sholinganallur,2021-12-02,7,0,0,0,0,0,0,0,0,0,1.0,0.980506,0,1.0,0,411,3,3,0.2506,0.0383,GREEN,41,Chennai
CLM0001749,CHE_00125,Tambaram,2025-09-17,18,0,0,0,0,0,1,0,0,0,0.0,0.211355,0,0.0,0,29,4,3,0.7947,0.1022,GREEN,45,Chennai
CLM0001750,CHE_02332,Tambaram,2022-03-29,8,0,0,0,0,0,0,0,0,0,0.0,0.166693,0,0.0,0,250,4,2,0.6163,0.0,GREEN,26,Chennai
CLM0001751,CHE_07856,Tambaram,2024-04-06,21,0,0,0,1,0,0,0,0,0,0.0,0.316945,0,0.0,0,191,2,1,0.98,0.1731,GREEN,34,Chennai
CLM0001752,CHE_01602,T Nagar,2023-10-12,14,0,0,0,0,1,0,0,0,0,0.0,0.175153,0,0.0,0,382,3,3,0.8425,0.1948,GREEN,31,Chennai
CLM0001753,CHE_02259,Adyar,2023-10-11,11,0,0,0,0,1,0,0,0,0,1.0,0.216,0,0.0,0,279,0,0,0.903,0.2026,GREEN,33,Chennai
CLM0001754,CHE_09004,Perambur,2023-04-28,8,0,0,0,0,0,0,0,0,0,0.0,0.946971,0,0.0,1,415,4,5,0.1087,0.0,GREEN,28,Chennai
CLM0001755,CHE_05116,Chromepet,2024-01-16,21,0,0,0,0,0,0,0,0,0,0.0,0.287044,0,0.0,0,263,1,2,0.7,0.0,GREEN,27,Chennai
CLM0001756,CHE_03453,Perambur,2024-06-30,10,0,0,0,0,0,1,0,0,0,0.0,0.364818,0,1.0,0,246,1,4,0.6255,0.0461,GREEN,33,Chennai
CLM0001757,CHE_04999,Sholinganallur,2025-04-09,16,0,0,0,0,0,0,0,0,0,0.0,0.961747,0,0.0,0,220,0,5,0.1349,0.0253,GREEN,45,Chennai
CLM0001758,CHE_07425,Velachery,2024-03-21,14,0,0,0,0,1,0,0,0,1,0.0,0.27669,0,0.0,0,49,0,1,0.2717,0.2556,GREEN,32,Chennai
CLM0001759,CHE_06352,Adyar,2025-04-27,15,0,0,0,0,0,0,0,0,0,0.0,0.376551,0,0.0,0,351,4,0,0.5885,0.0214,GREEN,41,Chennai
CLM0001760,CHE_08446,Guindy,2024-03-31,18,0,0,0,0,0,0,0,0,0,1.0,0.275378,0,0.0,0,182,0,6,0.05,0.0536,GREEN,49,Chennai
CLM0001761,CHE_01123,Chromepet,2025-07-20,13,0,0,0,0,0,0,0,0,0,0.0,0.0,0,0.0,0,80,1,2,0.7378,0.0,GREEN,40,Chennai
CLM0001762,CHE_00786,Porur,2024-08-02,11,0,0,0,0,0,0,0,0,0,0.0,0.351895,0,0.0,0,274,0,3,0.98,0.049,GREEN,29,Chennai
CLM0001763,CHE_04161,Perambur,2025-08-07,9,0,0,0,1,0,1,0,0,0,0.0,0.356951,0,0.0,0,263,3,4,0.6228,0.2729,GREEN,32,Chennai
CLM0001764,CHE_00227,Tambaram,2023-12-19,12,0,0,0,0,0,0,0,0,0,0.0,0.987538,0,0.0,0,321,2,3,0.5426,0.0,GREEN,49,Chennai
CLM0001765,CHE_06563,Perambur,2024-01-04,13,0,0,0,0,0,0,0,0,0,0.0,0.135748,0,0.0,0,333,2,0,0.5862,0.0,GREEN,50,Chennai
CLM0001766,CHE_02957,Adyar,2024-05-17,10,0,0,0,0,0,0,0,0,0,0.0,1.0,0,0.0,0,354,3,0,0.9421,0.093,GREEN,45,Chennai
CLM0001767,CHE_06365,Tambaram,2024-03-10,17,0,0,0,0,0,1,0,0,0,0.0,0.300925,0,0.0,0,158,4,0,0.98,0.1201,GREEN,37,Chennai
CLM0001768,CHE_04358,Chromepet,2025-07-28,7,0,0,0,0,0,0,0,0,0,0.0,0.319181,0,0.0,0,176,4,3,0.666,0.0,GREEN,42,Chennai
CLM0001769,CHE_01708,Velachery,2022-05-27,18,0,0,0,0,0,0,0,0,0,0.0,0.058844,0,0.0,0,109,4,0,0.2898,0.0,GREEN,36,Chennai
CLM0001770,CHE_00503,Velachery,2022-01-18,21,0,0,0,0,0,0,0,0,0,1.0,1.0,0,1.0,1,164,0,1,0.956,0.1446,GREEN,31,Chennai
CLM0001771,CHE_03311,Porur,2019-03-05,9,0,0,0,0,0,1,0,0,0,0.0,0.917828,0,0.0,0,420,3,2,0.6523,0.2072,GREEN,34,Chennai
CLM0001772,CHE_09893,Adyar,2018-07-05,20,0,0,0,0,0,1,0,0,0,0.0,0.167188,0,0.0,0,5,3,0,0.673,0.2767,GREEN,36,Chennai
CLM0001773,CHE_03643,Velachery,2022-02-24,10,0,0,0,0,0,0,0,0,0,0.0,0.347225,0,0.0,0,77,3,3,0.5696,0.0115,GREEN,28,Chennai
CLM0001774,CHE_06228,Sholinganallur,2018-09-01,7,0,0,0,0,0,0,0,0,0,0.0,0.352507,1,0.0,0,232,3,2,0.7818,0.0301,GREEN,36,Chennai
CLM0001775,CHE_07469,Velachery,2021-11-10,11,0,0,0,0,0,1,0,1,0,0.0,0.004553,0,0.0,0,324,0,0,0.6705,0.3634,YELLOW,51,Chennai
CLM0001776,CHE_07972,Adyar,2016-11-25,15,0,0,0,0,0,0,0,0,1,1.0,0.031377,0,0.0,0,310,2,1,0.7955,0.1786,GREEN,47,Chennai
CLM0001777,CHE_06713,Porur,2025-07-29,13,0,0,0,0,0,0,0,0,0,0.0,0.182809,0,0.0,0,420,1,3,0.8596,0.0,GREEN,33,Chennai
CLM0001778,CHE_03964,Guindy,2023-12-12,7,0,0,0,0,1,0,1,1,1,1.0,1.0,0,1.0,1,5,3,18,0.05,0.0089,GREEN,44,Chennai
CLM0001779,CHE_04680,Adyar,2025-04-05,8,0,0,0,0,0,0,0,0,1,0.0,0.371068,0,0.0,0,47,4,6,0.816,0.1499,GREEN,45,Chennai
CLM0001780,CHE_00715,Velachery,2025-09-04,12,0,0,0,0,0,0,0,0,0,0.0,0.954675,0,0.0,0,371,0,1,0.9608,0.1121,GREEN,29,Chennai
CLM0001781,CHE_06809,Adyar,2025-01-16,18,0,0,0,1,1,1,0,0,1,1.0,0.364432,0,0.0,1,13,4,18,0.9537,0.2073,GREEN,46,Chennai
CLM0001782,CHE_03123,Perambur,2022-03-06,21,0,0,0,0,0,0,0,0,0,0.0,0.166751,0,0.0,0,66,3,3,0.2604,0.0,GREEN,36,Chennai
CLM0001783,CHE_07664,Sholinganallur,2025-11-04,8,0,0,0,0,1,0,0,0,0,0.0,0.052959,0,0.0,0,368,3,2,0.7981,0.1306,GREEN,53,Chennai
CLM0001784,CHE_00786,Porur,2024-08-18,12,0,0,0,0,0,0,0,0,0,0.0,0.35089,0,0.0,0,272,3,3,0.9453,0.0,GREEN,29,Chennai
CLM0001785,CHE_00565,Tambaram,2017-03-13,17,0,0,0,0,0,0,0,0,0,0.0,0.163586,0,0.0,0,420,2,2,0.7529,0.0313,GREEN,38,Chennai
CLM0001786,CHE_05847,Anna Nagar,2023-07-17,11,0,0,0,0,0,1,0,0,0,0.0,0.00715,0,0.0,0,179,0,0,0.0664,0.0711,GREEN,41,Chennai
CLM0001787,CHE_08621,Adyar,2019-10-08,18,0,0,0,0,0,0,0,1,0,0.0,0.122079,0,0.0,0,235,4,5,0.3203,0.1223,GREEN,32,Chennai
CLM0001788,CHE_03426,Velachery,2019-04-24,17,0,0,0,0,0,0,1,0,1,1.0,0.086275,0,0.0,0,44,0,5,0.8588,0.0691,GREEN,42,Chennai
CLM0001789,CHE_08531,T Nagar,2017-08-31,20,0,0,0,0,1,0,1,0,0,0.0,0.110741,0,1.0,0,420,2,2,0.418,0.1081,GREEN,33,Chennai
CLM0001790,CHE_08855,Porur,2021-04-03,7,0,0,0,0,0,0,0,0,0,0.0,0.0,0,0.0,0,420,4,6,0.7732,0.0307,GREEN,47,Chennai
CLM0001791,CHE_00930,Porur,2025-05-29,20,0,0,0,0,0,1,0,0,0,0.0,0.189687,0,0.0,0,420,3,0,0.3225,0.1423,GREEN,32,Chennai
CLM0001792,CHE_09651,Chromepet,2017-05-24,13,0,0,0,0,0,0,0,1,0,0.0,0.911761,0,0.0,0,52,1,4,0.0691,0.0368,GREEN,48,Chennai
CLM0001793,CHE_01754,Guindy,2021-10-28,9,0,0,0,0,0,0,0,0,0,0.0,0.093741,0,0.0,0,420,3,0,0.9683,0.0664,GREEN,28,Chennai
CLM0001794,CHE_09054,T Nagar,2021-07-15,12,0,0,0,0,0,0,0,0,0,0.0,0.393866,0,0.0,0,159,0,0,0.5993,0.0528,GREEN,48,Chennai
CLM0001795,CHE_07091,Sholinganallur,2023-01-25,12,0,0,0,0,0,1,0,0,0,0.0,0.446874,0,0.0,0,60,1,2,0.4666,0.0706,GREEN,42,Chennai
CLM0001796,CHE_07422,Tambaram,2015-07-28,10,0,0,0,0,0,0,0,1,0,0.0,0.230318,0,0.0,0,109,3,5,0.8942,0.0244,GREEN,51,Chennai
CLM0001797,CHE_00551,Tambaram,2020-02-28,20,0,0,0,0,0,0,0,0,0,0.0,0.0,0,0.0,0,381,3,0,0.5588,0.0,GREEN,31,Chennai
CLM0001798,CHE_02325,T Nagar,2018-08-02,18,0,0,0,1,0,0,0,0,0,0.0,0.143496,1,0.0,0,59,1,1,0.6557,0.2629,GREEN,40,Chennai
CLM0001799,CHE_07234,Guindy,2022-03-25,16,0,0,0,0,0,0,0,0,0,0.0,0.113722,0,0.0,0,321,0,2,0.8347,0.0174,GREEN,40,Chennai
CLM0001800,CHE_01304,Tambaram,2021-11-16,9,0,0,0,0,0,0,0,0,0,0.0,0.360765,0,0.0,0,141,2,3,0.1424,0.0,GREEN,43,Chennai
CLM0001801,CHE_08227,Sholinganallur,2023-07-19,11,0,0,0,0,0,0,0,0,0,0.0,0.307342,0,0.0,0,98,2,0,0.7013,0.0433,GREEN,48,Chennai
CLM0001802,CHE_00052,Anna Nagar,2021-11-28,17,0,1,1,0,0,1,0,0,0,1.0,0.201552,0,0.0,0,116,1,3,0.98,0.2106,GREEN,54,Chennai
CLM0001803,CHE_04884,Anna Nagar,2022-10-06,12,0,0,0,0,1,0,0,0,0,0.0,0.886079,0,0.0,0,420,1,2,0.98,0.0847,GREEN,33,Chennai
CLM0001804,CHE_09605,Perambur,2020-12-02,11,0,0,0,0,0,0,0,0,0,0.0,0.125368,0,0.0,0,370,4,0,0.05,0.0,GREEN,34,Chennai
CLM0001805,CHE_08439,Chromepet,2020-12-30,19,0,0,0,0,0,0,0,1,0,0.0,0.125881,0,0.0,0,115,4,2,0.6173,0.0114,GREEN,52,Chennai
CLM0001806,CHE_06048,Porur,2021-06-14,13,0,0,0,0,0,0,0,0,0,0.0,0.887195,0,0.0,0,420,2,5,0.98,0.0,GREEN,36,Chennai
CLM0001807,CHE_03991,T Nagar,2025-04-04,19,0,0,0,0,0,0,0,0,0,0.0,0.0,0,0.0,0,412,1,5,0.719,0.04,GREEN,32,Chennai
CLM0001808,CHE_03517,Anna Nagar,2023-09-04,11,0,0,0,1,1,0,0,0,1,1.0,1.0,1,1.0,0,10,2,18,0.3092,0.0412,GREEN,53,Chennai
CLM0001809,CHE_09325,Perambur,2022-04-29,16,0,0,0,0,0,0,0,0,0,1.0,0.88578,0,0.0,0,215,1,4,0.4976,0.1214,GREEN,27,Chennai
CLM0001810,CHE_03821,Anna Nagar,2025-07-06,18,0,0,0,0,1,0,0,0,0,0.0,0.220022,0,0.0,0,341,3,2,0.788,0.0678,GREEN,39,Chennai
CLM0001811,CHE_04992,Porur,2025-01-06,9,0,0,0,0,0,0,0,0,0,0.0,0.248663,0,0.0,0,232,4,2,0.4782,0.0296,GREEN,40,Chennai
CLM0001812,CHE_00383,Velachery,2021-04-05,13,0,0,0,0,0,0,0,0,0,0.0,0.025372,0,0.0,0,6,1,0,0.6323,0.0,GREEN,47,Chennai
CLM0001813,CHE_06737,Guindy,2023-05-25,20,0,0,0,0,0,0,0,0,0,0.0,0.195076,0,0.0,1,144,1,0,0.7939,0.1127,GREEN,46,Chennai
CLM0001814,CHE_05565,Adyar,2025-04-16,13,0,0,0,0,0,1,1,0,0,0.0,0.165415,1,0.0,0,201,4,0,0.98,0.1147,GREEN,51,Chennai
CLM0001815,CHE_05711,Chromepet,2025-12-02,19,0,0,0,0,0,0,0,0,0,1.0,0.132025,0,0.0,0,420,4,1,0.6075,0.1445,GREEN,46,Chennai
CLM0001816,CHE_05420,Sholinganallur,2025-03-18,14,0,0,0,0,0,0,0,0,0,1.0,0.956449,0,1.0,0,207,4,2,0.8052,0.0,GREEN,43,Chennai
CLM0001817,CHE_09641,Guindy,2019-09-04,21,0,0,0,1,0,0,0,0,0,0.0,0.045117,0,0.0,0,420,0,1,0.4855,0.1614,GREEN,49,Chennai
CLM0001818,CHE_08026,Velachery,2021-07-22,19,0,0,0,0,0,0,0,0,1,0.0,0.15027,0,0.0,1,369,3,2,0.7103,0.1796,GREEN,31,Chennai
CLM0001819,CHE_00984,Sholinganallur,2025-01-08,7,0,0,0,0,0,0,0,0,0,0.0,0.36555,0,0.0,0,168,0,0,0.548,0.0,GREEN,55,Chennai
CLM0001820,CHE_07836,Porur,2025-09-27,8,0,0,0,0,0,0,0,0,0,0.0,0.268373,0,0.0,0,420,3,2,0.9309,0.0,GREEN,45,Chennai
CLM0001821,CHE_08766,Chromepet,2020-11-02,11,0,0,0,1,0,0,1,0,0,0.0,0.217933,0,0.0,0,33,4,1,0.5369,0.2714,GREEN,30,Chennai
CLM0001822,CHE_09344,Guindy,2025-12-28,17,0,0,0,0,0,0,0,0,0,0.0,1.0,0,0.0,0,300,0,1,0.8436,0.0361,GREEN,41,Chennai
CLM0001823,CHE_01021,Adyar,2025-12-22,8,0,0,0,0,0,0,0,0,0,0.0,0.064027,0,0.0,0,420,4,1,0.5586,0.0198,GREEN,45,Chennai
CLM0001824,CHE_04752,Anna Nagar,2021-04-24,19,0,0,0,0,0,0,0,0,0,0.0,1.0,0,0.0,0,420,0,5,0.2675,0.0,GREEN,43,Chennai
CLM0001825,CHE_03389,Chromepet,2025-08-13,14,0,0,0,0,0,0,0,1,0,0.0,0.077495,0,0.0,0,420,3,4,0.739,0.0966,GREEN,38,Chennai
CLM0001826,CHE_01420,Perambur,2023-10-25,18,0,0,0,0,0,0,0,0,0,0.0,0.203095,0,0.0,0,347,1,1,0.7774,0.0,GREEN,58,Chennai
CLM0001827,CHE_05313,Chromepet,2024-05-03,13,0,0,0,0,0,1,0,1,0,0.0,0.421831,0,0.0,0,38,4,3,0.9309,0.2601,GREEN,40,Chennai
CLM0001828,CHE_05478,T Nagar,2025-01-13,14,0,0,0,0,0,0,0,0,0,0.0,0.1845,0,0.0,0,54,1,2,0.9467,0.0524,GREEN,34,Chennai
CLM0001829,CHE_04466,Adyar,2022-11-09,9,0,0,0,0,0,0,0,0,0,0.0,0.388139,0,0.0,0,420,1,5,0.98,0.039,GREEN,53,Chennai
CLM0001830,CHE_07425,Velachery,2023-09-02,12,0,0,0,0,0,0,0,0,0,0.0,0.0,0,0.0,0,113,2,1,0.5503,0.0,GREEN,32,Chennai
CLM0001831,CHE_08120,Tambaram,2025-11-16,10,0,0,0,0,0,1,0,0,0,0.0,0.167998,0,0.0,0,147,3,0,0.9525,0.1622,GREEN,33,Chennai
CLM0001832,CHE_00690,T Nagar,2023-01-19,17,0,0,0,0,0,0,0,0,0,0.0,0.254362,0,0.0,0,84,1,2,0.98,0.0134,GREEN,35,Chennai
CLM0001833,CHE_05925,Velachery,2022-09-11,15,0,0,0,0,0,1,1,0,0,0.0,0.091395,0,0.0,0,328,0,3,0.7271,0.1637,GREEN,52,Chennai
CLM0001834,CHE_03276,Velachery,2024-06-15,8,0,0,0,0,0,0,0,0,0,0.0,0.172467,0,0.0,0,170,1,4,0.7077,0.0229,GREEN,38,Chennai
CLM0001835,CHE_00165,Perambur,2024-10-12,18,0,0,0,0,0,0,0,1,0,0.0,0.295601,0,0.0,0,337,2,3,0.8252,0.0244,GREEN,24,Chennai
CLM0001836,CHE_06715,Velachery,2025-09-15,10,0,0,0,0,0,0,0,0,0,0.0,0.241697,0,0.0,0,420,2,0,0.8819,0.0346,GREEN,40,Chennai
CLM0001837,CHE_07939,Adyar,2024-05-28,21,0,0,0,0,0,0,0,0,0,0.0,0.314643,0,0.0,0,39,2,8,0.7584,0.1107,GREEN,60,Chennai
CLM0001838,CHE_00534,Chromepet,2022-04-27,7,0,0,0,0,0,0,0,0,0,0.0,0.356609,0,0.0,0,341,0,0,0.6824,0.0,GREEN,45,Chennai
CLM0001839,CHE_02400,T Nagar,2021-07-12,12,0,0,0,0,0,0,0,1,0,1.0,0.987139,0,1.0,0,54,0,4,0.6124,0.0699,GREEN,48,Chennai
CLM0001840,CHE_06052,Anna Nagar,2021-02-08,17,0,0,0,0,0,0,0,0,0,0.0,0.356828,0,0.0,0,397,1,0,0.975,0.0552,GREEN,35,Chennai
CLM0001841,CHE_03381,Tambaram,2025-06-28,20,0,0,0,0,0,0,0,0,0,0.0,0.025401,0,0.0,0,420,1,2,0.5562,0.0115,GREEN,45,Chennai
CLM0001842,CHE_05765,Guindy,2024-09-02,10,0,1,1,0,0,0,0,0,1,0.0,0.91309,0,0.0,0,419,2,6,0.8937,0.1013,GREEN,52,Chennai
CLM0001843,CHE_09182,Chromepet,2023-11-22,11,0,0,0,0,0,0,0,0,0,0.0,0.136738,0,0.0,0,218,1,3,0.8779,0.0,GREEN,29,Chennai
CLM0001844,CHE_00530,Velachery,2022-08-18,12,0,0,0,0,0,0,0,0,0,0.0,0.302718,0,0.0,0,51,2,3,0.5241,0.0309,GREEN,49,Chennai
CLM0001845,CHE_00225,T Nagar,2022-09-23,17,0,0,0,0,0,0,0,1,0,0.0,0.235168,0,0.0,0,420,2,2,0.8227,0.1728,GREEN,38,Chennai
CLM0001846,CHE_06808,Velachery,2017-12-29,14,0,0,0,0,0,0,0,0,0,0.0,0.165974,0,0.0,0,295,1,7,0.6763,0.0,GREEN,30,Chennai
CLM0001847,CHE_04809,Guindy,2018-06-22,16,0,0,0,1,0,0,0,0,0,0.0,0.453741,0,0.0,0,69,2,0,0.05,0.1797,GREEN,39,Chennai
CLM0001848,CHE_04488,Chromepet,2025-11-22,15,0,1,1,0,0,0,0,0,0,0.0,0.096869,0,0.0,0,330,4,0,0.8332,0.0475,GREEN,36,Chennai
CLM0001849,CHE_08520,Chromepet,2017-11-23,15,0,0,0,1,0,0,0,0,0,0.0,0.312831,0,0.0,0,342,2,6,0.7398,0.1119,GREEN,55,Chennai
CLM0001850,CHE_02945,Tambaram,2025-02-04,11,0,0,0,0,0,0,0,0,0,0.0,0.052799,0,0.0,0,363,2,4,0.5458,0.0,GREEN,32,Chennai
CLM0001851,CHE_06617,Perambur,2016-10-07,18,0,0,0,0,0,0,0,0,0,0.0,0.244634,0,0.0,0,358,1,0,0.6621,0.0,GREEN,43,Chennai
CLM0001852,CHE_08158,Anna Nagar,2024-12-05,10,0,0,0,0,0,0,0,0,0,0.0,0.062236,0,0.0,0,169,0,0,0.7054,0.0709,GREEN,40,Chennai
CLM0001853,CHE_03409,Sholinganallur,2023-08-30,15,0,0,0,0,0,0,0,0,0,1.0,0.114608,0,0.0,0,101,4,4,0.6326,0.0555,GREEN,32,Chennai
CLM0001854,CHE_04107,Anna Nagar,2018-10-31,14,0,0,0,0,0,0,0,0,0,0.0,0.189768,0,0.0,0,277,4,2,0.1959,0.0305,GREEN,36,Chennai
CLM0001855,CHE_07213,Porur,2024-11-03,14,0,1,1,0,0,0,0,0,0,0.0,0.245624,0,0.0,0,420,0,3,0.5901,0.1031,GREEN,41,Chennai
CLM0001856,CHE_04972,Guindy,2025-05-17,7,0,0,0,0,0,0,0,0,0,0.0,0.158602,0,0.0,0,215,4,6,0.98,0.0315,GREEN,53,Chennai
CLM0001857,CHE_08414,Anna Nagar,2016-06-30,14,0,0,0,0,0,0,1,0,1,0.0,0.076669,0,0.0,0,420,0,5,0.7612,0.1533,GREEN,41,Chennai
CLM0001858,CHE_02296,Tambaram,2020-11-26,13,0,0,0,0,0,0,1,0,0,0.0,0.359003,0,0.0,0,164,2,0,0.84,0.0409,GREEN,44,Chennai
CLM0001859,CHE_02683,Guindy,2015-11-11,17,0,0,0,0,1,0,0,0,0,0.0,0.242553,0,0.0,0,400,0,3,0.5352,0.0728,GREEN,24,Chennai
CLM0001860,CHE_08067,Chromepet,2021-12-11,21,0,0,0,0,0,0,0,0,0,0.0,0.380086,0,0.0,0,17,4,0,0.6475,0.0146,GREEN,60,Chennai
CLM0001861,CHE_04371,Porur,2024-06-10,10,0,0,0,0,0,1,0,0,0,0.0,0.204912,0,0.0,0,253,2,0,0.7582,0.0407,GREEN,24,Chennai
CLM0001862,CHE_01261,Chromepet,2019-06-13,14,0,0,0,0,0,1,0,0,0,0.0,0.173536,0,0.0,0,172,0,4,0.7644,0.0808,GREEN,39,Chennai
CLM0001863,CHE_09259,Anna Nagar,2022-08-11,14,0,0,0,0,0,0,0,1,0,0.0,0.297152,0,0.0,0,49,2,3,0.98,0.1291,GREEN,58,Chennai
CLM0001864,CHE_04803,Chromepet,2020-05-11,18,0,0,0,0,0,0,0,0,0,0.0,0.207128,0,0.0,0,379,2,0,0.4305,0.0,GREEN,64,Chennai
CLM0001865,CHE_06966,Tambaram,2024-07-16,18,0,0,0,0,0,0,0,0,0,0.0,0.137401,0,0.0,0,189,2,4,0.9247,0.0,GREEN,32,Chennai
CLM0001866,CHE_08355,Porur,2022-10-16,8,0,0,0,0,1,0,0,1,0,0.0,0.085219,0,0.0,0,204,4,5,0.5859,0.2119,GREEN,49,Chennai
CLM0001867,CHE_06123,Tambaram,2017-03-08,18,0,0,0,0,0,0,0,0,0,0.0,0.910066,0,0.0,0,215,4,5,0.98,0.0201,GREEN,43,Chennai
CLM0001868,CHE_03538,Anna Nagar,2017-05-17,13,0,0,0,0,0,0,0,0,1,0.0,0.321019,0,0.0,0,420,3,0,0.5096,0.0735,GREEN,34,Chennai
CLM0001869,CHE_06276,Adyar,2025-09-25,21,0,0,0,0,0,0,0,0,0,0.0,0.987037,0,0.0,0,186,1,2,0.7754,0.0534,GREEN,29,Chennai
CLM0001870,CHE_01886,Anna Nagar,2025-07-20,14,0,0,0,0,0,0,0,0,0,0.0,0.126957,0,0.0,0,288,0,3,0.9206,0.0618,GREEN,41,Chennai
CLM0001871,CHE_01277,Sholinganallur,2025-12-02,19,0,0,0,0,0,0,0,0,0,0.0,0.977087,0,0.0,0,172,0,0,0.7236,0.0321,GREEN,25,Chennai
CLM0001872,CHE_01458,Perambur,2023-06-29,10,0,1,1,0,0,0,0,1,0,0.0,0.0,0,0.0,0,420,1,0,0.98,0.0702,GREEN,37,Chennai
CLM0001873,CHE_09811,Velachery,2022-10-30,15,0,0,0,0,0,0,0,0,0,0.0,0.226204,0,0.0,0,108,2,2,0.98,0.0747,GREEN,31,Chennai
CLM0001874,CHE_09296,Chromepet,2024-02-08,8,0,0,0,0,0,0,0,1,0,0.0,0.125513,0,1.0,0,348,4,0,0.5463,0.1225,GREEN,37,Chennai
CLM0001875,CHE_05776,Velachery,2025-06-24,18,0,0,0,1,1,1,1,0,1,0.0,0.118799,0,1.0,1,12,4,18,0.05,0.1213,GREEN,47,Chennai
CLM0001876,CHE_07107,Anna Nagar,2025-09-02,12,0,0,0,0,0,0,0,0,0,0.0,0.016051,0,0.0,0,343,4,1,0.5182,0.0,GREEN,43,Chennai
CLM0001877,CHE_04224,Porur,2022-11-19,18,0,0,0,1,0,0,1,1,0,0.0,0.301495,0,0.0,0,356,4,4,0.2264,0.3845,YELLOW,27,Chennai
CLM0001878,CHE_07448,Perambur,2023-04-18,9,0,0,0,0,0,0,0,0,0,1.0,0.056145,0,0.0,0,267,4,2,0.8756,0.1046,GREEN,40,Chennai
CLM0001879,CHE_04222,Porur,2023-02-05,20,0,0,0,0,0,1,1,1,0,0.0,0.324775,0,0.0,0,104,4,2,0.5906,0.2672,GREEN,37,Chennai
CLM0001880,CHE_06821,T Nagar,2023-06-25,18,0,0,0,0,0,0,0,0,0,0.0,0.331094,0,0.0,0,308,1,0,0.7801,0.0242,GREEN,43,Chennai
CLM0001881,CHE_08577,Porur,2025-03-14,13,0,0,0,0,0,0,0,0,0,0.0,0.05698,0,0.0,0,418,3,2,0.6485,0.0,GREEN,44,Chennai
CLM0001882,CHE_08716,Guindy,2023-10-23,18,0,0,0,0,0,0,0,0,0,0.0,0.260383,0,0.0,0,71,3,2,0.8754,0.0261,GREEN,55,Chennai
CLM0001883,CHE_09534,Sholinganallur,2025-04-04,21,0,0,0,0,0,0,0,0,0,0.0,0.094356,0,1.0,0,75,0,3,0.6571,0.0874,GREEN,51,Chennai
CLM0001884,CHE_07049,T Nagar,2025-11-02,11,0,0,0,0,0,0,0,1,0,0.0,0.984945,0,0.0,0,387,2,2,0.9345,0.1789,GREEN,40,Chennai
CLM0001885,CHE_03770,Guindy,2023-09-21,21,0,0,0,0,0,0,0,0,0,0.0,0.22296,0,0.0,0,41,4,0,0.163,0.0,GREEN,41,Chennai
CLM0001886,CHE_08207,Perambur,2023-11-18,14,0,0,0,0,0,0,0,0,0,0.0,0.123996,0,0.0,0,105,3,1,0.7738,0.0,GREEN,51,Chennai
CLM0001887,CHE_04958,Guindy,2025-08-20,19,1,0,0,0,0,0,0,0,0,0.0,0.152762,0,0.0,0,420,0,2,0.9686,0.0,GREEN,43,Chennai
CLM0001888,CHE_06856,Tambaram,2025-05-08,7,0,0,0,0,0,0,1,0,0,1.0,0.332007,0,0.0,0,315,3,0,0.4334,0.2153,GREEN,27,Chennai
CLM0001889,CHE_00536,Anna Nagar,2023-04-28,10,0,0,0,0,0,0,0,0,0,0.0,1.0,0,0.0,0,420,1,1,0.98,0.0737,GREEN,44,Chennai
CLM0001890,CHE_00528,Anna Nagar,2024-07-31,21,0,0,0,0,0,0,0,0,0,0.0,0.24842,0,0.0,0,420,2,1,0.567,0.0077,GREEN,27,Chennai
CLM0001891,CHE_04126,Porur,2024-01-15,14,0,0,0,0,0,0,0,0,0,0.0,0.08546,0,0.0,0,259,1,2,0.4653,0.0,GREEN,47,Chennai
CLM0001892,CHE_04143,Anna Nagar,2023-02-20,13,0,0,0,0,0,0,0,0,0,0.0,0.254244,0,0.0,0,154,3,6,0.9603,0.0036,GREEN,34,Chennai
CLM0001893,CHE_01579,Anna Nagar,2023-11-17,16,0,0,0,0,0,0,0,0,0,0.0,1.0,0,0.0,0,420,2,5,0.6597,0.0357,GREEN,50,Chennai
CLM0001894,CHE_05634,Chromepet,2025-11-22,11,0,0,0,0,0,0,0,0,0,0.0,0.0,0,0.0,0,420,3,2,0.5679,0.0,GREEN,54,Chennai
CLM0001895,CHE_02590,Guindy,2024-04-30,13,0,0,0,0,0,0,0,0,0,0.0,0.0,0,0.0,0,363,0,2,0.05,0.0125,GREEN,27,Chennai
CLM0001896,CHE_01482,Adyar,2021-12-06,17,0,0,0,0,0,0,0,0,0,0.0,0.0,0,0.0,0,420,2,2,0.9569,0.0,GREEN,46,Chennai
CLM0001897,CHE_07780,Chromepet,2022-05-25,20,0,0,0,1,1,0,0,0,1,0.0,0.167498,0,0.0,0,13,0,18,0.2573,0.0,GREEN,23,Chennai
CLM0001898,CHE_07411,Adyar,2022-12-23,7,0,0,0,0,0,0,1,0,1,1.0,0.972054,0,0.0,1,5,1,18,0.2966,0.0364,GREEN,29,Chennai
CLM0001899,CHE_03380,Guindy,2023-09-06,21,0,0,0,0,0,0,0,1,0,1.0,0.092599,0,0.0,0,30,1,3,0.7975,0.202,GREEN,47,Chennai
CLM0001900,CHE_04047,Perambur,2023-12-05,12,0,0,0,0,0,0,0,0,0,0.0,0.20968,0,0.0,0,288,4,1,0.7779,0.0,GREEN,27,Chennai
CLM0001901,CHE_03632,Porur,2025-06-05,12,0,0,0,0,0,0,0,1,0,1.0,0.094051,0,0.0,0,420,1,2,0.8304,0.1817,GREEN,49,Chennai
CLM0001902,CHE_08147,Velachery,2025-04-12,21,0,0,0,0,0,0,0,0,0,1.0,1.0,1,0.0,0,187,0,3,0.9386,0.0827,GREEN,41,Chennai
CLM0001903,CHE_01444,Perambur,2025-08-13,11,0,0,0,0,0,0,0,0,1,0.0,0.275126,0,0.0,0,122,3,3,0.6612,0.1163,GREEN,27,Chennai
CLM0001904,CHE_00804,Velachery,2024-04-30,13,0,0,0,0,0,0,0,0,0,0.0,0.316387,0,0.0,0,348,1,0,0.05,0.0,GREEN,42,Chennai
CLM0001905,CHE_06612,Adyar,2024-11-08,15,0,0,0,0,0,0,0,0,0,1.0,0.446817,0,0.0,0,18,4,0,0.4037,0.0245,GREEN,34,Chennai
CLM0001906,CHE_00380,Chromepet,2024-04-09,20,0,0,0,0,0,0,0,0,0,0.0,0.02769,0,0.0,0,312,1,7,0.8165,0.047,GREEN,49,Chennai
CLM0001907,CHE_08251,Sholinganallur,2023-04-03,16,0,0,0,0,0,0,0,0,0,0.0,0.132386,0,0.0,0,5,1,3,0.9618,0.0,GREEN,47,Chennai
CLM0001908,CHE_04135,Velachery,2023-10-03,8,0,0,0,0,0,0,0,1,0,0.0,0.415835,0,0.0,0,44,3,0,0.9401,0.093,GREEN,44,Chennai
CLM0001909,CHE_04922,Tambaram,2021-09-05,9,0,0,0,0,0,0,0,0,0,0.0,0.067083,0,0.0,0,307,4,2,0.2858,0.0582,GREEN,45,Chennai
CLM0001910,CHE_08880,Guindy,2021-06-25,13,0,0,0,0,0,0,0,1,0,0.0,0.090631,1,0.0,0,420,4,4,0.9088,0.1157,GREEN,39,Chennai
CLM0001911,CHE_09913,Perambur,2022-09-25,7,0,0,0,0,0,1,0,1,0,0.0,0.107246,0,0.0,0,420,2,4,0.8149,0.1524,GREEN,24,Chennai
CLM0001912,CHE_03420,Chromepet,2025-05-08,20,0,0,0,0,0,0,0,0,0,0.0,0.277781,0,0.0,0,313,0,0,0.5479,0.0025,GREEN,58,Chennai
CLM0001913,CHE_08666,Adyar,2019-02-21,11,0,0,0,0,0,0,0,0,0,0.0,0.298885,0,0.0,0,168,4,4,0.781,0.0098,GREEN,50,Chennai
CLM0001914,CHE_06355,T Nagar,2018-02-17,12,0,0,0,0,0,0,0,0,0,0.0,0.417553,0,0.0,0,244,1,1,0.5336,0.0,GREEN,57,Chennai
CLM0001915,CHE_01078,Anna Nagar,2019-02-24,12,0,0,0,0,1,0,0,0,0,0.0,0.16091,1,0.0,0,84,4,0,0.922,0.1586,GREEN,38,Chennai
CLM0001916,CHE_05226,Perambur,2020-05-15,12,0,0,0,0,0,0,0,0,0,0.0,0.999176,0,0.0,0,420,4,5,0.8084,0.0,GREEN,62,Chennai
CLM0001917,CHE_02719,Porur,2024-01-15,14,0,1,1,1,0,1,1,1,0,0.0,0.15965,0,0.0,1,12,2,18,0.8337,0.5901,YELLOW,38,Chennai
CLM0001918,CHE_03710,Tambaram,2025-03-08,13,0,1,1,0,0,0,1,0,0,1.0,0.265716,0,0.0,0,291,2,2,0.6532,0.524,YELLOW,24,Chennai
CLM0001919,CHE_01058,T Nagar,2025-06-27,19,0,1,1,1,0,1,0,1,1,0.0,0.175577,1,0.0,1,10,1,18,0.7898,0.6841,RED,22,Chennai
CLM0001920,CHE_00851,Velachery,2025-05-20,12,0,1,1,0,0,0,1,0,0,0.0,0.324709,1,0.0,0,420,0,1,0.7886,0.7584,RED,54,Chennai
CLM0001921,CHE_08689,Porur,2021-08-23,16,0,0,0,0,0,1,0,0,0,0.0,0.011875,0,0.0,0,267,0,4,0.98,0.0332,GREEN,47,Chennai
CLM0001922,CHE_06045,Porur,2017-11-21,12,0,0,0,0,0,0,0,0,0,0.0,0.455683,0,0.0,0,232,0,2,0.7676,0.0766,GREEN,28,Chennai
CLM0001923,CHE_07556,Adyar,2023-09-27,21,0,0,0,0,0,0,0,0,0,0.0,0.0,0,0.0,0,301,1,1,0.4907,0.1071,GREEN,45,Chennai
CLM0001924,CHE_07747,Tambaram,2021-12-10,13,0,0,0,0,0,0,0,0,0,0.0,0.263266,0,0.0,0,141,2,2,0.5335,0.0,GREEN,45,Chennai
CLM0001925,CHE_06797,Adyar,2025-07-25,19,0,0,0,0,0,0,0,0,0,0.0,0.084013,0,0.0,0,420,4,0,0.9289,0.0,GREEN,36,Chennai
CLM0001926,CHE_04084,T Nagar,2019-12-14,14,0,0,0,0,0,1,0,0,0,0.0,0.999559,0,0.0,0,193,2,2,0.5482,0.1047,GREEN,43,Chennai
CLM0001927,CHE_07897,Tambaram,2023-10-12,10,0,0,0,0,0,1,0,0,0,1.0,0.322314,0,0.0,0,346,1,4,0.7834,0.1393,GREEN,38,Chennai
CLM0001928,CHE_08358,Sholinganallur,2023-08-03,10,0,0,0,0,0,0,0,0,0,0.0,0.226934,0,0.0,0,313,2,3,0.5951,0.0958,GREEN,43,Chennai
CLM0001929,CHE_01066,Guindy,2017-12-30,20,0,0,0,0,0,0,0,0,0,1.0,0.283474,0,0.0,0,249,1,2,0.98,0.0917,GREEN,46,Chennai
CLM0001930,CHE_05416,Chromepet,2018-05-16,10,0,0,0,0,1,0,0,0,0,0.0,0.123547,0,0.0,0,354,2,3,0.5271,0.1699,GREEN,42,Chennai
CLM0001931,CHE_04194,Adyar,2023-03-24,17,0,0,0,0,0,0,0,0,0,0.0,0.308231,0,0.0,0,132,4,0,0.2208,0.0,GREEN,40,Chennai
CLM0001932,CHE_04162,Guindy,2021-12-29,12,0,0,0,0,0,0,0,0,1,0.0,0.328529,0,0.0,0,420,0,0,0.8153,0.2024,GREEN,22,Chennai
CLM0001933,CHE_05671,Guindy,2017-05-01,11,0,0,0,0,0,0,0,0,0,0.0,0.258457,0,0.0,0,277,1,0,0.8451,0.1542,GREEN,55,Chennai
CLM0001934,CHE_06869,T Nagar,2023-08-04,11,0,0,0,0,0,0,0,0,0,0.0,0.04386,0,0.0,0,397,3,0,0.8661,0.0,GREEN,38,Chennai
CLM0001935,CHE_01491,Chromepet,2022-06-16,15,0,0,0,0,0,1,1,0,0,0.0,0.421923,0,0.0,0,126,3,5,0.3587,0.1598,GREEN,47,Chennai
CLM0001936,CHE_04445,T Nagar,2022-01-15,8,0,0,0,0,0,0,0,1,0,0.0,0.401885,0,0.0,0,244,2,0,0.5983,0.1661,GREEN,39,Chennai
CLM0001937,CHE_07480,Perambur,2022-06-14,13,0,0,0,0,0,0,0,0,0,0.0,0.304215,0,0.0,0,123,4,0,0.5832,0.0,GREEN,33,Chennai
CLM0001938,CHE_04057,Tambaram,2021-10-04,16,0,1,1,0,0,0,0,1,0,0.0,0.391891,0,0.0,0,145,4,1,0.9206,0.0614,GREEN,21,Chennai
CLM0001939,CHE_04831,Guindy,2023-10-11,21,0,0,0,0,1,0,0,1,0,1.0,0.882165,0,1.0,0,414,3,3,0.6456,0.2626,GREEN,46,Chennai
CLM0001940,CHE_02789,Adyar,2024-01-31,9,0,0,0,0,0,0,1,0,1,1.0,0.128911,0,0.0,0,45,2,3,0.8461,0.0733,GREEN,41,Chennai
CLM0001941,CHE_05210,Adyar,2024-01-28,9,0,0,0,0,0,0,0,0,0,0.0,0.224077,0,0.0,0,352,1,2,0.5189,0.0192,GREEN,44,Chennai
CLM0001942,CHE_03509,Adyar,2023-02-21,10,0,0,0,0,0,0,0,0,0,0.0,0.033838,0,0.0,0,21,3,2,0.7426,0.0245,GREEN,50,Chennai
CLM0001943,CHE_01957,Porur,2020-04-25,20,0,0,0,0,0,0,1,0,0,0.0,0.228244,0,0.0,0,25,4,1,0.5592,0.088,GREEN,54,Chennai
CLM0001944,CHE_04793,Velachery,2020-02-25,14,0,0,0,0,0,0,0,0,0,0.0,0.325112,0,0.0,0,5,1,3,0.9596,0.0117,GREEN,37,Chennai
CLM0001945,CHE_08822,Guindy,2017-08-24,14,0,0,0,1,0,0,0,0,0,0.0,0.004074,0,0.0,0,384,4,0,0.98,0.1528,GREEN,39,Chennai
CLM0001946,CHE_09885,Chromepet,2021-06-15,19,0,0,0,0,0,0,0,0,0,0.0,0.131381,1,0.0,0,5,2,6,0.764,0.094,GREEN,28,Chennai
CLM0001947,CHE_06213,Porur,2024-04-04,21,0,0,0,0,0,0,1,0,0,0.0,0.182434,0,0.0,0,176,2,0,0.9382,0.0418,GREEN,40,Chennai
CLM0001948,CHE_04029,Sholinganallur,2025-11-10,13,0,0,0,1,1,0,1,0,1,1.0,1.0,1,1.0,0,5,1,10,0.96,0.0456,GREEN,26,Chennai
CLM0001949,CHE_07254,Tambaram,2024-03-11,13,0,0,0,0,0,0,0,0,0,0.0,0.357635,0,0.0,0,78,4,0,0.711,0.0,GREEN,44,Chennai
CLM0001950,CHE_00490,Sholinganallur,2025-11-12,12,0,0,0,0,0,0,0,0,0,0.0,0.140186,0,0.0,0,353,1,2,0.607,0.0515,GREEN,31,Chennai
CLM0001951,CHE_01305,Sholinganallur,2025-08-21,7,0,0,0,0,0,0,0,0,0,0.0,0.374806,0,0.0,0,382,1,2,0.673,0.1145,GREEN,29,Chennai
CLM0001952,CHE_06843,Perambur,2023-05-09,14,0,0,0,0,1,0,0,0,0,0.0,0.040271,0,0.0,0,315,3,1,0.6843,0.0339,GREEN,51,Chennai
CLM0001953,CHE_01190,Adyar,2023-10-09,18,0,0,0,0,0,1,0,0,0,0.0,0.168465,0,0.0,0,420,0,2,0.8284,0.061,GREEN,41,Chennai
CLM0001954,CHE_03082,Tambaram,2023-03-14,10,0,0,0,0,0,1,0,0,0,0.0,0.236764,0,0.0,0,408,0,1,0.9065,0.3312,YELLOW,40,Chennai
CLM0001955,CHE_04397,Chromepet,2025-09-11,20,0,0,0,0,0,0,0,0,0,0.0,0.168253,0,0.0,0,203,4,0,0.98,0.0484,GREEN,49,Chennai
CLM0001956,CHE_09670,Guindy,2020-04-08,10,0,0,0,0,0,0,0,0,0,0.0,0.455584,0,0.0,0,217,0,4,0.6993,0.0,GREEN,45,Chennai
CLM0001957,CHE_07099,Chromepet,2023-02-21,20,0,0,0,0,0,0,0,1,0,0.0,0.097499,0,0.0,0,389,4,1,0.7994,0.1104,GREEN,33,Chennai
CLM0001958,CHE_02256,Sholinganallur,2022-05-05,16,0,0,0,0,0,0,0,0,0,0.0,0.032658,0,0.0,0,331,1,6,0.9172,0.0331,GREEN,35,Chennai
CLM0001959,CHE_06789,Chromepet,2021-11-02,17,0,0,0,0,0,1,0,0,0,1.0,1.0,0,0.0,0,64,2,0,0.5932,0.2167,GREEN,54,Chennai
CLM0001960,CHE_05121,Tambaram,2022-05-09,9,0,0,0,0,0,0,0,1,0,0.0,0.061682,0,0.0,0,195,2,3,0.7917,0.0917,GREEN,18,Chennai
CLM0001961,CHE_07707,Tambaram,2019-10-14,7,0,0,0,0,0,0,0,0,0,0.0,0.104776,0,0.0,0,41,0,3,0.7243,0.0385,GREEN,67,Chennai
CLM0001962,CHE_02391,Perambur,2023-09-18,7,0,0,0,0,0,0,0,0,0,0.0,0.0767,0,0.0,0,217,4,1,0.502,0.0,GREEN,28,Chennai
CLM0001963,CHE_06852,Porur,2020-08-06,9,0,1,1,0,1,0,1,0,1,0.0,0.900314,1,1.0,1,16,2,15,0.6271,0.55,YELLOW,45,Chennai
CLM0001964,CHE_06462,Perambur,2025-09-03,11,0,1,1,0,0,0,1,1,1,1.0,0.958745,0,1.0,1,10,2,18,0.854,0.5486,YELLOW,41,Chennai
CLM0001965,CHE_09387,T Nagar,2019-07-05,16,0,1,1,1,0,1,1,1,1,1.0,0.436489,1,1.0,1,44,2,15,0.2415,0.8211,RED,44,Chennai
CLM0001966,CHE_00600,Sholinganallur,2022-01-01,10,0,1,1,0,0,1,0,0,0,0.0,0.076117,0,0.0,0,41,1,18,0.8879,0.3661,YELLOW,24,Chennai
CLM0001967,CHE_02222,Anna Nagar,2023-04-25,16,0,1,1,1,0,1,0,0,0,0.0,0.207849,1,0.0,0,5,0,18,0.8809,0.6128,RED,48,Chennai
CLM0001968,CHE_04684,Adyar,2023-08-13,14,0,1,1,0,0,0,0,1,1,1.0,0.014639,0,0.0,1,5,1,18,0.2177,0.3545,YELLOW,60,Chennai
CLM0001969,CHE_09414,Adyar,2019-09-29,15,0,1,1,1,0,1,1,1,0,0.0,0.009026,0,0.0,1,5,0,18,0.9372,0.5545,YELLOW,47,Chennai
CLM0001970,CHE_00037,Tambaram,2022-08-02,18,0,1,1,0,0,1,1,1,1,0.0,0.116436,0,0.0,0,25,0,18,0.893,0.4664,YELLOW,59,Chennai
CLM0001971,CHE_03377,Porur,2020-04-23,18,0,1,1,0,0,1,1,1,0,0.0,0.051303,0,0.0,1,5,0,18,0.9579,0.5421,YELLOW,47,Chennai
CLM0001972,CHE_03293,Chromepet,2025-11-07,18,0,1,1,0,1,0,0,1,0,1.0,0.006842,1,0.0,0,5,0,18,0.98,0.4319,YELLOW,51,Chennai
CLM0001973,CHE_04277,Adyar,2024-01-14,14,0,0,0,0,0,0,0,0,0,0.0,0.190424,0,0.0,0,324,1,1,0.7468,0.0065,GREEN,36,Chennai
CLM0001974,CHE_03296,T Nagar,2025-04-10,15,0,0,0,0,0,0,0,0,0,0.0,0.259196,0,0.0,0,384,0,0,0.6776,0.0748,GREEN,22,Chennai
CLM0001975,CHE_00045,Adyar,2023-07-16,20,0,0,0,0,1,0,0,0,0,0.0,0.040354,0,0.0,0,139,2,3,0.05,0.2231,GREEN,52,Chennai
CLM0001976,CHE_03068,T Nagar,2024-09-04,10,0,0,0,0,0,1,0,0,0,1.0,0.199503,0,0.0,0,335,1,6,0.05,0.1309,GREEN,34,Chennai
CLM0001977,CHE_09954,Perambur,2025-08-15,15,0,0,0,0,0,0,0,0,0,0.0,0.303254,0,1.0,0,420,0,6,0.6065,0.0,GREEN,29,Chennai
CLM0001978,CHE_01350,Porur,2023-11-26,16,0,0,0,0,0,0,0,0,0,1.0,0.177815,1,0.0,1,381,1,1,0.9556,0.1571,GREEN,47,Chennai
CLM0001979,CHE_01883,Anna Nagar,2020-06-05,18,0,0,0,1,0,0,0,0,0,0.0,0.289937,0,0.0,0,295,0,2,0.7661,0.1049,GREEN,62,Chennai
CLM0001980,CHE_01473,Perambur,2017-03-04,14,0,0,0,0,0,0,0,0,0,0.0,0.144201,0,0.0,0,341,4,1,0.4724,0.0047,GREEN,31,Chennai
CLM0001981,CHE_01261,Chromepet,2022-05-30,18,0,0,0,0,0,0,0,0,0,0.0,0.398787,0,0.0,0,18,1,4,0.0515,0.0,GREEN,39,Chennai
CLM0001982,CHE_05766,Porur,2025-02-07,7,0,0,0,0,0,1,0,0,1,0.0,0.170737,0,0.0,0,294,0,2,0.8525,0.224,GREEN,18,Chennai
CLM0001983,CHE_05495,T Nagar,2021-11-17,16,0,0,0,1,0,0,0,0,0,0.0,0.247527,0,0.0,0,322,4,3,0.5858,0.104,GREEN,18,Chennai
CLM0001984,CHE_09572,Tambaram,2023-06-08,12,0,0,0,0,0,0,0,0,0,1.0,0.994801,0,1.0,0,197,2,3,0.4084,0.0,GREEN,41,Chennai
CLM0001985,CHE_08012,Anna Nagar,2023-08-02,12,0,0,0,0,1,0,0,0,0,0.0,0.155373,0,0.0,0,420,3,3,0.7839,0.11,GREEN,28,Chennai
CLM0001986,CHE_09573,Anna Nagar,2025-10-26,20,0,1,1,0,0,0,0,0,0,0.0,0.205975,0,0.0,0,420,2,7,0.2918,0.0807,GREEN,25,Chennai
CLM0001987,CHE_04088,Velachery,2021-05-09,18,0,0,0,1,0,0,0,0,0,0.0,0.199699,0,0.0,0,48,3,3,0.7161,0.1105,GREEN,26,Chennai
CLM0001988,CHE_06430,Anna Nagar,2020-10-07,10,0,0,0,0,0,0,0,1,0,0.0,0.0,0,0.0,0,89,0,0,0.6827,0.1515,GREEN,42,Chennai
CLM0001989,CHE_09023,T Nagar,2021-01-17,11,0,1,1,0,0,0,0,0,0,1.0,0.012355,0,0.0,0,420,4,1,0.8334,0.0485,GREEN,49,Chennai
CLM0001990,CHE_03389,Chromepet,2024-06-07,14,0,0,0,0,0,0,0,0,0,0.0,0.085686,0,0.0,0,420,1,0,0.7145,0.0,GREEN,38,Chennai
CLM0001991,CHE_00447,Guindy,2020-02-01,19,0,0,0,0,0,1,0,0,0,0.0,0.260724,0,0.0,0,221,0,4,0.6492,0.0444,GREEN,68,Chennai
CLM0001992,CHE_05296,T Nagar,2021-04-03,10,0,0,0,0,0,0,0,0,0,0.0,0.0,0,0.0,0,26,4,3,0.7139,0.0,GREEN,29,Chennai
CLM0001993,CHE_03347,Sholinganallur,2025-03-28,14,0,0,0,0,0,0,0,0,0,0.0,0.331856,0,0.0,0,420,4,4,0.753,0.0069,GREEN,49,Chennai
CLM0001994,CHE_06487,T Nagar,2017-08-13,15,0,0,0,0,0,1,0,0,0,1.0,0.962757,0,0.0,0,90,1,0,0.5604,0.1091,GREEN,49,Chennai
CLM0001995,CHE_08801,Sholinganallur,2018-06-26,10,0,0,0,0,0,0,1,1,0,0.0,0.93811,0,0.0,0,311,4,1,0.0729,0.1734,GREEN,38,Chennai
CLM0001996,CHE_06615,Chromepet,2018-07-14,15,0,0,0,0,0,1,0,0,0,1.0,0.057439,0,0.0,0,420,3,2,0.7598,0.186,GREEN,34,Chennai
CLM0001997,CHE_03461,Perambur,2021-08-31,15,0,0,0,0,0,0,0,0,0,0.0,0.094255,0,0.0,0,343,0,1,0.5256,0.0076,GREEN,44,Chennai
CLM0001998,CHE_01578,T Nagar,2018-07-21,7,0,0,0,0,0,0,0,0,0,0.0,0.310561,0,0.0,0,85,2,2,0.8713,0.0,GREEN,45,Chennai
CLM0001999,CHE_02253,Chromepet,2025-10-08,20,0,0,0,0,0,0,1,0,0,0.0,0.039269,0,0.0,0,266,3,0,0.642,0.0792,GREEN,33,Chennai
CLM0002000,CHE_04433,Tambaram,2025-12-03,9,0,0,0,0,0,0,0,0,0,0.0,0.044212,0,0.0,1,27,4,2,0.5642,0.0411,GREEN,19,Chennai
CLM0002001,CHE_05791,T Nagar,2017-03-09,11,0,0,0,0,0,0,0,0,0,0.0,0.467392,0,0.0,0,349,1,4,0.1498,0.0109,GREEN,33,Chennai
CLM0002002,CHE_00194,Guindy,2025-01-21,14,0,0,0,0,0,0,0,0,0,0.0,0.10494,0,0.0,0,203,3,6,0.98,0.0,GREEN,32,Chennai
CLM0002003,CHE_02610,Tambaram,2022-04-12,21,0,0,0,0,0,0,0,0,0,0.0,0.162774,0,0.0,0,263,2,0,0.6247,0.0,GREEN,36,Chennai
CLM0002004,CHE_01511,Guindy,2023-12-08,20,0,0,0,0,0,0,0,0,0,0.0,0.286589,0,0.0,0,255,3,2,0.7994,0.0,GREEN,35,Chennai
CLM0002005,CHE_09189,Perambur,2018-10-28,21,0,0,0,0,0,0,0,0,0,1.0,0.351519,0,0.0,0,337,1,1,0.9013,0.1718,GREEN,49,Chennai
CLM0002006,CHE_08089,T Nagar,2017-10-08,10,0,0,0,0,0,0,0,0,0,0.0,0.248127,0,0.0,0,218,4,0,0.3952,0.1126,GREEN,32,Chennai
CLM0002007,CHE_06360,Porur,2018-01-22,9,0,0,0,0,0,0,0,0,0,1.0,0.156687,0,0.0,0,297,4,5,0.7694,0.1168,GREEN,36,Chennai
CLM0002008,CHE_09473,T Nagar,2022-08-31,13,0,0,0,0,0,0,0,0,0,1.0,0.177409,0,0.0,0,355,4,2,0.505,0.145,GREEN,41,Chennai
CLM0002009,CHE_02792,Anna Nagar,2018-06-18,10,0,0,0,0,0,0,0,0,0,0.0,0.011097,0,0.0,0,166,0,1,0.7854,0.0163,GREEN,36,Chennai
CLM0002010,CHE_07422,Tambaram,2020-10-26,19,0,0,0,0,0,0,0,0,0,0.0,0.24737,0,0.0,0,84,4,0,0.8481,0.0,GREEN,51,Chennai
CLM0002011,CHE_03164,Guindy,2015-12-05,21,0,0,0,0,0,0,0,0,1,0.0,0.085628,0,0.0,0,403,1,0,0.8013,0.0668,GREEN,45,Chennai
CLM0002012,CHE_02597,Porur,2017-08-27,11,0,0,0,0,0,1,0,0,0,0.0,0.229758,0,0.0,0,330,4,1,0.5011,0.0972,GREEN,47,Chennai
CLM0002013,CHE_03804,Adyar,2017-08-17,14,0,0,0,0,1,0,1,1,0,0.0,0.378821,0,0.0,0,188,2,1,0.3335,0.2693,GREEN,59,Chennai
CLM0002014,CHE_08755,T Nagar,2017-12-15,10,0,0,0,0,0,0,1,0,0,0.0,0.341385,0,0.0,0,241,2,1,0.5386,0.1062,GREEN,49,Chennai
CLM0002015,CHE_00350,Anna Nagar,2021-01-30,19,0,0,0,0,0,0,0,0,0,1.0,0.384387,0,0.0,0,420,1,2,0.6825,0.0189,GREEN,53,Chennai
CLM0002016,CHE_06467,Guindy,2022-10-31,16,0,0,0,0,0,0,0,0,0,0.0,0.084178,1,0.0,0,420,3,2,0.05,0.165,GREEN,45,Chennai
CLM0002017,CHE_07464,Velachery,2025-01-11,19,0,0,0,0,0,0,1,0,0,0.0,0.094338,0,0.0,0,342,3,1,0.7824,0.0661,GREEN,56,Chennai
CLM0002018,CHE_01948,Velachery,2018-04-02,10,0,0,0,0,0,0,0,0,0,0.0,0.175945,0,0.0,0,134,3,0,0.2691,0.006,GREEN,40,Chennai
CLM0002019,CHE_02223,Adyar,2024-03-28,11,0,0,0,1,0,0,0,0,0,0.0,0.061843,0,0.0,0,252,2,5,0.5056,0.1523,GREEN,22,Chennai
CLM0002020,CHE_00139,Guindy,2019-03-30,18,0,0,0,0,0,0,0,0,0,0.0,0.062968,0,1.0,0,127,3,2,0.05,0.051,GREEN,30,Chennai
CLM0002021,CHE_02712,Adyar,2023-05-24,21,0,0,0,1,0,0,0,1,0,0.0,0.241445,0,0.0,0,351,4,1,0.3747,0.2703,GREEN,45,Chennai
CLM0002022,CHE_06875,Perambur,2025-07-09,12,0,0,0,0,0,0,0,0,0,0.0,0.333355,0,0.0,0,228,0,4,0.4875,0.0425,GREEN,18,Chennai
CLM0002023,CHE_09886,Porur,2025-11-24,16,0,0,0,0,1,0,0,0,0,0.0,0.0,1,1.0,0,361,0,4,0.8577,0.1922,GREEN,35,Chennai
CLM0002024,CHE_05886,Tambaram,2025-02-02,12,0,0,0,1,0,0,0,0,0,0.0,0.119248,0,0.0,0,405,1,2,0.98,0.2048,GREEN,46,Chennai
CLM0002025,CHE_00973,Perambur,2024-10-16,10,0,0,0,0,0,0,0,0,0,0.0,0.349458,0,0.0,0,380,4,2,0.9692,0.0771,GREEN,21,Chennai
CLM0002026,CHE_09846,Chromepet,2023-07-24,16,0,0,0,0,0,0,0,0,0,0.0,0.219179,0,0.0,0,184,0,6,0.6627,0.0,GREEN,28,Chennai
CLM0002027,CHE_06552,Tambaram,2016-01-11,13,0,0,0,0,0,0,1,0,0,0.0,0.036451,0,0.0,1,395,2,6,0.0565,0.1194,GREEN,51,Chennai
CLM0002028,CHE_07277,Chromepet,2024-04-02,18,0,0,0,0,0,0,0,0,1,0.0,0.163737,0,0.0,0,22,4,0,0.8542,0.1087,GREEN,31,Chennai
CLM0002029,CHE_04635,Anna Nagar,2025-06-13,14,0,0,0,0,0,0,0,0,0,0.0,0.425348,0,0.0,0,103,0,2,0.9296,0.1184,GREEN,37,Chennai
CLM0002030,CHE_09864,Sholinganallur,2023-12-15,13,0,0,0,0,0,0,0,0,0,1.0,0.077951,0,0.0,0,172,1,3,0.7608,0.1687,GREEN,45,Chennai
CLM0002031,CHE_01586,Guindy,2022-07-14,21,0,0,0,0,0,0,0,0,0,1.0,0.9528,0,0.0,0,218,0,2,0.862,0.0,GREEN,41,Chennai
CLM0002032,CHE_08318,Perambur,2024-02-17,19,0,0,0,0,0,0,0,0,0,0.0,1.0,0,0.0,0,64,4,0,0.14,0.0,GREEN,57,Chennai
CLM0002033,CHE_01852,Chromepet,2020-01-04,19,0,0,0,0,0,0,0,0,0,0.0,0.303226,0,0.0,0,375,4,0,0.98,0.0795,GREEN,35,Chennai
CLM0002034,CHE_05804,Velachery,2023-12-09,15,0,0,0,0,0,0,0,0,0,0.0,0.166042,0,0.0,0,201,3,0,0.8183,0.03,GREEN,22,Chennai
CLM0002035,CHE_07767,Tambaram,2023-06-04,11,0,0,0,0,0,0,0,0,0,0.0,0.448401,0,0.0,0,185,4,1,0.9302,0.0,GREEN,42,Chennai
CLM0002036,CHE_03805,Adyar,2017-05-15,10,0,0,0,0,0,0,0,0,0,0.0,0.997824,0,0.0,0,420,4,0,0.7264,0.0237,GREEN,44,Chennai
CLM0002037,CHE_02964,Adyar,2017-01-07,15,0,0,0,0,0,0,0,0,0,0.0,0.057065,0,0.0,0,356,1,5,0.7379,0.1339,GREEN,39,Chennai
CLM0002038,CHE_09701,Adyar,2022-11-09,7,0,0,0,0,0,0,0,0,0,0.0,0.084089,0,0.0,0,156,1,2,0.98,0.0116,GREEN,54,Chennai
CLM0002039,CHE_01773,Guindy,2025-06-19,19,0,0,0,1,0,0,0,0,0,0.0,0.073774,0,0.0,0,372,0,0,0.98,0.2348,GREEN,31,Chennai
CLM0002040,CHE_00520,Porur,2020-11-20,18,0,0,0,0,0,0,0,1,1,0.0,0.067306,0,0.0,0,376,4,2,0.8969,0.2254,GREEN,36,Chennai
CLM0002041,CHE_02237,Chromepet,2020-12-03,10,0,0,0,1,0,0,1,0,0,0.0,0.269352,0,0.0,0,140,3,6,0.736,0.0971,GREEN,32,Chennai
CLM0002042,CHE_01590,Adyar,2022-08-22,9,0,0,0,0,0,0,1,0,1,0.0,1.0,1,0.0,0,239,0,3,0.7271,0.2793,GREEN,57,Chennai
CLM0002043,CHE_03348,Anna Nagar,2024-10-07,16,0,0,0,0,0,1,0,0,0,0.0,0.0,0,0.0,0,389,3,1,0.5349,0.0962,GREEN,42,Chennai
CLM0002044,CHE_03479,Perambur,2025-08-26,16,0,0,0,0,0,0,0,1,0,0.0,0.320119,0,0.0,0,82,2,0,0.6661,0.0698,GREEN,40,Chennai
CLM0002045,CHE_01904,Chromepet,2024-09-09,7,0,0,0,0,0,0,0,0,0,0.0,0.413433,0,0.0,0,197,1,4,0.98,0.0197,GREEN,53,Chennai
CLM0002046,CHE_09525,Perambur,2025-08-11,7,0,0,0,0,0,0,0,0,0,0.0,0.0,0,0.0,0,343,4,0,0.5452,0.0,GREEN,45,Chennai
CLM0002047,CHE_05473,T Nagar,2025-11-12,7,0,0,0,0,0,1,0,0,0,0.0,0.340991,0,0.0,0,76,2,4,0.6059,0.0888,GREEN,24,Chennai
CLM0002048,CHE_09092,Chromepet,2025-06-01,9,0,0,0,0,0,0,0,0,0,0.0,0.40809,0,0.0,0,420,1,0,0.8455,0.0016,GREEN,56,Chennai
CLM0002049,CHE_05095,Perambur,2024-03-14,17,0,0,0,0,0,0,0,0,0,0.0,1.0,0,0.0,0,420,2,0,0.7841,0.1023,GREEN,39,Chennai
CLM0002050,CHE_08391,Velachery,2022-10-12,16,0,0,0,0,1,0,0,0,0,0.0,0.211991,0,1.0,0,251,0,5,0.9567,0.0724,GREEN,59,Chennai
CLM0002051,CHE_06883,T Nagar,2024-08-01,16,0,0,0,0,0,0,0,0,0,0.0,0.362827,0,0.0,0,80,0,1,0.6992,0.0,GREEN,45,Chennai
CLM0002052,CHE_02497,Tambaram,2023-08-25,17,0,0,0,0,0,0,0,0,0,0.0,0.329856,0,0.0,0,168,1,0,0.7381,0.0384,GREEN,49,Chennai
CLM0002053,CHE_08239,Porur,2025-02-28,11,0,0,0,0,0,1,0,0,0,0.0,0.09603,0,0.0,0,97,3,2,0.8685,0.1836,GREEN,57,Chennai
CLM0002054,CHE_04408,Anna Nagar,2024-05-27,7,0,0,0,0,0,0,0,0,0,0.0,0.134783,0,0.0,0,35,1,2,0.6615,0.0597,GREEN,28,Chennai
CLM0002055,CHE_06105,Tambaram,2025-04-24,12,0,0,0,0,0,0,0,0,0,0.0,0.955017,0,0.0,0,191,4,3,0.8869,0.0198,GREEN,55,Chennai
CLM0002056,CHE_08491,Perambur,2024-11-24,19,0,0,0,0,0,0,0,0,0,0.0,0.970148,0,0.0,0,420,3,2,0.7134,0.0675,GREEN,29,Chennai
CLM0002057,CHE_04883,Perambur,2025-07-19,10,0,0,0,0,0,0,0,0,0,1.0,0.138614,0,0.0,0,59,0,6,0.9098,0.044,GREEN,34,Chennai
CLM0002058,CHE_09708,Anna Nagar,2024-03-29,10,0,0,0,0,0,0,0,0,0,0.0,0.1485,0,0.0,0,401,4,0,0.98,0.0,GREEN,35,Chennai
CLM0002059,CHE_09578,Anna Nagar,2023-07-18,17,0,0,0,0,0,0,0,0,0,0.0,0.290046,0,0.0,0,217,3,0,0.4653,0.0044,GREEN,43,Chennai
CLM0002060,CHE_07472,Velachery,2025-11-30,10,0,0,0,0,0,0,0,0,0,0.0,0.363041,0,0.0,0,167,2,3,0.6153,0.0603,GREEN,51,Chennai
CLM0002061,CHE_07356,Porur,2024-06-04,17,0,0,0,0,0,0,0,0,0,0.0,0.148236,0,0.0,1,136,1,3,0.4895,0.1008,GREEN,24,Chennai
CLM0002062,CHE_09158,Perambur,2025-08-21,20,0,0,0,0,0,0,0,0,0,0.0,0.091447,0,0.0,0,412,0,6,0.909,0.0,GREEN,21,Chennai
CLM0002063,CHE_00857,Chromepet,2023-10-10,21,0,0,0,0,0,0,0,0,0,0.0,0.085134,0,0.0,0,389,3,2,0.7598,0.2225,GREEN,29,Chennai
CLM0002064,CHE_05924,Velachery,2025-12-28,17,0,0,0,0,1,0,0,0,0,0.0,0.0,0,0.0,0,75,4,3,0.84,0.1768,GREEN,31,Chennai
CLM0002065,CHE_05296,T Nagar,2024-06-27,8,0,0,0,0,0,0,0,1,0,1.0,0.991605,0,0.0,0,117,0,3,0.739,0.1564,GREEN,29,Chennai
CLM0002066,CHE_02821,Porur,2021-05-09,21,0,0,0,0,0,0,0,1,0,1.0,0.062655,0,0.0,0,420,0,4,0.8982,0.1195,GREEN,29,Chennai
CLM0002067,CHE_04625,Guindy,2025-04-14,20,0,0,0,0,0,0,0,0,0,0.0,1.0,0,0.0,0,5,4,0,0.7049,0.0,GREEN,44,Chennai
CLM0002068,CHE_08701,Porur,2019-05-20,9,0,0,0,0,0,0,0,0,0,0.0,0.082931,0,0.0,0,194,0,3,0.4581,0.0122,GREEN,46,Chennai
CLM0002069,CHE_07641,Sholinganallur,2020-05-29,11,0,0,0,1,0,1,1,1,1,0.0,0.070998,0,0.0,1,5,1,18,0.7879,0.0077,GREEN,56,Chennai
CLM0002070,CHE_03313,Velachery,2020-06-12,17,0,0,0,0,0,0,0,1,0,1.0,0.192686,0,0.0,0,420,3,0,0.7666,0.1459,GREEN,49,Chennai
CLM0002071,CHE_08440,Sholinganallur,2019-04-06,10,0,0,0,0,0,0,0,0,0,0.0,0.160621,0,0.0,0,340,3,5,0.577,0.0,GREEN,45,Chennai
CLM0002072,CHE_04033,Chromepet,2025-07-06,20,0,0,0,0,0,0,0,0,0,0.0,0.139028,0,0.0,0,404,1,5,0.5194,0.0,GREEN,45,Chennai
CLM0002073,CHE_03473,T Nagar,2022-02-09,13,0,0,0,1,0,1,1,1,0,1.0,0.133772,0,0.0,0,17,3,18,0.2664,0.0373,GREEN,30,Chennai
CLM0002074,CHE_07341,Tambaram,2022-12-26,20,0,0,0,0,0,0,0,0,0,0.0,0.985763,0,0.0,0,287,1,2,0.5403,0.0683,GREEN,21,Chennai
CLM0002075,CHE_07046,Anna Nagar,2023-09-10,21,0,0,0,0,0,1,0,0,1,0.0,0.107757,0,0.0,0,52,4,1,0.8752,0.1991,GREEN,35,Chennai
CLM0002076,CHE_03947,Adyar,2020-06-09,21,0,0,0,0,0,0,1,0,0,1.0,0.303178,0,1.0,0,187,4,0,0.6028,0.1046,GREEN,50,Chennai
CLM0002077,CHE_02871,Chromepet,2023-09-29,19,0,0,0,0,0,0,0,0,1,0.0,0.964046,0,0.0,0,250,0,0,0.6286,0.1182,GREEN,39,Chennai
CLM0002078,CHE_08330,Sholinganallur,2019-01-31,15,0,0,0,0,0,0,0,0,0,0.0,0.292994,0,0.0,0,58,4,0,0.4506,0.0,GREEN,18,Chennai
CLM0002079,CHE_09642,T Nagar,2018-02-22,18,0,1,1,1,0,0,1,0,1,0.0,0.964374,1,1.0,1,14,1,18,0.0949,0.5646,YELLOW,51,Chennai
CLM0002080,CHE_05658,Tambaram,2020-06-07,20,0,1,1,1,1,0,1,1,0,0.0,0.190269,1,0.0,0,7,2,18,0.947,0.5701,YELLOW,45,Chennai
CLM0002081,CHE_00216,Chromepet,2016-08-29,10,0,1,1,0,1,1,0,1,1,1.0,1.0,1,1.0,0,5,1,16,0.1695,0.7279,RED,38,Chennai
CLM0002082,CHE_05248,Velachery,2024-05-02,8,0,1,1,0,0,0,0,0,0,0.0,0.27142,0,0.0,0,294,0,3,0.3139,0.6707,RED,43,Chennai
CLM0002083,CHE_07761,Guindy,2024-12-26,20,0,1,1,0,0,0,0,0,0,0.0,0.980557,0,0.0,0,251,0,6,0.7467,0.7223,RED,58,Chennai
CLM0002084,CHE_07541,Sholinganallur,2024-02-03,15,0,0,0,1,0,0,0,0,0,0.0,0.216195,0,0.0,0,420,2,2,0.5026,0.088,GREEN,23,Chennai
CLM0002085,CHE_05075,Anna Nagar,2025-07-22,18,0,0,0,0,0,0,0,0,0,0.0,0.405163,1,0.0,0,278,4,1,0.8299,0.0717,GREEN,41,Chennai
CLM0002086,CHE_02542,Velachery,2025-02-28,13,0,0,0,0,0,0,0,0,0,0.0,0.256332,0,0.0,0,419,4,3,0.8418,0.0266,GREEN,54,Chennai
CLM0002087,CHE_00030,Perambur,2021-03-28,12,0,0,0,0,0,0,0,0,0,0.0,0.103716,0,0.0,0,418,3,6,0.6695,0.0907,GREEN,34,Chennai
CLM0002088,CHE_07059,Velachery,2025-06-30,21,0,0,0,0,0,0,0,0,0,0.0,0.907164,0,0.0,0,117,3,0,0.0556,0.0329,GREEN,36,Chennai
CLM0002089,CHE_05585,Perambur,2023-03-31,12,0,0,0,0,0,0,0,0,0,0.0,0.994822,0,0.0,0,336,0,3,0.7746,0.027,GREEN,25,Chennai
CLM0002090,CHE_06018,Adyar,2023-06-22,10,0,0,0,0,0,0,0,0,0,0.0,0.020002,0,0.0,0,259,2,3,0.9059,0.0,GREEN,33,Chennai
CLM0002091,CHE_03726,Velachery,2020-03-21,15,0,0,0,0,0,0,0,0,0,0.0,0.141486,0,0.0,0,420,2,2,0.119,0.1373,GREEN,41,Chennai
CLM0002092,CHE_05952,Tambaram,2023-01-06,13,0,0,0,0,0,0,0,0,0,1.0,0.068241,0,0.0,0,420,1,2,0.5729,0.1125,GREEN,41,Chennai
CLM0002093,CHE_03447,Guindy,2021-08-31,8,0,0,0,0,0,0,0,0,0,0.0,0.159648,0,0.0,0,257,1,4,0.5057,0.0,GREEN,35,Chennai
CLM0002094,CHE_03036,Velachery,2021-11-24,16,0,0,0,0,0,0,0,0,0,1.0,0.049633,0,0.0,0,72,0,3,0.2835,0.0661,GREEN,33,Chennai
CLM0002095,CHE_06529,Tambaram,2024-12-27,13,0,0,0,0,0,0,0,0,0,0.0,1.0,0,0.0,0,101,4,0,0.749,0.0292,GREEN,27,Chennai
CLM0002096,CHE_05081,Guindy,2025-06-04,9,0,0,0,0,0,1,0,1,0,0.0,0.042723,0,0.0,0,420,0,1,0.6762,0.2347,GREEN,31,Chennai
CLM0002097,CHE_05784,Velachery,2022-04-18,16,0,0,0,0,0,0,0,0,0,1.0,0.096541,0,0.0,0,160,4,7,0.8363,0.0763,GREEN,38,Chennai
CLM0002098,CHE_06043,Guindy,2021-09-23,14,0,0,0,0,0,1,0,0,0,0.0,0.0,0,0.0,0,42,2,2,0.05,0.0604,GREEN,43,Chennai
CLM0002099,CHE_00406,Porur,2021-09-22,18,0,0,0,0,0,1,0,0,0,0.0,0.0,0,0.0,0,214,1,3,0.98,0.0605,GREEN,51,Chennai
CLM0002100,CHE_06619,Guindy,2025-07-29,11,0,0,0,0,0,0,1,1,0,0.0,0.332659,0,1.0,0,35,1,5,0.6379,0.0781,GREEN,57,Chennai
CLM0002101,CHE_05420,Sholinganallur,2025-01-04,16,0,0,0,0,0,1,0,0,0,0.0,1.0,0,0.0,0,23,0,4,0.98,0.0156,GREEN,43,Chennai
CLM0002102,CHE_08242,Velachery,2023-01-07,11,0,0,0,0,0,0,0,1,0,0.0,0.379722,0,0.0,0,69,0,0,0.6677,0.0727,GREEN,48,Chennai
CLM0002103,CHE_02285,Sholinganallur,2022-02-26,12,0,0,0,0,0,0,0,1,0,0.0,0.372902,0,0.0,0,124,4,5,0.7752,0.1924,GREEN,28,Chennai
CLM0002104,CHE_02733,Velachery,2021-09-29,21,0,0,0,0,0,0,0,0,0,0.0,0.094553,0,0.0,0,214,1,4,0.8763,0.0,GREEN,32,Chennai
CLM0002105,CHE_05219,Adyar,2019-03-27,7,0,0,0,0,0,0,0,0,0,0.0,0.161396,0,0.0,0,313,2,2,0.1133,0.0,GREEN,48,Chennai
CLM0002106,CHE_04247,Chromepet,2019-08-10,17,0,0,0,0,0,0,0,0,0,0.0,0.119964,0,0.0,0,420,3,0,0.9521,0.0421,GREEN,44,Chennai
CLM0002107,CHE_01057,Perambur,2017-11-11,20,0,0,0,0,0,0,0,0,0,0.0,0.146172,0,1.0,0,403,3,1,0.796,0.0,GREEN,32,Chennai
CLM0002108,CHE_02225,Perambur,2015-09-24,11,0,0,0,0,0,0,0,0,0,0.0,0.247402,0,0.0,0,420,3,2,0.4586,0.132,GREEN,28,Chennai
CLM0002109,CHE_04866,Porur,2024-01-30,10,0,0,0,0,0,0,0,0,0,0.0,0.295885,0,0.0,0,74,1,0,0.8062,0.0,GREEN,39,Chennai
CLM0002110,CHE_04380,Velachery,2024-07-11,12,0,0,0,0,0,0,1,0,0,0.0,0.936686,0,0.0,0,18,4,1,0.1963,0.0,GREEN,37,Chennai
CLM0002111,CHE_01396,Porur,2019-08-11,14,0,0,0,1,0,0,0,0,0,0.0,0.880403,0,0.0,0,420,1,0,0.1726,0.1883,GREEN,49,Chennai
CLM0002112,CHE_02834,Porur,2020-01-29,12,0,0,0,0,0,0,0,0,1,0.0,0.264498,0,0.0,0,319,0,0,0.177,0.1476,GREEN,33,Chennai
CLM0002113,CHE_06013,Sholinganallur,2016-01-13,12,0,0,0,0,0,0,0,0,0,0.0,1.0,0,0.0,0,28,0,8,0.1475,0.1091,GREEN,39,Chennai
CLM0002114,CHE_04897,Tambaram,2025-09-23,14,0,0,0,0,0,0,0,0,1,0.0,0.444182,0,0.0,0,36,1,6,0.872,0.0535,GREEN,41,Chennai
CLM0002115,CHE_05614,Guindy,2024-12-06,9,0,0,0,0,0,0,0,0,0,0.0,0.329124,0,0.0,0,289,3,5,0.9746,0.0145,GREEN,49,Chennai
CLM0002116,CHE_05850,Adyar,2025-04-09,15,0,0,0,0,0,0,1,0,0,0.0,0.199484,0,0.0,0,136,4,2,0.6189,0.0627,GREEN,45,Chennai
CLM0002117,CHE_01883,Anna Nagar,2025-12-09,10,0,0,0,0,0,0,0,0,0,0.0,0.365769,0,0.0,0,5,3,1,0.05,0.0801,GREEN,62,Chennai
CLM0002118,CHE_09406,Guindy,2023-07-26,16,0,0,0,1,0,0,1,1,0,0.0,1.0,0,0.0,1,26,1,18,0.2859,0.1038,GREEN,36,Chennai
CLM0002119,CHE_09065,Sholinganallur,2023-03-09,8,0,0,0,0,0,0,0,0,0,1.0,0.24248,0,0.0,0,52,4,0,0.8385,0.146,GREEN,44,Chennai
CLM0002120,CHE_04458,Adyar,2024-01-20,8,0,0,0,0,0,0,1,0,0,1.0,0.185055,0,0.0,0,380,2,0,0.9251,0.1651,GREEN,35,Chennai
CLM0002121,CHE_00376,Adyar,2021-11-24,11,0,0,0,0,1,0,1,0,0,0.0,0.962685,0,0.0,0,252,3,4,0.9235,0.1686,GREEN,42,Chennai
CLM0002122,CHE_03562,Anna Nagar,2020-12-27,20,0,0,0,0,0,0,0,0,0,0.0,0.198565,0,0.0,0,239,1,3,0.9174,0.0,GREEN,52,Chennai
CLM0002123,CHE_03102,Anna Nagar,2020-09-04,21,0,0,0,0,0,0,0,0,0,0.0,0.121914,0,0.0,0,395,1,0,0.2066,0.0085,GREEN,30,Chennai
CLM0002124,CHE_02067,T Nagar,2018-12-12,21,0,0,0,1,0,0,0,0,0,0.0,0.219902,0,0.0,0,79,1,2,0.4416,0.2273,GREEN,40,Chennai
CLM0002125,CHE_05951,Perambur,2025-07-18,10,0,0,0,0,0,0,0,1,0,0.0,0.081724,0,0.0,0,383,0,3,0.6443,0.0939,GREEN,40,Chennai
CLM0002126,CHE_09306,Anna Nagar,2025-04-12,9,0,0,0,0,0,1,0,0,0,0.0,0.037412,0,0.0,0,115,1,3,0.7328,0.0428,GREEN,38,Chennai
CLM0002127,CHE_04702,Adyar,2025-09-12,13,0,0,0,0,0,0,0,0,0,0.0,0.383664,0,0.0,1,50,2,4,0.98,0.0,GREEN,48,Chennai
CLM0002128,CHE_09260,Chromepet,2025-01-09,20,0,0,0,0,0,0,0,0,0,0.0,0.091854,0,0.0,0,229,1,0,0.9162,0.008,GREEN,50,Chennai
CLM0002129,CHE_03581,Tambaram,2025-01-05,16,0,0,0,0,0,0,0,0,0,0.0,0.096889,0,0.0,0,5,4,0,0.5251,0.0,GREEN,24,Chennai
CLM0002130,CHE_07779,Perambur,2025-08-06,14,0,0,0,0,0,0,1,0,0,0.0,0.337093,0,0.0,0,82,2,1,0.1711,0.1041,GREEN,46,Chennai
CLM0002131,CHE_05508,Adyar,2025-11-10,21,0,0,0,0,0,0,0,0,0,0.0,0.147247,0,0.0,0,356,3,2,0.05,0.0,GREEN,40,Chennai
CLM0002132,CHE_01110,Adyar,2024-11-13,19,0,0,0,0,0,0,0,0,0,1.0,0.190939,0,0.0,1,48,3,0,0.7005,0.0,GREEN,49,Chennai
CLM0002133,CHE_06712,Guindy,2023-06-17,10,0,0,0,0,0,0,1,0,0,1.0,0.236415,1,0.0,0,288,3,4,0.05,0.3047,GREEN,40,Chennai
CLM0002134,CHE_09918,Guindy,2019-03-08,16,0,0,0,0,0,0,0,0,0,0.0,0.204904,0,0.0,0,322,2,0,0.9247,0.2513,GREEN,37,Chennai
CLM0002135,CHE_08659,Chromepet,2025-03-16,9,0,0,0,0,0,0,0,0,0,0.0,0.210555,0,0.0,0,420,2,5,0.4068,0.0973,GREEN,18,Chennai
CLM0002136,CHE_00621,Perambur,2024-02-14,17,0,1,1,0,0,0,0,0,0,0.0,0.353712,0,0.0,0,374,1,4,0.7833,0.0264,GREEN,27,Chennai
CLM0002137,CHE_00514,Tambaram,2022-04-26,18,0,0,0,0,0,0,0,0,0,0.0,0.961932,0,0.0,0,205,4,0,0.9704,0.0,GREEN,34,Chennai
CLM0002138,CHE_08693,Velachery,2025-09-01,17,0,0,0,0,0,0,0,0,0,0.0,0.082896,0,0.0,0,322,0,8,0.1207,0.0032,GREEN,54,Chennai
CLM0002139,CHE_04924,Sholinganallur,2020-12-14,19,0,0,0,0,0,0,0,0,0,0.0,0.0,0,0.0,0,287,1,0,0.8608,0.1109,GREEN,42,Chennai
CLM0002140,CHE_05385,Adyar,2016-09-21,21,0,0,0,0,0,0,0,0,0,0.0,0.165362,0,0.0,0,93,3,3,0.2846,0.0986,GREEN,23,Chennai
CLM0002141,CHE_06760,Velachery,2020-11-03,8,0,0,0,0,0,0,0,1,0,0.0,0.35161,0,0.0,0,420,4,0,0.7438,0.0918,GREEN,54,Chennai
CLM0002142,CHE_03374,Porur,2021-07-07,9,0,0,0,0,0,0,0,0,0,0.0,0.275254,0,0.0,0,166,1,2,0.5901,0.0,GREEN,44,Chennai
CLM0002143,CHE_04282,Tambaram,2021-03-26,11,0,0,0,0,0,0,0,0,0,0.0,0.042966,0,0.0,0,420,0,1,0.6742,0.0,GREEN,36,Chennai
CLM0002144,CHE_01382,Chromepet,2024-11-14,8,0,0,0,0,0,0,0,0,0,0.0,0.308767,0,0.0,0,413,2,4,0.5754,0.0,GREEN,30,Chennai
CLM0002145,CHE_02155,T Nagar,2025-11-17,16,0,0,0,0,0,0,0,0,0,0.0,0.184248,0,0.0,0,215,4,3,0.5871,0.0,GREEN,22,Chennai
CLM0002146,CHE_00874,Anna Nagar,2024-09-05,18,0,0,0,0,0,0,0,0,0,0.0,0.11036,0,0.0,0,86,2,0,0.7111,0.0,GREEN,38,Chennai
CLM0002147,CHE_05252,Perambur,2025-01-12,11,0,0,0,0,0,1,0,0,0,1.0,0.285415,1,0.0,0,420,1,3,0.06,0.1651,GREEN,46,Chennai
CLM0002148,CHE_07989,Adyar,2025-09-24,7,0,0,0,0,0,0,0,0,0,0.0,0.081653,0,1.0,0,420,4,3,0.9344,0.0511,GREEN,62,Chennai
CLM0002149,CHE_01084,Porur,2023-06-29,18,0,0,0,0,0,0,0,0,0,0.0,0.188948,0,0.0,0,302,3,0,0.5862,0.0,GREEN,54,Chennai
CLM0002150,CHE_04542,Sholinganallur,2025-11-30,21,0,0,0,0,0,1,0,1,0,0.0,0.18038,0,0.0,0,328,3,3,0.6028,0.1615,GREEN,35,Chennai
CLM0002151,CHE_03161,Anna Nagar,2021-07-25,14,0,0,0,1,0,0,0,0,0,0.0,0.0,0,0.0,0,276,1,3,0.6425,0.009,GREEN,42,Chennai
CLM0002152,CHE_04606,Perambur,2021-04-12,15,0,0,0,0,0,0,0,0,0,0.0,0.457869,0,0.0,0,420,2,1,0.8629,0.0214,GREEN,50,Chennai
CLM0002153,CHE_00215,T Nagar,2025-08-04,21,0,0,0,0,0,0,0,0,0,0.0,0.086491,0,0.0,0,296,0,0,0.6734,0.0,GREEN,37,Chennai
CLM0002154,CHE_03182,Anna Nagar,2024-11-28,10,0,0,0,0,0,0,0,0,0,0.0,0.153222,0,0.0,0,194,2,0,0.05,0.0,GREEN,41,Chennai
CLM0002155,CHE_01552,Tambaram,2017-12-19,9,0,0,0,0,0,0,0,0,0,0.0,0.198273,0,0.0,0,61,1,1,0.5422,0.0143,GREEN,53,Chennai
CLM0002156,CHE_02003,Guindy,2020-01-28,7,0,0,0,0,0,0,0,0,1,0.0,0.106279,0,1.0,0,52,4,4,0.7532,0.0129,GREEN,24,Chennai
CLM0002157,CHE_00732,Perambur,2021-05-19,15,0,0,0,0,0,0,0,0,0,0.0,0.342221,0,0.0,0,353,0,2,0.8039,0.0957,GREEN,30,Chennai
CLM0002158,CHE_07845,Anna Nagar,2025-04-01,10,0,0,0,0,0,0,0,0,0,1.0,0.961338,0,0.0,0,273,0,3,0.7523,0.0465,GREEN,53,Chennai
CLM0002159,CHE_03285,Perambur,2021-04-20,12,0,0,0,0,0,1,0,0,0,0.0,0.107215,0,0.0,0,420,4,2,0.5634,0.2333,GREEN,28,Chennai
CLM0002160,CHE_03900,Velachery,2025-08-02,8,0,0,0,0,0,0,0,0,0,0.0,0.415237,0,0.0,0,301,0,4,0.775,0.0,GREEN,56,Chennai
CLM0002161,CHE_03117,Sholinganallur,2024-03-05,8,0,0,0,0,0,0,0,0,0,0.0,0.198002,0,0.0,0,185,2,5,0.8074,0.0498,GREEN,28,Chennai
CLM0002162,CHE_05532,Velachery,2020-11-14,19,0,0,0,0,0,0,0,0,0,0.0,0.0,0,0.0,0,132,2,2,0.98,0.0027,GREEN,38,Chennai
CLM0002163,CHE_04605,Chromepet,2025-02-20,16,0,0,0,0,0,0,0,0,0,0.0,0.990544,0,0.0,0,263,0,5,0.3603,0.0,GREEN,43,Chennai
CLM0002164,CHE_01278,T Nagar,2023-03-24,18,0,0,0,0,0,0,0,0,0,0.0,1.0,0,0.0,0,124,4,1,0.8337,0.0,GREEN,28,Chennai
CLM0002165,CHE_06009,Adyar,2021-12-20,8,0,0,0,0,0,0,0,1,0,1.0,0.447465,0,0.0,0,220,0,4,0.858,0.0907,GREEN,34,Chennai
CLM0002166,CHE_05277,Chromepet,2021-12-27,13,0,0,0,0,0,0,0,0,0,0.0,1.0,0,0.0,0,248,3,0,0.8595,0.0,GREEN,40,Chennai
CLM0002167,CHE_00742,T Nagar,2023-07-11,8,0,0,0,0,0,0,0,0,0,0.0,0.063344,0,0.0,0,165,1,2,0.05,0.0088,GREEN,18,Chennai
CLM0002168,CHE_08455,Tambaram,2024-03-16,9,0,0,0,0,0,0,0,0,0,0.0,0.090635,0,0.0,0,337,4,2,0.8539,0.1702,GREEN,18,Chennai
CLM0002169,CHE_08459,Perambur,2022-12-02,21,0,0,0,0,0,0,0,0,0,1.0,0.24817,0,0.0,0,420,4,7,0.5966,0.0857,GREEN,32,Chennai
CLM0002170,CHE_02297,Anna Nagar,2025-12-22,16,0,0,0,0,0,0,0,0,0,0.0,0.220337,0,0.0,0,98,4,3,0.5917,0.0,GREEN,30,Chennai
CLM0002171,CHE_06967,Velachery,2025-06-20,11,0,0,0,0,0,0,0,0,0,1.0,0.05904,0,0.0,0,372,2,1,0.9223,0.0676,GREEN,33,Chennai
CLM0002172,CHE_07675,Velachery,2024-08-24,18,0,0,0,0,0,0,0,1,0,0.0,0.060356,0,0.0,0,294,4,0,0.5095,0.0791,GREEN,32,Chennai
CLM0002173,CHE_01384,Tambaram,2024-08-19,13,0,0,0,0,0,0,0,0,0,1.0,0.246887,0,0.0,0,86,1,3,0.6481,0.1005,GREEN,27,Chennai
CLM0002174,CHE_08536,Tambaram,2025-01-04,15,0,0,0,0,1,0,0,0,0,0.0,0.274484,0,0.0,0,420,0,2,0.5112,0.0775,GREEN,34,Chennai
CLM0002175,CHE_03400,T Nagar,2025-12-13,18,0,0,0,0,0,0,0,0,0,0.0,0.283983,0,0.0,0,247,3,1,0.1211,0.0189,GREEN,49,Chennai
CLM0002176,CHE_00487,Guindy,2020-08-12,10,0,0,0,0,0,0,0,0,0,1.0,0.097236,1,0.0,0,386,1,3,0.5933,0.1325,GREEN,27,Chennai
CLM0002177,CHE_04961,Guindy,2023-08-26,18,0,0,0,0,0,0,0,0,0,1.0,0.232733,0,1.0,0,246,1,0,0.288,0.0,GREEN,38,Chennai
CLM0002178,CHE_07467,Sholinganallur,2023-07-21,13,0,0,0,0,0,1,0,0,0,0.0,0.285115,0,0.0,0,262,4,0,0.645,0.1323,GREEN,43,Chennai
CLM0002179,CHE_04817,Tambaram,2018-12-04,12,0,0,0,0,0,0,0,0,1,0.0,0.188915,0,0.0,0,420,3,1,0.0734,0.1307,GREEN,22,Chennai
CLM0002180,CHE_03548,Tambaram,2025-11-16,17,0,0,0,0,0,0,0,0,0,1.0,0.03587,0,0.0,0,420,1,0,0.98,0.0993,GREEN,55,Chennai
CLM0002181,CHE_02642,Perambur,2024-09-10,16,0,0,0,0,0,0,0,0,0,0.0,0.0,0,0.0,0,207,3,7,0.7468,0.0,GREEN,29,Chennai
CLM0002182,CHE_01773,Guindy,2024-11-09,12,0,0,0,0,0,0,0,0,0,1.0,0.223374,0,0.0,0,305,1,5,0.98,0.1079,GREEN,31,Chennai
CLM0002183,CHE_07399,Adyar,2024-04-08,9,0,0,0,0,0,0,1,1,0,0.0,0.055219,0,0.0,0,66,0,1,0.5233,0.2695,GREEN,38,Chennai
CLM0002184,CHE_07518,Velachery,2024-09-11,19,0,0,0,0,0,0,0,0,0,0.0,0.121941,0,0.0,0,328,4,0,0.7096,0.0106,GREEN,43,Chennai
CLM0002185,CHE_07294,Guindy,2016-10-21,7,0,0,0,1,0,0,0,0,0,0.0,1.0,0,0.0,0,420,3,0,0.3449,0.152,GREEN,43,Chennai
CLM0002186,CHE_02229,Chromepet,2019-12-29,13,0,0,0,0,0,0,0,0,0,0.0,0.135701,0,0.0,0,363,1,1,0.195,0.0472,GREEN,69,Chennai
CLM0002187,CHE_06065,Guindy,2025-05-04,12,0,0,0,0,0,0,0,0,0,0.0,1.0,0,1.0,0,146,1,3,0.98,0.0,GREEN,33,Chennai
CLM0002188,CHE_05170,Adyar,2016-08-06,16,0,0,0,0,0,0,0,0,0,0.0,0.14611,0,0.0,0,206,2,0,0.1099,0.0082,GREEN,35,Chennai
CLM0002189,CHE_08944,Chromepet,2022-08-01,15,0,0,0,0,0,1,0,0,0,0.0,0.0,0,0.0,0,289,1,1,0.8478,0.1409,GREEN,38,Chennai
CLM0002190,CHE_04004,Perambur,2016-05-20,15,0,0,0,0,0,0,0,0,0,0.0,0.307404,0,0.0,0,340,3,4,0.98,0.0,GREEN,26,Chennai
CLM0002191,CHE_03011,Guindy,2018-01-18,9,0,0,0,1,0,0,0,0,0,0.0,0.239836,0,0.0,0,356,1,0,0.1207,0.2107,GREEN,55,Chennai
CLM0002192,CHE_09008,Perambur,2018-06-18,15,0,0,0,0,0,0,0,0,1,0.0,1.0,0,0.0,0,42,0,2,0.6689,0.0878,GREEN,49,Chennai
CLM0002193,CHE_04316,Chromepet,2025-09-21,7,0,0,0,0,0,0,0,0,0,0.0,0.222124,0,0.0,0,251,3,2,0.0826,0.0142,GREEN,35,Chennai
CLM0002194,CHE_02703,Chromepet,2019-06-03,10,0,0,0,0,0,0,0,0,1,0.0,0.412669,0,0.0,0,32,1,1,0.6166,0.1639,GREEN,48,Chennai
CLM0002195,CHE_08596,Porur,2022-12-21,18,0,0,0,0,0,0,0,0,0,0.0,0.362092,0,0.0,0,420,3,2,0.9092,0.0313,GREEN,39,Chennai
CLM0002196,CHE_03988,Adyar,2023-10-29,11,0,0,0,0,0,0,0,0,0,0.0,0.059277,0,0.0,0,402,0,4,0.544,0.0,GREEN,33,Chennai
CLM0002197,CHE_02157,Perambur,2025-02-10,10,0,0,0,0,0,0,0,0,0,0.0,0.230624,0,0.0,0,254,4,0,0.98,0.0,GREEN,33,Chennai
CLM0002198,CHE_02649,Velachery,2025-02-06,15,0,0,0,1,0,1,0,0,0,0.0,0.254138,0,0.0,0,371,3,1,0.05,0.282,GREEN,40,Chennai
CLM0002199,CHE_01969,Tambaram,2025-11-30,15,0,0,0,1,0,0,0,0,0,0.0,0.109171,0,0.0,0,147,2,1,0.5459,0.1677,GREEN,35,Chennai
CLM0002200,CHE_07277,Chromepet,2025-05-25,19,0,0,0,0,0,1,0,0,0,0.0,0.157708,0,0.0,0,420,1,4,0.0909,0.0517,GREEN,31,Chennai
CLM0002201,CHE_05038,Porur,2025-02-26,17,0,0,0,0,0,1,0,0,0,0.0,0.373449,0,1.0,0,286,1,2,0.7459,0.2466,GREEN,52,Chennai
CLM0002202,CHE_02882,Chromepet,2023-09-13,11,0,0,0,0,0,1,0,0,0,1.0,0.950435,0,1.0,0,168,3,3,0.7158,0.1037,GREEN,40,Chennai
CLM0002203,CHE_09242,Chromepet,2024-05-27,17,0,0,0,0,0,0,0,0,0,0.0,1.0,0,0.0,0,16,2,4,0.05,0.0,GREEN,32,Chennai
CLM0002204,CHE_03133,T Nagar,2019-05-01,19,0,0,0,0,0,0,0,0,0,0.0,0.405568,0,0.0,0,420,2,0,0.6699,0.0,GREEN,40,Chennai
CLM0002205,CHE_02975,Adyar,2019-08-10,9,0,0,0,0,1,1,1,1,0,0.0,0.33767,1,0.0,0,171,0,0,0.96,0.3864,YELLOW,18,Chennai
CLM0002206,CHE_05532,Velachery,2022-01-16,15,0,0,0,0,0,0,0,1,1,0.0,0.347347,0,0.0,0,118,4,2,0.584,0.3619,YELLOW,38,Chennai
CLM0002207,CHE_06105,Tambaram,2023-10-24,13,0,0,0,0,0,0,0,0,0,0.0,0.348737,0,0.0,1,365,4,0,0.7294,0.0,GREEN,55,Chennai
CLM0002208,CHE_05986,Guindy,2021-06-19,13,0,0,0,0,0,0,0,0,0,0.0,0.427587,0,0.0,0,79,3,2,0.5986,0.0,GREEN,33,Chennai
CLM0002209,CHE_08641,Porur,2024-12-23,19,0,0,0,0,0,0,0,0,0,0.0,0.994681,0,0.0,0,115,2,1,0.7406,0.0,GREEN,44,Chennai
CLM0002210,CHE_03699,Chromepet,2020-08-04,19,0,0,0,0,1,0,0,0,0,0.0,0.919477,0,0.0,1,266,3,2,0.4511,0.2686,GREEN,40,Chennai
CLM0002211,CHE_05990,Porur,2023-07-23,8,0,0,0,0,1,0,0,1,0,0.0,1.0,0,0.0,0,24,0,0,0.5107,0.1152,GREEN,34,Chennai
CLM0002212,CHE_00409,Velachery,2020-01-28,18,0,0,0,0,0,0,1,1,0,0.0,0.029053,0,0.0,0,186,1,0,0.6404,0.1597,GREEN,25,Chennai
CLM0002213,CHE_04055,Adyar,2025-01-10,20,0,0,0,0,0,0,0,0,0,0.0,1.0,0,0.0,0,342,4,0,0.98,0.0,GREEN,21,Chennai
CLM0002214,CHE_09103,Perambur,2021-03-07,7,0,0,0,0,0,1,0,0,0,0.0,0.267073,0,0.0,0,177,1,0,0.1348,0.186,GREEN,35,Chennai
CLM0002215,CHE_05317,Porur,2018-04-08,20,0,0,0,0,0,0,1,0,0,0.0,0.202956,0,0.0,0,64,2,6,0.5735,0.0262,GREEN,32,Chennai
CLM0002216,CHE_00583,Anna Nagar,2018-09-28,16,0,0,0,0,0,0,0,0,0,0.0,0.085606,0,0.0,0,274,4,6,0.7387,0.0653,GREEN,41,Chennai
CLM0002217,CHE_09114,T Nagar,2025-12-07,17,0,0,0,0,0,0,0,0,0,0.0,0.26041,0,0.0,0,219,2,4,0.4758,0.0667,GREEN,58,Chennai
CLM0002218,CHE_02281,T Nagar,2025-01-23,14,0,1,1,0,0,0,0,0,0,0.0,0.120746,0,0.0,0,168,1,1,0.9384,0.0,GREEN,44,Chennai
CLM0002219,CHE_08442,Anna Nagar,2021-04-11,8,0,0,0,0,0,0,0,0,0,0.0,1.0,0,0.0,0,420,1,6,0.05,0.0,GREEN,41,Chennai
CLM0002220,CHE_06471,Adyar,2024-11-06,16,0,0,0,0,0,1,0,0,0,0.0,0.201211,0,0.0,0,142,2,0,0.98,0.135,GREEN,28,Chennai
CLM0002221,CHE_06024,Tambaram,2025-03-23,21,0,0,0,0,0,1,0,0,0,0.0,0.254444,0,0.0,0,420,1,2,0.4315,0.1702,GREEN,46,Chennai
CLM0002222,CHE_07877,Perambur,2025-01-14,15,0,0,0,0,0,0,0,0,0,0.0,1.0,0,0.0,0,5,2,0,0.6047,0.0305,GREEN,41,Chennai
CLM0002223,CHE_09853,Tambaram,2024-11-02,21,0,0,0,0,0,0,0,0,0,0.0,0.195294,0,0.0,0,371,0,0,0.9067,0.0,GREEN,49,Chennai
CLM0002224,CHE_04634,Anna Nagar,2025-05-06,14,0,0,0,0,0,0,0,0,0,0.0,1.0,1,0.0,0,203,4,4,0.05,0.1247,GREEN,40,Chennai
CLM0002225,CHE_05293,Guindy,2023-06-28,20,0,0,0,0,0,0,0,0,0,0.0,0.381976,0,0.0,0,385,2,4,0.8619,0.1262,GREEN,48,Chennai
CLM0002226,CHE_00565,Tambaram,2025-03-27,15,0,0,0,0,0,1,0,0,0,0.0,0.241504,0,0.0,0,198,1,3,0.8245,0.096,GREEN,38,Chennai
CLM0002227,CHE_07593,Porur,2024-11-12,13,0,0,0,1,1,1,1,1,1,1.0,0.059223,0,1.0,0,5,4,18,0.98,0.0622,GREEN,38,Chennai
CLM0002228,CHE_05124,Sholinganallur,2024-07-27,16,0,1,1,0,1,0,0,0,0,0.0,0.100415,0,0.0,0,135,3,4,0.6223,0.0441,GREEN,48,Chennai
CLM0002229,CHE_05297,Adyar,2024-01-27,18,0,0,0,0,0,1,0,0,0,0.0,0.0,0,0.0,0,420,2,1,0.8165,0.1046,GREEN,33,Chennai
CLM0002230,CHE_04863,Tambaram,2020-07-02,10,0,0,0,0,0,1,0,0,0,0.0,0.331248,0,0.0,0,420,4,1,0.747,0.0125,GREEN,55,Chennai
CLM0002231,CHE_06643,Velachery,2020-05-25,8,0,0,0,0,0,0,0,0,0,0.0,0.338098,0,0.0,0,351,2,0,0.6691,0.0996,GREEN,39,Chennai
CLM0002232,CHE_03438,Sholinganallur,2021-08-28,20,0,0,0,0,0,0,0,0,0,0.0,0.387642,0,0.0,0,197,2,0,0.9437,0.0077,GREEN,42,Chennai
CLM0002233,CHE_04583,Anna Nagar,2021-01-10,12,0,0,0,0,0,0,0,0,0,0.0,0.270231,0,0.0,0,420,4,2,0.6444,0.0114,GREEN,46,Chennai
CLM0002234,CHE_09277,Anna Nagar,2021-12-16,11,0,0,0,0,0,0,0,0,0,0.0,0.200692,0,0.0,1,156,1,2,0.6111,0.0988,GREEN,41,Chennai
CLM0002235,CHE_00564,Anna Nagar,2023-09-24,8,0,0,0,0,0,0,0,1,0,0.0,0.081661,0,0.0,0,119,3,1,0.6554,0.0823,GREEN,31,Chennai
CLM0002236,CHE_04484,Adyar,2024-05-11,8,0,0,0,1,0,0,0,0,0,0.0,0.92857,0,0.0,0,420,4,2,0.5087,0.0972,GREEN,32,Chennai
CLM0002237,CHE_07833,Perambur,2025-12-16,14,0,0,0,0,0,0,0,0,0,0.0,0.34953,0,0.0,0,420,1,6,0.6035,0.0,GREEN,45,Chennai
CLM0002238,CHE_07724,Adyar,2020-07-27,15,0,0,0,0,0,0,0,0,0,0.0,0.480142,0,0.0,0,41,3,0,0.7265,0.0,GREEN,49,Chennai
CLM0002239,CHE_05502,Chromepet,2024-01-09,8,0,0,0,0,0,0,0,0,0,0.0,0.0,0,0.0,0,80,0,0,0.5032,0.0,GREEN,49,Chennai
CLM0002240,CHE_03114,Velachery,2024-02-19,12,0,0,0,0,0,0,0,0,0,0.0,0.215821,0,0.0,0,47,4,0,0.8868,0.0,GREEN,42,Chennai
CLM0002241,CHE_07730,Velachery,2021-02-19,15,0,0,0,1,0,0,1,1,1,1.0,1.0,1,1.0,1,14,1,18,0.1637,0.0,GREEN,36,Chennai
CLM0002242,CHE_02550,Anna Nagar,2023-03-07,12,0,0,0,0,0,0,0,0,0,0.0,0.326218,0,1.0,0,313,1,3,0.2953,0.1192,GREEN,38,Chennai
CLM0002243,CHE_02847,Tambaram,2025-06-24,21,0,1,1,0,0,0,0,0,0,0.0,0.16313,0,0.0,0,221,0,3,0.47,0.0,GREEN,43,Chennai
CLM0002244,CHE_07892,Tambaram,2023-08-13,21,0,0,0,0,0,0,0,0,0,0.0,0.160101,0,0.0,0,420,0,0,0.8408,0.0,GREEN,41,Chennai
CLM0002245,CHE_06456,Anna Nagar,2024-08-28,14,0,0,0,0,0,0,0,0,0,0.0,0.007821,0,0.0,0,420,3,2,0.5694,0.0214,GREEN,21,Chennai
CLM0002246,CHE_09861,Porur,2023-11-18,14,0,0,0,0,0,0,0,0,0,0.0,0.288924,0,0.0,0,335,2,6,0.9453,0.0,GREEN,47,Chennai
CLM0002247,CHE_00125,Tambaram,2022-10-09,21,0,0,0,0,0,0,0,0,1,0.0,0.426553,0,1.0,0,420,0,0,0.5718,0.0689,GREEN,45,Chennai
CLM0002248,CHE_02840,Velachery,2020-02-05,12,0,0,0,0,0,0,1,0,0,0.0,0.0,1,0.0,1,287,4,2,0.9266,0.2783,GREEN,34,Chennai
CLM0002249,CHE_07747,Tambaram,2023-01-12,18,0,0,0,0,0,1,1,1,1,0.0,0.560652,0,1.0,0,5,4,18,0.05,0.0,GREEN,45,Chennai
CLM0002250,CHE_07534,Porur,2025-03-08,13,0,0,0,1,1,1,1,0,1,0.0,0.104479,1,0.0,1,15,2,18,0.7465,0.0719,GREEN,30,Chennai
CLM0002251,CHE_01604,Guindy,2021-12-27,18,0,0,0,1,0,0,0,0,0,0.0,0.291537,0,0.0,0,48,0,0,0.2434,0.1125,GREEN,43,Chennai
CLM0002252,CHE_05537,Adyar,2022-10-23,13,0,0,0,0,0,0,0,0,0,1.0,0.198899,0,0.0,0,420,3,0,0.5805,0.0,GREEN,51,Chennai
CLM0002253,CHE_05832,Anna Nagar,2022-11-04,14,0,0,0,0,0,1,0,0,0,0.0,0.042475,0,0.0,0,389,4,2,0.4822,0.1339,GREEN,38,Chennai
CLM0002254,CHE_00260,Porur,2020-06-18,18,0,0,0,0,0,0,0,0,0,0.0,0.954636,0,0.0,0,404,0,3,0.5053,0.0,GREEN,18,Chennai
CLM0002255,CHE_08244,T Nagar,2021-06-04,13,0,0,0,0,0,0,0,0,0,0.0,0.330388,0,0.0,0,349,4,2,0.523,0.0583,GREEN,47,Chennai
CLM0002256,CHE_04340,Porur,2022-11-27,7,0,0,0,0,0,0,0,0,0,0.0,0.946503,0,0.0,0,385,3,8,0.4612,0.0,GREEN,25,Chennai
CLM0002257,CHE_00758,Guindy,2020-04-21,11,0,0,0,0,0,1,0,1,0,0.0,0.215015,0,0.0,0,65,3,1,0.848,0.1635,GREEN,49,Chennai
CLM0002258,CHE_03565,T Nagar,2024-06-30,20,0,0,0,0,0,1,0,0,0,0.0,0.407702,0,0.0,0,106,0,6,0.8291,0.2418,GREEN,40,Chennai
CLM0002259,CHE_05572,Sholinganallur,2020-08-28,21,0,0,0,0,0,0,0,0,0,0.0,0.259057,0,0.0,0,294,2,2,0.98,0.0195,GREEN,36,Chennai
CLM0002260,CHE_04526,Perambur,2025-11-08,19,0,0,0,0,0,0,0,0,0,0.0,0.216692,0,0.0,0,420,4,2,0.7747,0.0,GREEN,33,Chennai
CLM0002261,CHE_00844,Adyar,2018-08-17,18,0,0,0,0,0,0,0,0,0,0.0,0.235704,0,0.0,0,140,0,3,0.2253,0.0718,GREEN,39,Chennai
CLM0002262,CHE_04969,Adyar,2021-05-07,13,0,0,0,0,0,0,0,0,0,0.0,0.156636,0,0.0,0,193,1,1,0.6379,0.0,GREEN,32,Chennai
CLM0002263,CHE_01479,Chromepet,2018-06-11,16,0,0,0,0,0,0,0,0,1,0.0,0.118773,0,0.0,0,420,3,3,0.7366,0.1763,GREEN,49,Chennai
CLM0002264,CHE_00193,Sholinganallur,2018-11-04,8,0,0,0,0,0,0,0,0,0,0.0,0.142388,0,0.0,0,27,3,2,0.9459,0.0303,GREEN,52,Chennai
CLM0002265,CHE_04045,Perambur,2025-05-08,19,0,0,0,0,0,0,0,0,0,0.0,0.201273,0,0.0,0,420,3,3,0.7195,0.1399,GREEN,29,Chennai
CLM0002266,CHE_04041,Guindy,2022-03-04,16,0,0,0,0,0,0,1,0,0,1.0,0.154871,0,0.0,1,420,0,4,0.8491,0.2669,GREEN,36,Chennai
CLM0002267,CHE_02183,Sholinganallur,2024-03-21,9,0,0,0,0,0,0,0,0,0,0.0,0.147788,0,1.0,0,165,4,5,0.8559,0.0028,GREEN,29,Chennai
CLM0002268,CHE_02325,T Nagar,2024-03-09,7,0,0,0,0,0,0,0,0,0,0.0,0.174738,0,0.0,0,352,4,5,0.9376,0.0,GREEN,40,Chennai
CLM0002269,CHE_04048,Chromepet,2022-09-08,21,0,0,0,0,0,0,0,1,0,0.0,0.254092,0,0.0,0,63,4,1,0.8703,0.1826,GREEN,40,Chennai
CLM0002270,CHE_06230,Perambur,2025-08-28,8,0,0,0,0,0,0,0,0,0,0.0,0.0,0,0.0,0,277,0,1,0.5722,0.0,GREEN,19,Chennai
CLM0002271,CHE_06759,Chromepet,2019-08-05,12,0,0,0,0,0,0,0,0,0,0.0,0.387261,0,0.0,0,420,0,6,0.8524,0.0,GREEN,31,Chennai
CLM0002272,CHE_07594,Sholinganallur,2020-01-27,12,0,0,0,0,0,0,0,0,0,0.0,0.244794,0,1.0,0,420,0,0,0.8582,0.0,GREEN,37,Chennai
CLM0002273,CHE_01857,Guindy,2019-08-09,16,0,0,0,0,0,0,0,0,0,0.0,0.053101,0,1.0,0,275,0,2,0.917,0.0,GREEN,44,Chennai
CLM0002274,CHE_09454,Tambaram,2023-11-16,13,0,0,0,0,0,0,0,0,0,0.0,0.161893,0,0.0,0,113,3,4,0.8286,0.0413,GREEN,38,Chennai
CLM0002275,CHE_02304,Tambaram,2021-03-28,18,0,0,0,0,0,0,0,0,1,0.0,0.948146,0,0.0,0,420,2,0,0.8565,0.1019,GREEN,40,Chennai
CLM0002276,CHE_07742,Guindy,2025-04-12,20,0,0,0,0,0,0,0,0,0,0.0,0.336653,0,0.0,0,420,4,1,0.8121,0.0144,GREEN,56,Chennai
CLM0002277,CHE_03235,Porur,2019-02-17,11,0,0,0,0,0,0,0,0,0,0.0,0.423137,0,0.0,0,356,1,0,0.5888,0.0,GREEN,40,Chennai
CLM0002278,CHE_07134,Tambaram,2024-07-10,9,0,0,0,0,0,0,0,0,0,1.0,0.920551,1,1.0,0,420,4,5,0.8423,0.0239,GREEN,28,Chennai
CLM0002279,CHE_07745,Anna Nagar,2023-12-28,17,0,0,0,0,0,0,1,0,0,0.0,0.161744,0,0.0,0,366,4,0,0.9551,0.0848,GREEN,46,Chennai
CLM0002280,CHE_03525,Chromepet,2025-09-10,16,0,0,0,0,0,0,0,1,0,0.0,0.99468,0,0.0,0,253,0,0,0.3619,0.1871,GREEN,52,Chennai
CLM0002281,CHE_02561,Porur,2025-03-28,9,0,0,0,0,0,0,0,0,0,0.0,0.209417,0,0.0,0,61,1,4,0.05,0.0,GREEN,29,Chennai
CLM0002282,CHE_02933,Anna Nagar,2025-10-21,7,0,0,0,1,0,0,1,1,0,0.0,0.976887,0,0.0,1,24,2,18,0.3394,0.0487,GREEN,39,Chennai
CLM0002283,CHE_02309,Guindy,2025-05-16,8,0,0,0,0,1,0,0,0,0,0.0,0.04809,0,0.0,0,89,2,3,0.6654,0.0981,GREEN,39,Chennai
CLM0002284,CHE_06115,Anna Nagar,2024-02-11,20,0,0,0,1,1,0,0,1,1,1.0,0.925589,0,0.0,0,16,0,18,0.1713,0.0318,GREEN,34,Chennai
CLM0002285,CHE_03090,Perambur,2024-02-16,8,0,0,0,0,0,0,0,0,0,0.0,0.310326,0,0.0,0,343,0,0,0.98,0.0,GREEN,49,Chennai
CLM0002286,CHE_01898,Tambaram,2024-09-26,17,0,0,0,0,0,0,0,0,0,0.0,0.16609,0,0.0,0,290,2,0,0.3696,0.0338,GREEN,30,Chennai
CLM0002287,CHE_06210,Sholinganallur,2025-10-31,15,0,1,1,0,0,1,1,1,0,0.0,0.999173,0,0.0,1,5,2,18,0.8508,0.3638,YELLOW,41,Chennai
CLM0002288,CHE_07420,T Nagar,2018-12-16,17,0,1,1,1,1,1,1,1,0,0.0,0.151818,0,0.0,1,5,0,18,0.8228,0.7463,RED,39,Chennai
CLM0002289,CHE_09810,T Nagar,2025-03-29,15,0,1,1,0,0,1,0,0,0,0.0,0.198304,0,0.0,0,53,1,5,0.7027,0.1757,GREEN,40,Chennai
CLM0002290,CHE_06551,Porur,2016-11-26,19,0,1,1,0,0,0,0,0,0,0.0,0.326986,0,0.0,0,166,0,2,0.8142,0.6897,RED,45,Chennai
CLM0002291,CHE_09390,Guindy,2021-12-08,8,0,1,1,1,1,1,0,0,1,1.0,1.0,0,0.0,1,9,2,18,0.051,0.8084,RED,39,Chennai
CLM0002292,CHE_04332,Chromepet,2024-06-21,11,0,1,1,1,1,0,1,1,1,0.0,0.09445,1,0.0,1,50,0,18,0.98,0.722,RED,32,Chennai
CLM0002293,CHE_01139,T Nagar,2017-07-13,10,0,1,1,1,0,1,1,1,1,0.0,0.116424,0,0.0,1,5,2,12,0.9113,0.6734,RED,55,Chennai
CLM0002294,CHE_09002,Adyar,2019-09-03,7,0,1,1,1,0,0,1,1,1,1.0,0.084512,0,1.0,1,24,0,18,0.1418,0.6397,RED,40,Chennai
CLM0002295,CHE_05240,Velachery,2022-04-07,11,0,1,1,0,1,0,0,1,0,1.0,0.044748,1,0.0,1,13,2,18,0.1609,0.5209,YELLOW,25,Chennai
CLM0002296,CHE_05889,Sholinganallur,2021-08-04,7,0,1,1,1,0,0,1,0,1,1.0,0.948401,0,0.0,0,16,1,18,0.2159,0.4097,YELLOW,30,Chennai
CLM0002297,CHE_00521,Guindy,2018-06-17,19,0,1,1,0,0,0,1,0,1,1.0,0.080083,0,0.0,0,65,0,4,0.7501,0.6614,RED,18,Chennai
CLM0002298,CHE_02905,Sholinganallur,2024-10-22,18,0,0,0,0,0,0,0,0,0,0.0,0.263089,0,0.0,0,43,1,1,0.2672,0.0803,GREEN,61,Chennai
CLM0002299,CHE_09374,Chromepet,2023-07-21,13,0,0,0,0,0,1,0,0,0,0.0,0.31618,0,0.0,0,20,4,1,0.603,0.1372,GREEN,26,Chennai
CLM0002300,CHE_07102,Tambaram,2025-02-13,17,0,0,0,0,0,0,0,0,0,0.0,0.312579,0,0.0,0,306,0,2,0.7057,0.014,GREEN,30,Chennai
CLM0002301,CHE_06148,T Nagar,2025-06-04,15,0,1,1,0,0,0,0,1,0,0.0,0.096661,0,0.0,0,161,4,2,0.98,0.0,GREEN,51,Chennai
CLM0002302,CHE_03507,Tambaram,2023-12-18,19,0,0,0,0,0,0,0,0,0,0.0,0.185707,0,0.0,0,420,3,2,0.6732,0.0,GREEN,36,Chennai
CLM0002303,CHE_08504,Anna Nagar,2021-02-05,16,0,0,0,0,0,0,0,0,0,0.0,0.296084,0,0.0,0,177,4,2,0.0538,0.0251,GREEN,45,Chennai
CLM0002304,CHE_09474,Sholinganallur,2025-12-24,9,0,0,0,0,0,0,0,0,0,1.0,0.0,0,0.0,0,420,0,2,0.7347,0.043,GREEN,31,Chennai
CLM0002305,CHE_08730,T Nagar,2022-05-31,19,0,0,0,0,0,1,0,1,0,0.0,0.3255,0,0.0,0,351,0,1,0.6334,0.1201,GREEN,19,Chennai
CLM0002306,CHE_04658,Porur,2017-12-31,9,0,0,0,0,0,0,0,0,0,0.0,0.298499,0,0.0,0,145,2,2,0.9431,0.1664,GREEN,41,Chennai
CLM0002307,CHE_05348,Perambur,2019-05-17,16,0,1,1,0,0,0,0,0,0,1.0,0.113748,0,0.0,0,192,4,0,0.5361,0.0461,GREEN,59,Chennai
CLM0002308,CHE_04082,Chromepet,2025-08-05,19,0,0,0,0,0,0,1,0,0,0.0,1.0,0,0.0,0,375,1,4,0.9076,0.0507,GREEN,33,Chennai
CLM0002309,CHE_03837,Anna Nagar,2024-07-31,17,0,0,0,0,0,1,0,0,0,0.0,0.11935,0,0.0,1,205,4,2,0.7905,0.2562,GREEN,46,Chennai
CLM0002310,CHE_02189,Perambur,2023-05-28,15,0,0,0,0,0,0,0,0,0,0.0,0.258835,0,0.0,0,203,0,6,0.8529,0.0,GREEN,53,Chennai
CLM0002311,CHE_09121,Sholinganallur,2025-08-12,13,0,0,0,0,0,0,0,0,0,0.0,1.0,0,0.0,0,145,0,0,0.545,0.0,GREEN,64,Chennai
CLM0002312,CHE_06017,Guindy,2022-10-20,13,0,0,0,0,0,1,0,0,0,0.0,0.179096,0,0.0,0,411,2,2,0.5085,0.1598,GREEN,45,Chennai
CLM0002313,CHE_01217,Porur,2023-08-21,10,0,0,0,0,0,0,0,0,0,0.0,0.346518,0,0.0,0,323,1,4,0.8589,0.0252,GREEN,40,Chennai
CLM0002314,CHE_03551,Perambur,2025-01-17,19,0,1,1,0,0,0,0,0,0,1.0,0.103859,0,0.0,0,46,1,2,0.4892,0.1387,GREEN,55,Chennai
CLM0002315,CHE_00711,Sholinganallur,2025-10-04,13,0,0,0,0,0,0,0,0,0,0.0,0.947265,0,0.0,0,266,2,5,0.1836,0.0643,GREEN,42,Chennai
CLM0002316,CHE_04398,Chromepet,2024-09-04,20,0,0,0,0,0,0,0,0,0,0.0,0.297938,0,0.0,0,273,4,2,0.98,0.0,GREEN,37,Chennai
CLM0002317,CHE_06146,Tambaram,2019-03-30,20,0,0,0,0,0,0,0,0,0,0.0,0.13285,0,0.0,0,368,2,2,0.98,0.12,GREEN,21,Chennai
CLM0002318,CHE_07909,Anna Nagar,2025-08-10,7,0,0,0,0,0,0,0,1,1,0.0,0.16858,0,0.0,0,331,2,1,0.5753,0.2329,GREEN,40,Chennai
CLM0002319,CHE_05615,Porur,2019-02-16,19,0,0,0,0,0,0,0,0,0,0.0,0.102737,0,0.0,0,420,0,0,0.9441,0.0,GREEN,44,Chennai
CLM0002320,CHE_07138,Tambaram,2022-06-12,19,0,0,0,0,0,0,0,0,0,0.0,0.275608,0,0.0,0,266,3,3,0.8964,0.0433,GREEN,37,Chennai
CLM0002321,CHE_00341,Sholinganallur,2025-05-08,17,0,0,0,0,0,0,0,0,0,0.0,0.46877,0,0.0,0,416,1,3,0.8924,0.0365,GREEN,56,Chennai
CLM0002322,CHE_03950,Anna Nagar,2019-09-07,16,0,0,0,0,0,0,0,0,0,0.0,0.125236,0,0.0,0,358,4,1,0.1319,0.0,GREEN,51,Chennai
CLM0002323,CHE_05146,T Nagar,2019-06-06,10,0,0,0,0,0,0,0,0,0,0.0,0.130225,0,0.0,0,420,2,1,0.6529,0.0313,GREEN,23,Chennai
CLM0002324,CHE_04411,Anna Nagar,2021-12-10,21,0,0,0,0,0,0,0,0,0,0.0,0.068365,0,0.0,0,420,2,1,0.242,0.0587,GREEN,42,Chennai
CLM0002325,CHE_07178,T Nagar,2017-11-18,7,0,0,0,0,0,0,1,0,0,0.0,0.103929,1,0.0,0,339,1,6,0.5234,0.0358,GREEN,29,Chennai
CLM0002326,CHE_05370,Chromepet,2022-02-02,12,0,0,0,1,0,0,0,1,0,1.0,0.280493,0,0.0,0,380,1,2,0.7646,0.0843,GREEN,57,Chennai
CLM0002327,CHE_04431,Velachery,2020-07-19,13,0,0,0,1,1,1,1,0,1,0.0,0.129711,1,0.0,1,5,0,10,0.946,0.2179,GREEN,31,Chennai
CLM0002328,CHE_05354,Perambur,2023-09-04,14,0,0,0,0,0,0,0,0,0,0.0,1.0,0,0.0,0,250,3,3,0.8366,0.0,GREEN,39,Chennai
CLM0002329,CHE_07518,Velachery,2025-02-01,17,0,0,0,0,0,0,0,0,0,0.0,0.034103,0,0.0,0,308,4,0,0.2146,0.0,GREEN,43,Chennai
CLM0002330,CHE_00983,Porur,2025-05-17,16,0,0,0,0,0,0,1,0,0,0.0,0.172106,0,0.0,0,244,0,3,0.3871,0.1202,GREEN,26,Chennai
CLM0002331,CHE_07535,Chromepet,2020-11-25,21,0,0,0,0,0,0,0,0,0,0.0,0.341693,0,0.0,0,314,1,3,0.98,0.0993,GREEN,30,Chennai
CLM0002332,CHE_02060,Perambur,2024-08-11,7,0,0,0,0,0,0,0,0,0,1.0,0.146863,0,0.0,0,398,3,1,0.7062,0.0773,GREEN,44,Chennai
CLM0002333,CHE_02923,Anna Nagar,2025-12-25,21,0,0,0,0,0,0,0,0,0,0.0,1.0,0,0.0,0,417,4,6,0.7408,0.0148,GREEN,50,Chennai
CLM0002334,CHE_05101,Porur,2022-03-22,19,0,0,0,0,0,0,0,0,0,0.0,0.214081,0,0.0,0,356,2,4,0.8124,0.0,GREEN,27,Chennai
CLM0002335,CHE_04255,Guindy,2024-03-04,17,0,0,0,0,1,0,0,0,0,1.0,0.00374,0,0.0,0,366,2,0,0.9227,0.2027,GREEN,40,Chennai
CLM0002336,CHE_09057,Tambaram,2022-04-18,18,0,0,0,0,0,0,0,0,0,0.0,0.361054,0,0.0,0,419,3,0,0.7547,0.0287,GREEN,50,Chennai
CLM0002337,CHE_04950,Guindy,2025-09-19,14,0,0,0,0,0,0,0,0,0,0.0,0.256186,0,0.0,0,294,1,2,0.1851,0.0,GREEN,45,Chennai
CLM0002338,CHE_08076,Tambaram,2025-03-24,17,0,0,0,0,0,0,0,0,0,1.0,1.0,0,1.0,0,420,1,6,0.98,0.0299,GREEN,50,Chennai
CLM0002339,CHE_09994,Anna Nagar,2025-04-26,15,0,0,0,0,0,1,0,0,0,0.0,0.028495,0,0.0,0,256,0,3,0.6351,0.0673,GREEN,55,Chennai
CLM0002340,CHE_09662,Porur,2022-05-21,10,0,0,0,0,0,0,1,0,0,0.0,0.157088,0,0.0,0,403,1,0,0.7441,0.0449,GREEN,41,Chennai
CLM0002341,CHE_00513,Tambaram,2025-07-31,13,0,0,0,0,0,0,0,0,0,0.0,0.904461,0,0.0,0,95,0,1,0.6171,0.0,GREEN,35,Chennai
CLM0002342,CHE_06104,Adyar,2022-10-16,20,0,0,0,0,0,0,0,0,0,0.0,0.212486,0,0.0,0,233,3,0,0.98,0.0941,GREEN,24,Chennai
CLM0002343,CHE_00324,Velachery,2022-05-18,15,0,0,0,0,0,0,0,0,0,0.0,0.075016,0,0.0,0,76,2,4,0.7053,0.0,GREEN,34,Chennai
CLM0002344,CHE_05174,Guindy,2025-08-22,15,0,0,0,0,0,0,0,0,0,0.0,0.115135,0,1.0,0,326,4,5,0.8869,0.0,GREEN,50,Chennai
CLM0002345,CHE_07590,Porur,2020-03-15,17,0,0,0,0,0,0,0,0,0,0.0,0.0,0,0.0,0,312,3,3,0.7843,0.0,GREEN,40,Chennai
CLM0002346,CHE_09622,Porur,2025-02-27,17,0,0,0,0,0,0,0,0,0,0.0,0.199799,0,0.0,0,36,2,5,0.7322,0.0018,GREEN,33,Chennai
CLM0002347,CHE_02614,Porur,2021-10-02,14,0,0,0,0,0,0,0,0,0,0.0,0.290922,0,0.0,0,44,1,2,0.9439,0.0,GREEN,48,Chennai
CLM0002348,CHE_06364,Chromepet,2025-03-25,7,0,0,0,0,0,0,0,0,0,0.0,0.248029,0,0.0,0,5,0,3,0.1202,0.0,GREEN,41,Chennai
CLM0002349,CHE_03434,Guindy,2020-07-10,7,0,0,0,1,0,0,0,0,0,0.0,0.956148,0,0.0,0,64,0,1,0.7707,0.0983,GREEN,50,Chennai
CLM0002350,CHE_02325,T Nagar,2023-02-11,9,0,0,0,1,0,0,0,0,0,0.0,0.414612,0,0.0,0,231,0,4,0.8794,0.0885,GREEN,40,Chennai
CLM0002351,CHE_08892,Perambur,2021-08-25,9,0,0,0,0,0,0,1,0,0,0.0,0.201918,0,0.0,0,127,4,4,0.2141,0.0177,GREEN,46,Chennai
CLM0002352,CHE_01528,Anna Nagar,2021-03-09,19,0,0,0,0,0,0,0,0,0,0.0,0.130607,0,0.0,0,21,4,3,0.7236,0.0019,GREEN,43,Chennai
CLM0002353,CHE_07887,Guindy,2023-05-09,12,0,0,0,0,0,0,0,1,0,0.0,1.0,0,0.0,0,401,0,3,0.7212,0.1628,GREEN,37,Chennai
CLM0002354,CHE_07299,Perambur,2025-02-27,16,0,0,0,0,0,1,0,0,0,0.0,0.12206,0,0.0,0,420,3,4,0.05,0.1687,GREEN,41,Chennai
CLM0002355,CHE_07132,Tambaram,2023-05-26,7,0,0,0,0,0,1,0,0,1,0.0,0.086921,0,0.0,0,59,2,2,0.939,0.1834,GREEN,42,Chennai
CLM0002356,CHE_06066,Chromepet,2022-06-10,8,0,0,0,0,0,0,0,0,0,0.0,0.159153,0,0.0,0,35,2,2,0.8743,0.0,GREEN,43,Chennai
CLM0002357,CHE_05657,Tambaram,2023-09-19,19,0,0,0,0,0,0,0,0,0,0.0,0.941619,0,0.0,0,420,1,1,0.6532,0.0237,GREEN,31,Chennai
CLM0002358,CHE_09227,T Nagar,2024-04-17,14,0,0,0,1,0,0,0,0,0,0.0,0.045691,0,0.0,0,44,4,7,0.7807,0.1418,GREEN,18,Chennai
CLM0002359,CHE_01317,T Nagar,2024-09-28,8,0,1,1,0,0,0,0,0,0,0.0,0.11642,0,0.0,0,309,0,2,0.4849,0.0863,GREEN,52,Chennai
CLM0002360,CHE_07816,Tambaram,2025-05-23,18,0,0,0,0,1,0,0,1,0,0.0,0.188027,0,0.0,0,265,2,3,0.5201,0.1801,GREEN,46,Chennai
CLM0002361,CHE_08621,Adyar,2020-06-28,21,0,0,0,0,0,0,0,0,0,1.0,1.0,0,1.0,0,225,4,0,0.98,0.0,GREEN,32,Chennai
CLM0002362,CHE_01755,Sholinganallur,2025-04-09,17,0,0,0,0,0,1,0,0,0,0.0,0.129328,0,0.0,0,5,3,0,0.9517,0.1099,GREEN,48,Chennai
CLM0002363,CHE_09688,Perambur,2025-02-26,9,0,0,0,0,0,0,0,0,0,0.0,0.208794,0,0.0,0,137,3,5,0.7105,0.0,GREEN,44,Chennai
CLM0002364,CHE_04597,Tambaram,2023-08-10,10,0,0,0,0,0,0,0,1,0,0.0,0.477817,0,0.0,0,344,1,0,0.7375,0.0911,GREEN,27,Chennai
CLM0002365,CHE_01699,Guindy,2024-03-17,9,0,0,0,0,0,1,1,1,0,0.0,0.963356,1,0.0,1,12,3,18,0.4195,0.1526,GREEN,46,Chennai
CLM0002366,CHE_00163,Perambur,2022-08-25,13,0,1,1,0,0,0,0,0,0,0.0,0.236071,0,0.0,0,420,2,3,0.1163,0.0,GREEN,34,Chennai
CLM0002367,CHE_01306,Sholinganallur,2024-10-11,7,0,0,0,0,0,0,0,0,0,0.0,1.0,0,0.0,0,305,1,0,0.98,0.0,GREEN,50,Chennai
CLM0002368,CHE_00005,Perambur,2025-10-14,18,0,0,0,0,1,0,0,0,0,0.0,0.94317,1,0.0,0,330,4,3,0.7049,0.1721,GREEN,41,Chennai
CLM0002369,CHE_07733,Chromepet,2025-01-06,7,0,0,0,0,0,0,0,0,0,0.0,0.111541,0,0.0,0,203,4,0,0.8132,0.0752,GREEN,42,Chennai
CLM0002370,CHE_04529,Perambur,2024-03-04,13,0,0,0,0,0,0,0,0,0,0.0,0.016468,0,0.0,0,234,1,2,0.8004,0.0,GREEN,48,Chennai
CLM0002371,CHE_00632,Guindy,2022-12-13,12,0,0,0,0,0,0,0,0,0,0.0,0.043756,0,0.0,0,293,1,0,0.5722,0.1094,GREEN,47,Chennai
CLM0002372,CHE_01175,Adyar,2025-03-06,18,0,0,0,0,0,0,0,0,0,0.0,0.366268,0,0.0,0,420,2,5,0.5702,0.028,GREEN,50,Chennai
CLM0002373,CHE_04813,Porur,2025-09-21,8,0,0,0,0,0,1,0,0,0,0.0,1.0,0,0.0,0,420,4,0,0.2045,0.0864,GREEN,52,Chennai
CLM0002374,CHE_09001,Perambur,2025-02-11,16,0,0,0,0,0,0,0,0,1,0.0,0.551654,0,0.0,0,412,2,3,0.98,0.0724,GREEN,42,Chennai
CLM0002375,CHE_03705,Velachery,2025-08-14,10,0,0,0,1,0,1,0,0,0,0.0,0.383449,1,0.0,0,281,2,0,0.98,0.2487,GREEN,33,Chennai
CLM0002376,CHE_06637,Adyar,2024-08-23,11,0,0,0,0,1,0,0,0,0,1.0,0.234709,0,0.0,0,394,1,1,0.7146,0.1819,GREEN,40,Chennai
CLM0002377,CHE_03500,Perambur,2025-10-26,21,0,0,0,0,0,0,0,0,0,0.0,0.932379,0,0.0,0,367,1,6,0.8405,0.0,GREEN,37,Chennai
CLM0002378,CHE_06369,Adyar,2025-12-26,11,0,0,0,0,1,0,1,1,1,1.0,0.975837,0,0.0,1,28,0,18,0.3351,0.0,GREEN,48,Chennai
CLM0002379,CHE_02402,Porur,2025-03-16,11,0,0,0,0,0,0,0,0,1,1.0,1.0,0,1.0,0,403,4,1,0.7145,0.1302,GREEN,30,Chennai
CLM0002380,CHE_07212,Adyar,2025-11-04,15,0,0,0,0,0,0,1,0,0,0.0,0.422759,0,0.0,0,125,4,0,0.2972,0.0,GREEN,43,Chennai
CLM0002381,CHE_09640,Porur,2025-04-23,15,0,0,0,0,0,0,0,0,0,0.0,0.055604,0,0.0,0,389,0,3,0.6822,0.0745,GREEN,46,Chennai
CLM0002382,CHE_05589,Tambaram,2022-10-11,15,0,0,0,0,0,1,0,0,0,1.0,0.107595,0,1.0,0,359,3,2,0.5683,0.1566,GREEN,44,Chennai
CLM0002383,CHE_05476,Porur,2025-04-02,15,0,0,0,0,0,0,0,0,0,1.0,0.255337,0,1.0,0,263,3,2,0.4972,0.0568,GREEN,18,Chennai
CLM0002384,CHE_06178,Porur,2023-02-03,7,0,0,0,0,0,0,0,0,0,1.0,0.916255,0,1.0,0,53,4,1,0.6379,0.0295,GREEN,36,Chennai
CLM0002385,CHE_00920,Sholinganallur,2025-01-06,18,0,0,0,0,0,0,0,0,0,0.0,0.055305,0,0.0,1,38,4,4,0.98,0.1543,GREEN,42,Chennai
CLM0002386,CHE_08226,T Nagar,2023-12-22,13,0,0,0,0,0,0,0,0,0,1.0,0.249675,0,0.0,0,251,1,2,0.5655,0.1499,GREEN,35,Chennai
CLM0002387,CHE_01855,Anna Nagar,2022-10-24,18,0,0,0,0,0,0,0,0,0,1.0,0.208512,0,0.0,0,49,3,2,0.6257,0.0474,GREEN,43,Chennai
CLM0002388,CHE_00516,Anna Nagar,2024-11-03,8,0,0,0,0,0,0,1,0,0,0.0,0.211854,0,0.0,1,30,4,2,0.9089,0.1202,GREEN,27,Chennai
CLM0002389,CHE_09146,Anna Nagar,2022-07-09,15,0,0,0,0,0,1,0,0,0,1.0,0.22772,0,0.0,0,231,2,1,0.7357,0.0887,GREEN,51,Chennai
CLM0002390,CHE_03467,Porur,2019-10-02,10,0,0,0,0,0,0,0,0,0,0.0,0.238025,0,0.0,0,233,2,2,0.6491,0.0,GREEN,34,Chennai
CLM0002391,CHE_02098,Tambaram,2024-09-20,16,0,0,0,0,0,0,1,0,0,0.0,0.263248,0,0.0,0,98,2,1,0.565,0.0826,GREEN,19,Chennai
CLM0002392,CHE_03509,Adyar,2018-10-31,19,0,0,0,0,0,0,0,0,0,0.0,0.143978,0,0.0,0,177,3,3,0.1653,0.0448,GREEN,50,Chennai
CLM0002393,CHE_04078,Sholinganallur,2019-03-18,16,0,0,0,0,0,1,0,0,0,0.0,0.022374,0,0.0,0,82,3,2,0.82,0.1706,GREEN,37,Chennai
CLM0002394,CHE_03540,Tambaram,2019-02-09,21,0,0,0,0,0,1,1,0,0,0.0,0.149138,0,0.0,0,172,2,1,0.9385,0.1628,GREEN,38,Chennai
CLM0002395,CHE_04474,Anna Nagar,2022-10-28,20,0,0,0,0,0,1,0,0,0,0.0,0.0,0,0.0,0,170,1,3,0.6134,0.1147,GREEN,41,Chennai
CLM0002396,CHE_09254,Tambaram,2025-10-09,11,0,0,0,0,0,0,0,0,0,0.0,0.038278,0,0.0,0,49,0,0,0.151,0.0,GREEN,18,Chennai
CLM0002397,CHE_09303,Porur,2022-04-23,8,0,0,0,0,0,0,0,0,0,0.0,0.091936,0,0.0,0,99,0,2,0.8652,0.1254,GREEN,62,Chennai
CLM0002398,CHE_05040,Chromepet,2021-02-26,17,0,0,0,0,0,1,0,0,0,0.0,0.326803,0,0.0,0,221,4,0,0.8522,0.0071,GREEN,48,Chennai
CLM0002399,CHE_08211,Sholinganallur,2019-10-14,13,0,0,0,0,0,0,0,0,0,0.0,0.452736,0,0.0,0,238,4,3,0.7156,0.0,GREEN,34,Chennai
CLM0002400,CHE_08512,Adyar,2025-04-16,8,0,0,0,0,0,0,0,0,0,0.0,0.22536,0,0.0,0,388,4,2,0.8596,0.0501,GREEN,32,Chennai
CLM0002401,CHE_02467,Guindy,2024-08-26,7,0,0,0,0,1,0,1,0,0,0.0,0.220908,0,0.0,0,400,1,2,0.1264,0.1609,GREEN,33,Chennai
CLM0002402,CHE_02271,Guindy,2024-02-01,20,0,0,0,0,0,0,0,0,0,0.0,0.43207,0,0.0,0,384,2,1,0.5445,0.0,GREEN,54,Chennai
CLM0002403,CHE_05337,T Nagar,2025-08-31,21,0,0,0,1,1,0,1,1,1,1.0,1.0,0,1.0,0,14,0,17,0.2706,0.0015,GREEN,22,Chennai
CLM0002404,CHE_00828,Tambaram,2021-01-08,20,0,0,0,0,0,1,0,0,0,1.0,0.114349,0,0.0,0,388,4,3,0.8541,0.1501,GREEN,53,Chennai
CLM0002405,CHE_07330,Chromepet,2024-12-30,9,0,1,1,0,0,0,0,0,0,0.0,0.060461,0,0.0,0,96,4,4,0.8865,0.0,GREEN,38,Chennai
CLM0002406,CHE_03133,T Nagar,2020-05-26,11,0,0,0,0,0,0,0,0,0,0.0,1.0,0,0.0,0,327,3,1,0.5899,0.0,GREEN,40,Chennai
CLM0002407,CHE_09559,T Nagar,2020-01-25,19,0,0,0,0,0,1,0,0,0,0.0,0.380427,0,0.0,0,302,3,4,0.2387,0.0907,GREEN,18,Chennai
CLM0002408,CHE_05814,Velachery,2022-04-26,8,0,0,0,0,0,1,0,0,0,1.0,0.095505,0,0.0,0,189,4,0,0.3242,0.0996,GREEN,43,Chennai
CLM0002409,CHE_01838,Guindy,2025-10-20,10,0,0,0,0,0,0,0,1,0,1.0,0.087058,1,0.0,0,362,2,2,0.6853,0.2601,GREEN,43,Chennai
CLM0002410,CHE_07798,Anna Nagar,2024-02-16,16,0,0,0,0,0,0,0,0,0,0.0,0.147828,0,0.0,0,420,0,2,0.05,0.0,GREEN,50,Chennai
CLM0002411,CHE_09190,Chromepet,2020-04-04,10,0,0,0,1,1,0,0,0,0,0.0,0.178134,0,0.0,1,420,3,4,0.3858,0.2574,GREEN,40,Chennai
CLM0002412,CHE_08409,Adyar,2022-06-30,11,0,0,0,0,0,0,0,0,0,0.0,0.215129,0,0.0,0,360,1,3,0.9107,0.0337,GREEN,40,Chennai
CLM0002413,CHE_04238,Anna Nagar,2023-04-13,18,0,0,0,0,0,0,0,0,0,1.0,1.0,0,1.0,0,141,1,0,0.9049,0.0,GREEN,31,Chennai
CLM0002414,CHE_09350,Sholinganallur,2021-12-24,13,0,1,1,0,0,0,1,1,1,1.0,0.438553,1,0.0,1,5,0,18,0.05,0.6091,YELLOW,33,Chennai
CLM0002415,CHE_03200,Chromepet,2021-02-02,21,0,1,1,1,0,1,1,1,1,1.0,0.225826,1,0.0,1,9,0,18,0.1906,0.7652,RED,40,Chennai
CLM0002416,CHE_05819,Guindy,2020-10-13,12,0,1,1,1,0,0,1,1,1,1.0,0.364524,1,1.0,1,5,1,18,0.1199,0.6775,RED,32,Chennai
CLM0002417,CHE_03817,Perambur,2022-07-07,20,0,1,1,1,1,0,1,1,1,1.0,1.0,1,0.0,1,12,0,18,0.6899,0.8228,RED,39,Chennai
CLM0002418,CHE_07853,Chromepet,2024-09-30,7,0,1,1,1,1,1,1,1,0,0.0,0.984904,0,1.0,1,5,0,18,0.2665,0.8345,RED,35,Chennai
CLM0002419,CHE_00436,Anna Nagar,2022-02-20,20,0,1,1,1,1,1,1,1,1,1.0,1.0,1,1.0,0,18,1,18,0.1733,0.8878,RED,26,Chennai
CLM0002420,CHE_09911,Velachery,2020-11-08,20,0,1,1,1,1,1,1,1,1,0.0,0.122124,0,0.0,1,5,0,18,0.9586,0.8074,RED,18,Chennai
CLM0002421,CHE_05234,Anna Nagar,2020-04-06,9,0,1,1,0,1,0,1,0,1,1.0,1.0,0,0.0,0,13,0,18,0.4147,0.3828,YELLOW,48,Chennai
CLM0002422,CHE_08229,Guindy,2020-09-07,11,0,1,1,1,1,1,1,0,0,0.0,0.01098,1,0.0,0,5,0,10,0.9652,0.6514,RED,42,Chennai
CLM0002423,CHE_04285,Anna Nagar,2023-09-13,21,0,0,0,0,0,0,0,0,0,0.0,0.060834,0,0.0,0,28,2,3,0.98,0.0994,GREEN,48,Chennai
CLM0002424,CHE_05576,Porur,2024-05-20,18,0,0,0,0,0,0,0,0,0,1.0,0.986966,0,1.0,0,108,2,3,0.7895,0.0255,GREEN,42,Chennai
CLM0002425,CHE_00129,Porur,2025-09-25,9,0,0,0,0,0,0,0,0,0,0.0,0.109415,1,0.0,0,169,3,3,0.822,0.0699,GREEN,48,Chennai
CLM0002426,CHE_00271,Chromepet,2025-12-10,20,0,0,0,0,1,1,0,0,0,1.0,1.0,0,0.0,0,400,2,0,0.0857,0.2616,GREEN,23,Chennai
CLM0002427,CHE_02321,Adyar,2025-12-11,16,0,0,0,1,0,0,0,1,0,0.0,0.153961,0,0.0,0,401,1,2,0.8237,0.2593,GREEN,30,Chennai
CLM0002428,CHE_01623,Velachery,2025-03-23,13,0,0,0,0,0,0,0,1,0,1.0,0.067838,0,0.0,0,127,3,0,0.6774,0.209,GREEN,27,Chennai
CLM0002429,CHE_00505,Chromepet,2025-02-27,10,0,0,0,1,0,0,0,0,0,0.0,0.440612,0,0.0,0,420,2,4,0.4744,0.1284,GREEN,41,Chennai
CLM0002430,CHE_03947,Adyar,2024-11-14,9,0,0,0,0,0,0,0,0,0,0.0,0.444573,0,0.0,0,363,1,0,0.7924,0.0144,GREEN,50,Chennai
CLM0002431,CHE_09053,Adyar,2024-09-01,13,0,1,1,0,0,0,0,0,0,0.0,0.29761,0,0.0,0,93,1,1,0.8446,0.0364,GREEN,43,Chennai
CLM0002432,CHE_06642,Adyar,2025-07-09,18,0,0,0,1,1,0,0,1,0,0.0,1.0,0,1.0,0,5,2,18,0.0948,0.0507,GREEN,40,Chennai
CLM0002433,CHE_07924,Anna Nagar,2025-03-01,14,0,0,0,0,0,0,0,0,0,0.0,0.224255,0,0.0,0,369,3,8,0.3727,0.035,GREEN,47,Chennai
CLM0002434,CHE_05694,Chromepet,2024-06-22,8,0,0,0,0,0,0,0,0,0,0.0,0.132284,0,0.0,0,261,0,1,0.965,0.0,GREEN,35,Chennai
CLM0002435,CHE_04871,Anna Nagar,2025-03-26,11,0,0,0,0,0,0,0,0,0,1.0,0.024461,0,0.0,1,402,4,3,0.5221,0.184,GREEN,49,Chennai
CLM0002436,CHE_01199,Tambaram,2024-09-21,16,0,0,0,0,0,0,0,0,0,0.0,0.440844,0,0.0,0,285,1,0,0.709,0.0,GREEN,29,Chennai
CLM0002437,CHE_08839,Sholinganallur,2025-12-02,16,0,0,0,0,0,0,0,0,0,0.0,0.376974,0,0.0,0,383,4,0,0.98,0.0,GREEN,46,Chennai
CLM0002438,CHE_08623,Tambaram,2017-05-10,14,0,0,0,0,0,0,0,1,0,0.0,0.367851,0,0.0,0,101,3,0,0.7438,0.0629,GREEN,35,Chennai
CLM0002439,CHE_06193,Chromepet,2016-08-27,9,0,0,0,1,1,0,0,0,0,0.0,0.16166,0,0.0,0,420,2,4,0.3451,0.2004,GREEN,38,Chennai
CLM0002440,CHE_06970,Sholinganallur,2021-03-05,9,0,0,0,0,0,0,0,0,0,0.0,0.257997,0,0.0,0,243,2,0,0.6169,0.0,GREEN,54,Chennai
CLM0002441,CHE_09754,Chromepet,2025-04-22,20,0,0,0,0,0,0,0,0,0,0.0,0.058417,0,0.0,0,396,2,0,0.9071,0.0,GREEN,45,Chennai
CLM0002442,CHE_05682,T Nagar,2018-04-21,19,0,0,0,0,0,0,0,0,0,0.0,0.035653,0,0.0,0,270,0,1,0.4468,0.0,GREEN,27,Chennai
CLM0002443,CHE_08770,Tambaram,2025-03-17,13,0,0,0,0,0,1,0,0,0,0.0,0.307726,0,0.0,0,419,4,3,0.6137,0.0741,GREEN,42,Chennai
CLM0002444,CHE_02382,Perambur,2025-01-08,9,0,0,0,0,0,0,0,1,0,0.0,0.28886,0,0.0,0,420,3,1,0.7718,0.0504,GREEN,32,Chennai
CLM0002445,CHE_01874,Velachery,2025-08-31,21,0,0,0,0,0,0,1,0,0,0.0,0.015827,0,0.0,0,58,3,1,0.7798,0.0936,GREEN,21,Chennai
CLM0002446,CHE_03005,T Nagar,2022-12-13,20,1,0,0,0,0,1,0,0,0,0.0,0.374874,0,0.0,0,209,0,1,0.9245,0.0617,GREEN,40,Chennai
CLM0002447,CHE_02839,Chromepet,2021-09-03,7,0,1,1,0,0,0,0,0,1,0.0,0.237995,0,0.0,0,351,1,1,0.9693,0.1675,GREEN,38,Chennai
CLM0002448,CHE_01903,T Nagar,2019-11-17,14,0,0,0,0,0,0,0,0,0,0.0,0.097326,0,0.0,0,25,0,0,0.9322,0.0006,GREEN,38,Chennai
CLM0002449,CHE_08510,Tambaram,2017-05-16,9,0,0,0,0,0,1,0,0,0,0.0,0.444255,0,0.0,0,122,3,8,0.28,0.0511,GREEN,30,Chennai
CLM0002450,CHE_02096,T Nagar,2023-12-05,14,0,0,0,0,0,0,0,0,0,0.0,0.117351,0,0.0,0,146,4,0,0.8148,0.0,GREEN,55,Chennai
CLM0002451,CHE_04668,Anna Nagar,2024-06-20,11,0,0,0,0,0,0,0,0,0,0.0,0.340151,0,0.0,0,136,0,0,0.7313,0.0,GREEN,43,Chennai
CLM0002452,CHE_09203,Guindy,2023-10-29,16,0,0,0,0,0,0,0,0,0,0.0,0.16804,0,0.0,0,420,0,6,0.6873,0.0,GREEN,35,Chennai
CLM0002453,CHE_07442,Sholinganallur,2024-01-25,18,0,0,0,0,0,0,0,0,0,0.0,0.128829,0,0.0,1,219,1,1,0.8432,0.0766,GREEN,34,Chennai
CLM0002454,CHE_03402,Velachery,2024-11-27,12,0,0,0,0,0,0,0,0,0,0.0,1.0,0,0.0,0,242,0,0,0.7921,0.043,GREEN,43,Chennai
CLM0002455,CHE_08723,T Nagar,2025-11-19,12,0,0,0,0,1,1,1,1,1,0.0,0.1592,0,0.0,1,5,0,18,0.9448,0.1399,GREEN,43,Chennai
CLM0002456,CHE_08255,Tambaram,2025-06-20,9,0,0,0,0,0,0,0,0,0,0.0,0.379342,0,0.0,0,389,0,0,0.8831,0.0612,GREEN,40,Chennai
CLM0002457,CHE_08060,Velachery,2024-12-15,13,0,0,0,0,0,1,0,0,0,0.0,0.371678,0,0.0,0,420,3,2,0.4709,0.1649,GREEN,51,Chennai
CLM0002458,CHE_02028,Velachery,2025-12-13,7,0,0,0,0,0,0,0,0,0,0.0,0.287723,0,0.0,0,185,3,2,0.8818,0.1039,GREEN,32,Chennai
CLM0002459,CHE_00256,Anna Nagar,2024-08-02,19,0,0,0,0,0,0,0,0,0,0.0,0.024516,0,0.0,0,205,4,0,0.1134,0.0,GREEN,37,Chennai
CLM0002460,CHE_09375,Chromepet,2024-04-12,14,0,0,0,0,0,0,0,0,0,0.0,0.454834,0,0.0,0,240,2,5,0.8213,0.046,GREEN,32,Chennai
CLM0002461,CHE_04159,Anna Nagar,2021-05-07,18,0,0,0,1,0,0,1,1,0,0.0,0.115385,0,0.0,0,196,0,3,0.7689,0.2993,GREEN,46,Chennai
CLM0002462,CHE_08502,Guindy,2025-07-31,11,0,0,0,0,0,1,0,0,0,0.0,0.0,0,0.0,0,187,3,2,0.9678,0.0646,GREEN,60,Chennai
CLM0002463,CHE_05228,T Nagar,2025-03-09,7,0,0,0,0,0,1,0,0,0,0.0,0.403678,0,0.0,0,127,4,4,0.7007,0.127,GREEN,37,Chennai
CLM0002464,CHE_08737,Perambur,2022-07-10,17,0,0,0,0,0,0,1,0,1,1.0,1.0,0,1.0,0,388,1,0,0.876,0.1528,GREEN,39,Chennai
CLM0002465,CHE_08183,T Nagar,2025-11-05,13,0,0,0,0,0,0,0,0,0,0.0,0.322864,0,0.0,0,131,1,4,0.7551,0.0,GREEN,40,Chennai
CLM0002466,CHE_02351,Porur,2020-06-04,12,0,0,0,1,0,0,0,0,0,0.0,0.240841,0,0.0,0,287,2,1,0.5752,0.122,GREEN,46,Chennai
CLM0002467,CHE_04080,T Nagar,2025-09-24,17,0,1,1,0,0,0,0,1,1,0.0,0.124826,0,0.0,0,420,0,0,0.6725,0.2333,GREEN,42,Chennai
CLM0002468,CHE_01212,T Nagar,2022-10-25,9,0,0,0,0,0,1,0,0,1,0.0,0.009748,0,0.0,0,30,0,4,0.4175,0.2261,GREEN,30,Chennai
CLM0002469,CHE_01194,T Nagar,2025-02-20,13,0,0,0,0,0,0,0,0,0,1.0,0.0,0,0.0,0,34,2,4,0.9385,0.0,GREEN,35,Chennai
CLM0002470,CHE_07467,Sholinganallur,2025-11-07,9,0,0,0,0,0,0,0,0,0,1.0,0.274546,0,0.0,0,61,4,0,0.7099,0.0,GREEN,43,Chennai
CLM0002471,CHE_02626,Porur,2019-02-18,8,0,0,0,0,0,0,0,0,0,0.0,0.118924,0,0.0,0,22,4,5,0.7162,0.057,GREEN,30,Chennai
CLM0002472,CHE_00322,Anna Nagar,2020-06-16,14,0,0,0,0,0,0,0,0,0,0.0,0.0,1,0.0,0,418,4,5,0.924,0.1038,GREEN,58,Chennai
CLM0002473,CHE_07946,Porur,2019-05-28,12,0,0,0,0,1,0,0,0,0,0.0,0.17104,0,0.0,0,126,1,0,0.725,0.0363,GREEN,22,Chennai
CLM0002474,CHE_06219,Adyar,2016-03-09,19,0,0,0,0,0,0,0,0,0,0.0,0.177019,0,0.0,0,11,0,5,0.05,0.0206,GREEN,51,Chennai
CLM0002475,CHE_07835,Velachery,2024-03-29,21,0,0,0,0,0,0,0,0,0,0.0,0.241259,0,0.0,0,102,2,4,0.6589,0.0896,GREEN,52,Chennai
CLM0002476,CHE_00888,Anna Nagar,2015-08-30,14,0,0,0,0,0,0,0,0,0,0.0,0.042518,0,0.0,0,352,3,1,0.7818,0.1311,GREEN,32,Chennai
CLM0002477,CHE_08187,Perambur,2016-03-16,12,0,0,0,0,0,0,0,0,0,0.0,0.003763,0,0.0,0,114,0,0,0.8784,0.179,GREEN,42,Chennai
CLM0002478,CHE_06503,Porur,2016-05-13,12,0,0,0,0,0,0,0,0,0,0.0,0.249495,0,0.0,0,420,1,0,0.301,0.0253,GREEN,34,Chennai
CLM0002479,CHE_03680,T Nagar,2024-04-09,18,0,0,0,0,0,0,0,0,0,1.0,0.365151,0,0.0,0,38,4,0,0.4376,0.0545,GREEN,18,Chennai
CLM0002480,CHE_02895,Chromepet,2015-08-10,12,0,0,0,0,0,0,0,0,0,1.0,0.0928,0,0.0,0,420,3,0,0.8949,0.0024,GREEN,44,Chennai
CLM0002481,CHE_09271,Velachery,2024-04-21,10,0,0,0,0,0,0,0,0,0,1.0,0.03521,0,0.0,0,420,0,1,0.7811,0.0711,GREEN,56,Chennai
CLM0002482,CHE_04580,Chromepet,2024-12-03,11,0,0,0,1,0,0,0,0,0,0.0,0.533578,0,0.0,0,190,1,0,0.533,0.2211,GREEN,36,Chennai
CLM0002483,CHE_03170,Sholinganallur,2024-07-24,11,0,0,0,0,0,0,0,0,0,0.0,0.260277,0,0.0,0,338,3,4,0.7979,0.0707,GREEN,39,Chennai
CLM0002484,CHE_03116,Perambur,2025-07-10,19,0,0,0,0,0,0,0,0,0,0.0,0.0,0,0.0,0,284,4,0,0.8354,0.0015,GREEN,34,Chennai
CLM0002485,CHE_00452,Velachery,2021-11-06,12,0,0,0,1,0,0,0,0,0,0.0,0.163301,0,0.0,0,211,3,5,0.9135,0.1574,GREEN,48,Chennai
CLM0002486,CHE_02583,Chromepet,2022-11-09,20,0,0,0,1,0,0,0,0,0,0.0,0.288485,0,0.0,1,343,0,0,0.8704,0.2687,GREEN,41,Chennai
CLM0002487,CHE_09600,T Nagar,2025-10-22,13,0,0,0,1,0,0,0,0,0,1.0,0.017446,0,1.0,0,191,0,4,0.8284,0.313,YELLOW,40,Chennai
CLM0002488,CHE_06199,Anna Nagar,2024-05-20,10,0,0,0,0,0,0,0,0,0,0.0,0.041289,0,0.0,0,89,4,0,0.9233,0.0,GREEN,47,Chennai
CLM0002489,CHE_03786,Porur,2023-02-09,21,0,0,0,0,0,0,0,0,0,0.0,0.458159,0,0.0,0,365,4,0,0.98,0.0127,GREEN,28,Chennai
CLM0002490,CHE_03530,Anna Nagar,2022-05-24,12,0,0,0,0,0,0,0,0,0,0.0,0.208129,0,0.0,0,420,3,4,0.3963,0.1048,GREEN,54,Chennai
CLM0002491,CHE_00272,Adyar,2023-07-02,19,0,0,0,0,0,0,0,0,0,0.0,0.077252,0,0.0,0,420,0,5,0.3561,0.0361,GREEN,22,Chennai
CLM0002492,CHE_09475,Anna Nagar,2022-11-05,14,0,0,0,0,0,0,0,0,0,0.0,0.330044,0,0.0,0,86,3,0,0.7942,0.003,GREEN,67,Chennai
CLM0002493,CHE_00414,Anna Nagar,2024-07-14,17,0,0,0,0,0,0,1,0,0,0.0,0.124113,0,0.0,0,72,2,1,0.9078,0.0468,GREEN,35,Chennai
CLM0002494,CHE_07823,Adyar,2023-12-28,8,0,0,0,0,0,0,0,0,0,0.0,0.249885,0,0.0,0,49,0,2,0.05,0.0812,GREEN,56,Chennai
CLM0002495,CHE_06513,Adyar,2018-05-29,16,0,0,0,0,0,0,0,0,0,0.0,0.08426,0,0.0,0,243,1,0,0.05,0.0,GREEN,39,Chennai
CLM0002496,CHE_06657,Tambaram,2016-04-11,21,0,0,0,0,0,0,1,0,0,1.0,0.004702,0,0.0,0,93,2,0,0.5187,0.0897,GREEN,40,Chennai
CLM0002497,CHE_00794,Tambaram,2023-05-28,9,0,0,0,0,0,0,0,0,0,0.0,0.068029,0,0.0,0,130,1,2,0.8571,0.0378,GREEN,32,Chennai
CLM0002498,CHE_04410,Guindy,2017-06-14,17,0,0,0,0,0,0,0,0,0,0.0,0.392464,0,0.0,0,148,1,0,0.9548,0.0457,GREEN,55,Chennai
CLM0002499,CHE_07996,Perambur,2019-01-23,10,0,0,0,0,0,0,0,0,0,0.0,0.311013,0,0.0,0,379,1,3,0.5166,0.0763,GREEN,22,Chennai
CLM0002500,CHE_07820,Tambaram,2025-01-06,8,0,0,0,0,0,0,0,0,0,0.0,0.412986,0,0.0,0,150,1,5,0.9203,0.0,GREEN,18,Chennai
CLM0002501,CHE_09426,Sholinganallur,2024-04-01,18,0,0,0,0,0,1,0,0,0,0.0,0.015363,0,0.0,0,250,0,5,0.9403,0.1575,GREEN,41,Chennai
CLM0002502,CHE_02895,Chromepet,2024-06-07,21,0,0,0,0,0,1,0,0,1,0.0,0.251157,0,0.0,0,38,3,0,0.1181,0.2049,GREEN,44,Chennai
CLM0002503,CHE_02947,Porur,2024-01-16,14,0,0,0,0,0,0,0,0,0,0.0,1.0,0,0.0,0,43,2,0,0.6272,0.0,GREEN,34,Chennai
CLM0002504,CHE_09348,Chromepet,2024-07-23,7,0,0,0,0,0,0,0,0,0,0.0,0.374376,0,0.0,0,310,2,0,0.864,0.0,GREEN,36,Chennai
CLM0002505,CHE_07725,Tambaram,2025-07-20,7,0,0,0,0,0,0,0,0,0,0.0,0.128193,0,0.0,0,150,1,0,0.3046,0.0169,GREEN,24,Chennai
CLM0002506,CHE_09832,Tambaram,2025-03-23,8,0,0,0,0,1,0,0,0,0,0.0,0.14678,0,0.0,0,143,3,0,0.8603,0.3047,GREEN,27,Chennai
CLM0002507,CHE_07712,Chromepet,2025-04-13,13,0,0,0,0,0,0,1,0,1,0.0,0.062147,0,0.0,0,420,2,0,0.5921,0.1307,GREEN,44,Chennai
CLM0002508,CHE_00088,Guindy,2017-08-11,15,0,0,0,0,0,0,1,0,0,0.0,0.0,0,0.0,1,375,3,2,0.7146,0.1359,GREEN,47,Chennai
CLM0002509,CHE_04397,Chromepet,2023-09-20,19,0,0,0,0,0,0,0,0,0,0.0,0.21915,0,0.0,0,340,1,1,0.6783,0.0073,GREEN,49,Chennai
CLM0002510,CHE_07697,Porur,2022-12-04,9,0,1,1,0,0,0,0,0,0,0.0,0.086277,0,0.0,0,63,4,7,0.9409,0.0065,GREEN,51,Chennai
CLM0002511,CHE_01221,Sholinganallur,2025-07-18,15,0,0,0,0,0,0,0,0,0,0.0,0.0,0,0.0,0,420,2,2,0.8751,0.0,GREEN,28,Chennai
CLM0002512,CHE_03076,T Nagar,2017-11-15,19,0,0,0,0,0,1,0,0,0,1.0,0.347559,0,0.0,0,185,4,5,0.2198,0.2546,GREEN,31,Chennai
CLM0002513,CHE_06593,Guindy,2025-01-02,21,0,0,0,0,0,0,0,0,0,1.0,0.093324,0,0.0,0,289,3,7,0.98,0.0972,GREEN,38,Chennai
CLM0002514,CHE_04553,Adyar,2024-03-14,10,0,0,0,0,0,0,0,0,0,0.0,0.138334,0,0.0,0,145,3,4,0.5384,0.0,GREEN,51,Chennai
CLM0002515,CHE_05457,Anna Nagar,2025-10-09,7,0,0,0,0,0,0,0,0,0,0.0,0.325561,0,0.0,0,224,2,2,0.3874,0.0,GREEN,38,Chennai
CLM0002516,CHE_00937,Anna Nagar,2024-04-02,10,0,0,0,0,0,1,0,0,0,0.0,0.294257,0,0.0,0,5,4,0,0.2622,0.1327,GREEN,40,Chennai
CLM0002517,CHE_07780,Chromepet,2023-11-27,9,0,0,0,0,0,0,0,0,0,0.0,0.983448,0,0.0,0,56,3,2,0.7965,0.0,GREEN,23,Chennai
CLM0002518,CHE_06309,Guindy,2023-05-08,19,0,1,1,0,0,0,0,0,0,1.0,1.0,0,0.0,0,210,4,1,0.8967,0.1317,GREEN,18,Chennai
CLM0002519,CHE_09020,Guindy,2024-11-10,10,0,0,0,0,0,0,0,0,0,1.0,0.121481,0,0.0,0,420,1,3,0.9064,0.0309,GREEN,44,Chennai
CLM0002520,CHE_03141,Perambur,2025-07-06,14,0,1,1,0,0,0,0,0,0,0.0,0.126309,0,0.0,0,153,1,3,0.731,0.043,GREEN,47,Chennai
CLM0002521,CHE_00674,Adyar,2025-09-27,9,0,0,0,0,0,1,0,0,0,0.0,0.296962,0,0.0,0,112,4,0,0.98,0.03,GREEN,46,Chennai
CLM0002522,CHE_04422,Velachery,2024-03-01,14,0,0,0,0,0,0,0,0,0,0.0,0.52907,0,0.0,0,356,1,0,0.0846,0.0307,GREEN,38,Chennai
CLM0002523,CHE_03629,Tambaram,2025-09-26,11,0,0,0,0,1,0,0,0,0,0.0,0.120153,0,0.0,0,305,0,0,0.6266,0.0881,GREEN,33,Chennai
CLM0002524,CHE_00183,Perambur,2024-02-24,18,0,0,0,0,0,1,0,0,0,0.0,0.175814,0,0.0,0,28,2,0,0.8268,0.0859,GREEN,51,Chennai
CLM0002525,CHE_08156,Porur,2024-04-22,16,0,0,0,0,0,0,0,0,0,0.0,0.288746,0,0.0,0,233,2,0,0.6183,0.0745,GREEN,29,Chennai
CLM0002526,CHE_06659,Porur,2023-11-28,8,0,0,0,0,0,0,1,1,0,0.0,0.215805,0,0.0,0,52,0,6,0.8818,0.12,GREEN,33,Chennai
CLM0002527,CHE_01827,Anna Nagar,2025-01-04,7,0,0,0,0,0,0,0,0,0,0.0,0.344399,0,0.0,0,420,4,2,0.87,0.092,GREEN,32,Chennai
CLM0002528,CHE_03455,Tambaram,2024-02-16,21,0,0,0,0,0,0,1,0,0,0.0,0.0,0,0.0,0,370,0,6,0.7103,0.0,GREEN,23,Chennai
CLM0002529,CHE_02936,Chromepet,2025-09-23,20,0,0,0,0,0,0,0,1,0,0.0,1.0,0,0.0,0,162,0,2,0.752,0.1775,GREEN,49,Chennai
CLM0002530,CHE_05999,T Nagar,2023-01-08,13,0,0,0,0,0,1,0,0,0,0.0,0.315943,0,0.0,0,420,4,3,0.9285,0.0928,GREEN,26,Chennai
CLM0002531,CHE_01731,T Nagar,2025-01-19,17,0,0,0,0,0,0,0,0,0,0.0,0.354593,0,0.0,1,386,4,2,0.9274,0.0,GREEN,48,Chennai
CLM0002532,CHE_06779,Anna Nagar,2025-06-17,20,0,0,0,0,0,0,0,1,0,0.0,0.006793,0,0.0,0,189,4,2,0.5247,0.2529,GREEN,25,Chennai
CLM0002533,CHE_02285,Sholinganallur,2024-12-16,11,0,0,0,0,0,0,0,0,0,0.0,0.415045,0,0.0,0,28,1,0,0.1857,0.0,GREEN,28,Chennai
CLM0002534,CHE_03450,Perambur,2025-05-16,7,0,0,0,0,0,0,1,0,0,1.0,0.131568,0,0.0,0,71,0,5,0.5175,0.0869,GREEN,29,Chennai
CLM0002535,CHE_08411,Velachery,2025-12-08,20,0,0,0,0,0,1,0,0,0,0.0,0.005507,0,0.0,0,286,1,7,0.8075,0.1657,GREEN,49,Chennai
CLM0002536,CHE_00258,Anna Nagar,2025-04-09,11,0,0,0,0,0,1,0,0,0,0.0,0.200201,0,0.0,0,420,4,1,0.05,0.0018,GREEN,44,Chennai
CLM0002537,CHE_00752,Anna Nagar,2025-03-13,17,0,0,0,0,0,0,0,0,0,0.0,0.032373,0,0.0,0,47,0,1,0.5941,0.0,GREEN,43,Chennai
CLM0002538,CHE_00889,Adyar,2025-12-21,9,0,0,0,0,0,0,0,0,0,0.0,0.232223,0,0.0,0,416,4,1,0.6184,0.0074,GREEN,52,Chennai
CLM0002539,CHE_04378,Chromepet,2025-03-18,12,0,0,0,0,0,0,0,0,0,0.0,0.128943,0,0.0,0,420,0,1,0.98,0.0,GREEN,33,Chennai
CLM0002540,CHE_02817,Sholinganallur,2025-02-07,18,0,0,0,0,0,0,0,0,0,0.0,0.189012,0,0.0,0,70,3,7,0.5192,0.0,GREEN,23,Chennai
CLM0002541,CHE_08593,Chromepet,2025-04-04,11,0,0,0,0,0,0,0,0,0,0.0,0.128493,0,0.0,0,67,2,5,0.8086,0.0,GREEN,31,Chennai
CLM0002542,CHE_02722,Sholinganallur,2025-08-02,16,0,0,0,1,1,1,1,0,1,1.0,0.916576,0,1.0,0,5,4,18,0.523,0.1089,GREEN,28,Chennai
CLM0002543,CHE_01666,Guindy,2025-08-08,9,0,0,0,1,1,0,0,0,0,0.0,0.454602,0,0.0,0,281,4,3,0.769,0.4469,YELLOW,43,Chennai
CLM0002544,CHE_04678,Porur,2025-12-07,19,0,0,0,0,0,0,0,0,0,0.0,0.077445,0,0.0,0,418,3,0,0.98,0.0,GREEN,57,Chennai
CLM0002545,CHE_00925,Chromepet,2022-03-17,11,0,0,0,0,0,0,0,0,0,0.0,0.288582,0,1.0,0,282,2,2,0.9184,0.0,GREEN,43,Chennai
CLM0002546,CHE_07908,T Nagar,2019-09-20,10,0,0,0,0,0,1,0,0,0,1.0,0.416786,0,0.0,0,49,0,0,0.8598,0.3344,YELLOW,49,Chennai
CLM0002547,CHE_08544,Perambur,2025-09-01,18,0,0,0,0,0,0,0,0,0,0.0,0.083752,0,0.0,0,302,1,1,0.1893,0.0149,GREEN,34,Chennai
CLM0002548,CHE_07082,Tambaram,2025-01-03,13,0,0,0,0,0,0,0,1,0,0.0,0.324434,0,0.0,1,86,3,4,0.4367,0.1685,GREEN,30,Chennai
CLM0002549,CHE_09652,Perambur,2018-08-19,9,0,0,0,1,0,0,0,0,0,0.0,0.239328,0,0.0,0,418,1,1,0.703,0.134,GREEN,48,Chennai
CLM0002550,CHE_06816,Chromepet,2022-09-29,17,0,0,0,0,0,0,0,0,1,1.0,0.32469,0,0.0,0,420,2,1,0.9565,0.1289,GREEN,44,Chennai
CLM0002551,CHE_09462,Guindy,2019-07-06,7,0,0,0,0,0,0,0,0,0,0.0,0.114999,0,0.0,0,420,3,4,0.2215,0.0382,GREEN,41,Chennai
CLM0002552,CHE_09798,Tambaram,2024-01-13,9,0,0,0,0,0,0,0,0,0,0.0,0.128423,0,0.0,0,195,3,0,0.05,0.0518,GREEN,46,Chennai
CLM0002553,CHE_05743,Tambaram,2016-01-12,21,0,0,0,0,0,0,0,0,0,0.0,0.138064,0,0.0,0,408,0,7,0.0552,0.0139,GREEN,60,Chennai
CLM0002554,CHE_05328,Chromepet,2025-10-29,8,0,0,0,0,0,0,0,1,0,1.0,0.014029,0,0.0,0,408,3,6,0.98,0.18,GREEN,20,Chennai
CLM0002555,CHE_00765,Guindy,2016-09-28,7,0,0,0,0,0,0,0,0,0,0.0,0.080447,0,0.0,0,263,2,5,0.8134,0.0252,GREEN,38,Chennai
CLM0002556,CHE_07911,Adyar,2025-03-15,18,0,0,0,0,0,1,0,1,0,0.0,0.32563,0,0.0,0,145,2,3,0.8116,0.1347,GREEN,31,Chennai
CLM0002557,CHE_01439,Guindy,2024-10-30,13,0,0,0,0,0,0,0,0,0,1.0,0.02564,1,0.0,0,226,1,5,0.1006,0.0498,GREEN,30,Chennai
CLM0002558,CHE_06691,Perambur,2025-07-17,16,0,0,0,0,0,0,0,0,0,0.0,0.035282,0,0.0,0,134,1,3,0.98,0.0707,GREEN,45,Chennai
CLM0002559,CHE_05675,Perambur,2024-05-14,17,0,0,0,0,0,0,1,0,0,0.0,0.930472,0,0.0,0,130,2,3,0.613,0.0,GREEN,18,Chennai
CLM0002560,CHE_06406,Velachery,2025-10-31,13,0,0,0,0,0,0,0,0,0,1.0,0.171976,0,0.0,0,420,0,0,0.0741,0.0451,GREEN,38,Chennai
CLM0002561,CHE_02631,Velachery,2025-08-18,9,0,0,0,0,0,0,0,0,0,0.0,0.998378,0,0.0,0,147,4,6,0.7647,0.0,GREEN,46,Chennai
CLM0002562,CHE_08063,Anna Nagar,2025-09-24,16,0,0,0,0,0,0,0,0,0,0.0,0.064975,0,0.0,0,315,1,2,0.7016,0.0528,GREEN,53,Chennai
CLM0002563,CHE_01213,Perambur,2025-08-21,9,0,0,0,0,0,0,0,0,0,0.0,0.374935,0,0.0,0,420,1,0,0.5199,0.0211,GREEN,33,Chennai
CLM0002564,CHE_07090,Guindy,2022-11-17,10,0,0,0,0,0,1,0,0,0,0.0,0.266316,0,0.0,0,411,3,0,0.8226,0.2829,GREEN,37,Chennai
CLM0002565,CHE_01795,Perambur,2023-10-26,14,0,0,0,0,0,0,0,0,1,0.0,0.894232,0,0.0,1,35,2,0,0.98,0.2112,GREEN,43,Chennai
CLM0002566,CHE_05370,Chromepet,2023-01-13,15,0,0,0,0,0,0,0,1,0,1.0,0.203166,0,0.0,0,104,4,6,0.6384,0.0491,GREEN,57,Chennai
CLM0002567,CHE_03010,Tambaram,2025-11-25,15,0,0,0,0,0,0,0,0,0,0.0,0.219942,0,0.0,0,287,3,2,0.6054,0.0413,GREEN,45,Chennai
CLM0002568,CHE_04097,Porur,2025-12-20,20,0,0,0,0,0,0,0,0,0,0.0,1.0,0,0.0,0,272,2,3,0.98,0.0,GREEN,44,Chennai
CLM0002569,CHE_06311,Perambur,2024-06-17,11,0,0,0,0,0,0,0,1,1,0.0,0.36064,0,0.0,0,420,2,5,0.9667,0.1693,GREEN,49,Chennai
CLM0002570,CHE_00398,Anna Nagar,2023-10-12,12,0,0,0,0,0,0,0,0,0,0.0,0.314615,0,0.0,0,277,2,4,0.7614,0.0,GREEN,39,Chennai
CLM0002571,CHE_05563,T Nagar,2025-07-06,11,0,0,0,0,0,0,0,0,0,1.0,0.086371,0,0.0,0,74,2,1,0.8769,0.1938,GREEN,43,Chennai
CLM0002572,CHE_06726,Porur,2024-06-01,16,0,0,0,0,0,0,0,0,0,0.0,0.199691,0,0.0,0,338,0,4,0.4591,0.0,GREEN,32,Chennai
CLM0002573,CHE_04987,Velachery,2022-08-16,13,0,0,0,0,0,0,0,0,0,0.0,0.053641,0,0.0,0,377,1,5,0.8807,0.0281,GREEN,64,Chennai
CLM0002574,CHE_07053,Sholinganallur,2025-06-09,18,0,0,0,0,0,0,0,0,0,0.0,0.062119,0,0.0,0,416,4,0,0.9789,0.0,GREEN,47,Chennai
CLM0002575,CHE_07629,T Nagar,2024-11-22,19,0,0,0,0,0,0,0,0,0,0.0,0.208699,0,0.0,0,256,3,6,0.7316,0.0105,GREEN,46,Chennai
CLM0002576,CHE_09301,Chromepet,2022-09-15,18,0,0,0,0,0,0,0,0,0,0.0,0.0,0,0.0,1,420,2,4,0.5383,0.0575,GREEN,19,Chennai
CLM0002577,CHE_05362,Tambaram,2025-08-08,21,0,0,0,0,0,1,0,0,0,0.0,0.312473,0,0.0,0,336,1,3,0.6949,0.0673,GREEN,48,Chennai
CLM0002578,CHE_07777,Tambaram,2019-10-26,18,0,0,0,0,0,1,0,0,0,1.0,0.276188,0,0.0,0,246,4,6,0.649,0.139,GREEN,31,Chennai
CLM0002579,CHE_00110,T Nagar,2023-11-29,16,0,0,0,1,1,1,0,0,1,1.0,0.973653,0,0.0,1,24,0,18,0.2595,0.0363,GREEN,37,Chennai
CLM0002580,CHE_06903,Tambaram,2022-05-22,21,0,0,0,0,0,0,1,0,0,0.0,0.352919,0,1.0,0,69,0,2,0.931,0.0851,GREEN,20,Chennai
CLM0002581,CHE_04610,Perambur,2023-10-22,12,0,0,0,0,0,0,0,0,0,0.0,0.236092,0,0.0,0,17,0,1,0.6962,0.0143,GREEN,48,Chennai
CLM0002582,CHE_02884,Adyar,2019-04-15,7,0,0,0,0,0,0,0,1,0,0.0,0.117867,0,0.0,0,185,1,2,0.0853,0.0783,GREEN,57,Chennai
CLM0002583,CHE_05684,Perambur,2018-09-18,19,0,0,0,0,0,0,0,0,0,0.0,1.0,0,0.0,0,47,2,0,0.2744,0.0626,GREEN,30,Chennai
CLM0002584,CHE_00570,Porur,2024-05-10,19,0,0,0,0,0,1,0,0,0,0.0,0.395234,0,0.0,0,420,4,1,0.7553,0.0789,GREEN,49,Chennai
CLM0002585,CHE_02164,Velachery,2018-07-03,9,0,0,0,0,0,0,0,0,0,0.0,0.346466,0,0.0,0,107,4,6,0.9504,0.0914,GREEN,39,Chennai
CLM0002586,CHE_03902,Velachery,2024-09-13,20,0,0,0,0,0,0,0,0,0,0.0,0.050621,0,0.0,0,203,4,0,0.4229,0.0381,GREEN,47,Chennai
CLM0002587,CHE_05159,Anna Nagar,2024-06-10,16,0,0,0,0,0,0,0,0,0,0.0,0.262657,0,0.0,0,221,2,0,0.9404,0.0871,GREEN,30,Chennai
CLM0002588,CHE_08950,Perambur,2025-04-22,7,0,0,0,0,0,0,0,0,0,0.0,0.355653,0,0.0,0,420,2,0,0.9329,0.0288,GREEN,48,Chennai
CLM0002589,CHE_04939,Chromepet,2025-03-28,20,0,0,0,0,0,0,0,0,0,0.0,0.413386,0,0.0,0,409,2,0,0.7531,0.0615,GREEN,44,Chennai
CLM0002590,CHE_06256,Anna Nagar,2023-06-04,7,0,0,0,0,0,0,0,1,0,0.0,0.0,0,0.0,1,420,3,6,0.1449,0.1221,GREEN,51,Chennai
CLM0002591,CHE_01281,T Nagar,2024-06-29,15,0,0,0,0,0,0,0,0,0,0.0,0.150705,0,0.0,1,368,1,3,0.8339,0.103,GREEN,47,Chennai
CLM0002592,CHE_02879,Tambaram,2022-03-07,14,0,0,0,0,0,0,0,0,0,0.0,0.364636,0,0.0,0,98,2,5,0.8473,0.0233,GREEN,44,Chennai
CLM0002593,CHE_09254,Tambaram,2020-08-31,12,0,0,0,0,0,1,0,0,0,0.0,0.02135,0,0.0,0,59,4,0,0.5767,0.0973,GREEN,18,Chennai
CLM0002594,CHE_00550,Sholinganallur,2024-11-08,12,0,0,0,0,0,0,0,0,0,0.0,0.135661,0,0.0,0,59,1,4,0.7991,0.0229,GREEN,31,Chennai
CLM0002595,CHE_01746,Velachery,2022-05-18,17,0,0,0,0,0,0,0,0,0,0.0,0.207975,0,0.0,0,237,0,0,0.5412,0.0484,GREEN,46,Chennai
CLM0002596,CHE_02464,Porur,2021-07-11,8,0,0,0,0,0,0,0,0,0,0.0,0.269896,0,0.0,0,119,3,3,0.738,0.0277,GREEN,36,Chennai
CLM0002597,CHE_00826,Adyar,2024-06-26,15,0,0,0,0,1,0,0,0,0,0.0,0.351763,0,0.0,0,253,4,2,0.7333,0.0973,GREEN,27,Chennai
CLM0002598,CHE_04598,Adyar,2025-04-24,13,0,0,0,1,0,0,0,1,0,0.0,0.055683,0,0.0,0,352,1,0,0.7239,0.2148,GREEN,40,Chennai
CLM0002599,CHE_01861,T Nagar,2024-05-28,8,0,0,0,0,0,0,0,0,0,0.0,0.361051,0,1.0,0,284,4,0,0.7412,0.0,GREEN,40,Chennai
CLM0002600,CHE_04747,T Nagar,2022-10-24,11,0,0,0,0,0,0,0,0,0,0.0,0.136466,0,0.0,0,203,0,1,0.6263,0.066,GREEN,41,Chennai
CLM0002601,CHE_00030,Perambur,2021-10-19,21,0,0,0,0,0,0,0,0,0,0.0,0.333937,0,0.0,0,133,3,3,0.05,0.0277,GREEN,34,Chennai
CLM0002602,CHE_06628,Sholinganallur,2023-02-11,8,0,0,0,0,0,0,0,0,0,0.0,0.210743,1,0.0,0,209,3,1,0.4897,0.0376,GREEN,47,Chennai
CLM0002603,CHE_07950,Adyar,2021-05-11,14,0,0,0,0,0,0,0,0,0,0.0,1.0,0,0.0,0,150,0,3,0.6141,0.0,GREEN,57,Chennai
CLM0002604,CHE_01323,Porur,2023-11-18,12,0,0,0,0,0,0,0,1,0,0.0,0.383584,0,0.0,1,135,0,0,0.3282,0.2113,GREEN,25,Chennai
CLM0002605,CHE_06711,Chromepet,2023-05-24,8,0,0,0,0,0,0,0,0,0,0.0,0.215539,0,0.0,0,420,0,0,0.6554,0.0113,GREEN,45,Chennai
CLM0002606,CHE_04937,Velachery,2022-03-23,11,0,0,0,0,0,0,1,0,0,0.0,0.100058,0,0.0,0,254,2,3,0.05,0.0518,GREEN,34,Chennai
CLM0002607,CHE_06151,Adyar,2019-06-25,18,0,0,0,0,1,0,1,0,1,0.0,1.0,0,1.0,1,19,4,18,0.8773,0.1274,GREEN,18,Chennai
CLM0002608,CHE_07892,Tambaram,2020-08-17,8,0,0,0,0,0,0,0,1,0,0.0,0.29726,0,0.0,0,420,3,1,0.8733,0.1523,GREEN,41,Chennai
CLM0002609,CHE_07692,Porur,2024-05-18,8,0,0,0,0,0,0,0,0,0,0.0,0.939257,0,0.0,0,74,2,1,0.2619,0.0786,GREEN,41,Chennai
CLM0002610,CHE_00915,Porur,2019-10-31,11,0,0,0,0,0,0,0,0,0,0.0,0.09835,0,0.0,0,233,4,1,0.661,0.0,GREEN,55,Chennai
CLM0002611,CHE_03161,Anna Nagar,2019-05-17,14,0,0,0,0,0,0,0,0,0,1.0,0.391512,1,0.0,1,186,1,5,0.1731,0.155,GREEN,42,Chennai
CLM0002612,CHE_05685,Porur,2024-04-24,15,0,0,0,1,0,0,1,1,1,0.0,1.0,1,0.0,1,5,0,18,0.9671,0.0,GREEN,18,Chennai
CLM0002613,CHE_03011,Guindy,2020-11-27,7,0,0,0,0,1,1,0,0,0,0.0,0.336049,0,0.0,0,180,0,0,0.734,0.2172,GREEN,55,Chennai
CLM0002614,CHE_04312,Tambaram,2022-03-08,14,0,0,0,0,0,0,0,0,0,0.0,0.950164,0,0.0,1,420,0,3,0.6748,0.1183,GREEN,30,Chennai
CLM0002615,CHE_07446,Tambaram,2023-01-08,10,0,0,0,0,0,0,0,0,1,0.0,0.061105,0,0.0,0,251,0,5,0.2354,0.1712,GREEN,55,Chennai
CLM0002616,CHE_06579,Anna Nagar,2024-12-06,14,0,0,0,0,0,0,0,0,0,0.0,1.0,0,0.0,1,146,1,2,0.9277,0.0639,GREEN,49,Chennai
CLM0002617,CHE_00769,Anna Nagar,2022-08-25,17,0,0,0,0,0,0,0,0,0,0.0,0.092827,0,0.0,0,203,2,4,0.1815,0.0,GREEN,43,Chennai
CLM0002618,CHE_07831,Anna Nagar,2023-08-30,9,0,0,0,0,0,1,0,0,0,0.0,0.254298,0,0.0,0,420,2,5,0.6309,0.1448,GREEN,20,Chennai
CLM0002619,CHE_00693,Velachery,2025-10-29,14,0,0,0,0,0,0,0,0,0,0.0,0.132004,0,0.0,0,175,4,5,0.8581,0.1555,GREEN,45,Chennai
CLM0002620,CHE_09620,Porur,2020-04-13,15,0,1,1,0,0,0,1,0,0,0.0,0.15542,0,1.0,0,420,1,0,0.8225,0.0145,GREEN,31,Chennai
CLM0002621,CHE_00433,Tambaram,2024-04-01,15,0,0,0,0,0,0,0,0,0,0.0,0.967278,0,0.0,0,420,3,3,0.8361,0.0,GREEN,51,Chennai
CLM0002622,CHE_06747,Adyar,2017-06-05,16,0,0,0,0,0,1,0,0,0,0.0,1.0,0,0.0,0,106,2,1,0.7575,0.0798,GREEN,44,Chennai
CLM0002623,CHE_00268,Guindy,2022-11-28,19,0,0,0,0,0,0,0,0,0,0.0,0.037222,0,1.0,0,420,4,2,0.7559,0.1044,GREEN,25,Chennai
CLM0002624,CHE_05804,Velachery,2023-03-13,13,0,0,0,0,0,0,0,0,0,0.0,0.345311,0,0.0,0,72,0,1,0.8695,0.0728,GREEN,22,Chennai
CLM0002625,CHE_08631,Perambur,2023-05-10,10,0,0,0,0,0,0,0,0,0,0.0,0.107342,0,0.0,0,123,4,4,0.7899,0.0,GREEN,45,Chennai
CLM0002626,CHE_00498,Guindy,2025-09-13,15,0,0,0,0,0,0,0,0,0,0.0,0.335131,0,0.0,0,208,0,2,0.8083,0.0185,GREEN,37,Chennai
CLM0002627,CHE_01398,Sholinganallur,2024-03-07,20,0,0,0,0,0,0,0,0,0,0.0,0.123115,1,0.0,0,8,0,2,0.9518,0.1744,GREEN,38,Chennai
CLM0002628,CHE_07161,Adyar,2024-02-20,17,0,0,0,0,0,0,0,0,0,0.0,1.0,0,0.0,0,420,2,3,0.642,0.0,GREEN,38,Chennai
CLM0002629,CHE_01722,T Nagar,2023-01-20,12,0,0,0,0,0,0,0,1,0,0.0,0.0,0,0.0,0,420,0,1,0.8371,0.1726,GREEN,39,Chennai
CLM0002630,CHE_07687,Adyar,2025-04-05,10,0,0,0,0,0,0,0,0,0,0.0,0.279305,1,0.0,0,177,1,6,0.5122,0.0905,GREEN,25,Chennai
CLM0002631,CHE_06665,Sholinganallur,2023-05-21,18,0,0,0,0,0,0,0,0,0,0.0,0.452868,0,0.0,0,274,1,2,0.98,0.0,GREEN,26,Chennai
CLM0002632,CHE_01651,Anna Nagar,2024-03-02,13,0,0,0,0,0,0,0,0,0,0.0,0.323821,0,0.0,0,147,4,6,0.7189,0.0319,GREEN,39,Chennai
CLM0002633,CHE_03417,Sholinganallur,2023-09-21,21,0,0,0,0,1,0,0,0,0,0.0,0.136214,0,0.0,0,266,0,3,0.5776,0.0717,GREEN,45,Chennai
CLM0002634,CHE_09202,Sholinganallur,2023-03-30,10,0,0,0,0,0,0,0,0,0,0.0,0.084856,0,0.0,0,242,3,3,0.568,0.0,GREEN,47,Chennai
CLM0002635,CHE_07826,Tambaram,2019-03-18,17,0,0,0,0,0,0,0,0,0,0.0,0.012142,0,0.0,0,420,3,0,0.9776,0.0499,GREEN,49,Chennai
CLM0002636,CHE_05584,Adyar,2021-01-31,18,0,1,1,0,0,0,1,0,0,0.0,0.294552,1,0.0,0,315,1,1,0.98,0.1706,GREEN,51,Chennai
CLM0002637,CHE_06302,Adyar,2024-08-29,8,0,0,0,0,0,0,0,0,0,0.0,0.022508,0,0.0,0,82,2,0,0.98,0.0,GREEN,51,Chennai
CLM0002638,CHE_02439,Tambaram,2020-07-26,11,0,0,0,0,0,0,0,0,0,0.0,0.168605,0,0.0,0,308,1,0,0.6939,0.0,GREEN,35,Chennai
CLM0002639,CHE_06190,Perambur,2022-10-30,17,0,0,0,0,0,0,0,0,0,0.0,0.117895,1,0.0,0,232,2,0,0.7791,0.0178,GREEN,37,Chennai
CLM0002640,CHE_06209,Chromepet,2024-07-21,15,0,0,0,0,0,1,0,0,0,0.0,0.45804,0,0.0,0,20,2,0,0.9456,0.1845,GREEN,37,Chennai
CLM0002641,CHE_07352,Tambaram,2021-12-24,11,0,0,0,0,0,0,0,0,0,0.0,0.234891,1,1.0,0,420,4,0,0.6063,0.0794,GREEN,50,Chennai
CLM0002642,CHE_01613,Sholinganallur,2019-04-19,10,0,0,0,0,0,0,0,0,0,0.0,0.231206,1,0.0,0,14,4,3,0.6282,0.0958,GREEN,35,Chennai
CLM0002643,CHE_01859,Porur,2025-09-24,14,0,0,0,0,0,0,0,0,1,0.0,0.304296,0,0.0,1,288,1,5,0.7401,0.2354,GREEN,35,Chennai
CLM0002644,CHE_06537,Guindy,2020-01-01,17,0,0,0,0,1,0,0,0,0,0.0,0.327474,0,0.0,0,155,1,0,0.1642,0.2292,GREEN,41,Chennai
CLM0002645,CHE_03262,Perambur,2023-06-28,20,0,0,0,0,0,0,0,1,0,0.0,0.222785,0,0.0,0,371,0,7,0.5907,0.1048,GREEN,38,Chennai
CLM0002646,CHE_03782,Chromepet,2020-07-15,13,0,0,0,0,0,0,0,0,0,0.0,0.317914,0,0.0,1,407,2,0,0.6976,0.1899,GREEN,48,Chennai
CLM0002647,CHE_05953,Anna Nagar,2020-02-24,11,0,0,0,0,0,0,0,0,0,0.0,0.325424,0,1.0,0,228,3,4,0.8592,0.0133,GREEN,44,Chennai
CLM0002648,CHE_00996,Sholinganallur,2020-01-05,8,0,0,0,0,0,0,0,0,0,0.0,0.164881,0,0.0,0,269,3,5,0.8602,0.0,GREEN,39,Chennai
CLM0002649,CHE_02530,Porur,2023-07-09,16,0,0,0,0,0,0,0,0,0,0.0,0.090549,0,0.0,1,420,0,4,0.05,0.0769,GREEN,21,Chennai
CLM0002650,CHE_00932,Sholinganallur,2023-04-30,13,0,0,0,0,0,0,1,0,0,0.0,0.295015,0,0.0,0,8,0,3,0.6612,0.0222,GREEN,43,Chennai
CLM0002651,CHE_06660,Chromepet,2019-09-21,14,0,0,0,0,0,0,0,0,0,0.0,0.359212,0,0.0,0,232,1,7,0.5137,0.0793,GREEN,41,Chennai
CLM0002652,CHE_05616,T Nagar,2018-02-21,7,0,0,0,0,0,0,0,0,0,0.0,0.117345,0,0.0,0,159,2,3,0.5329,0.0,GREEN,46,Chennai
CLM0002653,CHE_01009,T Nagar,2018-12-10,15,0,0,0,0,0,0,0,0,0,0.0,0.037926,0,0.0,0,198,4,7,0.8382,0.0,GREEN,34,Chennai
CLM0002654,CHE_02082,Adyar,2023-02-13,19,0,0,0,0,0,1,0,1,0,1.0,0.323679,0,0.0,0,245,0,2,0.6448,0.2835,GREEN,44,Chennai
CLM0002655,CHE_03385,T Nagar,2019-10-09,17,0,0,0,1,0,0,1,1,0,0.0,0.132199,0,0.0,0,228,4,4,0.98,0.238,GREEN,35,Chennai
CLM0002656,CHE_06328,T Nagar,2021-04-29,16,0,0,0,0,0,0,0,0,0,0.0,0.264781,0,0.0,0,420,2,2,0.805,0.0137,GREEN,55,Chennai
CLM0002657,CHE_02728,Adyar,2025-04-10,13,0,0,0,0,0,1,0,0,0,0.0,0.330759,0,0.0,1,420,0,2,0.8531,0.1305,GREEN,37,Chennai
CLM0002658,CHE_00243,Adyar,2025-03-12,7,0,0,0,0,0,0,0,0,0,0.0,0.183499,0,0.0,0,121,1,0,0.6499,0.0,GREEN,24,Chennai
CLM0002659,CHE_00207,T Nagar,2024-08-26,10,0,0,0,0,0,0,0,0,0,0.0,0.142527,0,0.0,0,420,1,0,0.5518,0.0636,GREEN,29,Chennai
CLM0002660,CHE_04210,Sholinganallur,2024-03-06,15,0,0,0,0,0,0,0,0,0,0.0,0.079398,0,1.0,0,35,2,4,0.7346,0.0339,GREEN,40,Chennai
CLM0002661,CHE_00870,Adyar,2021-05-28,13,0,0,0,0,0,0,0,0,0,0.0,0.171357,0,0.0,0,54,3,5,0.773,0.0317,GREEN,40,Chennai
CLM0002662,CHE_08081,Tambaram,2018-08-05,17,0,0,0,1,1,1,1,1,0,0.0,0.13344,0,1.0,0,5,1,18,0.1081,0.0,GREEN,19,Chennai
CLM0002663,CHE_09087,Sholinganallur,2021-03-28,19,0,0,0,0,0,0,0,1,0,0.0,0.294241,0,0.0,0,198,1,3,0.8893,0.0634,GREEN,36,Chennai
CLM0002664,CHE_07133,T Nagar,2021-05-30,14,0,0,0,0,0,0,1,0,0,0.0,0.232593,0,1.0,0,24,0,3,0.6793,0.1251,GREEN,18,Chennai
CLM0002665,CHE_01118,Porur,2022-12-27,16,0,0,0,0,0,0,1,0,0,0.0,0.073988,1,0.0,0,257,2,3,0.7093,0.1939,GREEN,47,Chennai
CLM0002666,CHE_07215,Chromepet,2020-09-25,21,0,0,0,0,0,0,0,0,0,0.0,0.246167,0,0.0,0,420,4,1,0.8452,0.0,GREEN,37,Chennai
CLM0002667,CHE_01706,Tambaram,2024-03-03,16,0,0,0,0,0,0,0,0,0,0.0,0.028915,0,0.0,0,333,4,1,0.9189,0.0,GREEN,45,Chennai
CLM0002668,CHE_09538,Chromepet,2019-04-24,15,0,0,0,0,0,0,0,0,0,0.0,1.0,0,0.0,1,191,3,7,0.8658,0.1082,GREEN,43,Chennai
CLM0002669,CHE_07439,Porur,2025-03-01,12,0,0,0,0,0,0,0,0,0,0.0,0.0,0,0.0,0,402,3,2,0.5063,0.0091,GREEN,39,Chennai
CLM0002670,CHE_00079,Porur,2023-02-05,10,0,0,0,0,0,0,0,0,0,0.0,0.23334,0,0.0,0,251,4,4,0.7949,0.0654,GREEN,29,Chennai
CLM0002671,CHE_01701,Chromepet,2024-05-09,14,0,0,0,0,0,0,0,0,0,0.0,0.126623,0,0.0,0,241,2,1,0.7645,0.0,GREEN,42,Chennai
CLM0002672,CHE_03802,Porur,2022-12-03,19,0,0,0,0,0,0,0,0,1,0.0,0.203278,0,0.0,0,313,4,3,0.4912,0.1073,GREEN,22,Chennai
CLM0002673,CHE_00792,Perambur,2023-06-20,18,0,0,0,0,0,0,0,0,0,1.0,0.368651,0,0.0,0,71,1,4,0.8546,0.0595,GREEN,44,Chennai
CLM0002674,CHE_07900,Chromepet,2023-01-06,18,0,0,0,0,0,0,0,0,0,0.0,1.0,0,0.0,0,420,4,3,0.6565,0.0114,GREEN,43,Chennai
CLM0002675,CHE_08299,Adyar,2023-08-20,12,0,0,0,0,0,0,0,0,0,0.0,0.0,0,0.0,0,420,4,3,0.8351,0.0,GREEN,51,Chennai
CLM0002676,CHE_02379,Velachery,2024-09-03,8,0,0,0,0,0,1,0,0,0,0.0,0.250809,0,0.0,0,184,1,0,0.5163,0.0678,GREEN,40,Chennai
CLM0002677,CHE_09427,Perambur,2025-10-19,15,0,0,0,1,0,0,0,0,0,0.0,0.303519,0,0.0,0,41,1,1,0.2105,0.1836,GREEN,38,Chennai
CLM0002678,CHE_02019,T Nagar,2025-03-28,16,0,0,0,0,0,0,0,0,0,0.0,0.110512,0,0.0,0,114,4,2,0.7005,0.0301,GREEN,18,Chennai
CLM0002679,CHE_00380,Chromepet,2025-08-14,9,0,0,0,0,0,1,1,0,0,0.0,0.10788,0,0.0,0,420,4,7,0.5305,0.2355,GREEN,49,Chennai
CLM0002680,CHE_01783,Adyar,2023-05-27,20,0,0,0,0,0,0,0,0,0,0.0,0.044855,0,0.0,0,356,4,0,0.953,0.0,GREEN,31,Chennai
CLM0002681,CHE_03409,Sholinganallur,2023-09-25,9,0,0,0,0,0,0,0,1,0,0.0,0.318783,0,0.0,1,136,4,0,0.98,0.2044,GREEN,32,Chennai
CLM0002682,CHE_03336,Chromepet,2025-05-09,19,0,0,0,0,0,0,0,0,0,0.0,0.259079,0,0.0,0,153,2,3,0.622,0.0765,GREEN,56,Chennai
CLM0002683,CHE_03545,Adyar,2025-07-29,9,0,0,0,0,0,0,0,0,0,0.0,0.110057,0,0.0,0,403,2,0,0.1053,0.0568,GREEN,31,Chennai
CLM0002684,CHE_04317,Velachery,2024-06-08,18,0,0,0,0,0,1,0,0,0,0.0,0.102362,0,1.0,0,65,1,3,0.8338,0.1449,GREEN,47,Chennai
CLM0002685,CHE_01729,Perambur,2024-12-29,21,0,0,0,0,0,0,1,0,0,0.0,0.316578,0,0.0,0,286,1,3,0.1141,0.0469,GREEN,30,Chennai
CLM0002686,CHE_07947,T Nagar,2020-07-10,14,0,0,0,0,0,0,0,0,1,0.0,0.882934,0,0.0,0,214,3,0,0.6954,0.1387,GREEN,47,Chennai
CLM0002687,CHE_06649,Porur,2024-07-06,12,0,0,0,0,0,0,0,0,0,0.0,0.0,0,0.0,0,420,0,2,0.8825,0.0,GREEN,53,Chennai
CLM0002688,CHE_01737,Porur,2022-07-10,17,0,0,0,0,0,0,0,0,0,0.0,1.0,1,0.0,0,337,4,0,0.5664,0.1312,GREEN,39,Chennai
CLM0002689,CHE_04467,T Nagar,2022-10-25,12,0,0,0,0,0,0,0,0,0,0.0,0.097571,0,0.0,0,324,1,1,0.6503,0.0,GREEN,44,Chennai
CLM0002690,CHE_05286,Porur,2025-10-15,14,0,0,0,0,0,1,0,0,0,0.0,0.042751,0,0.0,0,110,0,6,0.531,0.0255,GREEN,31,Chennai
CLM0002691,CHE_04771,Chromepet,2025-09-19,8,0,0,0,0,0,0,0,0,0,0.0,0.37298,0,0.0,0,381,3,0,0.8113,0.0436,GREEN,40,Chennai
CLM0002692,CHE_00754,Velachery,2020-01-22,18,0,0,0,0,0,0,0,0,0,0.0,0.229182,0,0.0,0,420,3,4,0.1833,0.0,GREEN,47,Chennai
CLM0002693,CHE_01037,Velachery,2024-07-30,19,0,0,0,0,0,0,0,0,0,0.0,0.013141,1,0.0,0,185,3,2,0.7807,0.0948,GREEN,26,Chennai
CLM0002694,CHE_04978,Anna Nagar,2023-01-10,20,0,0,0,0,0,0,1,1,1,0.0,0.931006,0,1.0,1,38,3,18,0.3721,0.0,GREEN,30,Chennai
CLM0002695,CHE_06458,Sholinganallur,2025-08-02,9,0,0,0,0,0,0,0,0,0,0.0,0.326817,0,0.0,0,22,0,4,0.3479,0.0693,GREEN,43,Chennai
CLM0002696,CHE_08175,Adyar,2021-10-25,8,0,0,0,0,0,0,0,1,0,0.0,0.27334,0,0.0,0,235,4,2,0.686,0.0836,GREEN,46,Chennai
CLM0002697,CHE_02896,Porur,2024-12-09,18,0,0,0,0,0,0,1,0,0,0.0,0.279044,0,0.0,0,86,3,3,0.5979,0.0479,GREEN,50,Chennai
CLM0002698,CHE_08083,Porur,2025-04-13,15,0,0,0,0,0,0,0,0,0,0.0,0.07817,0,0.0,0,420,3,6,0.669,0.0,GREEN,56,Chennai
CLM0002699,CHE_09397,Chromepet,2024-06-30,21,0,0,0,0,0,0,0,0,0,0.0,0.437777,0,0.0,0,82,0,3,0.918,0.0,GREEN,18,Chennai
CLM0002700,CHE_08058,Perambur,2025-07-09,21,0,0,0,0,0,0,0,1,0,0.0,0.0,0,0.0,0,322,0,2,0.9759,0.1288,GREEN,36,Chennai
CLM0002701,CHE_02957,Adyar,2025-02-14,17,0,0,0,0,0,0,0,0,0,0.0,1.0,0,0.0,0,416,1,2,0.6578,0.1292,GREEN,45,Chennai
CLM0002702,CHE_00370,T Nagar,2024-06-15,13,0,0,0,0,0,0,0,0,0,0.0,0.067534,0,0.0,0,206,2,0,0.8247,0.0,GREEN,32,Chennai
CLM0002703,CHE_01922,Porur,2025-07-29,10,0,0,0,0,0,0,0,0,0,0.0,0.222954,0,0.0,0,331,3,4,0.8207,0.105,GREEN,50,Chennai
CLM0002704,CHE_09963,T Nagar,2025-06-01,18,0,0,0,0,0,0,0,0,0,0.0,1.0,0,0.0,1,420,3,3,0.9549,0.1594,GREEN,18,Chennai
CLM0002705,CHE_00802,Guindy,2023-07-04,17,0,0,0,0,0,0,0,0,0,0.0,0.130645,1,0.0,0,23,3,8,0.5605,0.0594,GREEN,47,Chennai
CLM0002706,CHE_09127,Tambaram,2022-07-09,20,0,0,0,0,0,0,0,0,0,0.0,0.274218,0,0.0,0,225,3,3,0.3665,0.0678,GREEN,33,Chennai
CLM0002707,CHE_07474,Chromepet,2024-06-07,7,0,0,0,0,0,1,0,0,0,0.0,0.133937,0,0.0,1,204,0,0,0.98,0.0397,GREEN,27,Chennai
CLM0002708,CHE_02174,T Nagar,2023-06-28,8,0,0,0,0,0,1,0,0,0,0.0,0.072487,0,0.0,0,420,4,0,0.4856,0.0639,GREEN,45,Chennai
CLM0002709,CHE_06614,Adyar,2025-11-13,14,0,0,0,0,0,0,1,0,0,0.0,0.140209,0,0.0,0,76,4,2,0.8052,0.1052,GREEN,27,Chennai
CLM0002710,CHE_07919,Adyar,2021-08-12,9,0,0,0,0,0,0,0,0,0,0.0,0.306263,1,0.0,1,404,2,4,0.7792,0.0654,GREEN,63,Chennai
CLM0002711,CHE_09446,Chromepet,2023-02-25,17,0,0,0,0,0,0,0,0,0,0.0,0.070135,0,0.0,0,401,3,7,0.6246,0.0304,GREEN,54,Chennai
CLM0002712,CHE_02276,Perambur,2024-03-26,10,0,0,0,0,0,0,0,0,0,0.0,0.186829,0,0.0,0,420,1,3,0.98,0.0545,GREEN,23,Chennai
CLM0002713,CHE_03011,Guindy,2021-08-20,15,0,0,0,0,0,0,0,0,0,0.0,0.194015,0,0.0,0,254,1,5,0.9621,0.0,GREEN,55,Chennai
CLM0002714,CHE_08752,Anna Nagar,2022-09-29,21,0,0,0,0,0,0,0,0,0,0.0,0.359216,0,0.0,0,291,3,4,0.2005,0.0413,GREEN,62,Chennai
CLM0002715,CHE_01744,Adyar,2024-10-19,14,0,0,0,0,0,0,0,0,0,0.0,0.307401,0,0.0,0,53,3,3,0.8562,0.0,GREEN,49,Chennai
CLM0002716,CHE_00655,Porur,2025-10-18,17,0,1,1,0,0,0,0,0,0,0.0,1.0,0,0.0,0,257,1,3,0.7159,0.0504,GREEN,34,Chennai
CLM0002717,CHE_06857,Sholinganallur,2024-08-25,7,0,0,0,1,0,0,0,0,0,1.0,1.0,0,1.0,0,339,2,1,0.6965,0.1054,GREEN,63,Chennai
CLM0002718,CHE_00356,Velachery,2022-08-09,14,0,0,0,0,0,0,0,0,0,0.0,0.386341,0,0.0,0,269,1,6,0.798,0.0,GREEN,41,Chennai
CLM0002719,CHE_09138,Porur,2022-10-04,16,0,0,0,0,0,0,0,1,0,0.0,0.174613,0,0.0,0,246,2,2,0.7668,0.0795,GREEN,50,Chennai
CLM0002720,CHE_04810,Tambaram,2025-02-16,19,0,0,0,0,0,0,1,0,0,0.0,0.167612,0,0.0,0,381,2,5,0.05,0.121,GREEN,37,Chennai
CLM0002721,CHE_07946,Porur,2024-05-10,12,0,0,0,0,0,0,0,0,0,0.0,0.017634,0,0.0,0,420,4,0,0.9687,0.0,GREEN,22,Chennai
CLM0002722,CHE_03673,Porur,2023-11-20,20,0,0,0,0,0,0,0,0,0,0.0,0.244393,0,0.0,0,290,4,6,0.6783,0.0774,GREEN,27,Chennai
CLM0002723,CHE_07502,Adyar,2025-02-09,8,0,0,0,0,0,1,0,0,0,0.0,0.219338,0,0.0,0,296,3,2,0.6799,0.0602,GREEN,34,Chennai
CLM0002724,CHE_07932,Adyar,2024-09-05,18,0,0,0,0,0,0,0,0,0,0.0,0.939522,0,1.0,0,420,3,4,0.5521,0.0,GREEN,39,Chennai
CLM0002725,CHE_00252,Perambur,2018-12-13,13,0,0,0,0,0,0,0,0,0,0.0,0.0,0,0.0,0,420,4,0,0.98,0.0251,GREEN,45,Chennai
CLM0002726,CHE_03863,Chromepet,2025-06-01,18,0,0,0,0,0,0,0,0,0,0.0,0.0377,0,0.0,0,356,1,3,0.7815,0.0,GREEN,39,Chennai
CLM0002727,CHE_09105,Chromepet,2020-11-24,15,0,0,0,0,0,0,0,0,0,0.0,0.301152,1,0.0,0,100,3,0,0.8369,0.0435,GREEN,55,Chennai
CLM0002728,CHE_08230,T Nagar,2020-09-26,13,0,0,0,0,0,0,1,0,0,1.0,0.963358,0,0.0,0,41,4,0,0.5454,0.1179,GREEN,38,Chennai
CLM0002729,CHE_04587,Chromepet,2021-02-27,13,0,0,0,0,0,0,0,0,0,0.0,0.232667,0,0.0,1,93,2,1,0.1479,0.1848,GREEN,38,Chennai
CLM0002730,CHE_01631,Porur,2025-02-12,10,0,1,1,1,1,0,1,1,1,1.0,1.0,1,1.0,1,17,0,18,0.4723,0.8206,RED,35,Chennai
CLM0002731,CHE_06234,Anna Nagar,2020-09-03,20,0,1,1,1,1,0,1,1,0,1.0,0.90646,0,0.0,0,24,2,18,0.8011,0.7441,RED,28,Chennai
CLM0002732,CHE_04166,Sholinganallur,2022-12-28,8,0,1,1,0,1,1,0,1,1,0.0,1.0,0,0.0,0,11,0,18,0.3297,0.6853,RED,55,Chennai
CLM0002733,CHE_02971,Sholinganallur,2022-09-07,11,0,1,1,1,1,1,1,1,1,0.0,0.073928,0,1.0,0,27,2,12,0.6324,0.8504,RED,40,Chennai
CLM0002734,CHE_09468,Chromepet,2016-06-19,20,0,1,1,1,1,0,1,1,0,1.0,0.001072,1,1.0,1,5,1,18,0.9375,0.8441,RED,31,Chennai
CLM0002735,CHE_04281,Perambur,2019-02-10,9,0,1,1,0,0,0,0,0,0,0.0,0.132956,0,0.0,0,84,2,0,0.8854,0.6508,RED,27,Chennai
CLM0002736,CHE_06776,Velachery,2022-05-19,12,0,1,1,0,0,0,0,0,0,1.0,0.965455,0,1.0,0,327,2,0,0.7334,0.8301,RED,66,Chennai
CLM0002737,CHE_08045,Perambur,2016-10-22,10,0,1,1,0,1,1,1,1,1,1.0,0.978851,0,1.0,0,5,1,18,0.05,0.6352,RED,32,Chennai
CLM0002738,CHE_09857,Guindy,2020-01-02,11,0,1,1,1,1,1,1,1,1,1.0,1.0,0,1.0,1,5,0,18,0.05,0.8148,RED,41,Chennai
CLM0002739,CHE_01781,Adyar,2022-07-05,20,0,1,1,0,0,1,1,1,1,0.0,0.119533,0,0.0,1,34,1,13,0.7775,0.5262,YELLOW,32,Chennai
CLM0002740,CHE_00306,Anna Nagar,2025-05-18,21,0,0,0,0,0,0,0,0,0,0.0,0.324317,0,0.0,0,405,3,1,0.8586,0.0,GREEN,26,Chennai
CLM0002741,CHE_03685,Velachery,2025-02-20,16,0,0,0,0,0,0,0,0,0,0.0,0.13759,0,0.0,0,420,0,3,0.9577,0.0208,GREEN,29,Chennai
CLM0002742,CHE_04151,Guindy,2025-07-01,12,0,0,0,0,0,0,0,0,0,1.0,0.962353,0,1.0,0,285,1,5,0.2538,0.0,GREEN,37,Chennai
CLM0002743,CHE_00458,Sholinganallur,2023-07-17,13,0,0,0,0,0,0,0,0,0,0.0,0.11471,0,1.0,0,230,0,3,0.6721,0.1089,GREEN,40,Chennai
CLM0002744,CHE_09785,Perambur,2025-08-02,13,0,0,0,0,0,0,0,1,0,0.0,0.1112,0,0.0,0,79,0,0,0.98,0.0,GREEN,35,Chennai
CLM0002745,CHE_06959,Chromepet,2023-05-11,20,0,0,0,0,0,0,0,1,0,1.0,0.409732,0,0.0,0,420,4,0,0.728,0.143,GREEN,38,Chennai
CLM0002746,CHE_07372,Adyar,2022-06-28,9,0,0,0,0,0,0,0,0,1,0.0,0.186442,0,0.0,0,87,2,1,0.278,0.0986,GREEN,39,Chennai
CLM0002747,CHE_07921,Guindy,2021-12-19,19,0,0,0,0,0,0,0,0,0,0.0,0.931841,0,0.0,0,420,2,3,0.8013,0.0564,GREEN,44,Chennai
CLM0002748,CHE_08914,Anna Nagar,2021-05-02,14,0,0,0,0,0,0,0,1,0,0.0,0.415951,0,0.0,0,57,3,1,0.9088,0.1096,GREEN,44,Chennai
CLM0002749,CHE_04926,Adyar,2025-08-08,13,0,0,0,0,0,0,0,0,0,0.0,0.185658,1,0.0,0,416,3,3,0.6168,0.0253,GREEN,39,Chennai
CLM0002750,CHE_09266,Guindy,2025-12-27,20,0,0,0,0,0,0,0,0,0,0.0,0.367639,0,0.0,0,394,4,2,0.4648,0.0437,GREEN,57,Chennai
CLM0002751,CHE_02700,Anna Nagar,2025-10-29,18,0,0,0,0,0,0,0,0,0,1.0,1.0,0,0.0,0,218,4,0,0.9522,0.0,GREEN,55,Chennai
CLM0002752,CHE_01124,Chromepet,2024-05-25,8,0,0,0,0,0,0,0,0,0,1.0,0.179076,0,0.0,0,420,4,6,0.6405,0.0894,GREEN,18,Chennai
CLM0002753,CHE_01849,Porur,2025-02-13,8,0,0,0,0,0,0,0,0,0,0.0,0.169098,0,0.0,0,368,2,2,0.05,0.0074,GREEN,38,Chennai
CLM0002754,CHE_04642,Adyar,2025-08-11,14,0,0,0,0,0,0,0,0,0,0.0,0.032984,0,0.0,1,420,2,0,0.9292,0.1319,GREEN,36,Chennai
CLM0002755,CHE_09339,Sholinganallur,2025-08-06,19,0,0,0,0,0,0,0,0,0,0.0,0.291016,0,0.0,0,377,1,1,0.1235,0.0,GREEN,49,Chennai
CLM0002756,CHE_08021,Chromepet,2017-09-25,13,0,1,1,0,0,0,0,0,0,0.0,0.341183,0,0.0,0,209,2,2,0.5142,0.0,GREEN,30,Chennai
CLM0002757,CHE_01232,T Nagar,2018-11-01,16,0,0,0,0,0,0,0,0,0,1.0,1.0,0,0.0,0,70,4,0,0.735,0.0886,GREEN,49,Chennai
CLM0002758,CHE_03021,Guindy,2020-04-01,17,0,0,0,0,0,0,0,0,0,0.0,0.079141,0,0.0,0,41,3,5,0.4885,0.0569,GREEN,27,Chennai
CLM0002759,CHE_03515,Chromepet,2022-07-28,19,0,0,0,0,0,0,0,0,0,0.0,0.264549,0,0.0,0,420,0,2,0.7503,0.0717,GREEN,20,Chennai
CLM0002760,CHE_06936,Guindy,2024-04-17,21,0,0,0,0,0,0,1,0,0,1.0,0.267556,0,0.0,0,325,4,6,0.6809,0.1292,GREEN,31,Chennai
CLM0002761,CHE_04505,Adyar,2022-11-13,17,0,0,0,0,0,0,0,0,0,0.0,0.116136,0,0.0,0,420,3,2,0.6023,0.0,GREEN,47,Chennai
CLM0002762,CHE_09031,Chromepet,2020-10-11,8,0,1,1,1,0,0,1,0,0,1.0,0.899929,0,1.0,0,6,2,16,0.05,0.0,GREEN,39,Chennai
CLM0002763,CHE_04489,Sholinganallur,2020-04-29,7,0,0,0,1,0,1,0,0,1,1.0,0.998808,0,0.0,1,27,0,18,0.135,0.1869,GREEN,43,Chennai
CLM0002764,CHE_08275,Adyar,2018-10-25,7,0,0,0,0,0,0,0,0,0,0.0,0.370094,0,0.0,0,242,1,8,0.8382,0.0,GREEN,30,Chennai
CLM0002765,CHE_01372,Guindy,2022-01-27,21,0,0,0,0,0,0,0,0,1,1.0,0.303724,0,0.0,0,399,4,7,0.8346,0.2327,GREEN,25,Chennai
CLM0002766,CHE_05779,T Nagar,2024-06-02,10,0,0,0,1,0,0,0,0,0,0.0,0.0,0,0.0,0,140,4,3,0.6382,0.1286,GREEN,42,Chennai
CLM0002767,CHE_00753,Adyar,2018-08-18,15,0,0,0,0,0,0,0,0,0,0.0,0.232618,0,0.0,0,420,4,2,0.5767,0.0,GREEN,35,Chennai
CLM0002768,CHE_03473,T Nagar,2018-11-24,14,0,0,0,0,0,0,0,0,0,0.0,0.072706,0,0.0,0,184,3,3,0.7728,0.0,GREEN,30,Chennai
CLM0002769,CHE_02762,Perambur,2025-02-18,21,0,0,0,0,0,1,0,0,0,0.0,0.310616,0,0.0,0,420,1,4,0.8184,0.0,GREEN,52,Chennai
CLM0002770,CHE_02289,Velachery,2023-04-15,15,0,0,0,0,1,0,0,0,0,0.0,0.072012,0,0.0,0,420,2,0,0.8837,0.1167,GREEN,38,Chennai
CLM0002771,CHE_09521,Guindy,2023-11-12,7,0,0,0,0,0,0,0,0,0,0.0,0.955855,0,0.0,0,90,0,1,0.4734,0.0,GREEN,38,Chennai
CLM0002772,CHE_05481,Velachery,2024-12-08,21,0,0,0,0,0,0,0,0,0,0.0,0.413987,0,0.0,0,180,1,7,0.1979,0.0,GREEN,34,Chennai
CLM0002773,CHE_05890,Chromepet,2025-11-08,12,0,0,0,0,0,0,0,1,0,1.0,0.02277,0,0.0,0,156,0,5,0.8692,0.1786,GREEN,35,Chennai
CLM0002774,CHE_04564,Anna Nagar,2024-11-17,20,0,1,1,1,1,0,1,1,0,1.0,0.917005,0,1.0,1,5,1,18,0.1159,0.7524,RED,38,Chennai
CLM0002775,CHE_07323,Velachery,2025-04-03,13,0,1,1,1,1,0,0,1,0,0.0,0.992076,0,1.0,0,5,1,18,0.0861,0.4477,YELLOW,18,Chennai
CLM0002776,CHE_04739,Guindy,2025-11-03,15,0,1,1,1,1,0,1,1,1,0.0,0.991341,0,1.0,0,11,0,18,0.05,0.7834,RED,48,Chennai
CLM0002777,CHE_00721,Anna Nagar,2025-07-30,19,0,1,1,0,1,0,0,0,0,0.0,0.350739,0,0.0,0,334,0,1,0.9237,0.5895,YELLOW,49,Chennai
CLM0002778,CHE_02342,Guindy,2025-03-29,18,0,1,1,0,1,0,1,0,1,0.0,1.0,0,1.0,1,12,2,18,0.7598,0.542,YELLOW,37,Chennai
CLM0002779,CHE_00200,Velachery,2025-01-24,19,0,1,1,0,0,0,0,0,0,0.0,0.027553,0,0.0,0,354,2,3,0.3351,0.5099,YELLOW,48,Chennai
CLM0002780,CHE_05140,Velachery,2024-05-08,18,0,1,1,1,1,0,1,0,1,1.0,1.0,1,1.0,0,16,2,10,0.7944,0.5853,YELLOW,51,Chennai
CLM0002781,CHE_08523,T Nagar,2024-10-19,13,0,1,1,0,0,0,0,0,0,0.0,0.402657,0,0.0,0,178,1,2,0.1146,0.574,YELLOW,36,Chennai
CLM0002782,CHE_03420,Chromepet,2022-02-07,16,0,1,1,1,0,1,1,0,1,1.0,1.0,0,0.0,1,13,1,18,0.0675,0.6198,RED,58,Chennai
CLM0002783,CHE_08766,Chromepet,2024-12-08,14,0,1,1,0,0,0,0,0,0,0.0,0.38456,0,0.0,0,281,1,2,0.8918,0.4164,YELLOW,30,Chennai
CLM0002784,CHE_01215,Adyar,2022-10-16,13,0,1,1,1,1,0,1,1,0,0.0,0.951726,0,1.0,1,27,1,18,0.4212,0.6552,RED,26,Chennai
CLM0002785,CHE_08222,Guindy,2025-09-10,14,0,1,1,0,0,0,0,0,0,0.0,0.080861,0,0.0,0,347,0,2,0.1581,0.6333,RED,39,Chennai
CLM0002786,CHE_06428,Porur,2020-06-28,15,0,1,1,1,1,1,1,1,1,1.0,0.971208,0,1.0,0,5,1,18,0.2008,0.562,YELLOW,49,Chennai
CLM0002787,CHE_02739,Perambur,2019-04-12,12,0,1,1,1,1,0,0,1,0,1.0,0.962454,1,0.0,1,5,1,18,0.3494,0.6323,RED,38,Chennai
CLM0002788,CHE_08267,Anna Nagar,2024-10-19,9,0,1,1,0,1,0,1,1,1,1.0,0.010795,1,1.0,1,5,1,18,0.3944,0.6823,RED,18,Chennai
CLM0002789,CHE_08804,T Nagar,2023-10-14,20,0,1,1,1,0,0,1,1,1,0.0,0.173866,0,0.0,1,29,0,18,0.9312,0.693,RED,33,Chennai
CLM0002790,CHE_09214,Tambaram,2022-12-29,10,0,1,1,0,1,1,1,1,1,1.0,0.0,0,1.0,1,17,2,18,0.219,0.7144,RED,35,Chennai
CLM0002791,CHE_08052,Velachery,2022-01-05,20,0,1,1,1,0,1,1,0,1,0.0,0.129838,1,0.0,0,33,2,18,0.8213,0.6823,RED,53,Chennai
CLM0002792,CHE_02646,Adyar,2024-12-26,18,0,1,1,0,1,0,1,1,0,1.0,0.873249,1,1.0,1,25,2,18,0.3133,0.3924,YELLOW,42,Chennai
CLM0002793,CHE_02811,Porur,2024-04-18,16,0,0,0,0,0,0,0,0,0,0.0,0.060767,0,0.0,0,64,4,0,0.759,0.0521,GREEN,39,Chennai
CLM0002794,CHE_04973,Tambaram,2020-07-27,13,0,0,0,0,0,0,0,0,0,0.0,0.0,0,0.0,0,390,0,2,0.6054,0.0,GREEN,24,Chennai
CLM0002795,CHE_08660,Velachery,2017-05-15,15,0,0,0,0,1,1,0,0,0,0.0,0.075085,0,0.0,0,91,1,1,0.6415,0.2283,GREEN,24,Chennai
CLM0002796,CHE_05457,Anna Nagar,2024-12-30,20,0,0,0,0,0,0,0,0,0,0.0,0.316479,0,1.0,0,52,0,0,0.7428,0.0,GREEN,38,Chennai
CLM0002797,CHE_08640,Guindy,2015-08-05,10,0,0,0,0,0,0,0,1,0,0.0,0.407839,0,0.0,0,334,0,0,0.6249,0.0548,GREEN,34,Chennai
CLM0002798,CHE_09192,Velachery,2018-08-26,20,0,0,0,0,0,0,0,1,0,0.0,0.0,0,1.0,0,372,2,2,0.5513,0.1568,GREEN,36,Chennai
CLM0002799,CHE_00772,Velachery,2018-04-15,8,0,0,0,1,0,0,1,1,1,1.0,0.91711,1,0.0,0,44,0,18,0.136,0.0053,GREEN,41,Chennai
CLM0002800,CHE_08656,T Nagar,2015-12-08,8,0,1,1,0,0,0,0,1,0,1.0,0.035436,0,0.0,0,420,4,1,0.6867,0.1951,GREEN,36,Chennai
CLM0002801,CHE_04896,Perambur,2024-11-14,20,0,0,0,0,0,0,0,0,0,0.0,0.247407,0,0.0,0,139,0,3,0.942,0.0,GREEN,42,Chennai
CLM0002802,CHE_06976,T Nagar,2024-07-08,16,0,0,0,0,0,1,0,0,0,0.0,0.377838,0,0.0,0,224,0,6,0.204,0.1748,GREEN,27,Chennai
CLM0002803,CHE_08350,T Nagar,2021-05-15,18,0,0,0,0,1,0,0,0,0,0.0,0.218981,0,0.0,0,185,3,1,0.8976,0.0535,GREEN,39,Chennai
CLM0002804,CHE_06990,Anna Nagar,2024-11-07,17,0,0,0,0,0,0,0,0,0,0.0,0.152947,0,0.0,0,223,0,4,0.6312,0.0,GREEN,44,Chennai
CLM0002805,CHE_07211,T Nagar,2024-06-11,14,0,0,0,0,0,1,0,0,0,0.0,0.258329,0,0.0,0,41,0,5,0.4176,0.0941,GREEN,51,Chennai
CLM0002806,CHE_03940,Porur,2024-01-27,9,0,1,1,0,0,0,0,0,0,0.0,0.0,0,0.0,0,420,4,1,0.1322,0.0,GREEN,28,Chennai
CLM0002807,CHE_03279,Velachery,2024-09-05,17,0,0,0,0,0,0,1,0,0,1.0,0.474863,1,0.0,0,80,0,2,0.6418,0.1377,GREEN,35,Chennai
CLM0002808,CHE_04197,Porur,2024-07-14,15,0,1,1,0,0,0,0,0,0,0.0,0.212309,0,0.0,0,420,3,1,0.6301,0.0804,GREEN,31,Chennai
CLM0002809,CHE_09172,T Nagar,2024-12-11,7,0,0,0,0,0,0,0,0,0,0.0,0.102156,0,0.0,0,397,0,4,0.8348,0.0,GREEN,38,Chennai
CLM0002810,CHE_05717,Anna Nagar,2025-08-30,15,0,1,1,0,0,0,0,1,0,0.0,0.354519,0,0.0,0,281,1,2,0.7316,0.1552,GREEN,32,Chennai
CLM0002811,CHE_03233,Sholinganallur,2024-03-26,16,0,0,0,0,0,0,0,0,0,0.0,0.137015,0,0.0,0,420,1,4,0.2035,0.0834,GREEN,57,Chennai
CLM0002812,CHE_09358,Adyar,2024-08-09,19,0,0,0,0,0,0,0,0,0,1.0,1.0,0,0.0,0,223,1,2,0.5414,0.0527,GREEN,20,Chennai
CLM0002813,CHE_06834,Sholinganallur,2024-12-19,18,0,0,0,0,0,0,0,0,0,0.0,0.047728,0,0.0,1,334,2,2,0.2174,0.0771,GREEN,35,Chennai
CLM0002814,CHE_03366,T Nagar,2022-03-14,14,0,0,0,0,0,0,0,0,0,0.0,0.96503,0,0.0,0,360,3,3,0.5559,0.0,GREEN,51,Chennai
CLM0002815,CHE_09104,Sholinganallur,2024-06-25,18,0,0,0,0,0,0,0,0,0,0.0,0.132807,0,0.0,0,420,0,8,0.9494,0.0,GREEN,28,Chennai
CLM0002816,CHE_07475,Perambur,2025-01-23,21,0,0,0,0,0,0,0,0,0,0.0,0.230174,1,0.0,0,85,3,2,0.98,0.1495,GREEN,35,Chennai
CLM0002817,CHE_04220,Anna Nagar,2016-04-23,20,0,0,0,0,0,1,0,0,0,0.0,0.150337,0,0.0,0,329,2,2,0.5869,0.0595,GREEN,34,Chennai
CLM0002818,CHE_04074,Velachery,2019-12-24,11,0,0,0,0,0,0,1,0,0,0.0,0.142377,0,0.0,0,326,1,3,0.05,0.0388,GREEN,28,Chennai
CLM0002819,CHE_04852,T Nagar,2025-10-23,21,0,0,0,0,0,0,0,1,0,0.0,0.323885,0,0.0,0,95,3,2,0.7327,0.0311,GREEN,47,Chennai
CLM0002820,CHE_01938,Porur,2018-03-28,9,0,0,0,0,0,0,1,0,1,0.0,0.337901,0,0.0,0,207,1,4,0.7221,0.3222,YELLOW,25,Chennai
CLM0002821,CHE_09371,Guindy,2016-09-26,9,0,0,0,0,0,0,0,0,0,0.0,0.086253,0,0.0,0,34,1,6,0.8978,0.0,GREEN,45,Chennai
CLM0002822,CHE_02377,Tambaram,2024-03-31,13,0,0,0,0,0,1,0,0,0,0.0,0.390068,0,0.0,0,347,2,1,0.7229,0.1048,GREEN,34,Chennai
CLM0002823,CHE_01081,Velachery,2017-03-24,8,0,0,0,0,0,0,0,0,0,0.0,0.391264,0,0.0,0,126,1,1,0.98,0.0,GREEN,36,Chennai
CLM0002824,CHE_07245,T Nagar,2021-12-22,13,0,0,0,0,0,0,0,0,0,0.0,0.328502,0,0.0,0,420,0,0,0.6954,0.0,GREEN,48,Chennai
CLM0002825,CHE_06709,Chromepet,2019-07-10,8,0,0,0,0,0,0,0,0,1,0.0,0.194645,0,0.0,0,375,2,5,0.05,0.1096,GREEN,32,Chennai
CLM0002826,CHE_07131,Guindy,2025-05-27,17,0,0,0,0,0,0,0,0,0,0.0,0.0,0,0.0,0,347,0,5,0.6275,0.0,GREEN,48,Chennai
CLM0002827,CHE_00617,Chromepet,2020-08-24,17,0,0,0,0,1,0,0,0,0,0.0,0.010358,0,0.0,0,209,3,0,0.9744,0.1424,GREEN,41,Chennai
CLM0002828,CHE_04134,Porur,2022-05-15,10,0,0,0,0,0,0,0,1,0,0.0,0.360533,0,0.0,0,305,2,3,0.9407,0.07,GREEN,45,Chennai
CLM0002829,CHE_07280,Porur,2023-09-11,10,0,0,0,0,0,0,0,1,0,0.0,0.912169,0,0.0,0,111,1,3,0.6168,0.1278,GREEN,57,Chennai
CLM0002830,CHE_07270,Porur,2016-12-15,7,0,0,0,0,0,0,0,0,0,0.0,0.36244,0,1.0,0,309,0,2,0.8765,0.0916,GREEN,21,Chennai
CLM0002831,CHE_02819,Anna Nagar,2017-03-30,9,0,0,0,0,0,0,0,1,0,0.0,0.903277,0,0.0,0,230,4,0,0.8706,0.1522,GREEN,48,Chennai
CLM0002832,CHE_09739,Velachery,2019-12-18,16,0,0,0,1,0,0,0,0,0,0.0,0.094284,0,0.0,0,392,0,4,0.7574,0.2466,GREEN,36,Chennai
CLM0002833,CHE_05270,Porur,2022-07-02,16,0,0,0,0,1,0,0,1,0,1.0,0.16798,0,0.0,0,420,1,5,0.6303,0.2488,GREEN,46,Chennai
CLM0002834,CHE_04562,Perambur,2024-07-13,13,0,0,0,0,0,0,0,0,0,0.0,0.429761,0,0.0,0,129,3,3,0.0769,0.0,GREEN,42,Chennai
CLM0002835,CHE_03216,Chromepet,2023-11-17,16,0,0,0,0,0,0,1,0,0,0.0,0.066584,0,0.0,0,325,3,3,0.3292,0.1136,GREEN,45,Chennai
CLM0002836,CHE_07972,Adyar,2025-06-11,21,0,0,0,0,0,0,0,0,0,0.0,0.310062,0,0.0,0,383,4,3,0.98,0.0,GREEN,47,Chennai
CLM0002837,CHE_07687,Adyar,2025-04-07,20,0,0,0,0,0,0,0,0,0,0.0,0.375619,1,0.0,0,29,3,6,0.7065,0.049,GREEN,25,Chennai
CLM0002838,CHE_06851,Guindy,2025-08-26,9,0,0,0,0,0,0,0,1,0,0.0,1.0,0,0.0,0,100,1,1,0.4964,0.0885,GREEN,30,Chennai
CLM0002839,CHE_09014,Perambur,2023-12-31,19,0,0,0,0,0,0,0,0,0,0.0,0.140268,0,0.0,0,83,1,0,0.9206,0.0,GREEN,18,Chennai
CLM0002840,CHE_00856,Tambaram,2024-01-27,19,0,0,0,0,0,1,0,0,0,1.0,0.216584,0,0.0,0,65,2,0,0.7007,0.1306,GREEN,38,Chennai
CLM0002841,CHE_04166,Sholinganallur,2023-05-03,18,0,0,0,0,0,0,0,0,0,0.0,0.298743,0,0.0,0,420,1,1,0.6586,0.0982,GREEN,55,Chennai
CLM0002842,CHE_04715,Adyar,2024-11-30,8,0,0,0,0,0,0,0,0,0,0.0,0.123636,0,0.0,0,107,2,3,0.8242,0.0331,GREEN,43,Chennai
CLM0002843,CHE_07154,Tambaram,2023-02-20,12,0,0,0,0,0,0,0,0,0,1.0,0.092028,0,0.0,0,268,1,4,0.5881,0.1059,GREEN,42,Chennai
CLM0002844,CHE_05389,Perambur,2023-10-13,7,0,0,0,0,0,0,0,0,0,0.0,0.082894,0,0.0,0,181,3,6,0.4838,0.0384,GREEN,27,Chennai
CLM0002845,CHE_01914,T Nagar,2023-06-03,16,0,0,0,0,0,0,0,0,0,0.0,0.1549,0,0.0,0,420,2,4,0.7809,0.0001,GREEN,40,Chennai
CLM0002846,CHE_04903,Sholinganallur,2023-09-26,11,0,0,0,0,0,0,0,0,0,0.0,0.097028,0,0.0,0,382,0,2,0.1468,0.0273,GREEN,35,Chennai
CLM0002847,CHE_03439,Velachery,2022-07-27,10,0,0,0,0,0,1,0,0,0,0.0,0.007186,0,0.0,0,107,2,3,0.5376,0.0586,GREEN,36,Chennai
CLM0002848,CHE_06461,Anna Nagar,2023-07-07,18,0,0,0,0,0,0,0,0,0,0.0,0.421979,0,0.0,0,207,3,2,0.2375,0.0664,GREEN,58,Chennai
CLM0002849,CHE_02819,Anna Nagar,2022-10-04,16,0,0,0,0,0,0,0,0,0,1.0,0.002965,0,0.0,0,136,2,3,0.7136,0.0652,GREEN,48,Chennai
CLM0002850,CHE_07600,Chromepet,2024-03-02,8,0,0,0,0,0,0,0,0,0,0.0,0.336886,0,0.0,0,343,1,1,0.592,0.0368,GREEN,29,Chennai
CLM0002851,CHE_03674,Adyar,2024-02-14,19,0,0,0,0,0,0,0,0,0,1.0,0.39045,0,0.0,0,381,3,5,0.66,0.0945,GREEN,48,Chennai
CLM0002852,CHE_06965,Adyar,2025-01-20,11,0,0,0,0,0,0,0,0,0,0.0,0.285948,1,0.0,0,420,1,5,0.9072,0.0,GREEN,29,Chennai
CLM0002853,CHE_00212,T Nagar,2023-05-12,18,0,0,0,0,0,0,0,0,0,0.0,0.184447,0,0.0,0,145,4,3,0.7204,0.0316,GREEN,52,Chennai
CLM0002854,CHE_02569,Guindy,2024-09-07,13,0,0,0,0,0,0,0,0,0,0.0,0.069651,0,0.0,0,101,0,4,0.1744,0.0,GREEN,32,Chennai
CLM0002855,CHE_06443,Porur,2024-07-20,8,0,0,0,0,0,0,0,1,0,0.0,0.129173,0,0.0,0,210,4,2,0.7193,0.097,GREEN,51,Chennai
CLM0002856,CHE_04721,Porur,2023-02-14,18,0,0,0,0,0,0,0,0,0,1.0,0.094057,0,0.0,0,272,3,2,0.0511,0.1066,GREEN,24,Chennai
CLM0002857,CHE_08629,Chromepet,2024-04-27,15,0,0,0,0,0,1,0,0,0,0.0,0.098327,0,0.0,0,205,2,5,0.8636,0.0289,GREEN,44,Chennai
CLM0002858,CHE_09751,Chromepet,2024-12-14,19,0,0,0,1,0,0,0,0,0,0.0,0.326485,0,0.0,0,346,2,0,0.5514,0.1472,GREEN,40,Chennai
CLM0002859,CHE_08031,Chromepet,2023-04-26,10,0,0,0,0,0,0,0,0,0,1.0,0.039952,0,1.0,0,413,0,5,0.7397,0.1109,GREEN,53,Chennai
CLM0002860,CHE_01598,T Nagar,2025-03-17,13,0,0,0,0,0,0,0,0,0,1.0,0.088229,0,0.0,0,420,2,1,0.9628,0.0664,GREEN,38,Chennai
CLM0002861,CHE_08318,Perambur,2023-12-03,8,0,0,0,0,0,0,0,0,0,1.0,0.245859,0,0.0,0,420,3,1,0.6317,0.0559,GREEN,57,Chennai
CLM0002862,CHE_07741,Anna Nagar,2025-02-19,8,0,1,1,0,1,0,0,0,0,0.0,0.263351,0,0.0,0,356,3,3,0.6788,0.1789,GREEN,34,Chennai
CLM0002863,CHE_09921,Chromepet,2025-03-22,9,0,0,0,0,0,0,0,0,0,1.0,1.0,0,1.0,0,42,3,0,0.2406,0.0044,GREEN,54,Chennai
CLM0002864,CHE_04304,Adyar,2025-11-23,15,0,0,0,0,0,0,0,0,0,0.0,0.0,0,0.0,0,182,0,3,0.8241,0.0,GREEN,44,Chennai
CLM0002865,CHE_03003,Velachery,2021-08-12,9,0,0,0,1,0,0,0,0,0,0.0,0.10931,0,0.0,0,46,3,0,0.8443,0.1357,GREEN,24,Chennai
CLM0002866,CHE_07595,Perambur,2024-01-10,10,0,0,0,0,0,0,0,0,0,0.0,0.27635,0,0.0,0,34,1,2,0.3134,0.0147,GREEN,43,Chennai
CLM0002867,CHE_04418,Anna Nagar,2021-11-18,8,0,0,0,0,0,0,0,0,0,0.0,0.203961,0,0.0,0,154,1,2,0.98,0.0,GREEN,30,Chennai
CLM0002868,CHE_07138,Tambaram,2021-06-02,7,0,0,0,1,0,0,0,0,0,0.0,0.056796,0,0.0,0,226,4,5,0.6627,0.1824,GREEN,37,Chennai
CLM0002869,CHE_04653,Guindy,2025-01-25,8,0,0,0,0,0,0,0,0,0,0.0,0.251325,0,0.0,0,200,1,1,0.98,0.0267,GREEN,51,Chennai
CLM0002870,CHE_00713,T Nagar,2024-10-18,12,0,0,0,0,0,0,0,0,0,0.0,0.505456,0,0.0,0,197,3,2,0.5218,0.0,GREEN,31,Chennai
CLM0002871,CHE_03198,Tambaram,2024-02-10,14,0,0,0,0,0,0,0,0,1,1.0,0.219655,0,0.0,0,99,4,0,0.7325,0.2227,GREEN,38,Chennai
CLM0002872,CHE_02969,T Nagar,2025-01-12,8,0,0,0,0,0,0,0,0,0,0.0,0.210167,0,0.0,1,60,4,2,0.7422,0.0849,GREEN,39,Chennai
CLM0002873,CHE_05593,Porur,2024-09-03,13,0,0,0,0,0,0,0,0,0,0.0,0.210666,1,0.0,0,63,3,3,0.7871,0.0839,GREEN,23,Chennai
CLM0002874,CHE_06350,Sholinganallur,2023-10-01,9,0,0,0,1,0,0,0,1,0,0.0,0.356707,0,0.0,0,141,1,0,0.5201,0.1751,GREEN,26,Chennai
CLM0002875,CHE_07345,T Nagar,2025-10-15,12,0,0,0,0,0,0,0,0,0,0.0,0.43143,0,0.0,0,39,3,3,0.7308,0.0,GREEN,25,Chennai
CLM0002876,CHE_05319,T Nagar,2024-07-04,18,0,0,0,0,0,1,0,0,0,0.0,0.050226,0,0.0,0,149,0,3,0.5412,0.0406,GREEN,32,Chennai
CLM0002877,CHE_01276,T Nagar,2023-10-14,9,0,0,0,0,0,0,0,0,0,1.0,0.052964,0,0.0,0,162,0,3,0.9576,0.0726,GREEN,53,Chennai
CLM0002878,CHE_05529,Adyar,2024-04-22,21,0,0,0,0,0,0,0,0,0,0.0,0.0,0,0.0,0,208,4,1,0.6355,0.0,GREEN,39,Chennai
CLM0002879,CHE_03478,Porur,2024-02-27,19,0,0,0,0,0,0,0,0,0,1.0,0.354955,0,0.0,0,168,2,7,0.7879,0.0,GREEN,35,Chennai
CLM0002880,CHE_03399,Adyar,2025-08-03,11,0,0,0,0,0,0,0,0,0,1.0,0.030834,0,0.0,1,185,1,3,0.8129,0.224,GREEN,48,Chennai
CLM0002881,CHE_02376,Velachery,2025-12-24,20,0,0,0,0,0,0,0,0,0,0.0,0.3435,0,0.0,0,402,1,5,0.6491,0.0312,GREEN,45,Chennai
CLM0002882,CHE_08572,Anna Nagar,2024-01-09,12,0,0,0,0,0,0,0,1,0,1.0,0.074734,0,0.0,0,258,2,4,0.7026,0.2117,GREEN,43,Chennai
CLM0002883,CHE_02055,T Nagar,2024-04-15,13,0,0,0,0,0,0,0,0,0,0.0,0.266787,0,0.0,0,420,1,0,0.4527,0.0,GREEN,47,Chennai
CLM0002884,CHE_01978,Guindy,2024-08-26,9,0,0,0,0,0,0,1,0,1,1.0,0.973094,0,0.0,1,5,1,18,0.4335,0.0588,GREEN,36,Chennai
CLM0002885,CHE_06643,Velachery,2025-04-21,16,0,0,0,1,0,0,0,0,0,0.0,0.144433,0,0.0,0,366,1,0,0.9704,0.148,GREEN,39,Chennai
CLM0002886,CHE_09963,T Nagar,2021-10-19,13,0,0,0,0,0,0,0,0,0,0.0,0.991519,0,0.0,1,311,2,0,0.9131,0.0073,GREEN,18,Chennai
CLM0002887,CHE_06140,Perambur,2024-07-23,13,0,0,0,0,0,0,0,0,0,0.0,0.395259,0,0.0,0,82,4,0,0.3264,0.0,GREEN,54,Chennai
CLM0002888,CHE_00179,Velachery,2022-07-31,12,0,0,0,0,0,0,0,0,0,0.0,0.184048,0,0.0,0,257,2,0,0.98,0.0383,GREEN,44,Chennai
CLM0002889,CHE_06356,Guindy,2022-12-29,20,0,0,0,0,0,0,0,0,0,0.0,0.25577,0,0.0,1,271,1,2,0.5658,0.1113,GREEN,49,Chennai
CLM0002890,CHE_00420,Porur,2023-07-17,7,0,1,1,1,1,1,1,1,1,1.0,1.0,0,0.0,1,5,3,18,0.3244,0.0,GREEN,58,Chennai
CLM0002891,CHE_09726,Chromepet,2024-05-16,13,0,0,0,0,0,0,0,1,0,0.0,0.34579,0,0.0,0,372,3,0,0.4906,0.1504,GREEN,42,Chennai
CLM0002892,CHE_00921,Tambaram,2023-04-30,21,0,0,0,0,0,0,0,0,0,0.0,1.0,0,0.0,0,136,0,0,0.1814,0.1258,GREEN,35,Chennai
CLM0002893,CHE_07223,Guindy,2022-06-04,9,0,0,0,0,0,0,0,0,0,0.0,0.921518,0,0.0,0,420,4,2,0.8701,0.0,GREEN,22,Chennai
CLM0002894,CHE_05509,Porur,2019-02-14,20,0,1,1,1,1,0,0,0,1,0.0,0.082841,0,0.0,0,5,1,18,0.1323,0.1138,GREEN,20,Chennai
CLM0002895,CHE_07803,T Nagar,2019-10-03,15,0,0,0,0,0,0,0,0,0,0.0,0.3869,1,0.0,0,142,2,5,0.7193,0.0751,GREEN,45,Chennai
CLM0002896,CHE_05679,Sholinganallur,2021-01-21,19,0,0,0,1,0,1,1,0,1,0.0,0.077057,0,0.0,0,418,4,2,0.9385,0.4009,YELLOW,44,Chennai
CLM0002897,CHE_07639,Tambaram,2017-05-16,12,0,0,0,0,0,0,0,0,0,0.0,0.424717,0,0.0,0,395,1,4,0.7631,0.0,GREEN,19,Chennai
CLM0002898,CHE_07923,Porur,2017-12-11,12,0,0,0,0,0,0,0,0,0,0.0,0.239644,0,0.0,0,262,3,5,0.98,0.0237,GREEN,43,Chennai
CLM0002899,CHE_05490,Guindy,2016-11-04,20,0,0,0,0,0,0,0,0,0,0.0,0.110379,0,0.0,0,375,4,0,0.7844,0.0,GREEN,33,Chennai
CLM0002900,CHE_02333,Chromepet,2017-04-09,20,0,0,0,0,0,0,0,0,0,0.0,1.0,1,0.0,0,124,2,2,0.7148,0.0,GREEN,35,Chennai
CLM0002901,CHE_09895,Perambur,2020-10-25,17,0,0,0,0,0,1,1,0,0,0.0,0.281805,0,0.0,0,306,4,0,0.867,0.2151,GREEN,42,Chennai
CLM0002902,CHE_03614,Adyar,2025-03-20,16,0,0,0,0,0,1,0,0,0,0.0,0.198387,1,0.0,0,176,1,4,0.8077,0.2301,GREEN,27,Chennai
CLM0002903,CHE_01486,Tambaram,2019-03-08,21,0,0,0,0,0,0,0,1,0,0.0,0.176582,0,0.0,0,269,2,4,0.4743,0.1293,GREEN,37,Chennai
CLM0002904,CHE_02606,T Nagar,2025-05-23,11,0,0,0,0,0,0,0,0,0,1.0,0.404876,0,0.0,0,8,3,0,0.7806,0.1198,GREEN,28,Chennai
CLM0002905,CHE_04819,Porur,2023-10-19,10,0,0,0,0,0,0,1,0,0,0.0,0.144939,0,0.0,0,344,0,5,0.3514,0.105,GREEN,55,Chennai
CLM0002906,CHE_01708,Velachery,2024-07-17,7,0,0,0,0,0,0,0,0,0,0.0,0.062488,0,0.0,1,318,1,4,0.9589,0.056,GREEN,36,Chennai
CLM0002907,CHE_02485,Guindy,2024-08-25,9,0,0,0,0,0,0,1,1,0,0.0,0.99482,0,0.0,0,185,4,2,0.7504,0.1037,GREEN,33,Chennai
CLM0002908,CHE_10000,Sholinganallur,2022-12-04,20,0,0,0,0,0,1,0,0,0,0.0,0.01731,0,0.0,0,257,4,1,0.6264,0.0506,GREEN,34,Chennai
CLM0002909,CHE_03926,Porur,2024-10-25,11,0,0,0,0,0,0,0,0,0,0.0,0.17341,0,0.0,0,63,3,4,0.4944,0.0,GREEN,42,Chennai
CLM0002910,CHE_03729,Guindy,2025-05-19,10,0,0,0,0,0,0,0,0,0,0.0,0.297012,0,0.0,0,150,1,3,0.7322,0.0,GREEN,40,Chennai
CLM0002911,CHE_03515,Chromepet,2023-06-06,19,0,0,0,0,0,1,0,0,0,0.0,0.037138,0,0.0,0,381,4,3,0.5807,0.1162,GREEN,20,Chennai
CLM0002912,CHE_04255,Guindy,2023-01-27,18,0,0,0,0,0,0,0,0,0,0.0,0.347771,0,0.0,0,210,4,0,0.98,0.0,GREEN,40,Chennai
CLM0002913,CHE_03134,Adyar,2025-05-06,19,0,0,0,0,0,0,0,1,0,0.0,0.355034,0,0.0,0,281,1,4,0.98,0.1282,GREEN,36,Chennai
CLM0002914,CHE_00222,Perambur,2025-02-18,20,0,0,0,0,0,0,0,1,0,0.0,0.0,0,0.0,0,214,4,0,0.6756,0.0516,GREEN,52,Chennai
CLM0002915,CHE_05863,Porur,2016-07-22,9,0,0,0,0,0,1,0,0,0,0.0,0.328657,0,0.0,0,90,3,2,0.9294,0.0036,GREEN,45,Chennai
CLM0002916,CHE_05656,Chromepet,2017-04-18,16,0,0,0,0,1,0,0,0,0,0.0,0.376082,0,0.0,0,420,2,3,0.9749,0.0292,GREEN,44,Chennai
CLM0002917,CHE_08186,Tambaram,2021-01-20,12,0,0,0,1,1,1,1,0,1,1.0,1.0,1,1.0,0,11,0,18,0.1736,0.1166,GREEN,50,Chennai
CLM0002918,CHE_02061,Tambaram,2018-06-14,20,0,0,0,0,0,0,0,0,1,0.0,0.968779,0,1.0,0,135,0,5,0.6901,0.1214,GREEN,18,Chennai
CLM0002919,CHE_06825,Porur,2017-02-11,13,0,0,0,0,0,0,0,0,0,0.0,0.101227,0,0.0,0,420,0,1,0.9414,0.0747,GREEN,42,Chennai
CLM0002920,CHE_03965,Anna Nagar,2016-01-26,18,0,0,0,0,0,0,0,0,0,0.0,0.288707,0,0.0,0,398,0,1,0.98,0.0,GREEN,36,Chennai
CLM0002921,CHE_02201,Guindy,2024-01-23,18,0,0,0,0,0,1,0,1,0,0.0,0.114591,0,0.0,0,331,3,5,0.9123,0.1816,GREEN,38,Chennai
CLM0002922,CHE_08945,Adyar,2023-06-19,12,0,0,0,0,0,0,0,0,0,0.0,0.237574,0,0.0,0,297,2,0,0.2186,0.0,GREEN,34,Chennai
CLM0002923,CHE_08704,Adyar,2021-02-16,7,0,0,0,0,0,0,0,0,0,0.0,0.337423,0,1.0,0,420,4,0,0.2899,0.0,GREEN,18,Chennai
CLM0002924,CHE_06928,Chromepet,2022-04-04,20,0,0,0,0,0,0,0,0,0,0.0,0.131516,0,0.0,0,262,1,2,0.774,0.073,GREEN,50,Chennai
CLM0002925,CHE_07332,Perambur,2016-07-14,16,0,0,0,0,0,0,0,0,0,0.0,0.418661,0,0.0,0,420,4,5,0.7662,0.0,GREEN,34,Chennai
CLM0002926,CHE_06868,Chromepet,2025-09-12,11,0,0,0,0,0,0,0,0,0,0.0,0.438251,0,0.0,0,420,0,2,0.523,0.0,GREEN,59,Chennai
CLM0002927,CHE_05636,Porur,2023-05-02,20,0,0,0,0,0,0,0,0,0,0.0,1.0,0,0.0,0,45,4,0,0.6352,0.0617,GREEN,57,Chennai
CLM0002928,CHE_03310,Velachery,2020-04-10,15,0,0,0,0,0,0,0,0,1,0.0,0.009139,0,0.0,0,228,3,6,0.9003,0.1083,GREEN,32,Chennai
CLM0002929,CHE_08898,Porur,2019-09-23,11,0,0,0,0,0,1,0,1,0,0.0,0.947502,0,0.0,0,306,0,0,0.9031,0.203,GREEN,26,Chennai
CLM0002930,CHE_04058,Porur,2016-04-07,18,0,0,0,0,0,0,0,0,0,0.0,0.118589,0,0.0,1,347,2,0,0.8132,0.1149,GREEN,18,Chennai
CLM0002931,CHE_08930,Anna Nagar,2017-11-28,20,0,0,0,0,0,0,0,1,0,0.0,0.02684,0,0.0,0,257,0,0,0.813,0.1404,GREEN,57,Chennai
CLM0002932,CHE_05794,Velachery,2024-12-03,12,0,0,0,0,0,0,0,0,0,0.0,0.381408,0,0.0,0,65,3,0,0.5632,0.0733,GREEN,40,Chennai
CLM0002933,CHE_05752,Chromepet,2025-09-11,8,0,0,0,0,0,0,0,1,0,0.0,0.999303,0,0.0,0,408,0,4,0.0755,0.0905,GREEN,44,Chennai
CLM0002934,CHE_06084,Velachery,2025-11-09,13,0,0,0,0,1,0,0,0,0,0.0,0.253143,0,0.0,0,222,0,1,0.98,0.123,GREEN,43,Chennai
CLM0002935,CHE_07371,T Nagar,2025-12-12,21,0,0,0,0,0,0,0,0,0,0.0,0.10991,0,0.0,0,420,2,3,0.7137,0.0061,GREEN,34,Chennai
CLM0002936,CHE_09225,Adyar,2025-12-01,14,0,0,0,0,1,0,0,0,0,1.0,0.195026,0,0.0,0,181,4,4,0.98,0.2193,GREEN,54,Chennai
CLM0002937,CHE_08616,Guindy,2024-12-26,19,0,0,0,0,0,0,0,0,0,0.0,0.140994,0,0.0,0,420,2,0,0.7431,0.033,GREEN,34,Chennai
CLM0002938,CHE_04987,Velachery,2016-05-11,15,0,0,0,0,0,0,0,0,0,0.0,1.0,0,0.0,0,39,3,2,0.8463,0.0583,GREEN,64,Chennai
CLM0002939,CHE_01326,Anna Nagar,2023-03-03,11,0,0,0,0,0,0,0,0,0,0.0,0.366206,0,0.0,0,55,3,3,0.9264,0.0,GREEN,46,Chennai
CLM0002940,CHE_08647,Sholinganallur,2022-02-11,12,0,0,0,0,0,0,0,0,0,0.0,0.436747,0,0.0,0,283,0,1,0.8584,0.0383,GREEN,57,Chennai
CLM0002941,CHE_08950,Perambur,2025-02-20,21,0,0,0,0,1,0,0,0,0,0.0,0.257215,1,0.0,0,121,2,1,0.6226,0.3442,YELLOW,48,Chennai
CLM0002942,CHE_03045,Anna Nagar,2023-03-13,11,0,0,0,0,0,0,0,0,0,0.0,0.025314,0,0.0,1,124,1,1,0.1238,0.1046,GREEN,38,Chennai
CLM0002943,CHE_04106,Perambur,2024-09-08,9,0,0,0,0,0,0,0,1,0,0.0,0.114438,0,0.0,0,113,3,1,0.98,0.1378,GREEN,18,Chennai
CLM0002944,CHE_01467,Sholinganallur,2024-08-09,19,0,0,0,0,0,0,0,0,0,0.0,0.111611,0,0.0,0,312,1,6,0.6356,0.0,GREEN,42,Chennai
CLM0002945,CHE_08498,Anna Nagar,2023-12-30,15,0,0,0,0,0,0,0,0,0,0.0,1.0,1,0.0,0,420,2,6,0.4572,0.0,GREEN,44,Chennai
CLM0002946,CHE_00118,Anna Nagar,2024-04-03,19,0,0,0,0,0,0,0,0,0,0.0,0.0,0,0.0,0,371,3,6,0.6984,0.0,GREEN,52,Chennai
CLM0002947,CHE_07591,Anna Nagar,2019-07-08,12,0,0,0,0,0,0,0,0,0,0.0,0.055885,0,0.0,0,420,0,3,0.8684,0.0763,GREEN,44,Chennai
CLM0002948,CHE_09950,Porur,2024-07-15,14,0,0,0,0,0,0,0,0,0,0.0,0.917214,0,0.0,0,258,1,2,0.9033,0.0,GREEN,55,Chennai
CLM0002949,CHE_03231,Tambaram,2019-05-13,17,0,0,0,0,1,1,0,0,0,1.0,1.0,0,1.0,0,242,1,2,0.5957,0.1823,GREEN,44,Chennai
CLM0002950,CHE_09059,Velachery,2019-05-10,14,0,0,0,1,0,0,0,0,0,1.0,0.442114,0,0.0,0,420,1,0,0.7145,0.0684,GREEN,32,Chennai
CLM0002951,CHE_00872,Chromepet,2022-10-22,19,0,0,0,0,0,1,0,0,0,0.0,0.123703,0,0.0,0,5,3,4,0.05,0.104,GREEN,36,Chennai
CLM0002952,CHE_06518,Porur,2025-12-28,7,0,0,0,0,0,0,0,0,0,0.0,0.231066,0,0.0,0,236,4,1,0.98,0.0,GREEN,35,Chennai
CLM0002953,CHE_09868,Chromepet,2018-02-04,12,0,0,0,0,0,0,0,0,0,0.0,0.121608,0,0.0,0,327,1,1,0.7888,0.0389,GREEN,35,Chennai
CLM0002954,CHE_06166,Sholinganallur,2025-02-14,14,0,0,0,0,0,0,0,0,0,0.0,0.271206,0,0.0,0,420,4,0,0.8537,0.0262,GREEN,19,Chennai
CLM0002955,CHE_09382,Perambur,2023-05-24,18,0,0,0,0,1,0,0,0,0,0.0,0.0,0,0.0,0,11,0,0,0.8591,0.0381,GREEN,34,Chennai
CLM0002956,CHE_04152,Porur,2024-03-04,14,0,0,0,0,0,0,0,0,0,0.0,0.179696,0,0.0,0,346,0,1,0.5612,0.0,GREEN,48,Chennai
CLM0002957,CHE_03674,Adyar,2024-05-10,13,0,0,0,0,0,0,0,0,0,0.0,0.161014,0,0.0,1,361,3,1,0.98,0.0,GREEN,48,Chennai
CLM0002958,CHE_01920,Porur,2025-12-27,11,0,0,0,0,0,0,0,0,0,0.0,0.288511,0,0.0,0,224,3,0,0.6238,0.0627,GREEN,47,Chennai
CLM0002959,CHE_08523,T Nagar,2024-07-31,13,0,0,0,0,0,0,0,0,0,0.0,0.367512,0,0.0,0,377,3,0,0.6465,0.0,GREEN,36,Chennai
CLM0002960,CHE_05107,T Nagar,2025-10-19,16,0,0,0,0,0,0,0,0,0,0.0,0.209419,0,0.0,0,343,4,0,0.898,0.0,GREEN,59,Chennai
CLM0002961,CHE_07151,Porur,2025-11-11,13,0,0,0,0,0,0,0,0,0,1.0,0.158656,0,0.0,0,420,0,2,0.4915,0.0267,GREEN,36,Chennai
CLM0002962,CHE_05940,Anna Nagar,2023-08-29,7,0,0,0,0,0,1,0,0,0,0.0,0.129635,0,0.0,1,420,3,1,0.1491,0.1752,GREEN,53,Chennai
CLM0002963,CHE_06165,Chromepet,2022-03-22,18,0,0,0,0,0,0,0,0,0,1.0,0.262344,0,0.0,0,218,4,4,0.9729,0.0731,GREEN,35,Chennai
CLM0002964,CHE_02759,Guindy,2022-04-21,13,0,0,0,0,0,0,0,0,0,0.0,0.130517,0,0.0,0,307,1,6,0.2797,0.0,GREEN,39,Chennai
CLM0002965,CHE_07627,Chromepet,2025-02-05,7,0,0,0,0,0,0,0,0,0,0.0,0.114684,0,0.0,0,311,0,3,0.9736,0.0,GREEN,50,Chennai
CLM0002966,CHE_06141,Guindy,2022-12-03,13,0,0,0,0,0,0,0,0,0,1.0,0.962194,0,0.0,0,282,4,0,0.7514,0.0923,GREEN,21,Chennai
CLM0002967,CHE_02522,Adyar,2023-03-02,7,0,0,0,0,0,0,0,0,0,0.0,0.429931,0,0.0,0,420,1,1,0.3462,0.1046,GREEN,27,Chennai
CLM0002968,CHE_08023,Velachery,2023-10-26,13,0,0,0,0,1,0,0,0,1,0.0,0.019232,0,0.0,1,113,2,0,0.5022,0.2133,GREEN,42,Chennai
CLM0002969,CHE_01117,Velachery,2022-09-19,13,0,0,0,0,0,0,0,0,0,0.0,0.060393,0,0.0,0,155,4,2,0.1362,0.0,GREEN,28,Chennai
CLM0002970,CHE_03161,Anna Nagar,2022-09-19,8,0,0,0,1,0,0,0,0,0,0.0,0.426488,0,0.0,1,342,3,4,0.801,0.109,GREEN,42,Chennai
CLM0002971,CHE_07849,Adyar,2022-07-15,18,0,0,0,0,0,0,0,0,0,0.0,0.966546,0,0.0,0,104,1,0,0.7927,0.0,GREEN,29,Chennai
CLM0002972,CHE_05529,Adyar,2025-12-23,20,0,0,0,1,1,0,0,1,0,0.0,0.117862,0,1.0,0,420,3,3,0.8406,0.46,YELLOW,39,Chennai
CLM0002973,CHE_09056,Sholinganallur,2024-12-25,8,0,0,0,0,0,0,0,0,0,0.0,0.27379,0,0.0,0,420,1,2,0.98,0.0816,GREEN,18,Chennai
CLM0002974,CHE_00636,Sholinganallur,2025-07-31,13,0,0,0,0,0,0,0,0,0,0.0,0.084826,0,0.0,0,304,1,2,0.98,0.0,GREEN,43,Chennai
CLM0002975,CHE_09443,Anna Nagar,2025-02-13,9,0,0,0,0,0,0,0,0,0,0.0,0.327795,0,0.0,0,209,1,1,0.05,0.0,GREEN,51,Chennai
CLM0002976,CHE_02200,Anna Nagar,2024-05-29,19,0,0,0,0,0,0,0,1,0,0.0,0.081745,0,0.0,0,380,2,0,0.6723,0.1203,GREEN,42,Chennai
CLM0002977,CHE_09362,Velachery,2024-05-09,10,0,0,0,0,0,0,0,0,0,0.0,0.36242,0,0.0,0,420,1,3,0.4675,0.0,GREEN,47,Chennai
CLM0002978,CHE_06892,Guindy,2024-12-23,13,0,0,0,0,0,0,0,0,0,0.0,0.089688,0,0.0,0,249,1,2,0.7024,0.0,GREEN,36,Chennai
CLM0002979,CHE_09228,Perambur,2024-03-30,15,0,0,0,0,0,0,0,0,0,0.0,0.29927,0,0.0,0,364,3,8,0.7218,0.0028,GREEN,26,Chennai
CLM0002980,CHE_08466,T Nagar,2024-01-18,15,0,0,0,0,0,0,0,0,0,0.0,0.135243,0,0.0,0,420,2,1,0.1291,0.0,GREEN,34,Chennai
CLM0002981,CHE_05190,Chromepet,2024-07-17,21,0,0,0,1,1,0,0,0,0,0.0,0.030707,1,0.0,0,5,0,18,0.8334,0.0,GREEN,42,Chennai
CLM0002982,CHE_00574,Adyar,2023-07-09,13,0,0,0,0,0,1,0,0,0,0.0,0.184831,0,0.0,0,334,3,3,0.5481,0.1057,GREEN,48,Chennai
CLM0002983,CHE_00494,Sholinganallur,2023-08-05,21,0,0,0,0,0,0,0,0,0,0.0,0.251073,0,0.0,0,420,1,0,0.7724,0.0337,GREEN,45,Chennai
CLM0002984,CHE_09327,Anna Nagar,2025-11-01,20,0,0,0,0,0,0,0,0,0,0.0,0.08416,0,0.0,0,220,4,2,0.7827,0.0274,GREEN,46,Chennai
CLM0002985,CHE_09238,Perambur,2025-11-02,7,0,0,0,0,0,0,0,0,1,0.0,0.457377,0,0.0,1,93,3,3,0.7477,0.2129,GREEN,24,Chennai
CLM0002986,CHE_02622,Guindy,2023-01-07,9,0,0,0,0,0,0,0,0,0,0.0,0.091741,0,0.0,0,128,1,3,0.6523,0.0211,GREEN,62,Chennai
CLM0002987,CHE_09095,Chromepet,2025-12-19,7,0,0,0,0,0,1,0,0,0,0.0,0.186079,0,0.0,0,196,0,2,0.9186,0.1085,GREEN,40,Chennai
CLM0002988,CHE_01584,Perambur,2024-02-23,17,0,0,0,0,0,0,0,0,0,0.0,0.256148,0,0.0,0,310,3,0,0.6772,0.0,GREEN,41,Chennai
CLM0002989,CHE_01135,Sholinganallur,2024-03-28,17,0,0,0,0,0,0,0,0,1,0.0,0.144782,0,0.0,0,43,1,6,0.9332,0.1839,GREEN,22,Chennai
CLM0002990,CHE_06721,Tambaram,2025-01-09,20,0,0,0,1,0,0,0,0,0,0.0,0.337292,0,0.0,0,420,2,1,0.1686,0.1869,GREEN,35,Chennai
CLM0002991,CHE_09291,Porur,2025-07-04,10,0,0,0,0,0,0,0,1,0,0.0,0.341264,0,0.0,0,420,4,5,0.0963,0.1919,GREEN,45,Chennai
CLM0002992,CHE_02928,Guindy,2025-03-08,11,0,0,0,0,0,0,0,0,0,0.0,0.151004,0,0.0,0,14,2,1,0.637,0.0562,GREEN,43,Chennai
CLM0002993,CHE_09340,Chromepet,2025-12-14,14,0,0,0,0,0,0,0,0,0,0.0,0.195249,0,0.0,0,10,4,2,0.5289,0.0,GREEN,40,Chennai
CLM0002994,CHE_05392,Anna Nagar,2025-06-04,11,0,0,0,0,0,0,0,0,0,1.0,0.244992,0,0.0,0,420,2,2,0.4487,0.0411,GREEN,22,Chennai
CLM0002995,CHE_01731,T Nagar,2025-08-22,14,0,0,0,0,0,0,0,0,0,0.0,0.202803,0,0.0,0,119,2,0,0.2824,0.1359,GREEN,48,Chennai
CLM0002996,CHE_05930,Chromepet,2025-06-18,21,0,0,0,0,0,0,1,0,0,0.0,0.143858,0,0.0,0,130,3,1,0.7457,0.1183,GREEN,41,Chennai
CLM0002997,CHE_04599,Velachery,2025-09-05,14,0,0,0,0,1,0,0,0,0,0.0,0.122979,0,0.0,0,334,4,1,0.7888,0.0643,GREEN,44,Chennai
CLM0002998,CHE_06219,Adyar,2025-05-31,14,0,0,0,0,0,1,0,1,0,1.0,0.126036,0,0.0,0,357,3,3,0.98,0.2759,GREEN,51,Chennai
CLM0002999,CHE_01046,Anna Nagar,2025-10-30,14,0,0,0,0,0,1,0,1,1,0.0,0.37786,0,0.0,0,359,0,5,0.98,0.338,YELLOW,43,Chennai
CLM0003000,CHE_02706,Chromepet,2025-01-28,7,0,0,0,0,0,0,0,0,0,0.0,0.036156,1,0.0,0,357,0,0,0.98,0.044,GREEN,61,Chennai
CLM0003001,CHE_02118,Porur,2025-05-30,10,0,0,0,0,0,0,0,1,0,0.0,0.191488,0,0.0,0,102,4,5,0.5144,0.0691,GREEN,23,Chennai
CLM0003002,CHE_09648,T Nagar,2025-09-16,12,0,0,0,0,0,0,0,0,0,0.0,0.05422,0,0.0,0,102,2,4,0.697,0.0,GREEN,45,Chennai
CLM0003003,CHE_09627,Guindy,2023-12-10,18,0,0,0,0,0,0,0,0,0,1.0,0.281536,1,0.0,0,179,4,5,0.9622,0.1217,GREEN,33,Chennai
CLM0003004,CHE_07741,Anna Nagar,2023-11-26,12,0,0,0,0,0,0,0,0,0,0.0,0.330034,0,0.0,0,420,1,0,0.9188,0.0,GREEN,34,Chennai
CLM0003005,CHE_07676,Adyar,2025-06-07,16,0,0,0,0,0,0,0,1,0,0.0,0.349625,0,0.0,0,105,0,3,0.9439,0.0674,GREEN,47,Chennai
CLM0003006,CHE_05228,T Nagar,2025-09-28,20,0,1,1,0,0,0,0,0,0,0.0,0.261123,0,0.0,0,111,3,1,0.98,0.0322,GREEN,37,Chennai
CLM0003007,CHE_02942,Velachery,2025-10-02,11,0,0,0,0,0,0,0,0,0,0.0,0.31008,0,0.0,0,343,4,3,0.8885,0.0328,GREEN,27,Chennai
CLM0003008,CHE_02715,Porur,2024-01-25,15,0,0,0,0,0,0,0,0,0,0.0,0.08482,0,0.0,0,420,0,0,0.6693,0.0071,GREEN,44,Chennai
CLM0003009,CHE_09604,Chromepet,2021-06-10,7,0,0,0,0,0,0,0,0,0,1.0,0.098536,0,1.0,0,244,1,4,0.7809,0.077,GREEN,38,Chennai
CLM0003010,CHE_08277,T Nagar,2025-03-12,7,0,0,0,0,0,0,0,0,0,1.0,0.163567,1,0.0,0,304,0,2,0.5039,0.1006,GREEN,44,Chennai
CLM0003011,CHE_08132,T Nagar,2021-05-30,10,0,0,0,0,0,0,0,0,0,0.0,0.348926,0,1.0,0,121,4,7,0.1947,0.0,GREEN,32,Chennai
CLM0003012,CHE_03982,Adyar,2025-12-18,15,0,0,0,0,0,0,0,0,0,1.0,0.387692,0,1.0,0,113,2,2,0.8698,0.0677,GREEN,29,Chennai
CLM0003013,CHE_00995,Porur,2024-08-17,16,0,0,0,0,0,0,0,1,0,0.0,0.138184,0,0.0,0,190,0,0,0.592,0.075,GREEN,46,Chennai
CLM0003014,CHE_06525,Chromepet,2022-09-14,21,0,0,0,0,0,1,0,0,0,0.0,0.231637,0,0.0,0,420,1,0,0.8358,0.1286,GREEN,54,Chennai
CLM0003015,CHE_03171,Sholinganallur,2024-02-18,13,0,0,0,0,0,0,0,0,0,0.0,0.161599,0,0.0,0,168,3,1,0.9719,0.0,GREEN,55,Chennai
CLM0003016,CHE_01757,Guindy,2023-07-03,8,0,0,0,0,0,0,0,0,0,0.0,0.270561,0,0.0,0,301,2,2,0.05,0.0424,GREEN,41,Chennai
CLM0003017,CHE_01581,Chromepet,2025-12-21,10,0,0,0,0,0,0,0,0,0,0.0,0.065078,0,0.0,0,222,4,0,0.98,0.0,GREEN,44,Chennai
CLM0003018,CHE_01755,Sholinganallur,2024-05-22,13,0,0,0,0,0,0,0,0,0,1.0,0.246222,0,0.0,0,290,1,1,0.1463,0.1138,GREEN,48,Chennai
CLM0003019,CHE_03689,Velachery,2022-07-01,9,0,0,0,0,0,0,0,0,0,0.0,0.101159,0,0.0,0,407,3,2,0.9486,0.006,GREEN,33,Chennai
CLM0003020,CHE_08107,Perambur,2023-04-12,12,0,0,0,0,0,0,0,0,0,0.0,0.234179,0,0.0,0,420,2,3,0.0752,0.1591,GREEN,56,Chennai
CLM0003021,CHE_03560,Perambur,2024-07-09,12,0,0,0,0,0,0,0,0,0,0.0,0.316117,0,0.0,0,286,2,0,0.5758,0.0,GREEN,33,Chennai
CLM0003022,CHE_03673,Porur,2025-04-28,12,0,0,0,0,0,0,0,0,0,0.0,0.0,1,0.0,0,116,3,0,0.98,0.1068,GREEN,27,Chennai
CLM0003023,CHE_03533,Adyar,2024-03-05,8,0,0,0,0,0,0,0,0,0,0.0,0.331092,0,0.0,0,331,0,1,0.98,0.0,GREEN,39,Chennai
CLM0003024,CHE_08778,T Nagar,2023-11-21,15,0,0,0,0,0,0,1,0,0,0.0,0.061851,0,0.0,0,113,3,1,0.1078,0.145,GREEN,34,Chennai
CLM0003025,CHE_02433,Anna Nagar,2024-08-17,13,0,0,0,0,0,0,0,0,0,0.0,0.209704,0,0.0,0,176,1,3,0.4461,0.0,GREEN,41,Chennai
CLM0003026,CHE_03930,T Nagar,2020-11-03,8,0,0,0,0,0,0,0,0,0,1.0,0.146675,0,0.0,0,63,0,3,0.6535,0.079,GREEN,28,Chennai
CLM0003027,CHE_08990,Chromepet,2023-10-05,9,0,0,0,0,0,0,0,0,0,0.0,0.9205,0,0.0,0,123,1,3,0.7311,0.0,GREEN,30,Chennai
CLM0003028,CHE_07249,Perambur,2025-01-14,11,0,0,0,0,0,1,1,0,0,1.0,1.0,0,1.0,0,120,2,6,0.8015,0.1971,GREEN,41,Chennai
CLM0003029,CHE_06665,Sholinganallur,2025-02-23,18,0,0,0,0,0,0,0,0,0,0.0,0.154634,0,0.0,0,135,4,6,0.98,0.0,GREEN,26,Chennai
CLM0003030,CHE_01172,Sholinganallur,2024-07-11,15,0,0,0,0,0,0,1,0,0,1.0,0.084613,0,0.0,0,226,0,4,0.05,0.1639,GREEN,57,Chennai
CLM0003031,CHE_03762,Porur,2024-09-07,18,0,0,0,0,0,0,0,0,1,1.0,0.372255,0,0.0,0,420,3,1,0.7151,0.3273,YELLOW,22,Chennai
CLM0003032,CHE_09912,Chromepet,2024-01-24,17,0,0,0,0,0,0,1,0,0,0.0,0.0,0,0.0,0,420,3,5,0.8259,0.0095,GREEN,30,Chennai
CLM0003033,CHE_08456,Anna Nagar,2024-06-02,14,0,0,0,0,0,0,0,0,0,0.0,0.212718,0,0.0,0,395,2,2,0.9516,0.0793,GREEN,47,Chennai
CLM0003034,CHE_09242,Chromepet,2024-12-09,7,0,0,0,0,0,0,0,0,0,0.0,0.231802,0,0.0,0,97,3,2,0.3045,0.0,GREEN,32,Chennai
CLM0003035,CHE_05253,T Nagar,2024-11-08,8,0,0,0,0,0,0,0,0,0,0.0,0.20691,0,0.0,0,5,2,2,0.8778,0.0285,GREEN,21,Chennai
CLM0003036,CHE_01830,Velachery,2024-10-27,17,0,0,0,0,0,0,0,1,0,0.0,0.132873,0,0.0,0,383,3,0,0.5624,0.0,GREEN,46,Chennai
CLM0003037,CHE_06307,Tambaram,2025-05-06,16,0,0,0,0,0,0,0,0,0,0.0,0.240609,0,0.0,1,291,3,2,0.0813,0.0,GREEN,32,Chennai
CLM0003038,CHE_06113,Perambur,2025-10-06,20,0,0,0,0,1,0,0,0,0,0.0,0.149308,0,0.0,0,236,3,3,0.6338,0.1,GREEN,40,Chennai
CLM0003039,CHE_05220,Guindy,2024-02-01,11,0,0,0,0,0,0,0,0,0,0.0,0.294422,0,0.0,0,420,2,4,0.6282,0.0,GREEN,36,Chennai
CLM0003040,CHE_02409,Perambur,2025-04-22,20,0,0,0,0,0,0,0,0,0,0.0,0.217926,0,0.0,0,347,2,0,0.6109,0.082,GREEN,52,Chennai
CLM0003041,CHE_02873,Tambaram,2023-05-27,21,0,0,0,0,0,1,0,0,0,0.0,1.0,0,0.0,0,208,1,0,0.626,0.0863,GREEN,41,Chennai
CLM0003042,CHE_03349,Anna Nagar,2023-07-23,13,0,0,0,0,0,0,0,1,0,1.0,0.417734,0,0.0,0,183,2,1,0.3133,0.1917,GREEN,56,Chennai
CLM0003043,CHE_03302,Chromepet,2023-08-04,13,0,0,0,0,0,0,0,0,0,0.0,0.128133,0,0.0,0,318,3,3,0.8673,0.0009,GREEN,41,Chennai
CLM0003044,CHE_06202,Velachery,2022-07-09,11,0,0,0,0,0,0,0,0,0,0.0,0.169706,0,0.0,0,26,1,5,0.1906,0.0534,GREEN,36,Chennai
CLM0003045,CHE_08831,Velachery,2016-08-11,9,0,0,0,0,0,0,0,0,0,0.0,0.340643,0,0.0,0,363,3,3,0.9248,0.0,GREEN,40,Chennai
CLM0003046,CHE_05558,Chromepet,2022-04-21,19,0,0,0,0,0,0,0,0,0,0.0,0.275619,0,0.0,1,176,1,2,0.4852,0.1262,GREEN,39,Chennai
CLM0003047,CHE_06236,Sholinganallur,2019-03-25,21,0,0,0,0,0,0,0,0,0,0.0,0.07044,0,0.0,0,171,3,0,0.1283,0.0,GREEN,47,Chennai
CLM0003048,CHE_04817,Tambaram,2025-10-30,17,0,0,0,0,0,0,0,0,0,0.0,0.118134,0,0.0,0,262,2,2,0.6213,0.0,GREEN,22,Chennai
CLM0003049,CHE_05127,Chromepet,2017-12-08,17,0,0,0,1,0,0,0,0,0,0.0,0.049137,0,0.0,0,420,3,4,0.6457,0.2027,GREEN,48,Chennai
CLM0003050,CHE_04480,Porur,2019-05-10,20,0,0,0,0,0,0,0,0,0,0.0,0.272685,0,0.0,0,251,2,3,0.98,0.0,GREEN,51,Chennai
CLM0003051,CHE_04601,Velachery,2024-12-09,13,0,0,0,0,0,0,0,0,0,0.0,0.292193,0,0.0,0,77,0,1,0.8053,0.0584,GREEN,53,Chennai
CLM0003052,CHE_03308,Anna Nagar,2023-08-29,18,0,0,0,0,0,0,0,1,0,0.0,0.04846,0,0.0,0,108,2,5,0.05,0.123,GREEN,33,Chennai
CLM0003053,CHE_04630,Guindy,2024-07-27,17,0,0,0,0,0,0,0,1,0,0.0,0.190464,0,0.0,0,420,0,5,0.3989,0.1108,GREEN,30,Chennai
CLM0003054,CHE_02197,Chromepet,2024-04-11,14,0,0,0,0,0,1,0,0,0,0.0,0.255999,0,0.0,0,420,3,0,0.6634,0.1716,GREEN,40,Chennai
CLM0003055,CHE_08714,Velachery,2025-12-27,12,0,0,0,0,0,0,0,0,0,0.0,0.373429,0,0.0,0,65,2,3,0.1056,0.0468,GREEN,51,Chennai
CLM0003056,CHE_07918,Anna Nagar,2025-09-28,14,0,0,0,0,0,0,0,0,0,0.0,0.027364,0,0.0,1,271,2,3,0.7862,0.0638,GREEN,36,Chennai
CLM0003057,CHE_05825,Porur,2024-04-25,15,0,0,0,0,1,0,0,0,0,0.0,0.116147,0,0.0,0,157,0,2,0.6697,0.1704,GREEN,33,Chennai
CLM0003058,CHE_03822,Adyar,2025-04-25,18,0,0,0,0,0,0,0,0,0,0.0,1.0,0,0.0,0,97,3,0,0.5829,0.0,GREEN,40,Chennai
CLM0003059,CHE_01658,Tambaram,2025-09-21,17,0,0,0,0,1,0,0,0,0,0.0,0.232857,0,1.0,0,364,1,1,0.05,0.0563,GREEN,36,Chennai
CLM0003060,CHE_04414,T Nagar,2024-08-18,20,0,0,0,0,0,0,0,0,0,0.0,0.0,0,0.0,0,221,4,5,0.1338,0.0331,GREEN,18,Chennai
CLM0003061,CHE_01220,Perambur,2024-04-17,9,0,0,0,0,0,0,0,0,0,0.0,0.089725,0,0.0,0,80,4,3,0.661,0.1513,GREEN,52,Chennai
CLM0003062,CHE_01406,Anna Nagar,2025-09-02,12,0,0,0,0,0,0,0,0,0,0.0,0.198235,0,0.0,0,420,4,0,0.952,0.0638,GREEN,31,Chennai
CLM0003063,CHE_06470,Anna Nagar,2024-06-06,18,0,0,0,0,0,0,0,0,0,0.0,0.183322,0,0.0,0,402,3,0,0.7927,0.0,GREEN,28,Chennai
CLM0003064,CHE_02280,Sholinganallur,2024-11-15,18,0,0,0,1,0,0,0,1,0,0.0,0.005856,0,0.0,0,286,0,1,0.4481,0.264,GREEN,32,Chennai
CLM0003065,CHE_02325,T Nagar,2025-01-04,12,0,0,0,0,0,0,0,0,0,1.0,0.089869,0,0.0,0,145,2,4,0.7815,0.0792,GREEN,40,Chennai
CLM0003066,CHE_06786,Velachery,2023-08-05,18,0,0,0,0,0,0,0,0,0,1.0,0.967147,0,1.0,0,264,1,0,0.98,0.0499,GREEN,47,Chennai
CLM0003067,CHE_08647,Sholinganallur,2024-05-07,14,0,0,0,0,0,0,0,0,0,0.0,0.115136,0,0.0,0,260,4,3,0.98,0.0,GREEN,57,Chennai
CLM0003068,CHE_03858,Adyar,2021-12-26,11,0,0,0,0,0,0,0,0,0,0.0,0.083881,0,0.0,0,172,2,2,0.9235,0.0377,GREEN,45,Chennai
CLM0003069,CHE_08702,Anna Nagar,2023-12-09,19,0,0,0,0,0,0,0,0,0,0.0,0.104224,0,0.0,0,97,2,0,0.8774,0.0005,GREEN,35,Chennai
CLM0003070,CHE_09073,Adyar,2024-10-27,9,0,0,0,0,0,0,0,0,0,0.0,0.01823,0,0.0,0,197,0,2,0.6008,0.0,GREEN,48,Chennai
CLM0003071,CHE_08631,Perambur,2024-06-08,17,0,0,0,0,0,0,0,0,0,0.0,0.418204,0,0.0,0,372,2,4,0.1694,0.0096,GREEN,45,Chennai
CLM0003072,CHE_04874,Porur,2025-05-16,18,0,0,0,0,0,0,0,0,0,0.0,0.380448,0,0.0,0,203,0,1,0.2669,0.0373,GREEN,39,Chennai
CLM0003073,CHE_02614,Porur,2017-06-16,19,0,0,0,0,1,0,0,0,0,0.0,0.0,0,0.0,0,359,0,3,0.952,0.1058,GREEN,48,Chennai
CLM0003074,CHE_00161,Velachery,2025-06-20,20,0,0,0,1,0,1,0,0,0,0.0,0.297114,0,0.0,0,145,0,5,0.7874,0.2574,GREEN,58,Chennai
CLM0003075,CHE_06309,Guindy,2019-03-08,15,0,0,0,0,0,0,0,0,0,0.0,0.0,0,0.0,0,5,2,3,0.98,0.0,GREEN,18,Chennai
CLM0003076,CHE_06324,Velachery,2025-01-10,13,0,0,0,0,1,0,0,0,0,0.0,0.307875,0,1.0,0,340,2,4,0.8454,0.1071,GREEN,36,Chennai
CLM0003077,CHE_00321,Guindy,2020-04-02,18,0,0,0,0,0,0,0,0,0,0.0,0.300789,0,0.0,0,154,1,5,0.742,0.0281,GREEN,39,Chennai
CLM0003078,CHE_01113,Anna Nagar,2018-04-22,7,0,0,0,0,0,1,0,0,0,0.0,0.165534,0,0.0,0,124,1,0,0.05,0.1071,GREEN,45,Chennai
CLM0003079,CHE_08082,Perambur,2024-12-05,8,0,0,0,0,0,0,1,0,0,1.0,0.290896,0,0.0,0,346,0,5,0.5068,0.1497,GREEN,33,Chennai
CLM0003080,CHE_08948,Adyar,2025-08-01,11,0,0,0,0,0,0,0,0,0,1.0,0.085481,0,0.0,0,420,3,0,0.172,0.1546,GREEN,39,Chennai
CLM0003081,CHE_02989,Velachery,2025-12-19,17,0,1,1,0,0,0,0,0,0,0.0,0.060673,0,0.0,0,420,4,0,0.7347,0.0,GREEN,55,Chennai
CLM0003082,CHE_04011,Guindy,2025-11-04,15,0,0,0,0,0,1,0,0,0,0.0,0.130189,0,0.0,0,411,4,0,0.1202,0.0491,GREEN,39,Chennai
CLM0003083,CHE_07872,Chromepet,2025-05-13,10,0,0,0,0,0,0,1,0,0,0.0,0.131469,0,0.0,0,420,1,6,0.05,0.0224,GREEN,48,Chennai
CLM0003084,CHE_05693,Tambaram,2025-09-09,21,0,0,0,0,0,0,0,0,0,1.0,0.266301,0,0.0,0,420,4,4,0.6905,0.0961,GREEN,46,Chennai
CLM0003085,CHE_09959,Guindy,2025-01-16,7,0,0,0,0,0,1,0,0,0,0.0,0.17351,0,0.0,0,57,2,1,0.2722,0.15,GREEN,38,Chennai
CLM0003086,CHE_09342,Anna Nagar,2024-09-18,8,0,0,0,0,0,0,0,0,0,1.0,0.0,0,0.0,0,137,4,5,0.2348,0.1134,GREEN,37,Chennai
CLM0003087,CHE_07630,Perambur,2025-09-27,14,0,0,0,0,0,0,0,0,0,0.0,0.170913,0,0.0,0,204,2,1,0.8781,0.0,GREEN,32,Chennai
CLM0003088,CHE_07441,Anna Nagar,2025-07-23,21,0,0,0,0,0,0,0,0,0,0.0,0.891974,0,0.0,0,266,2,3,0.98,0.0,GREEN,30,Chennai
CLM0003089,CHE_09585,T Nagar,2025-08-05,17,0,0,0,0,0,0,0,0,0,0.0,0.242499,0,0.0,0,420,1,0,0.6303,0.0,GREEN,39,Chennai
CLM0003090,CHE_03554,T Nagar,2021-08-16,18,0,1,1,0,0,0,0,0,0,0.0,0.119048,0,0.0,0,354,0,4,0.5701,0.0,GREEN,42,Chennai
CLM0003091,CHE_04545,Perambur,2020-02-10,13,0,0,0,0,0,0,0,0,0,0.0,0.276418,0,0.0,1,31,1,0,0.5195,0.0281,GREEN,50,Chennai
CLM0003092,CHE_06066,Chromepet,2022-10-28,11,0,0,0,0,0,0,0,0,0,0.0,0.0,0,0.0,0,337,0,6,0.5622,0.1092,GREEN,43,Chennai
CLM0003093,CHE_05686,Perambur,2021-01-13,11,0,0,0,0,0,0,0,0,0,0.0,0.274336,0,0.0,1,205,4,2,0.7533,0.0876,GREEN,43,Chennai
CLM0003094,CHE_02240,Tambaram,2023-09-22,21,0,0,0,0,0,0,0,0,0,0.0,0.120913,0,0.0,0,129,0,1,0.5246,0.0,GREEN,38,Chennai
CLM0003095,CHE_07047,Porur,2024-02-21,8,0,0,0,0,0,0,0,0,0,1.0,0.95836,1,0.0,0,202,4,4,0.7255,0.175,GREEN,58,Chennai
CLM0003096,CHE_01387,Porur,2021-10-25,12,0,0,0,0,1,0,0,0,0,0.0,0.330788,0,0.0,0,363,2,5,0.7598,0.0815,GREEN,50,Chennai
CLM0003097,CHE_03067,Tambaram,2021-12-04,19,0,0,0,0,0,0,0,0,1,0.0,0.149712,0,0.0,0,358,3,0,0.889,0.1632,GREEN,45,Chennai
CLM0003098,CHE_02533,Velachery,2025-01-15,9,0,0,0,1,0,1,1,1,0,0.0,0.078134,0,0.0,0,10,3,18,0.9187,0.1445,GREEN,58,Chennai
CLM0003099,CHE_09608,Perambur,2020-09-30,16,0,0,0,0,1,0,0,0,0,0.0,0.999592,0,0.0,0,90,4,4,0.5127,0.2359,GREEN,38,Chennai
CLM0003100,CHE_04205,Chromepet,2019-10-24,19,0,0,0,0,0,0,0,0,0,0.0,0.431556,0,0.0,0,254,2,1,0.98,0.016,GREEN,30,Chennai
CLM0003101,CHE_04337,T Nagar,2022-06-14,9,0,0,0,0,0,0,0,0,0,0.0,0.357713,0,0.0,0,352,3,1,0.6339,0.0404,GREEN,43,Chennai
CLM0003102,CHE_01751,Velachery,2018-07-12,21,0,0,0,0,0,0,0,0,0,0.0,0.0,0,0.0,0,173,4,0,0.1457,0.0371,GREEN,29,Chennai
CLM0003103,CHE_05257,Adyar,2021-10-01,8,0,0,0,0,0,0,0,0,0,0.0,0.229889,0,0.0,0,201,3,0,0.6606,0.0613,GREEN,35,Chennai
CLM0003104,CHE_07164,T Nagar,2024-12-04,15,0,0,0,0,0,0,0,0,0,0.0,0.04101,0,0.0,0,38,3,1,0.8906,0.0,GREEN,40,Chennai
CLM0003105,CHE_02845,Perambur,2020-10-27,10,0,0,0,0,0,0,0,0,0,0.0,0.33921,0,0.0,0,258,1,4,0.8994,0.0,GREEN,34,Chennai
CLM0003106,CHE_07599,Adyar,2020-01-17,9,0,0,0,1,0,0,0,0,0,0.0,0.107733,0,0.0,0,420,4,0,0.4916,0.2061,GREEN,43,Chennai
CLM0003107,CHE_09842,Guindy,2020-05-11,7,0,0,0,0,0,0,0,0,0,0.0,0.041046,0,0.0,0,5,0,0,0.8242,0.0264,GREEN,47,Chennai
CLM0003108,CHE_02897,Sholinganallur,2023-01-08,20,0,0,0,0,0,0,0,0,0,0.0,1.0,0,0.0,0,88,0,3,0.679,0.0386,GREEN,47,Chennai
CLM0003109,CHE_07848,Velachery,2018-11-10,7,0,1,1,0,0,0,0,1,0,0.0,0.403484,0,0.0,0,213,4,0,0.7814,0.0591,GREEN,34,Chennai
CLM0003110,CHE_06510,Adyar,2025-03-24,8,0,0,0,0,0,0,0,0,0,0.0,1.0,0,0.0,0,119,3,6,0.826,0.0001,GREEN,45,Chennai
CLM0003111,CHE_05810,Guindy,2025-01-05,12,0,0,0,0,0,1,0,0,0,0.0,0.066906,0,0.0,0,365,1,3,0.2805,0.1349,GREEN,33,Chennai
CLM0003112,CHE_05262,Adyar,2024-11-01,19,0,0,0,0,0,0,0,0,0,0.0,0.424678,0,0.0,0,91,0,0,0.7273,0.0,GREEN,47,Chennai
CLM0003113,CHE_09022,Porur,2023-11-04,15,0,0,0,0,0,0,0,0,0,0.0,0.034828,0,0.0,0,420,3,3,0.8464,0.0,GREEN,18,Chennai
CLM0003114,CHE_05168,Anna Nagar,2024-07-09,14,0,0,0,0,0,0,0,0,0,0.0,0.239456,0,1.0,0,420,1,0,0.6966,0.029,GREEN,30,Chennai
CLM0003115,CHE_00073,Perambur,2020-12-05,10,0,0,0,0,0,0,0,1,0,0.0,0.270177,0,0.0,0,156,4,3,0.2934,0.106,GREEN,36,Chennai
CLM0003116,CHE_01481,Anna Nagar,2016-07-23,15,0,0,0,0,0,0,0,0,0,0.0,0.0,0,0.0,0,117,3,2,0.5751,0.0835,GREEN,33,Chennai
CLM0003117,CHE_07793,T Nagar,2025-01-26,19,0,0,0,0,0,1,0,0,0,0.0,0.168252,0,1.0,0,77,3,4,0.05,0.1502,GREEN,36,Chennai
CLM0003118,CHE_07102,Tambaram,2018-02-13,11,0,0,0,0,0,0,0,1,0,0.0,0.015413,0,0.0,0,63,4,3,0.6323,0.1556,GREEN,30,Chennai
CLM0003119,CHE_04658,Porur,2021-02-07,8,0,0,0,0,0,0,0,1,0,0.0,1.0,0,0.0,0,31,0,0,0.9056,0.1484,GREEN,41,Chennai
CLM0003120,CHE_02401,Adyar,2018-01-03,13,0,0,0,0,0,0,0,0,0,0.0,0.243728,0,0.0,0,222,0,3,0.5918,0.0513,GREEN,46,Chennai
CLM0003121,CHE_03882,Chromepet,2016-12-08,21,0,0,0,0,0,0,0,0,0,0.0,0.401993,0,0.0,0,369,4,2,0.8077,0.0305,GREEN,24,Chennai
CLM0003122,CHE_04550,Tambaram,2017-07-13,10,0,0,0,0,0,0,0,0,0,0.0,0.043745,0,0.0,0,239,1,3,0.9287,0.0155,GREEN,39,Chennai
CLM0003123,CHE_04273,Velachery,2016-07-03,15,0,0,0,0,0,0,0,0,0,0.0,0.280714,0,0.0,0,173,0,3,0.6043,0.0225,GREEN,61,Chennai
CLM0003124,CHE_09974,Sholinganallur,2024-09-08,13,0,0,0,0,0,0,1,0,0,0.0,0.190163,0,0.0,0,66,3,0,0.8109,0.0703,GREEN,38,Chennai
CLM0003125,CHE_09734,Chromepet,2025-02-26,15,0,0,0,0,0,0,0,0,0,0.0,0.0,0,0.0,0,392,0,0,0.7361,0.0,GREEN,35,Chennai
CLM0003126,CHE_03106,Guindy,2025-07-24,10,0,0,0,0,1,0,0,0,0,0.0,0.14152,0,0.0,0,290,0,2,0.789,0.0929,GREEN,55,Chennai
CLM0003127,CHE_01198,Velachery,2025-07-23,18,0,0,0,0,0,0,0,0,0,0.0,0.08017,0,0.0,0,420,3,0,0.7366,0.0158,GREEN,40,Chennai
CLM0003128,CHE_07715,Anna Nagar,2024-10-04,20,0,0,0,0,0,0,0,1,0,0.0,0.085743,0,0.0,0,104,1,2,0.6199,0.1354,GREEN,41,Chennai
CLM0003129,CHE_01244,Perambur,2024-09-23,11,0,0,0,0,0,0,0,1,0,0.0,0.110451,0,0.0,0,333,4,1,0.5585,0.0526,GREEN,31,Chennai
CLM0003130,CHE_07908,T Nagar,2025-03-17,10,0,0,0,0,0,0,0,0,0,0.0,0.233849,0,0.0,0,336,4,0,0.5449,0.0,GREEN,49,Chennai
CLM0003131,CHE_00485,Perambur,2024-06-15,8,0,0,0,0,0,0,0,0,0,0.0,0.317786,0,0.0,0,122,4,3,0.6148,0.083,GREEN,47,Chennai
CLM0003132,CHE_05446,Guindy,2025-11-23,18,0,0,0,0,0,1,0,0,1,0.0,0.098329,1,1.0,0,118,3,0,0.2396,0.3074,GREEN,55,Chennai
CLM0003133,CHE_03583,Chromepet,2025-10-18,15,0,0,0,0,0,0,0,0,0,0.0,0.373881,0,0.0,0,355,2,4,0.8008,0.0594,GREEN,49,Chennai
CLM0003134,CHE_02737,Porur,2025-06-19,10,0,0,0,0,0,0,0,0,0,0.0,0.128028,0,0.0,0,82,0,1,0.98,0.0,GREEN,31,Chennai
CLM0003135,CHE_02611,Velachery,2024-08-22,7,0,0,0,0,0,0,0,0,0,0.0,0.070925,0,0.0,0,45,4,3,0.98,0.0,GREEN,35,Chennai
CLM0003136,CHE_01601,Guindy,2023-04-04,16,0,0,0,0,1,0,0,0,0,0.0,0.009412,0,0.0,0,182,4,3,0.05,0.0473,GREEN,25,Chennai
CLM0003137,CHE_05467,Adyar,2023-03-06,11,0,0,0,0,0,0,1,0,0,0.0,0.345758,0,0.0,0,214,0,3,0.8557,0.0232,GREEN,63,Chennai
CLM0003138,CHE_09960,Velachery,2023-11-05,19,0,0,0,0,1,0,0,0,0,0.0,0.231443,0,0.0,0,383,1,3,0.6084,0.1021,GREEN,45,Chennai
CLM0003139,CHE_06370,Adyar,2023-09-06,15,0,0,0,0,0,0,0,0,1,0.0,0.401306,0,0.0,0,349,0,0,0.922,0.2049,GREEN,45,Chennai
CLM0003140,CHE_09562,Guindy,2024-07-25,21,0,0,0,0,0,0,0,0,1,1.0,1.0,0,1.0,0,101,0,3,0.5358,0.1332,GREEN,37,Chennai
CLM0003141,CHE_02936,Chromepet,2024-07-15,20,0,0,0,0,0,0,0,0,0,0.0,1.0,0,0.0,0,165,3,6,0.703,0.0694,GREEN,49,Chennai
CLM0003142,CHE_03206,Sholinganallur,2024-08-16,20,0,0,0,0,0,0,0,0,0,0.0,0.310309,0,0.0,0,161,2,2,0.1922,0.0132,GREEN,38,Chennai
CLM0003143,CHE_03007,Porur,2025-12-27,18,0,0,0,0,0,0,0,0,0,0.0,0.957374,0,0.0,0,289,2,6,0.8373,0.035,GREEN,33,Chennai
CLM0003144,CHE_07079,Chromepet,2024-05-25,18,0,0,0,0,0,0,0,0,0,0.0,0.255344,0,0.0,0,22,0,4,0.4149,0.0,GREEN,49,Chennai
CLM0003145,CHE_08830,Chromepet,2025-05-25,8,0,0,0,0,0,0,0,0,0,0.0,0.241089,0,0.0,0,289,2,4,0.9674,0.0513,GREEN,18,Chennai
CLM0003146,CHE_08840,Porur,2023-02-05,10,0,0,0,0,0,0,0,1,0,1.0,0.354075,0,0.0,0,32,2,1,0.7165,0.1801,GREEN,37,Chennai
CLM0003147,CHE_06584,T Nagar,2024-08-26,12,0,0,0,0,0,0,1,0,0,0.0,0.093292,0,0.0,1,344,3,0,0.729,0.1345,GREEN,42,Chennai
CLM0003148,CHE_01814,Perambur,2019-09-20,7,0,0,0,0,0,1,0,0,0,0.0,0.419241,0,1.0,0,36,2,3,0.1313,0.09,GREEN,43,Chennai
CLM0003149,CHE_05958,T Nagar,2022-07-28,12,0,0,0,0,0,0,0,0,1,0.0,0.371404,0,0.0,0,420,1,0,0.5178,0.064,GREEN,33,Chennai
CLM0003150,CHE_01667,T Nagar,2020-11-03,14,0,0,0,0,0,0,0,0,0,0.0,0.29677,0,0.0,0,420,1,0,0.6925,0.0,GREEN,31,Chennai
CLM0003151,CHE_02385,Anna Nagar,2022-01-10,16,0,0,0,0,0,0,0,0,1,0.0,0.051432,0,0.0,0,225,4,2,0.8287,0.1104,GREEN,25,Chennai
CLM0003152,CHE_03550,Sholinganallur,2018-11-19,10,0,0,0,0,0,0,0,1,0,0.0,0.102246,0,0.0,0,420,2,0,0.7716,0.0759,GREEN,48,Chennai
CLM0003153,CHE_04622,Velachery,2021-10-04,19,0,0,0,0,0,0,0,0,0,0.0,0.284656,1,0.0,0,95,3,4,0.7882,0.0,GREEN,54,Chennai
CLM0003154,CHE_00678,Adyar,2023-06-02,15,0,0,0,0,0,0,0,0,0,0.0,0.428456,0,0.0,0,407,4,6,0.1691,0.0208,GREEN,50,Chennai
CLM0003155,CHE_00334,Tambaram,2018-11-19,13,0,0,0,0,0,0,0,0,0,0.0,0.355804,0,0.0,0,14,1,4,0.7954,0.0459,GREEN,39,Chennai
CLM0003156,CHE_00799,Guindy,2025-02-04,10,0,0,0,0,0,0,0,0,0,0.0,0.299671,0,0.0,0,355,4,6,0.7995,0.0901,GREEN,42,Chennai
CLM0003157,CHE_08917,Guindy,2025-11-10,21,0,0,0,0,0,0,1,0,0,0.0,0.171652,0,0.0,1,175,1,3,0.5073,0.1542,GREEN,40,Chennai
CLM0003158,CHE_00101,Tambaram,2025-04-05,15,0,0,0,0,0,0,0,0,0,0.0,0.419523,0,0.0,1,178,2,2,0.6479,0.0488,GREEN,42,Chennai
CLM0003159,CHE_01048,Sholinganallur,2025-11-11,13,0,0,0,0,0,0,0,0,0,0.0,0.027068,1,0.0,0,161,3,0,0.788,0.108,GREEN,44,Chennai
CLM0003160,CHE_07494,Chromepet,2025-06-13,12,0,0,0,0,1,0,0,0,0,0.0,1.0,0,0.0,0,147,2,5,0.722,0.0769,GREEN,45,Chennai
CLM0003161,CHE_02999,Perambur,2025-06-18,9,0,0,0,0,0,0,0,0,0,1.0,0.303776,0,0.0,0,257,0,6,0.6383,0.1247,GREEN,44,Chennai
CLM0003162,CHE_03532,Adyar,2025-04-20,16,0,0,0,0,0,1,0,1,0,0.0,0.194135,0,0.0,0,392,1,4,0.2308,0.1093,GREEN,49,Chennai
CLM0003163,CHE_00607,Guindy,2025-05-06,12,0,0,0,0,0,1,0,0,0,0.0,0.169764,0,0.0,0,416,1,0,0.7803,0.2097,GREEN,30,Chennai
CLM0003164,CHE_08762,Porur,2025-02-07,12,0,0,0,0,0,0,0,0,0,0.0,0.300216,0,0.0,0,52,2,1,0.6428,0.0,GREEN,44,Chennai
CLM0003165,CHE_03710,Tambaram,2025-12-30,18,0,0,0,0,0,1,0,0,0,0.0,0.036187,0,0.0,0,420,3,2,0.7075,0.1099,GREEN,24,Chennai
CLM0003166,CHE_02000,Chromepet,2025-09-10,15,0,0,0,0,0,0,0,0,0,0.0,0.2989,0,0.0,0,420,1,1,0.9322,0.0,GREEN,50,Chennai
CLM0003167,CHE_00821,Adyar,2025-05-18,10,0,0,0,0,0,0,0,0,0,0.0,0.0,0,0.0,0,66,1,3,0.7806,0.0,GREEN,39,Chennai
CLM0003168,CHE_01564,Velachery,2025-05-26,17,0,0,0,0,0,0,0,0,0,0.0,0.46802,0,0.0,0,261,3,3,0.8442,0.0,GREEN,47,Chennai
CLM0003169,CHE_06412,Perambur,2025-12-11,12,0,0,0,0,0,1,0,0,0,0.0,0.017209,0,0.0,0,407,2,1,0.4893,0.0929,GREEN,42,Chennai
CLM0003170,CHE_04009,Anna Nagar,2024-07-27,10,0,0,0,1,0,0,0,0,0,0.0,1.0,1,0.0,1,84,1,3,0.7521,0.3175,YELLOW,39,Chennai
CLM0003171,CHE_09032,Guindy,2025-01-07,17,0,1,1,0,0,0,0,0,0,0.0,0.187051,0,0.0,0,9,4,0,0.9709,0.1074,GREEN,39,Chennai
CLM0003172,CHE_07735,Adyar,2024-09-26,12,0,0,0,0,0,0,0,0,0,0.0,0.173321,0,0.0,0,420,3,6,0.8681,0.0052,GREEN,51,Chennai
CLM0003173,CHE_05694,Chromepet,2024-07-30,17,0,0,0,0,0,0,0,0,0,0.0,0.124935,0,0.0,0,74,4,5,0.4743,0.0047,GREEN,35,Chennai
CLM0003174,CHE_06347,Porur,2023-10-27,7,0,0,0,0,1,0,0,0,0,0.0,0.963535,0,0.0,1,420,1,1,0.5943,0.2132,GREEN,42,Chennai
CLM0003175,CHE_02707,T Nagar,2023-05-04,13,0,0,0,0,0,0,0,0,0,1.0,0.141993,0,0.0,0,293,0,4,0.6167,0.0607,GREEN,42,Chennai
CLM0003176,CHE_05145,Sholinganallur,2021-12-10,15,0,0,0,0,0,0,0,0,0,0.0,0.053143,0,1.0,0,101,2,0,0.7232,0.026,GREEN,28,Chennai
CLM0003177,CHE_02558,Tambaram,2022-06-18,10,0,0,0,1,0,0,0,0,0,0.0,0.081467,0,0.0,0,303,2,3,0.5424,0.1281,GREEN,33,Chennai
CLM0003178,CHE_03352,Velachery,2022-11-24,13,0,0,0,0,0,1,0,0,0,0.0,0.321605,0,0.0,0,89,0,5,0.6223,0.1051,GREEN,43,Chennai
CLM0003179,CHE_09451,T Nagar,2025-06-30,18,0,0,0,0,0,0,0,0,0,0.0,0.113575,0,0.0,0,250,1,0,0.5183,0.0806,GREEN,46,Chennai
CLM0003180,CHE_02586,Porur,2023-03-19,17,0,0,0,0,0,0,0,0,0,0.0,0.107891,0,0.0,0,420,1,3,0.8417,0.0408,GREEN,64,Chennai
CLM0003181,CHE_01633,Adyar,2023-09-03,10,0,0,0,0,0,0,1,0,0,1.0,0.1294,0,0.0,0,367,1,0,0.0669,0.166,GREEN,35,Chennai
CLM0003182,CHE_08175,Adyar,2024-10-26,7,0,0,0,0,0,0,0,0,0,0.0,0.225838,0,0.0,0,373,1,1,0.571,0.0,GREEN,46,Chennai
CLM0003183,CHE_09686,Chromepet,2024-12-21,11,0,0,0,0,1,0,0,1,0,0.0,0.144411,0,0.0,0,305,0,0,0.9096,0.3038,GREEN,33,Chennai
CLM0003184,CHE_04183,Anna Nagar,2024-09-26,12,0,0,0,0,0,0,0,1,0,0.0,1.0,0,0.0,0,222,4,0,0.7167,0.1031,GREEN,34,Chennai
CLM0003185,CHE_00166,Tambaram,2025-03-07,18,0,0,0,0,1,1,0,0,0,0.0,0.294851,1,0.0,0,211,1,0,0.98,0.2978,GREEN,27,Chennai
CLM0003186,CHE_02569,Guindy,2024-09-02,15,0,0,0,0,0,0,0,0,0,0.0,0.193291,0,0.0,0,91,0,1,0.6812,0.0,GREEN,32,Chennai
CLM0003187,CHE_05035,Adyar,2024-04-03,15,0,0,0,0,0,0,0,1,0,0.0,0.945812,0,0.0,0,420,2,1,0.8927,0.1412,GREEN,43,Chennai
CLM0003188,CHE_03084,Chromepet,2025-04-21,14,0,0,0,0,0,0,0,0,0,0.0,0.145503,1,0.0,0,232,4,4,0.172,0.0826,GREEN,45,Chennai
CLM0003189,CHE_06054,Chromepet,2023-05-17,13,0,0,0,0,0,0,0,1,0,1.0,0.372099,0,0.0,0,420,2,3,0.98,0.099,GREEN,40,Chennai
CLM0003190,CHE_08470,Adyar,2025-07-14,8,0,0,0,0,0,0,0,0,0,0.0,0.054614,0,0.0,0,93,4,2,0.5273,0.0,GREEN,42,Chennai
CLM0003191,CHE_02045,Chromepet,2024-12-20,9,0,0,0,0,0,1,1,1,0,0.0,0.0,0,0.0,1,5,4,18,0.9563,0.0668,GREEN,41,Chennai
CLM0003192,CHE_04451,Tambaram,2025-11-17,12,0,0,0,0,0,1,0,0,0,0.0,0.251028,0,0.0,0,335,2,2,0.346,0.2377,GREEN,32,Chennai
CLM0003193,CHE_05631,Perambur,2024-12-16,11,0,0,0,0,0,0,0,0,0,0.0,0.209563,0,0.0,0,316,4,4,0.9226,0.0,GREEN,29,Chennai
CLM0003194,CHE_04068,Perambur,2025-09-16,7,0,0,0,0,0,0,0,0,0,0.0,0.178346,0,0.0,0,212,0,1,0.6587,0.0,GREEN,49,Chennai
CLM0003195,CHE_02198,Tambaram,2025-08-28,7,0,0,0,0,0,0,0,0,0,0.0,0.420265,0,0.0,0,192,0,6,0.2754,0.0,GREEN,47,Chennai
CLM0003196,CHE_04143,Anna Nagar,2025-10-15,14,0,0,0,0,0,0,0,0,0,0.0,0.20606,0,0.0,0,263,4,0,0.8176,0.0219,GREEN,34,Chennai
CLM0003197,CHE_08081,Tambaram,2022-09-21,21,0,0,0,0,1,0,0,1,0,0.0,0.208119,0,0.0,1,131,1,4,0.5805,0.2676,GREEN,19,Chennai
CLM0003198,CHE_01021,Adyar,2021-04-20,14,0,0,0,0,0,0,0,0,0,1.0,0.381048,0,0.0,0,326,3,0,0.4783,0.1379,GREEN,45,Chennai
CLM0003199,CHE_04670,Perambur,2025-12-29,12,0,0,0,0,0,1,0,0,0,1.0,0.191192,0,0.0,0,420,2,2,0.05,0.2245,GREEN,48,Chennai
CLM0003200,CHE_04175,Perambur,2025-06-11,12,0,0,0,0,0,0,0,0,0,0.0,0.973259,0,0.0,0,144,2,0,0.7161,0.0,GREEN,18,Chennai
CLM0003201,CHE_02368,Anna Nagar,2025-01-11,8,0,0,0,0,1,0,0,0,0,0.0,0.121281,0,0.0,0,27,1,4,0.8121,0.1037,GREEN,43,Chennai
CLM0003202,CHE_08581,Anna Nagar,2023-09-02,14,0,0,0,0,0,1,0,0,0,0.0,0.049079,0,0.0,0,26,4,0,0.4159,0.0247,GREEN,34,Chennai
CLM0003203,CHE_04848,Adyar,2019-09-30,13,0,0,0,0,0,0,0,0,0,0.0,0.255448,0,0.0,0,339,1,3,0.9407,0.0263,GREEN,51,Chennai
CLM0003204,CHE_02190,Porur,2022-05-24,10,0,0,0,0,0,0,1,0,0,0.0,0.027028,0,0.0,0,397,4,3,0.6738,0.0167,GREEN,32,Chennai
CLM0003205,CHE_00014,T Nagar,2021-12-13,13,0,0,0,0,0,0,0,0,0,0.0,0.084002,0,0.0,0,274,4,4,0.7829,0.017,GREEN,32,Chennai
CLM0003206,CHE_06362,Velachery,2021-10-26,13,0,1,1,0,0,0,0,0,0,0.0,0.029697,0,0.0,0,252,0,4,0.05,0.007,GREEN,24,Chennai
CLM0003207,CHE_03611,Porur,2025-09-25,15,0,0,0,0,0,0,0,0,0,0.0,0.306227,0,0.0,0,299,3,3,0.5672,0.0801,GREEN,19,Chennai
CLM0003208,CHE_02077,Perambur,2024-08-20,21,0,0,0,0,0,0,0,1,0,0.0,0.992027,0,0.0,0,420,3,6,0.9151,0.1227,GREEN,24,Chennai
CLM0003209,CHE_06994,T Nagar,2025-01-13,10,0,0,0,0,0,0,1,0,0,0.0,0.957332,0,0.0,0,265,1,3,0.975,0.0574,GREEN,35,Chennai
CLM0003210,CHE_02359,Sholinganallur,2025-09-15,16,0,0,0,0,0,0,0,0,1,0.0,0.25983,0,0.0,0,197,3,2,0.6838,0.1033,GREEN,36,Chennai
CLM0003211,CHE_05010,Chromepet,2025-08-08,16,0,1,1,0,0,0,0,0,0,0.0,0.121861,0,0.0,0,72,2,0,0.8303,0.0203,GREEN,71,Chennai
CLM0003212,CHE_02931,Anna Nagar,2025-12-21,16,0,0,0,0,0,0,0,0,0,0.0,0.201593,0,0.0,0,395,4,4,0.9275,0.0284,GREEN,38,Chennai
CLM0003213,CHE_04788,Adyar,2025-06-06,8,0,0,0,0,0,0,0,0,0,1.0,1.0,0,1.0,0,193,3,0,0.2545,0.0,GREEN,45,Chennai
CLM0003214,CHE_06098,Velachery,2025-01-07,13,0,0,0,0,0,0,0,0,0,0.0,0.228761,0,0.0,0,5,1,4,0.5376,0.0587,GREEN,39,Chennai
CLM0003215,CHE_07570,Porur,2025-01-21,19,0,0,0,0,0,0,0,1,0,0.0,0.332755,0,0.0,0,64,0,4,0.1705,0.0016,GREEN,36,Chennai
CLM0003216,CHE_03398,Velachery,2024-09-16,18,0,0,0,0,0,0,0,1,0,1.0,0.417918,0,0.0,0,219,0,1,0.5319,0.1919,GREEN,31,Chennai
CLM0003217,CHE_07618,Velachery,2023-12-17,21,0,0,0,0,0,0,1,0,0,0.0,0.084762,0,0.0,0,420,2,0,0.4974,0.0937,GREEN,42,Chennai
CLM0003218,CHE_00433,Tambaram,2025-12-20,11,0,0,0,0,0,0,0,1,0,0.0,0.030735,0,1.0,0,420,4,4,0.7408,0.2347,GREEN,51,Chennai
CLM0003219,CHE_00213,T Nagar,2025-09-27,10,0,0,0,1,1,1,1,1,1,1.0,1.0,0,0.0,1,20,4,18,0.2931,0.0019,GREEN,41,Chennai
CLM0003220,CHE_00010,Adyar,2024-09-24,15,0,0,0,0,0,0,0,1,0,0.0,0.167593,0,0.0,0,5,0,0,0.9288,0.1889,GREEN,53,Chennai
CLM0003221,CHE_08537,Porur,2016-06-26,13,0,0,0,0,0,0,0,0,0,0.0,0.26096,0,0.0,0,349,4,1,0.6066,0.0115,GREEN,37,Chennai
CLM0003222,CHE_02043,T Nagar,2021-08-16,10,0,1,1,1,1,1,1,0,0,0.0,0.0,0,0.0,1,21,0,18,0.3559,0.0553,GREEN,45,Chennai
CLM0003223,CHE_08053,Perambur,2017-05-31,13,0,1,1,0,0,0,1,0,0,1.0,0.948604,0,1.0,0,182,2,4,0.8582,0.0898,GREEN,23,Chennai
CLM0003224,CHE_09011,Perambur,2018-11-10,17,0,0,0,0,0,0,0,0,1,0.0,0.383798,0,1.0,0,346,2,2,0.8723,0.1699,GREEN,42,Chennai
CLM0003225,CHE_02763,Guindy,2020-11-12,21,1,0,0,0,0,0,0,0,0,0.0,0.379098,0,0.0,0,401,4,0,0.8032,0.0,GREEN,37,Chennai
CLM0003226,CHE_03588,Sholinganallur,2022-10-24,10,0,0,0,0,0,0,0,0,0,0.0,0.178458,0,0.0,0,420,2,2,0.7128,0.0,GREEN,36,Chennai
CLM0003227,CHE_00111,Chromepet,2019-10-16,18,0,0,0,0,0,0,0,0,0,0.0,0.39368,1,1.0,0,209,1,2,0.6755,0.0,GREEN,29,Chennai
CLM0003228,CHE_04225,T Nagar,2024-11-15,14,0,0,0,0,0,0,0,0,0,0.0,0.959793,0,0.0,0,163,1,2,0.3144,0.0213,GREEN,36,Chennai
CLM0003229,CHE_05006,Velachery,2022-12-22,17,0,0,0,0,0,0,0,1,0,0.0,0.121998,0,0.0,0,116,3,0,0.7819,0.0,GREEN,54,Chennai
CLM0003230,CHE_08328,Guindy,2025-08-17,16,0,0,0,0,0,0,0,0,0,0.0,0.217405,0,0.0,0,266,0,0,0.8292,0.01,GREEN,28,Chennai
CLM0003231,CHE_08820,Anna Nagar,2021-06-14,17,0,0,0,0,0,0,0,1,0,0.0,0.228636,0,0.0,0,349,2,1,0.0833,0.0,GREEN,30,Chennai
CLM0003232,CHE_00459,Tambaram,2022-08-18,10,0,0,0,0,0,0,0,0,0,0.0,0.278342,0,0.0,0,420,4,1,0.5184,0.0944,GREEN,31,Chennai
CLM0003233,CHE_09452,Guindy,2025-08-05,21,0,1,1,0,0,0,0,0,0,0.0,0.985456,0,1.0,0,263,4,3,0.4546,0.0,GREEN,29,Chennai
CLM0003234,CHE_09685,Sholinganallur,2022-08-30,13,0,0,0,0,0,0,0,0,0,0.0,0.200583,0,0.0,0,420,3,0,0.2406,0.0,GREEN,38,Chennai
CLM0003235,CHE_07235,Guindy,2019-04-12,20,0,0,0,0,0,0,0,0,0,0.0,0.257655,0,0.0,0,277,0,0,0.98,0.0,GREEN,47,Chennai
CLM0003236,CHE_03111,Porur,2020-03-19,9,0,0,0,0,0,0,0,0,0,1.0,0.01752,0,0.0,0,150,3,1,0.0502,0.0891,GREEN,34,Chennai
CLM0003237,CHE_08343,Chromepet,2024-08-22,12,0,0,0,0,0,0,1,0,0,0.0,0.28524,0,0.0,0,395,3,4,0.8089,0.0061,GREEN,45,Chennai
CLM0003238,CHE_03574,Guindy,2018-01-10,15,0,0,0,0,0,0,0,0,0,0.0,0.009583,0,0.0,0,420,4,1,0.7039,0.0,GREEN,59,Chennai
CLM0003239,CHE_04216,Velachery,2025-03-02,14,0,0,0,0,0,0,0,0,0,0.0,0.040601,0,0.0,0,77,0,0,0.6663,0.0118,GREEN,38,Chennai
CLM0003240,CHE_04746,Guindy,2021-12-02,14,0,0,0,0,0,0,0,0,1,0.0,0.226078,0,0.0,0,255,2,0,0.6187,0.0556,GREEN,44,Chennai
CLM0003241,CHE_04677,Porur,2019-12-28,14,0,0,0,0,0,0,0,0,1,1.0,0.035861,0,0.0,0,80,2,3,0.1583,0.1328,GREEN,35,Chennai
CLM0003242,CHE_03421,Porur,2020-04-07,14,0,0,0,0,0,0,0,0,0,0.0,0.375785,0,0.0,0,420,0,0,0.5819,0.0,GREEN,43,Chennai
CLM0003243,CHE_02991,Perambur,2025-06-17,7,0,0,0,1,0,0,0,0,0,0.0,0.939214,0,0.0,0,420,2,1,0.2712,0.1409,GREEN,43,Chennai
CLM0003244,CHE_02186,Chromepet,2025-10-06,16,0,0,0,0,1,0,0,0,0,0.0,1.0,0,0.0,0,409,2,4,0.6902,0.1915,GREEN,61,Chennai
CLM0003245,CHE_04836,Porur,2025-05-31,12,0,0,0,0,0,1,0,0,0,0.0,1.0,0,0.0,0,63,1,4,0.1593,0.0,GREEN,31,Chennai
CLM0003246,CHE_08644,Porur,2025-11-05,10,0,0,0,0,0,0,0,0,0,0.0,0.026938,0,0.0,0,161,1,0,0.8309,0.0,GREEN,36,Chennai
CLM0003247,CHE_04354,Perambur,2023-10-02,10,0,0,0,0,0,0,0,0,0,0.0,0.280225,0,0.0,0,377,2,1,0.05,0.0926,GREEN,21,Chennai
CLM0003248,CHE_01036,T Nagar,2024-05-11,7,0,0,0,0,0,0,0,0,0,0.0,0.179792,0,0.0,1,420,3,1,0.7348,0.0967,GREEN,32,Chennai
CLM0003249,CHE_02049,T Nagar,2024-08-20,18,0,0,0,0,0,0,0,0,0,0.0,0.359275,0,0.0,0,295,2,3,0.821,0.0402,GREEN,31,Chennai
CLM0003250,CHE_03243,Tambaram,2024-06-09,7,0,0,0,1,0,0,0,0,0,0.0,0.410905,1,0.0,0,420,2,4,0.8325,0.2031,GREEN,22,Chennai
CLM0003251,CHE_01306,Sholinganallur,2023-02-15,14,0,0,0,1,1,0,0,0,0,0.0,0.035588,0,0.0,0,113,4,6,0.8812,0.3128,YELLOW,50,Chennai
CLM0003252,CHE_07233,Perambur,2024-07-23,11,0,0,0,0,0,0,1,0,0,0.0,0.271093,0,0.0,0,166,1,2,0.8041,0.0181,GREEN,35,Chennai
CLM0003253,CHE_04703,Porur,2023-04-28,12,0,0,0,0,0,0,0,0,0,0.0,0.172921,0,0.0,0,167,2,0,0.6247,0.0,GREEN,48,Chennai
CLM0003254,CHE_03445,Velachery,2025-02-18,11,0,0,0,0,0,0,0,0,0,0.0,0.172019,1,0.0,0,96,0,5,0.6625,0.0643,GREEN,45,Chennai
CLM0003255,CHE_00381,Adyar,2022-02-02,20,0,1,1,1,0,0,1,1,0,0.0,0.093679,0,0.0,0,108,3,1,0.4923,0.349,YELLOW,43,Chennai
CLM0003256,CHE_03504,Chromepet,2024-03-07,7,0,0,0,0,0,0,0,0,0,0.0,0.318472,0,0.0,0,90,0,0,0.5694,0.0,GREEN,43,Chennai
CLM0003257,CHE_09317,Velachery,2023-10-02,11,0,0,0,0,1,0,0,0,0,0.0,1.0,0,0.0,0,120,0,1,0.8774,0.1505,GREEN,31,Chennai
CLM0003258,CHE_06187,Guindy,2023-11-15,12,0,0,0,0,0,1,0,0,0,0.0,0.308215,0,1.0,0,239,0,4,0.98,0.1453,GREEN,46,Chennai
CLM0003259,CHE_00284,Perambur,2023-03-29,21,0,0,0,0,0,0,0,0,0,0.0,0.073617,0,0.0,0,420,0,1,0.7153,0.0314,GREEN,36,Chennai
CLM0003260,CHE_05013,Porur,2024-07-28,13,0,0,0,0,0,1,1,0,0,0.0,0.212001,0,0.0,0,420,1,0,0.7213,0.1903,GREEN,46,Chennai
CLM0003261,CHE_00007,Adyar,2021-05-28,7,0,0,0,0,0,0,0,0,0,0.0,0.286173,0,0.0,0,296,0,3,0.6219,0.0421,GREEN,27,Chennai
CLM0003262,CHE_08229,Guindy,2024-07-05,9,0,0,0,0,0,0,0,1,0,0.0,0.31602,0,0.0,0,347,0,2,0.2442,0.1312,GREEN,42,Chennai
CLM0003263,CHE_09323,Tambaram,2023-07-15,10,0,0,0,0,0,0,0,0,0,0.0,0.193679,0,0.0,0,420,0,0,0.9347,0.1242,GREEN,28,Chennai
CLM0003264,CHE_00243,Adyar,2022-06-24,11,0,0,0,0,0,0,0,0,0,0.0,0.142107,0,0.0,0,160,1,0,0.1263,0.0045,GREEN,24,Chennai
CLM0003265,CHE_04171,Guindy,2024-02-06,21,0,0,0,0,0,0,1,0,0,0.0,0.136026,0,0.0,0,33,2,4,0.6525,0.1042,GREEN,43,Chennai
CLM0003266,CHE_01009,T Nagar,2023-04-02,12,0,0,0,0,0,0,0,0,1,0.0,0.160245,0,0.0,0,280,2,4,0.1472,0.153,GREEN,34,Chennai
CLM0003267,CHE_01101,Perambur,2025-11-01,19,0,0,0,0,0,0,0,0,0,0.0,0.95879,0,0.0,0,327,0,0,0.8966,0.0029,GREEN,32,Chennai
CLM0003268,CHE_08720,T Nagar,2021-12-26,8,0,0,0,0,0,0,0,0,0,0.0,0.115511,0,0.0,0,83,0,0,0.5325,0.0,GREEN,37,Chennai
CLM0003269,CHE_09375,Chromepet,2022-03-07,12,0,0,0,0,0,0,0,0,0,0.0,0.120277,0,0.0,0,5,3,5,0.7174,0.0273,GREEN,32,Chennai
CLM0003270,CHE_08137,Tambaram,2022-09-08,20,0,0,0,0,0,0,0,0,0,0.0,0.325097,0,0.0,0,197,4,2,0.9185,0.0,GREEN,35,Chennai
CLM0003271,CHE_04398,Chromepet,2021-07-05,9,0,0,0,0,0,0,0,0,0,0.0,0.227213,0,0.0,0,376,1,2,0.4282,0.0404,GREEN,37,Chennai
CLM0003272,CHE_08319,Chromepet,2020-11-27,12,0,0,0,0,0,0,0,0,0,0.0,0.331667,0,0.0,0,420,1,3,0.612,0.0309,GREEN,40,Chennai
CLM0003273,CHE_00177,T Nagar,2022-05-23,19,0,1,1,0,0,1,0,0,0,0.0,0.093903,1,0.0,0,420,3,1,0.7185,0.1026,GREEN,41,Chennai
CLM0003274,CHE_03157,T Nagar,2024-08-21,13,0,0,0,0,0,0,0,0,0,0.0,0.0,0,0.0,0,62,2,2,0.6487,0.0189,GREEN,49,Chennai
CLM0003275,CHE_03251,Guindy,2023-05-29,13,0,0,0,0,0,0,0,0,0,0.0,0.30406,0,0.0,0,417,0,2,0.8321,0.04,GREEN,40,Chennai
CLM0003276,CHE_09934,Guindy,2024-12-20,18,0,0,0,0,0,0,0,1,0,0.0,1.0,0,0.0,0,254,2,5,0.9755,0.1155,GREEN,26,Chennai
CLM0003277,CHE_09705,Adyar,2022-02-15,13,0,0,0,0,0,0,0,0,0,0.0,0.463847,0,0.0,0,420,4,1,0.2066,0.0,GREEN,40,Chennai
CLM0003278,CHE_01723,Sholinganallur,2023-01-09,7,0,0,0,0,0,0,0,0,0,0.0,0.31037,0,0.0,0,420,2,2,0.98,0.0,GREEN,44,Chennai
CLM0003279,CHE_00252,Perambur,2021-10-06,11,0,0,0,0,0,0,0,1,0,0.0,1.0,0,0.0,0,184,2,3,0.8842,0.1394,GREEN,45,Chennai
CLM0003280,CHE_04626,Guindy,2025-06-27,16,0,1,1,0,0,0,0,0,0,0.0,0.111739,0,0.0,0,127,4,0,0.2257,0.094,GREEN,37,Chennai
CLM0003281,CHE_09640,Porur,2021-10-28,14,0,0,0,0,0,0,0,0,1,1.0,0.020736,0,0.0,0,343,2,4,0.6408,0.1988,GREEN,46,Chennai
CLM0003282,CHE_00181,Velachery,2025-07-07,9,0,0,0,0,0,0,0,0,0,0.0,0.306955,0,0.0,0,420,1,3,0.7965,0.0028,GREEN,46,Chennai
CLM0003283,CHE_06960,Porur,2025-02-03,11,0,0,0,0,0,0,0,0,0,0.0,0.179124,0,0.0,0,46,1,3,0.1994,0.0,GREEN,43,Chennai
CLM0003284,CHE_08074,Guindy,2024-03-10,20,0,0,0,0,0,0,0,0,0,0.0,0.211071,0,1.0,0,419,3,4,0.8027,0.0613,GREEN,32,Chennai
CLM0003285,CHE_05332,Tambaram,2025-11-05,18,0,0,0,1,1,1,0,0,1,1.0,0.959267,0,0.0,1,20,1,18,0.2857,0.1443,GREEN,23,Chennai
CLM0003286,CHE_02117,Velachery,2024-05-20,8,0,0,0,0,0,0,0,0,0,0.0,0.199439,0,0.0,0,416,2,4,0.5197,0.0479,GREEN,37,Chennai
CLM0003287,CHE_03499,Anna Nagar,2022-01-29,7,0,0,0,0,0,0,0,0,0,0.0,0.191307,0,0.0,0,254,1,0,0.98,0.0,GREEN,52,Chennai
CLM0003288,CHE_06885,Adyar,2024-10-21,9,0,0,0,0,0,0,0,0,0,0.0,1.0,0,0.0,0,320,2,1,0.05,0.0311,GREEN,54,Chennai
CLM0003289,CHE_03975,Adyar,2024-10-24,16,0,0,0,0,1,0,0,0,0,0.0,1.0,0,0.0,0,162,0,7,0.3271,0.1143,GREEN,43,Chennai
CLM0003290,CHE_00294,Guindy,2025-07-14,18,0,0,0,0,0,0,0,0,0,1.0,1.0,0,1.0,0,87,1,0,0.6074,0.0,GREEN,38,Chennai
CLM0003291,CHE_05427,Tambaram,2025-09-15,21,0,0,0,0,1,0,0,0,0,1.0,0.12582,1,0.0,0,404,2,6,0.1838,0.1723,GREEN,32,Chennai
CLM0003292,CHE_07395,Porur,2023-05-14,15,0,0,0,0,0,0,0,1,0,0.0,0.064074,0,0.0,0,146,3,1,0.4636,0.0763,GREEN,27,Chennai
CLM0003293,CHE_06380,Chromepet,2019-08-10,7,0,0,0,0,0,0,0,0,0,0.0,0.056475,0,0.0,0,217,3,2,0.98,0.1718,GREEN,64,Chennai
CLM0003294,CHE_00844,Adyar,2022-01-16,17,0,0,0,0,0,0,0,0,0,0.0,0.144076,0,0.0,0,233,2,0,0.7553,0.0346,GREEN,39,Chennai
CLM0003295,CHE_05923,Sholinganallur,2020-08-09,15,0,0,0,1,0,0,1,1,1,1.0,0.046979,0,1.0,1,5,0,18,0.1227,0.1254,GREEN,38,Chennai
CLM0003296,CHE_08009,Guindy,2019-03-23,21,0,0,0,0,0,0,0,0,0,0.0,0.307232,0,0.0,0,121,4,0,0.6247,0.0206,GREEN,27,Chennai
CLM0003297,CHE_05766,Porur,2020-08-01,11,0,0,0,0,1,0,1,0,1,1.0,0.942651,0,0.0,0,5,2,18,0.264,0.0,GREEN,18,Chennai
CLM0003298,CHE_05689,T Nagar,2024-09-26,12,0,0,0,0,0,0,0,0,0,1.0,0.516298,0,0.0,0,250,0,3,0.5748,0.1713,GREEN,37,Chennai
CLM0003299,CHE_01631,Porur,2021-08-16,20,0,0,0,0,0,0,0,1,0,0.0,0.074382,0,0.0,0,99,3,1,0.05,0.1191,GREEN,35,Chennai
CLM0003300,CHE_01359,Anna Nagar,2023-04-19,17,0,0,0,0,0,0,0,0,0,1.0,0.101667,0,0.0,1,420,4,2,0.1224,0.1096,GREEN,18,Chennai
CLM0003301,CHE_09342,Anna Nagar,2025-06-15,16,0,0,0,0,0,0,0,0,0,0.0,0.193071,1,0.0,0,420,4,0,0.7847,0.0582,GREEN,37,Chennai
CLM0003302,CHE_07742,Guindy,2024-01-28,21,0,0,0,0,0,0,0,0,0,0.0,0.027313,0,0.0,0,396,4,0,0.6224,0.1659,GREEN,56,Chennai
CLM0003303,CHE_02996,Sholinganallur,2023-07-24,8,0,0,0,0,1,1,0,0,0,0.0,0.303382,0,0.0,0,420,4,3,0.98,0.1663,GREEN,34,Chennai
CLM0003304,CHE_00408,Anna Nagar,2023-07-20,9,0,0,0,0,0,0,1,0,0,0.0,0.980378,0,0.0,0,173,0,0,0.6646,0.0502,GREEN,48,Chennai
CLM0003305,CHE_06872,Porur,2023-03-02,7,0,0,0,0,1,0,0,1,0,0.0,0.444903,0,0.0,0,420,2,0,0.2066,0.2295,GREEN,29,Chennai
CLM0003306,CHE_08288,Guindy,2025-11-03,7,0,0,0,0,0,0,1,0,0,0.0,1.0,0,0.0,0,420,2,5,0.674,0.1172,GREEN,44,Chennai
CLM0003307,CHE_09119,Guindy,2025-06-19,19,0,1,1,0,0,0,0,0,0,0.0,0.133067,0,0.0,0,420,2,0,0.8548,0.0,GREEN,36,Chennai
CLM0003308,CHE_02352,T Nagar,2025-08-12,7,0,0,0,0,0,1,0,0,0,0.0,0.0,0,0.0,0,420,1,5,0.7828,0.0475,GREEN,56,Chennai
CLM0003309,CHE_01462,Guindy,2025-07-23,14,0,0,0,0,0,0,0,0,0,0.0,0.301787,0,0.0,0,138,0,6,0.67,0.0037,GREEN,32,Chennai
CLM0003310,CHE_06316,Adyar,2025-04-12,10,0,0,0,0,0,0,0,0,0,0.0,0.191006,0,0.0,0,359,0,0,0.8636,0.0,GREEN,42,Chennai
CLM0003311,CHE_05278,Tambaram,2025-05-15,16,0,0,0,0,0,0,0,0,0,0.0,0.342275,1,0.0,0,420,0,6,0.7532,0.069,GREEN,44,Chennai
CLM0003312,CHE_09742,Perambur,2025-07-18,14,0,0,0,0,0,0,0,1,0,0.0,0.124391,1,0.0,0,391,2,2,0.2783,0.1346,GREEN,33,Chennai
CLM0003313,CHE_05502,Chromepet,2025-10-20,16,0,0,0,0,0,0,0,0,0,0.0,0.0,0,0.0,0,420,4,3,0.7025,0.0005,GREEN,49,Chennai
CLM0003314,CHE_04551,Adyar,2025-04-28,17,0,0,0,0,0,0,0,0,0,0.0,0.304438,1,0.0,0,57,3,5,0.8785,0.0191,GREEN,51,Chennai
CLM0003315,CHE_01833,Porur,2025-03-17,10,0,0,0,0,0,0,0,0,0,1.0,0.265003,0,0.0,0,420,1,0,0.7492,0.1456,GREEN,37,Chennai
CLM0003316,CHE_09095,Chromepet,2022-04-02,21,0,0,0,0,0,0,1,1,0,0.0,0.391449,0,0.0,0,72,2,1,0.5646,0.3407,YELLOW,40,Chennai
CLM0003317,CHE_00232,Tambaram,2021-12-04,20,0,0,0,0,0,0,0,0,0,0.0,0.112978,0,0.0,0,361,1,3,0.9621,0.0,GREEN,32,Chennai
CLM0003318,CHE_09438,Porur,2024-09-22,8,0,0,0,0,0,0,0,0,0,0.0,0.311364,0,0.0,0,420,4,2,0.6572,0.0,GREEN,36,Chennai
CLM0003319,CHE_02288,Tambaram,2025-01-19,20,0,0,0,0,0,0,0,0,0,1.0,0.110007,0,0.0,1,120,1,4,0.1487,0.0,GREEN,27,Chennai
CLM0003320,CHE_05024,Perambur,2025-05-05,9,0,0,0,0,1,0,0,0,0,0.0,0.406466,0,0.0,0,331,3,6,0.98,0.1744,GREEN,47,Chennai
CLM0003321,CHE_05402,Sholinganallur,2021-05-22,12,0,0,0,0,0,0,0,0,0,0.0,0.090386,0,0.0,0,67,1,3,0.2238,0.0,GREEN,31,Chennai
CLM0003322,CHE_01673,Chromepet,2024-10-12,13,0,0,0,0,0,0,0,1,0,0.0,0.397731,0,0.0,0,251,2,4,0.72,0.0801,GREEN,31,Chennai
CLM0003323,CHE_09712,Velachery,2021-04-24,21,0,0,0,0,0,0,0,0,0,0.0,0.031902,0,0.0,0,78,3,2,0.4226,0.0,GREEN,27,Chennai
CLM0003324,CHE_00028,Tambaram,2018-01-30,7,0,1,1,0,0,0,0,0,0,0.0,0.216773,0,0.0,0,212,3,3,0.9247,0.0256,GREEN,42,Chennai
CLM0003325,CHE_04706,Chromepet,2024-12-23,20,0,0,0,0,0,0,0,0,0,0.0,0.406752,0,0.0,0,26,4,0,0.98,0.0,GREEN,28,Chennai
CLM0003326,CHE_04506,Guindy,2024-08-21,15,0,0,0,0,0,1,0,0,0,0.0,0.420773,0,0.0,0,420,2,0,0.9699,0.0,GREEN,37,Chennai
CLM0003327,CHE_03177,Sholinganallur,2021-10-01,18,0,0,0,0,0,0,0,0,0,0.0,0.158805,0,0.0,0,349,1,3,0.7792,0.0268,GREEN,25,Chennai
CLM0003328,CHE_03582,T Nagar,2022-04-14,18,0,0,0,0,0,0,0,0,0,0.0,0.21065,0,0.0,0,351,3,3,0.6491,0.0,GREEN,42,Chennai
CLM0003329,CHE_09304,Tambaram,2022-12-15,8,0,0,0,0,0,1,0,0,0,0.0,0.438096,0,0.0,0,117,3,1,0.8945,0.0966,GREEN,47,Chennai
CLM0003330,CHE_09866,T Nagar,2019-10-18,19,0,0,0,0,0,0,0,0,0,0.0,0.208584,0,0.0,0,297,0,4,0.05,0.0,GREEN,27,Chennai
CLM0003331,CHE_02553,Chromepet,2023-02-10,8,0,0,0,0,0,0,1,0,0,0.0,0.257123,0,0.0,0,75,3,0,0.5351,0.0688,GREEN,30,Chennai
CLM0003332,CHE_04437,Sholinganallur,2017-09-09,17,0,0,0,1,0,0,0,0,0,0.0,0.938158,0,0.0,0,13,4,0,0.6418,0.0924,GREEN,38,Chennai
CLM0003333,CHE_01488,Adyar,2019-04-22,12,0,0,0,0,0,1,0,0,0,0.0,0.233489,0,1.0,0,372,0,4,0.7724,0.1007,GREEN,56,Chennai
CLM0003334,CHE_01108,Velachery,2021-10-10,13,0,0,0,0,0,0,0,0,0,0.0,0.256123,1,0.0,0,228,2,0,0.8266,0.0546,GREEN,36,Chennai
CLM0003335,CHE_08116,Velachery,2017-12-03,18,0,0,0,0,1,0,1,0,1,1.0,0.278471,0,0.0,0,420,2,1,0.6943,0.3553,YELLOW,49,Chennai
CLM0003336,CHE_05692,Porur,2024-11-21,11,0,1,1,0,0,1,1,0,0,0.0,1.0,1,0.0,1,13,2,18,0.1992,0.3439,YELLOW,29,Chennai
CLM0003337,CHE_06251,Sholinganallur,2024-12-02,15,0,1,1,1,0,0,0,1,1,0.0,0.0,1,1.0,1,32,1,18,0.9237,0.6257,RED,60,Chennai
CLM0003338,CHE_03561,Adyar,2020-09-04,19,0,1,1,0,0,0,0,0,0,0.0,0.305576,0,0.0,0,420,2,5,0.8511,0.5228,YELLOW,36,Chennai
CLM0003339,CHE_02885,Guindy,2022-03-20,20,0,1,1,1,0,0,1,1,1,0.0,0.968648,0,1.0,1,13,0,14,0.9792,0.7803,RED,35,Chennai
CLM0003340,CHE_05044,Porur,2025-01-09,14,0,1,1,1,1,0,1,0,0,1.0,1.0,0,0.0,0,5,0,18,0.4249,0.4893,YELLOW,39,Chennai
CLM0003341,CHE_06079,Porur,2022-12-13,21,1,1,1,0,0,0,0,0,0,0.0,0.076866,0,0.0,0,25,1,2,0.7706,0.0,GREEN,27,Chennai
CLM0003342,CHE_08538,T Nagar,2024-08-08,7,0,0,0,0,0,0,0,0,0,0.0,0.132481,0,0.0,0,176,3,2,0.8203,0.0,GREEN,27,Chennai
CLM0003343,CHE_01796,Chromepet,2023-10-17,21,0,0,0,0,0,0,0,0,0,0.0,0.405059,0,0.0,0,338,0,1,0.573,0.0,GREEN,53,Chennai
CLM0003344,CHE_09311,T Nagar,2022-05-26,16,0,0,0,0,0,0,1,0,0,0.0,0.28559,0,0.0,0,46,0,0,0.6005,0.0452,GREEN,51,Chennai
CLM0003345,CHE_09412,Chromepet,2023-04-22,16,0,0,0,0,0,0,0,0,0,0.0,0.368861,0,0.0,0,82,4,5,0.7662,0.0158,GREEN,47,Chennai
CLM0003346,CHE_05622,Adyar,2022-03-02,13,0,0,0,1,0,0,0,1,0,1.0,0.072905,1,0.0,0,169,2,5,0.8709,0.3858,YELLOW,52,Chennai
CLM0003347,CHE_00688,Porur,2022-01-17,8,0,0,0,0,0,1,0,0,0,0.0,0.294101,0,0.0,0,420,2,3,0.892,0.1534,GREEN,30,Chennai
CLM0003348,CHE_04866,Porur,2022-09-26,16,0,0,0,0,0,1,0,0,1,0.0,0.073456,0,0.0,0,312,1,2,0.98,0.2397,GREEN,39,Chennai
CLM0003349,CHE_00071,T Nagar,2024-05-22,9,0,0,0,0,0,0,0,0,0,0.0,0.187679,0,0.0,0,245,0,0,0.9034,0.0026,GREEN,46,Chennai
CLM0003350,CHE_04989,Velachery,2017-04-24,21,0,0,0,0,0,0,1,1,0,0.0,0.292462,0,0.0,0,402,2,1,0.6396,0.2226,GREEN,37,Chennai
CLM0003351,CHE_01583,Porur,2025-07-03,13,0,0,0,0,0,0,0,0,0,0.0,0.035675,0,0.0,0,42,4,6,0.5354,0.0,GREEN,23,Chennai
CLM0003352,CHE_08519,Velachery,2018-08-02,8,0,0,0,0,0,0,0,0,0,0.0,0.173562,0,0.0,0,360,3,1,0.5843,0.0,GREEN,44,Chennai
CLM0003353,CHE_01745,Chromepet,2018-01-07,20,0,0,0,0,0,0,0,0,0,0.0,0.049236,0,0.0,0,420,0,3,0.9532,0.0,GREEN,55,Chennai
CLM0003354,CHE_07463,Chromepet,2021-10-09,17,0,0,0,0,0,1,0,0,0,0.0,0.132294,0,1.0,0,158,0,2,0.7616,0.109,GREEN,52,Chennai
CLM0003355,CHE_06733,Porur,2024-10-28,21,0,0,0,0,0,0,0,0,0,0.0,0.243691,0,0.0,0,122,2,5,0.0907,0.0,GREEN,34,Chennai
CLM0003356,CHE_07112,T Nagar,2018-11-23,7,0,0,0,0,0,0,0,0,0,1.0,0.09689,0,0.0,0,184,4,1,0.7596,0.0627,GREEN,33,Chennai
CLM0003357,CHE_05262,Adyar,2015-11-19,21,0,0,0,0,0,0,0,0,0,0.0,0.15563,0,0.0,0,347,4,1,0.5064,0.0,GREEN,47,Chennai
CLM0003358,CHE_02978,Tambaram,2020-07-14,17,0,0,0,0,0,0,0,0,0,0.0,0.099329,0,0.0,0,37,0,0,0.5149,0.0,GREEN,32,Chennai
CLM0003359,CHE_01952,Sholinganallur,2021-02-15,7,0,0,0,0,0,0,0,1,0,0.0,0.298978,0,0.0,0,230,1,5,0.285,0.1315,GREEN,52,Chennai
CLM0003360,CHE_07703,Porur,2020-11-30,12,0,0,0,1,0,0,0,0,0,0.0,0.952188,0,0.0,0,362,1,5,0.1313,0.1525,GREEN,37,Chennai
CLM0003361,CHE_08376,Anna Nagar,2018-06-15,17,0,0,0,0,0,0,0,0,0,1.0,0.083217,0,0.0,0,361,1,1,0.5096,0.0669,GREEN,45,Chennai
CLM0003362,CHE_06738,Anna Nagar,2023-05-06,10,0,0,0,0,0,0,0,0,0,0.0,0.345328,0,0.0,0,204,2,1,0.98,0.0589,GREEN,32,Chennai
CLM0003363,CHE_09485,Perambur,2020-03-27,10,0,0,0,0,0,0,0,0,0,0.0,0.257376,0,0.0,0,247,0,3,0.7414,0.0,GREEN,37,Chennai
CLM0003364,CHE_08921,T Nagar,2020-12-26,9,0,0,0,0,0,0,0,1,0,0.0,0.264427,0,0.0,0,409,4,5,0.7768,0.1204,GREEN,42,Chennai
CLM0003365,CHE_00962,Perambur,2021-05-08,14,0,0,0,1,1,1,1,1,1,1.0,0.995581,0,1.0,1,25,0,18,0.1506,0.1703,GREEN,50,Chennai
CLM0003366,CHE_00386,Anna Nagar,2023-11-07,9,0,0,0,0,0,0,0,0,0,0.0,0.39706,0,0.0,0,361,3,4,0.9716,0.081,GREEN,29,Chennai
CLM0003367,CHE_09503,Chromepet,2023-12-13,15,0,0,0,0,0,0,0,0,0,0.0,0.079672,0,0.0,0,102,2,0,0.7565,0.0036,GREEN,38,Chennai
CLM0003368,CHE_06122,Porur,2022-06-05,17,0,0,0,1,0,0,0,0,0,0.0,0.111759,0,0.0,0,420,3,1,0.7308,0.0905,GREEN,48,Chennai
CLM0003369,CHE_09638,Porur,2025-11-04,16,0,0,0,0,0,0,0,0,0,0.0,0.978037,0,0.0,0,136,1,3,0.5482,0.0336,GREEN,22,Chennai
CLM0003370,CHE_03354,T Nagar,2023-08-01,20,0,0,0,0,0,0,0,0,0,0.0,0.202379,0,0.0,0,420,1,0,0.6885,0.0477,GREEN,43,Chennai
CLM0003371,CHE_05562,Anna Nagar,2019-08-24,16,0,0,0,0,0,0,0,0,0,0.0,0.216792,0,0.0,1,420,0,3,0.8049,0.0704,GREEN,35,Chennai
CLM0003372,CHE_01233,Velachery,2023-05-14,17,0,0,0,1,0,1,0,0,0,0.0,0.044941,1,0.0,0,113,0,0,0.9029,0.2311,GREEN,39,Chennai
CLM0003373,CHE_07912,Porur,2021-12-05,8,1,0,0,0,0,0,0,0,0,0.0,0.070653,0,0.0,1,123,4,6,0.7456,0.0,GREEN,45,Chennai
CLM0003374,CHE_06909,Anna Nagar,2021-05-31,13,0,1,1,0,0,0,0,0,0,0.0,0.319643,1,0.0,0,182,0,3,0.9042,0.1004,GREEN,40,Chennai
CLM0003375,CHE_09203,Guindy,2017-08-29,12,0,0,0,0,0,0,0,0,1,0.0,0.939402,0,0.0,0,347,2,0,0.7654,0.1674,GREEN,35,Chennai
CLM0003376,CHE_08050,T Nagar,2020-01-21,21,0,0,0,0,0,0,0,0,0,0.0,0.938176,0,0.0,0,420,4,0,0.6901,0.0051,GREEN,38,Chennai
CLM0003377,CHE_04408,Anna Nagar,2021-07-12,19,0,0,0,0,0,0,0,0,0,0.0,0.242549,0,0.0,0,318,3,3,0.8923,0.0,GREEN,28,Chennai
CLM0003378,CHE_05518,Sholinganallur,2024-02-10,21,0,0,0,0,0,0,0,0,0,0.0,0.115157,0,0.0,0,420,2,2,0.6541,0.056,GREEN,38,Chennai
CLM0003379,CHE_08243,Porur,2024-08-29,7,0,0,0,0,0,0,0,0,0,0.0,0.287707,0,0.0,0,420,2,0,0.7609,0.0,GREEN,36,Chennai
CLM0003380,CHE_06722,Guindy,2025-01-08,16,0,0,0,0,0,0,0,0,0,0.0,0.435841,0,1.0,0,292,2,6,0.617,0.0567,GREEN,35,Chennai
CLM0003381,CHE_05082,Porur,2023-08-02,8,0,0,0,0,1,0,0,0,0,0.0,0.261273,1,1.0,0,117,0,1,0.5914,0.1879,GREEN,25,Chennai
CLM0003382,CHE_02257,T Nagar,2020-12-23,12,0,1,1,0,0,0,0,0,0,0.0,0.035917,0,0.0,1,136,4,4,0.8612,0.0477,GREEN,41,Chennai
CLM0003383,CHE_08726,Sholinganallur,2025-03-02,15,0,0,0,0,0,0,1,0,1,1.0,0.140555,0,0.0,0,266,2,6,0.5678,0.3473,YELLOW,39,Chennai
CLM0003384,CHE_06396,Adyar,2024-07-11,9,0,1,1,0,0,0,0,0,0,0.0,0.375264,0,0.0,0,310,3,2,0.6978,0.0379,GREEN,21,Chennai
CLM0003385,CHE_04424,Perambur,2024-09-29,7,0,0,0,0,0,0,0,0,0,1.0,0.151724,0,0.0,0,72,2,6,0.7725,0.0616,GREEN,31,Chennai
CLM0003386,CHE_08791,Porur,2021-10-18,10,0,0,0,0,0,0,0,0,1,0.0,0.0,0,0.0,0,215,2,2,0.1316,0.0639,GREEN,41,Chennai
CLM0003387,CHE_03188,Perambur,2025-09-28,13,0,0,0,0,0,0,0,0,0,0.0,1.0,0,0.0,0,420,2,0,0.542,0.0,GREEN,18,Chennai
CLM0003388,CHE_06039,Perambur,2025-07-25,10,0,0,0,0,0,0,0,0,0,0.0,0.219109,0,0.0,0,161,3,0,0.8434,0.0,GREEN,49,Chennai
CLM0003389,CHE_03072,Perambur,2025-10-14,12,0,0,0,0,0,0,0,0,0,0.0,0.433524,0,0.0,0,385,1,3,0.7214,0.0,GREEN,25,Chennai
CLM0003390,CHE_00835,Tambaram,2022-04-03,19,0,0,0,0,0,0,1,0,0,0.0,0.348356,0,1.0,0,420,0,0,0.9626,0.0303,GREEN,52,Chennai
CLM0003391,CHE_07968,Chromepet,2023-07-06,15,0,0,0,0,0,0,0,0,0,0.0,0.331154,1,0.0,0,170,2,0,0.857,0.0411,GREEN,28,Chennai
CLM0003392,CHE_01909,Adyar,2023-03-24,7,0,0,0,0,0,1,0,0,0,0.0,0.165011,0,0.0,0,269,2,5,0.8038,0.1358,GREEN,36,Chennai
CLM0003393,CHE_06913,Chromepet,2024-12-22,20,0,0,0,0,0,0,0,0,0,0.0,0.18392,0,0.0,0,395,3,1,0.6122,0.0502,GREEN,37,Chennai
CLM0003394,CHE_04237,Velachery,2024-12-07,21,0,0,0,0,0,0,0,0,0,0.0,0.061348,0,0.0,0,361,2,4,0.4977,0.0,GREEN,29,Chennai
CLM0003395,CHE_00499,Velachery,2025-02-12,10,0,0,0,1,0,0,0,1,1,1.0,1.0,0,0.0,0,5,4,18,0.1547,0.0559,GREEN,51,Chennai
CLM0003396,CHE_05258,Chromepet,2025-05-21,9,0,0,0,0,0,0,1,1,0,0.0,0.088998,0,0.0,0,224,3,4,0.7342,0.0834,GREEN,40,Chennai
CLM0003397,CHE_06107,Adyar,2024-12-31,8,0,0,0,0,0,0,0,0,0,0.0,0.256848,0,0.0,0,105,2,3,0.8496,0.0537,GREEN,44,Chennai
CLM0003398,CHE_00638,Chromepet,2024-10-09,12,0,0,0,0,0,0,0,0,0,0.0,1.0,0,0.0,0,176,3,1,0.0952,0.0441,GREEN,54,Chennai
CLM0003399,CHE_03925,Sholinganallur,2025-10-02,15,0,0,0,1,0,0,0,0,0,0.0,0.156726,0,0.0,0,340,3,0,0.6078,0.0729,GREEN,43,Chennai
CLM0003400,CHE_09116,T Nagar,2022-04-25,20,0,0,0,0,0,0,1,0,0,0.0,0.171839,0,0.0,0,420,1,3,0.7653,0.0,GREEN,24,Chennai
CLM0003401,CHE_00682,Anna Nagar,2025-10-30,20,0,0,0,0,0,0,0,0,0,0.0,0.161853,0,0.0,0,210,1,6,0.679,0.0116,GREEN,54,Chennai
CLM0003402,CHE_05980,Sholinganallur,2023-07-09,16,0,0,0,0,0,0,0,0,0,0.0,0.307006,0,1.0,0,63,1,1,0.7546,0.0613,GREEN,22,Chennai
CLM0003403,CHE_03010,Tambaram,2025-12-28,13,0,0,0,0,0,0,0,0,0,1.0,0.892767,0,1.0,0,397,4,3,0.7638,0.0,GREEN,45,Chennai
CLM0003404,CHE_07887,Guindy,2025-12-11,16,0,0,0,0,0,0,0,0,0,0.0,0.170285,0,0.0,0,136,3,4,0.7562,0.0093,GREEN,37,Chennai
CLM0003405,CHE_07099,Chromepet,2023-08-30,17,0,0,0,0,0,0,0,0,0,0.0,0.208565,0,0.0,0,420,0,1,0.7577,0.0,GREEN,33,Chennai
CLM0003406,CHE_05224,Tambaram,2022-06-23,21,0,0,0,0,0,0,0,0,0,1.0,0.250962,0,0.0,1,420,4,0,0.98,0.1653,GREEN,34,Chennai
CLM0003407,CHE_02261,Adyar,2023-04-18,13,0,0,0,0,0,0,0,0,0,0.0,0.924325,0,0.0,0,139,2,0,0.98,0.0665,GREEN,37,Chennai
CLM0003408,CHE_00838,Anna Nagar,2024-12-25,14,0,0,0,0,1,1,0,1,1,0.0,0.024692,1,0.0,0,5,1,18,0.8772,0.0,GREEN,51,Chennai
CLM0003409,CHE_03943,Velachery,2023-10-03,12,0,0,0,0,0,0,0,0,0,0.0,0.184894,0,0.0,0,39,4,0,0.836,0.1419,GREEN,18,Chennai
CLM0003410,CHE_07864,Porur,2023-12-01,8,0,0,0,1,0,1,1,1,0,1.0,0.880932,0,1.0,0,323,1,0,0.6294,0.5832,YELLOW,41,Chennai
CLM0003411,CHE_07452,T Nagar,2025-12-05,9,0,0,0,0,0,0,0,0,0,0.0,0.144334,0,0.0,0,39,4,0,0.8139,0.0,GREEN,42,Chennai
CLM0003412,CHE_01800,Porur,2023-03-03,18,0,0,0,0,0,0,0,0,0,0.0,0.429442,0,0.0,0,52,3,1,0.4792,0.1128,GREEN,39,Chennai
CLM0003413,CHE_03057,Tambaram,2025-08-05,9,0,0,0,0,0,0,0,0,0,0.0,0.089837,0,1.0,0,254,0,0,0.7189,0.0,GREEN,42,Chennai
CLM0003414,CHE_06428,Porur,2023-02-06,13,0,0,0,0,0,0,0,0,1,0.0,0.032301,0,0.0,0,401,4,2,0.05,0.122,GREEN,49,Chennai
CLM0003415,CHE_02105,Tambaram,2021-04-14,8,0,0,0,0,0,0,0,0,0,1.0,0.293475,0,0.0,0,150,2,2,0.5749,0.137,GREEN,18,Chennai
CLM0003416,CHE_01604,Guindy,2023-04-08,21,0,0,0,0,0,0,0,0,0,0.0,0.972356,0,0.0,0,186,4,0,0.7046,0.0,GREEN,43,Chennai
CLM0003417,CHE_01075,Perambur,2019-03-01,15,0,0,0,0,0,0,0,0,0,0.0,0.091959,0,0.0,0,142,2,0,0.6037,0.0098,GREEN,37,Chennai
CLM0003418,CHE_05362,Tambaram,2025-01-09,19,0,0,0,0,0,0,0,1,0,0.0,0.313363,0,0.0,0,302,1,3,0.5971,0.0532,GREEN,48,Chennai
CLM0003419,CHE_03572,Tambaram,2016-02-06,11,0,0,0,0,0,0,0,0,0,0.0,0.194102,0,0.0,0,202,4,2,0.98,0.2181,GREEN,36,Chennai
CLM0003420,CHE_02565,Perambur,2022-08-01,8,0,0,0,0,0,0,0,0,0,0.0,0.209078,0,0.0,0,193,2,0,0.9291,0.0,GREEN,29,Chennai
CLM0003421,CHE_09538,Chromepet,2015-12-13,7,0,0,0,0,0,0,0,0,0,0.0,0.165198,0,0.0,0,201,4,2,0.9125,0.0099,GREEN,43,Chennai
CLM0003422,CHE_08695,Perambur,2020-08-03,11,0,0,0,0,0,0,0,0,0,0.0,0.442565,0,0.0,0,104,2,7,0.5353,0.0,GREEN,21,Chennai
CLM0003423,CHE_02060,Perambur,2025-12-25,9,0,0,0,0,0,0,0,1,0,0.0,0.0,0,0.0,0,126,0,1,0.5994,0.0606,GREEN,44,Chennai
CLM0003424,CHE_08285,T Nagar,2023-04-18,19,0,0,0,0,0,0,0,0,0,1.0,1.0,0,1.0,0,393,3,2,0.7361,0.0651,GREEN,30,Chennai
CLM0003425,CHE_05748,Chromepet,2024-08-06,21,0,0,0,1,1,1,0,1,1,0.0,0.964134,0,0.0,1,5,4,18,0.05,0.1538,GREEN,53,Chennai
CLM0003426,CHE_02503,T Nagar,2025-09-21,15,0,0,0,0,0,0,0,0,0,0.0,0.135319,0,0.0,0,245,4,3,0.0737,0.0015,GREEN,43,Chennai
CLM0003427,CHE_00353,Chromepet,2023-06-29,16,0,0,0,0,0,0,0,0,0,0.0,0.186867,0,0.0,0,420,4,1,0.811,0.0,GREEN,51,Chennai
CLM0003428,CHE_08458,Porur,2025-01-06,17,0,0,0,0,0,1,0,0,0,0.0,0.291345,0,0.0,0,420,3,0,0.6169,0.0603,GREEN,41,Chennai
CLM0003429,CHE_07463,Chromepet,2024-04-11,18,0,0,0,0,0,0,0,0,0,0.0,0.388747,0,0.0,1,77,0,4,0.8749,0.0338,GREEN,52,Chennai
CLM0003430,CHE_00644,Perambur,2023-07-27,17,0,0,0,0,0,0,0,1,0,1.0,0.295364,0,1.0,0,349,1,2,0.7233,0.193,GREEN,21,Chennai
CLM0003431,CHE_07869,Sholinganallur,2024-06-22,13,0,0,0,0,0,1,0,0,1,0.0,0.963014,1,0.0,0,324,2,0,0.4914,0.3463,YELLOW,37,Chennai
CLM0003432,CHE_03180,Anna Nagar,2023-10-10,19,0,0,0,0,0,0,0,0,0,0.0,0.108224,1,0.0,0,420,3,4,0.1312,0.0722,GREEN,43,Chennai
CLM0003433,CHE_03730,Sholinganallur,2023-05-30,21,0,0,0,0,0,0,0,0,0,0.0,0.279232,0,0.0,0,80,0,0,0.7199,0.0,GREEN,45,Chennai
CLM0003434,CHE_05569,Guindy,2024-08-05,9,0,0,0,0,0,0,1,0,0,0.0,0.132083,0,0.0,0,396,3,0,0.7302,0.0409,GREEN,43,Chennai
CLM0003435,CHE_03316,Tambaram,2025-05-31,11,0,0,0,0,1,0,0,1,0,1.0,0.182837,0,0.0,0,102,1,1,0.8153,0.2275,GREEN,22,Chennai
CLM0003436,CHE_08996,Perambur,2024-05-13,11,0,0,0,0,0,0,0,0,0,0.0,0.175315,0,0.0,0,46,2,5,0.8221,0.0074,GREEN,37,Chennai
CLM0003437,CHE_07208,Chromepet,2024-05-04,10,0,0,0,0,0,0,0,0,0,0.0,0.196376,0,0.0,0,420,1,2,0.6521,0.0066,GREEN,39,Chennai
CLM0003438,CHE_08609,T Nagar,2024-03-21,12,0,0,0,0,0,0,0,0,0,0.0,0.357634,1,0.0,0,229,0,1,0.05,0.1378,GREEN,55,Chennai
CLM0003439,CHE_00180,Porur,2024-11-03,21,0,0,0,0,0,0,0,0,0,1.0,0.127394,0,0.0,0,420,1,6,0.1412,0.0168,GREEN,22,Chennai
CLM0003440,CHE_09504,Porur,2021-04-16,19,0,0,0,0,1,0,1,1,0,1.0,0.963758,1,0.0,0,5,3,18,0.4206,0.0,GREEN,52,Chennai
CLM0003441,CHE_01200,Sholinganallur,2025-08-19,8,0,0,0,0,0,0,0,0,1,0.0,0.422037,0,0.0,0,420,1,1,0.0545,0.0658,GREEN,38,Chennai
CLM0003442,CHE_08866,Tambaram,2021-03-22,8,0,0,0,1,1,1,1,1,0,1.0,0.906116,1,0.0,1,8,4,18,0.2582,0.1451,GREEN,37,Chennai
CLM0003443,CHE_02822,Tambaram,2024-05-30,7,0,0,0,1,0,1,0,0,0,0.0,0.175431,0,0.0,1,96,3,0,0.696,0.4186,YELLOW,54,Chennai
CLM0003444,CHE_05945,Chromepet,2025-08-27,7,0,0,0,0,0,0,0,0,0,0.0,0.289063,0,0.0,0,338,4,3,0.2454,0.0005,GREEN,46,Chennai
CLM0003445,CHE_07364,Anna Nagar,2025-02-09,19,0,0,0,0,0,0,0,0,0,0.0,0.146475,1,0.0,0,179,3,5,0.5737,0.2238,GREEN,48,Chennai
CLM0003446,CHE_09834,T Nagar,2025-10-09,10,0,0,0,0,0,0,0,0,0,0.0,0.107177,0,0.0,0,420,1,4,0.5252,0.0,GREEN,42,Chennai
CLM0003447,CHE_02428,Guindy,2024-01-18,14,0,0,0,0,0,0,0,0,0,0.0,0.338495,0,0.0,0,362,2,0,0.5498,0.0091,GREEN,41,Chennai
CLM0003448,CHE_09850,Perambur,2025-02-20,20,0,0,0,0,0,0,0,0,0,0.0,0.294314,0,0.0,0,231,1,2,0.8562,0.025,GREEN,33,Chennai
CLM0003449,CHE_02888,Adyar,2024-09-18,19,0,0,0,0,0,0,1,0,0,0.0,0.300534,0,0.0,0,408,3,0,0.7374,0.0,GREEN,53,Chennai
CLM0003450,CHE_06626,Porur,2024-12-04,9,0,0,0,1,0,0,0,0,0,0.0,0.184268,0,0.0,0,306,2,1,0.9347,0.1375,GREEN,42,Chennai
CLM0003451,CHE_09639,Velachery,2024-05-18,14,0,0,0,0,0,0,0,0,0,1.0,1.0,0,1.0,0,348,2,3,0.9046,0.0,GREEN,41,Chennai
CLM0003452,CHE_04279,T Nagar,2025-04-13,13,0,0,0,0,0,0,0,0,0,0.0,0.040162,0,0.0,1,420,0,4,0.9682,0.1012,GREEN,57,Chennai
CLM0003453,CHE_06227,Porur,2021-05-22,10,0,0,0,0,0,0,0,0,0,0.0,0.426072,0,0.0,0,196,2,3,0.917,0.0,GREEN,28,Chennai
CLM0003454,CHE_02953,Velachery,2025-04-04,15,0,0,0,0,0,0,0,0,0,0.0,0.150885,0,0.0,1,165,3,1,0.829,0.0,GREEN,41,Chennai
CLM0003455,CHE_00132,Porur,2022-09-10,16,0,0,0,0,0,0,0,0,1,0.0,0.160944,0,1.0,0,333,2,0,0.3417,0.1386,GREEN,36,Chennai
CLM0003456,CHE_00690,T Nagar,2025-03-31,8,0,0,0,0,0,1,0,0,0,0.0,0.12159,0,0.0,0,196,4,3,0.8247,0.1891,GREEN,35,Chennai
CLM0003457,CHE_09999,Porur,2023-01-02,8,0,0,0,0,0,1,0,0,0,0.0,0.267422,0,0.0,0,420,2,0,0.6959,0.085,GREEN,44,Chennai
CLM0003458,CHE_00718,Perambur,2025-06-28,18,0,0,0,0,0,0,0,1,0,0.0,1.0,0,1.0,0,409,2,4,0.8072,0.157,GREEN,58,Chennai
CLM0003459,CHE_06117,Tambaram,2019-11-08,8,0,0,0,0,0,0,0,0,0,0.0,0.416768,0,0.0,0,310,1,1,0.6582,0.0,GREEN,30,Chennai
CLM0003460,CHE_08746,Porur,2021-08-31,18,0,1,1,1,0,0,0,0,0,0.0,0.201999,0,0.0,0,420,2,1,0.6327,0.2383,GREEN,21,Chennai
CLM0003461,CHE_07312,Adyar,2018-07-02,10,0,0,0,0,0,0,0,0,0,0.0,0.042209,0,0.0,0,149,2,5,0.9103,0.0428,GREEN,45,Chennai
CLM0003462,CHE_03177,Sholinganallur,2025-06-06,21,0,0,0,0,0,0,0,0,0,1.0,0.045543,0,0.0,0,388,1,0,0.701,0.0384,GREEN,25,Chennai
CLM0003463,CHE_02677,Velachery,2021-11-09,21,0,0,0,0,0,0,0,0,0,0.0,0.085196,0,0.0,0,341,3,3,0.9131,0.0,GREEN,31,Chennai
CLM0003464,CHE_02212,T Nagar,2023-01-14,12,0,0,0,0,0,0,0,0,0,0.0,0.280092,0,0.0,0,313,4,7,0.805,0.0035,GREEN,44,Chennai
CLM0003465,CHE_06112,Perambur,2023-04-16,11,0,0,0,0,0,0,0,1,0,0.0,0.393396,0,1.0,0,370,1,4,0.8477,0.1544,GREEN,31,Chennai
CLM0003466,CHE_09308,Anna Nagar,2020-07-08,8,0,0,0,0,1,0,0,0,0,0.0,0.19508,0,0.0,0,223,4,0,0.6966,0.1183,GREEN,36,Chennai
CLM0003467,CHE_09482,Chromepet,2022-10-24,10,0,0,0,0,0,0,0,0,0,0.0,0.244216,0,0.0,0,420,4,4,0.6521,0.0124,GREEN,39,Chennai
CLM0003468,CHE_03872,Anna Nagar,2021-07-28,13,0,0,0,0,0,0,0,0,0,0.0,0.163184,0,0.0,1,276,3,6,0.7517,0.0307,GREEN,43,Chennai
CLM0003469,CHE_01054,Velachery,2022-01-16,14,0,0,0,0,0,0,0,0,0,0.0,0.286607,0,0.0,0,273,1,5,0.05,0.0169,GREEN,37,Chennai
CLM0003470,CHE_02834,Porur,2020-03-26,14,0,0,0,0,0,0,0,0,0,0.0,0.334314,0,0.0,0,420,4,3,0.9659,0.0135,GREEN,33,Chennai
CLM0003471,CHE_02232,Adyar,2025-03-29,11,0,0,0,0,0,0,0,0,0,0.0,0.104996,0,0.0,0,168,0,1,0.8776,0.0,GREEN,48,Chennai
CLM0003472,CHE_00128,T Nagar,2019-03-19,18,0,0,0,0,0,0,0,0,0,1.0,0.030384,0,0.0,0,264,1,0,0.8122,0.0699,GREEN,46,Chennai
CLM0003473,CHE_05793,Guindy,2020-10-08,14,0,0,0,0,0,0,0,0,1,0.0,0.143776,0,0.0,0,332,4,5,0.98,0.0907,GREEN,34,Chennai
CLM0003474,CHE_05111,Porur,2018-03-16,8,0,0,0,0,1,0,0,0,0,0.0,0.398864,0,0.0,0,170,2,2,0.8463,0.1781,GREEN,44,Chennai
CLM0003475,CHE_01538,Anna Nagar,2023-06-22,15,0,1,1,0,0,0,0,0,0,0.0,0.046617,0,1.0,1,98,3,4,0.7906,0.0552,GREEN,59,Chennai
CLM0003476,CHE_01578,T Nagar,2021-12-07,13,0,0,0,0,0,0,0,0,0,0.0,0.164998,0,0.0,0,73,1,4,0.9292,0.0281,GREEN,45,Chennai
CLM0003477,CHE_04059,Chromepet,2021-11-11,9,0,0,0,0,0,0,0,0,0,0.0,0.292409,0,0.0,0,420,4,0,0.7022,0.1096,GREEN,36,Chennai
CLM0003478,CHE_01463,Adyar,2024-01-12,19,0,0,0,0,0,0,0,1,0,0.0,0.986988,0,0.0,0,107,2,5,0.145,0.1549,GREEN,40,Chennai
CLM0003479,CHE_08469,T Nagar,2024-03-11,8,0,0,0,0,0,0,0,0,0,0.0,0.197443,0,0.0,0,222,2,0,0.973,0.0,GREEN,48,Chennai
CLM0003480,CHE_03996,Guindy,2024-04-24,15,0,0,0,0,0,0,0,0,0,0.0,0.220451,0,0.0,0,380,4,6,0.0741,0.0,GREEN,25,Chennai
CLM0003481,CHE_08787,Chromepet,2025-04-09,20,0,1,1,0,0,0,0,0,0,0.0,0.251067,0,0.0,0,51,3,1,0.7629,0.0,GREEN,30,Chennai
CLM0003482,CHE_00537,Perambur,2025-11-22,13,0,0,0,0,0,1,0,0,0,0.0,0.2171,0,0.0,0,277,4,5,0.6046,0.176,GREEN,49,Chennai
CLM0003483,CHE_06768,Porur,2023-10-10,16,0,0,0,1,0,0,1,0,0,0.0,0.387933,0,0.0,0,175,3,2,0.5481,0.2479,GREEN,38,Chennai
CLM0003484,CHE_04778,T Nagar,2025-12-18,14,0,0,0,0,0,1,0,0,0,0.0,0.041456,1,0.0,0,232,1,2,0.8669,0.2393,GREEN,40,Chennai
CLM0003485,CHE_04543,Velachery,2023-06-27,20,0,0,0,0,0,0,0,0,1,0.0,0.343144,0,0.0,0,261,4,5,0.2759,0.152,GREEN,43,Chennai
CLM0003486,CHE_06490,Anna Nagar,2024-01-18,10,0,0,0,0,0,0,0,0,0,1.0,0.354215,0,0.0,0,47,2,5,0.05,0.1139,GREEN,31,Chennai
CLM0003487,CHE_09382,Perambur,2022-12-26,19,0,0,0,0,0,0,0,0,0,0.0,0.236645,0,0.0,0,214,3,7,0.1355,0.0098,GREEN,34,Chennai
CLM0003488,CHE_02494,Sholinganallur,2023-09-10,11,0,0,0,0,0,0,0,0,0,0.0,0.263823,0,0.0,0,175,0,1,0.9649,0.0,GREEN,36,Chennai
CLM0003489,CHE_01336,Velachery,2023-07-29,15,0,0,0,0,0,1,0,0,0,0.0,0.029363,0,0.0,0,254,2,2,0.7081,0.1114,GREEN,51,Chennai
CLM0003490,CHE_04811,Chromepet,2025-03-11,10,0,0,0,0,0,0,0,0,0,0.0,0.394716,0,0.0,0,306,4,1,0.6454,0.0,GREEN,44,Chennai
CLM0003491,CHE_01640,Chromepet,2021-10-23,20,0,0,0,0,0,0,0,1,0,0.0,0.294156,0,0.0,0,393,3,3,0.8094,0.0164,GREEN,34,Chennai
CLM0003492,CHE_03758,Porur,2025-06-10,8,0,0,0,0,0,0,0,0,0,0.0,0.091403,0,0.0,0,273,0,4,0.9429,0.0,GREEN,37,Chennai
CLM0003493,CHE_06538,Velachery,2024-10-23,20,0,0,0,0,0,0,0,0,0,0.0,1.0,0,0.0,0,260,2,0,0.1518,0.0641,GREEN,48,Chennai
CLM0003494,CHE_07890,Anna Nagar,2020-05-12,19,0,0,0,0,0,0,0,0,0,0.0,0.404147,0,0.0,0,24,2,5,0.9077,0.0,GREEN,46,Chennai
CLM0003495,CHE_05615,Porur,2020-02-27,14,0,0,0,0,0,0,0,0,0,0.0,0.351174,0,0.0,0,346,0,1,0.9429,0.0,GREEN,44,Chennai
CLM0003496,CHE_08971,Sholinganallur,2024-03-23,7,0,0,0,0,0,0,0,0,0,0.0,0.161997,0,0.0,0,191,3,4,0.6018,0.0,GREEN,32,Chennai
CLM0003497,CHE_04710,Perambur,2024-08-14,15,0,0,0,0,0,0,0,0,1,1.0,1.0,0,1.0,0,161,0,5,0.7352,0.1227,GREEN,30,Chennai
CLM0003498,CHE_06121,Chromepet,2023-08-22,17,0,0,0,0,0,1,0,0,0,0.0,1.0,0,0.0,0,379,4,2,0.7188,0.0993,GREEN,31,Chennai
CLM0003499,CHE_05082,Porur,2021-01-05,16,0,0,0,0,0,0,0,0,0,0.0,0.976527,0,0.0,1,46,4,3,0.7169,0.0,GREEN,25,Chennai
CLM0003500,CHE_07507,Anna Nagar,2021-08-11,16,0,0,0,0,0,1,0,0,0,0.0,0.433403,0,0.0,0,166,3,6,0.7388,0.0386,GREEN,29,Chennai
CLM0003501,CHE_04675,Tambaram,2018-05-24,21,0,0,0,0,0,0,0,0,0,0.0,0.191147,0,0.0,0,50,2,0,0.7383,0.0,GREEN,37,Chennai
CLM0003502,CHE_09432,Anna Nagar,2022-08-04,9,0,0,0,0,0,0,0,0,0,0.0,0.363058,0,0.0,0,82,1,0,0.2503,0.0595,GREEN,45,Chennai
CLM0003503,CHE_05798,Sholinganallur,2023-09-06,21,0,1,1,1,1,0,1,0,1,1.0,0.88661,0,0.0,0,9,2,18,0.6712,0.7716,RED,33,Chennai
CLM0003504,CHE_09390,Guindy,2025-07-17,9,0,1,1,1,1,1,0,0,1,1.0,0.92456,0,0.0,1,40,1,18,0.3977,0.6091,YELLOW,39,Chennai
CLM0003505,CHE_05268,Sholinganallur,2023-08-13,12,0,1,1,0,0,0,1,0,1,1.0,0.926613,1,1.0,1,16,2,18,0.1098,0.3473,YELLOW,21,Chennai
CLM0003506,CHE_08891,Velachery,2025-04-08,12,0,1,1,0,0,0,1,0,1,1.0,0.877261,0,0.0,1,5,0,18,0.4919,0.3596,YELLOW,35,Chennai
CLM0003507,CHE_03706,Porur,2025-12-13,14,0,1,1,1,1,0,1,1,1,1.0,0.066766,0,1.0,1,33,0,18,0.4495,0.7733,RED,23,Chennai
CLM0003508,CHE_00500,Perambur,2023-11-12,21,0,1,1,1,0,0,1,1,1,0.0,0.225443,0,0.0,0,5,2,18,0.98,0.6618,RED,40,Chennai
CLM0003509,CHE_03181,Chromepet,2024-03-22,16,0,1,1,1,1,1,1,1,0,0.0,0.080543,0,0.0,0,35,1,18,0.8754,0.653,RED,39,Chennai
CLM0003510,CHE_09549,Velachery,2024-02-17,13,0,1,1,1,1,1,1,1,1,1.0,0.995045,0,0.0,1,6,1,18,0.3752,0.8195,RED,58,Chennai
CLM0003511,CHE_01827,Anna Nagar,2025-10-24,17,0,1,1,1,1,0,1,1,1,0.0,0.05667,1,0.0,0,5,1,18,0.8949,0.7302,RED,32,Chennai
CLM0003512,CHE_01920,Porur,2025-07-02,13,0,1,1,0,0,0,0,0,0,0.0,0.068225,0,0.0,0,129,1,3,0.9458,0.7541,RED,47,Chennai
CLM0003513,CHE_00843,Velachery,2025-04-19,10,0,1,1,1,1,1,1,1,1,1.0,1.0,0,1.0,1,23,0,18,0.05,0.8699,RED,43,Chennai
CLM0003514,CHE_04536,Porur,2023-10-22,15,0,0,0,0,0,0,0,0,0,0.0,0.26875,0,0.0,0,305,0,1,0.9181,0.0159,GREEN,18,Chennai
CLM0003515,CHE_01411,Adyar,2025-02-14,17,0,0,0,0,0,0,1,0,0,0.0,0.247448,1,0.0,0,294,1,3,0.05,0.1129,GREEN,18,Chennai
CLM0003516,CHE_02356,Guindy,2023-06-06,13,0,0,0,0,0,0,0,0,0,0.0,0.197976,0,0.0,0,328,4,0,0.8449,0.0,GREEN,42,Chennai
CLM0003517,CHE_06887,Tambaram,2024-11-02,19,0,0,0,0,0,0,0,0,0,0.0,0.088785,0,0.0,0,107,3,4,0.8943,0.0,GREEN,50,Chennai
CLM0003518,CHE_02795,Adyar,2022-12-08,13,0,0,0,0,0,0,0,0,0,0.0,0.195573,0,0.0,0,305,1,5,0.543,0.0813,GREEN,30,Chennai
CLM0003519,CHE_01219,Tambaram,2025-11-30,15,0,0,0,0,0,0,0,1,0,0.0,0.970242,0,0.0,0,12,0,6,0.4996,0.0262,GREEN,33,Chennai
CLM0003520,CHE_08136,Sholinganallur,2022-07-07,14,0,0,0,0,0,0,0,0,0,0.0,0.320238,0,0.0,0,77,1,4,0.7848,0.0,GREEN,49,Chennai
CLM0003521,CHE_06983,Velachery,2023-01-02,20,0,0,0,0,0,0,0,1,0,0.0,0.838843,0,0.0,0,158,1,0,0.9724,0.1391,GREEN,28,Chennai
CLM0003522,CHE_05786,Sholinganallur,2025-02-16,17,0,0,0,0,0,1,0,0,0,0.0,0.0,0,0.0,0,133,4,0,0.7064,0.0249,GREEN,33,Chennai
CLM0003523,CHE_01905,Guindy,2025-09-12,8,0,0,0,0,0,0,0,0,0,0.0,0.306173,0,0.0,0,420,2,3,0.9397,0.0,GREEN,40,Chennai
CLM0003524,CHE_02040,Perambur,2023-06-03,18,0,0,0,0,0,0,1,0,0,0.0,0.152796,0,0.0,0,66,2,2,0.7698,0.0445,GREEN,41,Chennai
CLM0003525,CHE_02519,Anna Nagar,2021-07-09,13,0,0,0,0,0,0,0,0,0,0.0,0.005874,0,0.0,0,302,0,2,0.7411,0.0975,GREEN,44,Chennai
CLM0003526,CHE_07315,Tambaram,2024-07-08,17,0,0,0,1,0,1,1,1,1,0.0,0.065834,1,0.0,0,5,3,18,0.98,0.1327,GREEN,37,Chennai
CLM0003527,CHE_00995,Porur,2024-07-28,12,0,0,0,0,0,0,0,0,0,0.0,1.0,0,0.0,0,420,1,2,0.8396,0.0,GREEN,46,Chennai
CLM0003528,CHE_02891,Anna Nagar,2020-01-20,9,0,0,0,0,0,1,0,0,0,0.0,0.194944,0,0.0,0,158,4,2,0.7506,0.1092,GREEN,47,Chennai
CLM0003529,CHE_05461,Tambaram,2024-01-14,12,0,0,0,0,1,1,1,1,0,1.0,0.533794,1,0.0,1,5,1,18,0.2907,0.3751,YELLOW,42,Chennai
CLM0003530,CHE_02922,T Nagar,2019-11-24,10,0,0,0,0,0,0,0,0,0,0.0,0.179217,0,0.0,0,420,4,1,0.7092,0.0,GREEN,39,Chennai
CLM0003531,CHE_09900,Sholinganallur,2022-10-17,16,0,0,0,0,0,0,0,0,0,1.0,0.109483,0,0.0,0,167,3,0,0.5697,0.0,GREEN,45,Chennai
CLM0003532,CHE_04605,Chromepet,2022-07-18,9,0,0,0,0,0,0,0,0,0,0.0,0.300835,0,0.0,0,161,4,0,0.8533,0.0,GREEN,43,Chennai
CLM0003533,CHE_07578,Guindy,2023-01-06,19,0,0,0,0,0,0,0,0,0,0.0,0.37883,0,0.0,0,301,4,2,0.9065,0.0,GREEN,60,Chennai
CLM0003534,CHE_05921,Anna Nagar,2018-12-28,19,0,0,0,0,0,0,0,1,0,1.0,0.967696,0,1.0,1,332,1,1,0.5572,0.1595,GREEN,35,Chennai
CLM0003535,CHE_05284,T Nagar,2022-12-24,19,0,0,0,0,0,1,0,0,1,0.0,0.3996,0,0.0,0,338,2,3,0.05,0.1081,GREEN,33,Chennai
CLM0003536,CHE_08804,T Nagar,2020-01-03,21,0,0,0,0,0,1,0,0,0,0.0,1.0,0,0.0,0,420,3,2,0.9122,0.1596,GREEN,33,Chennai
CLM0003537,CHE_06922,Perambur,2022-05-23,18,0,0,0,0,0,0,0,0,0,0.0,0.333559,0,0.0,0,359,0,2,0.1524,0.0,GREEN,36,Chennai
CLM0003538,CHE_08055,Sholinganallur,2022-03-23,18,0,0,0,0,0,1,1,0,0,1.0,0.165174,0,0.0,0,317,1,3,0.6797,0.2795,GREEN,38,Chennai
CLM0003539,CHE_05839,Chromepet,2018-09-13,17,0,0,0,0,0,0,0,0,0,0.0,0.061836,0,0.0,0,192,3,4,0.8956,0.0047,GREEN,49,Chennai
CLM0003540,CHE_07894,Chromepet,2022-07-22,19,0,0,0,0,0,0,0,0,0,0.0,0.0,0,0.0,0,19,1,5,0.98,0.1566,GREEN,23,Chennai
CLM0003541,CHE_03284,Adyar,2021-11-28,8,0,0,0,0,0,0,1,0,0,0.0,0.226236,0,1.0,1,381,0,2,0.9425,0.1534,GREEN,38,Chennai
CLM0003542,CHE_08073,Sholinganallur,2024-12-12,11,0,0,0,0,0,0,0,0,0,0.0,0.323039,0,0.0,0,420,2,0,0.2627,0.0406,GREEN,41,Chennai
CLM0003543,CHE_00135,T Nagar,2024-03-22,7,0,0,0,1,0,0,0,0,0,0.0,0.245154,0,0.0,0,370,3,4,0.9178,0.14,GREEN,40,Chennai
CLM0003544,CHE_04068,Perambur,2020-02-18,13,0,0,0,0,0,0,0,0,0,0.0,0.0,0,0.0,0,70,4,2,0.6931,0.0206,GREEN,49,Chennai
CLM0003545,CHE_08452,Tambaram,2021-08-25,7,0,0,0,0,1,0,0,0,0,0.0,0.0,1,0.0,0,268,0,4,0.7587,0.1853,GREEN,37,Chennai
CLM0003546,CHE_05514,Tambaram,2021-07-21,17,0,0,0,0,0,0,1,1,0,0.0,0.07997,0,0.0,1,18,4,18,0.98,0.0435,GREEN,24,Chennai
CLM0003547,CHE_02970,Sholinganallur,2023-01-13,9,0,0,0,0,0,0,0,0,0,0.0,0.3361,0,0.0,0,28,3,1,0.9236,0.0383,GREEN,23,Chennai
CLM0003548,CHE_03224,T Nagar,2021-11-15,21,0,0,0,0,0,0,0,0,0,0.0,1.0,0,0.0,0,344,0,2,0.5669,0.0736,GREEN,35,Chennai
CLM0003549,CHE_08704,Adyar,2021-06-16,17,0,0,0,0,0,0,0,0,0,0.0,0.090444,0,0.0,0,420,2,1,0.5381,0.0,GREEN,18,Chennai
CLM0003550,CHE_03635,Velachery,2024-02-23,15,0,0,0,1,0,1,0,0,0,0.0,0.20755,1,0.0,0,5,4,18,0.9526,0.0,GREEN,23,Chennai
CLM0003551,CHE_00942,Perambur,2017-12-07,11,0,0,0,0,0,0,0,1,0,0.0,0.26818,0,0.0,0,420,1,3,0.5994,0.1178,GREEN,43,Chennai
CLM0003552,CHE_04370,Porur,2024-04-03,12,0,0,0,0,1,1,0,0,0,1.0,0.22111,0,0.0,0,368,4,0,0.2501,0.0,GREEN,65,Chennai
CLM0003553,CHE_08578,Velachery,2023-08-27,9,0,0,0,0,0,0,0,0,0,0.0,0.081979,1,0.0,0,323,2,2,0.7716,0.0,GREEN,60,Chennai
CLM0003554,CHE_08525,Perambur,2019-09-17,19,0,0,0,0,0,0,0,0,0,0.0,0.292281,1,0.0,0,19,0,2,0.6845,0.0915,GREEN,27,Chennai
CLM0003555,CHE_02263,Adyar,2025-10-29,11,0,0,0,0,0,1,0,0,0,0.0,0.351398,0,0.0,0,420,2,4,0.5967,0.0322,GREEN,32,Chennai
CLM0003556,CHE_05032,Tambaram,2021-12-25,8,0,0,0,0,0,0,0,0,0,0.0,0.421218,0,0.0,0,56,2,2,0.8755,0.1364,GREEN,24,Chennai
CLM0003557,CHE_03843,Porur,2024-04-08,13,0,0,0,0,0,0,0,1,0,1.0,0.330957,0,0.0,0,239,4,0,0.6776,0.1239,GREEN,33,Chennai
CLM0003558,CHE_07673,T Nagar,2019-04-01,9,0,0,0,0,0,0,0,0,0,0.0,0.0,0,0.0,0,245,0,0,0.3142,0.0248,GREEN,52,Chennai
CLM0003559,CHE_05299,Anna Nagar,2024-12-02,13,0,0,0,0,0,0,0,0,1,0.0,0.411232,1,0.0,0,249,4,1,0.7808,0.1651,GREEN,57,Chennai
CLM0003560,CHE_01166,Anna Nagar,2019-09-18,21,0,1,1,0,0,0,0,0,0,0.0,0.262585,0,0.0,0,21,2,5,0.7249,0.0,GREEN,33,Chennai
CLM0003561,CHE_01527,Guindy,2023-02-26,7,0,0,0,0,0,0,0,0,0,0.0,0.21391,0,0.0,0,14,2,2,0.98,0.0052,GREEN,38,Chennai
CLM0003562,CHE_09073,Adyar,2023-10-06,9,0,0,0,1,0,1,0,0,0,1.0,0.418302,0,0.0,0,308,3,3,0.5723,0.225,GREEN,48,Chennai
CLM0003563,CHE_05297,Adyar,2018-11-05,12,0,0,0,0,0,0,0,0,0,0.0,0.234139,0,0.0,0,97,1,0,0.6608,0.0271,GREEN,33,Chennai
CLM0003564,CHE_08231,Guindy,2017-04-02,18,0,0,0,0,0,0,0,0,0,0.0,0.317583,0,0.0,0,300,0,0,0.98,0.0,GREEN,34,Chennai
CLM0003565,CHE_08609,T Nagar,2020-09-17,15,0,0,0,0,0,0,0,0,0,0.0,0.139827,0,0.0,0,196,1,4,0.1133,0.012,GREEN,55,Chennai
CLM0003566,CHE_01934,Velachery,2018-03-23,8,0,0,0,0,0,0,0,0,0,0.0,0.0,0,0.0,0,298,0,5,0.7685,0.1029,GREEN,46,Chennai
CLM0003567,CHE_08646,Sholinganallur,2019-02-17,13,0,0,0,1,1,0,1,0,1,1.0,0.994382,0,0.0,0,34,3,13,0.8503,0.0239,GREEN,36,Chennai
CLM0003568,CHE_05947,Chromepet,2025-07-10,8,0,0,0,0,1,0,0,0,0,0.0,0.285143,0,0.0,0,127,3,0,0.7688,0.2605,GREEN,39,Chennai
CLM0003569,CHE_08940,Chromepet,2025-10-17,10,0,0,0,0,0,1,1,0,0,1.0,1.0,0,1.0,0,369,2,1,0.98,0.1278,GREEN,37,Chennai
CLM0003570,CHE_05206,Perambur,2021-05-10,17,0,0,0,0,0,1,0,0,0,1.0,0.21698,0,0.0,0,246,2,2,0.8075,0.2039,GREEN,21,Chennai
CLM0003571,CHE_08288,Guindy,2025-09-20,18,0,0,0,0,0,0,0,0,0,0.0,0.107104,0,0.0,0,260,3,3,0.7703,0.0,GREEN,44,Chennai
CLM0003572,CHE_09653,Tambaram,2020-03-12,10,0,0,0,0,0,0,0,0,0,0.0,0.303458,0,1.0,0,226,3,4,0.7855,0.0,GREEN,36,Chennai
CLM0003573,CHE_02281,T Nagar,2021-04-15,13,0,0,0,1,0,0,1,0,0,1.0,0.142547,1,0.0,0,420,4,3,0.7017,0.3489,YELLOW,44,Chennai
CLM0003574,CHE_02398,Chromepet,2025-10-23,7,0,1,1,0,0,0,0,0,0,0.0,0.009425,0,0.0,0,354,3,4,0.7407,0.0,GREEN,39,Chennai
CLM0003575,CHE_02758,Sholinganallur,2020-06-30,21,0,0,0,0,1,0,0,1,0,0.0,0.378056,0,0.0,0,107,4,0,0.1093,0.1749,GREEN,34,Chennai
CLM0003576,CHE_08740,Perambur,2025-11-18,8,0,0,0,0,0,0,0,0,0,0.0,0.228445,0,0.0,0,31,3,0,0.05,0.0363,GREEN,50,Chennai
CLM0003577,CHE_01557,Tambaram,2025-06-02,7,0,0,0,0,0,0,0,0,1,0.0,0.16199,0,0.0,0,339,3,1,0.6786,0.1246,GREEN,32,Chennai
CLM0003578,CHE_03046,Tambaram,2025-12-16,16,0,0,0,1,0,0,0,0,0,0.0,0.131245,0,0.0,0,363,2,3,0.05,0.1655,GREEN,44,Chennai
CLM0003579,CHE_08579,Velachery,2022-09-03,10,0,0,0,0,0,0,1,0,0,0.0,0.264461,0,0.0,0,420,0,3,0.9206,0.1012,GREEN,33,Chennai
CLM0003580,CHE_04082,Chromepet,2023-10-05,15,0,0,0,0,0,0,0,1,0,0.0,0.184449,0,0.0,0,253,2,1,0.0809,0.1928,GREEN,33,Chennai
CLM0003581,CHE_08532,Porur,2022-10-25,16,0,0,0,0,0,1,0,0,0,0.0,0.337647,0,1.0,0,180,4,0,0.6521,0.1535,GREEN,53,Chennai
CLM0003582,CHE_03133,T Nagar,2025-06-08,13,0,0,0,0,0,0,0,0,0,0.0,0.105572,0,0.0,0,113,4,1,0.7617,0.1253,GREEN,40,Chennai
CLM0003583,CHE_03325,Perambur,2025-03-27,8,0,0,0,0,1,0,0,0,1,0.0,0.063098,0,0.0,1,120,2,2,0.4491,0.0691,GREEN,34,Chennai
CLM0003584,CHE_07269,Perambur,2024-02-15,19,0,0,0,0,0,0,1,0,0,0.0,0.063353,0,0.0,0,41,0,1,0.3485,0.1049,GREEN,21,Chennai
CLM0003585,CHE_09789,Sholinganallur,2024-09-27,21,0,0,0,0,0,0,0,0,0,0.0,0.073546,0,0.0,0,89,2,7,0.8868,0.0,GREEN,43,Chennai
CLM0003586,CHE_01760,Porur,2024-07-31,7,0,0,0,0,0,0,0,0,1,0.0,0.039096,0,0.0,0,204,3,0,0.701,0.2003,GREEN,38,Chennai
CLM0003587,CHE_00436,Anna Nagar,2022-12-05,9,0,0,0,0,0,0,0,0,0,0.0,0.0,0,0.0,1,240,3,4,0.66,0.0,GREEN,26,Chennai
CLM0003588,CHE_09060,Porur,2022-12-10,7,0,0,0,0,0,0,0,0,0,1.0,0.20989,0,0.0,0,420,4,1,0.9199,0.0,GREEN,49,Chennai
CLM0003589,CHE_09877,Velachery,2024-04-14,10,0,0,0,0,0,0,0,0,0,0.0,0.328095,0,0.0,0,180,0,5,0.1456,0.0,GREEN,29,Chennai
CLM0003590,CHE_05159,Anna Nagar,2024-03-24,20,0,0,0,1,0,0,1,0,1,0.0,0.076092,0,0.0,1,59,3,18,0.9667,0.0622,GREEN,30,Chennai
CLM0003591,CHE_07446,Tambaram,2023-04-25,19,0,0,0,0,0,0,0,0,0,0.0,0.27268,0,0.0,0,161,4,4,0.6848,0.0801,GREEN,55,Chennai
CLM0003592,CHE_07499,Porur,2025-10-16,16,0,0,0,0,0,0,0,0,0,0.0,0.0,0,0.0,0,109,3,1,0.8302,0.0015,GREEN,38,Chennai
CLM0003593,CHE_09795,Velachery,2023-11-24,7,0,0,0,0,0,0,0,0,0,0.0,0.292938,0,0.0,0,248,3,1,0.6451,0.0,GREEN,59,Chennai
CLM0003594,CHE_01363,Guindy,2025-01-20,9,0,0,0,0,0,0,0,0,0,0.0,0.228123,0,0.0,0,229,0,0,0.98,0.1278,GREEN,34,Chennai
CLM0003595,CHE_06717,Porur,2022-01-18,7,0,0,0,0,0,0,0,0,0,0.0,0.262011,0,0.0,0,232,1,1,0.05,0.0549,GREEN,18,Chennai
CLM0003596,CHE_09576,T Nagar,2025-12-02,16,0,0,0,0,0,0,0,1,1,0.0,0.275122,0,0.0,0,189,0,0,0.5341,0.2477,GREEN,51,Chennai
CLM0003597,CHE_04259,Sholinganallur,2023-01-08,13,0,0,0,0,0,0,0,0,0,0.0,0.087071,0,0.0,0,212,4,2,0.5858,0.0104,GREEN,56,Chennai
CLM0003598,CHE_07237,Tambaram,2023-05-29,7,0,0,0,0,0,0,0,0,0,0.0,0.128223,0,0.0,0,208,0,0,0.05,0.0102,GREEN,38,Chennai
CLM0003599,CHE_00944,Perambur,2024-03-17,18,0,0,0,0,0,0,0,0,0,0.0,0.33297,0,0.0,0,84,1,6,0.5552,0.0575,GREEN,19,Chennai
CLM0003600,CHE_06800,Sholinganallur,2025-12-01,10,0,0,0,0,0,0,0,0,0,0.0,0.072539,0,1.0,0,207,0,2,0.8773,0.1038,GREEN,31,Chennai
CLM0003601,CHE_04156,Anna Nagar,2025-08-15,15,0,0,0,1,0,0,0,0,0,0.0,0.333372,0,0.0,0,190,2,4,0.9529,0.1816,GREEN,35,Chennai
CLM0003602,CHE_04166,Sholinganallur,2023-09-09,16,0,0,0,0,0,0,0,0,0,0.0,0.411913,0,0.0,1,336,1,3,0.7013,0.0267,GREEN,55,Chennai
CLM0003603,CHE_00410,Adyar,2022-05-13,13,0,0,0,0,0,0,1,0,0,0.0,0.132031,0,0.0,0,259,1,3,0.98,0.0395,GREEN,46,Chennai
CLM0003604,CHE_08971,Sholinganallur,2020-09-27,16,0,0,0,0,0,0,0,0,0,0.0,1.0,0,0.0,0,201,2,0,0.8524,0.0,GREEN,32,Chennai
CLM0003605,CHE_05434,Porur,2023-06-11,18,0,0,0,0,1,0,0,0,0,1.0,0.145807,0,0.0,0,100,2,1,0.6616,0.1011,GREEN,18,Chennai
CLM0003606,CHE_09346,Adyar,2023-06-07,8,0,0,0,0,0,0,0,0,0,0.0,0.302238,0,0.0,0,233,1,7,0.9399,0.0,GREEN,34,Chennai
CLM0003607,CHE_04687,Velachery,2021-12-14,14,1,0,0,0,0,0,0,1,0,0.0,0.075825,0,0.0,0,135,3,1,0.8012,0.1052,GREEN,22,Chennai
CLM0003608,CHE_09645,Perambur,2024-03-19,13,0,0,0,1,0,0,0,0,0,0.0,0.278628,0,0.0,0,187,1,0,0.4507,0.1733,GREEN,50,Chennai
CLM0003609,CHE_06620,Adyar,2025-03-19,15,0,0,0,0,0,0,0,0,0,0.0,0.068615,0,0.0,0,335,0,4,0.98,0.0,GREEN,21,Chennai
CLM0003610,CHE_08346,Velachery,2018-09-15,15,0,0,0,0,0,0,0,0,0,0.0,1.0,0,0.0,0,323,0,4,0.7663,0.0264,GREEN,31,Chennai
CLM0003611,CHE_04944,Tambaram,2019-01-12,9,0,1,1,0,0,0,0,0,0,0.0,0.375431,0,0.0,1,310,2,0,0.9029,0.0057,GREEN,33,Chennai
CLM0003612,CHE_01978,Guindy,2022-05-28,17,0,0,0,0,0,0,0,0,0,0.0,1.0,0,0.0,0,129,3,4,0.8033,0.0,GREEN,36,Chennai
CLM0003613,CHE_07143,Velachery,2024-08-11,16,0,0,0,0,0,0,0,0,0,0.0,0.405539,0,0.0,0,241,0,1,0.7774,0.2125,GREEN,40,Chennai
CLM0003614,CHE_07294,Guindy,2024-08-29,19,0,0,0,0,0,0,1,0,0,0.0,0.255109,0,0.0,1,54,1,2,0.98,0.1144,GREEN,43,Chennai
CLM0003615,CHE_04893,Adyar,2025-11-15,11,0,0,0,0,0,0,0,0,0,1.0,0.492633,1,1.0,0,166,2,0,0.8036,0.1315,GREEN,40,Chennai
CLM0003616,CHE_06442,Chromepet,2025-04-27,19,0,0,0,0,0,0,0,0,0,0.0,0.111686,0,0.0,0,262,2,0,0.4843,0.0,GREEN,38,Chennai
CLM0003617,CHE_08597,Velachery,2024-07-21,8,0,0,0,0,0,0,0,0,0,0.0,0.064948,0,0.0,0,389,4,3,0.8923,0.0,GREEN,25,Chennai
CLM0003618,CHE_00869,Perambur,2025-10-07,21,0,0,0,0,0,0,0,0,0,0.0,0.462383,0,0.0,0,420,2,4,0.9287,0.0825,GREEN,39,Chennai
CLM0003619,CHE_07626,Porur,2019-09-09,12,0,0,0,0,0,0,0,1,0,0.0,0.019447,0,0.0,0,351,1,3,0.0508,0.1348,GREEN,36,Chennai
CLM0003620,CHE_03069,Anna Nagar,2020-08-18,8,0,0,0,0,0,0,0,0,1,0.0,0.234466,0,0.0,0,239,3,3,0.7013,0.1739,GREEN,27,Chennai
CLM0003621,CHE_04068,Perambur,2024-03-03,19,0,0,0,0,0,0,0,0,0,0.0,0.344899,0,0.0,1,111,3,2,0.615,0.0758,GREEN,49,Chennai
CLM0003622,CHE_08029,Perambur,2020-04-04,14,0,1,1,1,1,1,1,0,0,0.0,1.0,0,0.0,1,51,2,14,0.05,0.7843,RED,51,Chennai
CLM0003623,CHE_04093,Guindy,2023-12-01,8,0,1,1,1,1,0,1,1,1,1.0,0.247542,0,1.0,1,18,1,18,0.5002,0.8305,RED,45,Chennai
CLM0003624,CHE_07504,Porur,2024-09-16,19,0,1,1,0,0,0,0,0,0,0.0,0.284147,0,0.0,0,367,4,1,0.9688,0.0,GREEN,37,Chennai
CLM0003625,CHE_06640,Guindy,2025-03-12,18,0,0,0,0,1,1,1,1,1,1.0,0.0,0,1.0,1,11,2,18,0.2524,0.0,GREEN,34,Chennai
CLM0003626,CHE_05120,Adyar,2025-12-15,12,0,0,0,0,0,0,0,0,0,1.0,0.252357,0,0.0,0,268,2,1,0.98,0.0939,GREEN,41,Chennai
CLM0003627,CHE_03512,Porur,2025-01-28,16,0,0,0,0,0,0,0,0,0,0.0,0.158881,0,1.0,0,351,2,2,0.8945,0.1077,GREEN,37,Chennai
CLM0003628,CHE_03485,Perambur,2025-03-22,18,0,0,0,0,0,0,0,0,0,0.0,0.099885,0,0.0,0,78,0,5,0.98,0.0776,GREEN,28,Chennai
CLM0003629,CHE_05246,Chromepet,2025-01-24,17,0,0,0,0,0,0,1,0,1,1.0,0.07,0,0.0,0,45,1,6,0.6733,0.2087,GREEN,46,Chennai
CLM0003630,CHE_08934,Anna Nagar,2024-11-07,10,0,0,0,0,0,0,0,0,1,0.0,0.288192,0,0.0,0,365,0,0,0.6602,0.2111,GREEN,40,Chennai
CLM0003631,CHE_03710,Tambaram,2024-06-19,21,0,0,0,0,0,0,0,0,0,0.0,0.359522,0,0.0,1,133,1,4,0.8843,0.1636,GREEN,24,Chennai
CLM0003632,CHE_01358,Anna Nagar,2024-11-24,17,0,0,0,0,0,0,0,0,0,1.0,0.144252,0,1.0,0,420,1,3,0.7291,0.0233,GREEN,22,Chennai
CLM0003633,CHE_06052,Anna Nagar,2025-05-20,8,0,0,0,0,0,0,0,1,0,0.0,0.188746,0,0.0,0,226,0,0,0.6656,0.1721,GREEN,35,Chennai
CLM0003634,CHE_08045,Perambur,2025-03-21,10,0,0,0,0,0,0,0,0,0,0.0,0.986016,0,0.0,1,189,3,0,0.9094,0.0909,GREEN,32,Chennai
CLM0003635,CHE_02678,Tambaram,2025-06-14,20,0,0,0,0,0,0,0,0,0,0.0,0.119691,0,0.0,0,249,0,0,0.4858,0.1339,GREEN,38,Chennai
CLM0003636,CHE_07309,T Nagar,2025-11-24,19,0,1,1,0,0,0,0,0,1,0.0,0.113284,0,0.0,0,46,0,5,0.0724,0.1281,GREEN,31,Chennai
CLM0003637,CHE_08579,Velachery,2025-08-09,7,0,0,0,0,0,0,0,0,0,0.0,0.085556,0,0.0,0,344,4,5,0.98,0.0261,GREEN,33,Chennai
CLM0003638,CHE_01937,Guindy,2025-07-27,12,0,0,0,0,0,0,0,0,0,0.0,0.330613,0,0.0,0,290,2,5,0.0688,0.0815,GREEN,47,Chennai
CLM0003639,CHE_02493,Velachery,2023-11-04,17,0,0,0,0,0,0,0,0,0,1.0,0.0,0,0.0,0,191,0,1,0.6191,0.0,GREEN,47,Chennai
CLM0003640,CHE_00834,Anna Nagar,2023-05-19,18,0,0,0,0,0,0,0,0,0,0.0,0.276765,0,0.0,0,269,4,1,0.7222,0.0158,GREEN,43,Chennai
CLM0003641,CHE_03178,Chromepet,2025-08-06,21,0,1,1,0,0,0,0,0,0,0.0,0.346285,0,0.0,0,163,4,1,0.6504,0.0,GREEN,67,Chennai
CLM0003642,CHE_09389,Perambur,2024-02-08,16,0,0,0,0,0,0,0,1,0,0.0,0.277566,0,0.0,0,311,2,1,0.2462,0.1319,GREEN,29,Chennai
CLM0003643,CHE_06095,Guindy,2023-08-22,16,0,0,0,0,1,0,0,0,0,0.0,0.951096,0,0.0,0,320,4,0,0.6829,0.0898,GREEN,45,Chennai
CLM0003644,CHE_03868,Tambaram,2023-11-02,8,0,0,0,0,0,0,0,0,0,1.0,0.424317,0,0.0,0,23,3,4,0.723,0.1266,GREEN,50,Chennai
CLM0003645,CHE_00456,Porur,2025-10-19,10,0,0,0,0,0,1,0,0,0,0.0,0.193966,0,0.0,0,203,1,3,0.8865,0.0982,GREEN,32,Chennai
CLM0003646,CHE_02538,Perambur,2022-01-18,13,0,0,0,0,0,1,0,0,0,0.0,0.100741,0,0.0,0,236,2,4,0.8019,0.1025,GREEN,35,Chennai
CLM0003647,CHE_06937,Perambur,2024-10-28,13,0,0,0,0,0,0,0,0,0,1.0,0.130047,0,0.0,0,420,4,4,0.7575,0.1285,GREEN,40,Chennai
CLM0003648,CHE_08583,Chromepet,2025-02-04,18,0,0,0,0,0,0,0,0,0,0.0,0.0,0,0.0,0,212,4,0,0.7393,0.0237,GREEN,29,Chennai
CLM0003649,CHE_02997,Guindy,2023-02-27,9,0,0,0,0,0,0,0,0,0,0.0,1.0,0,0.0,0,169,4,3,0.8346,0.0538,GREEN,23,Chennai
CLM0003650,CHE_01422,Velachery,2024-04-14,16,0,1,1,0,0,0,0,0,0,1.0,0.0,1,0.0,0,407,3,2,0.6224,0.0765,GREEN,32,Chennai
CLM0003651,CHE_01424,Sholinganallur,2022-11-30,19,0,0,0,0,0,0,1,0,0,0.0,0.152689,0,0.0,1,80,3,3,0.7035,0.2235,GREEN,44,Chennai
CLM0003652,CHE_01409,Adyar,2023-05-10,9,0,0,0,0,0,0,0,1,0,0.0,1.0,0,0.0,0,58,0,0,0.2181,0.0145,GREEN,48,Chennai
CLM0003653,CHE_03187,T Nagar,2023-03-16,15,0,0,0,0,0,0,0,0,0,1.0,0.382392,0,0.0,0,376,0,4,0.8353,0.1059,GREEN,41,Chennai
CLM0003654,CHE_03932,Adyar,2020-08-03,21,0,0,0,0,0,0,0,0,0,0.0,0.067197,0,0.0,0,410,2,0,0.9785,0.0916,GREEN,20,Chennai
CLM0003655,CHE_01678,Perambur,2022-05-06,20,0,0,0,0,0,1,0,0,0,0.0,0.191276,0,0.0,0,141,3,2,0.166,0.0904,GREEN,32,Chennai
CLM0003656,CHE_04317,Velachery,2024-12-06,14,0,0,0,0,0,0,0,0,0,0.0,0.251836,0,0.0,0,420,0,2,0.9516,0.0168,GREEN,47,Chennai
CLM0003657,CHE_04909,T Nagar,2021-04-01,12,0,0,0,0,0,0,0,0,0,0.0,0.124995,0,0.0,0,276,4,3,0.05,0.0266,GREEN,21,Chennai
CLM0003658,CHE_08493,Perambur,2019-12-22,19,0,1,1,0,0,0,0,0,0,1.0,0.227943,0,0.0,0,205,3,2,0.8049,0.0472,GREEN,38,Chennai
CLM0003659,CHE_02644,Perambur,2022-01-19,16,0,0,0,0,0,0,0,0,0,0.0,0.099973,0,0.0,0,248,4,0,0.8282,0.0,GREEN,24,Chennai
CLM0003660,CHE_09094,Velachery,2021-08-02,10,0,0,0,0,0,0,0,0,1,0.0,0.106138,0,0.0,0,53,1,6,0.8415,0.0418,GREEN,31,Chennai
CLM0003661,CHE_06665,Sholinganallur,2020-05-01,12,0,0,0,0,0,0,0,0,0,0.0,0.342519,0,0.0,0,386,2,4,0.5762,0.0,GREEN,26,Chennai
CLM0003662,CHE_06026,T Nagar,2019-05-11,17,0,0,0,0,0,0,0,0,0,0.0,0.208309,0,0.0,0,420,1,1,0.7368,0.07,GREEN,46,Chennai
CLM0003663,CHE_05248,Velachery,2023-05-23,9,0,0,0,1,0,0,0,0,0,0.0,0.235119,0,0.0,1,418,0,0,0.5522,0.1862,GREEN,43,Chennai
CLM0003664,CHE_05242,Tambaram,2021-11-19,19,0,0,0,0,0,1,0,0,0,0.0,0.089279,0,0.0,0,278,0,6,0.4427,0.0515,GREEN,51,Chennai
CLM0003665,CHE_08854,Anna Nagar,2024-04-15,13,0,0,0,0,0,0,0,0,1,0.0,0.069893,0,0.0,0,420,4,1,0.98,0.0868,GREEN,46,Chennai
CLM0003666,CHE_00057,Porur,2019-03-19,16,0,0,0,0,0,0,0,0,1,0.0,0.223786,0,0.0,0,316,1,0,0.677,0.1654,GREEN,38,Chennai
CLM0003667,CHE_09960,Velachery,2019-08-25,17,0,0,0,0,0,1,0,0,0,0.0,0.436869,0,1.0,0,290,1,4,0.604,0.0769,GREEN,45,Chennai
CLM0003668,CHE_08134,Chromepet,2022-07-12,16,0,0,0,0,0,0,0,0,0,0.0,0.064438,0,0.0,0,373,3,1,0.8186,0.113,GREEN,51,Chennai
CLM0003669,CHE_07139,Chromepet,2020-11-18,16,0,0,0,0,0,0,1,0,0,0.0,0.087459,0,0.0,0,143,4,1,0.6981,0.088,GREEN,41,Chennai
CLM0003670,CHE_07536,Guindy,2025-05-23,11,0,0,0,1,1,0,1,1,1,1.0,0.970994,1,1.0,1,5,0,18,0.2736,0.0,GREEN,28,Chennai
CLM0003671,CHE_02156,Perambur,2021-01-18,13,0,0,0,0,0,0,0,0,0,0.0,0.283875,0,0.0,0,128,1,3,0.05,0.0,GREEN,18,Chennai
CLM0003672,CHE_04945,Adyar,2020-04-13,12,0,0,0,0,0,0,0,0,0,0.0,0.076497,1,0.0,0,250,0,0,0.05,0.0,GREEN,63,Chennai
CLM0003673,CHE_01324,Tambaram,2021-12-01,12,0,0,0,0,0,0,0,0,0,0.0,0.212073,0,0.0,0,139,3,0,0.337,0.0,GREEN,32,Chennai
CLM0003674,CHE_04137,Velachery,2023-03-22,13,0,0,0,0,0,0,0,0,0,0.0,0.219737,0,1.0,0,420,2,2,0.5836,0.058,GREEN,44,Chennai
CLM0003675,CHE_07065,Adyar,2023-03-14,15,0,0,0,0,1,0,0,0,0,0.0,0.426355,0,0.0,0,331,3,1,0.5275,0.1352,GREEN,55,Chennai
CLM0003676,CHE_08968,Chromepet,2019-12-14,10,0,0,0,0,0,1,0,0,0,0.0,0.0,0,0.0,0,133,0,5,0.529,0.1292,GREEN,37,Chennai
CLM0003677,CHE_06738,Anna Nagar,2020-10-15,11,0,0,0,0,0,0,0,0,0,0.0,1.0,0,0.0,1,117,2,6,0.9742,0.0104,GREEN,32,Chennai
CLM0003678,CHE_03929,Sholinganallur,2025-01-07,8,0,0,0,0,0,0,0,0,0,1.0,0.06324,0,0.0,0,420,3,0,0.4975,0.1026,GREEN,43,Chennai
CLM0003679,CHE_06935,Guindy,2021-08-16,19,0,0,0,0,0,1,0,0,0,0.0,0.339267,0,0.0,0,185,0,1,0.7035,0.0842,GREEN,39,Chennai
CLM0003680,CHE_01047,Chromepet,2024-03-29,14,0,0,0,0,0,1,0,0,0,0.0,0.2589,0,0.0,0,81,3,2,0.6934,0.1598,GREEN,52,Chennai
CLM0003681,CHE_08325,Porur,2025-12-15,18,0,0,0,0,0,0,0,0,0,1.0,1.0,0,1.0,0,67,0,2,0.4837,0.0359,GREEN,41,Chennai
CLM0003682,CHE_01270,Adyar,2021-12-19,15,0,0,0,0,0,0,0,0,0,0.0,0.263846,0,0.0,0,199,1,0,0.752,0.0,GREEN,40,Chennai
CLM0003683,CHE_05111,Porur,2022-10-31,13,0,0,0,0,0,0,0,0,0,0.0,0.254683,0,0.0,0,270,4,4,0.8478,0.031,GREEN,44,Chennai
CLM0003684,CHE_08123,T Nagar,2025-05-30,18,0,0,0,0,0,0,1,0,0,0.0,0.140726,0,0.0,0,149,4,5,0.7433,0.0088,GREEN,46,Chennai
CLM0003685,CHE_04292,Velachery,2020-01-17,16,0,0,0,0,0,0,1,0,0,0.0,0.002988,0,0.0,1,289,0,3,0.1542,0.1661,GREEN,41,Chennai
CLM0003686,CHE_07917,Sholinganallur,2022-01-25,16,0,0,0,0,0,1,0,0,0,0.0,0.072532,0,0.0,0,248,4,1,0.677,0.086,GREEN,29,Chennai
CLM0003687,CHE_09488,Chromepet,2025-08-20,18,0,0,0,0,0,0,0,0,0,1.0,1.0,0,1.0,0,56,4,2,0.6842,0.0,GREEN,18,Chennai
CLM0003688,CHE_07984,Perambur,2018-08-20,13,0,0,0,0,0,0,0,0,0,0.0,0.1804,0,0.0,0,70,0,1,0.527,0.0001,GREEN,57,Chennai
CLM0003689,CHE_02853,Anna Nagar,2019-06-11,12,0,0,0,0,1,0,0,1,0,0.0,0.325803,0,0.0,0,194,2,0,0.7257,0.1996,GREEN,46,Chennai
CLM0003690,CHE_08546,Tambaram,2024-10-09,21,0,0,0,0,0,0,1,0,0,0.0,0.24922,0,0.0,0,241,2,3,0.4739,0.085,GREEN,26,Chennai
CLM0003691,CHE_02847,Tambaram,2022-12-23,11,0,0,0,0,0,0,0,0,0,0.0,0.407589,0,0.0,0,284,4,3,0.4898,0.0,GREEN,43,Chennai
CLM0003692,CHE_09016,Anna Nagar,2024-06-07,14,0,0,0,0,0,0,0,0,1,0.0,0.142363,0,0.0,0,420,1,2,0.98,0.0992,GREEN,31,Chennai
CLM0003693,CHE_00847,Anna Nagar,2024-03-12,14,0,0,0,0,0,0,0,1,0,1.0,0.295243,0,0.0,0,236,2,3,0.1597,0.1803,GREEN,47,Chennai
CLM0003694,CHE_05000,Perambur,2023-05-12,12,0,0,0,1,0,0,1,0,0,1.0,0.224034,0,0.0,0,227,3,1,0.5242,0.3084,GREEN,18,Chennai
CLM0003695,CHE_02829,Sholinganallur,2020-12-10,9,0,0,0,0,0,0,0,0,0,0.0,1.0,0,0.0,0,224,4,2,0.7465,0.0246,GREEN,53,Chennai
CLM0003696,CHE_08132,T Nagar,2021-01-27,13,0,0,0,0,0,0,0,0,0,0.0,0.359547,0,0.0,0,63,1,4,0.05,0.0,GREEN,32,Chennai
CLM0003697,CHE_04710,Perambur,2020-05-02,15,0,0,0,0,0,0,0,0,0,1.0,0.929366,0,1.0,0,420,4,5,0.2598,0.1199,GREEN,30,Chennai
CLM0003698,CHE_04009,Anna Nagar,2024-08-05,16,0,0,0,0,0,0,0,0,0,1.0,0.0,0,0.0,0,71,0,0,0.05,0.1804,GREEN,39,Chennai
CLM0003699,CHE_03420,Chromepet,2024-10-29,15,0,0,0,0,0,0,0,0,0,0.0,0.43657,0,0.0,0,289,4,4,0.3066,0.0,GREEN,58,Chennai
CLM0003700,CHE_02064,T Nagar,2025-08-26,18,0,0,0,0,0,0,0,0,0,0.0,0.264967,0,0.0,0,420,2,6,0.8014,0.0,GREEN,47,Chennai
CLM0003701,CHE_07706,Guindy,2015-07-26,11,0,0,0,0,0,0,0,0,0,0.0,0.32313,0,0.0,0,60,1,3,0.635,0.0,GREEN,48,Chennai
CLM0003702,CHE_03394,Anna Nagar,2024-02-20,19,0,0,0,0,0,0,0,1,0,1.0,0.312299,0,0.0,0,168,4,2,0.1426,0.2682,GREEN,46,Chennai
CLM0003703,CHE_05558,Chromepet,2017-06-24,18,0,0,0,0,0,1,0,0,0,0.0,0.301414,0,1.0,0,271,2,4,0.8759,0.1404,GREEN,39,Chennai
CLM0003704,CHE_04300,Adyar,2023-09-15,14,0,0,0,0,0,1,0,0,0,0.0,0.331429,0,0.0,0,420,4,0,0.6399,0.0958,GREEN,48,Chennai
CLM0003705,CHE_02322,Adyar,2023-07-23,14,0,0,0,0,0,0,0,0,0,0.0,0.4014,0,1.0,0,420,2,0,0.8172,0.0679,GREEN,46,Chennai
CLM0003706,CHE_08104,Sholinganallur,2021-04-20,16,0,0,0,0,0,0,0,0,0,1.0,0.317036,0,0.0,0,420,1,0,0.7794,0.0361,GREEN,44,Chennai
CLM0003707,CHE_00409,Velachery,2023-05-20,18,0,0,0,0,0,0,1,0,0,0.0,0.18548,0,0.0,0,420,3,3,0.7861,0.0909,GREEN,25,Chennai
CLM0003708,CHE_00286,Velachery,2020-01-03,14,0,0,0,0,0,1,0,0,0,1.0,1.0,0,0.0,0,5,2,5,0.291,0.2095,GREEN,49,Chennai
CLM0003709,CHE_01141,Tambaram,2024-12-01,20,0,1,1,1,1,1,1,1,1,0.0,0.092079,1,0.0,0,23,0,18,0.8284,0.8799,RED,40,Chennai
CLM0003710,CHE_06833,Perambur,2025-07-06,8,0,1,1,0,0,0,0,0,0,0.0,0.428504,0,0.0,0,419,0,3,0.7425,0.5254,YELLOW,33,Chennai
CLM0003711,CHE_07827,Chromepet,2025-01-26,10,0,0,0,0,0,0,0,0,0,0.0,0.0,0,0.0,0,169,2,2,0.9601,0.0,GREEN,33,Chennai
CLM0003712,CHE_04299,Adyar,2023-07-05,17,0,0,0,0,0,0,0,1,0,0.0,0.283586,0,0.0,0,278,4,0,0.7072,0.0787,GREEN,53,Chennai
CLM0003713,CHE_01618,Porur,2022-04-14,9,0,0,0,0,0,0,0,0,0,0.0,0.356855,0,0.0,0,114,4,4,0.7093,0.0503,GREEN,44,Chennai
CLM0003714,CHE_01574,Tambaram,2025-08-27,19,0,0,0,0,0,1,0,0,0,0.0,0.386184,0,0.0,0,341,2,3,0.8528,0.1621,GREEN,39,Chennai
CLM0003715,CHE_07133,T Nagar,2020-02-18,9,0,0,0,0,0,0,0,0,0,0.0,0.161924,0,0.0,0,420,1,0,0.6793,0.0,GREEN,18,Chennai
CLM0003716,CHE_05999,T Nagar,2025-04-19,9,0,0,0,0,0,1,0,0,0,0.0,0.180331,0,0.0,0,101,4,3,0.8307,0.0049,GREEN,26,Chennai
CLM0003717,CHE_03759,Adyar,2025-07-25,19,0,0,0,0,0,0,0,0,0,0.0,1.0,0,0.0,0,53,4,3,0.2801,0.0322,GREEN,46,Chennai
CLM0003718,CHE_06413,Adyar,2020-10-07,13,0,0,0,0,0,0,0,0,0,0.0,0.935703,0,0.0,0,90,3,0,0.6679,0.0554,GREEN,56,Chennai
CLM0003719,CHE_05782,Anna Nagar,2018-02-15,9,0,0,0,0,0,0,0,0,0,0.0,0.340091,0,0.0,0,321,2,2,0.6819,0.0,GREEN,50,Chennai
CLM0003720,CHE_04649,Chromepet,2021-08-03,13,0,0,0,0,1,1,0,0,0,0.0,0.026494,0,0.0,0,386,2,3,0.5192,0.3175,YELLOW,32,Chennai
CLM0003721,CHE_07576,Anna Nagar,2016-07-15,10,0,0,0,1,0,0,0,0,0,0.0,0.170222,0,0.0,0,146,1,2,0.0763,0.139,GREEN,40,Chennai
CLM0003722,CHE_02456,Perambur,2018-06-06,15,0,0,0,0,0,0,0,0,0,0.0,0.238782,0,0.0,0,240,3,2,0.8228,0.0785,GREEN,43,Chennai
CLM0003723,CHE_09310,Perambur,2025-06-05,10,0,1,1,0,0,0,0,1,0,0.0,0.139646,0,0.0,0,420,2,1,0.8713,0.0813,GREEN,26,Chennai
CLM0003724,CHE_06963,Guindy,2023-04-10,9,0,0,0,0,0,0,0,0,0,0.0,0.262201,0,0.0,0,186,0,3,0.9031,0.073,GREEN,26,Chennai
CLM0003725,CHE_09154,Tambaram,2025-01-25,12,0,0,0,0,1,0,0,0,0,0.0,0.324354,0,0.0,0,23,4,3,0.9392,0.2424,GREEN,29,Chennai
CLM0003726,CHE_07743,Tambaram,2022-07-16,9,0,1,1,0,0,0,0,0,0,0.0,0.110024,0,0.0,0,180,3,0,0.8532,0.0199,GREEN,39,Chennai
CLM0003727,CHE_03240,Adyar,2022-12-04,17,0,0,0,0,1,0,0,1,0,0.0,0.149098,0,1.0,0,383,4,4,0.6585,0.1587,GREEN,41,Chennai
CLM0003728,CHE_02649,Velachery,2025-04-09,8,0,0,0,0,0,0,1,0,0,0.0,0.268953,0,0.0,0,210,0,0,0.7521,0.1413,GREEN,40,Chennai
CLM0003729,CHE_05361,Sholinganallur,2024-09-19,11,0,0,0,0,0,0,1,0,0,0.0,0.003581,0,0.0,0,366,2,3,0.9089,0.181,GREEN,33,Chennai
CLM0003730,CHE_04996,Chromepet,2025-08-07,12,0,0,0,0,0,0,0,0,0,0.0,0.157938,0,0.0,0,64,1,2,0.5707,0.0,GREEN,42,Chennai
CLM0003731,CHE_01774,Guindy,2024-02-11,11,0,0,0,0,1,1,0,1,0,0.0,1.0,0,0.0,0,91,1,0,0.8808,0.3208,YELLOW,60,Chennai
CLM0003732,CHE_03353,Anna Nagar,2022-01-09,8,0,1,1,0,1,0,1,0,1,1.0,0.1228,1,0.0,1,9,2,18,0.197,0.5118,YELLOW,29,Chennai
CLM0003733,CHE_07001,Velachery,2025-02-20,13,0,1,1,0,0,0,0,0,0,1.0,0.938395,0,1.0,0,420,1,0,0.748,0.8605,RED,24,Chennai
CLM0003734,CHE_01431,Perambur,2022-04-15,20,0,1,1,1,0,0,1,0,1,1.0,0.861473,1,1.0,1,5,1,18,0.232,0.4752,YELLOW,27,Chennai
CLM0003735,CHE_04571,Sholinganallur,2025-04-14,8,0,1,1,0,1,1,1,1,0,0.0,0.041757,1,0.0,0,5,2,18,0.8014,0.5983,YELLOW,18,Chennai
CLM0003736,CHE_01595,T Nagar,2025-09-30,21,0,1,1,1,0,1,1,1,1,0.0,0.093633,1,0.0,0,11,2,18,0.7869,0.7633,RED,30,Chennai
CLM0003737,CHE_03283,Velachery,2025-11-14,10,0,1,1,0,0,1,1,0,1,0.0,0.245865,1,0.0,1,5,1,12,0.7363,0.5851,YELLOW,40,Chennai
CLM0003738,CHE_04971,Tambaram,2018-07-14,12,0,0,0,0,0,0,0,0,0,0.0,0.0,0,0.0,0,68,2,1,0.8745,0.0,GREEN,47,Chennai
CLM0003739,CHE_05637,Chromepet,2019-04-22,20,0,0,0,0,0,0,1,0,0,0.0,0.3191,0,0.0,0,75,3,0,0.5097,0.0,GREEN,49,Chennai
CLM0003740,CHE_08314,Velachery,2023-06-22,17,0,0,0,1,0,1,1,1,1,1.0,1.0,1,0.0,0,13,2,18,0.3938,0.208,GREEN,50,Chennai
CLM0003741,CHE_04406,Tambaram,2021-11-30,12,0,0,0,0,0,0,0,0,0,1.0,0.395929,0,0.0,0,273,3,4,0.6869,0.125,GREEN,25,Chennai
CLM0003742,CHE_06004,Porur,2021-08-20,13,0,0,0,0,0,0,0,0,0,0.0,0.087993,0,0.0,0,310,4,5,0.586,0.0006,GREEN,55,Chennai
CLM0003743,CHE_04816,Chromepet,2024-07-20,19,0,0,0,1,1,0,1,1,0,0.0,0.138683,0,0.0,1,5,1,18,0.8759,0.0877,GREEN,33,Chennai
CLM0003744,CHE_01626,Velachery,2022-01-27,10,0,0,0,0,0,0,0,0,0,0.0,0.08042,0,0.0,0,420,1,2,0.3895,0.0004,GREEN,45,Chennai
CLM0003745,CHE_05815,Porur,2023-03-27,19,0,0,0,0,0,0,0,0,0,0.0,0.094991,0,0.0,0,400,2,1,0.9485,0.0,GREEN,32,Chennai
CLM0003746,CHE_04149,Tambaram,2023-08-13,11,0,0,0,0,0,1,0,0,0,0.0,0.11989,0,0.0,0,302,0,5,0.9369,0.1857,GREEN,59,Chennai
CLM0003747,CHE_06000,Adyar,2023-12-28,9,0,0,0,0,0,0,0,0,0,0.0,0.379649,0,0.0,0,66,1,0,0.3177,0.0484,GREEN,38,Chennai
CLM0003748,CHE_02903,Tambaram,2023-01-04,7,0,1,1,0,0,0,0,0,0,1.0,0.285053,0,0.0,0,232,3,3,0.05,0.0,GREEN,56,Chennai
CLM0003749,CHE_07514,Chromepet,2023-08-18,13,0,0,0,0,0,0,0,1,0,0.0,0.0,0,0.0,0,125,3,0,0.6275,0.0507,GREEN,37,Chennai
CLM0003750,CHE_00080,Sholinganallur,2024-07-25,10,0,0,0,0,0,0,1,0,0,0.0,0.039174,0,0.0,0,48,4,0,0.9375,0.1165,GREEN,40,Chennai
CLM0003751,CHE_04415,Perambur,2023-10-24,21,0,0,0,0,0,0,0,0,1,0.0,0.991676,0,0.0,0,414,1,0,0.9319,0.2614,GREEN,24,Chennai
CLM0003752,CHE_07645,Anna Nagar,2023-07-28,14,0,0,0,0,0,1,1,1,1,0.0,0.036428,0,0.0,0,5,3,18,0.784,0.0,GREEN,46,Chennai
CLM0003753,CHE_09889,Velachery,2023-01-21,8,0,0,0,0,0,0,0,0,0,0.0,1.0,0,0.0,0,80,2,4,0.9558,0.0,GREEN,47,Chennai
CLM0003754,CHE_03424,Guindy,2024-07-29,12,0,0,0,0,0,0,0,0,0,0.0,1.0,0,0.0,0,253,4,4,0.9574,0.0096,GREEN,60,Chennai
CLM0003755,CHE_08141,T Nagar,2025-05-15,9,0,0,0,0,0,1,0,1,0,0.0,0.465933,0,0.0,0,196,2,0,0.782,0.1553,GREEN,31,Chennai
CLM0003756,CHE_00671,Velachery,2024-11-18,20,0,0,0,0,0,0,0,0,0,0.0,0.888858,0,0.0,0,355,3,2,0.4318,0.0,GREEN,37,Chennai
CLM0003757,CHE_02528,Velachery,2024-03-25,14,0,1,1,0,0,0,0,1,0,0.0,0.312911,0,0.0,0,420,1,5,0.5076,0.1026,GREEN,35,Chennai
CLM0003758,CHE_05505,Porur,2023-05-12,20,0,0,0,0,0,0,0,0,0,1.0,1.0,0,1.0,0,242,1,6,0.6027,0.0,GREEN,43,Chennai
CLM0003759,CHE_09998,Guindy,2025-07-14,15,0,0,0,0,0,0,0,0,0,0.0,0.253084,0,0.0,0,349,4,3,0.7566,0.0,GREEN,18,Chennai
CLM0003760,CHE_04637,Tambaram,2024-10-07,11,0,1,1,0,0,0,0,0,0,0.0,0.127498,0,0.0,0,278,1,3,0.767,0.0663,GREEN,30,Chennai
CLM0003761,CHE_03077,Anna Nagar,2024-05-26,20,0,0,0,0,0,0,0,0,0,0.0,0.380291,0,0.0,0,125,4,0,0.0574,0.0,GREEN,38,Chennai
CLM0003762,CHE_03600,Sholinganallur,2025-01-16,14,0,0,0,0,0,0,0,0,0,0.0,0.287819,0,0.0,0,349,4,0,0.5514,0.0,GREEN,58,Chennai
CLM0003763,CHE_03245,T Nagar,2025-03-21,10,0,0,0,0,0,0,0,0,0,0.0,0.17405,0,0.0,0,290,4,1,0.1845,0.0,GREEN,37,Chennai
CLM0003764,CHE_08910,Porur,2025-08-30,8,0,0,0,0,0,0,0,1,0,0.0,0.407333,1,0.0,0,420,2,6,0.3723,0.1039,GREEN,45,Chennai
CLM0003765,CHE_01677,Anna Nagar,2024-05-24,19,0,0,0,1,0,0,1,1,1,0.0,0.478927,0,0.0,1,12,4,18,0.485,0.0611,GREEN,50,Chennai
CLM0003766,CHE_03611,Porur,2024-08-18,10,0,0,0,0,0,0,0,0,0,0.0,0.916141,0,0.0,0,153,2,4,0.8303,0.0168,GREEN,19,Chennai
CLM0003767,CHE_01867,Anna Nagar,2024-09-10,9,0,0,0,0,1,0,0,0,0,1.0,0.916745,0,1.0,0,313,3,0,0.8826,0.1085,GREEN,24,Chennai
CLM0003768,CHE_01643,Perambur,2025-09-25,13,0,0,0,0,0,0,0,1,0,1.0,0.150724,0,0.0,0,321,1,3,0.6804,0.2297,GREEN,45,Chennai
CLM0003769,CHE_09411,Tambaram,2024-11-25,21,0,0,0,0,0,0,0,0,0,0.0,0.0,0,0.0,0,39,2,4,0.7397,0.0,GREEN,21,Chennai
CLM0003770,CHE_06314,Adyar,2024-09-09,11,0,0,0,0,0,0,0,0,0,0.0,0.956212,0,0.0,0,404,2,0,0.6148,0.0527,GREEN,24,Chennai
CLM0003771,CHE_09169,Sholinganallur,2023-12-05,21,0,0,0,1,1,0,0,0,0,0.0,0.0,0,0.0,0,226,4,2,0.1061,0.329,YELLOW,19,Chennai
CLM0003772,CHE_07546,Sholinganallur,2025-10-31,13,0,0,0,1,0,0,1,0,0,1.0,1.0,0,1.0,0,11,4,15,0.05,0.0748,GREEN,51,Chennai
CLM0003773,CHE_02759,Guindy,2022-06-18,18,0,0,0,0,0,0,0,0,0,0.0,0.258586,0,0.0,1,119,2,3,0.98,0.1215,GREEN,39,Chennai
CLM0003774,CHE_06064,Adyar,2024-03-20,8,0,0,0,1,1,1,1,1,1,1.0,0.87861,0,1.0,1,5,3,18,0.98,0.0,GREEN,59,Chennai
CLM0003775,CHE_09559,T Nagar,2025-09-04,17,0,0,0,0,0,0,1,1,1,1.0,0.232793,0,0.0,0,316,2,0,0.5465,0.3262,YELLOW,18,Chennai
CLM0003776,CHE_09594,Anna Nagar,2022-05-01,20,0,0,0,0,0,0,0,0,0,0.0,0.295143,0,0.0,0,420,4,0,0.98,0.0,GREEN,41,Chennai
CLM0003777,CHE_08467,Guindy,2021-03-29,14,0,0,0,0,0,0,0,0,0,0.0,0.216689,0,0.0,0,420,2,3,0.7025,0.029,GREEN,52,Chennai
CLM0003778,CHE_07600,Chromepet,2024-07-05,15,0,0,0,0,0,0,0,0,0,0.0,0.204872,0,0.0,0,420,1,4,0.8348,0.0,GREEN,29,Chennai
CLM0003779,CHE_03879,Anna Nagar,2022-11-30,18,0,0,0,0,0,0,0,0,0,0.0,0.135923,0,0.0,0,420,1,2,0.6058,0.0,GREEN,43,Chennai
CLM0003780,CHE_00580,Anna Nagar,2021-05-02,7,0,0,0,0,0,0,0,0,0,0.0,0.035105,0,0.0,0,180,0,6,0.1247,0.0,GREEN,41,Chennai
CLM0003781,CHE_09955,Porur,2022-09-16,12,0,0,0,0,1,0,1,1,0,0.0,0.998627,0,0.0,0,338,3,5,0.7789,0.2642,GREEN,26,Chennai
CLM0003782,CHE_03398,Velachery,2021-04-28,10,0,0,0,0,0,0,0,0,0,0.0,0.0,0,0.0,0,196,3,1,0.98,0.1166,GREEN,31,Chennai
CLM0003783,CHE_02431,Anna Nagar,2021-05-17,16,0,0,0,0,0,0,0,0,0,0.0,0.241365,0,0.0,0,288,4,4,0.5065,0.0692,GREEN,48,Chennai
CLM0003784,CHE_09586,Chromepet,2023-02-22,7,0,0,0,0,0,0,0,0,0,0.0,0.176396,0,0.0,0,296,2,2,0.7249,0.0886,GREEN,28,Chennai
CLM0003785,CHE_05702,Guindy,2020-05-04,8,0,0,0,0,0,0,0,0,0,0.0,0.166965,0,0.0,0,363,4,0,0.724,0.0043,GREEN,39,Chennai
CLM0003786,CHE_08430,Porur,2018-03-13,14,0,0,0,0,0,0,1,0,1,0.0,0.35359,0,0.0,0,106,4,3,0.6413,0.2153,GREEN,27,Chennai
CLM0003787,CHE_06991,Porur,2022-08-13,13,0,0,0,0,0,0,1,0,0,0.0,0.319662,0,0.0,0,275,3,2,0.6815,0.0523,GREEN,51,Chennai
CLM0003788,CHE_04174,Guindy,2017-01-07,16,0,0,0,0,0,0,1,0,0,0.0,0.117326,1,0.0,0,313,4,0,0.8546,0.1197,GREEN,39,Chennai
CLM0003789,CHE_00592,Velachery,2024-09-11,10,0,0,0,0,0,0,0,1,0,0.0,0.421481,0,0.0,0,124,1,4,0.6628,0.1178,GREEN,42,Chennai
CLM0003790,CHE_05315,Perambur,2025-09-07,15,0,0,0,0,0,0,0,0,0,0.0,0.132058,0,0.0,0,181,0,0,0.8503,0.0201,GREEN,30,Chennai
CLM0003791,CHE_01556,Anna Nagar,2025-11-02,14,0,0,0,0,0,0,0,1,0,0.0,0.030557,0,0.0,0,420,4,2,0.8365,0.089,GREEN,44,Chennai
CLM0003792,CHE_04120,Adyar,2024-10-27,12,0,0,0,0,0,0,0,0,0,0.0,0.084619,0,0.0,0,78,0,5,0.5324,0.0,GREEN,31,Chennai
CLM0003793,CHE_04002,Tambaram,2024-11-08,7,0,0,0,0,0,0,0,0,0,0.0,0.192901,1,0.0,0,331,3,0,0.8582,0.0588,GREEN,45,Chennai
CLM0003794,CHE_02575,T Nagar,2025-02-23,16,0,0,0,0,0,0,0,0,1,0.0,0.984231,0,0.0,0,168,3,2,0.9492,0.1355,GREEN,42,Chennai
CLM0003795,CHE_01722,T Nagar,2024-12-30,8,0,0,0,0,0,0,0,0,0,0.0,0.437626,0,0.0,1,226,4,2,0.7799,0.0422,GREEN,39,Chennai
CLM0003796,CHE_04988,Velachery,2025-12-16,17,0,0,0,0,0,0,0,0,0,0.0,0.193243,0,0.0,0,420,3,2,0.7699,0.0,GREEN,39,Chennai
CLM0003797,CHE_01377,Velachery,2024-10-14,12,0,0,0,0,0,1,0,0,0,0.0,0.205783,0,0.0,0,308,1,3,0.1165,0.118,GREEN,50,Chennai
CLM0003798,CHE_00511,Velachery,2025-07-23,16,0,1,1,0,0,0,0,0,0,0.0,0.211679,0,0.0,0,420,4,3,0.98,0.0,GREEN,39,Chennai
CLM0003799,CHE_03384,Velachery,2024-12-11,14,0,0,0,0,0,0,1,0,0,0.0,0.118506,0,0.0,0,363,0,1,0.6981,0.035,GREEN,43,Chennai
CLM0003800,CHE_01470,Adyar,2025-05-27,11,0,0,0,0,0,0,0,1,0,0.0,0.3854,0,1.0,0,147,1,1,0.896,0.0173,GREEN,41,Chennai
CLM0003801,CHE_01756,Guindy,2021-12-12,8,0,0,0,0,0,1,0,0,0,1.0,0.228797,0,0.0,0,181,4,5,0.8073,0.2049,GREEN,57,Chennai
CLM0003802,CHE_08933,Porur,2023-03-10,13,0,0,0,0,0,1,0,0,0,0.0,0.326786,0,0.0,1,121,4,0,0.6968,0.1632,GREEN,36,Chennai
CLM0003803,CHE_04334,Tambaram,2025-12-19,9,0,0,0,0,1,0,0,0,0,0.0,0.313186,0,0.0,0,187,4,4,0.6838,0.0709,GREEN,33,Chennai
CLM0003804,CHE_07461,Porur,2023-03-09,18,0,0,0,0,0,0,0,0,0,0.0,0.257119,0,0.0,0,420,4,3,0.7549,0.0276,GREEN,19,Chennai
CLM0003805,CHE_00372,Sholinganallur,2024-09-17,16,0,0,0,0,0,0,0,0,1,1.0,0.170903,0,0.0,0,5,3,0,0.05,0.1,GREEN,54,Chennai
CLM0003806,CHE_04085,Porur,2025-05-07,12,0,0,0,0,0,0,0,1,0,0.0,0.295596,0,1.0,0,272,3,7,0.1903,0.0717,GREEN,35,Chennai
CLM0003807,CHE_04114,Velachery,2024-05-04,15,0,0,0,0,0,0,0,0,0,0.0,0.048443,0,0.0,1,95,0,2,0.8078,0.0,GREEN,44,Chennai
CLM0003808,CHE_08870,Porur,2025-08-06,7,0,0,0,0,0,0,0,1,0,0.0,0.193988,0,0.0,1,181,0,5,0.9026,0.1336,GREEN,41,Chennai
CLM0003809,CHE_08060,Velachery,2023-07-28,17,0,0,0,0,0,0,0,0,0,0.0,0.026215,0,1.0,0,420,3,3,0.4614,0.0,GREEN,51,Chennai
CLM0003810,CHE_02587,Guindy,2025-06-04,11,0,0,0,0,0,0,0,0,0,0.0,0.313984,0,0.0,1,317,0,7,0.6034,0.0171,GREEN,25,Chennai
CLM0003811,CHE_01802,Perambur,2022-12-26,13,0,0,0,0,0,0,0,0,0,0.0,0.074745,0,0.0,1,404,4,0,0.0543,0.0152,GREEN,30,Chennai
CLM0003812,CHE_09357,T Nagar,2023-06-16,9,0,0,0,0,0,0,0,0,0,0.0,0.411848,0,0.0,0,313,4,3,0.1214,0.0,GREEN,35,Chennai
CLM0003813,CHE_08975,Anna Nagar,2025-06-02,19,0,0,0,0,0,0,1,1,0,0.0,0.111432,0,0.0,0,320,0,2,0.8932,0.1763,GREEN,39,Chennai
CLM0003814,CHE_03302,Chromepet,2025-07-02,21,0,0,0,0,0,0,0,1,1,0.0,0.261905,0,0.0,0,420,0,2,0.7799,0.1912,GREEN,41,Chennai
CLM0003815,CHE_07102,Tambaram,2023-11-27,16,0,0,0,1,0,0,0,0,0,0.0,0.98899,0,0.0,0,245,4,3,0.559,0.2141,GREEN,30,Chennai
CLM0003816,CHE_01975,Porur,2024-08-23,21,0,0,0,0,0,0,0,0,0,0.0,0.965754,0,0.0,0,64,4,3,0.1136,0.0,GREEN,34,Chennai
CLM0003817,CHE_03112,T Nagar,2024-12-26,15,0,0,0,0,0,0,1,1,0,0.0,0.24541,0,0.0,0,339,0,0,0.1357,0.098,GREEN,38,Chennai
CLM0003818,CHE_05485,Porur,2024-08-19,8,0,0,0,1,0,0,0,0,0,0.0,0.223267,0,0.0,0,96,3,5,0.6092,0.1119,GREEN,32,Chennai
CLM0003819,CHE_06858,Velachery,2024-11-25,19,0,0,0,0,0,0,0,0,0,0.0,0.063457,0,0.0,0,420,3,0,0.4774,0.0,GREEN,41,Chennai
CLM0003820,CHE_08736,Porur,2024-09-21,9,0,0,0,0,0,1,0,0,0,0.0,0.06218,0,0.0,0,34,1,6,0.5626,0.0163,GREEN,44,Chennai
CLM0003821,CHE_01536,Adyar,2023-04-08,7,0,0,0,0,0,0,0,0,0,1.0,0.025078,0,0.0,0,314,4,0,0.8929,0.0573,GREEN,35,Chennai
CLM0003822,CHE_04151,Guindy,2024-05-13,16,0,0,0,0,0,0,0,0,0,0.0,0.115233,0,0.0,0,302,4,2,0.8581,0.021,GREEN,37,Chennai
CLM0003823,CHE_07085,Porur,2025-07-25,16,0,0,0,0,0,0,0,0,0,0.0,0.348884,1,0.0,0,79,1,3,0.5193,0.0797,GREEN,44,Chennai
CLM0003824,CHE_04108,Tambaram,2024-10-19,11,0,0,0,0,0,0,0,0,0,1.0,0.172109,0,0.0,0,81,4,5,0.2692,0.188,GREEN,45,Chennai
CLM0003825,CHE_06193,Chromepet,2024-10-29,13,0,0,0,0,0,0,0,0,0,0.0,0.356053,0,0.0,0,297,1,1,0.7688,0.0512,GREEN,38,Chennai
CLM0003826,CHE_03693,Anna Nagar,2021-03-09,15,0,0,0,0,0,0,0,0,0,0.0,0.159842,0,0.0,0,249,3,3,0.8513,0.0109,GREEN,41,Chennai
CLM0003827,CHE_03226,T Nagar,2025-08-30,11,0,0,0,0,1,0,0,0,0,0.0,0.173943,0,0.0,0,344,2,1,0.0734,0.0976,GREEN,44,Chennai
CLM0003828,CHE_08259,Porur,2024-03-01,7,0,0,0,0,0,0,0,0,0,1.0,0.516092,0,0.0,0,223,3,0,0.7741,0.0942,GREEN,32,Chennai
CLM0003829,CHE_00824,Sholinganallur,2022-10-20,21,0,0,0,0,0,0,0,0,0,1.0,0.037853,0,0.0,0,420,2,4,0.8482,0.0464,GREEN,43,Chennai
CLM0003830,CHE_04289,T Nagar,2024-03-08,10,0,0,0,0,0,0,1,0,0,0.0,0.266652,0,0.0,1,336,1,1,0.7227,0.1293,GREEN,18,Chennai
CLM0003831,CHE_01588,Adyar,2022-05-06,7,0,0,0,0,0,0,0,0,0,0.0,0.198718,0,0.0,0,420,3,4,0.9623,0.0,GREEN,56,Chennai
CLM0003832,CHE_06038,Guindy,2024-02-17,16,0,0,0,0,0,0,0,0,0,0.0,0.175311,0,0.0,0,303,4,0,0.7336,0.058,GREEN,64,Chennai
CLM0003833,CHE_03224,T Nagar,2023-02-22,8,0,0,0,0,0,0,0,0,0,0.0,1.0,0,0.0,0,398,1,3,0.5295,0.0,GREEN,35,Chennai
CLM0003834,CHE_00987,Sholinganallur,2025-11-01,17,0,0,0,1,0,0,0,0,0,1.0,0.108534,0,0.0,1,317,3,1,0.7163,0.3269,YELLOW,34,Chennai
CLM0003835,CHE_06961,Chromepet,2022-08-26,13,0,0,0,0,0,0,0,0,0,0.0,0.418661,0,0.0,0,334,0,4,0.5366,0.0,GREEN,31,Chennai
CLM0003836,CHE_03694,Guindy,2022-01-05,8,0,0,0,0,0,0,0,0,0,0.0,0.390332,0,0.0,0,82,1,1,0.98,0.0,GREEN,49,Chennai
CLM0003837,CHE_03273,Sholinganallur,2017-09-17,14,0,0,0,0,0,0,0,0,0,0.0,0.995747,0,0.0,0,420,4,6,0.5633,0.0242,GREEN,25,Chennai
CLM0003838,CHE_07746,Anna Nagar,2025-05-06,14,0,1,1,0,0,0,0,0,0,0.0,0.145423,0,0.0,0,149,1,4,0.98,0.0,GREEN,36,Chennai
CLM0003839,CHE_07590,Porur,2025-07-11,10,0,0,0,0,0,0,0,0,0,0.0,0.368178,0,1.0,0,405,0,3,0.8941,0.1395,GREEN,40,Chennai
CLM0003840,CHE_09663,Adyar,2025-08-21,11,0,0,0,0,0,0,0,0,0,1.0,0.22129,0,0.0,0,233,0,3,0.6665,0.0201,GREEN,45,Chennai
CLM0003841,CHE_01120,Perambur,2025-12-05,17,0,0,0,0,0,0,1,1,0,0.0,0.336016,0,0.0,0,420,2,5,0.7934,0.2359,GREEN,28,Chennai
CLM0003842,CHE_06257,Sholinganallur,2025-01-05,13,0,0,0,0,0,0,0,0,0,0.0,0.120717,0,0.0,0,420,0,3,0.8921,0.0,GREEN,43,Chennai
CLM0003843,CHE_01875,Perambur,2025-12-15,21,0,0,0,0,0,0,0,1,0,0.0,0.092845,0,0.0,0,361,2,4,0.98,0.0897,GREEN,60,Chennai
CLM0003844,CHE_05602,Velachery,2023-08-21,16,0,0,0,0,0,0,0,0,0,0.0,0.097136,0,0.0,0,420,3,1,0.9675,0.0,GREEN,48,Chennai
CLM0003845,CHE_09317,Velachery,2023-02-22,14,0,0,0,1,0,0,0,0,0,0.0,0.414326,0,0.0,0,234,2,0,0.05,0.1618,GREEN,31,Chennai
CLM0003846,CHE_08139,Tambaram,2023-08-21,13,0,0,0,0,0,0,1,0,0,0.0,0.306709,0,0.0,0,367,3,0,0.5744,0.0043,GREEN,41,Chennai
CLM0003847,CHE_05695,Porur,2025-02-26,13,0,0,0,1,0,1,1,0,0,0.0,0.371943,1,0.0,0,30,3,18,0.3528,0.0,GREEN,31,Chennai
CLM0003848,CHE_07966,Porur,2025-07-31,17,0,1,1,0,0,0,0,0,0,0.0,0.19464,0,0.0,0,313,1,3,0.6904,0.0,GREEN,34,Chennai
CLM0003849,CHE_05431,Velachery,2024-06-21,13,0,0,0,0,1,0,0,0,0,0.0,0.047112,0,0.0,0,303,4,0,0.9718,0.0795,GREEN,48,Chennai
CLM0003850,CHE_04583,Anna Nagar,2023-08-14,16,0,0,0,0,0,0,0,0,0,0.0,0.106352,0,0.0,1,80,2,0,0.05,0.1122,GREEN,46,Chennai
CLM0003851,CHE_00723,Tambaram,2025-06-30,15,0,0,0,0,0,0,0,0,0,0.0,0.254108,0,0.0,0,341,2,2,0.6484,0.0,GREEN,37,Chennai
CLM0003852,CHE_00886,T Nagar,2024-02-20,21,0,0,0,0,0,1,0,1,0,0.0,0.137588,0,0.0,0,362,4,4,0.6011,0.2351,GREEN,47,Chennai
CLM0003853,CHE_09931,Guindy,2017-06-13,14,0,0,0,0,0,0,0,0,0,0.0,0.280581,0,0.0,0,42,1,0,0.839,0.0525,GREEN,36,Chennai
CLM0003854,CHE_08813,Porur,2020-04-29,8,0,0,0,0,0,0,1,0,0,0.0,0.0,0,0.0,0,61,4,0,0.6921,0.0,GREEN,27,Chennai
CLM0003855,CHE_00622,Perambur,2020-12-27,7,0,0,0,0,0,0,0,0,0,0.0,0.0,0,0.0,0,344,4,0,0.7096,0.056,GREEN,51,Chennai
CLM0003856,CHE_03985,Tambaram,2020-11-24,8,0,0,0,0,0,0,0,0,0,1.0,1.0,1,1.0,0,409,3,0,0.98,0.1313,GREEN,61,Chennai
CLM0003857,CHE_01730,Anna Nagar,2022-06-05,15,0,0,0,0,0,0,0,0,0,1.0,0.001809,0,0.0,0,215,0,0,0.7753,0.0,GREEN,41,Chennai
CLM0003858,CHE_02523,Chromepet,2024-02-13,20,0,0,0,0,0,0,0,0,0,0.0,0.381376,0,0.0,0,282,4,2,0.9306,0.1345,GREEN,28,Chennai
CLM0003859,CHE_01626,Velachery,2021-09-18,8,0,0,0,0,0,0,0,0,0,0.0,0.085325,0,0.0,0,26,4,5,0.8111,0.0403,GREEN,45,Chennai
CLM0003860,CHE_02452,Tambaram,2022-11-26,20,0,0,0,0,0,0,1,0,0,0.0,0.0,0,0.0,0,224,3,7,0.2325,0.1243,GREEN,46,Chennai
CLM0003861,CHE_00443,Anna Nagar,2025-06-20,9,0,0,0,0,0,0,0,0,0,0.0,0.389632,0,0.0,0,89,1,4,0.7828,0.0331,GREEN,49,Chennai
CLM0003862,CHE_01702,Anna Nagar,2021-08-26,12,0,0,0,0,0,0,0,0,0,0.0,0.210859,0,0.0,0,87,3,5,0.8696,0.03,GREEN,35,Chennai
CLM0003863,CHE_06720,Sholinganallur,2024-02-12,11,0,0,0,0,0,0,0,0,1,1.0,1.0,0,1.0,0,314,2,0,0.1547,0.1197,GREEN,32,Chennai
CLM0003864,CHE_03569,T Nagar,2019-01-18,7,0,0,0,1,0,1,1,0,1,1.0,0.818548,0,0.0,0,5,1,18,0.807,0.0863,GREEN,43,Chennai
CLM0003865,CHE_09030,Anna Nagar,2018-10-15,8,0,0,0,0,0,0,0,0,1,0.0,0.176499,0,1.0,0,266,4,1,0.9204,0.1906,GREEN,44,Chennai
CLM0003866,CHE_05259,Sholinganallur,2025-05-25,18,0,0,0,0,0,0,0,0,0,0.0,0.311487,0,0.0,0,309,2,1,0.2171,0.045,GREEN,44,Chennai
CLM0003867,CHE_08625,Chromepet,2022-11-14,15,0,0,0,0,0,0,0,0,0,0.0,0.061331,0,0.0,0,345,3,0,0.9537,0.0,GREEN,31,Chennai
CLM0003868,CHE_08826,T Nagar,2019-06-04,15,0,0,0,1,1,0,1,1,0,1.0,0.090063,1,1.0,1,13,3,18,0.9607,0.1827,GREEN,37,Chennai
CLM0003869,CHE_00715,Velachery,2024-05-31,8,0,0,0,0,0,0,0,0,0,1.0,0.136967,0,0.0,0,200,4,4,0.7534,0.0977,GREEN,29,Chennai
CLM0003870,CHE_01022,Adyar,2019-02-25,7,0,0,0,0,0,0,0,0,0,0.0,0.153158,0,0.0,0,420,3,0,0.98,0.0,GREEN,32,Chennai
CLM0003871,CHE_05727,Porur,2024-12-01,17,0,0,0,0,0,0,0,0,0,0.0,0.0,0,0.0,0,271,4,4,0.7085,0.069,GREEN,31,Chennai
CLM0003872,CHE_04607,Chromepet,2024-09-12,18,0,0,0,0,0,0,0,0,0,0.0,0.173661,0,0.0,0,24,4,2,0.9175,0.0,GREEN,39,Chennai
CLM0003873,CHE_06157,Adyar,2023-08-26,14,0,0,0,0,0,0,0,0,0,0.0,0.010158,0,0.0,0,420,4,1,0.6529,0.1313,GREEN,46,Chennai
CLM0003874,CHE_08591,Perambur,2017-03-18,12,0,0,0,0,0,0,0,0,0,0.0,0.40399,0,0.0,0,420,2,1,0.05,0.0,GREEN,57,Chennai
CLM0003875,CHE_07765,Perambur,2018-03-28,16,0,0,0,0,0,0,0,0,0,0.0,0.023784,0,0.0,0,196,1,2,0.9301,0.0025,GREEN,37,Chennai
CLM0003876,CHE_09947,Sholinganallur,2019-05-24,10,0,0,0,0,0,0,0,0,0,0.0,0.237748,0,0.0,0,159,0,1,0.0621,0.0333,GREEN,19,Chennai
CLM0003877,CHE_05517,Porur,2019-04-08,16,0,1,1,0,0,0,0,0,0,1.0,0.196499,0,0.0,0,98,2,1,0.7151,0.0641,GREEN,33,Chennai
CLM0003878,CHE_03354,T Nagar,2020-09-19,16,0,0,0,0,0,0,0,0,0,0.0,0.213613,0,0.0,0,155,4,2,0.7126,0.003,GREEN,43,Chennai
CLM0003879,CHE_01630,Anna Nagar,2024-11-16,15,0,0,0,1,0,0,0,0,0,0.0,0.270771,0,0.0,0,120,1,0,0.754,0.1693,GREEN,31,Chennai
CLM0003880,CHE_02557,T Nagar,2023-02-23,21,0,0,0,0,0,0,0,0,0,0.0,0.136024,0,0.0,1,176,1,0,0.5985,0.0131,GREEN,46,Chennai
CLM0003881,CHE_03900,Velachery,2020-03-27,17,0,0,0,0,0,0,0,0,0,0.0,0.130317,0,0.0,0,420,3,1,0.4955,0.0338,GREEN,56,Chennai
CLM0003882,CHE_09932,Adyar,2020-09-13,11,0,0,0,0,0,0,0,0,0,0.0,0.278992,0,0.0,0,320,1,2,0.3802,0.0,GREEN,40,Chennai
CLM0003883,CHE_06966,Tambaram,2020-11-22,15,0,1,1,1,0,0,0,0,0,0.0,0.0,0,0.0,0,35,1,5,0.7501,0.1479,GREEN,32,Chennai
CLM0003884,CHE_06557,Anna Nagar,2018-10-16,9,0,0,0,0,0,0,0,0,0,1.0,0.186021,0,0.0,0,308,1,4,0.9153,0.158,GREEN,35,Chennai
CLM0003885,CHE_07802,Anna Nagar,2021-12-14,20,1,0,0,0,0,0,0,0,0,0.0,0.273368,0,0.0,0,420,2,0,0.6438,0.0105,GREEN,52,Chennai
CLM0003886,CHE_09509,Tambaram,2022-03-22,18,0,0,0,0,0,0,0,0,0,0.0,0.066512,0,0.0,0,9,4,7,0.0674,0.0338,GREEN,33,Chennai
CLM0003887,CHE_08370,Velachery,2025-07-17,16,0,0,0,0,0,0,0,0,0,1.0,0.344304,0,0.0,0,399,4,0,0.7914,0.0525,GREEN,28,Chennai
CLM0003888,CHE_01046,Anna Nagar,2023-11-18,19,0,0,0,0,0,1,0,0,0,1.0,0.942357,0,1.0,0,404,4,1,0.05,0.0523,GREEN,43,Chennai
CLM0003889,CHE_00751,Velachery,2025-03-26,8,0,0,0,0,0,0,0,0,0,0.0,0.0,0,0.0,1,306,2,1,0.6375,0.1267,GREEN,29,Chennai
CLM0003890,CHE_03927,Porur,2025-10-14,8,0,0,0,0,0,1,1,0,0,0.0,0.160541,0,0.0,0,211,2,3,0.05,0.1643,GREEN,32,Chennai
CLM0003891,CHE_07088,Chromepet,2023-09-04,19,0,0,0,0,0,0,0,0,0,1.0,0.156371,1,0.0,0,420,4,2,0.7023,0.1487,GREEN,46,Chennai
CLM0003892,CHE_01816,Anna Nagar,2022-08-04,16,0,0,0,0,0,0,0,0,0,0.0,0.448854,0,0.0,0,226,1,1,0.6277,0.0,GREEN,32,Chennai
CLM0003893,CHE_09419,Adyar,2023-12-11,20,1,0,0,0,0,0,1,0,0,0.0,0.072483,0,0.0,0,86,2,2,0.2633,0.1852,GREEN,40,Chennai
CLM0003894,CHE_01301,T Nagar,2022-03-16,14,0,0,0,0,0,0,0,0,0,0.0,0.202162,0,0.0,0,95,1,0,0.8284,0.0,GREEN,35,Chennai
CLM0003895,CHE_09255,Tambaram,2025-02-14,14,0,0,0,0,0,0,0,1,0,0.0,0.132682,0,0.0,0,27,0,3,0.4603,0.2148,GREEN,61,Chennai
CLM0003896,CHE_02007,Perambur,2021-12-27,12,0,0,0,0,0,1,0,0,0,0.0,0.101641,0,0.0,1,229,1,0,0.7676,0.116,GREEN,40,Chennai
CLM0003897,CHE_03956,Velachery,2025-05-10,15,0,0,0,0,1,0,0,0,0,0.0,0.0,0,0.0,0,300,4,4,0.9591,0.1335,GREEN,28,Chennai
CLM0003898,CHE_07501,Tambaram,2023-09-19,12,0,0,0,0,0,1,0,1,0,0.0,0.083179,0,0.0,0,300,3,2,0.67,0.2157,GREEN,37,Chennai
CLM0003899,CHE_05594,Sholinganallur,2021-12-01,13,0,0,0,0,0,0,0,0,0,0.0,0.072392,0,0.0,0,267,3,3,0.7046,0.0689,GREEN,32,Chennai
CLM0003900,CHE_04063,Sholinganallur,2022-04-08,19,0,0,0,0,0,0,0,0,0,0.0,0.112975,0,0.0,0,116,2,1,0.6547,0.0027,GREEN,58,Chennai
CLM0003901,CHE_07519,Chromepet,2024-03-28,21,0,1,1,0,0,0,0,0,0,0.0,0.254073,0,0.0,0,330,0,0,0.2994,0.0,GREEN,51,Chennai
CLM0003902,CHE_05695,Porur,2024-07-25,8,0,0,0,0,1,0,0,0,1,0.0,0.3167,0,0.0,0,64,2,3,0.6021,0.2402,GREEN,31,Chennai
CLM0003903,CHE_03503,Guindy,2019-12-24,20,0,1,1,1,0,0,0,0,0,0.0,0.051632,0,0.0,1,5,0,18,0.9699,0.3916,YELLOW,47,Chennai
CLM0003904,CHE_03643,Velachery,2020-08-17,11,0,1,1,0,0,1,1,1,0,0.0,0.892289,0,1.0,1,23,1,18,0.1124,0.4651,YELLOW,28,Chennai
CLM0003905,CHE_08824,Adyar,2018-08-17,14,0,1,1,0,0,1,1,1,1,0.0,0.089388,1,0.0,0,11,1,18,0.98,0.47,YELLOW,35,Chennai
CLM0003906,CHE_00486,Chromepet,2024-04-18,9,0,1,1,1,0,1,1,1,1,0.0,0.096447,1,0.0,1,9,1,18,0.9006,0.7294,RED,34,Chennai
CLM0003907,CHE_07193,Porur,2024-10-20,10,0,1,1,1,1,0,0,0,0,0.0,1.0,0,0.0,0,5,0,18,0.4399,0.5053,YELLOW,22,Chennai
CLM0003908,CHE_05148,Tambaram,2022-08-18,7,0,1,1,1,1,1,1,1,1,0.0,1.0,0,1.0,0,20,0,18,0.3348,0.7753,RED,29,Chennai
CLM0003909,CHE_08708,Adyar,2023-12-16,7,0,1,1,1,1,1,1,0,0,0.0,0.0,0,0.0,1,5,2,18,0.4814,0.6463,RED,42,Chennai
CLM0003910,CHE_03382,T Nagar,2023-09-20,8,0,1,1,0,0,0,0,0,0,0.0,0.234216,0,0.0,0,420,0,2,0.98,0.4885,YELLOW,23,Chennai
CLM0003911,CHE_08301,Velachery,2020-12-11,16,0,1,1,0,0,0,0,0,0,1.0,0.136073,0,0.0,0,84,1,4,0.6996,0.7079,RED,33,Chennai
CLM0003912,CHE_05290,Chromepet,2024-10-31,17,0,1,1,0,1,0,1,1,1,1.0,0.951834,0,1.0,0,5,2,6,0.0942,0.522,YELLOW,36,Chennai
CLM0003913,CHE_04884,Anna Nagar,2025-11-17,17,0,0,0,0,0,0,0,0,0,0.0,0.0,0,0.0,0,311,0,1,0.6164,0.0435,GREEN,33,Chennai
CLM0003914,CHE_09792,Perambur,2025-04-05,15,0,0,0,0,0,0,0,0,0,0.0,0.168541,0,0.0,0,125,4,2,0.7923,0.0649,GREEN,30,Chennai
CLM0003915,CHE_06564,Adyar,2024-11-21,15,0,0,0,0,0,0,0,0,0,0.0,0.102093,0,0.0,0,267,1,3,0.7412,0.0125,GREEN,48,Chennai
CLM0003916,CHE_09911,Velachery,2024-12-18,15,0,0,0,0,0,0,0,0,0,0.0,0.005006,0,0.0,0,410,2,4,0.7525,0.0,GREEN,18,Chennai
CLM0003917,CHE_07881,Guindy,2025-05-16,8,0,0,0,0,0,1,0,0,0,0.0,0.419011,0,0.0,0,67,3,2,0.0962,0.1289,GREEN,18,Chennai
CLM0003918,CHE_02000,Chromepet,2025-12-25,14,0,0,0,0,0,0,0,0,0,0.0,0.232986,0,0.0,1,420,0,1,0.98,0.0353,GREEN,50,Chennai
CLM0003919,CHE_05656,Chromepet,2024-10-08,12,0,1,1,0,0,0,0,0,0,0.0,0.031916,0,0.0,0,222,3,5,0.6906,0.0441,GREEN,44,Chennai
CLM0003920,CHE_03314,Chromepet,2025-04-13,11,0,0,0,0,0,0,0,0,0,0.0,0.19294,0,0.0,0,200,0,0,0.1056,0.0,GREEN,40,Chennai
CLM0003921,CHE_01978,Guindy,2025-01-08,12,0,0,0,0,0,0,0,0,0,0.0,0.36046,0,0.0,0,287,2,4,0.755,0.0,GREEN,36,Chennai
CLM0003922,CHE_05162,Adyar,2025-05-19,11,0,0,0,1,0,0,0,0,0,0.0,0.061603,0,0.0,0,92,3,0,0.9027,0.2277,GREEN,60,Chennai
CLM0003923,CHE_08812,Porur,2024-09-30,15,0,0,0,0,0,0,0,0,0,0.0,0.407163,0,0.0,0,47,0,0,0.5949,0.0,GREEN,43,Chennai
CLM0003924,CHE_07607,Porur,2024-10-12,16,0,0,0,0,0,0,0,0,0,0.0,0.100247,0,0.0,0,175,3,4,0.2341,0.1075,GREEN,39,Chennai
CLM0003925,CHE_08820,Anna Nagar,2024-05-06,9,0,0,0,0,0,0,0,0,0,0.0,0.0,0,0.0,0,420,3,1,0.6946,0.0206,GREEN,30,Chennai
CLM0003926,CHE_03784,T Nagar,2025-07-16,7,0,0,0,0,0,0,0,0,0,0.0,0.110412,0,0.0,0,359,2,5,0.6354,0.1128,GREEN,45,Chennai
CLM0003927,CHE_09024,Porur,2023-11-02,16,0,0,0,1,0,0,0,0,0,1.0,0.28528,0,0.0,0,173,0,0,0.98,0.2122,GREEN,42,Chennai
CLM0003928,CHE_08869,T Nagar,2025-01-30,7,0,0,0,0,0,0,0,0,0,1.0,0.116443,0,0.0,0,302,4,0,0.6686,0.0955,GREEN,45,Chennai
CLM0003929,CHE_09853,Tambaram,2024-01-25,13,0,0,0,0,0,0,0,0,0,0.0,0.332588,0,0.0,0,200,0,4,0.649,0.0,GREEN,49,Chennai
CLM0003930,CHE_00702,Sholinganallur,2025-10-31,19,0,0,0,0,0,0,0,1,0,0.0,1.0,0,0.0,0,186,1,0,0.9622,0.1401,GREEN,46,Chennai
CLM0003931,CHE_08007,Perambur,2024-01-01,18,0,0,0,0,0,0,0,0,0,1.0,0.070746,0,0.0,0,152,3,4,0.6172,0.095,GREEN,33,Chennai
CLM0003932,CHE_00026,Sholinganallur,2025-10-28,21,0,0,0,0,0,0,0,0,0,0.0,0.108543,1,0.0,0,281,3,0,0.05,0.1134,GREEN,21,Chennai
CLM0003933,CHE_04260,Adyar,2024-01-18,9,0,0,0,0,0,0,0,0,0,0.0,0.082248,0,0.0,0,84,4,3,0.5296,0.0,GREEN,35,Chennai
CLM0003934,CHE_01209,Chromepet,2024-12-08,13,0,0,0,0,0,0,0,1,0,0.0,0.301689,0,0.0,0,156,4,0,0.4946,0.077,GREEN,25,Chennai
CLM0003935,CHE_05856,Porur,2021-07-20,11,0,0,0,0,0,0,0,1,0,0.0,0.177294,0,1.0,0,420,1,3,0.7672,0.148,GREEN,62,Chennai
CLM0003936,CHE_03832,Chromepet,2021-05-22,14,0,0,0,1,0,0,0,0,0,1.0,0.164459,0,0.0,0,310,3,7,0.5608,0.19,GREEN,43,Chennai
CLM0003937,CHE_08128,Porur,2022-10-06,20,0,0,0,0,0,0,0,0,0,0.0,0.313113,0,0.0,0,409,2,1,0.05,0.1137,GREEN,19,Chennai
CLM0003938,CHE_04266,Velachery,2020-08-31,17,0,0,0,1,1,0,0,1,1,1.0,0.023503,1,1.0,1,36,4,18,0.7972,0.014,GREEN,46,Chennai
CLM0003939,CHE_01804,Chromepet,2024-11-07,17,0,0,0,0,0,0,0,1,0,0.0,0.365049,0,0.0,0,239,3,4,0.486,0.1535,GREEN,33,Chennai
CLM0003940,CHE_04304,Adyar,2025-12-21,18,0,0,0,0,0,0,0,0,0,0.0,0.417153,0,0.0,0,82,1,0,0.6787,0.0,GREEN,44,Chennai
CLM0003941,CHE_00136,Guindy,2018-08-11,7,0,0,0,0,0,0,0,0,0,0.0,0.0,0,0.0,0,264,3,0,0.6374,0.0,GREEN,50,Chennai
CLM0003942,CHE_01046,Anna Nagar,2019-06-10,7,0,0,0,0,0,0,1,0,0,0.0,0.132666,0,0.0,0,420,2,3,0.6728,0.0,GREEN,43,Chennai
CLM0003943,CHE_03593,Velachery,2021-11-06,12,0,0,0,0,0,1,0,0,0,0.0,0.085977,0,0.0,0,180,3,3,0.3072,0.0245,GREEN,33,Chennai
CLM0003944,CHE_05039,Velachery,2021-02-05,14,0,0,0,0,0,0,0,0,0,0.0,0.439301,0,0.0,0,93,2,5,0.5712,0.0,GREEN,27,Chennai
CLM0003945,CHE_05638,Perambur,2018-10-22,18,0,0,0,0,0,0,0,0,0,0.0,0.191167,0,0.0,0,177,1,0,0.6173,0.0,GREEN,42,Chennai
CLM0003946,CHE_06917,Adyar,2022-03-14,17,0,0,0,0,0,0,0,0,0,0.0,0.419455,0,0.0,1,211,0,0,0.1757,0.0508,GREEN,28,Chennai
CLM0003947,CHE_03431,Chromepet,2021-09-09,14,0,0,0,0,1,0,0,1,0,1.0,0.298023,0,0.0,0,293,4,1,0.8004,0.4235,YELLOW,18,Chennai
CLM0003948,CHE_06950,Porur,2019-05-15,7,0,0,0,0,0,0,0,0,0,0.0,0.208528,0,0.0,0,278,1,0,0.8497,0.0872,GREEN,43,Chennai
CLM0003949,CHE_05178,Perambur,2021-05-31,19,0,0,0,0,0,0,0,0,0,0.0,0.300426,0,0.0,0,102,3,1,0.5095,0.0673,GREEN,35,Chennai
CLM0003950,CHE_07742,Guindy,2025-10-23,21,0,0,0,0,0,0,0,0,0,0.0,0.234956,0,0.0,0,373,0,0,0.4993,0.0847,GREEN,56,Chennai
CLM0003951,CHE_06469,Porur,2020-07-14,7,0,0,0,1,0,0,0,0,0,0.0,0.342418,0,0.0,0,206,2,0,0.9332,0.1432,GREEN,31,Chennai
CLM0003952,CHE_00231,Perambur,2018-08-30,8,0,0,0,0,0,0,0,0,1,0.0,0.113798,0,0.0,0,407,3,4,0.6061,0.0981,GREEN,47,Chennai
CLM0003953,CHE_06154,Guindy,2019-04-16,16,0,0,0,0,0,0,0,0,0,0.0,0.048933,0,0.0,1,316,0,0,0.98,0.1156,GREEN,37,Chennai
CLM0003954,CHE_08451,Porur,2018-09-07,9,0,0,0,0,0,0,0,0,0,1.0,0.933888,0,0.0,0,85,2,3,0.5806,0.1672,GREEN,27,Chennai
CLM0003955,CHE_04023,Porur,2019-08-26,7,0,0,0,0,0,0,0,0,1,0.0,0.0,0,0.0,0,352,3,3,0.9634,0.0518,GREEN,28,Chennai
CLM0003956,CHE_01959,Sholinganallur,2019-06-05,15,0,0,0,0,0,0,0,0,0,1.0,0.315756,0,0.0,0,79,1,1,0.7296,0.1131,GREEN,45,Chennai
CLM0003957,CHE_06519,Anna Nagar,2022-12-25,7,0,0,0,0,0,0,0,0,1,0.0,0.988874,0,0.0,0,420,4,2,0.748,0.0641,GREEN,27,Chennai
CLM0003958,CHE_08458,Porur,2025-01-25,12,0,0,0,0,0,0,0,0,0,0.0,0.212044,0,0.0,0,46,4,3,0.6583,0.0293,GREEN,41,Chennai
CLM0003959,CHE_01829,Sholinganallur,2023-12-21,10,0,0,0,0,0,0,0,0,0,0.0,0.067591,1,1.0,0,289,1,2,0.971,0.0218,GREEN,28,Chennai
CLM0003960,CHE_02556,Anna Nagar,2024-02-05,21,0,0,0,0,0,0,0,0,0,0.0,0.903752,0,0.0,0,303,4,1,0.9303,0.0521,GREEN,51,Chennai
CLM0003961,CHE_06897,Chromepet,2024-06-30,21,0,0,0,0,0,0,0,0,0,0.0,0.316729,0,0.0,0,331,1,2,0.872,0.0,GREEN,35,Chennai
CLM0003962,CHE_07596,T Nagar,2025-10-14,16,0,0,0,0,0,0,0,0,0,0.0,0.251325,0,0.0,0,373,4,1,0.9133,0.0,GREEN,48,Chennai
CLM0003963,CHE_01452,Adyar,2024-08-05,13,0,0,0,0,1,1,0,0,0,0.0,0.483971,0,0.0,0,36,1,3,0.483,0.0803,GREEN,30,Chennai
CLM0003964,CHE_08390,Chromepet,2024-10-12,17,0,0,0,0,0,0,0,0,0,0.0,0.040029,0,0.0,0,162,2,3,0.8647,0.0238,GREEN,43,Chennai
CLM0003965,CHE_08064,Guindy,2025-05-30,11,0,0,0,0,0,0,1,0,0,0.0,0.0,0,0.0,0,420,1,1,0.918,0.1507,GREEN,49,Chennai
CLM0003966,CHE_01172,Sholinganallur,2019-08-09,7,0,0,0,0,0,0,0,0,0,0.0,0.221425,0,0.0,0,5,1,3,0.98,0.034,GREEN,57,Chennai
CLM0003967,CHE_00673,Sholinganallur,2022-01-28,13,0,0,0,0,0,0,0,0,0,0.0,0.022038,0,0.0,0,313,3,3,0.458,0.1287,GREEN,42,Chennai
CLM0003968,CHE_05932,Porur,2021-04-21,16,0,1,1,0,0,0,0,0,0,0.0,0.248167,0,0.0,0,92,4,2,0.9425,0.0619,GREEN,22,Chennai
CLM0003969,CHE_01992,Perambur,2019-09-23,11,0,0,0,0,0,1,0,0,0,0.0,0.247654,0,0.0,0,26,0,7,0.5234,0.2043,GREEN,35,Chennai
CLM0003970,CHE_08770,Tambaram,2025-05-08,18,0,1,1,0,1,0,0,0,0,0.0,0.135994,0,0.0,0,360,4,0,0.1304,0.1229,GREEN,42,Chennai
CLM0003971,CHE_07621,Velachery,2021-11-30,9,0,0,0,0,0,0,0,0,0,0.0,0.353605,0,0.0,0,330,3,4,0.8375,0.0,GREEN,26,Chennai
CLM0003972,CHE_00367,Perambur,2021-06-08,17,0,0,0,0,0,0,0,0,0,0.0,0.059233,0,0.0,0,420,2,6,0.7078,0.0167,GREEN,48,Chennai
CLM0003973,CHE_00365,Anna Nagar,2025-01-31,16,0,0,0,0,0,0,0,0,0,0.0,0.188607,0,0.0,0,210,4,6,0.787,0.0,GREEN,51,Chennai
CLM0003974,CHE_09363,Velachery,2020-09-10,13,0,1,1,0,0,1,0,0,0,0.0,0.22216,0,0.0,0,222,3,5,0.5682,0.0768,GREEN,38,Chennai
CLM0003975,CHE_08631,Perambur,2025-02-25,17,0,0,0,0,0,0,0,1,0,0.0,0.225193,1,0.0,0,268,1,5,0.6764,0.2169,GREEN,45,Chennai
CLM0003976,CHE_03900,Velachery,2020-06-13,12,0,0,0,0,0,0,0,0,0,0.0,0.0,0,0.0,0,86,1,3,0.1242,0.0,GREEN,56,Chennai
CLM0003977,CHE_08339,Sholinganallur,2024-10-06,10,0,1,1,1,0,0,0,0,0,0.0,0.228952,0,0.0,0,401,0,0,0.2399,0.4378,YELLOW,28,Chennai
CLM0003978,CHE_06820,Anna Nagar,2025-10-06,13,0,1,1,1,1,0,0,1,1,1.0,0.05213,1,1.0,1,42,0,18,0.7524,0.8511,RED,18,Chennai
CLM0003979,CHE_01267,Adyar,2025-11-29,16,0,1,1,1,0,0,1,0,1,1.0,0.0,0,1.0,0,5,1,18,0.1521,0.5035,YELLOW,44,Chennai
CLM0003980,CHE_08445,T Nagar,2025-05-28,11,0,1,1,1,1,0,1,1,0,1.0,0.30222,0,1.0,1,23,0,18,0.2389,0.527,YELLOW,55,Chennai
CLM0003981,CHE_01519,Perambur,2025-07-13,21,0,1,1,1,0,1,1,0,0,0.0,0.014836,1,1.0,0,5,2,18,0.2141,0.6061,YELLOW,33,Chennai
CLM0003982,CHE_02155,T Nagar,2024-12-23,20,0,1,1,0,0,1,1,0,0,1.0,0.085751,0,0.0,0,388,0,2,0.5364,0.7701,RED,22,Chennai
CLM0003983,CHE_07026,Velachery,2025-09-02,13,0,1,1,1,1,0,0,1,0,0.0,0.031734,0,0.0,0,17,0,18,0.98,0.5292,YELLOW,43,Chennai
CLM0003984,CHE_03522,Guindy,2024-10-29,11,0,1,1,0,0,1,1,1,1,1.0,0.951076,1,0.0,0,5,1,18,0.1833,0.6078,YELLOW,45,Chennai
CLM0003985,CHE_02498,Tambaram,2023-09-14,12,0,0,0,0,0,0,0,0,0,1.0,0.976908,0,1.0,0,171,4,0,0.6846,0.0,GREEN,44,Chennai
CLM0003986,CHE_09085,Perambur,2021-12-29,21,0,0,0,0,0,0,0,0,0,0.0,0.399643,1,0.0,0,208,0,1,0.6849,0.0883,GREEN,47,Chennai
CLM0003987,CHE_06595,Velachery,2025-06-15,12,0,0,0,0,0,1,0,0,0,0.0,0.931395,0,0.0,0,365,0,3,0.7464,0.1566,GREEN,57,Chennai
CLM0003988,CHE_08556,Tambaram,2025-06-05,17,0,0,0,0,0,0,0,0,0,0.0,0.186521,0,0.0,0,155,1,4,0.3733,0.0229,GREEN,51,Chennai
CLM0003989,CHE_07312,Adyar,2023-02-19,18,0,0,0,1,0,0,0,0,1,0.0,0.211526,0,0.0,0,120,2,5,0.98,0.1858,GREEN,45,Chennai
CLM0003990,CHE_04465,Perambur,2025-12-06,14,0,0,0,0,0,1,0,0,0,1.0,0.313766,0,0.0,0,170,4,1,0.4897,0.2299,GREEN,32,Chennai
CLM0003991,CHE_01993,Chromepet,2025-09-25,17,0,0,0,0,0,0,0,0,0,0.0,0.139688,0,0.0,0,299,0,2,0.9691,0.0,GREEN,55,Chennai
CLM0003992,CHE_05814,Velachery,2025-01-23,18,0,0,0,0,0,0,0,0,0,0.0,0.217587,0,0.0,0,420,3,5,0.6628,0.025,GREEN,43,Chennai
CLM0003993,CHE_04128,Adyar,2021-05-26,13,0,0,0,0,0,0,0,0,0,0.0,0.401327,0,0.0,0,126,2,5,0.598,0.0854,GREEN,43,Chennai
CLM0003994,CHE_09297,T Nagar,2025-08-16,18,0,0,0,0,0,0,0,0,0,0.0,0.229432,0,0.0,0,316,2,2,0.6743,0.0,GREEN,26,Chennai
CLM0003995,CHE_09055,Velachery,2022-02-04,10,0,0,0,0,0,0,0,0,0,0.0,0.114437,0,0.0,0,420,4,2,0.9492,0.0,GREEN,38,Chennai
CLM0003996,CHE_03183,T Nagar,2022-10-21,12,0,0,0,0,0,0,0,1,0,0.0,0.412621,0,0.0,0,74,4,4,0.7182,0.1091,GREEN,43,Chennai
CLM0003997,CHE_02056,Guindy,2024-03-18,19,0,0,0,0,0,0,0,0,0,0.0,0.104681,0,0.0,0,197,2,2,0.585,0.0,GREEN,51,Chennai
CLM0003998,CHE_02597,Porur,2024-02-23,20,0,0,0,0,0,0,0,0,1,0.0,0.116605,0,0.0,0,361,4,4,0.9201,0.1135,GREEN,47,Chennai
CLM0003999,CHE_08126,Anna Nagar,2023-08-25,18,0,0,0,1,0,0,0,0,0,0.0,0.391566,0,0.0,0,311,3,1,0.8676,0.1289,GREEN,32,Chennai
CLM0004000,CHE_08700,Tambaram,2023-11-13,10,0,0,0,0,0,0,0,1,0,0.0,0.018723,0,0.0,0,125,1,4,0.8838,0.1104,GREEN,45,Chennai
CLM0004001,CHE_04502,Porur,2024-08-08,19,0,0,0,1,1,0,0,1,1,1.0,0.0,1,1.0,1,30,2,18,0.9176,0.1005,GREEN,31,Chennai
CLM0004002,CHE_00317,T Nagar,2025-11-22,18,0,0,0,0,0,0,0,0,0,0.0,0.322947,0,0.0,0,148,1,6,0.6275,0.0,GREEN,18,Chennai
CLM0004003,CHE_06600,Adyar,2025-01-02,10,0,0,0,0,0,0,0,1,0,0.0,0.245732,0,0.0,0,98,1,0,0.7427,0.2012,GREEN,25,Chennai
CLM0004004,CHE_07002,Perambur,2020-12-13,18,0,1,1,1,1,1,1,0,1,0.0,0.057781,1,0.0,1,5,0,13,0.9564,0.8308,RED,41,Chennai
CLM0004005,CHE_06704,Anna Nagar,2021-05-27,9,0,1,1,1,0,0,1,1,0,1.0,1.0,0,1.0,1,31,1,18,0.387,0.4736,YELLOW,42,Chennai
CLM0004006,CHE_04904,T Nagar,2018-06-05,14,0,1,1,1,1,0,1,0,1,1.0,0.929545,0,1.0,0,19,0,18,0.959,0.7487,RED,31,Chennai
CLM0004007,CHE_07412,Anna Nagar,2025-01-17,12,0,1,1,0,0,0,0,0,0,0.0,0.13201,0,0.0,0,338,0,1,0.453,0.7298,RED,48,Chennai
CLM0004008,CHE_06127,Anna Nagar,2020-06-09,12,0,1,1,1,1,0,1,1,1,0.0,1.0,0,1.0,0,26,0,18,0.5274,0.7404,RED,41,Chennai
CLM0004009,CHE_00800,Perambur,2025-05-26,15,0,1,1,1,1,0,1,0,1,0.0,0.066989,0,0.0,0,18,0,18,0.753,0.5054,YELLOW,38,Chennai
CLM0004010,CHE_02649,Velachery,2024-01-20,8,0,1,1,1,1,0,1,1,0,0.0,1.0,1,0.0,1,21,2,18,0.1385,0.5807,YELLOW,40,Chennai
CLM0004011,CHE_04271,T Nagar,2025-03-03,10,0,0,0,0,0,0,0,0,0,0.0,0.02001,0,0.0,0,62,4,5,0.5717,0.0,GREEN,39,Chennai
CLM0004012,CHE_03669,Perambur,2024-12-13,10,0,0,0,0,0,1,0,0,0,0.0,0.136483,0,0.0,0,236,1,3,0.1325,0.0696,GREEN,47,Chennai
CLM0004013,CHE_04704,Tambaram,2025-08-11,8,0,0,0,0,0,1,0,0,1,0.0,0.0,0,0.0,0,170,0,0,0.6295,0.2489,GREEN,41,Chennai
CLM0004014,CHE_06872,Porur,2024-10-28,11,0,0,0,0,0,0,0,0,0,0.0,0.107715,0,0.0,0,420,1,1,0.5555,0.0404,GREEN,29,Chennai
CLM0004015,CHE_00471,T Nagar,2024-04-19,14,0,0,0,0,0,0,1,0,0,0.0,0.222958,0,1.0,0,420,1,0,0.7745,0.0,GREEN,33,Chennai
CLM0004016,CHE_00556,Porur,2023-06-12,7,0,0,0,0,0,0,0,0,0,0.0,0.0,0,0.0,0,267,2,2,0.7896,0.0818,GREEN,33,Chennai
CLM0004017,CHE_07153,Anna Nagar,2025-02-15,18,0,0,0,0,0,1,0,0,0,0.0,0.325799,0,0.0,0,129,2,0,0.6533,0.132,GREEN,34,Chennai
CLM0004018,CHE_07055,Velachery,2025-04-08,15,0,0,0,0,0,0,0,0,0,0.0,0.332659,0,0.0,0,325,0,4,0.5993,0.0,GREEN,25,Chennai
CLM0004019,CHE_09307,Sholinganallur,2024-08-19,12,0,0,0,0,0,0,1,0,0,0.0,0.366258,0,1.0,0,290,3,0,0.5268,0.11,GREEN,42,Chennai
CLM0004020,CHE_06164,Anna Nagar,2025-05-15,17,0,0,0,0,0,0,0,0,0,0.0,0.44558,0,0.0,0,66,3,0,0.9273,0.0,GREEN,24,Chennai
CLM0004021,CHE_03639,Adyar,2024-06-24,7,0,0,0,0,0,0,0,0,0,0.0,0.367753,0,0.0,0,129,3,4,0.8804,0.0,GREEN,42,Chennai
CLM0004022,CHE_03034,Anna Nagar,2025-04-17,21,0,0,0,0,0,0,0,0,0,0.0,0.070541,0,0.0,0,311,2,3,0.0757,0.0,GREEN,35,Chennai
CLM0004023,CHE_02513,Velachery,2025-03-17,7,0,0,0,0,0,1,0,0,0,0.0,0.185083,0,0.0,0,366,3,1,0.8787,0.0791,GREEN,40,Chennai
CLM0004024,CHE_00276,Perambur,2025-05-13,21,0,0,0,0,0,0,0,0,0,1.0,0.266996,0,0.0,0,160,4,2,0.7332,0.0317,GREEN,38,Chennai
CLM0004025,CHE_00101,Tambaram,2025-01-30,9,0,0,0,0,0,0,0,0,0,0.0,0.12959,0,0.0,0,225,0,4,0.6252,0.0,GREEN,42,Chennai
CLM0004026,CHE_06332,Sholinganallur,2025-05-08,13,0,0,0,0,0,0,0,0,0,1.0,0.13036,0,0.0,0,401,2,7,0.9223,0.0725,GREEN,19,Chennai
CLM0004027,CHE_07409,Porur,2025-04-21,13,0,0,0,0,0,1,1,0,0,0.0,0.008822,0,0.0,0,249,3,5,0.4814,0.2133,GREEN,40,Chennai
CLM0004028,CHE_07925,Anna Nagar,2023-03-13,16,0,0,0,0,0,1,0,0,0,1.0,0.143095,0,0.0,0,396,0,1,0.9133,0.1188,GREEN,54,Chennai
CLM0004029,CHE_05789,Porur,2024-02-21,20,0,0,0,0,0,0,0,0,0,0.0,0.239096,0,0.0,0,327,4,5,0.7112,0.0,GREEN,20,Chennai
CLM0004030,CHE_08821,Perambur,2024-07-16,10,0,0,0,1,0,1,0,0,0,0.0,0.345934,0,0.0,0,420,0,4,0.8423,0.3059,GREEN,33,Chennai
CLM0004031,CHE_05000,Perambur,2023-04-11,10,0,0,0,0,0,0,0,0,0,0.0,0.189937,0,0.0,0,204,0,2,0.05,0.0,GREEN,18,Chennai
CLM0004032,CHE_05136,Adyar,2022-05-24,15,0,0,0,0,0,0,0,0,0,0.0,0.055113,0,0.0,0,230,2,0,0.7373,0.0,GREEN,49,Chennai
CLM0004033,CHE_09567,Chromepet,2025-06-21,16,0,0,0,0,0,0,0,1,0,1.0,0.920617,0,0.0,0,186,0,3,0.7949,0.1448,GREEN,45,Chennai
CLM0004034,CHE_00474,Perambur,2024-04-18,17,0,0,0,0,0,0,0,0,0,0.0,0.973737,0,0.0,0,148,2,3,0.2736,0.0273,GREEN,36,Chennai
CLM0004035,CHE_09260,Chromepet,2021-02-02,9,0,0,0,0,0,0,0,0,0,0.0,0.145118,0,0.0,0,50,4,3,0.8614,0.0,GREEN,50,Chennai
CLM0004036,CHE_07902,Perambur,2019-07-10,21,0,0,0,0,0,1,0,0,0,0.0,0.973643,0,0.0,0,238,1,6,0.5694,0.0726,GREEN,45,Chennai
CLM0004037,CHE_06413,Adyar,2021-11-03,14,0,0,0,0,0,0,0,0,0,0.0,0.40196,0,0.0,0,200,2,0,0.7591,0.0289,GREEN,56,Chennai
CLM0004038,CHE_05917,Guindy,2020-06-12,19,0,0,0,0,0,0,1,0,0,1.0,0.96433,0,1.0,0,176,4,5,0.6157,0.1586,GREEN,30,Chennai
CLM0004039,CHE_00925,Chromepet,2025-12-11,17,0,0,0,0,0,1,0,0,0,0.0,1.0,0,0.0,0,125,1,3,0.7312,0.1101,GREEN,43,Chennai
CLM0004040,CHE_01382,Chromepet,2024-11-22,12,0,0,0,0,0,1,0,0,0,0.0,0.235043,0,0.0,0,350,0,1,0.9104,0.0185,GREEN,30,Chennai
CLM0004041,CHE_00473,Perambur,2024-09-14,11,0,0,0,0,0,0,0,0,0,0.0,0.147951,0,0.0,0,282,0,2,0.7975,0.0,GREEN,47,Chennai
CLM0004042,CHE_07278,Tambaram,2025-08-16,15,0,0,0,0,0,1,0,1,0,0.0,0.380072,0,0.0,0,60,2,2,0.0552,0.1149,GREEN,30,Chennai
CLM0004043,CHE_08634,Velachery,2019-09-11,8,0,0,0,0,0,0,0,0,0,0.0,0.281586,0,0.0,0,125,4,2,0.1856,0.0459,GREEN,33,Chennai
CLM0004044,CHE_03695,Guindy,2020-08-19,12,0,0,0,0,0,0,0,0,0,0.0,0.172467,0,0.0,1,125,4,5,0.7383,0.0918,GREEN,34,Chennai
CLM0004045,CHE_06698,T Nagar,2025-05-28,15,0,0,0,0,0,0,0,0,0,1.0,0.004466,0,0.0,0,253,4,1,0.6282,0.1105,GREEN,45,Chennai
CLM0004046,CHE_04120,Adyar,2022-07-03,9,0,0,0,0,0,1,0,0,0,0.0,0.203821,0,0.0,0,5,1,0,0.8072,0.0,GREEN,31,Chennai
CLM0004047,CHE_05739,Chromepet,2024-07-22,10,0,0,0,0,0,0,0,0,0,0.0,0.112191,0,0.0,0,21,2,4,0.98,0.0,GREEN,54,Chennai
CLM0004048,CHE_09384,Chromepet,2022-08-05,15,0,0,0,0,0,1,0,0,0,0.0,0.110805,0,0.0,0,5,1,1,0.05,0.0,GREEN,61,Chennai
CLM0004049,CHE_01060,Guindy,2016-03-02,15,0,0,0,0,0,0,0,0,0,0.0,0.288753,0,1.0,0,345,3,5,0.98,0.0728,GREEN,40,Chennai
CLM0004050,CHE_00447,Guindy,2020-07-16,15,0,0,0,0,0,0,0,0,0,0.0,0.333895,0,0.0,0,416,1,3,0.98,0.0,GREEN,68,Chennai
CLM0004051,CHE_05010,Chromepet,2018-09-15,16,0,0,0,0,0,0,0,0,0,0.0,0.097922,0,0.0,0,227,1,0,0.2707,0.0,GREEN,71,Chennai
CLM0004052,CHE_09554,Perambur,2024-06-28,20,0,0,0,0,0,0,0,0,0,1.0,0.318297,0,0.0,0,164,0,3,0.6113,0.0,GREEN,55,Chennai
CLM0004053,CHE_05240,Velachery,2023-08-11,10,0,0,0,0,0,0,0,0,0,0.0,0.081255,0,0.0,0,89,0,6,0.9668,0.16,GREEN,25,Chennai
CLM0004054,CHE_00166,Tambaram,2021-07-05,9,0,0,0,1,0,0,0,0,0,1.0,0.275393,0,0.0,0,241,4,1,0.4971,0.284,GREEN,27,Chennai
CLM0004055,CHE_01042,Tambaram,2024-11-19,20,0,0,0,0,0,0,0,0,0,0.0,0.017822,0,0.0,0,390,2,4,0.4834,0.0712,GREEN,65,Chennai
CLM0004056,CHE_03738,Porur,2023-09-01,18,0,0,0,0,0,1,0,0,0,0.0,0.094056,0,0.0,0,400,1,3,0.5206,0.1253,GREEN,21,Chennai
CLM0004057,CHE_04253,Velachery,2022-03-07,19,0,0,0,1,0,0,0,0,0,1.0,0.348974,0,0.0,0,67,0,5,0.8123,0.1774,GREEN,39,Chennai
CLM0004058,CHE_07071,Chromepet,2025-01-07,21,0,0,0,0,0,0,0,0,0,0.0,0.0,0,1.0,0,133,4,0,0.7728,0.0,GREEN,38,Chennai
CLM0004059,CHE_08420,Chromepet,2023-12-01,18,0,0,0,0,0,0,0,0,0,0.0,0.241745,0,0.0,0,317,3,3,0.4893,0.0586,GREEN,53,Chennai
CLM0004060,CHE_04659,Perambur,2025-01-12,12,0,0,0,0,0,0,0,0,0,0.0,0.059678,0,0.0,0,420,1,1,0.6523,0.0765,GREEN,35,Chennai
CLM0004061,CHE_08662,Anna Nagar,2022-03-19,7,0,0,0,0,1,0,0,0,0,0.0,0.342506,0,0.0,0,374,1,0,0.05,0.1176,GREEN,45,Chennai
CLM0004062,CHE_09553,Perambur,2023-10-02,17,0,0,0,0,0,0,0,0,0,0.0,0.029417,0,0.0,0,409,1,4,0.1504,0.0,GREEN,37,Chennai
CLM0004063,CHE_02886,Anna Nagar,2024-08-20,20,0,0,0,0,0,0,0,0,0,0.0,0.99622,0,0.0,0,420,3,4,0.8721,0.0,GREEN,44,Chennai
CLM0004064,CHE_01042,Tambaram,2024-04-15,21,0,0,0,0,0,0,0,0,0,0.0,0.40058,0,0.0,0,20,2,3,0.5547,0.0074,GREEN,65,Chennai
CLM0004065,CHE_08693,Velachery,2021-01-18,10,0,0,0,0,1,0,0,0,0,0.0,0.251711,0,0.0,0,401,3,2,0.228,0.1058,GREEN,54,Chennai
CLM0004066,CHE_09380,T Nagar,2018-07-12,19,0,0,0,0,0,1,1,0,0,0.0,0.045532,1,0.0,0,101,4,0,0.0512,0.1888,GREEN,51,Chennai
CLM0004067,CHE_03327,Anna Nagar,2019-08-14,8,0,0,0,0,0,1,0,0,0,0.0,0.243623,0,0.0,0,336,1,5,0.937,0.0848,GREEN,44,Chennai
CLM0004068,CHE_01528,Anna Nagar,2025-06-16,16,0,0,0,0,0,0,0,0,0,0.0,0.308523,1,0.0,0,123,0,6,0.8926,0.0586,GREEN,43,Chennai
CLM0004069,CHE_04079,Chromepet,2022-07-30,11,0,0,0,0,0,0,0,0,0,0.0,0.139048,0,0.0,0,46,4,1,0.7103,0.0,GREEN,40,Chennai
CLM0004070,CHE_03979,Porur,2016-06-01,17,0,0,0,0,0,0,0,0,0,0.0,0.250525,0,1.0,0,153,4,0,0.6155,0.0,GREEN,36,Chennai
CLM0004071,CHE_02652,Tambaram,2023-06-09,16,0,0,0,0,0,0,1,0,0,0.0,0.190471,0,0.0,0,284,2,3,0.1729,0.036,GREEN,24,Chennai
CLM0004072,CHE_02088,Sholinganallur,2023-07-16,13,0,0,0,0,0,0,0,0,0,0.0,0.271876,0,0.0,0,173,2,3,0.5699,0.0,GREEN,32,Chennai
CLM0004073,CHE_05127,Chromepet,2019-12-04,7,0,0,0,0,0,0,1,0,0,0.0,0.11976,0,0.0,0,79,2,0,0.0551,0.1271,GREEN,48,Chennai
CLM0004074,CHE_01597,Sholinganallur,2021-09-14,8,0,0,0,0,0,1,0,0,1,0.0,0.113829,0,0.0,0,318,2,5,0.5259,0.2961,GREEN,52,Chennai
CLM0004075,CHE_01999,Chromepet,2024-10-02,16,0,0,0,0,0,0,0,0,0,0.0,0.283358,0,0.0,1,299,2,5,0.6048,0.19,GREEN,42,Chennai
CLM0004076,CHE_06491,Tambaram,2021-04-02,12,0,0,0,0,0,0,0,0,0,0.0,0.236326,0,0.0,0,359,2,0,0.733,0.0928,GREEN,47,Chennai
CLM0004077,CHE_03081,Perambur,2024-06-05,16,0,0,0,0,0,0,0,0,0,0.0,0.211126,0,0.0,0,272,2,3,0.98,0.0,GREEN,45,Chennai
CLM0004078,CHE_06865,Velachery,2019-10-27,18,0,0,0,0,0,0,0,0,0,1.0,0.407359,0,0.0,0,420,0,2,0.5765,0.074,GREEN,33,Chennai
CLM0004079,CHE_05794,Velachery,2020-01-18,9,0,0,0,0,0,0,0,0,0,0.0,0.129869,0,0.0,0,396,0,2,0.5349,0.0,GREEN,40,Chennai
CLM0004080,CHE_05099,Velachery,2018-02-18,21,0,0,0,0,0,0,0,0,0,0.0,0.218337,0,0.0,0,69,4,0,0.4871,0.0,GREEN,45,Chennai
CLM0004081,CHE_07626,Porur,2022-10-25,9,0,0,0,0,0,0,0,0,0,0.0,0.220521,0,0.0,0,58,1,0,0.5876,0.0663,GREEN,36,Chennai
CLM0004082,CHE_05243,Velachery,2022-11-01,21,0,0,0,0,0,0,0,0,0,0.0,0.333286,0,0.0,0,420,1,4,0.5577,0.0237,GREEN,48,Chennai
CLM0004083,CHE_02541,Chromepet,2025-04-18,21,0,0,0,0,0,1,0,0,0,0.0,0.41867,0,0.0,0,420,0,5,0.2645,0.1513,GREEN,39,Chennai
CLM0004084,CHE_04180,Perambur,2025-02-02,20,0,0,0,0,0,0,0,0,0,0.0,0.285836,0,0.0,0,420,0,3,0.9372,0.0082,GREEN,30,Chennai
CLM0004085,CHE_07884,Anna Nagar,2022-11-16,15,0,0,0,0,0,0,0,0,0,0.0,0.16938,1,0.0,0,405,0,1,0.5345,0.0978,GREEN,43,Chennai
CLM0004086,CHE_08963,Tambaram,2023-05-22,19,0,0,0,1,0,0,0,0,0,0.0,0.100217,0,0.0,0,412,1,4,0.7008,0.1922,GREEN,45,Chennai
CLM0004087,CHE_00556,Porur,2022-01-14,19,0,0,0,0,0,0,0,0,0,0.0,0.991822,0,0.0,0,180,3,0,0.6207,0.0,GREEN,33,Chennai
CLM0004088,CHE_00310,Anna Nagar,2017-08-26,13,0,0,0,0,0,0,0,0,0,0.0,0.396959,0,0.0,0,420,3,3,0.4212,0.0373,GREEN,27,Chennai
CLM0004089,CHE_01036,T Nagar,2024-10-08,9,0,0,0,0,0,0,0,0,0,0.0,0.14387,0,0.0,0,339,4,7,0.2923,0.0221,GREEN,32,Chennai
CLM0004090,CHE_02712,Adyar,2019-03-25,10,0,0,0,0,0,0,0,0,1,0.0,0.158924,0,0.0,0,262,0,4,0.5642,0.1875,GREEN,45,Chennai
CLM0004091,CHE_09908,Velachery,2025-01-07,10,0,0,0,0,0,0,0,0,0,1.0,0.083508,0,0.0,0,86,2,1,0.6732,0.1119,GREEN,51,Chennai
CLM0004092,CHE_06311,Perambur,2020-04-29,14,0,0,0,0,0,0,0,0,0,0.0,0.058303,0,0.0,0,338,1,1,0.1819,0.0,GREEN,49,Chennai
CLM0004093,CHE_02116,Chromepet,2023-05-01,20,0,0,0,0,0,0,0,0,0,0.0,0.094687,0,1.0,0,91,1,4,0.05,0.0546,GREEN,68,Chennai
CLM0004094,CHE_08235,Guindy,2025-03-24,11,0,0,0,0,0,0,0,1,1,0.0,0.205854,0,1.0,0,364,0,1,0.4602,0.2063,GREEN,36,Chennai
CLM0004095,CHE_03980,Anna Nagar,2025-03-25,14,0,0,0,0,0,0,1,1,0,1.0,0.949807,0,1.0,0,5,2,18,0.2053,0.2318,GREEN,32,Chennai
CLM0004096,CHE_08742,Chromepet,2024-09-30,20,0,0,0,0,0,1,1,1,1,0.0,0.143459,0,0.0,0,6,1,18,0.9286,0.0,GREEN,41,Chennai
CLM0004097,CHE_04272,Porur,2025-05-28,20,0,0,0,0,0,0,0,0,0,0.0,0.320904,0,0.0,0,355,4,2,0.5892,0.0674,GREEN,59,Chennai
CLM0004098,CHE_04451,Tambaram,2024-08-18,12,0,0,0,0,0,0,0,0,0,0.0,0.143595,0,0.0,0,364,0,5,0.1306,0.0422,GREEN,32,Chennai
CLM0004099,CHE_08150,Adyar,2025-02-07,20,0,0,0,0,0,0,0,0,0,1.0,0.396238,1,0.0,0,55,2,1,0.9011,0.1551,GREEN,40,Chennai
CLM0004100,CHE_00178,Anna Nagar,2024-03-25,19,0,0,0,0,0,0,0,0,0,1.0,0.923897,0,1.0,0,369,3,4,0.761,0.0,GREEN,25,Chennai
CLM0004101,CHE_09329,Perambur,2024-07-11,17,0,0,0,0,0,0,0,0,0,0.0,0.0,0,0.0,0,45,4,6,0.5681,0.0,GREEN,50,Chennai
CLM0004102,CHE_04084,T Nagar,2025-08-24,9,0,0,0,0,0,0,0,0,0,0.0,0.035048,0,0.0,0,184,3,0,0.8145,0.0,GREEN,43,Chennai
CLM0004103,CHE_01642,Adyar,2024-09-21,9,0,0,0,0,0,0,0,0,0,0.0,0.339157,0,0.0,0,144,3,4,0.98,0.031,GREEN,45,Chennai
CLM0004104,CHE_06812,Tambaram,2024-11-06,14,0,0,0,0,0,0,0,0,0,0.0,0.173604,0,0.0,0,420,4,3,0.69,0.0,GREEN,34,Chennai
CLM0004105,CHE_05249,Velachery,2024-05-24,10,0,0,0,0,0,0,0,0,0,1.0,1.0,0,1.0,0,136,4,1,0.9082,0.0,GREEN,25,Chennai
CLM0004106,CHE_05853,Chromepet,2022-06-11,11,0,0,0,0,0,1,0,0,0,1.0,1.0,0,0.0,0,180,4,3,0.8865,0.2356,GREEN,47,Chennai
CLM0004107,CHE_08009,Guindy,2021-06-24,7,0,0,0,0,0,0,0,0,0,0.0,0.295794,0,0.0,0,52,3,1,0.6685,0.0,GREEN,27,Chennai
CLM0004108,CHE_07466,Porur,2018-06-28,9,0,0,0,0,1,0,0,0,0,1.0,0.246508,0,0.0,0,395,4,1,0.8894,0.2206,GREEN,33,Chennai
CLM0004109,CHE_04329,Adyar,2020-08-03,20,0,0,0,0,0,0,0,1,0,0.0,0.186927,0,0.0,0,223,4,1,0.6826,0.0213,GREEN,37,Chennai
CLM0004110,CHE_03731,T Nagar,2017-03-05,15,0,0,0,0,0,0,1,0,0,1.0,0.274132,0,0.0,0,370,4,3,0.5456,0.1205,GREEN,31,Chennai
CLM0004111,CHE_04076,Adyar,2024-09-03,15,0,0,0,1,0,0,0,0,0,0.0,0.241036,0,0.0,0,165,0,6,0.8687,0.2544,GREEN,44,Chennai
CLM0004112,CHE_00864,T Nagar,2025-02-14,17,0,0,0,1,0,0,0,0,0,0.0,0.138954,0,0.0,0,199,4,1,0.6181,0.1012,GREEN,25,Chennai
CLM0004113,CHE_00819,Sholinganallur,2018-02-07,11,0,0,0,0,1,0,0,0,0,0.0,0.230223,0,0.0,0,184,0,5,0.5673,0.1686,GREEN,39,Chennai
CLM0004114,CHE_04968,Guindy,2018-09-01,14,0,0,0,0,0,1,0,0,0,0.0,0.149032,0,0.0,0,391,4,4,0.7912,0.1333,GREEN,34,Chennai
CLM0004115,CHE_08226,T Nagar,2024-07-30,16,0,0,0,0,0,0,0,0,0,1.0,0.974265,0,1.0,0,420,1,0,0.8563,0.0,GREEN,35,Chennai
CLM0004116,CHE_02348,T Nagar,2022-03-16,13,0,0,0,0,0,0,0,0,0,0.0,0.274639,0,0.0,0,89,2,4,0.5851,0.0,GREEN,42,Chennai
CLM0004117,CHE_07313,Porur,2020-10-13,7,0,0,0,0,0,0,0,0,0,0.0,0.137063,0,0.0,0,209,0,1,0.8207,0.0486,GREEN,42,Chennai
CLM0004118,CHE_00156,Sholinganallur,2025-09-09,18,0,0,0,0,0,0,0,0,0,0.0,0.090084,0,0.0,0,162,1,5,0.4984,0.0792,GREEN,51,Chennai
CLM0004119,CHE_08433,Adyar,2020-05-03,17,0,0,0,1,1,0,0,0,0,0.0,0.238291,0,0.0,0,57,2,2,0.1695,0.296,GREEN,21,Chennai
CLM0004120,CHE_01286,Adyar,2016-11-10,13,0,0,0,0,0,1,0,0,0,0.0,0.369031,0,0.0,1,48,1,3,0.7225,0.1683,GREEN,51,Chennai
CLM0004121,CHE_05402,Sholinganallur,2018-08-30,21,0,0,0,0,0,0,0,0,0,0.0,0.426884,0,0.0,0,145,2,5,0.799,0.0542,GREEN,31,Chennai
CLM0004122,CHE_08208,Guindy,2020-07-04,21,0,0,0,0,0,0,0,0,0,0.0,1.0,0,0.0,0,164,4,5,0.7037,0.0,GREEN,27,Chennai
CLM0004123,CHE_08097,Guindy,2025-03-15,8,0,0,0,0,0,0,0,0,0,1.0,0.076826,1,0.0,1,387,3,0,0.1603,0.2328,GREEN,47,Chennai
CLM0004124,CHE_07911,Adyar,2024-06-11,9,0,0,0,0,0,0,0,1,0,0.0,0.126689,0,0.0,0,420,3,4,0.9097,0.066,GREEN,31,Chennai
CLM0004125,CHE_04281,Perambur,2021-08-27,17,0,0,0,0,0,0,0,0,0,0.0,0.256724,0,0.0,0,42,3,1,0.6858,0.0,GREEN,27,Chennai
CLM0004126,CHE_02110,Chromepet,2016-06-20,20,0,0,0,0,0,0,0,0,0,0.0,0.182429,0,0.0,1,55,3,1,0.797,0.0505,GREEN,34,Chennai
CLM0004127,CHE_02812,Chromepet,2016-03-24,14,0,0,0,1,1,0,1,0,0,0.0,0.240743,0,1.0,0,129,1,1,0.05,0.5322,YELLOW,40,Chennai
CLM0004128,CHE_08839,Sholinganallur,2017-03-17,21,0,0,0,0,0,0,0,0,0,0.0,0.142677,0,0.0,0,208,1,5,0.98,0.0,GREEN,46,Chennai
CLM0004129,CHE_02883,Porur,2024-04-10,10,0,0,0,1,0,0,0,0,0,0.0,0.90782,0,0.0,0,119,1,0,0.7537,0.1037,GREEN,18,Chennai
CLM0004130,CHE_09136,Adyar,2016-08-09,20,0,0,0,0,0,0,0,0,0,0.0,0.273847,0,0.0,0,78,3,2,0.4976,0.0,GREEN,31,Chennai
CLM0004131,CHE_04616,Perambur,2022-01-11,13,0,0,0,0,0,0,0,0,0,0.0,0.26362,0,0.0,0,224,1,3,0.9648,0.0,GREEN,49,Chennai
CLM0004132,CHE_00870,Adyar,2023-11-16,11,0,0,0,0,0,0,0,0,0,0.0,0.292094,0,0.0,0,83,0,0,0.9191,0.0,GREEN,40,Chennai
CLM0004133,CHE_09536,Porur,2024-09-10,14,0,0,0,0,0,0,0,0,0,1.0,0.125833,0,0.0,0,305,3,2,0.8437,0.0964,GREEN,38,Chennai
CLM0004134,CHE_03016,Perambur,2025-03-10,19,0,0,0,0,0,0,0,0,0,0.0,0.278532,0,1.0,0,420,2,2,0.6525,0.0347,GREEN,34,Chennai
CLM0004135,CHE_04347,Adyar,2021-09-13,14,0,0,0,0,0,1,0,0,0,0.0,0.154099,0,0.0,0,337,4,7,0.2372,0.1883,GREEN,44,Chennai
CLM0004136,CHE_02166,Velachery,2022-02-06,16,0,0,0,0,0,1,0,0,0,0.0,0.327028,0,0.0,0,349,1,0,0.9486,0.1048,GREEN,44,Chennai
CLM0004137,CHE_04212,T Nagar,2023-06-18,10,0,0,0,0,0,0,0,0,0,0.0,0.270817,0,0.0,1,420,2,3,0.1916,0.0701,GREEN,29,Chennai
CLM0004138,CHE_01727,Velachery,2021-09-26,17,0,0,0,0,0,1,0,1,0,0.0,0.117469,0,0.0,0,39,2,2,0.7516,0.1854,GREEN,30,Chennai
CLM0004139,CHE_09249,Porur,2022-08-24,17,0,0,0,1,1,0,1,1,1,1.0,0.984195,0,1.0,1,29,2,18,0.1843,0.0,GREEN,23,Chennai
CLM0004140,CHE_01927,Guindy,2025-11-11,21,0,0,0,0,0,0,0,0,0,0.0,1.0,0,0.0,0,212,0,4,0.9154,0.0,GREEN,50,Chennai
CLM0004141,CHE_06750,Porur,2024-10-04,7,0,0,0,0,0,0,0,0,0,0.0,0.902155,0,0.0,0,420,4,1,0.7909,0.0,GREEN,34,Chennai
CLM0004142,CHE_02546,Guindy,2023-07-21,11,0,0,0,0,0,0,0,1,0,1.0,0.224802,0,0.0,0,272,2,2,0.8271,0.1451,GREEN,18,Chennai
CLM0004143,CHE_08752,Anna Nagar,2022-05-25,9,0,0,0,0,0,0,0,0,0,0.0,0.0,0,0.0,0,74,4,2,0.6959,0.0,GREEN,62,Chennai
CLM0004144,CHE_08382,Adyar,2025-06-22,10,0,0,0,0,0,0,0,0,1,0.0,0.256923,0,0.0,0,147,4,0,0.6229,0.1697,GREEN,50,Chennai
CLM0004145,CHE_08968,Chromepet,2025-01-03,14,0,0,0,0,0,0,0,0,0,0.0,0.151644,0,0.0,0,217,4,3,0.9551,0.0,GREEN,37,Chennai
CLM0004146,CHE_06447,Chromepet,2022-11-11,10,0,0,0,0,0,0,0,0,0,1.0,0.087905,0,0.0,0,117,2,1,0.6948,0.063,GREEN,60,Chennai
CLM0004147,CHE_06306,Guindy,2021-07-08,8,0,0,0,0,0,0,0,0,0,1.0,0.345724,0,0.0,0,43,3,2,0.262,0.0601,GREEN,35,Chennai
CLM0004148,CHE_04961,Guindy,2024-01-26,20,0,0,0,1,0,1,0,0,0,0.0,0.171595,0,0.0,0,70,3,3,0.7996,0.3455,YELLOW,38,Chennai
CLM0004149,CHE_00416,Sholinganallur,2023-01-13,16,0,0,0,0,0,0,0,0,0,0.0,0.419257,0,0.0,0,128,3,2,0.2318,0.1143,GREEN,45,Chennai
CLM0004150,CHE_09628,Velachery,2022-01-28,15,0,0,0,0,0,0,0,0,0,0.0,0.045219,0,0.0,0,411,0,6,0.3213,0.0271,GREEN,34,Chennai
CLM0004151,CHE_08332,Chromepet,2016-08-18,19,0,0,0,0,0,0,0,0,0,0.0,0.111131,0,0.0,0,420,1,5,0.6462,0.0,GREEN,36,Chennai
CLM0004152,CHE_00118,Anna Nagar,2023-07-19,21,0,1,1,0,0,0,0,0,0,0.0,0.0,0,0.0,0,88,4,6,0.176,0.0408,GREEN,52,Chennai
CLM0004153,CHE_07937,Anna Nagar,2015-07-14,14,0,0,0,1,0,1,1,1,0,1.0,0.954959,1,0.0,1,5,2,18,0.2316,0.0881,GREEN,30,Chennai
CLM0004154,CHE_06711,Chromepet,2025-09-29,15,0,0,0,0,0,0,0,0,0,0.0,0.0,0,0.0,0,374,3,1,0.7537,0.0,GREEN,45,Chennai
CLM0004155,CHE_03819,Sholinganallur,2024-05-15,15,0,0,0,0,0,0,0,0,0,0.0,1.0,0,0.0,0,33,3,4,0.98,0.05,GREEN,23,Chennai
CLM0004156,CHE_08493,Perambur,2025-09-09,17,0,0,0,0,1,0,0,0,0,0.0,0.091861,0,0.0,0,100,3,2,0.7694,0.2165,GREEN,38,Chennai
CLM0004157,CHE_03242,Chromepet,2021-11-07,7,0,0,0,0,0,0,1,1,0,1.0,1.0,1,0.0,1,5,4,18,0.4513,0.0464,GREEN,55,Chennai
CLM0004158,CHE_07598,Perambur,2023-10-10,21,0,0,0,0,0,0,1,0,0,0.0,0.941081,0,0.0,0,420,2,3,0.1251,0.1001,GREEN,18,Chennai
CLM0004159,CHE_01023,Tambaram,2021-05-20,20,0,0,0,0,0,0,0,0,0,0.0,0.948715,0,0.0,0,270,1,2,0.6759,0.0328,GREEN,49,Chennai
CLM0004160,CHE_06201,Velachery,2017-01-16,21,0,0,0,0,0,0,0,1,0,1.0,0.077094,0,0.0,0,159,3,0,0.8462,0.1732,GREEN,23,Chennai
CLM0004161,CHE_04460,Sholinganallur,2022-08-09,9,0,0,0,0,0,1,1,0,0,0.0,0.103764,0,0.0,0,39,1,0,0.6831,0.1315,GREEN,24,Chennai
CLM0004162,CHE_06663,Perambur,2020-10-13,9,0,0,0,1,0,0,1,0,1,1.0,0.043174,0,1.0,0,5,1,18,0.05,0.1867,GREEN,46,Chennai
CLM0004163,CHE_02236,T Nagar,2022-01-07,15,0,0,0,0,0,0,0,0,0,0.0,0.077708,0,1.0,0,309,2,1,0.7863,0.0313,GREEN,27,Chennai
CLM0004164,CHE_01342,Anna Nagar,2025-04-08,13,0,0,0,0,1,0,0,1,0,0.0,0.083953,0,0.0,0,84,2,6,0.6819,0.2037,GREEN,46,Chennai
CLM0004165,CHE_08381,Chromepet,2016-04-24,9,0,0,0,0,0,0,0,0,0,0.0,0.129546,0,0.0,0,250,4,2,0.2273,0.0,GREEN,25,Chennai
CLM0004166,CHE_09480,Sholinganallur,2024-09-22,11,0,0,0,0,0,0,0,0,0,1.0,0.439542,0,0.0,0,33,1,0,0.98,0.1214,GREEN,40,Chennai
CLM0004167,CHE_06715,Velachery,2024-05-17,18,0,0,0,0,0,0,1,0,0,1.0,1.0,0,1.0,0,371,3,4,0.9725,0.002,GREEN,40,Chennai
CLM0004168,CHE_07431,Tambaram,2022-11-03,15,0,0,0,0,0,0,0,0,0,0.0,0.0,0,0.0,0,5,4,0,0.6316,0.0,GREEN,29,Chennai
CLM0004169,CHE_05802,Guindy,2023-05-12,10,0,0,0,0,0,0,0,0,0,0.0,0.246054,0,0.0,0,420,1,4,0.793,0.0592,GREEN,44,Chennai
CLM0004170,CHE_04001,Guindy,2025-01-01,20,0,0,0,0,0,0,0,0,0,0.0,0.087483,0,0.0,0,290,4,3,0.4938,0.0,GREEN,39,Chennai
CLM0004171,CHE_02558,Tambaram,2024-01-01,9,0,0,0,0,0,0,1,0,0,0.0,0.0,0,0.0,0,14,3,0,0.5771,0.0776,GREEN,33,Chennai
CLM0004172,CHE_05871,T Nagar,2025-06-25,19,0,0,0,0,0,0,0,0,0,0.0,0.25762,0,0.0,0,145,2,0,0.9727,0.0,GREEN,54,Chennai
CLM0004173,CHE_02359,Sholinganallur,2024-11-05,17,0,0,0,0,0,0,0,0,0,1.0,0.274014,0,0.0,0,372,2,3,0.7956,0.0355,GREEN,36,Chennai
CLM0004174,CHE_05023,Sholinganallur,2023-08-22,10,0,0,0,0,0,0,0,0,0,0.0,0.266598,0,0.0,0,113,0,0,0.6281,0.0315,GREEN,32,Chennai
CLM0004175,CHE_07749,Porur,2025-04-08,19,0,0,0,0,0,0,0,1,0,0.0,0.367855,0,0.0,0,310,2,1,0.6679,0.147,GREEN,48,Chennai
CLM0004176,CHE_01901,Porur,2024-09-22,20,0,1,1,0,0,0,0,0,0,0.0,0.239841,0,0.0,0,61,1,2,0.6882,0.0668,GREEN,67,Chennai
CLM0004177,CHE_02193,Chromepet,2024-03-07,7,0,0,0,1,0,0,0,0,0,0.0,1.0,0,0.0,0,366,1,2,0.7942,0.0553,GREEN,52,Chennai
CLM0004178,CHE_06538,Velachery,2024-03-08,11,0,0,0,0,0,0,1,0,0,0.0,0.125119,1,0.0,1,406,4,1,0.6898,0.2198,GREEN,48,Chennai
CLM0004179,CHE_06002,Tambaram,2023-09-28,17,0,0,0,0,0,0,0,0,0,0.0,1.0,0,0.0,0,112,0,7,0.7509,0.0,GREEN,44,Chennai
CLM0004180,CHE_04580,Chromepet,2023-10-19,18,0,0,0,0,0,0,0,0,0,0.0,0.286506,0,0.0,0,420,3,1,0.9685,0.0331,GREEN,36,Chennai
CLM0004181,CHE_03026,Sholinganallur,2024-07-16,9,0,0,0,0,0,0,0,0,0,1.0,1.0,0,1.0,0,208,1,2,0.0713,0.133,GREEN,30,Chennai
CLM0004182,CHE_07624,Anna Nagar,2025-05-17,10,0,0,0,0,0,0,0,0,0,1.0,0.10519,0,0.0,0,249,3,2,0.7086,0.0676,GREEN,29,Chennai
CLM0004183,CHE_08018,Anna Nagar,2020-03-28,13,0,0,0,0,0,0,0,0,0,0.0,0.169077,0,0.0,0,318,0,6,0.8153,0.1079,GREEN,31,Chennai
CLM0004184,CHE_04366,Tambaram,2019-09-13,21,0,0,0,0,0,0,0,0,0,0.0,0.120982,0,0.0,0,420,1,2,0.6093,0.0,GREEN,37,Chennai
CLM0004185,CHE_03098,Guindy,2023-02-17,10,0,0,0,0,0,0,0,0,0,0.0,0.237034,0,0.0,0,384,1,0,0.8942,0.0026,GREEN,39,Chennai
CLM0004186,CHE_03239,Tambaram,2017-01-06,21,0,0,0,0,0,0,0,0,0,0.0,0.993179,0,0.0,0,420,2,2,0.865,0.0,GREEN,46,Chennai
CLM0004187,CHE_00588,Adyar,2021-09-04,15,0,0,0,0,0,0,0,1,0,0.0,0.206934,0,0.0,1,136,0,2,0.8381,0.1638,GREEN,39,Chennai
CLM0004188,CHE_04569,Guindy,2020-06-01,7,0,0,0,0,0,0,0,0,0,0.0,0.878666,0,0.0,0,413,4,4,0.5718,0.0,GREEN,39,Chennai
CLM0004189,CHE_05091,Tambaram,2020-09-20,20,0,0,0,0,0,0,0,0,0,0.0,0.248163,0,0.0,0,155,4,0,0.598,0.006,GREEN,36,Chennai
CLM0004190,CHE_00786,Porur,2024-03-07,14,0,0,0,0,0,0,0,0,0,0.0,1.0,0,0.0,0,211,0,2,0.8526,0.0205,GREEN,29,Chennai
CLM0004191,CHE_03597,Guindy,2024-02-25,11,0,0,0,0,0,0,0,0,0,0.0,0.088881,0,0.0,0,313,1,4,0.1432,0.0695,GREEN,29,Chennai
CLM0004192,CHE_06695,Anna Nagar,2021-10-02,13,0,0,0,0,0,1,1,0,0,0.0,0.118765,0,0.0,0,155,1,0,0.7975,0.1777,GREEN,39,Chennai
CLM0004193,CHE_02206,T Nagar,2021-06-27,8,0,1,1,0,0,0,0,0,0,0.0,0.043448,0,0.0,0,59,4,0,0.8406,0.0,GREEN,33,Chennai
CLM0004194,CHE_00714,T Nagar,2025-06-25,17,0,0,0,0,0,0,0,0,0,0.0,0.099858,0,0.0,0,191,3,2,0.4415,0.1673,GREEN,39,Chennai
CLM0004195,CHE_00224,Chromepet,2021-01-24,12,0,0,0,0,0,0,0,0,0,0.0,0.39852,0,0.0,0,23,1,2,0.9415,0.0174,GREEN,32,Chennai
CLM0004196,CHE_09217,T Nagar,2024-10-11,11,0,0,0,0,0,0,0,0,0,0.0,0.167814,0,0.0,0,230,3,0,0.9172,0.0299,GREEN,37,Chennai
CLM0004197,CHE_06953,Tambaram,2018-08-14,19,0,0,0,0,0,0,0,0,0,0.0,0.323416,0,0.0,0,409,2,1,0.9575,0.0,GREEN,39,Chennai
CLM0004198,CHE_05830,Perambur,2023-04-02,14,0,0,0,0,0,0,0,0,0,0.0,0.31652,1,0.0,0,76,2,5,0.5081,0.0697,GREEN,29,Chennai
CLM0004199,CHE_02440,Adyar,2025-09-25,16,0,0,0,0,0,1,1,0,0,0.0,0.0,0,0.0,0,249,4,0,0.4459,0.1121,GREEN,42,Chennai
CLM0004200,CHE_00874,Anna Nagar,2025-07-14,19,0,0,0,0,0,0,1,0,0,0.0,0.338587,0,1.0,0,127,4,2,0.7647,0.1178,GREEN,38,Chennai
CLM0004201,CHE_05344,Perambur,2024-05-02,17,0,0,0,0,0,0,0,0,1,0.0,0.166363,0,0.0,0,420,3,3,0.5591,0.3334,YELLOW,41,Chennai
CLM0004202,CHE_05324,Guindy,2023-09-09,15,0,0,0,0,0,0,0,0,0,1.0,0.293636,0,0.0,0,149,0,0,0.98,0.0997,GREEN,28,Chennai
CLM0004203,CHE_08453,T Nagar,2020-08-02,7,0,0,0,0,0,0,0,1,0,0.0,0.397994,0,0.0,0,420,3,0,0.7081,0.0134,GREEN,42,Chennai
CLM0004204,CHE_08697,T Nagar,2024-11-09,12,0,0,0,0,0,0,0,0,1,1.0,0.194229,0,0.0,1,206,2,3,0.5775,0.2714,GREEN,26,Chennai
CLM0004205,CHE_05743,Tambaram,2022-01-11,12,0,0,0,0,0,0,0,0,0,0.0,0.287008,0,1.0,0,112,1,0,0.628,0.0416,GREEN,60,Chennai
CLM0004206,CHE_07777,Tambaram,2024-05-12,11,0,0,0,0,1,0,0,0,0,0.0,0.107026,0,0.0,0,49,1,0,0.8502,0.0915,GREEN,31,Chennai
CLM0004207,CHE_03728,Porur,2022-01-05,12,0,0,0,0,0,0,0,0,0,1.0,0.067373,0,0.0,0,229,4,0,0.4451,0.0644,GREEN,42,Chennai
CLM0004208,CHE_09238,Perambur,2021-08-23,12,0,0,0,0,0,0,0,1,0,0.0,0.207357,0,0.0,0,28,4,3,0.5117,0.09,GREEN,24,Chennai
CLM0004209,CHE_03837,Anna Nagar,2017-06-19,15,0,0,0,0,0,0,1,0,0,0.0,0.999986,0,0.0,0,141,3,0,0.7314,0.1728,GREEN,46,Chennai
CLM0004210,CHE_02089,Guindy,2022-01-09,19,0,0,0,1,0,0,0,1,0,0.0,1.0,0,0.0,0,128,1,5,0.2497,0.3546,YELLOW,29,Chennai
CLM0004211,CHE_08107,Perambur,2025-03-24,18,0,0,0,0,0,0,0,0,0,0.0,0.064478,0,0.0,0,324,0,3,0.1309,0.1765,GREEN,56,Chennai
CLM0004212,CHE_06529,Tambaram,2025-03-07,21,0,0,0,0,0,0,0,0,0,0.0,0.993312,0,0.0,0,237,1,4,0.7356,0.0,GREEN,27,Chennai
CLM0004213,CHE_01375,Tambaram,2025-02-01,12,0,0,0,0,0,1,0,0,0,0.0,0.922853,0,1.0,0,18,1,6,0.7485,0.0287,GREEN,25,Chennai
CLM0004214,CHE_00453,Perambur,2025-10-19,8,0,0,0,0,0,0,0,0,1,0.0,0.096023,0,0.0,0,19,2,2,0.8792,0.116,GREEN,18,Chennai
CLM0004215,CHE_03381,Tambaram,2024-11-26,12,0,0,0,0,0,0,0,0,0,0.0,0.016726,0,0.0,0,281,0,2,0.4859,0.1217,GREEN,45,Chennai
CLM0004216,CHE_01978,Guindy,2025-08-25,13,0,0,0,0,0,0,0,0,0,0.0,0.231352,0,0.0,0,321,1,3,0.9709,0.0,GREEN,36,Chennai
CLM0004217,CHE_02668,Velachery,2024-12-17,13,0,0,0,0,0,0,0,0,0,0.0,0.283152,0,0.0,0,169,0,3,0.842,0.0,GREEN,28,Chennai
CLM0004218,CHE_06463,Chromepet,2025-12-04,11,0,0,0,0,0,0,0,1,0,0.0,0.294673,0,0.0,0,48,2,0,0.8669,0.0926,GREEN,45,Chennai
CLM0004219,CHE_08729,Velachery,2025-08-20,16,0,0,0,0,0,0,0,0,0,0.0,0.094454,0,0.0,0,140,4,1,0.75,0.0,GREEN,39,Chennai
CLM0004220,CHE_01828,Velachery,2024-11-19,18,0,0,0,0,0,0,0,0,0,0.0,0.350974,0,0.0,0,70,0,0,0.054,0.0219,GREEN,51,Chennai
CLM0004221,CHE_02923,Anna Nagar,2025-06-20,21,0,0,0,0,0,0,0,0,0,0.0,1.0,0,0.0,0,281,3,3,0.9728,0.1513,GREEN,50,Chennai
CLM0004222,CHE_01864,Guindy,2024-11-17,12,0,0,0,0,0,0,0,0,0,0.0,0.410235,0,0.0,0,56,4,5,0.9791,0.0,GREEN,34,Chennai
CLM0004223,CHE_00338,Guindy,2025-09-20,13,0,0,0,0,0,0,0,0,0,0.0,0.0,0,0.0,0,299,2,3,0.5208,0.0,GREEN,44,Chennai
CLM0004224,CHE_07198,Velachery,2024-12-02,16,0,0,0,0,0,0,0,0,0,0.0,0.20588,0,0.0,0,354,2,2,0.4268,0.0,GREEN,52,Chennai
CLM0004225,CHE_04802,Porur,2023-10-06,19,0,0,0,1,1,0,1,1,1,1.0,0.157374,0,1.0,1,50,3,18,0.05,0.1107,GREEN,32,Chennai
CLM0004226,CHE_08327,Guindy,2024-12-19,11,0,0,0,0,0,0,0,0,0,1.0,0.994302,0,0.0,0,249,1,0,0.6486,0.0626,GREEN,47,Chennai
CLM0004227,CHE_04884,Anna Nagar,2019-03-01,10,0,0,0,0,0,1,0,0,0,0.0,0.062773,0,0.0,0,160,2,4,0.7694,0.0891,GREEN,33,Chennai
CLM0004228,CHE_06135,Sholinganallur,2023-01-19,18,0,0,0,0,0,0,0,0,0,0.0,0.096833,0,0.0,0,291,1,2,0.8611,0.0395,GREEN,56,Chennai
CLM0004229,CHE_09197,Velachery,2019-12-15,11,0,0,0,0,0,0,0,0,0,0.0,0.20953,0,0.0,0,169,3,3,0.6456,0.1468,GREEN,43,Chennai
CLM0004230,CHE_02269,Anna Nagar,2019-06-06,9,0,0,0,0,0,0,0,0,0,0.0,0.168891,0,0.0,0,78,3,1,0.9611,0.1657,GREEN,42,Chennai
CLM0004231,CHE_01520,Perambur,2018-03-11,19,0,0,0,0,0,0,0,0,0,0.0,1.0,0,0.0,0,136,2,0,0.9248,0.0593,GREEN,28,Chennai
CLM0004232,CHE_02959,Porur,2024-11-09,15,0,0,0,0,0,0,0,0,0,0.0,0.172671,1,0.0,0,405,4,0,0.7232,0.129,GREEN,36,Chennai
CLM0004233,CHE_08558,Chromepet,2020-05-18,16,0,0,0,0,0,1,0,1,0,0.0,0.346791,0,0.0,0,260,3,4,0.1162,0.3835,YELLOW,18,Chennai
CLM0004234,CHE_06500,Perambur,2024-08-15,11,0,0,0,0,0,0,0,0,0,0.0,0.267005,0,0.0,0,5,3,1,0.05,0.0075,GREEN,28,Chennai
CLM0004235,CHE_03163,Anna Nagar,2018-05-21,20,0,1,1,0,0,0,0,0,1,0.0,0.228738,0,0.0,0,266,3,3,0.8598,0.0594,GREEN,33,Chennai
CLM0004236,CHE_02676,Porur,2018-08-25,20,0,0,0,0,0,0,0,0,0,1.0,0.421869,0,0.0,0,254,0,0,0.5759,0.0887,GREEN,28,Chennai
CLM0004237,CHE_01064,T Nagar,2025-07-22,11,0,0,0,0,0,0,0,0,0,1.0,0.961132,0,1.0,0,156,0,1,0.9241,0.0,GREEN,37,Chennai
CLM0004238,CHE_03120,Tambaram,2023-01-19,17,0,0,0,0,0,0,0,0,0,0.0,0.055725,0,0.0,0,260,0,3,0.8946,0.0519,GREEN,39,Chennai
CLM0004239,CHE_07642,T Nagar,2022-01-30,13,0,0,0,1,0,1,1,0,1,0.0,0.0,0,0.0,1,5,4,18,0.9789,0.1083,GREEN,34,Chennai
CLM0004240,CHE_05316,Porur,2021-04-15,21,0,0,0,0,0,1,0,0,0,0.0,0.379992,0,0.0,0,411,1,3,0.05,0.1618,GREEN,36,Chennai
CLM0004241,CHE_08035,Tambaram,2024-12-17,16,0,0,0,0,0,1,0,0,0,0.0,0.012653,0,0.0,0,305,0,3,0.8467,0.1534,GREEN,42,Chennai
CLM0004242,CHE_03686,Anna Nagar,2023-06-06,20,0,1,1,0,0,0,1,0,0,0.0,0.247048,0,0.0,0,25,4,0,0.05,0.1019,GREEN,30,Chennai
CLM0004243,CHE_03764,Sholinganallur,2023-12-09,14,0,0,0,0,1,0,0,1,0,0.0,0.023155,0,0.0,0,346,4,6,0.0588,0.229,GREEN,40,Chennai
CLM0004244,CHE_05954,Sholinganallur,2024-07-14,13,0,0,0,0,0,0,0,0,0,0.0,0.318697,0,0.0,0,13,4,3,0.8756,0.0,GREEN,37,Chennai
CLM0004245,CHE_02145,Guindy,2024-08-31,16,0,0,0,0,0,1,0,0,0,0.0,0.101332,0,0.0,0,173,0,1,0.1312,0.1509,GREEN,34,Chennai
CLM0004246,CHE_02704,Tambaram,2022-03-07,8,0,0,0,0,0,0,0,0,0,1.0,0.917722,1,1.0,0,406,4,7,0.8572,0.2343,GREEN,30,Chennai
CLM0004247,CHE_08568,Anna Nagar,2020-05-20,18,0,0,0,0,0,0,0,0,0,0.0,0.273514,0,0.0,0,255,0,4,0.6777,0.0,GREEN,32,Chennai
CLM0004248,CHE_02684,Tambaram,2025-05-04,19,0,0,0,0,0,1,0,0,0,0.0,0.059165,0,0.0,0,379,2,0,0.5114,0.0804,GREEN,41,Chennai
CLM0004249,CHE_09037,Sholinganallur,2024-10-15,21,0,0,0,0,0,0,1,0,0,0.0,0.229308,0,0.0,0,9,3,0,0.5063,0.0113,GREEN,18,Chennai
CLM0004250,CHE_07456,Chromepet,2017-09-03,8,0,0,0,0,0,0,0,0,0,0.0,0.416053,0,0.0,0,146,4,2,0.6863,0.0009,GREEN,41,Chennai
CLM0004251,CHE_08015,T Nagar,2025-07-30,15,0,0,0,0,0,0,0,0,0,1.0,0.112748,0,0.0,0,106,3,2,0.5756,0.0715,GREEN,18,Chennai
CLM0004252,CHE_07795,Adyar,2020-11-25,15,0,0,0,0,0,0,0,1,0,1.0,0.0,0,0.0,0,234,2,0,0.9398,0.0664,GREEN,34,Chennai
CLM0004253,CHE_01684,T Nagar,2022-05-06,10,0,0,0,0,0,1,0,0,0,0.0,0.401389,0,0.0,0,346,4,0,0.6071,0.0854,GREEN,38,Chennai
CLM0004254,CHE_09181,Tambaram,2023-07-12,19,0,0,0,0,0,1,0,0,0,0.0,0.212059,0,0.0,0,237,4,2,0.6051,0.0156,GREEN,34,Chennai
CLM0004255,CHE_09583,Tambaram,2025-02-27,18,0,0,0,0,0,0,0,0,0,0.0,1.0,0,0.0,0,263,0,2,0.9278,0.0,GREEN,47,Chennai
CLM0004256,CHE_09504,Porur,2024-07-13,9,0,0,0,0,0,0,0,0,0,0.0,0.114842,0,0.0,0,420,4,0,0.7846,0.0,GREEN,52,Chennai
CLM0004257,CHE_06190,Perambur,2022-07-04,18,0,0,0,0,0,1,0,0,0,0.0,0.0,0,0.0,0,296,4,2,0.05,0.1607,GREEN,37,Chennai
CLM0004258,CHE_01913,Adyar,2022-04-28,8,0,0,0,1,1,0,1,1,1,1.0,0.086852,0,0.0,1,27,3,13,0.2151,0.0077,GREEN,59,Chennai
CLM0004259,CHE_05334,Tambaram,2022-11-18,9,0,0,0,0,0,0,1,0,0,0.0,0.176569,0,0.0,0,420,3,0,0.627,0.1378,GREEN,48,Chennai
CLM0004260,CHE_01350,Porur,2022-05-13,8,0,0,0,0,0,1,0,0,0,1.0,0.281404,0,0.0,0,117,0,3,0.882,0.0948,GREEN,47,Chennai
CLM0004261,CHE_07895,T Nagar,2025-03-22,17,0,0,0,0,0,0,0,0,0,0.0,0.278842,0,0.0,0,41,3,7,0.9087,0.0,GREEN,53,Chennai
CLM0004262,CHE_04964,Chromepet,2021-03-21,20,0,0,0,0,0,0,0,0,1,1.0,0.080211,0,0.0,1,44,3,0,0.3747,0.367,YELLOW,40,Chennai
CLM0004263,CHE_01200,Sholinganallur,2024-04-15,14,0,0,0,0,0,0,0,0,0,0.0,0.318334,0,0.0,0,268,1,5,0.0919,0.0193,GREEN,38,Chennai
CLM0004264,CHE_08384,T Nagar,2025-06-13,7,0,0,0,0,0,0,0,0,1,0.0,0.140882,0,0.0,0,231,1,1,0.98,0.1083,GREEN,47,Chennai
CLM0004265,CHE_00650,Tambaram,2024-12-05,20,0,0,0,0,0,0,0,0,0,0.0,0.200091,0,0.0,0,169,2,0,0.6485,0.0,GREEN,34,Chennai
CLM0004266,CHE_05312,Velachery,2023-06-09,19,0,0,0,0,0,0,0,0,0,0.0,0.258498,0,0.0,0,248,2,4,0.8269,0.0959,GREEN,33,Chennai
CLM0004267,CHE_01298,Sholinganallur,2020-01-21,19,0,0,0,1,0,0,0,0,0,0.0,0.444409,1,0.0,0,301,1,2,0.3734,0.2213,GREEN,31,Chennai
CLM0004268,CHE_07412,Anna Nagar,2022-04-19,14,0,0,0,0,0,0,0,0,0,1.0,0.355153,0,0.0,0,289,0,5,0.5359,0.0,GREEN,48,Chennai
CLM0004269,CHE_05564,Anna Nagar,2020-08-05,21,0,0,0,0,0,0,0,0,0,0.0,1.0,0,0.0,0,55,1,0,0.5903,0.1264,GREEN,50,Chennai
CLM0004270,CHE_08313,Perambur,2022-11-30,8,0,1,1,0,0,0,0,0,0,0.0,0.191889,0,0.0,0,193,2,0,0.7731,0.0,GREEN,33,Chennai
CLM0004271,CHE_01150,Tambaram,2024-02-06,20,0,0,0,0,0,0,0,0,0,0.0,0.252093,0,0.0,0,198,4,2,0.6172,0.0458,GREEN,54,Chennai
CLM0004272,CHE_00671,Velachery,2022-08-14,20,0,0,0,0,1,0,0,0,0,0.0,0.163083,1,0.0,0,301,4,0,0.8153,0.2466,GREEN,37,Chennai
CLM0004273,CHE_07593,Porur,2023-04-18,19,0,0,0,0,0,0,0,1,1,1.0,0.093369,0,0.0,0,145,2,0,0.98,0.3144,YELLOW,38,Chennai
CLM0004274,CHE_05795,Perambur,2021-03-11,16,0,0,0,0,0,0,0,0,0,0.0,0.35704,0,0.0,0,350,0,3,0.617,0.0,GREEN,21,Chennai
CLM0004275,CHE_02431,Anna Nagar,2022-04-27,8,0,0,0,0,0,0,0,0,0,0.0,0.343406,0,0.0,0,398,2,0,0.7376,0.0501,GREEN,48,Chennai
CLM0004276,CHE_06751,T Nagar,2019-01-30,7,0,0,0,0,0,0,0,0,0,1.0,0.171162,0,0.0,0,307,0,1,0.0862,0.0886,GREEN,27,Chennai
CLM0004277,CHE_03607,Guindy,2023-02-04,13,0,0,0,0,0,0,0,0,0,0.0,0.296431,0,0.0,0,420,2,3,0.5535,0.0339,GREEN,31,Chennai
CLM0004278,CHE_07659,Sholinganallur,2023-08-20,13,0,0,0,0,0,0,0,0,0,0.0,0.04549,0,0.0,0,215,2,3,0.6803,0.0362,GREEN,27,Chennai
CLM0004279,CHE_06841,Chromepet,2022-11-15,19,0,0,0,0,1,0,0,0,0,0.0,0.15831,0,0.0,0,402,2,0,0.6254,0.1527,GREEN,48,Chennai
CLM0004280,CHE_08271,Guindy,2024-04-28,7,0,0,0,0,0,0,0,0,0,0.0,0.227795,0,0.0,0,108,4,3,0.7742,0.0747,GREEN,44,Chennai
CLM0004281,CHE_08408,Sholinganallur,2021-06-09,15,0,0,0,1,0,0,0,1,1,1.0,1.0,0,0.0,0,5,0,18,0.05,0.2778,GREEN,30,Chennai
CLM0004282,CHE_07787,T Nagar,2021-12-14,17,1,1,1,0,0,1,0,0,0,0.0,0.186917,0,0.0,0,234,0,2,0.9304,0.1138,GREEN,18,Chennai
CLM0004283,CHE_09840,Perambur,2024-07-27,21,0,0,0,0,0,0,0,0,0,0.0,0.109175,0,0.0,1,70,3,1,0.1471,0.0652,GREEN,55,Chennai
CLM0004284,CHE_01718,Guindy,2023-09-12,16,0,0,0,0,0,0,0,1,0,0.0,0.167733,0,0.0,1,420,2,1,0.1521,0.1455,GREEN,35,Chennai
CLM0004285,CHE_08505,Anna Nagar,2023-04-03,16,0,0,0,0,0,0,0,0,0,1.0,0.15744,0,0.0,0,266,2,0,0.124,0.0692,GREEN,39,Chennai
CLM0004286,CHE_05196,Perambur,2025-01-02,14,0,0,0,0,0,0,0,0,0,0.0,0.235366,0,0.0,0,420,3,2,0.8641,0.1062,GREEN,38,Chennai
CLM0004287,CHE_04184,Tambaram,2025-09-17,11,0,0,0,0,0,0,0,0,0,0.0,0.239619,0,1.0,0,311,4,2,0.0528,0.0,GREEN,35,Chennai
CLM0004288,CHE_00699,Adyar,2025-10-09,10,0,0,0,0,1,0,0,0,0,0.0,0.372807,0,0.0,1,349,0,1,0.4955,0.2628,GREEN,59,Chennai
CLM0004289,CHE_07245,T Nagar,2020-11-16,16,0,0,0,0,0,0,1,0,0,0.0,0.281284,0,0.0,0,360,3,0,0.6699,0.0309,GREEN,48,Chennai
CLM0004290,CHE_09435,Perambur,2025-01-24,17,0,0,0,0,0,0,0,0,0,0.0,0.0,0,0.0,0,305,0,6,0.572,0.004,GREEN,56,Chennai
CLM0004291,CHE_06188,Velachery,2024-11-24,8,0,0,0,0,0,0,0,0,0,0.0,0.156862,0,0.0,0,236,2,2,0.6498,0.0,GREEN,23,Chennai
CLM0004292,CHE_03912,Velachery,2025-04-03,13,0,0,0,0,0,0,0,0,0,1.0,0.234752,0,1.0,0,281,4,2,0.0977,0.0516,GREEN,31,Chennai
CLM0004293,CHE_01295,Velachery,2025-10-07,13,0,0,0,0,1,0,0,1,0,0.0,0.117152,0,0.0,1,26,2,18,0.7938,0.0737,GREEN,63,Chennai
CLM0004294,CHE_00510,Chromepet,2024-03-09,15,0,0,0,0,0,0,0,0,0,0.0,0.242606,0,0.0,1,314,1,1,0.5693,0.0568,GREEN,47,Chennai
CLM0004295,CHE_01150,Tambaram,2025-03-25,8,0,0,0,0,0,0,0,0,1,1.0,0.305868,0,0.0,1,361,1,2,0.1306,0.262,GREEN,54,Chennai
CLM0004296,CHE_09254,Tambaram,2024-12-16,10,0,0,0,0,0,0,0,0,0,0.0,0.354909,0,1.0,0,68,4,4,0.6067,0.0,GREEN,18,Chennai
CLM0004297,CHE_03885,Anna Nagar,2024-07-12,10,0,0,0,0,0,1,0,0,0,0.0,0.110781,0,0.0,0,272,2,2,0.9199,0.0776,GREEN,22,Chennai
CLM0004298,CHE_00547,Perambur,2025-06-02,7,0,0,0,0,0,0,0,0,0,0.0,0.368645,0,0.0,0,197,0,3,0.7691,0.0,GREEN,40,Chennai
CLM0004299,CHE_02847,Tambaram,2024-09-14,19,0,0,0,0,0,0,0,0,0,1.0,1.0,0,1.0,0,96,4,1,0.727,0.0,GREEN,43,Chennai
CLM0004300,CHE_02721,Sholinganallur,2021-07-18,15,0,0,0,0,0,0,0,0,0,0.0,0.409572,0,0.0,0,393,0,2,0.5661,0.0,GREEN,29,Chennai
CLM0004301,CHE_08666,Adyar,2020-04-13,15,0,0,0,0,0,0,0,0,0,1.0,0.0,0,0.0,0,240,3,0,0.7205,0.041,GREEN,50,Chennai
CLM0004302,CHE_06579,Anna Nagar,2021-10-20,16,0,0,0,0,0,0,1,0,1,0.0,0.131742,0,0.0,0,18,3,0,0.98,0.1333,GREEN,49,Chennai
CLM0004303,CHE_09127,Tambaram,2024-06-03,16,0,0,0,0,0,0,0,1,0,0.0,1.0,1,0.0,0,60,3,3,0.8438,0.0807,GREEN,33,Chennai
CLM0004304,CHE_00689,Perambur,2022-07-18,11,0,0,0,0,0,0,0,0,0,0.0,0.240718,0,0.0,0,231,3,0,0.6749,0.0969,GREEN,35,Chennai
CLM0004305,CHE_09003,Sholinganallur,2021-01-29,19,0,0,0,0,0,0,0,0,0,0.0,0.017581,0,1.0,0,93,3,2,0.6856,0.0,GREEN,51,Chennai
CLM0004306,CHE_09785,Perambur,2020-11-06,19,0,0,0,0,0,0,0,0,0,0.0,0.439932,0,0.0,0,168,1,2,0.8278,0.0338,GREEN,35,Chennai
CLM0004307,CHE_04734,Chromepet,2019-12-27,14,0,0,0,0,0,0,0,0,0,0.0,0.10847,0,0.0,0,233,1,3,0.4628,0.0392,GREEN,41,Chennai
CLM0004308,CHE_02832,T Nagar,2020-08-17,11,0,0,0,0,0,0,0,1,0,0.0,1.0,0,0.0,0,420,1,2,0.8722,0.0993,GREEN,48,Chennai
CLM0004309,CHE_00386,Anna Nagar,2025-10-14,17,0,0,0,1,0,0,0,0,0,0.0,0.413504,0,0.0,0,268,2,0,0.9191,0.1853,GREEN,29,Chennai
CLM0004310,CHE_08896,Perambur,2025-10-07,8,0,0,0,1,0,0,0,1,0,0.0,0.199939,0,0.0,0,352,0,0,0.5996,0.2116,GREEN,28,Chennai
CLM0004311,CHE_01811,Chromepet,2025-09-18,15,0,0,0,0,0,0,0,0,0,0.0,0.456744,0,0.0,0,113,0,5,0.2784,0.0241,GREEN,44,Chennai
CLM0004312,CHE_05093,Adyar,2023-08-14,20,0,0,0,0,0,0,0,0,0,1.0,1.0,0,1.0,0,234,4,2,0.6268,0.0,GREEN,52,Chennai
CLM0004313,CHE_06467,Guindy,2024-05-22,7,0,0,0,0,0,0,0,0,0,0.0,0.146068,0,0.0,0,342,2,1,0.6728,0.0818,GREEN,45,Chennai
CLM0004314,CHE_03304,Chromepet,2024-09-23,19,0,1,1,0,0,0,0,0,0,0.0,0.166097,0,0.0,0,181,0,5,0.7583,0.0988,GREEN,43,Chennai
CLM0004315,CHE_04859,Chromepet,2024-05-06,15,0,0,0,0,0,0,0,0,0,0.0,0.244474,0,0.0,0,402,4,3,0.6239,0.0508,GREEN,47,Chennai
CLM0004316,CHE_09357,T Nagar,2023-06-29,9,0,0,0,0,1,0,0,0,0,0.0,0.139577,0,0.0,0,370,0,3,0.9212,0.0675,GREEN,35,Chennai
CLM0004317,CHE_05032,Tambaram,2023-05-17,9,0,0,0,0,0,0,0,0,0,0.0,0.294834,0,0.0,0,83,3,6,0.05,0.0,GREEN,24,Chennai
CLM0004318,CHE_01551,Chromepet,2024-05-31,13,0,0,0,0,0,0,0,0,0,0.0,0.335404,0,0.0,1,198,4,1,0.5755,0.0075,GREEN,39,Chennai
CLM0004319,CHE_05812,Sholinganallur,2025-01-25,13,0,0,0,0,0,0,1,0,0,0.0,0.016888,0,1.0,0,259,4,0,0.8184,0.0218,GREEN,30,Chennai
CLM0004320,CHE_03095,Velachery,2023-04-11,13,0,0,0,0,0,0,0,0,0,1.0,1.0,0,0.0,0,411,3,4,0.474,0.1227,GREEN,54,Chennai
CLM0004321,CHE_06719,Anna Nagar,2020-05-31,19,0,0,0,0,0,0,0,0,0,0.0,0.21044,1,0.0,0,9,4,1,0.972,0.0745,GREEN,42,Chennai
CLM0004322,CHE_09342,Anna Nagar,2025-06-11,7,0,0,0,0,0,0,1,0,1,0.0,0.176708,0,0.0,0,55,1,5,0.6406,0.1728,GREEN,37,Chennai
CLM0004323,CHE_01096,Adyar,2023-04-12,10,0,0,0,0,0,0,0,0,0,0.0,0.080406,0,0.0,0,31,2,3,0.6306,0.0207,GREEN,30,Chennai
CLM0004324,CHE_01512,Chromepet,2021-10-15,8,0,0,0,0,0,0,0,0,0,0.0,1.0,0,0.0,0,288,3,3,0.8153,0.0182,GREEN,45,Chennai
CLM0004325,CHE_04249,Velachery,2020-02-25,10,0,0,0,0,0,0,0,0,0,1.0,0.194597,0,0.0,0,118,1,0,0.6746,0.1284,GREEN,49,Chennai
CLM0004326,CHE_07515,Chromepet,2020-01-16,21,0,0,0,0,0,0,0,0,0,0.0,0.242941,0,0.0,0,189,2,3,0.98,0.0162,GREEN,39,Chennai
CLM0004327,CHE_06085,Sholinganallur,2017-11-28,21,0,0,0,0,0,0,0,0,0,0.0,0.940029,0,0.0,0,388,3,3,0.533,0.0,GREEN,33,Chennai
CLM0004328,CHE_01038,Adyar,2020-03-17,20,0,0,0,0,1,1,0,0,0,1.0,0.329488,0,0.0,0,331,4,3,0.1323,0.224,GREEN,42,Chennai
CLM0004329,CHE_01395,Chromepet,2022-10-19,16,0,0,0,0,0,0,0,0,0,0.0,0.13344,0,0.0,0,152,4,0,0.7131,0.0,GREEN,53,Chennai
CLM0004330,CHE_04976,Tambaram,2022-10-23,18,0,0,0,0,0,0,0,0,0,0.0,0.273877,0,0.0,0,420,0,1,0.9119,0.0802,GREEN,31,Chennai
CLM0004331,CHE_01479,Chromepet,2025-05-04,17,0,0,0,0,0,0,0,0,0,0.0,0.161237,0,0.0,0,5,3,1,0.7888,0.0,GREEN,49,Chennai
CLM0004332,CHE_09194,Perambur,2022-11-24,14,0,0,0,0,0,0,0,0,0,0.0,0.067391,0,0.0,0,134,0,6,0.7134,0.0067,GREEN,33,Chennai
CLM0004333,CHE_04882,Velachery,2021-05-05,7,0,0,0,0,0,0,0,0,0,0.0,0.232183,0,0.0,0,420,4,5,0.9562,0.0,GREEN,46,Chennai
CLM0004334,CHE_00489,T Nagar,2023-01-30,16,0,0,0,0,0,0,0,1,0,0.0,0.182709,0,0.0,0,239,2,0,0.05,0.0409,GREEN,33,Chennai
CLM0004335,CHE_08992,Guindy,2023-07-28,16,0,0,0,1,0,1,0,0,0,0.0,0.331603,0,0.0,0,312,1,2,0.98,0.3381,YELLOW,45,Chennai
CLM0004336,CHE_00932,Sholinganallur,2021-03-07,7,0,0,0,0,0,0,0,0,0,0.0,0.263,0,0.0,0,332,4,2,0.5089,0.0687,GREEN,43,Chennai
CLM0004337,CHE_06622,Velachery,2024-03-29,7,0,0,0,0,0,0,0,0,0,0.0,0.173241,0,0.0,0,31,2,1,0.125,0.0693,GREEN,61,Chennai
CLM0004338,CHE_02029,Porur,2020-07-21,18,0,0,0,0,0,0,0,0,0,0.0,0.105054,0,0.0,0,420,0,1,0.6879,0.0141,GREEN,25,Chennai
CLM0004339,CHE_03983,Sholinganallur,2021-11-09,9,0,0,0,0,0,0,0,0,0,1.0,0.19471,0,0.0,0,298,2,3,0.596,0.1856,GREEN,57,Chennai
CLM0004340,CHE_01095,Guindy,2022-10-15,12,0,0,0,0,0,0,0,0,0,1.0,0.270212,0,0.0,0,145,3,0,0.9484,0.0836,GREEN,40,Chennai
CLM0004341,CHE_00341,Sholinganallur,2022-05-10,9,0,0,0,1,0,0,0,0,0,0.0,0.097042,0,0.0,0,148,1,1,0.98,0.1869,GREEN,56,Chennai
CLM0004342,CHE_06496,Tambaram,2024-01-16,12,0,0,0,1,0,0,0,0,0,0.0,0.084246,0,0.0,0,144,4,4,0.5953,0.1761,GREEN,33,Chennai
CLM0004343,CHE_06670,Guindy,2019-11-14,8,0,0,0,0,0,0,0,0,0,0.0,0.133305,0,0.0,0,229,2,2,0.7686,0.0354,GREEN,36,Chennai
CLM0004344,CHE_08514,Adyar,2020-08-19,21,0,0,0,0,0,0,0,0,0,0.0,0.0273,0,0.0,0,265,3,2,0.4268,0.0,GREEN,56,Chennai
CLM0004345,CHE_07308,Chromepet,2024-02-08,9,0,0,0,0,0,0,1,0,0,0.0,1.0,0,0.0,0,123,2,3,0.2282,0.0031,GREEN,48,Chennai
CLM0004346,CHE_01807,Adyar,2019-04-29,8,0,0,0,0,0,0,0,0,0,0.0,0.194823,0,0.0,0,90,4,0,0.8229,0.0,GREEN,39,Chennai
CLM0004347,CHE_00508,Chromepet,2024-10-02,9,0,0,0,0,0,0,0,0,0,1.0,0.396503,0,0.0,0,26,0,0,0.9545,0.0106,GREEN,22,Chennai
CLM0004348,CHE_00452,Velachery,2023-06-26,12,0,0,0,0,0,0,0,0,0,0.0,0.097111,0,0.0,0,240,1,4,0.7791,0.0397,GREEN,48,Chennai
CLM0004349,CHE_00035,Tambaram,2017-10-30,16,0,0,0,0,0,0,0,0,0,0.0,1.0,1,0.0,0,420,3,0,0.2407,0.0512,GREEN,20,Chennai
CLM0004350,CHE_07602,Adyar,2024-10-23,12,0,0,0,0,0,0,0,0,0,0.0,0.174838,0,0.0,0,36,0,8,0.2106,0.0665,GREEN,55,Chennai
CLM0004351,CHE_02538,Perambur,2022-05-27,17,0,0,0,0,0,0,0,0,1,0.0,0.0,0,0.0,0,221,3,3,0.7135,0.1527,GREEN,35,Chennai
CLM0004352,CHE_04483,Tambaram,2023-12-25,7,0,0,0,0,0,0,0,0,1,0.0,0.267093,0,0.0,0,86,1,2,0.0951,0.1939,GREEN,50,Chennai
CLM0004353,CHE_08329,Anna Nagar,2022-03-31,17,0,0,0,0,0,0,0,0,0,0.0,0.0,0,0.0,0,420,2,3,0.4572,0.0,GREEN,37,Chennai
CLM0004354,CHE_01715,Sholinganallur,2022-11-08,16,0,0,0,0,0,0,0,1,0,0.0,0.424728,0,0.0,0,420,3,4,0.5443,0.163,GREEN,48,Chennai
CLM0004355,CHE_09286,Perambur,2022-06-10,8,0,0,0,0,0,0,0,0,0,0.0,0.472869,0,0.0,0,135,3,4,0.7627,0.0,GREEN,18,Chennai
CLM0004356,CHE_07075,T Nagar,2022-10-18,9,0,0,0,0,0,0,0,0,0,0.0,0.262135,0,0.0,0,217,0,2,0.8242,0.0119,GREEN,44,Chennai
CLM0004357,CHE_07301,T Nagar,2019-08-23,7,0,1,1,0,0,1,0,0,0,0.0,0.370263,0,0.0,1,275,2,2,0.9001,0.0844,GREEN,18,Chennai
CLM0004358,CHE_02586,Porur,2024-08-14,16,0,0,0,0,0,0,0,0,0,0.0,0.316423,0,0.0,0,376,0,6,0.98,0.0,GREEN,64,Chennai
CLM0004359,CHE_00338,Guindy,2019-10-03,7,0,0,0,0,0,0,0,0,0,0.0,0.448932,0,0.0,0,126,1,3,0.6498,0.1437,GREEN,44,Chennai
CLM0004360,CHE_04889,Guindy,2020-11-16,12,0,0,0,0,0,0,0,0,0,0.0,0.054724,0,1.0,0,169,1,1,0.1472,0.0,GREEN,44,Chennai
CLM0004361,CHE_02581,Guindy,2025-10-17,9,0,0,0,0,0,0,0,0,0,0.0,0.462331,0,0.0,0,177,0,0,0.6899,0.0,GREEN,54,Chennai
CLM0004362,CHE_07052,Perambur,2024-02-01,13,0,0,0,0,0,1,1,0,0,0.0,0.0,0,0.0,0,203,2,2,0.5858,0.1036,GREEN,40,Chennai
CLM0004363,CHE_06224,Chromepet,2023-09-09,10,0,0,0,0,0,0,0,0,0,0.0,0.059889,0,0.0,0,229,1,1,0.6426,0.0,GREEN,47,Chennai
CLM0004364,CHE_05008,Tambaram,2024-09-17,21,0,0,0,0,1,0,0,0,0,0.0,0.327693,0,0.0,0,241,2,0,0.6307,0.1175,GREEN,40,Chennai
CLM0004365,CHE_00381,Adyar,2024-05-19,20,0,1,1,0,1,1,0,1,0,1.0,1.0,0,0.0,0,95,1,3,0.98,0.2965,GREEN,43,Chennai
CLM0004366,CHE_05071,Velachery,2023-01-08,9,0,0,0,0,0,0,0,0,1,0.0,0.095108,0,0.0,0,197,4,3,0.6275,0.1078,GREEN,45,Chennai
CLM0004367,CHE_03765,Perambur,2025-11-27,13,0,0,0,0,0,0,0,1,0,0.0,0.048708,0,0.0,0,181,4,1,0.9717,0.14,GREEN,49,Chennai
CLM0004368,CHE_03959,Adyar,2021-09-06,19,0,0,0,0,0,0,0,0,0,0.0,0.0,0,0.0,0,257,0,1,0.6778,0.0,GREEN,45,Chennai
CLM0004369,CHE_03527,Anna Nagar,2021-04-24,9,0,0,0,0,0,1,0,0,0,1.0,0.251198,0,0.0,0,420,1,0,0.6445,0.1321,GREEN,39,Chennai
CLM0004370,CHE_02976,Perambur,2024-02-24,7,0,0,0,0,0,1,0,0,0,0.0,0.324592,0,0.0,1,420,2,7,0.281,0.1194,GREEN,40,Chennai
CLM0004371,CHE_01881,Guindy,2022-06-05,11,0,0,0,0,0,0,0,0,0,0.0,0.188843,0,0.0,0,234,1,5,0.5185,0.0,GREEN,26,Chennai
CLM0004372,CHE_03409,Sholinganallur,2023-06-28,11,0,0,0,0,0,0,1,0,0,0.0,0.40925,0,0.0,0,420,0,4,0.6519,0.2522,GREEN,32,Chennai
CLM0004373,CHE_00081,Velachery,2024-07-23,20,0,0,0,0,0,0,0,0,1,1.0,0.0,0,0.0,0,159,2,3,0.8667,0.106,GREEN,47,Chennai
CLM0004374,CHE_00841,Chromepet,2025-01-04,14,0,0,0,0,0,0,0,0,0,0.0,0.265512,0,0.0,0,325,1,6,0.97,0.0458,GREEN,48,Chennai
CLM0004375,CHE_05414,Tambaram,2019-02-12,14,0,0,0,0,0,0,0,1,0,1.0,0.214412,0,0.0,0,420,1,4,0.9079,0.0859,GREEN,25,Chennai
CLM0004376,CHE_03290,Anna Nagar,2025-12-09,12,0,0,0,0,1,0,0,0,1,0.0,0.990834,0,0.0,0,318,2,0,0.7419,0.2656,GREEN,37,Chennai
CLM0004377,CHE_08627,T Nagar,2024-09-13,19,0,1,1,0,0,0,0,0,0,0.0,0.290565,0,0.0,0,10,4,3,0.8799,0.0324,GREEN,45,Chennai
CLM0004378,CHE_02632,Sholinganallur,2022-01-09,17,0,0,0,0,0,0,0,0,1,0.0,0.406317,0,0.0,0,420,2,3,0.885,0.1315,GREEN,41,Chennai
CLM0004379,CHE_02999,Perambur,2023-02-12,16,0,0,0,0,0,0,0,0,0,0.0,0.004311,0,0.0,0,420,1,3,0.2819,0.0,GREEN,44,Chennai
CLM0004380,CHE_07346,Chromepet,2019-03-17,11,0,0,0,1,0,0,0,0,0,1.0,0.255896,1,0.0,0,284,1,2,0.98,0.3628,YELLOW,56,Chennai
CLM0004381,CHE_04380,Velachery,2024-01-23,21,0,0,0,0,0,0,0,0,0,0.0,0.257073,0,0.0,0,26,0,0,0.818,0.0,GREEN,37,Chennai
CLM0004382,CHE_06944,Perambur,2021-10-16,15,0,0,0,0,0,0,0,0,0,0.0,0.365427,0,0.0,0,385,2,4,0.6168,0.1131,GREEN,44,Chennai
CLM0004383,CHE_05373,Guindy,2018-08-26,17,0,0,0,0,0,0,0,0,0,1.0,0.0,0,0.0,0,420,0,2,0.8805,0.1338,GREEN,45,Chennai
CLM0004384,CHE_03909,Anna Nagar,2021-02-16,14,0,0,0,0,0,0,0,0,0,1.0,1.0,0,1.0,0,420,0,3,0.1574,0.0717,GREEN,45,Chennai
CLM0004385,CHE_00012,Velachery,2021-02-04,20,0,0,0,0,0,0,1,0,0,0.0,0.229043,0,0.0,0,401,1,3,0.6661,0.0018,GREEN,46,Chennai
CLM0004386,CHE_07783,Tambaram,2021-06-27,12,0,0,0,0,0,0,0,0,0,0.0,0.141859,0,1.0,0,214,4,1,0.7054,0.0,GREEN,33,Chennai
CLM0004387,CHE_03264,Tambaram,2025-02-26,11,0,0,0,0,0,0,0,0,0,0.0,0.299358,0,1.0,0,420,2,6,0.98,0.0,GREEN,51,Chennai
CLM0004388,CHE_05874,Guindy,2017-10-30,18,0,0,0,0,1,0,0,0,1,0.0,0.386633,0,0.0,0,420,2,2,0.8229,0.184,GREEN,36,Chennai
CLM0004389,CHE_05980,Sholinganallur,2020-02-23,8,0,0,0,0,0,0,0,0,0,0.0,0.200613,0,0.0,0,100,4,3,0.8734,0.0,GREEN,22,Chennai
CLM0004390,CHE_04703,Porur,2024-03-11,16,0,0,0,0,0,0,0,0,0,0.0,1.0,0,0.0,0,366,1,4,0.2359,0.0739,GREEN,48,Chennai
CLM0004391,CHE_03613,Sholinganallur,2023-10-03,19,0,0,0,0,0,0,0,0,0,0.0,0.265956,0,0.0,0,155,4,0,0.8333,0.0,GREEN,36,Chennai
CLM0004392,CHE_00159,Porur,2025-05-11,15,0,0,0,0,0,1,0,0,0,1.0,0.970452,0,1.0,0,313,4,3,0.7392,0.0908,GREEN,47,Chennai
CLM0004393,CHE_02156,Perambur,2022-05-24,7,0,0,0,1,0,0,0,0,0,0.0,0.189178,0,0.0,0,336,1,0,0.9014,0.1821,GREEN,18,Chennai
CLM0004394,CHE_01750,T Nagar,2023-09-30,17,0,0,0,0,0,0,0,0,0,0.0,0.285688,0,0.0,0,407,4,6,0.9462,0.0,GREEN,38,Chennai
CLM0004395,CHE_04636,T Nagar,2022-08-13,15,0,0,0,0,0,0,0,0,0,0.0,0.084612,0,0.0,0,17,0,2,0.4931,0.0041,GREEN,46,Chennai
CLM0004396,CHE_06133,Velachery,2025-04-03,15,0,0,0,0,0,1,0,0,0,0.0,0.465259,0,0.0,1,420,4,5,0.1757,0.0669,GREEN,18,Chennai
CLM0004397,CHE_00732,Perambur,2025-06-29,10,0,0,0,0,0,0,0,0,0,0.0,0.423556,0,0.0,0,344,0,4,0.5533,0.0286,GREEN,30,Chennai
CLM0004398,CHE_05062,Sholinganallur,2023-01-23,20,0,0,0,0,0,0,0,0,0,0.0,0.286159,0,0.0,0,98,0,3,0.8717,0.078,GREEN,44,Chennai
CLM0004399,CHE_02034,Sholinganallur,2025-02-17,17,0,0,0,0,0,0,0,0,0,0.0,0.105637,0,0.0,0,288,2,1,0.7049,0.0,GREEN,25,Chennai
CLM0004400,CHE_04140,Porur,2024-07-06,21,0,0,0,0,0,0,0,0,0,1.0,1.0,0,1.0,0,162,4,4,0.8293,0.103,GREEN,42,Chennai
CLM0004401,CHE_04329,Adyar,2023-06-19,20,0,0,0,0,0,0,0,0,0,0.0,0.238538,0,0.0,0,259,1,5,0.1962,0.0,GREEN,37,Chennai
CLM0004402,CHE_06216,Sholinganallur,2021-09-16,9,0,1,1,0,1,0,1,0,1,1.0,0.93937,0,0.0,0,20,2,18,0.1562,0.2374,GREEN,18,Chennai
CLM0004403,CHE_02905,Sholinganallur,2024-12-02,21,0,1,1,1,1,1,0,1,1,0.0,0.207013,1,0.0,0,17,1,18,0.7914,0.8502,RED,61,Chennai
CLM0004404,CHE_03958,T Nagar,2023-03-02,11,0,1,1,0,1,1,1,1,1,1.0,1.0,0,0.0,0,16,2,18,0.4345,0.706,RED,44,Chennai
CLM0004405,CHE_06440,Guindy,2021-07-26,21,0,1,1,0,1,0,1,1,1,1.0,0.99437,0,0.0,1,20,1,18,0.2779,0.4985,YELLOW,38,Chennai
CLM0004406,CHE_05061,Porur,2023-05-21,10,0,1,1,0,0,0,0,0,0,1.0,0.036456,0,0.0,0,355,1,2,0.9073,0.6787,RED,36,Chennai
CLM0004407,CHE_00310,Anna Nagar,2023-12-31,10,0,1,1,1,1,1,0,1,1,1.0,0.203321,0,1.0,0,5,1,18,0.908,0.7776,RED,27,Chennai
CLM0004408,CHE_01787,Anna Nagar,2019-08-03,14,0,0,0,0,0,1,0,0,0,0.0,0.0,0,0.0,0,171,1,1,0.107,0.068,GREEN,39,Chennai
CLM0004409,CHE_00520,Porur,2015-05-25,13,0,0,0,0,0,1,1,0,0,0.0,0.937317,0,0.0,1,63,1,0,0.5343,0.1491,GREEN,36,Chennai
CLM0004410,CHE_09775,Anna Nagar,2016-05-01,15,0,0,0,0,0,0,0,0,0,0.0,0.0,0,0.0,0,87,4,0,0.7931,0.0,GREEN,49,Chennai
CLM0004411,CHE_04406,Tambaram,2024-05-12,11,0,0,0,0,0,0,0,0,0,0.0,0.215368,0,0.0,0,420,3,4,0.628,0.0,GREEN,25,Chennai
CLM0004412,CHE_05418,Anna Nagar,2020-04-18,15,0,0,0,0,0,0,0,0,0,0.0,0.250135,0,0.0,0,420,3,5,0.6958,0.0,GREEN,52,Chennai
CLM0004413,CHE_01629,Guindy,2015-09-21,17,0,0,0,0,0,0,0,0,0,0.0,0.124813,0,0.0,0,145,3,4,0.8962,0.0,GREEN,28,Chennai
CLM0004414,CHE_09160,Adyar,2021-12-28,19,0,0,0,0,0,0,0,0,0,0.0,0.126418,0,0.0,0,120,4,0,0.8404,0.0,GREEN,51,Chennai
CLM0004415,CHE_05673,Velachery,2024-10-29,9,0,1,1,1,0,1,0,0,0,0.0,0.072059,0,0.0,0,316,0,4,0.3458,0.2358,GREEN,43,Chennai
CLM0004416,CHE_04357,Velachery,2016-10-02,13,0,0,0,1,1,0,0,0,0,0.0,0.081357,0,0.0,0,339,3,0,0.5392,0.2348,GREEN,38,Chennai
CLM0004417,CHE_09823,Chromepet,2025-12-28,7,0,0,0,0,0,1,0,0,0,0.0,0.229781,0,0.0,0,153,4,1,0.0761,0.0,GREEN,36,Chennai
CLM0004418,CHE_09650,Perambur,2024-12-05,20,0,0,0,0,0,0,0,0,1,0.0,0.36384,1,0.0,0,103,1,0,0.1727,0.2419,GREEN,43,Chennai
CLM0004419,CHE_04280,Tambaram,2019-02-18,15,0,0,0,0,0,0,0,0,0,1.0,0.403147,0,0.0,0,308,2,5,0.98,0.0,GREEN,51,Chennai
CLM0004420,CHE_00481,Chromepet,2023-04-09,14,0,0,0,0,0,0,0,0,0,0.0,0.288098,0,0.0,0,187,2,3,0.7353,0.0,GREEN,43,Chennai
CLM0004421,CHE_02985,T Nagar,2016-10-15,16,0,0,0,1,1,0,1,1,0,1.0,0.679866,1,0.0,1,45,0,18,0.2462,0.0901,GREEN,24,Chennai
CLM0004422,CHE_07614,Sholinganallur,2019-11-19,21,0,0,0,0,0,0,0,0,0,0.0,0.089281,0,0.0,0,367,1,5,0.4097,0.0,GREEN,38,Chennai
CLM0004423,CHE_09979,Chromepet,2019-11-01,18,0,0,0,1,1,1,1,1,1,1.0,1.0,1,1.0,0,5,2,18,0.1404,0.0,GREEN,66,Chennai
CLM0004424,CHE_04328,Perambur,2020-10-10,12,0,0,0,0,0,0,0,0,0,1.0,0.221692,0,0.0,1,130,1,1,0.6531,0.1018,GREEN,30,Chennai
CLM0004425,CHE_01551,Chromepet,2025-04-19,9,0,0,0,0,0,0,0,0,0,0.0,0.184345,0,0.0,0,420,2,0,0.6216,0.0134,GREEN,39,Chennai
CLM0004426,CHE_08936,Sholinganallur,2024-05-19,13,0,0,0,0,1,0,0,0,0,0.0,1.0,0,0.0,0,182,1,3,0.05,0.157,GREEN,29,Chennai
CLM0004427,CHE_00475,Sholinganallur,2025-06-03,15,0,0,0,0,0,0,0,0,0,0.0,0.240288,0,0.0,0,420,1,2,0.7237,0.0,GREEN,23,Chennai
CLM0004428,CHE_00968,Guindy,2024-10-28,19,0,0,0,0,0,0,0,0,0,0.0,0.175256,0,0.0,0,302,2,5,0.722,0.0892,GREEN,40,Chennai
CLM0004429,CHE_07486,Tambaram,2025-03-24,14,0,0,0,0,0,0,0,0,0,0.0,0.404675,0,0.0,0,119,0,0,0.6457,0.0358,GREEN,36,Chennai
CLM0004430,CHE_09042,Adyar,2024-06-14,15,0,0,0,0,1,0,0,0,0,0.0,0.103917,0,0.0,0,288,4,1,0.9504,0.074,GREEN,47,Chennai
CLM0004431,CHE_00600,Sholinganallur,2024-08-27,10,0,0,0,0,0,0,1,0,0,0.0,0.402037,0,0.0,0,420,2,3,0.7916,0.055,GREEN,24,Chennai
CLM0004432,CHE_02244,Anna Nagar,2025-03-11,15,0,0,0,0,1,0,0,0,0,0.0,0.256403,0,0.0,0,420,3,5,0.9692,0.2376,GREEN,49,Chennai
CLM0004433,CHE_05962,Sholinganallur,2025-01-18,18,0,0,0,0,0,0,0,0,0,0.0,0.861875,0,0.0,0,420,3,0,0.8088,0.0617,GREEN,37,Chennai
CLM0004434,CHE_08161,Anna Nagar,2025-09-27,15,0,0,0,0,0,0,0,0,0,0.0,0.269207,0,0.0,0,359,2,4,0.6958,0.0,GREEN,44,Chennai
CLM0004435,CHE_06956,Velachery,2025-01-20,9,0,0,0,0,0,0,0,1,0,0.0,0.30372,0,0.0,0,420,2,4,0.2304,0.0661,GREEN,45,Chennai
CLM0004436,CHE_03997,Adyar,2024-12-31,12,0,0,0,0,0,0,0,0,1,0.0,1.0,1,1.0,1,5,3,18,0.2766,0.3765,YELLOW,39,Chennai
CLM0004437,CHE_01606,Tambaram,2025-10-19,15,0,0,0,1,0,1,1,1,1,0.0,1.0,1,1.0,1,14,1,18,0.1038,0.1017,GREEN,23,Chennai
CLM0004438,CHE_05089,Anna Nagar,2025-06-22,13,0,0,0,0,0,0,0,0,0,0.0,0.084063,0,0.0,0,412,1,1,0.5131,0.0226,GREEN,54,Chennai
CLM0004439,CHE_01881,Guindy,2025-04-10,10,0,1,1,0,0,0,1,0,0,0.0,0.283826,0,0.0,0,161,0,0,0.5234,0.0702,GREEN,26,Chennai
CLM0004440,CHE_03151,T Nagar,2025-09-04,10,0,1,1,0,0,1,1,0,0,0.0,0.076702,0,0.0,0,420,1,0,0.2374,0.1586,GREEN,31,Chennai
CLM0004441,CHE_01463,Adyar,2025-07-25,18,0,0,0,0,0,0,0,1,0,0.0,0.215162,0,0.0,1,420,3,4,0.5818,0.1016,GREEN,40,Chennai
CLM0004442,CHE_05884,Chromepet,2024-12-23,17,0,0,0,0,0,1,0,0,0,0.0,0.107924,0,0.0,0,343,0,2,0.7597,0.2278,GREEN,35,Chennai
CLM0004443,CHE_08334,Adyar,2025-01-16,18,0,0,0,0,0,0,1,0,1,0.0,0.066617,0,0.0,0,317,1,0,0.2068,0.1869,GREEN,54,Chennai
CLM0004444,CHE_02043,T Nagar,2025-04-27,9,0,0,0,0,0,0,0,0,0,0.0,0.33191,0,0.0,0,65,4,5,0.0896,0.0,GREEN,45,Chennai
CLM0004445,CHE_00567,Chromepet,2025-03-04,18,0,0,0,0,0,0,0,0,0,0.0,1.0,0,0.0,1,102,4,1,0.2498,0.0275,GREEN,32,Chennai
CLM0004446,CHE_09484,Chromepet,2025-03-11,19,0,0,0,0,0,0,0,0,0,0.0,0.033666,0,0.0,0,376,4,0,0.1206,0.0,GREEN,53,Chennai
CLM0004447,CHE_06076,Adyar,2025-10-02,8,0,0,0,0,1,0,0,0,0,0.0,0.2919,0,0.0,0,156,0,3,0.8648,0.1397,GREEN,25,Chennai
CLM0004448,CHE_06158,Sholinganallur,2023-10-10,20,0,0,0,0,0,0,0,0,0,0.0,0.011573,0,0.0,0,332,3,6,0.8652,0.0156,GREEN,25,Chennai
CLM0004449,CHE_08779,Anna Nagar,2019-01-17,10,0,0,0,1,1,0,1,1,1,1.0,0.122954,0,0.0,0,26,1,18,0.1288,0.1583,GREEN,36,Chennai
CLM0004450,CHE_04167,Perambur,2025-06-08,9,0,0,0,0,0,0,0,0,0,0.0,0.290742,0,0.0,0,247,0,3,0.8589,0.0,GREEN,49,Chennai
CLM0004451,CHE_09705,Adyar,2022-10-05,18,0,0,0,0,0,0,0,0,1,1.0,0.28643,0,0.0,0,372,1,0,0.8426,0.2167,GREEN,40,Chennai
CLM0004452,CHE_08040,T Nagar,2024-12-07,17,0,0,0,0,0,0,0,0,0,1.0,0.03806,1,0.0,0,219,0,0,0.1689,0.1456,GREEN,35,Chennai
CLM0004453,CHE_05184,Tambaram,2024-01-23,15,0,0,0,0,0,0,0,0,0,0.0,0.167344,0,0.0,0,130,3,1,0.7504,0.0,GREEN,35,Chennai
CLM0004454,CHE_05607,Perambur,2023-06-25,9,0,0,0,0,0,0,0,0,0,0.0,0.121878,0,0.0,0,344,2,2,0.1214,0.0,GREEN,31,Chennai
CLM0004455,CHE_01675,T Nagar,2024-07-19,8,0,0,0,0,0,1,0,0,0,0.0,0.317528,0,1.0,0,111,3,0,0.7826,0.0737,GREEN,42,Chennai
CLM0004456,CHE_07560,Velachery,2025-09-20,7,0,0,0,0,0,0,0,0,0,0.0,0.117669,0,0.0,0,420,2,2,0.98,0.2016,GREEN,28,Chennai
CLM0004457,CHE_09409,Chromepet,2024-12-15,13,0,0,0,0,0,0,0,0,0,0.0,0.36364,0,0.0,0,104,2,6,0.3272,0.0,GREEN,30,Chennai
CLM0004458,CHE_00351,Porur,2023-12-26,17,0,0,0,1,0,0,0,0,0,0.0,0.237884,0,0.0,0,238,2,0,0.218,0.1466,GREEN,46,Chennai
CLM0004459,CHE_06069,Anna Nagar,2023-06-19,11,0,0,0,0,0,0,0,0,1,0.0,0.109157,0,0.0,0,94,2,7,0.8536,0.0805,GREEN,43,Chennai
CLM0004460,CHE_07396,Adyar,2024-12-11,15,0,0,0,0,0,1,0,0,0,0.0,1.0,0,0.0,0,371,4,8,0.9159,0.0447,GREEN,37,Chennai
CLM0004461,CHE_00450,Chromepet,2025-11-03,11,0,0,0,0,0,0,0,0,0,0.0,0.346562,0,0.0,0,178,1,0,0.4918,0.0511,GREEN,27,Chennai
CLM0004462,CHE_02191,Guindy,2024-08-27,10,0,0,0,0,0,0,0,0,0,0.0,0.0,0,0.0,0,415,0,0,0.8387,0.0129,GREEN,35,Chennai
CLM0004463,CHE_05891,T Nagar,2023-05-16,7,0,0,0,1,1,1,1,1,0,1.0,0.978484,1,1.0,1,12,1,18,0.9328,0.1431,GREEN,41,Chennai
CLM0004464,CHE_00079,Porur,2025-02-13,17,0,1,1,0,0,0,1,0,0,0.0,0.339489,0,0.0,0,291,2,6,0.618,0.0249,GREEN,29,Chennai
CLM0004465,CHE_09616,Porur,2022-10-25,17,0,0,0,0,0,0,1,0,0,1.0,0.024306,0,0.0,0,197,4,2,0.8961,0.129,GREEN,30,Chennai
CLM0004466,CHE_08651,Tambaram,2022-03-04,12,0,0,0,0,0,0,0,0,0,0.0,0.277182,0,0.0,0,114,1,0,0.7926,0.0597,GREEN,38,Chennai
CLM0004467,CHE_00284,Perambur,2023-01-21,16,0,0,0,0,1,0,0,0,1,0.0,0.181098,0,0.0,0,313,3,0,0.98,0.0987,GREEN,36,Chennai
CLM0004468,CHE_07893,Guindy,2022-10-16,21,0,0,0,0,0,0,0,0,0,0.0,0.181038,0,0.0,0,332,2,0,0.4631,0.0336,GREEN,24,Chennai
CLM0004469,CHE_04124,Chromepet,2025-11-17,16,0,0,0,0,1,0,0,0,0,0.0,1.0,0,0.0,0,420,1,2,0.8092,0.1177,GREEN,39,Chennai
CLM0004470,CHE_04248,Anna Nagar,2021-01-05,8,0,0,0,1,0,0,0,1,0,0.0,0.398262,1,0.0,0,272,4,3,0.9003,0.2689,GREEN,47,Chennai
CLM0004471,CHE_06670,Guindy,2021-06-26,14,0,0,0,0,0,0,0,0,0,0.0,0.286421,0,0.0,0,188,2,4,0.7692,0.11,GREEN,36,Chennai
CLM0004472,CHE_08961,Perambur,2024-03-21,21,0,0,0,0,0,0,0,0,0,0.0,0.266087,0,0.0,0,289,3,1,0.27,0.0,GREEN,44,Chennai
CLM0004473,CHE_06516,Guindy,2024-09-17,8,0,0,0,0,0,0,0,0,0,0.0,0.028172,0,0.0,0,168,3,0,0.7487,0.0,GREEN,53,Chennai
CLM0004474,CHE_06080,Sholinganallur,2024-04-17,10,0,0,0,0,0,0,0,0,0,0.0,0.90302,0,0.0,0,75,1,0,0.3644,0.0538,GREEN,33,Chennai
CLM0004475,CHE_08091,Porur,2023-04-19,20,0,0,0,0,0,0,0,0,0,0.0,0.404124,0,0.0,0,360,4,5,0.4367,0.0258,GREEN,39,Chennai
CLM0004476,CHE_08541,Porur,2022-06-08,13,0,0,0,0,0,0,0,0,0,0.0,0.247072,0,0.0,0,410,3,2,0.931,0.0245,GREEN,31,Chennai
CLM0004477,CHE_06832,Chromepet,2023-11-27,19,0,0,0,0,0,0,0,0,0,0.0,0.274757,0,0.0,0,51,3,2,0.9689,0.0159,GREEN,50,Chennai
CLM0004478,CHE_00097,Chromepet,2019-06-16,10,0,0,0,0,0,0,1,0,0,1.0,0.0,0,0.0,0,155,1,1,0.96,0.1645,GREEN,53,Chennai
CLM0004479,CHE_03492,Sholinganallur,2016-12-07,19,0,0,0,0,0,0,0,0,0,0.0,0.935906,0,0.0,0,308,4,2,0.8689,0.0,GREEN,26,Chennai
CLM0004480,CHE_05735,Sholinganallur,2019-05-08,13,0,0,0,0,0,0,0,0,0,1.0,0.0,0,0.0,0,312,0,2,0.7282,0.0783,GREEN,31,Chennai
CLM0004481,CHE_06442,Chromepet,2019-09-09,8,0,0,0,0,0,0,0,0,0,0.0,1.0,0,0.0,1,420,4,5,0.7429,0.1954,GREEN,38,Chennai
CLM0004482,CHE_00469,Anna Nagar,2018-03-21,14,0,0,0,0,0,0,1,0,0,0.0,0.0,1,0.0,0,420,3,2,0.813,0.0554,GREEN,52,Chennai
CLM0004483,CHE_00966,Porur,2025-09-05,10,0,0,0,0,1,0,0,0,0,0.0,0.229776,0,0.0,1,347,1,4,0.5557,0.1424,GREEN,36,Chennai
CLM0004484,CHE_03264,Tambaram,2018-02-16,19,0,0,0,1,1,0,0,1,0,0.0,0.151626,0,0.0,0,5,4,18,0.8246,0.0355,GREEN,51,Chennai
CLM0004485,CHE_08835,Velachery,2018-01-18,10,0,0,0,0,0,0,0,0,0,0.0,0.274584,0,0.0,0,40,0,0,0.2347,0.0289,GREEN,43,Chennai
CLM0004486,CHE_06244,Guindy,2022-11-06,16,0,0,0,1,0,1,1,1,1,1.0,0.122928,1,1.0,0,5,3,18,0.0507,0.1232,GREEN,48,Chennai
CLM0004487,CHE_00892,T Nagar,2019-10-25,18,0,0,0,1,0,0,0,0,0,0.0,0.0,0,0.0,0,400,3,2,0.3534,0.1601,GREEN,35,Chennai
CLM0004488,CHE_07345,T Nagar,2024-12-19,12,0,0,0,0,0,0,0,0,0,0.0,0.129044,0,1.0,0,29,1,1,0.891,0.0742,GREEN,25,Chennai
CLM0004489,CHE_06208,T Nagar,2024-12-21,11,0,0,0,0,0,0,0,0,0,0.0,0.184355,0,0.0,0,42,0,2,0.376,0.0588,GREEN,55,Chennai
CLM0004490,CHE_02542,Velachery,2019-11-14,18,0,1,1,0,0,1,0,0,0,0.0,1.0,0,0.0,0,160,1,5,0.6671,0.6681,RED,54,Chennai
CLM0004491,CHE_01478,Guindy,2019-06-15,9,0,1,1,0,1,0,1,0,1,1.0,0.936644,1,0.0,1,10,0,18,0.2585,0.6203,RED,61,Chennai
CLM0004492,CHE_05980,Sholinganallur,2015-08-10,17,0,1,1,0,1,1,1,1,1,0.0,0.057458,0,0.0,1,5,2,18,0.8681,0.602,YELLOW,22,Chennai
CLM0004493,CHE_04693,Velachery,2019-05-09,14,0,1,1,1,0,0,0,0,0,0.0,0.0,0,0.0,0,291,1,3,0.6137,0.837,RED,42,Chennai
CLM0004494,CHE_01496,Perambur,2021-07-30,7,0,1,1,0,1,0,0,1,1,0.0,0.173298,0,0.0,1,20,1,18,0.9355,0.4691,YELLOW,21,Chennai
CLM0004495,CHE_03699,Chromepet,2024-02-11,15,0,1,1,1,1,0,1,1,0,1.0,0.977285,0,0.0,1,5,0,14,0.3798,0.7622,RED,40,Chennai
CLM0004496,CHE_01105,Guindy,2017-08-18,17,0,1,1,1,0,0,1,1,1,1.0,0.977201,0,1.0,0,5,2,18,0.2824,0.5725,YELLOW,44,Chennai
CLM0004497,CHE_02208,Tambaram,2019-12-21,15,0,1,1,0,1,0,1,1,1,0.0,1.0,0,0.0,1,5,1,18,0.3287,0.5855,YELLOW,69,Chennai
CLM0004498,CHE_08982,Porur,2025-03-08,7,0,0,0,0,0,0,0,0,0,0.0,0.852289,0,1.0,0,373,1,2,0.7067,0.199,GREEN,26,Chennai
CLM0004499,CHE_05890,Chromepet,2023-08-27,13,0,0,0,0,0,0,0,0,0,0.0,1.0,0,0.0,0,204,0,2,0.98,0.0222,GREEN,35,Chennai
CLM0004500,CHE_00703,Anna Nagar,2023-01-04,7,0,0,0,0,0,0,0,0,0,1.0,0.390804,0,0.0,0,17,1,1,0.6411,0.0,GREEN,39,Chennai
CLM0004501,CHE_02536,Velachery,2022-12-29,17,0,0,0,0,0,0,0,0,0,1.0,0.153495,0,0.0,0,179,4,0,0.2422,0.0139,GREEN,39,Chennai
CLM0004502,CHE_04008,Sholinganallur,2024-01-11,20,0,0,0,0,0,0,0,0,0,1.0,0.433936,0,0.0,0,371,0,4,0.5811,0.044,GREEN,52,Chennai
CLM0004503,CHE_00756,Perambur,2022-12-27,21,0,0,0,0,0,0,0,0,1,0.0,0.132716,0,0.0,0,96,2,0,0.6809,0.2311,GREEN,59,Chennai
CLM0004504,CHE_00083,Anna Nagar,2022-05-26,20,0,0,0,0,0,0,0,0,0,0.0,0.109627,0,0.0,0,314,0,5,0.7382,0.0,GREEN,40,Chennai
CLM0004505,CHE_07942,Velachery,2025-10-14,19,0,0,0,0,0,0,0,0,0,0.0,0.098159,0,0.0,0,276,3,1,0.6013,0.0,GREEN,34,Chennai
CLM0004506,CHE_09522,Porur,2020-02-02,11,0,0,0,0,0,0,0,0,0,0.0,0.3662,0,0.0,0,240,4,4,0.2371,0.0401,GREEN,32,Chennai
CLM0004507,CHE_06651,Chromepet,2023-01-26,20,0,0,0,0,0,0,0,0,0,0.0,0.161588,0,1.0,0,154,0,4,0.8318,0.0,GREEN,45,Chennai
CLM0004508,CHE_08373,Sholinganallur,2022-10-09,13,0,0,0,0,0,0,1,0,0,1.0,0.234078,0,0.0,0,420,2,3,0.98,0.1198,GREEN,51,Chennai
CLM0004509,CHE_08815,Perambur,2025-06-08,18,0,0,0,0,0,0,0,0,0,0.0,0.086351,0,1.0,0,159,2,3,0.8376,0.0,GREEN,37,Chennai
CLM0004510,CHE_02244,Anna Nagar,2023-01-24,15,0,0,0,0,0,0,0,1,0,0.0,0.288411,0,0.0,1,240,2,5,0.5749,0.1226,GREEN,49,Chennai
CLM0004511,CHE_06228,Sholinganallur,2023-03-30,20,0,0,0,0,0,0,0,0,0,0.0,0.265847,0,1.0,0,205,2,4,0.562,0.0491,GREEN,36,Chennai
CLM0004512,CHE_01302,Perambur,2022-10-12,20,0,0,0,0,0,0,0,0,0,0.0,0.377086,0,0.0,0,242,1,0,0.6123,0.0,GREEN,30,Chennai
CLM0004513,CHE_01875,Perambur,2023-11-03,21,0,0,0,0,1,0,0,0,0,0.0,0.208831,0,0.0,0,383,0,3,0.185,0.065,GREEN,60,Chennai
CLM0004514,CHE_02669,Adyar,2020-08-02,16,0,0,0,0,0,0,1,0,0,1.0,0.238594,0,0.0,0,155,1,3,0.6543,0.1326,GREEN,37,Chennai
CLM0004515,CHE_01498,T Nagar,2021-06-12,16,0,0,0,0,0,1,0,0,0,0.0,0.255838,0,0.0,0,228,4,6,0.6393,0.0237,GREEN,45,Chennai
CLM0004516,CHE_01142,Guindy,2024-11-07,7,0,0,0,0,0,0,0,0,0,0.0,1.0,0,0.0,0,389,3,4,0.5556,0.0731,GREEN,39,Chennai
CLM0004517,CHE_08053,Perambur,2025-03-30,19,0,0,0,0,0,0,0,0,0,0.0,0.209171,0,0.0,0,157,4,0,0.0594,0.0,GREEN,23,Chennai
CLM0004518,CHE_05677,Porur,2019-12-10,10,0,0,0,1,1,1,1,1,1,0.0,0.083589,1,0.0,0,47,1,18,0.895,0.019,GREEN,37,Chennai
CLM0004519,CHE_07019,Perambur,2025-01-16,20,0,0,0,0,0,0,0,0,0,0.0,0.298828,0,0.0,0,112,1,1,0.5059,0.0614,GREEN,27,Chennai
CLM0004520,CHE_02028,Velachery,2024-11-08,8,0,0,0,0,0,0,0,0,0,0.0,0.15089,1,0.0,0,127,1,0,0.0656,0.0353,GREEN,32,Chennai
CLM0004521,CHE_03302,Chromepet,2025-06-11,21,0,0,0,0,0,0,0,0,0,0.0,0.052197,0,0.0,0,420,3,2,0.6334,0.0271,GREEN,41,Chennai
CLM0004522,CHE_06796,Anna Nagar,2025-04-16,16,0,0,0,0,0,0,0,1,0,0.0,0.190003,0,0.0,0,412,1,0,0.6774,0.0959,GREEN,28,Chennai
CLM0004523,CHE_02256,Sholinganallur,2021-11-26,9,0,0,0,0,0,0,0,0,0,0.0,0.204302,0,0.0,0,82,0,0,0.103,0.0,GREEN,35,Chennai
CLM0004524,CHE_09218,Anna Nagar,2020-12-22,18,0,0,0,0,0,1,0,0,0,0.0,0.059888,0,0.0,0,22,1,0,0.6152,0.2047,GREEN,46,Chennai
CLM0004525,CHE_00568,Chromepet,2021-04-11,19,0,0,0,0,0,0,0,0,0,0.0,0.228962,0,0.0,0,167,3,0,0.5929,0.0663,GREEN,27,Chennai
CLM0004526,CHE_06907,Adyar,2020-09-27,11,0,0,0,0,0,1,0,1,0,0.0,0.215391,0,0.0,0,91,2,1,0.785,0.1788,GREEN,37,Chennai
CLM0004527,CHE_04612,Guindy,2024-02-12,13,0,0,0,0,0,0,0,0,0,0.0,0.176812,0,0.0,0,322,0,4,0.8258,0.0,GREEN,47,Chennai
CLM0004528,CHE_06960,Porur,2021-06-30,8,0,0,0,0,0,0,0,0,0,0.0,0.165579,0,0.0,0,95,2,6,0.1169,0.0458,GREEN,43,Chennai
CLM0004529,CHE_07790,Velachery,2020-08-15,10,0,0,0,0,1,0,1,1,0,0.0,0.052007,0,0.0,1,44,0,18,0.98,0.0599,GREEN,43,Chennai
CLM0004530,CHE_06345,Anna Nagar,2025-07-26,15,0,0,0,0,0,0,0,0,0,0.0,0.375779,0,0.0,0,64,4,0,0.98,0.0,GREEN,42,Chennai
CLM0004531,CHE_01999,Chromepet,2022-07-19,17,0,0,0,0,0,0,0,0,0,0.0,0.060456,0,0.0,0,212,4,1,0.6236,0.0,GREEN,42,Chennai
CLM0004532,CHE_02393,Sholinganallur,2025-12-16,7,0,0,0,0,0,0,0,0,0,0.0,0.400909,0,0.0,0,420,4,1,0.3147,0.0,GREEN,34,Chennai
CLM0004533,CHE_05771,Guindy,2021-05-07,13,0,0,0,1,1,0,0,1,0,0.0,0.038736,0,0.0,0,5,3,18,0.8795,0.0469,GREEN,39,Chennai
CLM0004534,CHE_03953,T Nagar,2022-02-08,13,0,0,0,0,1,0,0,0,0,0.0,0.306373,0,0.0,0,21,2,3,0.7671,0.1363,GREEN,39,Chennai
CLM0004535,CHE_09965,Sholinganallur,2015-12-31,9,0,0,0,0,0,0,0,0,0,0.0,0.285478,0,0.0,0,75,0,1,0.4278,0.0278,GREEN,31,Chennai
CLM0004536,CHE_04603,Guindy,2017-01-03,20,0,0,0,0,0,0,0,0,0,0.0,0.250361,0,0.0,0,123,1,1,0.7716,0.0057,GREEN,37,Chennai
CLM0004537,CHE_06410,Velachery,2015-02-19,10,0,0,0,0,0,0,0,0,0,0.0,0.002874,0,0.0,0,394,4,0,0.7155,0.0,GREEN,57,Chennai
CLM0004538,CHE_00271,Chromepet,2019-06-03,9,0,0,0,0,0,0,0,1,0,1.0,0.287628,0,0.0,0,420,2,0,0.98,0.1989,GREEN,23,Chennai
CLM0004539,CHE_03754,Chromepet,2018-10-03,20,0,0,0,0,0,0,1,1,0,0.0,0.147119,0,0.0,0,420,2,5,0.8887,0.1314,GREEN,42,Chennai
CLM0004540,CHE_02201,Guindy,2023-09-10,16,0,0,0,0,0,0,0,0,0,0.0,0.10344,0,0.0,0,80,2,0,0.8542,0.1125,GREEN,38,Chennai
CLM0004541,CHE_02572,Velachery,2022-12-09,15,0,0,0,1,0,0,0,0,0,0.0,0.0,0,0.0,0,100,2,4,0.5821,0.115,GREEN,44,Chennai
CLM0004542,CHE_09537,T Nagar,2025-03-01,7,0,0,0,0,0,0,0,0,0,0.0,0.265988,0,0.0,0,337,0,3,0.3476,0.0575,GREEN,39,Chennai
CLM0004543,CHE_00211,Chromepet,2020-01-26,18,0,0,0,0,0,0,0,0,0,0.0,0.0,0,0.0,0,98,0,4,0.8926,0.0,GREEN,33,Chennai
CLM0004544,CHE_04734,Chromepet,2024-12-21,10,0,0,0,1,0,0,0,1,1,1.0,1.0,1,1.0,0,5,3,18,0.05,0.0,GREEN,41,Chennai
CLM0004545,CHE_08863,Tambaram,2024-06-25,16,0,0,0,0,1,0,0,0,0,1.0,0.393629,0,0.0,0,388,2,6,0.7012,0.136,GREEN,29,Chennai
CLM0004546,CHE_01975,Porur,2020-03-26,17,0,0,0,0,0,0,0,0,0,0.0,0.266054,0,0.0,0,66,4,0,0.6745,0.0,GREEN,34,Chennai
CLM0004547,CHE_04263,Chromepet,2022-06-10,8,0,0,0,0,0,0,0,0,0,0.0,0.136999,0,1.0,0,420,4,5,0.8379,0.0,GREEN,30,Chennai
CLM0004548,CHE_06312,Guindy,2025-05-11,9,0,0,0,0,0,1,0,0,0,0.0,0.21341,0,0.0,0,385,3,2,0.98,0.1024,GREEN,30,Chennai
CLM0004549,CHE_05858,Guindy,2020-08-19,15,0,0,0,0,0,0,0,0,0,0.0,0.159761,0,0.0,0,96,0,0,0.4744,0.1154,GREEN,41,Chennai
CLM0004550,CHE_08441,Perambur,2020-10-20,17,0,0,0,0,0,0,0,0,0,0.0,0.175798,0,0.0,0,113,4,1,0.4169,0.0051,GREEN,18,Chennai
CLM0004551,CHE_08246,Tambaram,2021-07-03,20,0,0,0,0,0,0,0,0,0,0.0,0.025296,0,0.0,0,83,2,0,0.1679,0.111,GREEN,29,Chennai
CLM0004552,CHE_01185,Perambur,2025-05-09,17,0,0,0,0,0,0,0,0,0,0.0,0.007052,1,0.0,0,81,0,3,0.8335,0.0173,GREEN,41,Chennai
CLM0004553,CHE_09396,Perambur,2025-01-31,8,0,0,0,0,0,0,0,1,0,0.0,0.049106,0,0.0,0,420,4,2,0.1286,0.065,GREEN,39,Chennai
CLM0004554,CHE_07508,T Nagar,2025-06-30,13,0,0,0,0,0,0,0,0,0,0.0,0.255711,0,1.0,0,413,0,0,0.7815,0.0417,GREEN,38,Chennai
CLM0004555,CHE_04461,Anna Nagar,2025-08-28,16,0,0,0,0,0,0,0,0,0,0.0,0.113688,0,0.0,0,280,2,3,0.7137,0.0091,GREEN,45,Chennai
CLM0004556,CHE_08959,Perambur,2025-04-23,21,0,0,0,0,0,0,1,0,0,0.0,0.012648,0,0.0,0,420,4,0,0.6371,0.2785,GREEN,28,Chennai
CLM0004557,CHE_09607,Guindy,2025-05-03,12,0,0,0,0,0,0,0,0,0,0.0,0.958504,0,0.0,0,182,0,3,0.9395,0.0,GREEN,39,Chennai
CLM0004558,CHE_05304,Perambur,2025-02-23,10,0,0,0,1,0,0,0,0,0,0.0,0.123795,0,0.0,0,197,2,4,0.5604,0.1192,GREEN,52,Chennai
CLM0004559,CHE_05496,Anna Nagar,2024-05-11,15,0,0,0,0,0,0,0,1,0,0.0,0.179173,0,0.0,0,115,1,0,0.9412,0.1042,GREEN,49,Chennai
CLM0004560,CHE_06491,Tambaram,2023-06-10,21,0,0,0,0,0,1,0,0,0,0.0,0.061237,0,0.0,0,146,2,0,0.98,0.1392,GREEN,47,Chennai
CLM0004561,CHE_05524,Velachery,2023-05-07,18,0,0,0,0,0,0,0,1,0,0.0,0.228297,0,0.0,0,86,2,1,0.8271,0.074,GREEN,32,Chennai
CLM0004562,CHE_04770,Adyar,2025-04-27,15,0,0,0,0,0,0,0,0,0,0.0,0.051107,0,0.0,0,272,2,2,0.9443,0.0475,GREEN,41,Chennai
CLM0004563,CHE_04494,Chromepet,2024-03-24,11,0,0,0,0,0,0,0,0,0,0.0,0.083271,0,0.0,0,141,3,7,0.6214,0.0,GREEN,45,Chennai
CLM0004564,CHE_09564,Velachery,2024-02-09,11,0,0,0,0,0,0,0,0,0,0.0,0.396164,0,0.0,1,228,3,6,0.7254,0.2087,GREEN,29,Chennai
CLM0004565,CHE_05675,Perambur,2021-10-06,16,0,0,0,0,1,0,0,0,0,0.0,0.179938,0,0.0,0,329,4,4,0.9111,0.2399,GREEN,18,Chennai
CLM0004566,CHE_03759,Adyar,2025-02-16,17,0,0,0,0,0,1,0,0,0,0.0,0.006956,0,0.0,0,12,2,0,0.5726,0.1928,GREEN,46,Chennai
CLM0004567,CHE_09871,Sholinganallur,2022-01-16,10,0,0,0,0,0,0,0,1,0,0.0,0.111826,0,0.0,0,150,2,0,0.6378,0.0597,GREEN,49,Chennai
CLM0004568,CHE_04702,Adyar,2023-10-24,21,0,0,0,0,0,0,1,0,0,0.0,0.146205,0,0.0,1,69,0,0,0.7247,0.1593,GREEN,48,Chennai
CLM0004569,CHE_05892,Perambur,2025-09-22,20,0,0,0,0,0,0,0,0,0,0.0,0.930724,0,0.0,0,272,0,0,0.5672,0.0,GREEN,43,Chennai
CLM0004570,CHE_05133,Perambur,2023-09-21,12,0,0,0,1,0,1,0,0,0,0.0,0.309046,0,1.0,0,10,3,5,0.7481,0.2459,GREEN,49,Chennai
CLM0004571,CHE_02295,T Nagar,2022-01-07,9,0,0,0,0,0,0,0,0,0,0.0,0.222748,0,0.0,0,48,3,2,0.05,0.0043,GREEN,43,Chennai
CLM0004572,CHE_06538,Velachery,2023-04-09,21,0,0,0,0,0,0,0,0,0,0.0,0.270293,0,0.0,0,420,0,1,0.7081,0.0,GREEN,48,Chennai
CLM0004573,CHE_05632,Porur,2023-02-09,18,0,0,0,0,0,0,0,0,1,0.0,0.349756,0,0.0,0,189,1,2,0.6604,0.1893,GREEN,34,Chennai
CLM0004574,CHE_04415,Perambur,2022-11-09,9,0,0,0,0,0,0,0,0,0,0.0,0.298448,0,0.0,0,37,2,0,0.836,0.0,GREEN,24,Chennai
CLM0004575,CHE_05059,Chromepet,2020-09-18,7,0,0,0,0,0,0,0,0,0,0.0,0.336508,0,0.0,0,321,4,2,0.9318,0.0,GREEN,27,Chennai
CLM0004576,CHE_01103,Velachery,2021-08-28,16,0,0,0,0,0,0,0,0,1,0.0,0.141609,0,0.0,0,5,0,4,0.8821,0.0266,GREEN,44,Chennai
CLM0004577,CHE_03513,Anna Nagar,2015-12-11,13,0,0,0,0,1,0,0,0,0,0.0,0.259529,0,0.0,0,216,1,2,0.98,0.0758,GREEN,21,Chennai
CLM0004578,CHE_06630,Chromepet,2019-01-18,10,0,0,0,0,0,0,0,0,0,0.0,0.257041,0,0.0,0,401,1,0,0.8338,0.0672,GREEN,47,Chennai
CLM0004579,CHE_06173,Velachery,2020-03-24,7,0,0,0,0,0,1,0,1,0,0.0,0.25811,0,0.0,0,124,2,4,0.1095,0.2383,GREEN,36,Chennai
CLM0004580,CHE_03943,Velachery,2025-11-12,17,0,0,0,0,0,0,0,0,0,0.0,0.0,0,1.0,0,271,2,8,0.66,0.0,GREEN,18,Chennai
CLM0004581,CHE_04148,Tambaram,2025-11-05,14,0,0,0,1,0,0,0,0,0,0.0,0.398865,0,0.0,0,286,4,2,0.8503,0.12,GREEN,36,Chennai
CLM0004582,CHE_02549,Perambur,2025-03-07,21,0,0,0,0,1,0,0,0,0,0.0,0.221534,0,1.0,0,30,4,6,0.6523,0.0728,GREEN,44,Chennai
CLM0004583,CHE_06252,Anna Nagar,2025-05-27,21,0,0,0,0,0,0,1,0,0,0.0,0.060376,0,0.0,0,420,4,1,0.98,0.0465,GREEN,45,Chennai
CLM0004584,CHE_04064,Porur,2024-10-07,18,0,0,0,0,0,0,0,0,0,0.0,0.06338,0,0.0,0,270,3,4,0.8562,0.0,GREEN,48,Chennai
CLM0004585,CHE_02983,Tambaram,2025-02-16,18,0,0,0,0,0,0,1,0,0,1.0,0.318534,0,0.0,0,287,1,0,0.98,0.0933,GREEN,26,Chennai
CLM0004586,CHE_01689,Velachery,2024-12-31,11,0,0,0,0,0,0,0,1,0,0.0,0.314301,0,0.0,0,42,1,0,0.05,0.1047,GREEN,18,Chennai
CLM0004587,CHE_00920,Sholinganallur,2025-09-26,19,0,0,0,0,0,1,0,0,0,0.0,0.164344,0,0.0,0,145,1,3,0.6739,0.1992,GREEN,42,Chennai
CLM0004588,CHE_07633,Velachery,2025-07-30,15,0,0,0,0,0,0,0,0,0,0.0,0.016822,0,0.0,0,75,3,0,0.7982,0.0,GREEN,46,Chennai
CLM0004589,CHE_09253,Chromepet,2025-10-17,20,0,0,0,0,0,1,0,0,1,0.0,1.0,0,0.0,1,124,0,0,0.8572,0.1886,GREEN,59,Chennai
CLM0004590,CHE_03389,Chromepet,2025-07-25,17,0,0,0,0,0,0,0,0,0,0.0,0.0,0,0.0,0,384,3,1,0.8973,0.0,GREEN,38,Chennai
CLM0004591,CHE_09953,Adyar,2022-11-23,19,0,0,0,0,0,0,0,0,0,0.0,0.258899,0,0.0,0,342,0,4,0.6941,0.0406,GREEN,31,Chennai
CLM0004592,CHE_04591,Sholinganallur,2024-07-10,14,0,0,0,0,0,0,0,0,0,0.0,0.18017,0,0.0,0,404,3,0,0.9289,0.0479,GREEN,35,Chennai
CLM0004593,CHE_01087,Tambaram,2023-08-05,8,0,0,0,0,0,0,0,0,0,0.0,0.287859,0,0.0,1,271,2,1,0.7719,0.0671,GREEN,18,Chennai
CLM0004594,CHE_07700,Chromepet,2023-03-04,21,0,0,0,0,0,0,0,0,0,0.0,0.0,0,0.0,0,420,3,4,0.9535,0.062,GREEN,25,Chennai
CLM0004595,CHE_09063,Sholinganallur,2025-12-09,19,0,0,0,0,0,1,0,1,0,0.0,0.159276,0,0.0,0,302,3,0,0.05,0.1478,GREEN,47,Chennai
CLM0004596,CHE_04179,Perambur,2024-04-26,7,0,0,0,0,0,0,1,0,0,0.0,0.114018,0,0.0,0,420,2,1,0.9519,0.2288,GREEN,42,Chennai
CLM0004597,CHE_05421,Tambaram,2023-09-20,19,0,0,0,0,0,0,0,0,0,0.0,0.073171,0,0.0,0,420,4,2,0.8116,0.0537,GREEN,34,Chennai
CLM0004598,CHE_04006,Velachery,2025-02-01,15,0,0,0,0,0,0,0,0,0,0.0,0.060633,0,0.0,0,352,3,1,0.98,0.0465,GREEN,38,Chennai
CLM0004599,CHE_01933,Tambaram,2025-09-27,19,0,0,0,0,0,0,0,0,0,0.0,0.039204,0,0.0,0,405,3,1,0.8978,0.1103,GREEN,42,Chennai
CLM0004600,CHE_00256,Anna Nagar,2024-12-17,18,0,0,0,0,0,0,0,0,0,0.0,0.482594,0,0.0,0,192,3,6,0.6732,0.0,GREEN,37,Chennai
CLM0004601,CHE_06132,Perambur,2016-08-09,11,0,0,0,0,0,0,0,0,0,0.0,0.213355,0,0.0,0,217,1,0,0.7397,0.044,GREEN,30,Chennai
CLM0004602,CHE_00774,T Nagar,2016-11-19,7,0,0,0,0,0,0,0,0,0,1.0,0.337708,0,0.0,0,102,2,1,0.7102,0.0,GREEN,33,Chennai
CLM0004603,CHE_03650,T Nagar,2018-06-22,17,0,0,0,0,0,0,0,0,0,0.0,0.247309,0,0.0,0,199,4,3,0.1797,0.0,GREEN,34,Chennai
CLM0004604,CHE_02151,Guindy,2025-02-21,11,0,0,0,0,0,0,0,0,0,0.0,0.323618,0,0.0,0,32,2,1,0.7924,0.0183,GREEN,32,Chennai
CLM0004605,CHE_00863,Anna Nagar,2024-12-27,19,0,0,0,1,0,0,1,0,0,0.0,0.155302,0,0.0,0,364,1,2,0.6675,0.2348,GREEN,22,Chennai
CLM0004606,CHE_04264,T Nagar,2024-07-24,8,0,0,0,0,0,0,1,1,1,1.0,1.0,0,1.0,1,5,2,18,0.9376,0.1183,GREEN,37,Chennai
CLM0004607,CHE_02223,Adyar,2024-08-16,14,0,0,0,0,0,0,0,0,0,0.0,0.090033,0,0.0,0,420,0,1,0.7513,0.0434,GREEN,22,Chennai
CLM0004608,CHE_02972,Adyar,2025-08-09,13,0,0,0,0,0,0,0,0,0,0.0,0.038628,0,0.0,0,412,2,0,0.6241,0.0,GREEN,47,Chennai
CLM0004609,CHE_00298,Perambur,2022-05-10,18,0,0,0,0,0,0,0,0,0,0.0,0.325571,0,1.0,1,420,2,3,0.8617,0.1426,GREEN,24,Chennai
CLM0004610,CHE_01441,T Nagar,2020-12-03,17,0,0,0,0,0,0,0,1,0,0.0,0.290754,0,0.0,0,321,3,0,0.98,0.0554,GREEN,39,Chennai
CLM0004611,CHE_02127,Guindy,2019-12-01,13,0,0,0,0,1,0,1,1,0,0.0,0.0,0,0.0,0,11,0,18,0.8432,0.1301,GREEN,30,Chennai
CLM0004612,CHE_03247,T Nagar,2021-07-02,9,0,0,0,0,0,0,0,0,0,0.0,0.394162,0,0.0,0,420,0,0,0.1998,0.0262,GREEN,40,Chennai
CLM0004613,CHE_02311,Chromepet,2025-07-29,12,0,1,1,0,0,0,0,1,1,0.0,0.272369,0,0.0,1,214,3,5,0.5411,0.3033,GREEN,47,Chennai
CLM0004614,CHE_01774,Guindy,2020-10-24,17,0,0,0,0,0,0,0,0,0,0.0,0.420355,1,0.0,0,337,4,3,0.98,0.0417,GREEN,60,Chennai
CLM0004615,CHE_07193,Porur,2024-07-12,10,0,0,0,0,0,1,0,0,0,0.0,0.24389,0,0.0,0,420,0,3,0.98,0.1054,GREEN,22,Chennai
CLM0004616,CHE_02307,Guindy,2024-06-04,12,0,0,0,0,0,0,0,0,0,0.0,0.017839,1,0.0,0,305,2,0,0.6325,0.0363,GREEN,39,Chennai
CLM0004617,CHE_04463,Porur,2022-04-20,11,0,0,0,0,0,0,0,1,0,1.0,0.0,0,0.0,0,420,3,0,0.9576,0.1383,GREEN,45,Chennai
CLM0004618,CHE_03519,Sholinganallur,2023-11-02,19,0,0,0,0,1,0,0,0,0,0.0,0.248736,0,0.0,0,420,3,0,0.9743,0.0889,GREEN,32,Chennai
CLM0004619,CHE_03585,T Nagar,2018-07-31,21,0,0,0,0,1,0,1,0,0,0.0,0.999652,0,0.0,0,218,4,4,0.9667,0.1749,GREEN,35,Chennai
CLM0004620,CHE_02010,Sholinganallur,2022-06-16,19,0,0,0,0,0,0,0,0,0,0.0,0.252154,0,0.0,0,420,4,4,0.5165,0.0364,GREEN,48,Chennai
CLM0004621,CHE_08813,Porur,2020-01-26,21,0,0,0,0,0,0,0,0,0,0.0,0.0,0,0.0,0,420,1,5,0.1463,0.0,GREEN,27,Chennai
CLM0004622,CHE_09792,Perambur,2018-02-28,11,0,0,0,0,0,0,0,0,0,0.0,0.216191,0,0.0,0,332,4,3,0.7717,0.0029,GREEN,30,Chennai
CLM0004623,CHE_03768,T Nagar,2024-08-20,15,0,0,0,0,0,1,0,0,0,0.0,0.213712,0,0.0,0,237,0,1,0.7403,0.0012,GREEN,48,Chennai
CLM0004624,CHE_07904,Velachery,2022-02-23,21,0,0,0,0,0,0,0,0,0,0.0,0.875949,0,0.0,0,347,1,7,0.8198,0.0309,GREEN,29,Chennai
CLM0004625,CHE_09342,Anna Nagar,2022-02-22,12,0,0,0,0,0,0,0,0,0,0.0,0.236411,1,0.0,0,137,0,0,0.0639,0.1531,GREEN,37,Chennai
CLM0004626,CHE_00764,Velachery,2023-01-24,20,0,0,0,1,0,0,0,0,0,0.0,0.371783,0,0.0,0,124,2,3,0.1121,0.0667,GREEN,31,Chennai
CLM0004627,CHE_05908,Velachery,2021-02-25,21,0,0,0,0,0,0,1,0,0,0.0,0.080674,0,0.0,0,420,1,2,0.9012,0.0742,GREEN,34,Chennai
CLM0004628,CHE_07787,T Nagar,2022-02-22,8,0,0,0,0,0,0,0,0,0,0.0,0.989136,1,0.0,0,16,4,1,0.9211,0.0217,GREEN,18,Chennai
CLM0004629,CHE_04560,Sholinganallur,2024-10-03,15,0,0,0,0,0,0,0,0,0,0.0,0.168722,0,0.0,1,222,0,1,0.6526,0.0,GREEN,21,Chennai
CLM0004630,CHE_06156,Sholinganallur,2024-08-20,15,0,0,0,0,0,0,0,0,0,0.0,0.08435,0,0.0,1,330,4,3,0.8258,0.0543,GREEN,24,Chennai
CLM0004631,CHE_08076,Tambaram,2023-05-08,14,0,0,0,0,1,1,1,1,1,0.0,0.051389,0,0.0,1,23,3,18,0.9054,0.1209,GREEN,50,Chennai
CLM0004632,CHE_04645,Adyar,2021-08-23,21,0,0,0,0,0,0,0,0,0,0.0,0.229038,0,0.0,0,5,2,1,0.9295,0.0227,GREEN,48,Chennai
CLM0004633,CHE_07846,Guindy,2025-02-17,12,0,0,0,0,0,0,0,0,0,0.0,0.30281,0,0.0,0,229,0,1,0.6541,0.0,GREEN,50,Chennai
CLM0004634,CHE_00231,Perambur,2020-10-18,9,0,0,0,0,0,1,1,0,0,0.0,0.0,0,0.0,0,285,0,0,0.6108,0.1715,GREEN,47,Chennai
CLM0004635,CHE_00505,Chromepet,2022-02-16,18,0,0,0,0,0,0,0,0,0,0.0,0.322462,0,0.0,0,290,3,1,0.05,0.0,GREEN,41,Chennai
CLM0004636,CHE_02344,T Nagar,2025-06-19,7,0,0,0,0,0,0,0,0,0,0.0,0.248729,0,1.0,0,420,4,1,0.8085,0.0346,GREEN,39,Chennai
CLM0004637,CHE_02552,Guindy,2021-07-01,14,0,0,0,0,0,0,0,0,0,0.0,0.973195,0,0.0,0,363,4,5,0.9082,0.0029,GREEN,40,Chennai
CLM0004638,CHE_03805,Adyar,2019-05-31,19,0,0,0,0,0,0,0,0,0,0.0,0.170881,0,0.0,0,223,2,0,0.3023,0.0,GREEN,44,Chennai
CLM0004639,CHE_00499,Velachery,2021-01-23,11,0,0,0,0,1,0,0,0,0,0.0,0.214271,0,0.0,0,142,0,4,0.8454,0.1931,GREEN,51,Chennai
CLM0004640,CHE_03156,Tambaram,2020-01-16,10,0,0,0,0,0,0,0,0,0,0.0,0.123209,0,0.0,0,298,4,1,0.5434,0.0833,GREEN,28,Chennai
CLM0004641,CHE_02883,Porur,2018-12-18,13,0,0,0,0,0,0,0,0,0,0.0,0.29513,0,0.0,0,206,3,3,0.7506,0.0214,GREEN,18,Chennai
CLM0004642,CHE_03901,Porur,2023-05-01,18,0,0,0,1,1,1,0,0,0,0.0,0.963061,0,0.0,0,44,1,0,0.4912,0.5172,YELLOW,34,Chennai
CLM0004643,CHE_08293,Adyar,2023-12-22,10,0,0,0,0,0,0,0,0,0,0.0,0.541731,0,0.0,0,83,1,2,0.7914,0.0806,GREEN,61,Chennai
CLM0004644,CHE_09412,Chromepet,2019-05-28,10,0,1,1,0,0,0,0,1,0,0.0,0.049584,0,0.0,1,211,0,1,0.7928,0.2228,GREEN,47,Chennai
CLM0004645,CHE_03082,Tambaram,2023-03-21,13,0,0,0,1,0,0,0,0,0,1.0,0.288182,0,0.0,0,420,1,3,0.0904,0.152,GREEN,40,Chennai
CLM0004646,CHE_06620,Adyar,2022-12-04,8,0,0,0,0,0,1,0,0,0,0.0,0.955107,0,0.0,0,116,3,4,0.6773,0.0142,GREEN,21,Chennai
CLM0004647,CHE_04543,Velachery,2023-11-11,10,0,0,0,0,0,0,0,0,0,0.0,0.440079,0,0.0,0,271,3,2,0.9337,0.0616,GREEN,43,Chennai
CLM0004648,CHE_09190,Chromepet,2022-07-11,19,0,0,0,1,0,1,0,0,0,1.0,0.377246,0,0.0,0,131,3,5,0.5017,0.322,YELLOW,40,Chennai
CLM0004649,CHE_07389,Chromepet,2018-12-09,10,0,0,0,0,0,0,0,0,0,0.0,0.170036,0,0.0,0,420,3,6,0.934,0.0,GREEN,33,Chennai
CLM0004650,CHE_02429,T Nagar,2025-08-14,12,0,0,0,0,0,0,0,0,0,0.0,0.191328,0,0.0,0,122,0,0,0.98,0.1289,GREEN,23,Chennai
CLM0004651,CHE_00146,Tambaram,2024-08-11,16,0,0,0,0,0,0,1,0,0,1.0,0.919516,0,0.0,0,420,3,0,0.9551,0.1452,GREEN,38,Chennai
CLM0004652,CHE_09132,Sholinganallur,2024-12-26,13,0,0,0,0,0,0,0,0,0,0.0,0.364624,0,0.0,0,420,4,0,0.2735,0.0477,GREEN,46,Chennai
CLM0004653,CHE_04434,Anna Nagar,2025-05-02,13,0,0,0,0,0,0,0,0,0,0.0,0.422503,0,0.0,0,363,3,0,0.7144,0.0943,GREEN,33,Chennai
CLM0004654,CHE_00731,T Nagar,2025-07-10,16,0,0,0,0,0,0,0,0,1,0.0,0.040454,0,0.0,1,230,0,0,0.98,0.2084,GREEN,42,Chennai
CLM0004655,CHE_03313,Velachery,2025-02-27,21,0,0,0,1,0,0,0,0,0,0.0,0.049921,0,0.0,0,420,4,0,0.5775,0.2224,GREEN,49,Chennai
CLM0004656,CHE_09984,Tambaram,2024-04-20,12,0,0,0,0,0,0,0,0,1,0.0,1.0,0,0.0,0,145,1,0,0.7385,0.1672,GREEN,31,Chennai
CLM0004657,CHE_00447,Guindy,2023-11-14,12,0,0,0,0,0,0,0,0,0,0.0,0.330055,0,0.0,0,420,2,3,0.5668,0.025,GREEN,68,Chennai
CLM0004658,CHE_02136,Sholinganallur,2024-07-18,14,0,0,0,0,0,0,0,0,0,0.0,0.039676,0,0.0,0,159,3,0,0.1322,0.0,GREEN,31,Chennai
CLM0004659,CHE_01666,Guindy,2025-06-11,11,0,0,0,0,0,0,0,0,0,0.0,0.166345,0,0.0,0,263,4,0,0.9032,0.0,GREEN,43,Chennai
CLM0004660,CHE_00142,Chromepet,2020-10-05,11,0,0,0,0,0,0,0,0,0,0.0,0.180062,0,0.0,0,420,2,5,0.98,0.0,GREEN,64,Chennai
CLM0004661,CHE_09160,Adyar,2024-04-21,10,0,0,0,0,0,0,0,0,0,0.0,0.109773,0,0.0,0,209,1,0,0.0762,0.0,GREEN,51,Chennai
CLM0004662,CHE_04913,Adyar,2022-08-29,14,0,0,0,0,0,0,0,0,0,0.0,0.247048,0,0.0,0,214,3,6,0.6276,0.0931,GREEN,40,Chennai
CLM0004663,CHE_06821,T Nagar,2024-11-06,12,0,0,0,0,0,0,0,0,0,0.0,0.113326,0,1.0,0,409,1,0,0.1659,0.0,GREEN,43,Chennai
CLM0004664,CHE_00994,Perambur,2024-05-15,14,0,0,0,0,1,1,0,1,1,1.0,1.0,1,1.0,0,42,3,14,0.05,0.0063,GREEN,32,Chennai
CLM0004665,CHE_06868,Chromepet,2020-05-04,11,0,0,0,0,0,0,0,0,0,1.0,0.909922,0,0.0,0,420,3,3,0.8312,0.1076,GREEN,59,Chennai
CLM0004666,CHE_08501,Chromepet,2017-10-17,10,0,0,0,0,0,0,0,0,0,0.0,0.335475,0,0.0,0,420,3,0,0.6273,0.0,GREEN,38,Chennai
CLM0004667,CHE_00271,Chromepet,2021-06-30,18,0,0,0,0,1,1,0,0,0,0.0,0.285636,0,0.0,0,362,0,0,0.5881,0.2437,GREEN,23,Chennai
CLM0004668,CHE_09118,Adyar,2025-04-23,15,0,0,0,0,0,0,0,0,0,0.0,0.267227,0,0.0,0,69,1,1,0.6589,0.0,GREEN,33,Chennai
CLM0004669,CHE_00612,Perambur,2025-07-16,9,0,0,0,0,0,0,0,0,0,0.0,0.174123,0,0.0,0,257,2,5,0.7483,0.0,GREEN,34,Chennai
CLM0004670,CHE_09682,Tambaram,2024-10-01,17,0,0,0,0,0,0,0,0,0,0.0,0.434642,0,0.0,0,389,0,4,0.1427,0.0,GREEN,62,Chennai
CLM0004671,CHE_09653,Tambaram,2023-11-07,13,0,0,0,0,0,0,0,0,0,0.0,0.210892,0,0.0,0,132,2,2,0.5693,0.0341,GREEN,36,Chennai
CLM0004672,CHE_07743,Tambaram,2021-06-09,10,0,0,0,0,0,0,0,0,0,0.0,0.015169,0,0.0,0,420,1,2,0.6597,0.0545,GREEN,39,Chennai
CLM0004673,CHE_01089,Sholinganallur,2021-11-23,15,0,1,1,0,0,0,0,1,0,0.0,0.271133,0,0.0,0,312,2,0,0.541,0.0039,GREEN,55,Chennai
CLM0004674,CHE_02520,Velachery,2025-01-22,18,0,0,0,0,0,0,0,0,0,0.0,0.066795,0,0.0,0,123,2,6,0.9632,0.0,GREEN,38,Chennai
CLM0004675,CHE_02245,T Nagar,2017-03-15,17,0,0,0,0,0,0,0,0,0,0.0,0.223512,0,0.0,0,344,3,0,0.2255,0.1816,GREEN,29,Chennai
CLM0004676,CHE_05178,Perambur,2023-10-13,10,0,0,0,0,0,0,0,0,0,0.0,0.154431,0,0.0,0,270,4,1,0.4508,0.0253,GREEN,35,Chennai
CLM0004677,CHE_01267,Adyar,2022-11-29,14,0,0,0,0,0,0,1,0,0,1.0,0.959111,0,1.0,0,420,3,2,0.8101,0.0959,GREEN,44,Chennai
CLM0004678,CHE_05733,Tambaram,2022-02-05,18,0,0,0,0,0,0,0,0,0,1.0,0.027902,1,0.0,0,381,1,2,0.8468,0.0867,GREEN,46,Chennai
CLM0004679,CHE_05541,Chromepet,2024-12-16,13,0,0,0,0,0,0,0,0,1,0.0,0.962568,0,0.0,0,356,1,2,0.9553,0.0997,GREEN,30,Chennai
CLM0004680,CHE_05582,Tambaram,2024-02-15,13,0,0,0,0,0,0,0,0,0,0.0,0.045097,0,0.0,0,95,3,1,0.6275,0.0386,GREEN,52,Chennai
CLM0004681,CHE_03798,Adyar,2017-07-19,11,0,0,0,0,0,0,0,0,0,0.0,0.166266,0,0.0,0,420,3,0,0.7377,0.008,GREEN,46,Chennai
CLM0004682,CHE_09605,Perambur,2021-02-18,12,0,0,0,0,0,1,0,0,0,0.0,0.233837,0,0.0,0,105,1,0,0.7882,0.1523,GREEN,34,Chennai
CLM0004683,CHE_05793,Guindy,2017-01-26,10,0,0,0,0,0,0,0,0,0,0.0,0.213154,0,1.0,0,400,3,2,0.7171,0.0,GREEN,34,Chennai
CLM0004684,CHE_01967,Guindy,2018-09-08,21,0,0,0,0,0,0,0,0,0,1.0,0.0,0,0.0,0,411,3,0,0.2005,0.0346,GREEN,50,Chennai
CLM0004685,CHE_03187,T Nagar,2024-02-13,17,0,0,0,0,0,1,0,0,0,0.0,0.049342,0,0.0,0,143,2,1,0.98,0.0469,GREEN,41,Chennai
CLM0004686,CHE_05658,Tambaram,2024-01-26,7,0,0,0,0,0,0,1,0,0,0.0,0.249247,0,0.0,0,256,1,1,0.8254,0.0658,GREEN,45,Chennai
CLM0004687,CHE_09335,Velachery,2025-06-16,9,0,0,0,0,0,0,0,0,0,0.0,0.200338,1,0.0,0,21,0,3,0.98,0.0873,GREEN,31,Chennai
CLM0004688,CHE_06350,Sholinganallur,2019-03-21,21,0,0,0,1,0,0,0,0,0,0.0,0.297239,0,0.0,0,155,1,0,0.98,0.1303,GREEN,26,Chennai
CLM0004689,CHE_03158,Velachery,2024-02-21,10,0,0,0,0,0,0,0,0,0,0.0,0.122529,0,0.0,0,83,2,1,0.7809,0.0,GREEN,30,Chennai
CLM0004690,CHE_04173,Porur,2020-05-03,20,0,0,0,0,0,0,0,0,0,0.0,0.091844,0,0.0,0,407,0,2,0.4019,0.0,GREEN,32,Chennai
CLM0004691,CHE_00656,Porur,2019-04-28,17,0,0,0,0,0,0,0,0,0,0.0,0.109293,0,0.0,0,168,1,0,0.5228,0.0,GREEN,20,Chennai
CLM0004692,CHE_08999,Adyar,2016-09-03,16,0,0,0,0,0,0,1,0,1,0.0,0.195494,0,0.0,0,288,4,0,0.2593,0.164,GREEN,55,Chennai
CLM0004693,CHE_08966,T Nagar,2019-12-17,15,0,0,0,0,0,0,0,0,0,0.0,0.238184,0,0.0,0,370,4,2,0.8723,0.0209,GREEN,28,Chennai
CLM0004694,CHE_02119,Porur,2023-07-12,13,0,0,0,0,0,0,0,0,0,0.0,0.036299,0,0.0,0,282,1,3,0.9047,0.0,GREEN,44,Chennai
CLM0004695,CHE_07301,T Nagar,2020-12-05,20,0,0,0,0,0,0,0,0,0,0.0,0.121276,0,0.0,0,280,0,1,0.8582,0.0562,GREEN,18,Chennai
CLM0004696,CHE_03754,Chromepet,2024-03-15,13,0,0,0,0,1,0,0,0,0,0.0,0.201771,0,0.0,0,221,0,5,0.7811,0.1887,GREEN,42,Chennai
CLM0004697,CHE_03422,T Nagar,2022-01-19,9,0,0,0,0,0,0,0,0,0,1.0,0.076943,0,0.0,0,354,1,0,0.9211,0.0451,GREEN,51,Chennai
CLM0004698,CHE_03105,T Nagar,2025-01-01,16,0,0,0,0,0,0,0,0,0,0.0,0.268131,0,0.0,0,261,0,0,0.6394,0.0,GREEN,32,Chennai
CLM0004699,CHE_05914,Anna Nagar,2024-02-18,8,0,0,0,0,0,0,0,0,1,0.0,0.156425,0,0.0,0,326,0,4,0.7733,0.2183,GREEN,37,Chennai
CLM0004700,CHE_00895,T Nagar,2024-07-27,12,0,0,0,0,0,0,0,0,0,0.0,0.064136,0,0.0,0,140,2,4,0.6299,0.0,GREEN,44,Chennai
CLM0004701,CHE_07878,Perambur,2020-04-29,16,0,0,0,0,0,0,0,0,0,0.0,0.095427,0,0.0,1,92,4,3,0.7682,0.1468,GREEN,22,Chennai
CLM0004702,CHE_09082,Adyar,2022-03-10,16,0,1,1,0,0,0,0,0,0,0.0,0.497596,0,0.0,0,74,0,0,0.7593,0.0449,GREEN,55,Chennai
CLM0004703,CHE_07269,Perambur,2022-12-17,12,0,0,0,0,0,1,0,0,0,0.0,1.0,0,0.0,0,123,1,1,0.7829,0.0298,GREEN,21,Chennai
CLM0004704,CHE_03522,Guindy,2023-01-04,8,0,0,0,0,0,0,0,0,0,0.0,0.879211,0,0.0,0,322,4,0,0.8441,0.0,GREEN,45,Chennai
CLM0004705,CHE_00485,Perambur,2023-06-03,11,0,0,0,0,0,0,1,0,0,1.0,0.307247,0,0.0,0,420,1,3,0.6763,0.1479,GREEN,47,Chennai
CLM0004706,CHE_04917,Anna Nagar,2023-03-03,13,0,0,0,0,0,0,0,0,0,0.0,0.0,0,0.0,0,118,0,1,0.8708,0.0,GREEN,44,Chennai
CLM0004707,CHE_03770,Guindy,2024-11-19,16,0,0,0,1,0,1,0,0,0,0.0,0.022662,0,0.0,0,276,2,0,0.7238,0.2691,GREEN,41,Chennai
CLM0004708,CHE_03033,Porur,2023-03-03,8,0,0,0,0,0,1,0,0,0,0.0,0.196685,0,0.0,0,93,1,1,0.2996,0.0998,GREEN,44,Chennai
CLM0004709,CHE_05332,Tambaram,2023-12-20,21,0,0,0,0,0,1,0,0,1,0.0,0.23002,0,0.0,0,325,4,3,0.2188,0.2883,GREEN,23,Chennai
CLM0004710,CHE_05855,Perambur,2023-10-13,20,0,0,0,0,1,0,1,0,0,1.0,0.228887,0,0.0,0,411,0,2,0.7684,0.2806,GREEN,46,Chennai
CLM0004711,CHE_06771,Porur,2021-11-18,18,0,0,0,0,0,1,0,0,0,0.0,0.345074,0,0.0,0,229,4,4,0.751,0.0397,GREEN,49,Chennai
CLM0004712,CHE_03226,T Nagar,2021-05-23,7,0,0,0,0,0,0,0,0,0,0.0,0.314142,0,0.0,1,420,4,2,0.6033,0.0719,GREEN,44,Chennai
CLM0004713,CHE_08586,Adyar,2021-11-22,21,0,0,0,0,0,0,0,0,0,0.0,0.235332,0,0.0,0,341,1,0,0.8415,0.0,GREEN,43,Chennai
CLM0004714,CHE_04671,Adyar,2025-04-23,10,0,0,0,0,0,1,0,1,0,0.0,0.211077,0,0.0,0,76,3,6,0.8795,0.1914,GREEN,37,Chennai
CLM0004715,CHE_01125,Tambaram,2023-04-25,19,0,0,0,0,0,0,0,0,0,0.0,0.230028,0,0.0,0,321,1,3,0.05,0.0,GREEN,34,Chennai
CLM0004716,CHE_00472,Tambaram,2022-11-23,20,0,0,0,0,0,0,0,0,0,0.0,0.329639,0,0.0,0,313,4,4,0.8471,0.0,GREEN,39,Chennai
CLM0004717,CHE_05176,Anna Nagar,2024-09-12,18,0,0,0,0,0,0,0,0,0,0.0,0.898188,1,0.0,0,336,4,2,0.5934,0.1994,GREEN,34,Chennai
CLM0004718,CHE_05095,Perambur,2025-12-19,8,0,0,0,0,0,0,0,0,0,0.0,0.0,0,0.0,0,420,2,3,0.7918,0.0,GREEN,39,Chennai
CLM0004719,CHE_03202,Velachery,2024-01-23,11,0,0,0,0,0,0,0,0,0,0.0,0.908271,0,0.0,0,388,4,5,0.2608,0.0,GREEN,41,Chennai
CLM0004720,CHE_00722,Velachery,2025-03-27,21,0,0,0,0,0,0,0,0,0,1.0,1.0,0,0.0,0,187,4,5,0.7944,0.0,GREEN,40,Chennai
CLM0004721,CHE_08226,T Nagar,2022-07-24,7,0,0,0,0,0,0,0,0,0,0.0,0.346117,0,0.0,0,315,0,1,0.8183,0.0,GREEN,35,Chennai
CLM0004722,CHE_01222,Porur,2025-11-23,14,0,0,0,0,0,0,0,0,0,0.0,0.179557,0,0.0,0,65,3,2,0.6886,0.0,GREEN,32,Chennai
CLM0004723,CHE_09353,Adyar,2022-12-18,19,0,0,0,0,0,0,0,0,0,0.0,0.213757,0,0.0,0,141,3,0,0.2314,0.0256,GREEN,33,Chennai
CLM0004724,CHE_09328,Adyar,2025-08-12,10,0,0,0,0,0,0,0,0,0,0.0,0.254044,0,0.0,0,236,2,0,0.7495,0.0,GREEN,47,Chennai
CLM0004725,CHE_03753,Velachery,2021-03-29,14,0,0,0,0,1,0,0,0,0,0.0,0.428822,0,0.0,0,273,3,2,0.5453,0.0695,GREEN,39,Chennai
CLM0004726,CHE_01352,Guindy,2020-08-28,7,0,0,0,0,0,0,0,1,0,0.0,0.97944,0,0.0,0,382,3,5,0.0918,0.1863,GREEN,50,Chennai
CLM0004727,CHE_09025,Tambaram,2020-04-17,20,0,0,0,0,0,0,0,0,0,1.0,0.3411,0,0.0,0,70,4,0,0.7528,0.0109,GREEN,52,Chennai
CLM0004728,CHE_09903,Chromepet,2025-12-17,8,0,0,0,0,0,0,0,0,0,0.0,0.098799,0,0.0,0,20,3,4,0.7869,0.0047,GREEN,37,Chennai
CLM0004729,CHE_02656,Porur,2025-10-14,11,0,0,0,1,0,0,0,1,0,0.0,0.079273,0,0.0,0,208,2,1,0.5794,0.3117,YELLOW,46,Chennai
CLM0004730,CHE_03927,Porur,2024-05-07,10,0,0,0,0,0,0,0,0,0,0.0,0.195548,0,0.0,0,255,3,1,0.9024,0.051,GREEN,32,Chennai
CLM0004731,CHE_06591,Adyar,2025-02-03,20,0,0,0,0,0,0,0,0,0,0.0,0.276876,0,0.0,0,55,4,3,0.8864,0.0,GREEN,40,Chennai
CLM0004732,CHE_02084,Sholinganallur,2024-06-25,20,0,0,0,0,0,0,0,0,0,0.0,0.081033,0,0.0,0,349,1,5,0.5151,0.0739,GREEN,24,Chennai
CLM0004733,CHE_05072,Porur,2025-12-07,11,0,0,0,0,1,0,0,0,0,0.0,0.236912,0,0.0,0,166,0,0,0.98,0.0137,GREEN,39,Chennai
CLM0004734,CHE_05987,Velachery,2018-11-24,15,0,0,0,0,0,0,0,0,0,1.0,0.319658,0,0.0,1,301,0,3,0.8789,0.1607,GREEN,40,Chennai
CLM0004735,CHE_08037,Velachery,2022-02-20,15,0,0,0,0,0,0,1,1,0,0.0,0.478092,0,0.0,0,246,0,3,0.05,0.0774,GREEN,43,Chennai
CLM0004736,CHE_06107,Adyar,2020-12-27,20,0,0,0,0,0,0,0,0,0,1.0,0.929785,0,1.0,0,396,3,0,0.8927,0.0882,GREEN,44,Chennai
CLM0004737,CHE_08512,Adyar,2017-04-21,15,0,0,0,0,0,0,0,0,1,0.0,0.358398,0,0.0,0,72,3,6,0.8093,0.0895,GREEN,32,Chennai
CLM0004738,CHE_09373,Adyar,2024-04-06,15,0,0,0,0,0,0,0,0,0,1.0,1.0,0,1.0,0,55,1,0,0.6257,0.0,GREEN,27,Chennai
CLM0004739,CHE_03431,Chromepet,2020-07-23,10,0,0,0,0,0,0,0,0,0,1.0,0.991103,0,0.0,0,297,4,4,0.633,0.1474,GREEN,18,Chennai
CLM0004740,CHE_08030,Porur,2024-06-24,10,0,0,0,0,1,0,0,0,0,0.0,0.964192,0,0.0,0,420,1,5,0.3947,0.0958,GREEN,31,Chennai
CLM0004741,CHE_03726,Velachery,2024-05-16,10,0,1,1,1,0,0,0,0,0,1.0,0.330752,0,0.0,0,420,1,3,0.213,0.2799,GREEN,41,Chennai
CLM0004742,CHE_01844,Tambaram,2025-05-21,18,0,0,0,0,0,0,0,0,0,0.0,0.083833,0,0.0,0,277,3,1,0.6503,0.0035,GREEN,58,Chennai
CLM0004743,CHE_08508,Porur,2022-10-19,7,0,0,0,0,0,0,0,0,0,0.0,0.0,0,0.0,0,190,4,2,0.5599,0.0963,GREEN,32,Chennai
CLM0004744,CHE_02067,T Nagar,2022-06-02,9,0,0,0,0,0,0,0,0,0,0.0,0.346467,0,0.0,0,420,3,2,0.6775,0.0111,GREEN,40,Chennai
CLM0004745,CHE_06397,Porur,2023-11-24,17,0,0,0,0,0,1,0,0,0,0.0,0.159549,0,0.0,0,163,4,2,0.815,0.2286,GREEN,46,Chennai
CLM0004746,CHE_01892,Chromepet,2023-02-27,17,0,0,0,0,0,0,0,0,0,0.0,0.313695,0,0.0,0,129,4,2,0.5929,0.1222,GREEN,19,Chennai
CLM0004747,CHE_09691,Adyar,2022-11-15,15,0,0,0,0,1,0,0,0,0,0.0,0.231207,0,0.0,0,388,3,4,0.965,0.1946,GREEN,46,Chennai
CLM0004748,CHE_07675,Velachery,2023-05-18,10,0,0,0,0,0,0,0,1,0,0.0,0.375813,0,0.0,0,10,4,3,0.9201,0.1253,GREEN,32,Chennai
CLM0004749,CHE_08693,Velachery,2023-07-20,21,0,0,0,0,0,0,0,0,0,0.0,0.117925,0,0.0,0,408,2,0,0.8202,0.0,GREEN,54,Chennai
CLM0004750,CHE_05960,Tambaram,2025-07-17,20,0,0,0,0,0,1,0,1,0,0.0,0.183259,0,0.0,0,73,4,4,0.5744,0.1991,GREEN,52,Chennai
CLM0004751,CHE_02314,Adyar,2024-06-17,20,0,0,0,0,0,0,0,0,0,0.0,0.273526,0,0.0,0,269,0,1,0.7901,0.0,GREEN,32,Chennai
CLM0004752,CHE_07449,T Nagar,2021-06-09,15,0,0,0,0,0,0,0,0,0,0.0,0.018342,0,0.0,0,420,2,2,0.091,0.0824,GREEN,53,Chennai
CLM0004753,CHE_03669,Perambur,2023-06-01,12,0,0,0,0,0,0,0,0,0,0.0,0.128507,0,0.0,0,185,3,0,0.6176,0.0,GREEN,47,Chennai
CLM0004754,CHE_09861,Porur,2020-04-23,21,0,0,0,0,0,0,1,0,0,0.0,0.341041,0,0.0,0,403,3,2,0.5843,0.0,GREEN,47,Chennai
CLM0004755,CHE_03864,Sholinganallur,2017-09-14,21,0,0,0,0,0,0,0,0,0,0.0,0.063712,0,0.0,0,311,3,3,0.98,0.0508,GREEN,43,Chennai
CLM0004756,CHE_03831,Tambaram,2023-08-21,14,0,0,0,0,0,0,0,0,0,1.0,0.254728,0,1.0,0,200,1,1,0.7576,0.0209,GREEN,39,Chennai
CLM0004757,CHE_01521,Tambaram,2021-12-24,11,0,0,0,0,0,0,0,0,0,0.0,0.071629,0,0.0,0,186,3,0,0.9567,0.0152,GREEN,47,Chennai
CLM0004758,CHE_09906,Chromepet,2022-10-18,14,0,0,0,0,0,0,0,0,0,1.0,0.408467,0,1.0,1,45,1,6,0.1257,0.1466,GREEN,57,Chennai
CLM0004759,CHE_09915,Porur,2024-12-13,19,0,0,0,0,0,1,0,1,0,0.0,0.085557,0,0.0,0,420,4,2,0.179,0.2067,GREEN,39,Chennai
CLM0004760,CHE_09761,Porur,2025-04-17,18,0,0,0,0,0,0,1,0,0,0.0,0.180173,0,0.0,0,103,0,1,0.8177,0.0391,GREEN,31,Chennai
CLM0004761,CHE_08886,Tambaram,2024-07-24,15,0,0,0,1,0,1,0,1,1,0.0,0.616298,0,0.0,1,5,1,18,0.7603,0.0361,GREEN,45,Chennai
CLM0004762,CHE_06444,Tambaram,2019-09-07,14,0,0,0,0,0,0,0,0,0,0.0,0.092598,0,0.0,0,420,4,0,0.98,0.0082,GREEN,45,Chennai
CLM0004763,CHE_04179,Perambur,2019-05-24,15,0,0,0,0,0,0,0,0,0,0.0,0.893842,0,0.0,0,89,4,2,0.8719,0.0116,GREEN,42,Chennai
CLM0004764,CHE_08544,Perambur,2021-11-23,16,0,0,0,0,0,0,0,0,0,1.0,0.250779,0,0.0,0,273,3,0,0.05,0.0226,GREEN,34,Chennai
CLM0004765,CHE_07840,Perambur,2025-06-06,8,0,0,0,0,0,0,0,0,0,0.0,0.307843,0,0.0,0,420,3,2,0.7869,0.036,GREEN,43,Chennai
CLM0004766,CHE_06668,Chromepet,2025-02-25,11,0,0,0,1,1,1,1,0,0,1.0,0.967711,1,1.0,1,8,0,18,0.114,0.038,GREEN,39,Chennai
CLM0004767,CHE_04081,Velachery,2025-01-03,13,0,0,0,0,0,0,0,0,0,1.0,0.373321,0,0.0,0,312,0,0,0.6595,0.1324,GREEN,25,Chennai
CLM0004768,CHE_09284,Adyar,2025-05-06,19,0,0,0,0,0,0,1,0,0,0.0,0.973217,0,0.0,0,218,3,0,0.5888,0.0854,GREEN,43,Chennai
CLM0004769,CHE_03537,Adyar,2025-04-11,10,0,0,0,0,0,0,0,0,0,0.0,0.211815,0,0.0,0,28,4,0,0.8696,0.0499,GREEN,46,Chennai
CLM0004770,CHE_01072,Chromepet,2025-12-30,18,0,0,0,0,0,0,1,0,0,0.0,0.488257,0,0.0,0,47,3,0,0.2807,0.0461,GREEN,52,Chennai
CLM0004771,CHE_07760,Perambur,2025-06-08,20,0,0,0,1,1,0,0,0,1,0.0,0.115433,0,0.0,0,5,3,18,0.8084,0.1526,GREEN,48,Chennai
CLM0004772,CHE_01965,Tambaram,2024-10-28,9,0,0,0,0,0,0,0,1,0,0.0,0.905781,1,0.0,0,34,0,3,0.5358,0.1365,GREEN,35,Chennai
CLM0004773,CHE_06721,Tambaram,2024-06-02,15,0,0,0,1,0,0,0,0,0,0.0,0.258004,0,0.0,0,420,4,4,0.848,0.2344,GREEN,35,Chennai
CLM0004774,CHE_05330,Perambur,2025-12-01,20,0,0,0,0,1,0,0,1,0,0.0,0.469669,0,0.0,0,420,0,3,0.1346,0.204,GREEN,47,Chennai
CLM0004775,CHE_03360,Porur,2021-06-06,8,0,0,0,0,0,0,0,0,0,0.0,0.241359,0,0.0,0,52,1,4,0.6566,0.0207,GREEN,39,Chennai
CLM0004776,CHE_03569,T Nagar,2019-03-12,21,0,0,0,0,0,0,0,0,0,0.0,0.0,0,0.0,0,420,3,4,0.5501,0.0335,GREEN,43,Chennai
CLM0004777,CHE_08462,Velachery,2022-03-14,11,0,0,0,0,0,0,0,0,0,0.0,1.0,0,0.0,0,5,0,0,0.6166,0.0274,GREEN,28,Chennai
CLM0004778,CHE_04324,Chromepet,2020-06-06,10,0,0,0,1,0,0,0,0,0,1.0,1.0,0,0.0,0,165,2,2,0.5136,0.2025,GREEN,43,Chennai
CLM0004779,CHE_03478,Porur,2020-12-01,14,0,0,0,0,0,1,0,0,0,0.0,0.073442,0,0.0,0,337,1,4,0.5904,0.1109,GREEN,35,Chennai
CLM0004780,CHE_06395,Porur,2025-02-16,20,0,0,0,0,0,0,0,0,0,0.0,0.323641,0,0.0,0,161,1,2,0.9757,0.0132,GREEN,50,Chennai
CLM0004781,CHE_02399,Chromepet,2017-11-02,14,0,0,0,0,1,0,0,0,0,0.0,0.255112,0,0.0,0,420,2,2,0.6376,0.1008,GREEN,39,Chennai
CLM0004782,CHE_00998,Guindy,2018-07-04,20,0,0,0,1,0,0,0,0,1,0.0,0.107864,0,0.0,1,398,2,3,0.2246,0.4475,YELLOW,42,Chennai
CLM0004783,CHE_07016,Tambaram,2022-07-29,21,0,0,0,1,0,0,0,0,0,0.0,0.234563,0,0.0,1,420,3,3,0.7053,0.2973,GREEN,18,Chennai
CLM0004784,CHE_03690,Anna Nagar,2023-10-13,17,0,0,0,1,0,0,0,1,0,0.0,0.224389,0,1.0,0,262,1,2,0.9011,0.2419,GREEN,57,Chennai
CLM0004785,CHE_00589,Tambaram,2025-01-10,21,0,0,0,0,0,0,0,0,0,0.0,0.378767,0,0.0,0,420,3,5,0.4796,0.0024,GREEN,33,Chennai
CLM0004786,CHE_09452,Guindy,2020-11-29,9,0,0,0,0,0,0,0,0,0,0.0,0.059732,0,0.0,0,93,1,0,0.5478,0.0249,GREEN,29,Chennai
CLM0004787,CHE_03988,Adyar,2021-04-08,13,0,1,1,0,0,0,0,1,0,0.0,0.173284,0,0.0,0,127,2,2,0.6864,0.0312,GREEN,33,Chennai
CLM0004788,CHE_01225,Perambur,2023-06-24,10,0,0,0,0,1,0,1,0,0,1.0,0.944424,0,1.0,0,420,2,0,0.8313,0.1673,GREEN,28,Chennai
CLM0004789,CHE_00331,Porur,2024-02-18,11,0,0,0,1,0,0,0,0,0,0.0,0.451779,1,0.0,0,392,2,1,0.8656,0.2131,GREEN,31,Chennai
CLM0004790,CHE_09912,Chromepet,2023-07-04,20,0,0,0,0,0,1,0,0,0,0.0,0.400836,0,0.0,0,141,1,3,0.8354,0.1096,GREEN,30,Chennai
CLM0004791,CHE_02388,Velachery,2022-02-13,21,0,0,0,0,0,0,0,1,0,0.0,0.046818,0,0.0,0,289,3,2,0.758,0.0771,GREEN,18,Chennai
CLM0004792,CHE_05568,Guindy,2023-03-01,17,0,0,0,0,0,0,0,0,0,0.0,0.322523,1,0.0,0,420,4,0,0.7522,0.1304,GREEN,45,Chennai
CLM0004793,CHE_01882,Chromepet,2024-01-29,11,0,0,0,0,0,0,0,0,0,0.0,1.0,0,0.0,0,390,0,2,0.98,0.0838,GREEN,34,Chennai
CLM0004794,CHE_06031,Tambaram,2021-12-07,7,0,0,0,0,0,1,0,0,0,0.0,0.246625,0,0.0,0,287,3,4,0.5156,0.0955,GREEN,60,Chennai
CLM0004795,CHE_01993,Chromepet,2024-10-28,7,0,0,0,0,0,0,0,0,0,0.0,0.465471,0,0.0,0,221,2,1,0.4367,0.1123,GREEN,55,Chennai
CLM0004796,CHE_09748,Porur,2019-03-25,15,0,0,0,0,0,0,0,1,0,0.0,0.367258,0,0.0,0,130,1,6,0.2052,0.2243,GREEN,36,Chennai
CLM0004797,CHE_01664,Porur,2022-07-31,9,0,0,0,1,0,0,0,0,0,0.0,0.979983,0,1.0,0,209,0,0,0.9586,0.1816,GREEN,68,Chennai
CLM0004798,CHE_00848,Adyar,2020-11-21,12,0,0,0,0,0,1,0,1,0,0.0,0.408357,0,0.0,1,82,2,0,0.98,0.289,GREEN,59,Chennai
CLM0004799,CHE_02809,T Nagar,2023-02-02,9,0,0,0,0,0,0,0,0,0,0.0,0.024571,0,0.0,0,30,3,2,0.8747,0.0146,GREEN,28,Chennai
CLM0004800,CHE_04827,Anna Nagar,2022-07-17,19,0,0,0,0,1,0,1,1,1,0.0,0.081227,1,0.0,0,17,4,17,0.9408,0.0185,GREEN,36,Chennai
CLM0004801,CHE_06751,T Nagar,2024-09-29,11,0,0,0,0,0,0,0,0,0,1.0,0.0,0,0.0,0,356,3,0,0.9318,0.1568,GREEN,27,Chennai
CLM0004802,CHE_06040,Chromepet,2020-06-15,20,0,0,0,0,0,0,0,1,0,0.0,0.113946,0,0.0,0,345,1,1,0.7047,0.0915,GREEN,59,Chennai
CLM0004803,CHE_02430,Chromepet,2024-08-28,10,0,0,0,0,0,0,0,0,0,0.0,0.310397,0,0.0,0,258,1,2,0.6006,0.0,GREEN,39,Chennai
CLM0004804,CHE_01140,Porur,2023-02-25,19,0,0,0,0,0,1,0,0,0,0.0,0.211141,0,1.0,0,42,3,1,0.6177,0.134,GREEN,39,Chennai
CLM0004805,CHE_03711,Guindy,2024-08-27,7,0,0,0,0,0,0,0,0,1,0.0,0.245049,0,0.0,0,387,4,0,0.9443,0.1219,GREEN,47,Chennai
CLM0004806,CHE_02051,Anna Nagar,2024-09-26,13,0,0,0,0,0,0,1,0,0,0.0,0.0,0,0.0,0,403,4,1,0.7997,0.0376,GREEN,51,Chennai
CLM0004807,CHE_00968,Guindy,2024-10-22,21,0,0,0,0,0,0,0,0,0,0.0,0.246321,0,0.0,0,53,2,5,0.5793,0.0,GREEN,40,Chennai
CLM0004808,CHE_08235,Guindy,2025-05-23,9,0,0,0,0,0,0,0,0,0,0.0,0.310884,0,0.0,0,190,2,0,0.6254,0.0012,GREEN,36,Chennai
CLM0004809,CHE_04794,Chromepet,2025-01-26,18,0,0,0,0,0,0,0,0,0,0.0,0.125217,0,0.0,0,183,4,2,0.8587,0.1183,GREEN,40,Chennai
CLM0004810,CHE_02022,Sholinganallur,2025-10-22,8,0,0,0,0,0,0,0,0,0,0.0,0.30565,0,1.0,0,420,0,4,0.05,0.0011,GREEN,34,Chennai
CLM0004811,CHE_07042,Porur,2025-02-23,12,0,0,0,0,0,0,0,0,0,0.0,0.304155,0,0.0,0,5,0,0,0.5838,0.0746,GREEN,28,Chennai
CLM0004812,CHE_07573,Anna Nagar,2024-07-02,9,0,0,0,0,0,0,0,0,0,0.0,0.221908,0,0.0,0,420,4,0,0.9141,0.0409,GREEN,36,Chennai
CLM0004813,CHE_09991,Guindy,2025-11-07,12,0,0,0,0,0,0,0,0,0,0.0,0.402442,0,0.0,0,310,3,5,0.7718,0.0437,GREEN,33,Chennai
CLM0004814,CHE_02316,Adyar,2021-01-29,15,0,0,0,0,0,0,0,0,0,0.0,0.37835,0,0.0,0,228,1,5,0.7666,0.0298,GREEN,28,Chennai
CLM0004815,CHE_04006,Velachery,2024-10-14,14,0,0,0,0,0,0,1,0,0,0.0,0.0,0,0.0,0,410,3,3,0.9036,0.097,GREEN,38,Chennai
CLM0004816,CHE_06276,Adyar,2024-05-12,16,0,0,0,0,0,0,0,1,0,0.0,0.22259,0,0.0,0,228,2,4,0.9039,0.0702,GREEN,29,Chennai
CLM0004817,CHE_07182,Tambaram,2024-09-23,16,0,0,0,1,0,0,0,1,0,1.0,0.069255,0,0.0,0,307,4,3,0.6459,0.3101,YELLOW,22,Chennai
CLM0004818,CHE_02268,T Nagar,2023-09-10,11,0,0,0,0,0,0,0,0,0,1.0,0.065975,0,0.0,0,282,3,2,0.5482,0.0184,GREEN,40,Chennai
CLM0004819,CHE_08214,T Nagar,2021-02-22,9,0,0,0,0,0,0,0,0,0,0.0,0.307293,0,0.0,0,94,0,2,0.7866,0.0798,GREEN,55,Chennai
CLM0004820,CHE_00071,T Nagar,2023-03-22,19,0,0,0,0,0,0,0,0,0,0.0,0.34229,0,0.0,0,229,2,3,0.6564,0.0,GREEN,46,Chennai
CLM0004821,CHE_08916,Porur,2022-03-15,14,0,0,0,0,0,0,0,0,0,1.0,0.384515,0,0.0,0,212,0,2,0.8644,0.0099,GREEN,29,Chennai
CLM0004822,CHE_09962,Velachery,2021-01-03,14,0,0,0,1,1,1,1,0,1,1.0,1.0,1,0.0,1,11,2,18,0.3142,0.1068,GREEN,37,Chennai
CLM0004823,CHE_03625,Tambaram,2025-08-09,14,0,0,0,0,0,0,0,0,0,0.0,0.429258,0,0.0,0,396,0,1,0.4112,0.0,GREEN,45,Chennai
CLM0004824,CHE_05153,Chromepet,2020-09-23,20,0,0,0,0,1,0,0,0,0,0.0,0.376561,0,0.0,0,12,3,2,0.8782,0.2227,GREEN,42,Chennai
CLM0004825,CHE_06956,Velachery,2025-08-17,7,0,0,0,0,0,1,0,0,0,0.0,0.157616,0,0.0,0,123,4,4,0.4988,0.1054,GREEN,45,Chennai
CLM0004826,CHE_04361,Adyar,2024-11-20,18,0,1,1,0,0,0,0,0,0,0.0,0.973186,0,0.0,0,333,1,0,0.5201,0.0252,GREEN,18,Chennai
CLM0004827,CHE_02025,Adyar,2025-04-11,19,0,0,0,0,0,0,0,0,0,0.0,0.216379,0,0.0,0,9,0,2,0.6963,0.0088,GREEN,43,Chennai
CLM0004828,CHE_04249,Velachery,2025-07-21,9,0,0,0,0,0,0,0,0,0,0.0,0.366849,0,0.0,0,420,1,1,0.6576,0.0287,GREEN,49,Chennai
CLM0004829,CHE_02540,Perambur,2021-12-03,15,0,0,0,0,0,1,0,0,0,0.0,0.164114,0,0.0,0,42,2,0,0.6425,0.0,GREEN,25,Chennai
CLM0004830,CHE_05961,Anna Nagar,2021-03-28,17,0,0,0,0,0,0,0,0,0,0.0,0.196534,0,0.0,0,420,4,0,0.9117,0.0398,GREEN,35,Chennai
CLM0004831,CHE_00415,Adyar,2025-11-08,20,0,0,0,0,0,0,0,1,0,0.0,0.112086,0,0.0,1,282,4,4,0.6813,0.1792,GREEN,28,Chennai
CLM0004832,CHE_00751,Velachery,2019-07-29,10,0,0,0,1,0,0,1,0,0,0.0,0.100501,0,0.0,0,290,0,3,0.8582,0.1747,GREEN,29,Chennai
CLM0004833,CHE_07039,Tambaram,2023-10-04,16,0,0,0,0,0,0,0,0,0,0.0,0.143062,0,0.0,0,181,4,3,0.05,0.052,GREEN,37,Chennai
CLM0004834,CHE_07435,Perambur,2025-08-30,13,0,0,0,0,0,1,0,0,0,0.0,0.086306,0,0.0,0,345,4,1,0.8216,0.1416,GREEN,50,Chennai
CLM0004835,CHE_02815,Anna Nagar,2025-08-07,18,0,0,0,0,1,1,0,0,0,0.0,0.048519,0,0.0,0,118,0,4,0.6141,0.1688,GREEN,47,Chennai
CLM0004836,CHE_01973,Sholinganallur,2025-06-13,9,0,0,0,0,0,1,0,0,0,0.0,0.024735,0,0.0,0,162,0,2,0.8904,0.0249,GREEN,39,Chennai
CLM0004837,CHE_00985,Porur,2024-01-27,14,0,0,0,0,0,1,0,0,0,0.0,0.14615,0,0.0,0,325,0,1,0.8356,0.0681,GREEN,31,Chennai
CLM0004838,CHE_01651,Anna Nagar,2021-10-13,12,0,0,0,0,0,0,0,0,1,0.0,0.346161,0,0.0,0,420,2,1,0.6119,0.1735,GREEN,39,Chennai
CLM0004839,CHE_04326,Guindy,2024-05-30,21,0,0,0,0,0,0,0,0,0,0.0,0.155522,0,0.0,0,164,1,2,0.7225,0.0,GREEN,41,Chennai
CLM0004840,CHE_06021,Chromepet,2023-03-17,7,0,1,1,0,0,0,0,0,0,0.0,0.088497,0,0.0,0,420,2,0,0.2781,0.0,GREEN,39,Chennai
CLM0004841,CHE_03961,Velachery,2022-02-25,13,0,0,0,0,0,0,0,0,0,0.0,0.199866,0,0.0,0,134,4,3,0.5244,0.0,GREEN,45,Chennai
CLM0004842,CHE_04256,Guindy,2022-02-22,10,0,0,0,0,0,0,0,0,0,0.0,0.27498,0,0.0,0,404,2,2,0.05,0.0498,GREEN,34,Chennai
CLM0004843,CHE_04847,Tambaram,2023-05-28,12,0,0,0,0,0,0,0,0,0,0.0,0.206262,0,0.0,1,214,3,4,0.6163,0.0,GREEN,18,Chennai
CLM0004844,CHE_06250,Anna Nagar,2024-12-12,16,0,0,0,0,0,0,0,0,0,1.0,0.130813,0,0.0,0,90,3,4,0.7638,0.063,GREEN,23,Chennai
CLM0004845,CHE_02326,Tambaram,2025-08-18,21,0,0,0,0,0,0,0,0,0,0.0,0.390507,1,0.0,0,411,3,1,0.9187,0.2605,GREEN,41,Chennai
CLM0004846,CHE_06381,Chromepet,2023-10-03,19,0,0,0,0,0,0,0,1,0,0.0,0.132484,0,0.0,0,420,0,0,0.7247,0.0344,GREEN,35,Chennai
CLM0004847,CHE_09536,Porur,2024-11-20,12,0,0,0,0,0,0,0,0,0,1.0,1.0,0,1.0,0,418,3,2,0.5947,0.0582,GREEN,38,Chennai
CLM0004848,CHE_05409,Porur,2021-10-24,12,0,0,0,0,0,0,0,0,0,0.0,0.315365,0,0.0,0,61,0,1,0.8225,0.0843,GREEN,36,Chennai
CLM0004849,CHE_06370,Adyar,2024-10-16,12,0,0,0,0,1,0,0,0,0,0.0,0.0,0,0.0,1,396,4,1,0.4831,0.2736,GREEN,45,Chennai
CLM0004850,CHE_06835,Adyar,2025-05-24,21,0,0,0,0,0,0,0,0,0,0.0,0.0,0,0.0,0,420,2,3,0.9579,0.133,GREEN,47,Chennai
CLM0004851,CHE_08433,Adyar,2023-05-14,17,0,0,0,0,0,0,0,0,0,0.0,0.018159,0,0.0,0,420,4,3,0.9324,0.0167,GREEN,21,Chennai
CLM0004852,CHE_04511,Chromepet,2024-05-31,20,0,0,0,0,0,0,0,0,0,0.0,0.309017,0,0.0,0,420,3,0,0.7265,0.0034,GREEN,42,Chennai
CLM0004853,CHE_02671,T Nagar,2022-04-24,16,0,0,0,0,0,1,0,0,1,0.0,0.939848,0,0.0,0,340,1,2,0.98,0.241,GREEN,40,Chennai
CLM0004854,CHE_01425,Chromepet,2021-04-23,10,0,0,0,0,0,0,0,0,0,0.0,0.002061,0,0.0,0,302,4,2,0.8265,0.0,GREEN,21,Chennai
CLM0004855,CHE_05143,Sholinganallur,2023-03-02,16,0,0,0,0,0,0,1,0,0,0.0,0.0,0,0.0,0,376,2,4,0.3414,0.1761,GREEN,25,Chennai
CLM0004856,CHE_05522,Sholinganallur,2024-03-12,16,0,0,0,0,0,0,1,0,0,0.0,0.106221,0,0.0,0,192,3,1,0.6507,0.0,GREEN,39,Chennai
CLM0004857,CHE_01841,Perambur,2025-02-28,15,0,0,0,0,0,1,0,0,0,1.0,0.147272,0,0.0,0,382,2,0,0.98,0.1452,GREEN,48,Chennai
CLM0004858,CHE_09712,Velachery,2024-01-17,11,0,0,0,0,0,1,0,0,0,0.0,0.151948,1,0.0,0,43,4,0,0.8901,0.1458,GREEN,27,Chennai
CLM0004859,CHE_09492,Adyar,2023-07-23,12,0,0,0,0,0,0,0,0,1,1.0,0.360626,0,0.0,0,183,2,3,0.98,0.2353,GREEN,48,Chennai
CLM0004860,CHE_09838,Velachery,2025-11-05,19,0,0,0,0,0,0,0,0,0,0.0,0.053792,0,0.0,0,333,3,0,0.6689,0.0,GREEN,32,Chennai
CLM0004861,CHE_00115,Porur,2025-04-12,9,0,0,0,0,0,0,0,0,0,1.0,0.327265,0,0.0,0,58,4,4,0.98,0.0384,GREEN,49,Chennai
CLM0004862,CHE_01922,Porur,2022-12-14,16,0,0,0,0,0,0,0,1,0,0.0,0.32761,0,0.0,0,48,2,0,0.6562,0.0,GREEN,50,Chennai
CLM0004863,CHE_05019,T Nagar,2020-11-18,11,0,0,0,0,0,0,0,0,0,0.0,0.087466,0,1.0,0,194,0,4,0.7283,0.1609,GREEN,34,Chennai
CLM0004864,CHE_02287,Velachery,2020-02-26,16,0,0,0,0,0,0,0,0,0,0.0,0.107173,0,0.0,0,59,2,0,0.5472,0.0179,GREEN,51,Chennai
CLM0004865,CHE_08412,T Nagar,2022-12-10,10,0,0,0,0,0,1,0,0,0,0.0,0.292258,0,0.0,0,212,0,0,0.1054,0.1011,GREEN,30,Chennai
CLM0004866,CHE_07778,Velachery,2019-05-10,14,0,0,0,0,0,0,0,0,0,0.0,0.266593,0,0.0,0,86,1,2,0.6513,0.0,GREEN,35,Chennai
CLM0004867,CHE_00266,Porur,2025-03-25,18,0,0,0,0,0,0,0,0,0,0.0,0.210908,0,0.0,0,227,1,2,0.7629,0.0,GREEN,57,Chennai
CLM0004868,CHE_08084,T Nagar,2023-10-20,10,0,0,0,0,0,0,0,0,0,0.0,0.067438,0,0.0,0,346,3,5,0.7315,0.0454,GREEN,38,Chennai
CLM0004869,CHE_09434,Guindy,2021-05-10,16,0,0,0,0,0,0,0,0,0,0.0,0.076789,0,1.0,0,93,1,2,0.6472,0.053,GREEN,40,Chennai
CLM0004870,CHE_06135,Sholinganallur,2020-11-17,17,0,0,0,0,0,0,0,0,0,1.0,0.959216,0,0.0,0,311,1,3,0.98,0.0199,GREEN,56,Chennai
CLM0004871,CHE_04960,Velachery,2025-01-26,11,0,0,0,0,0,0,0,0,0,0.0,0.432626,0,0.0,0,94,0,0,0.328,0.0329,GREEN,29,Chennai
CLM0004872,CHE_05839,Chromepet,2025-05-29,19,0,0,0,1,0,0,0,0,0,0.0,1.0,0,0.0,0,325,2,4,0.8882,0.0891,GREEN,49,Chennai
CLM0004873,CHE_03347,Sholinganallur,2024-04-05,16,0,0,0,1,0,0,0,0,0,0.0,0.023826,0,0.0,0,260,4,2,0.4178,0.16,GREEN,49,Chennai
CLM0004874,CHE_00816,Tambaram,2020-03-03,17,0,0,0,0,0,0,0,1,0,0.0,0.0,0,0.0,0,218,1,0,0.0902,0.0739,GREEN,35,Chennai
CLM0004875,CHE_09697,Perambur,2025-06-26,14,0,0,0,0,0,0,0,1,0,0.0,0.145037,0,0.0,0,54,4,2,0.6769,0.0718,GREEN,38,Chennai
CLM0004876,CHE_00664,Chromepet,2020-04-19,13,0,0,0,0,0,0,0,0,0,0.0,0.152287,0,0.0,0,265,0,5,0.98,0.0032,GREEN,37,Chennai
CLM0004877,CHE_00291,Tambaram,2019-02-02,9,0,0,0,0,0,0,0,0,0,0.0,0.224018,0,0.0,0,420,0,5,0.759,0.0476,GREEN,44,Chennai
CLM0004878,CHE_01567,Velachery,2020-07-29,8,0,0,0,0,0,0,0,0,0,0.0,0.164291,0,0.0,0,5,2,3,0.7439,0.0565,GREEN,48,Chennai
CLM0004879,CHE_02651,Tambaram,2024-07-21,9,0,0,0,0,0,0,0,0,0,0.0,0.998407,0,0.0,0,271,2,0,0.05,0.0394,GREEN,48,Chennai
CLM0004880,CHE_08249,Perambur,2025-09-25,16,0,0,0,0,0,0,0,0,0,0.0,0.292174,0,0.0,0,157,1,0,0.558,0.0055,GREEN,40,Chennai
CLM0004881,CHE_01541,Perambur,2025-02-21,16,0,0,0,0,0,0,0,0,0,0.0,0.322813,0,0.0,0,235,0,0,0.7408,0.1379,GREEN,51,Chennai
CLM0004882,CHE_06625,Porur,2025-07-19,13,0,0,0,0,0,0,0,0,0,0.0,0.301029,0,1.0,0,420,2,3,0.5337,0.0122,GREEN,36,Chennai
CLM0004883,CHE_04026,Anna Nagar,2025-05-04,12,0,0,0,1,1,0,1,1,0,0.0,0.978339,0,1.0,1,19,0,18,0.98,0.0345,GREEN,33,Chennai
CLM0004884,CHE_01754,Guindy,2025-12-12,7,0,0,0,0,0,0,0,0,0,0.0,0.476928,0,0.0,0,188,3,2,0.4506,0.0826,GREEN,28,Chennai
CLM0004885,CHE_00782,Sholinganallur,2025-05-07,14,0,0,0,0,0,0,0,0,0,0.0,0.140872,0,0.0,0,177,4,2,0.3096,0.0426,GREEN,34,Chennai
CLM0004886,CHE_00603,T Nagar,2024-11-25,16,0,0,0,0,0,1,0,1,0,0.0,0.125691,0,0.0,0,113,1,4,0.0797,0.157,GREEN,47,Chennai
CLM0004887,CHE_06710,Perambur,2025-05-27,9,0,0,0,1,0,1,0,0,0,1.0,0.051094,0,0.0,0,282,1,2,0.6477,0.2539,GREEN,54,Chennai
CLM0004888,CHE_02139,Porur,2025-01-27,8,0,0,0,0,0,0,0,0,0,0.0,0.239299,0,0.0,0,184,3,0,0.6903,0.0,GREEN,18,Chennai
CLM0004889,CHE_03620,Adyar,2022-05-18,17,0,1,1,0,1,0,0,1,1,0.0,0.953742,0,1.0,1,34,2,18,0.2539,0.6403,RED,50,Chennai
CLM0004890,CHE_05083,Adyar,2025-02-21,11,0,1,1,1,1,1,1,1,1,1.0,1.0,0,1.0,1,5,0,18,0.98,0.7503,RED,33,Chennai
CLM0004891,CHE_07256,Sholinganallur,2022-09-06,21,0,1,1,1,1,1,1,0,0,0.0,1.0,1,0.0,0,5,1,9,0.3716,0.5961,YELLOW,29,Chennai
CLM0004892,CHE_01221,Sholinganallur,2024-03-01,7,0,1,1,0,0,0,1,1,0,1.0,0.919243,1,0.0,1,42,0,18,0.3613,0.2588,GREEN,28,Chennai
CLM0004893,CHE_09462,Guindy,2023-09-09,8,0,1,1,0,1,0,1,1,0,1.0,0.950692,0,1.0,0,30,1,18,0.1544,0.5156,YELLOW,41,Chennai
CLM0004894,CHE_08491,Perambur,2025-11-18,19,0,1,1,0,1,1,1,0,0,0.0,0.109494,1,0.0,1,5,2,18,0.9662,0.6392,RED,29,Chennai
CLM0004895,CHE_01219,Tambaram,2023-04-19,11,0,1,1,0,1,0,1,1,1,0.0,0.991408,1,1.0,1,15,0,18,0.05,0.7342,RED,33,Chennai
CLM0004896,CHE_02691,T Nagar,2025-04-16,12,0,0,0,0,0,0,0,0,0,0.0,0.327609,0,0.0,0,276,0,6,0.9564,0.0495,GREEN,29,Chennai
CLM0004897,CHE_02362,T Nagar,2025-11-15,7,0,0,0,0,0,0,0,0,0,0.0,0.092838,0,0.0,0,319,1,6,0.6994,0.0146,GREEN,45,Chennai
CLM0004898,CHE_04520,Perambur,2025-07-25,12,0,0,0,0,0,0,0,0,0,0.0,0.277126,0,0.0,0,263,0,5,0.646,0.0,GREEN,34,Chennai
CLM0004899,CHE_03707,Anna Nagar,2023-09-07,14,0,0,0,0,0,0,0,0,0,0.0,0.352735,0,0.0,0,94,0,5,0.5542,0.0,GREEN,49,Chennai
CLM0004900,CHE_00108,Sholinganallur,2022-07-08,11,0,0,0,1,1,1,1,1,1,1.0,1.0,0,1.0,0,22,3,18,0.05,0.1047,GREEN,43,Chennai
CLM0004901,CHE_02944,Anna Nagar,2022-10-14,16,0,0,0,0,0,1,0,0,0,1.0,0.173206,0,0.0,0,217,2,2,0.6581,0.1838,GREEN,42,Chennai
CLM0004902,CHE_08804,T Nagar,2022-09-10,12,0,0,0,0,0,0,0,0,0,0.0,0.0,0,0.0,0,402,4,4,0.7833,0.1297,GREEN,33,Chennai
CLM0004903,CHE_06288,Adyar,2022-04-25,12,0,0,0,0,0,0,0,0,0,0.0,0.219402,0,0.0,0,188,2,2,0.7959,0.0,GREEN,38,Chennai
CLM0004904,CHE_02158,Sholinganallur,2024-12-13,13,0,0,0,0,0,0,0,0,0,0.0,0.00241,0,0.0,0,38,3,2,0.6467,0.0508,GREEN,23,Chennai
CLM0004905,CHE_05466,Porur,2022-12-02,16,0,0,0,0,0,0,0,0,0,0.0,0.15357,0,0.0,0,264,3,1,0.1065,0.0,GREEN,25,Chennai
CLM0004906,CHE_00342,Chromepet,2023-10-16,12,0,0,0,1,0,0,0,0,0,0.0,0.065817,0,0.0,0,319,1,4,0.8787,0.2163,GREEN,53,Chennai
CLM0004907,CHE_03694,Guindy,2020-07-06,15,0,0,0,0,0,0,0,0,0,0.0,0.00213,1,0.0,0,46,4,2,0.8556,0.1212,GREEN,49,Chennai
CLM0004908,CHE_07108,Porur,2019-11-10,12,0,0,0,0,0,0,0,0,0,0.0,0.248601,0,0.0,0,397,2,2,0.7276,0.0,GREEN,42,Chennai
CLM0004909,CHE_08188,Anna Nagar,2021-11-22,17,0,0,0,0,0,0,0,0,0,0.0,0.153723,0,0.0,0,148,4,2,0.8062,0.0,GREEN,28,Chennai
CLM0004910,CHE_06685,Guindy,2019-03-15,10,0,0,0,0,0,0,0,0,0,1.0,0.995933,0,1.0,0,190,0,0,0.8404,0.0,GREEN,46,Chennai
CLM0004911,CHE_00605,Tambaram,2018-01-23,7,0,0,0,0,0,0,0,0,0,0.0,0.461375,0,0.0,1,420,4,4,0.2329,0.0473,GREEN,28,Chennai
CLM0004912,CHE_03828,Porur,2025-10-01,13,0,0,0,0,0,0,0,0,0,0.0,0.009836,0,0.0,0,169,0,0,0.8981,0.0377,GREEN,49,Chennai
CLM0004913,CHE_05026,Anna Nagar,2018-07-13,15,0,0,0,0,0,0,0,0,0,0.0,0.293512,0,0.0,0,216,2,3,0.8498,0.1084,GREEN,47,Chennai
CLM0004914,CHE_04820,Velachery,2023-08-09,15,0,0,0,0,0,1,0,0,0,0.0,0.969481,1,0.0,0,420,0,6,0.8419,0.239,GREEN,29,Chennai
CLM0004915,CHE_09158,Perambur,2021-05-09,18,0,0,0,0,0,0,0,0,0,0.0,0.073235,0,0.0,0,420,2,7,0.7595,0.0214,GREEN,21,Chennai
CLM0004916,CHE_05147,Perambur,2018-10-09,13,0,0,0,0,0,0,0,0,0,0.0,0.343581,0,0.0,0,204,2,0,0.672,0.0,GREEN,41,Chennai
CLM0004917,CHE_03518,Velachery,2022-12-10,11,0,0,0,0,0,0,0,0,1,0.0,0.317661,0,0.0,0,288,2,2,0.8491,0.0,GREEN,49,Chennai
CLM0004918,CHE_05970,Adyar,2024-01-09,18,0,0,0,0,0,0,0,0,0,1.0,0.201628,0,0.0,0,191,2,5,0.6437,0.0582,GREEN,37,Chennai
CLM0004919,CHE_03634,T Nagar,2024-09-29,17,0,0,0,0,0,0,1,0,0,0.0,1.0,0,0.0,0,237,2,0,0.98,0.0489,GREEN,39,Chennai
CLM0004920,CHE_04053,T Nagar,2025-03-22,19,0,0,0,0,0,0,0,0,0,0.0,0.062233,0,0.0,1,241,0,6,0.6303,0.108,GREEN,18,Chennai
CLM0004921,CHE_00422,Sholinganallur,2022-10-20,11,0,0,0,0,0,0,0,1,0,0.0,0.293106,0,1.0,0,161,0,3,0.8513,0.1232,GREEN,36,Chennai
CLM0004922,CHE_04831,Guindy,2025-09-19,11,0,0,0,0,0,0,0,0,0,0.0,0.0,0,0.0,1,336,0,1,0.6981,0.0549,GREEN,46,Chennai
CLM0004923,CHE_03370,Anna Nagar,2024-11-19,19,0,0,0,0,0,1,0,0,0,0.0,0.306342,0,0.0,0,233,3,4,0.2593,0.1288,GREEN,27,Chennai
CLM0004924,CHE_04503,Velachery,2024-08-14,16,0,0,0,0,0,0,0,0,1,0.0,0.890953,0,0.0,0,365,2,2,0.9786,0.2046,GREEN,33,Chennai
CLM0004925,CHE_06867,Perambur,2020-10-22,19,0,0,0,0,0,0,0,0,0,1.0,0.307014,0,0.0,0,40,0,4,0.618,0.0647,GREEN,34,Chennai
CLM0004926,CHE_08919,T Nagar,2024-12-08,21,0,0,0,0,0,1,0,0,0,0.0,0.960704,0,0.0,0,105,4,0,0.645,0.1592,GREEN,30,Chennai
CLM0004927,CHE_02696,Guindy,2020-05-06,20,0,0,0,0,0,0,0,0,0,0.0,0.225374,0,0.0,0,88,3,0,0.05,0.0,GREEN,56,Chennai
CLM0004928,CHE_08768,Perambur,2019-01-04,8,0,0,0,0,0,0,0,0,0,0.0,0.145745,0,0.0,0,264,4,1,0.6214,0.0,GREEN,31,Chennai
CLM0004929,CHE_04390,Porur,2020-11-21,17,0,0,0,0,0,0,0,0,0,0.0,0.108911,0,0.0,0,158,4,1,0.7468,0.0319,GREEN,54,Chennai
CLM0004930,CHE_07545,Perambur,2023-10-19,13,0,0,0,0,0,1,0,0,0,0.0,0.297335,0,0.0,0,129,0,5,0.796,0.0978,GREEN,27,Chennai
CLM0004931,CHE_08869,T Nagar,2018-07-09,13,0,0,0,0,0,0,0,0,0,1.0,0.241867,0,0.0,0,278,2,1,0.9303,0.0,GREEN,45,Chennai
CLM0004932,CHE_02852,Guindy,2024-07-03,13,0,0,0,0,0,0,0,0,0,0.0,0.152758,1,0.0,0,76,1,1,0.7517,0.0791,GREEN,26,Chennai
CLM0004933,CHE_00986,Sholinganallur,2024-07-16,17,0,1,1,0,0,0,1,0,0,0.0,0.284946,0,0.0,0,240,2,0,0.5767,0.0289,GREEN,51,Chennai
CLM0004934,CHE_09879,Porur,2025-10-13,14,0,0,0,0,0,1,0,0,0,0.0,0.0,0,0.0,0,26,0,1,0.3159,0.1543,GREEN,41,Chennai
CLM0004935,CHE_02403,T Nagar,2015-12-28,12,0,0,0,0,0,1,0,0,0,0.0,0.281822,0,0.0,0,409,3,3,0.4266,0.1616,GREEN,55,Chennai
CLM0004936,CHE_01120,Perambur,2019-08-30,19,0,0,0,0,0,0,0,0,0,0.0,0.357993,1,0.0,0,356,0,3,0.8012,0.0,GREEN,28,Chennai
CLM0004937,CHE_08461,T Nagar,2021-12-04,12,1,0,0,0,0,0,0,0,0,0.0,0.056327,0,0.0,0,134,4,5,0.5292,0.0204,GREEN,47,Chennai
CLM0004938,CHE_04053,T Nagar,2024-03-15,14,0,0,0,0,0,0,0,0,0,0.0,0.148307,0,0.0,0,33,2,0,0.9284,0.0177,GREEN,18,Chennai
CLM0004939,CHE_00595,Guindy,2024-03-04,13,0,0,0,0,0,0,0,0,0,0.0,0.279201,0,0.0,0,341,1,0,0.6433,0.0,GREEN,50,Chennai
CLM0004940,CHE_06590,Perambur,2023-08-09,21,0,0,0,0,0,0,0,0,0,0.0,0.026064,0,0.0,0,420,2,0,0.9337,0.0497,GREEN,30,Chennai
CLM0004941,CHE_06473,Perambur,2023-12-02,19,0,0,0,0,0,1,0,1,0,0.0,0.409769,0,1.0,0,131,3,4,0.517,0.2196,GREEN,28,Chennai
CLM0004942,CHE_08092,Chromepet,2024-06-02,13,0,0,0,1,1,0,0,0,0,1.0,0.0,0,1.0,0,173,4,0,0.0517,0.4034,YELLOW,50,Chennai
CLM0004943,CHE_01104,Anna Nagar,2025-12-25,17,0,0,0,1,0,0,0,0,0,0.0,0.140904,0,0.0,1,99,3,3,0.8455,0.2532,GREEN,46,Chennai
CLM0004944,CHE_06516,Guindy,2021-08-31,12,0,0,0,0,0,0,0,0,0,0.0,0.063829,0,0.0,0,115,2,0,0.6755,0.2003,GREEN,53,Chennai
CLM0004945,CHE_05653,Adyar,2025-01-17,18,0,0,0,0,0,0,0,0,0,0.0,0.371138,0,0.0,0,420,0,3,0.8878,0.0,GREEN,36,Chennai
CLM0004946,CHE_04478,Guindy,2022-04-07,16,0,0,0,1,0,1,0,1,0,0.0,0.994212,0,0.0,1,136,3,1,0.7616,0.3985,YELLOW,47,Chennai
CLM0004947,CHE_09327,Anna Nagar,2021-02-03,21,0,0,0,0,0,0,1,0,0,0.0,0.364011,0,0.0,0,420,2,5,0.6485,0.1514,GREEN,46,Chennai
CLM0004948,CHE_01533,Velachery,2025-12-11,12,0,0,0,0,0,0,0,0,0,0.0,0.513303,0,0.0,0,347,3,1,0.9342,0.0,GREEN,29,Chennai
CLM0004949,CHE_06437,Tambaram,2021-10-02,17,0,0,0,0,0,0,0,0,0,0.0,0.265033,0,0.0,0,40,3,7,0.7218,0.0215,GREEN,25,Chennai
CLM0004950,CHE_05325,Velachery,2020-12-15,8,0,0,0,0,0,0,0,0,0,0.0,0.0,0,0.0,0,420,4,2,0.2712,0.0258,GREEN,43,Chennai
CLM0004951,CHE_00754,Velachery,2023-09-06,15,0,1,1,1,1,1,0,1,1,0.0,0.09544,0,0.0,1,5,2,18,0.7839,0.6907,RED,47,Chennai
CLM0004952,CHE_09987,Perambur,2023-11-10,14,0,1,1,1,0,1,1,1,1,0.0,0.137464,1,0.0,0,5,1,18,0.9529,0.6772,RED,20,Chennai
CLM0004953,CHE_03707,Anna Nagar,2025-07-25,7,0,1,1,1,1,1,1,0,0,1.0,0.140677,0,1.0,1,25,1,18,0.2414,0.6059,YELLOW,49,Chennai
CLM0004954,CHE_05987,Velachery,2024-08-28,18,0,1,1,1,1,1,1,1,1,0.0,0.24649,0,0.0,0,5,0,18,0.7492,0.8194,RED,40,Chennai
CLM0004955,CHE_08715,Porur,2024-08-05,21,0,1,1,1,1,1,0,0,1,1.0,0.919424,1,0.0,1,27,0,18,0.2521,0.7085,RED,34,Chennai
CLM0004956,CHE_07704,Chromepet,2025-06-20,13,0,1,1,1,1,1,0,1,1,1.0,0.137282,0,1.0,1,11,0,16,0.4988,0.8684,RED,60,Chennai
CLM0004957,CHE_01579,Anna Nagar,2020-08-29,11,0,0,0,1,0,0,0,0,0,0.0,0.048549,0,0.0,1,372,3,1,0.6684,0.2539,GREEN,50,Chennai
CLM0004958,CHE_08329,Anna Nagar,2020-09-02,13,0,0,0,0,0,0,0,0,0,0.0,0.310047,0,0.0,0,56,3,6,0.9513,0.0,GREEN,37,Chennai
CLM0004959,CHE_05236,Tambaram,2022-03-08,16,0,0,0,0,0,0,0,0,0,0.0,0.089582,0,0.0,0,280,0,0,0.9423,0.0615,GREEN,40,Chennai
CLM0004960,CHE_04750,Guindy,2024-03-28,17,0,0,0,0,1,0,0,0,0,0.0,0.976797,0,0.0,0,123,3,4,0.594,0.1022,GREEN,57,Chennai
CLM0004961,CHE_06046,Perambur,2023-11-04,17,0,0,0,0,0,0,0,0,0,0.0,0.310748,0,0.0,0,224,3,0,0.6898,0.0256,GREEN,39,Chennai
CLM0004962,CHE_07757,Anna Nagar,2022-01-03,10,0,0,0,0,0,0,0,1,1,0.0,0.230524,0,0.0,0,400,0,3,0.7349,0.2482,GREEN,36,Chennai
CLM0004963,CHE_03192,Sholinganallur,2025-08-10,18,0,0,0,0,0,0,0,0,0,1.0,0.167473,0,0.0,0,380,3,3,0.106,0.0959,GREEN,53,Chennai
CLM0004964,CHE_02889,Anna Nagar,2023-10-18,15,0,0,0,0,0,0,0,0,0,0.0,0.447669,0,0.0,0,159,1,2,0.5674,0.1179,GREEN,49,Chennai
CLM0004965,CHE_05435,Porur,2025-12-30,7,0,0,0,0,0,0,0,0,0,1.0,0.389475,1,0.0,0,348,3,0,0.2832,0.1171,GREEN,57,Chennai
CLM0004966,CHE_09957,T Nagar,2021-07-11,11,0,0,0,0,0,0,0,0,0,0.0,0.314741,0,0.0,0,49,4,3,0.7778,0.0,GREEN,53,Chennai
CLM0004967,CHE_04895,Perambur,2025-08-11,19,0,0,0,0,0,0,1,0,0,0.0,0.283788,0,0.0,0,312,3,2,0.05,0.0081,GREEN,46,Chennai
CLM0004968,CHE_09336,Guindy,2025-03-27,18,0,0,0,0,0,1,0,0,0,0.0,0.276152,0,0.0,0,420,3,0,0.2103,0.1719,GREEN,39,Chennai
CLM0004969,CHE_07084,Porur,2022-08-15,16,0,0,0,0,0,0,0,0,0,0.0,0.16669,0,0.0,0,420,3,0,0.9125,0.0,GREEN,24,Chennai
CLM0004970,CHE_04589,Sholinganallur,2020-04-18,12,0,0,0,0,0,0,0,0,0,0.0,0.227945,0,0.0,0,284,4,5,0.6819,0.0308,GREEN,43,Chennai
CLM0004971,CHE_02707,T Nagar,2022-07-23,21,0,0,0,0,0,0,0,0,0,0.0,0.267814,0,0.0,0,56,0,3,0.2291,0.0268,GREEN,42,Chennai
CLM0004972,CHE_05307,Guindy,2025-07-03,10,0,0,0,1,0,0,0,1,0,0.0,0.214176,0,0.0,0,391,0,0,0.9014,0.198,GREEN,41,Chennai
CLM0004973,CHE_02152,Guindy,2023-06-10,9,0,0,0,0,0,0,0,0,0,0.0,0.082655,0,0.0,0,420,0,4,0.8923,0.067,GREEN,19,Chennai
CLM0004974,CHE_07185,Chromepet,2018-11-22,17,0,0,0,0,0,0,0,0,0,1.0,0.362834,0,0.0,0,298,4,1,0.1915,0.0762,GREEN,43,Chennai
CLM0004975,CHE_03708,T Nagar,2018-10-06,10,0,0,0,0,0,0,0,0,0,0.0,0.997061,0,1.0,0,367,4,4,0.188,0.0142,GREEN,31,Chennai
CLM0004976,CHE_04364,Velachery,2023-08-24,16,0,0,0,0,0,1,0,0,0,0.0,0.273277,0,0.0,0,118,0,0,0.6303,0.1028,GREEN,35,Chennai
CLM0004977,CHE_07340,Porur,2025-09-10,7,0,0,0,0,1,0,0,0,0,0.0,1.0,0,0.0,0,35,0,2,0.8283,0.0823,GREEN,54,Chennai
CLM0004978,CHE_02638,T Nagar,2023-03-27,20,0,0,0,0,0,0,0,0,0,0.0,0.430702,0,0.0,0,5,1,4,0.7833,0.0,GREEN,38,Chennai
CLM0004979,CHE_08720,T Nagar,2025-09-13,11,0,1,1,0,0,0,0,0,0,0.0,0.302957,0,0.0,0,90,3,3,0.6235,0.0,GREEN,37,Chennai
CLM0004980,CHE_03949,Velachery,2022-06-19,11,0,0,0,0,0,0,0,0,0,0.0,0.197409,0,0.0,0,285,4,2,0.05,0.0,GREEN,36,Chennai
CLM0004981,CHE_03621,Velachery,2024-04-22,9,0,1,1,0,0,1,0,1,0,0.0,0.244439,0,0.0,0,420,2,1,0.98,0.2137,GREEN,38,Chennai
CLM0004982,CHE_03514,Anna Nagar,2023-05-24,17,0,0,0,0,0,0,0,1,0,0.0,0.131393,0,0.0,0,342,2,6,0.8315,0.2248,GREEN,62,Chennai
CLM0004983,CHE_00411,Anna Nagar,2023-03-25,8,0,0,0,1,1,0,1,1,0,0.0,0.986577,1,1.0,1,8,1,18,0.05,0.1072,GREEN,52,Chennai
CLM0004984,CHE_00938,Anna Nagar,2024-03-14,17,0,0,0,0,0,0,0,0,0,0.0,1.0,0,0.0,0,10,3,5,0.753,0.0228,GREEN,52,Chennai
CLM0004985,CHE_05553,Sholinganallur,2023-12-16,19,0,0,0,0,0,0,0,1,0,0.0,0.20628,0,0.0,0,190,3,4,0.703,0.0625,GREEN,44,Chennai
CLM0004986,CHE_09810,T Nagar,2024-07-18,12,0,0,0,0,0,0,0,0,0,0.0,0.14962,0,0.0,0,367,4,1,0.6328,0.1262,GREEN,40,Chennai
CLM0004987,CHE_06558,Guindy,2025-06-22,8,0,1,1,0,0,0,0,0,0,0.0,0.201628,0,0.0,0,211,0,1,0.6796,0.031,GREEN,38,Chennai
CLM0004988,CHE_09904,T Nagar,2018-08-09,10,0,0,0,0,0,0,0,0,0,0.0,0.990407,0,0.0,0,312,4,1,0.5569,0.0,GREEN,28,Chennai
CLM0004989,CHE_00733,Velachery,2022-01-08,14,0,0,0,0,0,0,0,0,0,0.0,0.186997,0,0.0,0,337,2,4,0.9139,0.0142,GREEN,48,Chennai
CLM0004990,CHE_03566,Chromepet,2023-11-16,14,0,0,0,1,1,0,1,0,0,0.0,0.973506,1,1.0,1,7,0,18,0.9539,0.0752,GREEN,27,Chennai
CLM0004991,CHE_06149,Adyar,2023-10-16,19,0,0,0,0,0,0,0,0,0,0.0,1.0,0,0.0,0,370,4,4,0.7876,0.0374,GREEN,26,Chennai
CLM0004992,CHE_05230,Chromepet,2024-08-26,19,0,0,0,0,0,0,0,0,0,0.0,0.160796,0,0.0,0,420,0,0,0.7091,0.0,GREEN,53,Chennai
CLM0004993,CHE_08943,Velachery,2023-05-08,8,0,0,0,0,0,0,0,0,1,0.0,0.251042,0,0.0,0,271,2,0,0.2251,0.0813,GREEN,29,Chennai
CLM0004994,CHE_08254,Porur,2022-04-24,18,0,0,0,1,0,0,0,0,0,0.0,0.431777,1,0.0,0,57,1,1,0.4905,0.2332,GREEN,41,Chennai
CLM0004995,CHE_05112,Sholinganallur,2021-07-22,14,0,0,0,0,0,0,0,0,0,1.0,0.389212,0,0.0,0,164,0,1,0.8908,0.2755,GREEN,41,Chennai
CLM0004996,CHE_03561,Adyar,2022-01-29,10,0,0,0,0,0,0,0,0,0,0.0,0.230048,0,0.0,0,72,0,6,0.2395,0.0,GREEN,36,Chennai
CLM0004997,CHE_08221,Guindy,2019-12-13,10,0,0,0,0,0,0,0,0,0,0.0,0.280256,0,0.0,0,420,1,0,0.606,0.1006,GREEN,40,Chennai
CLM0004998,CHE_00261,T Nagar,2023-08-24,8,0,1,1,0,0,0,0,0,0,0.0,0.359275,0,0.0,0,222,2,5,0.5645,0.0,GREEN,44,Chennai
CLM0004999,CHE_07226,Sholinganallur,2021-01-05,15,0,0,0,0,0,0,0,0,0,0.0,0.263929,0,1.0,0,309,4,1,0.563,0.0,GREEN,31,Chennai
CLM0005000,CHE_02746,Perambur,2025-08-01,15,0,0,0,0,0,0,0,0,0,0.0,0.104393,0,0.0,0,178,0,3,0.881,0.0213,GREEN,30,Chennai
CLM0005001,CHE_00317,T Nagar,2019-04-04,9,0,0,0,0,0,0,0,0,0,0.0,0.305643,0,0.0,0,394,4,0,0.9347,0.0,GREEN,18,Chennai
CLM0005002,CHE_00665,Porur,2025-12-15,21,0,0,0,0,0,0,0,0,0,0.0,0.817731,0,0.0,0,5,3,0,0.6078,0.0,GREEN,37,Chennai
CLM0005003,CHE_06532,Chromepet,2022-08-12,9,0,0,0,0,0,0,0,0,0,0.0,0.312633,0,0.0,0,262,4,3,0.8204,0.0018,GREEN,32,Chennai
CLM0005004,CHE_01697,Perambur,2024-09-27,17,0,0,0,0,0,0,0,0,0,0.0,0.052176,0,0.0,0,420,0,2,0.2743,0.0411,GREEN,40,Chennai
CLM0005005,CHE_04460,Sholinganallur,2020-03-19,19,0,0,0,0,0,0,0,0,0,0.0,0.158564,0,0.0,0,120,2,2,0.4718,0.0,GREEN,24,Chennai
CLM0005006,CHE_05255,Guindy,2020-10-22,13,0,0,0,0,0,0,0,1,0,0.0,0.138881,0,1.0,0,136,3,3,0.6841,0.0826,GREEN,57,Chennai
CLM0005007,CHE_03908,Velachery,2017-08-17,11,0,0,0,0,0,0,1,0,0,0.0,0.01631,0,0.0,0,396,1,4,0.8188,0.1556,GREEN,43,Chennai
CLM0005008,CHE_05776,Velachery,2023-09-19,10,0,0,0,0,0,0,0,0,0,0.0,0.213356,0,0.0,0,323,2,4,0.8784,0.0,GREEN,47,Chennai
CLM0005009,CHE_02006,Anna Nagar,2023-07-13,14,0,0,0,0,0,0,0,0,0,0.0,0.160003,0,0.0,0,337,1,0,0.98,0.0131,GREEN,42,Chennai
CLM0005010,CHE_05312,Velachery,2022-07-23,19,0,0,0,0,0,0,0,0,1,0.0,0.119204,0,0.0,0,290,3,1,0.8336,0.1493,GREEN,33,Chennai
CLM0005011,CHE_06436,Adyar,2018-06-13,12,0,0,0,0,0,0,0,0,0,0.0,0.06949,0,0.0,0,420,4,8,0.5184,0.0092,GREEN,52,Chennai
CLM0005012,CHE_02497,Tambaram,2020-08-10,18,0,1,1,0,0,0,0,1,0,0.0,0.345107,0,0.0,0,22,2,6,0.912,0.1471,GREEN,49,Chennai
CLM0005013,CHE_00646,Guindy,2025-11-22,11,0,0,0,0,0,0,0,0,0,1.0,0.288688,0,0.0,0,336,0,1,0.6445,0.0533,GREEN,37,Chennai
CLM0005014,CHE_06527,Adyar,2025-05-22,9,0,0,0,0,0,0,0,0,0,0.0,0.252469,0,0.0,0,331,3,6,0.5571,0.0215,GREEN,44,Chennai
CLM0005015,CHE_01511,Guindy,2025-04-05,15,0,0,0,0,0,0,0,1,0,0.0,0.39012,0,0.0,0,420,0,0,0.7134,0.0815,GREEN,35,Chennai
CLM0005016,CHE_02203,Adyar,2023-05-07,12,0,0,0,1,0,0,0,0,0,0.0,0.431653,0,0.0,0,420,2,3,0.5962,0.1981,GREEN,39,Chennai
CLM0005017,CHE_05021,Tambaram,2023-11-29,11,0,0,0,0,0,0,1,0,0,1.0,1.0,1,0.0,0,36,0,1,0.7219,0.0822,GREEN,35,Chennai
CLM0005018,CHE_09273,Tambaram,2025-06-18,16,0,0,0,0,0,0,0,0,0,0.0,0.083186,0,0.0,0,256,2,1,0.5605,0.0,GREEN,44,Chennai
CLM0005019,CHE_04763,Adyar,2024-06-26,13,0,0,0,0,0,0,0,1,0,1.0,0.928621,0,1.0,0,87,3,1,0.7321,0.0554,GREEN,43,Chennai
CLM0005020,CHE_09163,Sholinganallur,2024-07-31,7,0,0,0,0,0,0,1,0,0,0.0,0.199802,0,0.0,0,349,2,1,0.7604,0.0772,GREEN,46,Chennai
CLM0005021,CHE_01387,Porur,2023-09-28,20,0,0,0,0,0,0,0,0,0,0.0,0.162189,0,0.0,1,420,1,1,0.9051,0.0669,GREEN,50,Chennai
CLM0005022,CHE_03698,Perambur,2024-01-21,7,0,0,0,0,0,0,0,0,0,0.0,0.32259,0,0.0,0,33,3,0,0.7995,0.0036,GREEN,34,Chennai
CLM0005023,CHE_07086,Tambaram,2025-11-13,20,0,0,0,0,0,0,0,0,0,0.0,0.181385,0,1.0,1,420,4,2,0.98,0.0685,GREEN,27,Chennai
CLM0005024,CHE_08448,Anna Nagar,2023-05-20,14,0,1,1,0,1,0,0,0,0,0.0,0.28452,0,0.0,0,157,0,0,0.8184,0.1252,GREEN,18,Chennai
CLM0005025,CHE_04240,Chromepet,2025-11-23,14,0,0,0,0,0,0,0,0,0,0.0,0.251828,0,0.0,0,386,4,0,0.2041,0.0638,GREEN,36,Chennai
CLM0005026,CHE_00321,Guindy,2016-02-22,9,0,0,0,0,0,0,0,0,0,0.0,0.0,0,0.0,0,261,1,0,0.788,0.0,GREEN,39,Chennai
CLM0005027,CHE_03758,Porur,2020-01-23,16,0,0,0,0,0,0,0,0,0,0.0,0.328966,0,0.0,0,340,4,6,0.1579,0.0441,GREEN,37,Chennai
CLM0005028,CHE_07535,Chromepet,2016-05-20,10,0,0,0,1,0,1,1,1,1,0.0,0.020756,0,0.0,0,9,3,18,0.7963,0.0913,GREEN,30,Chennai
CLM0005029,CHE_09262,Chromepet,2022-09-30,14,0,0,0,0,0,0,0,0,0,0.0,0.259093,0,0.0,0,348,3,3,0.98,0.0175,GREEN,44,Chennai
CLM0005030,CHE_08617,T Nagar,2022-09-02,16,0,0,0,0,0,0,0,0,1,0.0,0.269638,0,0.0,0,142,0,1,0.7984,0.0987,GREEN,29,Chennai
CLM0005031,CHE_06624,Velachery,2020-04-12,7,0,0,0,0,0,1,0,0,0,0.0,0.085685,0,0.0,0,71,1,0,0.5644,0.1645,GREEN,36,Chennai
CLM0005032,CHE_00605,Tambaram,2018-12-02,10,0,0,0,0,0,0,0,0,0,0.0,0.061622,0,0.0,0,148,0,6,0.1932,0.0593,GREEN,28,Chennai
CLM0005033,CHE_05240,Velachery,2018-05-07,8,0,0,0,0,0,0,1,0,0,0.0,0.0,0,0.0,0,395,3,0,0.9239,0.1587,GREEN,25,Chennai
CLM0005034,CHE_07452,T Nagar,2019-02-21,8,0,0,0,0,0,0,0,0,0,0.0,0.061257,0,0.0,0,420,1,1,0.05,0.0,GREEN,42,Chennai
CLM0005035,CHE_03506,Tambaram,2024-09-08,20,0,0,0,0,0,0,0,0,0,0.0,1.0,0,0.0,0,183,0,5,0.8434,0.0,GREEN,27,Chennai
CLM0005036,CHE_07935,Sholinganallur,2024-01-18,8,0,0,0,0,0,0,0,0,0,1.0,0.90908,0,1.0,0,301,0,0,0.7624,0.0,GREEN,32,Chennai
CLM0005037,CHE_02373,Adyar,2019-04-07,19,0,0,0,0,0,0,0,0,0,0.0,0.0,0,0.0,0,43,3,0,0.98,0.0,GREEN,39,Chennai
CLM0005038,CHE_06805,Perambur,2025-07-05,10,0,1,1,0,0,0,0,0,0,0.0,0.176971,0,0.0,0,164,1,7,0.98,0.0759,GREEN,33,Chennai
CLM0005039,CHE_04841,T Nagar,2024-12-29,11,0,0,0,0,0,0,0,0,0,0.0,0.094096,0,0.0,0,420,0,5,0.5308,0.0,GREEN,55,Chennai
CLM0005040,CHE_07262,Anna Nagar,2024-12-02,20,0,0,0,0,0,0,0,0,0,0.0,0.056018,0,0.0,0,420,3,6,0.643,0.0,GREEN,53,Chennai
CLM0005041,CHE_00203,Perambur,2024-10-04,8,0,0,0,0,1,0,0,0,0,1.0,0.416904,0,0.0,0,370,3,2,0.5722,0.1888,GREEN,35,Chennai
CLM0005042,CHE_03244,Porur,2022-12-03,19,0,0,0,1,0,0,0,0,0,0.0,0.389704,0,0.0,0,404,0,2,0.9627,0.2065,GREEN,37,Chennai
CLM0005043,CHE_03862,Sholinganallur,2020-04-18,7,0,0,0,0,0,0,0,0,0,0.0,0.973432,0,0.0,0,212,2,0,0.5072,0.0,GREEN,41,Chennai
CLM0005044,CHE_03396,T Nagar,2023-05-24,17,0,0,0,0,0,1,0,0,0,0.0,0.081098,0,0.0,0,366,1,1,0.7623,0.0025,GREEN,24,Chennai
CLM0005045,CHE_04608,Perambur,2025-07-17,21,0,0,0,0,0,0,0,0,0,0.0,0.36731,0,0.0,0,269,2,0,0.5875,0.0074,GREEN,48,Chennai
CLM0005046,CHE_03125,Perambur,2024-10-12,21,0,0,0,0,0,0,0,0,1,0.0,1.0,0,0.0,0,119,0,3,0.5078,0.0222,GREEN,29,Chennai
CLM0005047,CHE_04059,Chromepet,2022-11-30,10,0,0,0,0,0,0,0,0,0,0.0,0.241766,0,0.0,0,194,1,2,0.4895,0.0,GREEN,36,Chennai
CLM0005048,CHE_08074,Guindy,2025-01-02,20,0,0,0,0,0,0,0,0,0,0.0,0.328573,0,0.0,0,216,4,0,0.9389,0.0535,GREEN,32,Chennai
CLM0005049,CHE_00930,Porur,2023-04-01,15,0,0,0,0,0,0,0,0,1,0.0,0.10865,0,1.0,0,420,1,4,0.7115,0.1459,GREEN,32,Chennai
CLM0005050,CHE_05794,Velachery,2022-08-13,11,0,0,0,0,0,0,0,1,0,0.0,0.369374,0,0.0,0,320,2,4,0.98,0.1132,GREEN,40,Chennai
CLM0005051,CHE_07998,Guindy,2023-11-15,17,0,0,0,0,0,0,0,0,0,0.0,0.248432,0,0.0,0,420,1,4,0.98,0.0259,GREEN,39,Chennai
CLM0005052,CHE_02457,Tambaram,2023-01-09,20,0,0,0,0,0,0,0,0,0,0.0,0.142,0,0.0,0,284,2,1,0.9396,0.0,GREEN,49,Chennai
CLM0005053,CHE_07574,Velachery,2025-07-04,16,0,0,0,0,0,0,0,0,0,0.0,0.070878,0,0.0,0,166,2,4,0.562,0.0,GREEN,40,Chennai
CLM0005054,CHE_08389,Velachery,2021-09-13,8,0,0,0,0,0,0,0,1,0,0.0,0.345826,0,0.0,0,42,4,1,0.5136,0.1457,GREEN,38,Chennai
CLM0005055,CHE_09161,Sholinganallur,2021-07-26,16,0,0,0,0,0,0,0,0,0,0.0,0.256317,0,0.0,0,420,0,0,0.6684,0.0,GREEN,41,Chennai
CLM0005056,CHE_02764,Adyar,2022-06-20,13,0,1,1,0,0,0,0,0,0,0.0,0.0,0,0.0,0,242,0,4,0.9397,0.0258,GREEN,45,Chennai
CLM0005057,CHE_05221,Guindy,2022-08-07,8,0,0,0,1,0,1,0,0,1,0.0,0.06086,0,0.0,0,420,3,0,0.517,0.4127,YELLOW,46,Chennai
CLM0005058,CHE_06522,Adyar,2020-02-11,14,0,0,0,0,0,0,0,0,0,0.0,0.377582,0,0.0,0,46,1,1,0.6811,0.1035,GREEN,30,Chennai
CLM0005059,CHE_06694,T Nagar,2019-07-15,9,0,0,0,0,0,0,0,0,0,0.0,0.096698,0,0.0,0,36,3,2,0.6449,0.0426,GREEN,33,Chennai
CLM0005060,CHE_03291,Perambur,2025-02-27,7,0,0,0,0,0,0,0,0,1,0.0,0.537801,0,0.0,0,69,0,1,0.5951,0.1673,GREEN,43,Chennai
CLM0005061,CHE_08951,Anna Nagar,2018-01-04,14,0,0,0,0,0,0,0,0,0,0.0,0.232583,0,0.0,0,420,1,0,0.6687,0.0,GREEN,18,Chennai
CLM0005062,CHE_02892,Porur,2025-12-27,16,0,0,0,0,1,0,0,0,0,0.0,0.206405,0,1.0,0,420,2,2,0.6911,0.0724,GREEN,41,Chennai
CLM0005063,CHE_03224,T Nagar,2021-06-24,16,0,0,0,1,1,1,0,1,0,0.0,0.106265,0,0.0,0,5,2,18,0.3505,0.0933,GREEN,35,Chennai
CLM0005064,CHE_08430,Porur,2019-02-18,15,0,0,0,0,1,0,0,0,0,0.0,0.985279,0,0.0,0,420,3,3,0.05,0.0604,GREEN,27,Chennai
CLM0005065,CHE_04345,Guindy,2021-06-04,16,0,0,0,0,0,0,0,0,0,0.0,0.142924,0,0.0,0,420,3,0,0.7957,0.0,GREEN,52,Chennai
CLM0005066,CHE_09125,Adyar,2024-06-23,8,0,0,0,0,0,0,0,1,0,1.0,1.0,0,1.0,0,420,2,1,0.6285,0.0919,GREEN,31,Chennai
CLM0005067,CHE_08788,Sholinganallur,2023-12-09,17,0,0,0,0,1,0,0,1,0,1.0,0.101592,1,0.0,0,5,2,18,0.8817,0.0829,GREEN,30,Chennai
CLM0005068,CHE_05796,Chromepet,2024-01-11,11,0,0,0,0,1,0,1,1,0,1.0,1.0,0,0.0,0,5,0,18,0.4709,0.2126,GREEN,47,Chennai
CLM0005069,CHE_09249,Porur,2021-09-02,18,0,0,0,0,0,0,0,0,0,0.0,0.260251,0,0.0,0,328,4,4,0.1995,0.0,GREEN,23,Chennai
CLM0005070,CHE_00986,Sholinganallur,2025-04-22,20,0,0,0,0,0,0,1,0,0,1.0,0.107772,0,0.0,0,120,4,0,0.7319,0.1965,GREEN,51,Chennai
CLM0005071,CHE_00079,Porur,2023-01-21,13,0,0,0,0,0,0,0,0,0,1.0,0.130396,0,0.0,0,256,1,3,0.7374,0.1136,GREEN,29,Chennai
CLM0005072,CHE_05577,Porur,2021-06-24,8,0,0,0,0,0,0,0,0,0,0.0,0.859717,0,0.0,0,420,1,2,0.8525,0.0411,GREEN,29,Chennai
CLM0005073,CHE_04107,Anna Nagar,2023-08-02,16,0,0,0,0,1,0,0,0,0,0.0,0.226349,0,0.0,0,232,1,4,0.4071,0.1166,GREEN,36,Chennai
CLM0005074,CHE_04089,Velachery,2023-07-09,16,0,0,0,0,0,0,0,1,0,0.0,0.0,0,0.0,0,111,1,6,0.5481,0.0912,GREEN,29,Chennai
CLM0005075,CHE_07856,Tambaram,2025-08-23,16,0,0,0,0,0,0,0,0,0,0.0,0.574195,0,0.0,0,138,0,1,0.706,0.0,GREEN,34,Chennai
CLM0005076,CHE_01411,Adyar,2025-12-18,10,0,0,0,0,0,0,0,0,0,0.0,0.346099,0,0.0,1,222,4,4,0.6538,0.0476,GREEN,18,Chennai
CLM0005077,CHE_02797,Tambaram,2025-08-01,12,0,0,0,0,0,1,0,0,0,0.0,0.192173,0,0.0,0,420,2,5,0.9033,0.0739,GREEN,44,Chennai
CLM0005078,CHE_06228,Sholinganallur,2025-01-07,10,0,0,0,0,0,0,1,0,0,0.0,0.859906,0,0.0,0,15,2,4,0.8936,0.008,GREEN,36,Chennai
CLM0005079,CHE_01066,Guindy,2024-02-18,19,0,0,0,0,0,0,0,0,0,0.0,0.419656,0,0.0,0,270,1,0,0.6389,0.0565,GREEN,46,Chennai
CLM0005080,CHE_01960,Anna Nagar,2024-09-28,19,0,0,0,0,0,1,0,0,0,0.0,0.240592,1,0.0,0,68,0,8,0.8743,0.1515,GREEN,36,Chennai
CLM0005081,CHE_06166,Sholinganallur,2024-02-06,14,0,0,0,0,0,1,0,0,0,0.0,0.0,0,1.0,0,420,1,0,0.6564,0.0892,GREEN,19,Chennai
CLM0005082,CHE_05398,Guindy,2025-09-01,15,0,0,0,1,1,0,0,1,1,0.0,0.007857,0,0.0,0,5,2,18,0.7427,0.0,GREEN,22,Chennai
CLM0005083,CHE_00526,Guindy,2025-08-31,11,0,0,0,0,0,0,0,0,0,0.0,0.969575,0,0.0,0,148,3,5,0.7681,0.2365,GREEN,43,Chennai
CLM0005084,CHE_02013,Anna Nagar,2023-08-12,11,0,0,0,0,0,0,0,1,0,0.0,0.346911,0,0.0,0,51,4,0,0.6741,0.0935,GREEN,35,Chennai
CLM0005085,CHE_01393,Velachery,2024-12-24,15,0,0,0,1,0,0,0,0,0,0.0,0.917099,1,0.0,0,305,2,2,0.6584,0.2661,GREEN,47,Chennai
CLM0005086,CHE_09622,Porur,2022-03-26,14,0,0,0,0,0,0,0,0,0,0.0,0.930699,0,0.0,0,322,4,2,0.7238,0.0,GREEN,33,Chennai
CLM0005087,CHE_04556,Chromepet,2020-11-08,12,0,0,0,0,0,0,1,0,0,0.0,0.392257,0,0.0,0,393,1,1,0.7695,0.1042,GREEN,28,Chennai
CLM0005088,CHE_06579,Anna Nagar,2019-02-08,21,0,0,0,0,0,0,1,0,0,0.0,0.173227,0,0.0,0,156,1,1,0.9116,0.0,GREEN,49,Chennai
CLM0005089,CHE_00861,Velachery,2025-07-22,19,0,0,0,0,0,0,0,0,0,1.0,0.977015,0,1.0,0,80,0,2,0.8966,0.1658,GREEN,40,Chennai
CLM0005090,CHE_09439,Guindy,2023-08-17,15,0,0,0,0,0,0,0,0,0,0.0,0.295407,0,0.0,0,123,1,1,0.98,0.0869,GREEN,38,Chennai
CLM0005091,CHE_04480,Porur,2020-05-02,14,0,0,0,0,0,0,0,0,0,1.0,0.103755,0,0.0,0,420,3,1,0.796,0.0224,GREEN,51,Chennai
CLM0005092,CHE_06399,Porur,2025-10-14,10,0,0,0,0,0,0,0,0,0,0.0,0.393365,0,0.0,0,417,1,5,0.7041,0.0,GREEN,38,Chennai
CLM0005093,CHE_08396,Tambaram,2023-11-01,16,0,0,0,0,0,0,0,0,0,1.0,0.283603,1,0.0,0,401,0,4,0.868,0.0998,GREEN,28,Chennai
CLM0005094,CHE_00790,Adyar,2019-10-26,12,0,1,1,0,0,0,0,0,1,0.0,0.023327,0,0.0,0,107,4,4,0.6096,0.0556,GREEN,29,Chennai
CLM0005095,CHE_08880,Guindy,2020-08-25,18,0,0,0,0,0,0,0,0,0,0.0,0.265851,0,0.0,0,297,1,4,0.7356,0.1107,GREEN,39,Chennai
CLM0005096,CHE_07045,Tambaram,2018-10-27,13,0,0,0,0,0,0,0,0,0,0.0,0.354674,0,0.0,0,316,4,6,0.7176,0.033,GREEN,52,Chennai
CLM0005097,CHE_05083,Adyar,2024-07-18,11,0,1,1,0,0,0,1,1,1,0.0,0.201374,0,0.0,0,5,4,18,0.9564,0.0912,GREEN,33,Chennai
CLM0005098,CHE_03122,Velachery,2024-07-29,21,0,0,0,0,0,0,0,0,0,0.0,0.265399,0,0.0,0,126,4,3,0.4595,0.011,GREEN,34,Chennai
CLM0005099,CHE_01157,Anna Nagar,2023-11-09,20,0,0,0,0,0,0,0,0,0,0.0,0.374143,0,0.0,0,109,2,4,0.2377,0.0,GREEN,20,Chennai
CLM0005100,CHE_05185,T Nagar,2025-04-16,14,0,0,0,0,0,0,0,0,0,0.0,0.211745,0,0.0,0,363,0,2,0.5093,0.0271,GREEN,19,Chennai
CLM0005101,CHE_05523,T Nagar,2025-07-31,16,0,0,0,0,0,1,0,0,0,0.0,0.005715,0,1.0,0,55,0,1,0.5238,0.1317,GREEN,29,Chennai
CLM0005102,CHE_00437,Porur,2022-09-20,12,0,1,1,1,0,0,1,1,1,1.0,0.956446,1,1.0,1,10,1,18,0.05,0.6892,RED,32,Chennai
CLM0005103,CHE_06316,Adyar,2025-02-28,16,0,1,1,1,1,1,1,1,1,1.0,0.98096,0,0.0,1,6,2,18,0.7381,0.8357,RED,42,Chennai
CLM0005104,CHE_08167,Anna Nagar,2025-05-01,14,0,1,1,0,1,1,1,1,1,0.0,0.993736,0,1.0,0,5,1,18,0.98,0.6006,YELLOW,25,Chennai
CLM0005105,CHE_02590,Guindy,2021-09-05,10,0,1,1,1,0,0,0,0,0,0.0,1.0,0,0.0,0,420,1,0,0.1117,0.4973,YELLOW,27,Chennai
CLM0005106,CHE_01639,Anna Nagar,2021-09-12,14,0,1,1,1,1,1,0,1,0,0.0,0.068687,0,0.0,0,5,2,18,0.3404,0.5014,YELLOW,60,Chennai
CLM0005107,CHE_04952,Adyar,2025-09-25,7,0,1,1,1,1,1,1,0,0,0.0,0.13729,0,0.0,0,14,1,18,0.9277,0.6331,RED,36,Chennai
CLM0005108,CHE_08333,T Nagar,2023-04-15,18,0,1,1,0,1,1,1,1,0,1.0,0.453511,1,0.0,0,5,1,18,0.2793,0.6724,RED,33,Chennai
CLM0005109,CHE_05762,Anna Nagar,2023-01-11,19,0,1,1,1,1,1,1,1,0,0.0,0.040667,1,0.0,1,25,0,18,0.9095,0.6229,RED,21,Chennai
CLM0005110,CHE_03031,T Nagar,2020-03-16,11,0,0,0,0,0,0,0,0,0,0.0,1.0,1,0.0,0,134,4,5,0.678,0.1779,GREEN,50,Chennai
CLM0005111,CHE_03126,Tambaram,2018-06-30,8,0,0,0,0,0,0,0,0,0,0.0,0.896918,0,0.0,0,382,1,2,0.9621,0.1559,GREEN,54,Chennai
CLM0005112,CHE_01296,Porur,2018-07-26,9,0,1,1,1,0,0,0,0,0,0.0,0.205486,0,0.0,0,420,3,3,0.05,0.0892,GREEN,39,Chennai
CLM0005113,CHE_08570,Tambaram,2016-06-14,10,0,0,0,0,0,0,0,0,0,0.0,0.208062,0,0.0,0,301,3,0,0.6444,0.0291,GREEN,25,Chennai
CLM0005114,CHE_02993,Anna Nagar,2016-06-16,15,0,0,0,0,0,0,0,0,0,0.0,0.286965,0,0.0,0,123,2,3,0.5235,0.0,GREEN,64,Chennai
CLM0005115,CHE_07410,Adyar,2015-09-05,14,0,0,0,0,0,0,0,0,0,0.0,0.077336,0,0.0,0,254,3,5,0.9663,0.0,GREEN,24,Chennai
CLM0005116,CHE_02029,Porur,2025-09-14,12,0,0,0,1,0,0,0,1,0,0.0,0.041596,0,0.0,0,379,2,3,0.3887,0.2875,GREEN,25,Chennai
CLM0005117,CHE_00841,Chromepet,2024-10-03,19,0,0,0,0,0,0,0,0,0,0.0,1.0,0,0.0,0,262,3,0,0.7748,0.0,GREEN,48,Chennai
CLM0005118,CHE_08825,T Nagar,2023-02-16,7,0,0,0,0,0,0,0,0,0,0.0,0.110851,0,1.0,0,371,1,3,0.896,0.0882,GREEN,39,Chennai
CLM0005119,CHE_08686,Porur,2021-11-26,21,0,0,0,0,0,0,0,0,0,0.0,0.405169,0,0.0,0,328,3,1,0.9339,0.0,GREEN,44,Chennai
CLM0005120,CHE_02760,Perambur,2020-12-19,10,0,0,0,0,0,0,0,0,0,0.0,1.0,0,0.0,0,262,2,0,0.5041,0.0,GREEN,34,Chennai
CLM0005121,CHE_02360,Chromepet,2025-09-07,15,0,0,0,1,1,1,0,1,1,0.0,0.170798,1,0.0,0,14,3,18,0.8759,0.0,GREEN,26,Chennai
CLM0005122,CHE_07273,Porur,2024-11-28,11,0,0,0,0,0,0,0,0,0,0.0,0.921885,0,0.0,0,99,2,4,0.7646,0.0,GREEN,22,Chennai
CLM0005123,CHE_07314,Anna Nagar,2020-11-14,16,0,0,0,0,0,0,0,0,0,0.0,0.951021,0,0.0,0,46,4,0,0.9612,0.0826,GREEN,48,Chennai
CLM0005124,CHE_05034,Anna Nagar,2020-12-30,8,0,0,0,0,1,0,1,1,0,1.0,0.957306,0,1.0,0,5,1,18,0.875,0.0637,GREEN,47,Chennai
CLM0005125,CHE_00361,Tambaram,2024-09-02,8,0,0,0,0,0,0,0,0,0,0.0,0.360308,0,0.0,0,420,2,2,0.7546,0.0,GREEN,37,Chennai
CLM0005126,CHE_00432,T Nagar,2022-05-15,20,0,0,0,0,0,0,0,0,0,0.0,0.339542,0,0.0,0,224,0,1,0.05,0.0775,GREEN,43,Chennai
CLM0005127,CHE_08934,Anna Nagar,2023-03-31,15,0,0,0,0,0,0,0,0,0,0.0,0.089573,0,0.0,0,76,4,6,0.6416,0.0479,GREEN,40,Chennai
CLM0005128,CHE_01179,Chromepet,2024-06-10,14,0,0,0,0,0,1,0,0,0,1.0,0.99845,0,1.0,0,179,1,5,0.8809,0.2488,GREEN,21,Chennai
CLM0005129,CHE_03411,Adyar,2024-11-09,15,0,0,0,0,0,0,0,0,0,1.0,0.998074,0,0.0,0,70,2,1,0.5932,0.1034,GREEN,50,Chennai
CLM0005130,CHE_08784,T Nagar,2023-05-22,11,0,0,0,1,0,0,0,1,0,1.0,0.147163,0,0.0,0,294,4,6,0.8104,0.3888,YELLOW,59,Chennai
CLM0005131,CHE_02388,Velachery,2023-04-19,10,0,0,0,0,0,1,0,0,0,1.0,1.0,0,1.0,0,404,3,4,0.8354,0.1637,GREEN,18,Chennai
CLM0005132,CHE_05135,T Nagar,2024-10-05,15,0,0,0,0,0,0,0,0,0,0.0,0.308998,0,0.0,0,168,4,1,0.829,0.0,GREEN,32,Chennai
CLM0005133,CHE_08634,Velachery,2020-11-18,20,0,0,0,0,0,0,0,0,0,0.0,0.269653,0,0.0,0,420,4,0,0.7678,0.0165,GREEN,33,Chennai
CLM0005134,CHE_02438,Sholinganallur,2020-09-14,11,0,0,0,0,0,0,0,0,0,0.0,0.234981,0,0.0,0,416,2,0,0.8112,0.0,GREEN,56,Chennai
CLM0005135,CHE_07430,Tambaram,2023-02-09,11,0,0,0,1,0,0,0,0,0,0.0,0.956653,0,0.0,0,305,1,0,0.9044,0.2595,GREEN,46,Chennai
CLM0005136,CHE_07914,Velachery,2022-01-18,12,0,0,0,0,0,0,0,0,0,0.0,0.360745,0,0.0,0,198,0,0,0.98,0.0,GREEN,57,Chennai
CLM0005137,CHE_04424,Perambur,2021-02-28,20,0,0,0,0,0,0,0,0,0,0.0,0.306378,1,0.0,0,245,1,0,0.7339,0.0,GREEN,31,Chennai
CLM0005138,CHE_05561,Perambur,2020-06-03,7,0,0,0,0,0,0,0,0,0,0.0,0.079298,0,0.0,0,420,0,1,0.7944,0.0097,GREEN,39,Chennai
CLM0005139,CHE_06820,Anna Nagar,2024-06-06,18,0,0,0,0,0,0,0,0,0,1.0,0.0,0,0.0,0,209,4,2,0.98,0.0429,GREEN,18,Chennai
CLM0005140,CHE_08141,T Nagar,2020-04-02,17,0,0,0,0,0,0,0,0,0,0.0,0.313879,0,0.0,0,197,4,5,0.6101,0.0,GREEN,31,Chennai
CLM0005141,CHE_06342,Velachery,2017-01-01,18,0,0,0,0,0,1,0,0,0,0.0,0.0,0,0.0,0,420,3,2,0.7766,0.1912,GREEN,51,Chennai
CLM0005142,CHE_05084,Perambur,2024-09-23,16,0,0,0,0,0,0,0,0,0,0.0,0.209924,0,0.0,0,293,2,1,0.4257,0.0554,GREEN,22,Chennai
CLM0005143,CHE_00620,Anna Nagar,2021-09-03,17,0,0,0,0,0,0,0,0,0,0.0,0.305128,0,0.0,0,88,1,3,0.7038,0.0027,GREEN,38,Chennai
CLM0005144,CHE_07338,Guindy,2023-06-09,19,0,0,0,0,0,0,0,0,0,0.0,0.333702,0,0.0,0,30,4,0,0.2342,0.0026,GREEN,44,Chennai
CLM0005145,CHE_06638,Adyar,2019-09-15,15,0,0,0,0,0,1,0,0,1,0.0,0.066748,0,0.0,0,164,2,6,0.7091,0.2425,GREEN,43,Chennai
CLM0005146,CHE_05482,Adyar,2023-05-05,17,0,0,0,0,0,0,0,0,0,0.0,0.271582,0,0.0,0,176,3,8,0.5508,0.0,GREEN,47,Chennai
CLM0005147,CHE_03011,Guindy,2021-06-26,11,0,0,0,0,0,0,0,0,0,0.0,0.250698,0,0.0,0,306,0,4,0.77,0.0,GREEN,55,Chennai
CLM0005148,CHE_04692,Adyar,2020-11-22,16,0,0,0,0,0,0,0,0,0,0.0,0.173465,0,1.0,0,394,4,2,0.7197,0.045,GREEN,51,Chennai
CLM0005149,CHE_03525,Chromepet,2022-11-06,16,0,0,0,1,0,0,0,0,0,0.0,1.0,0,0.0,0,288,3,0,0.4639,0.1807,GREEN,52,Chennai
CLM0005150,CHE_07036,Anna Nagar,2023-05-03,8,0,0,0,0,0,0,0,1,0,1.0,0.11397,0,0.0,0,420,3,0,0.8598,0.1724,GREEN,41,Chennai
CLM0005151,CHE_06498,Tambaram,2025-10-04,14,0,0,0,0,0,1,0,0,0,0.0,0.238377,0,0.0,0,420,0,5,0.6675,0.0996,GREEN,47,Chennai
CLM0005152,CHE_06132,Perambur,2020-04-09,7,0,0,0,0,0,0,0,0,0,0.0,0.017035,0,0.0,0,301,1,0,0.8415,0.063,GREEN,30,Chennai
CLM0005153,CHE_08114,Chromepet,2020-04-25,7,0,0,0,0,0,0,0,0,0,0.0,0.265511,0,0.0,0,173,1,1,0.9729,0.0,GREEN,62,Chennai
CLM0005154,CHE_02286,Tambaram,2023-08-25,9,0,0,0,1,0,0,0,0,0,0.0,0.028878,0,0.0,0,380,3,6,0.9627,0.1501,GREEN,39,Chennai
CLM0005155,CHE_00300,Adyar,2020-10-19,21,0,0,0,0,0,0,0,0,0,0.0,0.076416,0,0.0,0,209,1,3,0.2254,0.0,GREEN,42,Chennai
CLM0005156,CHE_06481,Sholinganallur,2019-06-26,10,0,0,0,1,0,1,0,0,0,0.0,0.032529,0,0.0,0,420,1,0,0.98,0.2623,GREEN,52,Chennai
CLM0005157,CHE_09538,Chromepet,2024-12-07,9,0,0,0,0,0,0,0,0,0,0.0,0.0,0,0.0,0,363,3,2,0.7755,0.0332,GREEN,43,Chennai
CLM0005158,CHE_06333,Chromepet,2025-09-16,19,0,0,0,0,0,0,0,0,0,0.0,1.0,0,0.0,0,33,3,0,0.98,0.032,GREEN,28,Chennai
CLM0005159,CHE_01192,Chromepet,2023-12-08,19,0,0,0,0,0,0,0,0,0,0.0,0.998817,0,0.0,0,104,0,2,0.9247,0.0254,GREEN,52,Chennai
CLM0005160,CHE_05610,Anna Nagar,2018-11-22,16,0,0,0,1,1,0,1,1,0,1.0,0.989547,0,1.0,1,32,3,18,0.0853,0.0839,GREEN,59,Chennai
CLM0005161,CHE_00409,Velachery,2023-03-24,14,0,0,0,0,0,0,0,0,0,0.0,0.054346,0,0.0,0,420,0,5,0.7905,0.118,GREEN,25,Chennai
CLM0005162,CHE_03616,Perambur,2017-10-21,18,0,0,0,0,0,0,0,0,0,0.0,0.333122,0,0.0,0,327,1,0,0.955,0.0227,GREEN,35,Chennai
CLM0005163,CHE_00767,Sholinganallur,2024-03-25,11,0,0,0,1,0,0,1,1,1,1.0,1.0,1,1.0,1,5,0,18,0.6976,0.1406,GREEN,32,Chennai
CLM0005164,CHE_03790,Guindy,2020-06-12,18,0,0,0,0,1,0,0,0,0,0.0,0.217916,0,0.0,0,420,2,1,0.071,0.2598,GREEN,25,Chennai
CLM0005165,CHE_01592,Guindy,2023-07-26,17,0,0,0,0,0,0,0,0,0,0.0,0.0,0,0.0,0,298,1,4,0.8061,0.1206,GREEN,29,Chennai
CLM0005166,CHE_09322,Sholinganallur,2025-01-22,10,0,0,0,0,1,0,1,0,0,0.0,1.0,0,0.0,0,385,3,0,0.6295,0.2196,GREEN,21,Chennai
CLM0005167,CHE_01157,Anna Nagar,2024-12-01,21,0,0,0,0,0,1,0,0,0,1.0,0.420443,0,0.0,0,234,4,4,0.5314,0.1768,GREEN,20,Chennai
CLM0005168,CHE_08904,Velachery,2021-10-08,10,0,0,0,0,0,0,1,0,0,0.0,0.072,0,0.0,0,282,3,2,0.6228,0.1093,GREEN,42,Chennai
CLM0005169,CHE_05566,Sholinganallur,2022-05-22,13,0,0,0,0,0,0,0,0,0,0.0,0.417865,0,0.0,0,263,1,0,0.856,0.0,GREEN,44,Chennai
CLM0005170,CHE_03634,T Nagar,2022-08-06,14,0,0,0,0,0,0,1,0,1,0.0,0.396581,0,0.0,0,128,2,3,0.2224,0.2543,GREEN,39,Chennai
CLM0005171,CHE_08720,T Nagar,2024-12-18,10,0,0,0,0,0,0,1,0,0,0.0,0.307039,0,0.0,0,392,2,0,0.98,0.0627,GREEN,37,Chennai
CLM0005172,CHE_00479,Sholinganallur,2022-02-27,13,0,0,0,0,0,0,0,0,0,0.0,0.519456,0,0.0,0,420,4,6,0.5538,0.0,GREEN,25,Chennai
CLM0005173,CHE_02851,Anna Nagar,2024-08-10,20,0,0,0,0,0,0,0,0,0,0.0,0.396673,0,0.0,0,420,4,2,0.5477,0.0998,GREEN,36,Chennai
CLM0005174,CHE_05671,Guindy,2021-12-24,13,0,0,0,0,0,0,0,0,0,0.0,0.145503,0,0.0,0,205,4,1,0.9546,0.0,GREEN,55,Chennai
CLM0005175,CHE_02176,T Nagar,2025-07-09,14,0,0,0,0,0,0,0,0,0,0.0,0.409502,0,0.0,0,262,2,3,0.98,0.0294,GREEN,30,Chennai
CLM0005176,CHE_09948,Tambaram,2021-12-21,7,0,0,0,0,0,0,0,0,0,0.0,0.040637,0,0.0,0,257,3,4,0.6091,0.0,GREEN,49,Chennai
CLM0005177,CHE_06098,Velachery,2021-09-14,13,0,0,0,0,0,0,0,0,0,0.0,0.256886,0,0.0,0,313,1,0,0.5565,0.0,GREEN,39,Chennai
CLM0005178,CHE_07443,Porur,2022-01-30,18,0,0,0,0,0,0,0,0,0,0.0,0.179294,0,0.0,0,368,0,1,0.7424,0.0458,GREEN,33,Chennai
CLM0005179,CHE_08996,Perambur,2025-10-19,9,0,0,0,1,0,0,0,0,0,0.0,0.0,0,0.0,0,352,3,4,0.5953,0.2585,GREEN,37,Chennai
CLM0005180,CHE_07495,Tambaram,2024-01-30,9,0,0,0,0,0,0,0,0,0,1.0,1.0,0,1.0,0,164,2,5,0.8206,0.0,GREEN,30,Chennai
CLM0005181,CHE_05313,Chromepet,2024-11-07,11,0,0,0,0,0,0,0,1,0,0.0,1.0,0,0.0,0,164,0,0,0.1019,0.1309,GREEN,40,Chennai
CLM0005182,CHE_08133,Sholinganallur,2025-11-06,10,0,0,0,0,0,0,0,0,0,0.0,0.130617,0,0.0,0,352,0,0,0.98,0.0,GREEN,35,Chennai
CLM0005183,CHE_01490,Porur,2024-01-14,7,0,0,0,0,0,0,0,0,0,0.0,0.076955,0,0.0,0,420,2,5,0.6031,0.0,GREEN,36,Chennai
CLM0005184,CHE_03431,Chromepet,2025-02-24,10,0,0,0,0,0,0,0,0,0,0.0,0.125351,0,0.0,0,290,4,4,0.555,0.204,GREEN,18,Chennai
CLM0005185,CHE_09844,Anna Nagar,2023-08-14,14,0,0,0,0,0,0,0,0,0,1.0,0.171744,0,0.0,0,396,3,6,0.698,0.087,GREEN,41,Chennai
CLM0005186,CHE_05653,Adyar,2018-03-21,14,0,0,0,0,0,0,0,1,0,0.0,0.181642,0,0.0,0,420,4,3,0.05,0.0306,GREEN,36,Chennai
CLM0005187,CHE_08555,Velachery,2025-07-19,17,0,0,0,0,0,0,0,0,0,0.0,0.017929,0,0.0,0,291,1,0,0.809,0.0,GREEN,33,Chennai
CLM0005188,CHE_04716,Porur,2023-06-30,10,0,0,0,0,0,0,0,0,0,0.0,0.039728,0,0.0,1,309,0,6,0.3858,0.0817,GREEN,18,Chennai
CLM0005189,CHE_07048,Guindy,2023-12-09,8,0,0,0,0,0,0,0,0,0,0.0,0.02903,0,0.0,0,359,0,4,0.05,0.0604,GREEN,50,Chennai
CLM0005190,CHE_09677,Tambaram,2025-12-14,17,0,0,0,0,0,0,0,0,0,0.0,0.182523,0,0.0,0,111,3,4,0.9614,0.0369,GREEN,38,Chennai
CLM0005191,CHE_03536,Adyar,2023-12-11,9,1,0,0,0,0,0,0,0,0,0.0,0.016407,1,0.0,0,420,4,0,0.7556,0.0,GREEN,41,Chennai
CLM0005192,CHE_01058,T Nagar,2022-03-19,15,0,0,0,0,0,0,0,0,1,0.0,0.390039,0,0.0,0,139,3,2,0.3562,0.169,GREEN,22,Chennai
CLM0005193,CHE_04472,Tambaram,2025-03-24,17,0,0,0,0,0,0,0,0,1,0.0,0.116711,0,0.0,0,112,1,1,0.6763,0.1535,GREEN,45,Chennai
CLM0005194,CHE_08481,Sholinganallur,2024-07-18,17,0,0,0,0,0,0,0,0,0,0.0,1.0,0,0.0,0,145,3,2,0.0961,0.011,GREEN,45,Chennai
CLM0005195,CHE_06656,Tambaram,2025-05-20,15,0,0,0,0,0,0,0,0,0,0.0,0.26374,0,0.0,0,246,0,1,0.98,0.0494,GREEN,35,Chennai
CLM0005196,CHE_03643,Velachery,2025-10-10,15,0,0,0,0,0,0,0,0,0,0.0,1.0,0,1.0,0,189,0,1,0.6857,0.0768,GREEN,28,Chennai
CLM0005197,CHE_02563,Sholinganallur,2025-08-15,9,0,0,0,0,0,0,0,0,0,0.0,0.932691,0,0.0,0,260,4,3,0.9017,0.0,GREEN,43,Chennai
CLM0005198,CHE_08536,Tambaram,2025-06-02,8,0,0,0,0,0,0,0,0,0,0.0,0.0,0,0.0,0,289,1,2,0.9733,0.0861,GREEN,34,Chennai
CLM0005199,CHE_01297,Chromepet,2024-11-09,20,0,0,0,0,0,0,0,0,0,0.0,0.234843,0,0.0,0,318,3,3,0.98,0.0287,GREEN,47,Chennai
CLM0005200,CHE_04251,Perambur,2025-06-10,19,0,0,0,0,1,0,0,0,0,1.0,0.190778,0,0.0,0,420,1,0,0.98,0.257,GREEN,45,Chennai
CLM0005201,CHE_07297,Chromepet,2024-07-06,18,0,0,0,0,0,0,0,0,0,0.0,0.167686,0,0.0,0,99,1,1,0.05,0.0408,GREEN,38,Chennai
CLM0005202,CHE_03787,Anna Nagar,2025-08-23,19,0,0,0,0,0,0,0,0,0,0.0,0.353792,0,0.0,0,291,4,2,0.7952,0.0,GREEN,50,Chennai
CLM0005203,CHE_01999,Chromepet,2025-09-28,9,0,0,0,0,0,0,0,0,0,1.0,1.0,0,1.0,0,420,3,1,0.7329,0.056,GREEN,42,Chennai
CLM0005204,CHE_03623,Guindy,2019-08-28,14,0,0,0,0,0,0,0,0,0,0.0,0.324063,0,0.0,0,237,2,0,0.6515,0.0721,GREEN,30,Chennai
CLM0005205,CHE_08148,Anna Nagar,2021-09-16,13,0,0,0,0,0,0,0,1,0,0.0,0.0,0,0.0,0,420,1,0,0.6418,0.0983,GREEN,44,Chennai
CLM0005206,CHE_08141,T Nagar,2022-10-20,15,0,0,0,0,0,1,0,0,0,0.0,0.345511,0,0.0,0,420,2,3,0.2191,0.1654,GREEN,31,Chennai
CLM0005207,CHE_07677,T Nagar,2024-05-06,8,0,0,0,1,0,0,0,0,0,0.0,0.322416,1,0.0,0,110,3,0,0.5849,0.2633,GREEN,22,Chennai
CLM0005208,CHE_05016,Velachery,2018-11-04,17,0,0,0,0,0,0,0,0,0,1.0,0.383791,0,0.0,0,233,1,3,0.6826,0.1238,GREEN,37,Chennai
CLM0005209,CHE_06206,Velachery,2019-11-22,19,0,0,0,0,0,0,0,0,0,0.0,0.016888,0,0.0,0,178,4,4,0.5121,0.0,GREEN,30,Chennai
CLM0005210,CHE_09523,Tambaram,2022-04-02,21,0,0,0,0,0,1,0,0,0,0.0,0.019169,0,0.0,0,244,0,0,0.6917,0.069,GREEN,32,Chennai
CLM0005211,CHE_04111,Adyar,2019-11-11,20,0,0,0,0,0,0,0,0,0,0.0,0.0,0,0.0,0,420,0,0,0.742,0.0,GREEN,26,Chennai
CLM0005212,CHE_02032,Anna Nagar,2020-02-03,17,0,0,0,0,0,0,0,0,0,0.0,0.286923,0,1.0,1,97,3,0,0.9193,0.0128,GREEN,48,Chennai
CLM0005213,CHE_06370,Adyar,2023-08-06,10,0,0,0,0,0,0,0,0,0,0.0,0.232949,0,0.0,0,172,1,1,0.2152,0.0,GREEN,45,Chennai
CLM0005214,CHE_03687,Anna Nagar,2022-08-12,21,0,0,0,0,0,0,0,0,0,0.0,0.134074,0,0.0,0,420,3,1,0.3019,0.0,GREEN,27,Chennai
CLM0005215,CHE_09902,Chromepet,2022-05-06,11,0,0,0,0,0,0,0,0,0,0.0,0.107831,1,0.0,0,207,3,1,0.6108,0.0477,GREEN,40,Chennai
CLM0005216,CHE_03758,Porur,2022-06-18,21,0,0,0,0,0,0,1,0,0,0.0,0.192275,0,0.0,0,203,1,1,0.927,0.0619,GREEN,37,Chennai
CLM0005217,CHE_07487,Tambaram,2025-01-20,21,0,1,1,0,0,0,0,0,0,0.0,0.368815,0,0.0,0,205,4,4,0.4137,0.0489,GREEN,31,Chennai
CLM0005218,CHE_07627,Chromepet,2018-07-12,18,0,1,1,0,0,0,0,0,0,0.0,0.169149,0,0.0,0,279,1,0,0.6555,0.0,GREEN,50,Chennai
CLM0005219,CHE_04906,Sholinganallur,2019-08-15,10,0,0,0,0,0,0,0,0,0,0.0,0.952909,0,0.0,1,255,0,0,0.6895,0.0025,GREEN,30,Chennai
CLM0005220,CHE_09033,Sholinganallur,2024-08-02,15,0,0,0,0,0,0,0,0,0,0.0,0.287253,0,0.0,0,62,1,4,0.9228,0.0,GREEN,40,Chennai
CLM0005221,CHE_08224,Tambaram,2023-08-10,21,0,0,0,0,0,0,0,0,0,0.0,0.19439,0,0.0,0,392,1,1,0.4227,0.0709,GREEN,31,Chennai
CLM0005222,CHE_03884,Perambur,2025-11-03,21,0,0,0,1,0,0,0,0,0,1.0,0.310114,1,0.0,0,123,2,4,0.6844,0.291,GREEN,20,Chennai
CLM0005223,CHE_07064,Adyar,2021-08-01,13,0,0,0,0,0,0,0,0,1,0.0,0.293475,1,0.0,0,420,2,1,0.4638,0.2678,GREEN,53,Chennai
CLM0005224,CHE_09850,Perambur,2019-09-12,13,0,0,0,0,0,0,0,0,0,0.0,0.054278,0,1.0,0,376,0,2,0.6432,0.0294,GREEN,33,Chennai
CLM0005225,CHE_07103,Sholinganallur,2021-08-07,8,0,0,0,0,0,0,0,0,0,0.0,0.064073,0,0.0,0,108,1,4,0.7768,0.033,GREEN,44,Chennai
CLM0005226,CHE_00113,Porur,2024-01-04,13,0,0,0,0,0,0,0,0,0,1.0,0.0,0,1.0,0,299,1,3,0.4634,0.0808,GREEN,45,Chennai
CLM0005227,CHE_07204,Anna Nagar,2023-11-10,9,0,0,0,0,0,0,0,0,0,0.0,0.348051,0,0.0,0,330,3,2,0.5039,0.0,GREEN,56,Chennai
CLM0005228,CHE_01144,Tambaram,2024-03-28,9,0,0,0,0,0,0,0,1,1,0.0,0.476585,1,0.0,0,420,2,2,0.3606,0.3544,YELLOW,29,Chennai
CLM0005229,CHE_09669,Anna Nagar,2022-08-10,13,0,0,0,0,0,0,0,0,0,0.0,0.084247,0,0.0,0,378,3,2,0.9716,0.0,GREEN,45,Chennai
CLM0005230,CHE_00758,Guindy,2025-10-10,21,0,0,0,0,0,0,0,0,0,0.0,0.359707,0,0.0,0,80,0,5,0.1066,0.0,GREEN,49,Chennai
CLM0005231,CHE_06117,Tambaram,2021-11-19,9,0,0,0,0,0,0,0,0,0,0.0,0.352575,0,0.0,0,420,3,1,0.8699,0.0334,GREEN,30,Chennai
CLM0005232,CHE_00242,Porur,2023-07-20,9,0,0,0,0,0,0,0,0,0,0.0,0.40112,0,0.0,0,223,2,2,0.3115,0.0,GREEN,37,Chennai
CLM0005233,CHE_05585,Perambur,2019-10-06,11,0,0,0,0,0,0,0,0,0,0.0,1.0,0,0.0,0,420,0,0,0.6862,0.0044,GREEN,25,Chennai
CLM0005234,CHE_07742,Guindy,2025-01-25,19,0,0,0,0,0,0,0,0,0,0.0,0.065258,0,0.0,0,189,1,6,0.9374,0.0,GREEN,56,Chennai
CLM0005235,CHE_09823,Chromepet,2021-02-17,11,0,0,0,0,0,1,0,0,0,0.0,0.281384,0,0.0,0,20,3,5,0.6802,0.1623,GREEN,36,Chennai
CLM0005236,CHE_09765,T Nagar,2024-04-21,16,0,0,0,0,0,0,0,0,0,0.0,0.34182,0,0.0,0,250,0,1,0.6529,0.0,GREEN,54,Chennai
CLM0005237,CHE_04022,Adyar,2023-11-22,7,0,0,0,0,0,0,0,0,0,0.0,0.241548,0,0.0,0,396,4,7,0.6884,0.068,GREEN,63,Chennai
CLM0005238,CHE_06173,Velachery,2024-09-04,8,0,0,0,0,0,0,0,0,0,0.0,0.455543,0,0.0,0,420,0,4,0.799,0.0368,GREEN,36,Chennai
CLM0005239,CHE_04990,Tambaram,2017-03-27,11,0,0,0,0,0,0,0,1,0,0.0,0.134356,0,0.0,0,202,0,3,0.98,0.0701,GREEN,18,Chennai
CLM0005240,CHE_05743,Tambaram,2024-12-18,20,0,0,0,0,0,0,0,1,0,0.0,0.292307,1,0.0,0,235,4,0,0.6315,0.1793,GREEN,60,Chennai
CLM0005241,CHE_03596,Chromepet,2017-10-30,7,0,0,0,0,1,0,0,0,0,0.0,0.063,0,0.0,0,360,2,0,0.4967,0.2126,GREEN,47,Chennai
CLM0005242,CHE_06185,Anna Nagar,2025-07-15,16,0,1,1,0,0,0,0,0,0,0.0,0.161262,0,0.0,0,116,1,0,0.1695,0.0,GREEN,30,Chennai
CLM0005243,CHE_09976,Anna Nagar,2021-05-22,11,0,0,0,0,0,0,1,0,0,1.0,0.062201,0,0.0,0,97,0,0,0.591,0.1147,GREEN,51,Chennai
CLM0005244,CHE_06372,Adyar,2021-05-31,13,0,0,0,0,0,0,0,0,0,0.0,0.149015,0,1.0,0,420,4,0,0.9587,0.0,GREEN,56,Chennai
CLM0005245,CHE_08363,T Nagar,2022-10-20,10,0,0,0,0,0,1,0,0,0,0.0,0.00815,1,0.0,0,350,1,0,0.4342,0.1203,GREEN,28,Chennai
CLM0005246,CHE_02970,Sholinganallur,2025-06-04,20,0,0,0,0,0,0,0,1,0,0.0,0.30294,0,0.0,0,278,0,5,0.6542,0.0688,GREEN,23,Chennai
CLM0005247,CHE_08923,Sholinganallur,2025-03-31,8,0,0,0,0,0,0,0,0,0,0.0,1.0,0,0.0,0,303,3,0,0.9651,0.0,GREEN,38,Chennai
CLM0005248,CHE_04340,Porur,2025-06-30,8,0,0,0,0,0,0,0,0,0,0.0,0.16318,0,0.0,0,291,3,4,0.9297,0.039,GREEN,25,Chennai
CLM0005249,CHE_07323,Velachery,2025-05-03,8,0,0,0,0,0,0,0,0,0,0.0,1.0,0,0.0,0,420,0,2,0.7184,0.0718,GREEN,18,Chennai
CLM0005250,CHE_08694,T Nagar,2025-02-22,19,0,0,0,0,0,1,1,1,0,0.0,0.116468,0,0.0,1,11,1,18,0.8844,0.0796,GREEN,43,Chennai
CLM0005251,CHE_06435,Sholinganallur,2025-04-13,7,0,0,0,0,0,0,0,0,0,0.0,0.148136,0,0.0,0,253,3,2,0.7387,0.0213,GREEN,40,Chennai
CLM0005252,CHE_02669,Adyar,2024-11-30,8,0,0,0,0,0,0,0,0,0,1.0,0.141707,0,0.0,0,177,4,0,0.8197,0.0423,GREEN,37,Chennai
CLM0005253,CHE_09688,Perambur,2025-10-06,14,0,0,0,1,0,1,0,0,0,0.0,0.956979,0,0.0,0,5,2,18,0.2827,0.0247,GREEN,44,Chennai
CLM0005254,CHE_02248,Anna Nagar,2025-06-08,16,0,0,0,0,0,0,0,0,0,0.0,0.389256,0,0.0,0,420,0,0,0.7233,0.0,GREEN,42,Chennai
CLM0005255,CHE_01341,Porur,2025-10-12,19,0,0,0,0,0,0,0,0,0,0.0,0.164401,1,0.0,0,200,0,2,0.05,0.0529,GREEN,33,Chennai
CLM0005256,CHE_01574,Tambaram,2022-05-11,12,0,0,0,0,0,0,0,0,0,0.0,0.277035,0,1.0,0,146,3,2,0.9248,0.0,GREEN,39,Chennai
CLM0005257,CHE_00702,Sholinganallur,2019-09-11,19,0,0,0,0,0,0,0,0,0,0.0,0.368399,0,0.0,0,90,4,3,0.7614,0.0055,GREEN,46,Chennai
CLM0005258,CHE_09381,Adyar,2018-08-27,21,0,0,0,0,0,0,0,0,0,0.0,0.152256,0,0.0,0,201,3,4,0.109,0.0,GREEN,18,Chennai
CLM0005259,CHE_09522,Porur,2018-09-20,8,0,0,0,1,0,0,0,0,0,0.0,0.145141,0,0.0,0,274,4,0,0.761,0.1835,GREEN,32,Chennai
CLM0005260,CHE_09352,Anna Nagar,2024-10-17,16,0,0,0,0,0,0,1,0,0,0.0,0.043295,0,0.0,0,420,1,0,0.6791,0.0271,GREEN,40,Chennai
CLM0005261,CHE_04169,Porur,2025-02-08,15,0,0,0,0,0,0,0,0,0,0.0,0.138057,0,0.0,0,84,4,1,0.9693,0.0243,GREEN,52,Chennai
CLM0005262,CHE_06065,Guindy,2025-10-17,16,0,0,0,0,0,0,0,1,0,0.0,0.322374,1,0.0,0,393,1,3,0.05,0.2311,GREEN,33,Chennai
CLM0005263,CHE_07373,Porur,2024-11-09,10,0,0,0,0,0,1,0,0,0,0.0,0.180633,0,0.0,0,362,1,0,0.956,0.0417,GREEN,46,Chennai
CLM0005264,CHE_06421,Sholinganallur,2024-02-16,13,0,0,0,0,0,0,0,0,0,0.0,0.226926,0,0.0,0,364,3,5,0.05,0.0,GREEN,37,Chennai
CLM0005265,CHE_05724,Porur,2025-07-18,9,0,1,1,0,0,0,0,0,0,0.0,0.108204,0,0.0,1,420,0,5,0.05,0.0916,GREEN,25,Chennai
CLM0005266,CHE_07811,Porur,2024-09-04,9,0,0,0,0,0,0,0,0,1,0.0,0.059543,0,0.0,0,402,0,6,0.7321,0.1118,GREEN,42,Chennai
CLM0005267,CHE_08852,Guindy,2023-10-03,19,0,0,0,1,0,0,0,0,0,0.0,0.383262,0,0.0,0,420,2,3,0.8696,0.1001,GREEN,54,Chennai
CLM0005268,CHE_05156,Tambaram,2023-04-23,13,0,0,0,1,0,0,0,0,0,0.0,0.020029,0,0.0,0,196,0,1,0.98,0.0845,GREEN,46,Chennai
CLM0005269,CHE_04906,Sholinganallur,2025-06-13,18,0,0,0,0,0,0,0,0,0,0.0,0.452807,0,0.0,0,279,4,3,0.6427,0.051,GREEN,30,Chennai
CLM0005270,CHE_07920,Guindy,2025-10-16,18,0,0,0,0,0,0,0,0,0,0.0,0.014496,0,0.0,0,417,3,0,0.8052,0.0174,GREEN,54,Chennai
CLM0005271,CHE_01136,Adyar,2016-09-08,17,0,0,0,1,1,0,1,1,0,1.0,0.984834,0,1.0,1,5,2,8,0.7854,0.1474,GREEN,40,Chennai
CLM0005272,CHE_03602,Sholinganallur,2016-12-08,7,0,0,0,0,0,0,0,0,0,0.0,0.074396,1,0.0,0,420,3,6,0.5893,0.1085,GREEN,42,Chennai
CLM0005273,CHE_09717,Sholinganallur,2020-10-14,9,0,0,0,1,0,0,0,0,0,0.0,0.363292,0,0.0,0,386,2,3,0.7813,0.204,GREEN,34,Chennai
CLM0005274,CHE_09282,Chromepet,2023-07-28,18,0,0,0,0,0,0,0,0,0,0.0,0.90154,0,0.0,0,86,1,0,0.98,0.0577,GREEN,49,Chennai
CLM0005275,CHE_02346,Chromepet,2021-02-07,19,0,0,0,0,0,0,0,0,0,0.0,0.372467,0,0.0,0,269,1,1,0.6803,0.0,GREEN,49,Chennai
CLM0005276,CHE_01378,T Nagar,2022-09-25,7,0,0,0,1,0,0,0,0,1,0.0,0.131556,0,0.0,0,251,1,0,0.5432,0.267,GREEN,40,Chennai
CLM0005277,CHE_01423,Porur,2024-02-10,14,0,0,0,0,0,0,0,0,0,0.0,0.254274,0,0.0,0,133,1,5,0.9115,0.0382,GREEN,34,Chennai
CLM0005278,CHE_01682,Adyar,2024-03-07,7,0,0,0,0,1,0,0,0,0,0.0,0.159775,0,0.0,0,65,1,4,0.7381,0.1197,GREEN,45,Chennai
CLM0005279,CHE_00260,Porur,2023-07-30,8,0,0,0,0,0,0,0,0,0,0.0,0.188337,0,0.0,0,54,0,2,0.8337,0.0,GREEN,18,Chennai
CLM0005280,CHE_01728,Porur,2025-01-03,9,0,0,0,0,0,0,0,0,0,0.0,0.174609,0,0.0,0,73,1,3,0.5033,0.0335,GREEN,58,Chennai
CLM0005281,CHE_04603,Guindy,2022-04-18,12,0,0,0,0,0,0,0,0,0,1.0,1.0,0,0.0,0,368,1,1,0.9076,0.0,GREEN,37,Chennai
CLM0005282,CHE_00366,Porur,2024-01-31,17,0,0,0,0,0,0,1,0,0,0.0,0.347893,0,0.0,0,188,1,2,0.6568,0.0924,GREEN,51,Chennai
CLM0005283,CHE_07301,T Nagar,2025-03-23,10,0,0,0,0,0,0,0,0,0,0.0,0.224295,0,0.0,0,380,4,5,0.6734,0.0,GREEN,18,Chennai
CLM0005284,CHE_08136,Sholinganallur,2024-06-07,20,0,0,0,0,0,0,0,0,0,0.0,1.0,0,0.0,0,294,1,2,0.141,0.0,GREEN,49,Chennai
CLM0005285,CHE_06679,Velachery,2025-12-03,15,0,0,0,1,0,0,0,0,0,0.0,0.176832,0,0.0,0,353,1,8,0.7256,0.129,GREEN,40,Chennai
CLM0005286,CHE_01110,Adyar,2023-03-04,14,0,0,0,1,0,0,0,0,0,0.0,0.11019,0,0.0,0,119,0,3,0.6935,0.2236,GREEN,49,Chennai
CLM0005287,CHE_00523,Anna Nagar,2024-05-27,20,0,0,0,0,0,0,0,0,0,1.0,1.0,0,1.0,0,241,4,4,0.7253,0.0209,GREEN,33,Chennai
CLM0005288,CHE_08708,Adyar,2024-01-29,12,0,0,0,0,0,0,0,0,0,0.0,0.167398,0,0.0,0,186,0,4,0.7976,0.0438,GREEN,42,Chennai
CLM0005289,CHE_04719,Perambur,2018-04-24,17,0,0,0,0,0,0,0,0,0,0.0,0.06662,0,0.0,0,337,2,2,0.9197,0.0595,GREEN,34,Chennai
CLM0005290,CHE_04048,Chromepet,2021-10-24,21,0,0,0,0,0,0,0,1,0,0.0,0.160025,0,0.0,0,235,1,3,0.6541,0.1423,GREEN,40,Chennai
CLM0005291,CHE_08277,T Nagar,2022-08-12,20,0,0,0,0,0,1,0,0,0,0.0,0.277298,0,0.0,0,76,4,7,0.0506,0.1436,GREEN,44,Chennai
CLM0005292,CHE_09555,Perambur,2023-06-19,13,0,0,0,0,0,0,0,0,1,0.0,0.484715,0,0.0,0,109,4,2,0.8489,0.1259,GREEN,51,Chennai
CLM0005293,CHE_08613,Guindy,2023-05-28,12,0,0,0,0,0,0,0,0,0,0.0,0.194915,0,0.0,0,303,4,0,0.2755,0.0072,GREEN,38,Chennai
CLM0005294,CHE_05500,Adyar,2024-05-30,14,0,0,0,0,0,0,0,0,0,1.0,1.0,0,1.0,0,50,2,2,0.5436,0.0091,GREEN,34,Chennai
CLM0005295,CHE_01593,Guindy,2025-09-06,14,0,1,1,1,1,1,1,1,1,0.0,0.957712,0,0.0,1,5,0,18,0.208,0.9064,RED,48,Chennai
CLM0005296,CHE_03814,Perambur,2017-07-25,18,0,1,1,0,0,1,1,1,0,0.0,0.0,0,0.0,1,35,2,18,0.98,0.5198,YELLOW,30,Chennai
CLM0005297,CHE_07835,Velachery,2019-06-02,11,0,1,1,1,1,1,1,1,1,1.0,1.0,0,0.0,1,45,1,18,0.2138,0.7828,RED,52,Chennai
CLM0005298,CHE_06806,Porur,2017-07-09,21,0,1,1,1,1,0,1,0,1,0.0,0.974744,0,0.0,1,17,0,18,0.8593,0.5471,YELLOW,45,Chennai
CLM0005299,CHE_09997,Velachery,2021-11-22,12,0,1,1,1,0,0,0,0,1,1.0,0.941287,0,0.0,0,33,2,18,0.3003,0.3935,YELLOW,49,Chennai
CLM0005300,CHE_08815,Perambur,2022-11-24,7,0,1,1,1,0,1,0,1,1,1.0,0.0,0,0.0,1,5,0,18,0.1502,0.7485,RED,37,Chennai
CLM0005301,CHE_01528,Anna Nagar,2024-09-15,21,0,1,1,0,0,0,1,0,0,0.0,0.331415,0,0.0,0,41,0,0,0.1997,0.9398,RED,43,Chennai
CLM0005302,CHE_04467,T Nagar,2023-08-29,12,0,0,0,0,0,0,0,0,0,0.0,0.325707,1,0.0,0,346,1,2,0.7915,0.0949,GREEN,44,Chennai
CLM0005303,CHE_00766,T Nagar,2023-06-19,14,0,0,0,0,0,1,1,0,0,1.0,0.022154,0,0.0,0,380,4,0,0.5855,0.2992,GREEN,20,Chennai
CLM0005304,CHE_06058,Sholinganallur,2025-11-18,19,0,0,0,0,0,0,1,0,0,0.0,0.389669,0,0.0,0,389,2,0,0.5666,0.0,GREEN,28,Chennai
CLM0005305,CHE_01220,Perambur,2024-09-06,11,0,0,0,0,0,0,0,0,1,1.0,0.0,0,0.0,0,69,3,4,0.9263,0.1804,GREEN,52,Chennai
CLM0005306,CHE_09573,Anna Nagar,2025-08-13,12,0,0,0,0,0,0,0,0,0,0.0,0.077113,0,0.0,0,28,1,1,0.535,0.0248,GREEN,25,Chennai
CLM0005307,CHE_05858,Guindy,2025-08-13,9,0,0,0,0,0,0,0,0,1,0.0,0.231428,0,1.0,0,317,3,3,0.0974,0.1901,GREEN,41,Chennai
CLM0005308,CHE_06624,Velachery,2024-02-11,17,0,0,0,0,1,0,0,0,0,0.0,1.0,0,0.0,0,230,3,6,0.6907,0.0405,GREEN,36,Chennai
CLM0005309,CHE_03757,Sholinganallur,2024-12-06,20,0,0,0,0,1,1,1,1,1,1.0,0.905137,0,1.0,0,8,0,18,0.2297,0.1575,GREEN,53,Chennai
CLM0005310,CHE_00290,Perambur,2025-02-07,18,0,0,0,1,0,0,0,0,0,1.0,0.227294,0,0.0,0,131,0,3,0.947,0.1374,GREEN,35,Chennai
CLM0005311,CHE_08684,Anna Nagar,2023-09-23,18,0,0,0,0,0,0,0,0,0,0.0,0.095409,0,0.0,0,363,0,4,0.751,0.0402,GREEN,41,Chennai
CLM0005312,CHE_00367,Perambur,2025-07-06,13,0,0,0,1,0,0,0,0,0,0.0,1.0,0,0.0,0,264,3,2,0.8139,0.0985,GREEN,48,Chennai
CLM0005313,CHE_03283,Velachery,2023-08-05,20,0,0,0,0,0,0,0,1,0,0.0,0.278432,0,0.0,0,305,0,4,0.8557,0.1013,GREEN,40,Chennai
CLM0005314,CHE_01411,Adyar,2023-03-23,7,0,0,0,0,0,0,0,0,0,0.0,0.973913,0,0.0,0,383,4,2,0.5807,0.0523,GREEN,18,Chennai
CLM0005315,CHE_08415,Sholinganallur,2021-09-03,20,0,0,0,0,0,1,1,0,0,0.0,0.973754,0,0.0,0,308,0,0,0.6767,0.1074,GREEN,51,Chennai
CLM0005316,CHE_02351,Porur,2024-07-25,21,0,0,0,0,0,0,0,0,0,0.0,0.212043,0,0.0,0,378,2,5,0.6434,0.034,GREEN,46,Chennai
CLM0005317,CHE_04667,Guindy,2020-07-27,9,0,0,0,0,0,1,0,0,0,0.0,0.350563,0,0.0,0,7,3,1,0.6959,0.0193,GREEN,54,Chennai
CLM0005318,CHE_06925,Guindy,2023-11-21,8,0,0,0,0,0,1,0,0,0,0.0,0.066524,0,0.0,0,175,3,1,0.6214,0.0453,GREEN,44,Chennai
CLM0005319,CHE_01157,Anna Nagar,2023-02-15,9,0,0,0,0,0,0,0,0,0,0.0,0.912772,0,0.0,0,351,4,1,0.5302,0.0,GREEN,20,Chennai
CLM0005320,CHE_04891,Tambaram,2022-05-12,13,0,0,0,0,0,0,1,0,0,0.0,0.968972,1,0.0,0,66,2,0,0.6085,0.181,GREEN,34,Chennai
CLM0005321,CHE_06942,Perambur,2023-12-05,11,0,0,0,0,0,0,0,0,0,0.0,0.027288,0,0.0,0,365,4,6,0.628,0.0682,GREEN,22,Chennai
CLM0005322,CHE_05238,Tambaram,2022-06-04,12,0,0,0,0,0,0,0,0,0,0.0,0.047912,1,0.0,0,402,3,2,0.802,0.0983,GREEN,28,Chennai
CLM0005323,CHE_02985,T Nagar,2024-12-27,18,0,0,0,0,0,0,0,0,1,0.0,0.173601,0,0.0,0,132,2,4,0.3142,0.1387,GREEN,24,Chennai
CLM0005324,CHE_02682,Anna Nagar,2021-11-11,16,0,0,0,0,0,0,0,0,0,0.0,0.420361,0,0.0,0,420,0,5,0.4153,0.0,GREEN,42,Chennai
CLM0005325,CHE_09767,Guindy,2022-02-01,8,0,0,0,0,0,0,0,1,0,0.0,0.958092,0,0.0,0,414,4,6,0.98,0.1015,GREEN,39,Chennai
CLM0005326,CHE_03170,Sholinganallur,2023-07-11,9,0,0,0,0,0,0,0,0,0,0.0,0.401436,0,0.0,0,420,3,5,0.4404,0.0176,GREEN,39,Chennai
CLM0005327,CHE_00043,T Nagar,2023-07-21,17,0,0,0,0,1,0,0,0,1,0.0,0.131331,1,0.0,0,387,0,1,0.5914,0.3266,YELLOW,51,Chennai
CLM0005328,CHE_04014,Perambur,2023-12-11,16,1,0,0,0,0,0,0,0,0,0.0,0.218367,0,0.0,0,192,2,3,0.9624,0.0098,GREEN,39,Chennai
CLM0005329,CHE_03178,Chromepet,2025-03-17,20,0,0,0,0,0,0,0,0,0,0.0,0.922678,0,0.0,0,239,3,2,0.7025,0.0,GREEN,67,Chennai
CLM0005330,CHE_08736,Porur,2025-06-27,12,0,0,0,0,0,0,0,0,0,0.0,0.171503,0,0.0,0,85,1,0,0.7013,0.0,GREEN,44,Chennai
CLM0005331,CHE_02764,Adyar,2023-10-03,17,0,0,0,0,0,1,0,0,0,0.0,0.120104,0,0.0,0,49,4,3,0.7281,0.0603,GREEN,45,Chennai
CLM0005332,CHE_01323,Porur,2021-02-02,13,0,0,0,0,0,1,0,1,0,0.0,0.082551,0,0.0,0,235,1,0,0.5584,0.266,GREEN,25,Chennai
CLM0005333,CHE_00054,Perambur,2021-04-12,20,0,0,0,0,0,0,0,0,0,0.0,0.291458,0,0.0,0,156,1,2,0.6183,0.0755,GREEN,50,Chennai
CLM0005334,CHE_01221,Sholinganallur,2022-02-22,18,0,0,0,1,0,0,0,0,0,1.0,0.294383,0,0.0,0,12,0,0,0.2625,0.1118,GREEN,28,Chennai
CLM0005335,CHE_04449,Porur,2022-06-11,12,0,0,0,0,0,0,0,1,0,0.0,0.191212,0,0.0,0,70,0,0,0.6082,0.1285,GREEN,28,Chennai
CLM0005336,CHE_06998,Guindy,2021-07-17,12,0,0,0,0,0,0,1,0,0,0.0,0.0,0,0.0,0,217,0,8,0.3857,0.1156,GREEN,34,Chennai
CLM0005337,CHE_07810,Guindy,2024-12-21,14,0,0,0,0,0,0,0,0,0,0.0,0.288942,0,0.0,0,420,4,0,0.7504,0.0,GREEN,46,Chennai
CLM0005338,CHE_03813,Sholinganallur,2024-01-11,8,0,0,0,0,1,1,0,0,0,0.0,0.274703,0,1.0,0,108,0,5,0.98,0.1827,GREEN,43,Chennai
CLM0005339,CHE_04299,Adyar,2020-07-11,16,0,0,0,0,0,0,0,0,0,0.0,0.089922,0,0.0,0,288,3,0,0.842,0.0276,GREEN,53,Chennai
CLM0005340,CHE_07930,Guindy,2019-08-16,21,0,0,0,0,0,0,0,0,0,0.0,0.164219,0,0.0,0,420,4,3,0.4146,0.0,GREEN,48,Chennai
CLM0005341,CHE_06811,Tambaram,2022-08-08,11,0,1,1,1,0,1,0,0,0,0.0,0.284482,0,0.0,0,321,1,0,0.5385,0.3355,YELLOW,36,Chennai
CLM0005342,CHE_06177,T Nagar,2024-05-26,13,0,0,0,0,0,0,0,1,0,0.0,0.170606,1,0.0,0,420,2,2,0.2008,0.1696,GREEN,26,Chennai
CLM0005343,CHE_02571,Tambaram,2018-08-08,18,0,0,0,0,0,0,0,1,0,0.0,0.267074,0,0.0,0,396,4,2,0.8251,0.089,GREEN,47,Chennai
CLM0005344,CHE_08144,Sholinganallur,2018-01-14,10,0,0,0,0,0,0,0,0,0,0.0,0.348233,0,0.0,0,420,0,0,0.98,0.0,GREEN,24,Chennai
CLM0005345,CHE_04161,Perambur,2016-09-05,21,0,0,0,0,0,0,0,0,0,0.0,0.392168,0,0.0,0,224,0,0,0.4851,0.0,GREEN,32,Chennai
CLM0005346,CHE_01779,Guindy,2018-11-05,21,0,0,0,0,0,0,0,1,0,0.0,0.132937,0,0.0,0,13,2,6,0.6564,0.1228,GREEN,32,Chennai
CLM0005347,CHE_07028,Velachery,2025-05-12,10,0,0,0,1,0,0,0,0,1,0.0,0.060557,0,0.0,0,420,1,2,0.7922,0.2475,GREEN,45,Chennai
CLM0005348,CHE_04227,Perambur,2019-04-14,20,0,1,1,0,0,0,0,0,0,1.0,0.115006,0,0.0,0,420,0,1,0.6573,0.0,GREEN,35,Chennai
CLM0005349,CHE_06005,Perambur,2022-08-24,18,0,0,0,0,0,1,0,1,0,0.0,0.165526,0,0.0,1,151,0,0,0.8972,0.2607,GREEN,24,Chennai
CLM0005350,CHE_04011,Guindy,2024-07-29,18,0,0,0,0,0,0,0,0,0,0.0,0.044758,0,0.0,0,257,2,1,0.9517,0.0,GREEN,39,Chennai
CLM0005351,CHE_06346,T Nagar,2025-10-30,8,0,0,0,0,0,0,0,0,0,1.0,0.872957,0,1.0,0,316,2,5,0.7906,0.0,GREEN,43,Chennai
CLM0005352,CHE_04273,Velachery,2025-04-27,10,0,1,1,0,0,0,0,0,0,0.0,0.06737,0,0.0,0,338,4,5,0.7095,0.0,GREEN,61,Chennai
CLM0005353,CHE_04298,T Nagar,2019-09-16,21,0,0,0,0,0,0,0,0,0,0.0,0.238812,0,0.0,0,163,4,0,0.2437,0.0033,GREEN,36,Chennai
CLM0005354,CHE_00769,Anna Nagar,2022-08-18,18,0,0,0,0,0,0,1,0,1,1.0,1.0,1,1.0,1,5,2,18,0.1728,0.076,GREEN,43,Chennai
CLM0005355,CHE_02616,Sholinganallur,2022-05-19,12,0,0,0,0,0,0,0,0,0,0.0,0.052145,0,1.0,0,420,0,0,0.8234,0.0,GREEN,41,Chennai
CLM0005356,CHE_07705,Velachery,2019-08-07,11,0,0,0,0,0,0,0,0,0,0.0,0.126475,1,0.0,0,178,2,0,0.585,0.0249,GREEN,44,Chennai
CLM0005357,CHE_05789,Porur,2025-06-23,7,0,0,0,0,0,0,0,0,0,0.0,0.346546,0,0.0,0,384,1,0,0.7249,0.0,GREEN,20,Chennai
CLM0005358,CHE_02466,Anna Nagar,2024-11-27,7,0,0,0,0,0,0,0,0,0,0.0,0.067427,0,0.0,0,420,0,3,0.7894,0.0,GREEN,40,Chennai
CLM0005359,CHE_00191,Sholinganallur,2020-06-16,11,0,0,0,0,1,0,0,1,0,0.0,0.244602,0,0.0,0,297,0,0,0.9486,0.2294,GREEN,45,Chennai
CLM0005360,CHE_07357,Chromepet,2018-11-16,16,0,0,0,0,0,0,0,0,0,0.0,0.044966,0,0.0,0,420,2,2,0.3225,0.0354,GREEN,18,Chennai
CLM0005361,CHE_07468,Porur,2023-04-28,8,0,0,0,0,0,1,0,0,0,0.0,0.346308,0,0.0,0,114,0,1,0.785,0.1904,GREEN,51,Chennai
CLM0005362,CHE_00528,Anna Nagar,2022-09-15,20,0,0,0,0,0,0,0,0,1,1.0,0.199243,0,0.0,0,193,1,2,0.6804,0.2095,GREEN,27,Chennai
CLM0005363,CHE_02684,Tambaram,2025-03-24,11,0,1,1,0,0,0,0,0,0,0.0,0.127268,0,0.0,0,26,4,1,0.8103,0.0,GREEN,41,Chennai
CLM0005364,CHE_09209,Guindy,2019-07-14,21,0,0,0,0,0,0,0,0,1,0.0,0.095493,0,0.0,0,32,0,6,0.5135,0.2487,GREEN,57,Chennai
CLM0005365,CHE_06889,Anna Nagar,2019-03-22,11,0,0,0,0,0,0,0,0,0,1.0,0.142721,0,1.0,0,419,0,1,0.9431,0.0926,GREEN,40,Chennai
CLM0005366,CHE_01321,Anna Nagar,2022-01-20,10,0,0,0,0,0,0,0,0,1,0.0,0.348516,0,0.0,0,416,3,0,0.0878,0.0397,GREEN,26,Chennai
CLM0005367,CHE_02041,Chromepet,2024-07-28,8,0,0,0,0,0,0,0,0,0,0.0,0.250057,0,0.0,0,420,1,4,0.5034,0.0454,GREEN,52,Chennai
CLM0005368,CHE_07484,Anna Nagar,2020-02-20,9,0,0,0,0,0,1,0,0,0,0.0,0.265355,0,0.0,0,66,0,0,0.5032,0.1395,GREEN,40,Chennai
CLM0005369,CHE_04081,Velachery,2022-08-16,9,0,0,0,0,0,0,0,0,0,0.0,0.222724,0,0.0,0,203,0,0,0.7563,0.0,GREEN,25,Chennai
CLM0005370,CHE_06165,Chromepet,2021-02-08,17,0,0,0,0,0,0,1,0,0,0.0,0.188066,0,0.0,0,318,4,1,0.6511,0.0126,GREEN,35,Chennai
CLM0005371,CHE_03745,Chromepet,2021-06-12,16,0,0,0,0,0,0,0,0,0,0.0,0.442382,0,0.0,0,218,0,6,0.9637,0.0,GREEN,36,Chennai
CLM0005372,CHE_09134,T Nagar,2017-08-09,17,0,0,0,0,0,0,0,0,0,0.0,0.102459,0,0.0,0,235,3,2,0.9186,0.0,GREEN,31,Chennai
CLM0005373,CHE_01062,Sholinganallur,2021-09-01,17,0,0,0,0,0,0,0,0,0,0.0,0.358132,0,0.0,0,300,3,5,0.5847,0.0168,GREEN,37,Chennai
CLM0005374,CHE_00639,T Nagar,2021-02-10,9,0,0,0,0,0,0,0,0,0,0.0,0.140647,0,1.0,0,300,4,4,0.7161,0.0037,GREEN,52,Chennai
CLM0005375,CHE_01107,Chromepet,2017-07-18,8,0,0,0,0,0,0,0,1,0,0.0,0.156483,0,0.0,0,420,4,0,0.6532,0.0156,GREEN,37,Chennai
CLM0005376,CHE_01821,Guindy,2024-02-20,11,0,0,0,0,1,0,0,0,0,0.0,0.323764,0,0.0,0,105,3,0,0.8978,0.0839,GREEN,50,Chennai
CLM0005377,CHE_06712,Guindy,2025-08-16,9,0,0,0,0,0,1,0,0,0,0.0,0.0,0,0.0,0,101,3,0,0.8258,0.0116,GREEN,40,Chennai
CLM0005378,CHE_04482,Chromepet,2018-05-24,9,0,0,0,1,1,0,1,1,0,0.0,0.18085,1,0.0,0,5,0,18,0.9301,0.0,GREEN,18,Chennai
CLM0005379,CHE_07573,Anna Nagar,2017-10-21,8,0,0,0,0,0,0,0,0,0,0.0,0.014105,0,1.0,0,232,4,3,0.576,0.0,GREEN,36,Chennai
CLM0005380,CHE_05062,Sholinganallur,2024-10-25,17,0,0,0,0,0,0,0,0,1,1.0,0.182264,0,0.0,0,152,0,2,0.5851,0.209,GREEN,44,Chennai
CLM0005381,CHE_09415,Porur,2023-11-19,20,0,0,0,0,0,0,0,0,0,1.0,0.975829,1,1.0,0,395,1,4,0.5924,0.1396,GREEN,24,Chennai
CLM0005382,CHE_01504,Guindy,2023-05-30,14,0,0,0,1,0,0,0,0,0,0.0,0.0,0,0.0,0,350,1,3,0.5639,0.1162,GREEN,46,Chennai
CLM0005383,CHE_02952,Porur,2023-02-19,7,0,0,0,1,1,1,1,0,1,1.0,0.985856,0,1.0,0,5,0,18,0.1292,0.0,GREEN,26,Chennai
CLM0005384,CHE_05967,T Nagar,2024-07-22,13,0,0,0,0,0,0,0,0,0,0.0,0.119866,0,0.0,0,189,1,4,0.8691,0.0,GREEN,25,Chennai
CLM0005385,CHE_07113,Velachery,2024-04-25,18,0,0,0,0,0,0,0,0,0,0.0,0.167684,0,0.0,0,76,4,4,0.947,0.0309,GREEN,43,Chennai
CLM0005386,CHE_00914,Velachery,2022-05-15,9,0,0,0,0,0,0,0,0,0,1.0,0.0,0,0.0,0,82,0,2,0.5022,0.0948,GREEN,43,Chennai
CLM0005387,CHE_02291,Guindy,2018-02-28,7,0,0,0,0,0,0,0,0,0,0.0,0.082529,1,0.0,0,420,3,0,0.8555,0.1437,GREEN,32,Chennai
CLM0005388,CHE_07166,Perambur,2025-08-19,15,0,0,0,0,0,0,0,0,0,0.0,0.460758,0,0.0,0,404,3,2,0.7012,0.0449,GREEN,47,Chennai
CLM0005389,CHE_03843,Porur,2025-11-01,9,0,0,0,0,0,0,0,0,0,0.0,0.252073,0,0.0,0,226,4,0,0.7287,0.0,GREEN,33,Chennai
CLM0005390,CHE_01356,Perambur,2022-05-24,18,0,0,0,1,0,0,0,0,0,0.0,0.214279,0,0.0,0,239,2,2,0.7636,0.1813,GREEN,27,Chennai
CLM0005391,CHE_05126,T Nagar,2022-11-09,7,0,0,0,0,0,0,0,0,0,0.0,0.077333,0,0.0,0,419,0,2,0.5303,0.0558,GREEN,22,Chennai
CLM0005392,CHE_09809,Anna Nagar,2018-05-15,17,0,0,0,0,0,0,0,0,0,1.0,0.01093,0,0.0,0,420,2,0,0.2459,0.0886,GREEN,33,Chennai
CLM0005393,CHE_03526,Chromepet,2020-10-24,16,0,0,0,0,0,0,0,0,0,1.0,0.24761,0,0.0,0,137,3,2,0.98,0.0631,GREEN,50,Chennai
CLM0005394,CHE_07037,Adyar,2023-07-06,8,0,0,0,0,0,0,0,1,0,0.0,0.171284,0,0.0,0,51,3,4,0.7077,0.0731,GREEN,55,Chennai
CLM0005395,CHE_02044,T Nagar,2024-05-02,19,0,0,0,0,0,0,0,1,0,0.0,0.358804,0,0.0,0,331,0,4,0.7018,0.2127,GREEN,31,Chennai
CLM0005396,CHE_09435,Perambur,2024-03-15,12,0,0,0,0,0,0,0,0,0,0.0,0.25436,0,0.0,0,420,3,2,0.7404,0.0,GREEN,56,Chennai
CLM0005397,CHE_03596,Chromepet,2022-11-19,10,0,0,0,0,0,0,0,0,0,0.0,0.115235,0,0.0,0,196,2,1,0.8159,0.0099,GREEN,47,Chennai
CLM0005398,CHE_00053,Guindy,2024-08-12,12,0,0,0,0,0,0,0,1,0,0.0,0.04507,0,0.0,0,342,0,6,0.6288,0.1717,GREEN,54,Chennai
CLM0005399,CHE_04088,Velachery,2025-11-17,19,0,1,1,0,1,0,0,0,0,0.0,0.253483,0,0.0,0,207,2,3,0.7881,0.1031,GREEN,26,Chennai
CLM0005400,CHE_00805,T Nagar,2025-02-14,11,0,0,0,0,0,0,0,0,0,0.0,0.354925,0,0.0,0,254,4,0,0.7964,0.0,GREEN,27,Chennai
CLM0005401,CHE_01361,Adyar,2023-06-21,16,0,0,0,1,0,0,0,0,0,0.0,0.0,0,0.0,0,232,2,0,0.1829,0.2562,GREEN,22,Chennai
CLM0005402,CHE_08945,Adyar,2021-04-01,10,0,0,0,0,0,0,0,0,1,0.0,0.318637,0,0.0,0,100,3,5,0.7244,0.1578,GREEN,34,Chennai
CLM0005403,CHE_02088,Sholinganallur,2021-02-17,20,0,0,0,0,0,0,0,0,0,0.0,0.121933,0,0.0,0,89,4,2,0.8924,0.0,GREEN,32,Chennai
CLM0005404,CHE_02120,T Nagar,2025-09-11,11,0,0,0,0,0,0,0,1,0,0.0,0.335111,0,0.0,0,83,3,1,0.7752,0.131,GREEN,22,Chennai
CLM0005405,CHE_00304,Tambaram,2023-09-30,21,0,0,0,0,0,0,0,0,0,0.0,0.14401,0,0.0,0,333,3,1,0.8241,0.0547,GREEN,51,Chennai
CLM0005406,CHE_09615,T Nagar,2024-08-03,20,0,0,0,0,0,0,0,0,0,0.0,0.195653,0,0.0,0,255,3,2,0.7923,0.0,GREEN,52,Chennai
CLM0005407,CHE_04395,Porur,2022-12-17,9,0,0,0,0,0,0,0,0,0,0.0,0.050467,0,0.0,0,228,3,0,0.9005,0.0,GREEN,23,Chennai
CLM0005408,CHE_03610,Sholinganallur,2022-10-29,14,0,0,0,0,0,0,1,0,0,0.0,0.293901,0,0.0,0,5,0,0,0.9649,0.1796,GREEN,37,Chennai
CLM0005409,CHE_03848,Guindy,2024-12-03,10,0,0,0,0,0,0,0,0,0,0.0,0.287364,0,0.0,0,247,3,4,0.6365,0.0568,GREEN,50,Chennai
CLM0005410,CHE_00230,Anna Nagar,2025-07-10,17,0,0,0,0,0,0,0,0,0,0.0,0.257425,0,0.0,0,420,2,2,0.5987,0.0272,GREEN,44,Chennai
CLM0005411,CHE_06313,Adyar,2025-02-27,16,0,0,0,0,0,0,0,0,0,0.0,0.201261,0,0.0,0,420,3,0,0.97,0.0,GREEN,34,Chennai
CLM0005412,CHE_02394,Chromepet,2023-06-11,8,0,0,0,0,0,0,0,0,0,0.0,0.024293,0,0.0,0,420,3,4,0.7706,0.0158,GREEN,42,Chennai
CLM0005413,CHE_01054,Velachery,2022-12-28,8,0,0,0,0,0,0,0,0,0,0.0,0.369745,1,0.0,0,301,0,3,0.8322,0.0145,GREEN,37,Chennai
CLM0005414,CHE_09963,T Nagar,2022-06-24,17,0,0,0,0,0,0,0,0,0,0.0,0.110817,0,0.0,0,388,0,2,0.3478,0.0,GREEN,18,Chennai
CLM0005415,CHE_09547,Adyar,2024-11-23,13,0,1,1,0,0,0,0,0,0,0.0,0.354027,0,0.0,0,5,2,3,0.5752,0.0,GREEN,32,Chennai
CLM0005416,CHE_01584,Perambur,2023-09-23,7,0,0,0,0,0,0,0,0,0,0.0,0.032517,0,0.0,0,36,4,0,0.98,0.0157,GREEN,41,Chennai
CLM0005417,CHE_07744,Chromepet,2021-10-08,9,0,0,0,0,0,0,0,0,0,0.0,1.0,0,0.0,0,420,4,0,0.943,0.052,GREEN,50,Chennai
CLM0005418,CHE_07822,Porur,2025-05-20,11,0,0,0,0,0,0,0,0,0,0.0,0.137896,0,0.0,0,127,4,0,0.5123,0.0797,GREEN,40,Chennai
CLM0005419,CHE_02061,Tambaram,2025-03-22,13,0,0,0,0,0,0,0,0,0,1.0,0.384632,0,0.0,0,342,1,0,0.4278,0.0761,GREEN,18,Chennai
CLM0005420,CHE_09805,Tambaram,2025-02-01,18,0,0,0,0,1,0,0,0,0,0.0,0.330686,0,0.0,0,158,3,7,0.8647,0.1741,GREEN,44,Chennai
CLM0005421,CHE_09372,Guindy,2025-07-05,20,0,0,0,0,0,0,0,0,0,0.0,0.0,0,0.0,0,109,1,4,0.6067,0.0,GREEN,25,Chennai
CLM0005422,CHE_03606,Anna Nagar,2025-03-25,7,0,0,0,1,1,0,1,1,1,1.0,0.804639,0,1.0,0,17,1,12,0.8463,0.085,GREEN,25,Chennai
CLM0005423,CHE_02824,Velachery,2025-05-28,17,0,0,0,0,0,0,0,0,1,0.0,0.0,0,0.0,0,100,0,3,0.7551,0.1598,GREEN,45,Chennai
CLM0005424,CHE_04421,T Nagar,2025-10-21,8,0,0,0,0,0,0,0,0,0,0.0,0.134419,0,0.0,0,276,4,1,0.9746,0.0562,GREEN,39,Chennai
CLM0005425,CHE_01468,Guindy,2019-08-03,10,0,0,0,0,0,0,0,0,0,1.0,0.237677,0,0.0,0,335,4,0,0.05,0.0,GREEN,27,Chennai
CLM0005426,CHE_00634,Guindy,2022-03-22,14,0,0,0,0,0,0,0,0,0,0.0,0.33271,0,0.0,0,312,0,0,0.8283,0.0798,GREEN,46,Chennai
CLM0005427,CHE_08566,Sholinganallur,2025-12-27,12,0,0,0,1,0,0,0,0,0,0.0,0.454666,0,0.0,0,154,0,2,0.9758,0.1045,GREEN,28,Chennai
CLM0005428,CHE_00591,Tambaram,2023-01-06,12,0,0,0,0,0,0,1,1,0,0.0,0.304239,0,0.0,0,98,4,3,0.6864,0.13,GREEN,41,Chennai
CLM0005429,CHE_05315,Perambur,2018-10-14,18,0,0,0,0,0,0,0,0,1,1.0,0.088638,0,0.0,0,168,0,3,0.4172,0.1878,GREEN,30,Chennai
CLM0005430,CHE_03846,Perambur,2019-07-23,20,0,0,0,0,0,0,0,0,0,0.0,0.037012,0,0.0,0,62,3,0,0.2833,0.0006,GREEN,39,Chennai
CLM0005431,CHE_03246,Tambaram,2023-03-18,15,0,0,0,0,0,0,0,0,0,0.0,0.323582,0,0.0,0,108,4,3,0.2136,0.0,GREEN,49,Chennai
CLM0005432,CHE_00461,T Nagar,2018-02-27,10,0,0,0,0,0,0,0,0,0,0.0,0.075386,0,0.0,0,333,1,5,0.6591,0.1408,GREEN,31,Chennai
CLM0005433,CHE_06239,Velachery,2023-04-23,13,0,0,0,0,0,0,0,0,0,0.0,0.180232,0,0.0,0,420,0,2,0.646,0.0454,GREEN,49,Chennai
CLM0005434,CHE_02106,Chromepet,2016-11-07,11,0,0,0,0,0,1,0,0,0,0.0,0.433279,0,0.0,0,145,2,5,0.7316,0.0,GREEN,27,Chennai
CLM0005435,CHE_03846,Perambur,2018-05-07,10,0,0,0,0,0,0,0,0,0,0.0,0.151248,0,0.0,0,301,3,0,0.7682,0.0202,GREEN,39,Chennai
CLM0005436,CHE_07491,Anna Nagar,2017-03-19,21,0,0,0,0,0,0,0,0,0,0.0,0.325661,1,0.0,0,351,0,5,0.6147,0.0651,GREEN,45,Chennai
CLM0005437,CHE_06800,Sholinganallur,2018-03-02,15,0,0,0,0,0,1,0,0,0,0.0,0.314953,0,0.0,0,190,3,0,0.8548,0.0804,GREEN,31,Chennai
CLM0005438,CHE_00898,Adyar,2020-09-15,14,0,0,0,0,0,0,0,0,0,0.0,0.238007,0,0.0,0,420,0,3,0.8598,0.0042,GREEN,20,Chennai
CLM0005439,CHE_09018,T Nagar,2023-11-24,13,0,0,0,0,0,0,0,0,0,0.0,0.378182,0,0.0,0,222,1,6,0.8322,0.0,GREEN,48,Chennai
CLM0005440,CHE_09940,Sholinganallur,2016-07-03,21,0,0,0,0,0,0,0,0,0,0.0,0.259302,0,0.0,0,148,1,3,0.8179,0.0322,GREEN,39,Chennai
CLM0005441,CHE_05605,Sholinganallur,2017-09-14,21,0,0,0,0,0,0,0,0,0,0.0,0.119192,0,0.0,0,147,4,2,0.5889,0.0182,GREEN,40,Chennai
CLM0005442,CHE_08058,Perambur,2017-03-17,20,0,0,0,1,0,0,0,0,0,0.0,0.259231,0,0.0,0,303,1,1,0.6116,0.2428,GREEN,36,Chennai
CLM0005443,CHE_01709,Chromepet,2020-07-14,20,0,0,0,0,0,0,0,0,0,0.0,0.254134,0,0.0,0,388,0,3,0.2514,0.014,GREEN,37,Chennai
CLM0005444,CHE_09083,Anna Nagar,2021-10-11,9,0,0,0,1,0,0,0,0,0,0.0,0.436291,0,0.0,0,354,2,3,0.05,0.0823,GREEN,53,Chennai
CLM0005445,CHE_02732,Porur,2017-03-04,18,0,0,0,0,0,0,0,0,0,0.0,0.295891,0,0.0,0,420,2,0,0.8216,0.0696,GREEN,32,Chennai
CLM0005446,CHE_00644,Perambur,2021-02-18,14,0,0,0,1,1,0,1,1,1,1.0,1.0,1,1.0,0,36,0,18,0.2406,0.2517,GREEN,21,Chennai
CLM0005447,CHE_03187,T Nagar,2023-06-11,13,0,0,0,0,0,0,0,0,0,0.0,0.147438,0,0.0,0,196,0,4,0.5477,0.1259,GREEN,41,Chennai
CLM0005448,CHE_04056,Guindy,2025-06-27,12,0,0,0,0,0,0,0,0,0,0.0,0.870285,0,0.0,0,420,0,0,0.2169,0.0,GREEN,23,Chennai
CLM0005449,CHE_07798,Anna Nagar,2024-06-15,14,0,0,0,0,0,0,0,0,0,0.0,0.386448,0,0.0,0,191,2,1,0.98,0.0,GREEN,50,Chennai
CLM0005450,CHE_03930,T Nagar,2022-08-30,16,0,0,0,0,0,0,0,0,0,0.0,0.302422,0,0.0,0,318,4,2,0.7489,0.0,GREEN,28,Chennai
CLM0005451,CHE_03415,Porur,2019-12-24,13,0,0,0,0,0,0,0,0,0,0.0,0.265158,1,0.0,0,420,1,0,0.2688,0.1001,GREEN,20,Chennai
CLM0005452,CHE_06652,Tambaram,2022-06-04,8,0,0,0,0,0,0,0,0,0,0.0,0.322141,0,0.0,0,301,4,1,0.6517,0.0,GREEN,45,Chennai
CLM0005453,CHE_01233,Velachery,2024-08-28,20,0,0,0,0,0,0,0,0,0,0.0,0.126666,0,0.0,0,420,2,0,0.05,0.0536,GREEN,39,Chennai
CLM0005454,CHE_08763,T Nagar,2022-05-08,18,0,0,0,0,1,0,0,0,0,1.0,0.304356,0,0.0,0,420,1,1,0.8783,0.1398,GREEN,34,Chennai
CLM0005455,CHE_07732,Guindy,2021-03-18,19,0,0,0,0,0,0,0,0,0,0.0,0.19832,0,0.0,0,65,3,4,0.7913,0.0282,GREEN,45,Chennai
CLM0005456,CHE_01120,Perambur,2025-10-13,10,0,0,0,0,0,0,0,0,0,0.0,0.907063,0,0.0,0,17,2,3,0.6759,0.0,GREEN,28,Chennai
CLM0005457,CHE_06212,Sholinganallur,2025-07-31,14,0,0,0,0,0,0,0,0,0,0.0,0.28471,0,0.0,0,420,4,3,0.1176,0.0276,GREEN,46,Chennai
CLM0005458,CHE_04634,Anna Nagar,2021-10-07,17,0,0,0,0,0,0,0,0,0,0.0,0.236789,0,0.0,0,288,4,1,0.9639,0.0,GREEN,40,Chennai
CLM0005459,CHE_07845,Anna Nagar,2023-07-05,13,0,0,0,0,0,0,0,0,0,0.0,0.260962,0,0.0,0,58,3,0,0.7453,0.0187,GREEN,53,Chennai
CLM0005460,CHE_08054,Sholinganallur,2021-08-09,16,0,0,0,0,0,0,0,0,0,0.0,0.131072,0,0.0,0,378,1,4,0.6409,0.0,GREEN,47,Chennai
CLM0005461,CHE_03467,Porur,2022-08-04,10,0,0,0,0,0,1,0,0,0,0.0,0.358662,0,0.0,0,50,1,4,0.7262,0.1005,GREEN,34,Chennai
CLM0005462,CHE_04243,Tambaram,2021-04-19,7,0,0,0,0,0,0,0,1,0,0.0,0.018986,0,0.0,0,396,1,0,0.7408,0.0629,GREEN,53,Chennai
CLM0005463,CHE_00705,Anna Nagar,2024-03-05,10,0,0,0,0,0,0,0,0,0,0.0,0.075427,0,0.0,0,420,4,0,0.659,0.0266,GREEN,42,Chennai
CLM0005464,CHE_01340,Perambur,2025-09-02,17,0,0,0,0,0,0,0,0,0,0.0,0.263283,0,0.0,0,266,1,4,0.98,0.048,GREEN,55,Chennai
CLM0005465,CHE_05101,Porur,2025-07-20,20,0,0,0,0,0,1,0,0,0,0.0,0.329466,0,0.0,0,420,4,0,0.8942,0.0496,GREEN,27,Chennai
CLM0005466,CHE_04860,T Nagar,2022-09-07,8,0,0,0,0,0,0,0,0,0,0.0,0.36738,0,0.0,0,179,2,0,0.7051,0.0,GREEN,48,Chennai
CLM0005467,CHE_08557,Tambaram,2022-02-25,21,0,0,0,0,1,0,0,0,0,0.0,0.12594,0,0.0,0,420,1,4,0.8078,0.1483,GREEN,52,Chennai
CLM0005468,CHE_01412,Porur,2021-02-17,14,0,0,0,0,0,1,0,0,0,0.0,0.0,0,0.0,0,94,1,4,0.6259,0.0568,GREEN,55,Chennai
CLM0005469,CHE_05736,Porur,2024-10-17,10,0,0,0,0,0,0,0,0,0,0.0,0.178072,0,0.0,0,237,3,3,0.98,0.0481,GREEN,42,Chennai
CLM0005470,CHE_08840,Porur,2022-04-07,15,0,0,0,0,0,0,0,0,0,0.0,0.982327,0,0.0,0,420,2,4,0.6762,0.0276,GREEN,37,Chennai
CLM0005471,CHE_06896,T Nagar,2024-06-22,8,0,0,0,0,0,0,1,0,0,1.0,1.0,0,0.0,0,386,3,2,0.8701,0.0769,GREEN,46,Chennai
CLM0005472,CHE_01719,Perambur,2021-10-31,9,0,1,1,0,0,0,0,0,0,0.0,0.280042,0,0.0,0,296,0,5,0.7556,0.1101,GREEN,43,Chennai
CLM0005473,CHE_07559,Anna Nagar,2020-05-16,9,0,0,0,0,0,0,0,0,0,1.0,0.220425,0,0.0,0,336,2,3,0.6499,0.0404,GREEN,29,Chennai
CLM0005474,CHE_05921,Anna Nagar,2021-02-17,18,0,0,0,0,0,0,0,0,0,0.0,0.331372,0,0.0,0,28,0,3,0.7264,0.0569,GREEN,35,Chennai
CLM0005475,CHE_04622,Velachery,2022-09-25,19,0,0,0,0,0,0,0,0,0,0.0,0.169747,0,0.0,0,53,0,4,0.8144,0.0511,GREEN,54,Chennai
CLM0005476,CHE_02551,Sholinganallur,2023-06-30,11,0,0,0,0,0,0,0,0,0,0.0,0.329986,0,0.0,0,218,1,3,0.1828,0.0288,GREEN,19,Chennai
CLM0005477,CHE_06299,Chromepet,2023-06-25,17,0,0,0,0,0,0,0,0,0,0.0,0.244883,0,0.0,0,312,1,1,0.8367,0.0292,GREEN,63,Chennai
CLM0005478,CHE_06811,Tambaram,2017-10-04,13,0,0,0,0,0,0,0,0,0,0.0,0.103705,0,0.0,0,420,2,5,0.4716,0.0564,GREEN,36,Chennai
CLM0005479,CHE_05775,Perambur,2019-06-29,10,0,0,0,0,0,0,0,0,0,0.0,0.176931,0,0.0,0,129,3,6,0.5967,0.0701,GREEN,37,Chennai
CLM0005480,CHE_00601,Sholinganallur,2019-05-01,17,0,0,0,0,0,0,0,0,0,0.0,0.291669,0,0.0,0,345,2,4,0.2404,0.0,GREEN,30,Chennai
CLM0005481,CHE_06025,Perambur,2020-10-15,21,0,0,0,0,0,0,0,0,0,0.0,0.0,0,0.0,0,325,0,0,0.8969,0.0623,GREEN,33,Chennai
CLM0005482,CHE_02476,Perambur,2020-12-25,18,0,0,0,1,1,0,0,0,0,0.0,0.020307,0,0.0,0,345,4,0,0.7238,0.368,YELLOW,52,Chennai
CLM0005483,CHE_01822,T Nagar,2025-08-30,8,0,0,0,0,0,0,0,1,0,0.0,0.222941,0,0.0,0,67,1,0,0.6876,0.001,GREEN,43,Chennai
CLM0005484,CHE_05291,Tambaram,2021-03-29,18,0,0,0,0,0,0,0,0,0,0.0,0.33093,0,0.0,0,152,3,7,0.9534,0.0,GREEN,42,Chennai
CLM0005485,CHE_06004,Porur,2024-05-15,11,0,0,0,0,0,0,0,1,0,0.0,0.264779,0,0.0,0,26,3,6,0.1198,0.0469,GREEN,55,Chennai
CLM0005486,CHE_00699,Adyar,2025-10-03,13,0,0,0,0,0,0,0,0,0,0.0,0.038889,0,0.0,0,323,3,1,0.7745,0.0766,GREEN,59,Chennai
CLM0005487,CHE_05855,Perambur,2022-12-08,21,0,0,0,0,0,0,0,0,0,0.0,0.20801,0,0.0,0,337,3,0,0.8811,0.0,GREEN,46,Chennai
CLM0005488,CHE_05387,Chromepet,2023-07-23,14,0,0,0,0,0,0,0,0,0,0.0,0.136866,0,0.0,1,106,2,1,0.7003,0.097,GREEN,45,Chennai
CLM0005489,CHE_07900,Chromepet,2021-01-18,18,0,0,0,0,0,0,0,1,0,0.0,0.116514,0,0.0,0,284,4,2,0.8145,0.1651,GREEN,43,Chennai
CLM0005490,CHE_07916,Velachery,2025-05-10,10,0,0,0,0,0,0,0,0,0,0.0,0.0,0,0.0,0,21,1,0,0.1918,0.0613,GREEN,27,Chennai
CLM0005491,CHE_03471,Chromepet,2021-08-18,19,0,0,0,0,0,0,1,0,0,0.0,0.212315,0,0.0,0,409,2,2,0.98,0.0582,GREEN,24,Chennai
CLM0005492,CHE_04451,Tambaram,2020-11-22,11,0,0,0,0,0,0,1,0,0,0.0,0.132737,0,0.0,0,309,0,2,0.8825,0.2245,GREEN,32,Chennai
CLM0005493,CHE_00303,Adyar,2022-10-28,8,0,0,0,0,0,1,0,0,0,0.0,0.071164,0,0.0,0,5,1,0,0.6245,0.0727,GREEN,49,Chennai
CLM0005494,CHE_03909,Anna Nagar,2020-02-15,7,0,0,0,0,0,0,0,0,0,0.0,0.11512,0,0.0,0,239,2,7,0.633,0.0,GREEN,45,Chennai
CLM0005495,CHE_00385,Adyar,2020-05-30,16,0,0,0,0,0,0,0,0,0,1.0,0.334607,0,0.0,0,301,3,0,0.6278,0.0734,GREEN,44,Chennai
CLM0005496,CHE_06336,Anna Nagar,2022-09-07,16,0,0,0,0,1,0,0,0,0,0.0,0.163169,0,0.0,0,420,4,3,0.5878,0.1314,GREEN,33,Chennai
CLM0005497,CHE_02811,Porur,2025-12-27,16,0,0,0,0,0,0,0,0,0,0.0,0.073271,0,0.0,0,420,1,0,0.4779,0.0,GREEN,39,Chennai
CLM0005498,CHE_07614,Sholinganallur,2024-06-11,20,0,0,0,0,0,0,0,1,0,0.0,0.270889,0,0.0,0,420,3,5,0.9418,0.09,GREEN,38,Chennai
CLM0005499,CHE_03927,Porur,2025-11-02,21,0,0,0,0,0,0,0,0,0,0.0,0.306599,0,0.0,0,301,1,0,0.6785,0.0,GREEN,32,Chennai
CLM0005500,CHE_03242,Chromepet,2024-10-29,19,0,0,0,0,0,0,0,0,0,0.0,0.436644,0,0.0,0,55,1,3,0.4419,0.0145,GREEN,55,Chennai
CLM0005501,CHE_06753,Sholinganallur,2024-09-10,9,0,0,0,0,0,0,0,0,1,0.0,0.284912,0,0.0,0,132,3,3,0.2473,0.0947,GREEN,46,Chennai
CLM0005502,CHE_03894,Chromepet,2024-06-02,16,0,0,0,0,1,0,0,0,0,1.0,0.410103,0,0.0,0,322,3,4,0.8975,0.1548,GREEN,32,Chennai
CLM0005503,CHE_08924,Perambur,2024-03-30,21,0,0,0,0,0,1,0,0,0,0.0,0.305244,0,0.0,0,420,2,3,0.6905,0.0631,GREEN,28,Chennai
CLM0005504,CHE_06180,Velachery,2025-04-20,13,0,0,0,0,0,1,0,0,1,0.0,0.230879,0,0.0,0,114,1,1,0.98,0.3214,YELLOW,31,Chennai
CLM0005505,CHE_00633,Perambur,2024-07-30,7,0,0,0,0,0,0,0,0,0,0.0,0.186154,0,0.0,0,420,0,1,0.8352,0.0053,GREEN,47,Chennai
CLM0005506,CHE_06206,Velachery,2024-12-08,21,0,0,0,0,0,0,1,0,0,0.0,0.0,0,0.0,0,192,3,1,0.8292,0.1325,GREEN,30,Chennai
CLM0005507,CHE_08484,Tambaram,2022-09-06,13,0,0,0,0,0,0,0,0,0,0.0,0.107517,0,0.0,0,420,4,3,0.6961,0.0,GREEN,30,Chennai
CLM0005508,CHE_01667,T Nagar,2020-02-14,9,0,0,0,0,0,0,0,0,0,0.0,0.129565,0,0.0,0,126,1,5,0.7686,0.0,GREEN,31,Chennai
CLM0005509,CHE_09172,T Nagar,2025-01-01,9,0,0,0,0,0,0,0,0,0,1.0,0.124542,0,0.0,0,14,1,1,0.6485,0.0242,GREEN,38,Chennai
CLM0005510,CHE_00330,Porur,2025-04-01,17,0,0,0,0,0,0,0,0,0,0.0,0.335122,0,0.0,1,222,4,1,0.7031,0.0058,GREEN,40,Chennai
CLM0005511,CHE_07094,Perambur,2019-09-10,11,0,0,0,0,0,0,0,0,0,1.0,0.143676,0,0.0,0,240,4,0,0.9591,0.0923,GREEN,35,Chennai
CLM0005512,CHE_09264,Perambur,2024-10-27,12,0,0,0,0,1,0,0,0,0,0.0,0.275852,0,0.0,0,420,3,3,0.8926,0.0304,GREEN,35,Chennai
CLM0005513,CHE_06271,Porur,2024-07-21,12,0,0,0,0,0,0,0,0,0,0.0,0.460674,0,0.0,0,214,3,2,0.7729,0.0116,GREEN,58,Chennai
CLM0005514,CHE_04170,Sholinganallur,2024-07-28,16,0,0,0,0,0,0,0,0,0,0.0,0.269529,0,0.0,0,420,2,6,0.7414,0.0,GREEN,50,Chennai
CLM0005515,CHE_08774,Guindy,2024-09-15,9,0,0,0,1,0,0,0,0,0,0.0,0.124858,0,0.0,0,379,1,0,0.848,0.171,GREEN,33,Chennai
CLM0005516,CHE_01605,Anna Nagar,2024-12-08,21,0,0,0,0,0,0,0,0,0,1.0,1.0,0,1.0,1,151,2,2,0.98,0.0555,GREEN,42,Chennai
CLM0005517,CHE_06173,Velachery,2023-12-29,10,0,0,0,0,0,0,0,0,0,0.0,0.097051,0,0.0,0,176,3,3,0.1082,0.0,GREEN,36,Chennai
CLM0005518,CHE_04323,Perambur,2025-03-22,13,0,0,0,0,0,0,0,0,1,0.0,0.047808,0,1.0,0,120,3,0,0.7623,0.0995,GREEN,25,Chennai
CLM0005519,CHE_09668,T Nagar,2024-04-14,7,0,0,0,0,0,0,0,0,0,0.0,0.24059,0,0.0,0,382,3,6,0.6954,0.11,GREEN,35,Chennai
CLM0005520,CHE_00819,Sholinganallur,2021-10-23,16,0,0,0,0,0,0,0,1,0,0.0,0.094375,0,0.0,0,90,2,4,0.7464,0.0739,GREEN,39,Chennai
CLM0005521,CHE_02576,Guindy,2020-12-18,18,0,0,0,0,0,0,0,1,0,0.0,0.928766,0,0.0,0,418,2,5,0.8267,0.0547,GREEN,18,Chennai
CLM0005522,CHE_03582,T Nagar,2019-07-25,20,0,0,0,0,0,0,0,0,0,0.0,0.430395,0,0.0,0,156,4,3,0.6923,0.0,GREEN,42,Chennai
CLM0005523,CHE_05881,Anna Nagar,2021-09-26,18,0,0,0,0,0,0,0,0,0,0.0,0.343996,0,0.0,0,223,3,0,0.9028,0.0094,GREEN,39,Chennai
CLM0005524,CHE_00846,Adyar,2023-05-09,17,0,0,0,0,0,0,0,0,0,0.0,0.0,0,0.0,0,242,3,5,0.4813,0.0307,GREEN,23,Chennai
CLM0005525,CHE_06072,T Nagar,2020-07-06,15,0,0,0,0,0,0,0,0,0,0.0,0.38104,0,0.0,0,263,0,3,0.8828,0.0,GREEN,44,Chennai
CLM0005526,CHE_03339,Tambaram,2025-02-21,20,0,0,0,0,0,0,0,0,0,0.0,0.124372,0,0.0,0,327,4,3,0.673,0.0359,GREEN,29,Chennai
CLM0005527,CHE_06142,Adyar,2025-03-18,19,0,0,0,0,0,0,1,0,0,0.0,0.392132,0,0.0,0,420,1,4,0.1153,0.0755,GREEN,30,Chennai
CLM0005528,CHE_03320,Adyar,2024-09-16,16,0,0,0,0,0,0,0,0,0,0.0,0.0,0,0.0,0,330,4,0,0.1249,0.0381,GREEN,54,Chennai
CLM0005529,CHE_00731,T Nagar,2025-09-30,13,0,0,0,0,0,0,0,0,0,0.0,0.389721,0,0.0,0,324,4,5,0.854,0.0133,GREEN,42,Chennai
CLM0005530,CHE_07172,Tambaram,2025-06-13,10,0,0,0,0,0,0,0,1,0,0.0,0.31725,0,0.0,0,5,4,0,0.1588,0.2001,GREEN,18,Chennai
CLM0005531,CHE_05486,Anna Nagar,2025-11-08,19,0,0,0,0,0,0,0,1,0,0.0,0.213077,0,0.0,0,44,0,3,0.805,0.0649,GREEN,61,Chennai
CLM0005532,CHE_01437,Perambur,2025-02-21,15,0,0,0,0,0,0,0,0,0,0.0,0.0,1,0.0,0,86,4,0,0.6163,0.0,GREEN,38,Chennai
CLM0005533,CHE_08782,Chromepet,2025-04-24,18,0,0,0,0,0,0,0,0,0,0.0,0.276187,0,0.0,0,244,1,0,0.98,0.0,GREEN,50,Chennai
CLM0005534,CHE_05706,Tambaram,2025-12-18,8,0,0,0,0,0,0,0,0,0,0.0,0.859723,0,0.0,0,39,0,1,0.5703,0.0089,GREEN,26,Chennai
CLM0005535,CHE_03513,Anna Nagar,2021-11-09,10,0,0,0,0,0,0,0,0,0,0.0,0.153343,0,0.0,0,420,4,2,0.6149,0.0,GREEN,21,Chennai
CLM0005536,CHE_03558,Guindy,2023-09-04,19,0,0,0,0,0,0,0,0,0,0.0,0.230678,0,0.0,1,351,1,0,0.7866,0.0415,GREEN,45,Chennai
CLM0005537,CHE_00584,Adyar,2020-04-10,9,0,0,0,0,0,0,0,0,0,0.0,0.351496,0,0.0,0,349,4,0,0.8852,0.0355,GREEN,22,Chennai
CLM0005538,CHE_01440,Velachery,2022-10-27,8,0,0,0,0,0,0,0,0,0,0.0,0.294692,0,0.0,0,396,4,1,0.9784,0.0,GREEN,22,Chennai
CLM0005539,CHE_03140,Perambur,2022-12-13,9,1,0,0,0,0,0,0,0,0,1.0,0.14621,0,0.0,0,228,4,1,0.98,0.048,GREEN,34,Chennai
CLM0005540,CHE_02671,T Nagar,2021-06-08,16,0,0,0,0,0,0,0,1,0,0.0,0.003106,0,0.0,0,94,1,4,0.2015,0.0321,GREEN,40,Chennai
CLM0005541,CHE_00981,Porur,2021-07-26,17,0,0,0,0,0,0,0,1,0,0.0,1.0,0,0.0,0,305,0,2,0.8819,0.1656,GREEN,35,Chennai
CLM0005542,CHE_04704,Tambaram,2024-12-28,8,0,0,0,0,0,0,0,0,0,0.0,0.261673,0,0.0,0,266,0,0,0.5557,0.0477,GREEN,41,Chennai
CLM0005543,CHE_05941,Chromepet,2020-09-05,21,0,0,0,0,0,0,0,0,0,1.0,0.387092,0,0.0,0,129,3,2,0.947,0.158,GREEN,28,Chennai
CLM0005544,CHE_06505,Perambur,2021-01-19,7,0,0,0,0,0,0,0,0,0,0.0,0.281091,0,0.0,0,268,2,1,0.785,0.0,GREEN,42,Chennai
CLM0005545,CHE_04246,Chromepet,2023-10-30,12,0,0,0,0,0,0,0,0,1,0.0,0.0,0,0.0,0,420,4,8,0.9201,0.1081,GREEN,35,Chennai
CLM0005546,CHE_09931,Guindy,2025-08-26,20,0,0,0,0,0,0,0,0,0,0.0,0.140673,0,0.0,0,227,3,2,0.9056,0.0857,GREEN,36,Chennai
CLM0005547,CHE_07055,Velachery,2023-04-27,19,0,0,0,0,0,0,0,0,0,0.0,0.07565,0,0.0,0,261,2,7,0.9417,0.0967,GREEN,25,Chennai
CLM0005548,CHE_09721,Tambaram,2023-10-12,18,0,0,0,0,0,0,0,0,0,0.0,0.24066,0,0.0,0,345,2,3,0.98,0.0186,GREEN,39,Chennai
CLM0005549,CHE_02314,Adyar,2024-12-17,12,0,0,0,0,0,0,0,0,0,0.0,0.185945,0,0.0,0,420,3,5,0.6171,0.0339,GREEN,32,Chennai
CLM0005550,CHE_08505,Anna Nagar,2021-02-28,9,0,0,0,0,0,0,1,1,0,0.0,0.01296,0,0.0,0,420,1,0,0.6001,0.2102,GREEN,39,Chennai
CLM0005551,CHE_07950,Adyar,2023-09-25,20,0,0,0,0,0,0,0,0,1,0.0,1.0,0,0.0,0,28,2,1,0.98,0.0785,GREEN,57,Chennai
CLM0005552,CHE_00403,Guindy,2022-09-26,15,0,0,0,0,0,0,0,0,0,0.0,0.000789,0,0.0,0,245,1,3,0.98,0.0136,GREEN,29,Chennai
CLM0005553,CHE_07659,Sholinganallur,2022-08-22,16,0,0,0,0,0,1,0,0,0,0.0,0.973785,0,0.0,0,390,1,1,0.7895,0.1241,GREEN,27,Chennai
CLM0005554,CHE_01235,Sholinganallur,2023-08-26,15,0,0,0,0,0,0,1,0,0,0.0,0.286976,1,0.0,0,101,4,3,0.2128,0.1454,GREEN,29,Chennai
CLM0005555,CHE_05166,Adyar,2024-03-08,16,0,0,0,0,0,0,0,1,0,0.0,0.006171,0,0.0,0,21,2,0,0.4267,0.0993,GREEN,34,Chennai
CLM0005556,CHE_02518,Porur,2022-04-15,12,0,0,0,0,1,1,0,0,0,1.0,0.158685,0,0.0,0,348,3,1,0.8577,0.2871,GREEN,44,Chennai
CLM0005557,CHE_03264,Tambaram,2025-12-07,12,0,0,0,0,0,0,0,0,0,0.0,0.313772,1,0.0,0,204,3,2,0.05,0.1063,GREEN,51,Chennai
CLM0005558,CHE_04774,Velachery,2025-08-16,21,0,0,0,0,0,0,0,0,0,0.0,0.330084,0,0.0,0,198,3,2,0.25,0.0,GREEN,22,Chennai
CLM0005559,CHE_06161,Chromepet,2025-11-17,9,0,0,0,0,1,0,0,0,0,1.0,0.234435,0,0.0,0,240,0,3,0.6586,0.3092,GREEN,47,Chennai
CLM0005560,CHE_04604,T Nagar,2025-06-25,13,0,0,0,0,0,0,0,0,0,0.0,0.288803,1,0.0,0,258,1,0,0.4987,0.0855,GREEN,31,Chennai
CLM0005561,CHE_09541,Adyar,2025-07-27,15,0,0,0,0,0,0,0,0,0,0.0,0.450585,0,0.0,0,235,0,3,0.6639,0.0,GREEN,47,Chennai
CLM0005562,CHE_01966,T Nagar,2025-04-03,11,0,0,0,0,1,0,0,0,0,0.0,0.297474,0,0.0,0,254,1,1,0.7212,0.0931,GREEN,32,Chennai
CLM0005563,CHE_05669,T Nagar,2025-02-24,9,0,0,0,0,0,1,0,0,0,0.0,0.314433,0,0.0,0,308,2,6,0.4216,0.1155,GREEN,41,Chennai
CLM0005564,CHE_04535,Adyar,2025-03-23,13,0,0,0,0,0,0,0,0,0,0.0,0.043767,0,0.0,0,365,1,2,0.6614,0.0501,GREEN,31,Chennai
CLM0005565,CHE_09617,Perambur,2025-07-29,20,0,0,0,0,0,1,0,0,0,0.0,0.042198,0,0.0,0,382,1,3,0.2083,0.2387,GREEN,36,Chennai
CLM0005566,CHE_05255,Guindy,2024-01-30,20,0,0,0,0,0,0,0,0,0,1.0,0.043273,0,0.0,0,420,0,2,0.9719,0.0,GREEN,57,Chennai
CLM0005567,CHE_06724,Guindy,2025-09-23,7,0,0,0,0,0,0,0,0,0,0.0,0.284872,0,0.0,0,302,1,5,0.858,0.1818,GREEN,49,Chennai
CLM0005568,CHE_03494,T Nagar,2023-12-12,19,0,0,0,0,0,0,0,0,0,0.0,0.935699,0,0.0,0,173,0,0,0.8569,0.0,GREEN,29,Chennai
CLM0005569,CHE_03853,Anna Nagar,2024-01-07,7,0,0,0,0,0,0,0,0,0,0.0,0.008321,0,0.0,0,314,2,0,0.7477,0.0183,GREEN,50,Chennai
CLM0005570,CHE_01342,Anna Nagar,2024-06-18,21,0,0,0,0,0,0,0,1,0,0.0,0.356981,0,0.0,0,420,3,5,0.6605,0.0507,GREEN,46,Chennai
CLM0005571,CHE_05273,Chromepet,2023-05-19,14,0,0,0,0,1,1,0,0,0,0.0,0.310416,0,0.0,0,352,1,2,0.98,0.21,GREEN,48,Chennai
CLM0005572,CHE_00018,Anna Nagar,2025-12-27,15,0,0,0,0,0,0,0,0,0,0.0,0.129189,0,0.0,0,210,2,2,0.2811,0.0,GREEN,35,Chennai
CLM0005573,CHE_07389,Chromepet,2020-06-14,8,0,0,0,0,0,0,0,0,0,0.0,0.892148,0,0.0,0,420,2,3,0.5401,0.0681,GREEN,33,Chennai
CLM0005574,CHE_04284,Perambur,2022-04-04,7,0,1,1,0,0,0,0,0,0,1.0,0.319293,0,0.0,0,327,0,7,0.3711,0.0682,GREEN,57,Chennai
CLM0005575,CHE_03379,Tambaram,2016-07-05,9,0,0,0,0,0,1,0,0,0,0.0,1.0,0,0.0,0,256,0,3,0.9077,0.1517,GREEN,34,Chennai
CLM0005576,CHE_01284,Tambaram,2019-08-19,18,0,0,0,1,1,1,0,1,1,1.0,0.949321,0,0.0,1,5,1,10,0.6597,0.0481,GREEN,37,Chennai
CLM0005577,CHE_04552,Adyar,2022-11-29,16,0,0,0,0,0,0,1,0,0,0.0,0.14371,0,0.0,0,28,0,2,0.5177,0.0686,GREEN,18,Chennai
CLM0005578,CHE_06091,Chromepet,2021-06-02,14,0,0,0,0,0,0,0,0,0,0.0,0.413601,0,0.0,0,166,1,3,0.6495,0.0838,GREEN,31,Chennai
CLM0005579,CHE_06038,Guindy,2021-02-25,21,0,1,1,0,0,0,0,0,0,0.0,1.0,0,0.0,0,361,1,7,0.4157,0.0,GREEN,64,Chennai
CLM0005580,CHE_05078,Adyar,2023-01-05,12,0,0,0,0,0,0,0,1,0,0.0,0.310084,0,0.0,0,401,3,4,0.05,0.0425,GREEN,62,Chennai
CLM0005581,CHE_02952,Porur,2025-06-25,16,0,0,0,0,0,0,0,0,0,0.0,0.316534,0,0.0,0,231,1,1,0.6194,0.0,GREEN,26,Chennai
CLM0005582,CHE_00762,Porur,2022-12-19,19,0,0,0,0,0,0,0,0,0,1.0,0.209068,1,0.0,0,203,4,5,0.4473,0.1481,GREEN,52,Chennai
CLM0005583,CHE_07814,Tambaram,2023-02-05,7,0,0,0,0,0,0,0,0,0,0.0,0.162964,0,0.0,0,291,2,6,0.2322,0.0,GREEN,39,Chennai
CLM0005584,CHE_02697,Anna Nagar,2025-11-29,18,0,0,0,0,0,0,0,0,0,0.0,0.29418,0,1.0,0,47,3,5,0.98,0.0,GREEN,32,Chennai
CLM0005585,CHE_06356,Guindy,2025-03-31,19,0,0,0,0,0,0,0,0,0,0.0,0.093411,0,0.0,0,374,0,3,0.7166,0.0399,GREEN,49,Chennai
CLM0005586,CHE_09429,Perambur,2024-05-17,14,0,0,0,0,0,0,0,0,0,0.0,0.413079,0,0.0,0,179,0,5,0.514,0.0249,GREEN,39,Chennai
CLM0005587,CHE_03298,Velachery,2024-02-26,21,0,0,0,0,0,0,0,0,0,0.0,0.097315,1,0.0,0,358,3,4,0.9068,0.0896,GREEN,43,Chennai
CLM0005588,CHE_00611,Tambaram,2025-12-05,18,0,0,0,0,0,0,0,0,0,0.0,0.15527,0,0.0,0,397,2,5,0.98,0.0866,GREEN,34,Chennai
CLM0005589,CHE_02938,T Nagar,2022-11-26,7,0,0,0,0,0,0,0,0,0,1.0,0.240273,0,0.0,0,349,3,5,0.0931,0.0392,GREEN,43,Chennai
CLM0005590,CHE_07242,Sholinganallur,2024-10-20,14,0,0,0,0,0,0,0,0,0,0.0,0.220636,0,0.0,0,79,3,3,0.5642,0.1174,GREEN,44,Chennai
CLM0005591,CHE_03213,Guindy,2022-06-27,20,0,0,0,0,0,0,0,0,0,1.0,0.236155,0,0.0,0,369,1,1,0.7554,0.1687,GREEN,40,Chennai
CLM0005592,CHE_05613,Sholinganallur,2025-06-17,11,0,0,0,1,1,0,1,0,1,0.0,0.089272,1,0.0,1,5,3,17,0.7865,0.0598,GREEN,40,Chennai
CLM0005593,CHE_08798,Anna Nagar,2019-08-04,11,0,0,0,0,0,0,0,0,0,0.0,0.109909,0,0.0,0,412,3,0,0.4585,0.1519,GREEN,30,Chennai
CLM0005594,CHE_06644,Perambur,2023-08-16,19,0,0,0,1,0,0,0,0,1,1.0,0.336741,0,0.0,0,200,4,2,0.7621,0.2201,GREEN,25,Chennai
CLM0005595,CHE_07929,Velachery,2022-01-30,18,0,0,0,0,0,0,0,0,0,1.0,0.11779,0,0.0,0,420,4,3,0.98,0.0504,GREEN,35,Chennai
CLM0005596,CHE_03398,Velachery,2023-03-10,18,0,0,0,0,0,0,0,0,0,0.0,0.224282,0,0.0,0,52,1,0,0.5682,0.0426,GREEN,31,Chennai
CLM0005597,CHE_06426,T Nagar,2018-11-25,7,0,0,0,0,0,0,0,0,0,0.0,0.187958,0,0.0,0,373,2,2,0.1955,0.0,GREEN,37,Chennai
CLM0005598,CHE_09528,Porur,2022-03-18,9,0,0,0,0,0,0,0,0,0,1.0,0.263815,1,0.0,0,308,1,2,0.98,0.1141,GREEN,57,Chennai
CLM0005599,CHE_09386,T Nagar,2025-05-11,19,0,0,0,0,0,0,0,0,0,0.0,0.960959,0,0.0,0,50,1,0,0.05,0.0,GREEN,48,Chennai
CLM0005600,CHE_00079,Porur,2024-01-07,7,0,1,1,1,0,1,1,0,0,1.0,0.484872,1,0.0,1,5,4,18,0.9174,0.0367,GREEN,29,Chennai
CLM0005601,CHE_00931,Porur,2025-01-22,8,0,0,0,0,1,0,0,0,0,0.0,0.019462,0,0.0,0,321,2,1,0.9006,0.1646,GREEN,36,Chennai
CLM0005602,CHE_06169,Tambaram,2024-04-05,9,0,0,0,0,0,0,0,1,0,0.0,0.315683,0,0.0,0,283,2,0,0.099,0.0498,GREEN,51,Chennai
CLM0005603,CHE_09422,T Nagar,2021-09-11,17,0,0,0,0,0,0,0,0,0,0.0,0.300049,0,1.0,1,205,1,5,0.7,0.0671,GREEN,44,Chennai
CLM0005604,CHE_00290,Perambur,2023-01-21,7,0,0,0,0,0,0,0,0,0,0.0,0.223378,0,0.0,0,186,3,0,0.5273,0.1047,GREEN,35,Chennai
CLM0005605,CHE_01193,Anna Nagar,2024-07-06,15,0,0,0,0,0,0,0,0,0,0.0,0.452017,0,0.0,0,420,0,1,0.7192,0.0883,GREEN,45,Chennai
CLM0005606,CHE_01275,T Nagar,2025-09-05,11,0,0,0,0,0,0,0,0,0,0.0,0.328768,0,0.0,0,131,0,1,0.8379,0.0,GREEN,37,Chennai
CLM0005607,CHE_07802,Anna Nagar,2023-05-10,17,0,0,0,0,1,0,1,1,1,0.0,0.967652,0,1.0,1,5,4,18,0.1737,0.043,GREEN,52,Chennai
CLM0005608,CHE_01403,Chromepet,2025-06-19,13,0,0,0,0,0,0,0,0,0,0.0,0.288204,0,0.0,0,227,1,5,0.1546,0.0,GREEN,64,Chennai
CLM0005609,CHE_07857,Adyar,2023-09-07,16,0,0,0,0,0,0,0,0,0,0.0,0.322436,0,0.0,0,265,0,0,0.8044,0.0,GREEN,38,Chennai
CLM0005610,CHE_00121,Perambur,2023-09-23,13,0,0,0,0,0,0,0,0,0,0.0,0.0,0,0.0,1,104,1,4,0.7899,0.1061,GREEN,42,Chennai
CLM0005611,CHE_04947,Guindy,2021-07-06,10,0,0,0,0,0,0,1,0,0,0.0,0.18497,0,0.0,0,188,2,4,0.1876,0.061,GREEN,42,Chennai
CLM0005612,CHE_05320,Chromepet,2019-05-03,18,0,0,0,0,0,0,0,0,1,1.0,0.246299,0,0.0,0,418,1,0,0.9521,0.2646,GREEN,43,Chennai
CLM0005613,CHE_04257,Guindy,2018-02-20,21,0,0,0,0,0,0,0,0,0,0.0,0.173297,0,0.0,0,131,2,0,0.58,0.0007,GREEN,56,Chennai
CLM0005614,CHE_00953,Sholinganallur,2022-07-31,17,0,0,0,0,0,0,0,0,0,0.0,0.229567,0,0.0,0,420,1,1,0.6061,0.0,GREEN,46,Chennai
CLM0005615,CHE_00882,Tambaram,2019-09-25,10,0,0,0,0,0,0,0,0,0,0.0,0.276979,0,0.0,0,396,3,0,0.7404,0.1192,GREEN,29,Chennai
CLM0005616,CHE_05357,Sholinganallur,2022-06-06,19,0,0,0,0,0,1,1,0,1,1.0,1.0,0,1.0,0,5,3,18,0.9376,0.0317,GREEN,37,Chennai
CLM0005617,CHE_04297,Perambur,2025-05-04,16,0,0,0,0,0,0,0,0,0,0.0,0.0,0,0.0,0,364,3,4,0.5774,0.0576,GREEN,31,Chennai
CLM0005618,CHE_04054,Tambaram,2021-05-01,12,0,0,0,0,0,0,0,0,0,0.0,0.05775,0,0.0,0,142,4,0,0.6874,0.0027,GREEN,41,Chennai
CLM0005619,CHE_00833,Perambur,2020-04-01,12,0,0,0,0,0,0,0,0,0,0.0,0.372918,0,0.0,0,193,3,1,0.6721,0.1032,GREEN,50,Chennai
CLM0005620,CHE_01927,Guindy,2019-08-31,16,0,0,0,0,0,0,0,0,0,0.0,0.18508,0,0.0,0,384,0,0,0.8486,0.0,GREEN,50,Chennai
CLM0005621,CHE_05238,Tambaram,2019-09-20,13,0,0,0,0,0,0,0,0,0,0.0,0.194219,0,0.0,0,336,4,6,0.148,0.0024,GREEN,28,Chennai
CLM0005622,CHE_08650,Chromepet,2021-10-02,12,0,1,1,0,0,0,0,0,0,1.0,0.0,0,0.0,0,150,3,1,0.7861,0.0534,GREEN,25,Chennai
CLM0005623,CHE_04844,Anna Nagar,2018-06-05,13,0,0,0,0,0,0,0,0,0,0.0,0.099962,0,0.0,0,420,0,1,0.98,0.0,GREEN,49,Chennai
CLM0005624,CHE_07757,Anna Nagar,2025-01-11,12,0,0,0,0,0,0,0,0,0,0.0,0.273665,0,0.0,0,102,0,0,0.5357,0.0,GREEN,36,Chennai
CLM0005625,CHE_05074,T Nagar,2019-03-03,17,0,0,0,0,1,0,0,0,0,0.0,0.132421,0,0.0,0,381,1,3,0.7011,0.1785,GREEN,31,Chennai
CLM0005626,CHE_07690,Velachery,2018-05-07,17,0,0,0,0,0,0,0,0,0,1.0,0.423948,1,0.0,0,193,2,4,0.6142,0.1296,GREEN,26,Chennai
CLM0005627,CHE_06826,Porur,2020-01-06,12,0,0,0,1,0,0,0,0,0,0.0,0.264597,0,0.0,0,189,0,3,0.8583,0.2576,GREEN,47,Chennai
CLM0005628,CHE_08345,Guindy,2024-11-27,7,0,0,0,0,0,0,0,0,0,0.0,0.354122,0,0.0,0,420,2,3,0.7149,0.0,GREEN,65,Chennai
CLM0005629,CHE_08159,Velachery,2025-09-19,13,0,0,0,0,0,0,0,1,0,1.0,1.0,0,0.0,1,34,2,15,0.3548,0.0158,GREEN,49,Chennai
CLM0005630,CHE_04210,Sholinganallur,2024-09-14,9,0,0,0,0,0,1,1,0,0,0.0,0.103219,1,0.0,0,51,4,0,0.827,0.2898,GREEN,40,Chennai
CLM0005631,CHE_06465,Anna Nagar,2025-12-02,14,0,0,0,0,0,0,0,0,1,0.0,0.0,0,0.0,0,420,1,3,0.943,0.1197,GREEN,32,Chennai
CLM0005632,CHE_02728,Adyar,2025-06-05,16,0,0,0,0,0,0,0,0,0,0.0,1.0,0,0.0,0,404,2,0,0.8249,0.0344,GREEN,37,Chennai
CLM0005633,CHE_08086,Anna Nagar,2024-12-15,10,0,1,1,0,0,0,0,0,0,0.0,0.11677,0,0.0,0,298,1,0,0.6637,0.0,GREEN,37,Chennai
CLM0005634,CHE_07238,Guindy,2025-10-23,17,0,0,0,0,0,0,0,0,0,0.0,0.135771,0,0.0,0,420,0,3,0.691,0.0196,GREEN,39,Chennai
CLM0005635,CHE_04489,Sholinganallur,2025-04-18,18,0,0,0,0,0,0,0,0,0,0.0,0.16504,0,0.0,1,41,3,6,0.5744,0.056,GREEN,43,Chennai
CLM0005636,CHE_04528,Adyar,2025-04-01,15,0,0,0,0,0,0,0,0,0,0.0,0.33318,0,0.0,0,348,0,2,0.7799,0.0,GREEN,36,Chennai
CLM0005637,CHE_00423,T Nagar,2025-08-27,18,0,0,0,1,0,1,1,1,1,0.0,0.0,0,0.0,0,14,4,18,0.8607,0.0,GREEN,39,Chennai
CLM0005638,CHE_07904,Velachery,2022-05-10,7,0,0,0,0,0,0,0,0,0,0.0,0.106659,0,0.0,0,168,3,4,0.98,0.0,GREEN,29,Chennai
CLM0005639,CHE_00304,Tambaram,2021-09-18,17,0,0,0,0,0,0,1,0,0,0.0,0.18406,0,0.0,0,169,0,5,0.98,0.0861,GREEN,51,Chennai
CLM0005640,CHE_07579,Sholinganallur,2025-08-11,20,0,0,0,0,0,0,0,0,0,1.0,0.269754,0,0.0,0,178,4,3,0.7076,0.0361,GREEN,27,Chennai
CLM0005641,CHE_09145,Tambaram,2025-05-31,18,0,0,0,0,0,0,0,0,0,0.0,0.097279,0,0.0,0,35,4,0,0.7546,0.0026,GREEN,24,Chennai
CLM0005642,CHE_04637,Tambaram,2016-12-07,10,0,0,0,0,0,0,0,0,0,0.0,0.322329,0,0.0,0,298,1,0,0.6945,0.0012,GREEN,30,Chennai
CLM0005643,CHE_03282,T Nagar,2023-04-27,14,0,0,0,0,0,0,0,1,0,0.0,0.231441,0,0.0,0,139,4,3,0.5985,0.0998,GREEN,31,Chennai
CLM0005644,CHE_03355,Velachery,2020-04-25,9,0,0,0,0,0,0,0,0,0,0.0,1.0,0,0.0,0,48,4,0,0.5689,0.042,GREEN,46,Chennai
CLM0005645,CHE_00857,Chromepet,2018-09-06,12,0,0,0,0,0,0,0,0,0,0.0,0.125285,0,0.0,0,420,1,6,0.7409,0.0,GREEN,29,Chennai
CLM0005646,CHE_03550,Sholinganallur,2020-05-20,15,0,0,0,0,1,0,0,0,0,0.0,0.927525,0,0.0,0,294,0,4,0.5004,0.1543,GREEN,48,Chennai
CLM0005647,CHE_03871,Adyar,2017-10-15,8,0,0,0,0,0,0,0,0,0,0.0,0.019683,0,0.0,0,311,0,0,0.98,0.1,GREEN,47,Chennai
CLM0005648,CHE_01205,Sholinganallur,2025-05-03,11,0,0,0,0,0,1,0,0,1,0.0,0.324951,0,0.0,0,60,3,0,0.2904,0.2293,GREEN,29,Chennai
CLM0005649,CHE_03100,Chromepet,2022-01-06,16,0,0,0,0,0,0,0,0,0,0.0,0.012904,0,0.0,0,328,2,1,0.759,0.0436,GREEN,65,Chennai
CLM0005650,CHE_01117,Velachery,2019-04-04,14,0,1,1,0,0,0,0,0,0,0.0,0.410016,1,0.0,0,194,4,5,0.8305,0.0298,GREEN,28,Chennai
CLM0005651,CHE_05867,T Nagar,2016-10-04,18,0,0,0,0,0,0,0,0,0,0.0,0.069201,0,0.0,0,420,0,4,0.8223,0.0072,GREEN,22,Chennai
CLM0005652,CHE_01509,Tambaram,2025-02-25,12,0,0,0,0,0,0,0,1,0,1.0,1.0,0,1.0,0,36,3,5,0.843,0.2304,GREEN,49,Chennai
CLM0005653,CHE_05857,Perambur,2025-04-13,14,0,0,0,1,0,0,0,0,0,0.0,0.171776,0,0.0,0,56,1,0,0.8388,0.1194,GREEN,55,Chennai
CLM0005654,CHE_02014,Velachery,2025-08-31,19,0,0,0,0,0,0,0,0,0,0.0,0.31269,0,0.0,0,413,0,1,0.816,0.0708,GREEN,40,Chennai
CLM0005655,CHE_08390,Chromepet,2025-07-25,11,0,0,0,0,1,0,0,0,0,0.0,0.997154,0,0.0,0,418,4,1,0.898,0.0556,GREEN,43,Chennai
CLM0005656,CHE_08003,Chromepet,2025-08-26,18,0,0,0,0,0,0,0,0,0,0.0,0.051661,0,0.0,0,170,1,0,0.196,0.0653,GREEN,40,Chennai
CLM0005657,CHE_01341,Porur,2025-06-12,8,0,0,0,0,0,1,0,0,0,1.0,0.340402,0,0.0,0,365,4,1,0.6972,0.1593,GREEN,33,Chennai
CLM0005658,CHE_03924,Perambur,2025-05-06,16,0,0,0,0,0,0,0,0,0,0.0,0.111597,0,0.0,0,91,4,1,0.8894,0.0942,GREEN,37,Chennai
CLM0005659,CHE_04827,Anna Nagar,2025-08-27,13,0,0,0,0,0,1,0,0,0,0.0,0.247778,0,0.0,0,14,2,4,0.98,0.1016,GREEN,36,Chennai
CLM0005660,CHE_04120,Adyar,2025-08-16,10,0,0,0,0,0,0,0,0,0,0.0,0.361215,0,0.0,0,138,4,0,0.7855,0.0236,GREEN,31,Chennai
CLM0005661,CHE_09140,Porur,2025-11-05,12,0,0,0,0,0,1,0,0,0,0.0,0.075927,0,0.0,0,420,1,0,0.5892,0.0381,GREEN,41,Chennai
CLM0005662,CHE_01440,Velachery,2025-03-01,9,0,0,0,0,0,0,0,0,0,0.0,0.510149,0,1.0,0,413,0,0,0.8643,0.0118,GREEN,22,Chennai
CLM0005663,CHE_02768,Velachery,2019-12-02,12,0,0,0,0,0,0,0,0,0,0.0,0.0,0,0.0,0,363,1,3,0.7747,0.0632,GREEN,47,Chennai
CLM0005664,CHE_02902,Tambaram,2022-09-07,13,0,0,0,0,0,0,0,0,0,0.0,0.360877,0,0.0,0,302,3,2,0.1225,0.0,GREEN,37,Chennai
CLM0005665,CHE_05586,T Nagar,2019-02-24,7,0,0,0,0,0,0,0,0,0,0.0,0.310972,0,0.0,0,417,1,2,0.8292,0.1807,GREEN,28,Chennai
CLM0005666,CHE_07866,Porur,2024-11-06,11,0,0,0,0,0,0,0,0,0,0.0,0.196343,0,0.0,0,124,1,6,0.98,0.0226,GREEN,23,Chennai
CLM0005667,CHE_01061,T Nagar,2025-08-21,8,0,0,0,0,0,0,0,0,1,0.0,0.46097,0,0.0,0,265,0,4,0.98,0.1895,GREEN,28,Chennai
CLM0005668,CHE_01768,Perambur,2025-02-16,12,0,1,1,0,0,0,0,0,0,0.0,0.969717,0,0.0,0,129,3,4,0.98,0.0582,GREEN,34,Chennai
CLM0005669,CHE_00461,T Nagar,2025-03-30,20,0,0,0,0,0,0,0,0,0,1.0,0.0,1,0.0,0,276,3,5,0.1073,0.1988,GREEN,31,Chennai
CLM0005670,CHE_04668,Anna Nagar,2024-09-21,21,0,0,0,0,0,0,0,0,0,1.0,0.915954,0,0.0,0,171,3,0,0.6332,0.1143,GREEN,43,Chennai
CLM0005671,CHE_03755,Adyar,2024-05-27,17,0,0,0,0,0,0,0,0,1,0.0,0.058331,0,0.0,0,420,3,0,0.1148,0.1301,GREEN,21,Chennai
CLM0005672,CHE_09802,Perambur,2021-01-13,7,0,0,0,0,0,0,0,0,1,0.0,0.051087,0,0.0,0,73,2,2,0.1783,0.1628,GREEN,37,Chennai
CLM0005673,CHE_03665,Porur,2017-02-18,21,0,0,0,0,0,0,0,0,0,1.0,1.0,0,1.0,0,140,2,6,0.6643,0.0,GREEN,47,Chennai
CLM0005674,CHE_05985,Anna Nagar,2019-03-21,19,0,0,0,0,0,0,0,0,0,0.0,0.154205,0,0.0,0,59,2,4,0.05,0.0144,GREEN,45,Chennai
CLM0005675,CHE_07490,Adyar,2025-01-07,17,0,0,0,0,0,0,1,0,0,0.0,0.299549,0,0.0,0,420,3,0,0.5714,0.0,GREEN,26,Chennai
CLM0005676,CHE_09548,Perambur,2021-09-27,7,0,0,0,1,0,0,0,0,0,0.0,0.113791,0,0.0,0,154,0,2,0.5981,0.1541,GREEN,27,Chennai
CLM0005677,CHE_01967,Guindy,2016-12-21,7,0,0,0,0,0,0,0,1,0,0.0,0.957665,0,0.0,0,329,4,2,0.2335,0.2342,GREEN,50,Chennai
CLM0005678,CHE_01812,Sholinganallur,2020-05-29,16,0,0,0,0,0,0,0,0,0,0.0,0.027569,0,0.0,0,39,4,0,0.8169,0.0294,GREEN,25,Chennai
CLM0005679,CHE_06721,Tambaram,2022-05-18,11,0,0,0,0,0,0,0,0,0,1.0,0.43811,0,0.0,0,282,0,8,0.7032,0.0196,GREEN,35,Chennai
CLM0005680,CHE_00549,Porur,2017-09-20,16,0,0,0,0,0,0,0,0,0,0.0,0.208691,0,0.0,0,375,4,0,0.0503,0.0,GREEN,31,Chennai
CLM0005681,CHE_03523,Tambaram,2018-10-07,14,0,0,0,0,0,1,1,0,1,0.0,0.132547,1,0.0,0,5,4,18,0.98,0.0,GREEN,26,Chennai
CLM0005682,CHE_04093,Guindy,2022-01-25,11,0,0,0,0,0,0,0,0,0,0.0,0.186532,0,0.0,1,236,0,4,0.05,0.1867,GREEN,45,Chennai
CLM0005683,CHE_03545,Adyar,2023-01-02,15,0,0,0,0,0,0,0,0,0,0.0,0.400618,0,0.0,0,69,4,1,0.5242,0.0708,GREEN,31,Chennai
CLM0005684,CHE_03300,Tambaram,2022-10-17,8,0,0,0,0,0,0,0,0,0,0.0,0.096989,0,0.0,0,389,4,5,0.8679,0.0,GREEN,22,Chennai
CLM0005685,CHE_00687,Perambur,2025-02-18,11,0,1,1,0,0,0,0,0,0,0.0,0.279436,0,0.0,1,194,1,3,0.8762,0.0508,GREEN,30,Chennai
CLM0005686,CHE_02385,Anna Nagar,2025-01-29,14,0,0,0,0,0,0,0,0,0,0.0,1.0,0,0.0,0,375,3,1,0.8901,0.0366,GREEN,25,Chennai
CLM0005687,CHE_01283,Guindy,2023-04-28,8,0,0,0,0,0,0,0,0,0,0.0,0.01467,0,0.0,0,65,1,1,0.7186,0.0737,GREEN,38,Chennai
CLM0005688,CHE_03825,Porur,2023-06-16,11,0,0,0,0,0,0,0,1,0,1.0,0.247541,0,0.0,0,299,1,2,0.7553,0.0607,GREEN,19,Chennai
CLM0005689,CHE_08366,Sholinganallur,2023-07-06,7,0,1,1,0,0,0,0,0,0,0.0,0.281281,0,0.0,0,231,0,2,0.5256,0.0,GREEN,32,Chennai
CLM0005690,CHE_04442,Guindy,2025-08-14,9,0,0,0,0,0,0,0,0,0,0.0,0.232504,0,0.0,0,188,2,3,0.9544,0.0144,GREEN,31,Chennai
CLM0005691,CHE_00979,Guindy,2025-04-22,8,0,0,0,0,0,0,0,0,0,0.0,0.956049,0,0.0,0,21,2,2,0.6708,0.0037,GREEN,36,Chennai
CLM0005692,CHE_00782,Sholinganallur,2024-06-11,16,0,0,0,0,0,0,0,0,0,0.0,1.0,0,0.0,0,420,2,4,0.98,0.0005,GREEN,34,Chennai
CLM0005693,CHE_04606,Perambur,2025-05-06,10,0,0,0,0,0,1,0,0,0,1.0,1.0,0,0.0,0,420,0,0,0.98,0.0839,GREEN,50,Chennai
CLM0005694,CHE_05879,Sholinganallur,2025-04-25,12,0,0,0,0,0,0,0,1,1,0.0,0.441789,0,0.0,0,393,0,3,0.624,0.2162,GREEN,32,Chennai
CLM0005695,CHE_01753,Sholinganallur,2024-11-05,9,0,0,0,0,0,0,0,0,0,0.0,0.063275,0,0.0,0,420,2,3,0.5326,0.0,GREEN,39,Chennai
CLM0005696,CHE_05854,Sholinganallur,2024-01-30,15,0,0,0,0,0,0,0,0,0,0.0,0.248696,0,0.0,0,137,0,2,0.935,0.0,GREEN,42,Chennai
CLM0005697,CHE_03481,T Nagar,2017-02-13,15,0,0,0,0,0,0,0,0,0,0.0,0.046005,0,0.0,0,420,3,3,0.0984,0.0,GREEN,26,Chennai
CLM0005698,CHE_00282,Perambur,2022-12-24,15,0,0,0,0,0,1,0,0,0,0.0,0.388263,1,0.0,0,163,3,6,0.5142,0.191,GREEN,48,Chennai
CLM0005699,CHE_03236,Porur,2023-04-24,8,0,0,0,0,0,1,0,0,0,0.0,0.380878,0,0.0,0,420,1,6,0.7939,0.1017,GREEN,34,Chennai
CLM0005700,CHE_01969,Tambaram,2018-08-31,14,0,0,0,0,0,0,0,0,0,0.0,0.252496,0,0.0,0,213,3,3,0.5635,0.0,GREEN,35,Chennai
CLM0005701,CHE_03099,Anna Nagar,2022-09-15,15,0,1,1,0,0,0,0,0,0,0.0,0.040685,0,0.0,0,138,4,0,0.4267,0.0307,GREEN,50,Chennai
CLM0005702,CHE_01006,Velachery,2022-01-01,12,0,0,0,0,0,0,0,0,0,0.0,0.0,0,0.0,1,93,2,2,0.7686,0.0116,GREEN,32,Chennai
CLM0005703,CHE_04812,Chromepet,2024-05-11,16,0,0,0,0,0,0,1,0,0,0.0,0.03428,0,0.0,0,420,0,2,0.4855,0.1623,GREEN,54,Chennai
CLM0005704,CHE_03305,Anna Nagar,2025-11-20,20,0,0,0,0,0,0,0,0,0,0.0,0.310858,0,0.0,0,364,2,1,0.2674,0.0,GREEN,41,Chennai
CLM0005705,CHE_07733,Chromepet,2018-12-19,21,0,0,0,0,0,0,0,1,0,0.0,0.09255,0,0.0,0,347,1,4,0.9219,0.0405,GREEN,42,Chennai
CLM0005706,CHE_08374,Anna Nagar,2022-11-09,20,0,0,0,0,0,1,0,0,0,0.0,0.0,0,0.0,0,306,1,3,0.7593,0.2588,GREEN,56,Chennai
CLM0005707,CHE_06733,Porur,2018-03-01,18,0,0,0,0,0,0,0,0,0,0.0,0.216374,0,0.0,0,363,2,4,0.8466,0.0,GREEN,34,Chennai
CLM0005708,CHE_04774,Velachery,2021-08-03,16,0,0,0,0,0,0,0,0,0,0.0,0.12567,0,0.0,0,177,2,0,0.8259,0.0198,GREEN,22,Chennai
CLM0005709,CHE_06421,Sholinganallur,2019-01-19,16,0,0,0,0,0,0,0,0,0,0.0,0.416234,0,0.0,0,118,1,2,0.7826,0.0512,GREEN,37,Chennai
CLM0005710,CHE_02276,Perambur,2025-09-29,20,0,0,0,0,0,1,1,0,0,0.0,0.000755,0,0.0,0,55,2,3,0.2881,0.1463,GREEN,23,Chennai
CLM0005711,CHE_00328,Adyar,2020-08-23,20,0,0,0,0,0,0,0,0,0,0.0,0.407963,0,0.0,0,293,0,2,0.9093,0.0024,GREEN,29,Chennai
CLM0005712,CHE_00493,T Nagar,2021-01-14,19,0,0,0,0,0,1,0,0,0,0.0,0.255111,0,0.0,0,420,2,5,0.05,0.1182,GREEN,42,Chennai
CLM0005713,CHE_01132,Sholinganallur,2025-08-24,8,0,0,0,0,0,0,0,0,0,0.0,0.229514,0,0.0,0,112,3,0,0.98,0.0,GREEN,25,Chennai
CLM0005714,CHE_00875,Sholinganallur,2019-06-10,19,0,0,0,0,0,0,0,0,0,0.0,0.238531,0,0.0,0,235,4,1,0.6849,0.0,GREEN,55,Chennai
CLM0005715,CHE_05670,Sholinganallur,2025-06-30,11,0,0,0,0,0,0,0,0,0,1.0,1.0,0,1.0,0,353,1,5,0.7788,0.0,GREEN,40,Chennai
CLM0005716,CHE_07829,Porur,2025-08-31,21,0,0,0,0,0,0,0,1,0,1.0,0.375511,0,0.0,0,154,4,2,0.478,0.2314,GREEN,40,Chennai
CLM0005717,CHE_03124,Sholinganallur,2022-12-15,16,0,0,0,0,0,0,1,0,0,0.0,0.008276,0,0.0,0,392,1,7,0.5054,0.1261,GREEN,32,Chennai
CLM0005718,CHE_08425,Adyar,2023-07-09,7,0,0,0,0,0,0,0,1,0,0.0,0.401478,0,0.0,0,5,3,4,0.7985,0.1376,GREEN,37,Chennai
CLM0005719,CHE_05344,Perambur,2022-09-01,16,0,0,0,0,0,0,0,0,0,0.0,0.158096,0,0.0,0,69,2,5,0.98,0.0,GREEN,41,Chennai
CLM0005720,CHE_03315,Perambur,2022-03-20,16,0,0,0,0,0,0,0,0,0,0.0,0.300401,0,0.0,0,268,1,5,0.7252,0.0974,GREEN,40,Chennai
CLM0005721,CHE_08462,Velachery,2022-10-28,7,0,0,0,0,0,0,0,0,0,1.0,0.083732,0,0.0,0,306,1,2,0.05,0.0,GREEN,28,Chennai
CLM0005722,CHE_02099,T Nagar,2022-08-24,15,0,0,0,0,0,1,0,0,0,0.0,0.234836,0,0.0,0,304,2,4,0.844,0.0441,GREEN,44,Chennai
CLM0005723,CHE_03383,Velachery,2023-07-19,13,0,0,0,0,1,0,1,0,0,0.0,0.085433,0,0.0,0,126,0,1,0.7832,0.1696,GREEN,61,Chennai
CLM0005724,CHE_03059,Guindy,2024-03-10,16,0,0,0,0,0,0,0,0,0,0.0,1.0,0,0.0,0,401,0,5,0.7469,0.0,GREEN,34,Chennai
CLM0005725,CHE_09482,Chromepet,2024-05-21,20,0,0,0,0,0,0,0,0,0,0.0,0.082082,0,0.0,0,105,2,6,0.7509,0.0,GREEN,39,Chennai
CLM0005726,CHE_02530,Porur,2024-10-07,19,0,0,0,0,0,0,0,0,0,0.0,0.125208,0,0.0,0,382,0,0,0.8106,0.0,GREEN,21,Chennai
CLM0005727,CHE_00341,Sholinganallur,2019-05-08,21,0,1,1,1,0,1,1,0,1,0.0,0.059348,0,0.0,0,420,1,0,0.98,0.52,YELLOW,56,Chennai
CLM0005728,CHE_05113,Velachery,2020-09-20,7,0,1,1,1,1,1,1,0,1,0.0,0.101327,1,0.0,1,5,0,18,0.9552,0.8897,RED,31,Chennai
CLM0005729,CHE_04187,Chromepet,2024-06-18,20,0,1,1,1,0,1,1,0,1,1.0,0.971786,0,0.0,0,25,0,18,0.7764,0.6504,RED,46,Chennai
CLM0005730,CHE_07750,Velachery,2021-02-09,14,0,1,1,0,0,0,1,1,1,1.0,0.0,0,0.0,1,19,0,18,0.4485,0.6304,RED,41,Chennai
CLM0005731,CHE_09572,Tambaram,2022-11-13,18,0,1,1,1,1,1,1,0,0,1.0,0.971105,0,0.0,1,20,1,18,0.1507,0.6778,RED,41,Chennai
CLM0005732,CHE_00788,Sholinganallur,2020-11-01,17,0,1,1,1,0,0,1,1,0,1.0,0.990529,0,0.0,1,5,2,18,0.094,0.3842,YELLOW,42,Chennai
CLM0005733,CHE_07128,Anna Nagar,2019-05-31,7,0,1,1,1,1,1,1,1,0,1.0,1.0,0,1.0,0,15,0,18,0.609,0.7588,RED,37,Chennai
CLM0005734,CHE_06967,Velachery,2019-08-21,9,0,1,1,1,0,1,1,1,0,0.0,0.377756,0,0.0,0,45,0,18,0.1592,0.4835,YELLOW,33,Chennai
CLM0005735,CHE_09770,Tambaram,2024-12-27,10,0,0,0,0,0,1,0,0,0,1.0,0.877083,0,1.0,0,205,3,6,0.4878,0.0494,GREEN,45,Chennai
CLM0005736,CHE_04699,Guindy,2025-05-10,13,0,0,0,0,0,0,0,1,0,0.0,0.339404,0,0.0,0,28,0,3,0.98,0.1369,GREEN,27,Chennai
CLM0005737,CHE_02983,Tambaram,2024-12-19,19,0,0,0,0,0,0,0,0,0,0.0,0.189584,0,1.0,0,420,3,5,0.6045,0.0025,GREEN,26,Chennai
CLM0005738,CHE_07168,T Nagar,2025-07-22,12,0,0,0,0,0,0,0,0,0,0.0,0.374075,0,0.0,0,246,3,2,0.7663,0.0,GREEN,42,Chennai
CLM0005739,CHE_05044,Porur,2025-10-23,14,0,0,0,0,0,0,0,0,0,0.0,0.281414,0,0.0,0,420,0,2,0.5033,0.1271,GREEN,39,Chennai
CLM0005740,CHE_09103,Perambur,2025-01-19,18,0,0,0,0,0,0,0,0,0,0.0,0.325464,0,0.0,0,275,1,0,0.7129,0.1569,GREEN,35,Chennai
CLM0005741,CHE_04320,Adyar,2023-12-05,15,0,0,0,0,0,0,0,0,0,0.0,0.400001,0,0.0,0,40,1,3,0.05,0.1039,GREEN,34,Chennai
CLM0005742,CHE_06665,Sholinganallur,2024-02-09,19,0,0,0,0,0,1,0,0,0,0.0,0.036967,0,0.0,1,315,0,4,0.8387,0.1205,GREEN,26,Chennai
CLM0005743,CHE_01358,Anna Nagar,2023-12-14,17,0,0,0,0,0,0,0,1,0,0.0,0.262212,0,0.0,0,189,1,2,0.5827,0.1587,GREEN,22,Chennai
CLM0005744,CHE_03640,Sholinganallur,2024-04-19,12,0,0,0,0,0,0,0,0,0,0.0,0.0,0,0.0,0,220,0,3,0.8697,0.0472,GREEN,64,Chennai
CLM0005745,CHE_00912,Anna Nagar,2024-05-09,16,0,0,0,0,0,0,0,0,0,0.0,1.0,0,0.0,0,121,1,1,0.2027,0.0136,GREEN,18,Chennai
CLM0005746,CHE_09981,Perambur,2025-04-09,21,0,0,0,0,0,0,0,0,0,0.0,0.157803,1,1.0,0,179,4,1,0.5037,0.0,GREEN,46,Chennai
CLM0005747,CHE_01701,Chromepet,2025-01-13,15,0,0,0,0,0,0,0,0,0,0.0,0.296237,0,0.0,0,59,1,5,0.2411,0.0,GREEN,42,Chennai
CLM0005748,CHE_06216,Sholinganallur,2024-12-03,17,0,0,0,0,0,0,0,0,0,0.0,0.31265,0,0.0,0,173,4,4,0.7074,0.0,GREEN,18,Chennai
CLM0005749,CHE_00998,Guindy,2025-04-12,7,0,0,0,0,0,0,0,0,0,0.0,0.095789,0,0.0,0,420,1,4,0.658,0.0246,GREEN,42,Chennai
CLM0005750,CHE_01328,Adyar,2023-12-19,12,0,0,0,0,0,0,0,0,0,0.0,0.282118,0,0.0,0,36,0,0,0.4607,0.0,GREEN,33,Chennai
CLM0005751,CHE_04922,Tambaram,2023-12-30,21,0,0,0,0,0,0,1,0,0,0.0,0.035766,0,0.0,0,205,0,0,0.7442,0.0519,GREEN,45,Chennai
CLM0005752,CHE_04229,Guindy,2024-10-09,8,0,0,0,0,0,0,0,0,1,0.0,0.128218,0,0.0,0,202,1,0,0.8139,0.1791,GREEN,59,Chennai
CLM0005753,CHE_04502,Porur,2024-01-13,17,0,0,0,0,0,0,0,0,0,0.0,0.0,0,0.0,0,417,3,0,0.7046,0.1476,GREEN,31,Chennai
CLM0005754,CHE_00591,Tambaram,2019-04-01,7,0,0,0,0,0,0,0,0,1,0.0,0.190365,0,0.0,0,235,2,1,0.4751,0.1869,GREEN,41,Chennai
CLM0005755,CHE_02241,Chromepet,2019-10-05,8,0,0,0,0,0,0,0,0,0,0.0,0.14672,0,0.0,0,57,1,6,0.5408,0.0342,GREEN,38,Chennai
CLM0005756,CHE_00275,Perambur,2025-07-22,14,0,0,0,0,0,0,0,0,0,0.0,0.059562,0,0.0,0,225,1,2,0.5762,0.0,GREEN,63,Chennai
CLM0005757,CHE_07806,T Nagar,2024-06-19,20,0,0,0,0,0,0,0,0,0,0.0,0.0,0,0.0,0,420,2,0,0.98,0.0083,GREEN,34,Chennai
CLM0005758,CHE_06446,T Nagar,2025-03-14,7,0,0,0,0,0,0,0,0,0,0.0,0.200486,0,0.0,0,25,2,7,0.2706,0.0318,GREEN,42,Chennai
CLM0005759,CHE_00676,T Nagar,2019-08-04,15,0,0,0,0,0,0,0,0,0,0.0,0.250453,0,0.0,0,420,3,3,0.5004,0.0222,GREEN,27,Chennai
CLM0005760,CHE_01123,Chromepet,2023-03-20,14,0,0,0,0,1,1,1,1,1,0.0,0.076373,0,0.0,1,25,4,12,0.8707,0.0,GREEN,40,Chennai
CLM0005761,CHE_05104,Perambur,2025-08-04,16,0,0,0,0,0,0,0,0,0,0.0,0.250626,0,0.0,0,420,1,4,0.05,0.0,GREEN,36,Chennai
CLM0005762,CHE_09468,Chromepet,2019-02-16,13,0,0,0,0,0,0,0,0,0,0.0,0.258715,0,0.0,0,420,2,0,0.2137,0.0,GREEN,31,Chennai
CLM0005763,CHE_09699,T Nagar,2025-12-07,11,0,0,0,0,0,1,0,0,0,0.0,0.242151,0,0.0,0,257,2,4,0.7065,0.1654,GREEN,38,Chennai
CLM0005764,CHE_04447,Guindy,2023-11-10,18,0,0,0,0,0,0,0,1,0,0.0,0.184756,0,0.0,0,177,2,5,0.9193,0.134,GREEN,48,Chennai
CLM0005765,CHE_00358,Tambaram,2022-05-04,18,0,0,0,0,0,0,0,0,0,0.0,0.354548,0,0.0,0,101,0,4,0.593,0.0173,GREEN,36,Chennai
CLM0005766,CHE_05330,Perambur,2025-09-09,19,0,0,0,0,0,0,1,0,0,0.0,0.241217,0,1.0,0,357,0,2,0.2023,0.0744,GREEN,47,Chennai
CLM0005767,CHE_06554,Perambur,2023-05-03,7,0,0,0,0,0,0,0,0,0,0.0,0.148315,0,0.0,0,362,1,4,0.5812,0.0,GREEN,55,Chennai
CLM0005768,CHE_07933,Perambur,2022-08-13,17,0,0,0,0,0,0,0,0,1,0.0,0.352894,0,0.0,0,347,2,3,0.6798,0.1567,GREEN,29,Chennai
CLM0005769,CHE_06408,Sholinganallur,2025-01-31,16,0,0,0,0,0,0,0,1,0,0.0,0.256535,0,0.0,0,304,3,3,0.799,0.0895,GREEN,30,Chennai
CLM0005770,CHE_04312,Tambaram,2023-04-30,15,0,0,0,0,0,0,0,0,0,1.0,0.329688,0,0.0,0,29,0,0,0.8456,0.152,GREEN,30,Chennai
CLM0005771,CHE_04060,Porur,2022-08-13,10,0,0,0,1,1,0,0,0,0,0.0,0.267879,0,0.0,0,420,2,4,0.6432,0.3301,YELLOW,43,Chennai
CLM0005772,CHE_02734,Chromepet,2024-03-22,14,0,1,1,0,0,0,0,0,0,0.0,0.065085,0,0.0,0,205,0,2,0.4451,0.0,GREEN,36,Chennai
CLM0005773,CHE_08438,Velachery,2024-01-17,14,0,0,0,0,0,0,0,0,0,0.0,0.293598,0,0.0,0,297,2,4,0.5034,0.0,GREEN,19,Chennai
CLM0005774,CHE_02321,Adyar,2024-07-09,19,0,0,0,0,0,0,0,0,1,0.0,0.155886,0,0.0,0,420,3,2,0.8542,0.0812,GREEN,30,Chennai
CLM0005775,CHE_03988,Adyar,2024-02-07,21,0,0,0,0,0,0,0,0,0,0.0,0.32695,0,0.0,0,73,4,3,0.7641,0.1092,GREEN,33,Chennai
CLM0005776,CHE_01589,Tambaram,2023-08-16,12,0,1,1,0,0,0,0,0,0,0.0,0.105215,0,0.0,0,420,4,3,0.7696,0.0006,GREEN,48,Chennai
CLM0005777,CHE_03056,Perambur,2024-02-03,15,0,0,0,0,0,0,0,0,0,0.0,0.062958,0,0.0,0,163,3,3,0.7747,0.0603,GREEN,31,Chennai
CLM0005778,CHE_07742,Guindy,2024-07-23,18,0,0,0,0,0,0,0,0,0,0.0,0.198278,0,0.0,0,178,0,3,0.2902,0.0,GREEN,56,Chennai
CLM0005779,CHE_03211,Velachery,2024-01-03,11,0,0,0,0,0,0,0,0,0,0.0,0.229241,1,0.0,0,46,2,3,0.6804,0.0893,GREEN,21,Chennai
CLM0005780,CHE_05031,Guindy,2022-03-11,18,0,0,0,0,0,0,1,0,0,0.0,0.966059,0,0.0,0,180,4,4,0.8367,0.0308,GREEN,39,Chennai
CLM0005781,CHE_08382,Adyar,2022-07-07,10,0,0,0,0,0,0,0,0,0,0.0,0.382187,0,1.0,0,173,3,1,0.6925,0.0106,GREEN,50,Chennai
CLM0005782,CHE_00752,Anna Nagar,2024-12-20,10,0,0,0,0,0,0,0,0,0,0.0,0.0,0,1.0,0,420,2,0,0.6954,0.0226,GREEN,43,Chennai
CLM0005783,CHE_00144,Perambur,2024-07-30,21,0,0,0,0,0,0,0,0,0,0.0,0.078413,0,0.0,0,335,4,0,0.3768,0.0555,GREEN,30,Chennai
CLM0005784,CHE_01719,Perambur,2021-11-08,21,0,0,0,0,0,0,0,0,0,0.0,0.225844,0,0.0,0,89,1,4,0.7303,0.0,GREEN,43,Chennai
CLM0005785,CHE_04425,Guindy,2022-09-26,19,0,0,0,0,0,0,1,0,0,0.0,0.108327,0,0.0,0,111,4,3,0.1032,0.0922,GREEN,49,Chennai
CLM0005786,CHE_01254,T Nagar,2020-08-16,19,0,0,0,0,0,0,0,1,0,0.0,0.178666,0,1.0,0,311,0,4,0.5307,0.1504,GREEN,43,Chennai
CLM0005787,CHE_02229,Chromepet,2017-01-08,21,0,0,0,0,0,1,0,0,0,0.0,0.350327,0,0.0,0,301,4,4,0.98,0.0803,GREEN,69,Chennai
CLM0005788,CHE_03967,T Nagar,2022-12-19,11,0,0,0,0,0,1,0,0,0,0.0,1.0,0,0.0,0,257,1,4,0.5777,0.0834,GREEN,37,Chennai
CLM0005789,CHE_00960,Perambur,2018-09-04,20,0,0,0,0,0,0,0,0,0,0.0,0.101907,0,0.0,0,370,3,0,0.2711,0.0693,GREEN,46,Chennai
CLM0005790,CHE_01936,Anna Nagar,2023-09-01,19,0,0,0,0,0,0,0,0,0,0.0,0.955449,0,0.0,0,420,2,1,0.7282,0.0,GREEN,18,Chennai
CLM0005791,CHE_07166,Perambur,2024-08-03,20,0,0,0,0,0,0,0,0,0,0.0,0.419691,0,0.0,0,278,0,7,0.7879,0.0,GREEN,47,Chennai
CLM0005792,CHE_07173,Velachery,2021-11-01,14,0,0,0,0,0,1,0,0,0,0.0,0.299628,0,0.0,0,160,2,3,0.6023,0.0873,GREEN,40,Chennai
CLM0005793,CHE_03147,Sholinganallur,2022-07-18,9,0,0,0,0,0,0,0,0,0,0.0,0.284589,0,0.0,0,39,0,5,0.53,0.0,GREEN,49,Chennai
CLM0005794,CHE_05404,Porur,2021-12-02,16,0,0,0,0,0,0,1,0,0,0.0,0.11621,0,0.0,0,170,2,3,0.916,0.1153,GREEN,40,Chennai
CLM0005795,CHE_08669,Adyar,2025-07-01,15,0,0,0,0,0,1,0,0,0,1.0,0.195076,0,0.0,0,420,0,0,0.6091,0.1349,GREEN,37,Chennai
CLM0005796,CHE_09554,Perambur,2020-03-09,13,0,1,1,0,0,0,0,0,0,0.0,1.0,0,0.0,0,119,0,3,0.7415,0.0,GREEN,55,Chennai
CLM0005797,CHE_03043,Guindy,2022-09-02,7,0,0,0,0,0,0,0,0,0,0.0,1.0,1,1.0,0,335,4,5,0.98,0.1733,GREEN,34,Chennai
CLM0005798,CHE_07596,T Nagar,2023-08-08,20,0,0,0,0,0,1,1,0,0,0.0,1.0,0,0.0,0,392,3,3,0.5513,0.2214,GREEN,48,Chennai
CLM0005799,CHE_04711,Chromepet,2024-07-31,20,0,0,0,0,0,0,0,1,0,0.0,0.171936,0,1.0,0,408,1,2,0.2618,0.0,GREEN,51,Chennai
CLM0005800,CHE_00258,Anna Nagar,2022-11-02,20,0,0,0,0,0,0,0,0,0,0.0,0.125868,0,0.0,0,343,4,2,0.809,0.0,GREEN,44,Chennai
CLM0005801,CHE_04901,Guindy,2023-10-14,9,0,0,0,0,0,0,0,0,0,0.0,0.303085,0,0.0,0,344,0,1,0.05,0.0543,GREEN,51,Chennai
CLM0005802,CHE_03195,T Nagar,2021-11-04,21,0,0,0,0,0,0,0,0,0,0.0,0.0,0,0.0,0,209,3,0,0.8228,0.0224,GREEN,45,Chennai
CLM0005803,CHE_06409,Porur,2025-09-07,11,0,0,0,0,0,0,0,0,0,0.0,0.173767,0,0.0,0,340,4,2,0.926,0.0416,GREEN,38,Chennai
CLM0005804,CHE_05441,Porur,2021-05-23,13,0,0,0,0,0,0,0,0,0,0.0,0.961463,0,0.0,0,420,1,0,0.8502,0.0871,GREEN,38,Chennai
CLM0005805,CHE_09846,Chromepet,2020-08-16,8,0,0,0,0,0,0,0,0,0,0.0,0.195534,0,1.0,0,23,1,4,0.6182,0.053,GREEN,28,Chennai
CLM0005806,CHE_03124,Sholinganallur,2023-10-14,7,0,0,0,0,0,0,0,0,1,0.0,0.085295,0,0.0,1,154,3,1,0.9128,0.1787,GREEN,32,Chennai
CLM0005807,CHE_08390,Chromepet,2023-01-10,7,0,0,0,1,0,0,1,1,0,0.0,0.958036,0,0.0,1,5,2,18,0.4468,0.0321,GREEN,43,Chennai
CLM0005808,CHE_05457,Anna Nagar,2024-02-02,17,0,0,0,0,0,0,0,0,0,0.0,0.206929,0,0.0,0,98,1,0,0.8879,0.0,GREEN,38,Chennai
CLM0005809,CHE_05649,Velachery,2023-10-22,19,0,0,0,0,0,1,1,1,1,0.0,0.402705,0,1.0,0,19,0,18,0.05,0.0036,GREEN,31,Chennai
CLM0005810,CHE_03900,Velachery,2021-02-02,17,0,0,0,0,0,1,0,0,0,0.0,0.303526,0,0.0,0,359,0,0,0.9474,0.0919,GREEN,56,Chennai
CLM0005811,CHE_09584,Adyar,2024-03-28,20,0,0,0,0,0,0,0,0,0,0.0,0.235608,0,0.0,1,353,0,4,0.8381,0.0602,GREEN,37,Chennai
CLM0005812,CHE_09012,Guindy,2025-01-04,19,0,0,0,0,0,0,0,0,0,0.0,0.102733,0,0.0,0,418,4,5,0.3156,0.0306,GREEN,38,Chennai
CLM0005813,CHE_04427,Chromepet,2019-01-29,19,0,0,0,0,0,0,0,0,1,0.0,0.0,0,0.0,0,420,4,0,0.6978,0.1378,GREEN,43,Chennai
CLM0005814,CHE_02689,Sholinganallur,2022-04-04,19,0,0,0,0,0,0,0,1,0,0.0,0.924309,0,0.0,0,126,3,2,0.8061,0.145,GREEN,28,Chennai
CLM0005815,CHE_00266,Porur,2024-01-23,7,0,0,0,0,0,0,0,0,0,0.0,0.313875,0,0.0,0,85,4,4,0.8388,0.0088,GREEN,57,Chennai
CLM0005816,CHE_03945,Anna Nagar,2018-01-25,15,0,0,0,0,0,1,0,1,0,0.0,0.161245,0,0.0,0,379,2,2,0.718,0.3175,YELLOW,45,Chennai
CLM0005817,CHE_08947,Adyar,2020-06-04,11,0,0,0,0,0,0,0,0,0,0.0,0.119835,0,0.0,1,70,2,5,0.5995,0.1855,GREEN,45,Chennai
CLM0005818,CHE_01945,Guindy,2019-04-05,20,0,0,0,0,0,0,0,0,0,0.0,0.375078,0,0.0,0,408,1,2,0.6153,0.0206,GREEN,38,Chennai
CLM0005819,CHE_06805,Perambur,2020-08-27,17,0,0,0,0,0,0,0,0,0,0.0,0.332074,0,0.0,0,196,3,1,0.7871,0.0319,GREEN,33,Chennai
CLM0005820,CHE_07633,Velachery,2023-06-10,13,0,0,0,0,0,0,0,1,0,1.0,0.235608,0,0.0,0,279,1,5,0.7806,0.1536,GREEN,46,Chennai
CLM0005821,CHE_00259,Anna Nagar,2024-04-24,11,0,0,0,1,0,0,0,0,0,0.0,0.304409,0,0.0,0,161,0,0,0.7143,0.2539,GREEN,52,Chennai
CLM0005822,CHE_06869,T Nagar,2019-03-10,7,0,0,0,0,0,0,0,0,0,0.0,0.384977,0,0.0,0,115,1,3,0.6378,0.0,GREEN,38,Chennai
CLM0005823,CHE_05351,Chromepet,2023-11-17,14,0,0,0,0,0,0,0,0,0,0.0,0.119259,0,0.0,0,230,4,0,0.839,0.0737,GREEN,25,Chennai
CLM0005824,CHE_05807,Perambur,2019-10-29,7,0,0,0,0,0,0,0,0,0,0.0,0.066147,0,0.0,0,408,4,1,0.8335,0.0357,GREEN,31,Chennai
CLM0005825,CHE_01464,Adyar,2021-08-21,19,0,0,0,0,1,0,0,0,0,0.0,0.274559,0,0.0,0,16,0,0,0.9085,0.1203,GREEN,49,Chennai
CLM0005826,CHE_09365,Guindy,2020-02-10,14,0,0,0,0,0,0,0,0,0,0.0,0.395717,0,0.0,0,404,2,3,0.98,0.0346,GREEN,43,Chennai
CLM0005827,CHE_04975,Tambaram,2020-03-14,15,0,0,0,0,0,0,0,0,0,0.0,0.30275,0,0.0,0,11,2,5,0.9716,0.0568,GREEN,50,Chennai
CLM0005828,CHE_00299,Chromepet,2017-08-28,21,0,0,0,0,1,0,0,0,0,0.0,0.027906,0,0.0,0,403,1,4,0.8477,0.0881,GREEN,36,Chennai
CLM0005829,CHE_01221,Sholinganallur,2025-08-20,16,0,0,0,0,0,0,0,0,0,0.0,0.395324,0,0.0,0,297,2,2,0.639,0.0706,GREEN,28,Chennai
CLM0005830,CHE_07143,Velachery,2021-05-11,10,0,0,0,0,0,0,0,1,0,0.0,0.348974,0,0.0,0,79,3,0,0.6705,0.0595,GREEN,40,Chennai
CLM0005831,CHE_06302,Adyar,2021-02-07,8,0,0,0,0,0,0,0,0,0,0.0,0.143094,0,0.0,0,31,0,3,0.6021,0.0606,GREEN,51,Chennai
CLM0005832,CHE_05486,Anna Nagar,2023-11-18,13,0,0,0,0,0,0,0,0,0,0.0,0.258429,0,0.0,0,79,1,1,0.98,0.0,GREEN,61,Chennai
CLM0005833,CHE_00104,Adyar,2019-10-19,17,0,0,0,0,0,0,0,0,0,0.0,0.249154,0,0.0,0,420,3,3,0.8455,0.0,GREEN,25,Chennai
CLM0005834,CHE_09633,Chromepet,2024-06-06,11,0,0,0,0,0,0,0,0,0,0.0,0.360834,0,0.0,0,143,0,1,0.7818,0.0,GREEN,40,Chennai
CLM0005835,CHE_08310,Porur,2017-08-30,21,0,0,0,0,0,0,0,1,0,0.0,0.386163,0,0.0,0,420,3,0,0.1565,0.151,GREEN,45,Chennai
CLM0005836,CHE_08290,Perambur,2022-09-15,17,0,0,0,1,0,0,0,0,0,0.0,0.025647,0,0.0,0,420,3,3,0.7715,0.1268,GREEN,40,Chennai
CLM0005837,CHE_06329,Adyar,2019-08-05,21,0,0,0,0,0,0,0,0,0,0.0,1.0,0,0.0,0,251,2,2,0.909,0.0038,GREEN,43,Chennai
CLM0005838,CHE_06612,Adyar,2021-08-04,16,0,0,0,0,0,0,0,0,0,0.0,0.122365,0,0.0,0,122,0,2,0.05,0.0095,GREEN,34,Chennai
CLM0005839,CHE_05865,Velachery,2022-10-11,7,0,0,0,0,0,0,0,0,0,0.0,0.209464,0,0.0,0,127,4,4,0.1911,0.0145,GREEN,29,Chennai
CLM0005840,CHE_05109,Guindy,2025-04-26,17,0,0,0,0,0,0,0,0,0,0.0,0.392321,0,0.0,0,129,0,0,0.98,0.0,GREEN,29,Chennai
CLM0005841,CHE_07080,Guindy,2025-09-15,12,0,0,0,0,0,0,0,1,0,0.0,0.376628,0,0.0,0,420,4,1,0.1809,0.0663,GREEN,43,Chennai
CLM0005842,CHE_06399,Porur,2022-07-12,13,0,0,0,0,0,0,0,1,0,0.0,0.364912,0,0.0,0,222,0,0,0.4593,0.091,GREEN,38,Chennai
CLM0005843,CHE_08205,Perambur,2024-12-16,9,0,0,0,0,0,0,0,0,0,0.0,0.234722,0,0.0,0,111,3,0,0.5984,0.0,GREEN,37,Chennai
CLM0005844,CHE_08264,Sholinganallur,2022-01-12,12,0,0,0,0,1,0,0,0,0,0.0,0.141166,1,0.0,0,219,2,1,0.6579,0.2783,GREEN,36,Chennai
CLM0005845,CHE_05710,T Nagar,2024-02-15,18,0,0,0,1,0,0,0,0,1,0.0,0.286999,0,0.0,0,53,4,4,0.9561,0.4881,YELLOW,30,Chennai
CLM0005846,CHE_00302,Tambaram,2018-07-29,9,0,1,1,0,1,1,0,1,0,0.0,1.0,1,0.0,0,5,1,18,0.0841,0.5964,YELLOW,49,Chennai
CLM0005847,CHE_05942,Perambur,2023-03-11,10,0,1,1,1,0,0,0,0,0,0.0,0.286573,1,0.0,0,268,1,2,0.6084,0.3164,YELLOW,40,Chennai
CLM0005848,CHE_08523,T Nagar,2016-09-11,11,0,1,1,1,0,1,1,1,1,0.0,0.897953,1,1.0,1,23,2,18,0.2962,0.8142,RED,36,Chennai
CLM0005849,CHE_06396,Adyar,2018-05-22,11,0,1,1,1,1,1,1,0,0,1.0,0.301803,0,1.0,1,5,0,18,0.1541,0.6098,YELLOW,21,Chennai
CLM0005850,CHE_01108,Velachery,2020-03-16,19,0,1,1,0,0,0,0,0,0,0.0,0.409171,0,0.0,0,326,0,3,0.98,0.8111,RED,36,Chennai
CLM0005851,CHE_01268,Guindy,2017-09-21,17,0,1,1,1,0,0,1,0,0,1.0,1.0,1,0.0,0,5,2,18,0.1758,0.263,GREEN,40,Chennai
CLM0005852,CHE_07660,Sholinganallur,2025-08-07,7,0,1,1,1,0,1,1,1,1,0.0,0.92646,0,1.0,0,18,0,18,0.2552,0.6869,RED,29,Chennai
CLM0005853,CHE_06472,Anna Nagar,2017-07-30,16,0,1,1,1,1,1,0,0,1,0.0,1.0,0,1.0,0,24,0,18,0.98,0.8252,RED,67,Chennai
CLM0005854,CHE_09957,T Nagar,2025-10-08,10,0,1,1,0,0,0,0,0,0,0.0,0.112739,0,0.0,0,284,0,2,0.7089,0.7346,RED,53,Chennai
CLM0005855,CHE_00620,Anna Nagar,2025-05-12,20,0,1,1,0,1,0,1,1,1,1.0,0.293081,0,0.0,0,7,1,18,0.2252,0.4348,YELLOW,38,Chennai
CLM0005856,CHE_05708,Guindy,2022-04-02,20,0,0,0,0,0,0,0,0,0,0.0,0.022845,0,0.0,0,373,3,0,0.914,0.0688,GREEN,40,Chennai
CLM0005857,CHE_09718,Adyar,2022-06-25,12,0,0,0,0,0,0,0,0,0,0.0,0.253313,0,0.0,0,206,2,0,0.2576,0.0,GREEN,46,Chennai
CLM0005858,CHE_07616,Sholinganallur,2025-07-26,19,0,0,0,0,0,0,0,1,0,0.0,0.271114,0,0.0,0,155,1,3,0.6572,0.1006,GREEN,60,Chennai
CLM0005859,CHE_07377,Sholinganallur,2025-03-02,7,0,0,0,0,0,0,0,0,0,1.0,0.201608,0,0.0,0,420,2,0,0.6343,0.1082,GREEN,18,Chennai
CLM0005860,CHE_02944,Anna Nagar,2022-09-12,19,0,0,0,0,0,0,0,0,0,0.0,0.115133,0,0.0,0,19,4,3,0.5187,0.0567,GREEN,42,Chennai
CLM0005861,CHE_05263,Porur,2024-06-14,13,0,0,0,0,0,0,0,0,0,0.0,0.244908,0,0.0,0,390,1,2,0.7565,0.0,GREEN,44,Chennai
CLM0005862,CHE_07922,Guindy,2024-07-14,14,0,0,0,0,0,0,0,0,0,0.0,0.107507,0,0.0,0,395,4,2,0.8035,0.1291,GREEN,25,Chennai
CLM0005863,CHE_09184,Perambur,2025-03-14,15,0,0,0,0,0,0,0,0,0,0.0,0.369827,0,0.0,0,38,2,2,0.9323,0.0,GREEN,23,Chennai
CLM0005864,CHE_09575,T Nagar,2023-09-20,20,0,0,0,0,0,0,0,0,0,0.0,0.26107,0,0.0,1,162,2,3,0.4433,0.0633,GREEN,36,Chennai
CLM0005865,CHE_01769,Adyar,2021-10-03,14,0,0,0,0,0,0,0,0,0,0.0,0.184997,0,0.0,0,413,4,1,0.8774,0.0,GREEN,44,Chennai
CLM0005866,CHE_03234,Adyar,2024-05-04,15,0,0,0,0,0,0,0,0,0,0.0,0.299557,0,0.0,0,67,2,1,0.3984,0.0188,GREEN,31,Chennai
CLM0005867,CHE_00537,Perambur,2023-01-16,16,0,0,0,0,0,0,0,0,0,0.0,0.084171,0,0.0,0,384,2,5,0.7432,0.0055,GREEN,49,Chennai
CLM0005868,CHE_02027,Sholinganallur,2024-04-07,18,0,0,0,0,0,0,1,0,0,0.0,0.007644,0,0.0,0,278,2,0,0.5797,0.0364,GREEN,30,Chennai
CLM0005869,CHE_09295,Anna Nagar,2021-04-23,14,0,0,0,0,0,0,0,0,0,0.0,0.289484,0,0.0,0,114,4,3,0.5798,0.0221,GREEN,47,Chennai
CLM0005870,CHE_01320,Guindy,2023-05-13,10,0,0,0,0,1,0,0,0,0,0.0,0.273321,1,0.0,0,239,1,3,0.1171,0.1931,GREEN,47,Chennai
CLM0005871,CHE_09769,T Nagar,2024-03-12,15,0,1,1,0,0,1,0,0,0,0.0,0.078388,0,0.0,0,247,4,2,0.214,0.1235,GREEN,30,Chennai
CLM0005872,CHE_07862,Porur,2025-07-24,9,0,0,0,1,0,0,0,0,0,0.0,0.114363,0,0.0,0,420,4,0,0.7351,0.2394,GREEN,59,Chennai
CLM0005873,CHE_09070,Porur,2022-01-14,15,0,0,0,0,0,1,0,0,0,0.0,0.34391,0,0.0,1,412,1,0,0.9397,0.2344,GREEN,34,Chennai
CLM0005874,CHE_08492,Chromepet,2025-05-16,16,0,0,0,0,0,0,0,0,1,0.0,0.018009,0,0.0,0,420,3,2,0.6974,0.0898,GREEN,40,Chennai
CLM0005875,CHE_01249,Guindy,2021-11-10,7,0,0,0,0,1,1,0,0,0,0.0,0.227261,0,0.0,0,420,0,4,0.98,0.2026,GREEN,44,Chennai
CLM0005876,CHE_09220,Velachery,2020-09-22,18,0,0,0,0,0,0,0,0,0,0.0,0.328276,0,0.0,1,379,4,2,0.9435,0.085,GREEN,44,Chennai
CLM0005877,CHE_04507,Chromepet,2021-01-30,18,0,0,0,0,0,0,0,0,0,0.0,0.450424,0,0.0,0,420,2,0,0.8291,0.0379,GREEN,37,Chennai
CLM0005878,CHE_03907,T Nagar,2018-11-21,21,0,0,0,0,0,1,0,1,0,0.0,0.053426,0,0.0,0,88,4,1,0.575,0.2823,GREEN,31,Chennai
CLM0005879,CHE_03260,Perambur,2022-06-29,10,0,0,0,1,1,1,1,1,1,1.0,1.0,0,0.0,1,40,4,18,0.7185,0.1163,GREEN,28,Chennai
CLM0005880,CHE_05974,Adyar,2024-09-14,12,0,0,0,0,0,0,0,0,0,0.0,0.0,0,0.0,0,146,1,1,0.98,0.0549,GREEN,41,Chennai
CLM0005881,CHE_01665,Porur,2022-06-10,21,0,0,0,0,0,0,0,0,0,0.0,0.0,0,0.0,0,130,0,0,0.5687,0.012,GREEN,53,Chennai
CLM0005882,CHE_01018,Perambur,2024-02-04,19,0,0,0,0,1,0,0,0,1,0.0,0.275996,0,0.0,0,251,4,4,0.5204,0.0,GREEN,54,Chennai
CLM0005883,CHE_07608,Anna Nagar,2024-11-09,19,0,0,0,0,0,0,0,0,0,0.0,0.219938,0,0.0,0,39,4,0,0.98,0.0103,GREEN,18,Chennai
CLM0005884,CHE_01581,Chromepet,2023-02-25,19,0,0,0,0,0,0,0,0,0,0.0,0.0556,0,0.0,0,219,0,7,0.8908,0.1212,GREEN,44,Chennai
CLM0005885,CHE_02522,Adyar,2022-07-11,21,0,0,0,0,0,0,1,0,0,0.0,0.29199,0,1.0,0,336,3,7,0.9795,0.0817,GREEN,27,Chennai
CLM0005886,CHE_08300,Perambur,2023-04-14,8,0,0,0,0,0,0,0,0,0,0.0,0.313667,0,0.0,0,420,1,1,0.98,0.013,GREEN,29,Chennai
CLM0005887,CHE_00429,Adyar,2022-01-24,17,0,0,0,0,0,0,0,0,0,0.0,1.0,0,0.0,0,341,3,4,0.98,0.0421,GREEN,49,Chennai
CLM0005888,CHE_07861,Sholinganallur,2022-10-05,20,0,0,0,0,0,0,0,0,0,0.0,0.096768,0,0.0,0,39,4,0,0.7222,0.0,GREEN,31,Chennai
CLM0005889,CHE_07195,T Nagar,2024-02-19,10,0,0,0,0,0,0,0,0,1,0.0,0.449215,0,0.0,0,265,4,0,0.2939,0.2354,GREEN,37,Chennai
CLM0005890,CHE_03897,Porur,2022-07-26,20,0,0,0,0,0,0,1,0,0,0.0,0.941687,0,0.0,0,336,2,1,0.5159,0.1084,GREEN,38,Chennai
CLM0005891,CHE_02604,Porur,2024-04-01,19,0,0,0,0,0,0,0,0,0,1.0,0.419868,0,0.0,0,121,0,4,0.832,0.1439,GREEN,46,Chennai
CLM0005892,CHE_06423,Anna Nagar,2022-02-21,19,0,0,0,1,0,0,0,0,1,1.0,0.065441,0,1.0,1,9,4,18,0.1851,0.1295,GREEN,31,Chennai
CLM0005893,CHE_02256,Sholinganallur,2022-09-13,12,0,0,0,0,0,0,1,0,0,0.0,0.31769,0,0.0,0,230,3,4,0.8895,0.113,GREEN,35,Chennai
CLM0005894,CHE_01323,Porur,2023-06-08,15,0,0,0,0,0,0,1,0,0,0.0,0.0,1,0.0,0,306,3,0,0.7984,0.0968,GREEN,25,Chennai
CLM0005895,CHE_02835,Guindy,2024-10-11,14,0,0,0,1,1,0,1,1,1,1.0,0.993438,1,0.0,1,5,1,18,0.2545,0.058,GREEN,47,Chennai
CLM0005896,CHE_07166,Perambur,2024-04-12,10,0,0,0,0,0,1,0,0,0,0.0,0.320284,1,0.0,1,387,1,1,0.1669,0.1989,GREEN,47,Chennai
CLM0005897,CHE_05853,Chromepet,2025-10-26,18,0,0,0,0,0,0,0,0,0,1.0,1.0,0,1.0,0,107,1,7,0.8644,0.0337,GREEN,47,Chennai
CLM0005898,CHE_03530,Anna Nagar,2021-04-20,7,0,0,0,0,0,0,0,0,0,1.0,0.036735,0,0.0,0,420,4,8,0.05,0.0359,GREEN,54,Chennai
CLM0005899,CHE_06234,Anna Nagar,2024-01-24,7,0,0,0,0,0,0,0,0,0,0.0,0.104274,0,0.0,0,223,4,2,0.8824,0.0402,GREEN,28,Chennai
CLM0005900,CHE_02383,Velachery,2023-09-11,18,0,0,0,0,0,0,0,0,0,0.0,0.981745,0,0.0,0,420,4,0,0.9739,0.0,GREEN,34,Chennai
CLM0005901,CHE_05463,T Nagar,2024-09-11,14,0,1,1,0,0,0,0,0,0,0.0,0.078891,0,0.0,0,396,0,3,0.8662,0.0881,GREEN,34,Chennai
CLM0005902,CHE_07569,Guindy,2019-06-16,17,0,0,0,0,0,0,1,1,0,0.0,0.231035,1,0.0,0,12,3,18,0.828,0.0,GREEN,36,Chennai
CLM0005903,CHE_04908,T Nagar,2023-12-10,8,0,0,0,0,0,0,0,0,0,0.0,0.101043,0,0.0,0,184,2,0,0.6449,0.0,GREEN,29,Chennai
CLM0005904,CHE_01611,T Nagar,2025-03-20,17,0,0,0,0,0,0,0,0,0,0.0,0.06368,0,0.0,0,213,2,1,0.7496,0.0198,GREEN,56,Chennai
CLM0005905,CHE_02295,T Nagar,2022-07-18,11,0,0,0,0,0,0,0,0,0,1.0,0.259051,1,0.0,0,307,1,2,0.6946,0.1195,GREEN,43,Chennai
CLM0005906,CHE_04540,Tambaram,2024-09-13,11,0,0,0,0,0,0,0,0,0,0.0,0.009189,0,0.0,0,301,1,0,0.98,0.0,GREEN,29,Chennai
CLM0005907,CHE_02198,Tambaram,2022-04-25,19,0,0,0,1,1,0,1,1,1,1.0,1.0,1,1.0,1,5,2,18,0.1668,0.1348,GREEN,47,Chennai
CLM0005908,CHE_04412,Porur,2022-03-02,9,0,0,0,0,0,0,1,0,0,0.0,0.3352,0,0.0,0,261,0,3,0.8946,0.0161,GREEN,26,Chennai
CLM0005909,CHE_00157,Anna Nagar,2021-08-20,15,0,0,0,0,0,0,1,0,0,0.0,1.0,0,0.0,0,270,0,1,0.6801,0.1245,GREEN,28,Chennai
CLM0005910,CHE_03924,Perambur,2023-10-06,12,0,0,0,0,0,0,0,0,0,0.0,0.262886,0,1.0,0,174,2,1,0.705,0.0,GREEN,37,Chennai
CLM0005911,CHE_05793,Guindy,2021-08-19,14,0,0,0,0,0,0,0,0,0,0.0,0.143668,0,0.0,0,25,1,4,0.98,0.0252,GREEN,34,Chennai
CLM0005912,CHE_09810,T Nagar,2024-02-05,20,0,0,0,0,0,0,0,0,0,0.0,0.343455,0,0.0,0,420,3,4,0.9523,0.0404,GREEN,40,Chennai
CLM0005913,CHE_08099,Adyar,2019-11-11,16,0,0,0,0,0,0,0,0,0,1.0,0.306834,0,0.0,0,188,0,3,0.8396,0.2063,GREEN,36,Chennai
CLM0005914,CHE_03906,T Nagar,2018-07-30,10,0,0,0,0,0,0,0,0,0,0.0,0.243375,0,0.0,0,292,3,5,0.4506,0.0,GREEN,31,Chennai
CLM0005915,CHE_04352,Porur,2018-02-12,14,0,0,0,0,0,0,1,0,0,0.0,0.053202,0,0.0,0,320,1,0,0.8973,0.0513,GREEN,45,Chennai
CLM0005916,CHE_09160,Adyar,2023-09-10,18,0,0,0,0,0,0,1,0,0,1.0,0.267262,0,0.0,0,385,0,5,0.4236,0.1704,GREEN,51,Chennai
CLM0005917,CHE_09111,Anna Nagar,2019-09-14,8,0,0,0,0,0,0,0,0,0,0.0,0.248271,0,0.0,0,187,2,3,0.9385,0.0,GREEN,39,Chennai
CLM0005918,CHE_04756,Sholinganallur,2019-06-30,16,0,0,0,0,0,0,0,0,0,0.0,0.155362,0,0.0,0,342,0,2,0.1234,0.0,GREEN,24,Chennai
CLM0005919,CHE_03740,Tambaram,2020-06-18,10,0,0,0,0,0,0,0,0,0,0.0,0.103233,0,0.0,0,279,1,3,0.2601,0.0,GREEN,28,Chennai
CLM0005920,CHE_09840,Perambur,2024-01-25,11,0,0,0,0,0,0,0,0,0,0.0,0.039547,0,0.0,0,166,1,0,0.6662,0.0287,GREEN,55,Chennai
CLM0005921,CHE_00165,Perambur,2021-03-05,7,0,0,0,0,0,0,0,0,0,0.0,0.073023,0,0.0,0,212,0,2,0.88,0.0,GREEN,24,Chennai
CLM0005922,CHE_07786,Porur,2020-04-30,16,0,0,0,0,0,0,1,0,0,0.0,0.068071,0,0.0,0,225,3,2,0.6589,0.0478,GREEN,50,Chennai
CLM0005923,CHE_07191,Perambur,2024-05-18,15,0,0,0,0,0,0,0,0,0,0.0,0.436694,0,0.0,0,350,4,2,0.7391,0.086,GREEN,29,Chennai
CLM0005924,CHE_02598,T Nagar,2021-08-18,20,0,0,0,0,0,0,0,0,0,0.0,0.318485,0,0.0,0,173,0,1,0.8027,0.0017,GREEN,50,Chennai
CLM0005925,CHE_06342,Velachery,2020-07-28,17,0,0,0,0,0,1,0,0,0,0.0,0.071937,0,0.0,0,39,0,3,0.6507,0.0676,GREEN,51,Chennai
CLM0005926,CHE_04184,Tambaram,2022-07-06,19,0,0,0,0,1,1,0,0,0,0.0,0.931459,0,0.0,0,360,3,2,0.1609,0.1488,GREEN,35,Chennai
CLM0005927,CHE_00590,Tambaram,2020-11-01,15,0,0,0,0,0,0,0,0,0,0.0,0.406823,0,0.0,0,391,2,0,0.2527,0.0792,GREEN,27,Chennai
CLM0005928,CHE_00416,Sholinganallur,2021-07-15,9,0,0,0,0,0,0,0,0,0,0.0,0.264739,0,0.0,0,419,2,0,0.05,0.0,GREEN,45,Chennai
CLM0005929,CHE_01422,Velachery,2022-01-05,7,0,0,0,0,0,0,0,0,0,0.0,0.409824,0,0.0,0,5,0,3,0.9721,0.1553,GREEN,32,Chennai
CLM0005930,CHE_01494,Guindy,2025-12-16,7,0,0,0,0,0,1,0,0,0,0.0,0.300648,0,0.0,0,420,1,2,0.8334,0.1091,GREEN,27,Chennai
CLM0005931,CHE_01225,Perambur,2020-03-23,8,0,0,0,0,0,0,0,0,0,0.0,1.0,0,0.0,1,420,1,1,0.4973,0.1406,GREEN,28,Chennai
CLM0005932,CHE_08101,Perambur,2023-06-15,19,0,0,0,0,1,0,0,0,0,0.0,0.180057,0,0.0,0,361,4,6,0.6376,0.1125,GREEN,18,Chennai
CLM0005933,CHE_05425,Guindy,2024-10-15,15,0,0,0,1,0,1,0,0,0,0.0,0.028208,0,0.0,0,409,3,2,0.785,0.2702,GREEN,49,Chennai
CLM0005934,CHE_07701,Porur,2022-01-05,10,0,0,0,0,0,0,0,0,0,0.0,0.413156,0,0.0,0,420,3,1,0.5967,0.0,GREEN,47,Chennai
CLM0005935,CHE_08598,Porur,2024-10-03,21,0,0,0,0,0,0,0,0,0,0.0,0.164703,0,0.0,0,199,2,0,0.6125,0.0174,GREEN,49,Chennai
CLM0005936,CHE_05596,Guindy,2023-10-02,13,0,0,0,0,0,0,0,0,0,0.0,0.0,0,0.0,0,12,2,4,0.4267,0.0,GREEN,26,Chennai
CLM0005937,CHE_00343,Sholinganallur,2023-03-15,17,0,0,0,0,0,0,0,0,0,1.0,0.104716,0,0.0,1,87,2,0,0.5338,0.0719,GREEN,50,Chennai
CLM0005938,CHE_06981,Chromepet,2025-10-12,21,0,0,0,0,0,1,1,0,0,0.0,0.331872,0,0.0,0,10,0,3,0.6385,0.1462,GREEN,32,Chennai
CLM0005939,CHE_02575,T Nagar,2024-06-19,8,0,0,0,0,0,0,0,0,0,1.0,0.060295,0,0.0,1,272,3,0,0.212,0.2015,GREEN,42,Chennai
CLM0005940,CHE_01299,Porur,2025-10-27,15,0,0,0,0,0,0,0,0,0,0.0,0.956785,0,0.0,0,274,2,5,0.8032,0.0423,GREEN,48,Chennai
CLM0005941,CHE_04998,Tambaram,2024-08-16,21,0,0,0,0,0,0,0,0,0,0.0,0.214311,0,0.0,0,382,0,2,0.5003,0.0,GREEN,39,Chennai
CLM0005942,CHE_07125,Adyar,2024-10-04,11,0,0,0,0,0,0,0,0,0,0.0,0.395139,0,0.0,0,420,4,2,0.4658,0.0,GREEN,33,Chennai
CLM0005943,CHE_07678,T Nagar,2017-06-30,20,0,0,0,0,0,0,0,0,0,0.0,0.263115,0,0.0,0,208,1,3,0.8269,0.0305,GREEN,18,Chennai
CLM0005944,CHE_07686,Sholinganallur,2025-11-13,19,0,0,0,0,0,0,0,0,0,0.0,1.0,0,0.0,0,245,2,5,0.98,0.0,GREEN,31,Chennai
CLM0005945,CHE_05915,Porur,2025-10-13,7,0,1,1,1,0,0,0,0,0,0.0,0.078445,0,1.0,0,5,3,1,0.6583,0.1187,GREEN,46,Chennai
CLM0005946,CHE_06527,Adyar,2022-12-04,7,0,0,0,0,0,1,0,0,0,0.0,0.182403,0,0.0,0,336,3,4,0.5557,0.009,GREEN,44,Chennai
CLM0005947,CHE_07362,T Nagar,2017-06-15,20,0,0,0,0,0,0,1,0,1,0.0,0.335727,0,0.0,0,379,3,0,0.648,0.2183,GREEN,33,Chennai
CLM0005948,CHE_02877,Sholinganallur,2018-09-06,19,0,0,0,0,1,0,0,1,0,1.0,0.01041,1,0.0,0,17,4,18,0.98,0.0133,GREEN,34,Chennai
CLM0005949,CHE_02006,Anna Nagar,2025-04-24,7,0,0,0,0,0,0,0,0,0,0.0,0.21353,0,0.0,0,255,0,1,0.5909,0.0559,GREEN,42,Chennai
CLM0005950,CHE_05805,Guindy,2020-07-26,20,0,0,0,0,0,0,0,0,0,0.0,0.452121,0,0.0,0,66,0,1,0.7242,0.0,GREEN,33,Chennai
CLM0005951,CHE_09749,T Nagar,2018-03-06,15,0,0,0,0,0,0,0,0,0,1.0,0.317482,0,0.0,0,420,3,3,0.8309,0.0305,GREEN,39,Chennai
CLM0005952,CHE_06061,Perambur,2024-09-05,21,0,0,0,0,0,0,0,0,0,0.0,0.074239,0,0.0,0,381,4,5,0.5629,0.0073,GREEN,30,Chennai
CLM0005953,CHE_01694,Guindy,2020-07-05,15,0,0,0,0,1,0,0,0,0,0.0,0.257582,0,0.0,0,278,4,0,0.1856,0.1771,GREEN,53,Chennai
CLM0005954,CHE_03798,Adyar,2024-08-12,11,0,0,0,0,0,0,0,0,0,0.0,0.212059,0,0.0,0,76,1,5,0.5114,0.0,GREEN,46,Chennai
CLM0005955,CHE_04524,Velachery,2021-07-24,16,0,0,0,0,0,0,0,0,0,0.0,0.35038,0,0.0,0,222,2,0,0.5654,0.0,GREEN,57,Chennai
CLM0005956,CHE_06520,Adyar,2019-11-29,14,0,1,1,0,1,0,0,0,0,1.0,0.963211,0,0.0,0,420,2,0,0.8046,0.2461,GREEN,25,Chennai
CLM0005957,CHE_02389,Velachery,2020-11-17,14,0,0,0,0,0,0,0,0,0,0.0,0.135503,0,0.0,0,367,4,1,0.5205,0.0,GREEN,35,Chennai
CLM0005958,CHE_06790,T Nagar,2025-07-30,14,0,0,0,0,0,0,0,0,0,1.0,0.134181,0,0.0,0,113,2,0,0.5822,0.0872,GREEN,39,Chennai
CLM0005959,CHE_07726,Sholinganallur,2022-08-05,15,0,0,0,1,0,0,0,0,0,0.0,0.080668,0,0.0,0,177,1,0,0.6593,0.1814,GREEN,37,Chennai
CLM0005960,CHE_00559,T Nagar,2018-09-15,16,0,0,0,0,0,0,0,0,0,0.0,0.044734,0,0.0,0,223,1,4,0.98,0.0,GREEN,32,Chennai
CLM0005961,CHE_04715,Adyar,2025-08-31,8,0,0,0,0,0,0,0,1,0,0.0,0.983375,0,0.0,0,174,2,2,0.98,0.0379,GREEN,43,Chennai
CLM0005962,CHE_07242,Sholinganallur,2022-05-27,8,0,0,0,0,0,0,0,0,0,0.0,0.139468,0,0.0,0,420,2,4,0.8271,0.1166,GREEN,44,Chennai
CLM0005963,CHE_02391,Perambur,2019-06-22,12,0,0,0,0,0,0,0,0,0,0.0,0.054809,0,0.0,0,84,2,1,0.8672,0.06,GREEN,28,Chennai
CLM0005964,CHE_02303,Porur,2024-09-04,14,0,0,0,0,0,0,1,0,0,0.0,0.319192,0,0.0,0,190,0,3,0.7348,0.0,GREEN,50,Chennai
CLM0005965,CHE_04475,Tambaram,2019-12-03,11,0,0,0,0,1,0,0,1,0,0.0,0.020062,0,0.0,0,387,0,4,0.5971,0.2073,GREEN,37,Chennai
CLM0005966,CHE_03572,Tambaram,2024-12-07,20,0,0,0,0,0,0,1,0,0,0.0,0.101463,0,0.0,0,258,3,1,0.7451,0.0,GREEN,36,Chennai
CLM0005967,CHE_03150,Anna Nagar,2022-07-25,9,0,0,0,0,0,0,0,0,0,0.0,0.304909,0,0.0,0,273,0,0,0.8643,0.0241,GREEN,43,Chennai
CLM0005968,CHE_05008,Tambaram,2022-04-08,21,0,0,0,0,0,0,0,1,0,1.0,0.412241,0,0.0,0,174,0,5,0.5434,0.2812,GREEN,40,Chennai
CLM0005969,CHE_03789,Velachery,2022-06-25,9,0,0,0,0,0,1,0,0,0,0.0,0.0,0,0.0,0,59,1,0,0.1954,0.0935,GREEN,39,Chennai
CLM0005970,CHE_04023,Porur,2024-08-26,19,0,0,0,1,0,0,0,1,0,0.0,0.323283,0,0.0,0,175,0,6,0.3323,0.2729,GREEN,28,Chennai
CLM0005971,CHE_04178,T Nagar,2023-02-08,15,0,0,0,0,0,0,0,0,1,0.0,0.2834,0,0.0,0,263,3,1,0.7433,0.0356,GREEN,28,Chennai
CLM0005972,CHE_08609,T Nagar,2018-01-03,16,0,0,0,0,1,0,0,0,0,0.0,0.299732,0,1.0,0,258,1,4,0.7951,0.1217,GREEN,55,Chennai
CLM0005973,CHE_06761,Adyar,2020-11-26,13,0,0,0,0,0,0,0,0,0,0.0,0.391919,0,0.0,0,420,1,3,0.8307,0.0361,GREEN,35,Chennai
CLM0005974,CHE_09460,Perambur,2024-08-27,13,0,0,0,0,0,0,0,0,0,0.0,0.007599,0,0.0,0,333,4,5,0.6376,0.0,GREEN,22,Chennai
CLM0005975,CHE_01411,Adyar,2021-12-21,10,0,0,0,0,0,0,0,0,1,0.0,0.057467,0,0.0,0,420,4,0,0.6104,0.1186,GREEN,18,Chennai
CLM0005976,CHE_00749,Guindy,2025-05-09,20,0,0,0,0,0,1,0,0,0,0.0,0.352974,0,0.0,0,420,3,0,0.8778,0.0912,GREEN,18,Chennai
CLM0005977,CHE_05668,Tambaram,2022-04-30,21,0,0,0,0,0,0,0,0,0,0.0,0.173641,0,0.0,0,126,4,5,0.5088,0.0,GREEN,32,Chennai
CLM0005978,CHE_05151,Anna Nagar,2024-03-06,21,0,0,0,0,0,0,0,1,0,0.0,0.173931,0,0.0,0,27,0,0,0.4541,0.1388,GREEN,42,Chennai
CLM0005979,CHE_08353,Guindy,2023-03-20,9,0,0,0,0,0,0,0,0,0,0.0,0.0,1,0.0,0,183,1,4,0.98,0.0,GREEN,52,Chennai
CLM0005980,CHE_08754,T Nagar,2024-04-23,7,0,0,0,0,0,0,0,0,0,0.0,0.0,0,0.0,0,171,2,4,0.6066,0.0128,GREEN,43,Chennai
CLM0005981,CHE_03321,Adyar,2022-08-23,13,0,0,0,0,0,0,0,0,0,0.0,0.022635,0,0.0,0,250,2,3,0.8958,0.0,GREEN,39,Chennai
CLM0005982,CHE_07383,Chromepet,2024-11-09,19,0,0,0,0,0,0,0,0,0,1.0,0.063746,0,0.0,0,277,2,2,0.1031,0.0502,GREEN,39,Chennai
CLM0005983,CHE_06992,Tambaram,2023-12-23,7,0,0,0,0,0,0,0,0,0,0.0,0.328421,0,0.0,0,407,0,0,0.9242,0.0628,GREEN,39,Chennai
CLM0005984,CHE_00652,Sholinganallur,2022-10-18,21,0,0,0,0,0,0,0,0,0,0.0,0.132307,0,0.0,0,190,4,0,0.9274,0.0,GREEN,31,Chennai
CLM0005985,CHE_02397,Velachery,2021-06-30,10,0,0,0,0,0,0,0,0,0,0.0,0.331454,0,1.0,0,389,0,3,0.9562,0.0,GREEN,49,Chennai
CLM0005986,CHE_00716,T Nagar,2024-12-26,12,0,0,0,0,0,0,0,0,0,1.0,0.047906,0,0.0,0,311,0,1,0.4698,0.0796,GREEN,56,Chennai
CLM0005987,CHE_01502,Chromepet,2024-02-28,16,0,0,0,0,0,0,0,0,0,0.0,0.098703,0,0.0,0,60,3,2,0.3919,0.0303,GREEN,34,Chennai
CLM0005988,CHE_06006,Chromepet,2023-04-24,18,0,0,0,0,0,0,0,0,0,0.0,0.347763,0,0.0,0,128,0,2,0.8716,0.1388,GREEN,51,Chennai
CLM0005989,CHE_05085,Porur,2023-11-02,8,0,0,0,0,0,0,0,0,0,0.0,0.123562,0,1.0,0,420,1,4,0.6064,0.058,GREEN,35,Chennai
CLM0005990,CHE_02747,Chromepet,2025-02-04,16,0,0,0,0,0,0,0,1,0,0.0,0.161684,1,0.0,0,27,2,2,0.6988,0.0768,GREEN,32,Chennai
CLM0005991,CHE_02283,Guindy,2025-02-28,18,0,0,0,0,0,0,0,0,0,0.0,0.399826,0,0.0,0,226,3,4,0.7934,0.0951,GREEN,40,Chennai
CLM0005992,CHE_07332,Perambur,2025-05-01,13,0,0,0,0,1,0,0,0,0,0.0,0.038951,0,0.0,0,329,2,4,0.98,0.1502,GREEN,34,Chennai
CLM0005993,CHE_03193,Sholinganallur,2024-07-10,8,0,0,0,0,0,0,0,0,0,0.0,0.0,0,1.0,0,340,3,2,0.7446,0.0,GREEN,40,Chennai
CLM0005994,CHE_07981,Tambaram,2023-08-20,12,0,0,0,0,0,0,0,0,0,0.0,0.446136,1,0.0,0,190,2,0,0.598,0.0994,GREEN,49,Chennai
CLM0005995,CHE_02071,Anna Nagar,2023-01-09,12,0,0,0,0,0,0,0,0,0,0.0,0.149946,0,0.0,0,221,0,3,0.5037,0.065,GREEN,32,Chennai
CLM0005996,CHE_04922,Tambaram,2017-10-06,11,0,0,0,0,0,0,0,0,0,0.0,0.188885,1,0.0,0,420,0,0,0.6336,0.0311,GREEN,45,Chennai
CLM0005997,CHE_07405,Perambur,2023-03-18,8,0,0,0,0,0,0,0,0,0,0.0,0.081219,0,0.0,0,386,0,4,0.1428,0.0,GREEN,51,Chennai
CLM0005998,CHE_02904,Sholinganallur,2020-06-26,8,0,0,0,0,0,0,0,0,0,0.0,0.019132,0,0.0,0,382,0,0,0.6097,0.0,GREEN,36,Chennai
CLM0005999,CHE_01172,Sholinganallur,2023-06-20,11,0,0,0,0,0,0,0,0,0,0.0,0.256317,0,0.0,0,147,3,1,0.5047,0.0085,GREEN,57,Chennai
CLM0006000,CHE_07466,Porur,2024-01-29,8,0,0,0,0,0,0,0,1,0,1.0,1.0,0,1.0,0,46,2,0,0.6057,0.2479,GREEN,33,Chennai
CLM0006001,CHE_04182,Guindy,2025-01-24,10,0,0,0,0,0,0,0,0,0,0.0,0.090526,0,0.0,0,61,4,6,0.525,0.0,GREEN,49,Chennai
CLM0006002,CHE_03455,Tambaram,2024-09-17,7,0,0,0,0,0,0,0,0,0,0.0,0.972047,1,0.0,0,420,1,3,0.9568,0.0,GREEN,23,Chennai
CLM0006003,CHE_06907,Adyar,2023-05-08,16,0,0,0,0,0,0,0,0,0,1.0,0.396911,0,0.0,0,420,1,5,0.1099,0.0677,GREEN,37,Chennai
CLM0006004,CHE_09514,Perambur,2024-11-02,15,0,0,0,0,0,0,0,0,0,0.0,0.228468,0,0.0,0,288,3,4,0.3407,0.0772,GREEN,30,Chennai
CLM0006005,CHE_03762,Porur,2025-06-10,19,0,0,0,0,1,0,0,0,0,0.0,0.090035,0,0.0,0,117,0,1,0.7582,0.1794,GREEN,22,Chennai
CLM0006006,CHE_00247,T Nagar,2025-09-20,7,0,0,0,0,0,0,0,0,1,0.0,0.251355,0,0.0,0,197,2,5,0.8171,0.1429,GREEN,30,Chennai
CLM0006007,CHE_03468,Chromepet,2025-10-14,18,0,0,0,0,0,0,0,0,0,0.0,0.395577,0,0.0,0,202,3,1,0.7623,0.0,GREEN,20,Chennai
CLM0006008,CHE_06579,Anna Nagar,2024-11-14,20,0,0,0,0,0,0,0,0,0,0.0,0.054953,0,1.0,1,156,0,3,0.8719,0.0856,GREEN,49,Chennai
CLM0006009,CHE_06538,Velachery,2020-02-08,15,0,0,0,0,0,0,0,0,0,0.0,0.292121,0,0.0,0,281,0,7,0.585,0.0,GREEN,48,Chennai
CLM0006010,CHE_09095,Chromepet,2024-04-09,11,0,0,0,0,0,0,0,0,0,0.0,0.244082,0,1.0,0,198,1,5,0.8067,0.0534,GREEN,40,Chennai
CLM0006011,CHE_06432,T Nagar,2025-11-18,21,0,0,0,0,0,0,1,0,0,0.0,0.38823,0,1.0,1,420,2,0,0.5703,0.1589,GREEN,53,Chennai
CLM0006012,CHE_07101,Perambur,2020-01-16,17,0,0,0,0,0,0,0,0,0,0.0,0.319325,0,0.0,0,420,4,0,0.3821,0.0,GREEN,50,Chennai
CLM0006013,CHE_07859,Adyar,2016-09-01,21,0,0,0,0,0,1,0,0,0,0.0,0.0,0,0.0,0,336,4,1,0.7001,0.0463,GREEN,31,Chennai
CLM0006014,CHE_07560,Velachery,2016-07-05,21,0,0,0,0,0,0,0,0,0,1.0,0.237041,0,0.0,0,215,2,1,0.6571,0.1308,GREEN,28,Chennai
CLM0006015,CHE_09308,Anna Nagar,2020-02-20,7,0,0,0,0,0,0,1,0,0,0.0,0.167717,0,0.0,0,420,2,1,0.826,0.181,GREEN,36,Chennai
CLM0006016,CHE_04522,Sholinganallur,2025-01-14,11,0,0,0,1,1,0,1,0,1,0.0,0.039039,0,0.0,0,17,4,18,0.98,0.0441,GREEN,50,Chennai
CLM0006017,CHE_05786,Sholinganallur,2021-09-16,9,0,0,0,0,1,0,0,0,0,0.0,0.263408,0,0.0,0,420,0,0,0.98,0.0352,GREEN,33,Chennai
CLM0006018,CHE_03846,Perambur,2021-11-04,13,0,0,0,0,0,0,0,0,0,0.0,0.105792,0,0.0,1,30,2,2,0.7657,0.0563,GREEN,39,Chennai
CLM0006019,CHE_05355,T Nagar,2021-06-23,10,0,0,0,0,0,0,0,0,1,0.0,0.333528,0,0.0,0,300,4,0,0.8985,0.1391,GREEN,42,Chennai
CLM0006020,CHE_09338,Tambaram,2015-12-09,14,0,1,1,0,0,1,0,0,1,0.0,0.344322,0,0.0,0,348,1,0,0.618,0.206,GREEN,33,Chennai
CLM0006021,CHE_03189,Adyar,2022-11-26,15,0,0,0,0,1,0,0,0,0,0.0,0.359351,0,0.0,0,335,3,2,0.0644,0.0558,GREEN,38,Chennai
CLM0006022,CHE_05330,Perambur,2025-11-02,13,0,0,0,1,0,0,0,0,0,0.0,0.0,0,1.0,0,420,3,6,0.463,0.1436,GREEN,47,Chennai
CLM0006023,CHE_03867,Porur,2022-12-07,21,0,0,0,0,0,0,0,0,0,0.0,0.343531,0,0.0,0,259,2,1,0.7634,0.0282,GREEN,31,Chennai
CLM0006024,CHE_05504,T Nagar,2025-09-14,9,0,0,0,0,0,1,0,1,0,0.0,0.125405,0,0.0,0,228,3,3,0.8153,0.2986,GREEN,64,Chennai
CLM0006025,CHE_05024,Perambur,2024-12-17,21,0,0,0,0,0,0,0,0,0,0.0,0.150364,0,1.0,0,297,4,2,0.5211,0.0458,GREEN,47,Chennai
CLM0006026,CHE_00626,Chromepet,2023-02-15,18,0,0,0,0,0,1,0,0,0,0.0,0.235219,0,0.0,0,110,2,0,0.9448,0.1248,GREEN,53,Chennai
CLM0006027,CHE_01611,T Nagar,2024-10-05,15,0,0,0,0,0,0,0,0,0,0.0,0.16255,0,0.0,0,101,2,4,0.7489,0.0,GREEN,56,Chennai
CLM0006028,CHE_05117,Chromepet,2022-02-25,19,0,0,0,0,0,0,0,0,0,0.0,0.910996,0,0.0,0,179,0,6,0.98,0.0,GREEN,39,Chennai
CLM0006029,CHE_03133,T Nagar,2022-03-06,19,0,0,0,0,1,0,0,0,0,0.0,0.147345,0,0.0,0,94,4,1,0.0625,0.1674,GREEN,40,Chennai
CLM0006030,CHE_08956,Chromepet,2017-05-18,9,0,0,0,0,0,0,0,0,0,0.0,0.112204,0,0.0,0,178,2,4,0.648,0.0284,GREEN,40,Chennai
CLM0006031,CHE_06193,Chromepet,2019-04-09,10,0,0,0,1,0,0,0,0,0,0.0,0.351446,0,0.0,0,236,2,0,0.8556,0.1278,GREEN,38,Chennai
CLM0006032,CHE_06609,Adyar,2022-09-23,15,0,0,0,1,1,0,1,0,1,0.0,0.02676,0,0.0,1,15,1,18,0.3556,0.3993,YELLOW,44,Chennai
CLM0006033,CHE_00911,T Nagar,2017-08-22,17,0,0,0,0,0,0,0,0,0,1.0,0.232185,0,0.0,0,329,0,2,0.6593,0.1287,GREEN,34,Chennai
CLM0006034,CHE_01251,Chromepet,2021-02-03,9,0,0,0,0,0,0,0,0,0,0.0,0.345385,0,0.0,0,388,0,0,0.05,0.0375,GREEN,24,Chennai
CLM0006035,CHE_06326,Anna Nagar,2018-11-23,17,0,0,0,0,0,0,0,0,0,0.0,0.194722,0,0.0,1,120,4,0,0.6391,0.0228,GREEN,61,Chennai
CLM0006036,CHE_03529,Anna Nagar,2020-01-12,18,0,0,0,0,0,0,0,0,0,0.0,0.0,0,0.0,0,156,0,0,0.5604,0.0359,GREEN,40,Chennai
CLM0006037,CHE_06109,Sholinganallur,2018-11-18,21,0,0,0,0,0,0,0,0,0,0.0,0.02041,0,0.0,0,152,1,4,0.9732,0.0,GREEN,25,Chennai
CLM0006038,CHE_05825,Porur,2020-01-08,19,0,0,0,0,0,0,0,0,0,0.0,0.220783,0,0.0,0,360,2,5,0.8863,0.0,GREEN,33,Chennai
CLM0006039,CHE_04443,Sholinganallur,2023-06-06,15,0,0,0,0,0,0,0,0,0,0.0,1.0,0,0.0,0,235,4,2,0.7099,0.0277,GREEN,41,Chennai
CLM0006040,CHE_01926,Anna Nagar,2017-06-19,7,0,0,0,0,0,0,0,0,0,0.0,0.0,0,0.0,0,83,1,4,0.05,0.0,GREEN,40,Chennai
CLM0006041,CHE_08422,Sholinganallur,2023-09-29,19,0,0,0,0,1,0,1,1,1,0.0,0.221816,0,0.0,1,5,2,18,0.98,0.0812,GREEN,52,Chennai
CLM0006042,CHE_00255,Sholinganallur,2020-07-24,15,0,0,0,0,0,0,0,0,0,0.0,0.349959,0,0.0,0,420,3,0,0.7575,0.0,GREEN,39,Chennai
CLM0006043,CHE_00439,Adyar,2019-03-24,16,0,0,0,0,0,1,0,0,0,0.0,0.356138,0,0.0,0,163,4,0,0.4679,0.1199,GREEN,26,Chennai
CLM0006044,CHE_03292,Perambur,2024-08-06,7,0,0,0,0,0,0,0,0,0,0.0,0.188368,0,0.0,0,247,1,0,0.6482,0.0061,GREEN,20,Chennai
CLM0006045,CHE_09380,T Nagar,2017-02-03,17,0,0,0,0,0,0,1,0,0,0.0,0.439262,0,0.0,0,409,4,2,0.7327,0.1243,GREEN,51,Chennai
CLM0006046,CHE_05529,Adyar,2025-06-24,15,0,0,0,0,0,0,0,1,0,0.0,0.218276,0,0.0,0,420,4,0,0.6926,0.1456,GREEN,39,Chennai
CLM0006047,CHE_07767,Tambaram,2020-08-25,10,0,0,0,0,0,0,0,0,0,1.0,0.127683,0,0.0,0,203,2,4,0.4553,0.1,GREEN,42,Chennai
CLM0006048,CHE_04990,Tambaram,2021-12-08,14,0,0,0,0,0,0,0,0,0,0.0,0.255251,0,0.0,1,370,0,7,0.7617,0.1207,GREEN,18,Chennai
CLM0006049,CHE_08202,Chromepet,2016-05-21,17,0,0,0,0,0,0,0,0,0,0.0,0.082338,0,0.0,0,318,2,0,0.0926,0.0,GREEN,47,Chennai
CLM0006050,CHE_04733,T Nagar,2021-08-05,20,0,0,0,0,0,0,0,0,0,0.0,0.34633,0,0.0,0,98,1,0,0.8005,0.0,GREEN,26,Chennai
CLM0006051,CHE_00926,Velachery,2024-12-07,18,0,0,0,0,0,0,0,0,0,0.0,0.95485,0,0.0,0,420,3,0,0.9725,0.0,GREEN,35,Chennai
CLM0006052,CHE_00185,Perambur,2020-05-30,16,0,1,1,0,1,0,0,0,1,0.0,0.946654,1,0.0,0,64,0,0,0.56,0.2458,GREEN,51,Chennai
CLM0006053,CHE_09142,Guindy,2024-08-19,12,0,0,0,1,1,1,1,0,1,1.0,1.0,0,1.0,1,5,3,18,0.2157,0.1604,GREEN,38,Chennai
CLM0006054,CHE_01064,T Nagar,2025-08-28,8,0,0,0,0,0,1,0,0,0,0.0,0.310453,0,0.0,1,118,1,2,0.0516,0.0957,GREEN,37,Chennai
CLM0006055,CHE_05708,Guindy,2025-04-14,14,0,0,0,0,1,0,0,0,0,0.0,0.032669,0,0.0,0,69,2,4,0.8334,0.0596,GREEN,40,Chennai
CLM0006056,CHE_09179,Anna Nagar,2020-03-20,19,0,0,0,0,0,0,0,0,0,0.0,0.183785,0,0.0,0,38,1,0,0.5349,0.0125,GREEN,43,Chennai
CLM0006057,CHE_00236,T Nagar,2025-09-07,19,0,0,0,0,0,0,0,0,0,0.0,0.282226,0,0.0,0,139,4,3,0.9401,0.0,GREEN,30,Chennai
CLM0006058,CHE_04178,T Nagar,2025-03-15,15,0,0,0,0,0,0,0,1,0,0.0,0.267007,0,0.0,0,393,0,0,0.7175,0.1231,GREEN,28,Chennai
CLM0006059,CHE_03522,Guindy,2025-03-04,17,0,0,0,0,0,0,0,0,0,0.0,0.387408,0,0.0,0,420,2,2,0.168,0.1511,GREEN,45,Chennai
CLM0006060,CHE_09317,Velachery,2024-08-15,9,0,0,0,0,0,0,0,0,0,1.0,0.160043,0,0.0,0,189,0,1,0.7808,0.0327,GREEN,31,Chennai
CLM0006061,CHE_02915,Perambur,2024-01-31,20,0,0,0,0,0,0,0,0,0,0.0,0.148551,0,0.0,0,241,3,2,0.98,0.0496,GREEN,31,Chennai
CLM0006062,CHE_03992,T Nagar,2025-05-28,8,0,0,0,1,1,1,1,1,0,1.0,0.22547,1,0.0,0,33,1,18,0.2648,0.0914,GREEN,46,Chennai
CLM0006063,CHE_05111,Porur,2024-09-26,14,0,1,1,0,0,0,0,0,0,0.0,0.269227,0,0.0,0,215,3,2,0.6477,0.0358,GREEN,44,Chennai
CLM0006064,CHE_07422,Tambaram,2025-01-19,19,0,0,0,0,0,0,0,0,0,0.0,0.161002,0,0.0,0,69,2,0,0.5143,0.0432,GREEN,51,Chennai
CLM0006065,CHE_07007,Sholinganallur,2025-10-11,17,0,0,0,0,0,0,0,0,0,0.0,0.010872,1,0.0,0,57,2,1,0.752,0.0602,GREEN,28,Chennai
CLM0006066,CHE_04789,Guindy,2025-05-29,7,0,0,0,0,0,0,0,0,0,0.0,0.255347,0,0.0,0,378,3,0,0.3723,0.1216,GREEN,27,Chennai
CLM0006067,CHE_09536,Porur,2025-07-23,16,0,0,0,0,0,0,0,0,0,0.0,0.348365,0,1.0,0,89,2,3,0.05,0.0,GREEN,38,Chennai
CLM0006068,CHE_06300,Anna Nagar,2025-07-18,15,0,0,0,0,0,0,0,1,1,0.0,0.21352,0,0.0,0,321,0,6,0.3511,0.1163,GREEN,54,Chennai
CLM0006069,CHE_09601,Porur,2025-11-25,21,0,0,0,0,0,0,0,0,1,0.0,0.266488,0,0.0,0,227,4,0,0.5039,0.2344,GREEN,45,Chennai
CLM0006070,CHE_01974,Guindy,2025-12-20,10,0,0,0,0,0,0,0,0,0,0.0,0.073301,0,0.0,0,79,3,1,0.9509,0.0093,GREEN,29,Chennai
CLM0006071,CHE_07281,Sholinganallur,2025-11-02,8,0,0,0,0,0,0,0,0,1,1.0,0.890923,0,1.0,0,370,2,0,0.5059,0.1243,GREEN,32,Chennai
CLM0006072,CHE_03692,Sholinganallur,2025-12-24,19,0,0,0,0,0,1,0,0,0,0.0,0.955904,0,0.0,0,419,0,5,0.5725,0.0874,GREEN,35,Chennai
CLM0006073,CHE_02990,Perambur,2024-12-03,8,0,0,0,0,0,0,0,0,0,0.0,0.090526,1,0.0,0,420,0,2,0.1416,0.0861,GREEN,26,Chennai
CLM0006074,CHE_05301,Adyar,2023-04-09,16,0,1,1,0,0,1,0,0,0,0.0,0.952949,0,0.0,0,420,0,1,0.596,0.083,GREEN,37,Chennai
CLM0006075,CHE_08444,Adyar,2025-11-03,14,0,0,0,0,0,0,0,0,1,0.0,0.154809,0,0.0,0,175,4,3,0.7862,0.141,GREEN,34,Chennai
CLM0006076,CHE_05090,Porur,2024-05-22,11,0,0,0,0,0,1,0,0,1,0.0,0.854794,0,0.0,0,196,0,0,0.9067,0.2781,GREEN,47,Chennai
CLM0006077,CHE_09007,T Nagar,2025-11-29,11,0,0,0,0,0,0,0,0,0,1.0,1.0,0,1.0,0,274,1,0,0.5414,0.0209,GREEN,32,Chennai
CLM0006078,CHE_03252,T Nagar,2024-12-17,17,0,0,0,0,0,0,0,0,0,0.0,0.033597,0,0.0,0,181,2,6,0.6885,0.0619,GREEN,41,Chennai
CLM0006079,CHE_03187,T Nagar,2023-06-15,18,0,0,0,0,0,0,0,0,1,0.0,0.187174,0,0.0,0,235,0,2,0.8072,0.065,GREEN,41,Chennai
CLM0006080,CHE_00918,T Nagar,2023-09-01,12,0,0,0,0,0,0,0,0,0,0.0,0.147772,0,0.0,0,259,4,3,0.8022,0.0,GREEN,35,Chennai
CLM0006081,CHE_02803,Velachery,2018-06-17,12,0,0,0,0,0,0,0,0,0,0.0,0.971697,0,0.0,0,420,2,4,0.7207,0.0061,GREEN,28,Chennai
CLM0006082,CHE_08095,Guindy,2015-08-03,19,0,0,0,0,0,0,0,0,0,0.0,1.0,0,0.0,0,338,2,0,0.5953,0.002,GREEN,39,Chennai
CLM0006083,CHE_06091,Chromepet,2020-04-26,18,0,0,0,0,0,0,0,0,0,0.0,0.327386,0,0.0,0,420,4,3,0.9233,0.0,GREEN,31,Chennai
CLM0006084,CHE_07614,Sholinganallur,2022-02-07,13,0,0,0,0,0,0,0,0,0,0.0,0.377191,0,0.0,0,146,4,4,0.7345,0.0366,GREEN,38,Chennai
CLM0006085,CHE_01457,Velachery,2023-09-17,12,0,0,0,0,0,0,0,0,0,0.0,0.340482,0,0.0,0,420,0,1,0.5153,0.0,GREEN,29,Chennai
CLM0006086,CHE_06959,Chromepet,2021-12-22,21,0,0,0,0,0,0,0,0,0,0.0,0.260142,0,0.0,1,146,3,5,0.8187,0.0301,GREEN,38,Chennai
CLM0006087,CHE_09706,Tambaram,2024-05-30,13,0,0,0,0,0,0,0,0,0,1.0,0.099743,0,0.0,0,354,2,0,0.697,0.1708,GREEN,35,Chennai
CLM0006088,CHE_03451,Perambur,2024-02-01,13,0,0,0,0,0,0,0,0,0,0.0,0.267357,1,0.0,0,252,2,1,0.4527,0.0769,GREEN,29,Chennai
CLM0006089,CHE_07736,Chromepet,2024-04-11,12,0,0,0,1,0,0,0,0,0,1.0,0.240475,0,0.0,0,302,2,1,0.8648,0.1567,GREEN,50,Chennai
CLM0006090,CHE_04041,Guindy,2024-09-05,12,0,0,0,0,1,0,0,0,0,0.0,0.042909,0,0.0,0,355,2,6,0.5331,0.1457,GREEN,36,Chennai
CLM0006091,CHE_00228,Porur,2024-04-07,17,0,0,0,0,0,0,0,0,1,0.0,0.371278,1,0.0,0,255,3,3,0.6982,0.1891,GREEN,30,Chennai
CLM0006092,CHE_09963,T Nagar,2025-02-22,8,0,0,0,0,0,0,0,0,0,0.0,0.346876,0,0.0,0,416,0,5,0.7853,0.0811,GREEN,18,Chennai
CLM0006093,CHE_01308,Chromepet,2024-03-09,15,0,0,0,0,0,0,0,0,0,0.0,0.058545,0,0.0,0,154,3,3,0.8691,0.0218,GREEN,55,Chennai
CLM0006094,CHE_05674,Sholinganallur,2024-10-08,10,0,0,0,0,0,0,0,0,0,0.0,1.0,0,0.0,0,322,1,2,0.2626,0.0,GREEN,42,Chennai
CLM0006095,CHE_06140,Perambur,2025-02-22,7,0,0,0,0,0,0,0,0,0,0.0,0.0,0,0.0,0,188,4,5,0.6433,0.0,GREEN,54,Chennai
CLM0006096,CHE_08119,Perambur,2024-03-31,8,0,0,0,0,0,0,0,0,1,0.0,0.262846,0,0.0,0,235,1,1,0.57,0.1438,GREEN,27,Chennai
CLM0006097,CHE_00757,T Nagar,2024-02-12,16,0,0,0,0,0,0,0,0,0,0.0,0.342072,0,1.0,0,256,4,6,0.8564,0.0,GREEN,34,Chennai
CLM0006098,CHE_01137,T Nagar,2022-09-18,21,0,0,0,0,0,0,0,0,0,0.0,0.119085,0,1.0,1,92,4,8,0.0855,0.0948,GREEN,48,Chennai
CLM0006099,CHE_00889,Adyar,2025-12-29,9,0,0,0,0,0,0,0,0,0,0.0,0.317438,0,0.0,0,379,3,1,0.613,0.0,GREEN,52,Chennai
CLM0006100,CHE_04367,Anna Nagar,2024-05-14,15,0,0,0,0,0,0,0,0,0,0.0,0.31252,0,0.0,0,398,2,3,0.7143,0.0052,GREEN,46,Chennai
CLM0006101,CHE_05762,Anna Nagar,2022-08-26,19,0,0,0,0,0,0,0,0,0,1.0,0.970782,0,1.0,0,45,3,1,0.922,0.0888,GREEN,21,Chennai
CLM0006102,CHE_05416,Chromepet,2023-11-11,12,0,0,0,0,0,0,0,0,0,1.0,0.437944,0,0.0,0,420,2,1,0.8824,0.1113,GREEN,42,Chennai
CLM0006103,CHE_04298,T Nagar,2025-11-12,13,0,0,0,1,0,0,0,0,1,1.0,0.265178,0,0.0,0,23,1,3,0.9099,0.261,GREEN,36,Chennai
CLM0006104,CHE_03418,Tambaram,2022-09-24,14,0,0,0,0,0,1,0,0,0,0.0,0.219373,0,0.0,0,24,2,5,0.7926,0.1043,GREEN,50,Chennai
CLM0006105,CHE_03560,Perambur,2022-08-14,18,0,0,0,0,0,0,0,0,0,0.0,0.21865,0,1.0,0,214,1,2,0.551,0.0,GREEN,33,Chennai
CLM0006106,CHE_03661,Porur,2022-12-24,7,0,0,0,0,0,0,0,0,0,0.0,0.936426,0,0.0,0,330,1,2,0.2402,0.0,GREEN,41,Chennai
CLM0006107,CHE_05843,Porur,2025-01-31,8,0,0,0,0,0,0,1,0,0,0.0,0.15983,0,0.0,1,220,0,6,0.6307,0.1183,GREEN,27,Chennai
CLM0006108,CHE_02174,T Nagar,2022-09-29,14,0,0,0,0,0,0,0,0,0,0.0,0.0,0,0.0,0,408,3,0,0.7913,0.0369,GREEN,45,Chennai
CLM0006109,CHE_05536,Sholinganallur,2024-04-15,20,0,0,0,0,0,0,0,0,0,0.0,0.16141,0,0.0,0,376,2,3,0.5433,0.0833,GREEN,38,Chennai
CLM0006110,CHE_08842,Guindy,2024-12-08,14,0,0,0,0,0,0,0,1,0,1.0,0.422935,0,0.0,0,120,4,4,0.5998,0.2066,GREEN,31,Chennai
CLM0006111,CHE_06697,Tambaram,2023-10-02,15,0,0,0,0,0,0,0,0,0,0.0,0.332392,0,0.0,0,130,0,1,0.8946,0.0714,GREEN,38,Chennai
CLM0006112,CHE_06137,Anna Nagar,2025-08-28,9,0,0,0,0,0,0,0,1,0,0.0,0.380092,0,0.0,0,144,2,0,0.9653,0.2195,GREEN,42,Chennai
CLM0006113,CHE_04953,T Nagar,2023-05-28,21,0,0,0,0,1,0,0,0,0,0.0,0.035998,0,0.0,0,192,3,7,0.6126,0.1475,GREEN,32,Chennai
CLM0006114,CHE_07209,Perambur,2024-12-02,17,0,0,0,0,0,0,0,0,0,0.0,0.331113,0,0.0,0,27,2,7,0.5225,0.0055,GREEN,51,Chennai
CLM0006115,CHE_07713,Guindy,2025-08-23,16,0,0,0,0,0,0,0,0,0,0.0,0.226524,0,0.0,0,420,2,2,0.5294,0.0368,GREEN,38,Chennai
CLM0006116,CHE_08834,Porur,2024-06-06,17,0,0,0,0,0,0,1,1,1,0.0,0.175848,0,0.0,0,306,4,1,0.5083,0.2115,GREEN,37,Chennai
CLM0006117,CHE_07471,T Nagar,2025-05-05,16,0,0,0,0,0,1,0,0,0,0.0,0.291683,0,0.0,0,379,0,3,0.0729,0.087,GREEN,20,Chennai
CLM0006118,CHE_06347,Porur,2020-02-15,14,0,0,0,0,0,0,1,0,0,1.0,0.022183,0,0.0,0,366,1,1,0.977,0.1145,GREEN,42,Chennai
CLM0006119,CHE_00693,Velachery,2024-05-10,17,0,0,0,0,1,0,0,0,0,0.0,0.403973,0,0.0,0,241,0,4,0.7691,0.04,GREEN,45,Chennai
CLM0006120,CHE_02793,T Nagar,2025-08-03,12,0,0,0,0,0,0,0,0,0,1.0,0.96657,0,1.0,0,280,4,0,0.3643,0.0558,GREEN,40,Chennai
CLM0006121,CHE_01027,Adyar,2023-10-01,9,0,0,0,0,0,0,0,0,0,0.0,0.301095,0,0.0,0,342,2,6,0.9506,0.0084,GREEN,49,Chennai
CLM0006122,CHE_08999,Adyar,2023-07-20,8,0,0,0,0,0,0,0,0,0,0.0,0.384933,0,0.0,0,134,1,7,0.4853,0.0443,GREEN,55,Chennai
CLM0006123,CHE_00270,Porur,2020-11-19,12,0,0,0,1,0,1,0,0,0,0.0,0.180796,0,0.0,0,272,4,2,0.8172,0.2787,GREEN,30,Chennai
CLM0006124,CHE_03559,Anna Nagar,2023-05-11,10,0,0,0,0,0,0,0,0,0,0.0,0.101528,0,0.0,1,74,2,0,0.5817,0.0872,GREEN,37,Chennai
CLM0006125,CHE_03116,Perambur,2019-09-09,13,0,0,0,0,0,0,0,0,0,0.0,0.98572,0,0.0,0,420,3,0,0.5899,0.0,GREEN,34,Chennai
CLM0006126,CHE_01397,Sholinganallur,2024-07-01,15,0,0,0,0,0,0,0,0,0,0.0,0.379138,0,0.0,0,420,3,1,0.1725,0.0073,GREEN,43,Chennai
CLM0006127,CHE_06331,Adyar,2020-02-23,17,0,0,0,0,0,0,0,0,0,1.0,1.0,0,0.0,0,138,0,5,0.8936,0.0234,GREEN,48,Chennai
CLM0006128,CHE_08408,Sholinganallur,2019-03-14,14,0,0,0,0,1,0,1,1,1,1.0,0.962759,0,1.0,1,5,0,17,0.1011,0.0,GREEN,30,Chennai
CLM0006129,CHE_03711,Guindy,2016-07-01,17,0,0,0,0,0,0,1,0,0,0.0,0.371331,0,0.0,0,58,4,6,0.9244,0.088,GREEN,47,Chennai
CLM0006130,CHE_01912,Tambaram,2025-03-12,17,0,0,0,0,0,0,0,0,0,0.0,0.357678,0,0.0,0,389,3,3,0.8802,0.0,GREEN,22,Chennai
CLM0006131,CHE_06236,Sholinganallur,2018-08-03,17,0,0,0,0,0,0,0,0,1,0.0,0.245633,0,0.0,0,230,0,3,0.5629,0.0897,GREEN,47,Chennai
CLM0006132,CHE_00316,Sholinganallur,2025-11-20,7,0,0,0,0,0,0,0,0,0,0.0,0.026541,0,0.0,0,291,4,2,0.05,0.069,GREEN,40,Chennai
CLM0006133,CHE_01232,T Nagar,2022-09-23,18,0,0,0,0,0,0,1,0,0,0.0,0.208038,0,0.0,0,375,1,0,0.05,0.0809,GREEN,49,Chennai
CLM0006134,CHE_05724,Porur,2025-08-06,7,0,0,0,0,0,1,1,0,1,1.0,1.0,0,1.0,0,5,4,18,0.8281,0.0363,GREEN,25,Chennai
CLM0006135,CHE_06908,Adyar,2024-06-13,20,0,1,1,0,0,0,0,1,0,0.0,0.212343,0,0.0,0,180,4,3,0.1566,0.0,GREEN,29,Chennai
CLM0006136,CHE_02846,Perambur,2022-09-16,18,0,0,0,0,0,0,0,0,1,0.0,0.068008,0,0.0,0,388,4,2,0.5601,0.0768,GREEN,50,Chennai
CLM0006137,CHE_04434,Anna Nagar,2023-01-12,18,0,0,0,0,0,1,0,0,0,0.0,0.0,0,0.0,0,311,4,2,0.98,0.0687,GREEN,33,Chennai
CLM0006138,CHE_01981,Sholinganallur,2025-03-11,9,0,0,0,0,0,0,0,0,0,0.0,0.188803,0,0.0,0,28,3,0,0.1569,0.0098,GREEN,33,Chennai
CLM0006139,CHE_09008,Perambur,2022-10-29,7,0,0,0,0,0,0,0,0,0,0.0,0.052856,0,1.0,0,226,3,2,0.8114,0.0,GREEN,49,Chennai
CLM0006140,CHE_02163,Perambur,2022-08-28,14,0,0,0,0,0,0,1,0,0,0.0,0.279812,0,1.0,0,60,4,0,0.2776,0.0806,GREEN,22,Chennai
CLM0006141,CHE_09135,Chromepet,2023-07-31,21,0,0,0,0,0,0,0,1,0,0.0,0.113786,0,0.0,0,420,3,3,0.6559,0.0662,GREEN,52,Chennai
CLM0006142,CHE_05590,Tambaram,2025-05-02,17,0,1,1,0,0,0,0,0,1,0.0,0.054286,0,0.0,0,235,0,4,0.7708,0.1303,GREEN,47,Chennai
CLM0006143,CHE_06773,Velachery,2025-08-18,12,0,0,0,0,0,0,0,0,0,0.0,0.389408,0,0.0,0,319,4,1,0.7772,0.0787,GREEN,18,Chennai
CLM0006144,CHE_05478,T Nagar,2023-05-02,17,0,0,0,0,0,0,0,0,0,0.0,0.373532,0,0.0,0,245,4,2,0.5097,0.1462,GREEN,34,Chennai
CLM0006145,CHE_05913,Sholinganallur,2023-05-04,12,0,0,0,0,0,0,0,0,0,0.0,0.25574,0,0.0,0,150,3,0,0.8902,0.1883,GREEN,26,Chennai
CLM0006146,CHE_09081,Velachery,2020-02-08,21,0,0,0,0,0,0,0,0,0,1.0,0.395517,0,0.0,0,311,0,2,0.8991,0.0195,GREEN,37,Chennai
CLM0006147,CHE_08399,Tambaram,2022-08-25,12,0,0,0,0,0,0,0,0,0,0.0,0.081454,0,0.0,1,60,2,2,0.7093,0.0815,GREEN,43,Chennai
CLM0006148,CHE_01762,Perambur,2022-05-20,21,0,0,0,0,0,0,0,1,0,0.0,0.18486,1,0.0,0,281,1,0,0.7359,0.0868,GREEN,33,Chennai
CLM0006149,CHE_07871,Adyar,2022-07-23,7,0,0,0,0,0,0,0,0,0,0.0,0.106525,0,0.0,0,146,4,1,0.8287,0.0276,GREEN,40,Chennai
CLM0006150,CHE_06811,Tambaram,2018-09-10,13,0,0,0,0,0,1,0,0,0,0.0,0.129804,0,0.0,0,340,0,0,0.6981,0.0804,GREEN,36,Chennai
CLM0006151,CHE_07318,Tambaram,2023-10-21,8,0,0,0,0,0,1,0,0,0,0.0,0.384485,0,0.0,0,420,3,2,0.1306,0.0256,GREEN,36,Chennai
CLM0006152,CHE_07693,Guindy,2020-08-06,9,0,0,0,0,0,0,0,0,0,1.0,0.304318,0,0.0,0,308,1,6,0.6946,0.0847,GREEN,40,Chennai
CLM0006153,CHE_06661,Adyar,2023-11-20,14,0,0,0,0,0,1,0,0,0,0.0,0.0,1,0.0,0,420,0,0,0.05,0.0673,GREEN,18,Chennai
CLM0006154,CHE_03291,Perambur,2018-01-08,8,0,0,0,0,0,0,0,0,0,0.0,0.038935,0,0.0,0,310,0,2,0.5562,0.0,GREEN,43,Chennai
CLM0006155,CHE_02707,T Nagar,2020-06-19,9,0,0,0,0,0,0,0,0,0,0.0,0.341343,0,0.0,0,420,2,1,0.5097,0.0283,GREEN,42,Chennai
CLM0006156,CHE_08232,Chromepet,2018-08-11,15,0,0,0,0,0,0,0,1,0,0.0,0.276217,0,0.0,0,366,0,4,0.1179,0.0271,GREEN,69,Chennai
CLM0006157,CHE_00274,Velachery,2021-12-25,16,0,0,0,0,0,0,0,0,0,0.0,0.069565,0,0.0,1,80,2,0,0.528,0.0956,GREEN,33,Chennai
CLM0006158,CHE_05927,T Nagar,2021-11-10,8,0,0,0,0,0,0,0,0,0,0.0,0.113618,0,1.0,0,43,4,1,0.5468,0.0,GREEN,44,Chennai
CLM0006159,CHE_04568,T Nagar,2021-04-21,21,0,0,0,0,0,0,0,0,0,1.0,0.061959,0,0.0,0,210,4,6,0.929,0.0897,GREEN,55,Chennai
CLM0006160,CHE_01755,Sholinganallur,2024-04-15,21,0,0,0,0,0,0,0,0,0,0.0,0.205492,0,0.0,0,132,4,0,0.07,0.0,GREEN,48,Chennai
CLM0006161,CHE_01734,Tambaram,2018-07-22,19,0,0,0,1,0,1,0,0,1,1.0,1.0,1,1.0,1,18,1,18,0.1289,0.1202,GREEN,33,Chennai
CLM0006162,CHE_00312,Sholinganallur,2023-04-14,7,0,0,0,0,0,0,0,0,0,0.0,0.17586,0,0.0,0,68,2,0,0.924,0.0908,GREEN,24,Chennai
CLM0006163,CHE_03051,Tambaram,2025-03-04,17,0,0,0,0,0,0,0,0,0,0.0,1.0,0,0.0,0,420,2,1,0.138,0.0476,GREEN,37,Chennai
CLM0006164,CHE_06311,Perambur,2025-03-27,14,0,1,1,0,0,0,0,0,0,0.0,0.155934,0,0.0,0,177,1,4,0.9232,0.0749,GREEN,49,Chennai
CLM0006165,CHE_04349,T Nagar,2022-06-26,13,0,0,0,0,0,0,0,0,0,0.0,0.0,0,1.0,0,406,3,3,0.8655,0.0,GREEN,45,Chennai
CLM0006166,CHE_03930,T Nagar,2023-01-24,11,0,0,0,0,1,0,0,1,0,0.0,0.060642,0,0.0,0,319,0,0,0.7237,0.1477,GREEN,28,Chennai
CLM0006167,CHE_05836,Tambaram,2024-12-13,20,0,0,0,0,0,0,0,0,0,0.0,1.0,0,0.0,1,406,2,5,0.5478,0.1256,GREEN,42,Chennai
CLM0006168,CHE_01004,Tambaram,2022-06-27,15,0,0,0,0,0,0,0,0,0,0.0,0.324086,0,0.0,0,420,0,1,0.7185,0.0374,GREEN,19,Chennai
CLM0006169,CHE_00872,Chromepet,2025-05-20,10,0,0,0,0,0,0,0,0,0,0.0,1.0,0,0.0,0,305,0,0,0.6496,0.0317,GREEN,36,Chennai
CLM0006170,CHE_00288,Porur,2024-08-30,9,0,0,0,1,0,0,1,1,1,1.0,0.369693,0,1.0,0,5,3,18,0.4401,0.0,GREEN,18,Chennai
CLM0006171,CHE_05830,Perambur,2023-07-05,15,0,0,0,0,0,0,0,0,0,0.0,0.160876,0,0.0,0,100,1,3,0.7977,0.0,GREEN,29,Chennai
CLM0006172,CHE_03317,Sholinganallur,2023-06-27,10,0,0,0,0,0,0,0,0,0,0.0,0.250465,0,0.0,0,420,1,0,0.2716,0.0967,GREEN,32,Chennai
CLM0006173,CHE_00996,Sholinganallur,2024-08-15,13,0,0,0,1,1,0,1,1,0,1.0,0.957984,0,1.0,1,16,4,18,0.05,0.0,GREEN,39,Chennai
CLM0006174,CHE_01799,Perambur,2023-10-24,14,0,0,0,0,0,0,0,0,0,0.0,0.284639,0,0.0,0,172,1,0,0.5062,0.0,GREEN,48,Chennai
CLM0006175,CHE_08299,Adyar,2023-01-16,15,0,0,0,0,0,0,1,0,0,0.0,0.388677,0,0.0,0,311,1,6,0.1267,0.1213,GREEN,51,Chennai
CLM0006176,CHE_09270,Sholinganallur,2024-05-11,21,0,0,0,0,0,1,0,0,0,0.0,0.01298,0,0.0,0,406,3,3,0.1244,0.0574,GREEN,26,Chennai
CLM0006177,CHE_01467,Sholinganallur,2025-08-20,21,0,1,1,0,0,0,0,0,0,0.0,0.277088,0,0.0,0,325,2,3,0.7976,0.6812,RED,42,Chennai
CLM0006178,CHE_01455,Porur,2025-09-23,12,0,1,1,1,1,0,1,1,1,1.0,1.0,0,1.0,0,25,1,18,0.1438,0.7944,RED,39,Chennai
CLM0006179,CHE_01808,Perambur,2025-04-09,11,0,1,1,0,0,0,0,0,0,0.0,0.338897,0,0.0,0,383,1,2,0.586,0.5311,YELLOW,26,Chennai
CLM0006180,CHE_03493,Guindy,2025-12-16,13,0,1,1,0,1,0,1,0,1,0.0,0.243637,0,1.0,1,5,2,18,0.8577,0.5875,YELLOW,25,Chennai
CLM0006181,CHE_05787,Sholinganallur,2024-07-20,8,0,0,0,0,1,0,0,0,0,1.0,0.283617,0,0.0,0,206,4,4,0.7486,0.1436,GREEN,36,Chennai
CLM0006182,CHE_03245,T Nagar,2024-03-31,19,0,0,0,0,0,0,0,0,0,0.0,0.207223,0,0.0,0,420,3,0,0.8424,0.0,GREEN,37,Chennai
CLM0006183,CHE_09771,Anna Nagar,2024-11-15,15,0,0,0,0,0,0,0,0,0,0.0,0.135928,0,1.0,0,102,3,2,0.722,0.0003,GREEN,41,Chennai
CLM0006184,CHE_04435,Porur,2025-03-19,19,0,0,0,0,0,0,0,0,0,0.0,0.127666,0,0.0,0,369,2,0,0.1951,0.0,GREEN,27,Chennai
CLM0006185,CHE_03702,Chromepet,2025-10-18,14,0,0,0,0,0,0,0,0,0,0.0,0.318397,0,0.0,0,5,0,0,0.5592,0.0,GREEN,42,Chennai
CLM0006186,CHE_05037,Velachery,2016-11-27,9,0,0,0,0,0,0,0,0,0,0.0,0.0,0,0.0,0,264,0,1,0.942,0.0108,GREEN,42,Chennai
CLM0006187,CHE_03733,Perambur,2021-01-10,20,0,0,0,0,0,0,1,1,0,0.0,0.20389,0,0.0,0,223,4,0,0.7232,0.1345,GREEN,39,Chennai
CLM0006188,CHE_06832,Chromepet,2022-10-14,20,0,0,0,0,0,0,0,0,0,0.0,0.332138,0,0.0,0,178,0,0,0.1351,0.0978,GREEN,50,Chennai
CLM0006189,CHE_05443,Velachery,2023-09-09,19,0,0,0,1,1,1,1,0,0,0.0,0.966042,1,0.0,0,15,4,9,0.4868,0.1301,GREEN,56,Chennai
CLM0006190,CHE_08329,Anna Nagar,2022-07-28,13,0,1,1,0,0,0,0,0,0,0.0,0.405892,0,0.0,0,329,3,0,0.7881,0.1689,GREEN,37,Chennai
CLM0006191,CHE_07143,Velachery,2021-12-18,20,0,0,0,0,0,0,0,0,0,0.0,0.370097,0,0.0,0,347,1,2,0.6729,0.0318,GREEN,40,Chennai
CLM0006192,CHE_09971,Anna Nagar,2022-10-28,20,0,0,0,0,0,0,0,0,0,0.0,0.226326,0,0.0,0,170,0,2,0.4625,0.0,GREEN,35,Chennai
CLM0006193,CHE_01125,Tambaram,2016-09-21,14,0,0,0,1,0,1,0,0,0,0.0,0.438199,0,0.0,0,114,0,4,0.8873,0.2966,GREEN,34,Chennai
CLM0006194,CHE_05712,Velachery,2024-06-03,20,0,0,0,0,0,0,0,0,0,0.0,0.364859,0,0.0,0,224,2,0,0.6615,0.032,GREEN,55,Chennai
CLM0006195,CHE_00670,Anna Nagar,2016-09-04,10,0,0,0,0,0,0,0,0,0,0.0,0.028717,0,0.0,0,212,1,0,0.7088,0.0,GREEN,47,Chennai
CLM0006196,CHE_09794,Chromepet,2024-09-03,18,0,0,0,0,0,0,0,0,0,0.0,0.325147,0,0.0,0,77,4,0,0.5642,0.0406,GREEN,34,Chennai
CLM0006197,CHE_07358,Chromepet,2019-09-16,19,0,0,0,0,0,0,0,0,0,0.0,0.192908,0,0.0,0,99,4,1,0.8768,0.0,GREEN,48,Chennai
CLM0006198,CHE_01143,Velachery,2023-02-26,10,0,0,0,0,0,0,1,1,1,0.0,0.255458,0,0.0,0,52,3,0,0.8584,0.2667,GREEN,34,Chennai
CLM0006199,CHE_09218,Anna Nagar,2022-08-21,21,0,0,0,0,0,0,0,0,0,1.0,0.570459,0,0.0,0,420,3,0,0.8677,0.0624,GREEN,46,Chennai
CLM0006200,CHE_06646,T Nagar,2021-07-08,18,0,0,0,0,0,0,0,0,0,0.0,0.333691,0,0.0,0,248,1,3,0.6609,0.0222,GREEN,32,Chennai
CLM0006201,CHE_08101,Perambur,2024-07-25,21,0,0,0,0,0,0,0,0,0,0.0,0.055276,0,0.0,0,273,3,6,0.1451,0.0106,GREEN,18,Chennai
CLM0006202,CHE_08837,Chromepet,2025-03-27,18,0,0,0,0,0,0,0,0,0,0.0,0.239045,0,0.0,0,322,0,5,0.6273,0.0245,GREEN,44,Chennai
CLM0006203,CHE_06810,Tambaram,2022-03-30,7,0,0,0,0,0,0,0,0,0,0.0,0.261294,0,0.0,0,340,3,3,0.5658,0.0,GREEN,41,Chennai
CLM0006204,CHE_04920,Porur,2022-06-19,7,0,0,0,0,0,0,1,0,0,0.0,0.092375,0,0.0,0,360,1,3,0.2752,0.1144,GREEN,38,Chennai
CLM0006205,CHE_01366,Adyar,2021-05-21,7,0,0,0,0,0,0,0,0,0,0.0,0.0,0,0.0,0,177,2,1,0.98,0.0,GREEN,48,Chennai
CLM0006206,CHE_01833,Porur,2020-07-16,16,0,0,0,0,0,0,0,0,0,0.0,0.168972,0,0.0,0,157,2,3,0.1643,0.0,GREEN,37,Chennai
CLM0006207,CHE_08158,Anna Nagar,2021-04-19,10,0,0,0,0,0,0,0,0,0,0.0,0.248106,0,0.0,0,323,3,3,0.565,0.0,GREEN,40,Chennai
CLM0006208,CHE_08509,Adyar,2022-03-03,18,0,0,0,0,0,1,0,0,0,0.0,0.078123,0,0.0,0,412,1,4,0.7685,0.1015,GREEN,42,Chennai
CLM0006209,CHE_05327,Porur,2025-05-15,14,0,0,0,0,0,0,0,0,0,0.0,0.108926,0,0.0,0,420,2,3,0.5879,0.1038,GREEN,37,Chennai
CLM0006210,CHE_08842,Guindy,2020-08-12,12,0,0,0,0,0,0,0,0,0,0.0,0.02755,0,0.0,0,125,2,3,0.6947,0.0,GREEN,31,Chennai
CLM0006211,CHE_09208,Sholinganallur,2023-09-18,20,0,0,0,0,0,0,0,0,0,1.0,0.968521,0,0.0,0,287,3,0,0.6313,0.0908,GREEN,33,Chennai
CLM0006212,CHE_05521,Perambur,2019-02-12,16,0,0,0,0,0,1,0,0,0,0.0,0.05728,0,0.0,0,106,4,8,0.5748,0.0603,GREEN,20,Chennai
CLM0006213,CHE_05790,Velachery,2023-05-21,7,0,0,0,0,0,0,1,0,0,0.0,0.067551,0,0.0,0,185,1,2,0.9559,0.0754,GREEN,52,Chennai
CLM0006214,CHE_09104,Sholinganallur,2021-07-31,20,0,0,0,0,0,0,0,0,0,0.0,0.293389,0,0.0,0,186,3,1,0.9789,0.0486,GREEN,28,Chennai
CLM0006215,CHE_05394,Tambaram,2022-07-06,11,0,0,0,0,1,0,0,0,0,0.0,0.050973,0,0.0,0,408,0,2,0.7257,0.0727,GREEN,23,Chennai
CLM0006216,CHE_08917,Guindy,2022-08-05,18,0,0,0,0,0,0,0,0,0,0.0,0.025327,0,0.0,0,285,1,2,0.7866,0.0,GREEN,40,Chennai
CLM0006217,CHE_00056,Adyar,2024-10-07,8,0,0,0,0,0,0,0,1,0,0.0,0.246232,0,0.0,0,269,4,0,0.3561,0.1115,GREEN,30,Chennai
CLM0006218,CHE_07151,Porur,2016-04-21,17,0,0,0,0,0,0,0,1,0,0.0,0.0,0,0.0,0,39,3,1,0.8488,0.1018,GREEN,36,Chennai
CLM0006219,CHE_07104,Porur,2024-11-26,13,0,0,0,0,0,0,0,0,0,0.0,0.0,0,0.0,0,420,2,0,0.8371,0.1215,GREEN,28,Chennai
CLM0006220,CHE_00837,Tambaram,2017-02-15,8,0,0,0,0,0,0,1,1,1,0.0,0.186562,0,0.0,0,355,4,0,0.6501,0.3185,YELLOW,18,Chennai
CLM0006221,CHE_08971,Sholinganallur,2020-04-27,19,0,0,0,0,0,0,0,0,0,0.0,0.224245,0,0.0,0,67,3,9,0.7995,0.0273,GREEN,32,Chennai
CLM0006222,CHE_00665,Porur,2020-09-07,19,0,0,0,0,0,0,0,0,0,0.0,0.165942,0,0.0,0,420,3,1,0.6687,0.0,GREEN,37,Chennai
CLM0006223,CHE_05084,Perambur,2025-12-29,10,0,0,0,0,1,0,0,0,0,0.0,0.424749,0,0.0,0,18,1,1,0.6905,0.1405,GREEN,22,Chennai
CLM0006224,CHE_01305,Sholinganallur,2023-05-16,13,0,0,0,0,0,0,0,0,0,1.0,0.049742,0,0.0,0,46,4,6,0.7733,0.0,GREEN,29,Chennai
CLM0006225,CHE_02770,Velachery,2019-05-30,11,0,0,0,0,0,0,0,0,0,0.0,0.278077,0,0.0,0,96,3,1,0.8163,0.0,GREEN,35,Chennai
CLM0006226,CHE_08812,Porur,2022-01-03,21,0,0,0,1,1,1,1,1,0,1.0,1.0,0,1.0,0,16,1,18,0.6401,0.0,GREEN,43,Chennai
CLM0006227,CHE_01460,Porur,2023-08-08,19,0,0,0,0,0,0,0,0,1,1.0,0.302888,0,0.0,0,18,4,0,0.3842,0.3519,YELLOW,53,Chennai
CLM0006228,CHE_04961,Guindy,2019-05-23,12,0,0,0,0,0,0,0,0,0,1.0,0.341031,0,0.0,0,215,3,0,0.9134,0.0583,GREEN,38,Chennai
CLM0006229,CHE_09808,Tambaram,2019-03-08,7,0,0,0,0,0,0,0,0,0,0.0,0.148298,0,0.0,0,33,0,4,0.9154,0.0,GREEN,38,Chennai
CLM0006230,CHE_08433,Adyar,2025-08-23,18,0,1,1,0,0,0,0,0,0,0.0,0.269714,0,0.0,0,247,3,0,0.6691,0.0,GREEN,21,Chennai
CLM0006231,CHE_00182,Anna Nagar,2024-01-26,18,0,0,0,0,0,0,0,1,0,0.0,0.275074,0,0.0,0,145,4,2,0.916,0.0,GREEN,44,Chennai
CLM0006232,CHE_08603,Chromepet,2024-11-13,14,0,0,0,0,0,0,0,0,0,0.0,0.108226,0,1.0,0,381,1,6,0.729,0.0391,GREEN,51,Chennai
CLM0006233,CHE_01559,Velachery,2025-07-22,9,0,0,0,0,0,0,0,0,0,0.0,0.444668,0,0.0,0,320,1,5,0.7875,0.0622,GREEN,24,Chennai
CLM0006234,CHE_08414,Anna Nagar,2024-05-26,9,0,0,0,0,0,0,0,0,0,1.0,0.907001,0,1.0,0,420,3,3,0.904,0.0132,GREEN,41,Chennai
CLM0006235,CHE_03220,Perambur,2023-04-18,10,0,0,0,0,0,0,0,0,0,0.0,0.284516,0,0.0,0,190,4,2,0.8195,0.0,GREEN,45,Chennai
CLM0006236,CHE_04537,Adyar,2023-09-11,15,0,0,0,0,0,0,1,0,0,1.0,0.252176,0,0.0,1,261,3,3,0.7144,0.1954,GREEN,41,Chennai
CLM0006237,CHE_08796,T Nagar,2023-09-26,15,0,0,0,0,0,0,0,0,0,0.0,1.0,0,0.0,0,420,3,2,0.5877,0.0,GREEN,39,Chennai
CLM0006238,CHE_00572,Perambur,2023-12-10,9,0,0,0,0,0,0,0,1,0,0.0,0.063839,0,0.0,0,72,4,2,0.0973,0.1437,GREEN,18,Chennai
CLM0006239,CHE_05494,Chromepet,2024-06-15,21,0,0,0,0,0,1,0,0,0,0.0,0.461604,0,1.0,0,122,2,2,0.9529,0.0777,GREEN,50,Chennai
CLM0006240,CHE_08949,Velachery,2025-02-21,7,0,0,0,0,0,0,0,0,0,0.0,0.193594,0,0.0,0,352,1,6,0.9412,0.0046,GREEN,41,Chennai
CLM0006241,CHE_01149,Sholinganallur,2025-08-15,21,0,0,0,0,0,0,0,0,0,1.0,0.416367,0,0.0,0,338,3,0,0.4128,0.0429,GREEN,50,Chennai
CLM0006242,CHE_05620,Anna Nagar,2024-07-11,19,0,0,0,0,0,0,1,0,0,0.0,0.060386,0,0.0,0,420,3,2,0.98,0.1409,GREEN,51,Chennai
CLM0006243,CHE_03100,Chromepet,2023-06-10,21,0,0,0,0,0,0,0,0,0,0.0,0.994357,0,0.0,0,420,4,3,0.8833,0.0728,GREEN,65,Chennai
CLM0006244,CHE_02860,Perambur,2025-12-13,9,0,0,0,0,0,0,0,0,0,0.0,0.095811,0,0.0,0,359,4,1,0.2345,0.0021,GREEN,52,Chennai
CLM0006245,CHE_01667,T Nagar,2022-11-02,18,0,0,0,0,0,0,0,0,0,1.0,0.18323,0,0.0,0,235,1,4,0.0936,0.1706,GREEN,31,Chennai
CLM0006246,CHE_08392,Porur,2025-09-05,10,0,0,0,0,0,0,0,1,0,0.0,0.19765,0,0.0,0,420,4,5,0.5487,0.1726,GREEN,34,Chennai
CLM0006247,CHE_06221,Chromepet,2024-10-09,11,0,0,0,0,0,0,1,0,0,0.0,0.393192,0,0.0,0,420,3,0,0.6298,0.0,GREEN,18,Chennai
CLM0006248,CHE_05071,Velachery,2025-11-27,17,0,0,0,0,1,0,0,0,0,0.0,0.252818,0,0.0,0,217,2,3,0.8527,0.0969,GREEN,45,Chennai
CLM0006249,CHE_08512,Adyar,2025-05-23,13,0,0,0,0,0,0,0,1,0,0.0,0.212859,0,0.0,0,311,1,3,0.9053,0.0647,GREEN,32,Chennai
CLM0006250,CHE_06420,Adyar,2025-07-09,7,0,0,0,0,0,0,1,0,0,0.0,0.147359,0,0.0,0,253,1,5,0.805,0.0921,GREEN,44,Chennai
CLM0006251,CHE_03612,Sholinganallur,2024-11-01,17,0,0,0,1,0,1,1,0,1,1.0,0.90936,0,0.0,1,5,1,18,0.1256,0.0,GREEN,37,Chennai
CLM0006252,CHE_09826,Guindy,2025-12-11,7,0,0,0,0,0,0,0,1,0,0.0,1.0,0,0.0,0,420,4,4,0.8858,0.1101,GREEN,36,Chennai
CLM0006253,CHE_07531,Perambur,2025-08-15,13,0,0,0,1,0,0,0,0,0,0.0,0.198492,1,0.0,0,118,0,2,0.209,0.1564,GREEN,44,Chennai
CLM0006254,CHE_03815,Guindy,2023-04-15,10,0,1,1,1,0,1,0,1,1,1.0,0.219263,0,0.0,1,5,0,18,0.05,0.7825,RED,34,Chennai
CLM0006255,CHE_09597,Sholinganallur,2025-06-11,12,0,1,1,1,0,0,1,1,1,1.0,1.0,1,0.0,1,5,1,18,0.05,0.7079,RED,36,Chennai
CLM0006256,CHE_05122,Sholinganallur,2023-12-04,17,0,1,1,0,1,0,0,0,1,0.0,0.076892,0,0.0,1,102,0,0,0.5683,0.4996,YELLOW,43,Chennai
CLM0006257,CHE_07527,Guindy,2024-01-10,9,0,1,1,0,0,0,0,0,0,0.0,0.260987,0,1.0,0,123,0,2,0.98,0.5971,YELLOW,47,Chennai
CLM0006258,CHE_07924,Anna Nagar,2019-11-22,18,0,1,1,0,0,0,0,0,1,0.0,0.270006,0,0.0,0,378,0,3,0.5489,0.1496,GREEN,47,Chennai
CLM0006259,CHE_09397,Chromepet,2015-09-24,8,0,0,0,0,0,0,1,0,0,0.0,0.0,0,0.0,0,357,2,7,0.05,0.0238,GREEN,18,Chennai
CLM0006260,CHE_06638,Adyar,2023-11-29,19,0,0,0,0,0,0,0,0,0,1.0,0.0,0,0.0,0,278,3,4,0.7737,0.1008,GREEN,43,Chennai
CLM0006261,CHE_06952,Perambur,2017-05-01,9,0,0,0,0,0,0,0,0,1,0.0,0.454653,1,0.0,0,420,4,5,0.7101,0.2589,GREEN,30,Chennai
CLM0006262,CHE_05569,Guindy,2025-05-04,14,0,0,0,0,0,0,0,0,0,0.0,0.310911,0,0.0,0,420,4,1,0.7345,0.0,GREEN,43,Chennai
CLM0006263,CHE_05596,Guindy,2025-01-11,11,0,0,0,0,0,0,1,0,1,1.0,0.975812,0,1.0,0,58,1,0,0.98,0.2513,GREEN,26,Chennai
CLM0006264,CHE_07931,Guindy,2021-03-09,16,0,0,0,0,0,0,0,0,1,1.0,0.078348,0,0.0,0,346,1,0,0.531,0.1517,GREEN,37,Chennai
CLM0006265,CHE_03962,Tambaram,2019-03-08,12,0,0,0,0,0,0,0,0,0,0.0,0.226663,0,0.0,0,393,2,0,0.7339,0.033,GREEN,28,Chennai
CLM0006266,CHE_04483,Tambaram,2024-08-19,16,0,0,0,0,0,1,0,1,1,0.0,0.144155,0,0.0,0,215,0,2,0.98,0.4251,YELLOW,50,Chennai
CLM0006267,CHE_02107,T Nagar,2024-12-17,10,0,0,0,0,0,0,1,0,0,0.0,0.355135,0,0.0,0,420,1,3,0.959,0.1312,GREEN,56,Chennai
CLM0006268,CHE_02493,Velachery,2024-07-25,21,0,0,0,0,0,0,0,0,0,0.0,0.132691,0,0.0,0,280,0,1,0.748,0.0755,GREEN,47,Chennai
CLM0006269,CHE_06558,Guindy,2024-07-22,17,0,0,0,0,0,0,0,0,0,0.0,0.19634,0,0.0,0,355,2,0,0.9356,0.0022,GREEN,38,Chennai
CLM0006270,CHE_05759,Porur,2024-03-30,18,0,0,0,0,0,0,1,0,0,0.0,0.151825,0,0.0,1,122,4,2,0.6356,0.1515,GREEN,28,Chennai
CLM0006271,CHE_07763,Porur,2025-06-11,13,0,0,0,0,0,0,0,0,0,0.0,0.0,0,0.0,0,400,0,2,0.9539,0.0139,GREEN,42,Chennai
CLM0006272,CHE_02040,Perambur,2024-06-25,21,0,0,0,0,0,0,0,0,0,0.0,0.100606,0,0.0,0,420,0,0,0.98,0.0,GREEN,41,Chennai
CLM0006273,CHE_09883,Guindy,2025-09-18,21,0,0,0,0,0,0,0,0,0,0.0,0.20186,0,0.0,0,293,1,0,0.6471,0.089,GREEN,48,Chennai
CLM0006274,CHE_04973,Tambaram,2024-03-26,7,0,0,0,1,0,1,0,0,0,0.0,0.994348,0,0.0,0,278,4,0,0.67,0.1968,GREEN,24,Chennai
CLM0006275,CHE_09993,Velachery,2018-07-02,20,0,0,0,0,0,0,0,0,0,0.0,0.40557,0,0.0,0,230,2,2,0.4513,0.0574,GREEN,55,Chennai
CLM0006276,CHE_01605,Anna Nagar,2018-11-13,12,1,0,0,0,0,1,0,0,0,0.0,0.332067,0,0.0,0,420,3,2,0.8437,0.0595,GREEN,42,Chennai
CLM0006277,CHE_08965,Tambaram,2021-02-07,11,0,0,0,0,0,0,0,0,0,1.0,0.158342,0,0.0,0,318,4,3,0.7392,0.1645,GREEN,44,Chennai
CLM0006278,CHE_03048,T Nagar,2023-07-20,12,0,0,0,0,0,0,0,1,0,1.0,0.291397,0,0.0,0,420,2,0,0.1923,0.1545,GREEN,23,Chennai
CLM0006279,CHE_05736,Porur,2021-09-22,19,0,0,0,0,0,0,0,0,0,0.0,0.936638,0,0.0,0,186,2,3,0.7265,0.0,GREEN,42,Chennai
CLM0006280,CHE_00064,Velachery,2024-06-15,18,0,1,1,0,0,0,0,0,0,0.0,0.218608,0,0.0,0,350,4,5,0.9175,0.0584,GREEN,22,Chennai
CLM0006281,CHE_01423,Porur,2024-08-27,15,0,1,1,0,0,0,0,0,0,0.0,0.322299,0,0.0,0,420,4,5,0.1853,0.0597,GREEN,34,Chennai
CLM0006282,CHE_01330,Guindy,2024-11-26,9,0,0,0,0,0,0,0,0,0,0.0,0.185413,0,0.0,0,420,3,0,0.7112,0.0031,GREEN,54,Chennai
CLM0006283,CHE_07309,T Nagar,2025-10-08,10,0,0,0,0,0,0,0,0,0,0.0,0.096142,0,0.0,0,420,4,0,0.9483,0.0155,GREEN,31,Chennai
CLM0006284,CHE_06634,T Nagar,2024-05-12,21,0,0,0,0,0,0,0,1,0,0.0,0.137832,0,0.0,0,420,0,4,0.2105,0.1165,GREEN,39,Chennai
CLM0006285,CHE_01186,Guindy,2024-05-05,19,0,0,0,0,0,1,0,0,0,0.0,0.052248,0,0.0,0,196,3,3,0.8955,0.1337,GREEN,25,Chennai
CLM0006286,CHE_06196,Guindy,2024-06-25,11,0,0,0,0,0,0,0,0,0,0.0,0.29931,0,0.0,0,420,4,2,0.848,0.0437,GREEN,35,Chennai
CLM0006287,CHE_01139,T Nagar,2024-08-19,7,0,0,0,0,0,0,0,0,0,0.0,1.0,0,0.0,0,418,3,2,0.8323,0.0,GREEN,55,Chennai
CLM0006288,CHE_09514,Perambur,2025-05-07,9,0,0,0,0,0,0,0,0,0,1.0,0.937528,0,1.0,0,95,1,6,0.5098,0.0,GREEN,30,Chennai
CLM0006289,CHE_01728,Porur,2024-12-18,17,0,0,0,0,0,0,0,0,0,0.0,0.198987,0,0.0,0,420,2,0,0.98,0.0,GREEN,58,Chennai
CLM0006290,CHE_06253,Chromepet,2025-10-13,10,0,0,0,0,0,0,0,0,0,0.0,0.331645,0,0.0,0,133,4,0,0.6229,0.0,GREEN,46,Chennai
CLM0006291,CHE_02413,Velachery,2021-11-15,9,0,0,0,1,0,0,0,1,1,0.0,0.074044,1,1.0,1,5,4,18,0.9102,0.0719,GREEN,36,Chennai
CLM0006292,CHE_02507,Perambur,2019-07-15,14,0,1,1,0,0,0,0,0,0,0.0,0.018162,0,0.0,1,67,1,1,0.98,0.042,GREEN,32,Chennai
CLM0006293,CHE_05709,Porur,2022-06-27,15,0,0,0,0,0,0,0,0,0,0.0,0.271312,0,0.0,0,271,0,0,0.825,0.0,GREEN,43,Chennai
CLM0006294,CHE_02198,Tambaram,2021-07-30,16,0,0,0,1,1,0,1,1,0,0.0,0.072755,0,0.0,1,5,3,18,0.9469,0.0745,GREEN,47,Chennai
CLM0006295,CHE_07885,Tambaram,2023-01-18,8,0,0,0,0,0,0,0,0,0,0.0,0.178185,0,0.0,0,420,4,1,0.8955,0.0,GREEN,39,Chennai
CLM0006296,CHE_00704,Anna Nagar,2024-10-23,9,0,0,0,0,0,0,0,0,0,0.0,0.266145,0,0.0,0,76,3,1,0.8542,0.0375,GREEN,37,Chennai
CLM0006297,CHE_03253,Anna Nagar,2021-02-05,21,0,0,0,1,1,0,1,1,1,0.0,0.046468,0,0.0,1,5,0,18,0.8892,0.0,GREEN,39,Chennai
CLM0006298,CHE_07270,Porur,2025-03-04,13,0,0,0,1,0,0,1,1,1,1.0,1.0,0,1.0,0,11,4,18,0.1449,0.0825,GREEN,21,Chennai
CLM0006299,CHE_03058,Anna Nagar,2023-10-01,21,0,0,0,0,0,0,0,1,0,0.0,0.444901,0,0.0,0,184,4,3,0.2057,0.1534,GREEN,37,Chennai
CLM0006300,CHE_01139,T Nagar,2020-01-17,12,0,0,0,0,0,0,0,0,1,0.0,0.427566,0,0.0,0,345,3,2,0.8048,0.2148,GREEN,55,Chennai
CLM0006301,CHE_09206,Velachery,2025-02-25,13,0,0,0,0,0,0,0,0,0,0.0,0.349637,0,0.0,0,128,4,0,0.7935,0.0218,GREEN,30,Chennai
CLM0006302,CHE_04589,Sholinganallur,2021-08-15,18,0,0,0,0,0,0,0,0,0,0.0,0.18669,0,0.0,0,144,4,6,0.5272,0.0698,GREEN,43,Chennai
CLM0006303,CHE_04779,Anna Nagar,2023-10-23,8,0,1,1,0,0,1,0,0,0,0.0,0.104302,0,0.0,0,48,1,0,0.6252,0.6131,RED,25,Chennai
CLM0006304,CHE_09950,Porur,2025-06-19,8,0,1,1,1,0,1,1,1,1,0.0,0.128378,0,0.0,1,34,0,18,0.8445,0.6244,RED,55,Chennai
CLM0006305,CHE_01781,Adyar,2024-01-31,19,0,1,1,0,0,0,0,0,1,0.0,0.994866,1,1.0,1,5,2,18,0.3815,0.4761,YELLOW,32,Chennai
CLM0006306,CHE_03882,Chromepet,2023-06-02,17,0,1,1,0,0,0,0,0,0,1.0,0.09025,0,0.0,0,115,2,3,0.6994,0.7411,RED,24,Chennai
CLM0006307,CHE_07985,T Nagar,2025-11-08,16,0,1,1,1,1,0,1,0,1,0.0,0.131235,0,0.0,0,20,2,14,0.7004,0.5531,YELLOW,22,Chennai
CLM0006308,CHE_01663,Anna Nagar,2025-03-31,16,0,1,1,0,1,0,1,1,0,1.0,1.0,0,0.0,0,7,1,18,0.3623,0.5484,YELLOW,38,Chennai
CLM0006309,CHE_08002,T Nagar,2025-08-17,19,0,1,1,1,1,0,1,1,1,1.0,1.0,1,1.0,1,15,2,18,0.725,0.8974,RED,18,Chennai
CLM0006310,CHE_02245,T Nagar,2022-11-30,12,0,1,1,0,1,0,1,1,0,0.0,1.0,0,0.0,0,7,0,8,0.2698,0.4033,YELLOW,29,Chennai
CLM0006311,CHE_04150,Guindy,2024-09-10,11,0,1,1,1,0,1,1,0,1,0.0,0.04906,0,0.0,0,5,2,18,0.9169,0.6706,RED,27,Chennai
CLM0006312,CHE_08348,Chromepet,2017-05-17,17,0,0,0,0,0,0,0,0,0,0.0,0.0,0,1.0,0,175,1,2,0.4505,0.021,GREEN,30,Chennai
CLM0006313,CHE_03227,Porur,2022-04-07,19,0,0,0,0,0,0,0,0,0,0.0,0.277666,0,0.0,0,420,3,4,0.1634,0.0228,GREEN,40,Chennai
CLM0006314,CHE_07338,Guindy,2022-08-02,9,0,0,0,0,0,0,0,1,0,1.0,0.00372,0,0.0,0,355,1,1,0.0593,0.2834,GREEN,44,Chennai
CLM0006315,CHE_08217,Porur,2020-12-26,17,0,0,0,0,0,0,0,1,0,0.0,0.332986,0,0.0,0,314,3,3,0.0558,0.1084,GREEN,34,Chennai
CLM0006316,CHE_03297,Chromepet,2020-08-24,18,0,0,0,0,0,0,0,0,0,0.0,0.0,0,0.0,0,33,1,2,0.8993,0.0693,GREEN,49,Chennai
CLM0006317,CHE_01168,Guindy,2025-04-05,20,0,0,0,0,0,1,0,0,0,0.0,0.248779,0,0.0,0,95,1,0,0.7615,0.0799,GREEN,35,Chennai
CLM0006318,CHE_06290,Tambaram,2022-05-08,11,0,0,0,0,0,0,0,0,0,0.0,0.183082,0,0.0,0,420,3,0,0.6292,0.0011,GREEN,38,Chennai
CLM0006319,CHE_04369,Velachery,2022-10-27,10,0,0,0,0,0,0,1,0,0,0.0,0.397774,0,0.0,0,281,1,3,0.5323,0.0673,GREEN,47,Chennai
CLM0006320,CHE_06514,Anna Nagar,2023-02-20,8,0,0,0,0,0,0,0,0,0,1.0,0.31127,0,0.0,0,52,2,4,0.0879,0.1267,GREEN,46,Chennai
CLM0006321,CHE_06825,Porur,2022-10-30,12,0,0,0,0,0,0,0,0,0,0.0,0.322175,0,0.0,0,225,2,0,0.9499,0.0304,GREEN,42,Chennai
CLM0006322,CHE_09363,Velachery,2024-04-22,15,0,0,0,0,0,1,0,0,0,0.0,0.137075,0,0.0,0,88,2,0,0.5529,0.2578,GREEN,38,Chennai
CLM0006323,CHE_05855,Perambur,2024-04-11,14,0,0,0,0,0,0,0,0,0,0.0,0.270659,0,0.0,0,415,0,3,0.8109,0.0,GREEN,46,Chennai
CLM0006324,CHE_04804,T Nagar,2023-06-19,21,0,0,0,0,0,0,1,0,0,0.0,0.236896,0,0.0,0,109,4,4,0.9017,0.071,GREEN,23,Chennai
CLM0006325,CHE_00238,Perambur,2022-04-03,20,0,0,0,0,0,0,0,0,0,0.0,0.270587,0,0.0,0,420,0,5,0.8572,0.0,GREEN,43,Chennai
CLM0006326,CHE_01407,Guindy,2024-09-17,9,0,0,0,0,0,0,0,0,0,0.0,0.370009,0,0.0,0,206,4,4,0.05,0.0,GREEN,39,Chennai
CLM0006327,CHE_02869,Tambaram,2022-06-20,21,0,0,0,0,0,0,0,0,0,0.0,0.0,0,0.0,0,353,0,5,0.8565,0.055,GREEN,40,Chennai
CLM0006328,CHE_06921,Chromepet,2025-08-05,7,0,1,1,0,0,0,0,0,0,0.0,0.066523,0,0.0,0,65,2,3,0.836,0.0477,GREEN,18,Chennai
CLM0006329,CHE_00689,Perambur,2024-09-15,7,0,0,0,0,0,0,0,0,0,0.0,0.326899,0,0.0,0,316,0,1,0.4619,0.0383,GREEN,35,Chennai
CLM0006330,CHE_08279,Anna Nagar,2025-04-03,15,0,0,0,1,0,0,1,0,0,0.0,0.158779,1,0.0,0,130,0,4,0.2617,0.3079,GREEN,43,Chennai
CLM0006331,CHE_04306,T Nagar,2025-01-10,20,0,0,0,0,0,0,0,0,0,0.0,0.307539,0,0.0,0,86,0,2,0.9631,0.0,GREEN,32,Chennai
CLM0006332,CHE_05675,Perambur,2025-02-12,20,0,0,0,1,0,0,0,0,0,0.0,0.239424,0,0.0,0,401,0,4,0.5749,0.1092,GREEN,18,Chennai
CLM0006333,CHE_02999,Perambur,2024-12-08,21,0,0,0,0,0,0,0,0,0,0.0,0.380532,0,0.0,0,394,4,4,0.9263,0.0,GREEN,44,Chennai
CLM0006334,CHE_09087,Sholinganallur,2021-01-01,20,0,0,0,0,0,1,1,1,1,0.0,0.270651,0,1.0,0,40,4,18,0.3654,0.0696,GREEN,36,Chennai
CLM0006335,CHE_04477,Velachery,2023-12-08,19,0,0,0,0,0,0,0,0,0,1.0,0.148024,0,0.0,0,5,2,3,0.9387,0.1707,GREEN,37,Chennai
CLM0006336,CHE_03069,Anna Nagar,2022-02-11,16,0,0,0,0,0,0,0,0,0,0.0,1.0,0,0.0,0,239,1,2,0.5644,0.0,GREEN,27,Chennai
CLM0006337,CHE_04702,Adyar,2024-08-31,17,0,0,0,0,0,0,0,0,0,0.0,0.237072,0,0.0,0,277,1,4,0.627,0.0,GREEN,48,Chennai
CLM0006338,CHE_00535,Porur,2025-01-23,13,0,0,0,0,0,0,0,0,0,0.0,0.28076,0,0.0,0,161,0,0,0.62,0.0336,GREEN,25,Chennai
CLM0006339,CHE_04028,Perambur,2021-05-13,16,0,0,0,0,0,0,0,0,0,0.0,0.114747,0,0.0,0,18,0,1,0.734,0.0,GREEN,50,Chennai
CLM0006340,CHE_03972,Velachery,2024-09-03,7,0,0,0,0,0,1,0,0,0,0.0,1.0,0,1.0,0,118,3,5,0.1679,0.0434,GREEN,35,Chennai
CLM0006341,CHE_08796,T Nagar,2023-11-25,16,0,0,0,0,0,0,0,0,0,0.0,0.461395,0,0.0,0,146,3,0,0.7635,0.0145,GREEN,39,Chennai
CLM0006342,CHE_08686,Porur,2025-08-24,16,0,0,0,1,1,1,0,1,0,0.0,0.126164,1,0.0,0,5,2,18,0.98,0.0,GREEN,44,Chennai
CLM0006343,CHE_02657,Adyar,2025-10-24,21,0,0,0,0,0,0,0,0,0,0.0,0.383871,0,1.0,0,119,2,2,0.9647,0.0146,GREEN,26,Chennai
CLM0006344,CHE_03048,T Nagar,2025-05-27,13,0,0,0,0,0,0,0,0,0,0.0,1.0,0,0.0,0,332,1,4,0.4962,0.0,GREEN,23,Chennai
CLM0006345,CHE_06385,Chromepet,2023-12-30,12,0,0,0,0,0,0,0,0,0,0.0,0.226283,0,0.0,0,139,0,2,0.2088,0.0,GREEN,37,Chennai
CLM0006346,CHE_07539,Chromepet,2024-11-08,17,0,0,0,0,0,0,0,0,0,0.0,0.988205,0,0.0,0,22,4,4,0.7601,0.0681,GREEN,45,Chennai
CLM0006347,CHE_08775,Porur,2019-12-04,8,0,0,0,0,0,1,1,1,1,1.0,0.320399,0,0.0,0,5,3,18,0.98,0.0037,GREEN,40,Chennai
CLM0006348,CHE_04088,Velachery,2020-10-20,20,0,0,0,0,0,0,0,0,0,0.0,0.351963,0,0.0,0,309,1,4,0.772,0.0,GREEN,26,Chennai
CLM0006349,CHE_09464,Velachery,2022-03-19,16,0,0,0,0,0,0,0,0,0,0.0,0.202891,0,0.0,0,270,0,3,0.9561,0.1892,GREEN,34,Chennai
CLM0006350,CHE_09679,Tambaram,2023-01-31,20,0,0,0,0,0,0,0,0,0,1.0,0.049115,1,0.0,1,346,1,0,0.1573,0.2368,GREEN,45,Chennai
CLM0006351,CHE_06282,Guindy,2024-12-01,18,0,0,0,0,0,0,0,0,0,0.0,0.35396,0,0.0,0,229,2,4,0.98,0.0373,GREEN,31,Chennai
CLM0006352,CHE_01739,Adyar,2022-01-23,12,0,0,0,0,0,0,0,0,0,1.0,0.121857,0,0.0,0,420,1,3,0.98,0.0291,GREEN,44,Chennai
CLM0006353,CHE_09451,T Nagar,2023-12-10,7,0,0,0,0,0,0,1,0,0,0.0,1.0,0,0.0,0,111,4,6,0.7148,0.0327,GREEN,46,Chennai
CLM0006354,CHE_02740,Guindy,2022-04-23,15,0,0,0,0,0,0,0,0,1,0.0,0.163635,0,0.0,0,200,4,0,0.8855,0.2446,GREEN,28,Chennai
CLM0006355,CHE_09358,Adyar,2023-11-03,18,0,0,0,0,0,0,0,0,0,0.0,0.301389,0,0.0,0,420,2,0,0.5244,0.0,GREEN,20,Chennai
CLM0006356,CHE_04638,Perambur,2019-07-30,14,0,0,0,0,0,1,0,0,0,0.0,0.29484,0,0.0,0,143,2,0,0.8796,0.0,GREEN,29,Chennai
CLM0006357,CHE_06740,Perambur,2022-04-10,8,0,0,0,0,0,0,0,0,0,0.0,0.279037,0,0.0,0,227,3,3,0.8523,0.0185,GREEN,43,Chennai
CLM0006358,CHE_06921,Chromepet,2022-07-26,13,0,0,0,0,0,0,0,0,0,1.0,0.01743,0,0.0,0,420,3,4,0.098,0.0614,GREEN,18,Chennai
CLM0006359,CHE_00916,Perambur,2025-04-21,10,0,0,0,1,0,0,0,1,0,1.0,0.953407,0,1.0,0,32,1,6,0.2259,0.2777,GREEN,32,Chennai
CLM0006360,CHE_00017,Porur,2022-09-25,15,0,0,0,1,1,1,1,1,0,0.0,0.21604,0,1.0,0,5,3,18,0.1087,0.0902,GREEN,43,Chennai
CLM0006361,CHE_00656,Porur,2022-11-11,18,0,0,0,0,0,0,0,0,0,0.0,0.334435,0,0.0,0,79,1,2,0.625,0.0,GREEN,20,Chennai
CLM0006362,CHE_08563,Velachery,2025-05-16,8,0,0,0,0,0,0,0,0,0,0.0,0.962584,0,0.0,0,122,2,0,0.98,0.0,GREEN,54,Chennai
CLM0006363,CHE_00960,Perambur,2025-04-19,13,0,0,0,0,0,0,0,0,0,0.0,0.134639,0,0.0,0,420,2,4,0.8864,0.1265,GREEN,46,Chennai
CLM0006364,CHE_06514,Anna Nagar,2023-02-13,15,0,0,0,0,0,0,0,0,0,0.0,0.172297,0,0.0,1,336,0,2,0.772,0.0318,GREEN,46,Chennai
CLM0006365,CHE_06506,Chromepet,2019-01-25,13,0,0,0,0,0,1,0,1,0,0.0,0.0,0,0.0,0,49,0,2,0.736,0.1308,GREEN,20,Chennai
CLM0006366,CHE_05364,Tambaram,2024-05-16,21,0,0,0,0,0,0,0,0,0,0.0,0.067207,0,0.0,0,351,4,0,0.05,0.051,GREEN,35,Chennai
CLM0006367,CHE_04838,Adyar,2019-10-09,17,0,0,0,0,0,0,0,0,0,1.0,0.093547,0,0.0,0,288,3,5,0.9678,0.141,GREEN,30,Chennai
CLM0006368,CHE_05367,Adyar,2019-11-28,12,0,0,0,0,0,0,0,0,0,1.0,0.181926,0,0.0,0,247,3,4,0.6064,0.0805,GREEN,49,Chennai
CLM0006369,CHE_09077,T Nagar,2023-09-30,8,0,0,0,0,0,0,0,0,0,1.0,0.109987,0,0.0,0,264,4,5,0.6954,0.0117,GREEN,53,Chennai
CLM0006370,CHE_08166,T Nagar,2025-04-09,11,0,0,0,0,0,0,0,0,0,0.0,0.279912,0,0.0,0,79,0,0,0.98,0.0133,GREEN,42,Chennai
CLM0006371,CHE_00277,Perambur,2020-02-20,15,0,0,0,0,0,1,0,0,0,1.0,0.359301,0,1.0,0,166,4,0,0.5118,0.1025,GREEN,41,Chennai
CLM0006372,CHE_08984,Tambaram,2022-06-02,16,0,0,0,0,0,1,0,0,0,0.0,0.077138,0,0.0,0,420,2,1,0.4716,0.0,GREEN,47,Chennai
CLM0006373,CHE_05996,Chromepet,2022-02-23,18,0,0,0,0,0,0,0,0,1,0.0,0.317768,0,0.0,0,196,1,0,0.789,0.1532,GREEN,32,Chennai
CLM0006374,CHE_02561,Porur,2017-04-17,12,0,0,0,0,0,0,0,0,0,1.0,0.068103,0,0.0,0,145,3,2,0.7747,0.0153,GREEN,29,Chennai
CLM0006375,CHE_08716,Guindy,2023-07-14,16,0,0,0,1,1,0,1,1,0,1.0,0.826066,0,1.0,1,5,4,11,0.98,0.0705,GREEN,55,Chennai
CLM0006376,CHE_02555,Velachery,2024-08-02,19,0,0,0,0,1,0,0,0,0,0.0,0.387676,0,0.0,0,78,3,4,0.98,0.0806,GREEN,42,Chennai
CLM0006377,CHE_03666,Perambur,2024-08-10,13,0,0,0,0,0,0,0,0,0,0.0,0.094103,0,0.0,0,157,3,5,0.6334,0.0,GREEN,39,Chennai
CLM0006378,CHE_07909,Anna Nagar,2025-06-02,8,0,0,0,0,0,0,0,0,0,1.0,1.0,0,0.0,0,79,3,3,0.6656,0.0824,GREEN,40,Chennai
CLM0006379,CHE_05331,Porur,2024-04-08,11,0,0,0,0,0,0,0,0,1,1.0,0.185387,0,0.0,0,420,0,2,0.577,0.2343,GREEN,29,Chennai
CLM0006380,CHE_00230,Anna Nagar,2020-12-22,8,0,0,0,0,0,0,0,0,0,0.0,0.122639,0,0.0,0,259,0,0,0.7564,0.0,GREEN,44,Chennai
CLM0006381,CHE_08580,Sholinganallur,2023-10-04,17,0,0,0,1,0,0,0,0,0,0.0,0.42263,0,0.0,0,420,4,1,0.9172,0.1153,GREEN,42,Chennai
CLM0006382,CHE_08855,Porur,2021-05-01,10,0,0,0,0,0,0,0,0,1,0.0,0.122743,0,0.0,0,133,4,5,0.6462,0.1848,GREEN,47,Chennai
CLM0006383,CHE_05355,T Nagar,2019-11-20,13,0,0,0,0,0,0,0,0,1,0.0,0.121055,0,0.0,0,77,3,0,0.5883,0.161,GREEN,42,Chennai
CLM0006384,CHE_02816,Adyar,2023-03-23,19,0,0,0,0,0,0,0,0,0,1.0,0.466976,0,0.0,0,17,1,3,0.8171,0.019,GREEN,47,Chennai
CLM0006385,CHE_07841,Perambur,2022-05-11,20,0,0,0,0,0,0,1,0,0,1.0,0.012316,0,0.0,0,200,4,4,0.5132,0.0981,GREEN,37,Chennai
CLM0006386,CHE_00178,Anna Nagar,2022-01-03,18,0,0,0,0,0,0,1,0,0,0.0,0.122654,0,0.0,0,349,1,4,0.685,0.0,GREEN,25,Chennai
CLM0006387,CHE_03448,Porur,2018-10-22,19,0,0,0,0,0,0,0,0,1,0.0,1.0,0,0.0,0,416,2,5,0.7349,0.141,GREEN,54,Chennai
CLM0006388,CHE_02654,Guindy,2019-07-09,15,0,0,0,0,0,0,0,0,1,0.0,0.37718,0,0.0,0,73,2,1,0.8547,0.146,GREEN,50,Chennai
CLM0006389,CHE_09904,T Nagar,2020-04-26,14,0,0,0,0,0,0,0,0,0,0.0,0.051336,0,0.0,0,143,4,2,0.05,0.0,GREEN,28,Chennai
CLM0006390,CHE_03995,Porur,2021-05-18,12,0,0,0,0,0,1,0,0,0,0.0,0.038237,0,0.0,0,220,0,3,0.5805,0.0642,GREEN,38,Chennai
CLM0006391,CHE_09413,Tambaram,2021-10-30,11,0,0,0,1,0,0,0,0,0,0.0,0.213015,0,0.0,0,115,1,5,0.6459,0.2922,GREEN,31,Chennai
CLM0006392,CHE_02164,Velachery,2024-05-23,12,0,0,0,0,0,0,0,1,0,0.0,0.35156,0,0.0,0,175,0,1,0.7204,0.0873,GREEN,39,Chennai
CLM0006393,CHE_07280,Porur,2017-09-20,10,0,0,0,0,0,0,0,0,0,0.0,0.093014,0,1.0,0,129,2,3,0.8143,0.0541,GREEN,57,Chennai
CLM0006394,CHE_06943,Porur,2015-10-16,7,0,0,0,0,0,0,0,1,0,0.0,0.371288,0,0.0,0,342,4,1,0.8044,0.0,GREEN,49,Chennai
CLM0006395,CHE_06062,T Nagar,2025-07-29,16,0,0,0,0,0,0,0,0,0,0.0,0.0,0,0.0,0,150,3,1,0.7013,0.0,GREEN,48,Chennai
CLM0006396,CHE_01850,Anna Nagar,2021-05-22,21,0,0,0,0,0,0,0,0,0,0.0,0.252072,0,0.0,0,286,3,4,0.9686,0.0259,GREEN,25,Chennai
CLM0006397,CHE_00904,Tambaram,2023-02-11,7,0,0,0,0,0,0,0,0,0,0.0,0.342652,1,0.0,0,11,0,1,0.5663,0.0329,GREEN,48,Chennai
CLM0006398,CHE_09646,Sholinganallur,2019-01-17,11,0,0,0,0,0,0,0,0,0,0.0,0.10946,0,0.0,0,14,4,0,0.2942,0.0019,GREEN,24,Chennai
CLM0006399,CHE_07192,Velachery,2023-12-20,17,0,0,0,0,1,1,1,1,0,0.0,0.102901,1,0.0,0,5,1,18,0.9589,0.0,GREEN,49,Chennai
CLM0006400,CHE_03311,Porur,2025-12-20,9,0,0,0,0,0,0,0,0,0,0.0,0.27846,0,0.0,0,420,0,2,0.2566,0.0529,GREEN,34,Chennai
CLM0006401,CHE_01084,Porur,2025-04-09,14,0,0,0,0,0,0,0,0,0,0.0,1.0,0,0.0,0,263,0,0,0.5424,0.0561,GREEN,54,Chennai
CLM0006402,CHE_08983,Tambaram,2019-04-11,17,0,0,0,0,0,0,0,0,0,0.0,1.0,0,0.0,0,121,4,0,0.548,0.0563,GREEN,49,Chennai
CLM0006403,CHE_02055,T Nagar,2022-12-28,16,0,0,0,0,0,0,0,0,1,0.0,0.061992,0,0.0,1,420,1,3,0.2588,0.205,GREEN,47,Chennai
CLM0006404,CHE_04797,Porur,2020-11-21,19,0,0,0,1,0,0,0,0,0,0.0,0.372449,0,0.0,0,95,2,4,0.4581,0.1622,GREEN,21,Chennai
CLM0006405,CHE_02005,T Nagar,2022-08-02,21,0,0,0,0,0,0,0,0,1,0.0,0.179346,0,0.0,0,20,2,1,0.1025,0.2253,GREEN,44,Chennai
CLM0006406,CHE_02470,Chromepet,2016-06-08,14,0,0,0,0,0,0,1,0,0,0.0,0.329822,0,0.0,0,348,1,1,0.8861,0.0932,GREEN,43,Chennai
CLM0006407,CHE_00525,Guindy,2022-10-17,13,0,0,0,0,0,0,0,0,0,0.0,0.059024,0,0.0,0,411,4,1,0.8761,0.0,GREEN,34,Chennai
CLM0006408,CHE_08568,Anna Nagar,2015-07-25,14,0,0,0,0,0,0,0,0,0,0.0,0.419894,0,0.0,0,52,0,0,0.9659,0.0102,GREEN,32,Chennai
CLM0006409,CHE_03691,Perambur,2024-01-17,13,0,0,0,0,0,0,0,0,0,0.0,0.364304,0,0.0,0,160,4,4,0.7156,0.0592,GREEN,49,Chennai
CLM0006410,CHE_08564,Guindy,2017-06-04,12,0,0,0,0,0,0,1,0,0,0.0,0.00381,0,0.0,0,115,3,1,0.9539,0.1284,GREEN,41,Chennai
CLM0006411,CHE_02180,Perambur,2023-07-24,13,0,0,0,0,0,0,1,0,0,0.0,0.014028,0,0.0,0,195,0,1,0.9142,0.0899,GREEN,37,Chennai
CLM0006412,CHE_02038,Adyar,2020-02-25,19,0,0,0,0,0,1,0,0,0,0.0,0.358005,0,0.0,0,420,3,2,0.7298,0.1143,GREEN,23,Chennai
CLM0006413,CHE_01205,Sholinganallur,2024-07-10,20,0,0,0,0,0,0,0,0,0,0.0,0.021627,0,0.0,0,373,4,1,0.7335,0.0019,GREEN,29,Chennai
CLM0006414,CHE_09306,Anna Nagar,2015-11-10,19,0,0,0,0,0,0,0,0,0,0.0,0.091517,0,0.0,0,290,3,0,0.7466,0.0,GREEN,38,Chennai
CLM0006415,CHE_00263,Chromepet,2018-06-05,15,0,0,0,0,0,0,0,0,1,0.0,0.317922,1,0.0,0,166,4,5,0.679,0.2924,GREEN,48,Chennai
CLM0006416,CHE_09205,Sholinganallur,2021-05-22,9,0,1,1,0,0,0,0,0,0,0.0,0.308984,0,0.0,1,321,0,2,0.8485,0.0393,GREEN,34,Chennai
CLM0006417,CHE_07136,Perambur,2021-02-28,21,0,1,1,0,0,0,0,0,0,0.0,0.278211,0,0.0,0,420,0,2,0.7012,0.1407,GREEN,55,Chennai
CLM0006418,CHE_09026,Tambaram,2021-05-21,16,0,0,0,0,0,0,0,0,0,0.0,0.386749,0,0.0,0,420,1,1,0.9657,0.0,GREEN,38,Chennai
CLM0006419,CHE_03905,Tambaram,2022-08-31,8,0,0,0,0,0,1,0,0,0,0.0,0.221486,0,1.0,0,72,3,0,0.9783,0.0884,GREEN,45,Chennai
CLM0006420,CHE_02506,Anna Nagar,2022-09-27,9,0,0,0,0,0,0,0,0,0,0.0,0.368515,0,1.0,0,116,4,5,0.9256,0.0206,GREEN,43,Chennai
CLM0006421,CHE_06270,T Nagar,2021-07-19,14,0,0,0,0,0,0,0,0,1,0.0,0.242204,0,0.0,0,349,2,3,0.0949,0.1274,GREEN,28,Chennai
CLM0006422,CHE_00263,Chromepet,2024-05-23,11,0,0,0,0,0,0,0,0,0,0.0,0.343395,0,0.0,0,54,2,0,0.4698,0.0,GREEN,48,Chennai
CLM0006423,CHE_01897,Porur,2023-11-14,19,0,0,0,0,0,0,0,0,0,0.0,0.221439,0,0.0,0,385,1,2,0.8411,0.0,GREEN,50,Chennai
CLM0006424,CHE_09266,Guindy,2024-02-08,12,0,0,0,0,0,0,0,0,0,0.0,1.0,0,0.0,0,175,1,1,0.4633,0.0008,GREEN,57,Chennai
CLM0006425,CHE_04745,Sholinganallur,2025-09-03,10,0,0,0,0,0,1,0,0,0,0.0,0.395671,0,0.0,0,282,4,5,0.4066,0.0971,GREEN,42,Chennai
CLM0006426,CHE_09029,Porur,2023-08-05,11,0,0,0,0,0,0,0,0,0,0.0,0.234677,0,0.0,0,195,3,2,0.695,0.1154,GREEN,22,Chennai
CLM0006427,CHE_00586,Velachery,2024-05-15,21,0,0,0,0,0,0,0,0,0,0.0,0.263084,0,0.0,0,373,3,1,0.4739,0.0,GREEN,22,Chennai
CLM0006428,CHE_00710,Perambur,2022-05-28,17,0,1,1,0,0,1,0,0,0,0.0,0.148821,0,0.0,0,200,1,5,0.2776,0.0844,GREEN,38,Chennai
CLM0006429,CHE_01990,Velachery,2023-09-19,20,0,0,0,0,0,0,0,1,0,0.0,0.114084,0,0.0,0,411,4,2,0.98,0.0898,GREEN,61,Chennai
CLM0006430,CHE_03034,Anna Nagar,2025-07-13,15,0,0,0,0,0,0,0,0,0,0.0,0.133351,0,0.0,0,410,3,1,0.5567,0.0496,GREEN,35,Chennai
CLM0006431,CHE_02378,Anna Nagar,2021-12-02,8,0,0,0,1,0,0,0,0,0,0.0,0.967164,0,0.0,1,220,2,0,0.6353,0.2294,GREEN,46,Chennai
CLM0006432,CHE_05606,Adyar,2021-06-30,20,0,1,1,0,0,1,0,0,0,1.0,0.146626,0,0.0,0,320,1,4,0.8562,0.2026,GREEN,21,Chennai
CLM0006433,CHE_00627,Guindy,2021-07-20,12,0,0,0,0,0,0,0,0,0,0.0,0.421592,0,0.0,0,98,4,3,0.4766,0.0091,GREEN,34,Chennai
CLM0006434,CHE_03244,Porur,2025-03-29,11,0,0,0,0,0,0,0,0,0,0.0,0.205713,0,0.0,0,185,3,5,0.98,0.0,GREEN,37,Chennai
CLM0006435,CHE_03332,Tambaram,2024-03-23,9,0,0,0,0,0,0,0,0,0,0.0,0.380839,0,0.0,0,229,2,4,0.6147,0.0,GREEN,35,Chennai
CLM0006436,CHE_08855,Porur,2021-06-30,7,0,0,0,0,0,0,0,0,0,0.0,0.30881,0,0.0,0,125,1,3,0.05,0.0694,GREEN,47,Chennai
CLM0006437,CHE_01282,T Nagar,2025-02-07,10,0,0,0,0,0,0,0,0,0,0.0,0.045522,0,0.0,0,346,0,2,0.499,0.1483,GREEN,46,Chennai
CLM0006438,CHE_05822,T Nagar,2024-09-24,19,0,0,0,0,0,0,0,0,0,0.0,0.253825,0,0.0,1,35,3,4,0.7473,0.1419,GREEN,32,Chennai
CLM0006439,CHE_02097,Velachery,2022-09-27,15,0,0,0,0,0,0,0,0,0,0.0,0.267642,0,0.0,0,349,3,0,0.8945,0.0129,GREEN,56,Chennai
CLM0006440,CHE_03500,Perambur,2024-10-04,16,0,0,0,0,0,0,0,1,1,0.0,0.082055,0,1.0,0,290,1,4,0.7568,0.2154,GREEN,37,Chennai
CLM0006441,CHE_06061,Perambur,2021-10-12,10,0,0,0,0,0,0,0,0,1,0.0,0.192638,0,0.0,1,420,2,0,0.9497,0.2744,GREEN,30,Chennai
CLM0006442,CHE_06178,Porur,2024-04-15,12,0,0,0,0,0,1,0,0,0,0.0,0.183139,0,0.0,0,420,2,3,0.771,0.0895,GREEN,36,Chennai
CLM0006443,CHE_08470,Adyar,2024-03-16,12,0,0,0,0,0,0,0,0,0,0.0,0.0,0,0.0,0,302,4,0,0.9616,0.0,GREEN,42,Chennai
CLM0006444,CHE_08049,T Nagar,2024-03-05,16,0,1,1,0,0,0,0,0,0,0.0,0.446615,0,0.0,0,312,1,3,0.05,0.0,GREEN,41,Chennai
CLM0006445,CHE_05989,Tambaram,2015-10-27,9,0,0,0,0,0,0,0,0,0,0.0,0.283842,0,0.0,0,123,0,0,0.05,0.0598,GREEN,57,Chennai
CLM0006446,CHE_02163,Perambur,2018-10-13,21,0,0,0,0,0,0,0,0,0,0.0,0.899787,0,0.0,0,245,3,0,0.9152,0.0033,GREEN,22,Chennai
CLM0006447,CHE_00921,Tambaram,2017-02-28,17,0,0,0,0,0,0,0,0,0,0.0,0.17803,0,0.0,0,315,2,3,0.98,0.0,GREEN,35,Chennai
CLM0006448,CHE_03890,Tambaram,2018-05-14,15,0,0,0,0,0,1,0,0,0,0.0,0.376349,0,0.0,0,239,0,0,0.1801,0.1,GREEN,44,Chennai
CLM0006449,CHE_02325,T Nagar,2019-01-10,9,0,0,0,0,0,1,0,0,1,0.0,0.275433,0,0.0,0,420,3,1,0.1999,0.1389,GREEN,40,Chennai
CLM0006450,CHE_04890,Perambur,2023-10-19,8,0,0,0,0,0,0,0,0,0,0.0,0.370462,1,0.0,1,139,1,3,0.2768,0.1499,GREEN,49,Chennai
CLM0006451,CHE_01705,Velachery,2020-03-29,12,0,0,0,0,0,0,0,0,0,0.0,0.0,0,0.0,0,420,2,0,0.2891,0.0,GREEN,42,Chennai
CLM0006452,CHE_04914,Sholinganallur,2023-09-04,15,0,0,0,0,0,0,0,0,0,0.0,0.06683,1,0.0,0,420,2,0,0.8126,0.1035,GREEN,51,Chennai
CLM0006453,CHE_08251,Sholinganallur,2024-07-17,11,0,0,0,0,0,0,0,0,0,0.0,0.252205,0,0.0,0,393,3,4,0.98,0.0,GREEN,47,Chennai
CLM0006454,CHE_03055,T Nagar,2022-04-08,20,0,0,0,0,0,1,0,0,0,0.0,0.386195,0,0.0,1,404,2,2,0.623,0.1827,GREEN,52,Chennai
CLM0006455,CHE_09097,Anna Nagar,2022-11-24,15,0,0,0,0,0,1,0,0,0,0.0,0.149799,0,1.0,0,45,2,1,0.8813,0.114,GREEN,45,Chennai
CLM0006456,CHE_09817,Chromepet,2023-05-16,12,0,0,0,0,0,0,0,0,0,0.0,0.050135,1,0.0,0,227,4,0,0.6863,0.0,GREEN,31,Chennai
CLM0006457,CHE_08072,Guindy,2024-12-13,18,0,0,0,0,0,1,0,0,1,0.0,0.899139,0,0.0,0,318,3,8,0.9112,0.2834,GREEN,43,Chennai
CLM0006458,CHE_02532,Tambaram,2022-07-11,12,0,0,0,0,0,1,0,0,0,0.0,0.398297,0,0.0,1,29,4,2,0.7327,0.1468,GREEN,26,Chennai
CLM0006459,CHE_08228,Porur,2024-07-20,18,0,0,0,0,0,1,0,0,0,0.0,0.343247,0,0.0,0,420,1,4,0.6444,0.0802,GREEN,41,Chennai
CLM0006460,CHE_07314,Anna Nagar,2023-03-19,11,0,0,0,0,0,0,1,0,0,0.0,0.309155,0,0.0,0,232,4,0,0.8013,0.0464,GREEN,48,Chennai
CLM0006461,CHE_08035,Tambaram,2025-03-24,10,0,0,0,0,0,0,0,0,0,0.0,0.242195,0,0.0,0,135,0,0,0.7316,0.0601,GREEN,42,Chennai
CLM0006462,CHE_02066,Porur,2024-12-16,20,0,0,0,0,0,0,0,0,0,0.0,0.328002,0,0.0,0,119,4,1,0.6421,0.0802,GREEN,35,Chennai
CLM0006463,CHE_08564,Guindy,2024-09-03,8,0,0,0,0,1,0,0,0,0,0.0,0.173689,0,1.0,0,150,0,1,0.5063,0.0839,GREEN,41,Chennai
CLM0006464,CHE_05213,Perambur,2025-06-15,7,0,0,0,0,0,0,0,0,0,0.0,1.0,0,0.0,0,235,0,0,0.672,0.0087,GREEN,41,Chennai
CLM0006465,CHE_06068,Chromepet,2025-04-13,20,0,0,0,0,0,0,0,0,0,0.0,0.313659,0,0.0,0,330,3,3,0.8805,0.1048,GREEN,39,Chennai
CLM0006466,CHE_01408,Tambaram,2025-06-10,9,0,0,0,0,0,0,0,0,0,0.0,0.242065,0,0.0,0,410,4,3,0.7421,0.1255,GREEN,29,Chennai
CLM0006467,CHE_04126,Porur,2024-03-15,13,0,0,0,0,0,0,0,0,0,0.0,0.193234,0,0.0,0,80,4,4,0.5538,0.0,GREEN,47,Chennai
CLM0006468,CHE_07626,Porur,2025-03-12,8,0,0,0,0,0,0,0,0,0,1.0,0.248098,0,0.0,0,257,4,2,0.7752,0.0817,GREEN,36,Chennai
CLM0006469,CHE_07368,Perambur,2024-06-19,19,0,0,0,0,0,0,1,0,0,0.0,0.92413,0,0.0,1,253,1,1,0.8243,0.1354,GREEN,50,Chennai
CLM0006470,CHE_05787,Sholinganallur,2025-12-04,9,0,0,0,0,0,0,0,1,0,0.0,0.330231,1,0.0,0,389,4,5,0.6709,0.2168,GREEN,36,Chennai
CLM0006471,CHE_09803,Sholinganallur,2024-08-06,19,0,0,0,0,0,0,0,0,0,1.0,0.991284,0,1.0,0,264,1,2,0.4872,0.0326,GREEN,18,Chennai
CLM0006472,CHE_01982,Sholinganallur,2025-11-01,12,0,0,0,0,0,0,0,0,0,0.0,0.88275,0,0.0,0,223,1,0,0.5441,0.0243,GREEN,57,Chennai
CLM0006473,CHE_09157,Tambaram,2025-11-23,15,0,0,0,0,0,0,0,0,0,0.0,0.209413,0,0.0,0,420,0,2,0.7232,0.0,GREEN,42,Chennai
CLM0006474,CHE_07591,Anna Nagar,2015-11-25,19,0,1,1,0,0,0,0,0,0,0.0,0.0,0,0.0,0,66,0,2,0.2587,0.0,GREEN,44,Chennai
CLM0006475,CHE_04920,Porur,2020-02-22,18,0,0,0,0,0,0,0,0,1,0.0,0.025741,0,0.0,0,39,4,6,0.5146,0.118,GREEN,38,Chennai
CLM0006476,CHE_04412,Porur,2022-05-02,9,0,0,0,0,0,1,0,0,0,0.0,0.213867,0,0.0,0,155,1,7,0.618,0.105,GREEN,26,Chennai
CLM0006477,CHE_08917,Guindy,2016-02-17,18,0,0,0,0,0,1,0,1,0,0.0,0.095152,0,0.0,0,420,3,1,0.98,0.2333,GREEN,40,Chennai
CLM0006478,CHE_08010,Porur,2023-04-22,12,0,0,0,0,0,0,0,0,0,0.0,0.244512,0,0.0,0,259,3,0,0.8254,0.0,GREEN,33,Chennai
CLM0006479,CHE_02010,Sholinganallur,2024-12-17,21,0,0,0,0,0,0,0,0,0,0.0,0.290015,0,0.0,0,26,1,1,0.9449,0.1095,GREEN,48,Chennai
CLM0006480,CHE_03271,Anna Nagar,2020-08-28,15,0,0,0,0,0,1,0,0,0,0.0,0.203042,0,0.0,0,409,2,0,0.6641,0.0621,GREEN,23,Chennai
CLM0006481,CHE_06672,Guindy,2018-09-11,14,0,0,0,0,1,0,0,0,0,0.0,0.379249,0,0.0,0,59,3,2,0.98,0.1416,GREEN,42,Chennai
CLM0006482,CHE_07704,Chromepet,2021-03-10,18,0,0,0,0,0,0,0,0,0,0.0,0.442738,0,0.0,0,147,0,2,0.2746,0.1057,GREEN,60,Chennai
CLM0006483,CHE_00779,Chromepet,2024-01-13,7,0,0,0,0,0,0,0,0,0,0.0,0.162861,1,0.0,0,392,3,2,0.6448,0.1302,GREEN,43,Chennai
CLM0006484,CHE_05943,Anna Nagar,2025-09-24,20,0,0,0,0,0,0,0,0,0,1.0,0.045488,0,1.0,0,296,1,1,0.797,0.0944,GREEN,43,Chennai
CLM0006485,CHE_02918,Velachery,2020-10-02,15,0,0,0,0,0,0,0,0,0,0.0,0.042188,0,0.0,0,293,3,1,0.5669,0.0,GREEN,40,Chennai
CLM0006486,CHE_08592,Perambur,2023-11-22,8,0,0,0,0,0,0,0,0,0,1.0,0.98653,0,0.0,0,64,1,5,0.98,0.0,GREEN,51,Chennai
CLM0006487,CHE_02375,Sholinganallur,2020-06-16,16,0,0,0,0,0,0,0,0,0,0.0,0.213833,0,0.0,0,132,0,5,0.7678,0.0,GREEN,41,Chennai
CLM0006488,CHE_08716,Guindy,2021-01-31,18,0,0,0,0,0,0,0,0,0,0.0,0.263938,0,0.0,0,181,3,3,0.9265,0.0,GREEN,55,Chennai
CLM0006489,CHE_03223,T Nagar,2020-12-31,16,0,0,0,0,0,0,0,0,0,0.0,0.122534,0,0.0,0,334,4,2,0.8073,0.0,GREEN,35,Chennai
CLM0006490,CHE_02197,Chromepet,2025-06-14,16,0,0,0,0,0,0,0,1,0,0.0,0.246522,0,0.0,0,117,2,3,0.5148,0.109,GREEN,40,Chennai
CLM0006491,CHE_01209,Chromepet,2025-01-12,15,0,0,0,1,0,0,1,0,0,0.0,0.024512,0,0.0,0,373,2,4,0.98,0.2524,GREEN,25,Chennai
CLM0006492,CHE_06265,Porur,2024-08-16,7,0,0,0,0,0,1,0,0,0,0.0,0.200042,0,0.0,0,383,4,2,0.6912,0.1886,GREEN,51,Chennai
CLM0006493,CHE_04011,Guindy,2021-12-03,17,0,0,0,0,0,0,0,0,0,0.0,0.979691,0,0.0,0,341,0,1,0.9467,0.022,GREEN,39,Chennai
CLM0006494,CHE_06402,T Nagar,2024-09-01,16,0,0,0,0,0,0,1,0,0,0.0,0.307777,0,0.0,0,77,3,2,0.6527,0.0663,GREEN,43,Chennai
CLM0006495,CHE_03824,Anna Nagar,2020-11-30,10,0,0,0,0,0,0,0,0,0,0.0,0.261992,0,0.0,0,275,4,4,0.0799,0.0242,GREEN,56,Chennai
CLM0006496,CHE_03039,Chromepet,2024-11-29,12,0,0,0,0,0,0,0,0,0,0.0,0.209176,0,0.0,0,316,0,3,0.9016,0.0,GREEN,52,Chennai
CLM0006497,CHE_07776,Tambaram,2025-04-09,19,0,0,0,0,0,1,1,0,0,0.0,0.106718,1,0.0,1,29,3,18,0.8479,0.0068,GREEN,34,Chennai
CLM0006498,CHE_00603,T Nagar,2020-08-07,11,0,1,1,0,0,0,0,0,0,0.0,0.257213,0,0.0,0,174,3,1,0.98,0.0669,GREEN,47,Chennai
CLM0006499,CHE_04299,Adyar,2023-04-28,13,0,1,1,0,0,0,0,0,0,0.0,0.0,0,0.0,0,311,3,1,0.8052,0.0,GREEN,53,Chennai
CLM0006500,CHE_02207,Anna Nagar,2024-06-19,15,0,0,0,0,0,0,0,0,0,0.0,0.924811,0,0.0,0,5,4,3,0.5556,0.0237,GREEN,29,Chennai
CLM0006501,CHE_08685,Sholinganallur,2023-09-04,18,0,0,0,0,0,0,0,0,0,0.0,0.070197,0,0.0,0,382,0,0,0.8878,0.1708,GREEN,44,Chennai
CLM0006502,CHE_01867,Anna Nagar,2023-10-18,10,0,0,0,0,0,0,0,0,0,0.0,0.0,0,0.0,0,393,1,0,0.0867,0.0,GREEN,24,Chennai
CLM0006503,CHE_03433,Chromepet,2025-07-11,10,0,0,0,0,0,0,0,0,0,1.0,0.156433,1,0.0,0,289,3,4,0.6211,0.1603,GREEN,49,Chennai
CLM0006504,CHE_07804,Tambaram,2023-10-17,14,0,0,0,0,0,0,0,1,0,0.0,0.287988,0,0.0,0,415,2,2,0.7094,0.1203,GREEN,18,Chennai
CLM0006505,CHE_07362,T Nagar,2025-01-08,12,0,0,0,0,0,0,0,0,0,0.0,0.024082,0,0.0,0,289,4,0,0.8564,0.1805,GREEN,33,Chennai
CLM0006506,CHE_01566,Perambur,2024-02-17,10,0,0,0,0,0,0,0,0,0,0.0,0.192732,0,1.0,0,420,1,0,0.0568,0.0,GREEN,32,Chennai
CLM0006507,CHE_01133,T Nagar,2023-02-11,9,0,0,0,0,0,0,0,0,0,0.0,0.029867,0,0.0,0,113,2,0,0.835,0.0,GREEN,28,Chennai
CLM0006508,CHE_03203,T Nagar,2024-04-21,11,0,0,0,1,0,0,0,1,0,1.0,1.0,0,0.0,1,5,0,18,0.2402,0.1421,GREEN,63,Chennai
CLM0006509,CHE_03436,Sholinganallur,2025-12-22,15,0,0,0,0,0,0,1,0,0,0.0,0.144839,0,0.0,0,23,1,2,0.6225,0.1551,GREEN,23,Chennai
CLM0006510,CHE_01233,Velachery,2024-01-16,14,0,0,0,0,0,0,0,0,0,0.0,0.0,0,0.0,0,277,2,2,0.7108,0.0302,GREEN,39,Chennai
CLM0006511,CHE_02581,Guindy,2023-04-17,13,0,0,0,0,0,0,0,0,0,1.0,0.031752,0,0.0,0,324,2,2,0.6948,0.0824,GREEN,54,Chennai
CLM0006512,CHE_08007,Perambur,2025-12-03,18,0,0,0,0,0,0,0,0,0,0.0,0.353983,0,0.0,0,420,4,0,0.7451,0.1052,GREEN,33,Chennai
CLM0006513,CHE_02611,Velachery,2023-05-22,11,0,0,0,0,0,0,0,0,0,0.0,0.075907,0,0.0,0,393,2,4,0.8196,0.0,GREEN,35,Chennai
CLM0006514,CHE_06291,Perambur,2024-04-13,14,0,0,0,1,1,1,1,1,0,1.0,0.438719,0,1.0,0,5,0,18,0.0647,0.0072,GREEN,42,Chennai
CLM0006515,CHE_05720,Perambur,2025-05-29,20,0,0,0,0,0,0,0,0,0,0.0,0.93679,1,0.0,0,159,3,6,0.2946,0.0016,GREEN,27,Chennai
CLM0006516,CHE_08363,T Nagar,2025-06-30,10,0,0,0,0,0,0,0,0,0,0.0,0.091338,0,0.0,0,138,4,1,0.7328,0.0971,GREEN,28,Chennai
CLM0006517,CHE_01821,Guindy,2025-05-27,16,0,0,0,0,0,0,1,0,0,0.0,1.0,0,0.0,0,175,2,3,0.6637,0.1671,GREEN,50,Chennai
CLM0006518,CHE_07369,Adyar,2022-06-12,21,0,0,0,0,0,0,0,0,0,0.0,0.134829,0,0.0,0,383,2,0,0.7387,0.0056,GREEN,41,Chennai
CLM0006519,CHE_09505,Adyar,2023-01-29,8,0,0,0,0,0,0,0,0,0,0.0,0.33452,0,0.0,0,226,3,0,0.8068,0.0,GREEN,56,Chennai
CLM0006520,CHE_08513,Tambaram,2023-02-03,16,0,0,0,0,0,0,0,0,0,1.0,0.346041,0,1.0,0,206,2,0,0.5633,0.0248,GREEN,38,Chennai
CLM0006521,CHE_04481,Perambur,2023-07-17,21,0,0,0,1,1,0,0,1,1,1.0,0.464268,0,1.0,1,25,3,18,0.05,0.1203,GREEN,32,Chennai
CLM0006522,CHE_05992,Perambur,2023-12-31,9,0,0,0,0,1,0,0,0,0,0.0,0.046851,0,0.0,0,245,3,4,0.8804,0.1118,GREEN,43,Chennai
CLM0006523,CHE_08334,Adyar,2022-02-08,11,0,0,0,0,0,0,1,0,0,0.0,0.298456,0,0.0,0,420,0,3,0.5047,0.0,GREEN,54,Chennai
CLM0006524,CHE_05522,Sholinganallur,2025-09-21,14,0,0,0,0,0,0,1,0,0,0.0,0.154537,0,0.0,0,168,3,0,0.9763,0.0,GREEN,39,Chennai
CLM0006525,CHE_08167,Anna Nagar,2025-06-02,9,0,0,0,0,0,0,0,0,0,1.0,1.0,0,0.0,0,202,1,6,0.6207,0.0657,GREEN,25,Chennai
CLM0006526,CHE_07973,Perambur,2025-04-24,17,0,0,0,0,0,0,0,0,0,1.0,1.0,0,1.0,0,420,4,0,0.9623,0.0096,GREEN,50,Chennai
CLM0006527,CHE_04930,Chromepet,2025-10-22,11,0,0,0,0,1,0,1,0,0,0.0,0.332474,0,0.0,0,197,0,0,0.8415,0.1569,GREEN,21,Chennai
CLM0006528,CHE_05742,Sholinganallur,2024-07-08,17,0,0,0,0,0,1,0,0,0,0.0,0.066535,0,0.0,0,220,1,5,0.2421,0.007,GREEN,18,Chennai
CLM0006529,CHE_06270,T Nagar,2024-06-30,15,0,0,0,0,0,0,0,0,0,0.0,0.304422,0,0.0,0,420,4,6,0.5301,0.0228,GREEN,28,Chennai
CLM0006530,CHE_09241,Chromepet,2025-07-19,14,0,0,0,0,0,0,0,0,0,0.0,0.101074,0,0.0,0,94,3,0,0.847,0.0307,GREEN,50,Chennai
CLM0006531,CHE_01792,Tambaram,2025-01-27,18,0,0,0,0,0,1,0,0,0,0.0,0.194291,0,0.0,0,391,2,4,0.8248,0.0,GREEN,42,Chennai
CLM0006532,CHE_01040,Tambaram,2024-05-23,8,0,0,0,0,0,0,0,0,1,0.0,0.27843,0,0.0,0,49,3,6,0.9175,0.1048,GREEN,39,Chennai
CLM0006533,CHE_09975,Porur,2024-04-02,21,0,0,0,0,0,0,0,0,0,0.0,0.219249,0,0.0,0,194,4,2,0.8222,0.0,GREEN,35,Chennai
CLM0006534,CHE_08164,Chromepet,2025-03-28,14,0,0,0,0,0,0,0,0,0,0.0,0.086631,0,0.0,0,420,0,4,0.8672,0.0,GREEN,61,Chennai
CLM0006535,CHE_00722,Velachery,2022-03-24,15,0,0,0,0,0,0,0,1,0,0.0,0.016693,0,0.0,0,346,2,0,0.9381,0.0996,GREEN,40,Chennai
CLM0006536,CHE_06260,Velachery,2023-02-04,18,0,0,0,0,0,0,0,0,0,0.0,0.33959,0,0.0,0,143,0,1,0.8381,0.0021,GREEN,46,Chennai
CLM0006537,CHE_08974,T Nagar,2021-04-26,19,0,0,0,0,0,0,0,0,0,0.0,0.218816,0,0.0,0,309,1,0,0.62,0.2558,GREEN,35,Chennai
CLM0006538,CHE_09550,Adyar,2018-08-03,13,0,0,0,0,0,0,0,0,0,0.0,0.316847,0,0.0,0,320,0,0,0.7241,0.0,GREEN,53,Chennai
CLM0006539,CHE_00972,Perambur,2025-08-17,11,0,0,0,1,0,0,0,0,0,1.0,0.190693,0,0.0,1,236,1,2,0.5111,0.1709,GREEN,36,Chennai
CLM0006540,CHE_05783,Tambaram,2020-03-18,18,0,0,0,0,0,0,0,0,0,0.0,0.195427,0,0.0,0,420,2,2,0.5645,0.0888,GREEN,30,Chennai
CLM0006541,CHE_05482,Adyar,2024-12-20,19,0,0,0,0,0,0,0,0,0,0.0,0.247546,0,0.0,0,244,4,0,0.5896,0.044,GREEN,47,Chennai
CLM0006542,CHE_02348,T Nagar,2025-11-01,16,0,0,0,0,0,0,0,0,0,0.0,0.0,0,0.0,0,306,1,1,0.845,0.0,GREEN,42,Chennai
CLM0006543,CHE_03017,Porur,2023-03-05,15,0,0,0,0,0,0,0,0,0,0.0,0.984707,0,0.0,0,5,0,3,0.473,0.0,GREEN,34,Chennai
CLM0006544,CHE_02716,Perambur,2022-05-08,19,0,0,0,0,0,0,1,0,1,1.0,0.123727,0,0.0,0,59,3,4,0.6097,0.0751,GREEN,40,Chennai
CLM0006545,CHE_06657,Tambaram,2024-04-21,18,0,0,0,0,0,0,0,0,0,1.0,0.0,0,0.0,0,420,3,3,0.4274,0.0,GREEN,40,Chennai
CLM0006546,CHE_00466,Velachery,2023-03-14,9,0,0,0,0,0,0,0,0,0,0.0,0.951778,0,0.0,0,413,2,2,0.7821,0.0862,GREEN,46,Chennai
CLM0006547,CHE_02909,Anna Nagar,2023-12-03,11,0,0,0,0,0,0,0,0,0,0.0,0.000522,0,0.0,0,63,4,4,0.168,0.0,GREEN,20,Chennai
CLM0006548,CHE_06195,Guindy,2025-05-29,17,0,0,0,0,0,0,0,0,0,0.0,0.008598,0,0.0,0,420,0,3,0.7501,0.0,GREEN,18,Chennai
CLM0006549,CHE_07003,Velachery,2020-09-26,20,0,0,0,0,0,0,0,0,0,0.0,0.207921,0,0.0,0,151,1,4,0.7628,0.1065,GREEN,21,Chennai
CLM0006550,CHE_03619,Perambur,2024-04-06,10,0,0,0,0,0,0,0,0,0,0.0,0.357269,0,0.0,0,194,3,4,0.1034,0.0,GREEN,29,Chennai
CLM0006551,CHE_00800,Perambur,2023-08-26,9,0,0,0,0,0,0,0,0,0,0.0,0.107683,0,1.0,0,51,2,2,0.6238,0.0,GREEN,38,Chennai
CLM0006552,CHE_05454,T Nagar,2023-05-15,16,0,0,0,0,0,0,0,0,0,0.0,0.213256,0,0.0,1,418,0,5,0.931,0.2202,GREEN,42,Chennai
CLM0006553,CHE_01708,Velachery,2023-11-19,9,0,0,0,0,0,0,0,0,1,0.0,0.0,0,0.0,0,249,4,4,0.8619,0.1616,GREEN,36,Chennai
CLM0006554,CHE_08689,Porur,2025-02-21,8,0,0,0,1,1,0,1,1,0,1.0,0.949519,0,0.0,0,5,4,18,0.8566,0.0699,GREEN,47,Chennai
CLM0006555,CHE_06299,Chromepet,2025-04-04,12,0,0,0,0,1,0,0,0,0,0.0,0.213827,0,0.0,0,359,1,0,0.7347,0.0998,GREEN,63,Chennai
CLM0006556,CHE_08857,Anna Nagar,2025-02-17,9,0,0,0,0,0,1,0,0,0,0.0,0.263069,0,0.0,0,172,2,2,0.05,0.1348,GREEN,41,Chennai
CLM0006557,CHE_03745,Chromepet,2021-06-28,14,0,0,0,0,0,0,0,0,0,0.0,0.120296,0,0.0,0,358,2,3,0.1651,0.0119,GREEN,36,Chennai
CLM0006558,CHE_05410,T Nagar,2025-02-08,15,0,0,0,0,0,0,0,1,0,0.0,0.106667,0,0.0,0,371,2,0,0.98,0.2,GREEN,39,Chennai
CLM0006559,CHE_04305,Sholinganallur,2021-03-23,19,0,0,0,0,0,0,0,0,1,0.0,0.336891,0,0.0,0,88,4,6,0.6158,0.15,GREEN,53,Chennai
CLM0006560,CHE_01064,T Nagar,2024-01-14,7,0,0,0,0,0,0,0,0,0,0.0,0.094206,0,0.0,0,188,1,2,0.2393,0.0104,GREEN,37,Chennai
CLM0006561,CHE_05915,Porur,2025-08-01,16,0,0,0,0,0,0,0,1,0,0.0,0.151854,0,0.0,0,259,2,2,0.3217,0.1214,GREEN,46,Chennai
CLM0006562,CHE_08508,Porur,2022-08-23,19,0,0,0,0,0,0,0,0,0,1.0,0.254843,0,1.0,0,354,2,4,0.8655,0.1264,GREEN,32,Chennai
CLM0006563,CHE_05301,Adyar,2025-05-25,12,0,0,0,0,0,0,0,0,0,0.0,0.328412,0,0.0,0,398,0,7,0.9245,0.0966,GREEN,37,Chennai
CLM0006564,CHE_04583,Anna Nagar,2023-11-14,9,0,0,0,0,0,0,1,0,0,1.0,0.037947,0,0.0,0,157,0,0,0.5365,0.1,GREEN,46,Chennai
CLM0006565,CHE_08989,Adyar,2025-05-02,13,0,0,0,0,0,0,0,0,0,0.0,0.208537,0,0.0,0,273,4,1,0.6192,0.0152,GREEN,46,Chennai
CLM0006566,CHE_08825,T Nagar,2024-09-22,12,0,0,0,0,0,0,0,0,0,0.0,0.182888,0,0.0,0,420,3,4,0.5429,0.0,GREEN,39,Chennai
CLM0006567,CHE_07165,Sholinganallur,2024-04-15,12,0,0,0,0,0,0,0,0,0,0.0,0.29713,0,0.0,0,420,0,1,0.5919,0.0381,GREEN,44,Chennai
CLM0006568,CHE_05390,Tambaram,2023-04-26,14,0,0,0,0,0,0,0,0,0,1.0,1.0,0,0.0,0,214,0,3,0.6897,0.0681,GREEN,38,Chennai
CLM0006569,CHE_01330,Guindy,2025-07-31,18,0,0,0,0,0,1,0,0,0,0.0,0.206694,0,0.0,0,100,3,0,0.9499,0.0323,GREEN,54,Chennai
CLM0006570,CHE_06430,Anna Nagar,2024-08-18,16,0,0,0,0,0,1,0,0,0,1.0,0.942757,0,0.0,0,130,4,2,0.05,0.1941,GREEN,42,Chennai
CLM0006571,CHE_08995,Adyar,2023-05-10,11,0,0,0,0,1,0,1,0,0,0.0,0.234065,0,0.0,0,61,3,0,0.7856,0.1418,GREEN,56,Chennai
CLM0006572,CHE_00859,Sholinganallur,2022-09-21,12,0,0,0,0,0,0,0,0,0,0.0,0.02453,0,0.0,0,420,0,0,0.684,0.0425,GREEN,49,Chennai
CLM0006573,CHE_04761,Velachery,2022-10-06,15,0,0,0,0,0,0,0,0,1,1.0,0.346828,0,0.0,0,271,2,4,0.8441,0.1381,GREEN,22,Chennai
CLM0006574,CHE_00703,Anna Nagar,2019-02-12,9,0,0,0,0,0,0,0,0,0,1.0,0.309907,0,0.0,0,145,0,5,0.6645,0.0,GREEN,39,Chennai
CLM0006575,CHE_03638,Perambur,2020-06-15,20,0,0,0,1,0,0,0,0,0,0.0,0.387975,0,0.0,0,76,4,8,0.6784,0.1362,GREEN,41,Chennai
CLM0006576,CHE_02796,Velachery,2025-10-25,21,0,0,0,0,0,0,1,0,1,1.0,0.322899,0,1.0,0,327,3,1,0.3384,0.1553,GREEN,39,Chennai
CLM0006577,CHE_06810,Tambaram,2023-03-17,14,0,0,0,0,0,0,0,0,0,0.0,0.2712,0,0.0,0,261,4,4,0.9356,0.0004,GREEN,41,Chennai
CLM0006578,CHE_05455,Guindy,2025-05-09,11,0,1,1,0,0,0,0,0,0,0.0,0.299489,0,0.0,0,28,1,2,0.8714,0.0119,GREEN,40,Chennai
CLM0006579,CHE_05962,Sholinganallur,2021-05-11,15,0,0,0,0,0,0,0,0,0,0.0,0.028987,0,0.0,0,420,0,2,0.7565,0.0,GREEN,37,Chennai
CLM0006580,CHE_00479,Sholinganallur,2021-12-01,17,0,0,0,0,0,0,0,1,0,0.0,0.989035,0,0.0,0,33,2,2,0.549,0.1152,GREEN,25,Chennai
CLM0006581,CHE_00648,Porur,2025-09-03,11,0,0,0,0,0,0,0,1,0,0.0,0.303225,0,0.0,1,160,0,2,0.7207,0.1436,GREEN,44,Chennai
CLM0006582,CHE_03625,Tambaram,2017-11-10,7,0,0,0,0,0,0,0,0,0,0.0,0.063169,0,0.0,0,167,0,2,0.2389,0.0,GREEN,45,Chennai
CLM0006583,CHE_05066,Sholinganallur,2020-01-31,16,0,0,0,0,0,0,0,0,0,1.0,1.0,0,1.0,0,153,3,0,0.8165,0.0,GREEN,34,Chennai
CLM0006584,CHE_02294,T Nagar,2017-09-06,10,0,0,0,0,0,0,1,0,0,0.0,0.213615,0,0.0,0,357,1,1,0.3981,0.0185,GREEN,57,Chennai
CLM0006585,CHE_06618,Porur,2020-05-14,8,0,0,0,0,0,0,1,0,0,0.0,0.397283,0,0.0,0,75,4,2,0.1232,0.0924,GREEN,36,Chennai
CLM0006586,CHE_09789,Sholinganallur,2016-08-08,11,0,0,0,0,0,0,0,0,0,0.0,0.330359,0,0.0,0,370,4,1,0.4954,0.0,GREEN,43,Chennai
CLM0006587,CHE_08524,Tambaram,2024-05-14,7,0,0,0,0,0,0,0,0,0,0.0,0.412136,0,0.0,0,358,3,4,0.7872,0.0,GREEN,38,Chennai
CLM0006588,CHE_03165,Anna Nagar,2024-10-09,16,0,0,0,1,0,0,0,0,0,0.0,0.224589,0,0.0,0,267,1,0,0.6142,0.1015,GREEN,32,Chennai
CLM0006589,CHE_06130,Guindy,2018-02-08,17,0,0,0,0,0,0,0,0,0,1.0,0.268329,0,0.0,0,60,1,1,0.8707,0.1561,GREEN,39,Chennai
CLM0006590,CHE_00301,Guindy,2020-06-08,21,0,0,0,0,0,0,0,0,0,0.0,0.239396,0,0.0,1,122,1,0,0.98,0.0,GREEN,36,Chennai
CLM0006591,CHE_08814,Velachery,2017-07-19,12,0,0,0,0,0,0,0,0,0,0.0,0.0,0,0.0,0,223,0,1,0.6037,0.0,GREEN,28,Chennai
CLM0006592,CHE_05015,Sholinganallur,2022-09-27,12,0,0,0,0,0,0,0,0,1,0.0,0.157261,0,0.0,0,420,0,1,0.9166,0.066,GREEN,18,Chennai
CLM0006593,CHE_01532,Adyar,2023-01-10,9,0,0,0,0,0,1,0,0,0,0.0,1.0,0,0.0,0,354,2,0,0.98,0.0414,GREEN,57,Chennai
CLM0006594,CHE_04287,T Nagar,2022-05-17,21,0,0,0,0,0,1,0,0,0,0.0,0.39332,0,0.0,0,420,1,8,0.9029,0.0981,GREEN,33,Chennai
CLM0006595,CHE_00608,Porur,2017-11-06,15,0,0,0,0,0,0,0,0,0,0.0,0.335845,0,0.0,0,46,0,2,0.8713,0.0392,GREEN,33,Chennai
CLM0006596,CHE_05936,Chromepet,2021-07-02,8,0,0,0,0,0,0,0,0,0,0.0,0.025848,0,0.0,0,239,1,4,0.9015,0.0448,GREEN,27,Chennai
CLM0006597,CHE_06056,Tambaram,2022-03-21,19,0,0,0,0,0,0,0,0,0,0.0,0.213282,0,0.0,0,420,0,1,0.403,0.0,GREEN,46,Chennai
CLM0006598,CHE_05040,Chromepet,2023-10-27,8,0,0,0,0,0,0,0,0,0,0.0,0.318721,0,0.0,0,115,1,4,0.6748,0.0672,GREEN,48,Chennai
CLM0006599,CHE_00935,Perambur,2016-05-31,10,0,0,0,0,0,0,0,0,0,0.0,0.067635,1,0.0,0,164,4,0,0.7458,0.0304,GREEN,29,Chennai
CLM0006600,CHE_09959,Guindy,2019-06-23,11,0,0,0,0,0,0,0,0,0,0.0,0.979254,0,0.0,1,264,3,4,0.4979,0.0282,GREEN,38,Chennai
CLM0006601,CHE_07104,Porur,2021-01-20,13,0,0,0,0,0,1,0,0,0,0.0,1.0,0,0.0,0,281,1,6,0.8989,0.0694,GREEN,28,Chennai
CLM0006602,CHE_05308,T Nagar,2023-03-19,11,0,0,0,0,0,0,0,0,0,0.0,0.39038,0,0.0,0,371,2,0,0.5863,0.0,GREEN,34,Chennai
CLM0006603,CHE_04209,Chromepet,2019-06-29,7,0,0,0,0,0,0,0,0,0,0.0,0.344395,0,0.0,0,198,0,1,0.701,0.0241,GREEN,40,Chennai
CLM0006604,CHE_07374,Guindy,2024-02-28,15,0,0,0,0,0,0,0,0,0,0.0,0.056348,0,0.0,0,111,3,0,0.6721,0.0122,GREEN,31,Chennai
CLM0006605,CHE_02692,Sholinganallur,2019-02-12,14,0,0,0,0,0,0,0,0,0,0.0,0.234653,0,0.0,0,420,3,1,0.5447,0.0,GREEN,47,Chennai
CLM0006606,CHE_07528,Chromepet,2023-08-19,13,0,0,0,0,0,0,0,0,0,0.0,0.138121,0,0.0,1,212,2,0,0.5523,0.1225,GREEN,61,Chennai
CLM0006607,CHE_02845,Perambur,2020-01-10,17,0,0,0,0,0,0,0,0,0,0.0,0.351682,1,0.0,0,198,1,3,0.6723,0.1855,GREEN,34,Chennai
CLM0006608,CHE_05882,Velachery,2022-06-16,15,0,0,0,0,0,0,0,0,0,0.0,0.328336,1,0.0,0,103,3,2,0.869,0.0529,GREEN,45,Chennai
CLM0006609,CHE_05978,Anna Nagar,2022-01-30,7,0,0,0,0,0,0,0,0,0,0.0,0.182721,0,0.0,0,420,1,1,0.2232,0.0,GREEN,45,Chennai
CLM0006610,CHE_08141,T Nagar,2024-06-10,13,0,0,0,0,0,0,0,0,0,0.0,0.188295,0,0.0,0,229,2,0,0.8927,0.0,GREEN,31,Chennai
CLM0006611,CHE_02272,Guindy,2020-08-29,15,0,0,0,0,0,0,0,1,0,0.0,0.287577,1,0.0,0,301,1,3,0.6245,0.0,GREEN,37,Chennai
CLM0006612,CHE_06340,Sholinganallur,2022-06-01,13,0,0,0,0,0,0,0,0,0,0.0,1.0,0,0.0,0,48,2,0,0.8156,0.1824,GREEN,38,Chennai
CLM0006613,CHE_03595,Chromepet,2024-12-19,11,0,0,0,0,0,0,0,0,0,0.0,0.373519,0,0.0,0,306,4,4,0.7734,0.1116,GREEN,64,Chennai
CLM0006614,CHE_04063,Sholinganallur,2024-06-09,8,0,0,0,0,0,0,0,0,0,0.0,0.980793,0,0.0,0,361,2,4,0.8328,0.0401,GREEN,58,Chennai
CLM0006615,CHE_05993,Tambaram,2021-05-28,15,0,0,0,0,1,0,0,0,0,0.0,0.215747,0,0.0,0,318,1,3,0.2015,0.0476,GREEN,43,Chennai
CLM0006616,CHE_09578,Anna Nagar,2018-11-03,18,0,0,0,0,0,0,0,0,0,0.0,0.228578,0,0.0,0,331,4,4,0.7237,0.001,GREEN,43,Chennai
CLM0006617,CHE_09225,Adyar,2020-02-10,18,0,0,0,0,0,0,0,0,0,0.0,0.528242,1,0.0,0,420,1,0,0.5405,0.0323,GREEN,54,Chennai
CLM0006618,CHE_01359,Anna Nagar,2018-11-06,20,0,0,0,0,0,0,0,1,0,0.0,0.313174,0,0.0,0,296,3,3,0.6614,0.0543,GREEN,18,Chennai
CLM0006619,CHE_03716,Chromepet,2018-08-01,19,0,0,0,0,0,0,0,1,0,0.0,0.110699,0,0.0,0,151,4,0,0.7111,0.0718,GREEN,50,Chennai
CLM0006620,CHE_02324,Sholinganallur,2019-06-22,9,0,0,0,0,0,0,0,0,0,0.0,0.32542,0,0.0,0,378,3,0,0.6375,0.0427,GREEN,18,Chennai
CLM0006621,CHE_05277,Chromepet,2024-08-26,8,0,0,0,0,0,0,0,0,0,0.0,0.256116,0,0.0,0,111,0,1,0.8679,0.0,GREEN,40,Chennai
CLM0006622,CHE_01434,Porur,2020-12-07,15,0,0,0,0,0,0,0,1,0,0.0,0.375005,0,0.0,0,313,2,2,0.5823,0.0857,GREEN,18,Chennai
CLM0006623,CHE_04427,Chromepet,2020-09-16,10,0,0,0,0,0,0,0,0,0,0.0,0.35406,0,0.0,1,64,0,4,0.7423,0.1362,GREEN,43,Chennai
CLM0006624,CHE_04610,Perambur,2025-09-09,18,0,0,0,1,0,1,0,0,0,0.0,0.365011,0,0.0,0,151,4,2,0.05,0.2672,GREEN,48,Chennai
CLM0006625,CHE_03521,Tambaram,2025-02-26,9,0,0,0,1,0,0,0,0,0,0.0,0.31368,0,0.0,0,420,0,1,0.6709,0.1379,GREEN,38,Chennai
CLM0006626,CHE_03883,Porur,2025-10-10,9,0,0,0,0,0,0,0,0,0,0.0,0.166639,0,0.0,0,420,3,3,0.7721,0.1266,GREEN,41,Chennai
CLM0006627,CHE_03767,Sholinganallur,2024-08-19,13,0,0,0,0,0,0,0,1,0,0.0,0.149288,0,0.0,0,327,0,0,0.6516,0.1447,GREEN,39,Chennai
CLM0006628,CHE_01945,Guindy,2024-11-03,11,0,0,0,0,0,0,0,0,0,0.0,1.0,0,0.0,0,122,2,4,0.7717,0.1265,GREEN,38,Chennai
CLM0006629,CHE_08383,Perambur,2025-06-23,15,0,0,0,0,0,0,0,0,0,0.0,0.290137,0,0.0,0,99,0,5,0.98,0.0174,GREEN,21,Chennai
CLM0006630,CHE_03148,Tambaram,2024-11-10,12,0,0,0,0,0,0,0,0,0,0.0,1.0,0,0.0,0,290,4,3,0.832,0.0883,GREEN,47,Chennai
CLM0006631,CHE_03026,Sholinganallur,2020-10-10,8,0,0,0,0,0,0,0,0,0,0.0,0.21685,0,0.0,0,54,0,2,0.1116,0.0,GREEN,30,Chennai
CLM0006632,CHE_09224,Guindy,2023-03-01,10,0,0,0,0,0,0,0,0,0,0.0,0.0,0,0.0,0,420,2,0,0.613,0.0,GREEN,49,Chennai
CLM0006633,CHE_06373,Velachery,2023-04-24,12,0,0,0,0,0,0,1,0,0,0.0,0.048484,0,0.0,0,374,1,3,0.98,0.1479,GREEN,43,Chennai
CLM0006634,CHE_06667,Adyar,2020-01-31,7,0,0,0,0,0,0,0,1,0,0.0,0.311924,0,0.0,0,26,0,0,0.6283,0.0484,GREEN,27,Chennai
CLM0006635,CHE_07081,Guindy,2023-08-25,16,0,0,0,0,0,0,0,0,0,0.0,0.09195,0,0.0,0,342,0,4,0.8232,0.0316,GREEN,21,Chennai
CLM0006636,CHE_08635,Tambaram,2021-08-24,11,0,0,0,0,0,1,1,0,0,0.0,0.410965,0,0.0,0,143,3,3,0.2352,0.1023,GREEN,18,Chennai
CLM0006637,CHE_08155,Perambur,2024-06-05,9,0,0,0,0,0,0,0,0,0,1.0,1.0,0,1.0,0,130,1,5,0.862,0.0,GREEN,38,Chennai
CLM0006638,CHE_03086,Guindy,2025-08-14,7,0,0,0,0,0,0,0,0,0,0.0,0.301715,0,0.0,0,209,0,3,0.98,0.0458,GREEN,32,Chennai
CLM0006639,CHE_02643,Chromepet,2024-06-18,15,0,0,0,0,0,0,0,0,0,0.0,0.352573,0,0.0,0,403,0,0,0.63,0.0,GREEN,44,Chennai
CLM0006640,CHE_07093,Perambur,2024-02-19,21,0,0,0,0,0,0,0,0,0,0.0,0.299302,0,0.0,0,80,2,3,0.4881,0.0508,GREEN,24,Chennai
CLM0006641,CHE_01447,Velachery,2024-12-22,16,0,0,0,0,0,0,0,0,0,0.0,0.31081,0,0.0,0,420,4,0,0.7886,0.0,GREEN,45,Chennai
CLM0006642,CHE_04912,Porur,2024-04-12,21,0,0,0,0,0,0,0,1,0,0.0,0.005043,1,0.0,0,262,2,4,0.1077,0.1364,GREEN,21,Chennai
CLM0006643,CHE_07641,Sholinganallur,2024-08-13,17,0,0,0,0,0,1,0,0,0,0.0,0.143642,0,0.0,0,212,3,5,0.2905,0.0816,GREEN,56,Chennai
CLM0006644,CHE_02470,Chromepet,2024-12-25,16,0,0,0,0,0,0,0,0,1,0.0,0.317301,0,0.0,0,299,4,2,0.8119,0.0255,GREEN,43,Chennai
CLM0006645,CHE_07580,Sholinganallur,2024-09-02,7,0,0,0,0,0,0,0,0,0,0.0,0.376154,0,0.0,0,405,0,0,0.091,0.0,GREEN,37,Chennai
CLM0006646,CHE_05545,Chromepet,2022-06-25,20,0,0,0,0,0,1,0,0,0,0.0,0.25797,0,0.0,0,168,4,0,0.9729,0.1194,GREEN,34,Chennai
CLM0006647,CHE_00534,Chromepet,2025-03-02,8,0,0,0,0,0,0,0,0,0,0.0,1.0,0,0.0,0,420,1,0,0.2622,0.0,GREEN,45,Chennai
CLM0006648,CHE_01641,T Nagar,2022-09-12,20,0,0,0,0,0,1,0,0,0,1.0,0.006547,0,0.0,0,348,0,0,0.8266,0.0732,GREEN,26,Chennai
CLM0006649,CHE_07201,Sholinganallur,2022-01-01,19,0,0,0,0,0,0,0,0,0,0.0,0.349441,0,0.0,0,307,1,1,0.05,0.0977,GREEN,41,Chennai
CLM0006650,CHE_04843,Adyar,2024-12-17,8,0,0,0,0,0,0,0,0,0,1.0,0.226235,0,0.0,0,87,4,3,0.776,0.0185,GREEN,43,Chennai
CLM0006651,CHE_03655,Sholinganallur,2024-12-21,21,0,0,0,0,1,0,1,1,1,0.0,0.976781,1,0.0,1,5,4,18,0.05,0.0,GREEN,32,Chennai
CLM0006652,CHE_00753,Adyar,2023-11-21,7,0,0,0,1,1,0,1,0,1,0.0,0.096984,0,0.0,1,5,0,18,0.3037,0.0,GREEN,35,Chennai
CLM0006653,CHE_01773,Guindy,2022-02-23,11,0,0,0,0,0,0,0,0,0,1.0,0.951315,0,0.0,0,71,4,4,0.44,0.0452,GREEN,31,Chennai
CLM0006654,CHE_04586,Sholinganallur,2021-04-13,12,0,0,0,0,0,0,0,0,0,0.0,0.290743,0,0.0,0,185,0,2,0.8537,0.0272,GREEN,39,Chennai
CLM0006655,CHE_09982,Adyar,2023-10-08,18,0,0,0,0,0,0,0,0,0,0.0,1.0,0,0.0,0,172,1,2,0.7095,0.0,GREEN,30,Chennai
CLM0006656,CHE_08287,Adyar,2024-07-21,11,0,0,0,0,0,0,0,0,0,0.0,0.050102,0,0.0,0,75,2,1,0.98,0.0,GREEN,35,Chennai
CLM0006657,CHE_01980,T Nagar,2020-08-13,7,0,0,0,0,0,0,0,0,0,0.0,0.359384,0,0.0,0,358,1,3,0.8208,0.0023,GREEN,18,Chennai
CLM0006658,CHE_02869,Tambaram,2021-11-26,12,0,0,0,0,0,0,0,0,0,0.0,1.0,0,0.0,1,192,4,0,0.5028,0.0092,GREEN,40,Chennai
CLM0006659,CHE_08088,Velachery,2016-07-04,10,0,0,0,0,0,0,0,0,0,0.0,1.0,0,0.0,1,285,1,0,0.6651,0.0241,GREEN,25,Chennai
CLM0006660,CHE_07460,T Nagar,2017-06-21,13,0,0,0,0,0,0,0,0,0,0.0,0.355034,0,0.0,0,29,0,0,0.7672,0.0527,GREEN,41,Chennai
CLM0006661,CHE_06209,Chromepet,2023-01-11,10,0,0,0,0,0,0,0,0,0,0.0,0.171502,0,0.0,0,420,3,4,0.7507,0.1055,GREEN,37,Chennai
CLM0006662,CHE_04410,Guindy,2019-11-08,15,0,0,0,0,0,0,0,0,0,0.0,0.011185,0,1.0,0,274,4,3,0.5828,0.0543,GREEN,55,Chennai
CLM0006663,CHE_05873,T Nagar,2020-01-01,12,0,0,0,1,1,1,1,1,1,0.0,0.108664,1,0.0,0,5,1,18,0.98,0.0,GREEN,56,Chennai
CLM0006664,CHE_05141,Guindy,2022-08-10,9,0,0,0,0,0,0,1,0,0,0.0,0.330552,0,0.0,0,201,2,4,0.695,0.1056,GREEN,36,Chennai
CLM0006665,CHE_09058,Chromepet,2019-10-21,13,0,0,0,0,0,0,0,0,0,0.0,0.0,0,0.0,0,120,1,0,0.8435,0.0,GREEN,39,Chennai
CLM0006666,CHE_05207,T Nagar,2025-08-22,16,0,0,0,0,0,0,0,0,0,0.0,0.327203,0,0.0,0,342,1,5,0.7281,0.0,GREEN,29,Chennai
CLM0006667,CHE_05743,Tambaram,2023-04-10,19,0,0,0,1,0,1,1,1,0,0.0,0.036257,0,1.0,1,24,4,18,0.98,0.2754,GREEN,60,Chennai
CLM0006668,CHE_00861,Velachery,2023-06-29,17,0,0,0,0,0,0,1,0,0,0.0,0.12149,0,0.0,1,402,3,6,0.0674,0.1793,GREEN,40,Chennai
CLM0006669,CHE_02784,Tambaram,2019-12-22,7,0,0,0,0,0,0,0,0,0,0.0,0.35209,0,0.0,0,420,3,1,0.7253,0.0,GREEN,29,Chennai
CLM0006670,CHE_02304,Tambaram,2025-02-12,9,0,0,0,0,0,0,0,1,0,1.0,0.156353,0,0.0,0,197,4,6,0.0818,0.2746,GREEN,40,Chennai
CLM0006671,CHE_09882,Tambaram,2022-08-16,11,0,0,0,0,0,0,0,0,0,0.0,0.384599,0,0.0,0,240,0,1,0.98,0.0711,GREEN,35,Chennai
CLM0006672,CHE_00622,Perambur,2024-10-24,11,0,0,0,0,0,0,0,0,0,0.0,0.256585,0,0.0,0,342,4,0,0.7015,0.0,GREEN,51,Chennai
CLM0006673,CHE_05123,Sholinganallur,2022-01-15,17,0,1,1,0,0,0,0,0,0,0.0,0.31184,0,0.0,0,388,0,2,0.8929,0.0,GREEN,38,Chennai
CLM0006674,CHE_00024,Velachery,2024-01-18,7,0,0,0,0,0,1,0,0,0,0.0,0.239032,0,0.0,0,164,1,1,0.9007,0.0219,GREEN,38,Chennai
CLM0006675,CHE_02469,Adyar,2024-09-05,15,0,0,0,0,1,0,1,0,0,0.0,0.046354,0,0.0,0,322,0,2,0.8232,0.3687,YELLOW,46,Chennai
CLM0006676,CHE_03009,Sholinganallur,2023-09-02,15,0,0,0,0,0,1,0,0,0,0.0,0.303795,0,0.0,0,187,4,1,0.7306,0.1345,GREEN,30,Chennai
CLM0006677,CHE_09170,Sholinganallur,2025-09-16,10,0,0,0,0,0,0,0,1,0,0.0,0.263659,0,0.0,1,271,4,2,0.7477,0.1478,GREEN,32,Chennai
CLM0006678,CHE_07351,T Nagar,2023-11-15,20,0,0,0,0,0,0,0,0,0,0.0,0.0,1,0.0,0,36,3,0,0.6961,0.0806,GREEN,47,Chennai
CLM0006679,CHE_05741,T Nagar,2023-02-02,8,0,0,0,0,0,0,0,0,0,1.0,0.142307,0,0.0,0,420,3,4,0.8084,0.0662,GREEN,18,Chennai
CLM0006680,CHE_08383,Perambur,2024-08-11,20,0,0,0,0,0,0,0,0,0,0.0,0.303532,0,0.0,1,197,3,0,0.8191,0.0952,GREEN,21,Chennai
CLM0006681,CHE_08652,Porur,2023-03-20,19,0,0,0,0,0,0,0,0,0,0.0,0.070338,0,0.0,0,97,4,0,0.6251,0.0,GREEN,34,Chennai
CLM0006682,CHE_02105,Tambaram,2025-01-24,21,0,0,0,0,0,0,0,0,0,0.0,0.244594,0,0.0,0,17,0,0,0.6636,0.0,GREEN,18,Chennai
CLM0006683,CHE_09221,Anna Nagar,2023-07-16,16,0,0,0,0,0,0,0,0,0,0.0,0.247528,0,0.0,0,105,2,2,0.8826,0.0653,GREEN,23,Chennai
CLM0006684,CHE_03766,Perambur,2024-03-10,11,0,0,0,0,0,0,0,0,0,0.0,0.128542,0,0.0,0,369,0,6,0.843,0.0616,GREEN,43,Chennai
CLM0006685,CHE_01242,T Nagar,2024-11-25,16,0,0,0,0,0,0,0,0,0,0.0,0.489447,0,0.0,0,80,4,0,0.797,0.0726,GREEN,41,Chennai
CLM0006686,CHE_06170,T Nagar,2020-01-05,16,0,0,0,1,0,0,0,0,0,0.0,0.12846,1,1.0,0,186,2,5,0.6718,0.3728,YELLOW,50,Chennai
CLM0006687,CHE_07694,T Nagar,2018-03-23,21,0,0,0,0,0,0,1,0,0,0.0,0.315178,1,0.0,0,21,0,2,0.515,0.134,GREEN,40,Chennai
CLM0006688,CHE_04161,Perambur,2025-06-18,19,0,0,0,0,0,0,0,0,0,0.0,1.0,0,0.0,0,304,1,4,0.8847,0.0414,GREEN,32,Chennai
CLM0006689,CHE_08544,Perambur,2025-07-29,13,0,0,0,0,0,0,0,0,0,0.0,0.13267,0,0.0,0,282,1,1,0.6074,0.0,GREEN,34,Chennai
CLM0006690,CHE_03386,Chromepet,2024-04-10,16,0,0,0,1,0,0,0,0,0,0.0,0.3115,0,0.0,0,352,2,3,0.5792,0.1911,GREEN,61,Chennai
CLM0006691,CHE_01009,T Nagar,2024-07-22,15,0,0,0,0,0,0,0,0,0,0.0,0.150917,0,0.0,0,420,4,0,0.9592,0.0,GREEN,34,Chennai
CLM0006692,CHE_04367,Anna Nagar,2023-08-27,12,0,0,0,0,0,0,0,0,0,0.0,0.0,0,0.0,0,369,3,1,0.7311,0.042,GREEN,46,Chennai
CLM0006693,CHE_07815,Perambur,2023-06-13,15,0,0,0,0,0,1,0,0,0,0.0,0.179733,0,0.0,0,136,4,0,0.6164,0.067,GREEN,37,Chennai
CLM0006694,CHE_02650,Guindy,2025-06-12,15,0,0,0,0,0,0,0,0,1,0.0,0.03551,0,0.0,0,267,4,0,0.6735,0.2092,GREEN,36,Chennai
CLM0006695,CHE_09905,Sholinganallur,2025-08-03,11,0,0,0,0,0,0,0,0,0,0.0,0.375911,0,0.0,0,420,0,5,0.6473,0.0,GREEN,18,Chennai
CLM0006696,CHE_01326,Anna Nagar,2023-04-15,8,0,0,0,0,0,1,1,0,0,0.0,0.265309,0,0.0,0,332,2,0,0.6967,0.177,GREEN,46,Chennai
CLM0006697,CHE_07236,Anna Nagar,2018-01-17,14,0,0,0,1,0,0,0,0,0,0.0,0.0,0,0.0,0,181,3,1,0.566,0.1182,GREEN,50,Chennai
CLM0006698,CHE_04400,Sholinganallur,2020-11-20,18,0,0,0,0,0,0,0,0,0,0.0,0.06963,0,0.0,0,420,3,0,0.1244,0.0105,GREEN,35,Chennai
CLM0006699,CHE_01314,Tambaram,2023-08-26,16,0,0,0,0,0,0,0,0,0,0.0,0.426249,0,0.0,0,420,0,6,0.9651,0.0098,GREEN,25,Chennai
CLM0006700,CHE_06255,Chromepet,2019-05-05,14,0,0,0,0,0,0,0,0,0,0.0,0.204845,0,0.0,0,358,3,1,0.6793,0.021,GREEN,38,Chennai
CLM0006701,CHE_06593,Guindy,2021-03-06,13,0,0,0,0,0,0,0,0,0,0.0,0.274955,0,0.0,0,340,0,2,0.4644,0.0,GREEN,38,Chennai
CLM0006702,CHE_05999,T Nagar,2024-10-22,14,0,0,0,0,0,0,0,0,0,0.0,0.022492,0,1.0,0,335,3,6,0.9148,0.0,GREEN,26,Chennai
CLM0006703,CHE_00995,Porur,2025-10-18,16,0,0,0,0,0,0,0,0,0,0.0,0.309717,0,0.0,0,420,1,1,0.8906,0.1301,GREEN,46,Chennai
CLM0006704,CHE_00571,Velachery,2019-04-08,17,0,0,0,0,0,0,0,0,0,0.0,0.121735,0,0.0,0,33,0,2,0.5016,0.0542,GREEN,47,Chennai
CLM0006705,CHE_05426,Chromepet,2022-09-26,16,0,0,0,0,0,1,0,0,0,0.0,0.271448,0,0.0,0,420,3,0,0.6762,0.1266,GREEN,38,Chennai
CLM0006706,CHE_00582,Tambaram,2025-03-14,18,0,0,0,0,0,0,0,0,0,0.0,0.99563,0,0.0,0,181,1,0,0.598,0.0231,GREEN,34,Chennai
CLM0006707,CHE_08478,Porur,2022-12-20,14,0,0,0,0,0,1,0,0,0,1.0,0.114291,0,0.0,0,19,4,1,0.9447,0.1313,GREEN,38,Chennai
CLM0006708,CHE_00636,Sholinganallur,2023-09-09,19,0,0,0,1,0,0,0,1,0,1.0,0.247598,0,0.0,0,361,4,3,0.8105,0.375,YELLOW,43,Chennai
CLM0006709,CHE_05417,Guindy,2017-08-13,7,0,0,0,0,0,0,0,0,0,1.0,1.0,0,0.0,0,420,1,3,0.3682,0.0,GREEN,35,Chennai
CLM0006710,CHE_05640,Velachery,2023-11-08,18,0,0,0,0,0,0,0,1,0,1.0,0.089213,0,0.0,0,420,4,1,0.1003,0.1831,GREEN,31,Chennai
CLM0006711,CHE_08862,Guindy,2017-01-28,8,0,0,0,0,0,0,0,0,0,0.0,0.032326,0,0.0,0,177,3,1,0.7807,0.0658,GREEN,38,Chennai
CLM0006712,CHE_07313,Porur,2019-11-07,12,0,0,0,0,0,0,0,0,0,0.0,0.340233,0,0.0,0,374,2,3,0.5626,0.0,GREEN,42,Chennai
CLM0006713,CHE_09273,Tambaram,2024-03-16,9,0,0,0,0,0,0,0,0,0,0.0,0.275011,0,0.0,0,39,4,2,0.8716,0.0,GREEN,44,Chennai
CLM0006714,CHE_06394,Porur,2024-04-09,11,0,0,0,1,0,0,0,0,0,1.0,0.090872,0,0.0,0,400,3,0,0.6067,0.2302,GREEN,24,Chennai
CLM0006715,CHE_07874,Guindy,2024-02-20,17,0,0,0,0,0,0,0,0,0,0.0,0.335852,0,0.0,0,414,3,1,0.676,0.0,GREEN,42,Chennai
CLM0006716,CHE_00822,Sholinganallur,2024-07-19,12,0,0,0,0,0,0,0,1,0,0.0,0.977878,0,0.0,1,375,0,4,0.138,0.1809,GREEN,35,Chennai
CLM0006717,CHE_06516,Guindy,2024-06-28,19,0,0,0,0,0,0,0,0,0,0.0,0.00144,0,0.0,0,420,4,2,0.98,0.0453,GREEN,53,Chennai
CLM0006718,CHE_00825,Sholinganallur,2025-08-23,16,0,0,0,0,0,0,0,0,1,0.0,0.111471,1,0.0,0,50,1,1,0.8626,0.1422,GREEN,31,Chennai
CLM0006719,CHE_07066,Perambur,2023-08-14,8,0,0,0,0,0,0,0,0,0,0.0,0.207736,0,0.0,0,70,1,3,0.7357,0.0,GREEN,37,Chennai
CLM0006720,CHE_09343,Perambur,2023-01-13,8,0,0,0,1,0,0,0,0,0,0.0,0.112073,1,0.0,0,291,2,2,0.5213,0.1572,GREEN,40,Chennai
CLM0006721,CHE_01601,Guindy,2025-06-03,17,0,0,0,0,0,0,0,0,0,0.0,1.0,0,0.0,1,420,4,2,0.9034,0.0416,GREEN,25,Chennai
CLM0006722,CHE_03934,T Nagar,2025-03-25,21,0,0,0,0,0,0,0,0,0,0.0,0.149529,0,0.0,0,78,0,2,0.8821,0.0,GREEN,32,Chennai
CLM0006723,CHE_05747,Perambur,2022-08-17,18,0,0,0,0,0,0,0,0,0,0.0,0.213533,0,0.0,1,184,1,6,0.6937,0.0267,GREEN,22,Chennai
CLM0006724,CHE_09972,Guindy,2023-02-03,11,0,0,0,0,0,0,0,0,0,0.0,0.214415,0,0.0,0,420,3,2,0.9104,0.0,GREEN,24,Chennai
CLM0006725,CHE_03671,Anna Nagar,2023-08-14,8,0,0,0,0,0,0,1,0,0,1.0,1.0,0,1.0,0,130,1,3,0.8129,0.0494,GREEN,39,Chennai
CLM0006726,CHE_06531,Adyar,2025-10-26,14,0,0,0,0,0,0,1,0,0,0.0,0.413777,0,1.0,0,144,2,0,0.6697,0.0514,GREEN,39,Chennai
CLM0006727,CHE_03508,Tambaram,2025-11-20,7,0,0,0,0,0,0,0,0,1,0.0,0.924791,0,0.0,0,328,2,3,0.8494,0.1102,GREEN,28,Chennai
CLM0006728,CHE_04271,T Nagar,2023-12-12,11,0,0,0,0,0,0,0,0,0,0.0,0.181794,0,0.0,0,226,2,2,0.4818,0.0189,GREEN,39,Chennai
CLM0006729,CHE_06467,Guindy,2022-07-15,20,0,0,0,1,0,0,0,0,0,0.0,0.285831,0,0.0,0,172,2,1,0.8959,0.1096,GREEN,45,Chennai
CLM0006730,CHE_07694,T Nagar,2024-04-20,7,0,0,0,1,0,0,0,0,0,0.0,0.088253,0,0.0,0,85,2,0,0.9219,0.1983,GREEN,40,Chennai
CLM0006731,CHE_02625,Velachery,2024-04-29,17,0,0,0,0,0,0,0,0,0,1.0,0.430828,0,0.0,1,365,4,1,0.641,0.1521,GREEN,45,Chennai
CLM0006732,CHE_05357,Sholinganallur,2025-01-14,20,0,0,0,0,0,0,1,0,0,0.0,0.230804,0,0.0,0,420,2,1,0.5803,0.0621,GREEN,37,Chennai
CLM0006733,CHE_06755,Sholinganallur,2024-12-23,13,0,0,0,0,0,0,0,0,0,0.0,0.257126,0,0.0,0,190,3,1,0.98,0.0045,GREEN,33,Chennai
CLM0006734,CHE_08855,Porur,2022-12-15,13,0,0,0,0,0,0,0,0,0,0.0,1.0,0,0.0,0,420,0,0,0.7946,0.0,GREEN,47,Chennai
CLM0006735,CHE_01828,Velachery,2022-06-23,13,0,0,0,0,0,0,0,0,0,0.0,0.228487,0,0.0,0,414,4,3,0.283,0.0317,GREEN,51,Chennai
CLM0006736,CHE_09869,Perambur,2025-04-17,7,0,0,0,0,0,0,1,0,0,0.0,0.319211,0,0.0,0,110,3,2,0.5383,0.1027,GREEN,29,Chennai
CLM0006737,CHE_06717,Porur,2022-01-16,13,0,0,0,0,0,0,0,0,0,0.0,0.233418,0,0.0,0,162,4,5,0.6259,0.0431,GREEN,18,Chennai
CLM0006738,CHE_06226,T Nagar,2024-05-01,14,0,0,0,0,0,1,0,0,0,0.0,0.036051,0,0.0,1,402,4,0,0.4216,0.1463,GREEN,35,Chennai
CLM0006739,CHE_07783,Tambaram,2023-01-29,16,0,0,0,0,0,0,0,0,0,0.0,0.452076,0,0.0,0,54,2,0,0.98,0.0,GREEN,33,Chennai
CLM0006740,CHE_09290,Chromepet,2020-09-15,10,0,0,0,0,0,0,0,0,0,1.0,0.131273,0,0.0,0,71,3,1,0.7861,0.0322,GREEN,43,Chennai
CLM0006741,CHE_06252,Anna Nagar,2022-03-25,15,0,1,1,0,0,0,0,0,1,0.0,0.389164,0,0.0,0,219,1,0,0.5865,0.1427,GREEN,45,Chennai
CLM0006742,CHE_01960,Anna Nagar,2023-09-18,14,0,0,0,0,0,0,0,0,0,0.0,0.260311,0,0.0,0,75,1,6,0.9318,0.0681,GREEN,36,Chennai
CLM0006743,CHE_08553,Porur,2023-11-25,7,0,0,0,0,0,0,0,0,0,0.0,0.105623,0,0.0,0,341,3,2,0.2277,0.1046,GREEN,52,Chennai
CLM0006744,CHE_04172,Chromepet,2025-11-20,21,0,1,1,0,0,0,0,0,0,0.0,0.128092,0,0.0,0,322,2,2,0.9703,0.0,GREEN,41,Chennai
CLM0006745,CHE_03062,Guindy,2021-01-20,16,0,0,0,0,1,0,0,0,0,0.0,0.15655,0,0.0,0,109,4,2,0.9438,0.1349,GREEN,38,Chennai
CLM0006746,CHE_02550,Anna Nagar,2024-11-21,12,0,1,1,0,0,0,0,0,0,0.0,0.038548,1,0.0,0,325,2,4,0.1589,0.0435,GREEN,38,Chennai
CLM0006747,CHE_07467,Sholinganallur,2023-11-27,17,0,0,0,0,0,0,0,0,0,0.0,0.31203,0,0.0,0,181,0,0,0.1838,0.0,GREEN,43,Chennai
CLM0006748,CHE_09971,Anna Nagar,2023-08-22,17,0,0,0,0,0,0,0,0,0,0.0,0.0,0,0.0,0,288,2,7,0.8197,0.0428,GREEN,35,Chennai
CLM0006749,CHE_08895,Perambur,2025-04-12,9,0,0,0,0,0,0,0,0,0,0.0,0.474337,0,0.0,0,227,0,0,0.7397,0.0,GREEN,29,Chennai
CLM0006750,CHE_05827,Anna Nagar,2024-10-22,14,0,0,0,0,0,0,0,0,0,1.0,0.258353,0,1.0,0,123,0,0,0.8343,0.0542,GREEN,38,Chennai
CLM0006751,CHE_02333,Chromepet,2025-04-14,13,0,0,0,0,0,0,0,0,0,0.0,0.408392,0,0.0,0,217,4,4,0.4173,0.0363,GREEN,35,Chennai
CLM0006752,CHE_09874,Guindy,2024-02-19,20,0,0,0,0,0,0,0,0,0,0.0,0.060383,0,0.0,0,378,0,4,0.865,0.0875,GREEN,39,Chennai
CLM0006753,CHE_06003,Sholinganallur,2023-09-06,16,0,0,0,0,0,0,0,0,0,0.0,0.005706,0,0.0,0,420,3,4,0.3269,0.0,GREEN,26,Chennai
CLM0006754,CHE_06756,Velachery,2025-01-03,9,0,0,0,0,0,0,0,1,0,1.0,1.0,0,1.0,0,164,3,0,0.5448,0.0552,GREEN,39,Chennai
CLM0006755,CHE_06719,Anna Nagar,2023-07-07,19,0,0,0,0,0,0,0,0,0,0.0,0.183973,0,0.0,0,412,2,3,0.6576,0.0921,GREEN,42,Chennai
CLM0006756,CHE_00821,Adyar,2024-04-14,10,0,0,0,0,0,1,0,0,0,0.0,0.228436,0,0.0,1,420,4,5,0.9344,0.1765,GREEN,39,Chennai
CLM0006757,CHE_07105,Chromepet,2025-06-19,7,0,0,0,0,0,0,0,0,0,1.0,0.340177,0,0.0,0,175,0,3,0.7363,0.1795,GREEN,43,Chennai
CLM0006758,CHE_04684,Adyar,2025-08-14,21,0,0,0,0,0,0,0,1,0,0.0,0.106617,0,0.0,0,420,4,0,0.3876,0.0444,GREEN,60,Chennai
CLM0006759,CHE_09889,Velachery,2025-05-11,7,0,0,0,0,0,0,0,0,0,0.0,0.298198,0,0.0,0,248,1,0,0.9591,0.0112,GREEN,47,Chennai
CLM0006760,CHE_05793,Guindy,2025-06-12,15,0,0,0,0,0,0,0,0,0,1.0,0.162902,0,0.0,0,69,2,4,0.8443,0.0948,GREEN,34,Chennai
CLM0006761,CHE_03402,Velachery,2025-05-20,17,0,0,0,0,0,0,0,0,0,0.0,0.061813,0,0.0,0,420,1,4,0.9543,0.0465,GREEN,43,Chennai
CLM0006762,CHE_03261,Perambur,2023-03-14,9,0,0,0,0,0,0,0,0,0,0.0,0.362968,0,0.0,0,420,1,6,0.7543,0.0376,GREEN,61,Chennai
CLM0006763,CHE_09694,Anna Nagar,2025-04-18,17,0,0,0,0,0,0,0,0,0,0.0,0.133236,0,0.0,0,420,4,4,0.5879,0.0414,GREEN,18,Chennai
CLM0006764,CHE_03956,Velachery,2025-04-08,17,0,0,0,0,0,0,0,0,0,0.0,0.139812,1,0.0,0,420,2,0,0.9475,0.1105,GREEN,28,Chennai
CLM0006765,CHE_09305,Perambur,2024-01-19,20,0,0,0,0,0,0,1,1,0,0.0,0.993427,0,0.0,0,344,4,6,0.71,0.1276,GREEN,31,Chennai
CLM0006766,CHE_01991,Porur,2024-09-10,19,0,0,0,0,0,0,0,0,0,1.0,0.189931,0,0.0,0,187,4,3,0.616,0.0815,GREEN,49,Chennai
CLM0006767,CHE_01633,Adyar,2023-07-16,16,0,0,0,0,0,0,0,0,0,1.0,1.0,0,1.0,0,373,2,3,0.6538,0.0,GREEN,35,Chennai
CLM0006768,CHE_00025,T Nagar,2024-12-24,17,0,0,0,0,0,0,0,1,0,0.0,0.286939,0,0.0,1,189,2,3,0.4793,0.1457,GREEN,23,Chennai
CLM0006769,CHE_04002,Tambaram,2024-01-16,14,0,0,0,1,0,1,1,1,1,0.0,0.12873,1,0.0,1,5,2,16,0.8301,0.0588,GREEN,45,Chennai
CLM0006770,CHE_04016,Anna Nagar,2024-01-09,13,0,1,1,1,1,1,1,0,0,0.0,0.985956,0,1.0,1,5,1,10,0.2678,0.6748,RED,28,Chennai
CLM0006771,CHE_05478,T Nagar,2021-01-26,20,0,1,1,1,1,1,1,0,1,1.0,0.923311,0,1.0,0,5,1,18,0.4822,0.8002,RED,34,Chennai
CLM0006772,CHE_05709,Porur,2025-06-11,17,0,1,1,1,0,1,1,1,1,0.0,0.17976,0,0.0,1,30,1,18,0.98,0.8237,RED,43,Chennai
CLM0006773,CHE_08218,Velachery,2024-06-04,13,0,0,0,0,0,0,0,0,0,0.0,0.29665,0,0.0,0,358,2,4,0.8497,0.0276,GREEN,53,Chennai
CLM0006774,CHE_00558,Tambaram,2017-09-07,10,0,0,0,0,0,0,0,0,0,0.0,1.0,0,0.0,0,211,2,4,0.6555,0.0943,GREEN,47,Chennai
CLM0006775,CHE_00372,Sholinganallur,2022-10-13,11,0,0,0,0,0,0,0,0,0,0.0,0.0,0,0.0,0,187,4,3,0.887,0.0,GREEN,54,Chennai
CLM0006776,CHE_06047,Anna Nagar,2017-09-11,11,0,0,0,0,0,0,0,0,0,1.0,0.324342,0,0.0,0,292,1,3,0.4385,0.1124,GREEN,38,Chennai
CLM0006777,CHE_09818,Sholinganallur,2017-03-04,10,0,0,0,0,0,0,0,0,0,0.0,0.191121,0,0.0,0,235,2,0,0.6808,0.179,GREEN,45,Chennai
CLM0006778,CHE_00242,Porur,2024-10-14,19,0,0,0,0,1,1,1,1,1,1.0,1.0,0,1.0,0,18,2,18,0.3083,0.2078,GREEN,37,Chennai
CLM0006779,CHE_06210,Sholinganallur,2019-10-22,11,0,0,0,0,0,0,0,0,0,1.0,0.196513,0,0.0,0,420,4,5,0.8003,0.0644,GREEN,41,Chennai
CLM0006780,CHE_04436,Velachery,2021-06-24,19,0,0,0,0,0,1,0,0,0,0.0,0.333812,0,1.0,0,274,2,1,0.7204,0.1469,GREEN,56,Chennai
CLM0006781,CHE_00844,Adyar,2016-10-18,9,0,0,0,0,0,0,0,0,0,0.0,0.122938,0,0.0,0,420,0,3,0.1962,0.0,GREEN,39,Chennai
CLM0006782,CHE_02280,Sholinganallur,2021-06-15,17,0,0,0,0,0,0,0,0,0,0.0,0.079263,0,0.0,0,420,4,3,0.6981,0.1759,GREEN,32,Chennai
CLM0006783,CHE_01816,Anna Nagar,2021-12-19,11,0,0,0,0,0,0,0,0,0,0.0,0.35477,0,0.0,0,413,1,0,0.9575,0.0,GREEN,32,Chennai
CLM0006784,CHE_08241,T Nagar,2022-07-25,20,0,0,0,0,0,1,0,0,0,0.0,0.0,0,0.0,0,29,4,0,0.8571,0.0799,GREEN,53,Chennai
CLM0006785,CHE_05992,Perambur,2025-04-28,15,0,0,0,1,0,0,1,0,0,1.0,1.0,0,1.0,0,17,4,16,0.0585,0.0,GREEN,43,Chennai
CLM0006786,CHE_02085,Anna Nagar,2023-07-06,7,0,0,0,0,0,0,0,0,0,0.0,0.250624,0,0.0,0,420,0,0,0.5831,0.0578,GREEN,43,Chennai
CLM0006787,CHE_00403,Guindy,2022-08-17,21,0,0,0,0,0,0,0,0,0,0.0,0.357055,0,0.0,0,275,4,2,0.7173,0.0275,GREEN,29,Chennai
CLM0006788,CHE_07080,Guindy,2025-04-14,19,0,0,0,0,0,0,0,0,0,0.0,0.359245,0,0.0,0,119,1,1,0.7879,0.0,GREEN,43,Chennai
CLM0006789,CHE_08776,Anna Nagar,2023-06-19,15,0,0,0,0,0,0,0,0,0,0.0,0.08212,0,0.0,0,198,0,0,0.9017,0.0174,GREEN,36,Chennai
CLM0006790,CHE_06040,Chromepet,2021-09-01,7,0,0,0,0,0,0,0,0,0,0.0,0.358426,0,0.0,0,351,0,0,0.8263,0.0867,GREEN,59,Chennai
CLM0006791,CHE_04615,Porur,2024-05-01,15,0,1,1,0,0,0,0,1,0,0.0,0.0161,0,0.0,0,92,0,0,0.6128,0.0261,GREEN,34,Chennai
CLM0006792,CHE_09617,Perambur,2023-11-20,18,0,0,0,0,1,1,0,1,0,0.0,0.09193,0,0.0,0,332,0,0,0.7329,0.3376,YELLOW,36,Chennai
CLM0006793,CHE_05793,Guindy,2025-07-03,12,0,0,0,0,0,0,0,0,0,0.0,0.090175,0,0.0,0,149,3,2,0.9094,0.0148,GREEN,34,Chennai
CLM0006794,CHE_09146,Anna Nagar,2025-02-25,15,0,0,0,0,0,1,0,0,0,0.0,0.32029,0,0.0,0,420,1,3,0.05,0.0837,GREEN,51,Chennai
CLM0006795,CHE_04744,Guindy,2025-10-18,17,0,0,0,0,0,0,0,0,0,0.0,0.052559,0,0.0,0,420,2,4,0.98,0.1336,GREEN,35,Chennai
CLM0006796,CHE_02786,Anna Nagar,2024-03-12,15,0,0,0,0,0,0,0,0,0,0.0,0.249742,0,0.0,0,296,4,0,0.8257,0.0413,GREEN,27,Chennai
CLM0006797,CHE_07161,Adyar,2025-08-31,19,0,0,0,0,0,0,0,0,0,0.0,0.364078,0,0.0,0,281,2,5,0.5975,0.0,GREEN,38,Chennai
CLM0006798,CHE_00360,T Nagar,2025-12-25,19,0,0,0,0,0,0,0,0,0,0.0,0.349095,0,0.0,0,397,1,0,0.6026,0.1181,GREEN,23,Chennai
CLM0006799,CHE_09328,Adyar,2025-01-04,19,0,0,0,0,0,0,0,0,0,0.0,0.887202,1,0.0,0,79,1,2,0.6924,0.1293,GREEN,47,Chennai
CLM0006800,CHE_00773,Adyar,2025-06-06,15,0,0,0,0,1,0,0,0,0,0.0,0.25247,0,0.0,0,167,4,0,0.4603,0.0998,GREEN,31,Chennai
CLM0006801,CHE_06649,Porur,2025-02-09,16,0,0,0,0,0,0,0,1,0,1.0,0.954669,0,1.0,0,89,3,5,0.7081,0.0234,GREEN,53,Chennai
CLM0006802,CHE_04583,Anna Nagar,2024-04-30,12,0,0,0,0,0,0,0,0,0,0.0,0.106515,0,0.0,0,153,0,4,0.7655,0.0092,GREEN,46,Chennai
CLM0006803,CHE_03955,Porur,2022-06-24,20,0,0,0,0,0,0,0,0,0,0.0,0.349829,0,0.0,0,375,1,5,0.6324,0.0,GREEN,23,Chennai
CLM0006804,CHE_04577,Adyar,2025-12-12,12,0,0,0,0,0,0,0,0,0,0.0,0.416048,0,0.0,1,251,3,1,0.5193,0.0695,GREEN,47,Chennai
CLM0006805,CHE_06801,Tambaram,2025-01-08,9,0,1,1,0,0,0,0,0,0,0.0,0.063737,0,0.0,0,166,2,5,0.98,0.0297,GREEN,37,Chennai
CLM0006806,CHE_08465,Perambur,2020-12-30,8,0,0,0,0,0,0,0,0,0,1.0,1.0,0,0.0,0,373,1,0,0.8332,0.0698,GREEN,33,Chennai
CLM0006807,CHE_06300,Anna Nagar,2025-07-26,11,0,0,0,0,0,0,0,0,0,0.0,0.161879,0,0.0,0,187,0,5,0.1909,0.0907,GREEN,54,Chennai
CLM0006808,CHE_03076,T Nagar,2023-08-17,19,0,0,0,0,0,0,0,0,0,0.0,0.230853,0,0.0,0,177,4,4,0.8728,0.1397,GREEN,31,Chennai
CLM0006809,CHE_02501,Sholinganallur,2024-01-09,15,0,1,1,0,0,0,0,0,0,0.0,0.0,0,0.0,0,420,4,1,0.98,0.0143,GREEN,28,Chennai
CLM0006810,CHE_08620,Sholinganallur,2019-11-04,16,0,0,0,0,0,0,0,0,0,0.0,0.040724,0,0.0,0,287,2,1,0.788,0.1183,GREEN,57,Chennai
CLM0006811,CHE_06414,Adyar,2023-11-30,17,0,0,0,0,0,1,0,0,0,1.0,0.099048,0,0.0,0,236,4,0,0.691,0.1478,GREEN,24,Chennai
CLM0006812,CHE_09793,Adyar,2025-02-15,11,0,0,0,0,0,0,0,0,0,0.0,0.168433,1,0.0,0,234,0,2,0.6462,0.1066,GREEN,52,Chennai
CLM0006813,CHE_07243,Chromepet,2020-11-10,19,0,0,0,0,0,0,0,0,0,0.0,0.247838,0,0.0,0,300,2,2,0.9078,0.0819,GREEN,36,Chennai
CLM0006814,CHE_02898,Sholinganallur,2021-11-10,8,0,0,0,0,0,0,0,0,0,0.0,0.279348,0,0.0,0,370,3,1,0.5507,0.0048,GREEN,51,Chennai
CLM0006815,CHE_09667,Sholinganallur,2023-09-11,17,0,0,0,0,0,0,0,0,0,0.0,0.179491,0,0.0,0,78,0,2,0.7631,0.0,GREEN,30,Chennai
CLM0006816,CHE_08942,Velachery,2024-03-09,19,0,0,0,0,0,1,1,1,1,0.0,0.125693,0,0.0,0,5,4,18,0.9794,0.0241,GREEN,51,Chennai
CLM0006817,CHE_00737,T Nagar,2022-04-30,12,0,0,0,0,0,0,0,0,0,0.0,0.315192,0,1.0,0,141,0,7,0.5325,0.0924,GREEN,26,Chennai
CLM0006818,CHE_00053,Guindy,2025-02-12,12,0,0,0,0,0,0,0,0,0,0.0,0.075615,0,0.0,0,408,2,2,0.6666,0.0571,GREEN,54,Chennai
CLM0006819,CHE_04394,Adyar,2023-05-28,20,0,0,0,0,0,0,1,0,0,0.0,0.247681,0,0.0,0,420,2,0,0.6218,0.1179,GREEN,43,Chennai
CLM0006820,CHE_03966,Tambaram,2025-10-26,14,0,0,0,0,0,1,0,0,0,0.0,0.053254,0,0.0,0,237,4,2,0.5987,0.2269,GREEN,21,Chennai
CLM0006821,CHE_07592,Sholinganallur,2024-04-28,17,0,0,0,0,0,0,0,0,0,0.0,0.30094,1,0.0,0,238,4,2,0.8024,0.0,GREEN,39,Chennai
CLM0006822,CHE_06881,Guindy,2023-10-13,10,0,0,0,1,0,0,0,0,0,0.0,0.902099,0,0.0,0,37,1,0,0.98,0.172,GREEN,50,Chennai
CLM0006823,CHE_07584,Guindy,2023-07-09,13,0,0,0,1,0,1,1,1,1,0.0,0.077145,0,0.0,1,14,0,18,0.8427,0.0538,GREEN,38,Chennai
CLM0006824,CHE_08574,Velachery,2025-03-08,17,0,0,0,0,0,0,0,0,0,0.0,0.015272,0,0.0,0,267,1,4,0.8562,0.0,GREEN,34,Chennai
CLM0006825,CHE_01629,Guindy,2023-12-11,8,1,0,0,0,0,0,0,0,0,0.0,0.33929,0,0.0,0,419,4,4,0.5682,0.0,GREEN,28,Chennai
CLM0006826,CHE_09477,Guindy,2024-12-19,19,0,0,0,0,0,0,0,1,0,0.0,0.253861,0,0.0,0,420,0,0,0.1571,0.1852,GREEN,41,Chennai
CLM0006827,CHE_07696,T Nagar,2023-04-18,15,0,0,0,0,0,0,0,0,0,0.0,0.0,0,0.0,0,420,3,0,0.4958,0.0701,GREEN,51,Chennai
CLM0006828,CHE_08722,Chromepet,2023-06-15,12,0,0,0,0,0,0,0,0,0,0.0,0.288616,1,0.0,0,420,3,5,0.9697,0.1259,GREEN,45,Chennai
CLM0006829,CHE_01250,Velachery,2025-07-15,20,0,0,0,0,0,0,0,0,0,0.0,0.045218,0,0.0,0,58,4,2,0.5081,0.0,GREEN,26,Chennai
CLM0006830,CHE_05142,Adyar,2023-06-29,8,0,0,0,1,1,0,1,1,0,0.0,0.850165,1,1.0,1,5,0,18,0.1539,0.1711,GREEN,32,Chennai
CLM0006831,CHE_01339,T Nagar,2024-01-05,21,0,0,0,0,0,0,1,0,1,0.0,0.168521,0,0.0,0,347,2,3,0.8006,0.1848,GREEN,31,Chennai
CLM0006832,CHE_09938,Adyar,2022-04-26,15,0,0,0,0,0,0,0,0,0,0.0,0.317913,0,0.0,0,416,2,0,0.3461,0.0,GREEN,34,Chennai
CLM0006833,CHE_04911,Velachery,2023-12-16,19,0,1,1,0,0,0,0,0,0,0.0,0.292633,0,0.0,0,292,1,5,0.6328,0.0251,GREEN,39,Chennai
CLM0006834,CHE_02165,Velachery,2025-05-25,14,0,0,0,0,0,0,0,0,0,0.0,0.277927,0,0.0,0,420,4,1,0.5941,0.0119,GREEN,41,Chennai
CLM0006835,CHE_05169,Guindy,2024-03-10,18,0,0,0,0,0,0,0,0,1,0.0,0.316666,0,0.0,0,78,1,1,0.2541,0.192,GREEN,47,Chennai
CLM0006836,CHE_08021,Chromepet,2023-12-20,19,0,0,0,0,0,0,0,0,0,0.0,0.453939,0,1.0,0,397,3,3,0.9718,0.0572,GREEN,30,Chennai
CLM0006837,CHE_08379,Velachery,2022-11-07,10,0,0,0,0,0,0,1,0,0,0.0,0.337609,0,1.0,0,334,3,4,0.8206,0.0784,GREEN,44,Chennai
CLM0006838,CHE_00505,Chromepet,2025-09-11,20,0,0,0,0,1,0,0,0,0,0.0,0.129626,0,0.0,0,420,0,7,0.5939,0.1489,GREEN,41,Chennai
CLM0006839,CHE_05966,Adyar,2023-02-06,7,0,0,0,0,0,0,0,0,0,0.0,0.159004,0,0.0,0,420,1,3,0.98,0.0537,GREEN,27,Chennai
CLM0006840,CHE_09057,Tambaram,2024-12-12,19,0,0,0,0,0,0,1,0,0,0.0,0.134696,0,0.0,0,319,2,7,0.1438,0.0403,GREEN,50,Chennai
CLM0006841,CHE_09283,Anna Nagar,2024-10-15,19,0,0,0,0,0,0,0,1,0,0.0,1.0,0,0.0,0,277,2,6,0.6992,0.1859,GREEN,31,Chennai
CLM0006842,CHE_03927,Porur,2023-10-22,7,0,0,0,0,0,1,0,0,0,0.0,0.007255,0,0.0,0,285,4,0,0.5312,0.0964,GREEN,32,Chennai
CLM0006843,CHE_09247,Velachery,2025-03-17,10,0,0,0,0,0,0,1,1,0,0.0,0.172733,1,0.0,0,371,4,0,0.0777,0.2142,GREEN,39,Chennai
CLM0006844,CHE_00749,Guindy,2019-10-25,14,0,0,0,1,0,1,1,1,0,1.0,1.0,0,1.0,1,5,2,18,0.9477,0.0037,GREEN,18,Chennai
CLM0006845,CHE_01056,Velachery,2018-05-21,10,0,0,0,0,0,0,0,0,0,0.0,0.249349,0,0.0,0,30,1,1,0.05,0.1093,GREEN,23,Chennai
CLM0006846,CHE_01369,Velachery,2021-04-11,13,0,0,0,0,0,0,0,0,0,0.0,0.031571,0,0.0,0,210,1,3,0.7299,0.0,GREEN,44,Chennai
CLM0006847,CHE_00213,T Nagar,2020-06-03,13,0,0,0,0,0,0,0,0,0,0.0,0.0,0,0.0,0,247,3,0,0.7909,0.0211,GREEN,41,Chennai
CLM0006848,CHE_03244,Porur,2024-09-09,14,0,0,0,0,0,0,0,0,0,0.0,0.400595,0,0.0,0,107,2,4,0.6197,0.0,GREEN,37,Chennai
CLM0006849,CHE_09472,T Nagar,2015-10-16,7,0,0,0,0,0,1,0,1,0,0.0,0.994487,0,0.0,0,218,2,2,0.9156,0.2367,GREEN,18,Chennai
CLM0006850,CHE_02177,Anna Nagar,2017-05-08,20,0,0,0,0,0,0,0,0,0,0.0,0.33136,0,0.0,0,333,1,0,0.262,0.0,GREEN,34,Chennai
CLM0006851,CHE_08282,Guindy,2016-01-27,13,0,0,0,0,0,0,0,0,0,0.0,0.241021,0,0.0,0,397,0,1,0.3081,0.0678,GREEN,35,Chennai
CLM0006852,CHE_03801,Velachery,2022-03-25,10,0,0,0,0,0,0,0,0,0,0.0,0.107785,0,0.0,0,336,2,1,0.98,0.0,GREEN,34,Chennai
CLM0006853,CHE_09926,Perambur,2022-03-02,14,0,0,0,0,0,0,1,0,0,0.0,0.332871,0,0.0,0,420,4,5,0.7783,0.036,GREEN,40,Chennai
CLM0006854,CHE_09587,Velachery,2021-03-14,17,0,0,0,0,0,0,0,0,0,0.0,1.0,0,0.0,0,356,2,3,0.6229,0.0,GREEN,28,Chennai
CLM0006855,CHE_06942,Perambur,2025-11-03,10,0,0,0,0,0,0,0,0,0,0.0,0.946063,0,0.0,0,259,2,4,0.4979,0.0,GREEN,22,Chennai
CLM0006856,CHE_03872,Anna Nagar,2018-02-24,15,0,0,0,0,0,0,0,0,0,0.0,0.99465,0,0.0,0,420,4,5,0.9738,0.0,GREEN,43,Chennai
CLM0006857,CHE_05606,Adyar,2021-12-30,8,0,0,0,0,1,0,0,0,0,0.0,0.049504,0,0.0,0,98,0,0,0.9351,0.1311,GREEN,21,Chennai
CLM0006858,CHE_01235,Sholinganallur,2019-12-29,12,0,0,0,0,0,0,0,0,0,0.0,0.1016,0,0.0,0,114,1,0,0.7428,0.0625,GREEN,29,Chennai
CLM0006859,CHE_05158,Anna Nagar,2021-11-23,21,0,0,0,0,0,0,1,0,0,0.0,0.0,0,1.0,0,356,3,2,0.4868,0.0,GREEN,19,Chennai
CLM0006860,CHE_02663,Anna Nagar,2017-06-05,12,0,1,1,1,0,1,1,1,1,0.0,0.94461,1,1.0,0,8,2,18,0.2531,0.6978,RED,42,Chennai
CLM0006861,CHE_02513,Velachery,2017-06-16,7,0,1,1,1,1,1,1,1,1,1.0,0.856575,0,0.0,0,41,0,18,0.98,0.6938,RED,40,Chennai
CLM0006862,CHE_06458,Sholinganallur,2019-05-14,17,0,1,1,0,1,0,1,1,1,1.0,0.948236,0,0.0,1,5,1,18,0.3875,0.6879,RED,43,Chennai
CLM0006863,CHE_01448,Velachery,2025-02-10,13,0,1,1,0,0,0,1,0,0,0.0,0.125634,0,0.0,0,125,1,0,0.2073,0.5067,YELLOW,42,Chennai
CLM0006864,CHE_06907,Adyar,2024-01-16,18,0,1,1,0,1,0,1,1,1,0.0,1.0,1,0.0,1,20,0,18,0.05,0.7773,RED,37,Chennai
CLM0006865,CHE_08220,Porur,2017-02-13,8,0,1,1,1,1,1,1,0,1,1.0,1.0,1,0.0,0,5,1,18,0.05,0.7414,RED,42,Chennai
CLM0006866,CHE_04416,Perambur,2021-06-24,21,0,1,1,1,1,1,1,1,1,0.0,0.244583,0,0.0,0,40,1,18,0.1136,0.9522,RED,26,Chennai
CLM0006867,CHE_05691,Guindy,2024-02-21,13,0,0,0,0,0,0,0,0,0,0.0,0.370071,0,0.0,0,82,1,2,0.8825,0.0674,GREEN,30,Chennai
CLM0006868,CHE_05190,Chromepet,2025-12-04,18,0,0,0,0,0,0,0,0,0,0.0,0.228642,0,0.0,0,420,3,4,0.6949,0.0,GREEN,42,Chennai
CLM0006869,CHE_07708,Guindy,2025-01-30,13,0,0,0,0,0,0,0,0,1,0.0,0.037324,0,0.0,0,420,4,2,0.8366,0.1586,GREEN,37,Chennai
CLM0006870,CHE_06279,Adyar,2024-07-05,14,0,0,0,0,0,0,0,0,1,0.0,0.273063,1,0.0,0,406,1,4,0.6927,0.1598,GREEN,42,Chennai
CLM0006871,CHE_07276,Chromepet,2025-05-12,11,0,0,0,0,0,1,0,1,0,0.0,0.312188,1,0.0,0,420,3,2,0.9428,0.1963,GREEN,48,Chennai
CLM0006872,CHE_06914,Velachery,2017-06-18,16,0,0,0,0,0,0,0,1,0,0.0,0.165644,0,0.0,0,420,1,2,0.7756,0.0337,GREEN,51,Chennai
CLM0006873,CHE_07577,Velachery,2021-03-01,19,0,0,0,0,0,0,1,0,0,0.0,0.032294,0,0.0,0,366,4,0,0.7628,0.0883,GREEN,32,Chennai
CLM0006874,CHE_03232,Chromepet,2020-03-09,18,0,0,0,0,0,0,0,0,0,1.0,0.059827,0,0.0,0,420,2,3,0.98,0.0768,GREEN,38,Chennai
CLM0006875,CHE_07202,Chromepet,2023-12-20,14,0,0,0,0,0,0,0,0,0,0.0,0.024062,0,0.0,0,295,4,6,0.6558,0.067,GREEN,43,Chennai
CLM0006876,CHE_01682,Adyar,2025-01-16,19,0,0,0,0,0,0,0,0,0,0.0,0.306265,0,0.0,0,175,1,2,0.8417,0.0,GREEN,45,Chennai
CLM0006877,CHE_04721,Porur,2021-08-05,7,0,0,0,0,0,0,0,0,0,0.0,0.264947,0,0.0,0,143,3,1,0.8641,0.0,GREEN,24,Chennai
CLM0006878,CHE_03061,Chromepet,2024-03-08,21,0,0,0,0,0,0,0,0,0,0.0,0.063837,0,0.0,0,254,2,0,0.9206,0.0,GREEN,40,Chennai
CLM0006879,CHE_07667,Porur,2023-06-03,21,0,0,0,0,0,0,0,0,0,0.0,0.23255,0,0.0,0,377,1,8,0.05,0.0052,GREEN,45,Chennai
CLM0006880,CHE_02693,Velachery,2019-07-23,7,0,0,0,0,1,0,0,0,0,0.0,0.074258,0,0.0,0,381,2,1,0.0997,0.1313,GREEN,31,Chennai
CLM0006881,CHE_02595,Guindy,2019-12-01,12,0,0,0,0,0,0,0,0,0,0.0,0.0,0,0.0,0,298,1,3,0.4315,0.0854,GREEN,34,Chennai
CLM0006882,CHE_03704,Velachery,2019-12-18,16,0,0,0,0,0,0,0,0,0,1.0,0.049006,0,0.0,0,420,1,2,0.6322,0.0522,GREEN,35,Chennai
CLM0006883,CHE_03580,Adyar,2017-10-20,11,0,0,0,0,0,0,0,0,0,0.0,0.0,0,0.0,0,393,0,5,0.6272,0.0,GREEN,45,Chennai
CLM0006884,CHE_04783,Guindy,2019-05-07,19,0,0,0,0,1,0,0,0,0,0.0,0.077568,0,0.0,0,52,2,2,0.7616,0.0746,GREEN,31,Chennai
CLM0006885,CHE_00576,Guindy,2024-03-13,14,0,0,0,0,0,0,0,0,0,0.0,0.179183,0,0.0,0,331,0,6,0.5942,0.0664,GREEN,47,Chennai
CLM0006886,CHE_00897,Porur,2024-02-21,12,0,0,0,0,0,0,0,0,0,0.0,0.095403,0,0.0,0,178,0,0,0.816,0.0,GREEN,28,Chennai
CLM0006887,CHE_08859,Chromepet,2021-03-01,17,0,0,0,0,0,0,0,0,0,0.0,0.193903,0,0.0,0,55,1,2,0.7841,0.0,GREEN,38,Chennai
CLM0006888,CHE_08591,Perambur,2019-03-26,10,0,0,0,0,0,0,0,0,0,0.0,0.212948,0,0.0,0,303,2,6,0.8741,0.0,GREEN,57,Chennai
CLM0006889,CHE_05924,Velachery,2025-05-14,8,0,0,0,0,0,0,0,0,0,0.0,0.171887,0,0.0,0,251,2,2,0.9632,0.0002,GREEN,31,Chennai
CLM0006890,CHE_03850,Chromepet,2022-10-12,18,0,0,0,0,0,0,0,1,0,0.0,0.247628,0,0.0,0,137,0,5,0.5653,0.0463,GREEN,56,Chennai
CLM0006891,CHE_00830,Adyar,2024-08-02,7,0,0,0,0,0,0,0,0,0,0.0,0.0,0,0.0,0,384,4,2,0.98,0.0762,GREEN,31,Chennai
CLM0006892,CHE_02321,Adyar,2024-02-13,20,0,0,0,0,0,0,0,1,0,0.0,0.371496,0,0.0,0,93,0,1,0.5577,0.1185,GREEN,30,Chennai
CLM0006893,CHE_00383,Velachery,2025-01-16,19,0,0,0,0,0,0,0,0,0,0.0,0.03632,0,0.0,0,145,0,5,0.98,0.0,GREEN,47,Chennai
CLM0006894,CHE_04906,Sholinganallur,2024-07-26,20,0,0,0,1,0,0,0,1,1,1.0,1.0,1,0.0,1,5,1,18,0.9667,0.1734,GREEN,30,Chennai
CLM0006895,CHE_04874,Porur,2024-02-14,14,0,0,0,0,1,0,0,0,0,0.0,0.031369,0,1.0,0,420,4,4,0.6891,0.0415,GREEN,39,Chennai
CLM0006896,CHE_09391,Guindy,2024-04-09,14,0,0,0,0,0,0,0,0,0,0.0,0.174098,0,0.0,0,418,0,4,0.9342,0.041,GREEN,37,Chennai
CLM0006897,CHE_01758,Sholinganallur,2019-04-20,15,0,0,0,0,0,0,0,0,0,0.0,0.18342,0,0.0,0,20,4,2,0.7931,0.0246,GREEN,32,Chennai
CLM0006898,CHE_06632,Adyar,2020-07-27,9,0,0,0,0,0,0,1,0,0,1.0,0.312638,0,0.0,0,149,2,0,0.8227,0.1199,GREEN,18,Chennai
CLM0006899,CHE_05370,Chromepet,2023-03-13,21,0,0,0,0,0,1,1,0,0,1.0,0.414762,0,0.0,0,237,4,1,0.0547,0.254,GREEN,57,Chennai
CLM0006900,CHE_03814,Perambur,2017-09-22,8,0,0,0,0,0,0,0,0,0,1.0,1.0,0,1.0,0,368,1,4,0.3036,0.094,GREEN,30,Chennai
CLM0006901,CHE_06029,Porur,2024-10-28,9,0,0,0,1,1,0,1,1,0,0.0,0.122903,0,0.0,1,14,0,18,0.98,0.0,GREEN,38,Chennai
CLM0006902,CHE_07512,Guindy,2022-07-29,17,0,0,0,0,0,0,0,0,0,0.0,0.318658,0,0.0,0,172,1,1,0.4658,0.0,GREEN,52,Chennai
CLM0006903,CHE_09240,Porur,2015-04-11,13,0,0,0,0,0,0,0,0,0,0.0,0.16696,0,0.0,0,252,3,0,0.2009,0.0318,GREEN,26,Chennai
CLM0006904,CHE_02242,Sholinganallur,2017-10-26,7,0,0,0,0,0,1,0,0,0,0.0,0.228519,0,0.0,0,207,3,1,0.8751,0.1704,GREEN,48,Chennai
CLM0006905,CHE_03444,Chromepet,2025-07-05,15,0,0,0,1,0,0,0,1,0,0.0,1.0,0,0.0,0,411,4,1,0.8665,0.0225,GREEN,18,Chennai
CLM0006906,CHE_09247,Velachery,2022-02-24,16,0,0,0,0,0,0,0,0,0,0.0,0.148407,0,0.0,0,316,3,3,0.4972,0.0409,GREEN,39,Chennai
CLM0006907,CHE_03866,T Nagar,2021-11-09,10,0,0,0,0,0,1,0,0,0,0.0,0.192347,0,0.0,0,420,0,2,0.6579,0.0716,GREEN,39,Chennai
CLM0006908,CHE_00706,Porur,2025-09-29,18,0,0,0,1,0,0,0,0,0,0.0,0.0,0,0.0,0,420,4,0,0.7025,0.1503,GREEN,46,Chennai
CLM0006909,CHE_09718,Adyar,2025-05-28,20,0,0,0,0,0,0,0,0,0,0.0,0.048562,0,0.0,1,165,3,0,0.2212,0.0484,GREEN,46,Chennai
CLM0006910,CHE_05503,Adyar,2025-04-25,7,0,0,0,0,0,0,0,0,0,1.0,0.367029,0,0.0,0,230,0,1,0.9446,0.0719,GREEN,46,Chennai
CLM0006911,CHE_01680,Porur,2025-05-15,10,0,0,0,0,1,0,0,0,0,0.0,0.104752,0,0.0,0,159,0,0,0.05,0.0965,GREEN,19,Chennai
CLM0006912,CHE_00270,Porur,2025-07-05,21,0,0,0,0,1,0,0,0,0,1.0,0.202736,0,0.0,0,207,4,2,0.6061,0.1859,GREEN,30,Chennai
CLM0006913,CHE_02780,Adyar,2025-07-03,13,0,0,0,0,0,0,0,0,0,1.0,0.133063,0,0.0,0,420,4,0,0.9792,0.1019,GREEN,51,Chennai
CLM0006914,CHE_08814,Velachery,2025-08-17,7,0,0,0,0,0,0,0,0,0,0.0,0.202333,0,0.0,0,420,2,0,0.2543,0.0586,GREEN,28,Chennai
CLM0006915,CHE_03590,Velachery,2025-09-06,12,0,0,0,0,0,0,1,0,0,0.0,0.036689,0,0.0,0,176,0,1,0.5321,0.0,GREEN,47,Chennai
CLM0006916,CHE_06600,Adyar,2025-06-28,14,0,0,0,0,0,0,0,0,0,0.0,0.083513,0,0.0,0,347,4,5,0.98,0.0333,GREEN,25,Chennai
CLM0006917,CHE_00230,Anna Nagar,2025-01-04,19,0,0,0,1,0,0,0,0,0,0.0,0.328232,0,0.0,0,420,1,4,0.4612,0.1173,GREEN,44,Chennai
CLM0006918,CHE_05754,Chromepet,2025-03-13,13,0,0,0,0,0,1,0,1,0,0.0,0.180473,0,0.0,0,26,2,0,0.5291,0.1877,GREEN,40,Chennai
CLM0006919,CHE_04230,Adyar,2025-06-07,7,0,0,0,0,0,0,0,1,0,0.0,0.297077,0,0.0,0,382,3,0,0.8648,0.1041,GREEN,33,Chennai
CLM0006920,CHE_00099,Sholinganallur,2025-10-25,9,0,0,0,0,0,0,0,0,0,0.0,0.121492,0,0.0,0,284,2,0,0.841,0.0,GREEN,37,Chennai
CLM0006921,CHE_06191,Velachery,2025-02-19,15,0,0,0,0,0,0,0,0,0,0.0,0.316447,0,0.0,0,45,0,3,0.6433,0.0162,GREEN,41,Chennai
CLM0006922,CHE_01349,T Nagar,2025-11-24,7,0,0,0,0,0,1,1,0,0,1.0,0.043145,0,0.0,0,420,1,1,0.6669,0.045,GREEN,37,Chennai
CLM0006923,CHE_05452,T Nagar,2025-03-14,18,0,0,0,0,0,0,1,0,0,0.0,0.967663,0,0.0,0,29,1,0,0.1327,0.0,GREEN,35,Chennai
CLM0006924,CHE_05483,Guindy,2025-02-14,16,0,0,0,0,0,0,0,0,0,0.0,0.346956,0,0.0,0,262,1,2,0.9009,0.0018,GREEN,46,Chennai
CLM0006925,CHE_09949,Velachery,2024-12-26,8,0,0,0,0,0,0,0,0,1,0.0,0.41699,0,0.0,0,385,2,1,0.191,0.1284,GREEN,48,Chennai
CLM0006926,CHE_06509,Sholinganallur,2024-09-06,19,0,0,0,0,0,0,0,0,0,0.0,0.097555,0,0.0,1,21,4,0,0.5411,0.0,GREEN,20,Chennai
CLM0006927,CHE_08223,Sholinganallur,2025-05-29,20,0,0,0,1,1,0,1,0,1,0.0,0.15702,0,0.0,0,5,1,18,0.9402,0.0861,GREEN,39,Chennai
CLM0006928,CHE_04192,Guindy,2024-08-14,21,0,0,0,0,0,1,0,0,0,0.0,0.308548,0,0.0,0,255,0,0,0.5568,0.0611,GREEN,52,Chennai
CLM0006929,CHE_02660,Anna Nagar,2024-08-05,8,0,0,0,0,0,0,0,0,0,0.0,0.332098,0,1.0,0,172,0,2,0.98,0.0017,GREEN,36,Chennai
CLM0006930,CHE_04231,Adyar,2025-08-03,15,0,0,0,0,0,0,0,0,0,0.0,0.136968,0,0.0,0,420,2,3,0.05,0.0592,GREEN,30,Chennai
CLM0006931,CHE_01233,Velachery,2025-01-30,14,0,0,0,0,0,0,0,0,0,0.0,0.248702,1,0.0,0,420,4,1,0.0937,0.0386,GREEN,39,Chennai
CLM0006932,CHE_07351,T Nagar,2024-06-22,18,0,0,0,0,0,0,0,0,0,0.0,0.320918,0,0.0,0,98,2,4,0.6688,0.0224,GREEN,47,Chennai
CLM0006933,CHE_00675,Sholinganallur,2024-02-13,11,0,0,0,0,0,0,0,0,0,0.0,1.0,0,0.0,0,42,0,0,0.2803,0.0862,GREEN,46,Chennai
CLM0006934,CHE_04361,Adyar,2025-05-05,8,0,0,0,0,0,0,1,0,0,1.0,0.231397,0,0.0,0,410,0,3,0.7743,0.1203,GREEN,18,Chennai
CLM0006935,CHE_01480,Perambur,2023-07-17,11,0,0,0,0,0,0,0,0,0,0.0,0.365437,0,0.0,0,203,3,5,0.05,0.0,GREEN,27,Chennai
CLM0006936,CHE_06395,Porur,2023-10-30,15,0,0,0,0,0,0,0,0,0,0.0,0.054491,0,0.0,0,53,3,2,0.5224,0.0,GREEN,50,Chennai
CLM0006937,CHE_04383,Guindy,2023-09-05,14,0,0,0,0,0,0,0,0,0,0.0,0.378206,1,0.0,0,420,1,3,0.98,0.1169,GREEN,34,Chennai
CLM0006938,CHE_04788,Adyar,2020-09-09,20,0,0,0,0,0,1,0,0,0,0.0,0.0,0,0.0,0,81,2,2,0.5648,0.0079,GREEN,45,Chennai
CLM0006939,CHE_07986,Adyar,2023-10-16,12,0,0,0,0,0,0,0,0,0,0.0,0.313339,0,0.0,0,420,4,1,0.8867,0.0,GREEN,21,Chennai
CLM0006940,CHE_07734,Porur,2022-09-09,8,0,0,0,0,0,0,1,0,1,0.0,0.208598,0,0.0,0,159,0,1,0.4694,0.1772,GREEN,60,Chennai
CLM0006941,CHE_09550,Adyar,2024-05-27,7,0,0,0,0,0,0,0,0,0,0.0,0.174485,0,0.0,0,196,0,1,0.8419,0.0,GREEN,53,Chennai
CLM0006942,CHE_04357,Velachery,2023-04-20,21,0,0,0,0,0,0,0,0,0,0.0,0.109039,0,0.0,0,371,0,1,0.6325,0.0538,GREEN,38,Chennai
CLM0006943,CHE_04006,Velachery,2025-04-17,21,0,0,0,0,0,1,0,1,0,0.0,0.382669,0,0.0,0,285,4,5,0.8058,0.1981,GREEN,38,Chennai
CLM0006944,CHE_05550,T Nagar,2020-06-15,16,0,0,0,0,0,0,0,1,0,0.0,0.212761,0,0.0,0,365,4,1,0.05,0.2366,GREEN,28,Chennai
CLM0006945,CHE_00809,Guindy,2022-07-02,9,0,0,0,0,0,0,0,0,0,1.0,1.0,0,0.0,0,202,3,4,0.98,0.104,GREEN,38,Chennai
CLM0006946,CHE_05795,Perambur,2025-05-03,8,0,0,0,0,0,0,0,0,0,0.0,0.0,0,0.0,0,354,4,1,0.4905,0.0377,GREEN,21,Chennai
CLM0006947,CHE_07747,Tambaram,2025-06-25,18,0,0,0,1,0,1,0,1,1,1.0,0.209348,0,0.0,1,13,2,18,0.05,0.1361,GREEN,45,Chennai
CLM0006948,CHE_07880,Adyar,2023-12-29,15,0,0,0,0,0,0,0,0,0,1.0,0.290338,0,0.0,0,411,3,2,0.8919,0.2242,GREEN,37,Chennai
CLM0006949,CHE_07228,Tambaram,2021-07-08,21,0,0,0,0,0,0,0,0,0,0.0,0.232806,0,0.0,0,313,0,7,0.3677,0.0,GREEN,32,Chennai
CLM0006950,CHE_05717,Anna Nagar,2025-06-26,11,0,0,0,0,0,0,1,0,0,0.0,0.045289,0,0.0,1,329,1,0,0.5874,0.2378,GREEN,32,Chennai
CLM0006951,CHE_01837,Velachery,2023-12-12,13,0,1,1,0,0,0,0,0,0,0.0,0.22711,0,0.0,0,114,2,3,0.6723,0.0,GREEN,35,Chennai
CLM0006952,CHE_06277,Adyar,2021-09-14,15,0,0,0,0,0,0,0,0,0,1.0,0.889462,0,0.0,0,249,2,4,0.5198,0.0,GREEN,31,Chennai
CLM0006953,CHE_04462,Guindy,2023-08-09,11,0,0,0,0,0,0,0,0,0,0.0,0.016253,0,0.0,0,154,1,6,0.9355,0.0,GREEN,52,Chennai
CLM0006954,CHE_06616,Adyar,2021-02-25,15,0,0,0,0,0,0,0,0,0,0.0,0.137953,0,0.0,0,420,1,0,0.6509,0.0,GREEN,45,Chennai
CLM0006955,CHE_08042,Chromepet,2022-06-20,16,0,0,0,0,0,0,0,0,0,0.0,0.270642,0,0.0,0,347,2,5,0.6522,0.0,GREEN,49,Chennai
CLM0006956,CHE_06097,Sholinganallur,2023-07-05,11,0,0,0,0,0,0,0,0,0,0.0,0.428434,0,0.0,0,165,3,3,0.7577,0.0,GREEN,32,Chennai
CLM0006957,CHE_03885,Anna Nagar,2025-07-13,17,0,0,0,0,0,0,0,0,0,0.0,0.935161,0,0.0,0,211,4,4,0.286,0.0,GREEN,22,Chennai
CLM0006958,CHE_02753,Porur,2025-03-17,7,0,0,0,0,0,0,0,0,0,0.0,0.0,0,0.0,0,123,3,5,0.748,0.0,GREEN,39,Chennai
CLM0006959,CHE_04191,Perambur,2021-10-01,21,0,0,0,0,0,0,0,0,0,0.0,0.455309,0,0.0,0,375,1,2,0.7828,0.0703,GREEN,33,Chennai
CLM0006960,CHE_08461,T Nagar,2018-10-13,13,0,0,0,1,1,1,1,0,0,1.0,1.0,1,1.0,1,5,4,18,0.98,0.0417,GREEN,47,Chennai
CLM0006961,CHE_06316,Adyar,2016-11-04,12,0,0,0,0,1,0,0,0,0,0.0,0.945018,1,0.0,0,254,0,0,0.6714,0.1701,GREEN,42,Chennai
CLM0006962,CHE_08009,Guindy,2022-11-30,12,0,0,0,0,0,0,0,0,0,0.0,1.0,0,0.0,0,302,1,5,0.8969,0.0084,GREEN,27,Chennai
CLM0006963,CHE_03950,Anna Nagar,2024-05-13,10,0,0,0,0,0,0,0,0,0,0.0,0.257438,0,0.0,0,268,3,3,0.0558,0.0,GREEN,51,Chennai
CLM0006964,CHE_05185,T Nagar,2017-06-08,13,0,0,0,0,0,0,0,0,0,0.0,0.926113,0,0.0,0,67,3,1,0.8684,0.0197,GREEN,19,Chennai
CLM0006965,CHE_02806,Velachery,2022-07-23,16,0,0,0,0,0,0,0,0,0,0.0,0.338548,0,0.0,0,420,0,0,0.9066,0.0,GREEN,33,Chennai
CLM0006966,CHE_00998,Guindy,2019-02-08,17,0,0,0,0,0,0,0,0,0,0.0,0.0,1,0.0,0,345,0,0,0.8607,0.1025,GREEN,42,Chennai
CLM0006967,CHE_05520,Porur,2016-06-11,21,0,0,0,0,0,0,0,0,0,0.0,0.352033,0,0.0,0,189,1,3,0.5982,0.0,GREEN,25,Chennai
CLM0006968,CHE_03697,Guindy,2020-08-05,8,0,0,0,0,0,0,0,0,0,0.0,0.266775,0,0.0,0,408,1,9,0.8369,0.0119,GREEN,47,Chennai
CLM0006969,CHE_06180,Velachery,2024-03-07,20,0,0,0,0,0,0,1,0,0,0.0,0.171821,0,0.0,0,319,0,4,0.5314,0.0956,GREEN,31,Chennai
CLM0006970,CHE_05313,Chromepet,2023-10-09,18,0,0,0,0,0,0,0,0,0,0.0,0.013001,0,0.0,0,406,2,1,0.5074,0.0,GREEN,40,Chennai
CLM0006971,CHE_07802,Anna Nagar,2024-02-18,16,0,1,1,0,0,0,0,0,0,0.0,0.277881,0,0.0,1,86,0,3,0.98,0.1042,GREEN,52,Chennai
CLM0006972,CHE_00459,Tambaram,2024-05-07,9,0,0,0,0,0,0,0,0,0,0.0,0.997707,0,0.0,0,55,2,2,0.98,0.0249,GREEN,31,Chennai
CLM0006973,CHE_02207,Anna Nagar,2023-05-27,8,0,0,0,0,0,0,0,0,0,0.0,0.254986,0,0.0,0,313,3,2,0.9119,0.0,GREEN,29,Chennai
CLM0006974,CHE_01086,Tambaram,2025-10-05,15,0,0,0,0,0,0,0,0,1,0.0,0.226238,0,0.0,0,100,3,1,0.1537,0.1406,GREEN,41,Chennai
CLM0006975,CHE_08956,Chromepet,2020-01-31,17,0,1,1,0,0,0,0,1,0,0.0,0.926265,0,0.0,0,125,0,0,0.9706,0.1019,GREEN,40,Chennai
CLM0006976,CHE_07186,Tambaram,2024-09-13,12,0,0,0,0,0,0,0,0,0,0.0,0.075274,0,0.0,0,420,3,3,0.9296,0.0254,GREEN,23,Chennai
CLM0006977,CHE_06598,Perambur,2025-09-16,20,0,0,0,0,0,1,0,0,0,0.0,0.195647,0,0.0,0,85,2,0,0.152,0.0801,GREEN,51,Chennai
CLM0006978,CHE_09903,Chromepet,2020-01-16,14,0,0,0,0,0,0,0,0,0,0.0,0.304748,0,0.0,1,152,4,1,0.98,0.1394,GREEN,37,Chennai
CLM0006979,CHE_08580,Sholinganallur,2020-12-11,10,0,0,0,0,0,0,0,0,0,0.0,0.210872,0,0.0,0,192,4,3,0.788,0.0166,GREEN,42,Chennai
CLM0006980,CHE_09082,Adyar,2021-07-16,15,0,0,0,0,0,0,0,0,0,0.0,0.462245,0,0.0,0,167,3,3,0.205,0.0678,GREEN,55,Chennai
CLM0006981,CHE_03105,T Nagar,2021-11-13,11,0,0,0,0,0,0,0,0,0,1.0,0.230839,0,0.0,0,365,4,0,0.5927,0.1097,GREEN,32,Chennai
CLM0006982,CHE_01578,T Nagar,2021-05-10,12,0,0,0,0,0,0,0,0,0,0.0,0.093249,0,0.0,0,102,1,0,0.5344,0.0,GREEN,45,Chennai
CLM0006983,CHE_08613,Guindy,2021-01-20,13,0,1,1,0,0,0,0,1,0,0.0,0.242526,0,0.0,0,217,3,7,0.7529,0.0969,GREEN,38,Chennai
CLM0006984,CHE_05635,T Nagar,2023-12-05,10,0,1,1,0,0,0,1,0,0,0.0,0.0,0,0.0,0,244,2,2,0.4775,0.0494,GREEN,38,Chennai
CLM0006985,CHE_05005,T Nagar,2020-02-21,18,0,0,0,0,0,0,0,0,0,0.0,0.37086,0,0.0,0,140,0,1,0.3026,0.0258,GREEN,48,Chennai
CLM0006986,CHE_07938,Perambur,2020-05-04,14,0,0,0,0,0,0,0,0,0,1.0,1.0,1,1.0,0,105,1,0,0.05,0.0817,GREEN,44,Chennai
CLM0006987,CHE_03883,Porur,2020-06-03,13,0,0,0,0,0,0,0,1,0,0.0,0.35444,0,0.0,0,32,0,2,0.768,0.0863,GREEN,41,Chennai
CLM0006988,CHE_07549,Perambur,2024-01-09,17,0,0,0,0,0,0,0,0,0,0.0,1.0,0,1.0,0,323,2,3,0.4675,0.0,GREEN,63,Chennai
CLM0006989,CHE_05265,Tambaram,2022-08-07,17,0,0,0,0,1,1,1,0,0,0.0,0.141208,0,0.0,0,247,3,3,0.4804,0.2837,GREEN,37,Chennai
CLM0006990,CHE_08646,Sholinganallur,2020-04-10,20,0,0,0,0,0,0,0,0,0,0.0,0.276002,0,0.0,0,420,2,0,0.25,0.0,GREEN,36,Chennai
CLM0006991,CHE_01035,Adyar,2020-05-18,12,0,0,0,0,0,1,0,0,1,0.0,0.254553,0,0.0,0,239,2,0,0.965,0.1962,GREEN,41,Chennai
CLM0006992,CHE_01982,Sholinganallur,2020-07-09,20,0,0,0,0,0,0,0,0,0,0.0,0.101053,0,0.0,0,420,4,4,0.98,0.086,GREEN,57,Chennai
CLM0006993,CHE_05417,Guindy,2019-05-02,16,0,0,0,0,0,1,1,0,0,0.0,0.347924,0,0.0,0,233,1,0,0.98,0.1296,GREEN,35,Chennai
CLM0006994,CHE_02315,Chromepet,2020-12-29,12,0,0,0,0,0,1,1,0,0,1.0,0.169984,0,0.0,0,420,4,2,0.4835,0.2207,GREEN,49,Chennai
CLM0006995,CHE_07031,Tambaram,2021-04-04,18,0,0,0,0,0,0,0,0,0,1.0,0.41389,0,0.0,0,326,0,1,0.8971,0.1097,GREEN,33,Chennai
CLM0006996,CHE_08730,T Nagar,2024-06-02,17,0,0,0,0,0,0,0,0,1,0.0,0.089975,0,0.0,0,328,0,1,0.6904,0.1665,GREEN,19,Chennai
CLM0006997,CHE_00272,Adyar,2025-09-29,17,0,0,0,0,0,0,0,0,0,0.0,0.299576,0,0.0,0,420,1,2,0.6596,0.2499,GREEN,22,Chennai
CLM0006998,CHE_08930,Anna Nagar,2022-05-06,14,0,1,1,0,0,0,0,0,0,0.0,0.238922,0,0.0,0,377,0,0,0.743,0.0582,GREEN,57,Chennai
CLM0006999,CHE_02058,T Nagar,2018-01-03,9,0,0,0,1,1,1,1,1,0,1.0,0.912205,1,1.0,1,22,1,18,0.98,0.0,GREEN,44,Chennai
CLM0007000,CHE_01634,Tambaram,2025-08-13,9,0,0,0,0,0,0,0,0,1,0.0,0.290286,0,0.0,0,332,0,2,0.6777,0.109,GREEN,50,Chennai
CLM0007001,CHE_00055,Perambur,2019-10-19,9,0,0,0,1,1,0,0,0,1,0.0,0.131916,0,0.0,0,420,0,1,0.6017,0.3577,YELLOW,43,Chennai
CLM0007002,CHE_03473,T Nagar,2024-01-23,11,0,0,0,0,0,0,0,0,0,0.0,0.148359,0,0.0,0,360,2,3,0.9129,0.0,GREEN,30,Chennai
CLM0007003,CHE_09727,Velachery,2024-06-11,21,0,0,0,1,0,0,0,1,0,0.0,0.000233,0,0.0,0,359,1,7,0.6301,0.3048,GREEN,52,Chennai
CLM0007004,CHE_01435,Guindy,2025-12-15,7,0,0,0,0,0,0,0,0,0,1.0,0.177942,0,0.0,0,284,1,5,0.8586,0.1366,GREEN,56,Chennai
CLM0007005,CHE_07595,Perambur,2021-12-27,17,0,0,0,0,0,0,0,0,0,0.0,0.209656,0,0.0,1,179,0,1,0.3124,0.0199,GREEN,43,Chennai
CLM0007006,CHE_08304,Porur,2025-08-22,16,0,0,0,0,0,0,0,0,1,0.0,0.210962,0,0.0,0,309,1,2,0.4541,0.126,GREEN,38,Chennai
CLM0007007,CHE_09850,Perambur,2022-09-25,11,0,0,0,1,1,1,1,1,1,1.0,1.0,0,0.0,0,5,2,18,0.9002,0.0849,GREEN,33,Chennai
CLM0007008,CHE_00498,Guindy,2025-10-12,19,0,0,0,0,0,0,0,0,0,1.0,1.0,0,1.0,0,107,1,3,0.1742,0.0787,GREEN,37,Chennai
CLM0007009,CHE_00419,Chromepet,2021-09-28,11,0,0,0,0,0,0,0,1,0,0.0,0.436816,0,0.0,0,207,3,5,0.9244,0.0056,GREEN,38,Chennai
CLM0007010,CHE_02651,Tambaram,2022-03-01,16,0,0,0,0,0,0,0,0,0,0.0,0.249933,0,0.0,0,103,2,0,0.4562,0.0451,GREEN,48,Chennai
CLM0007011,CHE_01982,Sholinganallur,2023-10-19,10,0,0,0,0,0,0,0,1,0,0.0,0.071018,0,0.0,0,135,3,2,0.6397,0.0778,GREEN,57,Chennai
CLM0007012,CHE_00307,Guindy,2024-08-10,12,0,0,0,0,0,0,0,0,0,0.0,0.101678,0,0.0,0,179,1,2,0.7926,0.0471,GREEN,57,Chennai
CLM0007013,CHE_09612,T Nagar,2024-05-03,20,0,0,0,0,0,0,0,0,0,1.0,0.135332,0,0.0,0,111,0,2,0.6816,0.1328,GREEN,43,Chennai
CLM0007014,CHE_06771,Porur,2025-02-25,10,0,0,0,0,0,0,0,0,0,0.0,0.365443,0,0.0,0,45,1,1,0.7356,0.0,GREEN,49,Chennai
CLM0007015,CHE_00896,Sholinganallur,2024-12-01,11,0,0,0,1,0,1,0,0,1,1.0,0.999475,0,0.0,1,5,1,18,0.263,0.0932,GREEN,49,Chennai
CLM0007016,CHE_01504,Guindy,2023-12-22,14,0,0,0,0,1,0,0,0,1,0.0,0.314956,0,0.0,0,241,1,1,0.328,0.0,GREEN,46,Chennai
CLM0007017,CHE_05348,Perambur,2024-07-12,14,0,0,0,0,0,0,0,0,0,0.0,0.262531,0,0.0,0,420,1,1,0.7949,0.0,GREEN,59,Chennai
CLM0007018,CHE_06088,Perambur,2024-08-27,14,0,0,0,1,0,1,0,0,0,0.0,0.372375,0,0.0,0,344,2,0,0.6765,0.1908,GREEN,57,Chennai
CLM0007019,CHE_08087,Sholinganallur,2025-04-11,16,0,0,0,0,0,0,0,0,0,1.0,0.99023,0,0.0,0,420,0,3,0.1699,0.1122,GREEN,35,Chennai
CLM0007020,CHE_09100,Chromepet,2021-01-14,7,0,0,0,1,0,0,0,0,1,0.0,0.207608,0,0.0,0,197,4,2,0.7868,0.2172,GREEN,52,Chennai
CLM0007021,CHE_03698,Perambur,2021-02-13,17,0,0,0,1,0,0,1,0,0,0.0,0.211379,0,0.0,0,70,2,2,0.5755,0.2409,GREEN,34,Chennai
CLM0007022,CHE_05244,Velachery,2025-11-07,16,0,0,0,0,0,0,0,0,0,1.0,0.37539,0,0.0,0,111,3,5,0.7453,0.0837,GREEN,36,Chennai
CLM0007023,CHE_00784,Anna Nagar,2024-10-11,7,0,0,0,0,0,0,0,0,0,0.0,1.0,1,0.0,0,364,2,4,0.7413,0.041,GREEN,33,Chennai
CLM0007024,CHE_07508,T Nagar,2020-03-28,20,0,0,0,0,0,0,1,0,0,0.0,0.18997,0,0.0,1,239,0,1,0.98,0.0924,GREEN,38,Chennai
CLM0007025,CHE_07099,Chromepet,2020-01-27,21,0,0,0,0,0,0,0,0,0,0.0,0.320572,0,1.0,0,382,0,2,0.05,0.0253,GREEN,33,Chennai
CLM0007026,CHE_09954,Perambur,2022-10-26,7,0,0,0,0,0,1,0,0,0,0.0,0.166302,0,0.0,0,376,2,2,0.98,0.244,GREEN,29,Chennai
CLM0007027,CHE_07563,Perambur,2025-12-22,19,0,0,0,0,0,0,0,0,0,0.0,0.059652,0,0.0,0,165,0,0,0.5814,0.0612,GREEN,39,Chennai
CLM0007028,CHE_01488,Adyar,2024-05-01,16,0,0,0,0,0,0,0,0,0,0.0,0.336855,0,0.0,0,55,3,2,0.856,0.1089,GREEN,56,Chennai
CLM0007029,CHE_07958,Perambur,2024-01-22,13,0,0,0,0,0,0,0,0,0,1.0,0.399247,0,0.0,0,351,2,4,0.728,0.1436,GREEN,45,Chennai
CLM0007030,CHE_03756,Guindy,2024-01-14,7,0,0,0,0,0,0,0,0,0,0.0,0.08728,0,0.0,0,420,0,0,0.914,0.0336,GREEN,40,Chennai
CLM0007031,CHE_09427,Perambur,2022-11-20,18,0,0,0,0,0,0,0,0,0,0.0,0.1617,0,0.0,0,205,4,2,0.3498,0.0905,GREEN,38,Chennai
CLM0007032,CHE_08254,Porur,2024-02-18,12,0,0,0,0,0,0,0,0,0,0.0,0.0,0,0.0,0,403,0,0,0.3594,0.1925,GREEN,41,Chennai
CLM0007033,CHE_07743,Tambaram,2025-03-18,9,0,0,0,0,0,0,0,0,0,0.0,0.268121,0,0.0,0,420,1,2,0.5349,0.0322,GREEN,39,Chennai
CLM0007034,CHE_09986,T Nagar,2025-09-06,11,0,0,0,0,0,0,0,0,0,0.0,0.132479,0,0.0,0,420,3,4,0.98,0.0632,GREEN,41,Chennai
CLM0007035,CHE_05194,Adyar,2025-10-05,17,0,0,0,0,0,0,0,0,0,0.0,0.125636,0,0.0,0,392,2,1,0.05,0.1222,GREEN,36,Chennai
CLM0007036,CHE_06174,Chromepet,2025-11-28,21,0,0,0,0,0,0,0,0,0,0.0,0.0,0,0.0,1,125,4,6,0.8773,0.096,GREEN,39,Chennai
CLM0007037,CHE_09508,Perambur,2024-08-26,19,0,0,0,0,0,0,0,0,0,0.0,0.172771,0,0.0,0,165,3,4,0.8096,0.0,GREEN,23,Chennai
CLM0007038,CHE_08593,Chromepet,2024-05-24,10,0,0,0,0,0,0,0,0,1,0.0,0.086115,0,0.0,0,374,0,1,0.8256,0.1342,GREEN,31,Chennai
CLM0007039,CHE_02587,Guindy,2024-11-29,13,0,0,0,0,0,0,0,0,0,1.0,0.92958,1,1.0,0,143,0,3,0.7868,0.0628,GREEN,25,Chennai
CLM0007040,CHE_06421,Sholinganallur,2025-03-18,16,0,0,0,0,0,0,0,1,0,0.0,0.192471,0,0.0,0,406,3,0,0.05,0.1261,GREEN,37,Chennai
CLM0007041,CHE_01829,Sholinganallur,2024-08-13,18,0,0,0,1,0,0,0,0,0,0.0,0.317614,0,0.0,0,420,2,0,0.6075,0.2322,GREEN,28,Chennai
CLM0007042,CHE_05303,Anna Nagar,2025-04-29,15,0,0,0,0,0,0,0,0,0,0.0,0.020113,0,0.0,1,93,0,4,0.7246,0.1408,GREEN,46,Chennai
CLM0007043,CHE_04896,Perambur,2024-05-17,11,0,0,0,0,0,0,0,0,0,0.0,0.166399,0,0.0,1,81,2,0,0.9434,0.0561,GREEN,42,Chennai
CLM0007044,CHE_01103,Velachery,2025-09-21,7,0,0,0,0,0,0,0,1,0,0.0,1.0,0,0.0,0,106,0,1,0.7556,0.1231,GREEN,44,Chennai
CLM0007045,CHE_06834,Sholinganallur,2024-11-01,20,0,0,0,0,0,0,0,0,0,0.0,0.072007,0,0.0,0,420,2,4,0.553,0.0584,GREEN,35,Chennai
CLM0007046,CHE_09227,T Nagar,2025-07-25,20,0,0,0,0,0,0,0,0,0,0.0,0.062319,0,0.0,0,171,0,3,0.1702,0.0988,GREEN,18,Chennai
CLM0007047,CHE_07947,T Nagar,2025-03-24,18,0,0,0,0,0,0,0,0,0,0.0,0.226205,0,0.0,0,420,0,0,0.4022,0.013,GREEN,47,Chennai
CLM0007048,CHE_08353,Guindy,2025-03-12,14,0,0,0,0,0,0,0,0,0,0.0,0.161555,0,0.0,1,420,2,3,0.954,0.125,GREEN,52,Chennai
CLM0007049,CHE_03685,Velachery,2024-01-19,20,0,0,0,0,0,0,0,0,0,0.0,0.16568,0,0.0,0,275,4,0,0.5008,0.0,GREEN,29,Chennai
CLM0007050,CHE_02076,Perambur,2025-09-04,18,0,0,0,0,0,0,0,0,0,0.0,0.329235,0,0.0,0,301,0,2,0.8848,0.0,GREEN,47,Chennai
CLM0007051,CHE_01908,Anna Nagar,2025-10-30,16,0,0,0,1,0,1,1,1,1,1.0,1.0,0,0.0,0,5,1,18,0.3042,0.0433,GREEN,42,Chennai
CLM0007052,CHE_04346,Porur,2024-04-09,15,0,0,0,0,0,0,1,1,0,0.0,0.147933,0,0.0,0,38,4,5,0.9475,0.1981,GREEN,38,Chennai
CLM0007053,CHE_07867,T Nagar,2023-06-17,16,0,0,0,0,0,0,1,0,0,0.0,0.211061,0,0.0,0,194,0,5,0.8612,0.0522,GREEN,49,Chennai
CLM0007054,CHE_00886,T Nagar,2024-09-18,13,0,0,0,0,0,0,0,0,0,0.0,0.180172,0,0.0,0,420,3,0,0.8264,0.0194,GREEN,47,Chennai
CLM0007055,CHE_09644,Chromepet,2023-08-17,13,0,1,1,0,0,0,0,0,0,0.0,0.243495,1,0.0,0,417,3,0,0.9256,0.0,GREEN,42,Chennai
CLM0007056,CHE_02553,Chromepet,2023-07-23,16,0,0,0,0,0,0,0,0,0,0.0,0.272871,0,0.0,0,420,2,2,0.7116,0.0039,GREEN,30,Chennai
CLM0007057,CHE_01459,Chromepet,2023-07-11,11,0,0,0,0,0,0,0,0,0,0.0,0.067387,0,0.0,0,182,0,5,0.553,0.0116,GREEN,36,Chennai
CLM0007058,CHE_02224,Perambur,2025-09-07,13,0,0,0,0,0,0,0,1,0,0.0,0.076931,0,0.0,0,75,4,7,0.6207,0.0422,GREEN,29,Chennai
CLM0007059,CHE_06101,Chromepet,2025-01-08,12,0,1,1,0,0,0,0,0,0,0.0,0.947564,1,0.0,0,420,3,0,0.8715,0.0799,GREEN,25,Chennai
CLM0007060,CHE_07560,Velachery,2023-11-12,18,0,0,0,0,0,0,0,1,0,0.0,0.945949,1,0.0,0,248,0,0,0.5481,0.0385,GREEN,28,Chennai
CLM0007061,CHE_00914,Velachery,2025-05-15,19,0,0,0,0,0,0,0,0,0,0.0,0.297059,0,0.0,0,165,1,0,0.7512,0.0217,GREEN,43,Chennai
CLM0007062,CHE_01471,Tambaram,2020-09-19,19,0,0,0,0,0,0,0,0,0,0.0,0.121262,0,0.0,0,190,4,4,0.8933,0.0406,GREEN,40,Chennai
CLM0007063,CHE_00376,Adyar,2023-10-09,10,0,0,0,0,0,0,0,0,0,0.0,0.308982,0,0.0,0,147,1,0,0.6511,0.0576,GREEN,42,Chennai
CLM0007064,CHE_04884,Anna Nagar,2019-01-09,18,0,0,0,0,0,0,0,0,0,0.0,1.0,0,0.0,0,76,4,2,0.4184,0.0522,GREEN,33,Chennai
CLM0007065,CHE_05334,Tambaram,2019-07-06,13,0,0,0,0,0,0,0,0,0,0.0,0.252217,1,0.0,0,350,1,0,0.7885,0.0335,GREEN,48,Chennai
CLM0007066,CHE_09551,T Nagar,2020-03-18,17,0,0,0,0,0,0,0,0,0,1.0,0.910462,0,1.0,0,420,1,2,0.5908,0.0311,GREEN,33,Chennai
CLM0007067,CHE_00170,Adyar,2023-05-02,8,0,0,0,0,0,0,0,0,1,0.0,0.316557,0,0.0,0,79,0,4,0.5527,0.0593,GREEN,61,Chennai
CLM0007068,CHE_06813,Perambur,2025-09-25,17,0,0,0,0,0,0,0,1,0,0.0,0.303471,0,0.0,0,413,4,4,0.7677,0.0989,GREEN,41,Chennai
CLM0007069,CHE_00201,Guindy,2023-11-07,20,0,0,0,0,0,1,0,0,0,0.0,0.252524,0,0.0,0,35,2,2,0.5919,0.0701,GREEN,42,Chennai
CLM0007070,CHE_04494,Chromepet,2018-03-25,11,0,0,0,0,0,1,0,1,0,0.0,0.348857,0,1.0,0,420,3,2,0.688,0.1927,GREEN,45,Chennai
CLM0007071,CHE_03379,Tambaram,2025-06-17,13,0,0,0,0,0,0,1,0,0,0.0,0.211006,0,0.0,0,337,2,2,0.6744,0.1487,GREEN,34,Chennai
CLM0007072,CHE_07477,Velachery,2024-11-27,9,0,0,0,1,0,0,1,0,0,0.0,0.343381,0,0.0,0,393,0,2,0.4651,0.3285,YELLOW,34,Chennai
CLM0007073,CHE_06215,T Nagar,2023-10-05,14,0,0,0,0,0,0,0,0,0,0.0,0.395688,0,0.0,0,319,0,2,0.98,0.075,GREEN,68,Chennai
CLM0007074,CHE_07454,Velachery,2024-05-13,12,0,0,0,0,0,0,0,0,0,0.0,0.169585,0,0.0,0,91,2,4,0.7721,0.0968,GREEN,58,Chennai
CLM0007075,CHE_01265,Chromepet,2025-05-12,7,0,0,0,0,0,0,1,0,0,0.0,0.141638,0,0.0,0,256,3,1,0.3729,0.1693,GREEN,38,Chennai
CLM0007076,CHE_08219,Perambur,2025-09-17,10,0,0,0,0,0,1,1,0,0,0.0,0.384114,0,1.0,0,151,2,1,0.0669,0.2509,GREEN,46,Chennai
CLM0007077,CHE_04613,T Nagar,2025-02-14,19,0,0,0,0,0,0,0,1,0,0.0,0.13033,0,0.0,0,420,3,0,0.7409,0.1239,GREEN,36,Chennai
CLM0007078,CHE_05439,Perambur,2024-11-06,20,0,0,0,0,0,0,0,0,0,0.0,0.217932,0,0.0,0,133,2,2,0.7845,0.0,GREEN,18,Chennai
CLM0007079,CHE_00815,T Nagar,2025-01-28,14,0,0,0,0,0,0,0,0,0,0.0,0.0,0,0.0,0,420,2,1,0.9281,0.1007,GREEN,35,Chennai
CLM0007080,CHE_05453,Tambaram,2025-06-24,12,0,0,0,1,0,0,0,1,0,0.0,0.337701,1,0.0,0,395,4,2,0.9517,0.3717,YELLOW,28,Chennai
CLM0007081,CHE_02268,T Nagar,2024-09-09,11,0,0,0,1,1,0,1,1,0,0.0,0.370724,1,1.0,0,5,1,18,0.3979,0.0744,GREEN,40,Chennai
CLM0007082,CHE_06664,Chromepet,2024-01-19,13,0,0,0,0,0,0,0,0,0,0.0,0.025096,0,0.0,0,250,0,4,0.1101,0.0158,GREEN,54,Chennai
CLM0007083,CHE_07141,Anna Nagar,2024-07-20,20,0,0,0,0,0,1,0,0,0,0.0,0.97202,0,0.0,0,402,3,3,0.8824,0.1211,GREEN,43,Chennai
CLM0007084,CHE_07160,Adyar,2024-04-23,9,0,0,0,0,0,0,0,0,0,1.0,0.357791,0,0.0,0,288,3,1,0.7516,0.087,GREEN,56,Chennai
CLM0007085,CHE_08949,Velachery,2025-08-13,11,0,0,0,0,0,0,0,0,0,0.0,1.0,0,0.0,0,249,2,1,0.4799,0.0,GREEN,41,Chennai
CLM0007086,CHE_07292,T Nagar,2024-02-01,16,0,0,0,0,0,1,1,0,1,0.0,0.121174,0,0.0,0,343,1,1,0.98,0.2201,GREEN,38,Chennai
CLM0007087,CHE_06702,Adyar,2024-12-08,21,0,0,0,0,0,0,0,0,0,0.0,0.161951,0,0.0,0,95,4,5,0.9305,0.0774,GREEN,53,Chennai
CLM0007088,CHE_02990,Perambur,2024-07-28,11,0,0,0,0,0,0,0,1,0,0.0,0.298436,0,0.0,0,420,2,0,0.1572,0.0855,GREEN,26,Chennai
CLM0007089,CHE_07912,Porur,2024-03-26,14,0,0,0,0,0,0,0,1,0,0.0,0.231942,0,0.0,0,47,4,0,0.6338,0.1066,GREEN,45,Chennai
CLM0007090,CHE_09730,Sholinganallur,2023-04-29,8,0,0,0,1,0,1,0,0,0,0.0,0.01087,0,0.0,0,420,4,5,0.5771,0.1764,GREEN,22,Chennai
CLM0007091,CHE_02987,T Nagar,2019-08-25,11,0,0,0,0,0,0,0,0,0,0.0,0.136859,0,0.0,0,142,1,3,0.5948,0.0595,GREEN,37,Chennai
CLM0007092,CHE_09848,Tambaram,2022-11-09,15,0,1,1,0,0,0,0,0,0,0.0,0.259161,0,0.0,0,312,0,2,0.8106,0.0,GREEN,58,Chennai
CLM0007093,CHE_05114,Adyar,2024-11-11,14,1,0,0,0,0,0,0,0,0,0.0,0.021054,0,0.0,0,400,3,6,0.7178,0.136,GREEN,48,Chennai
CLM0007094,CHE_04836,Porur,2019-08-21,13,0,0,0,0,0,0,0,0,0,0.0,1.0,0,0.0,0,408,3,3,0.7998,0.0051,GREEN,31,Chennai
CLM0007095,CHE_01063,Anna Nagar,2017-04-02,16,0,0,0,0,0,0,0,0,0,0.0,0.0,0,1.0,0,420,0,2,0.9639,0.0,GREEN,31,Chennai
CLM0007096,CHE_08698,Porur,2025-05-17,14,0,0,0,0,0,0,0,0,0,0.0,0.303477,0,0.0,0,27,1,3,0.5528,0.0,GREEN,37,Chennai
CLM0007097,CHE_08806,Adyar,2022-03-26,19,0,0,0,1,0,0,0,0,0,0.0,0.29696,0,0.0,0,420,1,0,0.937,0.0566,GREEN,26,Chennai
CLM0007098,CHE_01071,Sholinganallur,2020-04-26,8,0,0,0,0,0,0,0,0,0,0.0,0.409563,0,0.0,0,277,4,0,0.7109,0.0718,GREEN,26,Chennai
CLM0007099,CHE_08872,Porur,2016-11-20,7,0,0,0,0,0,1,0,0,0,0.0,0.0,0,0.0,0,365,1,5,0.6724,0.0919,GREEN,43,Chennai
CLM0007100,CHE_08325,Porur,2021-06-02,14,0,0,0,0,0,0,0,0,0,0.0,0.33053,0,0.0,1,270,1,2,0.5873,0.0178,GREEN,41,Chennai
CLM0007101,CHE_06775,Velachery,2019-04-28,21,0,0,0,0,0,0,0,0,0,0.0,0.330471,0,0.0,0,207,4,1,0.0715,0.0,GREEN,36,Chennai
CLM0007102,CHE_09601,Porur,2022-08-03,7,0,0,0,0,0,0,0,0,0,0.0,0.344262,0,0.0,0,94,2,0,0.98,0.0,GREEN,45,Chennai
CLM0007103,CHE_09990,Porur,2025-08-30,15,0,0,0,0,0,0,0,0,0,1.0,0.022162,0,0.0,0,87,1,4,0.3364,0.1154,GREEN,38,Chennai
CLM0007104,CHE_08999,Adyar,2021-03-21,20,0,0,0,0,0,0,0,0,0,0.0,0.005457,0,0.0,0,175,1,7,0.92,0.0307,GREEN,55,Chennai
CLM0007105,CHE_06616,Adyar,2025-02-03,19,0,0,0,0,0,0,0,0,0,0.0,0.92746,1,0.0,0,342,2,2,0.6674,0.0714,GREEN,45,Chennai
CLM0007106,CHE_03073,Chromepet,2016-02-28,12,0,0,0,0,0,0,0,0,0,0.0,0.07899,0,0.0,0,319,1,3,0.9114,0.0313,GREEN,40,Chennai
CLM0007107,CHE_07691,Tambaram,2020-06-22,18,0,0,0,0,0,0,0,0,1,0.0,0.320437,0,0.0,0,285,3,1,0.82,0.1301,GREEN,25,Chennai
CLM0007108,CHE_02960,Perambur,2021-01-07,17,0,0,0,0,0,0,0,0,0,0.0,0.542891,0,0.0,0,420,0,8,0.5751,0.0262,GREEN,42,Chennai
CLM0007109,CHE_02535,Tambaram,2018-08-13,19,0,0,0,0,0,0,0,1,0,0.0,0.254559,0,0.0,0,204,1,0,0.3517,0.2145,GREEN,39,Chennai
CLM0007110,CHE_07056,Anna Nagar,2021-03-05,11,0,0,0,1,0,0,1,1,0,0.0,0.130712,0,0.0,0,5,2,18,0.8799,0.0576,GREEN,59,Chennai
CLM0007111,CHE_08575,Velachery,2025-12-21,19,0,0,0,0,0,0,0,0,0,0.0,0.128128,0,0.0,0,93,4,6,0.165,0.0,GREEN,42,Chennai
CLM0007112,CHE_06453,Velachery,2025-07-17,17,0,0,0,0,0,0,0,0,0,0.0,0.115641,0,0.0,0,19,3,7,0.98,0.1614,GREEN,41,Chennai
CLM0007113,CHE_02107,T Nagar,2023-01-30,9,0,0,0,0,0,0,0,1,0,0.0,0.09537,0,0.0,0,81,1,4,0.98,0.1353,GREEN,56,Chennai
CLM0007114,CHE_02289,Velachery,2021-09-30,9,0,0,0,0,0,0,0,0,0,0.0,0.313552,0,0.0,0,97,3,4,0.5063,0.0,GREEN,38,Chennai
CLM0007115,CHE_00540,Adyar,2023-11-17,10,0,0,0,0,0,0,0,0,0,0.0,0.171312,0,0.0,0,169,4,1,0.7633,0.0382,GREEN,43,Chennai
CLM0007116,CHE_05713,Perambur,2025-10-09,21,0,0,0,0,0,0,0,0,0,0.0,0.444843,0,0.0,0,420,1,2,0.6922,0.0426,GREEN,41,Chennai
CLM0007117,CHE_05053,Velachery,2025-04-03,14,0,0,0,0,0,0,0,0,0,0.0,0.053161,0,0.0,0,197,0,1,0.6931,0.0,GREEN,47,Chennai
CLM0007118,CHE_09585,T Nagar,2025-01-29,12,0,0,0,0,0,0,0,0,0,0.0,0.115128,0,0.0,0,260,2,5,0.7273,0.136,GREEN,39,Chennai
CLM0007119,CHE_04009,Anna Nagar,2024-06-12,9,0,0,0,0,0,0,0,0,0,0.0,0.297329,0,0.0,0,329,1,0,0.9768,0.0231,GREEN,39,Chennai
CLM0007120,CHE_00203,Perambur,2018-01-12,9,0,0,0,0,0,1,0,0,0,0.0,0.317744,0,0.0,0,103,3,5,0.9064,0.0918,GREEN,35,Chennai
CLM0007121,CHE_00880,Sholinganallur,2024-03-29,13,0,0,0,0,0,0,0,0,0,0.0,0.376662,0,1.0,0,376,3,5,0.192,0.0,GREEN,28,Chennai
CLM0007122,CHE_04030,Perambur,2022-05-23,9,0,0,0,0,0,0,0,0,0,0.0,0.009185,0,0.0,0,308,1,3,0.7811,0.0918,GREEN,32,Chennai
CLM0007123,CHE_04076,Adyar,2020-10-03,11,0,0,0,0,0,0,0,0,0,0.0,0.145386,0,0.0,0,420,0,6,0.7112,0.0,GREEN,44,Chennai
CLM0007124,CHE_07084,Porur,2024-01-31,15,0,0,0,0,0,0,0,1,0,1.0,1.0,0,1.0,0,174,2,1,0.7917,0.2353,GREEN,24,Chennai
CLM0007125,CHE_03690,Anna Nagar,2019-07-23,13,0,0,0,0,0,0,0,0,0,0.0,0.997004,0,0.0,0,223,1,0,0.6602,0.0605,GREEN,57,Chennai
CLM0007126,CHE_08453,T Nagar,2024-01-17,14,0,0,0,0,0,0,0,0,1,0.0,0.102326,0,0.0,0,337,1,1,0.5069,0.1702,GREEN,42,Chennai
CLM0007127,CHE_05889,Sholinganallur,2018-07-27,14,0,0,0,0,0,0,0,0,0,1.0,0.184452,0,0.0,0,414,1,4,0.1862,0.0432,GREEN,30,Chennai
CLM0007128,CHE_06959,Chromepet,2018-02-26,8,0,0,0,0,0,0,0,0,0,0.0,0.070594,0,1.0,0,270,4,4,0.98,0.0172,GREEN,38,Chennai
CLM0007129,CHE_05132,Guindy,2025-01-03,14,0,0,0,0,0,0,0,0,0,0.0,0.992219,0,0.0,0,86,1,5,0.3041,0.0023,GREEN,24,Chennai
CLM0007130,CHE_01958,Porur,2019-10-03,13,0,0,0,0,0,0,0,0,0,0.0,0.12252,0,0.0,0,159,2,4,0.98,0.1132,GREEN,37,Chennai
CLM0007131,CHE_07260,Anna Nagar,2018-10-11,7,0,0,0,0,0,0,0,0,0,0.0,0.394046,0,0.0,0,306,0,1,0.6404,0.0,GREEN,31,Chennai
CLM0007132,CHE_05650,Velachery,2023-03-16,9,0,0,0,0,0,0,0,0,0,1.0,0.011877,0,0.0,0,420,3,0,0.8764,0.0565,GREEN,29,Chennai
CLM0007133,CHE_06859,Perambur,2018-06-17,20,0,0,0,0,0,0,0,0,0,0.0,0.284203,0,1.0,0,258,4,0,0.98,0.0,GREEN,56,Chennai
CLM0007134,CHE_06721,Tambaram,2023-06-10,9,0,0,0,0,0,0,0,0,0,0.0,0.294844,1,0.0,1,52,2,2,0.5204,0.1568,GREEN,35,Chennai
CLM0007135,CHE_04422,Velachery,2022-07-30,8,0,0,0,0,1,0,1,0,0,0.0,0.117955,0,0.0,0,284,3,2,0.7514,0.1637,GREEN,38,Chennai
CLM0007136,CHE_03379,Tambaram,2023-11-19,11,0,1,1,1,0,1,0,0,0,0.0,0.128744,0,0.0,0,420,2,0,0.05,0.2469,GREEN,34,Chennai
CLM0007137,CHE_04833,Guindy,2022-07-22,15,0,0,0,0,0,1,0,0,0,0.0,0.110898,0,0.0,0,211,3,5,0.05,0.1277,GREEN,21,Chennai
CLM0007138,CHE_05693,Tambaram,2021-07-20,15,0,0,0,0,0,0,0,0,0,0.0,0.300087,0,0.0,0,131,2,5,0.7859,0.0,GREEN,46,Chennai
CLM0007139,CHE_04064,Porur,2019-09-09,7,0,0,0,0,0,0,0,1,0,0.0,0.262187,0,0.0,0,420,2,4,0.98,0.1382,GREEN,48,Chennai
CLM0007140,CHE_08976,Anna Nagar,2023-07-20,13,0,0,0,0,0,1,0,0,0,0.0,0.309677,0,0.0,0,306,2,3,0.3297,0.0363,GREEN,32,Chennai
CLM0007141,CHE_08829,Sholinganallur,2021-08-12,7,0,0,0,0,0,0,0,0,0,0.0,0.105738,0,0.0,1,372,2,0,0.6944,0.195,GREEN,42,Chennai
CLM0007142,CHE_08140,Anna Nagar,2024-01-10,10,0,0,0,0,0,0,0,0,0,0.0,0.326896,0,0.0,1,420,4,3,0.8422,0.0,GREEN,21,Chennai
CLM0007143,CHE_00897,Porur,2025-12-20,9,0,0,0,0,0,1,0,0,0,0.0,0.043174,0,0.0,0,248,0,0,0.7497,0.1442,GREEN,28,Chennai
CLM0007144,CHE_08473,Perambur,2021-05-02,9,0,0,0,0,0,0,0,0,0,0.0,0.24419,0,0.0,0,243,2,0,0.8593,0.081,GREEN,56,Chennai
CLM0007145,CHE_01427,Sholinganallur,2025-09-09,11,0,0,0,0,0,0,0,0,0,0.0,0.432784,0,0.0,0,312,4,0,0.8361,0.0,GREEN,41,Chennai
CLM0007146,CHE_03748,Velachery,2023-07-02,15,0,1,1,0,0,0,0,0,0,0.0,0.352373,0,0.0,0,131,1,0,0.7269,0.0,GREEN,34,Chennai
CLM0007147,CHE_02292,Guindy,2023-05-18,13,0,0,0,0,0,0,0,1,0,1.0,0.104579,0,0.0,0,359,2,4,0.4974,0.2645,GREEN,47,Chennai
CLM0007148,CHE_02338,Tambaram,2020-05-01,11,0,0,0,1,0,0,0,0,0,0.0,0.144288,0,0.0,0,420,2,5,0.8267,0.1775,GREEN,33,Chennai
CLM0007149,CHE_09575,T Nagar,2020-08-23,17,0,0,0,0,0,0,0,0,0,0.0,0.169888,0,0.0,0,248,2,1,0.3543,0.0953,GREEN,36,Chennai
CLM0007150,CHE_05379,Perambur,2021-02-17,15,0,0,0,0,0,0,0,0,0,1.0,0.043083,0,0.0,0,154,3,1,0.9142,0.1374,GREEN,34,Chennai
CLM0007151,CHE_01063,Anna Nagar,2023-01-13,12,0,0,0,0,1,0,1,1,1,1.0,0.993427,0,0.0,1,32,0,18,0.2492,0.0,GREEN,31,Chennai
CLM0007152,CHE_07813,Adyar,2022-06-09,13,0,0,0,0,0,0,0,0,0,0.0,0.14212,0,0.0,0,113,4,3,0.8472,0.0911,GREEN,38,Chennai
CLM0007153,CHE_08396,Tambaram,2024-07-30,16,0,0,0,0,0,0,0,0,0,0.0,0.099244,0,0.0,1,420,3,3,0.0935,0.0555,GREEN,28,Chennai
CLM0007154,CHE_07878,Perambur,2021-01-16,14,0,0,0,0,0,0,0,0,0,1.0,0.113134,1,0.0,0,92,1,3,0.1698,0.1043,GREEN,22,Chennai
CLM0007155,CHE_06010,Adyar,2017-06-30,12,0,0,0,0,0,0,0,0,0,0.0,0.31077,0,0.0,0,148,3,2,0.9004,0.0,GREEN,52,Chennai
CLM0007156,CHE_06552,Tambaram,2024-06-02,12,0,0,0,0,0,0,0,1,0,1.0,0.315291,0,0.0,0,255,0,3,0.5812,0.1882,GREEN,51,Chennai
CLM0007157,CHE_04329,Adyar,2023-04-07,20,0,0,0,0,0,0,0,0,0,1.0,0.113019,0,0.0,1,282,4,4,0.6586,0.0858,GREEN,37,Chennai
CLM0007158,CHE_08682,Anna Nagar,2021-03-21,10,0,0,0,0,0,0,0,0,0,0.0,0.129375,0,0.0,0,5,4,5,0.9207,0.0,GREEN,38,Chennai
CLM0007159,CHE_09590,Guindy,2020-01-10,7,0,0,0,1,0,0,0,0,0,0.0,0.28329,0,0.0,0,245,0,4,0.9179,0.1398,GREEN,18,Chennai
CLM0007160,CHE_04424,Perambur,2019-03-05,21,0,0,0,0,0,0,0,0,0,0.0,0.284245,0,0.0,0,284,1,5,0.7385,0.0058,GREEN,31,Chennai
CLM0007161,CHE_07893,Guindy,2023-01-14,9,0,0,0,0,0,0,0,0,0,0.0,0.29603,0,1.0,0,100,3,1,0.319,0.0187,GREEN,24,Chennai
CLM0007162,CHE_07152,Guindy,2023-06-02,11,0,0,0,0,0,0,0,0,0,0.0,0.309095,0,0.0,0,420,4,2,0.9561,0.0,GREEN,52,Chennai
CLM0007163,CHE_08450,Chromepet,2025-01-28,18,0,0,0,0,0,0,1,0,0,0.0,0.406537,0,0.0,0,265,0,5,0.1698,0.0859,GREEN,30,Chennai
CLM0007164,CHE_01620,Velachery,2025-11-22,7,0,0,0,0,0,0,0,0,1,0.0,0.164592,0,0.0,0,90,1,3,0.7415,0.0576,GREEN,24,Chennai
CLM0007165,CHE_07548,Tambaram,2024-10-14,11,0,0,0,0,0,0,0,0,0,1.0,0.373088,0,0.0,0,301,2,1,0.8074,0.0768,GREEN,44,Chennai
CLM0007166,CHE_04916,Anna Nagar,2025-09-05,16,0,0,0,0,0,0,0,1,0,1.0,0.143604,0,0.0,0,387,2,0,0.7526,0.1584,GREEN,41,Chennai
CLM0007167,CHE_05297,Adyar,2022-12-11,8,0,1,1,1,0,0,0,0,0,0.0,0.991427,0,0.0,0,367,4,3,0.6284,0.1774,GREEN,33,Chennai
CLM0007168,CHE_02767,Guindy,2024-12-02,15,0,0,0,0,0,0,0,1,0,0.0,0.237358,0,0.0,0,147,2,0,0.6192,0.1792,GREEN,20,Chennai
CLM0007169,CHE_02749,Perambur,2023-12-13,15,0,0,0,0,0,0,0,0,0,0.0,0.309016,0,1.0,1,341,0,2,0.7559,0.0556,GREEN,40,Chennai
CLM0007170,CHE_04020,Sholinganallur,2025-05-05,20,0,0,0,0,0,0,0,0,0,0.0,0.413656,0,0.0,0,313,3,0,0.9111,0.0301,GREEN,38,Chennai
CLM0007171,CHE_03028,T Nagar,2018-10-06,16,0,1,1,1,0,0,0,0,1,1.0,0.187232,0,1.0,1,27,0,18,0.525,0.3055,GREEN,46,Chennai
CLM0007172,CHE_07009,Velachery,2019-04-09,21,0,1,1,0,0,0,0,0,0,1.0,0.461191,1,0.0,0,301,0,4,0.8389,0.6157,RED,48,Chennai
CLM0007173,CHE_05322,Tambaram,2023-07-20,13,0,1,1,0,0,0,0,0,0,0.0,1.0,0,0.0,0,122,2,6,0.8876,0.4966,YELLOW,38,Chennai
CLM0007174,CHE_05615,Porur,2019-06-13,10,0,1,1,1,1,0,1,1,0,0.0,0.146042,0,0.0,1,23,1,18,0.98,0.6656,RED,44,Chennai
CLM0007175,CHE_03215,Porur,2019-05-29,8,0,1,1,1,0,0,1,0,1,0.0,0.05882,0,0.0,1,28,1,18,0.98,0.557,YELLOW,33,Chennai
CLM0007176,CHE_07883,Velachery,2021-04-20,15,0,0,0,0,0,0,0,0,0,0.0,0.103237,0,0.0,0,212,0,3,0.6174,0.0426,GREEN,45,Chennai
CLM0007177,CHE_06023,Guindy,2020-03-26,8,0,0,0,0,0,0,0,0,0,0.0,0.414399,0,0.0,0,149,1,0,0.6321,0.0,GREEN,41,Chennai
CLM0007178,CHE_09908,Velachery,2023-07-11,12,0,0,0,0,0,0,0,0,0,0.0,1.0,1,0.0,0,302,1,3,0.98,0.0,GREEN,51,Chennai
CLM0007179,CHE_08459,Perambur,2017-06-23,13,0,0,0,0,0,0,0,0,0,0.0,0.463514,0,0.0,0,87,4,0,0.9613,0.0006,GREEN,32,Chennai
CLM0007180,CHE_08157,Adyar,2024-01-18,11,0,0,0,0,1,0,0,0,1,0.0,0.260907,0,0.0,0,98,3,1,0.8085,0.21,GREEN,44,Chennai
CLM0007181,CHE_06438,Chromepet,2018-06-30,17,0,0,0,0,0,0,0,0,0,0.0,0.399219,0,0.0,0,91,4,0,0.866,0.0169,GREEN,41,Chennai
CLM0007182,CHE_05279,Guindy,2017-02-12,20,0,0,0,0,0,1,0,0,0,0.0,0.275586,0,0.0,0,280,1,2,0.2819,0.1632,GREEN,44,Chennai
CLM0007183,CHE_09241,Chromepet,2017-01-20,20,0,0,0,0,0,0,0,0,0,0.0,0.249775,0,0.0,0,64,1,7,0.8677,0.0311,GREEN,50,Chennai
CLM0007184,CHE_09783,Velachery,2025-10-03,20,0,0,0,0,1,0,1,0,1,1.0,1.0,0,0.0,0,5,1,18,0.0865,0.3239,YELLOW,55,Chennai
CLM0007185,CHE_01087,Tambaram,2022-04-23,8,0,0,0,0,0,0,0,0,0,0.0,0.357165,0,0.0,0,19,3,4,0.8013,0.0,GREEN,18,Chennai
CLM0007186,CHE_02913,Perambur,2023-06-16,14,0,0,0,0,0,1,0,0,1,0.0,0.281394,0,0.0,0,205,0,3,0.9494,0.216,GREEN,33,Chennai
CLM0007187,CHE_02481,Sholinganallur,2022-11-09,9,0,0,0,0,1,0,0,0,0,0.0,1.0,0,0.0,0,420,2,2,0.6915,0.2307,GREEN,46,Chennai
CLM0007188,CHE_08863,Tambaram,2024-06-08,18,0,0,0,0,0,0,0,1,0,0.0,0.32077,0,0.0,0,420,3,2,0.2112,0.0,GREEN,29,Chennai
CLM0007189,CHE_00635,Anna Nagar,2024-06-12,16,0,0,0,0,0,0,0,0,0,0.0,0.074834,0,0.0,0,298,1,1,0.6514,0.0084,GREEN,52,Chennai
CLM0007190,CHE_02761,Anna Nagar,2023-02-25,15,0,0,0,1,0,0,0,0,0,0.0,1.0,0,0.0,0,379,2,0,0.4741,0.0719,GREEN,37,Chennai
CLM0007191,CHE_01263,Perambur,2025-10-14,7,0,0,0,0,0,0,0,0,0,0.0,0.084356,0,1.0,0,420,0,2,0.9426,0.0,GREEN,31,Chennai
CLM0007192,CHE_07670,Chromepet,2024-07-16,17,0,0,0,1,1,1,0,1,0,0.0,0.148014,1,0.0,0,26,4,18,0.8759,0.0,GREEN,49,Chennai
CLM0007193,CHE_03684,Porur,2023-10-15,9,0,0,0,0,0,1,0,0,0,0.0,0.09351,0,0.0,0,420,3,0,0.586,0.1092,GREEN,54,Chennai
CLM0007194,CHE_00541,T Nagar,2025-12-18,11,0,0,0,0,0,0,0,0,0,0.0,0.151148,0,0.0,0,365,1,2,0.2637,0.0437,GREEN,49,Chennai
CLM0007195,CHE_05500,Adyar,2021-10-10,21,0,0,0,0,0,0,1,1,0,0.0,0.048554,1,0.0,0,8,2,18,0.8003,0.0809,GREEN,34,Chennai
CLM0007196,CHE_03635,Velachery,2023-11-19,7,0,0,0,0,0,0,1,0,0,0.0,0.0,0,0.0,1,256,3,4,0.8075,0.1248,GREEN,23,Chennai
CLM0007197,CHE_09811,Velachery,2025-07-20,19,0,0,0,0,0,0,0,0,1,0.0,0.019013,0,0.0,0,404,0,5,0.8331,0.1397,GREEN,31,Chennai
CLM0007198,CHE_04870,Sholinganallur,2025-08-18,18,0,1,1,0,0,0,1,0,0,0.0,0.18935,0,0.0,0,51,0,4,0.6387,0.0322,GREEN,35,Chennai
CLM0007199,CHE_00759,Anna Nagar,2025-01-02,21,0,1,1,1,0,0,0,1,1,0.0,0.089322,1,0.0,0,7,3,18,0.7813,0.0585,GREEN,27,Chennai
CLM0007200,CHE_06230,Perambur,2025-04-09,16,0,0,0,0,0,0,1,1,0,0.0,0.0,0,0.0,0,226,4,0,0.7243,0.1684,GREEN,19,Chennai
CLM0007201,CHE_03344,Sholinganallur,2025-03-22,7,0,0,0,0,0,0,0,0,0,1.0,0.967072,1,1.0,1,334,2,0,0.8039,0.1106,GREEN,43,Chennai
CLM0007202,CHE_07112,T Nagar,2025-03-10,15,0,0,0,0,0,0,0,0,0,0.0,0.112194,1,0.0,0,79,4,1,0.949,0.0573,GREEN,33,Chennai
CLM0007203,CHE_07030,Velachery,2025-03-16,10,0,1,1,0,0,0,0,0,0,0.0,0.455221,0,0.0,0,410,0,3,0.3501,0.76,RED,30,Chennai
CLM0007204,CHE_02049,T Nagar,2023-06-06,12,0,1,1,0,0,0,0,0,0,0.0,0.0,0,0.0,0,47,0,4,0.6454,0.7443,RED,31,Chennai
CLM0007205,CHE_01384,Tambaram,2023-12-20,16,0,1,1,1,1,1,1,1,1,1.0,0.97264,0,0.0,1,5,0,18,0.05,0.9539,RED,27,Chennai
CLM0007206,CHE_08298,Perambur,2024-01-27,7,0,1,1,1,1,0,1,0,1,1.0,1.0,1,1.0,0,5,0,18,0.839,0.6507,RED,41,Chennai
CLM0007207,CHE_09765,T Nagar,2024-06-07,20,0,0,0,0,0,0,0,0,0,0.0,0.027317,0,0.0,0,420,3,4,0.8059,0.0,GREEN,54,Chennai
CLM0007208,CHE_05712,Velachery,2024-12-06,11,0,0,0,0,0,0,0,1,0,0.0,0.407807,0,0.0,0,420,4,0,0.7392,0.0542,GREEN,55,Chennai
CLM0007209,CHE_09010,Anna Nagar,2020-01-20,13,0,0,0,0,0,0,0,0,0,0.0,0.161312,0,0.0,0,213,3,0,0.6849,0.0092,GREEN,34,Chennai
CLM0007210,CHE_06687,Anna Nagar,2023-02-11,20,0,0,0,0,0,0,0,0,0,0.0,0.09179,0,0.0,0,349,0,3,0.9661,0.0,GREEN,51,Chennai
CLM0007211,CHE_03150,Anna Nagar,2018-07-09,16,0,0,0,0,0,0,0,0,0,0.0,0.218181,0,0.0,0,314,2,1,0.7605,0.0,GREEN,43,Chennai
CLM0007212,CHE_02945,Tambaram,2017-06-02,16,0,1,1,0,0,0,0,0,0,0.0,0.099049,0,0.0,0,168,4,2,0.1564,0.0804,GREEN,32,Chennai
CLM0007213,CHE_07945,Velachery,2023-02-08,18,0,0,0,0,0,0,0,0,0,0.0,0.202634,0,0.0,0,176,3,3,0.6882,0.0,GREEN,42,Chennai
CLM0007214,CHE_03195,T Nagar,2023-10-11,21,0,0,0,0,0,0,0,0,0,1.0,0.422835,0,0.0,0,209,0,0,0.7329,0.0305,GREEN,45,Chennai
CLM0007215,CHE_04106,Perambur,2017-12-26,10,0,0,0,0,0,0,0,0,0,0.0,0.130417,0,0.0,0,140,3,4,0.5337,0.0649,GREEN,18,Chennai
CLM0007216,CHE_03861,Porur,2025-12-11,15,0,0,0,0,0,0,0,0,0,0.0,0.0,0,0.0,0,85,4,3,0.2337,0.0,GREEN,41,Chennai
CLM0007217,CHE_04806,T Nagar,2024-02-03,9,0,0,0,0,0,0,0,0,0,0.0,0.188955,0,0.0,0,420,1,4,0.8397,0.0565,GREEN,43,Chennai
CLM0007218,CHE_08751,Chromepet,2017-11-03,18,0,0,0,0,0,1,0,0,0,0.0,0.085437,0,0.0,0,202,2,5,0.9612,0.1962,GREEN,33,Chennai
CLM0007219,CHE_07600,Chromepet,2020-03-27,17,0,0,0,0,0,0,0,1,0,0.0,0.064447,0,0.0,0,393,1,0,0.2887,0.1699,GREEN,29,Chennai
CLM0007220,CHE_07054,Anna Nagar,2022-05-05,12,0,0,0,0,0,0,0,0,0,0.0,0.244859,0,0.0,0,386,0,2,0.6811,0.1041,GREEN,48,Chennai
CLM0007221,CHE_04501,Sholinganallur,2015-09-22,14,0,0,0,0,0,0,0,0,0,0.0,0.285744,0,0.0,0,22,3,2,0.0969,0.0,GREEN,26,Chennai
CLM0007222,CHE_02702,T Nagar,2018-05-31,14,0,0,0,0,0,0,1,1,0,0.0,0.119953,0,0.0,0,118,3,0,0.4989,0.1904,GREEN,56,Chennai
CLM0007223,CHE_04381,Velachery,2021-04-15,19,0,0,0,0,0,0,1,0,0,0.0,0.318444,0,0.0,0,280,4,2,0.6194,0.0404,GREEN,31,Chennai
CLM0007224,CHE_05113,Velachery,2024-08-20,20,0,0,0,0,0,0,0,1,0,0.0,0.041126,0,1.0,0,420,3,3,0.1267,0.094,GREEN,31,Chennai
CLM0007225,CHE_03786,Porur,2020-11-11,8,0,0,0,0,0,0,1,1,0,0.0,0.20707,0,0.0,0,171,0,4,0.782,0.1207,GREEN,28,Chennai
CLM0007226,CHE_01874,Velachery,2024-08-04,8,0,0,0,0,0,0,0,0,0,0.0,0.385675,0,0.0,0,52,2,4,0.8074,0.1088,GREEN,21,Chennai
CLM0007227,CHE_00932,Sholinganallur,2017-02-11,18,0,0,0,0,0,0,0,0,0,1.0,0.295817,0,0.0,0,223,4,5,0.5615,0.0977,GREEN,43,Chennai
CLM0007228,CHE_04366,Tambaram,2022-07-31,9,0,0,0,0,0,0,0,0,0,1.0,0.236735,0,0.0,0,420,3,5,0.05,0.0078,GREEN,37,Chennai
CLM0007229,CHE_07103,Sholinganallur,2024-08-06,21,0,0,0,0,0,0,0,0,0,0.0,0.204327,0,0.0,0,317,3,0,0.05,0.0,GREEN,44,Chennai
CLM0007230,CHE_05347,Perambur,2024-11-05,17,0,0,0,0,0,0,0,0,0,0.0,0.330011,0,0.0,0,90,4,2,0.8624,0.0,GREEN,36,Chennai
CLM0007231,CHE_06135,Sholinganallur,2019-06-01,12,0,0,0,0,0,0,0,0,0,0.0,0.3136,0,0.0,0,199,2,1,0.9727,0.0,GREEN,56,Chennai
CLM0007232,CHE_02010,Sholinganallur,2019-01-28,15,0,0,0,0,0,0,0,0,0,0.0,0.198676,0,0.0,0,123,4,4,0.5606,0.0084,GREEN,48,Chennai
CLM0007233,CHE_01390,Velachery,2019-07-25,8,0,0,0,0,0,1,0,0,0,0.0,0.214553,0,1.0,0,390,2,0,0.7072,0.0549,GREEN,41,Chennai
CLM0007234,CHE_09838,Velachery,2024-01-09,19,0,0,0,0,0,0,0,0,0,0.0,0.311732,0,0.0,0,238,4,2,0.8137,0.0,GREEN,32,Chennai
CLM0007235,CHE_03183,T Nagar,2020-09-03,8,0,0,0,0,0,0,0,0,0,0.0,0.0,0,0.0,0,414,0,2,0.8169,0.0143,GREEN,43,Chennai
CLM0007236,CHE_08603,Chromepet,2020-12-17,16,0,0,0,0,0,0,0,0,0,0.0,0.370658,0,0.0,0,364,4,0,0.6031,0.0,GREEN,51,Chennai
CLM0007237,CHE_02937,T Nagar,2020-10-16,19,0,0,0,0,0,0,0,0,0,0.0,1.0,0,0.0,0,211,4,4,0.355,0.0,GREEN,24,Chennai
CLM0007238,CHE_08981,Velachery,2025-09-15,7,0,0,0,0,0,0,0,0,0,0.0,0.147856,0,0.0,0,113,2,3,0.2034,0.0,GREEN,37,Chennai
CLM0007239,CHE_05162,Adyar,2022-06-17,17,0,0,0,0,0,0,1,0,0,0.0,0.334471,0,0.0,0,51,4,6,0.667,0.0392,GREEN,60,Chennai
CLM0007240,CHE_05193,Perambur,2025-12-26,19,0,1,1,0,0,0,0,0,0,0.0,0.26024,0,0.0,0,177,0,4,0.5877,0.0384,GREEN,37,Chennai
CLM0007241,CHE_06480,Guindy,2021-01-03,11,0,0,0,0,0,0,0,0,0,0.0,0.006189,0,0.0,0,76,4,4,0.0642,0.0,GREEN,27,Chennai
CLM0007242,CHE_07728,Guindy,2025-09-15,20,0,1,1,0,0,0,0,0,0,0.0,0.218347,0,0.0,0,91,0,0,0.5545,0.037,GREEN,34,Chennai
CLM0007243,CHE_07701,Porur,2021-09-06,8,0,0,0,0,1,0,0,0,0,0.0,0.420382,1,0.0,0,306,0,3,0.4695,0.1518,GREEN,47,Chennai
CLM0007244,CHE_03248,Adyar,2021-06-04,10,0,0,0,0,1,1,1,0,0,0.0,0.069959,1,0.0,1,5,1,18,0.9082,0.0329,GREEN,36,Chennai
CLM0007245,CHE_08809,T Nagar,2018-12-23,13,0,0,0,0,0,0,0,0,0,0.0,0.146307,0,0.0,0,351,1,0,0.8999,0.0199,GREEN,37,Chennai
CLM0007246,CHE_09121,Sholinganallur,2022-11-14,15,0,0,0,0,0,1,0,0,0,0.0,0.024288,0,0.0,0,302,2,3,0.05,0.2063,GREEN,64,Chennai
CLM0007247,CHE_01578,T Nagar,2024-10-15,18,0,0,0,0,0,0,0,0,0,0.0,0.112747,0,1.0,0,239,3,2,0.8952,0.0505,GREEN,45,Chennai
CLM0007248,CHE_04380,Velachery,2018-11-23,16,0,0,0,0,0,0,0,1,0,0.0,0.182185,0,0.0,0,321,0,0,0.708,0.2106,GREEN,37,Chennai
CLM0007249,CHE_04920,Porur,2022-02-18,14,0,0,0,0,0,0,0,0,0,0.0,0.99021,0,0.0,0,265,3,2,0.5289,0.0,GREEN,38,Chennai
CLM0007250,CHE_06250,Anna Nagar,2021-05-19,14,0,0,0,0,1,0,0,0,0,0.0,0.3527,0,0.0,0,312,3,0,0.9316,0.0761,GREEN,23,Chennai
CLM0007251,CHE_01626,Velachery,2024-06-21,14,0,0,0,0,0,0,0,0,0,0.0,0.163082,0,1.0,0,352,2,2,0.6856,0.0,GREEN,45,Chennai
CLM0007252,CHE_08795,Perambur,2025-07-19,12,0,0,0,0,0,1,0,0,0,0.0,0.063118,0,0.0,0,76,4,0,0.5832,0.0454,GREEN,42,Chennai
CLM0007253,CHE_08439,Chromepet,2021-05-21,19,0,0,0,0,0,0,0,0,0,0.0,0.23162,0,0.0,0,91,0,0,0.2287,0.0,GREEN,52,Chennai
CLM0007254,CHE_03428,Tambaram,2024-09-23,12,0,0,0,0,0,1,0,0,0,0.0,0.071112,0,0.0,0,48,0,2,0.6441,0.0427,GREEN,38,Chennai
CLM0007255,CHE_06830,Chromepet,2025-11-23,19,0,0,0,0,0,0,0,0,0,0.0,0.226273,0,0.0,0,8,2,1,0.538,0.0087,GREEN,56,Chennai
CLM0007256,CHE_05749,Velachery,2024-06-12,17,0,0,0,0,0,0,0,0,0,0.0,0.153208,0,0.0,0,361,4,1,0.7652,0.0,GREEN,43,Chennai
CLM0007257,CHE_00328,Adyar,2023-01-04,7,0,0,0,0,0,0,0,0,0,0.0,0.003778,0,0.0,0,420,4,0,0.5662,0.0006,GREEN,29,Chennai
CLM0007258,CHE_07977,Adyar,2025-11-19,14,0,0,0,0,0,0,1,0,0,0.0,0.246685,0,0.0,0,297,0,0,0.4212,0.0082,GREEN,35,Chennai
CLM0007259,CHE_02414,Sholinganallur,2024-03-20,10,0,0,0,0,0,0,0,0,0,0.0,0.130185,0,0.0,0,25,3,7,0.8055,0.0626,GREEN,37,Chennai
CLM0007260,CHE_06645,T Nagar,2025-09-17,10,0,0,0,0,1,1,0,0,0,0.0,0.139382,0,0.0,0,420,2,3,0.5818,0.2671,GREEN,31,Chennai
CLM0007261,CHE_04944,Tambaram,2025-11-30,15,0,0,0,0,0,0,0,0,0,0.0,0.31785,0,1.0,0,420,1,0,0.147,0.0,GREEN,33,Chennai
CLM0007262,CHE_00866,Sholinganallur,2025-09-10,16,0,1,1,0,0,0,0,0,0,0.0,0.224669,0,1.0,1,136,3,6,0.2418,0.032,GREEN,49,Chennai
CLM0007263,CHE_02333,Chromepet,2025-08-15,8,0,0,0,0,0,0,0,0,0,0.0,0.11947,0,0.0,0,368,3,2,0.7964,0.0025,GREEN,35,Chennai
CLM0007264,CHE_08474,Guindy,2019-04-20,7,0,1,1,0,0,0,0,0,0,0.0,0.362177,0,0.0,0,388,3,2,0.4686,0.1667,GREEN,41,Chennai
CLM0007265,CHE_09102,Adyar,2025-02-26,18,0,0,0,0,0,0,1,0,0,0.0,0.091181,0,0.0,0,295,0,4,0.5679,0.0057,GREEN,41,Chennai
CLM0007266,CHE_02069,Guindy,2019-03-23,10,0,0,0,0,0,0,0,0,0,0.0,0.22725,0,0.0,0,85,0,0,0.1328,0.0853,GREEN,42,Chennai
CLM0007267,CHE_01408,Tambaram,2021-10-27,9,0,0,0,0,0,0,0,0,1,1.0,0.352588,0,1.0,1,67,1,3,0.98,0.2312,GREEN,29,Chennai
CLM0007268,CHE_00620,Anna Nagar,2025-11-23,8,0,0,0,0,0,0,0,0,0,0.0,0.293191,0,0.0,0,185,4,4,0.5891,0.0104,GREEN,38,Chennai
CLM0007269,CHE_09901,Porur,2025-03-04,20,0,0,0,0,0,0,0,0,0,0.0,0.442435,0,0.0,0,255,0,2,0.8251,0.0,GREEN,20,Chennai
CLM0007270,CHE_09797,Sholinganallur,2022-08-09,13,0,0,0,0,0,0,0,0,0,0.0,0.347269,0,0.0,0,106,4,4,0.6069,0.0,GREEN,42,Chennai
CLM0007271,CHE_03412,Velachery,2025-08-12,21,0,0,0,0,0,1,0,0,0,1.0,0.957928,0,1.0,0,327,3,2,0.139,0.1448,GREEN,29,Chennai
CLM0007272,CHE_05592,Porur,2018-04-09,10,0,0,0,1,0,0,0,0,0,0.0,0.073452,0,0.0,1,191,1,3,0.98,0.2248,GREEN,43,Chennai
CLM0007273,CHE_02310,Porur,2021-02-09,14,0,0,0,0,0,1,0,0,0,0.0,0.006743,0,0.0,0,420,3,0,0.6637,0.1091,GREEN,35,Chennai
CLM0007274,CHE_07847,Chromepet,2021-03-27,15,0,0,0,0,0,0,0,0,0,0.0,1.0,0,0.0,0,87,0,1,0.98,0.0,GREEN,32,Chennai
CLM0007275,CHE_03079,Chromepet,2024-12-31,11,0,0,0,0,1,0,0,0,0,0.0,0.091401,0,0.0,0,304,2,2,0.05,0.2362,GREEN,48,Chennai
CLM0007276,CHE_08324,Chromepet,2024-02-02,8,0,0,0,0,0,0,0,0,0,1.0,0.24196,0,0.0,0,343,0,6,0.7405,0.0995,GREEN,52,Chennai
CLM0007277,CHE_02708,Guindy,2025-03-30,15,0,0,0,1,0,1,0,0,1,0.0,0.074731,0,0.0,0,104,2,0,0.75,0.3752,YELLOW,36,Chennai
CLM0007278,CHE_02147,Anna Nagar,2024-06-11,11,0,0,0,0,0,0,0,0,1,1.0,0.0,0,0.0,0,420,0,2,0.4636,0.1059,GREEN,40,Chennai
CLM0007279,CHE_02571,Tambaram,2025-04-05,11,0,0,0,0,0,0,1,0,0,1.0,0.189572,0,0.0,0,19,0,3,0.6951,0.2098,GREEN,47,Chennai
CLM0007280,CHE_08641,Porur,2024-02-26,12,0,0,0,0,0,0,0,0,0,0.0,0.204259,0,0.0,0,420,2,1,0.7431,0.0536,GREEN,44,Chennai
CLM0007281,CHE_08967,T Nagar,2021-05-09,19,0,0,0,0,0,0,0,1,0,0.0,0.104109,0,0.0,0,205,0,2,0.5674,0.0919,GREEN,40,Chennai
CLM0007282,CHE_01744,Adyar,2019-01-02,9,0,0,0,1,0,0,0,0,0,0.0,0.122323,0,0.0,0,42,3,0,0.7883,0.2751,GREEN,49,Chennai
CLM0007283,CHE_04004,Perambur,2024-05-11,16,0,0,0,0,0,0,0,0,0,0.0,1.0,0,0.0,0,63,1,2,0.9731,0.0334,GREEN,26,Chennai
CLM0007284,CHE_01082,Velachery,2018-05-22,9,0,0,0,0,0,0,0,0,0,0.0,0.013801,0,0.0,0,373,0,3,0.9205,0.0379,GREEN,59,Chennai
CLM0007285,CHE_01508,Perambur,2019-09-13,13,0,0,0,0,0,0,0,0,0,0.0,0.488684,0,0.0,0,420,1,3,0.6754,0.0827,GREEN,27,Chennai
CLM0007286,CHE_03115,Guindy,2018-08-21,18,0,0,0,0,0,0,0,0,0,1.0,0.394364,0,0.0,0,67,4,3,0.6032,0.0,GREEN,39,Chennai
CLM0007287,CHE_01578,T Nagar,2025-02-01,15,0,0,0,0,0,0,0,0,0,0.0,0.234558,0,0.0,0,254,0,6,0.9091,0.0468,GREEN,45,Chennai
CLM0007288,CHE_06874,Guindy,2019-12-21,11,0,0,0,0,0,0,0,0,0,0.0,0.152378,0,0.0,1,420,3,5,0.8774,0.0591,GREEN,20,Chennai
CLM0007289,CHE_00607,Guindy,2023-03-03,21,0,0,0,1,0,0,0,0,0,0.0,0.257558,0,0.0,0,301,4,0,0.614,0.1452,GREEN,30,Chennai
CLM0007290,CHE_06051,Perambur,2022-05-26,11,0,0,0,0,0,0,0,0,1,0.0,0.139331,0,0.0,0,214,1,1,0.7211,0.1549,GREEN,49,Chennai
CLM0007291,CHE_07489,Adyar,2018-08-14,16,0,0,0,0,0,0,0,0,0,0.0,0.0,0,0.0,0,336,2,0,0.9691,0.025,GREEN,53,Chennai
CLM0007292,CHE_05332,Tambaram,2019-02-17,21,0,0,0,0,0,0,0,0,0,0.0,0.04954,0,0.0,0,299,2,0,0.8366,0.0651,GREEN,23,Chennai
CLM0007293,CHE_03470,Tambaram,2016-12-12,15,0,0,0,0,0,0,0,0,0,0.0,0.071779,0,0.0,0,295,4,0,0.6757,0.0,GREEN,45,Chennai
CLM0007294,CHE_07935,Sholinganallur,2024-02-26,10,0,0,0,0,1,0,0,0,0,1.0,0.352549,0,0.0,0,188,0,3,0.2554,0.1115,GREEN,32,Chennai
CLM0007295,CHE_05406,Guindy,2020-03-14,15,0,0,0,0,0,0,1,0,0,0.0,0.255916,0,0.0,0,387,0,0,0.9098,0.0827,GREEN,53,Chennai
CLM0007296,CHE_09115,Porur,2020-11-08,8,0,0,0,0,0,1,0,0,0,0.0,0.20138,0,0.0,0,23,4,4,0.1772,0.0645,GREEN,35,Chennai
CLM0007297,CHE_01041,T Nagar,2020-06-27,19,0,0,0,0,0,0,0,1,0,1.0,0.083512,0,0.0,0,252,4,2,0.1188,0.1216,GREEN,37,Chennai
CLM0007298,CHE_05727,Porur,2024-01-14,20,0,0,0,0,0,0,0,0,0,0.0,0.035715,0,0.0,0,189,1,0,0.1482,0.2309,GREEN,31,Chennai
CLM0007299,CHE_08896,Perambur,2024-03-27,8,0,0,0,0,0,0,0,0,0,0.0,0.288642,0,0.0,0,420,2,6,0.98,0.0,GREEN,28,Chennai
CLM0007300,CHE_03500,Perambur,2021-02-21,8,0,0,0,0,0,0,0,0,0,0.0,0.99657,0,0.0,0,420,1,3,0.8088,0.0524,GREEN,37,Chennai
CLM0007301,CHE_01796,Chromepet,2022-08-12,19,0,0,0,0,0,0,0,0,0,0.0,0.07963,0,0.0,0,312,4,2,0.94,0.0,GREEN,53,Chennai
CLM0007302,CHE_04279,T Nagar,2022-09-28,19,0,0,0,0,0,0,0,0,0,0.0,0.445099,0,0.0,0,362,2,0,0.0973,0.0865,GREEN,57,Chennai
CLM0007303,CHE_04139,Tambaram,2021-03-21,8,0,0,0,0,0,0,1,0,0,0.0,0.0922,0,0.0,0,388,0,1,0.6636,0.0641,GREEN,46,Chennai
CLM0007304,CHE_09810,T Nagar,2022-05-30,19,0,0,0,0,0,0,0,0,0,0.0,0.334338,0,0.0,0,287,0,1,0.7993,0.0,GREEN,40,Chennai
CLM0007305,CHE_01513,T Nagar,2021-09-25,12,0,0,0,0,0,0,0,0,0,0.0,0.101088,0,0.0,0,384,4,8,0.822,0.0878,GREEN,50,Chennai
CLM0007306,CHE_06780,Chromepet,2024-10-26,10,0,0,0,0,1,0,0,1,0,1.0,0.023814,0,0.0,0,180,4,0,0.98,0.2684,GREEN,40,Chennai
CLM0007307,CHE_06240,Chromepet,2025-01-09,15,0,0,0,0,1,0,0,0,0,1.0,0.186088,0,0.0,0,222,0,5,0.98,0.1476,GREEN,57,Chennai
CLM0007308,CHE_06631,Perambur,2024-11-15,18,0,0,0,0,0,0,0,0,0,0.0,0.35896,0,0.0,1,166,4,3,0.1091,0.0341,GREEN,43,Chennai
CLM0007309,CHE_04553,Adyar,2023-04-12,20,0,0,0,0,0,0,0,1,0,0.0,0.095263,0,0.0,0,420,1,0,0.7531,0.1608,GREEN,51,Chennai
CLM0007310,CHE_00420,Porur,2022-11-07,10,0,0,0,0,0,1,0,0,0,0.0,0.11932,0,0.0,0,94,0,3,0.6056,0.1137,GREEN,58,Chennai
CLM0007311,CHE_02514,T Nagar,2023-04-11,7,0,0,0,0,0,0,0,0,0,0.0,0.352356,0,0.0,0,420,0,2,0.9262,0.0,GREEN,22,Chennai
CLM0007312,CHE_01844,Tambaram,2025-08-30,7,0,0,0,0,0,0,0,0,0,0.0,0.384191,0,0.0,0,185,1,0,0.9367,0.0558,GREEN,58,Chennai
CLM0007313,CHE_09403,Velachery,2025-08-25,13,0,0,0,0,0,0,0,0,0,0.0,0.15075,0,0.0,0,267,0,0,0.2089,0.0,GREEN,53,Chennai
CLM0007314,CHE_04409,Chromepet,2023-05-30,16,0,0,0,1,0,0,1,0,0,0.0,0.007593,0,0.0,0,277,4,4,0.98,0.221,GREEN,38,Chennai
CLM0007315,CHE_08216,T Nagar,2023-05-06,7,0,0,0,0,0,0,0,0,0,0.0,0.988054,0,0.0,0,166,4,0,0.7178,0.0,GREEN,52,Chennai
CLM0007316,CHE_05632,Porur,2022-09-29,7,0,1,1,0,0,0,0,0,0,0.0,0.063939,0,0.0,0,414,4,9,0.4851,0.0689,GREEN,34,Chennai
CLM0007317,CHE_05266,Tambaram,2025-03-08,15,0,0,0,0,0,0,0,0,0,0.0,0.138315,0,0.0,0,420,3,5,0.8282,0.0,GREEN,32,Chennai
CLM0007318,CHE_04273,Velachery,2025-01-26,16,0,0,0,0,1,0,0,0,0,0.0,0.04038,0,0.0,0,420,0,4,0.7434,0.2982,GREEN,61,Chennai
CLM0007319,CHE_00735,Chromepet,2023-04-22,9,0,0,0,0,0,0,0,0,0,1.0,0.127699,0,0.0,0,405,3,2,0.6272,0.0632,GREEN,54,Chennai
CLM0007320,CHE_02401,Adyar,2025-07-23,7,0,0,0,1,0,1,1,1,1,0.0,0.931556,0,0.0,1,9,0,18,0.0983,0.0,GREEN,46,Chennai
CLM0007321,CHE_09259,Anna Nagar,2024-10-12,14,0,0,0,1,0,1,1,1,0,0.0,0.151977,0,0.0,1,5,0,18,0.9219,0.0,GREEN,58,Chennai
CLM0007322,CHE_04211,Anna Nagar,2018-04-26,11,0,0,0,0,1,0,1,0,1,0.0,0.179549,0,1.0,1,14,0,18,0.8915,0.0227,GREEN,55,Chennai
CLM0007323,CHE_01354,Velachery,2019-05-26,12,0,0,0,0,0,0,0,0,0,0.0,0.413973,0,0.0,0,323,3,1,0.98,0.0,GREEN,40,Chennai
CLM0007324,CHE_04657,Anna Nagar,2023-05-29,14,0,0,0,1,0,0,0,0,0,1.0,0.373396,0,0.0,0,195,0,3,0.5864,0.3626,YELLOW,33,Chennai
CLM0007325,CHE_06567,Anna Nagar,2019-01-08,7,0,0,0,0,0,0,0,0,0,0.0,0.263143,0,0.0,1,200,2,5,0.2644,0.0749,GREEN,40,Chennai
CLM0007326,CHE_03444,Chromepet,2024-09-09,8,0,1,1,0,0,0,0,0,0,0.0,0.095421,0,0.0,0,420,4,1,0.8434,0.0902,GREEN,18,Chennai
CLM0007327,CHE_09832,Tambaram,2017-06-12,13,0,0,0,0,0,0,0,0,0,0.0,0.044551,0,0.0,0,183,3,2,0.9223,0.0,GREEN,27,Chennai
CLM0007328,CHE_06600,Adyar,2019-07-26,20,1,0,0,0,0,0,1,1,0,0.0,0.236467,0,0.0,0,332,4,3,0.6939,0.2363,GREEN,25,Chennai
CLM0007329,CHE_04525,Tambaram,2021-05-11,21,0,0,0,0,0,0,0,0,0,0.0,0.263514,0,0.0,0,420,3,0,0.8723,0.0,GREEN,50,Chennai
CLM0007330,CHE_01291,Chromepet,2017-09-25,18,0,0,0,0,0,0,0,0,0,0.0,0.026132,0,0.0,0,417,3,0,0.8107,0.0,GREEN,36,Chennai
CLM0007331,CHE_04093,Guindy,2024-07-05,7,0,0,0,0,0,0,0,0,0,0.0,0.244518,0,0.0,0,273,2,6,0.6161,0.0,GREEN,45,Chennai
CLM0007332,CHE_09389,Perambur,2023-02-14,9,0,0,0,0,0,0,0,1,0,0.0,0.125567,0,1.0,0,122,1,2,0.5884,0.1507,GREEN,29,Chennai
CLM0007333,CHE_09596,Perambur,2022-10-13,15,0,0,0,0,0,0,0,0,0,0.0,0.168763,0,0.0,0,135,4,3,0.9616,0.0054,GREEN,22,Chennai
CLM0007334,CHE_01975,Porur,2022-12-20,13,0,0,0,0,0,0,1,0,0,0.0,0.071783,1,0.0,0,354,0,2,0.98,0.196,GREEN,34,Chennai
CLM0007335,CHE_05480,Porur,2025-04-26,20,0,0,0,0,0,0,0,0,0,0.0,0.049656,0,0.0,0,346,4,6,0.98,0.0,GREEN,52,Chennai
CLM0007336,CHE_09051,Adyar,2020-11-19,11,0,0,0,1,1,0,1,1,0,1.0,0.561201,1,1.0,1,19,2,18,0.05,0.0,GREEN,29,Chennai
CLM0007337,CHE_05490,Guindy,2022-07-03,8,0,0,0,0,0,0,0,0,0,0.0,0.377893,0,0.0,0,188,3,2,0.0689,0.0,GREEN,33,Chennai
CLM0007338,CHE_05474,Anna Nagar,2024-08-06,17,0,0,0,0,0,0,0,0,0,0.0,0.314825,0,0.0,0,116,0,5,0.9557,0.0509,GREEN,30,Chennai
CLM0007339,CHE_01506,Chromepet,2023-12-24,7,0,0,0,0,0,0,0,0,0,0.0,0.001865,0,1.0,0,364,1,3,0.9175,0.0016,GREEN,35,Chennai
CLM0007340,CHE_04678,Porur,2023-11-28,14,0,0,0,0,0,0,0,0,1,0.0,0.997844,0,0.0,0,361,1,0,0.507,0.0099,GREEN,57,Chennai
CLM0007341,CHE_09456,Chromepet,2021-10-17,12,0,0,0,0,0,0,0,0,0,0.0,0.119428,0,0.0,0,410,0,1,0.8538,0.0076,GREEN,21,Chennai
CLM0007342,CHE_00066,Guindy,2020-03-13,21,0,0,0,0,0,0,0,0,0,0.0,0.166585,0,0.0,0,420,1,1,0.467,0.0,GREEN,30,Chennai
CLM0007343,CHE_04567,T Nagar,2022-02-11,21,0,0,0,0,0,0,0,1,0,0.0,0.309958,0,1.0,0,420,3,0,0.4647,0.0748,GREEN,54,Chennai
CLM0007344,CHE_08126,Anna Nagar,2025-03-13,15,0,0,0,0,0,0,0,0,0,0.0,0.087763,0,1.0,0,390,3,0,0.7272,0.0085,GREEN,32,Chennai
CLM0007345,CHE_08814,Velachery,2025-08-09,10,0,0,0,0,0,0,0,0,0,1.0,0.407623,0,0.0,0,349,4,4,0.9157,0.1288,GREEN,28,Chennai
CLM0007346,CHE_08456,Anna Nagar,2015-10-06,12,0,0,0,0,0,0,0,0,0,0.0,0.022944,0,0.0,0,420,1,3,0.5749,0.0418,GREEN,47,Chennai
CLM0007347,CHE_03356,Perambur,2021-05-18,18,0,0,0,0,1,0,0,0,0,1.0,1.0,0,0.0,1,125,4,4,0.9035,0.3279,YELLOW,39,Chennai
CLM0007348,CHE_04313,Guindy,2022-10-13,8,0,0,0,0,0,0,0,0,1,0.0,0.301644,0,0.0,0,197,3,2,0.6862,0.0754,GREEN,55,Chennai
CLM0007349,CHE_05328,Chromepet,2022-03-06,11,0,0,0,0,0,0,0,0,0,0.0,0.958571,0,0.0,0,31,2,2,0.8032,0.0419,GREEN,20,Chennai
CLM0007350,CHE_08083,Porur,2023-04-18,19,0,1,1,0,0,0,1,1,0,1.0,0.325337,0,0.0,0,418,4,2,0.8576,0.3429,YELLOW,56,Chennai
CLM0007351,CHE_03670,Chromepet,2025-12-19,21,0,0,0,0,0,0,0,0,0,0.0,0.150827,0,0.0,0,420,1,1,0.9509,0.0,GREEN,46,Chennai
CLM0007352,CHE_04584,T Nagar,2022-03-16,9,0,0,0,0,0,0,0,0,0,0.0,0.110813,0,0.0,0,307,3,1,0.2216,0.0912,GREEN,46,Chennai
CLM0007353,CHE_05053,Velachery,2022-11-25,11,0,0,0,0,0,0,0,0,0,0.0,0.269363,0,0.0,0,244,0,3,0.6082,0.0617,GREEN,47,Chennai
CLM0007354,CHE_02766,Porur,2022-09-03,12,0,0,0,0,0,0,0,0,0,0.0,0.280728,0,0.0,0,409,3,0,0.7733,0.0376,GREEN,34,Chennai
CLM0007355,CHE_08750,Porur,2017-01-08,20,0,0,0,0,0,0,0,0,0,0.0,0.328378,0,0.0,0,195,0,0,0.8605,0.0,GREEN,32,Chennai
CLM0007356,CHE_09896,T Nagar,2024-07-21,9,0,0,0,0,0,1,0,0,0,1.0,0.172597,0,0.0,0,196,0,2,0.6509,0.1251,GREEN,18,Chennai
CLM0007357,CHE_09317,Velachery,2024-12-04,13,0,0,0,0,1,0,0,0,0,0.0,0.372505,1,0.0,0,162,4,2,0.6731,0.0129,GREEN,31,Chennai
CLM0007358,CHE_01147,Porur,2024-01-09,12,0,0,0,0,0,0,0,0,0,0.0,0.222291,0,0.0,0,142,4,6,0.711,0.0,GREEN,41,Chennai
CLM0007359,CHE_05789,Porur,2025-11-02,21,0,0,0,0,0,0,0,0,0,1.0,0.0,0,0.0,0,391,3,3,0.3751,0.0343,GREEN,20,Chennai
CLM0007360,CHE_09837,Porur,2025-02-04,9,0,0,0,0,0,0,0,1,0,0.0,0.252114,0,0.0,0,117,3,2,0.7055,0.1191,GREEN,38,Chennai
CLM0007361,CHE_03671,Anna Nagar,2024-07-03,7,0,0,0,0,0,0,0,0,0,0.0,0.984362,0,0.0,0,139,2,4,0.658,0.0,GREEN,39,Chennai
CLM0007362,CHE_00754,Velachery,2024-02-26,7,0,0,0,0,0,0,0,0,0,0.0,0.027508,0,0.0,0,263,3,2,0.98,0.1339,GREEN,47,Chennai
CLM0007363,CHE_03592,Chromepet,2025-03-28,10,0,0,0,0,0,0,0,0,0,0.0,0.248113,0,0.0,0,77,3,6,0.897,0.0062,GREEN,36,Chennai
CLM0007364,CHE_05281,T Nagar,2025-05-17,10,0,0,0,0,0,0,0,0,0,0.0,0.154022,0,0.0,0,27,1,2,0.5171,0.0,GREEN,43,Chennai
CLM0007365,CHE_04892,Porur,2025-10-06,17,0,0,0,1,0,0,0,1,0,0.0,0.271713,0,0.0,0,387,3,1,0.746,0.2017,GREEN,48,Chennai
CLM0007366,CHE_01169,Velachery,2025-04-02,17,0,0,0,0,0,0,0,0,0,0.0,0.129609,0,0.0,0,420,4,8,0.7457,0.0,GREEN,35,Chennai
CLM0007367,CHE_08721,T Nagar,2025-05-24,21,0,0,0,0,1,0,0,0,0,0.0,0.096827,0,0.0,0,190,4,3,0.9548,0.2161,GREEN,42,Chennai
CLM0007368,CHE_09665,Adyar,2025-04-28,13,0,0,0,0,0,0,0,0,0,0.0,0.228324,0,0.0,0,216,2,5,0.7734,0.0,GREEN,55,Chennai
CLM0007369,CHE_05038,Porur,2025-11-01,14,0,0,0,0,0,0,0,0,0,0.0,0.349013,0,0.0,0,70,0,1,0.7059,0.0769,GREEN,52,Chennai
CLM0007370,CHE_08533,Guindy,2025-06-27,19,0,0,0,0,0,0,0,0,0,0.0,0.079812,0,0.0,0,121,4,3,0.05,0.031,GREEN,55,Chennai
CLM0007371,CHE_05489,Tambaram,2025-09-11,12,0,0,0,0,0,0,0,0,0,0.0,0.327685,0,0.0,0,373,0,0,0.2098,0.1023,GREEN,26,Chennai
CLM0007372,CHE_09179,Anna Nagar,2024-11-02,7,0,0,0,0,0,0,0,0,0,0.0,0.342891,0,0.0,0,420,4,0,0.5839,0.0,GREEN,43,Chennai
CLM0007373,CHE_09551,T Nagar,2025-07-28,8,0,0,0,0,0,0,0,0,0,0.0,0.132783,0,0.0,0,420,2,1,0.8317,0.0028,GREEN,33,Chennai
CLM0007374,CHE_05885,Anna Nagar,2025-08-09,13,0,0,0,0,0,0,0,0,0,0.0,0.266205,0,0.0,0,27,4,0,0.4033,0.0676,GREEN,35,Chennai
CLM0007375,CHE_03212,Chromepet,2025-06-11,19,0,0,0,0,0,1,0,0,0,0.0,0.13061,0,0.0,0,335,0,0,0.9476,0.1385,GREEN,43,Chennai
CLM0007376,CHE_04224,Porur,2023-02-10,10,0,0,0,1,0,0,0,0,0,0.0,0.341837,0,0.0,0,368,1,0,0.8449,0.1195,GREEN,27,Chennai
CLM0007377,CHE_08851,Chromepet,2024-11-22,15,0,0,0,0,0,0,0,0,0,0.0,0.23072,0,0.0,0,281,4,2,0.1381,0.0,GREEN,59,Chennai
CLM0007378,CHE_09588,Velachery,2024-09-13,11,0,0,0,0,0,0,0,0,0,1.0,0.040012,0,0.0,0,415,2,3,0.2431,0.0,GREEN,49,Chennai
CLM0007379,CHE_01647,Guindy,2025-11-28,19,0,0,0,0,0,0,0,0,0,0.0,0.130489,0,1.0,0,183,2,0,0.725,0.0235,GREEN,41,Chennai
CLM0007380,CHE_05711,Chromepet,2022-09-21,13,0,0,0,0,0,0,0,0,0,0.0,0.174147,0,0.0,0,270,0,2,0.7601,0.0,GREEN,46,Chennai
CLM0007381,CHE_00621,Perambur,2022-10-02,14,0,0,0,0,0,0,0,0,0,0.0,0.203113,0,1.0,0,416,1,3,0.7957,0.0,GREEN,27,Chennai
CLM0007382,CHE_05232,Perambur,2024-04-22,13,0,0,0,0,0,0,0,0,0,0.0,0.243013,0,0.0,0,356,0,4,0.7249,0.0943,GREEN,23,Chennai
CLM0007383,CHE_00634,Guindy,2023-04-27,18,0,0,0,0,0,0,0,0,0,0.0,0.107803,0,0.0,1,137,0,2,0.7634,0.109,GREEN,46,Chennai
CLM0007384,CHE_03233,Sholinganallur,2023-07-13,13,0,0,0,0,0,0,0,0,0,0.0,0.062865,0,0.0,0,395,4,2,0.8955,0.0,GREEN,57,Chennai
CLM0007385,CHE_01850,Anna Nagar,2023-02-06,12,0,0,0,0,0,0,0,0,0,0.0,0.375062,0,0.0,0,420,4,4,0.5836,0.0194,GREEN,25,Chennai
CLM0007386,CHE_04433,Tambaram,2025-03-17,8,0,0,0,0,0,0,0,0,0,0.0,0.171265,1,0.0,0,26,4,5,0.8049,0.023,GREEN,19,Chennai
CLM0007387,CHE_08909,Guindy,2024-07-20,12,0,0,0,0,0,0,0,0,0,0.0,0.0,0,0.0,0,139,3,5,0.98,0.0,GREEN,36,Chennai
CLM0007388,CHE_08729,Velachery,2024-04-19,17,0,0,0,0,0,0,0,0,0,0.0,0.303852,0,0.0,0,89,2,2,0.6597,0.0372,GREEN,39,Chennai
CLM0007389,CHE_06196,Guindy,2024-05-20,17,0,0,0,0,0,0,0,0,0,0.0,0.482852,0,0.0,0,226,4,3,0.9405,0.1123,GREEN,35,Chennai
CLM0007390,CHE_08969,Guindy,2024-01-30,13,0,0,0,0,0,0,0,0,0,0.0,0.235424,0,0.0,0,409,0,0,0.9325,0.0,GREEN,40,Chennai
CLM0007391,CHE_01008,Porur,2025-12-27,8,0,0,0,0,0,0,0,0,0,0.0,0.107279,0,0.0,0,420,0,4,0.6522,0.0311,GREEN,28,Chennai
CLM0007392,CHE_08811,Velachery,2024-09-03,15,0,0,0,0,0,0,0,0,0,0.0,0.351054,0,0.0,0,17,3,2,0.8164,0.1004,GREEN,48,Chennai
CLM0007393,CHE_05745,Adyar,2021-10-23,9,0,0,0,0,0,0,0,0,0,0.0,1.0,0,0.0,0,185,2,4,0.98,0.0065,GREEN,33,Chennai
CLM0007394,CHE_09984,Tambaram,2022-09-02,21,0,0,0,0,0,0,0,0,0,0.0,0.416264,0,0.0,0,53,2,3,0.8798,0.0,GREEN,31,Chennai
CLM0007395,CHE_04388,Adyar,2025-04-17,15,0,0,0,0,0,0,0,0,0,0.0,0.051073,0,0.0,0,286,1,0,0.5247,0.0,GREEN,44,Chennai
CLM0007396,CHE_04462,Guindy,2021-10-22,9,0,0,0,0,0,0,0,1,0,0.0,0.381394,1,0.0,0,363,3,0,0.8664,0.1284,GREEN,52,Chennai
CLM0007397,CHE_04527,Adyar,2017-09-27,10,0,0,0,0,0,0,0,0,0,0.0,0.299288,0,0.0,0,291,4,1,0.5856,0.0,GREEN,36,Chennai
CLM0007398,CHE_07574,Velachery,2018-09-28,15,0,1,1,0,0,0,0,1,0,0.0,0.991822,0,0.0,0,5,3,4,0.4486,0.1699,GREEN,40,Chennai
CLM0007399,CHE_01594,Adyar,2021-06-23,8,0,0,0,0,0,0,0,0,0,0.0,0.0,0,0.0,0,215,3,6,0.6909,0.0939,GREEN,50,Chennai
CLM0007400,CHE_02206,T Nagar,2020-09-01,18,0,0,0,0,0,0,0,1,0,1.0,0.01089,0,0.0,0,67,3,0,0.7251,0.1189,GREEN,33,Chennai
CLM0007401,CHE_00159,Porur,2017-08-22,12,0,0,0,0,0,0,0,0,0,1.0,0.38498,0,0.0,0,315,1,0,0.5862,0.0335,GREEN,47,Chennai
CLM0007402,CHE_01736,T Nagar,2019-09-13,20,0,0,0,0,0,0,0,0,0,0.0,0.27489,0,0.0,0,420,2,3,0.9446,0.0,GREEN,49,Chennai
CLM0007403,CHE_09884,Adyar,2020-05-27,20,0,0,0,0,0,0,0,0,0,1.0,1.0,0,1.0,0,236,1,0,0.7288,0.0,GREEN,42,Chennai
CLM0007404,CHE_07821,Anna Nagar,2019-03-13,10,0,0,0,0,0,0,1,0,0,0.0,0.0,0,1.0,0,400,4,1,0.5496,0.1177,GREEN,27,Chennai
CLM0007405,CHE_07192,Velachery,2025-05-03,18,0,0,0,0,0,0,0,0,0,0.0,0.389672,0,0.0,0,338,4,0,0.8435,0.0276,GREEN,49,Chennai
CLM0007406,CHE_00796,Chromepet,2024-03-15,14,0,0,0,0,1,0,0,0,0,0.0,0.152061,0,0.0,0,420,2,5,0.8361,0.084,GREEN,18,Chennai
CLM0007407,CHE_05511,Perambur,2023-07-10,19,0,0,0,0,0,0,0,0,0,0.0,0.314593,0,0.0,0,395,3,1,0.6182,0.0407,GREEN,50,Chennai
CLM0007408,CHE_03573,Sholinganallur,2022-08-05,15,0,0,0,0,0,0,0,0,0,0.0,0.185997,0,1.0,0,310,3,0,0.98,0.0,GREEN,42,Chennai
CLM0007409,CHE_07913,Chromepet,2022-12-17,12,0,0,0,0,0,0,0,0,0,0.0,0.323102,0,0.0,0,420,0,0,0.5665,0.0,GREEN,43,Chennai
CLM0007410,CHE_00227,Tambaram,2025-03-20,8,0,0,0,0,0,0,0,1,0,0.0,0.187995,0,0.0,1,45,0,2,0.8123,0.1817,GREEN,49,Chennai
CLM0007411,CHE_07700,Chromepet,2024-03-12,8,0,0,0,0,0,0,0,0,0,1.0,0.17293,0,0.0,1,5,1,4,0.9648,0.2193,GREEN,25,Chennai
CLM0007412,CHE_04137,Velachery,2024-09-06,7,0,0,0,0,0,0,1,0,0,0.0,1.0,0,0.0,0,251,3,0,0.8881,0.118,GREEN,44,Chennai
CLM0007413,CHE_06614,Adyar,2025-04-27,11,0,0,0,0,0,0,0,0,0,1.0,0.149822,0,0.0,0,229,2,2,0.8073,0.0,GREEN,27,Chennai
CLM0007414,CHE_01621,Chromepet,2023-10-20,9,0,0,0,0,0,1,1,0,0,0.0,0.376986,0,0.0,0,245,4,3,0.5209,0.1509,GREEN,25,Chennai
CLM0007415,CHE_05033,Guindy,2025-10-07,7,0,0,0,0,0,0,0,0,0,0.0,0.033455,0,0.0,0,420,0,0,0.494,0.0611,GREEN,31,Chennai
CLM0007416,CHE_06829,Perambur,2025-01-08,20,0,0,0,0,0,0,0,0,0,0.0,0.246778,0,0.0,0,420,1,2,0.8171,0.0,GREEN,24,Chennai
CLM0007417,CHE_03090,Perambur,2023-01-22,20,0,0,0,0,0,0,0,0,0,0.0,0.378746,1,0.0,0,420,2,0,0.98,0.0667,GREEN,49,Chennai
CLM0007418,CHE_00036,Adyar,2024-04-25,9,0,0,0,0,0,0,0,0,0,0.0,0.402683,0,1.0,0,337,1,5,0.5079,0.0399,GREEN,37,Chennai
CLM0007419,CHE_08231,Guindy,2023-05-12,11,0,0,0,0,0,0,0,0,0,0.0,0.288539,0,0.0,0,259,2,1,0.191,0.2093,GREEN,34,Chennai
CLM0007420,CHE_02178,Perambur,2025-09-14,12,0,1,1,0,0,0,0,0,0,0.0,1.0,0,0.0,0,420,1,6,0.8174,0.0,GREEN,37,Chennai
CLM0007421,CHE_04724,Adyar,2016-12-29,21,0,0,0,0,0,0,0,0,0,0.0,0.409503,0,0.0,0,282,1,0,0.98,0.0,GREEN,35,Chennai
CLM0007422,CHE_06004,Porur,2022-10-14,20,0,0,0,0,0,0,0,0,0,0.0,1.0,0,0.0,0,44,4,0,0.6782,0.1072,GREEN,55,Chennai
CLM0007423,CHE_04162,Guindy,2015-07-09,19,0,0,0,0,0,0,0,0,0,0.0,0.386359,0,0.0,0,410,1,5,0.5113,0.0116,GREEN,22,Chennai
CLM0007424,CHE_01732,Velachery,2019-10-13,15,0,0,0,0,1,0,0,0,0,0.0,0.099256,0,0.0,0,267,1,2,0.1756,0.1157,GREEN,18,Chennai
CLM0007425,CHE_02697,Anna Nagar,2023-01-09,19,0,0,0,0,0,0,0,0,0,0.0,0.062009,0,0.0,0,60,4,3,0.6221,0.0,GREEN,32,Chennai
CLM0007426,CHE_00238,Perambur,2018-09-04,16,0,0,0,0,0,0,0,0,0,0.0,0.428824,0,0.0,0,298,4,2,0.98,0.0833,GREEN,43,Chennai
CLM0007427,CHE_07499,Porur,2022-11-15,8,0,0,0,0,1,0,0,0,0,1.0,0.22683,0,0.0,1,133,4,4,0.05,0.2701,GREEN,38,Chennai
CLM0007428,CHE_01575,Anna Nagar,2023-12-18,8,0,0,0,0,0,0,0,0,1,1.0,0.954782,0,1.0,0,93,3,7,0.6331,0.136,GREEN,55,Chennai
CLM0007429,CHE_02151,Guindy,2025-06-28,10,0,0,0,0,0,0,0,0,0,0.0,0.127678,0,0.0,0,206,4,4,0.9634,0.0066,GREEN,32,Chennai
CLM0007430,CHE_02458,Velachery,2018-04-18,9,0,0,0,0,0,0,0,0,0,0.0,0.280393,0,0.0,0,207,1,4,0.9397,0.0,GREEN,28,Chennai
CLM0007431,CHE_00762,Porur,2018-09-20,14,0,0,0,0,0,0,0,0,0,0.0,0.198973,0,0.0,0,215,0,0,0.7844,0.0078,GREEN,52,Chennai
CLM0007432,CHE_04320,Adyar,2018-07-12,14,0,0,0,0,0,0,0,1,0,0.0,0.974547,0,0.0,0,248,1,2,0.6723,0.0763,GREEN,34,Chennai
CLM0007433,CHE_04724,Adyar,2024-12-12,13,0,0,0,0,0,0,0,1,1,0.0,0.135534,0,0.0,0,108,3,4,0.98,0.2627,GREEN,35,Chennai
CLM0007434,CHE_09183,Tambaram,2020-11-04,20,0,0,0,1,0,0,1,1,1,1.0,0.093106,0,1.0,1,5,3,18,0.1016,0.0,GREEN,48,Chennai
CLM0007435,CHE_05167,T Nagar,2020-07-29,20,0,0,0,0,0,0,0,0,0,0.0,0.034096,0,0.0,0,253,2,0,0.5752,0.0059,GREEN,20,Chennai
CLM0007436,CHE_08220,Porur,2024-07-15,14,0,0,0,0,0,0,0,0,0,0.0,0.150029,0,0.0,0,330,0,0,0.943,0.016,GREEN,42,Chennai
CLM0007437,CHE_01631,Porur,2019-05-20,7,0,0,0,0,0,0,0,0,0,0.0,0.0,0,0.0,0,131,4,4,0.7171,0.0,GREEN,35,Chennai
CLM0007438,CHE_00893,Porur,2022-03-31,19,0,0,0,0,0,1,0,0,0,0.0,0.044593,0,0.0,0,359,3,8,0.8871,0.0654,GREEN,18,Chennai
CLM0007439,CHE_01932,Perambur,2022-06-03,19,0,0,0,0,0,0,0,0,0,0.0,0.172814,0,0.0,0,402,4,3,0.5105,0.0,GREEN,41,Chennai
CLM0007440,CHE_03508,Tambaram,2023-03-02,20,0,0,0,0,0,0,0,1,0,0.0,0.309676,0,0.0,0,68,4,0,0.9076,0.103,GREEN,28,Chennai
CLM0007441,CHE_01299,Porur,2025-02-20,15,0,0,0,0,0,0,0,0,0,0.0,0.154747,1,0.0,0,259,0,7,0.771,0.0541,GREEN,48,Chennai
CLM0007442,CHE_01881,Guindy,2024-02-11,8,0,0,0,1,1,0,1,0,1,0.0,0.996417,0,1.0,1,5,1,18,0.4245,0.1248,GREEN,26,Chennai
CLM0007443,CHE_06504,Porur,2022-10-09,13,0,0,0,1,0,1,1,1,1,0.0,0.056278,0,0.0,1,8,2,13,0.8099,0.0687,GREEN,53,Chennai
CLM0007444,CHE_01823,Guindy,2025-07-03,17,0,0,0,0,1,0,0,0,0,0.0,0.188004,0,1.0,0,72,4,5,0.0639,0.1081,GREEN,49,Chennai
CLM0007445,CHE_01608,Porur,2022-03-30,17,0,0,0,0,0,0,0,0,0,0.0,0.194439,0,0.0,0,244,0,5,0.7275,0.0484,GREEN,28,Chennai
CLM0007446,CHE_03141,Perambur,2025-11-17,8,0,0,0,1,1,1,1,1,0,1.0,0.657379,0,1.0,0,16,3,18,0.05,0.2209,GREEN,47,Chennai
CLM0007447,CHE_03426,Velachery,2022-01-15,15,0,0,0,0,0,0,0,0,0,0.0,0.309084,1,0.0,0,135,0,0,0.417,0.0776,GREEN,42,Chennai
CLM0007448,CHE_09918,Guindy,2023-10-15,9,0,0,0,0,0,0,0,0,0,0.0,0.89046,0,0.0,0,266,3,3,0.5478,0.0,GREEN,37,Chennai
CLM0007449,CHE_05585,Perambur,2024-06-20,13,0,0,0,0,0,0,0,0,0,0.0,1.0,0,1.0,0,193,2,3,0.6919,0.0156,GREEN,25,Chennai
CLM0007450,CHE_06515,Tambaram,2025-04-16,20,0,0,0,0,0,0,0,0,0,0.0,0.289239,0,0.0,0,420,3,3,0.9079,0.0,GREEN,44,Chennai
CLM0007451,CHE_06885,Adyar,2023-08-01,13,0,0,0,0,0,1,1,1,1,1.0,1.0,0,0.0,1,11,4,18,0.1141,0.0908,GREEN,54,Chennai
CLM0007452,CHE_05352,Porur,2023-12-04,7,0,0,0,0,0,0,0,0,0,0.0,0.296259,0,0.0,1,333,4,1,0.5398,0.0477,GREEN,19,Chennai
CLM0007453,CHE_08785,Chromepet,2024-05-31,7,0,0,0,0,0,0,0,0,0,0.0,0.241372,0,0.0,1,402,1,0,0.6976,0.1073,GREEN,38,Chennai
CLM0007454,CHE_00725,T Nagar,2024-08-20,13,0,0,0,0,0,0,0,0,0,0.0,0.269212,0,0.0,0,317,1,4,0.7867,0.0,GREEN,50,Chennai
CLM0007455,CHE_09949,Velachery,2025-05-24,14,0,0,0,0,0,0,1,0,0,0.0,0.411851,0,0.0,0,296,4,3,0.6997,0.0,GREEN,48,Chennai
CLM0007456,CHE_05564,Anna Nagar,2023-12-05,18,0,0,0,0,0,0,0,0,0,0.0,0.147761,0,0.0,0,36,3,0,0.702,0.0,GREEN,50,Chennai
CLM0007457,CHE_04210,Sholinganallur,2024-01-19,7,0,0,0,0,0,0,0,0,0,0.0,0.133403,0,0.0,0,359,2,0,0.0941,0.0466,GREEN,40,Chennai
CLM0007458,CHE_02150,Tambaram,2024-02-06,11,0,0,0,0,0,0,0,0,0,0.0,0.346362,0,0.0,0,236,2,1,0.98,0.0084,GREEN,39,Chennai
CLM0007459,CHE_02422,T Nagar,2024-03-26,13,0,0,0,0,0,0,0,0,0,0.0,0.345754,0,0.0,0,395,4,4,0.5614,0.1208,GREEN,39,Chennai
CLM0007460,CHE_05796,Chromepet,2023-12-24,9,0,0,0,1,0,0,0,1,0,0.0,0.032973,0,0.0,0,420,1,1,0.2661,0.2096,GREEN,47,Chennai
CLM0007461,CHE_04132,Velachery,2024-02-19,18,0,0,0,0,0,0,0,0,0,0.0,0.162754,0,0.0,0,207,0,5,0.563,0.0425,GREEN,34,Chennai
CLM0007462,CHE_01208,T Nagar,2016-08-27,14,0,0,0,0,0,0,0,0,1,1.0,0.170223,0,0.0,0,49,2,0,0.9708,0.2074,GREEN,58,Chennai
CLM0007463,CHE_01374,Perambur,2018-03-07,18,0,0,0,0,0,0,0,0,0,0.0,0.273191,0,0.0,0,293,4,3,0.05,0.041,GREEN,43,Chennai
CLM0007464,CHE_03967,T Nagar,2024-06-01,20,0,0,0,0,0,0,0,0,0,1.0,1.0,0,1.0,0,125,4,0,0.8664,0.0527,GREEN,37,Chennai
CLM0007465,CHE_05897,Adyar,2022-02-28,19,0,0,0,0,0,0,0,0,0,0.0,0.080084,0,0.0,1,34,4,0,0.7316,0.0,GREEN,37,Chennai
CLM0007466,CHE_06763,Anna Nagar,2022-10-01,17,0,0,0,0,0,1,0,1,0,0.0,0.064724,0,0.0,0,369,2,1,0.6813,0.0874,GREEN,46,Chennai
CLM0007467,CHE_06051,Perambur,2021-03-11,17,0,0,0,0,0,0,0,0,1,0.0,0.194966,0,0.0,0,420,3,4,0.7947,0.2427,GREEN,49,Chennai
CLM0007468,CHE_03077,Anna Nagar,2024-01-18,16,0,0,0,0,0,0,0,0,0,0.0,0.0,0,0.0,0,411,0,4,0.05,0.0327,GREEN,38,Chennai
CLM0007469,CHE_09208,Sholinganallur,2025-05-11,13,0,0,0,1,0,0,0,0,0,0.0,0.03916,0,0.0,0,106,1,0,0.612,0.2638,GREEN,33,Chennai
CLM0007470,CHE_03106,Guindy,2021-11-28,10,0,0,0,0,0,0,1,0,0,0.0,0.295263,0,0.0,0,370,0,3,0.95,0.0371,GREEN,55,Chennai
CLM0007471,CHE_02944,Anna Nagar,2022-10-01,13,0,0,0,0,0,0,0,0,0,0.0,0.166883,0,0.0,0,140,0,3,0.5844,0.0828,GREEN,42,Chennai
CLM0007472,CHE_08811,Velachery,2025-02-21,20,0,0,0,0,0,0,1,0,0,0.0,0.193975,0,0.0,0,420,1,1,0.6049,0.0748,GREEN,48,Chennai
CLM0007473,CHE_05846,Anna Nagar,2023-09-18,14,0,0,0,0,1,0,1,0,1,0.0,0.978711,1,1.0,1,32,4,15,0.6574,0.0,GREEN,49,Chennai
CLM0007474,CHE_01899,T Nagar,2023-05-30,8,0,0,0,0,0,0,0,1,0,0.0,0.278507,1,0.0,0,298,3,3,0.9454,0.2324,GREEN,46,Chennai
CLM0007475,CHE_09253,Chromepet,2021-03-24,21,0,0,0,1,0,0,0,0,0,0.0,0.294984,0,0.0,0,399,0,2,0.98,0.1699,GREEN,59,Chennai
CLM0007476,CHE_04042,Sholinganallur,2024-05-12,15,0,0,0,0,0,0,0,0,0,0.0,0.181499,0,0.0,0,306,2,5,0.7867,0.0,GREEN,56,Chennai
CLM0007477,CHE_06404,Velachery,2022-01-14,18,0,0,0,0,0,0,0,0,1,0.0,0.357844,0,0.0,0,146,4,2,0.9664,0.0,GREEN,51,Chennai
CLM0007478,CHE_00324,Velachery,2024-01-02,9,0,0,0,0,0,0,1,1,0,0.0,0.023105,0,0.0,0,109,2,3,0.6709,0.1348,GREEN,34,Chennai
CLM0007479,CHE_01209,Chromepet,2021-05-05,19,0,0,0,0,1,0,0,1,0,0.0,0.353638,0,0.0,0,392,0,5,0.8317,0.3275,YELLOW,25,Chennai
CLM0007480,CHE_09982,Adyar,2022-06-17,10,0,0,0,0,0,0,0,0,0,0.0,0.166948,0,0.0,0,196,4,0,0.806,0.035,GREEN,30,Chennai
CLM0007481,CHE_07234,Guindy,2024-06-25,9,0,0,0,0,0,0,1,0,0,0.0,0.318666,0,0.0,0,420,1,1,0.5774,0.0,GREEN,40,Chennai
CLM0007482,CHE_07024,T Nagar,2021-03-29,19,0,0,0,0,0,0,0,0,0,0.0,0.078848,0,0.0,0,105,3,2,0.7596,0.0,GREEN,36,Chennai
CLM0007483,CHE_00712,Porur,2025-03-26,10,0,0,0,0,0,0,0,0,0,0.0,0.180273,0,0.0,0,144,4,3,0.7741,0.0506,GREEN,50,Chennai
CLM0007484,CHE_01838,Guindy,2024-12-14,9,0,0,0,0,0,0,0,0,0,0.0,0.100226,0,0.0,0,384,4,5,0.8679,0.0141,GREEN,43,Chennai
CLM0007485,CHE_03066,Porur,2022-09-16,12,0,0,0,0,0,0,0,0,0,0.0,0.229879,0,0.0,0,5,1,0,0.901,0.0168,GREEN,42,Chennai
CLM0007486,CHE_09682,Tambaram,2025-11-25,13,0,0,0,0,0,0,1,0,0,0.0,0.0,0,0.0,0,145,3,0,0.5806,0.125,GREEN,62,Chennai
CLM0007487,CHE_06593,Guindy,2023-06-15,19,0,0,0,0,1,1,1,1,1,1.0,1.0,0,1.0,0,7,1,18,0.6774,0.0652,GREEN,38,Chennai
CLM0007488,CHE_06088,Perambur,2024-01-06,19,0,1,1,0,0,0,0,0,0,0.0,0.0,0,0.0,0,239,2,3,0.9001,0.0,GREEN,57,Chennai
CLM0007489,CHE_09439,Guindy,2019-10-20,21,0,0,0,0,0,0,0,0,1,0.0,0.019164,0,0.0,0,340,1,0,0.7727,0.1489,GREEN,38,Chennai
CLM0007490,CHE_07709,Perambur,2024-08-19,16,0,0,0,0,0,0,0,0,0,0.0,0.196055,0,0.0,0,420,2,1,0.6345,0.08,GREEN,42,Chennai
CLM0007491,CHE_08515,Porur,2023-04-24,16,0,0,0,0,1,0,0,0,0,0.0,0.210851,0,0.0,0,323,1,2,0.6708,0.0329,GREEN,39,Chennai
CLM0007492,CHE_01589,Tambaram,2025-07-22,21,0,0,0,0,0,0,0,0,0,0.0,0.055442,0,0.0,0,420,1,3,0.751,0.0002,GREEN,48,Chennai
CLM0007493,CHE_07045,Tambaram,2023-11-27,20,0,0,0,0,0,0,0,0,0,0.0,0.350462,0,0.0,0,177,1,1,0.6137,0.0,GREEN,52,Chennai
CLM0007494,CHE_09268,Chromepet,2019-05-30,11,0,1,1,0,0,0,0,0,0,0.0,1.0,0,0.0,0,195,4,4,0.385,0.1391,GREEN,51,Chennai
CLM0007495,CHE_08304,Porur,2023-10-11,21,0,0,0,0,0,0,0,1,0,0.0,0.070086,0,0.0,0,420,2,0,0.7729,0.096,GREEN,38,Chennai
CLM0007496,CHE_06799,Perambur,2023-01-26,8,0,0,0,0,0,0,0,1,0,0.0,0.174427,0,0.0,0,195,0,0,0.5178,0.1874,GREEN,29,Chennai
CLM0007497,CHE_05964,Chromepet,2020-08-14,10,0,0,0,0,0,0,0,0,0,0.0,0.257656,0,0.0,0,390,2,4,0.98,0.0588,GREEN,58,Chennai
CLM0007498,CHE_00587,Sholinganallur,2023-02-16,16,0,0,0,0,0,0,0,0,0,0.0,0.162784,0,0.0,0,313,4,0,0.3651,0.0,GREEN,27,Chennai
CLM0007499,CHE_05861,Porur,2024-12-13,16,0,0,0,0,0,0,0,0,0,0.0,0.399531,0,1.0,0,132,1,1,0.8884,0.0,GREEN,58,Chennai
CLM0007500,CHE_01861,T Nagar,2018-05-17,11,0,0,0,0,0,0,0,1,0,0.0,0.288055,0,1.0,0,281,2,0,0.8918,0.0735,GREEN,40,Chennai
CLM0007501,CHE_07052,Perambur,2024-06-12,8,0,0,0,0,0,0,0,0,0,0.0,0.394037,0,0.0,0,321,4,5,0.5719,0.026,GREEN,40,Chennai
CLM0007502,CHE_03399,Adyar,2025-07-19,10,0,0,0,0,0,0,0,0,0,0.0,0.208539,0,0.0,0,103,1,1,0.4588,0.0,GREEN,48,Chennai
CLM0007503,CHE_05453,Tambaram,2025-03-01,13,0,0,0,0,0,0,0,0,0,0.0,0.364828,0,0.0,0,277,3,5,0.588,0.0383,GREEN,28,Chennai
CLM0007504,CHE_07951,Sholinganallur,2022-01-20,20,0,0,0,0,0,0,0,0,0,0.0,0.118371,0,0.0,0,105,3,0,0.8166,0.0227,GREEN,34,Chennai
CLM0007505,CHE_07856,Tambaram,2025-11-26,16,0,0,0,0,0,1,0,0,0,0.0,0.286063,0,0.0,0,352,0,0,0.6495,0.1132,GREEN,34,Chennai
CLM0007506,CHE_03997,Adyar,2024-04-12,10,0,0,0,0,0,0,0,0,0,0.0,0.319663,0,0.0,0,129,1,0,0.8571,0.0,GREEN,39,Chennai
CLM0007507,CHE_05134,Adyar,2025-11-13,9,0,0,0,0,0,0,0,0,0,0.0,0.34118,0,0.0,0,92,4,2,0.8053,0.0,GREEN,54,Chennai
CLM0007508,CHE_06149,Adyar,2022-12-10,10,0,0,0,0,0,0,0,0,0,0.0,0.0,0,0.0,0,420,2,4,0.05,0.0,GREEN,26,Chennai
CLM0007509,CHE_01241,Porur,2021-08-30,17,0,0,0,0,0,0,1,0,0,0.0,0.111494,0,0.0,0,343,0,2,0.05,0.1223,GREEN,29,Chennai
CLM0007510,CHE_06419,Velachery,2024-01-25,10,0,0,0,0,0,0,0,0,0,1.0,0.057989,0,0.0,0,261,0,1,0.5678,0.1062,GREEN,27,Chennai
CLM0007511,CHE_03284,Adyar,2021-12-15,10,0,0,0,0,0,0,0,0,0,0.0,0.12056,0,0.0,0,176,2,4,0.8764,0.0944,GREEN,38,Chennai
CLM0007512,CHE_01216,Anna Nagar,2024-06-15,14,0,0,0,0,0,0,0,0,0,0.0,0.369539,0,0.0,0,401,2,1,0.9085,0.0,GREEN,33,Chennai
CLM0007513,CHE_02832,T Nagar,2024-04-11,12,0,0,0,0,0,0,0,0,0,0.0,0.22792,0,0.0,0,420,2,0,0.6772,0.0,GREEN,48,Chennai
CLM0007514,CHE_05667,Chromepet,2022-03-03,7,0,1,1,0,0,0,0,0,0,0.0,0.987845,0,0.0,0,96,1,0,0.8052,0.0526,GREEN,47,Chennai
CLM0007515,CHE_07167,Porur,2021-06-08,18,0,0,0,0,0,0,0,0,0,1.0,0.156695,0,1.0,0,420,4,0,0.7144,0.0,GREEN,21,Chennai
CLM0007516,CHE_04714,Perambur,2024-11-04,12,0,0,0,0,0,1,0,1,0,0.0,0.019619,0,0.0,0,168,1,3,0.8022,0.2606,GREEN,30,Chennai
CLM0007517,CHE_06280,Guindy,2021-09-17,15,0,0,0,0,0,0,0,1,0,0.0,0.228645,0,0.0,0,420,3,2,0.1099,0.0884,GREEN,45,Chennai
CLM0007518,CHE_03408,Sholinganallur,2025-01-11,15,0,0,0,0,0,0,0,0,0,0.0,0.380382,0,0.0,0,405,1,2,0.732,0.0,GREEN,18,Chennai
CLM0007519,CHE_03078,Tambaram,2022-10-18,15,0,0,0,0,0,1,1,1,0,0.0,0.041538,0,0.0,1,5,4,18,0.8924,0.0,GREEN,45,Chennai
CLM0007520,CHE_09096,Chromepet,2025-11-22,18,0,0,0,0,0,0,0,0,0,0.0,0.290717,0,0.0,0,69,0,1,0.078,0.0474,GREEN,38,Chennai
CLM0007521,CHE_06470,Anna Nagar,2023-09-25,19,0,0,0,0,0,0,0,0,0,0.0,0.426903,0,0.0,0,76,4,3,0.0501,0.0001,GREEN,28,Chennai
CLM0007522,CHE_04373,Chromepet,2023-01-10,17,0,0,0,0,0,0,0,0,0,0.0,0.179184,1,0.0,0,225,1,6,0.9165,0.02,GREEN,44,Chennai
CLM0007523,CHE_00821,Adyar,2022-07-19,12,0,0,0,0,0,0,0,0,0,1.0,0.418728,0,0.0,0,420,1,2,0.7636,0.1117,GREEN,39,Chennai
CLM0007524,CHE_09512,Porur,2021-09-27,19,0,0,0,0,0,1,0,0,0,0.0,0.187461,0,0.0,0,306,4,2,0.4792,0.1779,GREEN,48,Chennai
CLM0007525,CHE_08264,Sholinganallur,2020-11-08,13,0,0,0,0,0,0,0,0,0,0.0,0.0,0,0.0,0,241,3,4,0.534,0.0,GREEN,36,Chennai
CLM0007526,CHE_02353,T Nagar,2021-05-29,18,0,0,0,0,0,0,0,0,0,0.0,0.322587,0,0.0,0,127,1,1,0.5608,0.1802,GREEN,40,Chennai
CLM0007527,CHE_01366,Adyar,2018-11-16,19,0,0,0,0,0,0,0,0,0,0.0,0.075692,0,1.0,0,351,0,4,0.5727,0.0968,GREEN,48,Chennai
CLM0007528,CHE_07056,Anna Nagar,2020-03-19,9,0,0,0,0,0,0,0,0,0,0.0,0.245714,0,0.0,0,348,2,0,0.98,0.0681,GREEN,59,Chennai
CLM0007529,CHE_02718,Sholinganallur,2022-06-07,18,0,0,0,0,0,0,0,0,0,1.0,0.315964,0,0.0,0,257,2,2,0.7114,0.0865,GREEN,45,Chennai
CLM0007530,CHE_05500,Adyar,2020-12-17,10,0,0,0,0,0,0,0,1,0,0.0,0.978517,0,0.0,0,72,4,0,0.8523,0.1301,GREEN,34,Chennai
CLM0007531,CHE_01087,Tambaram,2025-10-29,13,0,0,0,0,0,1,0,0,0,1.0,0.987135,0,1.0,0,42,4,2,0.05,0.097,GREEN,18,Chennai
CLM0007532,CHE_05339,Guindy,2020-05-04,13,0,0,0,0,0,1,0,0,0,0.0,0.414822,0,1.0,0,420,1,4,0.4812,0.0279,GREEN,36,Chennai
CLM0007533,CHE_07219,Chromepet,2024-07-31,7,0,0,0,0,1,0,0,1,0,0.0,0.265702,0,0.0,0,420,0,0,0.566,0.2557,GREEN,49,Chennai
CLM0007534,CHE_07072,T Nagar,2016-12-02,10,0,0,0,0,0,1,0,0,0,1.0,0.095436,0,0.0,0,143,4,0,0.6996,0.1338,GREEN,37,Chennai
CLM0007535,CHE_01650,Tambaram,2021-01-23,20,0,0,0,0,0,0,0,0,1,0.0,0.295719,0,0.0,0,133,3,4,0.7578,0.0248,GREEN,33,Chennai
CLM0007536,CHE_07398,Adyar,2021-02-09,13,0,0,0,1,1,0,1,1,1,1.0,0.958454,1,1.0,1,5,0,18,0.3338,0.037,GREEN,41,Chennai
CLM0007537,CHE_09793,Adyar,2020-08-26,12,0,0,0,0,0,0,0,0,0,0.0,0.416328,0,0.0,0,197,1,6,0.7476,0.0,GREEN,52,Chennai
CLM0007538,CHE_01443,Velachery,2022-01-17,11,0,0,0,0,0,1,0,1,0,0.0,0.325813,0,0.0,0,268,1,0,0.8342,0.2133,GREEN,56,Chennai
CLM0007539,CHE_07835,Velachery,2023-09-28,21,0,0,0,1,0,0,0,0,0,1.0,0.083741,0,1.0,0,248,3,3,0.1783,0.2306,GREEN,52,Chennai
CLM0007540,CHE_03607,Guindy,2023-01-20,15,0,0,0,0,0,0,0,0,0,0.0,0.27051,0,1.0,0,420,0,2,0.8929,0.0,GREEN,31,Chennai
CLM0007541,CHE_03413,Chromepet,2021-12-17,11,0,0,0,1,0,0,0,0,0,0.0,0.29764,0,0.0,0,74,2,0,0.2007,0.16,GREEN,38,Chennai
CLM0007542,CHE_09829,Tambaram,2024-07-15,17,0,0,0,1,0,1,1,1,1,0.0,0.137151,0,0.0,0,7,0,18,0.4503,0.0012,GREEN,30,Chennai
CLM0007543,CHE_06979,Sholinganallur,2025-11-07,16,0,0,0,0,0,0,1,0,0,0.0,0.128764,0,0.0,0,377,3,0,0.98,0.033,GREEN,43,Chennai
CLM0007544,CHE_05216,Chromepet,2024-11-11,7,1,0,0,1,0,0,0,0,0,0.0,0.350305,0,0.0,0,5,2,2,0.5505,0.1205,GREEN,18,Chennai
CLM0007545,CHE_03319,Chromepet,2025-08-31,13,0,0,0,1,0,0,0,1,0,0.0,1.0,0,0.0,0,380,3,2,0.5883,0.2128,GREEN,30,Chennai
CLM0007546,CHE_03489,Perambur,2025-07-06,12,0,0,0,0,0,0,0,0,0,0.0,0.166384,0,0.0,0,384,0,0,0.7823,0.0114,GREEN,33,Chennai
CLM0007547,CHE_02859,T Nagar,2025-10-13,9,0,0,0,0,0,1,0,0,0,0.0,0.0,0,0.0,0,308,4,0,0.7102,0.0332,GREEN,39,Chennai
CLM0007548,CHE_03526,Chromepet,2023-11-03,18,0,0,0,0,0,0,0,0,0,0.0,0.305517,0,0.0,0,245,0,2,0.9764,0.0,GREEN,50,Chennai
CLM0007549,CHE_01060,Guindy,2023-06-20,12,0,0,0,0,0,0,0,0,0,0.0,0.288958,0,0.0,0,368,2,5,0.8385,0.0,GREEN,40,Chennai
CLM0007550,CHE_04900,Porur,2019-06-02,7,0,0,0,0,0,0,0,0,1,1.0,0.23429,0,0.0,0,24,3,0,0.743,0.1476,GREEN,49,Chennai
CLM0007551,CHE_08068,Porur,2019-11-16,21,0,0,0,0,0,1,0,0,0,0.0,0.912134,0,0.0,0,383,1,0,0.98,0.0296,GREEN,32,Chennai
CLM0007552,CHE_09326,Perambur,2017-06-18,9,0,0,0,1,0,0,0,0,0,0.0,0.055518,0,0.0,0,65,4,6,0.5981,0.1983,GREEN,28,Chennai
CLM0007553,CHE_07834,Porur,2021-07-27,15,0,0,0,0,0,0,1,0,0,0.0,0.313857,0,0.0,0,143,4,5,0.7545,0.0816,GREEN,49,Chennai
CLM0007554,CHE_06789,Chromepet,2025-10-22,19,0,1,1,1,0,0,0,0,1,1.0,0.0,0,0.0,0,5,2,18,0.05,0.0,GREEN,54,Chennai
CLM0007555,CHE_06401,Porur,2019-03-10,8,0,0,0,0,0,0,0,0,0,0.0,1.0,0,0.0,0,181,1,4,0.8414,0.0042,GREEN,18,Chennai
CLM0007556,CHE_05080,Porur,2024-01-06,16,0,0,0,0,0,0,0,1,0,0.0,0.317733,0,0.0,0,309,4,2,0.548,0.1093,GREEN,42,Chennai
CLM0007557,CHE_05173,Tambaram,2016-08-05,19,0,0,0,0,0,1,0,0,0,0.0,0.417982,0,0.0,0,101,4,4,0.6902,0.1188,GREEN,36,Chennai
CLM0007558,CHE_05570,Chromepet,2023-12-21,15,0,0,0,0,0,0,0,0,0,0.0,0.077998,0,0.0,0,56,2,2,0.6603,0.0006,GREEN,36,Chennai
CLM0007559,CHE_08855,Porur,2024-12-08,11,0,0,0,0,0,1,0,0,0,0.0,0.293302,0,0.0,0,19,2,0,0.2556,0.0584,GREEN,47,Chennai
CLM0007560,CHE_08124,T Nagar,2021-05-20,8,0,0,0,0,0,0,0,0,0,0.0,0.421423,0,0.0,0,126,1,4,0.7619,0.0569,GREEN,52,Chennai
CLM0007561,CHE_03692,Sholinganallur,2021-05-27,18,0,0,0,0,0,0,0,0,0,0.0,0.306638,0,0.0,0,420,2,1,0.7391,0.0,GREEN,35,Chennai
CLM0007562,CHE_08542,Velachery,2022-08-24,17,0,0,0,0,0,0,1,0,0,0.0,0.01175,0,0.0,0,420,4,1,0.9554,0.0409,GREEN,26,Chennai
CLM0007563,CHE_07916,Velachery,2016-12-25,9,0,0,0,0,0,0,0,0,0,0.0,0.058937,0,0.0,0,225,1,3,0.6482,0.0,GREEN,27,Chennai
CLM0007564,CHE_09589,Porur,2024-10-27,16,0,0,0,0,0,0,0,0,0,1.0,0.920135,0,1.0,0,327,3,3,0.7507,0.0,GREEN,28,Chennai
CLM0007565,CHE_05430,Tambaram,2022-01-02,13,0,0,0,0,0,0,1,0,0,0.0,0.447815,0,0.0,0,272,1,2,0.6576,0.0816,GREEN,35,Chennai
CLM0007566,CHE_07140,Guindy,2025-01-24,15,0,0,0,0,0,0,0,1,0,0.0,0.0,0,0.0,0,420,0,1,0.2946,0.097,GREEN,44,Chennai
CLM0007567,CHE_01153,Perambur,2023-07-16,20,0,0,0,0,0,0,0,0,0,0.0,0.150755,0,0.0,0,420,1,5,0.5771,0.0,GREEN,34,Chennai
CLM0007568,CHE_04822,Sholinganallur,2023-05-13,21,0,0,0,0,0,1,0,0,0,0.0,0.082654,0,0.0,0,420,0,0,0.6519,0.0,GREEN,44,Chennai
CLM0007569,CHE_04868,Guindy,2025-10-12,13,0,0,0,0,0,1,0,0,1,0.0,0.296983,0,0.0,0,216,4,2,0.98,0.1677,GREEN,23,Chennai
CLM0007570,CHE_04996,Chromepet,2022-01-04,14,0,0,0,0,1,0,0,0,0,1.0,0.285948,0,0.0,1,147,0,3,0.9381,0.2746,GREEN,42,Chennai
CLM0007571,CHE_00988,Guindy,2025-08-17,18,0,0,0,0,0,0,0,1,0,0.0,0.0,0,0.0,0,275,0,3,0.6276,0.0637,GREEN,42,Chennai
CLM0007572,CHE_06243,Velachery,2024-05-27,16,0,0,0,0,0,0,1,0,0,1.0,0.263123,0,0.0,1,378,2,1,0.8623,0.282,GREEN,41,Chennai
CLM0007573,CHE_02949,Porur,2020-08-06,13,0,0,0,0,0,0,0,0,0,0.0,1.0,0,0.0,0,355,4,1,0.2518,0.0255,GREEN,33,Chennai
CLM0007574,CHE_02063,Anna Nagar,2018-09-29,10,0,0,0,1,1,1,1,1,1,1.0,1.0,0,1.0,1,5,0,18,0.05,0.1037,GREEN,45,Chennai
CLM0007575,CHE_00087,Adyar,2021-07-03,11,0,0,0,0,0,0,0,0,0,0.0,0.331521,0,0.0,0,111,3,2,0.8901,0.0,GREEN,30,Chennai
CLM0007576,CHE_08416,Adyar,2023-07-18,15,0,0,0,0,0,0,0,0,0,0.0,0.037528,0,0.0,0,245,0,3,0.8057,0.0309,GREEN,31,Chennai
CLM0007577,CHE_00722,Velachery,2020-09-06,14,0,0,0,1,0,0,0,0,0,1.0,0.0,0,0.0,0,169,0,3,0.6866,0.2187,GREEN,40,Chennai
CLM0007578,CHE_00789,Porur,2023-07-26,15,0,0,0,0,0,1,0,0,0,0.0,0.237108,0,0.0,0,420,0,2,0.2603,0.1261,GREEN,36,Chennai
CLM0007579,CHE_06156,Sholinganallur,2022-09-15,11,0,0,0,0,0,0,0,0,0,1.0,0.120493,0,0.0,0,111,4,6,0.7876,0.069,GREEN,24,Chennai
CLM0007580,CHE_00028,Tambaram,2020-09-23,10,0,0,0,0,0,0,0,0,0,0.0,1.0,0,0.0,0,330,4,0,0.9155,0.0726,GREEN,42,Chennai
CLM0007581,CHE_05642,Chromepet,2020-07-19,11,0,0,0,0,0,0,0,0,0,1.0,0.382018,0,0.0,0,49,2,2,0.98,0.1435,GREEN,42,Chennai
CLM0007582,CHE_06982,Porur,2024-05-05,7,0,0,0,0,0,1,0,0,0,0.0,0.085263,0,0.0,0,44,4,0,0.1411,0.1437,GREEN,39,Chennai
CLM0007583,CHE_07499,Porur,2022-10-22,9,0,0,0,0,0,0,0,0,0,0.0,0.064891,0,0.0,0,265,3,2,0.5916,0.0071,GREEN,38,Chennai
CLM0007584,CHE_00079,Porur,2024-07-29,15,0,0,0,0,0,0,1,1,0,1.0,0.290234,0,0.0,0,420,2,4,0.7186,0.2132,GREEN,29,Chennai
CLM0007585,CHE_02393,Sholinganallur,2020-08-26,18,0,0,0,0,0,0,0,0,0,0.0,0.346566,0,0.0,0,101,1,4,0.1681,0.0,GREEN,34,Chennai
CLM0007586,CHE_06465,Anna Nagar,2020-03-06,11,0,0,0,0,0,0,0,1,0,0.0,0.185855,0,0.0,0,20,3,0,0.7738,0.1121,GREEN,32,Chennai
CLM0007587,CHE_05189,Tambaram,2019-10-06,14,0,0,0,0,0,0,0,0,0,0.0,1.0,0,0.0,0,13,1,2,0.3811,0.0,GREEN,36,Chennai
CLM0007588,CHE_09805,Tambaram,2019-04-09,10,0,0,0,0,0,0,1,0,0,0.0,0.230544,0,0.0,0,390,2,4,0.7801,0.1569,GREEN,44,Chennai
CLM0007589,CHE_04353,Porur,2022-05-04,11,0,0,0,0,0,0,0,0,0,0.0,0.082676,0,0.0,0,408,0,4,0.943,0.0238,GREEN,38,Chennai
CLM0007590,CHE_09815,Porur,2022-06-12,15,0,0,0,0,1,0,0,0,0,0.0,0.194197,0,0.0,0,383,1,0,0.98,0.1942,GREEN,25,Chennai
CLM0007591,CHE_09940,Sholinganallur,2022-03-30,7,0,0,0,0,0,0,0,0,0,0.0,0.206609,0,0.0,0,420,3,1,0.7351,0.0,GREEN,39,Chennai
CLM0007592,CHE_06019,T Nagar,2025-01-19,8,0,0,0,0,0,1,0,0,0,0.0,0.195038,0,0.0,1,394,3,1,0.2423,0.1342,GREEN,27,Chennai
CLM0007593,CHE_03895,Sholinganallur,2017-11-03,20,0,0,0,0,0,0,0,0,0,0.0,0.211803,0,0.0,0,67,0,1,0.574,0.0612,GREEN,52,Chennai
CLM0007594,CHE_01416,T Nagar,2024-06-18,10,0,0,0,0,0,0,0,0,0,0.0,0.359846,0,0.0,0,256,3,2,0.05,0.0,GREEN,40,Chennai
CLM0007595,CHE_08550,Chromepet,2023-07-19,8,0,0,0,0,0,1,0,0,0,0.0,0.065316,0,0.0,0,297,1,0,0.6611,0.0418,GREEN,38,Chennai
CLM0007596,CHE_03316,Tambaram,2021-03-03,16,0,0,0,0,0,0,0,0,0,0.0,0.180813,0,0.0,0,420,4,3,0.9137,0.0374,GREEN,22,Chennai
CLM0007597,CHE_01057,Perambur,2018-06-24,8,0,0,0,0,0,1,0,0,0,0.0,0.331322,1,0.0,0,282,0,4,0.9457,0.1533,GREEN,32,Chennai
CLM0007598,CHE_04773,Anna Nagar,2019-08-11,8,0,0,0,0,0,0,0,0,0,0.0,0.0,0,0.0,0,177,0,4,0.9213,0.0,GREEN,41,Chennai
CLM0007599,CHE_05977,Velachery,2023-03-04,12,0,0,0,0,0,0,0,0,0,0.0,0.895546,0,0.0,1,420,3,5,0.87,0.0857,GREEN,48,Chennai
CLM0007600,CHE_09953,Adyar,2018-04-17,16,0,0,0,0,0,0,0,1,0,0.0,0.984793,0,1.0,0,351,4,4,0.7484,0.0709,GREEN,31,Chennai
CLM0007601,CHE_00283,Sholinganallur,2017-12-29,19,0,0,0,1,0,0,0,0,0,0.0,0.242693,0,0.0,0,207,4,2,0.9679,0.1129,GREEN,48,Chennai
CLM0007602,CHE_05945,Chromepet,2022-03-05,10,0,0,0,0,0,0,0,1,0,0.0,0.294508,0,0.0,0,162,1,3,0.8445,0.0218,GREEN,46,Chennai
CLM0007603,CHE_00312,Sholinganallur,2025-07-22,14,0,0,0,0,0,0,0,0,0,0.0,0.203238,0,0.0,0,79,1,2,0.9083,0.0,GREEN,24,Chennai
CLM0007604,CHE_07878,Perambur,2020-01-30,16,0,0,0,0,0,0,0,0,1,0.0,0.110602,0,0.0,0,108,3,3,0.9312,0.066,GREEN,22,Chennai
CLM0007605,CHE_01837,Velachery,2017-08-26,20,0,0,0,0,0,0,1,0,0,0.0,0.157789,0,1.0,0,216,4,2,0.9169,0.0564,GREEN,35,Chennai
CLM0007606,CHE_00569,Sholinganallur,2017-07-04,8,0,0,0,0,0,0,0,0,0,0.0,0.053016,0,0.0,0,401,0,0,0.05,0.0,GREEN,28,Chennai
CLM0007607,CHE_05946,Anna Nagar,2020-07-24,12,0,0,0,0,0,1,0,1,0,0.0,0.346688,0,0.0,0,180,1,7,0.704,0.1514,GREEN,47,Chennai
CLM0007608,CHE_09925,Adyar,2021-06-16,8,0,0,0,0,0,0,0,0,0,0.0,0.454739,0,0.0,0,57,2,5,0.98,0.0,GREEN,41,Chennai
CLM0007609,CHE_08373,Sholinganallur,2021-08-05,17,0,0,0,0,0,0,0,0,1,0.0,0.235232,0,0.0,0,375,0,2,0.8514,0.1207,GREEN,51,Chennai
CLM0007610,CHE_02647,Porur,2019-11-14,11,0,0,0,0,0,0,0,0,0,0.0,0.12427,0,0.0,0,169,1,5,0.05,0.0,GREEN,44,Chennai
CLM0007611,CHE_01832,Velachery,2019-12-17,21,0,0,0,0,0,0,0,1,0,0.0,0.462464,0,0.0,0,77,0,0,0.4795,0.1475,GREEN,25,Chennai
CLM0007612,CHE_09295,Anna Nagar,2018-05-12,13,0,0,0,0,0,0,0,0,0,0.0,0.119426,0,0.0,0,271,3,0,0.05,0.0,GREEN,47,Chennai
CLM0007613,CHE_02142,Tambaram,2024-01-22,21,0,0,0,0,0,0,0,1,0,0.0,0.094578,0,0.0,0,401,2,0,0.5661,0.2344,GREEN,36,Chennai
CLM0007614,CHE_06659,Porur,2023-12-26,12,0,0,0,0,0,0,0,0,0,0.0,0.384847,0,0.0,0,269,4,2,0.6834,0.0393,GREEN,33,Chennai
CLM0007615,CHE_08065,T Nagar,2025-07-01,11,0,0,0,0,1,0,0,0,0,0.0,0.061272,0,0.0,0,290,4,0,0.98,0.0986,GREEN,51,Chennai
CLM0007616,CHE_02848,Guindy,2023-12-22,7,0,0,0,0,0,0,0,0,0,0.0,0.0,0,0.0,0,420,3,1,0.9323,0.0,GREEN,52,Chennai
CLM0007617,CHE_08372,Tambaram,2025-11-27,15,0,0,0,0,0,0,0,0,0,1.0,0.230318,0,0.0,0,173,1,3,0.9777,0.0396,GREEN,25,Chennai
CLM0007618,CHE_00763,Velachery,2025-05-21,19,0,0,0,1,0,0,1,1,0,0.0,0.996676,0,1.0,1,5,3,10,0.8518,0.1239,GREEN,36,Chennai
CLM0007619,CHE_00792,Perambur,2025-02-07,7,0,0,0,0,0,0,0,0,0,0.0,0.192981,0,0.0,0,368,2,0,0.98,0.0488,GREEN,44,Chennai
CLM0007620,CHE_01479,Chromepet,2022-09-17,19,0,0,0,0,1,0,0,0,0,0.0,0.062694,0,0.0,0,420,4,0,0.7256,0.1367,GREEN,49,Chennai
CLM0007621,CHE_03657,Porur,2023-06-25,20,0,0,0,0,0,0,0,0,0,0.0,0.332285,0,0.0,0,281,4,0,0.8505,0.0527,GREEN,51,Chennai
CLM0007622,CHE_05792,Adyar,2020-05-24,18,0,0,0,1,0,0,0,0,1,0.0,0.107194,0,0.0,0,241,3,3,0.4848,0.2265,GREEN,44,Chennai
CLM0007623,CHE_09778,Guindy,2020-06-16,17,0,0,0,0,0,0,0,0,0,0.0,0.375231,0,0.0,0,420,2,2,0.2763,0.0,GREEN,26,Chennai
CLM0007624,CHE_02509,Perambur,2023-08-23,21,0,0,0,1,1,0,1,1,1,1.0,0.0,0,0.0,1,17,3,15,0.3033,0.0,GREEN,47,Chennai
CLM0007625,CHE_04283,Anna Nagar,2025-04-17,12,0,0,0,1,0,1,0,1,1,0.0,0.10647,1,0.0,1,8,0,18,0.8794,0.0,GREEN,41,Chennai
CLM0007626,CHE_03222,Chromepet,2022-08-31,13,0,0,0,0,1,0,0,0,0,0.0,0.156265,0,0.0,0,276,0,2,0.7689,0.1127,GREEN,44,Chennai
CLM0007627,CHE_02400,T Nagar,2021-06-12,8,0,0,0,0,0,0,0,0,0,1.0,0.954995,1,1.0,0,389,2,2,0.4894,0.0176,GREEN,48,Chennai
CLM0007628,CHE_02585,Guindy,2024-11-22,21,0,0,0,0,0,1,0,0,0,0.0,0.298627,0,0.0,0,28,3,5,0.8613,0.12,GREEN,52,Chennai
CLM0007629,CHE_00502,Sholinganallur,2024-03-28,7,0,0,0,0,0,0,0,1,0,1.0,0.13767,0,0.0,0,136,1,4,0.6536,0.2063,GREEN,52,Chennai
CLM0007630,CHE_05795,Perambur,2025-03-22,21,0,0,0,0,0,1,0,0,1,0.0,0.129668,0,0.0,0,412,3,0,0.9304,0.1881,GREEN,21,Chennai
CLM0007631,CHE_05578,Velachery,2024-11-29,17,0,0,0,0,0,0,0,0,0,0.0,1.0,0,0.0,0,296,2,1,0.5038,0.0,GREEN,24,Chennai
CLM0007632,CHE_05585,Perambur,2025-07-25,20,0,0,0,0,0,0,0,0,0,0.0,0.194181,0,0.0,0,420,4,3,0.1869,0.0708,GREEN,25,Chennai
CLM0007633,CHE_09516,Velachery,2023-11-18,15,0,0,0,0,0,0,0,0,0,0.0,0.004581,0,0.0,1,74,2,4,0.4848,0.0991,GREEN,21,Chennai
CLM0007634,CHE_01474,Chromepet,2024-02-22,11,0,0,0,0,0,0,0,0,0,0.0,0.212866,0,0.0,0,420,2,2,0.8411,0.0,GREEN,39,Chennai
CLM0007635,CHE_06102,Tambaram,2024-02-04,18,0,0,0,0,0,0,0,0,0,0.0,0.029847,0,0.0,0,366,1,1,0.98,0.0441,GREEN,36,Chennai
CLM0007636,CHE_01528,Anna Nagar,2025-09-07,7,0,0,0,0,0,0,0,0,0,0.0,0.357679,0,0.0,0,404,2,1,0.8645,0.0,GREEN,43,Chennai
CLM0007637,CHE_02049,T Nagar,2024-04-12,17,0,0,0,1,0,0,1,1,1,0.0,0.910311,1,0.0,1,5,3,18,0.98,0.2131,GREEN,31,Chennai
CLM0007638,CHE_09215,Tambaram,2025-05-05,15,0,0,0,0,0,0,0,0,0,0.0,0.112193,0,0.0,0,76,3,0,0.7788,0.0182,GREEN,37,Chennai
CLM0007639,CHE_01156,Porur,2020-04-12,20,0,0,0,0,0,0,0,0,0,0.0,0.003695,0,0.0,0,57,0,3,0.9665,0.0,GREEN,33,Chennai
CLM0007640,CHE_09638,Porur,2022-09-18,18,0,0,0,0,0,0,0,0,1,0.0,0.044302,0,0.0,0,265,4,0,0.7392,0.2231,GREEN,22,Chennai
CLM0007641,CHE_07685,Porur,2025-08-23,9,0,0,0,0,0,0,0,0,0,0.0,0.898874,0,0.0,0,374,3,6,0.4837,0.0,GREEN,32,Chennai
CLM0007642,CHE_02827,Guindy,2022-04-19,15,0,0,0,0,0,0,0,0,0,1.0,1.0,0,1.0,0,420,1,1,0.7639,0.0,GREEN,28,Chennai
CLM0007643,CHE_03494,T Nagar,2023-02-12,10,0,0,0,0,0,0,0,0,0,0.0,0.204355,0,0.0,0,270,0,6,0.8662,0.0041,GREEN,29,Chennai
CLM0007644,CHE_07361,Adyar,2020-09-09,13,0,0,0,0,0,1,1,1,1,0.0,0.389853,1,0.0,1,5,3,18,0.1019,0.0,GREEN,18,Chennai
CLM0007645,CHE_01202,Perambur,2018-03-13,17,0,0,0,0,0,1,0,1,0,0.0,0.280402,0,0.0,0,331,0,0,0.0649,0.1585,GREEN,29,Chennai
CLM0007646,CHE_00572,Perambur,2019-05-14,9,0,0,0,0,0,0,0,0,0,0.0,0.0,0,0.0,1,420,2,2,0.232,0.0,GREEN,18,Chennai
CLM0007647,CHE_01052,Guindy,2024-09-10,18,0,0,0,1,0,0,1,0,0,0.0,0.063847,1,0.0,0,420,4,3,0.05,0.284,GREEN,37,Chennai
CLM0007648,CHE_00602,T Nagar,2017-10-20,14,0,0,0,0,0,0,0,0,0,1.0,0.0,0,0.0,0,37,4,6,0.6656,0.0,GREEN,18,Chennai
CLM0007649,CHE_04141,T Nagar,2018-12-07,14,0,1,1,1,0,0,0,0,0,0.0,0.035272,0,0.0,0,64,2,2,0.6385,0.0683,GREEN,30,Chennai
CLM0007650,CHE_02893,Guindy,2019-07-10,16,0,0,0,0,0,0,0,0,0,0.0,0.340172,0,0.0,0,60,4,3,0.8413,0.1358,GREEN,28,Chennai
CLM0007651,CHE_08447,Perambur,2019-09-27,19,0,0,0,0,0,0,0,1,0,0.0,0.005013,0,1.0,0,420,1,0,0.0662,0.0616,GREEN,40,Chennai
CLM0007652,CHE_00131,Porur,2020-06-17,21,0,0,0,0,0,0,0,0,0,0.0,0.003096,0,0.0,0,92,1,3,0.98,0.0,GREEN,50,Chennai
CLM0007653,CHE_01069,Guindy,2019-02-13,7,0,0,0,0,0,0,0,0,0,1.0,0.057558,0,0.0,0,86,2,4,0.5956,0.1288,GREEN,55,Chennai
CLM0007654,CHE_07153,Anna Nagar,2025-12-04,12,0,0,0,0,0,0,0,0,0,0.0,0.284957,0,0.0,0,240,0,2,0.8078,0.0,GREEN,34,Chennai
CLM0007655,CHE_04077,Velachery,2020-04-18,17,0,0,0,0,0,0,0,0,0,0.0,0.0,0,0.0,0,272,4,1,0.737,0.0295,GREEN,53,Chennai
CLM0007656,CHE_04390,Porur,2021-10-18,11,0,0,0,0,0,0,0,0,0,1.0,0.289655,0,0.0,0,147,1,3,0.05,0.0869,GREEN,54,Chennai
CLM0007657,CHE_03727,Anna Nagar,2023-10-19,19,0,0,0,0,0,0,0,0,1,0.0,0.028147,0,0.0,0,123,0,0,0.3364,0.1358,GREEN,41,Chennai
CLM0007658,CHE_01809,Adyar,2023-08-02,11,0,0,0,0,0,0,0,0,0,0.0,0.227875,0,0.0,0,213,1,1,0.6068,0.0,GREEN,39,Chennai
CLM0007659,CHE_04549,Porur,2021-09-25,20,0,0,0,0,0,0,0,0,0,0.0,0.151402,0,0.0,0,382,2,3,0.8545,0.0388,GREEN,37,Chennai
CLM0007660,CHE_00084,Tambaram,2022-09-09,19,0,0,0,0,0,0,0,1,0,1.0,0.09693,0,0.0,0,349,0,1,0.7052,0.1862,GREEN,45,Chennai
CLM0007661,CHE_03992,T Nagar,2021-12-05,16,1,0,0,0,0,0,0,0,0,0.0,0.208249,0,0.0,0,262,3,1,0.7656,0.0418,GREEN,46,Chennai
CLM0007662,CHE_00618,Chromepet,2025-01-01,14,0,0,0,0,0,0,0,0,0,1.0,0.12093,0,0.0,0,420,4,3,0.8091,0.0,GREEN,55,Chennai
CLM0007663,CHE_05918,Chromepet,2025-05-18,12,0,0,0,0,0,0,0,0,0,0.0,0.197288,0,0.0,0,5,4,2,0.5685,0.0,GREEN,50,Chennai
CLM0007664,CHE_08253,Adyar,2023-06-29,7,0,0,0,0,1,0,0,0,0,0.0,0.084609,0,0.0,0,308,2,1,0.8335,0.1673,GREEN,43,Chennai
CLM0007665,CHE_02305,Velachery,2022-04-03,12,0,0,0,0,0,0,0,0,0,0.0,0.0,0,0.0,0,74,3,7,0.6477,0.0249,GREEN,40,Chennai
CLM0007666,CHE_08753,Perambur,2022-03-29,14,0,0,0,0,0,0,0,1,0,0.0,0.323115,0,1.0,0,342,1,5,0.7505,0.1718,GREEN,29,Chennai
CLM0007667,CHE_03468,Chromepet,2022-12-03,20,0,0,0,0,0,0,0,0,0,0.0,0.323174,0,0.0,0,420,4,0,0.9133,0.0,GREEN,20,Chennai
CLM0007668,CHE_05934,Guindy,2018-03-26,18,0,0,0,0,0,0,0,0,0,0.0,0.169802,0,0.0,0,325,3,2,0.7604,0.0089,GREEN,45,Chennai
CLM0007669,CHE_06161,Chromepet,2019-07-23,10,0,0,0,0,0,0,0,0,0,0.0,0.339132,0,0.0,1,31,2,3,0.6802,0.0449,GREEN,47,Chennai
CLM0007670,CHE_03562,Anna Nagar,2024-04-29,9,0,0,0,0,0,0,0,0,0,0.0,0.295307,0,0.0,0,420,4,1,0.9696,0.0,GREEN,52,Chennai
CLM0007671,CHE_06716,Perambur,2023-03-26,15,0,0,0,0,0,0,0,0,0,1.0,1.0,0,1.0,0,74,0,3,0.7979,0.1224,GREEN,40,Chennai
CLM0007672,CHE_06663,Perambur,2020-04-14,11,0,0,0,0,0,0,0,0,0,0.0,0.115429,0,0.0,0,167,3,2,0.5865,0.0077,GREEN,46,Chennai
CLM0007673,CHE_07116,Velachery,2022-10-13,10,0,0,0,0,0,0,0,0,0,0.0,0.222504,0,0.0,0,49,0,0,0.6597,0.0,GREEN,28,Chennai
CLM0007674,CHE_00469,Anna Nagar,2019-12-25,13,0,0,0,0,0,0,0,0,0,0.0,0.297929,0,0.0,0,303,2,0,0.7673,0.0,GREEN,52,Chennai
CLM0007675,CHE_01941,Anna Nagar,2024-09-17,20,0,0,0,0,0,0,0,0,0,1.0,0.076638,0,0.0,0,274,0,5,0.5766,0.0261,GREEN,30,Chennai
CLM0007676,CHE_03380,Guindy,2025-02-20,16,0,0,0,0,0,0,0,0,0,0.0,1.0,0,0.0,0,220,3,4,0.7834,0.0,GREEN,47,Chennai
CLM0007677,CHE_06119,Porur,2022-10-26,10,0,0,0,0,0,0,0,0,0,0.0,0.144799,0,0.0,1,274,0,2,0.797,0.0,GREEN,35,Chennai
CLM0007678,CHE_07366,Perambur,2025-04-25,19,0,0,0,0,0,0,0,0,0,0.0,0.0,0,0.0,0,391,0,0,0.7107,0.0,GREEN,19,Chennai
CLM0007679,CHE_05226,Perambur,2024-05-17,17,0,0,0,0,0,0,0,0,0,0.0,0.15819,0,0.0,0,250,3,0,0.916,0.0,GREEN,62,Chennai
CLM0007680,CHE_04572,Adyar,2023-03-24,14,0,0,0,0,0,0,0,0,1,0.0,0.368366,0,0.0,0,420,3,1,0.1782,0.0747,GREEN,49,Chennai
CLM0007681,CHE_03931,T Nagar,2024-04-05,10,0,0,0,0,0,0,0,0,0,0.0,0.256725,0,0.0,0,420,4,3,0.9564,0.0,GREEN,45,Chennai
CLM0007682,CHE_02789,Adyar,2023-09-30,9,0,0,0,0,0,0,0,0,0,0.0,0.0,0,0.0,0,379,3,1,0.7338,0.0,GREEN,41,Chennai
CLM0007683,CHE_04084,T Nagar,2024-12-10,20,0,0,0,0,0,0,0,0,0,0.0,1.0,1,0.0,0,249,0,3,0.5392,0.0,GREEN,43,Chennai
CLM0007684,CHE_07161,Adyar,2025-10-18,15,0,0,0,1,0,0,1,0,0,0.0,0.411031,0,0.0,0,258,3,6,0.98,0.2003,GREEN,38,Chennai
CLM0007685,CHE_07634,Perambur,2024-12-30,7,0,0,0,0,0,0,0,0,0,0.0,0.581229,1,0.0,0,5,3,0,0.1076,0.0532,GREEN,46,Chennai
CLM0007686,CHE_07771,Chromepet,2025-04-02,16,0,0,0,1,0,0,0,1,0,0.0,0.393669,0,0.0,0,351,2,8,0.9713,0.2686,GREEN,60,Chennai
CLM0007687,CHE_08592,Perambur,2025-05-14,14,0,0,0,0,0,0,0,0,0,0.0,0.170865,0,0.0,0,285,3,0,0.2308,0.0,GREEN,51,Chennai
CLM0007688,CHE_02647,Porur,2025-09-22,15,0,0,0,0,0,1,0,0,0,0.0,0.130996,0,0.0,0,163,1,3,0.2993,0.0627,GREEN,44,Chennai
CLM0007689,CHE_06362,Velachery,2025-09-23,7,0,0,0,0,0,0,0,0,0,0.0,0.059553,0,0.0,0,420,3,0,0.9141,0.0212,GREEN,24,Chennai
CLM0007690,CHE_08000,Anna Nagar,2025-05-01,10,0,0,0,0,0,1,0,0,0,0.0,0.312344,0,1.0,0,268,2,3,0.5056,0.0242,GREEN,57,Chennai
CLM0007691,CHE_08815,Perambur,2025-09-16,20,0,0,0,0,0,0,0,0,0,0.0,0.943175,0,0.0,0,84,0,4,0.8771,0.01,GREEN,37,Chennai
CLM0007692,CHE_04150,Guindy,2025-05-16,12,0,0,0,0,0,0,0,0,0,0.0,0.21055,0,0.0,0,341,2,6,0.6769,0.0,GREEN,27,Chennai
CLM0007693,CHE_00697,T Nagar,2018-08-20,21,0,0,0,0,0,0,0,0,0,0.0,0.201108,0,0.0,0,253,1,4,0.114,0.0,GREEN,28,Chennai
CLM0007694,CHE_00646,Guindy,2018-02-09,10,0,0,0,0,0,1,1,1,1,0.0,0.393677,0,1.0,0,23,1,18,0.2929,0.0,GREEN,37,Chennai
CLM0007695,CHE_07473,Chromepet,2023-03-31,21,0,0,0,0,0,0,0,0,0,0.0,0.118965,0,0.0,0,420,3,0,0.8103,0.0812,GREEN,45,Chennai
CLM0007696,CHE_06430,Anna Nagar,2017-09-30,11,0,0,0,0,0,0,0,0,0,0.0,0.141837,0,0.0,0,384,3,6,0.98,0.0294,GREEN,42,Chennai
CLM0007697,CHE_01344,Porur,2023-01-08,14,0,0,0,0,0,1,0,0,0,0.0,0.221058,0,0.0,0,100,0,7,0.6948,0.0576,GREEN,45,Chennai
CLM0007698,CHE_00816,Tambaram,2020-08-08,15,0,0,0,1,0,0,0,0,0,1.0,0.333069,0,0.0,0,418,0,0,0.6572,0.2677,GREEN,35,Chennai
CLM0007699,CHE_00686,Tambaram,2019-08-25,9,0,0,0,0,0,0,0,1,0,1.0,0.958309,0,1.0,0,278,4,1,0.1942,0.1636,GREEN,38,Chennai
CLM0007700,CHE_08669,Adyar,2025-08-01,15,0,0,0,0,0,0,0,0,0,0.0,0.215201,1,0.0,0,229,2,3,0.8432,0.2029,GREEN,37,Chennai
CLM0007701,CHE_04464,Sholinganallur,2019-05-08,20,0,0,0,0,0,0,0,0,0,0.0,0.939297,0,0.0,0,29,0,6,0.8679,0.0,GREEN,43,Chennai
CLM0007702,CHE_06773,Velachery,2023-04-24,13,0,0,0,0,0,1,0,0,0,0.0,0.217595,0,0.0,0,276,2,1,0.6399,0.101,GREEN,18,Chennai
CLM0007703,CHE_02379,Velachery,2022-09-18,12,0,0,0,0,0,0,0,0,0,0.0,0.128198,0,0.0,0,369,3,0,0.4622,0.0069,GREEN,40,Chennai
CLM0007704,CHE_02943,T Nagar,2022-09-05,16,0,0,0,0,0,0,0,0,0,0.0,0.159724,0,0.0,0,385,3,3,0.6847,0.0122,GREEN,32,Chennai
CLM0007705,CHE_06090,T Nagar,2018-01-08,8,0,0,0,1,0,0,0,0,0,0.0,0.02944,0,0.0,0,50,2,0,0.5489,0.0909,GREEN,41,Chennai
CLM0007706,CHE_02397,Velachery,2022-12-26,15,0,0,0,0,0,0,0,0,0,0.0,0.30116,0,0.0,0,362,0,0,0.8173,0.0,GREEN,49,Chennai
CLM0007707,CHE_03657,Porur,2019-07-01,15,0,0,0,0,0,0,0,0,0,0.0,0.153033,0,0.0,0,124,0,2,0.05,0.0422,GREEN,51,Chennai
CLM0007708,CHE_01848,Porur,2019-01-07,15,0,0,0,1,0,0,0,0,0,0.0,0.194243,0,1.0,0,420,1,0,0.7114,0.1439,GREEN,32,Chennai
CLM0007709,CHE_03263,T Nagar,2017-01-29,19,0,0,0,0,0,0,0,0,0,0.0,0.179206,0,0.0,0,420,2,3,0.7823,0.0,GREEN,36,Chennai
CLM0007710,CHE_00972,Perambur,2021-06-09,16,0,0,0,0,0,0,0,0,0,0.0,0.354627,0,0.0,0,262,4,1,0.7107,0.0,GREEN,36,Chennai
CLM0007711,CHE_04406,Tambaram,2020-10-25,15,0,0,0,1,0,0,0,0,0,0.0,0.444768,0,0.0,0,49,2,2,0.9544,0.1068,GREEN,25,Chennai
CLM0007712,CHE_04397,Chromepet,2016-09-30,10,0,0,0,0,0,1,0,0,0,0.0,0.276543,0,0.0,0,186,0,0,0.3913,0.107,GREEN,49,Chennai
CLM0007713,CHE_07166,Perambur,2024-12-09,7,0,0,0,0,0,0,1,0,0,0.0,0.933537,0,0.0,0,203,0,5,0.5455,0.0767,GREEN,47,Chennai
CLM0007714,CHE_08758,Tambaram,2023-04-14,12,0,0,0,0,0,0,0,0,0,0.0,0.209359,0,0.0,0,420,4,4,0.1066,0.0484,GREEN,52,Chennai
CLM0007715,CHE_00694,Velachery,2022-05-29,7,0,0,0,0,1,0,0,0,0,0.0,0.163519,0,0.0,0,32,4,0,0.7114,0.1027,GREEN,44,Chennai
CLM0007716,CHE_07231,Porur,2023-03-19,9,0,0,0,0,0,0,0,0,0,0.0,0.255003,0,0.0,0,249,3,3,0.98,0.0021,GREEN,45,Chennai
CLM0007717,CHE_06997,Guindy,2025-07-04,13,0,0,0,0,0,0,0,0,0,0.0,0.067721,0,0.0,0,173,4,0,0.9769,0.0761,GREEN,50,Chennai
CLM0007718,CHE_00790,Adyar,2023-10-25,11,0,0,0,0,0,0,0,0,0,0.0,0.380922,0,0.0,0,420,0,5,0.7947,0.0295,GREEN,29,Chennai
CLM0007719,CHE_02014,Velachery,2025-01-28,8,0,0,0,0,0,0,1,0,0,0.0,0.328085,0,0.0,0,127,4,0,0.8225,0.1146,GREEN,40,Chennai
CLM0007720,CHE_04993,Velachery,2020-08-18,18,0,0,0,0,0,0,0,0,0,0.0,0.236087,0,0.0,0,25,4,6,0.4891,0.0008,GREEN,53,Chennai
CLM0007721,CHE_06103,Perambur,2025-10-23,12,0,1,1,0,0,0,0,1,0,0.0,0.31818,0,0.0,0,294,4,0,0.8867,0.1134,GREEN,40,Chennai
CLM0007722,CHE_02470,Chromepet,2025-04-29,12,0,0,0,0,0,0,0,0,0,0.0,0.242797,0,0.0,0,420,4,3,0.2059,0.0061,GREEN,43,Chennai
CLM0007723,CHE_03044,Porur,2022-04-23,13,0,0,0,0,0,0,0,0,0,0.0,0.130314,0,0.0,0,420,1,3,0.4212,0.0,GREEN,32,Chennai
CLM0007724,CHE_06576,Perambur,2025-10-26,15,0,0,0,0,0,0,1,0,0,0.0,0.206002,0,0.0,0,395,2,0,0.9616,0.0616,GREEN,39,Chennai
CLM0007725,CHE_02060,Perambur,2025-04-25,19,0,0,0,0,0,1,0,0,0,0.0,1.0,0,0.0,0,420,0,0,0.8419,0.1003,GREEN,44,Chennai
CLM0007726,CHE_02025,Adyar,2021-12-12,7,0,0,0,1,0,0,0,0,1,0.0,0.278883,0,0.0,0,93,4,5,0.9201,0.2569,GREEN,43,Chennai
CLM0007727,CHE_04756,Sholinganallur,2020-06-12,14,0,0,0,0,0,1,1,0,0,0.0,0.177378,0,0.0,0,420,3,2,0.8056,0.1581,GREEN,24,Chennai
CLM0007728,CHE_05187,Tambaram,2022-06-10,17,0,0,0,0,0,0,0,0,0,1.0,0.345531,0,0.0,0,121,2,5,0.8094,0.1309,GREEN,51,Chennai
CLM0007729,CHE_01605,Anna Nagar,2016-11-05,18,0,0,0,0,0,0,0,0,0,0.0,0.46105,0,0.0,0,286,3,0,0.8312,0.0,GREEN,42,Chennai
CLM0007730,CHE_03596,Chromepet,2023-06-21,11,0,0,0,1,0,1,0,1,1,0.0,1.0,0,1.0,0,18,1,18,0.3175,0.3074,GREEN,47,Chennai
CLM0007731,CHE_06977,T Nagar,2021-03-08,18,0,0,0,0,0,0,0,0,0,0.0,0.085941,0,0.0,0,68,2,0,0.7598,0.0049,GREEN,41,Chennai
CLM0007732,CHE_08368,Perambur,2019-06-21,11,0,0,0,0,0,0,0,0,0,0.0,1.0,1,0.0,0,420,2,3,0.469,0.0501,GREEN,24,Chennai
CLM0007733,CHE_07281,Sholinganallur,2025-04-14,21,0,0,0,0,0,0,0,0,0,0.0,0.11472,0,0.0,0,52,2,4,0.8652,0.0078,GREEN,32,Chennai
CLM0007734,CHE_05132,Guindy,2022-11-24,19,0,0,0,0,0,0,0,0,0,0.0,0.34729,1,0.0,0,264,2,6,0.6932,0.0844,GREEN,24,Chennai
CLM0007735,CHE_07029,Perambur,2023-06-23,10,0,0,0,0,0,0,0,0,0,0.0,0.256109,0,0.0,0,95,2,4,0.7037,0.0,GREEN,18,Chennai
CLM0007736,CHE_06653,Velachery,2025-06-06,12,0,0,0,0,0,0,0,0,0,1.0,0.302999,0,0.0,0,338,4,2,0.9736,0.0429,GREEN,22,Chennai
CLM0007737,CHE_02321,Adyar,2023-07-31,20,0,1,1,0,0,1,0,0,0,0.0,0.160264,0,0.0,0,399,3,4,0.8575,0.2124,GREEN,30,Chennai
CLM0007738,CHE_02430,Chromepet,2023-11-13,17,0,0,0,0,1,0,0,0,0,0.0,0.440008,0,0.0,0,67,2,0,0.7716,0.073,GREEN,39,Chennai
CLM0007739,CHE_08268,Porur,2024-01-17,17,0,0,0,0,0,0,0,0,0,0.0,1.0,0,0.0,0,123,3,2,0.9398,0.0506,GREEN,22,Chennai
CLM0007740,CHE_09928,Chromepet,2024-03-01,14,0,0,0,0,0,0,1,0,0,0.0,0.337405,0,0.0,0,144,1,2,0.6374,0.0332,GREEN,33,Chennai
CLM0007741,CHE_02524,Perambur,2025-07-23,15,0,0,0,0,0,1,0,0,0,0.0,0.279673,0,0.0,0,114,1,4,0.8638,0.0969,GREEN,32,Chennai
CLM0007742,CHE_07883,Velachery,2025-03-31,14,0,0,0,0,0,0,0,0,0,0.0,0.998856,0,0.0,0,115,0,1,0.8566,0.0,GREEN,45,Chennai
CLM0007743,CHE_01835,Perambur,2025-08-05,7,0,0,0,1,0,1,0,1,1,0.0,0.979497,0,1.0,0,18,0,18,0.3681,0.041,GREEN,37,Chennai
CLM0007744,CHE_06556,Porur,2024-05-06,10,0,1,1,0,0,1,0,1,0,1.0,0.279172,0,0.0,0,420,1,1,0.603,0.3259,YELLOW,26,Chennai
CLM0007745,CHE_08964,Sholinganallur,2025-11-29,14,0,0,0,0,0,0,0,0,0,1.0,0.105743,0,0.0,0,420,3,0,0.05,0.0828,GREEN,35,Chennai
CLM0007746,CHE_04695,T Nagar,2022-06-12,18,0,0,0,0,0,1,0,0,0,1.0,0.238863,0,0.0,0,386,0,2,0.8415,0.112,GREEN,42,Chennai
CLM0007747,CHE_07892,Tambaram,2022-07-06,7,0,0,0,0,0,0,1,0,0,0.0,0.10802,0,0.0,0,65,0,5,0.7639,0.0278,GREEN,41,Chennai
CLM0007748,CHE_02837,Velachery,2022-05-16,15,0,0,0,0,0,0,0,0,0,0.0,0.048483,0,0.0,0,212,4,0,0.2154,0.0497,GREEN,35,Chennai
CLM0007749,CHE_02882,Chromepet,2024-07-03,14,0,0,0,1,0,0,0,0,0,0.0,0.110627,0,0.0,0,420,2,3,0.8438,0.1034,GREEN,40,Chennai
CLM0007750,CHE_06263,Chromepet,2023-08-05,17,0,0,0,1,1,1,1,1,1,1.0,1.0,0,0.0,1,5,4,18,0.1327,0.0357,GREEN,40,Chennai
CLM0007751,CHE_08283,Adyar,2022-10-20,7,0,0,0,0,0,0,0,0,0,0.0,0.20258,0,0.0,0,155,4,1,0.98,0.0794,GREEN,50,Chennai
CLM0007752,CHE_03595,Chromepet,2018-07-04,7,0,0,0,0,0,0,0,0,0,0.0,0.222397,0,0.0,1,250,1,8,0.8298,0.0088,GREEN,64,Chennai
CLM0007753,CHE_06728,Porur,2019-11-29,17,0,0,0,0,0,0,0,0,0,0.0,0.428664,0,1.0,0,241,0,5,0.4963,0.0013,GREEN,27,Chennai
CLM0007754,CHE_05166,Adyar,2019-04-05,17,0,0,0,0,0,0,0,0,0,0.0,0.361403,0,0.0,0,420,1,0,0.1239,0.0249,GREEN,34,Chennai
CLM0007755,CHE_02129,Adyar,2022-03-07,17,0,0,0,0,0,0,1,0,0,0.0,0.144886,0,0.0,0,256,1,5,0.5281,0.0404,GREEN,32,Chennai
CLM0007756,CHE_03162,Tambaram,2025-12-07,16,0,0,0,0,0,0,0,0,0,0.0,0.390542,0,0.0,0,364,1,0,0.8258,0.1007,GREEN,28,Chennai
CLM0007757,CHE_02783,T Nagar,2017-11-01,15,0,0,0,0,0,0,0,0,0,0.0,0.241555,0,0.0,0,78,0,2,0.7901,0.0265,GREEN,23,Chennai
CLM0007758,CHE_09363,Velachery,2024-10-03,17,0,0,0,0,0,0,0,0,0,0.0,0.104059,0,0.0,0,420,1,1,0.6734,0.0384,GREEN,38,Chennai
CLM0007759,CHE_03627,T Nagar,2020-05-03,21,0,0,0,0,0,0,0,0,0,0.0,0.358532,0,0.0,0,347,1,4,0.1219,0.0,GREEN,46,Chennai
CLM0007760,CHE_09984,Tambaram,2017-04-18,19,0,0,0,1,1,0,1,1,1,0.0,0.018204,1,0.0,0,7,3,18,0.9405,0.0836,GREEN,31,Chennai
CLM0007761,CHE_05107,T Nagar,2024-04-18,21,0,0,0,0,0,0,0,1,0,0.0,0.027803,0,0.0,0,183,1,1,0.8823,0.0846,GREEN,59,Chennai
CLM0007762,CHE_08993,Velachery,2020-08-22,7,0,0,0,0,0,1,0,0,0,0.0,0.413497,0,0.0,0,114,1,0,0.9032,0.0883,GREEN,41,Chennai
CLM0007763,CHE_04444,Perambur,2018-04-02,11,0,0,0,0,0,0,0,0,0,0.0,0.0,0,0.0,0,98,1,3,0.4689,0.0583,GREEN,27,Chennai
CLM0007764,CHE_09477,Guindy,2017-11-13,19,0,0,0,0,0,0,0,0,0,0.0,0.936956,0,0.0,0,337,4,7,0.8276,0.0403,GREEN,41,Chennai
CLM0007765,CHE_07512,Guindy,2019-05-28,20,0,0,0,0,0,0,0,0,0,0.0,0.335662,1,1.0,1,277,4,3,0.2453,0.1652,GREEN,52,Chennai
CLM0007766,CHE_09483,Adyar,2023-03-29,9,0,0,0,0,0,1,0,0,0,0.0,0.139845,0,0.0,0,139,2,4,0.8475,0.0354,GREEN,37,Chennai
CLM0007767,CHE_03402,Velachery,2023-06-01,20,0,0,0,0,0,0,0,0,0,0.0,0.340336,0,0.0,0,420,3,6,0.5553,0.0,GREEN,43,Chennai
CLM0007768,CHE_01484,Anna Nagar,2022-08-15,21,0,0,0,0,0,0,0,0,0,0.0,0.278391,0,0.0,0,39,4,4,0.8233,0.0,GREEN,30,Chennai
CLM0007769,CHE_07105,Chromepet,2025-01-28,20,0,0,0,0,0,0,0,1,1,0.0,0.038764,0,0.0,0,346,3,2,0.05,0.3049,GREEN,43,Chennai
CLM0007770,CHE_06645,T Nagar,2025-02-10,15,0,0,0,0,0,0,0,0,0,1.0,0.935022,0,0.0,0,300,2,2,0.6385,0.014,GREEN,31,Chennai
CLM0007771,CHE_03671,Anna Nagar,2025-01-15,18,0,0,0,0,0,0,0,0,0,0.0,0.291852,0,0.0,0,359,1,0,0.6152,0.0,GREEN,39,Chennai
CLM0007772,CHE_07379,Guindy,2024-07-17,13,0,0,0,0,1,0,1,1,1,1.0,0.91505,0,0.0,1,11,0,18,0.27,0.0298,GREEN,33,Chennai
CLM0007773,CHE_03396,T Nagar,2021-11-27,8,0,0,0,0,0,0,0,0,0,0.0,0.348245,0,0.0,0,336,1,0,0.8619,0.0659,GREEN,24,Chennai
CLM0007774,CHE_07481,Sholinganallur,2021-06-06,15,0,0,0,1,0,0,0,0,0,0.0,0.03604,0,0.0,0,353,3,0,0.7288,0.0726,GREEN,22,Chennai
CLM0007775,CHE_02416,Perambur,2025-06-21,10,0,0,0,0,0,0,0,0,0,0.0,0.172067,0,0.0,0,332,0,0,0.9533,0.0,GREEN,51,Chennai
CLM0007776,CHE_02769,Perambur,2025-08-20,17,0,0,0,0,0,0,0,0,0,1.0,1.0,0,1.0,0,420,1,2,0.98,0.1096,GREEN,35,Chennai
CLM0007777,CHE_01231,Tambaram,2024-04-23,13,0,0,0,0,0,0,0,0,0,0.0,0.014519,0,0.0,0,420,3,0,0.8256,0.0535,GREEN,28,Chennai
CLM0007778,CHE_07478,T Nagar,2025-05-03,16,0,0,0,0,0,0,0,0,0,0.0,0.243229,0,0.0,0,243,3,0,0.5978,0.0017,GREEN,22,Chennai
CLM0007779,CHE_00116,Porur,2022-05-16,11,0,0,0,0,0,0,1,1,0,0.0,0.37244,0,0.0,0,129,3,5,0.776,0.255,GREEN,26,Chennai
CLM0007780,CHE_04877,Perambur,2025-04-08,13,0,0,0,0,0,0,0,0,0,0.0,0.235505,0,0.0,0,120,3,2,0.8594,0.017,GREEN,40,Chennai
CLM0007781,CHE_09462,Guindy,2025-01-26,18,0,0,0,0,0,0,0,0,0,0.0,0.29107,0,0.0,0,360,4,2,0.6611,0.0,GREEN,41,Chennai
CLM0007782,CHE_09947,Sholinganallur,2022-11-03,15,0,0,0,0,1,0,0,0,0,0.0,0.250163,0,0.0,0,420,3,0,0.4638,0.0853,GREEN,19,Chennai
CLM0007783,CHE_03154,T Nagar,2023-05-13,8,0,0,0,1,0,0,0,0,0,0.0,0.334874,0,0.0,0,144,3,3,0.1667,0.143,GREEN,52,Chennai
CLM0007784,CHE_03557,T Nagar,2023-12-19,9,0,0,0,0,0,0,0,0,0,0.0,0.315939,0,0.0,0,390,2,2,0.6158,0.0,GREEN,51,Chennai
CLM0007785,CHE_03418,Tambaram,2023-07-07,20,0,0,0,0,0,1,0,1,0,0.0,0.0,0,0.0,0,272,2,2,0.8709,0.1962,GREEN,50,Chennai
CLM0007786,CHE_03991,T Nagar,2019-01-03,7,0,0,0,0,0,0,0,0,0,0.0,0.165682,0,0.0,0,355,2,4,0.8414,0.0,GREEN,32,Chennai
CLM0007787,CHE_07729,Chromepet,2017-02-22,13,0,0,0,0,0,0,0,1,0,0.0,0.025192,0,1.0,0,420,2,3,0.7605,0.1337,GREEN,42,Chennai
CLM0007788,CHE_02106,Chromepet,2019-06-14,11,0,0,0,0,0,0,0,0,0,0.0,0.893553,0,0.0,0,135,2,1,0.1827,0.0284,GREEN,27,Chennai
CLM0007789,CHE_07724,Adyar,2020-12-18,20,0,0,0,0,0,0,0,0,0,1.0,0.125437,0,0.0,0,420,0,2,0.8976,0.0512,GREEN,49,Chennai
CLM0007790,CHE_09459,T Nagar,2019-11-26,8,0,0,0,0,0,0,0,0,0,0.0,0.266988,0,0.0,0,312,0,1,0.8421,0.0143,GREEN,23,Chennai
CLM0007791,CHE_09813,Guindy,2018-12-01,15,0,0,0,0,0,0,0,0,0,0.0,0.321041,0,0.0,0,178,3,0,0.4989,0.0034,GREEN,37,Chennai
CLM0007792,CHE_08894,Guindy,2022-10-10,10,0,0,0,0,0,0,0,0,0,0.0,1.0,0,0.0,0,394,0,4,0.8098,0.0,GREEN,42,Chennai
CLM0007793,CHE_05176,Anna Nagar,2021-08-18,17,0,0,0,1,1,0,0,0,0,0.0,1.0,0,0.0,0,401,0,0,0.8826,0.3285,YELLOW,34,Chennai
CLM0007794,CHE_00861,Velachery,2024-02-02,21,0,0,0,0,0,0,0,0,0,0.0,0.068294,1,0.0,0,420,2,2,0.05,0.1361,GREEN,40,Chennai
CLM0007795,CHE_05490,Guindy,2023-09-25,7,0,0,0,1,0,0,0,0,0,1.0,0.13333,0,0.0,0,218,3,1,0.2187,0.2488,GREEN,33,Chennai
CLM0007796,CHE_07417,Tambaram,2020-09-14,15,0,0,0,0,0,0,0,0,0,0.0,0.093898,0,1.0,0,84,1,2,0.6278,0.1436,GREEN,56,Chennai
CLM0007797,CHE_01454,Chromepet,2022-05-03,13,0,0,0,0,0,0,0,0,0,0.0,0.075967,0,0.0,0,420,1,1,0.8438,0.0059,GREEN,45,Chennai
CLM0007798,CHE_04124,Chromepet,2024-09-30,10,0,0,0,0,0,1,0,0,0,1.0,0.464365,0,0.0,0,420,3,0,0.9449,0.2013,GREEN,39,Chennai
CLM0007799,CHE_09881,Guindy,2025-12-01,14,0,0,0,0,0,0,0,0,0,0.0,0.0,0,0.0,0,411,4,5,0.8329,0.0452,GREEN,37,Chennai
CLM0007800,CHE_09372,Guindy,2024-11-21,10,0,0,0,0,0,0,0,0,0,1.0,0.243495,0,0.0,0,232,4,0,0.4494,0.0204,GREEN,25,Chennai
CLM0007801,CHE_03051,Tambaram,2024-11-27,16,0,0,0,0,0,0,0,0,0,0.0,0.156703,0,0.0,0,182,1,3,0.889,0.0,GREEN,37,Chennai
CLM0007802,CHE_01921,Guindy,2025-03-22,7,0,0,0,0,0,0,0,0,0,0.0,0.264778,0,0.0,0,407,4,1,0.7105,0.0,GREEN,57,Chennai
CLM0007803,CHE_04954,Anna Nagar,2025-04-30,19,0,0,0,0,0,0,0,0,0,0.0,0.340012,0,0.0,0,206,4,2,0.7234,0.0174,GREEN,44,Chennai
CLM0007804,CHE_07745,Anna Nagar,2025-02-12,13,0,0,0,0,0,0,0,0,0,0.0,0.293967,0,0.0,0,420,4,0,0.51,0.0,GREEN,46,Chennai
CLM0007805,CHE_09101,Chromepet,2020-04-29,20,0,0,0,0,0,0,0,0,0,0.0,0.095832,0,0.0,0,326,2,2,0.365,0.0,GREEN,18,Chennai
CLM0007806,CHE_00425,Perambur,2022-11-29,15,0,0,0,0,0,1,0,0,0,0.0,0.329679,0,0.0,0,5,3,2,0.8089,0.1177,GREEN,32,Chennai
CLM0007807,CHE_03727,Anna Nagar,2020-01-24,19,0,0,0,0,0,0,0,0,0,0.0,0.963871,0,0.0,0,178,1,1,0.6032,0.0,GREEN,41,Chennai
CLM0007808,CHE_05356,Tambaram,2022-11-17,9,0,0,0,0,0,0,0,0,0,0.0,0.977,0,0.0,0,226,3,3,0.6259,0.0167,GREEN,42,Chennai
CLM0007809,CHE_09540,T Nagar,2022-12-17,19,0,0,0,0,0,0,0,0,0,0.0,0.010007,0,0.0,0,271,4,0,0.857,0.0,GREEN,39,Chennai
CLM0007810,CHE_03527,Anna Nagar,2025-05-15,10,0,0,0,1,0,0,0,0,0,0.0,0.163234,0,0.0,0,420,0,3,0.5393,0.1692,GREEN,39,Chennai
CLM0007811,CHE_04677,Porur,2019-06-23,21,0,0,0,0,0,0,0,0,0,0.0,0.267369,0,0.0,0,420,4,1,0.98,0.0033,GREEN,35,Chennai
CLM0007812,CHE_04688,Chromepet,2023-05-17,18,0,1,1,0,0,1,0,0,0,0.0,0.238294,0,1.0,0,340,1,2,0.05,0.1952,GREEN,30,Chennai
CLM0007813,CHE_05010,Chromepet,2022-07-23,17,0,0,0,0,0,0,0,0,0,0.0,0.38343,0,0.0,0,366,2,0,0.3254,0.0,GREEN,71,Chennai
CLM0007814,CHE_02731,Velachery,2021-12-07,14,0,0,0,0,0,0,0,0,0,1.0,1.0,0,0.0,0,316,2,0,0.2893,0.0374,GREEN,32,Chennai
CLM0007815,CHE_00637,Chromepet,2020-08-25,19,0,0,0,0,0,0,1,1,0,0.0,1.0,0,0.0,0,420,0,3,0.6162,0.2184,GREEN,49,Chennai
CLM0007816,CHE_08350,T Nagar,2023-08-17,20,0,0,0,0,0,1,0,0,0,0.0,0.067335,0,0.0,0,187,2,3,0.0552,0.0701,GREEN,39,Chennai
CLM0007817,CHE_02668,Velachery,2022-01-01,11,0,0,0,0,0,0,0,0,0,0.0,1.0,0,0.0,0,242,2,3,0.8322,0.0968,GREEN,28,Chennai
CLM0007818,CHE_02971,Sholinganallur,2018-07-27,13,0,0,0,0,0,0,0,0,0,0.0,0.08639,0,0.0,0,367,4,0,0.6159,0.0603,GREEN,40,Chennai
CLM0007819,CHE_03283,Velachery,2021-12-30,21,0,0,0,0,0,0,0,0,0,0.0,1.0,0,0.0,0,420,2,4,0.8055,0.0436,GREEN,40,Chennai
CLM0007820,CHE_08790,Guindy,2018-06-29,16,0,1,1,0,0,0,0,0,0,0.0,0.0,0,0.0,0,245,3,2,0.3561,0.0,GREEN,37,Chennai
CLM0007821,CHE_00041,Anna Nagar,2019-05-25,9,0,0,0,0,0,0,0,0,0,0.0,0.33231,0,0.0,0,14,2,2,0.5848,0.0,GREEN,27,Chennai
CLM0007822,CHE_08363,T Nagar,2017-04-08,12,0,0,0,0,0,0,0,0,0,1.0,0.046906,1,0.0,0,159,2,0,0.9092,0.0685,GREEN,28,Chennai
CLM0007823,CHE_06907,Adyar,2023-03-12,12,0,0,0,0,0,0,0,0,0,0.0,0.234393,0,0.0,0,69,4,5,0.1725,0.0382,GREEN,37,Chennai
CLM0007824,CHE_09943,Tambaram,2022-09-05,21,0,0,0,0,0,0,0,1,0,1.0,0.06797,0,0.0,0,276,1,0,0.6861,0.2406,GREEN,35,Chennai
CLM0007825,CHE_01471,Tambaram,2017-07-03,19,0,0,0,0,0,0,0,0,1,0.0,0.191758,0,0.0,0,198,0,3,0.7134,0.1633,GREEN,40,Chennai
CLM0007826,CHE_06719,Anna Nagar,2020-10-27,7,0,0,0,0,0,0,0,0,1,0.0,0.0,0,0.0,1,348,3,2,0.8032,0.2249,GREEN,42,Chennai
CLM0007827,CHE_06862,Porur,2017-03-30,18,0,0,0,0,0,0,1,0,0,0.0,0.001976,0,0.0,0,410,2,3,0.516,0.0164,GREEN,41,Chennai
CLM0007828,CHE_00204,Sholinganallur,2023-10-17,9,0,1,1,1,0,0,0,0,0,0.0,0.271745,0,0.0,0,27,4,1,0.8228,0.3561,YELLOW,45,Chennai
CLM0007829,CHE_09003,Sholinganallur,2023-12-04,11,0,0,0,0,0,1,1,0,0,0.0,0.441367,0,0.0,0,56,4,0,0.9159,0.1704,GREEN,51,Chennai
CLM0007830,CHE_03906,T Nagar,2025-05-23,19,0,0,0,0,0,0,0,0,0,0.0,0.41768,0,0.0,0,268,0,5,0.9088,0.0,GREEN,31,Chennai
CLM0007831,CHE_06772,Sholinganallur,2024-06-25,17,0,0,0,0,0,0,0,0,0,0.0,0.167117,0,0.0,0,420,4,2,0.05,0.0,GREEN,18,Chennai
CLM0007832,CHE_03518,Velachery,2025-06-23,10,0,0,0,0,0,0,0,0,0,1.0,0.333802,0,0.0,0,420,3,5,0.633,0.0966,GREEN,49,Chennai
CLM0007833,CHE_00351,Porur,2021-09-02,8,0,0,0,0,0,0,0,0,0,0.0,0.2242,0,0.0,0,420,2,5,0.0877,0.0,GREEN,46,Chennai
CLM0007834,CHE_01355,Chromepet,2023-12-05,11,0,0,0,0,0,0,0,0,0,0.0,0.311632,0,0.0,0,89,3,5,0.9334,0.0,GREEN,27,Chennai
CLM0007835,CHE_00303,Adyar,2020-05-26,8,0,1,1,1,1,1,1,0,0,1.0,0.013374,0,1.0,1,5,2,18,0.091,0.2492,GREEN,49,Chennai
CLM0007836,CHE_00653,Chromepet,2023-10-18,11,0,0,0,0,0,1,0,0,0,0.0,0.060148,0,0.0,0,420,0,0,0.8169,0.1075,GREEN,37,Chennai
CLM0007837,CHE_00139,Guindy,2018-04-24,17,0,0,0,0,0,0,0,0,0,0.0,0.0,0,0.0,0,130,1,3,0.3256,0.0,GREEN,30,Chennai
CLM0007838,CHE_07446,Tambaram,2023-09-16,19,0,0,0,0,0,0,0,0,0,0.0,0.250579,0,0.0,0,67,4,2,0.6924,0.0,GREEN,55,Chennai
CLM0007839,CHE_08958,Tambaram,2023-10-06,21,0,0,0,0,0,0,0,0,0,0.0,0.02951,0,0.0,0,221,4,2,0.7642,0.1328,GREEN,18,Chennai
CLM0007840,CHE_09325,Perambur,2018-03-23,20,0,0,0,0,0,0,0,0,0,0.0,0.974478,0,0.0,0,244,4,1,0.6935,0.0,GREEN,27,Chennai
CLM0007841,CHE_05686,Perambur,2025-12-07,12,0,0,0,0,0,0,0,0,0,0.0,0.14956,0,0.0,0,330,0,3,0.8542,0.0863,GREEN,43,Chennai
CLM0007842,CHE_00515,Velachery,2020-09-09,17,0,0,0,0,0,0,0,0,0,0.0,0.36742,0,0.0,0,81,1,1,0.0808,0.0,GREEN,46,Chennai
CLM0007843,CHE_09335,Velachery,2019-02-08,15,0,0,0,0,0,0,0,0,0,0.0,0.209938,0,0.0,0,215,3,1,0.5111,0.0744,GREEN,31,Chennai
CLM0007844,CHE_02699,Anna Nagar,2023-10-19,11,0,0,0,0,0,0,0,1,0,0.0,0.19581,0,0.0,0,349,4,5,0.8771,0.0032,GREEN,51,Chennai
CLM0007845,CHE_02685,Porur,2025-12-13,7,0,0,0,1,0,0,1,1,0,1.0,0.831372,0,1.0,1,36,2,18,0.3994,0.0,GREEN,50,Chennai
CLM0007846,CHE_00598,T Nagar,2022-04-17,8,0,0,0,0,0,0,0,0,0,0.0,0.289818,0,0.0,0,181,1,1,0.0815,0.0,GREEN,33,Chennai
CLM0007847,CHE_03624,Perambur,2022-12-11,21,0,0,0,0,0,0,1,0,1,1.0,0.074878,0,0.0,0,42,2,7,0.6728,0.0,GREEN,41,Chennai
CLM0007848,CHE_04311,Porur,2022-09-01,13,0,1,1,0,0,0,0,0,0,0.0,0.241548,0,0.0,0,382,3,3,0.753,0.0181,GREEN,52,Chennai
CLM0007849,CHE_06825,Porur,2022-12-15,16,0,0,0,0,0,0,0,0,0,0.0,0.21335,0,0.0,0,420,3,0,0.7026,0.0762,GREEN,42,Chennai
CLM0007850,CHE_07998,Guindy,2022-12-19,9,0,0,0,1,0,0,1,0,0,0.0,0.151465,0,0.0,0,154,2,2,0.7775,0.2509,GREEN,39,Chennai
CLM0007851,CHE_09969,Chromepet,2023-12-18,8,0,0,0,0,0,0,0,0,1,0.0,0.342217,1,0.0,0,324,1,4,0.6836,0.2438,GREEN,20,Chennai
CLM0007852,CHE_04084,T Nagar,2025-05-11,17,0,0,0,0,0,0,0,0,0,0.0,0.282584,0,1.0,0,385,1,0,0.5335,0.0,GREEN,43,Chennai
CLM0007853,CHE_02275,Anna Nagar,2024-07-18,8,0,0,0,0,0,0,0,0,0,0.0,0.147049,0,0.0,0,121,0,0,0.8223,0.0,GREEN,51,Chennai
CLM0007854,CHE_07537,Chromepet,2023-03-10,21,0,0,0,0,0,0,0,0,0,0.0,0.0,1,0.0,0,184,4,5,0.884,0.0855,GREEN,51,Chennai
CLM0007855,CHE_06249,Adyar,2021-01-27,7,0,0,0,0,0,0,0,0,0,0.0,0.084637,0,0.0,0,385,1,3,0.1714,0.0,GREEN,40,Chennai
CLM0007856,CHE_01518,Adyar,2020-12-09,20,0,0,0,0,0,0,0,0,0,1.0,0.0,0,0.0,0,362,4,0,0.8499,0.0671,GREEN,52,Chennai
CLM0007857,CHE_08311,Adyar,2021-10-01,19,0,0,0,0,0,0,0,0,0,0.0,0.359998,0,0.0,0,257,0,2,0.9363,0.0,GREEN,32,Chennai
CLM0007858,CHE_06687,Anna Nagar,2022-01-29,16,0,0,0,0,0,0,1,0,0,0.0,0.218037,0,0.0,0,346,2,2,0.05,0.0471,GREEN,51,Chennai
CLM0007859,CHE_03592,Chromepet,2025-12-02,10,0,0,0,0,0,0,1,0,0,0.0,0.062895,0,0.0,0,215,1,0,0.8431,0.1295,GREEN,36,Chennai
CLM0007860,CHE_04427,Chromepet,2024-12-16,12,0,0,0,0,0,0,0,0,0,0.0,0.04418,0,0.0,0,158,3,0,0.1908,0.0,GREEN,43,Chennai
CLM0007861,CHE_06278,T Nagar,2025-01-04,19,0,0,0,0,0,0,0,0,0,0.0,0.295952,0,0.0,0,137,0,2,0.6172,0.0898,GREEN,29,Chennai
CLM0007862,CHE_09974,Sholinganallur,2020-04-21,12,0,0,0,0,0,0,0,1,0,0.0,0.426763,0,0.0,0,321,2,0,0.2618,0.0895,GREEN,38,Chennai
CLM0007863,CHE_02684,Tambaram,2023-05-17,19,0,0,0,0,0,0,0,0,0,0.0,0.316923,1,0.0,0,246,4,1,0.4129,0.0896,GREEN,41,Chennai
CLM0007864,CHE_09065,Sholinganallur,2021-08-19,7,0,0,0,0,0,0,0,0,0,1.0,0.097603,0,0.0,0,420,0,3,0.721,0.1124,GREEN,44,Chennai
CLM0007865,CHE_05506,Tambaram,2017-03-04,17,0,0,0,0,0,0,0,0,0,0.0,0.244981,0,0.0,0,381,1,5,0.5731,0.0,GREEN,42,Chennai
CLM0007866,CHE_00178,Anna Nagar,2016-03-24,12,0,0,0,0,0,0,0,0,0,1.0,0.127433,0,0.0,0,388,0,3,0.8103,0.1636,GREEN,25,Chennai
CLM0007867,CHE_09293,Sholinganallur,2024-05-23,17,0,0,0,0,0,0,0,0,0,0.0,0.457866,0,0.0,0,420,3,0,0.8917,0.0,GREEN,48,Chennai
CLM0007868,CHE_09880,Anna Nagar,2025-06-22,13,0,0,0,0,0,0,0,0,0,0.0,0.038178,0,0.0,0,420,2,3,0.8306,0.0,GREEN,47,Chennai
CLM0007869,CHE_08823,Sholinganallur,2022-09-06,12,0,0,0,0,0,0,0,0,0,0.0,0.981893,0,0.0,0,26,0,4,0.8808,0.0243,GREEN,47,Chennai
CLM0007870,CHE_03315,Perambur,2019-10-29,8,0,0,0,0,0,0,1,1,1,0.0,0.105051,0,0.0,1,5,1,18,0.6733,0.0265,GREEN,40,Chennai
CLM0007871,CHE_08053,Perambur,2022-08-14,12,0,0,0,0,0,0,0,0,0,0.0,0.363073,0,0.0,0,259,3,2,0.7745,0.1278,GREEN,23,Chennai
CLM0007872,CHE_06012,T Nagar,2024-06-16,11,0,0,0,1,0,0,0,0,0,0.0,0.105122,0,0.0,0,220,3,3,0.666,0.2193,GREEN,41,Chennai
CLM0007873,CHE_04503,Velachery,2016-04-03,10,0,0,0,0,0,1,0,0,0,1.0,0.339619,0,0.0,0,258,2,3,0.739,0.1357,GREEN,33,Chennai
CLM0007874,CHE_00409,Velachery,2020-08-23,21,0,0,0,0,0,1,0,0,0,0.0,0.132099,0,0.0,0,420,1,3,0.8336,0.151,GREEN,25,Chennai
CLM0007875,CHE_00293,Velachery,2020-01-22,10,0,0,0,0,0,0,0,0,0,0.0,0.352523,0,0.0,0,420,3,0,0.5976,0.0,GREEN,41,Chennai
CLM0007876,CHE_00712,Porur,2022-06-27,7,0,0,0,1,0,0,0,0,0,0.0,0.097061,0,0.0,0,103,4,1,0.7293,0.193,GREEN,50,Chennai
CLM0007877,CHE_04619,Sholinganallur,2021-07-17,16,0,0,0,0,0,1,0,0,0,0.0,0.274257,0,0.0,0,131,3,3,0.9,0.1747,GREEN,42,Chennai
CLM0007878,CHE_03584,Guindy,2020-01-05,16,0,1,1,0,0,0,0,0,0,0.0,0.264138,0,0.0,0,43,4,0,0.535,0.0365,GREEN,42,Chennai
CLM0007879,CHE_07907,T Nagar,2019-06-13,21,0,0,0,0,1,0,0,0,0,0.0,0.0,0,0.0,0,187,4,3,0.418,0.0876,GREEN,31,Chennai
CLM0007880,CHE_08460,Chromepet,2025-05-21,21,0,0,0,0,0,0,0,0,0,0.0,0.191869,0,0.0,0,212,0,1,0.2789,0.0,GREEN,50,Chennai
CLM0007881,CHE_04134,Porur,2025-04-03,7,0,0,0,1,0,0,1,0,0,0.0,0.096307,0,0.0,0,372,1,5,0.9516,0.3034,GREEN,45,Chennai
CLM0007882,CHE_05434,Porur,2024-08-04,15,0,0,0,0,0,0,0,0,0,0.0,0.056314,0,0.0,0,161,3,4,0.8702,0.0644,GREEN,18,Chennai
CLM0007883,CHE_07054,Anna Nagar,2024-01-31,21,0,0,0,0,1,0,1,1,0,1.0,1.0,1,0.0,0,10,3,18,0.3883,0.0,GREEN,48,Chennai
CLM0007884,CHE_05617,T Nagar,2019-10-04,12,0,0,0,0,0,0,1,0,0,0.0,3.3e-05,0,0.0,0,72,3,0,0.5925,0.0478,GREEN,19,Chennai
CLM0007885,CHE_00546,Adyar,2021-12-19,20,0,0,0,0,0,0,0,0,0,0.0,0.0,0,0.0,0,372,2,4,0.6683,0.0509,GREEN,28,Chennai
CLM0007886,CHE_05309,Adyar,2022-11-08,16,0,0,0,0,0,0,0,0,0,0.0,0.016199,0,0.0,0,325,2,7,0.8007,0.0,GREEN,64,Chennai
CLM0007887,CHE_01054,Velachery,2019-10-11,10,0,0,0,0,0,0,0,0,0,0.0,0.015451,1,0.0,0,154,4,4,0.6382,0.0558,GREEN,37,Chennai
CLM0007888,CHE_08585,Anna Nagar,2020-02-19,19,0,0,0,0,0,0,0,0,0,0.0,0.026841,0,0.0,0,362,3,2,0.9442,0.0,GREEN,37,Chennai
CLM0007889,CHE_06184,Velachery,2021-12-30,12,0,0,0,0,0,0,0,0,0,0.0,0.289187,0,0.0,1,372,0,0,0.6858,0.0804,GREEN,37,Chennai
CLM0007890,CHE_03063,Guindy,2020-03-04,14,0,0,0,0,0,0,0,0,0,0.0,0.065951,1,0.0,0,238,0,4,0.8037,0.0913,GREEN,40,Chennai
CLM0007891,CHE_08250,Velachery,2025-11-20,7,0,0,0,1,0,0,0,0,0,0.0,0.32676,0,0.0,0,226,2,0,0.2188,0.1878,GREEN,39,Chennai
CLM0007892,CHE_06214,Guindy,2016-01-19,17,0,0,0,0,0,1,0,0,0,1.0,0.271005,0,0.0,0,222,0,3,0.8065,0.1143,GREEN,36,Chennai
CLM0007893,CHE_02804,Adyar,2021-06-05,19,0,0,0,0,0,0,0,0,0,0.0,0.160431,0,0.0,0,328,0,3,0.6639,0.0,GREEN,38,Chennai
CLM0007894,CHE_01571,Adyar,2019-07-22,19,0,0,0,0,0,1,0,1,0,0.0,0.363545,0,0.0,0,144,1,6,0.6194,0.2142,GREEN,43,Chennai
CLM0007895,CHE_05011,Tambaram,2024-01-19,17,0,0,0,1,0,1,1,1,1,0.0,0.125179,1,0.0,0,22,3,10,0.8463,0.3595,YELLOW,40,Chennai
CLM0007896,CHE_06537,Guindy,2019-06-17,8,0,0,0,0,0,0,0,0,1,0.0,0.241052,0,0.0,0,318,1,1,0.7933,0.1705,GREEN,41,Chennai
CLM0007897,CHE_08413,Chromepet,2025-02-06,20,0,0,0,0,0,0,0,0,0,0.0,0.135323,0,1.0,0,122,2,3,0.7217,0.0558,GREEN,32,Chennai
CLM0007898,CHE_05490,Guindy,2023-07-06,15,0,0,0,0,0,0,0,0,0,0.0,0.368236,0,0.0,0,208,3,4,0.6593,0.0759,GREEN,33,Chennai
CLM0007899,CHE_01094,Guindy,2022-05-16,15,0,0,0,0,0,1,0,1,0,0.0,0.100861,1,0.0,0,330,4,3,0.6205,0.2723,GREEN,40,Chennai
CLM0007900,CHE_02461,Guindy,2025-11-15,8,0,0,0,0,1,1,0,0,0,0.0,0.247916,0,0.0,0,420,4,2,0.98,0.2689,GREEN,37,Chennai
CLM0007901,CHE_06479,T Nagar,2021-05-31,17,0,1,1,0,0,0,0,0,0,0.0,0.145331,0,0.0,0,92,0,2,0.7242,0.0471,GREEN,35,Chennai
CLM0007902,CHE_03710,Tambaram,2021-08-07,18,0,0,0,0,0,0,0,0,0,0.0,0.106787,0,0.0,0,105,4,1,0.8875,0.0137,GREEN,24,Chennai
CLM0007903,CHE_04520,Perambur,2021-03-18,10,0,1,1,0,0,0,0,0,0,0.0,0.288133,0,0.0,0,131,4,0,0.8948,0.0,GREEN,34,Chennai
CLM0007904,CHE_00964,Chromepet,2023-11-04,18,0,0,0,0,0,0,0,0,0,0.0,0.0,0,0.0,1,221,2,4,0.7606,0.0451,GREEN,41,Chennai
CLM0007905,CHE_08472,Anna Nagar,2022-08-11,21,0,0,0,0,0,0,0,0,0,0.0,0.110201,0,0.0,0,125,1,0,0.2631,0.0761,GREEN,30,Chennai
CLM0007906,CHE_00943,Velachery,2019-11-01,9,0,0,0,0,0,1,0,0,0,0.0,1.0,0,0.0,0,420,1,4,0.2069,0.1625,GREEN,39,Chennai
CLM0007907,CHE_02710,Tambaram,2024-03-10,18,0,0,0,0,0,0,0,0,0,0.0,0.135726,1,0.0,0,220,2,1,0.5985,0.107,GREEN,53,Chennai
CLM0007908,CHE_04940,Guindy,2025-11-10,19,0,0,0,0,0,0,0,0,0,0.0,0.068029,1,0.0,1,78,0,1,0.626,0.0766,GREEN,18,Chennai
CLM0007909,CHE_01756,Guindy,2020-03-30,18,0,0,0,0,0,0,1,0,0,0.0,0.236997,0,0.0,0,273,4,1,0.8078,0.0037,GREEN,57,Chennai
CLM0007910,CHE_08649,Tambaram,2022-01-07,20,0,0,0,1,0,0,0,0,0,0.0,0.329221,0,0.0,0,220,3,2,0.1241,0.0917,GREEN,41,Chennai
CLM0007911,CHE_08242,Velachery,2021-10-11,20,0,0,0,0,0,0,0,0,1,0.0,0.362324,0,0.0,0,34,2,4,0.7687,0.1865,GREEN,48,Chennai
CLM0007912,CHE_06106,Sholinganallur,2022-12-02,11,0,1,1,0,0,0,0,0,0,0.0,0.243028,0,0.0,0,310,2,5,0.6661,0.0,GREEN,47,Chennai
CLM0007913,CHE_09886,Porur,2018-09-04,21,0,0,0,0,0,0,1,0,0,0.0,0.29885,0,0.0,0,118,1,2,0.5418,0.0612,GREEN,35,Chennai
CLM0007914,CHE_03616,Perambur,2019-11-19,19,0,0,0,1,0,1,0,0,0,0.0,0.259406,0,0.0,0,155,0,3,0.6111,0.2264,GREEN,35,Chennai
CLM0007915,CHE_08617,T Nagar,2018-02-22,20,0,0,0,0,0,0,0,0,0,0.0,0.41959,0,0.0,0,178,0,6,0.9009,0.0,GREEN,29,Chennai
CLM0007916,CHE_08006,Tambaram,2019-04-23,15,0,0,0,0,0,0,0,0,0,1.0,0.359036,0,0.0,0,322,4,1,0.5618,0.0728,GREEN,26,Chennai
CLM0007917,CHE_02589,Velachery,2020-07-08,20,0,0,0,0,0,0,0,0,0,0.0,0.420783,0,0.0,0,143,0,4,0.8281,0.0791,GREEN,44,Chennai
CLM0007918,CHE_00821,Adyar,2016-09-18,12,0,0,0,0,0,0,0,0,0,0.0,0.349496,0,1.0,0,236,3,3,0.98,0.0176,GREEN,39,Chennai
CLM0007919,CHE_03911,Chromepet,2025-11-24,14,0,0,0,0,0,0,1,0,0,0.0,0.123382,0,0.0,0,308,4,0,0.98,0.0432,GREEN,51,Chennai
CLM0007920,CHE_04247,Chromepet,2024-07-22,14,0,0,0,0,0,0,0,1,0,0.0,0.038094,0,0.0,0,185,4,1,0.7153,0.1218,GREEN,44,Chennai
CLM0007921,CHE_06250,Anna Nagar,2024-02-02,11,0,0,0,1,0,0,0,0,0,0.0,0.035838,0,0.0,0,420,4,4,0.98,0.1117,GREEN,23,Chennai
CLM0007922,CHE_05665,Porur,2020-08-28,17,0,0,0,0,0,1,1,0,0,1.0,1.0,0,0.0,1,5,3,18,0.3314,0.1401,GREEN,31,Chennai
CLM0007923,CHE_08321,Sholinganallur,2022-09-05,21,0,0,0,0,0,0,0,0,0,0.0,0.476351,0,0.0,0,269,2,0,0.7862,0.0308,GREEN,34,Chennai
CLM0007924,CHE_07747,Tambaram,2020-04-11,7,0,0,0,1,0,0,0,0,0,0.0,0.307421,0,0.0,0,296,3,6,0.1087,0.1991,GREEN,45,Chennai
CLM0007925,CHE_07437,Tambaram,2019-07-14,15,0,0,0,0,0,0,0,0,0,0.0,0.328668,0,0.0,0,420,1,3,0.5492,0.1118,GREEN,38,Chennai
CLM0007926,CHE_06590,Perambur,2024-10-16,15,0,0,0,0,0,0,0,0,0,0.0,0.251709,0,0.0,0,420,1,6,0.98,0.0,GREEN,30,Chennai
CLM0007927,CHE_07330,Chromepet,2025-02-10,14,0,0,0,0,0,0,0,0,1,0.0,0.331896,0,0.0,0,259,3,0,0.7481,0.1559,GREEN,38,Chennai
CLM0007928,CHE_03528,Adyar,2024-06-26,17,0,0,0,1,0,0,1,1,0,0.0,0.91195,1,1.0,0,15,3,18,0.9572,0.0289,GREEN,46,Chennai
CLM0007929,CHE_08778,T Nagar,2024-12-08,20,0,0,0,0,0,0,0,0,0,0.0,0.12069,0,0.0,1,370,2,6,0.6858,0.0169,GREEN,34,Chennai
CLM0007930,CHE_06045,Porur,2021-03-02,17,0,0,0,1,0,0,0,0,0,0.0,0.998718,0,0.0,0,265,0,0,0.05,0.1275,GREEN,28,Chennai
CLM0007931,CHE_01938,Porur,2019-12-24,20,0,0,0,0,0,1,0,0,0,0.0,0.130924,0,0.0,0,35,4,2,0.8275,0.1277,GREEN,25,Chennai
CLM0007932,CHE_02144,Sholinganallur,2022-06-02,11,0,0,0,0,0,0,0,0,0,0.0,0.871203,0,0.0,0,109,1,0,0.8185,0.0067,GREEN,33,Chennai
CLM0007933,CHE_01071,Sholinganallur,2025-05-02,7,0,0,0,0,1,1,0,0,0,0.0,0.047163,0,0.0,0,142,4,4,0.5898,0.2748,GREEN,26,Chennai
CLM0007934,CHE_02776,Guindy,2023-07-14,11,0,0,0,0,0,0,0,1,0,0.0,0.084814,0,1.0,0,119,4,0,0.7124,0.134,GREEN,31,Chennai
CLM0007935,CHE_09553,Perambur,2019-08-18,21,0,0,0,0,0,0,0,0,0,0.0,0.986485,1,0.0,0,375,1,1,0.6049,0.148,GREEN,37,Chennai
CLM0007936,CHE_02500,Velachery,2019-10-16,20,0,1,1,0,0,0,0,0,0,0.0,0.107927,0,0.0,0,404,2,0,0.0768,0.0,GREEN,38,Chennai
CLM0007937,CHE_02506,Anna Nagar,2024-03-06,21,0,0,0,1,0,0,0,0,0,0.0,0.376806,0,0.0,0,254,3,1,0.561,0.1559,GREEN,43,Chennai
CLM0007938,CHE_01263,Perambur,2025-03-02,13,0,0,0,0,0,0,0,0,0,0.0,0.064932,0,0.0,0,53,0,5,0.5438,0.0,GREEN,31,Chennai
CLM0007939,CHE_05559,Porur,2024-06-28,13,0,0,0,0,0,0,0,1,1,0.0,0.466156,0,0.0,0,81,4,1,0.6225,0.2292,GREEN,22,Chennai
CLM0007940,CHE_08762,Porur,2023-06-06,10,0,0,0,0,0,0,0,0,0,0.0,0.034679,0,0.0,1,208,4,3,0.8637,0.0,GREEN,44,Chennai
CLM0007941,CHE_06998,Guindy,2025-10-31,9,0,0,0,1,0,0,0,0,0,0.0,0.316746,0,0.0,0,93,0,2,0.7033,0.1296,GREEN,34,Chennai
CLM0007942,CHE_02649,Velachery,2023-12-15,8,0,0,0,0,0,0,0,0,0,0.0,0.297185,0,0.0,0,152,1,0,0.4828,0.1514,GREEN,40,Chennai
CLM0007943,CHE_00309,Guindy,2023-06-03,14,0,0,0,0,0,0,0,0,0,1.0,0.438727,1,0.0,0,293,0,4,0.7328,0.189,GREEN,27,Chennai
CLM0007944,CHE_00947,Velachery,2024-10-21,14,0,0,0,0,0,0,1,0,0,0.0,0.23601,0,1.0,0,174,2,3,0.8665,0.0997,GREEN,26,Chennai
CLM0007945,CHE_08132,T Nagar,2024-03-04,16,0,0,0,1,1,0,1,1,0,1.0,0.172281,1,1.0,1,21,1,18,0.2232,0.1336,GREEN,32,Chennai
CLM0007946,CHE_03469,Porur,2024-01-26,19,0,0,0,0,0,0,0,0,0,0.0,0.182927,0,0.0,0,420,2,3,0.9218,0.0064,GREEN,18,Chennai
CLM0007947,CHE_00015,T Nagar,2025-07-03,17,0,0,0,0,0,0,0,0,0,0.0,0.052413,0,0.0,0,351,1,4,0.05,0.0826,GREEN,39,Chennai
CLM0007948,CHE_04581,Anna Nagar,2025-08-02,9,0,0,0,0,0,1,0,0,0,0.0,0.302097,0,0.0,0,98,2,0,0.5829,0.037,GREEN,48,Chennai
CLM0007949,CHE_08244,T Nagar,2024-10-28,7,0,0,0,0,0,0,0,0,0,0.0,0.123047,0,0.0,0,152,1,1,0.7984,0.005,GREEN,47,Chennai
CLM0007950,CHE_07213,Porur,2025-02-12,18,0,1,1,0,0,0,0,0,0,0.0,0.029583,0,0.0,0,238,1,3,0.8561,0.0,GREEN,41,Chennai
CLM0007951,CHE_05982,T Nagar,2025-10-04,16,0,0,0,0,0,0,0,0,0,0.0,0.339774,0,0.0,0,18,3,5,0.3031,0.0273,GREEN,46,Chennai
CLM0007952,CHE_01617,T Nagar,2025-06-23,19,0,0,0,0,0,0,0,0,0,1.0,0.0,1,0.0,0,329,3,1,0.98,0.1564,GREEN,28,Chennai
CLM0007953,CHE_04000,Porur,2025-06-07,19,0,0,0,0,0,0,0,0,0,0.0,0.283641,0,0.0,0,211,4,1,0.7709,0.0,GREEN,44,Chennai
CLM0007954,CHE_05205,Porur,2024-09-26,18,0,1,1,0,1,0,1,1,0,0.0,1.0,0,0.0,0,5,0,18,0.2891,0.5376,YELLOW,47,Chennai
CLM0007955,CHE_00760,T Nagar,2022-08-22,15,0,1,1,1,1,1,1,0,1,1.0,0.942329,1,0.0,1,53,1,18,0.3187,0.7229,RED,34,Chennai
CLM0007956,CHE_00996,Sholinganallur,2025-03-20,11,0,1,1,1,1,0,1,1,0,1.0,0.18385,1,1.0,1,21,1,18,0.2152,0.7148,RED,39,Chennai
CLM0007957,CHE_09978,Velachery,2020-10-05,19,0,1,1,0,1,0,1,1,0,1.0,1.0,0,1.0,0,13,1,18,0.8704,0.3242,YELLOW,32,Chennai
CLM0007958,CHE_01629,Guindy,2021-04-27,14,0,1,1,1,1,0,1,1,0,1.0,0.46864,1,1.0,1,25,0,18,0.0518,0.5422,YELLOW,28,Chennai
CLM0007959,CHE_09470,Velachery,2022-03-30,20,0,1,1,0,1,1,1,0,1,0.0,0.984425,0,1.0,1,5,0,18,0.1532,0.7589,RED,56,Chennai
CLM0007960,CHE_09024,Porur,2021-07-29,7,0,1,1,1,1,0,0,0,1,0.0,0.0,0,0.0,0,31,2,18,0.9124,0.5264,YELLOW,42,Chennai
CLM0007961,CHE_05005,T Nagar,2022-11-29,16,0,1,1,0,1,1,1,0,1,0.0,0.130434,0,0.0,1,30,2,18,0.7519,0.6885,RED,48,Chennai
CLM0007962,CHE_01507,Velachery,2020-07-31,20,0,0,0,0,0,0,0,0,0,0.0,0.08056,1,0.0,0,164,2,5,0.7877,0.0207,GREEN,29,Chennai
CLM0007963,CHE_07993,Sholinganallur,2017-02-01,17,0,0,0,0,0,0,0,0,0,1.0,0.216985,0,0.0,1,393,3,4,0.8149,0.2274,GREEN,39,Chennai
CLM0007964,CHE_06580,Perambur,2020-12-10,20,0,0,0,0,0,0,0,0,0,0.0,0.129218,0,0.0,0,59,2,5,0.98,0.0,GREEN,51,Chennai
CLM0007965,CHE_07638,Sholinganallur,2024-04-28,20,0,0,0,0,0,0,0,0,0,0.0,0.20767,0,0.0,0,360,3,1,0.8005,0.0,GREEN,38,Chennai
CLM0007966,CHE_00926,Velachery,2020-06-17,7,0,0,0,0,0,0,0,0,0,0.0,0.350656,0,0.0,0,91,0,2,0.8628,0.0636,GREEN,35,Chennai
CLM0007967,CHE_06958,Velachery,2018-03-18,13,0,0,0,0,0,0,0,0,0,0.0,0.475593,0,0.0,0,159,4,3,0.2705,0.0261,GREEN,42,Chennai
CLM0007968,CHE_00241,Anna Nagar,2021-08-15,11,0,1,1,0,0,0,0,0,0,0.0,0.055774,0,0.0,0,97,4,0,0.9266,0.0506,GREEN,63,Chennai
CLM0007969,CHE_01995,T Nagar,2022-10-27,10,0,0,0,0,0,0,0,0,1,1.0,0.162598,0,0.0,0,353,3,7,0.8748,0.1578,GREEN,30,Chennai
CLM0007970,CHE_09351,Sholinganallur,2023-12-09,8,0,0,0,0,0,1,0,1,0,1.0,0.024316,0,1.0,1,26,0,18,0.05,0.036,GREEN,23,Chennai
CLM0007971,CHE_08808,Chromepet,2024-01-29,19,0,0,0,0,0,0,0,0,0,0.0,0.168102,0,0.0,0,420,2,1,0.98,0.0,GREEN,51,Chennai
CLM0007972,CHE_09791,Chromepet,2025-06-25,8,0,0,0,0,0,0,0,0,0,0.0,0.982028,0,0.0,0,364,2,4,0.8536,0.0582,GREEN,30,Chennai
CLM0007973,CHE_09435,Perambur,2022-11-01,9,0,0,0,0,0,0,0,0,0,0.0,0.170985,1,0.0,0,303,4,1,0.6459,0.0224,GREEN,56,Chennai
CLM0007974,CHE_07876,Sholinganallur,2021-09-22,10,0,0,0,0,0,0,0,0,0,0.0,1.0,0,0.0,0,22,3,1,0.4196,0.0961,GREEN,60,Chennai
CLM0007975,CHE_03201,Velachery,2020-09-02,14,0,0,0,0,0,0,0,0,0,0.0,0.125444,0,0.0,0,167,4,5,0.8266,0.0783,GREEN,47,Chennai
CLM0007976,CHE_05000,Perambur,2025-02-25,16,0,0,0,0,0,0,0,0,0,0.0,0.205051,0,0.0,0,236,3,4,0.2162,0.0,GREEN,18,Chennai
CLM0007977,CHE_09183,Tambaram,2020-06-21,11,0,0,0,0,0,0,1,0,0,0.0,0.35527,0,0.0,0,89,2,3,0.3424,0.0096,GREEN,48,Chennai
CLM0007978,CHE_08770,Tambaram,2021-02-06,17,0,0,0,0,0,0,0,0,0,0.0,0.516303,0,0.0,0,137,4,3,0.173,0.1144,GREEN,42,Chennai
CLM0007979,CHE_01507,Velachery,2024-04-01,7,0,0,0,0,0,0,0,0,0,0.0,0.297622,0,0.0,0,274,1,2,0.4924,0.1079,GREEN,29,Chennai
CLM0007980,CHE_07561,Sholinganallur,2021-09-16,11,0,0,0,1,1,0,1,0,0,0.0,0.125917,0,0.0,0,5,4,18,0.98,0.082,GREEN,44,Chennai
CLM0007981,CHE_03823,Porur,2025-05-03,14,0,1,1,1,1,1,1,1,0,0.0,0.157983,0,1.0,0,23,3,18,0.0863,0.0607,GREEN,18,Chennai
CLM0007982,CHE_09638,Porur,2022-03-03,14,0,0,0,0,0,0,0,0,0,0.0,0.979078,0,0.0,0,280,2,0,0.8556,0.1095,GREEN,22,Chennai
CLM0007983,CHE_09875,Tambaram,2025-06-21,13,0,0,0,0,0,0,0,0,0,0.0,0.296979,0,0.0,0,420,3,1,0.6744,0.1091,GREEN,18,Chennai
CLM0007984,CHE_06810,Tambaram,2024-03-06,15,0,0,0,0,0,0,0,0,0,0.0,0.231272,0,0.0,0,345,3,0,0.9086,0.0,GREEN,41,Chennai
CLM0007985,CHE_03517,Anna Nagar,2021-03-04,20,0,0,0,0,1,0,0,0,0,0.0,0.054321,0,0.0,0,402,4,5,0.5212,0.1945,GREEN,53,Chennai
CLM0007986,CHE_02687,Chromepet,2022-12-03,9,0,0,0,0,0,0,0,0,0,0.0,0.409553,1,0.0,0,374,0,4,0.98,0.0687,GREEN,40,Chennai
CLM0007987,CHE_08614,Porur,2022-03-28,7,0,0,0,0,0,0,0,0,0,0.0,0.307472,0,1.0,0,251,0,4,0.9534,0.0,GREEN,36,Chennai
CLM0007988,CHE_06673,Guindy,2021-10-25,15,0,0,0,0,0,0,0,0,0,0.0,0.0,0,0.0,0,21,2,0,0.8591,0.0204,GREEN,43,Chennai
CLM0007989,CHE_00803,Porur,2022-06-08,17,0,0,0,0,0,0,1,0,0,0.0,0.175817,0,0.0,0,53,0,1,0.6431,0.0477,GREEN,62,Chennai
CLM0007990,CHE_07731,Porur,2025-10-12,13,0,0,0,0,0,0,0,0,0,0.0,0.236553,0,0.0,1,420,2,1,0.919,0.0899,GREEN,18,Chennai
CLM0007991,CHE_07827,Chromepet,2024-09-06,12,0,0,0,0,0,1,0,0,0,0.0,1.0,0,0.0,0,395,4,5,0.8805,0.1556,GREEN,33,Chennai
CLM0007992,CHE_09685,Sholinganallur,2025-11-04,21,0,0,0,0,0,0,0,0,0,0.0,0.326653,0,0.0,0,100,0,1,0.8601,0.0,GREEN,38,Chennai
CLM0007993,CHE_07776,Tambaram,2024-12-07,19,0,0,0,0,0,0,0,0,0,0.0,0.058006,0,0.0,0,412,4,1,0.98,0.0179,GREEN,34,Chennai
CLM0007994,CHE_05908,Velachery,2024-02-08,13,0,0,0,0,0,0,0,0,1,0.0,1.0,0,0.0,0,420,4,6,0.0743,0.1069,GREEN,34,Chennai
CLM0007995,CHE_03567,Perambur,2020-12-17,21,0,0,0,0,0,1,0,0,0,0.0,0.335766,0,0.0,0,420,1,0,0.7352,0.061,GREEN,26,Chennai
CLM0007996,CHE_07075,T Nagar,2019-01-30,10,0,0,0,0,0,0,1,0,0,0.0,0.322853,0,0.0,0,24,3,2,0.6403,0.0501,GREEN,44,Chennai
CLM0007997,CHE_02330,Anna Nagar,2024-04-28,18,0,0,0,0,0,0,0,0,0,0.0,1.0,0,0.0,0,420,1,3,0.5986,0.0571,GREEN,48,Chennai
CLM0007998,CHE_00269,Sholinganallur,2021-03-04,16,0,0,0,0,0,0,0,0,0,0.0,0.285697,0,0.0,0,382,2,0,0.9478,0.0,GREEN,38,Chennai
CLM0007999,CHE_03540,Tambaram,2025-01-02,21,0,0,0,0,0,1,0,0,0,0.0,0.186624,0,0.0,0,374,4,1,0.3048,0.139,GREEN,38,Chennai
CLM0008000,CHE_03028,T Nagar,2022-05-13,14,0,0,0,0,0,0,0,0,0,0.0,0.304088,0,1.0,0,98,1,7,0.7364,0.0,GREEN,46,Chennai
CLM0008001,CHE_05045,Tambaram,2025-02-03,18,0,0,0,0,0,0,0,0,0,0.0,0.045303,0,0.0,0,420,1,0,0.8204,0.0545,GREEN,38,Chennai
CLM0008002,CHE_00625,Sholinganallur,2022-08-20,21,0,0,0,0,1,0,0,0,0,0.0,0.114736,0,0.0,0,52,1,0,0.98,0.0944,GREEN,43,Chennai
CLM0008003,CHE_00477,Tambaram,2019-04-10,13,0,0,0,1,0,1,0,0,0,0.0,0.194951,0,0.0,0,141,1,5,0.7454,0.2419,GREEN,19,Chennai
CLM0008004,CHE_09417,Perambur,2018-04-01,16,0,0,0,0,0,1,0,1,0,1.0,0.199815,0,0.0,0,420,4,4,0.4858,0.3025,GREEN,56,Chennai
CLM0008005,CHE_04065,T Nagar,2022-07-08,16,0,0,0,0,0,0,0,0,0,0.0,0.224015,0,0.0,0,384,0,7,0.6743,0.0127,GREEN,29,Chennai
CLM0008006,CHE_03531,Guindy,2023-08-06,7,0,0,0,0,0,1,0,1,0,0.0,0.076659,0,0.0,0,224,2,1,0.6552,0.1663,GREEN,40,Chennai
CLM0008007,CHE_02583,Chromepet,2018-03-20,8,0,0,0,0,0,1,0,0,0,0.0,0.091684,0,0.0,0,358,4,0,0.05,0.0522,GREEN,41,Chennai
CLM0008008,CHE_01907,Chromepet,2023-01-20,18,0,0,0,1,0,0,0,0,0,0.0,0.150881,0,0.0,0,275,2,0,0.7212,0.0892,GREEN,33,Chennai
CLM0008009,CHE_05097,Sholinganallur,2018-09-13,16,0,0,0,0,0,0,0,1,0,0.0,0.226696,0,0.0,0,80,2,0,0.6316,0.1356,GREEN,57,Chennai
CLM0008010,CHE_01321,Anna Nagar,2021-01-25,16,0,0,0,0,0,0,0,0,0,0.0,0.015573,0,0.0,0,416,1,6,0.782,0.0,GREEN,26,Chennai
CLM0008011,CHE_01540,Sholinganallur,2025-08-20,21,0,0,0,0,0,1,0,0,0,0.0,0.073634,0,0.0,0,5,1,18,0.7991,0.179,GREEN,36,Chennai
CLM0008012,CHE_00960,Perambur,2016-11-24,17,0,0,0,0,0,0,0,0,0,1.0,0.988832,0,1.0,0,316,2,2,0.6671,0.0371,GREEN,46,Chennai
CLM0008013,CHE_01936,Anna Nagar,2021-06-29,15,0,0,0,0,0,1,0,0,0,0.0,0.298384,0,0.0,0,271,4,2,0.8967,0.1478,GREEN,18,Chennai
CLM0008014,CHE_00396,Tambaram,2021-09-20,11,0,0,0,0,0,0,0,0,0,0.0,0.170118,0,0.0,0,125,3,2,0.98,0.0274,GREEN,38,Chennai
CLM0008015,CHE_07314,Anna Nagar,2025-06-23,16,0,0,0,0,0,0,1,0,0,0.0,0.291843,0,0.0,0,409,1,2,0.3789,0.149,GREEN,48,Chennai
CLM0008016,CHE_00360,T Nagar,2025-03-18,20,0,0,0,0,0,0,0,0,0,0.0,0.284595,0,0.0,0,420,1,3,0.7163,0.0,GREEN,23,Chennai
CLM0008017,CHE_03439,Velachery,2023-12-09,19,0,0,0,0,0,0,0,0,0,0.0,0.35657,0,0.0,0,218,2,0,0.98,0.0732,GREEN,36,Chennai
CLM0008018,CHE_06472,Anna Nagar,2025-06-02,13,0,0,0,0,0,0,1,0,0,1.0,0.383375,0,0.0,1,78,2,6,0.6667,0.2699,GREEN,67,Chennai
CLM0008019,CHE_03271,Anna Nagar,2022-07-17,14,0,0,0,0,0,0,0,0,0,0.0,0.304905,0,0.0,0,420,0,0,0.6775,0.0344,GREEN,23,Chennai
CLM0008020,CHE_02041,Chromepet,2023-10-06,13,0,0,0,1,0,0,0,0,0,0.0,0.042519,0,0.0,0,212,0,4,0.9676,0.1548,GREEN,52,Chennai
CLM0008021,CHE_04344,Chromepet,2022-12-19,9,0,0,0,0,0,0,0,0,0,0.0,0.190357,0,0.0,0,359,2,4,0.8496,0.0455,GREEN,62,Chennai
CLM0008022,CHE_01606,Tambaram,2024-12-18,8,0,0,0,0,0,0,0,0,0,0.0,0.148988,0,1.0,0,350,0,0,0.7277,0.0,GREEN,23,Chennai
CLM0008023,CHE_01278,T Nagar,2024-11-13,16,0,0,0,0,0,0,0,0,0,0.0,0.478,0,0.0,0,420,2,5,0.6963,0.0312,GREEN,28,Chennai
CLM0008024,CHE_03924,Perambur,2022-10-31,14,0,0,0,1,0,0,0,0,0,1.0,0.348548,0,0.0,0,358,0,6,0.7004,0.2804,GREEN,37,Chennai
CLM0008025,CHE_04440,Guindy,2024-10-18,16,0,0,0,0,0,1,0,0,0,0.0,0.197871,0,0.0,0,420,2,6,0.7085,0.0871,GREEN,32,Chennai
CLM0008026,CHE_09773,Tambaram,2025-03-03,14,0,0,0,0,0,0,0,0,0,0.0,0.238682,0,0.0,0,170,0,6,0.9122,0.0,GREEN,48,Chennai
CLM0008027,CHE_04303,Anna Nagar,2025-02-14,14,0,0,0,0,0,0,0,0,0,1.0,0.098454,0,0.0,1,379,0,0,0.6646,0.2358,GREEN,24,Chennai
CLM0008028,CHE_01272,Anna Nagar,2025-11-10,20,0,0,0,0,0,0,0,0,0,0.0,0.300365,0,0.0,0,92,0,2,0.05,0.0353,GREEN,36,Chennai
CLM0008029,CHE_07851,Guindy,2024-09-27,9,0,0,0,0,0,0,0,0,0,0.0,0.335018,0,0.0,0,119,0,1,0.4923,0.0,GREEN,41,Chennai
CLM0008030,CHE_08934,Anna Nagar,2024-03-15,10,0,0,0,0,0,0,0,0,0,0.0,0.992381,0,0.0,0,420,2,5,0.9023,0.0001,GREEN,40,Chennai
CLM0008031,CHE_07819,Sholinganallur,2025-05-12,10,0,0,0,0,0,0,1,1,0,0.0,0.329467,0,0.0,0,129,4,0,0.87,0.1661,GREEN,51,Chennai
CLM0008032,CHE_01041,T Nagar,2024-05-28,10,0,0,0,0,0,0,0,0,0,0.0,0.072844,0,0.0,0,158,1,2,0.6156,0.0,GREEN,37,Chennai
CLM0008033,CHE_05811,Sholinganallur,2025-07-03,14,0,0,0,0,0,0,0,0,0,0.0,0.301739,0,0.0,1,142,0,2,0.637,0.1338,GREEN,39,Chennai
CLM0008034,CHE_04793,Velachery,2023-10-31,14,0,0,0,0,0,0,0,0,0,0.0,0.265131,0,0.0,0,152,3,0,0.05,0.0,GREEN,37,Chennai
CLM0008035,CHE_02462,Chromepet,2024-10-27,11,0,0,0,0,0,0,0,0,0,0.0,0.0199,0,0.0,0,420,3,5,0.05,0.0482,GREEN,26,Chennai
CLM0008036,CHE_08734,Perambur,2025-02-08,7,0,0,0,0,1,0,0,0,0,0.0,0.102623,0,0.0,0,353,1,5,0.4341,0.1765,GREEN,40,Chennai
CLM0008037,CHE_04042,Sholinganallur,2025-07-29,14,0,0,0,0,0,1,0,0,0,0.0,0.0,0,0.0,0,420,2,2,0.633,0.1485,GREEN,56,Chennai
CLM0008038,CHE_02789,Adyar,2023-04-27,7,0,0,0,0,0,0,0,0,0,0.0,0.314964,0,0.0,0,420,0,3,0.7668,0.0,GREEN,41,Chennai
CLM0008039,CHE_03142,Perambur,2022-10-14,16,0,0,0,1,0,0,0,0,1,1.0,0.114048,0,1.0,1,41,2,18,0.1994,0.0683,GREEN,49,Chennai
CLM0008040,CHE_08462,Velachery,2025-01-21,14,0,0,0,0,0,0,0,0,0,0.0,0.0,0,0.0,1,280,3,1,0.9042,0.0687,GREEN,28,Chennai
CLM0008041,CHE_03050,T Nagar,2019-01-15,16,0,0,0,0,1,0,0,0,0,1.0,0.119934,0,0.0,0,92,0,4,0.8145,0.1992,GREEN,46,Chennai
CLM0008042,CHE_07961,Guindy,2022-03-08,17,0,0,0,0,1,1,1,1,0,1.0,0.409617,1,0.0,0,14,2,18,0.1969,0.0973,GREEN,32,Chennai
CLM0008043,CHE_02855,T Nagar,2025-11-10,19,0,0,0,0,0,0,0,0,0,0.0,0.086058,1,0.0,0,240,4,2,0.2045,0.0,GREEN,53,Chennai
CLM0008044,CHE_04210,Sholinganallur,2023-04-23,9,0,0,0,0,0,0,0,1,0,0.0,0.202434,0,0.0,0,317,1,1,0.4608,0.0781,GREEN,40,Chennai
CLM0008045,CHE_03893,Perambur,2024-01-29,20,0,0,0,0,0,0,0,0,0,0.0,0.969648,0,0.0,0,365,1,3,0.5682,0.0226,GREEN,24,Chennai
CLM0008046,CHE_04270,Porur,2025-03-15,9,0,0,0,0,0,0,0,0,0,0.0,0.120012,0,0.0,0,69,2,4,0.5272,0.0085,GREEN,30,Chennai
CLM0008047,CHE_05803,Perambur,2017-10-30,21,0,0,0,0,0,0,0,0,0,1.0,0.350917,0,1.0,0,363,2,0,0.9092,0.0912,GREEN,18,Chennai
CLM0008048,CHE_00634,Guindy,2022-08-21,17,0,0,0,0,0,0,0,0,0,0.0,0.11991,0,0.0,0,226,0,0,0.8983,0.0,GREEN,46,Chennai
CLM0008049,CHE_04283,Anna Nagar,2023-07-08,14,0,1,1,0,0,0,0,0,0,0.0,0.0,0,0.0,0,140,0,4,0.5645,0.4222,YELLOW,41,Chennai
CLM0008050,CHE_09691,Adyar,2022-03-14,20,0,1,1,1,0,1,1,1,1,1.0,0.107363,0,1.0,1,14,1,18,0.184,0.7879,RED,46,Chennai
CLM0008051,CHE_03353,Anna Nagar,2022-09-19,13,0,1,1,1,1,0,1,1,1,1.0,0.0,1,0.0,0,10,0,18,0.1983,0.8011,RED,29,Chennai
CLM0008052,CHE_01751,Velachery,2024-07-27,9,0,1,1,0,0,0,0,0,0,0.0,0.284049,0,0.0,0,258,2,0,0.6774,0.8068,RED,29,Chennai
CLM0008053,CHE_01121,Adyar,2022-06-30,19,0,1,1,0,0,0,0,1,0,0.0,0.112329,0,0.0,0,69,2,2,0.5851,0.5149,YELLOW,39,Chennai
CLM0008054,CHE_02571,Tambaram,2025-07-06,7,0,1,1,0,0,0,1,1,1,0.0,0.979343,0,1.0,1,13,2,18,0.3791,0.4266,YELLOW,47,Chennai
CLM0008055,CHE_06711,Chromepet,2021-10-28,19,0,0,0,0,0,0,0,0,0,0.0,0.308051,0,0.0,0,275,1,4,0.4964,0.0515,GREEN,45,Chennai
CLM0008056,CHE_08773,Porur,2021-01-04,9,0,0,0,0,0,0,0,0,0,0.0,1.0,0,0.0,0,420,4,2,0.98,0.0731,GREEN,33,Chennai
CLM0008057,CHE_06862,Porur,2023-10-16,15,0,0,0,0,0,0,0,0,0,0.0,0.132041,0,0.0,0,420,2,2,0.7899,0.0217,GREEN,41,Chennai
CLM0008058,CHE_06834,Sholinganallur,2024-07-07,15,0,0,0,1,0,1,0,0,0,0.0,0.166904,0,0.0,0,85,2,5,0.4584,0.229,GREEN,35,Chennai
CLM0008059,CHE_02489,Porur,2019-09-23,12,0,0,0,0,0,0,0,0,0,0.0,0.323035,0,0.0,0,342,1,0,0.3288,0.0022,GREEN,58,Chennai
CLM0008060,CHE_06361,Sholinganallur,2025-04-11,10,0,0,0,0,0,0,0,0,0,0.0,1.0,0,0.0,0,61,3,0,0.5099,0.0,GREEN,38,Chennai
CLM0008061,CHE_02976,Perambur,2024-02-10,13,0,0,0,0,0,0,0,0,0,0.0,0.024861,0,0.0,0,281,4,6,0.7089,0.0186,GREEN,40,Chennai
CLM0008062,CHE_05334,Tambaram,2025-02-14,17,0,1,1,0,0,0,0,0,0,0.0,0.11868,0,0.0,0,420,3,2,0.6084,0.1012,GREEN,48,Chennai
CLM0008063,CHE_07374,Guindy,2022-01-11,7,0,0,0,0,0,0,0,0,0,0.0,0.188172,0,0.0,0,420,4,1,0.7448,0.0,GREEN,31,Chennai
CLM0008064,CHE_07242,Sholinganallur,2020-08-11,10,0,0,0,0,0,0,0,0,0,0.0,0.007725,0,0.0,0,254,1,2,0.876,0.0,GREEN,44,Chennai
CLM0008065,CHE_00739,T Nagar,2024-01-07,8,0,0,0,0,0,0,0,0,0,0.0,0.308402,0,0.0,0,420,2,1,0.0975,0.0,GREEN,44,Chennai
CLM0008066,CHE_06738,Anna Nagar,2024-05-21,21,0,0,0,0,1,0,0,0,0,0.0,0.113185,0,0.0,0,9,2,1,0.5793,0.1176,GREEN,32,Chennai
CLM0008067,CHE_04477,Velachery,2024-12-15,11,0,0,0,0,0,0,0,0,0,0.0,0.336254,0,0.0,0,276,4,0,0.7777,0.0,GREEN,37,Chennai
CLM0008068,CHE_01378,T Nagar,2022-08-31,15,0,1,1,0,0,0,0,0,0,0.0,0.216184,0,0.0,0,182,4,7,0.5122,0.071,GREEN,40,Chennai
CLM0008069,CHE_08253,Adyar,2017-04-19,21,0,0,0,0,0,1,1,0,0,0.0,0.0,1,0.0,0,420,4,2,0.8635,0.3077,GREEN,43,Chennai
CLM0008070,CHE_06291,Perambur,2016-02-17,20,0,0,0,0,0,0,0,0,0,0.0,0.38722,0,0.0,0,5,4,2,0.8249,0.0,GREEN,42,Chennai
CLM0008071,CHE_03789,Velachery,2016-01-18,13,0,0,0,0,0,0,0,0,0,0.0,0.0,0,0.0,0,277,3,3,0.8157,0.0682,GREEN,39,Chennai
CLM0008072,CHE_05320,Chromepet,2023-12-28,18,0,0,0,0,0,0,1,0,0,0.0,0.953967,0,1.0,0,303,2,0,0.175,0.1305,GREEN,43,Chennai
CLM0008073,CHE_06163,Chromepet,2023-05-30,18,0,0,0,0,0,0,0,0,0,0.0,0.337747,0,0.0,0,185,2,2,0.98,0.0035,GREEN,60,Chennai
CLM0008074,CHE_07742,Guindy,2023-05-02,14,0,0,0,0,0,0,0,0,0,0.0,0.213428,0,0.0,0,278,3,1,0.1059,0.0257,GREEN,56,Chennai
CLM0008075,CHE_04934,Tambaram,2021-04-05,13,0,0,0,0,0,0,0,0,0,0.0,0.078767,0,0.0,0,243,4,5,0.7989,0.0,GREEN,35,Chennai
CLM0008076,CHE_07611,Adyar,2021-02-08,8,0,0,0,0,0,0,0,0,0,0.0,0.164592,0,0.0,0,44,2,3,0.8977,0.0,GREEN,34,Chennai
CLM0008077,CHE_06594,T Nagar,2019-11-04,11,0,0,0,0,0,0,0,1,0,0.0,0.244322,0,0.0,0,123,2,1,0.1422,0.0546,GREEN,44,Chennai
CLM0008078,CHE_03564,T Nagar,2024-08-08,8,0,0,0,0,0,1,0,0,0,0.0,0.290694,0,0.0,0,61,3,1,0.8016,0.1441,GREEN,38,Chennai
CLM0008079,CHE_01258,Porur,2024-07-26,7,0,0,0,0,0,1,0,0,0,0.0,0.250183,0,0.0,0,295,4,5,0.3814,0.1182,GREEN,38,Chennai
CLM0008080,CHE_05828,Sholinganallur,2025-03-06,17,0,0,0,1,0,0,0,0,0,0.0,0.156874,0,0.0,0,193,4,5,0.98,0.1515,GREEN,45,Chennai
CLM0008081,CHE_00952,Guindy,2024-09-12,7,0,1,1,0,0,0,0,0,0,1.0,0.311542,0,0.0,0,115,2,6,0.8899,0.077,GREEN,38,Chennai
CLM0008082,CHE_04635,Anna Nagar,2025-03-04,14,0,0,0,0,0,0,0,0,0,0.0,0.259958,0,0.0,0,36,4,7,0.7895,0.0111,GREEN,37,Chennai
CLM0008083,CHE_08995,Adyar,2025-05-03,12,0,0,0,0,0,1,0,0,0,0.0,0.417851,1,0.0,0,313,1,1,0.3027,0.1143,GREEN,56,Chennai
CLM0008084,CHE_08746,Porur,2025-02-01,8,0,1,1,0,0,0,0,0,0,0.0,0.08277,0,1.0,0,420,4,3,0.5845,0.0,GREEN,21,Chennai
CLM0008085,CHE_02186,Chromepet,2025-07-15,12,0,0,0,0,0,0,0,0,0,0.0,0.291214,0,0.0,0,212,4,0,0.6034,0.0029,GREEN,61,Chennai
CLM0008086,CHE_00039,Chromepet,2025-07-29,11,0,1,1,0,0,0,0,0,0,1.0,0.090474,0,0.0,0,420,3,2,0.2803,0.0651,GREEN,19,Chennai
CLM0008087,CHE_03117,Sholinganallur,2025-05-21,19,0,0,0,0,0,0,0,0,0,0.0,1.0,0,0.0,0,146,0,3,0.6373,0.0,GREEN,28,Chennai
CLM0008088,CHE_09793,Adyar,2023-10-21,7,0,0,0,0,0,0,0,0,0,0.0,0.337556,0,0.0,0,420,3,1,0.9753,0.0,GREEN,52,Chennai
CLM0008089,CHE_01891,Anna Nagar,2025-10-28,19,0,0,0,0,0,0,0,0,0,0.0,0.956182,0,0.0,0,69,3,5,0.6802,0.0476,GREEN,31,Chennai
CLM0008090,CHE_06588,Perambur,2020-07-25,8,0,0,0,0,0,0,0,0,0,0.0,0.961993,0,0.0,0,31,3,3,0.2077,0.0,GREEN,30,Chennai
CLM0008091,CHE_04154,Velachery,2023-11-15,12,0,0,0,0,0,0,0,0,0,0.0,0.304731,0,0.0,0,201,4,2,0.5763,0.0189,GREEN,34,Chennai
CLM0008092,CHE_02497,Tambaram,2024-06-29,9,0,0,0,0,0,1,1,1,1,0.0,0.180774,0,0.0,1,20,4,18,0.9187,0.0,GREEN,49,Chennai
CLM0008093,CHE_03391,Chromepet,2024-10-01,15,0,0,0,0,0,0,0,0,0,0.0,0.112748,0,0.0,1,243,0,0,0.2952,0.0115,GREEN,30,Chennai
CLM0008094,CHE_04322,Perambur,2022-03-14,14,0,0,0,0,0,0,0,1,0,0.0,0.0,0,0.0,0,114,2,0,0.8758,0.1208,GREEN,39,Chennai
CLM0008095,CHE_04996,Chromepet,2023-11-06,13,0,0,0,0,0,0,0,0,0,0.0,0.144942,0,0.0,0,341,3,3,0.713,0.0641,GREEN,42,Chennai
CLM0008096,CHE_07024,T Nagar,2023-01-08,9,0,0,0,0,0,1,1,1,1,1.0,1.0,1,0.0,0,23,0,18,0.1657,0.0,GREEN,36,Chennai
CLM0008097,CHE_03750,Velachery,2025-03-12,16,0,0,0,0,0,0,0,0,0,0.0,0.156645,0,1.0,0,192,2,1,0.5304,0.0269,GREEN,44,Chennai
CLM0008098,CHE_00476,T Nagar,2025-07-09,7,0,0,0,0,1,0,0,0,1,1.0,0.083424,0,0.0,0,6,2,3,0.0964,0.365,YELLOW,18,Chennai
CLM0008099,CHE_05484,Tambaram,2024-08-03,16,0,0,0,0,0,0,0,1,0,0.0,0.158329,0,0.0,0,381,0,2,0.5901,0.138,GREEN,35,Chennai
CLM0008100,CHE_07174,Guindy,2024-10-21,19,0,0,0,0,1,0,0,0,0,0.0,0.359255,0,0.0,0,318,4,5,0.5671,0.2896,GREEN,49,Chennai
CLM0008101,CHE_02000,Chromepet,2023-07-20,15,0,0,0,0,0,0,0,0,0,0.0,0.222735,0,0.0,0,420,0,2,0.98,0.086,GREEN,50,Chennai
CLM0008102,CHE_09887,Sholinganallur,2025-01-05,15,0,0,0,0,0,0,0,0,0,0.0,0.981831,0,0.0,0,222,3,4,0.8732,0.0,GREEN,24,Chennai
CLM0008103,CHE_00036,Adyar,2025-05-24,21,0,0,0,0,0,0,1,0,0,0.0,0.351691,0,0.0,0,416,3,0,0.9029,0.0642,GREEN,37,Chennai
CLM0008104,CHE_02158,Sholinganallur,2022-11-22,17,0,0,0,0,0,0,0,0,0,0.0,0.218836,0,0.0,0,120,0,6,0.8044,0.1246,GREEN,23,Chennai
CLM0008105,CHE_01769,Adyar,2025-10-27,9,0,0,0,0,0,0,0,0,0,0.0,0.383031,0,0.0,0,420,2,2,0.7094,0.0,GREEN,44,Chennai
CLM0008106,CHE_01082,Velachery,2024-02-20,9,0,0,0,0,0,0,0,0,0,0.0,0.255676,0,0.0,0,420,1,3,0.8907,0.0,GREEN,59,Chennai
CLM0008107,CHE_05664,Perambur,2022-09-23,13,0,0,0,0,0,0,0,0,0,0.0,0.405353,0,0.0,0,153,4,6,0.8486,0.0031,GREEN,45,Chennai
CLM0008108,CHE_06736,Sholinganallur,2025-10-29,10,0,0,0,0,0,0,0,0,0,0.0,0.316924,0,0.0,0,307,1,3,0.6945,0.0,GREEN,59,Chennai
CLM0008109,CHE_04211,Anna Nagar,2025-06-05,12,0,0,0,0,0,0,0,0,0,0.0,0.204561,0,0.0,0,75,2,0,0.7234,0.055,GREEN,55,Chennai
CLM0008110,CHE_00047,Perambur,2025-10-19,17,0,0,0,0,0,0,0,0,1,0.0,0.031508,0,0.0,0,265,0,2,0.8474,0.1236,GREEN,38,Chennai
CLM0008111,CHE_09497,Guindy,2024-01-31,10,0,0,0,0,0,0,0,0,0,0.0,0.17887,0,0.0,0,232,3,4,0.856,0.009,GREEN,42,Chennai
CLM0008112,CHE_09699,T Nagar,2023-05-09,16,0,0,0,0,0,1,0,0,0,0.0,0.098219,0,0.0,0,5,3,18,0.7764,0.2733,GREEN,38,Chennai
CLM0008113,CHE_07425,Velachery,2024-07-21,21,0,0,0,1,1,1,1,1,1,0.0,0.040415,0,0.0,1,5,4,18,0.8761,0.0,GREEN,32,Chennai
CLM0008114,CHE_06034,Velachery,2024-06-11,7,0,0,0,0,0,0,0,0,0,0.0,0.0,0,0.0,0,117,0,3,0.5355,0.0,GREEN,49,Chennai
CLM0008115,CHE_07217,Sholinganallur,2024-10-30,14,0,0,0,0,0,0,0,0,0,0.0,0.137502,0,0.0,0,25,4,4,0.2469,0.0,GREEN,35,Chennai
CLM0008116,CHE_03004,Velachery,2023-07-23,17,0,0,0,0,0,0,0,0,0,0.0,0.0,0,0.0,0,386,3,3,0.8229,0.0,GREEN,41,Chennai
CLM0008117,CHE_06721,Tambaram,2019-02-02,7,0,1,1,0,0,1,0,0,0,1.0,0.961282,0,0.0,0,419,0,0,0.7565,0.1518,GREEN,35,Chennai
CLM0008118,CHE_08967,T Nagar,2023-11-11,13,0,0,0,0,0,0,0,1,0,0.0,1.0,0,0.0,0,420,1,5,0.7857,0.1249,GREEN,40,Chennai
CLM0008119,CHE_06344,Sholinganallur,2021-07-23,13,0,0,0,0,0,0,0,0,0,0.0,0.398755,0,0.0,0,359,4,0,0.98,0.1031,GREEN,39,Chennai
CLM0008120,CHE_09463,Perambur,2025-07-15,8,0,0,0,0,0,1,0,0,0,0.0,0.27188,0,0.0,0,28,0,3,0.6435,0.1037,GREEN,33,Chennai
CLM0008121,CHE_01516,Velachery,2020-11-12,13,0,0,0,1,1,1,1,1,1,0.0,0.108567,0,0.0,1,5,0,18,0.9769,0.0535,GREEN,55,Chennai
CLM0008122,CHE_09224,Guindy,2024-05-16,19,0,0,0,0,0,0,0,0,0,1.0,0.135534,0,0.0,0,129,1,4,0.8328,0.0465,GREEN,49,Chennai
CLM0008123,CHE_03185,Sholinganallur,2020-09-23,15,0,0,0,0,0,0,1,0,1,0.0,0.873304,0,0.0,0,292,3,0,0.8489,0.3687,YELLOW,42,Chennai
CLM0008124,CHE_05192,Velachery,2025-11-08,20,0,0,0,1,0,0,0,0,0,0.0,0.027544,0,0.0,0,16,2,4,0.8563,0.3097,GREEN,39,Chennai
CLM0008125,CHE_05139,Adyar,2021-05-15,13,0,1,1,0,1,1,0,0,0,1.0,0.282844,1,1.0,0,310,0,1,0.98,0.3121,YELLOW,33,Chennai
CLM0008126,CHE_07816,Tambaram,2023-07-28,7,0,0,0,0,0,0,0,1,0,0.0,0.004851,0,0.0,0,274,4,5,0.7122,0.1003,GREEN,46,Chennai
CLM0008127,CHE_01427,Sholinganallur,2025-10-17,7,0,0,0,0,0,0,0,0,0,0.0,0.049368,0,0.0,0,97,0,4,0.8113,0.0,GREEN,41,Chennai
CLM0008128,CHE_09232,Chromepet,2022-04-15,9,0,0,0,0,0,0,0,1,0,0.0,0.143446,0,0.0,0,69,1,1,0.1793,0.0989,GREEN,27,Chennai
CLM0008129,CHE_09147,T Nagar,2025-02-26,14,0,0,0,0,0,0,0,0,0,0.0,0.180416,0,0.0,0,119,2,3,0.9238,0.0,GREEN,57,Chennai
CLM0008130,CHE_01828,Velachery,2024-12-15,16,0,1,1,0,0,0,0,0,0,0.0,0.441511,0,1.0,0,248,0,0,0.5879,0.7094,RED,51,Chennai
CLM0008131,CHE_00806,T Nagar,2024-02-07,8,0,1,1,1,1,1,1,0,1,1.0,0.951539,1,0.0,1,22,2,18,0.1628,0.6399,RED,47,Chennai
CLM0008132,CHE_00268,Guindy,2016-11-30,11,0,1,1,1,1,1,1,1,1,0.0,0.123538,1,0.0,0,8,1,18,0.98,1.0,RED,25,Chennai
CLM0008133,CHE_07896,Adyar,2018-11-13,13,1,1,0,1,1,0,1,0,0,1.0,0.121395,0,0.0,0,12,1,18,0.904,0.4808,YELLOW,37,Chennai
CLM0008134,CHE_00136,Guindy,2022-06-16,12,0,1,1,0,1,0,0,0,1,0.0,0.198979,0,0.0,0,290,0,2,0.9327,0.7819,RED,50,Chennai
CLM0008135,CHE_04741,Chromepet,2020-01-19,12,0,1,1,1,1,1,1,1,0,0.0,0.079214,1,0.0,1,12,0,18,0.869,0.8324,RED,52,Chennai
CLM0008136,CHE_00908,Anna Nagar,2022-09-17,18,0,1,1,0,0,1,1,1,1,1.0,1.0,0,0.0,1,6,2,18,0.2614,0.5059,YELLOW,41,Chennai
CLM0008137,CHE_07789,Tambaram,2018-12-11,19,0,1,1,1,0,0,1,1,0,0.0,1.0,1,1.0,0,35,2,18,0.807,0.5886,YELLOW,56,Chennai
CLM0008138,CHE_06821,T Nagar,2020-02-07,18,0,1,1,1,1,0,1,0,0,0.0,0.056779,0,0.0,0,5,2,18,0.8,0.4968,YELLOW,43,Chennai
CLM0008139,CHE_02867,Guindy,2023-09-03,12,0,1,1,1,0,1,1,0,0,0.0,0.074029,0,0.0,0,29,0,12,0.98,0.5791,YELLOW,50,Chennai
CLM0008140,CHE_07354,Guindy,2015-06-26,19,0,1,1,1,0,1,1,1,1,0.0,1.0,0,0.0,1,5,2,18,0.05,0.6162,RED,19,Chennai
CLM0008141,CHE_00002,T Nagar,2025-10-25,20,0,0,0,0,0,0,0,0,0,1.0,0.331532,0,0.0,0,142,3,4,0.651,0.044,GREEN,44,Chennai
CLM0008142,CHE_07806,T Nagar,2024-11-15,13,0,0,0,0,0,0,0,0,0,0.0,0.014506,0,0.0,0,417,3,1,0.98,0.0523,GREEN,34,Chennai
CLM0008143,CHE_09006,Sholinganallur,2021-01-08,20,0,0,0,0,0,0,0,0,0,0.0,0.086984,0,0.0,0,105,2,2,0.8607,0.0648,GREEN,38,Chennai
CLM0008144,CHE_04518,Adyar,2024-10-02,12,0,0,0,0,0,0,0,0,0,0.0,0.0,0,0.0,0,357,4,0,0.8353,0.0,GREEN,48,Chennai
CLM0008145,CHE_04813,Porur,2023-08-07,17,0,1,1,0,1,0,0,0,0,0.0,0.405389,0,0.0,0,223,4,8,0.8005,0.0992,GREEN,52,Chennai
CLM0008146,CHE_04378,Chromepet,2020-08-29,7,0,0,0,0,0,0,0,0,1,0.0,0.237703,0,0.0,0,420,3,7,0.3075,0.0995,GREEN,33,Chennai
CLM0008147,CHE_08677,T Nagar,2018-09-26,13,0,0,0,0,0,1,0,0,0,0.0,0.267453,0,0.0,0,372,2,0,0.7192,0.0343,GREEN,36,Chennai
CLM0008148,CHE_07052,Perambur,2025-08-11,15,0,0,0,0,0,0,0,0,0,0.0,0.246214,0,0.0,0,180,0,3,0.5825,0.0,GREEN,40,Chennai
CLM0008149,CHE_06712,Guindy,2017-02-26,11,0,0,0,0,0,0,0,0,0,0.0,0.36647,0,0.0,0,141,2,0,0.7885,0.0,GREEN,40,Chennai
CLM0008150,CHE_04220,Anna Nagar,2020-06-19,12,0,0,0,0,0,0,0,1,0,0.0,0.060632,0,0.0,0,239,4,0,0.9793,0.1046,GREEN,34,Chennai
CLM0008151,CHE_06967,Velachery,2024-11-20,16,0,0,0,0,0,0,0,0,0,0.0,0.320876,0,0.0,0,290,0,2,0.5026,0.0,GREEN,33,Chennai
CLM0008152,CHE_08629,Chromepet,2021-01-15,16,0,0,0,0,0,0,0,0,0,0.0,0.963015,0,0.0,0,210,4,4,0.7654,0.1437,GREEN,44,Chennai
CLM0008153,CHE_04185,Adyar,2024-02-28,17,0,0,0,0,0,0,0,0,0,0.0,1.0,0,0.0,0,420,2,2,0.9152,0.0,GREEN,48,Chennai
CLM0008154,CHE_06468,Adyar,2018-05-23,19,0,0,0,0,0,0,0,0,0,1.0,0.063044,0,0.0,0,420,1,4,0.6668,0.0857,GREEN,29,Chennai
CLM0008155,CHE_08387,Sholinganallur,2025-12-09,19,0,0,0,0,0,0,0,0,0,0.0,0.248105,0,1.0,0,420,1,4,0.6148,0.0,GREEN,37,Chennai
CLM0008156,CHE_05147,Perambur,2024-01-14,12,0,0,0,0,0,0,0,1,0,0.0,0.209964,0,0.0,0,420,4,1,0.6216,0.032,GREEN,41,Chennai
CLM0008157,CHE_03114,Velachery,2023-12-21,19,0,0,0,0,0,0,0,1,0,0.0,0.063509,1,0.0,0,420,2,1,0.1686,0.1004,GREEN,42,Chennai
CLM0008158,CHE_05950,Porur,2024-11-01,9,0,0,0,0,0,0,0,0,0,0.0,0.192744,0,0.0,0,420,0,3,0.8125,0.0,GREEN,29,Chennai
CLM0008159,CHE_05130,Sholinganallur,2024-12-09,21,0,0,0,0,0,0,0,0,0,0.0,0.025206,0,0.0,0,186,0,5,0.7533,0.0,GREEN,41,Chennai
CLM0008160,CHE_02387,Velachery,2022-08-18,11,0,0,0,0,0,0,0,0,0,0.0,0.226242,0,0.0,0,263,0,2,0.9718,0.0,GREEN,46,Chennai
CLM0008161,CHE_09311,T Nagar,2021-08-02,20,0,0,0,0,0,0,0,0,1,0.0,0.117829,0,0.0,0,249,0,2,0.616,0.155,GREEN,51,Chennai
CLM0008162,CHE_07785,Perambur,2022-12-20,11,0,0,0,0,1,0,0,0,0,0.0,0.260648,0,0.0,0,235,2,2,0.4879,0.1888,GREEN,44,Chennai
CLM0008163,CHE_08396,Tambaram,2021-06-19,17,0,0,0,0,0,0,0,0,0,0.0,1.0,0,0.0,0,22,2,0,0.9033,0.0,GREEN,28,Chennai
CLM0008164,CHE_07687,Adyar,2021-04-29,15,0,0,0,0,0,0,1,0,0,0.0,0.099695,0,0.0,0,119,0,0,0.5799,0.017,GREEN,25,Chennai
CLM0008165,CHE_03905,Tambaram,2023-01-27,21,0,0,0,0,0,0,0,0,0,0.0,0.1964,0,0.0,1,250,3,2,0.1974,0.1109,GREEN,45,Chennai
CLM0008166,CHE_06814,Porur,2025-08-27,13,0,0,0,0,0,0,0,0,0,0.0,0.485588,0,0.0,0,121,2,1,0.7037,0.0,GREEN,41,Chennai
CLM0008167,CHE_06980,Perambur,2015-06-07,19,0,0,0,0,0,0,0,0,1,0.0,0.15356,0,0.0,0,146,4,4,0.5505,0.234,GREEN,39,Chennai
CLM0008168,CHE_00217,Adyar,2021-06-14,21,0,0,0,0,0,0,1,0,0,0.0,0.206199,1,0.0,0,420,3,1,0.4586,0.1258,GREEN,29,Chennai
CLM0008169,CHE_02105,Tambaram,2024-04-22,19,0,0,0,0,0,0,0,0,1,0.0,1.0,0,0.0,0,222,4,0,0.9581,0.0554,GREEN,18,Chennai
CLM0008170,CHE_05855,Perambur,2017-01-21,10,0,0,0,0,0,0,0,0,0,1.0,0.225575,1,0.0,0,251,0,5,0.05,0.1078,GREEN,46,Chennai
CLM0008171,CHE_07281,Sholinganallur,2023-06-11,20,0,0,0,0,0,0,0,0,0,0.0,0.120631,0,0.0,0,129,2,2,0.9315,0.0014,GREEN,32,Chennai
CLM0008172,CHE_05934,Guindy,2018-08-25,12,0,1,1,0,0,0,0,0,0,0.0,0.0,0,0.0,0,348,0,3,0.6979,0.0,GREEN,45,Chennai
CLM0008173,CHE_00487,Guindy,2016-08-19,8,0,0,0,0,0,0,0,0,0,1.0,0.26716,0,1.0,0,307,1,2,0.8706,0.0028,GREEN,27,Chennai
CLM0008174,CHE_00313,Anna Nagar,2025-06-18,20,0,0,0,0,0,0,0,0,0,0.0,1.0,0,0.0,0,144,3,5,0.838,0.0,GREEN,35,Chennai
CLM0008175,CHE_04704,Tambaram,2020-01-14,10,0,0,0,0,0,0,0,0,0,0.0,0.21811,0,0.0,0,399,0,1,0.98,0.0,GREEN,41,Chennai
CLM0008176,CHE_04896,Perambur,2024-05-14,9,0,0,0,0,0,0,0,0,0,0.0,0.263189,0,0.0,0,267,4,4,0.6031,0.0,GREEN,42,Chennai
CLM0008177,CHE_09218,Anna Nagar,2020-09-08,8,0,0,0,0,0,0,0,0,0,0.0,0.035524,0,0.0,0,416,3,5,0.6624,0.0548,GREEN,46,Chennai
CLM0008178,CHE_07501,Tambaram,2021-07-08,20,0,0,0,0,0,0,1,0,0,0.0,0.299368,0,0.0,0,14,2,0,0.2511,0.1791,GREEN,37,Chennai
CLM0008179,CHE_05031,Guindy,2021-12-30,16,0,0,0,0,0,0,1,0,0,0.0,0.294335,0,0.0,0,373,0,0,0.5116,0.1438,GREEN,39,Chennai
CLM0008180,CHE_08528,Tambaram,2024-04-24,15,0,0,0,0,0,0,0,0,1,0.0,0.487735,1,0.0,0,128,4,2,0.759,0.2788,GREEN,42,Chennai
CLM0008181,CHE_00856,Tambaram,2025-03-14,19,0,0,0,0,0,0,0,0,0,0.0,0.29485,0,0.0,0,420,2,2,0.9443,0.0,GREEN,38,Chennai
CLM0008182,CHE_04787,Porur,2025-03-07,17,0,0,0,0,0,0,0,0,0,0.0,0.981974,0,0.0,0,420,4,7,0.8896,0.0756,GREEN,50,Chennai
CLM0008183,CHE_06155,Adyar,2024-08-07,7,0,0,0,0,0,0,0,0,0,0.0,0.393383,0,0.0,0,302,4,4,0.9215,0.0,GREEN,18,Chennai
CLM0008184,CHE_05079,Tambaram,2022-12-16,21,0,0,0,0,0,0,0,0,0,0.0,0.35105,0,0.0,0,227,2,0,0.3915,0.0,GREEN,38,Chennai
CLM0008185,CHE_07167,Porur,2025-01-21,13,0,0,0,0,0,0,0,0,0,0.0,0.042658,0,0.0,0,309,0,4,0.8322,0.0,GREEN,21,Chennai
CLM0008186,CHE_01970,Anna Nagar,2021-05-22,14,0,0,0,1,0,0,0,0,0,1.0,0.186558,0,0.0,0,420,1,5,0.8788,0.1767,GREEN,45,Chennai
CLM0008187,CHE_05230,Chromepet,2020-09-21,9,0,0,0,0,0,0,0,0,0,0.0,0.000221,0,0.0,0,187,0,4,0.6504,0.0,GREEN,53,Chennai
CLM0008188,CHE_01794,Chromepet,2022-08-01,8,0,0,0,0,0,0,1,0,0,0.0,0.011091,0,0.0,0,201,2,1,0.8195,0.1729,GREEN,24,Chennai
CLM0008189,CHE_06310,Anna Nagar,2020-06-23,12,0,0,0,0,0,0,0,1,0,0.0,0.264817,0,0.0,0,420,0,0,0.8605,0.0752,GREEN,25,Chennai
CLM0008190,CHE_07511,Guindy,2021-12-05,20,1,0,0,0,0,0,0,0,0,0.0,0.228121,0,0.0,0,132,1,2,0.7845,0.0,GREEN,36,Chennai
CLM0008191,CHE_05997,Tambaram,2023-12-23,7,0,0,0,0,0,0,0,0,0,0.0,0.378119,0,0.0,0,278,2,2,0.6799,0.0236,GREEN,34,Chennai
CLM0008192,CHE_00500,Perambur,2025-10-29,12,0,0,0,0,0,0,0,1,0,0.0,0.125069,0,0.0,0,326,3,0,0.871,0.087,GREEN,40,Chennai
CLM0008193,CHE_00665,Porur,2022-02-05,8,0,0,0,1,0,0,0,0,0,0.0,0.32337,0,0.0,0,283,3,0,0.7191,0.2138,GREEN,37,Chennai
CLM0008194,CHE_01199,Tambaram,2021-09-24,19,0,0,0,0,0,0,0,0,0,0.0,0.222782,0,0.0,0,298,0,5,0.8275,0.028,GREEN,29,Chennai
CLM0008195,CHE_05170,Adyar,2022-02-17,17,0,0,0,0,1,1,0,0,0,0.0,0.285881,0,0.0,0,304,2,0,0.6778,0.255,GREEN,35,Chennai
CLM0008196,CHE_00079,Porur,2021-12-16,8,0,0,0,0,1,0,0,1,0,0.0,0.194914,0,0.0,0,420,0,3,0.1427,0.2564,GREEN,29,Chennai
CLM0008197,CHE_00763,Velachery,2025-05-26,15,0,0,0,0,0,0,0,0,0,0.0,0.369507,0,0.0,0,119,0,7,0.5469,0.0434,GREEN,36,Chennai
CLM0008198,CHE_04087,Chromepet,2020-12-24,14,0,0,0,1,0,0,0,0,0,0.0,0.193079,0,0.0,1,95,1,2,0.6575,0.2235,GREEN,44,Chennai
CLM0008199,CHE_01829,Sholinganallur,2022-03-15,9,0,0,0,0,0,0,0,1,0,0.0,0.334273,0,0.0,0,38,1,0,0.6938,0.2233,GREEN,28,Chennai
CLM0008200,CHE_01221,Sholinganallur,2021-08-03,11,0,0,0,0,0,0,0,0,0,0.0,0.258217,0,0.0,0,420,0,0,0.8616,0.0864,GREEN,28,Chennai
CLM0008201,CHE_00602,T Nagar,2025-01-05,17,0,0,0,0,0,0,0,0,0,0.0,0.086975,0,0.0,0,276,1,7,0.98,0.0,GREEN,18,Chennai
CLM0008202,CHE_01259,Porur,2019-09-12,7,0,0,0,1,1,0,1,1,1,1.0,1.0,0,1.0,0,5,2,18,0.1541,0.1017,GREEN,42,Chennai
CLM0008203,CHE_02882,Chromepet,2022-01-17,19,0,0,0,0,0,0,0,0,0,1.0,1.0,0,1.0,0,129,1,0,0.8598,0.0687,GREEN,40,Chennai
CLM0008204,CHE_05431,Velachery,2025-06-14,11,0,0,0,0,0,0,0,0,0,0.0,0.083746,0,0.0,0,351,2,5,0.2286,0.0347,GREEN,48,Chennai
CLM0008205,CHE_00701,Porur,2024-10-05,15,0,0,0,0,0,0,0,0,0,0.0,0.153785,0,0.0,0,420,1,4,0.0598,0.0,GREEN,46,Chennai
CLM0008206,CHE_00093,Tambaram,2024-01-08,10,0,0,0,0,0,0,0,0,0,0.0,0.121571,0,0.0,0,420,0,0,0.9734,0.0,GREEN,35,Chennai
CLM0008207,CHE_02850,Guindy,2025-05-23,15,0,0,0,0,0,0,0,0,0,1.0,0.451123,0,0.0,0,288,1,0,0.9617,0.0938,GREEN,43,Chennai
CLM0008208,CHE_02400,T Nagar,2023-03-14,12,0,0,0,0,0,0,0,0,0,0.0,1.0,0,0.0,0,420,0,1,0.8514,0.0,GREEN,48,Chennai
CLM0008209,CHE_07703,Porur,2019-08-06,21,0,0,0,0,0,0,0,0,0,1.0,1.0,0,0.0,0,420,4,5,0.6011,0.0397,GREEN,37,Chennai
CLM0008210,CHE_06611,Guindy,2024-07-11,14,0,0,0,0,0,0,0,0,0,0.0,0.413931,0,0.0,0,349,4,4,0.4157,0.0,GREEN,42,Chennai
CLM0008211,CHE_03061,Chromepet,2020-08-02,15,0,0,0,0,0,0,0,0,0,0.0,0.256592,0,0.0,0,334,4,1,0.6484,0.0465,GREEN,40,Chennai
CLM0008212,CHE_00749,Guindy,2022-05-02,20,0,0,0,0,0,0,0,0,0,0.0,0.325413,0,0.0,0,132,2,3,0.05,0.0,GREEN,18,Chennai
CLM0008213,CHE_06671,Anna Nagar,2024-10-02,18,0,0,0,0,0,0,0,0,0,0.0,0.201937,0,0.0,0,420,1,0,0.4881,0.02,GREEN,44,Chennai
CLM0008214,CHE_07271,Guindy,2020-02-24,20,0,0,0,0,0,0,0,0,0,0.0,0.049848,0,0.0,0,296,4,0,0.929,0.0,GREEN,63,Chennai
CLM0008215,CHE_03705,Velachery,2023-07-08,15,0,0,0,0,0,0,0,0,0,1.0,0.002545,0,0.0,0,420,1,1,0.98,0.0272,GREEN,33,Chennai
CLM0008216,CHE_05188,Anna Nagar,2024-06-13,11,0,0,0,0,0,0,0,0,0,0.0,0.319723,0,0.0,0,420,4,5,0.8087,0.0,GREEN,39,Chennai
CLM0008217,CHE_09231,Porur,2024-03-26,17,0,0,0,0,0,0,0,1,0,0.0,0.267587,0,0.0,0,253,2,0,0.776,0.1244,GREEN,45,Chennai
CLM0008218,CHE_01922,Porur,2020-03-12,10,0,0,0,0,0,0,0,1,0,0.0,0.283117,0,0.0,0,173,3,6,0.6819,0.1769,GREEN,50,Chennai
CLM0008219,CHE_02725,T Nagar,2024-08-24,11,0,0,0,0,0,0,0,0,0,0.0,0.0,0,0.0,1,168,4,3,0.98,0.1246,GREEN,41,Chennai
CLM0008220,CHE_01878,Tambaram,2018-07-03,9,0,0,0,0,0,0,0,0,0,0.0,0.271664,0,0.0,0,241,3,2,0.1862,0.0,GREEN,43,Chennai
CLM0008221,CHE_09302,Tambaram,2021-01-08,21,0,0,0,1,0,0,0,0,0,0.0,0.084275,0,0.0,0,379,4,2,0.6678,0.11,GREEN,55,Chennai
CLM0008222,CHE_05359,Adyar,2025-11-21,17,0,0,0,0,0,0,0,0,0,0.0,0.264393,0,0.0,0,170,2,2,0.1197,0.0899,GREEN,59,Chennai
CLM0008223,CHE_01622,Adyar,2019-11-27,19,0,0,0,0,0,0,0,0,0,0.0,0.030038,0,0.0,0,351,1,6,0.8702,0.0,GREEN,25,Chennai
CLM0008224,CHE_08066,Sholinganallur,2021-06-29,21,0,1,1,0,0,0,0,0,0,0.0,0.2978,0,0.0,0,420,4,0,0.5607,0.0035,GREEN,39,Chennai
CLM0008225,CHE_01845,T Nagar,2025-03-13,12,0,0,0,0,0,0,0,0,0,0.0,0.375645,0,0.0,0,167,2,4,0.8805,0.068,GREEN,19,Chennai
CLM0008226,CHE_06286,Velachery,2020-10-02,8,0,0,0,0,0,1,0,0,0,0.0,0.139716,0,0.0,0,312,2,3,0.7769,0.0345,GREEN,43,Chennai
CLM0008227,CHE_00184,Sholinganallur,2025-08-06,11,0,0,0,0,0,0,0,0,0,1.0,0.344394,0,0.0,0,299,3,1,0.98,0.0445,GREEN,33,Chennai
CLM0008228,CHE_01444,Perambur,2024-02-22,10,0,0,0,0,0,0,0,0,0,0.0,0.228515,0,0.0,0,277,2,0,0.05,0.0,GREEN,27,Chennai
CLM0008229,CHE_07406,Porur,2022-03-22,14,0,0,0,0,0,0,0,0,0,0.0,0.153459,0,0.0,0,152,1,1,0.7525,0.0,GREEN,26,Chennai
CLM0008230,CHE_02565,Perambur,2019-02-25,13,0,0,0,0,0,0,0,0,0,0.0,0.205436,0,0.0,1,369,4,1,0.8024,0.129,GREEN,29,Chennai
CLM0008231,CHE_04463,Porur,2025-06-25,9,0,0,0,0,1,0,0,0,0,0.0,0.23561,0,0.0,0,22,2,6,0.98,0.2011,GREEN,45,Chennai
CLM0008232,CHE_05445,Chromepet,2025-08-02,15,0,0,0,0,0,0,0,0,0,0.0,0.124865,0,0.0,0,103,3,1,0.2041,0.0625,GREEN,20,Chennai
CLM0008233,CHE_09672,Tambaram,2023-11-23,10,0,0,0,0,0,0,0,0,0,0.0,0.0,0,0.0,0,371,4,2,0.8653,0.045,GREEN,31,Chennai
CLM0008234,CHE_04028,Perambur,2025-08-08,14,0,0,0,0,0,0,0,0,0,0.0,0.311381,0,0.0,0,105,1,2,0.5934,0.0,GREEN,50,Chennai
CLM0008235,CHE_02789,Adyar,2023-11-12,18,0,0,0,0,0,0,0,0,0,0.0,0.143968,0,0.0,0,78,3,1,0.1376,0.0,GREEN,41,Chennai
CLM0008236,CHE_03532,Adyar,2025-08-21,17,0,0,0,0,0,1,0,0,0,0.0,0.377981,0,0.0,0,229,0,0,0.3019,0.0181,GREEN,49,Chennai
CLM0008237,CHE_02520,Velachery,2024-06-15,7,0,0,0,0,0,0,0,0,0,0.0,0.240104,0,0.0,0,205,2,0,0.783,0.0278,GREEN,38,Chennai
CLM0008238,CHE_04321,Sholinganallur,2024-05-08,20,0,0,0,1,0,1,0,0,1,0.0,0.210548,0,0.0,0,41,2,3,0.9677,0.2881,GREEN,51,Chennai
CLM0008239,CHE_07737,Anna Nagar,2025-05-08,7,0,0,0,0,0,0,0,0,0,1.0,0.139221,0,0.0,0,420,1,0,0.7978,0.0069,GREEN,56,Chennai
CLM0008240,CHE_02261,Adyar,2025-04-17,7,0,0,0,0,0,0,0,0,0,0.0,0.0,0,0.0,0,416,3,2,0.1133,0.0493,GREEN,37,Chennai
CLM0008241,CHE_08290,Perambur,2023-12-27,7,0,0,0,0,0,0,0,0,0,1.0,0.012302,0,0.0,1,168,1,0,0.8389,0.1531,GREEN,40,Chennai
CLM0008242,CHE_02579,Velachery,2024-03-14,9,0,0,0,0,0,0,0,0,0,0.0,0.2804,0,0.0,0,37,4,0,0.6265,0.0,GREEN,22,Chennai
CLM0008243,CHE_06708,Guindy,2016-06-01,15,0,0,0,0,0,0,0,0,0,0.0,0.430478,0,0.0,0,420,1,6,0.6328,0.0444,GREEN,28,Chennai
CLM0008244,CHE_00464,Perambur,2018-08-18,7,0,0,0,0,1,0,0,0,0,0.0,0.150198,0,0.0,0,370,0,3,0.7946,0.1739,GREEN,36,Chennai
CLM0008245,CHE_04998,Tambaram,2021-03-17,20,0,0,0,0,0,1,0,0,0,0.0,0.446083,0,0.0,0,41,4,4,0.709,0.0952,GREEN,39,Chennai
CLM0008246,CHE_00892,T Nagar,2018-05-04,11,0,0,0,0,0,0,0,0,0,1.0,0.921315,0,1.0,0,372,1,0,0.6864,0.0,GREEN,35,Chennai
CLM0008247,CHE_06665,Sholinganallur,2019-10-17,18,0,0,0,1,0,0,0,0,0,1.0,0.160443,0,0.0,0,201,4,4,0.6404,0.2561,GREEN,26,Chennai
CLM0008248,CHE_03973,Anna Nagar,2021-12-22,12,0,0,0,0,0,0,0,1,1,0.0,0.198385,0,1.0,0,237,3,3,0.749,0.2773,GREEN,37,Chennai
CLM0008249,CHE_08307,Perambur,2023-05-11,7,0,0,0,0,0,0,0,0,0,0.0,0.101399,0,0.0,0,359,1,1,0.7063,0.0,GREEN,35,Chennai
CLM0008250,CHE_03376,Porur,2024-10-21,17,0,1,1,0,0,0,0,0,1,0.0,0.342697,0,0.0,0,413,0,3,0.7071,0.1054,GREEN,57,Chennai
CLM0008251,CHE_09345,Velachery,2025-04-21,21,0,0,0,0,0,0,0,0,0,0.0,0.028284,0,0.0,0,252,4,5,0.078,0.0013,GREEN,51,Chennai
CLM0008252,CHE_07532,T Nagar,2024-12-15,19,0,1,1,1,1,1,0,1,1,1.0,1.0,0,0.0,1,20,4,9,0.7923,0.1315,GREEN,37,Chennai
CLM0008253,CHE_09873,T Nagar,2022-03-24,18,0,0,0,1,0,0,0,0,0,1.0,0.131097,0,0.0,0,348,3,0,0.7923,0.2083,GREEN,46,Chennai
CLM0008254,CHE_08371,Velachery,2024-05-04,9,0,0,0,0,0,0,0,0,0,0.0,1.0,0,0.0,0,378,1,2,0.6499,0.0117,GREEN,50,Chennai
CLM0008255,CHE_01786,Chromepet,2023-08-24,11,0,0,0,0,0,0,0,0,0,0.0,0.159373,0,0.0,0,317,0,2,0.8856,0.0,GREEN,54,Chennai
CLM0008256,CHE_00295,Porur,2017-01-12,12,0,0,0,0,0,0,0,0,0,0.0,0.162089,0,0.0,0,97,4,2,0.7092,0.0162,GREEN,29,Chennai
CLM0008257,CHE_02329,Adyar,2023-10-28,9,0,0,0,0,0,0,0,1,0,0.0,0.11888,0,0.0,0,86,0,0,0.98,0.1937,GREEN,46,Chennai
CLM0008258,CHE_06035,Chromepet,2018-02-25,7,0,0,0,0,0,0,0,0,1,0.0,0.982512,0,0.0,0,87,2,2,0.8869,0.1648,GREEN,50,Chennai
CLM0008259,CHE_04103,Anna Nagar,2018-05-29,13,0,0,0,0,0,0,0,0,0,0.0,0.149872,0,0.0,0,128,4,3,0.7392,0.0738,GREEN,29,Chennai
CLM0008260,CHE_01786,Chromepet,2024-01-24,16,0,0,0,0,0,0,0,0,0,0.0,0.383449,0,0.0,0,420,1,1,0.5716,0.0,GREEN,54,Chennai
CLM0008261,CHE_07646,Porur,2024-06-11,18,0,0,0,0,0,0,0,0,0,0.0,0.249002,0,0.0,0,14,4,4,0.6043,0.0045,GREEN,30,Chennai
CLM0008262,CHE_04135,Velachery,2020-06-17,19,0,0,0,0,0,0,0,0,0,0.0,0.153747,0,0.0,0,388,1,0,0.9798,0.0,GREEN,44,Chennai
CLM0008263,CHE_00184,Sholinganallur,2022-12-06,17,0,0,0,0,0,1,0,0,0,0.0,0.316847,0,0.0,0,49,1,5,0.853,0.0828,GREEN,33,Chennai
CLM0008264,CHE_04456,Adyar,2022-11-22,17,0,0,0,1,0,0,0,0,0,1.0,0.0,0,0.0,0,123,0,3,0.2155,0.2304,GREEN,38,Chennai
CLM0008265,CHE_00494,Sholinganallur,2024-09-16,13,0,0,0,0,1,0,0,0,0,0.0,0.366721,0,0.0,0,51,3,2,0.768,0.1478,GREEN,45,Chennai
CLM0008266,CHE_09728,T Nagar,2023-10-09,19,0,0,0,0,0,0,0,0,0,0.0,0.018142,0,0.0,0,115,0,0,0.6334,0.0,GREEN,34,Chennai
CLM0008267,CHE_07817,Porur,2021-02-15,11,0,0,0,0,0,0,0,0,0,0.0,0.317453,0,0.0,0,115,0,0,0.537,0.0,GREEN,42,Chennai
CLM0008268,CHE_07612,Anna Nagar,2023-06-04,13,0,0,0,0,0,1,0,0,0,0.0,0.906063,0,0.0,0,243,4,5,0.7896,0.14,GREEN,41,Chennai
CLM0008269,CHE_02245,T Nagar,2020-02-24,7,0,0,0,0,0,0,0,0,0,0.0,0.44272,0,0.0,0,21,4,3,0.0952,0.1093,GREEN,29,Chennai
CLM0008270,CHE_09047,Velachery,2024-11-04,20,1,0,0,0,0,0,0,0,0,0.0,0.0,0,0.0,0,373,4,1,0.7202,0.0244,GREEN,37,Chennai
CLM0008271,CHE_08766,Chromepet,2024-06-14,19,0,0,0,0,0,0,0,0,0,1.0,0.155203,0,0.0,0,420,2,0,0.98,0.0667,GREEN,30,Chennai
CLM0008272,CHE_01130,Sholinganallur,2025-03-11,10,0,0,0,0,1,0,0,0,1,0.0,0.206696,0,0.0,0,420,3,3,0.6295,0.2611,GREEN,44,Chennai
CLM0008273,CHE_09555,Perambur,2025-02-12,9,0,0,0,0,0,0,0,0,0,0.0,0.297192,0,0.0,0,111,0,6,0.9597,0.0946,GREEN,51,Chennai
CLM0008274,CHE_01201,Tambaram,2023-11-24,20,0,0,0,0,0,0,0,1,1,1.0,0.951958,0,1.0,0,420,2,5,0.1451,0.0662,GREEN,40,Chennai
CLM0008275,CHE_02091,Tambaram,2025-06-09,10,0,0,0,0,1,0,0,0,0,0.0,0.238826,0,0.0,0,420,2,0,0.806,0.2101,GREEN,18,Chennai
CLM0008276,CHE_06112,Perambur,2024-07-07,12,0,0,0,0,0,0,0,0,0,0.0,0.062433,0,0.0,0,87,1,0,0.5603,0.0279,GREEN,31,Chennai
CLM0008277,CHE_03144,Porur,2025-04-26,15,0,0,0,0,0,0,0,0,0,0.0,0.232788,1,0.0,0,420,1,2,0.6304,0.0863,GREEN,35,Chennai
CLM0008278,CHE_05732,Anna Nagar,2025-08-03,13,0,0,0,0,0,0,0,0,0,1.0,0.0,0,0.0,0,402,1,6,0.736,0.0,GREEN,47,Chennai
CLM0008279,CHE_09219,Anna Nagar,2025-09-27,12,0,0,0,0,0,0,0,0,0,0.0,0.280125,0,0.0,0,69,0,5,0.6391,0.0556,GREEN,44,Chennai
CLM0008280,CHE_07548,Tambaram,2025-09-21,15,0,0,0,1,0,0,0,0,0,0.0,0.0,0,0.0,0,70,4,0,0.849,0.2153,GREEN,44,Chennai
CLM0008281,CHE_07036,Anna Nagar,2025-03-23,12,0,0,0,0,0,0,0,0,0,0.0,0.120084,0,0.0,1,297,4,5,0.05,0.0209,GREEN,41,Chennai
CLM0008282,CHE_00820,Velachery,2025-07-02,12,0,0,0,0,0,0,0,0,0,0.0,0.0,0,0.0,0,420,0,2,0.6354,0.0,GREEN,26,Chennai
CLM0008283,CHE_06495,Chromepet,2025-07-17,21,0,0,0,0,0,0,0,1,1,0.0,0.319954,0,0.0,0,352,1,0,0.8304,0.1635,GREEN,40,Chennai
CLM0008284,CHE_01133,T Nagar,2025-01-16,10,0,0,0,1,0,0,0,0,0,0.0,0.158939,0,0.0,0,337,2,0,0.3184,0.1348,GREEN,28,Chennai
CLM0008285,CHE_03509,Adyar,2025-06-13,21,0,0,0,0,0,0,1,0,0,0.0,0.270655,0,0.0,0,309,1,2,0.5194,0.0717,GREEN,50,Chennai
CLM0008286,CHE_00614,Guindy,2023-03-05,17,0,0,0,0,0,0,0,0,0,0.0,0.28275,0,0.0,0,273,4,3,0.6196,0.0329,GREEN,51,Chennai
CLM0008287,CHE_04808,Tambaram,2023-03-09,9,0,0,0,1,0,1,1,0,1,0.0,0.155635,0,0.0,1,5,0,18,0.9791,0.0245,GREEN,30,Chennai
CLM0008288,CHE_00094,Guindy,2022-01-20,19,0,0,0,0,0,1,0,0,0,0.0,0.129076,0,0.0,0,78,3,0,0.8281,0.177,GREEN,40,Chennai
CLM0008289,CHE_05045,Tambaram,2022-12-06,8,0,0,0,0,0,0,0,0,0,0.0,0.24088,0,0.0,0,420,2,2,0.8887,0.0538,GREEN,38,Chennai
CLM0008290,CHE_01778,Anna Nagar,2024-10-02,20,0,0,0,0,0,0,0,1,0,0.0,0.06571,0,0.0,0,321,0,2,0.653,0.0075,GREEN,23,Chennai
CLM0008291,CHE_09538,Chromepet,2020-01-17,7,0,1,1,0,0,0,0,0,0,0.0,0.111523,0,0.0,0,420,4,3,0.1525,0.0,GREEN,43,Chennai
CLM0008292,CHE_07842,Chromepet,2021-08-30,21,0,0,0,0,0,0,0,0,0,0.0,0.091263,0,0.0,0,420,1,0,0.8476,0.0,GREEN,52,Chennai
CLM0008293,CHE_08235,Guindy,2019-04-27,14,0,0,0,0,0,0,0,0,0,0.0,0.371291,0,0.0,0,195,3,2,0.6012,0.0693,GREEN,36,Chennai
CLM0008294,CHE_07651,Guindy,2020-09-01,16,0,0,0,0,0,1,1,1,0,0.0,0.879041,1,0.0,1,5,1,18,0.3131,0.0841,GREEN,51,Chennai
CLM0008295,CHE_08082,Perambur,2023-10-25,17,0,0,0,0,0,0,0,0,0,0.0,0.124547,0,0.0,1,108,4,5,0.6904,0.0,GREEN,33,Chennai
CLM0008296,CHE_00168,Anna Nagar,2020-12-22,13,0,0,0,0,0,0,0,0,0,0.0,1.0,0,0.0,0,105,2,2,0.5631,0.0417,GREEN,38,Chennai
CLM0008297,CHE_05355,T Nagar,2025-08-12,18,0,0,0,1,0,0,0,0,1,0.0,0.034768,0,0.0,0,387,2,3,0.0772,0.3568,YELLOW,42,Chennai
CLM0008298,CHE_08900,Adyar,2023-10-02,19,0,0,0,0,0,0,0,0,0,0.0,0.367702,0,0.0,0,250,2,2,0.8318,0.0,GREEN,32,Chennai
CLM0008299,CHE_07572,Velachery,2025-04-25,10,0,0,0,0,0,0,1,0,0,1.0,0.368466,0,0.0,0,418,1,1,0.6872,0.1683,GREEN,43,Chennai
CLM0008300,CHE_05842,Velachery,2023-08-21,12,0,0,0,0,0,0,0,0,1,0.0,0.315572,0,0.0,0,184,4,2,0.9673,0.076,GREEN,42,Chennai
CLM0008301,CHE_06049,Anna Nagar,2024-11-05,18,0,0,0,0,1,0,0,0,0,1.0,0.284613,0,0.0,0,148,1,3,0.7124,0.1234,GREEN,35,Chennai
CLM0008302,CHE_07922,Guindy,2024-08-15,19,0,0,0,0,0,1,0,0,0,0.0,0.19106,0,0.0,0,372,4,3,0.7169,0.1671,GREEN,25,Chennai
CLM0008303,CHE_04588,Guindy,2023-09-30,14,0,0,0,0,0,0,1,0,0,0.0,0.961187,0,0.0,0,420,2,4,0.7928,0.0168,GREEN,48,Chennai
CLM0008304,CHE_07566,Velachery,2025-01-01,15,0,0,0,1,0,0,0,0,0,0.0,0.064928,0,0.0,0,342,2,0,0.6028,0.1394,GREEN,36,Chennai
CLM0008305,CHE_07759,Tambaram,2023-03-03,14,0,0,0,0,0,0,0,0,0,0.0,0.897328,0,0.0,0,113,2,1,0.6614,0.0209,GREEN,32,Chennai
CLM0008306,CHE_01364,Chromepet,2024-11-07,17,0,0,0,0,0,0,0,0,0,1.0,0.26073,0,0.0,0,146,0,0,0.9252,0.0959,GREEN,53,Chennai
CLM0008307,CHE_04997,T Nagar,2023-08-01,13,0,0,0,0,0,0,0,0,0,0.0,0.0,0,0.0,0,32,0,3,0.726,0.0031,GREEN,40,Chennai
CLM0008308,CHE_06734,Sholinganallur,2021-07-24,12,0,0,0,0,0,0,0,0,0,0.0,0.044461,0,0.0,0,44,4,1,0.5544,0.0,GREEN,38,Chennai
CLM0008309,CHE_03546,Sholinganallur,2021-10-12,9,0,0,0,0,0,1,0,0,0,0.0,0.0,0,0.0,0,128,1,3,0.9131,0.1189,GREEN,63,Chennai
CLM0008310,CHE_09237,Porur,2019-09-18,13,0,0,0,0,0,0,0,0,0,0.0,0.162635,0,0.0,0,192,1,3,0.7207,0.0,GREEN,30,Chennai
CLM0008311,CHE_06641,Guindy,2018-04-24,19,0,0,0,0,0,1,0,0,0,1.0,0.0,0,0.0,0,226,0,0,0.7736,0.1463,GREEN,41,Chennai
CLM0008312,CHE_00918,T Nagar,2024-04-25,19,0,0,0,0,0,0,0,0,0,1.0,0.098318,0,0.0,0,46,2,2,0.3997,0.1008,GREEN,35,Chennai
CLM0008313,CHE_03035,Adyar,2022-06-12,17,0,0,0,0,0,0,0,0,0,1.0,1.0,0,1.0,0,256,0,3,0.2569,0.0652,GREEN,40,Chennai
CLM0008314,CHE_08287,Adyar,2023-09-12,11,0,0,0,0,0,0,0,0,0,0.0,0.091184,0,0.0,0,58,3,2,0.5889,0.0,GREEN,35,Chennai
CLM0008315,CHE_04040,Guindy,2018-12-12,18,0,0,0,1,0,0,0,0,0,0.0,0.0,0,1.0,1,312,4,2,0.8179,0.3165,YELLOW,40,Chennai
CLM0008316,CHE_00116,Porur,2023-10-17,19,0,0,0,0,0,0,0,0,1,0.0,0.191715,0,0.0,0,287,2,1,0.05,0.1559,GREEN,26,Chennai
CLM0008317,CHE_08550,Chromepet,2022-10-12,13,0,0,0,0,0,0,0,1,0,0.0,0.309751,0,0.0,1,75,2,3,0.98,0.2186,GREEN,38,Chennai
CLM0008318,CHE_00395,T Nagar,2023-03-30,17,0,0,0,0,0,0,0,0,0,0.0,0.150372,0,0.0,0,297,1,0,0.6268,0.0671,GREEN,24,Chennai
CLM0008319,CHE_03398,Velachery,2025-09-24,12,0,0,0,0,0,1,0,0,0,1.0,0.17983,0,0.0,0,277,2,2,0.7676,0.087,GREEN,31,Chennai
CLM0008320,CHE_06420,Adyar,2024-12-09,16,0,0,0,0,0,0,1,0,0,0.0,0.281763,0,0.0,0,320,4,2,0.9631,0.0468,GREEN,44,Chennai
CLM0008321,CHE_02786,Anna Nagar,2023-05-14,11,0,0,0,0,0,0,0,1,0,0.0,0.012271,0,0.0,0,420,4,4,0.8759,0.0905,GREEN,27,Chennai
CLM0008322,CHE_05207,T Nagar,2023-02-13,16,0,0,0,0,0,0,0,0,0,0.0,0.141249,0,0.0,0,290,0,3,0.8611,0.031,GREEN,29,Chennai
CLM0008323,CHE_08166,T Nagar,2025-03-26,20,0,0,0,0,0,0,0,0,0,1.0,0.228536,0,0.0,0,140,2,3,0.8578,0.0126,GREEN,42,Chennai
CLM0008324,CHE_06618,Porur,2025-11-09,20,0,0,0,0,0,0,0,0,0,0.0,0.212478,0,0.0,0,420,2,1,0.6937,0.0,GREEN,36,Chennai
CLM0008325,CHE_02075,Sholinganallur,2025-01-02,16,0,0,0,0,0,0,0,0,1,0.0,0.326654,0,0.0,0,396,1,0,0.98,0.1707,GREEN,36,Chennai
CLM0008326,CHE_00534,Chromepet,2025-08-01,20,0,0,0,0,0,1,0,0,0,0.0,0.379044,0,0.0,0,240,1,6,0.5719,0.0986,GREEN,45,Chennai
CLM0008327,CHE_09085,Perambur,2025-11-22,15,0,0,0,0,0,0,0,0,0,0.0,0.203676,0,0.0,0,98,3,1,0.8249,0.0417,GREEN,47,Chennai
CLM0008328,CHE_07340,Porur,2025-06-10,7,0,0,0,0,0,0,0,0,0,0.0,0.981771,0,0.0,0,103,0,1,0.91,0.0088,GREEN,54,Chennai
CLM0008329,CHE_03206,Sholinganallur,2024-12-15,15,0,0,0,0,0,0,0,0,0,0.0,0.341673,0,0.0,0,402,2,5,0.7354,0.0481,GREEN,38,Chennai
CLM0008330,CHE_08719,Sholinganallur,2025-06-09,9,0,0,0,0,0,0,0,0,0,0.0,0.194565,0,0.0,0,268,4,0,0.9003,0.0,GREEN,26,Chennai
CLM0008331,CHE_09950,Porur,2025-04-10,16,0,0,0,0,0,0,1,0,0,1.0,0.512725,1,0.0,0,310,4,3,0.8721,0.1774,GREEN,55,Chennai
CLM0008332,CHE_01965,Tambaram,2025-05-27,20,0,0,0,0,0,0,0,0,1,0.0,0.273361,0,0.0,0,185,4,3,0.8521,0.038,GREEN,35,Chennai
CLM0008333,CHE_04930,Chromepet,2021-06-26,21,0,0,0,0,0,0,0,0,0,0.0,0.0,1,0.0,0,281,4,5,0.7526,0.0308,GREEN,21,Chennai
CLM0008334,CHE_09825,Adyar,2022-05-13,17,0,0,0,0,0,0,0,0,0,0.0,0.08769,0,0.0,0,375,0,2,0.2007,0.0496,GREEN,40,Chennai
CLM0008335,CHE_04268,Velachery,2020-11-05,9,0,0,0,0,0,0,0,0,0,0.0,0.094955,0,0.0,0,157,4,0,0.6335,0.0,GREEN,45,Chennai
CLM0008336,CHE_06725,Chromepet,2024-04-30,11,0,0,0,0,0,0,0,1,0,0.0,0.254219,1,0.0,0,261,1,2,0.7117,0.1359,GREEN,40,Chennai
CLM0008337,CHE_06425,Velachery,2020-12-11,13,0,0,0,0,0,0,0,1,0,0.0,0.07849,0,0.0,0,103,1,4,0.05,0.2204,GREEN,25,Chennai
CLM0008338,CHE_00046,Velachery,2024-06-18,12,0,0,0,0,0,0,0,0,0,0.0,0.992277,0,0.0,0,76,0,2,0.7399,0.0,GREEN,42,Chennai
CLM0008339,CHE_03510,Guindy,2024-08-15,19,0,0,0,0,0,1,0,0,0,0.0,0.19126,0,0.0,0,216,4,5,0.4913,0.0681,GREEN,35,Chennai
CLM0008340,CHE_04599,Velachery,2023-11-03,14,0,0,0,0,0,0,0,0,0,0.0,0.418255,0,0.0,1,310,4,1,0.98,0.0733,GREEN,44,Chennai
CLM0008341,CHE_08680,Tambaram,2021-08-10,17,0,0,0,0,0,0,1,0,0,0.0,0.361479,0,0.0,0,289,4,6,0.6814,0.0,GREEN,34,Chennai
CLM0008342,CHE_04488,Chromepet,2020-02-25,10,0,0,0,0,0,0,0,1,0,0.0,0.079692,0,0.0,0,230,1,3,0.7334,0.0472,GREEN,36,Chennai
CLM0008343,CHE_01207,Porur,2020-06-01,7,0,0,0,1,0,0,0,0,0,0.0,0.197977,0,0.0,0,327,0,3,0.7476,0.151,GREEN,28,Chennai
CLM0008344,CHE_00447,Guindy,2025-06-27,20,0,0,0,0,0,0,0,0,0,0.0,0.072066,0,0.0,1,170,3,0,0.8348,0.1075,GREEN,68,Chennai
CLM0008345,CHE_06525,Chromepet,2025-12-12,8,0,0,0,0,1,0,0,0,0,0.0,0.311152,0,0.0,0,368,2,0,0.5879,0.1345,GREEN,54,Chennai
CLM0008346,CHE_07826,Tambaram,2025-10-12,8,0,0,0,0,0,0,0,1,0,0.0,0.342704,0,0.0,0,73,4,0,0.8579,0.1084,GREEN,49,Chennai
CLM0008347,CHE_06917,Adyar,2025-05-29,16,0,0,0,0,0,0,0,0,0,1.0,0.203824,0,0.0,0,273,4,3,0.7637,0.0244,GREEN,28,Chennai
CLM0008348,CHE_08689,Porur,2024-03-18,13,0,0,0,1,0,0,0,0,0,0.0,0.995357,0,0.0,0,335,2,4,0.6338,0.1106,GREEN,47,Chennai
CLM0008349,CHE_04501,Sholinganallur,2025-08-17,17,0,0,0,0,0,0,0,0,0,0.0,0.167852,0,0.0,0,420,3,1,0.8597,0.0,GREEN,26,Chennai
CLM0008350,CHE_01434,Porur,2024-11-06,10,0,0,0,0,0,0,0,0,0,0.0,0.076347,0,0.0,1,379,1,3,0.8912,0.1454,GREEN,18,Chennai
CLM0008351,CHE_00021,Porur,2024-05-25,11,0,0,0,0,0,0,0,0,0,0.0,0.325548,0,0.0,0,52,0,0,0.98,0.0574,GREEN,39,Chennai
CLM0008352,CHE_03167,T Nagar,2025-11-04,16,0,0,0,0,0,0,0,1,0,0.0,0.268216,0,0.0,1,283,2,1,0.05,0.1372,GREEN,34,Chennai
CLM0008353,CHE_03734,Velachery,2025-07-24,16,0,0,0,0,0,0,0,0,0,0.0,0.321266,0,0.0,0,192,4,5,0.8146,0.0602,GREEN,36,Chennai
CLM0008354,CHE_05610,Anna Nagar,2024-01-29,18,0,0,0,0,0,0,0,0,0,0.0,0.999169,0,0.0,0,420,4,0,0.5425,0.0,GREEN,59,Chennai
CLM0008355,CHE_02959,Porur,2024-02-01,19,0,0,0,0,0,0,1,0,0,0.0,0.352606,0,1.0,0,373,2,2,0.9602,0.0,GREEN,36,Chennai
CLM0008356,CHE_08419,T Nagar,2020-03-28,18,0,0,0,0,0,0,0,0,0,0.0,0.097118,0,0.0,0,79,2,2,0.5302,0.0,GREEN,25,Chennai
CLM0008357,CHE_05997,Tambaram,2017-05-04,7,0,0,0,0,0,0,0,0,0,0.0,0.104537,0,0.0,0,293,2,0,0.9334,0.0271,GREEN,34,Chennai
CLM0008358,CHE_07489,Adyar,2019-01-19,14,0,0,0,0,0,0,0,0,0,0.0,0.12645,0,0.0,0,168,0,5,0.0614,0.0,GREEN,53,Chennai
CLM0008359,CHE_07515,Chromepet,2020-10-29,20,0,0,0,1,0,0,0,0,0,1.0,0.292321,0,0.0,0,419,4,3,0.9557,0.3263,YELLOW,39,Chennai
CLM0008360,CHE_06798,Sholinganallur,2025-09-21,17,0,0,0,0,0,0,0,0,0,0.0,0.082251,0,0.0,0,237,4,1,0.8284,0.0254,GREEN,27,Chennai
CLM0008361,CHE_08127,Perambur,2021-12-20,19,0,0,0,0,0,0,0,0,0,0.0,0.111954,0,0.0,0,205,0,0,0.6557,0.0,GREEN,47,Chennai
CLM0008362,CHE_08213,Velachery,2020-09-18,8,0,0,0,0,0,0,0,0,0,0.0,0.159205,1,0.0,0,388,2,5,0.8269,0.1101,GREEN,27,Chennai
CLM0008363,CHE_09834,T Nagar,2020-09-22,11,0,0,0,0,0,0,0,0,0,0.0,0.192378,1,0.0,1,102,2,2,0.6128,0.1591,GREEN,42,Chennai
CLM0008364,CHE_09606,Adyar,2024-07-11,20,0,0,0,0,0,1,0,0,0,1.0,0.290531,0,0.0,0,420,4,1,0.5192,0.1757,GREEN,42,Chennai
CLM0008365,CHE_05455,Guindy,2025-04-07,21,0,0,0,1,0,0,0,0,0,1.0,0.275999,0,0.0,0,24,0,1,0.5637,0.2655,GREEN,40,Chennai
CLM0008366,CHE_05550,T Nagar,2024-09-18,17,0,0,0,0,1,0,0,0,0,0.0,1.0,0,0.0,0,69,0,2,0.1487,0.1211,GREEN,28,Chennai
CLM0008367,CHE_09631,Adyar,2024-01-20,16,0,0,0,0,0,1,0,1,0,0.0,0.282197,0,0.0,0,420,4,1,0.1249,0.1572,GREEN,29,Chennai
CLM0008368,CHE_03358,Tambaram,2024-06-08,10,0,0,0,0,0,0,0,0,0,0.0,0.212677,0,0.0,0,306,4,1,0.2714,0.1087,GREEN,31,Chennai
CLM0008369,CHE_09598,Tambaram,2023-04-17,7,0,0,0,0,0,0,0,0,0,0.0,0.135431,0,0.0,0,354,3,3,0.6708,0.0,GREEN,18,Chennai
CLM0008370,CHE_09082,Adyar,2021-09-04,17,0,0,0,0,0,0,0,0,0,0.0,0.114389,0,0.0,0,79,4,0,0.2397,0.0693,GREEN,55,Chennai
CLM0008371,CHE_01486,Tambaram,2023-02-11,12,0,0,0,0,0,0,0,0,0,0.0,0.315078,0,0.0,0,32,0,4,0.5815,0.0224,GREEN,37,Chennai
CLM0008372,CHE_06557,Anna Nagar,2025-07-08,21,0,0,0,0,0,0,0,0,0,0.0,0.294399,0,0.0,0,420,4,4,0.9654,0.0988,GREEN,35,Chennai
CLM0008373,CHE_04358,Chromepet,2025-04-15,18,0,0,0,0,0,0,0,0,0,0.0,0.444952,0,0.0,0,420,3,0,0.8679,0.027,GREEN,42,Chennai
CLM0008374,CHE_09085,Perambur,2023-10-24,16,0,0,0,0,0,1,0,0,0,0.0,0.113903,0,0.0,0,5,0,2,0.7499,0.1014,GREEN,47,Chennai
CLM0008375,CHE_02020,Perambur,2025-07-03,18,0,0,0,0,0,0,1,0,0,0.0,0.229339,0,0.0,0,36,0,2,0.9655,0.0853,GREEN,29,Chennai
CLM0008376,CHE_05334,Tambaram,2024-03-04,10,0,0,0,0,0,0,0,0,0,1.0,0.336128,0,0.0,1,420,1,3,0.4994,0.0326,GREEN,48,Chennai
CLM0008377,CHE_09976,Anna Nagar,2021-10-27,15,0,0,0,0,0,0,0,0,0,0.0,0.30163,0,0.0,0,420,2,4,0.8205,0.0517,GREEN,51,Chennai
CLM0008378,CHE_09252,Sholinganallur,2022-03-04,16,0,0,0,0,0,0,0,0,0,0.0,0.338957,0,0.0,0,420,4,0,0.8575,0.0466,GREEN,31,Chennai
CLM0008379,CHE_00457,Anna Nagar,2025-02-22,12,0,0,0,0,0,0,0,0,0,0.0,0.004066,0,0.0,0,275,4,2,0.9592,0.0,GREEN,32,Chennai
CLM0008380,CHE_09432,Anna Nagar,2020-10-27,13,0,0,0,0,0,0,1,0,1,0.0,0.337333,0,0.0,0,315,2,2,0.3108,0.2227,GREEN,45,Chennai
CLM0008381,CHE_00589,Tambaram,2023-03-11,16,0,0,0,0,0,0,0,0,0,0.0,0.20251,0,0.0,0,34,3,0,0.7194,0.092,GREEN,33,Chennai
CLM0008382,CHE_00158,Porur,2020-06-04,7,0,0,0,0,0,0,0,0,0,0.0,0.261054,0,0.0,0,400,1,4,0.5642,0.0,GREEN,27,Chennai
CLM0008383,CHE_08727,Tambaram,2024-06-15,19,0,0,0,0,0,0,0,0,0,0.0,0.100427,0,0.0,0,213,0,1,0.5962,0.0739,GREEN,60,Chennai
CLM0008384,CHE_05575,T Nagar,2019-09-21,16,0,1,1,0,0,1,0,0,0,0.0,0.013237,0,0.0,0,420,4,4,0.8801,0.1731,GREEN,38,Chennai
CLM0008385,CHE_08626,Chromepet,2020-10-23,16,0,0,0,0,0,0,0,0,0,0.0,0.35172,0,0.0,0,240,2,0,0.1534,0.1816,GREEN,42,Chennai
CLM0008386,CHE_02487,Chromepet,2019-10-08,9,0,0,0,0,0,0,0,0,0,0.0,0.156722,0,0.0,0,149,0,1,0.8815,0.0451,GREEN,30,Chennai
CLM0008387,CHE_04272,Porur,2021-11-06,7,0,0,0,0,0,0,0,0,0,0.0,0.217663,0,0.0,0,111,4,0,0.9369,0.1388,GREEN,59,Chennai
CLM0008388,CHE_01943,Tambaram,2024-03-25,20,0,0,0,0,0,0,0,1,0,0.0,0.083927,0,0.0,0,418,3,0,0.05,0.1659,GREEN,41,Chennai
CLM0008389,CHE_04338,Guindy,2025-12-11,14,0,0,0,0,0,0,0,0,0,0.0,0.225569,0,0.0,0,198,3,0,0.8918,0.0,GREEN,44,Chennai
CLM0008390,CHE_04460,Sholinganallur,2024-03-21,16,0,0,0,0,0,0,0,0,0,0.0,0.339956,0,0.0,0,324,2,1,0.622,0.0,GREEN,24,Chennai
CLM0008391,CHE_08120,Tambaram,2024-10-02,15,0,0,0,0,0,0,1,0,0,0.0,0.376916,1,0.0,0,183,1,1,0.4649,0.2117,GREEN,33,Chennai
CLM0008392,CHE_04357,Velachery,2025-04-24,15,0,0,0,0,0,0,0,0,0,0.0,0.244272,0,0.0,0,15,4,3,0.98,0.0,GREEN,38,Chennai
CLM0008393,CHE_00118,Anna Nagar,2024-10-10,18,0,0,0,0,0,0,0,0,0,0.0,0.033172,0,0.0,0,291,0,0,0.7808,0.0532,GREEN,52,Chennai
CLM0008394,CHE_00603,T Nagar,2023-12-19,10,0,0,0,0,0,0,0,0,0,0.0,0.927745,0,0.0,0,251,3,3,0.1477,0.0,GREEN,47,Chennai
CLM0008395,CHE_08323,Sholinganallur,2023-07-18,15,0,0,0,0,0,0,1,0,1,0.0,0.101687,0,0.0,0,150,3,0,0.618,0.1465,GREEN,33,Chennai
CLM0008396,CHE_06694,T Nagar,2024-09-14,11,0,1,1,1,1,0,1,0,0,1.0,0.933284,0,0.0,0,5,2,13,0.05,0.5137,YELLOW,33,Chennai
CLM0008397,CHE_01877,Chromepet,2020-05-23,21,0,1,1,1,0,1,0,0,1,1.0,0.989388,1,1.0,1,11,2,18,0.2194,0.5534,YELLOW,45,Chennai
CLM0008398,CHE_01531,Adyar,2021-07-08,21,0,1,1,0,0,0,0,0,0,0.0,0.351138,0,0.0,0,291,0,0,0.0898,0.5192,YELLOW,42,Chennai
CLM0008399,CHE_09526,Velachery,2023-05-23,14,0,1,1,1,1,0,1,1,0,0.0,1.0,0,0.0,0,5,0,18,0.2282,0.582,YELLOW,36,Chennai
CLM0008400,CHE_04945,Adyar,2017-03-28,20,0,1,1,0,0,0,0,0,0,0.0,0.41326,0,0.0,0,196,2,3,0.4766,0.7282,RED,63,Chennai
CLM0008401,CHE_08308,Perambur,2020-09-05,19,0,1,1,1,1,0,1,0,1,0.0,0.128982,0,0.0,0,6,1,18,0.7964,0.6135,RED,35,Chennai
CLM0008402,CHE_06310,Anna Nagar,2018-08-04,9,0,1,1,0,0,0,0,0,0,0.0,0.238626,0,0.0,0,400,2,0,0.8526,0.7996,RED,25,Chennai
CLM0008403,CHE_00405,Perambur,2019-11-03,8,0,0,0,0,0,0,0,0,0,0.0,0.316839,0,0.0,0,290,1,0,0.4005,0.0579,GREEN,18,Chennai
CLM0008404,CHE_00923,Perambur,2019-03-20,21,0,0,0,0,0,0,0,0,0,0.0,0.349078,0,0.0,0,5,4,3,0.6734,0.0132,GREEN,41,Chennai
CLM0008405,CHE_06705,Tambaram,2019-01-21,15,0,0,0,0,0,0,0,0,0,0.0,0.185404,0,0.0,0,43,1,3,0.8072,0.0819,GREEN,50,Chennai
CLM0008406,CHE_01525,Sholinganallur,2016-10-11,16,0,0,0,0,0,0,0,0,0,0.0,0.948694,0,0.0,0,257,0,2,0.98,0.0462,GREEN,48,Chennai
CLM0008407,CHE_05243,Velachery,2025-10-03,10,0,0,0,1,0,0,0,0,0,1.0,0.275079,0,0.0,0,33,1,0,0.98,0.3242,YELLOW,48,Chennai
CLM0008408,CHE_06133,Velachery,2021-05-05,16,0,0,0,0,0,0,0,0,0,1.0,1.0,0,0.0,0,420,0,3,0.98,0.1941,GREEN,18,Chennai
CLM0008409,CHE_09965,Sholinganallur,2018-05-04,14,0,0,0,1,1,0,1,1,0,0.0,0.993774,0,0.0,0,34,0,18,0.2066,0.0572,GREEN,31,Chennai
CLM0008410,CHE_00069,Adyar,2024-07-06,11,0,0,0,1,0,0,0,0,1,1.0,0.065228,0,0.0,0,42,1,1,0.5938,0.3092,GREEN,38,Chennai
CLM0008411,CHE_06112,Perambur,2020-06-11,13,0,0,0,0,0,0,0,0,0,0.0,0.077538,0,0.0,0,203,2,0,0.8817,0.0125,GREEN,31,Chennai
CLM0008412,CHE_05769,Perambur,2025-08-29,17,0,0,0,0,0,0,0,1,0,0.0,0.260233,1,0.0,0,97,4,2,0.61,0.0726,GREEN,42,Chennai
CLM0008413,CHE_01978,Guindy,2020-08-24,21,0,0,0,0,0,0,0,0,0,0.0,0.201535,0,0.0,0,183,1,1,0.98,0.0,GREEN,36,Chennai
CLM0008414,CHE_08349,T Nagar,2021-02-04,16,0,0,0,0,0,0,0,1,0,0.0,0.287611,0,0.0,0,327,4,3,0.8834,0.1064,GREEN,46,Chennai
CLM0008415,CHE_06716,Perambur,2022-05-06,20,0,0,0,0,0,0,0,0,0,0.0,0.108259,0,0.0,0,358,2,3,0.9586,0.0127,GREEN,40,Chennai
CLM0008416,CHE_05920,Velachery,2024-06-03,12,0,0,0,0,0,1,0,0,0,0.0,0.253212,0,0.0,0,420,4,3,0.067,0.1455,GREEN,39,Chennai
CLM0008417,CHE_02290,Perambur,2019-09-27,21,0,0,0,0,0,0,0,0,0,0.0,0.328106,0,0.0,0,46,2,0,0.2254,0.0881,GREEN,22,Chennai
CLM0008418,CHE_02126,Chromepet,2022-02-13,21,0,0,0,0,0,0,0,0,1,0.0,0.300177,0,0.0,0,140,1,0,0.05,0.2042,GREEN,32,Chennai
CLM0008419,CHE_08468,T Nagar,2025-11-14,15,0,0,0,0,0,0,0,0,1,0.0,0.074435,0,0.0,0,133,0,2,0.2445,0.1154,GREEN,46,Chennai
CLM0008420,CHE_01760,Porur,2024-07-04,18,0,0,0,0,0,1,0,0,0,0.0,1.0,0,1.0,0,158,1,3,0.98,0.1086,GREEN,38,Chennai
CLM0008421,CHE_05839,Chromepet,2020-01-11,15,0,0,0,0,0,0,0,1,0,1.0,1.0,0,1.0,0,55,4,3,0.5808,0.0902,GREEN,49,Chennai
CLM0008422,CHE_06266,Adyar,2025-12-22,20,0,0,0,0,1,0,1,1,0,1.0,0.969916,0,1.0,0,30,0,18,0.108,0.0,GREEN,39,Chennai
CLM0008423,CHE_01539,T Nagar,2021-04-05,8,0,0,0,0,0,0,0,0,0,0.0,0.092545,1,0.0,0,420,2,3,0.2797,0.1272,GREEN,34,Chennai
CLM0008424,CHE_08892,Perambur,2021-01-09,19,0,0,0,0,0,0,0,0,0,0.0,1.0,0,0.0,0,331,3,0,0.9581,0.0,GREEN,46,Chennai
CLM0008425,CHE_05094,Velachery,2021-02-23,16,0,0,0,0,0,0,0,0,0,0.0,0.0,0,1.0,0,237,3,0,0.05,0.0,GREEN,41,Chennai
CLM0008426,CHE_07653,Chromepet,2021-06-19,17,0,0,0,0,0,0,0,0,0,1.0,0.165104,0,0.0,0,381,1,1,0.781,0.0381,GREEN,50,Chennai
CLM0008427,CHE_04013,Sholinganallur,2021-11-21,9,0,0,0,0,0,0,0,0,0,1.0,0.376455,0,0.0,0,389,3,0,0.6463,0.1488,GREEN,60,Chennai
CLM0008428,CHE_06072,T Nagar,2025-09-24,16,0,0,0,0,0,0,0,0,0,0.0,0.249438,0,0.0,0,420,1,7,0.5778,0.0485,GREEN,44,Chennai
CLM0008429,CHE_02129,Adyar,2024-10-12,16,0,0,0,0,0,0,1,0,0,0.0,0.106819,0,0.0,1,165,2,2,0.2825,0.1493,GREEN,32,Chennai
CLM0008430,CHE_03282,T Nagar,2021-09-20,8,0,0,0,0,0,0,0,0,0,0.0,0.973487,0,0.0,0,124,0,5,0.2397,0.0,GREEN,31,Chennai
CLM0008431,CHE_09447,Velachery,2025-02-11,10,0,0,0,0,0,0,0,0,0,0.0,0.006312,0,0.0,0,420,1,0,0.98,0.0,GREEN,49,Chennai
CLM0008432,CHE_02352,T Nagar,2023-03-27,21,0,0,0,0,0,0,0,0,0,0.0,0.060264,0,0.0,0,364,3,2,0.6673,0.0311,GREEN,56,Chennai
CLM0008433,CHE_01793,Guindy,2025-12-25,14,0,0,0,0,0,0,0,0,0,0.0,0.251225,0,1.0,0,293,3,0,0.4918,0.0669,GREEN,38,Chennai
CLM0008434,CHE_06064,Adyar,2024-09-17,7,0,0,0,0,0,0,0,0,0,0.0,0.163267,0,0.0,0,266,3,2,0.7304,0.0,GREEN,59,Chennai
CLM0008435,CHE_03644,Perambur,2021-03-28,17,0,0,0,0,0,0,1,0,0,0.0,1.0,0,0.0,0,118,0,2,0.893,0.0352,GREEN,43,Chennai
CLM0008436,CHE_00934,Sholinganallur,2018-05-08,8,0,0,0,0,0,1,0,0,0,0.0,0.263182,0,0.0,0,121,1,0,0.7837,0.0274,GREEN,49,Chennai
CLM0008437,CHE_04915,T Nagar,2025-09-10,9,0,0,0,0,0,0,0,0,0,1.0,0.437554,0,0.0,0,420,0,3,0.4124,0.1667,GREEN,32,Chennai
CLM0008438,CHE_00196,Adyar,2019-05-22,21,0,0,0,0,0,0,0,0,0,0.0,0.209688,0,0.0,1,405,1,1,0.8566,0.0966,GREEN,35,Chennai
CLM0008439,CHE_09411,Tambaram,2024-10-14,10,0,0,0,0,0,0,0,0,0,0.0,0.173671,0,0.0,0,63,3,0,0.6083,0.0267,GREEN,21,Chennai
CLM0008440,CHE_03912,Velachery,2025-11-30,9,0,0,0,0,0,0,0,0,0,0.0,0.189636,0,0.0,0,198,0,6,0.1333,0.0,GREEN,31,Chennai
CLM0008441,CHE_02102,Sholinganallur,2021-11-04,11,0,0,0,0,0,0,0,0,0,0.0,0.248105,0,0.0,0,57,1,0,0.3384,0.1156,GREEN,51,Chennai
CLM0008442,CHE_03054,Guindy,2023-01-19,21,0,0,0,1,1,1,1,0,1,0.0,0.054019,1,0.0,1,5,1,10,0.8505,0.0067,GREEN,43,Chennai
CLM0008443,CHE_03488,Velachery,2024-10-12,13,0,1,1,0,0,0,0,0,0,0.0,0.23248,0,0.0,0,420,1,6,0.6318,0.0,GREEN,29,Chennai
CLM0008444,CHE_03498,Perambur,2024-10-01,10,0,0,0,0,0,0,0,0,0,0.0,0.305483,0,0.0,0,310,0,4,0.1669,0.0421,GREEN,37,Chennai
CLM0008445,CHE_02551,Sholinganallur,2023-07-27,17,0,0,0,0,0,0,0,0,0,0.0,0.221648,0,0.0,0,412,3,4,0.7555,0.0,GREEN,19,Chennai
CLM0008446,CHE_03029,Chromepet,2022-02-20,21,0,0,0,0,0,1,0,0,0,0.0,0.223658,0,0.0,0,247,4,0,0.5258,0.1904,GREEN,59,Chennai
CLM0008447,CHE_01563,Chromepet,2021-05-28,7,0,0,0,0,0,0,1,0,0,0.0,0.093946,0,0.0,0,420,3,1,0.7955,0.062,GREEN,34,Chennai
CLM0008448,CHE_07719,Perambur,2025-10-11,7,0,1,1,0,0,0,0,0,0,0.0,0.24906,0,0.0,0,299,4,3,0.8587,0.0291,GREEN,33,Chennai
CLM0008449,CHE_01082,Velachery,2023-12-01,7,0,0,0,0,0,0,0,0,0,0.0,0.228668,0,0.0,0,407,0,3,0.6719,0.0,GREEN,59,Chennai
CLM0008450,CHE_07832,Guindy,2025-12-29,11,0,0,0,0,0,0,0,0,0,0.0,0.972281,0,0.0,0,392,3,1,0.6413,0.0,GREEN,21,Chennai
CLM0008451,CHE_04242,Chromepet,2024-03-03,10,0,0,0,0,0,0,0,0,1,0.0,0.154104,0,0.0,0,70,1,0,0.8222,0.0899,GREEN,51,Chennai
CLM0008452,CHE_00948,Anna Nagar,2025-04-28,7,0,0,0,0,0,0,1,0,0,0.0,0.184031,0,0.0,0,60,1,1,0.05,0.1688,GREEN,18,Chennai
CLM0008453,CHE_07401,T Nagar,2023-12-16,12,0,0,0,0,1,0,0,0,0,0.0,0.241028,1,1.0,0,420,2,7,0.493,0.2153,GREEN,48,Chennai
CLM0008454,CHE_06822,Sholinganallur,2023-11-04,15,0,0,0,0,0,0,0,0,0,0.0,0.37642,0,0.0,0,420,4,4,0.669,0.1457,GREEN,29,Chennai
CLM0008455,CHE_00853,Velachery,2024-09-06,18,0,0,0,0,0,1,0,0,0,0.0,0.379488,0,0.0,0,265,1,6,0.56,0.0103,GREEN,59,Chennai
CLM0008456,CHE_09648,T Nagar,2025-03-21,14,0,0,0,0,0,0,0,0,0,1.0,0.30626,0,0.0,0,168,3,1,0.9426,0.0822,GREEN,45,Chennai
CLM0008457,CHE_00346,Chromepet,2024-04-25,18,0,0,0,0,0,0,0,0,0,0.0,0.110435,0,0.0,0,256,3,2,0.865,0.0,GREEN,43,Chennai
CLM0008458,CHE_01729,Perambur,2025-04-15,8,0,0,0,0,0,0,1,0,0,0.0,1.0,0,0.0,0,310,4,5,0.3703,0.0,GREEN,30,Chennai
CLM0008459,CHE_00475,Sholinganallur,2024-12-13,15,0,0,0,0,0,0,0,0,0,0.0,1.0,0,0.0,0,89,0,3,0.6071,0.0,GREEN,23,Chennai
CLM0008460,CHE_03136,Adyar,2025-11-13,20,0,0,0,0,0,0,0,0,0,0.0,0.473538,0,0.0,0,229,2,3,0.7164,0.0,GREEN,58,Chennai
CLM0008461,CHE_09104,Sholinganallur,2016-05-31,9,0,0,0,0,0,0,1,1,0,0.0,0.170229,0,0.0,0,325,0,2,0.98,0.1978,GREEN,28,Chennai
CLM0008462,CHE_03737,Guindy,2015-12-26,11,0,0,0,0,0,0,0,0,0,0.0,1.0,0,0.0,0,406,3,6,0.7322,0.0,GREEN,27,Chennai
CLM0008463,CHE_01059,Perambur,2025-05-09,8,0,0,0,1,0,0,0,1,0,0.0,0.0485,1,0.0,0,420,2,0,0.5943,0.214,GREEN,44,Chennai
CLM0008464,CHE_05982,T Nagar,2024-07-12,7,0,0,0,0,0,0,1,1,0,0.0,0.060361,0,0.0,0,250,4,2,0.7692,0.1868,GREEN,46,Chennai
CLM0008465,CHE_09006,Sholinganallur,2024-12-29,13,0,0,0,0,0,0,0,0,0,0.0,0.208075,0,0.0,0,226,3,2,0.7325,0.0,GREEN,38,Chennai
CLM0008466,CHE_08882,Adyar,2024-10-19,11,0,0,0,0,0,0,0,0,0,1.0,0.027727,0,0.0,0,314,4,3,0.645,0.103,GREEN,31,Chennai
CLM0008467,CHE_02411,Porur,2025-04-19,12,0,0,0,0,0,0,0,1,0,0.0,0.247488,0,0.0,0,58,2,0,0.966,0.0694,GREEN,45,Chennai
CLM0008468,CHE_00343,Sholinganallur,2025-07-08,18,0,0,0,0,0,0,0,0,0,0.0,0.17206,0,0.0,0,318,0,0,0.7082,0.0201,GREEN,50,Chennai
CLM0008469,CHE_00307,Guindy,2025-09-02,7,0,0,0,0,0,0,0,0,0,1.0,0.901625,0,1.0,0,261,1,4,0.6038,0.0,GREEN,57,Chennai
CLM0008470,CHE_05347,Perambur,2025-03-22,17,0,0,0,0,0,0,0,0,0,0.0,0.283721,0,0.0,0,399,4,0,0.6802,0.0004,GREEN,36,Chennai
CLM0008471,CHE_02552,Guindy,2025-06-04,16,0,0,0,0,0,0,0,0,0,0.0,1.0,0,0.0,0,189,4,0,0.8774,0.0,GREEN,40,Chennai
CLM0008472,CHE_05827,Anna Nagar,2024-11-30,17,0,1,1,0,0,0,0,0,0,0.0,1.0,0,0.0,0,59,0,6,0.4275,0.1161,GREEN,38,Chennai
CLM0008473,CHE_05446,Guindy,2025-01-19,15,0,0,0,0,0,0,0,0,0,0.0,0.030874,0,0.0,0,204,0,2,0.7084,0.0314,GREEN,55,Chennai
CLM0008474,CHE_03525,Chromepet,2022-11-13,18,0,0,0,0,0,0,0,0,0,0.0,0.066483,0,0.0,0,420,4,1,0.4407,0.0393,GREEN,52,Chennai
CLM0008475,CHE_00355,Velachery,2020-12-23,15,0,0,0,0,0,0,0,0,0,0.0,0.324991,0,0.0,0,212,4,3,0.6305,0.0,GREEN,45,Chennai
CLM0008476,CHE_03156,Tambaram,2022-04-13,12,0,0,0,0,0,0,0,0,0,0.0,0.013182,0,0.0,0,392,4,5,0.5903,0.0,GREEN,28,Chennai
CLM0008477,CHE_02155,T Nagar,2024-01-17,15,0,0,0,0,0,0,1,0,0,0.0,0.189462,0,0.0,0,369,4,2,0.5345,0.1293,GREEN,22,Chennai
CLM0008478,CHE_01197,T Nagar,2022-11-17,18,0,0,0,0,0,0,0,0,0,0.0,0.25513,0,0.0,0,61,3,2,0.7739,0.1747,GREEN,33,Chennai
CLM0008479,CHE_08901,Anna Nagar,2023-10-31,7,0,0,0,0,0,0,0,0,0,0.0,0.192142,0,0.0,0,410,0,0,0.7005,0.0532,GREEN,47,Chennai
CLM0008480,CHE_01224,Sholinganallur,2018-10-03,12,0,0,0,0,0,0,1,0,0,0.0,0.954833,0,0.0,0,174,4,2,0.6627,0.0083,GREEN,38,Chennai
CLM0008481,CHE_01034,Guindy,2023-04-19,9,0,0,0,0,0,0,0,0,0,0.0,0.304292,0,0.0,0,41,3,0,0.5879,0.0,GREEN,49,Chennai
CLM0008482,CHE_08894,Guindy,2025-12-19,16,0,0,0,0,0,0,0,0,0,0.0,0.349018,0,0.0,0,335,1,4,0.9717,0.0,GREEN,42,Chennai
CLM0008483,CHE_08661,Velachery,2022-05-20,12,0,0,0,0,0,0,1,0,0,0.0,0.1808,0,0.0,0,420,2,0,0.7931,0.0454,GREEN,31,Chennai
CLM0008484,CHE_06287,Adyar,2022-01-12,13,0,0,0,0,0,1,0,0,0,0.0,0.346389,0,0.0,0,420,0,1,0.813,0.0852,GREEN,35,Chennai
CLM0008485,CHE_03460,Guindy,2025-01-17,21,0,0,0,0,0,0,0,0,0,0.0,0.041153,0,0.0,0,191,3,0,0.5329,0.0,GREEN,56,Chennai
CLM0008486,CHE_07876,Sholinganallur,2023-11-17,20,0,0,0,0,0,0,0,0,0,0.0,0.083631,0,0.0,0,87,0,1,0.8893,0.0183,GREEN,60,Chennai
CLM0008487,CHE_06026,T Nagar,2023-04-12,18,0,0,0,0,0,0,0,0,0,1.0,0.07734,0,0.0,0,143,4,1,0.5834,0.0526,GREEN,46,Chennai
CLM0008488,CHE_04610,Perambur,2025-03-11,11,0,0,0,0,0,0,0,0,0,0.0,0.0,0,0.0,0,187,3,5,0.7019,0.0,GREEN,48,Chennai
CLM0008489,CHE_02462,Chromepet,2024-04-28,14,0,0,0,0,0,0,0,0,0,0.0,0.353299,0,0.0,0,420,2,5,0.2676,0.0,GREEN,26,Chennai
CLM0008490,CHE_01426,Tambaram,2023-09-01,15,0,0,0,0,0,0,0,0,0,0.0,1.0,0,0.0,0,229,1,2,0.5531,0.0,GREEN,41,Chennai
CLM0008491,CHE_08090,Perambur,2023-06-06,18,0,0,0,0,0,0,0,0,0,0.0,0.205379,0,0.0,1,210,2,2,0.317,0.047,GREEN,52,Chennai
CLM0008492,CHE_07324,Velachery,2023-08-17,16,0,0,0,0,0,0,0,0,0,0.0,0.183547,0,0.0,0,404,2,4,0.2196,0.0,GREEN,42,Chennai
CLM0008493,CHE_04787,Porur,2022-12-08,11,0,0,0,0,0,0,0,0,0,0.0,0.16473,0,0.0,0,194,4,3,0.5562,0.0,GREEN,50,Chennai
CLM0008494,CHE_09850,Perambur,2023-08-28,9,0,0,0,0,0,0,0,0,0,0.0,0.264547,0,0.0,0,214,3,0,0.8156,0.0,GREEN,33,Chennai
CLM0008495,CHE_02464,Porur,2022-03-17,7,0,0,0,0,0,0,0,0,0,0.0,0.11933,1,0.0,0,358,3,3,0.6722,0.0786,GREEN,36,Chennai
CLM0008496,CHE_03646,Porur,2023-08-29,15,0,1,1,0,0,0,1,0,0,0.0,0.275478,0,0.0,0,210,2,1,0.5165,0.0911,GREEN,44,Chennai
CLM0008497,CHE_02045,Chromepet,2022-01-24,14,0,0,0,0,0,1,0,1,0,0.0,0.02718,0,0.0,0,222,1,0,0.4242,0.1158,GREEN,41,Chennai
CLM0008498,CHE_02141,T Nagar,2021-08-14,10,0,0,0,0,0,0,0,0,0,0.0,0.201235,1,0.0,0,420,1,4,0.854,0.0668,GREEN,44,Chennai
CLM0008499,CHE_01134,T Nagar,2024-03-19,19,0,0,0,0,0,0,0,0,0,1.0,0.377027,0,0.0,0,358,2,2,0.8599,0.0338,GREEN,33,Chennai
CLM0008500,CHE_00088,Guindy,2022-10-02,7,0,0,0,1,0,0,0,0,0,0.0,0.41707,0,0.0,0,138,4,3,0.9106,0.1787,GREEN,47,Chennai
CLM0008501,CHE_00956,Sholinganallur,2021-11-02,15,0,0,0,0,0,0,0,0,0,0.0,0.081645,0,0.0,0,202,0,4,0.98,0.0857,GREEN,50,Chennai
CLM0008502,CHE_01526,Adyar,2021-03-02,10,0,0,0,0,0,0,0,0,0,0.0,1.0,0,0.0,1,265,3,0,0.9274,0.1336,GREEN,34,Chennai
CLM0008503,CHE_06731,Sholinganallur,2021-06-11,19,0,0,0,0,0,0,1,0,0,0.0,0.307385,0,0.0,0,165,1,3,0.9379,0.0192,GREEN,47,Chennai
CLM0008504,CHE_06196,Guindy,2023-02-28,14,0,0,0,0,0,1,0,0,0,0.0,0.315898,0,0.0,0,420,4,0,0.552,0.096,GREEN,35,Chennai
CLM0008505,CHE_06345,Anna Nagar,2024-08-23,18,0,0,0,0,0,0,0,0,0,0.0,0.206594,0,0.0,0,310,0,4,0.8568,0.0608,GREEN,42,Chennai
CLM0008506,CHE_04926,Adyar,2025-11-08,21,0,0,0,0,0,0,0,0,0,0.0,0.23798,0,0.0,0,306,1,0,0.05,0.0,GREEN,39,Chennai
CLM0008507,CHE_07579,Sholinganallur,2022-06-10,21,0,0,0,0,0,0,0,0,0,1.0,0.387086,0,0.0,0,236,2,0,0.98,0.096,GREEN,27,Chennai
CLM0008508,CHE_06603,Perambur,2023-03-10,19,0,0,0,0,0,0,0,0,1,1.0,0.252445,0,0.0,0,420,3,2,0.6126,0.1999,GREEN,21,Chennai
CLM0008509,CHE_09350,Sholinganallur,2021-02-26,14,0,0,0,0,0,0,0,0,0,0.0,0.066934,0,0.0,0,420,0,3,0.9586,0.0,GREEN,33,Chennai
CLM0008510,CHE_01138,Guindy,2022-01-10,19,0,0,0,0,0,0,0,0,0,0.0,0.188344,0,0.0,0,122,3,3,0.6481,0.1379,GREEN,41,Chennai
CLM0008511,CHE_04196,Perambur,2023-01-24,15,0,0,0,0,0,0,0,1,0,0.0,0.255248,0,0.0,0,81,2,2,0.7409,0.1558,GREEN,31,Chennai
CLM0008512,CHE_06847,Anna Nagar,2019-08-22,18,0,0,0,0,0,0,0,0,0,0.0,0.219258,0,0.0,0,420,0,3,0.8071,0.1601,GREEN,34,Chennai
CLM0008513,CHE_01617,T Nagar,2020-06-22,15,0,1,1,0,0,0,0,0,0,1.0,0.150027,0,0.0,0,420,0,3,0.8235,0.1376,GREEN,28,Chennai
CLM0008514,CHE_00739,T Nagar,2022-05-24,15,0,1,1,0,0,0,0,1,0,0.0,0.294869,0,0.0,0,254,1,0,0.972,0.1073,GREEN,44,Chennai
CLM0008515,CHE_03109,Velachery,2024-11-28,21,0,0,0,0,0,1,0,1,0,0.0,0.247139,0,0.0,0,140,3,1,0.6219,0.2325,GREEN,50,Chennai
CLM0008516,CHE_00182,Anna Nagar,2022-05-03,8,0,0,0,0,0,0,0,0,0,0.0,0.264584,0,1.0,0,334,0,5,0.7326,0.1161,GREEN,44,Chennai
CLM0008517,CHE_06771,Porur,2022-03-02,14,0,0,0,1,0,0,0,0,0,0.0,0.151565,0,1.0,0,91,2,3,0.8289,0.2534,GREEN,49,Chennai
CLM0008518,CHE_02234,Anna Nagar,2022-05-06,10,0,0,0,0,0,0,0,0,0,0.0,0.229303,0,0.0,0,420,1,0,0.8307,0.0042,GREEN,38,Chennai
CLM0008519,CHE_00639,T Nagar,2024-12-19,20,0,0,0,0,0,0,1,0,0,0.0,0.20463,0,0.0,0,420,1,1,0.8188,0.0546,GREEN,52,Chennai
CLM0008520,CHE_08681,Tambaram,2022-06-14,21,0,0,0,0,0,0,0,0,0,0.0,1.0,0,0.0,0,416,0,4,0.6576,0.0988,GREEN,48,Chennai
CLM0008521,CHE_01626,Velachery,2025-06-24,8,0,0,0,0,0,0,0,0,0,0.0,0.240647,0,0.0,0,92,3,0,0.9568,0.0,GREEN,45,Chennai
CLM0008522,CHE_01112,Chromepet,2023-12-09,10,0,0,0,0,0,0,0,0,0,0.0,0.024676,0,0.0,0,194,3,0,0.7124,0.0,GREEN,51,Chennai
CLM0008523,CHE_07414,Guindy,2021-12-15,21,0,0,0,0,0,0,0,0,0,0.0,0.245634,0,0.0,0,5,2,4,0.7691,0.0,GREEN,29,Chennai
CLM0008524,CHE_00768,Perambur,2021-01-13,18,0,0,0,0,0,0,0,0,0,0.0,0.259938,1,0.0,0,337,0,3,0.4719,0.0782,GREEN,45,Chennai
CLM0008525,CHE_04425,Guindy,2025-07-18,8,0,0,0,0,0,0,0,0,0,0.0,0.0,1,0.0,0,239,3,0,0.8157,0.1595,GREEN,49,Chennai
CLM0008526,CHE_01841,Perambur,2025-01-13,20,0,0,0,0,1,0,0,0,0,0.0,0.276702,0,0.0,0,312,2,2,0.7516,0.1146,GREEN,48,Chennai
CLM0008527,CHE_03168,Chromepet,2025-10-26,16,0,0,0,0,0,0,0,0,0,0.0,0.40611,0,0.0,1,350,1,6,0.9482,0.201,GREEN,52,Chennai
CLM0008528,CHE_02473,Perambur,2023-12-06,16,0,0,0,0,0,0,0,0,0,0.0,0.140285,0,0.0,0,356,1,3,0.05,0.0,GREEN,35,Chennai
CLM0008529,CHE_09316,Anna Nagar,2025-01-11,12,0,1,1,0,0,1,0,0,0,0.0,0.409777,0,0.0,0,338,3,3,0.9745,0.1082,GREEN,45,Chennai
CLM0008530,CHE_08152,Perambur,2024-10-13,9,0,0,0,0,0,1,0,0,0,0.0,0.092822,1,0.0,1,5,3,0,0.8851,0.2036,GREEN,35,Chennai
CLM0008531,CHE_02411,Porur,2025-01-27,12,0,0,0,0,0,0,0,0,0,0.0,0.006553,0,0.0,0,381,3,5,0.8645,0.0494,GREEN,45,Chennai
CLM0008532,CHE_02914,Chromepet,2023-02-19,13,0,0,0,0,0,1,1,1,0,0.0,0.078317,0,0.0,0,420,3,4,0.4112,0.2863,GREEN,39,Chennai
CLM0008533,CHE_01337,Sholinganallur,2025-04-06,12,0,0,0,0,0,0,0,0,0,0.0,0.075854,1,0.0,0,365,4,3,0.8206,0.0526,GREEN,48,Chennai
CLM0008534,CHE_06023,Guindy,2025-01-28,7,0,0,0,0,0,1,0,0,0,0.0,0.327081,0,0.0,0,155,4,3,0.5052,0.134,GREEN,41,Chennai
CLM0008535,CHE_03227,Porur,2023-10-05,18,0,0,0,1,0,0,0,0,0,0.0,0.286546,0,0.0,0,420,3,0,0.5826,0.1357,GREEN,40,Chennai
CLM0008536,CHE_03812,Perambur,2024-07-14,20,0,0,0,0,0,0,1,0,0,0.0,0.274799,0,0.0,0,420,2,1,0.4353,0.0492,GREEN,49,Chennai
CLM0008537,CHE_03861,Porur,2023-07-14,21,0,0,0,0,0,0,1,0,0,0.0,0.227676,0,0.0,0,238,1,2,0.8559,0.1934,GREEN,41,Chennai
CLM0008538,CHE_03753,Velachery,2025-09-11,15,0,0,0,0,0,0,0,0,0,0.0,0.316298,0,0.0,0,389,4,2,0.7604,0.0,GREEN,39,Chennai
CLM0008539,CHE_04393,Adyar,2024-10-29,13,0,0,0,1,0,1,1,1,1,0.0,0.157916,1,0.0,0,23,0,18,0.7909,0.291,GREEN,34,Chennai
CLM0008540,CHE_02135,Perambur,2023-02-21,14,0,0,0,0,0,0,1,1,0,0.0,0.258236,0,0.0,0,285,2,6,0.9055,0.1578,GREEN,34,Chennai
CLM0008541,CHE_05549,Chromepet,2022-12-25,13,0,0,0,0,0,0,0,0,0,0.0,0.223453,0,0.0,0,129,1,1,0.8805,0.0,GREEN,29,Chennai
CLM0008542,CHE_09716,Sholinganallur,2024-04-27,10,0,0,0,0,0,0,0,0,0,0.0,0.118294,0,0.0,0,307,3,0,0.8806,0.0,GREEN,51,Chennai
CLM0008543,CHE_01677,Anna Nagar,2023-06-02,20,0,0,0,0,0,0,0,0,0,0.0,0.20037,0,0.0,0,72,3,0,0.7703,0.1323,GREEN,50,Chennai
CLM0008544,CHE_01196,Sholinganallur,2024-05-18,16,0,0,0,0,0,0,0,0,0,0.0,0.235969,0,0.0,0,131,3,2,0.6692,0.0633,GREEN,18,Chennai
CLM0008545,CHE_03173,Perambur,2022-04-05,19,0,0,0,0,0,0,0,0,0,0.0,0.138792,0,0.0,0,285,0,4,0.6068,0.1219,GREEN,46,Chennai
CLM0008546,CHE_00790,Adyar,2025-01-04,19,0,0,0,0,0,0,0,0,0,0.0,0.153655,0,0.0,0,171,4,1,0.73,0.0554,GREEN,29,Chennai
CLM0008547,CHE_06371,Velachery,2024-09-26,14,0,0,0,0,0,0,1,0,0,0.0,0.208484,0,0.0,0,69,0,0,0.5966,0.0783,GREEN,43,Chennai
CLM0008548,CHE_01349,T Nagar,2021-10-26,8,0,0,0,0,0,0,0,0,0,0.0,0.010812,0,0.0,0,371,3,3,0.98,0.0,GREEN,37,Chennai
CLM0008549,CHE_03477,Porur,2025-02-15,17,0,0,0,0,0,0,0,0,0,0.0,0.0,0,1.0,0,224,2,0,0.895,0.0,GREEN,44,Chennai
CLM0008550,CHE_03375,Sholinganallur,2025-12-19,20,0,0,0,0,0,0,0,0,0,0.0,0.338582,0,1.0,0,256,2,0,0.6533,0.0279,GREEN,35,Chennai
CLM0008551,CHE_03215,Porur,2025-05-08,13,0,0,0,0,0,0,1,0,0,0.0,1.0,0,0.0,0,114,4,1,0.5085,0.1508,GREEN,33,Chennai
CLM0008552,CHE_07011,Adyar,2024-09-13,16,0,0,0,1,0,0,0,0,1,0.0,1.0,0,0.0,0,52,4,3,0.6805,0.3462,YELLOW,43,Chennai
CLM0008553,CHE_08443,Guindy,2024-04-19,13,0,0,0,0,0,0,0,0,0,1.0,0.313939,0,0.0,0,279,4,5,0.1669,0.0881,GREEN,38,Chennai
CLM0008554,CHE_00005,Perambur,2025-06-27,18,0,0,0,0,0,0,0,0,0,0.0,0.418806,0,0.0,0,87,2,3,0.9208,0.0102,GREEN,41,Chennai
CLM0008555,CHE_02327,Guindy,2023-04-06,18,0,0,0,0,0,0,0,0,0,0.0,0.284469,0,0.0,0,376,0,0,0.8296,0.0259,GREEN,39,Chennai
CLM0008556,CHE_05438,Adyar,2025-01-27,7,0,0,0,0,0,0,0,0,0,0.0,0.0,0,0.0,1,5,1,2,0.9445,0.065,GREEN,59,Chennai
CLM0008557,CHE_07421,T Nagar,2024-09-30,12,0,0,0,0,0,0,0,1,0,0.0,0.126649,0,0.0,1,5,0,2,0.9606,0.2792,GREEN,38,Chennai
CLM0008558,CHE_04322,Perambur,2025-07-11,9,0,0,0,0,0,0,0,0,0,0.0,0.226888,1,0.0,0,420,0,4,0.98,0.0211,GREEN,39,Chennai
CLM0008559,CHE_04116,Perambur,2025-03-31,11,0,0,0,0,0,0,0,0,0,0.0,0.320854,0,0.0,0,189,0,0,0.7188,0.0023,GREEN,41,Chennai
CLM0008560,CHE_07940,Anna Nagar,2021-06-16,18,0,1,1,1,1,0,1,1,0,1.0,0.693666,1,0.0,1,5,2,18,0.1746,0.6363,RED,52,Chennai
CLM0008561,CHE_06270,T Nagar,2019-12-04,16,0,1,1,1,0,1,1,1,0,0.0,0.0,0,0.0,1,30,2,18,0.9051,0.6915,RED,28,Chennai
CLM0008562,CHE_04229,Guindy,2021-02-07,7,0,1,1,1,1,0,1,1,1,1.0,1.0,0,0.0,1,40,0,17,0.0583,0.8015,RED,59,Chennai
CLM0008563,CHE_03778,Tambaram,2022-07-30,20,0,1,1,1,1,1,1,0,1,1.0,1.0,0,1.0,0,26,1,18,0.2196,0.7785,RED,20,Chennai
CLM0008564,CHE_02362,T Nagar,2025-07-01,17,0,1,1,0,0,0,0,0,0,0.0,0.380368,0,0.0,0,413,2,0,0.536,0.6955,RED,45,Chennai
CLM0008565,CHE_04995,Sholinganallur,2020-12-19,11,0,1,1,0,0,0,0,0,0,0.0,0.308746,0,0.0,0,213,2,0,0.8632,0.7411,RED,46,Chennai
CLM0008566,CHE_02529,Adyar,2024-07-10,10,0,1,1,1,0,1,1,1,1,0.0,1.0,0,1.0,1,8,2,18,0.8868,0.8025,RED,24,Chennai
CLM0008567,CHE_00483,Chromepet,2025-06-03,20,0,1,1,0,0,0,0,0,0,0.0,0.983171,0,0.0,0,255,0,5,0.1738,0.5953,YELLOW,48,Chennai
CLM0008568,CHE_02123,Porur,2018-09-14,20,0,0,0,0,0,0,1,0,0,0.0,0.213517,0,0.0,0,339,3,4,0.3111,0.0,GREEN,52,Chennai
CLM0008569,CHE_08449,Tambaram,2018-04-04,19,0,0,0,0,0,0,0,0,0,0.0,0.28833,0,0.0,0,157,0,3,0.8494,0.0,GREEN,52,Chennai
CLM0008570,CHE_02634,Porur,2017-07-19,20,0,0,0,0,0,0,0,0,0,1.0,0.292494,0,0.0,0,133,1,4,0.98,0.0986,GREEN,46,Chennai
CLM0008571,CHE_06139,Adyar,2024-11-02,9,0,0,0,0,0,0,0,0,0,0.0,0.439909,0,0.0,0,124,1,2,0.6185,0.0141,GREEN,31,Chennai
CLM0008572,CHE_03272,Perambur,2016-09-15,9,0,0,0,0,0,0,0,0,0,0.0,0.200161,0,0.0,0,57,1,2,0.6467,0.0,GREEN,32,Chennai
CLM0008573,CHE_00136,Guindy,2023-07-24,9,0,0,0,0,0,0,0,0,0,1.0,0.394331,0,0.0,0,420,0,0,0.7137,0.0035,GREEN,50,Chennai
CLM0008574,CHE_05143,Sholinganallur,2019-11-14,8,0,0,0,0,0,0,0,0,0,0.0,0.307107,0,1.0,0,418,3,0,0.98,0.0,GREEN,25,Chennai
CLM0008575,CHE_03303,Sholinganallur,2018-02-15,12,0,0,0,0,0,1,0,0,0,0.0,0.210785,0,0.0,0,14,4,2,0.5736,0.0459,GREEN,37,Chennai
CLM0008576,CHE_01633,Adyar,2019-11-09,12,0,0,0,1,0,0,0,1,0,0.0,0.349816,0,0.0,0,81,3,2,0.5486,0.2568,GREEN,35,Chennai
CLM0008577,CHE_03492,Sholinganallur,2022-11-03,11,0,0,0,0,0,0,0,1,0,0.0,0.031909,0,0.0,0,198,4,2,0.98,0.0152,GREEN,26,Chennai
CLM0008578,CHE_09502,Anna Nagar,2021-10-29,13,0,0,0,0,0,0,0,0,0,1.0,0.038097,1,0.0,0,98,0,3,0.7647,0.0496,GREEN,35,Chennai
CLM0008579,CHE_07347,Adyar,2021-03-17,10,0,0,0,0,0,0,0,0,0,0.0,0.538062,0,0.0,0,240,3,4,0.8198,0.0203,GREEN,32,Chennai
CLM0008580,CHE_09492,Adyar,2019-09-25,14,0,0,0,0,0,0,0,0,0,0.0,0.181558,0,0.0,0,181,1,5,0.6646,0.0,GREEN,48,Chennai
CLM0008581,CHE_03836,T Nagar,2019-07-01,8,0,0,0,0,0,0,0,0,1,0.0,0.125225,0,0.0,0,386,3,3,0.8074,0.1441,GREEN,35,Chennai
CLM0008582,CHE_02465,Perambur,2025-06-28,7,0,0,0,0,0,0,0,1,0,0.0,0.36742,0,0.0,0,210,3,4,0.5344,0.0948,GREEN,29,Chennai
CLM0008583,CHE_05063,Sholinganallur,2022-03-22,11,0,0,0,0,0,0,0,0,0,0.0,0.08574,0,0.0,0,169,2,1,0.4511,0.0426,GREEN,46,Chennai
CLM0008584,CHE_01828,Velachery,2020-11-04,16,0,0,0,0,0,0,0,0,0,1.0,0.054475,0,0.0,0,155,2,2,0.6677,0.0,GREEN,51,Chennai
CLM0008585,CHE_03953,T Nagar,2020-07-19,7,0,0,0,0,0,0,0,0,0,0.0,0.017448,0,0.0,0,9,1,4,0.9124,0.0,GREEN,39,Chennai
CLM0008586,CHE_06751,T Nagar,2020-01-21,8,0,0,0,0,0,0,0,0,0,0.0,0.217609,0,0.0,0,205,2,0,0.1592,0.0,GREEN,27,Chennai
CLM0008587,CHE_03671,Anna Nagar,2024-04-14,7,0,0,0,1,0,0,0,0,0,0.0,0.183702,0,0.0,0,227,0,2,0.0771,0.1451,GREEN,39,Chennai
CLM0008588,CHE_03840,Velachery,2018-10-25,14,0,0,0,0,1,0,0,0,0,0.0,0.039391,0,0.0,0,353,3,2,0.6813,0.1852,GREEN,58,Chennai
CLM0008589,CHE_04063,Sholinganallur,2022-10-23,21,0,0,0,1,1,0,0,1,1,0.0,0.063814,0,0.0,0,14,3,18,0.1369,0.1209,GREEN,58,Chennai
CLM0008590,CHE_02499,Adyar,2024-08-29,8,0,0,0,0,0,1,1,1,0,0.0,0.018179,0,0.0,1,45,1,18,0.9248,0.0573,GREEN,42,Chennai
CLM0008591,CHE_09238,Perambur,2021-11-06,12,0,0,0,0,0,0,0,0,0,0.0,0.164415,0,0.0,0,48,2,4,0.526,0.0,GREEN,24,Chennai
CLM0008592,CHE_04386,T Nagar,2018-09-14,17,0,0,0,0,0,0,0,0,0,0.0,0.094846,0,0.0,0,299,3,2,0.5689,0.0002,GREEN,40,Chennai
CLM0008593,CHE_03150,Anna Nagar,2024-09-06,8,0,0,0,0,0,1,0,0,0,0.0,0.240521,0,0.0,0,212,2,0,0.7341,0.1057,GREEN,43,Chennai
CLM0008594,CHE_00683,Velachery,2024-06-22,20,0,0,0,0,0,0,1,0,0,0.0,0.273202,0,0.0,0,51,2,1,0.5737,0.1753,GREEN,41,Chennai
CLM0008595,CHE_08151,Tambaram,2024-07-12,13,0,0,0,0,0,0,0,0,0,0.0,0.199708,1,0.0,0,295,0,1,0.7424,0.0,GREEN,48,Chennai
CLM0008596,CHE_08172,Velachery,2024-12-23,8,0,0,0,0,0,0,0,0,0,0.0,0.134453,0,0.0,1,219,2,2,0.4552,0.0663,GREEN,35,Chennai
CLM0008597,CHE_04625,Guindy,2024-10-19,16,0,0,0,0,0,1,0,0,1,1.0,0.238595,0,0.0,0,77,2,8,0.4799,0.2955,GREEN,44,Chennai
CLM0008598,CHE_00306,Anna Nagar,2024-11-16,14,0,0,0,0,0,0,0,0,0,0.0,0.0,0,0.0,0,267,4,3,0.7967,0.0308,GREEN,26,Chennai
CLM0008599,CHE_05942,Perambur,2025-08-08,16,0,0,0,0,0,1,0,0,0,0.0,0.062405,0,0.0,0,103,0,3,0.8223,0.0677,GREEN,40,Chennai
CLM0008600,CHE_04220,Anna Nagar,2024-12-19,9,0,0,0,0,0,0,0,0,0,0.0,0.957116,0,0.0,0,61,2,2,0.7362,0.0,GREEN,34,Chennai
CLM0008601,CHE_02305,Velachery,2025-05-15,9,0,0,0,0,0,0,0,0,0,1.0,0.104611,1,0.0,1,395,4,3,0.98,0.2233,GREEN,40,Chennai
CLM0008602,CHE_09867,Chromepet,2025-09-18,7,0,0,0,0,0,0,0,0,0,0.0,0.0334,0,0.0,0,353,4,4,0.5248,0.0209,GREEN,35,Chennai
CLM0008603,CHE_02580,Porur,2024-06-18,8,0,0,0,0,0,0,0,0,0,0.0,0.046111,0,1.0,0,249,0,3,0.1293,0.0329,GREEN,50,Chennai
CLM0008604,CHE_02108,Anna Nagar,2025-01-20,20,0,0,0,0,0,0,0,0,0,0.0,0.372586,0,0.0,0,139,0,4,0.8535,0.0,GREEN,37,Chennai
CLM0008605,CHE_08217,Porur,2022-08-16,16,0,0,0,0,0,0,0,1,0,0.0,0.232676,0,0.0,0,173,1,0,0.616,0.0968,GREEN,34,Chennai
CLM0008606,CHE_06443,Porur,2020-03-28,11,0,0,0,0,0,0,0,0,0,0.0,0.191225,0,0.0,0,321,4,5,0.05,0.0,GREEN,51,Chennai
CLM0008607,CHE_05063,Sholinganallur,2018-05-13,10,0,0,0,0,0,0,1,1,0,0.0,0.263581,0,0.0,0,343,2,2,0.6501,0.1833,GREEN,46,Chennai
CLM0008608,CHE_09169,Sholinganallur,2020-11-05,10,0,0,0,0,0,0,0,0,0,0.0,0.109525,0,0.0,0,349,0,0,0.8358,0.0602,GREEN,19,Chennai
CLM0008609,CHE_09311,T Nagar,2022-03-16,14,0,0,0,0,0,0,0,0,0,0.0,0.071473,0,0.0,0,272,3,2,0.4267,0.0907,GREEN,51,Chennai
CLM0008610,CHE_02379,Velachery,2020-06-15,15,0,0,0,0,0,0,0,0,0,0.0,0.98512,0,0.0,0,279,1,6,0.98,0.0,GREEN,40,Chennai
CLM0008611,CHE_01395,Chromepet,2025-03-04,15,0,0,0,0,0,1,0,0,1,0.0,0.898429,0,0.0,0,109,1,2,0.6495,0.2325,GREEN,53,Chennai
CLM0008612,CHE_01337,Sholinganallur,2023-05-13,11,0,0,0,0,0,0,0,1,0,0.0,1.0,1,0.0,0,267,3,0,0.7124,0.074,GREEN,48,Chennai
CLM0008613,CHE_02747,Chromepet,2024-11-26,20,0,0,0,1,1,1,1,1,1,0.0,0.128737,0,0.0,1,5,2,18,0.6849,0.1437,GREEN,32,Chennai
CLM0008614,CHE_02979,Chromepet,2025-02-07,14,0,0,0,0,0,0,0,0,0,0.0,0.537899,0,0.0,0,382,3,0,0.1798,0.0467,GREEN,47,Chennai
CLM0008615,CHE_01560,Tambaram,2021-06-08,20,0,0,0,0,0,0,0,0,0,0.0,0.311415,0,0.0,0,33,3,8,0.557,0.0,GREEN,32,Chennai
CLM0008616,CHE_07782,Anna Nagar,2025-10-01,18,0,1,1,1,1,1,1,0,1,1.0,1.0,1,1.0,1,5,1,11,0.2079,0.7191,RED,24,Chennai
CLM0008617,CHE_05338,Porur,2025-08-19,13,0,1,1,0,0,1,1,0,0,0.0,0.171558,0,0.0,0,376,0,3,0.5826,0.4829,YELLOW,37,Chennai
CLM0008618,CHE_08720,T Nagar,2024-07-22,19,0,1,1,1,1,1,0,1,0,0.0,1.0,1,1.0,1,14,0,18,0.7184,0.6733,RED,37,Chennai
CLM0008619,CHE_03737,Guindy,2025-07-28,19,0,0,0,0,0,0,0,0,0,0.0,0.0,0,0.0,0,420,2,1,0.8138,0.0625,GREEN,27,Chennai
CLM0008620,CHE_09521,Guindy,2024-12-18,12,0,0,0,0,0,0,0,0,0,0.0,0.30911,0,0.0,0,358,0,5,0.6956,0.0536,GREEN,38,Chennai
CLM0008621,CHE_06512,Tambaram,2023-05-22,16,0,0,0,0,0,0,0,0,0,1.0,1.0,0,1.0,0,39,0,3,0.6697,0.0161,GREEN,53,Chennai
CLM0008622,CHE_05811,Sholinganallur,2023-06-17,15,0,0,0,0,0,0,0,0,0,0.0,0.082652,0,0.0,0,263,2,4,0.8844,0.0,GREEN,39,Chennai
CLM0008623,CHE_07538,Sholinganallur,2022-07-21,12,0,1,1,0,0,0,0,0,0,0.0,0.079513,0,0.0,0,264,2,3,0.5123,0.0,GREEN,38,Chennai
CLM0008624,CHE_09058,Chromepet,2022-10-21,18,0,0,0,0,0,0,0,0,1,0.0,0.372519,0,0.0,0,333,3,3,0.9662,0.2762,GREEN,39,Chennai
CLM0008625,CHE_01210,Velachery,2021-12-05,8,1,0,0,0,0,0,0,0,0,0.0,0.122678,0,0.0,0,24,3,2,0.05,0.0,GREEN,35,Chennai
CLM0008626,CHE_07818,Porur,2023-12-15,9,0,0,0,0,0,0,0,0,0,0.0,0.337017,0,0.0,0,420,2,3,0.233,0.0113,GREEN,36,Chennai
CLM0008627,CHE_04810,Tambaram,2024-02-10,15,0,0,0,0,0,0,0,0,0,0.0,0.177463,0,0.0,0,68,4,4,0.9052,0.0,GREEN,37,Chennai
CLM0008628,CHE_02570,Velachery,2024-05-23,15,0,0,0,0,0,0,0,0,0,1.0,0.201321,0,0.0,0,220,1,0,0.6267,0.1069,GREEN,34,Chennai
CLM0008629,CHE_08316,Adyar,2024-04-17,20,0,0,0,0,0,0,0,0,0,1.0,0.142357,0,0.0,0,38,3,0,0.98,0.0468,GREEN,46,Chennai
CLM0008630,CHE_07526,Adyar,2024-08-01,10,0,0,0,0,0,0,0,0,0,1.0,0.0,0,0.0,0,238,3,0,0.4591,0.0496,GREEN,31,Chennai
CLM0008631,CHE_05268,Sholinganallur,2025-01-10,12,0,0,0,1,0,1,1,1,1,0.0,0.063724,0,0.0,1,12,2,18,0.8078,0.0,GREEN,21,Chennai
CLM0008632,CHE_04880,T Nagar,2024-01-27,18,0,0,0,0,0,0,0,0,0,0.0,0.110155,0,0.0,0,276,1,4,0.05,0.0,GREEN,26,Chennai
CLM0008633,CHE_01695,Anna Nagar,2016-07-19,12,0,0,0,0,0,0,0,0,0,0.0,0.242451,0,0.0,0,420,2,0,0.6151,0.0076,GREEN,43,Chennai
CLM0008634,CHE_09772,Tambaram,2015-09-23,7,0,0,0,0,0,1,0,1,0,0.0,0.123342,0,0.0,0,264,3,3,0.98,0.2116,GREEN,33,Chennai
CLM0008635,CHE_03385,T Nagar,2024-01-24,14,0,0,0,0,0,0,0,0,0,0.0,0.25451,0,0.0,0,227,1,3,0.8461,0.1002,GREEN,35,Chennai
CLM0008636,CHE_06033,T Nagar,2019-04-17,19,0,0,0,0,0,0,0,0,0,0.0,1.0,0,0.0,1,289,0,1,0.6704,0.1022,GREEN,18,Chennai
CLM0008637,CHE_04269,Adyar,2020-04-10,12,0,0,0,0,0,0,0,0,0,0.0,0.280789,0,0.0,0,196,1,2,0.5716,0.0,GREEN,18,Chennai
CLM0008638,CHE_09624,Sholinganallur,2024-02-05,13,0,0,0,0,0,0,0,0,0,1.0,0.976936,0,1.0,0,406,0,3,0.7905,0.0,GREEN,29,Chennai
CLM0008639,CHE_02062,Porur,2024-05-05,12,0,0,0,0,0,0,0,0,0,0.0,0.224041,0,0.0,0,145,2,0,0.8223,0.0245,GREEN,29,Chennai
CLM0008640,CHE_07063,Velachery,2018-08-16,14,0,0,0,0,0,0,1,0,0,0.0,0.055984,0,0.0,0,410,4,0,0.7709,0.0979,GREEN,32,Chennai
CLM0008641,CHE_01023,Tambaram,2022-04-29,10,0,0,0,0,0,0,0,0,0,0.0,0.028082,0,0.0,0,328,4,1,0.7974,0.0,GREEN,49,Chennai
CLM0008642,CHE_07387,T Nagar,2024-09-05,17,0,0,0,0,0,0,0,0,0,0.0,0.282061,0,0.0,1,319,4,5,0.05,0.0628,GREEN,28,Chennai
CLM0008643,CHE_04400,Sholinganallur,2023-04-21,13,0,0,0,0,0,0,0,0,0,0.0,0.107195,0,0.0,0,266,1,1,0.1921,0.0187,GREEN,35,Chennai
CLM0008644,CHE_09154,Tambaram,2022-08-15,17,0,0,0,0,0,0,0,0,0,0.0,0.0,0,0.0,0,223,4,1,0.1594,0.0,GREEN,29,Chennai
CLM0008645,CHE_00348,Velachery,2025-09-29,7,0,0,0,0,0,0,0,0,0,0.0,0.0,0,0.0,0,202,3,4,0.7526,0.0,GREEN,32,Chennai
CLM0008646,CHE_04921,Velachery,2024-09-23,20,0,0,0,0,0,0,1,0,0,0.0,0.035809,0,0.0,0,154,3,4,0.98,0.0364,GREEN,33,Chennai
CLM0008647,CHE_06903,Tambaram,2025-08-16,12,0,0,0,0,0,0,0,0,0,0.0,0.278243,1,0.0,0,231,2,1,0.719,0.0,GREEN,20,Chennai
CLM0008648,CHE_07716,Perambur,2025-11-23,12,0,0,0,0,0,0,0,0,0,0.0,0.15662,0,0.0,0,420,2,1,0.5951,0.0,GREEN,41,Chennai
CLM0008649,CHE_08145,Sholinganallur,2025-10-23,12,0,0,0,0,0,1,0,1,0,1.0,0.0,0,1.0,1,5,4,18,0.1553,0.14,GREEN,42,Chennai
CLM0008650,CHE_03750,Velachery,2023-12-14,7,0,0,0,0,0,0,0,0,0,0.0,0.159173,0,0.0,0,206,1,3,0.9131,0.0,GREEN,44,Chennai
CLM0008651,CHE_02046,Velachery,2024-10-23,17,0,0,0,0,0,0,0,0,0,0.0,1.0,0,0.0,0,70,4,5,0.9655,0.0292,GREEN,48,Chennai
CLM0008652,CHE_02187,Guindy,2025-10-29,10,0,0,0,0,0,0,0,0,0,0.0,0.139485,0,0.0,0,333,3,0,0.6613,0.043,GREEN,40,Chennai
CLM0008653,CHE_01088,Velachery,2024-06-29,10,0,0,0,0,0,0,0,0,0,0.0,0.350642,0,0.0,0,92,3,0,0.05,0.1268,GREEN,28,Chennai
CLM0008654,CHE_00737,T Nagar,2025-02-24,18,0,0,0,0,0,0,0,0,0,0.0,0.364516,1,0.0,0,289,1,5,0.5871,0.0728,GREEN,26,Chennai
CLM0008655,CHE_02126,Chromepet,2024-09-15,9,0,0,0,0,0,0,0,0,0,0.0,0.250353,0,1.0,0,337,1,1,0.8183,0.0665,GREEN,32,Chennai
CLM0008656,CHE_03503,Guindy,2025-08-06,18,0,0,0,0,0,0,0,0,0,1.0,1.0,0,1.0,0,90,2,1,0.897,0.0,GREEN,47,Chennai
CLM0008657,CHE_03268,Sholinganallur,2025-07-04,10,0,0,0,0,0,0,0,0,0,0.0,0.407374,0,0.0,0,175,3,0,0.0689,0.0,GREEN,50,Chennai
CLM0008658,CHE_03308,Anna Nagar,2024-06-20,18,0,0,0,1,0,1,0,1,1,0.0,0.629803,0,0.0,1,7,1,18,0.7871,0.0303,GREEN,33,Chennai
CLM0008659,CHE_09733,Porur,2024-10-20,9,0,0,0,0,0,0,0,0,0,0.0,0.305499,0,0.0,0,281,4,5,0.8839,0.0061,GREEN,34,Chennai
CLM0008660,CHE_06243,Velachery,2018-10-31,13,0,0,0,0,0,0,0,0,0,0.0,0.225372,0,0.0,0,352,4,0,0.7835,0.079,GREEN,41,Chennai
CLM0008661,CHE_01338,Chromepet,2025-10-10,17,0,0,0,0,0,0,0,0,0,0.0,0.072746,0,0.0,0,369,1,5,0.6142,0.0862,GREEN,29,Chennai
CLM0008662,CHE_08962,Perambur,2024-02-25,8,0,0,0,0,0,0,0,0,0,1.0,0.187729,0,0.0,0,83,0,3,0.05,0.1064,GREEN,26,Chennai
CLM0008663,CHE_04905,Anna Nagar,2021-12-16,15,0,0,0,0,0,0,0,0,1,0.0,0.35376,0,0.0,0,181,2,1,0.5562,0.0333,GREEN,42,Chennai
CLM0008664,CHE_03864,Sholinganallur,2023-10-26,16,0,0,0,0,0,0,0,0,0,0.0,1.0,0,0.0,0,175,0,4,0.5984,0.0102,GREEN,43,Chennai
CLM0008665,CHE_01390,Velachery,2017-06-08,13,0,0,0,0,0,0,0,0,0,0.0,0.040037,0,0.0,0,37,3,3,0.6273,0.0129,GREEN,41,Chennai
CLM0008666,CHE_00507,Porur,2019-03-26,11,0,0,0,0,0,0,0,0,0,0.0,0.88845,0,0.0,0,58,3,3,0.6029,0.0302,GREEN,37,Chennai
CLM0008667,CHE_07722,Perambur,2018-01-18,16,0,0,0,0,0,0,0,1,0,0.0,0.11102,0,0.0,0,178,4,0,0.6224,0.106,GREEN,34,Chennai
CLM0008668,CHE_06345,Anna Nagar,2023-07-23,8,0,0,0,0,0,0,0,0,0,0.0,0.229556,0,0.0,0,420,1,5,0.6445,0.0,GREEN,42,Chennai
CLM0008669,CHE_09588,Velachery,2025-04-30,21,0,0,0,0,0,0,0,0,0,0.0,0.977769,0,0.0,0,286,1,3,0.98,0.0072,GREEN,49,Chennai
CLM0008670,CHE_04387,Chromepet,2020-07-21,20,0,0,0,0,0,0,0,0,0,0.0,0.310257,0,0.0,0,135,2,2,0.8961,0.0,GREEN,43,Chennai
CLM0008671,CHE_06122,Porur,2019-11-29,17,0,0,0,0,1,0,0,0,0,0.0,0.19396,0,0.0,0,420,0,3,0.4676,0.0,GREEN,48,Chennai
CLM0008672,CHE_01296,Porur,2019-12-04,14,0,0,0,1,0,0,1,0,0,1.0,0.0,0,0.0,0,136,0,6,0.6643,0.2051,GREEN,39,Chennai
CLM0008673,CHE_00479,Sholinganallur,2022-02-17,8,0,0,0,0,0,0,0,0,0,0.0,0.119621,0,0.0,0,214,0,3,0.7279,0.0,GREEN,25,Chennai
CLM0008674,CHE_07501,Tambaram,2022-06-13,20,0,0,0,0,0,0,0,0,0,0.0,0.051787,0,0.0,0,187,0,2,0.7636,0.1406,GREEN,37,Chennai
CLM0008675,CHE_00454,Adyar,2023-10-12,20,0,0,0,0,1,1,0,0,0,0.0,0.102642,0,0.0,0,310,0,3,0.9249,0.1839,GREEN,44,Chennai
CLM0008676,CHE_03105,T Nagar,2020-04-29,16,0,0,0,0,0,0,0,0,0,0.0,0.347,0,0.0,0,152,4,4,0.8321,0.0157,GREEN,32,Chennai
CLM0008677,CHE_02891,Anna Nagar,2023-06-23,16,0,0,0,0,0,1,0,0,0,0.0,0.093318,0,0.0,0,297,3,1,0.1216,0.1337,GREEN,47,Chennai
CLM0008678,CHE_02542,Velachery,2023-12-21,14,0,0,0,0,0,0,0,0,0,0.0,0.438776,0,0.0,0,134,3,4,0.7349,0.0,GREEN,54,Chennai
CLM0008679,CHE_01364,Chromepet,2023-09-22,12,0,0,0,0,0,0,0,0,0,0.0,0.26341,0,0.0,0,289,3,0,0.1172,0.0,GREEN,53,Chennai
CLM0008680,CHE_02954,Perambur,2025-05-04,8,0,0,0,0,0,0,1,0,0,1.0,0.370717,0,1.0,0,111,1,0,0.6604,0.1614,GREEN,28,Chennai
CLM0008681,CHE_08000,Anna Nagar,2023-08-18,13,0,0,0,0,0,0,0,0,0,0.0,0.930905,0,0.0,0,102,4,0,0.5319,0.1009,GREEN,57,Chennai
CLM0008682,CHE_05569,Guindy,2025-07-13,12,0,0,0,0,0,0,0,0,0,0.0,0.0,0,0.0,0,193,0,3,0.05,0.0,GREEN,43,Chennai
CLM0008683,CHE_01010,Porur,2023-10-31,13,0,0,0,0,0,0,1,0,0,0.0,0.0,0,0.0,0,144,4,1,0.5177,0.0605,GREEN,33,Chennai
CLM0008684,CHE_08038,Adyar,2023-06-29,20,0,0,0,0,0,0,0,0,0,0.0,0.287828,0,0.0,0,54,2,3,0.05,0.0316,GREEN,42,Chennai
CLM0008685,CHE_08761,Velachery,2024-04-22,20,0,0,0,0,0,0,0,0,0,0.0,0.233805,0,0.0,0,68,0,0,0.4526,0.0155,GREEN,45,Chennai
CLM0008686,CHE_06207,T Nagar,2025-09-14,20,0,0,0,0,0,0,0,0,0,0.0,0.29887,0,0.0,0,318,4,6,0.7724,0.0,GREEN,37,Chennai
CLM0008687,CHE_08948,Adyar,2020-09-08,7,0,0,0,0,1,0,0,1,0,0.0,0.254255,0,0.0,0,177,1,3,0.5848,0.2275,GREEN,39,Chennai
CLM0008688,CHE_05477,Chromepet,2021-10-14,20,0,0,0,0,0,0,0,0,0,0.0,0.321256,0,0.0,0,299,3,3,0.6772,0.1348,GREEN,35,Chennai
CLM0008689,CHE_09715,Sholinganallur,2023-11-08,21,0,0,0,0,0,0,0,0,0,0.0,0.402458,0,0.0,0,179,1,0,0.98,0.132,GREEN,35,Chennai
CLM0008690,CHE_06387,Perambur,2025-06-14,20,0,0,0,0,0,0,0,0,1,0.0,0.188031,0,0.0,0,89,3,1,0.9663,0.1523,GREEN,44,Chennai
CLM0008691,CHE_07327,Chromepet,2023-05-11,7,0,0,0,0,0,0,0,0,0,0.0,0.082664,0,0.0,0,420,1,3,0.8419,0.0217,GREEN,54,Chennai
CLM0008692,CHE_06275,Porur,2023-10-03,13,0,0,0,1,0,0,0,0,1,0.0,0.102757,0,0.0,0,164,3,3,0.8994,0.334,YELLOW,48,Chennai
CLM0008693,CHE_04296,Velachery,2025-11-18,16,0,0,0,0,0,1,0,0,0,0.0,0.192224,0,0.0,0,18,0,0,0.1657,0.169,GREEN,35,Chennai
CLM0008694,CHE_03710,Tambaram,2023-09-14,12,0,0,0,0,0,1,0,0,0,0.0,0.128997,0,0.0,1,341,3,2,0.6886,0.2066,GREEN,24,Chennai
CLM0008695,CHE_00916,Perambur,2020-10-19,18,0,0,0,0,0,0,0,0,0,0.0,0.001216,0,1.0,0,159,3,1,0.7764,0.0595,GREEN,32,Chennai
CLM0008696,CHE_06492,Porur,2020-02-13,17,0,0,0,0,0,1,0,1,0,0.0,0.359356,0,0.0,0,420,3,0,0.05,0.2133,GREEN,55,Chennai
CLM0008697,CHE_00149,Tambaram,2024-10-25,8,0,0,0,0,0,0,0,0,0,0.0,0.968047,0,0.0,0,420,1,2,0.7683,0.0,GREEN,31,Chennai
CLM0008698,CHE_01476,Guindy,2025-10-21,12,0,0,0,0,0,1,1,0,0,0.0,0.274068,0,0.0,0,420,1,0,0.442,0.2037,GREEN,53,Chennai
CLM0008699,CHE_00775,Tambaram,2019-09-22,9,0,0,0,0,0,0,0,0,0,0.0,0.150059,0,0.0,0,420,2,2,0.4155,0.1051,GREEN,41,Chennai
CLM0008700,CHE_07120,Porur,2020-04-16,20,0,0,0,0,0,0,0,0,0,0.0,0.0,0,0.0,0,235,3,4,0.6774,0.1229,GREEN,46,Chennai
CLM0008701,CHE_00701,Porur,2018-11-29,14,0,0,0,0,0,1,0,0,0,0.0,0.388338,0,0.0,0,195,0,1,0.7546,0.1766,GREEN,46,Chennai
CLM0008702,CHE_08153,Perambur,2025-01-05,18,0,0,0,0,0,0,0,0,0,1.0,0.214734,0,0.0,0,49,1,0,0.9092,0.1275,GREEN,36,Chennai
CLM0008703,CHE_04949,Chromepet,2018-03-30,12,0,0,0,0,0,0,0,1,0,0.0,0.292761,0,0.0,0,319,2,0,0.6371,0.1083,GREEN,41,Chennai
CLM0008704,CHE_09153,Guindy,2025-05-16,15,0,1,1,0,0,0,0,0,0,0.0,0.95886,0,0.0,0,182,4,4,0.8029,0.0619,GREEN,46,Chennai
CLM0008705,CHE_04427,Chromepet,2021-05-22,16,0,0,0,0,0,0,0,0,0,0.0,0.0,0,0.0,0,399,4,5,0.9551,0.0,GREEN,43,Chennai
CLM0008706,CHE_01198,Velachery,2023-04-26,16,0,0,0,0,0,1,1,0,0,0.0,0.114282,0,0.0,0,420,0,2,0.1496,0.1955,GREEN,40,Chennai
CLM0008707,CHE_07990,Chromepet,2024-02-01,16,0,0,0,0,0,0,0,0,0,0.0,0.110614,0,1.0,0,87,3,0,0.98,0.0467,GREEN,50,Chennai
CLM0008708,CHE_00504,Tambaram,2019-07-12,13,0,0,0,0,0,0,0,1,0,0.0,0.002825,0,0.0,0,232,4,2,0.9025,0.0645,GREEN,32,Chennai
CLM0008709,CHE_07094,Perambur,2023-10-14,11,0,0,0,0,0,0,1,0,0,0.0,0.392936,0,0.0,0,208,0,0,0.9649,0.0515,GREEN,35,Chennai
CLM0008710,CHE_09452,Guindy,2021-11-28,16,0,0,0,0,0,0,0,0,0,0.0,0.993038,0,0.0,0,420,4,3,0.607,0.0176,GREEN,29,Chennai
CLM0008711,CHE_02137,Porur,2018-01-18,17,0,0,0,0,0,0,0,0,1,0.0,0.084258,0,0.0,0,402,1,3,0.8437,0.1456,GREEN,43,Chennai
CLM0008712,CHE_02854,Adyar,2025-10-13,16,0,0,0,0,0,0,0,0,0,0.0,0.303011,0,0.0,0,367,2,4,0.7452,0.0429,GREEN,52,Chennai
CLM0008713,CHE_09269,T Nagar,2021-03-23,11,0,0,0,0,0,0,0,0,0,0.0,0.359191,0,0.0,0,63,3,3,0.9659,0.0,GREEN,34,Chennai
CLM0008714,CHE_03352,Velachery,2023-07-07,11,0,0,0,0,0,0,0,1,0,0.0,0.083616,0,0.0,0,320,0,0,0.7603,0.2228,GREEN,43,Chennai
CLM0008715,CHE_09005,T Nagar,2022-06-29,17,0,0,0,0,0,0,0,0,0,0.0,0.078052,0,0.0,0,155,0,3,0.7032,0.0,GREEN,39,Chennai
CLM0008716,CHE_06431,Tambaram,2025-08-05,16,0,0,0,0,0,0,0,1,0,0.0,0.925129,0,0.0,0,229,3,2,0.1692,0.0586,GREEN,41,Chennai
CLM0008717,CHE_04760,Sholinganallur,2023-09-28,7,0,0,0,0,0,0,0,0,1,1.0,0.19861,0,0.0,0,94,0,0,0.5601,0.1735,GREEN,25,Chennai
CLM0008718,CHE_01171,Sholinganallur,2023-02-04,11,0,0,0,0,0,0,0,0,0,0.0,0.082089,0,0.0,0,76,2,4,0.7442,0.0,GREEN,39,Chennai
CLM0008719,CHE_01980,T Nagar,2024-08-19,17,0,0,0,0,0,0,0,0,0,0.0,0.187059,0,0.0,0,86,2,1,0.9558,0.0,GREEN,18,Chennai
CLM0008720,CHE_06097,Sholinganallur,2022-11-20,13,0,1,1,0,0,0,0,0,0,0.0,0.0,0,0.0,0,88,2,0,0.8161,0.0217,GREEN,32,Chennai
CLM0008721,CHE_09463,Perambur,2020-01-14,13,0,0,0,0,0,0,0,0,0,1.0,1.0,0,0.0,0,420,4,2,0.8873,0.0972,GREEN,33,Chennai
CLM0008722,CHE_05998,Velachery,2018-02-19,16,0,0,0,1,0,0,0,0,0,0.0,0.338623,0,0.0,0,245,3,2,0.1916,0.1987,GREEN,34,Chennai
CLM0008723,CHE_04904,T Nagar,2024-04-06,16,0,0,0,0,0,1,0,0,0,0.0,0.955147,0,0.0,0,139,1,3,0.2784,0.0933,GREEN,31,Chennai
CLM0008724,CHE_01585,Sholinganallur,2023-04-20,21,0,0,0,0,0,0,0,0,0,0.0,0.23191,0,0.0,0,42,0,2,0.98,0.0,GREEN,31,Chennai
CLM0008725,CHE_06302,Adyar,2021-03-21,11,0,0,0,0,0,0,0,0,0,1.0,0.156266,0,0.0,0,57,0,1,0.6435,0.0019,GREEN,51,Chennai
CLM0008726,CHE_01803,Perambur,2024-07-19,18,0,0,0,0,0,0,0,0,0,0.0,0.30146,0,0.0,0,21,1,4,0.6256,0.0457,GREEN,29,Chennai
CLM0008727,CHE_00271,Chromepet,2017-11-14,21,0,0,0,0,0,0,0,0,0,0.0,0.333468,0,0.0,0,166,3,5,0.4347,0.0409,GREEN,23,Chennai
CLM0008728,CHE_05933,Guindy,2020-01-25,11,0,0,0,0,1,0,0,0,0,1.0,0.165959,0,0.0,0,74,2,0,0.583,0.1282,GREEN,39,Chennai
CLM0008729,CHE_04454,T Nagar,2025-12-26,17,0,0,0,1,0,0,0,0,0,0.0,0.124006,0,0.0,0,231,0,4,0.3942,0.1271,GREEN,34,Chennai
CLM0008730,CHE_00661,Anna Nagar,2022-05-14,9,0,1,1,0,0,0,0,1,0,0.0,0.002629,0,0.0,0,80,0,0,0.6565,0.0,GREEN,36,Chennai
CLM0008731,CHE_02027,Sholinganallur,2020-04-19,21,0,0,0,0,0,0,0,0,0,0.0,0.312554,0,0.0,0,408,2,3,0.971,0.0293,GREEN,30,Chennai
CLM0008732,CHE_09947,Sholinganallur,2020-06-28,14,0,0,0,0,0,0,0,0,0,0.0,0.311362,0,0.0,1,146,1,4,0.906,0.1425,GREEN,19,Chennai
CLM0008733,CHE_05550,T Nagar,2022-06-01,14,0,0,0,0,1,0,0,0,0,0.0,1.0,0,0.0,0,25,1,0,0.7289,0.146,GREEN,28,Chennai
CLM0008734,CHE_06222,Guindy,2024-05-01,19,0,0,0,0,0,0,0,1,0,0.0,0.520722,0,0.0,0,194,3,1,0.5741,0.1055,GREEN,44,Chennai
CLM0008735,CHE_04943,Tambaram,2025-03-06,14,0,1,1,0,0,0,0,0,0,0.0,0.21816,0,0.0,0,386,4,7,0.6615,0.0,GREEN,60,Chennai
CLM0008736,CHE_02691,T Nagar,2022-03-27,11,0,0,0,0,0,0,0,0,0,0.0,0.082704,0,0.0,0,394,0,0,0.4329,0.0,GREEN,29,Chennai
CLM0008737,CHE_06710,Perambur,2025-08-09,21,0,0,0,0,0,0,0,0,0,0.0,0.109135,0,0.0,0,110,2,2,0.5108,0.0743,GREEN,54,Chennai
CLM0008738,CHE_07189,Chromepet,2022-02-11,17,0,0,0,0,0,0,0,0,0,0.0,0.170196,0,0.0,0,420,1,9,0.2033,0.0338,GREEN,59,Chennai
CLM0008739,CHE_00831,Chromepet,2020-09-13,18,0,0,0,1,0,0,0,0,0,1.0,0.004466,0,0.0,0,221,0,2,0.98,0.2717,GREEN,39,Chennai
CLM0008740,CHE_09838,Velachery,2019-12-28,16,0,0,0,0,0,0,1,0,0,0.0,0.386841,0,0.0,0,191,4,1,0.8811,0.0109,GREEN,32,Chennai
CLM0008741,CHE_09242,Chromepet,2022-09-19,17,0,0,0,0,0,0,0,0,0,0.0,0.17392,0,0.0,0,420,1,3,0.98,0.0,GREEN,32,Chennai
CLM0008742,CHE_09326,Perambur,2020-10-16,20,0,0,0,0,0,0,0,0,0,0.0,0.0,0,0.0,0,277,3,0,0.4717,0.0,GREEN,28,Chennai
CLM0008743,CHE_00574,Adyar,2022-11-25,21,0,0,0,1,0,0,0,0,0,1.0,0.142305,0,0.0,0,106,2,4,0.6786,0.1464,GREEN,48,Chennai
CLM0008744,CHE_09482,Chromepet,2019-02-11,11,0,0,0,0,0,0,0,0,0,1.0,0.925939,0,1.0,0,420,3,0,0.7738,0.0,GREEN,39,Chennai
CLM0008745,CHE_07847,Chromepet,2021-01-08,12,0,0,0,0,0,0,0,1,0,0.0,0.226606,0,1.0,0,104,2,3,0.05,0.1496,GREEN,32,Chennai
CLM0008746,CHE_00122,Sholinganallur,2022-12-13,17,1,0,0,0,0,0,0,0,0,0.0,0.150648,0,0.0,0,243,0,3,0.5796,0.0957,GREEN,51,Chennai
CLM0008747,CHE_05134,Adyar,2019-01-14,14,0,0,0,0,0,1,1,1,0,1.0,0.315349,1,0.0,0,52,3,1,0.05,0.3609,YELLOW,54,Chennai
CLM0008748,CHE_00478,Adyar,2021-10-10,11,0,0,0,0,0,0,0,0,0,0.0,0.264227,0,0.0,0,409,4,2,0.6611,0.0489,GREEN,20,Chennai
CLM0008749,CHE_04287,T Nagar,2024-11-05,16,0,0,0,0,0,0,0,0,1,0.0,0.366235,0,0.0,0,192,0,2,0.831,0.0962,GREEN,33,Chennai
CLM0008750,CHE_01328,Adyar,2020-02-04,7,0,0,0,0,0,0,0,0,0,0.0,0.177185,0,0.0,0,245,3,4,0.569,0.0599,GREEN,33,Chennai
CLM0008751,CHE_08096,Chromepet,2023-01-07,10,0,0,0,0,1,0,0,0,0,0.0,0.117354,0,0.0,0,264,1,2,0.98,0.0686,GREEN,42,Chennai
CLM0008752,CHE_06318,Velachery,2023-12-12,17,0,0,0,0,1,0,0,0,0,0.0,0.358163,0,1.0,0,263,1,3,0.788,0.1581,GREEN,50,Chennai
CLM0008753,CHE_04887,Sholinganallur,2018-02-09,20,0,0,0,0,0,0,0,0,0,0.0,0.237929,1,0.0,0,420,2,3,0.8448,0.1033,GREEN,47,Chennai
CLM0008754,CHE_03171,Sholinganallur,2024-11-11,12,1,0,0,0,0,0,0,0,1,0.0,0.092951,0,0.0,0,143,3,8,0.7641,0.123,GREEN,55,Chennai
CLM0008755,CHE_03171,Sholinganallur,2017-10-06,13,0,0,0,0,0,0,0,1,0,0.0,0.316775,0,0.0,0,420,0,0,0.5411,0.0499,GREEN,55,Chennai
CLM0008756,CHE_04088,Velachery,2016-08-19,14,0,0,0,0,0,0,0,0,0,0.0,1.0,0,0.0,0,63,0,1,0.7551,0.0,GREEN,26,Chennai
CLM0008757,CHE_01466,Anna Nagar,2017-02-21,15,0,0,0,0,0,1,0,1,0,0.0,0.387014,0,0.0,0,420,4,0,0.0607,0.2133,GREEN,57,Chennai
CLM0008758,CHE_07843,Tambaram,2017-09-27,14,0,0,0,0,0,0,0,0,0,0.0,1.0,0,0.0,0,113,0,0,0.547,0.0,GREEN,39,Chennai
CLM0008759,CHE_08112,Tambaram,2025-04-14,20,0,1,1,0,0,0,0,0,0,0.0,0.985956,0,0.0,0,241,3,4,0.656,0.0,GREEN,41,Chennai
CLM0008760,CHE_07988,Guindy,2023-06-26,14,0,0,0,0,1,0,0,0,0,0.0,0.256141,1,0.0,0,420,0,5,0.804,0.2619,GREEN,49,Chennai
CLM0008761,CHE_02284,T Nagar,2020-07-02,13,0,0,0,0,0,0,0,0,0,0.0,0.096822,1,0.0,0,82,2,3,0.9686,0.1304,GREEN,37,Chennai
CLM0008762,CHE_09017,Guindy,2017-12-15,11,0,0,0,0,0,0,1,0,0,1.0,0.044106,0,0.0,0,420,0,2,0.1317,0.0964,GREEN,34,Chennai
CLM0008763,CHE_00582,Tambaram,2019-03-31,18,0,0,0,0,0,0,0,0,0,0.0,0.367762,0,0.0,1,391,0,0,0.1228,0.0758,GREEN,34,Chennai
CLM0008764,CHE_05318,Anna Nagar,2018-10-29,12,0,0,0,0,0,1,0,1,0,1.0,1.0,0,1.0,0,63,1,3,0.6687,0.1371,GREEN,35,Chennai
CLM0008765,CHE_02943,T Nagar,2023-10-16,7,0,0,0,0,0,1,0,0,0,0.0,0.233418,0,0.0,0,266,0,3,0.5963,0.0,GREEN,32,Chennai
CLM0008766,CHE_09809,Anna Nagar,2023-09-04,9,0,0,0,0,0,0,0,1,0,0.0,0.338677,0,0.0,0,420,2,1,0.7179,0.1165,GREEN,33,Chennai
CLM0008767,CHE_01441,T Nagar,2024-11-17,14,0,0,0,0,0,0,0,0,0,0.0,0.307479,0,0.0,0,11,2,0,0.792,0.0533,GREEN,39,Chennai
CLM0008768,CHE_07164,T Nagar,2021-10-08,9,0,0,0,0,0,0,0,0,0,0.0,0.033639,0,0.0,0,305,0,3,0.6202,0.0269,GREEN,40,Chennai
CLM0008769,CHE_06176,Perambur,2022-10-31,17,0,0,0,0,0,0,0,0,0,0.0,0.277632,0,0.0,0,16,1,1,0.4627,0.0096,GREEN,45,Chennai
CLM0008770,CHE_08999,Adyar,2023-05-22,14,0,0,0,0,0,0,0,0,0,0.0,0.277639,0,0.0,0,158,4,3,0.3212,0.0,GREEN,55,Chennai
CLM0008771,CHE_08998,Tambaram,2024-02-16,10,0,0,0,0,1,0,0,0,0,0.0,0.193425,0,0.0,0,242,3,3,0.8963,0.1853,GREEN,39,Chennai
CLM0008772,CHE_03804,Adyar,2024-07-21,8,0,0,0,0,0,1,0,0,0,0.0,0.024799,0,0.0,0,420,0,7,0.748,0.0947,GREEN,59,Chennai
CLM0008773,CHE_03762,Porur,2025-01-01,8,0,0,0,0,0,0,0,0,0,0.0,0.229305,0,0.0,0,119,3,2,0.4048,0.0479,GREEN,22,Chennai
CLM0008774,CHE_03217,Adyar,2022-05-01,10,0,0,0,0,0,0,0,0,0,0.0,0.298343,0,0.0,0,22,0,2,0.9551,0.0,GREEN,54,Chennai
CLM0008775,CHE_07150,Guindy,2024-03-23,20,0,0,0,0,0,0,0,0,0,0.0,0.346827,0,0.0,0,206,3,1,0.98,0.0648,GREEN,32,Chennai
CLM0008776,CHE_02401,Adyar,2023-02-21,10,0,0,0,0,0,0,0,0,0,0.0,0.165476,0,0.0,0,416,2,0,0.05,0.0746,GREEN,46,Chennai
CLM0008777,CHE_07763,Porur,2025-07-21,7,0,0,0,0,0,0,1,0,0,0.0,0.996906,0,0.0,0,226,0,3,0.715,0.0,GREEN,42,Chennai
CLM0008778,CHE_03222,Chromepet,2022-11-06,21,0,0,0,0,0,1,0,0,0,0.0,0.041172,0,0.0,0,272,4,4,0.05,0.1597,GREEN,44,Chennai
CLM0008779,CHE_01440,Velachery,2024-01-27,12,0,0,0,0,0,0,0,0,0,0.0,0.370511,0,0.0,0,307,0,3,0.6789,0.0637,GREEN,22,Chennai
CLM0008780,CHE_09573,Anna Nagar,2024-02-07,13,0,0,0,0,0,0,0,0,0,0.0,0.274365,0,0.0,0,402,0,0,0.6759,0.0377,GREEN,25,Chennai
CLM0008781,CHE_05201,Perambur,2023-08-01,19,0,0,0,0,0,0,0,1,0,0.0,0.457964,0,0.0,0,202,1,0,0.1772,0.0946,GREEN,27,Chennai
CLM0008782,CHE_01024,Tambaram,2024-08-20,20,0,0,0,0,0,0,0,0,0,0.0,0.128179,0,0.0,0,128,0,4,0.4579,0.0,GREEN,22,Chennai
CLM0008783,CHE_07959,Velachery,2025-07-14,7,0,0,0,0,0,0,1,0,0,0.0,0.032033,0,0.0,0,420,0,3,0.05,0.0066,GREEN,47,Chennai
CLM0008784,CHE_07926,Sholinganallur,2023-05-21,14,0,0,0,0,0,0,0,0,0,0.0,0.249356,0,0.0,0,63,0,5,0.712,0.1346,GREEN,56,Chennai
CLM0008785,CHE_04525,Tambaram,2025-03-09,8,0,0,0,0,0,0,0,0,0,0.0,0.068715,0,0.0,0,409,2,4,0.8658,0.0,GREEN,50,Chennai
CLM0008786,CHE_04286,T Nagar,2024-09-26,19,0,0,0,0,0,1,0,0,0,0.0,0.168486,0,0.0,0,279,0,4,0.1262,0.0953,GREEN,39,Chennai
CLM0008787,CHE_03903,Porur,2024-12-20,17,0,0,0,0,0,0,0,0,0,0.0,0.0,0,0.0,0,292,0,2,0.9429,0.0,GREEN,35,Chennai
CLM0008788,CHE_04713,Tambaram,2024-05-10,14,0,0,0,0,0,0,0,0,0,0.0,0.0,0,0.0,0,304,4,5,0.98,0.0,GREEN,32,Chennai
CLM0008789,CHE_06206,Velachery,2024-02-22,10,0,0,0,0,0,0,0,0,0,0.0,0.289312,0,0.0,0,195,4,0,0.5335,0.0,GREEN,30,Chennai
CLM0008790,CHE_00214,Perambur,2025-08-31,18,0,0,0,0,0,0,0,0,0,0.0,0.437085,0,0.0,0,420,1,1,0.8178,0.0,GREEN,24,Chennai
CLM0008791,CHE_03055,T Nagar,2025-05-25,15,0,0,0,0,0,1,1,0,1,0.0,0.116615,1,0.0,0,5,0,18,0.884,0.0594,GREEN,52,Chennai
CLM0008792,CHE_08694,T Nagar,2025-04-28,9,0,0,0,0,0,0,0,0,0,0.0,0.288809,0,0.0,0,222,4,3,0.746,0.0,GREEN,43,Chennai
CLM0008793,CHE_07257,Velachery,2025-10-06,9,0,0,0,0,1,0,1,1,0,1.0,1.0,0,1.0,0,5,2,18,0.8945,0.0,GREEN,37,Chennai
CLM0008794,CHE_01768,Perambur,2024-07-05,12,0,0,0,0,0,0,0,1,0,0.0,0.321206,0,0.0,0,205,1,4,0.7691,0.1427,GREEN,34,Chennai
CLM0008795,CHE_03127,Tambaram,2025-12-16,19,0,0,0,0,0,0,0,0,0,0.0,0.147323,0,0.0,0,125,3,3,0.5828,0.0558,GREEN,34,Chennai
CLM0008796,CHE_02661,Perambur,2023-10-15,20,0,0,0,0,0,0,0,0,0,0.0,0.014132,0,0.0,0,95,2,2,0.916,0.0,GREEN,43,Chennai
CLM0008797,CHE_00999,Velachery,2024-09-14,8,0,0,0,0,0,0,0,0,0,0.0,0.192961,0,1.0,0,420,3,4,0.8011,0.0778,GREEN,48,Chennai
CLM0008798,CHE_05812,Sholinganallur,2024-01-24,19,0,0,0,0,0,0,0,0,0,0.0,0.117469,0,0.0,0,82,2,6,0.5626,0.089,GREEN,30,Chennai
CLM0008799,CHE_02608,Chromepet,2024-07-07,14,0,0,0,0,0,0,0,0,0,1.0,0.95799,0,0.0,0,184,1,1,0.9485,0.1046,GREEN,42,Chennai
CLM0008800,CHE_09935,Adyar,2021-12-20,9,0,0,0,0,0,0,0,1,0,0.0,0.356451,0,0.0,0,211,3,3,0.1729,0.2554,GREEN,25,Chennai
CLM0008801,CHE_08630,Adyar,2023-03-13,17,0,1,1,0,0,0,0,0,0,0.0,0.084291,0,0.0,0,63,3,1,0.618,0.0373,GREEN,38,Chennai
CLM0008802,CHE_03963,Sholinganallur,2025-04-01,13,0,0,0,1,0,0,0,0,0,0.0,0.201847,0,0.0,0,224,0,3,0.8278,0.0803,GREEN,51,Chennai
CLM0008803,CHE_05735,Sholinganallur,2019-07-27,8,0,0,0,0,1,0,0,0,0,0.0,0.160901,0,0.0,0,305,4,2,0.3561,0.119,GREEN,31,Chennai
CLM0008804,CHE_03099,Anna Nagar,2019-06-01,11,0,0,0,0,0,0,0,0,0,0.0,0.067056,0,0.0,0,306,1,2,0.8423,0.0,GREEN,50,Chennai
CLM0008805,CHE_07910,Adyar,2020-03-07,11,0,0,0,0,0,1,0,0,0,0.0,0.188274,0,0.0,0,276,4,4,0.6577,0.0548,GREEN,27,Chennai
CLM0008806,CHE_08583,Chromepet,2021-01-24,21,0,0,0,0,0,0,0,0,0,0.0,0.904219,0,0.0,0,137,2,2,0.739,0.016,GREEN,29,Chennai
CLM0008807,CHE_01182,Velachery,2024-03-31,17,0,0,0,0,0,0,0,0,0,0.0,0.436128,0,0.0,0,386,3,2,0.0615,0.1298,GREEN,35,Chennai
CLM0008808,CHE_00190,Guindy,2021-08-14,11,0,0,0,0,0,0,0,0,0,0.0,0.139281,0,0.0,0,162,0,0,0.98,0.0,GREEN,53,Chennai
CLM0008809,CHE_09392,Sholinganallur,2023-03-29,15,0,0,0,0,0,1,0,0,0,0.0,0.207829,0,0.0,0,420,2,3,0.4697,0.0854,GREEN,34,Chennai
CLM0008810,CHE_06844,Guindy,2021-07-26,11,0,0,0,0,0,0,0,0,0,1.0,0.078597,0,0.0,0,41,3,4,0.05,0.1639,GREEN,21,Chennai
CLM0008811,CHE_00600,Sholinganallur,2024-07-17,16,0,0,0,0,1,0,0,0,0,0.0,0.052992,0,0.0,0,394,4,1,0.98,0.1903,GREEN,24,Chennai
CLM0008812,CHE_01371,Tambaram,2022-05-24,14,0,0,0,0,0,0,0,0,0,0.0,0.051792,0,0.0,0,58,4,4,0.8707,0.0,GREEN,43,Chennai
CLM0008813,CHE_07460,T Nagar,2025-10-30,16,0,1,1,0,0,0,1,0,0,1.0,0.0,0,0.0,0,98,4,1,0.9454,0.0923,GREEN,41,Chennai
CLM0008814,CHE_03492,Sholinganallur,2021-12-12,9,0,0,0,0,0,0,0,0,0,0.0,0.098102,0,0.0,0,420,1,2,0.6898,0.0201,GREEN,26,Chennai
CLM0008815,CHE_07665,T Nagar,2022-08-26,14,0,0,0,1,1,1,1,1,1,0.0,0.13353,0,0.0,1,7,2,18,0.8268,0.0889,GREEN,39,Chennai
CLM0008816,CHE_01978,Guindy,2022-12-07,15,0,0,0,0,0,0,0,0,0,0.0,0.311015,1,0.0,1,347,1,3,0.2148,0.1384,GREEN,36,Chennai
CLM0008817,CHE_09737,Chromepet,2025-08-30,19,0,0,0,0,0,0,1,0,0,0.0,0.156505,0,1.0,0,336,0,0,0.8138,0.0969,GREEN,32,Chennai
CLM0008818,CHE_05390,Tambaram,2023-03-07,9,0,0,0,1,0,0,0,0,0,0.0,0.102788,0,0.0,0,15,0,0,0.5427,0.0369,GREEN,38,Chennai
CLM0008819,CHE_01022,Adyar,2025-02-12,15,0,0,0,0,0,0,0,1,0,0.0,0.459315,0,0.0,0,50,3,0,0.7146,0.1052,GREEN,32,Chennai
CLM0008820,CHE_05177,Chromepet,2024-04-15,15,0,0,0,0,0,0,0,0,0,0.0,0.378906,0,0.0,0,30,2,1,0.9719,0.0,GREEN,48,Chennai
CLM0008821,CHE_05451,Chromepet,2025-03-03,9,0,0,0,0,0,0,0,0,0,0.0,0.012567,0,0.0,0,69,3,4,0.4111,0.1025,GREEN,50,Chennai
CLM0008822,CHE_00059,T Nagar,2023-08-13,16,0,0,0,0,0,0,0,0,0,1.0,0.032452,0,0.0,0,208,1,0,0.584,0.1225,GREEN,32,Chennai
CLM0008823,CHE_03242,Chromepet,2024-05-16,17,0,0,0,0,1,0,1,0,0,0.0,0.98011,0,0.0,0,420,4,2,0.969,0.1845,GREEN,55,Chennai
CLM0008824,CHE_05422,Velachery,2025-05-14,9,0,0,0,0,0,0,0,0,0,0.0,0.31453,1,0.0,0,295,3,3,0.9168,0.1045,GREEN,58,Chennai
CLM0008825,CHE_08314,Velachery,2025-11-09,7,0,0,0,0,0,0,0,0,0,0.0,0.23767,0,0.0,0,420,1,4,0.7064,0.0168,GREEN,50,Chennai
CLM0008826,CHE_04490,Guindy,2024-10-02,9,0,0,0,0,0,0,0,0,0,0.0,0.0,0,0.0,0,255,4,7,0.9287,0.0,GREEN,29,Chennai
CLM0008827,CHE_02183,Sholinganallur,2018-10-18,15,0,0,0,0,0,0,1,0,0,0.0,0.971361,0,0.0,0,141,0,0,0.9562,0.0211,GREEN,29,Chennai
CLM0008828,CHE_09724,Tambaram,2018-07-06,16,0,0,0,0,0,0,0,0,0,0.0,0.29178,0,0.0,0,420,3,4,0.1078,0.1534,GREEN,42,Chennai
CLM0008829,CHE_09612,T Nagar,2018-09-02,13,0,0,0,0,0,0,0,0,0,0.0,0.099441,0,0.0,0,113,1,7,0.3497,0.0349,GREEN,43,Chennai
CLM0008830,CHE_07558,T Nagar,2024-09-20,9,0,0,0,0,1,0,0,0,0,0.0,0.918169,0,0.0,0,296,4,1,0.8024,0.0928,GREEN,27,Chennai
CLM0008831,CHE_03584,Guindy,2024-05-22,19,0,0,0,0,0,0,0,0,0,0.0,0.120462,0,0.0,0,98,3,4,0.8165,0.0,GREEN,42,Chennai
CLM0008832,CHE_03562,Anna Nagar,2024-07-08,18,0,0,0,0,0,1,0,1,0,0.0,0.073336,0,0.0,0,416,1,6,0.2901,0.1412,GREEN,52,Chennai
CLM0008833,CHE_06292,Sholinganallur,2020-10-23,20,0,0,0,0,0,1,1,0,0,0.0,0.052233,0,0.0,0,301,3,1,0.05,0.1321,GREEN,36,Chennai
CLM0008834,CHE_05148,Tambaram,2023-10-05,8,0,0,0,0,0,0,0,0,0,0.0,0.379282,0,0.0,0,420,4,0,0.8136,0.0717,GREEN,29,Chennai
CLM0008835,CHE_01623,Velachery,2021-08-15,12,0,0,0,0,0,0,0,0,0,1.0,0.960195,0,0.0,1,212,1,0,0.5931,0.1802,GREEN,27,Chennai
CLM0008836,CHE_07874,Guindy,2020-12-20,20,0,0,0,0,0,0,0,0,0,0.0,0.242753,0,0.0,0,79,3,2,0.5413,0.0,GREEN,42,Chennai
CLM0008837,CHE_07060,Perambur,2023-05-12,12,0,0,0,0,0,0,0,0,0,0.0,0.256231,0,0.0,0,241,0,0,0.7076,0.0,GREEN,32,Chennai
CLM0008838,CHE_09199,Adyar,2024-12-08,19,0,0,0,0,0,0,0,0,0,1.0,1.0,0,1.0,0,312,4,1,0.9117,0.0214,GREEN,34,Chennai
CLM0008839,CHE_07590,Porur,2020-07-29,21,0,0,0,0,0,0,0,1,0,0.0,0.149679,1,0.0,0,310,2,1,0.5628,0.2924,GREEN,40,Chennai
CLM0008840,CHE_00171,Anna Nagar,2023-01-07,10,0,0,0,0,0,0,0,0,0,0.0,0.362342,0,0.0,0,24,2,4,0.9342,0.025,GREEN,37,Chennai
CLM0008841,CHE_03090,Perambur,2024-11-18,16,0,0,0,0,0,0,0,0,0,0.0,0.0,0,1.0,0,5,1,2,0.5128,0.0694,GREEN,49,Chennai
CLM0008842,CHE_00919,Chromepet,2025-09-28,21,0,0,0,1,0,0,0,0,0,0.0,0.973348,0,0.0,0,44,1,1,0.7627,0.2111,GREEN,26,Chennai
CLM0008843,CHE_03841,Tambaram,2025-07-01,7,0,0,0,0,0,0,0,0,0,0.0,0.068173,0,0.0,0,23,2,2,0.9219,0.0,GREEN,43,Chennai
CLM0008844,CHE_05352,Porur,2025-11-21,12,0,0,0,0,1,0,1,1,1,0.0,0.055491,1,0.0,0,6,2,18,0.98,0.0339,GREEN,19,Chennai
CLM0008845,CHE_04283,Anna Nagar,2025-03-14,17,0,0,0,0,0,0,0,0,0,0.0,0.277982,0,0.0,0,274,2,0,0.8105,0.0226,GREEN,41,Chennai
CLM0008846,CHE_07717,Sholinganallur,2025-10-05,21,0,0,0,0,1,0,0,0,0,0.0,0.077526,0,0.0,0,420,3,1,0.8607,0.1553,GREEN,40,Chennai
CLM0008847,CHE_02146,Perambur,2025-09-16,10,0,0,0,0,0,1,0,0,0,0.0,0.213215,0,0.0,0,200,3,6,0.7,0.0862,GREEN,37,Chennai
CLM0008848,CHE_08014,Perambur,2024-07-17,8,0,0,0,0,0,0,0,0,0,0.0,0.407223,0,0.0,0,14,4,0,0.4339,0.0081,GREEN,36,Chennai
CLM0008849,CHE_01783,Adyar,2024-12-05,11,0,0,0,1,0,0,0,0,0,0.0,0.064379,0,0.0,0,33,2,2,0.7075,0.2059,GREEN,31,Chennai
CLM0008850,CHE_06826,Porur,2024-06-30,21,0,0,0,0,0,0,0,0,0,0.0,0.077913,0,0.0,0,420,4,1,0.6341,0.0041,GREEN,47,Chennai
CLM0008851,CHE_02093,Tambaram,2025-12-22,13,0,0,0,0,0,0,0,0,0,0.0,0.235466,0,0.0,0,41,1,0,0.7113,0.0,GREEN,42,Chennai
CLM0008852,CHE_03415,Porur,2024-09-20,14,0,0,0,0,0,0,0,0,0,0.0,0.166208,0,0.0,0,322,2,4,0.6339,0.0,GREEN,20,Chennai
CLM0008853,CHE_00577,Velachery,2024-07-23,8,0,0,0,0,0,0,0,0,0,0.0,0.288332,0,0.0,0,369,4,4,0.9468,0.0,GREEN,35,Chennai
CLM0008854,CHE_02170,Velachery,2024-12-04,21,0,0,0,0,0,0,1,1,0,0.0,0.006312,0,0.0,0,66,4,1,0.9724,0.1043,GREEN,40,Chennai
CLM0008855,CHE_08991,Adyar,2024-02-19,7,0,0,0,0,0,0,0,0,0,0.0,0.428873,1,0.0,0,86,3,1,0.7639,0.051,GREEN,62,Chennai
CLM0008856,CHE_02087,T Nagar,2021-05-21,15,0,0,0,0,0,0,0,0,0,1.0,0.997022,0,0.0,0,147,3,4,0.9009,0.0461,GREEN,28,Chennai
CLM0008857,CHE_04684,Adyar,2024-08-19,12,0,0,0,0,0,0,0,0,0,0.0,0.296128,0,0.0,0,420,4,4,0.98,0.0187,GREEN,60,Chennai
CLM0008858,CHE_01476,Guindy,2024-03-18,9,0,0,0,1,0,0,0,1,0,0.0,0.293024,0,0.0,0,324,0,8,0.8382,0.1943,GREEN,53,Chennai
CLM0008859,CHE_06043,Guindy,2023-03-04,10,0,0,0,0,1,0,0,0,0,1.0,0.936817,0,0.0,0,381,1,3,0.98,0.2486,GREEN,43,Chennai
CLM0008860,CHE_07324,Velachery,2021-03-10,10,0,0,0,0,0,0,0,0,0,0.0,0.006948,0,0.0,0,118,0,0,0.6843,0.1197,GREEN,42,Chennai
CLM0008861,CHE_04397,Chromepet,2025-08-16,16,0,0,0,0,0,0,0,0,0,0.0,1.0,0,0.0,0,186,4,3,0.5787,0.0978,GREEN,49,Chennai
CLM0008862,CHE_08475,Tambaram,2024-09-09,21,0,0,0,0,0,0,1,0,0,0.0,0.092076,0,1.0,0,209,2,2,0.4597,0.0598,GREEN,52,Chennai
CLM0008863,CHE_00554,Guindy,2021-03-29,20,0,0,0,0,0,0,0,0,0,0.0,0.105785,0,0.0,0,265,2,2,0.7919,0.0,GREEN,57,Chennai
CLM0008864,CHE_01898,Tambaram,2023-12-09,14,0,0,0,0,0,0,0,0,0,0.0,0.096341,0,0.0,0,81,0,0,0.9042,0.0453,GREEN,30,Chennai
CLM0008865,CHE_04223,Tambaram,2024-04-20,20,0,0,0,0,0,0,0,0,0,0.0,0.21505,0,0.0,0,399,2,1,0.5588,0.0781,GREEN,33,Chennai
CLM0008866,CHE_06117,Tambaram,2024-05-18,11,0,0,0,0,0,0,1,0,0,0.0,0.134177,0,0.0,0,357,3,0,0.0731,0.0723,GREEN,30,Chennai
CLM0008867,CHE_03230,Tambaram,2022-12-21,19,0,0,0,0,0,0,1,0,0,0.0,0.391673,0,0.0,0,190,1,1,0.5713,0.0545,GREEN,43,Chennai
CLM0008868,CHE_06127,Anna Nagar,2020-04-25,16,0,0,0,1,0,0,1,0,0,0.0,0.012635,0,0.0,0,106,3,0,0.0579,0.1947,GREEN,41,Chennai
CLM0008869,CHE_05061,Porur,2023-07-12,17,0,0,0,0,0,0,0,0,0,0.0,0.092954,0,0.0,0,48,3,1,0.1014,0.0,GREEN,36,Chennai
CLM0008870,CHE_05932,Porur,2017-11-25,20,0,0,0,0,0,0,0,0,0,0.0,0.153501,0,0.0,0,361,0,0,0.5637,0.0172,GREEN,22,Chennai
CLM0008871,CHE_01358,Anna Nagar,2023-07-14,18,0,0,0,0,0,1,0,1,0,0.0,0.189365,0,0.0,0,381,4,0,0.5903,0.1292,GREEN,22,Chennai
CLM0008872,CHE_07736,Chromepet,2017-01-21,20,0,0,0,0,0,0,0,0,0,0.0,0.0,0,0.0,0,75,0,1,0.7499,0.0192,GREEN,50,Chennai
CLM0008873,CHE_04293,Perambur,2024-07-01,9,0,0,0,0,0,0,0,1,0,0.0,0.267862,0,0.0,0,358,0,3,0.4716,0.0841,GREEN,33,Chennai
CLM0008874,CHE_05437,Perambur,2016-01-08,8,0,0,0,0,0,1,0,0,0,0.0,0.175061,0,0.0,0,355,3,0,0.98,0.1558,GREEN,28,Chennai
CLM0008875,CHE_03302,Chromepet,2021-08-06,10,0,0,0,0,1,0,0,0,0,0.0,0.221716,0,0.0,0,154,0,3,0.98,0.1167,GREEN,41,Chennai
CLM0008876,CHE_05768,Guindy,2021-11-06,21,0,0,0,0,0,0,0,0,0,0.0,0.988451,0,0.0,0,238,3,1,0.7933,0.0,GREEN,47,Chennai
CLM0008877,CHE_00441,Velachery,2021-02-28,15,0,0,0,0,0,0,0,0,0,0.0,0.229266,0,0.0,0,136,4,3,0.8555,0.1163,GREEN,30,Chennai
CLM0008878,CHE_03913,Anna Nagar,2023-04-25,11,0,0,0,0,0,0,0,1,0,0.0,1.0,0,0.0,0,36,4,0,0.2466,0.1907,GREEN,31,Chennai
CLM0008879,CHE_07257,Velachery,2023-12-09,8,0,0,0,1,1,0,0,0,0,1.0,0.330906,0,0.0,0,265,3,2,0.495,0.4408,YELLOW,37,Chennai
CLM0008880,CHE_01406,Anna Nagar,2024-12-17,11,0,0,0,0,0,0,0,1,0,0.0,0.0,0,1.0,0,25,4,4,0.6178,0.1653,GREEN,31,Chennai
CLM0008881,CHE_02674,Anna Nagar,2020-11-20,18,0,1,1,1,0,0,0,0,0,0.0,0.044171,0,0.0,1,175,1,5,0.9067,0.2316,GREEN,40,Chennai
CLM0008882,CHE_03663,Velachery,2024-02-21,11,0,0,0,0,1,0,0,0,0,0.0,0.465151,0,0.0,0,108,4,3,0.4772,0.1502,GREEN,57,Chennai
CLM0008883,CHE_07037,Adyar,2022-07-26,8,0,0,0,0,0,0,0,0,0,0.0,0.331811,0,0.0,0,348,4,2,0.9397,0.0252,GREEN,55,Chennai
CLM0008884,CHE_04511,Chromepet,2023-07-18,7,0,0,0,0,0,0,0,0,0,0.0,0.201557,0,0.0,0,248,2,0,0.8523,0.0,GREEN,42,Chennai
CLM0008885,CHE_05529,Adyar,2022-10-22,20,0,0,0,0,0,0,1,0,0,1.0,1.0,0,1.0,0,163,2,3,0.0647,0.0264,GREEN,39,Chennai
CLM0008886,CHE_07196,Tambaram,2023-09-24,19,0,0,0,0,0,0,0,0,0,0.0,0.192779,0,0.0,0,66,2,0,0.9154,0.0442,GREEN,39,Chennai
CLM0008887,CHE_02322,Adyar,2024-12-17,7,0,1,1,0,0,0,0,0,0,0.0,0.410545,0,0.0,0,380,3,0,0.8122,0.0,GREEN,46,Chennai
CLM0008888,CHE_00930,Porur,2023-11-30,18,0,0,0,0,0,0,0,0,0,0.0,0.19398,0,0.0,0,52,4,0,0.68,0.0,GREEN,32,Chennai
CLM0008889,CHE_06113,Perambur,2023-02-18,19,0,0,0,0,0,0,0,0,0,0.0,0.108108,1,0.0,0,92,4,1,0.9266,0.047,GREEN,40,Chennai
CLM0008890,CHE_08616,Guindy,2024-01-03,7,0,0,0,0,0,0,0,0,0,0.0,0.194323,0,0.0,0,420,0,1,0.6376,0.0713,GREEN,34,Chennai
CLM0008891,CHE_06067,Guindy,2022-01-16,15,0,0,0,1,0,0,0,0,1,0.0,0.24992,0,0.0,0,392,1,5,0.4484,0.3201,YELLOW,37,Chennai
CLM0008892,CHE_02143,Velachery,2025-03-03,19,0,0,0,0,0,0,0,0,0,0.0,0.252277,0,0.0,0,157,4,7,0.98,0.0,GREEN,33,Chennai
CLM0008893,CHE_09086,Velachery,2022-08-21,10,0,0,0,0,0,1,0,0,0,0.0,0.487055,0,0.0,0,115,1,6,0.98,0.0644,GREEN,49,Chennai
CLM0008894,CHE_03611,Porur,2022-05-19,21,0,0,0,0,0,0,0,0,0,0.0,0.184261,0,0.0,0,78,0,0,0.6005,0.034,GREEN,19,Chennai
CLM0008895,CHE_08628,Tambaram,2022-11-06,11,0,0,0,0,0,0,0,0,0,0.0,1.0,0,0.0,0,191,3,3,0.98,0.0,GREEN,40,Chennai
CLM0008896,CHE_09456,Chromepet,2025-04-21,10,0,0,0,0,0,0,0,0,0,0.0,0.107733,0,0.0,0,229,3,5,0.584,0.071,GREEN,21,Chennai
CLM0008897,CHE_04784,T Nagar,2025-10-16,12,0,0,0,0,0,0,0,1,0,0.0,0.173949,0,0.0,0,208,2,0,0.83,0.1082,GREEN,42,Chennai
CLM0008898,CHE_06070,Velachery,2024-05-07,14,0,0,0,0,0,0,0,0,0,0.0,0.128972,0,0.0,0,195,2,2,0.8668,0.0489,GREEN,18,Chennai
CLM0008899,CHE_00892,T Nagar,2025-04-08,8,0,0,0,0,0,1,0,1,0,0.0,0.141858,0,0.0,0,392,3,3,0.708,0.1471,GREEN,35,Chennai
CLM0008900,CHE_09410,Anna Nagar,2025-03-23,11,0,0,0,0,1,1,0,0,0,0.0,0.950496,0,0.0,0,167,1,6,0.8912,0.1304,GREEN,30,Chennai
CLM0008901,CHE_08810,Perambur,2025-01-23,14,0,0,0,0,0,0,0,0,0,0.0,0.027798,0,0.0,0,89,3,0,0.4304,0.0702,GREEN,27,Chennai
CLM0008902,CHE_05004,Sholinganallur,2025-06-30,7,0,0,0,0,0,0,0,0,0,0.0,0.251082,0,0.0,0,41,1,0,0.8359,0.0,GREEN,29,Chennai
CLM0008903,CHE_00692,T Nagar,2025-10-19,17,0,0,0,0,0,0,0,0,0,0.0,0.911086,0,0.0,0,185,4,4,0.7607,0.0251,GREEN,20,Chennai
CLM0008904,CHE_03199,Velachery,2025-01-08,19,0,0,0,0,0,0,0,0,0,0.0,0.237148,0,0.0,0,253,3,3,0.8482,0.045,GREEN,27,Chennai
CLM0008905,CHE_03915,T Nagar,2024-07-21,7,0,0,0,0,0,0,0,0,0,1.0,0.236711,0,0.0,0,194,2,4,0.9138,0.0355,GREEN,38,Chennai
CLM0008906,CHE_07131,Guindy,2021-06-17,19,0,0,0,1,1,0,1,1,1,0.0,0.269722,1,0.0,0,5,1,18,0.98,0.0163,GREEN,48,Chennai
CLM0008907,CHE_03897,Porur,2024-03-20,10,0,0,0,0,0,1,0,0,1,0.0,0.244528,0,0.0,0,342,1,4,0.6274,0.2618,GREEN,38,Chennai
CLM0008908,CHE_04054,Tambaram,2020-06-07,19,0,0,0,1,0,0,1,1,1,0.0,0.86034,0,1.0,1,5,3,12,0.98,0.0963,GREEN,41,Chennai
CLM0008909,CHE_06818,Porur,2023-09-07,8,0,0,0,0,0,0,0,0,0,0.0,0.258472,0,0.0,0,146,4,2,0.0525,0.0278,GREEN,34,Chennai
CLM0008910,CHE_01883,Anna Nagar,2024-01-05,10,0,0,0,0,0,0,1,0,0,0.0,0.145901,0,0.0,1,27,3,3,0.5112,0.0898,GREEN,62,Chennai
CLM0008911,CHE_05977,Velachery,2023-12-31,21,0,1,1,0,0,0,0,1,0,0.0,0.996218,0,0.0,0,164,4,2,0.8088,0.2125,GREEN,48,Chennai
CLM0008912,CHE_01365,Porur,2022-08-23,16,0,0,0,0,0,0,0,1,0,0.0,0.375139,0,0.0,0,183,2,5,0.2422,0.1097,GREEN,51,Chennai
CLM0008913,CHE_02090,Adyar,2024-04-22,10,0,0,0,0,0,0,0,0,0,0.0,0.324342,0,0.0,0,413,2,3,0.98,0.0,GREEN,46,Chennai
CLM0008914,CHE_03739,Sholinganallur,2020-10-04,19,0,0,0,0,0,0,0,1,0,0.0,0.197453,0,0.0,0,372,0,4,0.6685,0.0908,GREEN,35,Chennai
CLM0008915,CHE_08555,Velachery,2024-06-02,15,0,0,0,0,0,0,0,0,0,0.0,0.317759,0,0.0,0,375,2,0,0.6702,0.0,GREEN,33,Chennai
CLM0008916,CHE_02476,Perambur,2024-03-27,16,0,0,0,0,0,0,0,0,0,0.0,0.316326,0,0.0,0,50,4,4,0.1721,0.0,GREEN,52,Chennai
CLM0008917,CHE_08404,Tambaram,2025-09-06,13,0,0,0,0,0,0,0,0,0,0.0,0.096732,0,0.0,0,100,2,1,0.5631,0.0,GREEN,32,Chennai
CLM0008918,CHE_03589,Sholinganallur,2020-06-29,9,0,0,0,0,0,0,0,0,0,0.0,0.210342,1,0.0,0,420,1,2,0.1044,0.0969,GREEN,36,Chennai
CLM0008919,CHE_04525,Tambaram,2017-08-15,11,0,0,0,0,0,0,0,0,0,0.0,0.434152,0,0.0,0,227,4,6,0.4039,0.0343,GREEN,50,Chennai
CLM0008920,CHE_09541,Adyar,2023-05-16,21,0,0,0,0,0,0,0,0,0,0.0,0.054518,0,0.0,0,253,1,0,0.7495,0.0925,GREEN,47,Chennai
CLM0008921,CHE_00962,Perambur,2020-09-08,19,0,0,0,1,0,0,0,0,0,0.0,0.328734,0,0.0,0,67,1,4,0.6144,0.0779,GREEN,50,Chennai
CLM0008922,CHE_08202,Chromepet,2023-05-06,14,0,0,0,0,0,0,0,0,0,0.0,0.344768,0,0.0,0,420,0,0,0.8309,0.0,GREEN,47,Chennai
CLM0008923,CHE_08383,Perambur,2023-06-07,19,0,0,0,0,0,0,0,0,0,0.0,0.083003,0,0.0,0,78,3,1,0.5314,0.0,GREEN,21,Chennai
CLM0008924,CHE_01763,Adyar,2025-03-05,8,0,0,0,0,0,0,0,0,1,0.0,0.0,0,0.0,0,48,3,1,0.9052,0.1551,GREEN,45,Chennai
CLM0008925,CHE_02548,Porur,2022-09-13,19,0,0,0,0,0,0,0,0,0,0.0,0.468746,0,0.0,0,233,3,6,0.7155,0.043,GREEN,31,Chennai
CLM0008926,CHE_09024,Porur,2024-08-28,14,0,0,0,0,0,0,0,0,0,0.0,0.020171,0,0.0,0,26,4,4,0.5395,0.0229,GREEN,42,Chennai
CLM0008927,CHE_07135,Adyar,2024-07-11,16,0,0,0,0,0,0,0,0,0,0.0,0.205014,0,1.0,0,414,0,1,0.5466,0.0369,GREEN,43,Chennai
CLM0008928,CHE_07074,Chromepet,2023-05-25,7,0,0,0,0,0,0,0,0,0,0.0,0.04701,0,0.0,0,374,2,0,0.6567,0.0,GREEN,56,Chennai
CLM0008929,CHE_01018,Perambur,2024-06-18,7,0,0,0,0,0,0,0,0,0,0.0,0.21154,0,0.0,0,8,2,1,0.5542,0.1033,GREEN,54,Chennai
CLM0008930,CHE_05923,Sholinganallur,2025-03-01,18,0,0,0,0,0,0,0,0,0,0.0,0.109968,0,0.0,1,57,0,0,0.0502,0.0295,GREEN,38,Chennai
CLM0008931,CHE_02278,Adyar,2024-12-05,19,0,0,0,0,0,0,0,0,0,0.0,0.156352,0,0.0,0,420,1,3,0.8365,0.0152,GREEN,31,Chennai
CLM0008932,CHE_04824,Velachery,2023-10-08,14,0,0,0,0,0,0,0,0,0,0.0,0.291547,0,0.0,0,112,0,4,0.7726,0.0347,GREEN,47,Chennai
CLM0008933,CHE_03574,Guindy,2023-12-19,21,0,0,0,0,0,0,0,0,0,0.0,0.033292,0,0.0,0,420,0,3,0.05,0.0,GREEN,59,Chennai
CLM0008934,CHE_04338,Guindy,2024-08-08,17,0,0,0,0,0,0,0,0,0,0.0,1.0,0,0.0,0,420,1,5,0.5977,0.0,GREEN,44,Chennai
CLM0008935,CHE_03558,Guindy,2024-11-26,20,0,0,0,0,0,1,0,0,0,0.0,1.0,0,1.0,0,77,0,3,0.4527,0.0697,GREEN,45,Chennai
CLM0008936,CHE_05105,Anna Nagar,2023-08-19,14,0,0,0,0,0,0,0,0,0,0.0,0.323039,0,1.0,0,420,0,2,0.7907,0.0882,GREEN,20,Chennai
CLM0008937,CHE_07637,Anna Nagar,2025-06-27,9,0,0,0,0,0,0,0,1,0,0.0,0.165338,0,0.0,0,190,4,1,0.7133,0.1077,GREEN,38,Chennai
CLM0008938,CHE_09893,Adyar,2025-07-21,15,0,0,0,0,0,0,0,0,0,0.0,1.0,0,0.0,0,23,2,0,0.5195,0.0849,GREEN,36,Chennai
CLM0008939,CHE_04476,Guindy,2024-07-18,20,0,0,0,0,0,0,0,0,0,0.0,0.0,0,0.0,0,166,3,4,0.7128,0.09,GREEN,49,Chennai
CLM0008940,CHE_01499,Perambur,2025-08-20,19,0,0,0,0,1,1,0,1,0,0.0,1.0,0,0.0,0,263,4,8,0.84,0.3215,YELLOW,50,Chennai
CLM0008941,CHE_08324,Chromepet,2020-06-26,11,0,0,0,0,0,0,0,0,0,1.0,1.0,0,1.0,0,314,4,3,0.5305,0.0188,GREEN,52,Chennai
CLM0008942,CHE_07451,T Nagar,2018-04-27,9,0,0,0,0,0,0,1,0,0,0.0,1.0,0,0.0,0,402,2,0,0.923,0.1433,GREEN,21,Chennai
CLM0008943,CHE_06838,Adyar,2020-10-30,8,0,0,0,0,0,0,0,0,0,0.0,0.212277,0,0.0,0,420,0,4,0.977,0.0933,GREEN,37,Chennai
CLM0008944,CHE_04992,Porur,2020-03-21,15,0,0,0,0,0,0,0,0,1,0.0,0.29672,0,0.0,0,201,2,5,0.2046,0.1221,GREEN,40,Chennai
CLM0008945,CHE_03422,T Nagar,2024-10-31,8,0,0,0,0,0,0,0,0,0,0.0,0.181688,0,0.0,0,420,1,2,0.656,0.0639,GREEN,51,Chennai
CLM0008946,CHE_09892,Tambaram,2021-02-19,13,0,0,0,0,0,0,0,1,0,0.0,0.215354,0,0.0,0,343,4,3,0.5902,0.0026,GREEN,30,Chennai
CLM0008947,CHE_09732,Anna Nagar,2020-08-11,20,0,0,0,0,0,0,1,0,0,0.0,0.26395,0,1.0,0,43,0,2,0.98,0.0724,GREEN,35,Chennai
CLM0008948,CHE_08357,Velachery,2019-02-22,20,0,0,0,0,0,0,1,0,0,0.0,0.040343,0,0.0,0,102,4,3,0.6993,0.0504,GREEN,36,Chennai
CLM0008949,CHE_00295,Porur,2023-08-24,21,0,0,0,0,0,0,0,0,0,0.0,0.972987,0,0.0,0,420,1,0,0.5734,0.0098,GREEN,29,Chennai
CLM0008950,CHE_03953,T Nagar,2023-12-28,21,0,0,0,0,0,1,0,0,0,0.0,0.320414,0,0.0,0,369,0,0,0.8292,0.0261,GREEN,39,Chennai
CLM0008951,CHE_04786,Guindy,2019-01-11,9,0,0,0,0,0,0,0,0,1,0.0,0.31227,0,1.0,0,375,4,2,0.8365,0.0994,GREEN,54,Chennai
CLM0008952,CHE_06074,Sholinganallur,2023-12-19,21,0,0,0,0,0,0,0,0,0,0.0,0.092366,0,0.0,0,313,2,0,0.98,0.0751,GREEN,43,Chennai
CLM0008953,CHE_06557,Anna Nagar,2021-12-22,14,0,0,0,0,0,0,0,0,0,0.0,0.332057,0,0.0,0,245,2,0,0.1999,0.0,GREEN,35,Chennai
CLM0008954,CHE_02319,Tambaram,2025-08-16,10,0,0,0,0,0,0,0,0,0,0.0,0.13987,0,0.0,0,90,0,3,0.8125,0.0,GREEN,49,Chennai
CLM0008955,CHE_06547,Sholinganallur,2022-12-06,12,0,0,0,0,0,0,0,0,0,0.0,0.979183,0,0.0,0,412,3,3,0.651,0.0607,GREEN,46,Chennai
CLM0008956,CHE_01321,Anna Nagar,2020-08-13,16,0,0,0,0,1,0,0,0,0,0.0,0.012429,0,1.0,0,390,3,0,0.5891,0.0744,GREEN,26,Chennai
CLM0008957,CHE_04546,T Nagar,2025-12-29,7,0,0,0,1,0,0,0,0,0,0.0,0.162899,0,0.0,0,231,1,1,0.5717,0.2094,GREEN,18,Chennai
CLM0008958,CHE_04054,Tambaram,2022-10-19,14,0,0,0,0,0,0,0,0,0,0.0,0.990948,0,0.0,0,270,4,2,0.9246,0.0257,GREEN,41,Chennai
CLM0008959,CHE_02339,Adyar,2022-04-02,20,0,0,0,0,0,0,0,0,1,0.0,0.984036,0,0.0,0,420,3,1,0.8959,0.1635,GREEN,33,Chennai
CLM0008960,CHE_09432,Anna Nagar,2023-08-06,21,0,0,0,0,0,1,0,0,0,0.0,0.043059,0,0.0,0,346,2,0,0.8033,0.0,GREEN,45,Chennai
CLM0008961,CHE_09351,Sholinganallur,2023-09-01,20,0,0,0,0,0,0,1,0,1,1.0,1.0,1,1.0,1,5,4,18,0.0763,0.1154,GREEN,23,Chennai
CLM0008962,CHE_09300,Perambur,2024-06-16,14,0,0,0,0,0,0,0,0,0,0.0,0.341044,0,0.0,0,317,4,2,0.2747,0.0,GREEN,46,Chennai
CLM0008963,CHE_01882,Chromepet,2024-10-17,8,0,0,0,0,0,0,0,0,0,0.0,0.090814,0,0.0,0,215,2,0,0.5009,0.0246,GREEN,34,Chennai
CLM0008964,CHE_06307,Tambaram,2024-10-09,13,0,0,0,0,0,0,0,0,0,0.0,0.354038,0,0.0,0,420,3,1,0.7169,0.0,GREEN,32,Chennai
CLM0008965,CHE_07552,Perambur,2021-06-30,21,0,0,0,0,1,0,0,0,0,0.0,0.246518,0,0.0,0,26,3,1,0.7406,0.1629,GREEN,39,Chennai
CLM0008966,CHE_00095,Tambaram,2022-07-12,18,0,0,0,0,0,0,0,0,0,0.0,0.153581,0,0.0,0,138,2,2,0.1762,0.0613,GREEN,36,Chennai
CLM0008967,CHE_04780,Adyar,2025-03-05,13,0,0,0,0,0,0,0,0,0,0.0,0.985736,0,0.0,0,125,0,5,0.8596,0.0145,GREEN,18,Chennai
CLM0008968,CHE_01617,T Nagar,2023-12-13,18,0,0,0,0,0,1,0,0,0,0.0,0.092076,0,0.0,0,341,3,3,0.5551,0.1058,GREEN,28,Chennai
CLM0008969,CHE_01218,T Nagar,2025-12-20,14,0,0,0,0,0,0,0,0,0,0.0,0.0,0,1.0,0,127,3,5,0.9027,0.0,GREEN,18,Chennai
CLM0008970,CHE_05098,Guindy,2022-10-21,17,0,0,0,0,0,1,0,0,0,0.0,0.188204,0,0.0,1,151,1,3,0.6804,0.2081,GREEN,39,Chennai
CLM0008971,CHE_00284,Perambur,2019-03-31,15,0,1,1,0,0,0,0,0,0,0.0,0.167098,0,0.0,0,322,1,0,0.97,0.0,GREEN,36,Chennai
CLM0008972,CHE_01642,Adyar,2022-07-24,15,0,0,0,0,1,0,0,0,0,0.0,0.217764,0,0.0,0,129,2,3,0.6881,0.1315,GREEN,45,Chennai
CLM0008973,CHE_08438,Velachery,2025-09-07,21,0,0,0,0,0,0,0,0,0,0.0,0.407092,0,0.0,0,399,1,6,0.7525,0.0,GREEN,19,Chennai
CLM0008974,CHE_07683,Tambaram,2025-12-10,12,0,0,0,0,0,0,0,1,0,1.0,0.0,0,0.0,1,235,0,7,0.9615,0.2786,GREEN,32,Chennai
CLM0008975,CHE_06290,Tambaram,2025-12-12,8,0,0,0,0,0,0,0,0,0,0.0,0.374022,0,0.0,0,147,2,3,0.6216,0.0,GREEN,38,Chennai
CLM0008976,CHE_02865,Adyar,2025-07-03,16,0,0,0,0,0,0,0,0,0,0.0,0.365368,0,0.0,0,275,0,0,0.98,0.0,GREEN,38,Chennai
CLM0008977,CHE_05625,Chromepet,2025-05-22,18,0,0,0,0,0,0,0,0,0,0.0,0.897587,0,0.0,0,420,3,2,0.5175,0.027,GREEN,41,Chennai
CLM0008978,CHE_03960,Chromepet,2025-05-16,7,0,0,0,0,0,0,0,0,0,0.0,0.142346,0,0.0,0,24,1,0,0.8421,0.0779,GREEN,43,Chennai
CLM0008979,CHE_02278,Adyar,2025-10-06,7,0,0,0,0,0,0,0,1,0,0.0,0.037021,0,0.0,0,210,4,3,0.5731,0.0176,GREEN,31,Chennai
CLM0008980,CHE_06073,T Nagar,2025-05-20,15,0,0,0,0,0,0,0,1,0,0.0,0.385302,0,0.0,0,115,0,3,0.05,0.15,GREEN,29,Chennai
CLM0008981,CHE_04780,Adyar,2025-02-20,17,0,0,0,0,0,0,1,1,0,0.0,0.238581,0,0.0,0,246,1,4,0.7683,0.1603,GREEN,18,Chennai
CLM0008982,CHE_08753,Perambur,2018-12-21,18,0,0,0,0,0,0,0,0,0,0.0,0.246662,0,0.0,0,288,0,4,0.7281,0.0261,GREEN,29,Chennai
CLM0008983,CHE_06790,T Nagar,2021-10-14,12,0,0,0,0,0,0,0,0,0,0.0,0.144018,0,0.0,0,38,2,1,0.5244,0.0432,GREEN,39,Chennai
CLM0008984,CHE_08162,Guindy,2025-11-10,11,0,0,0,0,0,0,0,0,0,0.0,0.207921,0,0.0,0,37,0,0,0.05,0.0434,GREEN,55,Chennai
CLM0008985,CHE_02060,Perambur,2022-12-25,11,0,0,0,0,0,0,0,0,0,0.0,0.161726,0,0.0,0,319,4,4,0.8546,0.0,GREEN,44,Chennai
CLM0008986,CHE_01374,Perambur,2023-01-15,18,0,0,0,1,0,0,0,1,0,0.0,0.039619,0,0.0,1,5,1,18,0.9528,0.0,GREEN,43,Chennai
CLM0008987,CHE_07837,Guindy,2019-09-25,18,0,0,0,0,0,0,0,0,0,0.0,0.255505,0,0.0,0,307,4,3,0.9316,0.0967,GREEN,54,Chennai
CLM0008988,CHE_01111,Sholinganallur,2025-08-03,20,0,0,0,0,0,0,0,0,0,0.0,0.0,0,0.0,0,401,4,2,0.935,0.0,GREEN,31,Chennai
CLM0008989,CHE_06431,Tambaram,2019-01-04,8,0,0,0,0,0,0,0,0,0,0.0,0.110788,0,0.0,0,46,0,0,0.0591,0.0,GREEN,41,Chennai
CLM0008990,CHE_01286,Adyar,2023-05-01,7,0,0,0,1,0,1,0,0,0,0.0,0.012458,0,0.0,0,420,4,1,0.622,0.258,GREEN,51,Chennai
CLM0008991,CHE_03992,T Nagar,2024-04-25,14,0,0,0,0,0,0,0,0,0,0.0,1.0,0,0.0,1,32,2,0,0.8079,0.05,GREEN,46,Chennai
CLM0008992,CHE_06756,Velachery,2022-07-16,20,0,0,0,0,0,0,0,0,0,0.0,0.121139,0,0.0,0,304,0,3,0.7495,0.0046,GREEN,39,Chennai
CLM0008993,CHE_02800,Guindy,2022-03-14,14,0,0,0,1,1,0,1,0,1,0.0,0.121809,1,0.0,1,8,3,18,0.7437,0.1849,GREEN,36,Chennai
CLM0008994,CHE_08898,Porur,2022-02-02,19,0,0,0,0,0,0,0,0,0,0.0,0.097969,0,0.0,0,177,3,0,0.9193,0.0,GREEN,26,Chennai
CLM0008995,CHE_01996,Adyar,2022-05-29,21,0,0,0,0,0,0,0,0,0,0.0,0.257765,0,0.0,0,223,3,2,0.5777,0.0534,GREEN,32,Chennai
CLM0008996,CHE_07485,Adyar,2020-04-04,20,0,0,0,1,1,0,0,0,1,0.0,0.42838,0,0.0,0,420,4,2,0.98,0.3979,YELLOW,51,Chennai
CLM0008997,CHE_02777,Porur,2024-05-11,21,0,0,0,0,0,1,0,0,0,0.0,1.0,1,0.0,0,379,2,5,0.5563,0.1002,GREEN,40,Chennai
CLM0008998,CHE_03958,T Nagar,2023-09-20,14,0,0,0,0,0,0,0,0,0,0.0,0.085847,0,0.0,0,367,2,1,0.7002,0.0,GREEN,44,Chennai
CLM0008999,CHE_04447,Guindy,2025-07-02,16,0,0,0,0,0,1,0,0,0,0.0,0.281958,0,0.0,0,403,2,6,0.7727,0.1533,GREEN,48,Chennai
CLM0009000,CHE_05765,Guindy,2024-07-17,18,0,0,0,0,0,0,0,0,0,0.0,0.311882,0,0.0,0,175,1,0,0.8529,0.1296,GREEN,52,Chennai
CLM0009001,CHE_06408,Sholinganallur,2025-07-28,14,0,1,1,0,0,0,0,0,0,0.0,0.040173,0,0.0,0,176,1,3,0.9242,0.1206,GREEN,30,Chennai
CLM0009002,CHE_02405,Guindy,2023-11-17,9,0,0,0,1,0,0,0,0,0,0.0,0.218487,0,0.0,0,73,2,0,0.8448,0.1067,GREEN,27,Chennai
CLM0009003,CHE_00415,Adyar,2025-01-12,21,0,0,0,0,0,0,0,0,1,0.0,0.296358,0,0.0,0,24,3,3,0.98,0.1915,GREEN,28,Chennai
CLM0009004,CHE_06424,T Nagar,2020-12-09,11,0,0,0,0,0,0,1,0,0,0.0,0.989975,0,0.0,0,420,2,0,0.7902,0.0,GREEN,30,Chennai
CLM0009005,CHE_02396,Sholinganallur,2022-07-14,15,0,0,0,1,0,0,0,0,0,1.0,0.43158,0,0.0,0,25,1,3,0.98,0.205,GREEN,39,Chennai
CLM0009006,CHE_00325,Velachery,2023-12-30,12,0,0,0,1,0,0,0,0,0,0.0,1.0,0,0.0,0,420,2,1,0.5345,0.201,GREEN,29,Chennai
CLM0009007,CHE_04321,Sholinganallur,2023-05-24,13,0,0,0,0,0,0,0,0,0,0.0,0.084039,0,0.0,1,420,1,2,0.98,0.0661,GREEN,51,Chennai
CLM0009008,CHE_08732,Anna Nagar,2025-10-13,8,0,0,0,0,0,0,0,0,0,0.0,0.973887,0,0.0,0,420,4,4,0.05,0.0644,GREEN,32,Chennai
CLM0009009,CHE_04763,Adyar,2022-07-08,11,0,0,0,0,0,1,0,0,0,0.0,0.341483,0,0.0,1,395,1,2,0.98,0.2443,GREEN,43,Chennai
CLM0009010,CHE_00078,Chromepet,2023-03-20,14,0,0,0,0,0,1,0,0,0,1.0,0.262811,0,0.0,0,385,2,0,0.7601,0.1418,GREEN,38,Chennai
CLM0009011,CHE_02152,Guindy,2022-12-28,15,0,0,0,0,0,0,0,0,0,0.0,0.152555,0,0.0,0,409,1,2,0.7104,0.0076,GREEN,19,Chennai
CLM0009012,CHE_04150,Guindy,2024-01-20,8,0,0,0,0,0,0,1,0,0,0.0,1.0,0,0.0,0,23,2,1,0.1288,0.1026,GREEN,27,Chennai
CLM0009013,CHE_04029,Sholinganallur,2025-03-30,14,0,0,0,0,0,1,0,0,0,0.0,0.20012,0,0.0,0,135,4,4,0.8518,0.0516,GREEN,26,Chennai
CLM0009014,CHE_05948,Velachery,2022-10-16,17,0,0,0,0,0,0,0,0,0,0.0,0.003876,0,0.0,0,50,2,0,0.7526,0.0527,GREEN,49,Chennai
CLM0009015,CHE_03818,Tambaram,2023-08-02,20,0,0,0,0,0,0,0,0,0,0.0,0.30682,0,0.0,0,295,2,3,0.1742,0.0269,GREEN,26,Chennai
CLM0009016,CHE_05785,Porur,2024-04-26,11,0,0,0,0,0,0,0,0,0,0.0,0.092847,0,0.0,0,84,3,2,0.6543,0.0,GREEN,28,Chennai
CLM0009017,CHE_03610,Sholinganallur,2022-11-21,9,0,0,0,0,0,1,0,1,0,0.0,0.19842,0,0.0,0,194,1,3,0.8884,0.1596,GREEN,37,Chennai
CLM0009018,CHE_09952,Perambur,2021-06-08,14,0,0,0,0,0,0,1,0,0,0.0,0.302566,0,0.0,0,420,1,1,0.8671,0.0989,GREEN,57,Chennai
CLM0009019,CHE_03177,Sholinganallur,2025-07-27,11,0,0,0,0,0,0,0,0,0,0.0,0.211647,0,0.0,0,420,2,1,0.849,0.0781,GREEN,25,Chennai
CLM0009020,CHE_02748,Tambaram,2023-11-17,13,0,0,0,0,0,1,0,0,0,0.0,0.139138,0,0.0,0,46,3,0,0.7494,0.1047,GREEN,37,Chennai
CLM0009021,CHE_07489,Adyar,2025-07-14,8,0,0,0,0,0,0,0,1,0,0.0,0.23081,0,0.0,0,133,3,0,0.6276,0.123,GREEN,53,Chennai
CLM0009022,CHE_08932,Anna Nagar,2025-07-25,13,0,0,0,0,0,0,0,0,0,0.0,0.022148,0,0.0,0,366,0,1,0.9234,0.0561,GREEN,54,Chennai
CLM0009023,CHE_09110,Chromepet,2023-01-04,14,0,0,0,1,0,0,0,0,0,0.0,0.079566,0,0.0,1,374,0,7,0.9176,0.161,GREEN,32,Chennai
CLM0009024,CHE_06742,Tambaram,2024-12-08,14,0,0,0,0,0,0,0,0,0,0.0,0.231206,0,0.0,0,71,0,4,0.6778,0.0,GREEN,18,Chennai
CLM0009025,CHE_05682,T Nagar,2022-12-25,18,0,0,0,0,0,0,0,0,0,0.0,0.022845,0,1.0,0,165,4,4,0.6245,0.0113,GREEN,27,Chennai
CLM0009026,CHE_04157,T Nagar,2022-06-04,18,0,1,1,0,0,0,0,0,0,0.0,0.0,0,1.0,0,413,1,0,0.6546,0.0,GREEN,36,Chennai
CLM0009027,CHE_08081,Tambaram,2022-04-05,8,0,1,1,0,0,1,0,0,1,0.0,0.332334,0,0.0,0,43,0,0,0.5643,0.3142,YELLOW,19,Chennai
CLM0009028,CHE_05230,Chromepet,2022-06-16,16,0,0,0,0,0,0,0,0,0,0.0,0.206471,0,0.0,0,323,0,0,0.4789,0.0,GREEN,53,Chennai
CLM0009029,CHE_01190,Adyar,2022-05-29,17,0,0,0,0,0,0,0,0,0,0.0,0.161843,0,0.0,0,83,0,1,0.9773,0.1178,GREEN,41,Chennai
CLM0009030,CHE_05795,Perambur,2024-12-23,15,0,0,0,1,1,0,1,1,1,1.0,0.081122,0,1.0,1,37,2,18,0.05,0.024,GREEN,21,Chennai
CLM0009031,CHE_01579,Anna Nagar,2025-07-20,20,0,0,0,0,0,0,0,0,0,0.0,0.105808,1,0.0,0,338,1,3,0.7627,0.1386,GREEN,50,Chennai
CLM0009032,CHE_05015,Sholinganallur,2023-07-27,10,0,0,0,0,0,0,0,0,0,1.0,0.069956,0,0.0,0,66,3,2,0.9759,0.128,GREEN,18,Chennai
CLM0009033,CHE_09182,Chromepet,2025-08-28,13,0,0,0,1,0,1,0,1,1,0.0,1.0,0,1.0,0,5,0,18,0.4312,0.0792,GREEN,29,Chennai
CLM0009034,CHE_09344,Guindy,2023-10-26,16,0,0,0,0,0,0,0,1,0,0.0,1.0,0,0.0,0,140,2,0,0.1005,0.1282,GREEN,41,Chennai
CLM0009035,CHE_08248,Guindy,2023-01-06,9,0,0,0,0,0,0,0,0,1,0.0,0.321742,1,0.0,0,217,3,3,0.5276,0.1954,GREEN,45,Chennai
CLM0009036,CHE_08324,Chromepet,2024-08-14,12,0,0,0,0,0,0,0,0,0,0.0,0.141894,0,0.0,0,315,4,5,0.2825,0.0152,GREEN,52,Chennai
CLM0009037,CHE_08661,Velachery,2025-07-12,19,0,0,0,0,0,0,0,0,0,0.0,0.095136,0,0.0,0,324,0,7,0.8263,0.0784,GREEN,31,Chennai
CLM0009038,CHE_09844,Anna Nagar,2023-03-18,19,0,0,0,1,0,0,1,0,1,0.0,0.059207,0,0.0,1,33,4,18,0.8573,0.0,GREEN,41,Chennai
CLM0009039,CHE_09847,Porur,2023-01-09,10,0,0,0,0,0,0,0,0,1,0.0,0.258343,0,0.0,0,259,0,0,0.6774,0.0715,GREEN,46,Chennai
CLM0009040,CHE_02994,Tambaram,2023-02-28,7,0,0,0,0,0,0,0,0,0,0.0,0.334971,0,0.0,0,270,2,4,0.9392,0.0093,GREEN,46,Chennai
CLM0009041,CHE_03598,Porur,2017-01-13,15,0,0,0,0,0,0,0,0,0,0.0,0.112498,0,0.0,0,375,4,0,0.6591,0.0,GREEN,34,Chennai
CLM0009042,CHE_00827,Sholinganallur,2017-07-14,13,0,0,0,0,0,0,0,0,0,0.0,0.360278,0,0.0,0,298,1,0,0.8907,0.0546,GREEN,31,Chennai
CLM0009043,CHE_05233,Chromepet,2021-03-13,21,0,0,0,0,0,0,0,0,1,0.0,0.296698,0,0.0,0,420,3,0,0.9095,0.1105,GREEN,41,Chennai
CLM0009044,CHE_04588,Guindy,2018-11-06,15,0,0,0,0,0,0,0,0,0,0.0,0.278312,1,0.0,0,192,2,2,0.5422,0.0939,GREEN,48,Chennai
CLM0009045,CHE_07464,Velachery,2023-09-11,15,0,0,0,0,0,0,0,0,0,0.0,0.0,0,0.0,0,384,4,1,0.757,0.068,GREEN,56,Chennai
CLM0009046,CHE_05545,Chromepet,2017-10-12,19,0,0,0,0,0,0,0,0,0,0.0,0.195511,0,0.0,0,420,4,1,0.7263,0.1389,GREEN,34,Chennai
CLM0009047,CHE_02897,Sholinganallur,2017-01-24,7,0,0,0,0,0,0,0,0,0,0.0,0.23786,0,1.0,0,159,3,0,0.6552,0.0482,GREEN,47,Chennai
CLM0009048,CHE_04579,Chromepet,2017-06-24,20,0,0,0,0,0,0,1,0,0,0.0,0.067174,0,0.0,0,420,0,4,0.98,0.1178,GREEN,43,Chennai
CLM0009049,CHE_04086,Sholinganallur,2022-04-26,8,0,0,0,0,0,0,0,0,0,0.0,0.23683,0,0.0,0,131,0,3,0.7911,0.0,GREEN,39,Chennai
CLM0009050,CHE_04048,Chromepet,2018-11-02,7,0,0,0,0,0,1,0,0,0,1.0,0.076122,0,0.0,0,216,4,3,0.7186,0.1327,GREEN,40,Chennai
CLM0009051,CHE_01497,Porur,2025-12-07,8,0,0,0,0,0,0,0,0,0,0.0,0.390803,0,0.0,0,179,1,3,0.8192,0.0511,GREEN,18,Chennai
CLM0009052,CHE_06022,Chromepet,2020-10-13,12,0,0,0,0,0,0,0,1,0,0.0,0.041848,0,0.0,0,420,0,4,0.98,0.1239,GREEN,40,Chennai
CLM0009053,CHE_05495,T Nagar,2024-11-08,14,0,0,0,0,0,0,0,0,0,0.0,0.131348,0,1.0,0,134,2,1,0.9039,0.0617,GREEN,18,Chennai
CLM0009054,CHE_03825,Porur,2017-05-28,12,0,0,0,0,0,0,0,0,0,1.0,0.324549,0,1.0,0,142,4,1,0.4512,0.0533,GREEN,19,Chennai
CLM0009055,CHE_06630,Chromepet,2021-07-19,14,0,0,0,0,0,1,0,1,0,0.0,0.0,0,0.0,0,365,0,2,0.547,0.1613,GREEN,47,Chennai
CLM0009056,CHE_08775,Porur,2020-11-01,9,0,0,0,0,0,1,1,0,0,0.0,0.066478,0,0.0,0,364,3,6,0.5471,0.1773,GREEN,40,Chennai
CLM0009057,CHE_09928,Chromepet,2021-05-22,11,0,1,1,0,0,0,0,0,0,0.0,0.0,0,0.0,0,237,0,0,0.8769,0.0157,GREEN,33,Chennai
CLM0009058,CHE_07117,Porur,2020-03-26,10,0,0,0,0,0,0,0,0,0,1.0,0.276548,1,0.0,0,413,4,4,0.9188,0.2198,GREEN,30,Chennai
CLM0009059,CHE_00760,T Nagar,2023-02-13,13,0,0,0,0,0,0,0,0,0,1.0,0.04529,0,0.0,0,388,4,0,0.8659,0.1789,GREEN,34,Chennai
CLM0009060,CHE_08616,Guindy,2023-04-12,10,0,0,0,0,0,0,0,0,0,0.0,0.305544,0,0.0,0,127,1,2,0.7409,0.0388,GREEN,34,Chennai
CLM0009061,CHE_06799,Perambur,2023-01-09,9,0,0,0,0,0,0,0,0,0,0.0,0.292964,0,0.0,0,188,3,4,0.8487,0.0434,GREEN,29,Chennai
CLM0009062,CHE_00921,Tambaram,2023-02-11,18,0,0,0,0,1,1,1,1,1,0.0,0.063718,0,0.0,1,5,2,18,0.9126,0.0,GREEN,35,Chennai
CLM0009063,CHE_05671,Guindy,2025-04-29,9,0,0,0,0,0,0,0,0,0,0.0,0.166654,0,0.0,0,420,1,2,0.2128,0.0529,GREEN,55,Chennai
CLM0009064,CHE_06353,Anna Nagar,2025-08-14,8,0,0,0,0,0,0,0,0,0,0.0,0.105342,0,0.0,0,269,3,1,0.8607,0.087,GREEN,46,Chennai
CLM0009065,CHE_03272,Perambur,2023-09-06,20,0,0,0,0,0,0,0,0,0,0.0,0.899947,0,0.0,0,38,4,3,0.4262,0.0,GREEN,32,Chennai
CLM0009066,CHE_07708,Guindy,2025-08-27,14,0,1,1,0,0,0,0,0,0,0.0,1.0,0,0.0,0,160,3,4,0.4148,0.0,GREEN,37,Chennai
CLM0009067,CHE_00182,Anna Nagar,2023-07-16,17,0,1,1,0,0,0,0,0,0,0.0,0.392189,0,0.0,0,413,3,5,0.6727,0.0173,GREEN,44,Chennai
CLM0009068,CHE_01663,Anna Nagar,2024-05-29,9,0,0,0,0,0,0,0,0,0,0.0,0.347106,0,0.0,0,420,0,1,0.98,0.0531,GREEN,38,Chennai
CLM0009069,CHE_07824,Perambur,2024-11-22,12,0,0,0,0,0,0,0,0,0,0.0,1.0,0,0.0,0,420,4,2,0.8522,0.0,GREEN,30,Chennai
CLM0009070,CHE_04551,Adyar,2023-06-14,18,0,0,0,0,0,0,0,0,0,0.0,0.452247,0,0.0,0,174,0,3,0.98,0.0,GREEN,51,Chennai
CLM0009071,CHE_03233,Sholinganallur,2024-04-16,19,0,0,0,0,0,0,0,0,0,0.0,0.237605,0,0.0,0,361,4,5,0.7118,0.0,GREEN,57,Chennai
CLM0009072,CHE_03765,Perambur,2024-09-26,17,0,0,0,0,0,0,0,0,0,0.0,0.950309,0,0.0,0,125,1,2,0.6333,0.0193,GREEN,49,Chennai
CLM0009073,CHE_03101,Guindy,2025-02-18,11,0,0,0,0,1,0,0,0,0,1.0,0.0,0,0.0,0,420,4,5,0.4876,0.1973,GREEN,64,Chennai
CLM0009074,CHE_07407,Velachery,2025-10-28,8,0,0,0,0,0,0,0,0,1,0.0,0.090209,0,0.0,0,374,2,0,0.8727,0.1463,GREEN,43,Chennai
CLM0009075,CHE_00916,Perambur,2024-05-15,11,0,0,0,0,0,0,0,1,0,0.0,0.221433,0,0.0,0,207,3,5,0.9032,0.1115,GREEN,32,Chennai
CLM0009076,CHE_06263,Chromepet,2025-02-08,14,0,0,0,0,0,0,0,0,0,1.0,0.120537,0,0.0,0,27,3,2,0.5093,0.1436,GREEN,40,Chennai
CLM0009077,CHE_09205,Sholinganallur,2024-08-01,20,0,0,0,0,0,0,0,0,1,1.0,0.139137,0,0.0,0,420,2,1,0.9478,0.2045,GREEN,34,Chennai
CLM0009078,CHE_06163,Chromepet,2024-04-22,11,0,0,0,0,0,0,1,0,0,1.0,0.222197,1,0.0,0,177,3,4,0.1493,0.1815,GREEN,60,Chennai
CLM0009079,CHE_05625,Chromepet,2025-10-27,14,0,0,0,1,0,0,0,0,0,0.0,0.224777,0,0.0,0,384,1,5,0.5368,0.1742,GREEN,41,Chennai
CLM0009080,CHE_09398,Porur,2024-07-17,14,0,0,0,1,0,1,0,0,0,0.0,0.293278,0,0.0,0,383,0,3,0.6714,0.3163,YELLOW,26,Chennai
CLM0009081,CHE_04203,Guindy,2025-02-16,20,0,0,0,0,0,0,0,0,1,0.0,0.130278,0,0.0,0,347,0,1,0.5204,0.124,GREEN,38,Chennai
CLM0009082,CHE_07501,Tambaram,2025-03-21,12,0,0,0,0,0,0,0,0,0,0.0,0.137255,0,0.0,0,19,1,2,0.9233,0.0,GREEN,37,Chennai
CLM0009083,CHE_04161,Perambur,2022-11-08,7,0,0,0,0,0,0,0,0,0,0.0,0.33405,0,0.0,0,109,4,4,0.98,0.0,GREEN,32,Chennai
CLM0009084,CHE_02409,Perambur,2021-04-12,12,0,0,0,0,0,0,0,0,0,0.0,0.281622,0,0.0,0,420,0,6,0.98,0.0,GREEN,52,Chennai
CLM0009085,CHE_05764,Adyar,2020-05-25,16,0,0,0,0,0,0,1,0,0,0.0,0.415094,1,0.0,0,420,4,3,0.4917,0.1474,GREEN,42,Chennai
CLM0009086,CHE_06612,Adyar,2019-02-01,8,0,0,0,0,0,0,0,0,0,0.0,0.033868,0,0.0,0,393,3,7,0.8261,0.0432,GREEN,34,Chennai
CLM0009087,CHE_03433,Chromepet,2023-09-12,18,0,0,0,0,0,0,0,1,0,0.0,0.921658,0,0.0,0,420,0,4,0.5778,0.1168,GREEN,49,Chennai
CLM0009088,CHE_09598,Tambaram,2024-04-05,18,0,0,0,1,1,1,1,1,1,0.0,0.369838,0,0.0,1,52,1,18,0.2256,0.0,GREEN,18,Chennai
CLM0009089,CHE_08594,Perambur,2024-08-05,8,0,0,0,0,0,0,0,0,0,0.0,0.0,0,0.0,0,357,4,1,0.5817,0.0,GREEN,35,Chennai
CLM0009090,CHE_00765,Guindy,2020-04-08,18,0,0,0,0,0,0,0,0,0,0.0,0.272164,0,0.0,0,168,4,1,0.05,0.0243,GREEN,38,Chennai
CLM0009091,CHE_01617,T Nagar,2024-06-18,9,0,0,0,0,0,1,0,0,0,0.0,0.137395,0,0.0,0,257,0,1,0.6065,0.0628,GREEN,28,Chennai
CLM0009092,CHE_00161,Velachery,2019-08-18,11,0,0,0,0,0,1,0,0,0,0.0,1.0,0,0.0,0,191,3,0,0.98,0.1513,GREEN,58,Chennai
CLM0009093,CHE_00913,Guindy,2025-06-23,10,0,0,0,0,0,1,0,0,0,0.0,0.313321,0,0.0,0,420,4,1,0.9041,0.1388,GREEN,47,Chennai
CLM0009094,CHE_09919,Sholinganallur,2022-08-17,17,0,0,0,0,0,0,0,0,0,0.0,0.161704,0,0.0,0,72,4,1,0.9093,0.0,GREEN,45,Chennai
CLM0009095,CHE_06156,Sholinganallur,2022-10-03,7,0,0,0,0,1,0,0,0,0,0.0,0.052641,0,0.0,0,98,4,3,0.6545,0.1072,GREEN,24,Chennai
CLM0009096,CHE_06492,Porur,2024-06-26,21,0,0,0,0,0,0,0,0,0,0.0,0.380966,0,0.0,0,86,4,3,0.7751,0.0,GREEN,55,Chennai
CLM0009097,CHE_00028,Tambaram,2022-06-27,21,0,0,0,0,0,0,0,0,0,1.0,0.0,0,0.0,0,237,0,3,0.6531,0.1049,GREEN,42,Chennai
CLM0009098,CHE_06409,Porur,2024-10-03,16,0,0,0,0,0,0,0,0,0,0.0,0.128167,0,0.0,0,420,2,1,0.7562,0.0339,GREEN,38,Chennai
CLM0009099,CHE_06086,T Nagar,2025-01-07,20,0,0,0,0,0,0,0,0,0,0.0,0.241309,0,0.0,0,331,3,7,0.9438,0.0744,GREEN,39,Chennai
CLM0009100,CHE_09785,Perambur,2025-07-08,14,0,0,0,0,0,0,0,0,0,0.0,0.197057,0,0.0,0,126,2,3,0.98,0.0245,GREEN,35,Chennai
CLM0009101,CHE_05324,Guindy,2023-09-08,11,0,0,0,0,1,0,0,0,0,0.0,0.262775,0,0.0,0,318,2,4,0.6463,0.053,GREEN,28,Chennai
CLM0009102,CHE_02769,Perambur,2021-06-23,14,0,0,0,0,0,0,0,0,0,0.0,0.119065,1,0.0,0,134,2,1,0.8824,0.0666,GREEN,35,Chennai
CLM0009103,CHE_09959,Guindy,2022-12-24,17,0,0,0,0,0,0,0,0,0,0.0,0.202387,0,0.0,0,283,3,0,0.8793,0.0287,GREEN,38,Chennai
CLM0009104,CHE_05511,Perambur,2024-05-07,17,0,0,0,0,0,0,0,0,1,0.0,0.059643,0,0.0,0,209,1,1,0.7059,0.091,GREEN,50,Chennai
CLM0009105,CHE_07200,Perambur,2022-11-20,11,0,1,1,0,0,0,0,0,0,0.0,0.365842,1,0.0,0,303,0,6,0.9263,0.1169,GREEN,49,Chennai
CLM0009106,CHE_01417,Sholinganallur,2024-10-31,11,0,0,0,0,0,0,0,0,0,0.0,1.0,0,0.0,0,239,2,5,0.6036,0.0,GREEN,51,Chennai
CLM0009107,CHE_03546,Sholinganallur,2024-05-21,18,0,0,0,0,0,1,0,1,0,0.0,1.0,0,0.0,0,412,1,0,0.4445,0.3264,YELLOW,63,Chennai
CLM0009108,CHE_08091,Porur,2024-01-23,16,0,0,0,0,0,0,0,0,0,0.0,0.157151,0,0.0,0,420,1,3,0.98,0.0,GREEN,39,Chennai
CLM0009109,CHE_06967,Velachery,2025-08-04,7,0,0,0,0,0,0,0,1,0,0.0,0.150487,0,0.0,0,27,3,0,0.4812,0.1578,GREEN,33,Chennai
CLM0009110,CHE_07003,Velachery,2025-11-05,17,0,0,0,1,0,0,0,0,0,0.0,0.323233,0,0.0,0,136,0,0,0.7711,0.1728,GREEN,21,Chennai
CLM0009111,CHE_08374,Anna Nagar,2024-09-05,9,0,0,0,0,0,0,0,0,0,0.0,0.1267,0,0.0,0,353,0,1,0.8175,0.0,GREEN,56,Chennai
CLM0009112,CHE_01773,Guindy,2024-01-26,10,0,0,0,0,0,0,0,0,0,0.0,0.26,0,0.0,0,340,1,4,0.6913,0.0,GREEN,31,Chennai
CLM0009113,CHE_09976,Anna Nagar,2025-01-02,17,0,0,0,0,0,0,0,0,0,0.0,0.915497,0,0.0,0,420,0,0,0.98,0.0,GREEN,51,Chennai
CLM0009114,CHE_09341,Sholinganallur,2024-11-28,11,0,0,0,0,0,0,0,0,0,0.0,0.028848,0,0.0,0,223,0,2,0.8482,0.1051,GREEN,52,Chennai
CLM0009115,CHE_01018,Perambur,2024-08-19,7,0,0,0,0,0,0,0,0,0,0.0,0.163288,0,0.0,0,8,0,3,0.5202,0.0918,GREEN,54,Chennai
CLM0009116,CHE_02565,Perambur,2024-09-13,10,0,0,0,0,0,0,0,0,0,0.0,0.289947,0,0.0,0,167,4,2,0.18,0.0067,GREEN,29,Chennai
CLM0009117,CHE_07861,Sholinganallur,2024-02-05,10,0,0,0,0,0,0,0,1,0,0.0,0.283553,0,0.0,0,343,2,1,0.98,0.0143,GREEN,31,Chennai
CLM0009118,CHE_07076,Porur,2025-07-11,13,0,0,0,0,0,0,0,0,0,0.0,0.310096,0,1.0,0,420,4,1,0.98,0.0301,GREEN,39,Chennai
CLM0009119,CHE_00741,Tambaram,2024-10-12,20,0,0,0,0,0,0,0,0,0,0.0,0.01391,0,0.0,0,93,4,4,0.4675,0.0,GREEN,41,Chennai
CLM0009120,CHE_04604,T Nagar,2024-01-15,11,0,0,0,0,0,0,0,0,0,0.0,0.132288,1,0.0,0,260,2,0,0.9642,0.0478,GREEN,31,Chennai
CLM0009121,CHE_07244,Chromepet,2025-06-05,8,0,1,1,0,0,0,0,0,0,0.0,0.212815,0,0.0,0,67,3,0,0.8028,0.0478,GREEN,33,Chennai
CLM0009122,CHE_02680,Guindy,2024-01-26,15,0,0,0,0,0,0,1,0,0,0.0,0.130365,0,0.0,1,54,0,2,0.0723,0.1494,GREEN,62,Chennai
CLM0009123,CHE_03876,Sholinganallur,2024-10-07,9,0,0,0,0,0,0,0,0,0,0.0,1.0,0,0.0,0,420,4,4,0.8118,0.0326,GREEN,38,Chennai
CLM0009124,CHE_01388,Guindy,2025-09-24,19,0,0,0,0,0,0,0,0,1,1.0,0.113379,0,0.0,0,420,2,1,0.253,0.2286,GREEN,41,Chennai
CLM0009125,CHE_01430,T Nagar,2024-08-17,8,0,0,0,0,0,0,0,0,1,0.0,0.079847,0,0.0,0,112,0,3,0.6459,0.3083,GREEN,49,Chennai
CLM0009126,CHE_04866,Porur,2020-04-25,14,0,0,0,0,0,0,0,0,0,0.0,0.201392,0,0.0,0,177,1,1,0.8061,0.0,GREEN,39,Chennai
CLM0009127,CHE_05345,Chromepet,2021-11-17,12,0,0,0,0,0,0,0,0,0,0.0,0.138314,0,0.0,0,84,0,5,0.2209,0.07,GREEN,39,Chennai
CLM0009128,CHE_01720,Porur,2022-04-19,7,0,0,0,0,0,1,0,0,0,1.0,0.42678,0,0.0,0,420,2,2,0.5995,0.3315,YELLOW,39,Chennai
CLM0009129,CHE_02809,T Nagar,2019-11-05,17,0,0,0,0,0,0,0,0,0,0.0,0.019176,0,0.0,0,359,1,4,0.7161,0.0204,GREEN,28,Chennai
CLM0009130,CHE_03253,Anna Nagar,2024-10-22,19,0,0,0,0,0,0,0,1,0,0.0,0.084039,0,0.0,1,68,0,1,0.8499,0.161,GREEN,39,Chennai
CLM0009131,CHE_08487,Perambur,2025-04-23,17,0,0,0,0,0,1,0,0,0,0.0,0.266953,0,0.0,0,420,2,0,0.785,0.0446,GREEN,45,Chennai
CLM0009132,CHE_08905,Sholinganallur,2019-10-20,8,0,0,0,1,0,0,0,0,0,0.0,0.083997,0,0.0,0,164,2,7,0.5191,0.2054,GREEN,35,Chennai
CLM0009133,CHE_04172,Chromepet,2025-09-24,14,0,0,0,0,0,0,0,0,1,0.0,0.122556,0,0.0,0,157,0,4,0.6234,0.1585,GREEN,41,Chennai
CLM0009134,CHE_09380,T Nagar,2023-07-01,12,0,0,0,0,0,0,0,0,0,0.0,0.163836,0,0.0,0,144,0,0,0.7758,0.0317,GREEN,51,Chennai
CLM0009135,CHE_05395,Porur,2020-07-27,10,0,0,0,0,0,0,0,0,0,0.0,0.0,0,0.0,0,5,4,3,0.5136,0.0029,GREEN,38,Chennai
CLM0009136,CHE_08496,Adyar,2025-09-06,15,0,0,0,0,0,0,0,0,0,0.0,0.439943,0,0.0,0,326,0,6,0.6624,0.0,GREEN,35,Chennai
CLM0009137,CHE_02555,Velachery,2020-02-22,9,0,0,0,0,0,0,0,0,0,0.0,0.198705,0,1.0,0,396,0,1,0.6388,0.0,GREEN,42,Chennai
CLM0009138,CHE_01099,Adyar,2020-02-24,10,0,0,0,1,1,1,1,1,1,1.0,0.989712,0,0.0,1,21,1,18,0.7659,0.2878,GREEN,23,Chennai
CLM0009139,CHE_05907,Perambur,2023-03-09,14,0,0,0,0,0,0,0,0,0,0.0,0.147549,0,0.0,0,65,3,7,0.8366,0.1693,GREEN,43,Chennai
CLM0009140,CHE_09880,Anna Nagar,2019-11-29,10,0,0,0,0,0,0,0,0,0,0.0,0.0,0,0.0,0,222,4,6,0.6183,0.026,GREEN,47,Chennai
CLM0009141,CHE_09015,Tambaram,2025-05-23,13,0,0,0,0,0,0,0,0,0,0.0,0.131952,0,0.0,0,420,2,6,0.7394,0.0,GREEN,40,Chennai
CLM0009142,CHE_06780,Chromepet,2025-10-06,16,0,0,0,0,0,1,1,0,0,0.0,0.192757,0,0.0,0,420,0,4,0.5109,0.0695,GREEN,40,Chennai
CLM0009143,CHE_09908,Velachery,2024-05-19,14,0,0,0,0,0,0,0,0,0,0.0,0.229017,0,0.0,0,333,3,2,0.9765,0.0135,GREEN,51,Chennai
CLM0009144,CHE_00159,Porur,2021-01-16,18,0,1,1,0,0,0,0,0,0,0.0,0.17581,0,0.0,0,333,3,0,0.9364,0.0,GREEN,47,Chennai
CLM0009145,CHE_03455,Tambaram,2024-02-05,12,0,0,0,0,0,0,0,1,0,0.0,1.0,0,0.0,0,188,2,3,0.6902,0.1575,GREEN,23,Chennai
CLM0009146,CHE_00019,Tambaram,2025-11-03,12,0,0,0,0,0,0,0,0,0,1.0,0.321797,0,0.0,0,420,4,3,0.2001,0.1127,GREEN,39,Chennai
CLM0009147,CHE_00059,T Nagar,2025-03-13,19,0,0,0,0,0,0,0,1,0,0.0,0.086926,0,0.0,0,99,3,5,0.448,0.1337,GREEN,32,Chennai
CLM0009148,CHE_00468,Porur,2023-05-19,13,0,0,0,0,0,0,0,0,0,0.0,0.117369,0,0.0,0,403,1,8,0.6797,0.0776,GREEN,45,Chennai
CLM0009149,CHE_05977,Velachery,2025-08-18,10,0,0,0,1,0,0,0,0,0,0.0,0.097441,0,0.0,0,171,2,4,0.3586,0.1766,GREEN,48,Chennai
CLM0009150,CHE_04984,Perambur,2023-01-27,12,0,0,0,0,0,1,0,0,0,0.0,0.14439,0,0.0,0,226,1,7,0.6909,0.0501,GREEN,41,Chennai
CLM0009151,CHE_07904,Velachery,2025-11-10,9,0,0,0,0,0,0,0,0,0,0.0,0.30645,0,0.0,0,315,0,3,0.5088,0.0,GREEN,29,Chennai
CLM0009152,CHE_06778,Perambur,2025-07-27,17,0,0,0,0,0,0,0,0,0,0.0,0.254729,0,0.0,0,385,2,4,0.5434,0.0,GREEN,48,Chennai
CLM0009153,CHE_03091,Guindy,2025-11-08,15,0,0,0,0,0,0,0,0,1,0.0,0.32367,0,0.0,0,304,1,4,0.7462,0.1466,GREEN,40,Chennai
CLM0009154,CHE_06988,Sholinganallur,2025-11-16,18,0,0,0,0,0,0,0,0,0,0.0,1.0,0,1.0,0,420,3,0,0.0832,0.0387,GREEN,24,Chennai
CLM0009155,CHE_00012,Velachery,2017-04-18,11,0,0,0,1,0,0,0,0,1,1.0,0.079942,0,1.0,1,31,3,18,0.2119,0.1072,GREEN,46,Chennai
CLM0009156,CHE_05797,Tambaram,2018-01-22,19,0,0,0,1,0,0,0,0,0,0.0,0.032568,0,0.0,0,420,4,5,0.7175,0.1943,GREEN,28,Chennai
CLM0009157,CHE_05548,Adyar,2021-04-28,7,0,0,0,0,0,0,0,0,0,0.0,0.370168,0,0.0,0,420,3,3,0.736,0.0396,GREEN,47,Chennai
CLM0009158,CHE_01741,Perambur,2024-04-02,21,0,0,0,0,0,0,0,0,0,0.0,0.085416,0,0.0,0,327,4,2,0.6412,0.0,GREEN,37,Chennai
CLM0009159,CHE_07505,T Nagar,2022-02-14,20,0,0,0,0,0,0,0,0,0,0.0,0.166144,0,0.0,0,420,1,1,0.654,0.0171,GREEN,40,Chennai
CLM0009160,CHE_04915,T Nagar,2022-11-27,7,0,0,0,0,0,0,0,0,1,0.0,0.196996,0,0.0,0,55,4,0,0.8334,0.3077,GREEN,32,Chennai
CLM0009161,CHE_04130,Perambur,2016-07-30,20,0,0,0,1,1,0,1,1,1,1.0,1.0,0,0.0,0,5,0,15,0.1364,0.0,GREEN,44,Chennai
CLM0009162,CHE_01680,Porur,2018-05-02,21,0,0,0,0,0,0,0,0,0,0.0,0.086718,0,0.0,0,149,0,7,0.859,0.1077,GREEN,19,Chennai
CLM0009163,CHE_02655,Tambaram,2025-01-31,7,0,0,0,0,0,1,0,1,0,0.0,0.36093,0,0.0,0,202,1,1,0.8965,0.1435,GREEN,41,Chennai
CLM0009164,CHE_04448,Anna Nagar,2025-10-22,12,0,0,0,0,0,0,1,0,0,0.0,0.084726,0,0.0,0,420,4,0,0.9467,0.0675,GREEN,53,Chennai
CLM0009165,CHE_08641,Porur,2021-02-23,20,0,0,0,0,0,0,0,0,1,0.0,0.349266,1,1.0,0,362,4,4,0.8596,0.1779,GREEN,44,Chennai
CLM0009166,CHE_05043,Guindy,2024-12-08,9,0,0,0,0,0,0,0,0,0,0.0,0.169481,0,0.0,0,70,4,4,0.7617,0.0552,GREEN,40,Chennai
CLM0009167,CHE_06214,Guindy,2024-12-09,19,0,0,0,0,0,0,0,0,0,0.0,0.322944,0,0.0,0,174,0,2,0.9012,0.1722,GREEN,36,Chennai
CLM0009168,CHE_06752,Perambur,2025-04-13,14,0,0,0,0,0,0,0,0,0,0.0,0.136159,0,0.0,0,206,2,2,0.0666,0.0125,GREEN,31,Chennai
CLM0009169,CHE_00089,T Nagar,2024-05-08,9,0,0,0,1,0,0,0,0,0,0.0,0.349752,0,0.0,0,406,3,5,0.7113,0.2544,GREEN,27,Chennai
CLM0009170,CHE_07999,Anna Nagar,2025-10-04,14,0,0,0,0,0,0,0,0,0,0.0,0.188936,0,0.0,0,104,1,0,0.6156,0.049,GREEN,25,Chennai
CLM0009171,CHE_03214,Velachery,2025-08-27,21,0,0,0,0,0,0,0,1,0,0.0,0.352722,0,0.0,0,89,3,1,0.8845,0.1931,GREEN,29,Chennai
CLM0009172,CHE_09127,Tambaram,2024-10-25,11,0,0,0,0,0,0,1,0,0,0.0,0.438192,0,0.0,0,80,0,0,0.8318,0.1351,GREEN,33,Chennai
CLM0009173,CHE_07328,Sholinganallur,2025-10-09,9,0,1,1,0,0,0,0,0,0,1.0,0.313539,0,0.0,0,420,0,6,0.199,0.0385,GREEN,44,Chennai
CLM0009174,CHE_06408,Sholinganallur,2020-09-25,15,0,1,1,1,1,1,1,1,1,1.0,0.073408,0,1.0,0,5,0,18,0.1417,0.8331,RED,30,Chennai
CLM0009175,CHE_09365,Guindy,2025-02-01,11,0,1,1,1,1,1,1,1,0,1.0,1.0,1,0.0,1,26,1,18,0.2394,0.8701,RED,43,Chennai
CLM0009176,CHE_00655,Porur,2021-11-02,14,0,1,1,1,0,1,0,0,1,1.0,0.878236,0,0.0,1,23,0,18,0.05,0.6525,RED,34,Chennai
CLM0009177,CHE_02083,Guindy,2021-04-03,15,0,1,1,1,1,1,1,0,1,0.0,0.027381,0,1.0,1,62,2,18,0.05,0.8419,RED,38,Chennai
CLM0009178,CHE_04054,Tambaram,2024-08-08,13,0,1,1,0,0,0,1,1,1,0.0,0.038134,0,0.0,0,22,2,18,0.8657,0.4354,YELLOW,41,Chennai
CLM0009179,CHE_07036,Anna Nagar,2023-11-27,17,0,1,1,0,0,1,1,1,0,0.0,1.0,1,0.0,1,5,1,18,0.2896,0.6586,RED,41,Chennai
CLM0009180,CHE_04749,Tambaram,2022-08-24,14,0,1,1,1,0,1,1,1,0,1.0,0.947256,1,0.0,1,15,2,18,0.2103,0.6869,RED,34,Chennai
CLM0009181,CHE_08342,Velachery,2024-02-13,16,0,1,1,1,0,1,0,1,1,0.0,0.24934,1,1.0,0,23,2,18,0.05,0.6963,RED,37,Chennai
CLM0009182,CHE_03701,Anna Nagar,2025-10-29,20,0,1,1,0,0,1,1,0,0,0.0,0.248994,0,0.0,0,420,1,5,0.4165,0.3479,YELLOW,32,Chennai
CLM0009183,CHE_06888,Guindy,2021-01-03,14,0,1,1,1,1,1,0,0,0,0.0,0.400587,1,0.0,1,5,0,18,0.1362,0.7078,RED,46,Chennai
CLM0009184,CHE_06397,Porur,2020-01-06,13,0,1,1,1,1,0,1,0,0,0.0,0.061306,1,0.0,0,13,1,17,0.9617,0.4709,YELLOW,46,Chennai
CLM0009185,CHE_01148,T Nagar,2023-06-09,21,0,1,1,0,1,1,1,1,1,0.0,0.173343,0,0.0,1,5,0,8,0.98,0.7167,RED,41,Chennai
CLM0009186,CHE_04737,Adyar,2024-06-21,13,0,0,0,0,0,0,0,0,0,0.0,0.150833,0,1.0,0,38,3,0,0.2944,0.0084,GREEN,54,Chennai
CLM0009187,CHE_08848,Chromepet,2025-05-06,17,0,0,0,0,0,0,0,0,0,0.0,0.124707,0,0.0,0,420,1,3,0.7467,0.0,GREEN,38,Chennai
CLM0009188,CHE_08207,Perambur,2025-09-29,12,0,0,0,0,0,0,0,0,0,0.0,0.318132,0,0.0,0,378,0,7,0.98,0.0095,GREEN,51,Chennai
CLM0009189,CHE_06584,T Nagar,2025-01-13,8,0,0,0,0,0,0,0,0,0,0.0,0.354598,0,0.0,0,138,3,4,0.8288,0.0,GREEN,42,Chennai
CLM0009190,CHE_02968,Chromepet,2025-06-03,9,0,0,0,0,0,0,0,1,0,0.0,0.057524,0,0.0,0,156,2,1,0.5304,0.2108,GREEN,45,Chennai
CLM0009191,CHE_00937,Anna Nagar,2025-02-23,17,0,0,0,0,1,1,0,0,0,0.0,0.094591,0,0.0,0,420,2,4,0.7164,0.0674,GREEN,40,Chennai
CLM0009192,CHE_06836,T Nagar,2025-04-12,18,0,0,0,0,0,0,0,0,0,0.0,0.005247,0,0.0,0,12,3,0,0.98,0.0,GREEN,40,Chennai
CLM0009193,CHE_02337,Perambur,2025-10-15,17,0,0,0,0,0,0,0,0,0,0.0,0.049706,0,0.0,0,198,1,1,0.0732,0.0112,GREEN,41,Chennai
CLM0009194,CHE_06183,Anna Nagar,2017-12-18,10,0,0,0,1,0,0,0,0,0,0.0,1.0,0,0.0,0,95,4,0,0.935,0.2445,GREEN,36,Chennai
CLM0009195,CHE_08480,Sholinganallur,2017-08-20,21,0,0,0,0,0,0,0,1,0,0.0,0.494296,0,0.0,0,205,3,0,0.8631,0.1466,GREEN,18,Chennai
CLM0009196,CHE_00770,Guindy,2019-04-24,9,0,0,0,0,0,0,0,0,1,0.0,0.003576,1,0.0,0,374,4,2,0.8851,0.1381,GREEN,67,Chennai
CLM0009197,CHE_07097,Anna Nagar,2020-05-13,11,0,0,0,1,0,0,0,0,0,0.0,0.245795,0,0.0,0,46,2,1,0.7217,0.1563,GREEN,56,Chennai
CLM0009198,CHE_01562,Chromepet,2025-04-28,15,0,0,0,0,0,0,0,0,0,1.0,0.461161,0,0.0,0,241,3,0,0.2669,0.0487,GREEN,42,Chennai
CLM0009199,CHE_05543,Chromepet,2019-07-16,7,0,0,0,0,0,0,0,0,0,0.0,0.027898,0,0.0,0,22,0,3,0.1955,0.0,GREEN,46,Chennai
CLM0009200,CHE_05326,Guindy,2021-11-07,8,0,0,0,0,0,0,0,0,0,0.0,0.207952,0,0.0,0,143,3,0,0.05,0.0,GREEN,63,Chennai
CLM0009201,CHE_04904,T Nagar,2019-05-24,11,0,0,0,0,0,0,0,1,0,0.0,0.289833,0,0.0,0,76,0,0,0.911,0.096,GREEN,31,Chennai
CLM0009202,CHE_08468,T Nagar,2025-11-18,8,0,0,0,0,1,0,0,0,0,0.0,0.219809,0,0.0,0,389,1,0,0.8836,0.1053,GREEN,46,Chennai
CLM0009203,CHE_04028,Perambur,2025-05-03,17,0,0,0,0,0,1,0,0,0,0.0,0.383565,0,0.0,0,360,4,6,0.05,0.0349,GREEN,50,Chennai
CLM0009204,CHE_00467,Anna Nagar,2024-08-06,10,0,0,0,0,0,0,0,0,0,0.0,1.0,0,0.0,0,278,4,1,0.723,0.0,GREEN,54,Chennai
CLM0009205,CHE_00027,Perambur,2024-08-11,17,0,0,0,0,0,0,0,0,0,0.0,1.0,0,1.0,0,88,1,3,0.3556,0.0,GREEN,35,Chennai
CLM0009206,CHE_03932,Adyar,2024-10-08,9,0,0,0,0,0,0,0,0,1,0.0,0.203045,0,0.0,0,139,0,4,0.5821,0.0866,GREEN,20,Chennai
CLM0009207,CHE_07778,Velachery,2025-04-09,7,0,0,0,1,0,0,0,0,0,1.0,0.9844,0,1.0,0,89,4,2,0.98,0.1002,GREEN,35,Chennai
CLM0009208,CHE_03672,Adyar,2025-12-25,7,0,0,0,0,0,0,0,1,0,0.0,0.0,0,0.0,0,112,2,0,0.7058,0.0,GREEN,47,Chennai
CLM0009209,CHE_03552,Porur,2024-04-21,17,0,0,0,0,0,0,0,0,0,1.0,0.416149,0,0.0,0,349,2,2,0.5761,0.0571,GREEN,40,Chennai
CLM0009210,CHE_04646,Perambur,2024-10-24,18,0,0,0,0,0,0,0,0,0,0.0,0.951687,0,0.0,0,63,4,2,0.7763,0.0,GREEN,18,Chennai
CLM0009211,CHE_03950,Anna Nagar,2025-07-15,17,0,0,0,0,0,0,0,0,0,0.0,0.0,1,0.0,0,420,4,5,0.1053,0.1403,GREEN,51,Chennai
CLM0009212,CHE_06689,Sholinganallur,2023-07-19,10,0,0,0,1,0,0,0,0,0,0.0,0.304691,0,0.0,0,85,0,3,0.5514,0.1388,GREEN,47,Chennai
CLM0009213,CHE_02456,Perambur,2024-02-19,20,0,0,0,0,0,0,0,0,0,0.0,0.181412,1,0.0,0,126,1,1,0.7206,0.0652,GREEN,43,Chennai
CLM0009214,CHE_09059,Velachery,2024-05-07,17,0,0,0,1,0,0,0,0,0,0.0,0.161234,0,0.0,0,420,1,1,0.7387,0.16,GREEN,32,Chennai
CLM0009215,CHE_07889,Tambaram,2023-08-19,18,0,0,0,0,0,0,0,0,0,0.0,0.372795,0,0.0,0,264,4,3,0.5124,0.0062,GREEN,51,Chennai
CLM0009216,CHE_04335,Velachery,2025-11-06,9,0,0,0,0,0,0,1,1,1,0.0,0.242793,0,0.0,0,420,2,2,0.5305,0.311,YELLOW,52,Chennai
CLM0009217,CHE_09486,T Nagar,2023-01-17,14,0,0,0,0,0,0,0,0,0,0.0,1.0,0,0.0,0,120,3,0,0.5446,0.0,GREEN,45,Chennai
CLM0009218,CHE_07535,Chromepet,2025-12-25,17,0,0,0,1,0,0,0,0,0,0.0,0.028385,0,0.0,0,202,2,0,0.6496,0.0806,GREEN,30,Chennai
CLM0009219,CHE_00616,Sholinganallur,2025-08-28,14,0,0,0,0,0,0,0,0,1,0.0,0.21426,0,0.0,0,35,4,0,0.05,0.1228,GREEN,47,Chennai
CLM0009220,CHE_05434,Porur,2024-01-04,18,0,0,0,1,0,1,0,0,0,0.0,0.393688,0,0.0,0,420,2,1,0.702,0.2369,GREEN,18,Chennai
CLM0009221,CHE_09756,Sholinganallur,2025-05-04,11,0,0,0,0,1,0,0,0,0,0.0,0.26121,0,0.0,0,86,3,3,0.8152,0.2099,GREEN,48,Chennai
CLM0009222,CHE_06558,Guindy,2022-10-24,15,0,0,0,0,0,0,0,0,0,0.0,0.305311,0,0.0,0,53,1,2,0.0991,0.0834,GREEN,38,Chennai
CLM0009223,CHE_02528,Velachery,2022-06-01,20,0,0,0,1,1,0,1,1,1,1.0,0.462924,0,1.0,0,5,0,18,0.2381,0.0474,GREEN,35,Chennai
CLM0009224,CHE_07668,Perambur,2021-12-21,9,0,0,0,0,0,1,0,0,0,0.0,0.180256,0,0.0,0,420,1,1,0.6682,0.0,GREEN,27,Chennai
CLM0009225,CHE_07318,Tambaram,2025-11-14,14,0,0,0,0,0,0,0,0,0,0.0,0.494541,0,1.0,0,253,0,1,0.816,0.0112,GREEN,36,Chennai
CLM0009226,CHE_06203,Chromepet,2024-12-14,14,0,0,0,0,0,0,0,1,0,0.0,0.349405,0,0.0,0,241,2,3,0.6672,0.0797,GREEN,53,Chennai
CLM0009227,CHE_05583,T Nagar,2025-02-18,8,0,0,0,0,0,0,0,0,0,0.0,0.228046,0,0.0,0,420,1,0,0.98,0.0,GREEN,33,Chennai
CLM0009228,CHE_02094,Anna Nagar,2025-11-20,11,0,0,0,0,0,0,0,0,0,0.0,0.258904,1,0.0,0,134,4,4,0.3806,0.0088,GREEN,37,Chennai
CLM0009229,CHE_00490,Sholinganallur,2025-06-23,13,0,0,0,1,0,0,0,0,0,0.0,0.170513,0,0.0,0,66,0,4,0.8065,0.2478,GREEN,31,Chennai
CLM0009230,CHE_03102,Anna Nagar,2024-05-03,14,0,0,0,0,0,0,0,0,0,0.0,0.143509,0,0.0,0,420,1,3,0.05,0.0,GREEN,30,Chennai
CLM0009231,CHE_07085,Porur,2021-01-16,17,0,0,0,0,0,0,0,0,0,1.0,0.097142,0,0.0,0,113,3,2,0.9069,0.0797,GREEN,44,Chennai
CLM0009232,CHE_00138,Adyar,2025-08-25,20,0,0,0,0,0,0,0,0,0,0.0,0.03034,0,0.0,0,226,2,0,0.98,0.0,GREEN,27,Chennai
CLM0009233,CHE_04648,Adyar,2021-08-19,20,0,0,0,0,0,0,0,0,0,0.0,0.0,0,0.0,0,142,1,2,0.9293,0.0,GREEN,38,Chennai
CLM0009234,CHE_05805,Guindy,2024-02-01,9,0,0,0,0,0,0,1,0,0,0.0,0.148096,0,0.0,0,308,0,2,0.2306,0.0424,GREEN,33,Chennai
CLM0009235,CHE_02858,T Nagar,2022-08-12,20,0,0,0,0,0,0,0,0,0,0.0,0.29107,0,0.0,0,408,3,0,0.6903,0.0222,GREEN,27,Chennai
CLM0009236,CHE_01212,T Nagar,2024-01-30,9,0,0,0,0,0,1,0,0,0,0.0,0.158867,0,0.0,0,155,3,0,0.2217,0.105,GREEN,30,Chennai
CLM0009237,CHE_07896,Adyar,2021-03-04,20,0,0,0,0,0,0,0,0,0,0.0,0.205691,0,0.0,0,253,0,6,0.6934,0.0258,GREEN,37,Chennai
CLM0009238,CHE_03837,Anna Nagar,2021-09-07,7,0,0,0,0,0,0,0,0,0,0.0,0.055682,0,0.0,0,264,1,5,0.6619,0.0,GREEN,46,Chennai
CLM0009239,CHE_06950,Porur,2017-10-11,8,0,0,0,0,0,0,0,0,0,0.0,0.186129,0,0.0,0,343,4,4,0.98,0.0,GREEN,43,Chennai
CLM0009240,CHE_07877,Perambur,2019-02-04,11,0,0,0,0,0,1,0,0,0,0.0,0.415071,0,0.0,0,346,3,0,0.5305,0.0401,GREEN,41,Chennai
CLM0009241,CHE_09620,Porur,2023-03-03,21,0,0,0,0,0,0,0,0,0,0.0,0.215088,0,0.0,0,231,4,4,0.8224,0.0934,GREEN,31,Chennai
CLM0009242,CHE_02964,Adyar,2017-07-15,21,0,0,0,0,0,1,1,0,0,0.0,0.277998,0,0.0,0,330,0,1,0.8374,0.2407,GREEN,39,Chennai
CLM0009243,CHE_07417,Tambaram,2024-12-25,18,0,0,0,0,0,0,0,0,0,0.0,0.244176,0,0.0,0,85,3,3,0.8641,0.1155,GREEN,56,Chennai
CLM0009244,CHE_01816,Anna Nagar,2016-03-30,13,0,0,0,0,0,0,1,0,0,1.0,0.380619,0,0.0,0,202,1,2,0.98,0.1489,GREEN,32,Chennai
CLM0009245,CHE_09627,Guindy,2016-01-28,21,0,0,0,0,0,0,0,1,0,0.0,0.188501,0,0.0,0,95,0,2,0.95,0.0834,GREEN,33,Chennai
CLM0009246,CHE_01621,Chromepet,2025-08-21,7,0,0,0,0,0,0,0,1,0,0.0,0.214085,0,0.0,0,249,4,5,0.219,0.1048,GREEN,25,Chennai
CLM0009247,CHE_09916,Chromepet,2020-01-30,10,0,0,0,0,0,0,0,0,0,1.0,0.215178,0,0.0,0,378,4,1,0.5081,0.1152,GREEN,49,Chennai
CLM0009248,CHE_03571,T Nagar,2020-01-06,18,0,0,0,0,1,0,0,0,1,0.0,0.040392,0,0.0,1,160,1,0,0.6137,0.0243,GREEN,47,Chennai
CLM0009249,CHE_00890,Chromepet,2022-07-19,19,0,0,0,0,0,0,0,0,0,0.0,0.351607,0,0.0,0,312,0,0,0.5749,0.0017,GREEN,41,Chennai
CLM0009250,CHE_02886,Anna Nagar,2025-04-15,14,0,0,0,0,0,0,0,0,0,0.0,1.0,0,0.0,0,343,0,2,0.8646,0.0732,GREEN,44,Chennai
CLM0009251,CHE_09173,Adyar,2021-03-06,13,0,0,0,0,0,0,0,1,0,0.0,0.243709,0,0.0,0,420,3,4,0.5803,0.098,GREEN,52,Chennai
CLM0009252,CHE_04951,Guindy,2022-02-14,12,0,0,0,0,0,1,0,0,0,0.0,0.02364,1,0.0,0,420,3,0,0.7479,0.2013,GREEN,18,Chennai
CLM0009253,CHE_03473,T Nagar,2021-01-15,17,0,0,0,0,0,0,1,0,0,0.0,0.231578,0,0.0,0,133,1,3,0.3137,0.1411,GREEN,30,Chennai
CLM0009254,CHE_03531,Guindy,2020-06-20,19,0,0,0,0,0,0,0,0,0,1.0,0.427184,0,0.0,0,261,3,2,0.5652,0.0,GREEN,40,Chennai
CLM0009255,CHE_01108,Velachery,2024-08-29,10,0,0,0,0,0,0,0,0,0,0.0,0.308814,0,0.0,0,131,1,2,0.9647,0.0207,GREEN,36,Chennai
CLM0009256,CHE_04595,Sholinganallur,2020-12-20,15,0,0,0,1,1,0,1,1,1,1.0,0.96402,0,0.0,0,5,0,18,0.2925,0.3286,YELLOW,38,Chennai
CLM0009257,CHE_02923,Anna Nagar,2025-08-09,12,0,0,0,0,0,0,0,0,0,0.0,0.139017,0,1.0,0,187,1,4,0.6954,0.0,GREEN,50,Chennai
CLM0009258,CHE_09180,Tambaram,2024-12-31,7,0,0,0,0,0,0,0,0,0,0.0,0.340839,0,0.0,0,263,3,2,0.57,0.0471,GREEN,39,Chennai
CLM0009259,CHE_03731,T Nagar,2025-05-08,21,0,0,0,0,0,0,0,0,0,0.0,0.401333,0,0.0,0,401,0,4,0.5432,0.0111,GREEN,31,Chennai
CLM0009260,CHE_02016,Guindy,2025-03-05,18,0,0,0,0,0,0,0,1,0,0.0,0.384722,0,0.0,0,43,1,1,0.4588,0.1475,GREEN,38,Chennai
CLM0009261,CHE_02165,Velachery,2022-06-19,21,0,0,0,0,0,0,0,0,0,0.0,0.245095,0,0.0,0,36,2,5,0.7672,0.0,GREEN,41,Chennai
CLM0009262,CHE_08662,Anna Nagar,2024-07-18,20,0,0,0,0,0,0,0,0,0,0.0,0.105668,0,0.0,0,136,0,3,0.7729,0.0194,GREEN,45,Chennai
CLM0009263,CHE_09747,Chromepet,2022-07-05,8,0,0,0,0,0,0,1,0,0,0.0,0.320374,1,0.0,0,415,3,5,0.8901,0.1147,GREEN,43,Chennai
CLM0009264,CHE_04482,Chromepet,2024-05-06,17,0,0,0,0,0,0,0,0,0,0.0,0.295749,0,0.0,0,88,2,0,0.7926,0.0358,GREEN,18,Chennai
CLM0009265,CHE_07024,T Nagar,2023-02-04,9,0,0,0,0,0,0,0,0,0,1.0,0.162639,0,1.0,0,420,4,0,0.7572,0.0634,GREEN,36,Chennai
CLM0009266,CHE_09113,Tambaram,2023-10-17,7,0,0,0,0,0,0,0,1,0,1.0,0.099539,0,0.0,0,420,0,2,0.898,0.2862,GREEN,51,Chennai
CLM0009267,CHE_08467,Guindy,2025-08-28,17,0,0,0,0,0,0,0,0,0,0.0,0.196147,0,0.0,0,102,2,2,0.98,0.0,GREEN,52,Chennai
CLM0009268,CHE_07805,T Nagar,2022-03-16,17,0,0,0,0,0,0,0,1,0,0.0,1.0,0,0.0,0,241,0,2,0.9278,0.1577,GREEN,51,Chennai
CLM0009269,CHE_05911,Anna Nagar,2025-06-27,17,0,0,0,0,0,0,0,0,0,0.0,0.371845,0,0.0,0,420,2,6,0.5353,0.0,GREEN,40,Chennai
CLM0009270,CHE_09773,Tambaram,2024-08-12,12,0,0,0,0,0,0,0,0,0,0.0,0.284041,0,0.0,0,142,2,2,0.8675,0.0,GREEN,48,Chennai
CLM0009271,CHE_04820,Velachery,2024-12-10,14,0,0,0,0,0,0,0,0,0,0.0,0.296615,0,0.0,0,152,3,4,0.7579,0.0594,GREEN,29,Chennai
CLM0009272,CHE_01366,Adyar,2024-06-07,16,0,0,0,0,0,0,0,0,0,0.0,0.235411,0,1.0,0,420,4,2,0.1589,0.098,GREEN,48,Chennai
CLM0009273,CHE_07129,Chromepet,2025-01-25,14,0,0,0,0,0,0,0,0,0,0.0,0.062411,0,0.0,0,96,3,4,0.8132,0.0,GREEN,42,Chennai
CLM0009274,CHE_04598,Adyar,2024-09-21,12,0,0,0,0,0,1,1,0,0,0.0,0.195538,0,0.0,0,370,1,4,0.6813,0.0374,GREEN,40,Chennai
CLM0009275,CHE_06140,Perambur,2023-12-05,13,0,0,0,0,0,1,0,0,0,0.0,0.227606,0,0.0,0,31,1,0,0.05,0.1207,GREEN,54,Chennai
CLM0009276,CHE_09153,Guindy,2024-09-24,10,0,0,0,0,0,1,0,0,1,0.0,1.0,0,0.0,0,255,3,1,0.8537,0.1884,GREEN,46,Chennai
CLM0009277,CHE_06877,Perambur,2025-11-06,18,0,0,0,0,0,0,0,0,0,0.0,0.30375,0,0.0,0,420,1,4,0.5558,0.0,GREEN,37,Chennai
CLM0009278,CHE_05958,T Nagar,2025-01-31,12,0,0,0,0,0,0,0,0,0,0.0,0.164286,0,1.0,0,391,3,1,0.7517,0.0679,GREEN,33,Chennai
CLM0009279,CHE_04933,Tambaram,2025-05-25,21,0,0,0,0,0,0,0,0,1,0.0,0.015253,0,0.0,0,314,2,0,0.5747,0.168,GREEN,47,Chennai
CLM0009280,CHE_06189,Anna Nagar,2025-12-08,16,0,0,0,0,0,0,0,0,0,0.0,0.934287,1,0.0,0,420,2,5,0.7399,0.1397,GREEN,50,Chennai
CLM0009281,CHE_08168,Guindy,2025-01-14,14,0,0,0,0,0,0,0,0,0,0.0,0.0,0,0.0,0,353,3,5,0.6571,0.0,GREEN,37,Chennai
CLM0009282,CHE_00966,Porur,2024-12-26,17,0,0,0,0,0,0,0,0,0,0.0,0.0,1,0.0,0,420,1,1,0.8919,0.0194,GREEN,36,Chennai
CLM0009283,CHE_07355,Velachery,2025-11-17,7,0,0,0,0,0,0,1,0,1,0.0,1.0,0,0.0,1,5,2,18,0.8481,0.0,GREEN,41,Chennai
CLM0009284,CHE_04591,Sholinganallur,2025-02-20,14,0,0,0,0,0,0,0,0,0,0.0,0.043987,0,0.0,0,372,2,4,0.98,0.0,GREEN,35,Chennai
CLM0009285,CHE_02796,Velachery,2024-11-09,19,0,0,0,0,0,0,0,1,0,0.0,0.073248,0,0.0,0,283,3,0,0.6747,0.0672,GREEN,39,Chennai
CLM0009286,CHE_04132,Velachery,2020-11-04,8,0,0,0,0,0,0,0,1,0,0.0,0.333881,0,0.0,0,420,1,3,0.98,0.0705,GREEN,34,Chennai
CLM0009287,CHE_08979,T Nagar,2022-02-05,10,0,0,0,1,0,0,0,0,0,0.0,0.376168,0,0.0,0,100,2,2,0.5503,0.106,GREEN,29,Chennai
CLM0009288,CHE_07132,Tambaram,2024-08-04,11,0,1,1,0,0,0,0,0,0,0.0,0.296898,0,1.0,0,335,2,0,0.8796,0.0222,GREEN,42,Chennai
CLM0009289,CHE_00692,T Nagar,2020-05-30,20,0,0,0,0,0,0,0,0,0,0.0,0.255886,0,0.0,0,269,2,2,0.6699,0.2016,GREEN,20,Chennai
CLM0009290,CHE_05539,Tambaram,2021-03-30,19,0,0,0,0,0,0,0,0,0,0.0,0.009974,0,0.0,0,351,4,7,0.5577,0.0,GREEN,35,Chennai
CLM0009291,CHE_04510,Velachery,2024-06-23,10,0,0,0,0,0,0,0,1,0,0.0,0.308387,0,0.0,0,175,2,5,0.8776,0.129,GREEN,30,Chennai
CLM0009292,CHE_04036,Adyar,2021-12-15,8,0,0,0,1,1,1,0,0,1,1.0,0.412892,0,0.0,1,6,1,18,0.9384,0.0209,GREEN,66,Chennai
CLM0009293,CHE_07130,Velachery,2024-11-29,19,0,0,0,0,1,0,0,0,0,1.0,1.0,0,0.0,0,250,3,1,0.9772,0.272,GREEN,42,Chennai
CLM0009294,CHE_01789,Perambur,2023-12-30,7,0,0,0,0,0,0,0,0,0,0.0,1.0,0,0.0,0,420,4,0,0.98,0.0054,GREEN,40,Chennai
CLM0009295,CHE_03552,Porur,2021-06-30,11,0,0,0,0,0,1,0,0,0,0.0,0.233011,0,0.0,0,163,0,0,0.8178,0.1005,GREEN,40,Chennai
CLM0009296,CHE_06590,Perambur,2022-12-18,21,0,0,0,0,0,0,0,0,0,0.0,0.036957,1,0.0,0,391,1,2,0.5523,0.2147,GREEN,30,Chennai
CLM0009297,CHE_07854,Porur,2024-08-16,15,0,0,0,0,0,0,0,0,0,0.0,0.117009,0,0.0,0,103,2,4,0.05,0.0,GREEN,52,Chennai
CLM0009298,CHE_01642,Adyar,2021-01-30,15,0,0,0,0,0,0,0,0,0,0.0,0.19833,0,0.0,0,314,4,0,0.7544,0.0,GREEN,45,Chennai
CLM0009299,CHE_08642,Tambaram,2021-09-20,20,0,0,0,0,0,0,0,0,0,0.0,0.083254,0,0.0,0,420,0,0,0.98,0.0,GREEN,37,Chennai
CLM0009300,CHE_03094,Chromepet,2022-12-26,8,0,0,0,0,0,0,0,0,0,0.0,0.984408,0,0.0,0,190,2,3,0.8282,0.0,GREEN,35,Chennai
CLM0009301,CHE_01333,Perambur,2021-12-22,10,0,1,1,0,0,1,0,0,0,0.0,1.0,0,0.0,0,367,1,1,0.925,0.0826,GREEN,23,Chennai
CLM0009302,CHE_09684,Perambur,2022-12-21,9,0,0,0,0,0,0,0,1,0,0.0,0.109515,0,0.0,0,283,2,4,0.8419,0.1211,GREEN,29,Chennai
CLM0009303,CHE_09458,Sholinganallur,2025-10-01,16,0,0,0,0,0,0,0,0,0,0.0,0.062756,0,0.0,0,369,2,2,0.1981,0.0656,GREEN,18,Chennai
CLM0009304,CHE_09959,Guindy,2024-11-12,20,0,0,0,0,0,1,0,0,0,1.0,0.080365,0,0.0,0,33,1,4,0.98,0.152,GREEN,38,Chennai
CLM0009305,CHE_06849,Guindy,2025-11-10,16,0,0,0,0,0,0,0,0,0,0.0,0.194211,0,0.0,0,420,4,0,0.8399,0.0,GREEN,39,Chennai
CLM0009306,CHE_09115,Porur,2023-09-27,15,0,0,0,0,0,0,0,0,0,0.0,1.0,0,0.0,0,328,3,0,0.8046,0.0,GREEN,35,Chennai
CLM0009307,CHE_06984,Adyar,2023-10-11,20,0,0,0,0,0,0,0,0,0,0.0,0.257701,0,0.0,0,334,3,2,0.6643,0.0077,GREEN,40,Chennai
CLM0009308,CHE_01835,Perambur,2021-10-21,7,0,0,0,0,0,0,0,1,0,0.0,0.000368,0,0.0,0,333,3,2,0.9347,0.0487,GREEN,37,Chennai
CLM0009309,CHE_07067,Adyar,2016-05-04,8,0,0,0,0,0,0,0,0,0,0.0,0.238607,0,0.0,0,420,3,3,0.5421,0.0,GREEN,56,Chennai
CLM0009310,CHE_00756,Perambur,2024-02-13,14,0,0,0,0,0,0,0,0,0,0.0,0.318753,0,0.0,0,357,4,3,0.98,0.03,GREEN,59,Chennai
CLM0009311,CHE_05732,Anna Nagar,2023-07-12,17,0,0,0,0,1,0,0,0,0,0.0,0.038203,0,0.0,1,152,0,1,0.562,0.1403,GREEN,47,Chennai
CLM0009312,CHE_02440,Adyar,2016-05-06,7,0,0,0,0,0,0,0,0,0,0.0,0.194606,0,0.0,0,100,2,4,0.7048,0.0,GREEN,42,Chennai
CLM0009313,CHE_00897,Porur,2021-12-01,17,0,0,0,0,0,0,0,0,0,0.0,0.17923,0,0.0,0,45,0,0,0.6761,0.0,GREEN,28,Chennai
CLM0009314,CHE_07625,Tambaram,2023-12-24,10,0,0,0,0,0,0,0,0,0,1.0,0.374431,0,0.0,1,71,4,0,0.7001,0.292,GREEN,25,Chennai
CLM0009315,CHE_08924,Perambur,2022-09-06,21,0,0,0,0,0,0,0,0,0,1.0,0.136706,0,0.0,0,135,3,0,0.0777,0.0461,GREEN,28,Chennai
CLM0009316,CHE_08464,Adyar,2025-10-14,8,0,0,0,0,0,0,1,0,0,0.0,0.347968,0,0.0,0,376,4,2,0.7752,0.124,GREEN,43,Chennai
CLM0009317,CHE_08620,Sholinganallur,2025-10-25,14,0,0,0,1,0,0,0,1,0,0.0,0.281288,0,1.0,0,420,0,5,0.7082,0.2662,GREEN,57,Chennai
CLM0009318,CHE_08727,Tambaram,2023-06-30,11,0,0,0,0,0,0,0,0,0,0.0,0.224658,0,0.0,0,348,0,0,0.6725,0.0874,GREEN,60,Chennai
CLM0009319,CHE_09073,Adyar,2024-03-05,8,0,0,0,0,0,0,0,0,0,0.0,0.0,0,0.0,0,333,0,0,0.7022,0.0,GREEN,48,Chennai
CLM0009320,CHE_05981,Sholinganallur,2025-12-27,7,0,0,0,0,0,1,0,0,0,0.0,0.235332,0,0.0,0,420,4,1,0.7748,0.1538,GREEN,23,Chennai
CLM0009321,CHE_03477,Porur,2023-03-13,12,0,0,0,0,0,0,0,1,0,0.0,0.0,0,0.0,0,399,0,1,0.2737,0.0871,GREEN,44,Chennai
CLM0009322,CHE_00283,Sholinganallur,2020-10-05,10,0,0,0,0,0,1,0,0,0,0.0,0.229074,0,0.0,1,100,0,3,0.05,0.2057,GREEN,48,Chennai
CLM0009323,CHE_07554,T Nagar,2022-05-24,8,0,0,0,0,0,0,0,0,0,1.0,0.972074,0,1.0,0,139,3,0,0.8786,0.1189,GREEN,43,Chennai
CLM0009324,CHE_02673,Tambaram,2024-02-09,15,0,0,0,0,0,0,0,1,0,0.0,0.15752,0,0.0,0,200,0,3,0.909,0.1139,GREEN,43,Chennai
CLM0009325,CHE_09001,Perambur,2024-05-28,19,0,0,0,0,0,0,0,0,0,0.0,0.339321,0,0.0,0,165,4,1,0.8906,0.0717,GREEN,42,Chennai
CLM0009326,CHE_06146,Tambaram,2024-02-29,17,0,0,0,0,0,0,0,0,0,0.0,0.462106,0,0.0,0,335,4,7,0.962,0.0564,GREEN,21,Chennai
CLM0009327,CHE_00165,Perambur,2023-06-09,11,0,0,0,0,0,0,0,0,1,0.0,0.125243,0,0.0,0,204,1,3,0.9566,0.0633,GREEN,24,Chennai
CLM0009328,CHE_02861,Anna Nagar,2025-09-10,21,0,0,0,0,0,0,0,0,0,0.0,0.385555,0,0.0,0,420,1,0,0.0931,0.0205,GREEN,53,Chennai
CLM0009329,CHE_04494,Chromepet,2023-12-06,16,0,0,0,0,0,0,0,0,0,0.0,0.336479,0,0.0,0,191,4,5,0.7531,0.0,GREEN,45,Chennai
CLM0009330,CHE_04092,Adyar,2018-11-04,20,0,1,1,1,1,0,1,1,0,0.0,0.857598,1,0.0,1,5,2,18,0.1314,0.0155,GREEN,32,Chennai
CLM0009331,CHE_06140,Perambur,2021-11-03,8,0,0,0,0,0,0,0,0,0,0.0,0.332178,0,0.0,0,281,1,5,0.5532,0.0,GREEN,54,Chennai
CLM0009332,CHE_01435,Guindy,2020-02-24,14,0,0,0,0,0,0,0,0,0,1.0,0.200086,0,0.0,0,284,3,0,0.9229,0.0192,GREEN,56,Chennai
CLM0009333,CHE_02357,Perambur,2024-12-06,16,0,0,0,0,0,0,0,0,0,1.0,0.340459,0,0.0,0,331,0,6,0.8167,0.1029,GREEN,18,Chennai
CLM0009334,CHE_05599,T Nagar,2020-05-21,21,0,0,0,0,0,0,0,0,0,0.0,0.13107,0,0.0,0,6,3,1,0.8319,0.0363,GREEN,34,Chennai
CLM0009335,CHE_01638,Sholinganallur,2019-12-14,20,0,0,0,0,0,0,0,0,0,0.0,0.307117,0,0.0,0,141,2,3,0.98,0.0821,GREEN,41,Chennai
CLM0009336,CHE_09817,Chromepet,2023-07-08,14,0,0,0,1,1,0,0,0,0,0.0,0.037297,0,0.0,0,352,4,3,0.8804,0.3219,YELLOW,31,Chennai
CLM0009337,CHE_09952,Perambur,2025-02-20,10,0,0,0,0,0,0,0,0,0,0.0,1.0,0,0.0,0,60,2,1,0.5224,0.0,GREEN,57,Chennai
CLM0009338,CHE_07184,Guindy,2023-10-20,8,0,0,0,0,0,0,1,0,0,0.0,1.0,0,0.0,0,364,3,0,0.98,0.0377,GREEN,52,Chennai
CLM0009339,CHE_01679,Velachery,2023-03-13,16,0,0,0,0,0,0,0,0,0,0.0,0.978004,0,0.0,0,57,0,1,0.05,0.0053,GREEN,58,Chennai
CLM0009340,CHE_07413,Sholinganallur,2025-10-29,17,0,0,0,0,0,0,1,0,0,0.0,0.219593,0,0.0,0,124,1,5,0.6761,0.0612,GREEN,33,Chennai
CLM0009341,CHE_03630,Tambaram,2023-02-22,16,0,0,0,0,0,0,0,0,0,0.0,0.374629,0,0.0,0,88,1,0,0.198,0.0042,GREEN,29,Chennai
CLM0009342,CHE_08202,Chromepet,2024-07-30,16,0,0,0,0,0,0,0,0,0,0.0,0.10103,0,0.0,0,400,0,2,0.98,0.0,GREEN,47,Chennai
CLM0009343,CHE_05044,Porur,2025-06-23,7,0,0,0,0,0,0,0,0,0,1.0,0.062981,0,0.0,0,80,4,2,0.9524,0.0708,GREEN,39,Chennai
CLM0009344,CHE_07108,Porur,2017-07-12,21,0,0,0,0,0,0,0,0,0,0.0,0.044719,0,0.0,0,191,1,7,0.6383,0.0,GREEN,42,Chennai
CLM0009345,CHE_08707,Porur,2023-09-04,16,0,0,0,0,0,0,0,0,0,0.0,0.101081,0,0.0,0,420,3,1,0.98,0.0,GREEN,31,Chennai
CLM0009346,CHE_03515,Chromepet,2021-02-05,8,0,0,0,0,0,0,0,0,0,0.0,0.135706,0,0.0,0,373,4,5,0.8351,0.069,GREEN,20,Chennai
CLM0009347,CHE_01493,Adyar,2017-04-25,16,0,0,0,0,0,0,0,0,0,0.0,0.246373,1,0.0,0,420,0,3,0.9439,0.0631,GREEN,54,Chennai
CLM0009348,CHE_05848,Sholinganallur,2022-04-06,20,0,0,0,0,0,0,0,0,0,0.0,1.0,0,0.0,0,420,4,0,0.2906,0.0,GREEN,41,Chennai
CLM0009349,CHE_09972,Guindy,2025-12-14,11,0,0,0,0,0,0,0,0,1,1.0,0.138686,0,0.0,0,52,3,3,0.98,0.1963,GREEN,24,Chennai
CLM0009350,CHE_00701,Porur,2018-04-25,8,0,0,0,0,0,0,0,0,0,0.0,0.962817,0,0.0,0,113,4,5,0.05,0.0014,GREEN,46,Chennai
CLM0009351,CHE_04608,Perambur,2016-09-23,18,0,1,1,0,0,0,0,0,0,0.0,0.359656,0,0.0,0,420,1,3,0.4761,0.0,GREEN,48,Chennai
CLM0009352,CHE_04888,Porur,2019-03-25,16,0,0,0,0,0,0,0,0,0,1.0,0.146578,0,0.0,0,395,1,1,0.8063,0.0907,GREEN,30,Chennai
CLM0009353,CHE_02036,Tambaram,2023-10-18,11,0,0,0,0,0,0,1,0,0,0.0,0.188337,0,0.0,0,157,2,3,0.893,0.0871,GREEN,59,Chennai
CLM0009354,CHE_01395,Chromepet,2023-10-09,10,0,0,0,0,0,1,0,0,0,0.0,0.171786,0,0.0,0,387,2,3,0.5117,0.017,GREEN,53,Chennai
CLM0009355,CHE_09574,Guindy,2017-05-23,9,0,0,0,0,0,0,0,0,0,0.0,0.328741,0,0.0,1,255,2,3,0.98,0.0472,GREEN,42,Chennai
CLM0009356,CHE_07753,Chromepet,2021-08-04,14,0,0,0,0,0,0,0,0,0,0.0,0.028881,0,0.0,0,265,4,3,0.98,0.0574,GREEN,49,Chennai
CLM0009357,CHE_00957,Perambur,2021-01-21,8,0,0,0,0,0,0,0,0,0,0.0,0.385337,0,0.0,0,420,2,1,0.4929,0.0302,GREEN,48,Chennai
CLM0009358,CHE_08272,Adyar,2017-01-26,21,0,0,0,0,0,0,0,0,0,0.0,0.386063,0,0.0,0,141,2,4,0.2177,0.0336,GREEN,47,Chennai
CLM0009359,CHE_08024,Anna Nagar,2021-11-27,11,0,0,0,0,0,1,0,0,0,0.0,0.111779,0,0.0,0,420,4,1,0.5954,0.2386,GREEN,56,Chennai
CLM0009360,CHE_05299,Anna Nagar,2019-06-14,15,0,0,0,0,0,0,0,0,0,0.0,0.240386,0,0.0,1,333,2,2,0.7575,0.0089,GREEN,57,Chennai
CLM0009361,CHE_08941,Adyar,2024-09-15,7,0,0,0,0,0,0,0,0,0,0.0,0.167584,0,0.0,0,420,3,5,0.5992,0.0,GREEN,60,Chennai
CLM0009362,CHE_08108,Perambur,2025-12-18,16,0,0,0,0,0,0,0,0,0,0.0,0.0,0,0.0,0,61,1,0,0.6862,0.0,GREEN,37,Chennai
CLM0009363,CHE_04467,T Nagar,2025-11-19,10,0,0,0,0,0,0,0,0,0,1.0,0.35468,0,0.0,0,324,0,1,0.98,0.1842,GREEN,44,Chennai
CLM0009364,CHE_08187,Perambur,2025-06-26,19,0,0,0,0,0,1,0,1,0,0.0,1.0,0,0.0,0,361,1,4,0.8701,0.215,GREEN,42,Chennai
CLM0009365,CHE_05566,Sholinganallur,2025-04-18,21,0,0,0,0,1,0,0,0,0,0.0,0.411692,1,0.0,0,179,3,4,0.7079,0.0,GREEN,44,Chennai
CLM0009366,CHE_00699,Adyar,2023-07-22,9,0,0,0,0,0,0,0,0,0,0.0,0.934765,0,0.0,0,46,0,3,0.693,0.0,GREEN,59,Chennai
CLM0009367,CHE_03173,Perambur,2025-10-12,20,0,0,0,0,0,0,0,0,1,0.0,0.213582,0,0.0,0,307,4,4,0.67,0.0677,GREEN,46,Chennai
CLM0009368,CHE_02928,Guindy,2021-06-30,20,0,0,0,0,0,0,0,0,0,0.0,0.365058,0,0.0,0,100,1,4,0.5232,0.0,GREEN,43,Chennai
CLM0009369,CHE_06556,Porur,2023-02-08,10,0,0,0,0,0,0,0,0,0,0.0,0.269472,0,0.0,0,94,4,1,0.8755,0.02,GREEN,26,Chennai
CLM0009370,CHE_04171,Guindy,2017-05-21,11,0,0,0,0,0,0,0,0,0,0.0,0.227598,0,0.0,0,242,1,3,0.98,0.0,GREEN,43,Chennai
CLM0009371,CHE_05831,Guindy,2016-01-19,16,0,0,0,0,0,0,0,1,0,0.0,0.996198,0,0.0,0,360,3,4,0.9662,0.0118,GREEN,41,Chennai
CLM0009372,CHE_04392,Tambaram,2019-10-31,16,0,0,0,0,0,0,0,0,0,1.0,1.0,0,0.0,0,349,0,2,0.5692,0.1438,GREEN,45,Chennai
CLM0009373,CHE_03865,Sholinganallur,2021-10-15,11,0,0,0,0,0,0,0,0,0,0.0,0.29973,0,0.0,0,176,4,0,0.6825,0.1044,GREEN,32,Chennai
CLM0009374,CHE_04168,Anna Nagar,2023-01-09,21,0,0,0,0,0,0,0,0,0,0.0,0.163906,0,0.0,0,186,3,1,0.7481,0.0,GREEN,54,Chennai
CLM0009375,CHE_03810,Sholinganallur,2020-01-18,9,0,1,1,0,0,0,0,0,0,0.0,0.172685,0,0.0,0,393,1,3,0.7589,0.0461,GREEN,49,Chennai
CLM0009376,CHE_01758,Sholinganallur,2022-06-19,19,0,0,0,0,0,0,0,0,0,0.0,0.330283,0,0.0,0,74,2,6,0.6335,0.0467,GREEN,32,Chennai
CLM0009377,CHE_04501,Sholinganallur,2022-08-30,21,0,0,0,0,0,0,0,0,1,0.0,0.288284,0,0.0,0,132,0,4,0.0844,0.0457,GREEN,26,Chennai
CLM0009378,CHE_07112,T Nagar,2016-09-24,8,0,0,0,0,0,0,0,0,0,0.0,0.218194,0,0.0,1,279,3,5,0.8082,0.1047,GREEN,33,Chennai
CLM0009379,CHE_04428,Perambur,2019-01-21,17,0,0,0,0,0,0,0,0,0,0.0,0.218253,0,0.0,0,334,4,1,0.7906,0.0,GREEN,32,Chennai
CLM0009380,CHE_03284,Adyar,2020-12-29,12,0,0,0,0,0,0,0,0,0,0.0,0.038305,0,0.0,0,190,2,5,0.98,0.0,GREEN,38,Chennai
CLM0009381,CHE_03143,Perambur,2024-06-15,19,0,0,0,0,0,0,0,0,0,1.0,0.950891,0,0.0,0,77,1,3,0.7299,0.0878,GREEN,39,Chennai
CLM0009382,CHE_04986,Adyar,2018-03-10,18,0,0,0,0,0,0,0,0,0,0.0,1.0,0,0.0,0,420,1,3,0.8504,0.0229,GREEN,36,Chennai
CLM0009383,CHE_04868,Guindy,2021-04-25,20,0,0,0,0,0,0,0,0,1,0.0,0.312565,0,1.0,0,39,2,6,0.8827,0.1233,GREEN,23,Chennai
CLM0009384,CHE_05756,Perambur,2016-09-07,10,0,0,0,0,0,0,0,0,0,0.0,0.287471,0,0.0,0,420,2,7,0.2005,0.0,GREEN,41,Chennai
CLM0009385,CHE_02156,Perambur,2019-05-24,17,0,0,0,0,1,0,0,0,0,0.0,0.150655,0,0.0,0,383,3,0,0.05,0.1309,GREEN,18,Chennai
CLM0009386,CHE_07652,Porur,2022-06-23,14,0,0,0,0,0,0,1,1,0,0.0,0.19636,0,0.0,0,227,4,5,0.1201,0.2406,GREEN,37,Chennai
CLM0009387,CHE_08239,Porur,2022-06-18,14,0,0,0,0,0,0,0,0,0,0.0,0.0,1,0.0,1,420,1,2,0.7116,0.1437,GREEN,57,Chennai
CLM0009388,CHE_05215,Tambaram,2020-03-15,18,0,0,0,0,0,0,0,1,0,0.0,0.18616,0,0.0,0,135,4,0,0.4865,0.0784,GREEN,28,Chennai
CLM0009389,CHE_05667,Chromepet,2020-07-24,13,0,0,0,1,0,0,1,0,0,0.0,0.415413,0,0.0,0,201,4,3,0.7957,0.2282,GREEN,47,Chennai
CLM0009390,CHE_02667,Chromepet,2024-12-14,9,0,0,0,0,0,0,0,1,0,0.0,0.207727,0,0.0,0,10,0,0,0.8529,0.0751,GREEN,20,Chennai
CLM0009391,CHE_03185,Sholinganallur,2018-08-25,17,0,0,0,0,0,0,0,0,0,1.0,0.331732,0,0.0,0,351,4,0,0.4944,0.0868,GREEN,42,Chennai
CLM0009392,CHE_00468,Porur,2018-09-29,11,0,0,0,0,0,0,0,0,0,0.0,0.191783,0,1.0,0,141,3,1,0.6242,0.0513,GREEN,45,Chennai
CLM0009393,CHE_03191,Adyar,2023-03-24,8,0,0,0,0,0,0,1,0,0,0.0,0.1802,0,0.0,0,185,1,0,0.6135,0.0189,GREEN,49,Chennai
CLM0009394,CHE_04613,T Nagar,2021-08-09,16,0,0,0,1,0,0,0,0,0,0.0,0.046982,0,0.0,0,107,4,2,0.98,0.1156,GREEN,36,Chennai
CLM0009395,CHE_08148,Anna Nagar,2020-02-19,17,0,0,0,0,0,0,0,1,0,0.0,1.0,0,0.0,0,28,1,2,0.6404,0.0685,GREEN,44,Chennai
CLM0009396,CHE_02488,Adyar,2022-06-25,9,0,0,0,0,0,0,0,0,0,0.0,0.390205,0,0.0,0,420,2,5,0.2367,0.0,GREEN,29,Chennai
CLM0009397,CHE_04837,Anna Nagar,2024-12-07,20,0,0,0,0,0,0,0,0,0,0.0,0.0,0,0.0,0,420,2,2,0.7564,0.0,GREEN,51,Chennai
CLM0009398,CHE_00373,Perambur,2022-06-07,9,0,0,0,0,0,0,0,0,0,0.0,0.163399,0,0.0,0,372,1,3,0.4246,0.0265,GREEN,34,Chennai
CLM0009399,CHE_07749,Porur,2024-12-18,17,0,0,0,0,0,0,0,0,0,1.0,1.0,0,1.0,0,352,3,2,0.6488,0.0607,GREEN,48,Chennai
CLM0009400,CHE_02315,Chromepet,2021-08-04,17,0,0,0,0,0,0,0,0,0,0.0,0.996077,0,0.0,0,69,2,0,0.1303,0.0664,GREEN,49,Chennai
CLM0009401,CHE_04214,T Nagar,2024-01-20,10,0,0,0,0,0,0,0,1,0,0.0,0.037749,0,0.0,0,121,1,4,0.7259,0.1181,GREEN,26,Chennai
CLM0009402,CHE_03068,T Nagar,2023-10-11,21,0,0,0,0,0,0,0,0,0,0.0,0.996326,1,0.0,0,420,4,1,0.6986,0.0755,GREEN,34,Chennai
CLM0009403,CHE_05105,Anna Nagar,2025-08-24,19,0,0,0,0,0,0,1,0,1,0.0,0.177598,0,0.0,0,293,3,0,0.8143,0.2293,GREEN,20,Chennai
CLM0009404,CHE_03936,Tambaram,2025-06-24,10,0,1,1,1,0,0,1,1,1,1.0,0.311302,1,1.0,1,11,4,18,0.2297,0.1679,GREEN,36,Chennai
CLM0009405,CHE_04677,Porur,2022-02-02,11,0,0,0,0,0,0,0,0,0,0.0,0.168219,0,0.0,0,294,0,0,0.98,0.0041,GREEN,35,Chennai
CLM0009406,CHE_04305,Sholinganallur,2024-04-11,10,0,0,0,1,0,0,1,1,0,0.0,0.126297,0,1.0,0,5,4,18,0.2743,0.0,GREEN,53,Chennai
CLM0009407,CHE_09821,T Nagar,2024-05-27,21,0,0,0,0,0,0,0,0,0,0.0,0.238168,0,0.0,0,245,1,2,0.9356,0.0,GREEN,49,Chennai
CLM0009408,CHE_02403,T Nagar,2022-11-19,15,0,0,0,0,0,0,0,0,0,1.0,0.291163,0,0.0,0,403,0,3,0.6053,0.2121,GREEN,55,Chennai
CLM0009409,CHE_08561,Velachery,2023-10-02,17,0,0,0,1,0,0,1,1,0,1.0,0.898427,0,1.0,0,267,2,2,0.7295,0.28,GREEN,46,Chennai
CLM0009410,CHE_08453,T Nagar,2021-05-11,17,0,0,0,0,0,0,0,0,0,0.0,0.359896,1,0.0,0,222,4,3,0.5053,0.0129,GREEN,42,Chennai
CLM0009411,CHE_04291,Adyar,2019-04-03,21,0,0,0,0,0,1,0,0,0,0.0,0.12044,0,0.0,0,420,2,4,0.713,0.1155,GREEN,53,Chennai
CLM0009412,CHE_05578,Velachery,2023-07-19,12,0,0,0,0,1,0,0,0,0,0.0,0.182204,0,0.0,0,139,2,2,0.7635,0.1487,GREEN,24,Chennai
CLM0009413,CHE_03175,Velachery,2020-02-12,10,0,0,0,0,0,0,0,0,0,0.0,0.321471,0,0.0,0,31,1,0,0.5605,0.0457,GREEN,41,Chennai
CLM0009414,CHE_08725,Velachery,2023-12-10,11,0,0,0,0,0,0,0,0,0,0.0,0.15576,0,0.0,0,420,2,5,0.5066,0.0,GREEN,42,Chennai
CLM0009415,CHE_04005,Tambaram,2025-06-09,19,0,0,0,0,0,0,0,0,0,0.0,0.101734,0,0.0,1,306,0,9,0.98,0.0837,GREEN,24,Chennai
CLM0009416,CHE_06567,Anna Nagar,2021-02-09,15,0,0,0,0,0,0,0,0,0,0.0,0.991848,0,0.0,0,311,1,2,0.5466,0.0522,GREEN,40,Chennai
CLM0009417,CHE_04999,Sholinganallur,2023-08-07,14,0,0,0,0,0,0,0,0,0,1.0,0.990601,0,1.0,0,158,4,5,0.9,0.0,GREEN,45,Chennai
CLM0009418,CHE_09240,Porur,2024-08-02,21,0,0,0,0,0,0,0,0,0,0.0,0.115628,0,0.0,0,275,3,2,0.3205,0.0,GREEN,26,Chennai
CLM0009419,CHE_01884,Tambaram,2023-09-02,11,0,0,0,0,0,0,1,0,0,0.0,0.008211,0,0.0,0,420,0,3,0.7958,0.1257,GREEN,29,Chennai
CLM0009420,CHE_05561,Perambur,2024-04-07,7,0,0,0,0,0,0,0,0,0,0.0,0.032931,0,0.0,0,213,3,3,0.5359,0.0092,GREEN,39,Chennai
CLM0009421,CHE_07180,Chromepet,2022-08-12,12,0,0,0,0,0,0,0,0,0,0.0,0.3434,0,0.0,0,16,0,3,0.8586,0.0,GREEN,49,Chennai
CLM0009422,CHE_05496,Anna Nagar,2025-02-13,10,0,0,0,0,0,0,0,0,0,0.0,0.155283,0,0.0,0,420,0,1,0.8435,0.0,GREEN,49,Chennai
CLM0009423,CHE_05787,Sholinganallur,2025-11-27,10,0,1,1,0,0,0,0,0,0,0.0,0.059119,0,0.0,0,165,2,4,0.2207,0.0408,GREEN,36,Chennai
CLM0009424,CHE_04564,Anna Nagar,2024-03-07,14,0,0,0,0,0,0,0,0,0,0.0,0.386357,0,0.0,0,203,2,1,0.9061,0.0,GREEN,38,Chennai
CLM0009425,CHE_06306,Guindy,2024-09-08,12,0,0,0,0,0,0,0,1,0,0.0,0.310642,0,0.0,0,420,1,2,0.6732,0.0801,GREEN,35,Chennai
CLM0009426,CHE_04049,Guindy,2025-05-09,16,0,1,1,0,0,0,0,0,0,0.0,0.332522,0,0.0,0,183,4,5,0.05,0.0,GREEN,41,Chennai
CLM0009427,CHE_06748,Anna Nagar,2022-09-23,15,0,0,0,0,0,0,0,0,0,0.0,0.21579,0,0.0,0,81,2,0,0.98,0.0,GREEN,45,Chennai
CLM0009428,CHE_02972,Adyar,2025-03-25,11,0,0,0,0,0,0,0,0,0,1.0,0.243332,0,0.0,0,340,0,0,0.051,0.0486,GREEN,47,Chennai
CLM0009429,CHE_05219,Adyar,2025-02-13,14,0,0,0,0,0,0,1,0,0,0.0,0.395837,0,0.0,0,420,2,6,0.8772,0.0756,GREEN,48,Chennai
CLM0009430,CHE_02361,Sholinganallur,2023-01-23,19,0,0,0,0,0,0,0,0,0,0.0,0.038294,1,0.0,0,299,0,0,0.5366,0.0011,GREEN,56,Chennai
CLM0009431,CHE_06785,Chromepet,2023-01-06,21,0,0,0,0,0,0,0,0,0,0.0,0.039274,0,0.0,0,198,0,2,0.8956,0.0015,GREEN,36,Chennai
CLM0009432,CHE_03487,Guindy,2025-05-22,8,0,0,0,1,0,0,1,0,0,0.0,0.988708,0,0.0,0,301,0,2,0.9036,0.198,GREEN,39,Chennai
CLM0009433,CHE_08211,Sholinganallur,2025-06-26,8,0,0,0,0,0,0,0,0,0,1.0,0.440956,0,0.0,0,384,0,1,0.98,0.0269,GREEN,34,Chennai
CLM0009434,CHE_03596,Chromepet,2022-10-15,18,0,0,0,0,0,0,0,0,0,0.0,0.043627,0,0.0,0,323,1,0,0.7692,0.1026,GREEN,47,Chennai
CLM0009435,CHE_00608,Porur,2023-08-30,17,0,0,0,0,0,0,0,0,0,0.0,0.293298,0,0.0,0,218,4,3,0.8289,0.064,GREEN,33,Chennai
CLM0009436,CHE_01032,Anna Nagar,2023-01-30,12,0,0,0,0,0,0,0,1,0,0.0,0.253235,0,0.0,0,237,4,7,0.98,0.0948,GREEN,30,Chennai
CLM0009437,CHE_09698,Anna Nagar,2022-05-19,7,0,0,0,0,0,1,0,0,0,0.0,0.394305,0,0.0,0,337,3,1,0.7415,0.0443,GREEN,35,Chennai
CLM0009438,CHE_04605,Chromepet,2024-06-11,12,0,0,0,0,0,0,0,0,0,0.0,0.131973,0,0.0,0,5,2,5,0.9777,0.0,GREEN,43,Chennai
CLM0009439,CHE_05742,Sholinganallur,2025-08-20,21,0,0,0,0,1,1,1,1,1,1.0,0.920012,0,1.0,1,28,2,18,0.0932,0.0019,GREEN,18,Chennai
CLM0009440,CHE_04979,Velachery,2024-11-20,21,0,0,0,0,0,0,0,0,0,0.0,0.361959,0,0.0,0,267,0,4,0.5063,0.1505,GREEN,45,Chennai
CLM0009441,CHE_01789,Perambur,2025-09-17,20,0,0,0,0,0,0,0,0,0,0.0,0.097403,0,0.0,0,420,2,4,0.7485,0.0583,GREEN,40,Chennai
CLM0009442,CHE_09638,Porur,2021-11-08,8,0,0,0,0,0,0,0,0,0,0.0,0.191914,0,0.0,0,209,1,3,0.1258,0.0,GREEN,22,Chennai
CLM0009443,CHE_05529,Adyar,2024-06-14,12,0,0,0,0,0,0,0,0,0,1.0,0.04107,1,0.0,0,94,3,3,0.5316,0.0801,GREEN,39,Chennai
CLM0009444,CHE_04255,Guindy,2023-09-20,9,0,0,0,0,0,0,0,0,0,0.0,0.078817,0,0.0,0,214,1,6,0.6002,0.0281,GREEN,40,Chennai
CLM0009445,CHE_05102,Porur,2021-07-26,11,0,0,0,0,0,0,0,0,0,0.0,0.096753,0,0.0,0,173,2,7,0.3928,0.0,GREEN,18,Chennai
CLM0009446,CHE_02553,Chromepet,2021-05-08,16,0,0,0,0,0,0,0,1,0,0.0,0.057268,0,0.0,0,99,0,0,0.914,0.1341,GREEN,30,Chennai
CLM0009447,CHE_03814,Perambur,2021-11-16,12,0,0,0,0,0,0,0,0,0,0.0,0.145128,0,0.0,0,134,1,0,0.4948,0.1258,GREEN,30,Chennai
CLM0009448,CHE_08744,Anna Nagar,2019-12-18,12,0,0,0,0,0,1,0,0,0,0.0,0.958843,0,0.0,0,334,3,0,0.6105,0.0066,GREEN,38,Chennai
CLM0009449,CHE_06046,Perambur,2020-04-13,17,0,0,0,0,0,0,0,0,0,0.0,0.078859,0,0.0,0,67,2,3,0.4665,0.0072,GREEN,39,Chennai
CLM0009450,CHE_01690,Adyar,2024-11-08,21,0,0,0,0,0,0,0,0,0,1.0,0.122778,0,0.0,0,75,0,2,0.645,0.0906,GREEN,23,Chennai
CLM0009451,CHE_09934,Guindy,2019-11-03,17,0,0,0,0,0,1,0,0,0,0.0,0.295903,0,0.0,0,400,4,0,0.173,0.1343,GREEN,26,Chennai
CLM0009452,CHE_06733,Porur,2023-09-05,15,0,0,0,0,0,0,0,0,0,0.0,0.396895,0,0.0,0,387,0,3,0.2404,0.0,GREEN,34,Chennai
CLM0009453,CHE_05595,Tambaram,2021-04-22,14,0,0,0,0,0,0,0,0,0,1.0,0.010336,0,0.0,0,420,2,2,0.7391,0.1512,GREEN,34,Chennai
CLM0009454,CHE_02793,T Nagar,2022-10-05,21,0,0,0,0,0,1,0,0,0,0.0,0.082315,0,0.0,0,331,4,0,0.7486,0.1386,GREEN,40,Chennai
CLM0009455,CHE_09396,Perambur,2021-11-28,11,0,0,0,0,0,0,0,0,0,0.0,0.088028,0,0.0,0,100,1,0,0.8704,0.0064,GREEN,39,Chennai
CLM0009456,CHE_06950,Porur,2025-08-06,17,0,0,0,0,0,0,0,0,0,0.0,0.367307,0,0.0,0,393,3,2,0.8847,0.0,GREEN,43,Chennai
CLM0009457,CHE_00024,Velachery,2021-09-03,21,0,0,0,0,0,1,1,1,1,0.0,0.474382,0,1.0,0,16,2,18,0.1136,0.0066,GREEN,38,Chennai
CLM0009458,CHE_09020,Guindy,2021-04-27,10,0,0,0,0,0,0,1,0,0,0.0,0.149964,0,0.0,0,329,3,2,0.8641,0.0894,GREEN,44,Chennai
CLM0009459,CHE_06149,Adyar,2022-10-21,20,0,0,0,0,0,0,0,0,0,0.0,0.0,0,0.0,1,176,3,0,0.05,0.0,GREEN,26,Chennai
CLM0009460,CHE_09056,Sholinganallur,2018-01-23,13,0,0,0,0,0,0,0,0,0,0.0,0.215267,0,0.0,0,420,3,5,0.8646,0.0377,GREEN,18,Chennai
CLM0009461,CHE_05057,Velachery,2024-09-11,13,0,0,0,0,0,0,0,1,0,0.0,0.254811,0,0.0,0,307,2,2,0.1488,0.1111,GREEN,44,Chennai
CLM0009462,CHE_01604,Guindy,2024-07-31,15,0,0,0,0,0,0,0,0,0,0.0,0.168175,0,0.0,0,372,2,3,0.4469,0.057,GREEN,43,Chennai
CLM0009463,CHE_08951,Anna Nagar,2024-12-13,19,0,0,0,0,0,0,0,1,0,0.0,0.0,0,0.0,0,107,2,3,0.98,0.1309,GREEN,18,Chennai
CLM0009464,CHE_08790,Guindy,2025-11-20,20,0,1,1,1,0,1,0,0,0,0.0,1.0,0,0.0,0,420,3,5,0.7545,0.1982,GREEN,37,Chennai
CLM0009465,CHE_05664,Perambur,2024-01-09,12,0,0,0,0,0,0,0,0,0,0.0,0.308135,1,0.0,0,347,4,0,0.8629,0.0,GREEN,45,Chennai
CLM0009466,CHE_07071,Chromepet,2025-09-15,10,0,0,0,0,0,0,0,0,0,0.0,0.343083,0,0.0,0,220,1,1,0.7257,0.0,GREEN,38,Chennai
CLM0009467,CHE_03569,T Nagar,2024-03-11,7,0,0,0,0,0,0,0,0,0,0.0,0.046954,1,0.0,0,407,0,1,0.78,0.1149,GREEN,43,Chennai
CLM0009468,CHE_04024,Chromepet,2023-05-03,18,0,0,0,0,0,0,0,0,0,1.0,0.392187,1,0.0,0,318,3,3,0.6954,0.3096,GREEN,52,Chennai
CLM0009469,CHE_04228,Sholinganallur,2025-08-05,8,0,0,0,0,0,0,0,0,0,0.0,0.204266,0,0.0,0,420,0,5,0.9637,0.0336,GREEN,39,Chennai
CLM0009470,CHE_06639,T Nagar,2025-05-08,21,0,0,0,0,0,0,0,0,0,0.0,0.336232,0,0.0,0,208,1,4,0.5399,0.1029,GREEN,29,Chennai
CLM0009471,CHE_03074,T Nagar,2025-11-28,19,0,0,0,0,0,0,0,0,0,0.0,0.294106,0,0.0,0,355,1,0,0.2912,0.0,GREEN,39,Chennai
CLM0009472,CHE_05160,Velachery,2018-01-23,16,0,0,0,1,0,0,0,0,0,0.0,0.434803,0,0.0,0,135,3,4,0.4357,0.1797,GREEN,36,Chennai
CLM0009473,CHE_07213,Porur,2023-06-14,13,0,0,0,0,1,1,0,0,0,0.0,0.02875,0,0.0,0,183,4,1,0.98,0.4029,YELLOW,41,Chennai
CLM0009474,CHE_03367,Sholinganallur,2019-08-24,15,0,0,0,0,0,0,0,0,1,1.0,0.154825,0,0.0,0,5,0,1,0.9444,0.103,GREEN,41,Chennai
CLM0009475,CHE_03024,Anna Nagar,2025-05-17,7,0,0,0,0,0,0,0,0,0,0.0,0.342868,0,0.0,0,384,2,6,0.7133,0.0651,GREEN,40,Chennai
CLM0009476,CHE_02028,Velachery,2024-07-18,8,0,0,0,0,0,0,0,0,0,0.0,0.225834,0,0.0,0,170,2,3,0.1867,0.0,GREEN,32,Chennai
CLM0009477,CHE_07499,Porur,2025-04-13,21,0,0,0,0,0,1,1,0,0,0.0,0.167019,0,0.0,0,72,1,0,0.8498,0.0,GREEN,38,Chennai
CLM0009478,CHE_01853,Perambur,2024-09-26,18,0,0,0,0,0,0,1,1,1,1.0,0.419046,1,0.0,1,27,0,18,0.135,0.0405,GREEN,47,Chennai
CLM0009479,CHE_08601,Tambaram,2025-09-11,18,0,0,0,0,0,1,1,0,0,0.0,0.992595,0,0.0,0,90,4,4,0.6516,0.0661,GREEN,50,Chennai
CLM0009480,CHE_05120,Adyar,2024-09-04,15,0,0,0,0,0,0,0,0,0,0.0,0.1546,0,0.0,0,130,1,0,0.6481,0.0,GREEN,41,Chennai
CLM0009481,CHE_08209,Guindy,2024-08-30,17,0,0,0,0,0,0,0,0,0,0.0,0.327212,0,0.0,0,353,1,4,0.7977,0.0,GREEN,28,Chennai
CLM0009482,CHE_06278,T Nagar,2024-11-19,12,0,0,0,0,0,0,0,0,0,0.0,0.24313,0,0.0,0,54,1,4,0.9278,0.0413,GREEN,29,Chennai
CLM0009483,CHE_07686,Sholinganallur,2025-07-16,7,0,0,0,0,0,0,0,1,0,0.0,0.134152,0,1.0,0,420,1,4,0.8277,0.2111,GREEN,31,Chennai
CLM0009484,CHE_09184,Perambur,2025-03-09,15,0,0,0,0,0,0,0,0,0,0.0,0.195978,0,0.0,0,420,3,4,0.8259,0.0,GREEN,23,Chennai
CLM0009485,CHE_01830,Velachery,2024-11-06,14,0,0,0,0,0,0,0,0,0,0.0,0.356628,0,0.0,0,98,3,0,0.1192,0.0,GREEN,46,Chennai
CLM0009486,CHE_08218,Velachery,2025-06-10,11,0,0,0,0,0,1,0,0,0,0.0,0.255882,0,0.0,0,385,1,0,0.9715,0.0848,GREEN,53,Chennai
CLM0009487,CHE_09795,Velachery,2024-10-13,10,0,1,1,0,0,0,0,0,0,0.0,0.937407,0,0.0,0,420,0,1,0.0904,0.0,GREEN,59,Chennai
CLM0009488,CHE_08839,Sholinganallur,2024-10-25,14,0,0,0,0,0,0,0,0,0,1.0,0.162207,0,0.0,0,207,1,1,0.7051,0.0128,GREEN,46,Chennai
CLM0009489,CHE_06806,Porur,2025-10-08,14,0,0,0,0,0,0,0,1,1,1.0,0.0,0,0.0,1,7,3,18,0.2239,0.0,GREEN,45,Chennai
CLM0009490,CHE_09145,Tambaram,2025-02-05,7,0,0,0,0,0,0,0,0,0,1.0,0.036345,0,0.0,0,43,1,3,0.6928,0.1559,GREEN,24,Chennai
CLM0009491,CHE_06823,Velachery,2025-05-02,9,0,0,0,1,0,0,0,1,0,0.0,0.089927,0,0.0,0,253,3,1,0.5065,0.2845,GREEN,39,Chennai
CLM0009492,CHE_07939,Adyar,2025-01-01,12,0,0,0,0,0,0,0,0,0,0.0,0.103336,0,1.0,0,53,0,4,0.6789,0.0,GREEN,60,Chennai
CLM0009493,CHE_02837,Velachery,2024-12-13,21,0,0,0,0,0,0,1,0,0,1.0,0.250942,0,0.0,0,272,2,4,0.5392,0.007,GREEN,35,Chennai
CLM0009494,CHE_05224,Tambaram,2023-07-02,18,0,1,1,1,0,1,1,0,0,0.0,0.44019,1,0.0,0,5,1,18,0.324,0.4757,YELLOW,34,Chennai
CLM0009495,CHE_06049,Anna Nagar,2025-10-29,10,0,1,1,1,1,1,1,1,1,0.0,0.013476,0,0.0,1,33,0,18,0.836,0.9184,RED,35,Chennai
CLM0009496,CHE_03468,Chromepet,2022-04-03,19,0,1,1,1,0,1,1,1,1,0.0,0.049054,1,0.0,1,6,1,18,0.8598,0.8622,RED,20,Chennai
CLM0009497,CHE_05272,Perambur,2022-07-17,10,0,1,1,1,1,0,1,1,1,1.0,0.0,0,0.0,0,7,0,18,0.0872,0.6606,RED,56,Chennai
CLM0009498,CHE_09309,Sholinganallur,2022-10-21,12,0,1,1,1,0,0,0,1,0,1.0,0.086059,1,0.0,1,5,2,18,0.2697,0.5891,YELLOW,23,Chennai
CLM0009499,CHE_07371,T Nagar,2025-03-06,20,0,1,1,0,0,0,0,0,0,0.0,0.0,0,0.0,1,420,0,2,0.9358,0.5161,YELLOW,34,Chennai
CLM0009500,CHE_02707,T Nagar,2025-10-21,10,0,1,1,1,0,0,0,0,0,1.0,0.364859,0,0.0,0,388,1,1,0.927,0.4696,YELLOW,42,Chennai
CLM0009501,CHE_00312,Sholinganallur,2022-03-04,7,0,1,1,1,0,0,1,1,1,1.0,0.988496,1,1.0,1,5,1,18,0.7894,0.6538,RED,24,Chennai
CLM0009502,CHE_00446,Sholinganallur,2020-03-22,14,0,1,1,0,1,0,0,1,0,0.0,0.070298,0,0.0,1,5,0,18,0.8448,0.4176,YELLOW,45,Chennai
CLM0009503,CHE_04924,Sholinganallur,2020-10-07,14,0,1,1,1,1,1,0,1,1,0.0,1.0,0,0.0,1,13,1,17,0.087,0.8004,RED,42,Chennai
CLM0009504,CHE_02178,Perambur,2022-08-28,7,0,1,1,1,0,1,1,0,0,1.0,1.0,0,1.0,1,5,2,18,0.05,0.5314,YELLOW,37,Chennai
CLM0009505,CHE_06648,Tambaram,2025-03-22,20,0,1,1,1,0,0,1,1,0,1.0,0.986983,1,0.0,1,38,1,18,0.05,0.5501,YELLOW,46,Chennai
CLM0009506,CHE_08719,Sholinganallur,2024-08-23,14,0,1,1,0,0,0,0,0,0,0.0,0.087616,0,0.0,0,120,1,3,0.7963,0.0639,GREEN,26,Chennai
CLM0009507,CHE_02378,Anna Nagar,2024-05-05,17,0,0,0,0,0,1,1,0,1,1.0,1.0,0,1.0,0,13,1,18,0.6683,0.0483,GREEN,46,Chennai
CLM0009508,CHE_06769,Porur,2025-04-22,7,0,0,0,0,0,0,0,0,0,0.0,1.0,0,0.0,0,420,1,1,0.8529,0.0696,GREEN,51,Chennai
CLM0009509,CHE_07503,T Nagar,2024-05-01,12,0,0,0,0,0,0,1,1,0,0.0,0.0,0,0.0,0,28,4,2,0.8517,0.2238,GREEN,43,Chennai
CLM0009510,CHE_05723,Sholinganallur,2025-05-22,12,0,0,0,0,0,0,0,0,0,0.0,0.105166,0,0.0,0,230,0,2,0.8712,0.0514,GREEN,30,Chennai
CLM0009511,CHE_06587,Porur,2025-12-10,12,0,0,0,0,0,0,0,0,0,0.0,0.3576,1,1.0,0,323,3,3,0.2225,0.0021,GREEN,48,Chennai
CLM0009512,CHE_01191,Perambur,2025-01-17,9,0,0,0,0,0,0,0,0,0,0.0,0.320143,0,0.0,0,278,4,0,0.625,0.0532,GREEN,42,Chennai
CLM0009513,CHE_01545,Chromepet,2025-02-18,15,0,0,0,0,0,0,0,0,0,1.0,0.972168,0,1.0,0,271,1,4,0.6889,0.0,GREEN,39,Chennai
CLM0009514,CHE_05522,Sholinganallur,2025-07-01,13,0,0,0,0,0,0,0,0,0,0.0,0.181491,0,0.0,0,121,2,0,0.4235,0.0,GREEN,39,Chennai
CLM0009515,CHE_09567,Chromepet,2018-08-09,7,0,0,0,0,0,1,0,0,0,0.0,0.414892,0,0.0,0,230,4,7,0.753,0.1049,GREEN,45,Chennai
CLM0009516,CHE_07509,Sholinganallur,2025-07-05,19,0,0,0,0,0,0,0,0,0,0.0,0.0,0,0.0,0,420,4,3,0.1562,0.0211,GREEN,39,Chennai
CLM0009517,CHE_00740,Tambaram,2019-11-20,19,0,0,0,0,0,0,0,0,0,0.0,0.05188,0,0.0,0,420,0,6,0.844,0.0,GREEN,46,Chennai
CLM0009518,CHE_05042,Anna Nagar,2021-05-14,12,0,0,0,0,0,0,0,0,0,0.0,0.197783,0,0.0,0,108,0,3,0.898,0.0,GREEN,48,Chennai
CLM0009519,CHE_01539,T Nagar,2024-06-20,20,0,0,0,0,0,0,0,1,0,1.0,0.020193,0,0.0,0,381,3,1,0.6159,0.1489,GREEN,34,Chennai
CLM0009520,CHE_08141,T Nagar,2024-09-07,12,0,0,0,0,0,0,0,0,0,0.0,0.206369,1,0.0,0,131,0,1,0.98,0.0,GREEN,31,Chennai
CLM0009521,CHE_02848,Guindy,2023-12-25,9,0,0,0,0,0,0,1,0,0,0.0,0.001817,0,0.0,0,40,1,1,0.7344,0.0,GREEN,52,Chennai
CLM0009522,CHE_04065,T Nagar,2019-01-21,7,0,0,0,0,0,0,0,0,0,1.0,0.866197,1,1.0,0,91,2,2,0.793,0.0322,GREEN,29,Chennai
CLM0009523,CHE_08928,Velachery,2019-03-19,18,0,0,0,0,0,0,0,0,0,0.0,0.11727,0,0.0,0,189,0,2,0.3003,0.0205,GREEN,53,Chennai
CLM0009524,CHE_09591,Chromepet,2018-07-22,15,0,0,0,0,0,0,0,1,1,0.0,0.270799,0,0.0,0,213,2,3,0.5312,0.2684,GREEN,33,Chennai
CLM0009525,CHE_09725,Chromepet,2023-06-08,17,0,0,0,0,0,1,0,0,0,0.0,0.195962,0,0.0,0,311,1,0,0.7195,0.0495,GREEN,35,Chennai
CLM0009526,CHE_06433,Chromepet,2025-06-01,19,0,0,0,0,0,0,0,0,0,1.0,0.265226,0,0.0,0,420,3,2,0.98,0.0533,GREEN,44,Chennai
CLM0009527,CHE_01255,Sholinganallur,2023-05-22,15,0,0,0,0,0,0,0,0,0,0.0,0.02211,0,0.0,0,299,0,0,0.5552,0.0,GREEN,19,Chennai
CLM0009528,CHE_06010,Adyar,2023-08-17,14,0,1,1,0,0,0,0,0,0,0.0,0.196206,0,0.0,0,420,2,3,0.6636,0.0,GREEN,52,Chennai
CLM0009529,CHE_06917,Adyar,2024-10-02,21,0,0,0,1,0,0,0,1,0,1.0,1.0,0,1.0,0,420,4,3,0.6157,0.236,GREEN,28,Chennai
CLM0009530,CHE_01093,Tambaram,2022-05-01,19,0,0,0,0,0,0,0,0,0,0.0,1.0,0,0.0,0,213,4,3,0.7888,0.0,GREEN,47,Chennai
CLM0009531,CHE_03724,Velachery,2023-10-01,10,0,0,0,0,0,0,1,0,0,0.0,0.249261,0,0.0,0,70,0,2,0.3623,0.1459,GREEN,48,Chennai
CLM0009532,CHE_08568,Anna Nagar,2024-11-16,14,0,0,0,0,0,0,0,0,0,0.0,0.142082,0,0.0,0,152,1,5,0.7107,0.1504,GREEN,32,Chennai
CLM0009533,CHE_05285,Velachery,2023-12-10,17,0,0,0,0,0,0,0,0,0,0.0,0.137393,0,0.0,0,229,2,2,0.2725,0.0514,GREEN,49,Chennai
CLM0009534,CHE_01109,Velachery,2024-03-08,8,0,0,0,0,0,0,0,0,0,0.0,0.245043,0,0.0,0,80,2,3,0.6452,0.0409,GREEN,45,Chennai
CLM0009535,CHE_05658,Tambaram,2022-10-11,7,0,0,0,0,0,0,0,0,0,0.0,0.205979,0,0.0,0,420,3,3,0.8506,0.0,GREEN,45,Chennai
CLM0009536,CHE_02194,Chromepet,2025-04-03,21,0,0,0,0,0,0,0,0,0,0.0,0.0,0,0.0,0,322,3,3,0.6784,0.0,GREEN,36,Chennai
CLM0009537,CHE_04468,Velachery,2024-08-07,8,0,0,0,0,0,0,0,0,0,0.0,1.0,0,0.0,1,420,3,2,0.6619,0.1128,GREEN,24,Chennai
CLM0009538,CHE_04131,Adyar,2023-09-03,15,0,0,0,0,0,0,0,0,0,1.0,1.0,1,1.0,0,63,1,0,0.674,0.1366,GREEN,34,Chennai
CLM0009539,CHE_08829,Sholinganallur,2022-04-18,15,0,0,0,1,0,0,0,0,0,0.0,0.251069,0,1.0,0,420,4,0,0.2071,0.2528,GREEN,42,Chennai
CLM0009540,CHE_07321,Chromepet,2025-10-23,18,0,0,0,0,0,0,0,0,0,0.0,0.0,0,1.0,0,206,3,2,0.6491,0.1173,GREEN,53,Chennai
CLM0009541,CHE_06105,Tambaram,2023-12-22,17,0,0,0,0,0,0,0,0,0,0.0,0.199906,0,0.0,0,412,2,2,0.5001,0.1255,GREEN,55,Chennai
CLM0009542,CHE_00080,Sholinganallur,2024-09-05,17,0,0,0,0,0,0,0,0,1,0.0,0.202797,0,0.0,0,30,2,3,0.6187,0.1782,GREEN,40,Chennai
CLM0009543,CHE_05650,Velachery,2022-07-03,10,0,0,0,0,0,0,0,0,0,0.0,0.012074,0,1.0,0,244,3,0,0.8816,0.0,GREEN,29,Chennai
CLM0009544,CHE_09978,Velachery,2025-03-24,20,0,0,0,0,0,0,0,0,0,0.0,0.327114,0,0.0,0,239,1,0,0.5736,0.1968,GREEN,32,Chennai
CLM0009545,CHE_05774,Adyar,2024-01-12,13,0,1,1,0,0,0,0,1,0,0.0,0.989035,0,0.0,0,381,3,0,0.2412,0.0152,GREEN,18,Chennai
CLM0009546,CHE_02904,Sholinganallur,2023-08-11,18,0,0,0,0,0,0,0,0,0,0.0,0.190742,0,0.0,0,420,0,4,0.98,0.0068,GREEN,36,Chennai
CLM0009547,CHE_07857,Adyar,2023-02-23,7,0,0,0,0,0,0,0,0,0,0.0,0.410926,0,0.0,0,263,4,6,0.4364,0.0,GREEN,38,Chennai
CLM0009548,CHE_05853,Chromepet,2024-02-21,8,0,0,0,0,0,0,0,0,0,0.0,1.0,0,0.0,0,403,4,3,0.98,0.0294,GREEN,47,Chennai
CLM0009549,CHE_01431,Perambur,2023-06-27,8,0,0,0,0,0,0,0,0,0,0.0,0.244771,0,0.0,0,420,4,3,0.7414,0.0,GREEN,27,Chennai
CLM0009550,CHE_08755,T Nagar,2025-04-18,9,0,0,0,0,0,0,0,0,0,1.0,0.261333,0,1.0,0,181,2,3,0.6626,0.0,GREEN,49,Chennai
CLM0009551,CHE_03703,Chromepet,2024-08-22,13,0,0,0,0,0,0,0,1,0,0.0,0.0,0,0.0,0,296,1,2,0.915,0.118,GREEN,36,Chennai
CLM0009552,CHE_08535,Perambur,2022-09-21,20,0,0,0,1,1,1,1,1,1,1.0,0.969052,1,1.0,0,5,4,18,0.1595,0.1587,GREEN,28,Chennai
CLM0009553,CHE_07410,Adyar,2022-10-26,10,0,0,0,0,0,1,0,0,0,0.0,0.220822,0,0.0,0,37,3,0,0.5033,0.2367,GREEN,24,Chennai
CLM0009554,CHE_09664,Chromepet,2020-10-14,13,0,0,0,0,0,1,0,0,0,0.0,0.130333,0,0.0,0,182,4,1,0.8826,0.0356,GREEN,24,Chennai
CLM0009555,CHE_03510,Guindy,2024-01-10,18,0,0,0,0,0,0,0,0,1,0.0,0.255023,0,0.0,0,323,4,6,0.8585,0.0351,GREEN,35,Chennai
CLM0009556,CHE_05091,Tambaram,2023-04-03,21,0,0,0,0,0,1,0,0,0,0.0,0.180784,0,0.0,0,133,4,0,0.9338,0.0348,GREEN,36,Chennai
CLM0009557,CHE_06034,Velachery,2021-05-18,19,0,0,0,0,0,0,0,0,0,0.0,0.289148,0,1.0,0,258,0,0,0.5587,0.0,GREEN,49,Chennai
CLM0009558,CHE_05902,Anna Nagar,2016-08-19,15,0,0,0,0,0,0,0,0,0,0.0,0.194651,0,0.0,0,129,1,1,0.6199,0.0244,GREEN,32,Chennai
CLM0009559,CHE_03344,Sholinganallur,2015-10-25,15,0,0,0,0,0,0,0,0,0,0.0,0.105157,0,0.0,0,409,4,3,0.4302,0.0,GREEN,43,Chennai
CLM0009560,CHE_01833,Porur,2025-08-03,12,0,1,1,0,0,0,0,0,0,0.0,0.128226,0,0.0,0,217,3,1,0.7333,0.0467,GREEN,37,Chennai
CLM0009561,CHE_05730,Perambur,2021-05-06,7,0,0,0,0,0,0,0,0,0,0.0,0.0,0,0.0,0,420,1,1,0.3434,0.0,GREEN,34,Chennai
CLM0009562,CHE_03235,Porur,2018-07-08,18,0,0,0,0,0,0,0,1,0,0.0,0.979765,0,0.0,0,278,2,4,0.5453,0.0388,GREEN,40,Chennai
CLM0009563,CHE_06171,Porur,2020-10-31,18,0,0,0,0,0,0,0,0,0,0.0,0.113627,0,0.0,0,103,3,3,0.9101,0.0,GREEN,54,Chennai
CLM0009564,CHE_02632,Sholinganallur,2024-06-02,7,0,0,0,1,0,1,0,1,0,0.0,0.075911,0,0.0,1,316,4,1,0.05,0.4718,YELLOW,41,Chennai
CLM0009565,CHE_02927,Sholinganallur,2015-07-21,7,0,0,0,0,0,0,1,0,0,0.0,0.428452,0,0.0,0,253,4,0,0.7333,0.1006,GREEN,48,Chennai
CLM0009566,CHE_05787,Sholinganallur,2024-01-07,13,0,0,0,1,0,0,0,0,0,0.0,0.182164,1,0.0,0,370,4,2,0.1992,0.1517,GREEN,36,Chennai
CLM0009567,CHE_08001,Sholinganallur,2021-09-13,21,0,0,0,0,0,0,1,0,0,1.0,0.970541,0,1.0,0,55,1,2,0.5008,0.1467,GREEN,55,Chennai
CLM0009568,CHE_06641,Guindy,2023-04-14,10,0,0,0,0,0,0,0,0,0,0.0,0.305602,0,0.0,0,290,4,0,0.6126,0.0241,GREEN,41,Chennai
CLM0009569,CHE_04902,Sholinganallur,2024-03-23,21,0,0,0,0,0,0,0,0,0,0.0,0.180021,0,0.0,0,420,0,0,0.6126,0.0,GREEN,36,Chennai
CLM0009570,CHE_07136,Perambur,2024-10-02,18,0,0,0,1,1,1,1,0,0,0.0,0.05149,1,0.0,0,23,3,11,0.8382,0.023,GREEN,55,Chennai
CLM0009571,CHE_01110,Adyar,2017-08-23,11,0,0,0,0,0,0,1,0,0,0.0,0.258665,0,0.0,0,157,1,6,0.7225,0.1269,GREEN,49,Chennai
CLM0009572,CHE_09596,Perambur,2024-09-07,12,0,0,0,0,0,0,0,0,0,1.0,0.090574,0,0.0,0,306,4,4,0.4511,0.0051,GREEN,22,Chennai
CLM0009573,CHE_02987,T Nagar,2022-10-02,13,0,1,1,0,1,0,0,0,0,1.0,0.166339,0,0.0,0,248,4,0,0.6017,0.117,GREEN,37,Chennai
CLM0009574,CHE_03678,T Nagar,2020-10-01,15,0,1,1,0,0,0,0,0,1,1.0,0.05414,0,1.0,0,420,1,2,0.8521,0.1418,GREEN,20,Chennai
CLM0009575,CHE_06159,T Nagar,2025-12-21,18,0,0,0,0,0,0,0,0,0,0.0,0.0,0,0.0,0,317,3,2,0.8566,0.0077,GREEN,46,Chennai
CLM0009576,CHE_08140,Anna Nagar,2020-11-12,16,1,0,0,0,0,0,1,0,0,0.0,0.112356,0,0.0,0,179,3,7,0.877,0.1643,GREEN,21,Chennai
CLM0009577,CHE_09802,Perambur,2023-11-07,9,0,0,0,0,0,0,0,0,0,0.0,0.957502,0,0.0,0,420,2,0,0.7034,0.0118,GREEN,37,Chennai
CLM0009578,CHE_02457,Tambaram,2017-11-14,7,0,0,0,0,0,0,0,0,0,0.0,0.0,0,0.0,0,152,4,3,0.7862,0.1374,GREEN,49,Chennai
CLM0009579,CHE_05248,Velachery,2025-08-03,10,0,0,0,0,0,0,0,0,0,0.0,0.244944,0,0.0,0,160,0,0,0.0889,0.0197,GREEN,43,Chennai
CLM0009580,CHE_04970,Tambaram,2023-05-04,9,0,0,0,0,0,0,0,0,0,0.0,0.069298,0,0.0,0,5,4,4,0.05,0.0142,GREEN,33,Chennai
CLM0009581,CHE_00273,Anna Nagar,2024-12-12,13,0,0,0,0,0,0,0,0,0,0.0,0.114522,0,0.0,0,249,2,3,0.6077,0.0255,GREEN,43,Chennai
CLM0009582,CHE_00947,Velachery,2024-07-31,17,0,0,0,0,0,0,0,0,0,0.0,0.0,0,1.0,0,364,4,2,0.05,0.0349,GREEN,26,Chennai
CLM0009583,CHE_03102,Anna Nagar,2024-04-22,19,0,0,0,0,0,0,0,0,0,0.0,1.0,0,0.0,0,289,4,1,0.6631,0.0,GREEN,30,Chennai
CLM0009584,CHE_05779,T Nagar,2023-10-01,19,0,0,0,0,0,0,0,0,1,1.0,0.944651,0,1.0,0,253,1,5,0.5996,0.1248,GREEN,42,Chennai
CLM0009585,CHE_05502,Chromepet,2020-10-05,18,0,0,0,0,0,1,1,0,0,0.0,0.127811,0,0.0,0,171,0,2,0.9426,0.1926,GREEN,49,Chennai
CLM0009586,CHE_01079,Perambur,2025-03-16,19,0,0,0,1,1,0,1,1,1,1.0,0.901305,1,1.0,0,5,4,18,0.2161,0.133,GREEN,40,Chennai
CLM0009587,CHE_09595,Perambur,2023-01-25,14,0,0,0,0,0,0,0,0,0,0.0,0.452343,0,0.0,0,415,4,1,0.6283,0.0,GREEN,45,Chennai
CLM0009588,CHE_00874,Anna Nagar,2025-10-06,7,0,0,0,0,1,0,0,0,0,0.0,0.06579,0,0.0,0,303,1,1,0.7925,0.0753,GREEN,38,Chennai
CLM0009589,CHE_08199,Porur,2021-11-17,17,0,0,0,0,0,0,0,0,0,0.0,0.077166,0,0.0,0,350,3,3,0.2818,0.0016,GREEN,38,Chennai
CLM0009590,CHE_02448,Sholinganallur,2024-09-13,10,0,0,0,0,0,1,0,0,1,0.0,0.303171,0,0.0,0,326,0,4,0.547,0.2084,GREEN,26,Chennai
CLM0009591,CHE_00587,Sholinganallur,2024-03-10,20,0,0,0,1,0,0,1,0,0,1.0,0.250842,0,1.0,0,420,2,0,0.2257,0.369,YELLOW,27,Chennai
CLM0009592,CHE_07912,Porur,2022-08-16,14,0,0,0,0,0,0,0,0,0,0.0,0.403787,0,0.0,0,270,3,1,0.6084,0.0,GREEN,45,Chennai
CLM0009593,CHE_06910,Velachery,2025-04-25,14,0,0,0,0,0,0,0,0,0,0.0,0.188211,0,0.0,0,282,0,5,0.2134,0.0,GREEN,52,Chennai
CLM0009594,CHE_04841,T Nagar,2023-12-01,8,0,0,0,0,0,0,0,0,0,1.0,0.842339,1,1.0,0,69,4,3,0.7206,0.162,GREEN,55,Chennai
CLM0009595,CHE_07655,Anna Nagar,2024-11-25,20,0,0,0,0,0,0,0,0,0,1.0,0.040111,0,0.0,1,365,4,2,0.7555,0.0939,GREEN,40,Chennai
CLM0009596,CHE_09227,T Nagar,2025-06-26,17,0,0,0,0,0,1,0,0,0,0.0,0.948308,0,0.0,1,74,0,3,0.98,0.2665,GREEN,18,Chennai
CLM0009597,CHE_06995,T Nagar,2024-04-06,8,0,0,0,0,0,0,0,0,0,0.0,0.296565,0,0.0,0,100,3,0,0.1804,0.0,GREEN,43,Chennai
CLM0009598,CHE_03987,Guindy,2025-04-24,11,0,0,0,0,0,0,0,0,0,0.0,0.260619,0,0.0,0,420,1,0,0.6367,0.0,GREEN,21,Chennai
CLM0009599,CHE_01207,Porur,2024-01-16,7,0,0,0,0,0,1,0,0,0,0.0,0.333578,0,0.0,0,290,4,2,0.6846,0.1136,GREEN,28,Chennai
CLM0009600,CHE_03786,Porur,2025-01-05,21,0,0,0,0,0,0,0,0,0,0.0,0.350525,0,0.0,0,420,2,2,0.9578,0.0016,GREEN,28,Chennai
CLM0009601,CHE_00924,Anna Nagar,2025-10-10,18,0,0,0,0,0,0,0,0,0,0.0,0.176902,0,0.0,0,39,0,6,0.6588,0.0,GREEN,46,Chennai
CLM0009602,CHE_09965,Sholinganallur,2025-06-25,16,0,0,0,0,0,0,0,0,0,1.0,0.188476,0,0.0,0,141,4,0,0.5834,0.0739,GREEN,31,Chennai
CLM0009603,CHE_05769,Perambur,2024-03-02,16,0,1,1,0,0,0,0,0,0,0.0,0.456218,0,0.0,1,420,3,0,0.8544,0.0592,GREEN,42,Chennai
CLM0009604,CHE_09041,T Nagar,2025-12-25,19,0,0,0,0,0,0,0,0,0,0.0,0.466986,0,0.0,0,206,3,1,0.9583,0.0385,GREEN,38,Chennai
CLM0009605,CHE_01305,Sholinganallur,2022-01-30,19,0,0,0,0,0,0,0,0,0,0.0,0.210364,0,0.0,0,396,4,3,0.5879,0.0,GREEN,29,Chennai
CLM0009606,CHE_08064,Guindy,2025-07-06,7,0,0,0,0,1,1,0,1,0,0.0,1.0,1,0.0,0,12,0,18,0.153,0.0946,GREEN,49,Chennai
CLM0009607,CHE_05145,Sholinganallur,2023-08-22,10,0,0,0,0,0,1,0,0,0,0.0,0.401705,0,0.0,0,194,0,3,0.6971,0.0615,GREEN,28,Chennai
CLM0009608,CHE_03786,Porur,2022-03-28,9,0,0,0,0,0,0,0,0,0,0.0,0.199096,0,0.0,0,318,0,3,0.9164,0.0969,GREEN,28,Chennai
CLM0009609,CHE_02217,Perambur,2024-10-03,7,0,0,0,0,0,0,0,0,0,0.0,0.0,0,0.0,0,394,3,2,0.8077,0.0,GREEN,51,Chennai
CLM0009610,CHE_02948,Perambur,2025-10-17,16,0,0,0,1,0,0,0,0,0,0.0,0.0,0,0.0,0,96,3,5,0.6272,0.1488,GREEN,26,Chennai
CLM0009611,CHE_01052,Guindy,2024-08-16,14,0,0,0,0,0,1,1,0,1,0.0,0.14995,1,0.0,0,5,0,18,0.9752,0.0844,GREEN,37,Chennai
CLM0009612,CHE_07006,Adyar,2024-03-08,17,0,0,0,0,1,0,0,0,0,0.0,0.376738,0,0.0,0,67,3,3,0.4413,0.0983,GREEN,43,Chennai
CLM0009613,CHE_04626,Guindy,2024-09-06,18,0,0,0,1,1,1,0,1,1,0.0,0.108688,1,0.0,0,26,3,18,0.9455,0.1369,GREEN,37,Chennai
CLM0009614,CHE_04236,Adyar,2024-09-25,19,0,0,0,0,0,0,0,1,0,0.0,1.0,0,0.0,0,405,2,1,0.5901,0.0898,GREEN,32,Chennai
CLM0009615,CHE_08125,T Nagar,2025-10-02,17,0,0,0,0,0,1,0,0,0,0.0,0.097625,0,0.0,0,142,0,7,0.98,0.0794,GREEN,21,Chennai
CLM0009616,CHE_09161,Sholinganallur,2024-09-23,20,0,0,0,0,0,0,0,0,0,0.0,0.341005,0,0.0,0,150,3,1,0.1827,0.0,GREEN,41,Chennai
CLM0009617,CHE_04206,Tambaram,2025-07-08,13,0,0,0,0,0,0,0,1,0,0.0,0.0,0,1.0,0,420,3,0,0.98,0.1702,GREEN,48,Chennai
CLM0009618,CHE_00478,Adyar,2024-05-26,19,0,0,0,0,0,0,0,0,0,0.0,0.17861,0,0.0,0,288,4,6,0.9195,0.0183,GREEN,20,Chennai
CLM0009619,CHE_00844,Adyar,2020-05-01,8,0,0,0,0,0,0,0,1,0,1.0,0.076239,1,0.0,0,211,4,2,0.8197,0.2396,GREEN,39,Chennai
CLM0009620,CHE_08429,Porur,2018-04-30,19,0,0,0,0,0,0,0,0,0,1.0,0.105877,0,0.0,0,420,4,2,0.7809,0.0136,GREEN,38,Chennai
CLM0009621,CHE_03894,Chromepet,2017-02-16,9,0,1,1,0,0,0,0,0,0,1.0,0.16679,0,0.0,0,205,3,2,0.1306,0.1066,GREEN,32,Chennai
CLM0009622,CHE_06927,Guindy,2024-09-26,13,0,0,0,0,0,0,0,0,0,0.0,0.179026,0,0.0,1,420,0,8,0.6157,0.0,GREEN,18,Chennai
CLM0009623,CHE_00402,T Nagar,2019-03-28,21,0,0,0,0,0,0,1,0,0,0.0,0.160029,0,0.0,0,42,2,3,0.6747,0.0366,GREEN,19,Chennai
CLM0009624,CHE_09153,Guindy,2018-05-09,7,0,0,0,1,1,0,1,1,1,1.0,0.336655,0,1.0,0,6,2,18,0.3534,0.0403,GREEN,46,Chennai
CLM0009625,CHE_01728,Porur,2024-11-24,14,0,0,0,0,0,1,0,0,0,1.0,0.989696,0,1.0,0,182,2,0,0.6498,0.0829,GREEN,58,Chennai
CLM0009626,CHE_02110,Chromepet,2023-02-26,13,0,0,0,0,0,0,0,1,0,0.0,0.079075,0,1.0,0,405,1,1,0.8635,0.1307,GREEN,34,Chennai
CLM0009627,CHE_07513,Perambur,2020-01-31,18,0,0,0,0,0,0,0,0,0,0.0,0.112344,0,0.0,0,15,0,5,0.5975,0.0,GREEN,32,Chennai
CLM0009628,CHE_02338,Tambaram,2022-05-26,15,0,0,0,0,0,0,0,0,0,0.0,0.966976,0,0.0,0,413,4,1,0.8085,0.0157,GREEN,33,Chennai
CLM0009629,CHE_01840,Porur,2018-04-21,10,0,1,1,0,0,0,0,0,0,0.0,0.0,1,0.0,0,5,1,4,0.5602,0.127,GREEN,35,Chennai
CLM0009630,CHE_04361,Adyar,2024-08-19,15,0,0,0,0,0,0,0,1,0,0.0,0.100475,0,0.0,0,357,4,1,0.5345,0.1934,GREEN,18,Chennai
CLM0009631,CHE_09725,Chromepet,2022-06-19,12,0,0,0,0,0,0,0,0,0,0.0,0.311124,0,0.0,0,258,1,0,0.4952,0.0,GREEN,35,Chennai
CLM0009632,CHE_08469,T Nagar,2021-10-01,19,0,0,0,0,0,0,0,0,0,0.0,0.42186,0,0.0,0,102,2,3,0.5976,0.0399,GREEN,48,Chennai
CLM0009633,CHE_05048,Sholinganallur,2025-12-21,20,0,0,0,0,0,0,0,0,0,0.0,0.115158,0,0.0,0,75,4,6,0.8716,0.0525,GREEN,18,Chennai
CLM0009634,CHE_04526,Perambur,2024-07-29,20,0,0,0,0,0,0,0,0,0,0.0,0.283806,0,0.0,0,147,1,0,0.4669,0.0,GREEN,33,Chennai
CLM0009635,CHE_04148,Tambaram,2025-02-21,12,0,0,0,0,1,0,0,0,0,0.0,0.309911,0,0.0,0,282,2,6,0.9101,0.0641,GREEN,36,Chennai
CLM0009636,CHE_01499,Perambur,2021-05-30,18,0,0,0,0,0,1,0,0,0,0.0,0.209983,0,0.0,0,323,0,1,0.6137,0.1396,GREEN,50,Chennai
CLM0009637,CHE_08642,Tambaram,2024-01-03,20,0,0,0,0,0,0,0,1,0,0.0,0.299524,0,0.0,1,281,4,3,0.1388,0.3041,GREEN,37,Chennai
CLM0009638,CHE_08826,T Nagar,2023-04-16,21,0,0,0,0,0,0,1,0,0,0.0,0.445211,0,0.0,0,348,3,0,0.6508,0.0616,GREEN,37,Chennai
CLM0009639,CHE_00395,T Nagar,2025-05-02,7,0,0,0,0,0,0,0,0,0,0.0,0.474611,0,0.0,0,420,3,2,0.6578,0.0892,GREEN,24,Chennai
CLM0009640,CHE_02065,Porur,2025-02-03,20,0,0,0,0,0,0,0,0,1,0.0,0.287726,0,0.0,0,420,4,3,0.7023,0.2234,GREEN,42,Chennai
CLM0009641,CHE_02872,Velachery,2024-12-08,11,0,0,0,0,0,0,0,0,0,0.0,1.0,0,0.0,0,248,4,2,0.9286,0.0396,GREEN,52,Chennai
CLM0009642,CHE_09264,Perambur,2023-12-20,11,0,0,0,0,0,0,0,0,0,0.0,0.061255,0,0.0,0,410,4,0,0.6803,0.06,GREEN,35,Chennai
CLM0009643,CHE_00188,Guindy,2023-11-02,11,0,0,0,0,0,0,0,0,0,0.0,0.365015,0,0.0,0,420,3,3,0.1105,0.0906,GREEN,40,Chennai
CLM0009644,CHE_01481,Anna Nagar,2025-08-22,12,0,0,0,0,0,0,0,0,0,0.0,0.095211,0,0.0,0,102,0,7,0.1675,0.0,GREEN,33,Chennai
CLM0009645,CHE_05387,Chromepet,2019-12-07,8,0,0,0,0,0,0,0,0,0,0.0,0.248491,0,0.0,0,396,1,4,0.7054,0.0138,GREEN,45,Chennai
CLM0009646,CHE_01165,Porur,2017-04-03,16,0,0,0,0,0,1,0,0,0,0.0,0.121024,0,0.0,0,288,4,2,0.7824,0.0881,GREEN,34,Chennai
CLM0009647,CHE_02461,Guindy,2021-04-21,20,0,0,0,0,0,0,0,0,0,0.0,1.0,0,0.0,0,420,1,0,0.6363,0.0,GREEN,37,Chennai
CLM0009648,CHE_08841,Chromepet,2019-04-06,17,0,0,0,0,0,0,0,0,0,0.0,0.114765,0,1.0,0,80,2,0,0.7823,0.0,GREEN,41,Chennai
CLM0009649,CHE_06742,Tambaram,2016-05-26,7,0,0,0,0,0,0,0,0,0,0.0,0.345189,0,0.0,0,155,3,2,0.8745,0.0592,GREEN,18,Chennai
CLM0009650,CHE_06606,Chromepet,2019-02-06,12,0,0,0,0,1,0,0,0,0,0.0,0.165213,0,0.0,0,171,1,2,0.867,0.1435,GREEN,41,Chennai
CLM0009651,CHE_04055,Adyar,2017-06-17,15,0,0,0,0,0,0,0,0,0,0.0,0.079059,0,0.0,0,231,0,1,0.98,0.0665,GREEN,21,Chennai
CLM0009652,CHE_04381,Velachery,2017-06-04,8,0,0,0,0,0,0,0,0,0,0.0,0.051986,0,0.0,0,19,1,4,0.9692,0.0083,GREEN,31,Chennai
CLM0009653,CHE_04446,Perambur,2024-08-07,14,0,0,0,0,0,0,0,1,0,0.0,1.0,0,0.0,0,420,2,1,0.6815,0.0509,GREEN,64,Chennai
CLM0009654,CHE_09856,Perambur,2023-08-17,10,0,0,0,0,0,0,1,0,0,0.0,0.320999,0,0.0,0,46,2,3,0.7939,0.0886,GREEN,37,Chennai
CLM0009655,CHE_01991,Porur,2024-12-18,15,0,1,1,0,1,1,0,1,0,1.0,1.0,1,1.0,0,21,1,18,0.1287,0.0567,GREEN,49,Chennai
CLM0009656,CHE_09842,Guindy,2023-02-18,10,0,0,0,0,1,0,1,1,1,1.0,0.177317,0,0.0,0,5,4,18,0.2535,0.0,GREEN,47,Chennai
CLM0009657,CHE_08072,Guindy,2023-02-02,17,0,0,0,0,0,0,0,0,0,1.0,0.187888,0,0.0,0,306,0,3,0.98,0.0723,GREEN,43,Chennai
CLM0009658,CHE_02072,Sholinganallur,2024-02-28,16,0,0,0,0,0,0,0,0,0,0.0,0.379497,0,0.0,0,237,4,5,0.7595,0.0,GREEN,48,Chennai
CLM0009659,CHE_08033,Sholinganallur,2024-02-15,10,0,0,0,0,0,0,0,0,0,0.0,0.217014,0,0.0,0,5,1,3,0.9324,0.0401,GREEN,31,Chennai
CLM0009660,CHE_01584,Perambur,2024-01-25,9,0,0,0,0,0,0,0,0,0,0.0,0.31319,0,0.0,1,281,3,0,0.5822,0.0194,GREEN,41,Chennai
CLM0009661,CHE_07659,Sholinganallur,2023-04-11,19,0,0,0,0,0,0,0,0,0,0.0,0.309933,0,0.0,0,149,4,2,0.7143,0.0,GREEN,27,Chennai
CLM0009662,CHE_08118,Guindy,2023-03-20,9,0,0,0,0,0,0,0,0,0,0.0,0.10417,0,0.0,1,190,4,3,0.7415,0.1088,GREEN,38,Chennai
CLM0009663,CHE_01063,Anna Nagar,2018-06-24,20,0,0,0,0,0,1,0,0,0,0.0,0.211811,0,0.0,0,34,2,2,0.98,0.0704,GREEN,31,Chennai
CLM0009664,CHE_00141,Velachery,2019-01-27,12,0,0,0,0,0,0,0,0,0,0.0,0.237404,0,0.0,0,310,4,1,0.6994,0.0055,GREEN,33,Chennai
CLM0009665,CHE_08369,Perambur,2020-04-21,13,0,0,0,0,0,0,0,0,0,0.0,0.126328,0,0.0,0,318,0,5,0.1425,0.0282,GREEN,32,Chennai
CLM0009666,CHE_01752,Tambaram,2022-09-07,7,0,0,0,1,1,0,0,0,1,0.0,0.297857,0,0.0,0,97,4,1,0.7886,0.3946,YELLOW,47,Chennai
CLM0009667,CHE_04036,Adyar,2024-11-26,15,0,0,0,0,0,0,0,0,0,1.0,1.0,0,0.0,0,41,0,4,0.6534,0.0888,GREEN,66,Chennai
CLM0009668,CHE_08666,Adyar,2022-02-12,13,0,0,0,0,0,0,0,0,0,0.0,0.293551,0,0.0,0,249,3,0,0.98,0.0,GREEN,50,Chennai
CLM0009669,CHE_00220,Velachery,2025-11-25,7,0,1,1,1,1,0,0,0,1,1.0,1.0,1,1.0,1,16,0,14,0.2927,0.6547,RED,42,Chennai
CLM0009670,CHE_04602,Velachery,2025-05-25,17,0,1,1,1,1,0,1,0,1,0.0,0.0,1,0.0,1,15,2,15,0.9178,0.7836,RED,18,Chennai
CLM0009671,CHE_09648,T Nagar,2024-09-07,13,0,1,1,1,1,0,1,1,1,1.0,0.442231,0,1.0,0,5,0,18,0.2648,0.6563,RED,45,Chennai
CLM0009672,CHE_09035,Tambaram,2023-11-25,8,0,1,1,1,1,1,1,1,1,1.0,0.109307,0,0.0,1,5,0,18,0.0791,0.9117,RED,39,Chennai
CLM0009673,CHE_06477,Chromepet,2025-11-08,12,0,1,1,0,0,0,1,1,0,1.0,0.966673,0,1.0,0,26,1,18,0.2163,0.2014,GREEN,28,Chennai
CLM0009674,CHE_01465,Tambaram,2025-06-03,16,0,1,1,0,1,0,1,1,0,1.0,0.97995,1,1.0,1,5,2,18,0.1345,0.5683,YELLOW,51,Chennai
CLM0009675,CHE_03107,Tambaram,2023-09-01,16,0,1,1,1,1,1,1,1,0,1.0,0.526803,0,1.0,0,5,1,18,0.1432,0.6279,RED,32,Chennai
CLM0009676,CHE_04558,Tambaram,2025-01-02,19,0,1,1,0,0,0,0,0,0,0.0,0.293993,0,0.0,0,420,2,1,0.807,0.4347,YELLOW,18,Chennai
CLM0009677,CHE_03785,Velachery,2021-12-16,17,0,0,0,0,0,0,0,0,0,0.0,0.457491,0,0.0,0,319,2,5,0.05,0.0811,GREEN,65,Chennai
CLM0009678,CHE_04010,Anna Nagar,2024-08-23,8,0,0,0,0,0,0,0,0,0,0.0,0.0,0,0.0,0,308,2,0,0.8548,0.0,GREEN,47,Chennai
CLM0009679,CHE_00659,Adyar,2025-05-21,17,0,0,0,1,0,1,1,1,1,1.0,1.0,0,0.0,0,6,3,18,0.1387,0.2827,GREEN,34,Chennai
CLM0009680,CHE_09528,Porur,2025-10-11,15,0,0,0,1,0,0,0,0,0,0.0,0.15299,0,0.0,0,270,0,2,0.98,0.1642,GREEN,57,Chennai
CLM0009681,CHE_05082,Porur,2024-09-19,13,0,0,0,0,0,0,0,1,0,0.0,0.957315,0,0.0,0,420,3,1,0.9675,0.0504,GREEN,25,Chennai
CLM0009682,CHE_05346,Guindy,2024-08-17,11,0,0,0,0,0,0,0,0,1,0.0,0.939847,0,0.0,0,50,0,1,0.98,0.1251,GREEN,26,Chennai
CLM0009683,CHE_04315,T Nagar,2023-12-23,21,0,0,0,0,0,0,0,0,0,0.0,0.363792,0,0.0,0,55,1,2,0.05,0.0,GREEN,33,Chennai
CLM0009684,CHE_06632,Adyar,2022-11-20,9,0,0,0,0,0,0,0,0,0,0.0,0.0,0,0.0,0,56,4,2,0.8574,0.0154,GREEN,18,Chennai
CLM0009685,CHE_08990,Chromepet,2022-09-14,20,0,0,0,0,0,0,0,0,0,0.0,0.277919,0,0.0,0,280,3,5,0.05,0.0126,GREEN,30,Chennai
CLM0009686,CHE_09391,Guindy,2023-10-25,8,0,1,1,0,0,0,0,0,0,0.0,0.0,0,0.0,0,62,0,0,0.6996,0.0497,GREEN,37,Chennai
CLM0009687,CHE_05611,Chromepet,2021-11-15,8,0,0,0,0,0,0,0,0,0,0.0,0.028527,0,0.0,0,282,2,3,0.05,0.0228,GREEN,18,Chennai
CLM0009688,CHE_09824,Perambur,2019-03-09,10,0,0,0,0,0,0,0,0,0,0.0,0.152885,0,0.0,0,176,1,4,0.9349,0.0,GREEN,43,Chennai
CLM0009689,CHE_04731,Velachery,2017-12-28,15,0,1,1,0,0,0,0,0,0,0.0,0.366717,0,0.0,0,208,1,2,0.4977,0.0863,GREEN,43,Chennai
CLM0009690,CHE_05739,Chromepet,2024-06-23,8,0,0,0,0,0,0,0,0,1,1.0,0.991765,0,0.0,0,33,0,4,0.8697,0.1297,GREEN,54,Chennai
CLM0009691,CHE_04697,Adyar,2018-03-21,21,0,1,1,0,0,0,0,0,0,0.0,0.206749,0,0.0,0,104,2,4,0.1186,0.0029,GREEN,39,Chennai
CLM0009692,CHE_06277,Adyar,2024-05-25,17,0,0,0,0,0,0,0,0,0,0.0,0.198904,0,0.0,1,136,3,2,0.6865,0.0026,GREEN,31,Chennai
CLM0009693,CHE_09292,Velachery,2019-10-02,11,0,0,0,0,0,1,0,0,0,0.0,0.24124,0,0.0,0,371,4,0,0.7269,0.014,GREEN,27,Chennai
CLM0009694,CHE_07821,Anna Nagar,2023-07-03,20,0,0,0,0,0,0,0,1,0,0.0,0.188252,0,0.0,0,332,1,1,0.7032,0.0936,GREEN,27,Chennai
CLM0009695,CHE_08238,Guindy,2020-11-11,19,0,0,0,0,0,0,0,0,0,0.0,0.113646,0,0.0,0,5,1,4,0.05,0.0017,GREEN,45,Chennai
CLM0009696,CHE_01454,Chromepet,2024-05-18,14,0,0,0,0,0,0,0,0,0,0.0,0.96531,0,0.0,0,420,1,0,0.4651,0.0443,GREEN,45,Chennai
CLM0009697,CHE_04243,Tambaram,2021-07-23,15,0,0,0,0,0,0,0,0,0,1.0,1.0,0,1.0,0,259,1,3,0.6603,0.0,GREEN,53,Chennai
CLM0009698,CHE_04290,Guindy,2019-08-21,16,0,0,0,0,0,0,0,0,0,0.0,0.158042,0,0.0,0,319,3,4,0.818,0.0,GREEN,56,Chennai
CLM0009699,CHE_01937,Guindy,2025-03-03,18,0,0,0,0,0,1,0,0,0,0.0,0.399452,0,0.0,0,197,2,5,0.434,0.1849,GREEN,47,Chennai
CLM0009700,CHE_05601,Guindy,2022-02-01,10,0,0,0,0,0,0,0,0,0,0.0,0.315483,0,0.0,0,274,2,5,0.1531,0.1115,GREEN,42,Chennai
CLM0009701,CHE_00834,Anna Nagar,2018-12-14,17,0,0,0,0,0,1,0,0,0,0.0,0.384434,0,0.0,0,203,2,1,0.1015,0.101,GREEN,43,Chennai
CLM0009702,CHE_06804,Tambaram,2019-08-04,12,0,0,0,0,0,0,0,1,0,0.0,0.167499,0,0.0,0,206,2,2,0.7263,0.0688,GREEN,45,Chennai
CLM0009703,CHE_05115,Chromepet,2023-04-17,17,0,0,0,1,1,0,0,0,0,1.0,1.0,0,1.0,0,407,1,2,0.9417,0.2779,GREEN,54,Chennai
CLM0009704,CHE_03684,Porur,2022-07-04,12,0,0,0,0,0,0,0,1,0,0.0,0.228356,0,0.0,0,132,3,0,0.7558,0.0964,GREEN,54,Chennai
CLM0009705,CHE_05556,Porur,2022-05-04,15,0,0,0,0,0,0,0,0,0,0.0,1.0,1,0.0,0,241,4,4,0.786,0.1338,GREEN,24,Chennai
CLM0009706,CHE_07290,Adyar,2017-03-05,14,0,0,0,0,0,0,0,0,0,0.0,0.299448,1,0.0,0,322,3,3,0.3504,0.0001,GREEN,44,Chennai
CLM0009707,CHE_07232,Sholinganallur,2023-07-13,11,0,0,0,0,0,0,0,0,0,0.0,0.182476,0,0.0,0,208,3,6,0.7077,0.0085,GREEN,26,Chennai
CLM0009708,CHE_06982,Porur,2022-08-01,8,0,0,0,0,0,0,1,0,0,1.0,0.196497,0,0.0,0,336,1,4,0.2255,0.1058,GREEN,39,Chennai
CLM0009709,CHE_06011,Guindy,2021-06-05,8,0,0,0,0,0,0,1,0,0,0.0,0.268324,0,0.0,0,10,4,4,0.4665,0.051,GREEN,44,Chennai
CLM0009710,CHE_09697,Perambur,2025-01-22,13,0,0,0,1,0,0,0,1,1,1.0,0.977407,1,1.0,0,31,2,18,0.324,0.039,GREEN,38,Chennai
CLM0009711,CHE_08696,Tambaram,2023-11-19,17,0,0,0,0,1,0,0,1,0,1.0,0.0,0,0.0,0,334,2,5,0.4244,0.2576,GREEN,18,Chennai
CLM0009712,CHE_03349,Anna Nagar,2025-07-06,7,0,0,0,0,0,0,0,0,0,0.0,0.342742,0,0.0,0,139,0,3,0.5662,0.0188,GREEN,56,Chennai
CLM0009713,CHE_08009,Guindy,2023-06-09,16,0,0,0,0,0,0,0,0,0,0.0,0.0,0,0.0,0,36,0,2,0.9064,0.0,GREEN,27,Chennai
CLM0009714,CHE_08762,Porur,2022-12-22,17,0,0,0,0,0,0,0,0,1,0.0,0.062403,0,0.0,0,397,1,3,0.05,0.111,GREEN,44,Chennai
CLM0009715,CHE_09521,Guindy,2024-10-18,7,0,0,0,0,0,0,0,1,0,0.0,0.304431,0,0.0,0,206,4,5,0.6595,0.0596,GREEN,38,Chennai
CLM0009716,CHE_07770,Velachery,2025-08-26,17,0,1,1,0,0,1,0,0,1,0.0,0.186055,0,0.0,0,207,3,2,0.6782,0.3208,YELLOW,50,Chennai
CLM0009717,CHE_05455,Guindy,2024-04-13,9,0,0,0,0,0,0,0,1,0,0.0,0.264097,0,0.0,0,401,0,4,0.8946,0.0958,GREEN,40,Chennai
CLM0009718,CHE_07426,Velachery,2018-03-20,9,0,0,0,0,0,0,0,0,1,0.0,0.151957,0,1.0,0,159,4,2,0.7577,0.0869,GREEN,55,Chennai
CLM0009719,CHE_08257,Porur,2024-03-13,19,0,0,0,0,0,0,0,0,0,0.0,0.420799,0,0.0,1,192,3,3,0.05,0.0254,GREEN,32,Chennai
CLM0009720,CHE_04469,Tambaram,2019-05-29,11,0,0,0,0,0,0,1,1,0,0.0,0.219544,0,1.0,0,84,1,2,0.5546,0.1161,GREEN,47,Chennai
CLM0009721,CHE_08677,T Nagar,2019-08-13,16,0,0,0,0,0,1,0,0,0,0.0,0.065528,0,0.0,0,255,0,2,0.6923,0.2098,GREEN,36,Chennai
CLM0009722,CHE_04753,Tambaram,2022-10-21,10,0,1,1,0,0,0,0,0,0,0.0,0.451542,0,0.0,0,367,1,6,0.2276,0.0,GREEN,36,Chennai
CLM0009723,CHE_05393,Tambaram,2023-05-14,21,0,0,0,0,0,0,1,0,0,0.0,0.135758,0,0.0,0,240,1,4,0.2224,0.0711,GREEN,41,Chennai
CLM0009724,CHE_06341,Chromepet,2020-03-18,8,0,0,0,0,0,0,0,0,0,0.0,0.302882,1,0.0,0,164,3,2,0.9522,0.0167,GREEN,31,Chennai
CLM0009725,CHE_08803,T Nagar,2025-01-16,8,0,0,0,0,0,0,0,0,0,0.0,0.338239,0,0.0,0,166,3,1,0.8993,0.0,GREEN,53,Chennai
CLM0009726,CHE_08574,Velachery,2021-10-11,18,0,0,0,0,0,0,0,0,0,0.0,0.255953,0,0.0,0,420,2,5,0.8156,0.0043,GREEN,34,Chennai
CLM0009727,CHE_06821,T Nagar,2017-10-10,19,0,0,0,0,0,0,0,0,0,1.0,0.95962,0,0.0,0,420,0,0,0.8379,0.075,GREEN,43,Chennai
CLM0009728,CHE_02848,Guindy,2024-11-09,21,0,0,0,0,0,0,0,0,0,0.0,0.352384,0,0.0,0,186,0,1,0.6653,0.0337,GREEN,52,Chennai
CLM0009729,CHE_02152,Guindy,2022-06-27,14,0,0,0,0,0,0,0,0,0,0.0,0.261378,0,0.0,0,17,0,2,0.9214,0.1077,GREEN,19,Chennai
CLM0009730,CHE_07485,Adyar,2025-04-20,17,0,0,0,0,0,1,0,0,0,0.0,0.427525,0,0.0,0,302,0,2,0.5826,0.0805,GREEN,51,Chennai
CLM0009731,CHE_05803,Perambur,2018-04-25,8,0,0,0,0,0,0,1,0,0,0.0,0.941924,0,0.0,0,299,1,2,0.7223,0.0922,GREEN,18,Chennai
CLM0009732,CHE_02252,Porur,2017-04-16,20,0,0,0,1,0,1,0,1,1,1.0,0.084194,0,0.0,1,5,0,18,0.1013,0.0,GREEN,32,Chennai
CLM0009733,CHE_06768,Porur,2022-01-13,9,0,0,0,0,0,1,0,0,0,0.0,0.288634,0,0.0,0,85,0,1,0.784,0.0929,GREEN,38,Chennai
CLM0009734,CHE_03784,T Nagar,2023-11-29,11,0,0,0,0,0,0,0,0,0,0.0,0.126711,0,0.0,0,228,3,3,0.6817,0.0,GREEN,45,Chennai
CLM0009735,CHE_05165,Guindy,2024-01-24,12,0,0,0,0,0,0,0,0,0,0.0,0.13506,0,1.0,0,379,2,2,0.629,0.07,GREEN,41,Chennai
CLM0009736,CHE_04987,Velachery,2022-09-06,15,0,0,0,0,0,0,0,0,0,0.0,0.205434,0,0.0,0,76,2,0,0.6058,0.0676,GREEN,64,Chennai
CLM0009737,CHE_02086,Sholinganallur,2025-02-13,15,0,0,0,0,1,0,0,1,0,0.0,0.275532,0,0.0,0,78,4,0,0.6988,0.09,GREEN,44,Chennai
CLM0009738,CHE_03116,Perambur,2024-11-19,16,0,0,0,0,0,0,0,0,0,0.0,0.032781,0,0.0,0,420,2,0,0.6481,0.0,GREEN,34,Chennai
CLM0009739,CHE_04381,Velachery,2022-10-27,14,0,0,0,1,0,0,0,0,0,0.0,0.02859,0,0.0,0,5,1,4,0.9197,0.1357,GREEN,31,Chennai
CLM0009740,CHE_03683,Chromepet,2023-12-11,16,1,0,0,0,0,0,0,0,0,0.0,0.083092,0,0.0,0,64,3,2,0.8638,0.0364,GREEN,50,Chennai
CLM0009741,CHE_05458,Guindy,2022-10-21,14,0,0,0,0,0,1,0,0,0,0.0,0.132831,0,0.0,0,262,2,3,0.4747,0.0684,GREEN,34,Chennai
CLM0009742,CHE_09179,Anna Nagar,2025-06-16,12,0,0,0,0,0,0,0,0,0,0.0,0.0,0,0.0,0,342,2,1,0.0744,0.0083,GREEN,43,Chennai
CLM0009743,CHE_00555,Velachery,2022-05-29,10,0,0,0,0,1,0,0,0,0,0.0,0.370803,0,0.0,0,265,4,5,0.7702,0.1681,GREEN,26,Chennai
CLM0009744,CHE_05032,Tambaram,2021-09-17,19,0,0,0,0,0,0,0,0,0,0.0,0.0,0,0.0,1,167,2,5,0.9699,0.1093,GREEN,24,Chennai
CLM0009745,CHE_05662,Chromepet,2020-02-03,19,0,0,0,0,0,0,0,0,0,0.0,0.366309,0,0.0,0,200,2,4,0.2296,0.0395,GREEN,66,Chennai
CLM0009746,CHE_02159,Tambaram,2019-09-02,18,0,0,0,0,0,0,0,0,0,0.0,0.313873,0,0.0,1,54,2,3,0.9117,0.1693,GREEN,19,Chennai
CLM0009747,CHE_04837,Anna Nagar,2024-06-27,9,0,0,0,0,0,0,0,0,0,1.0,0.089494,0,0.0,0,52,1,4,0.8485,0.1273,GREEN,51,Chennai
CLM0009748,CHE_09277,Anna Nagar,2025-03-18,12,0,1,1,0,0,0,0,1,0,0.0,0.486168,0,0.0,0,114,3,4,0.2014,0.0331,GREEN,41,Chennai
CLM0009749,CHE_07214,Anna Nagar,2022-01-08,10,0,0,0,1,0,0,0,1,0,0.0,0.065778,0,0.0,1,202,2,2,0.8512,0.3233,YELLOW,36,Chennai
CLM0009750,CHE_06700,Guindy,2018-08-13,7,0,0,0,0,0,0,0,0,0,0.0,0.368959,0,0.0,0,146,1,3,0.05,0.0234,GREEN,67,Chennai
CLM0009751,CHE_08147,Velachery,2018-11-10,11,0,0,0,0,0,0,0,0,0,0.0,0.458368,0,0.0,0,343,0,1,0.98,0.026,GREEN,41,Chennai
CLM0009752,CHE_03157,T Nagar,2020-11-01,9,0,0,0,0,0,0,1,0,0,0.0,0.429186,0,1.0,0,188,1,0,0.6891,0.03,GREEN,49,Chennai
CLM0009753,CHE_01453,Adyar,2022-04-06,9,0,0,0,0,0,0,0,0,0,0.0,1.0,0,0.0,0,181,2,3,0.98,0.0632,GREEN,54,Chennai
CLM0009754,CHE_01087,Tambaram,2022-03-31,18,0,0,0,1,1,0,1,1,1,1.0,0.884604,0,0.0,0,5,3,16,0.05,0.1283,GREEN,18,Chennai
CLM0009755,CHE_05420,Sholinganallur,2017-06-18,12,0,0,0,0,0,0,0,0,0,0.0,0.04995,0,0.0,0,118,0,1,0.5798,0.0331,GREEN,43,Chennai
CLM0009756,CHE_09423,Perambur,2024-02-22,9,0,0,0,0,0,0,0,0,0,0.0,0.426433,0,0.0,0,67,0,3,0.1415,0.0369,GREEN,47,Chennai
CLM0009757,CHE_01068,Sholinganallur,2022-11-25,9,0,0,0,0,0,0,0,0,0,0.0,0.167189,0,0.0,0,420,0,2,0.4783,0.0,GREEN,47,Chennai
CLM0009758,CHE_09141,Porur,2022-11-14,17,0,0,0,0,0,0,0,0,0,0.0,0.168956,0,0.0,0,343,2,6,0.4954,0.0,GREEN,46,Chennai
CLM0009759,CHE_03297,Chromepet,2023-04-23,7,0,0,0,0,0,0,0,1,0,0.0,0.095982,0,0.0,0,219,3,2,0.6396,0.0773,GREEN,49,Chennai
CLM0009760,CHE_03683,Chromepet,2020-02-23,9,0,0,0,0,1,1,0,0,0,1.0,0.082086,0,0.0,0,216,0,2,0.6458,0.2211,GREEN,50,Chennai
CLM0009761,CHE_09307,Sholinganallur,2017-12-14,11,0,0,0,0,0,0,0,0,0,1.0,0.101278,0,0.0,0,420,1,1,0.439,0.0491,GREEN,42,Chennai
CLM0009762,CHE_09931,Guindy,2019-07-01,16,0,0,0,0,0,0,0,1,0,0.0,0.076447,0,0.0,0,316,2,0,0.7385,0.0121,GREEN,36,Chennai
CLM0009763,CHE_02983,Tambaram,2023-12-27,8,0,0,0,0,0,0,0,0,0,0.0,0.222981,0,0.0,0,249,0,3,0.8666,0.1035,GREEN,26,Chennai
CLM0009764,CHE_03680,T Nagar,2023-04-01,13,0,0,0,0,0,0,0,1,0,0.0,1.0,0,0.0,0,267,4,0,0.3741,0.1434,GREEN,18,Chennai
CLM0009765,CHE_01193,Anna Nagar,2025-08-10,13,0,0,0,0,0,1,0,0,0,0.0,0.193631,0,0.0,0,314,3,3,0.7624,0.0644,GREEN,45,Chennai
CLM0009766,CHE_08140,Anna Nagar,2025-11-30,16,0,0,0,0,0,0,0,0,0,0.0,0.188204,0,0.0,0,146,2,5,0.7023,0.0,GREEN,21,Chennai
CLM0009767,CHE_03308,Anna Nagar,2025-11-18,16,0,0,0,0,0,1,0,0,0,0.0,0.203752,1,0.0,0,157,2,0,0.6517,0.2213,GREEN,33,Chennai
CLM0009768,CHE_06625,Porur,2025-02-16,13,0,0,0,0,0,0,0,0,1,0.0,0.321388,0,0.0,0,281,3,4,0.0775,0.1425,GREEN,36,Chennai
CLM0009769,CHE_06593,Guindy,2025-09-24,19,0,0,0,0,0,0,0,0,1,0.0,0.139283,0,0.0,0,420,2,0,0.05,0.159,GREEN,38,Chennai
CLM0009770,CHE_06490,Anna Nagar,2025-07-16,19,0,0,0,0,0,0,0,0,0,0.0,0.084159,0,0.0,0,420,3,3,0.928,0.0426,GREEN,31,Chennai
CLM0009771,CHE_08264,Sholinganallur,2025-07-16,9,0,0,0,0,0,0,0,0,0,0.0,0.0,0,0.0,0,420,4,1,0.6928,0.0636,GREEN,36,Chennai
CLM0009772,CHE_01638,Sholinganallur,2022-05-09,19,0,0,0,0,0,1,0,0,0,0.0,0.970392,0,0.0,0,168,2,4,0.7017,0.0784,GREEN,41,Chennai
CLM0009773,CHE_01495,Perambur,2023-11-19,21,0,0,0,0,0,0,0,0,0,0.0,0.298476,0,0.0,0,84,0,1,0.6376,0.0429,GREEN,28,Chennai
CLM0009774,CHE_05768,Guindy,2021-05-03,20,0,0,0,1,0,0,0,1,0,0.0,0.363811,0,0.0,0,17,2,2,0.05,0.1949,GREEN,47,Chennai
CLM0009775,CHE_07250,Sholinganallur,2022-01-06,15,0,0,0,0,0,0,0,0,0,0.0,0.140327,0,0.0,0,184,2,2,0.724,0.0106,GREEN,41,Chennai
CLM0009776,CHE_04098,Anna Nagar,2024-01-23,21,0,0,0,0,0,1,0,0,0,0.0,0.11542,0,0.0,0,171,2,3,0.8769,0.1202,GREEN,39,Chennai
CLM0009777,CHE_08003,Chromepet,2021-04-11,14,0,0,0,0,0,0,0,0,0,0.0,0.250519,0,0.0,0,100,1,4,0.7666,0.0,GREEN,40,Chennai
CLM0009778,CHE_05842,Velachery,2023-09-23,18,0,0,0,0,0,0,0,0,0,0.0,0.283586,0,0.0,0,315,0,5,0.9399,0.0,GREEN,42,Chennai
CLM0009779,CHE_01656,Chromepet,2023-05-19,15,0,0,0,0,0,0,0,0,0,0.0,0.079422,0,0.0,0,262,3,5,0.7348,0.0666,GREEN,38,Chennai
CLM0009780,CHE_04319,Tambaram,2024-05-02,11,0,0,0,0,0,0,0,0,0,0.0,0.357402,0,0.0,1,257,1,2,0.7386,0.102,GREEN,30,Chennai
CLM0009781,CHE_01834,Adyar,2023-06-25,15,0,0,0,0,0,0,0,1,0,0.0,0.092819,0,0.0,0,160,4,0,0.5894,0.1458,GREEN,28,Chennai
CLM0009782,CHE_06605,Perambur,2024-04-03,10,0,0,0,0,0,0,0,0,0,1.0,0.314979,0,0.0,1,101,2,0,0.1901,0.1627,GREEN,63,Chennai
CLM0009783,CHE_08654,Adyar,2023-10-23,17,0,0,0,0,1,0,0,0,0,0.0,0.079926,0,0.0,0,418,0,4,0.8705,0.1307,GREEN,40,Chennai
CLM0009784,CHE_05406,Guindy,2024-09-22,13,0,0,0,0,0,0,0,0,0,0.0,0.173326,0,0.0,0,139,0,3,0.8914,0.0,GREEN,53,Chennai
CLM0009785,CHE_05022,Perambur,2023-06-23,18,0,0,0,1,1,0,1,1,0,1.0,1.0,0,1.0,1,9,1,14,0.6927,0.0452,GREEN,32,Chennai
CLM0009786,CHE_00897,Porur,2024-01-11,14,0,0,0,0,0,0,0,0,0,1.0,0.877313,0,1.0,0,354,3,4,0.98,0.0198,GREEN,28,Chennai
CLM0009787,CHE_07438,Velachery,2024-02-10,7,0,0,0,0,0,0,0,0,0,0.0,0.23154,0,0.0,0,237,4,1,0.7191,0.0073,GREEN,20,Chennai
CLM0009788,CHE_00445,Porur,2025-08-31,20,0,0,0,0,0,0,0,0,1,0.0,0.212427,0,0.0,0,329,1,1,0.6047,0.1186,GREEN,26,Chennai
CLM0009789,CHE_03141,Perambur,2025-11-16,8,0,0,0,0,0,1,0,0,0,0.0,0.027449,0,0.0,0,341,2,2,0.8936,0.1151,GREEN,47,Chennai
CLM0009790,CHE_01161,Porur,2024-12-23,21,0,0,0,0,0,0,0,0,1,0.0,0.366286,0,0.0,0,259,2,5,0.98,0.1239,GREEN,47,Chennai
CLM0009791,CHE_07465,Perambur,2024-02-03,15,0,0,0,1,0,0,0,0,0,0.0,0.140599,1,0.0,0,364,4,1,0.2373,0.2344,GREEN,29,Chennai
CLM0009792,CHE_04586,Sholinganallur,2025-10-28,19,0,0,0,1,0,0,0,0,0,0.0,0.055102,0,0.0,0,255,0,5,0.6023,0.1799,GREEN,39,Chennai
CLM0009793,CHE_05295,Velachery,2020-01-01,7,0,0,0,1,0,0,0,0,0,1.0,0.927448,0,1.0,0,368,4,1,0.908,0.1374,GREEN,31,Chennai
CLM0009794,CHE_08274,Porur,2019-03-07,12,0,0,0,0,0,0,0,1,0,0.0,0.076991,0,0.0,0,224,0,1,0.65,0.0747,GREEN,52,Chennai
CLM0009795,CHE_09831,Adyar,2020-08-20,17,0,0,0,0,0,1,0,0,0,0.0,0.417734,0,0.0,0,16,1,1,0.278,0.1373,GREEN,34,Chennai
CLM0009796,CHE_08211,Sholinganallur,2024-12-24,13,0,0,0,0,0,0,0,0,0,0.0,0.0,0,0.0,0,33,4,2,0.7227,0.0,GREEN,34,Chennai
CLM0009797,CHE_06910,Velachery,2023-08-31,9,0,0,0,0,0,0,0,1,0,0.0,0.302231,0,0.0,0,42,0,1,0.5935,0.1666,GREEN,52,Chennai
CLM0009798,CHE_09447,Velachery,2017-12-10,16,0,0,0,0,0,0,1,0,0,0.0,0.105809,0,0.0,0,414,1,5,0.2449,0.0903,GREEN,49,Chennai
CLM0009799,CHE_00132,Porur,2022-09-06,20,0,0,0,1,0,0,0,0,0,0.0,0.118128,0,1.0,0,66,3,3,0.7271,0.1464,GREEN,36,Chennai
CLM0009800,CHE_02971,Sholinganallur,2023-11-28,9,0,0,0,0,0,0,0,0,0,1.0,0.206411,0,0.0,1,202,4,0,0.5664,0.1721,GREEN,40,Chennai
CLM0009801,CHE_07880,Adyar,2025-10-21,19,0,0,0,0,0,0,0,0,0,0.0,1.0,0,0.0,1,94,2,0,0.6899,0.0,GREEN,37,Chennai
CLM0009802,CHE_02056,Guindy,2024-01-25,15,0,0,0,0,0,0,0,0,0,0.0,0.22858,0,0.0,0,389,3,5,0.9525,0.0604,GREEN,51,Chennai
CLM0009803,CHE_09685,Sholinganallur,2023-02-25,20,0,0,0,0,0,1,0,0,0,0.0,0.06079,0,0.0,0,84,2,1,0.2729,0.0845,GREEN,38,Chennai
CLM0009804,CHE_00865,Tambaram,2019-08-05,15,0,0,0,0,1,0,1,0,0,0.0,0.0,0,0.0,0,293,0,1,0.4464,0.2706,GREEN,35,Chennai
CLM0009805,CHE_04599,Velachery,2025-08-23,19,0,0,0,0,0,0,0,0,0,1.0,1.0,0,1.0,0,420,3,0,0.0585,0.0373,GREEN,44,Chennai
CLM0009806,CHE_05327,Porur,2025-10-27,18,0,0,0,1,0,0,1,1,1,0.0,0.11416,0,0.0,1,20,4,18,0.7749,0.0,GREEN,37,Chennai
CLM0009807,CHE_07390,T Nagar,2022-12-18,19,0,0,0,0,0,0,0,0,0,0.0,0.301223,0,0.0,0,420,3,2,0.4052,0.0,GREEN,42,Chennai
CLM0009808,CHE_00892,T Nagar,2023-03-06,8,0,0,0,0,0,0,0,1,0,0.0,0.111623,0,0.0,0,339,0,0,0.9179,0.0445,GREEN,35,Chennai
CLM0009809,CHE_04814,Porur,2024-02-18,13,0,0,0,0,0,0,0,0,0,0.0,1.0,0,0.0,0,353,1,4,0.4846,0.0639,GREEN,45,Chennai
CLM0009810,CHE_08400,Anna Nagar,2024-03-30,14,0,0,0,0,0,1,0,0,1,0.0,0.0,0,0.0,0,286,0,0,0.8576,0.2251,GREEN,57,Chennai
CLM0009811,CHE_09905,Sholinganallur,2020-08-16,7,0,1,1,0,0,0,0,0,0,0.0,0.245537,0,0.0,0,163,3,3,0.7527,0.0,GREEN,18,Chennai
CLM0009812,CHE_08066,Sholinganallur,2022-05-28,8,0,0,0,0,0,0,0,0,0,0.0,0.309221,0,0.0,0,420,2,6,0.8141,0.0607,GREEN,39,Chennai
CLM0009813,CHE_05580,Guindy,2024-06-17,7,0,1,1,0,0,0,0,0,0,0.0,0.065761,0,0.0,0,400,4,0,0.8767,0.0,GREEN,44,Chennai
CLM0009814,CHE_01148,T Nagar,2022-12-09,20,0,0,0,0,0,0,0,0,0,0.0,0.229877,1,0.0,0,391,4,2,0.8825,0.094,GREEN,41,Chennai
CLM0009815,CHE_02955,Chromepet,2017-12-29,7,0,0,0,0,1,0,0,0,0,0.0,0.223892,0,1.0,0,196,4,6,0.7561,0.0987,GREEN,31,Chennai
CLM0009816,CHE_08803,T Nagar,2024-12-24,15,0,0,0,0,0,1,0,0,0,1.0,0.197649,0,0.0,0,209,3,4,0.6491,0.1189,GREEN,53,Chennai
CLM0009817,CHE_08966,T Nagar,2015-05-21,16,0,0,0,0,0,1,1,0,0,0.0,0.228749,0,0.0,0,107,2,2,0.7501,0.2128,GREEN,28,Chennai
CLM0009818,CHE_02693,Velachery,2022-12-11,8,0,0,0,0,0,0,0,0,0,0.0,0.186012,0,0.0,0,49,0,6,0.9083,0.0,GREEN,31,Chennai
CLM0009819,CHE_09569,Guindy,2022-12-25,12,0,0,0,0,0,0,0,1,0,1.0,0.041186,0,0.0,0,420,0,2,0.7892,0.0443,GREEN,41,Chennai
CLM0009820,CHE_02967,Chromepet,2023-07-10,13,0,0,0,0,0,0,0,0,0,0.0,0.085324,0,0.0,0,420,0,3,0.6214,0.0,GREEN,35,Chennai
CLM0009821,CHE_07969,Adyar,2021-08-06,19,0,0,0,0,0,0,0,0,0,0.0,0.150992,0,0.0,0,420,2,5,0.6575,0.0583,GREEN,38,Chennai
CLM0009822,CHE_01883,Anna Nagar,2022-05-29,8,0,0,0,0,0,1,0,0,0,0.0,0.18185,0,0.0,0,385,4,3,0.1533,0.154,GREEN,62,Chennai
CLM0009823,CHE_08315,Adyar,2022-10-19,8,0,0,0,0,0,0,0,0,0,0.0,0.321756,0,0.0,0,286,2,3,0.98,0.0072,GREEN,46,Chennai
CLM0009824,CHE_02974,Velachery,2021-01-29,17,0,0,0,1,1,1,0,1,0,0.0,0.032865,1,0.0,0,41,4,18,0.9559,0.0726,GREEN,36,Chennai
CLM0009825,CHE_03962,Tambaram,2024-05-14,15,0,0,0,0,0,0,0,0,0,0.0,0.081209,0,0.0,0,322,1,3,0.6014,0.0,GREEN,28,Chennai
CLM0009826,CHE_04975,Tambaram,2019-03-20,20,0,0,0,0,0,0,0,0,0,0.0,0.088431,0,0.0,0,256,1,0,0.0679,0.0,GREEN,50,Chennai
CLM0009827,CHE_08512,Adyar,2018-07-23,12,0,0,0,1,1,0,1,1,0,0.0,1.0,1,0.0,1,14,4,18,0.092,0.1942,GREEN,32,Chennai
CLM0009828,CHE_02723,Anna Nagar,2019-11-28,10,0,0,0,0,0,0,0,0,0,0.0,0.247954,1,0.0,0,255,1,1,0.5436,0.0851,GREEN,52,Chennai
CLM0009829,CHE_08911,Chromepet,2018-11-23,12,0,0,0,0,0,0,0,0,0,0.0,0.268984,0,0.0,0,169,0,0,0.9155,0.0224,GREEN,30,Chennai
CLM0009830,CHE_04586,Sholinganallur,2025-10-21,20,0,0,0,0,0,0,0,0,0,0.0,0.246448,0,0.0,0,71,0,1,0.5625,0.0,GREEN,39,Chennai
CLM0009831,CHE_04310,Sholinganallur,2025-01-12,19,0,0,0,0,0,0,0,0,0,1.0,0.363105,0,0.0,0,209,4,0,0.8797,0.0,GREEN,31,Chennai
CLM0009832,CHE_04160,Adyar,2025-06-25,9,0,0,0,0,0,0,0,0,0,0.0,0.239134,0,0.0,0,105,0,1,0.708,0.0315,GREEN,35,Chennai
CLM0009833,CHE_05078,Adyar,2025-05-11,10,0,0,0,0,0,0,0,0,0,0.0,0.194328,0,0.0,0,305,1,3,0.98,0.0333,GREEN,62,Chennai
CLM0009834,CHE_07573,Anna Nagar,2016-09-15,8,0,1,1,0,1,0,1,1,0,0.0,0.045661,0,0.0,1,5,2,18,0.9207,0.3117,YELLOW,36,Chennai
CLM0009835,CHE_07309,T Nagar,2022-06-11,11,0,1,1,0,0,0,0,0,0,0.0,0.126932,0,1.0,0,396,2,0,0.9742,0.6959,RED,31,Chennai
CLM0009836,CHE_02290,Perambur,2024-10-20,13,0,1,1,1,1,0,1,1,1,1.0,1.0,0,0.0,0,5,2,18,0.1189,0.6785,RED,22,Chennai
CLM0009837,CHE_01930,Velachery,2025-08-23,10,0,1,1,0,0,0,1,1,0,0.0,0.077739,0,0.0,1,5,0,18,0.98,0.4047,YELLOW,34,Chennai
CLM0009838,CHE_09612,T Nagar,2020-01-05,20,0,1,1,0,1,0,1,1,0,1.0,0.023834,0,1.0,1,10,2,18,0.4753,0.37,YELLOW,43,Chennai
CLM0009839,CHE_05412,Perambur,2025-04-13,12,0,1,1,1,1,1,1,1,0,0.0,1.0,1,1.0,1,40,1,18,0.4696,0.7156,RED,40,Chennai
CLM0009840,CHE_01214,Tambaram,2023-11-30,9,0,1,1,1,0,0,1,1,1,0.0,0.89522,0,0.0,1,5,0,18,0.1567,0.6264,RED,29,Chennai
CLM0009841,CHE_01647,Guindy,2023-01-25,7,0,1,1,1,0,0,0,0,1,1.0,0.0,0,0.0,0,5,0,18,0.1192,0.4012,YELLOW,41,Chennai
CLM0009842,CHE_04883,Perambur,2018-10-13,20,0,1,1,1,1,1,1,1,0,1.0,0.24805,1,0.0,0,5,0,18,0.3132,0.6985,RED,34,Chennai
CLM0009843,CHE_09697,Perambur,2025-02-15,19,0,1,1,0,0,0,1,0,1,0.0,0.134276,0,0.0,0,5,1,18,0.7749,0.2301,GREEN,38,Chennai
CLM0009844,CHE_01319,Perambur,2019-07-06,16,0,1,1,1,0,0,0,1,1,1.0,1.0,0,0.0,0,20,2,18,0.2086,0.6899,RED,34,Chennai
CLM0009845,CHE_07579,Sholinganallur,2025-12-04,8,0,1,1,0,0,0,1,1,0,0.0,0.272293,0,0.0,0,365,0,4,0.8533,0.2306,GREEN,27,Chennai
CLM0009846,CHE_00537,Perambur,2024-10-10,19,0,0,0,0,0,1,0,0,0,0.0,0.500265,0,0.0,0,327,2,2,0.8339,0.2282,GREEN,49,Chennai
CLM0009847,CHE_04800,Porur,2025-05-01,17,0,0,0,0,0,0,0,0,0,0.0,0.094189,0,0.0,1,128,1,3,0.8276,0.0,GREEN,38,Chennai
CLM0009848,CHE_00624,Perambur,2025-11-22,21,0,0,0,0,0,0,0,0,0,0.0,0.1329,0,0.0,0,230,2,1,0.5773,0.0069,GREEN,38,Chennai
CLM0009849,CHE_00772,Velachery,2024-06-13,13,0,0,0,0,0,0,0,0,0,0.0,0.220443,0,0.0,0,33,2,9,0.6438,0.0076,GREEN,41,Chennai
CLM0009850,CHE_09183,Tambaram,2024-03-22,21,0,0,0,0,0,1,0,0,0,0.0,0.014679,0,0.0,0,119,0,2,0.6434,0.0931,GREEN,48,Chennai
CLM0009851,CHE_05312,Velachery,2024-02-22,7,0,0,0,0,0,0,0,1,0,0.0,0.263559,0,0.0,0,64,1,2,0.8814,0.0996,GREEN,33,Chennai
CLM0009852,CHE_02837,Velachery,2019-02-28,17,0,0,0,0,0,0,0,0,0,0.0,1.0,0,0.0,0,420,4,3,0.7594,0.0,GREEN,35,Chennai
CLM0009853,CHE_09042,Adyar,2019-11-07,10,0,0,0,0,0,0,1,0,0,0.0,0.081342,0,0.0,0,420,0,1,0.05,0.1346,GREEN,47,Chennai
CLM0009854,CHE_03366,T Nagar,2019-02-20,15,0,0,0,0,0,0,0,0,0,0.0,0.146385,0,0.0,0,420,4,0,0.8465,0.0,GREEN,51,Chennai
CLM0009855,CHE_07611,Adyar,2020-03-07,21,0,0,0,0,0,0,0,0,1,0.0,0.231045,0,0.0,0,211,0,2,0.5751,0.1186,GREEN,34,Chennai
CLM0009856,CHE_00048,Tambaram,2023-03-10,16,0,0,0,0,0,0,0,0,0,0.0,0.042478,0,0.0,0,420,1,3,0.5966,0.0,GREEN,42,Chennai
CLM0009857,CHE_02271,Guindy,2020-10-03,21,0,1,1,0,0,0,0,0,0,0.0,0.105706,0,0.0,1,420,0,7,0.2069,0.0963,GREEN,54,Chennai
CLM0009858,CHE_03871,Adyar,2018-08-06,13,0,0,0,0,0,0,0,0,0,0.0,0.0,0,0.0,0,400,4,5,0.809,0.0,GREEN,47,Chennai
CLM0009859,CHE_08154,Sholinganallur,2023-03-20,17,0,0,0,0,1,0,0,0,0,0.0,0.379038,0,0.0,0,327,2,2,0.8523,0.0179,GREEN,38,Chennai
CLM0009860,CHE_05027,Chromepet,2018-07-27,11,0,0,0,0,0,0,0,0,0,0.0,0.0,0,0.0,0,189,4,0,0.98,0.0,GREEN,38,Chennai
CLM0009861,CHE_06398,Anna Nagar,2023-11-20,7,0,1,1,1,0,0,0,1,1,1.0,0.937463,1,1.0,0,5,0,18,0.05,0.4736,YELLOW,43,Chennai
CLM0009862,CHE_07413,Sholinganallur,2024-06-20,20,0,1,1,0,1,1,1,1,1,1.0,0.916681,0,1.0,1,5,0,18,0.05,0.844,RED,33,Chennai
CLM0009863,CHE_07488,Porur,2020-09-20,20,0,1,1,1,1,0,1,1,0,0.0,0.948119,0,1.0,1,5,2,18,0.7575,0.6885,RED,29,Chennai
CLM0009864,CHE_09177,Adyar,2019-10-22,9,0,1,1,1,0,0,1,1,1,0.0,0.097002,0,0.0,1,10,1,18,0.9042,0.5862,YELLOW,55,Chennai
CLM0009865,CHE_02396,Sholinganallur,2021-04-17,20,0,1,1,0,0,1,1,0,1,1.0,1.0,0,0.0,1,9,0,18,0.3163,0.6194,RED,39,Chennai
CLM0009866,CHE_01992,Perambur,2025-06-24,11,0,1,1,1,0,1,0,1,1,0.0,0.999071,0,0.0,1,25,0,18,0.4107,0.6117,RED,35,Chennai
CLM0009867,CHE_03074,T Nagar,2020-11-18,8,0,1,1,0,1,0,0,0,1,0.0,0.409269,0,0.0,0,221,2,4,0.4963,0.592,YELLOW,39,Chennai
CLM0009868,CHE_09079,Anna Nagar,2022-10-26,7,0,1,1,1,1,0,1,0,1,0.0,0.952273,0,1.0,1,5,1,18,0.3216,0.7122,RED,43,Chennai
CLM0009869,CHE_03926,Porur,2020-01-12,15,0,1,1,0,0,0,0,0,0,0.0,1.0,1,0.0,0,420,2,0,0.6108,0.3995,YELLOW,42,Chennai
CLM0009870,CHE_09072,Adyar,2021-05-28,20,0,0,0,0,0,0,0,0,0,0.0,0.042579,0,0.0,0,380,3,0,0.5304,0.0895,GREEN,41,Chennai
CLM0009871,CHE_03993,Anna Nagar,2024-06-12,13,0,0,0,0,0,1,0,1,0,1.0,0.284396,1,0.0,1,183,1,0,0.4059,0.3229,YELLOW,54,Chennai
CLM0009872,CHE_00788,Sholinganallur,2024-08-12,21,0,0,0,1,1,0,1,1,1,0.0,0.053826,1,0.0,0,5,3,18,0.8523,0.0,GREEN,42,Chennai
CLM0009873,CHE_09348,Chromepet,2021-07-07,16,0,0,0,0,0,0,0,1,0,0.0,0.201094,0,0.0,0,27,1,3,0.7941,0.0,GREEN,36,Chennai
CLM0009874,CHE_08928,Velachery,2022-06-11,15,0,0,0,0,0,0,0,0,1,0.0,0.225832,0,0.0,0,240,3,0,0.6835,0.1407,GREEN,53,Chennai
CLM0009875,CHE_07516,Chromepet,2025-01-19,17,0,0,0,0,0,0,0,0,0,0.0,0.39265,0,0.0,0,187,4,4,0.4644,0.0,GREEN,52,Chennai
CLM0009876,CHE_06627,T Nagar,2024-11-26,8,0,0,0,0,0,0,0,0,0,0.0,0.121595,0,0.0,0,26,4,0,0.6486,0.0,GREEN,40,Chennai
CLM0009877,CHE_06888,Guindy,2025-06-25,15,0,0,0,0,0,0,0,0,0,0.0,0.012944,1,0.0,0,340,2,0,0.7856,0.0,GREEN,46,Chennai
CLM0009878,CHE_03212,Chromepet,2023-08-07,20,0,0,0,0,0,0,0,1,0,0.0,0.146304,0,0.0,0,173,3,5,0.3197,0.0642,GREEN,43,Chennai
CLM0009879,CHE_09940,Sholinganallur,2024-06-25,13,0,0,0,0,0,0,0,0,0,0.0,0.399087,0,0.0,0,338,1,8,0.98,0.0,GREEN,39,Chennai
CLM0009880,CHE_06557,Anna Nagar,2022-02-24,13,0,0,0,0,0,0,1,1,1,0.0,0.324982,0,0.0,0,367,0,5,0.2272,0.2042,GREEN,35,Chennai
CLM0009881,CHE_02042,Tambaram,2023-08-31,16,0,0,0,0,0,0,0,0,0,0.0,0.05756,0,0.0,0,420,2,2,0.901,0.0,GREEN,39,Chennai
CLM0009882,CHE_01042,Tambaram,2024-04-22,12,0,0,0,0,0,0,0,0,0,0.0,0.056115,0,0.0,0,35,2,2,0.98,0.098,GREEN,65,Chennai
CLM0009883,CHE_04464,Sholinganallur,2025-06-11,7,0,0,0,0,0,0,0,1,0,0.0,0.0,0,0.0,0,206,2,0,0.6253,0.0568,GREEN,43,Chennai
CLM0009884,CHE_05972,Chromepet,2023-01-23,10,0,0,0,1,0,0,0,0,0,0.0,0.052885,0,0.0,0,249,4,1,0.7379,0.0955,GREEN,35,Chennai
CLM0009885,CHE_05463,T Nagar,2022-11-07,14,0,0,0,0,0,0,1,0,0,0.0,0.04967,0,0.0,0,226,4,0,0.4825,0.0989,GREEN,34,Chennai
CLM0009886,CHE_07504,Porur,2025-03-05,17,0,0,0,0,0,1,0,0,0,0.0,0.922662,0,0.0,0,410,4,3,0.8318,0.0965,GREEN,37,Chennai
CLM0009887,CHE_08506,Anna Nagar,2022-04-02,21,0,0,0,0,1,0,0,0,0,0.0,0.0,0,0.0,0,194,1,7,0.7179,0.0756,GREEN,24,Chennai
CLM0009888,CHE_05686,Perambur,2022-01-15,8,0,0,0,0,0,0,0,1,0,1.0,0.369364,0,0.0,0,420,0,4,0.9122,0.1989,GREEN,43,Chennai
CLM0009889,CHE_02319,Tambaram,2020-05-27,14,0,0,0,0,0,1,0,0,0,0.0,0.0,0,0.0,0,342,0,1,0.6701,0.076,GREEN,49,Chennai
CLM0009890,CHE_01586,Guindy,2021-12-13,12,0,0,0,0,0,0,0,0,0,0.0,0.436571,0,0.0,0,76,0,5,0.7971,0.0036,GREEN,41,Chennai
CLM0009891,CHE_09375,Chromepet,2023-07-02,9,0,0,0,0,0,0,0,0,1,0.0,0.284074,0,0.0,0,415,3,1,0.2081,0.1925,GREEN,32,Chennai
CLM0009892,CHE_08462,Velachery,2025-08-02,14,0,1,1,0,0,0,0,0,0,0.0,0.049353,0,0.0,0,172,4,0,0.848,0.0,GREEN,28,Chennai
CLM0009893,CHE_07480,Perambur,2019-05-20,19,0,0,0,0,0,0,1,0,0,0.0,0.348021,0,0.0,0,15,3,2,0.7403,0.1199,GREEN,33,Chennai
CLM0009894,CHE_08598,Porur,2024-06-02,10,0,0,0,1,0,0,1,0,0,0.0,0.085999,0,0.0,0,382,0,4,0.8345,0.2903,GREEN,49,Chennai
CLM0009895,CHE_08629,Chromepet,2017-06-16,10,0,0,0,0,0,0,0,0,0,0.0,0.426033,0,0.0,0,66,4,2,0.6248,0.014,GREEN,44,Chennai
CLM0009896,CHE_02798,Porur,2019-05-07,15,0,0,0,0,0,0,0,0,0,0.0,0.220729,0,0.0,0,420,4,3,0.1189,0.0387,GREEN,35,Chennai
CLM0009897,CHE_02738,Anna Nagar,2025-12-06,9,0,0,0,0,0,0,0,0,0,0.0,0.501649,0,0.0,0,83,3,6,0.0849,0.0,GREEN,39,Chennai
CLM0009898,CHE_01529,Adyar,2018-12-17,7,0,0,0,0,0,0,0,0,0,0.0,0.302416,1,0.0,0,321,4,5,0.805,0.0,GREEN,30,Chennai
CLM0009899,CHE_00376,Adyar,2024-10-28,7,0,0,0,0,0,0,0,0,0,0.0,0.160394,0,0.0,0,254,1,0,0.7201,0.0,GREEN,42,Chennai
CLM0009900,CHE_06885,Adyar,2025-11-10,17,0,0,0,0,0,0,0,0,0,0.0,0.160561,0,1.0,0,272,2,4,0.5744,0.0048,GREEN,54,Chennai
CLM0009901,CHE_03057,Tambaram,2024-05-16,19,0,0,0,0,0,0,0,0,0,0.0,0.332586,0,0.0,0,333,4,0,0.4965,0.0,GREEN,42,Chennai
CLM0009902,CHE_08664,Velachery,2025-07-10,16,0,0,0,1,0,0,0,0,0,0.0,0.252121,0,0.0,0,46,2,3,0.7792,0.1938,GREEN,28,Chennai
CLM0009903,CHE_03114,Velachery,2023-04-01,8,0,0,0,1,0,0,0,1,0,0.0,0.149825,0,0.0,0,149,0,4,0.9414,0.2377,GREEN,42,Chennai
CLM0009904,CHE_04868,Guindy,2023-05-12,8,0,0,0,1,0,1,0,0,0,0.0,0.10579,0,1.0,0,362,2,2,0.857,0.2689,GREEN,23,Chennai
CLM0009905,CHE_08763,T Nagar,2023-09-14,12,0,0,0,0,0,0,0,0,0,0.0,0.336116,0,0.0,0,121,0,3,0.7176,0.0,GREEN,34,Chennai
CLM0009906,CHE_02752,Adyar,2024-06-16,12,0,0,0,0,0,0,0,1,0,0.0,0.094697,1,0.0,0,76,1,1,0.6394,0.0756,GREEN,41,Chennai
CLM0009907,CHE_05160,Velachery,2022-11-01,8,0,0,0,0,0,0,0,0,0,0.0,0.16776,0,0.0,0,420,1,3,0.8616,0.0,GREEN,36,Chennai
CLM0009908,CHE_06347,Porur,2023-11-09,11,0,0,0,0,1,0,0,0,0,0.0,0.452242,1,0.0,0,140,3,6,0.7867,0.1719,GREEN,42,Chennai
CLM0009909,CHE_01676,Velachery,2024-07-27,18,0,0,0,0,0,0,0,0,0,0.0,0.382551,0,1.0,0,55,2,4,0.7455,0.0133,GREEN,48,Chennai
CLM0009910,CHE_05913,Sholinganallur,2021-10-05,17,0,0,0,0,0,0,0,0,0,0.0,0.215001,0,0.0,0,105,2,1,0.5964,0.0,GREEN,26,Chennai
CLM0009911,CHE_02818,Tambaram,2024-09-30,21,0,0,0,1,0,0,0,0,0,0.0,0.023722,0,0.0,0,288,4,1,0.8396,0.2228,GREEN,18,Chennai
CLM0009912,CHE_08468,T Nagar,2022-09-21,20,0,0,0,0,0,1,1,1,0,1.0,0.993758,0,1.0,0,242,1,0,0.2622,0.2582,GREEN,46,Chennai
CLM0009913,CHE_09670,Guindy,2024-02-23,21,0,0,0,0,0,0,0,0,0,0.0,0.114444,0,0.0,0,289,4,2,0.1516,0.0,GREEN,45,Chennai
CLM0009914,CHE_02139,Porur,2022-10-11,21,0,0,0,0,0,1,0,0,0,1.0,0.29878,0,0.0,0,395,2,3,0.3748,0.238,GREEN,18,Chennai
CLM0009915,CHE_03249,Anna Nagar,2024-12-04,18,0,0,0,0,0,0,0,0,0,0.0,0.346545,0,0.0,0,309,2,4,0.6168,0.0148,GREEN,30,Chennai
CLM0009916,CHE_05497,T Nagar,2023-10-28,21,0,0,0,1,0,1,1,1,1,0.0,0.063741,1,0.0,1,15,2,18,0.8777,0.0118,GREEN,24,Chennai
CLM0009917,CHE_02768,Velachery,2024-06-20,12,0,0,0,0,0,0,0,0,0,0.0,0.10791,0,0.0,0,24,4,5,0.6756,0.0,GREEN,47,Chennai
CLM0009918,CHE_09360,Tambaram,2024-08-21,8,0,0,0,0,0,1,0,0,0,1.0,0.02691,0,0.0,0,23,3,5,0.05,0.1067,GREEN,41,Chennai
CLM0009919,CHE_08425,Adyar,2023-04-11,12,0,0,0,0,0,0,0,1,0,0.0,0.235589,0,0.0,0,420,0,7,0.5486,0.0777,GREEN,37,Chennai
CLM0009920,CHE_07111,Adyar,2023-05-14,11,0,1,1,0,0,0,0,0,0,0.0,0.220455,0,0.0,0,420,3,1,0.8972,0.0,GREEN,48,Chennai
CLM0009921,CHE_03313,Velachery,2022-12-25,11,0,0,0,0,0,0,0,0,0,0.0,0.124186,0,0.0,0,100,4,3,0.98,0.0662,GREEN,49,Chennai
CLM0009922,CHE_04462,Guindy,2021-05-17,19,0,0,0,0,0,0,0,0,0,0.0,0.480363,0,0.0,0,297,3,3,0.8714,0.0,GREEN,52,Chennai
CLM0009923,CHE_01961,Tambaram,2019-09-27,11,0,0,0,0,0,0,0,0,0,0.0,0.364479,0,0.0,0,74,1,0,0.7634,0.0877,GREEN,31,Chennai
CLM0009924,CHE_07220,Chromepet,2020-01-18,16,0,0,0,0,0,1,0,0,0,0.0,0.074905,0,0.0,0,385,3,8,0.6765,0.0327,GREEN,44,Chennai
CLM0009925,CHE_00984,Sholinganallur,2019-08-18,11,0,0,0,0,0,0,0,0,1,0.0,1.0,0,0.0,0,121,2,0,0.5671,0.1068,GREEN,55,Chennai
CLM0009926,CHE_07453,Tambaram,2021-08-29,10,0,1,1,0,0,0,0,0,0,1.0,0.175313,0,0.0,0,183,2,3,0.6847,0.0968,GREEN,35,Chennai
CLM0009927,CHE_04069,T Nagar,2017-09-19,16,0,0,0,0,0,0,0,0,0,0.0,0.27016,0,0.0,0,227,0,1,0.6946,0.0377,GREEN,37,Chennai
CLM0009928,CHE_05608,Porur,2025-02-09,18,0,0,0,0,0,0,0,0,0,0.0,0.268178,0,0.0,0,210,0,4,0.9388,0.0,GREEN,37,Chennai
CLM0009929,CHE_07600,Chromepet,2022-03-10,20,0,0,0,0,0,0,0,0,0,1.0,0.069324,0,0.0,0,42,2,6,0.8197,0.1108,GREEN,29,Chennai
CLM0009930,CHE_09713,Porur,2024-03-11,19,0,0,0,0,0,0,0,0,0,0.0,0.037455,0,0.0,0,35,0,1,0.7445,0.0,GREEN,52,Chennai
CLM0009931,CHE_09799,T Nagar,2024-03-19,15,0,0,0,0,0,0,0,0,0,0.0,0.083018,0,0.0,0,38,3,0,0.7288,0.1085,GREEN,39,Chennai
CLM0009932,CHE_08373,Sholinganallur,2024-07-05,10,0,0,0,0,0,0,0,0,0,1.0,0.010887,0,0.0,0,420,4,4,0.9737,0.0851,GREEN,51,Chennai
CLM0009933,CHE_07732,Guindy,2024-11-22,11,0,0,0,0,0,0,0,0,0,0.0,0.305015,0,1.0,0,232,4,6,0.6642,0.0,GREEN,45,Chennai
CLM0009934,CHE_04277,Adyar,2024-04-29,9,0,1,1,1,1,0,0,1,1,1.0,0.492591,0,1.0,1,5,1,18,0.05,0.7064,RED,36,Chennai
CLM0009935,CHE_08031,Chromepet,2024-05-24,10,0,1,1,0,1,1,1,0,1,1.0,1.0,1,0.0,1,5,0,18,0.4882,0.6568,RED,53,Chennai
CLM0009936,CHE_05923,Sholinganallur,2024-10-09,18,0,1,1,0,1,0,1,1,0,0.0,1.0,1,1.0,0,5,2,18,0.6532,0.4705,YELLOW,38,Chennai
CLM0009937,CHE_07899,Tambaram,2019-02-10,16,0,1,1,0,0,0,0,0,0,0.0,0.92204,0,0.0,0,420,2,3,0.4095,0.4508,YELLOW,44,Chennai
CLM0009938,CHE_03260,Perambur,2018-11-28,21,0,1,1,1,1,1,0,1,1,1.0,0.125796,0,0.0,0,5,0,18,0.8619,0.8376,RED,28,Chennai
CLM0009939,CHE_05969,Anna Nagar,2019-10-26,19,0,1,1,1,0,0,1,1,0,0.0,0.134502,0,0.0,0,29,2,18,0.7658,0.5212,YELLOW,26,Chennai
CLM0009940,CHE_08352,Porur,2025-01-24,21,0,0,0,0,0,1,0,1,0,0.0,0.492704,0,0.0,1,151,2,3,0.8321,0.2443,GREEN,42,Chennai
CLM0009941,CHE_04724,Adyar,2025-07-17,17,0,0,0,1,0,0,0,1,0,1.0,0.293995,0,0.0,0,372,1,6,0.05,0.263,GREEN,35,Chennai
CLM0009942,CHE_03268,Sholinganallur,2024-12-08,19,0,0,0,0,0,0,0,0,0,0.0,0.896297,0,0.0,0,243,0,1,0.2828,0.0,GREEN,50,Chennai
CLM0009943,CHE_03185,Sholinganallur,2025-01-05,11,0,0,0,1,0,0,1,0,0,0.0,0.299715,0,1.0,0,64,3,0,0.6098,0.2431,GREEN,42,Chennai
CLM0009944,CHE_08392,Porur,2024-07-06,20,0,0,0,0,0,0,0,0,0,0.0,0.123905,0,0.0,0,282,0,0,0.5568,0.0562,GREEN,34,Chennai
CLM0009945,CHE_07553,Perambur,2023-10-12,14,0,0,0,0,0,0,0,0,1,0.0,0.480966,0,0.0,0,283,4,2,0.6063,0.1426,GREEN,50,Chennai
CLM0009946,CHE_00382,Velachery,2025-03-19,15,0,0,0,0,0,0,0,0,0,0.0,0.0,0,0.0,0,92,4,2,0.6698,0.0,GREEN,59,Chennai
CLM0009947,CHE_07849,Adyar,2025-05-03,18,0,0,0,0,0,0,0,0,0,0.0,0.0,0,0.0,0,74,0,2,0.98,0.0,GREEN,29,Chennai
CLM0009948,CHE_06048,Porur,2023-12-28,13,0,0,0,0,0,0,0,1,0,0.0,0.267475,0,0.0,0,258,0,0,0.6263,0.1268,GREEN,36,Chennai
CLM0009949,CHE_07638,Sholinganallur,2023-03-28,8,0,0,0,0,0,0,0,0,0,0.0,0.198953,0,0.0,0,176,3,2,0.6774,0.1283,GREEN,38,Chennai
CLM0009950,CHE_07273,Porur,2025-02-18,12,0,0,0,0,0,0,0,0,0,1.0,0.40452,0,0.0,0,141,1,0,0.6587,0.0713,GREEN,22,Chennai
CLM0009951,CHE_02114,Velachery,2025-10-11,7,0,0,0,0,0,0,0,0,1,0.0,0.09696,0,0.0,0,303,0,3,0.9358,0.1175,GREEN,39,Chennai
CLM0009952,CHE_00367,Perambur,2022-09-19,21,0,0,0,0,0,0,0,0,0,0.0,0.315202,0,0.0,0,295,0,0,0.8255,0.0604,GREEN,48,Chennai
CLM0009953,CHE_05713,Perambur,2022-06-06,8,0,0,0,0,0,0,0,0,0,0.0,0.0,0,0.0,0,230,2,0,0.5592,0.0,GREEN,41,Chennai
CLM0009954,CHE_02924,Porur,2023-08-27,20,0,0,0,0,0,0,0,0,0,0.0,0.198207,0,0.0,0,116,2,4,0.6343,0.0,GREEN,20,Chennai
CLM0009955,CHE_08629,Chromepet,2025-12-20,9,0,0,0,0,0,0,0,0,0,0.0,0.291906,0,0.0,0,36,1,0,0.8836,0.0,GREEN,44,Chennai
CLM0009956,CHE_04931,Adyar,2025-08-15,19,0,0,0,0,0,0,0,0,0,0.0,0.15114,0,0.0,1,420,3,2,0.9075,0.085,GREEN,41,Chennai
CLM0009957,CHE_00201,Guindy,2024-11-06,21,0,0,0,0,0,0,0,0,1,0.0,0.252677,1,0.0,1,420,4,0,0.6132,0.1556,GREEN,42,Chennai
CLM0009958,CHE_06071,Anna Nagar,2022-07-03,8,0,0,0,0,0,0,0,0,0,0.0,0.294685,0,0.0,0,169,4,2,0.09,0.0,GREEN,64,Chennai
CLM0009959,CHE_09281,Porur,2025-05-05,17,0,0,0,0,0,0,0,0,0,0.0,0.316367,0,0.0,0,320,1,0,0.54,0.0335,GREEN,48,Chennai
CLM0009960,CHE_04549,Porur,2023-11-30,19,0,0,0,1,1,0,1,1,1,1.0,1.0,0,0.0,1,11,0,18,0.1772,0.096,GREEN,37,Chennai
CLM0009961,CHE_05443,Velachery,2022-09-29,9,0,0,0,0,0,1,0,0,0,0.0,0.030753,0,0.0,0,173,0,3,0.4927,0.1369,GREEN,56,Chennai
CLM0009962,CHE_03363,Adyar,2024-04-04,12,0,0,0,0,0,0,0,0,0,0.0,0.299263,0,0.0,0,238,2,2,0.8055,0.0,GREEN,46,Chennai
CLM0009963,CHE_01978,Guindy,2024-01-07,19,0,0,0,0,1,0,0,0,0,0.0,0.205111,0,0.0,0,384,1,2,0.5696,0.1027,GREEN,36,Chennai
CLM0009964,CHE_01725,Porur,2023-12-21,11,0,0,0,0,0,0,0,0,0,0.0,0.183573,0,0.0,0,58,2,2,0.7261,0.0,GREEN,49,Chennai
CLM0009965,CHE_09990,Porur,2023-09-21,7,0,0,0,0,0,0,0,0,0,0.0,0.090185,0,0.0,0,212,3,0,0.7814,0.0,GREEN,38,Chennai
CLM0009966,CHE_07032,T Nagar,2017-03-17,21,0,0,0,0,0,1,0,0,0,0.0,0.082638,0,0.0,0,256,0,0,0.9521,0.087,GREEN,34,Chennai
CLM0009967,CHE_08810,Perambur,2024-11-01,20,0,0,0,0,0,0,0,0,0,0.0,0.488276,0,0.0,0,245,2,0,0.7796,0.0,GREEN,27,Chennai
CLM0009968,CHE_04143,Anna Nagar,2017-04-29,11,0,0,0,0,0,1,1,0,0,0.0,0.236498,0,0.0,0,194,1,1,0.98,0.1722,GREEN,34,Chennai
CLM0009969,CHE_00420,Porur,2020-03-16,18,0,0,0,0,0,0,0,1,0,1.0,0.383391,0,0.0,0,319,3,2,0.98,0.3156,YELLOW,58,Chennai
CLM0009970,CHE_02512,Tambaram,2023-12-24,16,0,0,0,0,0,0,0,0,0,0.0,0.920321,0,0.0,0,138,4,5,0.6869,0.0,GREEN,32,Chennai
CLM0009971,CHE_00173,T Nagar,2016-06-07,20,0,0,0,0,0,0,0,0,0,0.0,0.150688,0,0.0,0,183,4,0,0.7599,0.0684,GREEN,43,Chennai
CLM0009972,CHE_04570,Chromepet,2016-04-10,11,0,0,0,0,0,0,0,0,0,0.0,0.167505,0,0.0,0,420,2,0,0.1964,0.0,GREEN,37,Chennai
CLM0009973,CHE_09300,Perambur,2022-03-14,17,0,1,1,0,0,0,0,0,0,0.0,0.3071,0,0.0,0,38,4,0,0.9393,0.0308,GREEN,46,Chennai
CLM0009974,CHE_01907,Chromepet,2023-01-20,16,0,0,0,0,0,0,0,0,0,0.0,0.260582,0,0.0,0,68,0,0,0.9753,0.0,GREEN,33,Chennai
CLM0009975,CHE_09900,Sholinganallur,2025-06-14,12,0,0,0,0,0,1,0,0,0,0.0,0.133571,0,0.0,0,356,1,0,0.5505,0.1667,GREEN,45,Chennai
CLM0009976,CHE_08231,Guindy,2021-09-09,8,0,0,0,0,0,1,0,0,0,0.0,0.106838,1,0.0,0,258,4,3,0.5596,0.2221,GREEN,34,Chennai
CLM0009977,CHE_07366,Perambur,2024-01-09,9,0,0,0,0,0,0,0,0,0,0.0,0.0,0,0.0,0,285,1,1,0.835,0.0242,GREEN,19,Chennai
CLM0009978,CHE_09780,Velachery,2025-10-26,10,0,0,0,0,0,0,0,0,0,0.0,0.038555,1,0.0,0,420,0,4,0.6124,0.1144,GREEN,42,Chennai
CLM0009979,CHE_00822,Sholinganallur,2022-11-19,20,0,0,0,0,0,0,0,0,0,0.0,0.14615,0,0.0,0,22,0,2,0.8186,0.0791,GREEN,35,Chennai
CLM0009980,CHE_04389,Guindy,2022-10-08,14,0,0,0,0,0,0,0,0,0,0.0,0.0,0,0.0,0,211,3,2,0.98,0.0112,GREEN,32,Chennai
CLM0009981,CHE_00313,Anna Nagar,2018-07-16,15,0,0,0,0,0,0,1,0,0,0.0,0.279201,0,0.0,0,420,1,1,0.5076,0.0,GREEN,35,Chennai
CLM0009982,CHE_05995,Anna Nagar,2017-06-07,15,0,0,0,0,0,0,0,0,0,0.0,0.0,0,0.0,0,420,0,3,0.7668,0.0341,GREEN,45,Chennai
CLM0009983,CHE_08431,Adyar,2016-05-12,17,0,0,0,0,0,0,0,0,0,0.0,0.316367,0,0.0,1,420,1,0,0.98,0.0664,GREEN,25,Chennai
CLM0009984,CHE_05285,Velachery,2020-06-14,11,0,0,0,0,0,0,0,0,0,0.0,0.314632,0,0.0,0,45,1,3,0.142,0.0,GREEN,49,Chennai
CLM0009985,CHE_08062,Porur,2024-03-27,16,0,0,0,0,0,0,1,1,0,0.0,0.234193,0,0.0,0,420,1,1,0.6089,0.1112,GREEN,50,Chennai
CLM0009986,CHE_04551,Adyar,2024-04-30,20,0,0,0,0,0,0,0,0,0,0.0,0.330896,0,1.0,0,355,4,0,0.9012,0.0,GREEN,51,Chennai
CLM0009987,CHE_04752,Anna Nagar,2025-01-24,14,0,0,0,0,0,0,0,0,0,0.0,0.216404,0,0.0,0,112,4,7,0.6987,0.0,GREEN,43,Chennai
CLM0009988,CHE_07745,Anna Nagar,2019-11-02,18,1,0,0,0,0,0,0,1,0,0.0,0.946054,0,0.0,0,126,0,5,0.7323,0.1107,GREEN,46,Chennai
CLM0009989,CHE_07372,Adyar,2021-03-24,7,0,0,0,1,1,1,1,1,0,0.0,1.0,1,0.0,1,5,1,18,0.1303,0.0,GREEN,39,Chennai
CLM0009990,CHE_01291,Chromepet,2019-12-27,7,0,0,0,0,0,0,0,0,0,0.0,0.0,0,0.0,0,128,1,1,0.868,0.0,GREEN,36,Chennai
CLM0009991,CHE_03628,Chromepet,2024-03-15,13,0,0,0,0,0,0,0,0,0,1.0,0.276927,0,0.0,0,407,3,2,0.111,0.1502,GREEN,44,Chennai
CLM0009992,CHE_04612,Guindy,2022-07-11,20,0,0,0,0,0,1,0,0,0,0.0,0.0644,0,0.0,0,385,4,3,0.4944,0.0662,GREEN,47,Chennai
CLM0009993,CHE_02628,Adyar,2025-04-27,19,0,0,0,0,0,0,0,0,0,1.0,0.12216,0,0.0,0,65,0,3,0.682,0.1503,GREEN,42,Chennai
CLM0009994,CHE_00165,Perambur,2024-09-23,9,0,0,0,0,0,0,0,1,0,0.0,0.2378,0,0.0,0,136,3,0,0.05,0.0512,GREEN,24,Chennai
CLM0009995,CHE_00497,Anna Nagar,2022-12-01,7,0,0,0,0,0,0,0,0,0,0.0,0.30272,0,0.0,0,420,2,4,0.7914,0.0204,GREEN,44,Chennai
CLM0009996,CHE_05747,Perambur,2024-06-29,16,0,0,0,0,0,0,0,0,0,0.0,0.084235,0,0.0,0,420,4,6,0.9099,0.0,GREEN,22,Chennai
CLM0009997,CHE_07709,Perambur,2023-05-08,21,0,0,0,0,0,0,0,0,0,0.0,0.131493,0,0.0,0,266,3,2,0.05,0.0308,GREEN,42,Chennai
CLM0009998,CHE_00110,T Nagar,2024-05-23,10,0,0,0,0,0,1,0,0,0,0.0,0.217749,0,0.0,0,26,0,0,0.7552,0.0785,GREEN,37,Chennai
CLM0009999,CHE_02769,Perambur,2024-09-22,7,0,0,0,0,0,0,0,0,0,0.0,0.394662,0,0.0,0,306,4,0,0.6499,0.0,GREEN,35,Chennai
CLM0010000,CHE_07985,T Nagar,2023-07-20,11,0,0,0,0,0,0,0,0,0,0.0,0.303204,0,0.0,0,378,3,2,0.7285,0.1057,GREEN,22,Chennai
CLM0010001,CHE_00830,Adyar,2023-01-12,13,0,0,0,0,0,0,0,0,0,0.0,0.123244,0,0.0,0,206,0,5,0.901,0.0,GREEN,31,Chennai
CLM0010002,CHE_07810,Guindy,2024-12-23,7,0,0,0,0,0,1,1,0,0,0.0,0.287609,0,0.0,0,420,3,2,0.9348,0.1994,GREEN,46,Chennai
CLM0010003,CHE_01400,Chromepet,2021-01-07,21,0,0,0,0,0,0,1,0,0,0.0,1.0,0,0.0,0,384,4,2,0.6329,0.1631,GREEN,38,Chennai
CLM0010004,CHE_09131,Porur,2024-12-14,11,0,0,0,0,0,1,0,0,0,1.0,0.828796,1,1.0,0,332,1,3,0.9374,0.1693,GREEN,62,Chennai
CLM0010005,CHE_02364,Anna Nagar,2025-08-18,17,0,0,0,0,0,0,0,0,0,0.0,0.020405,0,0.0,0,329,2,1,0.8634,0.0,GREEN,49,Chennai
CLM0010006,CHE_00836,T Nagar,2021-06-22,15,0,0,0,0,0,0,0,0,0,1.0,0.183218,0,0.0,0,37,1,0,0.296,0.0,GREEN,32,Chennai
CLM0010007,CHE_09622,Porur,2018-03-23,8,0,0,0,0,0,0,0,0,0,0.0,0.05444,0,0.0,0,263,0,0,0.8801,0.1763,GREEN,33,Chennai
CLM0010008,CHE_06712,Guindy,2018-06-26,13,0,0,0,0,0,0,0,0,0,0.0,0.131445,0,0.0,0,126,1,5,0.6049,0.033,GREEN,40,Chennai
CLM0010009,CHE_07687,Adyar,2023-11-14,9,0,0,0,0,0,0,0,1,0,0.0,0.35392,0,1.0,0,420,2,6,0.98,0.1457,GREEN,25,Chennai
CLM0010010,CHE_06992,Tambaram,2021-11-26,12,0,0,0,0,1,0,0,0,0,0.0,0.158389,0,0.0,0,173,1,4,0.6875,0.0077,GREEN,39,Chennai
CLM0010011,CHE_06461,Anna Nagar,2020-06-23,15,0,0,0,0,0,1,0,0,0,0.0,0.084048,0,0.0,0,333,1,1,0.532,0.067,GREEN,58,Chennai
CLM0010012,CHE_07766,T Nagar,2025-12-18,16,0,0,0,1,0,0,0,0,0,0.0,0.302734,0,0.0,0,327,3,4,0.5699,0.1708,GREEN,49,Chennai
CLM0010013,CHE_08162,Guindy,2019-10-21,9,0,0,0,0,0,0,0,0,1,0.0,0.288774,0,0.0,0,280,1,4,0.8106,0.1366,GREEN,55,Chennai
CLM0010014,CHE_07252,Porur,2019-02-26,10,0,0,0,0,0,0,0,0,0,0.0,0.16441,0,1.0,1,420,3,0,0.8724,0.1047,GREEN,46,Chennai
CLM0010015,CHE_00955,T Nagar,2022-01-15,20,0,0,0,0,0,0,0,0,0,0.0,0.917083,0,0.0,0,301,3,2,0.7591,0.1156,GREEN,21,Chennai
CLM0010016,CHE_04135,Velachery,2023-10-31,21,0,0,0,0,0,0,0,0,0,0.0,0.253949,0,0.0,0,292,0,2,0.9223,0.0,GREEN,44,Chennai
CLM0010017,CHE_04770,Adyar,2024-01-03,11,0,0,0,0,0,0,0,0,0,0.0,0.226299,0,0.0,0,100,2,0,0.8675,0.0093,GREEN,41,Chennai
CLM0010018,CHE_08899,T Nagar,2021-03-21,14,0,0,0,0,0,0,0,0,0,0.0,0.200118,0,0.0,0,232,0,3,0.8558,0.0,GREEN,34,Chennai
CLM0010019,CHE_05520,Porur,2025-12-27,17,0,0,0,0,0,0,0,1,0,0.0,0.260011,0,0.0,0,81,2,1,0.5792,0.2199,GREEN,25,Chennai
CLM0010020,CHE_00106,T Nagar,2025-10-26,13,0,0,0,0,0,0,1,0,0,0.0,0.0,0,0.0,0,409,1,0,0.4927,0.0704,GREEN,42,Chennai
CLM0010021,CHE_06952,Perambur,2022-11-13,16,0,0,0,0,0,0,0,0,0,0.0,0.070914,0,0.0,0,109,4,6,0.4375,0.082,GREEN,30,Chennai
CLM0010022,CHE_02211,Sholinganallur,2023-07-30,9,0,0,0,0,0,0,0,0,0,0.0,0.357073,0,0.0,0,408,4,3,0.9073,0.0194,GREEN,22,Chennai
CLM0010023,CHE_00226,Guindy,2024-07-21,8,0,0,0,0,0,0,0,0,0,1.0,0.325883,0,0.0,0,390,0,2,0.6943,0.0549,GREEN,49,Chennai
CLM0010024,CHE_05447,Sholinganallur,2022-08-12,19,0,0,0,0,0,0,0,0,0,0.0,0.265058,0,0.0,0,59,3,5,0.98,0.0385,GREEN,44,Chennai
CLM0010025,CHE_03162,Tambaram,2024-01-14,8,0,0,0,0,0,0,0,0,0,0.0,0.237039,1,0.0,0,206,1,5,0.5889,0.0982,GREEN,28,Chennai
CLM0010026,CHE_02718,Sholinganallur,2019-01-05,11,0,0,0,0,0,1,0,0,0,0.0,0.433221,0,0.0,0,246,0,3,0.6963,0.15,GREEN,45,Chennai
CLM0010027,CHE_04211,Anna Nagar,2021-11-26,10,0,0,0,1,1,0,1,0,1,0.0,0.975607,0,1.0,1,19,2,18,0.3311,0.0111,GREEN,55,Chennai
CLM0010028,CHE_00127,Adyar,2023-02-25,13,0,0,0,0,0,0,0,0,0,1.0,0.220487,0,0.0,0,37,4,4,0.7185,0.0238,GREEN,55,Chennai
CLM0010029,CHE_01119,T Nagar,2022-08-10,20,0,0,0,0,1,0,0,0,0,0.0,0.291484,0,0.0,0,414,4,0,0.6806,0.1044,GREEN,47,Chennai
CLM0010030,CHE_08526,Chromepet,2025-12-18,18,0,0,0,0,0,0,0,0,0,0.0,0.154441,0,0.0,0,292,0,0,0.2459,0.0,GREEN,56,Chennai
CLM0010031,CHE_06746,Tambaram,2016-03-07,10,0,0,0,0,0,0,0,0,0,0.0,0.987909,0,0.0,0,218,0,0,0.633,0.0282,GREEN,46,Chennai
CLM0010032,CHE_06233,Anna Nagar,2022-10-04,16,0,0,0,0,1,0,0,0,1,1.0,0.980257,1,0.0,1,37,2,18,0.3034,0.0,GREEN,38,Chennai
CLM0010033,CHE_02956,Velachery,2025-05-19,21,0,0,0,0,0,0,0,0,0,0.0,0.0,0,0.0,0,165,4,0,0.5458,0.0042,GREEN,35,Chennai
CLM0010034,CHE_06423,Anna Nagar,2019-05-05,12,0,0,0,1,0,0,0,0,0,0.0,0.0,0,0.0,0,176,1,1,0.7242,0.2471,GREEN,31,Chennai
CLM0010035,CHE_00708,Porur,2019-09-13,11,0,0,0,0,0,0,0,0,0,1.0,0.883336,0,1.0,0,417,4,1,0.7428,0.0668,GREEN,27,Chennai
CLM0010036,CHE_02352,T Nagar,2019-01-26,18,0,0,0,0,0,0,0,0,1,0.0,0.17556,0,0.0,0,420,3,0,0.9175,0.1042,GREEN,56,Chennai
CLM0010037,CHE_05032,Tambaram,2024-02-26,9,0,0,0,0,0,0,0,0,0,0.0,0.287878,1,0.0,0,357,3,2,0.6396,0.0977,GREEN,24,Chennai
CLM0010038,CHE_01584,Perambur,2019-02-18,10,0,0,0,0,0,0,0,0,0,1.0,0.400968,0,1.0,0,121,3,2,0.7123,0.2364,GREEN,41,Chennai
CLM0010039,CHE_02188,Chromepet,2023-04-06,11,0,0,0,0,1,0,0,0,0,0.0,0.211263,0,0.0,0,215,2,3,0.8751,0.1223,GREEN,37,Chennai
CLM0010040,CHE_00033,Adyar,2021-02-07,17,0,0,0,0,0,0,0,0,0,1.0,0.366755,0,0.0,0,274,3,0,0.726,0.0935,GREEN,43,Chennai
CLM0010041,CHE_00962,Perambur,2021-04-04,19,0,0,0,0,0,0,0,0,0,0.0,0.138338,0,0.0,0,403,2,2,0.544,0.0972,GREEN,50,Chennai
CLM0010042,CHE_06628,Sholinganallur,2025-03-22,15,0,0,0,0,0,0,0,0,0,0.0,0.113028,0,0.0,0,420,4,4,0.6043,0.0,GREEN,47,Chennai
CLM0010043,CHE_06811,Tambaram,2022-06-01,14,0,1,1,0,0,0,0,0,1,0.0,0.0,0,0.0,0,373,0,3,0.7054,0.1701,GREEN,36,Chennai
CLM0010044,CHE_09866,T Nagar,2021-10-06,20,0,0,0,0,0,0,0,0,0,0.0,0.447134,0,0.0,0,420,3,0,0.98,0.0,GREEN,27,Chennai
CLM0010045,CHE_08207,Perambur,2023-04-07,19,0,0,0,0,0,0,0,0,0,0.0,0.110031,0,0.0,0,420,0,2,0.98,0.0,GREEN,51,Chennai
CLM0010046,CHE_09379,T Nagar,2021-01-03,10,0,0,0,0,0,0,0,0,0,0.0,0.098486,0,1.0,0,76,4,4,0.2196,0.0587,GREEN,28,Chennai
CLM0010047,CHE_00989,Chromepet,2020-08-29,18,0,0,0,0,0,0,0,0,0,0.0,0.982939,0,0.0,0,371,2,0,0.6551,0.0439,GREEN,37,Chennai
CLM0010048,CHE_09506,Guindy,2018-10-02,9,0,0,0,0,0,0,0,0,0,0.0,0.1996,0,0.0,0,107,2,4,0.8797,0.0516,GREEN,44,Chennai
CLM0010049,CHE_01398,Sholinganallur,2023-03-30,11,0,0,0,0,0,0,0,0,0,0.0,0.270302,0,0.0,0,63,2,4,0.7793,0.0579,GREEN,38,Chennai
CLM0010050,CHE_01112,Chromepet,2025-05-19,14,0,0,0,0,1,0,0,0,0,0.0,0.381228,0,0.0,0,23,4,0,0.9161,0.2153,GREEN,51,Chennai
CLM0010051,CHE_00920,Sholinganallur,2024-06-09,21,0,0,0,0,0,1,0,0,0,0.0,0.037065,0,0.0,0,416,3,0,0.5543,0.0576,GREEN,42,Chennai
CLM0010052,CHE_04191,Perambur,2024-05-05,8,0,0,0,0,0,1,0,0,0,0.0,0.156884,0,0.0,0,93,0,2,0.4128,0.0835,GREEN,33,Chennai
CLM0010053,CHE_07873,Perambur,2024-05-20,16,0,0,0,0,0,1,0,0,0,1.0,0.0,0,0.0,0,420,1,5,0.5442,0.1736,GREEN,40,Chennai
CLM0010054,CHE_06267,Sholinganallur,2023-07-15,17,0,0,0,0,0,0,0,1,0,0.0,0.097743,0,0.0,0,154,0,0,0.7902,0.104,GREEN,25,Chennai
CLM0010055,CHE_03255,Chromepet,2023-01-30,12,0,0,0,0,0,0,0,0,0,0.0,0.077524,0,0.0,0,353,0,2,0.98,0.0849,GREEN,42,Chennai
CLM0010056,CHE_07947,T Nagar,2023-04-13,16,0,0,0,0,0,0,0,0,1,0.0,0.211453,1,0.0,0,194,4,5,0.0711,0.1722,GREEN,47,Chennai
CLM0010057,CHE_02416,Perambur,2023-03-09,9,0,0,0,0,0,0,1,1,0,0.0,0.264341,0,0.0,0,47,3,4,0.8024,0.1906,GREEN,51,Chennai
CLM0010058,CHE_05475,Adyar,2018-02-10,15,0,0,0,0,1,0,1,1,0,1.0,0.910805,0,1.0,0,17,1,18,0.0986,0.0073,GREEN,56,Chennai
CLM0010059,CHE_06496,Tambaram,2021-12-31,7,0,0,0,0,0,0,0,0,0,0.0,0.350834,0,0.0,0,293,3,4,0.7195,0.082,GREEN,33,Chennai
CLM0010060,CHE_09716,Sholinganallur,2017-10-23,15,0,0,0,0,0,0,0,0,0,0.0,0.0,0,0.0,0,420,2,2,0.7885,0.0,GREEN,51,Chennai
CLM0010061,CHE_07468,Porur,2016-04-11,14,0,0,0,0,0,0,0,0,0,0.0,0.244568,0,0.0,0,409,0,2,0.98,0.0764,GREEN,51,Chennai
CLM0010062,CHE_01485,Perambur,2022-05-16,7,0,0,0,0,0,0,0,0,0,1.0,0.250462,0,0.0,0,420,3,0,0.866,0.0,GREEN,31,Chennai
CLM0010063,CHE_09042,Adyar,2015-09-20,11,0,0,0,0,0,0,0,0,0,0.0,0.0,0,0.0,0,420,4,5,0.7923,0.0312,GREEN,47,Chennai
CLM0010064,CHE_04520,Perambur,2017-08-22,19,0,0,0,0,0,1,0,0,0,0.0,0.104582,0,0.0,0,307,0,1,0.462,0.0189,GREEN,34,Chennai
CLM0010065,CHE_07394,Chromepet,2016-09-20,13,0,0,0,0,0,0,0,0,0,0.0,0.08173,0,0.0,0,420,3,2,0.98,0.0,GREEN,35,Chennai
CLM0010066,CHE_06263,Chromepet,2018-09-18,15,0,0,0,0,0,0,0,0,0,0.0,0.970956,0,0.0,0,138,0,2,0.98,0.0396,GREEN,40,Chennai
CLM0010067,CHE_06980,Perambur,2022-07-06,12,0,0,0,0,0,0,0,0,0,0.0,1.0,0,0.0,0,338,0,5,0.98,0.0,GREEN,39,Chennai
CLM0010068,CHE_07187,Perambur,2020-09-12,20,0,0,0,0,0,0,0,0,0,0.0,0.061232,0,0.0,0,139,4,5,0.8209,0.0,GREEN,36,Chennai
CLM0010069,CHE_00848,Adyar,2019-08-21,18,0,0,0,0,0,0,0,0,0,0.0,0.419389,0,0.0,0,104,1,4,0.48,0.0,GREEN,59,Chennai
CLM0010070,CHE_07724,Adyar,2024-10-10,17,0,0,0,0,0,1,0,0,0,0.0,0.301661,0,0.0,0,313,1,2,0.9432,0.1975,GREEN,49,Chennai
CLM0010071,CHE_03730,Sholinganallur,2021-04-01,15,0,0,0,0,0,0,0,0,0,0.0,0.260743,0,0.0,0,130,0,0,0.6409,0.1089,GREEN,45,Chennai
CLM0010072,CHE_05718,T Nagar,2022-03-09,7,0,0,0,0,0,0,0,0,0,0.0,0.553462,0,0.0,0,420,3,4,0.7904,0.018,GREEN,48,Chennai
CLM0010073,CHE_01214,Tambaram,2025-01-15,12,0,0,0,0,0,0,0,0,0,0.0,0.30766,0,0.0,0,165,1,4,0.8097,0.0322,GREEN,29,Chennai
CLM0010074,CHE_09456,Chromepet,2025-01-08,11,0,0,0,0,0,0,0,0,0,0.0,0.142613,0,0.0,0,29,0,1,0.8428,0.0,GREEN,21,Chennai
CLM0010075,CHE_05172,Perambur,2022-01-24,11,0,0,0,0,0,0,0,0,0,0.0,0.26891,0,0.0,0,29,2,0,0.0885,0.0234,GREEN,46,Chennai
CLM0010076,CHE_03635,Velachery,2025-10-06,19,0,0,0,0,0,0,0,0,0,1.0,0.217911,0,0.0,0,96,0,2,0.6952,0.1148,GREEN,23,Chennai
CLM0010077,CHE_02555,Velachery,2020-07-15,17,0,0,0,0,0,0,0,0,0,0.0,0.271087,0,0.0,0,102,0,2,0.9015,0.0,GREEN,42,Chennai
CLM0010078,CHE_07589,Anna Nagar,2024-11-18,18,0,0,0,0,0,0,0,0,0,0.0,0.326609,1,0.0,0,107,0,2,0.8559,0.088,GREEN,35,Chennai
CLM0010079,CHE_09704,T Nagar,2021-07-19,12,0,0,0,0,0,0,0,0,0,0.0,0.0,0,0.0,0,315,0,0,0.832,0.0247,GREEN,44,Chennai
CLM0010080,CHE_06670,Guindy,2024-09-22,14,0,0,0,0,0,0,0,0,0,0.0,0.291852,0,0.0,0,146,0,3,0.6441,0.0662,GREEN,36,Chennai
CLM0010081,CHE_02152,Guindy,2025-12-25,9,0,0,0,0,0,0,0,0,1,0.0,0.06755,0,0.0,0,148,4,0,0.7232,0.0389,GREEN,19,Chennai
CLM0010082,CHE_09832,Tambaram,2021-09-20,11,0,0,0,0,0,0,0,0,0,0.0,0.0,0,0.0,0,174,2,4,0.6761,0.0038,GREEN,27,Chennai
CLM0010083,CHE_09126,Chromepet,2023-05-27,21,0,0,0,0,0,0,0,0,0,0.0,0.175799,0,0.0,0,343,3,3,0.6703,0.0906,GREEN,27,Chennai
CLM0010084,CHE_09759,Tambaram,2024-08-13,18,0,0,0,0,0,0,1,1,0,0.0,0.255063,0,1.0,0,407,4,0,0.2378,0.3139,YELLOW,44,Chennai
CLM0010085,CHE_01700,Velachery,2025-03-29,8,0,0,0,0,0,0,0,0,0,0.0,0.090084,0,0.0,1,195,4,3,0.5661,0.0207,GREEN,51,Chennai
CLM0010086,CHE_09709,Tambaram,2024-11-24,18,0,0,0,0,0,0,0,0,0,0.0,0.041467,0,0.0,0,420,1,4,0.89,0.0368,GREEN,45,Chennai
CLM0010087,CHE_07372,Adyar,2021-06-05,14,0,0,0,0,0,0,0,0,0,0.0,0.218608,0,0.0,0,140,0,1,0.4904,0.1252,GREEN,39,Chennai
CLM0010088,CHE_08640,Guindy,2022-10-25,14,0,0,0,1,0,0,0,0,0,0.0,0.0,0,0.0,0,216,1,3,0.3481,0.1979,GREEN,34,Chennai
CLM0010089,CHE_06546,Sholinganallur,2022-03-22,12,0,0,0,0,1,0,0,0,0,0.0,0.976864,0,0.0,0,331,3,3,0.95,0.148,GREEN,52,Chennai
CLM0010090,CHE_05254,Porur,2024-07-24,12,0,0,0,0,0,0,0,0,0,1.0,0.211392,0,0.0,0,409,4,5,0.8805,0.0631,GREEN,36,Chennai
CLM0010091,CHE_04312,Tambaram,2024-08-27,17,0,0,0,0,0,0,0,0,0,1.0,1.0,0,1.0,0,297,1,1,0.557,0.0171,GREEN,30,Chennai
CLM0010092,CHE_02523,Chromepet,2025-01-15,13,0,1,1,0,0,0,1,1,1,0.0,0.084111,0,0.0,0,19,0,18,0.98,0.4052,YELLOW,28,Chennai
CLM0010093,CHE_03754,Chromepet,2024-04-18,9,0,1,1,1,0,0,0,0,0,0.0,0.247556,0,0.0,0,379,1,3,0.7821,0.7619,RED,42,Chennai
CLM0010094,CHE_09620,Porur,2025-09-25,19,0,1,1,0,0,0,0,0,1,0.0,0.425108,0,0.0,0,320,2,3,0.8414,0.7299,RED,31,Chennai
CLM0010095,CHE_04927,Guindy,2023-11-20,14,0,0,0,0,0,0,0,0,0,0.0,0.040202,0,0.0,0,48,0,1,0.98,0.0302,GREEN,32,Chennai
CLM0010096,CHE_01345,Anna Nagar,2025-06-24,17,0,0,0,0,0,1,1,0,1,0.0,0.44761,0,0.0,0,16,3,0,0.7876,0.2574,GREEN,30,Chennai
CLM0010097,CHE_00225,T Nagar,2022-08-10,10,0,0,0,0,0,0,0,0,0,0.0,0.311666,0,0.0,0,382,1,0,0.05,0.0111,GREEN,38,Chennai
CLM0010098,CHE_06041,Guindy,2023-03-06,11,0,0,0,0,0,0,0,0,0,0.0,0.024095,0,0.0,0,243,1,3,0.4706,0.0167,GREEN,51,Chennai
CLM0010099,CHE_03901,Porur,2023-09-01,19,0,0,0,1,0,0,0,0,0,0.0,0.19233,0,0.0,0,360,4,0,0.6474,0.2046,GREEN,34,Chennai
CLM0010100,CHE_07085,Porur,2024-02-16,15,0,0,0,0,0,0,1,0,0,0.0,0.204698,0,0.0,0,420,1,2,0.6022,0.0002,GREEN,44,Chennai
CLM0010101,CHE_06978,Chromepet,2025-10-24,13,0,0,0,0,0,0,0,0,0,0.0,1.0,0,0.0,0,384,2,2,0.5847,0.0,GREEN,39,Chennai
CLM0010102,CHE_05530,Adyar,2025-07-22,13,0,0,0,0,0,0,0,0,0,0.0,0.23952,0,0.0,0,327,3,3,0.8283,0.0024,GREEN,38,Chennai
CLM0010103,CHE_06701,Tambaram,2020-01-19,16,0,0,0,0,0,0,0,1,0,0.0,0.288518,0,0.0,0,420,1,1,0.5577,0.0105,GREEN,44,Chennai
CLM0010104,CHE_05848,Sholinganallur,2025-11-16,8,0,0,0,0,0,0,0,0,0,0.0,0.306993,0,0.0,0,78,1,0,0.8289,0.0542,GREEN,41,Chennai
CLM0010105,CHE_07169,Guindy,2022-03-01,18,0,0,0,0,0,0,0,0,0,0.0,0.372974,0,0.0,0,293,1,3,0.6731,0.0,GREEN,42,Chennai
CLM0010106,CHE_00246,Adyar,2023-08-30,14,0,0,0,0,0,1,0,0,1,0.0,0.0,0,0.0,0,238,0,2,0.2364,0.2182,GREEN,47,Chennai
CLM0010107,CHE_01134,T Nagar,2024-12-01,8,0,0,0,0,1,0,0,0,0,0.0,0.413471,0,0.0,0,102,0,7,0.908,0.1799,GREEN,33,Chennai
CLM0010108,CHE_00900,Sholinganallur,2022-12-31,19,0,1,1,0,0,0,0,0,0,0.0,0.973549,0,0.0,0,92,0,1,0.85,0.0,GREEN,55,Chennai
CLM0010109,CHE_05512,T Nagar,2018-10-29,7,0,0,0,0,1,0,0,0,0,0.0,0.119568,0,0.0,0,420,1,6,0.6368,0.0666,GREEN,45,Chennai
CLM0010110,CHE_07146,Guindy,2021-03-02,11,0,0,0,1,0,0,0,0,0,0.0,1.0,0,0.0,0,143,0,2,0.3513,0.2502,GREEN,18,Chennai
CLM0010111,CHE_07001,Velachery,2023-06-26,21,0,0,0,0,0,0,0,0,0,0.0,0.181205,0,0.0,0,420,2,2,0.8821,0.0,GREEN,24,Chennai
CLM0010112,CHE_00901,Adyar,2025-06-04,20,0,0,0,0,1,0,1,0,0,0.0,0.33265,0,0.0,0,294,2,5,0.9421,0.0653,GREEN,50,Chennai
CLM0010113,CHE_01938,Porur,2024-05-18,7,0,0,0,0,0,0,0,0,0,0.0,0.054623,0,0.0,0,361,3,0,0.9506,0.0544,GREEN,25,Chennai
CLM0010114,CHE_04413,Guindy,2021-02-14,11,0,0,0,0,0,0,0,1,0,0.0,0.009621,0,0.0,0,420,2,0,0.9576,0.0795,GREEN,35,Chennai
CLM0010115,CHE_04322,Perambur,2023-09-25,7,0,0,0,0,0,0,0,0,0,0.0,0.417923,0,0.0,0,327,2,5,0.8777,0.0854,GREEN,39,Chennai
CLM0010116,CHE_00396,Tambaram,2023-05-22,16,0,0,0,0,0,0,1,0,0,0.0,0.158332,0,0.0,1,417,4,0,0.7777,0.1554,GREEN,38,Chennai
CLM0010117,CHE_05406,Guindy,2022-02-25,13,0,0,0,0,0,0,0,0,0,0.0,0.219892,0,0.0,0,18,2,3,0.6576,0.038,GREEN,53,Chennai
CLM0010118,CHE_02021,Guindy,2022-05-02,15,0,0,0,0,0,0,0,0,0,0.0,0.157328,0,0.0,0,170,0,6,0.2254,0.0,GREEN,56,Chennai
CLM0010119,CHE_03758,Porur,2019-10-25,15,0,0,0,0,0,0,0,0,0,0.0,0.339382,1,0.0,0,420,4,6,0.6905,0.0,GREEN,37,Chennai
CLM0010120,CHE_05907,Perambur,2025-06-01,20,0,1,1,0,0,0,0,0,0,0.0,0.065834,0,0.0,0,420,3,2,0.6813,0.0152,GREEN,43,Chennai
CLM0010121,CHE_07866,Porur,2025-11-03,16,0,0,0,0,0,0,0,0,0,0.0,0.326869,0,0.0,0,382,2,2,0.98,0.111,GREEN,23,Chennai
CLM0010122,CHE_03354,T Nagar,2024-10-14,15,0,0,0,0,1,0,0,0,0,0.0,0.954745,0,0.0,0,106,4,0,0.6428,0.1591,GREEN,43,Chennai
CLM0010123,CHE_05062,Sholinganallur,2024-06-11,9,0,0,0,0,0,0,0,0,0,0.0,0.314624,0,0.0,0,280,3,0,0.5994,0.0,GREEN,44,Chennai
CLM0010124,CHE_07352,Tambaram,2020-08-09,15,0,0,0,0,0,0,0,0,0,0.0,0.0,0,0.0,0,420,2,0,0.6303,0.0656,GREEN,50,Chennai
CLM0010125,CHE_05563,T Nagar,2025-02-24,8,0,1,1,0,0,0,0,0,0,0.0,0.285065,0,0.0,0,420,1,3,0.6731,0.1219,GREEN,43,Chennai
CLM0010126,CHE_05673,Velachery,2025-11-04,20,0,0,0,0,0,0,1,0,0,0.0,0.285783,0,0.0,0,195,1,1,0.1203,0.1966,GREEN,43,Chennai
CLM0010127,CHE_03088,Anna Nagar,2025-05-01,20,0,0,0,0,0,1,0,0,0,0.0,0.181787,0,0.0,0,163,1,2,0.8148,0.0112,GREEN,22,Chennai
CLM0010128,CHE_09088,Perambur,2025-06-19,20,0,0,0,0,0,0,0,1,1,1.0,0.034378,0,0.0,0,242,0,0,0.692,0.241,GREEN,50,Chennai
CLM0010129,CHE_05917,Guindy,2025-04-04,19,0,0,0,0,0,1,0,1,0,0.0,0.239358,0,0.0,0,420,0,3,0.969,0.1459,GREEN,30,Chennai
CLM0010130,CHE_04462,Guindy,2025-09-06,16,0,0,0,1,0,0,0,0,0,0.0,0.0,0,0.0,0,277,4,1,0.6493,0.1761,GREEN,52,Chennai
CLM0010131,CHE_09951,Perambur,2025-11-27,16,0,0,0,0,0,0,0,0,0,0.0,0.065287,0,0.0,0,110,2,5,0.7997,0.0107,GREEN,29,Chennai
CLM0010132,CHE_05767,Guindy,2025-08-29,7,0,0,0,0,0,0,0,1,0,0.0,0.159821,1,0.0,0,275,1,1,0.6631,0.0,GREEN,36,Chennai
CLM0010133,CHE_00638,Chromepet,2025-02-27,16,0,0,0,0,0,1,0,0,0,1.0,0.425614,0,1.0,0,24,4,0,0.5292,0.2172,GREEN,54,Chennai
CLM0010134,CHE_05860,Sholinganallur,2025-01-17,21,0,0,0,0,0,0,0,0,0,1.0,0.934661,0,1.0,0,259,0,1,0.6012,0.0882,GREEN,33,Chennai
CLM0010135,CHE_09171,Porur,2025-12-18,8,0,1,1,0,0,0,0,0,0,0.0,0.133601,0,0.0,0,420,2,3,0.2556,0.0538,GREEN,40,Chennai
CLM0010136,CHE_01870,T Nagar,2017-02-19,15,0,0,0,0,0,1,0,0,0,0.0,0.169553,0,0.0,0,420,3,0,0.7924,0.1061,GREEN,33,Chennai
CLM0010137,CHE_02131,T Nagar,2019-11-26,16,0,0,0,0,0,0,0,0,0,0.0,0.16273,0,0.0,0,282,1,2,0.5731,0.0758,GREEN,40,Chennai
CLM0010138,CHE_07192,Velachery,2025-07-12,20,0,0,0,0,0,0,0,0,0,0.0,0.0,0,1.0,0,417,2,3,0.0996,0.0,GREEN,49,Chennai
CLM0010139,CHE_08710,Tambaram,2016-03-23,7,0,0,0,0,0,0,0,0,1,0.0,0.33134,0,0.0,0,90,4,3,0.5907,0.2169,GREEN,26,Chennai
CLM0010140,CHE_09382,Perambur,2021-02-18,19,0,0,0,0,0,0,0,0,0,0.0,0.058014,0,0.0,0,420,1,3,0.98,0.0341,GREEN,34,Chennai
CLM0010141,CHE_05025,Tambaram,2020-05-13,19,0,0,0,0,1,0,1,1,0,1.0,0.993603,0,0.0,0,13,3,18,0.3102,0.0416,GREEN,24,Chennai
CLM0010142,CHE_07506,Perambur,2025-09-28,11,0,0,0,0,0,0,0,0,0,1.0,0.293956,0,0.0,0,36,2,1,0.5122,0.0,GREEN,55,Chennai
CLM0010143,CHE_01998,Velachery,2025-12-12,7,0,0,0,0,0,1,0,0,0,0.0,0.057134,0,0.0,0,362,4,4,0.7955,0.1569,GREEN,28,Chennai
CLM0010144,CHE_03703,Chromepet,2024-07-02,18,0,0,0,0,1,1,0,1,0,0.0,0.059032,0,0.0,0,149,3,7,0.4691,0.3274,YELLOW,36,Chennai
CLM0010145,CHE_08029,Perambur,2025-05-14,18,0,0,0,0,0,0,0,0,0,0.0,0.234122,0,0.0,0,219,1,0,0.9636,0.0264,GREEN,51,Chennai
CLM0010146,CHE_05854,Sholinganallur,2020-03-27,10,0,0,0,0,0,0,0,0,0,0.0,0.016718,0,0.0,0,396,0,6,0.6161,0.0,GREEN,42,Chennai
CLM0010147,CHE_01856,Tambaram,2021-12-11,19,0,0,0,0,0,0,0,0,0,0.0,0.176702,0,1.0,0,130,2,0,0.7111,0.0,GREEN,60,Chennai
CLM0010148,CHE_02152,Guindy,2025-06-10,8,0,0,0,0,0,0,0,0,0,1.0,0.264858,0,0.0,0,333,2,0,0.7491,0.039,GREEN,19,Chennai
CLM0010149,CHE_03750,Velachery,2018-12-14,21,0,0,0,0,0,0,0,0,0,0.0,0.239568,0,0.0,0,153,1,4,0.7201,0.0,GREEN,44,Chennai
CLM0010150,CHE_06284,Anna Nagar,2024-12-27,17,0,0,0,1,0,0,0,0,0,0.0,0.149512,0,0.0,0,66,1,4,0.98,0.1886,GREEN,57,Chennai
CLM0010151,CHE_01704,Anna Nagar,2019-09-10,7,0,0,0,0,0,0,0,1,0,0.0,0.110346,0,0.0,0,191,0,3,0.789,0.0287,GREEN,42,Chennai
CLM0010152,CHE_03648,Sholinganallur,2025-05-12,21,0,0,0,0,0,0,0,0,0,0.0,0.265631,0,0.0,0,118,1,0,0.7168,0.123,GREEN,35,Chennai
CLM0010153,CHE_02340,Adyar,2019-01-29,10,0,0,0,0,0,0,0,0,1,0.0,0.116686,0,0.0,1,238,0,7,0.8901,0.1094,GREEN,40,Chennai
CLM0010154,CHE_05001,Anna Nagar,2019-12-26,7,0,0,0,0,0,0,0,0,0,0.0,0.004663,0,0.0,0,420,1,8,0.6132,0.0,GREEN,41,Chennai
CLM0010155,CHE_06531,Adyar,2022-05-07,12,0,0,0,0,0,0,0,0,0,0.0,0.162531,0,0.0,0,420,1,0,0.7664,0.0089,GREEN,39,Chennai
CLM0010156,CHE_05834,Chromepet,2020-10-19,12,0,0,0,0,0,0,0,0,0,0.0,0.0,1,0.0,0,405,4,0,0.7057,0.1608,GREEN,40,Chennai
CLM0010157,CHE_08109,Sholinganallur,2020-12-14,14,0,0,0,0,0,1,0,0,0,0.0,0.0,0,0.0,0,311,4,3,0.561,0.1128,GREEN,52,Chennai
CLM0010158,CHE_05967,T Nagar,2019-02-26,21,0,0,0,0,1,0,0,0,0,0.0,0.431759,0,0.0,0,85,3,0,0.98,0.0748,GREEN,25,Chennai
CLM0010159,CHE_04281,Perambur,2024-10-14,20,0,0,0,0,0,0,0,0,0,0.0,0.222105,0,0.0,0,104,2,1,0.98,0.0,GREEN,27,Chennai
CLM0010160,CHE_02327,Guindy,2025-06-06,15,0,0,0,0,0,0,0,0,0,0.0,0.226793,0,0.0,1,334,2,4,0.6968,0.1947,GREEN,39,Chennai
CLM0010161,CHE_03679,Porur,2025-05-21,15,0,0,0,0,0,0,0,0,0,0.0,0.189517,0,0.0,0,175,4,3,0.5496,0.0,GREEN,46,Chennai
CLM0010162,CHE_08040,T Nagar,2025-02-08,20,0,0,0,0,0,0,0,0,0,0.0,0.0,0,0.0,0,420,4,1,0.5771,0.0139,GREEN,35,Chennai
CLM0010163,CHE_03112,T Nagar,2025-03-29,15,0,1,1,0,0,0,0,0,0,0.0,0.348524,0,0.0,0,342,0,0,0.98,0.0906,GREEN,38,Chennai
CLM0010164,CHE_03264,Tambaram,2024-04-22,11,0,0,0,0,0,0,0,0,0,0.0,0.269873,1,0.0,0,146,2,6,0.05,0.0927,GREEN,51,Chennai
CLM0010165,CHE_07990,Chromepet,2024-07-18,21,0,0,0,0,0,0,0,0,0,0.0,0.412584,0,1.0,0,69,0,0,0.8677,0.0,GREEN,50,Chennai
CLM0010166,CHE_09417,Perambur,2025-01-19,19,0,0,0,0,0,0,0,0,0,0.0,0.0,0,0.0,0,93,1,3,0.6159,0.0,GREEN,56,Chennai
CLM0010167,CHE_03302,Chromepet,2025-10-01,15,0,0,0,0,0,0,0,0,0,0.0,0.082434,0,0.0,1,101,3,1,0.98,0.0,GREEN,41,Chennai
CLM0010168,CHE_00584,Adyar,2025-02-09,13,0,0,0,0,0,0,0,0,0,0.0,0.316086,0,1.0,0,420,0,4,0.6763,0.0,GREEN,22,Chennai
CLM0010169,CHE_03006,Guindy,2018-09-21,20,0,0,0,0,0,0,0,0,0,1.0,0.043984,0,0.0,0,27,0,2,0.6261,0.0327,GREEN,37,Chennai
CLM0010170,CHE_03646,Porur,2017-10-14,11,0,0,0,0,0,0,1,0,0,0.0,0.03824,0,0.0,0,117,0,0,0.6609,0.0,GREEN,44,Chennai
CLM0010171,CHE_01763,Adyar,2023-09-18,8,0,0,0,0,0,0,0,0,0,0.0,0.171941,0,0.0,0,420,0,3,0.98,0.0,GREEN,45,Chennai
CLM0010172,CHE_09695,Anna Nagar,2018-04-09,20,0,0,0,0,0,0,0,0,0,0.0,0.0,0,0.0,0,220,4,4,0.1283,0.0,GREEN,49,Chennai
CLM0010173,CHE_06365,Tambaram,2020-11-06,21,0,0,0,0,0,0,0,0,0,1.0,0.348263,0,0.0,0,106,4,1,0.5546,0.1463,GREEN,37,Chennai
CLM0010174,CHE_09733,Porur,2018-12-10,8,0,0,0,0,0,0,0,0,0,0.0,0.353515,0,0.0,0,241,3,4,0.453,0.0,GREEN,34,Chennai
CLM0010175,CHE_02398,Chromepet,2020-12-08,16,0,0,0,0,0,1,0,0,1,0.0,0.358924,0,0.0,0,200,3,0,0.9777,0.1936,GREEN,39,Chennai
CLM0010176,CHE_09220,Velachery,2021-06-09,18,0,0,0,1,0,0,0,0,0,0.0,0.158855,0,0.0,0,164,2,4,0.0738,0.1314,GREEN,44,Chennai
CLM0010177,CHE_09460,Perambur,2017-10-25,18,0,0,0,0,0,0,0,0,0,0.0,0.282058,0,0.0,0,420,0,1,0.7491,0.0587,GREEN,22,Chennai
CLM0010178,CHE_06934,Sholinganallur,2025-05-13,15,0,0,0,0,0,0,0,0,0,0.0,0.299455,0,0.0,0,233,2,4,0.05,0.1492,GREEN,37,Chennai
CLM0010179,CHE_03191,Adyar,2023-05-17,20,0,0,0,0,0,0,0,0,0,0.0,0.302476,0,0.0,0,355,3,3,0.6825,0.0,GREEN,49,Chennai
CLM0010180,CHE_09674,Adyar,2018-08-24,7,0,0,0,0,0,0,0,0,0,0.0,0.135815,1,0.0,0,420,4,3,0.9198,0.0161,GREEN,27,Chennai
CLM0010181,CHE_04707,Perambur,2019-07-14,8,0,0,0,0,0,1,0,0,0,0.0,0.389914,0,0.0,0,50,4,3,0.5307,0.0915,GREEN,20,Chennai
CLM0010182,CHE_09900,Sholinganallur,2019-06-23,8,0,0,0,0,1,0,0,1,0,1.0,0.010857,1,0.0,1,5,2,18,0.1156,0.1195,GREEN,45,Chennai
CLM0010183,CHE_06593,Guindy,2018-06-15,20,0,0,0,0,0,0,0,0,0,0.0,0.164122,0,1.0,0,170,0,1,0.98,0.0,GREEN,38,Chennai
CLM0010184,CHE_04856,Sholinganallur,2020-09-08,7,0,0,0,0,0,0,0,0,0,0.0,0.273539,0,0.0,0,162,3,2,0.9448,0.0,GREEN,18,Chennai
CLM0010185,CHE_03941,Porur,2018-10-13,11,0,0,0,0,0,0,0,0,0,0.0,0.310639,0,0.0,0,27,1,4,0.98,0.0,GREEN,44,Chennai
CLM0010186,CHE_06356,Guindy,2020-02-03,12,0,0,0,0,0,0,1,0,0,0.0,0.426612,0,1.0,0,184,3,6,0.4819,0.0832,GREEN,49,Chennai
CLM0010187,CHE_08786,Porur,2025-05-18,7,0,0,0,0,0,0,0,0,0,0.0,0.13407,0,0.0,0,420,4,4,0.98,0.0,GREEN,41,Chennai
CLM0010188,CHE_04301,Chromepet,2023-07-06,16,0,0,0,0,0,0,1,0,1,0.0,0.25137,0,0.0,0,420,4,3,0.0875,0.2616,GREEN,49,Chennai
CLM0010189,CHE_03054,Guindy,2017-01-25,16,0,0,0,0,0,0,0,0,0,0.0,0.112017,0,0.0,1,187,1,4,0.5938,0.0,GREEN,43,Chennai
CLM0010190,CHE_00490,Sholinganallur,2021-03-18,12,0,0,0,0,0,0,0,0,0,0.0,0.10461,1,0.0,0,378,4,0,0.8759,0.139,GREEN,31,Chennai
CLM0010191,CHE_02348,T Nagar,2024-10-08,7,0,0,0,0,0,0,0,0,0,0.0,0.055145,0,0.0,0,71,4,0,0.6229,0.1023,GREEN,42,Chennai
CLM0010192,CHE_08148,Anna Nagar,2024-05-02,8,0,1,1,0,0,0,0,0,0,1.0,0.172039,0,0.0,0,88,4,5,0.9543,0.0674,GREEN,44,Chennai
CLM0010193,CHE_05344,Perambur,2025-07-29,12,0,0,0,0,0,0,0,0,0,0.0,0.322754,0,0.0,0,52,2,5,0.8062,0.0,GREEN,41,Chennai
CLM0010194,CHE_03606,Anna Nagar,2022-05-10,18,0,0,0,0,0,0,0,0,0,0.0,0.32084,0,0.0,0,291,2,1,0.898,0.0,GREEN,25,Chennai
CLM0010195,CHE_03510,Guindy,2018-10-22,14,0,0,0,0,0,0,0,0,0,0.0,0.098986,0,0.0,0,420,4,3,0.8841,0.0167,GREEN,35,Chennai
CLM0010196,CHE_04822,Sholinganallur,2017-07-13,13,0,0,0,0,0,0,0,0,0,0.0,0.049883,0,0.0,0,374,2,0,0.5965,0.0,GREEN,44,Chennai
CLM0010197,CHE_00278,T Nagar,2017-11-08,16,0,0,0,0,0,0,0,0,0,0.0,0.105905,0,0.0,0,216,2,2,0.5224,0.0545,GREEN,36,Chennai
CLM0010198,CHE_09358,Adyar,2021-09-09,15,0,0,0,0,0,0,0,1,0,0.0,0.0,1,0.0,0,20,0,3,0.787,0.1367,GREEN,20,Chennai
CLM0010199,CHE_05080,Porur,2019-03-19,12,0,0,0,0,0,0,0,0,0,0.0,0.0,0,0.0,0,299,1,0,0.98,0.0948,GREEN,42,Chennai
CLM0010200,CHE_03183,T Nagar,2019-01-31,12,0,0,0,0,0,0,0,1,0,0.0,0.248745,0,0.0,0,86,4,2,0.851,0.0187,GREEN,43,Chennai
CLM0010201,CHE_06444,Tambaram,2016-09-09,13,0,0,0,0,0,0,0,0,0,1.0,0.157798,0,0.0,0,409,0,0,0.2239,0.0737,GREEN,45,Chennai
CLM0010202,CHE_06368,Anna Nagar,2025-02-19,20,0,0,0,0,0,0,0,0,0,0.0,0.0,0,0.0,0,420,1,5,0.98,0.0446,GREEN,35,Chennai
CLM0010203,CHE_09732,Anna Nagar,2025-02-25,21,0,0,0,0,0,0,0,0,0,0.0,0.272321,0,1.0,0,193,3,1,0.3162,0.0,GREEN,35,Chennai
CLM0010204,CHE_00207,T Nagar,2025-01-24,7,0,0,0,0,0,0,0,0,0,0.0,0.914951,0,0.0,0,408,4,1,0.7905,0.0,GREEN,29,Chennai
CLM0010205,CHE_06122,Porur,2025-05-01,11,0,0,0,0,0,1,1,0,0,1.0,0.050662,0,0.0,0,342,3,5,0.7276,0.1034,GREEN,48,Chennai
CLM0010206,CHE_03246,Tambaram,2025-01-24,7,0,0,0,0,0,0,0,0,0,1.0,0.141831,0,0.0,0,385,3,3,0.7379,0.0228,GREEN,49,Chennai
CLM0010207,CHE_08770,Tambaram,2025-08-14,21,0,0,0,0,0,0,0,0,0,0.0,0.063325,0,0.0,0,286,0,0,0.05,0.0951,GREEN,42,Chennai
CLM0010208,CHE_04126,Porur,2023-08-25,17,0,0,0,0,0,0,0,1,0,0.0,0.136392,0,0.0,0,31,1,3,0.134,0.0966,GREEN,47,Chennai
CLM0010209,CHE_07556,Adyar,2023-12-04,10,0,0,0,0,0,0,0,0,0,0.0,0.202027,0,0.0,0,157,4,0,0.9182,0.0,GREEN,45,Chennai
CLM0010210,CHE_07003,Velachery,2023-09-21,9,0,0,0,0,0,0,0,0,0,0.0,0.263585,0,0.0,0,420,3,0,0.8866,0.0,GREEN,21,Chennai
CLM0010211,CHE_04222,Porur,2024-01-05,20,0,0,0,0,0,0,0,0,0,0.0,0.399481,0,0.0,0,72,3,5,0.6673,0.0,GREEN,37,Chennai
CLM0010212,CHE_03422,T Nagar,2025-03-31,18,0,0,0,0,1,0,0,0,0,0.0,0.370109,0,0.0,0,274,4,6,0.8722,0.2376,GREEN,51,Chennai
CLM0010213,CHE_01474,Chromepet,2022-07-07,19,0,0,0,0,0,0,0,0,0,0.0,0.383775,0,0.0,0,408,3,0,0.93,0.0069,GREEN,39,Chennai
CLM0010214,CHE_09306,Anna Nagar,2023-01-30,10,0,0,0,0,0,1,0,0,1,0.0,0.319928,0,0.0,0,215,0,5,0.1297,0.2336,GREEN,38,Chennai
CLM0010215,CHE_07548,Tambaram,2025-10-17,20,0,0,0,0,0,0,1,0,0,0.0,0.407619,0,0.0,0,359,0,0,0.5618,0.0761,GREEN,44,Chennai
CLM0010216,CHE_00396,Tambaram,2025-03-18,18,0,0,0,0,0,0,0,0,0,0.0,0.246128,0,0.0,0,420,3,2,0.7722,0.0,GREEN,38,Chennai
CLM0010217,CHE_08842,Guindy,2020-09-19,13,0,0,0,0,0,0,1,0,0,0.0,0.160085,0,0.0,0,123,4,1,0.6445,0.0997,GREEN,31,Chennai
CLM0010218,CHE_06840,Tambaram,2024-01-23,15,0,0,0,0,0,0,0,0,0,0.0,0.106966,0,0.0,0,242,4,4,0.5943,0.0,GREEN,49,Chennai
CLM0010219,CHE_07572,Velachery,2019-04-09,13,0,0,0,0,0,0,0,0,0,0.0,0.288539,0,0.0,0,50,4,7,0.7487,0.0796,GREEN,43,Chennai
CLM0010220,CHE_05632,Porur,2022-05-05,13,0,0,0,0,0,0,0,0,0,0.0,0.330442,0,0.0,0,297,1,0,0.5126,0.0704,GREEN,34,Chennai
CLM0010221,CHE_04365,Porur,2019-06-08,17,0,0,0,0,0,0,0,0,0,1.0,0.317934,0,0.0,0,279,4,4,0.5311,0.1022,GREEN,59,Chennai
CLM0010222,CHE_04598,Adyar,2021-01-13,8,0,0,0,0,0,0,0,0,0,0.0,0.284294,0,0.0,0,365,4,1,0.4768,0.0274,GREEN,40,Chennai
CLM0010223,CHE_06577,Adyar,2020-07-18,9,0,0,0,0,0,0,0,0,0,0.0,0.320416,0,0.0,0,83,4,2,0.7232,0.0,GREEN,49,Chennai
CLM0010224,CHE_09394,Perambur,2023-05-19,7,0,0,0,0,0,0,0,0,0,0.0,0.35293,0,0.0,0,66,0,0,0.5663,0.0732,GREEN,41,Chennai
CLM0010225,CHE_07979,Perambur,2022-10-23,16,0,0,0,0,0,1,0,0,0,0.0,0.123127,0,0.0,0,42,3,0,0.0823,0.0417,GREEN,28,Chennai
CLM0010226,CHE_08378,Adyar,2023-09-29,15,0,0,0,0,0,0,0,0,0,0.0,0.0,0,0.0,0,28,0,3,0.7718,0.0,GREEN,27,Chennai
CLM0010227,CHE_07554,T Nagar,2024-08-17,8,0,0,0,0,0,0,0,0,0,0.0,0.089865,0,0.0,0,333,0,0,0.7685,0.0,GREEN,43,Chennai
CLM0010228,CHE_05671,Guindy,2025-04-26,13,0,0,0,0,0,0,0,0,0,0.0,0.108458,0,0.0,0,142,2,6,0.7572,0.0,GREEN,55,Chennai
CLM0010229,CHE_06277,Adyar,2023-06-05,9,0,0,0,0,0,0,0,0,0,0.0,0.95611,0,0.0,0,420,4,3,0.7699,0.0456,GREEN,31,Chennai
CLM0010230,CHE_01932,Perambur,2020-03-05,8,0,0,0,0,0,0,0,1,0,0.0,0.247938,0,0.0,0,273,3,4,0.6633,0.1572,GREEN,41,Chennai
CLM0010231,CHE_06127,Anna Nagar,2019-10-05,8,0,0,0,0,0,0,0,1,0,0.0,0.052515,0,0.0,0,401,0,0,0.2429,0.1123,GREEN,41,Chennai
CLM0010232,CHE_03553,Velachery,2024-11-18,18,0,0,0,0,0,0,0,0,0,0.0,0.276781,1,0.0,0,332,4,5,0.8303,0.1021,GREEN,54,Chennai
CLM0010233,CHE_01936,Anna Nagar,2023-12-24,13,0,0,0,0,0,0,0,0,0,0.0,0.167098,0,0.0,0,347,0,2,0.5653,0.0,GREEN,18,Chennai
CLM0010234,CHE_09897,Tambaram,2024-01-25,17,0,0,0,0,0,0,0,1,0,1.0,0.307413,0,0.0,0,148,2,3,0.5982,0.2269,GREEN,24,Chennai
CLM0010235,CHE_00461,T Nagar,2024-07-26,10,0,0,0,0,0,1,0,0,0,0.0,0.071072,0,1.0,0,420,0,0,0.98,0.0354,GREEN,31,Chennai
CLM0010236,CHE_09900,Sholinganallur,2023-08-15,8,0,0,0,0,0,0,0,0,0,0.0,0.423727,0,1.0,0,219,0,3,0.6173,0.1161,GREEN,45,Chennai
CLM0010237,CHE_07448,Perambur,2024-05-24,18,0,0,0,0,1,1,0,0,0,0.0,0.165477,0,0.0,0,420,2,1,0.8932,0.2997,GREEN,40,Chennai
CLM0010238,CHE_06160,Chromepet,2025-08-20,14,0,0,0,0,1,0,0,1,0,0.0,0.219899,0,0.0,0,81,0,0,0.6195,0.2059,GREEN,23,Chennai
CLM0010239,CHE_09065,Sholinganallur,2022-05-13,8,0,0,0,0,0,0,0,0,0,0.0,0.2259,0,0.0,0,210,4,2,0.5875,0.0736,GREEN,44,Chennai
CLM0010240,CHE_00246,Adyar,2025-07-03,7,0,0,0,0,0,0,0,0,0,0.0,0.234174,0,0.0,0,256,0,2,0.98,0.0084,GREEN,47,Chennai
CLM0010241,CHE_01616,Anna Nagar,2024-01-05,14,0,0,0,0,1,0,0,0,0,0.0,0.13523,0,0.0,0,278,1,2,0.6117,0.1546,GREEN,32,Chennai
CLM0010242,CHE_09391,Guindy,2025-01-21,12,0,0,0,0,0,0,0,0,0,0.0,0.272342,0,0.0,0,70,0,4,0.1698,0.0221,GREEN,37,Chennai
CLM0010243,CHE_00650,Tambaram,2024-05-27,20,0,0,0,0,0,0,0,0,0,0.0,0.263353,0,0.0,0,366,3,0,0.8011,0.0802,GREEN,34,Chennai
CLM0010244,CHE_07339,Anna Nagar,2022-11-20,10,0,0,0,0,0,0,0,0,0,0.0,0.141255,0,0.0,0,248,0,0,0.5031,0.0,GREEN,47,Chennai
CLM0010245,CHE_04846,T Nagar,2023-06-08,21,0,0,0,0,0,0,1,0,0,0.0,0.383728,0,0.0,0,360,3,1,0.8836,0.0893,GREEN,44,Chennai
CLM0010246,CHE_02611,Velachery,2022-10-21,13,0,0,0,0,0,0,0,0,0,0.0,0.111812,0,0.0,0,254,1,1,0.5125,0.0,GREEN,35,Chennai
CLM0010247,CHE_06696,Porur,2025-01-18,17,0,0,0,0,0,1,1,0,0,0.0,0.101758,0,0.0,0,244,3,2,0.1241,0.1426,GREEN,39,Chennai
CLM0010248,CHE_04679,Sholinganallur,2020-05-22,8,0,0,0,0,0,1,0,0,1,0.0,0.072278,0,0.0,0,176,2,7,0.8363,0.1829,GREEN,18,Chennai
CLM0010249,CHE_01860,T Nagar,2021-11-25,13,0,0,0,0,0,0,0,0,1,0.0,0.197725,0,0.0,0,267,4,3,0.846,0.0978,GREEN,35,Chennai
CLM0010250,CHE_05012,Adyar,2025-03-31,16,0,0,0,0,0,0,0,0,0,0.0,0.162676,0,0.0,0,169,0,1,0.6439,0.0,GREEN,21,Chennai
CLM0010251,CHE_09340,Chromepet,2024-05-06,18,0,0,0,0,0,0,0,0,0,0.0,0.339225,0,0.0,0,255,1,4,0.1262,0.0,GREEN,40,Chennai
CLM0010252,CHE_07928,Chromepet,2022-09-25,7,0,0,0,0,0,0,0,0,0,0.0,0.119632,0,0.0,0,101,2,1,0.6062,0.0,GREEN,35,Chennai
CLM0010253,CHE_04063,Sholinganallur,2024-08-31,14,0,0,0,0,0,0,0,0,0,0.0,0.385079,0,0.0,0,209,0,5,0.5751,0.0,GREEN,58,Chennai
CLM0010254,CHE_09119,Guindy,2024-06-23,14,0,0,0,0,0,0,0,0,0,0.0,0.0,0,0.0,0,287,3,2,0.5695,0.0,GREEN,36,Chennai
CLM0010255,CHE_04781,Tambaram,2025-01-28,12,0,0,0,0,0,0,0,0,0,0.0,0.308709,0,0.0,0,342,1,5,0.1564,0.0621,GREEN,34,Chennai
CLM0010256,CHE_06559,Velachery,2025-06-08,20,0,0,0,0,0,0,0,0,0,1.0,0.066102,0,0.0,0,403,3,4,0.8914,0.065,GREEN,39,Chennai
CLM0010257,CHE_04170,Sholinganallur,2025-05-24,17,0,0,0,0,0,0,0,0,0,0.0,0.168034,0,0.0,0,401,4,2,0.663,0.1351,GREEN,50,Chennai
CLM0010258,CHE_08261,Sholinganallur,2025-09-21,10,0,0,0,0,0,0,0,0,0,0.0,0.099065,0,0.0,0,287,0,3,0.312,0.0489,GREEN,22,Chennai
CLM0010259,CHE_04443,Sholinganallur,2025-11-10,11,0,0,0,0,0,0,1,0,0,0.0,0.272931,0,0.0,0,420,3,1,0.9176,0.1609,GREEN,41,Chennai
CLM0010260,CHE_09221,Anna Nagar,2024-04-13,16,0,0,0,0,0,0,0,0,0,0.0,0.301598,0,0.0,0,107,1,0,0.5687,0.0,GREEN,23,Chennai
CLM0010261,CHE_03707,Anna Nagar,2024-09-06,14,0,0,0,0,0,0,0,0,0,0.0,0.10787,0,0.0,0,420,0,0,0.7695,0.0,GREEN,49,Chennai
CLM0010262,CHE_03945,Anna Nagar,2025-02-17,13,0,0,0,0,0,0,0,0,0,0.0,0.982414,0,0.0,1,225,0,0,0.7302,0.0912,GREEN,45,Chennai
CLM0010263,CHE_07264,Velachery,2024-11-27,21,0,0,0,1,0,0,0,0,0,0.0,0.233306,0,0.0,0,420,4,0,0.7591,0.2693,GREEN,38,Chennai
CLM0010264,CHE_03386,Chromepet,2025-02-23,9,0,0,0,0,0,0,0,0,0,0.0,0.121344,0,0.0,0,70,2,3,0.8033,0.0768,GREEN,61,Chennai
CLM0010265,CHE_06614,Adyar,2023-09-18,8,0,0,0,0,0,0,0,0,0,0.0,0.268693,0,0.0,0,420,4,0,0.98,0.0287,GREEN,27,Chennai
CLM0010266,CHE_01245,Tambaram,2024-09-11,13,0,0,0,0,0,0,0,0,0,0.0,0.164352,0,0.0,0,121,0,4,0.1711,0.0891,GREEN,31,Chennai
CLM0010267,CHE_02807,Chromepet,2024-06-28,18,0,0,0,1,0,0,0,0,0,0.0,0.420898,0,0.0,1,131,1,3,0.6353,0.1763,GREEN,44,Chennai
CLM0010268,CHE_03540,Tambaram,2023-06-10,18,0,0,0,0,0,1,0,0,0,0.0,0.283727,0,0.0,0,377,4,4,0.05,0.1202,GREEN,38,Chennai
CLM0010269,CHE_00366,Porur,2024-09-30,19,0,0,0,0,0,0,1,0,0,0.0,0.120267,0,0.0,0,394,1,0,0.6083,0.0911,GREEN,51,Chennai
CLM0010270,CHE_03304,Chromepet,2025-03-08,21,0,0,0,0,0,0,0,0,0,0.0,0.449033,0,0.0,0,393,3,0,0.7513,0.032,GREEN,43,Chennai
CLM0010271,CHE_05586,T Nagar,2024-01-15,9,0,1,1,0,0,0,0,0,0,0.0,0.322267,0,0.0,0,174,3,1,0.8818,0.0,GREEN,28,Chennai
CLM0010272,CHE_06197,Sholinganallur,2024-02-17,7,0,0,0,0,0,0,0,0,0,0.0,0.124487,0,1.0,0,81,3,0,0.98,0.0594,GREEN,38,Chennai
CLM0010273,CHE_06644,Perambur,2024-03-25,16,0,0,0,0,0,1,1,0,0,0.0,0.339015,0,0.0,0,312,1,0,0.6664,0.1569,GREEN,25,Chennai
CLM0010274,CHE_08318,Perambur,2025-04-06,12,0,0,0,0,0,0,0,0,0,0.0,0.132663,0,0.0,0,152,4,2,0.1344,0.0,GREEN,57,Chennai
CLM0010275,CHE_07667,Porur,2023-12-13,19,0,0,0,0,0,0,0,1,0,0.0,0.421192,0,0.0,0,285,4,2,0.9242,0.1111,GREEN,45,Chennai
CLM0010276,CHE_00521,Guindy,2025-12-04,8,0,0,0,0,0,1,1,1,0,0.0,0.346922,0,0.0,0,399,3,0,0.6088,0.1902,GREEN,18,Chennai
CLM0010277,CHE_06923,Perambur,2025-07-20,14,0,0,0,0,0,0,1,0,0,0.0,0.30742,0,0.0,0,389,0,1,0.1447,0.0798,GREEN,37,Chennai
CLM0010278,CHE_01442,Porur,2020-11-27,9,0,0,0,0,0,0,0,0,0,0.0,0.38412,0,0.0,0,210,3,4,0.6712,0.0,GREEN,42,Chennai
CLM0010279,CHE_02296,Tambaram,2020-11-11,15,0,0,0,0,0,0,0,0,0,0.0,0.911017,0,0.0,0,406,0,6,0.8843,0.0,GREEN,44,Chennai
CLM0010280,CHE_01057,Perambur,2018-11-18,10,0,0,0,0,0,0,0,0,1,0.0,0.181669,0,0.0,0,132,4,0,0.5578,0.2094,GREEN,32,Chennai
CLM0010281,CHE_01903,T Nagar,2017-12-11,20,0,1,1,0,0,0,0,0,0,0.0,0.420947,0,0.0,0,148,3,3,0.6828,0.0283,GREEN,38,Chennai
CLM0010282,CHE_09307,Sholinganallur,2025-04-22,16,0,0,0,1,0,0,0,0,0,0.0,0.306018,0,0.0,0,399,1,2,0.6914,0.1827,GREEN,42,Chennai
CLM0010283,CHE_04069,T Nagar,2025-02-15,10,0,0,0,0,0,0,0,0,0,0.0,0.321892,0,0.0,0,420,2,1,0.8847,0.1059,GREEN,37,Chennai
CLM0010284,CHE_02567,Tambaram,2021-08-20,17,0,0,0,0,0,0,0,0,0,0.0,0.401978,0,1.0,0,297,3,4,0.7205,0.0816,GREEN,36,Chennai
CLM0010285,CHE_05957,Chromepet,2023-10-12,9,0,0,0,0,0,0,0,0,1,0.0,0.166788,0,0.0,0,247,4,7,0.8827,0.1022,GREEN,39,Chennai
CLM0010286,CHE_03002,Sholinganallur,2023-01-09,13,0,0,0,0,0,0,0,0,0,0.0,0.134087,0,0.0,0,420,4,1,0.9087,0.0,GREEN,54,Chennai
CLM0010287,CHE_02661,Perambur,2022-10-12,11,0,0,0,0,0,0,0,0,0,0.0,0.288637,0,0.0,0,259,2,5,0.4817,0.0,GREEN,43,Chennai
CLM0010288,CHE_02947,Porur,2018-11-30,14,0,0,0,1,0,0,0,0,0,0.0,0.35882,0,0.0,0,324,0,0,0.05,0.1728,GREEN,34,Chennai
CLM0010289,CHE_04571,Sholinganallur,2021-06-24,7,0,0,0,0,0,0,0,0,0,0.0,0.394622,0,0.0,0,328,1,2,0.8197,0.0232,GREEN,18,Chennai
CLM0010290,CHE_08224,Tambaram,2023-11-29,18,0,0,0,0,0,1,0,0,0,0.0,0.257869,0,0.0,0,319,3,0,0.6832,0.0897,GREEN,31,Chennai
CLM0010291,CHE_07681,Guindy,2024-04-20,7,0,0,0,0,0,0,0,0,0,0.0,0.143072,0,0.0,0,117,1,3,0.6376,0.0014,GREEN,28,Chennai
CLM0010292,CHE_07633,Velachery,2025-12-06,14,0,0,0,0,0,0,0,0,0,0.0,0.24687,0,0.0,0,69,4,5,0.7298,0.0664,GREEN,46,Chennai
CLM0010293,CHE_07474,Chromepet,2021-10-12,8,0,0,0,0,0,0,0,0,0,1.0,1.0,0,1.0,0,420,1,4,0.5166,0.1504,GREEN,27,Chennai
CLM0010294,CHE_00759,Anna Nagar,2020-10-29,18,0,0,0,0,0,0,0,0,0,1.0,0.281728,0,0.0,0,354,3,2,0.9291,0.0448,GREEN,27,Chennai
CLM0010295,CHE_05656,Chromepet,2025-07-11,11,0,0,0,0,0,0,0,0,0,0.0,0.172511,0,0.0,0,420,3,2,0.5525,0.1277,GREEN,44,Chennai
CLM0010296,CHE_09199,Adyar,2025-07-18,7,0,0,0,0,0,0,0,0,0,0.0,0.099736,0,0.0,0,420,3,0,0.5122,0.0403,GREEN,34,Chennai
CLM0010297,CHE_02291,Guindy,2024-03-25,19,0,0,0,0,0,0,0,0,1,0.0,1.0,0,0.0,0,420,3,3,0.2856,0.0845,GREEN,32,Chennai
CLM0010298,CHE_00584,Adyar,2025-09-03,18,0,0,0,0,0,0,0,0,0,0.0,0.500664,0,0.0,0,420,1,0,0.8951,0.0,GREEN,22,Chennai
CLM0010299,CHE_01801,Adyar,2025-07-06,13,0,0,0,0,0,0,0,0,0,0.0,0.940506,0,0.0,0,99,0,2,0.98,0.0033,GREEN,22,Chennai
CLM0010300,CHE_02060,Perambur,2024-07-01,18,0,0,0,0,0,0,0,0,0,0.0,0.06464,0,0.0,0,313,0,4,0.6535,0.0061,GREEN,44,Chennai
CLM0010301,CHE_01253,Adyar,2024-07-09,21,0,0,0,0,0,0,0,0,0,0.0,0.172601,0,0.0,0,273,4,3,0.4613,0.0531,GREEN,39,Chennai
CLM0010302,CHE_00320,T Nagar,2025-08-15,13,0,0,0,0,0,0,0,0,0,0.0,0.119684,0,0.0,0,180,2,5,0.8678,0.0,GREEN,39,Chennai
CLM0010303,CHE_05177,Chromepet,2025-04-27,12,0,0,0,0,0,0,0,0,0,0.0,0.267194,0,0.0,1,117,2,1,0.6939,0.0558,GREEN,48,Chennai
CLM0010304,CHE_04256,Guindy,2025-10-02,9,0,0,0,0,0,0,0,1,0,0.0,0.97707,0,0.0,1,308,1,1,0.5499,0.203,GREEN,34,Chennai
CLM0010305,CHE_09686,Chromepet,2024-12-19,16,0,0,0,0,0,0,0,0,0,0.0,0.080894,0,0.0,0,213,4,1,0.6087,0.0,GREEN,33,Chennai
CLM0010306,CHE_07649,Porur,2022-05-29,21,0,0,0,0,0,0,0,1,0,0.0,0.277629,0,0.0,0,400,2,1,0.98,0.0565,GREEN,35,Chennai
CLM0010307,CHE_03085,Guindy,2023-02-21,12,0,0,0,0,0,0,0,0,0,0.0,0.247173,0,0.0,0,229,2,1,0.8585,0.0014,GREEN,42,Chennai
CLM0010308,CHE_05501,Velachery,2025-05-15,10,0,0,0,0,1,0,0,0,0,0.0,0.179192,0,0.0,0,117,3,0,0.7685,0.0561,GREEN,42,Chennai
CLM0010309,CHE_03009,Sholinganallur,2025-03-11,16,0,0,0,0,0,1,1,0,0,0.0,0.191196,0,1.0,0,263,4,3,0.8061,0.1474,GREEN,30,Chennai
CLM0010310,CHE_04886,Chromepet,2025-10-24,7,0,0,0,0,0,0,0,0,0,0.0,0.321131,0,0.0,0,379,3,2,0.98,0.0,GREEN,41,Chennai
CLM0010311,CHE_07812,Sholinganallur,2025-12-12,11,0,0,0,0,0,1,0,0,0,0.0,0.110476,0,0.0,0,347,1,0,0.096,0.048,GREEN,43,Chennai
CLM0010312,CHE_07770,Velachery,2025-09-03,7,0,0,0,0,0,0,0,0,0,0.0,0.040209,0,0.0,0,13,0,1,0.8064,0.0578,GREEN,50,Chennai
CLM0010313,CHE_01002,T Nagar,2025-08-07,8,0,0,0,0,0,0,0,0,0,0.0,0.338472,0,0.0,0,335,1,2,0.98,0.0,GREEN,38,Chennai
CLM0010314,CHE_02065,Porur,2025-09-08,10,0,0,0,0,0,1,0,0,0,0.0,0.395293,0,0.0,0,288,1,2,0.1394,0.1006,GREEN,42,Chennai
CLM0010315,CHE_05513,Velachery,2025-11-02,15,0,1,1,0,0,0,0,0,0,0.0,0.202751,0,0.0,0,173,3,4,0.7385,0.0411,GREEN,34,Chennai
CLM0010316,CHE_02090,Adyar,2025-03-24,19,0,0,0,0,0,0,0,0,0,0.0,0.109983,0,0.0,1,420,2,3,0.803,0.0414,GREEN,46,Chennai
CLM0010317,CHE_01792,Tambaram,2025-01-02,16,0,0,0,1,0,0,0,1,0,0.0,0.300677,0,1.0,0,141,1,0,0.9356,0.2554,GREEN,42,Chennai
CLM0010318,CHE_02661,Perambur,2024-12-20,19,0,1,1,0,0,0,1,0,0,0.0,0.121983,0,0.0,0,375,3,0,0.5982,0.0684,GREEN,43,Chennai
CLM0010319,CHE_00777,Perambur,2025-10-19,13,0,0,0,0,0,1,0,0,0,0.0,0.466079,1,0.0,0,420,1,3,0.6571,0.1628,GREEN,49,Chennai
CLM0010320,CHE_06582,Guindy,2020-05-17,17,0,0,0,0,0,0,0,0,0,0.0,0.354706,0,0.0,0,38,2,0,0.4587,0.0,GREEN,27,Chennai
CLM0010321,CHE_02660,Anna Nagar,2022-08-16,7,0,1,1,0,0,0,0,0,0,1.0,0.088067,0,0.0,0,420,4,1,0.6396,0.1176,GREEN,36,Chennai
CLM0010322,CHE_01458,Perambur,2022-02-23,10,0,0,0,1,0,1,1,1,0,1.0,0.997523,0,1.0,1,15,3,18,0.9136,0.0451,GREEN,37,Chennai
CLM0010323,CHE_00062,T Nagar,2024-04-23,21,0,0,0,0,0,1,0,0,0,0.0,0.503621,0,0.0,0,191,1,5,0.6111,0.0981,GREEN,47,Chennai
CLM0010324,CHE_02230,Velachery,2019-03-31,10,0,0,0,0,0,0,1,0,0,0.0,0.027106,0,0.0,0,116,2,2,0.98,0.0761,GREEN,46,Chennai
CLM0010325,CHE_09490,Adyar,2025-11-28,16,0,0,0,0,0,0,0,0,0,1.0,0.158181,0,0.0,0,234,3,3,0.5739,0.0405,GREEN,33,Chennai
CLM0010326,CHE_03524,Anna Nagar,2019-08-18,13,0,0,0,0,0,0,0,0,0,0.0,0.993648,0,0.0,0,255,0,0,0.98,0.0191,GREEN,39,Chennai
CLM0010327,CHE_01365,Porur,2024-10-03,14,0,0,0,0,0,0,0,0,0,0.0,0.294683,0,0.0,0,107,4,4,0.1756,0.0,GREEN,51,Chennai
CLM0010328,CHE_06678,Chromepet,2022-10-07,7,0,0,0,0,0,0,0,0,0,0.0,0.311353,0,0.0,0,135,1,2,0.7629,0.0128,GREEN,35,Chennai
CLM0010329,CHE_01723,Sholinganallur,2023-02-28,19,0,0,0,1,0,0,0,0,0,0.0,0.270728,0,0.0,0,104,0,0,0.1027,0.0839,GREEN,44,Chennai
CLM0010330,CHE_08517,Porur,2025-08-26,9,0,0,0,0,1,1,0,0,0,1.0,0.342182,0,0.0,0,346,0,0,0.2974,0.0113,GREEN,44,Chennai
CLM0010331,CHE_07252,Porur,2023-10-08,16,0,0,0,1,0,0,0,1,0,0.0,0.906001,0,0.0,0,327,1,3,0.354,0.2244,GREEN,46,Chennai
CLM0010332,CHE_09932,Adyar,2022-09-14,14,0,1,1,0,0,0,0,0,0,0.0,0.974604,0,0.0,0,142,1,2,0.7871,0.0823,GREEN,40,Chennai
CLM0010333,CHE_01751,Velachery,2025-02-12,10,0,0,0,0,0,0,0,0,0,0.0,0.023958,0,0.0,0,245,1,0,0.2414,0.0,GREEN,29,Chennai
CLM0010334,CHE_01517,Perambur,2017-03-14,13,0,0,0,0,0,0,0,0,0,0.0,0.357991,0,0.0,0,339,4,0,0.5529,0.0,GREEN,56,Chennai
CLM0010335,CHE_05386,Tambaram,2022-01-03,15,0,0,0,0,0,0,0,0,0,0.0,0.19857,0,0.0,0,95,4,3,0.5957,0.0,GREEN,48,Chennai
CLM0010336,CHE_00749,Guindy,2020-08-21,17,0,0,0,0,0,0,0,0,1,0.0,0.005115,0,0.0,0,420,2,2,0.4973,0.0667,GREEN,18,Chennai
CLM0010337,CHE_02782,Velachery,2024-07-06,9,0,0,0,0,0,0,0,0,0,0.0,0.369851,0,0.0,0,175,1,4,0.8355,0.0,GREEN,36,Chennai
CLM0010338,CHE_05167,T Nagar,2025-12-17,9,0,0,0,0,0,0,0,0,0,0.0,0.193837,0,0.0,0,17,2,3,0.4354,0.0,GREEN,20,Chennai
CLM0010339,CHE_01499,Perambur,2024-07-15,15,0,0,0,0,0,0,0,0,0,1.0,0.992414,0,1.0,0,192,4,5,0.8966,0.0356,GREEN,50,Chennai
CLM0010340,CHE_09997,Velachery,2025-03-14,21,0,0,0,0,0,1,0,0,0,0.0,0.0,0,0.0,0,392,2,1,0.6403,0.1762,GREEN,49,Chennai
CLM0010341,CHE_07011,Adyar,2024-01-17,11,0,0,0,0,0,0,0,1,0,0.0,0.258417,0,1.0,0,413,0,6,0.98,0.1934,GREEN,43,Chennai
CLM0010342,CHE_07185,Chromepet,2025-01-29,16,0,0,0,0,0,0,0,0,1,0.0,0.144477,0,0.0,0,379,2,2,0.0994,0.0809,GREEN,43,Chennai
CLM0010343,CHE_02418,Chromepet,2024-12-08,11,0,0,0,1,0,0,0,0,0,0.0,0.115886,0,0.0,0,190,1,0,0.1993,0.2114,GREEN,34,Chennai
CLM0010344,CHE_01238,Anna Nagar,2025-01-10,7,0,0,0,0,0,1,0,0,0,0.0,0.363476,0,0.0,0,90,0,4,0.98,0.1465,GREEN,32,Chennai
CLM0010345,CHE_03907,T Nagar,2024-04-05,18,0,0,0,0,0,0,1,0,1,0.0,0.363904,0,1.0,0,420,1,1,0.1361,0.1204,GREEN,31,Chennai
CLM0010346,CHE_08182,Anna Nagar,2019-11-08,21,0,0,0,0,0,0,0,0,0,0.0,1.0,0,0.0,0,173,3,1,0.6112,0.0872,GREEN,40,Chennai
CLM0010347,CHE_02806,Velachery,2025-05-23,16,0,0,0,0,0,1,0,0,0,0.0,0.384923,0,0.0,0,92,0,1,0.935,0.1307,GREEN,33,Chennai
CLM0010348,CHE_05248,Velachery,2025-07-28,12,0,0,0,0,0,0,0,0,0,0.0,0.264188,0,0.0,0,111,3,2,0.1651,0.0,GREEN,43,Chennai
CLM0010349,CHE_09388,Tambaram,2021-03-28,16,0,0,0,0,0,0,0,0,0,0.0,0.097463,0,0.0,0,420,1,1,0.541,0.0,GREEN,41,Chennai
CLM0010350,CHE_03090,Perambur,2022-08-22,19,0,0,0,0,0,0,0,0,0,0.0,1.0,0,0.0,0,167,4,1,0.8373,0.0865,GREEN,49,Chennai
CLM0010351,CHE_06131,Adyar,2022-12-28,12,0,0,0,0,1,0,0,0,0,0.0,0.131428,0,0.0,0,177,4,0,0.439,0.1076,GREEN,36,Chennai
CLM0010352,CHE_01502,Chromepet,2017-10-19,18,0,0,0,0,0,0,0,0,0,0.0,0.0,0,0.0,0,146,2,3,0.98,0.0,GREEN,34,Chennai
CLM0010353,CHE_01562,Chromepet,2017-04-16,16,0,0,0,0,0,0,0,0,0,0.0,0.016776,0,0.0,0,174,1,2,0.9232,0.0,GREEN,42,Chennai
CLM0010354,CHE_00751,Velachery,2019-06-26,12,0,0,0,0,0,0,0,1,0,0.0,0.125929,0,0.0,1,353,1,2,0.945,0.0739,GREEN,29,Chennai
CLM0010355,CHE_01901,Porur,2018-12-29,21,0,0,0,0,0,0,0,0,0,0.0,0.272897,0,0.0,0,56,2,0,0.5615,0.0,GREEN,67,Chennai
CLM0010356,CHE_08298,Perambur,2023-06-07,20,0,0,0,0,0,0,0,0,0,0.0,0.0,0,0.0,0,332,3,2,0.5337,0.0,GREEN,41,Chennai
CLM0010357,CHE_06765,Perambur,2025-10-10,8,0,1,1,0,0,0,1,0,0,0.0,0.230322,0,0.0,0,311,0,7,0.8291,0.0567,GREEN,40,Chennai
CLM0010358,CHE_03133,T Nagar,2019-07-28,16,0,0,0,1,1,1,1,1,1,1.0,1.0,0,0.0,1,5,0,18,0.05,0.0502,GREEN,40,Chennai
CLM0010359,CHE_01513,T Nagar,2023-04-18,7,0,0,0,0,0,1,0,0,0,0.0,0.297471,0,0.0,0,420,3,1,0.6724,0.0881,GREEN,50,Chennai
CLM0010360,CHE_01855,Anna Nagar,2021-07-23,10,0,0,0,0,0,0,0,0,0,0.0,0.227926,0,0.0,0,13,2,3,0.5269,0.0,GREEN,43,Chennai
CLM0010361,CHE_05834,Chromepet,2021-10-21,10,0,0,0,0,0,0,0,0,0,0.0,0.321468,0,0.0,0,83,0,1,0.5047,0.0126,GREEN,40,Chennai
CLM0010362,CHE_02160,Guindy,2022-01-08,17,0,0,0,0,0,0,0,0,0,0.0,0.337351,0,0.0,0,420,1,3,0.0856,0.0557,GREEN,56,Chennai
CLM0010363,CHE_08502,Guindy,2023-01-15,10,0,0,0,0,0,0,0,0,0,1.0,0.092966,0,0.0,1,61,0,0,0.6519,0.1581,GREEN,60,Chennai
CLM0010364,CHE_05529,Adyar,2020-12-30,13,0,0,0,0,0,0,0,0,0,0.0,0.163187,0,0.0,0,103,2,2,0.8336,0.0,GREEN,39,Chennai
CLM0010365,CHE_05182,T Nagar,2021-10-10,21,0,0,0,0,0,0,0,0,0,0.0,0.175958,0,0.0,0,31,0,4,0.6574,0.0,GREEN,34,Chennai
CLM0010366,CHE_04225,T Nagar,2019-03-26,12,0,0,0,1,0,0,0,0,0,0.0,0.018104,0,0.0,0,216,1,2,0.8884,0.1344,GREEN,36,Chennai
CLM0010367,CHE_08644,Porur,2019-05-12,20,0,0,0,0,0,0,0,0,0,0.0,0.326118,0,0.0,0,195,2,0,0.8112,0.0,GREEN,36,Chennai
CLM0010368,CHE_00968,Guindy,2020-06-24,13,0,0,0,0,0,1,0,0,0,0.0,0.106043,0,0.0,0,214,2,2,0.3268,0.149,GREEN,40,Chennai
CLM0010369,CHE_02324,Sholinganallur,2019-05-10,14,0,0,0,0,0,1,0,0,0,1.0,1.0,0,0.0,0,72,4,2,0.6477,0.1855,GREEN,18,Chennai
CLM0010370,CHE_04491,Anna Nagar,2019-11-18,12,0,0,0,0,0,0,0,1,0,0.0,0.123266,0,0.0,0,163,2,1,0.9693,0.2132,GREEN,45,Chennai
CLM0010371,CHE_04932,T Nagar,2025-10-11,12,0,0,0,0,0,0,0,0,0,0.0,0.314835,0,0.0,0,98,4,0,0.5896,0.0055,GREEN,19,Chennai
CLM0010372,CHE_08307,Perambur,2021-07-08,17,0,0,0,0,0,0,0,0,0,0.0,0.145494,0,0.0,0,122,0,7,0.98,0.0382,GREEN,35,Chennai
CLM0010373,CHE_07007,Sholinganallur,2023-12-02,14,0,0,0,0,0,0,0,0,0,0.0,0.899956,0,0.0,0,133,0,2,0.5993,0.0381,GREEN,28,Chennai
CLM0010374,CHE_09332,Perambur,2023-06-28,9,0,0,0,0,0,0,0,0,0,0.0,0.11705,0,0.0,0,420,1,6,0.6623,0.023,GREEN,40,Chennai
CLM0010375,CHE_06350,Sholinganallur,2025-04-20,17,0,0,0,0,0,0,1,0,0,0.0,0.089132,0,0.0,0,144,0,2,0.906,0.0787,GREEN,26,Chennai
CLM0010376,CHE_09473,T Nagar,2024-01-28,10,0,0,0,0,0,0,0,0,0,0.0,0.374426,0,0.0,0,291,0,6,0.7536,0.0,GREEN,41,Chennai
CLM0010377,CHE_04195,Porur,2024-03-31,7,0,0,0,0,0,0,0,0,0,0.0,0.180507,0,0.0,0,414,2,2,0.8851,0.0877,GREEN,27,Chennai
CLM0010378,CHE_01595,T Nagar,2024-10-30,10,0,0,0,0,1,0,0,0,0,0.0,0.143081,0,0.0,0,167,3,0,0.8847,0.1636,GREEN,30,Chennai
CLM0010379,CHE_09511,Chromepet,2025-01-30,11,0,0,0,0,0,0,0,0,0,0.0,0.401829,1,0.0,0,420,4,0,0.98,0.1422,GREEN,50,Chennai
CLM0010380,CHE_09571,Velachery,2024-01-21,10,0,0,0,0,0,0,0,0,1,0.0,0.203887,0,0.0,0,157,0,4,0.5838,0.1317,GREEN,46,Chennai
CLM0010381,CHE_01889,Adyar,2025-05-01,19,0,0,0,0,0,0,0,0,0,0.0,0.35567,0,0.0,0,98,3,5,0.5685,0.0,GREEN,39,Chennai
CLM0010382,CHE_04967,Chromepet,2025-07-11,12,0,0,0,0,0,0,1,0,0,0.0,0.179231,0,0.0,0,413,2,0,0.4913,0.0331,GREEN,47,Chennai
CLM0010383,CHE_00205,Perambur,2025-12-01,16,0,0,0,0,0,0,0,0,0,0.0,0.062613,0,0.0,0,249,0,2,0.7982,0.0178,GREEN,42,Chennai
CLM0010384,CHE_01848,Porur,2018-12-17,20,0,0,0,0,0,0,0,0,0,0.0,0.931107,0,0.0,0,412,4,2,0.7525,0.0567,GREEN,32,Chennai
CLM0010385,CHE_08640,Guindy,2020-10-14,20,0,0,0,0,0,0,0,0,0,0.0,0.239849,0,0.0,0,105,1,0,0.9778,0.0605,GREEN,34,Chennai
CLM0010386,CHE_06324,Velachery,2025-04-18,10,0,0,0,0,0,0,0,0,0,0.0,0.050793,0,0.0,0,406,1,3,0.4437,0.0,GREEN,36,Chennai
CLM0010387,CHE_01013,Chromepet,2021-02-08,20,0,0,0,0,0,0,0,0,0,0.0,1.0,0,0.0,0,411,0,3,0.0601,0.0064,GREEN,41,Chennai
CLM0010388,CHE_00953,Sholinganallur,2025-06-24,17,0,0,0,0,0,0,0,0,0,0.0,0.146492,0,0.0,0,346,3,0,0.66,0.0512,GREEN,46,Chennai
CLM0010389,CHE_01688,Perambur,2022-08-05,15,0,0,0,1,1,1,1,1,1,1.0,1.0,0,1.0,1,20,2,18,0.1651,0.1042,GREEN,43,Chennai
CLM0010390,CHE_04853,Anna Nagar,2021-07-29,13,0,0,0,0,0,0,0,0,0,1.0,0.0,0,1.0,0,318,2,2,0.8775,0.1375,GREEN,55,Chennai
CLM0010391,CHE_01844,Tambaram,2023-05-18,7,0,0,0,0,0,0,0,0,0,0.0,0.312548,0,0.0,0,420,3,3,0.502,0.0249,GREEN,58,Chennai
CLM0010392,CHE_07875,Chromepet,2023-11-18,19,0,0,0,0,0,0,0,0,0,0.0,0.262804,0,0.0,0,309,1,0,0.7756,0.0199,GREEN,26,Chennai
CLM0010393,CHE_04386,T Nagar,2021-09-09,14,0,0,0,0,0,0,0,0,0,0.0,0.262948,0,0.0,0,420,1,2,0.8141,0.0,GREEN,40,Chennai
CLM0010394,CHE_08642,Tambaram,2025-01-18,18,0,0,0,0,0,0,0,0,0,0.0,0.077733,0,0.0,0,411,3,3,0.6784,0.0141,GREEN,37,Chennai
CLM0010395,CHE_06940,Velachery,2023-01-29,8,0,0,0,0,0,0,0,0,0,0.0,0.332491,0,0.0,1,125,1,2,0.4933,0.0684,GREEN,57,Chennai
CLM0010396,CHE_00343,Sholinganallur,2022-04-05,7,0,0,0,0,0,1,0,0,0,0.0,0.077841,0,0.0,0,31,2,1,0.1732,0.0,GREEN,50,Chennai
CLM0010397,CHE_00212,T Nagar,2019-12-25,10,1,1,1,0,0,0,0,0,0,0.0,0.206953,0,0.0,0,189,3,1,0.5622,0.0648,GREEN,52,Chennai
CLM0010398,CHE_04859,Chromepet,2024-11-21,21,0,0,0,0,0,0,1,0,0,0.0,0.278935,0,1.0,0,53,3,1,0.9643,0.0645,GREEN,47,Chennai
CLM0010399,CHE_05672,Sholinganallur,2025-12-29,7,0,0,0,0,0,1,0,0,0,0.0,1.0,0,0.0,0,256,0,2,0.3257,0.1101,GREEN,41,Chennai
CLM0010400,CHE_02515,Anna Nagar,2024-11-09,13,0,0,0,0,1,0,0,0,1,0.0,0.005763,0,0.0,0,25,0,0,0.4972,0.1662,GREEN,58,Chennai
CLM0010401,CHE_06392,Guindy,2024-12-17,16,0,0,0,0,0,1,0,0,0,0.0,0.268105,0,0.0,0,135,3,4,0.6332,0.0726,GREEN,37,Chennai
CLM0010402,CHE_04629,T Nagar,2024-07-24,11,0,0,0,0,0,0,0,0,0,0.0,1.0,0,0.0,0,340,3,2,0.8455,0.1348,GREEN,30,Chennai
CLM0010403,CHE_06843,Perambur,2025-06-15,9,0,0,0,0,0,0,0,0,0,0.0,0.373046,1,1.0,0,252,2,3,0.7198,0.1507,GREEN,51,Chennai
CLM0010404,CHE_05381,Anna Nagar,2024-11-19,15,0,0,0,0,0,0,0,0,0,0.0,0.149836,0,0.0,0,420,2,5,0.5238,0.0347,GREEN,30,Chennai
CLM0010405,CHE_02755,Velachery,2025-04-10,20,0,0,0,0,0,0,0,0,0,0.0,0.090346,0,0.0,0,133,2,0,0.6518,0.0,GREEN,35,Chennai
CLM0010406,CHE_03384,Velachery,2024-07-17,16,0,0,0,0,0,0,0,0,0,0.0,0.337878,0,0.0,0,411,3,0,0.789,0.0243,GREEN,43,Chennai
CLM0010407,CHE_08034,Chromepet,2025-01-16,9,0,0,0,0,0,0,1,0,0,0.0,0.072009,0,0.0,0,290,0,2,0.9249,0.0751,GREEN,51,Chennai
CLM0010408,CHE_07135,Adyar,2025-02-28,10,0,0,0,0,0,0,0,0,0,0.0,0.239833,0,0.0,0,255,0,0,0.05,0.0899,GREEN,43,Chennai
CLM0010409,CHE_02550,Anna Nagar,2025-07-05,20,0,0,0,0,0,0,0,0,0,0.0,0.209066,0,0.0,0,179,1,1,0.5714,0.0352,GREEN,38,Chennai
CLM0010410,CHE_01612,Anna Nagar,2024-09-10,16,0,0,0,0,0,0,0,0,0,1.0,0.397701,0,0.0,0,290,0,1,0.7706,0.1471,GREEN,22,Chennai
CLM0010411,CHE_00732,Perambur,2021-11-24,18,0,0,0,0,0,0,0,0,0,1.0,0.179932,1,0.0,0,64,4,3,0.698,0.1411,GREEN,30,Chennai
CLM0010412,CHE_03666,Perambur,2021-04-26,11,0,0,0,0,0,0,0,1,0,0.0,0.224254,0,0.0,0,111,1,1,0.0732,0.0066,GREEN,39,Chennai
CLM0010413,CHE_02485,Guindy,2022-04-04,10,0,0,0,0,0,0,0,0,0,1.0,0.314394,0,0.0,0,200,3,6,0.5871,0.0205,GREEN,33,Chennai
CLM0010414,CHE_02866,Adyar,2024-05-27,14,0,0,0,0,0,1,0,0,0,0.0,0.24303,0,0.0,0,420,1,2,0.5384,0.0341,GREEN,36,Chennai
CLM0010415,CHE_05439,Perambur,2022-12-27,21,0,0,0,0,0,0,0,0,0,0.0,0.373771,0,0.0,0,138,0,4,0.5498,0.0,GREEN,18,Chennai
CLM0010416,CHE_00232,Tambaram,2023-08-26,10,0,0,0,0,0,0,0,0,0,0.0,0.987232,0,0.0,0,67,0,2,0.396,0.0,GREEN,32,Chennai
CLM0010417,CHE_07556,Adyar,2024-10-21,18,0,0,0,0,0,0,0,0,0,0.0,0.080906,0,0.0,0,270,4,2,0.773,0.0,GREEN,45,Chennai
CLM0010418,CHE_05692,Porur,2024-06-26,11,0,0,0,0,1,0,0,0,0,0.0,1.0,1,0.0,0,389,4,2,0.98,0.2088,GREEN,29,Chennai
CLM0010419,CHE_05290,Chromepet,2024-05-24,8,0,0,0,0,0,0,0,0,0,0.0,0.34146,0,0.0,0,420,3,2,0.98,0.0222,GREEN,36,Chennai
CLM0010420,CHE_05138,Sholinganallur,2022-07-11,16,0,0,0,0,1,0,0,0,0,0.0,0.19139,0,0.0,0,387,1,4,0.8509,0.1029,GREEN,50,Chennai
CLM0010421,CHE_07208,Chromepet,2025-10-05,10,0,0,0,0,0,0,1,0,0,1.0,0.30267,0,0.0,0,420,4,0,0.9662,0.129,GREEN,39,Chennai
CLM0010422,CHE_09411,Tambaram,2022-03-23,11,0,0,0,0,0,0,0,0,0,0.0,0.396218,0,0.0,0,118,4,7,0.6608,0.0,GREEN,21,Chennai
CLM0010423,CHE_07692,Porur,2022-10-22,20,0,0,0,0,0,0,0,0,0,0.0,0.045516,0,0.0,0,141,4,4,0.98,0.0,GREEN,41,Chennai
CLM0010424,CHE_04376,Porur,2024-11-19,10,0,0,0,0,0,0,0,0,0,0.0,0.046376,0,0.0,0,420,4,4,0.979,0.0462,GREEN,44,Chennai
CLM0010425,CHE_07283,T Nagar,2024-03-01,9,0,0,0,0,0,0,0,0,0,0.0,0.968493,0,0.0,0,374,3,4,0.805,0.093,GREEN,51,Chennai
CLM0010426,CHE_05792,Adyar,2025-08-04,19,0,0,0,0,0,0,0,0,0,0.0,0.22569,0,0.0,0,420,4,3,0.8372,0.0,GREEN,44,Chennai
CLM0010427,CHE_08613,Guindy,2024-09-13,10,0,0,0,0,0,1,0,0,0,0.0,0.999567,0,0.0,0,180,0,4,0.8636,0.1364,GREEN,38,Chennai
CLM0010428,CHE_00656,Porur,2025-12-21,20,0,0,0,0,0,0,0,0,0,0.0,0.0,0,0.0,0,5,0,5,0.5605,0.0069,GREEN,20,Chennai
CLM0010429,CHE_02336,Porur,2024-01-31,14,0,0,0,0,0,0,1,0,0,0.0,0.236822,0,0.0,0,294,3,5,0.067,0.1207,GREEN,41,Chennai
CLM0010430,CHE_04727,Adyar,2025-03-27,10,0,0,0,0,0,0,0,0,0,0.0,0.05744,0,0.0,0,203,0,4,0.5548,0.0095,GREEN,27,Chennai
CLM0010431,CHE_00296,Porur,2025-05-27,8,0,0,0,0,0,0,0,0,0,0.0,0.107942,0,0.0,0,420,1,0,0.6994,0.0171,GREEN,40,Chennai
CLM0010432,CHE_01942,Chromepet,2024-07-24,7,0,0,0,0,0,1,0,0,1,0.0,0.073139,0,0.0,0,312,3,1,0.9775,0.3231,YELLOW,43,Chennai
CLM0010433,CHE_04744,Guindy,2025-12-27,17,0,0,0,0,0,0,0,1,0,0.0,1.0,0,0.0,0,293,4,0,0.5741,0.0,GREEN,35,Chennai
CLM0010434,CHE_03437,Chromepet,2023-11-29,10,0,0,0,0,0,0,0,0,0,1.0,0.130619,0,0.0,0,383,0,4,0.98,0.0655,GREEN,55,Chennai
CLM0010435,CHE_07684,Sholinganallur,2025-09-09,14,0,0,0,0,0,0,0,0,0,0.0,0.941688,0,0.0,0,365,1,6,0.05,0.0,GREEN,35,Chennai
CLM0010436,CHE_05809,Perambur,2025-02-21,20,0,0,0,0,0,0,0,0,0,0.0,0.400525,0,0.0,0,330,2,8,0.05,0.0356,GREEN,18,Chennai
CLM0010437,CHE_06569,Anna Nagar,2025-04-05,13,0,0,0,0,0,0,0,1,0,0.0,0.306335,0,0.0,0,420,3,1,0.5462,0.2014,GREEN,50,Chennai
CLM0010438,CHE_09381,Adyar,2024-09-19,10,0,0,0,0,0,0,0,1,0,0.0,0.309857,0,0.0,0,46,1,4,0.4435,0.1464,GREEN,18,Chennai
CLM0010439,CHE_00795,Perambur,2024-09-13,13,0,0,0,0,0,0,0,0,0,0.0,0.037372,0,0.0,0,314,4,2,0.5925,0.0,GREEN,32,Chennai
CLM0010440,CHE_03953,T Nagar,2025-06-07,14,0,0,0,0,0,0,0,0,0,0.0,0.07547,0,0.0,0,420,1,5,0.05,0.0219,GREEN,39,Chennai
CLM0010441,CHE_00922,Porur,2025-10-20,14,0,0,0,0,0,0,0,0,0,0.0,0.031085,0,0.0,0,420,3,0,0.7457,0.0032,GREEN,25,Chennai
CLM0010442,CHE_00164,Perambur,2024-09-07,9,0,0,0,0,0,0,0,0,0,0.0,0.224105,0,0.0,0,76,1,5,0.7572,0.0,GREEN,47,Chennai
CLM0010443,CHE_05551,Sholinganallur,2025-01-19,7,0,0,0,1,1,0,1,0,1,1.0,0.969496,1,1.0,0,25,0,18,0.7927,0.0351,GREEN,33,Chennai
CLM0010444,CHE_01556,Anna Nagar,2025-12-09,14,0,0,0,0,1,0,0,1,0,0.0,0.942545,0,0.0,0,56,0,5,0.7617,0.1271,GREEN,44,Chennai
CLM0010445,CHE_01412,Porur,2025-08-15,16,0,0,0,1,0,0,0,0,0,1.0,1.0,0,1.0,0,208,4,1,0.98,0.1656,GREEN,55,Chennai
CLM0010446,CHE_05746,Adyar,2025-04-18,19,0,0,0,0,0,0,0,0,0,0.0,0.385456,0,0.0,0,372,3,0,0.85,0.0,GREEN,54,Chennai
CLM0010447,CHE_06897,Chromepet,2022-11-11,17,0,0,0,0,0,0,0,0,0,0.0,0.197178,0,0.0,0,59,4,3,0.8933,0.0,GREEN,35,Chennai
CLM0010448,CHE_07607,Porur,2017-12-09,9,0,0,0,0,0,1,0,0,1,0.0,0.276009,0,0.0,0,420,1,2,0.7776,0.2318,GREEN,39,Chennai
CLM0010449,CHE_06977,T Nagar,2023-05-18,18,0,0,0,0,0,0,0,0,0,0.0,0.222646,0,0.0,0,284,1,5,0.5671,0.0476,GREEN,41,Chennai
CLM0010450,CHE_03541,T Nagar,2016-03-23,19,0,0,0,0,0,0,0,0,0,0.0,0.111411,0,0.0,0,239,0,2,0.7937,0.0012,GREEN,38,Chennai
CLM0010451,CHE_03165,Anna Nagar,2021-06-05,14,0,0,0,1,0,0,1,0,0,0.0,0.300859,0,0.0,1,78,2,3,0.98,0.1966,GREEN,32,Chennai
CLM0010452,CHE_00978,Porur,2019-01-18,12,0,0,0,0,0,1,0,0,0,1.0,0.064201,0,0.0,0,55,4,0,0.3459,0.2043,GREEN,23,Chennai
CLM0010453,CHE_05138,Sholinganallur,2020-02-25,21,0,0,0,0,0,0,0,0,0,0.0,0.284374,0,0.0,0,210,0,0,0.8157,0.0,GREEN,50,Chennai
CLM0010454,CHE_05469,Porur,2017-11-18,21,0,0,0,0,0,0,0,0,0,0.0,0.312753,0,0.0,0,135,4,4,0.4966,0.0,GREEN,48,Chennai
CLM0010455,CHE_06134,Perambur,2023-12-08,13,0,0,0,0,0,0,0,1,0,0.0,0.285954,0,0.0,0,139,1,4,0.6155,0.0746,GREEN,46,Chennai
CLM0010456,CHE_09559,T Nagar,2025-06-04,11,0,0,0,0,0,1,1,0,0,0.0,0.017692,0,0.0,0,201,4,2,0.717,0.1855,GREEN,18,Chennai
CLM0010457,CHE_01068,Sholinganallur,2018-12-10,14,0,0,0,0,0,0,0,0,0,0.0,0.11566,0,0.0,0,155,3,6,0.5148,0.0,GREEN,47,Chennai
CLM0010458,CHE_07498,Guindy,2020-04-30,8,0,0,0,0,0,1,1,1,0,0.0,0.842404,0,0.0,1,6,1,18,0.8378,0.0,GREEN,44,Chennai
CLM0010459,CHE_03055,T Nagar,2024-08-27,13,0,1,1,0,0,0,0,0,0,0.0,0.263735,0,1.0,0,233,4,0,0.5086,0.0243,GREEN,52,Chennai
CLM0010460,CHE_05059,Chromepet,2022-03-09,8,0,0,0,0,0,1,0,0,0,0.0,0.083558,0,0.0,0,221,1,5,0.7111,0.1221,GREEN,27,Chennai
CLM0010461,CHE_06027,Perambur,2018-11-30,15,0,0,0,0,0,0,0,0,0,0.0,0.444438,0,0.0,0,420,4,4,0.4317,0.0029,GREEN,38,Chennai
CLM0010462,CHE_03665,Porur,2019-03-06,20,0,0,0,0,0,0,0,0,0,0.0,0.495228,0,0.0,0,117,1,3,0.4719,0.0641,GREEN,47,Chennai
CLM0010463,CHE_03003,Velachery,2022-09-22,19,0,0,0,0,0,1,0,0,1,0.0,0.0,0,0.0,0,179,1,3,0.7303,0.293,GREEN,24,Chennai
CLM0010464,CHE_05828,Sholinganallur,2018-02-15,19,0,0,0,0,0,0,1,0,0,0.0,0.267345,0,0.0,0,327,1,3,0.7362,0.0,GREEN,45,Chennai
CLM0010465,CHE_05297,Adyar,2019-03-28,17,0,0,0,0,0,0,0,0,0,0.0,0.121393,0,0.0,1,18,4,0,0.4476,0.0626,GREEN,33,Chennai
CLM0010466,CHE_08841,Chromepet,2025-04-12,15,0,0,0,0,0,0,0,0,0,1.0,0.108665,0,0.0,0,333,3,0,0.3948,0.2022,GREEN,41,Chennai
CLM0010467,CHE_00782,Sholinganallur,2022-05-25,20,0,0,0,0,0,0,0,0,0,0.0,1.0,0,1.0,0,71,2,0,0.6203,0.0309,GREEN,34,Chennai
CLM0010468,CHE_00788,Sholinganallur,2022-03-25,19,0,0,0,0,0,0,0,1,0,1.0,0.310671,0,0.0,1,308,4,0,0.476,0.1784,GREEN,42,Chennai
CLM0010469,CHE_08954,Porur,2021-07-14,21,0,0,0,0,0,0,0,0,0,0.0,0.433437,0,0.0,0,167,0,3,0.5421,0.0,GREEN,44,Chennai
CLM0010470,CHE_04342,Perambur,2025-05-14,14,0,0,0,0,0,0,0,0,0,0.0,0.0,0,0.0,0,420,1,5,0.2195,0.0881,GREEN,41,Chennai
CLM0010471,CHE_09489,Porur,2023-09-04,13,0,0,0,0,0,0,0,0,0,0.0,0.980355,0,0.0,0,330,4,3,0.1412,0.0368,GREEN,36,Chennai
CLM0010472,CHE_09794,Chromepet,2021-02-28,8,0,0,0,1,1,0,1,1,0,0.0,0.379128,1,1.0,0,5,0,18,0.434,0.0732,GREEN,34,Chennai
CLM0010473,CHE_07243,Chromepet,2022-10-08,17,0,0,0,0,0,0,1,0,0,0.0,0.218821,0,0.0,0,405,1,1,0.619,0.0,GREEN,36,Chennai
CLM0010474,CHE_04571,Sholinganallur,2019-11-01,15,0,0,0,1,1,0,1,0,1,0.0,0.948227,0,0.0,1,33,4,18,0.1967,0.0,GREEN,18,Chennai
CLM0010475,CHE_01846,Sholinganallur,2019-08-10,14,0,0,0,0,0,0,0,0,0,0.0,0.216931,0,0.0,0,20,1,0,0.8781,0.0,GREEN,26,Chennai
CLM0010476,CHE_02204,Guindy,2025-12-06,16,0,0,0,0,0,1,0,0,0,0.0,0.464646,0,0.0,0,139,4,5,0.1724,0.0983,GREEN,49,Chennai
CLM0010477,CHE_02186,Chromepet,2021-07-25,18,0,0,0,0,0,0,0,0,0,0.0,0.972242,0,0.0,0,322,1,0,0.0617,0.0333,GREEN,61,Chennai
CLM0010478,CHE_02154,Porur,2020-02-21,15,0,0,0,0,0,0,0,0,0,1.0,0.419541,0,0.0,0,397,4,4,0.7611,0.0878,GREEN,42,Chennai
CLM0010479,CHE_06234,Anna Nagar,2025-06-01,20,0,0,0,0,0,0,0,0,0,0.0,0.205376,0,0.0,0,99,2,4,0.355,0.0,GREEN,28,Chennai
CLM0010480,CHE_09509,Tambaram,2018-07-14,8,0,0,0,0,0,0,0,1,0,0.0,0.257339,0,0.0,0,267,2,7,0.7069,0.0918,GREEN,33,Chennai
CLM0010481,CHE_08305,Guindy,2019-04-06,10,0,0,0,0,0,0,0,0,0,0.0,0.408604,0,1.0,0,140,1,0,0.05,0.0384,GREEN,47,Chennai
CLM0010482,CHE_03864,Sholinganallur,2021-08-27,8,0,0,0,1,0,0,0,0,0,0.0,0.168691,0,0.0,0,390,4,7,0.924,0.1322,GREEN,43,Chennai
CLM0010483,CHE_04010,Anna Nagar,2024-11-26,15,0,0,0,0,0,0,0,0,0,0.0,0.941865,0,0.0,0,326,3,2,0.9333,0.0,GREEN,47,Chennai
CLM0010484,CHE_01031,Perambur,2023-10-13,10,0,0,0,0,1,0,0,0,0,0.0,0.11299,0,0.0,0,343,3,4,0.4983,0.1435,GREEN,25,Chennai
CLM0010485,CHE_05849,Sholinganallur,2022-02-02,18,0,0,0,0,0,0,0,0,0,0.0,0.241429,0,0.0,0,410,0,3,0.8631,0.0084,GREEN,36,Chennai
CLM0010486,CHE_01087,Tambaram,2023-04-05,9,0,0,0,0,0,0,0,0,0,1.0,0.992376,0,0.0,0,417,1,3,0.5537,0.1102,GREEN,18,Chennai
CLM0010487,CHE_04530,Porur,2025-11-13,8,0,0,0,0,0,1,0,0,0,0.0,0.113335,0,0.0,0,40,1,1,0.05,0.024,GREEN,34,Chennai
CLM0010488,CHE_08750,Porur,2021-02-20,16,0,0,0,0,0,0,0,0,0,0.0,0.287654,0,0.0,0,125,2,3,0.6988,0.0693,GREEN,32,Chennai
CLM0010489,CHE_04853,Anna Nagar,2023-01-18,16,0,0,0,0,0,0,0,0,0,0.0,0.181749,0,0.0,0,286,4,0,0.05,0.0055,GREEN,55,Chennai
CLM0010490,CHE_04721,Porur,2021-09-17,7,0,0,0,0,0,0,0,0,0,0.0,0.094285,0,0.0,0,72,4,2,0.6167,0.0,GREEN,24,Chennai
CLM0010491,CHE_06175,Perambur,2025-01-15,15,0,0,0,0,0,0,0,0,0,0.0,0.213395,0,0.0,0,420,4,0,0.843,0.0298,GREEN,21,Chennai
CLM0010492,CHE_03722,Porur,2023-12-03,10,0,0,0,0,0,0,0,0,0,0.0,0.256409,0,0.0,0,216,1,0,0.5352,0.0516,GREEN,28,Chennai
CLM0010493,CHE_04394,Adyar,2023-04-12,12,0,0,0,0,0,0,0,1,0,0.0,0.134165,0,0.0,0,420,3,2,0.8613,0.0975,GREEN,43,Chennai
CLM0010494,CHE_01292,Tambaram,2023-01-03,16,0,0,0,0,0,0,0,0,0,0.0,0.113736,0,0.0,1,133,4,1,0.8867,0.0,GREEN,47,Chennai
CLM0010495,CHE_09416,Perambur,2024-01-22,15,0,0,0,0,0,0,0,0,0,0.0,0.317563,0,0.0,0,155,2,0,0.485,0.0,GREEN,36,Chennai
CLM0010496,CHE_08994,Perambur,2024-07-13,15,0,0,0,0,0,0,0,0,0,0.0,0.34303,0,0.0,1,420,4,2,0.66,0.0729,GREEN,36,Chennai
CLM0010497,CHE_02637,Guindy,2024-03-01,20,0,0,0,1,1,0,1,0,0,1.0,0.340604,0,1.0,1,10,0,18,0.2462,0.0759,GREEN,21,Chennai
CLM0010498,CHE_04904,T Nagar,2024-03-23,20,0,0,0,0,0,0,0,0,0,0.0,0.215557,0,0.0,0,228,2,0,0.1355,0.0004,GREEN,31,Chennai
CLM0010499,CHE_04919,Tambaram,2024-04-07,17,0,0,0,0,0,0,0,0,0,0.0,0.206639,0,0.0,0,271,3,1,0.3874,0.0,GREEN,33,Chennai
CLM0010500,CHE_07963,Porur,2021-07-23,17,0,0,0,1,0,1,0,0,0,0.0,0.261742,0,0.0,0,97,1,3,0.7502,0.264,GREEN,52,Chennai
CLM0010501,CHE_07101,Perambur,2019-03-21,8,0,0,0,1,0,0,0,0,1,1.0,0.123211,0,0.0,0,5,0,18,0.1941,0.1266,GREEN,50,Chennai
CLM0010502,CHE_02568,Sholinganallur,2020-03-20,16,0,0,0,0,0,0,0,0,1,0.0,0.0,0,0.0,0,82,3,2,0.8671,0.1269,GREEN,36,Chennai
CLM0010503,CHE_08045,Perambur,2016-03-07,21,0,0,0,0,0,1,0,0,0,0.0,0.171362,0,0.0,0,420,3,0,0.5626,0.0185,GREEN,32,Chennai
CLM0010504,CHE_01853,Perambur,2024-10-09,15,0,0,0,0,0,0,0,0,0,1.0,0.986105,1,1.0,0,280,3,2,0.7862,0.1155,GREEN,47,Chennai
CLM0010505,CHE_02180,Perambur,2025-06-13,17,0,0,0,0,0,0,0,1,0,0.0,0.200415,0,0.0,0,189,2,6,0.7912,0.1989,GREEN,37,Chennai
CLM0010506,CHE_00042,T Nagar,2024-10-20,14,0,0,0,0,0,0,0,0,0,0.0,0.210871,0,0.0,0,17,3,2,0.7441,0.0,GREEN,33,Chennai
CLM0010507,CHE_04448,Anna Nagar,2025-07-04,16,0,0,0,0,1,0,0,0,0,0.0,0.374671,0,0.0,0,170,0,0,0.7149,0.2616,GREEN,53,Chennai
CLM0010508,CHE_00074,Anna Nagar,2025-03-10,9,0,0,0,0,0,0,0,0,0,0.0,0.220506,0,0.0,0,258,3,3,0.646,0.0973,GREEN,49,Chennai
CLM0010509,CHE_02464,Porur,2024-08-12,11,0,0,0,0,0,1,0,1,0,0.0,0.255007,0,0.0,1,205,2,2,0.8315,0.2452,GREEN,36,Chennai
CLM0010510,CHE_09134,T Nagar,2024-11-06,13,0,0,0,0,0,0,0,0,0,0.0,0.367233,0,0.0,0,375,2,0,0.6614,0.0994,GREEN,31,Chennai
CLM0010511,CHE_06591,Adyar,2025-07-26,16,0,0,0,1,0,1,1,1,1,0.0,0.046879,0,0.0,1,42,2,18,0.98,0.0,GREEN,40,Chennai
CLM0010512,CHE_04197,Porur,2024-08-27,14,0,0,0,0,0,0,0,0,0,0.0,0.340389,0,0.0,0,420,0,3,0.5233,0.0,GREEN,31,Chennai
CLM0010513,CHE_00633,Perambur,2025-06-26,10,0,0,0,0,0,0,0,0,0,0.0,0.110036,0,0.0,0,217,0,2,0.6663,0.0981,GREEN,47,Chennai
CLM0010514,CHE_05888,Anna Nagar,2024-07-13,17,0,0,0,0,0,0,0,0,0,0.0,0.0,1,0.0,0,327,1,1,0.173,0.0869,GREEN,49,Chennai
CLM0010515,CHE_03640,Sholinganallur,2020-09-21,20,0,0,0,0,0,0,0,0,1,0.0,0.103094,0,0.0,0,25,1,1,0.1309,0.1015,GREEN,64,Chennai
CLM0010516,CHE_04717,Tambaram,2025-05-06,14,0,0,0,0,0,0,0,0,0,1.0,0.0,0,0.0,0,173,4,4,0.6773,0.0094,GREEN,34,Chennai
CLM0010517,CHE_07085,Porur,2023-01-09,11,0,0,0,1,0,0,0,0,0,1.0,0.254251,0,0.0,0,169,2,1,0.98,0.1742,GREEN,44,Chennai
CLM0010518,CHE_09500,Anna Nagar,2025-06-16,19,0,0,0,0,0,0,0,0,0,0.0,0.299335,0,0.0,0,192,4,0,0.0657,0.0012,GREEN,64,Chennai
CLM0010519,CHE_05681,Anna Nagar,2021-04-07,17,0,0,0,0,0,1,0,0,0,0.0,0.0,0,0.0,0,317,0,3,0.3624,0.1177,GREEN,27,Chennai
CLM0010520,CHE_02718,Sholinganallur,2021-06-30,15,0,0,0,0,0,0,0,1,0,0.0,0.960166,0,0.0,0,420,0,1,0.7639,0.0716,GREEN,45,Chennai
CLM0010521,CHE_05006,Velachery,2018-02-24,15,0,0,0,1,0,0,0,0,0,0.0,0.318528,0,0.0,0,420,2,3,0.5076,0.2243,GREEN,54,Chennai
CLM0010522,CHE_07363,Adyar,2023-09-09,16,0,0,0,0,1,0,0,0,0,0.0,0.04328,0,0.0,0,242,4,2,0.91,0.0974,GREEN,52,Chennai
CLM0010523,CHE_01740,Chromepet,2017-10-26,14,0,0,0,0,0,0,0,0,0,0.0,0.235272,0,0.0,0,181,3,0,0.8125,0.0,GREEN,41,Chennai
CLM0010524,CHE_05694,Chromepet,2018-01-25,16,0,0,0,0,0,0,0,1,0,0.0,0.302787,0,0.0,0,420,4,2,0.8151,0.1859,GREEN,35,Chennai
CLM0010525,CHE_07078,Anna Nagar,2024-10-13,7,0,0,0,0,0,0,0,0,0,0.0,0.0,0,0.0,0,387,2,0,0.6352,0.0,GREEN,41,Chennai
CLM0010526,CHE_07243,Chromepet,2024-07-22,12,0,0,0,0,0,0,0,0,1,0.0,0.406859,0,0.0,0,199,2,4,0.5786,0.0904,GREEN,36,Chennai
CLM0010527,CHE_08933,Porur,2019-06-19,21,0,0,0,0,0,1,0,1,0,0.0,0.0,0,0.0,0,373,1,3,0.7356,0.129,GREEN,36,Chennai
CLM0010528,CHE_03134,Adyar,2025-04-29,19,0,0,0,0,0,0,0,0,0,0.0,0.367007,0,0.0,0,350,4,6,0.7577,0.0,GREEN,36,Chennai
CLM0010529,CHE_01283,Guindy,2024-10-10,17,0,0,0,0,0,0,0,0,0,0.0,0.087006,0,0.0,0,253,0,3,0.5887,0.0,GREEN,38,Chennai
CLM0010530,CHE_07850,Chromepet,2025-09-28,15,0,0,0,0,0,1,0,0,0,0.0,1.0,0,0.0,0,286,4,1,0.1965,0.107,GREEN,21,Chennai
CLM0010531,CHE_04487,Porur,2022-12-18,14,0,0,0,0,0,0,0,0,0,0.0,0.076515,0,0.0,0,186,1,0,0.7163,0.0247,GREEN,36,Chennai
CLM0010532,CHE_08134,Chromepet,2023-02-25,19,0,0,0,0,0,0,0,0,0,0.0,0.481879,0,0.0,0,216,3,2,0.1185,0.0103,GREEN,51,Chennai
CLM0010533,CHE_05683,Guindy,2021-11-07,17,0,1,1,0,0,0,0,0,0,0.0,0.273292,0,0.0,0,420,2,4,0.6554,0.0535,GREEN,50,Chennai
CLM0010534,CHE_03120,Tambaram,2025-01-28,8,0,0,0,0,0,0,0,0,0,0.0,0.0,0,0.0,0,380,1,0,0.5744,0.0058,GREEN,39,Chennai
CLM0010535,CHE_03715,T Nagar,2024-01-23,12,0,0,0,0,0,1,0,0,0,0.0,0.372445,0,0.0,0,416,0,0,0.8907,0.0887,GREEN,43,Chennai
CLM0010536,CHE_05148,Tambaram,2023-03-18,7,0,0,0,0,0,0,1,0,0,0.0,0.004148,0,0.0,0,154,2,2,0.7501,0.0699,GREEN,29,Chennai
CLM0010537,CHE_00371,Guindy,2025-01-27,9,0,0,0,0,1,0,0,0,0,0.0,0.0,0,0.0,0,214,3,2,0.98,0.067,GREEN,46,Chennai
CLM0010538,CHE_05173,Tambaram,2025-06-27,19,0,0,0,0,0,0,0,0,0,0.0,0.992617,0,0.0,0,264,1,0,0.8323,0.002,GREEN,36,Chennai
CLM0010539,CHE_04442,Guindy,2023-07-21,9,0,0,0,0,0,1,0,0,0,0.0,0.39813,0,1.0,0,370,1,4,0.1835,0.0785,GREEN,31,Chennai
CLM0010540,CHE_09180,Tambaram,2025-03-31,10,0,0,0,0,0,0,0,0,0,1.0,0.084987,0,0.0,0,355,3,1,0.5255,0.0,GREEN,39,Chennai
CLM0010541,CHE_04126,Porur,2024-12-02,12,0,0,0,0,0,0,0,0,0,0.0,0.055516,0,0.0,0,203,2,0,0.8051,0.0146,GREEN,47,Chennai
CLM0010542,CHE_00759,Anna Nagar,2025-06-25,9,0,0,0,0,0,0,0,0,0,0.0,0.336428,0,0.0,0,220,1,4,0.4906,0.0,GREEN,27,Chennai
CLM0010543,CHE_01917,Chromepet,2023-07-23,17,0,0,0,1,0,0,1,1,1,0.0,0.094369,0,0.0,0,27,1,18,0.954,0.1299,GREEN,38,Chennai
CLM0010544,CHE_07160,Adyar,2018-08-09,18,0,1,1,0,0,0,0,0,0,0.0,0.170972,0,0.0,1,23,2,0,0.07,0.0369,GREEN,56,Chennai
CLM0010545,CHE_07331,Chromepet,2020-08-08,14,0,0,0,0,0,0,0,0,0,0.0,0.321182,0,0.0,0,28,2,4,0.8246,0.0135,GREEN,34,Chennai
CLM0010546,CHE_03780,Perambur,2024-09-03,10,0,0,0,1,1,0,0,0,0,0.0,0.113997,1,0.0,0,115,2,5,0.7953,0.2821,GREEN,36,Chennai
CLM0010547,CHE_03474,Tambaram,2024-05-17,11,0,0,0,0,0,0,0,0,0,0.0,0.228514,0,0.0,0,174,3,4,0.9675,0.0,GREEN,47,Chennai
CLM0010548,CHE_04772,T Nagar,2024-12-08,7,0,0,0,0,0,0,0,0,0,0.0,0.18406,0,0.0,0,42,4,6,0.6522,0.0,GREEN,40,Chennai
CLM0010549,CHE_06071,Anna Nagar,2024-03-19,8,0,0,0,0,0,0,0,0,0,1.0,1.0,0,1.0,0,63,4,5,0.7643,0.0,GREEN,64,Chennai
CLM0010550,CHE_08898,Porur,2024-02-09,7,0,0,0,0,0,0,0,0,0,0.0,0.96465,0,0.0,0,420,2,7,0.6026,0.0108,GREEN,26,Chennai
CLM0010551,CHE_08931,Tambaram,2023-12-21,18,0,0,0,0,0,0,0,0,0,0.0,0.241589,0,0.0,0,386,3,2,0.6808,0.0007,GREEN,40,Chennai
CLM0010552,CHE_07843,Tambaram,2024-10-23,15,0,0,0,0,0,0,0,0,0,0.0,0.093738,0,0.0,0,409,0,4,0.3367,0.0,GREEN,39,Chennai
CLM0010553,CHE_09956,Chromepet,2023-03-13,16,0,0,0,0,0,0,0,0,0,0.0,1.0,0,0.0,0,314,4,1,0.139,0.085,GREEN,25,Chennai
CLM0010554,CHE_01320,Guindy,2023-10-07,8,0,0,0,1,0,0,0,0,0,1.0,1.0,0,1.0,0,420,2,4,0.1331,0.1149,GREEN,47,Chennai
CLM0010555,CHE_08318,Perambur,2023-05-18,12,0,0,0,0,0,1,0,0,0,0.0,1.0,0,0.0,0,222,1,0,0.9167,0.0239,GREEN,57,Chennai
CLM0010556,CHE_00029,Porur,2024-07-24,15,0,0,0,0,0,0,0,0,0,0.0,0.236687,0,0.0,0,203,2,5,0.1082,0.0335,GREEN,55,Chennai
CLM0010557,CHE_03168,Chromepet,2022-07-21,21,0,0,0,0,0,0,0,0,0,0.0,0.258597,0,0.0,0,140,3,4,0.4081,0.0786,GREEN,52,Chennai
CLM0010558,CHE_01093,Tambaram,2023-02-11,16,0,0,0,0,0,0,0,0,0,0.0,0.370608,0,0.0,0,335,1,5,0.9636,0.0,GREEN,47,Chennai
CLM0010559,CHE_06185,Anna Nagar,2024-10-04,9,0,0,0,0,0,0,0,0,0,0.0,0.259419,0,0.0,0,329,2,2,0.9144,0.0,GREEN,30,Chennai
CLM0010560,CHE_03015,Perambur,2025-11-02,17,0,0,0,0,0,0,0,0,0,0.0,0.17327,0,0.0,0,150,3,2,0.7107,0.0344,GREEN,34,Chennai
CLM0010561,CHE_07811,Porur,2019-10-07,13,0,0,0,0,0,0,0,0,0,1.0,0.133435,0,0.0,0,340,0,3,0.9748,0.0172,GREEN,42,Chennai
CLM0010562,CHE_01997,Porur,2025-11-30,13,0,0,0,0,0,0,0,0,0,0.0,0.212963,0,0.0,0,84,0,3,0.98,0.1327,GREEN,65,Chennai
CLM0010563,CHE_07388,Porur,2022-09-21,18,0,0,0,0,0,0,0,0,0,0.0,0.174527,0,0.0,0,372,2,0,0.5945,0.0251,GREEN,40,Chennai
CLM0010564,CHE_02396,Sholinganallur,2024-06-18,15,0,0,0,0,0,0,0,0,0,0.0,0.006936,0,0.0,0,261,1,4,0.826,0.0072,GREEN,39,Chennai
CLM0010565,CHE_08471,Porur,2022-02-04,9,0,0,0,0,0,0,0,0,0,0.0,0.062858,0,0.0,0,140,3,2,0.6745,0.0678,GREEN,35,Chennai
CLM0010566,CHE_07566,Velachery,2022-12-28,13,0,0,0,0,0,0,0,0,1,0.0,0.113013,0,0.0,0,196,2,0,0.3948,0.1481,GREEN,36,Chennai
CLM0010567,CHE_05021,Tambaram,2017-10-10,18,0,0,0,0,0,0,0,0,0,0.0,0.14005,0,0.0,0,211,0,3,0.5575,0.0,GREEN,35,Chennai
CLM0010568,CHE_03380,Guindy,2021-01-23,20,0,0,0,0,0,0,0,1,0,0.0,0.121266,0,0.0,0,158,2,1,0.05,0.049,GREEN,47,Chennai
CLM0010569,CHE_03772,Guindy,2016-06-24,16,0,0,0,0,0,1,0,0,0,0.0,0.058891,0,0.0,0,144,1,0,0.9498,0.0387,GREEN,50,Chennai
CLM0010570,CHE_06109,Sholinganallur,2024-07-04,12,0,0,0,0,0,0,1,0,0,0.0,0.344647,0,0.0,0,137,2,3,0.7616,0.1212,GREEN,25,Chennai
CLM0010571,CHE_05216,Chromepet,2024-10-09,11,0,0,0,0,0,0,0,0,0,0.0,0.247432,0,0.0,0,193,1,0,0.9286,0.0878,GREEN,18,Chennai
CLM0010572,CHE_06058,Sholinganallur,2021-06-01,11,0,0,0,0,0,0,0,0,0,0.0,0.09998,0,0.0,0,133,3,3,0.7612,0.0,GREEN,28,Chennai
CLM0010573,CHE_07789,Tambaram,2024-05-08,15,0,0,0,0,0,0,1,0,0,0.0,0.026776,0,1.0,0,52,2,5,0.9168,0.0433,GREEN,56,Chennai
CLM0010574,CHE_02123,Porur,2018-12-03,21,0,1,1,0,0,0,1,0,0,0.0,0.061879,0,0.0,0,351,4,1,0.6708,0.056,GREEN,52,Chennai
CLM0010575,CHE_03789,Velachery,2020-11-28,12,0,0,0,0,0,0,0,0,0,0.0,0.432488,0,0.0,0,331,2,6,0.5557,0.0,GREEN,39,Chennai
CLM0010576,CHE_09647,Guindy,2020-09-18,12,0,0,0,0,0,0,0,0,1,0.0,0.106456,0,0.0,0,100,4,0,0.112,0.0886,GREEN,25,Chennai
CLM0010577,CHE_07720,Adyar,2024-09-22,15,0,0,0,0,0,1,0,0,0,0.0,1.0,0,0.0,0,312,3,0,0.6546,0.0616,GREEN,45,Chennai
CLM0010578,CHE_01401,Tambaram,2024-08-02,21,0,0,0,0,0,0,0,0,0,0.0,1.0,0,0.0,0,46,1,1,0.7807,0.0593,GREEN,44,Chennai
CLM0010579,CHE_05653,Adyar,2019-04-12,7,0,0,0,0,0,0,0,0,0,0.0,0.246563,0,0.0,0,335,0,3,0.98,0.0,GREEN,36,Chennai
CLM0010580,CHE_00721,Anna Nagar,2024-10-03,8,0,0,0,0,0,0,0,0,0,0.0,0.0,0,0.0,0,420,3,0,0.5891,0.0431,GREEN,49,Chennai
CLM0010581,CHE_02101,Velachery,2021-11-12,13,0,0,0,0,0,0,0,0,0,0.0,0.214068,0,0.0,0,420,0,2,0.5424,0.0,GREEN,64,Chennai
CLM0010582,CHE_02743,Porur,2025-08-14,15,0,0,0,0,0,0,0,0,0,1.0,0.272194,0,0.0,0,420,1,1,0.9267,0.0769,GREEN,18,Chennai
CLM0010583,CHE_07708,Guindy,2024-10-05,15,0,0,0,0,0,0,0,0,0,0.0,0.195818,0,0.0,0,309,1,0,0.5347,0.0023,GREEN,37,Chennai
CLM0010584,CHE_01684,T Nagar,2025-11-27,11,0,0,0,0,0,0,0,0,0,0.0,0.388506,0,1.0,0,209,3,7,0.05,0.0063,GREEN,38,Chennai
CLM0010585,CHE_01728,Porur,2022-08-23,21,0,0,0,0,1,0,0,0,0,0.0,0.350394,0,0.0,0,86,1,1,0.4098,0.1611,GREEN,58,Chennai
CLM0010586,CHE_03946,T Nagar,2023-02-20,18,0,0,0,0,0,0,0,0,0,0.0,0.039427,0,0.0,0,129,2,1,0.6971,0.0,GREEN,52,Chennai
CLM0010587,CHE_08892,Perambur,2022-05-07,14,0,0,0,0,0,0,0,0,0,1.0,0.381064,0,0.0,0,420,2,1,0.05,0.121,GREEN,46,Chennai
CLM0010588,CHE_00370,T Nagar,2022-07-23,20,0,0,0,0,0,0,0,0,0,0.0,0.127649,0,0.0,0,382,1,0,0.8118,0.0,GREEN,32,Chennai
CLM0010589,CHE_09708,Anna Nagar,2024-07-21,15,0,0,0,0,1,0,0,0,0,0.0,0.465083,0,0.0,0,340,0,2,0.6095,0.1771,GREEN,35,Chennai
CLM0010590,CHE_02681,Anna Nagar,2021-03-05,11,0,0,0,0,0,1,0,0,0,0.0,0.068545,0,0.0,0,90,0,3,0.6233,0.0523,GREEN,55,Chennai
CLM0010591,CHE_01306,Sholinganallur,2021-11-03,16,0,0,0,0,0,0,0,0,0,0.0,0.121279,0,0.0,0,354,4,1,0.1744,0.0,GREEN,50,Chennai
CLM0010592,CHE_05278,Tambaram,2023-12-01,8,0,0,0,0,0,0,0,0,0,0.0,0.155675,0,0.0,0,420,1,0,0.136,0.0,GREEN,44,Chennai
CLM0010593,CHE_04235,Chromepet,2023-05-08,9,0,0,0,0,0,0,0,0,0,0.0,0.013717,0,0.0,0,146,1,0,0.962,0.0118,GREEN,37,Chennai
CLM0010594,CHE_02258,Sholinganallur,2023-07-15,11,0,0,0,0,0,0,0,0,0,0.0,0.371772,0,0.0,0,105,2,6,0.9603,0.0387,GREEN,36,Chennai
CLM0010595,CHE_08135,T Nagar,2018-12-28,9,0,0,0,0,0,0,0,0,0,0.0,0.132729,0,0.0,0,246,4,2,0.98,0.0166,GREEN,28,Chennai
CLM0010596,CHE_01815,Tambaram,2017-07-22,9,0,0,0,0,0,0,0,1,0,0.0,0.119678,0,0.0,0,323,1,2,0.1986,0.0415,GREEN,69,Chennai
CLM0010597,CHE_02311,Chromepet,2025-10-07,13,0,0,0,0,0,0,0,1,0,0.0,0.374108,0,0.0,0,23,4,0,0.7207,0.073,GREEN,47,Chennai
CLM0010598,CHE_01103,Velachery,2015-10-01,21,0,0,0,0,0,0,0,1,0,0.0,0.008607,0,0.0,0,420,4,4,0.6454,0.0274,GREEN,44,Chennai
CLM0010599,CHE_09079,Anna Nagar,2019-10-27,13,0,0,0,0,0,0,0,0,0,0.0,0.018618,0,1.0,0,382,3,2,0.6856,0.0465,GREEN,43,Chennai
CLM0010600,CHE_08715,Porur,2021-01-29,8,0,0,0,0,0,0,0,1,0,0.0,0.209337,0,0.0,0,173,0,1,0.5995,0.0693,GREEN,34,Chennai
CLM0010601,CHE_08439,Chromepet,2018-06-12,14,0,0,0,0,0,0,0,0,0,1.0,1.0,0,1.0,0,367,0,0,0.9124,0.0361,GREEN,52,Chennai
CLM0010602,CHE_08134,Chromepet,2017-09-03,7,0,0,0,0,0,0,0,0,0,0.0,0.351504,0,0.0,0,317,2,3,0.6603,0.0,GREEN,51,Chennai
CLM0010603,CHE_04244,Adyar,2017-06-23,10,0,0,0,0,0,0,0,0,0,0.0,0.199611,0,0.0,0,27,2,0,0.7285,0.0829,GREEN,37,Chennai
CLM0010604,CHE_00374,Guindy,2024-10-25,10,0,0,0,0,0,0,1,0,0,0.0,0.115033,0,0.0,0,153,4,6,0.98,0.013,GREEN,39,Chennai
CLM0010605,CHE_06603,Perambur,2025-07-14,8,0,0,0,0,0,0,0,0,0,0.0,0.193354,1,0.0,0,283,2,2,0.1715,0.0898,GREEN,21,Chennai
CLM0010606,CHE_01864,Guindy,2024-01-25,11,0,0,0,0,0,0,0,0,0,0.0,0.121307,0,0.0,0,165,4,2,0.211,0.0,GREEN,34,Chennai
CLM0010607,CHE_09340,Chromepet,2024-01-17,15,0,0,0,1,1,0,1,1,1,0.0,0.298598,1,0.0,1,5,3,18,0.116,0.0255,GREEN,40,Chennai
CLM0010608,CHE_06357,Sholinganallur,2024-12-18,11,0,0,0,0,0,0,0,0,0,0.0,0.19733,0,0.0,0,371,0,1,0.7055,0.0,GREEN,41,Chennai
CLM0010609,CHE_04491,Anna Nagar,2023-11-17,19,0,0,0,0,0,0,0,0,0,0.0,0.279048,1,0.0,0,420,2,5,0.1638,0.0744,GREEN,45,Chennai
CLM0010610,CHE_06595,Velachery,2024-09-04,20,0,0,0,0,0,0,0,0,0,0.0,0.143057,0,0.0,0,164,3,3,0.2298,0.0,GREEN,57,Chennai
CLM0010611,CHE_00106,T Nagar,2022-08-04,21,0,0,0,0,0,0,1,0,0,0.0,0.360516,0,0.0,0,352,1,2,0.1698,0.044,GREEN,42,Chennai
CLM0010612,CHE_00218,Adyar,2024-06-07,15,0,0,0,0,0,0,1,0,0,0.0,0.0,0,0.0,0,357,3,2,0.1723,0.0,GREEN,41,Chennai
CLM0010613,CHE_01952,Sholinganallur,2022-11-16,10,0,0,0,0,0,0,0,0,0,0.0,0.367295,0,0.0,1,93,4,2,0.1144,0.0,GREEN,52,Chennai
CLM0010614,CHE_07991,Chromepet,2025-05-19,10,0,0,0,1,1,1,0,1,0,0.0,0.122323,1,0.0,0,22,0,18,0.9597,0.0,GREEN,41,Chennai
CLM0010615,CHE_04763,Adyar,2023-12-02,11,0,0,0,1,1,0,1,0,1,1.0,0.959001,1,1.0,0,5,3,18,0.9207,0.1781,GREEN,43,Chennai
CLM0010616,CHE_09523,Tambaram,2023-09-14,18,0,0,0,0,0,0,0,0,0,0.0,0.167458,0,0.0,0,393,4,1,0.9224,0.0,GREEN,32,Chennai
CLM0010617,CHE_04292,Velachery,2024-04-11,12,0,0,0,1,0,0,0,0,0,0.0,0.01578,0,0.0,0,375,3,2,0.9463,0.227,GREEN,41,Chennai
CLM0010618,CHE_09427,Perambur,2022-08-03,12,0,0,0,0,0,0,0,0,0,0.0,0.142673,0,0.0,0,357,4,2,0.8336,0.0591,GREEN,38,Chennai
CLM0010619,CHE_06213,Porur,2019-02-22,9,0,0,0,1,1,0,1,0,0,0.0,0.141175,1,0.0,1,5,3,14,0.8528,0.3113,YELLOW,40,Chennai
CLM0010620,CHE_04785,Tambaram,2019-11-05,7,0,0,0,0,1,0,0,0,0,0.0,0.356148,1,0.0,0,253,4,2,0.7724,0.2024,GREEN,52,Chennai
CLM0010621,CHE_04757,Porur,2025-04-25,11,0,0,0,0,0,0,0,0,0,0.0,0.231377,0,0.0,0,166,0,1,0.6987,0.0,GREEN,48,Chennai
CLM0010622,CHE_08759,Chromepet,2023-06-23,16,0,0,0,0,0,0,0,0,0,0.0,0.150322,0,0.0,0,261,3,5,0.4357,0.0759,GREEN,23,Chennai
CLM0010623,CHE_05449,Perambur,2015-04-05,8,0,0,0,0,1,0,0,0,0,1.0,0.259171,0,0.0,0,309,2,3,0.8782,0.1858,GREEN,31,Chennai
CLM0010624,CHE_05309,Adyar,2020-01-10,14,0,0,0,0,0,1,0,0,0,0.0,0.175665,0,0.0,0,420,0,3,0.5199,0.1753,GREEN,64,Chennai
CLM0010625,CHE_09331,Anna Nagar,2020-04-02,20,0,0,0,0,0,0,0,0,0,0.0,0.168625,0,0.0,0,77,0,0,0.26,0.0,GREEN,36,Chennai
CLM0010626,CHE_03282,T Nagar,2021-12-31,21,0,0,0,0,0,0,0,0,0,0.0,0.198263,0,0.0,0,420,4,4,0.8438,0.0,GREEN,31,Chennai
CLM0010627,CHE_07803,T Nagar,2022-08-19,11,0,0,0,1,0,0,0,0,0,0.0,1.0,0,0.0,0,54,3,5,0.2291,0.1216,GREEN,45,Chennai
CLM0010628,CHE_01411,Adyar,2019-11-01,19,0,0,0,0,0,0,0,0,0,0.0,0.235829,1,0.0,0,226,4,5,0.0918,0.1547,GREEN,18,Chennai
CLM0010629,CHE_08134,Chromepet,2023-08-05,8,0,0,0,0,0,0,0,0,0,0.0,0.224879,0,0.0,0,412,2,0,0.7083,0.0,GREEN,51,Chennai
CLM0010630,CHE_08938,Velachery,2024-07-09,11,0,0,0,0,0,0,0,0,0,0.0,0.296191,0,0.0,0,297,2,6,0.7838,0.0,GREEN,41,Chennai
CLM0010631,CHE_07056,Anna Nagar,2021-10-18,14,0,0,0,0,0,0,1,0,0,0.0,0.957346,0,0.0,0,84,2,0,0.9603,0.0798,GREEN,59,Chennai
CLM0010632,CHE_09289,Guindy,2024-12-25,21,0,0,0,0,0,0,0,0,0,0.0,0.098339,0,0.0,0,156,4,3,0.9498,0.0513,GREEN,44,Chennai
CLM0010633,CHE_07901,Anna Nagar,2024-09-04,20,0,0,0,0,0,0,0,0,0,1.0,1.0,0,1.0,0,17,1,3,0.802,0.0,GREEN,30,Chennai
CLM0010634,CHE_03879,Anna Nagar,2025-11-08,15,0,0,0,0,0,0,0,0,0,0.0,0.966066,0,0.0,0,191,2,0,0.8197,0.001,GREEN,43,Chennai
CLM0010635,CHE_06763,Anna Nagar,2025-10-29,11,0,0,0,0,0,0,0,0,0,0.0,0.152425,0,0.0,0,257,1,1,0.3144,0.0,GREEN,46,Chennai
CLM0010636,CHE_09572,Tambaram,2025-05-02,17,0,0,0,0,0,1,0,1,0,0.0,0.268878,0,0.0,0,106,1,2,0.8504,0.286,GREEN,41,Chennai
CLM0010637,CHE_06436,Adyar,2024-01-25,9,0,0,0,0,0,0,0,0,0,0.0,0.302148,0,0.0,0,387,3,8,0.0789,0.0,GREEN,52,Chennai
CLM0010638,CHE_08853,Porur,2025-02-16,9,0,0,0,0,1,0,0,0,0,0.0,0.218118,0,0.0,0,24,4,5,0.4687,0.173,GREEN,43,Chennai
CLM0010639,CHE_01658,Tambaram,2020-06-17,8,0,1,1,0,1,0,1,0,0,1.0,0.423387,0,0.0,0,403,0,3,0.8635,0.178,GREEN,36,Chennai
CLM0010640,CHE_07095,Velachery,2025-04-06,18,0,0,0,0,0,0,0,0,0,0.0,0.348227,0,0.0,0,301,4,6,0.1183,0.0232,GREEN,35,Chennai
CLM0010641,CHE_01492,Perambur,2022-04-27,13,0,0,0,0,0,0,0,0,0,0.0,0.083489,0,0.0,0,141,4,2,0.8976,0.0226,GREEN,48,Chennai
CLM0010642,CHE_00979,Guindy,2019-10-17,11,0,0,0,0,0,0,0,0,0,0.0,0.152777,0,0.0,0,294,0,3,0.8467,0.0,GREEN,36,Chennai
CLM0010643,CHE_06700,Guindy,2025-06-11,9,0,0,0,1,1,0,1,0,1,0.0,0.031709,0,0.0,0,24,4,18,0.7923,0.0,GREEN,67,Chennai
CLM0010644,CHE_06197,Sholinganallur,2020-08-07,14,0,0,0,0,0,0,0,0,0,1.0,0.113123,0,0.0,0,349,2,4,0.8064,0.0201,GREEN,38,Chennai
CLM0010645,CHE_08354,Sholinganallur,2020-02-13,9,0,0,0,0,0,0,0,0,0,0.0,0.083983,0,0.0,0,106,4,0,0.1228,0.0225,GREEN,33,Chennai
CLM0010646,CHE_09942,Sholinganallur,2025-07-12,8,0,0,0,0,0,0,0,0,0,0.0,0.980583,0,0.0,0,131,3,0,0.9725,0.0156,GREEN,25,Chennai
CLM0010647,CHE_01947,Anna Nagar,2024-04-01,18,0,0,0,0,0,0,0,0,0,0.0,0.340322,0,0.0,0,31,2,4,0.4033,0.0,GREEN,42,Chennai
CLM0010648,CHE_08792,Perambur,2020-03-31,12,0,0,0,0,0,0,0,0,0,1.0,1.0,0,0.0,0,205,3,0,0.98,0.0979,GREEN,37,Chennai
CLM0010649,CHE_07192,Velachery,2020-07-14,14,0,0,0,0,0,0,0,0,0,0.0,0.443294,0,1.0,0,420,2,2,0.98,0.2069,GREEN,49,Chennai
CLM0010650,CHE_09925,Adyar,2023-12-19,11,0,0,0,0,0,1,0,0,0,0.0,0.070681,0,0.0,0,301,2,0,0.1528,0.097,GREEN,41,Chennai
CLM0010651,CHE_06452,Tambaram,2023-09-30,7,0,0,0,0,0,0,0,0,0,0.0,0.273191,0,0.0,0,375,0,0,0.0652,0.0,GREEN,25,Chennai
CLM0010652,CHE_09033,Sholinganallur,2025-11-12,7,0,0,0,0,0,0,0,0,0,1.0,0.407967,0,0.0,0,420,0,7,0.9161,0.0471,GREEN,40,Chennai
CLM0010653,CHE_02413,Velachery,2023-06-16,8,0,0,0,0,0,0,0,1,0,1.0,0.023599,0,0.0,0,335,1,0,0.7779,0.0782,GREEN,36,Chennai
CLM0010654,CHE_04330,Tambaram,2018-04-24,21,0,0,0,0,0,1,0,0,0,0.0,0.0,1,0.0,0,237,1,0,0.6464,0.1599,GREEN,23,Chennai
CLM0010655,CHE_06280,Guindy,2016-04-16,10,0,0,0,0,0,0,0,0,0,0.0,0.091514,0,0.0,0,324,3,1,0.2276,0.0062,GREEN,45,Chennai
CLM0010656,CHE_04263,Chromepet,2022-06-17,16,0,0,0,0,0,0,0,0,0,0.0,0.973041,0,0.0,0,82,3,1,0.2449,0.0,GREEN,30,Chennai
CLM0010657,CHE_03995,Porur,2024-09-24,11,0,0,0,0,0,0,0,0,0,1.0,0.338809,0,0.0,0,167,1,1,0.4778,0.0522,GREEN,38,Chennai
CLM0010658,CHE_08928,Velachery,2021-03-12,15,0,0,0,0,0,0,0,0,0,0.0,0.96292,0,0.0,0,228,0,5,0.1055,0.0038,GREEN,53,Chennai
CLM0010659,CHE_03177,Sholinganallur,2023-03-04,7,0,0,0,0,0,0,0,0,0,0.0,0.124446,0,0.0,0,420,1,0,0.98,0.0,GREEN,25,Chennai
CLM0010660,CHE_01313,T Nagar,2017-10-24,12,0,0,0,0,0,0,0,0,0,0.0,1.0,0,0.0,0,417,0,4,0.8049,0.0,GREEN,45,Chennai
CLM0010661,CHE_03895,Sholinganallur,2023-05-03,19,0,0,0,0,0,0,0,0,0,1.0,0.134075,0,0.0,0,116,3,0,0.9294,0.0224,GREEN,52,Chennai
CLM0010662,CHE_09753,T Nagar,2024-12-26,13,0,0,0,0,0,0,0,0,0,0.0,1.0,0,1.0,0,361,4,7,0.98,0.0,GREEN,39,Chennai
CLM0010663,CHE_02880,Velachery,2024-08-09,18,0,0,0,0,0,1,0,0,0,0.0,0.224268,0,0.0,0,159,1,6,0.05,0.0117,GREEN,42,Chennai
CLM0010664,CHE_01594,Adyar,2025-02-22,18,0,0,0,0,0,1,0,0,0,0.0,0.300481,0,0.0,0,120,3,4,0.8593,0.0522,GREEN,50,Chennai
CLM0010665,CHE_03705,Velachery,2025-11-14,19,0,0,0,0,0,0,0,0,0,0.0,0.038311,0,0.0,0,158,3,1,0.8302,0.0022,GREEN,33,Chennai
CLM0010666,CHE_07988,Guindy,2024-08-13,17,0,0,0,0,0,0,0,0,0,0.0,0.055649,0,0.0,0,131,4,1,0.5815,0.0244,GREEN,49,Chennai
CLM0010667,CHE_00397,Adyar,2025-10-11,7,0,0,0,0,0,0,1,0,0,0.0,0.0,0,0.0,0,420,2,5,0.7272,0.0955,GREEN,18,Chennai
CLM0010668,CHE_08671,Sholinganallur,2025-08-05,7,0,0,0,1,0,0,0,1,0,0.0,0.31953,0,0.0,0,371,4,3,0.2008,0.1716,GREEN,26,Chennai
CLM0010669,CHE_07470,Anna Nagar,2024-07-15,18,0,1,1,1,1,0,1,0,0,0.0,0.880038,0,1.0,0,5,1,18,0.05,0.667,RED,42,Chennai
CLM0010670,CHE_05963,Tambaram,2018-12-07,11,0,1,1,1,1,1,0,1,1,1.0,0.920912,0,0.0,1,27,0,18,0.3105,0.863,RED,31,Chennai
CLM0010671,CHE_08672,Adyar,2019-06-17,21,0,1,1,1,0,0,1,1,1,0.0,0.989508,1,0.0,1,5,0,18,0.98,0.6835,RED,47,Chennai
CLM0010672,CHE_08158,Anna Nagar,2024-04-25,8,0,1,1,1,1,0,1,1,0,0.0,0.13104,0,0.0,1,5,2,18,0.9713,0.6858,RED,40,Chennai
CLM0010673,CHE_07320,Adyar,2021-09-20,17,0,0,0,0,1,0,1,1,0,0.0,0.116816,0,0.0,0,25,0,4,0.5011,0.1842,GREEN,55,Chennai
CLM0010674,CHE_09920,T Nagar,2023-03-03,8,0,0,0,0,0,0,0,0,0,0.0,0.243466,0,0.0,0,25,4,0,0.4714,0.0,GREEN,34,Chennai
CLM0010675,CHE_08327,Guindy,2021-01-19,17,0,0,0,0,0,0,0,0,0,1.0,0.096927,0,0.0,0,176,1,2,0.7277,0.0127,GREEN,47,Chennai
CLM0010676,CHE_04882,Velachery,2023-02-17,7,0,0,0,0,0,0,0,0,0,0.0,0.192065,0,1.0,0,325,2,0,0.3394,0.0,GREEN,46,Chennai
CLM0010677,CHE_09454,Tambaram,2023-12-29,8,0,0,0,0,0,0,0,0,1,0.0,0.075505,0,0.0,1,395,3,1,0.673,0.1846,GREEN,38,Chennai
CLM0010678,CHE_00300,Adyar,2020-12-06,8,0,0,0,1,0,1,0,0,0,0.0,0.0,1,0.0,0,35,3,1,0.741,0.247,GREEN,42,Chennai
CLM0010679,CHE_06866,Velachery,2024-08-05,19,0,0,0,0,0,0,0,0,0,1.0,1.0,0,0.0,0,337,4,0,0.6015,0.0314,GREEN,55,Chennai
CLM0010680,CHE_02009,T Nagar,2024-07-06,11,0,0,0,1,1,1,1,0,1,1.0,1.0,0,0.0,0,5,2,18,0.1786,0.0,GREEN,43,Chennai
CLM0010681,CHE_02044,T Nagar,2023-12-18,15,0,0,0,0,0,1,0,0,0,0.0,1.0,0,0.0,0,350,2,1,0.9471,0.0,GREEN,31,Chennai
CLM0010682,CHE_06059,Sholinganallur,2025-10-29,8,0,0,0,1,0,0,1,0,0,0.0,1.0,0,0.0,0,212,2,1,0.7085,0.2029,GREEN,39,Chennai
CLM0010683,CHE_09237,Porur,2023-11-02,21,0,0,0,0,0,0,0,0,1,0.0,0.142737,0,0.0,0,116,4,3,0.9374,0.1558,GREEN,30,Chennai
CLM0010684,CHE_01275,T Nagar,2025-05-23,21,0,0,0,0,0,0,0,0,0,0.0,0.242888,0,0.0,0,420,1,1,0.5271,0.0,GREEN,37,Chennai
CLM0010685,CHE_00620,Anna Nagar,2020-08-15,10,0,0,0,1,0,1,1,0,0,0.0,0.302187,0,1.0,0,263,4,2,0.6034,0.2413,GREEN,38,Chennai
CLM0010686,CHE_03752,T Nagar,2024-05-04,8,0,0,0,0,0,0,1,0,0,0.0,0.134535,0,0.0,0,224,0,2,0.5778,0.14,GREEN,48,Chennai
CLM0010687,CHE_07275,Adyar,2020-01-09,8,0,1,1,0,0,0,0,0,0,0.0,0.049309,0,0.0,0,247,0,2,0.711,0.0,GREEN,43,Chennai
CLM0010688,CHE_02049,T Nagar,2020-12-07,15,0,1,1,0,0,0,0,0,0,0.0,0.051206,0,0.0,0,225,0,4,0.1283,0.0,GREEN,31,Chennai
CLM0010689,CHE_03785,Velachery,2024-09-25,17,0,0,0,0,0,0,1,0,0,0.0,0.0,0,0.0,0,5,0,5,0.3435,0.0752,GREEN,65,Chennai
CLM0010690,CHE_07367,T Nagar,2024-06-30,12,0,0,0,0,0,0,0,0,0,1.0,0.96986,0,1.0,0,355,4,3,0.4116,0.0238,GREEN,35,Chennai
CLM0010691,CHE_07015,Perambur,2024-06-20,15,0,0,0,0,0,0,1,0,0,0.0,0.297178,0,0.0,0,135,3,0,0.6608,0.0935,GREEN,29,Chennai
CLM0010692,CHE_05733,Tambaram,2025-07-28,18,0,0,0,0,0,1,0,0,0,0.0,0.0,0,0.0,0,86,3,4,0.8978,0.1049,GREEN,46,Chennai
CLM0010693,CHE_04812,Chromepet,2024-08-11,13,0,0,0,0,0,0,0,0,1,1.0,1.0,0,1.0,0,132,0,0,0.7226,0.1027,GREEN,54,Chennai
CLM0010694,CHE_02732,Porur,2025-09-27,19,0,0,0,0,1,0,1,0,0,1.0,0.289878,0,0.0,0,53,0,7,0.7053,0.1625,GREEN,32,Chennai
CLM0010695,CHE_00465,Adyar,2024-07-15,12,0,0,0,0,0,0,0,0,0,1.0,1.0,0,1.0,0,417,0,0,0.5181,0.0,GREEN,21,Chennai
CLM0010696,CHE_08459,Perambur,2025-04-08,7,0,0,0,0,0,0,0,0,0,0.0,0.146342,0,0.0,0,301,3,1,0.2556,0.0,GREEN,32,Chennai
CLM0010697,CHE_06757,Porur,2024-11-13,20,0,0,0,0,0,0,0,0,0,0.0,0.033624,0,0.0,0,5,1,2,0.6965,0.003,GREEN,32,Chennai
CLM0010698,CHE_07653,Chromepet,2024-06-19,11,0,0,0,0,0,0,0,0,0,0.0,0.967419,1,0.0,0,420,4,2,0.6022,0.0432,GREEN,50,Chennai
CLM0010699,CHE_00315,Chromepet,2025-12-30,13,0,0,0,0,0,0,1,1,0,0.0,0.888256,0,0.0,0,106,2,4,0.05,0.237,GREEN,48,Chennai
CLM0010700,CHE_04470,T Nagar,2025-04-08,8,0,0,0,0,0,0,0,0,0,0.0,0.249525,0,0.0,0,206,3,1,0.9282,0.0,GREEN,47,Chennai
CLM0010701,CHE_08978,Chromepet,2025-05-09,9,0,0,0,0,0,0,0,0,0,1.0,1.0,0,1.0,0,146,3,0,0.98,0.0561,GREEN,38,Chennai
CLM0010702,CHE_09725,Chromepet,2025-09-10,7,0,0,0,0,0,0,0,0,0,1.0,0.421868,0,0.0,0,381,0,0,0.4953,0.0388,GREEN,35,Chennai
CLM0010703,CHE_03457,T Nagar,2025-10-17,15,0,0,0,0,0,0,0,1,0,0.0,1.0,0,0.0,0,420,4,3,0.8654,0.0857,GREEN,35,Chennai
CLM0010704,CHE_04411,Anna Nagar,2023-09-29,14,0,0,0,0,0,0,0,0,0,0.0,0.351832,0,0.0,0,110,3,0,0.7485,0.073,GREEN,42,Chennai
CLM0010705,CHE_05983,Velachery,2025-05-18,17,0,0,0,0,0,0,0,0,0,0.0,0.252696,0,0.0,0,228,1,3,0.4283,0.0466,GREEN,43,Chennai
CLM0010706,CHE_08901,Anna Nagar,2024-06-07,9,0,0,0,0,0,0,0,0,0,0.0,0.408392,0,0.0,0,420,2,2,0.7457,0.0671,GREEN,47,Chennai
CLM0010707,CHE_02424,Tambaram,2024-12-25,18,0,0,0,0,0,0,0,1,0,0.0,0.375035,0,0.0,0,261,0,2,0.9086,0.1278,GREEN,45,Chennai
CLM0010708,CHE_01201,Tambaram,2025-11-27,21,0,0,0,0,0,0,1,0,0,0.0,0.28819,0,0.0,0,420,0,0,0.151,0.151,GREEN,40,Chennai
CLM0010709,CHE_05550,T Nagar,2019-07-27,18,0,0,0,1,1,0,1,1,1,1.0,0.0,0,0.0,1,5,3,13,0.233,0.0464,GREEN,28,Chennai
CLM0010710,CHE_01889,Adyar,2019-10-06,14,0,0,0,0,0,0,0,0,0,0.0,0.208969,0,0.0,0,362,2,0,0.711,0.1052,GREEN,39,Chennai
CLM0010711,CHE_02245,T Nagar,2019-09-23,9,0,0,0,0,0,0,0,0,0,0.0,0.154606,0,0.0,0,283,0,4,0.7129,0.0,GREEN,29,Chennai
CLM0010712,CHE_09269,T Nagar,2023-01-17,14,0,0,0,1,0,0,1,1,0,1.0,1.0,0,0.0,1,29,3,18,0.05,0.1157,GREEN,34,Chennai
CLM0010713,CHE_00639,T Nagar,2025-08-23,16,0,0,0,0,0,0,0,1,0,0.0,0.111203,0,0.0,0,401,0,5,0.7904,0.2399,GREEN,52,Chennai
CLM0010714,CHE_05966,Adyar,2018-08-05,12,0,0,0,0,0,0,0,1,0,0.0,0.825532,0,0.0,0,141,3,2,0.4339,0.0351,GREEN,27,Chennai
CLM0010715,CHE_05853,Chromepet,2025-11-26,21,0,0,0,0,0,0,0,0,0,0.0,0.0,0,0.0,0,229,4,0,0.1574,0.0,GREEN,47,Chennai
CLM0010716,CHE_02155,T Nagar,2025-10-27,16,0,0,0,0,0,0,0,0,0,0.0,0.341,0,0.0,0,389,1,0,0.6405,0.0,GREEN,22,Chennai
CLM0010717,CHE_09233,Porur,2018-07-26,18,0,0,0,0,0,1,0,1,0,1.0,0.394248,0,0.0,0,222,2,5,0.8123,0.2052,GREEN,21,Chennai
CLM0010718,CHE_09765,T Nagar,2025-12-15,9,0,0,0,0,0,0,0,0,0,0.0,0.040132,0,0.0,1,264,0,5,0.9323,0.0204,GREEN,54,Chennai
CLM0010719,CHE_05291,Tambaram,2025-06-14,21,0,0,0,0,0,0,0,0,0,0.0,0.133376,0,0.0,0,63,1,4,0.903,0.0111,GREEN,42,Chennai
CLM0010720,CHE_00534,Chromepet,2020-05-05,17,0,1,1,0,0,0,0,0,0,0.0,0.408444,0,0.0,0,420,4,2,0.6888,0.0,GREEN,45,Chennai
CLM0010721,CHE_03995,Porur,2023-02-28,9,0,0,0,0,0,0,0,0,0,0.0,0.114231,0,0.0,0,261,0,1,0.1937,0.1397,GREEN,38,Chennai
CLM0010722,CHE_01593,Guindy,2021-06-03,11,0,0,0,0,0,0,0,0,0,0.0,0.27635,0,0.0,0,248,3,0,0.8605,0.1111,GREEN,48,Chennai
CLM0010723,CHE_01311,Porur,2020-06-09,13,0,0,0,0,0,1,0,0,0,0.0,1.0,0,0.0,0,145,0,0,0.7138,0.0628,GREEN,30,Chennai
CLM0010724,CHE_00839,Adyar,2024-03-04,9,0,0,0,0,0,0,0,0,0,0.0,0.24207,0,0.0,0,241,0,1,0.8659,0.0,GREEN,32,Chennai
CLM0010725,CHE_01166,Anna Nagar,2023-11-23,8,0,0,0,0,0,0,0,0,0,1.0,0.122167,0,0.0,0,311,4,4,0.0739,0.0412,GREEN,33,Chennai
CLM0010726,CHE_01723,Sholinganallur,2018-08-29,16,0,0,0,0,0,0,0,0,0,0.0,0.085146,0,0.0,0,44,1,3,0.5159,0.0,GREEN,44,Chennai
CLM0010727,CHE_06429,Sholinganallur,2021-04-15,13,0,0,0,0,0,0,0,0,0,0.0,0.247682,0,0.0,0,420,2,1,0.7439,0.1344,GREEN,41,Chennai
CLM0010728,CHE_09494,Perambur,2025-06-30,21,0,0,0,1,0,0,0,0,0,0.0,0.880837,0,0.0,0,131,2,4,0.083,0.096,GREEN,43,Chennai
CLM0010729,CHE_06394,Porur,2018-06-08,17,0,0,0,0,0,0,1,0,0,0.0,0.022216,0,0.0,0,222,3,1,0.98,0.1095,GREEN,24,Chennai
CLM0010730,CHE_09062,T Nagar,2023-03-14,10,0,0,0,0,0,0,0,0,0,0.0,1.0,0,0.0,0,31,2,1,0.05,0.0897,GREEN,51,Chennai
CLM0010731,CHE_04892,Porur,2024-07-31,19,0,0,0,1,0,0,0,0,0,0.0,0.285416,0,1.0,0,159,3,0,0.05,0.1294,GREEN,48,Chennai
CLM0010732,CHE_09833,Guindy,2018-10-29,16,0,0,0,0,0,1,0,0,0,0.0,0.169222,0,0.0,0,199,4,6,0.7632,0.1059,GREEN,53,Chennai
CLM0010733,CHE_00886,T Nagar,2018-06-12,20,0,0,0,0,0,0,0,0,0,0.0,0.949149,1,0.0,0,210,2,5,0.7255,0.0777,GREEN,47,Chennai
CLM0010734,CHE_03188,Perambur,2020-01-04,21,0,0,0,0,0,0,0,0,0,0.0,0.346738,0,0.0,0,358,2,2,0.5556,0.0593,GREEN,18,Chennai
CLM0010735,CHE_04813,Porur,2022-07-26,13,0,0,0,0,0,0,0,0,0,1.0,0.050978,0,0.0,0,341,2,3,0.7201,0.0,GREEN,52,Chennai
CLM0010736,CHE_06960,Porur,2022-08-20,19,0,0,0,0,0,0,0,1,0,0.0,0.328811,0,0.0,0,278,4,3,0.3343,0.2121,GREEN,43,Chennai
CLM0010737,CHE_01034,Guindy,2023-06-17,17,0,0,0,0,0,1,0,0,0,1.0,0.25546,0,0.0,0,420,4,3,0.98,0.0783,GREEN,49,Chennai
CLM0010738,CHE_02890,Anna Nagar,2016-12-01,12,0,0,0,0,0,0,0,0,0,0.0,0.988299,0,0.0,0,230,1,5,0.6868,0.0392,GREEN,54,Chennai
CLM0010739,CHE_08666,Adyar,2019-08-11,20,0,0,0,0,0,0,0,0,0,0.0,0.972441,0,0.0,0,420,1,2,0.98,0.0,GREEN,50,Chennai
CLM0010740,CHE_01435,Guindy,2024-08-14,14,0,0,0,0,0,0,0,0,0,0.0,0.073464,0,0.0,0,102,2,2,0.98,0.0561,GREEN,56,Chennai
CLM0010741,CHE_02753,Porur,2017-10-04,13,0,0,0,0,0,0,0,0,0,0.0,0.47013,0,0.0,0,420,0,2,0.5571,0.0,GREEN,39,Chennai
CLM0010742,CHE_06065,Guindy,2020-12-04,8,0,0,0,0,0,0,0,0,0,0.0,0.170026,1,0.0,0,221,0,0,0.8255,0.119,GREEN,33,Chennai
CLM0010743,CHE_00862,Velachery,2022-11-14,9,0,0,0,0,0,0,0,0,0,0.0,0.232306,0,0.0,0,283,0,4,0.0908,0.0157,GREEN,58,Chennai
CLM0010744,CHE_01277,Sholinganallur,2019-11-05,18,0,0,0,1,0,0,0,0,0,0.0,0.46128,0,0.0,0,420,2,3,0.8271,0.2443,GREEN,25,Chennai
CLM0010745,CHE_07321,Chromepet,2016-08-29,17,0,1,1,0,0,0,0,0,0,0.0,0.282301,0,0.0,0,190,2,0,0.8491,0.0,GREEN,53,Chennai
CLM0010746,CHE_02363,Velachery,2024-01-10,16,0,0,0,0,0,0,0,0,0,1.0,0.077296,0,0.0,0,217,3,4,0.8538,0.0584,GREEN,46,Chennai
CLM0010747,CHE_03201,Velachery,2021-12-04,20,0,0,0,0,0,0,0,0,0,0.0,0.299235,0,0.0,0,242,2,2,0.6696,0.0,GREEN,47,Chennai
CLM0010748,CHE_08530,Sholinganallur,2019-01-29,12,0,0,0,0,0,0,0,0,0,0.0,0.979592,0,0.0,0,401,2,3,0.6144,0.0656,GREEN,36,Chennai
CLM0010749,CHE_01111,Sholinganallur,2019-05-10,8,0,0,0,0,0,0,0,1,0,0.0,0.112259,0,0.0,0,70,3,0,0.7808,0.0755,GREEN,31,Chennai
CLM0010750,CHE_01102,Perambur,2020-02-18,17,0,0,0,1,0,0,0,1,0,0.0,0.32084,0,0.0,0,101,3,4,0.5928,0.2164,GREEN,27,Chennai
CLM0010751,CHE_04479,Tambaram,2020-01-27,18,0,0,0,0,0,0,0,0,0,0.0,0.149215,0,0.0,0,229,4,1,0.8375,0.0348,GREEN,43,Chennai
CLM0010752,CHE_03934,T Nagar,2021-09-26,16,0,0,0,0,0,0,0,0,0,0.0,0.148516,0,0.0,0,207,4,0,0.7787,0.0532,GREEN,32,Chennai
CLM0010753,CHE_03115,Guindy,2018-09-22,14,0,0,0,0,0,0,0,0,0,0.0,0.414725,0,0.0,0,322,3,3,0.624,0.0,GREEN,39,Chennai
CLM0010754,CHE_06901,Adyar,2018-04-13,20,0,0,0,0,0,0,0,1,0,0.0,0.270639,0,0.0,0,109,2,5,0.8001,0.0186,GREEN,34,Chennai
CLM0010755,CHE_08574,Velachery,2025-11-27,15,0,1,1,0,0,0,0,0,0,0.0,0.21235,0,0.0,0,420,4,2,0.1674,0.0613,GREEN,34,Chennai
CLM0010756,CHE_05857,Perambur,2017-12-15,14,0,0,0,0,0,0,0,0,0,0.0,0.323942,0,0.0,0,371,4,0,0.8084,0.0,GREEN,55,Chennai
CLM0010757,CHE_03174,Guindy,2025-01-30,18,0,0,0,1,0,0,1,1,1,0.0,0.028232,0,0.0,1,5,4,18,0.8111,0.0404,GREEN,35,Chennai
CLM0010758,CHE_05883,Tambaram,2021-09-20,7,0,0,0,0,0,0,0,0,0,0.0,0.0,0,1.0,0,48,0,2,0.7236,0.0929,GREEN,47,Chennai
CLM0010759,CHE_07019,Perambur,2018-03-12,18,0,0,0,0,0,0,0,1,0,0.0,0.350942,0,1.0,0,420,3,0,0.8674,0.1428,GREEN,27,Chennai
CLM0010760,CHE_07378,Sholinganallur,2018-12-17,12,0,0,0,0,0,0,0,0,0,0.0,0.425859,0,0.0,0,30,3,5,0.7949,0.0,GREEN,43,Chennai
CLM0010761,CHE_00910,Adyar,2025-04-03,18,0,0,0,0,0,0,0,0,0,0.0,0.153313,0,1.0,0,128,0,2,0.5089,0.0492,GREEN,48,Chennai
CLM0010762,CHE_07657,Tambaram,2018-07-20,15,0,0,0,0,0,0,0,1,0,0.0,0.0,0,0.0,0,331,1,5,0.6833,0.0928,GREEN,44,Chennai
CLM0010763,CHE_01858,Porur,2020-12-03,7,0,0,0,0,0,0,0,0,1,0.0,0.080509,0,0.0,0,148,2,4,0.6998,0.1892,GREEN,48,Chennai
CLM0010764,CHE_00188,Guindy,2020-12-17,21,0,0,0,0,0,0,0,0,0,1.0,0.0,0,0.0,0,420,2,0,0.6709,0.0767,GREEN,40,Chennai
CLM0010765,CHE_01771,Guindy,2020-10-27,11,0,0,0,0,0,0,0,0,0,0.0,0.182557,0,0.0,0,171,2,4,0.05,0.0481,GREEN,48,Chennai
CLM0010766,CHE_06957,Anna Nagar,2023-05-31,14,0,0,0,0,0,0,0,0,0,0.0,0.15795,0,0.0,0,354,1,0,0.7822,0.0781,GREEN,25,Chennai
CLM0010767,CHE_06413,Adyar,2024-03-15,8,0,0,0,0,0,0,1,0,0,0.0,0.035375,0,0.0,0,176,4,5,0.1492,0.0394,GREEN,56,Chennai
CLM0010768,CHE_06063,Guindy,2016-11-12,21,0,0,0,0,0,0,0,1,0,1.0,0.192459,0,0.0,0,232,2,1,0.7877,0.0982,GREEN,18,Chennai
CLM0010769,CHE_09019,Anna Nagar,2018-05-22,21,0,0,0,0,0,0,1,1,0,0.0,0.402881,0,0.0,0,220,4,1,0.5583,0.1755,GREEN,38,Chennai
CLM0010770,CHE_04181,Sholinganallur,2017-04-20,11,0,0,0,0,0,0,0,1,0,0.0,0.391298,0,0.0,0,46,4,0,0.5169,0.0941,GREEN,41,Chennai
CLM0010771,CHE_05377,Anna Nagar,2025-12-19,9,0,0,0,0,0,0,0,1,0,0.0,0.320473,0,0.0,1,345,2,0,0.5597,0.1655,GREEN,49,Chennai
CLM0010772,CHE_00661,Anna Nagar,2025-11-09,14,0,0,0,0,0,0,0,0,0,0.0,0.0,0,0.0,0,186,2,2,0.8699,0.0161,GREEN,36,Chennai
CLM0010773,CHE_02705,Adyar,2021-10-29,12,0,0,0,0,0,1,0,1,1,0.0,0.288498,0,1.0,0,74,3,0,0.98,0.2943,GREEN,51,Chennai
CLM0010774,CHE_03587,Perambur,2020-12-24,21,0,0,0,0,0,0,1,0,0,0.0,0.269109,0,0.0,0,400,3,0,0.98,0.0594,GREEN,35,Chennai
CLM0010775,CHE_09225,Adyar,2019-08-15,7,0,0,0,0,0,0,0,0,0,0.0,0.117051,0,0.0,0,412,0,2,0.6399,0.0579,GREEN,54,Chennai
CLM0010776,CHE_07244,Chromepet,2016-06-22,7,0,0,0,1,0,1,0,1,1,1.0,0.0,0,0.0,1,22,1,18,0.2602,0.0522,GREEN,33,Chennai
CLM0010777,CHE_04192,Guindy,2024-05-10,9,0,0,0,1,1,1,1,1,0,0.0,1.0,0,1.0,1,39,4,18,0.2579,0.1858,GREEN,52,Chennai
CLM0010778,CHE_05730,Perambur,2018-01-07,12,0,0,0,1,0,0,0,0,0,0.0,0.416833,0,1.0,0,61,1,0,0.4395,0.1583,GREEN,34,Chennai
CLM0010779,CHE_06429,Sholinganallur,2017-05-17,9,0,0,0,0,0,0,0,0,0,1.0,0.058491,0,0.0,0,161,2,0,0.8436,0.2045,GREEN,41,Chennai
CLM0010780,CHE_03220,Perambur,2017-10-26,11,0,1,1,0,0,0,0,0,0,1.0,0.134628,0,1.0,0,420,4,1,0.1946,0.1191,GREEN,45,Chennai
CLM0010781,CHE_02568,Sholinganallur,2019-08-10,10,0,0,0,0,0,0,0,0,0,0.0,0.41941,0,0.0,0,258,1,2,0.2144,0.0471,GREEN,36,Chennai
CLM0010782,CHE_09620,Porur,2018-09-07,19,0,0,0,0,0,0,0,0,0,0.0,1.0,0,0.0,0,420,0,0,0.8356,0.0,GREEN,31,Chennai
CLM0010783,CHE_06753,Sholinganallur,2018-07-05,16,0,0,0,1,0,0,0,0,0,0.0,0.076792,0,0.0,0,132,2,4,0.5972,0.1165,GREEN,46,Chennai
CLM0010784,CHE_06349,Perambur,2025-08-06,9,0,0,0,0,0,1,0,0,0,0.0,0.194563,0,0.0,0,326,4,0,0.1623,0.2142,GREEN,40,Chennai
CLM0010785,CHE_03481,T Nagar,2023-02-27,19,0,0,0,0,0,0,0,0,0,0.0,0.322878,0,0.0,0,344,1,0,0.9081,0.0183,GREEN,26,Chennai
CLM0010786,CHE_06490,Anna Nagar,2020-04-15,13,0,0,0,0,0,0,0,1,0,0.0,0.0,0,0.0,0,420,4,3,0.8946,0.0492,GREEN,31,Chennai
CLM0010787,CHE_01483,Chromepet,2020-05-07,18,0,0,0,0,0,0,0,0,0,0.0,0.018602,0,0.0,0,286,3,1,0.7244,0.0,GREEN,45,Chennai
CLM0010788,CHE_02819,Anna Nagar,2024-08-02,11,0,0,0,0,0,0,0,0,1,0.0,0.327663,0,0.0,0,48,3,2,0.5805,0.0784,GREEN,48,Chennai
CLM0010789,CHE_05060,Sholinganallur,2020-11-11,7,0,0,0,0,0,1,0,0,1,0.0,0.371766,0,0.0,0,420,4,0,0.5436,0.1573,GREEN,54,Chennai
CLM0010790,CHE_04442,Guindy,2025-04-01,12,0,0,0,0,0,0,0,0,1,0.0,0.203964,0,0.0,0,344,0,3,0.8714,0.1371,GREEN,31,Chennai
CLM0010791,CHE_07878,Perambur,2024-12-02,16,0,0,0,0,0,0,0,1,0,0.0,0.260733,0,0.0,0,26,2,0,0.7111,0.0547,GREEN,22,Chennai
CLM0010792,CHE_09926,Perambur,2025-05-11,19,0,0,0,0,0,0,0,1,0,0.0,0.21678,0,0.0,0,365,4,3,0.9659,0.1463,GREEN,40,Chennai
CLM0010793,CHE_01526,Adyar,2024-12-31,21,0,1,1,0,0,0,0,1,0,0.0,0.363979,0,0.0,0,64,1,0,0.5511,0.0,GREEN,34,Chennai
CLM0010794,CHE_03708,T Nagar,2025-01-23,10,0,0,0,0,0,0,0,0,0,1.0,0.227158,0,0.0,0,366,3,0,0.5857,0.0926,GREEN,31,Chennai
CLM0010795,CHE_09184,Perambur,2025-12-03,13,0,0,0,0,0,0,0,0,0,0.0,0.313433,0,0.0,1,239,2,0,0.691,0.0455,GREEN,23,Chennai
CLM0010796,CHE_09960,Velachery,2022-10-01,8,0,1,1,1,0,0,1,0,0,1.0,0.988002,0,1.0,0,29,2,16,0.05,0.3202,YELLOW,45,Chennai
CLM0010797,CHE_05822,T Nagar,2019-12-21,13,0,1,1,1,1,0,0,1,1,1.0,0.44114,0,0.0,0,18,2,18,0.4422,0.5666,YELLOW,32,Chennai
CLM0010798,CHE_08029,Perambur,2022-04-26,10,0,1,1,1,0,0,0,1,1,1.0,1.0,1,1.0,0,21,2,18,0.2304,0.5986,YELLOW,51,Chennai
CLM0010799,CHE_01540,Sholinganallur,2022-04-07,7,0,1,1,0,0,1,1,1,0,0.0,1.0,1,1.0,1,5,1,18,0.8897,0.6463,RED,36,Chennai
CLM0010800,CHE_07723,Tambaram,2021-01-29,18,0,1,1,0,0,1,0,1,1,1.0,0.900153,1,0.0,0,5,1,18,0.1343,0.5685,YELLOW,47,Chennai
CLM0010801,CHE_02239,Perambur,2019-04-20,20,0,1,1,1,1,1,1,0,1,1.0,1.0,0,0.0,0,33,0,18,0.2258,0.6229,RED,41,Chennai
CLM0010802,CHE_07292,T Nagar,2018-11-24,8,0,1,1,1,1,0,1,1,1,1.0,0.055509,0,0.0,1,20,0,13,0.2069,0.6482,RED,38,Chennai
CLM0010803,CHE_09563,Sholinganallur,2019-03-27,8,0,1,1,1,1,0,0,0,0,0.0,0.124856,1,0.0,0,12,1,18,0.7387,0.3751,YELLOW,40,Chennai
CLM0010804,CHE_08666,Adyar,2023-03-21,20,0,1,1,0,0,0,0,0,0,0.0,0.360671,0,0.0,0,420,2,4,0.6856,0.6622,RED,50,Chennai
CLM0010805,CHE_02053,Guindy,2023-09-03,13,0,0,0,0,0,0,0,0,0,0.0,0.29497,0,0.0,0,193,3,0,0.6891,0.0,GREEN,51,Chennai
CLM0010806,CHE_03330,Velachery,2024-04-13,19,0,0,0,0,0,0,0,0,1,0.0,0.139892,0,0.0,0,313,2,0,0.7916,0.1109,GREEN,53,Chennai
CLM0010807,CHE_07168,T Nagar,2021-10-28,10,0,0,0,0,0,0,0,0,0,0.0,0.161286,0,1.0,0,240,3,4,0.7449,0.0013,GREEN,42,Chennai
CLM0010808,CHE_05091,Tambaram,2020-06-05,8,0,0,0,0,0,0,0,0,0,0.0,0.413161,0,1.0,0,420,3,6,0.7595,0.0,GREEN,36,Chennai
CLM0010809,CHE_00046,Velachery,2022-02-08,16,0,0,0,0,0,1,0,0,0,0.0,0.0,0,0.0,0,352,4,6,0.4394,0.1952,GREEN,42,Chennai
CLM0010810,CHE_00926,Velachery,2022-03-26,8,0,0,0,0,0,0,0,0,0,0.0,0.26551,0,0.0,0,320,0,0,0.725,0.0,GREEN,35,Chennai
CLM0010811,CHE_02104,Anna Nagar,2021-03-13,16,0,0,0,0,0,0,0,0,0,0.0,0.291395,0,0.0,0,115,1,2,0.98,0.0,GREEN,35,Chennai
CLM0010812,CHE_04464,Sholinganallur,2021-12-08,16,0,0,0,0,0,0,0,0,0,0.0,0.072462,0,0.0,0,22,0,0,0.9738,0.0,GREEN,43,Chennai
CLM0010813,CHE_06683,T Nagar,2023-10-14,18,0,0,0,0,0,0,0,0,0,0.0,0.272161,0,0.0,0,294,3,6,0.719,0.0,GREEN,31,Chennai
CLM0010814,CHE_09200,Guindy,2020-02-24,7,0,0,0,0,0,1,1,0,0,0.0,0.052902,0,0.0,0,409,1,0,0.5842,0.1496,GREEN,30,Chennai
CLM0010815,CHE_04660,Perambur,2025-04-12,14,0,0,0,0,0,0,0,0,0,0.0,1.0,0,0.0,0,57,3,1,0.4499,0.0,GREEN,31,Chennai
CLM0010816,CHE_06180,Velachery,2021-11-24,12,0,0,0,0,0,0,0,0,0,0.0,0.072291,0,0.0,0,420,3,2,0.602,0.0659,GREEN,31,Chennai
CLM0010817,CHE_02443,Adyar,2023-08-25,12,0,0,0,1,0,0,0,0,0,0.0,0.020514,0,0.0,0,92,0,3,0.691,0.168,GREEN,40,Chennai
CLM0010818,CHE_01074,Porur,2024-06-09,11,0,0,0,0,0,1,1,1,1,1.0,1.0,1,0.0,0,5,3,18,0.05,0.1483,GREEN,46,Chennai
CLM0010819,CHE_04406,Tambaram,2024-10-30,19,0,0,0,0,0,0,0,0,0,0.0,0.125103,0,0.0,0,117,3,3,0.6952,0.0147,GREEN,25,Chennai
CLM0010820,CHE_04904,T Nagar,2022-10-10,7,0,0,0,0,1,0,0,1,1,0.0,0.164802,0,0.0,1,5,2,18,0.9453,0.0,GREEN,31,Chennai
CLM0010821,CHE_05746,Adyar,2024-03-16,14,0,0,0,0,0,0,0,0,0,0.0,0.139109,0,0.0,0,159,2,2,0.2187,0.005,GREEN,54,Chennai
CLM0010822,CHE_01553,Porur,2023-03-31,11,0,0,0,0,0,1,0,0,0,0.0,0.087955,0,0.0,0,194,1,1,0.3852,0.0817,GREEN,51,Chennai
CLM0010823,CHE_09774,Anna Nagar,2022-11-23,16,0,0,0,0,1,0,0,1,0,0.0,0.344737,0,0.0,0,285,1,6,0.6543,0.2086,GREEN,46,Chennai
CLM0010824,CHE_07765,Perambur,2023-10-24,7,0,0,0,0,0,0,0,0,0,0.0,0.955282,0,0.0,0,122,1,3,0.6848,0.0,GREEN,37,Chennai
CLM0010825,CHE_09989,Sholinganallur,2023-09-14,13,0,0,0,0,0,1,1,0,0,0.0,0.962302,0,0.0,0,119,3,3,0.4117,0.1599,GREEN,41,Chennai
CLM0010826,CHE_01437,Perambur,2015-06-26,21,0,0,0,0,0,0,0,1,0,0.0,0.940251,0,0.0,0,223,1,0,0.8436,0.1416,GREEN,38,Chennai
CLM0010827,CHE_02433,Anna Nagar,2022-05-26,14,0,0,0,0,0,0,0,0,0,0.0,0.25572,0,0.0,0,61,1,7,0.98,0.0868,GREEN,41,Chennai
CLM0010828,CHE_02647,Porur,2015-07-14,9,0,0,0,0,0,0,0,0,0,0.0,0.273218,0,0.0,0,420,2,4,0.6092,0.0,GREEN,44,Chennai
CLM0010829,CHE_02692,Sholinganallur,2023-01-28,15,0,0,0,0,0,0,1,0,0,0.0,0.419402,0,0.0,0,108,2,1,0.7254,0.1212,GREEN,47,Chennai
CLM0010830,CHE_05833,Tambaram,2019-10-25,16,0,0,0,1,1,1,1,1,0,0.0,0.080386,0,0.0,1,5,0,18,0.8624,0.1004,GREEN,28,Chennai
CLM0010831,CHE_07394,Chromepet,2020-03-05,16,0,0,0,0,0,0,0,0,0,0.0,0.0,0,0.0,0,420,3,4,0.98,0.0288,GREEN,35,Chennai
CLM0010832,CHE_05692,Porur,2022-02-22,20,0,0,0,0,0,0,0,1,0,1.0,0.902266,0,1.0,0,229,4,0,0.2371,0.0989,GREEN,29,Chennai
CLM0010833,CHE_03791,Anna Nagar,2024-07-12,17,0,0,0,0,0,0,0,0,0,1.0,0.304234,0,0.0,0,59,4,1,0.98,0.0148,GREEN,47,Chennai
CLM0010834,CHE_05085,Porur,2021-08-04,21,0,0,0,0,0,0,0,0,0,0.0,0.172637,0,0.0,0,111,2,0,0.664,0.0,GREEN,35,Chennai
CLM0010835,CHE_04239,T Nagar,2021-09-14,7,0,0,0,0,0,0,0,0,0,0.0,0.323845,0,0.0,0,384,1,2,0.5007,0.1481,GREEN,35,Chennai
CLM0010836,CHE_02512,Tambaram,2021-03-09,8,0,0,0,0,0,0,0,0,0,0.0,0.0,0,0.0,0,218,1,5,0.8566,0.0239,GREEN,32,Chennai
CLM0010837,CHE_05076,Guindy,2025-08-17,9,0,0,0,0,0,1,0,1,0,0.0,0.126724,0,0.0,0,420,4,6,0.8549,0.2035,GREEN,47,Chennai
CLM0010838,CHE_04033,Chromepet,2022-06-28,12,0,0,0,1,0,1,0,0,0,0.0,0.389674,0,0.0,0,5,4,6,0.5017,0.3316,YELLOW,45,Chennai
CLM0010839,CHE_01782,Guindy,2025-08-10,9,0,0,0,0,0,0,1,0,0,0.0,0.409219,0,0.0,0,217,0,1,0.6013,0.0425,GREEN,42,Chennai
CLM0010840,CHE_03765,Perambur,2025-08-12,7,0,0,0,0,0,0,0,0,0,1.0,0.006071,0,0.0,0,349,4,4,0.98,0.1522,GREEN,49,Chennai
CLM0010841,CHE_06557,Anna Nagar,2025-04-06,18,0,0,0,0,1,0,0,1,0,0.0,0.091943,0,0.0,0,416,2,1,0.9319,0.2365,GREEN,35,Chennai
CLM0010842,CHE_04390,Porur,2025-10-18,12,0,0,0,0,0,0,0,0,0,0.0,0.360132,0,0.0,0,285,1,0,0.9093,0.0,GREEN,54,Chennai
CLM0010843,CHE_06255,Chromepet,2025-02-27,16,0,0,0,0,0,0,0,0,0,0.0,0.308926,0,0.0,0,176,4,3,0.5778,0.0107,GREEN,38,Chennai
CLM0010844,CHE_04279,T Nagar,2025-12-17,18,0,0,0,0,0,0,0,0,0,0.0,0.251147,0,0.0,0,240,4,3,0.6179,0.0,GREEN,57,Chennai
CLM0010845,CHE_00089,T Nagar,2025-03-24,8,0,0,0,0,0,0,0,0,0,1.0,0.0,0,0.0,1,37,3,5,0.8335,0.0784,GREEN,27,Chennai
CLM0010846,CHE_00330,Porur,2025-08-23,19,0,0,0,0,0,0,0,0,0,0.0,0.436752,0,0.0,0,93,0,4,0.1744,0.0,GREEN,40,Chennai
CLM0010847,CHE_04076,Adyar,2025-11-05,10,0,0,0,0,0,0,0,0,0,0.0,0.078683,0,0.0,0,317,3,3,0.657,0.0,GREEN,44,Chennai
CLM0010848,CHE_03898,Adyar,2024-06-26,16,0,0,0,0,0,0,0,0,0,0.0,0.0,0,0.0,0,275,4,0,0.5032,0.1217,GREEN,48,Chennai
CLM0010849,CHE_02355,Guindy,2023-09-11,13,0,0,0,0,0,0,0,0,0,0.0,0.152523,0,0.0,0,282,3,2,0.7711,0.0737,GREEN,36,Chennai
CLM0010850,CHE_05168,Anna Nagar,2024-12-15,12,0,0,0,0,0,0,0,1,0,0.0,0.077469,0,0.0,0,5,4,2,0.1844,0.1448,GREEN,30,Chennai
CLM0010851,CHE_09720,Chromepet,2025-08-31,10,0,0,0,0,0,0,0,0,0,0.0,0.401668,0,0.0,0,420,2,2,0.98,0.0,GREEN,53,Chennai
CLM0010852,CHE_08826,T Nagar,2024-11-07,19,0,0,0,0,0,0,0,0,0,0.0,0.134698,1,0.0,0,420,2,4,0.4936,0.0301,GREEN,37,Chennai
CLM0010853,CHE_04794,Chromepet,2024-10-17,20,0,0,0,0,0,0,0,0,0,0.0,0.202793,0,0.0,0,69,1,0,0.98,0.0,GREEN,40,Chennai
CLM0010854,CHE_01016,Tambaram,2024-01-30,18,0,0,0,0,0,0,0,0,0,0.0,0.159373,0,0.0,0,170,1,1,0.6674,0.0,GREEN,32,Chennai
CLM0010855,CHE_02105,Tambaram,2024-08-10,18,0,0,0,0,0,0,0,0,0,0.0,0.126296,0,0.0,0,297,4,0,0.8077,0.0029,GREEN,18,Chennai
CLM0010856,CHE_00087,Adyar,2025-10-19,17,0,0,0,1,0,0,0,0,0,0.0,0.364223,0,0.0,0,386,3,5,0.1118,0.0919,GREEN,30,Chennai
CLM0010857,CHE_08076,Tambaram,2017-11-28,16,0,0,0,0,0,0,0,0,0,0.0,1.0,0,0.0,1,46,4,0,0.7432,0.1199,GREEN,50,Chennai
CLM0010858,CHE_07865,Chromepet,2018-07-17,18,0,0,0,0,0,0,0,0,0,0.0,0.122225,0,0.0,0,104,2,8,0.9737,0.0657,GREEN,34,Chennai
CLM0010859,CHE_03788,Adyar,2020-04-11,15,0,0,0,0,0,0,0,0,0,0.0,0.072026,0,0.0,0,165,1,3,0.821,0.0,GREEN,50,Chennai
CLM0010860,CHE_06475,Chromepet,2021-09-24,19,0,0,0,0,0,0,0,0,0,0.0,0.282869,0,0.0,0,150,1,2,0.7119,0.0,GREEN,33,Chennai
CLM0010861,CHE_07906,Velachery,2018-01-10,20,0,0,0,0,0,1,0,0,0,1.0,0.307307,0,0.0,0,137,2,4,0.8595,0.1648,GREEN,32,Chennai
CLM0010862,CHE_01931,Adyar,2023-11-07,15,0,0,0,0,0,0,0,1,0,0.0,0.173594,1,0.0,0,354,3,0,0.7714,0.2628,GREEN,38,Chennai
CLM0010863,CHE_00752,Anna Nagar,2023-02-15,10,0,0,0,0,1,0,0,0,0,0.0,0.313919,1,0.0,0,166,2,6,0.5855,0.0919,GREEN,43,Chennai
CLM0010864,CHE_06152,Velachery,2023-09-05,9,0,0,0,0,0,0,0,1,0,0.0,0.0,0,0.0,0,416,2,1,0.4772,0.1775,GREEN,42,Chennai
CLM0010865,CHE_01141,Tambaram,2024-04-19,8,0,0,0,0,0,0,0,1,0,0.0,0.294686,0,0.0,0,169,0,3,0.7883,0.0799,GREEN,40,Chennai
CLM0010866,CHE_03636,Perambur,2023-10-19,15,0,0,0,0,0,0,0,0,0,0.0,0.062528,0,0.0,0,165,2,4,0.7446,0.0976,GREEN,32,Chennai
CLM0010867,CHE_01971,Tambaram,2023-11-12,13,0,0,0,0,0,0,0,0,0,0.0,0.066772,0,0.0,0,390,4,0,0.7801,0.0,GREEN,21,Chennai
CLM0010868,CHE_05755,Anna Nagar,2025-02-06,15,0,0,0,0,0,0,0,0,0,1.0,0.200817,0,0.0,0,420,2,0,0.7718,0.0135,GREEN,41,Chennai
CLM0010869,CHE_02542,Velachery,2024-10-24,19,0,0,0,0,0,0,0,0,0,0.0,0.043284,0,1.0,0,187,1,0,0.8254,0.0257,GREEN,54,Chennai
CLM0010870,CHE_03013,Adyar,2024-06-29,16,0,0,0,0,0,0,0,0,0,0.0,0.179065,0,0.0,0,5,1,1,0.6945,0.0,GREEN,31,Chennai
CLM0010871,CHE_07384,Sholinganallur,2023-03-14,18,0,0,0,1,0,0,0,0,0,0.0,0.030043,0,0.0,0,283,0,3,0.98,0.1936,GREEN,57,Chennai
CLM0010872,CHE_05842,Velachery,2023-01-23,13,0,0,0,0,0,0,0,0,0,0.0,0.244905,0,0.0,1,13,1,5,0.6875,0.1317,GREEN,42,Chennai
CLM0010873,CHE_00366,Porur,2024-11-14,8,0,0,0,0,0,0,0,0,0,0.0,0.210594,0,0.0,0,169,2,2,0.712,0.0,GREEN,51,Chennai
CLM0010874,CHE_03679,Porur,2025-04-09,13,0,0,0,0,0,0,0,0,0,0.0,0.299679,1,0.0,0,115,1,1,0.9535,0.0435,GREEN,46,Chennai
CLM0010875,CHE_05675,Perambur,2025-12-26,7,0,0,0,0,0,1,0,1,0,0.0,0.096494,0,0.0,0,420,3,0,0.801,0.1865,GREEN,18,Chennai
CLM0010876,CHE_04673,Chromepet,2024-11-20,7,0,0,0,0,0,0,0,0,0,0.0,0.120135,0,0.0,0,379,4,0,0.8829,0.0,GREEN,38,Chennai
CLM0010877,CHE_05481,Velachery,2024-10-16,16,0,0,0,0,0,0,0,0,0,0.0,0.414942,0,0.0,0,125,1,0,0.6891,0.0195,GREEN,34,Chennai
CLM0010878,CHE_05985,Anna Nagar,2025-12-26,16,0,0,0,0,0,1,0,1,0,0.0,0.180049,0,0.0,0,271,0,4,0.5347,0.1711,GREEN,45,Chennai
CLM0010879,CHE_06161,Chromepet,2025-07-16,14,0,0,0,0,0,0,0,0,0,0.0,0.178606,0,0.0,0,285,1,0,0.6499,0.0,GREEN,47,Chennai
CLM0010880,CHE_08641,Porur,2021-01-27,12,0,0,0,0,0,0,0,0,0,0.0,0.04204,0,0.0,0,312,0,3,0.7501,0.0,GREEN,44,Chennai
CLM0010881,CHE_04055,Adyar,2023-04-12,21,0,0,0,0,0,0,0,0,0,0.0,0.111389,0,0.0,0,336,2,2,0.8578,0.1107,GREEN,21,Chennai
CLM0010882,CHE_05962,Sholinganallur,2022-06-25,11,0,0,0,1,1,0,1,1,0,1.0,1.0,1,1.0,1,5,0,18,0.124,0.046,GREEN,37,Chennai
CLM0010883,CHE_09280,Chromepet,2023-01-18,10,0,0,0,0,0,0,0,0,0,0.0,0.211148,0,1.0,0,118,4,0,0.1835,0.0584,GREEN,29,Chennai
CLM0010884,CHE_03921,Velachery,2024-02-04,12,0,0,0,0,0,1,0,0,0,0.0,0.347541,0,0.0,0,420,1,2,0.6079,0.165,GREEN,25,Chennai
CLM0010885,CHE_09440,Anna Nagar,2025-09-26,16,0,0,0,0,0,0,0,0,0,0.0,0.390723,0,0.0,0,274,2,0,0.744,0.0,GREEN,63,Chennai
CLM0010886,CHE_01236,Guindy,2025-05-16,7,0,0,0,1,1,1,1,1,0,0.0,0.91784,1,0.0,1,5,2,18,0.1602,0.0,GREEN,60,Chennai
CLM0010887,CHE_07370,Anna Nagar,2025-02-11,20,0,1,1,0,0,0,0,0,0,0.0,0.254538,0,0.0,0,312,1,4,0.7683,0.0,GREEN,43,Chennai
CLM0010888,CHE_09035,Tambaram,2019-02-08,15,0,0,0,1,0,0,0,0,0,0.0,0.332174,0,0.0,0,50,2,0,0.6589,0.1074,GREEN,39,Chennai
CLM0010889,CHE_07091,Sholinganallur,2021-01-25,18,0,0,0,1,0,0,1,1,0,0.0,0.214993,0,1.0,0,33,0,18,0.3121,0.1312,GREEN,42,Chennai
CLM0010890,CHE_04952,Adyar,2021-11-19,12,0,0,0,0,0,0,0,0,0,0.0,0.993829,0,0.0,0,261,3,8,0.6381,0.047,GREEN,36,Chennai
CLM0010891,CHE_07849,Adyar,2024-08-23,7,0,0,0,0,0,0,0,0,0,0.0,0.244312,0,0.0,0,418,4,2,0.7369,0.1416,GREEN,29,Chennai
CLM0010892,CHE_00295,Porur,2019-01-31,19,0,0,0,0,0,0,0,0,0,0.0,0.0332,0,0.0,0,353,0,3,0.752,0.0,GREEN,29,Chennai
CLM0010893,CHE_00478,Adyar,2021-05-09,19,0,0,0,0,0,1,0,0,0,0.0,0.237814,0,0.0,0,245,3,0,0.4055,0.0555,GREEN,20,Chennai
CLM0010894,CHE_04422,Velachery,2022-09-01,8,0,0,0,0,0,0,0,0,0,0.0,0.092768,0,0.0,0,420,4,0,0.7736,0.0675,GREEN,38,Chennai
CLM0010895,CHE_07790,Velachery,2023-06-13,13,0,0,0,0,0,0,0,0,0,0.0,0.201159,0,0.0,0,72,3,2,0.7401,0.0436,GREEN,43,Chennai
CLM0010896,CHE_02716,Perambur,2024-02-03,16,0,0,0,0,0,0,0,0,0,0.0,0.065865,0,0.0,0,131,4,0,0.7806,0.0,GREEN,40,Chennai
CLM0010897,CHE_03395,Guindy,2022-06-10,17,0,0,0,0,0,0,0,0,0,0.0,0.0,0,0.0,0,242,4,5,0.98,0.0,GREEN,18,Chennai
CLM0010898,CHE_08734,Perambur,2024-08-22,15,0,0,0,0,0,0,0,1,0,0.0,0.122798,0,0.0,0,135,2,5,0.554,0.2082,GREEN,40,Chennai
CLM0010899,CHE_04010,Anna Nagar,2024-09-12,20,0,0,0,0,0,0,1,0,0,1.0,0.355361,0,0.0,0,66,4,0,0.8289,0.1214,GREEN,47,Chennai
CLM0010900,CHE_00727,T Nagar,2023-01-02,7,0,0,0,0,0,0,0,0,0,0.0,0.439391,0,0.0,0,420,0,3,0.921,0.0541,GREEN,47,Chennai
CLM0010901,CHE_03069,Anna Nagar,2021-11-26,20,0,0,0,0,0,0,0,0,0,0.0,0.387905,0,0.0,0,160,1,0,0.4631,0.1055,GREEN,27,Chennai
CLM0010902,CHE_02502,Adyar,2018-08-10,8,0,0,0,0,0,0,0,0,0,0.0,0.308524,0,0.0,0,45,3,4,0.6892,0.0,GREEN,48,Chennai
CLM0010903,CHE_09811,Velachery,2023-11-23,14,0,0,0,0,0,0,0,0,0,0.0,0.129965,0,0.0,0,364,2,3,0.7739,0.0531,GREEN,31,Chennai
CLM0010904,CHE_09483,Adyar,2018-07-08,11,0,0,0,0,0,0,0,0,0,0.0,0.0,0,1.0,0,339,3,8,0.98,0.0,GREEN,37,Chennai
CLM0010905,CHE_00017,Porur,2020-04-25,18,0,0,0,0,0,0,0,0,0,0.0,0.207663,0,0.0,0,420,2,1,0.6845,0.0,GREEN,43,Chennai
CLM0010906,CHE_04499,Chromepet,2023-06-11,10,0,0,0,0,0,0,0,0,0,0.0,0.272818,0,0.0,0,111,2,0,0.7995,0.0,GREEN,48,Chennai
CLM0010907,CHE_02522,Adyar,2021-09-26,13,0,0,0,0,0,0,0,0,0,0.0,0.223712,0,0.0,0,420,2,3,0.9756,0.0,GREEN,27,Chennai
CLM0010908,CHE_00582,Tambaram,2022-03-10,14,0,0,0,0,0,0,0,0,0,0.0,0.128032,0,0.0,0,215,1,1,0.702,0.0175,GREEN,34,Chennai
CLM0010909,CHE_06243,Velachery,2022-09-17,20,0,0,0,0,0,0,0,0,0,0.0,0.307331,0,0.0,0,288,3,2,0.5091,0.004,GREEN,41,Chennai
CLM0010910,CHE_07192,Velachery,2024-07-25,13,0,0,0,0,0,1,0,0,0,0.0,0.024025,0,0.0,0,304,1,4,0.6651,0.2071,GREEN,49,Chennai
CLM0010911,CHE_04703,Porur,2024-05-16,9,0,0,0,0,0,0,0,0,0,1.0,0.153921,0,0.0,0,285,4,3,0.8809,0.0632,GREEN,48,Chennai
CLM0010912,CHE_02980,Perambur,2023-11-14,10,0,0,0,1,0,0,0,0,0,0.0,0.452516,0,0.0,0,420,4,1,0.5789,0.1283,GREEN,55,Chennai
CLM0010913,CHE_04892,Porur,2019-04-17,9,0,0,0,0,0,0,0,0,0,0.0,0.107508,0,0.0,0,32,4,1,0.0573,0.0131,GREEN,48,Chennai
CLM0010914,CHE_07348,Guindy,2024-09-05,16,0,0,0,0,0,0,0,0,0,0.0,0.315367,0,0.0,0,246,3,1,0.9023,0.0126,GREEN,49,Chennai
CLM0010915,CHE_05113,Velachery,2025-03-11,20,0,0,0,0,0,0,0,0,0,0.0,0.255979,0,0.0,0,372,2,2,0.9228,0.0263,GREEN,31,Chennai
CLM0010916,CHE_00263,Chromepet,2018-10-04,21,0,0,0,0,0,0,0,0,0,1.0,0.244688,0,0.0,0,202,3,2,0.98,0.1064,GREEN,48,Chennai
CLM0010917,CHE_00730,Sholinganallur,2018-09-26,15,0,0,0,0,0,0,0,1,0,0.0,0.245549,0,1.0,0,136,0,4,0.7461,0.1197,GREEN,41,Chennai
CLM0010918,CHE_05491,Perambur,2020-09-15,13,0,0,0,0,0,0,0,0,0,0.0,0.108741,0,0.0,0,160,1,3,0.7222,0.0575,GREEN,27,Chennai
CLM0010919,CHE_09813,Guindy,2022-01-10,9,0,0,0,1,1,1,1,1,1,1.0,0.942251,0,1.0,1,10,0,18,0.0733,0.0862,GREEN,37,Chennai
CLM0010920,CHE_01511,Guindy,2020-04-23,9,0,0,0,0,0,0,0,0,0,0.0,0.276477,0,1.0,0,98,4,4,0.8502,0.2002,GREEN,35,Chennai
CLM0010921,CHE_07073,Sholinganallur,2021-02-23,12,0,0,0,0,0,0,0,0,0,0.0,0.259485,0,0.0,0,353,2,4,0.9405,0.0,GREEN,51,Chennai
CLM0010922,CHE_06998,Guindy,2024-11-21,9,0,0,0,0,0,0,0,1,0,1.0,0.237021,0,0.0,0,59,4,0,0.276,0.1643,GREEN,34,Chennai
CLM0010923,CHE_00003,Sholinganallur,2018-08-22,13,0,0,0,0,0,0,0,0,0,0.0,0.981884,0,0.0,0,221,4,4,0.9652,0.0,GREEN,28,Chennai
CLM0010924,CHE_05607,Perambur,2018-06-10,20,0,0,0,0,0,0,0,0,0,0.0,0.223783,0,0.0,0,420,1,3,0.5879,0.0,GREEN,31,Chennai
CLM0010925,CHE_07055,Velachery,2018-06-27,20,0,0,0,0,0,0,0,0,0,0.0,0.113111,1,0.0,0,304,3,2,0.7547,0.0931,GREEN,25,Chennai
CLM0010926,CHE_08151,Tambaram,2023-06-29,9,0,0,0,0,0,0,0,0,0,0.0,0.397663,0,0.0,1,420,1,2,0.153,0.0466,GREEN,48,Chennai
CLM0010927,CHE_09213,Velachery,2021-01-19,15,0,0,0,0,0,1,0,0,0,0.0,1.0,0,0.0,0,210,4,3,0.544,0.1042,GREEN,49,Chennai
CLM0010928,CHE_06854,Adyar,2021-10-13,13,0,0,0,0,0,0,0,0,0,0.0,1.0,0,0.0,0,25,4,3,0.5421,0.0,GREEN,48,Chennai
CLM0010929,CHE_05280,Anna Nagar,2020-03-01,19,0,0,0,0,0,0,1,0,0,0.0,0.058771,0,0.0,0,66,0,3,0.8699,0.0002,GREEN,51,Chennai
CLM0010930,CHE_08175,Adyar,2023-10-17,15,0,0,0,1,1,0,1,1,0,1.0,1.0,0,1.0,1,5,4,18,0.2949,0.0,GREEN,46,Chennai
CLM0010931,CHE_00648,Porur,2023-02-14,7,0,0,0,0,0,0,0,0,0,1.0,0.065672,0,0.0,0,167,1,0,0.173,0.2241,GREEN,44,Chennai
CLM0010932,CHE_04457,Porur,2024-11-06,18,0,0,0,0,0,0,0,0,0,0.0,0.373891,0,0.0,0,91,0,4,0.6347,0.0,GREEN,36,Chennai
CLM0010933,CHE_07762,T Nagar,2020-03-25,9,0,0,0,0,0,0,0,0,0,0.0,0.033821,0,0.0,0,204,4,5,0.89,0.031,GREEN,44,Chennai
CLM0010934,CHE_07437,Tambaram,2023-07-31,9,0,0,0,0,0,1,0,0,0,0.0,0.0,0,0.0,0,144,1,7,0.7496,0.2359,GREEN,38,Chennai
CLM0010935,CHE_08864,Velachery,2022-09-14,8,0,0,0,0,0,0,0,1,0,0.0,0.007585,0,0.0,0,228,0,3,0.3354,0.1823,GREEN,62,Chennai
CLM0010936,CHE_05934,Guindy,2024-12-03,18,0,0,0,0,0,0,0,1,0,0.0,0.95794,1,0.0,0,116,1,7,0.7234,0.2031,GREEN,45,Chennai
CLM0010937,CHE_02976,Perambur,2024-11-10,15,0,0,0,0,0,0,0,1,0,0.0,0.315673,0,0.0,0,61,4,1,0.7204,0.1613,GREEN,40,Chennai
CLM0010938,CHE_00998,Guindy,2023-02-02,8,0,0,0,0,0,0,0,1,0,0.0,0.408289,1,0.0,0,265,1,7,0.0767,0.1205,GREEN,42,Chennai
CLM0010939,CHE_04359,Sholinganallur,2022-05-22,8,0,0,0,0,0,1,0,0,0,1.0,1.0,0,1.0,0,250,4,2,0.7685,0.0837,GREEN,49,Chennai
CLM0010940,CHE_07536,Guindy,2023-05-20,10,0,0,0,0,0,0,0,0,0,0.0,0.998868,0,0.0,0,235,3,0,0.705,0.0,GREEN,28,Chennai
CLM0010941,CHE_09566,Velachery,2023-12-25,9,0,0,0,0,0,0,0,0,0,0.0,0.983804,0,0.0,0,266,1,8,0.5971,0.0436,GREEN,46,Chennai
CLM0010942,CHE_01592,Guindy,2025-10-29,19,0,0,0,0,0,0,0,0,0,0.0,0.389094,0,0.0,1,143,2,0,0.794,0.1054,GREEN,29,Chennai
CLM0010943,CHE_00244,Sholinganallur,2022-04-12,18,0,0,0,0,0,0,0,0,0,0.0,0.233343,0,1.0,0,420,1,0,0.8123,0.06,GREEN,18,Chennai
CLM0010944,CHE_08719,Sholinganallur,2025-08-14,7,0,0,0,0,0,0,0,0,0,1.0,0.387518,0,0.0,0,420,4,0,0.6251,0.0465,GREEN,26,Chennai
CLM0010945,CHE_06399,Porur,2021-05-12,21,0,0,0,0,0,0,0,0,0,0.0,0.295653,0,0.0,0,36,0,4,0.7522,0.0143,GREEN,38,Chennai
CLM0010946,CHE_04991,Sholinganallur,2023-03-01,18,0,0,0,0,0,0,0,0,0,0.0,0.139042,0,0.0,0,247,0,3,0.98,0.0415,GREEN,46,Chennai
CLM0010947,CHE_07342,Guindy,2021-10-17,18,0,0,0,1,0,0,0,0,0,0.0,0.029098,0,0.0,0,352,1,2,0.7323,0.1096,GREEN,44,Chennai
CLM0010948,CHE_08225,Tambaram,2025-04-30,18,0,0,0,0,0,0,0,0,0,0.0,0.112329,0,0.0,0,19,3,2,0.7425,0.0807,GREEN,49,Chennai
CLM0010949,CHE_09118,Adyar,2025-09-17,9,0,0,0,0,1,0,0,0,0,1.0,0.067988,0,0.0,0,83,4,3,0.7059,0.181,GREEN,33,Chennai
CLM0010950,CHE_00675,Sholinganallur,2025-02-10,17,0,0,0,0,0,0,0,0,0,0.0,0.206561,0,0.0,0,364,0,4,0.893,0.0028,GREEN,46,Chennai
CLM0010951,CHE_00464,Perambur,2024-02-24,11,0,0,0,0,0,0,0,0,0,1.0,0.405645,0,0.0,0,375,4,1,0.8994,0.0707,GREEN,36,Chennai
CLM0010952,CHE_04617,Chromepet,2025-09-27,12,0,0,0,0,0,0,0,1,0,0.0,0.105285,0,0.0,0,68,1,0,0.8759,0.1227,GREEN,44,Chennai
CLM0010953,CHE_07276,Chromepet,2025-10-21,7,0,0,0,0,0,0,0,0,0,0.0,0.267796,0,0.0,0,328,1,0,0.7649,0.0041,GREEN,48,Chennai
CLM0010954,CHE_03163,Anna Nagar,2024-04-27,8,0,0,0,0,0,1,0,1,0,0.0,0.249233,0,0.0,0,354,4,0,0.05,0.1765,GREEN,33,Chennai
CLM0010955,CHE_04658,Porur,2024-11-02,14,0,0,0,0,0,0,0,0,0,0.0,0.0,0,0.0,0,155,3,3,0.5968,0.0,GREEN,41,Chennai
CLM0010956,CHE_07397,Perambur,2025-04-09,16,0,0,0,0,0,0,0,0,0,0.0,0.093136,0,0.0,0,252,3,2,0.5126,0.0,GREEN,47,Chennai
CLM0010957,CHE_09907,Tambaram,2024-04-09,13,0,0,0,0,0,0,0,0,0,0.0,0.219273,0,0.0,0,331,3,4,0.607,0.0585,GREEN,28,Chennai
CLM0010958,CHE_04375,Guindy,2023-09-16,7,0,0,0,0,0,0,0,0,0,0.0,0.129102,0,0.0,0,283,0,4,0.9019,0.0097,GREEN,42,Chennai
CLM0010959,CHE_08935,Guindy,2022-11-19,7,0,0,0,0,0,0,0,0,0,0.0,0.118365,0,0.0,0,224,2,5,0.9091,0.0,GREEN,26,Chennai
CLM0010960,CHE_01847,Perambur,2025-06-09,9,0,0,0,0,0,0,0,0,0,0.0,0.039382,0,0.0,0,420,4,1,0.6993,0.0016,GREEN,27,Chennai
CLM0010961,CHE_08848,Chromepet,2020-05-21,15,0,0,0,0,0,0,0,0,0,0.0,0.22946,0,0.0,0,46,3,1,0.6862,0.0,GREEN,38,Chennai
CLM0010962,CHE_07590,Porur,2018-04-27,13,0,0,0,0,0,1,0,0,1,0.0,0.383408,0,0.0,0,420,4,4,0.805,0.3145,YELLOW,40,Chennai
CLM0010963,CHE_03970,Sholinganallur,2019-04-13,7,0,0,0,0,0,0,0,0,0,0.0,0.346539,0,0.0,0,420,4,0,0.1122,0.0,GREEN,28,Chennai
CLM0010964,CHE_03372,Chromepet,2025-07-08,13,0,0,0,0,1,0,0,0,0,0.0,0.09242,0,0.0,1,286,0,3,0.1957,0.1479,GREEN,29,Chennai
CLM0010965,CHE_07269,Perambur,2019-02-26,10,0,0,0,0,0,0,0,0,0,1.0,0.276753,0,0.0,0,229,0,2,0.633,0.0661,GREEN,21,Chennai
CLM0010966,CHE_07259,Anna Nagar,2025-04-23,12,0,0,0,0,0,1,0,0,0,0.0,0.38553,0,0.0,0,262,4,1,0.6982,0.1313,GREEN,27,Chennai
CLM0010967,CHE_05836,Tambaram,2024-02-24,21,0,0,0,0,0,0,0,0,0,0.0,0.15627,0,0.0,0,287,0,2,0.6238,0.0944,GREEN,42,Chennai
CLM0010968,CHE_05509,Porur,2025-07-14,9,0,0,0,0,0,0,0,0,0,0.0,0.0,0,0.0,0,420,0,0,0.2955,0.0868,GREEN,20,Chennai
CLM0010969,CHE_00755,Porur,2018-01-20,15,0,0,0,0,0,0,0,0,0,0.0,0.0,0,0.0,0,257,4,1,0.163,0.0222,GREEN,42,Chennai
CLM0010970,CHE_01781,Adyar,2025-09-12,11,0,0,0,0,0,0,0,0,0,0.0,0.101986,0,0.0,0,275,4,4,0.2251,0.0,GREEN,32,Chennai
CLM0010971,CHE_09407,Tambaram,2020-04-08,19,0,0,0,0,0,0,0,1,0,0.0,0.27412,0,0.0,0,81,1,1,0.8007,0.0168,GREEN,50,Chennai
CLM0010972,CHE_07060,Perambur,2019-09-28,13,0,1,1,0,0,0,0,0,0,0.0,0.233709,0,0.0,0,318,0,3,0.8433,0.0531,GREEN,32,Chennai
CLM0010973,CHE_03863,Chromepet,2024-07-14,20,0,0,0,1,0,0,0,0,1,0.0,0.290863,0,0.0,0,334,4,5,0.8759,0.2132,GREEN,39,Chennai
CLM0010974,CHE_05428,Anna Nagar,2023-02-08,12,0,0,0,0,0,0,1,0,0,0.0,0.154876,0,0.0,0,286,4,2,0.8639,0.0442,GREEN,31,Chennai
CLM0010975,CHE_01000,Porur,2023-07-07,9,0,0,0,0,0,0,0,0,0,1.0,1.0,0,1.0,0,420,2,3,0.7805,0.008,GREEN,37,Chennai
CLM0010976,CHE_05041,Guindy,2020-03-03,13,0,0,0,0,0,0,0,0,0,0.0,0.106342,0,0.0,0,84,3,3,0.6117,0.0,GREEN,54,Chennai
CLM0010977,CHE_05438,Adyar,2025-04-01,21,0,1,1,1,0,0,0,0,0,0.0,0.212562,1,0.0,0,324,0,8,0.7421,0.0386,GREEN,59,Chennai
CLM0010978,CHE_02390,Tambaram,2022-01-10,11,0,0,0,0,0,0,0,0,0,0.0,1.0,0,0.0,0,420,1,2,0.4403,0.0033,GREEN,37,Chennai
CLM0010979,CHE_03039,Chromepet,2025-07-08,11,0,0,0,0,0,0,0,0,0,1.0,0.909351,0,1.0,0,286,0,5,0.88,0.0,GREEN,52,Chennai
CLM0010980,CHE_04445,T Nagar,2025-07-25,10,0,0,0,0,0,0,0,1,0,0.0,0.369786,0,0.0,0,185,0,2,0.1725,0.0432,GREEN,39,Chennai
CLM0010981,CHE_03736,Chromepet,2024-05-06,16,0,0,0,0,1,1,0,0,0,0.0,1.0,0,0.0,0,245,3,0,0.2375,0.2444,GREEN,35,Chennai
CLM0010982,CHE_03718,Chromepet,2025-09-22,13,0,0,0,0,0,1,1,0,1,0.0,0.051167,1,0.0,0,12,0,18,0.8795,0.1237,GREEN,58,Chennai
CLM0010983,CHE_05304,Perambur,2024-07-23,9,0,0,0,1,1,0,0,0,1,1.0,0.501952,0,1.0,0,5,0,18,0.2443,0.0818,GREEN,52,Chennai
CLM0010984,CHE_05159,Anna Nagar,2024-09-11,17,0,0,0,0,0,0,0,0,0,0.0,1.0,0,0.0,0,230,4,2,0.9093,0.0,GREEN,30,Chennai
CLM0010985,CHE_06237,Tambaram,2025-03-25,10,0,0,0,0,1,0,0,0,0,0.0,0.237398,0,0.0,0,420,1,0,0.05,0.1757,GREEN,35,Chennai
CLM0010986,CHE_02543,Velachery,2025-07-11,10,0,0,0,1,0,0,0,0,0,0.0,0.263836,0,0.0,0,394,0,0,0.05,0.0382,GREEN,46,Chennai
CLM0010987,CHE_03253,Anna Nagar,2025-01-09,9,0,1,1,0,0,0,0,0,0,0.0,0.26487,0,0.0,0,301,3,8,0.8042,0.0,GREEN,39,Chennai
CLM0010988,CHE_07501,Tambaram,2025-09-17,13,0,0,0,0,0,0,0,0,0,0.0,0.122337,0,0.0,0,72,2,0,0.8836,0.0,GREEN,37,Chennai
CLM0010989,CHE_06386,Porur,2025-10-17,15,0,1,1,1,1,1,1,1,1,1.0,0.101253,0,1.0,0,15,2,18,0.98,0.868,RED,43,Chennai
CLM0010990,CHE_04470,T Nagar,2021-11-29,20,0,1,1,1,1,0,0,1,1,1.0,0.87192,0,0.0,0,5,0,18,0.05,0.6315,RED,47,Chennai
CLM0010991,CHE_01254,T Nagar,2024-07-27,17,0,1,1,0,0,0,0,0,0,0.0,0.087921,0,0.0,0,390,1,2,0.98,0.6393,RED,43,Chennai
CLM0010992,CHE_03595,Chromepet,2024-03-28,18,0,1,1,0,1,0,1,1,1,0.0,0.935957,0,0.0,1,5,1,12,0.3803,0.5441,YELLOW,64,Chennai
CLM0010993,CHE_03437,Chromepet,2023-01-30,16,0,1,1,0,0,0,0,0,0,0.0,0.07217,0,0.0,0,56,2,2,0.2212,0.6498,RED,55,Chennai
CLM0010994,CHE_07554,T Nagar,2022-05-20,7,0,1,1,1,0,1,1,0,1,0.0,0.046342,0,0.0,1,5,0,18,0.9494,0.6892,RED,43,Chennai
CLM0010995,CHE_06834,Sholinganallur,2020-07-13,20,0,1,1,1,0,0,0,1,0,0.0,1.0,0,0.0,0,401,1,4,0.9114,0.5326,YELLOW,35,Chennai
CLM0010996,CHE_06625,Porur,2023-06-03,12,0,1,1,0,0,0,0,0,0,0.0,0.253042,0,0.0,0,54,1,0,0.9463,0.2536,GREEN,36,Chennai
CLM0010997,CHE_00901,Adyar,2023-04-21,7,0,1,1,1,0,1,1,1,1,1.0,0.982585,0,0.0,1,5,2,15,0.05,0.7647,RED,50,Chennai
CLM0010998,CHE_09309,Sholinganallur,2024-01-20,7,0,1,1,1,1,0,0,1,1,0.0,0.107117,0,0.0,0,5,0,18,0.0776,0.6759,RED,23,Chennai
CLM0010999,CHE_07673,T Nagar,2025-03-30,12,0,0,0,0,0,0,0,0,0,0.0,0.407437,0,0.0,0,271,0,1,0.0826,0.0964,GREEN,52,Chennai
CLM0011000,CHE_06856,Tambaram,2024-12-15,19,0,0,0,1,0,0,0,0,0,0.0,0.160445,0,0.0,0,213,1,0,0.98,0.0823,GREEN,27,Chennai
CLM0011001,CHE_09959,Guindy,2025-11-20,18,0,0,0,0,1,0,0,0,0,1.0,1.0,0,0.0,0,420,4,2,0.9039,0.2477,GREEN,38,Chennai
CLM0011002,CHE_05859,Guindy,2025-10-27,21,0,0,0,0,0,0,0,0,0,0.0,0.925029,0,0.0,0,112,3,4,0.7269,0.0716,GREEN,61,Chennai
CLM0011003,CHE_05757,Guindy,2022-12-20,17,0,0,0,0,1,1,0,0,0,0.0,0.0,0,0.0,0,380,4,4,0.1803,0.2079,GREEN,23,Chennai
CLM0011004,CHE_09997,Velachery,2025-12-30,16,0,0,0,0,0,0,0,0,0,0.0,0.25459,0,0.0,0,200,0,3,0.7058,0.0,GREEN,49,Chennai
CLM0011005,CHE_03568,Anna Nagar,2025-07-03,21,0,1,1,0,0,0,0,0,0,0.0,0.137645,0,0.0,1,90,0,1,0.7336,0.0619,GREEN,56,Chennai
CLM0011006,CHE_04779,Anna Nagar,2023-08-07,10,0,0,0,0,0,0,0,0,0,1.0,0.880671,0,0.0,0,297,4,4,0.5888,0.0945,GREEN,25,Chennai
CLM0011007,CHE_05894,Guindy,2021-11-07,9,0,0,0,1,0,0,1,0,0,0.0,0.017852,0,0.0,0,80,4,0,0.911,0.1821,GREEN,32,Chennai
CLM0011008,CHE_05168,Anna Nagar,2021-01-03,19,0,0,0,1,1,1,1,1,1,1.0,1.0,0,1.0,1,5,0,18,0.1054,0.2804,GREEN,30,Chennai
CLM0011009,CHE_09093,T Nagar,2023-10-05,11,0,0,0,0,0,0,0,0,0,0.0,0.197012,0,0.0,0,67,2,5,0.4367,0.0,GREEN,41,Chennai
CLM0011010,CHE_07718,T Nagar,2025-10-25,17,0,0,0,0,0,0,0,0,0,0.0,0.145848,0,0.0,1,247,4,0,0.7085,0.0266,GREEN,36,Chennai
CLM0011011,CHE_01893,Tambaram,2021-08-22,7,0,0,0,0,0,0,0,0,0,0.0,1.0,0,0.0,0,223,3,5,0.8813,0.0,GREEN,49,Chennai
CLM0011012,CHE_08171,Tambaram,2020-11-27,8,0,0,0,0,0,0,0,0,0,0.0,0.351644,0,0.0,0,420,2,3,0.05,0.0076,GREEN,36,Chennai
CLM0011013,CHE_09171,Porur,2021-12-30,7,0,0,0,0,0,0,0,0,0,0.0,0.35678,0,0.0,0,397,2,2,0.9058,0.0364,GREEN,40,Chennai
CLM0011014,CHE_01336,Velachery,2023-11-17,21,0,0,0,0,0,0,1,0,0,0.0,0.150345,0,0.0,0,200,0,3,0.8562,0.157,GREEN,51,Chennai
CLM0011015,CHE_03443,Perambur,2023-09-22,21,0,0,0,0,0,0,0,0,0,0.0,0.148561,0,0.0,0,420,3,2,0.5845,0.0788,GREEN,57,Chennai
CLM0011016,CHE_07899,Tambaram,2020-11-26,15,0,0,0,0,0,0,0,0,0,0.0,0.372802,0,0.0,0,279,0,1,0.8865,0.0232,GREEN,44,Chennai
CLM0011017,CHE_05531,Porur,2021-01-22,19,0,0,0,0,0,1,0,0,0,0.0,0.060191,0,0.0,0,420,3,5,0.7235,0.0572,GREEN,25,Chennai
CLM0011018,CHE_03004,Velachery,2024-07-02,13,0,0,0,1,0,0,0,0,0,1.0,0.302321,0,0.0,0,64,2,0,0.9476,0.2401,GREEN,41,Chennai
CLM0011019,CHE_00043,T Nagar,2025-03-31,21,0,0,0,0,1,0,0,0,0,0.0,0.152928,0,0.0,0,329,2,1,0.8041,0.1207,GREEN,51,Chennai
CLM0011020,CHE_02018,T Nagar,2020-02-25,9,0,0,0,0,0,0,0,1,0,0.0,0.266087,0,0.0,0,415,3,1,0.6573,0.1953,GREEN,49,Chennai
CLM0011021,CHE_01933,Tambaram,2025-03-07,14,0,0,0,1,0,0,0,0,0,0.0,0.267317,0,0.0,0,195,3,4,0.5876,0.1384,GREEN,42,Chennai
CLM0011022,CHE_08622,Porur,2019-10-31,14,0,0,0,0,0,0,0,0,0,1.0,0.116266,0,0.0,0,66,0,4,0.2892,0.1631,GREEN,46,Chennai
CLM0011023,CHE_06840,Tambaram,2021-04-16,14,0,0,0,0,0,0,0,0,0,0.0,0.31063,0,0.0,0,415,1,0,0.4483,0.0112,GREEN,49,Chennai
CLM0011024,CHE_03555,Perambur,2024-10-12,15,0,0,0,0,0,0,0,0,0,1.0,0.329869,0,0.0,0,135,2,2,0.6876,0.1769,GREEN,49,Chennai
CLM0011025,CHE_06422,Guindy,2021-02-13,16,0,0,0,0,0,0,0,0,0,0.0,0.0,0,0.0,0,420,2,4,0.7942,0.1848,GREEN,31,Chennai
CLM0011026,CHE_03192,Sholinganallur,2024-06-26,8,0,1,1,0,0,0,0,0,0,0.0,0.247132,0,0.0,1,36,2,4,0.7588,0.0815,GREEN,53,Chennai
CLM0011027,CHE_07657,Tambaram,2024-12-20,10,0,0,0,0,0,0,0,0,1,0.0,0.317964,0,0.0,0,48,1,4,0.905,0.1657,GREEN,44,Chennai
CLM0011028,CHE_03271,Anna Nagar,2020-06-30,11,0,0,0,0,0,0,0,0,0,0.0,0.337941,0,0.0,0,420,2,2,0.5623,0.0015,GREEN,23,Chennai
CLM0011029,CHE_04481,Perambur,2022-08-22,17,0,0,0,0,0,0,0,0,0,0.0,1.0,0,0.0,0,253,1,1,0.2626,0.0102,GREEN,32,Chennai
CLM0011030,CHE_00012,Velachery,2023-08-04,18,0,0,0,0,0,1,0,1,0,0.0,0.028914,0,0.0,0,420,3,1,0.8133,0.1858,GREEN,46,Chennai
CLM0011031,CHE_03993,Anna Nagar,2025-04-19,15,0,0,0,0,1,0,0,0,0,0.0,0.101224,0,0.0,0,373,0,5,0.3104,0.1461,GREEN,54,Chennai
CLM0011032,CHE_03639,Adyar,2020-05-03,15,0,0,0,0,0,0,0,1,0,0.0,0.122892,0,0.0,0,167,1,3,0.6041,0.0692,GREEN,42,Chennai
CLM0011033,CHE_07351,T Nagar,2021-11-06,8,0,0,0,1,0,0,0,1,0,0.0,0.341782,0,0.0,0,125,1,0,0.05,0.1773,GREEN,47,Chennai
CLM0011034,CHE_03569,T Nagar,2024-07-19,15,0,0,0,0,1,0,0,0,0,0.0,0.185044,0,0.0,0,420,3,0,0.12,0.1486,GREEN,43,Chennai
CLM0011035,CHE_00833,Perambur,2021-08-05,11,0,0,0,0,0,0,0,0,0,1.0,0.437893,0,0.0,0,413,0,5,0.8326,0.1062,GREEN,50,Chennai
CLM0011036,CHE_00121,Perambur,2017-08-12,8,0,0,0,0,0,0,0,1,0,0.0,0.020339,0,0.0,0,341,1,6,0.7747,0.2168,GREEN,42,Chennai
CLM0011037,CHE_08050,T Nagar,2019-10-15,15,0,0,0,0,0,0,0,0,0,0.0,0.293921,0,0.0,0,420,1,6,0.98,0.0174,GREEN,38,Chennai
CLM0011038,CHE_06388,Sholinganallur,2024-03-29,14,0,0,0,0,0,0,0,0,0,0.0,0.35283,0,0.0,0,330,4,5,0.6897,0.0,GREEN,40,Chennai
CLM0011039,CHE_04095,Velachery,2024-06-23,17,0,0,0,0,0,0,0,0,0,0.0,0.235503,0,0.0,0,334,4,0,0.5402,0.0931,GREEN,18,Chennai
CLM0011040,CHE_01030,Guindy,2018-09-08,19,0,0,0,0,0,0,0,0,0,0.0,0.339691,0,0.0,0,124,1,0,0.8985,0.0288,GREEN,35,Chennai
CLM0011041,CHE_09654,Anna Nagar,2025-08-06,19,0,0,0,0,0,0,0,1,0,0.0,0.17477,0,0.0,0,169,1,0,0.6177,0.1259,GREEN,54,Chennai
CLM0011042,CHE_03746,Velachery,2025-01-21,13,0,0,0,0,0,0,0,0,0,0.0,0.100073,0,0.0,0,172,2,1,0.6271,0.0143,GREEN,32,Chennai
CLM0011043,CHE_05981,Sholinganallur,2025-04-27,9,0,0,0,0,0,0,0,0,0,0.0,0.113025,0,0.0,0,420,2,0,0.7708,0.0317,GREEN,23,Chennai
CLM0011044,CHE_00095,Tambaram,2025-12-01,16,0,0,0,0,0,0,0,0,0,1.0,0.988576,0,0.0,0,340,1,0,0.6568,0.0762,GREEN,36,Chennai
CLM0011045,CHE_01862,Chromepet,2025-06-17,9,0,0,0,0,0,1,0,0,0,0.0,0.012093,0,0.0,0,65,4,2,0.895,0.1404,GREEN,57,Chennai
CLM0011046,CHE_07597,Sholinganallur,2024-10-22,16,0,0,0,0,0,1,0,0,0,0.0,0.053356,0,0.0,0,29,3,18,0.8268,0.0,GREEN,60,Chennai
CLM0011047,CHE_07489,Adyar,2025-10-24,21,0,0,0,0,0,1,0,0,0,0.0,0.192668,0,0.0,0,279,3,0,0.7389,0.124,GREEN,53,Chennai
CLM0011048,CHE_03216,Chromepet,2025-02-25,8,0,0,0,0,0,0,0,0,0,0.0,0.0,0,0.0,0,300,0,1,0.699,0.0326,GREEN,45,Chennai
CLM0011049,CHE_00930,Porur,2024-11-28,19,0,0,0,0,0,0,0,0,0,0.0,0.013016,0,0.0,0,197,4,3,0.98,0.0108,GREEN,32,Chennai
CLM0011050,CHE_01324,Tambaram,2024-09-09,18,0,0,0,0,0,0,0,0,0,0.0,0.263058,0,0.0,0,403,2,2,0.6228,0.0,GREEN,32,Chennai
CLM0011051,CHE_01396,Porur,2025-10-08,18,0,0,0,0,0,0,0,1,0,0.0,0.403575,0,0.0,1,237,3,1,0.6862,0.0322,GREEN,49,Chennai
CLM0011052,CHE_01572,Guindy,2024-11-04,17,1,0,0,0,0,1,0,0,0,0.0,0.19181,0,0.0,1,406,1,2,0.646,0.1364,GREEN,46,Chennai
CLM0011053,CHE_00178,Anna Nagar,2024-10-22,17,0,0,0,0,0,0,0,0,0,1.0,0.397714,0,0.0,0,359,4,1,0.98,0.0724,GREEN,25,Chennai
CLM0011054,CHE_05582,Tambaram,2025-08-31,19,0,0,0,0,0,0,0,1,1,0.0,0.314033,0,1.0,0,194,4,5,0.2136,0.2395,GREEN,52,Chennai
CLM0011055,CHE_08246,Tambaram,2025-04-22,21,0,0,0,0,0,0,0,0,0,0.0,1.0,0,0.0,0,32,1,1,0.8101,0.0291,GREEN,29,Chennai
CLM0011056,CHE_01385,Guindy,2024-03-01,10,0,0,0,0,0,1,0,0,0,0.0,0.290224,0,0.0,0,163,2,2,0.9366,0.2508,GREEN,46,Chennai
CLM0011057,CHE_04861,Adyar,2025-06-13,11,0,0,0,0,0,0,0,0,0,0.0,0.163057,0,0.0,0,197,0,1,0.4516,0.0263,GREEN,41,Chennai
CLM0011058,CHE_01007,Tambaram,2025-02-02,10,0,0,0,0,0,0,0,0,0,0.0,0.47483,0,0.0,0,368,1,5,0.8651,0.0,GREEN,48,Chennai
CLM0011059,CHE_00966,Porur,2024-12-10,11,0,0,0,0,0,0,0,0,0,0.0,0.046699,0,0.0,0,294,3,0,0.5069,0.0302,GREEN,36,Chennai
CLM0011060,CHE_02113,Velachery,2025-08-24,11,0,0,0,1,1,0,1,0,1,0.0,0.119061,1,0.0,1,6,0,16,0.7641,0.0,GREEN,54,Chennai
CLM0011061,CHE_04123,Velachery,2024-10-10,20,0,0,0,0,0,0,0,0,0,0.0,0.169299,0,0.0,0,420,1,1,0.3702,0.0519,GREEN,47,Chennai
CLM0011062,CHE_07497,T Nagar,2023-11-18,15,0,0,0,1,1,1,1,0,0,1.0,1.0,0,0.0,1,18,1,18,0.0974,0.2294,GREEN,47,Chennai
CLM0011063,CHE_05260,Chromepet,2025-05-13,17,0,0,0,0,1,1,1,1,1,0.0,0.935077,0,1.0,0,5,3,18,0.0727,0.2853,GREEN,56,Chennai
CLM0011064,CHE_06843,Perambur,2023-10-31,15,0,0,0,0,0,0,1,0,0,0.0,0.271617,0,0.0,0,420,3,4,0.6229,0.0618,GREEN,51,Chennai
CLM0011065,CHE_01945,Guindy,2024-04-25,11,0,0,0,0,0,0,0,0,0,1.0,0.940587,0,0.0,0,134,4,2,0.7538,0.0832,GREEN,38,Chennai
CLM0011066,CHE_08115,Guindy,2022-08-29,18,0,0,0,0,0,0,0,0,0,0.0,0.348402,0,0.0,0,379,3,0,0.3721,0.0,GREEN,29,Chennai
CLM0011067,CHE_09432,Anna Nagar,2022-12-12,11,0,0,0,0,0,0,0,0,0,0.0,0.248559,0,0.0,1,185,1,0,0.6835,0.05,GREEN,45,Chennai
CLM0011068,CHE_00177,T Nagar,2024-07-04,13,0,1,1,0,0,0,0,0,0,0.0,0.227302,0,0.0,0,375,2,0,0.6708,0.0268,GREEN,41,Chennai
CLM0011069,CHE_03690,Anna Nagar,2024-11-10,8,0,0,0,0,0,0,0,0,0,0.0,0.418359,0,0.0,0,78,1,1,0.847,0.0,GREEN,57,Chennai
CLM0011070,CHE_02802,Perambur,2022-03-31,10,0,0,0,0,0,0,0,0,0,0.0,0.13521,0,0.0,0,308,3,1,0.98,0.0128,GREEN,28,Chennai
CLM0011071,CHE_00204,Sholinganallur,2024-02-25,17,0,0,0,1,1,1,0,0,0,0.0,0.009994,0,0.0,0,420,4,2,0.8108,0.3925,YELLOW,45,Chennai
CLM0011072,CHE_01776,Anna Nagar,2025-09-19,21,0,0,0,0,0,0,0,1,1,0.0,0.220635,0,0.0,0,132,3,4,0.6435,0.19,GREEN,35,Chennai
CLM0011073,CHE_09794,Chromepet,2025-11-10,11,0,0,0,0,0,0,0,0,1,0.0,0.467411,0,0.0,0,338,1,5,0.9591,0.0525,GREEN,34,Chennai
CLM0011074,CHE_04664,Guindy,2022-10-21,17,0,0,0,0,0,0,0,1,0,0.0,0.272487,0,0.0,0,132,0,5,0.8819,0.2,GREEN,62,Chennai
CLM0011075,CHE_06203,Chromepet,2025-05-11,12,0,0,0,1,0,0,1,0,0,0.0,0.903141,0,0.0,0,242,2,3,0.05,0.1807,GREEN,53,Chennai
CLM0011076,CHE_05134,Adyar,2023-05-02,19,0,0,0,0,0,0,0,0,0,0.0,0.19585,0,0.0,0,420,0,2,0.8397,0.0,GREEN,54,Chennai
CLM0011077,CHE_08447,Perambur,2024-08-06,17,0,0,0,0,0,0,0,0,0,0.0,0.320995,0,0.0,0,27,2,4,0.9244,0.0593,GREEN,40,Chennai
CLM0011078,CHE_07144,Anna Nagar,2019-07-04,11,0,0,0,0,0,0,0,0,0,0.0,0.272645,0,0.0,0,322,0,7,0.6163,0.0002,GREEN,18,Chennai
CLM0011079,CHE_02200,Anna Nagar,2020-08-10,8,0,0,0,0,0,0,1,0,0,0.0,0.379873,0,0.0,0,417,1,4,0.6177,0.0,GREEN,42,Chennai
CLM0011080,CHE_08091,Porur,2015-11-01,16,0,0,0,0,0,0,0,0,0,0.0,0.10486,0,0.0,0,60,2,3,0.4763,0.0,GREEN,39,Chennai
CLM0011081,CHE_09577,Guindy,2025-02-27,21,0,0,0,0,0,0,0,0,0,1.0,0.241744,0,0.0,0,66,1,0,0.5716,0.0895,GREEN,28,Chennai
CLM0011082,CHE_08338,Porur,2024-10-08,15,0,0,0,0,0,0,0,1,0,0.0,0.279511,0,0.0,0,62,4,7,0.6871,0.1955,GREEN,49,Chennai
CLM0011083,CHE_08901,Anna Nagar,2025-02-22,19,0,0,0,0,0,0,0,0,0,0.0,0.141429,0,0.0,0,190,3,4,0.5347,0.0,GREEN,47,Chennai
CLM0011084,CHE_00795,Perambur,2025-10-25,9,0,0,0,0,0,0,0,0,0,1.0,0.037225,0,0.0,0,284,3,0,0.7285,0.1037,GREEN,32,Chennai
CLM0011085,CHE_02941,T Nagar,2021-11-15,15,0,0,0,0,0,0,0,0,0,0.0,0.039609,1,0.0,0,420,1,1,0.8573,0.1528,GREEN,34,Chennai
CLM0011086,CHE_09563,Sholinganallur,2023-02-01,20,0,0,0,0,0,0,0,0,0,0.0,0.07495,0,0.0,0,420,2,7,0.7618,0.0713,GREEN,40,Chennai
CLM0011087,CHE_00698,Porur,2024-07-11,7,0,0,0,1,0,0,0,1,0,0.0,0.151616,0,0.0,0,122,2,0,0.8069,0.2296,GREEN,41,Chennai
CLM0011088,CHE_08137,Tambaram,2023-12-13,10,0,0,0,0,0,0,0,0,0,0.0,0.25552,0,0.0,0,63,4,2,0.5683,0.0,GREEN,35,Chennai
CLM0011089,CHE_01585,Sholinganallur,2025-12-25,20,0,0,0,0,0,0,0,0,0,0.0,0.218595,0,0.0,0,287,4,3,0.05,0.07,GREEN,31,Chennai
CLM0011090,CHE_03310,Velachery,2025-08-12,13,0,0,0,0,0,0,1,0,0,0.0,0.330737,0,0.0,1,314,1,2,0.6017,0.053,GREEN,32,Chennai
CLM0011091,CHE_06605,Perambur,2023-10-28,9,0,0,0,0,0,0,0,1,0,0.0,0.0,0,0.0,0,256,2,2,0.1868,0.0889,GREEN,63,Chennai
CLM0011092,CHE_02174,T Nagar,2018-05-08,18,0,0,0,0,0,0,0,0,0,0.0,0.142264,0,0.0,0,312,1,6,0.1771,0.0,GREEN,45,Chennai
CLM0011093,CHE_03039,Chromepet,2017-02-17,18,0,0,0,0,0,1,0,0,0,1.0,1.0,0,1.0,0,300,3,1,0.6747,0.2204,GREEN,52,Chennai
CLM0011094,CHE_06428,Porur,2020-07-23,13,0,1,1,0,0,0,0,0,0,0.0,0.330776,0,0.0,0,306,3,3,0.8724,0.0,GREEN,49,Chennai
CLM0011095,CHE_02656,Porur,2017-04-20,15,0,0,0,0,0,0,0,0,0,0.0,0.338449,0,1.0,0,345,2,2,0.6016,0.0845,GREEN,46,Chennai
CLM0011096,CHE_08240,Perambur,2022-10-13,7,0,0,0,0,0,0,0,0,0,0.0,1.0,0,0.0,0,106,0,1,0.2678,0.0,GREEN,46,Chennai
CLM0011097,CHE_06430,Anna Nagar,2025-03-05,20,0,0,0,0,0,0,0,0,0,0.0,0.389803,0,1.0,0,384,4,2,0.5668,0.0,GREEN,42,Chennai
CLM0011098,CHE_03500,Perambur,2018-11-24,16,0,0,0,0,0,0,0,0,0,0.0,0.484157,0,0.0,0,304,1,0,0.907,0.0,GREEN,37,Chennai
CLM0011099,CHE_07232,Sholinganallur,2023-04-09,20,0,0,0,0,0,0,0,0,0,1.0,1.0,0,1.0,0,348,1,4,0.9698,0.1529,GREEN,26,Chennai
CLM0011100,CHE_00576,Guindy,2022-02-21,12,0,0,0,0,0,0,0,0,0,1.0,0.125607,0,1.0,0,210,3,3,0.98,0.0491,GREEN,47,Chennai
CLM0011101,CHE_00236,T Nagar,2022-08-28,8,0,0,0,0,0,0,0,0,0,0.0,0.031088,0,0.0,0,420,3,2,0.9072,0.1677,GREEN,30,Chennai
CLM0011102,CHE_07897,Tambaram,2023-08-15,12,0,0,0,0,0,0,1,0,0,0.0,0.215518,0,0.0,0,318,1,6,0.4893,0.1134,GREEN,38,Chennai
CLM0011103,CHE_09393,Perambur,2023-03-28,18,0,0,0,0,0,1,0,0,0,0.0,1.0,0,0.0,0,22,4,0,0.5191,0.1211,GREEN,33,Chennai
CLM0011104,CHE_00898,Adyar,2023-06-02,12,0,0,0,0,0,0,0,0,0,0.0,1.0,0,0.0,0,420,3,0,0.98,0.0141,GREEN,20,Chennai
CLM0011105,CHE_04929,Anna Nagar,2021-12-27,8,0,0,0,0,0,0,0,0,0,0.0,0.167316,1,0.0,0,194,2,2,0.4706,0.018,GREEN,52,Chennai
CLM0011106,CHE_01378,T Nagar,2025-05-24,21,0,0,0,0,0,0,0,0,0,0.0,0.41245,0,0.0,0,128,3,1,0.9658,0.0,GREEN,40,Chennai
CLM0011107,CHE_01791,Porur,2021-12-01,7,0,1,1,0,0,0,0,0,0,0.0,0.031286,0,0.0,1,42,3,0,0.6217,0.1157,GREEN,37,Chennai
CLM0011108,CHE_00455,Porur,2023-04-24,17,0,0,0,0,0,0,1,0,0,0.0,0.356924,0,0.0,1,420,1,1,0.5876,0.0555,GREEN,37,Chennai
CLM0011109,CHE_02478,Anna Nagar,2025-02-06,19,0,0,0,0,0,0,0,0,0,1.0,0.344733,0,0.0,0,377,2,4,0.4956,0.0887,GREEN,46,Chennai
CLM0011110,CHE_00828,Tambaram,2022-06-04,8,0,0,0,0,0,0,0,0,0,0.0,0.170329,0,0.0,0,96,0,0,0.9673,0.0231,GREEN,53,Chennai
CLM0011111,CHE_05082,Porur,2023-09-17,19,0,0,0,0,0,0,0,0,0,0.0,0.08692,0,0.0,0,61,3,1,0.6189,0.0,GREEN,25,Chennai
CLM0011112,CHE_02578,Perambur,2025-05-07,20,0,0,0,0,0,1,1,0,0,0.0,0.398437,0,0.0,0,158,2,3,0.3998,0.1789,GREEN,45,Chennai
CLM0011113,CHE_05132,Guindy,2024-11-30,20,0,1,1,0,0,0,0,0,0,0.0,0.294617,0,0.0,0,75,4,4,0.857,0.1259,GREEN,24,Chennai
CLM0011114,CHE_02250,Perambur,2024-10-07,19,0,0,0,0,0,0,0,0,0,0.0,0.144467,0,0.0,0,305,2,0,0.1774,0.0,GREEN,37,Chennai
CLM0011115,CHE_07740,Perambur,2025-09-17,10,0,0,0,0,0,0,0,0,0,0.0,0.922557,0,0.0,0,397,2,5,0.7585,0.0,GREEN,45,Chennai
CLM0011116,CHE_09836,Sholinganallur,2025-07-12,9,0,0,0,0,0,0,0,0,1,0.0,0.151565,0,0.0,0,59,4,6,0.5718,0.0548,GREEN,37,Chennai
CLM0011117,CHE_02854,Adyar,2025-04-16,16,0,0,0,0,0,0,0,0,0,0.0,0.299023,0,1.0,0,123,3,2,0.6295,0.0,GREEN,52,Chennai
CLM0011118,CHE_09944,Adyar,2025-10-16,20,0,0,0,0,0,0,0,0,0,0.0,0.387119,0,0.0,0,120,2,0,0.9013,0.0522,GREEN,52,Chennai
CLM0011119,CHE_05833,Tambaram,2025-01-25,20,0,1,1,0,0,0,0,0,0,1.0,0.178825,0,0.0,0,393,1,6,0.8048,0.1162,GREEN,28,Chennai
CLM0011120,CHE_06497,Sholinganallur,2025-09-27,18,0,0,0,0,0,0,0,0,0,1.0,0.892791,0,0.0,0,307,2,0,0.4271,0.0266,GREEN,33,Chennai
CLM0011121,CHE_04980,Sholinganallur,2024-06-06,20,0,0,0,0,0,0,0,0,0,1.0,0.159294,1,0.0,0,407,4,1,0.6831,0.0964,GREEN,35,Chennai
CLM0011122,CHE_01348,T Nagar,2025-11-30,13,0,0,0,0,0,0,0,0,1,0.0,0.293348,0,0.0,0,325,0,0,0.8381,0.1602,GREEN,63,Chennai
CLM0011123,CHE_01540,Sholinganallur,2024-12-05,14,0,0,0,1,0,0,0,0,0,0.0,0.277937,0,0.0,1,156,4,6,0.9433,0.143,GREEN,36,Chennai
CLM0011124,CHE_07368,Perambur,2024-10-04,12,0,0,0,0,0,0,0,0,0,0.0,0.124031,0,0.0,0,284,1,4,0.6298,0.1246,GREEN,50,Chennai
CLM0011125,CHE_07877,Perambur,2025-12-08,13,0,0,0,0,0,0,0,0,0,0.0,0.486704,0,0.0,0,222,3,3,0.6192,0.0,GREEN,41,Chennai
CLM0011126,CHE_00742,T Nagar,2025-02-09,15,0,0,0,0,0,0,1,0,0,0.0,0.361832,0,0.0,0,219,3,1,0.8708,0.0587,GREEN,18,Chennai
CLM0011127,CHE_06678,Chromepet,2024-11-29,16,0,0,0,0,0,0,0,0,0,0.0,0.047394,0,0.0,0,252,1,4,0.98,0.0,GREEN,35,Chennai
CLM0011128,CHE_06209,Chromepet,2024-08-10,21,0,0,0,0,0,0,0,0,0,0.0,0.30366,0,0.0,0,329,3,1,0.9767,0.02,GREEN,37,Chennai
CLM0011129,CHE_08060,Velachery,2024-05-27,18,0,0,0,0,0,0,0,0,0,0.0,0.137781,0,0.0,0,37,2,4,0.5063,0.0098,GREEN,51,Chennai
CLM0011130,CHE_08344,T Nagar,2023-07-10,20,0,0,0,0,0,1,0,0,0,0.0,0.069545,0,0.0,0,173,4,3,0.9175,0.1219,GREEN,33,Chennai
CLM0011131,CHE_06905,Sholinganallur,2024-11-20,17,0,0,0,0,0,1,0,0,0,0.0,0.163502,0,0.0,0,305,3,1,0.6892,0.0914,GREEN,49,Chennai
CLM0011132,CHE_04809,Guindy,2023-10-17,11,0,0,0,0,0,0,0,0,0,0.0,0.217388,0,1.0,0,163,0,3,0.8036,0.0183,GREEN,39,Chennai
CLM0011133,CHE_07869,Sholinganallur,2024-10-03,20,0,0,0,0,0,0,0,0,0,0.0,0.038129,0,0.0,0,182,3,5,0.6376,0.0369,GREEN,37,Chennai
CLM0011134,CHE_05282,T Nagar,2022-02-04,11,0,0,0,0,0,1,0,0,0,0.0,0.086304,0,0.0,0,420,1,6,0.1469,0.1103,GREEN,32,Chennai
CLM0011135,CHE_04788,Adyar,2025-06-30,11,0,0,0,0,1,0,0,0,0,0.0,0.370241,0,0.0,0,239,1,2,0.5852,0.137,GREEN,45,Chennai
CLM0011136,CHE_07130,Velachery,2021-12-30,19,0,0,0,0,1,0,0,1,0,0.0,0.268403,0,0.0,0,280,0,1,0.9733,0.2365,GREEN,42,Chennai
CLM0011137,CHE_09213,Velachery,2023-04-14,20,0,0,0,0,0,0,0,0,0,0.0,0.374702,0,0.0,0,420,0,0,0.7013,0.0133,GREEN,49,Chennai
CLM0011138,CHE_02315,Chromepet,2025-02-17,13,0,0,0,0,0,0,0,0,0,0.0,0.049913,0,0.0,0,88,3,0,0.05,0.0,GREEN,49,Chennai
CLM0011139,CHE_08063,Anna Nagar,2024-12-03,17,0,0,0,0,1,0,1,0,0,1.0,0.073531,0,0.0,0,5,3,4,0.5266,0.2704,GREEN,53,Chennai
CLM0011140,CHE_03471,Chromepet,2025-08-10,18,0,0,0,0,0,0,0,0,0,0.0,0.333846,0,0.0,0,23,2,3,0.05,0.0357,GREEN,24,Chennai
CLM0011141,CHE_01687,Perambur,2025-02-17,19,0,0,0,0,0,0,0,0,0,0.0,0.176201,0,0.0,0,272,2,4,0.7216,0.0492,GREEN,38,Chennai
CLM0011142,CHE_02155,T Nagar,2025-09-26,12,0,0,0,0,0,0,0,0,0,0.0,0.071448,0,0.0,0,400,2,0,0.6569,0.0,GREEN,22,Chennai
CLM0011143,CHE_01685,Guindy,2025-04-10,13,0,0,0,0,0,0,0,0,0,0.0,0.526113,0,0.0,0,420,3,4,0.6148,0.0,GREEN,37,Chennai
CLM0011144,CHE_07729,Chromepet,2025-12-02,19,0,0,0,0,0,0,0,0,0,0.0,0.19116,0,0.0,0,196,4,1,0.1944,0.0,GREEN,42,Chennai
CLM0011145,CHE_09682,Tambaram,2025-10-05,18,0,0,0,0,0,0,0,0,0,0.0,0.071187,0,0.0,0,160,4,1,0.7448,0.0,GREEN,62,Chennai
CLM0011146,CHE_01107,Chromepet,2024-06-06,12,0,0,0,1,0,0,0,0,0,0.0,0.230361,0,0.0,0,370,3,3,0.5046,0.2721,GREEN,37,Chennai
CLM0011147,CHE_04202,T Nagar,2024-10-22,7,0,0,0,0,0,0,0,0,0,0.0,0.119266,0,0.0,0,299,4,0,0.7934,0.0283,GREEN,41,Chennai
CLM0011148,CHE_06475,Chromepet,2025-07-07,10,0,0,0,0,0,0,0,0,0,0.0,0.277639,0,0.0,0,396,3,3,0.5604,0.0,GREEN,33,Chennai
CLM0011149,CHE_08894,Guindy,2021-11-05,12,0,0,0,0,0,0,0,0,0,0.0,0.195765,0,0.0,0,235,1,2,0.8614,0.0002,GREEN,42,Chennai
CLM0011150,CHE_04102,Velachery,2024-06-28,11,0,0,0,0,0,0,0,0,0,0.0,0.05755,0,0.0,0,420,0,2,0.8277,0.0,GREEN,37,Chennai
CLM0011151,CHE_04086,Sholinganallur,2024-09-30,11,0,1,1,0,0,0,0,0,1,0.0,0.158141,0,0.0,0,420,1,0,0.6864,0.1102,GREEN,39,Chennai
CLM0011152,CHE_05443,Velachery,2024-08-17,11,0,0,0,0,0,0,0,1,0,0.0,0.202468,0,0.0,0,420,0,5,0.5367,0.0417,GREEN,56,Chennai
CLM0011153,CHE_08636,T Nagar,2025-01-10,21,0,1,1,0,1,0,1,1,1,0.0,0.048585,1,0.0,0,12,1,14,0.9548,0.5283,YELLOW,42,Chennai
CLM0011154,CHE_04150,Guindy,2024-04-22,11,0,1,1,1,1,1,1,1,1,1.0,0.935501,1,1.0,1,9,0,18,0.3749,0.8809,RED,27,Chennai
CLM0011155,CHE_03728,Porur,2024-11-19,13,0,0,0,0,0,0,0,0,0,0.0,0.293855,0,0.0,0,407,4,1,0.8749,0.0,GREEN,42,Chennai
CLM0011156,CHE_08179,Sholinganallur,2024-07-15,13,0,0,0,0,0,0,1,0,0,0.0,0.354896,0,0.0,0,262,3,5,0.8808,0.1308,GREEN,32,Chennai
CLM0011157,CHE_03706,Porur,2024-06-29,20,0,0,0,0,0,1,1,0,0,0.0,0.332732,0,0.0,0,185,1,3,0.2085,0.2008,GREEN,23,Chennai
CLM0011158,CHE_09496,Sholinganallur,2025-05-24,10,0,0,0,0,0,1,0,1,0,0.0,0.174986,0,0.0,0,403,3,1,0.6806,0.2003,GREEN,38,Chennai
CLM0011159,CHE_01389,Tambaram,2025-10-08,11,0,0,0,0,0,0,0,0,0,0.0,0.371606,0,0.0,0,152,3,1,0.6679,0.0751,GREEN,48,Chennai
CLM0011160,CHE_06552,Tambaram,2024-08-26,17,0,0,0,0,0,1,0,0,0,0.0,0.264856,0,0.0,0,176,0,0,0.7422,0.0129,GREEN,51,Chennai
CLM0011161,CHE_09205,Sholinganallur,2025-12-18,16,0,0,0,0,0,0,0,0,0,0.0,0.03861,0,0.0,0,320,3,4,0.5846,0.0,GREEN,34,Chennai
CLM0011162,CHE_04744,Guindy,2024-09-03,18,0,0,0,0,0,0,0,0,0,0.0,0.002329,0,0.0,0,144,2,2,0.5877,0.0,GREEN,35,Chennai
CLM0011163,CHE_01820,Chromepet,2025-11-29,7,0,0,0,0,0,0,0,0,0,0.0,0.033855,0,0.0,0,37,4,5,0.7936,0.0,GREEN,56,Chennai
CLM0011164,CHE_08917,Guindy,2025-10-17,8,0,0,0,0,0,0,1,0,1,0.0,0.0,0,0.0,0,420,4,4,0.6362,0.3014,GREEN,40,Chennai
CLM0011165,CHE_06131,Adyar,2024-08-04,16,0,0,0,0,0,0,0,0,0,0.0,0.225321,0,0.0,0,262,3,2,0.98,0.0531,GREEN,36,Chennai
CLM0011166,CHE_05316,Porur,2024-01-22,7,0,0,0,0,0,0,0,0,0,0.0,0.168516,0,0.0,0,420,0,0,0.9463,0.1059,GREEN,36,Chennai
CLM0011167,CHE_07045,Tambaram,2025-05-28,15,0,0,0,0,0,0,0,0,0,0.0,0.417471,0,0.0,0,392,0,1,0.2014,0.0,GREEN,52,Chennai
CLM0011168,CHE_07916,Velachery,2025-12-03,16,0,0,0,1,0,1,0,1,1,0.0,1.0,0,0.0,0,29,4,11,0.1162,0.0,GREEN,27,Chennai
CLM0011169,CHE_08833,Velachery,2024-11-22,17,0,0,0,0,0,0,0,1,0,1.0,0.044189,1,0.0,0,348,3,4,0.6715,0.1492,GREEN,32,Chennai
CLM0011170,CHE_06684,Tambaram,2025-07-11,18,0,0,0,0,0,0,0,0,0,1.0,0.444432,0,0.0,0,207,2,0,0.7672,0.0615,GREEN,47,Chennai
CLM0011171,CHE_06979,Sholinganallur,2025-06-24,9,0,0,0,0,0,0,0,0,0,1.0,0.19778,0,0.0,0,310,4,2,0.8691,0.1075,GREEN,43,Chennai
CLM0011172,CHE_02562,Guindy,2022-10-10,11,0,0,0,1,0,0,0,0,0,0.0,0.080908,0,0.0,0,409,4,3,0.725,0.1637,GREEN,39,Chennai
CLM0011173,CHE_02235,Porur,2023-05-28,14,0,0,0,0,0,0,0,0,0,0.0,0.038458,0,0.0,0,68,2,2,0.8368,0.0756,GREEN,33,Chennai
CLM0011174,CHE_01368,Perambur,2020-10-04,10,0,0,0,0,0,0,0,1,0,0.0,0.279208,0,0.0,0,408,4,0,0.1155,0.0787,GREEN,51,Chennai
CLM0011175,CHE_01021,Adyar,2023-03-04,19,0,0,0,0,0,0,0,0,1,0.0,0.204901,0,0.0,0,132,1,4,0.9532,0.1289,GREEN,45,Chennai
CLM0011176,CHE_04240,Chromepet,2023-04-01,20,0,0,0,0,0,0,0,0,0,0.0,0.242096,0,1.0,0,420,2,0,0.5936,0.161,GREEN,36,Chennai
CLM0011177,CHE_00474,Perambur,2023-10-28,12,0,0,0,1,0,0,0,0,0,0.0,0.281277,0,0.0,0,315,2,6,0.7531,0.0651,GREEN,36,Chennai
CLM0011178,CHE_05669,T Nagar,2023-07-25,20,0,0,0,0,0,0,0,1,0,0.0,0.210737,0,0.0,0,344,1,2,0.6271,0.0331,GREEN,41,Chennai
CLM0011179,CHE_09812,Porur,2021-09-11,19,0,0,0,0,0,0,0,0,0,0.0,0.33305,0,0.0,0,309,2,4,0.1262,0.0,GREEN,40,Chennai
CLM0011180,CHE_01755,Sholinganallur,2022-10-24,11,0,0,0,0,0,1,0,0,0,0.0,1.0,0,0.0,0,394,0,3,0.8543,0.0544,GREEN,48,Chennai
CLM0011181,CHE_04582,Velachery,2022-04-14,10,0,0,0,0,0,0,0,0,0,0.0,0.261572,1,0.0,0,420,3,4,0.7584,0.0582,GREEN,49,Chennai
CLM0011182,CHE_00017,Porur,2021-11-17,21,0,0,0,1,0,1,0,0,0,0.0,0.030967,0,0.0,0,147,3,3,0.8671,0.2673,GREEN,43,Chennai
CLM0011183,CHE_05754,Chromepet,2023-01-03,10,0,0,0,0,0,1,0,1,0,0.0,0.083307,0,0.0,0,240,4,1,0.655,0.146,GREEN,40,Chennai
CLM0011184,CHE_04929,Anna Nagar,2024-09-26,20,0,0,0,0,0,0,0,0,0,0.0,0.0,0,0.0,0,5,1,0,0.8707,0.0,GREEN,52,Chennai
CLM0011185,CHE_02391,Perambur,2024-11-03,12,0,0,0,0,0,0,0,0,0,0.0,0.167221,0,0.0,0,135,0,7,0.7115,0.0,GREEN,28,Chennai
CLM0011186,CHE_02568,Sholinganallur,2022-08-15,14,0,0,0,1,1,0,1,1,1,0.0,1.0,0,1.0,0,29,1,18,0.0937,0.0,GREEN,36,Chennai
CLM0011187,CHE_02785,Velachery,2025-03-03,20,0,0,0,0,0,0,0,0,0,1.0,0.159006,0,0.0,0,20,4,0,0.5449,0.0255,GREEN,42,Chennai
CLM0011188,CHE_04970,Tambaram,2022-09-12,11,0,0,0,0,0,0,0,0,0,0.0,0.164965,1,0.0,0,112,2,3,0.7633,0.0584,GREEN,33,Chennai
CLM0011189,CHE_02286,Tambaram,2022-09-06,12,0,0,0,0,1,0,0,0,0,0.0,0.282917,0,0.0,0,64,1,2,0.8246,0.1016,GREEN,39,Chennai
CLM0011190,CHE_04977,Porur,2023-08-25,21,0,0,0,0,0,0,0,0,0,0.0,0.060737,0,0.0,0,402,0,5,0.5539,0.0054,GREEN,19,Chennai
CLM0011191,CHE_01597,Sholinganallur,2020-06-19,18,0,0,0,0,1,0,1,1,0,1.0,0.927462,1,1.0,1,5,2,18,0.05,0.0,GREEN,52,Chennai
CLM0011192,CHE_06136,Anna Nagar,2022-05-08,18,0,0,0,1,1,0,1,0,1,0.0,0.139885,0,0.0,0,38,4,17,0.9687,0.0251,GREEN,32,Chennai
CLM0011193,CHE_05158,Anna Nagar,2025-10-05,14,0,0,0,0,1,0,0,0,0,0.0,0.272417,0,0.0,0,420,3,1,0.816,0.1085,GREEN,19,Chennai
CLM0011194,CHE_04249,Velachery,2023-04-19,19,0,0,0,0,0,0,0,0,0,0.0,0.231711,0,0.0,0,44,4,4,0.5851,0.0,GREEN,49,Chennai
CLM0011195,CHE_00174,T Nagar,2023-01-06,17,0,1,1,0,0,0,0,0,0,0.0,0.18987,0,0.0,0,5,4,0,0.4266,0.03,GREEN,36,Chennai
CLM0011196,CHE_09662,Porur,2024-11-27,8,0,0,0,0,0,0,0,0,0,0.0,0.340172,0,0.0,0,420,3,5,0.7975,0.0605,GREEN,41,Chennai
CLM0011197,CHE_03411,Adyar,2021-12-20,21,0,0,0,0,0,1,0,0,0,0.0,0.297711,0,0.0,0,407,4,7,0.4871,0.1704,GREEN,50,Chennai
CLM0011198,CHE_05436,Velachery,2022-01-05,16,0,0,0,0,0,0,0,1,0,0.0,0.304421,0,0.0,0,420,4,0,0.7183,0.2622,GREEN,34,Chennai
CLM0011199,CHE_05692,Porur,2023-04-16,7,0,0,0,0,0,0,0,0,0,1.0,0.35211,0,0.0,0,64,3,4,0.05,0.0725,GREEN,29,Chennai
CLM0011200,CHE_06513,Adyar,2023-02-06,10,0,0,0,0,0,0,1,0,0,0.0,0.193749,0,0.0,0,388,4,3,0.6468,0.0,GREEN,39,Chennai
CLM0011201,CHE_09303,Porur,2025-01-14,11,0,0,0,1,1,1,1,1,1,0.0,0.073185,0,1.0,0,23,0,10,0.98,0.2451,GREEN,62,Chennai
CLM0011202,CHE_02319,Tambaram,2019-01-31,13,0,0,0,0,0,0,0,0,0,1.0,0.261196,0,0.0,0,210,0,1,0.6798,0.1034,GREEN,49,Chennai
CLM0011203,CHE_05239,Velachery,2023-03-30,14,0,0,0,0,0,0,0,0,0,0.0,0.286868,0,0.0,0,89,2,1,0.7181,0.0,GREEN,37,Chennai
CLM0011204,CHE_00867,Tambaram,2020-05-29,18,0,0,0,0,0,0,0,1,0,0.0,1.0,0,0.0,0,122,0,0,0.5613,0.1178,GREEN,34,Chennai
CLM0011205,CHE_08773,Porur,2021-04-25,20,0,0,0,0,0,0,0,0,0,0.0,0.240439,0,0.0,0,420,2,6,0.6063,0.0,GREEN,33,Chennai
CLM0011206,CHE_00592,Velachery,2022-04-03,15,0,0,0,0,0,1,0,0,0,0.0,0.120308,0,0.0,0,326,1,1,0.4662,0.0901,GREEN,42,Chennai
CLM0011207,CHE_05091,Tambaram,2025-11-28,12,0,0,0,0,0,0,0,0,0,0.0,0.267683,0,0.0,0,90,1,2,0.4809,0.0,GREEN,36,Chennai
CLM0011208,CHE_08383,Perambur,2025-01-09,7,0,0,0,0,0,0,0,1,0,0.0,0.183601,0,0.0,0,394,3,0,0.1662,0.0839,GREEN,21,Chennai
CLM0011209,CHE_09135,Chromepet,2024-09-06,8,0,0,0,0,0,0,0,0,0,0.0,0.329479,0,0.0,0,321,3,1,0.8723,0.0,GREEN,52,Chennai
CLM0011210,CHE_06589,Chromepet,2024-06-18,18,0,0,0,0,0,0,0,0,0,0.0,0.088839,0,0.0,0,420,4,0,0.4,0.0459,GREEN,37,Chennai
CLM0011211,CHE_01523,Anna Nagar,2021-01-13,9,0,0,0,0,0,0,0,1,0,0.0,0.307736,0,0.0,1,407,2,5,0.5535,0.1271,GREEN,47,Chennai
CLM0011212,CHE_09576,T Nagar,2021-06-28,10,0,0,0,0,0,0,1,0,0,0.0,0.37314,0,0.0,0,219,3,1,0.8816,0.1013,GREEN,51,Chennai
CLM0011213,CHE_03471,Chromepet,2024-06-11,10,0,0,0,0,0,0,0,1,0,0.0,0.043465,0,0.0,0,146,3,1,0.98,0.0592,GREEN,24,Chennai
CLM0011214,CHE_07668,Perambur,2022-10-12,8,0,0,0,0,0,0,0,0,0,1.0,0.97434,0,1.0,0,116,4,0,0.98,0.0815,GREEN,27,Chennai
CLM0011215,CHE_07941,Sholinganallur,2024-08-01,12,0,0,0,0,0,0,0,0,0,0.0,0.023317,1,0.0,0,325,4,3,0.7178,0.0912,GREEN,42,Chennai
CLM0011216,CHE_06829,Perambur,2023-11-07,13,0,0,0,0,0,0,0,0,0,0.0,0.281761,0,1.0,0,420,2,6,0.5516,0.0,GREEN,24,Chennai
CLM0011217,CHE_06217,Perambur,2018-09-13,12,0,0,0,0,0,0,0,0,0,0.0,0.058115,0,0.0,0,10,4,3,0.553,0.0456,GREEN,22,Chennai
CLM0011218,CHE_08956,Chromepet,2024-04-16,11,0,0,0,0,0,0,0,0,1,1.0,0.070882,0,0.0,0,420,0,1,0.7135,0.1814,GREEN,40,Chennai
CLM0011219,CHE_06405,Tambaram,2024-08-05,9,0,0,0,0,0,0,1,1,0,1.0,0.931884,1,0.0,1,5,3,18,0.4254,0.0538,GREEN,27,Chennai
CLM0011220,CHE_09288,Adyar,2022-06-01,7,0,0,0,0,0,0,0,0,0,0.0,0.0,0,0.0,0,420,1,0,0.5088,0.0,GREEN,35,Chennai
CLM0011221,CHE_05642,Chromepet,2022-11-03,17,0,0,0,0,0,0,0,0,0,0.0,0.133184,0,0.0,0,246,1,4,0.7076,0.0,GREEN,42,Chennai
CLM0011222,CHE_02633,Velachery,2022-03-31,16,0,0,0,0,0,0,0,0,0,0.0,0.099026,0,0.0,1,76,2,3,0.7213,0.0894,GREEN,34,Chennai
CLM0011223,CHE_07524,Guindy,2023-01-25,17,0,0,0,0,0,0,0,1,0,0.0,0.302414,0,1.0,0,373,2,5,0.98,0.0623,GREEN,40,Chennai
CLM0011224,CHE_01083,Velachery,2024-05-11,9,0,0,0,0,1,0,0,0,0,0.0,0.985636,0,0.0,0,373,4,1,0.2295,0.1953,GREEN,57,Chennai
CLM0011225,CHE_06365,Tambaram,2024-02-14,8,0,0,0,0,0,0,1,1,0,0.0,0.377171,0,0.0,0,197,1,3,0.5298,0.156,GREEN,37,Chennai
CLM0011226,CHE_02168,Tambaram,2022-03-08,14,0,1,1,0,0,0,0,0,1,0.0,0.011941,1,0.0,1,207,0,2,0.5211,0.2653,GREEN,42,Chennai
CLM0011227,CHE_04177,Guindy,2022-02-14,16,0,0,0,0,0,0,0,0,0,0.0,0.102357,0,0.0,0,262,0,2,0.7652,0.0,GREEN,46,Chennai
CLM0011228,CHE_09480,Sholinganallur,2024-11-23,14,0,0,0,0,0,0,0,0,0,0.0,0.073292,0,0.0,0,177,3,3,0.05,0.0,GREEN,40,Chennai
CLM0011229,CHE_05941,Chromepet,2025-07-03,20,0,0,0,0,0,0,0,0,0,0.0,0.206004,0,0.0,0,354,1,5,0.8057,0.0,GREEN,28,Chennai
CLM0011230,CHE_04242,Chromepet,2020-07-15,14,0,0,0,0,0,0,0,1,0,0.0,1.0,0,0.0,0,48,4,5,0.8929,0.1825,GREEN,51,Chennai
CLM0011231,CHE_07739,Sholinganallur,2025-05-27,19,0,0,0,0,0,0,0,0,1,0.0,0.00156,0,0.0,0,157,2,3,0.9014,0.1236,GREEN,33,Chennai
CLM0011232,CHE_04759,Perambur,2023-11-21,13,0,0,0,0,0,0,0,0,0,0.0,0.30431,0,0.0,0,332,3,0,0.5844,0.0,GREEN,36,Chennai
CLM0011233,CHE_03464,Adyar,2024-03-16,15,0,0,0,0,0,0,0,0,0,0.0,0.178314,0,0.0,0,420,4,7,0.7114,0.0,GREEN,61,Chennai
CLM0011234,CHE_00419,Chromepet,2020-06-15,17,0,0,0,0,1,0,0,0,0,0.0,0.145744,0,0.0,0,111,2,2,0.8677,0.1087,GREEN,38,Chennai
CLM0011235,CHE_03712,Velachery,2024-02-01,20,0,0,0,0,0,0,0,0,0,1.0,0.288417,0,0.0,0,365,2,5,0.8609,0.0502,GREEN,41,Chennai
CLM0011236,CHE_00375,Tambaram,2017-12-14,16,0,0,0,0,0,0,0,0,0,0.0,0.374464,0,0.0,0,46,3,3,0.7882,0.067,GREEN,40,Chennai
CLM0011237,CHE_06406,Velachery,2022-09-08,10,0,1,1,0,0,0,0,0,0,0.0,0.083613,0,0.0,0,280,4,3,0.05,0.0484,GREEN,38,Chennai
CLM0011238,CHE_07987,Tambaram,2020-06-18,17,0,0,0,0,1,1,0,0,0,0.0,0.103664,0,0.0,0,368,0,2,0.7433,0.2311,GREEN,59,Chennai
CLM0011239,CHE_02401,Adyar,2021-02-07,7,0,0,0,0,0,0,0,0,0,0.0,0.988397,0,0.0,0,420,2,4,0.5725,0.0226,GREEN,46,Chennai
CLM0011240,CHE_05171,Sholinganallur,2015-10-20,19,0,0,0,0,0,0,0,0,0,0.0,0.081057,0,0.0,0,207,2,0,0.98,0.0913,GREEN,47,Chennai
CLM0011241,CHE_00246,Adyar,2024-06-08,8,0,0,0,0,0,0,0,0,0,0.0,0.935001,0,0.0,1,53,3,6,0.5984,0.144,GREEN,47,Chennai
CLM0011242,CHE_03755,Adyar,2017-09-26,19,0,0,0,0,0,0,1,0,0,0.0,0.099218,0,0.0,0,266,3,5,0.6281,0.0271,GREEN,21,Chennai
CLM0011243,CHE_01116,Perambur,2025-05-03,19,0,0,0,0,0,0,0,0,0,1.0,0.944185,0,0.0,0,301,2,7,0.6746,0.0798,GREEN,23,Chennai
CLM0011244,CHE_07979,Perambur,2024-12-21,20,0,0,0,0,0,0,0,0,1,0.0,0.0,0,0.0,0,319,3,1,0.9298,0.0692,GREEN,28,Chennai
CLM0011245,CHE_07097,Anna Nagar,2024-10-21,7,0,0,0,0,0,0,0,0,0,0.0,0.315437,1,0.0,0,420,3,5,0.98,0.0793,GREEN,56,Chennai
CLM0011246,CHE_04674,Tambaram,2025-10-24,14,0,0,0,0,0,0,0,0,0,0.0,0.417344,0,0.0,0,213,2,0,0.1749,0.0,GREEN,45,Chennai
CLM0011247,CHE_05033,Guindy,2022-08-24,17,0,0,0,0,0,0,1,0,0,0.0,0.0,0,0.0,0,22,4,2,0.8481,0.1361,GREEN,31,Chennai
CLM0011248,CHE_00904,Tambaram,2024-06-25,9,0,0,0,0,0,0,0,0,0,0.0,0.214254,0,0.0,0,175,1,0,0.9731,0.0,GREEN,48,Chennai
CLM0011249,CHE_08672,Adyar,2024-08-02,15,0,0,0,0,0,1,0,0,0,0.0,0.409441,0,0.0,0,65,3,0,0.7975,0.0941,GREEN,47,Chennai
CLM0011250,CHE_09355,Perambur,2024-06-09,18,0,0,0,0,0,1,0,0,1,0.0,0.093869,0,0.0,0,360,3,2,0.5903,0.2703,GREEN,32,Chennai
CLM0011251,CHE_02171,Adyar,2025-11-10,21,0,0,0,0,0,0,0,0,0,0.0,1.0,0,0.0,0,34,4,1,0.6703,0.0,GREEN,33,Chennai
CLM0011252,CHE_06806,Porur,2021-08-10,15,0,0,0,0,0,0,1,1,0,1.0,1.0,1,1.0,0,53,3,18,0.2504,0.0,GREEN,45,Chennai
CLM0011253,CHE_07574,Velachery,2023-01-13,14,0,0,0,0,0,0,0,0,0,0.0,0.462107,0,0.0,0,274,1,2,0.6485,0.0,GREEN,40,Chennai
CLM0011254,CHE_04819,Porur,2022-02-19,10,0,0,0,0,1,0,0,0,0,0.0,0.0,0,0.0,0,420,0,2,0.2251,0.1587,GREEN,55,Chennai
CLM0011255,CHE_08803,T Nagar,2020-10-28,13,1,0,0,0,0,1,0,0,0,0.0,0.094618,0,0.0,0,157,0,3,0.8374,0.1609,GREEN,53,Chennai
CLM0011256,CHE_06917,Adyar,2023-06-13,16,0,0,0,0,0,1,0,0,0,0.0,0.370577,0,0.0,0,306,0,4,0.98,0.1829,GREEN,28,Chennai
CLM0011257,CHE_00566,Chromepet,2023-07-18,8,0,1,1,0,0,0,0,0,0,0.0,0.315994,0,0.0,0,271,2,0,0.7971,0.8825,RED,49,Chennai
CLM0011258,CHE_01457,Velachery,2025-03-03,14,0,1,1,1,0,0,1,1,1,1.0,0.892221,1,0.0,0,5,2,18,0.1109,0.7094,RED,29,Chennai
CLM0011259,CHE_04297,Perambur,2025-11-19,14,0,1,1,1,1,0,1,0,1,1.0,0.923498,0,1.0,0,5,0,18,0.217,0.6669,RED,31,Chennai
CLM0011260,CHE_07508,T Nagar,2023-01-26,17,0,1,1,0,0,1,0,0,0,0.0,0.396308,0,0.0,0,348,2,3,0.6443,0.6326,RED,38,Chennai
CLM0011261,CHE_05163,Chromepet,2024-05-26,7,0,1,1,0,1,0,1,1,1,0.0,0.076519,1,0.0,0,5,0,18,0.911,0.6225,RED,52,Chennai
CLM0011262,CHE_08220,Porur,2025-10-24,11,0,0,0,0,1,0,0,0,0,0.0,0.232548,0,0.0,0,344,0,3,0.0633,0.1191,GREEN,42,Chennai
CLM0011263,CHE_06051,Perambur,2025-12-07,12,0,0,0,0,0,0,0,0,0,0.0,0.054417,1,0.0,0,388,4,1,0.6101,0.0272,GREEN,49,Chennai
CLM0011264,CHE_06724,Guindy,2023-08-20,7,0,0,0,0,0,0,0,0,0,0.0,0.33582,0,0.0,0,59,1,2,0.05,0.0649,GREEN,49,Chennai
CLM0011265,CHE_06337,Porur,2023-12-03,16,0,0,0,0,0,0,0,0,0,0.0,0.381001,1,0.0,0,420,2,4,0.6533,0.125,GREEN,31,Chennai
CLM0011266,CHE_02518,Porur,2024-02-06,10,0,0,0,1,0,0,0,0,0,0.0,0.222194,0,0.0,1,420,0,4,0.6693,0.1747,GREEN,44,Chennai
CLM0011267,CHE_09369,T Nagar,2024-02-27,16,0,0,0,0,0,0,0,0,0,0.0,0.0,0,0.0,0,270,1,0,0.664,0.0143,GREEN,41,Chennai
CLM0011268,CHE_04794,Chromepet,2023-02-22,11,0,1,1,0,0,1,0,0,0,1.0,0.922322,0,1.0,0,420,1,2,0.98,0.1023,GREEN,40,Chennai
CLM0011269,CHE_00077,Guindy,2023-04-05,10,0,0,0,0,0,0,0,0,0,0.0,0.447345,0,0.0,0,347,0,2,0.8339,0.0877,GREEN,44,Chennai
CLM0011270,CHE_00706,Porur,2024-08-11,16,0,0,0,0,0,0,0,1,0,0.0,0.120226,0,0.0,0,227,3,5,0.595,0.0108,GREEN,46,Chennai
CLM0011271,CHE_08348,Chromepet,2025-12-06,19,0,0,0,0,0,0,0,0,0,0.0,0.150033,0,0.0,0,420,1,2,0.5561,0.0,GREEN,30,Chennai
CLM0011272,CHE_03916,Adyar,2025-12-27,16,0,1,1,0,0,0,0,0,0,0.0,0.065421,0,0.0,0,271,3,4,0.151,0.0,GREEN,49,Chennai
CLM0011273,CHE_09218,Anna Nagar,2023-02-14,20,0,0,0,0,0,0,0,0,0,0.0,1.0,0,0.0,0,267,1,2,0.5769,0.1377,GREEN,46,Chennai
CLM0011274,CHE_04198,Anna Nagar,2020-08-31,14,0,0,0,0,0,0,0,0,0,1.0,0.236878,0,0.0,0,277,3,3,0.6829,0.1394,GREEN,28,Chennai
CLM0011275,CHE_03967,T Nagar,2018-10-15,11,0,0,0,0,0,0,0,0,0,0.0,0.143502,1,0.0,0,397,1,0,0.8799,0.0674,GREEN,37,Chennai
CLM0011276,CHE_06908,Adyar,2021-01-15,16,0,0,0,0,0,0,0,0,0,0.0,1.0,0,0.0,0,112,2,6,0.98,0.0328,GREEN,29,Chennai
CLM0011277,CHE_06773,Velachery,2018-10-09,8,0,0,0,0,0,0,0,0,0,0.0,0.100531,0,0.0,1,420,4,1,0.6823,0.0159,GREEN,18,Chennai
CLM0011278,CHE_07570,Porur,2024-12-08,19,0,0,0,0,1,0,1,0,0,0.0,0.0,0,0.0,0,129,3,2,0.8323,0.2755,GREEN,36,Chennai
CLM0011279,CHE_02747,Chromepet,2020-09-30,17,0,0,0,0,0,0,0,0,1,0.0,0.068078,0,0.0,0,243,3,5,0.4292,0.1379,GREEN,32,Chennai
CLM0011280,CHE_01325,Tambaram,2020-04-16,18,0,0,0,1,0,0,0,0,0,0.0,0.051211,0,0.0,0,49,3,1,0.8434,0.1979,GREEN,48,Chennai
CLM0011281,CHE_05528,Guindy,2019-06-14,12,0,0,0,0,0,0,0,0,0,0.0,0.314664,1,1.0,0,341,3,0,0.3816,0.088,GREEN,38,Chennai
CLM0011282,CHE_02758,Sholinganallur,2024-11-07,11,0,0,0,0,1,0,0,0,0,0.0,0.0,1,0.0,0,293,1,1,0.8946,0.1466,GREEN,34,Chennai
CLM0011283,CHE_00489,T Nagar,2024-02-18,16,0,0,0,0,1,0,1,1,0,0.0,1.0,1,1.0,0,39,1,18,0.6456,0.0992,GREEN,33,Chennai
CLM0011284,CHE_04647,T Nagar,2022-10-17,21,0,0,0,0,0,0,0,0,0,0.0,0.248278,0,0.0,0,159,3,0,0.8572,0.0,GREEN,38,Chennai
CLM0011285,CHE_04270,Porur,2024-04-10,15,0,0,0,1,0,0,0,0,1,0.0,1.0,0,0.0,0,55,3,4,0.8492,0.3481,YELLOW,30,Chennai
CLM0011286,CHE_09025,Tambaram,2023-08-10,19,0,0,0,0,0,0,0,0,0,0.0,0.286588,0,0.0,0,370,3,4,0.4941,0.0329,GREEN,52,Chennai
CLM0011287,CHE_09347,Tambaram,2017-02-24,16,0,0,0,0,0,0,0,0,0,0.0,0.327505,0,0.0,0,362,4,0,0.611,0.009,GREEN,20,Chennai
CLM0011288,CHE_04692,Adyar,2023-03-25,20,0,0,0,0,0,0,0,0,0,0.0,0.067716,0,0.0,0,289,4,4,0.9185,0.0301,GREEN,51,Chennai
CLM0011289,CHE_07816,Tambaram,2016-12-07,11,0,0,0,0,0,1,0,0,0,0.0,0.049112,0,0.0,0,404,3,4,0.7247,0.1326,GREEN,46,Chennai
CLM0011290,CHE_09939,Sholinganallur,2022-08-12,11,0,0,0,0,0,1,1,0,0,0.0,0.154753,0,0.0,0,412,4,0,0.1335,0.1445,GREEN,45,Chennai
CLM0011291,CHE_07823,Adyar,2024-09-16,10,0,0,0,0,0,0,0,0,0,0.0,0.047331,0,0.0,0,312,3,0,0.7695,0.0018,GREEN,56,Chennai
CLM0011292,CHE_01694,Guindy,2023-12-01,17,0,0,0,0,0,0,0,0,0,0.0,0.427006,0,0.0,0,34,1,3,0.05,0.0723,GREEN,53,Chennai
CLM0011293,CHE_07421,T Nagar,2024-03-03,8,0,0,0,0,0,0,0,1,0,0.0,0.094476,0,0.0,0,221,3,3,0.4726,0.0896,GREEN,38,Chennai
CLM0011294,CHE_06084,Velachery,2019-04-15,11,0,0,0,0,0,0,0,0,1,1.0,0.948964,0,1.0,0,84,2,5,0.9102,0.2692,GREEN,43,Chennai
CLM0011295,CHE_05934,Guindy,2024-12-24,21,0,0,0,0,0,0,0,0,0,1.0,0.458155,0,0.0,0,319,2,0,0.8847,0.0872,GREEN,45,Chennai
CLM0011296,CHE_09529,Anna Nagar,2025-10-18,17,0,0,0,0,0,0,0,0,0,0.0,0.416462,0,0.0,0,245,3,3,0.1024,0.0741,GREEN,36,Chennai
CLM0011297,CHE_03759,Adyar,2025-10-16,9,1,0,0,0,0,0,0,0,0,0.0,0.125501,0,0.0,0,173,0,4,0.98,0.0505,GREEN,46,Chennai
CLM0011298,CHE_04274,Guindy,2025-04-25,11,0,0,0,0,0,0,0,0,0,0.0,0.280049,0,0.0,0,184,2,2,0.8724,0.1666,GREEN,35,Chennai
CLM0011299,CHE_05140,Velachery,2020-06-01,7,0,1,1,0,1,1,0,0,0,1.0,0.319436,0,0.0,0,346,1,3,0.1774,0.419,YELLOW,51,Chennai
CLM0011300,CHE_05214,Sholinganallur,2025-07-03,18,0,1,1,0,0,1,1,1,1,0.0,1.0,1,0.0,1,5,2,18,0.1668,0.7286,RED,29,Chennai
CLM0011301,CHE_02059,Guindy,2024-01-02,20,0,1,1,0,0,0,0,0,0,0.0,0.074892,0,0.0,0,420,0,0,0.2507,0.7695,RED,34,Chennai
CLM0011302,CHE_08260,Velachery,2020-04-30,10,0,1,1,1,0,0,0,0,0,0.0,0.137928,0,0.0,0,388,0,2,0.6336,0.3928,YELLOW,42,Chennai
CLM0011303,CHE_08429,Porur,2015-12-25,13,0,1,1,1,1,1,0,0,1,1.0,0.466512,0,0.0,1,5,0,18,0.8687,0.737,RED,38,Chennai
CLM0011304,CHE_01374,Perambur,2021-01-28,20,0,0,0,0,0,0,0,0,0,0.0,0.252967,0,0.0,0,244,3,2,0.4996,0.0,GREEN,43,Chennai
CLM0011305,CHE_07854,Porur,2020-02-23,15,0,0,0,0,1,0,0,0,0,0.0,0.0,0,0.0,0,293,0,0,0.6134,0.0694,GREEN,52,Chennai
CLM0011306,CHE_05418,Anna Nagar,2024-12-12,14,0,0,0,0,0,0,0,0,0,0.0,0.964195,0,0.0,1,401,4,0,0.1504,0.0566,GREEN,52,Chennai
CLM0011307,CHE_04690,T Nagar,2020-06-14,16,0,0,0,0,0,0,1,1,0,1.0,0.352561,0,0.0,0,420,0,1,0.98,0.1533,GREEN,30,Chennai
CLM0011308,CHE_09233,Porur,2018-07-03,9,0,0,0,0,0,0,1,0,0,0.0,0.240526,0,0.0,0,186,4,7,0.7774,0.0,GREEN,21,Chennai
CLM0011309,CHE_05507,Anna Nagar,2020-09-11,19,0,0,0,0,0,0,0,0,0,0.0,0.222501,0,0.0,0,109,3,4,0.7716,0.0,GREEN,22,Chennai
CLM0011310,CHE_02691,T Nagar,2025-05-25,11,0,0,0,0,0,0,0,0,0,0.0,0.310263,0,1.0,0,314,0,4,0.6032,0.0,GREEN,29,Chennai
CLM0011311,CHE_03148,Tambaram,2021-01-12,12,0,0,0,0,0,0,0,0,0,0.0,1.0,0,1.0,0,96,1,3,0.6308,0.0,GREEN,47,Chennai
CLM0011312,CHE_04611,Adyar,2022-01-01,21,0,0,0,0,0,0,0,0,0,0.0,0.216437,0,0.0,0,420,0,6,0.6058,0.0719,GREEN,39,Chennai
CLM0011313,CHE_00053,Guindy,2024-05-21,11,0,0,0,0,0,0,1,0,0,0.0,0.194178,0,0.0,0,172,0,4,0.961,0.0631,GREEN,54,Chennai
CLM0011314,CHE_09258,Anna Nagar,2015-08-23,13,0,0,0,0,0,0,0,0,0,0.0,0.0,0,0.0,0,80,3,1,0.5263,0.0363,GREEN,52,Chennai
CLM0011315,CHE_01649,Velachery,2023-07-10,13,0,0,0,0,0,1,0,0,0,0.0,0.149723,1,0.0,0,147,2,4,0.5917,0.1964,GREEN,38,Chennai
CLM0011316,CHE_03269,Anna Nagar,2025-04-20,17,0,0,0,0,0,0,0,0,0,0.0,0.418778,0,0.0,0,420,1,0,0.5948,0.0,GREEN,35,Chennai
CLM0011317,CHE_03181,Chromepet,2021-05-07,19,0,0,0,1,0,0,0,0,0,0.0,0.352026,0,0.0,0,43,2,3,0.9292,0.3305,YELLOW,39,Chennai
CLM0011318,CHE_02956,Velachery,2025-08-29,15,0,0,0,0,1,0,0,0,0,0.0,0.087361,0,0.0,0,135,4,1,0.1395,0.0042,GREEN,35,Chennai
CLM0011319,CHE_00654,Tambaram,2019-05-26,19,0,0,0,0,0,0,0,1,0,0.0,0.151844,0,0.0,0,183,3,0,0.98,0.0776,GREEN,44,Chennai
CLM0011320,CHE_06985,Velachery,2021-05-01,12,0,0,0,0,0,0,0,0,0,1.0,0.0,0,0.0,0,19,4,4,0.4595,0.1278,GREEN,40,Chennai
CLM0011321,CHE_02768,Velachery,2016-11-26,17,0,0,0,0,0,0,0,0,0,0.0,0.195023,0,0.0,0,335,3,1,0.7207,0.0854,GREEN,47,Chennai
CLM0011322,CHE_08890,Anna Nagar,2021-07-03,10,0,0,0,0,0,0,1,0,0,1.0,0.175154,0,0.0,0,267,1,2,0.6164,0.1323,GREEN,27,Chennai
CLM0011323,CHE_06678,Chromepet,2021-03-06,17,0,0,0,0,0,0,0,0,0,0.0,0.173759,0,0.0,0,420,2,5,0.6478,0.077,GREEN,35,Chennai
CLM0011324,CHE_05428,Anna Nagar,2024-03-06,14,0,0,0,0,0,1,0,0,0,0.0,0.0,0,0.0,0,246,2,0,0.5917,0.0468,GREEN,31,Chennai
CLM0011325,CHE_08319,Chromepet,2025-02-15,10,0,0,0,0,0,0,0,0,0,0.0,0.061993,0,0.0,0,211,3,3,0.9131,0.0,GREEN,40,Chennai
CLM0011326,CHE_06597,Tambaram,2023-11-15,18,0,0,0,0,0,0,0,0,0,0.0,1.0,0,0.0,0,162,3,1,0.9102,0.1406,GREEN,30,Chennai
CLM0011327,CHE_00451,Velachery,2016-11-01,21,0,0,0,1,1,0,1,1,1,0.0,0.950835,0,1.0,0,46,4,18,0.1203,0.0654,GREEN,34,Chennai
CLM0011328,CHE_02843,T Nagar,2020-06-04,14,0,0,0,0,0,0,0,0,0,0.0,0.229658,0,0.0,0,259,2,0,0.7216,0.0,GREEN,45,Chennai
CLM0011329,CHE_09274,Guindy,2017-01-04,18,0,0,0,0,0,0,0,0,0,0.0,0.236851,0,0.0,0,169,2,1,0.8081,0.0202,GREEN,43,Chennai
CLM0011330,CHE_05750,Anna Nagar,2025-01-06,10,0,0,0,0,0,0,0,0,0,0.0,0.05738,0,0.0,0,269,1,3,0.5866,0.0274,GREEN,59,Chennai
CLM0011331,CHE_09373,Adyar,2022-01-22,18,0,0,0,0,0,0,0,0,0,0.0,0.0,0,0.0,0,194,2,0,0.98,0.1875,GREEN,27,Chennai
CLM0011332,CHE_02003,Guindy,2022-09-23,12,0,0,0,0,0,0,0,0,0,0.0,0.0,0,1.0,0,388,1,0,0.9146,0.0,GREEN,24,Chennai
CLM0011333,CHE_02999,Perambur,2018-08-14,19,0,1,1,0,0,0,0,1,1,0.0,0.309519,0,0.0,0,379,1,7,0.8143,0.1804,GREEN,44,Chennai
CLM0011334,CHE_01952,Sholinganallur,2017-05-05,20,0,0,0,0,0,0,0,0,0,0.0,0.060359,0,0.0,0,132,4,0,0.0792,0.0787,GREEN,52,Chennai
CLM0011335,CHE_08062,Porur,2022-05-13,10,0,0,0,1,0,0,0,0,1,0.0,0.155644,0,0.0,0,276,2,4,0.7686,0.3025,GREEN,50,Chennai
CLM0011336,CHE_04939,Chromepet,2023-07-14,10,0,0,0,0,0,0,0,0,0,0.0,0.202355,0,0.0,0,75,4,0,0.5273,0.0,GREEN,44,Chennai
CLM0011337,CHE_01297,Chromepet,2022-01-14,13,0,0,0,0,0,0,0,0,0,0.0,0.085463,0,0.0,0,221,2,3,0.7685,0.0,GREEN,47,Chennai
CLM0011338,CHE_00511,Velachery,2019-05-06,20,0,0,0,0,0,0,0,0,0,0.0,0.232925,0,0.0,0,261,2,2,0.6875,0.0,GREEN,39,Chennai
CLM0011339,CHE_08003,Chromepet,2023-11-04,10,0,0,0,0,0,0,0,0,0,1.0,1.0,0,1.0,0,206,0,2,0.9492,0.0,GREEN,40,Chennai
CLM0011340,CHE_01790,T Nagar,2024-12-31,19,0,0,0,0,0,0,0,0,0,1.0,1.0,0,1.0,0,98,3,1,0.7508,0.0294,GREEN,28,Chennai
CLM0011341,CHE_09928,Chromepet,2024-11-06,19,0,0,0,0,0,0,0,0,0,0.0,0.322698,0,0.0,0,244,0,1,0.6477,0.0394,GREEN,33,Chennai
CLM0011342,CHE_03064,Anna Nagar,2022-12-15,20,0,0,0,0,1,0,0,0,0,0.0,0.17697,0,0.0,0,270,3,0,0.2192,0.121,GREEN,24,Chennai
CLM0011343,CHE_07274,Tambaram,2024-10-27,18,0,0,0,1,0,0,1,1,0,1.0,1.0,0,0.0,1,15,1,13,0.2015,0.0088,GREEN,23,Chennai
CLM0011344,CHE_08384,T Nagar,2024-04-24,7,0,0,0,0,0,0,0,0,0,0.0,0.109509,1,0.0,0,271,1,7,0.8664,0.1232,GREEN,47,Chennai
CLM0011345,CHE_09791,Chromepet,2022-07-28,21,0,0,0,0,0,1,0,0,0,0.0,0.388322,0,0.0,0,168,4,3,0.2628,0.1545,GREEN,30,Chennai
CLM0011346,CHE_06902,Sholinganallur,2025-03-08,16,0,0,0,0,0,0,0,0,0,1.0,0.158283,0,0.0,0,240,1,1,0.5778,0.0601,GREEN,33,Chennai
CLM0011347,CHE_06607,Tambaram,2022-12-19,14,0,0,0,0,0,0,0,0,0,0.0,0.997086,0,0.0,0,56,4,4,0.9584,0.0571,GREEN,25,Chennai
CLM0011348,CHE_08134,Chromepet,2025-05-07,9,0,0,0,0,1,0,0,0,0,0.0,0.0,0,1.0,0,306,0,7,0.8551,0.1546,GREEN,51,Chennai
CLM0011349,CHE_09645,Perambur,2024-06-29,20,0,0,0,0,0,0,0,0,0,0.0,0.232538,0,0.0,0,241,1,1,0.6888,0.0,GREEN,50,Chennai
CLM0011350,CHE_00661,Anna Nagar,2025-05-22,10,0,1,1,0,0,0,0,0,0,0.0,0.04782,0,0.0,0,420,0,1,0.7187,0.0354,GREEN,36,Chennai
CLM0011351,CHE_07529,Tambaram,2025-04-18,13,0,0,0,0,1,0,0,0,0,1.0,0.049666,0,0.0,0,210,0,5,0.6104,0.1591,GREEN,49,Chennai
CLM0011352,CHE_08068,Porur,2021-10-22,21,0,0,0,0,0,0,0,1,0,0.0,0.316934,0,0.0,0,420,2,1,0.854,0.0352,GREEN,32,Chennai
CLM0011353,CHE_04188,Chromepet,2024-09-26,11,0,0,0,0,0,1,0,0,0,0.0,0.005002,0,0.0,1,335,0,2,0.8258,0.1795,GREEN,55,Chennai
CLM0011354,CHE_06666,Adyar,2022-05-15,19,0,0,0,0,0,0,0,0,0,0.0,0.114993,0,0.0,0,420,4,2,0.5603,0.0797,GREEN,42,Chennai
CLM0011355,CHE_01409,Adyar,2024-01-20,9,0,0,0,0,0,0,0,0,0,0.0,0.287706,0,0.0,0,46,1,1,0.1038,0.0,GREEN,48,Chennai
CLM0011356,CHE_08791,Porur,2021-12-09,20,0,0,0,0,0,1,0,0,0,0.0,1.0,0,0.0,0,184,2,2,0.8881,0.0701,GREEN,41,Chennai
CLM0011357,CHE_05129,Sholinganallur,2019-11-20,16,0,0,0,0,0,0,1,0,0,1.0,0.355274,0,0.0,0,226,2,2,0.5973,0.3189,YELLOW,38,Chennai
CLM0011358,CHE_06990,Anna Nagar,2024-09-02,12,0,0,0,0,0,1,0,0,0,0.0,0.04091,0,0.0,0,281,0,5,0.2072,0.1906,GREEN,44,Chennai
CLM0011359,CHE_05201,Perambur,2019-08-03,14,0,0,0,0,0,0,0,0,0,0.0,0.0,0,0.0,0,46,2,3,0.6217,0.0,GREEN,27,Chennai
CLM0011360,CHE_03483,T Nagar,2024-06-06,19,0,0,0,0,0,0,0,0,0,1.0,0.130969,1,0.0,0,279,2,0,0.081,0.0479,GREEN,19,Chennai
CLM0011361,CHE_00008,Sholinganallur,2023-12-19,17,0,0,0,0,0,0,0,0,0,0.0,0.131689,0,0.0,0,420,2,1,0.8586,0.0,GREEN,27,Chennai
CLM0011362,CHE_06094,Perambur,2023-12-15,13,0,0,0,0,0,0,0,1,0,0.0,0.192108,0,0.0,0,78,1,3,0.5484,0.0619,GREEN,33,Chennai
CLM0011363,CHE_09854,Chromepet,2018-11-18,11,0,0,0,0,0,0,0,0,0,0.0,0.210026,0,0.0,0,214,0,1,0.1977,0.0121,GREEN,52,Chennai
CLM0011364,CHE_05948,Velachery,2025-07-23,15,0,0,0,0,0,0,0,0,0,0.0,0.069377,0,0.0,0,302,3,0,0.7325,0.0967,GREEN,49,Chennai
CLM0011365,CHE_02609,Porur,2020-11-27,10,0,0,0,0,1,1,1,0,0,0.0,0.317261,0,0.0,0,395,3,3,0.1835,0.2527,GREEN,27,Chennai
CLM0011366,CHE_09368,T Nagar,2024-02-21,16,0,0,0,0,0,0,0,0,0,1.0,1.0,0,0.0,0,239,3,5,0.8337,0.0118,GREEN,42,Chennai
CLM0011367,CHE_04887,Sholinganallur,2018-05-07,18,0,0,0,0,0,0,0,0,0,0.0,0.123476,0,0.0,0,352,4,2,0.9193,0.0,GREEN,47,Chennai
CLM0011368,CHE_04053,T Nagar,2022-06-12,8,0,0,0,0,0,0,0,0,0,0.0,0.112433,0,0.0,0,154,2,3,0.758,0.0,GREEN,18,Chennai
CLM0011369,CHE_05790,Velachery,2024-10-14,18,0,0,0,0,0,0,0,0,0,0.0,0.099097,0,0.0,0,164,0,2,0.98,0.0,GREEN,52,Chennai
CLM0011370,CHE_03106,Guindy,2017-10-13,13,0,0,0,0,0,0,0,0,0,0.0,0.261834,0,0.0,0,66,3,5,0.572,0.0486,GREEN,55,Chennai
CLM0011371,CHE_05727,Porur,2021-01-21,12,0,0,0,0,0,0,0,0,0,0.0,0.187888,0,0.0,0,340,4,0,0.733,0.0,GREEN,31,Chennai
CLM0011372,CHE_09284,Adyar,2021-02-17,7,0,0,0,0,0,0,0,0,0,0.0,0.030434,0,0.0,0,277,2,2,0.5886,0.0739,GREEN,43,Chennai
CLM0011373,CHE_06917,Adyar,2024-12-31,18,0,0,0,0,0,0,0,0,0,0.0,0.346566,0,0.0,0,420,0,3,0.5335,0.0,GREEN,28,Chennai
CLM0011374,CHE_02270,Velachery,2020-08-07,18,0,0,0,1,0,0,0,0,0,0.0,0.177792,0,0.0,0,19,0,2,0.98,0.1523,GREEN,56,Chennai
CLM0011375,CHE_04668,Anna Nagar,2020-12-13,8,0,0,0,0,0,0,0,0,0,0.0,0.062808,0,0.0,0,70,4,0,0.2281,0.0229,GREEN,43,Chennai
CLM0011376,CHE_09569,Guindy,2020-07-07,14,0,0,0,0,0,0,0,0,0,0.0,0.305436,0,0.0,0,420,0,1,0.05,0.0,GREEN,41,Chennai
CLM0011377,CHE_02009,T Nagar,2024-02-01,18,0,0,0,0,0,0,0,0,0,0.0,0.298595,0,0.0,0,387,0,1,0.98,0.0708,GREEN,43,Chennai
CLM0011378,CHE_02817,Sholinganallur,2024-04-20,19,0,0,0,1,1,1,1,0,1,1.0,1.0,1,1.0,1,5,3,12,0.507,0.0267,GREEN,23,Chennai
CLM0011379,CHE_00089,T Nagar,2023-11-25,14,0,0,0,0,0,1,0,0,0,0.0,0.379462,0,0.0,0,362,1,0,0.857,0.1897,GREEN,27,Chennai
CLM0011380,CHE_05913,Sholinganallur,2021-06-08,14,0,0,0,0,0,0,0,1,0,0.0,0.163189,0,0.0,0,165,3,0,0.7476,0.063,GREEN,26,Chennai
CLM0011381,CHE_08780,Porur,2025-02-24,14,0,0,0,0,0,0,0,0,0,0.0,0.083833,0,0.0,0,76,1,6,0.98,0.0,GREEN,57,Chennai
CLM0011382,CHE_03001,T Nagar,2025-05-13,21,0,0,0,0,0,0,0,0,0,0.0,0.184959,0,0.0,0,6,2,0,0.8769,0.0321,GREEN,47,Chennai
CLM0011383,CHE_03320,Adyar,2024-11-11,17,1,0,0,0,0,0,0,0,1,0.0,1.0,0,0.0,0,53,4,1,0.5821,0.1109,GREEN,54,Chennai
CLM0011384,CHE_00041,Anna Nagar,2024-02-05,19,0,0,0,0,0,0,1,1,0,1.0,0.220823,0,0.0,0,138,4,5,0.5794,0.1998,GREEN,27,Chennai
CLM0011385,CHE_09735,Guindy,2025-11-30,9,0,0,0,0,0,0,1,0,1,0.0,0.331721,0,0.0,0,102,2,3,0.8157,0.1702,GREEN,34,Chennai
CLM0011386,CHE_05894,Guindy,2024-08-29,8,0,0,0,0,0,0,0,0,0,0.0,0.071584,0,0.0,0,55,1,4,0.4109,0.0,GREEN,32,Chennai
CLM0011387,CHE_04913,Adyar,2021-10-11,15,0,0,0,0,0,0,0,0,0,0.0,0.380838,0,0.0,0,372,2,2,0.761,0.0429,GREEN,40,Chennai
CLM0011388,CHE_03423,Sholinganallur,2023-03-27,17,0,0,0,0,0,0,0,0,0,0.0,0.917292,0,0.0,0,236,1,0,0.6291,0.0,GREEN,26,Chennai
CLM0011389,CHE_05575,T Nagar,2022-05-12,19,0,0,0,0,0,0,0,0,0,0.0,0.134528,0,0.0,0,62,3,1,0.7396,0.0749,GREEN,38,Chennai
CLM0011390,CHE_04150,Guindy,2023-11-01,21,0,0,0,0,0,0,0,0,0,0.0,0.358733,0,0.0,0,109,0,4,0.2227,0.0,GREEN,27,Chennai
CLM0011391,CHE_03825,Porur,2023-11-15,7,0,0,0,0,0,0,0,0,0,0.0,0.307937,0,0.0,0,420,3,2,0.98,0.0191,GREEN,19,Chennai
CLM0011392,CHE_01915,Guindy,2023-09-01,19,0,0,0,0,0,0,0,0,0,0.0,0.110386,0,0.0,0,348,2,2,0.717,0.0546,GREEN,40,Chennai
CLM0011393,CHE_07557,Tambaram,2023-01-13,19,0,0,0,0,0,0,0,0,0,0.0,0.139378,0,1.0,0,184,1,0,0.8331,0.0552,GREEN,52,Chennai
CLM0011394,CHE_04940,Guindy,2023-09-22,8,0,0,0,1,1,1,1,1,0,1.0,0.947644,1,0.0,1,28,3,18,0.2337,0.0,GREEN,18,Chennai
CLM0011395,CHE_02104,Anna Nagar,2023-02-03,10,0,0,0,0,0,1,1,0,0,1.0,0.0,0,0.0,0,201,2,3,0.5408,0.229,GREEN,35,Chennai
CLM0011396,CHE_02307,Guindy,2025-07-23,7,0,0,0,0,0,1,0,0,0,0.0,0.331028,0,0.0,0,399,1,2,0.9628,0.031,GREEN,39,Chennai
CLM0011397,CHE_06600,Adyar,2020-11-01,7,0,0,0,0,0,0,0,0,0,0.0,0.385055,0,0.0,0,358,3,1,0.6003,0.1051,GREEN,25,Chennai
CLM0011398,CHE_07464,Velachery,2024-09-30,17,0,0,0,0,0,0,0,0,0,0.0,1.0,0,0.0,0,64,3,0,0.6555,0.1484,GREEN,56,Chennai
CLM0011399,CHE_00677,Porur,2020-08-12,17,0,0,0,0,1,0,0,0,0,0.0,0.237482,0,0.0,0,165,4,3,0.6498,0.0574,GREEN,34,Chennai
CLM0011400,CHE_09534,Sholinganallur,2024-11-01,15,0,0,0,0,0,0,0,0,0,0.0,0.287692,0,0.0,0,184,4,1,0.7643,0.0,GREEN,51,Chennai
CLM0011401,CHE_00388,Tambaram,2024-11-21,9,0,0,0,0,0,0,0,0,0,0.0,0.0,0,0.0,0,367,4,0,0.6389,0.0,GREEN,41,Chennai
CLM0011402,CHE_01577,Porur,2024-08-11,18,0,0,0,0,0,0,0,0,0,0.0,1.0,0,0.0,0,276,3,0,0.4468,0.0296,GREEN,31,Chennai
CLM0011403,CHE_05809,Perambur,2023-11-23,11,0,0,0,0,0,0,0,0,0,0.0,1.0,0,0.0,0,420,1,5,0.8383,0.0,GREEN,18,Chennai
CLM0011404,CHE_07925,Anna Nagar,2024-03-13,16,0,0,0,0,0,0,0,0,0,0.0,0.194112,1,0.0,0,411,2,5,0.98,0.0397,GREEN,54,Chennai
CLM0011405,CHE_02069,Guindy,2025-05-25,15,0,0,0,1,0,0,0,1,0,0.0,0.215519,0,0.0,0,394,4,4,0.5734,0.2025,GREEN,42,Chennai
CLM0011406,CHE_03585,T Nagar,2024-04-03,16,0,0,0,0,0,1,0,0,0,1.0,0.33497,0,0.0,0,312,1,0,0.5838,0.2519,GREEN,35,Chennai
CLM0011407,CHE_01091,Porur,2024-08-12,17,0,0,0,0,0,0,0,0,0,0.0,0.391839,0,0.0,0,37,0,2,0.6682,0.0221,GREEN,33,Chennai
CLM0011408,CHE_03263,T Nagar,2024-07-27,7,0,0,0,0,0,0,0,0,0,0.0,0.418059,1,0.0,0,101,3,6,0.8114,0.0765,GREEN,36,Chennai
CLM0011409,CHE_01065,T Nagar,2023-12-07,12,0,0,0,0,0,0,0,0,0,0.0,0.126094,0,0.0,0,263,2,1,0.6292,0.0274,GREEN,20,Chennai
CLM0011410,CHE_04093,Guindy,2025-02-17,20,0,0,0,0,0,1,0,0,0,0.0,0.309764,0,0.0,0,420,3,0,0.8812,0.0232,GREEN,45,Chennai
CLM0011411,CHE_00804,Velachery,2023-09-16,16,0,0,0,0,0,0,0,0,0,0.0,0.088543,0,0.0,0,134,0,5,0.3066,0.0163,GREEN,42,Chennai
CLM0011412,CHE_05112,Sholinganallur,2024-10-07,20,0,0,0,0,0,1,1,0,0,0.0,0.184797,1,0.0,1,5,4,18,0.9408,0.3307,YELLOW,41,Chennai
CLM0011413,CHE_07211,T Nagar,2022-02-07,10,0,0,0,0,1,0,0,1,0,0.0,0.209153,0,0.0,0,420,2,0,0.2178,0.2555,GREEN,51,Chennai
CLM0011414,CHE_00199,Guindy,2023-09-19,12,0,0,0,0,0,1,0,0,0,0.0,0.420221,0,0.0,0,420,3,0,0.6435,0.0906,GREEN,37,Chennai
CLM0011415,CHE_08764,Guindy,2023-02-20,18,0,0,0,0,0,0,0,0,0,1.0,0.305382,0,0.0,0,340,1,4,0.2929,0.2017,GREEN,26,Chennai
CLM0011416,CHE_00861,Velachery,2021-10-15,10,0,0,0,0,0,0,0,1,0,0.0,0.218154,0,0.0,0,107,1,5,0.05,0.088,GREEN,40,Chennai
CLM0011417,CHE_08783,Anna Nagar,2024-05-14,17,0,0,0,0,0,1,0,0,0,1.0,0.354329,0,0.0,0,420,2,3,0.8924,0.1678,GREEN,50,Chennai
CLM0011418,CHE_09574,Guindy,2025-02-27,11,0,0,0,0,0,0,1,0,0,0.0,0.321792,0,0.0,0,115,0,0,0.5201,0.0538,GREEN,42,Chennai
CLM0011419,CHE_06492,Porur,2023-08-13,17,0,0,0,0,0,0,0,1,0,0.0,0.194881,0,0.0,0,392,3,2,0.808,0.1403,GREEN,55,Chennai
CLM0011420,CHE_02660,Anna Nagar,2023-08-01,7,0,0,0,0,0,0,0,0,1,0.0,0.061692,0,1.0,0,125,0,0,0.9761,0.1745,GREEN,36,Chennai
CLM0011421,CHE_06727,Tambaram,2025-03-06,12,0,0,0,0,0,0,0,0,0,0.0,0.17934,0,0.0,0,198,4,1,0.8003,0.0457,GREEN,37,Chennai
CLM0011422,CHE_09776,Sholinganallur,2025-10-11,20,0,0,0,0,0,0,0,0,0,0.0,0.072682,0,0.0,0,322,2,0,0.7616,0.0,GREEN,18,Chennai
CLM0011423,CHE_09670,Guindy,2024-03-23,8,0,0,0,0,0,0,0,0,0,0.0,0.07258,0,0.0,0,420,0,4,0.2268,0.0,GREEN,45,Chennai
CLM0011424,CHE_00205,Perambur,2025-10-26,12,0,1,1,0,1,0,1,1,1,1.0,1.0,0,0.0,0,5,1,18,0.2421,0.5162,YELLOW,42,Chennai
CLM0011425,CHE_06809,Adyar,2024-06-01,17,0,1,1,1,1,0,1,0,1,0.0,0.197736,0,0.0,1,5,2,18,0.96,0.6078,YELLOW,46,Chennai
CLM0011426,CHE_01910,Velachery,2024-08-03,11,0,1,1,1,1,0,1,1,1,1.0,0.916588,1,0.0,1,5,2,18,0.2217,0.7284,RED,37,Chennai
CLM0011427,CHE_01529,Adyar,2023-06-21,20,0,1,1,1,1,0,0,1,1,0.0,0.179617,0,0.0,0,5,0,18,0.8662,0.6029,YELLOW,30,Chennai
CLM0011428,CHE_02162,Chromepet,2024-11-10,19,0,1,1,0,0,0,1,1,1,0.0,0.143332,0,0.0,1,17,2,16,0.98,0.6269,RED,40,Chennai
CLM0011429,CHE_04423,T Nagar,2025-04-23,21,0,1,1,0,1,1,0,1,1,0.0,0.425561,0,1.0,1,36,0,18,0.1828,0.7927,RED,26,Chennai
CLM0011430,CHE_04913,Adyar,2023-12-17,14,0,1,1,1,1,1,0,1,0,0.0,0.127121,1,0.0,0,30,1,18,0.918,0.6812,RED,40,Chennai
CLM0011431,CHE_09634,Chromepet,2025-10-20,18,0,1,1,0,1,0,1,1,1,1.0,0.143786,0,1.0,0,25,1,18,0.3821,0.6357,RED,26,Chennai
CLM0011432,CHE_00714,T Nagar,2025-01-20,8,0,1,1,0,1,0,1,1,0,0.0,0.130739,0,0.0,0,15,2,18,0.8792,0.3838,YELLOW,39,Chennai
CLM0011433,CHE_03231,Tambaram,2023-06-17,15,0,1,1,0,0,1,1,1,1,0.0,0.136954,0,0.0,0,5,1,18,0.98,0.6061,YELLOW,44,Chennai
CLM0011434,CHE_00807,Porur,2023-12-31,8,0,1,1,1,0,0,1,1,0,0.0,0.138503,0,0.0,0,5,0,18,0.9601,0.4062,YELLOW,37,Chennai
CLM0011435,CHE_09790,Sholinganallur,2022-10-10,16,0,0,0,0,0,0,0,0,0,0.0,1.0,0,0.0,1,420,2,1,0.1696,0.03,GREEN,37,Chennai
CLM0011436,CHE_01687,Perambur,2023-01-15,15,0,0,0,1,1,0,1,1,1,1.0,1.0,0,0.0,0,5,1,18,0.227,0.1457,GREEN,38,Chennai
CLM0011437,CHE_07048,Guindy,2023-08-15,18,0,0,0,0,0,0,0,0,0,0.0,0.105905,0,0.0,0,253,0,2,0.05,0.0431,GREEN,50,Chennai
CLM0011438,CHE_02053,Guindy,2020-04-07,19,0,0,0,1,0,0,0,0,0,0.0,0.220533,0,0.0,0,77,4,0,0.7897,0.2059,GREEN,51,Chennai
CLM0011439,CHE_00252,Perambur,2025-07-19,7,0,0,0,0,0,0,0,0,0,1.0,0.0,0,0.0,0,43,3,3,0.7729,0.0468,GREEN,45,Chennai
CLM0011440,CHE_06838,Adyar,2022-07-23,18,0,0,0,0,0,0,0,0,0,0.0,0.315769,0,0.0,0,281,4,1,0.7223,0.0,GREEN,37,Chennai
CLM0011441,CHE_09993,Velachery,2022-09-01,15,0,0,0,0,0,0,0,0,0,0.0,1.0,0,0.0,0,395,0,5,0.2449,0.0,GREEN,55,Chennai
CLM0011442,CHE_01771,Guindy,2020-02-06,13,0,0,0,0,0,0,0,0,0,0.0,0.365456,0,0.0,0,89,3,0,0.6832,0.0,GREEN,48,Chennai
CLM0011443,CHE_07962,Adyar,2020-07-25,14,0,0,0,0,0,0,0,0,0,0.0,0.170463,0,0.0,0,123,3,6,0.8054,0.0,GREEN,43,Chennai
CLM0011444,CHE_08892,Perambur,2023-10-29,17,0,0,0,0,1,0,1,1,0,0.0,0.931177,1,1.0,0,5,0,18,0.7501,0.0496,GREEN,46,Chennai
CLM0011445,CHE_02661,Perambur,2020-05-25,20,0,0,0,0,0,1,0,0,0,0.0,0.333067,0,0.0,0,142,1,3,0.7548,0.0887,GREEN,43,Chennai
CLM0011446,CHE_01304,Tambaram,2021-05-02,13,0,0,0,1,0,0,0,0,0,0.0,0.209511,0,0.0,0,225,1,1,0.5487,0.2063,GREEN,43,Chennai
CLM0011447,CHE_01589,Tambaram,2022-03-30,14,0,0,0,0,1,0,0,1,0,0.0,0.159627,0,0.0,0,341,3,0,0.9145,0.2835,GREEN,48,Chennai
CLM0011448,CHE_07388,Porur,2025-07-12,17,0,0,0,0,0,0,0,0,0,0.0,0.196747,0,0.0,0,56,3,3,0.6727,0.0,GREEN,40,Chennai
CLM0011449,CHE_01890,Perambur,2018-09-18,12,0,0,0,0,0,0,0,0,0,0.0,0.042262,0,0.0,0,420,4,0,0.914,0.0,GREEN,22,Chennai
CLM0011450,CHE_05263,Porur,2024-11-24,18,0,0,0,0,0,0,0,0,0,0.0,0.369412,0,0.0,0,335,1,1,0.1251,0.0767,GREEN,44,Chennai
CLM0011451,CHE_07724,Adyar,2024-12-18,19,0,0,0,0,0,0,0,0,0,0.0,0.24477,0,0.0,0,251,0,1,0.98,0.0403,GREEN,49,Chennai
CLM0011452,CHE_00734,T Nagar,2022-11-23,14,0,0,0,0,0,0,0,0,0,0.0,0.272699,0,0.0,0,384,3,0,0.05,0.0125,GREEN,53,Chennai
CLM0011453,CHE_06020,T Nagar,2016-11-13,16,0,0,0,0,1,0,0,1,0,0.0,0.046042,0,0.0,0,155,4,0,0.8204,0.1612,GREEN,42,Chennai
CLM0011454,CHE_09401,Perambur,2017-05-09,14,0,0,0,0,0,0,0,0,0,0.0,0.357164,0,1.0,0,266,4,0,0.5766,0.0099,GREEN,55,Chennai
CLM0011455,CHE_07305,Velachery,2022-12-07,18,0,1,1,0,0,0,0,1,0,0.0,0.179519,0,0.0,0,420,0,0,0.9124,0.1064,GREEN,49,Chennai
CLM0011456,CHE_02173,Velachery,2017-10-13,11,0,0,0,0,0,1,1,1,1,0.0,0.331555,0,1.0,0,5,1,18,0.2998,0.1773,GREEN,25,Chennai
CLM0011457,CHE_00008,Sholinganallur,2025-11-16,13,0,0,0,0,0,0,0,0,0,0.0,0.300498,0,0.0,0,165,3,2,0.6066,0.0385,GREEN,27,Chennai
CLM0011458,CHE_06508,Perambur,2025-08-15,13,0,0,0,0,0,0,0,0,0,0.0,0.094776,0,1.0,0,257,3,0,0.5477,0.0,GREEN,58,Chennai
CLM0011459,CHE_04861,Adyar,2025-04-07,11,0,0,0,0,0,0,0,0,0,0.0,0.232002,0,0.0,0,372,1,3,0.802,0.0107,GREEN,41,Chennai
CLM0011460,CHE_06104,Adyar,2024-10-15,13,0,0,0,0,0,0,0,0,0,0.0,0.911843,0,0.0,0,170,3,3,0.8275,0.0705,GREEN,24,Chennai
CLM0011461,CHE_08817,Guindy,2024-06-12,9,0,0,0,0,0,0,0,0,0,0.0,0.272415,0,0.0,0,65,3,0,0.5724,0.0126,GREEN,27,Chennai
CLM0011462,CHE_01980,T Nagar,2025-02-07,11,0,0,0,1,0,0,0,0,0,0.0,0.282372,0,0.0,0,76,3,3,0.6276,0.1509,GREEN,18,Chennai
CLM0011463,CHE_09970,Guindy,2025-03-20,10,0,0,0,0,1,0,1,0,1,0.0,0.239341,0,1.0,1,5,2,18,0.9211,0.209,GREEN,31,Chennai
CLM0011464,CHE_07748,Anna Nagar,2025-04-19,9,0,0,0,0,0,1,0,0,0,0.0,0.944182,0,0.0,0,306,0,0,0.4837,0.142,GREEN,58,Chennai
CLM0011465,CHE_02531,Velachery,2025-07-06,14,0,0,0,0,0,0,0,0,0,0.0,0.315211,0,0.0,0,419,1,6,0.5208,0.0432,GREEN,57,Chennai
CLM0011466,CHE_03074,T Nagar,2025-06-04,21,0,0,0,0,0,0,0,0,0,1.0,1.0,0,1.0,0,351,0,4,0.3871,0.1166,GREEN,39,Chennai
CLM0011467,CHE_09687,Sholinganallur,2024-05-12,16,0,0,0,0,0,1,0,0,0,0.0,0.013677,0,0.0,0,420,2,0,0.9204,0.0887,GREEN,37,Chennai
CLM0011468,CHE_09910,Chromepet,2025-12-29,9,0,0,0,0,0,0,0,0,0,1.0,0.247422,0,0.0,0,400,4,5,0.1656,0.0489,GREEN,59,Chennai
CLM0011469,CHE_00138,Adyar,2025-05-01,16,0,0,0,0,0,0,0,0,0,0.0,0.108247,0,0.0,0,316,3,3,0.8714,0.0,GREEN,27,Chennai
CLM0011470,CHE_09311,T Nagar,2025-05-20,21,0,1,1,0,0,0,0,0,0,0.0,0.357935,0,0.0,0,245,1,2,0.8827,0.0207,GREEN,51,Chennai
CLM0011471,CHE_01523,Anna Nagar,2024-09-24,13,0,1,1,0,0,0,0,0,0,0.0,0.053312,0,0.0,0,346,2,4,0.98,0.0,GREEN,47,Chennai
CLM0011472,CHE_06588,Perambur,2025-09-16,13,0,0,0,0,1,0,0,0,0,0.0,0.327247,0,0.0,0,5,3,0,0.7406,0.1469,GREEN,30,Chennai
CLM0011473,CHE_09196,Anna Nagar,2025-09-11,7,0,0,0,0,0,0,0,0,0,0.0,1.0,0,0.0,0,152,2,2,0.5617,0.0023,GREEN,41,Chennai
CLM0011474,CHE_00616,Sholinganallur,2025-07-26,15,0,0,0,0,0,0,1,0,0,0.0,0.329374,0,0.0,0,22,0,4,0.5596,0.0405,GREEN,47,Chennai
CLM0011475,CHE_07723,Tambaram,2020-03-15,13,0,0,0,0,0,0,0,0,0,0.0,1.0,0,0.0,0,420,2,4,0.8374,0.0,GREEN,47,Chennai
CLM0011476,CHE_01336,Velachery,2020-05-30,20,0,0,0,0,1,0,1,0,1,0.0,1.0,0,1.0,1,5,3,18,0.8565,0.0911,GREEN,51,Chennai
CLM0011477,CHE_08479,Sholinganallur,2019-01-28,14,0,1,1,0,0,0,0,0,0,0.0,0.275333,0,0.0,0,420,3,3,0.6097,0.0,GREEN,35,Chennai
CLM0011478,CHE_03013,Adyar,2023-06-27,7,0,0,0,0,0,0,0,0,0,0.0,0.349826,0,0.0,0,394,0,5,0.5984,0.0,GREEN,31,Chennai
CLM0011479,CHE_03770,Guindy,2018-05-12,13,0,0,0,0,0,0,0,0,0,0.0,0.275102,0,0.0,1,214,3,2,0.9159,0.1112,GREEN,41,Chennai
CLM0011480,CHE_00982,T Nagar,2024-01-09,11,0,0,0,0,0,0,0,0,0,0.0,0.201144,0,0.0,0,121,4,1,0.5616,0.0,GREEN,31,Chennai
CLM0011481,CHE_03344,Sholinganallur,2018-12-19,15,0,0,0,0,0,1,0,0,0,0.0,0.070506,0,0.0,0,392,1,0,0.4699,0.1698,GREEN,43,Chennai
CLM0011482,CHE_01356,Perambur,2021-04-11,16,0,0,0,0,1,0,0,0,0,0.0,0.915233,0,0.0,0,420,4,3,0.9114,0.064,GREEN,27,Chennai
CLM0011483,CHE_02066,Porur,2022-07-15,14,0,0,0,0,0,1,0,0,0,0.0,0.0,0,0.0,0,420,4,2,0.2329,0.1826,GREEN,35,Chennai
CLM0011484,CHE_02534,Anna Nagar,2025-05-26,14,0,0,0,0,0,0,0,1,0,0.0,0.310366,0,1.0,0,411,2,0,0.7392,0.134,GREEN,38,Chennai
CLM0011485,CHE_05714,Sholinganallur,2024-02-18,9,0,0,0,0,0,1,0,0,0,0.0,0.115233,0,0.0,0,398,0,0,0.4556,0.1652,GREEN,37,Chennai
CLM0011486,CHE_04614,Porur,2025-06-06,20,0,0,0,1,0,0,0,0,0,0.0,0.22115,0,0.0,0,110,0,2,0.0776,0.2309,GREEN,49,Chennai
CLM0011487,CHE_06988,Sholinganallur,2025-03-13,13,0,0,0,0,0,0,0,0,0,0.0,0.37981,0,0.0,0,82,2,3,0.7387,0.2096,GREEN,24,Chennai
CLM0011488,CHE_00496,Perambur,2022-04-03,11,0,0,0,0,0,1,0,0,0,0.0,0.277171,0,0.0,0,268,3,3,0.7598,0.0897,GREEN,31,Chennai
CLM0011489,CHE_09717,Sholinganallur,2025-04-20,15,0,0,0,0,0,1,0,0,0,0.0,0.188719,0,1.0,0,357,1,2,0.8739,0.0736,GREEN,34,Chennai
CLM0011490,CHE_09171,Porur,2025-12-09,9,0,0,0,0,0,0,0,0,0,1.0,0.058235,0,1.0,0,414,2,0,0.5982,0.0305,GREEN,40,Chennai
CLM0011491,CHE_03158,Velachery,2021-03-08,18,0,0,0,0,0,0,0,0,0,0.0,0.025802,0,0.0,0,67,2,3,0.7182,0.0,GREEN,30,Chennai
CLM0011492,CHE_03893,Perambur,2023-04-05,15,0,0,0,1,1,0,1,0,1,0.0,0.20033,0,0.0,1,5,0,18,0.8692,0.0,GREEN,24,Chennai
CLM0011493,CHE_08711,Chromepet,2023-03-17,10,0,0,0,0,0,0,0,0,0,0.0,0.11771,1,0.0,0,389,0,0,0.6861,0.1362,GREEN,51,Chennai
CLM0011494,CHE_09947,Sholinganallur,2023-06-20,12,0,1,1,0,0,1,0,0,0,0.0,0.357282,0,0.0,0,420,0,4,0.7518,0.0394,GREEN,19,Chennai
CLM0011495,CHE_07390,T Nagar,2025-01-06,13,0,1,1,0,0,1,0,0,0,0.0,0.178063,0,0.0,0,125,3,2,0.7154,0.1309,GREEN,42,Chennai
CLM0011496,CHE_07874,Guindy,2025-04-03,8,0,0,0,0,0,0,0,1,1,0.0,0.108163,0,0.0,0,298,1,3,0.6032,0.2124,GREEN,42,Chennai
CLM0011497,CHE_05365,Chromepet,2024-10-15,11,0,0,0,0,0,0,0,0,0,0.0,0.347183,0,0.0,1,10,1,3,0.7354,0.1481,GREEN,38,Chennai
CLM0011498,CHE_06958,Velachery,2025-10-08,20,0,0,0,0,0,0,0,0,0,0.0,0.306877,0,0.0,0,153,1,4,0.7242,0.0,GREEN,42,Chennai
CLM0011499,CHE_01057,Perambur,2025-10-12,20,0,0,0,0,0,0,0,0,1,0.0,0.995644,0,0.0,0,326,2,1,0.05,0.0567,GREEN,32,Chennai
CLM0011500,CHE_01699,Guindy,2024-07-04,12,0,0,0,1,1,0,1,1,0,0.0,0.967199,1,1.0,1,14,4,18,0.05,0.0,GREEN,46,Chennai
CLM0011501,CHE_07865,Chromepet,2024-09-23,16,0,0,0,1,0,0,1,1,0,1.0,0.171765,0,0.0,0,404,4,0,0.6603,0.3552,YELLOW,34,Chennai
CLM0011502,CHE_06665,Sholinganallur,2025-07-17,15,0,0,0,0,0,0,0,0,0,0.0,0.995678,0,0.0,0,282,1,5,0.8003,0.0264,GREEN,26,Chennai
CLM0011503,CHE_07108,Porur,2025-02-19,13,0,1,1,0,0,0,0,0,0,0.0,1.0,0,0.0,0,131,4,1,0.4769,0.0,GREEN,42,Chennai
CLM0011504,CHE_05065,Porur,2022-07-09,15,0,0,0,0,0,0,0,0,0,0.0,0.394495,0,0.0,0,57,1,7,0.05,0.0,GREEN,34,Chennai
CLM0011505,CHE_07579,Sholinganallur,2019-02-26,8,0,0,0,1,1,0,1,1,0,1.0,0.169686,1,1.0,1,5,2,18,0.1698,0.0,GREEN,27,Chennai
CLM0011506,CHE_00171,Anna Nagar,2018-07-09,15,0,0,0,0,0,0,0,0,0,0.0,0.993264,0,0.0,0,270,3,2,0.4217,0.0,GREEN,37,Chennai
CLM0011507,CHE_07073,Sholinganallur,2024-03-20,17,0,0,0,0,0,0,0,0,0,0.0,0.337548,0,0.0,0,171,0,1,0.8649,0.0879,GREEN,51,Chennai
CLM0011508,CHE_08174,Porur,2023-12-09,16,0,0,0,0,0,0,0,0,0,0.0,0.324283,0,0.0,0,420,4,1,0.1998,0.0737,GREEN,30,Chennai
CLM0011509,CHE_07464,Velachery,2019-11-21,12,0,0,0,0,0,0,0,0,0,0.0,0.285861,0,0.0,0,420,0,6,0.8774,0.0538,GREEN,56,Chennai
CLM0011510,CHE_04094,Perambur,2020-04-16,16,0,0,0,0,0,0,0,1,1,0.0,0.336782,0,0.0,0,277,1,0,0.6431,0.1805,GREEN,47,Chennai
CLM0011511,CHE_01098,T Nagar,2020-01-10,12,0,0,0,0,0,0,0,0,0,1.0,0.2998,0,0.0,0,420,3,6,0.6439,0.0824,GREEN,23,Chennai
CLM0011512,CHE_05449,Perambur,2021-08-15,11,0,0,0,0,0,0,0,0,0,0.0,0.025927,0,0.0,0,86,3,0,0.8079,0.0613,GREEN,31,Chennai
CLM0011513,CHE_08337,Guindy,2015-12-18,15,0,0,0,0,0,0,0,0,0,0.0,0.336583,0,0.0,0,152,3,1,0.7629,0.0049,GREEN,69,Chennai
CLM0011514,CHE_01629,Guindy,2022-12-28,19,0,0,0,0,0,0,0,0,0,0.0,0.074057,0,0.0,0,402,2,4,0.6827,0.0089,GREEN,28,Chennai
CLM0011515,CHE_05099,Velachery,2025-01-28,16,0,0,0,0,0,0,0,0,0,0.0,0.03391,0,1.0,0,283,3,3,0.98,0.1179,GREEN,45,Chennai
CLM0011516,CHE_08046,Guindy,2023-07-20,15,0,0,0,0,0,0,0,0,0,0.0,0.357281,0,0.0,0,115,4,0,0.05,0.0344,GREEN,24,Chennai
CLM0011517,CHE_08718,Perambur,2020-05-31,15,0,0,0,0,0,0,1,0,0,0.0,0.991604,0,0.0,0,358,4,7,0.6875,0.1169,GREEN,37,Chennai
CLM0011518,CHE_05751,Tambaram,2019-11-23,11,0,0,0,0,0,0,0,0,0,0.0,0.0,0,0.0,0,278,2,3,0.5114,0.0125,GREEN,24,Chennai
CLM0011519,CHE_05020,Sholinganallur,2023-11-23,14,0,0,0,0,0,0,0,0,0,0.0,0.162856,0,0.0,0,343,1,3,0.5408,0.0,GREEN,49,Chennai
CLM0011520,CHE_01272,Anna Nagar,2016-03-06,19,0,0,0,0,0,0,0,0,0,0.0,0.351994,0,0.0,0,326,0,0,0.9564,0.0863,GREEN,36,Chennai
CLM0011521,CHE_06020,T Nagar,2025-06-26,16,0,0,0,0,0,0,0,0,0,0.0,0.329819,0,0.0,0,420,1,5,0.6791,0.0,GREEN,42,Chennai
CLM0011522,CHE_07622,Porur,2020-08-21,7,0,0,0,0,0,0,1,0,0,0.0,0.089784,0,0.0,0,237,4,0,0.5954,0.0259,GREEN,53,Chennai
CLM0011523,CHE_03285,Perambur,2019-02-17,11,0,0,0,0,0,0,1,0,0,1.0,0.323542,0,1.0,0,193,4,4,0.8553,0.0698,GREEN,28,Chennai
CLM0011524,CHE_05759,Porur,2020-10-24,10,0,0,0,0,0,0,0,0,0,0.0,0.289853,0,0.0,0,39,1,1,0.6106,0.2806,GREEN,28,Chennai
CLM0011525,CHE_09321,Chromepet,2019-01-30,18,0,0,0,0,0,0,0,0,0,0.0,0.322201,0,1.0,0,70,2,0,0.9348,0.0572,GREEN,35,Chennai
CLM0011526,CHE_03183,T Nagar,2017-12-15,15,0,0,0,0,0,0,0,0,0,0.0,0.125993,0,0.0,0,313,4,1,0.7614,0.0,GREEN,43,Chennai
CLM0011527,CHE_00837,Tambaram,2024-01-02,21,0,0,0,0,0,0,0,0,0,0.0,0.18081,0,0.0,0,411,1,1,0.8291,0.0,GREEN,18,Chennai
CLM0011528,CHE_08998,Tambaram,2025-06-19,16,0,0,0,0,0,0,0,1,0,0.0,0.254201,0,0.0,0,374,0,1,0.6326,0.0,GREEN,39,Chennai
CLM0011529,CHE_09576,T Nagar,2024-08-14,11,0,0,0,0,0,0,1,0,0,0.0,0.872576,0,0.0,0,37,2,4,0.8776,0.0545,GREEN,51,Chennai
CLM0011530,CHE_02663,Anna Nagar,2023-08-15,11,0,0,0,0,0,0,0,1,0,0.0,0.260916,0,0.0,0,338,2,0,0.7243,0.1981,GREEN,42,Chennai
CLM0011531,CHE_02799,T Nagar,2024-01-31,17,0,0,0,0,0,0,0,0,0,0.0,0.192221,0,0.0,0,100,1,0,0.4156,0.0,GREEN,40,Chennai
CLM0011532,CHE_04491,Anna Nagar,2023-08-18,14,0,0,0,0,0,0,0,0,0,0.0,0.326183,0,0.0,1,203,3,1,0.7376,0.0,GREEN,45,Chennai
CLM0011533,CHE_02277,Chromepet,2023-03-15,12,0,0,0,0,0,0,1,0,0,0.0,0.27079,0,0.0,0,234,0,4,0.6591,0.1418,GREEN,40,Chennai
CLM0011534,CHE_09541,Adyar,2024-08-13,10,0,1,1,0,0,0,1,0,0,0.0,0.130865,0,0.0,0,263,1,0,0.6805,0.1787,GREEN,47,Chennai
CLM0011535,CHE_06004,Porur,2025-01-29,14,0,0,0,0,0,0,0,0,0,0.0,0.327168,0,0.0,0,79,4,0,0.6622,0.0,GREEN,55,Chennai
CLM0011536,CHE_09556,Adyar,2025-05-17,7,0,0,0,0,0,0,0,0,0,0.0,0.0,0,0.0,0,420,4,5,0.7697,0.0,GREEN,31,Chennai
CLM0011537,CHE_07275,Adyar,2024-01-30,21,0,0,0,0,0,0,0,1,0,0.0,0.126228,0,0.0,0,125,2,4,0.2542,0.1163,GREEN,43,Chennai
CLM0011538,CHE_06915,Anna Nagar,2022-01-29,10,0,0,0,0,0,0,0,0,0,0.0,0.133157,0,0.0,0,227,1,6,0.8329,0.0,GREEN,36,Chennai
CLM0011539,CHE_03421,Porur,2021-02-08,9,0,0,0,0,0,0,0,0,0,1.0,1.0,0,1.0,0,420,0,4,0.9679,0.1553,GREEN,43,Chennai
CLM0011540,CHE_07307,Porur,2020-10-14,19,0,0,0,0,0,0,0,1,0,0.0,0.282689,0,0.0,0,180,0,0,0.6892,0.1071,GREEN,39,Chennai
CLM0011541,CHE_08164,Chromepet,2022-06-15,19,0,0,0,0,0,0,0,0,0,0.0,0.092482,0,0.0,0,420,0,4,0.8508,0.0452,GREEN,61,Chennai
CLM0011542,CHE_09612,T Nagar,2024-05-15,17,0,1,1,0,0,0,0,0,0,0.0,0.292522,0,0.0,0,337,1,5,0.746,0.0531,GREEN,43,Chennai
CLM0011543,CHE_00305,Porur,2023-07-03,14,0,0,0,0,0,0,0,0,0,1.0,1.0,0,1.0,0,409,2,2,0.6408,0.0075,GREEN,45,Chennai
CLM0011544,CHE_01160,Guindy,2020-07-05,14,0,0,0,0,0,0,0,0,0,0.0,0.0,0,0.0,0,420,2,0,0.5689,0.0001,GREEN,58,Chennai
CLM0011545,CHE_05176,Anna Nagar,2020-10-03,11,0,0,0,0,0,1,0,0,0,1.0,0.092212,0,0.0,0,325,2,0,0.5228,0.1893,GREEN,34,Chennai
CLM0011546,CHE_06751,T Nagar,2023-05-30,7,0,0,0,0,0,0,0,0,0,0.0,0.930684,0,0.0,0,49,1,3,0.174,0.0,GREEN,27,Chennai
CLM0011547,CHE_06602,Velachery,2016-06-18,9,0,0,0,0,0,0,0,0,0,0.0,0.292819,1,0.0,0,110,1,4,0.5505,0.062,GREEN,33,Chennai
CLM0011548,CHE_03566,Chromepet,2022-01-10,15,0,0,0,0,0,0,0,0,0,0.0,0.176585,0,0.0,0,420,2,3,0.896,0.1073,GREEN,27,Chennai
CLM0011549,CHE_05004,Sholinganallur,2018-12-23,13,0,0,0,0,1,1,1,1,1,1.0,0.0,0,1.0,1,5,4,18,0.2454,0.0362,GREEN,29,Chennai
CLM0011550,CHE_08019,Chromepet,2016-11-19,17,0,0,0,0,0,0,0,0,0,0.0,0.0,0,0.0,0,344,0,0,0.6781,0.1434,GREEN,22,Chennai
CLM0011551,CHE_08112,Tambaram,2024-04-21,12,0,0,0,0,0,0,0,0,0,0.0,0.076665,0,0.0,0,224,3,5,0.9116,0.0296,GREEN,41,Chennai
CLM0011552,CHE_01342,Anna Nagar,2020-04-20,7,0,0,0,0,0,0,0,0,0,0.0,0.08777,0,0.0,0,236,0,5,0.7781,0.0,GREEN,46,Chennai
CLM0011553,CHE_06084,Velachery,2021-09-02,11,0,0,0,0,0,0,0,0,0,0.0,0.04101,0,0.0,0,420,0,4,0.8526,0.0,GREEN,43,Chennai
CLM0011554,CHE_06431,Tambaram,2021-01-19,15,0,0,0,0,0,0,0,0,0,0.0,0.164972,0,0.0,0,190,4,0,0.8916,0.0148,GREEN,41,Chennai
CLM0011555,CHE_07008,Sholinganallur,2019-09-18,21,0,0,0,0,0,0,0,0,0,0.0,0.153093,0,0.0,0,97,4,2,0.9593,0.0381,GREEN,24,Chennai
CLM0011556,CHE_07690,Velachery,2017-12-30,9,0,0,0,0,0,0,0,0,0,0.0,0.350434,0,0.0,0,286,3,0,0.6519,0.0,GREEN,26,Chennai
CLM0011557,CHE_05834,Chromepet,2020-09-16,10,0,0,0,0,0,0,0,0,0,0.0,0.347539,0,0.0,0,420,0,5,0.98,0.0,GREEN,40,Chennai
CLM0011558,CHE_03943,Velachery,2018-07-17,20,0,0,0,0,0,0,0,0,0,0.0,0.406071,0,0.0,0,420,0,0,0.6539,0.0,GREEN,18,Chennai
CLM0011559,CHE_00036,Adyar,2018-04-24,18,0,0,0,0,0,0,0,0,0,0.0,0.119794,0,0.0,0,420,3,1,0.6357,0.0059,GREEN,37,Chennai
CLM0011560,CHE_00519,Perambur,2024-09-01,19,0,0,0,1,0,0,0,0,0,1.0,1.0,0,1.0,0,420,4,0,0.8572,0.2003,GREEN,33,Chennai
CLM0011561,CHE_00276,Perambur,2024-03-17,21,0,0,0,0,0,0,1,1,0,1.0,1.0,1,1.0,0,25,0,18,0.3411,0.1803,GREEN,38,Chennai
CLM0011562,CHE_07797,Tambaram,2025-12-08,12,0,0,0,0,0,0,0,0,0,1.0,0.067831,0,0.0,0,57,4,0,0.98,0.1058,GREEN,26,Chennai
CLM0011563,CHE_05646,Adyar,2023-04-03,9,0,0,0,0,0,0,0,0,0,0.0,0.255965,0,0.0,0,356,1,0,0.5991,0.0111,GREEN,37,Chennai
CLM0011564,CHE_00989,Chromepet,2023-08-15,11,0,0,0,0,0,0,0,0,0,0.0,0.290815,0,0.0,1,247,3,1,0.4864,0.0896,GREEN,37,Chennai
CLM0011565,CHE_09831,Adyar,2022-02-12,17,0,0,0,0,0,0,0,0,0,0.0,0.237666,0,0.0,0,176,2,1,0.5625,0.0,GREEN,34,Chennai
CLM0011566,CHE_03695,Guindy,2025-01-16,12,0,0,0,0,0,0,0,0,0,1.0,0.2163,0,0.0,0,172,0,2,0.5917,0.1055,GREEN,34,Chennai
CLM0011567,CHE_00532,Anna Nagar,2022-01-21,18,0,0,0,0,0,0,0,0,0,1.0,0.0,0,1.0,0,235,1,0,0.8698,0.0316,GREEN,41,Chennai
CLM0011568,CHE_03605,Velachery,2024-09-23,16,0,0,0,0,0,0,0,0,0,0.0,0.315024,0,0.0,0,317,1,2,0.05,0.0,GREEN,37,Chennai
CLM0011569,CHE_05713,Perambur,2022-11-05,21,0,0,0,0,0,0,0,0,0,0.0,0.0,0,0.0,0,271,0,5,0.289,0.0,GREEN,41,Chennai
CLM0011570,CHE_09402,Velachery,2023-09-11,14,0,0,0,1,0,0,0,0,0,0.0,0.443494,0,0.0,0,420,1,3,0.8676,0.1593,GREEN,29,Chennai
CLM0011571,CHE_07317,Sholinganallur,2024-07-31,21,0,0,0,0,0,0,0,0,0,0.0,0.271808,0,0.0,0,222,2,1,0.5763,0.1536,GREEN,58,Chennai
CLM0011572,CHE_06634,T Nagar,2025-06-10,18,0,0,0,0,0,1,0,0,0,0.0,0.0,0,0.0,1,268,1,0,0.2851,0.2556,GREEN,39,Chennai
CLM0011573,CHE_01771,Guindy,2022-03-02,12,0,0,0,0,0,0,0,0,0,0.0,0.136759,0,0.0,0,141,1,3,0.6511,0.0,GREEN,48,Chennai
CLM0011574,CHE_00327,Chromepet,2025-07-27,20,0,0,0,0,0,0,0,0,0,0.0,0.154263,0,0.0,0,324,4,3,0.8352,0.0978,GREEN,44,Chennai
CLM0011575,CHE_00290,Perambur,2020-12-12,10,0,0,0,0,0,0,0,0,0,0.0,0.289601,0,0.0,0,86,4,0,0.8777,0.0,GREEN,35,Chennai
CLM0011576,CHE_03191,Adyar,2024-04-17,11,0,1,1,0,0,0,0,0,0,1.0,0.143888,1,0.0,0,167,4,7,0.7049,0.1453,GREEN,49,Chennai
CLM0011577,CHE_06188,Velachery,2019-09-13,15,0,0,0,0,1,0,0,0,0,0.0,0.351439,0,0.0,0,383,1,4,0.05,0.2072,GREEN,23,Chennai
CLM0011578,CHE_06302,Adyar,2023-01-16,8,0,0,0,0,0,0,0,0,0,1.0,0.121984,0,0.0,0,213,3,2,0.7125,0.2427,GREEN,51,Chennai
CLM0011579,CHE_01210,Velachery,2023-01-28,15,0,0,0,0,0,0,0,0,0,0.0,0.42801,0,0.0,1,176,3,3,0.98,0.0,GREEN,35,Chennai
CLM0011580,CHE_01914,T Nagar,2024-12-05,16,0,0,0,0,0,0,0,0,0,0.0,0.112265,0,0.0,0,136,0,4,0.98,0.0662,GREEN,40,Chennai
CLM0011581,CHE_04549,Porur,2024-12-29,18,0,0,0,0,0,1,0,0,0,0.0,0.336893,0,0.0,0,385,2,0,0.1733,0.163,GREEN,37,Chennai
CLM0011582,CHE_01649,Velachery,2024-08-16,10,0,0,0,0,0,0,0,0,0,0.0,0.397794,0,0.0,0,271,3,4,0.9691,0.0,GREEN,38,Chennai
CLM0011583,CHE_00708,Porur,2025-09-08,9,0,0,0,0,0,0,0,1,0,0.0,0.931842,0,0.0,0,302,0,2,0.98,0.0747,GREEN,27,Chennai
CLM0011584,CHE_03030,Tambaram,2023-07-16,21,0,0,0,0,0,0,0,0,0,0.0,0.034537,0,0.0,0,286,3,2,0.957,0.0,GREEN,43,Chennai
CLM0011585,CHE_00812,Tambaram,2025-02-06,11,0,0,0,0,0,0,0,0,0,0.0,0.98541,1,0.0,0,292,2,4,0.5539,0.0787,GREEN,31,Chennai
CLM0011586,CHE_03649,Velachery,2025-02-27,14,0,0,0,0,0,0,0,0,0,0.0,0.243347,0,0.0,0,90,2,5,0.98,0.0618,GREEN,32,Chennai
CLM0011587,CHE_08766,Chromepet,2024-05-16,17,0,0,0,0,0,0,0,0,0,1.0,0.277854,0,0.0,0,186,0,0,0.8064,0.001,GREEN,30,Chennai
CLM0011588,CHE_08940,Chromepet,2018-04-03,18,0,0,0,0,0,0,0,0,0,0.0,0.041682,0,0.0,0,35,4,0,0.2507,0.0708,GREEN,37,Chennai
CLM0011589,CHE_00246,Adyar,2023-12-26,12,0,0,0,0,0,0,0,0,0,0.0,0.143697,0,0.0,0,90,3,2,0.8504,0.0236,GREEN,47,Chennai
CLM0011590,CHE_05559,Porur,2025-01-27,10,0,0,0,0,0,0,0,0,0,0.0,0.428103,0,1.0,1,174,1,3,0.7454,0.042,GREEN,22,Chennai
CLM0011591,CHE_03807,Anna Nagar,2025-05-15,15,0,0,0,1,0,0,0,0,0,1.0,0.350253,0,0.0,0,77,1,1,0.1558,0.1899,GREEN,31,Chennai
CLM0011592,CHE_09898,Sholinganallur,2020-04-24,8,0,0,0,0,0,0,0,0,0,1.0,1.0,0,1.0,0,420,1,1,0.7227,0.1158,GREEN,37,Chennai
CLM0011593,CHE_05576,Porur,2018-11-19,21,0,0,0,0,0,0,0,0,0,0.0,0.074955,0,0.0,0,276,0,7,0.409,0.165,GREEN,42,Chennai
CLM0011594,CHE_07673,T Nagar,2021-09-16,21,0,0,0,0,0,0,0,0,0,0.0,0.39726,0,0.0,0,420,4,5,0.8743,0.0,GREEN,52,Chennai
CLM0011595,CHE_01842,Adyar,2023-04-13,13,0,0,0,0,0,0,0,0,0,0.0,0.303886,1,0.0,0,244,4,0,0.6435,0.0763,GREEN,37,Chennai
CLM0011596,CHE_09096,Chromepet,2018-11-01,11,0,0,0,0,0,0,0,0,0,0.0,0.192046,0,0.0,0,131,4,3,0.2059,0.0,GREEN,38,Chennai
CLM0011597,CHE_05912,Guindy,2025-09-02,15,0,0,0,0,0,0,0,0,0,0.0,0.280979,0,0.0,0,19,4,1,0.8556,0.0,GREEN,40,Chennai
CLM0011598,CHE_01407,Guindy,2023-09-05,18,0,1,1,0,0,0,0,0,0,0.0,0.114029,0,0.0,0,49,3,2,0.98,0.0403,GREEN,39,Chennai
CLM0011599,CHE_05175,Chromepet,2025-09-05,13,0,0,0,0,0,0,0,0,0,0.0,0.339236,0,0.0,1,420,3,1,0.9687,0.0,GREEN,54,Chennai
CLM0011600,CHE_03272,Perambur,2024-04-09,20,0,0,0,0,0,0,0,0,0,0.0,0.307183,0,1.0,0,75,4,0,0.98,0.0506,GREEN,32,Chennai
CLM0011601,CHE_02158,Sholinganallur,2020-02-26,15,0,0,0,0,0,0,0,0,0,0.0,0.369952,0,0.0,0,286,3,0,0.8287,0.0022,GREEN,23,Chennai
CLM0011602,CHE_08619,Adyar,2023-01-21,13,0,0,0,0,0,0,0,0,0,0.0,0.244445,0,0.0,0,395,3,2,0.7341,0.0628,GREEN,48,Chennai
CLM0011603,CHE_03860,Perambur,2020-06-24,20,0,0,0,0,0,0,0,0,0,0.0,0.301536,0,0.0,0,389,3,5,0.6001,0.0997,GREEN,38,Chennai
CLM0011604,CHE_09671,Sholinganallur,2023-04-01,15,0,0,0,0,0,0,0,0,0,0.0,0.0,0,0.0,0,206,4,0,0.9128,0.0601,GREEN,53,Chennai
CLM0011605,CHE_01484,Anna Nagar,2021-06-23,18,0,0,0,0,0,0,0,0,0,0.0,0.398403,0,0.0,0,152,2,4,0.6948,0.0164,GREEN,30,Chennai
CLM0011606,CHE_00496,Perambur,2019-04-09,19,0,0,0,0,0,0,0,0,0,0.0,0.342794,0,0.0,0,114,4,0,0.6905,0.0,GREEN,31,Chennai
CLM0011607,CHE_01715,Sholinganallur,2023-04-19,9,0,0,0,0,0,0,0,1,0,0.0,0.168177,0,0.0,0,280,2,0,0.7893,0.092,GREEN,48,Chennai
CLM0011608,CHE_03598,Porur,2025-06-29,10,0,0,0,0,0,0,0,0,0,0.0,0.405995,0,0.0,0,37,1,3,0.2446,0.0,GREEN,34,Chennai
CLM0011609,CHE_03176,Porur,2023-08-30,19,0,0,0,1,0,0,0,0,0,0.0,0.885847,0,0.0,0,42,2,6,0.7167,0.066,GREEN,33,Chennai
CLM0011610,CHE_02668,Velachery,2023-08-02,16,0,0,0,0,0,0,0,0,0,0.0,0.031413,0,0.0,0,46,0,5,0.4851,0.0105,GREEN,28,Chennai
CLM0011611,CHE_09006,Sholinganallur,2020-04-25,9,0,0,0,0,0,0,0,0,0,0.0,0.287659,0,1.0,0,420,3,0,0.98,0.0,GREEN,38,Chennai
CLM0011612,CHE_07669,Chromepet,2024-08-12,11,0,0,0,0,0,1,0,0,0,0.0,0.295801,0,0.0,0,340,2,4,0.627,0.0688,GREEN,66,Chennai
CLM0011613,CHE_03429,T Nagar,2015-06-18,20,0,0,0,0,0,0,1,0,0,0.0,0.38295,0,0.0,0,420,3,2,0.6202,0.0077,GREEN,31,Chennai
CLM0011614,CHE_06051,Perambur,2018-06-08,21,0,0,0,0,0,0,0,0,0,0.0,0.350234,0,0.0,0,324,2,4,0.6949,0.044,GREEN,49,Chennai
CLM0011615,CHE_02079,Chromepet,2023-07-22,11,0,0,0,1,0,0,1,1,1,1.0,0.366014,1,1.0,1,5,4,18,0.05,0.074,GREEN,49,Chennai
CLM0011616,CHE_00159,Porur,2023-11-24,17,0,1,1,0,0,1,0,0,0,0.0,0.065565,0,0.0,0,420,3,0,0.9038,0.0445,GREEN,47,Chennai
CLM0011617,CHE_04579,Chromepet,2022-01-29,16,0,0,0,0,0,0,0,0,0,0.0,0.434075,0,0.0,0,153,2,2,0.98,0.2447,GREEN,43,Chennai
CLM0011618,CHE_09324,Velachery,2020-03-12,18,0,0,0,0,0,1,0,1,0,0.0,0.219951,0,1.0,0,89,2,4,0.9281,0.1852,GREEN,24,Chennai
CLM0011619,CHE_00209,Chromepet,2020-07-17,12,0,0,0,0,0,0,0,0,0,0.0,0.295042,0,0.0,0,420,2,2,0.5334,0.0168,GREEN,40,Chennai
CLM0011620,CHE_06124,Perambur,2019-03-29,11,0,0,0,0,0,0,0,0,0,0.0,0.183533,0,0.0,0,209,2,3,0.05,0.0,GREEN,48,Chennai
CLM0011621,CHE_04787,Porur,2024-04-13,20,0,0,0,0,0,0,0,0,0,0.0,0.0,0,0.0,0,51,1,4,0.8167,0.0,GREEN,50,Chennai
CLM0011622,CHE_06346,T Nagar,2018-04-26,15,0,0,0,0,1,0,0,0,0,0.0,1.0,0,0.0,0,54,0,0,0.7884,0.2341,GREEN,43,Chennai
CLM0011623,CHE_05370,Chromepet,2024-02-22,9,0,0,0,0,1,0,0,0,0,0.0,0.243643,1,0.0,0,133,3,1,0.6849,0.2283,GREEN,57,Chennai
CLM0011624,CHE_07870,Perambur,2018-08-25,12,0,0,0,0,0,0,0,0,0,0.0,0.425979,0,0.0,0,36,1,2,0.7864,0.0,GREEN,36,Chennai
CLM0011625,CHE_02999,Perambur,2024-11-23,7,0,0,0,0,0,0,1,0,0,0.0,1.0,0,0.0,0,251,2,2,0.98,0.1233,GREEN,44,Chennai
CLM0011626,CHE_07136,Perambur,2024-06-08,11,0,0,0,0,0,0,0,0,0,0.0,0.166995,0,1.0,0,297,3,5,0.8885,0.0,GREEN,55,Chennai
CLM0011627,CHE_07730,Velachery,2019-11-13,13,0,0,0,0,0,0,0,0,0,0.0,0.114927,0,0.0,0,203,1,1,0.2814,0.0,GREEN,36,Chennai
CLM0011628,CHE_04853,Anna Nagar,2023-05-15,13,0,0,0,0,0,0,0,0,0,0.0,0.244267,1,0.0,0,112,4,3,0.98,0.0773,GREEN,55,Chennai
CLM0011629,CHE_09205,Sholinganallur,2020-04-09,7,0,0,0,0,0,0,0,0,0,1.0,0.105898,0,0.0,0,118,3,3,0.98,0.1231,GREEN,34,Chennai
CLM0011630,CHE_07533,Tambaram,2025-06-30,20,0,0,0,0,0,0,0,0,0,0.0,0.1682,0,0.0,0,337,1,3,0.98,0.0514,GREEN,31,Chennai
CLM0011631,CHE_01159,Guindy,2025-10-17,12,0,0,0,0,0,0,0,0,1,0.0,0.368513,0,0.0,0,222,2,0,0.8747,0.1063,GREEN,55,Chennai
CLM0011632,CHE_05419,Porur,2021-06-30,16,0,0,0,0,0,0,0,0,1,0.0,0.136741,0,0.0,0,420,1,1,0.9097,0.2718,GREEN,26,Chennai
CLM0011633,CHE_07600,Chromepet,2024-05-05,16,0,0,0,0,0,0,0,0,0,0.0,0.158715,0,0.0,1,119,2,5,0.7861,0.1123,GREEN,29,Chennai
CLM0011634,CHE_00389,Tambaram,2025-10-29,11,0,0,0,0,0,1,0,0,0,0.0,0.308968,0,0.0,0,68,4,4,0.05,0.1514,GREEN,46,Chennai
CLM0011635,CHE_06852,Porur,2022-10-09,19,0,0,0,0,0,0,0,0,0,0.0,0.117533,0,0.0,0,249,2,2,0.9592,0.0,GREEN,45,Chennai
CLM0011636,CHE_00027,Perambur,2021-04-22,20,0,0,0,1,0,0,0,0,0,0.0,0.09419,0,0.0,0,355,2,0,0.8009,0.0813,GREEN,35,Chennai
CLM0011637,CHE_01122,Adyar,2021-06-22,18,0,0,0,0,0,0,0,0,0,0.0,0.458846,0,0.0,0,420,3,4,0.7256,0.0,GREEN,25,Chennai
CLM0011638,CHE_01167,Adyar,2021-10-09,11,0,0,0,1,0,1,1,1,0,0.0,0.13703,0,0.0,0,5,2,18,0.9649,0.0,GREEN,52,Chennai
CLM0011639,CHE_01494,Guindy,2022-12-05,14,0,0,0,0,0,1,0,0,0,0.0,0.421712,0,0.0,0,70,3,4,0.9283,0.1911,GREEN,27,Chennai
CLM0011640,CHE_00136,Guindy,2021-04-15,16,0,0,0,0,0,0,0,0,0,0.0,0.320794,0,1.0,0,385,2,4,0.05,0.0,GREEN,50,Chennai
CLM0011641,CHE_03969,Porur,2021-09-06,19,0,0,0,1,0,0,0,0,0,0.0,0.310509,0,0.0,0,420,4,2,0.7278,0.1045,GREEN,28,Chennai
CLM0011642,CHE_07496,Tambaram,2024-06-18,16,0,0,0,0,0,0,0,0,0,1.0,0.94178,0,0.0,0,309,1,3,0.9782,0.0,GREEN,39,Chennai
CLM0011643,CHE_09284,Adyar,2021-08-10,17,0,0,0,0,0,0,1,0,0,0.0,0.98618,0,0.0,0,281,2,3,0.9485,0.108,GREEN,43,Chennai
CLM0011644,CHE_06911,Sholinganallur,2024-04-14,13,0,0,0,1,0,0,1,0,0,0.0,0.13421,0,1.0,0,143,4,0,0.8777,0.2168,GREEN,33,Chennai
CLM0011645,CHE_04423,T Nagar,2022-07-10,19,0,0,0,0,0,1,0,0,0,0.0,0.206965,0,0.0,0,69,1,4,0.9029,0.139,GREEN,26,Chennai
CLM0011646,CHE_08913,Sholinganallur,2023-05-11,11,0,0,0,0,0,0,0,0,0,0.0,0.325587,0,1.0,0,338,2,3,0.5284,0.0044,GREEN,18,Chennai
CLM0011647,CHE_02504,Anna Nagar,2025-08-23,21,0,0,0,0,0,0,0,0,0,0.0,1.0,0,0.0,0,31,4,4,0.8256,0.0,GREEN,39,Chennai
CLM0011648,CHE_02126,Chromepet,2023-03-05,8,0,0,0,0,0,0,0,0,0,0.0,0.193202,0,0.0,0,126,3,1,0.7548,0.0298,GREEN,32,Chennai
CLM0011649,CHE_02478,Anna Nagar,2024-04-19,10,0,0,0,0,0,0,0,0,0,0.0,0.0,0,0.0,0,75,0,3,0.7116,0.0,GREEN,46,Chennai
CLM0011650,CHE_04478,Guindy,2018-04-19,16,0,0,0,0,0,0,0,0,0,0.0,0.097307,0,0.0,0,360,4,5,0.9732,0.0055,GREEN,47,Chennai
CLM0011651,CHE_07891,Chromepet,2017-05-22,10,0,0,0,0,0,0,0,1,0,0.0,0.151407,0,0.0,1,420,3,4,0.808,0.147,GREEN,18,Chennai
CLM0011652,CHE_09603,Anna Nagar,2024-08-04,10,0,0,0,0,0,0,0,1,0,0.0,0.296862,0,0.0,0,320,0,1,0.4048,0.1008,GREEN,26,Chennai
CLM0011653,CHE_04281,Perambur,2023-12-30,11,0,0,0,0,0,0,0,0,0,0.0,0.269899,0,0.0,0,392,2,4,0.3422,0.0,GREEN,27,Chennai
CLM0011654,CHE_04983,Anna Nagar,2017-01-13,9,0,1,1,0,0,0,0,0,0,0.0,0.159634,0,0.0,0,325,4,0,0.7244,0.0592,GREEN,40,Chennai
CLM0011655,CHE_06027,Perambur,2022-06-16,13,0,0,0,0,0,0,0,0,0,0.0,0.48892,0,0.0,1,68,4,3,0.8456,0.1102,GREEN,38,Chennai
CLM0011656,CHE_00904,Tambaram,2018-11-26,14,0,0,0,0,0,0,0,0,0,0.0,0.107757,0,0.0,0,230,4,0,0.98,0.0,GREEN,48,Chennai
CLM0011657,CHE_00804,Velachery,2020-06-01,14,0,1,1,0,0,0,0,0,0,0.0,0.0672,0,0.0,0,61,2,3,0.5935,0.0605,GREEN,42,Chennai
CLM0011658,CHE_07670,Chromepet,2022-07-13,14,0,0,0,0,0,0,0,0,0,0.0,0.342854,0,0.0,0,349,1,4,0.4261,0.0,GREEN,49,Chennai
CLM0011659,CHE_05264,Perambur,2015-11-06,18,0,0,0,0,0,0,0,0,0,0.0,0.384227,1,0.0,0,314,4,7,0.9361,0.057,GREEN,42,Chennai
CLM0011660,CHE_09711,Anna Nagar,2025-08-09,21,0,0,0,0,0,0,0,0,0,0.0,0.293524,0,0.0,0,335,2,2,0.8564,0.0203,GREEN,37,Chennai
CLM0011661,CHE_05363,Porur,2018-12-29,14,0,0,0,0,0,0,0,0,0,1.0,0.0166,0,0.0,0,378,0,0,0.8406,0.0235,GREEN,46,Chennai
CLM0011662,CHE_00736,Sholinganallur,2025-03-30,15,0,0,0,0,0,0,0,0,1,0.0,0.110603,0,0.0,0,353,1,6,0.8903,0.109,GREEN,42,Chennai
CLM0011663,CHE_02958,Perambur,2019-06-17,17,0,0,0,0,1,0,0,0,0,0.0,0.247715,0,0.0,0,398,2,2,0.9398,0.0466,GREEN,43,Chennai
CLM0011664,CHE_04526,Perambur,2020-10-01,16,0,0,0,0,0,0,0,0,1,0.0,0.390789,0,0.0,0,406,4,0,0.6656,0.0527,GREEN,33,Chennai
CLM0011665,CHE_09649,Velachery,2023-06-16,15,0,0,0,0,1,0,0,0,0,0.0,0.260108,0,0.0,0,86,1,0,0.6656,0.1516,GREEN,25,Chennai
CLM0011666,CHE_00963,Tambaram,2025-09-07,11,0,0,0,1,0,0,0,0,0,0.0,0.923943,0,0.0,0,125,4,2,0.6011,0.1789,GREEN,38,Chennai
CLM0011667,CHE_03936,Tambaram,2024-12-04,18,0,0,0,0,0,0,0,0,0,0.0,0.186653,0,0.0,0,317,3,4,0.1695,0.0648,GREEN,36,Chennai
CLM0011668,CHE_00388,Tambaram,2023-04-02,13,0,0,0,0,0,0,0,0,0,0.0,0.0,0,0.0,0,151,2,3,0.9613,0.1267,GREEN,41,Chennai
CLM0011669,CHE_01805,Anna Nagar,2021-10-04,7,0,0,0,0,0,1,0,0,1,0.0,0.042811,0,0.0,0,420,4,0,0.7207,0.2046,GREEN,40,Chennai
CLM0011670,CHE_02110,Chromepet,2025-09-27,16,0,0,0,0,0,0,0,0,0,0.0,0.208342,0,0.0,0,331,4,1,0.5781,0.0,GREEN,34,Chennai
CLM0011671,CHE_03681,T Nagar,2019-06-21,12,0,0,0,0,0,0,0,0,0,0.0,0.0,0,1.0,0,133,3,2,0.6187,0.0,GREEN,44,Chennai
CLM0011672,CHE_09781,Guindy,2024-03-10,17,0,0,0,0,0,0,0,0,0,0.0,0.934784,0,0.0,0,331,4,0,0.7313,0.0,GREEN,47,Chennai
CLM0011673,CHE_03504,Chromepet,2025-09-27,7,0,0,0,0,0,0,0,0,0,0.0,0.361917,0,0.0,0,39,2,3,0.1082,0.0281,GREEN,43,Chennai
CLM0011674,CHE_00940,Porur,2025-09-22,7,0,0,0,0,0,0,0,0,0,1.0,1.0,0,0.0,0,402,4,0,0.1072,0.0329,GREEN,48,Chennai
CLM0011675,CHE_01607,Anna Nagar,2023-08-01,17,0,0,0,0,0,0,0,0,0,0.0,0.181247,0,0.0,0,420,1,0,0.3264,0.0,GREEN,22,Chennai
CLM0011676,CHE_08518,Velachery,2022-05-29,12,0,0,0,0,0,0,0,0,0,0.0,0.451545,0,0.0,0,90,1,1,0.05,0.0,GREEN,27,Chennai
CLM0011677,CHE_00307,Guindy,2021-10-30,18,0,0,0,0,0,0,1,0,0,0.0,0.175939,0,0.0,0,268,2,4,0.5555,0.0668,GREEN,57,Chennai
CLM0011678,CHE_07845,Anna Nagar,2025-08-28,17,0,0,0,0,0,0,1,0,0,0.0,0.371604,0,0.0,1,420,1,3,0.0503,0.1679,GREEN,53,Chennai
CLM0011679,CHE_08431,Adyar,2025-08-06,18,0,0,0,0,0,0,0,1,0,0.0,0.285595,0,0.0,0,137,0,5,0.665,0.0728,GREEN,25,Chennai
CLM0011680,CHE_09744,Chromepet,2023-02-10,17,0,0,0,0,0,0,0,0,0,0.0,0.211699,1,0.0,0,305,1,5,0.3494,0.1692,GREEN,28,Chennai
CLM0011681,CHE_09664,Chromepet,2025-02-01,14,0,0,0,0,1,0,0,0,0,0.0,0.068324,1,0.0,0,17,1,18,0.98,0.066,GREEN,24,Chennai
CLM0011682,CHE_06601,Anna Nagar,2021-07-22,12,0,0,0,0,0,0,0,0,0,0.0,0.086672,0,0.0,0,212,2,0,0.646,0.0058,GREEN,38,Chennai
CLM0011683,CHE_01696,Sholinganallur,2025-12-26,10,0,0,0,1,0,0,0,0,0,0.0,0.11088,0,0.0,0,223,3,0,0.5619,0.1864,GREEN,34,Chennai
CLM0011684,CHE_05060,Sholinganallur,2025-03-10,8,0,0,0,1,0,1,1,0,0,0.0,0.060376,0,0.0,0,5,2,11,0.8861,0.0548,GREEN,54,Chennai
CLM0011685,CHE_04939,Chromepet,2020-12-18,8,0,0,0,1,0,0,0,0,0,1.0,1.0,0,1.0,0,331,3,1,0.5303,0.2317,GREEN,44,Chennai
CLM0011686,CHE_03971,Perambur,2023-05-07,18,0,1,1,1,0,0,1,1,0,0.0,1.0,0,1.0,1,22,1,8,0.6893,0.5547,YELLOW,24,Chennai
CLM0011687,CHE_04149,Tambaram,2022-07-20,10,0,1,1,1,0,1,1,0,1,0.0,0.152671,1,0.0,1,14,0,18,0.4067,0.6355,RED,59,Chennai
CLM0011688,CHE_00137,Sholinganallur,2023-12-13,9,0,1,1,0,0,1,1,1,0,0.0,0.146305,0,0.0,1,5,2,18,0.98,0.5452,YELLOW,52,Chennai
CLM0011689,CHE_01609,Chromepet,2025-02-16,11,0,1,1,0,0,1,1,0,1,1.0,0.674389,1,1.0,0,7,1,18,0.3514,0.6991,RED,28,Chennai
CLM0011690,CHE_09691,Adyar,2024-04-03,12,0,0,0,0,0,0,0,0,0,0.0,1.0,0,0.0,0,268,4,5,0.98,0.0,GREEN,46,Chennai
CLM0011691,CHE_08797,Guindy,2025-06-20,12,0,0,0,0,0,0,0,0,0,0.0,0.404753,0,1.0,0,352,4,2,0.848,0.0,GREEN,58,Chennai
CLM0011692,CHE_01555,Perambur,2020-08-10,20,0,0,0,0,0,0,0,0,0,0.0,0.146846,0,0.0,0,206,1,5,0.9151,0.0562,GREEN,40,Chennai
CLM0011693,CHE_06595,Velachery,2020-10-12,18,0,0,0,0,0,0,0,0,0,0.0,0.214013,0,0.0,0,420,3,0,0.817,0.0105,GREEN,57,Chennai
CLM0011694,CHE_01987,Tambaram,2021-12-19,20,0,0,0,0,0,1,0,0,0,0.0,0.282464,0,0.0,0,33,0,0,0.7662,0.0613,GREEN,41,Chennai
CLM0011695,CHE_04167,Perambur,2021-02-10,11,0,0,0,0,0,0,0,0,0,0.0,0.166656,0,0.0,0,298,4,0,0.7903,0.0,GREEN,49,Chennai
CLM0011696,CHE_02973,Porur,2022-02-12,20,0,0,0,0,0,0,1,0,0,1.0,1.0,0,1.0,0,217,0,3,0.9442,0.0565,GREEN,27,Chennai
CLM0011697,CHE_03117,Sholinganallur,2020-12-11,9,0,0,0,0,0,0,0,1,0,0.0,0.177232,0,0.0,0,233,1,3,0.5807,0.1137,GREEN,28,Chennai
CLM0011698,CHE_08105,Anna Nagar,2019-09-15,19,0,0,0,0,0,0,0,0,0,0.0,0.338976,0,0.0,0,246,2,4,0.7778,0.0474,GREEN,39,Chennai
CLM0011699,CHE_08997,Chromepet,2022-11-05,21,0,0,0,0,0,0,0,0,0,0.0,0.317859,0,0.0,0,150,3,0,0.5844,0.0,GREEN,34,Chennai
CLM0011700,CHE_05700,Guindy,2020-02-04,18,0,0,0,0,0,0,1,0,0,0.0,0.078571,0,0.0,0,255,0,1,0.4486,0.0371,GREEN,25,Chennai
CLM0011701,CHE_08072,Guindy,2023-07-25,9,0,0,0,0,0,0,0,0,0,0.0,0.078797,0,0.0,0,420,4,0,0.8108,0.0,GREEN,43,Chennai
CLM0011702,CHE_00947,Velachery,2020-08-14,11,0,0,0,0,0,0,0,0,0,0.0,0.16561,0,0.0,0,420,0,7,0.8569,0.0,GREEN,26,Chennai
CLM0011703,CHE_06112,Perambur,2023-06-23,13,0,0,0,0,0,0,0,0,0,0.0,0.0,1,0.0,0,326,2,0,0.9575,0.0,GREEN,31,Chennai
CLM0011704,CHE_09681,Adyar,2016-05-19,10,0,0,0,0,0,0,0,0,0,0.0,0.404342,0,0.0,1,68,2,3,0.7649,0.049,GREEN,47,Chennai
CLM0011705,CHE_00358,Tambaram,2018-03-08,15,0,0,0,0,0,0,0,0,0,1.0,0.48261,1,0.0,0,297,3,5,0.5959,0.143,GREEN,36,Chennai
CLM0011706,CHE_08214,T Nagar,2018-09-09,12,0,0,0,0,1,0,0,0,0,0.0,0.188897,0,1.0,0,381,1,1,0.9755,0.0983,GREEN,55,Chennai
CLM0011707,CHE_03882,Chromepet,2024-05-26,15,0,0,0,0,0,0,0,0,0,0.0,0.383196,0,0.0,0,212,4,1,0.7551,0.1218,GREEN,24,Chennai
CLM0011708,CHE_09684,Perambur,2017-09-24,10,0,0,0,1,1,1,0,0,0,0.0,0.331742,0,0.0,0,420,1,3,0.6259,0.3329,YELLOW,29,Chennai
CLM0011709,CHE_00594,Velachery,2023-01-05,19,0,0,0,0,0,1,0,0,0,0.0,0.317076,0,0.0,0,420,1,0,0.7094,0.0706,GREEN,32,Chennai
CLM0011710,CHE_01272,Anna Nagar,2022-08-05,14,0,0,0,0,0,0,0,0,0,0.0,0.370102,0,0.0,0,171,4,2,0.9306,0.0,GREEN,36,Chennai
CLM0011711,CHE_04424,Perambur,2025-12-28,19,0,0,0,0,0,0,0,0,0,0.0,0.111643,0,0.0,0,142,1,0,0.8199,0.0551,GREEN,31,Chennai
CLM0011712,CHE_05287,Chromepet,2021-08-21,14,0,0,0,0,0,0,0,0,0,0.0,0.244248,0,0.0,0,227,1,5,0.9626,0.012,GREEN,42,Chennai
CLM0011713,CHE_03446,T Nagar,2022-09-06,7,0,0,0,0,0,0,0,0,0,0.0,0.0,0,0.0,0,419,1,1,0.6123,0.0,GREEN,51,Chennai
CLM0011714,CHE_09368,T Nagar,2024-11-29,7,0,0,0,0,0,0,0,0,0,0.0,0.2877,0,0.0,0,350,1,5,0.5495,0.0,GREEN,42,Chennai
CLM0011715,CHE_09462,Guindy,2022-08-22,17,0,0,0,0,0,0,0,0,0,0.0,0.154936,0,0.0,0,385,2,0,0.6012,0.0,GREEN,41,Chennai
CLM0011716,CHE_06305,Guindy,2022-08-28,8,0,0,0,0,0,0,0,0,0,0.0,0.949877,0,0.0,0,315,2,3,0.1894,0.0,GREEN,25,Chennai
CLM0011717,CHE_05158,Anna Nagar,2025-10-10,12,0,0,0,0,0,0,0,0,0,0.0,0.217278,0,0.0,0,5,4,3,0.1144,0.0,GREEN,19,Chennai
CLM0011718,CHE_02162,Chromepet,2025-08-06,18,0,0,0,0,0,0,0,0,0,0.0,0.285108,0,0.0,0,98,4,4,0.8093,0.0,GREEN,40,Chennai
CLM0011719,CHE_04986,Adyar,2022-01-10,12,0,0,0,0,0,0,1,1,0,0.0,0.221441,0,0.0,0,12,3,0,0.7615,0.1597,GREEN,36,Chennai
CLM0011720,CHE_03106,Guindy,2025-10-08,10,0,0,0,0,0,1,0,0,0,0.0,0.251343,0,0.0,0,420,3,2,0.8025,0.0,GREEN,55,Chennai
CLM0011721,CHE_06451,T Nagar,2025-08-10,13,0,0,0,0,0,0,0,0,0,0.0,0.070153,0,0.0,0,39,3,1,0.6644,0.0548,GREEN,51,Chennai
CLM0011722,CHE_01533,Velachery,2021-09-02,7,0,0,0,0,0,0,0,0,1,0.0,0.066645,0,0.0,0,420,3,6,0.98,0.0748,GREEN,29,Chennai
CLM0011723,CHE_05455,Guindy,2021-10-04,12,0,0,0,0,0,0,0,0,0,0.0,0.019967,0,0.0,0,420,3,3,0.7225,0.0,GREEN,40,Chennai
CLM0011724,CHE_09444,Porur,2018-04-07,21,0,0,0,0,0,0,0,0,0,0.0,0.348007,0,0.0,0,419,4,1,0.9524,0.0,GREEN,39,Chennai
CLM0011725,CHE_09110,Chromepet,2020-03-05,14,0,0,0,0,0,0,0,0,0,0.0,0.332571,0,0.0,0,420,4,2,0.6043,0.0,GREEN,32,Chennai
CLM0011726,CHE_07015,Perambur,2022-05-09,16,0,0,0,0,0,0,0,0,1,0.0,1.0,0,0.0,0,150,2,0,0.6846,0.1624,GREEN,29,Chennai
CLM0011727,CHE_07896,Adyar,2020-06-26,17,0,0,0,1,0,0,0,0,0,0.0,0.365465,0,0.0,0,420,4,0,0.9644,0.1553,GREEN,37,Chennai
CLM0011728,CHE_07954,Adyar,2025-02-21,7,0,0,0,0,0,0,0,1,0,0.0,0.211517,0,0.0,0,43,2,3,0.6721,0.1989,GREEN,51,Chennai
CLM0011729,CHE_00478,Adyar,2020-06-26,18,0,0,0,0,0,0,0,0,0,0.0,0.097884,0,0.0,0,369,0,4,0.6752,0.0,GREEN,20,Chennai
CLM0011730,CHE_06676,Tambaram,2025-11-11,16,0,0,0,0,0,0,0,0,0,0.0,0.049802,0,0.0,0,216,4,0,0.6027,0.0,GREEN,38,Chennai
CLM0011731,CHE_09877,Velachery,2025-12-09,11,0,0,0,0,0,0,0,0,0,0.0,0.239491,0,0.0,0,420,0,5,0.98,0.1001,GREEN,29,Chennai
CLM0011732,CHE_06567,Anna Nagar,2025-12-26,20,0,0,0,0,0,0,1,0,0,0.0,0.129715,0,0.0,0,204,0,7,0.6875,0.0907,GREEN,40,Chennai
CLM0011733,CHE_04440,Guindy,2023-08-11,7,0,0,0,0,0,0,0,0,0,0.0,0.323817,0,0.0,0,102,1,8,0.6156,0.0429,GREEN,32,Chennai
CLM0011734,CHE_01658,Tambaram,2024-06-26,21,0,0,0,0,0,0,0,0,0,1.0,0.127767,0,0.0,0,420,0,2,0.7651,0.0271,GREEN,36,Chennai
CLM0011735,CHE_02866,Adyar,2022-11-18,15,0,0,0,0,0,1,0,0,0,0.0,0.989194,0,1.0,0,206,4,0,0.8951,0.0542,GREEN,36,Chennai
CLM0011736,CHE_09006,Sholinganallur,2025-09-09,18,0,0,0,0,0,0,1,0,0,0.0,0.180016,0,0.0,0,77,1,0,0.05,0.0206,GREEN,38,Chennai
CLM0011737,CHE_02257,T Nagar,2025-10-19,14,0,0,0,0,1,0,0,1,0,0.0,0.256131,0,0.0,0,147,1,2,0.6891,0.2462,GREEN,41,Chennai
CLM0011738,CHE_00816,Tambaram,2025-07-05,11,0,0,0,0,0,0,0,0,0,1.0,0.899031,0,1.0,0,184,1,3,0.8387,0.0,GREEN,35,Chennai
CLM0011739,CHE_03919,Adyar,2025-06-28,14,0,0,0,1,0,0,0,0,0,0.0,0.153347,0,0.0,0,88,2,3,0.6798,0.2332,GREEN,26,Chennai
CLM0011740,CHE_01082,Velachery,2023-11-30,7,0,0,0,0,0,0,0,0,0,0.0,0.054312,0,0.0,0,420,3,2,0.05,0.0017,GREEN,59,Chennai
CLM0011741,CHE_08183,T Nagar,2023-03-10,18,0,0,0,1,0,1,1,0,1,0.0,0.141772,0,0.0,0,10,3,18,0.8358,0.2467,GREEN,40,Chennai
CLM0011742,CHE_09222,Tambaram,2021-07-17,7,0,0,0,0,0,1,0,0,0,0.0,0.045536,0,1.0,0,360,4,5,0.1201,0.0797,GREEN,28,Chennai
CLM0011743,CHE_04723,Velachery,2021-06-20,9,0,0,0,0,0,0,0,0,0,1.0,1.0,0,1.0,0,395,0,4,0.8246,0.0271,GREEN,44,Chennai
CLM0011744,CHE_04000,Porur,2024-04-23,7,0,0,0,0,0,1,0,0,0,0.0,0.282457,0,0.0,0,249,1,5,0.4783,0.1256,GREEN,44,Chennai
CLM0011745,CHE_08548,Tambaram,2022-01-03,7,0,0,0,0,0,0,0,0,0,1.0,0.0,0,0.0,0,33,1,4,0.8338,0.0833,GREEN,43,Chennai
CLM0011746,CHE_03733,Perambur,2021-04-16,11,0,0,0,0,0,0,0,0,1,1.0,0.07321,0,0.0,0,246,0,2,0.8031,0.1431,GREEN,39,Chennai
CLM0011747,CHE_05945,Chromepet,2025-03-25,10,0,0,0,0,1,0,0,0,0,0.0,0.189591,0,0.0,0,356,1,2,0.8136,0.1506,GREEN,46,Chennai
CLM0011748,CHE_00370,T Nagar,2024-09-11,10,0,0,0,0,0,0,0,0,0,0.0,0.275287,1,0.0,0,42,0,6,0.6151,0.0145,GREEN,32,Chennai
CLM0011749,CHE_07477,Velachery,2023-09-23,18,0,1,1,0,0,0,0,0,0,0.0,0.329112,0,0.0,0,420,2,2,0.8664,0.0,GREEN,34,Chennai
CLM0011750,CHE_00306,Anna Nagar,2021-08-23,11,0,0,0,0,0,0,0,0,0,0.0,0.006459,0,0.0,0,95,2,6,0.7314,0.1279,GREEN,26,Chennai
CLM0011751,CHE_03594,Porur,2021-10-09,18,0,0,0,0,0,0,0,0,0,1.0,0.139685,0,0.0,0,96,4,5,0.05,0.0082,GREEN,45,Chennai
CLM0011752,CHE_02452,Tambaram,2021-02-12,20,0,0,0,0,0,0,0,0,0,1.0,0.313595,0,0.0,0,420,1,6,0.6204,0.0,GREEN,46,Chennai
CLM0011753,CHE_06199,Anna Nagar,2020-03-15,11,0,0,0,0,0,0,0,0,0,0.0,0.394547,0,0.0,0,83,0,1,0.7782,0.0266,GREEN,47,Chennai
CLM0011754,CHE_05953,Anna Nagar,2021-03-03,15,0,0,0,0,0,0,0,0,0,1.0,1.0,0,0.0,0,128,2,3,0.6551,0.1065,GREEN,44,Chennai
CLM0011755,CHE_00374,Guindy,2025-04-10,10,0,0,0,0,0,0,0,0,0,0.0,0.223708,0,0.0,0,279,2,3,0.0529,0.104,GREEN,39,Chennai
CLM0011756,CHE_08936,Sholinganallur,2025-09-10,17,0,1,1,0,1,0,0,0,1,0.0,0.191832,0,0.0,0,410,0,3,0.6643,0.2044,GREEN,29,Chennai
CLM0011757,CHE_03261,Perambur,2023-08-30,8,0,0,0,0,1,0,0,0,0,0.0,0.09001,0,0.0,0,219,2,3,0.712,0.0901,GREEN,61,Chennai
CLM0011758,CHE_09754,Chromepet,2016-04-02,15,0,0,0,0,0,0,0,0,0,0.0,1.0,0,0.0,0,420,0,0,0.7706,0.0,GREEN,45,Chennai
CLM0011759,CHE_01849,Porur,2020-12-23,13,0,0,0,0,0,0,1,0,0,1.0,0.265218,0,0.0,1,196,4,2,0.8898,0.2212,GREEN,38,Chennai
CLM0011760,CHE_03251,Guindy,2017-05-26,16,0,0,0,0,0,0,0,0,0,0.0,0.136382,0,0.0,0,242,4,1,0.9746,0.0,GREEN,40,Chennai
CLM0011761,CHE_05829,Anna Nagar,2023-09-07,19,0,0,0,0,0,0,0,0,0,0.0,0.205756,0,0.0,0,419,3,3,0.0997,0.0388,GREEN,43,Chennai
CLM0011762,CHE_07771,Chromepet,2020-09-28,19,0,0,0,0,0,0,0,0,0,0.0,0.188882,0,0.0,0,349,3,5,0.6791,0.0166,GREEN,60,Chennai
CLM0011763,CHE_00992,Porur,2016-01-22,21,0,0,0,0,0,0,0,0,0,0.0,1.0,0,0.0,0,237,2,0,0.5984,0.0,GREEN,32,Chennai
CLM0011764,CHE_08526,Chromepet,2025-11-21,18,0,0,0,0,0,0,0,0,0,0.0,0.121889,0,0.0,0,28,0,2,0.8867,0.0744,GREEN,56,Chennai
CLM0011765,CHE_03275,Chromepet,2023-06-24,8,0,0,0,0,0,1,0,0,0,0.0,0.181917,0,0.0,0,202,2,0,0.8608,0.1065,GREEN,56,Chennai
CLM0011766,CHE_01983,Adyar,2023-02-06,7,0,0,0,0,0,0,0,0,0,0.0,0.328672,0,0.0,0,327,1,2,0.6628,0.0,GREEN,52,Chennai
CLM0011767,CHE_03937,Porur,2025-04-03,16,0,0,0,0,0,0,0,1,0,0.0,0.24188,0,1.0,0,265,0,1,0.8562,0.0669,GREEN,52,Chennai
CLM0011768,CHE_05259,Sholinganallur,2019-08-19,15,0,0,0,0,0,0,0,0,0,0.0,0.161257,0,0.0,0,321,2,0,0.8893,0.061,GREEN,44,Chennai
CLM0011769,CHE_09098,T Nagar,2021-10-13,10,0,0,0,0,0,0,1,0,0,0.0,0.077811,0,0.0,0,343,0,0,0.7468,0.0307,GREEN,45,Chennai
CLM0011770,CHE_04880,T Nagar,2023-02-18,21,0,0,0,0,0,0,0,0,0,0.0,0.398236,0,0.0,0,336,3,0,0.98,0.0,GREEN,26,Chennai
CLM0011771,CHE_09410,Anna Nagar,2023-02-13,11,0,0,0,0,0,0,0,0,0,0.0,0.221265,0,0.0,0,166,3,9,0.6759,0.0,GREEN,30,Chennai
CLM0011772,CHE_02235,Porur,2025-04-11,12,0,0,0,0,0,0,1,0,0,0.0,0.383718,0,0.0,0,420,2,4,0.9259,0.0405,GREEN,33,Chennai
CLM0011773,CHE_01780,Sholinganallur,2023-09-10,8,0,0,0,0,1,0,1,1,0,0.0,0.007404,1,0.0,0,230,2,5,0.7972,0.3244,YELLOW,49,Chennai
CLM0011774,CHE_05218,Sholinganallur,2022-01-24,19,0,0,0,0,0,0,0,0,1,1.0,0.036901,0,0.0,0,190,4,0,0.8687,0.1259,GREEN,20,Chennai
CLM0011775,CHE_04478,Guindy,2022-05-11,16,0,0,0,0,0,0,0,0,0,0.0,0.063762,0,0.0,0,151,0,0,0.7453,0.0586,GREEN,47,Chennai
CLM0011776,CHE_07084,Porur,2024-11-23,19,0,0,0,0,0,0,0,0,0,0.0,0.401659,0,0.0,0,69,2,5,0.2505,0.0,GREEN,24,Chennai
CLM0011777,CHE_04770,Adyar,2023-03-23,12,0,0,0,1,0,0,0,0,0,0.0,0.325586,0,0.0,0,158,1,4,0.7351,0.1284,GREEN,41,Chennai
CLM0011778,CHE_04747,T Nagar,2022-12-17,17,0,0,0,0,0,0,0,1,0,0.0,0.077606,1,0.0,0,207,1,0,0.1534,0.1233,GREEN,41,Chennai
CLM0011779,CHE_08389,Velachery,2018-10-24,8,0,0,0,0,0,0,0,0,0,0.0,0.312478,0,0.0,0,210,3,2,0.5498,0.0386,GREEN,38,Chennai
CLM0011780,CHE_06129,Guindy,2021-09-18,18,0,0,0,0,0,0,0,1,0,0.0,0.910857,0,0.0,0,358,1,2,0.7581,0.1143,GREEN,39,Chennai
CLM0011781,CHE_08716,Guindy,2019-03-15,9,0,0,0,0,0,1,0,0,0,1.0,0.379924,0,0.0,0,420,1,4,0.9249,0.138,GREEN,55,Chennai
CLM0011782,CHE_07382,Adyar,2022-04-18,20,0,0,0,0,0,0,0,0,0,0.0,0.286695,0,0.0,0,212,4,3,0.8725,0.0199,GREEN,29,Chennai
CLM0011783,CHE_06369,Adyar,2019-06-21,20,0,0,0,0,0,0,0,0,0,0.0,0.095194,0,0.0,0,420,0,4,0.5961,0.0,GREEN,48,Chennai
CLM0011784,CHE_09352,Anna Nagar,2023-03-11,7,0,0,0,0,0,0,0,0,0,0.0,0.398513,1,0.0,0,351,1,1,0.5578,0.0528,GREEN,40,Chennai
CLM0011785,CHE_04567,T Nagar,2024-02-15,16,0,0,0,0,0,0,0,1,0,0.0,0.124223,0,0.0,0,195,4,4,0.8173,0.0622,GREEN,54,Chennai
CLM0011786,CHE_05322,Tambaram,2024-05-20,16,0,0,0,0,0,1,0,0,0,0.0,0.182691,0,0.0,0,212,2,1,0.7006,0.0572,GREEN,38,Chennai
CLM0011787,CHE_02445,Porur,2025-12-07,14,0,0,0,0,0,0,0,0,0,0.0,0.0,0,0.0,0,420,3,4,0.5223,0.0,GREEN,53,Chennai
CLM0011788,CHE_07123,Sholinganallur,2023-12-08,18,0,0,0,0,0,1,0,0,0,0.0,0.361937,0,0.0,0,309,4,2,0.5,0.1244,GREEN,33,Chennai
CLM0011789,CHE_04088,Velachery,2025-05-13,14,0,0,0,0,0,0,1,0,0,0.0,0.0,0,0.0,0,123,0,6,0.5855,0.044,GREEN,26,Chennai
CLM0011790,CHE_03902,Velachery,2025-01-22,13,0,0,0,0,1,0,0,1,0,0.0,0.128137,0,0.0,0,126,1,4,0.6108,0.1934,GREEN,47,Chennai
CLM0011791,CHE_09984,Tambaram,2022-06-16,21,0,0,0,0,0,0,1,0,0,0.0,0.447093,0,0.0,0,344,4,5,0.6281,0.0243,GREEN,31,Chennai
CLM0011792,CHE_04876,Sholinganallur,2025-11-02,19,0,0,0,0,0,0,0,0,0,0.0,0.194551,0,0.0,0,319,2,0,0.9455,0.0,GREEN,58,Chennai
CLM0011793,CHE_04586,Sholinganallur,2025-05-29,17,0,0,0,0,0,0,0,0,0,0.0,0.46675,1,0.0,0,338,0,1,0.7357,0.0515,GREEN,39,Chennai
CLM0011794,CHE_05772,Chromepet,2025-07-17,10,0,0,0,0,1,0,0,1,0,0.0,0.348169,0,0.0,0,309,0,0,0.8407,0.2377,GREEN,28,Chennai
CLM0011795,CHE_02647,Porur,2025-03-27,9,0,0,0,0,0,0,0,0,0,0.0,0.880486,0,0.0,0,420,0,4,0.682,0.0,GREEN,44,Chennai
CLM0011796,CHE_07792,Sholinganallur,2020-08-01,8,0,1,1,0,0,0,0,0,0,0.0,0.422239,0,0.0,0,180,0,0,0.1495,0.7413,RED,20,Chennai
CLM0011797,CHE_09706,Tambaram,2018-09-28,16,0,1,1,1,0,1,1,1,0,1.0,0.186833,0,0.0,0,31,0,18,0.3134,0.5075,YELLOW,35,Chennai
CLM0011798,CHE_03421,Porur,2023-08-05,16,0,0,0,0,0,0,1,0,0,0.0,0.334071,0,0.0,0,149,2,4,0.4616,0.054,GREEN,43,Chennai
CLM0011799,CHE_03143,Perambur,2024-02-28,10,0,0,0,0,1,0,0,0,0,0.0,0.283012,0,0.0,0,420,2,4,0.1128,0.0528,GREEN,39,Chennai
CLM0011800,CHE_00508,Chromepet,2021-11-12,20,0,0,0,0,0,0,0,0,0,0.0,0.207338,0,0.0,0,420,2,2,0.2907,0.0179,GREEN,22,Chennai
CLM0011801,CHE_06728,Porur,2025-09-27,10,0,0,0,0,0,0,0,1,0,0.0,0.141473,0,0.0,0,341,0,5,0.5869,0.1253,GREEN,27,Chennai
CLM0011802,CHE_03579,Tambaram,2025-09-29,11,0,0,0,0,0,0,0,0,0,1.0,0.972105,0,1.0,0,265,2,8,0.9183,0.0,GREEN,49,Chennai
CLM0011803,CHE_05996,Chromepet,2024-10-28,14,0,0,0,0,0,0,0,0,0,0.0,1.0,0,1.0,0,420,1,2,0.8499,0.0613,GREEN,32,Chennai
CLM0011804,CHE_05611,Chromepet,2025-11-20,20,0,0,0,0,0,0,0,0,0,0.0,0.277535,1,0.0,0,230,4,6,0.849,0.0684,GREEN,18,Chennai
CLM0011805,CHE_09362,Velachery,2025-07-12,18,0,0,0,0,0,0,1,0,0,0.0,0.154075,0,0.0,0,211,3,6,0.7377,0.0969,GREEN,47,Chennai
CLM0011806,CHE_02213,Sholinganallur,2025-01-10,10,0,0,0,0,0,0,0,0,0,0.0,0.11377,0,0.0,0,277,1,1,0.8759,0.0089,GREEN,29,Chennai
CLM0011807,CHE_04382,Anna Nagar,2025-05-28,18,0,0,0,0,0,0,0,0,0,0.0,0.317208,0,0.0,0,224,1,3,0.7806,0.0,GREEN,41,Chennai
CLM0011808,CHE_04323,Perambur,2025-04-17,17,0,0,0,0,0,0,0,0,0,0.0,0.189233,0,0.0,0,93,1,1,0.8754,0.07,GREEN,25,Chennai
CLM0011809,CHE_06950,Porur,2024-08-23,13,0,0,0,1,0,0,0,0,0,0.0,0.196614,0,0.0,0,67,1,2,0.9728,0.0809,GREEN,43,Chennai
CLM0011810,CHE_01331,Perambur,2025-12-01,18,0,0,0,0,0,0,0,0,0,0.0,0.343808,0,0.0,0,113,1,5,0.1703,0.0,GREEN,25,Chennai
CLM0011811,CHE_00445,Porur,2019-09-23,8,0,0,0,0,0,0,0,0,0,0.0,1.0,1,0.0,0,420,0,6,0.05,0.0661,GREEN,26,Chennai
CLM0011812,CHE_06753,Sholinganallur,2021-06-29,16,0,0,0,0,0,0,0,0,0,0.0,0.005234,0,0.0,0,288,0,2,0.8509,0.0,GREEN,46,Chennai
CLM0011813,CHE_03904,Adyar,2023-07-08,16,0,0,0,0,0,0,0,0,0,0.0,0.251469,0,0.0,0,57,2,0,0.7356,0.0775,GREEN,28,Chennai
CLM0011814,CHE_00809,Guindy,2023-02-17,14,0,1,1,0,0,0,0,0,0,1.0,0.892935,0,1.0,0,318,1,2,0.6019,0.0,GREEN,38,Chennai
CLM0011815,CHE_07631,Guindy,2018-01-15,18,0,0,0,0,0,1,0,1,0,0.0,0.287706,0,0.0,0,250,0,2,0.9063,0.1841,GREEN,41,Chennai
CLM0011816,CHE_04254,Guindy,2021-11-15,8,0,0,0,0,0,0,0,0,0,0.0,0.065646,0,0.0,0,420,0,3,0.7301,0.0,GREEN,33,Chennai
CLM0011817,CHE_09886,Porur,2025-04-26,11,0,0,0,0,0,0,0,0,0,0.0,0.142045,0,0.0,0,258,4,0,0.3119,0.0,GREEN,35,Chennai
CLM0011818,CHE_03068,T Nagar,2025-09-05,7,0,1,1,0,0,0,1,0,0,0.0,0.377171,1,0.0,0,190,0,1,0.05,0.0649,GREEN,34,Chennai
CLM0011819,CHE_01317,T Nagar,2025-02-15,12,0,0,0,0,0,0,0,1,0,1.0,0.009528,0,0.0,0,420,2,5,0.05,0.2343,GREEN,52,Chennai
CLM0011820,CHE_04245,Guindy,2023-05-20,14,0,0,0,0,0,0,0,0,0,0.0,0.185042,0,0.0,0,397,4,2,0.6378,0.0,GREEN,41,Chennai
CLM0011821,CHE_00004,Perambur,2024-12-13,19,0,0,0,0,0,0,0,0,0,0.0,0.273677,0,0.0,0,237,1,2,0.4938,0.0,GREEN,44,Chennai
CLM0011822,CHE_08630,Adyar,2024-12-02,14,0,0,0,0,0,0,0,0,0,0.0,0.157666,0,0.0,0,239,3,1,0.0599,0.0,GREEN,38,Chennai
CLM0011823,CHE_04316,Chromepet,2024-09-16,7,0,0,0,0,0,0,0,0,0,0.0,0.39421,0,0.0,0,420,0,3,0.5763,0.0,GREEN,35,Chennai
CLM0011824,CHE_00705,Anna Nagar,2024-02-01,7,0,0,0,0,0,0,0,0,0,0.0,0.096942,0,0.0,0,75,2,3,0.98,0.0,GREEN,42,Chennai
CLM0011825,CHE_08133,Sholinganallur,2019-01-17,17,0,0,0,0,0,0,0,0,0,0.0,0.162953,1,0.0,0,420,2,0,0.9426,0.1514,GREEN,35,Chennai
CLM0011826,CHE_00290,Perambur,2022-10-17,13,0,0,0,0,0,0,0,0,0,1.0,1.0,0,1.0,0,413,2,3,0.4235,0.1869,GREEN,35,Chennai
CLM0011827,CHE_02902,Tambaram,2021-11-09,10,0,0,0,0,0,0,0,0,1,0.0,0.208339,0,0.0,0,420,0,5,0.3122,0.2386,GREEN,37,Chennai
CLM0011828,CHE_06480,Guindy,2025-03-01,8,0,0,0,0,0,1,0,1,0,0.0,0.073826,0,1.0,0,183,2,3,0.3283,0.1796,GREEN,27,Chennai
CLM0011829,CHE_04669,T Nagar,2020-02-27,11,0,0,0,0,0,0,0,0,0,1.0,0.412176,0,0.0,0,420,0,4,0.8541,0.0969,GREEN,27,Chennai
CLM0011830,CHE_06316,Adyar,2025-03-17,13,0,0,0,0,0,0,0,0,0,0.0,0.383658,0,0.0,0,68,3,3,0.6551,0.0,GREEN,42,Chennai
CLM0011831,CHE_03737,Guindy,2025-02-02,18,0,0,0,0,0,0,0,0,0,0.0,0.187449,0,0.0,0,107,1,0,0.05,0.0,GREEN,27,Chennai
CLM0011832,CHE_08742,Chromepet,2023-03-24,21,0,0,0,0,0,1,0,0,0,0.0,0.296393,0,0.0,0,391,1,2,0.534,0.0882,GREEN,41,Chennai
CLM0011833,CHE_08038,Adyar,2020-06-27,20,0,0,0,1,1,1,0,0,1,1.0,0.872206,0,0.0,1,5,4,18,0.05,0.0,GREEN,42,Chennai
CLM0011834,CHE_02877,Sholinganallur,2021-10-14,15,0,0,0,0,0,0,0,0,0,0.0,0.131768,0,0.0,0,91,3,0,0.539,0.005,GREEN,34,Chennai
CLM0011835,CHE_03625,Tambaram,2021-05-11,18,0,0,0,0,0,0,0,0,0,0.0,0.131384,0,0.0,0,103,2,2,0.05,0.0,GREEN,45,Chennai
CLM0011836,CHE_07429,Tambaram,2020-12-04,11,0,0,0,0,0,0,0,0,0,0.0,0.127951,0,0.0,0,62,2,7,0.3721,0.113,GREEN,39,Chennai
CLM0011837,CHE_02153,Tambaram,2021-11-28,10,0,0,0,0,0,0,0,0,0,0.0,0.273228,0,0.0,0,30,2,0,0.79,0.0192,GREEN,33,Chennai
CLM0011838,CHE_03165,Anna Nagar,2023-12-24,10,0,0,0,0,0,0,0,0,0,0.0,0.019156,0,0.0,0,25,4,2,0.7539,0.0095,GREEN,32,Chennai
CLM0011839,CHE_00440,Guindy,2023-08-05,18,0,0,0,0,0,0,0,0,0,0.0,0.098747,0,0.0,0,63,2,1,0.1385,0.0536,GREEN,49,Chennai
CLM0011840,CHE_08355,Porur,2022-03-24,14,0,0,0,0,0,0,0,0,0,0.0,0.203529,1,0.0,0,420,3,2,0.98,0.1024,GREEN,49,Chennai
CLM0011841,CHE_02869,Tambaram,2023-09-22,14,0,0,0,0,0,0,0,0,0,0.0,1.0,0,0.0,0,117,3,1,0.6153,0.1112,GREEN,40,Chennai
CLM0011842,CHE_02498,Tambaram,2023-09-06,13,0,0,0,0,0,0,0,0,0,0.0,0.18532,0,0.0,0,336,1,4,0.9465,0.0,GREEN,44,Chennai
CLM0011843,CHE_09027,Velachery,2021-05-18,19,0,0,0,0,0,0,0,0,0,0.0,0.246058,0,0.0,0,53,1,2,0.4731,0.0105,GREEN,39,Chennai
CLM0011844,CHE_00961,Anna Nagar,2021-03-07,10,0,0,0,0,0,0,0,0,0,0.0,0.026745,0,0.0,0,287,2,3,0.839,0.0731,GREEN,50,Chennai
CLM0011845,CHE_08340,Perambur,2024-01-08,7,0,1,1,0,0,0,0,0,0,0.0,0.102672,0,0.0,0,53,4,6,0.9732,0.0269,GREEN,38,Chennai
CLM0011846,CHE_04303,Anna Nagar,2023-12-05,19,0,0,0,0,0,0,0,0,0,0.0,0.0,0,0.0,0,197,2,0,0.7185,0.025,GREEN,24,Chennai
CLM0011847,CHE_09255,Tambaram,2019-10-22,19,0,0,0,0,0,0,0,1,0,0.0,0.142881,0,0.0,0,412,3,1,0.7131,0.0982,GREEN,61,Chennai
CLM0011848,CHE_01648,Sholinganallur,2020-01-29,13,0,0,0,0,0,0,0,0,0,1.0,0.122381,0,0.0,0,344,3,1,0.562,0.0163,GREEN,38,Chennai
CLM0011849,CHE_08050,T Nagar,2021-11-22,12,0,0,0,0,0,1,0,1,0,0.0,0.372081,0,0.0,0,395,3,6,0.6853,0.1642,GREEN,38,Chennai
CLM0011850,CHE_05288,Tambaram,2018-11-22,11,0,0,0,0,0,1,0,0,0,0.0,0.292799,0,0.0,0,141,4,2,0.7271,0.0203,GREEN,40,Chennai
CLM0011851,CHE_07944,Anna Nagar,2020-04-20,7,0,0,0,0,0,0,0,0,0,0.0,0.151047,0,0.0,0,354,4,6,0.8591,0.0,GREEN,49,Chennai
CLM0011852,CHE_03832,Chromepet,2024-08-07,7,0,0,0,0,0,1,0,0,0,0.0,0.0,0,0.0,1,29,0,0,0.9264,0.1615,GREEN,43,Chennai
CLM0011853,CHE_09385,Perambur,2025-06-26,14,0,0,0,0,0,0,0,0,0,1.0,0.190219,0,0.0,0,161,3,1,0.7763,0.1358,GREEN,50,Chennai
CLM0011854,CHE_09074,Sholinganallur,2024-02-19,21,0,0,0,1,0,0,0,0,0,0.0,0.112975,0,0.0,0,393,3,2,0.5529,0.2515,GREEN,40,Chennai
CLM0011855,CHE_07416,Sholinganallur,2024-06-23,19,0,0,0,0,0,1,0,0,0,0.0,0.053828,0,0.0,0,159,4,2,0.6388,0.1181,GREEN,21,Chennai
CLM0011856,CHE_09663,Adyar,2025-11-06,12,0,0,0,0,0,0,0,0,0,0.0,0.412246,0,0.0,0,199,0,4,0.6605,0.1174,GREEN,45,Chennai
CLM0011857,CHE_06524,Sholinganallur,2025-07-19,10,0,0,0,0,0,0,0,0,0,0.0,0.096886,0,0.0,0,139,0,2,0.98,0.0,GREEN,49,Chennai
CLM0011858,CHE_06226,T Nagar,2019-08-16,17,0,0,0,0,0,0,0,0,0,1.0,0.247383,0,0.0,0,187,0,1,0.8516,0.0758,GREEN,35,Chennai
CLM0011859,CHE_01599,Tambaram,2024-04-01,11,0,0,0,0,0,0,0,0,1,0.0,0.412527,0,0.0,0,361,2,2,0.5348,0.0755,GREEN,38,Chennai
CLM0011860,CHE_02377,Tambaram,2023-05-19,16,0,0,0,0,0,0,0,1,0,1.0,1.0,0,1.0,0,101,0,4,0.98,0.0036,GREEN,34,Chennai
CLM0011861,CHE_03688,Velachery,2019-10-19,12,0,0,0,1,1,0,1,1,1,0.0,0.395757,1,0.0,1,18,2,18,0.3581,0.0432,GREEN,52,Chennai
CLM0011862,CHE_07721,Adyar,2025-09-18,21,0,0,0,0,0,0,0,0,0,0.0,0.167954,1,0.0,0,394,3,8,0.2855,0.0,GREEN,40,Chennai
CLM0011863,CHE_09298,Guindy,2022-12-07,7,0,0,0,0,0,0,0,1,0,0.0,0.076578,0,0.0,0,339,2,3,0.7923,0.2111,GREEN,30,Chennai
CLM0011864,CHE_04689,Adyar,2024-09-12,7,0,0,0,0,0,0,0,0,0,0.0,0.324569,0,0.0,0,402,2,3,0.2417,0.0221,GREEN,58,Chennai
CLM0011865,CHE_06065,Guindy,2021-02-25,20,0,0,0,0,0,0,0,0,0,0.0,0.261036,1,0.0,0,276,4,3,0.98,0.0716,GREEN,33,Chennai
CLM0011866,CHE_00233,Adyar,2021-05-04,7,0,0,0,0,0,0,0,0,0,0.0,0.186269,0,0.0,0,356,2,0,0.5031,0.0369,GREEN,31,Chennai
CLM0011867,CHE_00199,Guindy,2019-06-05,12,0,0,0,0,0,0,0,0,0,0.0,0.084738,1,0.0,0,277,4,1,0.98,0.0,GREEN,37,Chennai
CLM0011868,CHE_04552,Adyar,2022-04-17,10,0,0,0,0,0,0,0,0,0,0.0,0.112941,0,0.0,0,420,4,5,0.1955,0.1397,GREEN,18,Chennai
CLM0011869,CHE_08325,Porur,2024-01-27,11,0,0,0,0,0,0,0,0,0,0.0,0.221283,0,0.0,0,49,0,2,0.2217,0.0121,GREEN,41,Chennai
CLM0011870,CHE_00184,Sholinganallur,2025-09-11,19,0,0,0,0,0,0,0,0,0,0.0,0.0,0,0.0,0,420,0,0,0.5413,0.0545,GREEN,33,Chennai
CLM0011871,CHE_08135,T Nagar,2024-09-05,12,0,0,0,0,0,1,0,0,0,0.0,0.282265,0,0.0,0,380,2,4,0.7564,0.0503,GREEN,28,Chennai
CLM0011872,CHE_02529,Adyar,2021-08-16,18,0,0,0,0,0,0,0,0,0,0.0,0.189497,0,0.0,0,418,0,4,0.9205,0.1655,GREEN,24,Chennai
CLM0011873,CHE_08330,Sholinganallur,2021-02-14,21,0,0,0,0,0,1,0,0,0,0.0,0.135432,0,0.0,0,420,2,4,0.7953,0.133,GREEN,18,Chennai
CLM0011874,CHE_04286,T Nagar,2024-04-06,16,0,0,0,0,0,0,0,0,0,0.0,0.109215,0,0.0,0,127,1,0,0.6322,0.0014,GREEN,39,Chennai
CLM0011875,CHE_04983,Anna Nagar,2021-09-21,12,0,0,0,0,0,0,0,0,0,0.0,0.461417,0,0.0,0,151,2,4,0.98,0.0311,GREEN,40,Chennai
CLM0011876,CHE_06383,Sholinganallur,2022-01-04,11,0,0,0,0,0,0,1,0,0,0.0,0.227501,0,0.0,0,420,2,0,0.1517,0.0273,GREEN,19,Chennai
CLM0011877,CHE_09169,Sholinganallur,2024-06-28,20,0,1,1,0,0,0,0,0,0,0.0,0.120891,0,0.0,0,166,1,3,0.5198,0.0,GREEN,19,Chennai
CLM0011878,CHE_00468,Porur,2021-10-11,7,0,0,0,0,0,0,0,0,0,0.0,0.176503,1,0.0,0,266,1,4,0.6575,0.0241,GREEN,45,Chennai
CLM0011879,CHE_01725,Porur,2024-11-23,7,0,0,0,0,0,0,0,0,0,1.0,0.227991,0,0.0,0,356,4,6,0.98,0.1676,GREEN,49,Chennai
CLM0011880,CHE_09979,Chromepet,2023-09-05,18,0,0,0,0,0,1,1,0,0,0.0,0.146746,0,0.0,0,384,2,3,0.6678,0.1636,GREEN,66,Chennai
CLM0011881,CHE_05334,Tambaram,2024-07-13,8,0,0,0,0,0,0,0,0,0,0.0,0.079296,0,0.0,0,34,0,0,0.6642,0.0,GREEN,48,Chennai
CLM0011882,CHE_09494,Perambur,2022-09-09,11,0,0,0,0,0,1,0,0,0,0.0,0.013116,0,1.0,0,84,4,0,0.561,0.1319,GREEN,43,Chennai
CLM0011883,CHE_04434,Anna Nagar,2020-02-14,15,0,0,0,0,0,0,0,1,0,0.0,0.113588,0,0.0,0,96,3,1,0.6353,0.082,GREEN,33,Chennai
CLM0011884,CHE_07719,Perambur,2020-09-11,21,0,0,0,0,0,0,0,0,0,0.0,0.400505,0,0.0,0,404,4,3,0.687,0.0317,GREEN,33,Chennai
CLM0011885,CHE_09923,T Nagar,2023-04-13,17,0,0,0,0,0,0,0,0,0,1.0,0.10684,0,0.0,0,330,1,1,0.8772,0.0205,GREEN,68,Chennai
CLM0011886,CHE_07702,Perambur,2017-11-20,12,0,0,0,0,0,0,0,0,0,0.0,0.351455,0,0.0,0,174,3,3,0.5812,0.0652,GREEN,37,Chennai
CLM0011887,CHE_09668,T Nagar,2019-10-17,9,0,0,0,0,0,0,0,0,0,0.0,0.288511,0,0.0,0,343,0,2,0.5995,0.0,GREEN,35,Chennai
CLM0011888,CHE_09489,Porur,2016-08-09,7,0,0,0,0,0,0,1,0,1,1.0,1.0,1,1.0,1,20,2,18,0.2638,0.0552,GREEN,36,Chennai
CLM0011889,CHE_02290,Perambur,2016-05-03,17,0,0,0,0,0,0,0,0,0,0.0,1.0,1,0.0,0,420,3,2,0.7166,0.0481,GREEN,22,Chennai
CLM0011890,CHE_05580,Guindy,2016-08-21,8,0,1,1,1,1,1,1,1,1,1.0,1.0,0,1.0,1,13,2,18,0.0557,0.0,GREEN,44,Chennai
CLM0011891,CHE_00791,Adyar,2018-06-07,15,0,0,0,0,0,1,0,0,0,1.0,1.0,0,0.0,0,242,1,4,0.9261,0.0354,GREEN,41,Chennai
CLM0011892,CHE_08586,Adyar,2020-11-01,9,0,0,0,0,0,0,0,0,0,0.0,0.133996,0,1.0,0,353,1,2,0.7828,0.0527,GREEN,43,Chennai
CLM0011893,CHE_03146,Porur,2024-07-16,19,0,0,0,0,0,0,0,0,0,0.0,0.119655,0,0.0,0,403,2,1,0.6727,0.0456,GREEN,34,Chennai
CLM0011894,CHE_00037,Tambaram,2023-08-28,13,0,0,0,0,0,0,0,0,1,0.0,0.05529,0,0.0,0,420,3,0,0.8319,0.2835,GREEN,59,Chennai
CLM0011895,CHE_00748,Guindy,2018-05-15,17,0,0,0,0,0,0,0,0,0,0.0,0.174526,0,0.0,0,160,1,5,0.6261,0.0,GREEN,44,Chennai
CLM0011896,CHE_02020,Perambur,2023-08-30,7,0,0,0,0,0,0,0,0,0,0.0,0.0,0,0.0,0,28,3,1,0.7438,0.0147,GREEN,29,Chennai
CLM0011897,CHE_04294,Adyar,2023-10-06,20,0,0,0,0,1,0,0,1,0,0.0,0.090214,0,0.0,0,420,4,2,0.8776,0.4354,YELLOW,33,Chennai
CLM0011898,CHE_04665,Guindy,2025-07-07,20,0,0,0,0,0,0,0,1,0,0.0,0.273636,0,0.0,0,76,2,2,0.98,0.1118,GREEN,54,Chennai
CLM0011899,CHE_06193,Chromepet,2024-02-02,21,0,0,0,1,0,0,0,0,0,1.0,0.312371,0,0.0,0,362,2,4,0.7593,0.1923,GREEN,38,Chennai
CLM0011900,CHE_04601,Velachery,2025-09-25,19,0,0,0,0,0,0,0,0,0,0.0,0.113803,1,0.0,0,415,2,2,0.7311,0.0736,GREEN,53,Chennai
CLM0011901,CHE_07946,Porur,2025-06-04,7,0,0,0,0,0,0,0,0,0,0.0,0.455755,0,0.0,0,366,0,4,0.5772,0.0392,GREEN,22,Chennai
CLM0011902,CHE_03228,Guindy,2025-10-22,12,0,1,1,0,0,0,0,0,0,1.0,0.910762,0,1.0,0,235,2,1,0.7784,0.0,GREEN,38,Chennai
CLM0011903,CHE_09680,Anna Nagar,2023-11-02,11,0,0,0,0,0,0,0,0,0,0.0,0.042863,0,0.0,0,84,1,3,0.5756,0.0079,GREEN,34,Chennai
CLM0011904,CHE_00232,Tambaram,2023-02-15,15,0,0,0,0,1,0,0,0,0,0.0,0.029917,1,0.0,0,132,3,4,0.8725,0.1378,GREEN,32,Chennai
CLM0011905,CHE_02318,Perambur,2024-04-16,17,0,0,0,0,0,0,0,0,0,0.0,0.133443,0,0.0,0,204,2,0,0.4119,0.0475,GREEN,18,Chennai
CLM0011906,CHE_06112,Perambur,2022-09-01,12,0,0,0,1,0,0,1,0,1,0.0,0.288297,0,0.0,0,341,1,4,0.4151,0.3501,YELLOW,31,Chennai
CLM0011907,CHE_03673,Porur,2021-12-20,8,0,0,0,0,0,0,0,0,0,0.0,0.107268,0,0.0,0,250,3,1,0.0738,0.0395,GREEN,27,Chennai
CLM0011908,CHE_05120,Adyar,2022-05-24,10,0,0,0,0,0,1,0,0,0,0.0,0.31054,0,0.0,0,420,4,0,0.7998,0.082,GREEN,41,Chennai
CLM0011909,CHE_06136,Anna Nagar,2020-09-27,11,0,0,0,0,0,1,0,0,0,0.0,0.362224,0,0.0,0,281,0,1,0.6134,0.0448,GREEN,32,Chennai
CLM0011910,CHE_05026,Anna Nagar,2025-11-30,11,0,0,0,1,1,1,1,0,1,1.0,0.920236,0,1.0,0,5,0,18,0.3663,0.0,GREEN,47,Chennai
CLM0011911,CHE_07548,Tambaram,2022-01-13,11,0,0,0,0,0,0,0,0,0,0.0,0.240618,0,0.0,0,420,4,5,0.2243,0.0,GREEN,44,Chennai
CLM0011912,CHE_07733,Chromepet,2019-04-02,16,0,0,0,0,0,0,0,1,0,1.0,0.967773,0,1.0,0,354,3,2,0.9767,0.0587,GREEN,42,Chennai
CLM0011913,CHE_05943,Anna Nagar,2021-07-13,11,0,0,0,1,0,0,0,1,0,0.0,0.329961,0,1.0,0,236,1,0,0.9347,0.2502,GREEN,43,Chennai
CLM0011914,CHE_00508,Chromepet,2023-11-11,17,0,0,0,0,0,0,0,0,0,1.0,0.126538,0,0.0,0,148,4,1,0.1776,0.0428,GREEN,22,Chennai
CLM0011915,CHE_00515,Velachery,2024-05-24,20,0,0,0,0,0,0,0,0,0,0.0,0.204179,0,0.0,0,420,2,0,0.8857,0.0457,GREEN,46,Chennai
CLM0011916,CHE_05096,Anna Nagar,2025-01-13,10,0,0,0,0,0,0,0,0,0,0.0,0.041388,0,0.0,0,304,3,3,0.4182,0.0,GREEN,44,Chennai
CLM0011917,CHE_08078,Guindy,2022-04-06,21,0,0,0,0,0,0,0,0,0,1.0,0.046588,0,0.0,0,141,2,0,0.4576,0.0,GREEN,39,Chennai
CLM0011918,CHE_08856,Anna Nagar,2020-06-27,20,0,0,0,0,0,0,0,0,0,0.0,0.42381,0,0.0,0,420,0,0,0.8742,0.0,GREEN,45,Chennai
CLM0011919,CHE_02666,Porur,2024-06-13,8,0,0,0,0,0,0,0,1,0,0.0,0.034194,0,0.0,0,61,3,0,0.876,0.1228,GREEN,42,Chennai
CLM0011920,CHE_09617,Perambur,2021-09-18,12,0,0,0,0,0,0,0,0,0,0.0,0.197516,0,0.0,0,310,4,3,0.7684,0.0,GREEN,36,Chennai
CLM0011921,CHE_01165,Porur,2019-12-10,18,0,0,0,0,0,0,1,0,0,1.0,1.0,0,0.0,1,420,3,5,0.7959,0.2573,GREEN,34,Chennai
CLM0011922,CHE_06680,Porur,2020-05-22,18,0,0,0,0,0,0,0,0,0,0.0,0.317227,0,0.0,1,230,4,5,0.6205,0.0,GREEN,31,Chennai
CLM0011923,CHE_08712,Sholinganallur,2022-05-21,21,0,0,0,0,0,0,0,0,0,1.0,0.137043,0,0.0,0,420,0,6,0.5827,0.062,GREEN,27,Chennai
CLM0011924,CHE_01944,Adyar,2025-09-02,17,0,0,0,0,0,0,0,0,1,1.0,1.0,0,1.0,0,420,2,4,0.4063,0.0538,GREEN,41,Chennai
CLM0011925,CHE_02841,Perambur,2023-08-04,19,0,0,0,0,0,0,0,1,0,0.0,0.183674,0,1.0,0,82,2,2,0.5696,0.1577,GREEN,43,Chennai
CLM0011926,CHE_09648,T Nagar,2025-01-23,17,0,0,0,0,0,1,0,0,0,0.0,0.015887,0,0.0,0,37,2,1,0.8704,0.1848,GREEN,45,Chennai
CLM0011927,CHE_09850,Perambur,2023-04-03,21,0,0,0,0,0,0,0,0,0,0.0,0.016925,0,0.0,0,397,1,1,0.8832,0.0,GREEN,33,Chennai
CLM0011928,CHE_01393,Velachery,2025-06-05,21,0,0,0,0,0,0,0,0,0,1.0,0.283954,0,0.0,0,149,0,4,0.8995,0.0942,GREEN,47,Chennai
CLM0011929,CHE_06538,Velachery,2022-02-13,10,0,0,0,0,0,1,0,0,0,0.0,0.335096,0,0.0,0,14,1,1,0.6637,0.0866,GREEN,48,Chennai
CLM0011930,CHE_07532,T Nagar,2024-06-18,19,0,0,0,0,0,0,0,0,0,0.0,0.246736,0,0.0,0,198,4,5,0.8397,0.0,GREEN,37,Chennai
CLM0011931,CHE_06312,Guindy,2022-04-10,21,0,0,0,0,0,0,0,0,1,0.0,0.939957,0,0.0,0,313,0,1,0.6185,0.0552,GREEN,30,Chennai
CLM0011932,CHE_08618,Velachery,2025-09-14,20,0,0,0,0,1,0,0,0,1,0.0,0.156922,0,0.0,0,341,4,1,0.1056,0.3188,YELLOW,28,Chennai
CLM0011933,CHE_09842,Guindy,2025-07-08,8,0,0,0,0,0,0,0,0,0,0.0,0.291299,0,0.0,0,378,4,0,0.116,0.0,GREEN,47,Chennai
CLM0011934,CHE_00487,Guindy,2025-07-04,20,0,0,0,0,0,0,0,0,0,1.0,0.178926,0,0.0,0,206,4,0,0.7302,0.0,GREEN,27,Chennai
CLM0011935,CHE_05386,Tambaram,2025-12-08,9,0,0,0,0,0,1,0,0,0,1.0,0.211538,0,0.0,0,247,2,2,0.1489,0.1258,GREEN,48,Chennai
CLM0011936,CHE_00380,Chromepet,2025-01-26,8,0,0,0,0,0,0,0,0,0,0.0,0.180011,0,0.0,0,111,3,0,0.6687,0.0393,GREEN,49,Chennai
CLM0011937,CHE_00583,Anna Nagar,2024-06-10,15,0,0,0,0,1,0,0,0,0,0.0,0.964992,0,0.0,0,401,0,5,0.2386,0.0,GREEN,41,Chennai
CLM0011938,CHE_00523,Anna Nagar,2024-04-10,12,0,0,0,0,0,1,1,1,1,0.0,0.114869,0,0.0,1,9,0,14,0.8691,0.0,GREEN,33,Chennai
CLM0011939,CHE_03812,Perambur,2024-07-21,18,0,0,0,0,0,0,0,0,0,0.0,0.420099,1,0.0,0,233,2,0,0.6268,0.1493,GREEN,49,Chennai
CLM0011940,CHE_02418,Chromepet,2024-05-25,7,0,0,0,0,0,0,0,0,1,0.0,0.221665,0,0.0,0,95,0,2,0.8491,0.1438,GREEN,34,Chennai
CLM0011941,CHE_02369,Anna Nagar,2024-03-07,15,0,0,0,0,0,0,0,0,0,0.0,0.338449,0,0.0,0,420,3,1,0.7811,0.0,GREEN,52,Chennai
CLM0011942,CHE_06647,Anna Nagar,2025-10-06,13,0,0,0,0,0,0,0,0,0,0.0,0.092644,0,0.0,0,382,3,4,0.8035,0.0169,GREEN,29,Chennai
CLM0011943,CHE_04442,Guindy,2024-06-09,21,0,0,0,0,0,0,1,0,0,0.0,0.112129,0,0.0,0,299,1,4,0.6411,0.0056,GREEN,31,Chennai
CLM0011944,CHE_00968,Guindy,2024-09-18,16,0,0,0,0,0,0,0,0,0,0.0,0.119788,0,0.0,0,420,1,0,0.1437,0.1048,GREEN,40,Chennai
CLM0011945,CHE_04496,Sholinganallur,2025-07-07,15,0,0,0,0,0,0,0,1,0,1.0,0.0,0,0.0,0,125,0,3,0.7001,0.1198,GREEN,45,Chennai
CLM0011946,CHE_09616,Porur,2024-12-14,9,0,0,0,0,0,0,0,0,0,0.0,0.205994,0,0.0,0,406,0,3,0.2794,0.0084,GREEN,30,Chennai
CLM0011947,CHE_08738,Anna Nagar,2025-11-06,17,0,0,0,0,0,1,0,0,0,1.0,0.047309,0,1.0,0,315,2,4,0.7534,0.1568,GREEN,50,Chennai
CLM0011948,CHE_07005,Guindy,2025-10-09,17,0,0,0,0,0,0,0,0,0,1.0,0.429041,0,0.0,0,387,2,2,0.6406,0.1049,GREEN,36,Chennai
CLM0011949,CHE_02000,Chromepet,2024-10-17,20,0,0,0,0,0,1,0,0,0,0.0,0.294755,0,0.0,1,328,4,0,0.8954,0.1109,GREEN,50,Chennai
CLM0011950,CHE_08126,Anna Nagar,2024-09-21,16,0,0,0,1,0,0,0,0,0,0.0,0.185261,0,0.0,0,420,4,2,0.6264,0.2138,GREEN,32,Chennai
CLM0011951,CHE_01748,Guindy,2022-09-16,7,0,1,1,0,0,0,0,0,0,0.0,0.142612,0,0.0,0,156,4,3,0.6077,0.0209,GREEN,39,Chennai
CLM0011952,CHE_08049,T Nagar,2020-07-23,7,0,1,1,1,1,0,1,1,0,0.0,0.979127,1,1.0,1,8,2,18,0.0716,0.682,RED,41,Chennai
CLM0011953,CHE_08669,Adyar,2025-02-05,10,0,1,1,1,1,0,0,1,0,1.0,0.967336,1,0.0,1,38,1,18,0.3487,0.7498,RED,37,Chennai
CLM0011954,CHE_08159,Velachery,2020-02-15,9,0,1,1,0,0,0,0,0,0,0.0,0.0,0,1.0,0,109,1,2,0.6856,0.4482,YELLOW,49,Chennai
CLM0011955,CHE_01095,Guindy,2022-06-26,12,0,1,1,0,1,0,1,1,1,1.0,0.06002,0,0.0,1,33,2,18,0.2866,0.5816,YELLOW,40,Chennai
CLM0011956,CHE_07614,Sholinganallur,2024-04-18,15,0,0,0,0,0,0,0,0,0,1.0,1.0,0,1.0,0,420,1,1,0.7041,0.0126,GREEN,38,Chennai
CLM0011957,CHE_01282,T Nagar,2025-09-11,14,0,0,0,0,0,0,0,0,0,0.0,0.027568,0,0.0,0,337,3,1,0.6635,0.0,GREEN,46,Chennai
CLM0011958,CHE_00230,Anna Nagar,2023-08-02,14,0,0,0,0,0,0,0,0,0,0.0,0.045967,0,0.0,0,420,3,3,0.178,0.0,GREEN,44,Chennai
CLM0011959,CHE_01651,Anna Nagar,2023-09-02,21,0,1,1,0,0,0,0,0,0,0.0,0.150436,0,0.0,0,163,3,2,0.5756,0.0,GREEN,39,Chennai
CLM0011960,CHE_02936,Chromepet,2023-08-22,19,0,0,0,0,0,0,0,0,0,0.0,0.41128,0,0.0,0,364,4,1,0.6496,0.0476,GREEN,49,Chennai
CLM0011961,CHE_08921,T Nagar,2024-03-31,17,0,0,0,0,0,1,0,0,0,0.0,0.072412,0,0.0,0,234,0,2,0.98,0.0916,GREEN,42,Chennai
CLM0011962,CHE_01584,Perambur,2024-04-10,11,0,0,0,0,0,0,0,0,0,0.0,0.0,0,0.0,0,348,2,6,0.9338,0.0,GREEN,41,Chennai
CLM0011963,CHE_06657,Tambaram,2025-06-02,12,0,0,0,0,0,0,0,0,0,0.0,0.039111,0,0.0,0,262,3,4,0.8751,0.0,GREEN,40,Chennai
CLM0011964,CHE_09227,T Nagar,2016-01-21,7,0,0,0,0,0,0,0,0,0,0.0,0.100554,0,0.0,0,400,1,3,0.7488,0.0176,GREEN,18,Chennai
CLM0011965,CHE_06673,Guindy,2024-07-04,20,0,0,0,0,0,0,0,0,0,0.0,0.343082,0,1.0,0,139,0,0,0.9184,0.1691,GREEN,43,Chennai
CLM0011966,CHE_08845,Porur,2015-11-15,8,0,0,0,0,0,0,0,0,0,0.0,0.15986,0,0.0,0,413,2,0,0.9616,0.0368,GREEN,27,Chennai
CLM0011967,CHE_07987,Tambaram,2024-03-04,18,0,1,1,1,0,0,1,0,1,1.0,0.086979,0,1.0,0,11,1,18,0.1122,0.0,GREEN,59,Chennai
CLM0011968,CHE_09672,Tambaram,2023-12-28,16,0,0,0,0,0,0,0,0,0,0.0,0.090026,0,0.0,1,72,3,0,0.7199,0.0676,GREEN,31,Chennai
CLM0011969,CHE_04020,Sholinganallur,2023-10-16,20,0,0,0,0,0,0,0,0,0,0.0,0.330834,0,0.0,0,108,0,4,0.7655,0.0225,GREEN,38,Chennai
CLM0011970,CHE_07865,Chromepet,2023-08-30,16,0,0,0,0,0,0,0,0,0,1.0,0.436569,0,0.0,0,317,0,2,0.933,0.2112,GREEN,34,Chennai
CLM0011971,CHE_06686,Anna Nagar,2025-04-09,20,0,0,0,0,0,0,0,0,0,0.0,0.118393,0,0.0,0,211,3,3,0.1223,0.0,GREEN,29,Chennai
CLM0011972,CHE_05059,Chromepet,2023-10-02,20,0,0,0,0,0,0,0,0,0,0.0,0.008844,0,0.0,0,420,1,4,0.9426,0.0557,GREEN,27,Chennai
CLM0011973,CHE_04015,Chromepet,2022-05-17,21,0,1,1,0,0,0,0,1,0,0.0,0.235968,0,0.0,1,244,0,1,0.2392,0.143,GREEN,32,Chennai
CLM0011974,CHE_02041,Chromepet,2025-01-29,13,0,0,0,0,0,0,0,0,0,1.0,0.185237,0,0.0,0,307,4,5,0.6709,0.0,GREEN,52,Chennai
CLM0011975,CHE_01616,Anna Nagar,2023-05-27,9,0,0,0,0,0,0,0,1,0,0.0,0.246249,0,0.0,0,280,3,1,0.5267,0.0293,GREEN,32,Chennai
CLM0011976,CHE_07951,Sholinganallur,2023-08-22,7,0,0,0,0,0,0,0,0,0,1.0,0.300605,0,0.0,0,44,1,2,0.5594,0.1445,GREEN,34,Chennai
CLM0011977,CHE_06700,Guindy,2024-09-08,13,0,0,0,0,0,0,0,0,0,0.0,0.180074,0,0.0,0,5,3,5,0.6218,0.0,GREEN,67,Chennai
CLM0011978,CHE_06469,Porur,2024-09-15,14,0,0,0,0,0,0,0,0,0,0.0,0.476802,0,0.0,0,212,0,6,0.715,0.0455,GREEN,31,Chennai
CLM0011979,CHE_08550,Chromepet,2021-07-14,13,0,0,0,1,0,1,0,0,0,1.0,0.044051,0,0.0,0,216,1,1,0.2883,0.3218,YELLOW,38,Chennai
CLM0011980,CHE_00306,Anna Nagar,2023-08-11,14,0,0,0,0,0,0,0,0,0,0.0,0.995477,0,0.0,0,63,4,3,0.8702,0.0,GREEN,26,Chennai
CLM0011981,CHE_06325,Velachery,2022-07-05,16,0,0,0,0,0,0,0,0,0,0.0,1.0,0,0.0,0,118,4,4,0.5681,0.0429,GREEN,47,Chennai
CLM0011982,CHE_09293,Sholinganallur,2020-09-14,20,0,0,0,0,0,0,0,0,0,1.0,0.192027,0,0.0,0,271,4,2,0.9105,0.0251,GREEN,48,Chennai
CLM0011983,CHE_08713,Tambaram,2021-12-04,15,0,0,0,0,0,0,0,0,0,0.0,0.950668,0,0.0,0,348,4,0,0.5337,0.0,GREEN,46,Chennai
CLM0011984,CHE_04756,Sholinganallur,2025-10-13,15,0,0,0,0,0,0,0,0,0,0.0,0.383602,0,0.0,1,357,0,0,0.05,0.1088,GREEN,24,Chennai
CLM0011985,CHE_08669,Adyar,2018-12-11,21,0,0,0,0,0,0,0,0,1,0.0,0.306167,0,0.0,0,420,3,3,0.115,0.1194,GREEN,37,Chennai
CLM0011986,CHE_07674,Sholinganallur,2017-04-16,17,0,0,0,0,1,1,0,0,0,0.0,0.371748,1,0.0,0,330,3,1,0.98,0.2046,GREEN,48,Chennai
CLM0011987,CHE_06780,Chromepet,2018-10-31,19,0,0,0,0,0,0,0,0,0,1.0,0.328498,0,0.0,0,192,4,4,0.05,0.1024,GREEN,40,Chennai
CLM0011988,CHE_04143,Anna Nagar,2018-02-24,19,0,0,0,0,1,1,0,1,1,0.0,0.134223,1,0.0,0,20,3,18,0.8436,0.0239,GREEN,34,Chennai
CLM0011989,CHE_02166,Velachery,2017-10-19,8,0,0,0,0,0,0,0,0,0,0.0,0.395316,0,0.0,0,420,1,6,0.1657,0.0601,GREEN,44,Chennai
CLM0011990,CHE_03206,Sholinganallur,2024-10-12,20,0,0,0,0,0,0,0,0,0,0.0,1.0,0,0.0,0,52,4,0,0.8796,0.0394,GREEN,38,Chennai
CLM0011991,CHE_08174,Porur,2022-02-13,13,0,0,0,0,0,0,0,0,0,0.0,0.092959,0,0.0,0,146,4,4,0.2745,0.0,GREEN,30,Chennai
CLM0011992,CHE_07612,Anna Nagar,2023-05-24,13,0,0,0,0,0,1,0,0,0,0.0,0.35081,0,0.0,0,185,2,6,0.4647,0.0503,GREEN,41,Chennai
CLM0011993,CHE_09857,Guindy,2023-04-14,20,0,0,0,0,0,0,0,0,0,0.0,0.459577,0,0.0,0,142,2,4,0.7445,0.0072,GREEN,41,Chennai
CLM0011994,CHE_01930,Velachery,2022-09-16,8,0,0,0,0,0,0,0,0,0,0.0,0.293658,0,0.0,0,108,0,3,0.6023,0.0,GREEN,34,Chennai
CLM0011995,CHE_04220,Anna Nagar,2019-11-23,14,0,0,0,0,0,0,0,0,0,0.0,0.340997,0,0.0,0,81,1,4,0.98,0.0,GREEN,34,Chennai
CLM0011996,CHE_06840,Tambaram,2021-10-10,12,0,0,0,0,0,0,1,1,0,0.0,0.156403,0,0.0,0,105,4,3,0.295,0.1736,GREEN,49,Chennai
CLM0011997,CHE_03110,Chromepet,2016-10-04,19,0,0,0,1,0,0,0,0,0,0.0,0.379382,0,0.0,0,420,1,3,0.82,0.0965,GREEN,33,Chennai
CLM0011998,CHE_05202,Perambur,2019-02-12,20,0,0,0,0,0,0,0,1,0,0.0,0.175046,0,0.0,0,420,4,0,0.6466,0.0498,GREEN,29,Chennai
CLM0011999,CHE_05757,Guindy,2016-04-08,13,0,0,0,0,0,0,0,0,0,0.0,0.276902,0,0.0,0,248,4,4,0.7951,0.0759,GREEN,23,Chennai
CLM0012000,CHE_02688,Porur,2025-12-04,9,0,0,0,0,0,1,1,1,0,0.0,0.284348,0,1.0,0,420,0,2,0.98,0.2644,GREEN,34,Chennai
CLM0012001,CHE_02761,Anna Nagar,2018-05-19,19,0,0,0,0,0,0,0,0,0,0.0,0.247778,0,0.0,0,22,0,2,0.7119,0.0114,GREEN,37,Chennai
CLM0012002,CHE_03331,Sholinganallur,2024-08-04,8,0,0,0,0,0,0,0,0,0,0.0,0.0,0,0.0,0,113,0,7,0.6935,0.0,GREEN,34,Chennai
CLM0012003,CHE_05669,T Nagar,2024-07-08,14,0,0,0,0,0,0,0,0,0,0.0,0.231129,0,1.0,0,308,3,1,0.5235,0.091,GREEN,41,Chennai
CLM0012004,CHE_07094,Perambur,2025-11-07,14,0,0,0,0,0,0,0,0,0,0.0,1.0,0,0.0,0,137,0,1,0.98,0.049,GREEN,35,Chennai
CLM0012005,CHE_03507,Tambaram,2025-09-14,15,0,0,0,1,0,0,0,1,0,0.0,0.089604,0,0.0,0,262,1,6,0.2796,0.2456,GREEN,36,Chennai
CLM0012006,CHE_00231,Perambur,2024-08-15,18,0,0,0,0,0,0,0,0,0,0.0,0.027365,0,0.0,0,263,0,3,0.1618,0.0268,GREEN,47,Chennai
CLM0012007,CHE_05216,Chromepet,2025-12-18,8,0,0,0,0,0,0,0,0,0,0.0,0.300163,0,0.0,0,5,4,3,0.2095,0.0,GREEN,18,Chennai
CLM0012008,CHE_00798,Perambur,2025-11-05,13,0,0,0,0,0,0,0,0,0,0.0,0.075697,0,0.0,0,155,4,2,0.98,0.0819,GREEN,49,Chennai
CLM0012009,CHE_03076,T Nagar,2025-04-21,9,0,1,1,0,0,1,0,0,0,0.0,0.117744,0,0.0,0,244,0,0,0.8887,0.1082,GREEN,31,Chennai
CLM0012010,CHE_09013,T Nagar,2025-07-19,14,0,0,0,0,0,1,0,0,0,0.0,0.300899,0,0.0,1,373,4,2,0.6725,0.1384,GREEN,43,Chennai
CLM0012011,CHE_06875,Perambur,2025-03-03,9,0,0,0,0,0,0,0,0,0,0.0,0.259518,0,0.0,0,420,3,0,0.8404,0.0,GREEN,18,Chennai
CLM0012012,CHE_00170,Adyar,2024-07-01,15,0,0,0,1,0,0,0,0,0,1.0,0.318689,0,0.0,0,138,3,0,0.85,0.2137,GREEN,61,Chennai
CLM0012013,CHE_00838,Anna Nagar,2025-05-21,16,0,0,0,0,1,0,0,0,0,0.0,0.178879,0,0.0,0,357,2,3,0.7728,0.1639,GREEN,51,Chennai
CLM0012014,CHE_00029,Porur,2021-03-07,10,0,0,0,0,0,0,0,0,0,0.0,0.124355,0,0.0,0,22,0,3,0.7586,0.1353,GREEN,55,Chennai
CLM0012015,CHE_06627,T Nagar,2019-11-26,19,0,0,0,0,0,1,0,0,0,0.0,0.344974,0,0.0,1,420,0,1,0.9585,0.1212,GREEN,40,Chennai
CLM0012016,CHE_01738,Adyar,2022-12-08,16,0,0,0,0,0,0,0,0,0,0.0,0.13015,0,0.0,0,299,4,7,0.8942,0.0,GREEN,34,Chennai
CLM0012017,CHE_08368,Perambur,2019-12-28,17,0,0,0,0,0,1,0,0,0,0.0,0.352544,0,0.0,0,220,4,6,0.8285,0.1157,GREEN,24,Chennai
CLM0012018,CHE_07081,Guindy,2018-05-13,16,0,0,0,0,0,0,0,0,0,0.0,0.016218,0,0.0,0,83,1,1,0.7221,0.1445,GREEN,21,Chennai
CLM0012019,CHE_07569,Guindy,2025-10-12,11,0,0,0,0,0,0,0,0,0,0.0,0.291559,0,0.0,0,134,2,5,0.8,0.0,GREEN,36,Chennai
CLM0012020,CHE_01905,Guindy,2017-06-28,9,0,0,0,0,0,0,0,1,0,0.0,0.225663,0,0.0,0,402,3,0,0.8627,0.0293,GREEN,40,Chennai
CLM0012021,CHE_09856,Perambur,2017-11-16,16,0,0,0,0,0,0,0,0,0,1.0,0.365838,0,0.0,0,348,3,5,0.6404,0.0063,GREEN,37,Chennai
CLM0012022,CHE_07544,Velachery,2025-01-09,20,0,0,0,0,0,0,0,0,0,0.0,0.133552,0,0.0,0,152,1,0,0.3701,0.0,GREEN,46,Chennai
CLM0012023,CHE_02501,Sholinganallur,2019-02-22,14,0,0,0,0,0,0,0,0,0,0.0,0.266188,0,0.0,0,294,2,2,0.6982,0.1593,GREEN,28,Chennai
CLM0012024,CHE_09820,Chromepet,2021-01-30,12,0,0,0,0,0,0,0,0,0,1.0,0.09337,0,0.0,0,107,0,0,0.93,0.0384,GREEN,44,Chennai
CLM0012025,CHE_02705,Adyar,2019-04-10,15,0,1,1,1,0,1,1,1,1,1.0,1.0,0,0.0,1,5,0,18,0.05,0.7241,RED,51,Chennai
CLM0012026,CHE_01359,Anna Nagar,2016-11-28,19,0,1,1,0,0,0,0,0,1,0.0,0.27813,0,0.0,0,340,0,2,0.7628,0.6182,RED,18,Chennai
CLM0012027,CHE_00505,Chromepet,2025-03-08,16,0,1,1,1,0,1,1,1,1,1.0,0.908362,0,1.0,0,7,2,18,0.2082,0.5819,YELLOW,41,Chennai
CLM0012028,CHE_09170,Sholinganallur,2019-11-20,16,0,1,1,0,1,1,1,1,1,0.0,0.900391,0,1.0,0,5,2,18,0.05,0.6706,RED,32,Chennai
CLM0012029,CHE_08716,Guindy,2016-09-18,14,0,1,1,1,1,1,1,1,1,0.0,0.273358,0,0.0,1,23,2,18,0.2563,0.8014,RED,55,Chennai
CLM0012030,CHE_09509,Tambaram,2024-03-01,17,0,1,1,1,1,0,0,0,1,0.0,0.19599,0,0.0,0,5,1,18,0.4001,0.5789,YELLOW,33,Chennai
CLM0012031,CHE_00909,Guindy,2019-10-18,19,0,1,1,0,1,1,0,1,1,0.0,0.0,1,0.0,0,5,0,18,0.9676,0.6113,RED,45,Chennai
CLM0012032,CHE_08502,Guindy,2023-03-10,17,0,1,1,0,1,0,0,0,1,1.0,1.0,1,0.0,1,21,2,18,0.2462,0.4868,YELLOW,60,Chennai
CLM0012033,CHE_08812,Porur,2021-01-22,17,0,1,1,1,1,0,1,0,1,0.0,0.999438,0,0.0,1,26,0,18,0.0985,0.7781,RED,43,Chennai
CLM0012034,CHE_00999,Velachery,2015-11-15,18,0,1,1,1,0,1,0,1,1,0.0,0.096574,0,0.0,1,44,0,18,0.878,0.6219,RED,48,Chennai
CLM0012035,CHE_03913,Anna Nagar,2024-12-13,18,0,0,0,0,0,1,0,0,0,1.0,0.357675,0,1.0,0,212,0,5,0.0827,0.1381,GREEN,31,Chennai
CLM0012036,CHE_02276,Perambur,2020-07-01,17,0,0,0,0,0,0,0,0,0,0.0,0.10258,0,0.0,0,135,2,1,0.5394,0.0921,GREEN,23,Chennai
CLM0012037,CHE_06567,Anna Nagar,2023-03-07,11,0,0,0,0,0,0,0,0,0,0.0,0.114384,0,0.0,0,350,4,0,0.7138,0.0206,GREEN,40,Chennai
CLM0012038,CHE_03145,T Nagar,2021-04-20,9,0,0,0,0,0,0,0,0,0,1.0,0.377463,0,0.0,0,65,0,2,0.9797,0.0353,GREEN,27,Chennai
CLM0012039,CHE_04834,Chromepet,2021-01-12,12,0,0,0,0,0,1,0,0,0,0.0,0.20917,0,0.0,0,65,3,2,0.8747,0.1142,GREEN,43,Chennai
CLM0012040,CHE_04702,Adyar,2023-04-27,13,0,0,0,0,0,0,0,0,0,0.0,0.286491,0,1.0,0,366,0,0,0.7318,0.0031,GREEN,48,Chennai
CLM0012041,CHE_08182,Anna Nagar,2020-11-20,13,0,0,0,0,0,0,0,0,0,0.0,0.362276,0,0.0,0,268,1,3,0.8051,0.1066,GREEN,40,Chennai
CLM0012042,CHE_03313,Velachery,2023-01-18,13,0,0,0,0,0,0,0,0,0,0.0,0.97974,0,0.0,0,202,0,1,0.6441,0.0,GREEN,49,Chennai
CLM0012043,CHE_02618,Adyar,2025-07-08,9,0,0,0,0,0,0,0,0,0,0.0,0.300187,0,0.0,0,344,3,0,0.572,0.0,GREEN,32,Chennai
CLM0012044,CHE_07357,Chromepet,2023-05-26,11,0,0,0,0,0,0,0,0,0,0.0,1.0,0,0.0,0,290,3,3,0.6825,0.0226,GREEN,18,Chennai
CLM0012045,CHE_08545,Anna Nagar,2022-06-25,11,0,0,0,0,0,1,0,0,0,0.0,0.223524,0,0.0,0,124,0,4,0.759,0.0537,GREEN,65,Chennai
CLM0012046,CHE_04116,Perambur,2023-03-29,17,0,0,0,0,0,1,0,0,0,0.0,0.98874,0,0.0,0,147,3,5,0.7738,0.1454,GREEN,41,Chennai
CLM0012047,CHE_03996,Guindy,2020-10-21,21,0,0,0,0,0,1,0,1,0,0.0,0.075716,0,1.0,1,200,2,2,0.4833,0.228,GREEN,25,Chennai
CLM0012048,CHE_01237,Adyar,2021-10-03,9,0,0,0,0,0,0,0,0,0,0.0,0.172667,0,0.0,0,420,2,2,0.8446,0.0,GREEN,35,Chennai
CLM0012049,CHE_05724,Porur,2019-05-18,20,0,0,0,0,0,0,0,0,0,1.0,0.454042,0,0.0,0,222,3,1,0.9348,0.0711,GREEN,25,Chennai
CLM0012050,CHE_09525,Perambur,2019-07-09,12,0,0,0,0,0,0,0,0,0,1.0,0.422965,0,0.0,0,163,1,0,0.6002,0.0145,GREEN,45,Chennai
CLM0012051,CHE_07394,Chromepet,2023-07-25,19,0,1,1,0,0,0,0,0,0,0.0,0.190863,0,0.0,0,310,1,1,0.5449,0.0877,GREEN,35,Chennai
CLM0012052,CHE_08333,T Nagar,2025-11-04,17,0,0,0,0,0,0,0,0,0,0.0,0.01009,0,0.0,0,221,0,6,0.8984,0.0221,GREEN,33,Chennai
CLM0012053,CHE_05653,Adyar,2023-05-04,16,0,0,0,1,0,1,1,1,1,0.0,0.058988,0,0.0,0,5,0,18,0.8808,0.1218,GREEN,36,Chennai
CLM0012054,CHE_09131,Porur,2023-04-24,13,0,0,0,0,0,0,0,0,0,0.0,0.005539,0,0.0,0,374,2,5,0.1561,0.027,GREEN,62,Chennai
CLM0012055,CHE_09206,Velachery,2024-08-08,8,0,0,0,0,0,0,0,0,1,0.0,0.284637,0,0.0,0,121,0,1,0.8749,0.0807,GREEN,30,Chennai
CLM0012056,CHE_02523,Chromepet,2025-02-08,13,0,0,0,0,0,0,0,0,0,0.0,0.112674,0,0.0,0,350,4,0,0.9318,0.0043,GREEN,28,Chennai
CLM0012057,CHE_00403,Guindy,2025-03-06,20,0,0,0,0,0,0,1,0,1,0.0,0.348784,0,0.0,0,166,4,0,0.5168,0.2098,GREEN,29,Chennai
CLM0012058,CHE_02021,Guindy,2025-04-04,13,0,0,0,0,1,0,0,0,0,0.0,0.107281,0,0.0,0,117,1,0,0.7097,0.1456,GREEN,56,Chennai
CLM0012059,CHE_06625,Porur,2025-02-28,14,0,0,0,0,0,0,0,0,0,0.0,0.0,0,0.0,0,272,1,2,0.7223,0.105,GREEN,36,Chennai
CLM0012060,CHE_02680,Guindy,2017-06-17,19,0,0,0,0,0,0,0,1,0,0.0,0.356592,0,0.0,0,172,3,3,0.4669,0.0551,GREEN,62,Chennai
CLM0012061,CHE_09355,Perambur,2018-03-05,11,0,0,0,0,0,0,1,0,1,0.0,0.036386,0,0.0,0,403,4,0,0.8983,0.254,GREEN,32,Chennai
CLM0012062,CHE_07617,Sholinganallur,2024-12-21,20,0,0,0,0,0,1,0,0,0,0.0,1.0,0,0.0,0,218,3,1,0.766,0.1225,GREEN,50,Chennai
CLM0012063,CHE_08469,T Nagar,2022-08-20,18,0,0,0,0,0,0,0,0,1,0.0,0.155809,0,0.0,0,143,0,0,0.9444,0.1409,GREEN,48,Chennai
CLM0012064,CHE_04386,T Nagar,2018-03-22,9,0,0,0,0,0,0,0,0,0,0.0,0.311326,0,0.0,0,420,2,5,0.7108,0.0,GREEN,40,Chennai
CLM0012065,CHE_01609,Chromepet,2018-04-06,12,0,0,0,0,0,0,0,0,0,0.0,0.196313,0,0.0,0,97,2,0,0.7964,0.0,GREEN,28,Chennai
CLM0012066,CHE_07647,Porur,2025-08-03,9,0,0,0,0,0,0,0,0,0,0.0,1.0,0,0.0,0,218,1,0,0.5934,0.0289,GREEN,42,Chennai
CLM0012067,CHE_01469,T Nagar,2023-04-07,17,0,0,0,1,0,1,0,0,0,0.0,0.243498,0,0.0,0,62,1,1,0.98,0.2886,GREEN,50,Chennai
CLM0012068,CHE_00243,Adyar,2017-09-28,18,0,0,0,0,0,0,0,0,0,0.0,0.177948,0,0.0,0,378,2,1,0.8008,0.0389,GREEN,24,Chennai
CLM0012069,CHE_05732,Anna Nagar,2025-08-23,7,0,0,0,0,1,0,0,0,0,0.0,0.1266,0,0.0,0,234,3,0,0.98,0.15,GREEN,47,Chennai
CLM0012070,CHE_05548,Adyar,2025-09-29,13,0,0,0,0,0,0,0,0,0,0.0,0.365953,0,0.0,0,196,3,0,0.8964,0.0269,GREEN,47,Chennai
CLM0012071,CHE_06517,Chromepet,2022-07-29,7,0,0,0,0,0,0,0,0,0,0.0,0.18615,0,0.0,0,98,4,4,0.5137,0.0136,GREEN,42,Chennai
CLM0012072,CHE_01919,Perambur,2023-11-29,12,0,0,0,0,0,1,0,0,0,0.0,0.421287,0,1.0,0,314,4,7,0.8117,0.1371,GREEN,58,Chennai
CLM0012073,CHE_08649,Tambaram,2024-04-19,7,0,0,0,0,0,0,0,0,0,0.0,0.33712,0,0.0,0,58,1,2,0.98,0.0261,GREEN,41,Chennai
CLM0012074,CHE_09357,T Nagar,2025-03-25,12,0,0,0,0,1,0,0,0,0,0.0,0.358249,0,0.0,0,106,3,3,0.489,0.1012,GREEN,35,Chennai
CLM0012075,CHE_06985,Velachery,2025-10-04,20,0,0,0,0,0,0,0,0,0,0.0,0.156139,0,1.0,0,225,3,0,0.8416,0.0382,GREEN,40,Chennai
CLM0012076,CHE_04782,Porur,2025-05-19,19,0,0,0,0,0,0,0,0,0,0.0,0.081829,0,0.0,0,90,0,0,0.8239,0.0,GREEN,33,Chennai
CLM0012077,CHE_05429,Adyar,2024-12-12,13,0,0,0,0,0,0,0,0,0,0.0,0.066697,0,0.0,0,202,2,6,0.83,0.0046,GREEN,33,Chennai
CLM0012078,CHE_02065,Porur,2024-08-02,21,0,0,0,0,0,0,1,0,0,0.0,0.19323,0,0.0,0,344,2,0,0.3914,0.0852,GREEN,42,Chennai
CLM0012079,CHE_09687,Sholinganallur,2025-02-03,17,0,1,1,0,0,0,0,0,0,0.0,0.137074,0,0.0,0,135,4,0,0.7339,0.0,GREEN,37,Chennai
CLM0012080,CHE_08738,Anna Nagar,2025-12-18,9,0,0,0,0,1,0,1,0,0,0.0,0.0,0,0.0,0,327,1,0,0.3098,0.166,GREEN,50,Chennai
CLM0012081,CHE_06449,Anna Nagar,2025-12-16,13,0,0,0,0,0,0,0,0,0,1.0,1.0,0,0.0,0,142,1,2,0.7691,0.0226,GREEN,52,Chennai
CLM0012082,CHE_08285,T Nagar,2022-04-15,12,0,0,0,0,0,0,1,0,0,0.0,0.0,0,0.0,0,420,4,3,0.98,0.0427,GREEN,30,Chennai
CLM0012083,CHE_04304,Adyar,2024-09-30,21,0,0,0,0,0,0,0,0,0,0.0,0.08687,0,0.0,0,234,0,0,0.7172,0.0617,GREEN,44,Chennai
CLM0012084,CHE_01327,Sholinganallur,2024-10-11,17,0,0,0,0,0,0,0,0,0,0.0,0.297416,0,0.0,0,113,2,2,0.7722,0.085,GREEN,35,Chennai
CLM0012085,CHE_07669,Chromepet,2022-09-22,9,0,1,1,0,0,0,1,0,0,0.0,0.398217,1,0.0,0,32,1,4,0.5532,0.0737,GREEN,66,Chennai
CLM0012086,CHE_03811,Chromepet,2021-05-23,8,0,0,0,0,1,0,0,0,0,0.0,0.105717,0,0.0,0,390,0,2,0.9647,0.1942,GREEN,47,Chennai
CLM0012087,CHE_08276,Tambaram,2022-12-21,12,0,0,0,0,0,0,0,0,0,0.0,0.173809,0,0.0,1,330,1,5,0.98,0.1567,GREEN,33,Chennai
CLM0012088,CHE_01319,Perambur,2021-07-06,21,0,0,0,0,0,0,0,1,0,1.0,0.0,0,0.0,0,231,0,6,0.05,0.1388,GREEN,34,Chennai
CLM0012089,CHE_09876,T Nagar,2021-11-08,15,0,0,0,0,0,0,0,0,0,0.0,0.411305,0,0.0,0,291,2,0,0.05,0.0039,GREEN,43,Chennai
CLM0012090,CHE_00659,Adyar,2023-03-12,20,0,0,0,0,0,0,0,0,0,0.0,0.107167,1,0.0,0,35,1,0,0.98,0.055,GREEN,34,Chennai
CLM0012091,CHE_02259,Adyar,2023-07-18,10,0,0,0,0,0,0,0,0,0,0.0,1.0,0,0.0,0,420,0,0,0.6726,0.0,GREEN,33,Chennai
CLM0012092,CHE_00120,Anna Nagar,2023-11-23,12,0,0,0,0,0,0,0,0,0,0.0,0.302609,0,0.0,0,420,4,3,0.8548,0.004,GREEN,48,Chennai
CLM0012093,CHE_01962,Velachery,2021-01-04,13,0,0,0,0,0,0,0,0,0,0.0,0.102285,0,0.0,0,375,1,4,0.19,0.0712,GREEN,56,Chennai
CLM0012094,CHE_06755,Sholinganallur,2025-03-06,14,0,0,0,0,0,0,0,0,0,0.0,0.183095,0,0.0,1,415,4,1,0.5904,0.1296,GREEN,33,Chennai
CLM0012095,CHE_05879,Sholinganallur,2023-11-25,8,0,0,0,1,0,0,0,1,0,0.0,0.194377,0,0.0,0,313,1,3,0.135,0.2821,GREEN,32,Chennai
CLM0012096,CHE_05669,T Nagar,2025-11-12,13,0,0,0,0,0,1,0,0,0,1.0,0.353713,0,0.0,0,399,0,0,0.6158,0.1726,GREEN,41,Chennai
CLM0012097,CHE_06816,Chromepet,2024-12-07,18,0,0,0,0,0,0,0,0,0,0.0,0.298624,0,0.0,0,196,2,2,0.5879,0.056,GREEN,44,Chennai
CLM0012098,CHE_06239,Velachery,2024-07-16,17,0,0,0,0,0,0,0,0,0,0.0,0.23482,0,0.0,0,10,0,7,0.661,0.0,GREEN,49,Chennai
CLM0012099,CHE_02080,Anna Nagar,2023-03-02,18,0,0,0,0,0,0,0,0,0,0.0,0.299626,0,0.0,0,155,2,5,0.8933,0.0168,GREEN,32,Chennai
CLM0012100,CHE_06522,Adyar,2022-04-03,18,0,0,0,0,0,0,0,0,0,0.0,0.105,0,0.0,0,23,3,4,0.8518,0.0,GREEN,30,Chennai
CLM0012101,CHE_09330,Porur,2023-09-23,12,0,0,0,0,0,0,0,0,0,0.0,0.932305,0,0.0,0,156,3,3,0.0822,0.0769,GREEN,26,Chennai
CLM0012102,CHE_02146,Perambur,2024-08-01,17,0,1,1,0,0,0,0,0,0,0.0,0.208846,0,0.0,0,404,3,2,0.7941,0.0,GREEN,37,Chennai
CLM0012103,CHE_08896,Perambur,2022-02-18,11,0,0,0,0,0,0,0,0,0,0.0,0.136579,0,0.0,0,414,2,6,0.6871,0.0,GREEN,28,Chennai
CLM0012104,CHE_06599,Anna Nagar,2021-03-04,17,0,1,1,0,0,0,0,0,0,0.0,0.0,0,0.0,0,248,0,0,0.9361,0.4978,YELLOW,40,Chennai
CLM0012105,CHE_02982,Adyar,2023-07-01,9,0,1,1,0,0,1,1,0,0,1.0,0.402015,0,1.0,1,5,1,18,0.3621,0.303,GREEN,43,Chennai
CLM0012106,CHE_05679,Sholinganallur,2025-12-30,19,0,0,0,0,1,0,0,0,1,0.0,0.376472,0,0.0,1,200,4,4,0.9491,0.3036,GREEN,44,Chennai
CLM0012107,CHE_09619,Perambur,2023-07-31,7,0,0,0,0,0,0,0,1,0,1.0,0.329937,0,0.0,0,420,3,0,0.5539,0.1008,GREEN,41,Chennai
CLM0012108,CHE_04660,Perambur,2024-10-25,13,0,0,0,0,0,0,0,1,0,0.0,0.362803,0,0.0,0,176,2,2,0.8879,0.1403,GREEN,31,Chennai
CLM0012109,CHE_03168,Chromepet,2024-05-05,20,0,0,0,1,1,0,1,0,0,1.0,0.332766,0,1.0,1,49,3,18,0.201,0.0,GREEN,52,Chennai
CLM0012110,CHE_03536,Adyar,2024-01-16,7,0,0,0,0,0,0,0,0,0,0.0,0.332201,0,1.0,0,149,1,3,0.98,0.0,GREEN,41,Chennai
CLM0012111,CHE_02616,Sholinganallur,2025-12-15,13,0,0,0,0,0,0,0,0,0,1.0,0.299949,0,0.0,0,130,1,4,0.9048,0.1367,GREEN,41,Chennai
CLM0012112,CHE_04915,T Nagar,2024-10-15,13,0,0,0,0,0,0,0,0,0,0.0,0.0,0,1.0,0,228,1,0,0.0639,0.0,GREEN,32,Chennai
CLM0012113,CHE_08337,Guindy,2025-11-13,14,0,0,0,0,0,1,0,0,0,0.0,0.38135,0,0.0,0,304,1,2,0.6618,0.0818,GREEN,69,Chennai
CLM0012114,CHE_02622,Guindy,2025-04-21,18,0,0,0,0,0,0,0,0,0,0.0,0.0,0,0.0,0,63,4,5,0.1506,0.0448,GREEN,62,Chennai
CLM0012115,CHE_07483,Perambur,2019-12-28,13,0,0,0,0,0,0,0,0,0,1.0,0.359351,0,0.0,1,37,3,0,0.7053,0.0342,GREEN,48,Chennai
CLM0012116,CHE_06097,Sholinganallur,2020-08-26,21,0,0,0,0,0,0,0,0,0,0.0,0.258993,0,0.0,0,180,1,4,0.7912,0.0681,GREEN,32,Chennai
CLM0012117,CHE_08783,Anna Nagar,2025-08-15,11,0,0,0,0,0,0,0,0,0,0.0,0.09725,0,0.0,1,57,3,2,0.5004,0.0939,GREEN,50,Chennai
CLM0012118,CHE_03630,Tambaram,2025-08-04,17,0,0,0,0,0,0,0,0,0,0.0,0.043217,0,0.0,0,18,3,4,0.7716,0.0,GREEN,29,Chennai
CLM0012119,CHE_02114,Velachery,2025-07-04,19,0,0,0,0,0,0,0,0,0,1.0,1.0,0,0.0,0,420,2,2,0.3792,0.0609,GREEN,39,Chennai
CLM0012120,CHE_05877,Velachery,2025-08-10,21,0,0,0,0,0,0,0,0,0,0.0,0.069295,0,0.0,0,177,4,0,0.1583,0.0376,GREEN,39,Chennai
CLM0012121,CHE_02904,Sholinganallur,2025-12-09,20,0,0,0,0,0,0,0,0,1,0.0,0.317529,0,0.0,0,420,3,1,0.913,0.0553,GREEN,36,Chennai
CLM0012122,CHE_06806,Porur,2024-09-01,9,0,1,1,0,0,0,0,0,0,0.0,0.027786,0,0.0,0,176,0,4,0.98,0.0,GREEN,45,Chennai
CLM0012123,CHE_08937,Velachery,2022-12-10,13,0,0,0,0,0,0,1,0,0,0.0,0.219252,0,0.0,0,290,2,4,0.7873,0.0493,GREEN,28,Chennai
CLM0012124,CHE_07401,T Nagar,2025-10-24,17,0,0,0,0,0,0,0,0,0,0.0,0.107524,0,0.0,0,287,2,0,0.98,0.0,GREEN,48,Chennai
CLM0012125,CHE_03794,Sholinganallur,2024-04-05,19,0,0,0,0,0,1,0,0,0,0.0,0.0,1,0.0,0,203,1,6,0.6038,0.2298,GREEN,25,Chennai
CLM0012126,CHE_04484,Adyar,2021-08-18,7,0,0,0,0,0,0,0,1,0,0.0,0.150324,0,0.0,1,420,4,0,0.7093,0.11,GREEN,32,Chennai
CLM0012127,CHE_07793,T Nagar,2019-04-13,10,0,0,0,0,0,0,0,0,0,0.0,0.966829,0,0.0,0,197,2,2,0.05,0.0,GREEN,36,Chennai
CLM0012128,CHE_04293,Perambur,2024-11-02,18,0,0,0,0,0,0,0,0,0,0.0,1.0,0,0.0,0,361,1,0,0.6949,0.042,GREEN,33,Chennai
CLM0012129,CHE_05307,Guindy,2021-06-01,14,0,0,0,0,0,0,0,0,0,0.0,0.229391,0,0.0,0,239,0,2,0.7568,0.0,GREEN,41,Chennai
CLM0012130,CHE_01484,Anna Nagar,2020-08-25,20,0,0,0,1,0,0,0,0,0,0.0,0.183227,0,0.0,0,403,4,0,0.8484,0.1447,GREEN,30,Chennai
CLM0012131,CHE_03683,Chromepet,2024-06-09,20,0,0,0,1,0,0,0,0,0,0.0,0.265963,1,0.0,0,289,0,8,0.5587,0.0,GREEN,50,Chennai
CLM0012132,CHE_03576,Sholinganallur,2024-08-12,13,0,0,0,0,0,0,1,0,0,0.0,0.0,0,0.0,0,205,3,4,0.98,0.1425,GREEN,21,Chennai
CLM0012133,CHE_07346,Chromepet,2025-08-03,21,0,0,0,0,0,0,0,1,0,1.0,0.15397,0,0.0,0,420,2,3,0.5924,0.1386,GREEN,56,Chennai
CLM0012134,CHE_00220,Velachery,2025-12-22,21,0,0,0,0,0,0,0,0,0,0.0,0.0,0,0.0,0,338,1,0,0.1898,0.0712,GREEN,42,Chennai
CLM0012135,CHE_00232,Tambaram,2024-05-12,17,0,0,0,0,0,0,1,0,0,1.0,0.005144,0,0.0,0,310,2,0,0.9212,0.1445,GREEN,32,Chennai
CLM0012136,CHE_09856,Perambur,2024-08-07,8,0,0,0,1,0,0,0,0,0,0.0,0.163205,0,0.0,0,234,4,4,0.9258,0.2598,GREEN,37,Chennai
CLM0012137,CHE_02361,Sholinganallur,2023-09-25,8,0,0,0,0,0,0,0,0,0,0.0,0.102221,0,0.0,0,49,1,3,0.858,0.0145,GREEN,56,Chennai
CLM0012138,CHE_07439,Porur,2024-05-22,10,0,0,0,0,0,0,0,0,0,1.0,0.195748,0,0.0,0,53,2,0,0.9414,0.0243,GREEN,39,Chennai
CLM0012139,CHE_09145,Tambaram,2025-07-09,12,0,0,0,0,0,0,0,0,0,1.0,1.0,0,1.0,0,110,4,4,0.738,0.0382,GREEN,24,Chennai
CLM0012140,CHE_07675,Velachery,2023-08-29,15,0,0,0,0,0,1,0,0,0,0.0,0.28879,0,0.0,0,85,3,0,0.7591,0.0873,GREEN,32,Chennai
CLM0012141,CHE_04674,Tambaram,2024-12-10,11,0,0,0,0,0,1,0,1,0,0.0,0.2862,0,0.0,0,333,1,0,0.0802,0.1527,GREEN,45,Chennai
CLM0012142,CHE_08302,Chromepet,2023-08-06,13,0,0,0,0,0,0,1,0,0,0.0,0.240656,0,0.0,0,420,1,1,0.2202,0.1232,GREEN,45,Chennai
CLM0012143,CHE_07452,T Nagar,2025-12-26,9,0,0,0,0,0,0,0,0,0,0.0,1.0,0,0.0,0,420,0,4,0.2229,0.0,GREEN,42,Chennai
CLM0012144,CHE_04180,Perambur,2021-12-07,9,0,0,0,0,0,1,0,0,0,0.0,0.105615,1,0.0,0,180,4,0,0.5064,0.1562,GREEN,30,Chennai
CLM0012145,CHE_01692,Tambaram,2023-12-07,10,0,0,0,0,0,0,0,0,0,0.0,0.126858,0,0.0,0,6,2,2,0.7599,0.0267,GREEN,30,Chennai
CLM0012146,CHE_03372,Chromepet,2021-06-18,19,0,1,1,0,0,0,0,0,0,0.0,0.0,1,0.0,0,420,0,0,0.6497,0.0607,GREEN,29,Chennai
CLM0012147,CHE_01292,Tambaram,2023-06-24,14,0,0,0,0,0,0,1,0,0,0.0,0.182193,0,0.0,0,45,4,3,0.6269,0.0,GREEN,47,Chennai
CLM0012148,CHE_08484,Tambaram,2023-09-21,16,0,0,0,0,0,0,1,0,0,0.0,0.318363,0,0.0,0,116,4,3,0.7887,0.0929,GREEN,30,Chennai
CLM0012149,CHE_07742,Guindy,2019-07-22,12,0,0,0,0,0,0,0,0,0,0.0,0.302426,0,0.0,0,205,0,0,0.2188,0.0092,GREEN,56,Chennai
CLM0012150,CHE_03739,Sholinganallur,2023-03-15,18,0,0,0,0,0,0,0,0,0,0.0,0.09637,0,0.0,0,121,1,0,0.3287,0.0478,GREEN,35,Chennai
CLM0012151,CHE_04970,Tambaram,2024-08-24,10,0,0,0,0,0,1,0,0,0,0.0,0.146012,0,0.0,0,420,1,1,0.6112,0.1191,GREEN,33,Chennai
CLM0012152,CHE_06466,Porur,2020-09-01,20,0,0,0,0,0,0,0,0,0,0.0,0.022063,0,0.0,0,32,2,0,0.5879,0.0,GREEN,31,Chennai
CLM0012153,CHE_09387,T Nagar,2023-04-21,9,0,0,0,0,0,0,0,0,0,1.0,0.508197,0,0.0,0,398,0,1,0.6874,0.0,GREEN,44,Chennai
CLM0012154,CHE_06285,Perambur,2023-10-30,10,0,0,0,0,1,0,0,0,0,0.0,0.14881,0,0.0,0,71,2,5,0.8706,0.1772,GREEN,52,Chennai
CLM0012155,CHE_01274,Sholinganallur,2025-05-13,18,0,0,0,0,0,0,0,0,0,0.0,0.044789,0,0.0,0,135,2,6,0.5973,0.0,GREEN,36,Chennai
CLM0012156,CHE_06227,Porur,2024-03-09,16,0,0,0,0,0,0,0,0,1,0.0,0.0,0,0.0,0,420,2,8,0.8884,0.0816,GREEN,28,Chennai
CLM0012157,CHE_00779,Chromepet,2025-08-30,16,0,0,0,0,0,0,0,0,0,0.0,0.288946,0,0.0,1,172,0,4,0.2799,0.0,GREEN,43,Chennai
CLM0012158,CHE_00093,Tambaram,2023-11-04,10,0,0,0,0,0,1,0,0,1,0.0,0.098222,0,0.0,0,420,0,2,0.6702,0.2347,GREEN,35,Chennai
CLM0012159,CHE_09208,Sholinganallur,2023-07-01,11,0,0,0,0,0,0,0,0,0,1.0,0.007849,0,0.0,0,420,0,1,0.7141,0.1355,GREEN,33,Chennai
CLM0012160,CHE_06394,Porur,2025-09-22,8,0,0,0,0,0,0,0,0,0,0.0,0.20455,0,0.0,0,219,1,0,0.4681,0.089,GREEN,24,Chennai
CLM0012161,CHE_06729,Anna Nagar,2025-11-03,20,0,0,0,0,0,0,0,0,0,0.0,0.312368,0,0.0,0,420,4,1,0.7778,0.0,GREEN,55,Chennai
CLM0012162,CHE_08868,Guindy,2025-03-14,15,0,0,0,0,0,1,0,0,0,0.0,0.148185,0,0.0,0,404,3,0,0.5591,0.1261,GREEN,33,Chennai
CLM0012163,CHE_00058,Anna Nagar,2025-07-03,18,0,0,0,0,0,0,0,0,0,0.0,0.229432,0,0.0,0,102,2,7,0.98,0.0806,GREEN,31,Chennai
CLM0012164,CHE_00757,T Nagar,2025-12-29,16,0,0,0,0,0,0,0,0,0,0.0,0.427495,1,0.0,0,64,1,1,0.5798,0.0083,GREEN,34,Chennai
CLM0012165,CHE_08896,Perambur,2025-02-24,12,0,0,0,0,0,0,0,0,0,0.0,0.108918,0,0.0,0,420,2,0,0.7921,0.0986,GREEN,28,Chennai
CLM0012166,CHE_02709,T Nagar,2025-05-07,21,0,0,0,0,0,0,0,0,0,0.0,0.427292,0,0.0,1,141,0,5,0.789,0.0678,GREEN,48,Chennai
CLM0012167,CHE_00485,Perambur,2025-07-09,11,0,0,0,0,0,0,0,0,0,1.0,0.243293,0,0.0,0,278,1,2,0.98,0.07,GREEN,47,Chennai
CLM0012168,CHE_07005,Guindy,2025-12-18,19,0,0,0,0,0,0,0,0,0,0.0,0.18594,1,0.0,0,420,3,5,0.8221,0.094,GREEN,36,Chennai
CLM0012169,CHE_06486,Velachery,2025-03-16,17,0,0,0,0,0,0,0,0,0,1.0,0.299039,0,0.0,0,400,2,0,0.8022,0.0739,GREEN,37,Chennai
CLM0012170,CHE_02382,Perambur,2025-10-23,11,0,0,0,0,0,0,0,0,0,0.0,0.155594,0,0.0,0,74,2,6,0.8414,0.0,GREEN,32,Chennai
CLM0012171,CHE_04961,Guindy,2025-06-07,13,0,0,0,0,0,0,1,0,0,1.0,0.269781,0,0.0,0,72,2,3,0.4491,0.1512,GREEN,38,Chennai
CLM0012172,CHE_04022,Adyar,2024-08-03,21,0,0,0,0,0,0,0,0,0,0.0,0.177226,1,0.0,0,234,0,3,0.7194,0.0827,GREEN,63,Chennai
CLM0012173,CHE_06205,Adyar,2025-05-07,17,0,0,0,0,0,0,0,0,0,1.0,0.340748,0,0.0,1,77,2,2,0.7439,0.1217,GREEN,25,Chennai
CLM0012174,CHE_09062,T Nagar,2025-12-01,16,0,0,0,0,0,0,0,0,0,0.0,0.346852,0,0.0,0,330,3,3,0.2263,0.0,GREEN,51,Chennai
CLM0012175,CHE_06459,Guindy,2025-01-05,12,0,0,0,0,0,0,0,0,0,0.0,0.155373,0,0.0,0,344,0,1,0.8963,0.0353,GREEN,28,Chennai
CLM0012176,CHE_00301,Guindy,2025-10-06,7,0,0,0,0,0,0,0,1,0,0.0,0.127928,0,0.0,0,9,0,4,0.8082,0.0479,GREEN,36,Chennai
CLM0012177,CHE_01447,Velachery,2023-12-02,13,0,0,0,0,0,1,1,0,0,0.0,0.173929,0,0.0,0,273,3,2,0.1168,0.1451,GREEN,45,Chennai
CLM0012178,CHE_02657,Adyar,2024-05-16,14,0,0,0,0,0,0,0,0,0,0.0,0.347309,0,0.0,0,61,2,0,0.8477,0.0528,GREEN,26,Chennai
CLM0012179,CHE_02596,Anna Nagar,2025-01-16,14,0,0,0,0,0,1,0,0,0,0.0,0.13885,0,0.0,0,349,1,0,0.759,0.0888,GREEN,40,Chennai
CLM0012180,CHE_04526,Perambur,2023-05-15,16,0,0,0,0,0,0,0,0,0,0.0,1.0,0,0.0,0,420,4,5,0.9025,0.1985,GREEN,33,Chennai
CLM0012181,CHE_09489,Porur,2021-10-29,8,0,0,0,0,0,0,0,0,0,0.0,0.053789,0,0.0,1,81,3,0,0.3812,0.1115,GREEN,36,Chennai
CLM0012182,CHE_06286,Velachery,2025-01-17,15,0,0,0,0,0,0,0,0,0,1.0,0.11308,0,0.0,0,420,1,4,0.4885,0.1258,GREEN,43,Chennai
CLM0012183,CHE_01907,Chromepet,2024-12-10,16,0,0,0,0,0,0,0,0,0,0.0,0.104729,0,1.0,1,380,2,2,0.7933,0.0,GREEN,33,Chennai
CLM0012184,CHE_07356,Porur,2025-02-10,15,0,0,0,0,0,0,0,0,0,0.0,0.016912,0,0.0,0,220,0,0,0.164,0.0331,GREEN,24,Chennai
CLM0012185,CHE_05692,Porur,2024-04-13,14,0,0,0,1,0,0,0,0,0,0.0,0.08336,0,0.0,0,420,4,4,0.2603,0.194,GREEN,29,Chennai
CLM0012186,CHE_07281,Sholinganallur,2025-12-01,9,0,0,0,0,0,0,0,0,0,0.0,0.444107,0,0.0,0,136,0,4,0.8672,0.0841,GREEN,32,Chennai
CLM0012187,CHE_08605,Anna Nagar,2024-10-25,9,0,0,0,0,0,0,0,1,0,0.0,0.28885,0,0.0,0,29,1,2,0.547,0.0803,GREEN,33,Chennai
CLM0012188,CHE_02961,Velachery,2020-05-09,9,0,0,0,0,0,0,0,0,0,0.0,0.073627,0,0.0,0,95,4,4,0.6215,0.0,GREEN,52,Chennai
CLM0012189,CHE_02548,Porur,2018-12-23,11,0,0,0,0,0,0,0,0,0,1.0,0.36352,0,0.0,0,44,3,2,0.5693,0.073,GREEN,31,Chennai
CLM0012190,CHE_06085,Sholinganallur,2025-05-11,15,0,0,0,0,0,0,0,1,0,0.0,0.072289,0,0.0,0,415,3,0,0.7933,0.0667,GREEN,33,Chennai
CLM0012191,CHE_08688,Chromepet,2018-03-08,17,0,0,0,0,0,0,0,0,1,0.0,0.284009,0,0.0,0,139,3,1,0.7448,0.1205,GREEN,36,Chennai
CLM0012192,CHE_00149,Tambaram,2019-05-13,8,0,0,0,0,0,0,0,0,0,0.0,0.285193,0,0.0,0,420,2,3,0.7572,0.0,GREEN,31,Chennai
CLM0012193,CHE_00059,T Nagar,2025-02-14,17,0,0,0,0,0,0,1,0,0,0.0,0.220518,0,0.0,0,5,2,0,0.7621,0.0788,GREEN,32,Chennai
CLM0012194,CHE_09143,Adyar,2025-10-13,19,0,0,0,0,0,0,0,0,0,1.0,0.108405,1,0.0,0,36,1,5,0.4968,0.1325,GREEN,51,Chennai
CLM0012195,CHE_05259,Sholinganallur,2025-11-01,17,0,0,0,0,0,0,0,0,0,1.0,0.104291,0,0.0,0,268,2,0,0.6384,0.0956,GREEN,44,Chennai
CLM0012196,CHE_05774,Adyar,2024-09-22,16,0,0,0,0,0,1,0,1,0,0.0,0.983743,0,0.0,0,235,0,1,0.7442,0.172,GREEN,18,Chennai
CLM0012197,CHE_00322,Anna Nagar,2025-07-31,20,0,0,0,0,0,0,0,0,0,0.0,0.123742,0,0.0,0,290,4,1,0.8505,0.0,GREEN,58,Chennai
CLM0012198,CHE_06482,Tambaram,2025-06-15,21,0,0,0,0,0,0,0,0,0,0.0,1.0,0,0.0,0,314,0,6,0.8706,0.0,GREEN,44,Chennai
CLM0012199,CHE_06012,T Nagar,2021-04-05,10,0,0,0,0,0,1,0,0,0,0.0,1.0,0,0.0,0,178,2,1,0.4043,0.1005,GREEN,41,Chennai
CLM0012200,CHE_03687,Anna Nagar,2020-01-21,17,0,0,0,0,0,1,0,0,0,0.0,0.181953,0,0.0,0,241,3,3,0.7399,0.1838,GREEN,27,Chennai
CLM0012201,CHE_00690,T Nagar,2025-07-16,16,0,0,0,0,0,0,0,0,0,0.0,0.071123,0,0.0,1,117,4,3,0.4564,0.0592,GREEN,35,Chennai
CLM0012202,CHE_00721,Anna Nagar,2022-04-27,16,0,0,0,0,0,0,0,0,0,0.0,0.089268,0,0.0,0,365,2,3,0.98,0.0631,GREEN,49,Chennai
CLM0012203,CHE_09922,Anna Nagar,2021-08-22,20,0,0,0,0,0,1,0,0,0,0.0,0.232481,0,0.0,0,390,0,3,0.6486,0.059,GREEN,36,Chennai
CLM0012204,CHE_07285,Anna Nagar,2021-11-25,20,0,1,1,0,0,0,0,0,0,1.0,0.0,0,0.0,0,349,3,1,0.6483,0.0498,GREEN,26,Chennai
CLM0012205,CHE_05024,Perambur,2020-02-16,14,0,0,0,1,1,0,1,1,1,1.0,0.330507,0,1.0,0,17,1,18,0.2856,0.0188,GREEN,47,Chennai
CLM0012206,CHE_03110,Chromepet,2020-10-25,19,0,0,0,0,0,0,0,0,0,0.0,0.243464,0,0.0,0,20,3,1,0.98,0.0,GREEN,33,Chennai
CLM0012207,CHE_07398,Adyar,2019-10-06,21,0,0,0,0,0,0,0,0,0,0.0,0.191224,0,0.0,0,75,3,1,0.5039,0.0841,GREEN,41,Chennai
CLM0012208,CHE_08356,Velachery,2024-06-09,9,0,0,0,0,0,0,0,0,0,0.0,0.064783,0,0.0,1,250,3,0,0.7535,0.0147,GREEN,22,Chennai
CLM0012209,CHE_02865,Adyar,2022-08-24,7,0,0,0,0,0,1,0,0,0,0.0,0.125699,0,0.0,0,420,2,3,0.7991,0.1662,GREEN,38,Chennai
CLM0012210,CHE_06779,Anna Nagar,2025-05-18,21,0,0,0,0,0,0,0,0,1,0.0,0.232925,0,0.0,0,95,0,6,0.6894,0.1843,GREEN,25,Chennai
CLM0012211,CHE_03932,Adyar,2025-08-05,9,0,0,0,0,1,0,0,0,0,0.0,0.289329,0,0.0,0,120,4,4,0.5434,0.1092,GREEN,20,Chennai
CLM0012212,CHE_02065,Porur,2023-10-23,11,0,0,0,0,0,0,0,0,0,0.0,0.366754,0,0.0,0,292,0,0,0.4506,0.0,GREEN,42,Chennai
CLM0012213,CHE_09920,T Nagar,2022-10-27,10,0,0,0,0,0,0,0,0,0,0.0,0.291815,0,0.0,1,31,2,0,0.6231,0.0078,GREEN,34,Chennai
CLM0012214,CHE_03226,T Nagar,2024-07-18,10,0,0,0,0,0,0,0,0,0,0.0,0.100281,0,0.0,0,410,2,2,0.7621,0.0108,GREEN,44,Chennai
CLM0012215,CHE_09328,Adyar,2025-06-25,10,0,0,0,0,1,1,0,0,0,0.0,0.167785,0,0.0,0,254,1,0,0.3485,0.332,YELLOW,47,Chennai
CLM0012216,CHE_02857,Porur,2023-01-25,11,0,0,0,0,0,0,0,0,0,1.0,0.903798,0,1.0,0,286,2,3,0.6733,0.0305,GREEN,38,Chennai
CLM0012217,CHE_05707,Perambur,2025-02-06,19,0,0,0,0,0,0,0,0,0,0.0,0.300129,0,0.0,0,178,4,1,0.0978,0.0,GREEN,23,Chennai
CLM0012218,CHE_02775,Porur,2023-08-11,21,0,0,0,0,0,0,0,0,0,1.0,0.395256,0,1.0,0,420,4,0,0.7555,0.0992,GREEN,29,Chennai
CLM0012219,CHE_05471,Porur,2024-02-27,7,0,0,0,0,0,0,0,0,0,0.0,0.357101,0,0.0,0,266,2,1,0.4792,0.0021,GREEN,35,Chennai
CLM0012220,CHE_01369,Velachery,2021-07-22,20,0,0,0,0,0,0,0,0,0,0.0,0.316515,0,0.0,0,395,2,1,0.7624,0.0804,GREEN,44,Chennai
CLM0012221,CHE_00897,Porur,2024-05-16,15,0,0,0,0,0,0,0,0,0,0.0,0.140801,0,0.0,0,405,1,0,0.7856,0.059,GREEN,28,Chennai
CLM0012222,CHE_08324,Chromepet,2024-12-31,7,0,0,0,1,0,0,0,0,0,0.0,0.357317,0,0.0,0,88,0,4,0.6251,0.1913,GREEN,52,Chennai
CLM0012223,CHE_03248,Adyar,2025-06-14,11,0,0,0,0,0,0,0,0,0,0.0,0.365614,0,0.0,0,234,0,0,0.7359,0.0,GREEN,36,Chennai
CLM0012224,CHE_05504,T Nagar,2022-12-15,15,0,0,0,0,0,0,0,1,0,0.0,0.320729,0,0.0,0,420,0,0,0.6632,0.0,GREEN,64,Chennai
CLM0012225,CHE_04592,Adyar,2023-03-12,19,0,0,0,0,0,0,0,0,0,0.0,0.3603,0,0.0,0,420,1,5,0.6447,0.0499,GREEN,53,Chennai
CLM0012226,CHE_01236,Guindy,2025-01-19,18,0,0,0,1,0,0,0,0,0,0.0,0.056364,0,0.0,0,420,0,2,0.6608,0.0087,GREEN,60,Chennai
CLM0012227,CHE_07696,T Nagar,2024-09-10,15,0,0,0,0,0,0,0,0,0,1.0,0.21052,0,0.0,0,245,3,3,0.1298,0.0,GREEN,51,Chennai
CLM0012228,CHE_08987,T Nagar,2023-12-28,12,0,0,0,0,0,0,0,1,0,0.0,0.331438,0,0.0,0,148,3,5,0.844,0.0,GREEN,26,Chennai
CLM0012229,CHE_07112,T Nagar,2022-12-27,12,0,0,0,0,0,0,0,0,1,0.0,0.304246,0,0.0,0,328,4,3,0.755,0.1588,GREEN,33,Chennai
CLM0012230,CHE_05047,T Nagar,2024-06-13,12,0,0,0,0,0,0,0,1,0,0.0,0.325519,0,0.0,0,289,4,1,0.7796,0.0805,GREEN,45,Chennai
CLM0012231,CHE_04040,Guindy,2025-01-13,12,0,0,0,0,0,0,0,0,0,0.0,0.308688,0,0.0,0,33,1,5,0.7902,0.0,GREEN,40,Chennai
CLM0012232,CHE_07880,Adyar,2022-07-09,7,0,0,0,0,0,0,0,0,0,0.0,0.159361,0,0.0,0,247,1,0,0.7717,0.0781,GREEN,37,Chennai
CLM0012233,CHE_04536,Porur,2025-04-10,9,0,0,0,0,0,0,0,0,0,0.0,0.3504,1,0.0,0,382,0,1,0.7283,0.1099,GREEN,18,Chennai
CLM0012234,CHE_07063,Velachery,2024-08-11,19,0,0,0,0,0,0,0,0,0,0.0,0.316018,0,0.0,0,103,4,3,0.9269,0.0301,GREEN,32,Chennai
CLM0012235,CHE_00398,Anna Nagar,2023-08-14,21,0,0,0,0,0,0,0,0,0,0.0,0.223838,0,0.0,0,420,2,0,0.7095,0.098,GREEN,39,Chennai
CLM0012236,CHE_04332,Chromepet,2024-09-30,20,0,0,0,0,0,0,0,1,0,0.0,0.238731,0,0.0,0,420,3,3,0.0595,0.096,GREEN,32,Chennai
CLM0012237,CHE_07919,Adyar,2023-08-30,14,0,0,0,0,0,0,0,0,0,1.0,0.309614,1,0.0,0,410,0,6,0.4421,0.0707,GREEN,63,Chennai
CLM0012238,CHE_02294,T Nagar,2023-08-19,10,0,0,0,0,0,0,0,0,0,0.0,0.327488,0,0.0,0,165,3,1,0.98,0.1124,GREEN,57,Chennai
CLM0012239,CHE_09152,Anna Nagar,2024-06-19,7,0,0,0,0,0,1,0,0,0,0.0,1.0,0,0.0,0,184,1,3,0.1283,0.0846,GREEN,42,Chennai
CLM0012240,CHE_02923,Anna Nagar,2025-12-13,20,0,0,0,0,0,0,0,0,0,1.0,0.238969,0,0.0,0,162,2,0,0.9677,0.1364,GREEN,50,Chennai
CLM0012241,CHE_06189,Anna Nagar,2021-10-14,14,0,0,0,0,0,0,0,0,0,0.0,1.0,0,0.0,0,185,0,1,0.0523,0.0,GREEN,50,Chennai
CLM0012242,CHE_07902,Perambur,2021-10-27,14,0,0,0,0,0,0,0,0,0,0.0,0.238615,0,0.0,0,353,4,2,0.8127,0.0244,GREEN,45,Chennai
CLM0012243,CHE_07683,Tambaram,2023-03-06,11,0,0,0,0,0,0,0,0,0,0.0,0.069107,0,0.0,0,420,4,4,0.6886,0.0448,GREEN,32,Chennai
CLM0012244,CHE_09703,Guindy,2025-05-10,16,0,0,0,0,1,0,0,0,0,0.0,0.226528,0,0.0,0,393,1,1,0.98,0.1825,GREEN,37,Chennai
CLM0012245,CHE_05487,Chromepet,2023-10-09,13,0,0,0,0,0,0,0,0,0,0.0,1.0,0,0.0,0,282,4,0,0.6585,0.0,GREEN,40,Chennai
CLM0012246,CHE_05211,Anna Nagar,2025-10-10,20,0,0,0,0,0,0,1,0,0,0.0,0.932577,0,0.0,0,212,0,2,0.1123,0.0565,GREEN,47,Chennai
CLM0012247,CHE_09891,Porur,2024-09-16,9,0,0,0,0,0,0,0,0,0,0.0,0.115373,0,0.0,0,259,2,5,0.9695,0.0323,GREEN,34,Chennai
CLM0012248,CHE_03825,Porur,2024-07-16,20,0,0,0,0,0,0,0,0,0,1.0,0.398948,0,0.0,0,291,4,1,0.98,0.0912,GREEN,19,Chennai
CLM0012249,CHE_05327,Porur,2024-07-14,13,0,0,0,0,0,0,0,1,0,0.0,0.143327,0,0.0,0,25,2,2,0.98,0.0708,GREEN,37,Chennai
CLM0012250,CHE_06350,Sholinganallur,2023-03-01,13,0,0,0,0,0,0,0,0,0,0.0,0.069972,0,1.0,0,229,2,5,0.9506,0.1131,GREEN,26,Chennai
CLM0012251,CHE_06827,Porur,2023-06-29,17,0,0,0,0,0,0,0,0,0,1.0,0.298763,0,0.0,0,411,1,2,0.7102,0.0362,GREEN,54,Chennai
CLM0012252,CHE_06501,Anna Nagar,2025-10-07,21,0,0,0,1,0,0,0,1,0,0.0,1.0,0,1.0,0,150,0,0,0.5703,0.2495,GREEN,42,Chennai
CLM0012253,CHE_09976,Anna Nagar,2024-01-05,21,0,0,0,0,0,0,0,0,0,0.0,0.037237,0,0.0,0,218,0,3,0.8644,0.0025,GREEN,51,Chennai
CLM0012254,CHE_06516,Guindy,2025-04-10,16,0,0,0,0,0,1,0,0,0,0.0,0.40728,0,0.0,0,420,4,3,0.6963,0.0748,GREEN,53,Chennai
CLM0012255,CHE_02810,Anna Nagar,2019-11-03,15,0,0,0,1,0,0,0,0,0,0.0,0.246445,0,0.0,0,351,3,0,0.9435,0.102,GREEN,34,Chennai
CLM0012256,CHE_07551,Guindy,2024-03-19,17,0,0,0,0,0,0,0,0,1,0.0,0.084871,0,0.0,0,233,1,4,0.7776,0.1119,GREEN,29,Chennai
CLM0012257,CHE_09027,Velachery,2021-06-06,7,0,0,0,1,0,1,0,0,0,0.0,0.187758,0,0.0,0,420,1,2,0.7149,0.2731,GREEN,39,Chennai
CLM0012258,CHE_02207,Anna Nagar,2017-08-29,14,0,0,0,1,0,0,0,0,0,0.0,0.950771,0,0.0,0,326,2,3,0.98,0.2092,GREEN,29,Chennai
CLM0012259,CHE_02096,T Nagar,2025-12-28,18,0,0,0,0,0,1,0,0,0,0.0,0.262721,0,0.0,0,298,4,1,0.6512,0.0892,GREEN,55,Chennai
CLM0012260,CHE_01759,Porur,2025-04-01,20,0,1,1,1,0,0,0,0,0,0.0,0.027182,0,0.0,0,47,4,0,0.8888,0.2475,GREEN,31,Chennai
CLM0012261,CHE_00686,Tambaram,2022-06-26,14,0,0,0,1,1,0,1,0,1,1.0,1.0,0,1.0,0,5,1,18,0.2909,0.0358,GREEN,38,Chennai
CLM0012262,CHE_04834,Chromepet,2019-01-28,12,0,0,0,0,0,0,0,1,0,0.0,0.221012,0,0.0,0,383,1,1,0.8957,0.0735,GREEN,43,Chennai
CLM0012263,CHE_00117,Adyar,2024-10-04,13,0,0,0,0,0,0,0,0,0,0.0,0.215092,0,0.0,0,420,0,3,0.7567,0.0129,GREEN,27,Chennai
CLM0012264,CHE_06206,Velachery,2019-06-24,10,0,0,0,0,0,0,0,0,0,1.0,0.359793,0,0.0,0,166,4,0,0.8291,0.0584,GREEN,30,Chennai
CLM0012265,CHE_03067,Tambaram,2023-03-28,10,0,0,0,0,0,0,1,0,0,0.0,0.173399,0,0.0,0,50,2,3,0.6731,0.0466,GREEN,45,Chennai
CLM0012266,CHE_07952,Chromepet,2023-07-04,20,0,0,0,0,0,0,0,1,1,1.0,0.351778,0,1.0,0,420,2,5,0.7006,0.2319,GREEN,52,Chennai
CLM0012267,CHE_01291,Chromepet,2021-10-26,16,0,0,0,0,0,0,0,0,0,0.0,0.407841,0,0.0,0,53,0,0,0.8187,0.0,GREEN,36,Chennai
CLM0012268,CHE_04858,Sholinganallur,2022-04-27,7,0,0,0,0,0,0,0,0,0,0.0,0.175627,0,0.0,0,337,1,1,0.5408,0.0838,GREEN,35,Chennai
CLM0012269,CHE_05683,Guindy,2018-11-01,15,0,1,1,0,0,0,0,1,0,1.0,0.039709,0,0.0,0,276,2,4,0.98,0.256,GREEN,50,Chennai
CLM0012270,CHE_07964,Perambur,2020-11-22,20,0,0,0,0,0,0,0,0,0,0.0,0.32162,0,0.0,0,5,2,3,0.2504,0.0234,GREEN,35,Chennai
CLM0012271,CHE_08364,Anna Nagar,2025-02-04,20,0,0,0,0,1,0,0,0,0,0.0,0.341288,0,0.0,0,409,1,5,0.2345,0.257,GREEN,24,Chennai
CLM0012272,CHE_00937,Anna Nagar,2023-08-07,20,0,0,0,0,0,0,0,0,0,0.0,0.0,0,0.0,0,64,4,0,0.5089,0.0117,GREEN,40,Chennai
CLM0012273,CHE_03106,Guindy,2024-12-08,17,0,0,0,0,0,1,0,0,0,0.0,0.168102,0,0.0,0,361,1,0,0.4562,0.0321,GREEN,55,Chennai
CLM0012274,CHE_08165,Chromepet,2024-05-16,13,0,0,0,0,1,0,0,0,0,0.0,0.262622,0,0.0,0,403,1,0,0.5588,0.0944,GREEN,52,Chennai
CLM0012275,CHE_02215,Anna Nagar,2021-06-13,17,0,0,0,0,0,0,0,0,0,0.0,0.402659,0,0.0,0,309,3,5,0.98,0.0,GREEN,40,Chennai
CLM0012276,CHE_08915,Sholinganallur,2020-07-15,20,0,0,0,1,0,1,1,0,0,0.0,0.118628,1,0.0,0,202,0,3,0.2803,0.4776,YELLOW,32,Chennai
CLM0012277,CHE_02687,Chromepet,2025-05-31,15,0,0,0,0,0,1,0,0,0,0.0,0.210102,1,0.0,0,304,0,5,0.1801,0.2372,GREEN,40,Chennai
CLM0012278,CHE_04678,Porur,2022-07-07,7,0,0,0,0,0,1,0,0,0,0.0,0.127909,0,0.0,0,64,4,2,0.8819,0.1081,GREEN,57,Chennai
CLM0012279,CHE_03449,Sholinganallur,2025-01-26,16,0,0,0,0,0,0,0,0,0,0.0,0.363637,0,0.0,0,150,4,1,0.3178,0.0052,GREEN,46,Chennai
CLM0012280,CHE_07450,Tambaram,2024-09-30,9,0,0,0,1,0,0,0,1,0,1.0,1.0,0,1.0,1,5,0,4,0.9736,0.4196,YELLOW,47,Chennai
CLM0012281,CHE_05264,Perambur,2023-02-03,7,0,0,0,0,0,0,0,0,0,0.0,0.166145,1,0.0,0,263,0,1,0.7079,0.0905,GREEN,42,Chennai
CLM0012282,CHE_01001,Tambaram,2024-10-27,8,0,1,1,0,1,1,1,1,0,1.0,0.899901,1,1.0,1,8,0,14,0.313,0.6709,RED,27,Chennai
CLM0012283,CHE_09741,Guindy,2023-07-25,12,0,1,1,0,0,1,1,0,0,0.0,0.153599,1,0.0,1,5,2,18,0.9235,0.4769,YELLOW,50,Chennai
CLM0012284,CHE_03050,T Nagar,2024-10-28,20,0,1,1,1,1,0,1,1,1,1.0,0.911947,0,1.0,1,43,2,18,0.2771,0.8049,RED,46,Chennai
CLM0012285,CHE_00092,Tambaram,2023-09-30,21,0,1,1,1,0,1,1,1,1,0.0,0.041677,1,0.0,0,5,0,9,0.9481,0.6972,RED,31,Chennai
CLM0012286,CHE_03850,Chromepet,2025-11-29,17,0,1,1,0,0,1,1,1,1,0.0,0.161127,1,0.0,0,33,0,9,0.98,0.5048,YELLOW,56,Chennai
CLM0012287,CHE_04822,Sholinganallur,2023-11-13,7,0,1,1,1,1,1,0,1,1,1.0,0.902485,0,0.0,1,23,1,18,0.05,0.7303,RED,44,Chennai
CLM0012288,CHE_00094,Guindy,2024-08-12,21,0,1,1,1,1,0,1,1,0,0.0,1.0,1,0.0,1,17,0,18,0.05,0.5594,YELLOW,40,Chennai
CLM0012289,CHE_05071,Velachery,2024-01-25,13,0,1,1,1,1,1,1,1,0,1.0,0.950288,0,0.0,1,33,2,18,0.05,0.6927,RED,45,Chennai
CLM0012290,CHE_07706,Guindy,2024-06-25,9,0,1,1,0,1,1,0,0,1,1.0,0.596275,0,1.0,0,5,0,18,0.9241,0.4459,YELLOW,48,Chennai
CLM0012291,CHE_04553,Adyar,2024-11-01,20,0,1,1,0,1,0,1,1,1,1.0,1.0,0,0.0,1,8,1,18,0.3281,0.5456,YELLOW,51,Chennai
CLM0012292,CHE_07983,Porur,2024-03-01,18,0,1,1,1,1,0,1,1,1,0.0,1.0,0,0.0,0,29,2,18,0.9682,0.6128,RED,51,Chennai
CLM0012293,CHE_02764,Adyar,2023-10-13,17,0,0,0,0,0,0,0,0,0,0.0,0.399153,0,0.0,0,208,3,5,0.7806,0.0,GREEN,45,Chennai
CLM0012294,CHE_01992,Perambur,2020-08-02,7,0,0,0,0,0,0,0,0,0,1.0,0.084499,1,0.0,0,188,3,2,0.7804,0.1452,GREEN,35,Chennai
CLM0012295,CHE_03672,Adyar,2022-10-19,21,0,0,0,0,0,0,0,0,0,0.0,0.215951,0,0.0,0,254,4,0,0.8161,0.0102,GREEN,47,Chennai
CLM0012296,CHE_07740,Perambur,2021-11-18,16,0,0,0,0,0,0,1,1,0,0.0,0.020228,0,0.0,0,420,0,0,0.8267,0.1642,GREEN,45,Chennai
CLM0012297,CHE_04132,Velachery,2025-09-03,7,0,1,1,0,0,0,0,0,0,0.0,0.120767,0,0.0,0,121,4,5,0.9372,0.0017,GREEN,34,Chennai
CLM0012298,CHE_07017,Sholinganallur,2020-05-19,8,0,0,0,0,0,0,0,0,0,0.0,0.173313,0,0.0,0,32,3,6,0.6809,0.0,GREEN,18,Chennai
CLM0012299,CHE_03467,Porur,2023-06-18,20,0,0,0,0,0,0,0,0,0,0.0,0.077219,0,0.0,0,420,3,3,0.6386,0.0486,GREEN,34,Chennai
CLM0012300,CHE_08381,Chromepet,2020-03-23,18,0,0,0,0,0,0,0,1,1,0.0,0.309918,0,0.0,0,420,0,1,0.7483,0.2172,GREEN,25,Chennai
CLM0012301,CHE_09929,Chromepet,2022-12-23,7,0,0,0,0,0,0,0,1,0,0.0,0.251298,0,0.0,0,420,0,3,0.7493,0.1158,GREEN,41,Chennai
CLM0012302,CHE_07182,Tambaram,2015-08-17,19,0,0,0,0,0,0,0,1,0,1.0,0.053955,0,0.0,0,336,0,0,0.6637,0.1604,GREEN,22,Chennai
CLM0012303,CHE_05800,Perambur,2025-01-31,12,0,0,0,0,0,1,1,0,0,1.0,0.307041,0,0.0,0,91,0,2,0.894,0.1738,GREEN,39,Chennai
CLM0012304,CHE_07989,Adyar,2023-12-23,11,0,0,0,0,0,0,0,0,0,1.0,1.0,0,1.0,0,97,3,0,0.98,0.0194,GREEN,62,Chennai
CLM0012305,CHE_06939,T Nagar,2015-02-23,14,0,0,0,0,0,0,1,0,0,0.0,0.221612,1,0.0,0,215,2,2,0.7608,0.2152,GREEN,18,Chennai
CLM0012306,CHE_03734,Velachery,2015-02-13,19,0,0,0,0,0,0,0,0,0,0.0,0.064719,0,0.0,0,420,3,2,0.6105,0.0606,GREEN,36,Chennai
CLM0012307,CHE_09567,Chromepet,2022-04-13,7,0,0,0,1,0,0,0,0,0,0.0,0.93525,0,0.0,0,97,3,1,0.7581,0.074,GREEN,45,Chennai
CLM0012308,CHE_08335,Velachery,2023-07-27,16,0,0,0,0,0,1,0,0,0,0.0,0.315578,0,0.0,0,162,0,4,0.2516,0.1257,GREEN,37,Chennai
CLM0012309,CHE_01721,Adyar,2025-10-28,11,0,0,0,0,0,0,0,1,0,0.0,0.324428,0,0.0,0,420,3,5,0.6447,0.0837,GREEN,35,Chennai
CLM0012310,CHE_03666,Perambur,2021-08-23,12,0,0,0,0,0,0,0,0,0,0.0,0.377042,0,0.0,0,176,4,2,0.7431,0.0319,GREEN,39,Chennai
CLM0012311,CHE_09075,Perambur,2020-03-23,16,0,1,1,0,0,0,0,0,0,0.0,0.067474,0,0.0,0,400,4,3,0.3002,0.0,GREEN,43,Chennai
CLM0012312,CHE_02391,Perambur,2024-01-30,21,0,0,0,0,0,0,0,0,0,0.0,0.999432,0,0.0,0,81,1,4,0.6561,0.0187,GREEN,28,Chennai
CLM0012313,CHE_09520,Velachery,2022-01-24,11,0,0,0,0,0,0,0,1,0,0.0,0.315403,0,0.0,0,261,1,6,0.55,0.0119,GREEN,29,Chennai
CLM0012314,CHE_08009,Guindy,2025-02-02,12,0,0,0,0,0,0,0,0,0,0.0,0.098588,0,0.0,0,230,2,0,0.1295,0.0,GREEN,27,Chennai
CLM0012315,CHE_06819,T Nagar,2025-01-29,18,0,0,0,0,0,0,0,0,0,0.0,0.41209,0,1.0,0,255,2,0,0.6136,0.0,GREEN,39,Chennai
CLM0012316,CHE_01530,Velachery,2017-12-18,16,0,0,0,0,0,0,0,0,0,0.0,1.0,0,0.0,0,337,2,5,0.6852,0.0,GREEN,35,Chennai
CLM0012317,CHE_01102,Perambur,2016-09-05,10,0,0,0,1,0,1,1,0,0,1.0,0.451598,1,0.0,1,29,0,18,0.98,0.2216,GREEN,27,Chennai
CLM0012318,CHE_02373,Adyar,2022-03-10,16,0,1,1,0,1,0,0,0,0,0.0,0.236382,0,1.0,0,150,4,4,0.98,0.2171,GREEN,39,Chennai
CLM0012319,CHE_08119,Perambur,2021-05-05,11,0,0,0,1,0,0,0,0,0,0.0,0.223668,0,0.0,0,60,1,4,0.4801,0.1362,GREEN,27,Chennai
CLM0012320,CHE_03166,Perambur,2024-06-15,11,0,0,0,0,0,1,0,0,0,0.0,0.939041,0,0.0,0,23,0,2,0.7726,0.0,GREEN,34,Chennai
CLM0012321,CHE_08656,T Nagar,2023-06-24,16,0,0,0,0,0,0,0,0,0,0.0,0.226595,0,0.0,0,310,4,5,0.8804,0.0,GREEN,36,Chennai
CLM0012322,CHE_09232,Chromepet,2023-07-22,12,0,0,0,0,0,0,0,0,0,0.0,0.328368,0,0.0,0,310,3,3,0.8219,0.0,GREEN,27,Chennai
CLM0012323,CHE_00376,Adyar,2025-01-23,10,0,0,0,0,0,0,0,0,0,0.0,0.435536,0,0.0,0,155,0,0,0.4785,0.0614,GREEN,42,Chennai
CLM0012324,CHE_01463,Adyar,2023-09-30,8,0,0,0,0,1,0,0,0,0,0.0,0.147167,0,0.0,0,195,3,0,0.9495,0.1249,GREEN,40,Chennai
CLM0012325,CHE_03933,T Nagar,2025-04-25,14,0,0,0,1,1,0,0,0,0,0.0,0.29523,0,0.0,0,232,4,3,0.5926,0.2712,GREEN,40,Chennai
CLM0012326,CHE_04545,Perambur,2024-11-21,7,0,0,0,1,0,0,0,0,1,0.0,0.283719,0,0.0,0,172,2,3,0.4768,0.3529,YELLOW,50,Chennai
CLM0012327,CHE_08964,Sholinganallur,2023-01-20,11,0,0,0,0,0,0,0,0,0,0.0,0.233595,0,0.0,0,417,4,0,0.5625,0.1332,GREEN,35,Chennai
CLM0012328,CHE_00317,T Nagar,2017-07-03,20,0,0,0,0,0,0,0,0,0,0.0,0.070981,0,0.0,0,410,1,2,0.082,0.0814,GREEN,18,Chennai
CLM0012329,CHE_03642,Velachery,2024-08-09,15,0,0,0,0,0,0,0,0,0,0.0,0.010472,0,0.0,0,245,4,0,0.4751,0.0,GREEN,38,Chennai
CLM0012330,CHE_05729,Perambur,2018-11-24,14,0,0,0,0,0,0,0,0,0,0.0,0.113308,0,0.0,0,420,2,5,0.98,0.0,GREEN,33,Chennai
CLM0012331,CHE_05733,Tambaram,2016-04-07,20,0,0,0,0,0,0,0,0,0,0.0,0.926621,0,0.0,0,420,1,1,0.7157,0.0,GREEN,46,Chennai
CLM0012332,CHE_09299,Tambaram,2017-07-11,11,0,0,0,0,0,0,0,1,0,0.0,0.181666,1,0.0,0,127,3,0,0.98,0.2129,GREEN,26,Chennai
CLM0012333,CHE_02219,Chromepet,2018-08-15,11,0,0,0,0,1,0,0,0,0,0.0,0.086041,0,0.0,0,224,1,0,0.7884,0.0794,GREEN,59,Chennai
CLM0012334,CHE_06282,Guindy,2025-01-23,9,0,0,0,0,0,0,0,0,0,0.0,0.040491,0,0.0,0,294,3,4,0.2937,0.0556,GREEN,31,Chennai
CLM0012335,CHE_01045,T Nagar,2017-06-19,7,0,0,0,0,0,0,0,0,1,0.0,0.175162,0,0.0,0,156,1,1,0.8313,0.0,GREEN,49,Chennai
CLM0012336,CHE_07191,Perambur,2020-06-06,11,0,0,0,0,0,0,0,0,0,0.0,0.1449,0,0.0,0,420,4,0,0.1796,0.0,GREEN,29,Chennai
CLM0012337,CHE_02211,Sholinganallur,2025-01-25,7,0,0,0,0,0,0,0,0,0,0.0,0.349398,0,0.0,0,313,2,4,0.8625,0.114,GREEN,22,Chennai
CLM0012338,CHE_03424,Guindy,2022-12-26,7,0,0,0,0,0,0,0,0,0,0.0,1.0,0,0.0,0,420,4,2,0.8279,0.0284,GREEN,60,Chennai
CLM0012339,CHE_00175,Sholinganallur,2023-12-16,13,0,0,0,0,0,0,1,0,0,0.0,0.323212,0,0.0,0,16,0,5,0.3547,0.0765,GREEN,44,Chennai
CLM0012340,CHE_04405,Chromepet,2024-08-19,9,0,1,1,0,0,0,1,0,0,0.0,0.304692,0,0.0,0,420,3,3,0.9417,0.0002,GREEN,18,Chennai
CLM0012341,CHE_07287,Sholinganallur,2022-07-19,13,0,0,0,0,0,0,0,0,0,1.0,0.430424,0,0.0,0,341,1,0,0.9558,0.1656,GREEN,36,Chennai
CLM0012342,CHE_01122,Adyar,2021-03-14,10,0,0,0,0,0,0,0,0,0,0.0,0.328285,0,0.0,0,420,0,0,0.7548,0.0,GREEN,25,Chennai
CLM0012343,CHE_09728,T Nagar,2023-07-17,15,0,0,0,0,0,0,0,0,0,0.0,0.195451,0,0.0,0,420,3,4,0.8629,0.0626,GREEN,34,Chennai
CLM0012344,CHE_02823,Anna Nagar,2024-07-22,20,0,0,0,0,0,0,0,0,0,0.0,0.486025,0,0.0,0,351,4,2,0.98,0.0449,GREEN,40,Chennai
CLM0012345,CHE_07137,Porur,2024-03-18,11,0,0,0,0,0,0,0,0,0,0.0,0.224836,0,0.0,0,254,1,1,0.7442,0.0731,GREEN,46,Chennai
CLM0012346,CHE_04718,Velachery,2023-03-23,8,0,0,0,0,0,0,0,0,0,0.0,0.013512,0,0.0,0,149,1,4,0.621,0.0079,GREEN,42,Chennai
CLM0012347,CHE_01069,Guindy,2024-05-24,19,0,0,0,0,0,0,0,1,0,0.0,1.0,0,0.0,1,106,3,0,0.1635,0.1359,GREEN,55,Chennai
CLM0012348,CHE_04938,Porur,2025-06-01,10,0,0,0,0,0,0,0,0,0,0.0,0.200842,0,0.0,0,420,0,2,0.9002,0.0,GREEN,40,Chennai
CLM0012349,CHE_00584,Adyar,2021-07-25,8,0,0,0,0,0,0,1,0,0,0.0,0.295853,0,0.0,0,420,3,3,0.8491,0.0775,GREEN,22,Chennai
CLM0012350,CHE_08893,Sholinganallur,2024-01-02,13,0,0,0,0,0,0,0,1,0,0.0,1.0,0,0.0,0,140,3,4,0.8891,0.0355,GREEN,45,Chennai
CLM0012351,CHE_03758,Porur,2021-10-17,8,0,0,0,0,0,0,0,1,0,0.0,0.0912,0,0.0,0,282,2,7,0.98,0.1672,GREEN,37,Chennai
CLM0012352,CHE_04577,Adyar,2022-08-19,17,0,0,0,0,0,0,0,0,0,0.0,0.289735,0,0.0,1,225,3,4,0.7251,0.0,GREEN,47,Chennai
CLM0012353,CHE_05108,Velachery,2025-05-23,19,0,0,0,0,0,0,0,0,0,0.0,0.334265,0,0.0,0,100,3,0,0.8323,0.0,GREEN,50,Chennai
CLM0012354,CHE_05982,T Nagar,2021-07-03,7,0,0,0,0,0,0,1,1,0,0.0,0.311392,0,0.0,0,228,3,1,0.5174,0.1393,GREEN,46,Chennai
CLM0012355,CHE_09256,Guindy,2021-06-03,11,0,0,0,0,0,0,0,0,0,0.0,0.194424,0,0.0,0,127,1,0,0.8545,0.0378,GREEN,43,Chennai
CLM0012356,CHE_01724,T Nagar,2023-01-08,16,0,0,0,0,0,0,0,0,0,0.0,0.967743,0,0.0,0,420,4,0,0.5537,0.0,GREEN,38,Chennai
CLM0012357,CHE_00645,T Nagar,2022-05-06,19,0,0,0,0,0,0,0,0,0,0.0,0.121894,0,0.0,0,420,3,0,0.6671,0.0199,GREEN,36,Chennai
CLM0012358,CHE_01625,Porur,2018-08-02,12,0,0,0,1,0,0,0,0,0,1.0,0.399007,0,0.0,0,336,4,0,0.7158,0.3122,YELLOW,19,Chennai
CLM0012359,CHE_08942,Velachery,2019-05-13,10,0,0,0,0,0,0,0,0,0,1.0,0.120665,0,0.0,0,50,3,0,0.9632,0.0523,GREEN,51,Chennai
CLM0012360,CHE_07411,Adyar,2018-05-05,7,0,0,0,0,0,0,0,0,0,0.0,0.281498,0,0.0,1,385,2,1,0.05,0.0542,GREEN,29,Chennai
CLM0012361,CHE_00105,T Nagar,2022-06-09,15,0,0,0,0,0,0,0,0,0,1.0,1.0,0,1.0,0,94,1,0,0.7822,0.1002,GREEN,28,Chennai
CLM0012362,CHE_06611,Guindy,2025-08-07,13,0,0,0,0,0,1,0,0,0,0.0,0.332622,0,0.0,0,420,2,4,0.7639,0.124,GREEN,42,Chennai
CLM0012363,CHE_08580,Sholinganallur,2025-10-11,15,0,0,0,0,0,1,0,0,0,0.0,0.162572,0,0.0,0,46,4,2,0.05,0.0783,GREEN,42,Chennai
CLM0012364,CHE_07263,T Nagar,2024-02-19,15,0,0,0,1,1,0,1,1,0,0.0,0.96492,0,1.0,1,5,4,18,0.4651,0.006,GREEN,24,Chennai
CLM0012365,CHE_05799,Porur,2018-10-07,9,0,0,0,1,0,0,0,0,0,0.0,0.29038,0,0.0,0,312,0,0,0.6615,0.1507,GREEN,48,Chennai
CLM0012366,CHE_02752,Adyar,2023-10-05,20,0,0,0,0,0,0,0,0,0,0.0,0.266792,0,0.0,0,361,3,0,0.6816,0.0,GREEN,41,Chennai
CLM0012367,CHE_04786,Guindy,2023-11-04,17,0,0,0,0,0,0,1,0,0,0.0,0.317333,0,0.0,0,392,2,2,0.3997,0.131,GREEN,54,Chennai
CLM0012368,CHE_00511,Velachery,2025-07-03,8,0,0,0,0,0,0,0,0,0,0.0,0.024404,0,0.0,0,420,1,4,0.3862,0.0,GREEN,39,Chennai
CLM0012369,CHE_05549,Chromepet,2024-08-18,14,0,0,0,0,0,0,0,0,0,0.0,0.111612,0,0.0,0,205,0,3,0.9521,0.1698,GREEN,29,Chennai
CLM0012370,CHE_01231,Tambaram,2023-05-15,8,0,0,0,0,0,1,0,0,0,1.0,0.249711,0,0.0,0,337,1,4,0.5862,0.1329,GREEN,28,Chennai
CLM0012371,CHE_08146,Perambur,2024-05-27,7,0,0,0,0,0,0,0,0,0,0.0,0.331564,0,0.0,0,117,0,3,0.1917,0.0,GREEN,39,Chennai
CLM0012372,CHE_06869,T Nagar,2025-12-26,9,0,0,0,0,0,1,0,0,0,0.0,0.165194,0,0.0,0,349,2,1,0.2545,0.0485,GREEN,38,Chennai
CLM0012373,CHE_08794,Anna Nagar,2023-02-23,16,0,0,0,0,0,0,0,0,0,0.0,0.070132,1,0.0,0,163,1,1,0.7394,0.0186,GREEN,37,Chennai
CLM0012374,CHE_08741,Adyar,2024-02-04,8,0,0,0,0,0,1,0,0,0,0.0,0.253766,0,0.0,0,233,2,7,0.082,0.0909,GREEN,54,Chennai
CLM0012375,CHE_06798,Sholinganallur,2022-10-28,13,0,0,0,0,0,0,0,0,0,1.0,0.079223,0,0.0,0,322,3,5,0.8118,0.0097,GREEN,27,Chennai
CLM0012376,CHE_02217,Perambur,2025-01-19,18,0,0,0,0,0,0,0,0,0,0.0,0.111505,0,0.0,0,297,4,1,0.48,0.0,GREEN,51,Chennai
CLM0012377,CHE_09151,Tambaram,2025-01-17,12,0,0,0,0,0,0,0,0,0,0.0,0.258374,0,0.0,0,354,2,1,0.4772,0.0,GREEN,51,Chennai
CLM0012378,CHE_06590,Perambur,2025-09-24,12,0,0,0,0,0,0,0,0,0,0.0,0.931655,0,0.0,0,304,0,1,0.9268,0.0,GREEN,30,Chennai
CLM0012379,CHE_01058,T Nagar,2024-09-22,14,0,0,0,1,1,1,0,1,0,0.0,0.081938,0,0.0,1,6,4,18,0.9154,0.0863,GREEN,22,Chennai
CLM0012380,CHE_09328,Adyar,2022-05-11,10,0,0,0,0,0,0,0,0,0,0.0,0.347052,0,1.0,0,160,3,0,0.9224,0.0343,GREEN,47,Chennai
CLM0012381,CHE_01611,T Nagar,2021-10-30,13,0,0,0,0,0,0,1,0,0,0.0,0.234978,0,0.0,0,109,1,3,0.7112,0.0,GREEN,56,Chennai
CLM0012382,CHE_09525,Perambur,2024-01-07,10,0,0,0,0,0,0,1,0,0,0.0,0.958777,0,0.0,0,420,3,3,0.65,0.0229,GREEN,45,Chennai
CLM0012383,CHE_03962,Tambaram,2024-02-12,15,0,0,0,0,1,1,0,0,0,0.0,0.035667,0,0.0,0,230,4,5,0.8371,0.2573,GREEN,28,Chennai
CLM0012384,CHE_01072,Chromepet,2024-10-08,14,0,0,0,0,0,0,0,0,0,1.0,0.349488,0,0.0,0,420,1,0,0.8768,0.1036,GREEN,52,Chennai
CLM0012385,CHE_07806,T Nagar,2021-04-29,15,0,1,1,0,0,0,0,0,1,0.0,0.398049,0,0.0,0,420,4,2,0.5766,0.1064,GREEN,34,Chennai
CLM0012386,CHE_00697,T Nagar,2022-09-08,15,0,0,0,0,0,0,0,0,0,0.0,0.266136,0,0.0,0,143,2,3,0.63,0.0503,GREEN,28,Chennai
CLM0012387,CHE_05871,T Nagar,2022-12-04,8,0,0,0,0,0,0,0,0,0,0.0,0.062571,0,0.0,0,392,2,1,0.3661,0.0416,GREEN,54,Chennai
CLM0012388,CHE_02671,T Nagar,2024-11-21,15,0,0,0,0,0,0,0,0,0,0.0,0.19013,0,0.0,0,420,4,1,0.1161,0.0,GREEN,40,Chennai
CLM0012389,CHE_04132,Velachery,2023-11-11,21,0,0,0,0,0,0,0,0,0,0.0,0.08622,0,0.0,0,321,0,2,0.7484,0.0127,GREEN,34,Chennai
CLM0012390,CHE_03034,Anna Nagar,2025-07-07,10,0,0,0,0,0,0,0,0,0,0.0,0.155911,0,0.0,0,149,3,1,0.6398,0.0,GREEN,35,Chennai
CLM0012391,CHE_00241,Anna Nagar,2024-07-30,7,0,0,0,0,0,0,0,0,0,0.0,0.261765,1,0.0,0,119,4,3,0.4288,0.0153,GREEN,63,Chennai
CLM0012392,CHE_02249,Anna Nagar,2025-11-19,19,0,0,0,0,0,0,0,0,0,1.0,0.058446,0,0.0,0,294,0,6,0.9367,0.1267,GREEN,36,Chennai
CLM0012393,CHE_01741,Perambur,2022-11-26,16,0,1,1,0,1,0,0,0,0,0.0,1.0,0,0.0,0,322,0,0,0.711,0.1194,GREEN,37,Chennai
CLM0012394,CHE_06480,Guindy,2025-01-08,9,0,0,0,0,0,0,0,0,0,0.0,0.961178,0,0.0,0,295,0,1,0.7952,0.0088,GREEN,27,Chennai
CLM0012395,CHE_04830,Perambur,2024-06-21,20,0,0,0,0,0,0,0,0,0,0.0,1.0,0,0.0,0,221,3,1,0.9058,0.0,GREEN,38,Chennai
CLM0012396,CHE_04090,Velachery,2023-03-25,11,0,0,0,0,0,0,1,0,0,1.0,0.331785,0,0.0,0,139,1,2,0.7416,0.1844,GREEN,36,Chennai
CLM0012397,CHE_03700,T Nagar,2019-04-18,16,0,0,0,0,0,0,0,0,0,0.0,0.154463,0,0.0,0,420,3,0,0.6565,0.0115,GREEN,29,Chennai
CLM0012398,CHE_01717,Sholinganallur,2023-06-18,13,0,0,0,1,0,0,0,1,0,0.0,0.057437,0,0.0,0,381,2,2,0.6775,0.2006,GREEN,46,Chennai
CLM0012399,CHE_02617,Velachery,2019-11-21,21,0,0,0,0,0,0,0,0,0,0.0,0.217147,0,0.0,0,241,3,3,0.5195,0.0055,GREEN,29,Chennai
CLM0012400,CHE_07021,Porur,2025-04-19,19,0,0,0,0,0,0,1,0,0,0.0,0.379494,0,0.0,0,420,3,4,0.4732,0.1006,GREEN,35,Chennai
CLM0012401,CHE_00710,Perambur,2022-12-14,20,0,1,1,1,1,0,1,0,1,1.0,1.0,0,0.0,1,35,0,18,0.7526,0.6878,RED,38,Chennai
CLM0012402,CHE_03448,Porur,2024-02-08,19,0,1,1,1,1,0,1,0,1,1.0,0.948844,0,0.0,0,26,0,12,0.8205,0.6919,RED,54,Chennai
CLM0012403,CHE_01271,Guindy,2022-04-25,20,0,1,1,0,1,0,1,1,1,0.0,1.0,0,1.0,1,5,1,18,0.2698,0.6489,RED,26,Chennai
CLM0012404,CHE_05260,Chromepet,2022-10-20,10,0,1,1,1,1,0,1,1,0,1.0,0.967235,0,1.0,1,30,2,15,0.8193,0.6032,YELLOW,56,Chennai
CLM0012405,CHE_09240,Porur,2015-12-19,20,0,1,1,1,1,0,0,0,1,1.0,0.923133,1,1.0,0,16,2,18,0.2128,0.5911,YELLOW,26,Chennai
CLM0012406,CHE_03601,Perambur,2025-01-06,21,0,1,1,1,1,0,1,1,1,1.0,1.0,0,1.0,1,25,1,18,0.1351,0.7537,RED,48,Chennai
CLM0012407,CHE_07665,T Nagar,2024-02-25,18,0,0,0,0,0,0,0,0,0,0.0,0.355422,0,0.0,0,94,2,2,0.8884,0.0,GREEN,39,Chennai
CLM0012408,CHE_08100,T Nagar,2025-04-26,20,0,0,0,0,0,0,0,1,0,0.0,0.367193,0,0.0,0,101,1,0,0.6345,0.1181,GREEN,24,Chennai
CLM0012409,CHE_04259,Sholinganallur,2024-12-21,13,0,0,0,0,0,0,0,0,0,0.0,0.312137,0,0.0,0,114,0,0,0.7134,0.0744,GREEN,56,Chennai
CLM0012410,CHE_03245,T Nagar,2023-09-29,17,0,0,0,0,0,0,0,0,0,0.0,0.378698,0,0.0,0,291,0,2,0.5485,0.0,GREEN,37,Chennai
CLM0012411,CHE_00923,Perambur,2023-01-29,21,0,0,0,0,0,0,0,0,0,1.0,0.15717,0,0.0,0,368,3,0,0.4625,0.0446,GREEN,41,Chennai
CLM0012412,CHE_04477,Velachery,2025-06-15,16,0,0,0,0,0,0,0,0,0,0.0,0.084697,0,0.0,0,87,4,4,0.6466,0.0,GREEN,37,Chennai
CLM0012413,CHE_07809,Anna Nagar,2025-08-28,7,0,0,0,0,0,0,0,0,0,0.0,0.041371,0,0.0,0,29,1,0,0.98,0.0449,GREEN,37,Chennai
CLM0012414,CHE_06130,Guindy,2021-02-24,12,0,0,0,0,0,0,0,0,0,0.0,0.240671,0,0.0,0,330,3,3,0.5065,0.0,GREEN,39,Chennai
CLM0012415,CHE_06800,Sholinganallur,2023-04-08,16,0,0,0,0,0,1,0,1,0,0.0,0.029901,1,0.0,0,19,2,4,0.764,0.2578,GREEN,31,Chennai
CLM0012416,CHE_07787,T Nagar,2024-01-27,21,0,0,0,0,0,0,0,0,0,0.0,0.0,0,0.0,0,381,0,1,0.4867,0.0388,GREEN,18,Chennai
CLM0012417,CHE_06631,Perambur,2023-07-21,10,0,0,0,0,0,0,0,0,0,0.0,0.386635,0,0.0,0,191,4,1,0.8765,0.051,GREEN,43,Chennai
CLM0012418,CHE_00318,T Nagar,2020-02-19,14,0,0,0,0,1,0,0,0,0,0.0,0.147735,0,0.0,0,244,0,6,0.98,0.126,GREEN,40,Chennai
CLM0012419,CHE_05872,Perambur,2025-09-04,21,0,0,0,0,0,0,0,1,0,0.0,0.197654,0,0.0,0,358,0,1,0.1118,0.1527,GREEN,32,Chennai
CLM0012420,CHE_00102,Anna Nagar,2023-09-04,11,0,0,0,0,0,0,0,1,0,0.0,0.103611,0,0.0,0,261,3,2,0.0844,0.1344,GREEN,51,Chennai
CLM0012421,CHE_08933,Porur,2020-12-26,7,0,0,0,0,0,1,0,0,0,0.0,0.107457,1,0.0,0,420,1,0,0.7934,0.1156,GREEN,36,Chennai
CLM0012422,CHE_01733,Sholinganallur,2025-06-07,15,0,0,0,0,0,1,0,0,0,0.0,0.140203,0,0.0,0,87,4,6,0.05,0.1221,GREEN,38,Chennai
CLM0012423,CHE_09963,T Nagar,2023-01-15,20,0,0,0,0,0,0,0,0,0,0.0,0.118711,0,0.0,0,104,1,0,0.5654,0.058,GREEN,18,Chennai
CLM0012424,CHE_06132,Perambur,2021-08-22,12,0,0,0,0,0,0,0,0,0,0.0,0.098561,0,0.0,0,94,3,2,0.598,0.037,GREEN,30,Chennai
CLM0012425,CHE_00912,Anna Nagar,2024-12-31,13,0,0,0,0,0,0,0,0,0,0.0,0.341803,0,0.0,0,420,3,1,0.05,0.0,GREEN,18,Chennai
CLM0012426,CHE_08216,T Nagar,2024-07-21,9,0,0,0,0,0,0,0,0,0,0.0,0.196002,0,1.0,0,214,2,0,0.5941,0.0358,GREEN,52,Chennai
CLM0012427,CHE_07179,Guindy,2025-08-25,20,0,0,0,0,0,0,0,1,0,0.0,0.317907,0,0.0,0,270,3,1,0.7906,0.0676,GREEN,28,Chennai
CLM0012428,CHE_00187,Anna Nagar,2022-10-29,7,0,0,0,0,0,0,0,0,0,0.0,0.33197,0,0.0,0,247,2,3,0.6286,0.0,GREEN,37,Chennai
CLM0012429,CHE_01841,Perambur,2024-06-24,16,0,0,0,0,0,0,0,0,0,0.0,0.945738,0,0.0,0,420,0,0,0.1076,0.0574,GREEN,48,Chennai
CLM0012430,CHE_09096,Chromepet,2021-09-06,11,0,0,0,0,0,0,0,1,0,0.0,0.417514,0,0.0,0,365,2,0,0.527,0.1186,GREEN,38,Chennai
CLM0012431,CHE_00521,Guindy,2022-02-03,7,0,0,0,0,0,0,0,0,0,0.0,0.196016,0,0.0,0,125,0,5,0.4514,0.0006,GREEN,18,Chennai
CLM0012432,CHE_03573,Sholinganallur,2024-12-13,13,0,0,0,0,0,0,0,0,0,0.0,0.044211,0,0.0,0,240,4,8,0.7247,0.0196,GREEN,42,Chennai
CLM0012433,CHE_05778,Anna Nagar,2022-02-26,14,0,0,0,0,0,0,0,0,0,1.0,1.0,0,1.0,0,107,3,3,0.7842,0.0,GREEN,47,Chennai
CLM0012434,CHE_04297,Perambur,2021-06-08,11,0,0,0,0,0,0,0,0,0,0.0,0.0,0,0.0,0,276,2,3,0.6033,0.0224,GREEN,31,Chennai
CLM0012435,CHE_02636,Adyar,2023-07-28,14,0,0,0,0,0,0,0,0,0,0.0,0.376183,0,0.0,0,319,2,0,0.7466,0.0325,GREEN,41,Chennai
CLM0012436,CHE_01563,Chromepet,2024-12-31,13,0,0,0,0,0,0,0,0,0,0.0,0.189923,0,0.0,0,370,0,4,0.7886,0.0,GREEN,34,Chennai
CLM0012437,CHE_07781,Porur,2023-05-07,17,0,0,0,0,0,0,0,0,0,0.0,0.101599,0,0.0,0,159,2,0,0.6626,0.0429,GREEN,47,Chennai
CLM0012438,CHE_04140,Porur,2020-12-03,9,0,0,0,1,1,0,1,1,1,0.0,0.942331,0,1.0,0,16,4,18,0.2906,0.0,GREEN,42,Chennai
CLM0012439,CHE_02907,Sholinganallur,2023-07-22,14,0,0,0,0,0,0,0,0,0,0.0,0.358127,0,0.0,0,81,4,4,0.9529,0.0,GREEN,37,Chennai
CLM0012440,CHE_02361,Sholinganallur,2023-12-06,11,0,0,0,0,0,0,1,0,0,1.0,0.269468,0,0.0,0,108,0,0,0.6439,0.1625,GREEN,56,Chennai
CLM0012441,CHE_03879,Anna Nagar,2023-03-20,13,0,1,1,0,0,0,0,0,0,0.0,0.127488,0,0.0,0,5,2,1,0.7593,0.0402,GREEN,43,Chennai
CLM0012442,CHE_09656,Perambur,2022-12-31,11,0,0,0,0,0,0,0,0,0,0.0,0.347641,0,0.0,0,389,2,0,0.7724,0.0336,GREEN,45,Chennai
CLM0012443,CHE_03957,Porur,2023-04-30,19,0,0,0,1,0,1,1,1,1,0.0,0.0359,0,0.0,1,18,3,14,0.98,0.0,GREEN,43,Chennai
CLM0012444,CHE_06650,Sholinganallur,2024-07-28,9,0,0,0,0,0,0,0,0,0,1.0,0.114105,0,0.0,0,377,1,1,0.7583,0.0745,GREEN,19,Chennai
CLM0012445,CHE_09687,Sholinganallur,2023-07-07,14,0,0,0,0,0,1,0,0,0,0.0,0.171638,0,0.0,0,420,1,2,0.05,0.1579,GREEN,37,Chennai
CLM0012446,CHE_06348,Velachery,2025-06-20,19,0,0,0,0,0,1,0,0,0,0.0,0.325693,0,1.0,0,350,2,0,0.6649,0.1057,GREEN,34,Chennai
CLM0012447,CHE_08340,Perambur,2023-04-07,12,0,0,0,0,0,0,0,0,0,0.0,1.0,0,0.0,0,265,3,0,0.8946,0.0,GREEN,38,Chennai
CLM0012448,CHE_05438,Adyar,2025-12-21,19,0,0,0,0,0,0,0,0,0,0.0,0.922656,0,0.0,0,141,0,4,0.8692,0.0261,GREEN,59,Chennai
CLM0012449,CHE_01495,Perambur,2023-06-20,16,0,0,0,0,0,0,0,1,0,1.0,0.306045,0,0.0,0,400,2,1,0.5135,0.2407,GREEN,28,Chennai
CLM0012450,CHE_05420,Sholinganallur,2025-04-07,7,0,0,0,0,0,0,0,0,0,0.0,0.155479,0,0.0,0,399,1,2,0.8924,0.0,GREEN,43,Chennai
CLM0012451,CHE_01688,Perambur,2025-06-12,18,0,0,0,0,0,0,1,0,0,0.0,0.175786,0,0.0,0,420,0,3,0.847,0.0228,GREEN,43,Chennai
CLM0012452,CHE_06337,Porur,2020-07-24,11,0,0,0,0,0,0,0,0,0,0.0,0.391289,0,0.0,1,408,1,2,0.7357,0.0929,GREEN,31,Chennai
CLM0012453,CHE_05565,Adyar,2020-04-07,21,0,0,0,0,0,0,0,0,0,0.0,0.043102,0,0.0,0,316,2,1,0.7965,0.0466,GREEN,51,Chennai
CLM0012454,CHE_09676,Adyar,2025-12-22,9,0,0,0,0,0,0,0,1,0,0.0,0.042929,0,0.0,0,121,3,5,0.1755,0.1145,GREEN,44,Chennai
CLM0012455,CHE_01537,Anna Nagar,2021-04-10,20,0,0,0,0,0,0,0,0,0,0.0,0.366146,0,0.0,0,194,0,0,0.2742,0.0299,GREEN,55,Chennai
CLM0012456,CHE_07691,Tambaram,2022-10-10,7,0,0,0,0,0,0,0,0,0,0.0,0.133495,0,1.0,0,234,0,2,0.8968,0.0,GREEN,25,Chennai
CLM0012457,CHE_07277,Chromepet,2020-05-06,13,0,0,0,0,0,1,0,0,0,0.0,0.262476,0,0.0,0,60,0,1,0.2417,0.0791,GREEN,31,Chennai
CLM0012458,CHE_09162,Sholinganallur,2022-01-22,11,0,0,0,0,0,0,0,0,0,0.0,0.297828,0,0.0,1,336,1,2,0.05,0.2358,GREEN,18,Chennai
CLM0012459,CHE_01073,T Nagar,2025-06-14,10,0,1,1,0,0,0,0,1,0,0.0,0.095258,0,0.0,0,272,4,1,0.9748,0.2097,GREEN,52,Chennai
CLM0012460,CHE_01054,Velachery,2024-10-19,20,0,0,0,0,0,1,0,0,0,0.0,0.043138,0,0.0,0,420,0,0,0.9575,0.0628,GREEN,37,Chennai
CLM0012461,CHE_06664,Chromepet,2023-05-12,21,0,1,1,1,1,1,1,1,0,0.0,0.085095,1,0.0,1,34,2,18,0.7207,0.0,GREEN,54,Chennai
CLM0012462,CHE_00293,Velachery,2023-11-02,11,0,0,0,0,0,0,1,1,0,0.0,0.069715,0,0.0,0,253,1,2,0.17,0.12,GREEN,41,Chennai
CLM0012463,CHE_05257,Adyar,2020-12-22,10,0,0,0,0,0,0,0,1,0,0.0,0.0,0,0.0,0,279,0,3,0.676,0.0678,GREEN,35,Chennai
CLM0012464,CHE_02033,Adyar,2019-07-15,20,0,0,0,0,0,0,0,0,0,0.0,0.167656,0,0.0,0,248,0,3,0.8386,0.0492,GREEN,26,Chennai
CLM0012465,CHE_09947,Sholinganallur,2020-06-14,20,0,0,0,0,0,0,0,0,0,0.0,0.02141,0,0.0,1,346,2,1,0.2031,0.0,GREEN,19,Chennai
CLM0012466,CHE_00558,Tambaram,2021-06-21,8,0,1,1,1,0,1,1,1,1,0.0,0.128432,1,0.0,1,5,1,14,0.7993,0.7841,RED,47,Chennai
CLM0012467,CHE_01276,T Nagar,2025-03-05,16,0,1,1,1,0,0,0,1,0,1.0,0.911071,0,0.0,1,10,0,18,0.1263,0.4948,YELLOW,53,Chennai
CLM0012468,CHE_09702,Chromepet,2022-01-31,13,0,1,1,1,1,0,1,1,1,1.0,0.911413,1,1.0,0,15,1,18,0.2723,0.7921,RED,43,Chennai
CLM0012469,CHE_01512,Chromepet,2025-08-20,20,0,1,1,0,1,1,1,1,0,1.0,1.0,1,1.0,0,16,0,18,0.0529,0.6112,RED,45,Chennai
CLM0012470,CHE_03003,Velachery,2021-03-29,19,0,1,1,1,0,1,0,0,0,0.0,0.964036,0,0.0,0,5,0,18,0.2024,0.5242,YELLOW,24,Chennai
CLM0012471,CHE_06818,Porur,2022-08-20,13,0,1,1,1,1,1,1,1,0,0.0,1.0,1,0.0,1,5,0,18,0.1518,0.7468,RED,34,Chennai
CLM0012472,CHE_08401,Sholinganallur,2023-01-31,16,0,1,1,0,1,1,1,0,0,0.0,0.104868,1,0.0,1,5,2,18,0.9448,0.4069,YELLOW,24,Chennai
CLM0012473,CHE_03362,T Nagar,2024-11-25,9,0,1,1,0,1,0,0,0,0,0.0,0.198669,1,0.0,0,5,2,18,0.9298,0.4094,YELLOW,19,Chennai
CLM0012474,CHE_05031,Guindy,2025-02-23,21,0,0,0,0,0,0,0,0,0,0.0,0.196484,0,0.0,1,226,1,4,0.9653,0.0525,GREEN,39,Chennai
CLM0012475,CHE_01425,Chromepet,2025-10-28,21,0,0,0,0,0,0,0,0,0,0.0,0.39541,0,0.0,0,241,1,2,0.8247,0.0,GREEN,21,Chennai
CLM0012476,CHE_03419,Adyar,2024-04-02,16,0,0,0,0,0,0,0,0,0,0.0,0.234127,0,0.0,0,315,1,2,0.7764,0.0361,GREEN,27,Chennai
CLM0012477,CHE_06482,Tambaram,2025-01-29,7,0,0,0,0,0,0,0,0,0,1.0,0.280731,0,0.0,1,405,4,6,0.9237,0.1501,GREEN,44,Chennai
CLM0012478,CHE_08640,Guindy,2023-10-22,20,0,0,0,0,0,0,0,0,0,0.0,0.174994,0,0.0,0,247,2,2,0.98,0.1042,GREEN,34,Chennai
CLM0012479,CHE_04933,Tambaram,2024-03-05,19,0,0,0,0,0,1,0,0,0,0.0,0.482785,0,1.0,0,165,0,3,0.1167,0.1246,GREEN,47,Chennai
CLM0012480,CHE_06956,Velachery,2024-11-26,7,0,0,0,0,0,0,1,0,0,0.0,0.425772,0,0.0,0,79,2,3,0.6383,0.0342,GREEN,45,Chennai
CLM0012481,CHE_02670,Velachery,2016-05-20,7,0,0,0,1,0,0,0,0,0,1.0,0.261595,0,0.0,0,418,0,3,0.9456,0.0,GREEN,30,Chennai
CLM0012482,CHE_03319,Chromepet,2016-09-28,17,0,0,0,0,0,0,0,0,0,0.0,0.005529,0,1.0,0,370,4,0,0.856,0.0,GREEN,30,Chennai
CLM0012483,CHE_02466,Anna Nagar,2018-07-16,7,0,0,0,0,0,1,0,0,0,0.0,1.0,0,0.0,0,147,1,3,0.4016,0.1233,GREEN,40,Chennai
CLM0012484,CHE_02506,Anna Nagar,2020-02-27,19,0,0,0,0,0,0,0,0,0,0.0,0.97816,1,0.0,0,420,4,3,0.6312,0.0179,GREEN,43,Chennai
CLM0012485,CHE_01330,Guindy,2019-03-21,17,0,0,0,0,0,0,1,1,0,1.0,0.015979,0,0.0,0,145,0,0,0.8436,0.2281,GREEN,54,Chennai
CLM0012486,CHE_03747,Perambur,2018-01-21,16,0,0,0,0,0,0,0,1,0,0.0,0.0,0,0.0,0,32,2,0,0.98,0.2205,GREEN,44,Chennai
CLM0012487,CHE_03807,Anna Nagar,2024-02-01,11,0,0,0,0,0,0,0,1,0,0.0,0.517713,0,0.0,0,185,3,0,0.9072,0.1537,GREEN,31,Chennai
CLM0012488,CHE_01889,Adyar,2019-04-27,18,0,0,0,0,0,0,0,1,0,0.0,0.060046,0,0.0,0,420,1,5,0.7487,0.0654,GREEN,39,Chennai
CLM0012489,CHE_07652,Porur,2023-07-05,21,0,0,0,0,0,0,0,0,0,0.0,0.070738,1,0.0,0,171,0,1,0.9304,0.0493,GREEN,37,Chennai
CLM0012490,CHE_02789,Adyar,2021-01-29,20,0,0,0,0,0,1,0,0,0,0.0,0.358799,0,0.0,0,337,4,0,0.6749,0.2537,GREEN,41,Chennai
CLM0012491,CHE_05902,Anna Nagar,2017-03-14,18,0,0,0,0,0,0,0,0,0,0.0,0.362356,0,0.0,0,171,0,0,0.8649,0.0,GREEN,32,Chennai
CLM0012492,CHE_01472,Sholinganallur,2020-07-05,18,0,0,0,0,0,0,1,0,0,0.0,0.026992,0,0.0,0,214,0,0,0.7769,0.0781,GREEN,24,Chennai
CLM0012493,CHE_09554,Perambur,2016-06-28,20,0,0,0,0,0,0,0,0,0,0.0,0.111252,0,0.0,0,302,1,4,0.6423,0.0336,GREEN,55,Chennai
CLM0012494,CHE_05001,Anna Nagar,2025-11-30,12,0,0,0,0,0,0,0,0,0,0.0,1.0,0,0.0,0,86,0,1,0.287,0.0084,GREEN,41,Chennai
CLM0012495,CHE_04519,T Nagar,2024-05-17,9,0,0,0,0,0,0,0,0,0,1.0,0.501581,0,0.0,0,40,0,4,0.05,0.0877,GREEN,65,Chennai
CLM0012496,CHE_07004,Porur,2024-04-09,9,0,0,0,0,0,0,0,0,0,0.0,0.275094,0,0.0,0,406,2,2,0.6515,0.1097,GREEN,21,Chennai
CLM0012497,CHE_00674,Adyar,2020-06-30,12,0,0,0,0,0,1,0,0,0,0.0,0.929291,0,0.0,0,268,4,0,0.6265,0.2529,GREEN,46,Chennai
CLM0012498,CHE_04237,Velachery,2021-07-27,17,0,0,0,0,0,0,0,0,1,0.0,0.296893,0,0.0,0,345,0,2,0.98,0.1066,GREEN,29,Chennai
CLM0012499,CHE_05525,Sholinganallur,2024-11-19,14,0,0,0,0,0,1,0,0,1,0.0,0.285447,0,1.0,0,140,3,3,0.4633,0.2594,GREEN,47,Chennai
CLM0012500,CHE_00948,Anna Nagar,2025-06-08,8,0,0,0,0,0,0,0,0,0,0.0,0.0,0,0.0,0,236,0,6,0.8668,0.0709,GREEN,18,Chennai
CLM0012501,CHE_00584,Adyar,2024-04-01,7,0,0,0,0,0,0,0,0,0,0.0,0.165638,0,0.0,0,175,3,1,0.1884,0.0298,GREEN,22,Chennai
CLM0012502,CHE_06480,Guindy,2025-01-03,19,0,0,0,0,1,0,0,0,0,0.0,0.307228,0,0.0,0,110,4,1,0.4735,0.1265,GREEN,27,Chennai
CLM0012503,CHE_09531,Sholinganallur,2024-03-26,8,0,0,0,0,0,0,0,0,1,0.0,0.23367,0,0.0,0,211,3,3,0.9478,0.1575,GREEN,44,Chennai
CLM0012504,CHE_07317,Sholinganallur,2022-11-13,13,0,0,0,0,0,0,0,0,0,0.0,0.0,0,0.0,0,339,4,3,0.7283,0.0061,GREEN,58,Chennai
CLM0012505,CHE_09076,Tambaram,2022-02-06,20,0,0,0,0,0,0,0,0,0,0.0,0.398195,0,0.0,0,420,0,1,0.9285,0.0711,GREEN,45,Chennai
CLM0012506,CHE_01051,Porur,2023-01-27,20,0,1,1,0,0,0,0,0,0,0.0,0.369489,0,0.0,0,271,3,0,0.8908,0.0,GREEN,23,Chennai
CLM0012507,CHE_05715,Velachery,2025-02-27,8,0,0,0,0,1,0,1,1,1,1.0,0.094838,0,0.0,1,52,4,18,0.2461,0.2198,GREEN,42,Chennai
CLM0012508,CHE_01987,Tambaram,2023-12-17,11,0,0,0,0,0,0,0,0,0,0.0,0.0777,0,0.0,0,143,1,0,0.8582,0.0,GREEN,41,Chennai
CLM0012509,CHE_01634,Tambaram,2018-06-27,20,0,0,0,0,0,0,0,0,0,0.0,0.120122,0,0.0,0,292,0,2,0.8211,0.0681,GREEN,50,Chennai
CLM0012510,CHE_06450,Anna Nagar,2024-12-01,9,0,0,0,0,0,0,0,0,0,0.0,0.364137,0,0.0,0,215,4,0,0.7651,0.0,GREEN,21,Chennai
CLM0012511,CHE_04059,Chromepet,2022-06-17,20,0,0,0,0,0,0,0,0,0,0.0,0.050327,0,0.0,0,420,4,0,0.858,0.0418,GREEN,36,Chennai
CLM0012512,CHE_09316,Anna Nagar,2015-08-21,20,0,0,0,0,0,0,0,0,0,0.0,0.343345,0,0.0,0,408,2,4,0.8731,0.0,GREEN,45,Chennai
CLM0012513,CHE_09606,Adyar,2024-01-09,7,0,0,0,0,0,0,0,0,0,0.0,0.162383,0,0.0,0,401,1,1,0.7044,0.0,GREEN,42,Chennai
CLM0012514,CHE_09336,Guindy,2025-09-29,20,0,0,0,0,0,0,0,0,0,0.0,0.329138,0,0.0,0,84,1,2,0.8243,0.0,GREEN,39,Chennai
CLM0012515,CHE_02008,Anna Nagar,2023-06-28,20,0,0,0,0,0,0,0,0,0,0.0,0.343421,0,0.0,0,298,4,0,0.9736,0.0,GREEN,51,Chennai
CLM0012516,CHE_00534,Chromepet,2022-11-22,16,0,0,0,0,0,0,0,0,0,0.0,0.428155,1,0.0,1,309,4,5,0.98,0.1203,GREEN,45,Chennai
CLM0012517,CHE_01013,Chromepet,2025-05-26,9,0,0,0,0,0,0,0,0,0,0.0,0.19078,0,0.0,0,349,0,1,0.8476,0.085,GREEN,41,Chennai
CLM0012518,CHE_07040,T Nagar,2024-02-11,18,0,0,0,0,0,0,0,0,0,0.0,0.16759,0,0.0,0,138,0,4,0.9766,0.0221,GREEN,29,Chennai
CLM0012519,CHE_09556,Adyar,2022-11-22,10,0,0,0,0,0,0,0,0,0,0.0,0.0,0,0.0,0,379,0,3,0.98,0.0,GREEN,31,Chennai
CLM0012520,CHE_09539,Porur,2022-12-09,20,0,1,1,0,1,0,0,0,0,0.0,0.090086,0,0.0,0,79,2,0,0.8503,0.1746,GREEN,35,Chennai
CLM0012521,CHE_06442,Chromepet,2023-11-06,12,0,0,0,0,0,0,0,0,1,0.0,0.240731,0,0.0,0,356,3,3,0.939,0.1164,GREEN,38,Chennai
CLM0012522,CHE_09583,Tambaram,2024-02-16,7,0,0,0,0,0,0,0,1,0,0.0,0.232508,1,0.0,0,25,3,3,0.8753,0.1489,GREEN,47,Chennai
CLM0012523,CHE_01508,Perambur,2022-01-13,18,0,0,0,0,0,0,0,0,0,0.0,0.211925,0,0.0,0,227,2,0,0.835,0.0999,GREEN,27,Chennai
CLM0012524,CHE_07808,Porur,2022-08-22,21,0,0,0,0,0,0,0,0,1,1.0,0.0,0,0.0,0,85,4,0,0.972,0.1652,GREEN,26,Chennai
CLM0012525,CHE_08900,Adyar,2022-12-28,8,0,0,0,0,0,0,0,0,1,0.0,0.174571,0,0.0,0,363,2,2,0.05,0.2171,GREEN,32,Chennai
CLM0012526,CHE_07766,T Nagar,2021-12-29,13,0,0,0,0,0,0,0,0,0,0.0,0.0,0,0.0,0,108,3,9,0.7834,0.0486,GREEN,49,Chennai
CLM0012527,CHE_05171,Sholinganallur,2024-09-18,7,0,0,0,0,0,0,0,0,0,0.0,0.149345,0,0.0,0,117,2,5,0.888,0.0881,GREEN,47,Chennai
CLM0012528,CHE_06240,Chromepet,2018-10-13,13,0,0,0,0,0,0,0,0,0,1.0,0.189405,0,0.0,0,306,3,1,0.86,0.0413,GREEN,57,Chennai
CLM0012529,CHE_01823,Guindy,2019-02-07,15,0,0,0,0,0,0,1,0,1,0.0,0.216807,0,1.0,1,373,1,3,0.8275,0.2661,GREEN,49,Chennai
CLM0012530,CHE_07008,Sholinganallur,2024-12-24,12,0,0,0,1,0,0,0,0,0,0.0,0.358,1,0.0,0,280,4,1,0.05,0.2464,GREEN,24,Chennai
CLM0012531,CHE_00540,Adyar,2019-10-16,10,0,0,0,1,0,0,0,0,0,0.0,0.249453,0,0.0,0,420,2,0,0.2639,0.1531,GREEN,43,Chennai
CLM0012532,CHE_04528,Adyar,2019-04-27,21,0,0,0,0,0,0,0,0,0,0.0,0.453128,0,0.0,0,290,1,1,0.5031,0.0,GREEN,36,Chennai
CLM0012533,CHE_02601,Tambaram,2020-05-15,12,0,0,0,0,0,0,0,0,0,0.0,0.173638,1,0.0,0,344,4,3,0.8085,0.0417,GREEN,35,Chennai
CLM0012534,CHE_00405,Perambur,2019-07-05,17,0,1,1,0,0,0,0,0,0,0.0,0.055111,0,0.0,0,230,3,3,0.9649,0.0549,GREEN,18,Chennai
CLM0012535,CHE_09864,Sholinganallur,2016-06-05,11,0,0,0,0,0,0,0,0,0,0.0,0.090614,0,0.0,0,169,3,0,0.9538,0.129,GREEN,45,Chennai
CLM0012536,CHE_04724,Adyar,2020-05-26,10,0,0,0,0,0,0,0,1,0,0.0,0.128532,0,0.0,0,143,0,1,0.6848,0.0837,GREEN,35,Chennai
CLM0012537,CHE_07429,Tambaram,2017-02-10,18,0,0,0,0,0,0,0,1,0,0.0,0.293921,0,0.0,0,122,4,5,0.6274,0.1127,GREEN,39,Chennai
CLM0012538,CHE_00238,Perambur,2020-07-03,14,0,0,0,0,0,0,0,0,0,0.0,0.410578,0,0.0,0,420,3,2,0.7465,0.0,GREEN,43,Chennai
CLM0012539,CHE_04214,T Nagar,2022-03-09,14,0,1,1,1,1,1,1,1,1,1.0,0.875221,0,1.0,0,49,1,18,0.1274,0.7599,RED,26,Chennai
CLM0012540,CHE_00564,Anna Nagar,2020-06-26,15,0,1,1,0,0,0,0,0,0,0.0,1.0,0,0.0,0,105,0,2,0.7438,0.5222,YELLOW,31,Chennai
CLM0012541,CHE_06814,Porur,2024-12-20,20,0,1,1,1,0,1,1,1,1,1.0,0.959478,0,0.0,0,5,0,18,0.2326,0.6908,RED,41,Chennai
CLM0012542,CHE_06549,Porur,2019-02-14,7,0,1,1,1,1,1,1,1,1,0.0,1.0,0,0.0,1,5,0,18,0.05,0.8418,RED,41,Chennai
CLM0012543,CHE_02629,Sholinganallur,2018-01-17,13,0,1,1,0,1,0,0,1,0,0.0,0.965819,1,1.0,1,5,2,18,0.4003,0.5012,YELLOW,51,Chennai
CLM0012544,CHE_00254,Guindy,2024-03-21,9,0,1,1,0,1,1,0,1,0,1.0,0.893887,1,1.0,0,5,2,18,0.0687,0.3955,YELLOW,32,Chennai
CLM0012545,CHE_05446,Guindy,2019-01-27,17,0,1,1,0,0,0,0,0,0,0.0,0.982691,0,0.0,0,391,0,1,0.9636,0.6167,RED,55,Chennai
CLM0012546,CHE_05384,Guindy,2021-04-07,19,0,1,1,1,1,0,1,1,1,0.0,1.0,0,0.0,0,5,2,18,0.374,0.7231,RED,23,Chennai
CLM0012547,CHE_01602,T Nagar,2019-08-17,12,0,1,1,1,1,1,1,1,1,1.0,1.0,1,0.0,0,5,0,18,0.1436,0.6918,RED,31,Chennai
CLM0012548,CHE_05646,Adyar,2023-11-19,9,0,1,1,0,0,1,1,0,1,1.0,1.0,0,1.0,0,24,2,18,0.8991,0.4465,YELLOW,37,Chennai
CLM0012549,CHE_09371,Guindy,2017-06-11,10,0,1,1,1,1,0,1,1,1,0.0,0.916039,0,0.0,1,34,1,18,0.3309,0.6963,RED,45,Chennai
CLM0012550,CHE_02899,T Nagar,2024-10-28,14,0,1,1,1,1,0,1,1,1,1.0,1.0,0,0.0,0,49,2,18,0.3308,0.7614,RED,41,Chennai
CLM0012551,CHE_07322,Chromepet,2024-11-13,18,0,0,0,1,0,0,0,0,0,1.0,0.995911,0,1.0,0,237,3,0,0.7074,0.1023,GREEN,49,Chennai
CLM0012552,CHE_03599,Chromepet,2017-04-04,17,0,0,0,0,0,0,0,0,0,1.0,0.953984,0,1.0,0,77,0,3,0.7484,0.0232,GREEN,35,Chennai
CLM0012553,CHE_08209,Guindy,2019-01-31,17,0,0,0,0,0,0,0,0,0,0.0,0.138876,0,0.0,0,50,2,3,0.05,0.0,GREEN,28,Chennai
CLM0012554,CHE_06879,Porur,2019-02-24,14,0,0,0,0,0,0,0,0,0,0.0,0.128869,0,1.0,0,420,0,2,0.9229,0.1018,GREEN,41,Chennai
CLM0012555,CHE_02099,T Nagar,2025-11-20,19,0,1,1,0,0,0,0,0,0,0.0,0.220204,0,0.0,0,420,0,1,0.6966,0.7436,RED,44,Chennai
CLM0012556,CHE_08623,Tambaram,2019-04-21,15,0,1,1,1,1,1,1,0,1,1.0,0.898695,0,1.0,1,5,2,18,0.05,0.7115,RED,35,Chennai
CLM0012557,CHE_04084,T Nagar,2022-02-23,19,0,1,1,0,0,0,0,1,0,0.0,0.144063,1,0.0,0,247,0,0,0.506,0.6516,RED,43,Chennai
CLM0012558,CHE_09367,Guindy,2018-01-17,9,0,1,1,1,0,0,0,1,1,1.0,0.952591,1,0.0,1,5,0,18,0.8698,0.7326,RED,37,Chennai
CLM0012559,CHE_05926,Anna Nagar,2024-02-21,12,0,1,1,0,1,1,1,1,0,1.0,0.550966,1,0.0,1,5,0,18,0.3616,0.6684,RED,61,Chennai
CLM0012560,CHE_09599,Porur,2023-07-28,9,0,1,1,0,0,0,1,1,0,0.0,0.0,1,0.0,0,5,1,18,0.98,0.3312,YELLOW,31,Chennai
CLM0012561,CHE_05077,Guindy,2021-12-28,13,0,1,1,0,0,1,1,1,1,0.0,0.40407,1,0.0,1,27,2,18,0.1138,0.6976,RED,29,Chennai
CLM0012562,CHE_02774,T Nagar,2017-11-23,19,0,1,1,0,1,0,1,1,1,1.0,0.988735,0,1.0,1,23,1,18,0.5339,0.7125,RED,35,Chennai
CLM0012563,CHE_09237,Porur,2020-07-27,21,0,1,1,0,0,0,0,0,0,0.0,0.107546,0,0.0,0,268,2,4,0.5014,0.5916,YELLOW,30,Chennai
CLM0012564,CHE_09084,Adyar,2017-12-28,18,0,1,1,1,1,0,1,0,1,0.0,0.128395,0,0.0,1,6,2,18,0.2465,0.7603,RED,52,Chennai
CLM0012565,CHE_00052,Anna Nagar,2024-10-27,16,0,1,1,1,0,1,1,1,1,0.0,0.094528,0,0.0,1,39,2,18,0.9138,0.7305,RED,54,Chennai
CLM0012566,CHE_05034,Anna Nagar,2024-01-07,10,0,1,1,1,0,1,1,1,0,0.0,0.13802,0,0.0,0,5,2,18,0.98,0.6563,RED,47,Chennai
CLM0012567,CHE_08156,Porur,2023-01-23,11,0,0,0,1,0,1,0,0,0,0.0,0.242319,0,0.0,0,5,2,0,0.5493,0.2656,GREEN,29,Chennai
CLM0012568,CHE_08212,Adyar,2025-03-20,13,0,0,0,0,0,0,0,0,0,0.0,0.169523,0,0.0,0,205,3,2,0.9338,0.0,GREEN,40,Chennai
CLM0012569,CHE_07131,Guindy,2024-10-13,13,0,0,0,0,0,0,0,0,1,0.0,0.497164,0,0.0,0,157,4,0,0.5661,0.1018,GREEN,48,Chennai
CLM0012570,CHE_05972,Chromepet,2023-09-02,18,0,0,0,0,0,0,0,0,0,0.0,0.075633,0,0.0,0,263,0,1,0.98,0.0077,GREEN,35,Chennai
CLM0012571,CHE_01511,Guindy,2025-10-17,17,0,0,0,0,0,0,0,0,0,0.0,0.943115,0,0.0,0,53,0,4,0.6555,0.0,GREEN,35,Chennai
CLM0012572,CHE_07515,Chromepet,2024-07-07,14,0,1,1,0,0,0,0,0,0,0.0,0.107029,0,0.0,0,373,2,3,0.8148,0.0827,GREEN,39,Chennai
CLM0012573,CHE_00752,Anna Nagar,2025-08-17,14,0,0,0,0,0,0,0,0,0,0.0,0.152229,0,0.0,0,60,1,2,0.2497,0.0,GREEN,43,Chennai
CLM0012574,CHE_06866,Velachery,2022-10-08,10,0,0,0,0,0,0,0,0,0,0.0,0.21499,0,0.0,0,97,1,1,0.964,0.0,GREEN,55,Chennai
CLM0012575,CHE_00728,Adyar,2025-01-20,16,0,0,0,0,0,1,0,0,0,1.0,1.0,0,0.0,0,311,0,2,0.6006,0.262,GREEN,36,Chennai
CLM0012576,CHE_01054,Velachery,2022-07-30,21,0,0,0,0,0,0,0,0,0,0.0,0.390938,0,0.0,0,420,3,7,0.8665,0.1597,GREEN,37,Chennai
CLM0012577,CHE_03383,Velachery,2024-02-03,20,0,1,1,0,0,0,0,0,0,0.0,0.273461,0,0.0,0,293,1,0,0.0761,0.227,GREEN,61,Chennai
CLM0012578,CHE_03873,Tambaram,2024-05-24,11,0,0,0,1,0,1,0,1,1,0.0,1.0,0,1.0,0,31,1,18,0.4584,0.0101,GREEN,30,Chennai
CLM0012579,CHE_00790,Adyar,2020-12-30,18,0,0,0,0,0,1,0,0,0,0.0,0.26095,0,0.0,0,310,1,7,0.05,0.066,GREEN,29,Chennai
CLM0012580,CHE_04227,Perambur,2024-04-17,8,0,0,0,0,0,0,0,0,0,0.0,0.158732,0,0.0,0,312,2,0,0.7665,0.0,GREEN,35,Chennai
CLM0012581,CHE_03026,Sholinganallur,2021-09-02,19,0,0,0,1,0,0,0,0,0,0.0,0.365003,0,0.0,0,420,0,2,0.98,0.196,GREEN,30,Chennai
CLM0012582,CHE_01952,Sholinganallur,2024-06-09,15,0,0,0,0,0,1,0,0,0,0.0,0.138681,0,0.0,0,257,0,1,0.9229,0.1525,GREEN,52,Chennai
CLM0012583,CHE_03514,Anna Nagar,2021-02-27,10,0,0,0,0,0,0,0,0,0,0.0,0.0,0,0.0,0,176,3,0,0.4719,0.0062,GREEN,62,Chennai
CLM0012584,CHE_08253,Adyar,2023-08-24,13,0,0,0,0,0,0,0,1,0,0.0,0.122621,0,0.0,0,122,0,2,0.8289,0.1423,GREEN,43,Chennai
CLM0012585,CHE_08820,Anna Nagar,2020-10-09,14,0,0,0,1,0,0,0,1,0,0.0,0.160118,0,0.0,0,412,2,4,0.097,0.2278,GREEN,30,Chennai
CLM0012586,CHE_03062,Guindy,2019-06-05,13,0,0,0,0,0,0,0,0,0,0.0,0.398801,0,0.0,0,341,2,0,0.4412,0.071,GREEN,38,Chennai
CLM0012587,CHE_03488,Velachery,2024-05-22,14,0,0,0,0,0,0,0,0,0,0.0,0.369189,0,0.0,0,388,1,7,0.6502,0.0,GREEN,29,Chennai
CLM0012588,CHE_08535,Perambur,2018-06-05,19,0,0,0,0,0,0,0,0,0,0.0,0.225285,0,0.0,0,307,2,0,0.5477,0.0,GREEN,28,Chennai
CLM0012589,CHE_09751,Chromepet,2019-05-17,18,0,0,0,0,0,0,0,0,0,0.0,0.180809,0,0.0,0,392,1,4,0.8738,0.0,GREEN,40,Chennai
CLM0012590,CHE_03816,Adyar,2023-06-03,16,0,0,0,0,1,0,1,1,0,0.0,0.974919,0,0.0,0,24,0,18,0.2371,0.068,GREEN,58,Chennai
CLM0012591,CHE_05589,Tambaram,2017-12-15,11,0,0,0,0,0,0,0,0,0,0.0,0.213826,0,0.0,0,141,3,4,0.5156,0.0353,GREEN,44,Chennai
CLM0012592,CHE_00981,Porur,2021-04-05,14,0,0,0,0,0,0,0,0,0,0.0,0.0,0,0.0,0,420,2,3,0.98,0.0391,GREEN,35,Chennai
CLM0012593,CHE_09106,Adyar,2021-09-11,11,0,0,0,0,0,0,0,0,0,0.0,0.349513,0,0.0,0,129,0,4,0.959,0.0133,GREEN,48,Chennai
CLM0012594,CHE_05913,Sholinganallur,2018-05-24,15,0,0,0,0,0,0,0,0,0,0.0,0.20763,0,0.0,0,415,4,4,0.1937,0.0,GREEN,26,Chennai
CLM0012595,CHE_05524,Velachery,2025-10-24,8,0,0,0,0,0,0,0,0,0,0.0,0.376545,0,0.0,0,22,4,3,0.9532,0.0,GREEN,32,Chennai
CLM0012596,CHE_02539,Porur,2024-08-30,18,0,0,0,0,0,0,0,0,0,0.0,0.250215,0,0.0,0,251,4,1,0.98,0.0155,GREEN,40,Chennai
CLM0012597,CHE_01041,T Nagar,2025-02-21,11,0,0,0,1,0,1,0,0,0,0.0,0.143395,0,0.0,0,172,3,1,0.6192,0.3291,YELLOW,37,Chennai
CLM0012598,CHE_01529,Adyar,2024-12-06,16,0,0,0,0,1,0,0,0,0,0.0,0.398395,0,0.0,0,360,1,6,0.9226,0.1428,GREEN,30,Chennai
CLM0012599,CHE_07639,Tambaram,2019-09-05,15,0,0,0,0,1,1,1,1,1,0.0,0.99214,0,1.0,0,20,1,18,0.05,0.0856,GREEN,19,Chennai
CLM0012600,CHE_02520,Velachery,2023-09-16,20,0,0,0,0,0,0,1,0,0,0.0,0.381504,0,0.0,0,355,0,0,0.7915,0.0,GREEN,38,Chennai
CLM0012601,CHE_04154,Velachery,2023-02-05,11,0,0,0,0,0,0,0,0,0,0.0,1.0,0,0.0,0,420,0,2,0.6049,0.0279,GREEN,34,Chennai
CLM0012602,CHE_02789,Adyar,2021-03-06,19,0,0,0,0,0,0,0,0,0,0.0,0.173504,0,0.0,0,193,0,6,0.05,0.0,GREEN,41,Chennai
CLM0012603,CHE_03327,Anna Nagar,2025-06-09,19,0,0,0,1,0,0,0,0,0,0.0,0.0,0,0.0,0,289,2,1,0.904,0.2244,GREEN,44,Chennai
CLM0012604,CHE_06118,Chromepet,2024-12-15,14,0,0,0,0,0,0,0,0,0,1.0,0.189321,0,0.0,0,80,0,3,0.5408,0.1626,GREEN,54,Chennai
CLM0012605,CHE_09674,Adyar,2020-08-26,10,0,0,0,0,0,0,0,0,0,0.0,0.142137,0,0.0,0,405,2,5,0.4967,0.0301,GREEN,27,Chennai
CLM0012606,CHE_02436,Porur,2024-07-19,21,0,0,0,0,0,1,1,0,1,0.0,0.058744,0,0.0,1,321,3,1,0.98,0.2226,GREEN,18,Chennai
CLM0012607,CHE_05648,Velachery,2023-07-24,12,0,0,0,0,0,0,0,0,0,1.0,0.067172,0,0.0,0,172,2,5,0.589,0.0752,GREEN,43,Chennai
CLM0012608,CHE_06299,Chromepet,2025-02-08,14,0,1,1,0,0,0,0,0,0,1.0,0.220675,0,0.0,0,249,0,3,0.4069,0.7266,RED,63,Chennai
CLM0012609,CHE_07607,Porur,2025-01-13,12,0,1,1,1,1,0,1,1,1,1.0,1.0,1,1.0,1,5,1,18,0.3304,0.893,RED,39,Chennai
CLM0012610,CHE_00410,Adyar,2025-07-13,11,0,1,1,1,0,1,0,1,1,0.0,1.0,0,0.0,0,8,1,13,0.1279,0.5187,YELLOW,46,Chennai
CLM0012611,CHE_00240,Sholinganallur,2025-07-05,18,0,1,1,0,0,0,1,1,1,1.0,0.135368,0,1.0,1,5,2,18,0.8392,0.5635,YELLOW,31,Chennai
CLM0012612,CHE_08048,Velachery,2024-04-07,12,0,1,1,0,0,0,0,0,0,0.0,0.23963,0,0.0,0,420,2,0,0.9248,0.8888,RED,38,Chennai
CLM0012613,CHE_04447,Guindy,2025-02-09,15,0,0,0,0,0,0,0,0,0,0.0,0.185046,0,0.0,0,335,0,3,0.9549,0.0,GREEN,48,Chennai
CLM0012614,CHE_07944,Anna Nagar,2018-11-27,21,0,0,0,0,0,0,0,0,0,0.0,0.056767,0,0.0,0,289,1,4,0.9342,0.0,GREEN,49,Chennai
CLM0012615,CHE_07465,Perambur,2021-11-30,11,0,0,0,0,0,0,0,0,0,1.0,0.414489,0,0.0,1,231,3,0,0.6694,0.1207,GREEN,29,Chennai
CLM0012616,CHE_09269,T Nagar,2019-05-22,11,0,0,0,0,0,0,0,0,0,0.0,0.101735,0,0.0,0,303,1,3,0.7816,0.1209,GREEN,34,Chennai
CLM0012617,CHE_04935,Guindy,2025-12-20,15,0,0,0,0,0,0,0,0,0,0.0,0.12957,1,0.0,0,368,1,0,0.7336,0.1492,GREEN,52,Chennai
CLM0012618,CHE_05505,Porur,2025-01-09,17,0,0,0,0,0,0,0,0,0,0.0,0.333054,0,0.0,0,420,0,6,0.098,0.0,GREEN,43,Chennai
CLM0012619,CHE_02033,Adyar,2024-01-23,9,0,0,0,0,0,0,0,0,0,0.0,0.971564,0,0.0,0,420,0,0,0.7194,0.0,GREEN,26,Chennai
CLM0012620,CHE_08245,Porur,2023-12-07,21,0,0,0,0,0,0,0,0,0,0.0,0.345343,0,0.0,1,131,1,4,0.7301,0.0459,GREEN,35,Chennai
CLM0012621,CHE_06133,Velachery,2022-08-18,8,0,0,0,0,0,0,0,0,0,0.0,0.267823,0,0.0,0,128,1,4,0.5887,0.0,GREEN,18,Chennai
CLM0012622,CHE_03326,T Nagar,2020-03-24,13,0,0,0,0,0,1,0,0,0,0.0,0.239373,0,0.0,0,98,4,5,0.05,0.1001,GREEN,49,Chennai
CLM0012623,CHE_07739,Sholinganallur,2017-08-12,21,0,0,0,0,0,0,0,1,0,0.0,0.34192,0,0.0,0,407,2,0,0.7032,0.0678,GREEN,33,Chennai
CLM0012624,CHE_05980,Sholinganallur,2019-11-12,7,0,0,0,0,0,0,1,1,0,0.0,0.330825,0,0.0,0,59,0,2,0.6818,0.1676,GREEN,22,Chennai
CLM0012625,CHE_05905,Anna Nagar,2023-12-10,21,0,0,0,0,0,0,0,0,0,1.0,0.420662,0,0.0,0,420,3,3,0.6897,0.0823,GREEN,20,Chennai
CLM0012626,CHE_06533,Perambur,2025-05-06,17,0,0,0,0,0,0,0,0,0,0.0,0.02163,0,0.0,0,332,4,1,0.7969,0.0445,GREEN,43,Chennai
CLM0012627,CHE_09671,Sholinganallur,2024-05-19,14,0,0,0,0,0,1,0,0,0,0.0,0.21052,0,0.0,0,141,2,0,0.9352,0.1493,GREEN,53,Chennai
CLM0012628,CHE_05087,Tambaram,2025-07-19,13,0,0,0,0,0,0,0,0,0,0.0,0.315057,0,0.0,0,342,1,2,0.7671,0.0345,GREEN,36,Chennai
CLM0012629,CHE_01898,Tambaram,2025-05-06,14,0,0,0,0,1,0,0,0,0,0.0,0.018669,0,0.0,0,46,0,5,0.98,0.2409,GREEN,30,Chennai
CLM0012630,CHE_07731,Porur,2024-10-31,20,0,0,0,0,0,0,0,0,0,1.0,0.253481,0,0.0,0,305,3,0,0.2353,0.1167,GREEN,18,Chennai
CLM0012631,CHE_00149,Tambaram,2025-04-28,20,0,0,0,1,0,0,0,0,0,0.0,0.361698,0,0.0,0,420,0,0,0.98,0.1293,GREEN,31,Chennai
CLM0012632,CHE_00639,T Nagar,2025-04-03,13,0,0,0,0,0,0,0,0,0,0.0,0.137598,0,0.0,0,281,3,0,0.6351,0.0757,GREEN,52,Chennai
CLM0012633,CHE_05330,Perambur,2024-08-20,17,0,0,0,0,0,0,0,0,0,0.0,0.203069,0,0.0,0,61,0,2,0.7525,0.0021,GREEN,47,Chennai
CLM0012634,CHE_07294,Guindy,2024-03-24,15,0,0,0,0,0,0,1,0,0,0.0,0.221235,0,0.0,0,176,4,0,0.9399,0.1006,GREEN,43,Chennai
CLM0012635,CHE_09584,Adyar,2023-05-27,13,0,0,0,0,0,0,0,0,0,0.0,0.012372,0,0.0,0,243,1,2,0.8418,0.0208,GREEN,37,Chennai
CLM0012636,CHE_02846,Perambur,2024-09-15,16,0,0,0,0,0,0,0,0,0,0.0,0.147432,0,0.0,0,416,0,4,0.1167,0.0,GREEN,50,Chennai
CLM0012637,CHE_03702,Chromepet,2017-12-04,18,0,0,0,0,0,0,0,0,0,0.0,1.0,0,0.0,0,420,0,4,0.8412,0.0,GREEN,42,Chennai
CLM0012638,CHE_07187,Perambur,2025-02-25,7,0,0,0,0,0,0,0,0,0,1.0,0.302316,1,0.0,0,420,0,6,0.7292,0.1129,GREEN,36,Chennai
CLM0012639,CHE_00047,Perambur,2019-01-31,7,0,0,0,1,1,0,1,1,1,0.0,0.092972,1,0.0,0,16,2,18,0.98,0.0467,GREEN,38,Chennai
CLM0012640,CHE_03652,Adyar,2016-05-17,14,0,0,0,0,0,0,0,0,0,0.0,0.031121,0,0.0,0,125,0,2,0.4781,0.0172,GREEN,30,Chennai
CLM0012641,CHE_07632,Guindy,2019-01-10,17,0,0,0,0,0,0,0,0,0,0.0,0.055594,0,0.0,0,153,0,4,0.6886,0.0025,GREEN,35,Chennai
CLM0012642,CHE_09173,Adyar,2017-05-07,14,0,0,0,0,0,0,0,0,1,0.0,0.338542,0,0.0,0,372,1,1,0.6708,0.1727,GREEN,52,Chennai
CLM0012643,CHE_07160,Adyar,2024-12-16,13,0,0,0,0,0,0,0,1,0,0.0,0.114904,0,0.0,0,328,1,0,0.5787,0.0151,GREEN,56,Chennai
CLM0012644,CHE_03756,Guindy,2021-03-09,17,0,0,0,0,0,0,0,0,0,0.0,0.917329,0,0.0,0,345,3,5,0.543,0.0074,GREEN,40,Chennai
CLM0012645,CHE_04475,Tambaram,2025-12-26,9,0,0,0,0,0,0,0,0,0,0.0,0.256542,0,0.0,0,382,0,8,0.7454,0.0,GREEN,37,Chennai
CLM0012646,CHE_00512,T Nagar,2025-04-29,16,0,0,0,0,0,1,0,0,0,0.0,0.980186,0,0.0,0,291,0,2,0.9165,0.1038,GREEN,25,Chennai
CLM0012647,CHE_04213,Perambur,2025-11-30,12,0,0,0,0,0,0,0,0,0,0.0,0.322984,0,0.0,0,341,1,3,0.6339,0.0,GREEN,34,Chennai
CLM0012648,CHE_00339,Chromepet,2024-12-28,14,0,0,0,0,0,0,0,0,0,0.0,0.316845,0,0.0,1,404,3,3,0.7808,0.1246,GREEN,51,Chennai
CLM0012649,CHE_00249,T Nagar,2025-03-08,11,0,0,0,0,0,0,1,0,0,1.0,0.423349,0,0.0,0,47,4,0,0.1185,0.1028,GREEN,21,Chennai
CLM0012650,CHE_06461,Anna Nagar,2025-12-16,17,0,0,0,0,0,0,0,0,0,0.0,0.992281,0,0.0,0,113,2,5,0.9268,0.0661,GREEN,58,Chennai
CLM0012651,CHE_09792,Perambur,2025-07-21,19,0,0,0,0,0,0,0,0,0,0.0,0.072275,0,0.0,0,420,3,1,0.8672,0.0,GREEN,30,Chennai
CLM0012652,CHE_01091,Porur,2025-05-04,16,0,0,0,0,0,1,0,0,0,0.0,0.216738,0,0.0,0,420,1,0,0.6174,0.0425,GREEN,33,Chennai
CLM0012653,CHE_03116,Perambur,2025-02-28,12,0,0,0,0,0,0,0,0,0,0.0,0.989115,0,0.0,0,233,1,6,0.5966,0.2073,GREEN,34,Chennai
CLM0012654,CHE_03467,Porur,2025-01-21,14,0,0,0,0,0,0,0,0,0,0.0,0.252413,0,0.0,0,36,2,0,0.7175,0.0518,GREEN,34,Chennai
CLM0012655,CHE_07694,T Nagar,2024-12-17,12,0,0,0,0,0,0,0,0,0,1.0,0.180415,0,0.0,0,16,1,0,0.05,0.0699,GREEN,40,Chennai
CLM0012656,CHE_02788,Adyar,2020-01-24,16,0,0,0,0,0,0,0,0,0,0.0,0.385481,0,0.0,0,338,0,1,0.7195,0.0933,GREEN,32,Chennai
CLM0012657,CHE_08652,Porur,2023-05-05,7,0,0,0,0,0,1,0,0,0,0.0,0.22756,0,0.0,0,377,2,0,0.7623,0.0796,GREEN,34,Chennai
CLM0012658,CHE_00677,Porur,2024-04-01,18,0,0,0,0,0,0,0,0,0,0.0,0.137146,0,0.0,1,56,4,4,0.8937,0.0882,GREEN,34,Chennai
CLM0012659,CHE_03740,Tambaram,2025-05-03,20,0,0,0,0,0,0,0,0,0,0.0,0.184366,0,0.0,0,420,4,1,0.98,0.0,GREEN,28,Chennai
CLM0012660,CHE_03084,Chromepet,2019-01-29,12,0,0,0,0,0,0,0,0,0,0.0,0.076378,0,0.0,0,389,2,1,0.1746,0.0808,GREEN,45,Chennai
CLM0012661,CHE_00041,Anna Nagar,2020-06-04,15,0,0,0,0,0,0,0,0,0,0.0,0.092564,0,0.0,0,131,2,0,0.093,0.0457,GREEN,27,Chennai
CLM0012662,CHE_05908,Velachery,2019-03-02,19,0,0,0,0,0,0,0,0,0,0.0,0.148973,0,0.0,0,239,0,0,0.9462,0.0229,GREEN,34,Chennai
CLM0012663,CHE_08063,Anna Nagar,2020-09-01,10,0,0,0,0,0,0,0,0,0,0.0,0.248717,0,0.0,0,420,2,0,0.6524,0.0,GREEN,53,Chennai
CLM0012664,CHE_05999,T Nagar,2023-04-08,15,0,0,0,1,0,0,0,0,0,0.0,0.949463,0,0.0,0,378,2,0,0.98,0.1355,GREEN,26,Chennai
CLM0012665,CHE_03494,T Nagar,2023-11-16,13,0,0,0,0,0,0,0,0,0,0.0,0.196413,0,0.0,0,420,2,0,0.6337,0.0632,GREEN,29,Chennai
CLM0012666,CHE_07075,T Nagar,2024-05-03,21,0,0,0,0,1,0,0,1,0,0.0,0.86265,0,0.0,0,234,4,5,0.98,0.2331,GREEN,44,Chennai
CLM0012667,CHE_00105,T Nagar,2025-06-19,12,0,1,1,0,0,0,0,0,0,0.0,0.963772,0,0.0,0,313,0,3,0.05,0.0156,GREEN,28,Chennai
CLM0012668,CHE_09190,Chromepet,2024-04-05,17,0,0,0,0,0,0,0,0,1,0.0,0.857838,0,0.0,0,420,3,5,0.6177,0.1075,GREEN,40,Chennai
CLM0012669,CHE_08330,Sholinganallur,2025-08-08,11,0,0,0,0,0,0,0,0,0,0.0,0.172346,0,0.0,0,348,3,4,0.9125,0.0819,GREEN,18,Chennai
CLM0012670,CHE_03798,Adyar,2018-08-19,9,0,0,0,0,0,1,1,0,0,0.0,0.121646,0,0.0,0,378,3,0,0.8067,0.137,GREEN,46,Chennai
CLM0012671,CHE_00610,Tambaram,2024-11-19,15,0,0,0,0,0,1,0,0,0,0.0,0.315097,0,0.0,1,388,0,2,0.7334,0.1398,GREEN,35,Chennai
CLM0012672,CHE_07633,Velachery,2022-10-31,8,0,0,0,0,0,0,0,0,0,0.0,0.274847,0,0.0,0,312,2,2,0.8993,0.0538,GREEN,46,Chennai
CLM0012673,CHE_06129,Guindy,2025-12-21,14,0,0,0,0,0,0,0,0,0,1.0,1.0,0,1.0,0,302,1,5,0.05,0.0039,GREEN,39,Chennai
CLM0012674,CHE_04854,Adyar,2023-02-13,9,0,0,0,0,0,0,0,0,0,0.0,0.17743,0,0.0,0,420,3,0,0.5774,0.0322,GREEN,36,Chennai
CLM0012675,CHE_09779,Sholinganallur,2022-03-21,14,0,1,1,0,0,0,0,0,0,0.0,0.0,0,0.0,0,148,1,3,0.797,0.0,GREEN,40,Chennai
CLM0012676,CHE_02523,Chromepet,2019-09-11,9,0,0,0,0,0,1,0,0,0,1.0,0.110782,0,0.0,0,420,2,3,0.8804,0.0364,GREEN,28,Chennai
CLM0012677,CHE_08445,T Nagar,2017-05-05,7,0,0,0,0,0,0,0,0,0,0.0,0.199339,0,0.0,0,180,1,1,0.3864,0.0,GREEN,55,Chennai
CLM0012678,CHE_07285,Anna Nagar,2017-03-27,17,0,1,1,0,0,0,0,0,0,0.0,0.305028,0,0.0,0,362,1,4,0.8209,0.0,GREEN,26,Chennai
CLM0012679,CHE_02739,Perambur,2023-09-24,20,0,0,0,0,0,0,0,0,0,0.0,0.184296,0,0.0,0,268,4,3,0.6141,0.0,GREEN,38,Chennai
CLM0012680,CHE_01009,T Nagar,2025-04-23,10,0,0,0,0,0,1,0,0,0,0.0,0.229512,0,1.0,0,83,2,2,0.7766,0.1173,GREEN,34,Chennai
CLM0012681,CHE_09204,Velachery,2025-11-09,7,0,0,0,1,0,1,1,1,0,0.0,0.0,0,1.0,1,38,0,18,0.8826,0.0394,GREEN,40,Chennai
CLM0012682,CHE_09410,Anna Nagar,2025-11-07,9,0,0,0,0,0,0,0,0,0,0.0,1.0,0,0.0,0,303,3,1,0.6831,0.0125,GREEN,30,Chennai
CLM0012683,CHE_06718,Sholinganallur,2025-04-07,7,0,0,0,0,0,0,0,0,0,1.0,0.0,0,0.0,0,420,0,0,0.5638,0.0313,GREEN,47,Chennai
CLM0012684,CHE_07996,Perambur,2024-05-19,10,0,0,0,0,0,0,0,0,0,0.0,0.95068,0,0.0,0,383,4,7,0.7707,0.1124,GREEN,22,Chennai
CLM0012685,CHE_07138,Tambaram,2025-05-02,17,0,0,0,0,0,0,0,0,1,0.0,0.109641,0,0.0,0,357,0,0,0.599,0.1013,GREEN,37,Chennai
CLM0012686,CHE_04584,T Nagar,2025-01-07,8,0,0,0,0,0,0,1,0,0,0.0,0.897731,0,0.0,0,191,3,1,0.577,0.0174,GREEN,46,Chennai
CLM0012687,CHE_01455,Porur,2024-12-16,16,0,0,0,0,0,0,1,0,0,0.0,0.376893,0,0.0,0,234,4,1,0.6558,0.2412,GREEN,39,Chennai
CLM0012688,CHE_08731,Porur,2021-09-22,9,0,1,1,1,0,1,0,1,0,1.0,0.940307,0,1.0,1,5,2,18,0.2634,0.564,YELLOW,18,Chennai
CLM0012689,CHE_03365,Anna Nagar,2021-11-15,16,0,1,1,0,1,0,1,1,1,0.0,0.066301,0,0.0,1,25,2,18,0.9559,0.7059,RED,64,Chennai
CLM0012690,CHE_03211,Velachery,2024-03-27,17,0,1,1,1,0,0,1,0,1,1.0,0.962117,0,1.0,0,21,1,18,0.2903,0.4967,YELLOW,21,Chennai
CLM0012691,CHE_09639,Velachery,2022-05-30,9,0,1,1,1,0,1,1,1,1,1.0,1.0,0,0.0,1,5,2,18,0.1479,0.6986,RED,41,Chennai
CLM0012692,CHE_09739,Velachery,2024-03-12,9,0,1,1,0,1,1,1,1,1,1.0,0.616672,0,0.0,1,5,2,18,0.3065,0.7008,RED,36,Chennai
CLM0012693,CHE_09733,Porur,2022-12-25,10,0,1,1,1,1,0,1,1,1,1.0,0.927058,0,1.0,0,5,0,18,0.05,0.6575,RED,34,Chennai
CLM0012694,CHE_00739,T Nagar,2021-10-07,10,0,1,1,1,1,1,1,1,0,0.0,0.152832,0,1.0,0,5,0,18,0.3656,0.7368,RED,44,Chennai
CLM0012695,CHE_05814,Velachery,2023-05-15,9,0,1,1,1,1,1,1,0,1,0.0,0.177988,1,0.0,0,5,1,18,0.825,0.6055,YELLOW,43,Chennai
CLM0012696,CHE_01624,Adyar,2025-07-15,16,0,1,1,1,0,0,1,1,0,0.0,0.972153,0,1.0,1,11,1,18,0.335,0.448,YELLOW,48,Chennai
CLM0012697,CHE_08935,Guindy,2024-07-21,8,0,1,1,0,0,1,1,0,0,1.0,0.894849,0,0.0,1,34,1,18,0.2852,0.4373,YELLOW,26,Chennai
CLM0012698,CHE_09882,Tambaram,2023-07-05,16,0,1,1,1,1,1,1,1,1,1.0,0.942622,0,0.0,1,5,1,18,0.196,0.9416,RED,35,Chennai
CLM0012699,CHE_07171,Tambaram,2020-03-30,19,0,1,1,1,1,0,1,1,1,0.0,0.986033,0,1.0,1,5,2,18,0.8225,0.8513,RED,22,Chennai
CLM0012700,CHE_05907,Perambur,2020-02-26,20,0,1,1,1,1,1,1,0,0,1.0,1.0,0,0.0,0,5,1,18,0.05,0.556,YELLOW,43,Chennai
CLM0012701,CHE_01233,Velachery,2024-03-24,14,0,1,1,1,0,1,1,1,1,0.0,0.029543,0,0.0,0,5,0,18,0.8237,0.7951,RED,39,Chennai
CLM0012702,CHE_07476,T Nagar,2018-05-31,21,0,0,0,0,0,0,0,0,1,0.0,0.192183,0,0.0,1,420,2,2,0.595,0.285,GREEN,31,Chennai
CLM0012703,CHE_02866,Adyar,2018-03-06,10,0,0,0,0,0,0,0,0,0,0.0,0.066629,0,0.0,0,302,3,3,0.918,0.0,GREEN,36,Chennai
CLM0012704,CHE_01211,Sholinganallur,2023-11-30,10,0,0,0,0,1,1,0,0,0,0.0,0.331162,0,0.0,0,166,1,0,0.8657,0.1797,GREEN,55,Chennai
CLM0012705,CHE_08566,Sholinganallur,2019-04-05,13,0,0,0,0,0,0,1,0,0,0.0,0.161236,0,0.0,0,420,3,2,0.7625,0.1231,GREEN,28,Chennai
CLM0012706,CHE_02612,Velachery,2022-08-28,17,0,0,0,0,0,0,0,0,0,0.0,0.002801,0,0.0,0,368,3,3,0.4874,0.0081,GREEN,28,Chennai
CLM0012707,CHE_05372,T Nagar,2022-08-24,14,0,0,0,0,0,0,0,0,0,0.0,0.244747,0,0.0,0,55,3,4,0.7019,0.0918,GREEN,46,Chennai
CLM0012708,CHE_06383,Sholinganallur,2020-04-16,8,0,0,0,0,0,0,0,0,0,0.0,0.122065,1,0.0,0,226,4,2,0.9292,0.0697,GREEN,19,Chennai
CLM0012709,CHE_06023,Guindy,2021-04-20,19,0,0,0,0,0,0,0,0,1,0.0,1.0,0,0.0,0,71,3,0,0.8313,0.0976,GREEN,41,Chennai
CLM0012710,CHE_06676,Tambaram,2023-04-12,14,0,0,0,0,0,1,0,0,0,0.0,0.322387,0,0.0,0,420,4,4,0.6449,0.0087,GREEN,38,Chennai
CLM0012711,CHE_00431,Adyar,2023-10-28,21,0,0,0,0,0,0,0,0,0,0.0,0.977957,0,1.0,0,420,1,0,0.2441,0.0255,GREEN,26,Chennai
CLM0012712,CHE_09673,Tambaram,2023-09-02,15,0,0,0,1,1,0,1,1,1,1.0,0.982107,0,1.0,0,5,3,14,0.8045,0.1821,GREEN,51,Chennai
CLM0012713,CHE_03815,Guindy,2022-12-28,20,0,0,0,0,0,0,1,0,0,0.0,0.0,0,0.0,0,420,1,6,0.6879,0.1501,GREEN,34,Chennai
CLM0012714,CHE_01429,Chromepet,2018-10-31,20,0,0,0,0,0,0,0,0,0,0.0,0.011143,0,0.0,1,192,3,1,0.2134,0.0448,GREEN,38,Chennai
CLM0012715,CHE_09017,Guindy,2024-03-28,14,0,0,0,0,0,0,0,0,0,0.0,0.303974,0,0.0,0,126,0,0,0.7439,0.0,GREEN,34,Chennai
CLM0012716,CHE_08758,Tambaram,2019-06-10,21,0,0,0,0,0,0,0,0,0,0.0,0.060306,0,0.0,0,390,0,0,0.777,0.0,GREEN,52,Chennai
CLM0012717,CHE_06588,Perambur,2018-07-19,8,0,0,0,0,0,0,0,1,0,0.0,0.172908,1,0.0,0,364,2,0,0.78,0.1401,GREEN,30,Chennai
CLM0012718,CHE_05477,Chromepet,2018-04-30,10,0,0,0,0,0,0,0,1,0,0.0,0.073848,0,0.0,0,412,3,3,0.839,0.1699,GREEN,35,Chennai
CLM0012719,CHE_07066,Perambur,2022-11-01,16,0,0,0,0,0,0,0,0,0,0.0,0.104094,0,0.0,0,288,4,3,0.1651,0.0,GREEN,37,Chennai
CLM0012720,CHE_02716,Perambur,2024-05-01,8,0,0,0,0,0,0,0,1,0,0.0,0.251867,0,0.0,0,398,4,2,0.7239,0.1081,GREEN,40,Chennai
CLM0012721,CHE_01363,Guindy,2022-08-25,19,0,1,1,0,0,0,0,0,0,0.0,0.089788,0,0.0,0,420,1,0,0.98,0.0154,GREEN,34,Chennai
CLM0012722,CHE_09166,Tambaram,2024-01-19,19,0,0,0,0,0,0,0,1,0,0.0,1.0,0,0.0,0,317,3,1,0.1427,0.0704,GREEN,26,Chennai
CLM0012723,CHE_03453,Perambur,2017-08-19,15,0,0,0,0,0,0,0,0,0,0.0,0.145941,0,0.0,0,329,3,1,0.9447,0.0,GREEN,33,Chennai
CLM0012724,CHE_07991,Chromepet,2020-05-12,19,0,0,0,0,0,0,0,0,0,0.0,0.177679,0,0.0,0,203,4,2,0.6211,0.0315,GREEN,41,Chennai
CLM0012725,CHE_02096,T Nagar,2025-10-15,11,0,0,0,0,0,0,0,0,0,0.0,0.394867,0,0.0,0,335,2,2,0.98,0.0155,GREEN,55,Chennai
CLM0012726,CHE_03249,Anna Nagar,2024-11-23,18,0,0,0,0,0,0,0,0,0,0.0,0.0,0,0.0,0,129,4,0,0.4775,0.0504,GREEN,30,Chennai
CLM0012727,CHE_02621,Tambaram,2025-10-21,9,0,0,0,0,0,0,0,0,0,0.0,0.360957,1,0.0,0,420,3,0,0.3502,0.0896,GREEN,42,Chennai
CLM0012728,CHE_09017,Guindy,2023-02-05,8,0,0,0,0,0,1,0,0,0,0.0,0.365296,0,0.0,0,173,1,0,0.9764,0.2178,GREEN,34,Chennai
CLM0012729,CHE_00147,Adyar,2024-05-13,15,0,0,0,0,0,0,1,0,1,0.0,0.04444,1,0.0,0,299,1,0,0.4993,0.1623,GREEN,49,Chennai
CLM0012730,CHE_09211,T Nagar,2022-05-11,21,0,0,0,1,1,0,0,0,1,0.0,0.272615,0,0.0,0,336,1,1,0.9652,0.4376,YELLOW,35,Chennai
CLM0012731,CHE_02639,Anna Nagar,2018-08-04,21,0,0,0,0,0,0,0,0,0,0.0,0.277327,0,0.0,0,225,3,0,0.9674,0.0,GREEN,32,Chennai
CLM0012732,CHE_05618,Anna Nagar,2025-09-27,21,0,0,0,1,0,0,0,0,0,0.0,0.221579,0,0.0,0,115,0,5,0.1855,0.0957,GREEN,18,Chennai
CLM0012733,CHE_05731,Tambaram,2024-03-29,10,0,0,0,0,0,1,0,0,0,0.0,1.0,0,0.0,0,30,4,3,0.6369,0.1177,GREEN,38,Chennai
CLM0012734,CHE_06412,Perambur,2023-03-13,17,0,1,1,1,0,0,1,1,0,0.0,0.127577,0,0.0,1,31,2,18,0.917,0.4848,YELLOW,42,Chennai
CLM0012735,CHE_01248,Perambur,2021-11-19,14,0,1,1,0,0,0,1,0,0,0.0,0.215681,1,0.0,0,5,1,18,0.8677,0.301,GREEN,60,Chennai
CLM0012736,CHE_00427,Tambaram,2023-04-02,11,0,0,0,0,0,0,0,0,1,1.0,0.0,0,0.0,0,372,1,0,0.6988,0.1139,GREEN,40,Chennai
CLM0012737,CHE_06811,Tambaram,2019-08-30,14,0,0,0,0,0,0,0,0,0,0.0,0.116735,0,0.0,0,407,2,0,0.98,0.0043,GREEN,36,Chennai
CLM0012738,CHE_07053,Sholinganallur,2020-12-02,18,0,0,0,0,0,1,1,0,0,0.0,0.04659,0,0.0,1,420,2,4,0.6401,0.3045,GREEN,47,Chennai
CLM0012739,CHE_08594,Perambur,2024-07-13,17,0,0,0,0,0,0,0,0,0,0.0,0.160049,0,0.0,0,153,4,4,0.7807,0.0355,GREEN,35,Chennai
CLM0012740,CHE_09009,Adyar,2024-04-24,9,0,0,0,0,0,0,0,0,0,0.0,0.324706,0,0.0,0,185,4,0,0.5529,0.0248,GREEN,18,Chennai
CLM0012741,CHE_00594,Velachery,2020-03-08,10,0,0,0,0,0,0,0,0,0,0.0,0.134582,0,0.0,0,420,3,0,0.3265,0.0284,GREEN,32,Chennai
CLM0012742,CHE_08629,Chromepet,2019-05-18,16,0,0,0,0,0,0,0,0,0,0.0,0.163038,0,0.0,0,143,3,4,0.6022,0.0706,GREEN,44,Chennai
CLM0012743,CHE_07633,Velachery,2018-11-04,13,0,0,0,1,0,1,1,1,1,0.0,0.187907,1,0.0,0,10,0,18,0.9435,0.0615,GREEN,46,Chennai
CLM0012744,CHE_04789,Guindy,2020-11-18,16,0,0,0,0,0,0,0,0,0,0.0,0.113412,0,0.0,1,420,3,5,0.9269,0.17,GREEN,27,Chennai
CLM0012745,CHE_07329,Guindy,2024-08-02,19,0,0,0,0,0,0,0,1,0,1.0,0.944416,0,1.0,0,415,4,2,0.3538,0.1403,GREEN,45,Chennai
CLM0012746,CHE_08332,Chromepet,2021-01-22,20,0,0,0,1,0,0,0,0,0,0.0,0.367719,0,0.0,0,122,0,4,0.8204,0.0685,GREEN,36,Chennai
CLM0012747,CHE_07834,Porur,2023-09-18,14,0,0,0,0,0,0,0,0,0,1.0,0.149236,0,0.0,0,279,3,0,0.8285,0.1318,GREEN,49,Chennai
CLM0012748,CHE_03527,Anna Nagar,2022-11-02,12,0,0,0,0,1,0,0,0,0,0.0,0.163677,0,0.0,0,346,3,1,0.98,0.2546,GREEN,39,Chennai
CLM0012749,CHE_09233,Porur,2022-09-08,15,0,0,0,0,0,0,0,1,1,0.0,0.105026,0,0.0,0,417,4,2,0.6743,0.2387,GREEN,21,Chennai
CLM0012750,CHE_02537,Guindy,2020-03-22,21,0,0,0,0,0,0,0,0,0,1.0,0.969525,0,1.0,0,207,3,1,0.941,0.1029,GREEN,32,Chennai
CLM0012751,CHE_02561,Porur,2024-11-06,15,0,0,0,0,0,0,0,0,0,0.0,0.119769,0,0.0,0,369,0,5,0.0993,0.0,GREEN,29,Chennai
CLM0012752,CHE_06208,T Nagar,2025-01-25,18,0,0,0,0,0,0,0,0,0,1.0,0.081821,0,0.0,0,118,2,3,0.9027,0.0513,GREEN,55,Chennai
CLM0012753,CHE_06561,Sholinganallur,2021-11-17,12,0,0,0,0,0,0,0,1,1,0.0,0.149923,0,0.0,0,420,4,3,0.98,0.2221,GREEN,22,Chennai
CLM0012754,CHE_00646,Guindy,2025-01-07,12,0,0,0,0,0,0,0,1,0,0.0,0.0,0,0.0,0,420,3,3,0.2678,0.1013,GREEN,37,Chennai
CLM0012755,CHE_09360,Tambaram,2023-04-28,15,0,0,0,1,1,0,1,1,0,1.0,0.552413,1,1.0,1,8,3,18,0.0565,0.181,GREEN,41,Chennai
CLM0012756,CHE_04073,Tambaram,2023-11-28,17,0,0,0,0,0,0,0,0,0,0.0,0.360652,0,0.0,0,420,2,3,0.05,0.0496,GREEN,44,Chennai
CLM0012757,CHE_07784,Sholinganallur,2024-07-28,9,0,0,0,0,0,0,0,0,0,0.0,0.0,0,0.0,0,386,2,0,0.8548,0.0325,GREEN,37,Chennai
CLM0012758,CHE_06942,Perambur,2025-10-20,8,0,0,0,0,0,0,1,0,0,0.0,0.00988,0,0.0,0,65,4,5,0.9563,0.0599,GREEN,22,Chennai
CLM0012759,CHE_03381,Tambaram,2021-04-17,14,0,0,0,0,0,0,0,0,1,0.0,0.165323,0,0.0,0,420,2,1,0.6946,0.1354,GREEN,45,Chennai
CLM0012760,CHE_05836,Tambaram,2024-12-05,14,0,0,0,0,0,0,0,0,1,0.0,0.09715,0,0.0,0,273,0,0,0.6496,0.1944,GREEN,42,Chennai
CLM0012761,CHE_06456,Anna Nagar,2023-12-09,21,0,0,0,0,0,0,0,0,0,0.0,0.416822,0,0.0,0,408,4,1,0.5936,0.0,GREEN,21,Chennai
CLM0012762,CHE_05001,Anna Nagar,2025-03-30,15,0,0,0,0,1,0,1,0,0,0.0,0.266777,0,0.0,0,420,0,5,0.757,0.1158,GREEN,41,Chennai
CLM0012763,CHE_04980,Sholinganallur,2025-10-21,13,0,0,0,0,0,0,0,0,0,0.0,0.445687,0,0.0,0,224,3,3,0.7219,0.0185,GREEN,35,Chennai
CLM0012764,CHE_01750,T Nagar,2024-07-14,7,0,0,0,0,0,0,0,0,0,0.0,0.309483,0,0.0,0,419,2,1,0.98,0.0,GREEN,38,Chennai
CLM0012765,CHE_07566,Velachery,2020-08-11,15,0,0,0,0,0,0,0,0,0,0.0,0.286189,0,0.0,0,150,0,0,0.7459,0.0106,GREEN,36,Chennai
CLM0012766,CHE_08168,Guindy,2022-10-01,14,0,0,0,0,0,0,0,0,0,0.0,0.241955,0,0.0,0,253,3,0,0.98,0.0391,GREEN,37,Chennai
CLM0012767,CHE_06023,Guindy,2021-09-10,20,0,0,0,0,0,0,0,0,0,0.0,0.187473,0,0.0,0,126,3,2,0.4024,0.0342,GREEN,41,Chennai
CLM0012768,CHE_06420,Adyar,2024-11-11,14,1,0,0,0,0,0,0,0,0,0.0,0.331601,0,0.0,0,401,2,3,0.6785,0.0329,GREEN,44,Chennai
CLM0012769,CHE_06276,Adyar,2023-04-30,11,0,1,1,0,0,0,0,0,0,1.0,0.245432,0,0.0,0,380,4,0,0.898,0.1029,GREEN,29,Chennai
CLM0012770,CHE_07077,Tambaram,2023-06-27,12,0,0,0,0,1,0,0,0,0,0.0,0.198925,0,0.0,0,163,0,2,0.8066,0.0249,GREEN,54,Chennai
CLM0012771,CHE_03415,Porur,2024-06-16,14,0,0,0,0,0,0,0,0,0,1.0,0.140479,0,0.0,0,420,2,3,0.05,0.0,GREEN,20,Chennai
CLM0012772,CHE_05639,Anna Nagar,2024-01-24,18,0,0,0,0,0,1,0,0,0,0.0,0.317686,0,0.0,1,420,3,3,0.1485,0.0931,GREEN,27,Chennai
CLM0012773,CHE_06973,Chromepet,2025-11-20,7,0,0,0,0,0,1,0,0,0,0.0,0.096175,0,0.0,0,279,1,6,0.6153,0.1099,GREEN,50,Chennai
CLM0012774,CHE_02941,T Nagar,2020-11-01,8,0,0,0,1,1,0,1,0,1,0.0,0.163376,0,0.0,1,5,0,18,0.962,0.0716,GREEN,34,Chennai
CLM0012775,CHE_02986,Sholinganallur,2025-07-07,17,0,0,0,0,0,0,0,0,0,0.0,0.238212,0,0.0,0,223,2,6,0.7891,0.0,GREEN,29,Chennai
CLM0012776,CHE_01984,T Nagar,2019-02-06,16,0,0,0,0,0,0,0,0,0,0.0,0.201119,0,0.0,0,39,4,5,0.9705,0.188,GREEN,34,Chennai
CLM0012777,CHE_09644,Chromepet,2022-12-17,15,0,0,0,0,0,0,0,0,0,1.0,0.515238,1,0.0,0,319,1,5,0.8252,0.0,GREEN,42,Chennai
CLM0012778,CHE_06798,Sholinganallur,2022-08-31,16,0,0,0,0,0,0,0,1,0,0.0,0.217567,0,1.0,0,124,2,1,0.2877,0.0793,GREEN,27,Chennai
CLM0012779,CHE_04385,Guindy,2023-11-01,14,0,0,0,0,0,0,0,1,0,0.0,0.336806,0,0.0,0,109,0,7,0.7644,0.0443,GREEN,37,Chennai
CLM0012780,CHE_00301,Guindy,2023-05-20,7,0,1,1,0,0,0,0,0,0,0.0,0.148718,0,0.0,0,73,1,6,0.8688,0.0872,GREEN,36,Chennai
CLM0012781,CHE_05318,Anna Nagar,2025-05-18,17,0,0,0,0,0,1,0,0,0,0.0,0.942283,0,0.0,0,130,3,2,0.7305,0.0005,GREEN,35,Chennai
CLM0012782,CHE_06375,Anna Nagar,2025-07-24,16,0,1,1,0,0,0,0,0,0,0.0,0.0,0,0.0,0,33,0,0,0.6718,0.0,GREEN,50,Chennai
CLM0012783,CHE_04160,Adyar,2025-02-26,10,0,0,0,0,0,0,0,0,0,0.0,0.012722,0,0.0,0,48,4,7,0.8175,0.0069,GREEN,35,Chennai
CLM0012784,CHE_07408,Sholinganallur,2024-07-24,7,0,0,0,0,0,1,0,0,0,0.0,0.085743,0,0.0,0,261,1,4,0.6438,0.0774,GREEN,39,Chennai
CLM0012785,CHE_09699,T Nagar,2024-12-13,17,0,0,0,0,0,0,0,0,0,0.0,0.248148,0,0.0,0,420,2,0,0.8934,0.0,GREEN,38,Chennai
CLM0012786,CHE_04603,Guindy,2025-11-10,8,0,0,0,0,1,0,0,0,1,1.0,1.0,1,0.0,1,5,1,18,0.4327,0.2038,GREEN,37,Chennai
CLM0012787,CHE_01774,Guindy,2024-03-15,18,0,0,0,0,0,0,0,0,0,0.0,0.075657,0,0.0,0,169,2,3,0.5412,0.0,GREEN,60,Chennai
CLM0012788,CHE_03111,Porur,2023-10-24,15,0,0,0,0,0,0,0,0,0,0.0,0.282974,0,0.0,0,273,0,1,0.8717,0.0,GREEN,34,Chennai
CLM0012789,CHE_09223,Perambur,2024-06-18,17,0,0,0,0,0,0,0,0,0,0.0,0.096464,0,0.0,0,211,1,5,0.6684,0.0,GREEN,35,Chennai
CLM0012790,CHE_04892,Porur,2025-05-05,18,0,0,0,0,0,0,0,0,0,0.0,0.983935,0,0.0,0,367,3,2,0.9392,0.0,GREEN,48,Chennai
CLM0012791,CHE_01539,T Nagar,2021-02-12,19,0,0,0,0,0,0,0,0,0,0.0,0.130381,0,0.0,0,358,2,2,0.6046,0.0662,GREEN,34,Chennai
CLM0012792,CHE_01149,Sholinganallur,2025-04-17,15,0,0,0,0,0,0,0,0,0,0.0,0.348904,0,0.0,0,235,2,3,0.7977,0.0,GREEN,50,Chennai
CLM0012793,CHE_02202,Adyar,2023-11-17,20,0,0,0,0,0,0,0,0,0,0.0,0.106475,0,0.0,0,106,1,2,0.8646,0.1404,GREEN,49,Chennai
CLM0012794,CHE_05487,Chromepet,2025-11-21,8,0,0,0,0,0,0,0,0,0,1.0,0.047415,0,0.0,0,365,4,0,0.7638,0.0638,GREEN,40,Chennai
CLM0012795,CHE_07296,Guindy,2021-11-18,12,0,0,0,0,0,0,0,0,0,0.0,0.095459,0,0.0,1,273,2,1,0.9227,0.0733,GREEN,35,Chennai
CLM0012796,CHE_01986,T Nagar,2021-02-26,16,0,0,0,0,0,0,0,0,0,0.0,0.324925,0,0.0,0,129,3,2,0.9284,0.0,GREEN,52,Chennai
CLM0012797,CHE_07002,Perambur,2023-10-11,21,0,0,0,0,0,0,0,0,1,0.0,0.263705,0,0.0,0,420,1,1,0.7524,0.0681,GREEN,41,Chennai
CLM0012798,CHE_08569,Adyar,2021-12-08,14,0,0,0,1,0,0,0,0,0,0.0,0.316137,0,0.0,0,300,3,2,0.2692,0.0987,GREEN,36,Chennai
CLM0012799,CHE_02605,T Nagar,2021-05-30,11,0,0,0,0,0,0,0,0,0,0.0,0.361383,0,0.0,0,361,1,1,0.8696,0.013,GREEN,56,Chennai
CLM0012800,CHE_02476,Perambur,2019-11-23,7,0,0,0,0,0,0,1,0,0,0.0,0.067654,0,0.0,0,142,1,3,0.5842,0.0086,GREEN,52,Chennai
CLM0012801,CHE_01468,Guindy,2021-06-22,21,0,0,0,0,0,0,1,0,0,0.0,1.0,0,0.0,0,303,1,1,0.5285,0.1275,GREEN,27,Chennai
CLM0012802,CHE_06916,Velachery,2021-10-15,18,0,0,0,0,0,0,0,1,0,0.0,0.355156,0,0.0,0,148,0,3,0.6426,0.0931,GREEN,18,Chennai
CLM0012803,CHE_02997,Guindy,2022-03-12,19,0,0,0,0,0,0,0,0,1,0.0,0.079208,0,0.0,0,80,2,4,0.738,0.2277,GREEN,23,Chennai
CLM0012804,CHE_00276,Perambur,2025-03-30,19,0,0,0,0,0,0,0,0,0,0.0,0.210253,0,0.0,1,40,0,0,0.98,0.0685,GREEN,38,Chennai
CLM0012805,CHE_08815,Perambur,2021-03-26,11,0,0,0,0,0,0,0,0,0,0.0,0.0,0,0.0,1,227,4,3,0.9182,0.0705,GREEN,37,Chennai
CLM0012806,CHE_06838,Adyar,2023-08-26,10,0,1,1,0,0,0,0,0,0,0.0,1.0,0,0.0,0,285,1,2,0.7273,0.0153,GREEN,37,Chennai
CLM0012807,CHE_03822,Adyar,2025-10-04,20,0,0,0,0,0,0,0,0,0,0.0,0.041295,0,0.0,0,201,2,1,0.5463,0.0712,GREEN,40,Chennai
CLM0012808,CHE_08631,Perambur,2024-01-20,19,0,0,0,0,0,0,1,0,0,0.0,0.226653,0,0.0,0,404,4,3,0.8912,0.0,GREEN,45,Chennai
CLM0012809,CHE_04408,Anna Nagar,2022-12-14,11,0,0,0,0,0,0,0,0,0,0.0,0.282963,0,0.0,0,420,3,4,0.7963,0.0,GREEN,28,Chennai
CLM0012810,CHE_06900,Tambaram,2025-12-24,21,0,0,0,0,0,0,0,0,0,0.0,0.066275,1,0.0,0,99,4,3,0.9149,0.082,GREEN,20,Chennai
CLM0012811,CHE_00468,Porur,2020-10-15,13,0,0,0,0,0,0,0,0,0,0.0,0.344994,0,0.0,0,420,0,1,0.7433,0.0,GREEN,45,Chennai
CLM0012812,CHE_09875,Tambaram,2022-01-12,16,0,0,0,0,0,1,0,0,0,0.0,0.338308,0,0.0,0,344,3,3,0.732,0.0574,GREEN,18,Chennai
CLM0012813,CHE_02131,T Nagar,2024-06-02,9,0,0,0,0,0,0,0,1,0,0.0,0.932356,0,0.0,0,5,3,5,0.8006,0.2008,GREEN,40,Chennai
CLM0012814,CHE_07964,Perambur,2021-11-08,10,0,0,0,0,0,0,0,0,0,0.0,0.462611,0,0.0,0,391,2,0,0.6537,0.0,GREEN,35,Chennai
CLM0012815,CHE_04453,Perambur,2023-12-28,14,0,0,0,0,0,0,0,1,0,0.0,0.427466,0,1.0,0,276,4,3,0.1334,0.0481,GREEN,34,Chennai
CLM0012816,CHE_00384,Chromepet,2024-08-21,8,0,0,0,0,0,1,0,0,0,0.0,0.073716,0,0.0,0,225,0,3,0.5892,0.0552,GREEN,35,Chennai
CLM0012817,CHE_08715,Porur,2023-04-14,15,0,0,0,0,0,0,0,0,0,0.0,0.412084,0,0.0,0,232,1,4,0.05,0.0431,GREEN,34,Chennai
CLM0012818,CHE_02804,Adyar,2021-05-24,14,0,0,0,0,1,0,0,0,0,0.0,0.146764,0,0.0,0,420,1,4,0.4652,0.2173,GREEN,38,Chennai
CLM0012819,CHE_06768,Porur,2025-02-15,11,0,0,0,0,0,0,0,0,0,0.0,0.000187,0,0.0,0,290,3,3,0.6878,0.0871,GREEN,38,Chennai
CLM0012820,CHE_04620,Tambaram,2022-10-29,9,0,0,0,0,1,0,0,0,0,0.0,0.013904,0,0.0,0,253,3,1,0.4906,0.1437,GREEN,34,Chennai
CLM0012821,CHE_08557,Tambaram,2023-03-06,20,0,0,0,0,0,0,0,0,0,1.0,0.145638,0,0.0,0,246,0,0,0.7794,0.0338,GREEN,52,Chennai
CLM0012822,CHE_07746,Anna Nagar,2023-04-21,20,0,0,0,0,0,0,0,0,0,0.0,0.446573,0,0.0,0,160,1,0,0.6784,0.0,GREEN,36,Chennai
CLM0012823,CHE_06267,Sholinganallur,2025-05-01,14,0,0,0,0,0,0,0,1,0,0.0,0.186942,0,0.0,0,125,4,0,0.7371,0.0759,GREEN,25,Chennai
CLM0012824,CHE_01866,Perambur,2023-07-16,17,0,0,0,0,0,0,0,0,1,0.0,0.150402,0,0.0,0,420,2,4,0.7095,0.1421,GREEN,30,Chennai
CLM0012825,CHE_08317,Sholinganallur,2024-03-06,9,0,0,0,0,0,0,0,0,0,0.0,0.205563,0,0.0,0,121,2,0,0.6725,0.0,GREEN,40,Chennai
CLM0012826,CHE_00473,Perambur,2022-09-24,14,0,0,0,0,0,0,0,0,0,0.0,0.30227,0,0.0,0,242,1,3,0.6197,0.0,GREEN,47,Chennai
CLM0012827,CHE_03460,Guindy,2025-10-01,21,0,0,0,0,0,1,1,0,0,0.0,0.063436,0,0.0,0,420,3,0,0.6469,0.2161,GREEN,56,Chennai
CLM0012828,CHE_01968,Perambur,2023-03-29,17,0,0,0,0,0,0,0,0,0,0.0,0.293764,0,0.0,1,70,3,3,0.707,0.125,GREEN,36,Chennai
CLM0012829,CHE_04318,Perambur,2019-12-24,12,0,0,0,0,0,0,0,0,0,0.0,0.189531,0,0.0,0,214,0,2,0.6631,0.0,GREEN,18,Chennai
CLM0012830,CHE_01242,T Nagar,2020-02-08,12,0,0,0,0,1,0,0,0,0,1.0,0.0,0,0.0,0,416,3,0,0.784,0.2021,GREEN,41,Chennai
CLM0012831,CHE_08276,Tambaram,2025-08-24,10,0,0,0,0,0,0,0,0,0,0.0,0.397169,0,0.0,0,398,4,0,0.98,0.0,GREEN,33,Chennai
CLM0012832,CHE_06233,Anna Nagar,2019-08-08,8,0,0,0,0,0,0,0,0,0,0.0,0.356795,0,0.0,0,184,2,4,0.5481,0.0072,GREEN,38,Chennai
CLM0012833,CHE_01242,T Nagar,2016-06-30,17,0,0,0,0,0,0,0,0,0,0.0,0.071808,0,0.0,0,165,1,3,0.1616,0.0002,GREEN,41,Chennai
CLM0012834,CHE_02600,Guindy,2025-04-17,7,0,0,0,0,0,0,0,0,0,0.0,0.331183,0,0.0,0,159,4,0,0.9705,0.0,GREEN,22,Chennai
CLM0012835,CHE_05843,Porur,2024-11-19,14,0,0,0,0,0,0,0,0,0,0.0,0.294413,0,0.0,0,81,1,5,0.624,0.0,GREEN,27,Chennai
CLM0012836,CHE_06754,Adyar,2020-01-25,20,0,0,0,0,0,0,0,1,0,0.0,0.079329,0,0.0,1,276,1,1,0.98,0.0987,GREEN,32,Chennai
CLM0012837,CHE_01515,Chromepet,2019-07-12,10,0,0,0,0,0,0,0,0,0,0.0,0.088327,0,0.0,0,335,1,5,0.7645,0.2188,GREEN,48,Chennai
CLM0012838,CHE_00679,Porur,2025-08-03,14,0,0,0,0,0,0,0,0,0,0.0,0.242708,0,0.0,0,111,2,1,0.8486,0.0556,GREEN,31,Chennai
CLM0012839,CHE_08868,Guindy,2020-11-12,11,1,0,0,0,0,0,0,0,0,0.0,0.935202,0,1.0,0,418,1,1,0.1168,0.0,GREEN,33,Chennai
CLM0012840,CHE_02945,Tambaram,2016-06-28,7,0,0,0,0,0,0,1,0,1,0.0,0.424438,0,0.0,0,316,0,0,0.0731,0.173,GREEN,32,Chennai
CLM0012841,CHE_01257,Chromepet,2019-04-11,12,0,1,1,0,0,0,0,0,0,0.0,0.391211,0,0.0,0,23,1,2,0.7745,0.0,GREEN,33,Chennai
CLM0012842,CHE_06766,Velachery,2019-04-21,7,0,0,0,0,0,0,1,1,0,0.0,0.317191,0,0.0,0,285,4,0,0.8648,0.1138,GREEN,42,Chennai
CLM0012843,CHE_02973,Porur,2021-09-23,13,0,0,0,0,0,0,0,1,0,0.0,0.0,0,0.0,0,239,0,3,0.7734,0.1618,GREEN,27,Chennai
CLM0012844,CHE_09687,Sholinganallur,2025-05-11,16,0,0,0,0,0,0,0,0,1,0.0,0.109866,0,0.0,0,268,0,2,0.8695,0.094,GREEN,37,Chennai
CLM0012845,CHE_05314,Guindy,2025-04-21,14,0,0,0,0,0,0,0,1,0,1.0,1.0,0,1.0,0,420,0,8,0.5343,0.0407,GREEN,43,Chennai
CLM0012846,CHE_08410,T Nagar,2024-10-21,13,0,0,0,0,0,0,0,0,0,0.0,0.149632,0,0.0,0,420,3,0,0.9218,0.0,GREEN,18,Chennai
CLM0012847,CHE_03677,Guindy,2024-04-24,10,0,0,0,0,0,0,0,0,0,0.0,0.355324,1,0.0,0,119,2,3,0.5159,0.0,GREEN,51,Chennai
CLM0012848,CHE_02298,Perambur,2024-01-08,11,0,0,0,0,0,0,0,1,0,0.0,0.272174,0,0.0,0,217,1,5,0.6908,0.037,GREEN,39,Chennai
CLM0012849,CHE_07813,Adyar,2024-11-30,9,0,0,0,0,0,0,0,1,0,0.0,0.246487,0,0.0,0,62,2,3,0.8351,0.0253,GREEN,38,Chennai
CLM0012850,CHE_02450,Anna Nagar,2024-02-03,10,0,0,0,0,0,0,0,0,0,0.0,0.135377,0,0.0,0,349,4,3,0.6469,0.086,GREEN,38,Chennai
CLM0012851,CHE_08245,Porur,2025-07-23,18,0,0,0,0,0,0,0,0,0,0.0,0.211067,0,0.0,0,403,2,3,0.9764,0.0,GREEN,35,Chennai
CLM0012852,CHE_03274,Perambur,2023-07-22,12,0,0,0,0,0,1,0,0,0,0.0,0.216349,0,0.0,0,244,0,5,0.4728,0.1438,GREEN,41,Chennai
CLM0012853,CHE_08797,Guindy,2024-01-06,17,0,0,0,0,0,0,0,0,0,0.0,0.315331,0,0.0,0,65,1,2,0.7698,0.0,GREEN,58,Chennai
CLM0012854,CHE_06760,Velachery,2025-01-08,20,0,0,0,0,0,0,0,0,0,0.0,0.013176,0,0.0,0,108,2,4,0.3753,0.0,GREEN,54,Chennai
CLM0012855,CHE_09249,Porur,2024-11-06,15,0,1,1,1,1,0,1,1,1,0.0,0.203374,0,0.0,1,26,0,9,0.9579,0.8971,RED,23,Chennai
CLM0012856,CHE_09509,Tambaram,2025-02-09,14,0,1,1,0,0,0,1,0,0,1.0,0.406336,0,1.0,0,146,0,1,0.6281,0.6672,RED,33,Chennai
CLM0012857,CHE_06921,Chromepet,2025-03-11,14,0,1,1,0,0,0,0,0,0,0.0,0.0,0,0.0,0,420,0,2,0.6391,0.6814,RED,18,Chennai
CLM0012858,CHE_04207,Velachery,2025-06-02,10,0,1,1,1,1,1,0,1,1,0.0,0.089315,1,0.0,0,16,2,18,0.7992,0.8913,RED,59,Chennai
CLM0012859,CHE_02539,Porur,2024-01-13,21,0,1,1,1,1,1,1,1,1,0.0,0.114142,0,0.0,0,6,2,18,0.836,0.9276,RED,40,Chennai
CLM0012860,CHE_00356,Velachery,2025-01-06,8,0,1,1,0,0,0,0,1,0,0.0,0.162774,0,0.0,0,420,2,0,0.8821,0.6821,RED,41,Chennai
CLM0012861,CHE_08113,Anna Nagar,2023-09-28,19,0,0,0,0,0,0,0,0,0,0.0,0.333737,0,0.0,0,420,1,0,0.7258,0.0308,GREEN,38,Chennai
CLM0012862,CHE_00428,Tambaram,2023-06-04,21,0,0,0,0,0,0,0,0,0,0.0,0.027429,0,0.0,0,153,1,5,0.8841,0.0002,GREEN,52,Chennai
CLM0012863,CHE_04512,Porur,2025-01-27,8,0,0,0,1,0,0,0,1,1,0.0,0.20061,1,0.0,0,5,1,18,0.8063,0.1969,GREEN,41,Chennai
CLM0012864,CHE_03110,Chromepet,2024-06-25,14,0,0,0,0,0,0,0,1,0,0.0,0.338511,0,0.0,0,97,3,6,0.1238,0.0882,GREEN,33,Chennai
CLM0012865,CHE_00223,T Nagar,2020-11-19,8,0,0,0,0,0,0,0,0,0,0.0,0.307765,0,0.0,0,268,4,2,0.2542,0.0877,GREEN,27,Chennai
CLM0012866,CHE_03379,Tambaram,2021-07-01,13,0,0,0,0,0,0,0,0,0,0.0,0.189976,0,0.0,0,180,1,5,0.4502,0.041,GREEN,34,Chennai
CLM0012867,CHE_02500,Velachery,2022-06-01,9,0,0,0,0,0,0,0,0,0,0.0,0.393346,0,0.0,0,146,2,6,0.98,0.0,GREEN,38,Chennai
CLM0012868,CHE_09702,Chromepet,2025-04-10,13,0,0,0,0,0,0,0,0,0,0.0,0.398004,0,0.0,0,194,1,3,0.4447,0.0,GREEN,43,Chennai
CLM0012869,CHE_09066,Sholinganallur,2025-01-11,16,0,0,0,0,0,0,0,0,1,0.0,0.261588,0,0.0,0,346,4,2,0.5359,0.1153,GREEN,43,Chennai
CLM0012870,CHE_02773,Chromepet,2025-11-02,16,0,0,0,0,0,0,0,0,0,0.0,0.02759,0,1.0,0,212,2,1,0.7989,0.0,GREEN,39,Chennai
CLM0012871,CHE_07494,Chromepet,2024-12-06,14,0,0,0,0,0,0,0,0,0,0.0,0.239337,0,0.0,0,175,4,4,0.4601,0.0,GREEN,45,Chennai
CLM0012872,CHE_03115,Guindy,2025-08-11,12,0,0,0,0,0,0,0,0,0,0.0,0.2523,0,0.0,0,229,4,0,0.9012,0.0,GREEN,39,Chennai
CLM0012873,CHE_09845,T Nagar,2024-08-07,9,0,0,0,1,0,0,0,0,0,0.0,0.319242,1,0.0,0,410,3,3,0.0553,0.2672,GREEN,25,Chennai
CLM0012874,CHE_02779,Guindy,2024-08-24,16,0,0,0,0,0,1,0,0,0,0.0,0.09866,0,0.0,1,234,2,0,0.5922,0.1768,GREEN,50,Chennai
CLM0012875,CHE_05096,Anna Nagar,2024-08-23,20,0,0,0,0,0,0,1,0,0,0.0,0.04315,0,0.0,0,150,2,3,0.837,0.0783,GREEN,44,Chennai
CLM0012876,CHE_04118,Anna Nagar,2024-07-30,17,0,0,0,1,0,0,1,0,0,0.0,0.08055,0,0.0,0,21,3,0,0.2205,0.2874,GREEN,37,Chennai
CLM0012877,CHE_00798,Perambur,2024-11-28,9,0,0,0,0,0,0,0,0,0,1.0,0.0,0,0.0,0,240,3,1,0.8716,0.0583,GREEN,49,Chennai
CLM0012878,CHE_06800,Sholinganallur,2025-05-15,21,0,0,0,0,0,0,0,0,0,0.0,1.0,0,0.0,0,218,4,0,0.7211,0.0,GREEN,31,Chennai
CLM0012879,CHE_09187,Adyar,2025-06-08,7,0,0,0,0,0,1,0,0,0,0.0,0.252961,0,0.0,0,293,3,3,0.8545,0.085,GREEN,36,Chennai
CLM0012880,CHE_06011,Guindy,2020-03-31,11,0,0,0,0,0,0,0,0,0,0.0,0.295394,0,0.0,0,268,2,2,0.462,0.087,GREEN,44,Chennai
CLM0012881,CHE_07158,T Nagar,2021-02-20,13,0,0,0,0,0,1,0,0,0,1.0,0.378341,0,0.0,0,90,2,0,0.05,0.0633,GREEN,38,Chennai
CLM0012882,CHE_07150,Guindy,2020-03-24,11,0,0,0,0,0,0,0,0,0,0.0,0.321271,0,0.0,0,409,4,4,0.6353,0.0,GREEN,32,Chennai
CLM0012883,CHE_02570,Velachery,2021-07-03,13,0,0,0,0,0,0,1,0,0,0.0,0.153801,0,0.0,0,150,0,8,0.6126,0.1224,GREEN,34,Chennai
CLM0012884,CHE_09383,T Nagar,2021-10-31,7,0,0,0,0,0,0,1,0,0,0.0,0.214243,0,0.0,0,420,1,2,0.7825,0.1377,GREEN,31,Chennai
CLM0012885,CHE_03212,Chromepet,2023-09-04,7,0,0,0,0,0,0,0,0,0,0.0,0.356441,0,1.0,0,276,4,1,0.05,0.0,GREEN,43,Chennai
CLM0012886,CHE_03067,Tambaram,2018-11-02,8,0,0,0,0,0,0,0,1,1,0.0,0.307136,0,0.0,0,215,2,5,0.6059,0.285,GREEN,45,Chennai
CLM0012887,CHE_07271,Guindy,2025-05-19,8,0,0,0,0,0,0,0,0,0,0.0,0.260909,0,0.0,0,254,0,1,0.5608,0.0,GREEN,63,Chennai
CLM0012888,CHE_06042,Guindy,2022-06-22,9,0,0,0,0,0,0,0,0,0,0.0,0.32358,0,0.0,0,200,4,4,0.6515,0.0,GREEN,34,Chennai
CLM0012889,CHE_02399,Chromepet,2020-07-29,18,0,0,0,0,0,0,0,0,0,0.0,0.010709,0,0.0,0,238,1,6,0.4821,0.0,GREEN,39,Chennai
CLM0012890,CHE_00840,Velachery,2020-04-23,17,0,0,0,0,0,1,0,0,0,0.0,0.080247,0,0.0,0,420,0,0,0.5636,0.0574,GREEN,38,Chennai
CLM0012891,CHE_00557,T Nagar,2024-12-01,9,0,0,0,0,0,0,1,0,0,0.0,0.950292,0,0.0,0,185,1,3,0.8942,0.0858,GREEN,32,Chennai
CLM0012892,CHE_04798,Anna Nagar,2025-11-01,17,0,0,0,0,0,0,0,0,1,0.0,0.275592,0,0.0,0,107,2,1,0.5737,0.1677,GREEN,24,Chennai
CLM0012893,CHE_00988,Guindy,2025-02-24,8,0,0,0,0,0,0,0,0,0,0.0,0.269334,0,0.0,0,420,1,0,0.6104,0.0622,GREEN,42,Chennai
CLM0012894,CHE_05731,Tambaram,2025-04-18,15,0,0,0,0,0,0,1,0,1,0.0,0.047286,0,0.0,0,142,1,0,0.05,0.2076,GREEN,38,Chennai
CLM0012895,CHE_02766,Porur,2025-07-04,17,0,0,0,1,1,0,1,1,0,0.0,0.273041,0,0.0,1,11,4,18,0.98,0.0,GREEN,34,Chennai
CLM0012896,CHE_04761,Velachery,2024-12-15,21,0,0,0,0,0,0,0,0,0,0.0,0.195335,0,0.0,0,402,1,1,0.1001,0.0632,GREEN,22,Chennai
CLM0012897,CHE_01263,Perambur,2024-12-02,7,0,0,0,0,0,0,0,0,0,0.0,0.253352,0,0.0,0,292,2,2,0.9089,0.0,GREEN,31,Chennai
CLM0012898,CHE_09467,Sholinganallur,2024-11-02,12,0,0,0,0,0,0,0,0,0,0.0,0.070522,0,0.0,0,143,2,6,0.4348,0.0,GREEN,56,Chennai
CLM0012899,CHE_03578,Tambaram,2022-05-02,9,0,0,0,0,0,0,1,0,0,1.0,0.934469,0,0.0,0,411,0,0,0.3801,0.1957,GREEN,42,Chennai
CLM0012900,CHE_09936,Guindy,2025-12-20,10,0,0,0,0,0,0,0,0,0,0.0,0.245141,0,0.0,0,420,0,2,0.873,0.0396,GREEN,30,Chennai
CLM0012901,CHE_06806,Porur,2022-11-17,16,0,0,0,0,0,0,0,0,0,0.0,0.20931,0,0.0,0,376,0,0,0.6327,0.0231,GREEN,45,Chennai
CLM0012902,CHE_09200,Guindy,2024-06-22,20,0,0,0,0,0,0,0,0,0,1.0,0.274647,0,1.0,0,149,0,5,0.9762,0.1304,GREEN,30,Chennai
CLM0012903,CHE_06552,Tambaram,2020-09-05,13,0,0,0,0,0,0,0,0,0,0.0,0.07473,0,0.0,0,79,0,1,0.7178,0.0566,GREEN,51,Chennai
CLM0012904,CHE_07358,Chromepet,2021-05-04,21,0,0,0,0,0,0,0,0,0,0.0,0.406286,0,0.0,0,308,1,2,0.6566,0.0164,GREEN,48,Chennai
CLM0012905,CHE_02433,Anna Nagar,2023-11-02,18,0,0,0,0,0,0,0,0,0,0.0,0.2678,0,1.0,0,104,2,3,0.5466,0.0,GREEN,41,Chennai
CLM0012906,CHE_08981,Velachery,2021-10-14,16,0,1,1,0,1,1,1,1,1,1.0,0.995409,0,0.0,0,17,0,18,0.359,0.0743,GREEN,37,Chennai
CLM0012907,CHE_03686,Anna Nagar,2024-06-05,14,0,0,0,0,0,0,0,0,0,0.0,0.902896,0,0.0,0,420,3,4,0.98,0.0755,GREEN,30,Chennai
CLM0012908,CHE_02934,Perambur,2025-01-21,13,0,0,0,0,0,0,0,0,0,0.0,0.914617,0,0.0,0,302,1,4,0.9329,0.0078,GREEN,29,Chennai
CLM0012909,CHE_03185,Sholinganallur,2020-07-17,14,0,0,0,1,0,0,0,0,0,0.0,0.286636,0,0.0,0,348,4,7,0.1179,0.1597,GREEN,42,Chennai
CLM0012910,CHE_01939,Velachery,2022-11-01,11,0,0,0,0,0,0,0,0,0,0.0,0.180046,0,0.0,0,345,4,4,0.7803,0.058,GREEN,33,Chennai
CLM0012911,CHE_05151,Anna Nagar,2022-08-06,12,0,0,0,0,0,0,1,0,0,0.0,0.11039,0,0.0,0,78,2,3,0.472,0.1204,GREEN,42,Chennai
CLM0012912,CHE_08849,Guindy,2020-07-27,16,0,0,0,0,0,0,0,0,0,0.0,0.181031,1,0.0,0,140,3,2,0.7005,0.0134,GREEN,31,Chennai
CLM0012913,CHE_09350,Sholinganallur,2024-08-10,11,0,0,0,0,0,0,0,0,0,0.0,0.021045,0,0.0,0,420,4,5,0.1406,0.0,GREEN,33,Chennai
CLM0012914,CHE_06067,Guindy,2021-04-15,18,0,0,0,0,0,1,0,0,0,1.0,0.979442,0,1.0,0,420,0,4,0.5997,0.1246,GREEN,37,Chennai
CLM0012915,CHE_01475,Velachery,2025-01-31,17,0,0,0,0,0,0,0,1,0,0.0,0.114453,0,0.0,0,18,1,1,0.9187,0.0,GREEN,37,Chennai
CLM0012916,CHE_07069,Sholinganallur,2022-03-17,17,0,0,0,0,0,1,0,0,0,0.0,0.12636,0,0.0,0,39,3,1,0.5346,0.078,GREEN,46,Chennai
CLM0012917,CHE_06615,Chromepet,2025-08-12,8,0,0,0,0,0,0,0,0,0,0.0,0.330346,0,0.0,0,124,0,0,0.2397,0.0,GREEN,34,Chennai
CLM0012918,CHE_08705,Sholinganallur,2024-04-06,19,0,0,0,0,0,0,0,0,0,0.0,0.868641,0,0.0,0,314,3,6,0.8368,0.1079,GREEN,30,Chennai
CLM0012919,CHE_07530,Adyar,2025-05-13,11,0,0,0,0,0,0,0,0,0,1.0,0.324653,1,0.0,0,210,2,0,0.5653,0.136,GREEN,41,Chennai
CLM0012920,CHE_01671,T Nagar,2025-06-29,21,0,0,0,0,0,0,0,0,0,0.0,0.043746,0,0.0,0,420,1,1,0.6865,0.0221,GREEN,33,Chennai
CLM0012921,CHE_05970,Adyar,2025-01-09,21,0,0,0,0,0,1,0,0,0,1.0,0.125297,0,0.0,0,115,0,6,0.9542,0.0785,GREEN,37,Chennai
CLM0012922,CHE_00095,Tambaram,2025-12-08,20,0,0,0,0,0,0,0,0,0,0.0,0.180239,0,0.0,0,420,3,5,0.1709,0.0,GREEN,36,Chennai
CLM0012923,CHE_03311,Porur,2025-09-14,9,0,0,0,0,0,0,1,0,0,0.0,0.306725,0,0.0,0,268,3,2,0.7261,0.0823,GREEN,34,Chennai
CLM0012924,CHE_05027,Chromepet,2025-01-26,12,0,0,0,0,0,0,0,0,0,1.0,0.175506,0,0.0,0,368,1,5,0.7596,0.0616,GREEN,38,Chennai
CLM0012925,CHE_02030,Guindy,2024-11-18,10,0,0,0,0,0,0,0,0,0,1.0,0.30704,0,0.0,0,122,3,1,0.6839,0.0397,GREEN,35,Chennai
CLM0012926,CHE_09979,Chromepet,2025-07-24,18,0,0,0,0,0,0,0,0,1,0.0,0.301654,0,0.0,0,45,0,2,0.8476,0.1468,GREEN,66,Chennai
CLM0012927,CHE_09122,Velachery,2024-09-11,11,0,0,0,0,0,0,0,0,0,0.0,0.346512,0,0.0,0,420,2,2,0.7576,0.0401,GREEN,38,Chennai
CLM0012928,CHE_02618,Adyar,2025-07-06,13,0,0,0,0,0,1,0,0,1,0.0,0.259287,0,0.0,0,32,0,6,0.5628,0.1974,GREEN,32,Chennai
CLM0012929,CHE_08018,Anna Nagar,2022-01-25,9,0,0,0,0,0,0,0,0,0,0.0,0.239557,0,0.0,0,400,4,0,0.6097,0.0028,GREEN,31,Chennai
CLM0012930,CHE_09344,Guindy,2024-07-23,15,0,0,0,0,0,0,0,0,0,0.0,0.365764,0,0.0,0,420,4,5,0.6094,0.0,GREEN,41,Chennai
CLM0012931,CHE_01202,Perambur,2021-07-18,12,0,0,0,0,0,0,0,0,0,1.0,0.332194,0,0.0,0,179,3,3,0.7128,0.232,GREEN,29,Chennai
CLM0012932,CHE_03399,Adyar,2023-04-22,17,0,0,0,0,1,0,0,0,0,0.0,0.222897,0,0.0,0,324,1,3,0.926,0.1962,GREEN,48,Chennai
CLM0012933,CHE_07872,Chromepet,2021-02-23,15,0,0,0,0,0,0,0,1,0,0.0,0.303931,0,0.0,0,161,1,3,0.9206,0.1229,GREEN,48,Chennai
CLM0012934,CHE_07527,Guindy,2019-09-09,11,0,0,0,0,0,0,0,0,0,0.0,0.409848,0,0.0,0,115,1,3,0.8232,0.0,GREEN,47,Chennai
CLM0012935,CHE_07614,Sholinganallur,2020-02-10,16,0,0,0,0,0,1,0,0,0,0.0,0.204709,0,0.0,0,58,3,0,0.788,0.2608,GREEN,38,Chennai
CLM0012936,CHE_06396,Adyar,2020-10-02,12,0,0,0,0,0,0,0,0,0,0.0,0.156487,0,0.0,0,420,3,0,0.7233,0.0418,GREEN,21,Chennai
CLM0012937,CHE_00272,Adyar,2025-09-25,19,0,0,0,0,0,0,0,0,0,0.0,1.0,0,0.0,0,420,2,6,0.8493,0.1079,GREEN,22,Chennai
CLM0012938,CHE_05707,Perambur,2022-03-12,17,0,0,0,0,0,0,0,0,0,0.0,0.270585,0,0.0,0,386,4,1,0.6498,0.0,GREEN,23,Chennai
CLM0012939,CHE_08049,T Nagar,2025-08-22,10,0,0,0,0,0,0,0,0,0,0.0,0.366028,0,0.0,0,92,4,2,0.6247,0.0,GREEN,41,Chennai
CLM0012940,CHE_02092,Guindy,2025-01-11,15,0,0,0,0,0,0,1,0,0,0.0,0.133129,0,0.0,0,247,3,6,0.98,0.0,GREEN,30,Chennai
CLM0012941,CHE_06015,Porur,2024-12-03,19,0,0,0,0,0,0,0,0,0,0.0,0.182617,0,0.0,0,323,0,0,0.7675,0.0,GREEN,39,Chennai
CLM0012942,CHE_03734,Velachery,2025-11-28,19,0,0,0,0,0,0,0,0,0,0.0,0.459529,0,0.0,0,340,3,0,0.8955,0.0,GREEN,36,Chennai
CLM0012943,CHE_07985,T Nagar,2025-12-22,9,0,0,0,0,0,0,0,0,0,0.0,0.056265,0,0.0,0,102,3,2,0.2371,0.1157,GREEN,22,Chennai
CLM0012944,CHE_07023,Sholinganallur,2025-04-13,12,0,0,0,0,0,1,0,0,0,0.0,0.037798,0,0.0,0,420,2,3,0.0872,0.1615,GREEN,45,Chennai
CLM0012945,CHE_03333,Chromepet,2024-12-26,21,0,0,0,0,0,0,0,0,0,1.0,0.276615,0,0.0,0,221,0,4,0.5791,0.0172,GREEN,39,Chennai
CLM0012946,CHE_06549,Porur,2025-05-28,21,0,0,0,0,0,0,0,0,0,0.0,0.14667,0,0.0,0,255,3,4,0.6864,0.0264,GREEN,41,Chennai
CLM0012947,CHE_08266,Perambur,2024-11-17,10,0,0,0,0,0,0,0,0,0,0.0,0.123893,1,0.0,1,180,4,0,0.98,0.0501,GREEN,47,Chennai
CLM0012948,CHE_09143,Adyar,2025-05-24,17,0,0,0,0,0,0,0,0,0,0.0,0.961906,0,1.0,0,33,4,3,0.0661,0.0045,GREEN,51,Chennai
CLM0012949,CHE_09196,Anna Nagar,2024-12-14,21,0,0,0,0,0,0,0,0,0,0.0,0.433121,0,0.0,0,168,3,3,0.8071,0.0955,GREEN,41,Chennai
CLM0012950,CHE_04536,Porur,2025-11-01,19,0,0,0,0,0,1,0,0,0,0.0,0.21153,0,0.0,1,183,0,1,0.6878,0.074,GREEN,18,Chennai
CLM0012951,CHE_00321,Guindy,2022-12-16,8,0,0,0,0,0,1,0,0,0,1.0,0.21243,0,0.0,0,242,4,3,0.8895,0.0852,GREEN,39,Chennai
CLM0012952,CHE_06550,T Nagar,2022-02-12,12,0,0,0,0,0,0,0,0,0,0.0,0.232401,0,0.0,0,360,0,1,0.98,0.0,GREEN,36,Chennai
CLM0012953,CHE_02337,Perambur,2025-01-08,8,0,0,0,0,0,0,1,1,0,1.0,1.0,0,1.0,0,264,1,2,0.4882,0.1931,GREEN,41,Chennai
CLM0012954,CHE_07321,Chromepet,2025-01-02,18,0,0,0,0,1,0,0,1,0,0.0,0.530454,0,0.0,1,13,0,18,0.0993,0.0571,GREEN,53,Chennai
CLM0012955,CHE_06879,Porur,2024-09-15,17,0,0,0,0,0,0,0,0,0,0.0,0.228047,0,0.0,0,347,0,1,0.98,0.0,GREEN,41,Chennai
CLM0012956,CHE_06285,Perambur,2022-09-16,7,0,0,0,1,0,0,0,0,0,0.0,0.402741,0,0.0,0,420,2,3,0.0867,0.213,GREEN,52,Chennai
CLM0012957,CHE_06586,Porur,2024-04-08,11,0,0,0,0,0,0,0,0,0,0.0,0.461623,0,0.0,0,224,0,0,0.4811,0.0,GREEN,42,Chennai
CLM0012958,CHE_01226,Velachery,2025-07-18,7,0,0,0,0,0,0,1,0,0,0.0,0.120164,1,0.0,0,179,2,3,0.8577,0.2208,GREEN,36,Chennai
CLM0012959,CHE_04662,Porur,2024-06-20,13,0,0,0,0,0,0,0,0,1,0.0,0.248437,0,0.0,0,320,0,6,0.8036,0.1445,GREEN,28,Chennai
CLM0012960,CHE_00668,Tambaram,2025-06-09,11,0,0,0,0,0,0,0,1,0,1.0,0.34821,0,0.0,0,46,3,0,0.1543,0.1294,GREEN,32,Chennai
CLM0012961,CHE_03374,Porur,2022-03-29,9,0,0,0,1,1,0,1,1,0,1.0,0.091306,1,1.0,1,17,2,18,0.9737,0.0,GREEN,44,Chennai
CLM0012962,CHE_02102,Sholinganallur,2025-10-08,15,0,0,0,1,0,0,0,0,0,0.0,0.262259,0,0.0,0,67,0,5,0.73,0.2705,GREEN,51,Chennai
CLM0012963,CHE_02984,Tambaram,2025-12-27,20,0,0,0,0,0,0,0,0,0,0.0,0.924527,0,0.0,0,82,0,3,0.3581,0.0,GREEN,31,Chennai
CLM0012964,CHE_05740,Adyar,2016-03-17,9,0,0,0,0,0,0,1,0,0,0.0,0.02608,0,0.0,0,118,2,2,0.8445,0.1865,GREEN,46,Chennai
CLM0012965,CHE_01574,Tambaram,2019-10-09,15,0,0,0,0,0,0,0,0,0,0.0,0.988161,0,0.0,0,420,2,7,0.2358,0.0,GREEN,39,Chennai
CLM0012966,CHE_08596,Porur,2025-06-21,13,0,0,0,0,0,0,0,1,0,1.0,0.00883,0,0.0,0,199,2,0,0.7147,0.1421,GREEN,39,Chennai
CLM0012967,CHE_07946,Porur,2018-11-21,16,0,0,0,0,0,0,0,0,0,0.0,0.429238,0,0.0,0,415,3,0,0.1819,0.1091,GREEN,22,Chennai
CLM0012968,CHE_07421,T Nagar,2023-09-14,17,0,0,0,0,0,0,0,0,0,1.0,0.182073,0,0.0,1,43,4,2,0.7869,0.1097,GREEN,38,Chennai
CLM0012969,CHE_01030,Guindy,2020-09-19,13,0,0,0,0,0,0,0,0,0,1.0,0.26146,1,0.0,0,168,4,4,0.577,0.2164,GREEN,35,Chennai
CLM0012970,CHE_04422,Velachery,2018-05-02,14,0,0,0,0,0,1,0,0,0,1.0,0.217993,0,0.0,0,19,3,2,0.0914,0.1445,GREEN,38,Chennai
CLM0012971,CHE_01839,Chromepet,2022-07-18,15,0,0,0,1,1,1,1,1,1,1.0,1.0,0,0.0,0,42,4,18,0.98,0.0293,GREEN,39,Chennai
CLM0012972,CHE_00989,Chromepet,2025-12-14,10,0,0,0,0,0,1,0,0,0,0.0,0.412569,0,0.0,0,210,2,3,0.5557,0.1104,GREEN,37,Chennai
CLM0012973,CHE_07670,Chromepet,2021-09-23,17,0,1,1,0,0,0,0,0,0,0.0,0.287709,0,0.0,0,150,0,0,0.9104,0.0,GREEN,49,Chennai
CLM0012974,CHE_04928,Porur,2025-12-20,13,0,0,0,1,0,0,0,0,0,0.0,0.161806,0,0.0,0,131,0,7,0.9561,0.2148,GREEN,51,Chennai
CLM0012975,CHE_03929,Sholinganallur,2018-01-19,21,0,0,0,1,0,0,1,1,1,0.0,0.987692,1,0.0,1,5,3,18,0.98,0.0,GREEN,43,Chennai
CLM0012976,CHE_01485,Perambur,2024-07-27,18,0,0,0,0,0,0,0,0,0,0.0,0.377815,0,0.0,0,300,4,1,0.7284,0.0,GREEN,31,Chennai
CLM0012977,CHE_03481,T Nagar,2025-05-18,7,0,0,0,0,0,0,0,0,0,1.0,0.157819,0,0.0,0,420,2,0,0.7272,0.0309,GREEN,26,Chennai
CLM0012978,CHE_05752,Chromepet,2025-07-01,14,0,0,0,0,0,0,0,0,0,0.0,0.045919,1,1.0,0,181,3,2,0.859,0.067,GREEN,44,Chennai
CLM0012979,CHE_07889,Tambaram,2023-04-18,17,0,0,0,0,0,0,0,0,0,0.0,0.098918,0,0.0,0,129,2,4,0.7371,0.0,GREEN,51,Chennai
CLM0012980,CHE_04542,Sholinganallur,2025-05-04,18,0,0,0,1,0,1,1,0,1,0.0,0.13898,0,0.0,0,415,4,1,0.8735,0.1404,GREEN,35,Chennai
CLM0012981,CHE_08159,Velachery,2025-11-21,13,0,0,0,0,0,0,0,0,0,1.0,0.240201,0,1.0,0,412,0,0,0.6015,0.1035,GREEN,49,Chennai
CLM0012982,CHE_00063,Guindy,2023-02-20,19,0,0,0,1,0,0,0,0,0,0.0,0.339699,0,0.0,0,199,3,3,0.9045,0.1256,GREEN,44,Chennai
CLM0012983,CHE_01333,Perambur,2024-08-16,15,0,0,0,0,0,1,0,1,0,1.0,0.977705,0,0.0,0,226,2,1,0.7583,0.2153,GREEN,23,Chennai
CLM0012984,CHE_03142,Perambur,2019-03-24,13,0,0,0,0,0,0,1,0,0,0.0,0.117593,0,0.0,0,201,2,0,0.9213,0.0939,GREEN,49,Chennai
CLM0012985,CHE_08199,Porur,2023-04-30,20,0,0,0,0,0,0,0,0,0,0.0,0.369741,1,0.0,0,13,4,0,0.98,0.088,GREEN,38,Chennai
CLM0012986,CHE_02148,Velachery,2021-11-27,7,0,0,0,0,0,0,0,0,0,0.0,0.217064,1,1.0,0,110,1,0,0.4432,0.2148,GREEN,35,Chennai
CLM0012987,CHE_05358,T Nagar,2023-07-29,18,0,0,0,0,0,0,0,1,0,0.0,0.345463,0,0.0,0,29,2,4,0.8589,0.0498,GREEN,29,Chennai
CLM0012988,CHE_09574,Guindy,2025-08-01,7,0,0,0,0,0,1,0,0,0,1.0,0.97078,1,1.0,1,420,2,0,0.7352,0.2454,GREEN,42,Chennai
CLM0012989,CHE_08710,Tambaram,2020-01-26,18,0,0,0,1,0,0,0,0,0,0.0,0.128255,0,0.0,0,410,0,0,0.7779,0.1614,GREEN,26,Chennai
CLM0012990,CHE_09222,Tambaram,2019-10-05,16,0,0,0,0,0,0,0,0,0,0.0,0.16135,0,0.0,0,319,0,0,0.7792,0.0,GREEN,28,Chennai
CLM0012991,CHE_08904,Velachery,2023-07-15,9,0,0,0,0,1,0,0,0,0,0.0,0.109588,0,0.0,0,316,4,0,0.4672,0.1379,GREEN,42,Chennai
CLM0012992,CHE_05728,Anna Nagar,2022-08-25,16,0,0,0,0,0,0,0,0,0,0.0,0.02052,0,0.0,0,53,2,1,0.05,0.0,GREEN,52,Chennai
CLM0012993,CHE_00807,Porur,2025-12-27,19,0,1,1,0,0,0,0,0,0,0.0,0.113775,0,0.0,0,127,4,0,0.3249,0.0,GREEN,37,Chennai
CLM0012994,CHE_03987,Guindy,2022-06-13,19,0,0,0,0,0,0,0,0,0,0.0,0.322657,0,0.0,0,274,3,1,0.1196,0.0,GREEN,21,Chennai
CLM0012995,CHE_09248,Tambaram,2024-06-23,17,0,0,0,0,0,0,0,0,0,0.0,0.949089,0,0.0,0,147,2,2,0.7644,0.0,GREEN,36,Chennai
CLM0012996,CHE_06467,Guindy,2023-12-16,21,0,0,0,0,0,0,1,0,0,0.0,0.0,0,0.0,0,81,1,1,0.5734,0.1436,GREEN,45,Chennai
CLM0012997,CHE_06748,Anna Nagar,2025-05-10,14,0,0,0,0,0,0,0,0,0,0.0,0.0,0,0.0,0,314,4,2,0.1597,0.0,GREEN,45,Chennai
CLM0012998,CHE_04302,Sholinganallur,2024-07-25,9,0,0,0,0,0,0,0,0,0,0.0,0.103409,0,0.0,0,285,2,0,0.3609,0.1003,GREEN,48,Chennai
CLM0012999,CHE_02400,T Nagar,2021-10-19,13,0,0,0,0,0,0,0,0,1,0.0,0.211576,0,0.0,0,373,1,4,0.7151,0.0116,GREEN,48,Chennai
CLM0013000,CHE_06152,Velachery,2021-10-04,20,0,0,0,0,0,0,0,0,0,0.0,0.170297,0,0.0,0,420,3,2,0.6938,0.0,GREEN,42,Chennai
CLM0013001,CHE_00049,Sholinganallur,2024-05-21,7,0,0,0,0,0,0,0,0,0,0.0,0.449997,0,0.0,0,69,2,1,0.1493,0.0285,GREEN,36,Chennai
CLM0013002,CHE_01048,Sholinganallur,2023-06-03,10,0,0,0,0,0,0,0,0,0,0.0,0.095516,0,0.0,0,53,4,2,0.98,0.0,GREEN,44,Chennai
CLM0013003,CHE_04454,T Nagar,2022-04-04,8,0,0,0,0,0,0,0,0,0,0.0,0.128704,0,0.0,0,228,1,0,0.7272,0.0,GREEN,34,Chennai
CLM0013004,CHE_04282,Tambaram,2025-04-18,20,0,0,0,0,0,0,0,0,0,0.0,0.338622,0,0.0,0,307,4,6,0.691,0.0392,GREEN,36,Chennai
CLM0013005,CHE_00442,Guindy,2019-11-10,7,0,1,1,0,0,0,0,0,0,0.0,0.279119,0,0.0,0,420,0,2,0.8456,0.0,GREEN,53,Chennai
CLM0013006,CHE_02525,Adyar,2019-10-30,10,0,0,0,0,0,0,0,1,0,0.0,0.196755,1,0.0,0,420,3,2,0.949,0.1029,GREEN,38,Chennai
CLM0013007,CHE_01098,T Nagar,2019-12-28,19,0,0,0,0,0,0,0,0,0,0.0,0.413286,0,0.0,0,140,1,2,0.1504,0.0824,GREEN,23,Chennai
CLM0013008,CHE_06493,Chromepet,2022-08-07,12,0,0,0,0,0,0,0,0,0,0.0,0.148324,0,0.0,1,420,1,2,0.8899,0.0635,GREEN,37,Chennai
CLM0013009,CHE_05378,Chromepet,2025-03-13,18,0,0,0,1,0,1,1,1,0,0.0,0.030415,0,0.0,1,5,0,18,0.8624,0.0183,GREEN,49,Chennai
CLM0013010,CHE_08693,Velachery,2025-05-03,18,0,0,0,0,0,0,0,0,1,0.0,0.0,0,0.0,0,277,4,1,0.9322,0.1592,GREEN,54,Chennai
CLM0013011,CHE_05809,Perambur,2020-09-24,10,0,0,0,0,0,0,0,0,0,0.0,0.373037,0,0.0,0,241,2,7,0.4472,0.0257,GREEN,18,Chennai
CLM0013012,CHE_00989,Chromepet,2025-03-26,10,0,0,0,0,0,0,0,0,0,0.0,0.377012,0,0.0,0,285,2,0,0.6928,0.0,GREEN,37,Chennai
CLM0013013,CHE_02800,Guindy,2020-12-20,13,0,0,0,0,0,0,0,0,0,0.0,0.061884,0,0.0,0,300,1,0,0.7671,0.0,GREEN,36,Chennai
CLM0013014,CHE_02121,T Nagar,2019-10-15,12,0,1,1,1,0,1,0,1,1,0.0,1.0,0,0.0,0,19,4,10,0.1981,0.1404,GREEN,35,Chennai
CLM0013015,CHE_05174,Guindy,2021-10-11,13,0,1,1,0,0,0,0,0,0,0.0,0.173462,0,0.0,0,420,3,6,0.9153,0.0,GREEN,50,Chennai
CLM0013016,CHE_02342,Guindy,2024-12-13,11,0,0,0,0,0,0,0,0,0,0.0,0.069604,0,0.0,0,148,2,2,0.2476,0.0,GREEN,37,Chennai
CLM0013017,CHE_07127,Tambaram,2022-10-14,11,0,0,0,0,0,0,0,0,0,0.0,0.190319,0,0.0,0,71,4,1,0.6277,0.0,GREEN,22,Chennai
CLM0013018,CHE_01930,Velachery,2024-11-28,19,0,0,0,0,0,0,0,1,0,0.0,0.143353,0,1.0,0,373,4,6,0.2912,0.0725,GREEN,34,Chennai
CLM0013019,CHE_06428,Porur,2020-07-08,10,0,1,1,0,0,1,0,0,0,0.0,0.369227,0,0.0,0,420,4,2,0.6126,0.0401,GREEN,49,Chennai
CLM0013020,CHE_09026,Tambaram,2023-11-20,19,0,0,0,0,0,0,0,0,0,0.0,0.241322,0,0.0,0,243,1,6,0.5975,0.0178,GREEN,38,Chennai
CLM0013021,CHE_07487,Tambaram,2024-01-24,19,0,0,0,0,0,0,0,0,0,0.0,0.060552,0,0.0,0,377,0,0,0.6449,0.0396,GREEN,31,Chennai
CLM0013022,CHE_02889,Anna Nagar,2022-09-28,17,0,0,0,0,0,0,0,0,0,0.0,0.315651,0,0.0,0,372,2,1,0.3817,0.0,GREEN,49,Chennai
CLM0013023,CHE_03116,Perambur,2019-12-28,15,0,0,0,0,0,0,0,0,0,0.0,0.292137,0,0.0,0,133,2,0,0.8292,0.0007,GREEN,34,Chennai
CLM0013024,CHE_04551,Adyar,2018-05-27,17,0,0,0,0,0,0,1,0,0,0.0,0.197034,0,0.0,1,66,2,0,0.98,0.1698,GREEN,51,Chennai
CLM0013025,CHE_00617,Chromepet,2024-07-20,7,0,0,0,0,0,0,0,0,0,0.0,0.139348,0,0.0,0,420,1,0,0.7701,0.0,GREEN,41,Chennai
CLM0013026,CHE_09202,Sholinganallur,2015-04-10,10,0,0,0,1,1,0,1,1,0,0.0,0.04033,0,0.0,1,5,3,18,0.9476,0.0,GREEN,47,Chennai
CLM0013027,CHE_02118,Porur,2025-07-21,12,0,0,0,0,0,0,0,0,0,0.0,0.145734,0,0.0,0,372,3,2,0.5377,0.1111,GREEN,23,Chennai
CLM0013028,CHE_06789,Chromepet,2024-08-13,19,0,0,0,0,0,0,0,0,0,0.0,0.421333,0,0.0,0,46,4,2,0.7617,0.0764,GREEN,54,Chennai
CLM0013029,CHE_07248,Tambaram,2020-06-21,17,0,0,0,1,0,0,0,1,0,0.0,1.0,0,0.0,0,354,0,0,0.8831,0.2938,GREEN,57,Chennai
CLM0013030,CHE_02583,Chromepet,2023-01-04,16,0,0,0,0,0,0,0,0,0,0.0,0.416111,0,0.0,1,420,4,0,0.0721,0.0,GREEN,41,Chennai
CLM0013031,CHE_04177,Guindy,2024-07-13,9,0,0,0,0,0,0,0,0,1,0.0,0.288024,0,0.0,0,178,1,1,0.5609,0.0338,GREEN,46,Chennai
CLM0013032,CHE_03538,Anna Nagar,2025-02-15,13,0,0,0,0,0,0,0,0,0,0.0,0.096028,1,0.0,0,26,4,0,0.6248,0.0396,GREEN,34,Chennai
CLM0013033,CHE_01625,Porur,2024-11-29,18,0,0,0,0,0,0,0,0,0,0.0,0.064618,0,1.0,0,190,2,0,0.5482,0.1586,GREEN,19,Chennai
CLM0013034,CHE_08844,Anna Nagar,2016-09-10,7,0,0,0,0,0,0,0,0,0,1.0,0.184973,1,0.0,0,410,0,1,0.0798,0.0251,GREEN,49,Chennai
CLM0013035,CHE_08797,Guindy,2018-08-24,15,0,0,0,0,0,0,0,0,0,0.0,0.268649,0,0.0,0,420,2,6,0.98,0.0,GREEN,58,Chennai
CLM0013036,CHE_07281,Sholinganallur,2022-09-03,20,0,0,0,0,0,0,0,0,0,0.0,0.052889,0,0.0,0,194,4,2,0.4971,0.0,GREEN,32,Chennai
CLM0013037,CHE_04379,Anna Nagar,2023-05-27,10,0,1,1,0,0,0,0,1,0,0.0,0.9687,0,0.0,0,83,3,3,0.9289,0.0681,GREEN,51,Chennai
CLM0013038,CHE_07476,T Nagar,2025-03-04,16,0,0,0,1,0,0,0,0,0,0.0,0.051665,0,0.0,0,291,1,3,0.05,0.108,GREEN,31,Chennai
CLM0013039,CHE_02602,Chromepet,2017-09-30,7,0,0,0,0,0,1,0,0,0,0.0,0.309826,0,0.0,0,391,3,0,0.7882,0.0531,GREEN,46,Chennai
CLM0013040,CHE_04039,Guindy,2025-09-10,12,0,0,0,0,0,0,0,0,0,0.0,0.072874,0,0.0,0,152,1,3,0.732,0.0239,GREEN,29,Chennai
CLM0013041,CHE_05973,Perambur,2020-02-01,18,0,0,0,0,0,0,0,0,0,0.0,0.307223,0,0.0,1,127,3,0,0.6487,0.0486,GREEN,35,Chennai
CLM0013042,CHE_02196,Tambaram,2020-09-17,15,0,0,0,0,0,0,0,0,0,0.0,0.217892,0,0.0,1,386,2,2,0.905,0.0,GREEN,49,Chennai
CLM0013043,CHE_08516,Perambur,2021-07-14,20,0,0,0,0,0,0,0,0,0,0.0,0.254783,0,0.0,0,361,4,4,0.8504,0.0,GREEN,43,Chennai
CLM0013044,CHE_03599,Chromepet,2024-10-16,21,0,0,0,0,0,0,0,0,0,0.0,0.423103,0,0.0,0,37,0,0,0.8547,0.0166,GREEN,35,Chennai
CLM0013045,CHE_03968,Chromepet,2024-02-07,11,0,0,0,0,0,0,0,0,0,0.0,0.000529,0,0.0,0,221,0,4,0.4619,0.0,GREEN,39,Chennai
CLM0013046,CHE_04524,Velachery,2023-12-27,19,0,0,0,0,0,0,0,0,0,1.0,0.9906,0,0.0,1,193,0,2,0.4796,0.1925,GREEN,57,Chennai
CLM0013047,CHE_06495,Chromepet,2025-07-11,18,0,0,0,0,0,0,0,0,0,0.0,0.0,0,0.0,0,136,2,1,0.9486,0.0435,GREEN,40,Chennai
CLM0013048,CHE_09949,Velachery,2025-08-29,21,0,0,0,0,0,0,0,0,0,0.0,0.196295,0,0.0,0,161,3,0,0.6855,0.0157,GREEN,48,Chennai
CLM0013049,CHE_00379,Guindy,2025-09-29,9,0,0,0,0,0,0,0,0,0,0.0,0.974038,0,0.0,0,397,2,5,0.6097,0.0026,GREEN,25,Chennai
CLM0013050,CHE_00197,Guindy,2025-06-09,16,0,0,0,0,1,0,0,0,0,0.0,0.0,0,0.0,0,210,3,6,0.9275,0.0829,GREEN,44,Chennai
CLM0013051,CHE_02442,Adyar,2025-01-21,17,0,0,0,0,0,0,0,0,0,0.0,0.226981,0,0.0,0,320,1,0,0.5782,0.0824,GREEN,38,Chennai
CLM0013052,CHE_03980,Anna Nagar,2025-05-02,20,0,0,0,1,0,1,1,0,1,1.0,0.96267,0,1.0,1,50,1,18,0.1633,0.0,GREEN,32,Chennai
CLM0013053,CHE_04178,T Nagar,2022-05-05,10,0,0,0,0,0,0,0,0,0,0.0,1.0,0,0.0,0,224,1,4,0.9789,0.0,GREEN,28,Chennai
CLM0013054,CHE_05254,Porur,2023-11-22,7,0,0,0,0,0,1,0,0,0,0.0,0.094186,0,0.0,0,67,1,6,0.7343,0.0728,GREEN,36,Chennai
CLM0013055,CHE_00326,Chromepet,2023-01-15,20,0,0,0,1,1,1,1,0,1,1.0,1.0,1,0.0,0,5,2,18,0.0662,0.2697,GREEN,39,Chennai
CLM0013056,CHE_03856,T Nagar,2025-03-12,17,0,0,0,0,0,0,0,1,0,0.0,0.150137,0,0.0,0,420,1,6,0.98,0.1543,GREEN,47,Chennai
CLM0013057,CHE_02210,Anna Nagar,2025-02-08,12,0,0,0,0,0,0,0,0,0,0.0,0.404121,0,0.0,0,20,0,1,0.9761,0.0013,GREEN,28,Chennai
CLM0013058,CHE_01876,Anna Nagar,2023-05-17,16,0,0,0,0,0,0,0,0,0,0.0,0.309335,0,0.0,0,150,4,2,0.8882,0.0,GREEN,43,Chennai
CLM0013059,CHE_01766,Velachery,2023-11-28,15,0,0,0,1,1,0,1,1,1,0.0,0.997194,0,0.0,0,8,4,18,0.2218,0.0,GREEN,33,Chennai
CLM0013060,CHE_05010,Chromepet,2022-06-09,21,0,0,0,0,0,0,0,1,1,0.0,0.279859,0,0.0,0,402,4,4,0.968,0.2028,GREEN,71,Chennai
CLM0013061,CHE_03717,Guindy,2022-03-23,16,0,0,0,1,1,0,1,1,0,1.0,1.0,1,1.0,1,5,0,18,0.0597,0.0,GREEN,39,Chennai
CLM0013062,CHE_07482,Chromepet,2021-10-30,13,0,0,0,0,0,0,0,0,0,0.0,0.081507,0,0.0,1,420,0,1,0.6495,0.1462,GREEN,49,Chennai
CLM0013063,CHE_04393,Adyar,2021-01-12,15,0,0,0,0,0,1,0,0,0,0.0,0.244578,0,0.0,0,153,0,2,0.3367,0.0693,GREEN,34,Chennai
CLM0013064,CHE_07957,Sholinganallur,2025-02-01,19,0,0,0,0,0,0,0,0,0,0.0,0.470982,0,1.0,0,420,4,3,0.6659,0.0,GREEN,41,Chennai
CLM0013065,CHE_04140,Porur,2025-12-11,7,0,1,1,0,0,0,0,0,0,0.0,0.35465,0,0.0,0,47,2,0,0.5462,0.0,GREEN,42,Chennai
CLM0013066,CHE_05022,Perambur,2025-04-08,8,0,0,0,0,0,0,0,0,0,0.0,0.98954,0,0.0,1,311,0,6,0.7842,0.0913,GREEN,32,Chennai
CLM0013067,CHE_02905,Sholinganallur,2024-08-21,7,0,0,0,0,0,1,0,0,0,0.0,0.358763,0,0.0,0,420,1,0,0.3259,0.0092,GREEN,61,Chennai
CLM0013068,CHE_00798,Perambur,2020-12-09,10,0,0,0,0,0,0,1,0,0,0.0,0.104815,0,0.0,0,420,0,3,0.5064,0.0328,GREEN,49,Chennai
CLM0013069,CHE_09284,Adyar,2025-02-15,8,0,0,0,0,0,0,0,0,0,0.0,0.0,0,1.0,0,377,0,0,0.8265,0.0,GREEN,43,Chennai
CLM0013070,CHE_02541,Chromepet,2025-11-27,16,0,0,0,0,0,0,0,0,0,0.0,0.07473,0,0.0,0,173,3,0,0.5801,0.0,GREEN,39,Chennai
CLM0013071,CHE_02555,Velachery,2023-09-28,7,0,0,0,0,0,0,0,0,0,0.0,0.108578,0,0.0,0,125,1,4,0.2124,0.0087,GREEN,42,Chennai
CLM0013072,CHE_05443,Velachery,2023-08-10,19,0,0,0,0,0,0,0,0,0,0.0,0.235801,0,0.0,0,407,2,2,0.7987,0.0896,GREEN,56,Chennai
CLM0013073,CHE_09161,Sholinganallur,2023-07-31,9,0,0,0,0,0,0,0,0,0,0.0,0.100582,1,0.0,0,396,1,1,0.8685,0.0395,GREEN,41,Chennai
CLM0013074,CHE_04830,Perambur,2025-11-24,18,0,0,0,0,0,0,0,0,0,0.0,0.174315,0,0.0,1,90,3,3,0.4741,0.1045,GREEN,38,Chennai
CLM0013075,CHE_01960,Anna Nagar,2024-10-20,19,0,0,0,1,0,0,1,0,0,0.0,0.901111,0,0.0,0,47,2,2,0.6202,0.179,GREEN,36,Chennai
CLM0013076,CHE_01332,T Nagar,2025-05-09,15,0,0,0,0,1,0,0,0,0,0.0,0.267992,0,0.0,0,245,4,2,0.3362,0.2135,GREEN,22,Chennai
CLM0013077,CHE_03881,Tambaram,2024-11-30,9,0,0,0,0,0,0,0,0,0,0.0,0.225507,0,0.0,0,296,4,3,0.8383,0.0421,GREEN,27,Chennai
CLM0013078,CHE_07209,Perambur,2025-02-25,12,0,0,0,0,0,0,0,1,0,0.0,0.066474,1,0.0,0,270,2,3,0.6979,0.1923,GREEN,51,Chennai
CLM0013079,CHE_03178,Chromepet,2024-11-01,11,0,0,0,0,0,0,0,0,0,1.0,0.250147,0,0.0,0,45,4,1,0.98,0.095,GREEN,67,Chennai
CLM0013080,CHE_05968,Sholinganallur,2024-11-27,19,0,0,0,0,0,0,0,0,0,0.0,0.069019,0,0.0,0,101,1,0,0.776,0.0,GREEN,36,Chennai
CLM0013081,CHE_07065,Adyar,2025-10-16,13,0,0,0,0,1,0,0,0,1,0.0,0.14348,1,1.0,0,23,4,6,0.98,0.2196,GREEN,55,Chennai
CLM0013082,CHE_06079,Porur,2025-02-13,13,0,0,0,0,0,0,0,0,0,0.0,0.092248,0,0.0,0,26,3,1,0.7164,0.0,GREEN,27,Chennai
CLM0013083,CHE_04232,Velachery,2023-12-17,18,0,0,0,0,0,0,0,0,0,1.0,0.0,0,0.0,1,420,2,7,0.7099,0.1416,GREEN,47,Chennai
CLM0013084,CHE_08778,T Nagar,2021-01-11,7,0,0,0,0,0,0,0,0,0,0.0,0.1022,0,0.0,0,153,1,0,0.1678,0.027,GREEN,34,Chennai
CLM0013085,CHE_03337,Porur,2021-09-22,8,0,0,0,0,0,0,0,0,0,0.0,0.115387,1,0.0,0,420,2,4,0.4391,0.0628,GREEN,37,Chennai
CLM0013086,CHE_08973,Guindy,2024-10-28,12,0,0,0,1,0,0,0,0,0,0.0,0.261443,0,0.0,0,105,0,5,0.5946,0.2449,GREEN,55,Chennai
CLM0013087,CHE_09190,Chromepet,2024-11-09,13,0,0,0,0,0,0,0,0,0,0.0,0.313655,0,0.0,0,318,0,2,0.2066,0.0363,GREEN,40,Chennai
CLM0013088,CHE_05674,Sholinganallur,2021-11-23,17,0,0,0,0,0,0,0,0,0,0.0,0.226992,0,0.0,0,420,4,0,0.9612,0.0063,GREEN,42,Chennai
CLM0013089,CHE_03431,Chromepet,2024-06-11,14,0,1,1,0,0,0,0,0,0,0.0,0.0,0,0.0,0,91,1,1,0.7314,0.0,GREEN,18,Chennai
CLM0013090,CHE_02680,Guindy,2023-12-31,16,0,0,0,0,0,0,0,1,0,0.0,0.321955,0,0.0,0,261,4,1,0.8748,0.0445,GREEN,62,Chennai
CLM0013091,CHE_04282,Tambaram,2021-12-02,8,0,0,0,0,0,0,0,0,0,0.0,0.371084,0,1.0,0,154,4,4,0.98,0.0,GREEN,36,Chennai
CLM0013092,CHE_05072,Porur,2020-12-25,16,0,0,0,0,0,1,0,0,0,0.0,0.362295,0,1.0,0,337,2,1,0.6023,0.0391,GREEN,39,Chennai
CLM0013093,CHE_08579,Velachery,2025-08-11,7,0,0,0,0,0,0,0,0,0,0.0,0.073058,0,0.0,0,233,0,1,0.4145,0.0184,GREEN,33,Chennai
CLM0013094,CHE_06777,Porur,2018-04-12,12,0,0,0,0,0,0,0,0,0,0.0,0.36169,0,0.0,0,386,4,1,0.8757,0.0606,GREEN,27,Chennai
CLM0013095,CHE_02962,Perambur,2024-07-06,21,0,0,0,0,0,1,0,0,0,0.0,0.255272,0,0.0,1,265,3,5,0.05,0.1925,GREEN,33,Chennai
CLM0013096,CHE_09768,Guindy,2025-05-10,11,0,0,0,0,0,0,1,0,0,1.0,0.209065,1,0.0,1,340,4,0,0.9145,0.1915,GREEN,41,Chennai
CLM0013097,CHE_06862,Porur,2019-10-31,9,0,0,0,1,0,1,1,0,0,0.0,0.059712,0,0.0,0,5,2,11,0.98,0.0026,GREEN,41,Chennai
CLM0013098,CHE_02548,Porur,2021-02-24,9,0,0,0,0,0,0,0,0,0,0.0,0.207657,0,0.0,0,349,3,2,0.2365,0.0,GREEN,31,Chennai
CLM0013099,CHE_01859,Porur,2018-03-13,9,0,0,0,1,1,0,1,1,0,0.0,1.0,0,1.0,1,5,3,18,0.7724,0.0287,GREEN,35,Chennai
CLM0013100,CHE_01832,Velachery,2023-06-23,11,0,0,0,0,0,0,0,0,0,0.0,0.921938,1,0.0,0,371,1,0,0.5887,0.0045,GREEN,25,Chennai
CLM0013101,CHE_06687,Anna Nagar,2023-11-11,9,0,1,1,0,0,1,0,0,0,0.0,0.343267,0,0.0,0,420,3,2,0.718,0.1132,GREEN,51,Chennai
CLM0013102,CHE_04378,Chromepet,2022-12-23,14,0,0,0,0,0,0,0,1,0,0.0,0.120876,0,0.0,0,234,4,4,0.6784,0.0696,GREEN,33,Chennai
CLM0013103,CHE_06320,Guindy,2023-06-29,13,0,0,0,0,0,0,0,0,0,0.0,0.122897,1,0.0,0,316,1,6,0.7297,0.0273,GREEN,31,Chennai
CLM0013104,CHE_03859,Guindy,2024-08-15,21,0,0,0,0,0,0,0,0,0,0.0,0.394701,0,1.0,0,420,1,7,0.8241,0.0,GREEN,53,Chennai
CLM0013105,CHE_03062,Guindy,2024-09-21,18,0,0,0,1,1,0,1,1,0,0.0,0.108778,1,0.0,0,5,1,18,0.98,0.0656,GREEN,38,Chennai
CLM0013106,CHE_01658,Tambaram,2025-11-13,11,0,0,0,0,0,1,0,0,0,0.0,0.231279,0,0.0,0,420,2,2,0.7959,0.0873,GREEN,36,Chennai
CLM0013107,CHE_01132,Sholinganallur,2024-02-28,18,0,0,0,0,0,0,0,0,0,1.0,0.470076,0,0.0,0,339,3,5,0.824,0.0,GREEN,25,Chennai
CLM0013108,CHE_08262,T Nagar,2025-12-03,11,0,0,0,0,0,0,0,0,0,1.0,0.203887,0,0.0,0,39,2,3,0.6594,0.0608,GREEN,33,Chennai
CLM0013109,CHE_09179,Anna Nagar,2025-04-30,18,0,0,0,0,0,0,0,0,0,0.0,0.234194,0,0.0,0,302,2,6,0.4849,0.0525,GREEN,43,Chennai
CLM0013110,CHE_01477,Perambur,2025-07-12,20,0,0,0,0,0,0,0,0,0,0.0,0.213666,0,0.0,0,420,2,0,0.05,0.0,GREEN,47,Chennai
CLM0013111,CHE_02490,Guindy,2025-06-11,20,0,0,0,0,0,0,0,0,0,0.0,0.095646,0,0.0,0,420,3,1,0.6759,0.0,GREEN,37,Chennai
CLM0013112,CHE_03972,Velachery,2025-10-22,11,0,0,0,0,0,0,0,1,0,0.0,0.223711,0,1.0,0,264,4,2,0.6631,0.0855,GREEN,35,Chennai
CLM0013113,CHE_06641,Guindy,2025-11-09,19,0,0,0,0,0,0,0,0,0,0.0,0.41023,0,0.0,0,389,4,8,0.196,0.0,GREEN,41,Chennai
CLM0013114,CHE_08597,Velachery,2024-10-26,14,0,0,0,0,0,1,0,0,0,0.0,0.0,1,0.0,0,188,0,4,0.98,0.14,GREEN,25,Chennai
CLM0013115,CHE_03320,Adyar,2024-12-19,10,0,0,0,0,0,0,0,0,0,0.0,0.035604,0,0.0,0,168,1,7,0.6284,0.0596,GREEN,54,Chennai
CLM0013116,CHE_02097,Velachery,2025-01-22,19,0,0,0,0,0,0,0,1,0,0.0,0.160254,0,0.0,0,351,4,7,0.6363,0.0271,GREEN,56,Chennai
CLM0013117,CHE_04125,T Nagar,2025-03-20,8,0,0,0,0,0,0,0,0,0,1.0,1.0,0,1.0,0,420,1,5,0.6692,0.0102,GREEN,38,Chennai
CLM0013118,CHE_00588,Adyar,2024-12-23,8,0,0,0,0,0,0,0,0,0,0.0,0.2155,0,0.0,0,350,4,1,0.6176,0.0,GREEN,39,Chennai
CLM0013119,CHE_06328,T Nagar,2023-05-31,12,0,0,0,0,0,1,0,0,0,0.0,0.0,0,1.0,0,122,2,1,0.2474,0.1242,GREEN,55,Chennai
CLM0013120,CHE_04784,T Nagar,2025-02-24,21,0,0,0,0,0,0,0,0,0,0.0,0.147959,0,0.0,0,420,4,0,0.8304,0.0,GREEN,42,Chennai
CLM0013121,CHE_04484,Adyar,2022-09-14,8,0,0,0,0,0,0,0,0,0,0.0,0.170512,0,0.0,0,361,1,3,0.5273,0.0067,GREEN,32,Chennai
CLM0013122,CHE_09163,Sholinganallur,2025-08-07,14,0,0,0,0,0,0,1,0,0,1.0,0.285937,0,1.0,0,7,3,1,0.7843,0.042,GREEN,46,Chennai
CLM0013123,CHE_06463,Chromepet,2021-12-04,19,0,0,0,1,1,1,1,1,0,1.0,0.959249,1,1.0,1,5,3,18,0.3628,0.0,GREEN,45,Chennai
CLM0013124,CHE_02363,Velachery,2024-08-25,7,0,0,0,0,0,0,0,0,0,0.0,0.126321,0,0.0,0,61,1,4,0.8482,0.0275,GREEN,46,Chennai
CLM0013125,CHE_07791,Velachery,2024-04-29,14,0,0,0,1,0,0,0,0,0,0.0,0.271653,0,0.0,0,420,4,6,0.5704,0.1932,GREEN,29,Chennai
CLM0013126,CHE_02738,Anna Nagar,2021-08-07,12,0,0,0,0,0,0,0,0,0,0.0,0.351407,0,0.0,0,379,2,3,0.8972,0.1375,GREEN,39,Chennai
CLM0013127,CHE_06022,Chromepet,2023-09-10,18,0,0,0,0,0,1,0,0,0,0.0,0.294739,0,0.0,0,268,0,2,0.7607,0.0039,GREEN,40,Chennai
CLM0013128,CHE_07328,Sholinganallur,2024-12-05,18,0,0,0,0,0,0,0,0,0,1.0,0.223169,0,0.0,0,399,4,4,0.7013,0.057,GREEN,44,Chennai
CLM0013129,CHE_06447,Chromepet,2024-03-06,19,0,0,0,1,0,1,0,0,0,0.0,0.0,0,0.0,0,324,3,1,0.5612,0.2672,GREEN,60,Chennai
CLM0013130,CHE_09914,Tambaram,2025-10-24,18,0,0,0,0,0,1,0,0,0,0.0,0.941596,0,0.0,0,130,0,3,0.6169,0.1354,GREEN,46,Chennai
CLM0013131,CHE_06489,Anna Nagar,2024-06-21,21,0,0,0,0,0,0,1,1,0,1.0,1.0,1,0.0,1,5,3,18,0.334,0.0102,GREEN,38,Chennai
CLM0013132,CHE_02016,Guindy,2025-05-26,7,0,0,0,0,0,0,0,0,0,0.0,0.217673,0,0.0,0,187,2,0,0.775,0.0163,GREEN,38,Chennai
CLM0013133,CHE_02363,Velachery,2025-12-16,8,0,0,0,1,0,0,1,0,0,0.0,0.14975,0,0.0,0,314,2,1,0.7529,0.2282,GREEN,46,Chennai
CLM0013134,CHE_08541,Porur,2024-11-04,12,1,0,0,0,0,0,0,0,0,0.0,0.123362,1,0.0,0,420,0,7,0.3889,0.0782,GREEN,31,Chennai
CLM0013135,CHE_01444,Perambur,2025-06-04,14,0,0,0,0,0,0,0,0,0,0.0,0.0,0,0.0,0,87,4,3,0.4443,0.0,GREEN,27,Chennai
CLM0013136,CHE_02420,Perambur,2025-12-08,7,0,0,0,0,0,0,0,0,0,0.0,0.059167,0,0.0,0,420,2,0,0.8667,0.0,GREEN,29,Chennai
CLM0013137,CHE_09675,Perambur,2025-07-16,8,0,0,0,1,0,0,0,0,0,0.0,0.150537,0,0.0,0,234,1,3,0.98,0.1568,GREEN,35,Chennai
CLM0013138,CHE_03258,Anna Nagar,2024-08-27,11,0,0,0,0,0,0,0,0,0,0.0,0.084856,0,0.0,1,293,0,0,0.6212,0.097,GREEN,33,Chennai
CLM0013139,CHE_07947,T Nagar,2018-03-03,7,0,0,0,0,0,0,0,0,0,0.0,0.088055,0,0.0,0,233,0,3,0.98,0.008,GREEN,47,Chennai
CLM0013140,CHE_05716,Perambur,2015-11-26,14,0,0,0,0,0,0,0,0,0,0.0,0.0,0,0.0,0,77,0,1,0.98,0.0206,GREEN,32,Chennai
CLM0013141,CHE_01980,T Nagar,2016-08-13,11,0,0,0,0,0,0,0,0,0,0.0,0.431157,0,0.0,0,315,4,2,0.676,0.0402,GREEN,18,Chennai
CLM0013142,CHE_02170,Velachery,2024-01-01,14,0,0,0,0,0,0,0,0,0,0.0,0.163293,0,0.0,0,360,1,0,0.9529,0.0497,GREEN,40,Chennai
CLM0013143,CHE_06472,Anna Nagar,2016-06-10,14,0,0,0,1,0,0,0,0,0,1.0,0.971415,0,0.0,0,342,4,2,0.871,0.2455,GREEN,67,Chennai
CLM0013144,CHE_07000,Tambaram,2025-02-17,17,0,0,0,1,0,0,0,0,0,0.0,0.34524,0,0.0,0,417,0,2,0.5865,0.1106,GREEN,73,Chennai
CLM0013145,CHE_03922,Sholinganallur,2018-08-01,8,0,0,0,1,0,0,0,0,0,0.0,0.128161,0,1.0,0,122,3,1,0.909,0.1591,GREEN,55,Chennai
CLM0013146,CHE_09569,Guindy,2019-06-21,21,0,0,0,0,0,0,0,0,0,0.0,0.0,1,0.0,0,323,3,2,0.0503,0.0762,GREEN,41,Chennai
CLM0013147,CHE_00681,T Nagar,2019-02-10,18,0,0,0,0,0,0,0,0,0,0.0,0.255007,0,0.0,0,130,4,4,0.6243,0.0105,GREEN,59,Chennai
CLM0013148,CHE_02644,Perambur,2023-05-25,16,0,0,0,0,0,0,0,0,0,0.0,0.098174,1,0.0,0,207,4,1,0.5891,0.036,GREEN,24,Chennai
CLM0013149,CHE_09564,Velachery,2022-01-29,21,0,0,0,1,0,1,1,1,1,0.0,0.08231,1,0.0,1,29,4,18,0.9356,0.0758,GREEN,29,Chennai
CLM0013150,CHE_02266,Adyar,2019-06-17,13,0,0,0,0,0,0,0,0,0,0.0,0.0612,0,0.0,0,111,2,0,0.5663,0.0,GREEN,18,Chennai
CLM0013151,CHE_07449,T Nagar,2020-07-15,14,0,0,0,0,0,0,0,0,0,0.0,0.145054,0,0.0,0,112,1,1,0.98,0.0,GREEN,53,Chennai
CLM0013152,CHE_08142,Guindy,2025-10-22,12,0,0,0,0,0,0,0,0,1,0.0,1.0,0,0.0,0,95,0,4,0.8947,0.1777,GREEN,18,Chennai
CLM0013153,CHE_07110,Chromepet,2020-07-18,15,0,0,0,0,0,0,0,0,0,0.0,1.0,0,0.0,0,267,2,0,0.6735,0.0038,GREEN,45,Chennai
CLM0013154,CHE_05935,Tambaram,2025-07-10,17,0,0,0,0,0,0,0,0,0,0.0,0.33996,0,0.0,0,117,4,0,0.9082,0.0,GREEN,38,Chennai
CLM0013155,CHE_03556,Perambur,2023-03-25,15,0,0,0,0,0,0,0,0,0,0.0,0.082906,0,0.0,0,191,2,3,0.9583,0.0058,GREEN,36,Chennai
CLM0013156,CHE_05487,Chromepet,2021-05-13,18,0,0,0,0,0,0,0,0,0,0.0,0.184806,0,0.0,0,170,1,3,0.5907,0.0,GREEN,40,Chennai
CLM0013157,CHE_02776,Guindy,2022-01-03,20,0,0,0,0,0,0,0,0,0,0.0,0.958624,0,1.0,0,363,4,4,0.3861,0.1028,GREEN,31,Chennai
CLM0013158,CHE_05365,Chromepet,2025-03-22,14,0,0,0,0,0,0,0,1,0,0.0,0.317882,0,0.0,1,191,1,5,0.83,0.2585,GREEN,38,Chennai
CLM0013159,CHE_08494,Tambaram,2023-09-30,17,0,0,0,0,0,1,0,0,0,1.0,0.27788,0,0.0,0,238,1,2,0.901,0.0865,GREEN,49,Chennai
CLM0013160,CHE_06710,Perambur,2025-10-13,19,0,0,0,0,0,0,0,0,0,0.0,0.296573,0,0.0,0,336,1,0,0.2437,0.0,GREEN,54,Chennai
CLM0013161,CHE_06144,Velachery,2022-12-07,18,0,0,0,0,0,0,0,0,0,1.0,0.235238,0,0.0,0,281,2,1,0.8297,0.1089,GREEN,42,Chennai
CLM0013162,CHE_02950,Porur,2024-03-06,14,0,0,0,0,0,0,0,1,0,0.0,0.455283,0,0.0,0,363,2,0,0.8227,0.1124,GREEN,44,Chennai
CLM0013163,CHE_07608,Anna Nagar,2023-09-09,9,0,0,0,0,0,0,0,0,0,0.0,0.115384,0,0.0,0,252,2,0,0.8149,0.0457,GREEN,18,Chennai
CLM0013164,CHE_08408,Sholinganallur,2024-02-14,13,0,0,0,1,1,1,1,1,1,1.0,0.138631,0,1.0,0,20,2,18,0.1859,0.0005,GREEN,30,Chennai
CLM0013165,CHE_09213,Velachery,2023-06-04,13,0,0,0,0,0,0,0,0,0,0.0,0.215877,0,0.0,0,356,3,2,0.5195,0.0,GREEN,49,Chennai
CLM0013166,CHE_01483,Chromepet,2018-07-16,19,0,0,0,0,0,0,0,0,0,0.0,0.180805,0,0.0,0,420,4,5,0.9071,0.0,GREEN,45,Chennai
CLM0013167,CHE_05071,Velachery,2025-07-11,8,0,0,0,0,0,1,0,0,0,0.0,0.350988,0,0.0,0,61,2,2,0.4238,0.2314,GREEN,45,Chennai
CLM0013168,CHE_08567,T Nagar,2018-10-25,15,0,0,0,0,0,0,0,0,0,1.0,0.420324,0,0.0,0,218,3,4,0.05,0.1026,GREEN,32,Chennai
CLM0013169,CHE_07247,Anna Nagar,2024-06-27,8,0,0,0,0,0,0,0,0,0,0.0,0.348219,0,0.0,0,384,2,5,0.7435,0.0,GREEN,25,Chennai
CLM0013170,CHE_00101,Tambaram,2022-12-15,11,0,0,0,0,0,0,0,0,0,0.0,0.083299,0,0.0,0,55,3,1,0.6827,0.0,GREEN,42,Chennai
CLM0013171,CHE_02075,Sholinganallur,2023-01-15,12,0,0,0,0,0,0,0,0,1,0.0,1.0,0,1.0,0,93,1,2,0.7037,0.1776,GREEN,36,Chennai
CLM0013172,CHE_08188,Anna Nagar,2025-01-14,20,0,0,0,0,0,0,0,0,0,0.0,0.109661,0,0.0,0,78,0,2,0.54,0.0,GREEN,28,Chennai
CLM0013173,CHE_04020,Sholinganallur,2025-08-03,18,0,0,0,0,0,0,0,0,0,0.0,0.293805,0,0.0,0,97,4,5,0.9339,0.0136,GREEN,38,Chennai
CLM0013174,CHE_07265,Porur,2025-04-16,10,0,0,0,0,0,0,0,0,0,0.0,0.071152,0,0.0,0,19,2,2,0.1778,0.0834,GREEN,40,Chennai
CLM0013175,CHE_02313,Porur,2025-08-22,10,0,0,0,0,0,0,0,0,0,0.0,0.090683,0,0.0,0,207,4,2,0.8152,0.0,GREEN,29,Chennai
CLM0013176,CHE_01146,Perambur,2025-03-21,13,0,0,0,0,0,0,0,0,0,0.0,0.964802,0,0.0,0,420,2,2,0.936,0.0904,GREEN,37,Chennai
CLM0013177,CHE_00586,Velachery,2025-02-21,16,0,0,0,0,0,0,0,0,0,0.0,0.326329,0,0.0,0,420,4,1,0.3027,0.0,GREEN,22,Chennai
CLM0013178,CHE_03463,Tambaram,2025-01-29,17,0,0,0,1,0,0,0,0,0,0.0,1.0,0,0.0,1,265,3,1,0.4323,0.2878,GREEN,34,Chennai
CLM0013179,CHE_01172,Sholinganallur,2025-01-07,14,0,0,0,0,0,0,0,0,0,1.0,0.970051,0,1.0,0,67,0,0,0.8061,0.021,GREEN,57,Chennai
CLM0013180,CHE_07955,Sholinganallur,2025-03-21,15,0,0,0,0,0,0,0,1,0,1.0,1.0,0,1.0,0,76,1,3,0.4783,0.1799,GREEN,52,Chennai
CLM0013181,CHE_02090,Adyar,2025-12-10,8,0,0,0,0,0,0,0,0,0,0.0,0.208656,0,0.0,0,36,4,3,0.3728,0.092,GREEN,46,Chennai
CLM0013182,CHE_00176,Perambur,2025-08-05,18,0,0,0,0,1,0,0,0,0,0.0,0.134484,0,0.0,0,420,4,2,0.7113,0.1455,GREEN,32,Chennai
CLM0013183,CHE_01738,Adyar,2023-10-13,11,0,0,0,0,0,0,0,0,0,0.0,0.230031,0,0.0,0,70,3,2,0.6967,0.0,GREEN,34,Chennai
CLM0013184,CHE_06014,Porur,2022-12-12,18,0,0,0,0,0,0,0,0,0,0.0,0.093293,0,0.0,0,116,0,2,0.56,0.0,GREEN,43,Chennai
CLM0013185,CHE_05504,T Nagar,2025-11-08,15,0,0,0,0,0,0,0,0,0,1.0,0.154048,0,0.0,0,408,2,4,0.7986,0.0743,GREEN,64,Chennai
CLM0013186,CHE_07903,Guindy,2021-12-01,17,0,0,0,0,0,1,1,0,0,0.0,0.014934,0,0.0,0,113,1,2,0.7491,0.1047,GREEN,38,Chennai
CLM0013187,CHE_02577,Chromepet,2022-12-04,9,0,0,0,0,0,0,0,0,0,0.0,0.0,0,0.0,0,268,1,3,0.79,0.0,GREEN,34,Chennai
CLM0013188,CHE_02065,Porur,2021-08-12,21,0,0,0,0,0,0,0,1,0,0.0,0.182808,0,0.0,0,329,1,2,0.9085,0.1927,GREEN,42,Chennai
CLM0013189,CHE_07072,T Nagar,2024-03-30,19,0,0,0,0,0,0,0,0,0,0.0,0.092411,0,0.0,1,303,2,1,0.7789,0.0712,GREEN,37,Chennai
CLM0013190,CHE_07666,Perambur,2025-10-11,12,0,0,0,0,0,1,0,0,0,0.0,0.297018,0,0.0,0,398,0,2,0.8889,0.1122,GREEN,47,Chennai
CLM0013191,CHE_07183,Adyar,2024-05-21,13,0,0,0,0,0,0,0,0,0,0.0,0.112161,0,0.0,0,41,1,3,0.8013,0.009,GREEN,37,Chennai
CLM0013192,CHE_03695,Guindy,2024-12-16,12,0,0,0,0,0,0,1,0,0,0.0,0.184336,0,0.0,0,307,4,0,0.4727,0.1014,GREEN,34,Chennai
CLM0013193,CHE_06149,Adyar,2024-07-06,10,0,0,0,0,0,0,0,0,0,0.0,0.196217,0,0.0,0,144,1,4,0.6164,0.0,GREEN,26,Chennai
CLM0013194,CHE_09262,Chromepet,2025-12-19,11,0,0,0,0,0,0,0,0,1,0.0,0.248595,0,0.0,0,296,3,2,0.3688,0.1046,GREEN,44,Chennai
CLM0013195,CHE_00503,Velachery,2019-01-19,10,0,1,1,0,0,0,1,0,0,0.0,0.147051,0,0.0,0,212,0,7,0.05,0.0004,GREEN,31,Chennai
CLM0013196,CHE_00334,Tambaram,2024-11-28,13,0,0,0,0,0,0,0,0,0,0.0,0.216361,0,0.0,0,338,0,5,0.6878,0.0175,GREEN,39,Chennai
CLM0013197,CHE_07702,Perambur,2019-03-29,13,0,0,0,0,0,0,0,0,0,1.0,0.277622,0,0.0,1,420,1,5,0.7771,0.1895,GREEN,37,Chennai
CLM0013198,CHE_02012,Guindy,2022-04-14,7,0,0,0,0,0,0,0,0,0,0.0,0.059471,0,0.0,0,209,2,2,0.4346,0.0106,GREEN,69,Chennai
CLM0013199,CHE_06365,Tambaram,2021-09-29,10,0,0,0,0,0,0,0,1,0,0.0,0.229872,0,0.0,0,380,1,3,0.7505,0.1344,GREEN,37,Chennai
CLM0013200,CHE_00775,Tambaram,2025-04-06,7,0,0,0,0,0,0,0,0,0,0.0,0.100948,0,0.0,0,261,4,0,0.5678,0.0031,GREEN,41,Chennai
CLM0013201,CHE_02563,Sholinganallur,2025-06-28,17,0,0,0,0,0,0,0,0,0,0.0,0.087427,1,0.0,0,100,2,3,0.5282,0.0354,GREEN,43,Chennai
CLM0013202,CHE_01629,Guindy,2023-10-28,11,0,0,0,1,1,1,1,1,0,1.0,1.0,1,1.0,1,5,1,18,0.4031,0.0737,GREEN,28,Chennai
CLM0013203,CHE_01599,Tambaram,2024-02-02,12,0,0,0,0,0,0,0,0,0,0.0,0.179534,0,0.0,0,228,2,1,0.5682,0.0,GREEN,38,Chennai
CLM0013204,CHE_07567,Perambur,2025-10-26,18,0,0,0,0,1,0,0,0,0,0.0,0.143521,0,0.0,0,420,4,5,0.8142,0.2006,GREEN,36,Chennai
CLM0013205,CHE_09124,Chromepet,2020-04-19,19,0,0,0,0,1,0,1,1,1,0.0,0.099654,1,0.0,0,6,0,18,0.8512,0.0465,GREEN,50,Chennai
CLM0013206,CHE_03664,Velachery,2025-04-28,7,0,0,0,0,0,0,0,0,0,0.0,0.021427,0,0.0,0,420,0,3,0.6797,0.0,GREEN,34,Chennai
CLM0013207,CHE_02809,T Nagar,2019-10-13,12,0,0,0,0,0,0,0,0,0,0.0,0.263875,0,0.0,0,170,4,0,0.4224,0.0,GREEN,28,Chennai
CLM0013208,CHE_00498,Guindy,2023-07-31,14,0,0,0,0,0,0,0,0,0,0.0,0.33313,0,0.0,0,372,4,3,0.9729,0.0343,GREEN,37,Chennai
CLM0013209,CHE_05868,Tambaram,2019-01-30,21,0,0,0,0,0,1,0,0,0,0.0,0.300181,1,0.0,0,372,4,3,0.4653,0.2266,GREEN,33,Chennai
CLM0013210,CHE_04433,Tambaram,2023-06-14,13,0,0,0,0,0,0,0,0,0,0.0,0.335852,0,0.0,0,420,3,2,0.7711,0.0939,GREEN,19,Chennai
CLM0013211,CHE_08203,Porur,2025-10-16,8,1,0,0,0,0,0,0,0,0,0.0,0.288464,0,0.0,0,336,2,4,0.222,0.0539,GREEN,18,Chennai
CLM0013212,CHE_00866,Sholinganallur,2023-10-04,10,0,0,0,0,0,0,0,0,1,1.0,0.078739,0,0.0,0,302,3,4,0.7549,0.1328,GREEN,49,Chennai
CLM0013213,CHE_03953,T Nagar,2020-10-09,7,0,0,0,0,0,0,1,0,0,0.0,0.082899,1,0.0,0,239,1,1,0.9229,0.1482,GREEN,39,Chennai
CLM0013214,CHE_04839,Tambaram,2024-11-10,9,0,0,0,0,0,0,0,1,0,0.0,0.143025,0,1.0,0,235,1,4,0.8799,0.1985,GREEN,50,Chennai
CLM0013215,CHE_05614,Guindy,2020-09-07,15,0,0,0,0,0,0,0,0,0,0.0,0.216271,0,1.0,0,309,1,1,0.6944,0.0,GREEN,49,Chennai
CLM0013216,CHE_07762,T Nagar,2025-03-23,9,0,0,0,0,0,0,0,0,0,0.0,0.0,0,0.0,0,346,4,0,0.5336,0.0,GREEN,44,Chennai
CLM0013217,CHE_08914,Anna Nagar,2023-08-19,16,0,0,0,0,0,0,0,0,0,0.0,0.051425,0,0.0,0,420,2,2,0.1877,0.0,GREEN,44,Chennai
CLM0013218,CHE_08471,Porur,2024-10-23,18,0,0,0,0,0,0,0,0,0,1.0,0.986203,0,1.0,0,224,3,2,0.6883,0.0044,GREEN,35,Chennai
CLM0013219,CHE_02675,Velachery,2024-05-19,19,0,0,0,0,0,0,0,0,0,0.0,0.247746,0,0.0,0,410,2,2,0.98,0.083,GREEN,53,Chennai
CLM0013220,CHE_00816,Tambaram,2025-09-24,17,0,0,0,0,0,0,0,0,0,0.0,0.0,0,0.0,0,38,4,0,0.8256,0.0,GREEN,35,Chennai
CLM0013221,CHE_09846,Chromepet,2025-06-15,21,0,0,0,0,0,0,1,0,0,0.0,0.252519,0,0.0,0,121,1,3,0.8524,0.0473,GREEN,28,Chennai
CLM0013222,CHE_04085,Porur,2024-02-24,14,0,0,0,0,0,0,0,0,0,0.0,0.411928,0,1.0,0,150,1,3,0.98,0.0743,GREEN,35,Chennai
CLM0013223,CHE_07356,Porur,2025-05-28,20,0,0,0,0,0,0,0,0,0,0.0,0.356204,0,0.0,0,369,3,1,0.4621,0.0,GREEN,24,Chennai
CLM0013224,CHE_02860,Perambur,2023-12-13,20,0,0,0,0,0,0,0,0,0,0.0,0.062139,0,0.0,0,258,3,1,0.0963,0.0767,GREEN,52,Chennai
CLM0013225,CHE_03692,Sholinganallur,2023-09-06,9,0,0,0,0,0,0,0,0,0,0.0,0.164387,0,0.0,0,348,2,3,0.6542,0.0,GREEN,35,Chennai
CLM0013226,CHE_05589,Tambaram,2024-10-10,14,0,0,0,0,0,0,0,0,0,0.0,0.39838,1,0.0,0,125,4,0,0.6836,0.0297,GREEN,44,Chennai
CLM0013227,CHE_05332,Tambaram,2023-01-05,7,0,0,0,0,0,0,0,1,0,0.0,0.251125,0,0.0,0,134,4,1,0.6779,0.1504,GREEN,23,Chennai
CLM0013228,CHE_01545,Chromepet,2021-01-18,12,0,0,0,1,0,0,0,0,0,0.0,0.010545,0,0.0,0,314,0,1,0.692,0.1642,GREEN,39,Chennai
CLM0013229,CHE_06077,Guindy,2017-01-19,13,0,0,0,0,0,0,0,0,0,0.0,0.31668,1,0.0,0,185,3,3,0.7368,0.0893,GREEN,52,Chennai
CLM0013230,CHE_08541,Porur,2020-11-28,7,0,0,0,0,0,0,0,0,0,0.0,0.247439,0,0.0,0,389,2,0,0.6277,0.0,GREEN,31,Chennai
CLM0013231,CHE_01013,Chromepet,2022-04-29,15,0,0,0,0,0,0,0,0,0,0.0,0.232613,0,1.0,0,420,1,1,0.6186,0.0467,GREEN,41,Chennai
CLM0013232,CHE_02270,Velachery,2021-10-02,19,0,0,0,0,0,0,0,0,0,0.0,0.384012,0,0.0,0,322,4,2,0.1791,0.0,GREEN,56,Chennai
CLM0013233,CHE_02472,Adyar,2022-02-18,16,0,0,0,0,0,0,0,0,0,1.0,0.369916,0,0.0,0,135,2,0,0.6997,0.1036,GREEN,38,Chennai
CLM0013234,CHE_07547,Sholinganallur,2017-05-05,7,0,0,0,0,1,0,0,0,0,0.0,0.124181,0,0.0,0,295,2,3,0.5499,0.1545,GREEN,35,Chennai
CLM0013235,CHE_06138,T Nagar,2024-11-12,16,0,1,1,0,0,0,0,0,0,0.0,0.203572,0,0.0,0,96,2,1,0.3573,0.0072,GREEN,34,Chennai
CLM0013236,CHE_02465,Perambur,2024-02-27,7,0,0,0,0,1,0,0,0,0,0.0,0.194777,0,0.0,0,99,3,2,0.952,0.108,GREEN,29,Chennai
CLM0013237,CHE_03233,Sholinganallur,2022-05-10,21,0,0,0,0,0,0,0,0,0,0.0,0.188198,0,0.0,0,420,4,0,0.5363,0.0009,GREEN,57,Chennai
CLM0013238,CHE_09716,Sholinganallur,2023-06-28,7,0,0,0,0,1,0,0,0,0,0.0,0.045524,0,0.0,0,93,1,5,0.7758,0.2531,GREEN,51,Chennai
CLM0013239,CHE_06455,Perambur,2023-10-21,18,0,0,0,0,0,0,0,0,0,0.0,0.189385,0,0.0,0,420,2,0,0.343,0.0,GREEN,31,Chennai
CLM0013240,CHE_00866,Sholinganallur,2020-01-20,10,0,0,0,1,0,1,0,0,0,0.0,0.186228,0,0.0,0,364,0,3,0.6052,0.2214,GREEN,49,Chennai
CLM0013241,CHE_01927,Guindy,2021-03-18,11,0,0,0,0,0,0,0,0,0,0.0,0.355418,0,1.0,0,390,1,0,0.4445,0.0,GREEN,50,Chennai
CLM0013242,CHE_02254,Porur,2021-04-11,21,0,0,0,0,0,0,0,0,0,0.0,0.416971,0,0.0,0,155,3,1,0.7582,0.044,GREEN,30,Chennai
CLM0013243,CHE_07321,Chromepet,2021-06-28,9,0,0,0,0,0,0,0,1,0,0.0,0.405334,0,0.0,0,124,3,1,0.5309,0.0557,GREEN,53,Chennai
CLM0013244,CHE_04841,T Nagar,2020-12-08,12,0,0,0,0,0,0,0,0,0,0.0,0.075366,0,0.0,0,164,2,1,0.05,0.0,GREEN,55,Chennai
CLM0013245,CHE_07821,Anna Nagar,2023-06-14,18,0,0,0,0,0,0,1,0,0,0.0,0.20939,0,0.0,0,158,0,0,0.98,0.1755,GREEN,27,Chennai
CLM0013246,CHE_04479,Tambaram,2021-02-05,11,0,0,0,0,0,0,0,0,0,0.0,0.219925,0,0.0,0,94,4,1,0.4352,0.0,GREEN,43,Chennai
CLM0013247,CHE_04761,Velachery,2021-07-12,20,1,0,0,0,0,0,0,0,0,0.0,0.220866,0,0.0,0,411,1,3,0.1119,0.0,GREEN,22,Chennai
CLM0013248,CHE_09411,Tambaram,2022-07-11,14,0,0,0,0,0,0,0,0,0,0.0,0.0,0,0.0,0,311,3,0,0.5527,0.0477,GREEN,21,Chennai
CLM0013249,CHE_08211,Sholinganallur,2025-06-22,9,0,0,0,0,0,0,0,0,0,0.0,0.275674,0,0.0,0,219,3,3,0.4745,0.0056,GREEN,34,Chennai
CLM0013250,CHE_09039,Velachery,2025-03-10,20,0,0,0,0,0,0,0,0,0,0.0,0.212164,0,0.0,0,381,0,2,0.7823,0.0,GREEN,38,Chennai
CLM0013251,CHE_03920,Sholinganallur,2022-04-23,13,0,0,0,0,0,0,0,1,0,0.0,0.920992,0,0.0,0,331,3,3,0.6379,0.1268,GREEN,32,Chennai
CLM0013252,CHE_05974,Adyar,2022-09-08,11,0,0,0,0,1,0,0,0,0,0.0,0.355104,1,0.0,0,49,3,0,0.9059,0.2734,GREEN,41,Chennai
CLM0013253,CHE_08968,Chromepet,2023-12-01,19,0,0,0,0,0,0,0,0,0,0.0,0.388992,1,0.0,0,290,3,2,0.4161,0.0245,GREEN,37,Chennai
CLM0013254,CHE_03788,Adyar,2023-11-10,12,0,0,0,0,0,0,0,0,0,0.0,0.404296,0,0.0,0,132,1,4,0.835,0.1584,GREEN,50,Chennai
CLM0013255,CHE_08843,Sholinganallur,2023-07-04,20,0,0,0,0,0,0,0,0,0,0.0,0.351745,0,0.0,0,199,3,5,0.9653,0.068,GREEN,44,Chennai
CLM0013256,CHE_07088,Chromepet,2024-02-20,12,0,0,0,0,1,0,0,0,0,0.0,0.174751,0,0.0,0,59,3,3,0.5027,0.0272,GREEN,46,Chennai
CLM0013257,CHE_04367,Anna Nagar,2024-10-29,8,0,0,0,0,0,1,0,1,0,0.0,0.449921,0,0.0,0,332,0,2,0.9194,0.1901,GREEN,46,Chennai
CLM0013258,CHE_05605,Sholinganallur,2024-05-06,21,0,0,0,0,0,0,0,0,1,0.0,1.0,0,0.0,0,57,1,7,0.8655,0.1462,GREEN,40,Chennai
CLM0013259,CHE_05006,Velachery,2024-12-02,18,0,0,0,1,0,0,1,0,1,1.0,1.0,0,1.0,0,5,0,18,0.0982,0.0583,GREEN,54,Chennai
CLM0013260,CHE_05092,Guindy,2024-06-16,7,0,0,0,0,0,1,0,0,0,0.0,0.067378,0,0.0,0,153,3,4,0.6777,0.134,GREEN,53,Chennai
CLM0013261,CHE_04300,Adyar,2024-06-19,19,0,0,0,0,0,0,0,0,0,0.0,0.093717,0,0.0,0,324,4,2,0.638,0.1026,GREEN,48,Chennai
CLM0013262,CHE_00440,Guindy,2022-02-27,19,0,0,0,0,0,0,0,0,0,0.0,0.292222,0,0.0,0,5,3,4,0.98,0.0,GREEN,49,Chennai
CLM0013263,CHE_03163,Anna Nagar,2025-05-06,11,0,1,1,0,0,0,0,0,0,0.0,0.926328,0,0.0,0,23,4,4,0.883,0.0,GREEN,33,Chennai
CLM0013264,CHE_06118,Chromepet,2021-11-25,21,0,0,0,0,0,0,0,0,0,0.0,0.323909,0,0.0,0,253,3,0,0.2719,0.0,GREEN,54,Chennai
CLM0013265,CHE_00545,Tambaram,2024-07-02,20,0,0,0,0,0,0,0,0,0,0.0,0.270087,0,0.0,0,55,3,0,0.6663,0.0508,GREEN,31,Chennai
CLM0013266,CHE_07119,Perambur,2025-07-21,19,0,0,0,0,0,1,0,0,0,0.0,0.323099,0,0.0,0,349,0,0,0.8177,0.0309,GREEN,38,Chennai
CLM0013267,CHE_06780,Chromepet,2021-04-23,10,0,0,0,0,0,0,0,1,1,0.0,0.0,0,0.0,0,298,0,0,0.3739,0.1765,GREEN,40,Chennai
CLM0013268,CHE_03510,Guindy,2025-09-15,13,0,0,0,0,0,0,0,0,0,1.0,0.064804,0,0.0,0,420,0,0,0.05,0.1327,GREEN,35,Chennai
CLM0013269,CHE_02486,Guindy,2024-05-28,12,0,0,0,0,0,0,0,0,0,0.0,0.246507,0,1.0,0,420,2,4,0.9561,0.042,GREEN,33,Chennai
CLM0013270,CHE_00189,Chromepet,2019-11-09,15,0,0,0,0,0,0,0,0,0,0.0,0.185714,0,0.0,0,381,0,2,0.98,0.0943,GREEN,46,Chennai
CLM0013271,CHE_06013,Sholinganallur,2019-08-03,21,0,0,0,0,0,0,0,0,0,1.0,0.343721,0,1.0,0,271,3,0,0.814,0.0239,GREEN,39,Chennai
CLM0013272,CHE_05423,Adyar,2025-04-09,15,0,0,0,0,0,1,0,0,0,0.0,0.428318,0,0.0,0,395,2,5,0.8473,0.1094,GREEN,29,Chennai
CLM0013273,CHE_03756,Guindy,2024-05-03,15,0,0,0,0,0,0,0,0,0,0.0,0.237614,0,0.0,0,279,2,3,0.6097,0.0617,GREEN,40,Chennai
CLM0013274,CHE_08725,Velachery,2024-10-12,19,0,0,0,0,0,0,0,0,0,0.0,0.207186,0,0.0,0,333,2,4,0.4284,0.0,GREEN,42,Chennai
CLM0013275,CHE_04633,Chromepet,2024-05-22,20,0,0,0,0,0,0,0,0,0,0.0,0.374727,0,0.0,0,337,3,5,0.1509,0.0075,GREEN,42,Chennai
CLM0013276,CHE_07462,Velachery,2022-07-25,9,0,0,0,1,0,0,0,1,0,1.0,0.383831,0,0.0,0,420,3,0,0.2014,0.244,GREEN,48,Chennai
CLM0013277,CHE_02347,Guindy,2021-11-02,14,0,0,0,0,0,0,0,0,0,0.0,0.265864,1,0.0,0,377,2,0,0.6601,0.0369,GREEN,35,Chennai
CLM0013278,CHE_02108,Anna Nagar,2022-09-30,12,0,0,0,0,0,1,1,1,1,0.0,1.0,1,0.0,1,5,2,18,0.2095,0.0,GREEN,37,Chennai
CLM0013279,CHE_03010,Tambaram,2022-02-01,7,0,1,1,0,0,0,0,0,0,1.0,0.079118,0,0.0,0,354,0,3,0.4983,0.0943,GREEN,45,Chennai
CLM0013280,CHE_07655,Anna Nagar,2023-07-15,17,0,0,0,0,0,0,0,0,0,0.0,0.057693,0,0.0,0,340,0,0,0.5285,0.0914,GREEN,40,Chennai
CLM0013281,CHE_07440,Perambur,2025-06-08,8,0,0,0,0,1,0,0,0,0,0.0,0.269261,0,0.0,0,420,0,4,0.545,0.2342,GREEN,43,Chennai
CLM0013282,CHE_08283,Adyar,2023-01-16,21,0,0,0,0,0,0,0,0,0,0.0,0.32127,0,0.0,0,420,3,0,0.1793,0.0,GREEN,50,Chennai
CLM0013283,CHE_06226,T Nagar,2025-02-20,18,0,0,0,0,0,0,0,0,0,0.0,0.412581,0,0.0,0,287,1,5,0.4003,0.0771,GREEN,35,Chennai
CLM0013284,CHE_08952,Sholinganallur,2023-04-18,20,0,0,0,1,1,0,1,0,0,0.0,1.0,1,1.0,1,5,1,18,0.8021,0.0663,GREEN,58,Chennai
CLM0013285,CHE_01166,Anna Nagar,2024-12-14,11,0,0,0,0,0,0,0,0,0,0.0,0.217757,0,1.0,0,331,3,3,0.9176,0.063,GREEN,33,Chennai
CLM0013286,CHE_03206,Sholinganallur,2023-12-30,7,0,1,1,0,0,0,0,0,0,0.0,0.249372,0,0.0,0,10,3,2,0.7846,0.0,GREEN,38,Chennai
CLM0013287,CHE_07661,Sholinganallur,2025-10-25,13,0,0,0,0,0,0,0,0,0,1.0,0.287431,0,0.0,0,293,2,0,0.1766,0.044,GREEN,38,Chennai
CLM0013288,CHE_08515,Porur,2025-04-22,21,0,0,0,0,0,0,0,0,0,1.0,0.346718,0,0.0,0,62,1,3,0.7281,0.0916,GREEN,39,Chennai
CLM0013289,CHE_07768,Perambur,2023-02-05,7,0,0,0,0,0,0,0,0,0,0.0,0.106702,0,0.0,0,151,4,0,0.6231,0.0571,GREEN,18,Chennai
CLM0013290,CHE_05455,Guindy,2025-11-10,20,0,0,0,0,0,0,0,0,0,0.0,0.404584,0,0.0,0,420,4,2,0.5342,0.0161,GREEN,40,Chennai
CLM0013291,CHE_03757,Sholinganallur,2024-12-17,20,0,0,0,0,0,1,0,0,0,0.0,0.933061,1,0.0,1,279,1,5,0.7313,0.1677,GREEN,53,Chennai
CLM0013292,CHE_09922,Anna Nagar,2025-12-30,12,0,0,0,0,0,0,0,0,0,0.0,0.303312,0,0.0,0,420,0,1,0.6576,0.0,GREEN,36,Chennai
CLM0013293,CHE_05371,T Nagar,2025-10-09,9,0,0,0,0,0,0,0,0,0,1.0,0.35528,0,0.0,0,51,4,3,0.8172,0.09,GREEN,35,Chennai
CLM0013294,CHE_09695,Anna Nagar,2025-02-16,8,0,0,0,0,0,1,0,0,0,0.0,1.0,0,0.0,0,108,4,4,0.6023,0.0703,GREEN,49,Chennai
CLM0013295,CHE_09119,Guindy,2025-12-26,7,0,0,0,0,0,0,0,0,0,0.0,0.361923,0,0.0,0,420,0,0,0.658,0.0897,GREEN,36,Chennai
CLM0013296,CHE_07183,Adyar,2025-08-23,10,0,0,0,1,1,1,1,1,0,0.0,0.11751,0,1.0,0,17,0,18,0.2105,0.0228,GREEN,37,Chennai
CLM0013297,CHE_08889,Porur,2024-07-24,17,0,0,0,0,0,1,0,0,0,1.0,0.31057,0,0.0,0,129,1,4,0.5727,0.1953,GREEN,42,Chennai
CLM0013298,CHE_01908,Anna Nagar,2024-07-25,18,0,0,0,0,0,0,0,0,0,0.0,0.146707,0,0.0,0,420,4,4,0.6284,0.0598,GREEN,42,Chennai
CLM0013299,CHE_03137,Porur,2025-02-03,7,0,0,0,0,0,0,0,0,0,0.0,0.272864,0,0.0,0,405,3,0,0.1138,0.0315,GREEN,34,Chennai
CLM0013300,CHE_06719,Anna Nagar,2024-10-25,11,0,0,0,0,0,0,1,0,0,0.0,0.064708,0,0.0,0,273,2,1,0.502,0.1045,GREEN,42,Chennai
CLM0013301,CHE_03196,Anna Nagar,2025-02-03,18,0,0,0,0,0,1,0,0,0,0.0,0.0,0,1.0,0,325,2,1,0.7615,0.0563,GREEN,54,Chennai
CLM0013302,CHE_06205,Adyar,2025-08-06,9,0,0,0,0,0,0,0,0,0,0.0,0.292532,0,0.0,0,36,1,0,0.6416,0.001,GREEN,25,Chennai
CLM0013303,CHE_02657,Adyar,2024-10-09,19,0,0,0,0,0,0,0,0,0,0.0,0.119998,0,0.0,0,211,0,3,0.7802,0.0,GREEN,26,Chennai
CLM0013304,CHE_04598,Adyar,2024-06-06,21,0,0,0,0,0,1,0,0,0,0.0,0.071967,1,0.0,0,318,4,3,0.918,0.1398,GREEN,40,Chennai
CLM0013305,CHE_04951,Guindy,2024-03-26,16,0,0,0,0,0,0,0,0,0,0.0,0.397467,0,0.0,0,420,2,5,0.4725,0.0,GREEN,18,Chennai
CLM0013306,CHE_00731,T Nagar,2025-10-29,15,0,0,0,0,0,0,0,0,0,0.0,0.237321,0,0.0,1,420,1,0,0.05,0.0439,GREEN,42,Chennai
CLM0013307,CHE_05853,Chromepet,2023-12-31,8,0,0,0,0,0,0,0,0,0,0.0,0.153663,0,0.0,0,59,2,1,0.8068,0.0323,GREEN,47,Chennai
CLM0013308,CHE_00023,Anna Nagar,2024-08-11,8,0,0,0,0,0,1,0,0,0,0.0,0.457174,0,0.0,0,198,1,4,0.7356,0.0529,GREEN,19,Chennai
CLM0013309,CHE_00611,Tambaram,2025-06-29,10,0,0,0,0,0,0,0,0,0,0.0,0.251818,0,0.0,0,317,0,6,0.184,0.1031,GREEN,34,Chennai
CLM0013310,CHE_09148,Guindy,2025-01-16,20,0,0,0,0,0,0,0,0,0,0.0,0.0,0,0.0,0,283,4,0,0.8272,0.0,GREEN,43,Chennai
CLM0013311,CHE_00906,T Nagar,2025-05-10,19,0,0,0,0,0,0,1,0,0,0.0,0.342765,0,0.0,0,240,3,6,0.8865,0.0377,GREEN,48,Chennai
CLM0013312,CHE_09813,Guindy,2025-09-24,21,0,0,0,0,0,0,0,0,0,0.0,0.322646,0,0.0,0,44,3,3,0.6752,0.0,GREEN,37,Chennai
CLM0013313,CHE_04128,Adyar,2022-09-13,20,0,0,0,0,1,0,0,0,0,0.0,0.099497,0,0.0,0,233,1,0,0.7162,0.093,GREEN,43,Chennai
CLM0013314,CHE_08490,T Nagar,2023-03-16,8,0,0,0,1,0,1,0,0,0,0.0,0.234573,0,0.0,0,165,0,0,0.98,0.3286,YELLOW,46,Chennai
CLM0013315,CHE_08645,Adyar,2024-01-29,14,0,0,0,0,0,0,0,0,1,0.0,0.013457,1,0.0,0,420,3,0,0.3944,0.2352,GREEN,35,Chennai
CLM0013316,CHE_04150,Guindy,2022-12-29,7,0,0,0,0,0,1,0,0,0,0.0,0.137276,0,0.0,0,183,3,5,0.98,0.1215,GREEN,27,Chennai
CLM0013317,CHE_00868,Tambaram,2022-12-23,17,0,0,0,0,0,0,0,0,0,1.0,0.909451,0,1.0,0,125,1,4,0.7268,0.0,GREEN,30,Chennai
CLM0013318,CHE_00025,T Nagar,2025-09-10,20,0,0,0,0,1,0,0,0,0,0.0,0.43349,0,0.0,0,184,3,3,0.98,0.1098,GREEN,23,Chennai
CLM0013319,CHE_03747,Perambur,2022-06-25,18,0,0,0,0,0,0,0,0,0,0.0,0.995411,0,0.0,0,33,0,3,0.1591,0.0617,GREEN,44,Chennai
CLM0013320,CHE_05873,T Nagar,2024-10-19,9,0,0,0,0,0,0,0,0,0,1.0,0.0,0,0.0,0,412,0,2,0.0684,0.1478,GREEN,56,Chennai
CLM0013321,CHE_03369,Perambur,2025-11-08,20,0,0,0,1,1,0,0,0,1,1.0,0.555396,0,1.0,0,5,3,17,0.2032,0.126,GREEN,34,Chennai
CLM0013322,CHE_09197,Velachery,2023-06-20,17,0,0,0,0,0,1,0,0,0,0.0,0.246066,0,0.0,0,420,2,8,0.6493,0.2047,GREEN,43,Chennai
CLM0013323,CHE_01835,Perambur,2025-08-11,15,0,0,0,0,0,0,1,1,0,0.0,0.418079,0,0.0,0,274,1,2,0.8064,0.1698,GREEN,37,Chennai
CLM0013324,CHE_02015,Sholinganallur,2025-04-09,14,0,0,0,0,0,0,0,0,0,0.0,0.229796,0,0.0,0,305,2,0,0.8049,0.0,GREEN,36,Chennai
CLM0013325,CHE_01940,Chromepet,2025-12-23,21,0,0,0,0,0,0,0,0,0,0.0,0.164073,0,0.0,1,65,1,0,0.7353,0.0609,GREEN,18,Chennai
CLM0013326,CHE_00371,Guindy,2025-02-03,14,0,0,0,0,0,0,0,0,0,0.0,0.186867,0,0.0,0,255,1,4,0.6885,0.0473,GREEN,46,Chennai
CLM0013327,CHE_08181,Perambur,2025-08-20,21,0,0,0,0,0,0,0,0,0,0.0,0.066102,0,0.0,0,72,4,2,0.7544,0.0149,GREEN,41,Chennai
CLM0013328,CHE_04910,Sholinganallur,2025-07-12,13,0,0,0,0,0,0,0,0,0,0.0,0.197598,0,0.0,0,420,1,2,0.8545,0.0051,GREEN,25,Chennai
CLM0013329,CHE_07640,Tambaram,2024-12-29,10,0,0,0,0,0,1,1,1,1,1.0,0.971192,0,0.0,1,21,2,18,0.1546,0.0097,GREEN,43,Chennai
CLM0013330,CHE_05501,Velachery,2025-08-29,13,0,0,0,0,0,0,0,0,0,0.0,0.135979,0,0.0,0,273,2,0,0.6705,0.0619,GREEN,42,Chennai
CLM0013331,CHE_02989,Velachery,2025-06-10,14,0,0,0,0,0,0,0,0,0,1.0,0.102342,0,0.0,0,126,4,3,0.7684,0.0809,GREEN,55,Chennai
CLM0013332,CHE_01531,Adyar,2025-03-07,19,0,0,0,0,0,1,0,0,0,0.0,0.270159,0,0.0,0,420,2,5,0.8512,0.1075,GREEN,42,Chennai
CLM0013333,CHE_00613,T Nagar,2025-10-27,17,0,0,0,0,0,0,0,0,0,1.0,0.948348,0,0.0,0,420,0,3,0.4302,0.1123,GREEN,34,Chennai
CLM0013334,CHE_01074,Porur,2024-12-25,13,0,0,0,0,0,0,0,0,0,0.0,0.174751,0,0.0,0,398,1,0,0.5326,0.0149,GREEN,46,Chennai
CLM0013335,CHE_00176,Perambur,2025-06-25,7,0,0,0,0,0,0,0,0,0,0.0,0.041215,0,0.0,0,390,2,5,0.916,0.052,GREEN,32,Chennai
CLM0013336,CHE_06096,Sholinganallur,2025-09-14,19,0,0,0,0,0,0,0,1,0,0.0,0.09125,0,0.0,0,302,0,3,0.9415,0.0831,GREEN,57,Chennai
CLM0013337,CHE_04765,Perambur,2025-01-08,16,0,0,0,0,0,0,0,0,1,0.0,0.309336,0,0.0,0,57,0,1,0.6693,0.1212,GREEN,43,Chennai
CLM0013338,CHE_06310,Anna Nagar,2023-11-24,9,0,0,0,0,0,1,0,0,0,0.0,1.0,0,0.0,0,310,2,0,0.9299,0.0401,GREEN,25,Chennai
CLM0013339,CHE_09226,Sholinganallur,2024-05-06,13,0,0,0,0,1,0,0,0,1,0.0,0.191355,0,0.0,0,26,4,4,0.9254,0.2638,GREEN,51,Chennai
CLM0013340,CHE_07399,Adyar,2024-01-22,9,0,0,0,0,0,0,0,0,0,0.0,0.315594,0,0.0,0,124,3,7,0.827,0.0709,GREEN,38,Chennai
CLM0013341,CHE_09880,Anna Nagar,2023-10-14,8,0,0,0,0,0,0,1,0,0,0.0,0.235592,0,0.0,0,119,2,1,0.98,0.0012,GREEN,47,Chennai
CLM0013342,CHE_00281,Chromepet,2024-12-12,21,0,0,0,0,0,0,0,0,0,0.0,0.258594,0,0.0,0,170,1,3,0.6448,0.0,GREEN,35,Chennai
CLM0013343,CHE_07646,Porur,2023-09-18,16,0,1,1,1,0,0,1,0,0,0.0,0.095695,0,0.0,0,420,3,4,0.98,0.2104,GREEN,30,Chennai
CLM0013344,CHE_05610,Anna Nagar,2022-07-08,17,0,0,0,0,0,0,0,0,0,0.0,0.216986,1,0.0,0,245,0,4,0.772,0.0565,GREEN,59,Chennai
CLM0013345,CHE_06094,Perambur,2019-04-12,13,0,0,0,0,0,0,0,0,1,0.0,0.084097,0,0.0,0,173,1,1,0.5421,0.0729,GREEN,33,Chennai
CLM0013346,CHE_03460,Guindy,2018-01-27,8,0,0,0,0,1,1,0,0,0,0.0,0.349626,0,0.0,0,283,1,0,0.8995,0.2278,GREEN,56,Chennai
CLM0013347,CHE_09204,Velachery,2023-12-13,14,0,0,0,0,0,0,0,0,0,0.0,0.201147,0,0.0,0,45,4,0,0.9203,0.0,GREEN,40,Chennai
CLM0013348,CHE_06397,Porur,2023-06-10,21,0,0,0,0,0,0,0,1,0,0.0,0.0,0,1.0,0,59,4,0,0.7504,0.1064,GREEN,46,Chennai
CLM0013349,CHE_05671,Guindy,2023-02-15,10,0,0,0,0,0,1,0,0,0,0.0,0.122797,0,0.0,0,147,0,1,0.5748,0.1546,GREEN,55,Chennai
CLM0013350,CHE_06417,Chromepet,2023-12-31,15,0,0,0,0,0,1,0,0,0,0.0,0.234441,0,0.0,0,18,4,0,0.598,0.0999,GREEN,29,Chennai
CLM0013351,CHE_07450,Tambaram,2023-03-10,12,0,0,0,0,0,0,0,0,0,0.0,0.972761,0,0.0,0,134,4,2,0.258,0.0798,GREEN,47,Chennai
CLM0013352,CHE_01928,Anna Nagar,2024-01-06,14,0,0,0,0,0,0,0,0,0,0.0,0.477114,0,0.0,0,420,0,0,0.538,0.0135,GREEN,41,Chennai
CLM0013353,CHE_02925,Perambur,2025-11-09,7,0,0,0,1,0,0,0,0,0,0.0,0.002608,0,0.0,0,32,0,3,0.8165,0.1411,GREEN,50,Chennai
CLM0013354,CHE_06738,Anna Nagar,2023-12-31,9,0,0,0,0,0,0,0,0,0,0.0,0.368147,0,0.0,0,344,4,0,0.5413,0.1168,GREEN,32,Chennai
CLM0013355,CHE_00269,Sholinganallur,2024-10-12,13,0,0,0,0,0,0,0,0,0,0.0,0.191123,0,0.0,0,94,4,1,0.9129,0.0,GREEN,38,Chennai
CLM0013356,CHE_03382,T Nagar,2023-08-04,20,0,0,0,0,0,0,0,0,0,0.0,0.148366,0,0.0,0,287,0,5,0.872,0.0,GREEN,23,Chennai
CLM0013357,CHE_07011,Adyar,2025-12-01,21,0,0,0,0,0,0,0,0,0,0.0,0.0,0,0.0,0,201,0,5,0.8085,0.0,GREEN,43,Chennai
CLM0013358,CHE_06086,T Nagar,2023-09-25,8,0,0,0,0,0,0,0,0,0,0.0,0.344732,0,0.0,0,280,3,4,0.7721,0.0137,GREEN,39,Chennai
CLM0013359,CHE_05528,Guindy,2025-09-19,21,0,0,0,0,0,0,0,0,0,0.0,0.353391,0,0.0,1,385,1,0,0.5632,0.1053,GREEN,38,Chennai
CLM0013360,CHE_06567,Anna Nagar,2022-09-13,15,0,0,0,0,0,1,0,0,0,0.0,0.247643,0,1.0,0,324,4,4,0.8034,0.2316,GREEN,40,Chennai
CLM0013361,CHE_01377,Velachery,2021-08-20,16,0,0,0,0,0,0,0,0,1,0.0,0.146303,0,1.0,0,420,0,0,0.1014,0.1991,GREEN,50,Chennai
CLM0013362,CHE_03308,Anna Nagar,2024-12-08,17,0,0,0,1,0,0,0,0,0,0.0,0.144183,0,0.0,0,269,1,4,0.1969,0.1822,GREEN,33,Chennai
CLM0013363,CHE_01261,Chromepet,2023-01-15,16,0,0,0,0,0,1,0,1,0,0.0,0.346408,0,0.0,0,167,0,0,0.8894,0.1369,GREEN,39,Chennai
CLM0013364,CHE_05832,Anna Nagar,2018-10-09,13,0,0,0,0,0,0,0,0,0,0.0,0.331123,1,0.0,0,212,2,4,0.0503,0.0785,GREEN,38,Chennai
CLM0013365,CHE_02734,Chromepet,2023-06-28,18,0,0,0,0,0,0,1,0,1,0.0,0.188883,0,0.0,0,64,0,0,0.05,0.1992,GREEN,36,Chennai
CLM0013366,CHE_04056,Guindy,2020-11-10,14,0,0,0,0,0,0,0,0,0,0.0,0.450116,0,0.0,0,80,0,4,0.05,0.1257,GREEN,23,Chennai
CLM0013367,CHE_09667,Sholinganallur,2025-01-24,14,0,0,0,0,0,1,0,0,0,0.0,0.284595,0,0.0,0,420,3,4,0.5177,0.2831,GREEN,30,Chennai
CLM0013368,CHE_09020,Guindy,2017-06-21,7,0,0,0,0,0,0,0,0,0,0.0,0.252792,0,0.0,0,266,0,0,0.05,0.0819,GREEN,44,Chennai
CLM0013369,CHE_03373,Guindy,2019-05-07,10,0,0,0,0,0,0,0,0,0,0.0,0.256776,0,0.0,0,64,3,0,0.5329,0.1337,GREEN,21,Chennai
CLM0013370,CHE_05196,Perambur,2024-07-05,9,0,0,0,0,0,0,0,0,0,0.0,0.113847,0,0.0,0,11,2,2,0.7679,0.0522,GREEN,38,Chennai
CLM0013371,CHE_05643,Sholinganallur,2025-09-10,14,0,0,0,0,0,0,0,0,0,0.0,0.112297,0,0.0,0,420,3,0,0.5963,0.0167,GREEN,53,Chennai
CLM0013372,CHE_04910,Sholinganallur,2023-07-19,14,0,0,0,0,0,0,0,0,0,0.0,0.314301,0,0.0,0,420,2,5,0.823,0.0818,GREEN,25,Chennai
CLM0013373,CHE_03990,Perambur,2023-01-20,12,0,0,0,0,0,0,0,0,0,0.0,0.341231,0,0.0,0,42,0,5,0.7024,0.0072,GREEN,51,Chennai
CLM0013374,CHE_05679,Sholinganallur,2023-02-25,12,0,0,0,0,0,0,0,0,0,0.0,0.270168,0,0.0,0,97,4,5,0.6564,0.0,GREEN,44,Chennai
CLM0013375,CHE_04139,Tambaram,2023-05-05,19,0,0,0,0,0,0,0,0,0,0.0,0.0,0,0.0,0,420,2,5,0.98,0.0,GREEN,46,Chennai
CLM0013376,CHE_06406,Velachery,2023-12-27,18,0,1,1,0,0,0,0,0,0,0.0,0.0,0,0.0,0,420,3,0,0.7553,0.08,GREEN,38,Chennai
CLM0013377,CHE_06177,T Nagar,2023-04-03,8,0,0,0,0,0,0,0,0,0,1.0,0.924797,0,1.0,0,140,2,0,0.5967,0.0167,GREEN,26,Chennai
CLM0013378,CHE_00298,Perambur,2022-08-02,7,0,0,0,0,0,0,0,1,0,0.0,0.188882,0,0.0,0,399,2,6,0.7741,0.0996,GREEN,24,Chennai
CLM0013379,CHE_02529,Adyar,2025-12-27,8,0,0,0,0,0,0,0,0,0,1.0,0.022163,0,0.0,0,186,1,1,0.8102,0.0306,GREEN,24,Chennai
CLM0013380,CHE_07237,Tambaram,2022-10-27,8,0,0,0,1,1,0,0,0,0,0.0,0.093173,0,0.0,0,147,0,6,0.752,0.3546,YELLOW,38,Chennai
CLM0013381,CHE_04849,Anna Nagar,2019-06-26,12,0,0,0,0,0,0,0,0,0,0.0,0.317346,0,0.0,0,162,2,3,0.8993,0.0,GREEN,19,Chennai
CLM0013382,CHE_01011,Chromepet,2019-11-22,10,0,0,0,0,0,0,0,0,0,1.0,0.0,0,0.0,0,32,3,1,0.6328,0.0712,GREEN,37,Chennai
CLM0013383,CHE_05331,Porur,2022-05-06,12,0,0,0,0,0,0,0,0,0,0.0,0.126762,0,0.0,0,420,4,2,0.6566,0.0889,GREEN,29,Chennai
CLM0013384,CHE_06414,Adyar,2022-02-08,21,0,0,0,0,0,0,0,0,0,0.0,0.257487,0,0.0,0,413,0,2,0.8473,0.0,GREEN,24,Chennai
CLM0013385,CHE_00576,Guindy,2019-02-01,20,0,0,0,0,0,0,0,0,0,0.0,0.059245,0,0.0,0,306,4,2,0.6532,0.0208,GREEN,47,Chennai
CLM0013386,CHE_08893,Sholinganallur,2024-11-29,7,0,0,0,0,0,0,0,0,0,0.0,0.0,0,0.0,0,205,2,1,0.8622,0.0,GREEN,45,Chennai
CLM0013387,CHE_09008,Perambur,2021-02-16,17,0,0,0,0,0,0,0,0,0,0.0,0.024079,0,0.0,0,84,3,6,0.98,0.0405,GREEN,49,Chennai
CLM0013388,CHE_09673,Tambaram,2018-05-31,8,0,0,0,0,0,0,1,0,0,0.0,0.146043,0,0.0,1,81,2,6,0.8445,0.1541,GREEN,51,Chennai
CLM0013389,CHE_03291,Perambur,2019-03-03,14,0,0,0,0,0,0,0,0,0,1.0,0.315276,0,0.0,0,304,1,3,0.5274,0.0936,GREEN,43,Chennai
CLM0013390,CHE_01045,T Nagar,2021-12-20,7,0,0,0,0,0,0,0,0,0,0.0,0.352979,1,0.0,0,253,1,1,0.501,0.098,GREEN,49,Chennai
CLM0013391,CHE_03253,Anna Nagar,2020-09-04,10,0,0,0,0,0,0,0,0,0,0.0,0.0,0,0.0,0,185,0,6,0.598,0.0492,GREEN,39,Chennai
CLM0013392,CHE_08195,Anna Nagar,2024-04-09,20,0,0,0,0,0,0,0,0,0,0.0,0.072562,0,0.0,0,230,2,7,0.3567,0.0,GREEN,43,Chennai
CLM0013393,CHE_03488,Velachery,2024-05-08,9,0,0,0,0,0,0,0,0,0,0.0,0.17793,0,0.0,0,245,1,3,0.05,0.0432,GREEN,29,Chennai
CLM0013394,CHE_05646,Adyar,2022-10-22,20,0,0,0,0,0,1,0,0,0,0.0,0.323175,0,0.0,0,81,0,3,0.787,0.1999,GREEN,37,Chennai
CLM0013395,CHE_01118,Porur,2022-03-15,10,0,0,0,0,0,0,0,0,0,0.0,0.391115,0,0.0,0,187,3,2,0.05,0.0418,GREEN,47,Chennai
CLM0013396,CHE_07138,Tambaram,2022-12-25,13,0,0,0,0,0,0,1,0,0,0.0,1.0,0,0.0,0,288,4,2,0.9549,0.11,GREEN,37,Chennai
CLM0013397,CHE_02860,Perambur,2021-12-20,17,0,0,0,0,0,0,0,0,0,0.0,0.0,0,0.0,1,230,0,5,0.6525,0.0,GREEN,52,Chennai
CLM0013398,CHE_05704,Perambur,2020-09-12,12,0,0,0,0,0,0,0,0,0,0.0,0.288291,0,0.0,1,165,2,1,0.7894,0.1565,GREEN,23,Chennai
CLM0013399,CHE_03421,Porur,2024-10-08,10,0,0,0,0,0,0,0,0,0,0.0,0.34888,0,1.0,0,133,3,1,0.7498,0.0509,GREEN,43,Chennai
CLM0013400,CHE_00387,Adyar,2025-08-03,14,0,0,0,0,0,0,1,0,0,0.0,0.090185,0,0.0,0,220,3,3,0.2341,0.029,GREEN,55,Chennai
CLM0013401,CHE_08926,Guindy,2025-08-09,18,0,0,0,0,0,0,0,0,0,0.0,0.207397,0,0.0,0,119,1,1,0.6812,0.0247,GREEN,43,Chennai
CLM0013402,CHE_02256,Sholinganallur,2020-02-10,12,0,0,0,0,0,0,0,0,0,0.0,1.0,1,0.0,0,24,1,1,0.6894,0.0925,GREEN,35,Chennai
CLM0013403,CHE_00657,T Nagar,2020-06-05,9,0,0,0,0,0,0,0,0,0,0.0,0.191794,0,0.0,0,420,3,2,0.9322,0.0,GREEN,31,Chennai
CLM0013404,CHE_00792,Perambur,2024-03-08,10,0,0,0,0,0,0,0,0,0,0.0,0.21803,0,0.0,0,409,1,5,0.05,0.0416,GREEN,44,Chennai
CLM0013405,CHE_03481,T Nagar,2021-10-24,9,0,0,0,0,0,0,0,0,0,0.0,0.086801,0,0.0,0,356,2,4,0.0528,0.0076,GREEN,26,Chennai
CLM0013406,CHE_06788,Adyar,2021-02-22,18,0,0,0,0,0,0,0,0,0,0.0,0.234018,0,0.0,0,251,3,4,0.708,0.0811,GREEN,48,Chennai
CLM0013407,CHE_08282,Guindy,2022-08-24,9,0,0,0,0,0,0,0,0,0,0.0,0.317874,0,0.0,0,16,4,1,0.7215,0.0421,GREEN,35,Chennai
CLM0013408,CHE_02221,Velachery,2025-12-05,20,0,0,0,0,0,0,0,1,0,0.0,0.175137,0,0.0,0,28,1,4,0.98,0.0529,GREEN,51,Chennai
CLM0013409,CHE_06286,Velachery,2022-12-02,17,0,0,0,0,0,0,0,0,0,0.0,0.186761,0,0.0,0,420,1,0,0.7262,0.0247,GREEN,43,Chennai
CLM0013410,CHE_07710,Sholinganallur,2024-01-13,12,0,0,0,0,0,0,1,0,0,0.0,0.0,0,0.0,0,420,3,0,0.9089,0.043,GREEN,36,Chennai
CLM0013411,CHE_03940,Porur,2025-11-27,18,0,0,0,0,0,0,0,0,0,0.0,0.164663,0,0.0,0,74,3,2,0.9043,0.0905,GREEN,28,Chennai
CLM0013412,CHE_01992,Perambur,2020-01-17,12,0,0,0,0,0,0,0,0,0,0.0,0.386984,0,0.0,0,116,1,1,0.7099,0.0,GREEN,35,Chennai
CLM0013413,CHE_03358,Tambaram,2020-05-04,19,0,0,0,0,0,0,0,0,0,0.0,0.204195,0,0.0,0,420,3,2,0.7337,0.0,GREEN,31,Chennai
CLM0013414,CHE_07074,Chromepet,2024-07-17,8,0,0,0,0,0,0,0,0,0,0.0,0.395489,0,0.0,0,214,4,0,0.3989,0.0653,GREEN,56,Chennai
CLM0013415,CHE_03683,Chromepet,2020-05-25,7,0,0,0,0,0,0,0,0,0,0.0,0.258908,0,0.0,0,22,1,2,0.98,0.024,GREEN,50,Chennai
CLM0013416,CHE_00317,T Nagar,2022-02-24,14,0,1,1,1,0,0,0,0,0,0.0,0.257979,0,0.0,0,31,0,4,0.8402,0.1794,GREEN,18,Chennai
CLM0013417,CHE_09011,Perambur,2023-02-09,12,0,0,0,0,0,0,0,0,0,0.0,0.140423,0,0.0,0,420,1,2,0.968,0.0457,GREEN,42,Chennai
CLM0013418,CHE_00361,Tambaram,2023-01-25,11,0,0,0,1,1,1,1,0,1,1.0,0.996051,1,0.0,0,5,4,18,0.132,0.0649,GREEN,37,Chennai
CLM0013419,CHE_00296,Porur,2025-03-07,13,0,0,0,0,0,0,0,0,0,0.0,0.322068,0,0.0,0,332,0,1,0.9004,0.0,GREEN,40,Chennai
CLM0013420,CHE_01655,Anna Nagar,2022-06-27,8,0,0,0,0,0,0,0,0,0,0.0,0.223051,0,0.0,0,277,1,2,0.7933,0.0979,GREEN,30,Chennai
CLM0013421,CHE_06940,Velachery,2023-07-23,10,0,0,0,0,0,0,0,0,0,0.0,0.362754,0,0.0,0,63,2,0,0.2119,0.0085,GREEN,57,Chennai
CLM0013422,CHE_05970,Adyar,2022-06-26,14,0,0,0,0,0,0,0,0,0,0.0,0.223705,0,0.0,0,420,0,0,0.8203,0.0812,GREEN,37,Chennai
CLM0013423,CHE_06109,Sholinganallur,2024-03-17,7,0,0,0,0,0,0,0,1,0,0.0,0.24086,0,0.0,0,420,4,2,0.7176,0.0809,GREEN,25,Chennai
CLM0013424,CHE_01984,T Nagar,2025-01-22,13,0,0,0,0,0,0,0,0,0,0.0,0.0,0,0.0,0,284,3,4,0.595,0.0,GREEN,34,Chennai
CLM0013425,CHE_01346,Velachery,2024-04-21,16,0,0,0,0,0,0,0,0,0,0.0,0.265263,0,0.0,0,407,3,1,0.6866,0.0293,GREEN,49,Chennai
CLM0013426,CHE_09392,Sholinganallur,2023-07-27,21,0,0,0,0,0,0,0,1,0,1.0,0.194839,0,0.0,0,84,4,2,0.1027,0.1468,GREEN,34,Chennai
CLM0013427,CHE_01159,Guindy,2025-06-22,7,0,0,0,0,1,0,0,0,0,0.0,0.347281,0,0.0,0,172,4,4,0.3892,0.2403,GREEN,55,Chennai
CLM0013428,CHE_04159,Anna Nagar,2024-10-23,11,0,0,0,0,0,0,0,0,0,0.0,0.41091,0,0.0,0,261,1,0,0.5518,0.0,GREEN,46,Chennai
CLM0013429,CHE_02547,T Nagar,2025-03-28,15,0,0,0,0,1,0,0,0,0,0.0,0.250799,0,0.0,0,202,4,5,0.3991,0.0941,GREEN,44,Chennai
CLM0013430,CHE_06675,Porur,2025-03-06,19,0,0,0,0,0,0,0,0,1,1.0,0.160684,1,0.0,0,397,0,0,0.6147,0.2454,GREEN,30,Chennai
CLM0013431,CHE_00097,Chromepet,2025-04-10,8,0,0,0,0,0,0,0,1,0,0.0,0.041736,0,0.0,0,147,0,3,0.8323,0.0657,GREEN,53,Chennai
CLM0013432,CHE_05407,T Nagar,2025-10-28,13,0,0,0,1,0,0,0,0,0,0.0,0.147302,0,0.0,0,44,2,5,0.5892,0.194,GREEN,41,Chennai
CLM0013433,CHE_03409,Sholinganallur,2025-01-13,9,0,0,0,0,0,1,0,0,0,1.0,1.0,0,1.0,0,66,4,5,0.7679,0.2206,GREEN,32,Chennai
CLM0013434,CHE_03458,Adyar,2022-11-19,8,0,0,0,0,0,0,0,0,0,0.0,1.0,0,1.0,0,301,3,0,0.98,0.071,GREEN,32,Chennai
CLM0013435,CHE_02502,Adyar,2022-01-06,11,0,0,0,0,1,0,0,0,0,0.0,0.223422,0,0.0,0,80,1,3,0.6434,0.1532,GREEN,48,Chennai
CLM0013436,CHE_09581,Perambur,2021-11-30,17,0,0,0,0,0,0,0,0,1,0.0,0.307775,0,0.0,0,222,3,0,0.3233,0.1656,GREEN,46,Chennai
CLM0013437,CHE_07223,Guindy,2024-05-22,13,0,0,0,1,1,0,1,1,1,1.0,0.339918,0,1.0,0,5,3,18,0.2981,0.0811,GREEN,22,Chennai
CLM0013438,CHE_09260,Chromepet,2022-02-22,21,0,0,0,0,0,0,1,0,0,0.0,0.412021,0,0.0,0,34,1,0,0.8786,0.0,GREEN,50,Chennai
CLM0013439,CHE_03123,Perambur,2025-08-09,11,0,0,0,0,0,0,0,0,0,0.0,0.284827,0,0.0,0,221,3,3,0.6557,0.0,GREEN,36,Chennai
CLM0013440,CHE_00536,Anna Nagar,2023-06-19,7,0,0,0,0,0,0,0,0,0,1.0,0.0,0,0.0,0,238,3,0,0.6889,0.0313,GREEN,44,Chennai
CLM0013441,CHE_03082,Tambaram,2019-02-08,8,0,0,0,0,0,0,0,0,0,0.0,1.0,0,0.0,0,90,0,4,0.98,0.0127,GREEN,40,Chennai
CLM0013442,CHE_04418,Anna Nagar,2022-04-29,18,0,0,0,0,0,0,1,0,0,0.0,0.004466,0,0.0,0,376,4,0,0.7872,0.0105,GREEN,30,Chennai
CLM0013443,CHE_02483,Anna Nagar,2023-10-04,7,0,0,0,0,0,0,0,1,0,0.0,0.281285,0,0.0,0,420,3,3,0.9448,0.0581,GREEN,40,Chennai
CLM0013444,CHE_08771,Porur,2021-05-24,19,0,0,0,0,0,0,0,0,0,1.0,0.134904,0,0.0,0,420,2,3,0.7908,0.0836,GREEN,46,Chennai
CLM0013445,CHE_05709,Porur,2024-09-26,18,0,0,0,1,0,0,0,0,0,0.0,0.02606,0,0.0,0,268,0,4,0.5766,0.1295,GREEN,43,Chennai
CLM0013446,CHE_04296,Velachery,2024-10-24,20,0,0,0,1,0,0,0,0,0,0.0,0.215516,0,0.0,0,103,2,5,0.8336,0.1949,GREEN,35,Chennai
CLM0013447,CHE_03927,Porur,2024-09-23,15,0,0,0,1,0,0,1,0,0,0.0,1.0,0,0.0,0,387,1,0,0.879,0.2099,GREEN,32,Chennai
CLM0013448,CHE_02951,Adyar,2025-01-07,18,0,1,1,0,0,0,0,0,0,1.0,0.0,1,0.0,0,420,3,0,0.4514,0.1224,GREEN,26,Chennai
CLM0013449,CHE_08308,Perambur,2025-10-03,11,0,0,0,0,0,0,0,0,0,0.0,0.427942,0,0.0,0,145,3,1,0.5884,0.0349,GREEN,35,Chennai
CLM0013450,CHE_01514,Guindy,2024-11-21,21,0,0,0,0,0,0,0,0,0,0.0,0.100412,0,0.0,0,55,4,2,0.7598,0.0051,GREEN,40,Chennai
CLM0013451,CHE_04754,Tambaram,2023-10-23,16,0,0,0,0,0,0,0,0,0,0.0,0.260618,0,0.0,0,118,1,9,0.9273,0.0,GREEN,56,Chennai
CLM0013452,CHE_09781,Guindy,2024-07-04,11,0,0,0,1,1,0,1,0,1,1.0,1.0,0,0.0,1,5,4,18,0.8837,0.0,GREEN,47,Chennai
CLM0013453,CHE_01106,Anna Nagar,2024-09-26,12,0,0,0,0,0,0,0,0,0,0.0,0.070741,0,0.0,0,86,0,0,0.8914,0.0,GREEN,30,Chennai
CLM0013454,CHE_00575,Adyar,2024-10-08,15,0,0,0,0,0,0,0,0,0,0.0,0.370459,0,0.0,0,420,0,0,0.0824,0.0592,GREEN,27,Chennai
CLM0013455,CHE_01503,Chromepet,2024-05-27,20,0,0,0,0,0,0,0,0,0,0.0,0.088521,0,0.0,0,68,0,5,0.7046,0.0,GREEN,37,Chennai
CLM0013456,CHE_05212,Anna Nagar,2025-04-17,15,0,0,0,1,1,0,0,0,0,0.0,0.0,0,0.0,0,33,0,3,0.6113,0.2391,GREEN,18,Chennai
CLM0013457,CHE_02956,Velachery,2025-04-25,9,0,0,0,0,0,0,0,0,0,0.0,0.249719,0,0.0,0,184,2,1,0.8441,0.0,GREEN,35,Chennai
CLM0013458,CHE_06968,Porur,2025-08-22,11,0,0,0,0,0,1,0,0,0,0.0,0.23555,0,0.0,0,420,0,3,0.5342,0.0453,GREEN,42,Chennai
CLM0013459,CHE_05401,Tambaram,2024-04-02,19,0,0,0,0,0,0,0,0,0,0.0,0.022774,0,0.0,0,270,3,3,0.6585,0.0511,GREEN,32,Chennai
CLM0013460,CHE_02818,Tambaram,2023-07-26,12,0,0,0,0,0,0,0,0,0,0.0,0.104441,0,0.0,0,365,1,0,0.6944,0.0,GREEN,18,Chennai
CLM0013461,CHE_09196,Anna Nagar,2023-04-24,15,0,0,0,0,0,0,0,0,0,0.0,0.095282,0,1.0,0,101,0,1,0.9582,0.0459,GREEN,41,Chennai
CLM0013462,CHE_07432,Tambaram,2023-07-24,7,0,0,0,0,0,0,0,0,0,0.0,0.992523,0,1.0,0,143,0,3,0.9579,0.019,GREEN,41,Chennai
CLM0013463,CHE_04266,Velachery,2025-07-29,16,0,0,0,0,0,0,0,0,0,0.0,0.152925,0,0.0,0,162,4,2,0.7689,0.0,GREEN,46,Chennai
CLM0013464,CHE_06357,Sholinganallur,2024-01-23,11,0,0,0,0,0,0,1,0,0,0.0,1.0,0,0.0,0,122,4,2,0.8554,0.0,GREEN,41,Chennai
CLM0013465,CHE_05880,Adyar,2024-08-18,10,0,1,1,0,1,1,1,1,1,1.0,0.95121,0,1.0,0,21,2,18,0.232,0.6585,RED,18,Chennai
CLM0013466,CHE_01269,Velachery,2023-03-02,16,0,1,1,0,0,0,0,0,0,0.0,0.255702,0,0.0,0,31,2,2,0.7049,0.4098,YELLOW,47,Chennai
CLM0013467,CHE_05977,Velachery,2023-08-30,20,0,1,1,1,0,0,1,1,1,0.0,0.090692,1,0.0,0,36,1,18,0.98,0.6731,RED,48,Chennai
CLM0013468,CHE_05364,Tambaram,2025-07-26,8,0,1,1,1,1,1,1,0,0,1.0,1.0,1,1.0,1,21,1,18,0.9458,0.6306,RED,35,Chennai
CLM0013469,CHE_06106,Sholinganallur,2021-08-30,19,0,1,1,1,0,1,1,1,1,1.0,0.149546,1,1.0,0,21,0,18,0.05,0.7882,RED,47,Chennai
CLM0013470,CHE_02172,T Nagar,2022-08-18,10,0,1,1,1,0,1,0,1,1,0.0,0.584459,0,0.0,1,5,0,18,0.7092,0.6695,RED,42,Chennai
CLM0013471,CHE_02673,Tambaram,2021-09-17,13,0,1,1,1,0,1,1,1,0,0.0,0.203201,1,0.0,1,5,2,18,0.8043,0.7376,RED,43,Chennai
CLM0013472,CHE_00005,Perambur,2023-04-04,10,0,1,1,1,0,1,1,1,0,0.0,0.253493,0,0.0,0,5,0,18,0.98,0.5505,YELLOW,41,Chennai
CLM0013473,CHE_06298,Tambaram,2025-04-22,17,0,1,1,0,0,0,0,0,0,0.0,0.0,0,0.0,0,105,1,0,0.5153,0.3093,GREEN,26,Chennai
CLM0013474,CHE_03842,Perambur,2024-02-25,14,0,1,1,0,0,1,1,1,0,0.0,0.155291,1,0.0,1,5,1,16,0.8771,0.5398,YELLOW,40,Chennai
CLM0013475,CHE_05433,Guindy,2025-10-08,14,0,1,1,1,1,1,1,1,0,1.0,1.0,1,1.0,1,5,1,18,0.96,0.8785,RED,32,Chennai
CLM0013476,CHE_00620,Anna Nagar,2025-04-16,19,0,1,1,1,0,0,0,1,1,0.0,0.184763,1,0.0,0,5,2,18,0.98,0.5501,YELLOW,38,Chennai
CLM0013477,CHE_00707,Adyar,2019-07-29,12,0,1,1,1,1,0,1,1,0,1.0,0.963389,0,1.0,1,25,1,18,0.2732,0.6288,RED,32,Chennai
CLM0013478,CHE_01387,Porur,2023-10-28,12,0,1,1,1,1,0,1,1,0,0.0,0.148915,1,0.0,1,26,0,18,0.7278,0.7864,RED,50,Chennai
CLM0013479,CHE_04860,T Nagar,2024-06-19,20,0,0,0,1,1,1,1,1,0,0.0,0.96628,1,0.0,1,5,4,18,0.2341,0.0743,GREEN,48,Chennai
CLM0013480,CHE_03465,Guindy,2024-06-18,13,0,0,0,0,0,1,0,1,0,0.0,0.162681,0,0.0,0,420,1,5,0.5574,0.1981,GREEN,31,Chennai
CLM0013481,CHE_09103,Perambur,2023-09-15,16,0,0,0,0,0,0,0,0,0,0.0,0.297156,0,0.0,0,291,0,1,0.7058,0.0,GREEN,35,Chennai
CLM0013482,CHE_05991,Adyar,2025-02-09,12,0,0,0,0,0,0,0,0,0,0.0,0.171599,0,0.0,0,279,4,6,0.7457,0.0043,GREEN,41,Chennai
CLM0013483,CHE_04357,Velachery,2023-05-17,16,0,0,0,0,0,0,0,0,0,0.0,0.142582,0,1.0,0,305,0,2,0.05,0.0,GREEN,38,Chennai
CLM0013484,CHE_01774,Guindy,2024-02-19,15,0,0,0,1,1,1,1,0,0,0.0,0.0,0,0.0,1,14,0,18,0.2765,0.3413,YELLOW,60,Chennai
CLM0013485,CHE_08041,Tambaram,2024-11-26,21,0,0,0,0,0,0,0,0,0,0.0,0.221787,0,0.0,0,73,4,0,0.7604,0.0,GREEN,41,Chennai
CLM0013486,CHE_05019,T Nagar,2024-02-28,21,0,0,0,0,1,0,0,0,0,1.0,0.270873,0,0.0,0,291,3,0,0.9662,0.1859,GREEN,34,Chennai
CLM0013487,CHE_02798,Porur,2024-03-30,12,0,0,0,0,0,0,0,0,1,0.0,0.08881,0,0.0,0,151,3,3,0.7594,0.1691,GREEN,35,Chennai
CLM0013488,CHE_03449,Sholinganallur,2024-07-04,10,0,0,0,0,0,0,0,0,0,0.0,0.237391,0,0.0,0,208,1,0,0.1041,0.0,GREEN,46,Chennai
CLM0013489,CHE_02185,Sholinganallur,2024-06-07,21,0,0,0,0,0,0,0,0,0,0.0,0.251271,0,0.0,0,37,1,0,0.5014,0.0144,GREEN,34,Chennai
CLM0013490,CHE_09525,Perambur,2025-11-29,10,0,0,0,0,0,0,1,0,0,0.0,0.0,0,0.0,0,61,0,6,0.7707,0.1671,GREEN,45,Chennai
CLM0013491,CHE_02991,Perambur,2025-03-23,18,0,1,1,0,0,0,0,0,0,0.0,0.13936,0,0.0,0,420,1,0,0.7535,0.0,GREEN,43,Chennai
CLM0013492,CHE_08710,Tambaram,2025-02-14,20,0,1,1,0,0,0,0,0,0,0.0,0.072426,0,0.0,0,373,3,3,0.7403,0.0337,GREEN,26,Chennai
CLM0013493,CHE_07857,Adyar,2024-04-28,10,0,0,0,0,0,0,0,0,0,0.0,0.234661,0,0.0,0,150,1,0,0.8679,0.0,GREEN,38,Chennai
CLM0013494,CHE_03312,Perambur,2025-04-27,9,0,0,0,1,1,0,0,1,1,1.0,0.0,1,1.0,1,5,4,18,0.8569,0.2903,GREEN,37,Chennai
CLM0013495,CHE_03520,Velachery,2018-02-10,19,0,0,0,0,0,0,0,0,0,1.0,0.196455,0,0.0,0,94,0,2,0.9402,0.0637,GREEN,56,Chennai
CLM0013496,CHE_08677,T Nagar,2018-03-19,12,0,0,0,0,0,0,0,0,0,0.0,0.189061,0,0.0,0,348,3,0,0.9065,0.0146,GREEN,36,Chennai
CLM0013497,CHE_02090,Adyar,2020-05-15,10,0,0,0,0,0,1,0,0,0,0.0,0.104615,0,0.0,0,312,4,1,0.5875,0.1406,GREEN,46,Chennai
CLM0013498,CHE_09351,Sholinganallur,2023-07-09,14,0,0,0,0,0,0,0,0,0,0.0,0.280413,0,0.0,0,110,4,8,0.4818,0.0458,GREEN,23,Chennai
CLM0013499,CHE_05488,T Nagar,2018-08-13,21,0,0,0,0,0,0,0,0,0,0.0,0.211871,0,0.0,0,252,1,0,0.7403,0.0245,GREEN,61,Chennai
CLM0013500,CHE_05786,Sholinganallur,2016-09-13,9,0,0,0,0,0,0,0,0,0,0.0,0.150462,0,0.0,0,211,3,5,0.4287,0.0,GREEN,33,Chennai
CLM0013501,CHE_08507,Perambur,2025-12-22,11,0,0,0,0,0,0,0,0,1,0.0,0.099976,0,0.0,0,397,3,2,0.9204,0.1358,GREEN,38,Chennai
CLM0013502,CHE_03894,Chromepet,2019-03-17,7,0,0,0,0,0,0,0,0,0,0.0,0.360166,0,0.0,0,128,1,1,0.4308,0.0492,GREEN,32,Chennai
CLM0013503,CHE_01114,Chromepet,2019-05-04,16,0,0,0,0,0,0,1,0,0,0.0,0.446121,0,0.0,0,97,1,0,0.8526,0.0779,GREEN,50,Chennai
CLM0013504,CHE_09167,T Nagar,2021-09-28,16,0,0,0,0,0,0,1,1,0,0.0,0.28072,0,0.0,0,420,0,4,0.3676,0.1222,GREEN,27,Chennai
CLM0013505,CHE_09179,Anna Nagar,2025-09-30,11,0,0,0,0,0,0,1,1,0,0.0,0.115589,0,0.0,0,130,2,3,0.6674,0.1328,GREEN,43,Chennai
CLM0013506,CHE_05652,T Nagar,2021-09-01,14,0,0,0,0,0,0,0,0,0,0.0,0.003065,0,0.0,0,113,2,1,0.7258,0.0132,GREEN,53,Chennai
CLM0013507,CHE_07496,Tambaram,2024-02-09,7,0,0,0,0,0,0,0,0,0,0.0,0.476892,0,0.0,0,149,0,3,0.7194,0.0,GREEN,39,Chennai
CLM0013508,CHE_02190,Porur,2020-02-01,7,0,0,0,0,0,0,0,0,0,0.0,0.282998,1,0.0,1,250,3,1,0.8741,0.2425,GREEN,32,Chennai
CLM0013509,CHE_09217,T Nagar,2019-04-19,13,0,0,0,0,0,0,0,0,0,0.0,0.027378,0,0.0,0,237,2,4,0.1386,0.0,GREEN,37,Chennai
CLM0013510,CHE_01753,Sholinganallur,2025-05-31,20,0,0,0,0,0,0,0,0,0,0.0,0.085205,0,0.0,0,235,1,0,0.4122,0.0737,GREEN,39,Chennai
CLM0013511,CHE_06601,Anna Nagar,2025-06-05,7,0,0,0,0,0,0,0,0,0,0.0,0.300392,0,0.0,0,324,4,4,0.98,0.1028,GREEN,38,Chennai
CLM0013512,CHE_06501,Anna Nagar,2020-05-19,16,0,0,0,0,0,0,0,1,0,0.0,0.117318,0,0.0,0,401,2,2,0.9458,0.1531,GREEN,42,Chennai
CLM0013513,CHE_06160,Chromepet,2018-07-14,15,0,0,0,0,0,0,0,0,0,0.0,0.221989,0,0.0,0,191,0,4,0.1299,0.0725,GREEN,23,Chennai
CLM0013514,CHE_09715,Sholinganallur,2020-10-01,12,0,0,0,0,0,0,1,0,0,0.0,1.0,0,0.0,0,299,3,4,0.7179,0.0021,GREEN,35,Chennai
CLM0013515,CHE_02653,Velachery,2024-04-09,17,0,0,0,0,0,0,0,1,0,0.0,0.195128,0,0.0,0,420,4,0,0.6221,0.2016,GREEN,27,Chennai
CLM0013516,CHE_04659,Perambur,2025-01-01,7,0,0,0,0,0,0,0,0,0,0.0,0.413079,0,0.0,0,273,4,1,0.2374,0.0134,GREEN,35,Chennai
CLM0013517,CHE_01001,Tambaram,2025-12-16,19,0,0,0,1,1,0,1,1,1,0.0,0.070827,1,0.0,0,22,1,18,0.9018,0.0,GREEN,27,Chennai
CLM0013518,CHE_09693,Porur,2024-02-25,16,0,0,0,0,0,0,0,0,0,0.0,0.157322,0,0.0,0,79,3,2,0.6391,0.0304,GREEN,43,Chennai
CLM0013519,CHE_09353,Adyar,2022-11-08,18,0,0,0,0,0,0,0,0,0,0.0,0.029254,0,0.0,0,420,2,0,0.7191,0.1005,GREEN,33,Chennai
CLM0013520,CHE_05133,Perambur,2022-09-12,21,0,0,0,0,0,0,0,0,0,1.0,0.32533,0,0.0,0,261,4,4,0.98,0.1022,GREEN,49,Chennai
CLM0013521,CHE_02621,Tambaram,2018-03-12,19,0,0,0,0,0,0,0,0,0,0.0,0.194333,0,0.0,0,38,2,4,0.6478,0.0694,GREEN,42,Chennai
CLM0013522,CHE_08672,Adyar,2025-08-27,18,0,0,0,0,0,0,0,1,0,0.0,0.477106,0,0.0,0,15,3,6,0.5058,0.1539,GREEN,47,Chennai
CLM0013523,CHE_07494,Chromepet,2023-04-25,21,0,0,0,1,0,0,0,0,0,0.0,0.085786,0,1.0,0,413,3,1,0.0928,0.0639,GREEN,45,Chennai
CLM0013524,CHE_03439,Velachery,2023-10-30,15,0,1,1,0,0,0,0,0,0,0.0,0.248229,0,0.0,0,301,2,0,0.915,0.1117,GREEN,36,Chennai
CLM0013525,CHE_01056,Velachery,2023-11-24,8,0,0,0,0,0,0,0,1,0,0.0,0.232302,0,0.0,0,179,0,3,0.7198,0.1043,GREEN,23,Chennai
CLM0013526,CHE_09036,Chromepet,2021-10-31,9,0,1,1,0,0,0,0,0,0,0.0,0.103889,0,0.0,0,175,2,0,0.6167,0.0004,GREEN,51,Chennai
CLM0013527,CHE_07181,Perambur,2023-09-12,11,0,0,0,0,1,0,1,0,1,0.0,1.0,1,1.0,1,32,2,14,0.7956,0.0661,GREEN,24,Chennai
CLM0013528,CHE_01479,Chromepet,2021-06-15,17,0,0,0,0,0,0,0,0,0,0.0,0.057056,0,1.0,0,420,3,2,0.5136,0.064,GREEN,49,Chennai
CLM0013529,CHE_01826,Velachery,2023-01-12,11,0,0,0,0,0,0,0,0,0,0.0,0.193635,0,0.0,0,420,1,5,0.7467,0.0172,GREEN,63,Chennai
CLM0013530,CHE_00553,Tambaram,2025-04-13,12,0,0,0,0,0,0,0,0,0,0.0,0.138894,0,0.0,0,112,4,0,0.876,0.0,GREEN,36,Chennai
CLM0013531,CHE_03411,Adyar,2025-05-30,16,0,0,0,0,0,0,0,0,0,0.0,0.036362,0,0.0,0,180,4,4,0.5228,0.0,GREEN,50,Chennai
CLM0013532,CHE_07126,Velachery,2024-11-03,7,0,0,0,0,0,0,0,1,0,0.0,0.0,0,0.0,0,137,4,0,0.9357,0.1133,GREEN,23,Chennai
CLM0013533,CHE_03484,Chromepet,2025-03-19,9,0,0,0,0,0,0,0,0,0,0.0,0.196675,0,0.0,0,129,2,4,0.8136,0.1267,GREEN,52,Chennai
CLM0013534,CHE_03258,Anna Nagar,2025-06-06,17,0,0,0,0,0,0,0,0,0,0.0,0.194089,0,0.0,0,132,4,5,0.7473,0.0254,GREEN,33,Chennai
CLM0013535,CHE_08419,T Nagar,2024-05-02,12,0,0,0,0,0,0,0,0,0,0.0,0.029238,0,0.0,0,64,3,4,0.636,0.0,GREEN,25,Chennai
CLM0013536,CHE_02779,Guindy,2025-09-02,10,0,0,0,0,0,1,0,0,0,0.0,0.048666,0,0.0,0,321,4,4,0.8605,0.1256,GREEN,50,Chennai
CLM0013537,CHE_08799,Tambaram,2023-12-06,19,0,0,0,0,0,1,0,0,0,0.0,0.286087,0,0.0,0,15,3,0,0.7373,0.0291,GREEN,46,Chennai
CLM0013538,CHE_03347,Sholinganallur,2025-02-08,9,0,0,0,0,0,1,0,0,0,0.0,0.129377,0,0.0,0,103,0,5,0.6525,0.0143,GREEN,49,Chennai
CLM0013539,CHE_06653,Velachery,2024-07-30,20,0,0,0,1,0,0,0,0,0,0.0,0.237519,0,0.0,0,282,1,5,0.1962,0.0901,GREEN,22,Chennai
CLM0013540,CHE_03473,T Nagar,2025-11-09,12,0,0,0,0,0,0,0,0,0,1.0,1.0,0,1.0,0,351,4,1,0.5882,0.0,GREEN,30,Chennai
CLM0013541,CHE_02299,Chromepet,2025-08-11,19,0,0,0,0,0,0,0,0,0,0.0,0.0,0,0.0,0,142,1,1,0.7835,0.0181,GREEN,41,Chennai
CLM0013542,CHE_07037,Adyar,2024-01-01,8,0,0,0,0,0,0,0,0,0,0.0,0.053113,0,0.0,0,111,4,2,0.05,0.0741,GREEN,55,Chennai
CLM0013543,CHE_02314,Adyar,2021-01-27,20,0,0,0,0,0,0,0,0,0,0.0,0.178146,0,0.0,0,182,4,1,0.05,0.0,GREEN,32,Chennai
CLM0013544,CHE_08818,Tambaram,2025-11-22,20,0,1,1,0,0,0,0,0,0,0.0,0.175168,0,0.0,0,420,4,0,0.5253,0.0115,GREEN,50,Chennai
CLM0013545,CHE_07444,Porur,2019-03-31,9,0,0,0,0,0,0,1,1,0,0.0,0.383948,0,0.0,0,194,3,5,0.8561,0.0923,GREEN,39,Chennai
CLM0013546,CHE_02378,Anna Nagar,2020-04-10,21,0,0,0,1,0,0,0,0,0,0.0,0.221732,0,0.0,0,49,0,0,0.05,0.1186,GREEN,46,Chennai
CLM0013547,CHE_05732,Anna Nagar,2025-04-23,11,0,0,0,0,0,0,0,0,0,1.0,0.966308,0,1.0,0,420,4,5,0.5769,0.0,GREEN,47,Chennai
CLM0013548,CHE_05666,Perambur,2024-03-17,9,0,0,0,0,0,0,0,1,0,0.0,0.330494,0,0.0,0,364,3,4,0.6666,0.1106,GREEN,29,Chennai
CLM0013549,CHE_02691,T Nagar,2018-12-15,18,0,0,0,0,0,0,0,0,0,0.0,0.089281,0,1.0,0,400,0,5,0.5776,0.0,GREEN,29,Chennai
CLM0013550,CHE_01157,Anna Nagar,2022-07-31,17,0,0,0,0,0,0,0,0,0,0.0,0.268376,0,0.0,0,53,3,1,0.6136,0.0,GREEN,20,Chennai
CLM0013551,CHE_00014,T Nagar,2023-05-18,21,0,0,0,0,0,1,0,0,0,0.0,1.0,0,0.0,0,398,3,4,0.7661,0.0785,GREEN,32,Chennai
CLM0013552,CHE_03446,T Nagar,2018-10-12,20,0,0,0,0,0,0,0,0,0,0.0,0.092414,0,0.0,0,122,4,4,0.7297,0.0016,GREEN,51,Chennai
CLM0013553,CHE_06080,Sholinganallur,2023-04-21,15,0,0,0,0,0,0,0,0,0,0.0,0.116556,0,0.0,0,88,1,2,0.7878,0.0,GREEN,33,Chennai
CLM0013554,CHE_04146,Chromepet,2023-11-07,12,0,0,0,0,0,1,0,0,0,0.0,0.104816,0,1.0,0,107,1,0,0.8898,0.1768,GREEN,55,Chennai
CLM0013555,CHE_00465,Adyar,2021-04-12,17,0,0,0,0,0,0,0,1,0,0.0,0.313131,0,0.0,0,420,1,2,0.9238,0.1019,GREEN,21,Chennai
CLM0013556,CHE_05552,Guindy,2020-03-19,18,0,0,0,0,0,0,0,0,0,0.0,0.450894,0,0.0,0,369,0,2,0.6868,0.0121,GREEN,46,Chennai
CLM0013557,CHE_08917,Guindy,2023-05-02,9,0,0,0,1,0,0,0,0,0,0.0,0.080969,0,0.0,0,393,3,0,0.2263,0.2319,GREEN,40,Chennai
CLM0013558,CHE_05011,Tambaram,2021-04-10,17,0,1,1,1,1,1,1,1,1,1.0,0.99348,0,1.0,0,16,0,18,0.1276,0.0329,GREEN,40,Chennai
CLM0013559,CHE_04467,T Nagar,2025-03-20,7,0,0,0,0,0,0,0,0,0,0.0,0.105258,0,0.0,1,383,4,0,0.9316,0.0,GREEN,44,Chennai
CLM0013560,CHE_04188,Chromepet,2025-06-02,13,0,0,0,0,0,0,0,0,0,0.0,0.117245,0,0.0,0,145,3,4,0.9398,0.0,GREEN,55,Chennai
CLM0013561,CHE_03779,Velachery,2025-04-01,14,0,0,0,0,0,0,0,0,0,1.0,0.220203,0,0.0,1,361,1,1,0.0501,0.0903,GREEN,49,Chennai
CLM0013562,CHE_02345,Porur,2025-12-05,7,0,0,0,0,1,0,0,0,0,0.0,0.422065,0,0.0,0,420,0,2,0.5938,0.1753,GREEN,34,Chennai
CLM0013563,CHE_04500,Guindy,2024-06-04,9,0,1,1,0,1,1,0,1,1,0.0,0.144968,0,0.0,0,34,0,2,0.74,0.5417,YELLOW,40,Chennai
CLM0013564,CHE_04420,Anna Nagar,2025-10-10,20,0,0,0,0,0,0,0,0,0,0.0,0.374437,0,0.0,0,326,1,1,0.9133,0.0,GREEN,34,Chennai
CLM0013565,CHE_01681,Velachery,2024-07-09,18,0,1,1,0,0,0,0,0,0,0.0,0.075672,1,0.0,0,255,1,0,0.3606,0.108,GREEN,53,Chennai
CLM0013566,CHE_05434,Porur,2024-12-12,21,0,0,0,0,0,1,0,0,0,0.0,0.350912,0,0.0,0,236,2,4,0.5722,0.0906,GREEN,18,Chennai
CLM0013567,CHE_08944,Chromepet,2020-02-15,13,0,0,0,0,0,0,0,0,0,0.0,0.272941,0,0.0,0,87,1,0,0.6514,0.0652,GREEN,38,Chennai
CLM0013568,CHE_07134,Tambaram,2025-05-21,9,0,1,1,0,0,0,0,0,0,0.0,0.295964,0,0.0,0,420,0,2,0.8257,0.0,GREEN,28,Chennai
CLM0013569,CHE_06735,Guindy,2021-10-27,19,0,0,0,0,0,0,0,0,0,0.0,1.0,0,0.0,0,378,4,5,0.7889,0.1221,GREEN,44,Chennai
CLM0013570,CHE_01806,Adyar,2023-07-20,15,0,0,0,0,0,1,0,0,0,0.0,0.215391,0,0.0,0,420,4,2,0.6782,0.0741,GREEN,53,Chennai
CLM0013571,CHE_05599,T Nagar,2017-12-29,12,0,0,0,0,0,0,0,0,0,0.0,0.436343,0,0.0,0,146,3,0,0.4575,0.0,GREEN,34,Chennai
CLM0013572,CHE_06819,T Nagar,2017-12-18,10,0,0,0,0,0,0,0,0,0,0.0,0.307108,0,0.0,1,279,1,2,0.8972,0.0503,GREEN,39,Chennai
CLM0013573,CHE_06843,Perambur,2023-12-15,19,0,0,0,0,0,0,0,0,0,0.0,0.993246,0,0.0,0,420,3,3,0.9032,0.0,GREEN,51,Chennai
CLM0013574,CHE_06312,Guindy,2025-05-30,9,0,0,0,0,0,0,0,0,0,0.0,0.331375,0,0.0,0,42,1,0,0.1836,0.0463,GREEN,30,Chennai
CLM0013575,CHE_06760,Velachery,2025-06-22,15,0,0,0,0,0,0,0,0,0,0.0,0.318296,0,0.0,0,209,4,1,0.2423,0.0,GREEN,54,Chennai
CLM0013576,CHE_06486,Velachery,2024-01-06,14,0,0,0,0,0,0,0,0,0,0.0,0.323762,0,0.0,0,177,1,5,0.7996,0.0094,GREEN,37,Chennai
CLM0013577,CHE_08853,Porur,2021-10-22,12,0,0,0,0,0,0,0,0,1,1.0,1.0,0,1.0,0,298,1,2,0.2548,0.0981,GREEN,43,Chennai
CLM0013578,CHE_07630,Perambur,2024-08-18,9,0,0,0,0,0,0,0,1,0,0.0,0.13726,0,0.0,0,133,0,2,0.6114,0.0604,GREEN,32,Chennai
CLM0013579,CHE_01510,Sholinganallur,2017-11-26,20,0,0,0,0,0,0,0,0,0,0.0,0.233307,0,0.0,0,343,2,4,0.6679,0.0,GREEN,40,Chennai
CLM0013580,CHE_07885,Tambaram,2021-11-20,19,0,0,0,0,0,0,0,0,0,0.0,0.971246,0,0.0,0,198,0,5,0.9565,0.044,GREEN,39,Chennai
CLM0013581,CHE_09694,Anna Nagar,2017-06-29,19,0,1,1,0,0,0,0,0,0,0.0,0.223284,0,0.0,0,420,0,4,0.8719,0.0314,GREEN,18,Chennai
CLM0013582,CHE_02730,Perambur,2017-02-03,19,0,0,0,0,0,0,1,0,0,0.0,0.338965,0,1.0,0,112,2,0,0.5794,0.0681,GREEN,40,Chennai
CLM0013583,CHE_06337,Porur,2019-09-27,10,0,0,0,0,0,0,0,0,1,0.0,0.341156,1,1.0,1,420,2,4,0.3148,0.2166,GREEN,31,Chennai
CLM0013584,CHE_09117,Guindy,2021-02-13,15,0,0,0,1,1,0,1,1,0,0.0,0.171717,0,0.0,1,13,1,18,0.906,0.0689,GREEN,46,Chennai
CLM0013585,CHE_09493,Porur,2025-06-24,12,0,0,0,0,0,0,0,0,0,0.0,0.442631,0,0.0,0,256,2,0,0.8756,0.0778,GREEN,30,Chennai
CLM0013586,CHE_01781,Adyar,2024-12-21,16,0,0,0,0,0,0,0,0,0,0.0,0.129279,0,0.0,0,180,2,1,0.05,0.0166,GREEN,32,Chennai
CLM0013587,CHE_08745,Perambur,2025-06-16,16,0,0,0,0,1,0,0,0,0,0.0,0.968179,0,0.0,0,193,4,0,0.98,0.0438,GREEN,44,Chennai
CLM0013588,CHE_02537,Guindy,2021-01-08,7,0,0,0,1,0,0,0,0,0,0.0,0.337958,0,0.0,0,221,4,1,0.6824,0.1647,GREEN,32,Chennai
CLM0013589,CHE_02901,Porur,2023-10-29,21,0,0,0,0,0,0,0,0,0,1.0,0.263199,0,0.0,0,420,0,2,0.172,0.0571,GREEN,43,Chennai
CLM0013590,CHE_06487,T Nagar,2020-11-08,10,0,0,0,0,0,0,0,0,0,1.0,0.457212,0,0.0,0,277,4,1,0.199,0.0387,GREEN,49,Chennai
CLM0013591,CHE_09353,Adyar,2018-04-26,18,0,0,0,0,0,0,0,0,0,0.0,0.352897,0,0.0,0,173,0,1,0.5183,0.0176,GREEN,33,Chennai
CLM0013592,CHE_01611,T Nagar,2025-12-13,13,0,0,0,0,0,0,0,0,0,0.0,0.158286,0,0.0,1,322,0,1,0.8506,0.0566,GREEN,56,Chennai
CLM0013593,CHE_03405,Guindy,2017-07-23,16,0,0,0,0,0,0,0,0,0,0.0,0.127762,0,0.0,0,420,3,3,0.6686,0.0647,GREEN,48,Chennai
CLM0013594,CHE_08317,Sholinganallur,2016-08-25,11,0,0,0,0,0,1,0,0,0,0.0,0.285613,0,0.0,0,52,0,3,0.4805,0.0567,GREEN,40,Chennai
CLM0013595,CHE_08238,Guindy,2024-05-14,16,0,0,0,0,0,0,0,0,0,0.0,0.193563,0,0.0,0,420,2,2,0.6673,0.0145,GREEN,45,Chennai
CLM0013596,CHE_08833,Velachery,2023-11-06,17,0,0,0,0,0,1,0,0,1,0.0,0.201671,0,0.0,0,177,3,1,0.05,0.1136,GREEN,32,Chennai
CLM0013597,CHE_03314,Chromepet,2025-07-08,11,0,0,0,0,0,0,0,1,0,0.0,0.088264,0,0.0,0,395,2,2,0.9514,0.0533,GREEN,40,Chennai
CLM0013598,CHE_08165,Chromepet,2018-01-10,10,0,0,0,0,0,0,0,0,0,1.0,0.995824,0,1.0,0,302,4,4,0.443,0.0114,GREEN,52,Chennai
CLM0013599,CHE_06965,Adyar,2021-09-27,10,0,0,0,0,0,0,1,0,0,1.0,0.236548,0,0.0,0,352,3,5,0.8248,0.1576,GREEN,29,Chennai
CLM0013600,CHE_06963,Guindy,2019-11-10,10,0,0,0,0,0,0,0,0,0,0.0,0.99655,0,0.0,0,182,2,5,0.9443,0.0,GREEN,26,Chennai
CLM0013601,CHE_01424,Sholinganallur,2021-01-11,7,0,0,0,0,0,0,0,0,0,0.0,0.987072,0,0.0,0,300,0,1,0.6999,0.0,GREEN,44,Chennai
CLM0013602,CHE_08441,Perambur,2018-09-20,21,0,0,0,0,0,1,0,0,0,1.0,0.963111,0,0.0,0,420,4,4,0.6542,0.2926,GREEN,18,Chennai
CLM0013603,CHE_04075,Guindy,2023-03-31,7,0,0,0,0,0,0,0,0,0,0.0,0.0,0,0.0,0,106,3,0,0.98,0.0,GREEN,35,Chennai
CLM0013604,CHE_07151,Porur,2021-01-24,15,0,0,0,0,0,0,1,0,0,0.0,0.14323,0,0.0,0,302,2,7,0.5589,0.0434,GREEN,36,Chennai
CLM0013605,CHE_00170,Adyar,2019-05-31,7,0,0,0,1,1,0,0,0,0,1.0,0.322879,0,0.0,0,45,1,4,0.9066,0.3678,YELLOW,61,Chennai
CLM0013606,CHE_07340,Porur,2018-03-11,15,0,0,0,0,0,0,0,0,0,0.0,0.240441,0,0.0,0,420,1,3,0.8754,0.0608,GREEN,54,Chennai
CLM0013607,CHE_00181,Velachery,2022-01-10,19,0,0,0,0,0,0,0,0,0,0.0,0.188186,0,0.0,0,6,1,4,0.2328,0.0043,GREEN,46,Chennai
CLM0013608,CHE_00796,Chromepet,2020-12-02,7,0,0,0,0,0,0,0,0,0,0.0,0.263929,0,0.0,0,230,1,4,0.1199,0.0,GREEN,18,Chennai
CLM0013609,CHE_05574,Sholinganallur,2025-04-25,20,0,0,0,0,0,0,0,0,1,0.0,0.95214,0,0.0,0,90,4,4,0.6611,0.0927,GREEN,56,Chennai
CLM0013610,CHE_01039,Perambur,2022-11-21,14,0,1,1,1,0,0,0,0,0,0.0,0.070386,0,0.0,0,201,3,0,0.8161,0.1734,GREEN,31,Chennai
CLM0013611,CHE_06688,Anna Nagar,2025-04-01,15,0,0,0,0,0,0,0,0,0,0.0,0.323658,0,0.0,0,52,2,0,0.8187,0.1424,GREEN,39,Chennai
CLM0013612,CHE_00630,Guindy,2021-01-07,17,0,0,0,0,0,0,0,0,0,0.0,0.184164,0,0.0,0,420,1,0,0.7752,0.0,GREEN,35,Chennai
CLM0013613,CHE_02883,Porur,2022-04-08,21,0,0,0,0,0,0,0,0,0,0.0,0.088718,0,0.0,0,231,1,1,0.7643,0.0383,GREEN,18,Chennai
CLM0013614,CHE_07402,Tambaram,2021-01-13,18,0,0,0,0,0,0,0,0,0,1.0,1.0,0,0.0,0,87,1,0,0.98,0.1133,GREEN,34,Chennai
CLM0013615,CHE_07768,Perambur,2025-06-09,10,0,0,0,0,0,1,0,0,0,0.0,0.033659,0,0.0,0,323,3,4,0.6133,0.0198,GREEN,18,Chennai
CLM0013616,CHE_01067,Velachery,2019-02-23,20,0,0,0,0,0,0,0,0,0,0.0,0.325467,0,0.0,0,361,3,2,0.7183,0.0,GREEN,30,Chennai
CLM0013617,CHE_01746,Velachery,2020-11-15,20,0,0,0,0,0,0,0,0,0,0.0,0.894201,0,0.0,0,81,4,2,0.6301,0.0541,GREEN,46,Chennai
CLM0013618,CHE_08203,Porur,2024-03-10,11,0,0,0,0,0,0,0,0,0,0.0,0.305533,0,0.0,0,163,4,3,0.7254,0.0001,GREEN,18,Chennai
CLM0013619,CHE_05938,Porur,2022-09-28,20,0,0,0,0,0,0,0,0,0,0.0,0.002159,0,1.0,0,420,3,0,0.7156,0.0274,GREEN,40,Chennai
CLM0013620,CHE_06926,Adyar,2020-06-18,12,0,0,0,0,0,0,0,0,0,0.0,0.120323,0,0.0,0,413,4,0,0.4134,0.0805,GREEN,30,Chennai
CLM0013621,CHE_03662,Perambur,2019-01-23,9,0,0,0,0,0,1,1,0,0,0.0,0.378928,0,0.0,0,199,2,3,0.6689,0.188,GREEN,25,Chennai
CLM0013622,CHE_07155,Perambur,2021-11-23,18,0,0,0,0,0,0,0,0,0,0.0,0.354036,0,0.0,0,239,4,1,0.7627,0.0,GREEN,31,Chennai
CLM0013623,CHE_06359,Adyar,2019-08-18,9,0,0,0,0,0,0,0,0,0,1.0,0.39522,0,0.0,0,165,4,0,0.4326,0.0113,GREEN,59,Chennai
CLM0013624,CHE_01499,Perambur,2018-06-06,13,0,0,0,0,0,0,0,0,0,0.0,0.919749,0,0.0,0,189,2,2,0.2621,0.0532,GREEN,50,Chennai
CLM0013625,CHE_02578,Perambur,2019-01-02,10,0,0,0,0,0,0,0,0,0,0.0,0.215809,0,0.0,0,420,3,2,0.05,0.0,GREEN,45,Chennai
CLM0013626,CHE_01469,T Nagar,2018-09-21,8,0,0,0,0,0,0,0,0,0,0.0,0.143344,0,1.0,0,216,4,3,0.5494,0.0537,GREEN,50,Chennai
CLM0013627,CHE_09691,Adyar,2021-02-17,20,0,1,1,0,0,0,0,0,0,0.0,0.159507,0,0.0,0,191,4,4,0.5219,0.1114,GREEN,46,Chennai
CLM0013628,CHE_04972,Guindy,2019-12-23,7,0,0,0,0,0,0,0,0,0,1.0,0.092041,0,0.0,0,143,2,2,0.9435,0.1076,GREEN,53,Chennai
CLM0013629,CHE_06786,Velachery,2023-05-11,14,0,0,0,0,0,0,0,0,0,0.0,0.294727,0,0.0,0,135,0,3,0.7805,0.1288,GREEN,47,Chennai
CLM0013630,CHE_03107,Tambaram,2020-12-15,8,0,0,0,0,0,0,0,0,0,1.0,0.135078,0,0.0,0,60,2,5,0.604,0.0022,GREEN,32,Chennai
CLM0013631,CHE_05846,Anna Nagar,2023-08-13,13,0,0,0,0,0,0,0,0,0,0.0,0.125071,0,0.0,0,9,1,4,0.7948,0.0929,GREEN,49,Chennai
CLM0013632,CHE_04351,Sholinganallur,2020-05-22,20,0,0,0,0,0,0,0,1,0,0.0,0.272307,0,0.0,0,420,0,6,0.8327,0.0811,GREEN,18,Chennai
CLM0013633,CHE_05948,Velachery,2025-12-17,16,0,0,0,0,0,0,0,1,0,0.0,0.356703,0,0.0,0,420,2,3,0.6842,0.032,GREEN,49,Chennai
CLM0013634,CHE_01518,Adyar,2022-10-24,19,0,0,0,0,0,0,0,1,0,0.0,0.177894,1,0.0,0,55,3,4,0.5496,0.3349,YELLOW,52,Chennai
CLM0013635,CHE_02048,Porur,2025-04-28,21,0,0,0,0,0,0,0,0,0,0.0,0.454989,0,0.0,0,420,4,6,0.5674,0.0,GREEN,26,Chennai
CLM0013636,CHE_04810,Tambaram,2025-02-08,16,0,0,0,0,0,0,0,1,0,0.0,0.361974,0,0.0,0,287,2,3,0.1932,0.0798,GREEN,37,Chennai
CLM0013637,CHE_04595,Sholinganallur,2024-02-14,10,0,0,0,0,0,0,0,0,1,0.0,0.152456,0,0.0,0,95,4,0,0.8374,0.212,GREEN,38,Chennai
CLM0013638,CHE_07538,Sholinganallur,2024-02-04,16,0,1,1,0,0,0,0,1,0,0.0,0.25567,0,0.0,0,352,4,1,0.7543,0.0871,GREEN,38,Chennai
CLM0013639,CHE_09512,Porur,2022-04-13,9,0,0,0,0,0,0,0,0,0,0.0,0.408256,0,0.0,0,305,4,0,0.5462,0.0479,GREEN,48,Chennai
CLM0013640,CHE_00649,Velachery,2024-03-12,9,0,0,0,0,0,0,0,0,0,0.0,0.30361,0,0.0,0,420,3,0,0.7705,0.0252,GREEN,38,Chennai
CLM0013641,CHE_06306,Guindy,2023-04-26,8,0,0,0,0,0,0,0,0,0,0.0,0.052778,0,0.0,0,256,2,0,0.1891,0.0005,GREEN,35,Chennai
CLM0013642,CHE_07767,Tambaram,2024-04-30,9,0,0,0,0,0,1,0,0,0,1.0,0.283775,0,1.0,0,61,2,2,0.5558,0.162,GREEN,42,Chennai
CLM0013643,CHE_03204,Anna Nagar,2024-05-25,14,0,0,0,1,0,0,1,1,0,0.0,0.924248,0,1.0,1,5,0,11,0.9305,0.005,GREEN,41,Chennai
CLM0013644,CHE_07838,Sholinganallur,2025-03-28,7,0,0,0,0,0,0,0,0,0,0.0,0.2126,0,0.0,0,307,2,0,0.8282,0.0034,GREEN,40,Chennai
CLM0013645,CHE_03561,Adyar,2025-03-20,7,0,0,0,0,0,0,0,0,0,0.0,0.000184,0,1.0,0,118,2,2,0.8821,0.1048,GREEN,36,Chennai
CLM0013646,CHE_03891,Porur,2025-11-05,10,0,0,0,0,0,0,0,0,0,0.0,0.022353,0,0.0,0,208,0,3,0.5719,0.0458,GREEN,18,Chennai
CLM0013647,CHE_05250,Porur,2025-03-19,10,0,0,0,0,0,0,1,0,0,0.0,0.301887,0,0.0,0,374,3,3,0.8676,0.002,GREEN,30,Chennai
CLM0013648,CHE_00434,Anna Nagar,2023-12-30,19,0,0,0,0,0,1,0,0,0,0.0,0.073843,0,0.0,0,153,4,0,0.5684,0.1628,GREEN,23,Chennai
CLM0013649,CHE_04722,Tambaram,2024-12-01,20,0,0,0,1,0,0,0,0,0,0.0,0.426636,0,0.0,0,420,2,0,0.8693,0.269,GREEN,33,Chennai
CLM0013650,CHE_09057,Tambaram,2025-10-08,19,0,0,0,0,0,0,0,0,0,0.0,0.197923,0,0.0,0,300,0,1,0.8271,0.006,GREEN,50,Chennai
CLM0013651,CHE_01216,Anna Nagar,2024-05-27,10,0,0,0,0,0,0,0,1,0,0.0,0.387787,0,0.0,0,71,0,2,0.8009,0.0782,GREEN,33,Chennai
CLM0013652,CHE_01895,Anna Nagar,2025-10-29,14,0,0,0,0,0,0,0,0,0,0.0,0.007471,0,0.0,0,420,3,1,0.7078,0.014,GREEN,35,Chennai
CLM0013653,CHE_01009,T Nagar,2024-12-19,10,0,0,0,0,0,1,0,1,0,0.0,0.192336,0,0.0,0,295,1,2,0.7284,0.2082,GREEN,34,Chennai
CLM0013654,CHE_04077,Velachery,2025-06-17,21,0,0,0,0,0,0,0,0,0,0.0,0.254918,0,0.0,0,271,3,2,0.9219,0.0397,GREEN,53,Chennai
CLM0013655,CHE_03152,Chromepet,2025-05-24,16,0,0,0,1,0,0,0,0,0,0.0,0.124136,0,0.0,0,129,4,1,0.98,0.1254,GREEN,42,Chennai
CLM0013656,CHE_03006,Guindy,2025-01-20,12,0,0,0,0,0,0,0,0,0,0.0,0.114788,0,0.0,0,215,3,1,0.05,0.0,GREEN,37,Chennai
CLM0013657,CHE_06887,Tambaram,2025-11-02,14,0,0,0,0,0,0,0,0,0,1.0,0.369055,0,0.0,0,341,1,0,0.8333,0.193,GREEN,50,Chennai
CLM0013658,CHE_00771,Sholinganallur,2024-03-20,21,0,0,0,0,0,0,0,0,0,0.0,0.152774,0,0.0,0,101,4,1,0.98,0.0131,GREEN,39,Chennai
CLM0013659,CHE_07622,Porur,2025-02-17,13,0,0,0,0,0,0,0,0,0,0.0,1.0,0,0.0,0,5,3,1,0.8579,0.0958,GREEN,53,Chennai
CLM0013660,CHE_08254,Porur,2024-06-11,10,0,0,0,0,1,0,0,0,1,0.0,0.178118,0,0.0,0,420,2,0,0.5233,0.2569,GREEN,41,Chennai
CLM0013661,CHE_09207,Guindy,2025-12-10,21,0,0,0,0,0,0,1,0,0,0.0,0.332075,0,0.0,0,72,2,1,0.9608,0.041,GREEN,28,Chennai
CLM0013662,CHE_07980,Velachery,2023-11-06,14,0,0,0,0,0,1,0,0,0,0.0,0.334903,1,0.0,0,101,1,4,0.7577,0.1911,GREEN,18,Chennai
CLM0013663,CHE_01308,Chromepet,2025-05-29,20,0,0,0,0,0,0,0,0,1,0.0,0.08933,0,0.0,0,88,1,2,0.7677,0.1032,GREEN,55,Chennai
CLM0013664,CHE_02706,Chromepet,2021-03-04,9,0,0,0,0,0,0,0,0,0,0.0,0.106652,0,0.0,0,23,3,0,0.7211,0.0,GREEN,61,Chennai
CLM0013665,CHE_02129,Adyar,2024-03-19,8,0,0,0,0,0,0,0,0,0,0.0,0.110882,0,0.0,1,76,1,2,0.0993,0.0152,GREEN,32,Chennai
CLM0013666,CHE_09860,Chromepet,2022-02-20,8,0,0,0,0,0,0,0,0,0,0.0,0.374891,0,0.0,0,150,1,1,0.5455,0.0,GREEN,49,Chennai
CLM0013667,CHE_01684,T Nagar,2023-01-06,18,0,0,0,0,0,0,0,0,0,0.0,0.448483,0,0.0,0,133,0,3,0.6217,0.0,GREEN,38,Chennai
CLM0013668,CHE_02620,Velachery,2024-01-21,8,0,0,0,0,1,0,0,0,1,0.0,0.061853,0,0.0,0,411,3,0,0.98,0.1908,GREEN,48,Chennai
CLM0013669,CHE_07050,Porur,2024-10-08,14,0,0,0,0,0,0,0,0,0,0.0,0.037159,0,0.0,0,420,0,3,0.8726,0.0,GREEN,42,Chennai
CLM0013670,CHE_06556,Porur,2023-08-07,9,0,0,0,0,0,0,0,0,0,0.0,0.068784,0,0.0,0,197,4,0,0.527,0.0,GREEN,26,Chennai
CLM0013671,CHE_08389,Velachery,2025-09-09,7,0,0,0,0,0,0,0,1,0,0.0,1.0,0,0.0,0,74,0,3,0.2891,0.1314,GREEN,38,Chennai
CLM0013672,CHE_08424,Guindy,2023-08-28,17,0,0,0,0,0,1,0,0,0,0.0,0.389764,0,0.0,0,420,2,0,0.7511,0.1571,GREEN,51,Chennai
CLM0013673,CHE_09776,Sholinganallur,2024-12-07,8,0,0,0,0,1,0,0,0,0,0.0,0.400514,0,0.0,0,367,3,0,0.835,0.1074,GREEN,18,Chennai
CLM0013674,CHE_00515,Velachery,2025-04-19,18,0,0,0,1,0,0,1,1,0,0.0,1.0,0,1.0,1,11,3,18,0.339,0.1262,GREEN,46,Chennai
CLM0013675,CHE_07551,Guindy,2025-06-22,18,0,0,0,0,0,0,0,0,0,0.0,0.145951,0,0.0,0,305,1,4,0.8163,0.0,GREEN,29,Chennai
CLM0013676,CHE_04111,Adyar,2025-08-14,16,0,1,1,1,0,0,1,0,1,0.0,1.0,1,1.0,1,11,0,18,0.237,0.5821,YELLOW,26,Chennai
CLM0013677,CHE_09260,Chromepet,2025-06-14,12,0,1,1,1,0,1,1,0,1,1.0,1.0,0,1.0,1,12,2,15,0.0916,0.5179,YELLOW,50,Chennai
CLM0013678,CHE_06321,T Nagar,2025-07-08,7,0,1,1,0,0,0,0,1,0,1.0,1.0,0,0.0,1,6,0,13,0.1708,0.3486,YELLOW,51,Chennai
CLM0013679,CHE_01326,Anna Nagar,2025-03-14,14,0,1,1,1,1,0,1,0,0,0.0,0.162187,1,0.0,1,5,1,14,0.9517,0.7025,RED,46,Chennai
CLM0013680,CHE_08326,Tambaram,2024-03-26,16,0,1,1,1,0,0,1,1,1,0.0,0.538547,0,0.0,1,35,0,18,0.373,0.616,RED,49,Chennai
CLM0013681,CHE_00037,Tambaram,2024-03-14,21,0,1,1,0,0,0,1,0,0,0.0,1.0,0,0.0,0,239,2,0,0.4677,0.9169,RED,59,Chennai
CLM0013682,CHE_02648,T Nagar,2025-09-12,17,0,1,1,1,0,1,0,1,1,0.0,0.372187,0,0.0,0,143,1,2,0.9025,0.6622,RED,28,Chennai
CLM0013683,CHE_01648,Sholinganallur,2025-06-27,10,0,1,1,0,1,1,1,1,1,1.0,0.962514,0,1.0,0,5,0,18,0.9398,0.772,RED,38,Chennai
CLM0013684,CHE_05588,Velachery,2024-09-02,17,0,1,1,1,0,1,1,1,0,0.0,0.159793,0,0.0,1,5,1,18,0.98,0.6116,RED,58,Chennai
CLM0013685,CHE_09517,Perambur,2022-01-25,20,0,1,1,1,0,1,1,1,0,1.0,0.961487,1,1.0,0,22,1,18,0.05,0.6318,RED,28,Chennai
CLM0013686,CHE_00006,Tambaram,2022-10-23,10,0,1,1,1,1,1,1,0,0,1.0,0.980334,1,1.0,1,5,1,18,0.1185,0.7606,RED,59,Chennai
CLM0013687,CHE_09159,Porur,2024-10-21,19,0,1,1,0,0,0,0,1,1,1.0,1.0,0,0.0,1,23,1,18,0.9184,0.375,YELLOW,18,Chennai
CLM0013688,CHE_02487,Chromepet,2021-02-03,16,0,1,1,1,0,0,1,1,0,1.0,1.0,0,0.0,1,5,2,15,0.1799,0.5378,YELLOW,30,Chennai
CLM0013689,CHE_03992,T Nagar,2024-01-18,21,0,1,1,1,0,1,1,1,1,0.0,0.008291,1,0.0,0,5,2,18,0.9436,0.8122,RED,46,Chennai
CLM0013690,CHE_04516,T Nagar,2025-06-23,20,0,1,1,1,1,0,1,1,1,1.0,0.88624,0,1.0,1,11,1,18,0.2177,0.8335,RED,39,Chennai
CLM0013691,CHE_07854,Porur,2020-08-07,11,0,1,1,0,0,1,0,0,0,0.0,0.059215,0,0.0,0,41,1,0,0.1989,0.7994,RED,52,Chennai
CLM0013692,CHE_00438,Velachery,2021-07-06,20,0,1,1,1,1,1,1,0,1,1.0,1.0,1,1.0,0,5,1,18,0.3344,0.8166,RED,53,Chennai
CLM0013693,CHE_02654,Guindy,2020-07-30,9,0,1,1,0,0,1,1,1,1,0.0,0.463144,0,1.0,0,5,2,18,0.2318,0.5246,YELLOW,50,Chennai
CLM0013694,CHE_06600,Adyar,2025-07-13,14,0,1,1,1,1,1,1,1,1,1.0,1.0,0,0.0,1,5,2,18,0.3346,0.7465,RED,25,Chennai
CLM0013695,CHE_03095,Velachery,2020-07-23,21,0,1,1,0,1,1,1,1,1,0.0,0.151458,0,0.0,1,5,0,18,0.7738,0.7611,RED,54,Chennai
CLM0013696,CHE_01325,Tambaram,2016-04-19,9,0,0,0,0,0,0,1,0,0,0.0,1.0,0,0.0,0,339,3,0,0.9181,0.0579,GREEN,48,Chennai
CLM0013697,CHE_05855,Perambur,2021-01-23,17,0,0,0,0,0,0,1,0,0,0.0,0.274298,0,0.0,1,294,3,0,0.6458,0.0696,GREEN,46,Chennai
CLM0013698,CHE_01350,Porur,2024-09-21,19,0,0,0,0,0,0,0,0,0,0.0,0.205919,0,0.0,0,225,4,3,0.3243,0.0,GREEN,47,Chennai
CLM0013699,CHE_09985,Chromepet,2023-10-12,10,0,0,0,0,0,1,0,0,0,0.0,0.111852,1,0.0,0,405,1,0,0.05,0.0997,GREEN,26,Chennai
CLM0013700,CHE_06985,Velachery,2023-07-12,16,0,0,0,1,0,1,0,1,1,0.0,0.448074,0,0.0,0,93,3,3,0.7497,0.4433,YELLOW,40,Chennai
CLM0013701,CHE_00467,Anna Nagar,2025-05-24,14,0,0,0,0,1,0,0,0,0,0.0,0.26065,0,0.0,0,45,0,4,0.8178,0.0663,GREEN,54,Chennai
CLM0013702,CHE_09933,Adyar,2020-01-22,20,0,0,0,0,0,0,0,0,0,0.0,0.333616,0,0.0,1,272,3,3,0.98,0.1026,GREEN,58,Chennai
CLM0013703,CHE_06179,T Nagar,2025-03-28,21,0,0,0,0,0,0,0,0,0,1.0,0.0,0,0.0,0,186,1,3,0.6178,0.1598,GREEN,41,Chennai
CLM0013704,CHE_09445,T Nagar,2023-02-17,20,0,0,0,1,1,1,1,1,1,1.0,0.98113,0,0.0,1,5,2,18,0.0906,0.0778,GREEN,36,Chennai
CLM0013705,CHE_03971,Perambur,2016-04-25,18,0,1,1,0,0,1,0,0,0,0.0,0.389802,0,0.0,1,78,3,1,0.98,0.2247,GREEN,24,Chennai
CLM0013706,CHE_07840,Perambur,2023-08-22,7,0,0,0,0,0,0,0,1,0,1.0,0.273294,0,0.0,0,363,2,0,0.7749,0.0661,GREEN,43,Chennai
CLM0013707,CHE_00699,Adyar,2017-09-24,20,0,0,0,0,0,0,0,0,0,0.0,0.296854,0,0.0,0,125,1,3,0.6569,0.0,GREEN,59,Chennai
CLM0013708,CHE_00460,Anna Nagar,2018-05-03,17,0,0,0,0,0,0,1,0,0,1.0,0.982009,0,1.0,0,223,4,2,0.6053,0.1122,GREEN,40,Chennai
CLM0013709,CHE_00188,Guindy,2018-10-30,13,0,0,0,0,0,0,0,0,0,0.0,0.099957,0,0.0,0,55,4,5,0.8012,0.023,GREEN,40,Chennai
CLM0013710,CHE_04638,Perambur,2016-09-21,16,0,0,0,0,0,0,0,0,0,0.0,0.273747,0,0.0,0,98,1,0,0.143,0.0709,GREEN,29,Chennai
CLM0013711,CHE_06398,Anna Nagar,2021-11-12,17,0,0,0,1,0,0,0,1,0,0.0,0.11884,0,0.0,0,305,0,1,0.6175,0.2015,GREEN,43,Chennai
CLM0013712,CHE_01944,Adyar,2022-02-21,15,0,0,0,0,1,0,1,1,1,1.0,1.0,0,1.0,0,43,4,7,0.2415,0.0,GREEN,41,Chennai
CLM0013713,CHE_07417,Tambaram,2022-03-05,14,0,0,0,0,0,0,0,1,0,1.0,0.994346,0,0.0,1,5,2,12,0.1972,0.2288,GREEN,56,Chennai
CLM0013714,CHE_00045,Adyar,2022-01-06,14,0,0,0,0,1,0,0,0,0,0.0,0.950033,0,1.0,0,420,2,3,0.05,0.3421,YELLOW,52,Chennai
CLM0013715,CHE_00542,Adyar,2024-05-03,8,0,0,0,0,0,0,0,0,0,0.0,1.0,0,0.0,0,420,1,5,0.8359,0.0,GREEN,57,Chennai
CLM0013716,CHE_02359,Sholinganallur,2023-12-14,11,0,0,0,0,0,0,0,0,0,0.0,0.0,0,0.0,0,420,2,3,0.7484,0.023,GREEN,36,Chennai
CLM0013717,CHE_01165,Porur,2022-07-07,14,0,0,0,0,0,0,0,0,0,1.0,0.08667,0,0.0,0,420,3,3,0.877,0.0,GREEN,34,Chennai
CLM0013718,CHE_02489,Porur,2025-07-30,8,0,0,0,0,0,0,0,0,0,0.0,0.438579,0,0.0,0,135,4,6,0.2236,0.012,GREEN,58,Chennai
CLM0013719,CHE_09001,Perambur,2024-04-30,19,0,0,0,0,0,0,0,0,0,0.0,0.323866,0,0.0,0,420,1,4,0.5098,0.0109,GREEN,42,Chennai
CLM0013720,CHE_05420,Sholinganallur,2025-03-07,13,0,0,0,0,0,0,0,0,0,0.0,0.168856,0,1.0,0,156,0,2,0.5922,0.0,GREEN,43,Chennai
CLM0013721,CHE_03161,Anna Nagar,2025-07-05,18,0,0,0,1,0,0,0,0,0,0.0,0.114132,0,0.0,0,420,1,4,0.5893,0.1919,GREEN,42,Chennai
CLM0013722,CHE_04973,Tambaram,2025-03-16,12,0,0,0,0,0,0,0,0,0,0.0,0.235652,0,0.0,1,320,0,0,0.1782,0.0948,GREEN,24,Chennai
CLM0013723,CHE_08572,Anna Nagar,2023-05-03,16,0,0,0,1,0,0,0,0,0,0.0,0.009784,0,0.0,0,160,4,2,0.4508,0.1516,GREEN,43,Chennai
CLM0013724,CHE_02940,Anna Nagar,2023-09-11,17,0,0,0,0,0,0,0,0,0,0.0,0.398554,0,0.0,0,10,4,0,0.559,0.0365,GREEN,45,Chennai
CLM0013725,CHE_01356,Perambur,2023-08-18,9,0,0,0,0,0,0,0,0,0,0.0,0.173425,0,0.0,0,420,0,5,0.8533,0.0,GREEN,27,Chennai
CLM0013726,CHE_09825,Adyar,2018-03-24,7,0,0,0,0,0,0,0,1,0,0.0,0.29785,0,0.0,0,238,3,4,0.372,0.1367,GREEN,40,Chennai
CLM0013727,CHE_07963,Porur,2016-07-12,20,0,0,0,0,0,0,0,0,0,0.0,0.965483,0,0.0,0,420,4,5,0.8784,0.0661,GREEN,52,Chennai
CLM0013728,CHE_02888,Adyar,2020-09-30,9,0,0,0,0,0,0,0,0,0,0.0,0.223925,0,0.0,0,420,1,4,0.8671,0.0377,GREEN,53,Chennai
CLM0013729,CHE_02087,T Nagar,2017-03-24,7,0,0,0,0,0,0,0,0,0,0.0,0.091456,0,0.0,0,420,3,0,0.8758,0.0,GREEN,28,Chennai
CLM0013730,CHE_09352,Anna Nagar,2021-08-28,21,0,0,0,0,0,0,0,0,0,0.0,0.047706,0,0.0,0,255,4,0,0.9312,0.0,GREEN,40,Chennai
CLM0013731,CHE_03027,Anna Nagar,2016-08-03,16,0,0,0,1,1,1,1,0,0,1.0,0.450681,0,1.0,1,16,2,18,0.1492,0.0531,GREEN,38,Chennai
CLM0013732,CHE_00367,Perambur,2023-02-17,20,0,0,0,0,0,0,0,0,1,0.0,0.297004,0,0.0,1,420,3,3,0.9155,0.1565,GREEN,48,Chennai
CLM0013733,CHE_00154,Chromepet,2025-10-25,12,0,0,0,0,0,0,0,0,0,0.0,0.432021,0,0.0,0,83,2,5,0.3095,0.1264,GREEN,25,Chennai
CLM0013734,CHE_05066,Sholinganallur,2024-11-25,11,0,0,0,0,0,0,0,0,0,1.0,1.0,0,0.0,0,416,3,4,0.4527,0.0812,GREEN,34,Chennai
CLM0013735,CHE_04103,Anna Nagar,2025-10-14,8,0,0,0,0,0,1,0,0,0,0.0,0.03501,0,0.0,0,278,4,2,0.7355,0.1142,GREEN,29,Chennai
CLM0013736,CHE_05172,Perambur,2025-04-16,14,0,0,0,0,0,0,0,0,0,0.0,0.229011,0,0.0,0,186,4,0,0.98,0.0,GREEN,46,Chennai
CLM0013737,CHE_02867,Guindy,2025-07-21,10,0,1,1,0,0,0,0,0,0,0.0,0.029958,0,0.0,0,353,1,0,0.7679,0.0,GREEN,50,Chennai
CLM0013738,CHE_08275,Adyar,2024-05-20,18,0,0,0,0,0,0,0,0,0,0.0,0.361321,0,0.0,0,62,2,4,0.9222,0.0884,GREEN,30,Chennai
CLM0013739,CHE_04743,Perambur,2024-11-02,19,0,0,0,0,0,0,0,0,0,0.0,0.340535,0,0.0,0,174,1,5,0.976,0.108,GREEN,29,Chennai
CLM0013740,CHE_04671,Adyar,2024-11-20,7,0,0,0,0,0,0,0,0,0,0.0,0.133879,0,1.0,0,231,2,1,0.3229,0.0,GREEN,37,Chennai
CLM0013741,CHE_02965,T Nagar,2025-12-29,11,0,0,0,1,0,0,0,0,0,0.0,0.202931,0,0.0,0,206,1,3,0.9194,0.1432,GREEN,26,Chennai
CLM0013742,CHE_07975,Anna Nagar,2024-03-11,18,0,0,0,0,0,0,1,0,1,0.0,0.106724,0,0.0,0,5,3,18,0.98,0.0743,GREEN,36,Chennai
CLM0013743,CHE_01887,Sholinganallur,2025-10-28,15,0,0,0,0,0,0,0,0,0,1.0,0.111917,0,0.0,1,208,0,7,0.7576,0.1114,GREEN,29,Chennai
CLM0013744,CHE_06870,Adyar,2024-10-13,19,0,0,0,0,0,0,0,1,0,0.0,0.344632,0,0.0,0,420,4,4,0.7149,0.1409,GREEN,48,Chennai
CLM0013745,CHE_08632,Sholinganallur,2024-11-22,21,0,0,0,0,1,1,0,0,0,0.0,0.16547,0,0.0,0,20,4,2,0.6206,0.1653,GREEN,24,Chennai
CLM0013746,CHE_06697,Tambaram,2024-04-15,10,0,0,0,0,0,0,0,0,0,0.0,0.18088,0,0.0,0,29,0,5,0.8676,0.0352,GREEN,38,Chennai
CLM0013747,CHE_00234,T Nagar,2019-05-03,14,0,0,0,0,0,0,0,0,1,0.0,0.320822,1,0.0,0,77,2,2,0.6347,0.0991,GREEN,38,Chennai
CLM0013748,CHE_08251,Sholinganallur,2023-08-04,9,0,0,0,0,0,0,0,0,1,1.0,0.212259,0,0.0,0,240,4,2,0.4854,0.1638,GREEN,47,Chennai
CLM0013749,CHE_05681,Anna Nagar,2025-09-30,10,0,0,0,1,0,0,0,0,0,0.0,0.247432,0,0.0,0,365,4,2,0.8559,0.1217,GREEN,27,Chennai
CLM0013750,CHE_06952,Perambur,2022-02-14,14,0,0,0,0,0,0,0,0,0,0.0,0.224915,1,1.0,0,363,1,2,0.7091,0.018,GREEN,30,Chennai
CLM0013751,CHE_08142,Guindy,2019-08-13,14,0,0,0,0,0,0,0,0,0,0.0,0.239414,0,0.0,0,271,2,4,0.7447,0.0208,GREEN,18,Chennai
CLM0013752,CHE_02526,Guindy,2024-04-18,18,0,0,0,1,0,0,0,0,0,0.0,0.183833,0,0.0,0,420,1,1,0.21,0.1051,GREEN,49,Chennai
CLM0013753,CHE_08650,Chromepet,2022-11-07,20,0,0,0,1,1,1,1,1,1,0.0,0.982523,0,0.0,1,29,3,18,0.208,0.1171,GREEN,25,Chennai
CLM0013754,CHE_00347,Velachery,2022-03-27,8,0,0,0,0,0,0,0,0,0,0.0,0.123504,0,0.0,0,18,2,4,0.4169,0.0,GREEN,51,Chennai
CLM0013755,CHE_03247,T Nagar,2024-05-02,11,0,0,0,0,0,0,0,0,0,0.0,0.167815,0,0.0,0,204,2,0,0.4595,0.0041,GREEN,40,Chennai
CLM0013756,CHE_03546,Sholinganallur,2024-08-26,13,0,0,0,0,1,0,0,0,0,0.0,0.10212,0,0.0,1,78,4,1,0.05,0.1365,GREEN,63,Chennai
CLM0013757,CHE_02621,Tambaram,2024-05-04,13,0,0,0,0,1,0,0,0,0,0.0,0.104846,0,0.0,0,243,4,2,0.2497,0.0611,GREEN,42,Chennai
CLM0013758,CHE_06700,Guindy,2024-11-18,8,0,0,0,0,0,0,0,0,0,0.0,0.029328,0,1.0,0,420,4,3,0.4987,0.0318,GREEN,67,Chennai
CLM0013759,CHE_03059,Guindy,2025-01-21,13,0,0,0,0,0,0,1,0,0,0.0,0.240873,0,0.0,1,147,0,2,0.659,0.2045,GREEN,34,Chennai
CLM0013760,CHE_07627,Chromepet,2025-11-16,13,0,1,1,0,0,0,0,0,0,0.0,0.044504,0,0.0,0,420,2,4,0.5543,0.0945,GREEN,50,Chennai
CLM0013761,CHE_02499,Adyar,2024-03-28,17,0,0,0,0,0,1,0,1,0,0.0,0.170817,0,0.0,0,371,1,4,0.9309,0.3084,GREEN,42,Chennai
CLM0013762,CHE_06712,Guindy,2025-07-01,12,0,0,0,0,0,0,0,0,0,0.0,0.099601,1,0.0,0,123,1,3,0.8284,0.0771,GREEN,40,Chennai
CLM0013763,CHE_06653,Velachery,2024-05-11,17,0,0,0,0,0,0,0,0,0,1.0,0.180208,0,0.0,0,75,3,0,0.7592,0.0237,GREEN,22,Chennai
CLM0013764,CHE_08064,Guindy,2025-01-04,15,0,0,0,0,0,0,0,0,0,0.0,0.484265,0,0.0,0,71,3,2,0.8143,0.0,GREEN,49,Chennai
CLM0013765,CHE_06197,Sholinganallur,2025-08-13,20,0,0,0,0,0,0,0,0,0,1.0,0.945348,0,0.0,0,420,1,0,0.633,0.1388,GREEN,38,Chennai
CLM0013766,CHE_00964,Chromepet,2025-09-07,20,0,0,0,0,0,0,0,0,0,0.0,0.482153,0,0.0,0,338,0,0,0.6043,0.0636,GREEN,41,Chennai
CLM0013767,CHE_06838,Adyar,2016-11-15,18,0,0,0,0,0,0,0,0,0,1.0,0.355119,0,0.0,0,387,3,4,0.7297,0.0863,GREEN,37,Chennai
CLM0013768,CHE_00855,Chromepet,2025-01-06,13,0,0,0,0,0,0,0,1,0,0.0,0.000384,0,0.0,0,112,1,4,0.98,0.1637,GREEN,59,Chennai
CLM0013769,CHE_03714,Chromepet,2025-10-12,13,0,1,1,0,0,0,0,0,0,0.0,0.007734,0,0.0,0,235,3,0,0.6562,0.0,GREEN,50,Chennai
CLM0013770,CHE_02743,Porur,2021-05-10,9,0,0,0,0,0,0,0,0,0,0.0,0.985144,0,0.0,0,241,3,0,0.3089,0.0,GREEN,18,Chennai
CLM0013771,CHE_08471,Porur,2025-08-24,19,0,0,0,0,0,0,0,0,0,0.0,0.104302,0,0.0,0,110,0,2,0.7353,0.0514,GREEN,35,Chennai
CLM0013772,CHE_08708,Adyar,2025-03-30,12,0,0,0,1,0,0,0,0,0,1.0,0.284265,0,0.0,0,420,0,5,0.7902,0.2414,GREEN,42,Chennai
CLM0013773,CHE_01642,Adyar,2023-07-22,11,0,0,0,1,0,0,0,0,0,0.0,0.468501,1,0.0,0,211,0,5,0.8282,0.2241,GREEN,45,Chennai
CLM0013774,CHE_06481,Sholinganallur,2018-06-28,8,0,0,0,0,0,0,0,0,0,0.0,0.25515,0,0.0,0,56,3,5,0.5542,0.1423,GREEN,52,Chennai
CLM0013775,CHE_09481,Porur,2025-07-27,18,0,0,0,0,0,0,0,0,0,0.0,0.309922,0,0.0,1,247,4,0,0.4864,0.05,GREEN,46,Chennai
CLM0013776,CHE_03445,Velachery,2020-01-03,16,0,0,0,0,0,0,0,0,0,0.0,0.183373,0,0.0,0,211,2,5,0.8332,0.0557,GREEN,45,Chennai
CLM0013777,CHE_01549,Perambur,2023-08-03,14,0,0,0,1,1,0,1,0,0,1.0,1.0,0,0.0,0,5,3,11,0.182,0.0,GREEN,18,Chennai
CLM0013778,CHE_01932,Perambur,2024-02-10,14,0,0,0,0,0,0,0,0,0,0.0,0.094029,0,0.0,0,264,3,1,0.9552,0.0057,GREEN,41,Chennai
CLM0013779,CHE_01640,Chromepet,2025-09-22,15,0,0,0,0,0,0,0,1,0,0.0,0.466889,0,0.0,0,142,3,6,0.05,0.0359,GREEN,34,Chennai
CLM0013780,CHE_02876,Porur,2024-07-04,19,0,0,0,0,0,0,0,1,0,0.0,0.344435,0,0.0,0,420,4,2,0.5478,0.1198,GREEN,37,Chennai
CLM0013781,CHE_07865,Chromepet,2025-07-31,15,0,0,0,1,1,0,0,0,0,0.0,0.178344,0,0.0,0,97,1,0,0.6852,0.1835,GREEN,34,Chennai
CLM0013782,CHE_08843,Sholinganallur,2024-12-28,7,0,0,0,0,0,0,0,0,0,0.0,0.006423,0,0.0,0,420,4,4,0.8144,0.0,GREEN,44,Chennai
CLM0013783,CHE_05601,Guindy,2023-01-25,19,0,0,0,0,0,0,0,0,0,0.0,0.308189,0,0.0,0,420,2,2,0.929,0.1227,GREEN,42,Chennai
CLM0013784,CHE_08250,Velachery,2022-05-10,14,0,0,0,0,0,0,0,0,0,0.0,0.350349,0,0.0,0,405,2,2,0.7842,0.0,GREEN,39,Chennai
CLM0013785,CHE_01152,Porur,2020-12-10,20,0,0,0,0,0,0,1,0,0,0.0,0.180416,0,0.0,0,60,0,3,0.6495,0.0896,GREEN,43,Chennai
CLM0013786,CHE_08071,Adyar,2021-05-18,13,0,0,0,0,0,0,0,0,0,0.0,0.486103,0,0.0,0,381,3,7,0.8918,0.0584,GREEN,44,Chennai
CLM0013787,CHE_09299,Tambaram,2023-01-08,12,0,0,0,1,0,0,0,0,0,1.0,0.080045,0,0.0,0,420,0,3,0.7709,0.2463,GREEN,26,Chennai
CLM0013788,CHE_05737,Chromepet,2021-04-20,11,0,0,0,0,0,0,0,0,0,0.0,0.383412,0,0.0,0,221,4,0,0.1756,0.0483,GREEN,44,Chennai
CLM0013789,CHE_04848,Adyar,2020-03-29,14,0,0,0,0,0,0,0,0,0,0.0,0.216552,0,0.0,0,354,4,2,0.792,0.0047,GREEN,51,Chennai
CLM0013790,CHE_03203,T Nagar,2022-04-18,12,0,0,0,0,0,0,0,0,0,0.0,0.428695,0,0.0,0,130,1,2,0.3067,0.0,GREEN,63,Chennai
CLM0013791,CHE_05108,Velachery,2023-10-15,9,0,0,0,0,0,0,0,0,0,0.0,0.28827,0,0.0,0,73,1,0,0.05,0.0,GREEN,50,Chennai
CLM0013792,CHE_00695,Adyar,2024-04-20,11,0,0,0,0,0,0,0,0,0,0.0,0.920975,0,0.0,0,185,3,2,0.8746,0.0,GREEN,48,Chennai
CLM0013793,CHE_00396,Tambaram,2024-03-09,12,0,0,0,0,0,0,0,0,0,0.0,1.0,0,0.0,0,22,0,8,0.2556,0.0,GREEN,38,Chennai
CLM0013794,CHE_07210,Velachery,2024-12-03,9,0,0,0,0,0,0,0,0,0,0.0,0.244597,0,0.0,0,311,0,2,0.7813,0.0401,GREEN,66,Chennai
CLM0013795,CHE_06220,Velachery,2024-01-04,19,0,0,0,0,0,0,0,0,0,0.0,0.953709,0,0.0,0,151,4,0,0.5565,0.0,GREEN,32,Chennai
CLM0013796,CHE_02549,Perambur,2023-12-10,18,0,0,0,0,0,0,0,0,0,0.0,0.009229,0,0.0,0,274,1,0,0.418,0.0,GREEN,44,Chennai
CLM0013797,CHE_07198,Velachery,2024-12-29,19,0,0,0,0,0,0,0,0,0,0.0,0.302178,0,0.0,0,218,3,0,0.6523,0.0,GREEN,52,Chennai
CLM0013798,CHE_01370,Sholinganallur,2024-09-20,7,0,0,0,0,0,0,0,0,0,0.0,0.212204,0,0.0,0,12,1,0,0.98,0.223,GREEN,37,Chennai
CLM0013799,CHE_08703,Velachery,2025-10-03,11,0,0,0,0,0,1,0,0,0,0.0,0.131144,0,0.0,0,420,2,3,0.8674,0.1751,GREEN,46,Chennai
CLM0013800,CHE_06507,Velachery,2024-11-21,15,0,0,0,0,0,0,0,0,0,0.0,1.0,0,0.0,0,395,0,3,0.7803,0.1946,GREEN,42,Chennai
CLM0013801,CHE_07001,Velachery,2025-09-12,9,0,0,0,0,0,0,0,0,0,0.0,0.039663,0,0.0,0,101,0,4,0.7377,0.0669,GREEN,24,Chennai
CLM0013802,CHE_00368,Guindy,2024-09-03,17,0,0,0,0,0,0,0,0,0,0.0,0.067975,0,0.0,0,46,3,3,0.05,0.0032,GREEN,33,Chennai
CLM0013803,CHE_00459,Tambaram,2019-07-08,12,0,0,0,0,0,0,0,0,0,0.0,0.424699,0,0.0,0,40,2,1,0.6881,0.0,GREEN,31,Chennai
CLM0013804,CHE_07064,Adyar,2021-09-29,11,0,0,0,0,0,0,0,0,0,0.0,0.168083,0,0.0,0,318,3,5,0.612,0.0,GREEN,53,Chennai
CLM0013805,CHE_03725,Adyar,2019-10-06,20,0,0,0,0,0,0,0,0,0,0.0,0.301478,0,0.0,0,407,0,4,0.05,0.0204,GREEN,40,Chennai
CLM0013806,CHE_03117,Sholinganallur,2021-06-10,21,0,0,0,0,0,0,0,1,0,0.0,0.251425,0,0.0,0,94,3,0,0.8237,0.1195,GREEN,28,Chennai
CLM0013807,CHE_03842,Perambur,2021-07-11,21,0,0,0,0,0,0,0,0,0,1.0,0.209422,0,0.0,0,420,4,2,0.7014,0.1321,GREEN,40,Chennai
CLM0013808,CHE_09495,Porur,2024-12-08,9,0,0,0,0,0,0,0,0,0,0.0,0.07631,0,0.0,0,141,4,0,0.5378,0.0,GREEN,39,Chennai
CLM0013809,CHE_07834,Porur,2015-12-03,7,0,0,0,0,0,1,0,0,0,0.0,0.173023,0,0.0,0,305,2,2,0.8142,0.1385,GREEN,49,Chennai
CLM0013810,CHE_04242,Chromepet,2015-07-05,19,0,0,0,0,1,0,0,0,0,0.0,0.41411,0,0.0,0,166,4,3,0.98,0.0502,GREEN,51,Chennai
CLM0013811,CHE_00425,Perambur,2020-08-31,9,0,0,0,0,0,0,0,0,0,0.0,0.293437,0,0.0,0,297,0,3,0.6685,0.1125,GREEN,32,Chennai
CLM0013812,CHE_01113,Anna Nagar,2018-05-20,18,0,0,0,0,1,0,0,0,0,0.0,0.089201,0,0.0,0,216,2,1,0.8407,0.1035,GREEN,45,Chennai
CLM0013813,CHE_00855,Chromepet,2018-03-01,16,0,0,0,0,0,0,0,0,0,0.0,0.0,0,0.0,0,202,0,0,0.8115,0.0384,GREEN,59,Chennai
CLM0013814,CHE_08207,Perambur,2018-07-04,18,0,0,0,0,0,0,0,1,0,0.0,0.153115,0,0.0,0,369,1,4,0.5304,0.015,GREEN,51,Chennai
CLM0013815,CHE_04724,Adyar,2020-03-31,16,0,0,0,0,0,0,0,0,0,0.0,0.960412,0,0.0,0,185,1,1,0.6475,0.1103,GREEN,35,Chennai
CLM0013816,CHE_07371,T Nagar,2023-10-06,10,0,1,1,1,1,1,1,1,0,0.0,0.14971,0,0.0,1,22,0,15,0.8305,0.6287,RED,34,Chennai
CLM0013817,CHE_01354,Velachery,2025-01-02,21,0,1,1,0,0,1,1,1,1,0.0,0.022267,0,0.0,1,5,0,15,0.8729,0.4432,YELLOW,40,Chennai
CLM0013818,CHE_04499,Chromepet,2018-09-27,15,0,1,1,1,0,0,1,1,1,1.0,0.327052,0,1.0,0,5,1,18,0.4403,0.414,YELLOW,48,Chennai
CLM0013819,CHE_06850,Anna Nagar,2016-06-24,11,0,1,1,0,1,0,0,0,1,0.0,0.305011,0,0.0,1,172,0,0,0.844,0.3358,YELLOW,46,Chennai
CLM0013820,CHE_01444,Perambur,2020-08-07,9,0,1,1,0,0,1,0,1,0,1.0,0.0,0,1.0,1,5,1,18,0.1189,0.5471,YELLOW,27,Chennai
CLM0013821,CHE_00279,Adyar,2021-01-04,14,0,1,1,0,0,1,0,0,0,0.0,0.362908,0,0.0,0,420,1,2,0.6997,0.3603,YELLOW,52,Chennai
CLM0013822,CHE_07821,Anna Nagar,2020-03-08,8,0,1,1,0,0,0,0,0,0,0.0,0.978015,0,0.0,0,150,0,4,0.904,0.7569,RED,27,Chennai
CLM0013823,CHE_06696,Porur,2024-12-11,12,0,1,1,0,1,1,0,1,1,0.0,0.178049,0,0.0,1,5,0,14,0.7948,0.661,RED,39,Chennai
CLM0013824,CHE_01578,T Nagar,2018-04-18,20,0,1,1,0,0,0,1,1,0,1.0,1.0,1,1.0,0,26,0,18,0.3223,0.2591,GREEN,45,Chennai
CLM0013825,CHE_02306,Adyar,2018-12-19,7,0,1,1,0,0,1,1,1,1,0.0,0.302494,0,1.0,0,17,1,18,0.2152,0.4242,YELLOW,54,Chennai
CLM0013826,CHE_03286,Perambur,2025-06-13,10,0,0,0,0,0,0,0,0,0,0.0,0.27284,0,0.0,0,236,4,3,0.719,0.0,GREEN,47,Chennai
CLM0013827,CHE_02330,Anna Nagar,2024-02-05,19,0,0,0,0,0,0,0,0,0,0.0,0.226334,0,0.0,0,92,2,0,0.7732,0.0,GREEN,48,Chennai
CLM0013828,CHE_00914,Velachery,2025-08-24,20,0,0,0,0,0,0,1,0,1,0.0,0.398851,0,0.0,0,41,1,0,0.9252,0.1488,GREEN,43,Chennai
CLM0013829,CHE_09657,Tambaram,2023-03-02,12,0,0,0,0,0,0,0,0,0,0.0,0.091002,0,0.0,0,85,2,5,0.7425,0.0,GREEN,42,Chennai
CLM0013830,CHE_06715,Velachery,2024-05-16,17,0,0,0,0,0,0,0,1,0,0.0,0.301271,0,0.0,0,321,2,0,0.6772,0.0622,GREEN,40,Chennai
CLM0013831,CHE_08150,Adyar,2024-03-22,12,0,0,0,0,0,0,0,0,0,0.0,0.160462,0,0.0,1,268,2,2,0.715,0.1119,GREEN,40,Chennai
CLM0013832,CHE_03274,Perambur,2023-06-15,17,0,0,0,0,0,0,0,0,0,0.0,0.213021,0,0.0,0,263,4,4,0.6451,0.0,GREEN,41,Chennai
CLM0013833,CHE_02652,Tambaram,2018-05-10,10,0,0,0,0,0,0,0,1,0,0.0,0.380125,0,0.0,0,310,3,3,0.6111,0.1375,GREEN,24,Chennai
CLM0013834,CHE_03285,Perambur,2025-02-19,10,0,0,0,0,0,0,0,0,0,0.0,0.164708,0,0.0,1,181,0,1,0.8835,0.0573,GREEN,28,Chennai
CLM0013835,CHE_06737,Guindy,2024-09-14,15,0,0,0,0,0,1,0,1,0,0.0,0.077221,0,0.0,0,80,0,1,0.9084,0.2343,GREEN,46,Chennai
CLM0013836,CHE_00554,Guindy,2018-04-18,17,0,0,0,0,1,0,0,0,0,0.0,0.139955,0,0.0,0,420,2,4,0.2065,0.0878,GREEN,57,Chennai
CLM0013837,CHE_07923,Porur,2024-11-28,14,0,0,0,0,0,0,0,0,0,0.0,0.306153,0,0.0,0,408,2,0,0.8612,0.0376,GREEN,43,Chennai
CLM0013838,CHE_06051,Perambur,2022-09-27,11,0,0,0,1,1,0,1,0,1,1.0,1.0,1,1.0,0,5,2,18,0.9357,0.1773,GREEN,49,Chennai
CLM0013839,CHE_01556,Anna Nagar,2021-05-13,21,0,0,0,1,1,1,1,0,0,0.0,0.007156,0,0.0,1,15,4,18,0.3742,0.0954,GREEN,44,Chennai
CLM0013840,CHE_08406,Anna Nagar,2021-12-18,13,0,0,0,0,0,0,0,0,0,0.0,0.0,0,0.0,0,189,1,0,0.9496,0.0,GREEN,29,Chennai
CLM0013841,CHE_02635,Adyar,2020-07-20,11,0,0,0,0,0,0,0,0,0,0.0,0.0,0,0.0,0,284,2,3,0.7982,0.0264,GREEN,52,Chennai
CLM0013842,CHE_05982,T Nagar,2020-09-20,12,0,0,0,0,0,0,0,1,0,0.0,0.212072,0,0.0,0,89,1,0,0.2235,0.0371,GREEN,46,Chennai
CLM0013843,CHE_02887,Velachery,2025-06-23,21,0,0,0,1,0,0,0,0,0,0.0,1.0,0,0.0,0,344,2,0,0.7075,0.2004,GREEN,39,Chennai
CLM0013844,CHE_01040,Tambaram,2021-04-16,18,0,0,0,1,0,0,0,0,0,0.0,0.259095,0,0.0,0,412,0,2,0.7774,0.2299,GREEN,39,Chennai
CLM0013845,CHE_08041,Tambaram,2024-04-07,11,0,0,0,0,0,0,0,0,0,0.0,0.216039,0,0.0,0,25,2,1,0.8196,0.0101,GREEN,41,Chennai
CLM0013846,CHE_06685,Guindy,2020-04-26,9,0,0,0,0,0,0,0,0,0,0.0,0.287844,0,0.0,0,17,2,3,0.518,0.027,GREEN,46,Chennai
CLM0013847,CHE_09554,Perambur,2018-11-26,8,0,0,0,1,0,1,0,1,0,0.0,0.334099,0,0.0,0,191,2,2,0.6577,0.4261,YELLOW,55,Chennai
CLM0013848,CHE_06266,Adyar,2020-08-24,18,0,0,0,0,1,0,1,1,1,0.0,1.0,1,1.0,1,5,1,18,0.05,0.0169,GREEN,39,Chennai
CLM0013849,CHE_04089,Velachery,2018-07-11,18,0,0,0,0,1,0,0,0,0,0.0,0.199181,0,0.0,0,191,2,2,0.5936,0.0911,GREEN,29,Chennai
CLM0013850,CHE_00742,T Nagar,2022-11-08,12,0,0,0,0,0,0,0,0,0,0.0,0.090309,0,0.0,0,24,2,2,0.8783,0.0,GREEN,18,Chennai
CLM0013851,CHE_07758,Adyar,2024-08-28,9,0,0,0,0,0,0,0,0,0,0.0,0.252766,0,0.0,0,128,1,3,0.5898,0.0309,GREEN,40,Chennai
CLM0013852,CHE_09123,Velachery,2020-02-01,7,0,0,0,0,0,1,0,0,0,0.0,0.093205,0,0.0,0,397,1,3,0.98,0.0813,GREEN,44,Chennai
CLM0013853,CHE_06291,Perambur,2024-04-06,21,0,0,0,0,0,0,0,0,0,0.0,0.304489,0,0.0,0,291,0,0,0.6345,0.02,GREEN,42,Chennai
CLM0013854,CHE_07222,Sholinganallur,2021-09-23,12,0,0,0,0,0,0,0,0,0,0.0,0.197569,0,0.0,0,420,1,6,0.98,0.0141,GREEN,27,Chennai
CLM0013855,CHE_04730,Sholinganallur,2024-04-26,19,0,0,0,0,0,0,0,0,0,0.0,0.219575,0,0.0,0,336,2,4,0.4546,0.0621,GREEN,31,Chennai
CLM0013856,CHE_07262,Anna Nagar,2025-02-26,15,0,0,0,0,0,0,0,0,0,0.0,0.299186,0,0.0,0,420,2,0,0.6369,0.0576,GREEN,53,Chennai
CLM0013857,CHE_03685,Velachery,2017-12-31,20,0,0,0,0,0,0,1,1,0,0.0,0.168695,0,0.0,0,300,1,2,0.5286,0.1616,GREEN,29,Chennai
CLM0013858,CHE_08134,Chromepet,2018-03-18,8,0,0,0,0,0,0,0,0,0,0.0,0.01159,0,0.0,0,132,2,0,0.8077,0.0099,GREEN,51,Chennai
CLM0013859,CHE_05524,Velachery,2022-03-23,17,0,0,0,0,0,0,0,0,0,0.0,0.262523,0,0.0,0,262,1,1,0.6451,0.0,GREEN,32,Chennai
CLM0013860,CHE_09720,Chromepet,2021-03-16,21,0,0,0,0,0,0,0,1,0,0.0,0.163743,0,0.0,0,380,4,0,0.6726,0.0449,GREEN,53,Chennai
CLM0013861,CHE_06588,Perambur,2025-04-06,12,0,0,0,0,0,0,0,0,0,0.0,0.166298,0,0.0,0,50,1,3,0.9488,0.1005,GREEN,30,Chennai
CLM0013862,CHE_03760,Porur,2021-12-27,8,0,0,0,0,0,0,1,0,0,0.0,1.0,0,0.0,0,420,4,3,0.4406,0.0,GREEN,38,Chennai
CLM0013863,CHE_00140,Perambur,2024-05-03,16,0,0,0,0,0,0,0,0,0,0.0,0.280122,0,0.0,0,420,4,4,0.6225,0.038,GREEN,45,Chennai
CLM0013864,CHE_01755,Sholinganallur,2019-10-10,19,0,0,0,0,0,0,1,0,0,0.0,0.847585,0,0.0,0,348,3,1,0.8256,0.0662,GREEN,48,Chennai
CLM0013865,CHE_04488,Chromepet,2025-11-04,14,0,0,0,0,0,0,1,0,0,0.0,0.304751,0,0.0,0,407,1,1,0.3151,0.0224,GREEN,36,Chennai
CLM0013866,CHE_00175,Sholinganallur,2017-07-24,13,0,0,0,0,1,0,1,1,1,1.0,0.966718,0,1.0,1,7,2,18,0.05,0.056,GREEN,44,Chennai
CLM0013867,CHE_04716,Porur,2018-01-09,8,0,0,0,0,0,0,0,0,0,0.0,0.169264,0,0.0,0,116,3,2,0.7066,0.1213,GREEN,18,Chennai
CLM0013868,CHE_04395,Porur,2024-05-06,7,0,0,0,0,0,0,0,0,0,0.0,0.277281,1,0.0,0,402,3,3,0.05,0.1539,GREEN,23,Chennai
CLM0013869,CHE_08900,Adyar,2023-03-18,18,0,0,0,0,0,0,0,0,0,0.0,0.958049,0,0.0,0,91,2,1,0.594,0.0403,GREEN,32,Chennai
CLM0013870,CHE_05522,Sholinganallur,2018-10-23,10,0,0,0,0,0,0,1,0,0,0.0,0.023812,0,0.0,0,275,4,5,0.7893,0.0646,GREEN,39,Chennai
CLM0013871,CHE_01946,Anna Nagar,2019-06-02,18,0,0,0,0,0,0,0,0,1,0.0,0.194325,0,0.0,0,179,1,0,0.98,0.1687,GREEN,46,Chennai
CLM0013872,CHE_05254,Porur,2022-05-24,12,0,1,1,0,0,1,1,0,0,0.0,0.069201,0,1.0,0,155,1,3,0.8543,0.1783,GREEN,36,Chennai
CLM0013873,CHE_06392,Guindy,2025-03-29,14,0,0,0,0,0,0,0,0,0,0.0,0.131538,0,0.0,0,387,1,3,0.6275,0.0102,GREEN,37,Chennai
CLM0013874,CHE_02639,Anna Nagar,2025-06-28,11,0,0,0,0,0,1,0,1,0,1.0,0.913594,0,1.0,0,330,1,4,0.5401,0.1306,GREEN,32,Chennai
CLM0013875,CHE_07915,Anna Nagar,2021-01-13,21,0,0,0,0,0,0,0,0,0,0.0,0.335097,0,1.0,0,187,1,0,0.6918,0.0543,GREEN,35,Chennai
CLM0013876,CHE_02332,Tambaram,2021-11-08,11,0,0,0,0,0,0,0,0,0,0.0,0.331171,0,0.0,0,193,3,4,0.8028,0.0255,GREEN,26,Chennai
CLM0013877,CHE_01367,Guindy,2025-04-25,21,0,0,0,0,0,0,0,0,0,0.0,0.221744,0,0.0,0,96,2,0,0.1984,0.0,GREEN,44,Chennai
CLM0013878,CHE_09251,Sholinganallur,2023-04-27,9,0,0,0,0,0,1,1,0,0,0.0,0.11593,0,0.0,0,420,0,2,0.8194,0.1868,GREEN,33,Chennai
CLM0013879,CHE_01708,Velachery,2024-02-12,8,0,0,0,0,0,0,0,0,0,0.0,0.0,1,0.0,0,103,0,3,0.7298,0.0,GREEN,36,Chennai
CLM0013880,CHE_04198,Anna Nagar,2021-10-31,16,0,0,0,0,0,0,0,0,0,0.0,0.976972,0,0.0,0,146,1,5,0.9791,0.025,GREEN,28,Chennai
CLM0013881,CHE_06723,Anna Nagar,2024-05-28,19,0,0,0,0,0,0,0,0,0,0.0,0.094698,0,1.0,0,367,0,0,0.7725,0.0389,GREEN,55,Chennai
CLM0013882,CHE_01934,Velachery,2024-07-30,8,0,0,0,0,0,0,0,0,0,0.0,0.150063,0,0.0,0,420,3,3,0.8707,0.0,GREEN,46,Chennai
CLM0013883,CHE_08741,Adyar,2025-03-25,14,0,0,0,0,0,0,0,0,0,0.0,0.165614,0,0.0,0,19,1,0,0.8419,0.0908,GREEN,54,Chennai
CLM0013884,CHE_00487,Guindy,2025-04-11,18,0,0,0,0,0,0,0,0,0,0.0,0.066836,0,0.0,0,323,1,2,0.6372,0.052,GREEN,27,Chennai
CLM0013885,CHE_08794,Anna Nagar,2021-08-16,7,0,0,0,0,0,0,0,0,1,0.0,0.0,0,0.0,0,117,1,2,0.5775,0.0969,GREEN,37,Chennai
CLM0013886,CHE_04696,Tambaram,2021-04-01,20,0,0,0,0,0,0,0,0,0,0.0,0.136833,0,0.0,0,180,2,5,0.9239,0.065,GREEN,44,Chennai
CLM0013887,CHE_07004,Porur,2020-11-13,12,0,0,0,1,1,0,1,1,0,1.0,0.453601,1,1.0,1,25,4,18,0.05,0.0012,GREEN,21,Chennai
CLM0013888,CHE_04352,Porur,2023-03-04,17,0,0,0,0,0,0,0,0,0,1.0,0.059873,0,0.0,0,384,0,1,0.6834,0.082,GREEN,45,Chennai
CLM0013889,CHE_02557,T Nagar,2021-05-30,19,0,0,0,0,0,0,0,0,0,0.0,0.001711,0,0.0,0,420,2,2,0.9103,0.0,GREEN,46,Chennai
CLM0013890,CHE_09434,Guindy,2021-08-29,15,0,0,0,0,0,0,0,0,0,0.0,0.20472,0,0.0,0,336,1,2,0.6885,0.0,GREEN,40,Chennai
CLM0013891,CHE_07389,Chromepet,2021-09-10,20,0,0,0,1,1,0,1,1,1,0.0,0.170353,1,0.0,1,5,0,18,0.1719,0.1003,GREEN,33,Chennai
CLM0013892,CHE_05713,Perambur,2021-03-07,19,0,0,0,0,0,0,0,0,0,0.0,0.170799,0,0.0,0,91,1,0,0.98,0.0,GREEN,41,Chennai
CLM0013893,CHE_06176,Perambur,2021-01-18,14,0,0,0,1,1,0,1,0,1,0.0,0.90473,0,0.0,1,27,2,18,0.2695,0.0335,GREEN,45,Chennai
CLM0013894,CHE_08108,Perambur,2019-11-19,15,0,0,0,0,0,0,0,0,0,0.0,0.223549,0,0.0,1,24,3,0,0.584,0.0,GREEN,37,Chennai
CLM0013895,CHE_04614,Porur,2018-09-27,12,0,0,0,1,1,0,0,0,0,0.0,0.028912,0,0.0,0,275,1,4,0.5924,0.2583,GREEN,49,Chennai
CLM0013896,CHE_02241,Chromepet,2020-07-07,13,0,0,0,0,0,0,0,0,0,0.0,0.0,0,0.0,0,178,4,1,0.7376,0.0,GREEN,38,Chennai
CLM0013897,CHE_06328,T Nagar,2018-06-09,21,0,0,0,0,0,0,0,0,0,0.0,0.021999,0,0.0,0,286,4,4,0.1051,0.0,GREEN,55,Chennai
CLM0013898,CHE_09832,Tambaram,2016-07-23,7,0,0,0,0,0,0,0,0,1,0.0,0.94238,0,0.0,0,91,3,0,0.9147,0.1244,GREEN,27,Chennai
CLM0013899,CHE_01939,Velachery,2025-06-17,10,0,0,0,0,1,1,0,0,0,0.0,0.266478,0,0.0,0,236,4,4,0.98,0.2515,GREEN,33,Chennai
CLM0013900,CHE_00657,T Nagar,2023-11-28,9,0,0,0,0,0,0,0,0,1,0.0,0.102142,0,0.0,0,207,0,2,0.2009,0.0975,GREEN,31,Chennai
CLM0013901,CHE_05003,Sholinganallur,2016-10-14,17,0,0,0,0,1,0,0,1,0,0.0,0.228373,0,0.0,0,136,4,3,0.9659,0.2077,GREEN,29,Chennai
CLM0013902,CHE_03218,Perambur,2023-01-29,13,0,0,0,0,0,0,0,0,0,0.0,0.004909,0,0.0,0,104,4,2,0.6642,0.0,GREEN,28,Chennai
CLM0013903,CHE_06926,Adyar,2024-02-23,10,0,0,0,0,0,0,0,0,0,0.0,0.178395,0,0.0,0,215,2,3,0.98,0.0,GREEN,30,Chennai
CLM0013904,CHE_09689,Chromepet,2016-08-06,10,0,0,0,0,0,0,0,0,0,0.0,0.201677,1,0.0,0,71,4,0,0.863,0.0528,GREEN,35,Chennai
CLM0013905,CHE_05695,Porur,2020-07-29,15,0,0,0,0,0,0,0,0,0,0.0,0.305044,0,0.0,0,95,4,3,0.9096,0.0,GREEN,31,Chennai
CLM0013906,CHE_06731,Sholinganallur,2025-04-28,17,0,0,0,0,0,0,0,0,0,0.0,0.295951,0,0.0,0,167,4,3,0.9091,0.0532,GREEN,47,Chennai
CLM0013907,CHE_00496,Perambur,2022-11-01,11,0,0,0,0,0,0,0,1,0,0.0,0.056605,0,0.0,0,218,3,1,0.5153,0.0,GREEN,31,Chennai
CLM0013908,CHE_01457,Velachery,2025-02-11,15,0,0,0,0,0,0,0,0,0,0.0,0.974088,0,0.0,0,132,2,3,0.1128,0.0,GREEN,29,Chennai
CLM0013909,CHE_09911,Velachery,2025-05-16,7,0,0,0,0,0,0,0,0,0,0.0,0.968341,0,0.0,0,197,0,1,0.2796,0.0,GREEN,18,Chennai
CLM0013910,CHE_00440,Guindy,2025-12-09,21,0,0,0,0,0,0,0,0,0,1.0,0.015525,0,0.0,0,420,3,4,0.05,0.0592,GREEN,49,Chennai
CLM0013911,CHE_07716,Perambur,2024-07-23,13,0,0,0,0,0,0,0,0,0,0.0,0.0,0,0.0,0,420,4,0,0.8243,0.0112,GREEN,41,Chennai
CLM0013912,CHE_07491,Anna Nagar,2019-08-27,8,0,0,0,0,0,0,0,0,0,0.0,0.155759,0,0.0,0,107,0,2,0.98,0.0,GREEN,45,Chennai
CLM0013913,CHE_06012,T Nagar,2021-12-10,7,0,0,0,0,0,0,0,0,0,0.0,0.212945,0,0.0,0,380,0,0,0.3586,0.0,GREEN,41,Chennai
CLM0013914,CHE_00759,Anna Nagar,2021-06-06,11,0,0,0,0,0,0,0,0,0,0.0,0.30831,0,0.0,0,420,0,4,0.711,0.0,GREEN,27,Chennai
CLM0013915,CHE_01040,Tambaram,2025-10-06,15,0,0,0,0,0,0,0,0,0,0.0,0.171091,0,0.0,0,319,1,5,0.5609,0.022,GREEN,39,Chennai
CLM0013916,CHE_03277,Adyar,2021-10-17,7,0,1,1,0,0,0,0,0,0,0.0,0.128593,0,0.0,0,420,0,5,0.05,0.0076,GREEN,42,Chennai
CLM0013917,CHE_04345,Guindy,2025-03-02,21,0,0,0,0,0,0,0,0,0,0.0,0.0,0,0.0,0,63,2,0,0.98,0.042,GREEN,52,Chennai
CLM0013918,CHE_06217,Perambur,2022-06-30,17,0,0,0,0,0,0,0,0,0,0.0,0.092087,0,0.0,0,150,3,0,0.9251,0.0771,GREEN,22,Chennai
CLM0013919,CHE_06616,Adyar,2019-05-07,11,0,0,0,1,0,0,0,0,0,0.0,0.099351,0,0.0,0,382,4,2,0.716,0.1662,GREEN,45,Chennai
CLM0013920,CHE_06550,T Nagar,2024-11-24,21,0,0,0,1,0,0,0,0,0,0.0,0.029868,0,0.0,0,262,4,7,0.5755,0.1544,GREEN,36,Chennai
CLM0013921,CHE_05085,Porur,2022-11-27,18,0,0,0,1,0,0,1,0,0,0.0,0.148893,0,0.0,0,286,1,2,0.9356,0.1829,GREEN,35,Chennai
CLM0013922,CHE_03886,Perambur,2024-12-14,13,0,0,0,0,0,0,0,0,0,0.0,1.0,0,0.0,0,356,0,1,0.5543,0.0064,GREEN,47,Chennai
CLM0013923,CHE_01603,Tambaram,2025-09-21,14,0,0,0,0,0,0,0,0,0,0.0,0.002271,0,0.0,0,238,3,4,0.8688,0.0,GREEN,30,Chennai
CLM0013924,CHE_00866,Sholinganallur,2024-12-18,10,0,0,0,0,1,1,0,0,0,0.0,0.216326,0,0.0,0,304,4,8,0.6931,0.1988,GREEN,49,Chennai
CLM0013925,CHE_08950,Perambur,2023-12-18,13,0,0,0,0,0,0,0,0,0,0.0,0.395685,0,0.0,0,161,3,4,0.8789,0.0,GREEN,48,Chennai
CLM0013926,CHE_01049,Sholinganallur,2022-10-16,20,0,0,0,1,0,0,1,1,1,0.0,0.013218,0,0.0,1,5,1,18,0.8688,0.0852,GREEN,39,Chennai
CLM0013927,CHE_03542,Porur,2024-10-06,12,0,0,0,1,0,0,0,0,0,0.0,0.295907,0,0.0,0,135,1,0,0.0796,0.0496,GREEN,50,Chennai
CLM0013928,CHE_04718,Velachery,2022-10-03,17,0,0,0,0,0,0,0,0,0,0.0,0.324834,0,0.0,0,240,4,2,0.5903,0.0486,GREEN,42,Chennai
CLM0013929,CHE_09143,Adyar,2023-09-17,11,0,0,0,0,0,0,0,0,0,0.0,0.287941,0,0.0,0,39,1,0,0.7196,0.0,GREEN,51,Chennai
CLM0013930,CHE_03676,Perambur,2023-09-29,9,0,0,0,0,0,0,1,0,0,0.0,0.335627,0,0.0,0,96,4,2,0.79,0.1319,GREEN,44,Chennai
CLM0013931,CHE_03375,Sholinganallur,2025-07-10,18,0,0,0,0,0,0,0,0,0,0.0,0.110968,0,1.0,0,129,1,4,0.8012,0.0622,GREEN,35,Chennai
CLM0013932,CHE_07644,Sholinganallur,2024-12-05,9,0,0,0,0,0,0,0,0,0,0.0,0.354808,0,0.0,0,258,2,1,0.8458,0.0,GREEN,51,Chennai
CLM0013933,CHE_07631,Guindy,2024-11-24,16,0,0,0,0,0,0,0,0,0,0.0,0.040049,0,0.0,0,69,4,0,0.4801,0.0,GREEN,41,Chennai
CLM0013934,CHE_05767,Guindy,2025-05-22,7,0,1,1,0,0,0,0,0,0,0.0,0.248838,1,0.0,1,122,0,1,0.9409,0.0881,GREEN,36,Chennai
CLM0013935,CHE_03532,Adyar,2025-05-03,17,0,0,0,0,0,1,0,0,0,0.0,0.950127,0,0.0,0,360,0,2,0.8316,0.0686,GREEN,49,Chennai
CLM0013936,CHE_04722,Tambaram,2025-02-23,13,0,0,0,0,0,0,0,1,0,0.0,0.31388,0,0.0,0,183,3,2,0.6211,0.1159,GREEN,33,Chennai
CLM0013937,CHE_07716,Perambur,2025-02-08,12,0,0,0,0,0,1,1,0,0,0.0,0.24203,0,0.0,0,318,3,0,0.7522,0.1434,GREEN,41,Chennai
CLM0013938,CHE_06999,Perambur,2025-12-14,15,0,0,0,0,0,0,0,0,1,1.0,0.96651,0,0.0,0,85,0,2,0.707,0.1476,GREEN,62,Chennai
CLM0013939,CHE_02764,Adyar,2024-10-26,8,0,0,0,0,0,0,0,1,0,0.0,0.932767,0,0.0,0,400,1,5,0.98,0.0094,GREEN,45,Chennai
CLM0013940,CHE_03718,Chromepet,2024-05-22,7,0,0,0,0,0,0,0,0,0,0.0,1.0,0,0.0,0,101,4,3,0.6834,0.0,GREEN,58,Chennai
CLM0013941,CHE_04962,Porur,2022-08-02,21,0,0,0,0,0,0,0,0,0,0.0,0.391848,0,0.0,0,420,3,3,0.7726,0.0,GREEN,18,Chennai
CLM0013942,CHE_08347,Chromepet,2024-04-30,8,0,0,0,0,0,0,0,0,1,0.0,1.0,0,0.0,0,247,4,4,0.9437,0.1732,GREEN,56,Chennai
CLM0013943,CHE_00291,Tambaram,2025-11-17,11,0,0,0,0,0,1,1,0,0,0.0,0.140606,0,0.0,0,420,3,0,0.9125,0.1192,GREEN,44,Chennai
CLM0013944,CHE_08227,Sholinganallur,2023-09-03,20,0,0,0,0,0,0,0,0,0,0.0,0.299135,1,0.0,0,292,2,0,0.4509,0.1352,GREEN,48,Chennai
CLM0013945,CHE_09926,Perambur,2021-06-13,8,0,0,0,0,0,0,0,0,0,0.0,0.0,0,0.0,0,93,2,0,0.8444,0.038,GREEN,40,Chennai
CLM0013946,CHE_04558,Tambaram,2022-06-12,17,0,0,0,0,0,0,0,0,0,0.0,0.457784,0,0.0,0,420,4,0,0.3406,0.0168,GREEN,18,Chennai
CLM0013947,CHE_07530,Adyar,2021-10-28,14,0,0,0,0,0,0,0,0,0,0.0,1.0,0,0.0,0,282,3,0,0.6264,0.0,GREEN,41,Chennai
CLM0013948,CHE_03608,Sholinganallur,2021-08-20,10,0,0,0,0,0,0,0,0,0,0.0,0.279098,0,0.0,0,143,2,2,0.8036,0.0059,GREEN,30,Chennai
CLM0013949,CHE_09350,Sholinganallur,2024-12-14,10,0,0,0,0,0,0,0,0,0,0.0,0.010855,0,1.0,0,210,2,2,0.6859,0.0,GREEN,33,Chennai
CLM0013950,CHE_05316,Porur,2021-09-23,10,0,0,0,0,0,0,1,0,0,1.0,0.167124,0,0.0,0,394,2,2,0.7698,0.1296,GREEN,36,Chennai
CLM0013951,CHE_07541,Sholinganallur,2024-03-03,8,0,0,0,0,0,0,0,0,0,0.0,0.173788,0,0.0,0,55,3,4,0.6891,0.0,GREEN,23,Chennai
CLM0013952,CHE_07006,Adyar,2022-02-03,18,0,0,0,0,1,0,0,0,0,0.0,0.052503,0,0.0,0,397,4,2,0.98,0.135,GREEN,43,Chennai
CLM0013953,CHE_02803,Velachery,2024-08-22,19,0,0,0,0,0,0,0,0,0,0.0,0.196038,0,0.0,1,145,1,2,0.7409,0.0623,GREEN,28,Chennai
CLM0013954,CHE_01759,Porur,2024-01-06,14,0,0,0,0,0,0,0,0,0,0.0,0.254556,0,0.0,0,369,3,2,0.7754,0.2014,GREEN,31,Chennai
CLM0013955,CHE_05167,T Nagar,2025-12-23,13,0,0,0,1,1,1,0,1,1,0.0,1.0,0,0.0,1,5,3,18,0.05,0.0,GREEN,20,Chennai
CLM0013956,CHE_09385,Perambur,2025-02-04,16,0,0,0,0,0,0,0,0,0,1.0,0.139865,0,0.0,0,318,1,0,0.6883,0.1071,GREEN,50,Chennai
CLM0013957,CHE_09174,Porur,2019-07-04,19,0,0,0,1,0,0,0,0,0,0.0,0.352547,0,0.0,0,367,2,0,0.8576,0.1831,GREEN,41,Chennai
CLM0013958,CHE_02558,Tambaram,2023-03-05,11,0,0,0,0,0,0,0,0,0,0.0,0.353886,0,0.0,0,420,4,3,0.8976,0.021,GREEN,33,Chennai
CLM0013959,CHE_05057,Velachery,2023-06-02,20,0,0,0,0,0,0,0,0,0,0.0,0.319271,0,0.0,0,278,0,2,0.6274,0.0429,GREEN,44,Chennai
CLM0013960,CHE_04152,Porur,2024-02-29,21,0,0,0,0,0,0,0,0,0,0.0,0.107747,0,0.0,0,217,1,6,0.7743,0.0,GREEN,48,Chennai
CLM0013961,CHE_02026,Perambur,2025-09-06,8,0,0,0,0,0,0,1,0,0,0.0,0.340156,0,0.0,0,420,1,5,0.198,0.0,GREEN,49,Chennai
CLM0013962,CHE_04546,T Nagar,2025-12-07,19,0,0,0,0,0,0,0,0,0,0.0,0.211501,0,0.0,0,46,1,3,0.523,0.0095,GREEN,18,Chennai
CLM0013963,CHE_06854,Adyar,2024-04-17,7,0,0,0,0,0,0,0,0,0,1.0,0.11571,0,0.0,0,30,0,6,0.5569,0.1748,GREEN,48,Chennai
CLM0013964,CHE_06285,Perambur,2025-10-17,19,0,1,1,0,0,0,0,0,0,0.0,0.378383,0,0.0,0,420,1,2,0.942,0.0411,GREEN,52,Chennai
CLM0013965,CHE_03021,Guindy,2025-08-29,16,0,0,0,0,0,0,0,0,0,0.0,0.234777,0,0.0,0,420,3,1,0.05,0.0234,GREEN,27,Chennai
CLM0013966,CHE_06219,Adyar,2025-03-31,12,0,0,0,0,1,0,1,0,0,1.0,0.063732,0,0.0,0,211,2,1,0.5608,0.2851,GREEN,51,Chennai
CLM0013967,CHE_08895,Perambur,2023-06-12,11,0,0,0,0,0,0,0,1,0,0.0,0.19975,0,0.0,0,420,4,5,0.4459,0.1077,GREEN,29,Chennai
CLM0013968,CHE_08541,Porur,2018-05-10,8,0,0,0,0,0,0,1,0,0,1.0,1.0,0,1.0,0,420,2,2,0.6869,0.1533,GREEN,31,Chennai
CLM0013969,CHE_08587,T Nagar,2024-03-11,9,0,0,0,0,0,1,0,0,0,0.0,0.273707,0,0.0,0,374,0,5,0.7031,0.1433,GREEN,32,Chennai
CLM0013970,CHE_08843,Sholinganallur,2018-02-25,20,0,0,0,0,1,0,0,0,0,0.0,0.001371,0,0.0,0,353,1,0,0.6215,0.1034,GREEN,44,Chennai
CLM0013971,CHE_09523,Tambaram,2024-10-16,14,0,0,0,0,0,0,0,0,0,0.0,0.066374,0,0.0,0,10,1,0,0.98,0.0218,GREEN,32,Chennai
CLM0013972,CHE_09461,Anna Nagar,2022-08-29,12,0,0,0,0,0,0,0,0,0,0.0,0.220064,0,0.0,0,307,3,5,0.9088,0.0617,GREEN,22,Chennai
CLM0013973,CHE_02337,Perambur,2025-07-02,21,0,0,0,0,0,1,0,0,0,0.0,0.223069,0,0.0,0,333,3,0,0.1752,0.1185,GREEN,41,Chennai
CLM0013974,CHE_07587,Tambaram,2025-04-22,18,0,0,0,0,0,0,1,0,0,0.0,0.220306,0,0.0,0,182,4,4,0.6672,0.0131,GREEN,65,Chennai
CLM0013975,CHE_05134,Adyar,2021-10-27,19,0,0,0,0,0,0,0,0,0,1.0,0.105024,0,0.0,0,33,4,2,0.8024,0.1259,GREEN,54,Chennai
CLM0013976,CHE_02012,Guindy,2020-10-03,8,0,0,0,0,0,0,1,0,0,0.0,0.068824,0,0.0,0,333,0,4,0.6712,0.019,GREEN,69,Chennai
CLM0013977,CHE_02514,T Nagar,2019-10-17,11,0,1,1,1,0,0,0,0,0,0.0,0.131013,0,0.0,0,221,1,0,0.6752,0.1365,GREEN,22,Chennai
CLM0013978,CHE_05585,Perambur,2022-08-14,10,0,0,0,1,0,1,1,1,0,0.0,0.083124,0,0.0,1,5,3,18,0.8904,0.0854,GREEN,25,Chennai
CLM0013979,CHE_00259,Anna Nagar,2023-02-25,8,0,0,0,0,0,1,0,0,0,1.0,0.141773,0,0.0,0,358,3,5,0.6044,0.2769,GREEN,52,Chennai
CLM0013980,CHE_00572,Perambur,2018-05-11,10,0,0,0,0,0,0,0,0,0,0.0,0.0,0,0.0,0,381,4,6,0.5203,0.0314,GREEN,18,Chennai
CLM0013981,CHE_03895,Sholinganallur,2017-05-13,13,0,0,0,1,0,0,1,0,0,0.0,0.250847,0,0.0,0,113,0,3,0.8016,0.2042,GREEN,52,Chennai
CLM0013982,CHE_03526,Chromepet,2022-07-20,8,0,0,0,0,0,0,0,0,0,0.0,0.325972,0,0.0,0,48,4,2,0.8119,0.0,GREEN,50,Chennai
CLM0013983,CHE_08770,Tambaram,2024-09-18,10,0,0,0,0,1,0,1,0,0,0.0,0.166038,0,0.0,0,395,0,3,0.9091,0.175,GREEN,42,Chennai
CLM0013984,CHE_00213,T Nagar,2017-04-22,21,0,1,1,0,0,0,0,0,0,0.0,0.020569,0,0.0,0,193,1,5,0.7983,0.1332,GREEN,41,Chennai
CLM0013985,CHE_08232,Chromepet,2023-04-25,20,0,0,0,0,0,0,0,0,0,0.0,0.254475,0,0.0,0,204,3,0,0.98,0.0438,GREEN,69,Chennai
CLM0013986,CHE_07821,Anna Nagar,2022-01-11,17,0,0,0,0,0,0,0,0,0,0.0,0.275227,0,0.0,0,420,4,0,0.8056,0.0134,GREEN,27,Chennai
CLM0013987,CHE_01364,Chromepet,2021-06-26,12,0,0,0,0,1,0,0,0,0,0.0,0.152221,0,0.0,0,364,4,0,0.05,0.1477,GREEN,53,Chennai
CLM0013988,CHE_01281,T Nagar,2024-01-09,12,0,0,0,0,0,0,1,0,0,0.0,0.155291,0,0.0,1,42,0,1,0.693,0.1394,GREEN,47,Chennai
CLM0013989,CHE_08321,Sholinganallur,2021-04-26,19,0,0,0,0,0,1,0,0,0,0.0,0.237249,0,0.0,0,371,4,3,0.7428,0.2506,GREEN,34,Chennai
CLM0013990,CHE_08182,Anna Nagar,2025-07-29,18,0,0,0,0,0,0,0,0,0,0.0,0.117685,0,0.0,0,420,0,6,0.1534,0.0014,GREEN,40,Chennai
CLM0013991,CHE_06834,Sholinganallur,2019-06-17,17,0,0,0,0,0,0,0,0,0,0.0,0.407831,0,0.0,0,392,2,5,0.08,0.0328,GREEN,35,Chennai
CLM0013992,CHE_06082,Guindy,2023-01-18,21,0,0,0,0,0,0,0,0,0,0.0,0.215311,0,0.0,0,277,4,2,0.6974,0.0,GREEN,37,Chennai
CLM0013993,CHE_07061,Perambur,2021-03-15,12,0,0,0,0,0,0,1,0,0,0.0,0.0,0,0.0,0,288,2,1,0.8743,0.0373,GREEN,18,Chennai
CLM0013994,CHE_07974,Chromepet,2025-06-07,20,0,0,0,0,0,0,1,0,0,0.0,0.339191,0,0.0,0,85,3,0,0.626,0.0574,GREEN,18,Chennai
CLM0013995,CHE_09054,T Nagar,2020-02-22,16,0,0,0,0,0,0,0,1,0,0.0,0.236526,0,0.0,0,377,2,6,0.9093,0.1629,GREEN,48,Chennai
CLM0013996,CHE_08472,Anna Nagar,2021-05-19,18,0,0,0,0,0,0,0,1,0,1.0,0.062111,0,0.0,0,418,4,0,0.6357,0.2121,GREEN,30,Chennai
CLM0013997,CHE_03281,Adyar,2019-07-29,12,0,0,0,0,0,0,0,0,0,1.0,0.12755,0,0.0,0,162,0,0,0.6491,0.0879,GREEN,56,Chennai
CLM0013998,CHE_07252,Porur,2019-10-08,20,0,0,0,0,0,0,0,0,0,1.0,1.0,0,1.0,1,263,4,4,0.7503,0.1783,GREEN,46,Chennai
CLM0013999,CHE_06171,Porur,2024-12-08,10,0,0,0,0,0,0,0,0,0,0.0,0.437141,0,0.0,0,210,4,4,0.4299,0.0441,GREEN,54,Chennai
CLM0014000,CHE_03548,Tambaram,2024-12-29,17,0,0,0,0,0,0,0,1,0,0.0,0.0,0,0.0,0,6,4,0,0.8128,0.113,GREEN,55,Chennai
CLM0014001,CHE_07149,Chromepet,2018-08-21,11,0,0,0,0,0,0,0,0,0,0.0,0.898456,0,0.0,0,279,4,1,0.6748,0.025,GREEN,21,Chennai
CLM0014002,CHE_09056,Sholinganallur,2022-12-23,19,0,0,0,0,0,0,0,0,0,0.0,0.385338,0,0.0,0,303,4,2,0.1553,0.0,GREEN,18,Chennai
CLM0014003,CHE_06883,T Nagar,2018-01-25,14,0,0,0,0,0,0,0,0,0,0.0,0.179201,0,0.0,0,281,4,3,0.1,0.0988,GREEN,45,Chennai
CLM0014004,CHE_08482,T Nagar,2019-08-30,19,0,0,0,0,0,0,0,1,0,0.0,0.051625,1,0.0,0,211,4,2,0.7822,0.2604,GREEN,18,Chennai
CLM0014005,CHE_05232,Perambur,2019-02-28,18,0,0,0,0,0,0,0,0,0,0.0,0.102767,0,0.0,0,396,0,3,0.6863,0.0,GREEN,23,Chennai
CLM0014006,CHE_08138,Velachery,2022-04-20,7,0,0,0,0,0,0,0,0,0,0.0,1.0,0,0.0,0,420,1,0,0.6659,0.0,GREEN,39,Chennai
CLM0014007,CHE_04150,Guindy,2021-09-29,19,0,0,0,0,0,0,0,1,0,0.0,0.311174,0,0.0,0,391,0,4,0.5732,0.083,GREEN,27,Chennai
CLM0014008,CHE_09705,Adyar,2024-09-04,19,0,0,0,0,0,0,0,1,0,0.0,0.227156,0,1.0,0,346,2,4,0.5652,0.106,GREEN,40,Chennai
CLM0014009,CHE_08862,Guindy,2025-05-04,9,0,0,0,0,0,0,0,0,0,0.0,0.034785,0,0.0,0,373,2,2,0.1193,0.0873,GREEN,38,Chennai
CLM0014010,CHE_02605,T Nagar,2020-10-02,9,0,0,0,1,0,0,0,1,0,0.0,0.230029,0,0.0,0,420,1,3,0.6063,0.3289,YELLOW,56,Chennai
CLM0014011,CHE_04725,Chromepet,2020-08-05,12,0,1,1,0,0,0,0,0,0,0.0,0.28834,0,0.0,0,146,1,0,0.8623,0.0992,GREEN,57,Chennai
CLM0014012,CHE_01875,Perambur,2020-06-14,17,0,0,0,0,0,0,0,0,0,0.0,0.054274,0,0.0,1,124,3,3,0.7239,0.0214,GREEN,60,Chennai
CLM0014013,CHE_09488,Chromepet,2025-08-05,10,0,0,0,0,0,0,0,0,0,0.0,0.32534,0,0.0,0,105,4,1,0.9171,0.0303,GREEN,18,Chennai
CLM0014014,CHE_09736,Chromepet,2018-06-15,17,0,0,0,0,0,0,0,0,0,0.0,0.29537,0,0.0,0,393,2,1,0.9547,0.0,GREEN,55,Chennai
CLM0014015,CHE_09089,Anna Nagar,2025-07-05,10,0,0,0,0,0,1,0,0,0,1.0,0.145346,0,0.0,0,262,3,0,0.855,0.1614,GREEN,31,Chennai
CLM0014016,CHE_08179,Sholinganallur,2020-04-19,19,0,0,0,0,0,0,0,0,0,0.0,0.091364,0,0.0,0,132,3,3,0.98,0.0,GREEN,32,Chennai
CLM0014017,CHE_00426,Anna Nagar,2019-05-24,15,0,0,0,0,0,0,0,0,0,0.0,0.259425,0,0.0,0,312,3,2,0.628,0.034,GREEN,42,Chennai
CLM0014018,MUM_09241,Thane,2024-01-10,16,0,0,0,0,0,0,0,0,0,0.0,0.207037,0,0.0,0,146,2,4,0.3072,0.0241,GREEN,61,Mumbai
CLM0014019,MUM_04134,Borivali,2018-03-16,14,0,0,0,0,0,1,0,0,0,0.0,0.331397,0,0.0,0,174,4,0,0.8395,0.0555,GREEN,50,Mumbai
CLM0014020,MUM_06746,Lower Parel,2025-12-26,10,0,0,0,0,0,0,1,0,0,0.0,0.249097,0,0.0,0,90,2,1,0.8022,0.0285,GREEN,50,Mumbai
CLM0014021,MUM_09768,Thane,2021-09-30,13,0,0,0,0,0,0,0,0,1,0.0,0.267274,0,0.0,0,189,3,4,0.8609,0.1547,GREEN,40,Mumbai
CLM0014022,MUM_01052,Dadar,2025-01-27,7,0,0,0,0,0,0,0,0,0,0.0,0.136402,0,0.0,0,25,0,3,0.5926,0.0209,GREEN,38,Mumbai
CLM0014023,MUM_05057,Bandra,2025-12-12,18,0,0,0,0,0,0,1,0,0,0.0,0.35706,0,0.0,0,320,1,0,0.98,0.0296,GREEN,35,Mumbai
CLM0014024,MUM_07119,Lower Parel,2022-05-03,9,0,0,0,1,0,0,1,1,0,0.0,0.892959,0,0.0,1,47,4,18,0.3583,0.0,GREEN,40,Mumbai
CLM0014025,MUM_06543,Dadar,2023-10-04,20,0,0,0,0,0,0,0,0,0,0.0,0.034912,0,0.0,0,224,0,5,0.05,0.0,GREEN,45,Mumbai
CLM0014026,MUM_08285,Ghatkopar,2018-08-05,9,0,0,0,0,1,1,0,0,0,1.0,0.921424,0,1.0,0,174,3,3,0.4989,0.2302,GREEN,34,Mumbai
CLM0014027,MUM_07078,Andheri,2019-09-11,17,0,0,0,0,0,0,0,0,0,0.0,0.279912,0,0.0,0,235,2,3,0.7752,0.0,GREEN,40,Mumbai
CLM0014028,MUM_00901,Bandra,2025-03-19,20,0,0,0,0,0,0,0,0,0,0.0,0.251893,0,0.0,0,57,4,0,0.6934,0.0472,GREEN,50,Mumbai
CLM0014029,MUM_08821,Chembur,2022-09-03,15,0,0,0,0,0,0,0,1,0,0.0,0.169169,0,0.0,0,111,1,2,0.7213,0.0765,GREEN,37,Mumbai
CLM0014030,MUM_00101,Bandra,2021-12-09,9,0,0,0,0,1,0,0,0,0,0.0,0.318161,0,0.0,0,262,0,1,0.98,0.1563,GREEN,40,Mumbai
CLM0014031,MUM_03869,Chembur,2021-10-14,20,0,0,0,0,0,0,0,0,0,0.0,0.344344,0,0.0,0,272,0,1,0.4879,0.0,GREEN,44,Mumbai
CLM0014032,MUM_04455,Ghatkopar,2023-01-14,8,0,0,0,0,0,0,0,0,0,0.0,0.231984,0,0.0,0,15,3,0,0.6125,0.0,GREEN,38,Mumbai
CLM0014033,MUM_01164,Powai,2024-04-08,17,0,0,0,0,0,0,0,0,0,0.0,0.861347,0,0.0,0,358,2,3,0.9556,0.0703,GREEN,60,Mumbai
CLM0014034,MUM_00750,Lower Parel,2021-01-08,21,0,0,0,0,0,0,0,0,0,0.0,1.0,0,0.0,1,268,2,0,0.6345,0.0597,GREEN,47,Mumbai
CLM0014035,MUM_04500,Andheri,2023-08-23,10,0,0,0,0,0,0,0,0,0,0.0,0.04506,0,0.0,0,420,3,6,0.1788,0.0232,GREEN,40,Mumbai
CLM0014036,MUM_08545,Powai,2024-07-05,7,0,0,0,0,0,1,0,1,0,0.0,0.398308,0,0.0,0,151,0,1,0.7621,0.1479,GREEN,58,Mumbai
CLM0014037,MUM_01255,Powai,2022-01-06,11,0,1,1,0,0,0,0,0,0,0.0,0.162856,0,0.0,0,420,2,2,0.7065,0.0,GREEN,36,Mumbai
CLM0014038,MUM_04388,Thane,2020-10-10,21,0,0,0,0,0,0,0,0,0,0.0,0.333415,0,0.0,0,252,3,0,0.1035,0.0,GREEN,44,Mumbai
CLM0014039,MUM_03498,Lower Parel,2025-03-13,20,0,0,0,0,0,0,0,0,0,0.0,0.454687,0,0.0,0,260,3,4,0.9138,0.0255,GREEN,39,Mumbai
CLM0014040,MUM_08925,Lower Parel,2021-10-05,12,0,0,0,0,0,0,0,0,0,0.0,0.253154,0,0.0,0,184,0,0,0.7539,0.0,GREEN,24,Mumbai
CLM0014041,MUM_07860,Ghatkopar,2018-08-05,19,0,0,0,0,0,0,0,0,0,0.0,0.242848,0,0.0,0,74,2,1,0.05,0.0358,GREEN,22,Mumbai
CLM0014042,MUM_02796,Borivali,2020-01-06,14,0,0,0,0,0,0,0,0,0,0.0,0.04739,0,0.0,0,243,0,3,0.454,0.0037,GREEN,44,Mumbai
CLM0014043,MUM_03149,Dadar,2017-05-23,20,0,0,0,0,0,0,0,1,0,0.0,0.349101,0,0.0,0,104,0,5,0.3527,0.0883,GREEN,50,Mumbai
CLM0014044,MUM_02694,Chembur,2020-12-02,19,0,1,1,0,0,1,0,0,0,0.0,0.19996,1,0.0,0,420,4,1,0.5369,0.1084,GREEN,57,Mumbai
CLM0014045,MUM_07460,Andheri,2018-11-10,19,0,0,0,0,0,0,0,0,0,0.0,0.068249,0,0.0,0,183,4,1,0.9202,0.047,GREEN,42,Mumbai
CLM0014046,MUM_07809,Lower Parel,2021-10-02,13,0,0,0,0,0,0,0,0,0,0.0,0.04812,0,0.0,0,248,3,0,0.8027,0.0815,GREEN,44,Mumbai
CLM0014047,MUM_07317,Lower Parel,2024-01-05,10,0,0,0,1,0,1,0,0,0,0.0,0.421011,0,1.0,0,420,4,0,0.7319,0.255,GREEN,64,Mumbai
CLM0014048,MUM_00530,Vashi,2021-06-28,9,0,0,0,0,0,0,0,0,0,0.0,1.0,0,0.0,0,77,4,2,0.5988,0.1133,GREEN,51,Mumbai
CLM0014049,MUM_09573,Vashi,2021-09-30,17,0,0,0,0,0,0,0,0,0,0.0,0.928906,0,0.0,0,376,3,1,0.5651,0.0,GREEN,31,Mumbai
CLM0014050,MUM_00324,Vashi,2022-12-28,8,0,0,0,0,0,0,1,1,0,1.0,0.069738,0,0.0,0,67,4,3,0.6853,0.2185,GREEN,30,Mumbai
CLM0014051,MUM_06477,Chembur,2025-04-26,16,0,1,1,0,0,0,0,0,0,0.0,0.261859,0,0.0,0,371,4,0,0.9476,0.1357,GREEN,36,Mumbai
CLM0014052,MUM_09645,Bandra,2025-01-29,7,0,0,0,0,0,0,0,0,0,1.0,0.218164,0,0.0,0,38,2,1,0.6725,0.0464,GREEN,53,Mumbai
CLM0014053,MUM_04686,Vashi,2019-09-08,18,0,1,1,1,0,0,1,1,0,0.0,0.114587,0,1.0,0,5,1,18,0.3389,0.3926,YELLOW,55,Mumbai
CLM0014054,MUM_03105,Vashi,2017-10-15,17,0,1,1,0,1,0,1,1,0,1.0,1.0,1,0.0,0,5,2,18,0.4483,0.4424,YELLOW,40,Mumbai
CLM0014055,MUM_04121,Borivali,2020-08-08,21,0,1,1,1,1,0,1,1,1,0.0,0.201343,1,0.0,1,19,1,18,0.3138,0.7837,RED,29,Mumbai
CLM0014056,MUM_04212,Borivali,2020-07-06,8,0,1,1,1,1,0,1,0,1,0.0,0.963853,0,1.0,1,15,1,18,0.3968,0.7978,RED,38,Mumbai
CLM0014057,MUM_02772,Bandra,2025-02-26,19,0,1,1,1,0,1,0,1,1,0.0,0.99256,0,1.0,0,5,2,18,0.3298,0.5976,YELLOW,26,Mumbai
CLM0014058,MUM_06139,Dadar,2025-06-23,14,0,1,1,1,0,1,1,1,1,0.0,0.118878,0,0.0,0,5,0,18,0.3348,0.721,RED,33,Mumbai
CLM0014059,MUM_05733,Borivali,2022-10-14,13,0,1,1,1,1,0,1,0,0,1.0,0.28854,0,1.0,1,5,2,18,0.1079,0.5171,YELLOW,58,Mumbai
CLM0014060,MUM_02786,Thane,2023-08-01,11,0,1,1,0,0,0,0,0,0,0.0,0.338235,0,0.0,0,5,1,0,0.7776,0.7345,RED,29,Mumbai
CLM0014061,MUM_04694,Chembur,2023-07-25,20,0,1,1,1,1,1,0,1,1,0.0,0.070296,1,0.0,0,13,2,18,0.8454,0.8056,RED,49,Mumbai
CLM0014062,MUM_04240,Chembur,2024-02-28,19,0,0,0,0,0,0,0,0,0,0.0,0.376546,0,0.0,1,283,4,5,0.8698,0.1312,GREEN,39,Mumbai
CLM0014063,MUM_07441,Borivali,2025-08-07,7,0,0,0,0,0,0,0,0,0,0.0,0.096759,0,0.0,0,127,3,3,0.3604,0.0,GREEN,36,Mumbai
CLM0014064,MUM_01782,Bandra,2024-01-02,14,0,0,0,0,0,0,1,0,0,0.0,0.029693,0,0.0,0,132,0,0,0.6907,0.1448,GREEN,43,Mumbai
CLM0014065,MUM_03177,Ghatkopar,2024-06-20,20,0,0,0,0,0,0,0,1,0,0.0,0.229394,0,0.0,0,112,4,2,0.5441,0.1217,GREEN,37,Mumbai
CLM0014066,MUM_05730,Chembur,2025-08-10,8,0,0,0,0,0,0,0,0,0,0.0,0.0,0,0.0,0,82,2,0,0.9284,0.0436,GREEN,34,Mumbai
CLM0014067,MUM_00439,Thane,2024-05-14,15,0,0,0,0,0,0,0,0,0,0.0,1.0,0,0.0,0,127,0,6,0.4376,0.1233,GREEN,32,Mumbai
CLM0014068,MUM_08362,Vashi,2025-11-20,20,0,0,0,0,0,0,0,0,0,0.0,0.107948,0,0.0,0,236,2,1,0.491,0.0,GREEN,49,Mumbai
CLM0014069,MUM_05380,Bandra,2025-09-07,12,0,0,0,0,0,0,0,0,0,1.0,0.035979,0,0.0,0,171,0,2,0.54,0.0137,GREEN,45,Mumbai
CLM0014070,MUM_05732,Dadar,2023-09-06,8,0,0,0,0,0,0,0,0,0,0.0,0.176085,0,0.0,0,280,3,4,0.6203,0.1148,GREEN,50,Mumbai
CLM0014071,MUM_09748,Borivali,2025-01-11,7,0,0,0,0,0,0,0,0,0,0.0,0.109916,0,0.0,0,288,3,1,0.7034,0.0,GREEN,39,Mumbai
CLM0014072,MUM_05934,Thane,2024-08-27,7,0,0,0,0,0,0,0,0,0,0.0,0.266305,0,0.0,0,78,0,1,0.9609,0.0132,GREEN,44,Mumbai
CLM0014073,MUM_04207,Ghatkopar,2025-08-10,17,0,0,0,0,0,0,1,0,0,0.0,0.875633,0,0.0,0,420,4,4,0.9716,0.1354,GREEN,57,Mumbai
CLM0014074,MUM_07451,Borivali,2025-11-19,18,0,0,0,0,1,0,0,0,0,0.0,0.299342,1,0.0,0,194,1,0,0.716,0.1581,GREEN,24,Mumbai
CLM0014075,MUM_05362,Andheri,2022-09-16,14,0,0,0,0,0,0,0,1,0,0.0,0.0,0,0.0,0,391,2,2,0.98,0.1635,GREEN,56,Mumbai
CLM0014076,MUM_02319,Vashi,2024-03-22,16,0,0,0,0,1,0,0,1,0,0.0,0.222138,0,0.0,0,292,2,3,0.5614,0.224,GREEN,50,Mumbai
CLM0014077,MUM_08948,Andheri,2023-11-07,18,0,0,0,0,0,0,0,0,0,0.0,0.225837,0,1.0,0,420,2,3,0.98,0.021,GREEN,52,Mumbai
CLM0014078,MUM_01745,Bandra,2024-10-19,15,0,0,0,0,0,0,0,0,0,0.0,0.0,0,0.0,0,103,3,1,0.5357,0.0,GREEN,51,Mumbai
CLM0014079,MUM_03027,Powai,2024-08-15,16,0,0,0,0,0,0,0,0,0,0.0,0.240035,0,0.0,0,420,1,5,0.367,0.0561,GREEN,41,Mumbai
CLM0014080,MUM_07688,Vashi,2023-01-06,10,0,0,0,0,1,1,1,1,1,1.0,0.94706,0,1.0,0,5,1,18,0.1856,0.0386,GREEN,43,Mumbai
CLM0014081,MUM_06835,Lower Parel,2023-09-09,13,0,0,0,0,0,0,1,0,0,0.0,0.820182,0,0.0,0,420,3,5,0.9348,0.0473,GREEN,51,Mumbai
CLM0014082,MUM_00712,Powai,2025-08-02,12,0,0,0,0,0,0,0,0,0,0.0,0.468143,0,0.0,0,312,1,1,0.3403,0.0,GREEN,46,Mumbai
CLM0014083,MUM_03479,Chembur,2022-06-08,7,0,0,0,1,0,0,1,1,1,0.0,0.16508,0,0.0,1,25,3,18,0.9311,0.0634,GREEN,41,Mumbai
CLM0014084,MUM_07232,Chembur,2025-07-02,19,0,0,0,0,0,0,0,0,0,0.0,0.08556,0,0.0,0,270,2,2,0.5954,0.1446,GREEN,24,Mumbai
CLM0014085,MUM_04117,Bandra,2021-04-24,17,0,0,0,0,0,0,1,0,0,0.0,0.286388,1,0.0,0,420,3,5,0.6969,0.2464,GREEN,28,Mumbai
CLM0014086,MUM_04280,Dadar,2024-09-07,7,0,0,0,0,0,0,0,0,1,0.0,0.106201,0,0.0,0,201,3,0,0.8495,0.147,GREEN,45,Mumbai
CLM0014087,MUM_08207,Thane,2021-07-23,11,0,0,0,0,0,0,0,0,0,0.0,0.141729,0,0.0,0,21,3,2,0.7353,0.1012,GREEN,65,Mumbai
CLM0014088,MUM_08631,Bandra,2022-08-11,17,0,0,0,0,0,0,0,1,0,0.0,1.0,0,0.0,0,117,3,1,0.8858,0.0316,GREEN,42,Mumbai
CLM0014089,MUM_02676,Powai,2023-11-23,7,0,0,0,0,0,0,0,1,0,0.0,0.25143,0,0.0,0,213,2,2,0.8009,0.0,GREEN,34,Mumbai
CLM0014090,MUM_05409,Vashi,2018-09-13,7,0,0,0,0,0,0,0,0,0,0.0,0.439548,0,0.0,0,215,3,1,0.8499,0.0,GREEN,35,Mumbai
CLM0014091,MUM_05833,Lower Parel,2019-01-25,15,0,0,0,0,0,0,0,0,0,0.0,0.117045,0,0.0,0,211,2,3,0.7213,0.0,GREEN,33,Mumbai
CLM0014092,MUM_02539,Dadar,2018-10-01,15,0,0,0,0,0,0,0,0,0,0.0,0.290824,0,0.0,0,292,0,3,0.98,0.0106,GREEN,42,Mumbai
CLM0014093,MUM_03776,Bandra,2021-02-07,14,0,0,0,0,0,0,0,0,0,0.0,0.1368,0,0.0,0,90,3,0,0.6253,0.0144,GREEN,32,Mumbai
CLM0014094,MUM_01209,Powai,2018-10-02,20,0,0,0,0,0,0,0,0,0,0.0,0.258171,0,0.0,0,91,4,1,0.5405,0.0,GREEN,31,Mumbai
CLM0014095,MUM_08291,Lower Parel,2019-02-17,12,0,0,0,0,0,0,0,0,0,0.0,0.243724,0,0.0,0,161,4,0,0.079,0.0,GREEN,54,Mumbai
CLM0014096,MUM_02481,Bandra,2018-12-24,21,0,0,0,0,0,0,0,0,0,0.0,0.166057,0,0.0,0,327,0,3,0.9159,0.0802,GREEN,38,Mumbai
CLM0014097,MUM_07449,Andheri,2025-09-15,19,0,0,0,0,0,0,0,0,0,0.0,0.370875,0,0.0,0,80,4,3,0.9107,0.0,GREEN,41,Mumbai
CLM0014098,MUM_04970,Lower Parel,2019-02-16,14,0,0,0,0,0,0,0,0,0,0.0,0.990132,0,0.0,0,174,2,0,0.67,0.0461,GREEN,40,Mumbai
CLM0014099,MUM_08347,Lower Parel,2021-12-05,9,1,0,0,1,0,0,0,0,0,0.0,0.181681,0,0.0,0,420,4,4,0.6125,0.2236,GREEN,44,Mumbai
CLM0014100,MUM_03324,Borivali,2023-03-29,14,0,0,0,0,0,0,1,0,0,0.0,0.407815,0,0.0,0,209,2,1,0.8664,0.1083,GREEN,46,Mumbai
CLM0014101,MUM_04185,Ghatkopar,2021-05-19,9,0,0,0,0,1,0,0,0,0,1.0,0.977917,0,1.0,0,23,2,0,0.948,0.1684,GREEN,52,Mumbai
CLM0014102,MUM_01864,Powai,2023-07-08,16,0,0,0,0,0,0,0,0,0,0.0,0.297998,0,0.0,0,321,2,6,0.5051,0.0,GREEN,39,Mumbai
CLM0014103,MUM_00492,Chembur,2025-09-29,12,0,0,0,0,0,0,0,0,0,0.0,0.0,0,0.0,0,373,3,3,0.05,0.0727,GREEN,25,Mumbai
CLM0014104,MUM_03128,Chembur,2021-12-03,20,0,0,0,0,0,0,0,1,0,0.0,0.010326,0,0.0,0,295,1,0,0.5712,0.0489,GREEN,42,Mumbai
CLM0014105,MUM_00031,Dadar,2024-05-20,21,0,0,0,0,0,0,0,0,0,1.0,0.0,0,0.0,0,395,0,6,0.6352,0.0615,GREEN,33,Mumbai
CLM0014106,MUM_00974,Borivali,2025-04-17,14,0,1,1,1,1,1,1,0,1,1.0,1.0,0,1.0,0,19,1,18,0.1486,0.0958,GREEN,44,Mumbai
CLM0014107,MUM_06321,Thane,2022-05-21,10,0,0,0,0,0,1,0,0,0,0.0,0.040724,0,0.0,0,111,4,4,0.6053,0.0822,GREEN,55,Mumbai
CLM0014108,MUM_02598,Dadar,2021-02-27,18,0,0,0,1,1,0,1,1,0,1.0,0.606526,0,1.0,1,13,4,14,0.8801,0.0079,GREEN,48,Mumbai
CLM0014109,MUM_07409,Ghatkopar,2022-03-25,8,0,0,0,0,0,0,0,0,0,0.0,0.29772,0,0.0,0,393,0,4,0.2179,0.0,GREEN,43,Mumbai
CLM0014110,MUM_08197,Chembur,2023-11-04,7,0,0,0,0,0,0,0,1,0,0.0,0.046412,0,0.0,0,412,0,0,0.8101,0.0488,GREEN,40,Mumbai
CLM0014111,MUM_07368,Bandra,2024-09-07,11,0,0,0,0,0,0,0,0,0,0.0,0.200484,0,0.0,0,261,4,1,0.98,0.0505,GREEN,49,Mumbai
CLM0014112,MUM_03427,Bandra,2024-01-05,12,0,0,0,0,0,0,1,0,0,0.0,0.419165,0,0.0,0,73,3,0,0.5312,0.0475,GREEN,29,Mumbai
CLM0014113,MUM_03042,Chembur,2024-05-05,9,0,0,0,0,0,0,0,0,0,0.0,0.016875,0,0.0,0,260,1,0,0.2976,0.1486,GREEN,46,Mumbai
CLM0014114,MUM_01207,Vashi,2025-01-23,15,0,0,0,0,0,0,0,0,0,0.0,0.408848,0,0.0,0,141,4,3,0.6791,0.0,GREEN,31,Mumbai
CLM0014115,MUM_07854,Dadar,2022-05-27,16,0,0,0,0,0,0,0,0,0,0.0,0.036384,0,0.0,0,191,0,0,0.4574,0.0387,GREEN,46,Mumbai
CLM0014116,MUM_00044,Vashi,2023-06-20,18,0,0,0,1,0,1,0,1,1,0.0,1.0,0,1.0,0,29,1,18,0.2517,0.1732,GREEN,41,Mumbai
CLM0014117,MUM_00437,Borivali,2023-07-25,19,0,0,0,0,0,0,0,0,0,0.0,0.292651,0,0.0,0,317,0,5,0.1341,0.1081,GREEN,34,Mumbai
CLM0014118,MUM_08316,Vashi,2025-02-06,7,0,0,0,0,0,0,0,1,0,0.0,0.16407,0,0.0,0,420,0,0,0.8025,0.0561,GREEN,44,Mumbai
CLM0014119,MUM_03133,Thane,2018-12-27,8,0,0,0,0,0,0,0,0,0,0.0,0.128777,0,0.0,0,284,0,6,0.9729,0.0,GREEN,48,Mumbai
CLM0014120,MUM_08195,Andheri,2024-09-27,8,0,0,0,0,0,0,0,0,0,1.0,0.347329,0,0.0,0,420,2,1,0.8789,0.1048,GREEN,46,Mumbai
CLM0014121,MUM_01365,Powai,2025-01-04,8,0,0,0,0,0,0,0,0,0,0.0,0.057903,0,0.0,0,325,1,6,0.5946,0.0132,GREEN,59,Mumbai
CLM0014122,MUM_07571,Thane,2022-11-27,21,0,0,0,0,0,0,0,0,0,0.0,0.266973,0,0.0,0,285,0,5,0.58,0.017,GREEN,49,Mumbai
CLM0014123,MUM_04153,Powai,2021-04-18,8,0,0,0,0,0,0,0,0,0,1.0,0.172328,0,0.0,0,21,0,0,0.9787,0.11,GREEN,58,Mumbai
CLM0014124,MUM_02794,Bandra,2019-09-15,18,0,0,0,0,0,0,0,0,0,0.0,0.043458,0,0.0,0,334,0,2,0.5289,0.0,GREEN,29,Mumbai
CLM0014125,MUM_02139,Powai,2022-10-14,8,0,0,0,0,0,0,0,0,0,0.0,0.21569,0,0.0,0,67,3,1,0.6946,0.0813,GREEN,18,Mumbai
CLM0014126,MUM_06944,Ghatkopar,2023-02-26,12,0,0,0,0,0,0,0,0,0,1.0,0.214612,0,0.0,0,196,3,3,0.8352,0.0292,GREEN,52,Mumbai
CLM0014127,MUM_02913,Andheri,2020-05-15,17,0,0,0,0,1,0,0,0,0,0.0,0.052178,0,0.0,0,270,2,4,0.6566,0.1592,GREEN,42,Mumbai
CLM0014128,MUM_02299,Powai,2024-01-08,9,0,0,0,0,0,0,0,0,0,0.0,0.406556,0,0.0,0,348,3,6,0.7067,0.1258,GREEN,47,Mumbai
CLM0014129,MUM_03677,Bandra,2025-11-28,18,0,0,0,0,0,0,0,0,0,0.0,0.121876,0,0.0,0,256,2,0,0.7948,0.0,GREEN,43,Mumbai
CLM0014130,MUM_06552,Dadar,2023-09-15,20,0,0,0,0,0,0,0,0,0,0.0,0.298158,1,1.0,0,61,2,2,0.05,0.1232,GREEN,50,Mumbai
CLM0014131,MUM_09038,Dadar,2022-03-11,12,0,0,0,0,0,0,0,0,0,0.0,0.088166,0,0.0,0,420,0,3,0.8329,0.0371,GREEN,42,Mumbai
CLM0014132,MUM_03455,Vashi,2024-03-08,20,0,0,0,0,0,1,0,0,0,0.0,0.00738,0,0.0,0,43,2,2,0.4952,0.1775,GREEN,25,Mumbai
CLM0014133,MUM_08437,Ghatkopar,2022-07-11,13,0,0,0,0,0,0,0,0,0,0.0,0.327619,0,0.0,0,420,0,6,0.98,0.0128,GREEN,58,Mumbai
CLM0014134,MUM_08747,Andheri,2024-04-28,10,0,0,0,0,0,1,0,0,0,0.0,1.0,0,0.0,0,164,1,4,0.7078,0.0593,GREEN,46,Mumbai
CLM0014135,MUM_09494,Bandra,2025-12-17,11,0,0,0,0,0,0,0,0,0,0.0,0.163839,0,0.0,0,219,3,2,0.9178,0.0,GREEN,50,Mumbai
CLM0014136,MUM_08048,Bandra,2024-05-22,18,0,0,0,0,0,0,0,0,0,0.0,0.336358,0,0.0,0,335,2,0,0.8752,0.019,GREEN,45,Mumbai
CLM0014137,MUM_06271,Powai,2025-06-25,19,0,0,0,0,0,0,0,1,0,0.0,0.216329,0,0.0,0,66,2,4,0.7772,0.0893,GREEN,51,Mumbai
CLM0014138,MUM_04490,Thane,2022-12-20,15,0,0,0,1,0,0,0,0,0,0.0,0.25433,0,0.0,0,420,0,2,0.8234,0.2264,GREEN,35,Mumbai
CLM0014139,MUM_08051,Dadar,2024-08-22,19,0,0,0,0,0,0,0,0,0,0.0,0.386124,0,0.0,0,203,2,3,0.05,0.0067,GREEN,49,Mumbai
CLM0014140,MUM_08793,Lower Parel,2025-01-30,18,0,0,0,0,0,1,0,0,0,0.0,0.268416,0,0.0,0,403,1,0,0.9458,0.1463,GREEN,26,Mumbai
CLM0014141,MUM_08453,Chembur,2024-10-11,13,0,0,0,0,0,0,0,0,0,1.0,0.818043,0,1.0,0,420,0,5,0.98,0.0,GREEN,41,Mumbai
CLM0014142,MUM_01442,Andheri,2023-07-30,8,0,0,0,0,0,0,0,0,1,0.0,0.233803,0,0.0,0,289,3,3,0.7138,0.1328,GREEN,46,Mumbai
CLM0014143,MUM_00210,Powai,2017-12-20,9,0,0,0,0,0,0,0,1,0,0.0,0.25448,0,0.0,0,255,0,3,0.98,0.1395,GREEN,42,Mumbai
CLM0014144,MUM_04978,Lower Parel,2023-03-20,20,0,0,0,0,0,0,0,0,0,0.0,0.306699,0,0.0,0,26,4,2,0.8469,0.0,GREEN,40,Mumbai
CLM0014145,MUM_08592,Lower Parel,2015-09-03,20,0,0,0,0,0,0,0,1,0,0.0,0.322352,0,0.0,0,231,4,2,0.5226,0.0468,GREEN,45,Mumbai
CLM0014146,MUM_01302,Chembur,2018-12-22,12,0,0,0,0,1,0,0,0,0,0.0,1.0,0,0.0,0,287,0,3,0.5054,0.0495,GREEN,46,Mumbai
CLM0014147,MUM_04412,Powai,2023-06-16,15,0,0,0,0,0,0,1,0,0,0.0,0.033192,0,0.0,0,176,4,0,0.4947,0.1439,GREEN,34,Mumbai
CLM0014148,MUM_08226,Chembur,2025-07-21,15,0,0,0,1,0,0,0,0,0,0.0,0.335149,0,0.0,0,25,4,3,0.8336,0.2427,GREEN,36,Mumbai
CLM0014149,MUM_04151,Chembur,2021-04-25,18,0,0,0,0,0,0,0,0,0,0.0,0.366915,0,0.0,0,420,1,4,0.6339,0.039,GREEN,38,Mumbai
CLM0014150,MUM_06378,Bandra,2021-11-27,19,0,0,0,0,0,0,0,0,0,0.0,0.072994,0,0.0,0,48,4,3,0.1946,0.0619,GREEN,29,Mumbai
CLM0014151,MUM_00621,Andheri,2023-05-28,10,0,0,0,0,0,0,1,0,0,0.0,0.980655,0,0.0,0,108,1,5,0.6893,0.0351,GREEN,23,Mumbai
CLM0014152,MUM_07789,Ghatkopar,2022-04-01,14,0,0,0,0,1,0,0,0,0,0.0,0.928499,0,0.0,0,105,4,3,0.8823,0.1005,GREEN,64,Mumbai
CLM0014153,MUM_03580,Thane,2018-10-06,14,0,0,0,0,0,0,0,0,0,0.0,0.256598,0,0.0,0,51,2,0,0.8279,0.0,GREEN,49,Mumbai
CLM0014154,MUM_08649,Dadar,2024-07-31,8,0,0,0,0,0,0,1,0,1,0.0,0.403331,0,0.0,0,420,4,4,0.98,0.0815,GREEN,57,Mumbai
CLM0014155,MUM_09672,Andheri,2018-10-26,11,0,0,0,0,0,0,0,0,0,0.0,0.932007,0,0.0,0,170,0,3,0.8824,0.0238,GREEN,36,Mumbai
CLM0014156,MUM_02380,Andheri,2022-01-06,10,0,0,0,0,0,0,0,0,0,0.0,0.099374,0,0.0,0,174,1,6,0.5604,0.0,GREEN,34,Mumbai
CLM0014157,MUM_01359,Thane,2020-09-16,19,0,0,0,1,0,1,0,0,0,0.0,1.0,0,0.0,0,33,4,18,0.2858,0.1522,GREEN,18,Mumbai
CLM0014158,MUM_02842,Borivali,2023-05-14,9,0,0,0,0,0,0,0,0,0,0.0,0.0,1,0.0,0,71,1,4,0.6461,0.0175,GREEN,38,Mumbai
CLM0014159,MUM_00710,Powai,2023-06-04,20,0,0,0,0,0,0,0,0,0,0.0,0.089378,0,0.0,0,420,0,2,0.595,0.0,GREEN,40,Mumbai
CLM0014160,MUM_07610,Powai,2023-01-11,19,0,0,0,0,0,0,0,0,0,0.0,0.907058,0,0.0,0,380,3,0,0.708,0.0647,GREEN,49,Mumbai
CLM0014161,MUM_04179,Andheri,2023-05-05,13,0,0,0,0,0,0,0,0,0,0.0,0.172695,0,0.0,0,251,4,2,0.6801,0.0437,GREEN,40,Mumbai
CLM0014162,MUM_03145,Chembur,2023-07-13,15,0,0,0,0,0,0,0,0,0,0.0,0.227973,0,0.0,0,401,0,0,0.8691,0.0707,GREEN,38,Mumbai
CLM0014163,MUM_04893,Borivali,2025-08-18,16,0,1,1,0,0,0,0,0,0,0.0,0.040476,0,0.0,0,388,4,2,0.7738,0.0,GREEN,48,Mumbai
CLM0014164,MUM_03592,Chembur,2023-03-21,14,0,0,0,0,0,1,0,0,0,0.0,0.13973,0,0.0,0,354,1,0,0.98,0.0,GREEN,41,Mumbai
CLM0014165,MUM_04862,Powai,2022-06-04,20,0,0,0,0,0,0,0,0,0,0.0,0.37421,0,0.0,0,255,2,2,0.7479,0.0,GREEN,50,Mumbai
CLM0014166,MUM_08581,Lower Parel,2024-10-09,17,0,0,0,0,0,0,0,0,0,0.0,0.035925,0,0.0,0,352,0,1,0.9273,0.0419,GREEN,32,Mumbai
CLM0014167,MUM_01891,Dadar,2022-01-16,9,0,0,0,0,0,0,0,0,0,0.0,0.176762,0,0.0,0,420,4,3,0.5643,0.0,GREEN,41,Mumbai
CLM0014168,MUM_09388,Chembur,2025-10-26,17,0,0,0,0,0,0,0,0,0,1.0,0.10751,0,0.0,0,53,1,2,0.6227,0.0082,GREEN,37,Mumbai
CLM0014169,MUM_05386,Chembur,2021-04-02,18,0,1,1,0,0,0,0,0,0,0.0,0.182247,0,0.0,0,152,1,8,0.7204,0.0536,GREEN,55,Mumbai
CLM0014170,MUM_03416,Dadar,2020-10-20,9,0,0,0,0,1,1,1,1,1,1.0,1.0,0,1.0,1,5,1,18,0.05,0.1622,GREEN,45,Mumbai
CLM0014171,MUM_04643,Powai,2025-11-26,15,0,0,0,0,0,0,0,0,0,0.0,0.377034,0,0.0,0,58,4,1,0.6537,0.0,GREEN,40,Mumbai
CLM0014172,MUM_09893,Bandra,2020-10-31,20,0,0,0,0,0,1,1,1,0,0.0,0.223321,1,0.0,0,250,2,0,0.6552,0.3292,YELLOW,35,Mumbai
CLM0014173,MUM_01497,Vashi,2024-12-09,21,0,0,0,0,0,0,0,0,0,0.0,0.145659,0,0.0,0,159,3,5,0.9069,0.0186,GREEN,18,Mumbai
CLM0014174,MUM_09781,Dadar,2025-04-11,19,0,0,0,0,0,0,0,0,0,0.0,0.385738,0,0.0,0,305,1,3,0.206,0.056,GREEN,40,Mumbai
CLM0014175,MUM_04808,Andheri,2025-03-11,19,0,0,0,0,0,0,0,0,0,0.0,0.022406,0,0.0,0,316,4,4,0.4698,0.0098,GREEN,23,Mumbai
CLM0014176,MUM_05836,Andheri,2023-02-27,9,0,0,0,0,0,0,0,0,0,0.0,0.330425,0,0.0,0,175,0,3,0.05,0.0,GREEN,54,Mumbai
CLM0014177,MUM_06810,Chembur,2022-08-13,19,0,0,0,0,0,0,0,0,0,0.0,0.261281,0,0.0,0,289,1,4,0.5047,0.0,GREEN,40,Mumbai
CLM0014178,MUM_03838,Vashi,2020-07-15,18,0,0,0,0,0,0,0,0,0,0.0,0.337056,0,0.0,0,396,2,2,0.3863,0.0,GREEN,47,Mumbai
CLM0014179,MUM_07693,Dadar,2019-09-07,8,0,0,0,1,0,0,0,0,0,0.0,0.126258,0,0.0,0,53,0,0,0.6347,0.1341,GREEN,41,Mumbai
CLM0014180,MUM_05583,Lower Parel,2019-08-11,9,0,0,0,0,0,0,1,0,1,0.0,0.232131,0,0.0,0,197,3,7,0.98,0.1269,GREEN,37,Mumbai
CLM0014181,MUM_01426,Chembur,2019-11-22,17,0,0,0,0,0,0,0,0,0,0.0,0.254312,0,0.0,0,266,4,3,0.93,0.0752,GREEN,46,Mumbai
CLM0014182,MUM_02929,Lower Parel,2023-04-09,13,0,0,0,0,0,1,0,0,0,0.0,0.285331,0,0.0,0,64,4,0,0.6278,0.1928,GREEN,44,Mumbai
CLM0014183,MUM_05686,Bandra,2022-07-14,17,0,0,0,0,0,0,0,0,0,1.0,0.35753,0,1.0,0,306,2,4,0.6242,0.0759,GREEN,48,Mumbai
CLM0014184,MUM_05807,Powai,2025-02-06,19,0,0,0,0,0,0,0,0,0,1.0,0.193871,0,1.0,0,41,2,0,0.05,0.0555,GREEN,40,Mumbai
CLM0014185,MUM_03654,Vashi,2021-06-16,15,0,0,0,0,0,0,0,0,0,0.0,0.267686,0,0.0,0,140,4,3,0.827,0.0108,GREEN,59,Mumbai
CLM0014186,MUM_01433,Ghatkopar,2019-05-19,15,0,0,0,0,0,1,0,0,0,0.0,0.367768,0,0.0,0,420,0,0,0.7966,0.0,GREEN,18,Mumbai
CLM0014187,MUM_01019,Vashi,2020-02-19,7,0,0,0,0,1,0,0,0,0,0.0,0.343921,0,0.0,0,420,3,1,0.3448,0.1155,GREEN,46,Mumbai
CLM0014188,MUM_08738,Lower Parel,2025-10-30,9,0,0,0,0,0,0,1,0,0,0.0,0.213262,0,0.0,0,129,3,2,0.508,0.1121,GREEN,46,Mumbai
CLM0014189,MUM_01650,Chembur,2024-11-27,14,0,0,0,0,0,0,0,0,0,0.0,0.196806,0,0.0,0,250,0,4,0.3481,0.0396,GREEN,43,Mumbai
CLM0014190,MUM_02815,Bandra,2025-12-28,16,0,0,0,0,0,0,0,0,0,0.0,0.279423,0,0.0,0,270,3,0,0.7622,0.0,GREEN,56,Mumbai
CLM0014191,MUM_00664,Ghatkopar,2024-06-19,7,0,0,0,0,0,0,0,0,0,0.0,0.355819,0,1.0,0,123,0,0,0.8574,0.0,GREEN,46,Mumbai
CLM0014192,MUM_04790,Andheri,2024-08-01,13,0,0,0,0,0,0,0,0,0,0.0,0.304243,0,0.0,0,160,2,0,0.7398,0.086,GREEN,42,Mumbai
CLM0014193,MUM_08598,Bandra,2025-11-13,7,0,0,0,0,0,0,0,0,0,0.0,0.992812,0,0.0,0,112,0,1,0.4542,0.0186,GREEN,61,Mumbai
CLM0014194,MUM_02396,Chembur,2024-04-10,11,0,0,0,0,0,0,0,0,0,0.0,0.243568,0,0.0,0,116,3,2,0.5083,0.0062,GREEN,45,Mumbai
CLM0014195,MUM_04554,Andheri,2025-12-10,12,0,0,0,0,0,0,0,0,0,1.0,0.251392,0,0.0,0,117,2,2,0.9594,0.0416,GREEN,31,Mumbai
CLM0014196,MUM_00195,Ghatkopar,2020-11-12,9,1,0,0,0,0,0,0,0,0,0.0,0.123835,0,0.0,0,61,0,1,0.6813,0.0174,GREEN,53,Mumbai
CLM0014197,MUM_04463,Ghatkopar,2022-10-15,10,0,0,0,0,0,0,0,0,0,0.0,0.046383,0,0.0,0,393,2,3,0.3115,0.0897,GREEN,51,Mumbai
CLM0014198,MUM_03737,Andheri,2016-10-16,8,0,0,0,0,0,0,0,0,0,0.0,0.336865,0,0.0,0,173,1,2,0.2825,0.0594,GREEN,31,Mumbai
CLM0014199,MUM_00146,Vashi,2023-11-28,14,0,0,0,0,0,0,0,0,0,0.0,0.297695,0,0.0,0,280,3,0,0.7786,0.0604,GREEN,51,Mumbai
CLM0014200,MUM_09365,Powai,2019-01-07,11,0,0,0,0,0,0,1,0,0,0.0,0.137134,0,0.0,0,296,0,3,0.6369,0.1385,GREEN,43,Mumbai
CLM0014201,MUM_08311,Thane,2017-04-27,11,0,0,0,0,0,0,0,0,0,0.0,1.0,0,0.0,0,162,4,1,0.9737,0.0232,GREEN,46,Mumbai
CLM0014202,MUM_09231,Ghatkopar,2025-03-08,9,0,0,0,0,0,0,0,0,0,1.0,0.044173,0,0.0,0,242,4,5,0.6006,0.0985,GREEN,45,Mumbai
CLM0014203,MUM_04676,Bandra,2018-10-25,14,0,1,1,0,0,0,0,0,0,0.0,0.040972,0,0.0,0,420,4,1,0.1607,0.0,GREEN,29,Mumbai
CLM0014204,MUM_04262,Ghatkopar,2024-02-20,11,0,0,0,0,0,0,0,0,0,0.0,0.296497,0,0.0,0,398,3,0,0.8728,0.0411,GREEN,52,Mumbai
CLM0014205,MUM_05221,Ghatkopar,2023-07-05,19,0,0,0,0,0,0,0,0,0,1.0,0.356838,0,0.0,0,100,2,4,0.7779,0.0177,GREEN,52,Mumbai
CLM0014206,MUM_01170,Dadar,2025-07-04,21,0,0,0,0,0,0,0,0,0,0.0,0.197832,1,0.0,0,420,1,4,0.98,0.0114,GREEN,29,Mumbai
CLM0014207,MUM_01200,Lower Parel,2021-02-07,20,0,0,0,0,0,0,0,0,0,0.0,0.137699,0,0.0,0,420,4,5,0.05,0.0212,GREEN,44,Mumbai
CLM0014208,MUM_00184,Borivali,2024-02-26,7,0,0,0,0,0,0,0,1,0,1.0,1.0,0,1.0,0,280,0,6,0.05,0.0584,GREEN,43,Mumbai
CLM0014209,MUM_09732,Lower Parel,2025-10-08,9,0,0,0,0,0,0,0,0,0,0.0,0.00881,0,0.0,0,242,3,0,0.7879,0.0169,GREEN,31,Mumbai
CLM0014210,MUM_00088,Andheri,2018-07-02,13,0,0,0,0,1,0,0,1,0,1.0,0.467906,0,0.0,0,60,1,3,0.2201,0.3199,YELLOW,52,Mumbai
CLM0014211,MUM_08966,Bandra,2024-07-27,8,0,0,0,0,0,0,0,0,0,1.0,0.139289,0,0.0,0,301,0,5,0.5296,0.1206,GREEN,40,Mumbai
CLM0014212,MUM_05142,Dadar,2025-08-25,18,0,0,0,0,0,0,0,0,0,0.0,0.345174,0,0.0,0,139,1,2,0.6896,0.0966,GREEN,31,Mumbai
CLM0014213,MUM_00125,Bandra,2023-08-02,10,0,0,0,0,0,0,0,0,0,0.0,0.861061,0,0.0,0,217,3,2,0.5374,0.0266,GREEN,50,Mumbai
CLM0014214,MUM_01454,Dadar,2018-11-23,15,0,0,0,0,1,0,1,1,0,1.0,0.130274,0,1.0,1,5,3,18,0.4605,0.16,GREEN,41,Mumbai
CLM0014215,MUM_03258,Chembur,2019-08-17,18,0,0,0,0,0,0,0,0,0,0.0,0.454071,0,1.0,0,135,2,0,0.844,0.0216,GREEN,38,Mumbai
CLM0014216,MUM_03709,Ghatkopar,2019-07-27,21,0,0,0,0,0,0,0,0,0,0.0,0.286894,0,0.0,0,252,3,3,0.5221,0.0841,GREEN,39,Mumbai
CLM0014217,MUM_02895,Andheri,2018-03-04,10,0,0,0,0,0,1,0,0,0,1.0,0.922571,0,1.0,0,237,4,1,0.7473,0.0204,GREEN,40,Mumbai
CLM0014218,MUM_04452,Borivali,2023-11-02,19,0,0,0,0,0,0,0,0,0,0.0,0.247556,0,0.0,0,420,0,6,0.05,0.0,GREEN,18,Mumbai
CLM0014219,MUM_04821,Ghatkopar,2023-01-14,11,0,0,0,0,0,0,0,0,0,0.0,1.0,0,0.0,1,420,2,2,0.05,0.0415,GREEN,67,Mumbai
CLM0014220,MUM_03814,Powai,2022-10-14,7,0,1,1,0,0,0,0,0,0,0.0,0.098376,0,0.0,0,156,0,0,0.3173,0.0,GREEN,18,Mumbai
CLM0014221,MUM_02829,Dadar,2024-01-02,21,0,0,0,0,0,0,0,0,0,0.0,0.264307,0,0.0,0,420,3,0,0.7011,0.0,GREEN,59,Mumbai
CLM0014222,MUM_05906,Bandra,2025-02-15,8,0,0,0,0,0,1,0,0,0,0.0,0.139282,0,0.0,0,114,4,6,0.1961,0.2398,GREEN,37,Mumbai
CLM0014223,MUM_02016,Bandra,2024-10-19,10,0,0,0,0,0,0,0,0,0,0.0,1.0,0,0.0,0,116,2,7,0.629,0.0676,GREEN,30,Mumbai
CLM0014224,MUM_02781,Thane,2025-01-07,8,0,0,0,0,0,0,0,0,0,0.0,0.188925,0,0.0,0,130,4,5,0.8767,0.0249,GREEN,44,Mumbai
CLM0014225,MUM_07320,Lower Parel,2025-10-06,13,0,0,0,0,0,0,0,0,0,0.0,0.242354,0,0.0,0,402,4,0,0.98,0.0,GREEN,49,Mumbai
CLM0014226,MUM_01401,Chembur,2024-10-17,16,0,0,0,0,1,0,0,0,0,0.0,0.391162,0,0.0,0,188,0,4,0.6177,0.0879,GREEN,40,Mumbai
CLM0014227,MUM_07913,Lower Parel,2025-07-26,18,0,0,0,0,0,1,0,1,0,0.0,0.992238,0,0.0,0,214,4,1,0.98,0.224,GREEN,52,Mumbai
CLM0014228,MUM_03396,Powai,2024-11-28,7,0,0,0,0,0,0,0,0,0,0.0,0.099736,0,0.0,1,318,0,2,0.8222,0.0293,GREEN,29,Mumbai
CLM0014229,MUM_04733,Powai,2025-03-24,9,0,0,0,0,0,0,1,1,0,0.0,0.343684,0,0.0,0,226,2,0,0.7487,0.188,GREEN,32,Mumbai
CLM0014230,MUM_05847,Andheri,2021-09-01,11,0,0,0,0,0,1,0,0,0,0.0,0.201784,0,0.0,0,336,2,0,0.2738,0.0842,GREEN,44,Mumbai
CLM0014231,MUM_06400,Chembur,2025-08-29,10,0,0,0,0,0,1,1,0,0,0.0,1.0,0,0.0,0,345,3,5,0.3353,0.226,GREEN,53,Mumbai
CLM0014232,MUM_04336,Borivali,2021-10-04,9,0,0,0,0,0,0,0,0,0,0.0,0.379241,0,0.0,0,170,1,0,0.7048,0.0,GREEN,39,Mumbai
CLM0014233,MUM_08971,Powai,2021-10-07,16,0,0,0,0,0,0,0,1,0,0.0,0.066488,1,0.0,0,129,0,0,0.5384,0.1641,GREEN,32,Mumbai
CLM0014234,MUM_01802,Vashi,2025-08-02,20,0,0,0,0,0,0,0,0,0,0.0,0.467602,0,0.0,0,305,0,1,0.98,0.0,GREEN,41,Mumbai
CLM0014235,MUM_02397,Dadar,2025-12-08,21,0,0,0,0,0,1,0,1,0,0.0,0.175091,0,0.0,0,16,3,1,0.9031,0.201,GREEN,54,Mumbai
CLM0014236,MUM_09999,Andheri,2021-01-24,8,0,0,0,0,0,0,0,0,0,0.0,0.238031,0,0.0,0,228,3,0,0.4868,0.0476,GREEN,43,Mumbai
CLM0014237,MUM_08682,Thane,2024-12-08,16,0,0,0,0,0,0,0,0,0,0.0,0.206792,0,0.0,0,324,0,5,0.9319,0.0,GREEN,33,Mumbai
CLM0014238,MUM_00238,Dadar,2025-07-03,18,0,0,0,0,0,0,0,0,0,0.0,0.092913,0,0.0,0,43,2,2,0.0963,0.0,GREEN,45,Mumbai
CLM0014239,MUM_02337,Lower Parel,2018-07-28,18,0,0,0,0,0,0,0,1,0,0.0,1.0,0,0.0,0,418,3,4,0.9433,0.1011,GREEN,51,Mumbai
CLM0014240,MUM_01921,Lower Parel,2022-04-19,13,0,0,0,0,0,0,0,0,0,0.0,0.063933,1,0.0,0,273,3,1,0.558,0.0402,GREEN,56,Mumbai
CLM0014241,MUM_04554,Andheri,2020-01-04,13,0,0,0,0,0,0,0,0,0,0.0,0.149538,0,0.0,0,41,4,5,0.5158,0.0,GREEN,31,Mumbai
CLM0014242,MUM_00826,Lower Parel,2025-11-12,12,0,0,0,0,0,0,0,0,0,0.0,0.12645,0,0.0,0,384,0,0,0.98,0.0366,GREEN,28,Mumbai
CLM0014243,MUM_02453,Ghatkopar,2022-02-11,21,0,0,0,0,0,0,0,0,0,0.0,0.274068,1,0.0,0,182,1,5,0.7633,0.0632,GREEN,45,Mumbai
CLM0014244,MUM_07857,Thane,2019-10-01,8,0,0,0,0,0,0,0,0,0,0.0,0.081018,0,0.0,0,181,1,4,0.634,0.0132,GREEN,40,Mumbai
CLM0014245,MUM_06918,Thane,2022-09-18,21,0,0,0,0,0,0,0,0,1,0.0,0.998254,0,0.0,0,57,4,0,0.7627,0.1189,GREEN,33,Mumbai
CLM0014246,MUM_01866,Powai,2023-04-09,18,0,1,1,1,0,1,1,1,1,0.0,0.113738,1,0.0,1,9,2,18,0.9485,0.7446,RED,28,Mumbai
CLM0014247,MUM_08434,Ghatkopar,2025-06-13,17,0,1,1,1,0,0,0,1,0,1.0,0.225744,0,0.0,0,355,0,4,0.98,0.5925,YELLOW,38,Mumbai
CLM0014248,MUM_04616,Vashi,2022-04-18,7,0,1,1,1,1,0,1,1,1,0.0,0.009998,0,0.0,1,26,1,18,0.7892,0.7436,RED,49,Mumbai
CLM0014249,MUM_04412,Powai,2021-10-01,11,0,1,1,1,1,1,0,1,1,1.0,0.986101,0,0.0,1,5,2,10,0.8243,0.7177,RED,34,Mumbai
CLM0014250,MUM_00835,Borivali,2022-04-05,10,0,1,1,1,0,1,1,1,0,0.0,0.104361,0,1.0,1,5,1,18,0.9199,0.4475,YELLOW,56,Mumbai
CLM0014251,MUM_01099,Andheri,2023-09-20,18,0,1,1,0,0,0,0,0,0,0.0,0.392529,0,0.0,0,163,1,6,0.841,0.8161,RED,25,Mumbai
CLM0014252,MUM_08955,Vashi,2022-07-13,18,0,1,1,0,1,1,0,1,0,0.0,0.150498,0,0.0,1,34,2,18,0.98,0.5784,YELLOW,27,Mumbai
CLM0014253,MUM_06894,Ghatkopar,2024-04-09,14,0,1,1,0,1,0,1,1,1,1.0,0.984707,0,1.0,1,5,0,18,0.0904,0.5923,YELLOW,48,Mumbai
CLM0014254,MUM_07783,Powai,2022-10-25,21,0,1,1,0,0,0,0,1,0,0.0,1.0,0,0.0,0,420,2,1,0.7382,0.5126,YELLOW,36,Mumbai
CLM0014255,MUM_04131,Lower Parel,2023-02-14,15,0,1,1,0,0,0,0,1,0,0.0,0.127347,0,1.0,0,363,2,5,0.2021,0.4587,YELLOW,33,Mumbai
CLM0014256,MUM_07244,Chembur,2023-08-06,17,0,1,1,0,1,0,1,0,1,0.0,0.987935,1,1.0,1,8,0,18,0.8839,0.6912,RED,36,Mumbai
CLM0014257,MUM_04950,Chembur,2022-09-15,16,0,1,1,0,1,0,0,0,0,0.0,0.01957,0,0.0,0,323,1,3,0.05,0.1032,GREEN,41,Mumbai
CLM0014258,MUM_02702,Ghatkopar,2021-05-03,21,0,0,0,0,0,0,0,0,0,1.0,0.30076,0,0.0,0,24,3,0,0.6842,0.0125,GREEN,61,Mumbai
CLM0014259,MUM_00587,Thane,2019-05-02,13,0,0,0,0,0,0,0,0,0,0.0,0.135908,0,0.0,0,420,4,4,0.7008,0.0051,GREEN,35,Mumbai
CLM0014260,MUM_02190,Andheri,2020-12-16,11,0,0,0,0,0,0,0,0,0,0.0,0.0,0,0.0,0,189,0,2,0.7424,0.0488,GREEN,46,Mumbai
CLM0014261,MUM_02418,Vashi,2020-05-27,16,0,0,0,0,0,0,0,0,0,0.0,0.216263,0,0.0,0,388,0,4,0.8587,0.0939,GREEN,41,Mumbai
CLM0014262,MUM_08124,Thane,2022-03-14,15,0,0,0,0,0,0,1,0,0,0.0,0.233893,0,0.0,0,420,4,6,0.8488,0.2002,GREEN,53,Mumbai
CLM0014263,MUM_07120,Borivali,2020-04-26,20,0,0,0,0,0,0,0,0,0,0.0,0.254132,0,1.0,0,197,3,0,0.7149,0.0412,GREEN,59,Mumbai
CLM0014264,MUM_10000,Andheri,2016-03-29,19,0,0,0,0,0,0,0,0,0,0.0,0.183775,0,0.0,0,307,3,2,0.3144,0.0,GREEN,45,Mumbai
CLM0014265,MUM_03177,Ghatkopar,2018-12-24,16,0,0,0,0,1,0,0,0,0,0.0,0.231002,0,1.0,0,243,2,0,0.4273,0.115,GREEN,37,Mumbai
CLM0014266,MUM_02248,Andheri,2025-01-24,13,0,0,0,0,0,0,0,0,0,0.0,0.270534,0,0.0,0,315,3,0,0.7397,0.0,GREEN,41,Mumbai
CLM0014267,MUM_06367,Thane,2022-10-30,17,0,0,0,0,0,0,0,0,0,0.0,0.251823,0,0.0,0,133,1,2,0.9144,0.0,GREEN,39,Mumbai
CLM0014268,MUM_09251,Ghatkopar,2024-03-02,13,0,0,0,0,0,0,0,0,0,0.0,0.117069,0,0.0,1,42,0,2,0.5089,0.0792,GREEN,42,Mumbai
CLM0014269,MUM_01876,Bandra,2022-08-17,12,0,0,0,0,0,0,0,0,0,0.0,0.028088,1,0.0,0,290,2,0,0.9085,0.1533,GREEN,39,Mumbai
CLM0014270,MUM_07085,Chembur,2025-06-19,21,0,0,0,0,0,0,0,0,0,0.0,0.084751,0,0.0,0,215,4,0,0.98,0.0,GREEN,40,Mumbai
CLM0014271,MUM_08642,Borivali,2021-09-25,12,0,0,0,0,0,0,0,0,0,0.0,0.218578,0,0.0,0,319,4,1,0.5136,0.0,GREEN,40,Mumbai
CLM0014272,MUM_00256,Ghatkopar,2024-02-04,19,0,0,0,0,0,0,0,0,0,0.0,0.206037,0,0.0,0,268,0,0,0.6958,0.0,GREEN,48,Mumbai
CLM0014273,MUM_04226,Thane,2025-03-11,7,0,0,0,0,0,0,0,0,0,0.0,0.099769,1,0.0,0,420,0,3,0.5567,0.145,GREEN,24,Mumbai
CLM0014274,MUM_01148,Lower Parel,2023-09-26,14,0,0,0,1,0,0,1,1,0,1.0,1.0,0,0.0,1,10,2,14,0.1306,0.0,GREEN,44,Mumbai
CLM0014275,MUM_05750,Powai,2022-07-13,14,0,0,0,0,0,0,1,0,0,0.0,0.912723,0,0.0,0,420,0,0,0.9481,0.1453,GREEN,60,Mumbai
CLM0014276,MUM_03545,Borivali,2022-03-13,15,0,0,0,1,0,0,1,0,0,0.0,1.0,0,1.0,0,420,3,7,0.6158,0.2187,GREEN,34,Mumbai
CLM0014277,MUM_05089,Ghatkopar,2018-03-30,18,0,0,0,1,1,1,1,0,1,1.0,0.964803,1,0.0,0,5,1,13,0.3041,0.1634,GREEN,48,Mumbai
CLM0014278,MUM_05876,Chembur,2024-10-13,9,0,0,0,0,0,0,0,0,0,1.0,0.0,0,1.0,0,207,4,2,0.9276,0.0608,GREEN,52,Mumbai
CLM0014279,MUM_01326,Bandra,2017-08-19,18,0,0,0,0,0,0,0,0,0,0.0,0.275454,0,0.0,0,77,0,2,0.2174,0.0493,GREEN,40,Mumbai
CLM0014280,MUM_05270,Chembur,2023-04-03,8,0,1,1,0,0,0,1,0,0,0.0,0.180573,0,0.0,0,117,1,1,0.8091,0.0272,GREEN,46,Mumbai
CLM0014281,MUM_05524,Vashi,2018-05-29,13,0,0,0,0,0,0,0,0,0,0.0,0.987405,0,0.0,0,165,3,0,0.8496,0.0114,GREEN,38,Mumbai
CLM0014282,MUM_01058,Powai,2024-04-27,21,0,0,0,0,0,0,0,0,0,1.0,0.350136,0,0.0,0,163,1,1,0.8154,0.151,GREEN,23,Mumbai
CLM0014283,MUM_07221,Chembur,2024-07-10,21,0,0,0,0,0,0,1,0,0,0.0,0.336849,0,0.0,0,78,2,1,0.2193,0.195,GREEN,56,Mumbai
CLM0014284,MUM_03575,Thane,2022-10-12,7,0,0,0,0,1,0,0,0,0,0.0,0.292421,0,0.0,0,408,3,3,0.3257,0.1327,GREEN,40,Mumbai
CLM0014285,MUM_00599,Lower Parel,2024-04-23,9,0,0,0,0,0,1,0,1,0,0.0,0.119729,0,0.0,0,30,4,0,0.1248,0.1856,GREEN,25,Mumbai
CLM0014286,MUM_05969,Dadar,2024-11-04,19,1,0,0,0,0,0,0,0,0,0.0,0.272358,0,0.0,0,222,2,0,0.1997,0.0617,GREEN,28,Mumbai
CLM0014287,MUM_07200,Ghatkopar,2020-01-31,12,0,0,0,0,0,0,0,0,0,0.0,0.288945,0,0.0,0,420,3,4,0.1931,0.0,GREEN,45,Mumbai
CLM0014288,MUM_06028,Vashi,2018-11-06,13,0,0,0,0,0,0,0,0,0,0.0,0.20447,0,0.0,0,420,0,1,0.9046,0.0573,GREEN,27,Mumbai
CLM0014289,MUM_04241,Borivali,2025-03-22,21,0,0,0,1,1,1,1,1,1,1.0,1.0,0,0.0,1,24,2,18,0.3438,0.0268,GREEN,45,Mumbai
CLM0014290,MUM_01433,Ghatkopar,2022-11-03,13,0,0,0,0,0,1,0,0,1,0.0,0.918169,0,0.0,0,420,1,0,0.5821,0.1476,GREEN,18,Mumbai
CLM0014291,MUM_01031,Thane,2023-01-24,12,0,0,0,0,0,0,0,0,0,0.0,0.0,0,0.0,0,207,1,0,0.98,0.0574,GREEN,36,Mumbai
CLM0014292,MUM_07477,Powai,2021-08-24,7,0,0,0,0,0,0,0,0,1,0.0,1.0,0,0.0,0,59,3,6,0.7967,0.0767,GREEN,36,Mumbai
CLM0014293,MUM_01140,Chembur,2021-04-17,13,0,0,0,0,0,0,0,0,0,0.0,0.054798,0,0.0,0,358,2,5,0.9588,0.0614,GREEN,43,Mumbai
CLM0014294,MUM_01729,Dadar,2023-08-08,21,0,0,0,0,0,0,0,0,1,0.0,0.046113,1,0.0,0,171,3,1,0.8448,0.0633,GREEN,36,Mumbai
CLM0014295,MUM_01958,Lower Parel,2021-04-17,15,0,0,0,0,0,0,0,0,0,0.0,0.346223,0,0.0,0,236,0,3,0.9333,0.0,GREEN,32,Mumbai
CLM0014296,MUM_02136,Bandra,2024-08-27,12,0,0,0,0,0,0,0,0,0,0.0,0.293082,0,0.0,1,92,2,4,0.5467,0.2456,GREEN,39,Mumbai
CLM0014297,MUM_06864,Lower Parel,2020-07-16,18,0,0,0,0,1,0,0,0,0,0.0,0.126883,1,0.0,0,77,3,2,0.6877,0.1321,GREEN,41,Mumbai
CLM0014298,MUM_05352,Borivali,2025-04-22,13,0,0,0,0,0,0,0,0,0,0.0,0.405426,0,0.0,0,300,2,0,0.7745,0.0,GREEN,22,Mumbai
CLM0014299,MUM_07248,Powai,2024-09-25,12,0,0,0,0,0,0,0,1,0,0.0,0.354014,0,0.0,0,33,0,0,0.8859,0.1698,GREEN,49,Mumbai
CLM0014300,MUM_05115,Chembur,2021-06-07,15,0,0,0,0,0,0,1,0,0,0.0,0.105299,0,0.0,0,51,1,2,0.956,0.0404,GREEN,46,Mumbai
CLM0014301,MUM_05556,Chembur,2024-08-13,10,0,0,0,0,0,0,0,0,0,0.0,0.292252,0,0.0,0,420,4,4,0.4187,0.0,GREEN,32,Mumbai
CLM0014302,MUM_01611,Andheri,2025-10-14,19,0,0,0,0,0,0,0,0,0,0.0,0.150933,0,0.0,1,135,1,1,0.9194,0.0691,GREEN,58,Mumbai
CLM0014303,MUM_04030,Vashi,2023-12-27,18,0,0,0,0,1,0,0,0,0,1.0,0.113343,0,0.0,0,5,4,3,0.635,0.2158,GREEN,32,Mumbai
CLM0014304,MUM_01948,Thane,2023-10-01,21,0,0,0,0,0,0,0,0,1,0.0,0.982657,0,1.0,0,388,4,0,0.7485,0.1499,GREEN,45,Mumbai
CLM0014305,MUM_03073,Andheri,2023-11-05,20,0,0,0,0,0,0,0,0,0,0.0,0.188525,0,0.0,0,207,1,3,0.1242,0.0626,GREEN,52,Mumbai
CLM0014306,MUM_02697,Vashi,2024-11-16,8,0,0,0,0,0,0,0,0,0,0.0,0.328823,0,0.0,0,62,2,0,0.2018,0.0226,GREEN,39,Mumbai
CLM0014307,MUM_01574,Andheri,2020-08-07,20,0,0,0,0,0,0,1,0,0,0.0,0.0,0,0.0,0,185,3,6,0.818,0.1223,GREEN,51,Mumbai
CLM0014308,MUM_01480,Thane,2025-09-16,11,0,0,0,0,0,1,0,0,0,0.0,0.04517,0,0.0,0,273,2,0,0.9622,0.0596,GREEN,23,Mumbai
CLM0014309,MUM_00964,Andheri,2023-06-07,20,0,0,0,0,0,0,0,0,0,0.0,0.03717,0,0.0,0,361,4,4,0.8385,0.0172,GREEN,45,Mumbai
CLM0014310,MUM_01638,Andheri,2025-07-07,8,0,0,0,0,0,0,0,0,0,0.0,0.257631,0,0.0,1,170,0,7,0.6357,0.0093,GREEN,26,Mumbai
CLM0014311,MUM_04461,Andheri,2023-05-06,15,0,0,0,0,0,0,0,0,0,0.0,0.32136,0,0.0,0,308,4,2,0.8921,0.0,GREEN,47,Mumbai
CLM0014312,MUM_04376,Dadar,2024-01-07,11,0,0,0,0,1,0,0,0,0,0.0,0.147627,0,0.0,0,371,2,1,0.91,0.1362,GREEN,42,Mumbai
CLM0014313,MUM_03763,Thane,2025-12-05,19,0,0,0,0,0,0,0,0,0,0.0,0.092813,1,0.0,0,306,3,2,0.6287,0.1848,GREEN,49,Mumbai
CLM0014314,MUM_08788,Andheri,2025-09-08,20,0,0,0,1,0,0,0,0,0,0.0,0.22443,0,0.0,1,157,4,5,0.6395,0.2793,GREEN,32,Mumbai
CLM0014315,MUM_00028,Borivali,2024-05-18,11,0,0,0,0,0,0,0,0,0,0.0,0.183509,0,1.0,0,50,1,3,0.7749,0.0,GREEN,49,Mumbai
CLM0014316,MUM_04454,Chembur,2024-02-23,14,0,0,0,0,0,0,0,0,0,0.0,0.240665,0,0.0,0,378,2,2,0.5808,0.0341,GREEN,48,Mumbai
CLM0014317,MUM_06806,Borivali,2023-06-16,8,0,0,0,0,0,0,0,0,0,1.0,0.349014,0,0.0,0,364,1,7,0.3488,0.0,GREEN,45,Mumbai
CLM0014318,MUM_01097,Ghatkopar,2025-03-18,16,0,0,0,0,0,1,0,0,0,0.0,0.027305,0,0.0,0,395,1,0,0.8507,0.1009,GREEN,56,Mumbai
CLM0014319,MUM_03176,Andheri,2021-12-02,19,0,0,0,0,0,1,0,0,0,0.0,0.371903,0,0.0,1,73,3,3,0.5207,0.1669,GREEN,37,Mumbai
CLM0014320,MUM_06643,Ghatkopar,2024-11-07,7,0,0,0,0,0,0,0,0,0,0.0,0.22953,0,0.0,0,317,1,0,0.1244,0.015,GREEN,48,Mumbai
CLM0014321,MUM_07874,Vashi,2024-10-26,18,0,0,0,0,0,0,0,0,0,0.0,0.018567,0,0.0,0,107,4,1,0.4529,0.0,GREEN,43,Mumbai
CLM0014322,MUM_00838,Chembur,2023-06-15,17,0,0,0,0,0,0,0,0,0,0.0,0.224924,0,0.0,0,307,0,4,0.7377,0.0327,GREEN,44,Mumbai
CLM0014323,MUM_00288,Bandra,2025-10-29,9,0,0,0,0,0,0,0,0,0,0.0,0.246434,0,0.0,0,133,0,0,0.5795,0.0,GREEN,29,Mumbai
CLM0014324,MUM_00040,Ghatkopar,2019-10-12,9,0,0,0,0,0,0,0,0,0,0.0,0.168977,0,0.0,0,89,2,3,0.7954,0.0,GREEN,44,Mumbai
CLM0014325,MUM_03033,Bandra,2024-10-13,12,0,0,0,0,0,0,0,0,0,0.0,0.0,0,0.0,0,420,0,1,0.5524,0.017,GREEN,36,Mumbai
CLM0014326,MUM_06998,Andheri,2025-07-25,7,0,0,0,0,0,0,0,0,0,1.0,0.119029,0,0.0,0,254,2,2,0.706,0.0843,GREEN,37,Mumbai
CLM0014327,MUM_07418,Ghatkopar,2024-10-12,14,0,0,0,0,0,1,0,0,0,0.0,0.327573,0,0.0,0,365,1,5,0.8167,0.156,GREEN,51,Mumbai
CLM0014328,MUM_01832,Andheri,2024-07-18,19,0,0,0,0,0,0,0,0,0,0.0,0.196704,0,0.0,0,376,4,2,0.7156,0.0275,GREEN,26,Mumbai
CLM0014329,MUM_01216,Borivali,2017-11-25,8,0,0,0,0,0,1,0,0,0,0.0,0.296806,0,0.0,0,216,4,0,0.7212,0.1112,GREEN,26,Mumbai
CLM0014330,MUM_02823,Chembur,2021-03-21,13,0,1,1,0,1,0,0,0,0,0.0,1.0,0,0.0,0,16,0,3,0.7811,0.1565,GREEN,48,Mumbai
CLM0014331,MUM_06629,Powai,2021-10-12,14,0,0,0,1,1,0,0,1,1,1.0,0.850847,0,0.0,0,18,4,18,0.05,0.0,GREEN,44,Mumbai
CLM0014332,MUM_04990,Bandra,2017-12-16,12,0,0,0,0,0,1,0,0,0,0.0,0.322346,0,0.0,0,401,4,3,0.6036,0.219,GREEN,18,Mumbai
CLM0014333,MUM_09358,Ghatkopar,2018-02-23,20,0,0,0,0,0,0,0,1,0,0.0,0.287488,0,0.0,0,369,0,5,0.7111,0.0591,GREEN,20,Mumbai
CLM0014334,MUM_07500,Thane,2017-04-18,19,0,0,0,0,0,0,0,0,0,0.0,0.931643,0,0.0,0,145,3,4,0.7714,0.0,GREEN,26,Mumbai
CLM0014335,MUM_04714,Thane,2021-07-25,7,0,0,0,0,0,0,0,1,0,0.0,0.0,0,0.0,0,52,3,0,0.901,0.042,GREEN,49,Mumbai
CLM0014336,MUM_09953,Bandra,2024-01-04,16,0,0,0,0,0,0,0,0,0,0.0,0.222024,0,0.0,0,21,0,5,0.4245,0.0,GREEN,31,Mumbai
CLM0014337,MUM_09830,Andheri,2022-01-16,14,0,0,0,0,0,0,0,0,0,0.0,0.164294,0,0.0,0,50,1,3,0.7546,0.0274,GREEN,35,Mumbai
CLM0014338,MUM_07107,Ghatkopar,2023-08-16,21,0,0,0,0,0,1,0,0,0,0.0,0.342714,0,0.0,0,406,0,3,0.8421,0.0677,GREEN,34,Mumbai
CLM0014339,MUM_09641,Chembur,2023-05-03,18,0,1,1,0,0,0,0,0,0,0.0,1.0,0,0.0,1,292,3,2,0.8802,0.1047,GREEN,51,Mumbai
CLM0014340,MUM_02076,Lower Parel,2022-03-10,17,0,0,0,0,0,0,0,0,0,0.0,0.197526,0,0.0,0,250,2,1,0.98,0.0017,GREEN,58,Mumbai
CLM0014341,MUM_01891,Dadar,2025-06-24,11,0,0,0,1,1,1,1,1,1,1.0,1.0,1,1.0,0,5,0,18,0.2342,0.0,GREEN,41,Mumbai
CLM0014342,MUM_06077,Borivali,2022-04-12,17,0,0,0,0,0,1,0,0,0,0.0,0.126523,0,0.0,0,376,1,6,0.6717,0.0952,GREEN,47,Mumbai
CLM0014343,MUM_09506,Thane,2025-04-12,12,0,0,0,1,1,0,0,0,0,0.0,0.355478,1,0.0,0,220,3,5,0.872,0.3586,YELLOW,50,Mumbai
CLM0014344,MUM_08878,Chembur,2025-02-04,20,0,0,0,0,0,1,0,0,0,0.0,0.0,0,0.0,0,173,4,3,0.4421,0.0852,GREEN,33,Mumbai
CLM0014345,MUM_07379,Borivali,2024-05-26,15,0,0,0,0,0,0,0,0,0,0.0,0.400512,0,0.0,0,14,2,4,0.9367,0.0194,GREEN,41,Mumbai
CLM0014346,MUM_07753,Thane,2025-05-02,17,0,0,0,0,0,0,0,0,0,0.0,0.017659,0,0.0,0,363,1,5,0.6813,0.0,GREEN,48,Mumbai
CLM0014347,MUM_05409,Vashi,2021-09-12,10,0,0,0,0,0,0,0,0,0,0.0,0.25854,0,0.0,0,130,4,1,0.9426,0.1484,GREEN,35,Mumbai
CLM0014348,MUM_09067,Chembur,2023-05-16,18,0,0,0,0,0,0,0,0,0,0.0,0.037054,1,0.0,0,419,3,2,0.7287,0.1276,GREEN,37,Mumbai
CLM0014349,MUM_02529,Lower Parel,2023-08-18,10,0,0,0,0,0,0,0,0,0,0.0,0.401196,0,0.0,0,260,4,4,0.885,0.0928,GREEN,28,Mumbai
CLM0014350,MUM_04274,Lower Parel,2025-03-15,14,0,0,0,0,0,0,0,0,1,0.0,0.152009,0,0.0,0,304,1,7,0.5599,0.0803,GREEN,33,Mumbai
CLM0014351,MUM_01977,Borivali,2025-06-03,11,0,0,0,0,0,0,1,0,0,0.0,0.2305,0,0.0,0,123,4,2,0.5291,0.0,GREEN,28,Mumbai
CLM0014352,MUM_07143,Dadar,2021-04-21,12,0,0,0,1,0,0,0,0,0,0.0,0.405136,0,0.0,0,420,0,1,0.5273,0.1728,GREEN,46,Mumbai
CLM0014353,MUM_02164,Andheri,2021-04-17,19,0,1,1,0,0,0,0,0,0,0.0,0.198099,0,0.0,1,124,3,2,0.629,0.0112,GREEN,41,Mumbai
CLM0014354,MUM_03498,Lower Parel,2023-07-22,13,0,0,0,0,0,0,0,0,0,0.0,0.042812,0,0.0,0,309,3,0,0.7139,0.0,GREEN,39,Mumbai
CLM0014355,MUM_02915,Dadar,2025-12-27,15,0,0,0,0,0,0,0,1,0,0.0,0.306473,0,0.0,0,390,3,0,0.5434,0.1051,GREEN,41,Mumbai
CLM0014356,MUM_00573,Lower Parel,2024-01-14,14,0,0,0,0,0,0,0,0,1,0.0,0.172081,0,0.0,1,183,0,2,0.9677,0.1611,GREEN,34,Mumbai
CLM0014357,MUM_06886,Thane,2022-05-29,19,0,0,0,0,0,0,0,0,0,0.0,0.0,0,0.0,0,253,1,6,0.05,0.0,GREEN,44,Mumbai
CLM0014358,MUM_00284,Lower Parel,2021-02-22,20,0,0,0,0,0,0,0,0,0,0.0,0.094077,0,0.0,0,390,1,1,0.8026,0.0,GREEN,36,Mumbai
CLM0014359,MUM_05976,Dadar,2021-11-20,21,0,0,0,0,0,0,0,1,0,0.0,0.231385,0,0.0,0,340,3,1,0.7745,0.0587,GREEN,36,Mumbai
CLM0014360,MUM_02350,Vashi,2023-07-02,11,0,0,0,0,0,0,0,1,0,1.0,0.34384,0,0.0,0,285,2,2,0.6911,0.1529,GREEN,62,Mumbai
CLM0014361,MUM_04945,Andheri,2020-02-25,15,0,0,0,0,0,1,1,0,0,0.0,0.327512,0,0.0,0,312,1,3,0.82,0.0862,GREEN,57,Mumbai
CLM0014362,MUM_00002,Lower Parel,2022-07-04,15,0,1,1,0,0,0,0,0,0,0.0,0.309844,0,0.0,0,420,4,1,0.816,0.053,GREEN,50,Mumbai
CLM0014363,MUM_03445,Thane,2024-12-27,11,0,0,0,0,0,0,0,0,0,0.0,0.242655,0,0.0,0,420,1,7,0.6664,0.0991,GREEN,53,Mumbai
CLM0014364,MUM_08564,Andheri,2018-01-16,19,0,0,0,0,1,0,0,0,0,0.0,0.130701,0,0.0,0,54,2,4,0.786,0.1635,GREEN,54,Mumbai
CLM0014365,MUM_07366,Vashi,2023-05-20,21,0,0,0,0,0,0,0,0,0,0.0,0.400448,0,0.0,0,275,4,2,0.98,0.0197,GREEN,30,Mumbai
CLM0014366,MUM_01293,Andheri,2022-02-13,11,0,0,0,0,0,0,1,0,0,0.0,0.172878,0,0.0,0,420,3,2,0.6113,0.1384,GREEN,52,Mumbai
CLM0014367,MUM_00589,Lower Parel,2024-07-23,21,0,0,0,0,0,0,0,0,0,0.0,0.024445,0,0.0,0,204,1,2,0.6863,0.0253,GREEN,52,Mumbai
CLM0014368,MUM_00132,Lower Parel,2021-06-29,10,0,0,0,0,0,1,0,0,0,0.0,0.092381,0,0.0,0,6,2,2,0.9549,0.0949,GREEN,36,Mumbai
CLM0014369,MUM_06751,Dadar,2019-10-25,9,0,0,0,0,0,0,0,0,0,1.0,0.418437,1,0.0,0,44,4,2,0.7685,0.1234,GREEN,35,Mumbai
CLM0014370,MUM_03233,Chembur,2016-11-28,18,0,0,0,0,0,0,1,0,0,0.0,0.0,0,0.0,0,420,1,3,0.7302,0.0885,GREEN,56,Mumbai
CLM0014371,MUM_06417,Vashi,2018-04-11,12,0,0,0,0,1,0,0,0,0,0.0,0.139497,0,0.0,0,420,1,2,0.6367,0.1716,GREEN,34,Mumbai
CLM0014372,MUM_07562,Dadar,2023-02-16,9,0,1,1,0,0,0,0,0,0,0.0,0.046215,0,0.0,0,138,3,1,0.5236,0.0107,GREEN,49,Mumbai
CLM0014373,MUM_08890,Lower Parel,2024-04-28,20,0,0,0,0,0,1,0,0,0,0.0,0.0,0,0.0,0,401,1,3,0.1483,0.0719,GREEN,27,Mumbai
CLM0014374,MUM_02765,Andheri,2020-09-26,14,0,0,0,0,0,0,1,0,0,0.0,0.34722,0,0.0,0,264,1,3,0.2845,0.0175,GREEN,48,Mumbai
CLM0014375,MUM_07768,Ghatkopar,2020-09-02,20,0,0,0,0,1,0,0,0,0,0.0,0.248442,0,0.0,0,88,0,1,0.8892,0.1385,GREEN,34,Mumbai
CLM0014376,MUM_05408,Bandra,2022-01-07,15,0,0,0,0,0,0,1,0,0,0.0,0.239438,0,0.0,0,208,0,0,0.98,0.0909,GREEN,48,Mumbai
CLM0014377,MUM_08247,Andheri,2023-04-02,11,0,0,0,0,0,0,0,0,0,1.0,0.349359,0,0.0,0,303,2,6,0.5526,0.057,GREEN,47,Mumbai
CLM0014378,MUM_00387,Chembur,2022-04-13,14,0,0,0,0,0,0,0,0,0,0.0,0.221099,0,0.0,0,251,2,2,0.3558,0.0891,GREEN,55,Mumbai
CLM0014379,MUM_04816,Thane,2019-11-09,7,0,0,0,0,0,0,0,0,0,0.0,0.366715,0,0.0,0,309,0,5,0.7413,0.028,GREEN,34,Mumbai
CLM0014380,MUM_01653,Chembur,2022-01-08,12,0,0,0,0,0,0,0,1,0,0.0,0.476925,0,1.0,0,283,4,3,0.6413,0.1582,GREEN,44,Mumbai
CLM0014381,MUM_04884,Andheri,2022-03-26,13,0,0,0,0,0,0,0,0,0,0.0,0.311123,0,0.0,0,333,3,4,0.8411,0.0,GREEN,37,Mumbai
CLM0014382,MUM_07306,Bandra,2022-04-08,9,0,0,0,0,0,0,0,1,0,0.0,0.252534,0,0.0,0,312,1,4,0.98,0.1089,GREEN,41,Mumbai
CLM0014383,MUM_04287,Bandra,2023-11-18,20,0,0,0,0,0,0,0,1,0,0.0,1.0,0,0.0,0,292,4,2,0.6191,0.1422,GREEN,45,Mumbai
CLM0014384,MUM_02527,Lower Parel,2025-04-05,8,0,0,0,0,0,0,0,0,0,1.0,0.315415,0,0.0,0,145,2,0,0.9379,0.0401,GREEN,35,Mumbai
CLM0014385,MUM_00213,Powai,2025-01-30,10,0,0,0,0,0,0,0,0,0,0.0,0.047958,0,0.0,1,29,1,2,0.2191,0.0847,GREEN,47,Mumbai
CLM0014386,MUM_07399,Lower Parel,2025-03-27,15,0,0,0,0,1,1,0,0,0,0.0,0.262543,1,1.0,0,294,0,1,0.5521,0.2626,GREEN,49,Mumbai
CLM0014387,MUM_01768,Borivali,2025-07-22,13,0,0,0,0,0,1,0,1,0,0.0,0.142508,0,0.0,0,114,1,0,0.8662,0.1989,GREEN,42,Mumbai
CLM0014388,MUM_07839,Ghatkopar,2025-01-31,13,0,0,0,0,0,0,0,0,0,0.0,0.147539,0,0.0,0,194,0,0,0.6591,0.0,GREEN,46,Mumbai
CLM0014389,MUM_09118,Chembur,2023-10-09,12,0,0,0,0,0,0,0,0,0,0.0,0.334751,0,0.0,0,81,2,4,0.7705,0.0,GREEN,26,Mumbai
CLM0014390,MUM_07004,Vashi,2024-06-29,7,0,0,0,0,0,0,0,0,0,1.0,0.169101,0,0.0,0,420,4,4,0.8129,0.0733,GREEN,31,Mumbai
CLM0014391,MUM_02742,Lower Parel,2024-06-20,10,0,0,0,0,0,0,0,0,0,0.0,0.091076,0,0.0,0,285,4,2,0.6714,0.154,GREEN,42,Mumbai
CLM0014392,MUM_05403,Andheri,2025-05-20,10,0,0,0,0,0,0,1,0,0,0.0,0.259814,0,0.0,0,242,0,3,0.9136,0.0267,GREEN,42,Mumbai
CLM0014393,MUM_02789,Chembur,2023-12-21,12,0,0,0,0,0,0,0,1,0,0.0,0.385911,0,0.0,0,420,1,3,0.8873,0.117,GREEN,36,Mumbai
CLM0014394,MUM_09574,Vashi,2023-10-02,7,0,0,0,0,0,1,0,0,0,0.0,0.180032,0,0.0,0,400,3,5,0.4062,0.1653,GREEN,52,Mumbai
CLM0014395,MUM_06868,Chembur,2016-10-28,9,0,0,0,0,1,0,0,0,0,0.0,0.245458,0,0.0,0,208,1,2,0.98,0.1412,GREEN,55,Mumbai
CLM0014396,MUM_04151,Chembur,2025-09-20,8,0,1,1,0,0,0,0,0,0,0.0,0.42732,0,0.0,0,384,2,0,0.6162,0.0015,GREEN,38,Mumbai
CLM0014397,MUM_09701,Bandra,2022-03-12,21,0,0,0,1,0,0,1,1,0,1.0,1.0,1,0.0,1,15,4,18,0.0822,0.0,GREEN,44,Mumbai
CLM0014398,MUM_01785,Chembur,2022-08-06,18,0,0,0,0,0,0,0,0,0,0.0,0.221198,0,0.0,0,357,3,6,0.8636,0.0273,GREEN,41,Mumbai
CLM0014399,MUM_03246,Thane,2021-11-26,15,0,0,0,0,0,0,0,0,0,0.0,0.276291,0,0.0,0,236,3,0,0.6041,0.0,GREEN,48,Mumbai
CLM0014400,MUM_05780,Bandra,2024-01-01,14,0,0,0,0,0,0,0,0,1,1.0,0.421588,0,0.0,0,58,4,0,0.956,0.1892,GREEN,46,Mumbai
CLM0014401,MUM_03876,Bandra,2016-03-27,14,0,0,0,0,0,1,0,0,0,0.0,0.46764,0,0.0,0,420,3,0,0.4024,0.0677,GREEN,40,Mumbai
CLM0014402,MUM_07514,Lower Parel,2021-04-03,8,0,1,1,0,0,0,0,0,0,0.0,0.086682,0,0.0,0,62,0,4,0.6902,0.0,GREEN,38,Mumbai
CLM0014403,MUM_06181,Bandra,2022-04-30,17,0,0,0,0,0,0,0,0,0,0.0,0.0,0,0.0,0,116,2,0,0.7139,0.0521,GREEN,38,Mumbai
CLM0014404,MUM_08681,Lower Parel,2016-07-13,10,0,0,0,0,0,0,0,0,0,0.0,0.070051,0,0.0,0,49,1,0,0.8291,0.0,GREEN,54,Mumbai
CLM0014405,MUM_07949,Chembur,2024-04-23,21,0,0,0,0,0,0,0,0,0,0.0,0.332251,0,0.0,0,89,1,6,0.6477,0.0312,GREEN,37,Mumbai
CLM0014406,MUM_08866,Thane,2022-02-28,16,0,0,0,0,0,0,0,0,0,0.0,0.359959,0,0.0,0,95,4,4,0.9516,0.084,GREEN,46,Mumbai
CLM0014407,MUM_02151,Borivali,2018-06-14,8,0,0,0,0,0,0,0,0,0,0.0,0.282017,0,0.0,0,420,2,0,0.7456,0.0,GREEN,39,Mumbai
CLM0014408,MUM_05710,Ghatkopar,2021-01-16,14,0,0,0,1,1,1,1,1,1,0.0,0.074148,1,0.0,0,9,0,18,0.8804,0.1015,GREEN,38,Mumbai
CLM0014409,MUM_09499,Chembur,2023-11-26,21,0,0,0,0,0,0,0,0,0,0.0,0.127281,0,0.0,0,315,1,2,0.9299,0.0289,GREEN,57,Mumbai
CLM0014410,MUM_02264,Lower Parel,2017-12-20,13,0,0,0,0,0,0,0,0,0,0.0,0.402262,0,0.0,0,109,0,2,0.8847,0.0,GREEN,43,Mumbai
CLM0014411,MUM_06116,Ghatkopar,2023-12-25,14,0,1,1,0,0,0,0,0,0,0.0,0.158017,0,0.0,0,191,3,4,0.6939,0.0403,GREEN,53,Mumbai
CLM0014412,MUM_04930,Dadar,2022-11-14,16,0,0,0,0,0,0,0,0,0,0.0,0.15273,0,0.0,0,112,1,1,0.7714,0.0,GREEN,21,Mumbai
CLM0014413,MUM_04553,Ghatkopar,2024-06-21,17,0,0,0,0,0,0,0,0,0,0.0,0.145641,0,0.0,0,403,3,3,0.7473,0.0355,GREEN,40,Mumbai
CLM0014414,MUM_05987,Ghatkopar,2025-03-06,12,0,0,0,0,0,0,0,0,0,0.0,0.444909,0,0.0,0,354,0,3,0.8468,0.0502,GREEN,53,Mumbai
CLM0014415,MUM_09693,Lower Parel,2023-04-10,10,0,0,0,1,0,0,1,1,0,1.0,0.904743,1,0.0,1,5,4,18,0.134,0.1332,GREEN,54,Mumbai
CLM0014416,MUM_07138,Andheri,2022-11-30,21,0,0,0,0,0,0,0,0,0,0.0,0.990895,0,0.0,0,420,1,3,0.8781,0.0081,GREEN,50,Mumbai
CLM0014417,MUM_03971,Dadar,2017-11-27,16,0,0,0,0,0,0,0,0,0,0.0,0.092077,0,0.0,0,370,1,1,0.6611,0.0,GREEN,34,Mumbai
CLM0014418,MUM_05208,Vashi,2017-04-16,21,0,0,0,0,0,0,0,0,0,0.0,0.353224,0,0.0,0,420,2,0,0.8689,0.0,GREEN,39,Mumbai
CLM0014419,MUM_07216,Chembur,2017-07-17,17,0,0,0,0,0,0,1,0,1,0.0,0.129281,0,0.0,0,195,2,5,0.8065,0.1574,GREEN,36,Mumbai
CLM0014420,MUM_07030,Chembur,2025-03-21,19,0,0,0,0,0,0,0,0,0,0.0,0.219401,0,0.0,0,119,1,0,0.4703,0.106,GREEN,36,Mumbai
CLM0014421,MUM_08001,Borivali,2025-11-14,8,0,0,0,0,0,0,0,0,0,0.0,0.080809,0,0.0,0,136,3,4,0.7829,0.0394,GREEN,44,Mumbai
CLM0014422,MUM_03285,Borivali,2020-12-03,12,0,0,0,0,0,0,0,1,0,0.0,0.112868,0,0.0,0,37,3,5,0.05,0.0659,GREEN,39,Mumbai
CLM0014423,MUM_05738,Vashi,2024-07-20,18,0,1,1,0,0,0,0,1,0,0.0,0.23215,0,0.0,0,291,1,3,0.05,0.141,GREEN,70,Mumbai
CLM0014424,MUM_02644,Ghatkopar,2023-06-04,10,0,0,0,0,0,0,0,0,0,0.0,0.325541,0,0.0,0,158,4,3,0.7494,0.0046,GREEN,26,Mumbai
CLM0014425,MUM_08599,Powai,2021-09-15,7,0,0,0,0,0,0,0,1,0,0.0,0.219508,0,0.0,0,339,4,4,0.9481,0.2088,GREEN,40,Mumbai
CLM0014426,MUM_04421,Chembur,2025-04-07,18,0,0,0,0,0,0,0,0,0,0.0,0.382292,0,0.0,0,292,2,0,0.9313,0.0121,GREEN,52,Mumbai
CLM0014427,MUM_06576,Vashi,2025-04-17,14,0,0,0,0,0,0,0,0,0,1.0,0.121379,0,0.0,0,420,3,2,0.0569,0.0,GREEN,48,Mumbai
CLM0014428,MUM_07824,Vashi,2021-02-06,18,0,0,0,0,0,0,0,0,0,0.0,0.384559,0,0.0,0,232,2,3,0.6603,0.1213,GREEN,42,Mumbai
CLM0014429,MUM_02239,Vashi,2024-09-03,9,0,1,1,0,0,0,0,0,0,0.0,0.001878,0,0.0,0,420,0,0,0.98,0.0,GREEN,37,Mumbai
CLM0014430,MUM_09231,Ghatkopar,2019-08-02,14,0,0,0,1,0,1,0,0,1,0.0,0.111451,0,0.0,1,195,4,5,0.5327,0.4633,YELLOW,45,Mumbai
CLM0014431,MUM_02434,Bandra,2024-01-25,10,0,0,0,0,0,0,0,0,0,0.0,0.198855,0,0.0,0,174,2,1,0.9621,0.0679,GREEN,52,Mumbai
CLM0014432,MUM_09700,Powai,2020-11-18,14,0,0,0,0,0,1,0,0,0,0.0,0.414825,0,0.0,0,86,0,4,0.8188,0.1179,GREEN,46,Mumbai
CLM0014433,MUM_04384,Ghatkopar,2019-08-26,14,0,0,0,0,0,0,0,0,0,0.0,0.186877,0,0.0,0,283,0,0,0.6828,0.0485,GREEN,27,Mumbai
CLM0014434,MUM_01734,Chembur,2021-12-15,15,0,0,0,0,0,0,0,0,0,1.0,0.236097,0,0.0,0,304,4,1,0.8303,0.0324,GREEN,47,Mumbai
CLM0014435,MUM_08465,Thane,2020-06-21,7,0,0,0,0,0,0,0,0,0,0.0,0.239232,0,1.0,0,412,1,2,0.6861,0.0107,GREEN,37,Mumbai
CLM0014436,MUM_02137,Chembur,2025-03-06,8,0,0,0,0,0,0,0,0,0,0.0,0.410362,0,0.0,0,105,4,3,0.6519,0.0171,GREEN,46,Mumbai
CLM0014437,MUM_01365,Powai,2023-01-30,10,0,0,0,0,0,0,0,0,0,0.0,0.077946,0,0.0,0,65,3,3,0.3037,0.0314,GREEN,59,Mumbai
CLM0014438,MUM_03718,Borivali,2025-11-29,10,0,0,0,0,0,0,0,1,0,0.0,0.237231,0,0.0,0,207,3,6,0.1723,0.0833,GREEN,58,Mumbai
CLM0014439,MUM_01211,Borivali,2022-10-24,21,0,1,1,0,0,0,0,0,0,0.0,0.272975,0,0.0,0,120,3,2,0.8749,0.0,GREEN,47,Mumbai
CLM0014440,MUM_02929,Lower Parel,2021-07-25,20,0,0,0,0,0,0,0,0,0,0.0,0.965392,0,0.0,0,420,2,3,0.0982,0.0,GREEN,44,Mumbai
CLM0014441,MUM_02902,Ghatkopar,2023-10-18,17,0,0,0,0,0,0,0,0,0,0.0,0.366799,0,0.0,0,220,0,0,0.5286,0.0055,GREEN,44,Mumbai
CLM0014442,MUM_05871,Dadar,2025-05-24,8,0,0,0,0,0,0,0,0,0,0.0,0.14678,0,0.0,0,152,1,2,0.8824,0.0,GREEN,58,Mumbai
CLM0014443,MUM_09277,Lower Parel,2022-09-14,12,0,0,0,0,0,0,0,0,0,1.0,0.194336,0,0.0,0,176,0,6,0.7456,0.0,GREEN,43,Mumbai
CLM0014444,MUM_02141,Chembur,2023-01-06,21,0,0,0,0,0,1,0,1,0,0.0,0.081788,0,0.0,0,49,4,7,0.7869,0.167,GREEN,56,Mumbai
CLM0014445,MUM_08351,Powai,2022-06-13,10,0,0,0,0,0,0,0,1,0,0.0,0.271842,0,0.0,0,149,0,1,0.1145,0.2239,GREEN,53,Mumbai
CLM0014446,MUM_09506,Thane,2023-11-23,17,0,0,0,0,0,0,0,1,0,0.0,0.044986,0,0.0,0,198,3,6,0.8145,0.0149,GREEN,50,Mumbai
CLM0014447,MUM_02226,Dadar,2023-04-15,9,0,0,0,0,0,0,0,0,0,0.0,0.361285,0,0.0,1,322,0,3,0.8258,0.1011,GREEN,25,Mumbai
CLM0014448,MUM_09286,Andheri,2021-09-15,20,0,0,0,0,1,1,1,1,0,0.0,0.033767,1,0.0,0,5,4,18,0.8161,0.0,GREEN,18,Mumbai
CLM0014449,MUM_00971,Ghatkopar,2021-08-01,8,0,0,0,0,0,1,0,0,1,0.0,0.223181,0,0.0,0,317,2,1,0.7185,0.1142,GREEN,33,Mumbai
CLM0014450,MUM_03127,Powai,2021-12-03,9,0,0,0,0,0,0,0,1,0,0.0,0.282332,0,0.0,1,399,0,0,0.958,0.116,GREEN,40,Mumbai
CLM0014451,MUM_01852,Dadar,2020-06-29,8,0,0,0,0,0,0,0,0,1,0.0,0.089659,0,0.0,1,123,0,3,0.4655,0.2754,GREEN,50,Mumbai
CLM0014452,MUM_01865,Chembur,2023-04-13,11,0,0,0,0,0,0,1,0,0,0.0,0.32519,1,0.0,0,412,0,4,0.7703,0.1522,GREEN,53,Mumbai
CLM0014453,MUM_04917,Andheri,2021-06-09,11,0,0,0,0,0,0,0,0,0,0.0,0.0,1,0.0,0,219,3,4,0.7343,0.0644,GREEN,46,Mumbai
CLM0014454,MUM_01817,Lower Parel,2023-08-13,15,0,0,0,0,0,0,0,0,1,0.0,0.263154,0,0.0,0,141,1,2,0.841,0.0748,GREEN,26,Mumbai
CLM0014455,MUM_09578,Lower Parel,2022-10-22,8,0,1,1,0,0,0,0,0,0,0.0,0.265293,0,0.0,0,139,3,3,0.7287,0.0217,GREEN,46,Mumbai
CLM0014456,MUM_02639,Andheri,2022-09-03,20,0,0,0,0,0,0,0,1,0,0.0,0.434491,0,0.0,0,120,1,0,0.7112,0.1035,GREEN,33,Mumbai
CLM0014457,MUM_08545,Powai,2024-02-14,21,0,0,0,0,0,0,0,0,0,0.0,0.0,0,0.0,0,204,1,4,0.8464,0.0,GREEN,58,Mumbai
CLM0014458,MUM_00758,Bandra,2023-02-08,8,0,0,0,0,0,0,0,0,0,0.0,0.050324,0,0.0,0,254,4,3,0.3509,0.0,GREEN,55,Mumbai
CLM0014459,MUM_01430,Vashi,2024-07-19,14,0,0,0,0,0,0,0,0,0,0.0,0.155552,0,0.0,0,44,0,3,0.98,0.0,GREEN,50,Mumbai
CLM0014460,MUM_07937,Lower Parel,2023-09-26,10,0,0,0,0,0,0,0,0,0,0.0,0.278941,0,0.0,0,148,3,1,0.909,0.0,GREEN,43,Mumbai
CLM0014461,MUM_02211,Borivali,2023-01-03,20,0,0,0,0,0,0,0,0,0,0.0,0.372327,0,0.0,0,334,2,1,0.9064,0.0,GREEN,31,Mumbai
CLM0014462,MUM_02649,Borivali,2025-04-19,18,0,0,0,0,0,1,1,1,1,0.0,0.027368,0,0.0,1,18,2,18,0.8796,0.1687,GREEN,41,Mumbai
CLM0014463,MUM_02805,Thane,2025-10-27,8,0,0,0,1,0,0,0,1,0,0.0,0.157733,0,0.0,0,103,1,3,0.98,0.2588,GREEN,33,Mumbai
CLM0014464,MUM_05961,Chembur,2023-01-21,11,0,0,0,0,0,1,0,0,0,0.0,0.222111,0,0.0,0,420,1,6,0.98,0.0507,GREEN,42,Mumbai
CLM0014465,MUM_02175,Lower Parel,2025-03-30,12,0,0,0,1,1,1,0,0,1,1.0,0.991113,1,0.0,1,18,3,18,0.2836,0.1275,GREEN,48,Mumbai
CLM0014466,MUM_06825,Lower Parel,2024-01-20,18,0,1,1,0,0,0,0,1,0,1.0,0.287652,0,0.0,0,338,4,3,0.7815,0.2651,GREEN,49,Mumbai
CLM0014467,MUM_02275,Andheri,2021-05-09,19,0,0,0,0,0,0,0,0,0,0.0,0.389304,0,0.0,0,274,3,3,0.98,0.0,GREEN,58,Mumbai
CLM0014468,MUM_09581,Bandra,2025-10-17,21,0,0,0,0,0,0,0,0,0,0.0,1.0,0,0.0,0,147,1,0,0.9051,0.0,GREEN,45,Mumbai
CLM0014469,MUM_05184,Bandra,2025-12-23,15,0,0,0,0,0,0,0,0,0,0.0,0.40296,1,0.0,0,375,1,4,0.5454,0.1481,GREEN,31,Mumbai
CLM0014470,MUM_08502,Powai,2020-07-02,19,0,0,0,0,0,1,0,0,0,0.0,0.031982,0,0.0,0,420,0,0,0.6866,0.1917,GREEN,54,Mumbai
CLM0014471,MUM_05957,Dadar,2020-07-28,16,0,0,0,0,0,0,1,0,0,1.0,0.060173,0,0.0,0,185,0,2,0.624,0.0144,GREEN,32,Mumbai
CLM0014472,MUM_03372,Thane,2023-08-25,12,0,0,0,0,0,0,0,0,0,1.0,1.0,0,0.0,0,418,2,3,0.605,0.0,GREEN,35,Mumbai
CLM0014473,MUM_00520,Ghatkopar,2023-11-23,18,0,0,0,0,0,0,0,0,0,0.0,0.190146,0,0.0,0,420,2,3,0.6778,0.0,GREEN,41,Mumbai
CLM0014474,MUM_07605,Thane,2025-07-03,21,0,0,0,0,0,0,0,0,0,0.0,0.142113,0,0.0,0,149,4,2,0.7109,0.0,GREEN,34,Mumbai
CLM0014475,MUM_08284,Vashi,2020-07-05,8,0,0,0,0,0,0,0,0,0,0.0,0.132484,0,0.0,0,315,4,1,0.1848,0.0,GREEN,35,Mumbai
CLM0014476,MUM_06785,Chembur,2019-12-20,12,0,0,0,0,0,0,1,0,0,1.0,0.111303,0,0.0,0,309,2,0,0.9289,0.1688,GREEN,44,Mumbai
CLM0014477,MUM_04417,Ghatkopar,2020-08-01,15,0,0,0,1,0,0,0,0,0,0.0,0.317095,0,0.0,0,104,3,0,0.9133,0.1136,GREEN,46,Mumbai
CLM0014478,MUM_05389,Chembur,2023-11-17,20,0,0,0,0,0,0,0,0,0,0.0,0.319942,1,0.0,0,283,1,3,0.5492,0.0375,GREEN,27,Mumbai
CLM0014479,MUM_09187,Bandra,2024-08-11,19,0,0,0,0,0,0,1,0,0,0.0,0.0,0,0.0,0,165,2,0,0.1993,0.1012,GREEN,37,Mumbai
CLM0014480,MUM_03861,Powai,2016-12-08,7,0,0,0,0,0,0,0,0,0,0.0,0.056245,0,0.0,0,129,2,3,0.853,0.1092,GREEN,38,Mumbai
CLM0014481,MUM_05841,Andheri,2024-05-04,20,0,0,0,0,0,0,0,1,0,0.0,0.048691,0,0.0,0,198,4,2,0.8852,0.0739,GREEN,36,Mumbai
CLM0014482,MUM_06361,Thane,2025-02-08,13,0,0,0,0,0,0,1,0,0,0.0,0.123927,1,0.0,0,5,2,18,0.8162,0.032,GREEN,36,Mumbai
CLM0014483,MUM_00357,Thane,2025-09-09,18,0,0,0,0,0,0,0,0,0,0.0,0.004548,0,0.0,0,133,0,0,0.1157,0.0448,GREEN,37,Mumbai
CLM0014484,MUM_05719,Powai,2017-03-24,14,0,0,0,0,0,0,0,0,0,0.0,0.297279,1,0.0,0,10,0,0,0.7264,0.0623,GREEN,43,Mumbai
CLM0014485,MUM_06968,Lower Parel,2022-02-16,9,0,0,0,0,0,0,0,0,0,0.0,0.275549,0,0.0,0,65,1,3,0.2454,0.0064,GREEN,51,Mumbai
CLM0014486,MUM_00400,Thane,2023-01-27,12,0,0,0,0,0,0,0,1,0,0.0,0.311973,0,0.0,0,420,2,2,0.685,0.2734,GREEN,31,Mumbai
CLM0014487,MUM_00154,Thane,2018-06-24,10,0,0,0,0,0,0,0,0,1,0.0,0.233747,0,0.0,0,76,1,3,0.9084,0.1217,GREEN,41,Mumbai
CLM0014488,MUM_09185,Vashi,2021-01-01,15,0,0,0,0,0,0,0,0,1,0.0,0.206299,0,0.0,0,239,4,4,0.8319,0.2267,GREEN,38,Mumbai
CLM0014489,MUM_04463,Ghatkopar,2016-01-27,10,0,0,0,0,0,0,0,0,0,0.0,0.311928,0,0.0,0,323,4,2,0.98,0.0,GREEN,51,Mumbai
CLM0014490,MUM_06234,Thane,2022-06-09,19,0,0,0,0,1,0,0,0,0,0.0,1.0,0,0.0,0,119,0,0,0.5958,0.1803,GREEN,39,Mumbai
CLM0014491,MUM_02566,Lower Parel,2024-08-19,14,0,0,0,0,0,1,0,0,1,1.0,0.194078,0,0.0,0,313,1,0,0.214,0.2714,GREEN,41,Mumbai
CLM0014492,MUM_09050,Andheri,2020-05-13,17,0,0,0,0,0,1,0,0,0,1.0,0.213435,0,0.0,0,204,1,5,0.98,0.1782,GREEN,32,Mumbai
CLM0014493,MUM_08066,Dadar,2023-04-07,18,0,0,0,0,0,0,0,0,0,0.0,0.088818,0,0.0,0,85,4,2,0.2025,0.0,GREEN,43,Mumbai
CLM0014494,MUM_00927,Chembur,2021-10-29,13,0,0,0,0,0,0,0,0,0,0.0,0.352535,1,0.0,0,333,0,1,0.9181,0.0807,GREEN,37,Mumbai
CLM0014495,MUM_03137,Lower Parel,2019-11-24,19,0,0,0,0,0,0,0,0,0,0.0,0.189001,1,0.0,1,162,1,3,0.9391,0.2199,GREEN,32,Mumbai
CLM0014496,MUM_03158,Powai,2019-11-14,7,0,0,0,0,0,1,0,1,0,0.0,0.216078,0,0.0,0,405,2,2,0.6511,0.144,GREEN,46,Mumbai
CLM0014497,MUM_01579,Vashi,2024-06-28,16,0,0,0,0,0,0,0,0,0,0.0,0.016504,0,0.0,0,420,0,2,0.6389,0.0,GREEN,35,Mumbai
CLM0014498,MUM_02278,Thane,2022-12-06,10,0,0,0,0,0,0,1,0,0,0.0,0.32484,0,0.0,0,42,1,0,0.6007,0.0723,GREEN,38,Mumbai
CLM0014499,MUM_05309,Powai,2021-09-30,9,0,0,0,0,0,0,0,0,0,0.0,0.063334,0,0.0,0,217,0,5,0.7514,0.0,GREEN,61,Mumbai
CLM0014500,MUM_08071,Bandra,2025-02-23,12,0,1,1,0,0,0,0,0,0,0.0,0.235232,0,1.0,0,53,1,3,0.4937,0.1709,GREEN,47,Mumbai
CLM0014501,MUM_04906,Ghatkopar,2020-03-10,15,0,0,0,0,0,0,0,1,0,0.0,0.200679,0,0.0,0,120,4,4,0.585,0.0368,GREEN,30,Mumbai
CLM0014502,MUM_08582,Borivali,2021-05-17,16,0,0,0,0,0,0,0,0,0,0.0,0.267995,0,0.0,0,420,0,0,0.915,0.0045,GREEN,44,Mumbai
CLM0014503,MUM_03915,Borivali,2019-03-28,14,0,0,0,0,0,0,0,0,0,0.0,0.089855,0,0.0,0,291,4,6,0.9682,0.0666,GREEN,43,Mumbai
CLM0014504,MUM_00566,Ghatkopar,2019-03-08,15,0,0,0,0,0,0,0,0,0,0.0,0.32026,0,0.0,0,420,3,2,0.5071,0.0,GREEN,55,Mumbai
CLM0014505,MUM_01225,Thane,2023-03-20,7,0,0,0,0,0,0,0,0,0,0.0,0.246289,0,1.0,0,184,4,1,0.98,0.0,GREEN,30,Mumbai
CLM0014506,MUM_09490,Vashi,2021-08-31,15,0,0,0,1,0,0,0,0,0,0.0,0.374785,0,0.0,0,50,2,2,0.4637,0.1429,GREEN,34,Mumbai
CLM0014507,MUM_09351,Bandra,2021-12-28,13,0,0,0,0,0,0,0,0,0,0.0,0.369197,1,0.0,0,114,2,0,0.98,0.0529,GREEN,18,Mumbai
CLM0014508,MUM_09750,Borivali,2021-11-14,12,0,0,0,0,0,0,0,0,0,0.0,0.971324,0,0.0,0,22,3,4,0.6582,0.0408,GREEN,18,Mumbai
CLM0014509,MUM_00522,Lower Parel,2025-09-22,14,0,0,0,0,0,1,1,0,0,0.0,0.199822,0,0.0,0,307,4,3,0.5498,0.2028,GREEN,48,Mumbai
CLM0014510,MUM_01406,Powai,2025-01-31,19,0,0,0,0,0,0,0,0,0,0.0,0.190422,0,0.0,0,73,2,5,0.969,0.1119,GREEN,43,Mumbai
CLM0014511,MUM_00171,Dadar,2025-02-02,12,0,0,0,1,0,0,0,0,0,0.0,0.282845,1,0.0,0,124,2,0,0.3719,0.1972,GREEN,46,Mumbai
CLM0014512,MUM_00954,Ghatkopar,2019-05-17,16,0,0,0,1,0,0,1,0,1,1.0,1.0,0,1.0,0,20,0,18,0.05,0.0252,GREEN,31,Mumbai
CLM0014513,MUM_00104,Dadar,2018-12-31,16,0,0,0,0,0,0,0,0,0,0.0,0.37136,0,0.0,0,420,0,5,0.9292,0.0,GREEN,28,Mumbai
CLM0014514,MUM_05923,Chembur,2022-03-28,21,0,0,0,0,0,1,0,0,0,0.0,1.0,0,0.0,0,152,1,4,0.8055,0.1906,GREEN,45,Mumbai
CLM0014515,MUM_05104,Chembur,2021-01-12,20,0,0,0,0,0,0,0,1,0,0.0,0.15269,0,0.0,0,139,3,4,0.8904,0.0908,GREEN,35,Mumbai
CLM0014516,MUM_03245,Thane,2022-10-27,12,0,0,0,0,0,0,0,0,0,1.0,0.313417,0,0.0,0,215,2,0,0.8447,0.0458,GREEN,43,Mumbai
CLM0014517,MUM_06531,Powai,2025-11-07,13,0,0,0,0,0,1,0,0,0,0.0,1.0,1,0.0,0,420,4,0,0.5632,0.1512,GREEN,39,Mumbai
CLM0014518,MUM_02349,Chembur,2022-05-09,19,0,0,0,0,0,0,0,0,0,0.0,0.103883,0,0.0,1,76,4,4,0.7496,0.07,GREEN,51,Mumbai
CLM0014519,MUM_08724,Chembur,2023-05-31,19,0,0,0,0,0,0,0,0,0,0.0,0.131165,0,0.0,0,416,4,3,0.9678,0.0859,GREEN,42,Mumbai
CLM0014520,MUM_07484,Andheri,2021-10-10,10,0,0,0,0,0,0,0,1,0,0.0,0.176474,0,0.0,0,223,3,0,0.1906,0.0999,GREEN,36,Mumbai
CLM0014521,MUM_09396,Thane,2023-08-15,7,0,0,0,0,0,0,0,0,1,0.0,0.061436,0,0.0,1,325,0,4,0.5436,0.186,GREEN,44,Mumbai
CLM0014522,MUM_04585,Andheri,2020-04-29,7,0,0,0,0,0,0,0,1,0,0.0,0.215751,0,0.0,1,420,3,2,0.1848,0.2242,GREEN,22,Mumbai
CLM0014523,MUM_07117,Chembur,2019-08-21,9,0,0,0,0,0,0,0,0,0,0.0,0.369003,0,0.0,0,286,4,5,0.6968,0.0404,GREEN,30,Mumbai
CLM0014524,MUM_07127,Powai,2021-11-06,7,0,0,0,0,0,0,0,0,0,0.0,0.339157,0,0.0,0,92,4,4,0.9761,0.067,GREEN,22,Mumbai
CLM0014525,MUM_05234,Dadar,2022-01-23,12,0,0,0,0,0,0,0,0,0,0.0,0.059587,0,0.0,0,391,0,0,0.8334,0.0248,GREEN,54,Mumbai
CLM0014526,MUM_03400,Andheri,2022-12-01,16,0,1,1,0,0,0,0,0,0,0.0,0.205825,0,0.0,0,277,4,3,0.8987,0.0,GREEN,40,Mumbai
CLM0014527,MUM_01262,Lower Parel,2025-04-20,19,0,0,0,0,0,0,0,0,0,0.0,0.0,0,1.0,0,420,0,1,0.529,0.0,GREEN,36,Mumbai
CLM0014528,MUM_03886,Andheri,2024-10-16,13,0,0,0,0,0,0,0,0,1,0.0,0.31709,0,0.0,0,333,3,0,0.7878,0.1347,GREEN,43,Mumbai
CLM0014529,MUM_02640,Bandra,2021-08-18,17,0,1,1,0,0,0,0,0,0,1.0,0.145869,0,0.0,0,405,1,5,0.7717,0.1263,GREEN,31,Mumbai
CLM0014530,MUM_04049,Lower Parel,2021-05-10,15,0,0,0,0,0,0,0,0,0,0.0,0.159201,0,0.0,0,299,0,2,0.5877,0.0659,GREEN,39,Mumbai
CLM0014531,MUM_02451,Borivali,2021-06-25,20,0,0,0,0,0,0,0,0,0,0.0,0.082057,0,0.0,0,263,1,4,0.7025,0.0824,GREEN,50,Mumbai
CLM0014532,MUM_00990,Ghatkopar,2025-09-05,19,0,0,0,0,0,0,0,0,0,0.0,0.186129,0,0.0,0,197,4,5,0.8856,0.0446,GREEN,47,Mumbai
CLM0014533,MUM_01870,Chembur,2022-01-06,9,0,0,0,0,0,0,0,0,0,0.0,0.041877,0,0.0,0,39,1,1,0.889,0.0498,GREEN,32,Mumbai
CLM0014534,MUM_02933,Chembur,2025-04-28,13,0,0,0,0,0,0,0,0,0,0.0,0.223278,0,0.0,0,387,1,6,0.9398,0.0,GREEN,35,Mumbai
CLM0014535,MUM_09403,Vashi,2022-10-16,7,0,0,0,0,0,0,0,0,0,0.0,0.195653,0,0.0,0,297,2,5,0.7586,0.0,GREEN,41,Mumbai
CLM0014536,MUM_02534,Andheri,2024-05-30,10,0,0,0,0,0,0,0,0,0,0.0,0.156892,0,0.0,0,233,3,3,0.3288,0.0,GREEN,41,Mumbai
CLM0014537,MUM_02492,Bandra,2023-07-18,14,0,0,0,1,1,0,1,0,1,1.0,0.881707,0,0.0,0,33,4,18,0.7186,0.0,GREEN,37,Mumbai
CLM0014538,MUM_03848,Andheri,2023-02-27,7,0,0,0,0,0,0,0,0,0,0.0,0.090867,0,1.0,0,317,3,2,0.7761,0.0333,GREEN,46,Mumbai
CLM0014539,MUM_09395,Lower Parel,2023-02-01,12,0,0,0,0,0,0,0,0,1,0.0,0.028083,0,0.0,0,360,4,0,0.2812,0.1539,GREEN,61,Mumbai
CLM0014540,MUM_08585,Vashi,2024-05-22,11,0,0,0,0,0,0,0,0,1,1.0,0.125781,0,0.0,0,378,3,6,0.829,0.2054,GREEN,35,Mumbai
CLM0014541,MUM_03634,Lower Parel,2022-07-30,17,0,0,0,0,0,0,0,0,0,0.0,0.442418,0,0.0,1,420,4,0,0.9431,0.0059,GREEN,35,Mumbai
CLM0014542,MUM_01771,Thane,2024-12-07,12,0,0,0,0,0,0,0,0,0,0.0,0.051096,0,0.0,0,350,4,3,0.9323,0.038,GREEN,45,Mumbai
CLM0014543,MUM_07096,Powai,2025-07-26,16,0,0,0,0,0,0,0,0,0,0.0,0.386482,0,0.0,0,68,3,2,0.98,0.035,GREEN,45,Mumbai
CLM0014544,MUM_07250,Ghatkopar,2023-11-25,15,0,0,0,1,0,0,0,0,0,0.0,0.190466,0,0.0,0,249,1,5,0.7163,0.1358,GREEN,56,Mumbai
CLM0014545,MUM_02674,Thane,2025-11-29,14,0,0,0,0,0,0,0,0,1,0.0,0.361182,0,0.0,0,272,4,1,0.6398,0.178,GREEN,35,Mumbai
CLM0014546,MUM_07092,Chembur,2018-01-14,16,0,0,0,0,0,0,0,0,1,0.0,0.231076,1,0.0,0,420,4,5,0.7783,0.233,GREEN,60,Mumbai
CLM0014547,MUM_00872,Borivali,2015-09-20,20,0,1,1,0,0,0,0,0,0,0.0,0.027757,0,0.0,0,420,3,0,0.6935,0.0286,GREEN,40,Mumbai
CLM0014548,MUM_08085,Lower Parel,2021-08-04,10,0,1,1,0,0,0,0,1,0,0.0,0.189959,0,0.0,1,9,0,1,0.2596,0.1333,GREEN,52,Mumbai
CLM0014549,MUM_03277,Powai,2017-06-13,21,0,0,0,0,0,1,0,0,0,0.0,0.355127,0,0.0,0,420,4,0,0.9782,0.0667,GREEN,51,Mumbai
CLM0014550,MUM_04304,Bandra,2019-11-06,20,0,0,0,0,0,0,0,0,0,0.0,0.229146,0,0.0,0,345,1,0,0.05,0.1525,GREEN,34,Mumbai
CLM0014551,MUM_08187,Bandra,2025-07-03,15,0,0,0,0,1,0,0,0,0,0.0,0.165397,0,0.0,0,185,4,0,0.5238,0.144,GREEN,52,Mumbai
CLM0014552,MUM_08375,Chembur,2024-01-25,11,0,0,0,0,0,0,0,1,0,0.0,0.246438,0,0.0,0,402,4,0,0.1878,0.1595,GREEN,48,Mumbai
CLM0014553,MUM_00309,Powai,2022-05-27,13,0,0,0,0,0,0,0,0,0,0.0,0.064489,0,0.0,0,126,0,1,0.98,0.0,GREEN,43,Mumbai
CLM0014554,MUM_05363,Borivali,2024-02-21,7,0,0,0,0,0,0,0,0,0,0.0,0.1157,0,1.0,0,314,4,5,0.7682,0.0,GREEN,47,Mumbai
CLM0014555,MUM_01119,Ghatkopar,2023-03-04,8,0,0,0,1,0,0,0,0,0,0.0,1.0,0,0.0,0,356,1,1,0.5111,0.1201,GREEN,49,Mumbai
CLM0014556,MUM_02066,Dadar,2025-11-04,12,0,0,0,0,0,0,1,1,0,0.0,0.055877,0,0.0,0,420,4,0,0.8009,0.1908,GREEN,30,Mumbai
CLM0014557,MUM_02403,Bandra,2025-12-21,15,0,0,0,0,0,0,1,0,0,0.0,0.395383,0,0.0,0,124,4,3,0.5705,0.0512,GREEN,63,Mumbai
CLM0014558,MUM_05336,Ghatkopar,2021-07-05,11,0,0,0,0,0,0,0,0,0,0.0,0.329454,0,0.0,0,165,0,1,0.4984,0.0188,GREEN,46,Mumbai
CLM0014559,MUM_00782,Powai,2021-02-11,20,0,0,0,0,0,0,0,0,1,0.0,0.146013,0,0.0,0,100,4,2,0.6191,0.0264,GREEN,42,Mumbai
CLM0014560,MUM_07582,Bandra,2021-06-14,17,0,0,0,0,0,0,0,0,0,1.0,0.98272,0,1.0,0,348,3,1,0.9186,0.0814,GREEN,31,Mumbai
CLM0014561,MUM_05219,Lower Parel,2022-03-10,11,0,0,0,0,0,0,0,0,0,0.0,0.0,0,0.0,0,368,0,0,0.4012,0.0,GREEN,44,Mumbai
CLM0014562,MUM_02868,Andheri,2021-11-19,14,0,0,0,0,0,0,0,0,0,0.0,0.339075,0,0.0,0,372,3,2,0.5632,0.0275,GREEN,49,Mumbai
CLM0014563,MUM_07707,Lower Parel,2020-05-26,14,0,1,1,0,0,0,0,0,0,0.0,0.401521,0,0.0,0,345,1,2,0.527,0.0193,GREEN,65,Mumbai
CLM0014564,MUM_03919,Andheri,2020-03-25,16,0,0,0,0,0,0,0,1,0,0.0,0.118425,0,0.0,0,229,2,1,0.98,0.1819,GREEN,30,Mumbai
CLM0014565,MUM_05763,Thane,2022-09-21,14,0,0,0,0,0,0,0,0,0,1.0,0.162584,0,0.0,1,73,1,7,0.7204,0.0697,GREEN,47,Mumbai
CLM0014566,MUM_05902,Thane,2023-12-22,11,0,0,0,0,0,0,0,0,0,0.0,0.295767,0,0.0,0,396,0,3,0.7489,0.0755,GREEN,28,Mumbai
CLM0014567,MUM_00246,Lower Parel,2021-07-22,21,0,0,0,0,0,0,0,0,0,0.0,0.01139,0,0.0,0,255,2,3,0.4221,0.0019,GREEN,52,Mumbai
CLM0014568,MUM_00426,Lower Parel,2024-10-04,8,0,0,0,0,0,0,0,0,0,0.0,0.096694,0,0.0,0,411,2,0,0.8653,0.0122,GREEN,44,Mumbai
CLM0014569,MUM_05744,Lower Parel,2022-12-18,21,0,0,0,1,0,0,1,0,0,0.0,1.0,0,0.0,0,346,4,2,0.5348,0.1366,GREEN,38,Mumbai
CLM0014570,MUM_04795,Chembur,2020-10-13,11,0,1,1,0,0,0,0,1,0,0.0,0.0,0,0.0,0,380,1,5,0.5271,0.0244,GREEN,43,Mumbai
CLM0014571,MUM_04016,Lower Parel,2021-03-29,10,0,0,0,0,0,0,0,0,0,0.0,0.055663,0,0.0,0,362,4,1,0.6875,0.0,GREEN,39,Mumbai
CLM0014572,MUM_06190,Thane,2020-12-24,14,0,0,0,0,1,1,0,0,1,1.0,0.491228,0,1.0,0,21,1,18,0.973,0.1208,GREEN,41,Mumbai
CLM0014573,MUM_06567,Chembur,2025-09-23,21,0,1,1,1,1,0,1,1,0,1.0,0.651013,1,0.0,1,5,0,18,0.2566,0.0,GREEN,38,Mumbai
CLM0014574,MUM_07532,Vashi,2023-12-09,18,0,0,0,0,0,0,0,0,0,1.0,0.936218,0,1.0,0,420,0,6,0.5586,0.0829,GREEN,43,Mumbai
CLM0014575,MUM_01213,Thane,2021-07-30,19,0,0,0,0,0,0,0,0,0,0.0,0.348825,0,0.0,0,420,0,0,0.8211,0.0682,GREEN,31,Mumbai
CLM0014576,MUM_02230,Andheri,2025-03-28,10,0,0,0,0,0,0,0,0,0,0.0,0.088256,0,0.0,0,10,2,1,0.8894,0.0143,GREEN,43,Mumbai
CLM0014577,MUM_05150,Thane,2025-12-02,16,0,0,0,0,0,0,0,0,0,0.0,0.92837,0,0.0,0,102,4,2,0.8989,0.0462,GREEN,45,Mumbai
CLM0014578,MUM_08522,Andheri,2024-04-18,7,0,0,0,0,0,0,0,0,0,0.0,0.275733,0,0.0,0,381,1,1,0.8967,0.0,GREEN,57,Mumbai
CLM0014579,MUM_09600,Andheri,2024-11-30,7,0,0,0,0,0,0,0,0,1,0.0,0.0,0,0.0,0,380,0,1,0.6301,0.0422,GREEN,54,Mumbai
CLM0014580,MUM_04648,Borivali,2025-06-27,21,0,0,0,0,0,1,0,0,0,0.0,1.0,0,0.0,0,78,1,0,0.7061,0.1023,GREEN,40,Mumbai
CLM0014581,MUM_05302,Chembur,2023-12-06,19,0,0,0,1,0,0,0,0,0,0.0,0.18999,0,0.0,0,311,0,2,0.98,0.203,GREEN,40,Mumbai
CLM0014582,MUM_02566,Lower Parel,2024-05-06,11,0,0,0,0,0,0,0,0,0,1.0,0.283567,0,0.0,0,169,3,1,0.6664,0.0323,GREEN,41,Mumbai
CLM0014583,MUM_03231,Thane,2023-03-16,13,0,0,0,0,0,0,0,0,0,0.0,0.115218,0,0.0,0,90,4,5,0.4606,0.0,GREEN,46,Mumbai
CLM0014584,MUM_05900,Thane,2024-03-09,17,0,0,0,0,0,0,0,0,0,0.0,0.306506,0,0.0,0,375,0,0,0.4998,0.0,GREEN,35,Mumbai
CLM0014585,MUM_06931,Chembur,2019-05-03,9,0,0,0,0,0,0,0,0,1,0.0,0.039062,0,0.0,0,400,4,3,0.98,0.1471,GREEN,33,Mumbai
CLM0014586,MUM_07311,Borivali,2022-07-07,7,0,0,0,1,0,0,0,0,0,0.0,0.319135,0,0.0,0,222,0,3,0.8823,0.2004,GREEN,48,Mumbai
CLM0014587,MUM_08361,Lower Parel,2022-02-24,13,0,0,0,0,0,0,1,0,0,0.0,0.168495,0,1.0,0,227,4,6,0.6716,0.18,GREEN,25,Mumbai
CLM0014588,MUM_05004,Dadar,2020-06-06,11,0,0,0,0,0,0,0,1,0,0.0,0.0,0,0.0,0,22,0,1,0.8397,0.0918,GREEN,35,Mumbai
CLM0014589,MUM_00456,Dadar,2022-11-29,13,0,0,0,0,0,0,0,0,0,0.0,0.259601,0,0.0,0,341,1,4,0.98,0.0,GREEN,33,Mumbai
CLM0014590,MUM_01398,Powai,2024-11-04,14,0,0,0,0,0,0,0,1,0,0.0,0.101756,0,0.0,0,133,1,4,0.6719,0.1332,GREEN,43,Mumbai
CLM0014591,MUM_05569,Chembur,2021-03-12,8,0,0,0,0,0,0,1,0,0,0.0,0.953929,0,0.0,0,204,0,6,0.3567,0.0187,GREEN,45,Mumbai
CLM0014592,MUM_06451,Dadar,2024-11-18,11,0,0,0,0,0,0,0,0,0,0.0,0.108115,0,1.0,0,365,3,4,0.9788,0.1911,GREEN,60,Mumbai
CLM0014593,MUM_03091,Powai,2023-12-25,13,0,0,0,1,0,1,0,0,0,0.0,0.149729,1,0.0,0,24,3,18,0.98,0.2417,GREEN,39,Mumbai
CLM0014594,MUM_07847,Lower Parel,2023-04-27,19,0,0,0,0,1,0,1,0,0,0.0,0.183707,0,0.0,0,420,3,1,0.4972,0.1502,GREEN,39,Mumbai
CLM0014595,MUM_07968,Ghatkopar,2025-06-28,9,0,0,0,0,0,0,0,0,0,0.0,0.387051,0,0.0,0,420,0,0,0.6843,0.0,GREEN,26,Mumbai
CLM0014596,MUM_08180,Ghatkopar,2023-03-17,16,0,0,0,0,0,1,0,0,0,0.0,0.13724,0,0.0,0,103,1,3,0.6526,0.0578,GREEN,57,Mumbai
CLM0014597,MUM_01052,Dadar,2021-04-16,20,0,0,0,0,0,0,0,0,0,0.0,0.095939,0,0.0,0,150,2,1,0.8091,0.0183,GREEN,38,Mumbai
CLM0014598,MUM_01385,Vashi,2023-09-21,13,0,0,0,0,0,0,0,0,0,0.0,0.2914,0,0.0,0,51,1,0,0.78,0.0,GREEN,57,Mumbai
CLM0014599,MUM_05067,Borivali,2025-07-09,13,0,0,0,0,0,0,0,0,0,0.0,0.058872,0,0.0,0,419,0,4,0.813,0.0473,GREEN,47,Mumbai
CLM0014600,MUM_01150,Vashi,2022-05-11,14,0,0,0,0,0,0,0,0,0,0.0,0.080509,0,0.0,0,136,3,3,0.7839,0.0,GREEN,59,Mumbai
CLM0014601,MUM_01248,Powai,2025-11-16,13,0,0,0,0,0,0,0,0,0,0.0,0.0,0,0.0,0,327,3,0,0.7656,0.0,GREEN,60,Mumbai
CLM0014602,MUM_05463,Borivali,2021-10-05,14,0,0,0,0,0,1,0,0,0,0.0,0.082442,0,0.0,0,104,1,7,0.6658,0.1619,GREEN,31,Mumbai
CLM0014603,MUM_01110,Vashi,2017-02-22,13,0,0,0,0,0,1,0,0,0,0.0,0.142565,0,0.0,0,216,0,3,0.5212,0.1433,GREEN,53,Mumbai
CLM0014604,MUM_06863,Borivali,2018-07-25,16,0,0,0,0,0,0,0,0,0,1.0,0.188862,0,0.0,0,172,1,3,0.6855,0.0836,GREEN,55,Mumbai
CLM0014605,MUM_06248,Chembur,2022-05-04,20,0,0,0,0,0,0,0,0,0,0.0,0.221169,0,0.0,0,5,2,5,0.6678,0.0,GREEN,18,Mumbai
CLM0014606,MUM_04980,Chembur,2022-05-27,8,0,0,0,0,1,0,0,0,0,0.0,0.256927,0,0.0,0,94,3,3,0.5533,0.3627,YELLOW,46,Mumbai
CLM0014607,MUM_05933,Thane,2024-08-10,10,0,0,0,0,0,0,0,0,0,0.0,0.365237,0,0.0,1,210,3,7,0.6746,0.0379,GREEN,32,Mumbai
CLM0014608,MUM_01728,Dadar,2018-12-05,7,0,0,0,1,0,0,0,0,0,1.0,0.036995,0,0.0,0,84,2,4,0.6985,0.1741,GREEN,67,Mumbai
CLM0014609,MUM_06239,Thane,2020-09-20,15,0,0,0,0,0,0,0,0,0,0.0,0.022562,0,0.0,0,353,1,4,0.05,0.0152,GREEN,49,Mumbai
CLM0014610,MUM_03604,Dadar,2021-01-22,17,0,0,0,0,1,0,0,0,0,0.0,0.267329,0,0.0,0,92,4,6,0.6956,0.0746,GREEN,39,Mumbai
CLM0014611,MUM_06602,Powai,2018-07-21,9,0,0,0,0,0,0,0,0,0,0.0,0.080276,0,0.0,0,328,2,2,0.596,0.0,GREEN,44,Mumbai
CLM0014612,MUM_02830,Borivali,2018-12-08,7,0,0,0,0,0,1,0,1,0,0.0,1.0,0,0.0,0,366,2,2,0.0518,0.1051,GREEN,40,Mumbai
CLM0014613,MUM_04139,Dadar,2024-10-24,14,0,0,0,0,0,0,1,0,0,1.0,0.301628,0,0.0,0,29,4,2,0.7534,0.0834,GREEN,56,Mumbai
CLM0014614,MUM_02506,Ghatkopar,2024-03-13,13,0,0,0,0,0,0,0,0,0,0.0,1.0,0,0.0,0,346,0,5,0.6906,0.1005,GREEN,60,Mumbai
CLM0014615,MUM_04110,Thane,2025-11-11,11,0,0,0,0,0,1,0,0,0,0.0,0.166687,0,0.0,0,82,3,2,0.5519,0.1794,GREEN,41,Mumbai
CLM0014616,MUM_04159,Ghatkopar,2024-12-02,15,0,0,0,0,0,0,0,0,0,0.0,0.965365,0,0.0,0,420,3,3,0.4586,0.0507,GREEN,40,Mumbai
CLM0014617,MUM_01415,Borivali,2023-06-24,14,0,0,0,0,0,0,0,1,0,0.0,0.220271,1,1.0,0,217,2,0,0.1587,0.0535,GREEN,50,Mumbai
CLM0014618,MUM_07385,Powai,2022-10-15,19,0,0,0,0,1,0,0,0,0,0.0,0.354243,0,1.0,0,224,2,2,0.5497,0.0173,GREEN,27,Mumbai
CLM0014619,MUM_08214,Bandra,2020-10-27,11,0,0,0,1,1,1,0,1,1,1.0,1.0,0,0.0,1,9,2,18,0.0688,0.179,GREEN,48,Mumbai
CLM0014620,MUM_07010,Vashi,2021-09-23,9,0,0,0,0,0,0,0,0,0,0.0,0.376386,0,0.0,0,402,2,2,0.4586,0.0,GREEN,51,Mumbai
CLM0014621,MUM_00706,Chembur,2023-10-26,15,0,0,0,0,0,0,0,0,0,1.0,0.312031,0,0.0,0,416,4,1,0.6515,0.0467,GREEN,50,Mumbai
CLM0014622,MUM_07805,Lower Parel,2024-11-08,10,0,0,0,0,0,0,0,0,0,0.0,0.047541,0,0.0,0,349,0,0,0.177,0.0,GREEN,55,Mumbai
CLM0014623,MUM_00615,Bandra,2025-03-11,10,0,0,0,0,0,0,0,0,0,0.0,0.255389,0,0.0,0,264,3,2,0.5208,0.0,GREEN,50,Mumbai
CLM0014624,MUM_00033,Dadar,2024-01-28,20,0,0,0,0,0,0,0,0,0,0.0,0.259519,0,0.0,0,253,2,5,0.5453,0.0515,GREEN,48,Mumbai
CLM0014625,MUM_09354,Dadar,2022-09-30,12,0,1,1,0,0,1,0,0,0,0.0,0.095758,0,0.0,0,420,4,0,0.8608,0.0782,GREEN,33,Mumbai
CLM0014626,MUM_00203,Chembur,2020-10-28,11,1,0,0,0,0,0,0,0,0,0.0,0.135639,0,0.0,0,35,0,2,0.1184,0.1619,GREEN,34,Mumbai
CLM0014627,MUM_02974,Vashi,2016-08-23,10,0,0,0,1,0,0,0,0,0,0.0,0.169874,0,0.0,0,92,0,2,0.98,0.1718,GREEN,36,Mumbai
CLM0014628,MUM_02702,Ghatkopar,2018-01-29,11,0,0,0,0,0,0,1,0,0,0.0,0.257418,0,0.0,0,213,4,0,0.5306,0.1253,GREEN,61,Mumbai
CLM0014629,MUM_09936,Lower Parel,2020-06-26,15,0,0,0,0,0,0,0,0,0,0.0,0.030417,0,0.0,0,158,4,2,0.8451,0.0,GREEN,25,Mumbai
CLM0014630,MUM_03088,Borivali,2020-07-30,18,0,0,0,0,0,0,0,0,0,0.0,0.162329,0,1.0,0,258,4,0,0.5716,0.0179,GREEN,20,Mumbai
CLM0014631,MUM_06362,Bandra,2023-02-22,10,0,1,1,1,1,1,1,1,1,1.0,0.968969,0,0.0,1,5,4,18,0.7327,0.1002,GREEN,27,Mumbai
CLM0014632,MUM_04898,Borivali,2017-05-21,21,0,0,0,0,1,0,0,1,0,0.0,0.137735,0,0.0,0,187,4,3,0.7978,0.1377,GREEN,41,Mumbai
CLM0014633,MUM_04234,Vashi,2025-02-23,11,0,1,1,0,0,0,0,1,0,0.0,0.298264,0,0.0,0,420,0,0,0.5511,0.067,GREEN,33,Mumbai
CLM0014634,MUM_02310,Dadar,2021-08-31,9,0,0,0,0,0,0,0,1,1,0.0,0.272162,0,0.0,0,325,0,0,0.8274,0.1157,GREEN,38,Mumbai
CLM0014635,MUM_09159,Chembur,2019-12-07,18,0,0,0,0,0,0,0,0,0,0.0,0.205446,0,0.0,0,164,2,3,0.6423,0.0,GREEN,28,Mumbai
CLM0014636,MUM_07046,Vashi,2021-07-22,10,0,0,0,0,0,0,0,0,0,0.0,0.113157,0,0.0,0,157,1,2,0.6568,0.1231,GREEN,34,Mumbai
CLM0014637,MUM_00875,Vashi,2019-02-12,21,0,0,0,0,0,0,0,0,0,0.0,0.130528,0,0.0,0,209,0,3,0.2352,0.0,GREEN,59,Mumbai
CLM0014638,MUM_02418,Vashi,2017-12-22,11,0,0,0,0,0,0,0,0,0,0.0,0.973863,0,0.0,0,228,0,2,0.7041,0.1162,GREEN,41,Mumbai
CLM0014639,MUM_09708,Thane,2025-07-17,10,0,0,0,0,0,0,1,0,0,0.0,0.181825,0,0.0,0,251,1,4,0.6867,0.1232,GREEN,39,Mumbai
CLM0014640,MUM_03701,Dadar,2025-05-28,21,0,0,0,0,0,0,0,0,0,0.0,0.246179,0,0.0,0,59,2,2,0.8905,0.0165,GREEN,37,Mumbai
CLM0014641,MUM_06565,Chembur,2020-12-05,12,0,0,0,0,0,0,0,0,0,0.0,0.214626,0,0.0,0,162,2,1,0.7349,0.0,GREEN,37,Mumbai
CLM0014642,MUM_02736,Bandra,2025-03-06,10,0,0,0,0,0,1,0,0,0,0.0,0.336249,0,0.0,0,177,2,1,0.456,0.2231,GREEN,63,Mumbai
CLM0014643,MUM_04061,Thane,2025-06-03,11,0,0,0,0,0,0,0,0,0,0.0,0.028497,0,0.0,1,112,3,2,0.5212,0.0122,GREEN,42,Mumbai
CLM0014644,MUM_05403,Andheri,2022-06-27,9,0,0,0,0,0,0,0,0,0,1.0,0.24421,0,0.0,0,283,4,5,0.094,0.0281,GREEN,42,Mumbai
CLM0014645,MUM_07650,Ghatkopar,2024-11-21,16,0,0,0,0,0,0,0,0,0,0.0,0.0,0,0.0,0,403,4,3,0.98,0.0,GREEN,53,Mumbai
CLM0014646,MUM_09407,Thane,2024-05-06,8,0,0,0,0,1,0,0,0,0,1.0,0.457021,0,0.0,0,34,0,6,0.98,0.2393,GREEN,59,Mumbai
CLM0014647,MUM_03182,Vashi,2016-10-15,20,0,0,0,0,0,0,0,0,0,0.0,0.254229,0,0.0,0,121,1,5,0.5694,0.0,GREEN,49,Mumbai
CLM0014648,MUM_08998,Bandra,2017-11-15,9,0,0,0,0,0,0,0,0,0,0.0,0.22667,0,0.0,0,322,0,0,0.5569,0.0319,GREEN,36,Mumbai
CLM0014649,MUM_05237,Chembur,2021-06-21,19,0,0,0,0,1,0,0,0,1,0.0,0.354261,1,0.0,0,386,3,0,0.05,0.3626,YELLOW,53,Mumbai
CLM0014650,MUM_05234,Dadar,2018-05-28,15,0,0,0,0,0,0,0,0,0,0.0,0.086475,0,0.0,0,55,2,0,0.98,0.0,GREEN,54,Mumbai
CLM0014651,MUM_02307,Ghatkopar,2015-12-06,10,0,0,0,0,0,1,0,0,0,0.0,0.201227,0,1.0,0,167,2,4,0.7198,0.0643,GREEN,32,Mumbai
CLM0014652,MUM_01524,Dadar,2025-12-29,12,0,0,0,0,0,0,0,0,0,1.0,0.350942,0,0.0,1,125,1,6,0.05,0.0409,GREEN,39,Mumbai
CLM0014653,MUM_03226,Thane,2016-11-15,7,0,0,0,0,0,0,0,0,0,0.0,0.0,0,0.0,0,420,2,5,0.5453,0.0241,GREEN,39,Mumbai
CLM0014654,MUM_01150,Vashi,2025-07-04,17,0,0,0,0,0,0,0,0,0,0.0,0.337134,0,0.0,0,172,3,1,0.98,0.0783,GREEN,59,Mumbai
CLM0014655,MUM_02249,Vashi,2024-07-14,11,0,0,0,0,0,0,0,0,0,0.0,1.0,0,0.0,0,156,1,0,0.2629,0.0,GREEN,43,Mumbai
CLM0014656,MUM_04089,Lower Parel,2024-12-06,14,0,0,0,0,0,0,0,0,1,0.0,0.335093,0,0.0,0,339,2,5,0.7098,0.0388,GREEN,34,Mumbai
CLM0014657,MUM_08356,Bandra,2021-04-23,13,0,0,0,0,0,1,0,0,0,0.0,0.374429,0,0.0,0,301,2,2,0.6758,0.1268,GREEN,30,Mumbai
CLM0014658,MUM_02995,Vashi,2021-09-02,12,0,0,0,1,0,1,1,1,0,1.0,0.209156,0,0.0,0,17,3,18,0.3131,0.0339,GREEN,28,Mumbai
CLM0014659,MUM_02076,Lower Parel,2018-07-30,20,0,0,0,0,0,0,0,0,0,0.0,0.338532,0,0.0,0,68,0,4,0.7201,0.027,GREEN,58,Mumbai
CLM0014660,MUM_09414,Lower Parel,2024-05-27,17,0,0,0,0,0,1,0,0,0,0.0,0.152894,0,0.0,0,291,2,4,0.2765,0.073,GREEN,44,Mumbai
CLM0014661,MUM_07005,Andheri,2025-12-27,19,0,0,0,0,0,0,0,0,0,0.0,0.297232,0,0.0,0,196,1,0,0.8504,0.0,GREEN,44,Mumbai
CLM0014662,MUM_07003,Vashi,2021-01-02,21,0,0,0,0,0,1,1,0,0,1.0,0.051956,0,0.0,0,238,2,5,0.7589,0.1619,GREEN,41,Mumbai
CLM0014663,MUM_06497,Dadar,2023-02-23,21,0,0,0,0,0,1,0,0,0,0.0,0.332748,0,0.0,0,181,0,0,0.5168,0.0341,GREEN,26,Mumbai
CLM0014664,MUM_03775,Lower Parel,2023-11-01,16,0,0,0,0,0,0,0,0,0,0.0,0.0,0,0.0,0,224,1,5,0.5605,0.0476,GREEN,33,Mumbai
CLM0014665,MUM_00907,Andheri,2022-02-23,10,0,0,0,0,0,0,0,0,0,0.0,0.0,0,0.0,0,420,4,1,0.7979,0.0,GREEN,32,Mumbai
CLM0014666,MUM_02321,Powai,2025-12-08,18,0,0,0,0,0,0,0,1,0,1.0,0.0,1,0.0,0,157,2,2,0.98,0.2136,GREEN,29,Mumbai
CLM0014667,MUM_08128,Andheri,2020-06-21,10,0,0,0,0,0,0,0,0,0,0.0,0.193827,0,0.0,0,418,2,0,0.7581,0.1197,GREEN,25,Mumbai
CLM0014668,MUM_05781,Thane,2017-12-30,13,0,0,0,0,0,0,1,1,0,1.0,0.029359,0,0.0,0,366,3,1,0.7402,0.2128,GREEN,32,Mumbai
CLM0014669,MUM_05372,Andheri,2024-03-02,16,0,0,0,0,0,0,0,0,0,0.0,0.06912,0,0.0,0,393,0,2,0.6814,0.0185,GREEN,62,Mumbai
CLM0014670,MUM_08514,Thane,2024-04-03,9,0,0,0,0,0,0,0,0,0,0.0,0.142806,0,0.0,0,344,4,5,0.1877,0.0033,GREEN,62,Mumbai
CLM0014671,MUM_01560,Borivali,2025-05-06,14,0,0,0,0,0,0,0,0,0,0.0,0.2343,0,0.0,0,106,3,2,0.955,0.0,GREEN,25,Mumbai
CLM0014672,MUM_05290,Vashi,2024-09-19,21,0,0,0,0,0,0,0,1,0,0.0,0.328877,0,0.0,0,416,2,1,0.743,0.1556,GREEN,43,Mumbai
CLM0014673,MUM_08916,Chembur,2023-07-19,12,0,0,0,0,0,0,0,0,0,0.0,0.220285,0,0.0,0,60,0,1,0.9405,0.0,GREEN,36,Mumbai
CLM0014674,MUM_03570,Bandra,2020-09-04,12,0,0,0,0,0,0,0,0,0,0.0,0.9858,0,0.0,0,420,1,0,0.8387,0.0,GREEN,39,Mumbai
CLM0014675,MUM_06177,Dadar,2020-05-16,12,0,0,0,0,0,0,0,0,0,0.0,0.059889,0,0.0,0,420,3,6,0.509,0.0405,GREEN,33,Mumbai
CLM0014676,MUM_07237,Vashi,2023-02-16,18,0,0,0,0,0,0,0,0,0,0.0,0.113939,0,0.0,0,185,1,0,0.1865,0.0,GREEN,40,Mumbai
CLM0014677,MUM_04164,Bandra,2022-01-23,18,0,0,0,0,1,0,0,0,0,0.0,0.059929,0,0.0,0,77,3,1,0.8023,0.1932,GREEN,30,Mumbai
CLM0014678,MUM_01215,Powai,2025-01-02,10,0,0,0,0,0,0,0,0,0,0.0,0.0,0,1.0,0,95,2,4,0.6975,0.0569,GREEN,19,Mumbai
CLM0014679,MUM_07244,Chembur,2025-02-19,10,0,0,0,0,0,0,0,0,0,0.0,0.0,0,0.0,0,89,2,3,0.05,0.0039,GREEN,36,Mumbai
CLM0014680,MUM_09750,Borivali,2020-10-20,11,0,0,0,0,0,0,0,0,0,0.0,0.059416,0,0.0,0,352,0,0,0.7843,0.0455,GREEN,18,Mumbai
CLM0014681,MUM_02166,Bandra,2025-10-09,7,0,0,0,0,0,0,1,0,0,0.0,0.052159,0,0.0,0,163,4,2,0.5414,0.0713,GREEN,44,Mumbai
CLM0014682,MUM_00523,Ghatkopar,2024-07-18,19,0,0,0,0,0,0,0,0,0,0.0,0.266987,0,0.0,0,420,0,0,0.6966,0.1904,GREEN,36,Mumbai
CLM0014683,MUM_03950,Chembur,2022-03-25,13,0,0,0,0,0,0,0,0,0,1.0,0.0,0,1.0,0,279,1,4,0.4957,0.0535,GREEN,48,Mumbai
CLM0014684,MUM_01873,Dadar,2019-07-02,9,0,1,1,0,0,0,0,0,0,0.0,1.0,0,0.0,0,274,4,1,0.1779,0.0631,GREEN,56,Mumbai
CLM0014685,MUM_00722,Chembur,2022-11-22,19,0,0,0,1,1,1,1,1,1,1.0,1.0,0,0.0,1,20,2,18,0.0588,0.0133,GREEN,43,Mumbai
CLM0014686,MUM_04861,Dadar,2022-08-18,19,0,0,0,0,0,0,0,0,0,1.0,0.393421,0,0.0,0,420,4,4,0.8752,0.0341,GREEN,48,Mumbai
CLM0014687,MUM_07111,Powai,2022-04-07,9,0,0,0,0,0,0,0,0,0,0.0,0.14776,0,0.0,0,119,3,2,0.8591,0.0,GREEN,36,Mumbai
CLM0014688,MUM_08062,Andheri,2019-04-09,10,0,0,0,0,0,0,0,0,0,0.0,0.329423,0,0.0,0,70,1,0,0.7098,0.1372,GREEN,63,Mumbai
CLM0014689,MUM_08668,Ghatkopar,2024-10-22,19,0,0,0,0,0,0,0,0,0,0.0,0.985331,0,0.0,0,89,2,4,0.7866,0.0076,GREEN,34,Mumbai
CLM0014690,MUM_00005,Ghatkopar,2023-10-18,8,0,0,0,0,0,0,0,0,0,0.0,0.375064,0,1.0,0,93,0,0,0.9768,0.0524,GREEN,48,Mumbai
CLM0014691,MUM_00455,Chembur,2025-04-18,13,0,0,0,0,0,0,0,0,0,0.0,0.294076,0,0.0,0,37,0,3,0.617,0.0,GREEN,47,Mumbai
CLM0014692,MUM_05204,Borivali,2025-08-09,18,0,0,0,0,1,0,0,0,0,0.0,0.0,0,0.0,0,132,1,5,0.98,0.1199,GREEN,38,Mumbai
CLM0014693,MUM_04488,Ghatkopar,2025-07-17,13,0,0,0,0,0,0,0,0,0,0.0,0.262219,1,0.0,0,420,4,4,0.7117,0.1163,GREEN,45,Mumbai
CLM0014694,MUM_01923,Andheri,2024-10-14,7,0,0,0,0,0,0,0,0,0,1.0,0.295944,0,0.0,0,141,0,5,0.2132,0.1811,GREEN,31,Mumbai
CLM0014695,MUM_09825,Andheri,2024-01-06,16,0,0,0,0,0,0,1,0,0,0.0,0.107762,0,0.0,0,353,3,1,0.98,0.0651,GREEN,40,Mumbai
CLM0014696,MUM_04744,Dadar,2025-07-09,9,0,0,0,0,0,0,0,0,0,1.0,0.009308,0,0.0,0,24,0,4,0.974,0.1271,GREEN,39,Mumbai
CLM0014697,MUM_03802,Lower Parel,2024-06-09,15,0,0,0,1,0,0,0,0,0,0.0,0.296842,0,0.0,0,337,0,1,0.9577,0.229,GREEN,32,Mumbai
CLM0014698,MUM_04060,Powai,2025-12-23,19,0,0,0,0,0,0,0,0,0,1.0,0.020577,0,0.0,0,420,1,4,0.3392,0.092,GREEN,41,Mumbai
CLM0014699,MUM_03951,Chembur,2025-01-26,13,0,0,0,0,0,0,0,0,0,0.0,0.316237,0,0.0,0,378,0,3,0.1355,0.0,GREEN,49,Mumbai
CLM0014700,MUM_09620,Bandra,2024-08-20,11,0,0,0,0,0,1,0,0,0,1.0,0.208313,0,0.0,0,205,0,1,0.6395,0.0724,GREEN,40,Mumbai
CLM0014701,MUM_00564,Powai,2025-04-28,18,0,0,0,0,1,0,0,0,0,0.0,0.320845,0,0.0,0,20,0,2,0.7715,0.1658,GREEN,42,Mumbai
CLM0014702,MUM_06705,Bandra,2024-08-27,10,0,0,0,0,0,0,0,0,0,0.0,0.032417,0,0.0,0,321,4,1,0.8074,0.0676,GREEN,50,Mumbai
CLM0014703,MUM_01268,Ghatkopar,2025-09-22,20,0,0,0,1,0,0,0,0,0,0.0,0.348067,0,0.0,0,187,3,3,0.6216,0.1389,GREEN,21,Mumbai
CLM0014704,MUM_06433,Lower Parel,2025-08-22,20,0,0,0,0,0,0,0,0,0,0.0,0.118139,0,0.0,0,325,1,4,0.9645,0.0,GREEN,47,Mumbai
CLM0014705,MUM_08469,Bandra,2025-01-22,16,0,1,1,0,0,0,0,0,0,0.0,0.415765,0,0.0,0,414,3,0,0.4071,0.0,GREEN,50,Mumbai
CLM0014706,MUM_09980,Vashi,2024-09-09,19,0,0,0,0,0,0,0,1,0,0.0,0.031292,0,0.0,0,420,4,0,0.05,0.0698,GREEN,27,Mumbai
CLM0014707,MUM_01079,Chembur,2024-11-07,17,0,0,0,0,0,0,0,1,0,0.0,0.053565,0,0.0,0,105,2,4,0.5075,0.0874,GREEN,38,Mumbai
CLM0014708,MUM_05214,Dadar,2021-09-24,12,0,0,0,0,0,1,0,0,0,0.0,0.074669,0,0.0,0,179,3,6,0.7581,0.0884,GREEN,18,Mumbai
CLM0014709,MUM_00269,Dadar,2022-03-30,16,0,0,0,0,0,0,0,0,0,0.0,0.093142,0,0.0,0,110,3,0,0.0718,0.0,GREEN,41,Mumbai
CLM0014710,MUM_09341,Chembur,2025-12-23,20,0,0,0,0,0,0,0,0,0,0.0,0.412026,0,1.0,0,198,3,3,0.05,0.1564,GREEN,52,Mumbai
CLM0014711,MUM_02112,Dadar,2024-07-10,12,0,0,0,1,0,0,0,0,0,0.0,0.065974,0,0.0,0,177,4,4,0.6445,0.1644,GREEN,39,Mumbai
CLM0014712,MUM_00417,Lower Parel,2018-12-16,20,0,0,0,0,0,0,0,0,0,0.0,0.0,0,0.0,0,337,3,3,0.8645,0.0,GREEN,28,Mumbai
CLM0014713,MUM_04046,Vashi,2022-11-30,18,0,0,0,0,0,0,0,1,0,0.0,0.337674,0,0.0,0,228,2,0,0.7647,0.1244,GREEN,27,Mumbai
CLM0014714,MUM_01784,Vashi,2021-11-08,15,0,0,0,0,0,0,0,0,0,0.0,0.051101,0,0.0,0,174,1,5,0.5527,0.0,GREEN,21,Mumbai
CLM0014715,MUM_09640,Ghatkopar,2023-08-12,8,0,0,0,0,0,0,0,0,0,0.0,0.177382,0,0.0,0,420,1,5,0.5847,0.0,GREEN,53,Mumbai
CLM0014716,MUM_02717,Andheri,2023-03-23,16,0,0,0,0,0,0,0,0,0,0.0,0.320268,0,0.0,0,378,4,0,0.98,0.1903,GREEN,57,Mumbai
CLM0014717,MUM_05293,Vashi,2024-08-08,8,0,0,0,0,0,1,0,0,0,1.0,0.156187,0,1.0,0,264,4,2,0.7013,0.0852,GREEN,52,Mumbai
CLM0014718,MUM_08828,Borivali,2025-07-31,17,0,0,0,0,1,0,0,0,0,0.0,0.340628,0,0.0,0,420,0,4,0.3026,0.2644,GREEN,50,Mumbai
CLM0014719,MUM_05541,Powai,2025-04-08,17,0,0,0,0,0,0,0,0,0,0.0,0.322754,0,0.0,0,200,2,7,0.4916,0.0,GREEN,28,Mumbai
CLM0014720,MUM_09426,Chembur,2024-02-27,9,0,0,0,1,0,0,0,1,0,1.0,1.0,0,0.0,1,5,2,18,0.2969,0.1235,GREEN,49,Mumbai
CLM0014721,MUM_09588,Powai,2025-04-03,8,0,0,0,1,1,1,1,1,1,1.0,0.986496,0,0.0,1,30,4,18,0.2632,0.0283,GREEN,55,Mumbai
CLM0014722,MUM_02699,Ghatkopar,2024-09-30,18,0,1,1,1,0,0,1,0,0,0.0,0.322399,0,0.0,0,355,1,3,0.533,0.1133,GREEN,53,Mumbai
CLM0014723,MUM_09218,Vashi,2024-04-13,21,0,0,0,1,0,0,0,0,0,0.0,0.117269,0,0.0,0,107,1,3,0.3648,0.2292,GREEN,55,Mumbai
CLM0014724,MUM_00866,Ghatkopar,2025-04-19,21,0,0,0,0,0,0,1,0,0,0.0,0.341167,0,0.0,0,420,2,2,0.7112,0.039,GREEN,43,Mumbai
CLM0014725,MUM_02019,Chembur,2024-11-05,20,0,0,0,0,0,0,0,0,0,0.0,0.077154,0,0.0,0,185,4,5,0.9016,0.0,GREEN,19,Mumbai
CLM0014726,MUM_04639,Lower Parel,2025-07-26,13,0,0,0,0,0,0,0,0,0,1.0,0.230169,0,0.0,0,112,1,0,0.8499,0.0477,GREEN,24,Mumbai
CLM0014727,MUM_08233,Dadar,2024-05-03,14,0,0,0,0,0,0,0,0,1,0.0,0.279581,0,0.0,0,399,1,1,0.98,0.1225,GREEN,34,Mumbai
CLM0014728,MUM_00585,Ghatkopar,2023-09-15,8,0,0,0,0,0,0,1,0,1,0.0,0.009476,0,0.0,0,413,0,5,0.7118,0.0912,GREEN,52,Mumbai
CLM0014729,MUM_00077,Andheri,2023-03-31,7,0,0,0,0,0,0,0,0,0,0.0,0.07638,0,0.0,0,64,1,3,0.6441,0.0,GREEN,52,Mumbai
CLM0014730,MUM_09308,Vashi,2023-10-23,12,0,0,0,0,0,0,0,0,0,0.0,0.049599,0,0.0,0,340,1,2,0.676,0.1942,GREEN,38,Mumbai
CLM0014731,MUM_09713,Chembur,2024-12-16,7,0,0,0,0,0,0,0,0,0,0.0,0.342532,0,0.0,0,420,0,1,0.3274,0.0465,GREEN,57,Mumbai
CLM0014732,MUM_04920,Vashi,2025-03-10,17,0,0,0,0,1,0,0,0,0,0.0,0.254644,0,0.0,0,231,4,4,0.977,0.1122,GREEN,37,Mumbai
CLM0014733,MUM_04232,Borivali,2023-09-25,7,0,0,0,0,0,1,0,1,0,0.0,0.142152,0,0.0,0,420,1,4,0.2592,0.1534,GREEN,49,Mumbai
CLM0014734,MUM_08985,Dadar,2024-08-16,14,0,0,0,0,0,0,0,0,0,0.0,0.037492,0,0.0,0,197,2,0,0.1124,0.0,GREEN,40,Mumbai
CLM0014735,MUM_08813,Lower Parel,2024-06-05,12,0,0,0,1,1,1,1,1,1,1.0,1.0,0,0.0,1,6,2,18,0.229,0.1862,GREEN,30,Mumbai
CLM0014736,MUM_09426,Chembur,2024-10-09,9,0,0,0,1,1,0,1,1,1,0.0,0.10423,0,0.0,1,8,3,18,0.899,0.0,GREEN,49,Mumbai
CLM0014737,MUM_02166,Bandra,2020-11-04,12,0,0,0,0,0,0,0,0,0,1.0,0.108353,0,0.0,0,283,2,5,0.0788,0.0167,GREEN,44,Mumbai
CLM0014738,MUM_03539,Lower Parel,2022-09-28,7,0,0,0,0,1,0,1,0,0,0.0,0.0,0,0.0,0,106,0,4,0.0678,0.2252,GREEN,53,Mumbai
CLM0014739,MUM_00097,Borivali,2024-03-02,13,0,0,0,0,0,1,0,0,0,0.0,1.0,0,0.0,0,135,2,3,0.756,0.0537,GREEN,53,Mumbai
CLM0014740,MUM_07616,Ghatkopar,2025-02-04,9,0,0,0,0,0,0,0,0,0,0.0,0.091484,0,1.0,0,296,1,4,0.05,0.0,GREEN,54,Mumbai
CLM0014741,MUM_03801,Powai,2025-12-22,9,0,0,0,0,0,0,0,0,0,0.0,0.48239,0,0.0,0,201,2,5,0.7382,0.0,GREEN,35,Mumbai
CLM0014742,MUM_04350,Borivali,2025-12-04,10,0,0,0,0,0,0,0,0,1,0.0,1.0,0,0.0,0,271,3,3,0.7152,0.0893,GREEN,38,Mumbai
CLM0014743,MUM_09895,Dadar,2024-02-25,10,0,0,0,0,0,0,0,0,0,0.0,0.013337,0,0.0,0,404,2,2,0.7981,0.0415,GREEN,50,Mumbai
CLM0014744,MUM_02058,Ghatkopar,2024-07-16,14,0,0,0,0,0,0,0,0,0,1.0,0.129582,0,0.0,0,419,1,1,0.7857,0.0037,GREEN,43,Mumbai
CLM0014745,MUM_02907,Chembur,2025-11-29,18,0,0,0,0,0,0,0,0,0,0.0,0.230629,1,0.0,0,313,2,5,0.6726,0.0156,GREEN,40,Mumbai
CLM0014746,MUM_01003,Powai,2024-07-13,15,0,0,0,0,0,0,0,0,0,0.0,0.0,0,0.0,0,255,1,5,0.7251,0.001,GREEN,18,Mumbai
CLM0014747,MUM_06344,Ghatkopar,2024-07-19,15,0,0,0,0,0,0,0,0,0,0.0,1.0,0,1.0,0,373,0,2,0.5964,0.0,GREEN,52,Mumbai
CLM0014748,MUM_00688,Andheri,2024-04-12,8,0,0,0,0,1,0,0,0,0,1.0,0.957423,0,0.0,0,268,0,0,0.6245,0.1853,GREEN,36,Mumbai
CLM0014749,MUM_08970,Vashi,2025-03-09,20,0,0,0,0,0,0,0,0,0,0.0,0.393958,0,0.0,0,372,2,3,0.6388,0.0,GREEN,41,Mumbai
CLM0014750,MUM_03767,Borivali,2023-09-13,13,0,0,0,0,0,0,0,0,0,0.0,0.966191,0,0.0,0,420,3,5,0.8768,0.0,GREEN,54,Mumbai
CLM0014751,MUM_03930,Borivali,2024-01-29,21,0,0,0,0,0,0,0,0,0,0.0,0.096445,0,0.0,0,44,3,0,0.6792,0.0,GREEN,35,Mumbai
CLM0014752,MUM_05840,Bandra,2024-12-23,21,0,0,0,0,0,1,0,0,0,0.0,0.397811,0,0.0,0,156,0,0,0.8514,0.157,GREEN,47,Mumbai
CLM0014753,MUM_03624,Chembur,2024-06-26,15,0,0,0,0,0,1,0,0,0,0.0,0.168831,0,0.0,0,224,1,4,0.9267,0.0045,GREEN,50,Mumbai
CLM0014754,MUM_08653,Chembur,2025-09-05,21,0,0,0,0,0,1,0,0,0,0.0,0.0,0,0.0,0,420,0,3,0.05,0.1095,GREEN,20,Mumbai
CLM0014755,MUM_03037,Thane,2021-10-06,14,0,0,0,0,0,0,0,0,0,0.0,0.236955,0,0.0,0,315,1,2,0.927,0.0467,GREEN,37,Mumbai
CLM0014756,MUM_00582,Bandra,2020-07-09,16,0,0,0,0,0,0,0,0,0,0.0,1.0,0,0.0,0,365,0,0,0.7544,0.0027,GREEN,42,Mumbai
CLM0014757,MUM_02803,Andheri,2021-09-29,17,0,0,0,0,0,1,0,0,0,1.0,0.210074,0,1.0,0,240,3,2,0.7441,0.3131,YELLOW,35,Mumbai
CLM0014758,MUM_04684,Dadar,2022-03-03,20,0,1,1,0,1,0,1,0,0,0.0,0.124147,0,0.0,0,149,3,5,0.9101,0.1803,GREEN,58,Mumbai
CLM0014759,MUM_04516,Dadar,2025-12-25,21,0,0,0,0,0,0,0,0,0,0.0,1.0,0,0.0,0,5,1,4,0.9465,0.0,GREEN,49,Mumbai
CLM0014760,MUM_02514,Andheri,2022-08-09,17,0,0,0,0,0,0,0,0,0,0.0,0.143507,0,0.0,0,256,2,1,0.2679,0.0296,GREEN,27,Mumbai
CLM0014761,MUM_01435,Andheri,2024-12-03,21,0,0,0,1,1,0,0,0,0,0.0,0.047494,0,0.0,0,390,3,4,0.98,0.3473,YELLOW,49,Mumbai
CLM0014762,MUM_01845,Bandra,2020-11-07,13,0,0,0,0,1,0,0,0,0,0.0,0.150513,0,0.0,0,420,1,7,0.8796,0.1234,GREEN,19,Mumbai
CLM0014763,MUM_04871,Ghatkopar,2019-01-08,19,0,0,0,0,0,0,0,0,0,0.0,0.304101,0,0.0,0,420,1,6,0.6258,0.0,GREEN,41,Mumbai
CLM0014764,MUM_03299,Thane,2023-02-01,8,0,0,0,1,0,0,0,0,0,0.0,0.324923,0,0.0,0,62,4,4,0.8649,0.0855,GREEN,45,Mumbai
CLM0014765,MUM_09898,Thane,2020-01-24,19,0,0,0,0,0,0,0,0,0,0.0,0.048683,0,0.0,0,170,0,0,0.7742,0.0,GREEN,53,Mumbai
CLM0014766,MUM_03660,Vashi,2024-05-27,14,0,0,0,0,0,0,0,0,0,0.0,0.052965,0,0.0,0,245,3,1,0.762,0.0093,GREEN,56,Mumbai
CLM0014767,MUM_09649,Powai,2024-08-23,13,0,0,0,0,0,0,0,1,0,1.0,0.962306,0,1.0,0,249,1,5,0.6115,0.0458,GREEN,30,Mumbai
CLM0014768,MUM_07624,Bandra,2025-06-20,21,0,0,0,0,0,0,0,0,0,0.0,0.077526,0,0.0,0,117,1,2,0.7243,0.0767,GREEN,38,Mumbai
CLM0014769,MUM_08943,Powai,2024-07-05,9,0,0,0,0,1,1,1,0,1,1.0,1.0,1,0.0,1,8,1,18,0.0739,0.0033,GREEN,26,Mumbai
CLM0014770,MUM_02970,Thane,2025-03-17,17,0,0,0,0,0,0,0,0,0,0.0,0.118533,0,0.0,0,420,2,0,0.9662,0.0209,GREEN,26,Mumbai
CLM0014771,MUM_06946,Borivali,2023-07-12,20,0,0,0,0,0,0,0,0,0,0.0,0.264093,0,0.0,0,241,4,0,0.8264,0.0,GREEN,52,Mumbai
CLM0014772,MUM_04402,Ghatkopar,2023-07-17,15,0,0,0,0,1,0,0,0,0,0.0,0.362013,1,0.0,0,195,1,6,0.8188,0.1586,GREEN,39,Mumbai
CLM0014773,MUM_08277,Lower Parel,2025-05-31,21,0,0,0,0,0,0,0,0,0,0.0,0.289024,0,0.0,0,247,1,3,0.9106,0.0098,GREEN,44,Mumbai
CLM0014774,MUM_07585,Dadar,2024-10-11,17,0,0,0,0,0,0,0,0,0,0.0,0.923973,0,0.0,0,247,4,3,0.7575,0.0,GREEN,66,Mumbai
CLM0014775,MUM_01561,Chembur,2024-03-22,10,0,0,0,0,0,0,0,0,0,1.0,0.286431,0,0.0,0,352,1,1,0.894,0.1061,GREEN,45,Mumbai
CLM0014776,MUM_00410,Thane,2025-05-02,21,0,0,0,0,0,1,0,0,0,0.0,0.30872,0,0.0,0,94,0,3,0.8578,0.1134,GREEN,42,Mumbai
CLM0014777,MUM_06288,Bandra,2022-08-08,10,0,0,0,0,0,0,0,0,0,0.0,0.9219,0,0.0,0,320,4,5,0.98,0.0031,GREEN,34,Mumbai
CLM0014778,MUM_01218,Dadar,2024-08-12,15,0,0,0,0,0,0,0,0,0,1.0,0.223927,0,0.0,0,326,3,1,0.5643,0.1252,GREEN,20,Mumbai
CLM0014779,MUM_02357,Thane,2024-05-10,20,0,0,0,0,0,0,0,0,0,0.0,0.218325,0,0.0,0,39,2,4,0.8449,0.0116,GREEN,26,Mumbai
CLM0014780,MUM_00740,Ghatkopar,2024-09-18,14,0,1,1,0,0,0,0,1,0,0.0,0.191766,0,0.0,0,302,1,0,0.6981,0.2344,GREEN,47,Mumbai
CLM0014781,MUM_09161,Dadar,2025-07-05,8,0,0,0,0,0,0,0,0,0,0.0,0.379715,0,0.0,0,331,2,3,0.1907,0.0081,GREEN,42,Mumbai
CLM0014782,MUM_08861,Powai,2025-02-25,13,0,0,0,0,0,0,0,0,0,1.0,0.056056,0,0.0,0,221,0,1,0.6024,0.1133,GREEN,47,Mumbai
CLM0014783,MUM_02686,Borivali,2025-09-18,21,0,0,0,0,0,0,0,0,0,0.0,0.421953,0,0.0,0,293,0,4,0.7252,0.0,GREEN,42,Mumbai
CLM0014784,MUM_06312,Vashi,2025-05-24,13,0,0,0,0,0,1,0,1,0,0.0,0.071249,0,0.0,0,218,3,3,0.5955,0.1864,GREEN,33,Mumbai
CLM0014785,MUM_09074,Bandra,2022-10-04,13,0,0,0,0,0,0,0,0,0,0.0,0.246684,0,0.0,0,387,2,2,0.6812,0.0,GREEN,32,Mumbai
CLM0014786,MUM_03931,Borivali,2025-01-11,20,0,0,0,0,0,0,0,0,0,0.0,0.075078,0,0.0,0,64,4,0,0.2166,0.0132,GREEN,56,Mumbai
CLM0014787,MUM_05133,Vashi,2025-02-11,17,0,0,0,0,0,0,0,1,0,0.0,0.379373,0,0.0,0,41,2,0,0.9616,0.0697,GREEN,55,Mumbai
CLM0014788,MUM_09669,Bandra,2020-06-20,19,0,0,0,0,0,0,0,0,0,0.0,0.990246,0,0.0,0,181,4,0,0.98,0.0,GREEN,48,Mumbai
CLM0014789,MUM_07802,Lower Parel,2021-06-09,10,0,0,0,0,0,0,0,0,0,0.0,0.124077,0,0.0,0,411,3,1,0.8819,0.0728,GREEN,39,Mumbai
CLM0014790,MUM_00015,Chembur,2022-08-06,13,0,0,0,1,0,1,0,0,0,0.0,0.414318,0,0.0,1,254,3,0,0.866,0.2978,GREEN,43,Mumbai
CLM0014791,MUM_04680,Bandra,2024-03-22,21,0,0,0,0,0,0,0,0,0,0.0,0.106132,0,0.0,0,98,4,7,0.4743,0.023,GREEN,60,Mumbai
CLM0014792,MUM_03071,Thane,2025-05-16,11,0,0,0,0,0,0,0,0,0,0.0,0.165056,1,0.0,0,420,4,4,0.7216,0.1245,GREEN,54,Mumbai
CLM0014793,MUM_05482,Thane,2025-07-14,16,0,0,0,1,0,0,0,0,0,0.0,0.185204,0,0.0,0,68,0,1,0.1776,0.2005,GREEN,44,Mumbai
CLM0014794,MUM_01320,Chembur,2024-08-19,21,0,0,0,0,0,0,1,0,0,0.0,0.397001,0,0.0,0,420,3,3,0.7826,0.1147,GREEN,47,Mumbai
CLM0014795,MUM_02275,Andheri,2025-09-18,21,0,0,0,0,0,0,0,0,0,0.0,0.063344,0,0.0,0,114,0,0,0.9046,0.0,GREEN,58,Mumbai
CLM0014796,MUM_03595,Lower Parel,2017-02-03,7,0,0,0,0,0,0,0,0,0,0.0,0.307197,0,0.0,0,63,3,1,0.9317,0.0246,GREEN,53,Mumbai
CLM0014797,MUM_09726,Lower Parel,2023-01-15,16,0,1,1,0,0,0,1,0,0,1.0,0.963594,0,0.0,0,160,0,0,0.6228,0.1042,GREEN,49,Mumbai
CLM0014798,MUM_03493,Lower Parel,2020-03-03,8,0,0,0,0,0,0,0,0,0,0.0,0.140463,0,0.0,0,415,3,0,0.0513,0.0,GREEN,24,Mumbai
CLM0014799,MUM_01640,Bandra,2019-12-02,7,0,0,0,0,0,0,0,0,0,0.0,0.212558,0,0.0,0,389,2,0,0.5273,0.0,GREEN,33,Mumbai
CLM0014800,MUM_07132,Chembur,2021-06-13,9,0,0,0,0,0,0,0,0,0,0.0,0.949353,0,0.0,0,159,2,2,0.9636,0.0561,GREEN,50,Mumbai
CLM0014801,MUM_03746,Lower Parel,2020-10-15,16,0,0,0,0,0,0,0,0,0,1.0,0.062363,0,0.0,0,420,3,8,0.5847,0.1477,GREEN,42,Mumbai
CLM0014802,MUM_03971,Dadar,2024-08-30,14,0,0,0,1,0,0,0,0,0,0.0,0.058156,0,0.0,0,342,1,1,0.6966,0.1287,GREEN,34,Mumbai
CLM0014803,MUM_02433,Borivali,2017-10-10,18,0,1,1,0,0,0,0,0,0,0.0,0.341486,0,0.0,0,385,4,1,0.6391,0.0088,GREEN,47,Mumbai
CLM0014804,MUM_07596,Lower Parel,2016-12-21,7,0,0,0,1,0,0,0,0,0,0.0,0.206814,1,0.0,0,220,1,5,0.4255,0.2637,GREEN,49,Mumbai
CLM0014805,MUM_03180,Vashi,2016-03-30,19,0,1,1,0,0,0,0,0,0,0.0,0.130826,0,0.0,0,116,0,1,0.848,0.0,GREEN,48,Mumbai
CLM0014806,MUM_05687,Ghatkopar,2022-06-27,11,0,0,0,1,0,0,0,0,0,1.0,0.937579,0,1.0,0,383,2,3,0.05,0.2074,GREEN,50,Mumbai
CLM0014807,MUM_04154,Andheri,2024-10-24,20,0,0,0,0,0,0,0,0,0,0.0,0.21937,0,0.0,0,119,3,1,0.9366,0.028,GREEN,31,Mumbai
CLM0014808,MUM_01379,Chembur,2018-06-28,19,0,0,0,0,0,1,0,0,0,0.0,0.092252,0,0.0,0,344,0,4,0.98,0.0879,GREEN,63,Mumbai
CLM0014809,MUM_01424,Vashi,2022-04-28,20,0,0,0,0,0,0,0,0,0,0.0,0.38086,0,0.0,0,64,2,3,0.7444,0.0,GREEN,46,Mumbai
CLM0014810,MUM_05410,Bandra,2018-08-21,8,0,0,0,0,0,0,0,0,0,0.0,0.057436,0,0.0,0,420,2,4,0.2426,0.0,GREEN,52,Mumbai
CLM0014811,MUM_01474,Bandra,2018-02-23,9,0,0,0,0,0,1,0,0,0,1.0,0.134213,0,0.0,0,66,4,3,0.7777,0.1776,GREEN,36,Mumbai
CLM0014812,MUM_06723,Chembur,2022-10-31,21,0,0,0,0,0,0,1,0,0,0.0,0.180846,0,0.0,0,357,0,5,0.2516,0.1198,GREEN,63,Mumbai
CLM0014813,MUM_06872,Ghatkopar,2017-01-28,19,0,0,0,0,0,0,0,0,0,0.0,0.103598,0,0.0,0,210,3,1,0.9396,0.0,GREEN,35,Mumbai
CLM0014814,MUM_08905,Powai,2022-07-25,14,0,0,0,0,0,0,0,0,0,0.0,1.0,0,0.0,0,187,1,2,0.8466,0.088,GREEN,40,Mumbai
CLM0014815,MUM_02190,Andheri,2025-01-20,14,0,0,0,0,0,0,0,0,0,0.0,0.291603,0,0.0,0,142,1,4,0.758,0.0343,GREEN,46,Mumbai
CLM0014816,MUM_02492,Bandra,2016-12-17,21,0,0,0,0,0,0,0,1,0,0.0,0.350495,0,0.0,0,326,2,0,0.9383,0.0355,GREEN,37,Mumbai
CLM0014817,MUM_06033,Bandra,2025-02-17,12,0,0,0,0,0,0,0,0,0,1.0,0.111132,0,0.0,0,420,0,2,0.8516,0.0249,GREEN,19,Mumbai
CLM0014818,MUM_05537,Lower Parel,2025-04-16,7,0,0,0,0,0,0,0,0,0,0.0,0.074567,0,0.0,0,314,2,7,0.6367,0.026,GREEN,48,Mumbai
CLM0014819,MUM_01676,Andheri,2023-08-13,10,0,0,0,0,1,0,0,0,0,0.0,0.124472,1,0.0,0,68,2,2,0.8856,0.1718,GREEN,55,Mumbai
CLM0014820,MUM_09059,Borivali,2023-12-09,20,0,0,0,0,0,0,0,0,0,0.0,0.040363,0,0.0,0,364,4,5,0.7371,0.0251,GREEN,42,Mumbai
CLM0014821,MUM_06686,Thane,2025-12-11,20,0,0,0,0,0,0,0,0,0,0.0,0.334869,0,0.0,0,253,2,1,0.5078,0.0,GREEN,34,Mumbai
CLM0014822,MUM_08088,Bandra,2024-07-04,20,0,0,0,1,0,0,0,0,0,0.0,0.08365,0,0.0,0,382,0,4,0.5697,0.2398,GREEN,32,Mumbai
CLM0014823,MUM_02243,Andheri,2025-05-19,13,0,0,0,0,0,0,0,0,0,0.0,0.245944,0,0.0,0,420,3,0,0.98,0.0487,GREEN,46,Mumbai
CLM0014824,MUM_00962,Andheri,2024-05-08,14,0,0,0,0,0,0,0,0,0,0.0,0.186425,0,0.0,0,420,2,0,0.869,0.1075,GREEN,61,Mumbai
CLM0014825,MUM_00476,Lower Parel,2022-02-02,16,0,0,0,0,0,0,0,0,1,0.0,0.055097,0,1.0,0,348,4,0,0.5139,0.2453,GREEN,26,Mumbai
CLM0014826,MUM_07242,Powai,2025-08-31,13,0,0,0,0,0,0,0,0,0,1.0,0.0,0,0.0,0,420,4,1,0.579,0.0,GREEN,49,Mumbai
CLM0014827,MUM_01969,Powai,2018-03-16,20,0,0,0,0,0,0,0,0,0,0.0,0.154303,0,0.0,0,187,3,2,0.5838,0.0,GREEN,38,Mumbai
CLM0014828,MUM_02288,Vashi,2022-05-18,20,0,0,0,0,0,0,0,0,0,0.0,0.446724,0,0.0,0,362,2,6,0.589,0.0468,GREEN,22,Mumbai
CLM0014829,MUM_04401,Powai,2019-07-21,16,0,0,0,0,0,1,1,0,0,0.0,0.130031,0,0.0,0,307,2,5,0.6453,0.2511,GREEN,44,Mumbai
CLM0014830,MUM_03802,Lower Parel,2017-08-02,17,0,0,0,0,0,0,0,0,1,0.0,0.0,0,0.0,0,75,1,0,0.9105,0.1524,GREEN,32,Mumbai
CLM0014831,MUM_02475,Vashi,2022-04-27,9,0,0,0,0,0,0,0,0,0,0.0,0.237929,1,0.0,0,420,0,0,0.7072,0.131,GREEN,53,Mumbai
CLM0014832,MUM_09351,Bandra,2023-12-13,14,0,0,0,0,0,0,0,0,0,0.0,0.098699,0,0.0,0,82,0,0,0.8568,0.0309,GREEN,18,Mumbai
CLM0014833,MUM_01007,Bandra,2022-12-08,18,0,0,0,0,0,0,1,0,0,0.0,0.191643,0,0.0,0,128,3,5,0.7979,0.0621,GREEN,50,Mumbai
CLM0014834,MUM_01205,Vashi,2023-10-08,21,0,0,0,0,0,0,0,0,0,0.0,0.001164,0,0.0,0,284,2,5,0.6539,0.0193,GREEN,39,Mumbai
CLM0014835,MUM_06437,Lower Parel,2024-07-29,19,0,0,0,1,0,0,0,1,0,0.0,0.256385,0,0.0,0,40,0,2,0.98,0.2157,GREEN,18,Mumbai
CLM0014836,MUM_09274,Ghatkopar,2022-04-07,16,0,0,0,0,0,0,0,0,1,0.0,0.206556,0,0.0,1,202,4,2,0.98,0.1676,GREEN,43,Mumbai
CLM0014837,MUM_00663,Ghatkopar,2022-06-11,21,0,0,0,0,0,0,0,0,0,0.0,0.368734,0,0.0,0,184,1,1,0.6396,0.0,GREEN,42,Mumbai
CLM0014838,MUM_04417,Ghatkopar,2023-07-23,10,0,0,0,0,0,0,0,0,0,1.0,0.207053,0,0.0,0,333,0,1,0.6116,0.035,GREEN,46,Mumbai
CLM0014839,MUM_08097,Ghatkopar,2025-03-28,18,0,0,0,0,0,0,0,0,1,0.0,1.0,0,0.0,0,34,3,1,0.05,0.0919,GREEN,49,Mumbai
CLM0014840,MUM_09186,Powai,2023-12-01,17,0,0,0,0,0,0,0,0,0,0.0,0.319995,0,0.0,0,420,0,0,0.7796,0.0617,GREEN,35,Mumbai
CLM0014841,MUM_03756,Ghatkopar,2022-10-26,11,0,0,0,0,0,1,0,0,0,1.0,0.281504,0,0.0,0,420,3,0,0.9498,0.1802,GREEN,38,Mumbai
CLM0014842,MUM_05841,Andheri,2018-12-21,20,0,0,0,0,0,0,0,0,0,0.0,1.0,0,0.0,0,420,1,4,0.6815,0.0,GREEN,36,Mumbai
CLM0014843,MUM_02605,Borivali,2019-04-17,20,0,0,0,0,0,0,0,0,0,0.0,0.390783,0,0.0,0,371,4,1,0.9554,0.0263,GREEN,53,Mumbai
CLM0014844,MUM_05865,Andheri,2025-02-06,16,0,0,0,0,0,0,0,0,1,1.0,0.266015,0,0.0,0,83,2,0,0.7784,0.2025,GREEN,36,Mumbai
CLM0014845,MUM_01612,Dadar,2022-09-13,19,0,0,0,0,0,1,0,0,0,0.0,0.225192,0,0.0,0,205,4,2,0.8003,0.0647,GREEN,22,Mumbai
CLM0014846,MUM_09795,Chembur,2022-11-06,20,0,0,0,1,0,0,0,1,0,0.0,0.242511,0,0.0,0,103,3,4,0.6103,0.146,GREEN,63,Mumbai
CLM0014847,MUM_08758,Borivali,2025-01-26,7,0,0,0,0,0,0,0,0,0,1.0,0.197726,0,0.0,0,269,1,5,0.9196,0.149,GREEN,63,Mumbai
CLM0014848,MUM_02547,Lower Parel,2020-12-19,18,0,0,0,0,0,0,0,0,0,0.0,0.09695,0,0.0,1,339,2,1,0.0824,0.0243,GREEN,51,Mumbai
CLM0014849,MUM_09314,Vashi,2025-07-19,9,0,0,0,0,0,1,0,0,0,0.0,0.392483,0,0.0,0,116,0,3,0.2261,0.065,GREEN,25,Mumbai
CLM0014850,MUM_05686,Bandra,2020-12-25,11,0,0,0,0,0,0,1,1,1,0.0,0.291727,0,0.0,0,115,3,5,0.98,0.2916,GREEN,48,Mumbai
CLM0014851,MUM_09189,Borivali,2020-08-15,10,0,0,0,0,0,0,0,0,0,1.0,0.10621,0,0.0,0,78,2,0,0.5601,0.1274,GREEN,36,Mumbai
CLM0014852,MUM_07093,Ghatkopar,2023-08-25,14,0,0,0,0,0,0,0,0,0,0.0,0.400958,0,0.0,0,358,0,5,0.6378,0.0,GREEN,26,Mumbai
CLM0014853,MUM_00373,Thane,2025-12-23,17,0,0,0,0,0,0,0,0,0,0.0,0.292422,0,0.0,0,280,3,4,0.547,0.0752,GREEN,40,Mumbai
CLM0014854,MUM_01177,Ghatkopar,2019-02-01,7,0,1,1,0,0,0,0,0,0,0.0,0.18162,0,0.0,0,144,0,3,0.98,0.0,GREEN,36,Mumbai
CLM0014855,MUM_07467,Powai,2025-04-14,18,0,0,0,0,0,1,0,0,0,0.0,0.281929,0,0.0,0,359,3,4,0.7454,0.1103,GREEN,54,Mumbai
CLM0014856,MUM_07061,Powai,2023-05-27,10,0,0,0,0,0,0,0,1,0,1.0,0.985125,0,1.0,0,74,1,4,0.916,0.1892,GREEN,18,Mumbai
CLM0014857,MUM_09918,Bandra,2021-10-03,11,0,1,1,0,0,0,0,0,0,0.0,0.247259,0,0.0,0,275,3,0,0.8265,0.0,GREEN,36,Mumbai
CLM0014858,MUM_02904,Andheri,2023-03-30,13,0,0,0,0,0,0,0,0,0,0.0,0.332112,0,0.0,0,208,0,2,0.9323,0.0508,GREEN,43,Mumbai
CLM0014859,MUM_05491,Bandra,2022-12-01,13,0,0,0,0,0,0,0,0,0,0.0,0.953091,0,0.0,0,355,4,2,0.5696,0.0,GREEN,21,Mumbai
CLM0014860,MUM_04480,Chembur,2023-02-08,12,0,0,0,1,0,0,0,0,0,0.0,0.088106,0,0.0,0,72,4,5,0.7659,0.1611,GREEN,57,Mumbai
CLM0014861,MUM_00345,Borivali,2023-10-31,20,0,0,0,0,0,0,1,0,0,0.0,0.00627,0,0.0,0,86,3,2,0.8493,0.1744,GREEN,27,Mumbai
CLM0014862,MUM_07169,Andheri,2025-07-21,12,0,0,0,0,0,1,0,0,0,0.0,0.302881,0,0.0,0,96,0,0,0.98,0.0178,GREEN,45,Mumbai
CLM0014863,MUM_00927,Chembur,2025-05-31,11,0,0,0,0,0,0,0,0,0,0.0,0.368659,0,0.0,0,161,0,0,0.7699,0.0,GREEN,37,Mumbai
CLM0014864,MUM_02821,Chembur,2024-10-05,14,0,0,0,0,0,0,0,0,0,0.0,0.02227,0,0.0,0,344,4,3,0.98,0.0029,GREEN,29,Mumbai
CLM0014865,MUM_07009,Bandra,2021-09-17,21,0,0,0,0,0,0,0,1,1,0.0,0.116025,0,0.0,0,193,3,2,0.582,0.138,GREEN,49,Mumbai
CLM0014866,MUM_09467,Ghatkopar,2024-09-27,16,0,0,0,0,0,0,0,0,0,0.0,1.0,0,1.0,0,357,4,3,0.5278,0.0592,GREEN,66,Mumbai
CLM0014867,MUM_02129,Dadar,2021-03-15,16,0,0,0,0,0,0,0,0,0,1.0,1.0,0,1.0,0,95,3,6,0.2432,0.0,GREEN,35,Mumbai
CLM0014868,MUM_04531,Vashi,2024-08-12,20,0,0,0,0,0,0,0,0,0,0.0,0.122367,0,0.0,0,420,4,5,0.5666,0.0568,GREEN,49,Mumbai
CLM0014869,MUM_04096,Chembur,2025-09-16,14,0,0,0,0,0,0,0,0,0,1.0,0.144954,0,0.0,0,260,3,0,0.8809,0.0,GREEN,36,Mumbai
CLM0014870,MUM_04798,Bandra,2023-05-24,19,0,0,0,0,0,1,0,0,0,0.0,0.193798,0,1.0,0,326,4,1,0.4674,0.0885,GREEN,37,Mumbai
CLM0014871,MUM_04492,Chembur,2021-11-12,16,0,0,0,0,1,0,0,0,0,1.0,0.94451,0,0.0,0,151,3,0,0.6717,0.1508,GREEN,37,Mumbai
CLM0014872,MUM_02795,Dadar,2022-06-21,13,0,0,0,0,0,0,0,0,0,0.0,0.321679,1,0.0,1,420,1,1,0.805,0.2191,GREEN,19,Mumbai
CLM0014873,MUM_00199,Ghatkopar,2024-06-11,14,0,0,0,0,0,1,0,0,0,0.0,0.258275,0,0.0,0,51,3,0,0.8142,0.0792,GREEN,48,Mumbai
CLM0014874,MUM_08063,Borivali,2022-12-22,17,0,0,0,0,1,0,0,0,0,0.0,0.0,0,0.0,0,389,2,4,0.2258,0.1181,GREEN,59,Mumbai
CLM0014875,MUM_07730,Chembur,2022-12-24,16,0,0,0,0,0,0,0,0,0,0.0,0.253153,0,0.0,0,342,3,1,0.8965,0.0714,GREEN,42,Mumbai
CLM0014876,MUM_01903,Powai,2025-04-20,11,0,0,0,0,0,0,0,0,0,1.0,0.0,0,0.0,0,334,2,1,0.9689,0.0167,GREEN,45,Mumbai
CLM0014877,MUM_04484,Borivali,2024-11-25,14,0,0,0,0,0,0,0,0,0,1.0,0.210148,0,0.0,0,290,2,1,0.7516,0.0295,GREEN,31,Mumbai
CLM0014878,MUM_07675,Lower Parel,2023-05-12,20,0,0,0,0,0,0,0,0,0,0.0,0.0,0,0.0,0,335,3,3,0.5285,0.0103,GREEN,27,Mumbai
CLM0014879,MUM_06952,Vashi,2025-08-04,11,0,0,0,0,0,0,0,0,0,0.0,1.0,0,0.0,0,420,3,0,0.4948,0.0746,GREEN,44,Mumbai
CLM0014880,MUM_02360,Lower Parel,2022-04-10,9,0,0,0,0,0,0,0,0,0,0.0,0.058483,0,0.0,1,66,2,2,0.6276,0.0898,GREEN,33,Mumbai
CLM0014881,MUM_06695,Andheri,2020-04-24,15,0,0,0,0,0,0,1,0,0,0.0,0.10074,0,0.0,0,125,3,0,0.6011,0.0182,GREEN,51,Mumbai
CLM0014882,MUM_09309,Lower Parel,2024-10-30,8,0,0,0,0,0,1,0,0,0,0.0,0.00609,0,0.0,0,217,2,3,0.7985,0.0879,GREEN,20,Mumbai
CLM0014883,MUM_03495,Andheri,2021-04-06,15,0,0,0,0,0,0,0,0,0,0.0,0.254461,0,0.0,0,67,1,0,0.0546,0.0,GREEN,50,Mumbai
CLM0014884,MUM_02079,Powai,2020-06-23,16,0,0,0,0,0,0,0,0,0,0.0,0.350343,0,1.0,0,420,2,6,0.578,0.0084,GREEN,46,Mumbai
CLM0014885,MUM_01075,Bandra,2020-10-04,13,0,0,0,0,0,0,0,0,0,0.0,0.121655,0,0.0,0,338,0,6,0.8755,0.0274,GREEN,36,Mumbai
CLM0014886,MUM_06696,Borivali,2019-06-21,16,0,0,0,0,0,0,0,0,0,0.0,0.99668,0,0.0,0,378,0,0,0.8347,0.0,GREEN,48,Mumbai
CLM0014887,MUM_00761,Bandra,2021-07-16,12,0,0,0,0,0,0,0,0,0,0.0,0.074957,0,0.0,0,363,2,0,0.7228,0.0265,GREEN,26,Mumbai
CLM0014888,MUM_07752,Chembur,2025-07-11,14,0,0,0,0,0,0,0,0,0,0.0,0.361022,0,0.0,0,167,2,5,0.9337,0.0986,GREEN,53,Mumbai
CLM0014889,MUM_03944,Thane,2025-05-03,13,0,0,0,0,0,0,0,0,0,0.0,0.042965,0,0.0,0,70,1,0,0.7778,0.0,GREEN,46,Mumbai
CLM0014890,MUM_05136,Dadar,2024-09-05,7,0,0,0,0,0,0,1,0,0,0.0,0.143812,0,0.0,0,420,2,6,0.7954,0.0396,GREEN,50,Mumbai
CLM0014891,MUM_03151,Borivali,2025-04-25,19,0,0,0,0,0,0,0,0,0,0.0,0.042517,0,0.0,0,76,0,6,0.5508,0.0,GREEN,46,Mumbai
CLM0014892,MUM_05385,Bandra,2025-04-26,21,0,0,0,0,0,0,1,0,0,0.0,0.118614,0,0.0,0,162,1,5,0.6924,0.0307,GREEN,38,Mumbai
CLM0014893,MUM_08522,Andheri,2025-10-07,19,0,0,0,0,0,0,0,0,0,0.0,0.206945,0,0.0,0,420,4,4,0.9054,0.01,GREEN,57,Mumbai
CLM0014894,MUM_04526,Andheri,2024-08-02,12,0,0,0,0,0,0,1,0,0,0.0,0.952563,0,0.0,0,27,2,3,0.3268,0.1445,GREEN,33,Mumbai
CLM0014895,MUM_07395,Vashi,2025-08-06,13,0,0,0,0,0,0,0,0,0,0.0,0.038064,0,0.0,0,232,1,3,0.98,0.0,GREEN,27,Mumbai
CLM0014896,MUM_09284,Andheri,2023-10-01,7,0,0,0,0,0,0,0,0,0,0.0,0.3417,0,0.0,0,420,0,1,0.637,0.0,GREEN,50,Mumbai
CLM0014897,MUM_02744,Lower Parel,2024-09-27,20,0,0,0,0,0,0,0,0,0,0.0,0.018808,0,0.0,0,351,4,4,0.8826,0.0675,GREEN,41,Mumbai
CLM0014898,MUM_01829,Andheri,2023-10-21,11,0,0,0,0,0,0,0,0,0,0.0,0.214477,0,0.0,0,297,3,6,0.8735,0.1118,GREEN,33,Mumbai
CLM0014899,MUM_08177,Dadar,2021-10-05,10,0,0,0,0,0,0,0,1,0,0.0,0.071303,0,0.0,0,420,0,0,0.1891,0.1424,GREEN,65,Mumbai
CLM0014900,MUM_02084,Powai,2019-11-30,13,0,1,1,0,0,1,0,0,0,0.0,1.0,0,0.0,0,292,2,6,0.6929,0.0789,GREEN,23,Mumbai
CLM0014901,MUM_06824,Powai,2022-08-29,14,0,0,0,0,0,0,0,0,0,0.0,0.463349,0,0.0,0,311,2,3,0.7055,0.0,GREEN,36,Mumbai
CLM0014902,MUM_05022,Chembur,2025-11-07,11,0,0,0,0,0,0,0,0,0,0.0,0.099618,0,0.0,0,154,0,0,0.9041,0.0365,GREEN,42,Mumbai
CLM0014903,MUM_07660,Ghatkopar,2021-05-22,9,0,0,0,0,0,0,0,0,0,0.0,0.374078,0,0.0,0,170,4,6,0.9381,0.2371,GREEN,42,Mumbai
CLM0014904,MUM_07224,Lower Parel,2025-01-10,7,0,0,0,0,0,0,0,0,0,1.0,0.240474,0,0.0,0,215,3,3,0.2343,0.0822,GREEN,56,Mumbai
CLM0014905,MUM_04263,Dadar,2022-11-27,10,0,0,0,0,0,0,0,0,1,0.0,0.044326,0,1.0,0,33,3,4,0.3088,0.1028,GREEN,40,Mumbai
CLM0014906,MUM_02764,Bandra,2020-11-20,20,0,0,0,0,0,0,0,0,1,0.0,0.192837,0,0.0,0,67,3,4,0.7471,0.0449,GREEN,26,Mumbai
CLM0014907,MUM_05917,Lower Parel,2022-04-20,11,0,0,0,0,0,0,0,0,0,0.0,0.148889,0,0.0,0,157,0,0,0.8905,0.0,GREEN,37,Mumbai
CLM0014908,MUM_05166,Chembur,2023-09-21,13,0,0,0,0,0,0,0,0,0,0.0,0.972119,0,0.0,0,420,4,2,0.7784,0.0,GREEN,38,Mumbai
CLM0014909,MUM_09611,Ghatkopar,2025-08-14,12,0,1,1,0,0,0,0,0,0,0.0,0.116774,0,0.0,0,298,3,1,0.9467,0.0,GREEN,35,Mumbai
CLM0014910,MUM_02788,Chembur,2024-01-25,12,0,1,1,0,0,0,0,0,0,0.0,0.049615,0,0.0,0,184,4,1,0.98,0.0,GREEN,29,Mumbai
CLM0014911,MUM_08883,Powai,2023-06-11,19,0,0,0,0,0,0,0,0,0,0.0,0.32158,0,0.0,0,282,3,7,0.7963,0.0311,GREEN,21,Mumbai
CLM0014912,MUM_06304,Dadar,2024-02-04,16,0,0,0,0,0,0,0,0,0,0.0,1.0,0,0.0,0,40,4,2,0.6705,0.0199,GREEN,51,Mumbai
CLM0014913,MUM_03685,Lower Parel,2024-04-15,9,0,0,0,0,0,0,0,0,0,0.0,0.17342,0,1.0,0,51,4,0,0.6558,0.0096,GREEN,37,Mumbai
CLM0014914,MUM_01491,Vashi,2025-07-04,17,0,0,0,0,0,0,0,0,0,0.0,0.390757,0,0.0,0,245,0,4,0.5088,0.0,GREEN,47,Mumbai
CLM0014915,MUM_07378,Thane,2025-06-08,14,0,0,0,0,0,1,0,0,0,0.0,0.062071,1,0.0,0,198,3,2,0.7722,0.1937,GREEN,48,Mumbai
CLM0014916,MUM_09863,Dadar,2024-07-29,13,0,1,1,0,0,0,0,0,0,0.0,0.141304,0,0.0,0,420,0,0,0.9643,0.1134,GREEN,52,Mumbai
CLM0014917,MUM_09112,Borivali,2025-06-27,20,0,0,0,1,1,0,1,1,1,0.0,0.933508,1,0.0,0,33,2,18,0.05,0.1454,GREEN,51,Mumbai
CLM0014918,MUM_08657,Bandra,2025-07-30,18,0,0,0,0,0,0,0,0,0,0.0,0.304453,0,1.0,0,32,1,4,0.5161,0.0,GREEN,31,Mumbai
CLM0014919,MUM_08372,Andheri,2025-11-22,10,0,0,0,0,0,0,0,0,0,0.0,0.012877,0,0.0,0,363,0,0,0.3296,0.0,GREEN,33,Mumbai
CLM0014920,MUM_08724,Chembur,2024-09-30,12,0,0,0,0,0,0,0,0,0,0.0,0.09343,0,0.0,0,359,2,2,0.6659,0.0,GREEN,42,Mumbai
CLM0014921,MUM_06309,Lower Parel,2024-05-01,13,0,0,0,0,0,0,0,0,0,1.0,0.088864,0,1.0,0,107,0,1,0.6265,0.1027,GREEN,18,Mumbai
CLM0014922,MUM_01723,Dadar,2025-08-31,17,0,0,0,0,1,0,0,0,0,0.0,0.253618,0,0.0,0,173,3,2,0.5512,0.0945,GREEN,57,Mumbai
CLM0014923,MUM_06567,Chembur,2020-12-01,8,0,0,0,0,0,0,0,0,0,1.0,0.449088,1,0.0,0,211,2,1,0.8996,0.0,GREEN,38,Mumbai
CLM0014924,MUM_05973,Lower Parel,2023-10-20,18,0,0,0,0,0,0,0,1,0,1.0,1.0,0,1.0,0,395,1,0,0.6462,0.0,GREEN,29,Mumbai
CLM0014925,MUM_03226,Thane,2020-12-02,12,0,0,0,1,0,0,0,0,0,0.0,0.049393,0,1.0,0,190,1,0,0.6431,0.205,GREEN,39,Mumbai
CLM0014926,MUM_08139,Chembur,2022-10-18,17,0,0,0,0,0,0,0,0,0,0.0,0.039476,0,0.0,0,208,1,7,0.8868,0.145,GREEN,46,Mumbai
CLM0014927,MUM_01559,Thane,2022-11-28,10,0,0,0,0,0,1,0,0,0,0.0,0.32258,0,0.0,0,420,4,3,0.6844,0.047,GREEN,34,Mumbai
CLM0014928,MUM_05559,Lower Parel,2021-10-09,12,0,0,0,0,0,0,0,0,0,0.0,1.0,0,0.0,0,27,1,1,0.1079,0.0238,GREEN,18,Mumbai
CLM0014929,MUM_08139,Chembur,2024-05-01,13,0,0,0,0,0,0,0,0,0,0.0,0.14564,0,0.0,0,420,0,1,0.9696,0.0,GREEN,46,Mumbai
CLM0014930,MUM_03428,Chembur,2020-04-16,18,0,0,0,0,0,1,0,0,0,1.0,1.0,0,1.0,0,241,2,3,0.4152,0.1051,GREEN,44,Mumbai
CLM0014931,MUM_04727,Andheri,2024-09-10,10,0,0,0,1,0,0,0,0,0,0.0,0.0,0,0.0,0,247,4,4,0.8715,0.0978,GREEN,34,Mumbai
CLM0014932,MUM_04636,Thane,2020-09-24,13,0,0,0,0,0,0,0,0,0,0.0,0.27717,0,0.0,0,193,0,0,0.2313,0.0,GREEN,58,Mumbai
CLM0014933,MUM_08281,Dadar,2025-02-20,18,0,0,0,0,0,0,0,0,0,0.0,0.144164,0,0.0,0,70,4,4,0.1475,0.126,GREEN,50,Mumbai
CLM0014934,MUM_00721,Powai,2022-04-23,16,0,0,0,0,0,0,0,0,0,0.0,0.0,0,1.0,0,420,2,0,0.05,0.0,GREEN,52,Mumbai
CLM0014935,MUM_03894,Lower Parel,2023-07-11,10,0,0,0,0,0,0,0,0,0,0.0,0.198368,0,0.0,0,372,4,3,0.9794,0.0,GREEN,39,Mumbai
CLM0014936,MUM_03446,Vashi,2020-01-18,11,0,1,1,0,0,0,0,0,0,0.0,0.245063,0,0.0,0,420,0,3,0.6537,0.0,GREEN,58,Mumbai
CLM0014937,MUM_09720,Borivali,2021-12-15,8,0,0,0,0,0,0,0,0,0,0.0,0.216334,0,0.0,0,195,3,4,0.5402,0.1037,GREEN,49,Mumbai
CLM0014938,MUM_07348,Ghatkopar,2018-03-21,9,0,0,0,0,0,1,0,0,0,0.0,0.440738,0,0.0,0,26,1,5,0.05,0.087,GREEN,41,Mumbai
CLM0014939,MUM_04153,Powai,2018-04-06,21,0,0,0,0,0,0,0,0,0,0.0,0.269077,0,0.0,0,397,1,0,0.75,0.0,GREEN,58,Mumbai
CLM0014940,MUM_01384,Chembur,2016-05-18,12,0,0,0,0,0,0,0,0,0,0.0,0.090477,0,0.0,0,287,4,1,0.8136,0.0216,GREEN,47,Mumbai
CLM0014941,MUM_00349,Bandra,2021-04-15,17,0,0,0,0,0,0,0,0,0,0.0,0.384997,0,0.0,0,236,3,0,0.4277,0.0055,GREEN,49,Mumbai
CLM0014942,MUM_07758,Ghatkopar,2017-06-27,9,0,0,0,0,0,0,0,0,0,0.0,0.302195,0,0.0,0,79,0,4,0.1036,0.0305,GREEN,48,Mumbai
CLM0014943,MUM_03373,Ghatkopar,2025-03-13,18,0,0,0,0,0,0,1,0,0,0.0,0.034638,0,0.0,0,420,4,6,0.9017,0.0489,GREEN,18,Mumbai
CLM0014944,MUM_02524,Bandra,2024-12-26,7,0,0,0,0,0,0,0,0,0,0.0,0.436117,0,1.0,0,314,0,2,0.8383,0.0666,GREEN,31,Mumbai
CLM0014945,MUM_03935,Dadar,2024-04-10,11,0,0,0,0,0,0,0,0,0,0.0,0.920689,0,0.0,0,367,2,6,0.6263,0.0,GREEN,57,Mumbai
CLM0014946,MUM_02525,Ghatkopar,2025-07-14,14,0,1,1,0,0,0,0,0,0,0.0,0.081123,0,0.0,0,204,4,6,0.6253,0.0308,GREEN,45,Mumbai
CLM0014947,MUM_06851,Vashi,2023-11-27,21,0,0,0,1,1,1,1,0,0,0.0,0.156032,0,0.0,0,29,2,18,0.8659,0.2618,GREEN,39,Mumbai
CLM0014948,MUM_01831,Lower Parel,2023-11-23,15,0,0,0,0,0,0,0,0,0,1.0,0.0,0,0.0,0,241,2,5,0.8872,0.0205,GREEN,26,Mumbai
CLM0014949,MUM_00759,Lower Parel,2025-10-22,10,0,0,0,0,0,0,0,1,0,0.0,0.228597,0,0.0,0,420,1,4,0.4848,0.1522,GREEN,42,Mumbai
CLM0014950,MUM_08562,Ghatkopar,2025-07-22,12,0,1,1,0,0,1,1,1,1,1.0,0.170445,0,0.0,0,5,0,18,0.898,0.5246,YELLOW,46,Mumbai
CLM0014951,MUM_03986,Thane,2022-04-25,21,0,1,1,1,0,1,1,1,1,0.0,0.109466,0,0.0,0,30,2,18,0.98,0.6153,RED,32,Mumbai
CLM0014952,MUM_09765,Thane,2021-08-29,12,0,0,0,0,0,0,0,0,0,0.0,0.497736,0,0.0,0,248,4,4,0.9747,0.0238,GREEN,55,Mumbai
CLM0014953,MUM_02999,Borivali,2016-11-01,9,0,0,0,0,0,0,1,0,0,0.0,0.129745,0,1.0,0,420,2,1,0.3244,0.0902,GREEN,49,Mumbai
CLM0014954,MUM_00105,Lower Parel,2022-09-04,18,0,0,0,0,0,0,1,0,0,0.0,0.174963,0,0.0,0,256,0,0,0.1383,0.0399,GREEN,22,Mumbai
CLM0014955,MUM_08247,Andheri,2024-03-05,10,0,0,0,0,0,0,0,0,0,1.0,1.0,0,1.0,0,210,3,3,0.7788,0.0,GREEN,47,Mumbai
CLM0014956,MUM_05492,Borivali,2019-02-25,17,0,0,0,0,1,0,0,0,0,1.0,0.239937,0,0.0,1,420,0,2,0.7688,0.285,GREEN,39,Mumbai
CLM0014957,MUM_00326,Vashi,2020-08-10,11,0,0,0,0,0,0,0,0,0,0.0,0.194018,0,0.0,0,54,0,3,0.6282,0.0891,GREEN,48,Mumbai
CLM0014958,MUM_01383,Bandra,2016-07-25,8,0,0,0,0,0,1,0,0,0,0.0,0.02403,0,0.0,0,46,4,6,0.7238,0.1149,GREEN,44,Mumbai
CLM0014959,MUM_00910,Borivali,2016-10-03,10,0,0,0,0,0,0,0,0,0,0.0,0.240485,0,0.0,1,188,1,1,0.8965,0.0716,GREEN,51,Mumbai
CLM0014960,MUM_05327,Vashi,2019-07-23,17,0,1,1,0,0,0,0,1,0,0.0,0.100205,0,0.0,0,420,1,1,0.633,0.0912,GREEN,44,Mumbai
CLM0014961,MUM_02908,Lower Parel,2020-08-08,11,0,0,0,0,0,0,0,0,0,0.0,0.342816,0,0.0,0,72,4,0,0.7183,0.0,GREEN,24,Mumbai
CLM0014962,MUM_08256,Lower Parel,2023-06-05,15,0,0,0,0,0,0,0,0,0,1.0,0.974324,0,1.0,0,214,4,0,0.8159,0.0,GREEN,48,Mumbai
CLM0014963,MUM_00761,Bandra,2023-03-13,19,0,0,0,0,0,0,1,0,0,1.0,0.300337,0,0.0,0,353,1,4,0.8423,0.125,GREEN,26,Mumbai
CLM0014964,MUM_03481,Vashi,2025-05-20,18,0,0,0,0,0,0,0,0,0,1.0,0.179531,0,0.0,0,264,1,6,0.7995,0.0,GREEN,44,Mumbai
CLM0014965,MUM_07717,Chembur,2024-11-20,15,0,0,0,0,0,0,0,0,0,0.0,1.0,0,0.0,0,169,3,6,0.98,0.0,GREEN,30,Mumbai
CLM0014966,MUM_03908,Borivali,2024-07-26,21,0,0,0,0,0,0,1,0,0,0.0,0.261795,0,0.0,0,189,1,1,0.6048,0.012,GREEN,51,Mumbai
CLM0014967,MUM_04476,Chembur,2025-11-22,7,0,0,0,0,0,0,0,0,0,0.0,0.295182,0,0.0,0,320,2,3,0.7204,0.0,GREEN,50,Mumbai
CLM0014968,MUM_01118,Lower Parel,2025-08-04,18,0,0,0,0,0,0,0,0,1,0.0,1.0,1,1.0,0,18,4,2,0.5047,0.2451,GREEN,53,Mumbai
CLM0014969,MUM_00859,Borivali,2023-07-10,11,0,0,0,0,0,0,0,0,0,0.0,0.417036,0,0.0,0,156,4,2,0.98,0.0,GREEN,44,Mumbai
CLM0014970,MUM_05440,Andheri,2023-10-17,20,0,0,0,0,0,0,0,0,0,0.0,0.115718,1,0.0,0,420,1,2,0.9476,0.2553,GREEN,45,Mumbai
CLM0014971,MUM_00260,Vashi,2023-04-07,20,0,1,1,0,0,0,0,0,1,0.0,0.0,0,0.0,0,223,2,0,0.8431,0.1338,GREEN,18,Mumbai
CLM0014972,MUM_03092,Thane,2025-02-09,19,0,0,0,0,0,0,0,0,0,1.0,0.951293,0,0.0,0,239,4,4,0.9086,0.1768,GREEN,37,Mumbai
CLM0014973,MUM_07324,Thane,2023-11-28,9,0,0,0,0,0,0,0,0,0,0.0,0.0,0,0.0,1,107,4,1,0.5993,0.0,GREEN,50,Mumbai
CLM0014974,MUM_07065,Andheri,2023-12-25,7,0,0,0,0,0,0,0,0,0,0.0,0.365359,0,0.0,0,22,2,0,0.68,0.0,GREEN,51,Mumbai
CLM0014975,MUM_05275,Dadar,2021-04-15,18,0,0,0,0,0,0,0,0,0,0.0,0.252443,0,0.0,0,82,1,0,0.2564,0.0,GREEN,39,Mumbai
CLM0014976,MUM_08216,Borivali,2023-03-03,20,0,1,1,0,0,0,0,0,0,0.0,0.433186,0,0.0,0,84,2,2,0.7951,0.0,GREEN,41,Mumbai
CLM0014977,MUM_06864,Lower Parel,2025-08-14,18,0,0,0,0,0,0,0,0,0,0.0,0.29039,0,0.0,1,291,0,4,0.8676,0.0507,GREEN,41,Mumbai
CLM0014978,MUM_04728,Borivali,2024-04-15,11,0,0,0,0,0,0,0,1,0,0.0,0.309974,0,0.0,0,410,2,6,0.7901,0.0712,GREEN,51,Mumbai
CLM0014979,MUM_08979,Borivali,2024-05-01,15,0,0,0,0,0,0,0,1,1,0.0,1.0,0,0.0,0,121,1,2,0.7084,0.2722,GREEN,26,Mumbai
CLM0014980,MUM_05616,Thane,2023-06-02,19,0,0,0,0,0,0,0,0,0,0.0,1.0,0,0.0,0,326,4,1,0.4816,0.0,GREEN,42,Mumbai
CLM0014981,MUM_01304,Bandra,2021-07-03,10,0,0,0,0,0,0,0,0,0,0.0,0.067581,0,0.0,0,420,4,6,0.6576,0.0729,GREEN,51,Mumbai
CLM0014982,MUM_05192,Lower Parel,2024-11-28,12,0,0,0,1,0,0,1,1,0,1.0,0.832199,0,1.0,1,11,2,18,0.3464,0.0,GREEN,37,Mumbai
CLM0014983,MUM_08652,Chembur,2025-04-06,18,0,0,0,0,0,0,0,0,0,1.0,0.918526,0,1.0,0,218,0,4,0.6673,0.0,GREEN,40,Mumbai
CLM0014984,MUM_06019,Dadar,2024-05-21,10,0,0,0,0,0,0,0,0,0,0.0,0.00211,0,0.0,0,33,0,2,0.7187,0.0265,GREEN,39,Mumbai
CLM0014985,MUM_03107,Dadar,2024-05-05,20,0,0,0,0,0,0,0,0,0,0.0,0.20608,0,0.0,0,79,2,0,0.6379,0.0058,GREEN,43,Mumbai
CLM0014986,MUM_05810,Bandra,2022-08-24,20,0,0,0,0,0,0,0,0,0,0.0,0.286436,0,1.0,0,264,3,4,0.2426,0.1046,GREEN,31,Mumbai
CLM0014987,MUM_07685,Chembur,2025-08-29,12,0,0,0,1,1,1,1,1,1,0.0,0.062014,0,1.0,0,6,0,12,0.8651,0.0367,GREEN,43,Mumbai
CLM0014988,MUM_08816,Thane,2025-07-24,10,0,0,0,0,0,0,0,0,0,1.0,0.14519,0,0.0,0,20,4,3,0.761,0.0,GREEN,40,Mumbai
CLM0014989,MUM_05243,Bandra,2024-10-16,12,0,0,0,0,0,1,1,0,0,1.0,0.349827,0,0.0,0,396,4,4,0.9628,0.1418,GREEN,38,Mumbai
CLM0014990,MUM_03006,Thane,2023-12-11,21,0,0,0,0,0,0,0,0,0,0.0,0.094874,0,0.0,0,420,4,4,0.078,0.0,GREEN,37,Mumbai
CLM0014991,MUM_06312,Vashi,2025-12-18,15,0,0,0,0,0,0,0,0,0,0.0,0.121296,0,0.0,0,125,2,3,0.8741,0.0314,GREEN,33,Mumbai
CLM0014992,MUM_02216,Chembur,2024-08-12,18,0,0,0,1,0,0,1,0,0,0.0,0.129603,0,1.0,0,380,2,1,0.7839,0.3253,YELLOW,58,Mumbai
CLM0014993,MUM_07027,Vashi,2021-06-05,15,0,0,0,0,0,0,0,0,0,0.0,0.0,0,0.0,0,89,0,4,0.98,0.0,GREEN,51,Mumbai
CLM0014994,MUM_06403,Ghatkopar,2019-08-24,11,0,0,0,1,1,1,1,1,0,0.0,0.226363,0,1.0,0,6,2,18,0.0811,0.0744,GREEN,44,Mumbai
CLM0014995,MUM_05210,Powai,2018-08-30,21,0,0,0,0,0,0,0,0,0,0.0,0.294527,0,0.0,0,285,3,1,0.5595,0.0291,GREEN,39,Mumbai
CLM0014996,MUM_01048,Bandra,2023-09-04,11,0,0,0,0,0,0,0,0,0,0.0,0.081403,0,0.0,0,377,1,2,0.8767,0.0,GREEN,45,Mumbai
CLM0014997,MUM_00525,Thane,2022-04-19,13,0,0,0,0,0,0,0,0,0,0.0,1.0,0,0.0,0,383,0,3,0.8693,0.0,GREEN,34,Mumbai
CLM0014998,MUM_05864,Chembur,2021-08-29,17,0,0,0,1,0,0,0,0,0,0.0,0.159777,0,0.0,0,320,3,4,0.5008,0.1542,GREEN,48,Mumbai
CLM0014999,MUM_01323,Powai,2022-09-21,12,0,0,0,0,0,0,0,1,0,0.0,0.078849,0,0.0,0,57,1,5,0.7466,0.1006,GREEN,40,Mumbai
CLM0015000,MUM_02462,Bandra,2024-08-30,13,0,0,0,0,0,0,0,0,0,0.0,1.0,0,0.0,0,20,1,0,0.7368,0.0637,GREEN,25,Mumbai
CLM0015001,MUM_04917,Andheri,2023-04-14,14,0,0,0,0,1,1,0,0,1,0.0,0.0,0,0.0,0,303,2,4,0.849,0.4257,YELLOW,46,Mumbai
CLM0015002,MUM_01693,Bandra,2024-05-26,8,0,0,0,0,0,0,0,0,0,1.0,1.0,0,1.0,0,138,0,2,0.5284,0.0,GREEN,43,Mumbai
CLM0015003,MUM_07344,Ghatkopar,2024-09-24,7,0,0,0,0,1,0,1,1,0,0.0,1.0,0,0.0,0,43,1,14,0.4777,0.0,GREEN,37,Mumbai
CLM0015004,MUM_00383,Vashi,2024-09-16,11,0,0,0,0,0,0,0,0,0,0.0,0.0,0,0.0,0,189,1,3,0.6216,0.0,GREEN,44,Mumbai
CLM0015005,MUM_08334,Dadar,2024-09-12,16,0,0,0,0,0,0,0,0,0,0.0,0.017602,0,0.0,0,242,1,2,0.7331,0.1354,GREEN,54,Mumbai
CLM0015006,MUM_07322,Vashi,2024-08-27,9,0,0,0,0,0,0,0,0,0,0.0,0.187626,0,0.0,0,102,1,3,0.5718,0.0,GREEN,55,Mumbai
CLM0015007,MUM_06266,Vashi,2024-09-20,20,0,0,0,0,0,0,0,0,0,0.0,1.0,0,0.0,1,287,2,1,0.6185,0.0024,GREEN,36,Mumbai
CLM0015008,MUM_03139,Powai,2025-10-04,15,0,0,0,0,0,0,0,0,0,0.0,0.0,0,0.0,0,385,3,3,0.7447,0.0,GREEN,32,Mumbai
CLM0015009,MUM_07498,Bandra,2025-11-21,12,0,0,0,0,1,1,0,0,0,1.0,0.348817,0,0.0,0,350,1,0,0.3029,0.1391,GREEN,51,Mumbai
CLM0015010,MUM_08932,Powai,2023-03-27,7,0,0,0,0,0,0,0,0,0,1.0,1.0,1,0.0,0,169,3,1,0.0919,0.1334,GREEN,58,Mumbai
CLM0015011,MUM_07686,Vashi,2025-03-31,10,0,0,0,0,0,0,0,1,0,0.0,0.223323,0,0.0,0,420,3,2,0.593,0.1648,GREEN,35,Mumbai
CLM0015012,MUM_02163,Lower Parel,2025-08-15,20,0,0,0,0,0,0,0,0,0,1.0,0.311914,0,0.0,0,420,0,0,0.1841,0.1166,GREEN,25,Mumbai
CLM0015013,MUM_09038,Dadar,2024-10-30,17,0,1,1,0,0,1,0,0,0,0.0,0.168397,0,0.0,1,309,2,4,0.6357,0.2697,GREEN,42,Mumbai
CLM0015014,MUM_01806,Lower Parel,2025-06-28,20,0,0,0,0,0,0,0,0,0,0.0,0.10596,0,0.0,0,69,4,3,0.7527,0.0247,GREEN,48,Mumbai
CLM0015015,MUM_08885,Chembur,2024-08-05,16,0,0,0,0,0,0,0,0,0,0.0,0.271995,0,0.0,0,409,2,2,0.56,0.0812,GREEN,49,Mumbai
CLM0015016,MUM_03442,Lower Parel,2025-04-30,20,0,0,0,0,0,0,0,0,0,0.0,0.0,0,0.0,0,263,4,2,0.6589,0.0,GREEN,48,Mumbai
CLM0015017,MUM_05660,Powai,2024-10-18,12,0,0,0,0,0,0,0,0,0,0.0,0.258993,0,0.0,0,301,0,8,0.8955,0.0,GREEN,43,Mumbai
CLM0015018,MUM_04001,Andheri,2024-10-10,10,0,0,0,0,0,0,0,0,0,1.0,0.263357,1,0.0,0,420,2,6,0.98,0.0918,GREEN,39,Mumbai
CLM0015019,MUM_03754,Thane,2017-03-03,13,0,0,0,0,0,0,0,0,0,0.0,0.089857,0,1.0,0,68,3,7,0.8697,0.0,GREEN,42,Mumbai
CLM0015020,MUM_06363,Powai,2021-04-05,21,0,0,0,1,0,1,0,0,0,1.0,0.277402,0,0.0,0,398,3,3,0.7382,0.2809,GREEN,52,Mumbai
CLM0015021,MUM_05119,Chembur,2018-11-13,21,1,0,0,0,0,1,0,0,0,0.0,0.161003,0,0.0,1,260,0,6,0.7403,0.2489,GREEN,58,Mumbai
CLM0015022,MUM_03328,Bandra,2020-09-22,10,0,0,0,0,0,0,0,1,0,0.0,0.141181,0,0.0,0,169,1,1,0.3238,0.1431,GREEN,57,Mumbai
CLM0015023,MUM_03442,Lower Parel,2017-11-14,8,0,0,0,0,0,0,0,0,0,0.0,0.116629,0,0.0,0,420,3,2,0.0996,0.0318,GREEN,48,Mumbai
CLM0015024,MUM_05051,Borivali,2023-09-05,11,0,0,0,0,0,0,0,0,0,0.0,0.123106,0,0.0,1,89,1,0,0.6277,0.0751,GREEN,44,Mumbai
CLM0015025,MUM_00352,Bandra,2021-07-02,20,0,0,0,0,0,0,1,0,0,0.0,0.287536,0,0.0,0,420,2,7,0.8769,0.0098,GREEN,48,Mumbai
CLM0015026,MUM_05993,Chembur,2018-09-28,7,0,1,1,0,0,0,0,0,0,0.0,0.0,0,1.0,0,38,1,0,0.687,0.0,GREEN,40,Mumbai
CLM0015027,MUM_02819,Powai,2021-03-23,19,0,0,0,0,0,0,0,0,1,1.0,1.0,0,1.0,0,365,0,4,0.98,0.1232,GREEN,40,Mumbai
CLM0015028,MUM_06773,Chembur,2023-03-29,18,0,0,0,0,0,0,0,0,0,0.0,0.169045,0,0.0,0,328,1,0,0.6554,0.0193,GREEN,31,Mumbai
CLM0015029,MUM_07276,Thane,2022-05-02,13,0,0,0,0,0,0,0,0,0,0.0,0.354713,0,0.0,0,420,2,2,0.98,0.0687,GREEN,41,Mumbai
CLM0015030,MUM_01305,Powai,2024-11-10,9,0,1,1,1,1,0,1,1,0,1.0,0.654091,0,1.0,1,5,1,14,0.8415,0.028,GREEN,26,Mumbai
CLM0015031,MUM_06633,Bandra,2024-11-08,18,0,0,0,1,1,1,1,1,1,1.0,1.0,0,1.0,0,5,4,18,0.2228,0.0,GREEN,25,Mumbai
CLM0015032,MUM_02303,Lower Parel,2021-11-27,17,0,0,0,0,0,0,0,1,0,0.0,0.155441,0,0.0,0,420,1,4,0.1766,0.0444,GREEN,52,Mumbai
CLM0015033,MUM_09043,Powai,2025-07-26,21,0,0,0,0,0,0,0,0,0,0.0,0.311662,0,0.0,0,293,4,1,0.787,0.0,GREEN,29,Mumbai
CLM0015034,MUM_00420,Dadar,2025-03-07,17,0,0,0,0,0,0,0,0,0,0.0,0.193738,0,0.0,0,172,1,3,0.809,0.0,GREEN,53,Mumbai
CLM0015035,MUM_04925,Ghatkopar,2022-04-26,16,0,0,0,0,0,0,0,0,0,0.0,0.121864,0,0.0,0,227,2,4,0.1804,0.0,GREEN,61,Mumbai
CLM0015036,MUM_00994,Powai,2025-03-22,12,0,0,0,0,0,0,0,0,0,0.0,0.391445,0,0.0,0,5,4,0,0.5108,0.0,GREEN,36,Mumbai
CLM0015037,MUM_03797,Dadar,2023-08-07,7,0,0,0,0,1,0,0,0,0,1.0,0.102055,0,0.0,0,109,4,6,0.8464,0.2927,GREEN,45,Mumbai
CLM0015038,MUM_00254,Vashi,2019-04-22,16,0,0,0,0,0,1,0,1,1,0.0,0.218581,0,0.0,0,184,4,1,0.5942,0.2695,GREEN,34,Mumbai
CLM0015039,MUM_03523,Dadar,2017-09-24,21,0,1,1,0,0,0,1,0,0,0.0,0.105831,0,0.0,0,120,4,0,0.98,0.0392,GREEN,25,Mumbai
CLM0015040,MUM_09338,Powai,2022-09-24,13,0,0,0,0,0,0,0,0,0,0.0,0.337001,0,0.0,0,28,1,4,0.8776,0.0,GREEN,36,Mumbai
CLM0015041,MUM_08346,Dadar,2019-07-10,14,0,0,0,0,1,0,1,0,0,0.0,0.282696,0,0.0,0,288,2,2,0.9739,0.1244,GREEN,28,Mumbai
CLM0015042,MUM_00539,Vashi,2018-10-05,11,0,0,0,0,0,0,1,0,0,1.0,0.104067,0,0.0,0,76,3,1,0.5734,0.1143,GREEN,60,Mumbai
CLM0015043,MUM_08985,Dadar,2017-01-09,14,0,1,1,0,0,0,0,0,0,0.0,0.243615,0,0.0,0,82,4,6,0.6234,0.0133,GREEN,40,Mumbai
CLM0015044,MUM_00295,Lower Parel,2021-06-26,7,0,0,0,0,0,0,0,0,0,0.0,0.978004,0,0.0,0,130,4,0,0.6456,0.0203,GREEN,28,Mumbai
CLM0015045,MUM_02641,Thane,2018-09-29,14,0,0,0,0,0,1,0,0,0,0.0,0.113995,0,0.0,0,333,3,0,0.6306,0.2159,GREEN,28,Mumbai
CLM0015046,MUM_00651,Dadar,2021-05-06,17,0,0,0,0,0,0,0,0,0,0.0,0.363588,0,0.0,0,265,1,1,0.98,0.0,GREEN,59,Mumbai
CLM0015047,MUM_07748,Borivali,2024-03-29,12,0,1,1,1,0,0,0,0,0,0.0,0.845604,0,0.0,0,260,0,3,0.8968,0.1157,GREEN,51,Mumbai
CLM0015048,MUM_01966,Dadar,2017-05-07,20,0,0,0,0,0,0,0,0,0,0.0,0.312626,0,0.0,0,194,2,0,0.9749,0.0,GREEN,36,Mumbai
CLM0015049,MUM_01813,Vashi,2023-12-15,17,0,0,0,0,0,0,0,1,0,0.0,0.311178,0,0.0,0,119,0,0,0.0846,0.0866,GREEN,63,Mumbai
CLM0015050,MUM_04322,Bandra,2023-07-19,10,0,0,0,0,0,0,0,0,0,0.0,0.013362,0,0.0,0,420,1,4,0.8155,0.0,GREEN,29,Mumbai
CLM0015051,MUM_02936,Andheri,2022-05-28,11,0,1,1,0,0,0,0,0,0,0.0,0.080265,0,0.0,0,420,1,3,0.5244,0.0,GREEN,55,Mumbai
CLM0015052,MUM_06053,Borivali,2023-01-01,9,0,0,0,0,0,0,0,0,0,1.0,1.0,0,1.0,0,418,0,4,0.5813,0.3922,YELLOW,55,Mumbai
CLM0015053,MUM_01145,Bandra,2019-05-12,12,0,0,0,0,0,0,0,0,0,0.0,0.0,0,0.0,0,343,3,5,0.6691,0.0,GREEN,44,Mumbai
CLM0015054,MUM_00177,Vashi,2023-05-10,19,0,0,0,0,0,0,0,0,0,0.0,0.204908,1,0.0,0,59,1,0,0.98,0.0992,GREEN,43,Mumbai
CLM0015055,MUM_04198,Thane,2016-09-21,9,0,0,0,0,0,0,0,0,0,0.0,0.121175,0,1.0,0,346,4,1,0.8032,0.0,GREEN,33,Mumbai
CLM0015056,MUM_00467,Dadar,2017-02-28,17,0,1,1,0,0,0,0,0,0,0.0,0.0,0,0.0,0,406,1,1,0.7157,0.1394,GREEN,45,Mumbai
CLM0015057,MUM_08123,Ghatkopar,2023-05-10,15,0,0,0,0,0,0,0,1,0,0.0,0.393922,0,0.0,0,408,2,0,0.6351,0.0,GREEN,38,Mumbai
CLM0015058,MUM_00891,Powai,2021-07-25,8,0,0,0,1,1,1,1,1,1,0.0,0.044572,1,0.0,0,11,0,18,0.98,0.0,GREEN,19,Mumbai
CLM0015059,MUM_03387,Bandra,2025-12-10,12,0,0,0,0,0,0,0,0,0,0.0,0.118754,0,0.0,0,182,2,2,0.6886,0.0392,GREEN,49,Mumbai
CLM0015060,MUM_00393,Bandra,2021-07-06,9,0,0,0,0,0,0,0,0,0,0.0,0.301348,0,0.0,0,205,3,3,0.98,0.0405,GREEN,33,Mumbai
CLM0015061,MUM_07494,Bandra,2018-09-16,13,0,0,0,0,0,0,0,0,0,0.0,0.24059,0,0.0,0,87,2,1,0.6317,0.0,GREEN,53,Mumbai
CLM0015062,MUM_04025,Bandra,2023-04-18,9,0,0,0,0,0,0,0,1,0,0.0,0.00428,1,0.0,0,244,4,5,0.7516,0.1613,GREEN,34,Mumbai
CLM0015063,MUM_09739,Vashi,2024-09-15,17,0,0,0,0,0,0,0,0,0,0.0,0.343243,0,0.0,0,37,1,2,0.8137,0.0,GREEN,34,Mumbai
CLM0015064,MUM_07149,Dadar,2019-07-03,15,0,1,1,0,0,0,0,0,0,0.0,0.273393,0,0.0,0,181,2,0,0.5417,0.0,GREEN,40,Mumbai
CLM0015065,MUM_07358,Ghatkopar,2025-01-19,13,0,0,0,0,1,0,0,1,0,0.0,0.462021,1,1.0,0,248,0,3,0.8206,0.3322,YELLOW,42,Mumbai
CLM0015066,MUM_01719,Ghatkopar,2024-10-23,9,0,0,0,0,0,1,0,0,0,0.0,0.988497,0,0.0,0,396,4,5,0.05,0.1647,GREEN,53,Mumbai
CLM0015067,MUM_07367,Bandra,2022-10-15,8,0,0,0,0,0,0,0,0,0,0.0,0.020296,0,0.0,0,233,2,2,0.9527,0.0128,GREEN,18,Mumbai
CLM0015068,MUM_00611,Borivali,2021-03-27,7,0,0,0,0,0,0,0,0,0,0.0,0.292433,0,0.0,0,5,2,4,0.98,0.0435,GREEN,32,Mumbai
CLM0015069,MUM_03178,Ghatkopar,2020-06-09,21,0,0,0,0,0,0,0,0,0,0.0,0.110392,0,0.0,0,96,4,0,0.7221,0.0,GREEN,61,Mumbai
CLM0015070,MUM_04104,Thane,2020-10-04,17,0,1,1,0,0,0,0,0,0,0.0,0.321845,0,0.0,0,123,3,4,0.7335,0.0891,GREEN,40,Mumbai
CLM0015071,MUM_03254,Powai,2023-02-23,7,0,1,1,1,1,0,1,1,0,1.0,0.598517,0,1.0,1,5,1,13,0.8579,0.6955,RED,49,Mumbai
CLM0015072,MUM_01329,Ghatkopar,2024-05-11,15,0,1,1,1,1,1,1,1,1,1.0,0.967395,1,1.0,0,17,2,18,0.3537,0.7923,RED,47,Mumbai
CLM0015073,MUM_03241,Thane,2019-01-11,12,0,1,1,1,1,0,1,1,1,1.0,0.160949,0,1.0,1,25,0,18,0.05,0.766,RED,33,Mumbai
CLM0015074,MUM_02898,Dadar,2019-10-30,9,0,0,0,0,0,0,0,0,0,0.0,0.334205,0,0.0,1,115,2,2,0.8638,0.1619,GREEN,54,Mumbai
CLM0015075,MUM_07060,Thane,2023-07-29,17,0,0,0,0,0,0,0,0,0,1.0,0.339791,0,0.0,0,411,1,1,0.7723,0.099,GREEN,34,Mumbai
CLM0015076,MUM_03466,Borivali,2025-09-22,19,0,0,0,0,0,0,0,0,0,0.0,0.360389,0,0.0,0,274,3,6,0.8767,0.0025,GREEN,43,Mumbai
CLM0015077,MUM_01815,Thane,2019-02-22,18,0,0,0,0,0,0,0,0,0,1.0,0.939778,0,1.0,0,50,3,0,0.5527,0.0223,GREEN,65,Mumbai
CLM0015078,MUM_06822,Vashi,2019-01-13,14,0,0,0,0,0,1,0,0,0,0.0,0.361086,0,0.0,0,244,2,3,0.6016,0.0873,GREEN,40,Mumbai
CLM0015079,MUM_09970,Lower Parel,2019-05-25,18,0,0,0,0,0,0,0,0,0,0.0,0.218699,0,0.0,0,217,2,6,0.5442,0.0164,GREEN,33,Mumbai
CLM0015080,MUM_04189,Lower Parel,2022-10-23,15,0,0,0,0,0,0,0,0,0,0.0,0.024959,0,0.0,0,399,3,2,0.7685,0.0,GREEN,43,Mumbai
CLM0015081,MUM_08073,Ghatkopar,2025-10-24,13,0,0,0,0,0,0,0,1,0,0.0,1.0,0,0.0,0,121,0,2,0.9051,0.1643,GREEN,45,Mumbai
CLM0015082,MUM_02538,Thane,2023-11-26,11,0,0,0,0,1,0,1,1,1,0.0,1.0,0,0.0,1,5,2,18,0.101,0.0385,GREEN,45,Mumbai
CLM0015083,MUM_01229,Powai,2019-06-13,21,0,0,0,0,0,0,0,0,1,0.0,0.319215,0,0.0,0,80,4,5,0.5456,0.0975,GREEN,47,Mumbai
CLM0015084,MUM_06618,Andheri,2024-06-24,15,0,0,0,1,0,0,0,0,0,0.0,0.161265,0,0.0,0,420,3,1,0.6053,0.1116,GREEN,39,Mumbai
CLM0015085,MUM_03170,Andheri,2022-04-03,11,0,0,0,0,0,0,0,0,0,0.0,0.02985,0,0.0,1,277,3,0,0.8692,0.1485,GREEN,36,Mumbai
CLM0015086,MUM_01251,Lower Parel,2018-07-03,20,0,0,0,0,0,0,0,0,0,0.0,1.0,0,0.0,0,174,2,1,0.7121,0.0,GREEN,22,Mumbai
CLM0015087,MUM_07067,Dadar,2024-12-21,11,0,0,0,0,0,0,0,0,0,0.0,0.051406,0,0.0,0,267,3,3,0.8888,0.0752,GREEN,55,Mumbai
CLM0015088,MUM_00352,Bandra,2016-01-17,11,0,0,0,0,0,0,0,0,0,0.0,0.19992,0,0.0,0,420,2,4,0.98,0.0796,GREEN,48,Mumbai
CLM0015089,MUM_02686,Borivali,2020-09-03,11,0,0,0,0,0,0,0,0,0,0.0,0.25734,0,0.0,0,306,1,2,0.827,0.0,GREEN,42,Mumbai
CLM0015090,MUM_07530,Lower Parel,2019-01-02,7,0,1,1,0,0,0,0,0,0,1.0,0.118763,0,0.0,1,237,3,3,0.6584,0.1561,GREEN,47,Mumbai
CLM0015091,MUM_06691,Ghatkopar,2020-12-26,16,0,0,0,0,0,0,0,0,0,1.0,0.044841,0,0.0,0,331,0,0,0.0949,0.0817,GREEN,40,Mumbai
CLM0015092,MUM_02724,Dadar,2016-05-30,19,0,0,0,0,0,0,1,0,0,1.0,0.298268,0,0.0,0,62,2,0,0.5975,0.1472,GREEN,51,Mumbai
CLM0015093,MUM_01071,Bandra,2016-05-30,17,0,1,1,0,0,0,0,0,0,1.0,0.877015,0,1.0,0,323,2,2,0.8423,0.0,GREEN,29,Mumbai
CLM0015094,MUM_07432,Vashi,2023-04-06,12,0,1,1,0,0,0,0,0,0,0.0,0.299952,0,0.0,0,41,0,4,0.9419,0.0,GREEN,32,Mumbai
CLM0015095,MUM_08370,Powai,2025-12-03,21,0,1,1,1,0,0,0,0,0,0.0,0.966667,0,0.0,0,300,0,1,0.98,0.207,GREEN,29,Mumbai
CLM0015096,MUM_01643,Dadar,2025-02-28,16,0,0,0,0,1,0,1,1,0,1.0,1.0,1,1.0,1,27,2,18,0.3478,0.1591,GREEN,57,Mumbai
CLM0015097,MUM_00639,Bandra,2025-04-10,15,0,0,0,0,0,0,0,0,0,0.0,0.195021,0,0.0,0,420,3,2,0.6892,0.0,GREEN,53,Mumbai
CLM0015098,MUM_05181,Vashi,2024-11-08,15,0,0,0,0,0,1,0,0,0,0.0,0.009599,0,0.0,0,27,2,5,0.6848,0.0361,GREEN,62,Mumbai
CLM0015099,MUM_01089,Andheri,2025-02-12,13,0,0,0,0,0,0,1,0,0,0.0,0.232703,0,0.0,0,148,2,3,0.6132,0.049,GREEN,52,Mumbai
CLM0015100,MUM_05431,Thane,2025-01-02,8,0,0,0,0,0,0,0,1,0,0.0,0.05862,0,0.0,0,124,1,2,0.5038,0.1941,GREEN,57,Mumbai
CLM0015101,MUM_02106,Dadar,2025-12-24,18,0,0,0,0,0,0,0,0,0,0.0,0.125159,0,0.0,0,87,3,0,0.8548,0.0176,GREEN,32,Mumbai
CLM0015102,MUM_05620,Andheri,2021-01-27,17,0,0,0,1,0,0,0,0,0,0.0,0.345218,0,0.0,0,417,1,2,0.804,0.157,GREEN,48,Mumbai
CLM0015103,MUM_01985,Ghatkopar,2023-11-15,15,0,0,0,0,0,1,0,0,0,1.0,0.217408,0,0.0,1,279,4,3,0.8717,0.2665,GREEN,54,Mumbai
CLM0015104,MUM_01985,Ghatkopar,2022-05-02,13,0,0,0,0,0,0,0,0,0,0.0,0.069645,0,0.0,1,420,0,4,0.98,0.1058,GREEN,54,Mumbai
CLM0015105,MUM_09702,Bandra,2023-03-26,8,0,0,0,0,0,0,0,1,0,0.0,0.422157,0,0.0,0,194,2,0,0.9663,0.1166,GREEN,44,Mumbai
CLM0015106,MUM_04787,Powai,2021-11-17,17,0,0,0,0,0,0,0,0,0,0.0,0.0,0,0.0,0,290,3,5,0.8351,0.1217,GREEN,40,Mumbai
CLM0015107,MUM_07200,Ghatkopar,2021-08-25,10,0,0,0,0,0,0,0,0,0,0.0,0.077679,0,1.0,0,109,0,2,0.7888,0.0,GREEN,45,Mumbai
CLM0015108,MUM_09139,Ghatkopar,2024-06-17,12,0,0,0,0,0,0,0,0,0,0.0,0.162408,0,0.0,0,420,4,2,0.2356,0.0826,GREEN,40,Mumbai
CLM0015109,MUM_06462,Ghatkopar,2017-12-24,19,0,1,1,0,0,1,0,0,0,0.0,0.33315,0,0.0,0,49,4,0,0.626,0.193,GREEN,35,Mumbai
CLM0015110,MUM_01449,Andheri,2020-04-12,20,0,0,0,0,0,0,0,0,0,0.0,0.316959,0,0.0,0,420,4,0,0.4217,0.0,GREEN,40,Mumbai
CLM0015111,MUM_07149,Dadar,2018-02-17,10,0,0,0,0,0,0,0,0,0,1.0,0.407365,0,0.0,0,222,2,5,0.5836,0.0,GREEN,40,Mumbai
CLM0015112,MUM_07654,Chembur,2025-01-06,13,0,0,0,0,0,0,0,0,0,0.0,0.99383,0,0.0,0,103,3,0,0.9473,0.0,GREEN,48,Mumbai
CLM0015113,MUM_06207,Borivali,2023-11-03,14,0,1,1,0,1,0,0,0,0,0.0,0.22894,0,0.0,0,420,1,3,0.9465,0.6488,RED,41,Mumbai
CLM0015114,MUM_07698,Ghatkopar,2024-12-19,8,0,1,1,1,1,0,1,1,1,0.0,0.068652,1,0.0,0,5,0,18,0.8788,0.7568,RED,57,Mumbai
CLM0015115,MUM_09246,Chembur,2022-11-29,10,0,1,1,0,0,0,0,0,0,1.0,0.982226,0,0.0,0,183,2,0,0.9566,0.8489,RED,27,Mumbai
CLM0015116,MUM_05738,Vashi,2023-04-07,11,0,1,1,0,1,0,1,1,0,1.0,1.0,1,0.0,1,28,1,14,0.05,0.47,YELLOW,70,Mumbai
CLM0015117,MUM_08651,Borivali,2025-06-01,17,0,0,0,1,0,0,0,0,0,0.0,0.0,0,0.0,0,302,3,3,0.066,0.1998,GREEN,36,Mumbai
CLM0015118,MUM_09545,Powai,2020-04-17,8,0,0,0,0,0,0,0,0,0,0.0,0.188129,0,0.0,0,127,0,2,0.9097,0.0062,GREEN,49,Mumbai
CLM0015119,MUM_03000,Borivali,2024-12-01,12,0,0,0,0,0,1,0,0,0,0.0,0.0,0,0.0,0,420,2,0,0.4371,0.0618,GREEN,41,Mumbai
CLM0015120,MUM_09718,Chembur,2020-11-27,15,0,0,0,1,0,0,0,0,0,0.0,0.389133,0,0.0,0,420,3,5,0.597,0.1366,GREEN,55,Mumbai
CLM0015121,MUM_07988,Lower Parel,2023-07-09,19,0,0,0,0,0,0,0,0,0,1.0,0.988727,0,0.0,0,361,0,5,0.7981,0.0358,GREEN,42,Mumbai
CLM0015122,MUM_00550,Chembur,2017-11-18,21,0,0,0,0,0,0,0,0,0,0.0,0.152336,0,0.0,0,420,1,5,0.5434,0.021,GREEN,40,Mumbai
CLM0015123,MUM_07144,Ghatkopar,2024-12-05,19,0,0,0,0,0,0,0,0,0,0.0,0.353968,0,0.0,0,408,3,4,0.4751,0.0,GREEN,26,Mumbai
CLM0015124,MUM_04832,Ghatkopar,2024-01-02,13,0,0,0,0,0,0,0,0,0,1.0,0.271635,0,0.0,0,420,1,3,0.8738,0.0615,GREEN,36,Mumbai
CLM0015125,MUM_06304,Dadar,2017-05-21,10,0,0,0,0,0,0,0,0,0,0.0,0.0,0,0.0,0,201,2,3,0.589,0.0,GREEN,51,Mumbai
CLM0015126,MUM_06004,Andheri,2021-07-08,7,0,0,0,0,0,0,0,0,0,0.0,0.255568,0,0.0,0,420,1,6,0.853,0.0,GREEN,54,Mumbai
CLM0015127,MUM_09995,Ghatkopar,2022-12-09,12,0,0,0,0,1,1,0,0,0,0.0,0.445833,0,0.0,1,416,3,6,0.1148,0.3635,YELLOW,40,Mumbai
CLM0015128,MUM_05203,Borivali,2019-02-18,11,0,0,0,0,0,0,0,0,0,0.0,0.069726,0,0.0,0,217,0,2,0.4552,0.0,GREEN,58,Mumbai
CLM0015129,MUM_04565,Bandra,2018-08-20,11,0,0,0,0,0,0,0,0,0,1.0,0.0,0,0.0,0,404,2,3,0.6786,0.0617,GREEN,51,Mumbai
CLM0015130,MUM_09583,Andheri,2016-03-24,7,0,0,0,0,0,0,0,0,0,0.0,0.418816,1,0.0,0,359,2,3,0.7478,0.2061,GREEN,50,Mumbai
CLM0015131,MUM_06404,Lower Parel,2024-05-09,16,0,0,0,0,1,0,1,1,1,1.0,1.0,0,1.0,1,5,2,18,0.5496,0.0634,GREEN,50,Mumbai
CLM0015132,MUM_06396,Ghatkopar,2020-12-04,7,0,0,0,0,0,0,0,0,0,0.0,0.170357,0,0.0,0,201,4,2,0.8823,0.0,GREEN,24,Mumbai
CLM0015133,MUM_06819,Thane,2019-09-20,8,0,0,0,0,0,0,0,0,0,0.0,0.94119,0,0.0,0,302,2,4,0.1081,0.0,GREEN,43,Mumbai
CLM0015134,MUM_00060,Chembur,2022-09-28,21,0,0,0,0,0,0,0,1,0,0.0,0.204583,0,0.0,0,96,4,1,0.05,0.0483,GREEN,37,Mumbai
CLM0015135,MUM_03434,Borivali,2017-01-07,18,0,0,0,0,0,0,0,0,0,0.0,0.065943,0,0.0,0,330,0,0,0.7836,0.0034,GREEN,52,Mumbai
CLM0015136,MUM_02096,Bandra,2024-04-16,18,0,0,0,0,0,0,0,0,0,1.0,0.087492,0,0.0,1,95,1,0,0.7595,0.2257,GREEN,59,Mumbai
CLM0015137,MUM_03805,Borivali,2022-04-04,14,0,0,0,0,0,0,0,0,0,0.0,0.363878,0,0.0,0,420,3,5,0.843,0.0472,GREEN,46,Mumbai
CLM0015138,MUM_00253,Bandra,2016-11-28,10,0,0,0,0,0,0,0,0,0,0.0,0.135288,0,0.0,0,248,2,2,0.4696,0.0526,GREEN,45,Mumbai
CLM0015139,MUM_00617,Bandra,2024-12-04,16,0,0,0,0,0,1,1,0,0,0.0,0.179414,0,0.0,0,420,0,0,0.5547,0.1328,GREEN,21,Mumbai
CLM0015140,MUM_04268,Lower Parel,2021-03-27,12,0,0,0,0,0,0,0,0,0,0.0,0.316631,0,0.0,0,420,1,0,0.524,0.0,GREEN,48,Mumbai
CLM0015141,MUM_03344,Vashi,2024-07-05,13,0,0,0,0,0,0,0,0,0,0.0,0.061111,0,0.0,0,105,2,0,0.2417,0.0026,GREEN,43,Mumbai
CLM0015142,MUM_08911,Dadar,2021-03-15,15,0,0,0,0,0,0,0,1,0,1.0,0.451599,0,0.0,0,311,4,1,0.2332,0.0873,GREEN,41,Mumbai
CLM0015143,MUM_03584,Thane,2024-04-03,11,0,0,0,0,0,0,0,0,0,0.0,0.93592,0,0.0,0,407,0,3,0.98,0.1414,GREEN,58,Mumbai
CLM0015144,MUM_07227,Bandra,2024-02-09,19,0,0,0,0,1,1,0,0,0,0.0,0.297242,0,0.0,0,127,0,2,0.8691,0.3527,YELLOW,35,Mumbai
CLM0015145,MUM_08042,Powai,2023-03-15,10,0,0,0,1,0,0,0,0,0,0.0,0.117932,0,0.0,0,319,0,3,0.863,0.2807,GREEN,37,Mumbai
CLM0015146,MUM_03986,Thane,2023-08-23,13,0,0,0,0,0,0,0,0,0,0.0,0.156383,0,0.0,0,54,1,3,0.8561,0.0,GREEN,32,Mumbai
CLM0015147,MUM_00878,Powai,2020-11-19,10,0,0,0,1,0,1,0,1,1,0.0,0.93788,0,0.0,1,5,0,18,0.3032,0.0,GREEN,33,Mumbai
CLM0015148,MUM_03916,Borivali,2024-03-09,13,0,0,0,0,0,0,0,0,0,0.0,0.435168,0,0.0,0,390,0,2,0.1215,0.0,GREEN,51,Mumbai
CLM0015149,MUM_08077,Ghatkopar,2023-05-14,15,0,0,0,0,0,0,0,0,0,0.0,0.372106,0,0.0,0,63,2,1,0.98,0.0149,GREEN,43,Mumbai
CLM0015150,MUM_08409,Vashi,2021-06-26,11,0,0,0,0,0,0,0,0,0,0.0,0.085335,0,1.0,0,378,2,4,0.8617,0.0175,GREEN,44,Mumbai
CLM0015151,MUM_00355,Dadar,2017-06-17,20,0,0,0,0,0,0,0,0,0,1.0,0.19557,1,0.0,0,212,1,0,0.5778,0.2655,GREEN,51,Mumbai
CLM0015152,MUM_02750,Dadar,2020-06-29,17,0,0,0,0,0,0,0,0,0,0.0,0.081381,0,0.0,0,420,4,4,0.0663,0.0174,GREEN,34,Mumbai
CLM0015153,MUM_03035,Dadar,2022-07-18,20,0,0,0,0,0,0,0,0,0,0.0,0.923622,0,0.0,0,417,1,5,0.8823,0.0,GREEN,48,Mumbai
CLM0015154,MUM_00476,Lower Parel,2023-04-25,7,0,0,0,0,0,0,0,0,0,1.0,0.377254,0,0.0,1,343,2,2,0.919,0.0889,GREEN,26,Mumbai
CLM0015155,MUM_04808,Andheri,2018-02-03,14,0,0,0,0,0,0,1,0,0,0.0,1.0,1,0.0,0,195,4,0,0.7078,0.171,GREEN,23,Mumbai
CLM0015156,MUM_01908,Lower Parel,2025-05-03,8,0,0,0,0,0,0,0,0,0,0.0,1.0,0,0.0,1,218,1,6,0.7008,0.1183,GREEN,34,Mumbai
CLM0015157,MUM_02149,Dadar,2025-09-17,14,0,0,0,0,0,1,0,0,0,0.0,0.31461,0,0.0,0,53,4,2,0.9497,0.1263,GREEN,36,Mumbai
CLM0015158,MUM_03265,Powai,2020-03-20,19,0,0,0,0,0,0,0,0,0,0.0,0.114638,0,0.0,0,206,0,5,0.9255,0.0,GREEN,47,Mumbai
CLM0015159,MUM_02684,Bandra,2018-09-06,19,0,0,0,0,0,0,0,0,0,0.0,0.239594,0,0.0,0,197,4,3,0.6254,0.0,GREEN,48,Mumbai
CLM0015160,MUM_04744,Dadar,2021-09-07,21,0,0,0,0,0,0,0,0,0,0.0,0.160459,0,0.0,0,420,1,1,0.1319,0.0282,GREEN,39,Mumbai
CLM0015161,MUM_04152,Vashi,2018-10-08,21,0,0,0,0,0,0,0,0,0,0.0,0.212892,0,0.0,0,412,4,5,0.4662,0.0,GREEN,42,Mumbai
CLM0015162,MUM_06336,Thane,2020-01-10,9,0,0,0,0,0,0,0,0,0,0.0,0.312592,0,0.0,0,303,3,0,0.959,0.0,GREEN,26,Mumbai
CLM0015163,MUM_09208,Ghatkopar,2024-07-03,21,0,0,0,0,0,0,0,0,0,0.0,0.348791,0,0.0,0,409,4,0,0.5711,0.1043,GREEN,46,Mumbai
CLM0015164,MUM_01081,Thane,2025-06-27,7,0,0,0,0,0,1,0,0,0,0.0,0.058073,0,1.0,0,170,3,4,0.256,0.1336,GREEN,57,Mumbai
CLM0015165,MUM_00138,Thane,2025-05-08,21,0,0,0,0,0,1,1,0,0,1.0,0.054841,0,0.0,1,329,3,2,0.592,0.2383,GREEN,29,Mumbai
CLM0015166,MUM_03084,Borivali,2024-09-21,21,0,0,0,0,0,0,0,0,0,0.0,0.328307,0,0.0,0,99,1,4,0.6642,0.0195,GREEN,45,Mumbai
CLM0015167,MUM_03904,Dadar,2025-10-18,16,0,0,0,0,0,0,0,0,0,0.0,0.229999,0,0.0,0,225,4,3,0.5175,0.0,GREEN,29,Mumbai
CLM0015168,MUM_03869,Chembur,2021-06-25,21,0,0,0,0,0,0,0,0,0,1.0,0.12208,0,0.0,0,27,3,5,0.6871,0.0315,GREEN,44,Mumbai
CLM0015169,MUM_03718,Borivali,2024-01-12,20,0,0,0,0,1,0,0,0,0,0.0,0.846013,0,0.0,0,308,2,0,0.0828,0.1502,GREEN,58,Mumbai
CLM0015170,MUM_00494,Andheri,2019-03-17,18,0,0,0,0,0,0,0,0,0,0.0,0.0,0,0.0,0,327,2,4,0.6466,0.1228,GREEN,46,Mumbai
CLM0015171,MUM_05609,Chembur,2019-05-07,20,0,0,0,0,0,1,0,0,0,0.0,0.257987,0,0.0,0,365,1,2,0.7635,0.233,GREEN,52,Mumbai
CLM0015172,MUM_04163,Dadar,2024-08-18,18,0,0,0,0,0,0,0,0,0,0.0,0.161304,0,0.0,0,117,0,1,0.9657,0.0421,GREEN,25,Mumbai
CLM0015173,MUM_00588,Andheri,2024-02-24,14,0,0,0,0,0,0,1,0,0,0.0,0.27552,0,0.0,0,174,0,3,0.0542,0.0902,GREEN,33,Mumbai
CLM0015174,MUM_02148,Vashi,2025-08-10,10,0,0,0,0,0,0,0,0,0,0.0,0.172208,0,0.0,0,246,4,0,0.98,0.0666,GREEN,49,Mumbai
CLM0015175,MUM_09780,Chembur,2025-10-22,11,0,0,0,0,0,0,0,0,0,1.0,0.132177,0,0.0,0,70,0,1,0.622,0.1449,GREEN,46,Mumbai
CLM0015176,MUM_08512,Borivali,2025-08-03,7,0,0,0,0,0,0,0,0,0,0.0,0.119507,0,0.0,0,79,0,5,0.05,0.0,GREEN,28,Mumbai
CLM0015177,MUM_07472,Dadar,2025-11-10,8,0,0,0,0,0,0,0,0,0,0.0,0.0,0,0.0,0,287,2,0,0.7086,0.0,GREEN,44,Mumbai
CLM0015178,MUM_08658,Andheri,2025-03-30,10,0,0,0,0,0,0,1,1,0,0.0,0.962156,0,0.0,0,54,4,2,0.9453,0.1639,GREEN,25,Mumbai
CLM0015179,MUM_05242,Dadar,2024-11-15,21,0,0,0,0,0,0,0,0,0,1.0,1.0,0,0.0,0,343,3,1,0.7807,0.0577,GREEN,49,Mumbai
CLM0015180,MUM_00449,Thane,2021-01-18,14,0,0,0,0,0,0,0,0,0,0.0,0.168208,0,0.0,0,212,0,4,0.8587,0.0,GREEN,44,Mumbai
CLM0015181,MUM_04293,Andheri,2022-03-12,21,0,0,0,0,0,0,0,0,0,0.0,0.985612,0,0.0,0,243,0,0,0.5725,0.0,GREEN,36,Mumbai
CLM0015182,MUM_03912,Vashi,2025-02-25,8,0,0,0,0,0,0,0,0,0,0.0,0.290624,0,0.0,0,129,2,3,0.98,0.0,GREEN,38,Mumbai
CLM0015183,MUM_08344,Ghatkopar,2018-05-20,17,0,0,0,0,0,0,0,0,0,0.0,0.218186,0,0.0,0,228,1,5,0.9142,0.0,GREEN,41,Mumbai
CLM0015184,MUM_08858,Borivali,2019-01-09,15,0,0,0,0,0,0,0,0,0,0.0,0.180868,1,1.0,0,257,0,2,0.1918,0.0742,GREEN,56,Mumbai
CLM0015185,MUM_06460,Powai,2021-12-11,13,0,0,0,0,0,1,1,1,0,0.0,0.112049,0,0.0,0,420,3,2,0.2217,0.2873,GREEN,48,Mumbai
CLM0015186,MUM_07666,Chembur,2019-04-17,8,0,0,0,0,0,0,0,1,0,0.0,0.095231,1,0.0,0,177,4,4,0.6228,0.3005,GREEN,45,Mumbai
CLM0015187,MUM_03916,Borivali,2022-01-14,9,0,0,0,0,0,0,0,0,0,0.0,0.354659,0,0.0,0,211,4,2,0.7982,0.0637,GREEN,51,Mumbai
CLM0015188,MUM_03280,Chembur,2025-01-04,19,0,0,0,0,0,0,0,0,0,0.0,0.19587,0,1.0,0,211,3,4,0.0618,0.0,GREEN,44,Mumbai
CLM0015189,MUM_07217,Andheri,2018-05-27,13,0,0,0,0,0,0,0,0,0,0.0,0.258813,0,0.0,0,420,1,0,0.7459,0.0,GREEN,38,Mumbai
CLM0015190,MUM_09290,Powai,2018-09-27,8,0,0,0,0,0,0,0,0,0,0.0,0.294019,0,0.0,1,171,1,4,0.98,0.0101,GREEN,41,Mumbai
CLM0015191,MUM_04139,Dadar,2020-11-10,12,0,0,0,0,0,0,0,0,0,0.0,0.0,1,0.0,0,128,1,4,0.4868,0.0621,GREEN,56,Mumbai
CLM0015192,MUM_09457,Dadar,2025-07-14,21,0,0,0,0,0,0,0,0,0,0.0,0.294006,0,0.0,0,418,4,4,0.7967,0.0813,GREEN,28,Mumbai
CLM0015193,MUM_06780,Bandra,2017-01-25,21,0,0,0,1,0,0,1,1,0,0.0,0.936916,0,0.0,1,14,1,18,0.4772,0.2,GREEN,39,Mumbai
CLM0015194,MUM_03228,Thane,2021-05-13,21,0,0,0,0,0,0,0,0,0,0.0,0.168895,1,0.0,0,420,3,2,0.7964,0.0273,GREEN,33,Mumbai
CLM0015195,MUM_06581,Chembur,2021-12-07,17,0,0,0,0,0,0,0,0,0,0.0,0.378971,0,0.0,0,93,1,5,0.7254,0.0077,GREEN,55,Mumbai
CLM0015196,MUM_01539,Vashi,2023-11-25,14,0,0,0,0,0,0,0,0,0,0.0,0.074819,0,0.0,0,420,2,3,0.7014,0.0,GREEN,48,Mumbai
CLM0015197,MUM_03784,Powai,2024-08-13,17,0,0,0,0,0,0,0,0,0,0.0,1.0,0,0.0,0,420,0,0,0.2478,0.0111,GREEN,48,Mumbai
CLM0015198,MUM_07724,Vashi,2022-09-08,16,0,0,0,0,0,0,0,0,0,1.0,0.175958,0,0.0,0,61,1,0,0.6246,0.0461,GREEN,51,Mumbai
CLM0015199,MUM_08362,Vashi,2021-04-12,15,0,0,0,0,0,0,0,0,0,0.0,1.0,0,0.0,0,420,4,0,0.114,0.0,GREEN,49,Mumbai
CLM0015200,MUM_03092,Thane,2025-03-28,8,0,0,0,1,0,0,0,0,0,0.0,0.0,0,0.0,0,420,1,3,0.5174,0.1771,GREEN,37,Mumbai
CLM0015201,MUM_09291,Ghatkopar,2025-03-07,18,0,0,0,0,0,0,0,0,0,0.0,0.183826,0,0.0,0,325,2,1,0.8215,0.0,GREEN,55,Mumbai
CLM0015202,MUM_02163,Lower Parel,2025-05-27,18,0,1,1,1,0,1,1,1,1,1.0,0.974481,1,0.0,0,33,0,18,0.1384,0.5936,YELLOW,25,Mumbai
CLM0015203,MUM_06678,Andheri,2023-11-11,13,0,1,1,1,1,0,0,0,1,1.0,0.50878,0,1.0,0,5,1,17,0.0995,0.575,YELLOW,43,Mumbai
CLM0015204,MUM_08776,Andheri,2024-01-05,19,0,1,1,0,0,0,0,0,0,0.0,0.926167,0,0.0,0,366,0,5,0.5142,0.8363,RED,25,Mumbai
CLM0015205,MUM_08109,Chembur,2024-10-21,19,0,1,1,0,0,0,1,1,0,0.0,0.110163,1,0.0,1,5,1,16,0.9314,0.4955,YELLOW,48,Mumbai
CLM0015206,MUM_06407,Borivali,2024-10-14,12,0,1,1,0,0,0,1,0,1,0.0,0.976728,0,0.0,1,5,1,18,0.8874,0.5138,YELLOW,56,Mumbai
CLM0015207,MUM_02614,Thane,2025-07-10,8,0,1,1,1,1,0,1,1,1,0.0,1.0,1,0.0,0,7,1,18,0.3597,0.6403,RED,63,Mumbai
CLM0015208,MUM_02562,Powai,2024-06-30,15,0,1,1,0,0,0,0,0,0,0.0,0.086855,0,0.0,0,403,2,4,0.8567,0.6352,RED,43,Mumbai
CLM0015209,MUM_07782,Chembur,2025-04-28,7,0,1,1,1,1,1,1,1,0,1.0,0.970308,0,0.0,0,5,1,18,0.9408,0.5656,YELLOW,27,Mumbai
CLM0015210,MUM_06158,Andheri,2023-09-07,15,0,1,1,0,0,0,0,0,1,1.0,0.313188,0,1.0,1,45,2,1,0.98,0.8232,RED,25,Mumbai
CLM0015211,MUM_07383,Thane,2024-08-30,14,0,1,1,1,1,1,1,0,1,1.0,1.0,1,0.0,0,51,2,18,0.2191,0.7789,RED,49,Mumbai
CLM0015212,MUM_00488,Dadar,2025-02-21,20,0,1,1,0,0,0,0,0,0,0.0,0.056202,0,0.0,0,368,0,5,0.0878,0.5522,YELLOW,29,Mumbai
CLM0015213,MUM_06270,Borivali,2024-03-15,17,0,0,0,0,0,0,0,0,0,0.0,0.100012,0,0.0,0,72,4,1,0.8744,0.0,GREEN,29,Mumbai
CLM0015214,MUM_07958,Vashi,2024-02-07,11,0,0,0,0,1,0,0,0,0,0.0,1.0,0,0.0,0,249,0,1,0.6044,0.1543,GREEN,42,Mumbai
CLM0015215,MUM_09872,Borivali,2025-10-20,14,0,0,0,0,1,0,0,0,0,0.0,0.163426,0,0.0,0,314,0,2,0.7905,0.1401,GREEN,31,Mumbai
CLM0015216,MUM_07761,Thane,2024-06-23,20,0,0,0,0,0,0,1,1,0,1.0,0.926744,0,1.0,1,417,4,0,0.7145,0.253,GREEN,54,Mumbai
CLM0015217,MUM_05660,Powai,2025-04-20,17,0,0,0,0,0,0,0,0,0,0.0,0.993218,0,0.0,0,79,4,5,0.6077,0.0315,GREEN,43,Mumbai
CLM0015218,MUM_05931,Bandra,2023-11-27,18,0,0,0,0,0,0,0,1,1,0.0,0.950251,0,0.0,0,353,1,3,0.5309,0.2524,GREEN,54,Mumbai
CLM0015219,MUM_09002,Powai,2023-10-18,19,0,0,0,0,1,0,0,0,0,0.0,0.99388,0,0.0,0,287,1,2,0.6341,0.2207,GREEN,43,Mumbai
CLM0015220,MUM_07267,Borivali,2023-09-28,14,0,0,0,0,0,0,0,0,1,0.0,0.326522,0,1.0,0,286,3,1,0.8461,0.0679,GREEN,58,Mumbai
CLM0015221,MUM_06138,Thane,2020-08-26,7,0,0,0,0,0,0,0,0,0,0.0,0.300396,0,0.0,0,174,0,2,0.7226,0.0,GREEN,26,Mumbai
CLM0015222,MUM_02084,Powai,2021-09-18,19,0,0,0,0,0,0,0,1,0,0.0,0.403176,0,0.0,0,420,0,0,0.6049,0.0949,GREEN,23,Mumbai
CLM0015223,MUM_02192,Powai,2022-11-09,21,0,0,0,0,0,0,0,0,0,0.0,0.365492,0,0.0,0,420,2,1,0.98,0.0192,GREEN,55,Mumbai
CLM0015224,MUM_02032,Dadar,2023-12-25,12,0,0,0,1,0,0,0,0,0,0.0,0.080421,0,0.0,0,259,3,0,0.6063,0.0729,GREEN,55,Mumbai
CLM0015225,MUM_05748,Thane,2025-11-22,12,0,0,0,0,0,0,0,0,0,0.0,0.216041,0,0.0,0,110,1,0,0.6815,0.0,GREEN,51,Mumbai
CLM0015226,MUM_02946,Borivali,2025-09-05,15,0,0,0,0,0,0,0,0,0,0.0,0.365776,0,0.0,0,420,2,0,0.7531,0.0,GREEN,30,Mumbai
CLM0015227,MUM_05170,Lower Parel,2022-01-27,12,0,0,0,0,0,0,0,1,0,0.0,0.0,0,0.0,1,400,0,2,0.9358,0.2415,GREEN,27,Mumbai
CLM0015228,MUM_00494,Andheri,2023-05-17,21,0,0,0,1,1,1,1,1,0,0.0,1.0,0,1.0,1,8,4,18,0.2117,0.1501,GREEN,46,Mumbai
CLM0015229,MUM_08634,Chembur,2020-08-30,15,0,0,0,0,0,0,0,0,0,0.0,0.133494,0,0.0,0,370,4,4,0.6271,0.0217,GREEN,34,Mumbai
CLM0015230,MUM_01994,Bandra,2021-07-18,13,0,0,0,0,0,0,0,1,0,1.0,0.980365,0,0.0,0,185,4,4,0.0609,0.2576,GREEN,45,Mumbai
CLM0015231,MUM_03829,Dadar,2025-11-06,21,0,0,0,0,0,0,0,0,0,0.0,0.21766,0,0.0,0,92,3,1,0.0709,0.0514,GREEN,31,Mumbai
CLM0015232,MUM_01756,Chembur,2021-01-06,16,0,1,1,0,0,0,0,0,0,0.0,0.174457,0,0.0,0,227,4,2,0.3775,0.0441,GREEN,51,Mumbai
CLM0015233,MUM_05274,Chembur,2023-01-10,19,0,0,0,0,0,0,0,0,0,1.0,0.156517,0,0.0,0,235,0,3,0.4883,0.1087,GREEN,40,Mumbai
CLM0015234,MUM_03431,Bandra,2021-04-21,13,0,0,0,0,0,1,0,0,0,0.0,0.402657,0,0.0,0,420,3,4,0.7546,0.1642,GREEN,18,Mumbai
CLM0015235,MUM_09881,Andheri,2022-04-19,20,0,0,0,0,0,0,0,0,0,0.0,0.383787,0,0.0,0,119,1,2,0.7305,0.0034,GREEN,39,Mumbai
CLM0015236,MUM_04776,Chembur,2022-10-09,13,0,0,0,0,0,1,0,0,0,0.0,0.28338,0,0.0,0,102,1,2,0.551,0.0999,GREEN,37,Mumbai
CLM0015237,MUM_09128,Borivali,2025-01-03,19,0,0,0,0,0,0,1,0,0,1.0,0.337799,0,0.0,0,418,0,0,0.7163,0.1071,GREEN,48,Mumbai
CLM0015238,MUM_07453,Lower Parel,2024-04-18,20,0,0,0,0,0,0,0,1,0,0.0,0.004616,0,0.0,0,95,4,3,0.425,0.0658,GREEN,27,Mumbai
CLM0015239,MUM_08723,Vashi,2022-10-10,20,0,0,0,0,0,0,0,0,0,0.0,0.0,0,0.0,0,108,0,0,0.6566,0.0273,GREEN,61,Mumbai
CLM0015240,MUM_01608,Thane,2023-08-25,13,0,0,0,0,0,0,0,0,0,0.0,0.048018,0,0.0,0,83,3,1,0.2011,0.1021,GREEN,31,Mumbai
CLM0015241,MUM_03872,Chembur,2024-09-24,12,0,0,0,0,0,0,0,0,1,0.0,0.353947,0,0.0,0,175,2,0,0.5846,0.0957,GREEN,42,Mumbai
CLM0015242,MUM_07138,Andheri,2023-07-03,7,0,0,0,1,0,1,1,1,1,0.0,1.0,0,1.0,0,7,2,18,0.272,0.1108,GREEN,50,Mumbai
CLM0015243,MUM_08857,Vashi,2024-12-17,18,0,0,0,0,0,0,0,0,0,0.0,0.038365,0,0.0,0,111,2,5,0.7331,0.0,GREEN,45,Mumbai
CLM0015244,MUM_09330,Borivali,2021-03-16,16,0,0,0,1,0,0,0,0,0,0.0,0.302815,0,0.0,0,377,3,1,0.98,0.0519,GREEN,38,Mumbai
CLM0015245,MUM_05054,Bandra,2025-10-31,10,0,0,0,0,0,0,0,0,0,0.0,0.128888,0,0.0,0,339,0,0,0.807,0.0192,GREEN,56,Mumbai
CLM0015246,MUM_01291,Andheri,2024-12-21,12,0,0,0,0,0,0,0,0,0,0.0,0.202181,0,0.0,0,237,0,6,0.7073,0.0951,GREEN,41,Mumbai
CLM0015247,MUM_04592,Chembur,2025-04-12,9,0,0,0,0,0,0,0,0,0,0.0,0.214355,0,0.0,0,162,4,0,0.659,0.04,GREEN,48,Mumbai
CLM0015248,MUM_02766,Borivali,2025-11-07,17,0,0,0,0,0,0,0,0,0,0.0,0.136684,0,0.0,0,23,1,0,0.7667,0.0,GREEN,42,Mumbai
CLM0015249,MUM_09132,Thane,2024-10-15,19,0,0,0,0,0,1,1,1,0,0.0,0.087435,0,0.0,1,5,1,18,0.7593,0.0,GREEN,46,Mumbai
CLM0015250,MUM_00725,Andheri,2023-12-30,21,0,0,0,0,0,1,0,0,0,0.0,0.398132,0,0.0,0,347,3,2,0.98,0.1132,GREEN,58,Mumbai
CLM0015251,MUM_01637,Lower Parel,2024-12-31,11,0,0,0,0,0,0,0,0,0,0.0,0.366484,0,0.0,0,40,2,2,0.0769,0.0,GREEN,54,Mumbai
CLM0015252,MUM_05828,Lower Parel,2021-03-15,9,0,0,0,0,0,0,0,0,1,0.0,1.0,0,0.0,0,77,0,3,0.98,0.1484,GREEN,43,Mumbai
CLM0015253,MUM_04918,Powai,2020-09-30,17,0,0,0,0,0,0,1,0,0,0.0,1.0,0,0.0,1,111,3,2,0.608,0.1202,GREEN,50,Mumbai
CLM0015254,MUM_03802,Lower Parel,2021-12-28,19,0,0,0,0,0,0,0,0,0,0.0,0.247558,0,0.0,0,84,0,1,0.2413,0.0,GREEN,32,Mumbai
CLM0015255,MUM_07929,Borivali,2022-12-05,16,0,0,0,1,0,0,1,0,1,0.0,0.956449,1,1.0,1,27,3,18,0.1287,0.0525,GREEN,42,Mumbai
CLM0015256,MUM_03274,Ghatkopar,2020-02-02,19,0,0,0,0,0,1,0,0,0,0.0,0.980941,0,0.0,0,307,0,0,0.9517,0.0692,GREEN,48,Mumbai
CLM0015257,MUM_08906,Andheri,2018-02-13,8,0,0,0,0,0,0,0,0,0,1.0,0.207559,0,1.0,0,200,1,0,0.5873,0.0926,GREEN,36,Mumbai
CLM0015258,MUM_06116,Ghatkopar,2025-04-04,15,0,0,0,0,0,0,1,0,0,0.0,0.986505,0,0.0,0,24,0,4,0.7701,0.0043,GREEN,53,Mumbai
CLM0015259,MUM_00297,Chembur,2021-10-03,17,0,1,1,0,0,0,0,0,0,0.0,0.185385,0,0.0,1,199,4,1,0.6354,0.0132,GREEN,20,Mumbai
CLM0015260,MUM_08302,Chembur,2022-03-02,12,0,0,0,0,0,1,0,0,0,0.0,0.0,0,0.0,0,5,2,0,0.1475,0.0392,GREEN,53,Mumbai
CLM0015261,MUM_09878,Vashi,2020-01-02,9,0,0,0,0,0,0,0,0,0,0.0,0.278133,0,0.0,0,151,3,3,0.7161,0.0465,GREEN,58,Mumbai
CLM0015262,MUM_00013,Thane,2020-02-24,19,0,1,1,0,0,0,0,1,0,0.0,0.267039,1,0.0,0,233,0,0,0.6988,0.3744,YELLOW,53,Mumbai
CLM0015263,MUM_04131,Lower Parel,2021-03-29,20,0,1,1,1,0,1,1,0,0,0.0,0.01939,1,0.0,1,5,0,18,0.8936,0.6393,RED,33,Mumbai
CLM0015264,MUM_08152,Lower Parel,2021-06-19,7,0,1,1,1,1,0,1,0,1,1.0,1.0,1,1.0,1,5,0,18,0.081,0.7571,RED,36,Mumbai
CLM0015265,MUM_09461,Borivali,2020-05-20,15,0,1,1,1,1,1,0,1,0,1.0,1.0,0,1.0,0,5,0,18,0.05,0.6769,RED,30,Mumbai
CLM0015266,MUM_08926,Ghatkopar,2024-12-20,10,0,1,1,1,1,1,0,1,0,0.0,0.105618,0,0.0,1,5,1,18,0.7267,0.7231,RED,44,Mumbai
CLM0015267,MUM_03870,Thane,2021-07-06,21,0,1,1,1,1,0,1,1,1,1.0,0.153867,0,1.0,0,43,0,18,0.198,0.7735,RED,31,Mumbai
CLM0015268,MUM_06485,Andheri,2021-06-19,15,0,1,1,0,0,0,1,0,0,0.0,0.366868,0,0.0,0,418,2,2,0.2846,0.7627,RED,45,Mumbai
CLM0015269,MUM_03857,Bandra,2023-12-19,10,0,0,0,0,0,0,0,0,0,1.0,1.0,0,1.0,0,420,1,1,0.8624,0.0015,GREEN,40,Mumbai
CLM0015270,MUM_04585,Andheri,2023-02-16,10,0,0,0,0,0,0,0,0,0,0.0,0.324234,0,0.0,0,334,0,0,0.98,0.0193,GREEN,22,Mumbai
CLM0015271,MUM_05687,Ghatkopar,2021-07-28,10,0,0,0,0,0,0,0,0,0,0.0,0.276006,0,1.0,0,89,2,3,0.6151,0.0,GREEN,50,Mumbai
CLM0015272,MUM_01062,Borivali,2022-05-12,18,0,0,0,0,0,0,0,0,0,0.0,0.033146,0,1.0,0,257,4,0,0.872,0.0,GREEN,30,Mumbai
CLM0015273,MUM_01615,Bandra,2025-08-22,8,0,0,0,0,0,0,0,0,0,0.0,0.27686,0,0.0,0,58,1,3,0.832,0.0364,GREEN,45,Mumbai
CLM0015274,MUM_09699,Ghatkopar,2023-08-03,11,0,0,0,0,0,0,0,1,0,0.0,0.214987,0,0.0,0,415,4,3,0.4933,0.0953,GREEN,48,Mumbai
CLM0015275,MUM_00398,Andheri,2023-02-18,8,0,0,0,0,0,0,0,0,0,0.0,0.391405,1,0.0,0,172,2,3,0.98,0.1119,GREEN,51,Mumbai
CLM0015276,MUM_03124,Chembur,2025-01-05,18,0,0,0,0,0,0,0,0,0,0.0,0.458269,0,0.0,0,144,2,4,0.9218,0.0075,GREEN,21,Mumbai
CLM0015277,MUM_04208,Bandra,2025-03-06,16,0,0,0,0,1,0,0,0,0,1.0,0.313203,0,0.0,0,222,2,6,0.98,0.1976,GREEN,48,Mumbai
CLM0015278,MUM_09354,Dadar,2025-01-06,9,0,1,1,0,1,0,0,0,0,0.0,0.507575,1,0.0,0,199,2,3,0.6136,0.7016,RED,33,Mumbai
CLM0015279,MUM_07584,Andheri,2021-11-22,15,0,1,1,1,0,0,1,0,1,0.0,0.019369,0,0.0,0,5,0,18,0.936,0.5494,YELLOW,43,Mumbai
CLM0015280,MUM_04088,Chembur,2022-08-23,15,0,1,1,0,0,0,0,0,0,1.0,0.975939,0,1.0,0,409,1,5,0.5162,0.6299,RED,31,Mumbai
CLM0015281,MUM_03562,Vashi,2021-04-17,20,0,1,1,1,1,0,1,0,1,1.0,1.0,0,1.0,1,7,1,18,0.1755,0.5895,YELLOW,43,Mumbai
CLM0015282,MUM_08725,Borivali,2022-08-22,14,0,1,1,1,1,0,1,1,0,1.0,0.959519,1,0.0,1,5,2,18,0.1526,0.6002,YELLOW,38,Mumbai
CLM0015283,MUM_09196,Ghatkopar,2021-11-26,13,0,1,1,0,1,0,0,1,0,0.0,0.461967,0,0.0,1,5,2,18,0.2642,0.4564,YELLOW,54,Mumbai
CLM0015284,MUM_00328,Chembur,2023-10-19,11,0,1,1,1,1,0,1,1,0,1.0,0.917971,1,1.0,1,5,0,18,0.1009,0.6335,RED,25,Mumbai
CLM0015285,MUM_03637,Thane,2020-08-04,16,0,1,1,0,0,0,0,0,0,0.0,0.171626,0,0.0,0,420,2,0,0.7505,0.4095,YELLOW,42,Mumbai
CLM0015286,MUM_05250,Powai,2021-05-28,16,0,1,1,1,1,0,1,1,0,0.0,0.414535,1,1.0,0,8,2,18,0.3188,0.6226,RED,28,Mumbai
CLM0015287,MUM_02272,Chembur,2017-03-13,9,0,1,1,1,1,1,1,1,1,1.0,0.956985,0,1.0,1,17,1,18,0.05,0.9062,RED,43,Mumbai
CLM0015288,MUM_07070,Chembur,2023-09-02,10,0,1,1,1,1,0,1,1,1,1.0,1.0,0,1.0,0,5,0,10,0.8074,0.6777,RED,56,Mumbai
CLM0015289,MUM_05099,Bandra,2017-02-25,10,0,1,1,1,0,0,1,1,1,0.0,1.0,0,0.0,1,5,2,18,0.4384,0.6134,RED,43,Mumbai
CLM0015290,MUM_07445,Dadar,2025-02-10,17,0,1,1,0,0,1,0,0,0,0.0,0.207856,0,0.0,1,260,0,2,0.9003,0.1555,GREEN,44,Mumbai
CLM0015291,MUM_08088,Bandra,2025-12-17,21,0,0,0,0,0,0,0,0,0,0.0,0.180376,0,0.0,0,420,4,4,0.66,0.0,GREEN,32,Mumbai
CLM0015292,MUM_05106,Powai,2024-11-15,21,0,0,0,0,0,0,0,0,0,0.0,0.092295,0,0.0,0,420,3,0,0.6972,0.0,GREEN,45,Mumbai
CLM0015293,MUM_07319,Dadar,2025-03-25,10,0,0,0,0,0,0,0,0,0,0.0,0.039985,0,0.0,0,221,4,1,0.6293,0.0,GREEN,45,Mumbai
CLM0015294,MUM_04087,Thane,2025-09-23,20,0,0,0,0,0,0,0,0,0,0.0,0.345646,0,0.0,0,73,1,4,0.05,0.0869,GREEN,44,Mumbai
CLM0015295,MUM_04227,Thane,2025-01-16,16,0,1,1,0,0,0,0,0,0,0.0,0.173673,0,0.0,0,111,1,2,0.7258,0.0,GREEN,40,Mumbai
CLM0015296,MUM_04562,Thane,2022-08-10,11,0,0,0,0,0,0,0,0,0,1.0,0.980936,0,1.0,0,115,0,2,0.5858,0.0233,GREEN,47,Mumbai
CLM0015297,MUM_06845,Ghatkopar,2024-03-27,14,0,0,0,0,0,0,0,0,0,0.0,0.054805,0,1.0,0,95,2,0,0.637,0.0,GREEN,52,Mumbai
CLM0015298,MUM_03652,Chembur,2023-08-29,7,0,0,0,0,0,0,0,0,0,1.0,0.502827,0,0.0,0,256,3,4,0.8284,0.1176,GREEN,31,Mumbai
CLM0015299,MUM_04080,Borivali,2022-12-06,10,0,0,0,0,0,0,0,0,0,0.0,0.328462,0,0.0,0,205,0,6,0.7377,0.1212,GREEN,40,Mumbai
CLM0015300,MUM_01378,Ghatkopar,2023-07-29,15,0,0,0,0,0,0,0,0,0,0.0,0.132381,0,0.0,0,265,2,2,0.4555,0.0874,GREEN,59,Mumbai
CLM0015301,MUM_01654,Ghatkopar,2022-02-23,14,0,0,0,0,0,0,1,0,0,0.0,0.144307,0,0.0,0,418,4,0,0.9771,0.1344,GREEN,30,Mumbai
CLM0015302,MUM_00497,Andheri,2024-05-18,18,0,0,0,0,1,0,0,0,0,0.0,0.291104,0,0.0,0,77,3,1,0.8685,0.2202,GREEN,42,Mumbai
CLM0015303,MUM_00179,Ghatkopar,2025-01-22,18,0,0,0,0,0,1,0,0,0,1.0,0.981091,0,1.0,0,420,3,2,0.9469,0.1448,GREEN,43,Mumbai
CLM0015304,MUM_01916,Andheri,2024-06-24,7,0,0,0,0,0,0,0,0,0,0.0,0.398378,0,0.0,0,358,2,4,0.493,0.0,GREEN,44,Mumbai
CLM0015305,MUM_07585,Dadar,2025-09-16,14,0,0,0,0,0,0,0,0,0,0.0,0.354426,0,0.0,0,203,3,2,0.9225,0.0,GREEN,66,Mumbai
CLM0015306,MUM_02281,Andheri,2024-05-20,21,0,0,0,0,0,0,0,1,0,0.0,0.94493,0,0.0,1,84,3,0,0.7538,0.104,GREEN,43,Mumbai
CLM0015307,MUM_06440,Borivali,2025-10-03,8,0,0,0,1,0,0,0,0,0,0.0,0.0,0,0.0,1,413,3,6,0.7871,0.2652,GREEN,34,Mumbai
CLM0015308,MUM_01989,Borivali,2024-05-24,18,0,0,0,0,0,0,1,0,0,0.0,0.309716,1,0.0,0,253,3,2,0.4575,0.0574,GREEN,41,Mumbai
CLM0015309,MUM_09018,Andheri,2025-04-03,12,0,0,0,0,0,0,0,0,0,0.0,0.402623,0,0.0,1,241,2,0,0.6741,0.0094,GREEN,60,Mumbai
CLM0015310,MUM_07214,Chembur,2025-10-15,16,0,0,0,0,0,0,0,0,0,0.0,0.314379,0,0.0,0,377,0,2,0.2852,0.0383,GREEN,43,Mumbai
CLM0015311,MUM_00592,Powai,2025-01-07,15,0,1,1,0,0,0,0,0,0,1.0,1.0,0,0.0,0,134,1,7,0.9702,0.059,GREEN,43,Mumbai
CLM0015312,MUM_07160,Thane,2025-04-25,11,0,0,0,1,0,0,0,0,0,0.0,0.255584,0,0.0,0,346,0,1,0.05,0.1152,GREEN,51,Mumbai
CLM0015313,MUM_00906,Thane,2018-02-27,11,0,0,0,0,0,0,0,0,0,0.0,0.352095,0,0.0,0,404,1,0,0.646,0.0342,GREEN,52,Mumbai
CLM0015314,MUM_02116,Vashi,2025-09-06,11,0,0,0,0,0,1,0,0,0,0.0,0.990296,0,0.0,0,416,2,4,0.98,0.023,GREEN,72,Mumbai
CLM0015315,MUM_05037,Powai,2017-07-14,19,0,0,0,0,0,1,0,0,0,0.0,0.00213,0,0.0,0,230,2,8,0.8711,0.0516,GREEN,38,Mumbai
CLM0015316,MUM_09587,Vashi,2025-10-07,20,0,0,0,0,0,0,0,0,0,1.0,0.134544,0,0.0,0,250,0,1,0.98,0.0737,GREEN,36,Mumbai
CLM0015317,MUM_05625,Dadar,2025-02-02,7,0,1,1,0,1,0,0,0,0,0.0,0.121678,0,1.0,0,272,1,1,0.9706,0.1764,GREEN,40,Mumbai
CLM0015318,MUM_03002,Lower Parel,2021-12-18,17,0,0,0,0,0,0,1,0,0,0.0,0.20977,0,0.0,0,252,0,3,0.9082,0.0,GREEN,50,Mumbai
CLM0015319,MUM_09388,Chembur,2020-05-24,11,0,0,0,1,0,0,0,0,0,1.0,0.960173,0,1.0,0,191,2,1,0.9644,0.1646,GREEN,37,Mumbai
CLM0015320,MUM_05135,Powai,2023-01-21,12,0,0,0,0,0,0,0,0,0,0.0,0.0,0,0.0,1,420,1,0,0.2655,0.0833,GREEN,43,Mumbai
CLM0015321,MUM_04446,Powai,2018-01-10,10,0,0,0,0,0,0,0,0,0,0.0,0.398663,0,0.0,0,188,1,0,0.7299,0.0067,GREEN,67,Mumbai
CLM0015322,MUM_08912,Dadar,2022-06-23,14,0,0,0,0,0,0,0,0,1,0.0,0.056139,0,0.0,0,420,3,4,0.4815,0.1246,GREEN,47,Mumbai
CLM0015323,MUM_07349,Borivali,2024-08-24,16,0,0,0,0,0,0,0,0,0,0.0,0.167199,0,0.0,0,71,2,5,0.9477,0.0,GREEN,54,Mumbai
CLM0015324,MUM_01330,Chembur,2025-01-26,17,0,0,0,0,0,0,0,0,0,0.0,0.384658,0,0.0,0,400,3,0,0.98,0.0407,GREEN,48,Mumbai
CLM0015325,MUM_07873,Chembur,2024-12-20,12,0,0,0,0,0,1,0,0,0,0.0,0.193026,1,1.0,0,343,4,1,0.6219,0.1758,GREEN,41,Mumbai
CLM0015326,MUM_09797,Powai,2022-12-12,21,0,0,0,0,0,0,0,0,0,0.0,0.395152,0,0.0,0,246,1,2,0.7056,0.1844,GREEN,42,Mumbai
CLM0015327,MUM_08138,Bandra,2025-10-08,13,0,0,0,0,0,0,0,0,0,0.0,0.494733,0,0.0,0,420,2,2,0.6301,0.0366,GREEN,40,Mumbai
CLM0015328,MUM_06503,Chembur,2023-03-12,20,0,0,0,0,0,0,0,0,0,0.0,0.19622,0,0.0,0,231,1,2,0.9395,0.0189,GREEN,43,Mumbai
CLM0015329,MUM_04105,Powai,2022-05-09,12,0,0,0,0,0,0,0,0,0,0.0,0.350333,0,0.0,0,420,3,3,0.5319,0.035,GREEN,54,Mumbai
CLM0015330,MUM_04000,Bandra,2021-07-02,13,0,0,0,0,0,0,0,0,0,0.0,0.0,0,0.0,0,80,0,0,0.05,0.0646,GREEN,41,Mumbai
CLM0015331,MUM_01397,Chembur,2025-10-08,14,0,0,0,0,0,0,0,1,0,0.0,0.166385,0,0.0,0,267,4,0,0.7425,0.0301,GREEN,49,Mumbai
CLM0015332,MUM_05613,Chembur,2020-04-08,21,0,0,0,0,0,0,0,0,0,0.0,0.093309,0,0.0,0,37,4,0,0.6515,0.0389,GREEN,24,Mumbai
CLM0015333,MUM_07666,Chembur,2023-02-18,16,0,0,0,0,0,0,0,0,0,0.0,0.411952,1,0.0,0,329,1,0,0.98,0.1012,GREEN,45,Mumbai
CLM0015334,MUM_02380,Andheri,2023-12-03,17,0,0,0,0,0,1,0,0,0,0.0,0.966826,0,0.0,0,179,4,2,0.8338,0.1212,GREEN,34,Mumbai
CLM0015335,MUM_00715,Chembur,2021-01-27,15,0,0,0,0,0,0,0,1,0,0.0,0.168713,0,0.0,0,279,1,2,0.8465,0.0515,GREEN,28,Mumbai
CLM0015336,MUM_02792,Borivali,2022-12-12,20,0,0,0,0,0,0,0,0,0,0.0,0.366576,0,0.0,0,299,1,1,0.5499,0.0023,GREEN,18,Mumbai
CLM0015337,MUM_09290,Powai,2025-04-27,18,0,0,0,0,0,0,0,0,0,0.0,0.159433,0,0.0,0,420,3,1,0.813,0.0,GREEN,41,Mumbai
CLM0015338,MUM_01269,Chembur,2023-06-24,17,0,0,0,0,0,0,0,0,0,0.0,0.456206,0,0.0,0,380,1,1,0.6076,0.0035,GREEN,62,Mumbai
CLM0015339,MUM_06615,Powai,2025-05-01,21,0,0,0,0,0,0,0,0,0,1.0,0.010788,0,0.0,0,420,3,1,0.7559,0.0999,GREEN,37,Mumbai
CLM0015340,MUM_06433,Lower Parel,2024-02-09,12,0,0,0,0,0,0,0,0,0,0.0,0.087306,0,0.0,0,371,4,0,0.7872,0.0374,GREEN,47,Mumbai
CLM0015341,MUM_08305,Ghatkopar,2021-09-02,21,0,0,0,0,0,0,0,0,0,0.0,0.284197,0,0.0,0,346,1,3,0.693,0.0258,GREEN,31,Mumbai
CLM0015342,MUM_09628,Dadar,2021-03-17,18,0,0,0,0,0,1,0,0,1,0.0,0.188179,0,0.0,0,420,3,2,0.2877,0.1925,GREEN,38,Mumbai
CLM0015343,MUM_08805,Vashi,2020-02-19,20,0,0,0,0,0,0,0,0,0,0.0,0.301714,0,0.0,0,159,2,2,0.5447,0.0419,GREEN,43,Mumbai
CLM0015344,MUM_06708,Vashi,2022-01-12,7,0,0,0,0,0,0,0,0,0,0.0,0.303824,0,0.0,0,419,1,1,0.8836,0.0,GREEN,45,Mumbai
CLM0015345,MUM_05499,Dadar,2024-04-25,21,0,0,0,0,0,1,0,0,0,0.0,0.317072,1,0.0,0,116,0,0,0.3374,0.109,GREEN,47,Mumbai
CLM0015346,MUM_04368,Andheri,2020-06-09,15,0,0,0,0,0,0,0,0,0,0.0,0.0109,0,0.0,0,202,0,0,0.8707,0.0583,GREEN,36,Mumbai
CLM0015347,MUM_01883,Bandra,2024-08-29,21,0,0,0,0,0,0,0,1,0,0.0,0.101312,0,0.0,0,298,2,3,0.05,0.0948,GREEN,62,Mumbai
CLM0015348,MUM_01926,Andheri,2024-06-04,7,0,0,0,0,0,0,0,0,0,0.0,0.0,0,1.0,0,420,4,2,0.6253,0.1268,GREEN,41,Mumbai
CLM0015349,MUM_04750,Thane,2024-05-22,20,0,0,0,0,0,0,0,0,0,0.0,0.187115,1,0.0,0,411,2,0,0.7191,0.1164,GREEN,58,Mumbai
CLM0015350,MUM_02538,Thane,2021-01-16,21,0,0,0,0,0,0,1,0,0,0.0,0.977374,0,0.0,0,112,4,0,0.0997,0.0893,GREEN,45,Mumbai
CLM0015351,MUM_00230,Vashi,2023-09-17,12,0,0,0,0,0,1,0,1,0,0.0,0.157028,0,0.0,0,287,1,0,0.8734,0.1352,GREEN,50,Mumbai
CLM0015352,MUM_07520,Dadar,2024-08-07,17,0,0,0,0,0,0,0,1,0,0.0,0.376904,0,0.0,0,147,1,8,0.7358,0.1337,GREEN,66,Mumbai
CLM0015353,MUM_09010,Ghatkopar,2024-04-12,15,0,0,0,0,0,0,0,1,0,0.0,0.466009,0,0.0,1,291,0,2,0.98,0.1475,GREEN,24,Mumbai
CLM0015354,MUM_06032,Bandra,2023-03-18,8,0,0,0,0,0,0,0,0,0,0.0,0.287784,0,0.0,0,420,1,0,0.7384,0.0086,GREEN,36,Mumbai
CLM0015355,MUM_06182,Dadar,2024-01-06,7,0,0,0,0,0,1,0,0,0,1.0,0.981672,0,1.0,0,219,3,2,0.05,0.0857,GREEN,47,Mumbai
CLM0015356,MUM_01541,Borivali,2022-04-03,17,0,0,0,0,0,0,0,0,0,0.0,0.149593,0,0.0,0,266,4,3,0.05,0.0,GREEN,59,Mumbai
CLM0015357,MUM_01883,Bandra,2023-04-26,20,0,0,0,0,0,0,0,0,0,1.0,0.179857,0,0.0,0,376,1,1,0.2184,0.048,GREEN,62,Mumbai
CLM0015358,MUM_02500,Lower Parel,2024-11-27,12,0,0,0,0,0,0,0,0,0,0.0,0.041152,0,0.0,0,293,3,1,0.6556,0.0603,GREEN,47,Mumbai
CLM0015359,MUM_06886,Thane,2022-05-30,13,0,0,0,0,1,0,0,0,0,0.0,0.234997,0,0.0,0,303,1,1,0.8803,0.1789,GREEN,44,Mumbai
CLM0015360,MUM_01001,Ghatkopar,2024-05-16,14,0,0,0,0,0,0,0,1,0,1.0,0.237897,0,0.0,0,140,0,6,0.1594,0.1471,GREEN,45,Mumbai
CLM0015361,MUM_03230,Thane,2024-08-06,11,0,0,0,0,0,0,1,0,0,1.0,0.232626,0,0.0,0,394,2,2,0.7502,0.0818,GREEN,47,Mumbai
CLM0015362,MUM_09316,Andheri,2021-09-06,12,0,0,0,0,1,0,0,0,0,0.0,0.0,0,0.0,0,420,3,0,0.5201,0.1908,GREEN,41,Mumbai
CLM0015363,MUM_05292,Ghatkopar,2017-04-02,10,0,0,0,0,0,0,0,0,0,0.0,0.971351,0,0.0,0,230,1,0,0.7547,0.0001,GREEN,44,Mumbai
CLM0015364,MUM_05701,Ghatkopar,2023-06-05,12,0,0,0,0,0,0,0,0,1,0.0,0.364762,0,0.0,0,110,1,1,0.1543,0.172,GREEN,38,Mumbai
CLM0015365,MUM_09826,Vashi,2024-03-06,7,0,1,1,0,0,0,0,0,0,0.0,0.050895,0,0.0,0,420,4,2,0.9433,0.0,GREEN,48,Mumbai
CLM0015366,MUM_04045,Thane,2018-01-04,20,0,0,0,0,0,0,0,0,0,0.0,0.363083,0,0.0,0,420,2,6,0.9734,0.0,GREEN,39,Mumbai
CLM0015367,MUM_04609,Bandra,2022-05-23,10,0,0,0,0,0,0,0,0,0,0.0,0.110792,0,0.0,0,104,2,0,0.0913,0.0016,GREEN,51,Mumbai
CLM0015368,MUM_03676,Vashi,2025-09-01,8,0,0,0,0,0,0,0,0,0,0.0,0.086933,1,0.0,0,235,2,0,0.4792,0.0715,GREEN,51,Mumbai
CLM0015369,MUM_04259,Thane,2021-02-14,9,0,0,0,1,0,0,0,0,0,0.0,0.252876,0,0.0,0,377,1,1,0.856,0.0563,GREEN,49,Mumbai
CLM0015370,MUM_04469,Lower Parel,2018-02-01,11,0,0,0,0,0,0,0,0,0,0.0,0.0,0,0.0,0,420,1,4,0.8884,0.0,GREEN,53,Mumbai
CLM0015371,MUM_03306,Lower Parel,2018-09-07,16,0,0,0,1,0,0,0,0,0,0.0,0.298079,1,0.0,0,276,4,3,0.7639,0.2588,GREEN,41,Mumbai
CLM0015372,MUM_03037,Thane,2019-11-07,8,0,0,0,0,0,0,0,0,0,0.0,0.125967,0,0.0,0,313,2,4,0.5568,0.0776,GREEN,37,Mumbai
CLM0015373,MUM_08213,Chembur,2019-02-18,14,0,0,0,0,0,0,0,0,0,0.0,0.317951,0,0.0,0,122,0,4,0.9726,0.0,GREEN,42,Mumbai
CLM0015374,MUM_04794,Lower Parel,2022-09-16,11,0,0,0,0,0,0,0,0,0,0.0,0.235085,0,0.0,0,267,2,2,0.6413,0.0,GREEN,38,Mumbai
CLM0015375,MUM_05020,Andheri,2021-12-08,21,0,0,0,0,0,0,0,1,0,0.0,0.431438,0,0.0,0,420,2,2,0.783,0.1402,GREEN,64,Mumbai
CLM0015376,MUM_09146,Powai,2021-01-17,13,0,0,0,0,0,0,0,1,0,0.0,0.36781,0,0.0,0,61,1,2,0.98,0.0815,GREEN,52,Mumbai
CLM0015377,MUM_03996,Borivali,2024-11-23,12,0,0,0,0,0,0,1,0,0,0.0,0.292033,0,0.0,0,143,2,4,0.8962,0.0282,GREEN,24,Mumbai
CLM0015378,MUM_05519,Powai,2021-06-12,14,0,0,0,0,0,0,0,1,0,0.0,0.224338,0,0.0,0,99,2,3,0.7352,0.1146,GREEN,39,Mumbai
CLM0015379,MUM_09356,Vashi,2020-11-26,12,0,0,0,1,0,1,1,1,0,0.0,0.148033,1,0.0,1,5,4,18,0.9619,0.0193,GREEN,57,Mumbai
CLM0015380,MUM_00907,Andheri,2021-03-30,18,0,0,0,0,0,0,0,0,0,0.0,0.962148,0,0.0,0,382,1,3,0.7938,0.0,GREEN,32,Mumbai
CLM0015381,MUM_02182,Lower Parel,2020-01-26,17,0,0,0,1,0,0,0,0,0,0.0,0.138504,0,0.0,0,115,1,2,0.98,0.1397,GREEN,31,Mumbai
CLM0015382,MUM_01972,Powai,2021-11-21,7,0,0,0,0,0,0,0,0,0,0.0,0.061327,0,0.0,0,300,0,5,0.657,0.0622,GREEN,42,Mumbai
CLM0015383,MUM_04235,Dadar,2021-04-01,20,0,0,0,0,0,0,0,0,0,0.0,0.378265,0,0.0,0,341,4,0,0.7444,0.0553,GREEN,42,Mumbai
CLM0015384,MUM_09014,Thane,2020-12-07,18,0,0,0,0,0,0,0,0,1,0.0,0.020421,0,0.0,0,420,4,0,0.3709,0.2672,GREEN,18,Mumbai
CLM0015385,MUM_04101,Lower Parel,2019-11-06,12,0,0,0,0,0,1,0,0,0,0.0,0.041298,0,0.0,0,181,3,0,0.1007,0.1282,GREEN,53,Mumbai
CLM0015386,MUM_05160,Thane,2024-04-29,7,0,0,0,0,0,0,0,0,0,1.0,0.393844,0,0.0,0,420,2,0,0.237,0.019,GREEN,32,Mumbai
CLM0015387,MUM_06380,Borivali,2025-11-30,7,0,0,0,0,0,0,0,0,0,0.0,0.259213,0,0.0,0,257,1,2,0.8696,0.0,GREEN,59,Mumbai
CLM0015388,MUM_01321,Vashi,2021-09-21,13,0,0,0,0,0,0,0,0,0,1.0,0.986039,1,1.0,0,77,4,3,0.725,0.0,GREEN,21,Mumbai
CLM0015389,MUM_05906,Bandra,2018-12-02,19,0,0,0,0,0,0,0,0,0,0.0,0.0,0,0.0,0,420,0,1,0.7968,0.0508,GREEN,37,Mumbai
CLM0015390,MUM_02560,Lower Parel,2020-04-21,7,0,0,0,0,0,0,0,0,1,0.0,0.178363,0,0.0,0,173,0,1,0.6226,0.1508,GREEN,61,Mumbai
CLM0015391,MUM_00976,Ghatkopar,2025-10-29,14,0,0,0,0,0,0,0,1,0,0.0,0.249085,0,0.0,0,54,4,0,0.9392,0.1434,GREEN,21,Mumbai
CLM0015392,MUM_07901,Chembur,2020-07-22,10,0,0,0,0,0,0,0,0,0,0.0,0.064281,0,0.0,0,299,1,4,0.9068,0.0,GREEN,33,Mumbai
CLM0015393,MUM_03791,Dadar,2016-04-07,7,0,0,0,0,0,0,0,0,0,0.0,1.0,0,0.0,0,327,1,0,0.9414,0.021,GREEN,47,Mumbai
CLM0015394,MUM_04334,Bandra,2019-03-12,18,0,0,0,0,0,0,0,0,0,0.0,0.065799,0,0.0,0,41,1,3,0.8277,0.0,GREEN,34,Mumbai
CLM0015395,MUM_07135,Ghatkopar,2018-07-19,8,0,0,0,0,0,0,1,1,0,0.0,0.121628,0,0.0,0,327,1,0,0.98,0.1534,GREEN,57,Mumbai
CLM0015396,MUM_03407,Andheri,2023-03-27,15,0,0,0,0,0,0,0,0,0,0.0,0.014309,0,0.0,0,25,0,3,0.9091,0.0198,GREEN,38,Mumbai
CLM0015397,MUM_06893,Thane,2022-04-29,13,0,0,0,0,0,0,0,0,0,0.0,0.0,0,0.0,0,420,3,5,0.8148,0.0064,GREEN,55,Mumbai
CLM0015398,MUM_01111,Lower Parel,2018-05-24,10,0,0,0,0,0,0,0,0,0,0.0,0.08718,0,0.0,0,149,1,0,0.615,0.046,GREEN,41,Mumbai
CLM0015399,MUM_02299,Powai,2017-10-19,19,0,0,0,0,0,1,0,0,0,0.0,0.404982,0,0.0,0,289,2,7,0.98,0.0,GREEN,47,Mumbai
CLM0015400,MUM_08979,Borivali,2025-07-26,17,0,1,1,1,1,0,1,0,1,1.0,1.0,0,0.0,1,5,2,18,0.1909,0.5727,YELLOW,26,Mumbai
CLM0015401,MUM_01024,Bandra,2017-07-13,19,0,1,1,1,0,0,0,1,0,0.0,0.139822,0,0.0,1,5,0,18,0.8139,0.3862,YELLOW,36,Mumbai
CLM0015402,MUM_03389,Bandra,2019-02-03,21,0,1,1,0,0,1,1,0,1,0.0,0.14474,1,0.0,0,41,2,18,0.8503,0.334,YELLOW,37,Mumbai
CLM0015403,MUM_05471,Andheri,2017-12-20,16,0,1,1,1,1,1,1,1,0,1.0,1.0,1,1.0,1,5,1,18,0.317,0.6667,RED,47,Mumbai
CLM0015404,MUM_06870,Lower Parel,2025-05-11,8,0,1,1,0,0,0,0,1,0,0.0,0.291033,0,0.0,0,319,0,3,0.2206,0.8264,RED,48,Mumbai
CLM0015405,MUM_06286,Bandra,2022-10-30,12,0,1,1,1,0,0,1,1,0,0.0,1.0,0,0.0,1,36,1,18,0.3726,0.556,YELLOW,47,Mumbai
CLM0015406,MUM_08774,Borivali,2024-11-19,8,0,1,1,0,0,0,0,0,0,1.0,0.127203,0,0.0,0,417,2,0,0.7163,0.7137,RED,41,Mumbai
CLM0015407,MUM_03475,Chembur,2023-02-12,20,0,0,0,0,0,0,0,0,0,0.0,0.162484,0,0.0,0,252,2,2,0.5692,0.0596,GREEN,52,Mumbai
CLM0015408,MUM_08928,Chembur,2023-09-11,7,0,0,0,0,1,0,0,0,0,0.0,0.989979,1,0.0,0,420,0,4,0.7255,0.1212,GREEN,52,Mumbai
CLM0015409,MUM_08001,Borivali,2024-02-29,8,0,0,0,0,0,0,0,0,0,0.0,0.086766,0,1.0,0,372,3,0,0.8683,0.0967,GREEN,44,Mumbai
CLM0015410,MUM_05633,Dadar,2023-05-09,14,0,0,0,0,0,0,0,0,0,0.0,0.065293,0,0.0,0,61,3,0,0.8848,0.0,GREEN,18,Mumbai
CLM0015411,MUM_06693,Dadar,2025-01-07,9,0,0,0,0,0,0,0,0,0,0.0,0.205502,1,0.0,0,196,3,2,0.8623,0.1425,GREEN,45,Mumbai
CLM0015412,MUM_03731,Vashi,2016-05-08,11,0,0,0,0,0,0,0,0,0,0.0,0.377841,0,0.0,1,209,1,1,0.6023,0.0636,GREEN,34,Mumbai
CLM0015413,MUM_08927,Borivali,2021-10-25,21,0,0,0,0,0,0,0,0,0,1.0,0.320569,0,0.0,0,222,4,5,0.9048,0.1276,GREEN,43,Mumbai
CLM0015414,MUM_01741,Lower Parel,2025-08-27,12,0,0,0,0,0,0,0,0,0,0.0,0.298655,0,0.0,0,235,3,2,0.0904,0.0153,GREEN,34,Mumbai
CLM0015415,MUM_09010,Ghatkopar,2023-03-23,11,0,0,0,0,0,0,0,1,0,1.0,0.18037,0,0.0,0,264,1,2,0.2709,0.0482,GREEN,24,Mumbai
CLM0015416,MUM_06013,Vashi,2024-03-07,20,0,0,0,0,0,0,0,0,0,0.0,0.0,0,0.0,0,87,4,2,0.9555,0.0691,GREEN,35,Mumbai
CLM0015417,MUM_04232,Borivali,2022-01-22,11,0,0,0,0,0,0,1,1,1,0.0,0.130358,0,0.0,0,29,0,18,0.8359,0.0759,GREEN,49,Mumbai
CLM0015418,MUM_06326,Borivali,2023-09-04,17,0,0,0,0,1,0,0,0,0,0.0,0.13801,0,0.0,0,418,4,4,0.1751,0.1623,GREEN,64,Mumbai
CLM0015419,MUM_00843,Thane,2022-03-31,16,0,1,1,0,0,0,0,0,0,0.0,0.340435,0,0.0,0,413,0,6,0.0709,0.0412,GREEN,52,Mumbai
CLM0015420,MUM_08832,Thane,2023-07-14,20,0,1,1,0,0,0,1,0,0,0.0,0.493268,0,0.0,0,155,3,0,0.6546,0.0105,GREEN,45,Mumbai
CLM0015421,MUM_06748,Powai,2025-12-02,13,0,0,0,0,0,0,0,0,0,0.0,0.242957,0,0.0,0,102,2,7,0.98,0.0198,GREEN,55,Mumbai
CLM0015422,MUM_08437,Ghatkopar,2024-08-20,15,0,0,0,0,0,1,0,0,0,0.0,0.273475,0,0.0,0,132,3,6,0.8719,0.0479,GREEN,58,Mumbai
CLM0015423,MUM_00876,Ghatkopar,2020-03-23,11,0,0,0,0,0,0,0,0,0,0.0,0.293832,0,0.0,0,149,3,0,0.05,0.2487,GREEN,52,Mumbai
CLM0015424,MUM_08482,Vashi,2025-02-08,16,0,0,0,0,0,0,0,1,0,0.0,0.019144,0,0.0,0,396,4,0,0.067,0.1956,GREEN,26,Mumbai
CLM0015425,MUM_01221,Bandra,2024-01-31,13,0,0,0,0,0,0,1,0,0,0.0,0.045846,1,0.0,0,268,1,0,0.05,0.2489,GREEN,28,Mumbai
CLM0015426,MUM_09768,Thane,2023-03-02,17,0,0,0,0,0,0,0,0,0,0.0,0.251946,0,0.0,0,294,2,1,0.05,0.0384,GREEN,40,Mumbai
CLM0015427,MUM_04736,Borivali,2020-09-22,14,0,0,0,0,0,0,1,0,0,0.0,0.196356,1,0.0,0,404,3,7,0.9409,0.157,GREEN,50,Mumbai
CLM0015428,MUM_02062,Vashi,2021-02-25,7,0,0,0,0,0,0,0,0,0,0.0,0.969284,0,0.0,0,63,2,0,0.6656,0.0443,GREEN,36,Mumbai
CLM0015429,MUM_09739,Vashi,2022-03-01,14,0,0,0,0,0,0,0,0,0,0.0,0.242009,0,0.0,0,420,2,2,0.9119,0.0138,GREEN,34,Mumbai
CLM0015430,MUM_01905,Chembur,2025-03-09,14,0,0,0,0,0,0,0,0,0,0.0,0.092894,1,0.0,0,277,1,1,0.5653,0.0,GREEN,48,Mumbai
CLM0015431,MUM_02303,Lower Parel,2023-10-29,16,0,0,0,1,0,0,1,0,0,0.0,0.142843,0,0.0,0,227,1,4,0.98,0.2547,GREEN,52,Mumbai
CLM0015432,MUM_04428,Andheri,2020-10-30,21,0,0,0,1,0,1,1,1,1,1.0,0.208721,0,1.0,1,5,0,18,0.3608,0.0654,GREEN,34,Mumbai
CLM0015433,MUM_07410,Ghatkopar,2025-07-26,7,0,0,0,0,0,0,0,0,0,0.0,0.366741,0,0.0,0,166,0,3,0.05,0.0344,GREEN,25,Mumbai
CLM0015434,MUM_04607,Dadar,2025-11-06,20,0,0,0,0,0,0,0,1,0,0.0,0.360868,0,0.0,0,324,4,5,0.5577,0.0,GREEN,56,Mumbai
CLM0015435,MUM_04068,Ghatkopar,2025-09-26,15,0,0,0,0,0,0,0,0,0,0.0,0.028673,0,0.0,0,146,4,1,0.9375,0.0529,GREEN,59,Mumbai
CLM0015436,MUM_00142,Bandra,2025-08-28,15,0,0,0,0,0,0,0,0,0,0.0,0.462335,0,0.0,0,48,4,7,0.229,0.0,GREEN,56,Mumbai
CLM0015437,MUM_01671,Bandra,2025-01-31,7,0,0,0,0,0,0,0,0,0,0.0,0.0,0,0.0,0,161,3,7,0.9196,0.0,GREEN,26,Mumbai
CLM0015438,MUM_07305,Borivali,2025-01-25,8,0,0,0,0,0,0,0,0,0,0.0,0.077584,0,0.0,0,47,0,0,0.8378,0.048,GREEN,44,Mumbai
CLM0015439,MUM_05932,Dadar,2025-08-24,11,0,0,0,0,0,0,0,0,0,0.0,0.238264,0,0.0,0,44,2,0,0.5978,0.0502,GREEN,35,Mumbai
CLM0015440,MUM_04076,Chembur,2025-01-19,12,0,0,0,0,0,0,0,0,0,0.0,0.131088,0,0.0,0,215,0,8,0.507,0.0,GREEN,54,Mumbai
CLM0015441,MUM_07319,Dadar,2025-07-30,8,0,0,0,0,0,0,0,0,0,0.0,0.100908,0,0.0,0,159,1,0,0.05,0.0237,GREEN,45,Mumbai
CLM0015442,MUM_03890,Ghatkopar,2021-10-16,20,0,0,0,0,0,0,0,0,0,0.0,0.168229,0,0.0,0,420,2,0,0.8677,0.0,GREEN,45,Mumbai
CLM0015443,MUM_05343,Bandra,2022-10-21,12,0,0,0,0,0,0,0,0,0,0.0,0.288725,0,0.0,0,273,3,0,0.8319,0.0735,GREEN,26,Mumbai
CLM0015444,MUM_02803,Andheri,2021-10-19,8,0,0,0,0,1,0,1,1,1,1.0,0.847435,0,0.0,1,49,1,18,0.2402,0.0,GREEN,35,Mumbai
CLM0015445,MUM_05407,Lower Parel,2024-03-09,13,0,1,1,0,0,0,1,0,0,0.0,0.020992,0,0.0,0,319,4,5,0.1376,0.017,GREEN,39,Mumbai
CLM0015446,MUM_02584,Borivali,2025-03-18,13,0,0,0,0,0,0,0,0,1,0.0,0.143711,0,0.0,0,157,0,0,0.6293,0.0582,GREEN,37,Mumbai
CLM0015447,MUM_05685,Chembur,2020-10-17,17,0,1,1,0,0,0,0,0,0,0.0,0.122971,0,0.0,0,120,1,1,0.05,0.0354,GREEN,21,Mumbai
CLM0015448,MUM_08757,Lower Parel,2024-04-09,16,0,0,0,0,0,0,0,0,0,0.0,0.330725,0,0.0,0,96,4,4,0.9712,0.0187,GREEN,58,Mumbai
CLM0015449,MUM_01458,Vashi,2025-08-15,9,0,0,0,0,0,0,0,0,0,0.0,0.0,0,0.0,0,145,3,3,0.9091,0.0479,GREEN,36,Mumbai
CLM0015450,MUM_06156,Chembur,2025-11-20,7,0,0,0,1,0,0,0,1,0,0.0,0.332627,0,0.0,1,228,2,3,0.1948,0.2816,GREEN,32,Mumbai
CLM0015451,MUM_06890,Lower Parel,2023-08-26,7,0,0,0,0,0,0,0,0,0,0.0,0.895967,1,0.0,0,121,1,1,0.5623,0.0795,GREEN,27,Mumbai
CLM0015452,MUM_01468,Vashi,2025-03-21,13,0,0,0,0,0,0,0,0,1,0.0,0.270152,0,0.0,0,172,4,3,0.8833,0.1653,GREEN,39,Mumbai
CLM0015453,MUM_01209,Powai,2024-11-01,10,0,0,0,0,0,0,0,0,0,0.0,0.390739,0,0.0,0,420,2,0,0.8366,0.0086,GREEN,31,Mumbai
CLM0015454,MUM_05306,Borivali,2025-05-23,10,0,0,0,0,0,0,0,1,0,1.0,0.999405,0,0.0,0,361,0,5,0.5529,0.284,GREEN,42,Mumbai
CLM0015455,MUM_09219,Lower Parel,2024-02-04,16,0,0,0,0,0,0,0,0,1,0.0,0.323971,0,0.0,0,181,3,3,0.8693,0.1687,GREEN,46,Mumbai
CLM0015456,MUM_08789,Powai,2025-10-20,19,0,0,0,0,1,0,1,1,0,0.0,0.060266,0,0.0,1,18,1,18,0.8485,0.0196,GREEN,32,Mumbai
CLM0015457,MUM_03084,Borivali,2024-12-09,16,0,0,0,0,0,0,0,1,0,1.0,0.220253,0,0.0,0,420,4,3,0.98,0.2083,GREEN,45,Mumbai
CLM0015458,MUM_08542,Powai,2023-07-11,21,0,0,0,0,0,0,0,0,0,0.0,0.158857,0,0.0,0,400,1,1,0.6489,0.0,GREEN,18,Mumbai
CLM0015459,MUM_00651,Dadar,2021-07-25,18,0,0,0,0,0,0,0,0,0,0.0,0.118527,0,0.0,0,275,3,7,0.5809,0.0747,GREEN,59,Mumbai
CLM0015460,MUM_01930,Ghatkopar,2020-11-17,21,0,0,0,0,0,0,0,0,0,0.0,0.088129,0,0.0,0,102,3,4,0.98,0.0326,GREEN,46,Mumbai
CLM0015461,MUM_05630,Borivali,2021-02-06,8,0,0,0,0,0,0,0,0,0,0.0,1.0,0,0.0,0,294,0,0,0.6558,0.017,GREEN,42,Mumbai
CLM0015462,MUM_04499,Ghatkopar,2020-11-29,19,0,0,0,0,0,0,0,0,0,0.0,1.0,0,0.0,0,191,2,3,0.8749,0.0,GREEN,44,Mumbai
CLM0015463,MUM_02081,Thane,2021-06-08,17,0,0,0,1,0,0,1,0,0,1.0,0.20658,0,0.0,0,169,1,1,0.1861,0.1972,GREEN,31,Mumbai
CLM0015464,MUM_08704,Dadar,2025-11-17,20,0,0,0,0,0,0,0,0,0,0.0,0.149443,0,0.0,0,207,0,5,0.6019,0.0065,GREEN,24,Mumbai
CLM0015465,MUM_05313,Borivali,2025-08-24,19,0,0,0,0,0,0,1,0,0,0.0,0.923165,0,0.0,0,385,2,4,0.1688,0.0,GREEN,50,Mumbai
CLM0015466,MUM_03431,Bandra,2025-09-05,18,0,0,0,0,0,0,0,0,0,0.0,0.330136,0,0.0,0,415,4,7,0.7155,0.0262,GREEN,18,Mumbai
CLM0015467,MUM_06481,Chembur,2024-04-07,15,0,0,0,0,0,0,0,0,0,0.0,0.0811,0,0.0,0,19,0,3,0.9642,0.0,GREEN,47,Mumbai
CLM0015468,MUM_03296,Chembur,2024-09-19,11,0,0,0,0,0,0,0,0,1,0.0,0.226065,0,0.0,0,370,1,4,0.2013,0.0636,GREEN,35,Mumbai
CLM0015469,MUM_04034,Bandra,2025-10-13,19,0,0,0,0,0,0,0,0,0,0.0,0.168314,0,0.0,0,243,0,0,0.9212,0.015,GREEN,31,Mumbai
CLM0015470,MUM_09988,Dadar,2024-09-09,10,0,0,0,0,0,0,0,0,0,0.0,0.045558,0,0.0,0,214,0,6,0.6014,0.0637,GREEN,41,Mumbai
CLM0015471,MUM_01493,Chembur,2025-06-19,20,0,0,0,0,0,0,0,0,0,0.0,0.3509,0,0.0,0,173,4,1,0.7211,0.0548,GREEN,51,Mumbai
CLM0015472,MUM_00846,Borivali,2024-07-22,8,0,0,0,1,0,0,0,0,0,0.0,0.141638,0,0.0,0,55,3,0,0.6424,0.0926,GREEN,18,Mumbai
CLM0015473,MUM_02257,Dadar,2025-03-26,14,0,0,0,1,0,0,1,0,1,1.0,1.0,0,1.0,0,5,0,18,0.1441,0.0108,GREEN,42,Mumbai
CLM0015474,MUM_06204,Bandra,2024-12-24,15,0,1,1,0,0,0,0,0,0,0.0,0.243511,0,0.0,0,12,3,1,0.3942,0.1081,GREEN,54,Mumbai
CLM0015475,MUM_06990,Andheri,2024-07-12,12,0,0,0,0,0,0,0,0,0,0.0,0.904811,0,0.0,0,84,2,1,0.8256,0.0,GREEN,44,Mumbai
CLM0015476,MUM_01709,Chembur,2018-07-15,9,0,0,0,0,0,0,0,0,0,0.0,0.385563,0,0.0,0,349,3,0,0.98,0.0089,GREEN,49,Mumbai
CLM0015477,MUM_01303,Vashi,2018-02-13,10,0,0,0,0,0,0,0,0,0,0.0,1.0,0,0.0,0,58,1,6,0.6206,0.0561,GREEN,49,Mumbai
CLM0015478,MUM_06459,Dadar,2022-08-17,19,0,0,0,0,0,0,0,0,0,0.0,0.324025,1,0.0,1,420,0,2,0.4543,0.1547,GREEN,34,Mumbai
CLM0015479,MUM_05884,Chembur,2022-12-06,16,0,0,0,1,0,0,0,0,0,0.0,1.0,0,0.0,0,138,3,0,0.4015,0.2061,GREEN,37,Mumbai
CLM0015480,MUM_00276,Thane,2018-11-28,10,0,0,0,0,0,0,0,0,0,0.0,0.151684,0,0.0,0,43,1,2,0.8651,0.0514,GREEN,53,Mumbai
CLM0015481,MUM_05356,Andheri,2025-03-15,18,0,0,0,0,1,1,1,1,1,1.0,1.0,0,1.0,0,8,2,18,0.8161,0.0455,GREEN,42,Mumbai
CLM0015482,MUM_03334,Dadar,2022-05-24,15,0,0,0,0,0,0,0,0,0,0.0,0.467557,0,0.0,0,273,0,1,0.8328,0.0,GREEN,39,Mumbai
CLM0015483,MUM_09563,Thane,2024-01-15,10,0,0,0,0,0,0,0,0,0,1.0,0.312684,0,0.0,0,119,4,5,0.255,0.0221,GREEN,37,Mumbai
CLM0015484,MUM_02599,Bandra,2023-07-22,15,0,0,0,0,0,0,0,0,0,0.0,0.498982,0,0.0,0,340,1,0,0.98,0.0388,GREEN,39,Mumbai
CLM0015485,MUM_08685,Bandra,2022-02-08,19,0,0,0,0,0,1,0,1,0,0.0,0.340567,0,0.0,0,314,0,2,0.98,0.1845,GREEN,38,Mumbai
CLM0015486,MUM_07429,Lower Parel,2025-04-17,14,0,0,0,0,1,0,0,1,0,0.0,0.259586,0,0.0,0,108,3,4,0.8943,0.1384,GREEN,50,Mumbai
CLM0015487,MUM_00534,Bandra,2024-05-15,11,0,0,0,0,0,1,0,0,0,0.0,0.337809,0,0.0,0,347,4,6,0.8463,0.1391,GREEN,38,Mumbai
CLM0015488,MUM_01016,Thane,2025-01-24,11,0,0,0,0,1,0,0,0,0,0.0,0.361155,0,0.0,0,387,2,0,0.8739,0.155,GREEN,38,Mumbai
CLM0015489,MUM_06663,Chembur,2022-09-17,15,0,0,0,0,0,0,0,0,0,0.0,0.080092,0,1.0,0,368,0,0,0.5956,0.0,GREEN,42,Mumbai
CLM0015490,MUM_02099,Andheri,2020-08-20,16,0,0,0,0,0,0,0,0,0,0.0,0.052778,0,0.0,0,420,1,6,0.98,0.0425,GREEN,39,Mumbai
CLM0015491,MUM_08806,Chembur,2024-06-22,19,0,0,0,1,0,1,1,1,1,0.0,0.124121,0,0.0,1,5,0,18,0.9594,0.0794,GREEN,37,Mumbai
CLM0015492,MUM_08715,Dadar,2024-06-06,10,0,0,0,0,0,0,0,0,1,0.0,0.331688,0,0.0,0,350,1,2,0.8187,0.0,GREEN,44,Mumbai
CLM0015493,MUM_09744,Ghatkopar,2020-09-21,21,0,0,0,0,0,0,0,1,0,0.0,0.150587,0,0.0,0,325,2,0,0.2004,0.2229,GREEN,30,Mumbai
CLM0015494,MUM_06350,Dadar,2020-01-02,17,0,0,0,0,1,0,0,0,0,0.0,0.087479,0,0.0,0,311,4,0,0.98,0.1148,GREEN,25,Mumbai
CLM0015495,MUM_03559,Thane,2015-08-14,20,0,0,0,0,0,0,0,0,0,0.0,0.338985,0,0.0,0,87,3,5,0.6686,0.0,GREEN,40,Mumbai
CLM0015496,MUM_07176,Ghatkopar,2017-09-20,20,0,1,1,0,1,0,0,1,0,0.0,0.037365,0,0.0,0,420,0,4,0.8654,0.1551,GREEN,43,Mumbai
CLM0015497,MUM_06923,Ghatkopar,2015-11-21,13,0,0,0,0,0,0,0,0,1,0.0,0.375337,0,0.0,0,234,2,0,0.9051,0.0673,GREEN,44,Mumbai
CLM0015498,MUM_00318,Thane,2021-10-15,13,0,0,0,0,0,0,0,0,0,0.0,0.283541,0,0.0,0,314,0,6,0.05,0.0939,GREEN,43,Mumbai
CLM0015499,MUM_08106,Ghatkopar,2022-03-27,8,0,0,0,0,0,0,0,0,0,0.0,0.983412,0,0.0,0,261,0,3,0.2787,0.0,GREEN,29,Mumbai
CLM0015500,MUM_07906,Powai,2024-02-26,12,0,0,0,0,0,0,0,0,0,0.0,0.059318,0,0.0,0,242,1,2,0.7953,0.0,GREEN,34,Mumbai
CLM0015501,MUM_04603,Ghatkopar,2022-06-16,19,0,0,0,0,0,0,0,0,0,1.0,0.417455,0,0.0,0,62,4,4,0.9648,0.043,GREEN,42,Mumbai
CLM0015502,MUM_07133,Bandra,2021-06-16,21,0,0,0,0,1,0,0,0,1,0.0,0.183301,0,0.0,0,150,2,0,0.6735,0.2157,GREEN,21,Mumbai
CLM0015503,MUM_05109,Borivali,2025-11-24,21,0,0,0,0,0,0,0,0,0,0.0,0.108112,0,0.0,0,6,3,4,0.0555,0.0239,GREEN,33,Mumbai
CLM0015504,MUM_05094,Andheri,2024-04-18,17,0,0,0,0,0,0,0,0,0,0.0,0.161211,0,0.0,0,420,2,1,0.7314,0.0,GREEN,52,Mumbai
CLM0015505,MUM_07339,Bandra,2021-09-28,13,0,0,0,0,0,0,0,0,0,0.0,0.373584,0,0.0,0,420,1,0,0.5173,0.0,GREEN,42,Mumbai
CLM0015506,MUM_05486,Vashi,2025-04-27,15,0,0,0,0,0,0,0,0,0,0.0,0.436427,0,0.0,0,420,0,4,0.9134,0.0,GREEN,55,Mumbai
CLM0015507,MUM_03452,Chembur,2024-06-29,18,0,0,0,0,0,0,0,0,0,0.0,0.374284,0,0.0,0,263,3,3,0.3535,0.0,GREEN,38,Mumbai
CLM0015508,MUM_00965,Dadar,2022-07-24,7,0,0,0,0,0,0,0,0,0,0.0,0.222571,0,0.0,0,282,3,1,0.8302,0.0977,GREEN,24,Mumbai
CLM0015509,MUM_07629,Thane,2022-08-04,8,0,0,0,0,0,0,0,0,0,0.0,0.366302,0,0.0,0,322,2,4,0.5439,0.0104,GREEN,59,Mumbai
CLM0015510,MUM_09787,Ghatkopar,2023-02-24,18,0,0,0,0,0,0,0,0,0,0.0,0.388943,0,0.0,0,355,3,1,0.9305,0.0039,GREEN,39,Mumbai
CLM0015511,MUM_05669,Thane,2023-07-29,19,0,0,0,0,0,0,0,0,0,0.0,0.285511,0,0.0,0,420,0,2,0.4662,0.0447,GREEN,40,Mumbai
CLM0015512,MUM_07528,Dadar,2023-11-03,21,0,0,0,0,0,0,1,0,0,0.0,0.431784,0,0.0,0,371,1,4,0.8579,0.0834,GREEN,60,Mumbai
CLM0015513,MUM_00294,Vashi,2024-12-23,12,0,0,0,1,0,0,0,0,0,0.0,0.377405,0,0.0,0,420,1,4,0.05,0.1078,GREEN,41,Mumbai
CLM0015514,MUM_05335,Vashi,2025-10-31,20,0,0,0,0,0,0,0,0,0,0.0,0.300192,0,0.0,0,96,1,0,0.567,0.0,GREEN,33,Mumbai
CLM0015515,MUM_03801,Powai,2020-06-09,13,0,0,0,0,0,0,0,0,0,0.0,0.206009,0,0.0,0,257,1,4,0.6273,0.0,GREEN,35,Mumbai
CLM0015516,MUM_09545,Powai,2022-07-03,18,0,0,0,0,0,0,0,0,1,0.0,0.267309,0,0.0,0,36,0,1,0.9218,0.1255,GREEN,49,Mumbai
CLM0015517,MUM_03481,Vashi,2025-07-08,18,0,0,0,0,0,0,0,0,0,0.0,0.173465,0,0.0,0,416,0,2,0.597,0.1236,GREEN,44,Mumbai
CLM0015518,MUM_07760,Powai,2020-07-29,20,0,0,0,0,0,0,0,0,0,1.0,0.042419,0,0.0,0,159,1,4,0.98,0.0139,GREEN,49,Mumbai
CLM0015519,MUM_05299,Powai,2022-05-19,17,0,1,1,0,0,0,0,0,0,0.0,0.25387,0,0.0,0,254,2,6,0.6319,0.0,GREEN,67,Mumbai
CLM0015520,MUM_08456,Lower Parel,2020-01-07,15,0,0,0,0,0,1,1,1,0,0.0,0.986235,1,1.0,1,5,0,18,0.9195,0.204,GREEN,47,Mumbai
CLM0015521,MUM_07016,Lower Parel,2021-04-19,20,0,0,0,0,0,0,1,0,0,0.0,0.14115,1,0.0,0,99,0,0,0.3124,0.0926,GREEN,18,Mumbai
CLM0015522,MUM_06104,Borivali,2022-05-15,13,0,0,0,0,0,0,0,0,0,0.0,0.40511,0,0.0,0,420,2,0,0.5624,0.0,GREEN,18,Mumbai
CLM0015523,MUM_00823,Andheri,2020-08-23,19,0,0,0,0,0,1,0,0,0,0.0,0.061978,0,1.0,1,77,2,1,0.9328,0.2169,GREEN,49,Mumbai
CLM0015524,MUM_03903,Dadar,2020-12-14,17,0,0,0,0,0,0,0,0,0,0.0,0.258747,0,0.0,0,378,3,3,0.5464,0.0,GREEN,43,Mumbai
CLM0015525,MUM_09572,Bandra,2023-09-12,14,0,0,0,0,0,0,0,0,0,0.0,1.0,0,0.0,0,268,2,0,0.7988,0.0581,GREEN,51,Mumbai
CLM0015526,MUM_05694,Lower Parel,2024-01-13,13,0,0,0,0,0,0,0,0,0,1.0,0.0,0,0.0,0,135,0,4,0.9277,0.0755,GREEN,38,Mumbai
CLM0015527,MUM_07308,Bandra,2024-07-02,18,0,0,0,0,0,0,0,0,0,0.0,0.017724,0,0.0,0,293,4,1,0.98,0.0088,GREEN,50,Mumbai
CLM0015528,MUM_08039,Chembur,2025-01-20,8,0,0,0,0,0,0,1,0,0,0.0,0.156488,0,0.0,0,420,4,1,0.7064,0.1051,GREEN,47,Mumbai
CLM0015529,MUM_00954,Ghatkopar,2025-08-19,9,0,0,0,0,0,0,0,1,0,0.0,0.207552,0,1.0,0,308,4,2,0.5311,0.2958,GREEN,31,Mumbai
CLM0015530,MUM_06442,Bandra,2024-04-14,9,0,0,0,1,0,0,1,1,0,0.0,0.955395,0,1.0,1,5,0,7,0.9187,0.0175,GREEN,44,Mumbai
CLM0015531,MUM_08309,Lower Parel,2021-11-24,13,0,0,0,0,0,0,0,0,0,0.0,0.349782,0,0.0,0,420,1,2,0.8514,0.008,GREEN,37,Mumbai
CLM0015532,MUM_05407,Lower Parel,2025-08-12,13,0,0,0,0,0,0,0,0,0,0.0,0.155749,0,0.0,0,154,4,0,0.9401,0.0,GREEN,39,Mumbai
CLM0015533,MUM_08883,Powai,2020-11-27,12,0,1,1,0,0,0,0,0,0,0.0,0.021736,0,0.0,0,146,3,4,0.6747,0.0,GREEN,21,Mumbai
CLM0015534,MUM_06849,Vashi,2024-11-20,10,0,0,0,0,0,0,1,0,0,0.0,0.127524,0,0.0,0,181,3,1,0.9267,0.1708,GREEN,49,Mumbai
CLM0015535,MUM_01703,Andheri,2024-10-04,8,0,0,0,0,0,0,0,0,0,0.0,0.021869,0,0.0,0,239,1,1,0.0959,0.0275,GREEN,40,Mumbai
CLM0015536,MUM_02280,Borivali,2023-03-07,15,0,0,0,0,0,0,0,1,0,0.0,0.006898,0,1.0,0,392,1,0,0.6924,0.2185,GREEN,50,Mumbai
CLM0015537,MUM_04133,Vashi,2023-02-07,17,0,0,0,0,0,0,0,0,0,0.0,0.088944,0,0.0,0,420,4,1,0.8434,0.0,GREEN,48,Mumbai
CLM0015538,MUM_04774,Ghatkopar,2023-12-06,19,0,0,0,0,0,0,0,0,0,0.0,0.314945,0,0.0,0,162,4,2,0.7566,0.0,GREEN,36,Mumbai
CLM0015539,MUM_07023,Thane,2020-10-21,18,0,0,0,0,0,0,0,0,0,0.0,0.364716,1,0.0,0,93,0,4,0.793,0.1397,GREEN,43,Mumbai
CLM0015540,MUM_01580,Ghatkopar,2022-06-23,20,0,1,1,1,0,1,1,1,0,1.0,0.909597,0,1.0,1,5,1,18,0.8305,0.0,GREEN,43,Mumbai
CLM0015541,MUM_08522,Andheri,2020-10-21,20,0,0,0,0,0,0,0,0,0,0.0,0.435672,0,0.0,0,386,2,3,0.7268,0.0132,GREEN,57,Mumbai
CLM0015542,MUM_03403,Powai,2023-12-12,15,0,0,0,0,0,1,0,1,0,0.0,0.2855,0,0.0,0,145,0,0,0.8806,0.2932,GREEN,52,Mumbai
CLM0015543,MUM_09778,Thane,2023-03-09,20,0,0,0,0,0,0,0,0,0,0.0,0.07555,0,1.0,0,158,3,4,0.98,0.0,GREEN,18,Mumbai
CLM0015544,MUM_08872,Lower Parel,2023-09-16,14,0,0,0,0,0,0,0,0,0,0.0,0.0,0,0.0,0,119,2,2,0.5847,0.0,GREEN,45,Mumbai
CLM0015545,MUM_08722,Powai,2023-08-04,21,0,0,0,0,0,0,0,0,0,0.0,0.23242,0,0.0,0,361,1,4,0.6349,0.0017,GREEN,46,Mumbai
CLM0015546,MUM_00399,Powai,2019-08-11,19,0,0,0,0,0,0,0,1,0,0.0,0.036277,0,0.0,0,406,1,2,0.8527,0.061,GREEN,37,Mumbai
CLM0015547,MUM_00047,Powai,2017-11-20,18,0,0,0,0,0,0,0,0,0,1.0,0.135255,0,0.0,0,57,2,5,0.7889,0.0561,GREEN,40,Mumbai
CLM0015548,MUM_03267,Bandra,2016-09-20,7,0,0,0,0,0,0,0,0,0,0.0,0.419153,0,0.0,0,192,3,2,0.1242,0.0,GREEN,50,Mumbai
CLM0015549,MUM_06823,Chembur,2020-06-16,16,0,1,1,0,0,0,0,0,1,0.0,0.170567,0,0.0,0,420,0,5,0.4407,0.1675,GREEN,36,Mumbai
CLM0015550,MUM_02003,Dadar,2018-02-17,13,0,0,0,0,0,0,0,0,0,0.0,0.0,0,0.0,0,276,0,1,0.1497,0.009,GREEN,25,Mumbai
CLM0015551,MUM_07313,Andheri,2020-03-02,16,0,0,0,0,0,1,0,0,0,1.0,0.396166,0,0.0,0,335,3,4,0.6863,0.1818,GREEN,45,Mumbai
CLM0015552,MUM_04525,Chembur,2023-10-12,8,0,0,0,0,0,0,0,0,0,0.0,0.090451,0,0.0,0,420,1,4,0.8504,0.0,GREEN,56,Mumbai
CLM0015553,MUM_07387,Ghatkopar,2025-12-10,18,0,0,0,0,0,0,0,0,0,0.0,0.137114,0,0.0,0,292,4,0,0.9348,0.006,GREEN,36,Mumbai
CLM0015554,MUM_06770,Andheri,2021-06-16,19,0,0,0,0,0,0,0,0,0,0.0,0.009766,0,0.0,0,420,2,2,0.9198,0.0,GREEN,47,Mumbai
CLM0015555,MUM_00724,Thane,2024-03-27,14,0,0,0,1,0,0,0,1,0,0.0,0.14438,0,0.0,0,232,3,7,0.25,0.2799,GREEN,48,Mumbai
CLM0015556,MUM_07096,Powai,2018-01-24,16,0,0,0,0,0,0,0,0,0,0.0,0.362571,0,0.0,0,420,1,3,0.6216,0.0,GREEN,45,Mumbai
CLM0015557,MUM_08424,Thane,2020-02-22,14,0,0,0,0,0,1,0,1,0,0.0,0.241051,0,0.0,0,285,2,2,0.7294,0.1916,GREEN,55,Mumbai
CLM0015558,MUM_07202,Andheri,2019-04-30,10,0,0,0,0,0,0,0,0,0,0.0,0.142455,0,0.0,0,132,2,0,0.8903,0.022,GREEN,37,Mumbai
CLM0015559,MUM_04209,Bandra,2025-02-15,8,0,0,0,0,0,0,1,0,0,0.0,0.072663,0,0.0,0,178,1,4,0.8668,0.0,GREEN,37,Mumbai
CLM0015560,MUM_09992,Powai,2018-11-15,20,0,1,1,0,0,0,0,0,0,0.0,0.074796,0,0.0,0,56,4,0,0.2215,0.1405,GREEN,18,Mumbai
CLM0015561,MUM_09225,Chembur,2024-12-05,16,0,0,0,1,0,1,1,0,0,1.0,0.225334,0,0.0,0,127,0,1,0.7901,0.331,YELLOW,53,Mumbai
CLM0015562,MUM_04525,Chembur,2021-05-21,19,0,0,0,0,0,0,0,0,0,0.0,0.992083,0,0.0,0,69,3,3,0.1334,0.0567,GREEN,56,Mumbai
CLM0015563,MUM_00237,Ghatkopar,2025-02-22,12,0,0,0,0,0,0,0,0,0,1.0,0.027504,0,0.0,0,5,1,0,0.8466,0.0883,GREEN,33,Mumbai
CLM0015564,MUM_09109,Chembur,2021-04-25,21,0,0,0,0,0,0,1,0,0,0.0,0.105818,0,0.0,0,420,1,1,0.8524,0.0658,GREEN,38,Mumbai
CLM0015565,MUM_03723,Borivali,2023-09-14,9,0,0,0,0,0,0,0,0,0,0.0,0.336552,1,0.0,0,269,2,6,0.6939,0.0167,GREEN,55,Mumbai
CLM0015566,MUM_01104,Chembur,2024-03-16,16,0,0,0,0,0,0,0,0,0,0.0,0.40383,0,0.0,1,388,4,0,0.98,0.0662,GREEN,47,Mumbai
CLM0015567,MUM_00116,Ghatkopar,2025-12-07,12,0,0,0,0,0,0,0,0,0,0.0,0.316955,0,0.0,0,313,2,6,0.808,0.0,GREEN,39,Mumbai
CLM0015568,MUM_05883,Chembur,2023-11-21,12,0,0,0,0,0,0,0,0,0,0.0,0.244605,0,0.0,0,420,2,0,0.7923,0.1308,GREEN,45,Mumbai
CLM0015569,MUM_07793,Thane,2023-01-12,15,0,0,0,0,0,0,0,0,0,0.0,0.355757,0,0.0,0,243,3,2,0.05,0.0247,GREEN,49,Mumbai
CLM0015570,MUM_06080,Lower Parel,2020-04-28,13,0,0,0,0,0,0,0,0,0,0.0,0.426025,0,0.0,0,420,0,0,0.1704,0.0,GREEN,47,Mumbai
CLM0015571,MUM_05874,Thane,2020-02-03,18,0,0,0,0,0,0,0,0,1,0.0,0.0,0,0.0,0,363,3,3,0.2734,0.1734,GREEN,45,Mumbai
CLM0015572,MUM_01488,Lower Parel,2018-12-06,11,0,0,0,0,0,0,0,0,0,1.0,0.079042,0,0.0,0,297,4,2,0.6127,0.0664,GREEN,55,Mumbai
CLM0015573,MUM_00580,Thane,2022-07-24,12,0,0,0,0,0,0,0,0,0,0.0,0.16335,0,0.0,0,357,2,2,0.1434,0.0,GREEN,38,Mumbai
CLM0015574,MUM_00454,Thane,2022-05-11,20,0,0,0,0,0,0,0,0,0,0.0,0.445625,0,1.0,1,420,3,2,0.98,0.1357,GREEN,59,Mumbai
CLM0015575,MUM_08272,Vashi,2023-05-28,12,0,0,0,0,0,0,0,0,0,0.0,0.397091,0,0.0,0,420,3,2,0.9078,0.0425,GREEN,50,Mumbai
CLM0015576,MUM_08360,Bandra,2023-03-26,17,0,0,0,0,0,1,0,0,0,0.0,0.364967,0,0.0,0,59,2,0,0.119,0.1349,GREEN,40,Mumbai
CLM0015577,MUM_01205,Vashi,2025-11-21,17,0,0,0,1,0,0,0,0,0,0.0,0.062728,0,0.0,0,186,0,4,0.5459,0.0957,GREEN,39,Mumbai
CLM0015578,MUM_09179,Vashi,2023-10-07,9,0,0,0,0,0,0,0,0,0,0.0,0.342705,0,0.0,0,128,3,1,0.4904,0.0,GREEN,47,Mumbai
CLM0015579,MUM_04448,Powai,2025-12-19,12,0,0,0,0,0,1,0,0,0,0.0,0.112508,0,0.0,0,161,0,4,0.5816,0.0987,GREEN,45,Mumbai
CLM0015580,MUM_07227,Bandra,2022-12-05,12,0,0,0,1,0,0,0,1,1,1.0,1.0,1,0.0,1,9,3,18,0.9488,0.0,GREEN,35,Mumbai
CLM0015581,MUM_08698,Vashi,2025-04-21,18,0,0,0,1,0,0,0,0,0,0.0,0.220524,0,0.0,0,420,0,1,0.6412,0.1629,GREEN,51,Mumbai
CLM0015582,MUM_00432,Bandra,2023-09-20,9,0,0,0,0,0,0,0,0,0,0.0,0.342241,0,0.0,0,323,0,2,0.7024,0.0826,GREEN,48,Mumbai
CLM0015583,MUM_04966,Chembur,2024-04-04,11,0,0,0,0,0,0,1,0,0,0.0,0.374154,0,0.0,0,344,2,4,0.4487,0.0767,GREEN,66,Mumbai
CLM0015584,MUM_08569,Lower Parel,2020-04-03,20,0,0,0,0,0,0,0,1,0,0.0,0.0,0,0.0,0,236,0,6,0.7723,0.0863,GREEN,44,Mumbai
CLM0015585,MUM_00064,Ghatkopar,2021-11-06,11,0,0,0,0,0,0,0,0,0,0.0,0.164404,0,0.0,1,77,2,2,0.98,0.0446,GREEN,20,Mumbai
CLM0015586,MUM_05112,Borivali,2021-02-26,16,0,1,1,0,0,0,0,0,0,0.0,0.19606,0,0.0,0,211,2,2,0.5339,0.0826,GREEN,41,Mumbai
CLM0015587,MUM_00504,Chembur,2023-06-22,18,0,0,0,0,0,0,0,0,0,0.0,0.063564,0,0.0,0,45,2,4,0.7017,0.1159,GREEN,40,Mumbai
CLM0015588,MUM_07705,Powai,2021-10-28,16,0,0,0,0,0,0,1,1,0,0.0,0.31109,0,0.0,0,357,2,2,0.6542,0.1967,GREEN,52,Mumbai
CLM0015589,MUM_02653,Vashi,2025-10-06,16,0,1,1,0,1,0,0,0,0,0.0,0.099126,0,0.0,0,420,3,3,0.7142,0.086,GREEN,30,Mumbai
CLM0015590,MUM_07271,Powai,2020-01-18,19,0,0,0,0,0,0,0,1,0,0.0,0.098427,0,0.0,0,23,2,0,0.6963,0.053,GREEN,63,Mumbai
CLM0015591,MUM_05647,Dadar,2023-05-20,18,0,0,0,0,0,0,0,0,1,0.0,0.133163,0,0.0,1,174,4,3,0.3214,0.1873,GREEN,18,Mumbai
CLM0015592,MUM_08275,Vashi,2025-09-12,10,0,0,0,0,0,0,1,0,0,0.0,0.949547,0,0.0,0,371,0,4,0.05,0.0048,GREEN,37,Mumbai
CLM0015593,MUM_09779,Bandra,2021-10-26,12,0,0,0,0,0,0,0,0,0,0.0,0.334187,0,0.0,0,55,4,0,0.8353,0.0993,GREEN,41,Mumbai
CLM0015594,MUM_04235,Dadar,2024-04-15,13,0,0,0,0,0,0,0,0,0,1.0,0.088232,0,0.0,0,202,1,1,0.4841,0.0725,GREEN,42,Mumbai
CLM0015595,MUM_04422,Borivali,2021-08-15,10,0,0,0,0,1,0,0,1,0,0.0,0.027369,0,0.0,0,420,1,5,0.8511,0.2488,GREEN,47,Mumbai
CLM0015596,MUM_06081,Lower Parel,2021-05-12,10,0,0,0,0,0,0,0,0,0,0.0,0.460584,0,0.0,0,306,4,0,0.9773,0.0025,GREEN,41,Mumbai
CLM0015597,MUM_02542,Ghatkopar,2024-08-10,14,0,0,0,0,0,0,0,0,0,0.0,0.246252,0,0.0,0,215,0,0,0.98,0.0,GREEN,61,Mumbai
CLM0015598,MUM_01052,Dadar,2021-05-08,20,0,0,0,0,0,0,0,0,0,0.0,0.099779,0,0.0,0,420,0,2,0.6169,0.1061,GREEN,38,Mumbai
CLM0015599,MUM_06492,Powai,2024-02-02,21,0,0,0,0,0,0,0,0,0,0.0,0.071732,0,0.0,0,413,0,0,0.8116,0.0,GREEN,48,Mumbai
CLM0015600,MUM_01309,Thane,2023-08-14,11,0,0,0,0,0,0,1,0,0,0.0,0.388631,0,0.0,0,236,1,0,0.6498,0.0,GREEN,45,Mumbai
CLM0015601,MUM_05723,Ghatkopar,2022-06-19,11,0,0,0,0,0,0,0,0,0,0.0,0.311131,0,0.0,0,331,4,3,0.6723,0.0325,GREEN,38,Mumbai
CLM0015602,MUM_02502,Vashi,2024-08-23,10,0,0,0,0,0,0,0,0,0,0.0,0.199546,0,0.0,0,420,0,3,0.05,0.0019,GREEN,55,Mumbai
CLM0015603,MUM_02032,Dadar,2018-12-13,7,0,1,1,1,1,1,1,0,1,1.0,0.971436,1,0.0,0,5,1,10,0.4163,0.7754,RED,55,Mumbai
CLM0015604,MUM_09138,Powai,2020-07-30,15,0,1,1,0,0,1,1,1,0,0.0,0.083593,0,0.0,1,40,2,18,0.98,0.3823,YELLOW,54,Mumbai
CLM0015605,MUM_00224,Borivali,2022-06-19,8,0,1,1,1,0,1,1,1,0,1.0,0.991293,0,1.0,1,5,1,18,0.9464,0.6206,RED,46,Mumbai
CLM0015606,MUM_07759,Thane,2024-10-31,14,0,1,1,0,0,0,0,1,0,0.0,0.154849,0,0.0,0,5,0,18,0.8675,0.3454,YELLOW,40,Mumbai
CLM0015607,MUM_09083,Ghatkopar,2022-11-08,10,0,1,1,1,1,0,1,0,0,0.0,0.939261,1,1.0,1,25,1,18,0.7836,0.4473,YELLOW,49,Mumbai
CLM0015608,MUM_05148,Powai,2020-04-23,11,0,1,1,1,1,0,1,1,1,1.0,0.964009,0,1.0,0,26,0,15,0.2224,0.753,RED,25,Mumbai
CLM0015609,MUM_04196,Thane,2021-04-13,7,0,1,1,1,0,1,1,0,0,1.0,0.394247,1,0.0,1,5,1,18,0.98,0.5215,YELLOW,31,Mumbai
CLM0015610,MUM_06033,Bandra,2025-06-15,16,0,0,0,0,0,0,0,0,0,0.0,0.0,0,1.0,0,233,2,0,0.5819,0.0839,GREEN,19,Mumbai
CLM0015611,MUM_08248,Dadar,2025-09-09,9,0,0,0,0,0,0,0,0,0,0.0,0.0,0,0.0,0,420,0,4,0.1382,0.0,GREEN,50,Mumbai
CLM0015612,MUM_04974,Powai,2024-09-08,17,0,0,0,0,0,0,0,0,0,1.0,0.100434,0,0.0,0,117,0,0,0.9507,0.0331,GREEN,40,Mumbai
CLM0015613,MUM_05840,Bandra,2025-08-06,13,0,0,0,0,0,0,0,0,0,0.0,0.085227,0,0.0,1,101,1,1,0.7695,0.1108,GREEN,47,Mumbai
CLM0015614,MUM_05619,Thane,2024-09-19,20,0,0,0,0,0,0,0,0,0,0.0,0.097034,0,0.0,0,420,3,3,0.9513,0.004,GREEN,39,Mumbai
CLM0015615,MUM_03756,Ghatkopar,2025-08-22,11,0,0,0,0,0,0,0,0,0,0.0,0.0,0,0.0,0,212,1,7,0.7603,0.0,GREEN,38,Mumbai
CLM0015616,MUM_08110,Thane,2024-07-02,8,0,0,0,0,0,0,0,0,0,0.0,0.144271,0,1.0,0,179,4,2,0.98,0.0459,GREEN,22,Mumbai
CLM0015617,MUM_04467,Borivali,2024-12-22,15,0,0,0,0,0,0,0,0,0,0.0,0.210405,0,0.0,0,38,2,1,0.4217,0.0,GREEN,45,Mumbai
CLM0015618,MUM_03245,Thane,2024-03-17,18,0,0,0,0,0,0,0,0,0,0.0,0.187694,0,0.0,0,86,0,3,0.7292,0.0,GREEN,43,Mumbai
CLM0015619,MUM_09776,Dadar,2024-08-10,11,0,0,0,0,0,0,0,0,0,0.0,0.236825,1,0.0,0,245,0,3,0.98,0.0,GREEN,33,Mumbai
CLM0015620,MUM_07954,Andheri,2024-05-06,7,0,0,0,0,1,0,0,1,0,0.0,0.99343,0,0.0,0,252,0,0,0.7883,0.2588,GREEN,51,Mumbai
CLM0015621,MUM_06605,Lower Parel,2024-11-13,12,0,0,0,0,0,0,0,0,0,0.0,0.378808,0,0.0,0,420,2,2,0.5402,0.0995,GREEN,62,Mumbai
CLM0015622,MUM_07096,Powai,2024-11-07,14,0,0,0,0,0,0,0,0,1,0.0,0.398943,0,0.0,0,28,0,3,0.0964,0.1653,GREEN,45,Mumbai
CLM0015623,MUM_09618,Bandra,2025-02-06,10,0,0,0,0,0,0,0,0,0,0.0,0.428122,0,0.0,1,45,2,0,0.5818,0.0218,GREEN,36,Mumbai
CLM0015624,MUM_04531,Vashi,2023-02-05,8,0,0,0,0,0,0,0,0,0,0.0,0.073714,0,0.0,0,420,2,3,0.2435,0.0034,GREEN,49,Mumbai
CLM0015625,MUM_05678,Andheri,2024-12-28,19,0,0,0,0,0,0,0,0,0,0.0,0.128723,0,0.0,0,72,2,4,0.606,0.0,GREEN,64,Mumbai
CLM0015626,MUM_01505,Ghatkopar,2022-12-17,9,0,0,0,0,0,0,0,0,0,1.0,0.31283,1,0.0,0,403,4,6,0.6274,0.1566,GREEN,41,Mumbai
CLM0015627,MUM_01960,Bandra,2021-01-02,21,0,0,0,1,0,0,0,1,0,1.0,1.0,0,1.0,0,240,1,1,0.7373,0.2467,GREEN,44,Mumbai
CLM0015628,MUM_00141,Bandra,2020-05-20,18,0,0,0,0,1,0,0,0,0,0.0,0.0,0,0.0,0,388,1,0,0.3037,0.2403,GREEN,46,Mumbai
CLM0015629,MUM_06368,Dadar,2025-05-27,21,0,0,0,0,0,0,0,0,0,0.0,0.038473,0,0.0,1,392,4,7,0.7009,0.0387,GREEN,29,Mumbai
CLM0015630,MUM_09208,Ghatkopar,2024-08-22,16,0,0,0,0,1,0,0,0,0,0.0,0.207176,0,1.0,0,235,2,6,0.6944,0.1969,GREEN,46,Mumbai
CLM0015631,MUM_06152,Chembur,2022-04-05,18,0,0,0,0,0,0,0,0,0,0.0,0.32135,0,0.0,0,268,0,2,0.6119,0.0438,GREEN,46,Mumbai
CLM0015632,MUM_08523,Powai,2022-09-23,10,0,0,0,0,0,0,0,0,0,0.0,0.987756,0,0.0,0,420,3,0,0.5789,0.0721,GREEN,42,Mumbai
CLM0015633,MUM_06483,Borivali,2025-05-14,9,0,0,0,0,0,0,0,0,0,1.0,0.309086,0,0.0,0,61,2,1,0.5701,0.1172,GREEN,44,Mumbai
CLM0015634,MUM_03975,Powai,2021-06-10,14,0,0,0,0,0,1,0,0,0,0.0,0.32282,0,0.0,0,225,1,2,0.5717,0.0906,GREEN,33,Mumbai
CLM0015635,MUM_07917,Dadar,2023-11-26,17,0,0,0,0,0,1,0,0,0,0.0,0.0,0,1.0,0,223,0,2,0.8286,0.0992,GREEN,28,Mumbai
CLM0015636,MUM_07064,Chembur,2025-01-04,9,0,0,0,0,0,0,0,0,0,0.0,0.18852,0,0.0,0,34,2,5,0.98,0.0682,GREEN,52,Mumbai
CLM0015637,MUM_00931,Andheri,2024-12-04,13,0,0,0,0,0,0,0,0,0,0.0,0.154438,0,0.0,0,420,3,3,0.7725,0.0346,GREEN,35,Mumbai
CLM0015638,MUM_04195,Vashi,2024-04-30,13,0,0,0,0,0,0,0,0,0,0.0,0.367937,0,1.0,0,233,3,7,0.8497,0.0,GREEN,32,Mumbai
CLM0015639,MUM_08346,Dadar,2024-08-22,11,0,0,0,0,0,0,0,0,0,0.0,0.348851,0,0.0,0,53,0,0,0.6149,0.0172,GREEN,28,Mumbai
CLM0015640,MUM_06835,Lower Parel,2024-07-23,11,0,0,0,0,0,0,0,0,0,0.0,0.261076,0,0.0,0,363,1,4,0.3628,0.0,GREEN,51,Mumbai
CLM0015641,MUM_01104,Chembur,2021-05-26,20,0,1,1,0,0,0,0,0,0,0.0,0.171348,0,0.0,0,204,1,4,0.5897,0.0,GREEN,47,Mumbai
CLM0015642,MUM_02985,Powai,2023-10-28,12,0,0,0,0,0,0,0,0,0,0.0,0.950975,0,0.0,0,109,1,3,0.7013,0.0,GREEN,21,Mumbai
CLM0015643,MUM_02000,Ghatkopar,2019-09-09,10,0,0,0,0,0,0,1,0,1,1.0,0.372466,0,0.0,0,237,1,2,0.7798,0.2526,GREEN,46,Mumbai
CLM0015644,MUM_06984,Borivali,2017-07-16,11,0,0,0,0,0,0,0,0,0,0.0,0.342952,0,0.0,0,327,3,5,0.8544,0.0,GREEN,44,Mumbai
CLM0015645,MUM_06631,Andheri,2019-03-31,18,0,0,0,0,0,0,0,0,0,0.0,0.2879,0,0.0,0,350,0,0,0.8975,0.0,GREEN,55,Mumbai
CLM0015646,MUM_09510,Andheri,2024-03-16,8,0,0,0,0,1,0,0,0,0,0.0,0.205438,0,1.0,0,420,3,3,0.5052,0.217,GREEN,35,Mumbai
CLM0015647,MUM_06617,Dadar,2018-01-04,10,0,0,0,0,0,0,0,0,0,0.0,0.073831,0,0.0,0,420,1,0,0.5704,0.0,GREEN,38,Mumbai
CLM0015648,MUM_05585,Bandra,2019-06-12,13,0,0,0,0,0,0,0,0,0,0.0,0.010842,0,0.0,0,41,3,3,0.98,0.0065,GREEN,28,Mumbai
CLM0015649,MUM_01031,Thane,2015-07-15,20,0,0,0,0,0,0,0,1,0,0.0,0.023163,0,0.0,0,48,3,3,0.6516,0.1739,GREEN,36,Mumbai
CLM0015650,MUM_02997,Dadar,2025-12-17,11,0,0,0,0,0,0,0,0,0,0.0,0.261788,0,1.0,0,261,0,4,0.98,0.1047,GREEN,20,Mumbai
CLM0015651,MUM_05701,Ghatkopar,2024-06-29,16,0,0,0,0,0,0,0,0,0,0.0,1.0,0,0.0,0,420,4,4,0.6775,0.0,GREEN,38,Mumbai
CLM0015652,MUM_00723,Lower Parel,2025-08-12,8,0,0,0,0,0,0,0,0,0,0.0,0.322847,0,0.0,0,381,3,4,0.2789,0.0,GREEN,43,Mumbai
CLM0015653,MUM_01066,Ghatkopar,2025-11-10,21,0,0,0,0,0,0,0,0,0,0.0,0.028436,0,0.0,0,288,3,1,0.8408,0.0331,GREEN,47,Mumbai
CLM0015654,MUM_09954,Thane,2024-09-02,11,0,1,1,0,1,1,0,0,0,0.0,0.107829,0,0.0,0,44,0,1,0.5915,0.1557,GREEN,38,Mumbai
CLM0015655,MUM_09025,Ghatkopar,2025-02-01,12,0,0,0,0,0,0,0,0,0,0.0,1.0,0,1.0,0,21,1,4,0.0537,0.0425,GREEN,52,Mumbai
CLM0015656,MUM_01594,Lower Parel,2024-11-13,11,0,0,0,0,0,0,0,0,0,0.0,0.369027,0,0.0,0,299,0,5,0.7479,0.1224,GREEN,48,Mumbai
CLM0015657,MUM_09774,Andheri,2025-02-15,18,0,0,0,0,0,0,0,0,0,1.0,0.342033,0,0.0,0,327,1,0,0.2789,0.0963,GREEN,33,Mumbai
CLM0015658,MUM_05101,Thane,2024-07-06,19,0,0,0,0,0,1,0,0,0,0.0,0.20433,0,0.0,0,420,0,0,0.6272,0.0917,GREEN,34,Mumbai
CLM0015659,MUM_02563,Dadar,2025-08-21,20,0,0,0,0,0,0,1,0,0,0.0,0.162631,0,0.0,0,330,3,0,0.3292,0.053,GREEN,42,Mumbai
CLM0015660,MUM_00556,Dadar,2020-10-05,18,0,0,0,0,0,0,0,0,0,1.0,0.199277,0,0.0,0,420,1,4,0.7648,0.0936,GREEN,36,Mumbai
CLM0015661,MUM_08961,Dadar,2023-07-14,18,0,0,0,0,0,0,0,0,0,0.0,0.102918,0,0.0,0,136,0,2,0.5562,0.0,GREEN,46,Mumbai
CLM0015662,MUM_07122,Chembur,2018-03-30,9,0,0,0,0,0,0,0,1,0,0.0,0.044183,0,0.0,1,89,1,3,0.1055,0.1314,GREEN,42,Mumbai
CLM0015663,MUM_08338,Vashi,2018-04-01,8,0,0,0,0,0,0,0,0,0,0.0,0.148917,0,0.0,0,126,0,1,0.6342,0.0139,GREEN,60,Mumbai
CLM0015664,MUM_00182,Vashi,2023-01-13,16,0,0,0,0,0,0,0,0,0,0.0,0.035256,0,0.0,0,162,3,2,0.77,0.0334,GREEN,45,Mumbai
CLM0015665,MUM_02090,Lower Parel,2017-09-25,8,0,0,0,0,0,0,0,1,0,1.0,0.219945,0,0.0,0,420,0,4,0.0637,0.2243,GREEN,53,Mumbai
CLM0015666,MUM_02873,Lower Parel,2023-09-30,9,0,0,0,0,0,0,0,0,0,1.0,1.0,0,0.0,0,420,0,3,0.9011,0.1638,GREEN,45,Mumbai
CLM0015667,MUM_09212,Borivali,2024-04-30,16,0,0,0,0,0,0,0,0,0,0.0,0.321545,0,0.0,0,151,3,0,0.4787,0.0458,GREEN,18,Mumbai
CLM0015668,MUM_06020,Powai,2024-05-31,12,0,0,0,0,0,0,0,0,0,0.0,0.181849,0,0.0,0,165,1,4,0.8551,0.0,GREEN,44,Mumbai
CLM0015669,MUM_05049,Borivali,2020-11-14,14,0,0,0,0,0,0,0,0,0,0.0,0.335222,0,0.0,0,64,3,0,0.7914,0.1121,GREEN,48,Mumbai
CLM0015670,MUM_09354,Dadar,2022-09-22,21,0,0,0,0,0,0,0,0,1,0.0,0.507197,0,0.0,0,297,3,3,0.7034,0.072,GREEN,33,Mumbai
CLM0015671,MUM_09808,Thane,2024-07-25,15,0,0,0,0,0,1,0,0,1,0.0,0.076813,0,0.0,0,420,2,0,0.5693,0.1333,GREEN,46,Mumbai
CLM0015672,MUM_09611,Ghatkopar,2018-03-20,18,0,0,0,0,0,0,0,0,0,0.0,0.13487,0,0.0,0,133,0,3,0.2918,0.0136,GREEN,35,Mumbai
CLM0015673,MUM_00989,Ghatkopar,2020-01-04,10,0,0,0,0,0,0,0,0,0,0.0,0.092336,0,0.0,0,420,1,4,0.6411,0.0399,GREEN,43,Mumbai
CLM0015674,MUM_06155,Thane,2023-04-15,15,0,0,0,0,1,0,0,0,0,1.0,0.303504,0,0.0,0,420,1,0,0.4694,0.0991,GREEN,18,Mumbai
CLM0015675,MUM_09743,Borivali,2025-10-05,13,0,0,0,0,0,0,0,0,0,1.0,0.979356,0,1.0,0,215,4,0,0.7845,0.0208,GREEN,49,Mumbai
CLM0015676,MUM_00468,Ghatkopar,2023-08-29,15,0,0,0,0,0,1,0,0,0,0.0,0.006527,0,0.0,0,20,0,1,0.6387,0.1064,GREEN,43,Mumbai
CLM0015677,MUM_04116,Ghatkopar,2020-12-10,20,0,0,0,0,0,1,0,0,0,0.0,0.0,0,0.0,0,363,4,4,0.5401,0.0649,GREEN,55,Mumbai
CLM0015678,MUM_03893,Borivali,2025-10-15,11,0,0,0,0,0,0,1,0,0,0.0,0.231906,0,0.0,1,220,0,3,0.513,0.2801,GREEN,22,Mumbai
CLM0015679,MUM_03093,Chembur,2020-05-26,9,0,0,0,0,0,0,1,0,0,0.0,0.328447,0,0.0,0,420,3,1,0.6162,0.1387,GREEN,40,Mumbai
CLM0015680,MUM_02020,Dadar,2023-05-30,14,0,0,0,1,0,0,0,0,1,1.0,0.073951,0,1.0,1,27,1,18,0.2752,0.0561,GREEN,40,Mumbai
CLM0015681,MUM_04155,Ghatkopar,2019-01-26,14,0,1,1,0,0,0,0,0,0,0.0,0.126357,0,0.0,0,293,1,0,0.9383,0.0166,GREEN,60,Mumbai
CLM0015682,MUM_06885,Lower Parel,2022-04-27,17,0,0,0,0,0,0,0,0,0,0.0,0.223687,0,0.0,0,91,2,2,0.6997,0.0,GREEN,58,Mumbai
CLM0015683,MUM_02629,Bandra,2018-07-05,13,0,0,0,0,0,0,0,0,0,0.0,0.173284,0,0.0,0,420,2,1,0.8055,0.0124,GREEN,43,Mumbai
CLM0015684,MUM_09354,Dadar,2023-09-01,20,0,0,0,0,0,0,1,0,0,0.0,0.032821,0,0.0,0,268,1,0,0.9223,0.0,GREEN,33,Mumbai
CLM0015685,MUM_06954,Ghatkopar,2020-07-05,15,0,0,0,0,0,0,0,0,0,0.0,0.152375,0,0.0,0,408,4,5,0.9594,0.0578,GREEN,38,Mumbai
CLM0015686,MUM_09028,Ghatkopar,2022-05-16,15,0,0,0,0,0,0,0,0,0,0.0,0.239577,0,1.0,0,220,4,2,0.632,0.0,GREEN,36,Mumbai
CLM0015687,MUM_06191,Thane,2025-09-08,15,0,0,0,0,0,0,0,0,0,0.0,0.449619,0,0.0,0,389,0,6,0.98,0.0,GREEN,46,Mumbai
CLM0015688,MUM_03514,Thane,2022-04-14,19,0,0,0,0,0,0,0,0,0,0.0,0.106542,0,0.0,0,56,1,0,0.8894,0.077,GREEN,51,Mumbai
CLM0015689,MUM_04226,Thane,2025-07-24,20,0,0,0,0,0,0,0,0,0,0.0,0.190443,0,0.0,0,330,1,0,0.6581,0.0003,GREEN,24,Mumbai
CLM0015690,MUM_00022,Vashi,2025-06-09,14,0,0,0,0,0,0,0,0,0,0.0,0.377323,0,0.0,0,420,4,0,0.8918,0.0,GREEN,61,Mumbai
CLM0015691,MUM_00859,Borivali,2022-10-28,12,0,0,0,0,0,0,1,0,0,0.0,0.369883,0,0.0,0,178,2,1,0.98,0.0,GREEN,44,Mumbai
CLM0015692,MUM_07695,Lower Parel,2022-04-06,9,0,0,0,1,1,0,1,1,1,1.0,0.87665,0,1.0,0,5,2,17,0.2543,0.0,GREEN,46,Mumbai
CLM0015693,MUM_00919,Chembur,2023-11-07,8,0,0,0,0,0,0,0,1,0,1.0,0.934807,0,0.0,0,420,1,0,0.5051,0.0727,GREEN,21,Mumbai
CLM0015694,MUM_06036,Borivali,2020-12-07,7,0,1,1,0,0,0,0,0,0,0.0,0.008494,0,0.0,0,144,1,2,0.4226,0.0597,GREEN,35,Mumbai
CLM0015695,MUM_04295,Bandra,2020-12-31,19,0,0,0,1,0,1,1,1,1,0.0,0.172134,0,0.0,1,9,2,18,0.8415,0.0945,GREEN,48,Mumbai
CLM0015696,MUM_01970,Dadar,2021-06-14,14,0,0,0,0,0,0,1,0,0,0.0,0.056071,0,0.0,0,354,2,4,0.2234,0.0165,GREEN,43,Mumbai
CLM0015697,MUM_02894,Lower Parel,2023-03-06,7,0,0,0,0,0,0,0,0,0,0.0,0.159614,0,1.0,0,153,3,5,0.6301,0.0459,GREEN,58,Mumbai
CLM0015698,MUM_09898,Thane,2020-07-07,19,0,0,0,0,0,1,0,0,0,0.0,0.374023,0,0.0,0,65,1,3,0.7349,0.1022,GREEN,53,Mumbai
CLM0015699,MUM_01573,Powai,2024-11-24,9,0,0,0,0,0,0,0,0,0,0.0,0.104492,0,0.0,0,420,1,0,0.7211,0.0984,GREEN,25,Mumbai
CLM0015700,MUM_03416,Dadar,2022-12-24,10,0,0,0,0,0,1,0,0,0,0.0,0.325133,0,0.0,0,280,4,0,0.9777,0.0541,GREEN,45,Mumbai
CLM0015701,MUM_07359,Borivali,2020-02-27,21,0,0,0,0,0,0,0,0,0,0.0,0.134285,0,0.0,0,204,4,0,0.5952,0.0327,GREEN,56,Mumbai
CLM0015702,MUM_08460,Ghatkopar,2018-02-14,13,0,0,0,0,0,0,0,0,0,0.0,0.0,0,0.0,0,420,2,1,0.98,0.0587,GREEN,55,Mumbai
CLM0015703,MUM_05076,Vashi,2020-08-30,15,0,0,0,0,0,0,0,0,0,0.0,0.306928,0,0.0,1,420,4,4,0.8193,0.0898,GREEN,57,Mumbai
CLM0015704,MUM_00375,Borivali,2023-03-15,14,0,0,0,0,0,0,0,1,0,0.0,1.0,0,0.0,0,258,3,0,0.7662,0.0,GREEN,52,Mumbai
CLM0015705,MUM_04689,Bandra,2022-12-02,13,0,0,0,0,0,0,0,0,1,0.0,0.320799,0,0.0,0,5,4,0,0.8967,0.0695,GREEN,52,Mumbai
CLM0015706,MUM_04183,Bandra,2021-02-19,21,0,1,1,0,0,1,0,0,0,0.0,0.359926,0,0.0,0,420,0,0,0.6665,0.0981,GREEN,45,Mumbai
CLM0015707,MUM_03611,Ghatkopar,2020-08-13,18,0,0,0,1,1,0,1,1,1,0.0,0.114264,1,0.0,0,8,1,18,0.9348,0.0,GREEN,26,Mumbai
CLM0015708,MUM_01149,Ghatkopar,2024-01-29,18,0,0,0,0,0,0,0,0,0,0.0,0.117018,0,0.0,0,126,1,2,0.3555,0.0776,GREEN,51,Mumbai
CLM0015709,MUM_00310,Lower Parel,2024-08-25,8,0,0,0,0,0,0,0,0,0,0.0,0.16225,0,0.0,0,420,3,4,0.05,0.0053,GREEN,36,Mumbai
CLM0015710,MUM_00397,Powai,2024-07-18,21,0,1,1,0,0,0,0,0,0,1.0,0.137309,0,0.0,0,298,2,3,0.9334,0.1151,GREEN,20,Mumbai
CLM0015711,MUM_09880,Bandra,2022-05-14,21,0,0,0,0,0,0,0,0,0,0.0,0.0,0,0.0,0,89,4,0,0.7059,0.0026,GREEN,51,Mumbai
CLM0015712,MUM_05726,Vashi,2021-03-09,21,0,0,0,0,0,0,0,0,0,0.0,0.948247,0,0.0,0,294,1,0,0.798,0.0322,GREEN,41,Mumbai
CLM0015713,MUM_05622,Andheri,2020-08-27,7,0,0,0,0,0,0,0,0,0,0.0,0.244014,0,0.0,0,195,2,2,0.98,0.1399,GREEN,61,Mumbai
CLM0015714,MUM_06362,Bandra,2025-10-31,12,0,0,0,0,0,0,0,0,0,0.0,0.118441,0,0.0,0,234,4,0,0.9371,0.0178,GREEN,27,Mumbai
CLM0015715,MUM_03358,Ghatkopar,2025-11-05,19,0,0,0,1,1,0,0,0,1,0.0,0.215786,0,0.0,0,5,2,18,0.2274,0.0,GREEN,47,Mumbai
CLM0015716,MUM_03042,Chembur,2025-07-10,13,0,1,1,0,0,0,0,0,1,0.0,0.934618,0,0.0,1,368,2,2,0.7024,0.1388,GREEN,46,Mumbai
CLM0015717,MUM_09156,Chembur,2022-05-14,14,0,0,0,0,0,0,0,0,0,0.0,0.050437,0,0.0,0,138,2,3,0.6649,0.0,GREEN,49,Mumbai
CLM0015718,MUM_08555,Bandra,2023-05-04,21,0,0,0,0,0,0,0,0,0,0.0,0.0,0,0.0,0,82,4,0,0.98,0.0292,GREEN,23,Mumbai
CLM0015719,MUM_00414,Ghatkopar,2022-07-26,7,0,0,0,0,0,0,0,0,0,0.0,0.028224,0,0.0,1,420,4,2,0.1386,0.033,GREEN,39,Mumbai
CLM0015720,MUM_06755,Bandra,2021-11-02,17,0,0,0,0,0,0,0,0,1,0.0,0.318681,0,0.0,1,200,0,0,0.2425,0.0626,GREEN,23,Mumbai
CLM0015721,MUM_09165,Chembur,2023-02-11,17,0,0,0,0,0,0,0,0,0,0.0,0.0,0,0.0,0,222,3,5,0.6872,0.0623,GREEN,55,Mumbai
CLM0015722,MUM_01224,Chembur,2025-10-16,21,0,0,0,0,0,0,0,1,1,0.0,0.326003,0,0.0,0,177,1,5,0.8938,0.24,GREEN,37,Mumbai
CLM0015723,MUM_03537,Andheri,2023-10-15,13,0,0,0,0,0,0,0,0,0,0.0,0.234163,0,0.0,0,117,1,3,0.8749,0.0,GREEN,58,Mumbai
CLM0015724,MUM_09528,Andheri,2025-05-29,19,0,0,0,0,0,0,1,0,1,1.0,1.0,0,1.0,0,307,1,1,0.5553,0.3488,YELLOW,56,Mumbai
CLM0015725,MUM_00190,Borivali,2024-12-07,14,0,1,1,0,0,0,0,0,0,0.0,0.384294,0,0.0,0,162,1,4,0.5651,0.0,GREEN,60,Mumbai
CLM0015726,MUM_03968,Vashi,2023-07-14,16,0,0,0,0,0,0,0,0,0,0.0,0.32778,0,0.0,0,163,1,3,0.5751,0.0,GREEN,39,Mumbai
CLM0015727,MUM_08293,Thane,2023-09-05,19,0,0,0,0,0,0,0,1,0,0.0,0.024941,0,0.0,0,302,1,4,0.7221,0.1082,GREEN,55,Mumbai
CLM0015728,MUM_00383,Vashi,2022-03-07,16,0,0,0,0,0,0,0,0,0,1.0,0.347498,0,0.0,0,420,1,1,0.8844,0.033,GREEN,44,Mumbai
CLM0015729,MUM_08285,Ghatkopar,2019-03-19,12,0,0,0,1,0,1,0,1,1,1.0,0.17461,0,0.0,1,5,0,18,0.1013,0.0197,GREEN,34,Mumbai
CLM0015730,MUM_09674,Ghatkopar,2022-09-05,7,0,0,0,0,0,0,0,0,0,0.0,0.207152,0,0.0,0,198,4,0,0.5625,0.0,GREEN,31,Mumbai
CLM0015731,MUM_09760,Andheri,2015-11-27,19,0,0,0,0,0,0,0,0,0,0.0,0.0376,0,0.0,0,324,0,1,0.6856,0.0102,GREEN,41,Mumbai
CLM0015732,MUM_00371,Chembur,2021-08-06,20,0,0,0,1,0,0,0,0,0,0.0,0.288979,0,0.0,0,32,3,3,0.6633,0.309,GREEN,57,Mumbai
CLM0015733,MUM_01724,Bandra,2024-02-15,10,0,0,0,0,0,0,0,0,0,0.0,0.267397,0,0.0,0,420,2,0,0.6068,0.0121,GREEN,40,Mumbai
CLM0015734,MUM_06650,Borivali,2020-02-05,8,0,0,0,0,0,0,0,0,0,0.0,0.25889,0,0.0,0,263,0,0,0.81,0.0142,GREEN,27,Mumbai
CLM0015735,MUM_06003,Bandra,2016-02-21,16,0,0,0,0,0,1,0,0,0,0.0,0.317681,0,1.0,0,352,0,2,0.7661,0.0931,GREEN,30,Mumbai
CLM0015736,MUM_08189,Bandra,2023-11-18,10,0,0,0,0,0,0,0,0,0,0.0,0.065587,0,0.0,0,170,3,7,0.1165,0.0,GREEN,48,Mumbai
CLM0015737,MUM_02304,Dadar,2018-07-27,21,0,0,0,0,0,0,0,0,0,0.0,0.37613,0,0.0,0,121,0,3,0.8536,0.0089,GREEN,45,Mumbai
CLM0015738,MUM_00164,Dadar,2016-01-06,12,0,0,0,0,0,1,0,0,0,0.0,0.09114,1,0.0,0,420,4,3,0.98,0.2148,GREEN,52,Mumbai
CLM0015739,MUM_02269,Andheri,2021-06-11,9,0,0,0,0,0,1,0,0,0,0.0,0.167353,0,0.0,0,405,3,0,0.7827,0.0,GREEN,41,Mumbai
CLM0015740,MUM_01267,Borivali,2021-09-28,10,0,0,0,0,0,0,0,0,0,0.0,0.018195,0,0.0,0,237,1,3,0.9282,0.0565,GREEN,40,Mumbai
CLM0015741,MUM_06121,Powai,2023-05-19,17,0,0,0,0,0,0,0,0,0,0.0,0.944372,0,0.0,0,214,0,1,0.7966,0.0,GREEN,24,Mumbai
CLM0015742,MUM_03823,Dadar,2025-03-23,20,0,0,0,0,0,0,0,0,0,0.0,0.355759,0,0.0,0,420,4,6,0.6171,0.0438,GREEN,23,Mumbai
CLM0015743,MUM_05363,Borivali,2022-02-21,9,0,0,0,0,0,0,1,0,0,0.0,0.131972,0,0.0,0,116,3,3,0.222,0.0723,GREEN,47,Mumbai
CLM0015744,MUM_02981,Andheri,2022-11-26,10,0,0,0,0,0,0,0,0,0,1.0,0.902399,0,1.0,0,128,1,3,0.6581,0.0,GREEN,47,Mumbai
CLM0015745,MUM_04056,Lower Parel,2022-05-28,16,0,0,0,0,0,0,0,1,0,1.0,0.319164,0,0.0,0,420,0,0,0.922,0.1378,GREEN,33,Mumbai
CLM0015746,MUM_06243,Ghatkopar,2021-03-14,21,0,0,0,0,0,0,0,0,0,0.0,0.099251,0,0.0,0,420,0,3,0.7166,0.0128,GREEN,32,Mumbai
CLM0015747,MUM_09562,Vashi,2025-06-17,14,0,1,1,0,0,0,1,0,0,0.0,0.198165,0,0.0,0,330,0,5,0.4511,0.0464,GREEN,39,Mumbai
CLM0015748,MUM_06582,Thane,2025-03-07,14,0,1,1,0,1,0,0,0,1,0.0,0.257908,0,0.0,0,22,3,2,0.7498,0.2206,GREEN,31,Mumbai
CLM0015749,MUM_00786,Vashi,2024-08-28,20,0,0,0,0,0,0,0,0,0,0.0,1.0,0,0.0,0,263,3,0,0.6621,0.0,GREEN,30,Mumbai
CLM0015750,MUM_09989,Thane,2021-09-26,20,0,0,0,0,0,0,0,0,0,0.0,0.173296,0,0.0,0,361,1,0,0.8039,0.0257,GREEN,44,Mumbai
CLM0015751,MUM_02818,Chembur,2017-10-15,12,0,0,0,0,0,0,0,1,0,0.0,0.212757,0,0.0,0,420,0,0,0.7882,0.1053,GREEN,24,Mumbai
CLM0015752,MUM_01343,Powai,2015-07-29,21,0,0,0,0,0,0,0,0,0,0.0,0.0,0,0.0,0,378,2,0,0.5402,0.0021,GREEN,28,Mumbai
CLM0015753,MUM_00308,Andheri,2022-05-06,15,0,0,0,0,0,0,0,0,0,0.0,0.267197,0,0.0,1,143,2,4,0.709,0.2232,GREEN,61,Mumbai
CLM0015754,MUM_01558,Chembur,2022-07-12,10,0,0,0,0,0,0,0,0,0,0.0,0.277819,0,0.0,0,236,2,0,0.737,0.0,GREEN,50,Mumbai
CLM0015755,MUM_04548,Ghatkopar,2021-01-12,8,0,0,0,0,0,0,0,0,0,0.0,0.177252,0,0.0,0,324,4,6,0.98,0.0728,GREEN,51,Mumbai
CLM0015756,MUM_03146,Ghatkopar,2024-01-16,14,0,0,0,0,0,0,0,0,0,0.0,0.090101,0,0.0,0,278,2,6,0.8668,0.0038,GREEN,39,Mumbai
CLM0015757,MUM_02067,Andheri,2024-04-01,16,0,0,0,0,0,0,1,0,0,0.0,0.236703,0,0.0,0,31,3,0,0.7441,0.0,GREEN,46,Mumbai
CLM0015758,MUM_06146,Chembur,2024-10-11,7,0,0,0,0,0,0,0,0,0,0.0,0.182508,0,0.0,0,35,0,6,0.5886,0.0,GREEN,34,Mumbai
CLM0015759,MUM_00652,Dadar,2023-12-10,7,0,0,0,0,0,0,0,0,0,1.0,0.269761,0,0.0,0,206,0,2,0.9637,0.0187,GREEN,40,Mumbai
CLM0015760,MUM_02330,Andheri,2025-04-22,12,0,0,0,0,0,0,0,1,0,0.0,0.00377,0,0.0,1,362,1,6,0.98,0.1563,GREEN,61,Mumbai
CLM0015761,MUM_03581,Chembur,2020-12-02,10,0,0,0,0,0,0,0,0,0,0.0,0.418993,0,0.0,0,414,3,2,0.7598,0.0425,GREEN,20,Mumbai
CLM0015762,MUM_09878,Vashi,2022-11-29,21,0,0,0,0,0,0,1,0,0,0.0,0.015121,0,1.0,1,359,0,0,0.8501,0.0837,GREEN,58,Mumbai
CLM0015763,MUM_04206,Powai,2022-04-07,8,0,0,0,0,0,0,0,0,0,1.0,0.186936,0,0.0,0,309,2,2,0.7733,0.0746,GREEN,56,Mumbai
CLM0015764,MUM_02536,Bandra,2022-04-04,7,0,0,0,0,0,0,0,0,0,0.0,0.085165,0,0.0,0,59,1,2,0.8928,0.0,GREEN,38,Mumbai
CLM0015765,MUM_07771,Chembur,2021-12-02,7,0,0,0,0,0,0,0,0,0,1.0,0.991288,0,1.0,0,369,3,5,0.1793,0.0383,GREEN,53,Mumbai
CLM0015766,MUM_04544,Vashi,2025-09-17,18,0,0,0,0,0,1,0,0,0,0.0,0.125462,0,0.0,0,17,4,0,0.9168,0.1022,GREEN,38,Mumbai
CLM0015767,MUM_00283,Andheri,2022-03-29,8,0,0,0,0,0,0,0,0,0,0.0,0.070104,0,0.0,0,213,4,1,0.8663,0.0,GREEN,48,Mumbai
CLM0015768,MUM_01451,Thane,2024-04-06,21,0,0,0,1,0,0,0,0,0,0.0,0.49165,0,0.0,0,174,2,0,0.9429,0.1731,GREEN,41,Mumbai
CLM0015769,MUM_09854,Andheri,2023-10-12,14,0,0,0,0,1,0,0,0,0,0.0,0.31904,0,0.0,0,415,3,4,0.98,0.1948,GREEN,54,Mumbai
CLM0015770,MUM_00402,Lower Parel,2023-10-11,11,0,0,0,0,1,0,0,0,0,1.0,0.242684,0,0.0,0,315,0,2,0.6588,0.2026,GREEN,45,Mumbai
CLM0015771,MUM_04384,Ghatkopar,2023-04-28,8,0,0,0,0,0,0,0,0,0,0.0,0.932981,0,0.0,1,379,4,3,0.05,0.0,GREEN,27,Mumbai
CLM0015772,MUM_04242,Vashi,2024-01-16,21,0,0,0,0,0,0,0,0,0,0.0,0.523237,0,0.0,0,250,1,0,0.6274,0.0,GREEN,47,Mumbai
CLM0015773,MUM_07390,Lower Parel,2024-06-30,10,0,0,0,0,0,1,0,0,0,0.0,0.243314,0,1.0,0,244,1,6,0.6207,0.0461,GREEN,36,Mumbai
CLM0015774,MUM_00303,Borivali,2025-04-09,16,0,0,0,0,0,0,0,0,0,0.0,1.0,0,0.0,0,235,0,6,0.0837,0.0253,GREEN,49,Mumbai
CLM0015775,MUM_04382,Vashi,2024-03-21,14,0,0,0,0,1,0,0,0,1,0.0,0.316236,0,0.0,0,75,0,1,0.1855,0.2556,GREEN,49,Mumbai
CLM0015776,MUM_05778,Dadar,2025-04-27,15,0,0,0,0,0,0,0,0,0,0.0,0.358031,0,0.0,0,368,4,2,0.5685,0.0214,GREEN,43,Mumbai
CLM0015777,MUM_00747,Andheri,2024-03-31,18,0,0,0,0,0,0,0,0,0,1.0,0.457271,0,0.0,0,175,0,4,0.05,0.0536,GREEN,37,Mumbai
CLM0015778,MUM_02753,Andheri,2025-07-20,13,0,0,0,0,0,0,0,0,0,0.0,0.025359,0,0.0,0,101,1,4,0.6597,0.0,GREEN,43,Mumbai
CLM0015779,MUM_09269,Lower Parel,2024-08-02,11,0,0,0,0,0,0,0,0,0,0.0,0.484865,0,0.0,0,287,0,5,0.98,0.049,GREEN,37,Mumbai
CLM0015780,MUM_09553,Lower Parel,2025-08-07,9,0,0,0,1,0,1,0,0,0,0.0,0.30173,0,0.0,0,260,3,2,0.5621,0.2729,GREEN,33,Mumbai
CLM0015781,MUM_02101,Vashi,2023-12-19,12,0,0,0,0,0,0,0,0,0,0.0,1.0,0,0.0,0,310,2,2,0.641,0.0,GREEN,60,Mumbai
CLM0015782,MUM_05246,Andheri,2024-01-04,13,0,0,0,0,0,0,0,0,0,0.0,0.205164,0,0.0,0,299,2,1,0.6767,0.0,GREEN,53,Mumbai
CLM0015783,MUM_02504,Andheri,2024-05-17,10,0,0,0,0,0,0,0,0,0,0.0,0.987882,0,0.0,0,395,3,0,0.7882,0.093,GREEN,31,Mumbai
CLM0015784,MUM_09651,Lower Parel,2024-03-10,17,0,0,0,0,0,1,0,0,0,0.0,0.239199,0,0.0,0,167,4,1,0.9134,0.1201,GREEN,40,Mumbai
CLM0015785,MUM_03849,Thane,2025-07-28,7,0,0,0,0,0,0,0,0,0,0.0,0.219693,0,0.0,0,201,4,1,0.4678,0.0,GREEN,46,Mumbai
CLM0015786,MUM_02330,Andheri,2022-05-27,18,0,0,0,0,0,0,0,0,0,0.0,0.178832,0,0.0,0,111,4,1,0.1578,0.0,GREEN,61,Mumbai
CLM0015787,MUM_06466,Ghatkopar,2022-01-18,21,0,0,0,0,0,0,0,0,0,1.0,0.897939,0,1.0,1,118,0,0,0.8843,0.1446,GREEN,43,Mumbai
CLM0015788,MUM_01389,Lower Parel,2019-03-05,9,0,0,0,0,0,1,0,0,0,0.0,1.0,0,0.0,0,420,3,1,0.8012,0.2072,GREEN,54,Mumbai
CLM0015789,MUM_06730,Powai,2018-07-05,20,0,0,0,0,0,1,0,0,0,0.0,0.266993,0,0.0,0,23,3,2,0.7136,0.2767,GREEN,50,Mumbai
CLM0015790,MUM_07088,Bandra,2022-02-24,10,0,0,0,0,0,0,0,0,0,0.0,0.276426,0,0.0,0,58,3,4,0.5773,0.0115,GREEN,50,Mumbai
CLM0015791,MUM_07853,Dadar,2018-09-01,7,0,0,0,0,0,0,0,0,0,0.0,0.27558,1,0.0,0,219,3,0,0.9113,0.0301,GREEN,44,Mumbai
CLM0015792,MUM_01877,Vashi,2021-11-10,11,0,0,0,0,0,1,0,1,0,0.0,0.043963,0,0.0,0,280,0,2,0.6621,0.3634,YELLOW,53,Mumbai
CLM0015793,MUM_09015,Chembur,2016-11-25,15,0,0,0,0,0,0,0,0,1,1.0,0.005247,0,0.0,0,307,2,3,0.9304,0.1786,GREEN,42,Mumbai
CLM0015794,MUM_05345,Lower Parel,2025-07-29,13,0,0,0,0,0,0,0,0,0,0.0,0.154362,0,0.0,0,420,1,3,0.9767,0.0,GREEN,41,Mumbai
CLM0015795,MUM_00326,Vashi,2023-12-12,7,0,0,0,0,1,0,1,1,1,1.0,0.958011,0,1.0,1,21,3,17,0.0694,0.0089,GREEN,48,Mumbai
CLM0015796,MUM_04005,Dadar,2025-04-05,8,0,0,0,0,0,0,0,0,1,0.0,0.268122,0,0.0,0,90,4,4,0.8016,0.1499,GREEN,30,Mumbai
CLM0015797,MUM_03821,Chembur,2025-09-04,12,0,0,0,0,0,0,0,0,0,0.0,0.977971,0,0.0,0,417,0,3,0.8603,0.1121,GREEN,41,Mumbai
CLM0015798,MUM_05178,Andheri,2025-01-16,18,0,0,0,1,1,1,0,0,1,1.0,0.463363,0,0.0,1,13,4,18,0.9057,0.2073,GREEN,40,Mumbai
CLM0015799,MUM_04685,Ghatkopar,2022-03-06,21,0,0,0,0,0,0,0,0,0,0.0,0.127609,0,0.0,0,68,3,1,0.2071,0.0,GREEN,36,Mumbai
CLM0015800,MUM_04196,Thane,2025-11-04,8,0,0,0,0,1,0,0,0,0,0.0,0.0,0,0.0,0,391,3,4,0.9585,0.1306,GREEN,31,Mumbai
CLM0015801,MUM_09574,Vashi,2024-08-18,12,0,0,0,0,0,0,0,0,0,0.0,0.348158,0,0.0,0,210,3,3,0.98,0.0,GREEN,52,Mumbai
CLM0015802,MUM_06602,Powai,2017-03-13,17,0,0,0,0,0,0,0,0,0,0.0,0.109381,0,0.0,0,420,2,1,0.784,0.0313,GREEN,44,Mumbai
CLM0015803,MUM_01799,Borivali,2023-07-17,11,0,0,0,0,0,1,0,0,0,0.0,0.0,0,0.0,0,203,0,1,0.283,0.0711,GREEN,41,Mumbai
CLM0015804,MUM_02068,Thane,2019-10-08,18,0,0,0,0,0,0,0,1,0,0.0,0.233024,0,0.0,0,208,4,6,0.5617,0.1223,GREEN,37,Mumbai
CLM0015805,MUM_00779,Bandra,2019-04-24,17,0,0,0,0,0,0,1,0,1,1.0,0.090709,0,0.0,0,62,0,4,0.8682,0.0691,GREEN,41,Mumbai
CLM0015806,MUM_08982,Lower Parel,2017-08-31,20,0,0,0,0,1,0,1,0,0,0.0,0.173754,0,1.0,0,420,2,5,0.4711,0.1081,GREEN,31,Mumbai
CLM0015807,MUM_03972,Borivali,2021-04-03,7,0,0,0,0,0,0,0,0,0,0.0,0.021281,0,0.0,0,420,4,5,0.9085,0.0307,GREEN,40,Mumbai
CLM0015808,MUM_02750,Dadar,2025-05-29,20,0,0,0,0,0,1,0,0,0,0.0,0.230239,0,0.0,0,420,3,1,0.1715,0.1423,GREEN,34,Mumbai
CLM0015809,MUM_09357,Andheri,2017-05-24,13,0,0,0,0,0,0,0,1,0,0.0,1.0,0,0.0,0,70,1,5,0.05,0.0368,GREEN,48,Mumbai
CLM0015810,MUM_08437,Ghatkopar,2021-10-28,9,0,0,0,0,0,0,0,0,0,0.0,0.23931,0,0.0,0,420,3,0,0.98,0.0664,GREEN,58,Mumbai
CLM0015811,MUM_09597,Andheri,2021-07-15,12,0,0,0,0,0,0,0,0,0,0.0,0.26265,0,0.0,0,103,0,0,0.6086,0.0528,GREEN,30,Mumbai
CLM0015812,MUM_02580,Andheri,2023-01-25,12,0,0,0,0,0,1,0,0,0,0.0,0.385806,0,0.0,0,58,1,4,0.5244,0.0706,GREEN,50,Mumbai
CLM0015813,MUM_05756,Lower Parel,2015-07-28,10,0,0,0,0,0,0,0,1,0,0.0,0.197909,0,0.0,0,126,3,1,0.9129,0.0244,GREEN,48,Mumbai
CLM0015814,MUM_04629,Andheri,2020-02-28,20,0,0,0,0,0,0,0,0,0,0.0,0.0,0,0.0,0,392,3,0,0.5562,0.0,GREEN,27,Mumbai
CLM0015815,MUM_07657,Andheri,2018-08-02,18,0,0,0,1,0,0,0,0,0,0.0,0.092538,1,0.0,0,97,1,1,0.706,0.2629,GREEN,46,Mumbai
CLM0015816,MUM_08494,Borivali,2022-03-25,16,0,0,0,0,0,0,0,0,0,0.0,0.183121,0,0.0,0,318,0,4,0.7256,0.0174,GREEN,56,Mumbai
CLM0015817,MUM_02445,Borivali,2021-11-16,9,0,0,0,0,0,0,0,0,0,0.0,0.315489,0,0.0,0,162,2,0,0.0775,0.0,GREEN,43,Mumbai
CLM0015818,MUM_06687,Andheri,2023-07-19,11,0,0,0,0,0,0,0,0,0,0.0,0.262047,0,0.0,0,142,2,3,0.6358,0.0433,GREEN,58,Mumbai
CLM0015819,MUM_07440,Dadar,2021-11-28,17,0,0,0,0,0,1,0,0,0,1.0,0.108523,0,0.0,0,106,1,3,0.98,0.2106,GREEN,37,Mumbai
CLM0015820,MUM_03189,Andheri,2022-10-06,12,0,1,1,0,1,0,0,0,0,0.0,1.0,0,0.0,0,420,1,4,0.8816,0.0847,GREEN,44,Mumbai
CLM0015821,MUM_02373,Bandra,2020-12-02,11,0,0,0,0,0,0,0,0,0,0.0,0.206986,0,0.0,0,366,4,1,0.0561,0.0,GREEN,44,Mumbai
CLM0015822,MUM_08627,Vashi,2020-12-30,19,0,0,0,0,0,0,0,1,0,0.0,0.128514,0,0.0,0,93,4,4,0.5164,0.0114,GREEN,38,Mumbai
CLM0015823,MUM_05984,Chembur,2021-06-14,13,0,0,0,0,0,0,0,0,0,0.0,1.0,0,0.0,0,420,2,2,0.867,0.0,GREEN,44,Mumbai
CLM0015824,MUM_04808,Andheri,2025-04-04,19,0,0,0,0,0,0,0,0,0,0.0,0.138915,0,0.0,0,403,1,5,0.7334,0.04,GREEN,23,Mumbai
CLM0015825,MUM_00728,Bandra,2023-09-04,11,0,0,0,1,1,0,0,0,1,1.0,0.99717,1,1.0,0,29,2,18,0.2965,0.0412,GREEN,31,Mumbai
CLM0015826,MUM_05757,Bandra,2022-04-29,16,0,0,0,0,0,0,0,0,0,1.0,0.98985,0,0.0,0,214,1,4,0.6287,0.1214,GREEN,28,Mumbai
CLM0015827,MUM_04190,Lower Parel,2025-07-06,18,0,0,0,0,1,0,0,0,0,0.0,0.160929,0,0.0,0,318,3,3,0.9062,0.0678,GREEN,61,Mumbai
CLM0015828,MUM_02881,Powai,2025-01-06,9,0,0,0,0,0,0,0,0,0,0.0,0.122915,0,0.0,0,227,4,2,0.4753,0.0296,GREEN,47,Mumbai
CLM0015829,MUM_09246,Chembur,2021-04-05,13,0,0,0,0,0,0,0,0,0,0.0,0.071185,0,0.0,0,11,1,1,0.7396,0.0,GREEN,27,Mumbai
CLM0015830,MUM_00405,Lower Parel,2023-05-25,20,0,0,0,0,0,0,0,0,0,0.0,0.204204,0,0.0,1,160,1,0,0.9397,0.1127,GREEN,21,Mumbai
CLM0015831,MUM_01137,Vashi,2025-04-16,13,0,1,1,0,0,1,1,0,0,0.0,0.268153,1,0.0,0,223,4,0,0.9464,0.1147,GREEN,54,Mumbai
CLM0015832,MUM_07394,Dadar,2025-12-02,19,0,0,0,0,0,0,0,0,0,1.0,0.177554,0,0.0,0,420,4,3,0.6364,0.1445,GREEN,43,Mumbai
CLM0015833,MUM_01688,Chembur,2025-03-18,14,0,0,0,0,0,0,0,0,0,1.0,1.0,0,1.0,0,211,4,1,0.8176,0.0,GREEN,53,Mumbai
CLM0015834,MUM_08069,Chembur,2019-09-04,21,0,0,0,1,0,0,0,0,0,0.0,0.165882,0,0.0,0,420,0,5,0.5883,0.1614,GREEN,38,Mumbai
CLM0015835,MUM_00862,Dadar,2021-07-22,19,0,0,0,0,0,0,0,0,1,0.0,0.238085,0,0.0,1,343,3,3,0.6663,0.1796,GREEN,53,Mumbai
CLM0015836,MUM_01965,Chembur,2025-01-08,7,0,0,0,0,0,0,0,0,0,0.0,0.428012,0,0.0,0,142,0,4,0.7569,0.0,GREEN,34,Mumbai
CLM0015837,MUM_05683,Andheri,2025-09-27,8,0,1,1,0,0,0,0,0,0,0.0,0.209473,0,0.0,0,420,3,3,0.9442,0.0,GREEN,50,Mumbai
CLM0015838,MUM_00447,Chembur,2020-11-02,11,0,0,0,1,0,0,1,0,0,0.0,0.273191,0,0.0,0,27,4,0,0.8453,0.2714,GREEN,58,Mumbai
CLM0015839,MUM_09892,Dadar,2025-12-28,17,0,0,0,0,0,0,0,0,0,0.0,0.991571,0,0.0,0,237,0,0,0.8871,0.0361,GREEN,39,Mumbai
CLM0015840,MUM_05690,Powai,2025-12-22,8,0,0,0,0,0,0,0,0,0,0.0,0.157229,0,0.0,0,420,4,3,0.5908,0.0198,GREEN,46,Mumbai
CLM0015841,MUM_07472,Dadar,2021-04-24,19,0,0,0,0,0,0,0,0,0,0.0,1.0,0,0.0,0,420,0,4,0.3357,0.0,GREEN,44,Mumbai
CLM0015842,MUM_00876,Ghatkopar,2025-08-13,14,0,0,0,0,0,0,0,1,0,0.0,0.035285,0,0.0,0,420,3,4,0.8181,0.0966,GREEN,52,Mumbai
CLM0015843,MUM_02437,Chembur,2023-10-25,18,0,0,0,0,0,0,0,0,0,0.0,0.132756,0,0.0,0,307,1,3,0.9243,0.0,GREEN,42,Mumbai
CLM0015844,MUM_05074,Lower Parel,2024-05-03,13,0,0,0,0,0,1,0,1,0,0.0,0.486917,0,0.0,0,45,4,9,0.98,0.2601,GREEN,42,Mumbai
CLM0015845,MUM_06187,Ghatkopar,2025-01-13,14,0,0,0,0,0,0,0,0,0,0.0,0.158024,0,0.0,0,76,1,2,0.9414,0.0524,GREEN,44,Mumbai
CLM0015846,MUM_07190,Vashi,2022-11-09,9,0,0,0,0,0,0,0,0,0,0.0,0.431804,0,0.0,0,420,1,3,0.98,0.039,GREEN,49,Mumbai
CLM0015847,MUM_07118,Powai,2023-09-02,12,0,0,0,0,0,0,0,0,0,0.0,0.0,0,0.0,0,72,2,0,0.7255,0.0,GREEN,43,Mumbai
CLM0015848,MUM_08590,Powai,2025-11-16,10,0,0,0,0,0,1,0,0,0,0.0,0.122911,0,0.0,0,128,3,1,0.7958,0.1622,GREEN,37,Mumbai
CLM0015849,MUM_02442,Borivali,2023-01-19,17,0,0,0,0,0,0,0,0,0,0.0,0.093214,0,0.0,0,90,1,5,0.98,0.0134,GREEN,46,Mumbai
CLM0015850,MUM_00725,Andheri,2022-09-11,15,0,0,0,0,0,1,1,0,0,0.0,0.013179,0,0.0,0,340,0,3,0.7931,0.1637,GREEN,58,Mumbai
CLM0015851,MUM_02158,Vashi,2024-06-15,8,0,0,0,0,0,0,0,0,0,0.0,0.023428,0,0.0,0,159,1,4,0.5707,0.0229,GREEN,37,Mumbai
CLM0015852,MUM_06098,Thane,2024-10-12,18,0,0,0,0,0,0,0,1,0,0.0,0.250359,0,0.0,0,334,2,7,0.7663,0.0244,GREEN,51,Mumbai
CLM0015853,MUM_01887,Lower Parel,2025-09-15,10,0,0,0,0,0,0,0,0,0,0.0,0.158268,0,0.0,0,420,2,1,0.7401,0.0346,GREEN,19,Mumbai
CLM0015854,MUM_00348,Vashi,2024-05-28,21,0,0,0,0,0,0,0,0,0,0.0,0.400265,0,0.0,0,57,2,3,0.5331,0.1107,GREEN,38,Mumbai
CLM0015855,MUM_03180,Vashi,2022-04-27,7,0,0,0,0,0,0,0,0,0,0.0,0.334816,0,0.0,0,324,0,5,0.5629,0.0,GREEN,48,Mumbai
CLM0015856,MUM_03894,Lower Parel,2021-07-12,12,0,0,0,0,0,0,0,1,0,1.0,1.0,0,1.0,0,69,0,3,0.7597,0.0699,GREEN,39,Mumbai
CLM0015857,MUM_03098,Dadar,2021-02-08,17,0,0,0,0,0,0,0,0,0,0.0,0.344297,0,0.0,0,385,1,2,0.8918,0.0552,GREEN,44,Mumbai
CLM0015858,MUM_05854,Thane,2025-06-28,20,0,0,0,0,0,0,0,0,0,0.0,0.050811,0,0.0,0,420,1,2,0.5611,0.0115,GREEN,49,Mumbai
CLM0015859,MUM_05496,Powai,2024-09-02,10,0,0,0,0,0,0,0,0,1,0.0,0.967013,0,0.0,0,420,2,3,0.98,0.1013,GREEN,57,Mumbai
CLM0015860,MUM_02939,Lower Parel,2023-11-22,11,0,0,0,0,0,0,0,0,0,0.0,0.200015,0,0.0,0,229,1,4,0.7333,0.0,GREEN,56,Mumbai
CLM0015861,MUM_03107,Dadar,2022-08-18,12,0,0,0,0,0,0,0,0,0,0.0,0.146965,0,0.0,0,57,2,0,0.4907,0.0309,GREEN,43,Mumbai
CLM0015862,MUM_00404,Dadar,2022-09-23,17,0,0,0,0,0,0,0,1,0,0.0,0.245547,0,0.0,0,420,2,1,0.8464,0.1728,GREEN,36,Mumbai
CLM0015863,MUM_04968,Chembur,2017-12-29,14,0,1,1,0,0,0,0,0,0,0.0,0.068697,0,0.0,0,286,1,5,0.7714,0.0,GREEN,47,Mumbai
CLM0015864,MUM_06871,Lower Parel,2018-06-22,16,0,0,0,1,0,0,0,0,0,0.0,0.278974,0,0.0,0,82,2,5,0.05,0.1797,GREEN,44,Mumbai
CLM0015865,MUM_07855,Thane,2025-11-22,15,0,0,0,0,0,0,0,0,0,0.0,0.196238,0,0.0,0,309,4,1,0.98,0.0475,GREEN,35,Mumbai
CLM0015866,MUM_00925,Borivali,2017-11-23,15,0,0,0,1,0,0,0,0,0,0.0,0.220724,0,0.0,0,309,2,4,0.8016,0.1119,GREEN,39,Mumbai
CLM0015867,MUM_01304,Bandra,2025-02-04,11,0,0,0,0,0,0,0,0,0,0.0,0.126826,0,0.0,0,367,2,7,0.6539,0.0,GREEN,51,Mumbai
CLM0015868,MUM_00806,Thane,2016-10-07,18,0,0,0,0,0,0,0,0,0,0.0,0.25592,0,0.0,0,337,1,2,0.657,0.0,GREEN,38,Mumbai
CLM0015869,MUM_00131,Vashi,2024-12-05,10,0,0,0,0,0,0,0,0,0,0.0,0.258945,0,0.0,0,145,0,0,0.8711,0.0709,GREEN,54,Mumbai
CLM0015870,MUM_04950,Chembur,2023-08-30,15,0,0,0,0,0,0,0,0,0,1.0,0.07448,0,0.0,0,115,4,3,0.6747,0.0555,GREEN,41,Mumbai
CLM0015871,MUM_04294,Dadar,2018-10-31,14,0,0,0,0,0,0,0,0,0,0.0,0.09758,0,0.0,0,279,4,3,0.1117,0.0305,GREEN,32,Mumbai
CLM0015872,MUM_01877,Vashi,2024-11-03,14,0,0,0,0,0,0,0,0,0,0.0,0.270413,0,0.0,0,420,0,1,0.6491,0.1031,GREEN,53,Mumbai
CLM0015873,MUM_08026,Dadar,2025-05-17,7,0,0,0,0,0,0,0,0,0,0.0,0.218577,0,0.0,0,188,4,4,0.98,0.0315,GREEN,29,Mumbai
CLM0015874,MUM_04253,Ghatkopar,2016-06-30,14,0,0,0,0,0,0,1,0,1,0.0,0.101629,0,0.0,0,420,0,3,0.7366,0.1533,GREEN,47,Mumbai
CLM0015875,MUM_07918,Dadar,2020-11-26,13,0,0,0,0,0,0,1,0,0,0.0,0.210301,0,0.0,0,179,2,0,0.6573,0.0409,GREEN,37,Mumbai
CLM0015876,MUM_03143,Borivali,2015-11-11,17,0,0,0,0,1,0,0,0,0,0.0,0.281459,0,0.0,0,393,0,5,0.4568,0.0728,GREEN,56,Mumbai
CLM0015877,MUM_00340,Bandra,2021-12-11,21,0,1,1,0,0,0,0,0,0,0.0,0.299842,0,0.0,0,62,4,3,0.576,0.0146,GREEN,37,Mumbai
CLM0015878,MUM_04190,Lower Parel,2024-06-10,10,0,1,1,0,0,1,0,0,0,0.0,0.26958,0,0.0,0,271,2,0,0.6866,0.0407,GREEN,61,Mumbai
CLM0015879,MUM_01678,Vashi,2019-06-13,14,0,0,0,0,0,1,0,0,0,0.0,0.174267,0,0.0,0,196,0,2,0.7724,0.0808,GREEN,38,Mumbai
CLM0015880,MUM_04208,Bandra,2022-08-11,14,0,0,0,0,0,0,0,1,0,0.0,0.174023,0,0.0,0,41,2,3,0.98,0.1291,GREEN,48,Mumbai
CLM0015881,MUM_01716,Powai,2020-05-11,18,0,0,0,0,0,0,0,0,0,0.0,0.324871,0,0.0,0,357,2,2,0.4471,0.0,GREEN,27,Mumbai
CLM0015882,MUM_05381,Chembur,2024-07-16,18,0,0,0,0,0,0,0,0,0,0.0,0.260555,0,0.0,0,196,2,2,0.98,0.0,GREEN,22,Mumbai
CLM0015883,MUM_00742,Thane,2022-10-16,8,0,0,0,0,1,0,0,1,0,0.0,0.0,0,0.0,0,223,4,3,0.5489,0.2119,GREEN,22,Mumbai
CLM0015884,MUM_01629,Borivali,2017-03-08,18,0,0,0,0,0,0,0,0,0,0.0,0.965758,0,0.0,0,168,4,5,0.98,0.0201,GREEN,41,Mumbai
CLM0015885,MUM_00222,Chembur,2017-05-17,13,0,0,0,0,0,0,0,0,1,0.0,0.315604,0,0.0,0,420,3,0,0.4967,0.0735,GREEN,60,Mumbai
CLM0015886,MUM_02501,Thane,2025-09-25,21,0,0,0,0,0,0,0,0,0,0.0,0.961026,0,0.0,0,178,1,4,0.7693,0.0534,GREEN,33,Mumbai
CLM0015887,MUM_08220,Borivali,2025-07-20,14,0,0,0,0,0,0,0,0,0,0.0,0.21854,0,0.0,0,261,0,2,0.8149,0.0618,GREEN,48,Mumbai
CLM0015888,MUM_07585,Dadar,2025-12-02,19,0,0,0,0,0,0,0,0,0,0.0,0.971638,0,0.0,0,160,0,0,0.5939,0.0321,GREEN,66,Mumbai
CLM0015889,MUM_06022,Chembur,2023-06-29,10,0,0,0,0,0,0,0,1,0,0.0,0.041748,0,0.0,0,420,1,2,0.8908,0.0702,GREEN,58,Mumbai
CLM0015890,MUM_01289,Thane,2022-10-30,15,0,0,0,0,0,0,0,0,0,0.0,0.121718,0,0.0,0,99,2,3,0.9186,0.0747,GREEN,51,Mumbai
CLM0015891,MUM_03789,Lower Parel,2024-02-08,8,0,0,0,0,0,0,0,1,0,0.0,0.0,0,1.0,0,329,4,5,0.7366,0.1225,GREEN,47,Mumbai
CLM0015892,MUM_01191,Andheri,2025-06-24,18,0,0,0,1,1,1,1,0,1,0.0,0.03654,0,1.0,1,5,4,18,0.1592,0.1213,GREEN,51,Mumbai
CLM0015893,MUM_05769,Thane,2025-09-02,12,0,0,0,0,0,0,0,0,0,0.0,0.0,0,0.0,0,338,4,0,0.7385,0.0,GREEN,48,Mumbai
CLM0015894,MUM_01003,Powai,2022-11-19,18,0,0,0,1,0,0,1,1,0,0.0,0.3585,0,0.0,0,331,4,4,0.3456,0.3845,YELLOW,18,Mumbai
CLM0015895,MUM_03948,Chembur,2023-04-18,9,0,0,0,0,0,0,0,0,0,1.0,0.163524,0,0.0,0,288,4,0,0.7241,0.1046,GREEN,38,Mumbai
CLM0015896,MUM_02059,Lower Parel,2023-02-05,20,0,0,0,0,0,1,1,1,0,0.0,0.244481,0,0.0,0,134,4,4,0.6103,0.2672,GREEN,55,Mumbai
CLM0015897,MUM_05144,Dadar,2023-06-25,18,0,0,0,0,0,0,0,0,0,0.0,0.305906,0,0.0,0,335,1,0,0.6336,0.0242,GREEN,32,Mumbai
CLM0015898,MUM_05734,Lower Parel,2025-03-14,13,0,0,0,0,0,0,0,0,0,0.0,0.000631,0,0.0,0,420,3,6,0.4677,0.0,GREEN,26,Mumbai
CLM0015899,MUM_08724,Chembur,2023-10-23,18,0,0,0,0,0,0,0,0,0,0.0,0.281607,0,0.0,0,70,3,5,0.8328,0.0261,GREEN,42,Mumbai
CLM0015900,MUM_04809,Ghatkopar,2025-04-04,21,0,0,0,0,0,0,0,0,0,0.0,0.180818,0,1.0,0,42,0,6,0.5887,0.0874,GREEN,45,Mumbai
CLM0015901,MUM_07948,Chembur,2025-11-02,11,0,0,0,0,0,0,0,1,0,0.0,1.0,0,0.0,0,369,2,4,0.8027,0.1789,GREEN,37,Mumbai
CLM0015902,MUM_09562,Vashi,2023-09-21,21,0,0,0,0,0,0,0,0,0,0.0,0.343075,0,0.0,0,14,4,0,0.1799,0.0,GREEN,39,Mumbai
CLM0015903,MUM_01653,Chembur,2023-11-18,14,0,0,0,0,0,0,0,0,0,0.0,0.150443,0,0.0,0,90,3,4,0.6415,0.0,GREEN,44,Mumbai
CLM0015904,MUM_08162,Dadar,2025-08-20,19,1,0,0,0,0,0,0,0,0,0.0,0.099364,0,0.0,0,420,0,4,0.7779,0.0,GREEN,47,Mumbai
CLM0015905,MUM_02751,Chembur,2025-05-08,7,0,0,0,0,0,0,1,0,0,1.0,0.418076,0,0.0,0,307,3,2,0.5914,0.2153,GREEN,36,Mumbai
CLM0015906,MUM_09997,Lower Parel,2023-04-28,10,0,0,0,0,0,0,0,0,0,0.0,1.0,0,0.0,0,411,1,0,0.8161,0.0737,GREEN,41,Mumbai
CLM0015907,MUM_08541,Thane,2024-07-31,21,0,0,0,0,0,0,0,0,0,0.0,0.267993,0,0.0,0,420,2,0,0.5515,0.0077,GREEN,45,Mumbai
CLM0015908,MUM_05677,Vashi,2024-01-15,14,0,0,0,0,0,0,0,0,0,0.0,0.075067,0,0.0,0,308,1,5,0.7552,0.0,GREEN,35,Mumbai
CLM0015909,MUM_00615,Bandra,2023-02-20,13,0,0,0,0,0,0,0,0,0,0.0,0.213131,0,0.0,0,170,3,6,0.98,0.0036,GREEN,50,Mumbai
CLM0015910,MUM_06457,Ghatkopar,2023-11-17,16,0,0,0,0,0,0,0,0,0,0.0,1.0,0,0.0,0,420,2,0,0.5065,0.0357,GREEN,49,Mumbai
CLM0015911,MUM_03507,Lower Parel,2025-11-22,11,0,0,0,0,0,0,0,0,0,0.0,0.0,0,0.0,0,420,3,2,0.6461,0.0,GREEN,35,Mumbai
CLM0015912,MUM_06401,Ghatkopar,2024-04-30,13,0,0,0,0,0,0,0,0,0,0.0,0.000599,0,0.0,0,339,0,5,0.05,0.0125,GREEN,18,Mumbai
CLM0015913,MUM_05456,Lower Parel,2021-12-06,17,0,0,0,0,0,0,0,0,0,0.0,0.209206,0,0.0,0,420,2,0,0.8615,0.0,GREEN,36,Mumbai
CLM0015914,MUM_05378,Chembur,2022-05-25,20,0,0,0,1,1,0,0,0,1,0.0,0.211247,0,0.0,0,17,0,18,0.2269,0.0,GREEN,53,Mumbai
CLM0015915,MUM_07396,Borivali,2022-12-23,7,0,0,0,0,0,0,1,0,1,1.0,1.0,0,0.0,1,39,1,18,0.4644,0.0364,GREEN,40,Mumbai
CLM0015916,MUM_07882,Lower Parel,2023-09-06,21,0,0,0,0,0,0,0,1,0,1.0,0.014552,0,0.0,0,27,1,0,0.7904,0.202,GREEN,34,Mumbai
CLM0015917,MUM_06365,Chembur,2023-12-05,12,0,0,0,0,0,0,0,0,0,0.0,0.345573,0,0.0,0,322,4,0,0.835,0.0,GREEN,40,Mumbai
CLM0015918,MUM_06554,Lower Parel,2025-06-05,12,0,1,1,0,0,0,0,1,0,1.0,0.004848,0,0.0,0,420,1,3,0.9592,0.1817,GREEN,54,Mumbai
CLM0015919,MUM_08102,Bandra,2025-04-12,21,0,1,1,0,0,0,0,0,0,1.0,0.971911,1,0.0,0,172,0,3,0.7267,0.0827,GREEN,54,Mumbai
CLM0015920,MUM_03370,Ghatkopar,2025-08-13,11,0,0,0,0,0,0,0,0,1,0.0,0.35147,0,0.0,0,92,3,4,0.5035,0.1163,GREEN,37,Mumbai
CLM0015921,MUM_04432,Powai,2024-04-30,13,0,0,0,0,0,0,0,0,0,0.0,0.341632,0,0.0,0,357,1,1,0.1629,0.0,GREEN,37,Mumbai
CLM0015922,MUM_01164,Powai,2024-11-08,15,0,0,0,0,0,0,0,0,0,1.0,0.273739,0,0.0,0,13,4,2,0.1767,0.0245,GREEN,60,Mumbai
CLM0015923,MUM_08810,Andheri,2024-04-09,20,0,0,0,0,0,0,0,0,0,0.0,0.159957,0,0.0,0,292,1,1,0.725,0.047,GREEN,39,Mumbai
CLM0015924,MUM_02176,Ghatkopar,2023-04-03,16,0,0,0,0,0,0,0,0,0,0.0,0.125698,0,0.0,0,52,1,1,0.8195,0.0,GREEN,34,Mumbai
CLM0015925,MUM_04825,Borivali,2023-10-03,8,0,0,0,0,0,0,0,1,0,0.0,0.290534,0,0.0,0,69,3,0,0.98,0.093,GREEN,27,Mumbai
CLM0015926,MUM_08706,Vashi,2021-09-05,9,0,0,0,0,0,0,0,0,0,0.0,0.0,0,0.0,0,296,4,5,0.1394,0.0582,GREEN,47,Mumbai
CLM0015927,MUM_00749,Powai,2021-06-25,13,0,0,0,0,0,0,0,1,0,0.0,0.0,1,0.0,0,420,4,0,0.8578,0.1157,GREEN,18,Mumbai
CLM0015928,MUM_04208,Bandra,2022-09-25,7,0,0,0,0,0,1,0,1,0,0.0,0.091734,0,0.0,0,410,2,3,0.7725,0.1524,GREEN,48,Mumbai
CLM0015929,MUM_05278,Dadar,2025-05-08,20,0,0,0,0,0,0,0,0,0,0.0,0.35225,0,0.0,0,339,0,3,0.4581,0.0025,GREEN,45,Mumbai
CLM0015930,MUM_06568,Vashi,2019-02-21,11,0,0,0,0,0,0,0,0,0,0.0,0.428576,0,0.0,0,142,4,2,0.7075,0.0098,GREEN,61,Mumbai
CLM0015931,MUM_03008,Thane,2018-02-17,12,0,0,0,0,0,0,0,0,0,0.0,0.328774,0,0.0,0,238,1,1,0.5714,0.0,GREEN,48,Mumbai
CLM0015932,MUM_04138,Ghatkopar,2019-02-24,12,0,0,0,0,1,0,0,0,0,0.0,0.060265,1,0.0,0,108,4,1,0.8667,0.1586,GREEN,48,Mumbai
CLM0015933,MUM_02625,Ghatkopar,2020-05-15,12,0,0,0,0,0,0,0,0,0,0.0,1.0,0,0.0,0,420,4,3,0.965,0.0,GREEN,42,Mumbai
CLM0015934,MUM_06779,Thane,2024-01-15,14,0,1,1,1,0,1,1,1,0,0.0,0.078103,0,0.0,1,28,2,18,0.98,0.5901,YELLOW,32,Mumbai
CLM0015935,MUM_06248,Chembur,2025-03-08,13,0,1,1,0,0,0,1,0,0,1.0,0.202608,0,0.0,0,305,2,3,0.6608,0.524,YELLOW,18,Mumbai
CLM0015936,MUM_01505,Ghatkopar,2025-06-27,19,0,1,1,1,0,1,0,1,1,0.0,0.033315,1,0.0,1,18,1,18,0.801,0.6841,RED,41,Mumbai
CLM0015937,MUM_00232,Powai,2025-05-20,12,0,1,1,0,0,0,1,0,0,0.0,0.23342,1,0.0,0,420,0,3,0.6704,0.7584,RED,38,Mumbai
CLM0015938,MUM_07541,Borivali,2021-08-23,16,0,0,0,0,0,1,0,0,0,0.0,0.118246,0,0.0,0,281,0,0,0.9515,0.0332,GREEN,25,Mumbai
CLM0015939,MUM_01308,Andheri,2017-11-21,12,0,0,0,0,0,0,0,0,0,0.0,0.272833,0,0.0,0,224,0,2,0.6882,0.0766,GREEN,57,Mumbai
CLM0015940,MUM_05143,Chembur,2023-09-27,21,0,1,1,0,0,0,0,0,0,0.0,0.19896,0,0.0,0,266,1,4,0.4785,0.1071,GREEN,45,Mumbai
CLM0015941,MUM_06237,Andheri,2021-12-10,13,0,0,0,0,0,0,0,0,0,0.0,0.430066,0,0.0,0,130,2,0,0.6514,0.0,GREEN,35,Mumbai
CLM0015942,MUM_02117,Lower Parel,2025-07-25,19,0,0,0,0,0,0,0,0,0,0.0,0.259174,0,0.0,0,420,4,0,0.98,0.0,GREEN,37,Mumbai
CLM0015943,MUM_07783,Powai,2019-12-14,14,0,0,0,0,0,1,0,0,0,0.0,0.884957,0,0.0,0,240,2,5,0.5588,0.1047,GREEN,36,Mumbai
CLM0015944,MUM_00007,Borivali,2023-10-12,10,0,0,0,0,0,1,0,0,0,1.0,0.352706,0,0.0,0,302,1,3,0.6533,0.1393,GREEN,32,Mumbai
CLM0015945,MUM_07068,Andheri,2023-08-03,10,0,0,0,0,0,0,0,0,0,0.0,0.215082,0,0.0,0,324,2,0,0.6676,0.0958,GREEN,28,Mumbai
CLM0015946,MUM_04943,Vashi,2017-12-30,20,0,0,0,0,0,0,0,0,0,1.0,0.220374,0,0.0,0,276,1,6,0.98,0.0917,GREEN,57,Mumbai
CLM0015947,MUM_02728,Ghatkopar,2018-05-16,10,0,0,0,0,1,0,0,0,0,0.0,0.253018,0,0.0,0,365,2,4,0.6748,0.1699,GREEN,34,Mumbai
CLM0015948,MUM_01947,Bandra,2023-03-24,17,0,0,0,0,0,0,0,0,0,0.0,0.347955,0,0.0,0,125,4,0,0.2892,0.0,GREEN,46,Mumbai
CLM0015949,MUM_07112,Thane,2021-12-29,12,0,0,0,0,0,0,0,0,1,0.0,0.375722,0,0.0,0,420,0,3,0.9177,0.2024,GREEN,44,Mumbai
CLM0015950,MUM_00570,Chembur,2017-05-01,11,0,0,0,0,0,0,0,0,0,0.0,0.227407,0,0.0,0,293,1,0,0.8172,0.1542,GREEN,43,Mumbai
CLM0015951,MUM_07705,Powai,2023-08-04,11,0,1,1,0,0,0,0,0,0,0.0,0.150455,0,0.0,0,420,3,3,0.7363,0.0,GREEN,52,Mumbai
CLM0015952,MUM_09815,Powai,2022-06-16,15,0,0,0,0,0,1,1,0,0,0.0,0.363007,0,0.0,0,112,3,5,0.2805,0.1598,GREEN,34,Mumbai
CLM0015953,MUM_03938,Bandra,2022-01-15,8,0,0,0,0,0,0,0,1,0,0.0,0.304925,0,0.0,0,225,2,0,0.663,0.1661,GREEN,50,Mumbai
CLM0015954,MUM_04207,Ghatkopar,2022-06-14,13,0,0,0,0,0,0,0,0,0,0.0,0.264362,0,0.0,0,160,4,1,0.5764,0.0,GREEN,57,Mumbai
CLM0015955,MUM_00768,Dadar,2021-10-04,16,0,0,0,0,0,0,0,1,0,0.0,0.369211,0,0.0,0,120,4,4,0.8445,0.0614,GREEN,44,Mumbai
CLM0015956,MUM_02108,Borivali,2023-10-11,21,0,0,0,0,1,0,0,1,0,1.0,1.0,0,1.0,0,420,3,3,0.5214,0.2626,GREEN,36,Mumbai
CLM0015957,MUM_00370,Andheri,2024-01-31,9,0,1,1,0,0,0,1,0,1,1.0,0.0,0,0.0,0,56,2,5,0.703,0.0733,GREEN,46,Mumbai
CLM0015958,MUM_06916,Bandra,2024-01-28,9,0,0,0,0,0,0,0,0,0,0.0,0.195666,0,0.0,0,360,1,0,0.5857,0.0192,GREEN,18,Mumbai
CLM0015959,MUM_02070,Thane,2023-02-21,10,0,0,0,0,0,0,0,0,0,0.0,0.026032,0,0.0,0,5,3,3,0.8123,0.0245,GREEN,20,Mumbai
CLM0015960,MUM_00497,Andheri,2020-04-25,20,0,0,0,0,0,0,1,0,0,0.0,0.243739,0,0.0,0,26,4,2,0.4003,0.088,GREEN,42,Mumbai
CLM0015961,MUM_07814,Borivali,2020-02-25,14,0,0,0,0,0,0,0,0,0,0.0,0.290934,0,0.0,0,39,1,2,0.98,0.0117,GREEN,43,Mumbai
CLM0015962,MUM_08381,Bandra,2017-08-24,14,0,0,0,1,0,0,0,0,0,0.0,0.034061,0,0.0,0,376,4,2,0.98,0.1528,GREEN,32,Mumbai
CLM0015963,MUM_09992,Powai,2021-06-15,19,0,0,0,0,0,0,0,0,0,0.0,0.091661,1,0.0,0,31,2,7,0.6373,0.094,GREEN,18,Mumbai
CLM0015964,MUM_03794,Andheri,2024-04-04,21,0,0,0,0,0,0,1,0,0,0.0,0.24291,0,0.0,0,147,2,3,0.98,0.0418,GREEN,31,Mumbai
CLM0015965,MUM_06366,Vashi,2025-11-10,13,0,0,0,1,1,0,1,0,1,1.0,0.936289,1,1.0,0,5,1,7,0.98,0.0456,GREEN,43,Mumbai
CLM0015966,MUM_08386,Lower Parel,2024-03-11,13,0,0,0,0,0,0,0,0,0,0.0,0.184976,0,0.0,0,90,4,1,0.6863,0.0,GREEN,49,Mumbai
CLM0015967,MUM_09853,Andheri,2025-11-12,12,0,0,0,0,0,0,0,0,0,0.0,0.052674,0,0.0,0,373,1,1,0.64,0.0515,GREEN,41,Mumbai
CLM0015968,MUM_09476,Bandra,2025-08-21,7,0,0,0,0,0,0,0,0,0,0.0,0.387894,0,0.0,0,370,1,3,0.9,0.1145,GREEN,25,Mumbai
CLM0015969,MUM_08168,Lower Parel,2023-05-09,14,0,0,0,0,1,0,0,0,0,0.0,0.066144,0,0.0,0,334,3,1,0.8836,0.0339,GREEN,37,Mumbai
CLM0015970,MUM_06398,Vashi,2023-10-09,18,0,0,0,0,0,1,0,0,0,0.0,0.138202,0,0.0,0,420,0,4,0.9081,0.061,GREEN,46,Mumbai
CLM0015971,MUM_06120,Thane,2023-03-14,10,0,0,0,0,0,1,0,0,0,0.0,0.264722,0,0.0,0,393,0,2,0.8153,0.3312,YELLOW,40,Mumbai
CLM0015972,MUM_04487,Lower Parel,2025-09-11,20,0,0,0,0,0,0,0,0,0,0.0,0.11859,0,0.0,0,165,4,0,0.8643,0.0484,GREEN,41,Mumbai
CLM0015973,MUM_06317,Ghatkopar,2020-04-08,10,0,0,0,0,0,0,0,0,0,0.0,0.308103,0,0.0,0,223,0,0,0.7115,0.0,GREEN,34,Mumbai
CLM0015974,MUM_06235,Andheri,2023-02-21,20,0,0,0,0,0,0,0,1,0,0.0,0.198707,0,0.0,0,420,4,2,0.8913,0.1104,GREEN,55,Mumbai
CLM0015975,MUM_03467,Dadar,2022-05-05,16,0,0,0,0,0,0,0,0,0,0.0,0.015908,0,0.0,0,310,1,2,0.921,0.0331,GREEN,43,Mumbai
CLM0015976,MUM_07248,Powai,2021-11-02,17,0,0,0,0,0,1,0,0,0,1.0,0.992299,0,0.0,0,72,2,0,0.6474,0.2167,GREEN,49,Mumbai
CLM0015977,MUM_09331,Lower Parel,2022-05-09,9,0,1,1,0,0,0,0,1,0,0.0,0.078577,0,0.0,0,205,2,5,0.8595,0.0917,GREEN,46,Mumbai
CLM0015978,MUM_03411,Vashi,2019-10-14,7,0,0,0,0,0,0,0,0,0,0.0,0.153182,0,0.0,0,42,0,5,0.8583,0.0385,GREEN,50,Mumbai
CLM0015979,MUM_02509,Powai,2023-09-18,7,0,0,0,0,0,0,0,0,0,0.0,0.071251,0,0.0,0,252,4,1,0.7664,0.0,GREEN,45,Mumbai
CLM0015980,MUM_09554,Ghatkopar,2020-08-06,9,0,1,1,0,1,0,1,0,1,0.0,1.0,1,1.0,1,5,2,12,0.6842,0.55,YELLOW,53,Mumbai
CLM0015981,MUM_04647,Borivali,2025-09-03,11,0,1,1,0,0,0,1,1,1,1.0,0.894966,0,1.0,1,5,2,18,0.7678,0.5486,YELLOW,43,Mumbai
CLM0015982,MUM_01795,Thane,2019-07-05,16,0,1,1,1,0,1,1,1,1,1.0,0.421443,1,1.0,1,28,2,16,0.2942,0.8211,RED,48,Mumbai
CLM0015983,MUM_03667,Vashi,2022-01-01,10,0,1,1,0,0,1,0,0,0,0.0,0.120067,0,0.0,0,5,1,18,0.7517,0.3661,YELLOW,54,Mumbai
CLM0015984,MUM_02947,Vashi,2023-04-25,16,0,1,1,1,0,1,0,0,0,0.0,0.073277,1,0.0,0,18,0,18,0.98,0.6128,RED,41,Mumbai
CLM0015985,MUM_05884,Chembur,2023-08-13,14,0,1,1,0,0,0,0,1,1,1.0,0.044003,0,0.0,1,38,1,18,0.2595,0.3545,YELLOW,37,Mumbai
CLM0015986,MUM_03503,Dadar,2019-09-29,15,0,1,1,1,0,1,1,1,0,0.0,0.018581,0,0.0,1,5,0,18,0.98,0.5545,YELLOW,51,Mumbai
CLM0015987,MUM_09213,Chembur,2022-08-02,18,0,1,1,0,0,1,1,1,1,0.0,0.100271,0,0.0,0,18,0,18,0.8304,0.4664,YELLOW,53,Mumbai
CLM0015988,MUM_02426,Vashi,2020-04-23,18,0,1,1,0,0,1,1,1,0,0.0,0.147582,0,0.0,1,24,0,18,0.8828,0.5421,YELLOW,39,Mumbai
CLM0015989,MUM_08968,Ghatkopar,2025-11-07,18,0,1,1,0,1,0,0,1,0,1.0,0.026463,1,0.0,0,15,0,18,0.9267,0.4319,YELLOW,44,Mumbai
CLM0015990,MUM_09668,Chembur,2024-01-14,14,0,0,0,0,0,0,0,0,0,0.0,0.124813,0,0.0,0,309,1,0,0.7011,0.0065,GREEN,25,Mumbai
CLM0015991,MUM_01092,Borivali,2025-04-10,15,0,0,0,0,0,0,0,0,0,0.0,0.340199,0,0.0,0,328,0,1,0.8739,0.0748,GREEN,44,Mumbai
CLM0015992,MUM_08724,Chembur,2023-07-16,20,0,0,0,0,1,0,0,0,0,0.0,0.087164,0,0.0,0,94,2,5,0.1545,0.2231,GREEN,42,Mumbai
CLM0015993,MUM_02855,Lower Parel,2024-09-04,10,0,0,0,0,0,1,0,0,0,1.0,0.111682,0,0.0,0,344,1,3,0.2212,0.1309,GREEN,52,Mumbai
CLM0015994,MUM_07734,Andheri,2025-08-15,15,0,0,0,0,0,0,0,0,0,0.0,0.246349,0,1.0,0,420,0,6,0.5448,0.0,GREEN,50,Mumbai
CLM0015995,MUM_07653,Powai,2023-11-26,16,0,1,1,0,0,0,0,0,0,1.0,0.200401,1,0.0,1,376,1,0,0.9547,0.1571,GREEN,46,Mumbai
CLM0015996,MUM_01278,Thane,2020-06-05,18,0,0,0,1,0,0,0,0,0,0.0,0.226852,0,0.0,0,281,0,0,0.9556,0.1049,GREEN,30,Mumbai
CLM0015997,MUM_02738,Vashi,2017-03-04,14,0,0,0,0,0,0,0,0,0,0.0,0.389748,0,0.0,0,372,4,1,0.5243,0.0047,GREEN,39,Mumbai
CLM0015998,MUM_05815,Chembur,2022-05-30,18,0,0,0,0,0,0,0,0,0,0.0,0.508482,0,0.0,0,80,1,3,0.0789,0.0,GREEN,47,Mumbai
CLM0015999,MUM_08731,Lower Parel,2025-02-07,7,0,0,0,0,0,1,0,0,1,0.0,0.069818,0,0.0,0,328,0,0,0.7832,0.224,GREEN,36,Mumbai
CLM0016000,MUM_02458,Chembur,2021-11-17,16,0,1,1,1,0,0,0,0,0,0.0,0.271143,0,0.0,0,319,4,0,0.7077,0.104,GREEN,38,Mumbai
CLM0016001,MUM_01742,Vashi,2023-06-08,12,0,1,1,0,0,0,0,0,0,1.0,1.0,0,1.0,0,183,2,3,0.5663,0.0,GREEN,34,Mumbai
CLM0016002,MUM_09685,Vashi,2023-08-02,12,0,0,0,0,1,0,0,0,0,0.0,0.113144,0,0.0,0,420,3,0,0.7778,0.11,GREEN,30,Mumbai
CLM0016003,MUM_06368,Dadar,2025-10-26,20,0,0,0,0,0,0,0,0,0,0.0,0.162898,0,0.0,0,420,2,5,0.2298,0.0807,GREEN,29,Mumbai
CLM0016004,MUM_04074,Powai,2021-05-09,18,0,1,1,1,0,0,0,0,0,0.0,0.079303,0,0.0,0,50,3,3,0.6672,0.1105,GREEN,34,Mumbai
CLM0016005,MUM_04969,Lower Parel,2020-10-07,10,0,0,0,0,0,0,0,1,0,0.0,0.070993,0,0.0,0,95,0,0,0.6443,0.1515,GREEN,34,Mumbai
CLM0016006,MUM_05019,Thane,2021-01-17,11,0,0,0,0,0,0,0,0,0,1.0,0.004805,0,0.0,0,420,4,3,0.9049,0.0485,GREEN,40,Mumbai
CLM0016007,MUM_06565,Chembur,2024-06-07,14,0,0,0,0,0,0,0,0,0,0.0,0.061669,0,0.0,0,420,1,0,0.8353,0.0,GREEN,37,Mumbai
CLM0016008,MUM_04943,Vashi,2020-02-01,19,0,0,0,0,0,1,0,0,0,0.0,0.267081,0,0.0,0,232,0,5,0.591,0.0444,GREEN,57,Mumbai
CLM0016009,MUM_08019,Borivali,2021-04-03,10,0,0,0,0,0,0,0,0,0,0.0,0.005907,0,0.0,0,53,4,2,0.8312,0.0,GREEN,36,Mumbai
CLM0016010,MUM_08281,Dadar,2025-03-28,14,0,0,0,0,0,0,0,0,0,0.0,0.232597,0,0.0,0,420,4,5,0.7049,0.0069,GREEN,50,Mumbai
CLM0016011,MUM_06798,Vashi,2017-08-13,15,0,0,0,0,0,1,0,0,0,1.0,1.0,0,0.0,0,111,1,3,0.546,0.1091,GREEN,24,Mumbai
CLM0016012,MUM_01288,Lower Parel,2018-06-26,10,0,0,0,0,0,0,1,1,0,0.0,0.957234,0,0.0,0,280,4,2,0.2714,0.1734,GREEN,30,Mumbai
CLM0016013,MUM_07121,Ghatkopar,2018-07-14,15,0,0,0,0,0,1,0,0,0,1.0,0.071242,0,0.0,0,420,3,1,0.7843,0.186,GREEN,52,Mumbai
CLM0016014,MUM_05670,Vashi,2021-08-31,15,0,0,0,0,0,0,0,0,0,0.0,0.171401,0,0.0,0,358,0,4,0.5512,0.0076,GREEN,44,Mumbai
CLM0016015,MUM_02761,Ghatkopar,2018-07-21,7,0,0,0,0,0,0,0,0,0,0.0,0.241167,0,0.0,0,112,2,8,0.7225,0.0,GREEN,33,Mumbai
CLM0016016,MUM_08030,Dadar,2025-10-08,20,0,0,0,0,0,0,1,0,0,0.0,0.221202,0,0.0,0,286,3,4,0.6917,0.0792,GREEN,36,Mumbai
CLM0016017,MUM_03843,Thane,2025-12-03,9,0,0,0,0,0,0,0,0,0,0.0,0.077571,0,0.0,1,39,4,0,0.5722,0.0411,GREEN,35,Mumbai
CLM0016018,MUM_00862,Dadar,2017-03-09,11,0,0,0,0,0,0,0,0,0,0.0,0.422805,0,0.0,0,345,1,4,0.1046,0.0109,GREEN,53,Mumbai
CLM0016019,MUM_01595,Dadar,2025-01-21,14,0,0,0,0,0,0,0,0,0,0.0,0.158947,0,0.0,0,174,3,4,0.98,0.0,GREEN,34,Mumbai
CLM0016020,MUM_06808,Powai,2022-04-12,21,0,0,0,0,0,0,0,0,0,0.0,0.135414,0,0.0,0,297,2,0,0.7936,0.0,GREEN,52,Mumbai
CLM0016021,MUM_01436,Ghatkopar,2023-12-08,20,0,0,0,0,0,0,0,0,0,0.0,0.314683,0,0.0,0,302,3,3,0.924,0.0,GREEN,36,Mumbai
CLM0016022,MUM_08122,Chembur,2018-10-28,21,0,0,0,0,0,0,0,0,0,1.0,0.232822,0,0.0,0,300,1,5,0.899,0.1718,GREEN,46,Mumbai
CLM0016023,MUM_03625,Powai,2017-10-08,10,0,0,0,0,0,0,0,0,0,0.0,0.21367,0,0.0,0,196,4,0,0.5743,0.1126,GREEN,50,Mumbai
CLM0016024,MUM_07370,Lower Parel,2018-01-22,9,0,0,0,0,0,0,0,0,0,1.0,0.099595,0,0.0,0,230,4,6,0.8081,0.1168,GREEN,35,Mumbai
CLM0016025,MUM_06455,Vashi,2022-08-31,13,0,0,0,0,0,0,0,0,0,1.0,0.183389,0,0.0,0,363,4,0,0.5321,0.145,GREEN,47,Mumbai
CLM0016026,MUM_08308,Vashi,2018-06-18,10,0,0,0,0,0,0,0,0,0,0.0,0.030518,0,0.0,0,171,0,2,0.961,0.0163,GREEN,49,Mumbai
CLM0016027,MUM_03226,Thane,2020-10-26,19,0,0,0,0,0,0,0,0,0,0.0,0.191201,0,0.0,0,107,4,1,0.7521,0.0,GREEN,39,Mumbai
CLM0016028,MUM_00688,Andheri,2015-12-05,21,0,0,0,0,0,0,0,0,1,0.0,0.0,0,0.0,0,389,1,3,0.6908,0.0668,GREEN,36,Mumbai
CLM0016029,MUM_01445,Borivali,2017-08-27,11,0,0,0,0,0,1,0,0,0,0.0,0.213385,0,0.0,0,348,4,2,0.5459,0.0972,GREEN,42,Mumbai
CLM0016030,MUM_08681,Lower Parel,2017-08-17,14,0,0,0,0,1,0,1,1,0,0.0,0.302304,0,0.0,0,219,2,4,0.3113,0.2693,GREEN,54,Mumbai
CLM0016031,MUM_05916,Powai,2017-12-15,10,0,0,0,0,0,0,1,0,0,0.0,0.389898,0,0.0,0,224,2,3,0.5994,0.1062,GREEN,32,Mumbai
CLM0016032,MUM_09298,Borivali,2021-01-30,19,0,0,0,0,0,0,0,0,0,1.0,0.364474,0,0.0,0,420,1,5,0.6938,0.0189,GREEN,27,Mumbai
CLM0016033,MUM_03853,Thane,2022-10-31,16,0,0,0,0,0,0,0,0,0,0.0,0.0,1,0.0,0,420,3,1,0.1776,0.165,GREEN,43,Mumbai
CLM0016034,MUM_06036,Borivali,2025-01-11,19,0,0,0,0,0,0,1,0,0,0.0,0.113697,0,0.0,0,322,3,1,0.7368,0.0661,GREEN,35,Mumbai
CLM0016035,MUM_02165,Ghatkopar,2018-04-02,10,0,0,0,0,0,0,0,0,0,0.0,0.28517,0,0.0,0,122,3,2,0.0586,0.006,GREEN,42,Mumbai
CLM0016036,MUM_07077,Borivali,2024-03-28,11,0,0,0,1,0,0,0,0,0,0.0,0.001755,0,0.0,0,214,2,2,0.5486,0.1523,GREEN,44,Mumbai
CLM0016037,MUM_00744,Ghatkopar,2019-03-30,18,0,0,0,0,0,0,0,0,0,0.0,0.0,0,1.0,0,157,3,4,0.2757,0.051,GREEN,41,Mumbai
CLM0016038,MUM_02854,Borivali,2023-05-24,21,0,0,0,1,0,0,0,1,0,0.0,0.24759,0,0.0,0,291,4,1,0.6784,0.2703,GREEN,41,Mumbai
CLM0016039,MUM_00026,Borivali,2025-07-09,12,0,0,0,0,0,0,0,0,0,0.0,0.398407,0,0.0,0,216,0,4,0.6173,0.0425,GREEN,37,Mumbai
CLM0016040,MUM_08408,Bandra,2025-11-24,16,0,0,0,0,1,0,0,0,0,0.0,0.093528,1,1.0,0,344,0,3,0.9388,0.1922,GREEN,23,Mumbai
CLM0016041,MUM_01558,Chembur,2025-02-02,12,0,1,1,1,0,0,0,0,0,0.0,0.196808,0,0.0,0,381,1,3,0.7909,0.2048,GREEN,50,Mumbai
CLM0016042,MUM_08422,Chembur,2024-10-16,10,0,0,0,0,0,0,0,0,0,0.0,0.374357,0,0.0,0,365,4,1,0.98,0.0771,GREEN,66,Mumbai
CLM0016043,MUM_08401,Chembur,2023-07-24,16,0,0,0,0,0,0,0,0,0,0.0,0.364995,0,0.0,0,190,0,5,0.724,0.0,GREEN,33,Mumbai
CLM0016044,MUM_07078,Andheri,2016-01-11,13,0,0,0,0,0,0,1,0,0,0.0,0.0,0,0.0,1,401,2,2,0.05,0.1194,GREEN,40,Mumbai
CLM0016045,MUM_05593,Ghatkopar,2024-04-02,18,0,0,0,0,0,0,0,0,1,0.0,0.229826,0,0.0,0,52,4,3,0.8372,0.1087,GREEN,26,Mumbai
CLM0016046,MUM_03023,Vashi,2025-06-13,14,0,0,0,0,0,0,0,0,0,0.0,0.366573,0,0.0,0,106,0,2,0.7274,0.1184,GREEN,45,Mumbai
CLM0016047,MUM_09105,Ghatkopar,2023-12-15,13,0,0,0,0,0,0,0,0,0,1.0,0.0,0,0.0,0,183,1,1,0.788,0.1687,GREEN,48,Mumbai
CLM0016048,MUM_04604,Thane,2022-07-14,21,0,0,0,0,0,0,0,0,0,1.0,0.952622,0,0.0,0,235,0,0,0.98,0.0,GREEN,21,Mumbai
CLM0016049,MUM_03571,Thane,2024-02-17,19,0,0,0,0,0,0,0,0,0,0.0,1.0,0,0.0,0,77,4,2,0.1684,0.0,GREEN,54,Mumbai
CLM0016050,MUM_09727,Lower Parel,2020-01-04,19,0,0,0,0,0,0,0,0,0,0.0,0.232841,0,0.0,0,340,4,0,0.98,0.0795,GREEN,54,Mumbai
CLM0016051,MUM_02979,Andheri,2023-12-09,15,0,0,0,0,0,0,0,0,0,0.0,0.065221,0,0.0,0,182,3,0,0.7794,0.03,GREEN,56,Mumbai
CLM0016052,MUM_07388,Lower Parel,2023-06-04,11,0,0,0,0,0,0,0,0,0,0.0,0.302897,0,0.0,0,173,4,0,0.8607,0.0,GREEN,44,Mumbai
CLM0016053,MUM_00792,Thane,2017-05-15,10,0,0,0,0,0,0,0,0,0,0.0,1.0,0,0.0,0,420,4,4,0.6366,0.0237,GREEN,53,Mumbai
CLM0016054,MUM_02919,Powai,2017-01-07,15,0,0,0,0,0,0,0,0,0,0.0,0.0,0,0.0,0,363,1,5,0.8121,0.1339,GREEN,51,Mumbai
CLM0016055,MUM_00771,Thane,2022-11-09,7,0,0,0,0,0,0,0,0,0,0.0,0.0,0,0.0,0,159,1,3,0.98,0.0116,GREEN,35,Mumbai
CLM0016056,MUM_04832,Ghatkopar,2025-06-19,19,0,0,0,1,0,0,0,0,0,0.0,0.149843,0,0.0,0,401,0,1,0.9048,0.2348,GREEN,36,Mumbai
CLM0016057,MUM_05324,Vashi,2020-11-20,18,0,0,0,0,0,0,0,1,1,0.0,0.0,0,0.0,0,386,4,5,0.7465,0.2254,GREEN,21,Mumbai
CLM0016058,MUM_04510,Ghatkopar,2020-12-03,10,0,0,0,1,0,0,1,0,0,0.0,0.42833,0,0.0,0,129,3,3,0.8034,0.0971,GREEN,37,Mumbai
CLM0016059,MUM_01165,Bandra,2022-08-22,9,0,0,0,0,0,0,1,0,1,0.0,1.0,1,0.0,0,236,0,1,0.5943,0.2793,GREEN,25,Mumbai
CLM0016060,MUM_06117,Lower Parel,2024-10-07,16,0,0,0,0,0,1,0,0,0,0.0,0.0,0,0.0,0,407,3,0,0.62,0.0962,GREEN,35,Mumbai
CLM0016061,MUM_00283,Andheri,2025-08-26,16,0,0,0,0,0,0,0,1,0,0.0,0.468906,0,0.0,0,112,2,3,0.7368,0.0698,GREEN,48,Mumbai
CLM0016062,MUM_04487,Lower Parel,2024-09-09,7,0,0,0,0,0,0,0,0,0,0.0,0.387799,0,0.0,0,200,1,2,0.98,0.0197,GREEN,41,Mumbai
CLM0016063,MUM_07620,Thane,2025-08-11,7,0,0,0,0,0,0,0,0,0,0.0,0.166099,0,0.0,0,312,4,1,0.6073,0.0,GREEN,35,Mumbai
CLM0016064,MUM_05372,Andheri,2025-11-12,7,0,0,0,0,0,1,0,0,0,0.0,0.234609,0,0.0,0,76,2,1,0.815,0.0888,GREEN,62,Mumbai
CLM0016065,MUM_05636,Bandra,2025-06-01,9,0,0,0,0,0,0,0,0,0,0.0,0.297118,0,0.0,0,420,1,0,0.9383,0.0016,GREEN,57,Mumbai
CLM0016066,MUM_05045,Ghatkopar,2024-03-14,17,0,0,0,0,0,0,0,0,0,0.0,1.0,0,0.0,0,420,2,0,0.7467,0.1023,GREEN,42,Mumbai
CLM0016067,MUM_09274,Ghatkopar,2022-10-12,16,0,0,0,0,1,0,0,0,0,0.0,0.306492,0,1.0,0,247,0,2,0.8753,0.0724,GREEN,43,Mumbai
CLM0016068,MUM_08546,Lower Parel,2024-08-01,16,0,0,0,0,0,0,0,0,0,0.0,0.269378,0,0.0,0,61,0,0,0.5489,0.0,GREEN,34,Mumbai
CLM0016069,MUM_07711,Vashi,2023-08-25,17,0,0,0,0,0,0,0,0,0,0.0,0.240261,0,0.0,0,122,1,2,0.719,0.0384,GREEN,53,Mumbai
CLM0016070,MUM_09356,Vashi,2025-02-28,11,0,0,0,0,0,1,0,0,0,0.0,0.11818,0,0.0,0,140,3,0,0.7819,0.1836,GREEN,57,Mumbai
CLM0016071,MUM_09565,Lower Parel,2024-05-27,7,0,0,0,0,0,0,0,0,0,0.0,0.065921,0,0.0,0,10,1,3,0.9046,0.0597,GREEN,32,Mumbai
CLM0016072,MUM_09787,Ghatkopar,2025-04-24,12,0,1,1,0,0,0,0,0,0,0.0,1.0,0,0.0,0,173,4,6,0.98,0.0198,GREEN,39,Mumbai
CLM0016073,MUM_03100,Thane,2024-11-24,19,0,0,0,0,0,0,0,0,0,0.0,0.95067,0,0.0,0,420,3,2,0.5967,0.0675,GREEN,51,Mumbai
CLM0016074,MUM_09242,Dadar,2025-07-19,10,0,0,0,0,0,0,0,0,0,1.0,0.10615,0,0.0,0,90,0,4,0.8992,0.044,GREEN,48,Mumbai
CLM0016075,MUM_09618,Bandra,2024-03-29,10,0,0,0,0,0,0,0,0,0,0.0,0.019133,0,0.0,0,389,4,3,0.9678,0.0,GREEN,36,Mumbai
CLM0016076,MUM_03011,Vashi,2023-07-18,17,0,0,0,0,0,0,0,0,0,0.0,0.414135,0,0.0,0,267,3,0,0.5121,0.0044,GREEN,51,Mumbai
CLM0016077,MUM_05976,Dadar,2025-11-30,10,0,0,0,0,0,0,0,0,0,0.0,0.19084,0,0.0,0,167,2,1,0.6824,0.0603,GREEN,36,Mumbai
CLM0016078,MUM_01653,Chembur,2024-06-04,17,0,0,0,0,0,0,0,0,0,0.0,0.114985,0,0.0,1,154,1,1,0.4177,0.1008,GREEN,44,Mumbai
CLM0016079,MUM_09938,Thane,2025-08-21,20,0,1,1,0,0,0,0,0,0,0.0,0.158347,0,0.0,0,420,0,3,0.9024,0.0,GREEN,36,Mumbai
CLM0016080,MUM_09602,Borivali,2023-10-10,21,0,0,0,0,0,0,0,0,0,0.0,0.015841,0,0.0,0,347,3,2,0.8287,0.2225,GREEN,58,Mumbai
CLM0016081,MUM_00183,Thane,2025-12-28,17,0,0,0,0,1,0,0,0,0,0.0,0.0,0,0.0,0,97,4,0,0.8264,0.1768,GREEN,64,Mumbai
CLM0016082,MUM_03895,Vashi,2024-06-27,8,0,0,0,0,0,0,0,1,0,1.0,1.0,0,0.0,0,78,0,2,0.7032,0.1564,GREEN,56,Mumbai
CLM0016083,MUM_03100,Thane,2021-05-09,21,0,0,0,0,0,0,0,1,0,1.0,0.211733,0,0.0,0,420,0,2,0.8571,0.1195,GREEN,51,Mumbai
CLM0016084,MUM_06887,Lower Parel,2025-04-14,20,0,0,0,0,0,0,0,0,0,0.0,0.882634,0,0.0,0,5,4,1,0.598,0.0,GREEN,55,Mumbai
CLM0016085,MUM_07209,Andheri,2019-05-20,9,0,0,0,0,0,0,0,0,0,0.0,0.1162,0,0.0,0,233,0,2,0.5804,0.0122,GREEN,54,Mumbai
CLM0016086,MUM_08135,Powai,2020-05-29,11,0,0,0,1,0,1,1,1,1,0.0,0.083399,0,0.0,1,5,1,18,0.8571,0.0077,GREEN,21,Mumbai
CLM0016087,MUM_08733,Ghatkopar,2020-06-12,17,0,1,1,0,0,0,0,1,0,1.0,0.336925,0,0.0,0,420,3,0,0.6754,0.1459,GREEN,39,Mumbai
CLM0016088,MUM_06572,Dadar,2019-04-06,10,0,0,0,0,0,0,0,0,0,0.0,0.167278,0,0.0,0,317,3,5,0.8094,0.0,GREEN,36,Mumbai
CLM0016089,MUM_06386,Dadar,2025-07-06,20,0,0,0,0,0,0,0,0,0,0.0,0.262675,0,0.0,0,365,1,6,0.666,0.0,GREEN,37,Mumbai
CLM0016090,MUM_09038,Dadar,2022-02-09,13,0,0,0,1,0,1,1,1,0,1.0,0.171429,0,0.0,0,5,3,18,0.3477,0.0373,GREEN,42,Mumbai
CLM0016091,MUM_02700,Lower Parel,2022-12-26,20,0,0,0,0,0,0,0,0,0,0.0,1.0,0,0.0,0,274,1,3,0.5126,0.0683,GREEN,54,Mumbai
CLM0016092,MUM_07109,Chembur,2023-09-10,21,0,0,0,0,0,1,0,0,1,0.0,0.104774,0,0.0,0,75,4,0,0.8701,0.1991,GREEN,33,Mumbai
CLM0016093,MUM_08586,Dadar,2020-06-09,21,0,0,0,0,0,0,1,0,0,1.0,0.338595,0,1.0,0,169,4,1,0.5537,0.1046,GREEN,55,Mumbai
CLM0016094,MUM_08008,Lower Parel,2023-09-29,19,0,0,0,0,0,0,0,0,1,0.0,1.0,0,0.0,0,242,0,2,0.6713,0.1182,GREEN,43,Mumbai
CLM0016095,MUM_08533,Dadar,2019-01-31,15,0,0,0,0,0,0,0,0,0,0.0,0.456058,0,0.0,0,43,4,1,0.4971,0.0,GREEN,56,Mumbai
CLM0016096,MUM_00813,Thane,2018-02-22,18,0,1,1,1,0,0,1,0,1,0.0,1.0,1,1.0,1,28,1,18,0.0931,0.5646,YELLOW,51,Mumbai
CLM0016097,MUM_07522,Bandra,2020-06-07,20,0,1,1,1,1,0,1,1,0,0.0,0.010075,1,0.0,0,33,2,18,0.9463,0.5701,YELLOW,33,Mumbai
CLM0016098,MUM_00420,Dadar,2016-08-29,10,0,1,1,0,1,1,0,1,1,1.0,1.0,1,1.0,0,14,1,18,0.1616,0.7279,RED,53,Mumbai
CLM0016099,MUM_08379,Bandra,2024-05-02,8,0,1,1,0,0,0,0,0,0,0.0,0.289884,0,0.0,0,319,0,0,0.2677,0.6707,RED,29,Mumbai
CLM0016100,MUM_01321,Vashi,2024-12-26,20,0,1,1,0,0,0,0,0,0,0.0,0.981936,0,0.0,0,244,0,4,0.6863,0.7223,RED,21,Mumbai
CLM0016101,MUM_06377,Dadar,2024-02-03,15,0,0,0,1,0,0,0,0,0,0.0,0.327933,0,0.0,0,420,2,9,0.572,0.088,GREEN,45,Mumbai
CLM0016102,MUM_03879,Dadar,2025-07-22,18,0,0,0,0,0,0,0,0,0,0.0,0.275283,1,0.0,0,267,4,1,0.8399,0.0717,GREEN,57,Mumbai
CLM0016103,MUM_04816,Thane,2025-02-28,13,0,0,0,0,0,0,0,0,0,0.0,0.291879,0,0.0,0,416,4,3,0.8937,0.0266,GREEN,34,Mumbai
CLM0016104,MUM_05133,Vashi,2021-03-28,12,0,0,0,0,0,0,0,0,0,0.0,0.172981,0,0.0,0,393,3,3,0.8376,0.0907,GREEN,55,Mumbai
CLM0016105,MUM_08197,Chembur,2025-06-30,21,0,0,0,0,0,0,0,0,0,0.0,0.942237,0,0.0,0,85,3,1,0.1487,0.0329,GREEN,40,Mumbai
CLM0016106,MUM_02911,Vashi,2023-03-31,12,0,0,0,0,0,0,0,0,0,0.0,0.998959,0,0.0,0,348,0,5,0.9748,0.027,GREEN,47,Mumbai
CLM0016107,MUM_03578,Borivali,2023-06-22,10,0,0,0,0,0,0,0,0,0,0.0,0.0,0,0.0,0,258,2,1,0.6163,0.0,GREEN,38,Mumbai
CLM0016108,MUM_03398,Ghatkopar,2020-03-21,15,0,0,0,0,0,0,0,0,0,0.0,0.014896,0,0.0,0,415,2,3,0.1244,0.1373,GREEN,26,Mumbai
CLM0016109,MUM_03243,Chembur,2023-01-06,13,0,0,0,0,0,0,0,0,0,1.0,0.102881,0,0.0,0,420,1,0,0.483,0.1125,GREEN,35,Mumbai
CLM0016110,MUM_02212,Chembur,2021-08-31,8,0,0,0,0,0,0,0,0,0,0.0,0.296061,0,0.0,0,213,1,2,0.4827,0.0,GREEN,57,Mumbai
CLM0016111,MUM_07434,Bandra,2021-11-24,16,0,0,0,0,0,0,0,0,0,1.0,0.035466,0,0.0,0,102,0,2,0.1897,0.0661,GREEN,36,Mumbai
CLM0016112,MUM_01748,Chembur,2024-12-27,13,0,0,0,0,0,0,0,0,0,0.0,0.929358,0,0.0,0,122,4,1,0.7257,0.0292,GREEN,49,Mumbai
CLM0016113,MUM_09053,Andheri,2025-06-04,9,0,0,0,0,0,1,0,1,0,0.0,0.0,0,0.0,0,420,0,0,0.7111,0.2347,GREEN,40,Mumbai
CLM0016114,MUM_00375,Borivali,2022-04-18,16,0,0,0,0,0,0,0,0,0,1.0,0.154964,0,0.0,0,135,4,3,0.9347,0.0763,GREEN,52,Mumbai
CLM0016115,MUM_02692,Vashi,2021-09-23,14,0,0,0,0,0,1,0,0,0,0.0,0.015268,0,0.0,0,83,2,2,0.2191,0.0604,GREEN,52,Mumbai
CLM0016116,MUM_03073,Andheri,2021-09-22,18,0,0,0,0,0,1,0,0,0,0.0,0.03335,0,0.0,0,233,1,4,0.98,0.0605,GREEN,52,Mumbai
CLM0016117,MUM_00423,Bandra,2025-07-29,11,0,0,0,0,0,0,1,1,0,0.0,0.221855,0,1.0,0,22,1,6,0.6739,0.0781,GREEN,47,Mumbai
CLM0016118,MUM_05394,Powai,2025-01-04,16,0,0,0,0,0,1,0,0,0,0.0,1.0,0,0.0,0,19,0,3,0.8602,0.0156,GREEN,36,Mumbai
CLM0016119,MUM_02977,Andheri,2023-01-07,11,0,1,1,0,0,0,0,1,0,0.0,0.326164,0,0.0,0,27,0,0,0.6793,0.0727,GREEN,36,Mumbai
CLM0016120,MUM_00007,Borivali,2022-02-26,12,0,0,0,0,0,0,0,1,0,0.0,0.34956,0,0.0,0,136,4,2,0.7295,0.1924,GREEN,32,Mumbai
CLM0016121,MUM_06792,Bandra,2021-09-29,21,0,0,0,0,0,0,0,0,0,0.0,0.0,0,0.0,0,206,1,2,0.9244,0.0,GREEN,22,Mumbai
CLM0016122,MUM_03178,Ghatkopar,2019-03-27,7,0,0,0,0,0,0,0,0,0,0.0,0.121919,0,0.0,0,331,2,3,0.0806,0.0,GREEN,61,Mumbai
CLM0016123,MUM_03615,Dadar,2019-08-10,17,0,0,0,0,0,0,0,0,0,0.0,0.116093,0,0.0,0,420,3,2,0.98,0.0421,GREEN,56,Mumbai
CLM0016124,MUM_09871,Vashi,2017-11-11,20,0,0,0,0,0,0,0,0,0,0.0,0.121773,0,1.0,0,388,3,0,0.7567,0.0,GREEN,54,Mumbai
CLM0016125,MUM_01120,Chembur,2015-09-24,11,0,0,0,0,0,0,0,0,0,0.0,0.262354,0,0.0,0,420,3,0,0.5806,0.132,GREEN,18,Mumbai
CLM0016126,MUM_03956,Powai,2024-01-30,10,0,0,0,0,0,0,0,0,0,0.0,0.237469,0,0.0,0,38,1,0,0.9583,0.0,GREEN,29,Mumbai
CLM0016127,MUM_07969,Powai,2024-07-11,12,0,0,0,0,0,0,1,0,0,0.0,0.950788,0,0.0,0,48,4,0,0.0578,0.0,GREEN,44,Mumbai
CLM0016128,MUM_07559,Andheri,2019-08-11,14,0,0,0,1,0,0,0,0,0,0.0,1.0,0,0.0,0,420,1,1,0.05,0.1883,GREEN,26,Mumbai
CLM0016129,MUM_01292,Lower Parel,2020-01-29,12,0,0,0,0,0,0,0,0,1,0.0,0.461384,0,0.0,0,285,0,0,0.3752,0.1476,GREEN,56,Mumbai
CLM0016130,MUM_07517,Borivali,2016-01-13,12,0,0,0,0,0,0,0,0,0,0.0,1.0,0,0.0,0,47,0,4,0.3412,0.1091,GREEN,32,Mumbai
CLM0016131,MUM_04725,Chembur,2025-09-23,14,0,0,0,0,0,0,0,0,1,0.0,0.457959,0,0.0,0,44,1,4,0.98,0.0535,GREEN,60,Mumbai
CLM0016132,MUM_01240,Powai,2024-12-06,9,0,0,0,0,0,0,0,0,0,0.0,0.321214,0,0.0,0,288,3,1,0.98,0.0145,GREEN,40,Mumbai
CLM0016133,MUM_02659,Ghatkopar,2025-04-09,15,0,0,0,0,0,0,1,0,0,0.0,0.196345,0,0.0,0,109,4,1,0.5848,0.0627,GREEN,24,Mumbai
CLM0016134,MUM_03267,Bandra,2025-12-09,10,0,0,0,0,0,0,0,0,0,0.0,0.397069,0,0.0,0,18,3,5,0.1152,0.0801,GREEN,50,Mumbai
CLM0016135,MUM_08568,Powai,2023-07-26,16,0,0,0,1,0,0,1,1,0,0.0,0.951834,0,0.0,1,5,1,18,0.3055,0.1038,GREEN,30,Mumbai
CLM0016136,MUM_02155,Andheri,2023-03-09,8,0,0,0,0,0,0,0,0,0,1.0,0.243055,0,0.0,0,21,4,3,0.8087,0.146,GREEN,40,Mumbai
CLM0016137,MUM_00244,Dadar,2024-01-20,8,0,0,0,0,0,0,1,0,0,1.0,0.081652,0,0.0,0,385,2,2,0.7991,0.1651,GREEN,22,Mumbai
CLM0016138,MUM_00624,Andheri,2021-11-24,11,0,0,0,0,1,0,1,0,0,0.0,1.0,0,0.0,0,240,3,0,0.98,0.1686,GREEN,38,Mumbai
CLM0016139,MUM_08627,Vashi,2020-12-27,20,0,0,0,0,0,0,0,0,0,0.0,0.137268,0,0.0,0,231,1,2,0.8953,0.0,GREEN,38,Mumbai
CLM0016140,MUM_01193,Ghatkopar,2020-09-04,21,0,0,0,0,0,0,0,0,0,0.0,0.118343,0,0.0,0,365,1,0,0.4488,0.0085,GREEN,44,Mumbai
CLM0016141,MUM_01103,Borivali,2018-12-12,21,0,0,0,1,0,0,0,0,0,0.0,0.250669,0,0.0,0,103,1,1,0.4254,0.2273,GREEN,56,Mumbai
CLM0016142,MUM_05062,Borivali,2025-07-18,10,0,0,0,0,0,0,0,1,0,0.0,0.198779,0,0.0,0,358,0,2,0.7301,0.0939,GREEN,41,Mumbai
CLM0016143,MUM_07076,Borivali,2025-04-12,9,0,0,0,0,0,1,0,0,0,0.0,0.070673,0,0.0,0,108,1,2,0.575,0.0428,GREEN,51,Mumbai
CLM0016144,MUM_06694,Powai,2025-09-12,13,0,0,0,0,0,0,0,0,0,0.0,0.293859,0,0.0,1,63,2,0,0.98,0.0,GREEN,40,Mumbai
CLM0016145,MUM_05255,Andheri,2025-01-09,20,0,0,0,0,0,0,0,0,0,0.0,0.121491,0,0.0,0,236,1,3,0.8399,0.008,GREEN,48,Mumbai
CLM0016146,MUM_09659,Dadar,2025-01-05,16,0,0,0,0,0,0,0,0,0,0.0,0.023424,0,0.0,0,37,4,2,0.4543,0.0,GREEN,45,Mumbai
CLM0016147,MUM_09425,Vashi,2025-08-06,14,0,0,0,0,0,0,1,0,0,0.0,0.26757,0,0.0,0,81,2,2,0.1172,0.1041,GREEN,47,Mumbai
CLM0016148,MUM_04375,Thane,2025-11-10,21,0,0,0,0,0,0,0,0,0,0.0,0.068034,0,0.0,0,354,3,1,0.05,0.0,GREEN,43,Mumbai
CLM0016149,MUM_02258,Bandra,2024-11-13,19,0,0,0,0,0,0,0,0,0,1.0,0.233134,0,0.0,1,42,3,1,0.7686,0.0,GREEN,51,Mumbai
CLM0016150,MUM_06710,Bandra,2023-06-17,10,0,0,0,0,0,0,1,0,0,1.0,0.289921,1,0.0,0,267,3,3,0.05,0.3047,GREEN,54,Mumbai
CLM0016151,MUM_03088,Borivali,2019-03-08,16,0,0,0,0,0,0,0,0,0,0.0,0.211136,0,0.0,0,326,2,2,0.8178,0.2513,GREEN,20,Mumbai
CLM0016152,MUM_02613,Powai,2025-03-16,9,0,0,0,0,0,0,0,0,0,0.0,0.315519,0,0.0,0,415,2,2,0.5191,0.0973,GREEN,36,Mumbai
CLM0016153,MUM_01293,Andheri,2024-02-14,17,0,0,0,0,0,0,0,0,0,0.0,0.397551,0,0.0,0,403,1,3,0.6443,0.0264,GREEN,52,Mumbai
CLM0016154,MUM_07872,Dadar,2022-04-26,18,0,0,0,0,0,0,0,0,0,0.0,0.903324,0,0.0,0,205,4,0,0.98,0.0,GREEN,43,Mumbai
CLM0016155,MUM_07130,Thane,2025-09-01,17,0,0,0,0,0,0,0,0,0,0.0,0.044949,0,0.0,0,363,0,4,0.1183,0.0032,GREEN,39,Mumbai
CLM0016156,MUM_09002,Powai,2020-12-14,19,0,1,1,0,0,0,0,0,0,0.0,0.085692,0,0.0,0,339,1,0,0.8239,0.1109,GREEN,43,Mumbai
CLM0016157,MUM_02027,Dadar,2016-09-21,21,0,0,0,0,0,0,0,0,0,0.0,0.204028,0,0.0,0,97,3,1,0.3293,0.0986,GREEN,44,Mumbai
CLM0016158,MUM_08917,Powai,2020-11-03,8,0,0,0,0,0,0,0,1,0,0.0,0.297824,0,0.0,0,420,4,1,0.6625,0.0918,GREEN,56,Mumbai
CLM0016159,MUM_03431,Bandra,2021-07-07,9,0,0,0,0,0,0,0,0,0,0.0,0.346376,0,0.0,0,183,1,2,0.5697,0.0,GREEN,18,Mumbai
CLM0016160,MUM_06129,Powai,2021-03-26,11,0,0,0,0,0,0,0,0,0,0.0,0.110685,0,0.0,0,420,0,4,0.8404,0.0,GREEN,31,Mumbai
CLM0016161,MUM_06247,Ghatkopar,2024-11-14,8,0,0,0,0,0,0,0,0,0,0.0,0.290625,0,0.0,0,381,2,3,0.7702,0.0,GREEN,55,Mumbai
CLM0016162,MUM_05027,Chembur,2025-11-17,16,0,0,0,0,0,0,0,0,0,0.0,0.061347,0,0.0,0,224,4,3,0.6138,0.0,GREEN,37,Mumbai
CLM0016163,MUM_05899,Vashi,2024-09-05,18,0,0,0,0,0,0,0,0,0,0.0,0.0,0,0.0,0,89,2,0,0.701,0.0,GREEN,35,Mumbai
CLM0016164,MUM_06858,Thane,2025-01-12,11,0,0,0,0,0,1,0,0,0,1.0,0.260289,1,0.0,0,420,1,2,0.1467,0.1651,GREEN,46,Mumbai
CLM0016165,MUM_03572,Ghatkopar,2025-09-24,7,0,0,0,0,0,0,0,0,0,0.0,0.250592,0,1.0,0,420,4,1,0.9216,0.0511,GREEN,56,Mumbai
CLM0016166,MUM_05530,Lower Parel,2023-06-29,18,0,0,0,0,0,0,0,0,0,0.0,0.292762,0,0.0,0,262,3,0,0.5544,0.0,GREEN,47,Mumbai
CLM0016167,MUM_08804,Thane,2025-11-30,21,0,0,0,0,0,1,0,1,0,0.0,0.165981,0,0.0,0,319,3,1,0.5682,0.1615,GREEN,40,Mumbai
CLM0016168,MUM_02108,Borivali,2021-07-25,14,0,0,0,1,0,0,0,0,0,0.0,0.032469,0,0.0,0,267,1,2,0.5971,0.009,GREEN,36,Mumbai
CLM0016169,MUM_03044,Powai,2021-04-12,15,0,0,0,0,0,0,0,0,0,0.0,0.262225,0,0.0,0,420,2,3,0.9056,0.0214,GREEN,47,Mumbai
CLM0016170,MUM_05304,Lower Parel,2025-08-04,21,0,0,0,0,0,0,0,0,0,0.0,0.106456,0,0.0,0,274,0,0,0.6999,0.0,GREEN,57,Mumbai
CLM0016171,MUM_03111,Thane,2024-11-28,10,0,0,0,0,0,0,0,0,0,0.0,0.184297,0,0.0,0,190,2,2,0.05,0.0,GREEN,37,Mumbai
CLM0016172,MUM_08985,Dadar,2017-12-19,9,0,0,0,0,0,0,0,0,0,0.0,0.284392,0,0.0,0,92,1,0,0.5308,0.0143,GREEN,40,Mumbai
CLM0016173,MUM_09239,Bandra,2020-01-28,7,0,1,1,0,0,0,0,0,1,0.0,0.048411,0,1.0,0,80,4,0,0.5366,0.0129,GREEN,33,Mumbai
CLM0016174,MUM_06351,Powai,2021-05-19,15,0,0,0,0,0,0,0,0,0,0.0,0.265734,0,0.0,0,378,0,3,0.898,0.0957,GREEN,34,Mumbai
CLM0016175,MUM_06301,Chembur,2025-04-01,10,0,0,0,0,0,0,0,0,0,1.0,1.0,0,0.0,0,231,0,4,0.7015,0.0465,GREEN,39,Mumbai
CLM0016176,MUM_04148,Thane,2021-04-20,12,0,0,0,0,0,1,0,0,0,0.0,0.069824,0,0.0,0,410,4,5,0.4695,0.2333,GREEN,36,Mumbai
CLM0016177,MUM_04735,Dadar,2025-08-02,8,0,0,0,0,0,0,0,0,0,0.0,0.284027,0,0.0,0,293,0,5,0.7032,0.0,GREEN,42,Mumbai
CLM0016178,MUM_00302,Lower Parel,2024-03-05,8,0,0,0,0,0,0,0,0,0,0.0,0.163918,0,0.0,0,176,2,3,0.6107,0.0498,GREEN,52,Mumbai
CLM0016179,MUM_03737,Andheri,2020-11-14,19,0,0,0,0,0,0,0,0,0,0.0,0.059635,0,0.0,0,161,2,4,0.98,0.0027,GREEN,31,Mumbai
CLM0016180,MUM_07416,Bandra,2025-02-20,16,0,0,0,0,0,0,0,0,0,0.0,1.0,0,0.0,0,245,0,4,0.2339,0.0,GREEN,32,Mumbai
CLM0016181,MUM_02895,Andheri,2023-03-24,18,0,0,0,0,0,0,0,0,0,0.0,0.992079,0,0.0,0,116,4,4,0.8446,0.0,GREEN,40,Mumbai
CLM0016182,MUM_01557,Dadar,2021-12-20,8,0,0,0,0,0,0,0,1,0,1.0,0.423538,0,0.0,0,222,0,3,0.8232,0.0907,GREEN,40,Mumbai
CLM0016183,MUM_09167,Borivali,2021-12-27,13,0,0,0,0,0,0,0,0,0,0.0,0.971836,0,0.0,0,237,3,0,0.8534,0.0,GREEN,35,Mumbai
CLM0016184,MUM_04375,Thane,2023-07-11,8,0,0,0,0,0,0,0,0,0,0.0,0.0,0,0.0,0,142,1,1,0.0639,0.0088,GREEN,43,Mumbai
CLM0016185,MUM_02667,Dadar,2024-03-16,9,0,0,0,0,0,0,0,0,0,0.0,0.0,0,0.0,0,284,4,0,0.7926,0.1702,GREEN,22,Mumbai
CLM0016186,MUM_04636,Thane,2022-12-02,21,0,0,0,0,0,0,0,0,0,1.0,0.327744,0,0.0,0,420,4,2,0.8076,0.0857,GREEN,58,Mumbai
CLM0016187,MUM_02688,Borivali,2025-12-22,16,0,0,0,0,0,0,0,0,0,0.0,0.023921,0,0.0,0,74,4,3,0.3765,0.0,GREEN,34,Mumbai
CLM0016188,MUM_09847,Borivali,2025-06-20,11,0,0,0,0,0,0,0,0,0,1.0,0.184861,0,0.0,0,418,2,0,0.977,0.0676,GREEN,63,Mumbai
CLM0016189,MUM_05862,Andheri,2024-08-24,18,0,0,0,0,0,0,0,1,0,0.0,0.202982,0,0.0,0,272,4,5,0.5484,0.0791,GREEN,55,Mumbai
CLM0016190,MUM_08014,Powai,2024-08-19,13,0,0,0,0,0,0,0,0,0,1.0,0.143612,0,0.0,0,77,1,3,0.6033,0.1005,GREEN,42,Mumbai
CLM0016191,MUM_08884,Powai,2025-01-04,15,0,0,0,0,1,0,0,0,0,0.0,0.243468,0,0.0,0,420,0,2,0.6634,0.0775,GREEN,50,Mumbai
CLM0016192,MUM_06635,Ghatkopar,2025-12-13,18,0,1,1,0,0,0,0,0,0,0.0,0.254144,0,0.0,0,253,3,4,0.2731,0.0189,GREEN,57,Mumbai
CLM0016193,MUM_06234,Thane,2020-08-12,10,0,0,0,0,0,0,0,0,0,1.0,0.076392,1,0.0,0,400,1,2,0.4558,0.1325,GREEN,39,Mumbai
CLM0016194,MUM_00663,Ghatkopar,2023-08-26,18,0,0,0,0,0,0,0,0,0,1.0,0.268402,0,1.0,0,267,1,3,0.23,0.0,GREEN,42,Mumbai
CLM0016195,MUM_03334,Dadar,2023-07-21,13,0,0,0,0,0,1,0,0,0,0.0,0.281169,0,0.0,0,255,4,2,0.7613,0.1323,GREEN,39,Mumbai
CLM0016196,MUM_01626,Ghatkopar,2018-12-04,12,0,0,0,0,0,0,0,0,1,0.0,0.200559,0,0.0,0,391,3,1,0.0757,0.1307,GREEN,47,Mumbai
CLM0016197,MUM_02659,Ghatkopar,2025-11-16,17,0,0,0,0,0,0,0,0,0,1.0,0.064154,0,0.0,0,420,1,0,0.98,0.0993,GREEN,24,Mumbai
CLM0016198,MUM_05950,Lower Parel,2024-09-10,16,0,0,0,0,0,0,0,0,0,0.0,0.053932,0,0.0,0,232,3,3,0.6535,0.0,GREEN,42,Mumbai
CLM0016199,MUM_09766,Lower Parel,2024-11-09,12,0,0,0,0,0,0,0,0,0,1.0,0.274317,0,0.0,0,289,1,7,0.9594,0.1079,GREEN,50,Mumbai
CLM0016200,MUM_08381,Bandra,2024-04-08,9,0,0,0,0,0,0,1,1,0,0.0,0.019071,0,0.0,0,84,0,3,0.4224,0.2695,GREEN,32,Mumbai
CLM0016201,MUM_03984,Dadar,2024-09-11,19,0,0,0,0,0,0,0,0,0,0.0,0.255979,0,0.0,0,317,4,2,0.8186,0.0106,GREEN,20,Mumbai
CLM0016202,MUM_00444,Thane,2016-10-21,7,0,0,0,1,0,0,0,0,0,0.0,1.0,0,0.0,0,420,3,0,0.2771,0.152,GREEN,49,Mumbai
CLM0016203,MUM_05105,Lower Parel,2019-12-29,13,0,0,0,0,0,0,0,0,0,0.0,0.030832,0,0.0,0,345,1,6,0.2676,0.0472,GREEN,23,Mumbai
CLM0016204,MUM_06925,Borivali,2025-05-04,12,0,0,0,0,0,0,0,0,0,0.0,0.952477,0,1.0,0,148,1,5,0.98,0.0,GREEN,43,Mumbai
CLM0016205,MUM_07836,Bandra,2016-08-06,16,0,0,0,0,0,0,0,0,0,0.0,0.194162,0,0.0,0,177,2,1,0.1643,0.0082,GREEN,45,Mumbai
CLM0016206,MUM_08564,Andheri,2022-08-01,15,0,0,0,0,0,1,0,0,0,0.0,0.03925,0,0.0,0,262,1,2,0.7352,0.1409,GREEN,54,Mumbai
CLM0016207,MUM_05100,Andheri,2016-05-20,15,0,0,0,0,0,0,0,0,0,0.0,0.411687,0,0.0,0,300,3,4,0.8612,0.0,GREEN,48,Mumbai
CLM0016208,MUM_02988,Ghatkopar,2018-01-18,9,0,0,0,1,0,0,0,0,0,0.0,0.10203,0,0.0,0,305,1,3,0.1253,0.2107,GREEN,41,Mumbai
CLM0016209,MUM_09486,Powai,2018-06-18,15,0,0,0,0,0,0,0,0,1,0.0,0.984617,0,0.0,0,48,0,1,0.675,0.0878,GREEN,56,Mumbai
CLM0016210,MUM_07388,Lower Parel,2025-09-21,7,0,0,0,0,0,0,0,0,0,0.0,0.023348,0,0.0,0,264,3,2,0.2016,0.0142,GREEN,44,Mumbai
CLM0016211,MUM_04910,Bandra,2019-06-03,10,0,0,0,0,0,0,0,0,1,0.0,0.253684,0,0.0,0,35,1,0,0.7369,0.1639,GREEN,30,Mumbai
CLM0016212,MUM_01628,Chembur,2022-12-21,18,0,0,0,0,0,0,0,0,0,0.0,0.274271,0,0.0,0,420,3,2,0.8751,0.0313,GREEN,43,Mumbai
CLM0016213,MUM_00952,Borivali,2023-10-29,11,0,0,0,0,0,0,0,0,0,0.0,0.046274,0,0.0,0,360,0,6,0.7041,0.0,GREEN,45,Mumbai
CLM0016214,MUM_00934,Powai,2025-02-10,10,0,0,0,0,0,0,0,0,0,0.0,0.298629,0,0.0,0,264,4,1,0.98,0.0,GREEN,58,Mumbai
CLM0016215,MUM_06868,Chembur,2025-02-06,15,0,0,0,1,0,1,0,0,0,0.0,0.25232,0,0.0,0,370,3,1,0.05,0.282,GREEN,55,Mumbai
CLM0016216,MUM_05948,Borivali,2025-11-30,15,0,0,0,1,0,0,0,0,0,0.0,0.157379,0,0.0,0,120,2,0,0.5284,0.1677,GREEN,49,Mumbai
CLM0016217,MUM_08060,Thane,2025-05-25,19,0,0,0,0,0,1,0,0,0,0.0,0.208253,0,0.0,0,420,1,4,0.05,0.0517,GREEN,61,Mumbai
CLM0016218,MUM_03154,Powai,2025-02-26,17,0,0,0,0,0,1,0,0,0,0.0,0.278747,0,1.0,0,241,1,0,0.6838,0.2466,GREEN,60,Mumbai
CLM0016219,MUM_00194,Lower Parel,2023-09-13,11,0,0,0,0,0,1,0,0,0,1.0,1.0,0,1.0,0,226,3,7,0.8825,0.1037,GREEN,49,Mumbai
CLM0016220,MUM_00562,Borivali,2024-05-27,17,0,0,0,0,0,0,0,0,0,0.0,1.0,0,0.0,0,6,2,3,0.05,0.0,GREEN,60,Mumbai
CLM0016221,MUM_04992,Ghatkopar,2019-05-01,19,0,0,0,0,0,0,0,0,0,0.0,0.330174,0,0.0,0,420,2,0,0.6908,0.0,GREEN,44,Mumbai
CLM0016222,MUM_04595,Powai,2019-08-10,9,0,0,0,0,1,1,1,1,0,0.0,0.323105,1,0.0,0,155,0,0,0.9382,0.3864,YELLOW,41,Mumbai
CLM0016223,MUM_01938,Dadar,2022-01-16,15,0,1,1,0,0,0,0,1,1,0.0,0.196485,0,0.0,0,107,4,1,0.6293,0.3619,YELLOW,45,Mumbai
CLM0016224,MUM_01114,Vashi,2023-10-24,13,0,1,1,0,0,0,0,0,0,0.0,0.264888,0,0.0,1,391,4,0,0.7662,0.0,GREEN,46,Mumbai
CLM0016225,MUM_07518,Thane,2021-06-19,13,0,0,0,0,0,0,0,0,0,0.0,0.313183,0,0.0,0,104,3,3,0.4631,0.0,GREEN,43,Mumbai
CLM0016226,MUM_09082,Thane,2024-12-23,19,0,0,0,0,0,0,0,0,0,0.0,1.0,0,0.0,0,86,2,0,0.801,0.0,GREEN,51,Mumbai
CLM0016227,MUM_08739,Ghatkopar,2020-08-04,19,0,0,0,0,1,0,0,0,0,0.0,1.0,0,0.0,1,273,3,1,0.5538,0.2686,GREEN,31,Mumbai
CLM0016228,MUM_01600,Chembur,2023-07-23,8,0,0,0,0,1,0,0,1,0,0.0,1.0,0,0.0,0,37,0,0,0.5631,0.1152,GREEN,48,Mumbai
CLM0016229,MUM_05205,Bandra,2020-01-28,18,0,0,0,0,0,0,1,1,0,0.0,0.049688,0,0.0,0,164,1,0,0.4956,0.1597,GREEN,40,Mumbai
CLM0016230,MUM_07280,Ghatkopar,2025-01-10,20,0,0,0,0,0,0,0,0,0,0.0,1.0,0,0.0,0,369,4,4,0.9529,0.0,GREEN,56,Mumbai
CLM0016231,MUM_05209,Lower Parel,2021-03-07,7,0,0,0,0,0,1,0,0,0,0.0,0.16376,0,0.0,0,186,1,1,0.2611,0.186,GREEN,30,Mumbai
CLM0016232,MUM_02470,Ghatkopar,2018-04-08,20,0,0,0,0,0,0,1,0,0,0.0,0.225352,0,0.0,0,79,2,6,0.6184,0.0262,GREEN,51,Mumbai
CLM0016233,MUM_05154,Andheri,2018-09-28,16,0,0,0,0,0,0,0,0,0,0.0,0.139376,0,0.0,0,292,4,4,0.9258,0.0653,GREEN,21,Mumbai
CLM0016234,MUM_03708,Thane,2025-12-07,17,0,0,0,0,0,0,0,0,0,0.0,0.317022,0,0.0,0,197,2,8,0.3986,0.0667,GREEN,35,Mumbai
CLM0016235,MUM_00778,Powai,2025-01-23,14,0,0,0,0,0,0,0,0,0,0.0,0.087659,0,0.0,0,160,1,3,0.9521,0.0,GREEN,27,Mumbai
CLM0016236,MUM_06005,Chembur,2021-04-11,8,0,0,0,0,0,0,0,0,0,0.0,0.999552,0,0.0,0,420,1,1,0.1434,0.0,GREEN,28,Mumbai
CLM0016237,MUM_03667,Vashi,2024-11-06,16,0,0,0,0,0,1,0,0,0,0.0,0.278019,0,0.0,0,142,2,4,0.9215,0.135,GREEN,54,Mumbai
CLM0016238,MUM_04703,Andheri,2025-03-23,21,0,0,0,0,0,1,0,0,0,0.0,0.072019,0,0.0,0,420,1,3,0.53,0.1702,GREEN,59,Mumbai
CLM0016239,MUM_08735,Borivali,2025-01-14,15,0,0,0,0,0,0,0,0,0,0.0,1.0,0,0.0,0,8,2,1,0.5642,0.0305,GREEN,50,Mumbai
CLM0016240,MUM_03656,Ghatkopar,2024-11-02,21,0,0,0,0,0,0,0,0,0,0.0,0.207373,0,0.0,0,387,0,2,0.893,0.0,GREEN,36,Mumbai
CLM0016241,MUM_08252,Bandra,2025-05-06,14,0,0,0,0,0,0,0,0,0,0.0,0.923794,1,0.0,0,208,4,2,0.1251,0.1247,GREEN,42,Mumbai
CLM0016242,MUM_02667,Dadar,2023-06-28,20,0,0,0,0,0,0,0,0,0,0.0,0.3541,0,0.0,0,364,2,2,0.8578,0.1262,GREEN,22,Mumbai
CLM0016243,MUM_01597,Bandra,2025-03-27,15,0,0,0,0,0,1,0,0,0,0.0,0.381647,0,0.0,0,215,1,5,0.7781,0.096,GREEN,50,Mumbai
CLM0016244,MUM_03575,Thane,2024-11-12,13,0,0,0,1,1,1,1,1,1,1.0,0.104972,0,1.0,0,8,4,18,0.6954,0.0622,GREEN,40,Mumbai
CLM0016245,MUM_04400,Vashi,2024-07-27,16,0,0,0,0,1,0,0,0,0,0.0,0.158253,0,0.0,0,159,3,6,0.5038,0.0441,GREEN,44,Mumbai
CLM0016246,MUM_06059,Vashi,2024-01-27,18,0,0,0,0,0,1,0,0,0,0.0,0.0,0,0.0,0,420,2,0,0.6643,0.1046,GREEN,52,Mumbai
CLM0016247,MUM_09212,Borivali,2020-07-02,10,0,0,0,0,0,1,0,0,0,0.0,0.354115,0,0.0,0,420,4,0,0.7785,0.0125,GREEN,18,Mumbai
CLM0016248,MUM_08261,Borivali,2020-05-25,8,0,0,0,0,0,0,0,0,0,0.0,0.282485,0,0.0,0,354,2,1,0.4552,0.0996,GREEN,32,Mumbai
CLM0016249,MUM_09436,Thane,2021-08-28,20,0,0,0,0,0,0,0,0,0,0.0,0.37441,0,0.0,0,183,2,0,0.9339,0.0077,GREEN,32,Mumbai
CLM0016250,MUM_05869,Bandra,2021-01-10,12,0,0,0,0,0,0,0,0,0,0.0,0.274661,0,0.0,0,420,4,1,0.6254,0.0114,GREEN,44,Mumbai
CLM0016251,MUM_03686,Dadar,2021-12-16,11,0,0,0,0,0,0,0,0,0,0.0,0.196989,0,0.0,1,193,1,0,0.5891,0.0988,GREEN,41,Mumbai
CLM0016252,MUM_08497,Chembur,2023-09-24,8,0,0,0,0,0,0,0,1,0,0.0,0.0,0,0.0,0,111,3,0,0.8378,0.0823,GREEN,29,Mumbai
CLM0016253,MUM_07973,Dadar,2024-05-11,8,0,0,0,1,0,0,0,0,0,0.0,0.993026,0,0.0,0,420,4,5,0.4746,0.0972,GREEN,48,Mumbai
CLM0016254,MUM_08636,Lower Parel,2025-12-16,14,0,0,0,0,0,0,0,0,0,0.0,0.448497,0,0.0,0,420,1,2,0.6129,0.0,GREEN,54,Mumbai
CLM0016255,MUM_04773,Vashi,2020-07-27,15,0,0,0,0,0,0,0,0,0,0.0,0.43737,0,0.0,0,47,3,1,0.7323,0.0,GREEN,40,Mumbai
CLM0016256,MUM_00533,Powai,2024-01-09,8,0,0,0,0,0,0,0,0,0,0.0,0.044459,0,0.0,0,79,0,3,0.2526,0.0,GREEN,46,Mumbai
CLM0016257,MUM_02185,Ghatkopar,2024-02-19,12,0,1,1,0,0,0,0,0,0,0.0,0.225576,0,0.0,0,32,4,0,0.98,0.0,GREEN,38,Mumbai
CLM0016258,MUM_00291,Vashi,2021-02-19,15,0,0,0,1,0,0,1,1,1,1.0,0.941083,1,1.0,1,10,1,18,0.05,0.0,GREEN,48,Mumbai
CLM0016259,MUM_00828,Thane,2023-03-07,12,0,0,0,0,0,0,0,0,0,0.0,0.349213,0,1.0,0,315,1,4,0.2458,0.1192,GREEN,65,Mumbai
CLM0016260,MUM_01785,Chembur,2025-06-24,21,0,0,0,0,0,0,0,0,0,0.0,0.183837,0,0.0,0,203,0,4,0.6986,0.0,GREEN,41,Mumbai
CLM0016261,MUM_02872,Thane,2023-08-13,21,0,0,0,0,0,0,0,0,0,0.0,0.175568,0,0.0,0,420,0,1,0.9041,0.0,GREEN,48,Mumbai
CLM0016262,MUM_08355,Ghatkopar,2024-08-28,14,0,0,0,0,0,0,0,0,0,0.0,0.094914,0,0.0,0,420,3,0,0.7647,0.0214,GREEN,57,Mumbai
CLM0016263,MUM_06791,Andheri,2023-11-18,14,0,0,0,0,0,0,0,0,0,0.0,0.162394,0,0.0,0,284,2,2,0.7979,0.0,GREEN,45,Mumbai
CLM0016264,MUM_07998,Andheri,2022-10-09,21,0,0,0,0,0,0,0,0,1,0.0,0.31257,0,1.0,0,420,0,2,0.6366,0.0689,GREEN,48,Mumbai
CLM0016265,MUM_04917,Andheri,2020-02-05,12,0,0,0,0,0,0,1,0,0,0.0,0.0,1,0.0,1,253,4,2,0.7603,0.2783,GREEN,46,Mumbai
CLM0016266,MUM_00586,Andheri,2023-01-12,18,0,0,0,0,0,1,1,1,1,0.0,0.395255,0,1.0,0,19,4,18,0.05,0.0,GREEN,28,Mumbai
CLM0016267,MUM_06148,Vashi,2025-03-08,13,0,0,0,1,1,1,1,0,1,0.0,0.159132,1,0.0,1,24,2,18,0.7837,0.0719,GREEN,60,Mumbai
CLM0016268,MUM_04221,Andheri,2021-12-27,18,0,0,0,1,0,0,0,0,0,0.0,0.28065,0,0.0,0,28,0,2,0.4277,0.1125,GREEN,46,Mumbai
CLM0016269,MUM_07864,Chembur,2022-10-23,13,0,0,0,0,0,0,0,0,0,1.0,0.239755,0,0.0,0,420,3,0,0.5787,0.0,GREEN,45,Mumbai
CLM0016270,MUM_03643,Ghatkopar,2022-11-04,14,0,0,0,0,0,1,0,0,0,0.0,0.0,0,0.0,0,403,4,1,0.8053,0.1339,GREEN,49,Mumbai
CLM0016271,MUM_06736,Lower Parel,2020-06-18,18,0,0,0,0,0,0,0,0,0,0.0,0.933151,0,0.0,0,403,0,4,0.6104,0.0,GREEN,55,Mumbai
CLM0016272,MUM_09843,Vashi,2021-06-04,13,0,0,0,0,0,0,0,0,0,0.0,0.280376,0,0.0,0,352,4,0,0.6803,0.0583,GREEN,36,Mumbai
CLM0016273,MUM_08315,Thane,2022-11-27,7,0,1,1,0,0,0,0,0,0,0.0,0.964265,0,0.0,0,375,3,6,0.519,0.0,GREEN,47,Mumbai
CLM0016274,MUM_08877,Chembur,2020-04-21,11,0,0,0,0,0,1,0,1,0,0.0,0.209994,0,0.0,0,96,3,2,0.9687,0.1635,GREEN,44,Mumbai
CLM0016275,MUM_04453,Thane,2024-06-30,20,0,0,0,0,0,1,0,0,0,0.0,0.191759,0,0.0,0,139,0,5,0.7585,0.2418,GREEN,30,Mumbai
CLM0016276,MUM_05111,Thane,2020-08-28,21,0,0,0,0,0,0,0,0,0,0.0,0.220479,0,0.0,0,356,2,0,0.9742,0.0195,GREEN,45,Mumbai
CLM0016277,MUM_04853,Bandra,2025-11-08,19,0,0,0,0,0,0,0,0,0,0.0,0.349204,0,0.0,0,420,4,2,0.9744,0.0,GREEN,54,Mumbai
CLM0016278,MUM_02692,Vashi,2018-08-17,18,0,0,0,0,0,0,0,0,0,0.0,0.240609,0,0.0,0,165,0,4,0.1344,0.0718,GREEN,52,Mumbai
CLM0016279,MUM_01449,Andheri,2021-05-07,13,0,0,0,0,0,0,0,0,0,0.0,0.326778,0,0.0,0,230,1,3,0.9112,0.0,GREEN,40,Mumbai
CLM0016280,MUM_07033,Borivali,2018-06-11,16,0,0,0,0,0,0,0,0,1,0.0,0.248788,0,0.0,0,413,3,3,0.7838,0.1763,GREEN,47,Mumbai
CLM0016281,MUM_04074,Powai,2018-11-04,8,0,0,0,0,0,0,0,0,0,0.0,0.205365,0,0.0,0,53,3,0,0.8873,0.0303,GREEN,34,Mumbai
CLM0016282,MUM_03937,Borivali,2025-05-08,19,0,0,0,0,0,0,0,0,0,0.0,0.230981,0,0.0,0,420,3,1,0.8966,0.1399,GREEN,43,Mumbai
CLM0016283,MUM_07279,Lower Parel,2022-03-04,16,0,0,0,0,0,0,1,0,0,1.0,0.201249,0,0.0,1,420,0,2,0.9006,0.2669,GREEN,32,Mumbai
CLM0016284,MUM_08866,Thane,2024-03-21,9,0,0,0,0,0,0,0,0,0,0.0,0.191375,0,1.0,0,164,4,2,0.625,0.0028,GREEN,46,Mumbai
CLM0016285,MUM_00157,Dadar,2024-03-09,7,0,0,0,0,0,0,0,0,0,0.0,0.0,0,0.0,0,364,4,3,0.904,0.0,GREEN,42,Mumbai
CLM0016286,MUM_08143,Powai,2022-09-08,21,0,0,0,0,0,0,0,1,0,0.0,0.345264,0,0.0,0,91,4,4,0.687,0.1826,GREEN,45,Mumbai
CLM0016287,MUM_05543,Bandra,2025-08-28,8,0,0,0,0,0,0,0,0,0,0.0,0.115502,0,0.0,0,289,0,3,0.7257,0.0,GREEN,39,Mumbai
CLM0016288,MUM_03220,Bandra,2019-08-05,12,0,0,0,0,0,0,0,0,0,0.0,0.398077,0,0.0,0,420,0,7,0.7804,0.0,GREEN,44,Mumbai
CLM0016289,MUM_03361,Powai,2020-01-27,12,0,0,0,0,0,0,0,0,0,0.0,0.308653,0,1.0,0,420,0,0,0.6136,0.0,GREEN,47,Mumbai
CLM0016290,MUM_05319,Lower Parel,2019-08-09,16,0,0,0,0,0,0,0,0,0,0.0,0.0,0,1.0,0,259,0,3,0.8214,0.0,GREEN,38,Mumbai
CLM0016291,MUM_09488,Ghatkopar,2023-11-16,13,0,0,0,0,0,0,0,0,0,0.0,0.287565,0,0.0,0,109,3,2,0.8747,0.0413,GREEN,21,Mumbai
CLM0016292,MUM_08621,Vashi,2021-03-28,18,0,0,0,0,0,0,0,0,1,0.0,0.924741,0,0.0,0,420,2,3,0.8242,0.1019,GREEN,33,Mumbai
CLM0016293,MUM_09364,Vashi,2025-04-12,20,0,0,0,0,0,0,0,0,0,0.0,0.461342,0,0.0,0,420,4,0,0.7931,0.0144,GREEN,33,Mumbai
CLM0016294,MUM_06300,Bandra,2019-02-17,11,0,0,0,0,0,0,0,0,0,0.0,0.417955,0,0.0,0,325,1,2,0.7806,0.0,GREEN,30,Mumbai
CLM0016295,MUM_07818,Ghatkopar,2024-07-10,9,0,0,0,0,0,0,0,0,0,1.0,1.0,1,1.0,0,420,4,3,0.7407,0.0239,GREEN,37,Mumbai
CLM0016296,MUM_00041,Dadar,2023-12-28,17,0,0,0,0,0,0,1,0,0,0.0,0.207941,0,0.0,0,353,4,5,0.98,0.0848,GREEN,37,Mumbai
CLM0016297,MUM_04525,Chembur,2025-09-10,16,0,0,0,0,0,0,0,1,0,0.0,0.874861,0,0.0,0,264,0,0,0.3654,0.1871,GREEN,56,Mumbai
CLM0016298,MUM_07142,Thane,2025-03-28,9,0,0,0,0,0,0,0,0,0,0.0,0.347953,0,0.0,0,98,1,3,0.1418,0.0,GREEN,45,Mumbai
CLM0016299,MUM_00188,Chembur,2025-10-21,7,0,0,0,1,0,0,1,1,0,0.0,0.938218,0,0.0,1,5,2,18,0.4739,0.0487,GREEN,49,Mumbai
CLM0016300,MUM_09819,Lower Parel,2025-05-16,8,0,0,0,0,1,0,0,0,0,0.0,0.048745,0,0.0,0,62,2,3,0.6976,0.0981,GREEN,30,Mumbai
CLM0016301,MUM_06762,Vashi,2024-02-11,20,0,0,0,1,1,0,0,1,1,1.0,0.886041,0,0.0,0,27,0,18,0.0525,0.0318,GREEN,21,Mumbai
CLM0016302,MUM_04062,Borivali,2024-02-16,8,0,0,0,0,0,0,0,0,0,0.0,0.294315,0,0.0,0,336,0,2,0.8956,0.0,GREEN,38,Mumbai
CLM0016303,MUM_00259,Vashi,2024-09-26,17,0,0,0,0,0,0,0,0,0,0.0,0.0913,0,0.0,0,271,2,0,0.3696,0.0338,GREEN,52,Mumbai
CLM0016304,MUM_04535,Thane,2025-10-31,15,0,1,1,0,0,1,1,1,0,0.0,1.0,0,0.0,1,10,2,18,0.8259,0.3638,YELLOW,39,Mumbai
CLM0016305,MUM_05018,Bandra,2018-12-16,17,0,1,1,1,1,1,1,1,0,0.0,0.111536,0,0.0,1,5,0,18,0.8387,0.7463,RED,30,Mumbai
CLM0016306,MUM_08514,Thane,2025-03-29,15,0,1,1,0,0,1,0,0,0,0.0,0.357623,0,0.0,0,42,1,2,0.6882,0.1757,GREEN,62,Mumbai
CLM0016307,MUM_09988,Dadar,2016-11-26,19,0,1,1,0,0,0,0,0,0,0.0,0.487452,0,0.0,0,166,0,3,0.6253,0.6897,RED,41,Mumbai
CLM0016308,MUM_09752,Borivali,2021-12-08,8,0,1,1,1,1,1,0,0,1,1.0,0.864094,0,0.0,1,34,2,18,0.05,0.8084,RED,43,Mumbai
CLM0016309,MUM_09333,Bandra,2024-06-21,11,0,1,1,1,1,0,1,1,1,0.0,0.110063,1,0.0,1,25,0,18,0.9242,0.722,RED,46,Mumbai
CLM0016310,MUM_07946,Vashi,2017-07-13,10,0,1,1,1,0,1,1,1,1,0.0,0.070892,0,0.0,1,5,2,11,0.835,0.6734,RED,29,Mumbai
CLM0016311,MUM_01051,Powai,2019-09-03,7,0,1,1,1,0,0,1,1,1,1.0,0.146954,0,1.0,1,5,0,18,0.1189,0.6397,RED,37,Mumbai
CLM0016312,MUM_00649,Bandra,2022-04-07,11,0,1,1,0,1,0,0,1,0,1.0,0.179284,1,0.0,1,7,2,18,0.05,0.5209,YELLOW,49,Mumbai
CLM0016313,MUM_04322,Bandra,2021-08-04,7,0,1,1,1,0,0,1,0,1,1.0,0.923798,0,0.0,0,5,1,18,0.05,0.4097,YELLOW,29,Mumbai
CLM0016314,MUM_03871,Bandra,2018-06-17,19,0,1,1,0,0,0,1,0,1,1.0,0.089242,0,0.0,0,51,0,5,0.8126,0.6614,RED,45,Mumbai
CLM0016315,MUM_04646,Dadar,2024-10-22,18,0,0,0,0,0,0,0,0,0,0.0,0.419746,0,0.0,0,12,1,3,0.0816,0.0803,GREEN,18,Mumbai
CLM0016316,MUM_01437,Dadar,2023-07-21,13,0,0,0,0,0,1,0,0,0,0.0,0.240611,0,0.0,0,43,4,0,0.7112,0.1372,GREEN,37,Mumbai
CLM0016317,MUM_04691,Borivali,2025-02-13,17,0,0,0,0,0,0,0,0,0,0.0,0.447286,0,0.0,0,290,0,5,0.8026,0.014,GREEN,40,Mumbai
CLM0016318,MUM_07232,Chembur,2025-06-04,15,0,0,0,0,0,0,0,1,0,0.0,0.032504,0,0.0,0,186,4,0,0.969,0.0,GREEN,24,Mumbai
CLM0016319,MUM_08416,Borivali,2023-12-18,19,0,0,0,0,0,0,0,0,0,0.0,0.213503,0,0.0,0,420,3,0,0.6903,0.0,GREEN,37,Mumbai
CLM0016320,MUM_04865,Dadar,2021-02-05,16,0,0,0,0,0,0,0,0,0,0.0,0.265353,0,0.0,0,165,4,2,0.0986,0.0251,GREEN,46,Mumbai
CLM0016321,MUM_07599,Vashi,2025-12-24,9,0,0,0,0,0,0,0,0,0,1.0,0.054894,0,0.0,0,420,0,4,0.7866,0.043,GREEN,43,Mumbai
CLM0016322,MUM_06362,Bandra,2022-05-31,19,0,0,0,0,0,1,0,1,0,0.0,0.266459,0,0.0,0,346,0,2,0.7035,0.1201,GREEN,27,Mumbai
CLM0016323,MUM_00535,Thane,2017-12-31,9,0,0,0,0,0,0,0,0,0,0.0,0.269413,0,0.0,0,147,2,1,0.9033,0.1664,GREEN,31,Mumbai
CLM0016324,MUM_06254,Ghatkopar,2019-05-17,16,0,0,0,0,0,0,0,0,0,1.0,0.161748,0,0.0,0,202,4,0,0.5391,0.0461,GREEN,33,Mumbai
CLM0016325,MUM_05966,Chembur,2025-08-05,19,0,0,0,0,0,0,1,0,0,0.0,0.997904,0,0.0,0,385,1,4,0.8864,0.0507,GREEN,29,Mumbai
CLM0016326,MUM_01512,Dadar,2024-07-31,17,0,0,0,0,0,1,0,0,0,0.0,0.0,0,0.0,1,188,4,6,0.618,0.2562,GREEN,55,Mumbai
CLM0016327,MUM_04794,Lower Parel,2023-05-28,15,0,0,0,0,0,0,0,0,0,0.0,0.408973,0,0.0,0,234,0,5,0.8876,0.0,GREEN,38,Mumbai
CLM0016328,MUM_03919,Andheri,2025-08-12,13,0,0,0,0,0,0,0,0,0,0.0,0.905147,0,0.0,0,138,0,0,0.7451,0.0,GREEN,30,Mumbai
CLM0016329,MUM_04822,Chembur,2022-10-20,13,0,0,0,0,0,1,0,0,0,0.0,0.222905,0,0.0,0,377,2,3,0.6069,0.1598,GREEN,46,Mumbai
CLM0016330,MUM_08969,Chembur,2023-08-21,10,0,0,0,0,0,0,0,0,0,0.0,0.303005,0,0.0,0,316,1,6,0.8879,0.0252,GREEN,27,Mumbai
CLM0016331,MUM_08869,Andheri,2025-01-17,19,0,0,0,0,0,0,0,0,0,1.0,0.188382,0,0.0,0,16,1,0,0.6212,0.1387,GREEN,51,Mumbai
CLM0016332,MUM_06200,Thane,2025-10-04,13,0,0,0,0,0,0,0,0,0,0.0,0.93287,0,0.0,0,251,2,2,0.1576,0.0643,GREEN,19,Mumbai
CLM0016333,MUM_01683,Borivali,2024-09-04,20,0,0,0,0,0,0,0,0,0,0.0,0.371396,0,0.0,0,272,4,1,0.9561,0.0,GREEN,43,Mumbai
CLM0016334,MUM_05725,Bandra,2019-03-30,20,0,0,0,0,0,0,0,0,0,0.0,0.111801,0,0.0,0,384,2,1,0.8112,0.12,GREEN,46,Mumbai
CLM0016335,MUM_06279,Powai,2025-08-10,7,0,0,0,0,0,0,0,1,1,0.0,0.200263,0,0.0,0,352,2,4,0.6264,0.2329,GREEN,37,Mumbai
CLM0016336,MUM_09618,Bandra,2019-02-16,19,0,1,1,0,0,0,0,0,0,0.0,0.13893,0,0.0,0,420,0,0,0.98,0.0,GREEN,36,Mumbai
CLM0016337,MUM_02192,Powai,2022-06-12,19,0,0,0,0,0,0,0,0,0,0.0,0.416222,0,0.0,0,240,3,2,0.8631,0.0433,GREEN,55,Mumbai
CLM0016338,MUM_05434,Thane,2025-05-08,17,0,0,0,0,0,0,0,0,0,0.0,0.334844,0,0.0,0,420,1,1,0.98,0.0365,GREEN,18,Mumbai
CLM0016339,MUM_09103,Ghatkopar,2019-09-07,16,0,0,0,0,0,0,0,0,0,0.0,0.003635,0,0.0,0,385,4,3,0.05,0.0,GREEN,36,Mumbai
CLM0016340,MUM_02568,Bandra,2019-06-06,10,0,0,0,0,0,0,0,0,0,0.0,0.030277,0,0.0,0,420,2,2,0.3865,0.0313,GREEN,22,Mumbai
CLM0016341,MUM_09712,Lower Parel,2021-12-10,21,0,0,0,0,0,0,0,0,0,0.0,0.114634,0,0.0,0,420,2,1,0.2073,0.0587,GREEN,37,Mumbai
CLM0016342,MUM_09775,Lower Parel,2017-11-18,7,0,0,0,0,0,0,1,0,0,0.0,0.120634,1,0.0,0,371,1,3,0.6305,0.0358,GREEN,61,Mumbai
CLM0016343,MUM_06866,Andheri,2022-02-02,12,0,0,0,1,0,0,0,1,0,1.0,0.402634,0,0.0,0,371,1,1,0.7904,0.0843,GREEN,60,Mumbai
CLM0016344,MUM_06090,Borivali,2020-07-19,13,0,0,0,1,1,1,1,0,1,0.0,0.038685,1,0.0,1,25,0,11,0.7369,0.2179,GREEN,40,Mumbai
CLM0016345,MUM_07477,Powai,2023-09-04,14,0,0,0,0,0,0,0,0,0,0.0,1.0,0,0.0,0,229,3,4,0.6109,0.0,GREEN,36,Mumbai
CLM0016346,MUM_02516,Bandra,2025-02-01,17,0,1,1,0,0,0,0,0,0,0.0,0.111221,0,0.0,0,325,4,4,0.1826,0.0,GREEN,32,Mumbai
CLM0016347,MUM_00035,Ghatkopar,2025-05-17,16,0,1,1,0,0,0,1,0,0,0.0,0.346986,0,0.0,0,257,0,3,0.2911,0.1202,GREEN,31,Mumbai
CLM0016348,MUM_00178,Lower Parel,2020-11-25,21,0,0,0,0,0,0,0,0,0,0.0,0.359156,0,0.0,0,334,1,5,0.8208,0.0993,GREEN,35,Mumbai
CLM0016349,MUM_00284,Lower Parel,2024-08-11,7,0,1,1,0,0,0,0,0,0,1.0,0.22668,0,0.0,0,411,3,4,0.98,0.0773,GREEN,36,Mumbai
CLM0016350,MUM_04677,Lower Parel,2025-12-25,21,0,0,0,0,0,0,0,0,0,0.0,1.0,0,0.0,0,420,4,3,0.6595,0.0148,GREEN,49,Mumbai
CLM0016351,MUM_02993,Andheri,2022-03-22,19,0,0,0,0,0,0,0,0,0,0.0,0.165141,0,0.0,0,354,2,2,0.7323,0.0,GREEN,60,Mumbai
CLM0016352,MUM_01566,Lower Parel,2024-03-04,17,0,0,0,0,1,0,0,0,0,1.0,0.080471,0,0.0,0,367,2,0,0.8303,0.2027,GREEN,39,Mumbai
CLM0016353,MUM_01311,Lower Parel,2022-04-18,18,0,0,0,0,0,0,0,0,0,0.0,0.204592,0,0.0,0,420,3,4,0.5398,0.0287,GREEN,38,Mumbai
CLM0016354,MUM_08500,Lower Parel,2025-09-19,14,0,0,0,0,0,0,0,0,0,0.0,0.418647,0,0.0,0,266,1,7,0.2243,0.0,GREEN,21,Mumbai
CLM0016355,MUM_01334,Bandra,2025-03-24,17,0,0,0,0,0,0,0,0,0,1.0,0.985798,0,1.0,0,420,1,5,0.98,0.0299,GREEN,32,Mumbai
CLM0016356,MUM_09757,Chembur,2025-04-26,15,0,0,0,0,0,1,0,0,0,0.0,0.0,0,0.0,0,286,0,3,0.859,0.0673,GREEN,46,Mumbai
CLM0016357,MUM_02072,Borivali,2022-05-21,10,0,0,0,0,0,0,1,0,0,0.0,0.046002,0,0.0,0,400,1,1,0.6032,0.0449,GREEN,56,Mumbai
CLM0016358,MUM_03860,Vashi,2025-07-31,13,0,0,0,0,0,0,0,0,0,0.0,1.0,0,0.0,0,95,0,4,0.5534,0.0,GREEN,39,Mumbai
CLM0016359,MUM_01762,Andheri,2022-10-16,20,0,0,0,0,0,0,0,0,0,0.0,0.179893,0,0.0,0,278,3,2,0.9355,0.0941,GREEN,38,Mumbai
CLM0016360,MUM_04244,Vashi,2022-05-18,15,0,0,0,0,0,0,0,0,0,0.0,0.104888,0,0.0,0,54,2,4,0.7407,0.0,GREEN,36,Mumbai
CLM0016361,MUM_03276,Borivali,2025-08-22,15,0,0,0,0,0,0,0,0,0,0.0,0.262352,0,1.0,0,360,4,5,0.8759,0.0,GREEN,45,Mumbai
CLM0016362,MUM_01366,Vashi,2020-03-15,17,0,0,0,0,0,0,0,0,0,0.0,0.081179,0,0.0,0,306,3,7,0.8966,0.0,GREEN,50,Mumbai
CLM0016363,MUM_06932,Dadar,2025-02-27,17,0,0,0,0,0,0,0,0,0,0.0,0.164643,0,0.0,0,32,2,2,0.78,0.0018,GREEN,55,Mumbai
CLM0016364,MUM_00484,Vashi,2021-10-02,14,0,0,0,0,0,0,0,0,0,0.0,0.479021,0,0.0,0,54,1,3,0.9209,0.0,GREEN,28,Mumbai
CLM0016365,MUM_06697,Borivali,2025-03-25,7,0,0,0,0,0,0,0,0,0,0.0,0.228418,0,0.0,0,5,0,1,0.05,0.0,GREEN,27,Mumbai
CLM0016366,MUM_04117,Bandra,2020-07-10,7,0,0,0,1,0,0,0,0,0,0.0,1.0,0,0.0,0,39,0,2,0.9367,0.0983,GREEN,28,Mumbai
CLM0016367,MUM_09481,Andheri,2023-02-11,9,0,0,0,1,0,0,0,0,0,0.0,0.304789,0,0.0,0,199,0,2,0.6753,0.0885,GREEN,36,Mumbai
CLM0016368,MUM_00538,Dadar,2021-08-25,9,0,0,0,0,0,0,1,0,0,0.0,0.286729,0,0.0,0,122,4,1,0.1105,0.0177,GREEN,54,Mumbai
CLM0016369,MUM_05554,Vashi,2021-03-09,19,0,0,0,0,0,0,0,0,0,0.0,0.052073,0,0.0,0,64,4,2,0.6339,0.0019,GREEN,60,Mumbai
CLM0016370,MUM_00221,Chembur,2023-05-09,12,0,0,0,0,0,0,0,1,0,0.0,1.0,0,0.0,0,420,0,5,0.6586,0.1628,GREEN,20,Mumbai
CLM0016371,MUM_02459,Lower Parel,2025-02-27,16,0,0,0,0,0,1,0,0,0,0.0,0.023476,0,0.0,0,420,3,4,0.05,0.1687,GREEN,53,Mumbai
CLM0016372,MUM_00536,Borivali,2023-05-26,7,0,0,0,0,0,1,0,0,1,0.0,0.201638,0,0.0,0,81,2,0,0.8618,0.1834,GREEN,40,Mumbai
CLM0016373,MUM_03483,Ghatkopar,2022-06-10,8,0,0,0,0,0,0,0,0,0,0.0,0.319804,0,0.0,0,53,2,3,0.9663,0.0,GREEN,30,Mumbai
CLM0016374,MUM_09758,Vashi,2023-09-19,19,0,0,0,0,0,0,0,0,0,0.0,0.967396,0,0.0,0,416,1,3,0.7268,0.0237,GREEN,43,Mumbai
CLM0016375,MUM_09987,Powai,2024-04-17,14,0,1,1,1,0,0,0,0,0,0.0,0.043894,0,0.0,0,33,4,3,0.7256,0.1418,GREEN,29,Mumbai
CLM0016376,MUM_00355,Dadar,2024-09-28,8,0,0,0,0,0,0,0,0,0,0.0,0.129621,0,0.0,0,316,0,3,0.5271,0.0863,GREEN,51,Mumbai
CLM0016377,MUM_07091,Lower Parel,2025-05-23,18,0,0,0,0,1,0,0,1,0,0.0,0.117067,0,0.0,0,257,2,4,0.4591,0.1801,GREEN,51,Mumbai
CLM0016378,MUM_01229,Powai,2020-06-28,21,0,0,0,0,0,0,0,0,0,1.0,1.0,0,1.0,0,177,4,1,0.98,0.0,GREEN,47,Mumbai
CLM0016379,MUM_04542,Vashi,2025-04-09,17,0,0,0,0,0,1,0,0,0,0.0,0.046103,0,0.0,0,29,3,0,0.9098,0.1099,GREEN,38,Mumbai
CLM0016380,MUM_02985,Powai,2025-02-26,9,0,0,0,0,0,0,0,0,0,0.0,0.216782,0,0.0,0,140,3,6,0.9417,0.0,GREEN,21,Mumbai
CLM0016381,MUM_07786,Powai,2023-08-10,10,0,0,0,0,0,0,0,1,0,0.0,0.508713,0,0.0,0,384,1,1,0.7599,0.0911,GREEN,59,Mumbai
CLM0016382,MUM_04263,Dadar,2024-03-17,9,0,0,0,0,0,1,1,1,0,0.0,1.0,1,0.0,1,5,3,18,0.2713,0.1526,GREEN,40,Mumbai
CLM0016383,MUM_01425,Ghatkopar,2022-08-25,13,0,0,0,0,0,0,0,0,0,0.0,0.187253,0,0.0,0,420,2,0,0.2584,0.0,GREEN,31,Mumbai
CLM0016384,MUM_07604,Dadar,2024-10-11,7,0,0,0,0,0,0,0,0,0,0.0,0.900742,0,0.0,0,274,1,1,0.7725,0.0,GREEN,49,Mumbai
CLM0016385,MUM_05871,Dadar,2025-10-14,18,0,0,0,0,1,0,0,0,0,0.0,1.0,1,0.0,0,337,4,5,0.6629,0.1721,GREEN,58,Mumbai
CLM0016386,MUM_03362,Vashi,2025-01-06,7,0,0,0,0,0,0,0,0,0,0.0,0.150534,0,0.0,0,271,4,1,0.6997,0.0752,GREEN,36,Mumbai
CLM0016387,MUM_05197,Chembur,2024-03-04,13,0,0,0,0,0,0,0,0,0,0.0,0.106236,0,0.0,0,245,1,4,0.7719,0.0,GREEN,61,Mumbai
CLM0016388,MUM_01502,Chembur,2022-12-13,12,0,0,0,0,0,0,0,0,0,0.0,0.023238,0,0.0,0,310,1,2,0.5117,0.1094,GREEN,26,Mumbai
CLM0016389,MUM_03394,Lower Parel,2025-03-06,18,0,0,0,0,0,0,0,0,0,0.0,0.237178,0,0.0,0,407,2,2,0.5704,0.028,GREEN,52,Mumbai
CLM0016390,MUM_01805,Borivali,2025-09-21,8,0,1,1,0,0,1,0,0,0,0.0,0.976651,0,0.0,0,420,4,3,0.3737,0.0864,GREEN,33,Mumbai
CLM0016391,MUM_00451,Andheri,2025-02-11,16,0,0,0,0,0,0,0,0,1,0.0,0.314443,0,0.0,0,403,2,3,0.7585,0.0724,GREEN,36,Mumbai
CLM0016392,MUM_08067,Thane,2025-08-14,10,0,0,0,1,0,1,0,0,0,0.0,0.41574,1,0.0,0,267,2,1,0.98,0.2487,GREEN,63,Mumbai
CLM0016393,MUM_00616,Ghatkopar,2024-08-23,11,0,0,0,0,1,0,0,0,0,1.0,0.224071,0,0.0,0,417,1,2,0.5678,0.1819,GREEN,48,Mumbai
CLM0016394,MUM_04042,Ghatkopar,2025-10-26,21,0,0,0,0,0,0,0,0,0,0.0,0.914076,0,0.0,0,412,1,0,0.852,0.0,GREEN,72,Mumbai
CLM0016395,MUM_04812,Andheri,2025-12-26,11,0,0,0,0,1,0,1,1,1,1.0,0.950172,0,0.0,1,5,0,18,0.4388,0.0,GREEN,57,Mumbai
CLM0016396,MUM_03143,Borivali,2025-03-16,11,0,0,0,0,0,0,0,0,1,1.0,1.0,0,1.0,0,409,4,0,0.8647,0.1302,GREEN,56,Mumbai
CLM0016397,MUM_08363,Lower Parel,2025-11-04,15,0,0,0,0,0,0,1,0,0,0.0,0.373435,0,0.0,0,174,4,1,0.2435,0.0,GREEN,23,Mumbai
CLM0016398,MUM_03893,Borivali,2025-04-23,15,0,0,0,0,0,0,0,0,0,0.0,0.0052,0,0.0,0,394,0,1,0.5541,0.0745,GREEN,22,Mumbai
CLM0016399,MUM_07098,Ghatkopar,2022-10-11,15,0,0,0,0,0,1,0,0,0,1.0,0.054235,0,1.0,0,351,3,3,0.5523,0.1566,GREEN,37,Mumbai
CLM0016400,MUM_09802,Powai,2025-04-02,15,0,0,0,0,0,0,0,0,0,1.0,0.250214,0,1.0,0,311,3,5,0.5383,0.0568,GREEN,51,Mumbai
CLM0016401,MUM_06210,Vashi,2023-02-03,7,0,0,0,0,0,0,0,0,0,1.0,0.931157,0,1.0,0,41,4,2,0.3873,0.0295,GREEN,42,Mumbai
CLM0016402,MUM_01757,Vashi,2025-01-06,18,0,0,0,0,0,0,0,0,0,0.0,0.129457,0,0.0,1,41,4,2,0.9102,0.1543,GREEN,38,Mumbai
CLM0016403,MUM_09392,Vashi,2023-12-22,13,0,0,0,0,0,0,0,0,0,1.0,0.305128,0,0.0,0,262,1,5,0.5226,0.1499,GREEN,40,Mumbai
CLM0016404,MUM_05199,Thane,2022-10-24,18,0,0,0,0,0,0,0,0,0,1.0,0.199818,0,0.0,0,73,3,1,0.5273,0.0474,GREEN,24,Mumbai
CLM0016405,MUM_05235,Dadar,2024-11-03,8,0,1,1,0,0,0,1,0,0,0.0,0.135308,0,0.0,1,5,4,3,0.9374,0.1202,GREEN,25,Mumbai
CLM0016406,MUM_06591,Powai,2022-07-09,15,0,0,0,0,0,1,0,0,0,1.0,0.251097,0,0.0,0,231,2,2,0.6037,0.0887,GREEN,49,Mumbai
CLM0016407,MUM_06621,Powai,2019-10-02,10,0,0,0,0,0,0,0,0,0,0.0,0.297691,0,0.0,0,208,2,3,0.6075,0.0,GREEN,36,Mumbai
CLM0016408,MUM_00372,Dadar,2024-09-20,16,0,0,0,0,0,0,1,0,0,0.0,0.323611,0,0.0,0,83,2,2,0.6015,0.0826,GREEN,57,Mumbai
CLM0016409,MUM_07136,Powai,2018-10-31,19,0,0,0,0,0,0,0,0,0,0.0,0.282866,0,0.0,0,150,3,1,0.269,0.0448,GREEN,44,Mumbai
CLM0016410,MUM_06626,Andheri,2019-03-18,16,0,0,0,0,0,1,0,0,0,0.0,0.147428,0,0.0,0,75,3,6,0.8547,0.1706,GREEN,38,Mumbai
CLM0016411,MUM_09105,Ghatkopar,2019-02-09,21,0,0,0,0,0,1,1,0,0,0.0,0.0,0,0.0,0,179,2,3,0.9437,0.1628,GREEN,48,Mumbai
CLM0016412,MUM_05944,Vashi,2022-10-28,20,0,0,0,0,0,1,0,0,0,0.0,0.020672,0,0.0,0,153,1,5,0.6497,0.1147,GREEN,18,Mumbai
CLM0016413,MUM_08067,Thane,2025-10-09,11,0,0,0,0,0,0,0,0,0,0.0,0.063659,0,0.0,0,62,0,4,0.1674,0.0,GREEN,63,Mumbai
CLM0016414,MUM_06163,Powai,2022-04-23,8,0,0,0,0,0,0,0,0,0,0.0,0.03256,0,0.0,0,62,0,0,0.98,0.1254,GREEN,56,Mumbai
CLM0016415,MUM_01273,Lower Parel,2021-02-26,17,0,0,0,0,0,1,0,0,0,0.0,0.216546,0,0.0,0,199,4,0,0.9462,0.0071,GREEN,50,Mumbai
CLM0016416,MUM_05626,Andheri,2019-10-14,13,0,0,0,0,0,0,0,0,0,0.0,0.263555,0,0.0,0,240,4,3,0.6249,0.0,GREEN,53,Mumbai
CLM0016417,MUM_06343,Thane,2025-04-16,8,0,0,0,0,0,0,0,0,0,0.0,0.374861,0,0.0,0,353,4,5,0.5883,0.0501,GREEN,41,Mumbai
CLM0016418,MUM_01971,Bandra,2024-08-26,7,0,0,0,0,1,0,1,0,0,0.0,0.228272,0,0.0,0,420,1,3,0.0797,0.1609,GREEN,39,Mumbai
CLM0016419,MUM_03611,Ghatkopar,2024-02-01,20,0,0,0,0,0,0,0,0,0,0.0,0.387398,0,0.0,0,399,2,0,0.4506,0.0,GREEN,26,Mumbai
CLM0016420,MUM_08799,Andheri,2025-08-31,21,0,0,0,1,1,0,1,1,1,1.0,1.0,0,1.0,0,5,0,18,0.292,0.0015,GREEN,42,Mumbai
CLM0016421,MUM_00646,Borivali,2021-01-08,20,0,0,0,0,0,1,0,0,0,1.0,0.112883,0,0.0,0,334,4,4,0.8548,0.1501,GREEN,35,Mumbai
CLM0016422,MUM_08775,Andheri,2024-12-30,9,0,0,0,0,0,0,0,0,0,0.0,0.0,0,0.0,0,115,4,2,0.969,0.0,GREEN,36,Mumbai
CLM0016423,MUM_06995,Ghatkopar,2020-05-26,11,0,0,0,0,0,0,0,0,0,0.0,1.0,0,0.0,0,323,3,4,0.4367,0.0,GREEN,52,Mumbai
CLM0016424,MUM_08648,Bandra,2020-01-25,19,0,0,0,0,0,1,0,0,0,0.0,0.212347,0,0.0,0,295,3,3,0.0897,0.0907,GREEN,53,Mumbai
CLM0016425,MUM_09746,Lower Parel,2022-04-26,8,0,0,0,0,0,1,0,0,0,1.0,0.038023,0,0.0,0,178,4,4,0.2694,0.0996,GREEN,54,Mumbai
CLM0016426,MUM_02349,Chembur,2025-10-20,10,0,0,0,0,0,0,0,1,0,1.0,0.123865,1,0.0,0,362,2,1,0.6516,0.2601,GREEN,51,Mumbai
CLM0016427,MUM_09508,Andheri,2024-02-16,16,0,0,0,0,0,0,0,0,0,0.0,0.192586,0,0.0,0,420,0,5,0.05,0.0,GREEN,34,Mumbai
CLM0016428,MUM_06926,Thane,2020-04-04,10,0,0,0,1,1,0,0,0,0,0.0,0.201602,0,0.0,1,420,3,1,0.5272,0.2574,GREEN,34,Mumbai
CLM0016429,MUM_05622,Andheri,2022-06-30,11,0,0,0,0,0,0,0,0,0,0.0,0.234701,0,0.0,0,361,1,2,0.98,0.0337,GREEN,61,Mumbai
CLM0016430,MUM_06801,Andheri,2023-04-13,18,0,0,0,0,0,0,0,0,0,1.0,1.0,0,1.0,0,163,1,3,0.98,0.0,GREEN,41,Mumbai
CLM0016431,MUM_02867,Lower Parel,2021-12-24,13,0,1,1,0,0,0,1,1,1,1.0,0.49561,1,0.0,1,5,0,18,0.05,0.6091,YELLOW,60,Mumbai
CLM0016432,MUM_09909,Lower Parel,2021-02-02,21,0,1,1,1,0,1,1,1,1,1.0,0.387717,1,0.0,1,18,0,18,0.1883,0.7652,RED,61,Mumbai
CLM0016433,MUM_06924,Vashi,2020-10-13,12,0,1,1,1,0,0,1,1,1,1.0,0.359169,1,1.0,1,9,1,18,0.0683,0.6775,RED,53,Mumbai
CLM0016434,MUM_05812,Dadar,2022-07-07,20,0,1,1,1,1,0,1,1,1,1.0,0.950583,1,0.0,1,26,0,18,0.6966,0.8228,RED,37,Mumbai
CLM0016435,MUM_05388,Bandra,2024-09-30,7,0,1,1,1,1,1,1,1,0,0.0,0.98248,0,1.0,1,7,0,18,0.166,0.8345,RED,18,Mumbai
CLM0016436,MUM_08937,Lower Parel,2022-02-20,20,0,1,1,1,1,1,1,1,1,1.0,0.924337,1,1.0,0,20,1,18,0.1196,0.8878,RED,31,Mumbai
CLM0016437,MUM_02339,Vashi,2020-11-08,20,0,1,1,1,1,1,1,1,1,0.0,0.184847,0,0.0,1,9,0,18,0.9561,0.8074,RED,39,Mumbai
CLM0016438,MUM_06221,Vashi,2020-04-06,9,0,1,1,0,1,0,1,0,1,1.0,0.949347,0,0.0,0,17,0,18,0.2587,0.3828,YELLOW,24,Mumbai
CLM0016439,MUM_05386,Chembur,2020-09-07,11,0,1,1,1,1,1,1,0,0,0.0,0.124119,1,0.0,0,5,0,14,0.94,0.6514,RED,55,Mumbai
CLM0016440,MUM_05994,Dadar,2023-09-13,21,0,0,0,0,0,0,0,0,0,0.0,0.241969,0,0.0,0,34,2,3,0.98,0.0994,GREEN,35,Mumbai
CLM0016441,MUM_07074,Andheri,2024-05-20,18,0,0,0,0,0,0,0,0,0,1.0,1.0,0,1.0,0,141,2,0,0.9201,0.0255,GREEN,56,Mumbai
CLM0016442,MUM_01205,Vashi,2025-09-25,9,0,0,0,0,0,0,0,0,0,0.0,0.0,1,0.0,0,137,3,0,0.8147,0.0699,GREEN,39,Mumbai
CLM0016443,MUM_08579,Powai,2025-12-10,20,0,0,0,0,1,1,0,0,0,1.0,1.0,0,0.0,0,388,2,3,0.1472,0.2616,GREEN,34,Mumbai
CLM0016444,MUM_03336,Lower Parel,2025-12-11,16,0,0,0,1,0,0,0,1,0,0.0,0.278223,0,0.0,0,420,1,3,0.7695,0.2593,GREEN,49,Mumbai
CLM0016445,MUM_06146,Chembur,2025-03-23,13,0,0,0,0,0,0,0,1,0,1.0,0.179449,0,0.0,0,103,3,0,0.4653,0.209,GREEN,34,Mumbai
CLM0016446,MUM_04176,Bandra,2025-02-27,10,0,0,0,1,0,0,0,0,0,0.0,0.442586,0,0.0,0,420,2,3,0.6337,0.1284,GREEN,35,Mumbai
CLM0016447,MUM_06413,Powai,2024-11-14,9,0,0,0,0,0,0,0,0,0,0.0,0.322349,0,0.0,0,357,1,1,0.8667,0.0144,GREEN,46,Mumbai
CLM0016448,MUM_06232,Powai,2024-09-01,13,0,0,0,0,0,0,0,0,0,0.0,0.286985,0,0.0,0,59,1,1,0.8108,0.0364,GREEN,33,Mumbai
CLM0016449,MUM_01521,Thane,2025-07-09,18,0,0,0,1,1,0,0,1,0,0.0,0.90806,0,1.0,0,5,2,18,0.0816,0.0507,GREEN,59,Mumbai
CLM0016450,MUM_09269,Lower Parel,2025-03-01,14,0,0,0,0,0,0,0,0,0,0.0,0.067753,0,0.0,0,390,3,4,0.2965,0.035,GREEN,37,Mumbai
CLM0016451,MUM_03898,Lower Parel,2024-06-22,8,0,0,0,0,0,0,0,0,0,0.0,0.186715,0,0.0,0,218,0,2,0.98,0.0,GREEN,50,Mumbai
CLM0016452,MUM_09329,Vashi,2025-03-26,11,0,0,0,0,0,0,0,0,0,1.0,0.04036,0,0.0,1,420,4,3,0.463,0.184,GREEN,56,Mumbai
CLM0016453,MUM_04511,Andheri,2024-09-21,16,0,1,1,0,0,0,0,0,0,0.0,0.259196,0,0.0,0,275,1,2,0.6058,0.0,GREEN,41,Mumbai
CLM0016454,MUM_04322,Bandra,2025-12-02,16,0,0,0,0,0,0,0,0,0,0.0,0.307369,0,0.0,0,397,4,3,0.98,0.0,GREEN,29,Mumbai
CLM0016455,MUM_07714,Ghatkopar,2017-05-10,14,0,0,0,0,0,0,0,1,0,0.0,0.542033,0,0.0,0,73,3,4,0.7279,0.0629,GREEN,51,Mumbai
CLM0016456,MUM_00152,Lower Parel,2016-08-27,9,0,0,0,1,1,0,0,0,0,0.0,0.40529,0,0.0,0,420,2,2,0.486,0.2004,GREEN,39,Mumbai
CLM0016457,MUM_01665,Vashi,2021-03-05,9,0,0,0,0,0,0,0,0,0,0.0,0.334607,0,0.0,0,235,2,2,0.9514,0.0,GREEN,53,Mumbai
CLM0016458,MUM_08162,Dadar,2025-04-22,20,0,0,0,0,0,0,0,0,0,0.0,0.0,0,0.0,0,388,2,2,0.9679,0.0,GREEN,47,Mumbai
CLM0016459,MUM_04589,Thane,2018-04-21,19,0,0,0,0,0,0,0,0,0,0.0,0.0,0,0.0,0,285,0,4,0.6341,0.0,GREEN,44,Mumbai
CLM0016460,MUM_01732,Andheri,2025-03-17,13,0,0,0,0,0,1,0,0,0,0.0,0.149169,0,0.0,0,418,4,1,0.6199,0.0741,GREEN,29,Mumbai
CLM0016461,MUM_04224,Vashi,2025-01-08,9,0,0,0,0,0,0,0,1,0,0.0,0.252178,0,0.0,0,420,3,4,0.723,0.0504,GREEN,21,Mumbai
CLM0016462,MUM_05937,Bandra,2025-08-31,21,0,1,1,0,0,0,1,0,0,0.0,0.120188,0,0.0,0,88,3,0,0.98,0.0936,GREEN,45,Mumbai
CLM0016463,MUM_06608,Andheri,2022-12-13,20,1,0,0,0,0,1,0,0,0,0.0,0.282827,0,0.0,0,216,0,3,0.8075,0.0617,GREEN,34,Mumbai
CLM0016464,MUM_05581,Borivali,2021-09-03,7,0,0,0,0,0,0,0,0,1,0.0,0.212503,0,0.0,0,368,1,1,0.9724,0.1675,GREEN,48,Mumbai
CLM0016465,MUM_03432,Bandra,2019-11-17,14,0,0,0,0,0,0,0,0,0,0.0,0.10234,0,0.0,0,14,0,0,0.8827,0.0006,GREEN,46,Mumbai
CLM0016466,MUM_09032,Lower Parel,2017-05-16,9,0,0,0,0,0,1,0,0,0,0.0,0.401804,0,0.0,0,103,3,2,0.3416,0.0511,GREEN,40,Mumbai
CLM0016467,MUM_07168,Thane,2023-12-05,14,0,1,1,0,0,0,0,0,0,0.0,0.272959,0,0.0,0,181,4,1,0.8145,0.0,GREEN,52,Mumbai
CLM0016468,MUM_01428,Vashi,2024-06-20,11,0,0,0,0,0,0,0,0,0,0.0,0.282399,0,0.0,0,124,0,3,0.752,0.0,GREEN,18,Mumbai
CLM0016469,MUM_00935,Chembur,2023-10-29,16,0,0,0,0,0,0,0,0,0,0.0,0.185877,0,0.0,0,420,0,5,0.8556,0.0,GREEN,27,Mumbai
CLM0016470,MUM_08691,Thane,2024-01-25,18,0,0,0,0,0,0,0,0,0,0.0,0.18734,0,0.0,1,249,1,2,0.7328,0.0766,GREEN,22,Mumbai
CLM0016471,MUM_04256,Borivali,2024-11-27,12,0,0,0,0,0,0,0,0,0,0.0,0.905834,0,0.0,0,214,0,1,0.5917,0.043,GREEN,35,Mumbai
CLM0016472,MUM_08430,Thane,2025-11-19,12,0,0,0,0,1,1,1,1,1,0.0,0.060398,0,0.0,1,5,0,18,0.8368,0.1399,GREEN,37,Mumbai
CLM0016473,MUM_05897,Thane,2025-06-20,9,0,0,0,0,0,0,0,0,0,0.0,0.350327,0,0.0,0,372,0,0,0.9468,0.0612,GREEN,32,Mumbai
CLM0016474,MUM_06315,Powai,2024-12-15,13,0,0,0,0,0,1,0,0,0,0.0,0.4376,0,0.0,0,420,3,3,0.4576,0.1649,GREEN,18,Mumbai
CLM0016475,MUM_06008,Chembur,2025-12-13,7,0,0,0,0,0,0,0,0,0,0.0,0.503599,0,0.0,0,141,3,2,0.8911,0.1039,GREEN,46,Mumbai
CLM0016476,MUM_05365,Ghatkopar,2024-08-02,19,0,0,0,0,0,0,0,0,0,0.0,0.05507,0,0.0,0,217,4,2,0.1395,0.0,GREEN,46,Mumbai
CLM0016477,MUM_01586,Bandra,2024-04-12,14,0,0,0,0,0,0,0,0,0,0.0,0.373111,0,0.0,0,282,2,8,0.6825,0.046,GREEN,41,Mumbai
CLM0016478,MUM_01736,Ghatkopar,2021-05-07,18,0,0,0,1,0,0,1,1,0,0.0,0.104864,0,0.0,0,184,0,5,0.6725,0.2993,GREEN,62,Mumbai
CLM0016479,MUM_05192,Lower Parel,2025-07-31,11,0,0,0,0,0,1,0,0,0,0.0,0.0,0,0.0,0,179,3,6,0.98,0.0646,GREEN,37,Mumbai
CLM0016480,MUM_06034,Vashi,2025-03-09,7,0,0,0,0,0,1,0,0,0,0.0,0.315797,0,0.0,0,97,4,1,0.6036,0.127,GREEN,49,Mumbai
CLM0016481,MUM_07304,Dadar,2022-07-10,17,0,0,0,0,0,0,1,0,1,1.0,0.964144,0,1.0,0,377,1,4,0.8986,0.1528,GREEN,54,Mumbai
CLM0016482,MUM_09082,Thane,2025-11-05,13,0,0,0,0,0,0,0,0,0,0.0,0.389683,0,0.0,0,137,1,4,0.7316,0.0,GREEN,51,Mumbai
CLM0016483,MUM_01855,Bandra,2020-06-04,12,0,0,0,1,0,0,0,0,0,0.0,0.300742,0,0.0,0,314,2,0,0.663,0.122,GREEN,41,Mumbai
CLM0016484,MUM_02993,Andheri,2025-09-24,17,0,0,0,0,0,0,0,1,1,0.0,0.084268,0,0.0,0,420,0,0,0.7634,0.2333,GREEN,60,Mumbai
CLM0016485,MUM_06107,Powai,2022-10-25,9,0,0,0,0,0,1,0,0,1,0.0,0.014175,0,0.0,0,5,0,3,0.5699,0.2261,GREEN,46,Mumbai
CLM0016486,MUM_09783,Vashi,2025-02-20,13,0,0,0,0,0,0,0,0,0,1.0,0.0,0,0.0,0,36,2,0,0.7197,0.0,GREEN,48,Mumbai
CLM0016487,MUM_03722,Bandra,2025-11-07,9,0,0,0,0,0,0,0,0,0,1.0,0.24834,0,0.0,0,79,4,1,0.7614,0.0,GREEN,27,Mumbai
CLM0016488,MUM_08448,Dadar,2019-02-18,8,0,0,0,0,0,0,0,0,0,0.0,0.217766,0,0.0,0,22,4,2,0.8706,0.057,GREEN,22,Mumbai
CLM0016489,MUM_01637,Lower Parel,2020-06-16,14,0,0,0,0,0,0,0,0,0,0.0,0.007049,1,0.0,0,420,4,1,0.894,0.1038,GREEN,54,Mumbai
CLM0016490,MUM_01756,Chembur,2019-05-28,12,0,1,1,0,1,0,0,0,0,0.0,0.141754,0,0.0,0,110,1,4,0.7161,0.0363,GREEN,51,Mumbai
CLM0016491,MUM_04183,Bandra,2016-03-09,19,0,0,0,0,0,0,0,0,0,0.0,0.292649,0,0.0,0,57,0,5,0.05,0.0206,GREEN,45,Mumbai
CLM0016492,MUM_00131,Vashi,2024-03-29,21,0,0,0,0,0,0,0,0,0,0.0,0.20919,0,0.0,0,111,2,2,0.6423,0.0896,GREEN,54,Mumbai
CLM0016493,MUM_06877,Bandra,2015-08-30,14,0,0,0,0,0,0,0,0,0,0.0,0.139489,0,0.0,0,352,3,0,0.8934,0.1311,GREEN,34,Mumbai
CLM0016494,MUM_06956,Vashi,2016-03-16,12,0,0,0,0,0,0,0,0,0,0.0,0.183487,0,0.0,0,126,0,0,0.8958,0.179,GREEN,57,Mumbai
CLM0016495,MUM_03174,Powai,2016-05-13,12,0,0,0,0,0,0,0,0,0,0.0,0.181524,0,0.0,0,387,1,1,0.3226,0.0253,GREEN,35,Mumbai
CLM0016496,MUM_09567,Lower Parel,2024-04-09,18,0,0,0,0,0,0,0,0,0,1.0,0.296343,0,0.0,0,23,4,0,0.3763,0.0545,GREEN,50,Mumbai
CLM0016497,MUM_06827,Dadar,2015-08-10,12,0,1,1,0,0,0,0,0,0,1.0,0.0,0,0.0,0,420,3,2,0.8675,0.0024,GREEN,58,Mumbai
CLM0016498,MUM_03489,Andheri,2024-04-21,10,0,1,1,0,0,0,0,0,0,1.0,0.0,0,0.0,0,420,0,0,0.7218,0.0711,GREEN,34,Mumbai
CLM0016499,MUM_00197,Lower Parel,2024-12-03,11,0,1,1,1,0,0,0,0,0,0.0,0.472107,0,0.0,0,157,1,0,0.7268,0.2211,GREEN,44,Mumbai
CLM0016500,MUM_09036,Dadar,2024-07-24,11,0,0,0,0,0,0,0,0,0,0.0,0.23696,0,0.0,0,334,3,4,0.6605,0.0707,GREEN,48,Mumbai
CLM0016501,MUM_00127,Bandra,2025-07-10,19,0,0,0,0,0,0,0,0,0,0.0,0.011392,0,0.0,0,320,4,2,0.8979,0.0015,GREEN,62,Mumbai
CLM0016502,MUM_03574,Andheri,2021-11-06,12,0,0,0,1,0,0,0,0,0,0.0,0.219146,0,0.0,0,205,3,3,0.9492,0.1574,GREEN,51,Mumbai
CLM0016503,MUM_03475,Chembur,2022-11-09,20,0,0,0,1,0,0,0,0,0,0.0,0.268854,0,0.0,1,342,0,2,0.8418,0.2687,GREEN,52,Mumbai
CLM0016504,MUM_01706,Dadar,2025-10-22,13,0,0,0,1,0,0,0,0,0,1.0,0.071058,0,1.0,0,166,0,2,0.778,0.313,YELLOW,47,Mumbai
CLM0016505,MUM_08724,Chembur,2024-05-20,10,0,0,0,0,0,0,0,0,0,0.0,0.160219,0,0.0,0,67,4,5,0.9467,0.0,GREEN,42,Mumbai
CLM0016506,MUM_03354,Andheri,2023-02-09,21,0,0,0,0,0,0,0,0,0,0.0,0.36297,0,0.0,0,367,4,6,0.9168,0.0127,GREEN,50,Mumbai
CLM0016507,MUM_00699,Vashi,2022-05-24,12,0,0,0,0,0,0,0,0,0,0.0,0.101958,0,0.0,0,420,3,4,0.4652,0.1048,GREEN,60,Mumbai
CLM0016508,MUM_08640,Bandra,2023-07-02,19,0,0,0,0,0,0,0,0,0,0.0,0.0,0,0.0,0,420,0,5,0.5552,0.0361,GREEN,39,Mumbai
CLM0016509,MUM_08806,Chembur,2022-11-05,14,0,0,0,0,0,0,0,0,0,0.0,0.347061,0,0.0,0,91,3,0,0.8772,0.003,GREEN,37,Mumbai
CLM0016510,MUM_01408,Borivali,2024-07-14,17,0,0,0,0,0,0,1,0,0,0.0,0.163697,0,0.0,0,40,2,2,0.8395,0.0468,GREEN,37,Mumbai
CLM0016511,MUM_00209,Ghatkopar,2023-12-28,8,0,0,0,0,0,0,0,0,0,0.0,0.240721,0,0.0,0,27,0,0,0.05,0.0812,GREEN,50,Mumbai
CLM0016512,MUM_09120,Vashi,2018-05-29,16,0,1,1,0,0,0,0,0,0,0.0,0.106276,0,0.0,0,266,1,1,0.1118,0.0,GREEN,35,Mumbai
CLM0016513,MUM_08063,Borivali,2016-04-11,21,0,0,0,0,0,0,1,0,0,1.0,0.036922,0,0.0,0,117,2,0,0.6057,0.0897,GREEN,59,Mumbai
CLM0016514,MUM_07651,Ghatkopar,2023-05-28,9,0,0,0,0,0,0,0,0,0,0.0,0.068593,0,0.0,0,175,1,3,0.8169,0.0378,GREEN,58,Mumbai
CLM0016515,MUM_02915,Dadar,2017-06-14,17,0,0,0,0,0,0,0,0,0,0.0,0.444988,0,0.0,0,184,1,2,0.9062,0.0457,GREEN,41,Mumbai
CLM0016516,MUM_01818,Ghatkopar,2019-01-23,10,0,0,0,0,0,0,0,0,0,0.0,0.180177,0,0.0,0,406,1,4,0.587,0.0763,GREEN,29,Mumbai
CLM0016517,MUM_02972,Thane,2025-01-06,8,0,0,0,0,0,0,0,0,0,0.0,0.387035,0,0.0,0,146,1,4,0.7477,0.0,GREEN,50,Mumbai
CLM0016518,MUM_05412,Vashi,2024-04-01,18,0,0,0,0,0,1,0,0,0,0.0,0.0,0,0.0,0,238,0,7,0.98,0.1575,GREEN,41,Mumbai
CLM0016519,MUM_02012,Powai,2024-06-07,21,0,0,0,0,0,1,0,0,1,0.0,0.215373,0,0.0,0,48,3,3,0.05,0.2049,GREEN,61,Mumbai
CLM0016520,MUM_07445,Dadar,2024-01-16,14,0,0,0,0,0,0,0,0,0,0.0,0.889349,0,0.0,0,63,2,1,0.6439,0.0,GREEN,44,Mumbai
CLM0016521,MUM_05000,Powai,2024-07-23,7,0,1,1,0,0,0,0,0,0,0.0,0.230979,0,0.0,0,326,2,1,0.98,0.0,GREEN,19,Mumbai
CLM0016522,MUM_09665,Thane,2025-07-20,7,0,0,0,0,0,0,0,0,0,0.0,0.0,0,0.0,0,146,1,0,0.4938,0.0169,GREEN,50,Mumbai
CLM0016523,MUM_04477,Powai,2025-03-23,8,0,0,0,0,1,0,0,0,0,0.0,0.237191,0,0.0,0,165,3,1,0.775,0.3047,GREEN,33,Mumbai
CLM0016524,MUM_00535,Thane,2025-04-13,13,0,0,0,0,0,0,1,0,1,0.0,0.0,0,0.0,0,420,2,6,0.6467,0.1307,GREEN,31,Mumbai
CLM0016525,MUM_08537,Powai,2017-08-11,15,0,0,0,0,0,0,1,0,0,0.0,0.076222,0,0.0,1,359,3,1,0.6224,0.1359,GREEN,30,Mumbai
CLM0016526,MUM_01505,Ghatkopar,2023-09-20,19,0,1,1,0,0,0,0,0,0,0.0,0.308312,0,0.0,0,364,1,4,0.6411,0.0073,GREEN,41,Mumbai
CLM0016527,MUM_01432,Chembur,2022-12-04,9,0,0,0,0,0,0,0,0,0,0.0,0.152232,0,0.0,0,21,4,5,0.8493,0.0065,GREEN,63,Mumbai
CLM0016528,MUM_02381,Andheri,2025-07-18,15,0,0,0,0,0,0,0,0,0,0.0,0.022579,0,0.0,0,420,2,0,0.9235,0.0,GREEN,34,Mumbai
CLM0016529,MUM_04212,Borivali,2017-11-15,19,0,0,0,0,0,1,0,0,0,1.0,0.320515,0,0.0,0,179,4,0,0.05,0.2546,GREEN,38,Mumbai
CLM0016530,MUM_05145,Chembur,2025-01-02,21,0,0,0,0,0,0,0,0,0,1.0,0.119011,0,0.0,0,287,3,8,0.9447,0.0972,GREEN,29,Mumbai
CLM0016531,MUM_07689,Vashi,2024-03-14,10,0,0,0,0,0,0,0,0,0,0.0,0.205104,0,0.0,0,130,3,8,0.4583,0.0,GREEN,26,Mumbai
CLM0016532,MUM_05740,Lower Parel,2025-10-09,7,0,0,0,0,0,0,0,0,0,0.0,0.299399,0,0.0,0,232,2,0,0.1565,0.0,GREEN,44,Mumbai
CLM0016533,MUM_06146,Chembur,2024-04-02,10,0,1,1,0,0,1,0,0,0,0.0,0.261086,0,0.0,0,44,4,1,0.1617,0.1327,GREEN,34,Mumbai
CLM0016534,MUM_01196,Thane,2023-11-27,9,0,0,0,0,0,0,0,0,0,0.0,1.0,0,0.0,0,26,3,0,0.98,0.0,GREEN,34,Mumbai
CLM0016535,MUM_04109,Lower Parel,2023-05-08,19,0,0,0,0,0,0,0,0,0,1.0,0.976068,0,0.0,0,198,4,4,0.8719,0.1317,GREEN,50,Mumbai
CLM0016536,MUM_03746,Lower Parel,2024-11-10,10,0,0,0,0,0,0,0,0,0,1.0,0.263436,0,0.0,0,420,1,3,0.98,0.0309,GREEN,42,Mumbai
CLM0016537,MUM_09629,Ghatkopar,2025-07-06,14,0,0,0,0,0,0,0,0,0,0.0,0.077472,0,0.0,0,167,1,5,0.5613,0.043,GREEN,48,Mumbai
CLM0016538,MUM_02816,Thane,2025-09-27,9,0,0,0,0,0,1,0,0,0,0.0,0.337461,0,0.0,0,109,4,1,0.914,0.03,GREEN,55,Mumbai
CLM0016539,MUM_05767,Dadar,2024-03-01,14,0,0,0,0,0,0,0,0,0,0.0,0.378492,0,0.0,0,320,1,1,0.1162,0.0307,GREEN,29,Mumbai
CLM0016540,MUM_04471,Powai,2025-09-26,11,0,0,0,0,1,0,0,0,0,0.0,0.157947,0,0.0,0,274,0,1,0.5437,0.0881,GREEN,50,Mumbai
CLM0016541,MUM_03797,Dadar,2024-02-24,18,0,0,0,0,0,1,0,0,0,0.0,0.0,0,0.0,0,5,2,3,0.9728,0.0859,GREEN,45,Mumbai
CLM0016542,MUM_08028,Lower Parel,2024-04-22,16,0,0,0,0,0,0,0,0,0,0.0,0.361135,0,0.0,0,226,2,2,0.5808,0.0745,GREEN,47,Mumbai
CLM0016543,MUM_02137,Chembur,2023-11-28,8,0,0,0,0,0,0,1,1,0,0.0,0.138852,0,0.0,0,63,0,5,0.8888,0.12,GREEN,46,Mumbai
CLM0016544,MUM_03111,Thane,2025-01-04,7,0,0,0,0,0,0,0,0,0,0.0,0.329265,0,0.0,0,420,4,2,0.8376,0.092,GREEN,37,Mumbai
CLM0016545,MUM_01001,Ghatkopar,2024-02-16,21,0,0,0,0,0,0,1,0,0,0.0,0.023424,0,0.0,0,345,0,3,0.7977,0.0,GREEN,45,Mumbai
CLM0016546,MUM_07630,Andheri,2025-09-23,20,0,0,0,0,0,0,0,1,0,0.0,1.0,0,0.0,0,170,0,1,0.8521,0.1775,GREEN,48,Mumbai
CLM0016547,MUM_00425,Bandra,2023-01-08,13,0,0,0,0,0,1,0,0,0,0.0,0.319988,0,0.0,0,420,4,3,0.98,0.0928,GREEN,45,Mumbai
CLM0016548,MUM_07793,Thane,2025-01-19,17,0,0,0,0,0,0,0,0,0,0.0,0.341078,0,0.0,1,396,4,5,0.8167,0.0,GREEN,49,Mumbai
CLM0016549,MUM_08465,Thane,2025-06-17,20,0,0,0,0,0,0,0,1,0,0.0,0.057841,0,0.0,0,197,4,0,0.5487,0.2529,GREEN,37,Mumbai
CLM0016550,MUM_05120,Andheri,2024-12-16,11,0,0,0,0,0,0,0,0,0,0.0,0.360338,0,0.0,0,40,1,0,0.314,0.0,GREEN,47,Mumbai
CLM0016551,MUM_00649,Bandra,2025-05-16,7,0,0,0,0,0,0,1,0,0,1.0,0.101922,0,0.0,0,105,0,0,0.7379,0.0869,GREEN,49,Mumbai
CLM0016552,MUM_02097,Chembur,2025-12-08,20,0,0,0,0,0,1,0,0,0,0.0,0.0,0,0.0,0,291,1,4,0.7251,0.1657,GREEN,60,Mumbai
CLM0016553,MUM_08801,Ghatkopar,2025-04-09,11,0,0,0,0,0,1,0,0,0,0.0,0.248577,0,0.0,0,420,4,2,0.1533,0.0018,GREEN,41,Mumbai
CLM0016554,MUM_02092,Bandra,2025-03-13,17,0,0,0,0,0,0,0,0,0,0.0,0.094215,0,0.0,0,30,0,7,0.687,0.0,GREEN,22,Mumbai
CLM0016555,MUM_00682,Vashi,2025-12-21,9,0,0,0,0,0,0,0,0,0,0.0,0.176083,0,0.0,0,379,4,5,0.6637,0.0074,GREEN,58,Mumbai
CLM0016556,MUM_00301,Thane,2025-03-18,12,0,0,0,0,0,0,0,0,0,0.0,0.037911,0,0.0,0,420,0,2,0.8177,0.0,GREEN,43,Mumbai
CLM0016557,MUM_03373,Ghatkopar,2025-02-07,18,0,0,0,0,0,0,0,0,0,0.0,0.318639,0,0.0,0,68,3,1,0.5918,0.0,GREEN,18,Mumbai
CLM0016558,MUM_01099,Andheri,2025-04-04,11,0,0,0,0,0,0,0,0,0,0.0,0.126623,0,0.0,0,79,2,4,0.5538,0.0,GREEN,25,Mumbai
CLM0016559,MUM_07593,Dadar,2025-08-02,16,0,0,0,1,1,1,1,0,1,1.0,1.0,0,1.0,0,5,4,18,0.288,0.1089,GREEN,44,Mumbai
CLM0016560,MUM_05774,Vashi,2025-08-08,9,0,0,0,1,1,0,0,0,0,0.0,0.298581,0,0.0,0,271,4,2,0.4932,0.4469,YELLOW,18,Mumbai
CLM0016561,MUM_06580,Chembur,2025-12-07,19,0,0,0,0,0,0,0,0,0,0.0,0.043507,0,0.0,0,408,3,6,0.98,0.0,GREEN,50,Mumbai
CLM0016562,MUM_05651,Dadar,2022-03-17,11,0,0,0,0,0,0,0,0,0,0.0,0.170151,0,1.0,0,264,2,0,0.9722,0.0,GREEN,38,Mumbai
CLM0016563,MUM_07140,Chembur,2019-09-20,10,0,0,0,0,0,1,0,0,0,1.0,0.547127,0,0.0,0,54,0,4,0.8371,0.3344,YELLOW,47,Mumbai
CLM0016564,MUM_08173,Lower Parel,2025-09-01,18,0,0,0,0,0,0,0,0,0,0.0,0.013029,0,0.0,0,275,1,0,0.05,0.0149,GREEN,60,Mumbai
CLM0016565,MUM_01269,Chembur,2025-01-03,13,0,0,0,0,0,0,0,1,0,0.0,0.399466,0,0.0,1,75,3,3,0.6211,0.1685,GREEN,62,Mumbai
CLM0016566,MUM_06412,Powai,2018-08-19,9,0,0,0,1,0,0,0,0,0,0.0,0.259125,0,0.0,0,393,1,1,0.6315,0.134,GREEN,37,Mumbai
CLM0016567,MUM_04294,Dadar,2022-09-29,17,0,0,0,0,0,0,0,0,1,1.0,0.350649,0,0.0,0,420,2,3,0.9159,0.1289,GREEN,32,Mumbai
CLM0016568,MUM_01980,Chembur,2019-07-06,7,0,0,0,0,0,0,0,0,0,0.0,0.136171,0,0.0,0,420,3,5,0.2471,0.0382,GREEN,30,Mumbai
CLM0016569,MUM_04219,Powai,2024-01-13,9,0,0,0,0,0,0,0,0,0,0.0,0.114908,0,0.0,0,192,3,2,0.05,0.0518,GREEN,23,Mumbai
CLM0016570,MUM_02841,Lower Parel,2016-01-12,21,0,0,0,0,0,0,0,0,0,0.0,0.051425,0,0.0,0,420,0,3,0.0889,0.0139,GREEN,51,Mumbai
CLM0016571,MUM_07190,Vashi,2025-10-29,8,0,0,0,0,0,0,0,1,0,1.0,0.0,0,0.0,0,399,3,2,0.7141,0.18,GREEN,49,Mumbai
CLM0016572,MUM_04420,Chembur,2016-09-28,7,0,0,0,0,0,0,0,0,0,0.0,0.147058,0,0.0,0,254,2,2,0.8291,0.0252,GREEN,36,Mumbai
CLM0016573,MUM_00957,Andheri,2025-03-15,18,0,0,0,0,0,1,0,1,0,0.0,0.47018,0,0.0,0,150,2,1,0.8101,0.1347,GREEN,60,Mumbai
CLM0016574,MUM_07991,Chembur,2024-10-30,13,0,0,0,0,0,0,0,0,0,1.0,0.027806,1,0.0,0,254,1,0,0.142,0.0498,GREEN,50,Mumbai
CLM0016575,MUM_03954,Andheri,2025-07-17,16,0,0,0,0,0,0,0,0,0,0.0,0.0,0,0.0,0,133,1,3,0.7042,0.0707,GREEN,21,Mumbai
CLM0016576,MUM_02330,Andheri,2024-05-14,17,0,0,0,0,0,0,1,0,0,0.0,0.918482,0,0.0,0,123,2,2,0.4556,0.0,GREEN,61,Mumbai
CLM0016577,MUM_00221,Chembur,2025-10-31,13,0,0,0,0,0,0,0,0,0,1.0,0.101155,0,0.0,0,420,0,0,0.05,0.0451,GREEN,20,Mumbai
CLM0016578,MUM_05342,Bandra,2025-08-18,9,0,0,0,0,0,0,0,0,0,0.0,0.951141,0,0.0,0,120,4,3,0.9304,0.0,GREEN,42,Mumbai
CLM0016579,MUM_02965,Lower Parel,2025-09-24,16,0,0,0,0,0,0,0,0,0,0.0,0.0,0,0.0,0,300,1,1,0.5759,0.0528,GREEN,33,Mumbai
CLM0016580,MUM_05596,Dadar,2025-08-21,9,0,0,0,0,0,0,0,0,0,0.0,0.313846,0,0.0,0,420,1,0,0.5471,0.0211,GREEN,24,Mumbai
CLM0016581,MUM_04882,Powai,2022-11-17,10,0,0,0,0,0,1,0,0,0,0.0,0.380284,0,0.0,0,412,3,2,0.9354,0.2829,GREEN,46,Mumbai
CLM0016582,MUM_00069,Bandra,2023-10-26,14,0,0,0,0,0,0,0,0,1,0.0,0.918069,0,0.0,1,54,2,5,0.98,0.2112,GREEN,34,Mumbai
CLM0016583,MUM_06421,Dadar,2023-01-13,15,0,0,0,0,0,0,0,1,0,1.0,0.362846,0,0.0,0,76,4,4,0.556,0.0491,GREEN,42,Mumbai
CLM0016584,MUM_03218,Lower Parel,2025-11-25,15,0,0,0,0,0,0,0,0,0,0.0,0.183775,0,0.0,0,328,3,0,0.6639,0.0413,GREEN,42,Mumbai
CLM0016585,MUM_06281,Bandra,2025-12-20,20,0,1,1,0,0,0,0,0,0,0.0,1.0,0,0.0,0,320,2,3,0.98,0.0,GREEN,32,Mumbai
CLM0016586,MUM_04423,Thane,2024-06-17,11,0,0,0,0,0,0,0,1,1,0.0,0.544468,0,0.0,0,414,2,3,0.8725,0.1693,GREEN,41,Mumbai
CLM0016587,MUM_06532,Andheri,2023-10-12,12,0,0,0,0,0,0,0,0,0,0.0,0.311751,0,0.0,0,285,2,3,0.7745,0.0,GREEN,31,Mumbai
CLM0016588,MUM_05610,Dadar,2025-07-06,11,0,0,0,0,0,0,0,0,0,1.0,0.09826,0,0.0,0,112,2,3,0.98,0.1938,GREEN,51,Mumbai
CLM0016589,MUM_06866,Andheri,2024-06-01,16,0,0,0,0,0,0,0,0,0,0.0,0.193394,0,0.0,0,345,0,3,0.6651,0.0,GREEN,60,Mumbai
CLM0016590,MUM_01116,Andheri,2022-08-16,13,0,0,0,0,0,0,0,0,0,0.0,0.105023,0,0.0,0,365,1,4,0.98,0.0281,GREEN,35,Mumbai
CLM0016591,MUM_01948,Thane,2025-06-09,18,0,1,1,0,0,0,0,0,0,0.0,0.282552,0,0.0,0,420,4,0,0.8381,0.0,GREEN,45,Mumbai
CLM0016592,MUM_01841,Bandra,2024-11-22,19,0,0,0,0,0,0,0,0,0,0.0,0.232104,0,0.0,0,266,3,7,0.923,0.0105,GREEN,42,Mumbai
CLM0016593,MUM_08970,Vashi,2022-09-15,18,0,0,0,0,0,0,0,0,0,0.0,0.031499,0,0.0,1,420,2,1,0.4941,0.0575,GREEN,41,Mumbai
CLM0016594,MUM_03925,Thane,2025-08-08,21,0,0,0,0,0,1,0,0,0,0.0,0.349795,0,0.0,0,293,1,3,0.7736,0.0673,GREEN,38,Mumbai
CLM0016595,MUM_06538,Lower Parel,2019-10-26,18,0,0,0,0,0,1,0,0,0,1.0,0.299409,0,0.0,0,281,4,3,0.7969,0.139,GREEN,55,Mumbai
CLM0016596,MUM_03561,Borivali,2023-11-29,16,0,0,0,1,1,1,0,0,1,1.0,0.990382,0,0.0,1,12,0,18,0.4119,0.0363,GREEN,41,Mumbai
CLM0016597,MUM_08528,Vashi,2022-05-22,21,0,0,0,0,0,0,1,0,0,0.0,0.384188,0,1.0,0,57,0,3,0.904,0.0851,GREEN,55,Mumbai
CLM0016598,MUM_09828,Andheri,2023-10-22,12,0,0,0,0,0,0,0,0,0,0.0,0.360874,0,0.0,0,16,0,1,0.4893,0.0143,GREEN,60,Mumbai
CLM0016599,MUM_09717,Andheri,2019-04-15,7,0,1,1,0,0,0,0,1,0,0.0,0.0,0,0.0,0,186,1,0,0.1247,0.0783,GREEN,42,Mumbai
CLM0016600,MUM_05139,Bandra,2018-09-18,19,0,1,1,0,0,0,0,0,0,0.0,0.958316,0,0.0,0,28,2,2,0.1813,0.0626,GREEN,37,Mumbai
CLM0016601,MUM_06438,Powai,2024-05-10,19,0,0,0,0,0,1,0,0,0,0.0,0.352153,0,0.0,0,420,4,0,0.6316,0.0789,GREEN,38,Mumbai
CLM0016602,MUM_02360,Lower Parel,2018-07-03,9,0,0,0,0,0,0,0,0,0,0.0,0.353173,0,0.0,0,138,4,5,0.7571,0.0914,GREEN,33,Mumbai
CLM0016603,MUM_07966,Powai,2024-09-13,20,0,0,0,0,0,0,0,0,0,0.0,0.104104,0,0.0,0,202,4,0,0.5045,0.0381,GREEN,35,Mumbai
CLM0016604,MUM_08727,Chembur,2024-06-10,16,0,0,0,0,0,0,0,0,0,0.0,0.373888,0,0.0,0,223,2,0,0.98,0.0871,GREEN,65,Mumbai
CLM0016605,MUM_04429,Thane,2025-04-22,7,0,0,0,0,0,0,0,0,0,0.0,0.378866,0,0.0,0,420,2,0,0.98,0.0288,GREEN,31,Mumbai
CLM0016606,MUM_02069,Thane,2025-03-28,20,0,0,0,0,0,0,0,0,0,0.0,0.446479,0,0.0,0,370,2,0,0.5942,0.0615,GREEN,38,Mumbai
CLM0016607,MUM_03131,Thane,2023-06-04,7,0,0,0,0,0,0,0,1,0,0.0,0.06741,0,0.0,1,420,3,4,0.3739,0.1221,GREEN,49,Mumbai
CLM0016608,MUM_08871,Bandra,2024-06-29,15,0,0,0,0,0,0,0,0,0,0.0,0.226274,0,0.0,1,352,1,2,0.8562,0.103,GREEN,41,Mumbai
CLM0016609,MUM_03519,Lower Parel,2022-03-07,14,0,0,0,0,0,0,0,0,0,0.0,0.34461,0,0.0,0,97,2,4,0.7963,0.0233,GREEN,32,Mumbai
CLM0016610,MUM_08739,Ghatkopar,2020-08-31,12,0,0,0,0,0,1,0,0,0,0.0,0.003005,0,0.0,0,44,4,0,0.508,0.0973,GREEN,31,Mumbai
CLM0016611,MUM_02235,Andheri,2024-11-08,12,0,0,0,0,0,0,0,0,0,0.0,0.078997,0,0.0,0,71,1,2,0.8415,0.0229,GREEN,38,Mumbai
CLM0016612,MUM_01531,Bandra,2022-05-18,17,0,0,0,0,0,0,0,0,0,0.0,0.264707,0,0.0,0,222,0,2,0.6057,0.0484,GREEN,39,Mumbai
CLM0016613,MUM_05739,Dadar,2021-07-11,8,0,0,0,0,0,0,0,0,0,0.0,0.224111,0,0.0,0,156,3,1,0.505,0.0277,GREEN,49,Mumbai
CLM0016614,MUM_09598,Powai,2024-06-26,15,0,0,0,0,1,0,0,0,0,0.0,0.258774,0,0.0,0,265,4,2,0.7365,0.0973,GREEN,23,Mumbai
CLM0016615,MUM_00268,Bandra,2025-04-24,13,0,0,0,1,0,0,0,1,0,0.0,0.048689,0,0.0,0,364,1,2,0.6572,0.2148,GREEN,30,Mumbai
CLM0016616,MUM_01731,Vashi,2024-05-28,8,0,1,1,0,0,0,0,0,0,0.0,0.328237,0,1.0,0,263,4,0,0.748,0.0,GREEN,41,Mumbai
CLM0016617,MUM_08994,Dadar,2022-10-24,11,0,0,0,0,0,0,0,0,0,0.0,0.099136,0,0.0,0,253,0,5,0.7656,0.066,GREEN,37,Mumbai
CLM0016618,MUM_02450,Ghatkopar,2021-10-19,21,0,0,0,0,0,0,0,0,0,0.0,0.359471,0,0.0,0,172,3,3,0.05,0.0277,GREEN,42,Mumbai
CLM0016619,MUM_02380,Andheri,2023-02-11,8,0,0,0,0,0,0,0,0,0,0.0,0.177126,1,0.0,0,207,3,2,0.496,0.0376,GREEN,34,Mumbai
CLM0016620,MUM_01783,Vashi,2021-05-11,14,0,0,0,0,0,0,0,0,0,0.0,1.0,0,0.0,0,206,0,2,0.6981,0.0,GREEN,36,Mumbai
CLM0016621,MUM_01376,Borivali,2023-11-18,12,0,0,0,0,0,0,0,1,0,0.0,0.311499,0,0.0,1,165,0,3,0.2027,0.2113,GREEN,45,Mumbai
CLM0016622,MUM_05879,Bandra,2023-05-24,8,0,0,0,0,0,0,0,0,0,0.0,0.28763,0,0.0,0,420,0,2,0.4928,0.0113,GREEN,41,Mumbai
CLM0016623,MUM_05107,Thane,2022-03-23,11,0,0,0,0,0,0,1,0,0,0.0,0.134756,0,0.0,0,247,2,1,0.0511,0.0518,GREEN,58,Mumbai
CLM0016624,MUM_09946,Chembur,2019-06-25,18,0,0,0,0,1,0,1,0,1,0.0,0.946825,0,1.0,1,5,4,18,0.8029,0.1274,GREEN,45,Mumbai
CLM0016625,MUM_02390,Ghatkopar,2020-08-17,8,0,1,1,0,0,0,0,1,0,0.0,0.200715,0,0.0,0,420,3,2,0.9484,0.1523,GREEN,43,Mumbai
CLM0016626,MUM_08632,Dadar,2024-05-18,8,0,0,0,0,0,0,0,0,0,0.0,0.910523,0,0.0,0,65,2,0,0.3103,0.0786,GREEN,31,Mumbai
CLM0016627,MUM_04239,Thane,2019-10-31,11,0,0,0,0,0,0,0,0,0,0.0,0.095468,0,0.0,0,196,4,0,0.7422,0.0,GREEN,28,Mumbai
CLM0016628,MUM_04282,Thane,2019-05-17,14,0,0,0,0,0,0,0,0,0,1.0,0.305944,1,0.0,1,228,1,5,0.1563,0.155,GREEN,42,Mumbai
CLM0016629,MUM_00715,Chembur,2024-04-24,15,0,0,0,1,0,0,1,1,1,0.0,0.947912,1,0.0,1,5,0,18,0.98,0.0,GREEN,28,Mumbai
CLM0016630,MUM_08864,Vashi,2020-11-27,7,0,0,0,0,1,1,0,0,0,0.0,0.252555,0,0.0,0,191,0,4,0.7155,0.2172,GREEN,50,Mumbai
CLM0016631,MUM_05019,Thane,2022-03-08,14,0,0,0,0,0,0,0,0,0,0.0,0.979199,0,0.0,1,420,0,7,0.8591,0.1183,GREEN,40,Mumbai
CLM0016632,MUM_09847,Borivali,2023-01-08,10,0,0,0,0,0,0,0,0,1,0.0,0.046849,0,0.0,0,283,0,0,0.0729,0.1712,GREEN,63,Mumbai
CLM0016633,MUM_05593,Ghatkopar,2024-12-06,14,0,0,0,0,0,0,0,0,0,0.0,0.963669,0,0.0,1,165,1,3,0.9236,0.0639,GREEN,26,Mumbai
CLM0016634,MUM_02826,Vashi,2022-08-25,17,0,0,0,0,0,0,0,0,0,0.0,0.073794,0,0.0,0,225,2,4,0.2389,0.0,GREEN,37,Mumbai
CLM0016635,MUM_02286,Vashi,2023-08-30,9,0,0,0,0,0,1,0,0,0,0.0,0.323672,0,0.0,0,420,2,4,0.5371,0.1448,GREEN,46,Mumbai
CLM0016636,MUM_01571,Powai,2025-10-29,14,0,0,0,0,0,0,0,0,0,0.0,0.0,0,0.0,0,104,4,5,0.8429,0.1555,GREEN,53,Mumbai
CLM0016637,MUM_09610,Powai,2020-04-13,15,0,1,1,0,0,0,1,0,0,0.0,0.026579,0,1.0,0,420,1,0,0.9626,0.0145,GREEN,54,Mumbai
CLM0016638,MUM_03883,Ghatkopar,2024-04-01,15,0,1,1,0,0,0,0,0,0,0.0,1.0,0,0.0,0,420,3,3,0.8746,0.0,GREEN,46,Mumbai
CLM0016639,MUM_01543,Borivali,2017-06-05,16,0,0,0,0,0,1,0,0,0,0.0,1.0,0,0.0,0,126,2,4,0.6161,0.0798,GREEN,48,Mumbai
CLM0016640,MUM_01186,Ghatkopar,2022-11-28,19,0,0,0,0,0,0,0,0,0,0.0,0.016712,0,1.0,0,420,4,1,0.6107,0.1044,GREEN,18,Mumbai
CLM0016641,MUM_09989,Thane,2023-03-13,13,0,0,0,0,0,0,0,0,0,0.0,0.18878,0,0.0,0,70,0,3,0.8188,0.0728,GREEN,44,Mumbai
CLM0016642,MUM_00730,Vashi,2023-05-10,10,0,1,1,0,0,0,0,0,0,0.0,0.104583,0,0.0,0,122,4,2,0.8473,0.0,GREEN,47,Mumbai
CLM0016643,MUM_09646,Vashi,2025-09-13,15,0,0,0,0,0,0,0,0,0,0.0,0.330886,0,0.0,0,178,0,0,0.7953,0.0185,GREEN,21,Mumbai
CLM0016644,MUM_06680,Bandra,2024-03-07,20,0,0,0,0,0,0,0,0,0,0.0,0.040968,1,0.0,0,19,0,0,0.8859,0.1744,GREEN,41,Mumbai
CLM0016645,MUM_04421,Chembur,2024-02-20,17,0,0,0,0,0,0,0,0,0,0.0,1.0,0,0.0,0,420,2,4,0.618,0.0,GREEN,52,Mumbai
CLM0016646,MUM_09680,Chembur,2023-01-20,12,0,0,0,0,0,0,0,1,0,0.0,0.0,0,0.0,0,420,0,3,0.8682,0.1726,GREEN,47,Mumbai
CLM0016647,MUM_04708,Chembur,2025-04-05,10,0,0,0,0,0,0,0,0,0,0.0,0.330993,1,0.0,0,177,1,3,0.755,0.0905,GREEN,44,Mumbai
CLM0016648,MUM_00924,Powai,2023-05-21,18,0,1,1,0,0,0,0,0,0,0.0,0.388658,0,0.0,0,284,1,2,0.8127,0.0,GREEN,55,Mumbai
CLM0016649,MUM_06931,Chembur,2024-03-02,13,0,0,0,0,0,0,0,0,0,0.0,0.232158,0,0.0,0,150,4,3,0.6619,0.0319,GREEN,33,Mumbai
CLM0016650,MUM_00411,Chembur,2023-09-21,21,0,0,0,0,1,0,0,0,0,0.0,0.189592,0,0.0,0,233,0,0,0.2994,0.0717,GREEN,56,Mumbai
CLM0016651,MUM_03916,Borivali,2023-03-30,10,0,0,0,0,0,0,0,0,0,0.0,0.076707,0,0.0,0,256,3,5,0.4814,0.0,GREEN,51,Mumbai
CLM0016652,MUM_00080,Dadar,2019-03-18,17,0,0,0,0,0,0,0,0,0,0.0,0.0,0,0.0,0,420,3,2,0.9195,0.0499,GREEN,39,Mumbai
CLM0016653,MUM_07026,Borivali,2021-01-31,18,0,0,0,0,0,0,1,0,0,0.0,0.439088,1,0.0,0,325,1,2,0.98,0.1706,GREEN,45,Mumbai
CLM0016654,MUM_00965,Dadar,2024-08-29,8,0,0,0,0,0,0,0,0,0,0.0,0.0,0,0.0,0,90,2,1,0.8706,0.0,GREEN,24,Mumbai
CLM0016655,MUM_05522,Lower Parel,2020-07-26,11,0,0,0,0,0,0,0,0,0,0.0,0.211832,0,0.0,0,298,1,3,0.7086,0.0,GREEN,45,Mumbai
CLM0016656,MUM_09595,Lower Parel,2022-10-30,17,0,0,0,0,0,0,0,0,0,0.0,0.089797,1,0.0,0,230,2,5,0.9082,0.0178,GREEN,41,Mumbai
CLM0016657,MUM_08912,Dadar,2024-07-21,15,0,0,0,0,0,1,0,0,0,0.0,0.424391,0,0.0,0,20,2,0,0.7814,0.1845,GREEN,47,Mumbai
CLM0016658,MUM_04412,Powai,2021-12-24,11,0,0,0,0,0,0,0,0,0,0.0,0.193932,1,1.0,0,420,4,1,0.5618,0.0794,GREEN,34,Mumbai
CLM0016659,MUM_00595,Chembur,2019-04-19,10,0,0,0,0,0,0,0,0,0,0.0,0.185929,1,0.0,0,50,4,5,0.6293,0.0958,GREEN,43,Mumbai
CLM0016660,MUM_09690,Bandra,2025-09-24,14,0,0,0,0,0,0,0,0,1,0.0,0.44468,0,0.0,1,275,1,2,0.6396,0.2354,GREEN,26,Mumbai
CLM0016661,MUM_05377,Ghatkopar,2020-01-01,17,0,0,0,0,1,0,0,0,0,0.0,0.316841,0,0.0,0,118,1,2,0.05,0.2292,GREEN,60,Mumbai
CLM0016662,MUM_05758,Ghatkopar,2023-06-28,20,0,1,1,0,0,0,0,1,0,0.0,0.344717,0,0.0,0,391,0,2,0.7091,0.1048,GREEN,38,Mumbai
CLM0016663,MUM_06071,Powai,2020-07-15,13,0,0,0,0,0,0,0,0,0,0.0,0.308453,0,0.0,1,420,2,2,0.644,0.1899,GREEN,59,Mumbai
CLM0016664,MUM_07634,Powai,2020-02-24,11,0,0,0,0,0,0,0,0,0,0.0,0.181389,0,1.0,0,256,3,5,0.9796,0.0133,GREEN,34,Mumbai
CLM0016665,MUM_07566,Vashi,2020-01-05,8,0,0,0,0,0,0,0,0,0,0.0,0.154964,0,0.0,0,280,3,1,0.9154,0.0,GREEN,43,Mumbai
CLM0016666,MUM_00536,Borivali,2023-07-09,16,0,0,0,0,0,0,0,0,0,0.0,0.045954,0,0.0,1,417,0,4,0.1156,0.0769,GREEN,40,Mumbai
CLM0016667,MUM_03684,Chembur,2023-04-30,13,0,0,0,0,0,0,1,0,0,0.0,0.190597,0,0.0,0,43,0,0,0.6205,0.0222,GREEN,57,Mumbai
CLM0016668,MUM_04531,Vashi,2019-09-21,14,0,0,0,0,0,0,0,0,0,0.0,0.271238,0,0.0,0,209,1,4,0.5685,0.0793,GREEN,49,Mumbai
CLM0016669,MUM_08385,Bandra,2018-02-21,7,0,0,0,0,0,0,0,0,0,0.0,0.048076,0,0.0,0,188,2,3,0.519,0.0,GREEN,43,Mumbai
CLM0016670,MUM_01753,Thane,2018-12-10,15,0,0,0,0,0,0,0,0,0,0.0,0.148484,0,0.0,0,246,4,3,0.6874,0.0,GREEN,46,Mumbai
CLM0016671,MUM_05482,Thane,2023-02-13,19,0,0,0,0,0,1,0,1,0,1.0,0.186885,0,0.0,0,260,0,8,0.4411,0.2835,GREEN,44,Mumbai
CLM0016672,MUM_01841,Bandra,2019-10-09,17,0,0,0,1,0,0,1,1,0,0.0,0.0,0,0.0,0,256,4,5,0.8334,0.238,GREEN,42,Mumbai
CLM0016673,MUM_06793,Chembur,2021-04-29,16,0,1,1,0,0,0,0,0,0,0.0,0.279729,0,0.0,0,420,2,5,0.7268,0.0137,GREEN,32,Mumbai
CLM0016674,MUM_04174,Bandra,2025-04-10,13,0,0,0,0,0,1,0,0,0,0.0,0.269549,0,0.0,1,420,0,0,0.833,0.1305,GREEN,27,Mumbai
CLM0016675,MUM_01036,Vashi,2025-03-12,7,0,0,0,0,0,0,0,0,0,0.0,0.109054,0,0.0,0,103,1,2,0.749,0.0,GREEN,33,Mumbai
CLM0016676,MUM_05543,Bandra,2024-08-26,10,0,0,0,0,0,0,0,0,0,0.0,0.087453,0,0.0,0,420,1,0,0.4278,0.0636,GREEN,39,Mumbai
CLM0016677,MUM_01093,Powai,2024-03-06,15,0,0,0,0,0,0,0,0,0,0.0,0.103885,0,1.0,0,30,2,4,0.8383,0.0339,GREEN,43,Mumbai
CLM0016678,MUM_01008,Bandra,2021-05-28,13,0,0,0,0,0,0,0,0,0,0.0,0.048424,0,0.0,0,5,3,6,0.7387,0.0317,GREEN,29,Mumbai
CLM0016679,MUM_04603,Ghatkopar,2018-08-05,17,0,0,0,1,1,1,1,1,0,0.0,0.160279,0,1.0,0,5,1,18,0.1749,0.0,GREEN,42,Mumbai
CLM0016680,MUM_04650,Powai,2021-03-28,19,0,0,0,0,0,0,0,1,0,0.0,0.274409,0,0.0,0,213,1,5,0.8657,0.0634,GREEN,18,Mumbai
CLM0016681,MUM_07089,Lower Parel,2021-05-30,14,0,0,0,0,0,0,1,0,0,0.0,0.349388,0,1.0,0,5,0,2,0.6993,0.1251,GREEN,22,Mumbai
CLM0016682,MUM_07368,Bandra,2022-12-27,16,0,0,0,0,0,0,1,0,0,0.0,0.0,1,0.0,0,282,2,5,0.8071,0.1939,GREEN,49,Mumbai
CLM0016683,MUM_03142,Chembur,2020-09-25,21,0,0,0,0,0,0,0,0,0,0.0,0.254482,0,0.0,0,420,4,3,0.9024,0.0,GREEN,58,Mumbai
CLM0016684,MUM_07320,Lower Parel,2024-03-03,16,0,0,0,0,0,0,0,0,0,0.0,0.142949,0,0.0,0,322,4,0,0.98,0.0,GREEN,49,Mumbai
CLM0016685,MUM_05124,Borivali,2019-04-24,15,0,0,0,0,0,0,0,0,0,0.0,1.0,0,0.0,1,199,3,2,0.7688,0.1082,GREEN,55,Mumbai
CLM0016686,MUM_06955,Chembur,2025-03-01,12,0,0,0,0,0,0,0,0,0,0.0,0.117208,0,0.0,0,366,3,0,0.6115,0.0091,GREEN,50,Mumbai
CLM0016687,MUM_05197,Chembur,2023-02-05,10,0,0,0,0,0,0,0,0,0,0.0,0.200071,0,0.0,0,263,4,4,0.7959,0.0654,GREEN,61,Mumbai
CLM0016688,MUM_02215,Dadar,2024-05-09,14,0,0,0,0,0,0,0,0,0,0.0,0.211964,0,0.0,0,234,2,5,0.8657,0.0,GREEN,36,Mumbai
CLM0016689,MUM_02467,Lower Parel,2022-12-03,19,0,0,0,0,0,0,0,0,1,0.0,0.116455,0,0.0,0,330,4,0,0.4936,0.1073,GREEN,19,Mumbai
CLM0016690,MUM_01588,Andheri,2023-06-20,18,0,0,0,0,0,0,0,0,0,1.0,0.409557,0,0.0,0,58,1,2,0.9792,0.0595,GREEN,49,Mumbai
CLM0016691,MUM_06369,Chembur,2023-01-06,18,0,1,1,0,0,0,0,0,0,0.0,0.933941,0,0.0,0,420,4,1,0.7318,0.0114,GREEN,52,Mumbai
CLM0016692,MUM_07145,Lower Parel,2023-08-20,12,0,0,0,0,0,0,0,0,0,0.0,0.03029,0,0.0,0,420,4,1,0.7897,0.0,GREEN,46,Mumbai
CLM0016693,MUM_03734,Bandra,2024-09-03,8,0,0,0,0,0,1,0,0,0,0.0,0.252882,0,0.0,0,158,1,2,0.6809,0.0678,GREEN,48,Mumbai
CLM0016694,MUM_00458,Powai,2025-10-19,15,0,0,0,1,0,0,0,0,0,0.0,0.192332,0,0.0,0,47,1,3,0.2758,0.1836,GREEN,45,Mumbai
CLM0016695,MUM_04485,Lower Parel,2025-03-28,16,0,0,0,0,0,0,0,0,0,0.0,0.107377,0,0.0,0,105,4,3,0.697,0.0301,GREEN,55,Mumbai
CLM0016696,MUM_02166,Bandra,2025-08-14,9,0,0,0,0,0,1,1,0,0,0.0,0.181597,0,0.0,0,420,4,5,0.6467,0.2355,GREEN,44,Mumbai
CLM0016697,MUM_06773,Chembur,2023-05-27,20,0,0,0,0,0,0,0,0,0,0.0,0.076346,0,0.0,0,362,4,3,0.98,0.0,GREEN,31,Mumbai
CLM0016698,MUM_07701,Thane,2023-09-25,9,0,0,0,0,0,0,0,1,0,0.0,0.320328,0,0.0,1,98,4,0,0.9528,0.2044,GREEN,62,Mumbai
CLM0016699,MUM_07630,Andheri,2025-05-09,19,0,0,0,0,0,0,0,0,0,0.0,0.292847,0,0.0,0,154,2,2,0.4058,0.0765,GREEN,48,Mumbai
CLM0016700,MUM_07736,Lower Parel,2025-07-29,9,0,0,0,0,0,0,0,0,0,0.0,0.0407,0,0.0,0,420,2,1,0.2827,0.0568,GREEN,41,Mumbai
CLM0016701,MUM_00645,Bandra,2024-06-08,18,0,0,0,0,0,1,0,0,0,0.0,0.081393,0,1.0,0,39,1,4,0.8412,0.1449,GREEN,31,Mumbai
CLM0016702,MUM_02503,Borivali,2024-12-29,21,0,0,0,0,0,0,1,0,0,0.0,0.454988,0,0.0,0,301,1,0,0.05,0.0469,GREEN,48,Mumbai
CLM0016703,MUM_05891,Chembur,2020-07-10,14,0,0,0,0,0,0,0,0,1,0.0,1.0,0,0.0,0,214,3,4,0.7537,0.1387,GREEN,47,Mumbai
CLM0016704,MUM_03582,Chembur,2024-07-06,12,0,0,0,0,0,0,0,0,0,0.0,0.086087,0,0.0,0,410,0,2,0.931,0.0,GREEN,40,Mumbai
CLM0016705,MUM_06861,Vashi,2022-07-10,17,0,0,0,0,0,0,0,0,0,0.0,0.874935,1,0.0,0,323,4,3,0.6868,0.1312,GREEN,37,Mumbai
CLM0016706,MUM_03253,Vashi,2022-10-25,12,0,0,0,0,0,0,0,0,0,0.0,0.007088,0,0.0,0,305,1,0,0.8273,0.0,GREEN,36,Mumbai
CLM0016707,MUM_02816,Thane,2025-10-15,14,0,0,0,0,0,1,0,0,0,0.0,0.086135,0,0.0,0,108,0,3,0.5573,0.0255,GREEN,55,Mumbai
CLM0016708,MUM_04728,Borivali,2025-09-19,8,0,0,0,0,0,0,0,0,0,0.0,0.328298,0,0.0,0,385,3,2,0.8974,0.0436,GREEN,51,Mumbai
CLM0016709,MUM_08080,Bandra,2020-01-22,18,0,0,0,0,0,0,0,0,0,0.0,0.337784,0,0.0,0,420,3,0,0.3,0.0,GREEN,47,Mumbai
CLM0016710,MUM_00484,Vashi,2024-07-30,19,0,0,0,0,0,0,0,0,0,0.0,0.04721,1,0.0,0,174,3,4,0.5712,0.0948,GREEN,28,Mumbai
CLM0016711,MUM_04262,Ghatkopar,2023-01-10,20,0,0,0,0,0,0,1,1,1,0.0,0.926689,0,1.0,1,19,3,18,0.3824,0.0,GREEN,52,Mumbai
CLM0016712,MUM_08902,Bandra,2025-08-02,9,0,1,1,0,0,0,0,0,0,0.0,0.392257,0,0.0,0,32,0,4,0.3369,0.0693,GREEN,33,Mumbai
CLM0016713,MUM_05924,Andheri,2021-10-25,8,0,0,0,0,0,0,0,1,0,0.0,0.403453,0,0.0,0,221,4,5,0.769,0.0836,GREEN,41,Mumbai
CLM0016714,MUM_06609,Dadar,2024-12-09,18,0,0,0,0,0,0,1,0,0,0.0,0.290478,0,0.0,0,54,3,7,0.7312,0.0479,GREEN,51,Mumbai
CLM0016715,MUM_07581,Borivali,2025-04-13,15,0,0,0,0,0,0,0,0,0,0.0,0.121428,0,0.0,0,420,3,5,0.7191,0.0,GREEN,40,Mumbai
CLM0016716,MUM_05025,Andheri,2024-06-30,21,0,0,0,0,0,0,0,0,0,0.0,0.298224,0,0.0,0,100,0,5,0.8454,0.0,GREEN,55,Mumbai
CLM0016717,MUM_09945,Vashi,2025-07-09,21,0,0,0,0,0,0,0,1,0,0.0,0.079601,0,0.0,0,355,0,5,0.8368,0.1288,GREEN,35,Mumbai
CLM0016718,MUM_01120,Chembur,2025-02-14,17,0,0,0,0,0,0,0,0,0,0.0,1.0,0,0.0,0,409,1,6,0.7475,0.1292,GREEN,18,Mumbai
CLM0016719,MUM_05954,Ghatkopar,2024-06-15,13,0,1,1,0,0,0,0,0,0,0.0,0.062491,0,0.0,0,215,2,0,0.903,0.0,GREEN,32,Mumbai
CLM0016720,MUM_03006,Thane,2025-07-29,10,0,0,0,0,0,0,0,0,0,0.0,0.258228,0,0.0,0,302,3,4,0.9291,0.105,GREEN,37,Mumbai
CLM0016721,MUM_06118,Bandra,2025-06-01,18,0,0,0,0,0,0,0,0,0,0.0,0.930147,0,0.0,1,420,3,4,0.8886,0.1594,GREEN,50,Mumbai
CLM0016722,MUM_08453,Chembur,2023-07-04,17,0,0,0,0,0,0,0,0,0,0.0,0.179463,1,0.0,0,26,3,2,0.7612,0.0594,GREEN,41,Mumbai
CLM0016723,MUM_08191,Bandra,2022-07-09,20,0,0,0,0,0,0,0,0,0,0.0,0.310928,0,0.0,0,233,3,1,0.1846,0.0678,GREEN,31,Mumbai
CLM0016724,MUM_00199,Ghatkopar,2024-06-07,7,0,0,0,0,0,1,0,0,0,0.0,0.112663,0,0.0,1,177,0,0,0.98,0.0397,GREEN,48,Mumbai
CLM0016725,MUM_07898,Lower Parel,2023-06-28,8,0,0,0,0,0,1,0,0,0,0.0,0.031759,0,0.0,0,420,4,0,0.6421,0.0639,GREEN,30,Mumbai
CLM0016726,MUM_03952,Borivali,2025-11-13,14,0,0,0,0,0,0,1,0,0,0.0,0.151088,0,0.0,0,64,4,3,0.8889,0.1052,GREEN,44,Mumbai
CLM0016727,MUM_00905,Chembur,2021-08-12,9,0,0,0,0,0,0,0,0,0,0.0,0.302936,1,0.0,1,410,2,4,0.6812,0.0654,GREEN,27,Mumbai
CLM0016728,MUM_02569,Andheri,2023-02-25,17,0,0,0,0,0,0,0,0,0,0.0,0.129805,0,0.0,0,420,3,1,0.6064,0.0304,GREEN,45,Mumbai
CLM0016729,MUM_08473,Lower Parel,2024-03-26,10,0,0,0,0,0,0,0,0,0,0.0,0.195635,0,0.0,0,420,1,2,0.98,0.0545,GREEN,63,Mumbai
CLM0016730,MUM_07611,Bandra,2021-08-20,15,0,0,0,0,0,0,0,0,0,0.0,0.167291,0,0.0,0,271,1,6,0.7488,0.0,GREEN,41,Mumbai
CLM0016731,MUM_07783,Powai,2022-09-29,21,0,0,0,0,0,0,0,0,0,0.0,0.379188,0,0.0,0,288,3,5,0.0826,0.0413,GREEN,36,Mumbai
CLM0016732,MUM_09533,Vashi,2024-10-19,14,0,0,0,0,0,0,0,0,0,0.0,0.439819,0,0.0,0,9,3,6,0.8529,0.0,GREEN,48,Mumbai
CLM0016733,MUM_00955,Chembur,2025-10-18,17,0,0,0,0,0,0,0,0,0,0.0,0.976701,0,0.0,0,232,1,3,0.6983,0.0504,GREEN,39,Mumbai
CLM0016734,MUM_04391,Borivali,2024-08-25,7,0,0,0,1,0,0,0,0,0,1.0,0.969863,0,1.0,0,317,2,1,0.4987,0.1054,GREEN,49,Mumbai
CLM0016735,MUM_03376,Dadar,2022-08-09,14,0,0,0,0,0,0,0,0,0,0.0,0.187208,0,0.0,0,287,1,1,0.977,0.0,GREEN,56,Mumbai
CLM0016736,MUM_08950,Andheri,2022-10-04,16,0,0,0,0,0,0,0,1,0,0.0,0.322946,0,0.0,0,279,2,0,0.7739,0.0795,GREEN,41,Mumbai
CLM0016737,MUM_01166,Ghatkopar,2025-02-16,19,0,0,0,0,0,0,1,0,0,0.0,0.234248,0,0.0,0,392,2,5,0.1688,0.121,GREEN,36,Mumbai
CLM0016738,MUM_05598,Borivali,2024-05-10,12,0,0,0,0,0,0,0,0,0,0.0,0.072849,0,0.0,0,420,4,4,0.98,0.0,GREEN,46,Mumbai
CLM0016739,MUM_02050,Chembur,2023-11-20,20,0,0,0,0,0,0,0,0,0,0.0,0.253919,0,0.0,0,281,4,4,0.7354,0.0774,GREEN,36,Mumbai
CLM0016740,MUM_04665,Dadar,2025-02-09,8,0,0,0,0,0,1,0,0,0,0.0,0.208331,0,0.0,0,330,3,4,0.4825,0.0602,GREEN,51,Mumbai
CLM0016741,MUM_06187,Ghatkopar,2024-09-05,18,0,0,0,0,0,0,0,0,0,0.0,1.0,0,1.0,0,420,3,6,0.5151,0.0,GREEN,44,Mumbai
CLM0016742,MUM_06566,Chembur,2018-12-13,13,0,0,0,0,0,0,0,0,0,0.0,0.084359,0,0.0,0,420,4,3,0.7086,0.0251,GREEN,52,Mumbai
CLM0016743,MUM_01245,Vashi,2025-06-01,18,0,0,0,0,0,0,0,0,0,0.0,0.235266,0,0.0,0,321,1,2,0.7175,0.0,GREEN,27,Mumbai
CLM0016744,MUM_04154,Andheri,2020-11-24,15,0,0,0,0,0,0,0,0,0,0.0,0.288237,1,0.0,0,95,3,2,0.7808,0.0435,GREEN,31,Mumbai
CLM0016745,MUM_00866,Ghatkopar,2020-09-26,13,0,1,1,0,0,0,1,0,0,1.0,0.973093,0,0.0,0,65,4,0,0.7645,0.1179,GREEN,43,Mumbai
CLM0016746,MUM_00881,Lower Parel,2021-02-27,13,0,0,0,0,0,0,0,0,0,0.0,0.399969,0,0.0,1,104,2,0,0.1015,0.1848,GREEN,51,Mumbai
CLM0016747,MUM_03605,Andheri,2025-02-12,10,0,1,1,1,1,0,1,1,1,1.0,0.906669,1,1.0,1,16,0,18,0.3288,0.8206,RED,47,Mumbai
CLM0016748,MUM_05847,Andheri,2020-09-03,20,0,1,1,1,1,0,1,1,0,1.0,0.94044,0,0.0,0,5,2,18,0.7154,0.7441,RED,44,Mumbai
CLM0016749,MUM_07101,Powai,2022-12-28,8,0,1,1,0,1,1,0,1,1,0.0,1.0,0,0.0,0,7,0,18,0.286,0.6853,RED,62,Mumbai
CLM0016750,MUM_08777,Ghatkopar,2022-09-07,11,0,1,1,1,1,1,1,1,1,0.0,0.050417,0,1.0,0,5,2,9,0.7576,0.8504,RED,37,Mumbai
CLM0016751,MUM_08940,Andheri,2016-06-19,20,0,1,1,1,1,0,1,1,0,1.0,0.140558,1,1.0,1,31,1,18,0.8304,0.8441,RED,52,Mumbai
CLM0016752,MUM_05059,Vashi,2019-02-10,9,0,1,1,0,0,0,0,0,0,0.0,0.00762,0,0.0,0,104,2,0,0.7233,0.6508,RED,29,Mumbai
CLM0016753,MUM_03780,Thane,2022-05-19,12,0,1,1,0,0,0,0,0,0,1.0,0.98252,0,1.0,0,308,2,2,0.777,0.8301,RED,39,Mumbai
CLM0016754,MUM_08287,Thane,2016-10-22,10,0,1,1,0,1,1,1,1,1,1.0,0.973357,0,1.0,0,12,1,18,0.4121,0.6352,RED,28,Mumbai
CLM0016755,MUM_01615,Bandra,2020-01-02,11,0,1,1,1,1,1,1,1,1,1.0,0.999587,0,1.0,1,19,0,18,0.05,0.8148,RED,45,Mumbai
CLM0016756,MUM_04533,Borivali,2022-07-05,20,0,1,1,0,0,1,1,1,1,0.0,0.137848,0,0.0,1,24,1,13,0.98,0.5262,YELLOW,52,Mumbai
CLM0016757,MUM_09761,Lower Parel,2025-05-18,21,0,0,0,0,0,0,0,0,0,0.0,0.228198,0,0.0,0,376,3,3,0.5207,0.0,GREEN,34,Mumbai
CLM0016758,MUM_06309,Lower Parel,2025-02-20,16,0,0,0,0,0,0,0,0,0,0.0,0.145733,0,0.0,0,393,0,3,0.9734,0.0208,GREEN,18,Mumbai
CLM0016759,MUM_04441,Borivali,2025-07-01,12,0,0,0,0,0,0,0,0,0,1.0,1.0,0,1.0,0,301,1,2,0.1868,0.0,GREEN,37,Mumbai
CLM0016760,MUM_06688,Thane,2023-07-17,13,0,0,0,0,0,0,0,0,0,0.0,0.0,0,1.0,0,265,0,4,0.6545,0.1089,GREEN,44,Mumbai
CLM0016761,MUM_06975,Chembur,2025-08-02,13,0,0,0,0,0,0,0,1,0,0.0,0.134649,0,0.0,0,117,0,3,0.8564,0.0,GREEN,38,Mumbai
CLM0016762,MUM_04622,Dadar,2023-05-11,20,0,0,0,0,0,0,0,1,0,1.0,0.256325,0,0.0,0,420,4,4,0.696,0.143,GREEN,53,Mumbai
CLM0016763,MUM_02411,Lower Parel,2022-06-28,9,0,0,0,0,0,0,0,0,1,0.0,0.377488,0,0.0,0,123,2,2,0.1692,0.0986,GREEN,60,Mumbai
CLM0016764,MUM_03890,Ghatkopar,2021-12-19,19,0,0,0,0,0,0,0,0,0,0.0,0.996493,0,0.0,0,420,2,1,0.9334,0.0564,GREEN,45,Mumbai
CLM0016765,MUM_07605,Thane,2021-05-02,14,0,0,0,0,0,0,0,1,0,0.0,0.423273,0,0.0,0,55,3,1,0.98,0.1096,GREEN,34,Mumbai
CLM0016766,MUM_09369,Bandra,2025-08-08,13,0,0,0,0,0,0,0,0,0,0.0,0.146437,1,0.0,0,410,3,2,0.5395,0.0253,GREEN,43,Mumbai
CLM0016767,MUM_09961,Thane,2025-12-27,20,0,0,0,0,0,0,0,0,0,0.0,0.20153,0,0.0,0,407,4,1,0.4647,0.0437,GREEN,29,Mumbai
CLM0016768,MUM_07728,Lower Parel,2025-10-29,18,0,0,0,0,0,0,0,0,0,1.0,0.865653,0,0.0,0,189,4,1,0.946,0.0,GREEN,46,Mumbai
CLM0016769,MUM_06295,Borivali,2024-05-25,8,0,0,0,0,0,0,0,0,0,1.0,0.172874,0,0.0,0,420,4,2,0.7174,0.0894,GREEN,19,Mumbai
CLM0016770,MUM_03813,Vashi,2025-02-13,8,0,0,0,0,0,0,0,0,0,0.0,0.164848,0,0.0,0,320,2,0,0.05,0.0074,GREEN,39,Mumbai
CLM0016771,MUM_09060,Ghatkopar,2025-08-11,14,0,0,0,0,0,0,0,0,0,0.0,0.055574,0,0.0,1,420,2,3,0.8491,0.1319,GREEN,60,Mumbai
CLM0016772,MUM_00443,Thane,2025-08-06,19,0,0,0,0,0,0,0,0,0,0.0,0.327063,0,0.0,0,400,1,3,0.0876,0.0,GREEN,53,Mumbai
CLM0016773,MUM_08742,Powai,2017-09-25,13,0,0,0,0,0,0,0,0,0,0.0,0.217544,0,0.0,0,185,2,6,0.5359,0.0,GREEN,48,Mumbai
CLM0016774,MUM_01349,Lower Parel,2018-11-01,16,0,0,0,0,0,0,0,0,0,1.0,1.0,0,0.0,0,31,4,1,0.7558,0.0886,GREEN,45,Mumbai
CLM0016775,MUM_00373,Thane,2020-04-01,17,0,0,0,0,0,0,0,0,0,0.0,0.032526,0,0.0,0,61,3,3,0.3392,0.0569,GREEN,40,Mumbai
CLM0016776,MUM_06245,Ghatkopar,2022-07-28,19,0,0,0,0,0,0,0,0,0,0.0,0.259518,0,0.0,0,420,0,3,0.7931,0.0717,GREEN,42,Mumbai
CLM0016777,MUM_03134,Andheri,2024-04-17,21,0,0,0,0,0,0,1,0,0,1.0,0.298435,0,0.0,0,298,4,3,0.6437,0.1292,GREEN,37,Mumbai
CLM0016778,MUM_04667,Ghatkopar,2022-11-13,17,0,0,0,0,0,0,0,0,0,0.0,0.174572,0,0.0,0,420,3,3,0.8346,0.0,GREEN,63,Mumbai
CLM0016779,MUM_05604,Powai,2020-10-11,8,0,0,0,1,0,0,1,0,0,1.0,1.0,0,1.0,0,5,2,14,0.1762,0.0,GREEN,18,Mumbai
CLM0016780,MUM_01112,Ghatkopar,2020-04-29,7,0,0,0,1,0,1,0,0,1,1.0,0.938162,0,0.0,1,7,0,18,0.05,0.1869,GREEN,48,Mumbai
CLM0016781,MUM_04778,Borivali,2018-10-25,7,0,0,0,0,0,0,0,0,0,0.0,0.312047,0,0.0,0,248,1,4,0.98,0.0,GREEN,43,Mumbai
CLM0016782,MUM_08633,Lower Parel,2022-01-27,21,0,0,0,0,0,0,0,0,1,1.0,0.258294,0,0.0,0,396,4,6,0.8438,0.2327,GREEN,33,Mumbai
CLM0016783,MUM_03008,Thane,2024-06-02,10,0,0,0,1,0,0,0,0,0,0.0,0.052504,0,0.0,0,164,4,5,0.5579,0.1286,GREEN,48,Mumbai
CLM0016784,MUM_03886,Andheri,2018-08-18,15,0,0,0,0,0,0,0,0,0,0.0,0.163915,0,0.0,0,420,4,2,0.4924,0.0,GREEN,43,Mumbai
CLM0016785,MUM_06093,Lower Parel,2018-11-24,14,0,0,0,0,0,0,0,0,0,0.0,0.094572,0,0.0,0,222,3,1,0.9161,0.0,GREEN,57,Mumbai
CLM0016786,MUM_07275,Thane,2025-02-18,21,0,0,0,0,0,1,0,0,0,0.0,0.200687,0,0.0,0,420,1,0,0.7039,0.0,GREEN,43,Mumbai
CLM0016787,MUM_00044,Vashi,2023-04-15,15,0,0,0,0,1,0,0,0,0,0.0,0.079965,0,0.0,0,420,2,0,0.9342,0.1167,GREEN,41,Mumbai
CLM0016788,MUM_03244,Lower Parel,2023-11-12,7,0,0,0,0,0,0,0,0,0,0.0,0.997396,0,0.0,0,30,0,1,0.4817,0.0,GREEN,47,Mumbai
CLM0016789,MUM_08646,Bandra,2024-12-08,21,0,0,0,0,0,0,0,0,0,0.0,0.323466,0,0.0,0,169,1,2,0.4044,0.0,GREEN,44,Mumbai
CLM0016790,MUM_09615,Lower Parel,2025-11-08,12,0,0,0,0,0,0,0,1,0,1.0,0.068127,0,0.0,0,172,0,0,0.98,0.1786,GREEN,41,Mumbai
CLM0016791,MUM_01390,Lower Parel,2024-11-17,20,0,1,1,1,1,0,1,1,0,1.0,0.96097,0,1.0,1,29,1,18,0.05,0.7524,RED,50,Mumbai
CLM0016792,MUM_01925,Chembur,2025-04-03,13,0,1,1,1,1,0,0,1,0,0.0,1.0,0,1.0,0,5,1,18,0.2469,0.4477,YELLOW,39,Mumbai
CLM0016793,MUM_01890,Ghatkopar,2025-11-03,15,0,1,1,1,1,0,1,1,1,0.0,0.919495,0,1.0,0,5,0,18,0.05,0.7834,RED,32,Mumbai
CLM0016794,MUM_04267,Thane,2025-07-30,19,0,1,1,0,1,0,0,0,0,0.0,0.366493,0,0.0,0,313,0,7,0.6837,0.5895,YELLOW,44,Mumbai
CLM0016795,MUM_01909,Powai,2025-03-29,18,0,1,1,0,1,0,1,0,1,0.0,1.0,0,1.0,1,26,2,18,0.8019,0.542,YELLOW,44,Mumbai
CLM0016796,MUM_09935,Bandra,2025-01-24,19,0,1,1,0,0,0,0,0,0,0.0,0.003348,0,0.0,0,403,2,0,0.1884,0.5099,YELLOW,22,Mumbai
CLM0016797,MUM_09738,Borivali,2024-05-08,18,0,1,1,1,1,0,1,0,1,1.0,0.986276,1,1.0,0,18,2,7,0.8206,0.5853,YELLOW,43,Mumbai
CLM0016798,MUM_07210,Vashi,2024-10-19,13,0,1,1,0,0,0,0,0,0,0.0,0.345446,0,0.0,0,172,1,2,0.05,0.574,YELLOW,52,Mumbai
CLM0016799,MUM_05935,Thane,2022-02-07,16,0,1,1,1,0,1,1,0,1,1.0,0.958489,0,0.0,1,15,1,18,0.052,0.6198,RED,39,Mumbai
CLM0016800,MUM_00616,Ghatkopar,2024-12-08,14,0,1,1,0,0,0,0,0,0,0.0,0.432317,0,0.0,0,264,1,0,0.7574,0.4164,YELLOW,48,Mumbai
CLM0016801,MUM_01653,Chembur,2022-10-16,13,0,1,1,1,1,0,1,1,0,0.0,0.950956,0,1.0,1,8,1,18,0.3754,0.6552,RED,44,Mumbai
CLM0016802,MUM_02155,Andheri,2025-09-10,14,0,1,1,0,0,0,0,0,0,0.0,0.148324,0,0.0,0,328,0,4,0.1437,0.6333,RED,40,Mumbai
CLM0016803,MUM_09191,Vashi,2020-06-28,15,0,1,1,1,1,1,1,1,1,1.0,0.903293,0,1.0,0,5,1,18,0.1659,0.562,YELLOW,32,Mumbai
CLM0016804,MUM_08460,Ghatkopar,2019-04-12,12,0,1,1,1,1,0,0,1,0,1.0,1.0,1,0.0,1,5,1,18,0.2985,0.6323,RED,55,Mumbai
CLM0016805,MUM_06463,Dadar,2024-10-19,9,0,1,1,0,1,0,1,1,1,1.0,0.134516,1,1.0,1,40,1,17,0.1611,0.6823,RED,37,Mumbai
CLM0016806,MUM_04597,Thane,2023-10-14,20,0,1,1,1,0,0,1,1,1,0.0,0.122836,0,0.0,1,7,0,18,0.98,0.693,RED,31,Mumbai
CLM0016807,MUM_01788,Bandra,2022-12-29,10,0,1,1,0,1,1,1,1,1,1.0,0.051682,0,1.0,1,5,2,18,0.2031,0.7144,RED,30,Mumbai
CLM0016808,MUM_03151,Borivali,2022-01-05,20,0,1,1,1,0,1,1,0,1,0.0,0.03099,1,0.0,0,5,2,18,0.8114,0.6823,RED,46,Mumbai
CLM0016809,MUM_09953,Bandra,2024-12-26,18,0,1,1,0,1,0,1,1,0,1.0,0.978969,1,1.0,1,58,2,18,0.3301,0.3924,YELLOW,31,Mumbai
CLM0016810,MUM_06196,Andheri,2024-04-18,16,0,0,0,0,0,0,0,0,0,0.0,0.129875,0,0.0,0,49,4,2,0.5262,0.0521,GREEN,37,Mumbai
CLM0016811,MUM_00148,Thane,2020-07-27,13,0,0,0,0,0,0,0,0,0,0.0,0.0,0,0.0,0,415,0,0,0.6429,0.0,GREEN,42,Mumbai
CLM0016812,MUM_07013,Powai,2017-05-15,15,0,0,0,0,1,1,0,0,0,0.0,0.045209,0,0.0,0,99,1,7,0.6607,0.2283,GREEN,54,Mumbai
CLM0016813,MUM_00516,Borivali,2024-12-30,20,0,0,0,0,0,0,0,0,0,0.0,0.402592,0,1.0,0,104,0,0,0.8268,0.0,GREEN,35,Mumbai
CLM0016814,MUM_03387,Bandra,2015-08-05,10,0,0,0,0,0,0,0,1,0,0.0,0.407116,0,0.0,0,315,0,0,0.5904,0.0548,GREEN,49,Mumbai
CLM0016815,MUM_05946,Dadar,2018-08-26,20,0,0,0,0,0,0,0,1,0,0.0,0.122775,0,1.0,0,341,2,1,0.3949,0.1568,GREEN,61,Mumbai
CLM0016816,MUM_07572,Chembur,2018-04-15,8,0,0,0,1,0,0,1,1,1,1.0,0.862329,1,0.0,0,5,0,18,0.1845,0.0053,GREEN,46,Mumbai
CLM0016817,MUM_06420,Chembur,2015-12-08,8,0,0,0,0,0,0,0,1,0,1.0,0.014085,0,0.0,0,420,4,1,0.4588,0.1951,GREEN,53,Mumbai
CLM0016818,MUM_09179,Vashi,2024-11-14,20,0,0,0,0,0,0,0,0,0,0.0,0.315799,0,0.0,0,160,0,0,0.9395,0.0,GREEN,47,Mumbai
CLM0016819,MUM_08862,Borivali,2024-07-08,16,0,0,0,0,0,1,0,0,0,0.0,0.251317,0,0.0,0,190,0,3,0.0904,0.1748,GREEN,37,Mumbai
CLM0016820,MUM_06365,Chembur,2021-05-15,18,0,0,0,0,1,0,0,0,0,0.0,0.14737,0,0.0,0,200,3,1,0.8364,0.0535,GREEN,40,Mumbai
CLM0016821,MUM_09969,Thane,2024-11-07,17,0,0,0,0,0,0,0,0,0,0.0,0.250604,0,0.0,0,235,0,3,0.7335,0.0,GREEN,32,Mumbai
CLM0016822,MUM_05759,Bandra,2024-06-11,14,0,0,0,0,0,1,0,0,0,0.0,0.316156,0,0.0,0,25,0,3,0.245,0.0941,GREEN,31,Mumbai
CLM0016823,MUM_07657,Andheri,2024-01-27,9,0,0,0,0,0,0,0,0,0,0.0,0.118589,0,0.0,0,420,4,5,0.289,0.0,GREEN,46,Mumbai
CLM0016824,MUM_00218,Vashi,2024-09-05,17,0,0,0,0,0,0,1,0,0,1.0,0.420373,1,0.0,0,82,0,4,0.6929,0.1377,GREEN,45,Mumbai
CLM0016825,MUM_05081,Powai,2024-07-14,15,0,0,0,0,0,0,0,0,0,0.0,0.0,0,0.0,0,420,3,5,0.7225,0.0804,GREEN,42,Mumbai
CLM0016826,MUM_06527,Chembur,2024-12-11,7,0,0,0,0,0,0,0,0,0,0.0,0.0,0,0.0,0,420,0,1,0.7571,0.0,GREEN,40,Mumbai
CLM0016827,MUM_09778,Thane,2025-08-30,15,0,0,0,0,0,0,0,1,0,0.0,0.266842,0,0.0,0,273,1,1,0.9153,0.1552,GREEN,18,Mumbai
CLM0016828,MUM_07938,Bandra,2024-03-26,16,0,0,0,0,0,0,0,0,0,0.0,0.09438,0,0.0,0,420,1,3,0.0836,0.0834,GREEN,43,Mumbai
CLM0016829,MUM_01426,Chembur,2024-08-09,19,0,0,0,0,0,0,0,0,0,1.0,0.966142,0,0.0,0,268,1,0,0.5555,0.0527,GREEN,46,Mumbai
CLM0016830,MUM_05349,Chembur,2024-12-19,18,0,0,0,0,0,0,0,0,0,0.0,0.15068,0,0.0,1,342,2,4,0.1865,0.0771,GREEN,37,Mumbai
CLM0016831,MUM_01453,Thane,2022-03-14,14,0,1,1,0,0,0,0,0,0,0.0,0.984918,0,0.0,0,328,3,1,0.5357,0.0,GREEN,57,Mumbai
CLM0016832,MUM_01439,Chembur,2024-06-25,18,0,0,0,0,0,0,0,0,0,0.0,0.192668,0,0.0,0,420,0,4,0.8505,0.0,GREEN,42,Mumbai
CLM0016833,MUM_01785,Chembur,2025-01-23,21,0,0,0,0,0,0,0,0,0,0.0,0.180903,1,0.0,0,67,3,0,0.8585,0.1495,GREEN,41,Mumbai
CLM0016834,MUM_05516,Bandra,2016-04-23,20,0,0,0,0,0,1,0,0,0,0.0,0.220015,0,0.0,0,337,2,2,0.5591,0.0595,GREEN,25,Mumbai
CLM0016835,MUM_06389,Thane,2019-12-24,11,0,0,0,0,0,0,1,0,0,0.0,0.157636,0,0.0,0,331,1,1,0.1291,0.0388,GREEN,38,Mumbai
CLM0016836,MUM_06348,Dadar,2025-10-23,21,0,0,0,0,0,0,0,1,0,0.0,0.442538,0,0.0,0,125,3,5,0.7593,0.0311,GREEN,39,Mumbai
CLM0016837,MUM_09595,Lower Parel,2018-03-28,9,0,0,0,0,0,0,1,0,1,0.0,0.235711,0,0.0,0,187,1,4,0.8718,0.3222,YELLOW,41,Mumbai
CLM0016838,MUM_08970,Vashi,2016-09-26,9,0,0,0,0,0,0,0,0,0,0.0,0.135209,0,0.0,0,38,1,2,0.8095,0.0,GREEN,41,Mumbai
CLM0016839,MUM_05561,Vashi,2024-03-31,13,0,0,0,0,0,1,0,0,0,0.0,0.388611,0,0.0,0,362,2,2,0.6762,0.1048,GREEN,53,Mumbai
CLM0016840,MUM_05793,Andheri,2017-03-24,8,0,0,0,0,0,0,0,0,0,0.0,0.19202,0,0.0,0,76,1,0,0.9266,0.0,GREEN,35,Mumbai
CLM0016841,MUM_03166,Andheri,2021-12-22,13,0,0,0,0,0,0,0,0,0,0.0,0.384403,0,0.0,0,420,0,0,0.6161,0.0,GREEN,38,Mumbai
CLM0016842,MUM_01894,Vashi,2019-07-10,8,0,0,0,0,0,0,0,0,1,0.0,0.262995,0,0.0,0,374,2,5,0.1324,0.1096,GREEN,24,Mumbai
CLM0016843,MUM_01813,Vashi,2025-05-27,17,0,0,0,0,0,0,0,0,0,0.0,0.092635,0,0.0,0,377,0,0,0.7374,0.0,GREEN,63,Mumbai
CLM0016844,MUM_06336,Thane,2020-08-24,17,0,0,0,0,1,0,0,0,0,0.0,0.0,0,0.0,0,231,3,3,0.98,0.1424,GREEN,26,Mumbai
CLM0016845,MUM_05525,Vashi,2022-05-15,10,0,0,0,0,0,0,0,1,0,0.0,0.353601,0,0.0,0,314,2,5,0.8267,0.07,GREEN,58,Mumbai
CLM0016846,MUM_02413,Dadar,2023-09-11,10,0,0,0,0,0,0,0,1,0,0.0,0.910827,0,0.0,0,143,1,7,0.4107,0.1278,GREEN,37,Mumbai
CLM0016847,MUM_03347,Bandra,2016-12-15,7,0,0,0,0,0,0,0,0,0,0.0,0.378346,0,1.0,0,321,0,3,0.9758,0.0916,GREEN,56,Mumbai
CLM0016848,MUM_03766,Dadar,2017-03-30,9,0,0,0,0,0,0,0,1,0,0.0,0.970426,0,0.0,0,238,4,1,0.8517,0.1522,GREEN,52,Mumbai
CLM0016849,MUM_02522,Thane,2019-12-18,16,0,0,0,1,0,0,0,0,0,0.0,0.180991,0,0.0,0,420,0,2,0.8008,0.2466,GREEN,40,Mumbai
CLM0016850,MUM_07033,Borivali,2022-07-02,16,0,0,0,0,1,0,0,1,0,1.0,0.050091,0,0.0,0,420,1,3,0.6192,0.2488,GREEN,47,Mumbai
CLM0016851,MUM_01738,Thane,2024-07-13,13,0,0,0,0,0,0,0,0,0,0.0,0.391722,0,0.0,0,116,3,5,0.05,0.0,GREEN,29,Mumbai
CLM0016852,MUM_00503,Andheri,2023-11-17,16,0,0,0,0,0,0,1,0,0,0.0,0.0,0,0.0,0,314,3,0,0.3066,0.1136,GREEN,23,Mumbai
CLM0016853,MUM_00353,Borivali,2025-06-11,21,0,0,0,0,0,0,0,0,0,0.0,0.313407,0,0.0,0,398,4,4,0.98,0.0,GREEN,58,Mumbai
CLM0016854,MUM_00840,Bandra,2025-04-07,20,0,0,0,0,0,0,0,0,0,0.0,0.462051,1,0.0,0,20,3,2,0.8371,0.049,GREEN,38,Mumbai
CLM0016855,MUM_00437,Borivali,2025-08-26,9,0,1,1,0,0,0,0,1,0,0.0,1.0,0,0.0,0,91,1,4,0.5206,0.0885,GREEN,34,Mumbai
CLM0016856,MUM_07033,Borivali,2023-12-31,19,0,0,0,0,0,0,0,0,0,0.0,0.113947,0,0.0,0,6,1,3,0.863,0.0,GREEN,47,Mumbai
CLM0016857,MUM_05247,Lower Parel,2024-01-27,19,0,0,0,0,0,1,0,0,0,1.0,0.214894,0,0.0,0,112,2,0,0.7121,0.1306,GREEN,43,Mumbai
CLM0016858,MUM_02328,Lower Parel,2023-05-03,18,0,0,0,0,0,0,0,0,0,0.0,0.201919,0,0.0,0,420,1,1,0.574,0.0982,GREEN,44,Mumbai
CLM0016859,MUM_08023,Lower Parel,2024-11-30,8,0,0,0,0,0,0,0,0,0,0.0,0.212097,0,0.0,0,73,2,2,0.8413,0.0331,GREEN,42,Mumbai
CLM0016860,MUM_00042,Dadar,2023-02-20,12,0,0,0,0,0,0,0,0,0,1.0,0.0,0,0.0,0,257,1,3,0.6298,0.1059,GREEN,38,Mumbai
CLM0016861,MUM_06193,Thane,2023-10-13,7,0,0,0,0,0,0,0,0,0,0.0,0.041188,0,0.0,0,208,3,5,0.611,0.0384,GREEN,40,Mumbai
CLM0016862,MUM_07771,Chembur,2023-06-03,16,0,0,0,0,0,0,0,0,0,0.0,0.193319,0,0.0,0,420,2,7,0.7351,0.0001,GREEN,53,Mumbai
CLM0016863,MUM_09993,Thane,2023-09-26,11,0,0,0,0,0,0,0,0,0,0.0,0.109093,0,0.0,0,420,0,3,0.2637,0.0273,GREEN,64,Mumbai
CLM0016864,MUM_07937,Lower Parel,2022-07-27,10,0,0,0,0,0,1,0,0,0,0.0,0.110124,0,0.0,0,113,2,4,0.4101,0.0586,GREEN,43,Mumbai
CLM0016865,MUM_01357,Ghatkopar,2023-07-07,18,0,0,0,0,0,0,0,0,0,0.0,0.27139,0,0.0,0,205,3,4,0.2537,0.0664,GREEN,62,Mumbai
CLM0016866,MUM_02534,Andheri,2022-10-04,16,0,0,0,0,0,0,0,0,0,1.0,0.0,0,0.0,0,171,2,0,0.7236,0.0652,GREEN,41,Mumbai
CLM0016867,MUM_03732,Dadar,2024-03-02,8,0,0,0,0,0,0,0,0,0,0.0,0.324573,0,0.0,0,300,1,3,0.7291,0.0368,GREEN,47,Mumbai
CLM0016868,MUM_03923,Powai,2024-02-14,19,0,0,0,0,0,0,0,0,0,1.0,0.370644,0,0.0,0,420,3,5,0.8247,0.0945,GREEN,41,Mumbai
CLM0016869,MUM_06912,Borivali,2025-01-20,11,0,0,0,0,0,0,0,0,0,0.0,0.134998,1,0.0,0,420,1,2,0.98,0.0,GREEN,46,Mumbai
CLM0016870,MUM_07201,Powai,2023-05-12,18,0,0,0,0,0,0,0,0,0,0.0,0.34152,0,0.0,0,153,4,4,0.6352,0.0316,GREEN,57,Mumbai
CLM0016871,MUM_02690,Lower Parel,2024-09-07,13,0,0,0,0,0,0,0,0,0,0.0,0.0,0,0.0,0,104,0,1,0.1805,0.0,GREEN,41,Mumbai
CLM0016872,MUM_03172,Vashi,2024-07-20,8,0,0,0,0,0,0,0,1,0,0.0,0.164272,0,0.0,0,194,4,1,0.6375,0.097,GREEN,45,Mumbai
CLM0016873,MUM_01414,Dadar,2023-02-14,18,0,0,0,0,0,0,0,0,0,1.0,0.240267,0,0.0,0,246,3,4,0.05,0.1066,GREEN,43,Mumbai
CLM0016874,MUM_04180,Dadar,2024-04-27,15,0,0,0,0,0,1,0,0,0,0.0,0.103669,0,0.0,0,182,2,3,0.8564,0.0289,GREEN,34,Mumbai
CLM0016875,MUM_03514,Thane,2024-12-14,19,0,0,0,1,0,0,0,0,0,0.0,0.284705,0,0.0,0,315,2,0,0.6808,0.1472,GREEN,51,Mumbai
CLM0016876,MUM_06896,Dadar,2023-04-26,10,0,0,0,0,0,0,0,0,0,1.0,0.0,0,1.0,0,420,0,5,0.5993,0.1109,GREEN,35,Mumbai
CLM0016877,MUM_05810,Bandra,2025-03-17,13,0,0,0,0,0,0,0,0,0,1.0,0.174875,0,0.0,0,420,2,3,0.7328,0.0664,GREEN,31,Mumbai
CLM0016878,MUM_07474,Andheri,2023-12-03,8,0,0,0,0,0,0,0,0,0,1.0,0.232875,0,0.0,0,420,3,0,0.6906,0.0559,GREEN,30,Mumbai
CLM0016879,MUM_05142,Dadar,2025-02-19,8,0,0,0,0,1,0,0,0,0,0.0,0.287651,0,0.0,0,323,3,3,0.5304,0.1789,GREEN,31,Mumbai
CLM0016880,MUM_06397,Powai,2025-03-22,9,0,0,0,0,0,0,0,0,0,1.0,1.0,0,1.0,0,10,3,1,0.3205,0.0044,GREEN,47,Mumbai
CLM0016881,MUM_06945,Borivali,2025-11-23,15,0,0,0,0,0,0,0,0,0,0.0,0.0,0,0.0,0,172,0,2,0.896,0.0,GREEN,38,Mumbai
CLM0016882,MUM_04288,Dadar,2021-08-12,9,0,0,0,1,0,0,0,0,0,0.0,0.100092,0,0.0,0,28,3,4,0.7923,0.1357,GREEN,37,Mumbai
CLM0016883,MUM_08299,Bandra,2024-01-10,10,0,0,0,0,0,0,0,0,0,0.0,0.21508,0,0.0,0,40,1,2,0.2256,0.0147,GREEN,46,Mumbai
CLM0016884,MUM_08906,Andheri,2021-11-18,8,0,0,0,0,0,0,0,0,0,0.0,0.145055,0,0.0,0,161,1,0,0.8272,0.0,GREEN,36,Mumbai
CLM0016885,MUM_07263,Ghatkopar,2021-06-02,7,0,0,0,1,0,0,0,0,0,0.0,0.186521,0,0.0,0,246,4,6,0.8636,0.1824,GREEN,34,Mumbai
CLM0016886,MUM_05475,Borivali,2025-01-25,8,0,0,0,0,0,0,0,0,0,0.0,0.212565,0,0.0,0,223,1,0,0.98,0.0267,GREEN,51,Mumbai
CLM0016887,MUM_07834,Andheri,2024-10-18,12,0,0,0,0,0,0,0,0,0,0.0,0.471139,0,0.0,0,193,3,0,0.4537,0.0,GREEN,56,Mumbai
CLM0016888,MUM_02796,Borivali,2024-02-10,14,0,0,0,0,0,0,0,0,1,1.0,0.161233,0,0.0,0,145,4,0,0.4613,0.2227,GREEN,44,Mumbai
CLM0016889,MUM_06552,Dadar,2025-01-12,8,0,0,0,0,0,0,0,0,0,0.0,0.294686,0,0.0,1,32,4,0,0.9415,0.0849,GREEN,50,Mumbai
CLM0016890,MUM_08665,Borivali,2024-09-03,13,0,0,0,0,0,0,0,0,0,0.0,0.194896,1,0.0,0,55,3,3,0.9093,0.0839,GREEN,45,Mumbai
CLM0016891,MUM_04234,Vashi,2023-10-01,9,0,0,0,1,0,0,0,1,0,0.0,0.258349,0,0.0,0,143,1,0,0.6313,0.1751,GREEN,33,Mumbai
CLM0016892,MUM_08363,Lower Parel,2025-10-15,12,0,0,0,0,0,0,0,0,0,0.0,0.292192,0,0.0,0,37,3,0,0.7653,0.0,GREEN,23,Mumbai
CLM0016893,MUM_04336,Borivali,2024-07-04,18,0,0,0,0,0,1,0,0,0,0.0,0.085942,0,0.0,0,129,0,1,0.4819,0.0406,GREEN,39,Mumbai
CLM0016894,MUM_08958,Borivali,2023-10-14,9,0,0,0,0,0,0,0,0,0,1.0,0.067586,0,0.0,0,190,0,3,0.9586,0.0726,GREEN,27,Mumbai
CLM0016895,MUM_08832,Thane,2024-04-22,21,0,0,0,0,0,0,0,0,0,0.0,0.07805,0,0.0,0,209,4,0,0.53,0.0,GREEN,45,Mumbai
CLM0016896,MUM_03291,Lower Parel,2024-02-27,19,0,0,0,0,0,0,0,0,0,1.0,0.290628,0,0.0,0,144,2,0,0.7474,0.0,GREEN,39,Mumbai
CLM0016897,MUM_00021,Bandra,2025-08-03,11,0,0,0,0,0,0,0,0,0,1.0,0.0,0,0.0,1,206,1,5,0.98,0.224,GREEN,43,Mumbai
CLM0016898,MUM_03503,Dadar,2025-12-24,20,0,1,1,0,0,0,0,0,0,0.0,0.485934,0,0.0,0,420,1,3,0.7499,0.0312,GREEN,51,Mumbai
CLM0016899,MUM_02124,Andheri,2024-01-09,12,0,0,0,0,0,0,0,1,0,1.0,0.0,0,0.0,0,243,2,5,0.7964,0.2117,GREEN,40,Mumbai
CLM0016900,MUM_02748,Bandra,2024-04-15,13,0,0,0,0,0,0,0,0,0,0.0,0.25309,0,0.0,0,420,1,2,0.5228,0.0,GREEN,41,Mumbai
CLM0016901,MUM_05383,Dadar,2024-08-26,9,0,0,0,0,0,0,1,0,1,1.0,1.0,0,0.0,1,17,1,18,0.3251,0.0588,GREEN,62,Mumbai
CLM0016902,MUM_01093,Powai,2025-04-21,16,0,0,0,1,0,0,0,0,0,0.0,0.21357,0,0.0,0,355,1,1,0.9686,0.148,GREEN,43,Mumbai
CLM0016903,MUM_00931,Andheri,2021-10-19,13,0,0,0,0,0,0,0,0,0,0.0,0.894894,0,0.0,1,299,2,4,0.8141,0.0073,GREEN,35,Mumbai
CLM0016904,MUM_00082,Dadar,2024-07-23,13,0,0,0,0,0,0,0,0,0,0.0,0.314876,0,0.0,0,81,4,3,0.3258,0.0,GREEN,46,Mumbai
CLM0016905,MUM_03017,Borivali,2022-07-31,12,0,0,0,0,0,0,0,0,0,0.0,0.15827,0,0.0,0,224,2,0,0.98,0.0383,GREEN,38,Mumbai
CLM0016906,MUM_00020,Dadar,2022-12-29,20,0,0,0,0,0,0,0,0,0,0.0,0.230749,0,0.0,1,245,1,5,0.654,0.1113,GREEN,45,Mumbai
CLM0016907,MUM_01111,Lower Parel,2023-07-17,7,0,0,0,1,1,1,1,1,1,1.0,0.937012,0,0.0,1,5,3,18,0.2092,0.0,GREEN,41,Mumbai
CLM0016908,MUM_00834,Chembur,2024-05-16,13,0,0,0,0,0,0,0,1,0,0.0,0.397433,0,0.0,0,406,3,0,0.4425,0.1504,GREEN,39,Mumbai
CLM0016909,MUM_05231,Powai,2023-04-30,21,0,0,0,0,0,0,0,0,0,0.0,0.914025,0,0.0,0,140,0,2,0.05,0.1258,GREEN,45,Mumbai
CLM0016910,MUM_01501,Bandra,2022-06-04,9,0,0,0,0,0,0,0,0,0,0.0,1.0,0,0.0,0,420,4,5,0.7676,0.0,GREEN,37,Mumbai
CLM0016911,MUM_09743,Borivali,2019-02-14,20,0,0,0,1,1,0,0,0,1,0.0,0.273043,0,0.0,0,16,1,18,0.298,0.1138,GREEN,49,Mumbai
CLM0016912,MUM_06380,Borivali,2019-10-03,15,0,0,0,0,0,0,0,0,0,0.0,0.29386,1,0.0,0,162,2,5,0.6053,0.0751,GREEN,59,Mumbai
CLM0016913,MUM_04653,Thane,2021-01-21,19,0,0,0,1,0,1,1,0,1,0.0,0.168283,0,0.0,0,420,4,1,0.98,0.4009,YELLOW,58,Mumbai
CLM0016914,MUM_03533,Borivali,2017-05-16,12,0,0,0,0,0,0,0,0,0,0.0,0.320604,0,0.0,0,394,1,2,0.7611,0.0,GREEN,42,Mumbai
CLM0016915,MUM_05229,Bandra,2017-12-11,12,0,0,0,0,0,0,0,0,0,0.0,0.323717,0,0.0,0,248,3,2,0.9102,0.0237,GREEN,31,Mumbai
CLM0016916,MUM_08888,Vashi,2016-11-04,20,0,0,0,0,0,0,0,0,0,0.0,0.056304,0,0.0,0,343,4,1,0.6984,0.0,GREEN,46,Mumbai
CLM0016917,MUM_02824,Ghatkopar,2017-04-09,20,0,0,0,0,0,0,0,0,0,0.0,1.0,1,0.0,0,88,2,3,0.6639,0.0,GREEN,48,Mumbai
CLM0016918,MUM_04425,Powai,2020-10-25,17,0,0,0,0,0,1,1,0,0,0.0,0.327038,0,0.0,0,288,4,1,0.98,0.2151,GREEN,59,Mumbai
CLM0016919,MUM_04752,Ghatkopar,2025-03-20,16,0,0,0,0,0,1,0,0,0,0.0,0.340724,1,0.0,0,178,1,1,0.9122,0.2301,GREEN,50,Mumbai
CLM0016920,MUM_06765,Powai,2019-03-08,21,0,1,1,0,0,0,0,1,0,0.0,0.183468,0,0.0,0,229,2,10,0.6056,0.1293,GREEN,49,Mumbai
CLM0016921,MUM_09904,Lower Parel,2025-05-23,11,0,1,1,0,0,0,0,0,0,1.0,0.324533,0,0.0,0,26,3,4,0.6114,0.1198,GREEN,31,Mumbai
CLM0016922,MUM_09182,Bandra,2023-10-19,10,0,0,0,0,0,0,1,0,0,0.0,0.272964,0,0.0,0,339,0,3,0.1879,0.105,GREEN,22,Mumbai
CLM0016923,MUM_09408,Dadar,2024-07-17,7,0,0,0,0,0,0,0,0,0,0.0,0.037374,0,0.0,1,285,1,2,0.9385,0.056,GREEN,37,Mumbai
CLM0016924,MUM_07307,Chembur,2024-08-25,9,0,0,0,0,0,0,1,1,0,0.0,1.0,0,0.0,0,200,4,2,0.7202,0.1037,GREEN,41,Mumbai
CLM0016925,MUM_00769,Vashi,2022-12-04,20,0,0,0,0,0,1,0,0,0,0.0,0.029449,0,0.0,0,271,4,1,0.4935,0.0506,GREEN,37,Mumbai
CLM0016926,MUM_02399,Thane,2024-10-25,11,0,0,0,0,0,0,0,0,0,0.0,0.278297,0,0.0,0,32,3,1,0.516,0.0,GREEN,27,Mumbai
CLM0016927,MUM_00431,Borivali,2025-05-19,10,0,0,0,0,0,0,0,0,0,0.0,0.354456,0,0.0,0,141,1,3,0.6651,0.0,GREEN,43,Mumbai
CLM0016928,MUM_04640,Dadar,2023-06-06,19,0,0,0,0,0,1,0,0,0,0.0,0.008228,0,0.0,0,389,4,1,0.5401,0.1162,GREEN,19,Mumbai
CLM0016929,MUM_02784,Lower Parel,2023-01-27,18,0,0,0,0,0,0,0,0,0,0.0,0.3665,0,0.0,0,216,4,2,0.8717,0.0,GREEN,39,Mumbai
CLM0016930,MUM_09529,Bandra,2025-05-06,19,0,0,0,0,0,0,0,1,0,0.0,0.307416,0,0.0,0,254,1,4,0.924,0.1282,GREEN,35,Mumbai
CLM0016931,MUM_07405,Lower Parel,2025-02-18,20,0,0,0,0,0,0,0,1,0,0.0,0.0,0,0.0,0,249,4,0,0.5868,0.0516,GREEN,48,Mumbai
CLM0016932,MUM_07646,Lower Parel,2016-07-22,9,0,0,0,0,0,1,0,0,0,0.0,0.316881,0,0.0,0,121,3,6,0.8726,0.0036,GREEN,36,Mumbai
CLM0016933,MUM_03486,Chembur,2017-04-18,16,0,1,1,0,1,0,0,0,0,0.0,0.342147,0,0.0,0,420,2,0,0.8475,0.0292,GREEN,40,Mumbai
CLM0016934,MUM_04331,Powai,2021-01-20,12,0,0,0,1,1,1,1,0,1,1.0,0.988543,1,1.0,0,5,0,18,0.2015,0.1166,GREEN,31,Mumbai
CLM0016935,MUM_03692,Borivali,2018-06-14,20,0,0,0,0,0,0,0,0,1,0.0,0.982107,0,1.0,0,145,0,2,0.5653,0.1214,GREEN,45,Mumbai
CLM0016936,MUM_04959,Thane,2017-02-11,13,0,0,0,0,0,0,0,0,0,0.0,0.199576,0,0.0,0,412,0,0,0.803,0.0747,GREEN,57,Mumbai
CLM0016937,MUM_03369,Lower Parel,2016-01-26,18,0,0,0,0,0,0,0,0,0,0.0,0.285472,0,0.0,0,420,0,3,0.98,0.0,GREEN,22,Mumbai
CLM0016938,MUM_03279,Borivali,2024-01-23,18,0,1,1,0,0,1,0,1,0,0.0,0.025161,0,0.0,0,338,3,11,0.9426,0.1816,GREEN,38,Mumbai
CLM0016939,MUM_00604,Borivali,2023-06-19,12,0,0,0,0,0,0,0,0,0,0.0,0.119423,0,0.0,0,258,2,4,0.4268,0.0,GREEN,27,Mumbai
CLM0016940,MUM_01913,Vashi,2021-02-16,7,0,0,0,0,0,0,0,0,0,0.0,0.466439,0,1.0,0,420,4,6,0.2869,0.0,GREEN,61,Mumbai
CLM0016941,MUM_00177,Vashi,2022-04-04,20,0,0,0,0,0,0,0,0,0,0.0,0.311987,0,0.0,0,280,1,1,0.7299,0.073,GREEN,43,Mumbai
CLM0016942,MUM_03383,Lower Parel,2016-07-14,16,0,0,0,0,0,0,0,0,0,0.0,0.278075,0,0.0,0,420,4,2,0.7814,0.0,GREEN,57,Mumbai
CLM0016943,MUM_06927,Chembur,2025-09-12,11,0,0,0,0,0,0,0,0,0,0.0,0.302491,0,0.0,0,420,0,2,0.5134,0.0,GREEN,18,Mumbai
CLM0016944,MUM_00734,Chembur,2023-05-02,20,0,0,0,0,0,0,0,0,0,0.0,0.970819,0,0.0,0,68,4,0,0.7141,0.0617,GREEN,63,Mumbai
CLM0016945,MUM_04194,Powai,2020-04-10,15,0,0,0,0,0,0,0,0,1,0.0,0.119778,0,0.0,0,233,3,4,0.8,0.1083,GREEN,30,Mumbai
CLM0016946,MUM_01248,Powai,2019-09-23,11,0,0,0,0,0,1,0,1,0,0.0,1.0,0,0.0,0,315,0,0,0.9388,0.203,GREEN,60,Mumbai
CLM0016947,MUM_07773,Bandra,2016-04-07,18,0,0,0,0,0,0,0,0,0,0.0,0.25621,0,0.0,1,319,2,4,0.8035,0.1149,GREEN,30,Mumbai
CLM0016948,MUM_06057,Dadar,2017-11-28,20,0,0,0,0,0,0,0,1,0,0.0,0.009565,0,0.0,0,266,0,2,0.8065,0.1404,GREEN,25,Mumbai
CLM0016949,MUM_01908,Lower Parel,2024-12-03,12,0,0,0,0,0,0,0,0,0,0.0,0.290512,0,0.0,0,50,3,2,0.6668,0.0733,GREEN,34,Mumbai
CLM0016950,MUM_08812,Ghatkopar,2025-09-11,8,0,0,0,0,0,0,0,1,0,0.0,1.0,0,0.0,0,373,0,3,0.1001,0.0905,GREEN,49,Mumbai
CLM0016951,MUM_00055,Thane,2025-11-09,13,0,0,0,0,1,0,0,0,0,0.0,0.141658,0,0.0,0,217,0,3,0.98,0.123,GREEN,42,Mumbai
CLM0016952,MUM_06885,Lower Parel,2025-12-12,21,0,0,0,0,0,0,0,0,0,0.0,0.171869,0,0.0,0,420,2,2,0.6963,0.0061,GREEN,58,Mumbai
CLM0016953,MUM_00825,Bandra,2025-12-01,14,0,0,0,0,1,0,0,0,0,1.0,0.199617,0,0.0,0,163,4,3,0.98,0.2193,GREEN,35,Mumbai
CLM0016954,MUM_00700,Andheri,2024-12-26,19,0,0,0,0,0,0,0,0,0,0.0,0.155362,0,0.0,0,420,2,0,0.6482,0.033,GREEN,18,Mumbai
CLM0016955,MUM_08747,Andheri,2016-05-11,15,0,1,1,0,0,0,0,0,0,0.0,1.0,0,0.0,0,49,3,4,0.9292,0.0583,GREEN,46,Mumbai
CLM0016956,MUM_00279,Vashi,2023-03-03,11,0,0,0,0,0,0,0,0,0,0.0,0.40251,0,0.0,0,42,3,0,0.8642,0.0,GREEN,49,Mumbai
CLM0016957,MUM_08964,Dadar,2022-02-11,12,0,0,0,0,0,0,0,0,0,0.0,0.426077,0,0.0,0,295,0,2,0.9299,0.0383,GREEN,26,Mumbai
CLM0016958,MUM_05699,Bandra,2025-02-20,21,0,0,0,0,1,0,0,0,0,0.0,0.084086,1,0.0,0,96,2,3,0.8103,0.3442,YELLOW,43,Mumbai
CLM0016959,MUM_01082,Vashi,2023-03-13,11,0,0,0,0,0,0,0,0,0,0.0,0.0,0,0.0,1,141,1,2,0.1224,0.1046,GREEN,48,Mumbai
CLM0016960,MUM_08791,Bandra,2024-09-08,9,0,0,0,0,0,0,0,1,0,0.0,0.251406,0,0.0,0,119,3,3,0.98,0.1378,GREEN,37,Mumbai
CLM0016961,MUM_09574,Vashi,2024-08-09,19,0,0,0,0,0,0,0,0,0,0.0,0.11335,0,0.0,0,289,1,5,0.7652,0.0,GREEN,52,Mumbai
CLM0016962,MUM_08485,Vashi,2023-12-30,15,0,0,0,0,0,0,0,0,0,0.0,1.0,1,0.0,0,420,2,5,0.4139,0.0,GREEN,64,Mumbai
CLM0016963,MUM_09286,Andheri,2024-04-03,19,0,0,0,0,0,0,0,0,0,0.0,0.060124,0,0.0,0,369,3,7,0.8175,0.0,GREEN,18,Mumbai
CLM0016964,MUM_04398,Vashi,2019-07-08,12,0,0,0,0,0,0,0,0,0,0.0,0.115515,0,0.0,0,420,0,3,0.8458,0.0763,GREEN,39,Mumbai
CLM0016965,MUM_09679,Chembur,2024-07-15,14,0,0,0,0,0,0,0,0,0,0.0,1.0,0,0.0,0,276,1,4,0.921,0.0,GREEN,50,Mumbai
CLM0016966,MUM_07155,Powai,2019-05-13,17,0,0,0,0,1,1,0,0,0,1.0,1.0,0,1.0,0,225,1,4,0.5755,0.1823,GREEN,31,Mumbai
CLM0016967,MUM_09883,Borivali,2019-05-10,14,0,0,0,1,0,0,0,0,0,1.0,0.391711,0,0.0,0,420,1,0,0.7573,0.0684,GREEN,49,Mumbai
CLM0016968,MUM_01730,Dadar,2022-10-22,19,0,0,0,0,0,1,0,0,0,0.0,0.17778,0,0.0,0,65,3,3,0.107,0.104,GREEN,42,Mumbai
CLM0016969,MUM_02945,Ghatkopar,2025-12-28,7,0,0,0,0,0,0,0,0,0,0.0,0.076841,0,0.0,0,275,4,4,0.8476,0.0,GREEN,44,Mumbai
CLM0016970,MUM_02708,Borivali,2018-02-04,12,0,0,0,0,0,0,0,0,0,0.0,0.079072,0,0.0,0,307,1,1,0.4679,0.0389,GREEN,25,Mumbai
CLM0016971,MUM_07580,Chembur,2025-02-14,14,0,0,0,0,0,0,0,0,0,0.0,0.186523,0,0.0,0,420,4,1,0.9547,0.0262,GREEN,35,Mumbai
CLM0016972,MUM_05261,Borivali,2023-05-24,18,0,0,0,0,1,0,0,0,0,0.0,0.069856,0,0.0,0,5,0,2,0.8579,0.0381,GREEN,47,Mumbai
CLM0016973,MUM_07380,Bandra,2024-03-04,14,0,0,0,0,0,0,0,0,0,0.0,0.076532,0,0.0,0,348,0,3,0.6197,0.0,GREEN,38,Mumbai
CLM0016974,MUM_07652,Chembur,2024-05-10,13,0,0,0,0,0,0,0,0,0,0.0,0.218488,0,0.0,1,370,3,2,0.8432,0.0,GREEN,36,Mumbai
CLM0016975,MUM_03960,Powai,2025-12-27,11,0,0,0,0,0,0,0,0,0,0.0,0.229864,0,0.0,0,224,3,1,0.5712,0.0627,GREEN,50,Mumbai
CLM0016976,MUM_02569,Andheri,2024-07-31,13,0,0,0,0,0,0,0,0,0,0.0,0.319255,0,0.0,0,404,3,4,0.6834,0.0,GREEN,45,Mumbai
CLM0016977,MUM_05043,Thane,2025-10-19,16,0,0,0,0,0,0,0,0,0,0.0,0.20757,0,0.0,0,346,4,0,0.8572,0.0,GREEN,34,Mumbai
CLM0016978,MUM_01266,Andheri,2025-11-11,13,0,0,0,0,0,0,0,0,0,1.0,0.084694,0,0.0,0,420,0,0,0.5441,0.0267,GREEN,45,Mumbai
CLM0016979,MUM_09596,Bandra,2023-08-29,7,0,1,1,0,0,1,0,0,0,0.0,0.146918,0,0.0,1,420,3,2,0.05,0.1752,GREEN,43,Mumbai
CLM0016980,MUM_08909,Powai,2022-03-22,18,0,0,0,0,0,0,0,0,0,1.0,0.216235,0,0.0,0,223,4,5,0.8618,0.0731,GREEN,27,Mumbai
CLM0016981,MUM_09369,Bandra,2022-04-21,13,0,0,0,0,0,0,0,0,0,0.0,0.194553,0,0.0,0,320,1,3,0.1907,0.0,GREEN,43,Mumbai
CLM0016982,MUM_02405,Dadar,2025-02-05,7,0,0,0,0,0,0,0,0,0,0.0,0.127351,0,0.0,0,309,0,2,0.98,0.0,GREEN,27,Mumbai
CLM0016983,MUM_04982,Dadar,2022-12-03,13,0,0,0,0,0,0,0,0,0,1.0,0.888758,0,0.0,0,307,4,0,0.8774,0.0923,GREEN,54,Mumbai
CLM0016984,MUM_09842,Dadar,2023-03-02,7,0,0,0,0,0,0,0,0,0,0.0,0.374853,0,0.0,0,420,1,1,0.5679,0.1046,GREEN,47,Mumbai
CLM0016985,MUM_07527,Bandra,2023-10-26,13,0,0,0,0,1,0,0,0,1,0.0,0.0,0,0.0,1,125,2,2,0.753,0.2133,GREEN,45,Mumbai
CLM0016986,MUM_05267,Andheri,2022-09-19,13,0,0,0,0,0,0,0,0,0,0.0,0.151497,0,0.0,0,135,4,1,0.198,0.0,GREEN,31,Mumbai
CLM0016987,MUM_06001,Borivali,2022-09-19,8,0,0,0,1,0,0,0,0,0,0.0,0.307065,0,0.0,1,397,3,6,0.8342,0.109,GREEN,35,Mumbai
CLM0016988,MUM_00231,Borivali,2022-07-15,18,0,1,1,0,0,0,0,0,0,0.0,0.995017,0,0.0,0,94,1,0,0.5783,0.0,GREEN,37,Mumbai
CLM0016989,MUM_02723,Vashi,2025-12-23,20,0,0,0,1,1,0,0,1,0,0.0,0.188639,0,1.0,0,420,3,4,0.7416,0.46,YELLOW,56,Mumbai
CLM0016990,MUM_05785,Ghatkopar,2024-12-25,8,0,0,0,0,0,0,0,0,0,0.0,0.401674,0,0.0,0,420,1,1,0.98,0.0816,GREEN,37,Mumbai
CLM0016991,MUM_09913,Thane,2025-07-31,13,0,0,0,0,0,0,0,0,0,0.0,0.004128,0,0.0,0,281,1,4,0.9486,0.0,GREEN,29,Mumbai
CLM0016992,MUM_09058,Andheri,2025-02-13,9,0,0,0,0,0,0,0,0,0,0.0,0.37406,0,0.0,0,175,1,2,0.05,0.0,GREEN,42,Mumbai
CLM0016993,MUM_04010,Vashi,2024-05-29,19,0,0,0,0,0,0,0,1,0,0.0,0.127611,0,0.0,0,411,2,0,0.68,0.1203,GREEN,43,Mumbai
CLM0016994,MUM_04597,Thane,2024-05-09,10,0,0,0,0,0,0,0,0,0,0.0,0.333539,0,0.0,0,420,1,4,0.5881,0.0,GREEN,31,Mumbai
CLM0016995,MUM_07465,Borivali,2024-12-23,13,0,0,0,0,0,0,0,0,0,0.0,0.112271,0,0.0,0,191,1,1,0.8595,0.0,GREEN,28,Mumbai
CLM0016996,MUM_06100,Ghatkopar,2024-03-30,15,0,0,0,0,0,0,0,0,0,0.0,0.227546,0,0.0,0,385,3,2,0.6252,0.0028,GREEN,39,Mumbai
CLM0016997,MUM_09404,Vashi,2024-01-18,15,0,0,0,0,0,0,0,0,0,0.0,0.181096,0,0.0,0,420,2,2,0.05,0.0,GREEN,42,Mumbai
CLM0016998,MUM_08099,Thane,2024-07-17,21,0,0,0,1,1,0,0,0,0,0.0,0.055667,1,0.0,0,5,0,18,0.9021,0.0,GREEN,51,Mumbai
CLM0016999,MUM_08027,Chembur,2023-07-09,13,0,0,0,0,0,1,0,0,0,0.0,0.095604,0,0.0,0,319,3,2,0.6413,0.1057,GREEN,62,Mumbai
CLM0017000,MUM_05408,Bandra,2023-08-05,21,0,0,0,0,0,0,0,0,0,0.0,0.331965,0,0.0,0,420,1,4,0.7255,0.0337,GREEN,48,Mumbai
CLM0017001,MUM_03954,Andheri,2025-11-01,20,0,0,0,0,0,0,0,0,0,0.0,0.128332,0,0.0,0,229,4,6,0.5211,0.0274,GREEN,21,Mumbai
CLM0017002,MUM_02951,Vashi,2025-11-02,7,0,0,0,0,0,0,0,0,1,0.0,0.262101,0,0.0,1,125,3,0,0.7457,0.2129,GREEN,32,Mumbai
CLM0017003,MUM_00046,Ghatkopar,2023-01-07,9,0,0,0,0,0,0,0,0,0,0.0,0.072102,0,0.0,0,124,1,4,0.3809,0.0211,GREEN,56,Mumbai
CLM0017004,MUM_08223,Thane,2025-12-19,7,0,0,0,0,0,1,0,0,0,0.0,0.175313,0,0.0,0,214,0,2,0.8633,0.1085,GREEN,45,Mumbai
CLM0017005,MUM_06789,Thane,2024-02-23,17,0,0,0,0,0,0,0,0,0,0.0,0.214473,0,0.0,0,280,3,0,0.8296,0.0,GREEN,54,Mumbai
CLM0017006,MUM_08672,Bandra,2024-03-28,17,0,0,0,0,0,0,0,0,1,0.0,0.193998,0,0.0,0,55,1,0,0.783,0.1839,GREEN,47,Mumbai
CLM0017007,MUM_06570,Vashi,2025-01-09,20,0,0,0,1,0,0,0,0,0,0.0,0.212961,0,0.0,0,420,2,1,0.2848,0.1869,GREEN,40,Mumbai
CLM0017008,MUM_01039,Powai,2025-07-04,10,0,0,0,0,0,0,0,1,0,0.0,0.216044,0,0.0,0,420,4,2,0.2668,0.1919,GREEN,30,Mumbai
CLM0017009,MUM_00511,Borivali,2025-03-08,11,0,0,0,0,0,0,0,0,0,0.0,0.404808,0,0.0,0,52,2,1,0.7653,0.0562,GREEN,29,Mumbai
CLM0017010,MUM_03610,Chembur,2025-12-14,14,0,1,1,0,0,0,0,0,0,0.0,0.23012,0,0.0,0,52,4,1,0.4651,0.0,GREEN,56,Mumbai
CLM0017011,MUM_04615,Lower Parel,2025-06-04,11,0,0,0,0,0,0,0,0,0,1.0,0.235363,0,0.0,0,420,2,4,0.5905,0.0411,GREEN,30,Mumbai
CLM0017012,MUM_06496,Bandra,2025-08-22,14,0,0,0,0,0,0,0,0,0,0.0,0.037638,0,0.0,0,130,2,3,0.0669,0.1359,GREEN,37,Mumbai
CLM0017013,MUM_03962,Thane,2025-06-18,21,0,0,0,0,0,0,1,0,0,0.0,0.0,0,0.0,0,106,3,3,0.7193,0.1183,GREEN,29,Mumbai
CLM0017014,MUM_02382,Powai,2025-09-05,14,0,0,0,0,1,0,0,0,0,0.0,0.110749,0,0.0,0,354,4,0,0.8025,0.0643,GREEN,36,Mumbai
CLM0017015,MUM_07755,Borivali,2025-05-31,14,0,0,0,0,0,1,0,1,0,1.0,0.121931,0,0.0,0,379,3,0,0.98,0.2759,GREEN,46,Mumbai
CLM0017016,MUM_03648,Vashi,2025-10-30,14,0,0,0,0,0,1,0,1,1,0.0,0.45254,0,0.0,0,349,0,5,0.98,0.338,YELLOW,46,Mumbai
CLM0017017,MUM_04784,Lower Parel,2025-01-28,7,0,0,0,0,0,0,0,0,0,0.0,0.04855,1,0.0,0,389,0,4,0.946,0.044,GREEN,45,Mumbai
CLM0017018,MUM_08905,Powai,2025-05-30,10,0,0,0,0,0,0,0,1,0,0.0,0.251279,0,0.0,0,105,4,3,0.4941,0.0691,GREEN,40,Mumbai
CLM0017019,MUM_08849,Vashi,2025-09-16,12,0,0,0,0,0,0,0,0,0,0.0,0.15211,0,0.0,0,90,2,1,0.5944,0.0,GREEN,32,Mumbai
CLM0017020,MUM_08675,Vashi,2023-12-10,18,0,0,0,0,0,0,0,0,0,1.0,0.384935,1,0.0,0,193,4,6,0.9378,0.1217,GREEN,45,Mumbai
CLM0017021,MUM_09084,Bandra,2023-11-26,12,0,0,0,0,0,0,0,0,0,0.0,0.287715,0,0.0,0,420,1,1,0.898,0.0,GREEN,46,Mumbai
CLM0017022,MUM_09817,Vashi,2025-06-07,16,0,0,0,0,0,0,0,1,0,0.0,0.235565,0,0.0,0,121,0,1,0.98,0.0674,GREEN,36,Mumbai
CLM0017023,MUM_06888,Thane,2025-09-28,20,0,0,0,0,0,0,0,0,0,0.0,0.238264,0,0.0,0,129,3,0,0.8972,0.0322,GREEN,45,Mumbai
CLM0017024,MUM_07137,Chembur,2025-10-02,11,0,0,0,0,0,0,0,0,0,0.0,0.383645,0,0.0,0,370,4,3,0.9101,0.0328,GREEN,49,Mumbai
CLM0017025,MUM_02461,Ghatkopar,2024-01-25,15,0,0,0,0,0,0,0,0,0,0.0,0.046396,0,0.0,0,420,0,0,0.6306,0.0071,GREEN,33,Mumbai
CLM0017026,MUM_02435,Dadar,2021-06-10,7,0,0,0,0,0,0,0,0,0,1.0,0.175757,0,1.0,0,232,1,1,0.633,0.077,GREEN,30,Mumbai
CLM0017027,MUM_01974,Powai,2025-03-12,7,0,0,0,0,0,0,0,0,0,1.0,0.128899,1,0.0,0,277,0,1,0.4631,0.1006,GREEN,24,Mumbai
CLM0017028,MUM_06864,Lower Parel,2021-05-30,10,0,0,0,0,0,0,0,0,0,0.0,0.296566,0,1.0,0,137,4,5,0.2711,0.0,GREEN,41,Mumbai
CLM0017029,MUM_08176,Andheri,2025-12-18,15,0,0,0,0,0,0,0,0,0,1.0,0.318757,0,1.0,0,101,2,2,0.9749,0.0677,GREEN,33,Mumbai
CLM0017030,MUM_00243,Vashi,2024-08-17,16,0,0,0,0,0,0,0,1,0,0.0,0.0,0,0.0,0,197,0,3,0.3822,0.075,GREEN,31,Mumbai
CLM0017031,MUM_01303,Vashi,2022-09-14,21,0,1,1,0,0,1,0,0,0,0.0,0.09699,0,0.0,0,420,1,4,0.855,0.1286,GREEN,49,Mumbai
CLM0017032,MUM_02875,Dadar,2024-02-18,13,0,0,0,0,0,0,0,0,0,0.0,0.173091,0,0.0,0,182,3,2,0.8088,0.0,GREEN,58,Mumbai
CLM0017033,MUM_06082,Dadar,2023-07-03,8,0,0,0,0,0,0,0,0,0,0.0,0.406153,0,0.0,0,290,2,2,0.1588,0.0424,GREEN,34,Mumbai
CLM0017034,MUM_01318,Andheri,2025-12-21,10,0,0,0,0,0,0,0,0,0,0.0,0.025392,0,0.0,0,259,4,0,0.98,0.0,GREEN,47,Mumbai
CLM0017035,MUM_04005,Dadar,2024-05-22,13,0,0,0,0,0,0,0,0,0,1.0,0.146477,0,0.0,0,318,1,3,0.1059,0.1138,GREEN,30,Mumbai
CLM0017036,MUM_02300,Chembur,2022-07-01,9,0,0,0,0,0,0,0,0,0,0.0,0.109922,0,0.0,0,379,3,2,0.9343,0.006,GREEN,43,Mumbai
CLM0017037,MUM_01515,Vashi,2023-04-12,12,0,0,0,0,0,0,0,0,0,0.0,0.2571,0,0.0,0,420,2,0,0.05,0.1591,GREEN,57,Mumbai
CLM0017038,MUM_03279,Borivali,2024-07-09,12,0,0,0,0,0,0,0,0,0,0.0,0.252869,0,0.0,0,230,2,4,0.5887,0.0,GREEN,38,Mumbai
CLM0017039,MUM_00077,Andheri,2025-04-28,12,0,0,0,0,0,0,0,0,0,0.0,0.108864,1,0.0,0,124,3,1,0.8407,0.1068,GREEN,52,Mumbai
CLM0017040,MUM_05712,Chembur,2024-03-05,8,0,0,0,0,0,0,0,0,0,0.0,0.303685,0,0.0,0,312,0,0,0.8846,0.0,GREEN,59,Mumbai
CLM0017041,MUM_03643,Ghatkopar,2023-11-21,15,0,0,0,0,0,0,1,0,0,0.0,0.089961,0,0.0,0,94,3,2,0.1928,0.145,GREEN,49,Mumbai
CLM0017042,MUM_02007,Vashi,2024-08-17,13,0,0,0,0,0,0,0,0,0,0.0,0.294892,0,0.0,0,193,1,5,0.711,0.0,GREEN,44,Mumbai
CLM0017043,MUM_00252,Dadar,2020-11-03,8,0,0,0,0,0,0,0,0,0,1.0,0.067462,0,0.0,0,55,0,6,0.7347,0.079,GREEN,39,Mumbai
CLM0017044,MUM_00589,Lower Parel,2023-10-05,9,0,0,0,0,0,0,0,0,0,0.0,1.0,0,0.0,0,110,1,2,0.6792,0.0,GREEN,52,Mumbai
CLM0017045,MUM_00804,Dadar,2025-01-14,11,0,0,0,0,0,1,1,0,0,1.0,0.981208,0,1.0,0,93,2,5,0.8436,0.1971,GREEN,45,Mumbai
CLM0017046,MUM_02998,Ghatkopar,2025-02-23,18,0,0,0,0,0,0,0,0,0,0.0,0.243411,0,0.0,0,147,4,5,0.98,0.0,GREEN,57,Mumbai
CLM0017047,MUM_04073,Thane,2024-07-11,15,0,0,0,0,0,0,1,0,0,1.0,0.07235,0,0.0,0,245,0,5,0.05,0.1639,GREEN,55,Mumbai
CLM0017048,MUM_03935,Dadar,2024-09-07,18,0,0,0,0,0,0,0,0,1,1.0,0.237039,0,0.0,0,420,3,6,0.6315,0.3273,YELLOW,57,Mumbai
CLM0017049,MUM_09098,Vashi,2024-01-24,17,0,0,0,0,0,0,1,0,0,0.0,0.020475,0,0.0,0,420,3,2,0.7626,0.0095,GREEN,57,Mumbai
CLM0017050,MUM_07708,Bandra,2024-06-02,14,0,0,0,0,0,0,0,0,0,0.0,0.193454,0,0.0,0,420,2,1,0.9183,0.0793,GREEN,32,Mumbai
CLM0017051,MUM_08462,Andheri,2024-12-09,7,0,0,0,0,0,0,0,0,0,0.0,0.307341,0,0.0,0,126,3,1,0.2778,0.0,GREEN,18,Mumbai
CLM0017052,MUM_04466,Andheri,2024-11-08,8,0,0,0,0,0,0,0,0,0,0.0,0.129569,0,0.0,0,36,2,0,0.7525,0.0285,GREEN,64,Mumbai
CLM0017053,MUM_00389,Powai,2024-10-27,17,0,0,0,0,0,0,0,1,0,0.0,0.29529,0,0.0,0,370,3,2,0.5378,0.0,GREEN,55,Mumbai
CLM0017054,MUM_01846,Thane,2025-05-06,16,0,0,0,0,0,0,0,0,0,0.0,0.33324,0,0.0,1,331,3,0,0.05,0.0,GREEN,30,Mumbai
CLM0017055,MUM_01422,Dadar,2025-10-06,20,0,0,0,0,1,0,0,0,0,0.0,0.161872,0,0.0,0,242,3,2,0.6316,0.1,GREEN,32,Mumbai
CLM0017056,MUM_03001,Lower Parel,2024-02-01,11,0,0,0,0,0,0,0,0,0,0.0,0.34891,0,0.0,0,420,2,4,0.746,0.0,GREEN,52,Mumbai
CLM0017057,MUM_02311,Vashi,2025-04-22,20,0,0,0,0,0,0,0,0,0,0.0,0.112937,0,0.0,0,366,2,0,0.5195,0.082,GREEN,57,Mumbai
CLM0017058,MUM_04911,Chembur,2023-05-27,21,0,0,0,0,0,1,0,0,0,0.0,1.0,0,0.0,0,220,1,0,0.7026,0.0863,GREEN,27,Mumbai
CLM0017059,MUM_05160,Thane,2023-07-23,13,0,1,1,0,0,0,0,1,0,1.0,0.402429,0,0.0,0,173,2,2,0.2688,0.1917,GREEN,32,Mumbai
CLM0017060,MUM_09576,Lower Parel,2023-08-04,13,0,0,0,0,0,0,0,0,0,0.0,0.235511,0,0.0,0,311,3,4,0.8041,0.0009,GREEN,51,Mumbai
CLM0017061,MUM_07137,Chembur,2022-07-09,11,0,0,0,0,0,0,0,0,0,0.0,0.121468,0,0.0,0,33,1,3,0.05,0.0534,GREEN,49,Mumbai
CLM0017062,MUM_07806,Ghatkopar,2016-08-11,9,0,0,0,0,0,0,0,0,0,0.0,0.213741,0,0.0,0,373,3,2,0.9549,0.0,GREEN,39,Mumbai
CLM0017063,MUM_08827,Lower Parel,2022-04-21,19,0,0,0,0,0,0,0,0,0,0.0,0.313151,0,0.0,1,205,1,1,0.5331,0.1262,GREEN,30,Mumbai
CLM0017064,MUM_07061,Powai,2019-03-25,21,0,0,0,0,0,0,0,0,0,0.0,0.024127,0,0.0,0,142,3,0,0.05,0.0,GREEN,18,Mumbai
CLM0017065,MUM_05160,Thane,2025-10-30,17,0,0,0,0,0,0,0,0,0,0.0,0.110929,0,0.0,0,284,2,0,0.847,0.0,GREEN,32,Mumbai
CLM0017066,MUM_04965,Borivali,2017-12-08,17,0,0,0,1,0,0,0,0,0,0.0,0.018796,0,0.0,0,420,3,4,0.6538,0.2027,GREEN,42,Mumbai
CLM0017067,MUM_02336,Powai,2019-05-10,20,0,0,0,0,0,0,0,0,0,0.0,0.283517,0,0.0,0,239,2,6,0.8983,0.0,GREEN,48,Mumbai
CLM0017068,MUM_02387,Bandra,2024-12-09,13,0,0,0,0,0,0,0,0,0,0.0,0.218188,0,0.0,0,76,0,2,0.865,0.0584,GREEN,55,Mumbai
CLM0017069,MUM_04787,Powai,2023-08-29,18,0,0,0,0,0,0,0,1,0,0.0,0.031681,0,0.0,0,134,2,5,0.0606,0.123,GREEN,40,Mumbai
CLM0017070,MUM_02686,Borivali,2024-07-27,17,0,0,0,0,0,0,0,1,0,0.0,0.287354,0,0.0,0,420,0,8,0.5591,0.1108,GREEN,42,Mumbai
CLM0017071,MUM_01812,Thane,2024-04-11,14,0,0,0,0,0,1,0,0,0,0.0,0.363794,0,0.0,0,420,3,2,0.7514,0.1716,GREEN,28,Mumbai
CLM0017072,MUM_07794,Lower Parel,2025-12-27,12,0,0,0,0,0,0,0,0,0,0.0,0.448387,0,0.0,0,57,2,1,0.1461,0.0468,GREEN,50,Mumbai
CLM0017073,MUM_05967,Borivali,2025-09-28,14,0,0,0,0,0,0,0,0,0,0.0,0.104298,0,0.0,1,254,2,6,0.8955,0.0638,GREEN,21,Mumbai
CLM0017074,MUM_02787,Ghatkopar,2024-04-25,15,0,0,0,0,1,0,0,0,0,0.0,0.121199,0,0.0,0,146,0,4,0.5759,0.1704,GREEN,46,Mumbai
CLM0017075,MUM_02517,Ghatkopar,2025-04-25,18,0,0,0,0,0,0,0,0,0,0.0,1.0,0,0.0,0,106,3,0,0.7479,0.0,GREEN,53,Mumbai
CLM0017076,MUM_00002,Lower Parel,2025-09-21,17,0,0,0,0,1,0,0,0,0,0.0,0.295904,0,1.0,0,336,1,0,0.05,0.0563,GREEN,50,Mumbai
CLM0017077,MUM_06856,Borivali,2024-08-18,20,0,0,0,0,0,0,0,0,0,0.0,0.094452,0,0.0,0,190,4,0,0.05,0.0331,GREEN,19,Mumbai
CLM0017078,MUM_02227,Lower Parel,2024-04-17,9,0,0,0,0,0,0,0,0,0,0.0,0.181983,0,0.0,0,66,4,2,0.722,0.1513,GREEN,39,Mumbai
CLM0017079,MUM_06408,Andheri,2025-09-02,12,0,0,0,0,0,0,0,0,0,0.0,0.321637,0,0.0,0,406,4,0,0.8657,0.0638,GREEN,45,Mumbai
CLM0017080,MUM_09824,Vashi,2024-06-06,18,0,0,0,0,0,0,0,0,0,0.0,0.202422,0,0.0,0,409,3,0,0.4675,0.0,GREEN,43,Mumbai
CLM0017081,MUM_08568,Powai,2024-11-15,18,0,0,0,1,0,0,0,1,0,0.0,0.035113,0,0.0,0,297,0,5,0.4397,0.264,GREEN,30,Mumbai
CLM0017082,MUM_03051,Bandra,2025-01-04,12,0,0,0,0,0,0,0,0,0,1.0,0.145375,0,0.0,0,193,2,0,0.8506,0.0792,GREEN,40,Mumbai
CLM0017083,MUM_05591,Vashi,2023-08-05,18,0,0,0,0,0,0,0,0,0,1.0,0.938466,0,1.0,0,311,1,5,0.9699,0.0499,GREEN,29,Mumbai
CLM0017084,MUM_07650,Ghatkopar,2024-05-07,14,0,0,0,0,0,0,0,0,0,0.0,0.127209,0,0.0,0,224,4,2,0.98,0.0,GREEN,53,Mumbai
CLM0017085,MUM_07858,Vashi,2021-12-26,11,0,0,0,0,0,0,0,0,0,0.0,0.147007,0,0.0,0,152,2,1,0.7962,0.0377,GREEN,24,Mumbai
CLM0017086,MUM_03369,Lower Parel,2023-12-09,19,0,0,0,0,0,0,0,0,0,0.0,0.0,0,0.0,0,73,2,1,0.8152,0.0005,GREEN,22,Mumbai
CLM0017087,MUM_06405,Ghatkopar,2024-10-27,9,0,0,0,0,0,0,0,0,0,0.0,0.013609,0,0.0,0,168,0,1,0.6506,0.0,GREEN,39,Mumbai
CLM0017088,MUM_01185,Chembur,2024-06-08,17,0,0,0,0,0,0,0,0,0,0.0,0.322613,0,0.0,0,371,2,3,0.1882,0.0096,GREEN,47,Mumbai
CLM0017089,MUM_04149,Dadar,2025-05-16,18,0,0,0,0,0,0,0,0,0,0.0,0.374039,0,0.0,0,228,0,1,0.2514,0.0373,GREEN,59,Mumbai
CLM0017090,MUM_01354,Lower Parel,2017-06-16,19,0,0,0,0,1,0,0,0,0,0.0,0.0,0,0.0,0,370,0,3,0.7329,0.1058,GREEN,46,Mumbai
CLM0017091,MUM_00087,Ghatkopar,2025-06-20,20,0,0,0,1,0,1,0,0,0,0.0,0.16417,0,0.0,0,151,0,3,0.7483,0.2574,GREEN,47,Mumbai
CLM0017092,MUM_03114,Dadar,2019-03-08,15,0,0,0,0,0,0,0,0,0,0.0,0.083177,0,0.0,0,12,2,0,0.9104,0.0,GREEN,47,Mumbai
CLM0017093,MUM_09851,Andheri,2025-01-10,13,0,0,0,0,1,0,0,0,0,0.0,0.27578,0,1.0,0,328,2,2,0.8152,0.1071,GREEN,25,Mumbai
CLM0017094,MUM_03418,Powai,2020-04-02,18,0,0,0,0,0,0,0,0,0,0.0,0.371626,0,0.0,0,189,1,1,0.6389,0.0281,GREEN,58,Mumbai
CLM0017095,MUM_09427,Lower Parel,2018-04-22,7,0,0,0,0,0,1,0,0,0,0.0,0.382686,0,0.0,0,132,1,2,0.0971,0.1071,GREEN,37,Mumbai
CLM0017096,MUM_07005,Andheri,2024-12-05,8,0,0,0,0,0,0,1,0,0,1.0,0.336869,0,0.0,0,342,0,5,0.562,0.1497,GREEN,44,Mumbai
CLM0017097,MUM_03426,Vashi,2025-08-01,11,0,0,0,0,0,0,0,0,0,1.0,0.205281,0,0.0,0,420,3,3,0.05,0.1546,GREEN,47,Mumbai
CLM0017098,MUM_03980,Vashi,2025-12-19,17,0,0,0,0,0,0,0,0,0,0.0,0.1047,0,0.0,0,420,4,1,0.6491,0.0,GREEN,38,Mumbai
CLM0017099,MUM_04466,Andheri,2025-11-04,15,0,0,0,0,0,1,0,0,0,0.0,0.140562,0,0.0,0,420,4,0,0.0918,0.0491,GREEN,64,Mumbai
CLM0017100,MUM_05444,Bandra,2025-05-13,10,0,0,0,0,0,0,1,0,0,0.0,0.053572,0,0.0,0,420,1,4,0.1393,0.0224,GREEN,47,Mumbai
CLM0017101,MUM_08697,Ghatkopar,2025-09-09,21,0,0,0,0,0,0,0,0,0,1.0,0.247798,0,0.0,0,420,4,1,0.6397,0.0961,GREEN,38,Mumbai
CLM0017102,MUM_03171,Chembur,2025-01-16,7,0,0,0,0,0,1,0,0,0,0.0,0.290893,0,0.0,0,39,2,2,0.0807,0.15,GREEN,46,Mumbai
CLM0017103,MUM_05879,Bandra,2024-09-18,8,0,0,0,0,0,0,0,0,0,1.0,0.081984,0,0.0,0,156,4,4,0.2396,0.1134,GREEN,41,Mumbai
CLM0017104,MUM_06718,Ghatkopar,2025-09-27,14,0,0,0,0,0,0,0,0,0,0.0,0.141717,0,0.0,0,205,2,1,0.7181,0.0,GREEN,52,Mumbai
CLM0017105,MUM_02312,Chembur,2025-07-23,21,0,0,0,0,0,0,0,0,0,0.0,1.0,0,0.0,0,219,2,0,0.7189,0.0,GREEN,48,Mumbai
CLM0017106,MUM_09281,Lower Parel,2025-08-05,17,0,0,0,0,0,0,0,0,0,0.0,0.155537,0,0.0,0,420,1,4,0.6172,0.0,GREEN,52,Mumbai
CLM0017107,MUM_08303,Thane,2021-08-16,18,0,0,0,0,0,0,0,0,0,0.0,0.247151,0,0.0,0,327,0,7,0.5487,0.0,GREEN,27,Mumbai
CLM0017108,MUM_08327,Powai,2020-02-10,13,0,0,0,0,0,0,0,0,0,0.0,0.283808,0,0.0,1,5,1,0,0.6635,0.0281,GREEN,54,Mumbai
CLM0017109,MUM_05999,Ghatkopar,2022-10-28,11,0,0,0,0,0,0,0,0,0,0.0,0.0,0,0.0,0,341,0,2,0.5233,0.1092,GREEN,37,Mumbai
CLM0017110,MUM_03285,Borivali,2021-01-13,11,0,0,0,0,0,0,0,0,0,0.0,0.289941,0,0.0,1,190,4,3,0.7427,0.0876,GREEN,39,Mumbai
CLM0017111,MUM_02205,Dadar,2023-09-22,21,0,0,0,0,0,0,0,0,0,0.0,0.282778,0,0.0,0,130,0,4,0.5,0.0,GREEN,28,Mumbai
CLM0017112,MUM_09547,Powai,2024-02-21,8,0,1,1,0,0,0,0,0,0,1.0,1.0,1,0.0,0,132,4,3,0.7567,0.175,GREEN,42,Mumbai
CLM0017113,MUM_00567,Lower Parel,2021-10-25,12,0,0,0,0,1,0,0,0,0,0.0,0.390978,0,0.0,0,334,2,2,0.8929,0.0815,GREEN,45,Mumbai
CLM0017114,MUM_07732,Lower Parel,2021-12-04,19,0,0,0,0,0,0,0,0,1,0.0,0.142197,0,0.0,0,377,3,3,0.846,0.1632,GREEN,47,Mumbai
CLM0017115,MUM_06346,Dadar,2025-01-15,9,0,0,0,1,0,1,1,1,0,0.0,0.087445,0,0.0,0,21,3,18,0.98,0.1445,GREEN,57,Mumbai
CLM0017116,MUM_09604,Bandra,2020-09-30,16,0,0,0,0,1,0,0,0,0,0.0,1.0,0,0.0,0,98,4,0,0.7017,0.2359,GREEN,30,Mumbai
CLM0017117,MUM_03923,Powai,2019-10-24,19,0,0,0,0,0,0,0,0,0,0.0,0.391127,0,0.0,0,249,2,2,0.98,0.016,GREEN,41,Mumbai
CLM0017118,MUM_05482,Thane,2022-06-14,9,0,0,0,0,0,0,0,0,0,0.0,0.301437,0,0.0,0,333,3,4,0.6127,0.0404,GREEN,44,Mumbai
CLM0017119,MUM_09688,Lower Parel,2018-07-12,21,0,0,0,0,0,0,0,0,0,0.0,0.065217,0,0.0,0,189,4,1,0.1768,0.0371,GREEN,46,Mumbai
CLM0017120,MUM_06391,Chembur,2021-10-01,8,0,0,0,0,0,0,0,0,0,0.0,0.359234,0,0.0,0,196,3,5,0.752,0.0613,GREEN,55,Mumbai
CLM0017121,MUM_06855,Bandra,2024-12-04,15,0,0,0,0,0,0,0,0,0,0.0,0.035863,0,0.0,0,34,3,3,0.8617,0.0,GREEN,18,Mumbai
CLM0017122,MUM_02966,Andheri,2020-10-27,10,0,0,0,0,0,0,0,0,0,0.0,0.32027,0,0.0,0,301,1,3,0.8829,0.0,GREEN,48,Mumbai
CLM0017123,MUM_03772,Andheri,2020-01-17,9,0,0,0,1,0,0,0,0,0,0.0,0.128397,0,0.0,0,383,4,0,0.5035,0.2061,GREEN,41,Mumbai
CLM0017124,MUM_07186,Lower Parel,2020-05-11,7,0,0,0,0,0,0,0,0,0,0.0,0.137301,0,0.0,0,20,0,0,0.98,0.0264,GREEN,19,Mumbai
CLM0017125,MUM_04010,Vashi,2023-01-08,20,0,0,0,0,0,0,0,0,0,0.0,0.977858,0,0.0,0,112,0,2,0.6559,0.0386,GREEN,43,Mumbai
CLM0017126,MUM_00842,Bandra,2018-11-10,7,0,0,0,0,0,0,0,1,0,0.0,0.400368,0,0.0,0,220,4,0,0.9257,0.0591,GREEN,28,Mumbai
CLM0017127,MUM_03589,Lower Parel,2025-03-24,8,0,0,0,0,0,0,0,0,0,0.0,1.0,0,0.0,0,131,3,3,0.7365,0.0001,GREEN,44,Mumbai
CLM0017128,MUM_08720,Borivali,2025-01-05,12,0,0,0,0,0,1,0,0,0,0.0,0.043423,0,0.0,0,355,1,5,0.3508,0.1349,GREEN,58,Mumbai
CLM0017129,MUM_00237,Ghatkopar,2024-11-01,19,0,0,0,0,0,0,0,0,0,0.0,0.416695,0,0.0,0,101,0,2,0.8434,0.0,GREEN,33,Mumbai
CLM0017130,MUM_00673,Borivali,2023-11-04,15,0,0,0,0,0,0,0,0,0,0.0,0.026396,0,0.0,0,420,3,9,0.6894,0.0,GREEN,50,Mumbai
CLM0017131,MUM_00300,Bandra,2024-07-09,14,0,0,0,0,0,0,0,0,0,0.0,0.182913,0,1.0,0,420,1,2,0.8683,0.029,GREEN,37,Mumbai
CLM0017132,MUM_04538,Dadar,2020-12-05,10,0,0,0,0,0,0,0,1,0,0.0,0.222643,0,0.0,0,135,4,3,0.2285,0.106,GREEN,53,Mumbai
CLM0017133,MUM_09472,Powai,2016-07-23,15,0,0,0,0,0,0,0,0,0,0.0,0.091919,0,0.0,0,105,3,0,0.625,0.0835,GREEN,21,Mumbai
CLM0017134,MUM_05334,Bandra,2025-01-26,19,0,0,0,0,0,1,0,0,0,0.0,0.051597,0,1.0,0,105,3,3,0.05,0.1502,GREEN,51,Mumbai
CLM0017135,MUM_05279,Lower Parel,2018-02-13,11,0,0,0,0,0,0,0,1,0,0.0,0.113677,0,0.0,0,77,4,3,0.6326,0.1556,GREEN,51,Mumbai
CLM0017136,MUM_09530,Ghatkopar,2021-02-07,8,0,0,0,0,0,0,0,1,0,0.0,0.958833,0,0.0,0,16,0,3,0.9347,0.1484,GREEN,18,Mumbai
CLM0017137,MUM_01534,Ghatkopar,2018-01-03,13,0,1,1,0,0,0,0,0,0,0.0,0.231623,0,0.0,0,229,0,4,0.4411,0.0513,GREEN,24,Mumbai
CLM0017138,MUM_09328,Dadar,2016-12-08,21,0,0,0,0,0,0,0,0,0,0.0,0.371702,0,0.0,0,328,4,3,0.8608,0.0305,GREEN,45,Mumbai
CLM0017139,MUM_03710,Ghatkopar,2017-07-13,10,0,0,0,0,0,0,0,0,0,0.0,0.070243,0,0.0,0,225,1,3,0.8546,0.0155,GREEN,39,Mumbai
CLM0017140,MUM_08740,Lower Parel,2016-07-03,15,0,0,0,0,0,0,0,0,0,0.0,0.264396,0,0.0,0,197,0,2,0.8383,0.0225,GREEN,56,Mumbai
CLM0017141,MUM_01047,Powai,2024-09-08,13,0,0,0,0,0,0,1,0,0,0.0,0.201328,0,0.0,0,30,3,1,0.6381,0.0703,GREEN,55,Mumbai
CLM0017142,MUM_06689,Vashi,2025-02-26,15,0,1,1,0,0,0,0,0,0,0.0,0.0,0,0.0,0,405,0,0,0.5617,0.0,GREEN,44,Mumbai
CLM0017143,MUM_08739,Ghatkopar,2025-07-24,10,0,1,1,0,1,0,0,0,0,0.0,0.145917,0,0.0,0,313,0,2,0.5132,0.0929,GREEN,31,Mumbai
CLM0017144,MUM_00885,Powai,2025-07-23,18,0,0,0,0,0,0,0,0,0,0.0,0.059337,0,0.0,0,402,3,0,0.9496,0.0158,GREEN,25,Mumbai
CLM0017145,MUM_01167,Dadar,2024-10-04,20,0,0,0,0,0,0,0,1,0,0.0,0.237243,0,0.0,0,74,1,5,0.7953,0.1354,GREEN,43,Mumbai
CLM0017146,MUM_02009,Chembur,2024-09-23,11,0,0,0,0,0,0,0,1,0,0.0,0.167331,0,0.0,0,322,4,5,0.5456,0.0526,GREEN,43,Mumbai
CLM0017147,MUM_07817,Bandra,2025-03-17,10,0,0,0,0,0,0,0,0,0,0.0,0.30647,0,0.0,0,379,4,1,0.5735,0.0,GREEN,55,Mumbai
CLM0017148,MUM_05825,Powai,2024-06-15,8,0,0,0,0,0,0,0,0,0,0.0,0.339153,0,0.0,0,117,4,1,0.5533,0.083,GREEN,23,Mumbai
CLM0017149,MUM_05022,Chembur,2025-11-23,18,0,0,0,0,0,1,0,0,1,0.0,0.026632,1,1.0,0,113,3,2,0.2668,0.3074,GREEN,42,Mumbai
CLM0017150,MUM_04442,Chembur,2025-10-18,15,0,0,0,0,0,0,0,0,0,0.0,0.460276,0,0.0,0,383,2,6,0.8889,0.0594,GREEN,41,Mumbai
CLM0017151,MUM_01074,Bandra,2025-06-19,10,0,1,1,0,0,0,0,0,0,0.0,0.228359,0,0.0,0,79,0,2,0.9301,0.0,GREEN,44,Mumbai
CLM0017152,MUM_09378,Borivali,2024-08-22,7,0,0,0,0,0,0,0,0,0,0.0,0.12956,0,0.0,0,23,4,4,0.9226,0.0,GREEN,39,Mumbai
CLM0017153,MUM_00686,Chembur,2023-04-04,16,0,1,1,0,1,0,0,0,0,0.0,0.012437,0,0.0,0,200,4,2,0.05,0.0473,GREEN,51,Mumbai
CLM0017154,MUM_03374,Vashi,2023-03-06,11,0,0,0,0,0,0,1,0,0,0.0,0.361957,0,0.0,0,235,0,4,0.7933,0.0232,GREEN,47,Mumbai
CLM0017155,MUM_03564,Lower Parel,2023-11-05,19,0,0,0,0,1,0,0,0,0,0.0,0.293708,0,0.0,0,366,1,3,0.696,0.1021,GREEN,50,Mumbai
CLM0017156,MUM_09942,Chembur,2023-09-06,15,0,0,0,0,0,0,0,0,1,0.0,0.420829,0,0.0,0,314,0,0,0.8045,0.2049,GREEN,38,Mumbai
CLM0017157,MUM_02457,Thane,2024-07-25,21,0,0,0,0,0,0,0,0,1,1.0,1.0,0,1.0,0,96,0,4,0.4246,0.1332,GREEN,53,Mumbai
CLM0017158,MUM_04459,Dadar,2024-07-15,20,0,0,0,0,0,0,0,0,0,0.0,1.0,0,0.0,0,183,3,3,0.7331,0.0694,GREEN,44,Mumbai
CLM0017159,MUM_05538,Chembur,2024-08-16,20,0,0,0,0,0,0,0,0,0,0.0,0.350401,0,0.0,0,174,2,5,0.05,0.0132,GREEN,26,Mumbai
CLM0017160,MUM_08993,Chembur,2025-12-27,18,0,0,0,0,0,0,0,0,0,0.0,0.973462,0,0.0,0,273,2,4,0.7841,0.035,GREEN,39,Mumbai
CLM0017161,MUM_09253,Bandra,2024-05-25,18,0,1,1,0,0,0,0,0,0,0.0,0.412921,0,0.0,0,59,0,4,0.5117,0.0,GREEN,57,Mumbai
CLM0017162,MUM_09639,Borivali,2025-05-25,8,0,0,0,0,0,0,0,0,0,0.0,0.284056,0,0.0,0,301,2,2,0.7983,0.0513,GREEN,47,Mumbai
CLM0017163,MUM_03536,Ghatkopar,2023-02-05,10,0,0,0,0,0,0,0,1,0,1.0,0.293661,0,0.0,0,25,2,1,0.73,0.1801,GREEN,43,Mumbai
CLM0017164,MUM_01776,Lower Parel,2024-08-26,12,0,0,0,0,0,0,1,0,0,0.0,0.028898,0,0.0,1,356,3,0,0.7816,0.1345,GREEN,31,Mumbai
CLM0017165,MUM_03707,Dadar,2019-09-20,7,0,0,0,0,0,1,0,0,0,0.0,0.271138,0,1.0,0,63,2,4,0.2658,0.09,GREEN,47,Mumbai
CLM0017166,MUM_07065,Andheri,2022-07-28,12,0,0,0,0,0,0,0,0,1,0.0,0.373103,0,0.0,0,420,1,2,0.6412,0.064,GREEN,51,Mumbai
CLM0017167,MUM_01542,Powai,2020-11-03,14,0,0,0,0,0,0,0,0,0,0.0,0.153574,0,0.0,0,420,1,1,0.6044,0.0,GREEN,56,Mumbai
CLM0017168,MUM_02679,Ghatkopar,2022-01-10,16,0,0,0,0,0,0,0,0,1,0.0,0.07464,0,0.0,0,224,4,1,0.7692,0.1104,GREEN,44,Mumbai
CLM0017169,MUM_08907,Powai,2018-11-19,10,0,0,0,0,0,0,0,1,0,0.0,0.033694,0,0.0,0,420,2,2,0.7939,0.0759,GREEN,46,Mumbai
CLM0017170,MUM_08224,Borivali,2021-10-04,19,0,0,0,0,0,0,0,0,0,0.0,0.3421,1,0.0,0,147,3,4,0.6653,0.0,GREEN,28,Mumbai
CLM0017171,MUM_06967,Dadar,2023-06-02,15,0,0,0,0,0,0,0,0,0,0.0,0.338298,0,0.0,0,386,4,3,0.05,0.0208,GREEN,40,Mumbai
CLM0017172,MUM_03520,Dadar,2018-11-19,13,0,0,0,0,0,0,0,0,0,0.0,0.35474,0,0.0,0,5,1,1,0.9368,0.0459,GREEN,58,Mumbai
CLM0017173,MUM_01382,Chembur,2025-02-04,10,0,0,0,0,0,0,0,0,0,0.0,0.404437,0,0.0,0,395,4,3,0.6345,0.0901,GREEN,42,Mumbai
CLM0017174,MUM_07431,Borivali,2025-11-10,21,0,0,0,0,0,0,1,0,0,0.0,0.141498,0,0.0,1,114,1,3,0.6203,0.1542,GREEN,37,Mumbai
CLM0017175,MUM_00399,Powai,2025-04-05,15,0,0,0,0,0,0,0,0,0,0.0,0.372903,0,0.0,1,138,2,3,0.5463,0.0488,GREEN,37,Mumbai
CLM0017176,MUM_09302,Dadar,2025-11-11,13,0,0,0,0,0,0,0,0,0,0.0,0.205192,1,0.0,0,219,3,1,0.8204,0.108,GREEN,62,Mumbai
CLM0017177,MUM_03044,Powai,2025-06-13,12,0,1,1,0,1,0,0,0,0,0.0,0.901219,0,0.0,0,173,2,2,0.7375,0.0769,GREEN,47,Mumbai
CLM0017178,MUM_04912,Powai,2025-06-18,9,0,0,0,0,0,0,0,0,0,1.0,0.086266,0,0.0,0,275,0,2,0.635,0.1247,GREEN,18,Mumbai
CLM0017179,MUM_07106,Thane,2025-04-20,16,0,0,0,0,0,1,0,1,0,0.0,0.116253,0,0.0,0,406,1,2,0.2348,0.1093,GREEN,27,Mumbai
CLM0017180,MUM_00372,Dadar,2025-05-06,12,0,0,0,0,0,1,0,0,0,0.0,0.20034,0,0.0,0,420,1,0,0.769,0.2097,GREEN,57,Mumbai
CLM0017181,MUM_05585,Bandra,2025-02-07,12,0,0,0,0,0,0,0,0,0,0.0,0.314471,0,0.0,0,111,2,1,0.8931,0.0,GREEN,28,Mumbai
CLM0017182,MUM_07878,Powai,2025-12-30,18,0,0,0,0,0,1,0,0,0,0.0,0.078701,0,0.0,0,420,3,2,0.5174,0.1099,GREEN,36,Mumbai
CLM0017183,MUM_08265,Borivali,2025-09-10,15,0,0,0,0,0,0,0,0,0,0.0,0.230077,0,0.0,0,420,1,0,0.9094,0.0,GREEN,36,Mumbai
CLM0017184,MUM_09013,Lower Parel,2025-05-18,10,0,0,0,0,0,0,0,0,0,0.0,0.026486,0,0.0,0,43,1,1,0.8735,0.0,GREEN,39,Mumbai
CLM0017185,MUM_03757,Vashi,2025-05-26,17,0,0,0,0,0,0,0,0,0,0.0,0.156773,0,0.0,0,252,3,4,0.9375,0.0,GREEN,47,Mumbai
CLM0017186,MUM_03282,Borivali,2025-12-11,12,0,0,0,0,0,1,0,0,0,0.0,0.127849,0,0.0,0,394,2,1,0.6436,0.0929,GREEN,19,Mumbai
CLM0017187,MUM_05563,Andheri,2024-07-27,10,0,0,0,1,0,0,0,0,0,0.0,0.98264,1,0.0,1,103,1,3,0.7745,0.3175,YELLOW,46,Mumbai
CLM0017188,MUM_01273,Lower Parel,2025-01-07,17,0,0,0,0,0,0,0,0,0,0.0,0.245558,0,0.0,0,35,4,2,0.7975,0.1074,GREEN,50,Mumbai
CLM0017189,MUM_06441,Thane,2024-09-26,12,0,0,0,0,0,0,0,0,0,0.0,0.10422,0,0.0,0,420,3,5,0.98,0.0052,GREEN,49,Mumbai
CLM0017190,MUM_09897,Powai,2024-07-30,17,0,0,0,0,0,0,0,0,0,0.0,0.1317,0,0.0,0,75,4,1,0.5101,0.0047,GREEN,40,Mumbai
CLM0017191,MUM_03572,Ghatkopar,2023-10-27,7,0,0,0,0,1,0,0,0,0,0.0,1.0,0,0.0,1,420,1,0,0.5252,0.2132,GREEN,56,Mumbai
CLM0017192,MUM_07497,Ghatkopar,2023-05-04,13,0,0,0,0,0,0,0,0,0,1.0,0.166305,0,0.0,0,271,0,5,0.8098,0.0607,GREEN,55,Mumbai
CLM0017193,MUM_00085,Lower Parel,2021-12-10,15,0,0,0,0,0,0,0,0,0,0.0,0.117562,0,1.0,0,157,2,3,0.4989,0.026,GREEN,47,Mumbai
CLM0017194,MUM_04279,Chembur,2022-06-18,10,0,0,0,1,0,0,0,0,0,0.0,0.074533,0,0.0,0,277,2,2,0.6338,0.1281,GREEN,58,Mumbai
CLM0017195,MUM_01866,Powai,2022-11-24,13,0,0,0,0,0,1,0,0,0,0.0,0.427339,0,0.0,0,98,0,4,0.8396,0.1051,GREEN,28,Mumbai
CLM0017196,MUM_06030,Borivali,2025-06-30,18,0,0,0,0,0,0,0,0,0,0.0,0.225378,0,0.0,0,260,1,3,0.6552,0.0806,GREEN,56,Mumbai
CLM0017197,MUM_04711,Andheri,2023-03-19,17,0,0,0,0,0,0,0,0,0,0.0,0.013073,0,0.0,0,420,1,2,0.8936,0.0408,GREEN,36,Mumbai
CLM0017198,MUM_06103,Chembur,2023-09-03,10,0,0,0,0,0,0,1,0,0,1.0,0.175668,0,0.0,0,369,1,0,0.05,0.166,GREEN,40,Mumbai
CLM0017199,MUM_00041,Dadar,2024-10-26,7,0,0,0,0,0,0,0,0,0,0.0,0.104361,0,0.0,0,406,1,2,0.6147,0.0,GREEN,37,Mumbai
CLM0017200,MUM_06426,Andheri,2024-12-21,11,0,0,0,0,1,0,0,1,0,0.0,0.226242,0,0.0,0,278,0,1,0.9341,0.3038,GREEN,38,Mumbai
CLM0017201,MUM_06574,Dadar,2024-09-26,12,0,0,0,0,0,0,0,1,0,0.0,1.0,0,0.0,0,249,4,4,0.7521,0.1031,GREEN,37,Mumbai
CLM0017202,MUM_08722,Powai,2025-03-07,18,0,1,1,0,1,1,0,0,0,0.0,0.283981,1,0.0,0,219,1,0,0.98,0.2978,GREEN,46,Mumbai
CLM0017203,MUM_04039,Ghatkopar,2024-09-02,15,0,0,0,0,0,0,0,0,0,0.0,0.217013,0,0.0,0,139,0,4,0.5437,0.0,GREEN,18,Mumbai
CLM0017204,MUM_03380,Chembur,2024-04-03,15,0,0,0,0,0,0,0,1,0,0.0,1.0,0,0.0,0,420,2,0,0.7812,0.1412,GREEN,49,Mumbai
CLM0017205,MUM_07909,Bandra,2025-04-21,14,0,0,0,0,0,0,0,0,0,0.0,0.129533,1,0.0,0,312,4,5,0.3017,0.0826,GREEN,37,Mumbai
CLM0017206,MUM_07668,Lower Parel,2023-05-17,13,0,0,0,0,0,0,0,1,0,1.0,0.308029,0,0.0,0,420,2,1,0.98,0.099,GREEN,34,Mumbai
CLM0017207,MUM_02434,Bandra,2025-07-14,8,0,0,0,0,0,0,0,0,0,0.0,0.163652,0,0.0,0,95,4,6,0.577,0.0,GREEN,52,Mumbai
CLM0017208,MUM_08035,Thane,2024-12-20,9,0,0,0,0,0,1,1,1,0,0.0,0.077089,0,0.0,1,5,4,18,0.8481,0.0668,GREEN,60,Mumbai
CLM0017209,MUM_05403,Andheri,2025-11-17,12,0,0,0,0,0,1,0,0,0,0.0,0.259469,0,0.0,0,327,2,6,0.1994,0.2377,GREEN,42,Mumbai
CLM0017210,MUM_05036,Powai,2024-12-16,11,0,1,1,0,0,0,0,0,0,0.0,0.087836,0,0.0,0,331,4,2,0.9636,0.0,GREEN,55,Mumbai
CLM0017211,MUM_03647,Andheri,2025-09-16,7,0,0,0,0,0,0,0,0,0,0.0,0.250201,0,0.0,0,232,0,2,0.7995,0.0,GREEN,61,Mumbai
CLM0017212,MUM_09774,Andheri,2025-08-28,7,0,0,0,0,0,0,0,0,0,0.0,0.410172,0,0.0,0,175,0,7,0.2736,0.0,GREEN,33,Mumbai
CLM0017213,MUM_01516,Vashi,2025-10-15,14,0,1,1,0,0,0,0,0,0,0.0,0.1185,0,0.0,0,241,4,0,0.9562,0.0219,GREEN,53,Mumbai
CLM0017214,MUM_02270,Powai,2022-09-21,21,0,0,0,0,1,0,0,1,0,0.0,0.11727,0,0.0,1,123,1,1,0.5579,0.2676,GREEN,55,Mumbai
CLM0017215,MUM_06405,Ghatkopar,2021-04-20,14,0,0,0,0,0,0,0,0,0,1.0,0.248862,0,0.0,0,291,3,3,0.6246,0.1379,GREEN,39,Mumbai
CLM0017216,MUM_02086,Ghatkopar,2025-12-29,12,0,0,0,0,0,1,0,0,0,1.0,0.262089,0,0.0,0,420,2,0,0.05,0.2245,GREEN,51,Mumbai
CLM0017217,MUM_07881,Vashi,2025-06-11,12,0,0,0,0,0,0,0,0,0,0.0,1.0,0,0.0,0,183,2,2,0.6947,0.0,GREEN,18,Mumbai
CLM0017218,MUM_01875,Borivali,2025-01-11,8,0,0,0,0,1,0,0,0,0,0.0,0.175321,0,0.0,0,33,1,2,0.6771,0.1037,GREEN,58,Mumbai
CLM0017219,MUM_08651,Borivali,2023-09-02,14,0,0,0,0,0,1,0,0,0,0.0,0.134134,0,0.0,0,62,4,0,0.489,0.0247,GREEN,36,Mumbai
CLM0017220,MUM_00578,Powai,2019-09-30,13,0,0,0,0,0,0,0,0,0,0.0,0.251213,0,0.0,0,324,1,2,0.8049,0.0263,GREEN,69,Mumbai
CLM0017221,MUM_03268,Chembur,2022-05-24,10,0,1,1,0,0,0,1,0,0,0.0,0.154682,0,0.0,0,401,4,3,0.9362,0.0167,GREEN,51,Mumbai
CLM0017222,MUM_06091,Borivali,2021-12-13,13,0,0,0,0,0,0,0,0,0,0.0,0.0,0,0.0,0,285,4,4,0.8734,0.017,GREEN,41,Mumbai
CLM0017223,MUM_01092,Borivali,2021-10-26,13,0,0,0,0,0,0,0,0,0,0.0,0.013344,0,0.0,0,241,0,2,0.05,0.007,GREEN,44,Mumbai
CLM0017224,MUM_06289,Vashi,2025-09-25,15,0,0,0,0,0,0,0,0,0,0.0,0.344457,0,0.0,0,286,3,3,0.8766,0.0801,GREEN,44,Mumbai
CLM0017225,MUM_09231,Ghatkopar,2024-08-20,21,0,0,0,0,0,0,0,1,0,0.0,0.982267,0,0.0,0,420,3,2,0.851,0.1227,GREEN,45,Mumbai
CLM0017226,MUM_06715,Ghatkopar,2025-01-13,10,0,0,0,0,0,0,1,0,0,0.0,0.97418,0,0.0,0,257,1,1,0.9402,0.0574,GREEN,38,Mumbai
CLM0017227,MUM_00482,Ghatkopar,2025-09-15,16,0,0,0,0,0,0,0,0,1,0.0,0.352898,0,0.0,0,205,3,5,0.579,0.1033,GREEN,54,Mumbai
CLM0017228,MUM_03243,Chembur,2025-08-08,16,0,0,0,0,0,0,0,0,0,0.0,0.195599,0,0.0,0,94,2,0,0.8784,0.0203,GREEN,35,Mumbai
CLM0017229,MUM_07019,Lower Parel,2025-12-21,16,0,0,0,0,0,0,0,0,0,0.0,0.267039,0,0.0,0,382,4,4,0.8129,0.0284,GREEN,32,Mumbai
CLM0017230,MUM_05685,Chembur,2025-06-06,8,0,0,0,0,0,0,0,0,0,1.0,0.97268,0,1.0,0,227,3,0,0.2285,0.0,GREEN,21,Mumbai
CLM0017231,MUM_06213,Thane,2025-01-07,13,0,0,0,0,0,0,0,0,0,0.0,0.278787,0,0.0,0,18,1,7,0.6376,0.0587,GREEN,47,Mumbai
CLM0017232,MUM_02591,Andheri,2025-01-21,19,0,0,0,0,0,0,0,1,0,0.0,0.238516,0,0.0,0,7,0,4,0.1637,0.0016,GREEN,39,Mumbai
CLM0017233,MUM_05441,Andheri,2024-09-16,18,0,0,0,0,0,0,0,1,0,1.0,0.421412,0,0.0,0,193,0,1,0.6509,0.1919,GREEN,47,Mumbai
CLM0017234,MUM_04707,Vashi,2023-12-17,21,0,0,0,0,0,0,1,0,0,0.0,0.0,0,0.0,0,420,2,0,0.6147,0.0937,GREEN,42,Mumbai
CLM0017235,MUM_07898,Lower Parel,2025-12-20,11,0,0,0,0,0,0,0,1,0,0.0,0.033277,0,1.0,0,420,4,5,0.727,0.2347,GREEN,30,Mumbai
CLM0017236,MUM_03966,Dadar,2025-09-27,10,0,0,0,1,1,1,1,1,1,1.0,1.0,0,0.0,1,40,4,18,0.3758,0.0019,GREEN,35,Mumbai
CLM0017237,MUM_07981,Borivali,2024-09-24,15,0,0,0,0,0,0,0,1,0,0.0,0.092215,0,0.0,0,66,0,1,0.9644,0.1889,GREEN,59,Mumbai
CLM0017238,MUM_02120,Ghatkopar,2016-06-26,13,0,0,0,0,0,0,0,0,0,0.0,0.308887,0,0.0,0,383,4,1,0.5759,0.0115,GREEN,35,Mumbai
CLM0017239,MUM_04509,Borivali,2021-08-16,10,0,0,0,1,1,1,1,0,0,0.0,0.0,0,0.0,1,30,0,18,0.2969,0.0553,GREEN,43,Mumbai
CLM0017240,MUM_02674,Thane,2017-05-31,13,0,0,0,0,0,0,1,0,0,1.0,1.0,0,1.0,0,186,2,0,0.819,0.0898,GREEN,35,Mumbai
CLM0017241,MUM_02052,Bandra,2018-11-10,17,0,0,0,0,0,0,0,0,1,0.0,0.373152,0,1.0,0,366,2,1,0.817,0.1699,GREEN,54,Mumbai
CLM0017242,MUM_06579,Chembur,2020-11-12,21,1,0,0,0,0,0,0,0,0,0.0,0.407213,0,0.0,0,379,4,0,0.927,0.0,GREEN,51,Mumbai
CLM0017243,MUM_01592,Borivali,2022-10-24,10,0,0,0,0,0,0,0,0,0,0.0,0.190987,0,0.0,0,420,2,4,0.8093,0.0,GREEN,28,Mumbai
CLM0017244,MUM_03890,Ghatkopar,2019-10-16,18,0,0,0,0,0,0,0,0,0,0.0,0.249832,1,1.0,0,178,1,3,0.5655,0.0,GREEN,45,Mumbai
CLM0017245,MUM_01637,Lower Parel,2024-11-15,14,0,0,0,0,0,0,0,0,0,0.0,0.942205,0,0.0,0,177,1,4,0.348,0.0213,GREEN,54,Mumbai
CLM0017246,MUM_01652,Bandra,2022-12-22,17,0,0,0,0,0,0,0,1,0,0.0,0.340852,0,0.0,0,134,3,1,0.7415,0.0,GREEN,51,Mumbai
CLM0017247,MUM_06075,Chembur,2025-08-17,16,0,0,0,0,0,0,0,0,0,0.0,0.188949,0,0.0,0,276,0,4,0.6405,0.01,GREEN,25,Mumbai
CLM0017248,MUM_00180,Borivali,2021-06-14,17,0,0,0,0,0,0,0,1,0,0.0,0.166311,0,0.0,0,350,2,5,0.0835,0.0,GREEN,20,Mumbai
CLM0017249,MUM_00771,Thane,2022-08-18,10,0,0,0,0,0,0,0,0,0,0.0,0.212094,0,0.0,0,420,4,1,0.5845,0.0944,GREEN,35,Mumbai
CLM0017250,MUM_03299,Thane,2025-08-05,21,0,0,0,0,0,0,0,0,0,0.0,1.0,0,1.0,0,252,4,5,0.5933,0.0,GREEN,45,Mumbai
CLM0017251,MUM_04538,Dadar,2022-08-30,13,0,0,0,0,0,0,0,0,0,0.0,0.163625,0,0.0,0,420,3,0,0.1887,0.0,GREEN,53,Mumbai
CLM0017252,MUM_04124,Borivali,2019-04-12,20,0,0,0,0,0,0,0,0,0,0.0,0.189941,0,0.0,0,258,0,0,0.9007,0.0,GREEN,32,Mumbai
CLM0017253,MUM_01165,Bandra,2020-03-19,9,0,0,0,0,0,0,0,0,0,1.0,0.089179,0,0.0,0,119,3,0,0.0569,0.0891,GREEN,25,Mumbai
CLM0017254,MUM_03755,Andheri,2024-08-22,12,0,0,0,0,0,0,1,0,0,0.0,0.374651,0,0.0,0,406,3,1,0.9051,0.0061,GREEN,32,Mumbai
CLM0017255,MUM_05600,Powai,2018-01-10,15,0,0,0,0,0,0,0,0,0,0.0,0.060199,0,0.0,0,420,4,2,0.5641,0.0,GREEN,37,Mumbai
CLM0017256,MUM_02290,Vashi,2025-03-02,14,0,0,0,0,0,0,0,0,0,0.0,0.060156,0,0.0,0,100,0,0,0.5809,0.0118,GREEN,29,Mumbai
CLM0017257,MUM_08729,Thane,2021-12-02,14,0,0,0,0,0,0,0,0,1,0.0,0.303404,0,0.0,0,286,2,0,0.54,0.0556,GREEN,50,Mumbai
CLM0017258,MUM_07386,Bandra,2019-12-28,14,0,0,0,0,0,0,0,0,1,1.0,0.022088,0,0.0,0,61,2,1,0.3814,0.1328,GREEN,33,Mumbai
CLM0017259,MUM_03156,Andheri,2020-04-07,14,0,0,0,0,0,0,0,0,0,0.0,0.511279,0,0.0,0,420,0,0,0.6272,0.0,GREEN,37,Mumbai
CLM0017260,MUM_05744,Lower Parel,2025-06-17,7,0,0,0,1,0,0,0,0,0,0.0,0.983149,0,0.0,0,415,2,0,0.3127,0.1409,GREEN,38,Mumbai
CLM0017261,MUM_01344,Andheri,2025-10-06,16,0,1,1,0,1,0,0,0,0,0.0,1.0,0,0.0,0,393,2,5,0.8066,0.1915,GREEN,57,Mumbai
CLM0017262,MUM_03100,Thane,2025-05-31,12,0,0,0,0,0,1,0,0,0,0.0,0.900106,0,0.0,0,57,1,0,0.1313,0.0,GREEN,51,Mumbai
CLM0017263,MUM_07446,Powai,2025-11-05,10,0,0,0,0,0,0,0,0,0,0.0,0.045657,0,0.0,0,137,1,0,0.8992,0.0,GREEN,54,Mumbai
CLM0017264,MUM_04953,Andheri,2023-10-02,10,0,0,0,0,0,0,0,0,0,0.0,0.360785,0,0.0,0,406,2,0,0.2401,0.0926,GREEN,41,Mumbai
CLM0017265,MUM_07919,Andheri,2024-05-11,7,0,0,0,0,0,0,0,0,0,0.0,0.0,0,0.0,1,420,3,2,0.7922,0.0967,GREEN,62,Mumbai
CLM0017266,MUM_00138,Thane,2024-08-20,18,0,0,0,0,0,0,0,0,0,0.0,0.292706,0,0.0,0,296,2,2,0.9728,0.0402,GREEN,29,Mumbai
CLM0017267,MUM_02632,Thane,2024-06-09,7,0,0,0,1,0,0,0,0,0,0.0,0.378745,1,0.0,0,420,2,3,0.8491,0.2031,GREEN,36,Mumbai
CLM0017268,MUM_03420,Andheri,2023-02-15,14,0,0,0,1,1,0,0,0,0,0.0,0.0,0,0.0,0,88,4,3,0.8536,0.3128,YELLOW,48,Mumbai
CLM0017269,MUM_08483,Chembur,2024-07-23,11,0,0,0,0,0,0,1,0,0,0.0,0.384615,0,0.0,0,136,1,4,0.8092,0.0181,GREEN,29,Mumbai
CLM0017270,MUM_00340,Bandra,2023-04-28,12,0,0,0,0,0,0,0,0,0,0.0,0.120821,0,0.0,0,158,2,0,0.7588,0.0,GREEN,37,Mumbai
CLM0017271,MUM_00750,Lower Parel,2025-02-18,11,0,0,0,0,0,0,0,0,0,0.0,0.204967,1,0.0,0,100,0,3,0.8626,0.0643,GREEN,47,Mumbai
CLM0017272,MUM_01771,Thane,2022-02-02,20,0,0,0,1,0,0,1,1,0,0.0,0.003676,0,0.0,0,114,3,1,0.6016,0.349,YELLOW,45,Mumbai
CLM0017273,MUM_00100,Andheri,2024-03-07,7,0,0,0,0,0,0,0,0,0,0.0,0.24587,0,0.0,0,125,0,1,0.7015,0.0,GREEN,21,Mumbai
CLM0017274,MUM_05904,Ghatkopar,2023-10-02,11,0,0,0,0,1,0,0,0,0,0.0,0.991824,0,0.0,0,105,0,1,0.8703,0.1505,GREEN,31,Mumbai
CLM0017275,MUM_01410,Lower Parel,2023-11-15,12,0,0,0,0,0,1,0,0,0,0.0,0.408338,0,1.0,0,251,0,5,0.9743,0.1453,GREEN,52,Mumbai
CLM0017276,MUM_03787,Bandra,2023-03-29,21,0,0,0,0,0,0,0,0,0,0.0,0.143712,0,0.0,0,420,0,0,0.6549,0.0314,GREEN,39,Mumbai
CLM0017277,MUM_04843,Powai,2024-07-28,13,0,0,0,0,0,1,1,0,0,0.0,0.251148,0,0.0,0,420,1,0,0.8165,0.1903,GREEN,37,Mumbai
CLM0017278,MUM_01144,Borivali,2021-05-28,7,0,0,0,0,0,0,0,0,0,0.0,0.303414,0,0.0,0,298,0,4,0.6188,0.0421,GREEN,32,Mumbai
CLM0017279,MUM_09575,Thane,2024-07-05,9,0,0,0,0,0,0,0,1,0,0.0,0.361925,0,0.0,0,341,0,1,0.3384,0.1312,GREEN,45,Mumbai
CLM0017280,MUM_06674,Thane,2023-07-15,10,0,0,0,0,0,0,0,0,0,0.0,0.237831,0,0.0,0,420,0,1,0.8227,0.1242,GREEN,39,Mumbai
CLM0017281,MUM_05481,Bandra,2022-06-24,11,0,0,0,0,0,0,0,0,0,0.0,0.128237,0,0.0,0,109,1,0,0.05,0.0045,GREEN,37,Mumbai
CLM0017282,MUM_06119,Powai,2024-02-06,21,0,0,0,0,0,0,1,0,0,0.0,0.230752,0,0.0,0,29,2,2,0.7482,0.1042,GREEN,34,Mumbai
CLM0017283,MUM_01045,Thane,2023-04-02,12,0,0,0,0,0,0,0,0,1,0.0,0.131722,0,0.0,0,281,2,2,0.2119,0.153,GREEN,53,Mumbai
CLM0017284,MUM_08575,Borivali,2025-11-01,19,0,0,0,0,0,0,0,0,0,0.0,1.0,0,0.0,0,323,0,2,0.8207,0.0029,GREEN,50,Mumbai
CLM0017285,MUM_05502,Bandra,2021-12-26,8,0,0,0,0,0,0,0,0,0,0.0,0.060713,0,0.0,0,109,0,0,0.5713,0.0,GREEN,54,Mumbai
CLM0017286,MUM_05601,Thane,2022-03-07,12,0,0,0,0,0,0,0,0,0,0.0,0.142921,0,0.0,0,12,3,5,0.8072,0.0273,GREEN,38,Mumbai
CLM0017287,MUM_03695,Chembur,2022-09-08,20,0,0,0,0,0,0,0,0,0,0.0,0.158745,0,0.0,0,178,4,2,0.8173,0.0,GREEN,34,Mumbai
CLM0017288,MUM_01385,Vashi,2021-07-05,9,0,0,0,0,0,0,0,0,0,0.0,0.213415,0,0.0,0,377,1,5,0.593,0.0404,GREEN,57,Mumbai
CLM0017289,MUM_05468,Chembur,2020-11-27,12,0,0,0,0,0,0,0,0,0,0.0,0.313476,0,0.0,0,420,1,3,0.5973,0.0309,GREEN,39,Mumbai
CLM0017290,MUM_07970,Bandra,2022-05-23,19,0,0,0,0,0,1,0,0,0,0.0,0.110761,1,0.0,0,420,3,7,0.7424,0.1026,GREEN,29,Mumbai
CLM0017291,MUM_09909,Lower Parel,2024-08-21,13,0,0,0,0,0,0,0,0,0,0.0,0.0,0,0.0,0,105,2,2,0.7171,0.0189,GREEN,61,Mumbai
CLM0017292,MUM_01113,Thane,2023-05-29,13,0,0,0,0,0,0,0,0,0,0.0,0.136228,0,0.0,0,419,0,3,0.7541,0.04,GREEN,46,Mumbai
CLM0017293,MUM_09492,Bandra,2024-12-20,18,0,0,0,0,0,0,0,1,0,0.0,0.992911,0,0.0,0,240,2,7,0.8182,0.1155,GREEN,55,Mumbai
CLM0017294,MUM_01653,Chembur,2022-02-15,13,0,0,0,0,0,0,0,0,0,0.0,0.400597,0,0.0,0,420,4,0,0.1907,0.0,GREEN,44,Mumbai
CLM0017295,MUM_09441,Lower Parel,2023-01-09,7,0,0,0,0,0,0,0,0,0,0.0,0.213101,0,0.0,0,420,2,4,0.98,0.0,GREEN,57,Mumbai
CLM0017296,MUM_07933,Chembur,2021-10-06,11,0,0,0,0,0,0,0,1,0,0.0,1.0,0,0.0,0,160,2,0,0.9052,0.1394,GREEN,43,Mumbai
CLM0017297,MUM_09378,Borivali,2025-06-27,16,0,0,0,0,0,0,0,0,0,0.0,0.10417,0,0.0,0,159,4,2,0.2356,0.094,GREEN,39,Mumbai
CLM0017298,MUM_06699,Chembur,2021-10-28,14,0,0,0,0,0,0,0,0,1,1.0,0.101787,0,0.0,0,318,2,2,0.5839,0.1988,GREEN,51,Mumbai
CLM0017299,MUM_07621,Ghatkopar,2025-07-07,9,0,0,0,0,0,0,0,0,0,0.0,0.189646,0,0.0,0,420,1,6,0.9013,0.0028,GREEN,38,Mumbai
CLM0017300,MUM_04107,Bandra,2025-02-03,11,0,0,0,0,0,0,0,0,0,0.0,0.120549,0,0.0,0,48,1,4,0.05,0.0,GREEN,42,Mumbai
CLM0017301,MUM_00965,Dadar,2024-03-10,20,0,0,0,0,0,0,0,0,0,0.0,0.247546,0,1.0,0,396,3,7,0.903,0.0613,GREEN,24,Mumbai
CLM0017302,MUM_01513,Powai,2025-11-05,18,0,0,0,1,1,1,0,0,1,1.0,0.956094,0,0.0,1,52,1,18,0.3059,0.1443,GREEN,54,Mumbai
CLM0017303,MUM_05874,Thane,2024-05-20,8,0,0,0,0,0,0,0,0,0,0.0,0.199185,0,0.0,0,420,2,1,0.5323,0.0479,GREEN,45,Mumbai
CLM0017304,MUM_07137,Chembur,2022-01-29,7,0,0,0,0,0,0,0,0,0,0.0,0.255371,0,0.0,0,248,1,0,0.98,0.0,GREEN,49,Mumbai
CLM0017305,MUM_01103,Borivali,2024-10-21,9,0,0,0,0,0,0,0,0,0,0.0,0.896337,0,0.0,0,318,2,3,0.05,0.0311,GREEN,56,Mumbai
CLM0017306,MUM_05963,Bandra,2024-10-24,16,0,0,0,0,1,0,0,0,0,0.0,0.969627,0,0.0,0,160,0,3,0.2566,0.1143,GREEN,39,Mumbai
CLM0017307,MUM_00006,Andheri,2025-07-14,18,0,0,0,0,0,0,0,0,0,1.0,0.981249,0,1.0,0,98,1,1,0.737,0.0,GREEN,51,Mumbai
CLM0017308,MUM_06891,Vashi,2025-09-15,21,0,0,0,0,1,0,0,0,0,1.0,0.359048,1,0.0,0,420,2,4,0.2053,0.1723,GREEN,52,Mumbai
CLM0017309,MUM_03653,Thane,2023-05-14,15,0,0,0,0,0,0,0,1,0,0.0,0.121798,0,0.0,0,140,3,2,0.5076,0.0763,GREEN,41,Mumbai
CLM0017310,MUM_02130,Borivali,2019-08-10,7,0,0,0,0,0,0,0,0,0,0.0,0.0,0,0.0,0,250,3,0,0.9387,0.1718,GREEN,41,Mumbai
CLM0017311,MUM_08261,Borivali,2022-01-16,17,0,0,0,0,0,0,0,0,0,0.0,0.089755,0,0.0,0,222,2,1,0.7976,0.0346,GREEN,32,Mumbai
CLM0017312,MUM_08075,Thane,2020-08-09,15,0,0,0,1,0,0,1,1,1,1.0,0.152757,0,1.0,1,12,0,18,0.0606,0.1254,GREEN,19,Mumbai
CLM0017313,MUM_09380,Powai,2019-03-23,21,0,0,0,0,0,0,0,0,0,0.0,0.372095,0,0.0,0,115,4,3,0.59,0.0206,GREEN,45,Mumbai
CLM0017314,MUM_06813,Lower Parel,2020-08-01,11,0,0,0,0,1,0,1,0,1,1.0,0.955536,0,0.0,0,19,2,18,0.2811,0.0,GREEN,42,Mumbai
CLM0017315,MUM_04631,Borivali,2024-09-26,12,0,0,0,0,0,0,0,0,0,1.0,0.335491,0,0.0,0,266,0,5,0.572,0.1713,GREEN,46,Mumbai
CLM0017316,MUM_01261,Bandra,2021-08-16,20,0,0,0,0,0,0,0,1,0,0.0,0.302855,0,0.0,0,47,3,4,0.05,0.1191,GREEN,37,Mumbai
CLM0017317,MUM_07783,Powai,2023-04-19,17,0,0,0,0,0,0,0,0,0,1.0,0.152013,0,0.0,1,416,4,1,0.2079,0.1096,GREEN,36,Mumbai
CLM0017318,MUM_03597,Andheri,2025-06-15,16,0,0,0,0,0,0,0,0,0,0.0,0.082393,1,0.0,0,420,4,0,0.7247,0.0582,GREEN,18,Mumbai
CLM0017319,MUM_00137,Thane,2024-01-28,21,0,0,0,0,0,0,0,0,0,0.0,0.066818,0,0.0,0,390,4,3,0.5248,0.1659,GREEN,55,Mumbai
CLM0017320,MUM_02698,Andheri,2023-07-24,8,0,0,0,0,1,1,0,0,0,0.0,0.418152,0,0.0,0,420,4,1,0.8456,0.1663,GREEN,46,Mumbai
CLM0017321,MUM_09899,Ghatkopar,2023-07-20,9,0,0,0,0,0,0,1,0,0,0.0,1.0,0,0.0,0,187,0,5,0.5626,0.0502,GREEN,50,Mumbai
CLM0017322,MUM_08680,Lower Parel,2023-03-02,7,0,0,0,0,1,0,0,1,0,0.0,0.422195,0,0.0,0,420,2,1,0.3883,0.2295,GREEN,37,Mumbai
CLM0017323,MUM_01661,Powai,2025-11-03,7,0,0,0,0,0,0,1,0,0,0.0,1.0,0,0.0,0,420,2,3,0.5891,0.1172,GREEN,46,Mumbai
CLM0017324,MUM_03693,Chembur,2025-06-19,19,0,0,0,0,0,0,0,0,0,0.0,0.155455,0,0.0,0,420,2,1,0.9314,0.0,GREEN,39,Mumbai
CLM0017325,MUM_06326,Borivali,2025-08-12,7,0,0,0,0,0,1,0,0,0,0.0,0.031453,0,0.0,0,420,1,2,0.8068,0.0475,GREEN,64,Mumbai
CLM0017326,MUM_01444,Powai,2025-07-23,14,0,0,0,0,0,0,0,0,0,0.0,0.27586,0,0.0,0,193,0,6,0.7928,0.0037,GREEN,35,Mumbai
CLM0017327,MUM_02506,Ghatkopar,2025-04-12,10,0,0,0,0,0,0,0,0,0,0.0,0.219212,0,0.0,0,420,0,0,0.8917,0.0,GREEN,60,Mumbai
CLM0017328,MUM_08450,Bandra,2025-05-15,16,0,0,0,0,0,0,0,0,0,0.0,0.509857,1,0.0,0,409,0,4,0.7099,0.069,GREEN,34,Mumbai
CLM0017329,MUM_03464,Borivali,2025-07-18,14,0,0,0,0,0,0,0,1,0,0.0,0.149624,1,0.0,0,409,2,0,0.1952,0.1346,GREEN,48,Mumbai
CLM0017330,MUM_00797,Vashi,2025-10-20,16,0,0,0,0,0,0,0,0,0,0.0,0.07795,0,0.0,0,420,4,2,0.875,0.0005,GREEN,42,Mumbai
CLM0017331,MUM_01591,Lower Parel,2025-04-28,17,0,0,0,0,0,0,0,0,0,0.0,0.306389,1,0.0,0,35,3,1,0.98,0.0191,GREEN,31,Mumbai
CLM0017332,MUM_02697,Vashi,2025-03-17,10,0,0,0,0,0,0,0,0,0,1.0,0.162832,0,0.0,0,407,1,2,0.5872,0.1456,GREEN,39,Mumbai
CLM0017333,MUM_04974,Powai,2022-04-02,21,0,0,0,0,0,0,1,1,0,0.0,0.230906,0,0.0,0,56,2,0,0.5747,0.3407,YELLOW,40,Mumbai
CLM0017334,MUM_01737,Vashi,2021-12-04,20,0,1,1,0,0,0,0,0,0,0.0,0.199458,0,0.0,0,345,1,4,0.9426,0.0,GREEN,45,Mumbai
CLM0017335,MUM_03340,Ghatkopar,2024-09-22,8,0,0,0,0,0,0,0,0,0,0.0,0.290321,0,0.0,0,420,4,1,0.7476,0.0,GREEN,56,Mumbai
CLM0017336,MUM_03453,Powai,2025-01-19,20,0,0,0,0,0,0,0,0,0,1.0,0.107821,0,0.0,1,152,1,1,0.1421,0.0,GREEN,41,Mumbai
CLM0017337,MUM_04048,Lower Parel,2025-05-05,9,0,0,0,0,1,0,0,0,0,0.0,0.39041,0,0.0,0,309,3,0,0.98,0.1744,GREEN,58,Mumbai
CLM0017338,MUM_03937,Borivali,2021-05-22,12,0,0,0,0,0,0,0,0,0,0.0,0.051045,0,0.0,0,111,1,2,0.1781,0.0,GREEN,43,Mumbai
CLM0017339,MUM_05800,Thane,2024-10-12,13,0,0,0,0,0,0,0,1,0,0.0,0.296268,0,0.0,0,259,2,3,0.5925,0.0801,GREEN,33,Mumbai
CLM0017340,MUM_07872,Dadar,2021-04-24,21,0,0,0,0,0,0,0,0,0,0.0,0.121004,0,0.0,0,41,3,0,0.4651,0.0,GREEN,43,Mumbai
CLM0017341,MUM_06953,Vashi,2018-01-30,7,0,0,0,0,0,0,0,0,0,0.0,0.242303,0,0.0,0,173,3,0,0.9688,0.0256,GREEN,40,Mumbai
CLM0017342,MUM_03818,Bandra,2024-12-23,20,0,0,0,0,0,0,0,0,0,0.0,0.316147,0,0.0,0,39,4,0,0.9603,0.0,GREEN,31,Mumbai
CLM0017343,MUM_06055,Lower Parel,2024-08-21,15,0,0,0,0,0,1,0,0,0,0.0,0.393383,0,0.0,0,420,2,4,0.98,0.0,GREEN,54,Mumbai
CLM0017344,MUM_06436,Borivali,2021-10-01,18,0,0,0,0,0,0,0,0,0,0.0,0.174329,0,0.0,0,315,1,5,0.6361,0.0268,GREEN,46,Mumbai
CLM0017345,MUM_09838,Ghatkopar,2022-04-14,18,0,0,0,0,0,0,0,0,0,0.0,0.04516,0,0.0,0,350,3,3,0.6681,0.0,GREEN,28,Mumbai
CLM0017346,MUM_04389,Thane,2022-12-15,8,0,0,0,0,0,1,0,0,0,0.0,0.302038,0,0.0,0,105,3,0,0.9661,0.0966,GREEN,40,Mumbai
CLM0017347,MUM_06024,Chembur,2019-10-18,19,0,0,0,0,0,0,0,0,0,0.0,0.187041,0,0.0,0,314,0,6,0.3219,0.0,GREEN,37,Mumbai
CLM0017348,MUM_09681,Bandra,2023-02-10,8,0,0,0,0,0,0,1,0,0,0.0,0.293399,0,0.0,0,86,3,2,0.3738,0.0688,GREEN,41,Mumbai
CLM0017349,MUM_00482,Ghatkopar,2017-09-09,17,0,0,0,1,0,0,0,0,0,0.0,0.939029,0,0.0,0,45,4,1,0.7479,0.0924,GREEN,54,Mumbai
CLM0017350,MUM_08560,Chembur,2019-04-22,12,0,0,0,0,0,1,0,0,0,0.0,0.241962,0,1.0,0,380,0,5,0.6438,0.1007,GREEN,63,Mumbai
CLM0017351,MUM_07548,Powai,2021-10-10,13,0,1,1,0,0,0,0,0,0,0.0,0.172507,1,0.0,0,229,2,2,0.9717,0.0546,GREEN,51,Mumbai
CLM0017352,MUM_02777,Lower Parel,2017-12-03,18,0,0,0,0,1,0,1,0,1,1.0,0.277373,0,0.0,0,420,2,0,0.8178,0.3553,YELLOW,47,Mumbai
CLM0017353,MUM_07599,Vashi,2024-11-21,11,0,1,1,0,0,1,1,0,0,0.0,0.951007,1,0.0,1,19,2,18,0.3622,0.3439,YELLOW,43,Mumbai
CLM0017354,MUM_07259,Andheri,2024-12-02,15,0,1,1,1,0,0,0,1,1,0.0,0.0,1,1.0,1,5,1,18,0.9176,0.6257,RED,26,Mumbai
CLM0017355,MUM_05625,Dadar,2020-09-04,19,0,1,1,0,0,0,0,0,0,0.0,0.286776,0,0.0,0,420,2,1,0.9085,0.5228,YELLOW,40,Mumbai
CLM0017356,MUM_09638,Ghatkopar,2022-03-20,20,0,1,1,1,0,0,1,1,1,0.0,1.0,0,1.0,1,38,0,15,0.9102,0.7803,RED,34,Mumbai
CLM0017357,MUM_06403,Ghatkopar,2025-01-09,14,0,1,1,1,1,0,1,0,0,1.0,1.0,0,0.0,0,5,0,18,0.2765,0.4893,YELLOW,44,Mumbai
CLM0017358,MUM_06106,Dadar,2022-12-13,21,1,0,0,0,0,0,0,0,0,0.0,0.08855,0,0.0,0,29,1,0,0.6164,0.0,GREEN,46,Mumbai
CLM0017359,MUM_05723,Ghatkopar,2024-08-08,7,0,0,0,0,0,0,0,0,0,0.0,0.241866,0,0.0,0,196,3,2,0.8797,0.0,GREEN,38,Mumbai
CLM0017360,MUM_06386,Dadar,2023-10-17,21,0,0,0,0,0,0,0,0,0,0.0,0.308242,0,0.0,0,307,0,3,0.7217,0.0,GREEN,37,Mumbai
CLM0017361,MUM_03852,Powai,2022-05-26,16,0,0,0,0,0,0,1,0,0,0.0,0.209477,0,0.0,0,55,0,0,0.6821,0.0452,GREEN,21,Mumbai
CLM0017362,MUM_05674,Ghatkopar,2023-04-22,16,0,0,0,0,0,0,0,0,0,0.0,0.393556,0,0.0,0,57,4,4,0.8002,0.0158,GREEN,39,Mumbai
CLM0017363,MUM_09572,Bandra,2022-03-02,13,0,0,0,1,0,0,0,1,0,1.0,0.134935,1,0.0,0,126,2,4,0.9162,0.3858,YELLOW,51,Mumbai
CLM0017364,MUM_08844,Dadar,2022-01-17,8,0,0,0,0,0,1,0,0,0,0.0,0.106689,0,0.0,0,404,2,4,0.889,0.1534,GREEN,41,Mumbai
CLM0017365,MUM_01896,Andheri,2022-09-26,16,0,0,0,0,0,1,0,0,1,0.0,0.147904,0,0.0,0,305,1,3,0.98,0.2397,GREEN,61,Mumbai
CLM0017366,MUM_00384,Ghatkopar,2024-05-22,9,0,0,0,0,0,0,0,0,0,0.0,0.066456,0,0.0,0,252,0,2,0.8881,0.0026,GREEN,46,Mumbai
CLM0017367,MUM_03943,Borivali,2017-04-24,21,0,0,0,0,0,0,1,1,0,0.0,0.263831,0,0.0,0,420,2,3,0.6773,0.2226,GREEN,18,Mumbai
CLM0017368,MUM_09087,Lower Parel,2025-07-03,13,0,0,0,0,0,0,0,0,0,0.0,0.147564,0,0.0,0,72,4,2,0.6255,0.0,GREEN,35,Mumbai
CLM0017369,MUM_06261,Ghatkopar,2018-08-02,8,0,0,0,0,0,0,0,0,0,0.0,0.165077,0,0.0,0,355,3,2,0.5821,0.0,GREEN,20,Mumbai
CLM0017370,MUM_03989,Powai,2018-01-07,20,0,0,0,0,0,0,0,0,0,0.0,0.076686,0,0.0,0,420,0,3,0.8522,0.0,GREEN,43,Mumbai
CLM0017371,MUM_04730,Dadar,2021-10-09,17,0,0,0,0,0,1,0,0,0,0.0,0.299607,0,1.0,0,180,0,1,0.8452,0.109,GREEN,36,Mumbai
CLM0017372,MUM_06543,Dadar,2024-10-28,21,0,0,0,0,0,0,0,0,0,0.0,0.310581,0,0.0,0,113,2,7,0.2116,0.0,GREEN,45,Mumbai
CLM0017373,MUM_00989,Ghatkopar,2018-11-23,7,0,0,0,0,0,0,0,0,0,1.0,0.0,0,0.0,0,169,4,4,0.8141,0.0627,GREEN,43,Mumbai
CLM0017374,MUM_07212,Andheri,2015-11-19,21,0,0,0,0,0,0,0,0,0,0.0,0.115877,0,0.0,0,374,4,3,0.5994,0.0,GREEN,42,Mumbai
CLM0017375,MUM_09710,Bandra,2020-07-14,17,0,0,0,0,0,0,0,0,0,0.0,0.228851,0,0.0,0,46,0,0,0.628,0.0,GREEN,33,Mumbai
CLM0017376,MUM_05617,Lower Parel,2021-02-15,7,0,0,0,0,0,0,0,1,0,0.0,0.305294,0,0.0,0,212,1,1,0.2784,0.1315,GREEN,30,Mumbai
CLM0017377,MUM_07420,Borivali,2020-11-30,12,0,0,0,1,0,0,0,0,0,0.0,0.973446,0,0.0,0,398,1,3,0.2042,0.1525,GREEN,44,Mumbai
CLM0017378,MUM_09529,Bandra,2018-06-15,17,0,0,0,0,0,0,0,0,0,1.0,0.147352,0,0.0,0,359,1,1,0.4589,0.0669,GREEN,35,Mumbai
CLM0017379,MUM_00707,Borivali,2023-05-06,10,0,1,1,0,0,0,0,0,0,0.0,0.36891,0,0.0,0,242,2,6,0.9231,0.0589,GREEN,38,Mumbai
CLM0017380,MUM_07453,Lower Parel,2020-03-27,10,0,0,0,0,0,0,0,0,0,0.0,0.265862,0,0.0,0,253,0,6,0.6773,0.0,GREEN,27,Mumbai
CLM0017381,MUM_04037,Bandra,2020-12-26,9,0,0,0,0,0,0,0,1,0,0.0,0.310868,0,0.0,0,387,4,1,0.7492,0.1204,GREEN,37,Mumbai
CLM0017382,MUM_06372,Vashi,2021-05-08,14,0,0,0,1,1,1,1,1,1,1.0,0.933345,0,1.0,1,17,0,18,0.05,0.1703,GREEN,62,Mumbai
CLM0017383,MUM_02328,Lower Parel,2023-11-07,9,0,0,0,0,0,0,0,0,0,0.0,0.359347,0,0.0,0,417,3,3,0.9555,0.081,GREEN,44,Mumbai
CLM0017384,MUM_09104,Bandra,2023-12-13,15,0,0,0,0,0,0,0,0,0,0.0,0.0,0,0.0,0,74,2,0,0.8561,0.0036,GREEN,40,Mumbai
CLM0017385,MUM_06019,Dadar,2022-06-05,17,0,0,0,1,0,0,0,0,0,0.0,0.136934,0,0.0,0,420,3,0,0.718,0.0905,GREEN,39,Mumbai
CLM0017386,MUM_04408,Bandra,2025-11-04,16,0,0,0,0,0,0,0,0,0,0.0,0.923607,0,0.0,0,159,1,1,0.6554,0.0336,GREEN,35,Mumbai
CLM0017387,MUM_04700,Andheri,2023-08-01,20,0,0,0,0,0,0,0,0,0,0.0,0.240269,0,0.0,0,420,1,2,0.8591,0.0477,GREEN,43,Mumbai
CLM0017388,MUM_04824,Powai,2019-08-24,16,0,0,0,0,0,0,0,0,0,0.0,0.229084,0,0.0,1,420,0,2,0.9149,0.0704,GREEN,44,Mumbai
CLM0017389,MUM_02181,Ghatkopar,2023-05-14,17,0,0,0,1,0,1,0,0,0,0.0,0.048373,1,0.0,0,131,0,5,0.98,0.2311,GREEN,24,Mumbai
CLM0017390,MUM_09449,Powai,2021-12-05,8,1,0,0,0,0,0,0,0,0,0.0,0.070319,0,0.0,1,78,4,5,0.6947,0.0,GREEN,38,Mumbai
CLM0017391,MUM_08384,Ghatkopar,2021-05-31,13,0,0,0,0,0,0,0,0,0,0.0,0.316604,1,0.0,0,153,0,4,0.98,0.1004,GREEN,46,Mumbai
CLM0017392,MUM_05227,Powai,2017-08-29,12,0,0,0,0,0,0,0,0,1,0.0,1.0,0,0.0,0,366,2,0,0.9562,0.1674,GREEN,53,Mumbai
CLM0017393,MUM_00575,Lower Parel,2020-01-21,21,0,0,0,0,0,0,0,0,0,0.0,1.0,0,0.0,0,420,4,4,0.7124,0.0051,GREEN,34,Mumbai
CLM0017394,MUM_00271,Thane,2021-07-12,19,0,0,0,0,0,0,0,0,0,0.0,0.249372,0,0.0,0,325,3,1,0.953,0.0,GREEN,29,Mumbai
CLM0017395,MUM_05686,Bandra,2024-02-10,21,0,0,0,0,0,0,0,0,0,0.0,0.082177,0,0.0,0,420,2,1,0.588,0.056,GREEN,48,Mumbai
CLM0017396,MUM_06304,Dadar,2024-08-29,7,0,0,0,0,0,0,0,0,0,0.0,0.294443,0,0.0,0,420,2,0,0.6857,0.0,GREEN,51,Mumbai
CLM0017397,MUM_04995,Lower Parel,2025-01-08,16,0,0,0,0,0,0,0,0,0,0.0,0.422246,0,1.0,0,317,2,3,0.5402,0.0567,GREEN,56,Mumbai
CLM0017398,MUM_00918,Lower Parel,2023-08-02,8,0,0,0,0,1,0,0,0,0,0.0,0.382315,1,1.0,0,129,0,0,0.8241,0.1879,GREEN,40,Mumbai
CLM0017399,MUM_05417,Thane,2020-12-23,12,0,0,0,0,0,0,0,0,0,0.0,0.067325,0,0.0,1,157,4,6,0.98,0.0477,GREEN,34,Mumbai
CLM0017400,MUM_08570,Lower Parel,2025-03-02,15,0,0,0,0,0,0,1,0,1,1.0,0.253701,0,0.0,0,251,2,2,0.6336,0.3473,YELLOW,44,Mumbai
CLM0017401,MUM_07514,Lower Parel,2024-07-11,9,0,0,0,0,0,0,0,0,0,0.0,0.281711,0,0.0,0,308,3,3,0.726,0.0379,GREEN,38,Mumbai
CLM0017402,MUM_03548,Dadar,2024-09-29,7,0,0,0,0,0,0,0,0,0,1.0,0.094512,0,0.0,0,58,2,0,0.6927,0.0616,GREEN,49,Mumbai
CLM0017403,MUM_08458,Thane,2021-10-18,10,0,0,0,0,0,0,0,0,1,0.0,0.072444,0,0.0,0,212,2,2,0.2062,0.0639,GREEN,47,Mumbai
CLM0017404,MUM_02668,Powai,2025-09-28,13,0,0,0,0,0,0,0,0,0,0.0,1.0,0,0.0,0,420,2,2,0.6468,0.0,GREEN,18,Mumbai
CLM0017405,MUM_09861,Ghatkopar,2025-07-25,10,0,0,0,0,0,0,0,0,0,0.0,0.295515,0,0.0,0,155,3,0,0.7482,0.0,GREEN,46,Mumbai
CLM0017406,MUM_01518,Thane,2025-10-14,12,0,0,0,0,0,0,0,0,0,0.0,0.245569,0,0.0,0,349,1,3,0.9506,0.0,GREEN,48,Mumbai
CLM0017407,MUM_07595,Borivali,2022-04-03,19,0,0,0,0,0,0,1,0,0,0.0,0.337458,0,1.0,0,420,0,0,0.98,0.0303,GREEN,49,Mumbai
CLM0017408,MUM_02670,Chembur,2023-07-06,15,0,0,0,0,0,0,0,0,0,0.0,0.423324,1,0.0,0,190,2,3,0.9394,0.0411,GREEN,30,Mumbai
CLM0017409,MUM_08470,Dadar,2023-03-24,7,0,0,0,0,0,1,0,0,0,0.0,0.115872,0,0.0,0,255,2,4,0.7186,0.1358,GREEN,31,Mumbai
CLM0017410,MUM_04625,Lower Parel,2024-12-22,20,0,0,0,0,0,0,0,0,0,0.0,0.19089,0,0.0,0,406,3,0,0.5735,0.0502,GREEN,44,Mumbai
CLM0017411,MUM_03416,Dadar,2024-12-07,21,0,0,0,0,0,0,0,0,0,0.0,0.068585,0,0.0,0,379,2,7,0.7278,0.0,GREEN,45,Mumbai
CLM0017412,MUM_04434,Lower Parel,2025-02-12,10,0,0,0,1,0,0,0,1,1,1.0,0.916088,0,0.0,0,12,4,18,0.1639,0.0559,GREEN,34,Mumbai
CLM0017413,MUM_06153,Chembur,2025-05-21,9,0,0,0,0,0,0,1,1,0,0.0,0.0,0,0.0,0,234,3,4,0.782,0.0834,GREEN,29,Mumbai
CLM0017414,MUM_07729,Powai,2024-12-31,8,0,0,0,0,0,0,0,0,0,0.0,0.404955,0,0.0,0,92,2,2,0.8002,0.0537,GREEN,39,Mumbai
CLM0017415,MUM_08993,Chembur,2024-10-09,12,0,0,0,0,0,0,0,0,0,0.0,1.0,0,0.0,0,214,3,0,0.0599,0.0441,GREEN,39,Mumbai
CLM0017416,MUM_01890,Ghatkopar,2025-10-02,15,0,0,0,1,0,0,0,0,0,0.0,0.260077,0,0.0,0,383,3,0,0.5816,0.0729,GREEN,32,Mumbai
CLM0017417,MUM_00648,Ghatkopar,2022-04-25,20,0,0,0,0,0,0,1,0,0,0.0,0.168881,0,0.0,0,420,1,2,0.6054,0.0,GREEN,59,Mumbai
CLM0017418,MUM_05583,Lower Parel,2025-10-30,20,0,0,0,0,0,0,0,0,0,0.0,0.139186,0,0.0,0,195,1,2,0.5874,0.0116,GREEN,37,Mumbai
CLM0017419,MUM_01963,Lower Parel,2023-07-09,16,0,0,0,0,0,0,0,0,0,0.0,0.196959,0,1.0,0,20,1,0,0.8438,0.0613,GREEN,60,Mumbai
CLM0017420,MUM_07664,Chembur,2025-12-28,13,0,0,0,0,0,0,0,0,0,1.0,1.0,0,1.0,0,373,4,1,0.7425,0.0,GREEN,62,Mumbai
CLM0017421,MUM_09068,Borivali,2025-12-11,16,0,0,0,0,0,0,0,0,0,0.0,0.141508,0,0.0,0,157,3,5,0.6752,0.0093,GREEN,34,Mumbai
CLM0017422,MUM_04528,Bandra,2023-08-30,17,0,0,0,0,0,0,0,0,0,0.0,0.210057,0,0.0,0,420,0,0,0.847,0.0,GREEN,39,Mumbai
CLM0017423,MUM_02688,Borivali,2022-06-23,21,0,0,0,0,0,0,0,0,0,1.0,0.457454,0,0.0,1,420,4,2,0.8791,0.1653,GREEN,34,Mumbai
CLM0017424,MUM_08569,Lower Parel,2023-04-18,13,0,0,0,0,0,0,0,0,0,0.0,0.921922,0,0.0,0,162,2,0,0.9539,0.0665,GREEN,44,Mumbai
CLM0017425,MUM_09163,Powai,2024-12-25,14,0,1,1,0,1,1,0,1,1,0.0,0.0,1,0.0,0,19,1,18,0.98,0.0,GREEN,54,Mumbai
CLM0017426,MUM_06569,Dadar,2023-10-03,12,0,0,0,0,0,0,0,0,0,0.0,0.136681,0,0.0,0,58,4,1,0.98,0.1419,GREEN,55,Mumbai
CLM0017427,MUM_00287,Thane,2023-12-01,8,0,0,0,1,0,1,1,1,0,1.0,1.0,0,1.0,0,325,1,4,0.658,0.5832,YELLOW,39,Mumbai
CLM0017428,MUM_06769,Lower Parel,2025-12-05,9,0,0,0,0,0,0,0,0,0,0.0,0.133426,0,0.0,0,52,4,0,0.966,0.0,GREEN,57,Mumbai
CLM0017429,MUM_09155,Dadar,2023-03-03,18,0,0,0,0,0,0,0,0,0,0.0,0.372265,0,0.0,0,48,3,2,0.5481,0.1128,GREEN,56,Mumbai
CLM0017430,MUM_08574,Andheri,2025-08-05,9,0,1,1,0,0,0,0,0,0,0.0,0.155591,0,1.0,0,263,0,0,0.7249,0.0,GREEN,49,Mumbai
CLM0017431,MUM_02738,Vashi,2023-02-06,13,0,0,0,0,0,0,0,0,1,0.0,0.052277,0,0.0,0,420,4,3,0.1112,0.122,GREEN,39,Mumbai
CLM0017432,MUM_08603,Lower Parel,2021-04-14,8,0,0,0,0,0,0,0,0,0,1.0,0.414002,0,0.0,0,146,2,3,0.5135,0.137,GREEN,48,Mumbai
CLM0017433,MUM_02885,Chembur,2023-04-08,21,0,0,0,0,0,0,0,0,0,0.0,0.971938,0,0.0,0,213,4,1,0.8185,0.0,GREEN,29,Mumbai
CLM0017434,MUM_06575,Vashi,2019-03-01,15,0,0,0,0,0,0,0,0,0,0.0,0.113487,0,0.0,0,137,2,3,0.569,0.0098,GREEN,31,Mumbai
CLM0017435,MUM_09269,Lower Parel,2025-01-09,19,0,0,0,0,0,0,0,1,0,0.0,0.25862,0,0.0,0,297,1,1,0.6089,0.0532,GREEN,37,Mumbai
CLM0017436,MUM_07248,Powai,2016-02-06,11,0,0,0,0,0,0,0,0,0,0.0,0.168808,0,0.0,0,188,4,0,0.98,0.2181,GREEN,49,Mumbai
CLM0017437,MUM_06118,Bandra,2022-08-01,8,0,0,0,0,0,0,0,0,0,0.0,0.244356,0,0.0,0,202,2,0,0.9139,0.0,GREEN,50,Mumbai
CLM0017438,MUM_05236,Thane,2015-12-13,7,0,0,0,0,0,0,0,0,0,0.0,0.165175,0,0.0,0,168,4,4,0.6931,0.0099,GREEN,52,Mumbai
CLM0017439,MUM_09322,Lower Parel,2020-08-03,11,0,0,0,0,0,0,0,0,0,0.0,0.340714,0,0.0,0,116,2,3,0.5431,0.0,GREEN,21,Mumbai
CLM0017440,MUM_06647,Powai,2025-12-25,9,0,0,0,0,0,0,0,1,0,0.0,0.179895,0,0.0,0,137,0,3,0.5148,0.0606,GREEN,35,Mumbai
CLM0017441,MUM_02041,Andheri,2023-04-18,19,0,0,0,0,0,0,0,0,0,1.0,0.96259,0,1.0,0,406,3,4,0.8191,0.0651,GREEN,49,Mumbai
CLM0017442,MUM_09898,Thane,2024-08-06,21,0,0,0,1,1,1,0,1,1,0.0,0.993566,0,0.0,1,5,4,17,0.076,0.1538,GREEN,53,Mumbai
CLM0017443,MUM_07179,Thane,2025-09-21,15,0,0,0,0,0,0,0,0,0,0.0,0.206976,0,0.0,0,261,4,1,0.05,0.0015,GREEN,34,Mumbai
CLM0017444,MUM_07168,Thane,2023-06-29,16,0,0,0,0,0,0,0,0,0,0.0,0.302874,0,0.0,0,400,4,0,0.7436,0.0,GREEN,52,Mumbai
CLM0017445,MUM_09045,Ghatkopar,2025-01-06,17,0,0,0,0,0,1,0,0,0,0.0,0.309216,0,0.0,0,420,3,4,0.6099,0.0603,GREEN,49,Mumbai
CLM0017446,MUM_01723,Dadar,2024-04-11,18,0,0,0,0,0,0,0,0,0,0.0,0.423075,0,0.0,1,133,0,7,0.98,0.0338,GREEN,57,Mumbai
CLM0017447,MUM_09621,Bandra,2023-07-27,17,0,0,0,0,0,0,0,1,0,1.0,0.220269,0,1.0,0,351,1,1,0.7403,0.193,GREEN,18,Mumbai
CLM0017448,MUM_02449,Bandra,2024-06-22,13,0,0,0,0,0,1,0,0,1,0.0,0.980284,1,0.0,0,320,2,1,0.5267,0.3463,YELLOW,45,Mumbai
CLM0017449,MUM_07783,Powai,2023-10-10,19,0,0,0,0,0,0,0,0,0,0.0,0.121735,1,0.0,0,420,3,3,0.1329,0.0722,GREEN,36,Mumbai
CLM0017450,MUM_04229,Powai,2023-05-30,21,0,0,0,0,0,0,0,0,0,0.0,0.429343,0,0.0,0,71,0,2,0.82,0.0,GREEN,58,Mumbai
CLM0017451,MUM_05207,Dadar,2024-08-05,9,0,0,0,0,0,0,1,0,0,0.0,0.19284,0,0.0,0,402,3,2,0.6811,0.0409,GREEN,27,Mumbai
CLM0017452,MUM_07031,Powai,2025-05-31,11,0,0,0,0,1,0,0,1,0,1.0,0.341414,0,0.0,0,124,1,1,0.9174,0.2275,GREEN,40,Mumbai
CLM0017453,MUM_05010,Thane,2024-05-13,11,0,0,0,0,0,0,0,0,0,0.0,0.139153,0,0.0,0,16,2,3,0.647,0.0074,GREEN,65,Mumbai
CLM0017454,MUM_09689,Dadar,2024-05-04,10,0,0,0,0,0,0,0,0,0,0.0,0.225622,0,0.0,0,420,1,0,0.6087,0.0066,GREEN,42,Mumbai
CLM0017455,MUM_04001,Andheri,2024-03-21,12,0,0,0,0,0,0,0,0,0,0.0,0.323016,1,0.0,0,274,0,6,0.05,0.1378,GREEN,39,Mumbai
CLM0017456,MUM_06098,Thane,2024-11-03,21,0,0,0,0,0,0,0,0,0,1.0,0.183699,0,0.0,0,420,1,4,0.05,0.0168,GREEN,51,Mumbai
CLM0017457,MUM_05185,Andheri,2021-04-16,19,0,0,0,0,1,0,1,1,0,1.0,0.968634,1,0.0,0,5,3,18,0.3584,0.0,GREEN,26,Mumbai
CLM0017458,MUM_07753,Thane,2025-08-19,8,0,0,0,0,0,0,0,0,1,0.0,0.406773,0,0.0,0,420,1,1,0.1858,0.0658,GREEN,48,Mumbai
CLM0017459,MUM_04934,Chembur,2021-03-22,8,0,0,0,1,1,1,1,1,0,1.0,0.945801,1,0.0,1,12,4,18,0.3095,0.1451,GREEN,36,Mumbai
CLM0017460,MUM_05112,Borivali,2024-05-30,7,0,0,0,1,0,1,0,0,0,0.0,0.13523,0,0.0,1,120,3,1,0.5798,0.4186,YELLOW,41,Mumbai
CLM0017461,MUM_06280,Chembur,2025-08-27,7,0,0,0,0,0,0,0,0,0,0.0,0.499671,0,0.0,0,357,4,3,0.2985,0.0005,GREEN,41,Mumbai
CLM0017462,MUM_01972,Powai,2025-02-09,19,0,0,0,0,0,0,0,0,0,0.0,0.248132,1,0.0,0,175,3,1,0.4771,0.2238,GREEN,42,Mumbai
CLM0017463,MUM_00436,Dadar,2025-10-09,10,0,0,0,0,0,0,0,0,0,0.0,0.177203,0,0.0,0,420,1,1,0.559,0.0,GREEN,18,Mumbai
CLM0017464,MUM_03280,Chembur,2024-01-18,14,0,0,0,0,0,0,0,0,0,0.0,0.347213,0,0.0,0,338,2,3,0.5444,0.0091,GREEN,44,Mumbai
CLM0017465,MUM_07431,Borivali,2025-02-20,20,0,0,0,0,0,0,0,0,0,0.0,0.135083,0,0.0,0,240,1,3,0.8905,0.025,GREEN,37,Mumbai
CLM0017466,MUM_08841,Powai,2024-09-18,19,0,0,0,0,0,0,1,0,0,0.0,0.314045,0,0.0,0,366,3,0,0.544,0.0,GREEN,43,Mumbai
CLM0017467,MUM_07621,Ghatkopar,2024-12-04,9,0,0,0,1,0,0,0,0,0,0.0,0.173176,0,0.0,0,281,2,1,0.98,0.1375,GREEN,38,Mumbai
CLM0017468,MUM_04482,Lower Parel,2024-05-18,14,0,0,0,0,0,0,0,0,0,1.0,1.0,0,1.0,0,348,2,4,0.894,0.0,GREEN,20,Mumbai
CLM0017469,MUM_05019,Thane,2025-04-13,13,0,0,0,0,0,0,0,0,0,0.0,0.0,0,0.0,1,420,0,2,0.8964,0.1012,GREEN,40,Mumbai
CLM0017470,MUM_02168,Lower Parel,2021-05-22,10,0,0,0,0,0,0,0,0,0,0.0,0.37714,0,0.0,0,172,2,5,0.98,0.0,GREEN,51,Mumbai
CLM0017471,MUM_09266,Lower Parel,2025-04-04,15,0,0,0,0,0,0,0,0,0,0.0,0.112172,0,0.0,1,145,3,3,0.9482,0.0,GREEN,59,Mumbai
CLM0017472,MUM_07634,Powai,2022-09-10,16,0,0,0,0,0,0,0,0,1,0.0,0.13214,0,1.0,0,347,2,5,0.1524,0.1386,GREEN,34,Mumbai
CLM0017473,MUM_09422,Powai,2025-03-31,8,0,0,0,0,0,1,0,0,0,0.0,0.141939,0,0.0,0,194,4,0,0.9426,0.1891,GREEN,37,Mumbai
CLM0017474,MUM_01793,Borivali,2023-01-02,8,0,0,0,0,0,1,0,0,0,0.0,0.229579,0,0.0,0,420,2,2,0.6071,0.085,GREEN,43,Mumbai
CLM0017475,MUM_08207,Thane,2025-06-28,18,0,0,0,0,0,0,0,1,0,0.0,0.904726,0,1.0,0,372,2,0,0.9108,0.157,GREEN,65,Mumbai
CLM0017476,MUM_09608,Andheri,2019-11-08,8,0,1,1,0,0,0,0,0,0,0.0,0.145394,0,0.0,0,264,1,3,0.7605,0.0,GREEN,48,Mumbai
CLM0017477,MUM_01063,Vashi,2021-08-31,18,0,0,0,1,0,0,0,0,0,0.0,0.16934,0,0.0,0,420,2,3,0.7023,0.2383,GREEN,32,Mumbai
CLM0017478,MUM_00115,Thane,2018-07-02,10,0,0,0,0,0,0,0,0,0,0.0,0.040405,0,0.0,0,156,2,4,0.7705,0.0428,GREEN,50,Mumbai
CLM0017479,MUM_09863,Dadar,2025-06-06,21,0,0,0,0,0,0,0,0,0,1.0,0.0,0,0.0,0,420,1,0,0.8055,0.0384,GREEN,52,Mumbai
CLM0017480,MUM_01911,Bandra,2021-11-09,21,0,0,0,0,0,0,0,0,0,0.0,0.022448,0,0.0,0,328,3,6,0.8683,0.0,GREEN,36,Mumbai
CLM0017481,MUM_02803,Andheri,2023-01-14,12,0,0,0,0,0,0,0,0,0,0.0,0.204921,0,0.0,0,336,4,3,0.618,0.0035,GREEN,35,Mumbai
CLM0017482,MUM_09863,Dadar,2023-04-16,11,0,0,0,0,0,0,0,1,0,0.0,0.279706,0,1.0,0,353,1,3,0.9573,0.1544,GREEN,52,Mumbai
CLM0017483,MUM_04166,Borivali,2020-07-08,8,0,0,0,0,1,0,0,0,0,0.0,0.176406,0,0.0,0,245,4,0,0.8123,0.1183,GREEN,62,Mumbai
CLM0017484,MUM_03392,Lower Parel,2022-10-24,10,0,0,0,0,0,0,0,0,0,0.0,0.199906,0,0.0,0,420,4,1,0.6562,0.0124,GREEN,46,Mumbai
CLM0017485,MUM_06639,Thane,2021-07-28,13,0,0,0,0,0,0,0,0,0,0.0,0.154417,0,0.0,1,289,3,2,0.7875,0.0307,GREEN,24,Mumbai
CLM0017486,MUM_06507,Dadar,2022-01-16,14,0,0,0,0,0,0,0,0,0,0.0,0.402249,0,0.0,0,248,1,3,0.05,0.0169,GREEN,54,Mumbai
CLM0017487,MUM_06625,Powai,2020-03-26,14,0,0,0,0,0,0,0,0,0,0.0,0.392835,0,0.0,0,420,4,3,0.8825,0.0135,GREEN,29,Mumbai
CLM0017488,MUM_04745,Chembur,2025-03-29,11,0,0,0,0,0,0,0,0,0,0.0,0.299636,0,0.0,0,188,0,2,0.7702,0.0,GREEN,39,Mumbai
CLM0017489,MUM_06547,Andheri,2019-03-19,18,0,0,0,0,0,0,0,0,0,1.0,0.0,0,0.0,0,312,1,1,0.704,0.0699,GREEN,44,Mumbai
CLM0017490,MUM_03459,Vashi,2020-10-08,14,0,0,0,0,0,0,0,0,1,0.0,0.117802,0,0.0,0,283,4,4,0.98,0.0907,GREEN,55,Mumbai
CLM0017491,MUM_05693,Lower Parel,2018-03-16,8,0,0,0,0,1,0,0,0,0,0.0,0.356764,0,0.0,0,194,2,1,0.7399,0.1781,GREEN,58,Mumbai
CLM0017492,MUM_00706,Chembur,2023-06-22,15,0,0,0,0,0,0,0,0,0,0.0,0.062436,0,1.0,1,113,3,1,0.918,0.0552,GREEN,50,Mumbai
CLM0017493,MUM_08007,Vashi,2021-12-07,13,0,0,0,0,0,0,0,0,0,0.0,0.281094,0,0.0,0,84,1,1,0.98,0.0281,GREEN,50,Mumbai
CLM0017494,MUM_09921,Chembur,2021-11-11,9,0,0,0,0,0,0,0,0,0,0.0,0.404844,0,0.0,0,420,4,0,0.6132,0.1096,GREEN,61,Mumbai
CLM0017495,MUM_00108,Bandra,2024-01-12,19,0,0,0,0,0,0,0,1,0,0.0,0.883573,0,0.0,0,83,2,5,0.228,0.1549,GREEN,43,Mumbai
CLM0017496,MUM_02481,Bandra,2024-03-11,8,0,0,0,0,0,0,0,0,0,0.0,0.24348,0,0.0,0,241,2,0,0.98,0.0,GREEN,38,Mumbai
CLM0017497,MUM_04247,Lower Parel,2024-04-24,15,0,0,0,0,0,0,0,0,0,0.0,0.193448,0,0.0,0,350,4,5,0.161,0.0,GREEN,53,Mumbai
CLM0017498,MUM_07024,Andheri,2025-04-09,20,0,1,1,0,0,0,0,0,0,0.0,0.346278,0,0.0,0,44,3,3,0.7384,0.0,GREEN,46,Mumbai
CLM0017499,MUM_09245,Chembur,2025-11-22,13,0,0,0,0,0,1,0,0,0,0.0,0.140028,0,0.0,0,264,4,4,0.5269,0.176,GREEN,43,Mumbai
CLM0017500,MUM_06828,Thane,2023-10-10,16,0,0,0,1,0,0,1,0,0,0.0,0.448562,0,0.0,0,168,3,0,0.5624,0.2479,GREEN,51,Mumbai
CLM0017501,MUM_02872,Thane,2025-12-18,14,0,0,0,0,0,1,0,0,0,0.0,0.279305,1,0.0,0,250,1,2,0.98,0.2393,GREEN,48,Mumbai
CLM0017502,MUM_00822,Dadar,2023-06-27,20,0,0,0,0,0,0,0,0,1,0.0,0.320955,0,0.0,0,253,4,4,0.1653,0.152,GREEN,39,Mumbai
CLM0017503,MUM_05176,Borivali,2024-01-18,10,0,0,0,0,0,0,0,0,0,1.0,0.303496,0,0.0,0,49,2,6,0.05,0.1139,GREEN,38,Mumbai
CLM0017504,MUM_09484,Vashi,2022-12-26,19,0,0,0,0,0,0,0,0,0,0.0,0.150491,0,0.0,0,201,3,2,0.1955,0.0098,GREEN,63,Mumbai
CLM0017505,MUM_00794,Borivali,2023-09-10,11,0,0,0,0,0,0,0,0,0,0.0,0.0,0,0.0,0,180,0,5,0.9581,0.0,GREEN,42,Mumbai
CLM0017506,MUM_03679,Andheri,2023-07-29,15,0,0,0,0,0,1,0,0,0,0.0,0.038215,0,0.0,0,218,2,5,0.7781,0.1114,GREEN,48,Mumbai
CLM0017507,MUM_04059,Borivali,2025-03-11,10,0,0,0,0,0,0,0,0,0,0.0,0.429916,0,0.0,0,315,4,2,0.6257,0.0,GREEN,34,Mumbai
CLM0017508,MUM_00436,Dadar,2021-10-23,20,0,0,0,0,0,0,0,1,0,0.0,0.305052,0,0.0,0,381,3,3,0.9646,0.0164,GREEN,18,Mumbai
CLM0017509,MUM_00546,Powai,2025-06-10,8,0,0,0,0,0,0,0,0,0,0.0,0.178716,0,0.0,0,245,0,1,0.9715,0.0,GREEN,20,Mumbai
CLM0017510,MUM_05807,Powai,2024-10-23,20,0,0,0,0,0,0,0,0,0,0.0,0.976173,0,0.0,0,234,2,0,0.0711,0.0641,GREEN,40,Mumbai
CLM0017511,MUM_05934,Thane,2020-05-12,19,0,0,0,0,0,0,0,0,0,0.0,0.388469,0,0.0,0,55,2,2,0.8797,0.0,GREEN,44,Mumbai
CLM0017512,MUM_04925,Ghatkopar,2020-02-27,14,0,0,0,0,0,0,0,0,0,0.0,0.267264,0,0.0,0,365,0,5,0.98,0.0,GREEN,61,Mumbai
CLM0017513,MUM_03315,Andheri,2024-03-23,7,0,0,0,0,0,0,0,0,0,0.0,0.262908,0,0.0,0,216,3,3,0.5503,0.0,GREEN,38,Mumbai
CLM0017514,MUM_02169,Dadar,2024-08-14,15,0,0,0,0,0,0,0,0,1,1.0,0.958063,0,1.0,0,180,0,5,0.7072,0.1227,GREEN,27,Mumbai
CLM0017515,MUM_06885,Lower Parel,2023-08-22,17,0,0,0,0,0,1,0,0,0,0.0,0.952951,0,0.0,0,352,4,8,0.726,0.0993,GREEN,58,Mumbai
CLM0017516,MUM_04578,Vashi,2021-01-05,16,0,1,1,0,0,0,0,0,0,0.0,1.0,0,0.0,1,50,4,2,0.6805,0.0,GREEN,49,Mumbai
CLM0017517,MUM_09576,Lower Parel,2021-08-11,16,0,0,0,0,0,1,0,0,0,0.0,0.396909,0,0.0,0,164,3,5,0.7633,0.0386,GREEN,51,Mumbai
CLM0017518,MUM_03638,Vashi,2018-05-24,21,0,0,0,0,0,0,0,0,0,0.0,0.282661,0,0.0,0,60,2,1,0.7305,0.0,GREEN,37,Mumbai
CLM0017519,MUM_08891,Dadar,2022-08-04,9,0,0,0,0,0,0,0,0,0,0.0,0.458728,0,0.0,0,99,1,0,0.0915,0.0595,GREEN,23,Mumbai
CLM0017520,MUM_03071,Thane,2023-09-06,21,0,1,1,1,1,0,1,0,1,1.0,1.0,0,0.0,0,45,2,18,0.609,0.7716,RED,54,Mumbai
CLM0017521,MUM_03835,Lower Parel,2025-07-17,9,0,1,1,1,1,1,0,0,1,1.0,1.0,0,0.0,1,8,1,18,0.2615,0.6091,YELLOW,29,Mumbai
CLM0017522,MUM_05689,Ghatkopar,2023-08-13,12,0,1,1,0,0,0,1,0,1,1.0,1.0,1,1.0,1,5,2,18,0.0551,0.3473,YELLOW,35,Mumbai
CLM0017523,MUM_01362,Powai,2025-04-08,12,0,1,1,0,0,0,1,0,1,1.0,1.0,0,0.0,1,15,0,18,0.3479,0.3596,YELLOW,32,Mumbai
CLM0017524,MUM_00278,Borivali,2025-12-13,14,0,1,1,1,1,0,1,1,1,1.0,0.170922,0,1.0,1,5,0,18,0.4458,0.7733,RED,37,Mumbai
CLM0017525,MUM_01776,Lower Parel,2023-11-12,21,0,1,1,1,0,0,1,1,1,0.0,0.049825,0,0.0,0,7,2,18,0.98,0.6618,RED,31,Mumbai
CLM0017526,MUM_08223,Thane,2024-03-22,16,0,1,1,1,1,1,1,1,0,0.0,0.181181,0,0.0,0,28,1,18,0.8942,0.653,RED,45,Mumbai
CLM0017527,MUM_02376,Thane,2024-02-17,13,0,1,1,1,1,1,1,1,1,1.0,1.0,0,0.0,1,26,1,18,0.2328,0.8195,RED,30,Mumbai
CLM0017528,MUM_09241,Thane,2025-10-24,17,0,1,1,1,1,0,1,1,1,0.0,0.136168,1,0.0,0,5,1,18,0.7955,0.7302,RED,61,Mumbai
CLM0017529,MUM_07163,Lower Parel,2025-07-02,13,0,1,1,0,0,0,0,0,0,0.0,0.082064,0,0.0,0,118,1,2,0.8747,0.7541,RED,52,Mumbai
CLM0017530,MUM_02481,Bandra,2025-04-19,10,0,1,1,1,1,1,1,1,1,1.0,1.0,0,1.0,1,5,0,18,0.05,0.8699,RED,38,Mumbai
CLM0017531,MUM_01397,Chembur,2023-10-22,15,0,0,0,0,0,0,0,0,0,0.0,0.390231,0,0.0,0,247,0,2,0.7139,0.0159,GREEN,49,Mumbai
CLM0017532,MUM_08148,Dadar,2025-02-14,17,0,0,0,0,0,0,1,0,0,0.0,0.447252,1,0.0,0,324,1,3,0.05,0.1129,GREEN,46,Mumbai
CLM0017533,MUM_01923,Andheri,2023-06-06,13,0,0,0,0,0,0,0,0,0,0.0,0.158108,0,0.0,0,320,4,1,0.915,0.0,GREEN,31,Mumbai
CLM0017534,MUM_05324,Vashi,2024-11-02,19,0,0,0,0,0,0,0,0,0,0.0,0.146532,0,0.0,0,137,3,2,0.824,0.0,GREEN,21,Mumbai
CLM0017535,MUM_05735,Chembur,2022-12-08,13,0,0,0,0,0,0,0,0,0,0.0,0.063423,0,0.0,0,297,1,4,0.5749,0.0813,GREEN,39,Mumbai
CLM0017536,MUM_06481,Chembur,2025-11-30,15,0,0,0,0,0,0,0,1,0,0.0,1.0,0,0.0,0,7,0,2,0.4818,0.0262,GREEN,47,Mumbai
CLM0017537,MUM_08592,Lower Parel,2022-07-07,14,0,1,1,0,0,0,0,0,0,0.0,0.374364,0,0.0,0,108,1,3,0.7894,0.0,GREEN,45,Mumbai
CLM0017538,MUM_02453,Ghatkopar,2023-01-02,20,0,0,0,0,0,0,0,1,0,0.0,1.0,0,0.0,0,164,1,3,0.7689,0.1391,GREEN,45,Mumbai
CLM0017539,MUM_07013,Powai,2025-02-16,17,0,0,0,0,0,1,0,0,0,0.0,0.033385,0,0.0,0,98,4,3,0.6063,0.0249,GREEN,54,Mumbai
CLM0017540,MUM_02546,Vashi,2025-09-12,8,0,0,0,0,0,0,0,0,0,0.0,0.238864,0,0.0,0,420,2,3,0.9645,0.0,GREEN,18,Mumbai
CLM0017541,MUM_06444,Chembur,2023-06-03,18,0,0,0,0,0,0,1,0,0,0.0,0.173329,0,0.0,0,93,2,2,0.9264,0.0445,GREEN,39,Mumbai
CLM0017542,MUM_07216,Chembur,2021-07-09,13,0,0,0,0,0,0,0,0,0,0.0,0.16062,0,0.0,0,275,0,0,0.6753,0.0975,GREEN,36,Mumbai
CLM0017543,MUM_07080,Borivali,2024-07-08,17,0,0,0,1,0,1,1,1,1,0.0,0.171882,1,0.0,0,13,3,18,0.8798,0.1327,GREEN,40,Mumbai
CLM0017544,MUM_08875,Bandra,2024-07-28,12,0,0,0,0,0,0,0,0,0,0.0,0.954087,0,0.0,0,420,1,2,0.9068,0.0,GREEN,39,Mumbai
CLM0017545,MUM_04458,Lower Parel,2020-01-20,9,0,0,0,0,0,1,0,0,0,0.0,0.232359,0,0.0,0,170,4,1,0.8101,0.1092,GREEN,40,Mumbai
CLM0017546,MUM_03495,Andheri,2024-01-14,12,0,1,1,0,1,1,1,1,0,1.0,0.510173,1,0.0,1,9,1,18,0.3398,0.3751,YELLOW,50,Mumbai
CLM0017547,MUM_03906,Chembur,2019-11-24,10,0,0,0,0,0,0,0,0,0,0.0,0.024252,0,0.0,0,420,4,2,0.7147,0.0,GREEN,37,Mumbai
CLM0017548,MUM_08863,Thane,2022-10-17,16,0,0,0,0,0,0,0,0,0,1.0,0.066187,0,0.0,0,110,3,7,0.6431,0.0,GREEN,38,Mumbai
CLM0017549,MUM_00942,Thane,2022-07-18,9,0,1,1,0,0,0,0,0,0,0.0,0.333644,0,0.0,0,131,4,2,0.7421,0.0,GREEN,51,Mumbai
CLM0017550,MUM_09910,Powai,2023-01-06,19,0,0,0,0,0,0,0,0,0,0.0,0.363288,0,0.0,0,331,4,3,0.98,0.0,GREEN,54,Mumbai
CLM0017551,MUM_02046,Lower Parel,2018-12-28,19,0,0,0,0,0,0,0,1,0,1.0,1.0,0,1.0,1,318,1,5,0.5205,0.1595,GREEN,52,Mumbai
CLM0017552,MUM_00230,Vashi,2022-12-24,19,0,0,0,0,0,1,0,0,1,0.0,0.378189,0,0.0,0,332,2,2,0.2672,0.1081,GREEN,50,Mumbai
CLM0017553,MUM_04358,Thane,2020-01-03,21,0,0,0,0,0,1,0,0,0,0.0,1.0,0,0.0,0,420,3,4,0.8777,0.1596,GREEN,45,Mumbai
CLM0017554,MUM_02145,Andheri,2022-05-23,18,0,0,0,0,0,0,0,0,0,0.0,0.245778,0,0.0,0,310,0,3,0.1039,0.0,GREEN,40,Mumbai
CLM0017555,MUM_05212,Bandra,2022-03-23,18,0,0,0,0,0,1,1,0,0,1.0,0.067392,0,0.0,0,341,1,3,0.7451,0.2795,GREEN,18,Mumbai
CLM0017556,MUM_09469,Lower Parel,2018-09-13,17,0,0,0,0,0,0,0,0,0,0.0,0.0,0,0.0,0,184,3,2,0.7387,0.0047,GREEN,27,Mumbai
CLM0017557,MUM_01372,Vashi,2022-07-22,19,0,0,0,0,0,0,0,0,0,0.0,0.0,0,0.0,0,73,1,5,0.9226,0.1566,GREEN,29,Mumbai
CLM0017558,MUM_09120,Vashi,2021-11-28,8,0,0,0,0,0,0,1,0,0,0.0,0.295991,0,1.0,1,393,0,2,0.9396,0.1534,GREEN,35,Mumbai
CLM0017559,MUM_07350,Borivali,2024-12-12,11,0,0,0,0,0,0,0,0,0,0.0,0.404496,0,0.0,0,420,2,0,0.2171,0.0406,GREEN,33,Mumbai
CLM0017560,MUM_08054,Dadar,2024-03-22,7,0,0,0,1,0,0,0,0,0,0.0,0.248162,0,0.0,0,398,3,4,0.9304,0.14,GREEN,49,Mumbai
CLM0017561,MUM_09957,Borivali,2020-02-18,13,0,1,1,0,0,0,0,0,0,0.0,0.0,0,0.0,0,67,4,0,0.6882,0.0206,GREEN,43,Mumbai
CLM0017562,MUM_09470,Powai,2021-08-25,7,0,0,0,0,1,0,0,0,0,0.0,0.049062,1,0.0,0,295,0,2,0.5766,0.1853,GREEN,65,Mumbai
CLM0017563,MUM_06820,Thane,2021-07-21,17,0,1,1,0,0,0,1,1,0,0.0,0.202902,0,0.0,1,5,4,18,0.9159,0.0435,GREEN,19,Mumbai
CLM0017564,MUM_09812,Thane,2023-01-13,9,0,0,0,0,0,0,0,0,0,0.0,0.465611,0,0.0,0,30,3,0,0.8899,0.0383,GREEN,48,Mumbai
CLM0017565,MUM_03224,Vashi,2021-11-15,21,0,0,0,0,0,0,0,0,0,0.0,1.0,0,0.0,0,342,0,4,0.5936,0.0736,GREEN,38,Mumbai
CLM0017566,MUM_03621,Vashi,2021-06-16,17,0,0,0,0,0,0,0,0,0,0.0,0.296774,0,0.0,0,419,2,0,0.7091,0.0,GREEN,42,Mumbai
CLM0017567,MUM_06873,Chembur,2024-02-23,15,0,1,1,1,0,1,0,0,0,0.0,0.045934,1,0.0,0,18,4,18,0.8664,0.0,GREEN,45,Mumbai
CLM0017568,MUM_07273,Borivali,2017-12-07,11,0,0,0,0,0,0,0,1,0,0.0,0.351771,0,0.0,0,420,1,1,0.7764,0.1178,GREEN,18,Mumbai
CLM0017569,MUM_02784,Lower Parel,2024-04-03,12,0,0,0,0,1,1,0,0,0,1.0,0.274031,0,0.0,0,338,4,2,0.1509,0.0,GREEN,39,Mumbai
CLM0017570,MUM_08121,Lower Parel,2023-08-27,9,0,0,0,0,0,0,0,0,0,0.0,0.089421,1,0.0,0,373,2,0,0.6721,0.0,GREEN,48,Mumbai
CLM0017571,MUM_00239,Andheri,2019-09-17,19,0,0,0,0,0,0,0,0,0,0.0,0.273648,1,0.0,0,5,0,1,0.6115,0.0915,GREEN,44,Mumbai
CLM0017572,MUM_05028,Dadar,2025-10-29,11,0,0,0,0,0,1,0,0,0,0.0,0.225228,0,0.0,0,420,2,2,0.7915,0.0322,GREEN,51,Mumbai
CLM0017573,MUM_01637,Lower Parel,2021-12-25,8,0,0,0,0,0,0,0,0,0,0.0,0.428495,0,0.0,0,94,2,4,0.8776,0.1364,GREEN,54,Mumbai
CLM0017574,MUM_02875,Dadar,2024-04-08,13,0,0,0,0,0,0,0,1,0,1.0,0.278508,0,0.0,0,238,4,0,0.6268,0.1239,GREEN,58,Mumbai
CLM0017575,MUM_05083,Andheri,2019-04-01,9,0,0,0,0,0,0,0,0,0,0.0,0.0,0,0.0,0,261,0,2,0.4666,0.0248,GREEN,41,Mumbai
CLM0017576,MUM_03552,Bandra,2024-12-02,13,0,0,0,0,0,0,0,0,1,0.0,0.21872,1,0.0,0,225,4,0,0.6829,0.1651,GREEN,43,Mumbai
CLM0017577,MUM_00401,Powai,2019-09-18,21,0,0,0,0,0,0,0,0,0,0.0,0.271903,0,0.0,0,21,2,6,0.8537,0.0,GREEN,54,Mumbai
CLM0017578,MUM_07702,Thane,2023-02-26,7,0,0,0,0,0,0,0,0,0,0.0,0.023114,0,0.0,0,21,2,2,0.9292,0.0052,GREEN,29,Mumbai
CLM0017579,MUM_01946,Lower Parel,2023-10-06,9,0,0,0,1,0,1,0,0,0,1.0,0.328586,0,0.0,0,246,3,4,0.5917,0.225,GREEN,47,Mumbai
CLM0017580,MUM_08761,Vashi,2018-11-05,12,0,0,0,0,0,0,0,0,0,0.0,0.166391,0,0.0,0,125,1,5,0.7115,0.0271,GREEN,50,Mumbai
CLM0017581,MUM_08716,Ghatkopar,2017-04-02,18,0,0,0,0,0,0,0,0,0,0.0,0.345438,0,0.0,0,284,0,0,0.8934,0.0,GREEN,58,Mumbai
CLM0017582,MUM_00584,Andheri,2020-09-17,15,0,0,0,0,0,0,0,0,0,0.0,0.21239,0,0.0,0,214,1,2,0.05,0.012,GREEN,22,Mumbai
CLM0017583,MUM_05383,Dadar,2018-03-23,8,0,0,0,0,0,0,0,0,0,0.0,0.094964,0,0.0,0,316,0,3,0.9576,0.1029,GREEN,62,Mumbai
CLM0017584,MUM_00568,Powai,2019-02-17,13,0,1,1,1,1,0,1,0,1,1.0,1.0,0,0.0,0,21,3,9,0.9067,0.0239,GREEN,31,Mumbai
CLM0017585,MUM_04595,Powai,2025-07-10,8,0,0,0,0,1,0,0,0,0,0.0,0.267153,0,0.0,0,132,3,0,0.6681,0.2605,GREEN,41,Mumbai
CLM0017586,MUM_00121,Bandra,2025-10-17,10,0,0,0,0,0,1,1,0,0,1.0,1.0,0,1.0,0,391,2,2,0.9386,0.1278,GREEN,36,Mumbai
CLM0017587,MUM_08168,Lower Parel,2021-05-10,17,0,0,0,0,0,1,0,0,0,1.0,0.254327,0,0.0,0,312,2,3,0.8143,0.2039,GREEN,37,Mumbai
CLM0017588,MUM_06302,Lower Parel,2025-09-20,18,0,0,0,0,0,0,0,0,0,0.0,0.122366,0,0.0,0,266,3,3,0.9798,0.0,GREEN,47,Mumbai
CLM0017589,MUM_06469,Andheri,2020-03-12,10,0,0,0,0,0,0,0,0,0,0.0,0.34164,0,1.0,0,239,3,1,0.8703,0.0,GREEN,32,Mumbai
CLM0017590,MUM_09493,Bandra,2021-04-15,13,0,0,0,1,0,0,1,0,0,1.0,0.192229,1,0.0,0,420,4,5,0.543,0.3489,YELLOW,40,Mumbai
CLM0017591,MUM_07985,Thane,2025-10-23,7,0,0,0,0,0,0,0,0,0,0.0,0.039564,0,0.0,0,342,3,5,0.6533,0.0,GREEN,30,Mumbai
CLM0017592,MUM_05346,Borivali,2020-06-30,21,0,0,0,0,1,0,0,1,0,0.0,0.352101,0,0.0,0,133,4,0,0.05,0.1749,GREEN,19,Mumbai
CLM0017593,MUM_05954,Ghatkopar,2025-11-18,8,0,0,0,0,0,0,0,0,0,0.0,0.091008,0,0.0,0,5,3,0,0.05,0.0363,GREEN,32,Mumbai
CLM0017594,MUM_03531,Powai,2025-06-02,7,0,0,0,0,0,0,0,0,1,0.0,0.021933,0,0.0,0,385,3,4,0.6448,0.1246,GREEN,48,Mumbai
CLM0017595,MUM_09566,Dadar,2025-12-16,16,0,0,0,1,0,0,0,0,0,0.0,0.271522,0,0.0,0,316,2,5,0.1188,0.1655,GREEN,49,Mumbai
CLM0017596,MUM_08949,Borivali,2022-09-03,10,0,0,0,0,0,0,1,0,0,0.0,0.203686,0,0.0,0,420,0,5,0.98,0.1012,GREEN,49,Mumbai
CLM0017597,MUM_08613,Powai,2023-10-05,15,0,0,0,0,0,0,0,1,0,0.0,0.144966,0,0.0,0,274,2,1,0.05,0.1928,GREEN,26,Mumbai
CLM0017598,MUM_03407,Andheri,2022-10-25,16,0,0,0,0,0,1,0,0,0,0.0,0.327883,0,1.0,0,198,4,0,0.6255,0.1535,GREEN,38,Mumbai
CLM0017599,MUM_06218,Ghatkopar,2025-06-08,13,0,1,1,0,0,0,0,0,0,0.0,0.0,0,0.0,0,182,4,0,0.8446,0.1253,GREEN,45,Mumbai
CLM0017600,MUM_02394,Powai,2025-03-27,8,0,0,0,0,1,0,0,0,1,0.0,0.004534,0,0.0,1,128,2,0,0.6897,0.0691,GREEN,43,Mumbai
CLM0017601,MUM_00071,Lower Parel,2024-02-15,19,0,0,0,0,0,0,1,0,0,0.0,0.009796,0,0.0,0,35,0,9,0.2732,0.1049,GREEN,49,Mumbai
CLM0017602,MUM_00335,Borivali,2024-09-27,21,0,0,0,0,0,0,0,0,0,0.0,0.0,0,0.0,0,41,2,0,0.9453,0.0,GREEN,52,Mumbai
CLM0017603,MUM_08452,Andheri,2024-07-31,7,0,0,0,0,0,0,0,0,1,0.0,0.090252,0,0.0,0,174,3,1,0.5874,0.2003,GREEN,48,Mumbai
CLM0017604,MUM_04920,Vashi,2022-12-05,9,0,0,0,0,0,0,0,0,0,0.0,0.018514,0,0.0,1,256,3,3,0.649,0.0,GREEN,37,Mumbai
CLM0017605,MUM_02635,Chembur,2022-12-10,7,0,0,0,0,0,0,0,0,0,1.0,0.18848,0,0.0,0,420,4,2,0.98,0.0,GREEN,59,Mumbai
CLM0017606,MUM_02669,Borivali,2024-04-14,10,0,0,0,0,0,0,0,0,0,0.0,0.357935,0,0.0,0,211,0,3,0.3671,0.0,GREEN,33,Mumbai
CLM0017607,MUM_09100,Andheri,2024-03-24,20,0,0,0,1,0,0,1,0,1,0.0,0.077124,0,0.0,1,5,3,18,0.8378,0.0622,GREEN,52,Mumbai
CLM0017608,MUM_03059,Bandra,2023-04-25,19,0,0,0,0,0,0,0,0,0,0.0,0.331981,0,0.0,0,180,4,6,0.6257,0.0801,GREEN,34,Mumbai
CLM0017609,MUM_05169,Vashi,2025-10-16,16,0,0,0,0,0,0,0,0,0,0.0,0.129257,0,0.0,0,120,3,0,0.8518,0.0015,GREEN,49,Mumbai
CLM0017610,MUM_09223,Bandra,2023-11-24,7,0,0,0,0,0,0,0,0,0,0.0,0.246478,0,0.0,0,283,3,5,0.6109,0.0,GREEN,44,Mumbai
CLM0017611,MUM_05918,Lower Parel,2025-01-20,9,0,0,0,0,0,0,0,0,0,0.0,0.117472,0,0.0,0,292,0,4,0.8197,0.1278,GREEN,45,Mumbai
CLM0017612,MUM_04841,Dadar,2022-01-18,7,0,0,0,0,0,0,0,0,0,0.0,0.279331,0,0.0,0,271,1,0,0.0818,0.0549,GREEN,50,Mumbai
CLM0017613,MUM_03196,Thane,2025-12-02,16,0,0,0,0,0,0,0,1,1,0.0,0.371412,0,0.0,0,178,0,1,0.7618,0.2477,GREEN,56,Mumbai
CLM0017614,MUM_04827,Bandra,2023-01-08,13,0,0,0,0,0,0,0,0,0,0.0,0.0,0,0.0,0,214,4,3,0.5918,0.0104,GREEN,42,Mumbai
CLM0017615,MUM_03375,Thane,2023-05-29,7,0,0,0,0,0,0,0,0,0,0.0,0.205472,0,0.0,0,231,0,1,0.05,0.0102,GREEN,39,Mumbai
CLM0017616,MUM_04461,Andheri,2024-03-17,18,0,0,0,0,0,0,0,0,0,0.0,0.438536,0,0.0,0,123,1,2,0.6603,0.0575,GREEN,47,Mumbai
CLM0017617,MUM_01464,Vashi,2025-12-01,10,0,0,0,0,0,0,0,0,0,0.0,0.126989,0,1.0,0,206,0,4,0.7051,0.1038,GREEN,41,Mumbai
CLM0017618,MUM_04688,Andheri,2025-08-15,15,0,0,0,1,0,0,0,0,0,0.0,0.24976,0,0.0,0,204,2,6,0.7378,0.1816,GREEN,36,Mumbai
CLM0017619,MUM_05584,Andheri,2023-09-09,16,0,0,0,0,0,0,0,0,0,0.0,0.477305,0,0.0,1,333,1,5,0.6787,0.0267,GREEN,49,Mumbai
CLM0017620,MUM_06069,Ghatkopar,2022-05-13,13,0,0,0,0,0,0,1,0,0,0.0,0.182435,0,0.0,0,309,1,5,0.98,0.0395,GREEN,54,Mumbai
CLM0017621,MUM_01264,Lower Parel,2020-09-27,16,0,0,0,0,0,0,0,0,0,0.0,1.0,0,0.0,0,237,2,1,0.8233,0.0,GREEN,52,Mumbai
CLM0017622,MUM_00111,Andheri,2023-06-11,18,0,0,0,0,1,0,0,0,0,1.0,0.155412,0,0.0,0,138,2,2,0.5414,0.1011,GREEN,42,Mumbai
CLM0017623,MUM_09043,Powai,2023-06-07,8,0,1,1,0,0,0,0,0,0,0.0,0.269593,0,0.0,0,223,1,5,0.98,0.0,GREEN,29,Mumbai
CLM0017624,MUM_09656,Andheri,2021-12-14,14,1,1,1,0,0,0,0,1,0,0.0,0.201794,0,0.0,0,186,3,5,0.8885,0.1052,GREEN,47,Mumbai
CLM0017625,MUM_00195,Ghatkopar,2024-03-19,13,0,0,0,1,0,0,0,0,0,0.0,0.202111,0,0.0,0,168,1,4,0.4926,0.1733,GREEN,53,Mumbai
CLM0017626,MUM_09202,Vashi,2025-03-19,15,0,0,0,0,0,0,0,0,0,0.0,0.115781,0,0.0,0,351,0,1,0.7638,0.0,GREEN,30,Mumbai
CLM0017627,MUM_01420,Borivali,2018-09-15,15,0,0,0,0,0,0,0,0,0,0.0,1.0,0,0.0,0,292,0,2,0.778,0.0264,GREEN,56,Mumbai
CLM0017628,MUM_08766,Ghatkopar,2019-01-12,9,0,1,1,0,0,0,0,0,0,0.0,0.403529,0,0.0,1,339,2,4,0.98,0.0057,GREEN,37,Mumbai
CLM0017629,MUM_02191,Thane,2022-05-28,17,0,0,0,0,0,0,0,0,0,0.0,1.0,0,0.0,0,138,3,1,0.8725,0.0,GREEN,46,Mumbai
CLM0017630,MUM_02517,Ghatkopar,2024-08-11,16,0,0,0,0,0,0,0,0,0,0.0,0.426856,0,0.0,0,209,0,0,0.8319,0.2125,GREEN,53,Mumbai
CLM0017631,MUM_02378,Chembur,2024-08-29,19,0,0,0,0,0,0,1,0,0,0.0,0.242358,0,0.0,1,64,1,3,0.98,0.1144,GREEN,37,Mumbai
CLM0017632,MUM_07484,Andheri,2025-11-15,11,0,0,0,0,0,0,0,0,0,1.0,0.408492,1,1.0,0,192,2,0,0.913,0.1315,GREEN,36,Mumbai
CLM0017633,MUM_04427,Vashi,2025-04-27,19,0,0,0,0,0,0,0,0,0,0.0,0.044803,0,0.0,0,273,2,1,0.4558,0.0,GREEN,47,Mumbai
CLM0017634,MUM_00880,Dadar,2024-07-21,8,0,0,0,0,0,0,0,0,0,0.0,0.156931,0,0.0,0,366,4,8,0.7512,0.0,GREEN,33,Mumbai
CLM0017635,MUM_02642,Chembur,2025-10-07,21,0,0,0,0,0,0,0,0,0,0.0,0.315914,0,0.0,0,419,2,0,0.98,0.0825,GREEN,35,Mumbai
CLM0017636,MUM_00684,Ghatkopar,2019-09-09,12,0,0,0,0,0,0,0,1,0,0.0,0.073844,0,0.0,0,322,1,2,0.05,0.1348,GREEN,40,Mumbai
CLM0017637,MUM_07880,Andheri,2020-08-18,8,0,0,0,0,0,0,0,0,1,0.0,0.135279,0,0.0,0,289,3,0,0.8469,0.1739,GREEN,34,Mumbai
CLM0017638,MUM_04065,Ghatkopar,2024-03-03,19,0,0,0,0,0,0,0,0,0,0.0,0.41335,0,0.0,1,96,3,2,0.6966,0.0758,GREEN,39,Mumbai
CLM0017639,MUM_01365,Powai,2020-04-04,14,0,1,1,1,1,1,1,0,0,0.0,1.0,0,0.0,1,5,2,15,0.1714,0.7843,RED,59,Mumbai
CLM0017640,MUM_06515,Andheri,2023-12-01,8,0,1,1,1,1,0,1,1,1,1.0,0.211568,0,1.0,1,10,1,18,0.4033,0.8305,RED,50,Mumbai
CLM0017641,MUM_04715,Chembur,2024-09-16,19,0,0,0,0,0,0,0,0,0,0.0,0.211993,0,0.0,0,411,4,0,0.8888,0.0,GREEN,39,Mumbai
CLM0017642,MUM_02178,Thane,2025-03-12,18,0,0,0,0,1,1,1,1,1,1.0,0.0,0,1.0,1,5,2,18,0.1902,0.0,GREEN,36,Mumbai
CLM0017643,MUM_01938,Dadar,2025-12-15,12,0,0,0,0,0,0,0,0,0,1.0,0.113829,0,0.0,0,239,2,2,0.9249,0.0939,GREEN,45,Mumbai
CLM0017644,MUM_04207,Ghatkopar,2025-01-28,16,0,0,0,0,0,0,0,0,0,0.0,0.210234,0,1.0,0,298,2,2,0.6755,0.1077,GREEN,57,Mumbai
CLM0017645,MUM_06671,Thane,2025-03-22,18,0,0,0,0,0,0,0,0,0,0.0,0.011414,0,0.0,0,35,0,6,0.922,0.0776,GREEN,45,Mumbai
CLM0017646,MUM_00357,Thane,2025-01-24,17,0,0,0,0,0,0,1,0,1,1.0,0.059633,0,0.0,0,59,1,6,0.7245,0.2087,GREEN,37,Mumbai
CLM0017647,MUM_02771,Powai,2024-11-07,10,0,0,0,0,0,0,0,0,1,0.0,0.30672,0,0.0,0,342,0,1,0.6811,0.2111,GREEN,39,Mumbai
CLM0017648,MUM_03528,Dadar,2024-06-19,21,0,0,0,0,0,0,0,0,0,0.0,0.359645,0,0.0,1,103,1,3,0.98,0.1636,GREEN,62,Mumbai
CLM0017649,MUM_00806,Thane,2024-11-24,17,0,0,0,0,0,0,0,0,0,1.0,0.283753,0,1.0,0,420,1,0,0.645,0.0233,GREEN,38,Mumbai
CLM0017650,MUM_07840,Vashi,2025-05-20,8,0,0,0,0,0,0,0,1,0,0.0,0.088121,0,0.0,0,239,0,3,0.7512,0.1721,GREEN,42,Mumbai
CLM0017651,MUM_02996,Vashi,2025-03-21,10,0,0,0,0,0,0,0,0,0,0.0,0.965419,0,0.0,1,207,3,0,0.9368,0.0909,GREEN,32,Mumbai
CLM0017652,MUM_03107,Dadar,2025-06-14,20,0,0,0,0,0,0,0,0,0,0.0,0.02975,0,0.0,0,230,0,0,0.4935,0.1339,GREEN,43,Mumbai
CLM0017653,MUM_07127,Powai,2025-11-24,19,0,1,1,0,0,0,0,0,1,0.0,0.165866,0,0.0,0,56,0,5,0.115,0.1281,GREEN,22,Mumbai
CLM0017654,MUM_04560,Dadar,2025-08-09,7,0,0,0,0,0,0,0,0,0,0.0,0.057255,0,0.0,0,345,4,3,0.8668,0.0261,GREEN,23,Mumbai
CLM0017655,MUM_03666,Ghatkopar,2025-07-27,12,0,0,0,0,0,0,0,0,0,0.0,0.289006,0,0.0,0,312,2,0,0.088,0.0815,GREEN,49,Mumbai
CLM0017656,MUM_04045,Thane,2023-11-04,17,0,0,0,0,0,0,0,0,0,1.0,0.083297,0,0.0,0,197,0,4,0.4955,0.0,GREEN,39,Mumbai
CLM0017657,MUM_01200,Lower Parel,2023-05-19,18,0,0,0,0,0,0,0,0,0,0.0,0.086555,0,0.0,0,255,4,2,0.709,0.0158,GREEN,44,Mumbai
CLM0017658,MUM_06479,Ghatkopar,2025-08-06,21,0,0,0,0,0,0,0,0,0,0.0,0.197554,0,0.0,0,165,4,2,0.6735,0.0,GREEN,47,Mumbai
CLM0017659,MUM_04755,Andheri,2024-02-08,16,0,0,0,0,0,0,0,1,0,0.0,0.334669,0,0.0,0,335,2,2,0.1833,0.1319,GREEN,51,Mumbai
CLM0017660,MUM_02847,Powai,2023-08-22,16,0,0,0,0,1,0,0,0,0,0.0,1.0,0,0.0,0,318,4,1,0.764,0.0898,GREEN,46,Mumbai
CLM0017661,MUM_09451,Thane,2023-11-02,8,0,0,0,0,0,0,0,0,0,1.0,0.401515,0,0.0,0,5,3,1,0.657,0.1266,GREEN,46,Mumbai
CLM0017662,MUM_09272,Chembur,2025-10-19,10,0,0,0,0,0,1,0,0,0,0.0,0.308306,0,0.0,0,207,1,5,0.8744,0.0982,GREEN,51,Mumbai
CLM0017663,MUM_05397,Borivali,2022-01-18,13,0,0,0,0,0,1,0,0,0,0.0,0.095557,0,0.0,0,227,2,5,0.98,0.1025,GREEN,36,Mumbai
CLM0017664,MUM_06548,Andheri,2024-10-28,13,0,0,0,0,0,0,0,0,0,1.0,0.053228,0,0.0,0,420,4,2,0.8319,0.1285,GREEN,42,Mumbai
CLM0017665,MUM_02491,Lower Parel,2025-02-04,18,0,0,0,0,0,0,0,0,0,0.0,0.0,0,0.0,0,202,4,0,0.7604,0.0237,GREEN,44,Mumbai
CLM0017666,MUM_06243,Ghatkopar,2023-02-27,9,0,0,0,0,0,0,0,0,0,0.0,0.980835,0,0.0,0,169,4,3,0.8124,0.0538,GREEN,32,Mumbai
CLM0017667,MUM_03195,Lower Parel,2024-04-14,16,0,0,0,0,0,0,0,0,0,1.0,0.079359,1,0.0,0,419,3,1,0.425,0.0765,GREEN,50,Mumbai
CLM0017668,MUM_04812,Andheri,2022-11-30,19,0,0,0,0,0,0,1,0,0,0.0,0.105296,0,0.0,1,71,3,2,0.7696,0.2235,GREEN,57,Mumbai
CLM0017669,MUM_09241,Thane,2023-05-10,9,0,0,0,0,0,0,0,1,0,0.0,0.995398,0,0.0,0,67,0,2,0.0603,0.0145,GREEN,61,Mumbai
CLM0017670,MUM_09135,Andheri,2023-03-16,15,0,0,0,0,0,0,0,0,0,1.0,0.204917,0,0.0,0,389,0,0,0.6113,0.1059,GREEN,55,Mumbai
CLM0017671,MUM_07797,Chembur,2020-08-03,21,0,0,0,0,0,0,0,0,0,0.0,0.099979,0,0.0,0,420,2,0,0.98,0.0916,GREEN,40,Mumbai
CLM0017672,MUM_01172,Vashi,2022-05-06,20,0,0,0,0,0,1,0,0,0,0.0,0.220756,0,0.0,0,139,3,3,0.2348,0.0904,GREEN,64,Mumbai
CLM0017673,MUM_00843,Thane,2024-12-06,14,0,0,0,0,0,0,0,0,0,0.0,0.093431,0,0.0,0,420,0,3,0.9535,0.0168,GREEN,52,Mumbai
CLM0017674,MUM_01829,Andheri,2021-04-01,12,0,0,0,0,0,0,0,0,0,0.0,0.133733,0,0.0,0,282,4,0,0.05,0.0266,GREEN,33,Mumbai
CLM0017675,MUM_08207,Thane,2019-12-22,19,0,0,0,0,0,0,0,0,0,1.0,0.19541,0,0.0,0,199,3,0,0.7736,0.0472,GREEN,65,Mumbai
CLM0017676,MUM_09087,Lower Parel,2022-01-19,16,0,0,0,0,0,0,0,0,0,0.0,0.052987,0,0.0,0,292,4,0,0.7087,0.0,GREEN,35,Mumbai
CLM0017677,MUM_06361,Thane,2021-08-02,10,0,0,0,0,0,0,0,0,1,0.0,0.129454,0,0.0,0,87,1,4,0.8102,0.0418,GREEN,36,Mumbai
CLM0017678,MUM_02820,Chembur,2020-05-01,12,0,0,0,0,0,0,0,0,0,0.0,0.37158,0,0.0,0,408,2,1,0.6379,0.0,GREEN,27,Mumbai
CLM0017679,MUM_01258,Bandra,2019-05-11,17,0,0,0,0,0,0,0,0,0,0.0,0.219249,0,0.0,0,420,1,6,0.9353,0.07,GREEN,25,Mumbai
CLM0017680,MUM_09738,Borivali,2023-05-23,9,0,0,0,1,0,0,0,0,0,0.0,0.177139,0,0.0,1,420,0,5,0.7307,0.1862,GREEN,43,Mumbai
CLM0017681,MUM_05008,Thane,2021-11-19,19,0,0,0,0,0,1,0,0,0,0.0,0.0,0,0.0,0,294,0,3,0.5006,0.0515,GREEN,44,Mumbai
CLM0017682,MUM_04661,Powai,2024-04-15,13,0,0,0,0,0,0,0,0,1,0.0,0.099527,0,0.0,0,416,4,0,0.98,0.0868,GREEN,26,Mumbai
CLM0017683,MUM_04512,Andheri,2019-03-19,16,0,0,0,0,0,0,0,0,1,0.0,0.092095,0,0.0,0,304,1,2,0.62,0.1654,GREEN,43,Mumbai
CLM0017684,MUM_05139,Bandra,2019-08-25,17,0,0,0,0,0,1,0,0,0,0.0,0.395513,0,1.0,0,277,1,7,0.5189,0.0769,GREEN,37,Mumbai
CLM0017685,MUM_09102,Ghatkopar,2022-07-12,16,0,0,0,0,0,0,0,0,0,0.0,0.0,0,0.0,0,384,3,4,0.6613,0.113,GREEN,49,Mumbai
CLM0017686,MUM_05783,Borivali,2020-11-18,16,0,0,0,0,0,0,1,0,0,0.0,0.141454,0,0.0,0,126,4,3,0.7129,0.088,GREEN,36,Mumbai
CLM0017687,MUM_07550,Bandra,2025-05-23,11,0,1,1,1,1,0,1,1,1,1.0,1.0,1,1.0,1,11,0,18,0.4024,0.0,GREEN,48,Mumbai
CLM0017688,MUM_03921,Ghatkopar,2021-01-18,13,0,0,0,0,0,0,0,0,0,0.0,0.273725,0,0.0,0,86,1,3,0.1105,0.0,GREEN,36,Mumbai
CLM0017689,MUM_09450,Vashi,2020-04-13,12,0,0,0,0,0,0,0,0,0,0.0,0.200776,1,0.0,0,231,0,0,0.05,0.0,GREEN,45,Mumbai
CLM0017690,MUM_04296,Ghatkopar,2021-12-01,12,0,0,0,0,0,0,0,0,0,0.0,0.321381,0,0.0,0,141,3,0,0.4898,0.0,GREEN,43,Mumbai
CLM0017691,MUM_00680,Ghatkopar,2023-03-22,13,0,0,0,0,0,0,0,0,0,0.0,0.250582,0,1.0,0,420,2,4,0.5339,0.058,GREEN,36,Mumbai
CLM0017692,MUM_04260,Bandra,2023-03-14,15,0,0,0,0,1,0,0,0,0,0.0,0.377078,0,0.0,0,348,3,2,0.4867,0.1352,GREEN,32,Mumbai
CLM0017693,MUM_00547,Powai,2019-12-14,10,0,0,0,0,0,1,0,0,0,0.0,0.0,0,0.0,0,231,0,4,0.6798,0.1292,GREEN,41,Mumbai
CLM0017694,MUM_01186,Ghatkopar,2020-10-15,11,0,0,0,0,0,0,0,0,0,0.0,0.905854,0,0.0,1,56,2,5,0.9407,0.0104,GREEN,18,Mumbai
CLM0017695,MUM_01090,Thane,2025-01-07,8,0,0,0,0,0,0,0,0,0,1.0,0.084288,0,0.0,0,420,3,1,0.663,0.1026,GREEN,29,Mumbai
CLM0017696,MUM_00504,Chembur,2021-08-16,19,0,0,0,0,0,1,0,0,0,0.0,0.30031,0,0.0,0,166,0,3,0.7193,0.0842,GREEN,40,Mumbai
CLM0017697,MUM_03248,Chembur,2024-03-29,14,0,0,0,0,0,1,0,0,0,0.0,0.34973,0,0.0,0,84,3,5,0.6654,0.1598,GREEN,46,Mumbai
CLM0017698,MUM_06968,Lower Parel,2025-12-15,18,0,0,0,0,0,0,0,0,0,1.0,0.930255,0,1.0,0,73,0,3,0.5711,0.0359,GREEN,51,Mumbai
CLM0017699,MUM_01238,Chembur,2021-12-19,15,0,0,0,0,0,0,0,0,0,0.0,0.329529,0,0.0,0,149,1,1,0.8187,0.0,GREEN,37,Mumbai
CLM0017700,MUM_08073,Ghatkopar,2022-10-31,13,0,0,0,0,0,0,0,0,0,0.0,0.203904,0,0.0,0,248,4,3,0.98,0.031,GREEN,45,Mumbai
CLM0017701,MUM_08300,Ghatkopar,2025-05-30,18,0,0,0,0,0,0,1,0,0,0.0,0.061569,0,0.0,0,174,4,3,0.8204,0.0088,GREEN,47,Mumbai
CLM0017702,MUM_07469,Chembur,2020-01-17,16,0,0,0,0,0,0,1,0,0,0.0,0.080538,0,0.0,1,343,0,2,0.1556,0.1661,GREEN,56,Mumbai
CLM0017703,MUM_08294,Borivali,2022-01-25,16,0,0,0,0,0,1,0,0,0,0.0,0.123072,0,0.0,0,235,4,0,0.6855,0.086,GREEN,26,Mumbai
CLM0017704,MUM_01066,Ghatkopar,2025-08-20,18,0,0,0,0,0,0,0,0,0,1.0,1.0,0,1.0,0,65,4,0,0.7186,0.0,GREEN,47,Mumbai
CLM0017705,MUM_05379,Vashi,2018-08-20,13,0,0,0,0,0,0,0,0,0,0.0,0.13674,0,0.0,0,46,0,2,0.6265,0.0001,GREEN,32,Mumbai
CLM0017706,MUM_05925,Thane,2019-06-11,12,0,0,0,0,1,0,0,1,0,0.0,0.272804,0,0.0,0,206,2,0,0.4369,0.1996,GREEN,52,Mumbai
CLM0017707,MUM_05472,Bandra,2024-10-09,21,0,0,0,0,0,0,1,0,0,0.0,0.321568,0,0.0,0,260,2,3,0.5884,0.085,GREEN,60,Mumbai
CLM0017708,MUM_04139,Dadar,2022-12-23,11,0,0,0,0,0,0,0,0,0,0.0,0.345108,0,0.0,0,269,4,0,0.3996,0.0,GREEN,56,Mumbai
CLM0017709,MUM_08544,Thane,2024-06-07,14,0,0,0,0,0,0,0,0,1,0.0,0.198937,0,0.0,0,420,1,1,0.8946,0.0992,GREEN,36,Mumbai
CLM0017710,MUM_02515,Vashi,2024-03-12,14,0,0,0,0,0,0,0,1,0,1.0,0.469065,0,0.0,0,220,2,1,0.0506,0.1803,GREEN,54,Mumbai
CLM0017711,MUM_02938,Powai,2023-05-12,12,0,0,0,1,0,0,1,0,0,1.0,0.298139,0,0.0,0,133,3,2,0.6844,0.3084,GREEN,57,Mumbai
CLM0017712,MUM_01581,Ghatkopar,2020-12-10,9,0,0,0,0,0,0,0,0,0,0.0,0.965651,0,0.0,0,181,4,4,0.8059,0.0246,GREEN,53,Mumbai
CLM0017713,MUM_01043,Chembur,2021-01-27,13,0,0,0,0,0,0,0,0,0,0.0,0.294304,0,0.0,0,112,1,6,0.05,0.0,GREEN,54,Mumbai
CLM0017714,MUM_08669,Chembur,2020-05-02,15,0,0,0,0,0,0,0,0,0,1.0,1.0,0,1.0,0,419,4,5,0.1138,0.1199,GREEN,43,Mumbai
CLM0017715,MUM_06749,Borivali,2024-08-05,16,0,0,0,0,0,0,0,0,0,1.0,0.010554,0,0.0,0,121,0,3,0.05,0.1804,GREEN,34,Mumbai
CLM0017716,MUM_03853,Thane,2024-10-29,15,0,1,1,0,0,0,0,0,0,0.0,0.357117,0,0.0,0,277,4,5,0.2394,0.0,GREEN,43,Mumbai
CLM0017717,MUM_07938,Bandra,2025-08-26,18,0,0,0,0,0,0,0,0,0,0.0,0.27688,0,0.0,0,420,2,4,0.8674,0.0,GREEN,43,Mumbai
CLM0017718,MUM_05913,Andheri,2015-07-26,11,0,0,0,0,0,0,0,0,0,0.0,0.266102,0,0.0,0,16,1,2,0.6368,0.0,GREEN,35,Mumbai
CLM0017719,MUM_05940,Chembur,2024-02-20,19,0,0,0,0,0,0,0,1,0,1.0,0.31507,0,0.0,0,152,4,4,0.05,0.2682,GREEN,58,Mumbai
CLM0017720,MUM_05175,Dadar,2017-06-24,18,0,0,0,0,0,1,0,0,0,0.0,0.357768,0,1.0,0,301,2,3,0.7718,0.1404,GREEN,49,Mumbai
CLM0017721,MUM_09024,Ghatkopar,2023-09-15,14,0,0,0,0,0,1,0,0,0,0.0,0.304124,0,0.0,0,420,4,0,0.8606,0.0958,GREEN,47,Mumbai
CLM0017722,MUM_09982,Dadar,2023-07-23,14,0,0,0,0,0,0,0,0,0,0.0,0.350541,0,1.0,0,420,2,1,0.6723,0.0679,GREEN,34,Mumbai
CLM0017723,MUM_03203,Bandra,2021-04-20,16,0,0,0,0,0,0,0,0,0,1.0,0.310632,0,0.0,0,420,1,0,0.8008,0.0361,GREEN,64,Mumbai
CLM0017724,MUM_02615,Vashi,2023-05-20,18,0,0,0,0,0,0,1,0,0,0.0,0.130168,0,0.0,0,418,3,2,0.9189,0.0909,GREEN,39,Mumbai
CLM0017725,MUM_05078,Andheri,2020-01-03,14,0,0,0,0,0,1,0,0,0,1.0,1.0,0,0.0,0,9,2,0,0.0959,0.2095,GREEN,59,Mumbai
CLM0017726,MUM_04179,Andheri,2024-12-01,20,0,1,1,1,1,1,1,1,1,0.0,0.074708,1,0.0,0,6,0,18,0.9285,0.8799,RED,40,Mumbai
CLM0017727,MUM_07047,Dadar,2025-07-06,8,0,1,1,0,0,0,0,0,0,0.0,0.436203,0,0.0,0,420,0,2,0.5749,0.5254,YELLOW,53,Mumbai
CLM0017728,MUM_06329,Chembur,2025-01-26,10,0,0,0,0,0,0,0,0,0,0.0,0.127687,0,0.0,0,216,2,2,0.98,0.0,GREEN,45,Mumbai
CLM0017729,MUM_01934,Andheri,2023-07-05,17,0,0,0,0,0,0,0,1,0,0.0,0.069664,0,0.0,0,266,4,4,0.6966,0.0787,GREEN,42,Mumbai
CLM0017730,MUM_04202,Andheri,2022-04-14,9,0,0,0,0,0,0,0,0,0,0.0,0.361592,0,0.0,0,88,4,4,0.7721,0.0503,GREEN,42,Mumbai
CLM0017731,MUM_05351,Vashi,2025-08-27,19,0,0,0,0,0,1,0,0,0,0.0,0.27615,0,0.0,0,370,2,8,0.7462,0.1621,GREEN,32,Mumbai
CLM0017732,MUM_04994,Andheri,2020-02-18,9,0,0,0,0,0,0,0,0,0,0.0,0.184153,0,0.0,0,420,1,4,0.6036,0.0,GREEN,45,Mumbai
CLM0017733,MUM_08574,Andheri,2025-04-19,9,0,0,0,0,0,1,0,0,0,0.0,0.117853,0,0.0,0,128,4,0,0.8159,0.0049,GREEN,49,Mumbai
CLM0017734,MUM_07199,Powai,2025-07-25,19,0,0,0,0,0,0,0,0,0,0.0,0.951159,0,0.0,0,52,4,2,0.1876,0.0322,GREEN,48,Mumbai
CLM0017735,MUM_03852,Powai,2020-10-07,13,0,0,0,0,0,0,0,0,0,0.0,1.0,0,0.0,0,84,3,1,0.5831,0.0554,GREEN,21,Mumbai
CLM0017736,MUM_05574,Thane,2018-02-15,9,0,0,0,0,0,0,0,0,0,0.0,0.202937,0,0.0,0,329,2,1,0.5768,0.0,GREEN,52,Mumbai
CLM0017737,MUM_00086,Ghatkopar,2021-08-03,13,0,0,0,0,1,1,0,0,0,0.0,0.11197,0,0.0,0,391,2,1,0.5015,0.3175,YELLOW,43,Mumbai
CLM0017738,MUM_06429,Andheri,2016-07-15,10,0,0,0,1,0,0,0,0,0,0.0,0.176766,0,0.0,0,119,1,0,0.05,0.139,GREEN,53,Mumbai
CLM0017739,MUM_07197,Lower Parel,2018-06-06,15,0,0,0,0,0,0,0,0,0,0.0,0.120897,0,0.0,0,234,3,2,0.8826,0.0785,GREEN,42,Mumbai
CLM0017740,MUM_09866,Borivali,2025-06-05,10,0,0,0,0,0,0,0,1,0,0.0,0.325126,0,0.0,0,420,2,3,0.9296,0.0813,GREEN,36,Mumbai
CLM0017741,MUM_05173,Ghatkopar,2023-04-10,9,0,0,0,0,0,0,0,0,0,0.0,0.256219,0,0.0,0,192,0,3,0.8025,0.073,GREEN,33,Mumbai
CLM0017742,MUM_08658,Andheri,2025-01-25,12,0,0,0,0,1,0,0,0,0,0.0,0.370622,0,0.0,0,9,4,1,0.9348,0.2424,GREEN,25,Mumbai
CLM0017743,MUM_09923,Powai,2022-07-16,9,0,0,0,0,0,0,0,0,0,0.0,0.0,0,0.0,0,166,3,0,0.9699,0.0199,GREEN,56,Mumbai
CLM0017744,MUM_00665,Borivali,2022-12-04,17,0,0,0,0,1,0,0,1,0,0.0,0.132216,0,1.0,0,355,4,2,0.6424,0.1587,GREEN,42,Mumbai
CLM0017745,MUM_05309,Powai,2025-04-09,8,0,0,0,0,0,0,1,0,0,0.0,0.213774,0,0.0,0,218,0,3,0.8152,0.1413,GREEN,61,Mumbai
CLM0017746,MUM_09165,Chembur,2024-09-19,11,0,0,0,0,0,0,1,0,0,0.0,0.090233,0,0.0,0,337,2,0,0.7757,0.181,GREEN,55,Mumbai
CLM0017747,MUM_08710,Ghatkopar,2025-08-07,12,0,0,0,0,0,0,0,0,0,0.0,0.230497,0,0.0,0,49,1,2,0.6484,0.0,GREEN,26,Mumbai
CLM0017748,MUM_00954,Ghatkopar,2024-02-11,11,0,0,0,0,1,1,0,1,0,0.0,0.936648,0,0.0,0,72,1,2,0.7221,0.3208,YELLOW,31,Mumbai
CLM0017749,MUM_01735,Bandra,2022-01-09,8,0,1,1,0,1,0,1,0,1,1.0,0.234476,1,0.0,1,22,2,18,0.1791,0.5118,YELLOW,51,Mumbai
CLM0017750,MUM_01315,Ghatkopar,2025-02-20,13,0,1,1,0,0,0,0,0,0,1.0,1.0,0,1.0,0,420,1,1,0.8394,0.8605,RED,47,Mumbai
CLM0017751,MUM_03845,Ghatkopar,2022-04-15,20,0,1,1,1,0,0,1,0,1,1.0,0.983714,1,1.0,1,5,1,18,0.2148,0.4752,YELLOW,37,Mumbai
CLM0017752,MUM_03598,Lower Parel,2025-04-14,8,0,1,1,0,1,1,1,1,0,0.0,0.012544,1,0.0,0,11,2,18,0.7346,0.5983,YELLOW,41,Mumbai
CLM0017753,MUM_02856,Thane,2025-09-30,21,0,1,1,1,0,1,1,1,1,0.0,0.078077,1,0.0,0,9,2,18,0.8535,0.7633,RED,56,Mumbai
CLM0017754,MUM_04343,Ghatkopar,2025-11-14,10,0,1,1,0,0,1,1,0,1,0.0,0.283544,1,0.0,1,9,1,9,0.8163,0.5851,YELLOW,61,Mumbai
CLM0017755,MUM_01090,Thane,2018-07-14,12,0,0,0,0,0,0,0,0,0,0.0,0.037119,0,0.0,0,45,2,3,0.7357,0.0,GREEN,29,Mumbai
CLM0017756,MUM_00604,Borivali,2019-04-22,20,0,0,0,0,0,0,1,0,0,0.0,0.301487,0,0.0,0,120,3,0,0.4436,0.0,GREEN,27,Mumbai
CLM0017757,MUM_02047,Ghatkopar,2023-06-22,17,0,0,0,1,0,1,1,1,1,1.0,1.0,1,0.0,0,5,2,18,0.2516,0.208,GREEN,44,Mumbai
CLM0017758,MUM_07538,Bandra,2021-11-30,12,0,0,0,0,0,0,0,0,0,1.0,0.319686,0,0.0,0,298,3,6,0.877,0.125,GREEN,35,Mumbai
CLM0017759,MUM_08574,Andheri,2021-08-20,13,0,0,0,0,0,0,0,0,0,0.0,0.0,0,0.0,0,318,4,6,0.3985,0.0006,GREEN,49,Mumbai
CLM0017760,MUM_06033,Bandra,2024-07-20,19,0,0,0,1,1,0,1,1,0,0.0,0.111626,0,0.0,1,8,1,18,0.98,0.0877,GREEN,19,Mumbai
CLM0017761,MUM_07186,Lower Parel,2022-01-27,10,0,0,0,0,0,0,0,0,0,0.0,0.0,0,0.0,0,420,1,1,0.4532,0.0004,GREEN,19,Mumbai
CLM0017762,MUM_08255,Andheri,2023-03-27,19,0,0,0,0,0,0,0,0,0,0.0,0.0,0,0.0,0,420,2,0,0.8071,0.0,GREEN,43,Mumbai
CLM0017763,MUM_09352,Dadar,2023-08-13,11,0,0,0,0,0,1,0,0,0,0.0,0.182045,0,0.0,0,322,0,4,0.9098,0.1857,GREEN,52,Mumbai
CLM0017764,MUM_04022,Dadar,2023-12-28,9,0,1,1,0,0,0,0,0,0,0.0,0.359467,0,0.0,0,61,1,1,0.2658,0.0484,GREEN,65,Mumbai
CLM0017765,MUM_07303,Vashi,2023-01-04,7,0,0,0,0,0,0,0,0,0,1.0,0.297176,0,0.0,0,230,3,7,0.165,0.0,GREEN,36,Mumbai
CLM0017766,MUM_05074,Lower Parel,2023-08-18,13,0,0,0,0,0,0,0,1,0,0.0,0.0,0,0.0,0,141,3,3,0.525,0.0507,GREEN,42,Mumbai
CLM0017767,MUM_09317,Vashi,2024-07-25,10,0,0,0,0,0,0,1,0,0,0.0,0.0,0,0.0,0,76,4,3,0.98,0.1165,GREEN,47,Mumbai
CLM0017768,MUM_00044,Vashi,2023-10-24,21,0,0,0,0,0,0,0,0,1,0.0,1.0,0,0.0,0,420,1,3,0.98,0.2614,GREEN,41,Mumbai
CLM0017769,MUM_01573,Powai,2023-07-28,14,0,0,0,0,0,1,1,1,1,0.0,0.086882,0,0.0,0,17,3,18,0.9253,0.0,GREEN,25,Mumbai
CLM0017770,MUM_01194,Lower Parel,2023-01-21,8,0,0,0,0,0,0,0,0,0,0.0,0.93545,0,0.0,0,60,2,5,0.98,0.0,GREEN,42,Mumbai
CLM0017771,MUM_03905,Lower Parel,2024-07-29,12,0,0,0,0,0,0,0,0,0,0.0,1.0,0,0.0,0,232,4,3,0.9636,0.0096,GREEN,41,Mumbai
CLM0017772,MUM_00033,Dadar,2025-05-15,9,0,0,0,0,0,1,0,1,0,0.0,0.374511,0,0.0,0,146,2,0,0.8271,0.1553,GREEN,48,Mumbai
CLM0017773,MUM_07997,Chembur,2024-11-18,20,0,0,0,0,0,0,0,0,0,0.0,0.903846,0,0.0,0,358,3,5,0.4585,0.0,GREEN,67,Mumbai
CLM0017774,MUM_06418,Powai,2024-03-25,14,0,0,0,0,0,0,0,1,0,0.0,0.301621,0,0.0,0,418,1,4,0.6208,0.1026,GREEN,42,Mumbai
CLM0017775,MUM_06742,Powai,2023-05-12,20,0,0,0,0,0,0,0,0,0,1.0,1.0,0,1.0,0,203,1,2,0.5986,0.0,GREEN,18,Mumbai
CLM0017776,MUM_07761,Thane,2025-07-14,15,0,1,1,0,0,0,0,0,0,0.0,0.224983,0,0.0,0,348,4,3,0.8383,0.0,GREEN,54,Mumbai
CLM0017777,MUM_04475,Dadar,2024-10-07,11,0,0,0,0,0,0,0,0,0,0.0,0.019904,0,0.0,0,266,1,3,0.7506,0.0663,GREEN,40,Mumbai
CLM0017778,MUM_02478,Borivali,2024-05-26,20,0,0,0,0,0,0,0,0,0,0.0,0.258738,0,0.0,0,150,4,0,0.0515,0.0,GREEN,39,Mumbai
CLM0017779,MUM_00825,Bandra,2025-01-16,14,0,0,0,0,0,0,0,0,0,0.0,0.166104,0,0.0,0,320,4,0,0.5656,0.0,GREEN,35,Mumbai
CLM0017780,MUM_04727,Andheri,2025-03-21,10,0,0,0,0,0,0,0,0,0,0.0,0.066631,0,0.0,0,340,4,0,0.2209,0.0,GREEN,34,Mumbai
CLM0017781,MUM_02653,Vashi,2025-08-30,8,0,0,0,0,0,0,0,1,0,0.0,0.308574,1,0.0,0,420,2,1,0.5721,0.1039,GREEN,30,Mumbai
CLM0017782,MUM_09118,Chembur,2024-05-24,19,0,0,0,1,0,0,1,1,1,0.0,0.466197,0,0.0,1,29,4,18,0.3148,0.0611,GREEN,26,Mumbai
CLM0017783,MUM_07544,Dadar,2024-08-18,10,0,1,1,0,0,0,0,0,0,0.0,0.985011,0,0.0,0,126,2,4,0.7027,0.0168,GREEN,49,Mumbai
CLM0017784,MUM_08885,Chembur,2024-09-10,9,0,0,0,0,1,0,0,0,0,1.0,0.961884,0,1.0,0,320,3,1,0.772,0.1085,GREEN,49,Mumbai
CLM0017785,MUM_08819,Borivali,2025-09-25,13,0,0,0,0,0,0,0,1,0,1.0,0.090377,0,0.0,0,347,1,2,0.7038,0.2297,GREEN,46,Mumbai
CLM0017786,MUM_04115,Andheri,2024-11-25,21,0,0,0,0,0,0,0,0,0,0.0,0.00623,0,0.0,0,61,2,4,0.9276,0.0,GREEN,53,Mumbai
CLM0017787,MUM_02399,Thane,2024-09-09,11,0,0,0,0,0,0,0,0,0,0.0,0.969777,0,0.0,0,416,2,4,0.6024,0.0527,GREEN,27,Mumbai
CLM0017788,MUM_09458,Andheri,2023-12-05,21,0,0,0,1,1,0,0,0,0,0.0,0.036109,0,0.0,0,254,4,1,0.0887,0.329,YELLOW,18,Mumbai
CLM0017789,MUM_08164,Dadar,2025-10-31,13,0,0,0,1,0,0,1,0,0,1.0,1.0,0,1.0,0,5,4,16,0.05,0.0748,GREEN,66,Mumbai
CLM0017790,MUM_06038,Andheri,2022-06-18,18,0,0,0,0,0,0,0,0,0,0.0,0.271078,0,0.0,1,140,2,0,0.7664,0.1215,GREEN,53,Mumbai
CLM0017791,MUM_02995,Vashi,2024-03-20,8,0,0,0,1,1,1,1,1,1,1.0,1.0,0,1.0,1,7,3,18,0.8834,0.0,GREEN,28,Mumbai
CLM0017792,MUM_00742,Thane,2025-09-04,17,0,0,0,0,0,0,1,1,1,1.0,0.252527,0,0.0,0,289,2,2,0.4235,0.3262,YELLOW,22,Mumbai
CLM0017793,MUM_00545,Lower Parel,2022-05-01,20,0,0,0,0,0,0,0,0,0,0.0,0.235324,0,0.0,0,420,4,0,0.98,0.0,GREEN,35,Mumbai
CLM0017794,MUM_07377,Chembur,2021-03-29,14,0,0,0,0,0,0,0,0,0,0.0,0.384862,0,0.0,0,420,2,0,0.7634,0.029,GREEN,25,Mumbai
CLM0017795,MUM_01357,Ghatkopar,2024-07-05,15,0,0,0,0,0,0,0,0,0,0.0,0.244558,0,0.0,0,407,1,3,0.782,0.0,GREEN,62,Mumbai
CLM0017796,MUM_01754,Dadar,2022-11-30,18,0,0,0,0,0,0,0,0,0,0.0,0.038982,0,0.0,0,420,1,1,0.6963,0.0,GREEN,45,Mumbai
CLM0017797,MUM_00137,Thane,2021-05-02,7,0,0,0,0,0,0,0,0,0,0.0,0.0,0,0.0,0,181,0,5,0.2871,0.0,GREEN,55,Mumbai
CLM0017798,MUM_01596,Thane,2022-09-16,12,0,0,0,0,1,0,1,1,0,0.0,1.0,0,0.0,0,377,3,5,0.7479,0.2642,GREEN,30,Mumbai
CLM0017799,MUM_09665,Thane,2021-04-28,10,0,0,0,0,0,0,0,0,0,0.0,0.008497,0,0.0,0,118,3,5,0.98,0.1166,GREEN,50,Mumbai
CLM0017800,MUM_05689,Ghatkopar,2021-05-17,16,0,0,0,0,0,0,0,0,0,0.0,0.114219,0,0.0,0,295,4,4,0.7762,0.0692,GREEN,35,Mumbai
CLM0017801,MUM_07192,Bandra,2023-02-22,7,0,0,0,0,0,0,0,0,0,0.0,0.094362,0,0.0,0,288,2,0,0.8153,0.0886,GREEN,43,Mumbai
CLM0017802,MUM_05071,Chembur,2020-05-04,8,0,0,0,0,0,0,0,0,0,0.0,0.060164,0,0.0,0,362,4,2,0.6473,0.0043,GREEN,41,Mumbai
CLM0017803,MUM_07680,Borivali,2018-03-13,14,0,0,0,0,0,0,1,0,1,0.0,0.374037,0,0.0,0,125,4,3,0.6085,0.2153,GREEN,41,Mumbai
CLM0017804,MUM_01628,Chembur,2022-08-13,13,0,0,0,0,0,0,1,0,0,0.0,0.405758,0,0.0,0,310,3,1,0.5739,0.0523,GREEN,43,Mumbai
CLM0017805,MUM_09431,Bandra,2017-01-07,16,0,0,0,0,0,0,1,0,0,0.0,0.258433,1,0.0,0,303,4,3,0.7205,0.1197,GREEN,49,Mumbai
CLM0017806,MUM_02983,Vashi,2024-09-11,10,0,0,0,0,0,0,0,1,0,0.0,0.41198,0,0.0,0,180,1,1,0.7281,0.1178,GREEN,19,Mumbai
CLM0017807,MUM_06714,Dadar,2025-09-07,15,0,0,0,0,0,0,0,0,0,0.0,0.074301,0,0.0,0,155,0,2,0.8367,0.0201,GREEN,42,Mumbai
CLM0017808,MUM_02755,Borivali,2025-11-02,14,0,0,0,0,0,0,0,1,0,0.0,0.248324,0,0.0,0,420,4,4,0.9549,0.089,GREEN,54,Mumbai
CLM0017809,MUM_09769,Thane,2024-10-27,12,0,0,0,0,0,0,0,0,0,0.0,0.0,0,0.0,0,90,0,5,0.4757,0.0,GREEN,41,Mumbai
CLM0017810,MUM_07537,Ghatkopar,2024-11-08,7,0,0,0,0,0,0,0,0,0,0.0,0.172054,1,0.0,0,301,3,2,0.9467,0.0588,GREEN,59,Mumbai
CLM0017811,MUM_01077,Andheri,2025-02-23,16,0,0,0,0,0,0,0,0,1,0.0,1.0,0,0.0,0,172,3,4,0.9269,0.1355,GREEN,43,Mumbai
CLM0017812,MUM_05165,Chembur,2024-12-30,8,0,0,0,0,0,0,0,0,0,0.0,0.346082,0,0.0,1,262,4,0,0.8713,0.0422,GREEN,44,Mumbai
CLM0017813,MUM_05461,Borivali,2025-12-16,17,0,0,0,0,0,0,0,0,0,0.0,0.137265,0,0.0,0,420,3,3,0.9377,0.0,GREEN,40,Mumbai
CLM0017814,MUM_06274,Chembur,2024-10-14,12,0,0,0,0,0,1,0,0,0,0.0,0.064597,0,0.0,0,340,1,2,0.05,0.118,GREEN,40,Mumbai
CLM0017815,MUM_05233,Lower Parel,2025-07-23,16,0,0,0,0,0,0,0,0,0,0.0,0.199471,0,0.0,0,420,4,0,0.98,0.0,GREEN,50,Mumbai
CLM0017816,MUM_04145,Andheri,2024-12-11,14,0,0,0,0,0,0,1,0,0,0.0,0.214714,0,0.0,0,364,0,0,0.5951,0.035,GREEN,62,Mumbai
CLM0017817,MUM_07301,Lower Parel,2025-05-27,11,0,0,0,0,0,0,0,1,0,0.0,0.348012,0,1.0,0,165,1,3,0.7673,0.0173,GREEN,18,Mumbai
CLM0017818,MUM_05272,Andheri,2021-12-12,8,0,0,0,0,0,1,0,0,0,1.0,0.229904,0,0.0,0,180,4,4,0.6656,0.2049,GREEN,52,Mumbai
CLM0017819,MUM_08411,Lower Parel,2023-03-10,13,0,0,0,0,0,1,0,0,0,0.0,0.284829,0,0.0,1,112,4,4,0.5737,0.1632,GREEN,51,Mumbai
CLM0017820,MUM_01540,Chembur,2025-12-19,9,0,1,1,0,1,0,0,0,0,0.0,0.274418,0,0.0,0,182,4,1,0.7095,0.0709,GREEN,37,Mumbai
CLM0017821,MUM_07596,Lower Parel,2023-03-09,18,0,0,0,0,0,0,0,0,0,0.0,0.096682,0,0.0,0,420,4,5,0.663,0.0276,GREEN,49,Mumbai
CLM0017822,MUM_01243,Vashi,2024-09-17,16,0,0,0,0,0,0,0,0,1,1.0,0.17795,0,0.0,0,43,3,0,0.1793,0.1,GREEN,54,Mumbai
CLM0017823,MUM_04050,Dadar,2025-05-07,12,0,0,0,0,0,0,0,1,0,0.0,0.240076,0,1.0,0,270,3,7,0.1388,0.0717,GREEN,18,Mumbai
CLM0017824,MUM_09269,Lower Parel,2024-05-04,15,0,0,0,0,0,0,0,0,0,0.0,0.134307,0,0.0,1,98,0,5,0.9254,0.0,GREEN,37,Mumbai
CLM0017825,MUM_08962,Lower Parel,2025-08-06,7,0,0,0,0,0,0,0,1,0,0.0,0.139408,0,0.0,1,164,0,5,0.8906,0.1336,GREEN,28,Mumbai
CLM0017826,MUM_08086,Vashi,2023-07-28,17,0,0,0,0,0,0,0,0,0,0.0,0.0,0,1.0,0,420,3,3,0.617,0.0,GREEN,44,Mumbai
CLM0017827,MUM_03034,Lower Parel,2025-06-04,11,0,0,0,0,0,0,0,0,0,0.0,0.328164,0,0.0,1,327,0,2,0.6703,0.0171,GREEN,18,Mumbai
CLM0017828,MUM_09366,Powai,2022-12-26,13,0,1,1,0,0,0,0,0,0,0.0,0.046575,0,0.0,1,406,4,5,0.1477,0.0152,GREEN,40,Mumbai
CLM0017829,MUM_07884,Vashi,2023-06-16,9,0,0,0,0,0,0,0,0,0,0.0,0.445249,0,0.0,0,343,4,4,0.05,0.0,GREEN,45,Mumbai
CLM0017830,MUM_00268,Bandra,2025-06-02,19,0,0,0,0,0,0,1,1,0,0.0,0.026485,0,0.0,0,320,0,1,0.8824,0.1763,GREEN,30,Mumbai
CLM0017831,MUM_03541,Bandra,2025-07-02,21,0,0,0,0,0,0,0,1,1,0.0,0.149565,0,0.0,0,420,0,1,0.8828,0.1912,GREEN,40,Mumbai
CLM0017832,MUM_08216,Borivali,2023-11-27,16,0,0,0,1,0,0,0,0,0,0.0,0.934334,0,0.0,0,268,4,0,0.621,0.2141,GREEN,41,Mumbai
CLM0017833,MUM_04221,Andheri,2024-08-23,21,0,0,0,0,0,0,0,0,0,0.0,1.0,0,0.0,0,62,4,1,0.0756,0.0,GREEN,46,Mumbai
CLM0017834,MUM_04783,Ghatkopar,2024-12-26,15,0,0,0,0,0,0,1,1,0,0.0,0.12279,0,0.0,0,304,0,0,0.1053,0.098,GREEN,38,Mumbai
CLM0017835,MUM_08462,Andheri,2024-08-19,8,0,0,0,1,0,0,0,0,0,0.0,0.4711,0,0.0,0,127,3,4,0.7462,0.1119,GREEN,18,Mumbai
CLM0017836,MUM_05871,Dadar,2024-11-25,19,0,0,0,0,0,0,0,0,0,0.0,0.067779,0,0.0,0,420,3,1,0.6265,0.0,GREEN,58,Mumbai
CLM0017837,MUM_06471,Borivali,2024-09-21,9,0,0,0,0,0,1,0,0,0,0.0,0.10285,0,0.0,0,23,1,2,0.6613,0.0163,GREEN,40,Mumbai
CLM0017838,MUM_08203,Andheri,2023-04-08,7,0,0,0,0,0,0,0,0,0,1.0,0.148739,0,0.0,0,298,4,0,0.8041,0.0573,GREEN,24,Mumbai
CLM0017839,MUM_02271,Powai,2024-05-13,16,0,0,0,0,0,0,0,0,0,0.0,0.067645,0,0.0,0,283,4,3,0.8483,0.021,GREEN,46,Mumbai
CLM0017840,MUM_07436,Chembur,2025-07-25,16,0,0,0,0,0,0,0,0,0,0.0,0.325305,1,0.0,0,60,1,6,0.5859,0.0797,GREEN,51,Mumbai
CLM0017841,MUM_09336,Bandra,2024-10-19,11,0,0,0,0,0,0,0,0,0,1.0,0.079943,0,0.0,0,82,4,7,0.3677,0.188,GREEN,35,Mumbai
CLM0017842,MUM_05547,Andheri,2024-10-29,13,0,0,0,0,0,0,0,0,0,0.0,0.248054,0,0.0,0,234,1,2,0.9393,0.0512,GREEN,56,Mumbai
CLM0017843,MUM_03464,Borivali,2021-03-09,15,0,0,0,0,0,0,0,0,0,0.0,0.232071,0,0.0,0,245,3,1,0.98,0.0109,GREEN,48,Mumbai
CLM0017844,MUM_04971,Dadar,2025-08-30,11,0,0,0,0,1,0,0,0,0,0.0,0.117931,0,0.0,0,367,2,3,0.1179,0.0976,GREEN,59,Mumbai
CLM0017845,MUM_04786,Andheri,2024-03-01,7,0,0,0,0,0,0,0,0,0,1.0,0.436768,0,0.0,0,259,3,1,0.6607,0.0942,GREEN,48,Mumbai
CLM0017846,MUM_09716,Andheri,2022-10-20,21,0,0,0,0,0,0,0,0,0,1.0,0.0,0,0.0,0,420,2,2,0.7773,0.0464,GREEN,49,Mumbai
CLM0017847,MUM_03528,Dadar,2024-03-08,10,0,0,0,0,0,0,1,0,0,0.0,0.340137,0,0.0,1,309,1,2,0.7104,0.1293,GREEN,62,Mumbai
CLM0017848,MUM_01122,Dadar,2022-05-06,7,0,0,0,0,0,0,0,0,0,0.0,0.173004,0,0.0,0,415,3,9,0.98,0.0,GREEN,40,Mumbai
CLM0017849,MUM_00294,Vashi,2024-02-17,16,0,1,1,0,0,0,0,0,0,0.0,0.149706,0,0.0,0,275,4,3,0.98,0.058,GREEN,41,Mumbai
CLM0017850,MUM_09442,Thane,2023-02-22,8,0,1,1,0,0,0,0,0,0,0.0,1.0,0,0.0,0,420,1,0,0.5696,0.0,GREEN,35,Mumbai
CLM0017851,MUM_03313,Borivali,2025-11-01,17,0,1,1,1,0,0,0,0,0,1.0,0.226941,0,0.0,1,309,3,3,0.6294,0.3269,YELLOW,56,Mumbai
CLM0017852,MUM_01683,Borivali,2022-08-26,13,0,0,0,0,0,0,0,0,0,0.0,0.510809,0,0.0,0,289,0,3,0.5511,0.0,GREEN,43,Mumbai
CLM0017853,MUM_08061,Borivali,2022-01-05,8,0,0,0,0,0,0,0,0,0,0.0,0.345477,0,0.0,0,94,1,5,0.8396,0.0,GREEN,40,Mumbai
CLM0017854,MUM_04344,Borivali,2017-09-17,14,0,0,0,0,0,0,0,0,0,0.0,1.0,0,0.0,0,420,4,6,0.5726,0.0242,GREEN,58,Mumbai
CLM0017855,MUM_02797,Thane,2025-05-06,14,0,0,0,0,0,0,0,0,0,0.0,0.081041,0,0.0,0,183,1,3,0.8384,0.0,GREEN,43,Mumbai
CLM0017856,MUM_03308,Bandra,2025-07-11,10,0,0,0,0,0,0,0,0,0,0.0,0.331541,0,1.0,0,371,0,3,0.8926,0.1395,GREEN,36,Mumbai
CLM0017857,MUM_04809,Ghatkopar,2025-08-21,11,0,0,0,0,0,0,0,0,0,1.0,0.094629,0,0.0,0,243,0,3,0.9107,0.0201,GREEN,45,Mumbai
CLM0017858,MUM_01022,Bandra,2025-12-05,17,0,0,0,0,0,0,1,1,0,0.0,0.283076,0,0.0,0,420,2,4,0.7491,0.2359,GREEN,33,Mumbai
CLM0017859,MUM_03036,Lower Parel,2025-01-05,13,0,0,0,0,0,0,0,0,0,0.0,0.125179,0,0.0,0,420,0,1,0.98,0.0,GREEN,43,Mumbai
CLM0017860,MUM_03700,Vashi,2025-12-15,21,0,0,0,0,0,0,0,1,0,0.0,0.103728,0,0.0,0,403,2,0,0.98,0.0897,GREEN,35,Mumbai
CLM0017861,MUM_06559,Bandra,2023-08-21,16,0,0,0,0,0,0,0,0,0,0.0,0.297962,0,0.0,0,420,3,3,0.951,0.0,GREEN,44,Mumbai
CLM0017862,MUM_08547,Vashi,2023-02-22,14,0,0,0,1,0,0,0,0,0,0.0,0.39656,0,0.0,0,238,2,0,0.0851,0.1618,GREEN,63,Mumbai
CLM0017863,MUM_01589,Bandra,2023-08-21,13,0,0,0,0,0,0,1,0,0,0.0,0.363681,0,0.0,0,394,3,4,0.629,0.0043,GREEN,54,Mumbai
CLM0017864,MUM_06341,Chembur,2025-02-26,13,0,0,0,1,0,1,1,0,0,0.0,0.421178,1,0.0,0,6,3,18,0.2789,0.0,GREEN,50,Mumbai
CLM0017865,MUM_01524,Dadar,2025-07-31,17,0,0,0,0,0,0,0,0,0,0.0,0.174042,0,0.0,0,302,1,0,0.5623,0.0,GREEN,39,Mumbai
CLM0017866,MUM_09316,Andheri,2024-06-21,13,0,0,0,0,1,0,0,0,0,0.0,0.050811,0,0.0,0,293,4,3,0.98,0.0795,GREEN,41,Mumbai
CLM0017867,MUM_04074,Powai,2023-08-14,16,0,0,0,0,0,0,0,0,0,0.0,0.003231,0,0.0,1,107,2,2,0.1745,0.1122,GREEN,34,Mumbai
CLM0017868,MUM_08722,Powai,2025-06-30,15,0,0,0,0,0,0,0,0,0,0.0,0.106124,0,0.0,0,316,2,5,0.6071,0.0,GREEN,46,Mumbai
CLM0017869,MUM_09337,Vashi,2024-02-20,21,0,1,1,0,0,1,0,1,0,0.0,0.067429,0,0.0,0,375,4,5,0.6364,0.2351,GREEN,41,Mumbai
CLM0017870,MUM_01727,Borivali,2017-06-13,14,0,0,0,0,0,0,0,0,0,0.0,0.201318,0,0.0,0,31,1,1,0.8164,0.0525,GREEN,39,Mumbai
CLM0017871,MUM_06053,Borivali,2020-04-29,8,0,0,0,0,0,0,1,0,0,0.0,0.002007,0,0.0,0,29,4,2,0.6475,0.0,GREEN,55,Mumbai
CLM0017872,MUM_04648,Borivali,2020-12-27,7,0,0,0,0,0,0,0,0,0,0.0,0.0,0,0.0,0,319,4,3,0.793,0.056,GREEN,40,Mumbai
CLM0017873,MUM_07075,Powai,2020-11-24,8,0,0,0,0,0,0,0,0,0,1.0,0.971764,1,1.0,0,420,3,0,0.98,0.1313,GREEN,46,Mumbai
CLM0017874,MUM_08360,Bandra,2022-06-05,15,0,0,0,0,0,0,0,0,0,1.0,0.077662,0,0.0,0,211,0,0,0.8265,0.0,GREEN,40,Mumbai
CLM0017875,MUM_07512,Powai,2024-02-13,20,0,0,0,0,0,0,0,0,0,0.0,0.503203,0,0.0,0,297,4,2,0.9251,0.1345,GREEN,52,Mumbai
CLM0017876,MUM_08805,Vashi,2021-09-18,8,0,0,0,0,0,0,0,0,0,0.0,0.133669,0,0.0,0,27,4,4,0.8907,0.0403,GREEN,43,Mumbai
CLM0017877,MUM_04473,Thane,2022-11-26,20,0,0,0,0,0,0,1,0,0,0.0,0.10147,0,0.0,0,218,3,2,0.3499,0.1243,GREEN,30,Mumbai
CLM0017878,MUM_05528,Lower Parel,2025-06-20,9,0,0,0,0,0,0,0,0,0,0.0,0.21968,0,0.0,0,82,1,2,0.8162,0.0331,GREEN,39,Mumbai
CLM0017879,MUM_04897,Ghatkopar,2021-08-26,12,0,0,0,0,0,0,0,0,0,0.0,0.18093,0,0.0,0,117,3,3,0.863,0.03,GREEN,38,Mumbai
CLM0017880,MUM_09609,Bandra,2024-02-12,11,0,0,0,0,0,0,0,0,1,1.0,1.0,0,1.0,0,320,2,1,0.0955,0.1197,GREEN,26,Mumbai
CLM0017881,MUM_07595,Borivali,2019-01-18,7,0,0,0,1,0,1,1,0,1,1.0,0.8721,0,0.0,0,5,1,18,0.8106,0.0863,GREEN,49,Mumbai
CLM0017882,MUM_00725,Andheri,2018-10-15,8,0,1,1,0,0,0,0,0,1,0.0,0.072157,0,1.0,0,249,4,1,0.8652,0.1906,GREEN,58,Mumbai
CLM0017883,MUM_03491,Dadar,2025-05-25,18,0,0,0,0,0,0,0,0,0,0.0,0.273337,0,0.0,0,258,2,0,0.1889,0.045,GREEN,30,Mumbai
CLM0017884,MUM_04809,Ghatkopar,2022-11-14,15,0,0,0,0,0,0,0,0,0,0.0,0.077708,0,0.0,0,323,3,2,0.9116,0.0,GREEN,45,Mumbai
CLM0017885,MUM_03715,Andheri,2019-06-04,15,0,0,0,1,1,0,1,1,0,1.0,0.0,1,1.0,1,16,3,18,0.9046,0.1827,GREEN,52,Mumbai
CLM0017886,MUM_00835,Borivali,2024-05-31,8,0,0,0,0,0,0,0,0,0,1.0,0.14748,0,0.0,0,202,4,3,0.7973,0.0977,GREEN,56,Mumbai
CLM0017887,MUM_06091,Borivali,2019-02-25,7,0,0,0,0,0,0,0,0,0,0.0,0.105119,0,0.0,0,420,3,1,0.7001,0.0,GREEN,41,Mumbai
CLM0017888,MUM_02548,Lower Parel,2024-12-01,17,0,0,0,0,0,0,0,0,0,0.0,0.0,0,0.0,0,256,4,6,0.6504,0.069,GREEN,27,Mumbai
CLM0017889,MUM_07079,Lower Parel,2024-09-12,18,0,0,0,0,0,0,0,0,0,0.0,0.387908,0,0.0,0,5,4,1,0.8754,0.0,GREEN,30,Mumbai
CLM0017890,MUM_04718,Bandra,2023-08-26,14,0,0,0,0,0,0,0,0,0,0.0,0.237205,0,0.0,0,405,4,2,0.6336,0.1313,GREEN,37,Mumbai
CLM0017891,MUM_05400,Ghatkopar,2017-03-18,12,0,0,0,0,0,0,0,0,0,0.0,0.459321,0,0.0,0,420,2,3,0.05,0.0,GREEN,26,Mumbai
CLM0017892,MUM_00236,Powai,2018-03-28,16,0,0,0,0,0,0,0,0,0,0.0,0.141658,0,0.0,0,215,1,2,0.7898,0.0025,GREEN,24,Mumbai
CLM0017893,MUM_00298,Thane,2019-05-24,10,0,0,0,0,0,0,0,0,0,0.0,0.114551,0,0.0,0,135,0,3,0.05,0.0333,GREEN,27,Mumbai
CLM0017894,MUM_01102,Powai,2019-04-08,16,0,0,0,0,0,0,0,0,0,1.0,0.05752,0,0.0,0,71,2,0,0.8599,0.0641,GREEN,30,Mumbai
CLM0017895,MUM_02060,Ghatkopar,2020-09-19,16,0,0,0,0,0,0,0,0,0,0.0,0.304791,0,0.0,0,182,4,0,0.6624,0.003,GREEN,43,Mumbai
CLM0017896,MUM_02965,Lower Parel,2024-11-16,15,0,0,0,1,0,0,0,0,0,0.0,0.193241,0,0.0,0,116,1,0,0.7654,0.1693,GREEN,33,Mumbai
CLM0017897,MUM_07197,Lower Parel,2023-02-23,21,0,0,0,0,0,0,0,0,0,0.0,0.21725,0,0.0,1,202,1,2,0.6902,0.0131,GREEN,42,Mumbai
CLM0017898,MUM_00703,Dadar,2020-03-27,17,0,0,0,0,0,0,0,0,0,0.0,0.08326,0,0.0,0,403,3,0,0.4944,0.0338,GREEN,37,Mumbai
CLM0017899,MUM_02396,Chembur,2020-09-13,11,0,0,0,0,0,0,0,0,0,0.0,0.34535,0,0.0,0,350,1,0,0.2519,0.0,GREEN,45,Mumbai
CLM0017900,MUM_00505,Chembur,2020-11-22,15,0,0,0,1,0,0,0,0,0,0.0,0.145293,0,0.0,0,34,1,7,0.7757,0.1479,GREEN,36,Mumbai
CLM0017901,MUM_09307,Borivali,2018-10-16,9,0,0,0,0,0,0,0,0,0,1.0,0.185778,0,0.0,0,302,1,2,0.8178,0.158,GREEN,39,Mumbai
CLM0017902,MUM_01728,Dadar,2021-12-14,20,1,0,0,0,0,0,0,0,0,0.0,0.298301,0,0.0,0,420,2,2,0.5715,0.0105,GREEN,67,Mumbai
CLM0017903,MUM_06661,Andheri,2022-03-22,18,0,0,0,0,0,0,0,0,0,0.0,0.021978,0,0.0,0,42,4,3,0.1077,0.0338,GREEN,18,Mumbai
CLM0017904,MUM_03630,Powai,2025-07-17,16,0,0,0,0,0,0,0,0,0,1.0,0.261444,0,0.0,0,379,4,4,0.7619,0.0525,GREEN,30,Mumbai
CLM0017905,MUM_00868,Powai,2023-11-18,19,0,0,0,0,0,1,0,0,0,1.0,0.875968,0,1.0,0,420,4,7,0.05,0.0523,GREEN,35,Mumbai
CLM0017906,MUM_05813,Lower Parel,2025-03-26,8,0,0,0,0,0,0,0,0,0,0.0,0.013867,0,0.0,1,272,2,1,0.593,0.1267,GREEN,31,Mumbai
CLM0017907,MUM_02251,Borivali,2025-10-14,8,0,0,0,0,0,1,1,0,0,0.0,0.241506,0,0.0,0,241,2,4,0.2111,0.1643,GREEN,47,Mumbai
CLM0017908,MUM_02642,Chembur,2023-09-04,19,0,0,0,0,0,0,0,0,0,1.0,0.059947,1,0.0,0,420,4,3,0.7711,0.1487,GREEN,35,Mumbai
CLM0017909,MUM_08702,Borivali,2022-08-04,16,0,0,0,0,0,0,0,0,0,0.0,0.186703,0,0.0,0,231,1,2,0.7549,0.0,GREEN,47,Mumbai
CLM0017910,MUM_09591,Thane,2023-12-11,20,1,0,0,0,0,0,1,0,0,0.0,0.243364,0,0.0,0,105,2,1,0.2456,0.1852,GREEN,30,Mumbai
CLM0017911,MUM_09261,Vashi,2022-03-16,14,0,0,0,0,0,0,0,0,0,0.0,0.146067,0,0.0,0,107,1,0,0.5089,0.0,GREEN,36,Mumbai
CLM0017912,MUM_00943,Chembur,2025-02-14,14,0,0,0,0,0,0,0,1,0,0.0,0.166432,0,0.0,0,15,0,1,0.6576,0.2148,GREEN,44,Mumbai
CLM0017913,MUM_05908,Thane,2021-12-27,12,0,1,1,0,0,1,0,0,0,0.0,0.00255,0,0.0,1,252,1,0,0.6882,0.116,GREEN,31,Mumbai
CLM0017914,MUM_09791,Powai,2025-05-10,15,0,0,0,0,1,0,0,0,0,0.0,0.0,0,0.0,0,299,4,5,0.98,0.1335,GREEN,36,Mumbai
CLM0017915,MUM_02340,Bandra,2023-09-19,12,0,0,0,0,0,1,0,1,0,0.0,0.107542,0,0.0,0,296,3,6,0.6432,0.2157,GREEN,42,Mumbai
CLM0017916,MUM_01459,Powai,2021-12-01,13,0,0,0,0,0,0,0,0,0,0.0,0.168441,0,0.0,0,246,3,2,0.7119,0.0689,GREEN,24,Mumbai
CLM0017917,MUM_08051,Dadar,2022-04-08,19,0,0,0,0,0,0,0,0,0,0.0,0.044193,0,0.0,0,153,2,1,0.64,0.0027,GREEN,49,Mumbai
CLM0017918,MUM_05916,Powai,2024-03-28,21,0,0,0,0,0,0,0,0,0,0.0,0.209785,0,0.0,0,389,0,1,0.2281,0.0,GREEN,32,Mumbai
CLM0017919,MUM_09364,Vashi,2024-07-25,8,0,0,0,0,1,0,0,0,1,0.0,0.229119,0,0.0,0,61,2,3,0.5794,0.2402,GREEN,33,Mumbai
CLM0017920,MUM_07772,Ghatkopar,2019-12-24,20,0,1,1,1,0,0,0,0,0,0.0,0.063252,0,0.0,1,5,0,18,0.9007,0.3916,YELLOW,41,Mumbai
CLM0017921,MUM_03924,Powai,2020-08-17,11,0,1,1,0,0,1,1,1,0,0.0,1.0,0,1.0,1,8,1,18,0.2282,0.4651,YELLOW,52,Mumbai
CLM0017922,MUM_08142,Thane,2018-08-17,14,0,1,1,0,0,1,1,1,1,0.0,0.143011,1,0.0,0,5,1,18,0.9272,0.47,YELLOW,19,Mumbai
CLM0017923,MUM_06438,Powai,2024-04-18,9,0,1,1,1,0,1,1,1,1,0.0,0.027042,1,0.0,1,5,1,18,0.8573,0.7294,RED,38,Mumbai
CLM0017924,MUM_05003,Lower Parel,2024-10-20,10,0,1,1,1,1,0,0,0,0,0.0,1.0,0,0.0,0,5,0,18,0.488,0.5053,YELLOW,47,Mumbai
CLM0017925,MUM_01346,Bandra,2022-08-18,7,0,1,1,1,1,1,1,1,1,0.0,1.0,0,1.0,0,5,0,18,0.25,0.7753,RED,41,Mumbai
CLM0017926,MUM_01852,Dadar,2023-12-16,7,0,1,1,1,1,1,1,0,0,0.0,0.040783,0,0.0,1,5,2,18,0.262,0.6463,RED,50,Mumbai
CLM0017927,MUM_04385,Chembur,2023-09-20,8,0,1,1,0,0,0,0,0,0,0.0,0.406702,0,0.0,0,420,0,2,0.98,0.4885,YELLOW,32,Mumbai
CLM0017928,MUM_01352,Thane,2020-12-11,16,0,1,1,0,0,0,0,0,0,1.0,0.056399,0,0.0,0,82,1,2,0.6849,0.7079,RED,43,Mumbai
CLM0017929,MUM_01380,Bandra,2024-10-31,17,0,1,1,0,1,0,1,1,1,1.0,0.977846,0,1.0,0,8,2,9,0.1458,0.522,YELLOW,45,Mumbai
CLM0017930,MUM_00853,Lower Parel,2025-11-17,17,0,0,0,0,0,0,0,0,0,0.0,0.045963,0,0.0,0,281,0,1,0.4941,0.0435,GREEN,60,Mumbai
CLM0017931,MUM_02884,Chembur,2025-04-05,15,0,0,0,0,0,0,0,0,0,0.0,0.244975,0,0.0,0,111,4,4,0.9493,0.0649,GREEN,52,Mumbai
CLM0017932,MUM_05585,Bandra,2024-11-21,15,0,1,1,0,0,0,0,0,0,0.0,0.073778,0,0.0,0,202,1,2,0.7747,0.0125,GREEN,28,Mumbai
CLM0017933,MUM_03106,Chembur,2024-12-18,15,0,0,0,0,0,0,0,0,0,0.0,0.085697,0,0.0,0,383,2,3,0.6573,0.0,GREEN,63,Mumbai
CLM0017934,MUM_00811,Vashi,2025-05-16,8,0,0,0,0,0,1,0,0,0,0.0,0.416188,0,0.0,0,69,3,0,0.05,0.1289,GREEN,49,Mumbai
CLM0017935,MUM_00435,Lower Parel,2025-12-25,14,0,0,0,0,0,0,0,0,0,0.0,0.188029,0,0.0,1,420,0,1,0.9516,0.0353,GREEN,47,Mumbai
CLM0017936,MUM_06842,Andheri,2024-10-08,12,0,0,0,0,0,0,0,0,0,0.0,0.053456,0,0.0,0,232,3,0,0.6661,0.0441,GREEN,37,Mumbai
CLM0017937,MUM_04216,Andheri,2025-04-13,11,0,0,0,0,0,0,0,0,0,0.0,0.190329,0,0.0,0,240,0,0,0.1844,0.0,GREEN,48,Mumbai
CLM0017938,MUM_03970,Dadar,2025-01-08,12,0,0,0,0,0,0,0,0,0,0.0,0.270964,0,0.0,0,287,2,4,0.5252,0.0,GREEN,30,Mumbai
CLM0017939,MUM_04428,Andheri,2025-05-19,11,0,0,0,1,0,0,0,0,0,0.0,0.106908,0,0.0,0,81,3,2,0.8332,0.2277,GREEN,34,Mumbai
CLM0017940,MUM_08307,Andheri,2024-09-30,15,0,0,0,0,0,0,0,0,0,0.0,0.369899,0,0.0,0,39,0,0,0.706,0.0,GREEN,31,Mumbai
CLM0017941,MUM_05321,Dadar,2024-10-12,16,0,0,0,0,0,0,0,0,0,0.0,0.196171,0,0.0,0,159,3,2,0.1394,0.1075,GREEN,34,Mumbai
CLM0017942,MUM_09473,Borivali,2024-05-06,9,0,0,0,0,0,0,0,0,0,0.0,0.046965,0,0.0,0,420,3,4,0.6615,0.0206,GREEN,49,Mumbai
CLM0017943,MUM_08537,Powai,2025-07-16,7,0,0,0,0,0,0,0,0,0,0.0,0.316582,0,0.0,0,359,2,4,0.536,0.1128,GREEN,30,Mumbai
CLM0017944,MUM_04886,Lower Parel,2023-11-02,16,0,0,0,1,0,0,0,0,0,1.0,0.214906,0,0.0,0,173,0,0,0.9052,0.2122,GREEN,38,Mumbai
CLM0017945,MUM_02819,Powai,2025-01-30,7,0,0,0,0,0,0,0,0,0,1.0,0.233565,0,0.0,0,322,4,0,0.6784,0.0955,GREEN,40,Mumbai
CLM0017946,MUM_06180,Bandra,2024-01-25,13,0,1,1,0,0,0,0,0,0,0.0,0.210346,0,0.0,0,226,0,4,0.5984,0.0,GREEN,35,Mumbai
CLM0017947,MUM_09107,Chembur,2025-10-31,19,0,0,0,0,0,0,0,1,0,0.0,0.927748,0,0.0,0,199,1,2,0.9197,0.1401,GREEN,32,Mumbai
CLM0017948,MUM_00128,Andheri,2024-01-01,18,0,0,0,0,0,0,0,0,0,1.0,0.063545,0,0.0,0,165,3,5,0.9482,0.095,GREEN,55,Mumbai
CLM0017949,MUM_07489,Lower Parel,2025-10-28,21,0,0,0,0,0,0,0,0,0,0.0,0.0,1,0.0,0,275,3,3,0.05,0.1134,GREEN,44,Mumbai
CLM0017950,MUM_07216,Chembur,2024-01-18,9,0,0,0,0,0,0,0,0,0,0.0,0.092145,0,0.0,0,50,4,4,0.5842,0.0,GREEN,36,Mumbai
CLM0017951,MUM_01401,Chembur,2024-12-08,13,0,0,0,0,0,0,0,1,0,0.0,0.309087,0,0.0,0,139,4,2,0.5012,0.077,GREEN,40,Mumbai
CLM0017952,MUM_06303,Andheri,2021-07-20,11,0,0,0,0,0,0,0,1,0,0.0,0.210423,0,1.0,0,420,1,4,0.7524,0.148,GREEN,54,Mumbai
CLM0017953,MUM_06381,Powai,2021-05-22,14,0,0,0,1,0,0,0,0,0,1.0,0.026458,0,0.0,0,306,3,5,0.5809,0.19,GREEN,26,Mumbai
CLM0017954,MUM_06883,Vashi,2022-10-06,20,0,1,1,0,0,0,0,0,0,0.0,0.360732,0,0.0,0,398,2,4,0.0736,0.1137,GREEN,61,Mumbai
CLM0017955,MUM_00801,Chembur,2020-08-31,17,0,0,0,1,1,0,0,1,1,1.0,0.014875,1,1.0,1,5,4,18,0.7415,0.014,GREEN,35,Mumbai
CLM0017956,MUM_07219,Vashi,2024-11-07,17,0,0,0,0,0,0,0,1,0,0.0,0.232892,0,0.0,0,264,3,6,0.619,0.1535,GREEN,43,Mumbai
CLM0017957,MUM_05063,Dadar,2025-12-21,18,0,0,0,0,0,0,0,0,0,0.0,0.368605,0,0.0,0,74,1,0,0.6543,0.0,GREEN,38,Mumbai
CLM0017958,MUM_09991,Powai,2018-08-11,7,0,0,0,0,0,0,0,0,0,0.0,0.094726,0,0.0,0,208,3,2,0.5634,0.0,GREEN,38,Mumbai
CLM0017959,MUM_06040,Ghatkopar,2019-06-10,7,0,0,0,0,0,0,1,0,0,0.0,0.219264,0,0.0,0,420,2,1,0.4752,0.0,GREEN,42,Mumbai
CLM0017960,MUM_04631,Borivali,2021-11-06,12,0,0,0,0,0,1,0,0,0,0.0,0.0,0,0.0,0,187,3,3,0.1183,0.0245,GREEN,46,Mumbai
CLM0017961,MUM_05604,Powai,2021-02-05,14,0,0,0,0,0,0,0,0,0,0.0,0.352273,0,0.0,0,88,2,6,0.5855,0.0,GREEN,18,Mumbai
CLM0017962,MUM_02585,Lower Parel,2018-10-22,18,0,0,0,0,0,0,0,0,0,0.0,0.158306,0,0.0,0,191,1,4,0.6665,0.0,GREEN,49,Mumbai
CLM0017963,MUM_01041,Powai,2022-03-14,17,0,0,0,0,0,0,0,0,0,0.0,0.434791,0,0.0,1,214,0,2,0.05,0.0508,GREEN,42,Mumbai
CLM0017964,MUM_00158,Lower Parel,2021-09-09,14,0,0,0,0,1,0,0,1,0,1.0,0.161895,0,0.0,0,279,4,5,0.8546,0.4235,YELLOW,35,Mumbai
CLM0017965,MUM_00759,Lower Parel,2019-05-15,7,0,0,0,0,0,0,0,0,0,0.0,0.189866,0,0.0,0,287,1,6,0.6768,0.0872,GREEN,42,Mumbai
CLM0017966,MUM_00406,Powai,2021-05-31,19,0,0,0,0,0,0,0,0,0,0.0,0.269837,0,0.0,0,104,3,5,0.3933,0.0673,GREEN,51,Mumbai
CLM0017967,MUM_02171,Andheri,2025-10-23,21,0,0,0,0,0,0,0,0,0,0.0,0.201455,0,0.0,0,398,0,2,0.5841,0.0847,GREEN,35,Mumbai
CLM0017968,MUM_00196,Borivali,2020-07-14,7,0,0,0,1,0,0,0,0,0,0.0,0.2522,0,0.0,0,204,2,0,0.98,0.1432,GREEN,39,Mumbai
CLM0017969,MUM_02581,Powai,2018-08-30,8,0,0,0,0,0,0,0,0,1,0.0,0.221538,0,0.0,0,374,3,0,0.5491,0.0981,GREEN,56,Mumbai
CLM0017970,MUM_04275,Andheri,2019-04-16,16,0,0,0,0,0,0,0,0,0,0.0,0.098127,0,0.0,1,312,0,0,0.9088,0.1156,GREEN,38,Mumbai
CLM0017971,MUM_04461,Andheri,2018-09-07,9,0,0,0,0,0,0,0,0,0,1.0,1.0,0,0.0,0,112,2,2,0.5201,0.1672,GREEN,47,Mumbai
CLM0017972,MUM_04629,Andheri,2019-08-26,7,0,0,0,0,0,0,0,0,1,0.0,0.138463,0,0.0,0,307,3,6,0.7374,0.0518,GREEN,27,Mumbai
CLM0017973,MUM_09377,Lower Parel,2019-06-05,15,0,0,0,0,0,0,0,0,0,1.0,0.336223,0,0.0,0,70,1,1,0.7961,0.1131,GREEN,36,Mumbai
CLM0017974,MUM_09299,Thane,2022-12-25,7,0,0,0,0,0,0,0,0,1,0.0,0.969362,0,0.0,0,420,4,4,0.8251,0.0641,GREEN,30,Mumbai
CLM0017975,MUM_07370,Lower Parel,2025-01-25,12,0,0,0,0,0,0,0,0,0,0.0,0.086761,0,0.0,0,42,4,3,0.6859,0.0293,GREEN,35,Mumbai
CLM0017976,MUM_04806,Vashi,2023-12-21,10,0,1,1,0,0,0,0,0,0,0.0,0.032,1,1.0,0,319,1,2,0.8144,0.0218,GREEN,37,Mumbai
CLM0017977,MUM_09457,Dadar,2024-02-05,21,0,0,0,0,0,0,0,0,0,0.0,1.0,0,0.0,0,298,4,4,0.8852,0.0521,GREEN,28,Mumbai
CLM0017978,MUM_07713,Andheri,2024-06-30,21,0,0,0,0,0,0,0,0,0,0.0,0.320411,0,0.0,0,326,1,3,0.8003,0.0,GREEN,51,Mumbai
CLM0017979,MUM_07270,Dadar,2025-10-14,16,0,0,0,0,0,0,0,0,0,0.0,0.213586,0,0.0,0,380,4,3,0.98,0.0,GREEN,20,Mumbai
CLM0017980,MUM_02645,Thane,2024-08-05,13,0,0,0,0,1,1,0,0,0,0.0,0.496404,0,0.0,0,20,1,3,0.5138,0.0803,GREEN,33,Mumbai
CLM0017981,MUM_04514,Thane,2024-10-12,17,0,0,0,0,0,0,0,0,0,0.0,0.083633,0,0.0,0,138,2,1,0.909,0.0238,GREEN,25,Mumbai
CLM0017982,MUM_07439,Powai,2025-05-30,11,0,0,0,0,0,0,1,0,0,0.0,0.0,0,0.0,0,420,1,0,0.98,0.1507,GREEN,35,Mumbai
CLM0017983,MUM_03693,Chembur,2019-08-09,7,0,0,0,0,0,0,0,0,0,0.0,0.257321,0,0.0,0,29,1,2,0.9172,0.034,GREEN,39,Mumbai
CLM0017984,MUM_02763,Bandra,2022-01-28,13,0,0,0,0,0,0,0,0,0,0.0,0.120266,0,0.0,0,321,3,5,0.5306,0.1287,GREEN,42,Mumbai
CLM0017985,MUM_02112,Dadar,2021-04-21,16,0,0,0,0,0,0,0,0,0,0.0,0.362865,0,0.0,0,91,4,5,0.9603,0.0619,GREEN,39,Mumbai
CLM0017986,MUM_06865,Chembur,2019-09-23,11,0,0,0,0,0,1,0,0,0,0.0,0.405828,0,0.0,0,27,0,5,0.5239,0.2043,GREEN,26,Mumbai
CLM0017987,MUM_09747,Dadar,2025-05-08,18,0,0,0,0,1,0,0,0,0,0.0,0.095499,0,0.0,0,374,4,0,0.05,0.1229,GREEN,50,Mumbai
CLM0017988,MUM_03129,Bandra,2021-11-30,9,0,0,0,0,0,0,0,0,0,0.0,0.422123,0,0.0,0,345,3,4,0.7751,0.0,GREEN,33,Mumbai
CLM0017989,MUM_04602,Dadar,2021-06-08,17,0,0,0,0,0,0,0,0,0,0.0,0.094877,0,0.0,0,420,2,6,0.8855,0.0167,GREEN,18,Mumbai
CLM0017990,MUM_04898,Borivali,2025-01-31,16,0,0,0,0,0,0,0,0,0,0.0,0.296038,0,0.0,0,229,4,5,0.6648,0.0,GREEN,41,Mumbai
CLM0017991,MUM_06055,Lower Parel,2020-09-10,13,0,1,1,0,0,1,0,0,0,0.0,0.154684,0,0.0,0,225,3,7,0.6403,0.0768,GREEN,54,Mumbai
CLM0017992,MUM_08308,Vashi,2025-02-25,17,0,0,0,0,0,0,0,1,0,0.0,0.208029,1,0.0,0,263,1,4,0.685,0.2169,GREEN,49,Mumbai
CLM0017993,MUM_08494,Borivali,2020-06-13,12,0,0,0,0,0,0,0,0,0,0.0,0.03127,0,0.0,0,86,1,5,0.1171,0.0,GREEN,56,Mumbai
CLM0017994,MUM_07219,Vashi,2024-10-06,10,0,1,1,1,0,0,0,0,0,0.0,0.31117,0,0.0,0,420,0,0,0.0714,0.4378,YELLOW,43,Mumbai
CLM0017995,MUM_03367,Vashi,2025-10-06,13,0,1,1,1,1,0,0,1,1,1.0,0.081265,1,1.0,1,64,0,18,0.8996,0.8511,RED,48,Mumbai
CLM0017996,MUM_02964,Andheri,2025-11-29,16,0,1,1,1,0,0,1,0,1,1.0,0.051179,0,1.0,0,5,1,18,0.2445,0.5035,YELLOW,39,Mumbai
CLM0017997,MUM_01244,Powai,2025-05-28,11,0,1,1,1,1,0,1,1,0,1.0,0.283835,0,1.0,1,7,0,18,0.3693,0.527,YELLOW,38,Mumbai
CLM0017998,MUM_05984,Chembur,2025-07-13,21,0,1,1,1,0,1,1,0,0,0.0,0.02272,1,1.0,0,23,2,18,0.2938,0.6061,YELLOW,44,Mumbai
CLM0017999,MUM_09485,Dadar,2024-12-23,20,0,1,1,0,0,1,1,0,0,1.0,0.162692,0,0.0,0,415,0,3,0.3496,0.7701,RED,43,Mumbai
CLM0018000,MUM_09435,Borivali,2025-09-02,13,0,1,1,1,1,0,0,1,0,0.0,0.157066,0,0.0,0,10,0,18,0.7642,0.5292,YELLOW,51,Mumbai
CLM0018001,MUM_00644,Powai,2024-10-29,11,0,1,1,0,0,1,1,1,1,1.0,0.9908,1,0.0,0,5,1,18,0.0871,0.6078,YELLOW,34,Mumbai
CLM0018002,MUM_09105,Ghatkopar,2023-09-14,12,0,0,0,0,0,0,0,0,0,1.0,1.0,0,1.0,0,189,4,2,0.6536,0.0,GREEN,48,Mumbai
CLM0018003,MUM_03035,Dadar,2021-12-29,21,0,0,0,0,0,0,0,0,0,0.0,0.48537,1,0.0,0,239,0,4,0.8988,0.0883,GREEN,48,Mumbai
CLM0018004,MUM_05976,Dadar,2025-06-15,12,0,0,0,0,0,1,0,0,0,0.0,1.0,0,0.0,0,368,0,0,0.8187,0.1566,GREEN,36,Mumbai
CLM0018005,MUM_05266,Powai,2025-06-05,17,0,0,0,0,0,0,0,0,0,0.0,0.097735,0,0.0,0,154,1,2,0.2992,0.0229,GREEN,42,Mumbai
CLM0018006,MUM_07116,Vashi,2023-02-19,18,0,0,0,1,0,0,0,0,1,0.0,0.197846,0,0.0,0,158,2,1,0.8811,0.1858,GREEN,41,Mumbai
CLM0018007,MUM_02418,Vashi,2025-12-06,14,0,0,0,0,0,1,0,0,0,1.0,0.1749,0,0.0,0,157,4,4,0.609,0.2299,GREEN,41,Mumbai
CLM0018008,MUM_05705,Bandra,2025-09-25,17,0,0,0,0,0,0,0,0,0,0.0,0.232091,0,0.0,0,316,0,3,0.848,0.0,GREEN,18,Mumbai
CLM0018009,MUM_04213,Chembur,2025-01-23,18,0,1,1,0,0,0,0,0,0,0.0,0.22119,0,0.0,0,420,3,2,0.6421,0.025,GREEN,30,Mumbai
CLM0018010,MUM_04893,Borivali,2021-05-26,13,0,0,0,0,0,0,0,0,0,0.0,0.347801,0,0.0,0,148,2,6,0.544,0.0854,GREEN,48,Mumbai
CLM0018011,MUM_07026,Borivali,2025-08-16,18,0,0,0,0,0,0,0,0,0,0.0,0.215435,0,0.0,0,293,2,2,0.5646,0.0,GREEN,45,Mumbai
CLM0018012,MUM_05946,Dadar,2022-02-04,10,0,0,0,0,0,0,0,0,0,0.0,0.071851,0,0.0,0,420,4,3,0.7844,0.0,GREEN,61,Mumbai
CLM0018013,MUM_03112,Chembur,2022-10-21,12,0,0,0,0,0,0,0,1,0,0.0,0.291455,0,0.0,0,75,4,2,0.7865,0.1091,GREEN,38,Mumbai
CLM0018014,MUM_04596,Ghatkopar,2024-03-18,19,0,0,0,0,0,0,0,0,0,0.0,0.081885,0,0.0,0,201,2,1,0.6033,0.0,GREEN,43,Mumbai
CLM0018015,MUM_01513,Powai,2024-02-23,20,0,0,0,0,0,0,0,0,1,0.0,0.028828,0,0.0,0,346,4,3,0.98,0.1135,GREEN,54,Mumbai
CLM0018016,MUM_05042,Dadar,2023-08-25,18,0,1,1,1,0,0,0,0,0,0.0,0.472004,0,0.0,0,261,3,2,0.8674,0.1289,GREEN,50,Mumbai
CLM0018017,MUM_06260,Ghatkopar,2023-11-13,10,0,0,0,0,0,0,0,1,0,0.0,0.018678,0,0.0,0,120,1,3,0.8204,0.1104,GREEN,37,Mumbai
CLM0018018,MUM_00968,Borivali,2024-08-08,19,0,0,0,1,1,0,0,1,1,1.0,0.004395,1,1.0,1,5,2,18,0.644,0.1005,GREEN,41,Mumbai
CLM0018019,MUM_08549,Ghatkopar,2025-11-22,18,0,0,0,0,0,0,0,0,0,0.0,0.171636,0,0.0,0,150,1,6,0.59,0.0,GREEN,50,Mumbai
CLM0018020,MUM_01665,Vashi,2025-01-02,10,0,0,0,0,0,0,0,1,0,0.0,0.338483,0,0.0,0,141,1,0,0.7298,0.2012,GREEN,53,Mumbai
CLM0018021,MUM_08605,Bandra,2020-12-13,18,0,1,1,1,1,1,1,0,1,0.0,0.06749,1,0.0,1,5,0,12,0.8652,0.8308,RED,31,Mumbai
CLM0018022,MUM_01485,Dadar,2021-05-27,9,0,1,1,1,0,0,1,1,0,1.0,1.0,0,1.0,1,15,1,18,0.4297,0.4736,YELLOW,31,Mumbai
CLM0018023,MUM_05946,Dadar,2018-06-05,14,0,1,1,1,1,0,1,0,1,1.0,1.0,0,1.0,0,7,0,18,0.9362,0.7487,RED,61,Mumbai
CLM0018024,MUM_01933,Dadar,2025-01-17,12,0,1,1,0,0,0,0,0,0,0.0,0.25719,0,0.0,0,319,0,1,0.6251,0.7298,RED,42,Mumbai
CLM0018025,MUM_07601,Lower Parel,2020-06-09,12,0,1,1,1,1,0,1,1,1,0.0,0.949118,0,1.0,0,5,0,18,0.2595,0.7404,RED,50,Mumbai
CLM0018026,MUM_08031,Lower Parel,2025-05-26,15,0,1,1,1,1,0,1,0,1,0.0,0.189293,0,0.0,0,25,0,18,0.9059,0.5054,YELLOW,50,Mumbai
CLM0018027,MUM_04569,Dadar,2024-01-20,8,0,1,1,1,1,0,1,1,0,0.0,1.0,1,0.0,1,5,2,18,0.1205,0.5807,YELLOW,41,Mumbai
CLM0018028,MUM_02191,Thane,2025-03-03,10,0,0,0,0,0,0,0,0,0,0.0,0.0,0,0.0,0,53,4,6,0.6655,0.0,GREEN,46,Mumbai
CLM0018029,MUM_08497,Chembur,2024-12-13,10,0,0,0,0,0,1,0,0,0,0.0,0.172821,0,0.0,0,195,1,0,0.1265,0.0696,GREEN,29,Mumbai
CLM0018030,MUM_01099,Andheri,2025-08-11,8,0,0,0,0,0,1,0,0,1,0.0,0.109455,0,0.0,0,167,0,2,0.5574,0.2489,GREEN,25,Mumbai
CLM0018031,MUM_07105,Lower Parel,2024-10-28,11,0,0,0,0,0,0,0,0,0,0.0,0.131742,0,0.0,0,420,1,2,0.6009,0.0404,GREEN,45,Mumbai
CLM0018032,MUM_03170,Andheri,2024-04-19,14,0,0,0,0,0,0,1,0,0,0.0,0.178643,0,1.0,0,420,1,3,0.6445,0.0,GREEN,36,Mumbai
CLM0018033,MUM_04883,Chembur,2023-06-12,7,0,0,0,0,0,0,0,0,0,0.0,0.023828,0,0.0,0,264,2,0,0.7196,0.0818,GREEN,40,Mumbai
CLM0018034,MUM_05253,Chembur,2025-02-15,18,0,0,0,0,0,1,0,0,0,0.0,0.340647,0,0.0,0,135,2,0,0.6938,0.132,GREEN,24,Mumbai
CLM0018035,MUM_06914,Lower Parel,2025-04-08,15,0,0,0,0,0,0,0,0,0,0.0,0.285977,0,0.0,0,290,0,5,0.5815,0.0,GREEN,57,Mumbai
CLM0018036,MUM_01766,Powai,2024-08-19,12,0,0,0,0,0,0,1,0,0,0.0,0.283189,0,1.0,0,273,3,6,0.4805,0.11,GREEN,29,Mumbai
CLM0018037,MUM_05310,Andheri,2025-05-15,17,0,0,0,0,0,0,0,0,0,0.0,0.347493,0,0.0,0,13,3,0,0.98,0.0,GREEN,25,Mumbai
CLM0018038,MUM_07031,Powai,2024-06-24,7,0,0,0,0,0,0,0,0,0,0.0,0.427053,0,0.0,0,107,3,2,0.7664,0.0,GREEN,40,Mumbai
CLM0018039,MUM_02627,Andheri,2025-04-17,21,0,0,0,0,0,0,0,0,0,0.0,0.0,0,0.0,0,391,2,4,0.1479,0.0,GREEN,31,Mumbai
CLM0018040,MUM_02398,Bandra,2025-03-17,7,0,0,0,0,0,1,0,0,0,0.0,0.032989,0,0.0,0,378,3,2,0.8711,0.0791,GREEN,36,Mumbai
CLM0018041,MUM_09310,Vashi,2025-05-13,21,0,0,0,0,0,0,0,0,0,1.0,0.346458,0,0.0,0,151,4,4,0.98,0.0317,GREEN,38,Mumbai
CLM0018042,MUM_07543,Ghatkopar,2025-01-30,9,0,0,0,0,0,0,0,0,0,0.0,0.243188,0,0.0,0,180,0,2,0.5014,0.0,GREEN,56,Mumbai
CLM0018043,MUM_02386,Bandra,2025-05-08,13,0,0,0,0,0,0,0,0,0,1.0,0.120792,0,0.0,0,407,2,0,0.9573,0.0725,GREEN,34,Mumbai
CLM0018044,MUM_01011,Dadar,2025-04-21,13,0,0,0,0,0,1,1,0,0,0.0,0.0108,0,0.0,0,266,3,3,0.4985,0.2133,GREEN,46,Mumbai
CLM0018045,MUM_00066,Andheri,2023-03-13,16,0,0,0,0,0,1,0,0,0,1.0,0.140242,0,0.0,0,363,0,2,0.98,0.1188,GREEN,39,Mumbai
CLM0018046,MUM_05690,Powai,2024-02-21,20,0,0,0,0,0,0,0,0,0,0.0,0.160196,0,0.0,0,316,4,4,0.7992,0.0,GREEN,46,Mumbai
CLM0018047,MUM_06853,Andheri,2024-07-16,10,0,0,0,1,0,1,0,0,0,0.0,0.355001,0,0.0,0,420,0,4,0.671,0.3059,GREEN,33,Mumbai
CLM0018048,MUM_09939,Ghatkopar,2023-04-11,10,0,1,1,0,0,0,0,0,0,0.0,0.173772,0,0.0,0,208,0,1,0.2235,0.0,GREEN,53,Mumbai
CLM0018049,MUM_02949,Borivali,2022-05-24,15,0,0,0,0,0,0,0,0,0,0.0,0.122379,0,0.0,0,197,2,0,0.7665,0.0,GREEN,44,Mumbai
CLM0018050,MUM_05339,Vashi,2025-06-21,16,0,0,0,0,0,0,0,1,0,1.0,1.0,0,0.0,0,205,0,4,0.8726,0.1448,GREEN,55,Mumbai
CLM0018051,MUM_08029,Vashi,2024-04-18,17,0,0,0,0,0,0,0,0,0,0.0,1.0,0,0.0,0,153,2,3,0.282,0.0273,GREEN,62,Mumbai
CLM0018052,MUM_00021,Bandra,2021-02-02,9,0,0,0,0,0,0,0,0,0,0.0,0.14397,0,0.0,0,28,4,2,0.797,0.0,GREEN,43,Mumbai
CLM0018053,MUM_04335,Chembur,2019-07-10,21,0,0,0,0,0,1,0,0,0,0.0,1.0,0,0.0,0,242,1,1,0.4244,0.0726,GREEN,53,Mumbai
CLM0018054,MUM_09150,Vashi,2021-11-03,14,0,0,0,0,0,0,0,0,0,0.0,0.23548,0,0.0,0,197,2,5,0.9794,0.0289,GREEN,19,Mumbai
CLM0018055,MUM_01392,Lower Parel,2020-06-12,19,0,0,0,0,0,0,1,0,0,1.0,0.997755,0,1.0,0,219,4,5,0.4471,0.1586,GREEN,52,Mumbai
CLM0018056,MUM_01078,Dadar,2025-12-11,17,0,0,0,0,0,1,0,0,0,0.0,0.950339,0,0.0,0,147,1,3,0.6939,0.1101,GREEN,47,Mumbai
CLM0018057,MUM_00668,Borivali,2024-11-22,12,0,0,0,0,0,1,0,0,0,0.0,0.22556,0,0.0,0,351,0,1,0.8744,0.0185,GREEN,29,Mumbai
CLM0018058,MUM_02870,Ghatkopar,2024-09-14,11,0,0,0,0,0,0,0,0,0,0.0,0.051041,0,0.0,0,251,0,1,0.719,0.0,GREEN,36,Mumbai
CLM0018059,MUM_06357,Thane,2025-08-16,15,0,0,0,0,0,1,0,1,0,0.0,0.410737,0,0.0,0,57,2,8,0.05,0.1149,GREEN,50,Mumbai
CLM0018060,MUM_01219,Thane,2019-09-11,8,0,0,0,0,0,0,0,0,0,0.0,0.261212,0,0.0,0,120,4,3,0.335,0.0459,GREEN,46,Mumbai
CLM0018061,MUM_03201,Vashi,2020-08-19,12,0,0,0,0,0,0,0,0,0,0.0,0.296865,0,0.0,1,109,4,1,0.715,0.0918,GREEN,52,Mumbai
CLM0018062,MUM_04252,Borivali,2025-05-28,15,0,1,1,0,0,0,0,0,0,1.0,0.023545,0,0.0,0,266,4,2,0.5744,0.1105,GREEN,51,Mumbai
CLM0018063,MUM_03053,Vashi,2022-07-03,9,0,0,0,0,0,1,0,0,0,0.0,0.2532,0,0.0,0,5,1,0,0.8616,0.0,GREEN,34,Mumbai
CLM0018064,MUM_04863,Lower Parel,2024-07-22,10,0,1,1,0,0,0,0,0,0,0.0,0.157722,0,0.0,0,38,2,2,0.98,0.0,GREEN,46,Mumbai
CLM0018065,MUM_09817,Vashi,2022-08-05,15,0,0,0,0,0,1,0,0,0,0.0,0.17808,0,0.0,0,53,1,1,0.1814,0.0,GREEN,36,Mumbai
CLM0018066,MUM_01996,Bandra,2016-03-02,15,0,0,0,0,0,0,0,0,0,0.0,0.330128,0,1.0,0,393,3,4,0.98,0.0728,GREEN,41,Mumbai
CLM0018067,MUM_05530,Lower Parel,2020-07-16,15,0,0,0,0,0,0,0,0,0,0.0,0.460147,0,0.0,0,405,1,2,0.98,0.0,GREEN,47,Mumbai
CLM0018068,MUM_09915,Ghatkopar,2018-09-15,16,0,0,0,0,0,0,0,0,0,0.0,0.111801,0,0.0,0,244,1,1,0.195,0.0,GREEN,49,Mumbai
CLM0018069,MUM_04943,Vashi,2024-06-28,20,0,0,0,0,0,0,0,0,0,1.0,0.383939,0,0.0,0,163,0,3,0.657,0.0,GREEN,57,Mumbai
CLM0018070,MUM_05905,Borivali,2023-08-11,10,0,1,1,0,0,0,0,0,0,0.0,0.171689,0,0.0,0,118,0,2,0.9405,0.16,GREEN,20,Mumbai
CLM0018071,MUM_06435,Dadar,2021-07-05,9,0,0,0,1,0,0,0,0,0,1.0,0.254286,0,0.0,0,263,4,0,0.4838,0.284,GREEN,45,Mumbai
CLM0018072,MUM_06728,Vashi,2024-11-19,20,0,0,0,0,0,0,0,0,0,0.0,0.121018,0,0.0,0,374,2,2,0.5509,0.0712,GREEN,30,Mumbai
CLM0018073,MUM_09947,Lower Parel,2023-09-01,18,0,0,0,0,0,1,0,0,0,0.0,0.039288,0,0.0,0,377,1,1,0.5561,0.1253,GREEN,33,Mumbai
CLM0018074,MUM_01159,Dadar,2022-03-07,19,0,0,0,1,0,0,0,0,0,1.0,0.360725,0,0.0,0,50,0,1,0.7311,0.1774,GREEN,55,Mumbai
CLM0018075,MUM_02325,Lower Parel,2025-01-07,21,0,0,0,0,0,0,0,0,0,0.0,0.0,0,1.0,0,99,4,0,0.7579,0.0,GREEN,45,Mumbai
CLM0018076,MUM_05336,Ghatkopar,2023-12-01,18,0,0,0,0,0,0,0,0,0,0.0,0.375463,0,0.0,0,349,3,0,0.4462,0.0586,GREEN,46,Mumbai
CLM0018077,MUM_09881,Andheri,2025-01-12,12,0,0,0,0,0,0,0,0,0,0.0,0.136301,0,0.0,0,420,1,0,0.5734,0.0765,GREEN,39,Mumbai
CLM0018078,MUM_05657,Lower Parel,2022-03-19,7,0,1,1,0,1,0,0,0,0,0.0,0.263761,0,0.0,0,360,1,4,0.05,0.1176,GREEN,37,Mumbai
CLM0018079,MUM_05868,Chembur,2023-10-02,17,0,0,0,0,0,0,0,0,0,0.0,0.014094,0,0.0,0,407,1,6,0.05,0.0,GREEN,39,Mumbai
CLM0018080,MUM_09507,Andheri,2024-08-20,20,0,0,0,0,0,0,0,0,0,0.0,0.991493,0,0.0,0,420,3,6,0.9325,0.0,GREEN,46,Mumbai
CLM0018081,MUM_01785,Chembur,2024-04-15,21,0,0,0,0,0,0,0,0,0,0.0,0.385924,0,0.0,0,53,2,1,0.5232,0.0074,GREEN,41,Mumbai
CLM0018082,MUM_03731,Vashi,2021-01-18,10,0,0,0,0,1,0,0,0,0,0.0,0.268529,0,0.0,0,417,3,3,0.1138,0.1058,GREEN,34,Mumbai
CLM0018083,MUM_02052,Bandra,2018-07-12,19,0,0,0,0,0,1,1,0,0,0.0,0.247631,1,0.0,0,112,4,0,0.1255,0.1888,GREEN,54,Mumbai
CLM0018084,MUM_01174,Thane,2019-08-14,8,0,0,0,0,0,1,0,0,0,0.0,0.259387,0,0.0,0,350,1,3,0.98,0.0848,GREEN,34,Mumbai
CLM0018085,MUM_01600,Chembur,2025-06-16,16,0,0,0,0,0,0,0,0,0,0.0,0.292907,1,0.0,0,80,0,6,0.9503,0.0586,GREEN,48,Mumbai
CLM0018086,MUM_06694,Powai,2022-07-30,11,0,0,0,0,0,0,0,0,0,0.0,0.0,0,0.0,0,40,4,2,0.7236,0.0,GREEN,40,Mumbai
CLM0018087,MUM_08661,Andheri,2016-06-01,17,0,0,0,0,0,0,0,0,0,0.0,0.251375,0,1.0,0,125,4,1,0.5975,0.0,GREEN,19,Mumbai
CLM0018088,MUM_05449,Vashi,2023-06-09,16,0,0,0,0,0,0,1,0,0,0.0,0.295975,0,0.0,0,254,2,2,0.05,0.036,GREEN,44,Mumbai
CLM0018089,MUM_00450,Bandra,2023-07-16,13,0,0,0,0,0,0,0,0,0,0.0,0.333464,0,0.0,0,169,2,1,0.5743,0.0,GREEN,34,Mumbai
CLM0018090,MUM_07466,Borivali,2019-12-04,7,0,0,0,0,0,0,1,0,0,0.0,0.161828,0,0.0,0,104,2,1,0.1433,0.1271,GREEN,42,Mumbai
CLM0018091,MUM_03359,Vashi,2021-09-14,8,0,0,0,0,0,1,0,0,1,0.0,0.090079,0,0.0,0,277,2,5,0.6364,0.2961,GREEN,50,Mumbai
CLM0018092,MUM_02712,Powai,2024-10-02,16,0,1,1,0,0,0,0,0,0,0.0,0.41529,0,0.0,1,311,2,4,0.6348,0.19,GREEN,39,Mumbai
CLM0018093,MUM_08529,Vashi,2021-04-02,12,0,0,0,0,0,0,0,0,0,0.0,0.227121,0,0.0,0,402,2,0,0.707,0.0928,GREEN,20,Mumbai
CLM0018094,MUM_00885,Powai,2024-06-05,16,0,0,0,0,0,0,0,0,0,0.0,0.25962,0,0.0,0,269,2,0,0.8907,0.0,GREEN,25,Mumbai
CLM0018095,MUM_03078,Lower Parel,2019-10-27,18,0,0,0,0,0,0,0,0,0,1.0,0.495013,0,0.0,0,420,0,2,0.5249,0.074,GREEN,56,Mumbai
CLM0018096,MUM_04951,Bandra,2020-01-18,9,0,0,0,0,0,0,0,0,0,0.0,0.0,0,0.0,0,382,0,3,0.5022,0.0,GREEN,18,Mumbai
CLM0018097,MUM_08162,Dadar,2018-02-18,21,0,0,0,0,0,0,0,0,0,0.0,0.071842,0,0.0,0,51,4,2,0.561,0.0,GREEN,47,Mumbai
CLM0018098,MUM_02671,Dadar,2022-10-25,9,0,0,0,0,0,0,0,0,0,0.0,0.332628,0,0.0,0,62,1,0,0.4156,0.0663,GREEN,36,Mumbai
CLM0018099,MUM_05165,Chembur,2022-11-01,21,0,0,0,0,0,0,0,0,0,0.0,0.31769,0,0.0,0,405,1,2,0.6392,0.0237,GREEN,44,Mumbai
CLM0018100,MUM_02098,Thane,2025-04-18,21,0,0,0,0,0,1,0,0,0,0.0,0.461015,0,0.0,0,418,0,4,0.2013,0.1513,GREEN,21,Mumbai
CLM0018101,MUM_03393,Thane,2025-02-02,20,0,0,0,0,0,0,0,0,0,0.0,0.344838,0,0.0,0,420,0,1,0.9625,0.0082,GREEN,49,Mumbai
CLM0018102,MUM_00785,Borivali,2022-11-16,15,0,0,0,0,0,0,0,0,0,0.0,0.215032,1,0.0,0,420,0,3,0.6438,0.0978,GREEN,43,Mumbai
CLM0018103,MUM_09425,Vashi,2023-05-22,19,0,0,0,1,0,0,0,0,0,0.0,0.214284,0,0.0,0,374,1,1,0.46,0.1922,GREEN,47,Mumbai
CLM0018104,MUM_05397,Borivali,2022-01-14,19,0,0,0,0,0,0,0,0,0,0.0,0.98744,0,0.0,0,194,3,6,0.5116,0.0,GREEN,36,Mumbai
CLM0018105,MUM_05257,Bandra,2017-08-26,13,0,0,0,0,0,0,0,0,0,0.0,0.32974,0,0.0,0,420,3,2,0.5166,0.0373,GREEN,39,Mumbai
CLM0018106,MUM_00226,Dadar,2024-10-08,9,0,0,0,0,0,0,0,0,0,0.0,0.077144,0,0.0,0,348,4,3,0.3752,0.0221,GREEN,58,Mumbai
CLM0018107,MUM_04026,Borivali,2019-03-25,10,0,1,1,0,0,0,0,0,1,0.0,0.246195,0,0.0,0,284,0,4,0.699,0.1875,GREEN,44,Mumbai
CLM0018108,MUM_03396,Powai,2025-01-07,10,0,0,0,0,0,0,0,0,0,1.0,0.233341,0,0.0,0,54,2,3,0.6655,0.1119,GREEN,29,Mumbai
CLM0018109,MUM_08368,Vashi,2020-04-29,14,0,0,0,0,0,0,0,0,0,0.0,0.0,0,0.0,0,345,1,4,0.2391,0.0,GREEN,31,Mumbai
CLM0018110,MUM_05186,Chembur,2023-05-01,20,0,0,0,0,0,0,0,0,0,0.0,0.113894,0,1.0,0,125,1,0,0.05,0.0546,GREEN,49,Mumbai
CLM0018111,MUM_06138,Thane,2025-03-24,11,0,0,0,0,0,0,0,1,1,0.0,0.1682,0,1.0,0,387,0,0,0.586,0.2063,GREEN,26,Mumbai
CLM0018112,MUM_01728,Dadar,2025-03-25,14,0,0,0,0,0,0,1,1,0,1.0,0.923889,0,1.0,0,5,2,18,0.05,0.2318,GREEN,67,Mumbai
CLM0018113,MUM_07644,Borivali,2024-09-30,20,0,0,0,0,0,1,1,1,1,0.0,0.092131,0,0.0,0,5,1,18,0.9438,0.0,GREEN,52,Mumbai
CLM0018114,MUM_05201,Powai,2025-05-28,20,0,0,0,0,0,0,0,0,0,0.0,0.435203,0,0.0,0,396,4,3,0.5052,0.0674,GREEN,36,Mumbai
CLM0018115,MUM_07302,Chembur,2024-08-18,12,0,0,0,0,0,0,0,0,0,0.0,0.088929,0,0.0,0,413,0,7,0.0714,0.0422,GREEN,38,Mumbai
CLM0018116,MUM_00962,Andheri,2025-02-07,20,0,0,0,0,0,0,0,0,0,1.0,0.309611,1,0.0,0,96,2,0,0.8971,0.1551,GREEN,61,Mumbai
CLM0018117,MUM_05095,Dadar,2024-03-25,19,0,0,0,0,0,0,0,0,0,1.0,0.998272,0,1.0,0,342,3,3,0.6184,0.0,GREEN,42,Mumbai
CLM0018118,MUM_06058,Dadar,2024-07-11,17,0,0,0,0,0,0,0,0,0,0.0,0.0,0,0.0,0,32,4,5,0.605,0.0,GREEN,30,Mumbai
CLM0018119,MUM_09625,Chembur,2025-08-24,9,0,0,0,0,0,0,0,0,0,0.0,0.07872,0,0.0,0,246,3,1,0.8953,0.0,GREEN,50,Mumbai
CLM0018120,MUM_04370,Borivali,2024-09-21,9,0,0,0,0,0,0,0,0,0,0.0,0.366303,0,0.0,0,154,3,6,0.7834,0.031,GREEN,69,Mumbai
CLM0018121,MUM_01931,Vashi,2024-11-06,14,0,0,0,0,0,0,0,0,0,0.0,0.283172,0,0.0,0,420,4,8,0.6256,0.0,GREEN,46,Mumbai
CLM0018122,MUM_04611,Dadar,2024-05-24,10,0,0,0,0,0,0,0,0,0,1.0,0.993878,0,1.0,0,84,4,3,0.8089,0.0,GREEN,36,Mumbai
CLM0018123,MUM_05067,Borivali,2022-06-11,11,0,0,0,0,0,1,0,0,0,1.0,0.885127,0,0.0,0,173,4,1,0.8727,0.2356,GREEN,47,Mumbai
CLM0018124,MUM_08505,Lower Parel,2021-06-24,7,0,0,0,0,0,0,0,0,0,0.0,0.225029,0,0.0,0,64,3,6,0.5974,0.0,GREEN,49,Mumbai
CLM0018125,MUM_06976,Borivali,2018-06-28,9,0,0,0,0,1,0,0,0,0,1.0,0.300849,0,0.0,0,343,4,3,0.98,0.2206,GREEN,23,Mumbai
CLM0018126,MUM_07719,Andheri,2020-08-03,20,0,0,0,0,0,0,0,1,0,0.0,0.187293,0,0.0,0,227,4,1,0.6581,0.0213,GREEN,33,Mumbai
CLM0018127,MUM_00252,Dadar,2017-03-05,15,0,0,0,0,0,0,1,0,0,1.0,0.304869,0,0.0,0,388,4,2,0.5164,0.1205,GREEN,39,Mumbai
CLM0018128,MUM_00932,Andheri,2024-09-03,15,0,0,0,1,0,0,0,0,0,0.0,0.247476,0,0.0,0,176,0,4,0.98,0.2544,GREEN,55,Mumbai
CLM0018129,MUM_00637,Ghatkopar,2025-02-14,17,0,0,0,1,0,0,0,0,0,0.0,0.035621,0,0.0,0,198,4,0,0.7042,0.1012,GREEN,44,Mumbai
CLM0018130,MUM_05396,Dadar,2018-02-07,11,0,0,0,0,1,0,0,0,0,0.0,0.319577,0,0.0,0,177,0,2,0.7334,0.1686,GREEN,47,Mumbai
CLM0018131,MUM_09608,Andheri,2018-09-01,14,0,0,0,0,0,1,0,0,0,0.0,0.054805,0,0.0,0,405,4,5,0.722,0.1333,GREEN,48,Mumbai
CLM0018132,MUM_00286,Andheri,2024-07-30,16,0,1,1,0,0,0,0,0,0,1.0,0.944316,0,1.0,0,420,1,1,0.7462,0.0,GREEN,58,Mumbai
CLM0018133,MUM_09144,Dadar,2022-03-16,13,0,0,0,0,0,0,0,0,0,0.0,0.310685,0,0.0,0,134,2,3,0.5394,0.0,GREEN,41,Mumbai
CLM0018134,MUM_06212,Powai,2020-10-13,7,0,0,0,0,0,0,0,0,0,0.0,0.122394,0,0.0,0,254,0,2,0.8546,0.0486,GREEN,45,Mumbai
CLM0018135,MUM_07383,Thane,2025-09-09,18,0,0,0,0,0,0,0,0,0,0.0,0.013076,0,0.0,0,204,1,2,0.4951,0.0792,GREEN,49,Mumbai
CLM0018136,MUM_00688,Andheri,2020-05-03,17,0,0,0,1,1,0,0,0,0,0.0,0.328406,0,0.0,0,43,2,5,0.2093,0.296,GREEN,36,Mumbai
CLM0018137,MUM_04261,Borivali,2016-11-10,13,0,0,0,0,0,1,0,0,0,0.0,0.239841,0,0.0,1,5,1,3,0.7482,0.1683,GREEN,46,Mumbai
CLM0018138,MUM_08619,Lower Parel,2018-08-30,21,0,0,0,0,0,0,0,0,0,0.0,0.446697,0,0.0,0,135,2,3,0.8885,0.0542,GREEN,55,Mumbai
CLM0018139,MUM_09432,Borivali,2020-07-04,21,0,0,0,0,0,0,0,0,0,0.0,1.0,0,0.0,0,148,4,6,0.656,0.0,GREEN,45,Mumbai
CLM0018140,MUM_00333,Vashi,2025-03-15,8,0,0,0,0,0,0,0,0,0,1.0,0.0,1,0.0,1,379,3,1,0.0599,0.2328,GREEN,33,Mumbai
CLM0018141,MUM_04404,Thane,2024-06-11,9,0,0,0,0,0,0,0,1,0,0.0,0.160747,0,0.0,0,420,3,2,0.9128,0.066,GREEN,54,Mumbai
CLM0018142,MUM_02501,Thane,2021-08-27,17,0,0,0,0,0,0,0,0,0,0.0,0.216799,0,0.0,0,66,3,1,0.6837,0.0,GREEN,33,Mumbai
CLM0018143,MUM_00813,Thane,2016-06-20,20,0,0,0,0,0,0,0,0,0,0.0,0.214065,0,0.0,1,5,3,0,0.8126,0.0505,GREEN,51,Mumbai
CLM0018144,MUM_08305,Ghatkopar,2016-03-24,14,0,0,0,1,1,0,1,0,0,0.0,0.273494,0,1.0,0,163,1,0,0.05,0.5322,YELLOW,31,Mumbai
CLM0018145,MUM_09903,Powai,2017-03-17,21,0,0,0,0,0,0,0,0,0,0.0,0.082147,0,0.0,0,173,1,6,0.8333,0.0,GREEN,37,Mumbai
CLM0018146,MUM_08964,Dadar,2024-04-10,10,0,1,1,1,0,0,0,0,0,0.0,1.0,0,0.0,0,129,1,0,0.9615,0.1037,GREEN,26,Mumbai
CLM0018147,MUM_08911,Dadar,2016-08-09,20,0,0,0,0,0,0,0,0,0,0.0,0.30281,0,0.0,0,44,3,0,0.6932,0.0,GREEN,41,Mumbai
CLM0018148,MUM_07224,Lower Parel,2022-01-11,13,0,0,0,0,0,0,0,0,0,0.0,0.276667,0,0.0,0,212,1,4,0.7595,0.0,GREEN,56,Mumbai
CLM0018149,MUM_07726,Vashi,2023-11-16,11,0,0,0,0,0,0,0,0,0,0.0,0.233051,0,0.0,0,106,0,0,0.8448,0.0,GREEN,38,Mumbai
CLM0018150,MUM_08113,Thane,2024-09-10,14,0,0,0,0,0,0,0,0,0,1.0,0.073452,0,0.0,0,314,3,3,0.8845,0.0964,GREEN,37,Mumbai
CLM0018151,MUM_06914,Lower Parel,2025-03-10,19,0,0,0,0,0,0,0,0,0,0.0,0.319614,0,1.0,0,420,2,3,0.4757,0.0347,GREEN,57,Mumbai
CLM0018152,MUM_05704,Lower Parel,2021-09-13,14,0,0,0,0,0,1,0,0,0,0.0,0.32263,0,0.0,0,355,4,3,0.1338,0.1883,GREEN,18,Mumbai
CLM0018153,MUM_04446,Powai,2022-02-06,16,0,0,0,0,0,1,0,0,0,0.0,0.325726,0,0.0,0,360,1,3,0.7947,0.1048,GREEN,67,Mumbai
CLM0018154,MUM_01608,Thane,2023-06-18,10,0,0,0,0,0,0,0,0,0,0.0,0.240531,0,0.0,1,420,2,3,0.2838,0.0701,GREEN,31,Mumbai
CLM0018155,MUM_04450,Chembur,2021-09-26,17,0,0,0,0,0,1,0,1,0,0.0,0.15167,0,0.0,0,6,2,3,0.98,0.1854,GREEN,48,Mumbai
CLM0018156,MUM_05410,Bandra,2022-08-24,17,0,0,0,1,1,0,1,1,1,1.0,1.0,0,1.0,1,5,2,18,0.1401,0.0,GREEN,52,Mumbai
CLM0018157,MUM_03486,Chembur,2025-11-11,21,0,0,0,0,0,0,0,0,0,0.0,1.0,0,0.0,0,200,0,3,0.8554,0.0,GREEN,40,Mumbai
CLM0018158,MUM_02115,Andheri,2024-10-04,7,0,0,0,0,0,0,0,0,0,0.0,1.0,0,0.0,0,420,4,0,0.8023,0.0,GREEN,38,Mumbai
CLM0018159,MUM_08298,Vashi,2023-07-21,11,0,0,0,0,0,0,0,1,0,1.0,0.164826,0,0.0,0,234,2,0,0.7916,0.1451,GREEN,51,Mumbai
CLM0018160,MUM_07654,Chembur,2022-05-25,9,0,0,0,0,0,0,0,0,0,0.0,0.0,0,0.0,0,69,4,4,0.7314,0.0,GREEN,48,Mumbai
CLM0018161,MUM_02089,Powai,2025-06-22,10,0,0,0,0,0,0,0,0,1,0.0,0.394598,0,0.0,0,111,4,2,0.5438,0.1697,GREEN,20,Mumbai
CLM0018162,MUM_05785,Ghatkopar,2025-01-03,14,0,0,0,0,0,0,0,0,0,0.0,0.137968,0,0.0,0,223,4,4,0.8786,0.0,GREEN,37,Mumbai
CLM0018163,MUM_01368,Dadar,2022-11-11,10,0,0,0,0,0,0,0,0,0,1.0,0.062536,0,0.0,0,129,2,1,0.727,0.063,GREEN,51,Mumbai
CLM0018164,MUM_03676,Vashi,2021-07-08,8,0,0,0,0,0,0,0,0,0,1.0,0.263889,0,0.0,0,22,3,1,0.235,0.0601,GREEN,51,Mumbai
CLM0018165,MUM_01738,Thane,2024-01-26,20,0,0,0,1,0,1,0,0,0,0.0,0.081149,0,0.0,0,17,3,2,0.8502,0.3455,YELLOW,29,Mumbai
CLM0018166,MUM_08186,Andheri,2023-01-13,16,0,0,0,0,0,0,0,0,0,0.0,0.349291,0,0.0,0,126,3,1,0.107,0.1143,GREEN,54,Mumbai
CLM0018167,MUM_03805,Borivali,2022-01-28,15,0,0,0,0,0,0,0,0,0,0.0,0.193194,0,0.0,0,409,0,3,0.539,0.0271,GREEN,46,Mumbai
CLM0018168,MUM_08253,Bandra,2016-08-18,19,0,0,0,0,0,0,0,0,0,0.0,0.213856,0,0.0,0,412,1,2,0.4517,0.0,GREEN,31,Mumbai
CLM0018169,MUM_08833,Bandra,2023-07-19,21,0,0,0,0,0,0,0,0,0,0.0,0.046156,0,0.0,0,90,4,5,0.1292,0.0408,GREEN,50,Mumbai
CLM0018170,MUM_03783,Dadar,2015-07-14,14,0,0,0,1,0,1,1,1,0,1.0,0.973259,1,0.0,1,5,2,18,0.2853,0.0881,GREEN,49,Mumbai
CLM0018171,MUM_01354,Lower Parel,2025-09-29,15,0,0,0,0,0,0,0,0,0,0.0,0.0,0,0.0,0,357,3,2,0.69,0.0,GREEN,46,Mumbai
CLM0018172,MUM_00679,Vashi,2024-05-15,15,0,0,0,0,0,0,0,0,0,0.0,1.0,0,0.0,0,36,3,2,0.8983,0.05,GREEN,39,Mumbai
CLM0018173,MUM_02355,Bandra,2025-09-09,17,0,0,0,0,1,0,0,0,0,0.0,0.13052,0,0.0,0,113,3,2,0.804,0.2165,GREEN,30,Mumbai
CLM0018174,MUM_02000,Ghatkopar,2021-11-07,7,0,1,1,0,0,0,1,1,0,1.0,0.983414,1,0.0,1,5,4,18,0.3832,0.0464,GREEN,46,Mumbai
CLM0018175,MUM_06710,Bandra,2023-10-10,21,0,0,0,0,0,0,1,0,0,0.0,1.0,0,0.0,0,420,2,0,0.05,0.1001,GREEN,54,Mumbai
CLM0018176,MUM_02428,Andheri,2021-05-20,20,0,0,0,0,0,0,0,0,0,0.0,0.971139,0,0.0,0,213,1,4,0.7009,0.0328,GREEN,38,Mumbai
CLM0018177,MUM_07711,Vashi,2017-01-16,21,0,0,0,0,0,0,0,1,0,1.0,0.0,0,0.0,0,137,3,2,0.9499,0.1732,GREEN,53,Mumbai
CLM0018178,MUM_06553,Thane,2022-08-09,9,0,0,0,0,0,1,1,0,0,0.0,0.191115,0,0.0,0,49,1,3,0.6537,0.1315,GREEN,37,Mumbai
CLM0018179,MUM_03108,Lower Parel,2020-10-13,9,0,0,0,1,0,0,1,0,1,1.0,0.0,0,1.0,0,5,1,18,0.0841,0.1867,GREEN,40,Mumbai
CLM0018180,MUM_07028,Ghatkopar,2022-01-07,15,0,0,0,0,0,0,0,0,0,0.0,0.035697,0,1.0,0,322,2,1,0.7587,0.0313,GREEN,55,Mumbai
CLM0018181,MUM_01103,Borivali,2025-04-08,13,0,0,0,0,1,0,0,1,0,0.0,0.0,0,0.0,0,16,2,3,0.4923,0.2037,GREEN,56,Mumbai
CLM0018182,MUM_04239,Thane,2016-04-24,9,0,0,0,0,0,0,0,0,0,0.0,0.144737,0,0.0,0,290,4,0,0.088,0.0,GREEN,28,Mumbai
CLM0018183,MUM_00289,Dadar,2024-09-22,11,0,0,0,0,0,0,0,0,0,1.0,0.428587,0,0.0,0,46,1,0,0.9574,0.1214,GREEN,35,Mumbai
CLM0018184,MUM_09514,Powai,2024-05-17,18,0,0,0,0,0,0,1,0,0,1.0,0.941959,0,1.0,0,334,3,1,0.8976,0.002,GREEN,36,Mumbai
CLM0018185,MUM_08668,Ghatkopar,2022-11-03,15,0,0,0,0,0,0,0,0,0,0.0,0.0,0,0.0,0,26,4,1,0.6836,0.0,GREEN,34,Mumbai
CLM0018186,MUM_00396,Bandra,2023-05-12,10,0,0,0,0,0,0,0,0,0,0.0,0.295847,0,0.0,0,420,1,3,0.7462,0.0592,GREEN,45,Mumbai
CLM0018187,MUM_03180,Vashi,2025-01-01,20,0,0,0,0,0,0,0,0,0,0.0,0.206535,0,0.0,0,291,4,4,0.4108,0.0,GREEN,48,Mumbai
CLM0018188,MUM_03547,Andheri,2024-01-01,9,0,0,0,0,0,0,1,0,0,0.0,0.0,0,0.0,0,13,3,0,0.6549,0.0776,GREEN,48,Mumbai
CLM0018189,MUM_04980,Chembur,2025-06-25,19,0,0,0,0,0,0,0,0,0,0.0,0.313571,0,0.0,0,138,2,0,0.8729,0.0,GREEN,46,Mumbai
CLM0018190,MUM_06990,Andheri,2024-11-05,17,0,0,0,0,0,0,0,0,0,1.0,0.275088,0,0.0,0,358,2,4,0.7642,0.0355,GREEN,44,Mumbai
CLM0018191,MUM_06544,Andheri,2023-08-22,10,0,0,0,0,0,0,0,0,0,0.0,0.358614,0,0.0,0,161,0,5,0.5712,0.0315,GREEN,58,Mumbai
CLM0018192,MUM_01295,Thane,2025-04-08,19,0,0,0,0,0,0,0,1,0,0.0,0.387229,0,0.0,0,298,2,1,0.7116,0.147,GREEN,60,Mumbai
CLM0018193,MUM_01510,Dadar,2024-09-22,20,0,0,0,0,0,0,0,0,0,0.0,0.266427,0,0.0,0,12,1,7,0.5314,0.0668,GREEN,55,Mumbai
CLM0018194,MUM_08333,Ghatkopar,2024-03-07,7,0,0,0,1,0,0,0,0,0,0.0,0.927359,0,0.0,0,350,1,2,0.5459,0.0553,GREEN,36,Mumbai
CLM0018195,MUM_08924,Lower Parel,2024-03-08,11,0,1,1,0,0,0,1,0,0,0.0,0.124206,1,0.0,1,387,4,0,0.607,0.2198,GREEN,28,Mumbai
CLM0018196,MUM_00446,Dadar,2023-09-28,17,0,0,0,0,0,0,0,0,0,0.0,1.0,0,0.0,0,130,0,3,0.6639,0.0,GREEN,53,Mumbai
CLM0018197,MUM_07439,Powai,2023-10-19,18,0,0,0,0,0,0,0,0,0,0.0,0.234769,0,0.0,0,420,3,5,0.841,0.0331,GREEN,35,Mumbai
CLM0018198,MUM_01736,Ghatkopar,2024-07-16,9,0,0,0,0,0,0,0,0,0,1.0,1.0,0,1.0,0,241,1,5,0.306,0.133,GREEN,62,Mumbai
CLM0018199,MUM_00645,Bandra,2025-05-17,10,0,0,0,0,0,0,0,0,0,1.0,0.095209,0,0.0,0,266,3,3,0.7015,0.0676,GREEN,31,Mumbai
CLM0018200,MUM_02359,Lower Parel,2020-03-28,13,0,1,1,0,0,0,0,0,0,0.0,0.175141,0,0.0,0,319,0,3,0.9447,0.1079,GREEN,38,Mumbai
CLM0018201,MUM_07869,Chembur,2019-09-13,21,0,0,0,0,0,0,0,0,0,0.0,0.239949,0,0.0,0,414,1,0,0.5592,0.0,GREEN,36,Mumbai
CLM0018202,MUM_04105,Powai,2023-02-17,10,0,0,0,0,0,0,0,0,0,0.0,0.332753,0,0.0,0,341,1,0,0.7764,0.0026,GREEN,54,Mumbai
CLM0018203,MUM_05272,Andheri,2017-01-06,21,0,0,0,0,0,0,0,0,0,0.0,0.989223,0,0.0,0,420,2,4,0.8948,0.0,GREEN,52,Mumbai
CLM0018204,MUM_07135,Ghatkopar,2021-09-04,15,0,0,0,0,0,0,0,1,0,0.0,0.204571,0,0.0,1,168,0,4,0.8736,0.1638,GREEN,57,Mumbai
CLM0018205,MUM_06191,Thane,2020-06-01,7,0,0,0,0,0,0,0,0,0,0.0,1.0,0,0.0,0,420,4,4,0.5921,0.0,GREEN,46,Mumbai
CLM0018206,MUM_01484,Ghatkopar,2020-09-20,20,0,0,0,0,0,0,0,0,0,0.0,0.181138,0,0.0,0,177,4,1,0.5565,0.006,GREEN,27,Mumbai
CLM0018207,MUM_05972,Borivali,2024-03-07,14,0,0,0,0,0,0,0,0,0,0.0,1.0,0,0.0,0,170,0,2,0.98,0.0205,GREEN,40,Mumbai
CLM0018208,MUM_01709,Chembur,2024-02-25,11,0,0,0,0,0,0,0,0,0,0.0,0.151081,0,0.0,0,326,1,3,0.1213,0.0695,GREEN,49,Mumbai
CLM0018209,MUM_08566,Lower Parel,2021-10-02,13,0,0,0,0,0,1,1,0,0,0.0,0.228428,0,0.0,0,191,1,1,0.7044,0.1777,GREEN,23,Mumbai
CLM0018210,MUM_01549,Andheri,2021-06-27,8,0,0,0,0,0,0,0,0,0,0.0,0.061932,0,0.0,0,97,4,1,0.6222,0.0,GREEN,18,Mumbai
CLM0018211,MUM_08791,Bandra,2025-06-25,17,0,0,0,0,0,0,0,0,0,0.0,0.108459,0,0.0,0,216,3,7,0.5543,0.1673,GREEN,37,Mumbai
CLM0018212,MUM_06046,Vashi,2021-01-24,12,0,0,0,0,0,0,0,0,0,0.0,0.311695,0,0.0,0,47,1,2,0.852,0.0174,GREEN,40,Mumbai
CLM0018213,MUM_03649,Borivali,2024-10-11,11,0,0,0,0,0,0,0,0,0,0.0,0.022242,0,0.0,0,278,3,2,0.6969,0.0299,GREEN,25,Mumbai
CLM0018214,MUM_00584,Andheri,2018-08-14,19,0,0,0,0,0,0,0,0,0,0.0,0.377401,0,0.0,0,388,2,0,0.897,0.0,GREEN,22,Mumbai
CLM0018215,MUM_09375,Bandra,2023-04-02,14,0,1,1,0,0,0,0,0,0,0.0,0.342335,1,0.0,0,102,2,2,0.6864,0.0697,GREEN,30,Mumbai
CLM0018216,MUM_00214,Borivali,2025-09-25,16,0,0,0,0,0,1,1,0,0,0.0,0.027712,0,0.0,0,228,4,2,0.571,0.1121,GREEN,32,Mumbai
CLM0018217,MUM_05694,Lower Parel,2025-07-14,19,0,0,0,0,0,0,1,0,0,0.0,0.402357,0,1.0,0,119,4,0,0.5276,0.1178,GREEN,38,Mumbai
CLM0018218,MUM_00247,Bandra,2024-05-02,17,0,0,0,0,0,0,0,0,1,0.0,0.312175,0,0.0,0,420,3,5,0.6326,0.3334,YELLOW,33,Mumbai
CLM0018219,MUM_07719,Andheri,2023-09-09,15,0,0,0,0,0,0,0,0,0,1.0,0.260831,0,0.0,0,163,0,0,0.9434,0.0997,GREEN,33,Mumbai
CLM0018220,MUM_01754,Dadar,2020-08-02,7,0,0,0,0,0,0,0,1,0,0.0,0.230416,0,0.0,0,420,3,1,0.7241,0.0134,GREEN,45,Mumbai
CLM0018221,MUM_09996,Thane,2024-11-09,12,0,0,0,0,0,0,0,0,1,1.0,0.244497,0,0.0,1,181,2,3,0.4294,0.2714,GREEN,44,Mumbai
CLM0018222,MUM_09191,Vashi,2022-01-11,12,0,0,0,0,0,0,0,0,0,0.0,0.298748,0,1.0,0,148,1,1,0.6354,0.0416,GREEN,32,Mumbai
CLM0018223,MUM_09633,Lower Parel,2024-05-12,11,0,0,0,0,1,0,0,0,0,0.0,0.078974,0,0.0,0,82,1,0,0.7162,0.0915,GREEN,43,Mumbai
CLM0018224,MUM_01287,Chembur,2022-01-05,12,0,0,0,0,0,0,0,0,0,1.0,0.06494,0,0.0,0,212,4,4,0.5841,0.0644,GREEN,35,Mumbai
CLM0018225,MUM_05233,Lower Parel,2021-08-23,12,0,0,0,0,0,0,0,1,0,0.0,0.251306,0,0.0,0,8,4,3,0.6107,0.09,GREEN,50,Mumbai
CLM0018226,MUM_03024,Bandra,2017-06-19,15,0,0,0,0,0,0,1,0,0,0.0,0.996553,0,0.0,0,208,3,0,0.8652,0.1728,GREEN,47,Mumbai
CLM0018227,MUM_07186,Lower Parel,2022-01-09,19,0,0,0,1,0,0,0,1,0,0.0,1.0,0,0.0,0,132,1,4,0.1904,0.3546,YELLOW,19,Mumbai
CLM0018228,MUM_02076,Lower Parel,2025-03-24,18,0,0,0,0,0,0,0,0,0,0.0,0.03908,0,0.0,0,359,0,5,0.0878,0.1765,GREEN,58,Mumbai
CLM0018229,MUM_04157,Borivali,2025-03-07,21,0,0,0,0,0,0,0,0,0,0.0,1.0,0,0.0,0,228,1,5,0.6464,0.0,GREEN,41,Mumbai
CLM0018230,MUM_04582,Thane,2025-02-01,12,0,1,1,0,0,1,0,0,0,0.0,1.0,0,1.0,0,37,1,0,0.8003,0.0287,GREEN,61,Mumbai
CLM0018231,MUM_02775,Powai,2025-10-19,8,0,0,0,0,0,0,0,0,1,0.0,0.129215,0,0.0,0,44,2,5,0.6686,0.116,GREEN,26,Mumbai
CLM0018232,MUM_00445,Andheri,2024-11-26,12,0,0,0,0,0,0,0,0,0,0.0,0.206464,0,0.0,0,269,0,2,0.4118,0.1217,GREEN,35,Mumbai
CLM0018233,MUM_07889,Dadar,2025-08-25,13,0,0,0,0,0,0,0,0,0,0.0,0.243585,0,0.0,0,273,1,2,0.9066,0.0,GREEN,52,Mumbai
CLM0018234,MUM_09519,Vashi,2024-12-17,13,0,0,0,0,0,0,0,0,0,0.0,0.300589,0,0.0,0,134,0,4,0.7879,0.0,GREEN,49,Mumbai
CLM0018235,MUM_00507,Chembur,2025-12-04,11,0,0,0,0,0,0,0,1,0,0.0,0.370535,0,0.0,0,49,2,0,0.616,0.0926,GREEN,43,Mumbai
CLM0018236,MUM_00997,Ghatkopar,2025-08-20,16,0,0,0,0,0,0,0,0,0,0.0,0.241785,0,0.0,0,158,4,1,0.5264,0.0,GREEN,37,Mumbai
CLM0018237,MUM_07740,Ghatkopar,2024-11-19,18,0,0,0,0,0,0,0,0,0,0.0,0.414211,0,0.0,0,71,0,1,0.05,0.0219,GREEN,40,Mumbai
CLM0018238,MUM_05553,Bandra,2025-06-20,21,0,0,0,0,0,0,0,0,0,0.0,1.0,0,0.0,0,226,3,2,0.9733,0.1513,GREEN,45,Mumbai
CLM0018239,MUM_09855,Lower Parel,2024-11-17,12,0,0,0,0,0,0,0,0,0,0.0,0.354328,0,0.0,0,71,4,5,0.9062,0.0,GREEN,48,Mumbai
CLM0018240,MUM_09299,Thane,2025-09-20,13,0,0,0,0,0,0,0,0,0,0.0,0.049332,0,0.0,0,312,2,5,0.5926,0.0,GREEN,30,Mumbai
CLM0018241,MUM_00665,Borivali,2024-12-02,16,0,0,0,0,0,0,0,0,0,0.0,0.085591,0,0.0,0,355,2,2,0.3693,0.0,GREEN,42,Mumbai
CLM0018242,MUM_04005,Dadar,2023-10-06,19,0,0,0,1,1,0,1,1,1,1.0,0.24374,0,1.0,1,5,3,18,0.1142,0.1107,GREEN,30,Mumbai
CLM0018243,MUM_06718,Ghatkopar,2024-12-19,11,0,0,0,0,0,0,0,0,0,1.0,0.941867,0,0.0,0,235,1,4,0.5385,0.0626,GREEN,52,Mumbai
CLM0018244,MUM_01841,Bandra,2019-03-01,10,0,0,0,0,0,1,0,0,0,0.0,0.087295,0,0.0,0,162,2,6,0.7888,0.0891,GREEN,42,Mumbai
CLM0018245,MUM_07203,Lower Parel,2023-01-19,18,0,0,0,0,0,0,0,0,0,0.0,0.249528,0,0.0,0,262,1,1,0.8931,0.0395,GREEN,34,Mumbai
CLM0018246,MUM_08345,Dadar,2019-12-15,11,0,0,0,0,0,0,0,0,0,0.0,0.264023,0,0.0,0,210,3,2,0.6474,0.1468,GREEN,58,Mumbai
CLM0018247,MUM_05197,Chembur,2019-06-06,9,0,0,0,0,0,0,0,0,0,0.0,0.106072,0,0.0,0,82,3,0,0.9129,0.1657,GREEN,61,Mumbai
CLM0018248,MUM_08775,Andheri,2018-03-11,19,0,0,0,0,0,0,0,0,0,0.0,0.977013,0,0.0,0,107,2,0,0.98,0.0593,GREEN,36,Mumbai
CLM0018249,MUM_01308,Andheri,2024-11-09,15,0,0,0,0,0,0,0,0,0,0.0,0.189969,1,0.0,0,420,4,0,0.7217,0.129,GREEN,57,Mumbai
CLM0018250,MUM_05715,Lower Parel,2020-05-18,16,0,1,1,0,0,1,0,1,0,0.0,0.411662,0,0.0,0,252,3,5,0.2331,0.3835,YELLOW,47,Mumbai
CLM0018251,MUM_07937,Lower Parel,2024-08-15,11,0,0,0,0,0,0,0,0,0,0.0,0.183435,0,0.0,0,5,3,4,0.05,0.0075,GREEN,43,Mumbai
CLM0018252,MUM_09956,Dadar,2018-05-21,20,0,0,0,0,0,0,0,0,1,0.0,0.166881,0,0.0,0,267,3,0,0.8519,0.0594,GREEN,30,Mumbai
CLM0018253,MUM_02471,Bandra,2018-08-25,20,0,0,0,0,0,0,0,0,0,1.0,0.507857,0,0.0,0,261,0,2,0.6231,0.0887,GREEN,36,Mumbai
CLM0018254,MUM_07584,Andheri,2025-07-22,11,0,0,0,0,0,0,0,0,0,1.0,1.0,0,1.0,0,155,0,4,0.8842,0.0,GREEN,43,Mumbai
CLM0018255,MUM_06148,Vashi,2023-01-19,17,0,0,0,0,0,0,0,0,0,0.0,0.09407,0,0.0,0,232,0,4,0.7818,0.0519,GREEN,60,Mumbai
CLM0018256,MUM_03350,Bandra,2022-01-30,13,0,1,1,1,0,1,1,0,1,0.0,0.148232,0,0.0,1,5,4,18,0.9389,0.1083,GREEN,53,Mumbai
CLM0018257,MUM_04975,Thane,2021-04-15,21,0,0,0,0,0,1,0,0,0,0.0,0.362652,0,0.0,0,420,1,3,0.1313,0.1618,GREEN,57,Mumbai
CLM0018258,MUM_01848,Ghatkopar,2024-12-17,16,0,0,0,0,0,1,0,0,0,0.0,0.03864,0,0.0,0,303,0,3,0.7587,0.1534,GREEN,41,Mumbai
CLM0018259,MUM_02325,Lower Parel,2023-06-06,20,0,0,0,0,0,0,1,0,0,0.0,0.283929,0,0.0,0,46,4,0,0.1304,0.1019,GREEN,45,Mumbai
CLM0018260,MUM_03564,Lower Parel,2023-12-09,14,0,0,0,0,1,0,0,1,0,0.0,0.095283,0,0.0,0,312,4,5,0.173,0.229,GREEN,50,Mumbai
CLM0018261,MUM_08832,Thane,2024-07-14,13,0,0,0,0,0,0,0,0,0,0.0,0.330676,0,0.0,0,26,4,8,0.9289,0.0,GREEN,45,Mumbai
CLM0018262,MUM_01990,Bandra,2024-08-31,16,0,0,0,0,0,1,0,0,0,0.0,0.210115,0,0.0,0,168,0,2,0.2718,0.1509,GREEN,58,Mumbai
CLM0018263,MUM_02882,Powai,2022-03-07,8,0,0,0,0,0,0,0,0,0,1.0,1.0,1,1.0,0,392,4,5,0.8484,0.2343,GREEN,38,Mumbai
CLM0018264,MUM_01330,Chembur,2020-05-20,18,0,0,0,0,0,0,0,0,0,0.0,0.283203,0,0.0,0,210,0,5,0.6445,0.0,GREEN,48,Mumbai
CLM0018265,MUM_06658,Thane,2025-05-04,19,0,0,0,0,0,1,0,0,0,0.0,0.0,0,0.0,0,347,2,2,0.5789,0.0804,GREEN,24,Mumbai
CLM0018266,MUM_02797,Thane,2024-10-15,21,0,0,0,0,0,0,1,0,0,0.0,0.277824,0,0.0,0,5,3,1,0.5729,0.0113,GREEN,43,Mumbai
CLM0018267,MUM_01473,Thane,2017-09-03,8,0,0,0,0,0,0,0,0,0,0.0,0.359081,0,0.0,0,124,4,3,0.5686,0.0009,GREEN,34,Mumbai
CLM0018268,MUM_09601,Vashi,2025-07-30,15,0,0,0,0,0,0,0,0,0,1.0,0.1402,0,0.0,0,82,3,1,0.4896,0.0715,GREEN,55,Mumbai
CLM0018269,MUM_09786,Dadar,2020-11-25,15,0,0,0,0,0,0,0,1,0,1.0,0.089927,0,0.0,0,226,2,0,0.9239,0.0664,GREEN,49,Mumbai
CLM0018270,MUM_00562,Borivali,2022-05-06,10,0,0,0,0,0,1,0,0,0,0.0,0.359163,0,0.0,0,392,4,1,0.7856,0.0854,GREEN,60,Mumbai
CLM0018271,MUM_06454,Thane,2023-07-12,19,0,0,0,0,0,1,0,0,0,0.0,0.211601,0,0.0,0,242,4,2,0.4593,0.0156,GREEN,29,Mumbai
CLM0018272,MUM_03172,Vashi,2025-02-27,18,0,0,0,0,0,0,0,0,0,0.0,1.0,0,0.0,0,234,0,2,0.951,0.0,GREEN,45,Mumbai
CLM0018273,MUM_09212,Borivali,2024-07-13,9,0,0,0,0,0,0,0,0,0,0.0,0.105502,0,0.0,0,420,4,0,0.98,0.0,GREEN,18,Mumbai
CLM0018274,MUM_09710,Bandra,2022-07-04,18,0,0,0,0,0,1,0,0,0,0.0,0.124155,0,0.0,0,297,4,0,0.05,0.1607,GREEN,33,Mumbai
CLM0018275,MUM_03615,Dadar,2022-04-28,8,0,0,0,1,1,0,1,1,1,1.0,0.058057,0,0.0,1,41,3,13,0.2445,0.0077,GREEN,56,Mumbai
CLM0018276,MUM_01021,Vashi,2022-11-18,9,0,0,0,0,0,0,1,0,0,0.0,0.177385,0,0.0,0,420,3,7,0.453,0.1378,GREEN,38,Mumbai
CLM0018277,MUM_03936,Lower Parel,2022-05-13,8,0,0,0,0,0,1,0,0,0,1.0,0.253055,0,0.0,0,67,0,5,0.8812,0.0948,GREEN,34,Mumbai
CLM0018278,MUM_00464,Vashi,2025-03-22,17,0,0,0,0,0,0,0,0,0,0.0,0.34872,0,0.0,0,59,3,6,0.9774,0.0,GREEN,39,Mumbai
CLM0018279,MUM_09753,Chembur,2021-03-21,20,0,0,0,0,0,0,0,0,1,1.0,0.075801,0,0.0,1,33,3,5,0.3281,0.367,YELLOW,45,Mumbai
CLM0018280,MUM_04792,Borivali,2024-04-15,14,0,0,0,0,0,0,0,0,0,0.0,0.262431,0,0.0,0,255,1,3,0.05,0.0193,GREEN,53,Mumbai
CLM0018281,MUM_06847,Vashi,2025-06-13,7,0,0,0,0,0,0,0,0,1,0.0,0.123825,0,0.0,0,202,1,3,0.865,0.1083,GREEN,50,Mumbai
CLM0018282,MUM_01131,Borivali,2024-12-05,20,0,0,0,0,0,0,0,0,0,0.0,0.259406,0,0.0,0,179,2,2,0.7045,0.0,GREEN,61,Mumbai
CLM0018283,MUM_06425,Vashi,2023-06-09,19,0,0,0,0,0,0,0,0,0,0.0,0.233564,0,0.0,0,229,2,6,0.886,0.0959,GREEN,30,Mumbai
CLM0018284,MUM_01248,Powai,2020-01-21,19,0,0,0,1,0,0,0,0,0,0.0,0.253504,1,0.0,0,295,1,1,0.5884,0.2213,GREEN,60,Mumbai
CLM0018285,MUM_03612,Chembur,2022-04-19,14,0,0,0,0,0,0,0,0,0,1.0,0.417901,0,0.0,0,248,0,0,0.5951,0.0,GREEN,41,Mumbai
CLM0018286,MUM_08599,Powai,2020-08-05,21,0,0,0,0,0,0,0,0,0,0.0,0.925497,0,0.0,0,86,1,1,0.5935,0.1264,GREEN,40,Mumbai
CLM0018287,MUM_07439,Powai,2022-11-30,8,0,1,1,0,0,0,0,0,0,0.0,0.044946,0,0.0,0,211,2,0,0.5731,0.0,GREEN,35,Mumbai
CLM0018288,MUM_06453,Thane,2024-02-06,20,0,0,0,0,0,0,0,0,0,0.0,0.134937,0,0.0,0,188,4,3,0.5379,0.0458,GREEN,34,Mumbai
CLM0018289,MUM_06628,Thane,2022-08-14,20,0,0,0,0,1,0,0,0,0,0.0,0.21341,1,0.0,0,289,4,0,0.9129,0.2466,GREEN,41,Mumbai
CLM0018290,MUM_06694,Powai,2023-04-18,19,0,0,0,0,0,0,0,1,1,1.0,0.069289,0,0.0,0,153,2,4,0.8608,0.3144,YELLOW,40,Mumbai
CLM0018291,MUM_04760,Thane,2021-03-11,16,0,0,0,0,0,0,0,0,0,0.0,0.46078,0,0.0,0,293,0,3,0.6642,0.0,GREEN,18,Mumbai
CLM0018292,MUM_05264,Chembur,2022-04-27,8,0,0,0,0,0,0,0,0,0,0.0,0.374862,0,0.0,0,410,2,1,0.7324,0.0501,GREEN,35,Mumbai
CLM0018293,MUM_08611,Andheri,2019-01-30,7,0,0,0,0,0,0,0,0,0,1.0,0.215429,0,0.0,0,252,0,4,0.1802,0.0886,GREEN,30,Mumbai
CLM0018294,MUM_01213,Thane,2023-02-04,13,0,0,0,0,0,0,0,0,0,0.0,0.138524,0,0.0,0,420,2,4,0.5204,0.0339,GREEN,31,Mumbai
CLM0018295,MUM_07710,Powai,2023-08-20,13,0,0,0,0,0,0,0,0,0,0.0,0.101224,0,0.0,0,197,2,6,0.6419,0.0362,GREEN,37,Mumbai
CLM0018296,MUM_04859,Borivali,2022-11-15,19,0,0,0,0,1,0,0,0,0,0.0,0.273315,0,0.0,0,420,2,3,0.6042,0.1527,GREEN,48,Mumbai
CLM0018297,MUM_05895,Andheri,2024-04-28,7,0,0,0,0,0,0,0,0,0,0.0,0.279311,0,0.0,0,114,4,7,0.8441,0.0747,GREEN,46,Mumbai
CLM0018298,MUM_02527,Lower Parel,2021-06-09,15,0,0,0,1,0,0,0,1,1,1.0,0.910359,0,0.0,0,21,0,18,0.2812,0.2778,GREEN,35,Mumbai
CLM0018299,MUM_01664,Ghatkopar,2021-12-14,17,1,0,0,0,0,1,0,0,0,0.0,0.257384,0,0.0,0,216,0,6,0.6776,0.1138,GREEN,65,Mumbai
CLM0018300,MUM_02606,Andheri,2024-07-27,21,0,0,0,0,0,0,0,0,0,0.0,0.081863,0,0.0,1,68,3,5,0.2443,0.0652,GREEN,35,Mumbai
CLM0018301,MUM_02186,Dadar,2023-09-12,16,0,0,0,0,0,0,0,1,0,0.0,0.12815,0,0.0,1,420,2,5,0.05,0.1455,GREEN,56,Mumbai
CLM0018302,MUM_02632,Thane,2023-04-03,16,0,0,0,0,0,0,0,0,0,1.0,0.242984,0,0.0,0,274,2,1,0.05,0.0692,GREEN,36,Mumbai
CLM0018303,MUM_05447,Borivali,2025-01-02,14,0,0,0,0,0,0,0,0,0,0.0,0.217064,0,0.0,0,420,3,3,0.8572,0.1062,GREEN,49,Mumbai
CLM0018304,MUM_00080,Dadar,2025-09-17,11,0,0,0,0,0,0,0,0,0,0.0,0.370371,0,1.0,0,303,4,0,0.05,0.0,GREEN,39,Mumbai
CLM0018305,MUM_07615,Vashi,2025-10-09,10,0,0,0,0,1,0,0,0,0,0.0,0.349814,0,0.0,1,348,0,1,0.4673,0.2628,GREEN,27,Mumbai
CLM0018306,MUM_01057,Thane,2020-11-16,16,0,0,0,0,0,0,1,0,0,0.0,0.371792,0,0.0,0,353,3,5,0.5765,0.0309,GREEN,30,Mumbai
CLM0018307,MUM_01632,Andheri,2025-01-24,17,0,0,0,0,0,0,0,0,0,0.0,0.07599,0,0.0,0,256,0,6,0.4422,0.004,GREEN,38,Mumbai
CLM0018308,MUM_07723,Dadar,2024-11-24,8,0,0,0,0,0,0,0,0,0,0.0,0.197683,0,0.0,0,226,2,1,0.7438,0.0,GREEN,46,Mumbai
CLM0018309,MUM_02702,Ghatkopar,2025-04-03,13,0,0,0,0,0,0,0,0,0,1.0,0.206207,0,1.0,0,323,4,0,0.16,0.0516,GREEN,61,Mumbai
CLM0018310,MUM_06830,Ghatkopar,2025-10-07,13,0,0,0,0,1,0,0,1,0,0.0,0.120919,0,0.0,1,5,2,18,0.8819,0.0737,GREEN,48,Mumbai
CLM0018311,MUM_04695,Thane,2024-03-09,15,0,0,0,0,0,0,0,0,0,0.0,0.191717,0,0.0,1,271,1,3,0.5911,0.0568,GREEN,39,Mumbai
CLM0018312,MUM_04832,Ghatkopar,2025-03-25,8,0,0,0,0,0,0,0,0,1,1.0,0.329337,0,0.0,1,345,1,0,0.0927,0.262,GREEN,36,Mumbai
CLM0018313,MUM_01498,Borivali,2024-12-16,10,0,0,0,0,0,0,0,0,0,0.0,0.453471,0,1.0,0,18,4,2,0.5352,0.0,GREEN,55,Mumbai
CLM0018314,MUM_02247,Dadar,2024-07-12,10,0,0,0,0,0,1,0,0,0,0.0,0.0,0,0.0,0,323,2,3,0.7273,0.0776,GREEN,54,Mumbai
CLM0018315,MUM_01706,Dadar,2025-06-02,7,0,0,0,0,0,0,0,0,0,0.0,0.413162,0,0.0,0,185,0,2,0.7209,0.0,GREEN,47,Mumbai
CLM0018316,MUM_05314,Andheri,2024-09-14,19,0,0,0,0,0,0,0,0,0,1.0,1.0,0,1.0,0,61,4,3,0.6484,0.0,GREEN,42,Mumbai
CLM0018317,MUM_09286,Andheri,2021-07-18,15,0,0,0,0,0,0,0,0,0,0.0,0.409055,0,0.0,0,420,0,4,0.6481,0.0,GREEN,18,Mumbai
CLM0018318,MUM_05083,Andheri,2020-04-13,15,0,0,0,0,0,0,0,0,0,1.0,0.0,0,0.0,0,238,3,2,0.8819,0.041,GREEN,41,Mumbai
CLM0018319,MUM_09097,Ghatkopar,2021-10-20,16,0,0,0,0,0,0,1,0,1,0.0,0.092802,0,0.0,0,56,3,2,0.9631,0.1333,GREEN,47,Mumbai
CLM0018320,MUM_07491,Lower Parel,2024-06-03,16,0,0,0,0,0,0,0,1,0,0.0,1.0,1,0.0,0,91,3,5,0.9051,0.0807,GREEN,44,Mumbai
CLM0018321,MUM_00849,Bandra,2022-07-18,11,0,0,0,0,0,0,0,0,0,0.0,0.212374,0,0.0,0,224,3,0,0.5256,0.0969,GREEN,21,Mumbai
CLM0018322,MUM_07070,Chembur,2021-01-29,19,0,0,0,0,0,0,0,0,0,0.0,0.098826,0,1.0,0,101,3,1,0.7283,0.0,GREEN,56,Mumbai
CLM0018323,MUM_08674,Andheri,2020-11-06,19,0,0,0,0,0,0,0,0,0,0.0,0.259965,0,0.0,0,143,1,3,0.8463,0.0338,GREEN,48,Mumbai
CLM0018324,MUM_04488,Ghatkopar,2019-12-27,14,0,0,0,0,0,0,0,0,0,0.0,0.027402,0,0.0,0,233,1,1,0.7096,0.0392,GREEN,45,Mumbai
CLM0018325,MUM_03656,Ghatkopar,2020-08-17,11,0,0,0,0,0,0,0,1,0,0.0,0.935185,0,0.0,0,420,1,5,0.8546,0.0993,GREEN,36,Mumbai
CLM0018326,MUM_00693,Powai,2025-10-14,17,0,0,0,1,0,0,0,0,0,0.0,0.276004,0,0.0,0,245,2,0,0.98,0.1853,GREEN,44,Mumbai
CLM0018327,MUM_00959,Dadar,2025-10-07,8,0,0,0,1,0,0,0,1,0,0.0,0.193621,0,0.0,0,336,0,1,0.5097,0.2116,GREEN,36,Mumbai
CLM0018328,MUM_07125,Lower Parel,2025-09-18,15,0,0,0,0,0,0,0,0,0,0.0,0.397496,0,0.0,0,82,0,7,0.2608,0.0241,GREEN,29,Mumbai
CLM0018329,MUM_02367,Lower Parel,2023-08-14,20,0,0,0,0,0,0,0,0,0,1.0,0.984253,0,1.0,0,214,4,3,0.6936,0.0,GREEN,46,Mumbai
CLM0018330,MUM_00885,Powai,2024-05-22,7,0,0,0,0,0,0,0,0,0,0.0,0.202327,0,0.0,0,365,2,0,0.7055,0.0818,GREEN,25,Mumbai
CLM0018331,MUM_07409,Ghatkopar,2024-09-23,19,0,0,0,0,0,0,0,0,0,0.0,0.117458,0,0.0,0,194,0,6,0.7668,0.0988,GREEN,43,Mumbai
CLM0018332,MUM_06636,Lower Parel,2024-05-06,15,0,0,0,0,0,0,0,0,0,0.0,0.058697,0,0.0,0,401,4,1,0.6342,0.0508,GREEN,51,Mumbai
CLM0018333,MUM_01976,Chembur,2023-06-29,9,0,0,0,0,1,0,0,0,0,0.0,0.193609,0,0.0,0,409,0,0,0.6993,0.0675,GREEN,53,Mumbai
CLM0018334,MUM_01770,Ghatkopar,2023-05-17,9,0,0,0,0,0,0,0,0,0,0.0,0.273794,0,0.0,0,87,3,0,0.1348,0.0,GREEN,42,Mumbai
CLM0018335,MUM_01750,Thane,2024-05-31,13,0,0,0,0,0,0,0,0,0,0.0,0.371443,0,0.0,1,169,4,4,0.646,0.0075,GREEN,37,Mumbai
CLM0018336,MUM_01119,Ghatkopar,2025-01-25,13,0,0,0,0,0,0,1,0,0,0.0,0.065364,0,1.0,0,251,4,0,0.7248,0.0218,GREEN,49,Mumbai
CLM0018337,MUM_09049,Powai,2023-04-11,13,0,0,0,0,0,0,0,0,0,1.0,1.0,0,0.0,0,374,3,5,0.6071,0.1227,GREEN,49,Mumbai
CLM0018338,MUM_08499,Thane,2020-05-31,19,0,0,0,0,0,0,0,0,0,0.0,0.247712,1,0.0,0,46,4,2,0.9764,0.0745,GREEN,21,Mumbai
CLM0018339,MUM_02411,Lower Parel,2025-06-11,7,0,0,0,0,0,0,1,0,1,0.0,0.134927,0,0.0,0,65,1,6,0.5661,0.1728,GREEN,60,Mumbai
CLM0018340,MUM_03976,Vashi,2023-04-12,10,0,0,0,0,0,0,0,0,0,0.0,0.176263,0,0.0,0,31,2,4,0.6659,0.0207,GREEN,40,Mumbai
CLM0018341,MUM_09977,Lower Parel,2021-10-15,8,0,0,0,0,0,0,0,0,0,0.0,0.961008,0,0.0,0,274,3,4,0.7669,0.0182,GREEN,41,Mumbai
CLM0018342,MUM_04341,Borivali,2020-02-25,10,0,0,0,0,0,0,0,0,0,1.0,0.007695,0,0.0,0,110,1,3,0.813,0.1284,GREEN,37,Mumbai
CLM0018343,MUM_05352,Borivali,2020-01-16,21,0,0,0,0,0,0,0,0,0,0.0,0.112579,0,0.0,0,207,2,6,0.98,0.0162,GREEN,22,Mumbai
CLM0018344,MUM_07669,Chembur,2017-11-28,21,0,0,0,0,0,0,0,0,0,0.0,0.955079,0,0.0,0,420,3,3,0.6232,0.0,GREEN,64,Mumbai
CLM0018345,MUM_00365,Vashi,2020-03-17,20,0,0,0,0,1,1,0,0,0,1.0,0.315945,0,0.0,0,312,4,5,0.2846,0.224,GREEN,52,Mumbai
CLM0018346,MUM_03825,Bandra,2022-10-19,16,0,0,0,0,0,0,0,0,0,0.0,0.117407,0,0.0,0,161,4,0,0.7347,0.0,GREEN,18,Mumbai
CLM0018347,MUM_06097,Chembur,2022-10-23,18,0,0,0,0,0,0,0,0,0,0.0,0.060797,0,0.0,0,420,0,2,0.8796,0.0802,GREEN,37,Mumbai
CLM0018348,MUM_09704,Ghatkopar,2025-05-04,17,0,0,0,0,0,0,0,0,0,0.0,0.224189,0,0.0,0,42,3,2,0.8889,0.0,GREEN,42,Mumbai
CLM0018349,MUM_09943,Lower Parel,2022-11-24,14,0,0,0,0,0,0,0,0,0,0.0,0.149603,0,0.0,0,120,0,2,0.5431,0.0067,GREEN,37,Mumbai
CLM0018350,MUM_02400,Powai,2021-05-05,7,0,0,0,0,0,0,0,0,0,0.0,0.379586,0,0.0,0,420,4,1,0.7261,0.0,GREEN,53,Mumbai
CLM0018351,MUM_04834,Bandra,2023-01-30,16,0,0,0,0,0,0,0,1,0,0.0,0.265491,0,0.0,0,260,2,1,0.05,0.0409,GREEN,49,Mumbai
CLM0018352,MUM_06273,Lower Parel,2023-07-28,16,0,0,0,1,0,1,0,0,0,0.0,0.274335,0,0.0,0,303,1,3,0.98,0.3381,YELLOW,54,Mumbai
CLM0018353,MUM_06225,Chembur,2021-03-07,7,0,0,0,0,0,0,0,0,0,0.0,0.125911,0,0.0,0,347,4,4,0.6926,0.0687,GREEN,32,Mumbai
CLM0018354,MUM_00920,Dadar,2024-03-29,7,0,0,0,0,0,0,0,0,0,0.0,0.22587,0,0.0,0,42,2,1,0.2885,0.0693,GREEN,46,Mumbai
CLM0018355,MUM_09309,Lower Parel,2020-07-21,18,0,0,0,0,0,0,0,0,0,0.0,0.107331,0,0.0,0,420,0,4,0.98,0.0141,GREEN,20,Mumbai
CLM0018356,MUM_06652,Powai,2021-11-09,9,0,0,0,0,0,0,0,0,0,1.0,0.294629,0,0.0,0,273,2,1,0.6521,0.1856,GREEN,54,Mumbai
CLM0018357,MUM_03952,Borivali,2022-10-15,12,0,0,0,0,0,0,0,0,0,1.0,0.219353,0,0.0,0,139,3,0,0.93,0.0836,GREEN,44,Mumbai
CLM0018358,MUM_00653,Chembur,2022-05-10,9,0,0,0,1,0,0,0,0,0,0.0,0.171735,0,0.0,0,168,1,1,0.948,0.1869,GREEN,40,Mumbai
CLM0018359,MUM_09605,Andheri,2024-01-16,12,0,0,0,1,0,0,0,0,0,0.0,0.121961,0,0.0,0,126,4,3,0.5324,0.1761,GREEN,49,Mumbai
CLM0018360,MUM_09433,Chembur,2019-11-14,8,0,0,0,0,0,0,0,0,0,0.0,0.242746,0,0.0,0,228,2,3,0.7538,0.0354,GREEN,32,Mumbai
CLM0018361,MUM_00636,Lower Parel,2020-08-19,21,0,0,0,0,0,0,0,0,0,0.0,0.055068,0,0.0,0,228,3,0,0.4429,0.0,GREEN,32,Mumbai
CLM0018362,MUM_04484,Borivali,2024-02-08,9,0,1,1,0,0,0,1,0,0,0.0,0.97971,0,0.0,0,155,2,2,0.1823,0.0031,GREEN,31,Mumbai
CLM0018363,MUM_01668,Chembur,2019-04-29,8,0,0,0,0,0,0,0,0,0,0.0,0.2058,0,0.0,0,63,4,0,0.7462,0.0,GREEN,25,Mumbai
CLM0018364,MUM_04278,Thane,2024-10-02,9,0,0,0,0,0,0,0,0,0,1.0,0.409528,0,0.0,0,7,0,0,0.8432,0.0106,GREEN,47,Mumbai
CLM0018365,MUM_00711,Thane,2023-06-26,12,0,0,0,0,0,0,0,0,0,0.0,0.0,0,0.0,0,239,1,0,0.7447,0.0397,GREEN,38,Mumbai
CLM0018366,MUM_03581,Chembur,2017-10-30,16,0,0,0,0,0,0,0,0,0,0.0,0.988635,1,0.0,0,420,3,3,0.3516,0.0512,GREEN,20,Mumbai
CLM0018367,MUM_02751,Chembur,2024-10-23,12,0,0,0,0,0,0,0,0,0,0.0,0.244231,0,0.0,0,74,0,10,0.2516,0.0665,GREEN,36,Mumbai
CLM0018368,MUM_02851,Bandra,2022-05-27,17,0,0,0,0,0,0,0,0,1,0.0,0.008271,0,0.0,0,233,3,2,0.7619,0.1527,GREEN,43,Mumbai
CLM0018369,MUM_03118,Ghatkopar,2023-12-25,7,0,0,0,0,0,0,0,0,1,0.0,0.431718,0,0.0,0,78,1,1,0.05,0.1939,GREEN,32,Mumbai
CLM0018370,MUM_04635,Borivali,2022-03-31,17,0,0,0,0,0,0,0,0,0,0.0,0.0,0,0.0,0,420,2,6,0.6214,0.0,GREEN,35,Mumbai
CLM0018371,MUM_01995,Dadar,2022-11-08,16,0,1,1,0,0,0,0,1,0,0.0,0.509709,0,0.0,0,404,3,2,0.4745,0.163,GREEN,44,Mumbai
CLM0018372,MUM_03103,Vashi,2022-06-10,8,0,0,0,0,0,0,0,0,0,0.0,0.412624,0,0.0,0,144,3,3,0.841,0.0,GREEN,42,Mumbai
CLM0018373,MUM_05991,Powai,2022-10-18,9,0,0,0,0,0,0,0,0,0,0.0,0.265599,0,0.0,0,253,0,0,0.9587,0.0119,GREEN,64,Mumbai
CLM0018374,MUM_04389,Thane,2019-08-23,7,0,0,0,0,0,1,0,0,0,0.0,0.385991,0,0.0,1,330,2,2,0.9256,0.0844,GREEN,40,Mumbai
CLM0018375,MUM_07615,Vashi,2024-08-14,16,0,0,0,0,0,0,0,0,0,0.0,0.219429,0,0.0,0,381,0,1,0.8543,0.0,GREEN,27,Mumbai
CLM0018376,MUM_07988,Lower Parel,2019-10-03,7,0,0,0,0,0,0,0,0,0,0.0,0.368685,0,0.0,0,99,1,4,0.7815,0.1437,GREEN,42,Mumbai
CLM0018377,MUM_00703,Dadar,2020-11-16,12,0,0,0,0,0,0,0,0,0,0.0,0.055845,0,1.0,0,159,1,0,0.2146,0.0,GREEN,37,Mumbai
CLM0018378,MUM_05074,Lower Parel,2025-10-17,9,0,0,0,0,0,0,0,0,0,0.0,0.468969,0,0.0,0,203,0,3,0.6073,0.0,GREEN,42,Mumbai
CLM0018379,MUM_04573,Andheri,2024-02-01,13,0,1,1,0,0,1,1,0,0,0.0,0.050317,0,0.0,0,195,2,0,0.6168,0.1036,GREEN,33,Mumbai
CLM0018380,MUM_02095,Chembur,2023-09-09,10,0,0,0,0,0,0,0,0,0,0.0,0.219546,0,0.0,0,291,1,3,0.5228,0.0,GREEN,48,Mumbai
CLM0018381,MUM_09862,Powai,2024-09-17,21,0,0,0,0,1,0,0,0,0,0.0,0.321103,0,0.0,0,238,2,1,0.4831,0.1175,GREEN,41,Mumbai
CLM0018382,MUM_08116,Dadar,2024-05-19,20,0,0,0,0,1,1,0,1,0,1.0,0.930375,0,0.0,0,104,1,6,0.98,0.2965,GREEN,43,Mumbai
CLM0018383,MUM_01714,Borivali,2023-01-08,9,0,0,0,0,0,0,0,0,1,0.0,0.078999,0,0.0,0,182,4,2,0.6165,0.1078,GREEN,39,Mumbai
CLM0018384,MUM_05009,Andheri,2025-11-27,13,0,0,0,0,0,0,0,1,0,0.0,0.034965,0,0.0,0,203,4,4,0.8811,0.14,GREEN,56,Mumbai
CLM0018385,MUM_02530,Lower Parel,2021-09-06,19,0,0,0,0,0,0,0,0,0,0.0,0.0,0,0.0,0,238,0,1,0.7065,0.0,GREEN,31,Mumbai
CLM0018386,MUM_04680,Bandra,2021-04-24,9,0,0,0,0,0,1,0,0,0,1.0,0.100848,0,0.0,0,420,1,2,0.6958,0.1321,GREEN,60,Mumbai
CLM0018387,MUM_08445,Andheri,2024-02-24,7,0,0,0,0,0,1,0,0,0,0.0,0.100275,0,0.0,1,420,2,3,0.2035,0.1194,GREEN,57,Mumbai
CLM0018388,MUM_01061,Dadar,2022-06-05,11,0,0,0,0,0,0,0,0,0,0.0,0.145856,0,0.0,0,219,1,4,0.66,0.0,GREEN,34,Mumbai
CLM0018389,MUM_01092,Borivali,2023-06-28,11,0,0,0,0,0,0,1,0,0,0.0,0.349726,0,0.0,0,420,0,5,0.7047,0.2522,GREEN,44,Mumbai
CLM0018390,MUM_06011,Andheri,2024-07-23,20,0,0,0,0,0,0,0,0,1,1.0,0.0,0,0.0,0,129,2,5,0.8274,0.106,GREEN,43,Mumbai
CLM0018391,MUM_09596,Bandra,2025-01-04,14,0,0,0,0,0,0,0,0,0,0.0,0.317502,0,0.0,0,340,1,4,0.8821,0.0458,GREEN,43,Mumbai
CLM0018392,MUM_02817,Andheri,2019-02-12,14,0,0,0,0,0,0,0,1,0,1.0,0.217834,0,0.0,0,420,1,3,0.8568,0.0859,GREEN,39,Mumbai
CLM0018393,MUM_08235,Thane,2025-12-09,12,0,0,0,0,1,0,0,0,1,0.0,1.0,0,0.0,0,363,2,2,0.7191,0.2656,GREEN,32,Mumbai
CLM0018394,MUM_04049,Lower Parel,2024-09-13,19,0,0,0,0,0,0,0,0,0,0.0,0.284283,0,0.0,0,50,4,2,0.98,0.0324,GREEN,39,Mumbai
CLM0018395,MUM_09200,Andheri,2022-01-09,17,0,0,0,0,0,0,0,0,1,0.0,0.397827,0,0.0,0,420,2,1,0.8242,0.1315,GREEN,37,Mumbai
CLM0018396,MUM_08618,Chembur,2023-02-12,16,0,0,0,0,0,0,0,0,0,0.0,0.08476,0,0.0,0,420,1,1,0.1031,0.0,GREEN,35,Mumbai
CLM0018397,MUM_06068,Thane,2019-03-17,11,0,0,0,1,0,0,0,0,0,1.0,0.307529,1,0.0,0,260,1,3,0.9642,0.3628,YELLOW,54,Mumbai
CLM0018398,MUM_09053,Andheri,2024-01-23,21,0,0,0,0,0,0,0,0,0,0.0,0.325172,0,0.0,0,20,0,4,0.8113,0.0,GREEN,40,Mumbai
CLM0018399,MUM_01084,Thane,2021-10-16,15,0,0,0,0,0,0,0,0,0,0.0,0.331661,0,0.0,0,380,2,5,0.6455,0.1131,GREEN,55,Mumbai
CLM0018400,MUM_01280,Vashi,2018-08-26,17,0,0,0,0,0,0,0,0,0,1.0,0.073599,0,0.0,0,420,0,0,0.7796,0.1338,GREEN,40,Mumbai
CLM0018401,MUM_05213,Dadar,2021-02-16,14,0,0,0,0,0,0,0,0,0,1.0,0.958935,0,1.0,0,420,0,4,0.4018,0.0717,GREEN,38,Mumbai
CLM0018402,MUM_09549,Thane,2021-02-04,20,0,0,0,0,0,0,1,0,0,0.0,0.333527,0,0.0,0,397,1,4,0.7748,0.0018,GREEN,51,Mumbai
CLM0018403,MUM_03861,Powai,2021-06-27,12,0,0,0,0,0,0,0,0,0,0.0,0.181773,0,1.0,0,212,4,0,0.8124,0.0,GREEN,38,Mumbai
CLM0018404,MUM_02810,Thane,2025-02-26,11,0,0,0,0,0,0,0,0,0,0.0,0.181376,0,1.0,0,420,2,3,0.98,0.0,GREEN,39,Mumbai
CLM0018405,MUM_09303,Bandra,2017-10-30,18,0,0,0,0,1,0,0,0,1,0.0,0.297748,0,0.0,0,420,2,0,0.6436,0.184,GREEN,45,Mumbai
CLM0018406,MUM_08624,Thane,2020-02-23,8,0,0,0,0,0,0,0,0,0,0.0,0.179533,0,0.0,0,92,4,4,0.98,0.0,GREEN,34,Mumbai
CLM0018407,MUM_07034,Bandra,2024-03-11,16,0,0,0,0,0,0,0,0,0,0.0,0.970921,0,0.0,0,344,1,4,0.183,0.0739,GREEN,32,Mumbai
CLM0018408,MUM_05235,Dadar,2023-10-03,19,0,0,0,0,0,0,0,0,0,0.0,0.138193,0,0.0,0,175,4,3,0.7495,0.0,GREEN,25,Mumbai
CLM0018409,MUM_04070,Borivali,2025-05-11,15,0,0,0,0,0,1,0,0,0,1.0,0.972141,0,1.0,0,307,4,6,0.5315,0.0908,GREEN,49,Mumbai
CLM0018410,MUM_00044,Vashi,2022-05-24,7,0,0,0,1,0,0,0,0,0,0.0,0.203456,0,0.0,0,304,1,1,0.8555,0.1821,GREEN,41,Mumbai
CLM0018411,MUM_02018,Vashi,2023-09-30,17,0,0,0,0,0,0,0,0,0,0.0,0.325224,0,0.0,0,392,4,6,0.98,0.0,GREEN,47,Mumbai
CLM0018412,MUM_07610,Powai,2022-08-13,15,0,0,0,0,0,0,0,0,0,0.0,0.190835,0,0.0,0,5,0,1,0.6828,0.0041,GREEN,49,Mumbai
CLM0018413,MUM_05621,Vashi,2025-04-03,15,0,0,0,0,0,1,0,0,0,0.0,0.430351,0,0.0,1,420,4,6,0.0815,0.0669,GREEN,53,Mumbai
CLM0018414,MUM_07209,Andheri,2025-06-29,10,0,0,0,0,0,0,0,0,0,0.0,0.28472,0,0.0,0,369,0,1,0.4709,0.0286,GREEN,54,Mumbai
CLM0018415,MUM_07744,Andheri,2023-01-23,20,0,0,0,0,0,0,0,0,0,0.0,0.238966,0,0.0,0,98,0,2,0.6829,0.078,GREEN,48,Mumbai
CLM0018416,MUM_06782,Ghatkopar,2025-02-17,17,0,0,0,0,0,0,0,0,0,0.0,0.195772,0,0.0,0,314,2,0,0.6537,0.0,GREEN,36,Mumbai
CLM0018417,MUM_04940,Borivali,2024-07-06,21,0,0,0,0,0,0,0,0,0,1.0,1.0,0,1.0,0,169,4,3,0.888,0.103,GREEN,18,Mumbai
CLM0018418,MUM_02629,Bandra,2023-06-19,20,0,0,0,0,0,0,0,0,0,0.0,0.27863,0,0.0,0,244,1,5,0.1248,0.0,GREEN,43,Mumbai
CLM0018419,MUM_00391,Thane,2021-09-16,9,0,1,1,0,1,0,1,0,1,1.0,1.0,0,0.0,0,5,2,18,0.214,0.2374,GREEN,36,Mumbai
CLM0018420,MUM_08492,Vashi,2024-12-02,21,0,1,1,1,1,1,0,1,1,0.0,0.019209,1,0.0,0,5,1,18,0.8073,0.8502,RED,38,Mumbai
CLM0018421,MUM_04952,Andheri,2023-03-02,11,0,1,1,0,1,1,1,1,1,1.0,1.0,0,0.0,0,5,2,18,0.197,0.706,RED,41,Mumbai
CLM0018422,MUM_04181,Chembur,2021-07-26,21,0,1,1,0,1,0,1,1,1,1.0,0.962445,0,0.0,1,51,1,18,0.2946,0.4985,YELLOW,43,Mumbai
CLM0018423,MUM_01114,Vashi,2023-05-21,10,0,1,1,0,0,0,0,0,0,1.0,0.045362,0,0.0,0,358,1,1,0.98,0.6787,RED,46,Mumbai
CLM0018424,MUM_08359,Powai,2023-12-31,10,0,1,1,1,1,1,0,1,1,1.0,0.15004,0,1.0,0,13,1,18,0.8766,0.7776,RED,44,Mumbai
CLM0018425,MUM_03342,Lower Parel,2019-08-03,14,0,0,0,0,0,1,0,0,0,0.0,0.0,0,0.0,0,162,1,5,0.05,0.068,GREEN,51,Mumbai
CLM0018426,MUM_07449,Andheri,2015-05-25,13,0,0,0,0,0,1,1,0,0,0.0,1.0,0,0.0,1,49,1,0,0.6041,0.1491,GREEN,41,Mumbai
CLM0018427,MUM_09091,Thane,2016-05-01,15,0,0,0,0,0,0,0,0,0,0.0,0.0,0,0.0,0,119,4,0,0.7519,0.0,GREEN,59,Mumbai
CLM0018428,MUM_03408,Lower Parel,2024-05-12,11,0,0,0,0,0,0,0,0,0,0.0,0.176238,0,0.0,0,420,3,1,0.7652,0.0,GREEN,18,Mumbai
CLM0018429,MUM_08372,Andheri,2020-04-18,15,0,0,0,0,0,0,0,0,0,0.0,0.28787,0,0.0,0,420,3,5,0.7009,0.0,GREEN,33,Mumbai
CLM0018430,MUM_08322,Ghatkopar,2015-09-21,17,0,0,0,0,0,0,0,0,0,0.0,0.153505,0,0.0,0,115,3,1,0.7843,0.0,GREEN,47,Mumbai
CLM0018431,MUM_00752,Andheri,2021-12-28,19,0,0,0,0,0,0,0,0,0,0.0,0.19677,0,0.0,0,116,4,1,0.8067,0.0,GREEN,49,Mumbai
CLM0018432,MUM_05560,Dadar,2024-10-29,9,0,0,0,1,0,1,0,0,0,0.0,0.047635,0,0.0,0,353,0,3,0.3838,0.2358,GREEN,47,Mumbai
CLM0018433,MUM_09497,Ghatkopar,2016-10-02,13,0,0,0,1,1,0,0,0,0,0.0,0.067181,0,0.0,0,352,3,1,0.7174,0.2348,GREEN,48,Mumbai
CLM0018434,MUM_01130,Dadar,2025-12-28,7,0,0,0,0,0,1,0,0,0,0.0,0.21096,0,0.0,0,131,4,1,0.1892,0.0,GREEN,62,Mumbai
CLM0018435,MUM_07717,Chembur,2024-12-05,20,0,0,0,0,0,0,0,0,1,0.0,0.386413,1,0.0,0,102,1,0,0.1999,0.2419,GREEN,30,Mumbai
CLM0018436,MUM_03091,Powai,2019-02-18,15,0,0,0,0,0,0,0,0,0,1.0,0.392149,0,0.0,0,295,2,0,0.8705,0.0,GREEN,39,Mumbai
CLM0018437,MUM_08021,Thane,2023-04-09,14,0,0,0,0,0,0,0,0,0,0.0,0.410113,0,0.0,0,176,2,3,0.8037,0.0,GREEN,24,Mumbai
CLM0018438,MUM_04803,Vashi,2016-10-15,16,0,0,0,1,1,0,1,1,0,1.0,0.747028,1,0.0,1,5,0,18,0.2616,0.0901,GREEN,53,Mumbai
CLM0018439,MUM_06526,Andheri,2019-11-19,21,0,0,0,0,0,0,0,0,0,0.0,0.032481,0,0.0,0,351,1,4,0.2989,0.0,GREEN,46,Mumbai
CLM0018440,MUM_09593,Dadar,2019-11-01,18,0,0,0,1,1,1,1,1,1,1.0,1.0,1,1.0,0,5,2,18,0.2572,0.0,GREEN,42,Mumbai
CLM0018441,MUM_08732,Borivali,2020-10-10,12,0,0,0,0,0,0,0,0,0,1.0,0.286248,0,0.0,1,160,1,0,0.6573,0.1018,GREEN,34,Mumbai
CLM0018442,MUM_06183,Ghatkopar,2025-04-19,9,0,0,0,0,0,0,0,0,0,0.0,0.237145,0,0.0,0,420,2,3,0.4288,0.0134,GREEN,29,Mumbai
CLM0018443,MUM_06574,Dadar,2024-05-19,13,0,0,0,0,1,0,0,0,0,0.0,1.0,0,0.0,0,161,1,4,0.0728,0.157,GREEN,37,Mumbai
CLM0018444,MUM_07138,Andheri,2025-06-03,15,0,0,0,0,0,0,0,0,0,0.0,0.216436,0,0.0,0,410,1,3,0.8003,0.0,GREEN,50,Mumbai
CLM0018445,MUM_06470,Andheri,2024-10-28,19,0,0,0,0,0,0,0,0,0,0.0,0.332427,0,0.0,0,321,2,6,0.8601,0.0892,GREEN,32,Mumbai
CLM0018446,MUM_07338,Lower Parel,2025-03-24,14,0,1,1,0,0,0,0,0,0,0.0,0.404557,0,0.0,0,163,0,0,0.6501,0.0358,GREEN,46,Mumbai
CLM0018447,MUM_09326,Borivali,2024-06-14,15,0,0,0,0,1,0,0,0,0,0.0,0.0,0,0.0,0,329,4,0,0.98,0.074,GREEN,18,Mumbai
CLM0018448,MUM_08071,Bandra,2024-08-27,10,0,0,0,0,0,0,1,0,0,0.0,0.238935,0,0.0,0,420,2,3,0.665,0.055,GREEN,47,Mumbai
CLM0018449,MUM_07816,Vashi,2025-03-11,15,0,0,0,0,1,0,0,0,0,0.0,0.330147,0,0.0,0,418,3,6,0.98,0.2376,GREEN,40,Mumbai
CLM0018450,MUM_04379,Bandra,2025-01-18,18,0,0,0,0,0,0,0,0,0,0.0,0.989512,0,0.0,0,420,3,0,0.8329,0.0617,GREEN,51,Mumbai
CLM0018451,MUM_02084,Powai,2025-09-27,15,0,0,0,0,0,0,0,0,0,0.0,0.349678,0,0.0,0,415,2,1,0.7769,0.0,GREEN,23,Mumbai
CLM0018452,MUM_09856,Thane,2025-01-20,9,0,0,0,0,0,0,0,1,0,0.0,0.379441,0,0.0,0,420,2,3,0.2566,0.0661,GREEN,42,Mumbai
CLM0018453,MUM_00561,Chembur,2024-12-31,12,0,0,0,0,0,0,0,0,1,0.0,0.986587,1,1.0,1,5,3,18,0.3108,0.3765,YELLOW,47,Mumbai
CLM0018454,MUM_02495,Thane,2025-10-19,15,0,0,0,1,0,1,1,1,1,0.0,1.0,1,1.0,1,5,1,18,0.1334,0.1017,GREEN,29,Mumbai
CLM0018455,MUM_07176,Ghatkopar,2025-06-22,13,0,0,0,0,0,0,0,0,0,0.0,0.058608,0,0.0,0,393,1,3,0.6493,0.0226,GREEN,43,Mumbai
CLM0018456,MUM_04573,Andheri,2025-04-10,10,0,0,0,0,0,0,1,0,0,0.0,0.33289,0,0.0,0,177,0,3,0.4931,0.0702,GREEN,33,Mumbai
CLM0018457,MUM_09994,Lower Parel,2025-09-04,10,0,0,0,0,0,1,1,0,0,0.0,0.090349,0,0.0,0,420,1,0,0.3939,0.1586,GREEN,36,Mumbai
CLM0018458,MUM_03471,Borivali,2025-07-25,18,0,0,0,0,0,0,0,1,0,0.0,0.06596,0,0.0,1,420,3,7,0.6945,0.1016,GREEN,24,Mumbai
CLM0018459,MUM_06942,Vashi,2024-12-23,17,0,1,1,0,0,1,0,0,0,0.0,0.162146,0,0.0,0,307,0,0,0.8825,0.2278,GREEN,30,Mumbai
CLM0018460,MUM_06082,Dadar,2025-01-16,18,0,0,0,0,0,0,1,0,1,0.0,0.0,0,0.0,0,323,1,0,0.296,0.1869,GREEN,34,Mumbai
CLM0018461,MUM_06020,Powai,2025-04-27,9,0,0,0,0,0,0,0,0,0,0.0,0.26238,0,0.0,0,70,4,0,0.0804,0.0,GREEN,44,Mumbai
CLM0018462,MUM_08877,Chembur,2025-03-04,18,0,0,0,0,0,0,0,0,0,0.0,1.0,0,0.0,1,91,4,4,0.1413,0.0275,GREEN,44,Mumbai
CLM0018463,MUM_00024,Thane,2025-03-11,19,0,0,0,0,0,0,0,0,0,0.0,0.0,0,0.0,0,387,4,7,0.1178,0.0,GREEN,38,Mumbai
CLM0018464,MUM_09984,Powai,2025-10-02,8,0,0,0,0,1,0,0,0,0,0.0,0.127073,0,0.0,0,167,0,4,0.9103,0.1397,GREEN,50,Mumbai
CLM0018465,MUM_07651,Ghatkopar,2023-10-10,20,0,0,0,0,0,0,0,0,0,0.0,0.018753,0,0.0,0,313,3,7,0.8571,0.0156,GREEN,58,Mumbai
CLM0018466,MUM_08057,Lower Parel,2019-01-17,10,0,0,0,1,1,0,1,1,1,1.0,0.0,0,0.0,0,5,1,18,0.1725,0.1583,GREEN,50,Mumbai
CLM0018467,MUM_01499,Andheri,2025-06-08,9,0,0,0,0,0,0,0,0,0,0.0,0.189235,0,0.0,0,260,0,1,0.8025,0.0,GREEN,66,Mumbai
CLM0018468,MUM_09019,Andheri,2022-10-05,18,0,0,0,0,0,0,0,0,1,1.0,0.212115,0,0.0,0,383,1,5,0.98,0.2167,GREEN,48,Mumbai
CLM0018469,MUM_04509,Borivali,2024-12-07,17,0,0,0,0,0,0,0,0,0,1.0,0.201634,1,0.0,0,228,0,0,0.338,0.1456,GREEN,43,Mumbai
CLM0018470,MUM_04491,Lower Parel,2024-01-23,15,0,0,0,0,0,0,0,0,0,0.0,0.226579,0,0.0,0,153,3,2,0.7538,0.0,GREEN,41,Mumbai
CLM0018471,MUM_00118,Thane,2023-06-25,9,0,0,0,0,0,0,0,0,0,0.0,0.055035,0,0.0,0,346,2,1,0.2162,0.0,GREEN,48,Mumbai
CLM0018472,MUM_00070,Ghatkopar,2024-07-19,8,0,0,0,0,0,1,0,0,0,0.0,0.22295,0,1.0,0,137,3,3,0.6546,0.0737,GREEN,34,Mumbai
CLM0018473,MUM_04274,Lower Parel,2025-09-20,7,0,1,1,0,0,0,0,0,0,0.0,0.073738,0,0.0,0,420,2,0,0.8908,0.2016,GREEN,33,Mumbai
CLM0018474,MUM_06183,Ghatkopar,2024-12-15,13,0,0,0,0,0,0,0,0,0,0.0,0.319954,0,0.0,0,142,2,5,0.2583,0.0,GREEN,29,Mumbai
CLM0018475,MUM_05933,Thane,2023-12-26,17,0,0,0,1,0,0,0,0,0,0.0,0.25351,0,0.0,0,284,2,0,0.1669,0.1466,GREEN,32,Mumbai
CLM0018476,MUM_02126,Borivali,2023-06-19,11,0,0,0,0,0,0,0,0,1,0.0,0.144167,0,0.0,0,112,2,2,0.9402,0.0805,GREEN,52,Mumbai
CLM0018477,MUM_05216,Thane,2024-12-11,15,0,0,0,0,0,1,0,0,0,0.0,1.0,0,0.0,0,401,4,5,0.9235,0.0447,GREEN,18,Mumbai
CLM0018478,MUM_01922,Vashi,2025-11-03,11,0,0,0,0,0,0,0,0,0,0.0,0.278498,0,0.0,0,138,1,0,0.5225,0.0511,GREEN,52,Mumbai
CLM0018479,MUM_02068,Thane,2024-08-27,10,0,0,0,0,0,0,0,0,0,0.0,0.096556,0,0.0,0,413,0,4,0.9131,0.0129,GREEN,37,Mumbai
CLM0018480,MUM_04545,Powai,2023-05-16,7,0,0,0,1,1,1,1,1,0,1.0,0.900198,1,1.0,1,5,1,18,0.98,0.1431,GREEN,52,Mumbai
CLM0018481,MUM_07410,Ghatkopar,2025-02-13,17,0,0,0,0,0,0,1,0,0,0.0,0.353856,0,0.0,0,276,2,6,0.7555,0.0249,GREEN,25,Mumbai
CLM0018482,MUM_03938,Bandra,2022-10-25,17,0,0,0,0,0,0,1,0,0,1.0,0.12805,0,0.0,0,193,4,6,0.8074,0.129,GREEN,50,Mumbai
CLM0018483,MUM_00875,Vashi,2022-03-04,12,0,0,0,0,0,0,0,0,0,0.0,0.401803,0,0.0,0,125,1,3,0.7866,0.0597,GREEN,59,Mumbai
CLM0018484,MUM_01058,Powai,2023-01-21,16,0,0,0,0,1,0,0,0,1,0.0,0.120598,0,0.0,0,317,3,2,0.98,0.0987,GREEN,23,Mumbai
CLM0018485,MUM_01594,Lower Parel,2022-10-16,21,0,0,0,0,0,0,0,0,0,0.0,0.281041,0,0.0,0,319,2,1,0.558,0.0336,GREEN,48,Mumbai
CLM0018486,MUM_06247,Ghatkopar,2025-11-17,16,0,0,0,0,1,0,0,0,0,0.0,0.983551,0,0.0,0,420,1,0,0.6169,0.1177,GREEN,55,Mumbai
CLM0018487,MUM_05483,Andheri,2021-01-05,8,0,0,0,1,0,0,0,1,0,0.0,0.345999,1,0.0,0,291,4,3,0.9131,0.2689,GREEN,49,Mumbai
CLM0018488,MUM_05531,Bandra,2021-06-26,14,0,0,0,0,0,0,0,0,0,0.0,0.207427,0,0.0,0,168,2,3,0.5606,0.11,GREEN,29,Mumbai
CLM0018489,MUM_06365,Chembur,2024-03-21,21,0,0,0,0,0,0,0,0,0,0.0,0.383887,0,0.0,0,287,3,0,0.1978,0.0,GREEN,40,Mumbai
CLM0018490,MUM_07833,Dadar,2024-09-17,8,0,0,0,0,0,0,0,0,0,0.0,0.162453,0,0.0,0,158,3,1,0.6167,0.0,GREEN,36,Mumbai
CLM0018491,MUM_09728,Andheri,2024-04-17,10,0,1,1,0,0,0,0,0,0,0.0,1.0,0,0.0,0,80,1,0,0.0898,0.0538,GREEN,35,Mumbai
CLM0018492,MUM_08338,Vashi,2023-04-19,20,0,0,0,0,0,0,0,0,0,0.0,0.396951,0,0.0,0,330,4,6,0.6202,0.0258,GREEN,60,Mumbai
CLM0018493,MUM_05183,Powai,2022-06-08,13,0,0,0,0,0,0,0,0,0,0.0,0.142999,0,0.0,0,420,3,1,0.98,0.0245,GREEN,23,Mumbai
CLM0018494,MUM_02290,Vashi,2023-11-27,19,0,0,0,0,0,0,0,0,0,0.0,0.364162,0,0.0,0,48,3,0,0.9489,0.0159,GREEN,29,Mumbai
CLM0018495,MUM_00153,Dadar,2019-06-16,10,0,0,0,0,0,0,1,0,0,1.0,0.063392,0,0.0,0,179,1,0,0.9172,0.1645,GREEN,46,Mumbai
CLM0018496,MUM_05561,Vashi,2016-12-07,19,0,0,0,0,0,0,0,0,0,0.0,0.993021,0,0.0,0,269,4,6,0.9696,0.0,GREEN,53,Mumbai
CLM0018497,MUM_08772,Lower Parel,2019-05-08,13,0,0,0,0,0,0,0,0,0,1.0,0.200074,0,0.0,0,284,0,0,0.7226,0.0783,GREEN,48,Mumbai
CLM0018498,MUM_08305,Ghatkopar,2019-09-09,8,0,0,0,0,0,0,0,0,0,0.0,1.0,0,0.0,1,420,4,1,0.8697,0.1954,GREEN,31,Mumbai
CLM0018499,MUM_08608,Lower Parel,2018-03-21,14,0,0,0,0,0,0,1,0,0,0.0,0.0,1,0.0,0,420,3,4,0.7335,0.0554,GREEN,52,Mumbai
CLM0018500,MUM_09984,Powai,2025-09-05,10,0,0,0,0,1,0,0,0,0,0.0,0.190378,0,0.0,1,309,1,2,0.6995,0.1424,GREEN,50,Mumbai
CLM0018501,MUM_01111,Lower Parel,2018-02-16,19,0,0,0,1,1,0,0,1,0,0.0,0.175612,0,0.0,0,19,4,18,0.9147,0.0355,GREEN,41,Mumbai
CLM0018502,MUM_02411,Lower Parel,2018-01-18,10,0,0,0,0,0,0,0,0,0,0.0,0.369712,0,0.0,0,80,0,3,0.1701,0.0289,GREEN,60,Mumbai
CLM0018503,MUM_07485,Borivali,2022-11-06,16,0,0,0,1,0,1,1,1,1,1.0,0.022983,1,1.0,0,27,3,18,0.284,0.1232,GREEN,55,Mumbai
CLM0018504,MUM_08358,Lower Parel,2019-10-25,18,0,0,0,1,0,0,0,0,0,0.0,0.045348,0,0.0,0,367,3,3,0.2365,0.1601,GREEN,52,Mumbai
CLM0018505,MUM_08660,Dadar,2024-12-19,12,0,0,0,0,0,0,0,0,0,0.0,0.04894,0,1.0,0,32,1,0,0.7475,0.0742,GREEN,30,Mumbai
CLM0018506,MUM_03322,Vashi,2024-12-21,11,0,0,0,0,0,0,0,0,0,0.0,0.238099,0,0.0,0,79,0,6,0.2552,0.0588,GREEN,48,Mumbai
CLM0018507,MUM_05715,Lower Parel,2019-11-14,18,0,1,1,0,0,1,0,0,0,0.0,1.0,0,0.0,0,126,1,0,0.6118,0.6681,RED,47,Mumbai
CLM0018508,MUM_09984,Powai,2019-06-15,9,0,1,1,0,1,0,1,0,1,1.0,1.0,1,0.0,1,21,0,18,0.3211,0.6203,RED,50,Mumbai
CLM0018509,MUM_07728,Lower Parel,2015-08-10,17,0,1,1,0,1,1,1,1,1,0.0,0.020589,0,0.0,1,10,2,18,0.8912,0.602,YELLOW,46,Mumbai
CLM0018510,MUM_05426,Thane,2019-05-09,14,0,1,1,1,0,0,0,0,0,0.0,0.060673,0,0.0,0,289,1,5,0.5252,0.837,RED,37,Mumbai
CLM0018511,MUM_09730,Thane,2021-07-30,7,0,1,1,0,1,0,0,1,1,0.0,0.133236,0,0.0,1,5,1,18,0.8748,0.4691,YELLOW,29,Mumbai
CLM0018512,MUM_04943,Vashi,2024-02-11,15,0,1,1,1,1,0,1,1,0,1.0,0.885524,0,0.0,1,19,0,17,0.3888,0.7622,RED,57,Mumbai
CLM0018513,MUM_00347,Powai,2017-08-18,17,0,1,1,1,0,0,1,1,1,1.0,1.0,0,1.0,0,5,2,18,0.05,0.5725,YELLOW,50,Mumbai
CLM0018514,MUM_07341,Powai,2019-12-21,15,0,1,1,0,1,0,1,1,1,0.0,0.957894,0,0.0,1,5,1,18,0.1926,0.5855,YELLOW,20,Mumbai
CLM0018515,MUM_05898,Bandra,2025-03-08,7,0,0,0,0,0,0,0,0,0,0.0,0.936036,0,1.0,0,370,1,2,0.854,0.199,GREEN,32,Mumbai
CLM0018516,MUM_00041,Dadar,2023-08-27,13,0,0,0,0,0,0,0,0,0,0.0,0.950164,0,0.0,0,205,0,0,0.8871,0.0222,GREEN,37,Mumbai
CLM0018517,MUM_02229,Thane,2023-01-04,7,0,0,0,0,0,0,0,0,0,1.0,0.335556,0,0.0,0,5,1,4,0.4966,0.0,GREEN,62,Mumbai
CLM0018518,MUM_07156,Bandra,2022-12-29,17,0,0,0,0,0,0,0,0,0,1.0,0.0,0,0.0,0,228,4,0,0.2981,0.0139,GREEN,34,Mumbai
CLM0018519,MUM_06353,Borivali,2024-01-11,20,0,0,0,0,0,0,0,0,0,1.0,0.435747,0,0.0,0,385,0,9,0.6068,0.044,GREEN,42,Mumbai
CLM0018520,MUM_05484,Bandra,2022-12-27,21,0,0,0,0,0,0,0,0,1,0.0,0.038437,0,0.0,0,65,2,0,0.5957,0.2311,GREEN,35,Mumbai
CLM0018521,MUM_04524,Chembur,2022-05-26,20,0,1,1,0,0,0,0,0,0,0.0,0.121067,0,0.0,0,284,0,1,0.68,0.0,GREEN,55,Mumbai
CLM0018522,MUM_00480,Chembur,2025-10-14,19,0,0,0,0,0,0,0,0,0,0.0,0.091048,0,0.0,0,303,3,1,0.6561,0.0,GREEN,31,Mumbai
CLM0018523,MUM_04267,Thane,2020-02-02,11,0,0,0,0,0,0,0,0,0,0.0,0.347716,0,0.0,0,252,4,5,0.0572,0.0401,GREEN,44,Mumbai
CLM0018524,MUM_03933,Borivali,2023-01-26,20,0,0,0,0,0,0,0,0,0,0.0,0.228481,0,1.0,0,129,0,1,0.98,0.0,GREEN,32,Mumbai
CLM0018525,MUM_07089,Lower Parel,2022-10-09,13,0,0,0,0,0,0,1,0,0,1.0,0.330066,0,0.0,0,420,2,4,0.8723,0.1198,GREEN,22,Mumbai
CLM0018526,MUM_06682,Vashi,2025-06-08,18,0,0,0,0,0,0,0,0,0,0.0,0.122615,0,1.0,0,130,2,0,0.8762,0.0,GREEN,62,Mumbai
CLM0018527,MUM_01106,Thane,2023-01-24,15,0,0,0,0,0,0,0,1,0,0.0,0.241724,0,0.0,1,224,2,4,0.5163,0.1226,GREEN,27,Mumbai
CLM0018528,MUM_04321,Vashi,2023-03-30,20,0,0,0,0,0,0,0,0,0,0.0,0.265599,0,1.0,0,231,2,4,0.4551,0.0491,GREEN,50,Mumbai
CLM0018529,MUM_02412,Lower Parel,2022-10-12,20,0,0,0,0,0,0,0,0,0,0.0,0.178019,0,0.0,0,253,1,1,0.5466,0.0,GREEN,35,Mumbai
CLM0018530,MUM_05306,Borivali,2023-11-03,21,0,0,0,0,1,0,0,0,0,0.0,0.165685,0,0.0,0,376,0,4,0.0618,0.065,GREEN,42,Mumbai
CLM0018531,MUM_03724,Powai,2020-08-02,16,0,0,0,0,0,0,1,0,0,1.0,0.426577,0,0.0,0,180,1,1,0.6793,0.1326,GREEN,53,Mumbai
CLM0018532,MUM_08727,Chembur,2021-06-12,16,0,0,0,0,0,1,0,0,0,0.0,0.271904,0,0.0,0,184,4,5,0.8234,0.0237,GREEN,65,Mumbai
CLM0018533,MUM_00119,Lower Parel,2024-11-07,7,0,0,0,0,0,0,0,0,0,0.0,0.872489,0,0.0,0,374,3,1,0.6066,0.0731,GREEN,41,Mumbai
CLM0018534,MUM_01985,Ghatkopar,2025-03-30,19,0,0,0,0,0,0,0,0,0,0.0,0.22683,0,0.0,0,116,4,0,0.0869,0.0,GREEN,54,Mumbai
CLM0018535,MUM_01903,Powai,2019-12-10,10,0,0,0,1,1,1,1,1,1,0.0,0.092083,1,0.0,0,32,1,18,0.7622,0.019,GREEN,45,Mumbai
CLM0018536,MUM_02557,Powai,2025-01-16,20,0,0,0,0,0,0,0,0,0,0.0,0.44663,0,0.0,0,126,1,5,0.5544,0.0614,GREEN,45,Mumbai
CLM0018537,MUM_05717,Dadar,2024-11-08,8,0,0,0,0,0,0,0,0,0,0.0,0.070465,1,0.0,0,161,1,0,0.1218,0.0353,GREEN,41,Mumbai
CLM0018538,MUM_04414,Vashi,2025-06-11,21,0,0,0,0,0,0,0,0,0,0.0,0.103017,0,0.0,0,420,3,1,0.5268,0.0271,GREEN,28,Mumbai
CLM0018539,MUM_06719,Chembur,2025-04-16,16,0,1,1,0,0,0,0,1,0,0.0,0.091596,0,0.0,0,420,1,2,0.6787,0.0959,GREEN,40,Mumbai
CLM0018540,MUM_06716,Thane,2021-11-26,9,0,0,0,0,0,0,0,0,0,0.0,0.320337,0,0.0,0,78,0,4,0.1043,0.0,GREEN,37,Mumbai
CLM0018541,MUM_05383,Dadar,2020-12-22,18,0,0,0,0,0,1,0,0,0,0.0,0.093587,0,0.0,0,37,1,1,0.6243,0.2047,GREEN,62,Mumbai
CLM0018542,MUM_04057,Thane,2021-04-11,19,0,0,0,0,0,0,0,0,0,0.0,0.284774,0,0.0,0,165,3,3,0.5639,0.0663,GREEN,32,Mumbai
CLM0018543,MUM_07020,Thane,2020-09-27,11,0,0,0,0,0,1,0,1,0,0.0,0.275967,0,0.0,0,87,2,1,0.9005,0.1788,GREEN,36,Mumbai
CLM0018544,MUM_01798,Vashi,2024-02-12,13,0,0,0,0,0,0,0,0,0,0.0,0.158299,0,0.0,0,313,0,1,0.8892,0.0,GREEN,34,Mumbai
CLM0018545,MUM_09711,Chembur,2021-06-30,8,0,0,0,0,0,0,0,0,0,0.0,0.229155,0,0.0,0,34,2,6,0.0941,0.0458,GREEN,44,Mumbai
CLM0018546,MUM_08829,Thane,2020-08-15,10,0,0,0,0,1,0,1,1,0,0.0,0.14434,0,0.0,1,5,0,18,0.7725,0.0599,GREEN,45,Mumbai
CLM0018547,MUM_03037,Thane,2025-07-26,15,0,0,0,0,0,0,0,0,0,0.0,0.354363,0,0.0,0,7,4,0,0.9745,0.0,GREEN,37,Mumbai
CLM0018548,MUM_06725,Thane,2022-07-19,17,0,0,0,0,0,0,0,0,0,0.0,0.118349,0,0.0,0,253,4,0,0.6069,0.0,GREEN,51,Mumbai
CLM0018549,MUM_06324,Bandra,2025-12-16,7,0,0,0,0,0,0,0,0,0,0.0,0.526327,0,0.0,0,410,4,4,0.24,0.0,GREEN,43,Mumbai
CLM0018550,MUM_01288,Lower Parel,2021-05-07,13,0,0,0,1,1,0,0,1,0,0.0,0.052567,0,0.0,0,5,3,18,0.8398,0.0469,GREEN,30,Mumbai
CLM0018551,MUM_05096,Dadar,2022-02-08,13,0,0,0,0,1,0,0,0,0,0.0,0.366544,0,0.0,0,13,2,2,0.5456,0.1363,GREEN,40,Mumbai
CLM0018552,MUM_08448,Dadar,2015-12-31,9,0,0,0,0,0,0,0,0,0,0.0,0.263926,0,0.0,0,110,0,2,0.6713,0.0278,GREEN,22,Mumbai
CLM0018553,MUM_08029,Vashi,2017-01-03,20,0,0,0,0,0,0,0,0,0,0.0,0.14999,0,0.0,0,139,1,6,0.6366,0.0057,GREEN,62,Mumbai
CLM0018554,MUM_09316,Andheri,2015-02-19,10,0,0,0,0,0,0,0,0,0,0.0,0.018095,0,0.0,0,379,4,1,0.9653,0.0,GREEN,41,Mumbai
CLM0018555,MUM_01607,Borivali,2019-06-03,9,0,0,0,0,0,0,0,1,0,1.0,0.262311,0,0.0,0,420,2,0,0.9166,0.1989,GREEN,22,Mumbai
CLM0018556,MUM_07127,Powai,2018-10-03,20,0,0,0,0,0,0,1,1,0,0.0,0.116776,0,0.0,0,420,2,6,0.9174,0.1314,GREEN,22,Mumbai
CLM0018557,MUM_00141,Bandra,2023-09-10,16,0,0,0,0,0,0,0,0,0,0.0,0.050069,0,0.0,0,70,2,0,0.9467,0.1125,GREEN,46,Mumbai
CLM0018558,MUM_00006,Andheri,2022-12-09,15,0,0,0,1,0,0,0,0,0,0.0,0.067683,0,0.0,0,107,2,3,0.6657,0.115,GREEN,51,Mumbai
CLM0018559,MUM_09803,Lower Parel,2025-03-01,7,0,0,0,0,0,0,0,0,0,0.0,0.271007,0,0.0,0,330,0,0,0.1167,0.0575,GREEN,18,Mumbai
CLM0018560,MUM_04010,Vashi,2020-01-26,18,0,0,0,0,0,0,0,0,0,0.0,0.036417,0,0.0,0,63,0,4,0.8164,0.0,GREEN,43,Mumbai
CLM0018561,MUM_07723,Dadar,2024-12-21,10,0,0,0,1,0,0,0,1,1,1.0,0.854651,1,1.0,0,35,3,18,0.05,0.0,GREEN,46,Mumbai
CLM0018562,MUM_00501,Lower Parel,2024-06-25,16,0,0,0,0,1,0,0,0,0,1.0,0.498201,0,0.0,0,412,2,4,0.7983,0.136,GREEN,34,Mumbai
CLM0018563,MUM_08865,Thane,2020-03-26,17,0,0,0,0,0,0,0,0,0,0.0,0.295448,0,0.0,0,92,4,2,0.5835,0.0,GREEN,52,Mumbai
CLM0018564,MUM_00140,Dadar,2022-06-10,8,0,0,0,0,0,0,0,0,0,0.0,0.235246,0,1.0,0,420,4,5,0.7109,0.0,GREEN,35,Mumbai
CLM0018565,MUM_02499,Chembur,2025-05-11,9,0,0,0,0,0,1,0,0,0,0.0,0.288712,0,0.0,0,394,3,2,0.9798,0.1024,GREEN,46,Mumbai
CLM0018566,MUM_05782,Thane,2020-08-19,15,0,0,0,0,0,0,0,0,0,0.0,0.185086,0,0.0,0,134,0,2,0.5563,0.1154,GREEN,47,Mumbai
CLM0018567,MUM_06725,Thane,2020-10-20,17,0,0,0,0,0,0,0,0,0,0.0,0.187893,0,0.0,0,123,4,4,0.5579,0.0051,GREEN,51,Mumbai
CLM0018568,MUM_05782,Thane,2021-07-03,20,0,0,0,0,0,0,0,0,0,0.0,0.069576,0,0.0,0,144,2,2,0.1821,0.111,GREEN,47,Mumbai
CLM0018569,MUM_04428,Andheri,2025-05-09,17,0,0,0,0,0,0,0,0,0,0.0,0.0,1,0.0,0,62,0,3,0.837,0.0173,GREEN,34,Mumbai
CLM0018570,MUM_08277,Lower Parel,2025-01-31,8,0,0,0,0,0,0,0,1,0,0.0,0.145267,0,0.0,0,420,4,2,0.1425,0.065,GREEN,44,Mumbai
CLM0018571,MUM_00198,Powai,2025-06-30,13,0,0,0,0,0,0,0,0,0,0.0,0.371086,0,1.0,0,409,0,0,0.6113,0.0417,GREEN,45,Mumbai
CLM0018572,MUM_02674,Thane,2025-08-28,16,0,0,0,0,0,0,0,0,0,0.0,0.104706,0,0.0,0,303,2,0,0.6894,0.0091,GREEN,35,Mumbai
CLM0018573,MUM_04292,Chembur,2025-04-23,21,0,0,0,0,0,0,1,0,0,0.0,0.041684,0,0.0,0,420,4,1,0.6573,0.2785,GREEN,37,Mumbai
CLM0018574,MUM_08620,Ghatkopar,2025-05-03,12,0,0,0,0,0,0,0,0,0,0.0,0.976616,0,0.0,0,164,0,0,0.98,0.0,GREEN,56,Mumbai
CLM0018575,MUM_04884,Andheri,2025-02-23,10,0,0,0,1,0,0,0,0,0,0.0,0.131609,0,0.0,0,167,2,7,0.5117,0.1192,GREEN,37,Mumbai
CLM0018576,MUM_03324,Borivali,2024-05-11,15,0,0,0,0,0,0,0,1,0,0.0,0.252223,0,0.0,0,96,1,0,0.8318,0.1042,GREEN,46,Mumbai
CLM0018577,MUM_01359,Thane,2023-06-10,21,0,0,0,0,0,1,0,0,0,0.0,0.161199,0,0.0,0,175,2,4,0.9477,0.1392,GREEN,18,Mumbai
CLM0018578,MUM_01168,Borivali,2023-05-07,18,0,0,0,0,0,0,0,1,0,0.0,0.100873,0,0.0,0,99,2,3,0.5815,0.074,GREEN,39,Mumbai
CLM0018579,MUM_06617,Dadar,2025-04-27,15,0,0,0,0,0,0,0,0,0,0.0,0.0,0,0.0,0,278,2,4,0.8709,0.0475,GREEN,38,Mumbai
CLM0018580,MUM_02242,Bandra,2024-03-24,11,0,0,0,0,0,0,0,0,0,0.0,0.096423,0,0.0,0,132,3,0,0.5637,0.0,GREEN,42,Mumbai
CLM0018581,MUM_06425,Vashi,2024-02-09,11,0,0,0,0,0,0,0,0,0,0.0,0.320523,0,0.0,1,309,3,3,0.8561,0.2087,GREEN,30,Mumbai
CLM0018582,MUM_03421,Thane,2021-10-06,16,0,0,0,0,1,0,0,0,0,0.0,0.201599,0,0.0,0,323,4,1,0.8379,0.2399,GREEN,47,Mumbai
CLM0018583,MUM_07310,Thane,2025-02-16,17,0,0,0,0,0,1,0,0,0,0.0,0.0,0,0.0,0,30,2,1,0.5053,0.1928,GREEN,49,Mumbai
CLM0018584,MUM_09917,Dadar,2022-01-16,10,0,0,0,0,0,0,0,1,0,0.0,0.100217,0,0.0,0,176,2,0,0.9121,0.0597,GREEN,51,Mumbai
CLM0018585,MUM_07369,Vashi,2023-10-24,21,0,0,0,0,0,0,1,0,0,0.0,0.15854,0,0.0,1,72,0,2,0.5861,0.1593,GREEN,29,Mumbai
CLM0018586,MUM_02014,Vashi,2025-09-22,20,0,0,0,0,0,0,0,0,0,0.0,1.0,0,0.0,0,224,0,0,0.6405,0.0,GREEN,42,Mumbai
CLM0018587,MUM_08439,Andheri,2023-09-21,12,0,0,0,1,0,1,0,0,0,0.0,0.197617,0,1.0,0,24,3,5,0.6957,0.2459,GREEN,53,Mumbai
CLM0018588,MUM_09341,Chembur,2022-01-07,9,0,0,0,0,0,0,0,0,0,0.0,0.147061,0,0.0,0,29,3,4,0.0702,0.0043,GREEN,52,Mumbai
CLM0018589,MUM_07609,Ghatkopar,2023-04-09,21,0,0,0,0,0,0,0,0,0,0.0,0.311445,0,0.0,0,420,0,8,0.6324,0.0,GREEN,52,Mumbai
CLM0018590,MUM_06741,Borivali,2023-02-09,18,0,0,0,0,0,0,0,0,1,0.0,0.279339,0,0.0,0,154,1,5,0.5843,0.1893,GREEN,43,Mumbai
CLM0018591,MUM_04409,Ghatkopar,2022-11-09,9,0,0,0,0,0,0,0,0,0,0.0,0.246434,0,0.0,0,19,2,0,0.5783,0.0,GREEN,41,Mumbai
CLM0018592,MUM_01772,Andheri,2020-09-18,7,0,1,1,0,0,0,0,0,0,0.0,0.308862,0,0.0,0,322,4,1,0.98,0.0,GREEN,43,Mumbai
CLM0018593,MUM_03468,Andheri,2021-08-28,16,0,0,0,0,0,0,0,0,1,0.0,0.136551,0,0.0,0,29,0,4,0.98,0.0266,GREEN,19,Mumbai
CLM0018594,MUM_00242,Lower Parel,2015-12-11,13,0,0,0,0,1,0,0,0,0,0.0,0.159221,0,0.0,0,230,1,3,0.8555,0.0758,GREEN,43,Mumbai
CLM0018595,MUM_07807,Chembur,2019-01-18,10,0,0,0,0,0,0,0,0,0,0.0,0.208299,0,0.0,0,399,1,2,0.8433,0.0672,GREEN,52,Mumbai
CLM0018596,MUM_02242,Bandra,2020-03-24,7,0,0,0,0,0,1,0,1,0,0.0,0.263498,0,0.0,0,137,2,2,0.2034,0.2383,GREEN,42,Mumbai
CLM0018597,MUM_07323,Dadar,2025-11-12,17,0,0,0,0,0,0,0,0,0,0.0,0.0,0,1.0,0,252,2,4,0.5811,0.0,GREEN,36,Mumbai
CLM0018598,MUM_04467,Borivali,2025-11-05,14,0,0,0,1,0,0,0,0,0,0.0,0.430608,0,0.0,0,285,4,0,0.8894,0.12,GREEN,45,Mumbai
CLM0018599,MUM_01719,Ghatkopar,2025-03-07,21,0,0,0,0,1,0,0,0,0,0.0,0.320211,0,1.0,0,94,4,5,0.5651,0.0728,GREEN,53,Mumbai
CLM0018600,MUM_09325,Thane,2025-05-27,21,0,0,0,0,0,0,1,0,0,0.0,0.035011,0,0.0,0,420,4,1,0.8676,0.0465,GREEN,23,Mumbai
CLM0018601,MUM_01019,Vashi,2024-10-07,18,0,0,0,0,0,0,0,0,0,0.0,0.239693,0,0.0,0,296,3,2,0.8268,0.0,GREEN,46,Mumbai
CLM0018602,MUM_00247,Bandra,2025-02-16,18,0,0,0,0,0,0,1,0,0,1.0,0.277392,0,0.0,0,337,1,0,0.98,0.0933,GREEN,33,Mumbai
CLM0018603,MUM_04457,Dadar,2024-12-31,11,0,0,0,0,0,0,0,1,0,0.0,0.376377,0,0.0,0,30,1,0,0.05,0.1047,GREEN,34,Mumbai
CLM0018604,MUM_09890,Andheri,2025-09-26,19,0,0,0,0,0,1,0,0,0,0.0,0.108777,0,0.0,0,161,1,3,0.5617,0.1992,GREEN,64,Mumbai
CLM0018605,MUM_03598,Lower Parel,2025-07-30,15,0,0,0,0,0,0,0,0,0,0.0,0.0,0,0.0,0,82,3,2,0.6313,0.0,GREEN,41,Mumbai
CLM0018606,MUM_09143,Chembur,2025-10-17,20,0,0,0,0,0,1,0,0,1,0.0,0.947001,0,0.0,1,117,0,0,0.8981,0.1886,GREEN,42,Mumbai
CLM0018607,MUM_01818,Ghatkopar,2025-07-25,17,0,0,0,0,0,0,0,0,0,0.0,0.090623,0,0.0,0,387,3,1,0.8952,0.0,GREEN,29,Mumbai
CLM0018608,MUM_09683,Andheri,2022-11-23,19,0,0,0,0,0,0,0,0,0,0.0,0.231808,0,0.0,0,326,0,0,0.5527,0.0406,GREEN,49,Mumbai
CLM0018609,MUM_08568,Powai,2024-07-10,14,0,0,0,0,0,0,0,0,0,0.0,0.171053,0,0.0,0,408,3,0,0.9293,0.0479,GREEN,30,Mumbai
CLM0018610,MUM_00611,Borivali,2023-08-05,8,0,0,0,0,0,0,0,0,0,0.0,0.275048,0,0.0,1,246,2,4,0.5362,0.0671,GREEN,32,Mumbai
CLM0018611,MUM_05442,Ghatkopar,2023-03-04,21,0,0,0,0,0,0,0,0,0,0.0,0.100948,0,0.0,0,420,3,5,0.8705,0.062,GREEN,59,Mumbai
CLM0018612,MUM_00934,Powai,2025-12-09,19,0,0,0,0,0,1,0,1,0,0.0,0.165619,0,0.0,0,262,3,0,0.05,0.1478,GREEN,58,Mumbai
CLM0018613,MUM_09091,Thane,2024-04-26,7,0,0,0,0,0,0,1,0,0,0.0,0.286226,0,0.0,0,420,2,1,0.8694,0.2288,GREEN,59,Mumbai
CLM0018614,MUM_04262,Ghatkopar,2023-09-20,19,0,0,0,0,0,0,0,0,0,0.0,0.071446,0,0.0,0,404,4,1,0.98,0.0537,GREEN,52,Mumbai
CLM0018615,MUM_00959,Dadar,2025-02-01,15,0,0,0,0,0,0,0,0,0,0.0,0.165481,0,0.0,0,382,3,4,0.8192,0.0465,GREEN,36,Mumbai
CLM0018616,MUM_04223,Powai,2025-09-27,19,0,0,0,0,0,0,0,0,0,0.0,0.076229,0,0.0,0,388,3,3,0.8082,0.1103,GREEN,43,Mumbai
CLM0018617,MUM_01554,Powai,2024-12-17,18,0,0,0,0,0,0,0,0,0,0.0,0.350847,0,0.0,0,172,3,4,0.8731,0.0,GREEN,34,Mumbai
CLM0018618,MUM_07168,Thane,2016-08-09,11,0,0,0,0,0,0,0,0,0,0.0,0.233699,0,0.0,0,205,1,0,0.8419,0.044,GREEN,52,Mumbai
CLM0018619,MUM_04154,Andheri,2016-11-19,7,0,1,1,0,0,0,0,0,0,1.0,0.285539,0,0.0,0,79,2,1,0.7198,0.0,GREEN,31,Mumbai
CLM0018620,MUM_02359,Lower Parel,2018-06-22,17,0,0,0,0,0,0,0,0,0,0.0,0.154378,0,0.0,0,234,4,3,0.2257,0.0,GREEN,38,Mumbai
CLM0018621,MUM_05239,Borivali,2025-02-21,11,0,0,0,0,0,0,0,0,0,0.0,0.212378,0,0.0,0,73,2,0,0.5931,0.0183,GREEN,31,Mumbai
CLM0018622,MUM_09320,Vashi,2024-12-27,19,0,0,0,1,0,0,1,0,0,0.0,0.213025,0,0.0,0,384,1,4,0.6566,0.2348,GREEN,22,Mumbai
CLM0018623,MUM_03418,Powai,2024-07-24,8,0,0,0,0,0,0,1,1,1,1.0,0.978664,0,1.0,1,15,2,18,0.8243,0.1183,GREEN,58,Mumbai
CLM0018624,MUM_05125,Dadar,2024-08-16,14,0,0,0,0,0,0,0,0,0,0.0,0.116566,0,0.0,0,420,0,0,0.6991,0.0434,GREEN,51,Mumbai
CLM0018625,MUM_06472,Borivali,2025-08-09,13,0,0,0,0,0,0,0,0,0,0.0,0.0,0,0.0,0,385,2,2,0.6484,0.0,GREEN,66,Mumbai
CLM0018626,MUM_00099,Chembur,2022-05-10,18,0,0,0,0,0,0,0,0,0,0.0,0.405119,0,1.0,1,420,2,4,0.7959,0.1426,GREEN,43,Mumbai
CLM0018627,MUM_07264,Borivali,2020-12-03,17,0,0,0,0,0,0,0,1,0,0.0,0.352111,0,0.0,0,344,3,1,0.8999,0.0554,GREEN,37,Mumbai
CLM0018628,MUM_07702,Thane,2019-12-01,13,0,0,0,0,1,0,1,1,0,0.0,0.004781,0,0.0,0,5,0,18,0.8375,0.1301,GREEN,29,Mumbai
CLM0018629,MUM_03198,Thane,2021-07-02,9,0,0,0,0,0,0,0,0,0,0.0,0.2957,0,0.0,0,420,0,0,0.2868,0.0262,GREEN,51,Mumbai
CLM0018630,MUM_07315,Dadar,2025-07-29,12,0,1,1,0,0,0,0,1,1,0.0,0.32682,0,0.0,1,193,3,2,0.6891,0.3033,GREEN,37,Mumbai
CLM0018631,MUM_05043,Thane,2020-10-24,17,0,0,0,0,0,0,0,0,0,0.0,0.423937,1,0.0,0,342,4,0,0.851,0.0417,GREEN,34,Mumbai
CLM0018632,MUM_08566,Lower Parel,2024-07-12,10,0,0,0,0,0,1,0,0,0,0.0,0.271239,0,0.0,0,420,0,2,0.98,0.1054,GREEN,23,Mumbai
CLM0018633,MUM_02083,Andheri,2024-06-04,12,0,0,0,0,0,0,0,0,0,0.0,0.111304,1,0.0,0,307,2,0,0.6369,0.0363,GREEN,38,Mumbai
CLM0018634,MUM_07754,Dadar,2022-04-20,11,0,0,0,0,0,0,0,1,0,1.0,0.059369,0,0.0,0,420,3,3,0.9161,0.1383,GREEN,38,Mumbai
CLM0018635,MUM_02108,Borivali,2023-11-02,19,0,0,0,0,1,0,0,0,0,0.0,0.184576,0,0.0,0,420,3,0,0.8698,0.0889,GREEN,36,Mumbai
CLM0018636,MUM_09781,Dadar,2018-07-31,21,0,0,0,0,1,0,1,0,0,0.0,1.0,0,0.0,0,226,4,6,0.98,0.1749,GREEN,40,Mumbai
CLM0018637,MUM_05918,Lower Parel,2022-06-16,19,0,0,0,0,0,0,0,0,0,0.0,0.275064,0,0.0,0,396,4,2,0.5774,0.0364,GREEN,45,Mumbai
CLM0018638,MUM_06249,Bandra,2020-01-26,21,0,0,0,0,0,0,0,0,0,0.0,0.036804,0,0.0,0,420,1,1,0.1478,0.0,GREEN,41,Mumbai
CLM0018639,MUM_07734,Andheri,2018-02-28,11,0,0,0,0,0,0,0,0,0,0.0,0.39578,0,0.0,0,331,4,1,0.8716,0.0029,GREEN,50,Mumbai
CLM0018640,MUM_06432,Powai,2024-08-20,15,0,0,0,0,0,1,0,0,0,0.0,0.209081,0,0.0,0,257,0,0,0.7079,0.0012,GREEN,65,Mumbai
CLM0018641,MUM_02100,Borivali,2022-02-23,21,0,0,0,0,0,0,0,0,0,0.0,1.0,0,0.0,0,300,1,5,0.9264,0.0309,GREEN,32,Mumbai
CLM0018642,MUM_06736,Lower Parel,2022-02-22,12,0,0,0,0,0,0,0,0,0,0.0,0.299846,1,0.0,0,114,0,0,0.0844,0.1531,GREEN,55,Mumbai
CLM0018643,MUM_00417,Lower Parel,2023-01-24,20,0,0,0,1,0,0,0,0,0,0.0,0.300837,0,0.0,0,102,2,3,0.1965,0.0667,GREEN,28,Mumbai
CLM0018644,MUM_02262,Ghatkopar,2021-02-25,21,0,0,0,0,0,0,1,0,0,0.0,0.061891,0,0.0,0,420,1,0,0.7234,0.0742,GREEN,31,Mumbai
CLM0018645,MUM_01264,Lower Parel,2022-02-22,8,0,0,0,0,0,0,0,0,0,0.0,1.0,1,0.0,0,38,4,0,0.9103,0.0217,GREEN,52,Mumbai
CLM0018646,MUM_02443,Ghatkopar,2024-10-03,15,0,0,0,0,0,0,0,0,0,0.0,0.290426,0,0.0,1,246,0,3,0.6282,0.0,GREEN,41,Mumbai
CLM0018647,MUM_06816,Borivali,2024-08-20,15,0,0,0,0,0,0,0,0,0,0.0,0.080457,0,0.0,1,341,4,2,0.6562,0.0543,GREEN,42,Mumbai
CLM0018648,MUM_01408,Borivali,2023-05-08,14,0,0,0,0,1,1,1,1,1,0.0,0.256573,0,0.0,1,5,3,18,0.8378,0.1209,GREEN,37,Mumbai
CLM0018649,MUM_08822,Powai,2021-08-23,21,0,0,0,0,0,0,0,0,0,0.0,0.26727,0,0.0,0,40,2,0,0.8868,0.0227,GREEN,35,Mumbai
CLM0018650,MUM_06602,Powai,2025-02-17,12,0,0,0,0,0,0,0,0,0,0.0,0.109913,0,0.0,0,199,0,0,0.4598,0.0,GREEN,44,Mumbai
CLM0018651,MUM_00688,Andheri,2020-10-18,9,0,0,0,0,0,1,1,0,0,0.0,0.0,0,0.0,0,322,0,0,0.6139,0.1715,GREEN,36,Mumbai
CLM0018652,MUM_04499,Ghatkopar,2022-02-16,18,0,0,0,0,0,0,0,0,0,0.0,0.171831,0,0.0,0,267,3,4,0.1111,0.0,GREEN,44,Mumbai
CLM0018653,MUM_06450,Lower Parel,2025-06-19,7,0,0,0,0,0,0,0,0,0,0.0,0.130907,0,1.0,0,420,4,1,0.5697,0.0346,GREEN,20,Mumbai
CLM0018654,MUM_08085,Lower Parel,2021-07-01,14,0,0,0,0,0,0,0,0,0,0.0,1.0,0,0.0,0,395,4,5,0.98,0.0029,GREEN,52,Mumbai
CLM0018655,MUM_06741,Borivali,2019-05-31,19,0,0,0,0,0,0,0,0,0,0.0,0.201264,0,0.0,0,239,2,0,0.2852,0.0,GREEN,43,Mumbai
CLM0018656,MUM_05078,Andheri,2021-01-23,11,0,0,0,0,1,0,0,0,0,0.0,0.155979,0,0.0,0,107,0,3,0.8403,0.1931,GREEN,59,Mumbai
CLM0018657,MUM_05467,Lower Parel,2020-01-16,10,0,0,0,0,0,0,0,0,0,0.0,0.167203,0,0.0,0,298,4,5,0.6202,0.0833,GREEN,65,Mumbai
CLM0018658,MUM_07456,Ghatkopar,2018-12-18,13,0,0,0,0,0,0,0,0,0,0.0,0.306608,0,0.0,0,239,3,1,0.8899,0.0214,GREEN,53,Mumbai
CLM0018659,MUM_09414,Lower Parel,2023-05-01,18,0,0,0,1,1,1,0,0,0,0.0,1.0,0,0.0,0,45,1,0,0.5684,0.5172,YELLOW,44,Mumbai
CLM0018660,MUM_02926,Thane,2023-12-22,10,0,0,0,0,0,0,0,0,0,0.0,0.431464,0,0.0,0,115,1,0,0.7076,0.0806,GREEN,49,Mumbai
CLM0018661,MUM_09617,Dadar,2019-05-28,10,0,0,0,0,0,0,0,1,0,0.0,0.246115,0,0.0,1,233,0,3,0.9571,0.2228,GREEN,43,Mumbai
CLM0018662,MUM_01850,Andheri,2023-03-21,13,0,0,0,1,0,0,0,0,0,1.0,0.333105,0,0.0,0,420,1,3,0.05,0.152,GREEN,34,Mumbai
CLM0018663,MUM_00365,Vashi,2022-12-04,8,0,0,0,0,0,1,0,0,0,0.0,1.0,0,0.0,0,84,3,4,0.547,0.0142,GREEN,52,Mumbai
CLM0018664,MUM_06409,Chembur,2023-11-11,10,0,0,0,0,0,0,0,0,0,0.0,0.303586,0,0.0,0,233,3,2,0.9636,0.0616,GREEN,46,Mumbai
CLM0018665,MUM_04394,Bandra,2022-07-11,19,0,0,0,1,0,1,0,0,0,1.0,0.469467,0,0.0,0,156,3,1,0.5594,0.322,YELLOW,45,Mumbai
CLM0018666,MUM_08499,Thane,2018-12-09,10,0,0,0,0,0,0,0,0,0,0.0,0.076994,0,0.0,0,420,3,4,0.9682,0.0,GREEN,21,Mumbai
CLM0018667,MUM_07035,Powai,2025-08-14,12,0,0,0,0,0,0,0,0,0,0.0,0.190245,0,0.0,0,171,0,0,0.6615,0.1289,GREEN,61,Mumbai
CLM0018668,MUM_02935,Bandra,2024-08-11,16,0,0,0,0,0,0,1,0,0,1.0,1.0,0,0.0,0,420,3,1,0.9677,0.1452,GREEN,48,Mumbai
CLM0018669,MUM_09168,Bandra,2024-12-26,13,0,0,0,0,0,0,0,0,0,0.0,0.52468,0,0.0,0,420,4,0,0.2259,0.0477,GREEN,44,Mumbai
CLM0018670,MUM_04710,Vashi,2025-05-02,13,0,0,0,0,0,0,0,0,0,0.0,0.519914,0,0.0,0,368,3,5,0.6776,0.0943,GREEN,27,Mumbai
CLM0018671,MUM_04547,Andheri,2025-07-10,16,0,0,0,0,0,0,0,0,1,0.0,0.028476,0,0.0,1,253,0,4,0.98,0.2084,GREEN,51,Mumbai
CLM0018672,MUM_04339,Lower Parel,2025-02-27,21,0,0,0,1,0,0,0,0,0,0.0,0.020323,0,0.0,0,420,4,0,0.6803,0.2224,GREEN,31,Mumbai
CLM0018673,MUM_00910,Borivali,2024-04-20,12,0,0,0,0,0,0,0,0,1,0.0,0.968238,0,0.0,0,127,1,0,0.7059,0.1672,GREEN,51,Mumbai
CLM0018674,MUM_04661,Powai,2023-11-14,12,0,0,0,0,0,0,0,0,0,0.0,0.373242,0,0.0,0,420,2,0,0.4823,0.025,GREEN,26,Mumbai
CLM0018675,MUM_09002,Powai,2024-07-18,14,0,0,0,0,0,0,0,0,0,0.0,0.10577,0,0.0,0,165,3,0,0.0866,0.0,GREEN,43,Mumbai
CLM0018676,MUM_02406,Andheri,2025-06-11,11,0,0,0,0,0,0,0,0,0,0.0,0.244242,0,0.0,0,297,4,0,0.6497,0.0,GREEN,29,Mumbai
CLM0018677,MUM_00722,Chembur,2020-10-05,11,0,0,0,0,0,0,0,0,0,0.0,0.282522,0,0.0,0,420,2,4,0.8758,0.0,GREEN,43,Mumbai
CLM0018678,MUM_03745,Ghatkopar,2024-04-21,10,0,0,0,0,0,0,0,0,0,0.0,0.10481,0,0.0,0,232,1,1,0.05,0.0,GREEN,33,Mumbai
CLM0018679,MUM_06241,Vashi,2022-08-29,14,0,0,0,0,0,0,0,0,0,0.0,0.19482,0,0.0,0,211,3,4,0.8031,0.0931,GREEN,59,Mumbai
CLM0018680,MUM_01777,Powai,2024-11-06,12,0,0,0,0,0,0,0,0,0,0.0,0.13663,0,1.0,0,420,1,0,0.0599,0.0,GREEN,45,Mumbai
CLM0018681,MUM_05048,Chembur,2024-05-15,14,0,0,0,0,1,1,0,1,1,1.0,0.980089,1,1.0,0,16,3,14,0.0506,0.0063,GREEN,22,Mumbai
CLM0018682,MUM_06240,Ghatkopar,2020-05-04,11,0,0,0,0,0,0,0,0,0,1.0,0.916001,0,0.0,0,420,3,7,0.7855,0.1076,GREEN,55,Mumbai
CLM0018683,MUM_08484,Ghatkopar,2017-10-17,10,0,0,0,0,0,0,0,0,0,0.0,0.193147,0,0.0,0,420,3,3,0.6834,0.0,GREEN,38,Mumbai
CLM0018684,MUM_05183,Powai,2021-06-30,18,0,0,0,0,1,1,0,0,0,0.0,0.252907,0,0.0,0,352,0,0,0.546,0.2437,GREEN,23,Mumbai
CLM0018685,MUM_06584,Ghatkopar,2025-04-23,15,0,0,0,0,0,0,0,0,0,0.0,0.14703,0,0.0,0,116,1,4,0.7807,0.0,GREEN,48,Mumbai
CLM0018686,MUM_07522,Bandra,2025-07-16,9,0,0,0,0,0,0,0,0,0,0.0,0.197931,0,0.0,0,238,2,4,0.8058,0.0,GREEN,33,Mumbai
CLM0018687,MUM_09118,Chembur,2024-10-01,17,0,0,0,0,0,0,0,0,0,0.0,0.302571,0,0.0,0,368,0,6,0.1172,0.0,GREEN,26,Mumbai
CLM0018688,MUM_09700,Powai,2023-11-07,13,0,0,0,0,0,0,0,0,0,0.0,0.240474,0,0.0,0,106,2,4,0.6262,0.0341,GREEN,46,Mumbai
CLM0018689,MUM_06254,Ghatkopar,2021-06-09,10,0,0,0,0,0,0,0,0,0,0.0,0.0,0,0.0,0,420,1,0,0.5448,0.0545,GREEN,33,Mumbai
CLM0018690,MUM_01908,Lower Parel,2021-11-23,15,0,0,0,0,0,0,0,1,0,0.0,0.23149,0,0.0,0,319,2,1,0.4244,0.0039,GREEN,34,Mumbai
CLM0018691,MUM_09152,Chembur,2025-01-22,18,0,0,0,0,0,0,0,0,0,0.0,0.082338,0,0.0,0,157,2,3,0.8936,0.0,GREEN,42,Mumbai
CLM0018692,MUM_06251,Vashi,2017-03-15,17,0,0,0,0,0,0,0,0,0,0.0,0.241423,0,0.0,0,357,3,6,0.2173,0.1816,GREEN,54,Mumbai
CLM0018693,MUM_06191,Thane,2023-10-13,10,0,0,0,0,0,0,0,0,0,0.0,0.274274,0,0.0,0,274,4,3,0.6092,0.0253,GREEN,46,Mumbai
CLM0018694,MUM_07542,Chembur,2022-11-29,14,0,0,0,0,0,0,1,0,0,1.0,0.923588,0,1.0,0,420,3,3,0.8904,0.0959,GREEN,52,Mumbai
CLM0018695,MUM_03192,Andheri,2022-02-05,18,0,0,0,0,0,0,0,0,0,1.0,0.0,1,0.0,0,401,1,2,0.6639,0.0867,GREEN,46,Mumbai
CLM0018696,MUM_08167,Powai,2024-12-16,13,0,0,0,0,0,0,0,0,1,0.0,1.0,0,0.0,0,340,1,5,0.8899,0.0997,GREEN,32,Mumbai
CLM0018697,MUM_07737,Borivali,2024-02-15,13,0,0,0,0,0,0,0,0,0,0.0,0.080705,0,0.0,0,99,3,0,0.5012,0.0386,GREEN,47,Mumbai
CLM0018698,MUM_06344,Ghatkopar,2017-07-19,11,0,0,0,0,0,0,0,0,0,0.0,0.117011,0,0.0,0,420,3,0,0.5712,0.008,GREEN,52,Mumbai
CLM0018699,MUM_03663,Thane,2021-02-18,12,0,0,0,0,0,1,0,0,0,0.0,0.306249,0,0.0,0,84,1,0,0.707,0.1523,GREEN,51,Mumbai
CLM0018700,MUM_08158,Borivali,2017-01-26,10,0,0,0,0,0,0,0,0,0,0.0,0.184687,0,1.0,0,420,3,1,0.5738,0.0,GREEN,39,Mumbai
CLM0018701,MUM_09348,Thane,2018-09-08,21,0,0,0,0,0,0,0,0,0,1.0,0.0,0,0.0,0,417,3,4,0.346,0.0346,GREEN,24,Mumbai
CLM0018702,MUM_07423,Powai,2024-02-13,17,0,0,0,0,0,1,0,0,0,0.0,0.11424,0,0.0,0,181,2,1,0.98,0.0469,GREEN,48,Mumbai
CLM0018703,MUM_06351,Powai,2024-01-26,7,0,0,0,0,0,0,1,0,0,0.0,0.273689,0,0.0,0,269,1,1,0.8708,0.0658,GREEN,34,Mumbai
CLM0018704,MUM_02429,Vashi,2025-06-16,9,0,0,0,0,0,0,0,0,0,0.0,0.137286,1,0.0,0,23,0,3,0.9599,0.0873,GREEN,28,Mumbai
CLM0018705,MUM_06497,Dadar,2019-03-21,21,0,0,0,1,0,0,0,0,0,0.0,0.295695,0,0.0,0,162,1,0,0.98,0.1303,GREEN,26,Mumbai
CLM0018706,MUM_04153,Powai,2024-02-21,10,0,0,0,0,0,0,0,0,0,0.0,0.105685,0,0.0,0,116,2,0,0.8338,0.0,GREEN,58,Mumbai
CLM0018707,MUM_07828,Borivali,2020-05-03,20,0,0,0,0,0,0,0,0,0,0.0,0.0,0,0.0,0,410,0,1,0.4325,0.0,GREEN,56,Mumbai
CLM0018708,MUM_00695,Lower Parel,2019-04-28,17,0,0,0,0,0,0,0,0,0,0.0,0.188892,0,0.0,0,120,1,0,0.5035,0.0,GREEN,50,Mumbai
CLM0018709,MUM_09949,Lower Parel,2016-09-03,16,0,0,0,0,0,0,1,0,1,0.0,0.213751,0,0.0,0,267,4,0,0.1275,0.164,GREEN,47,Mumbai
CLM0018710,MUM_07121,Ghatkopar,2019-12-17,15,0,0,0,0,0,0,0,0,0,0.0,0.162362,0,0.0,0,390,4,0,0.98,0.0209,GREEN,52,Mumbai
CLM0018711,MUM_06572,Dadar,2023-07-12,13,0,0,0,0,0,0,0,0,0,0.0,0.053035,0,0.0,0,289,1,4,0.7993,0.0,GREEN,36,Mumbai
CLM0018712,MUM_09290,Powai,2020-12-05,20,0,0,0,0,0,0,0,0,0,0.0,0.0,0,0.0,0,264,0,0,0.8521,0.0562,GREEN,41,Mumbai
CLM0018713,MUM_00336,Thane,2024-03-15,13,0,0,0,0,1,0,0,0,0,0.0,0.314801,0,0.0,0,214,0,5,0.8474,0.1887,GREEN,66,Mumbai
CLM0018714,MUM_00274,Andheri,2022-01-19,9,0,0,0,0,0,0,0,0,0,1.0,0.036126,0,0.0,0,358,1,2,0.7186,0.0451,GREEN,26,Mumbai
CLM0018715,MUM_04614,Ghatkopar,2025-01-01,16,0,0,0,0,0,0,0,0,0,0.0,0.212485,0,0.0,0,234,0,0,0.4784,0.0,GREEN,58,Mumbai
CLM0018716,MUM_05273,Ghatkopar,2024-02-18,8,0,0,0,0,0,0,0,0,1,0.0,0.102907,0,0.0,0,294,0,0,0.9596,0.2183,GREEN,59,Mumbai
CLM0018717,MUM_05026,Andheri,2024-07-27,12,0,0,0,0,0,0,0,0,0,0.0,0.156751,0,0.0,0,137,2,2,0.4813,0.0,GREEN,60,Mumbai
CLM0018718,MUM_08870,Dadar,2020-04-29,16,0,0,0,0,0,0,0,0,0,0.0,0.15733,0,0.0,1,131,4,2,0.8464,0.1468,GREEN,29,Mumbai
CLM0018719,MUM_02303,Lower Parel,2022-03-10,16,0,0,0,0,0,0,0,0,0,0.0,0.377169,0,0.0,0,80,0,0,0.8156,0.0449,GREEN,52,Mumbai
CLM0018720,MUM_01579,Vashi,2022-12-17,12,0,1,1,0,0,1,0,0,0,0.0,0.927373,0,0.0,0,99,1,3,0.65,0.0298,GREEN,35,Mumbai
CLM0018721,MUM_03126,Bandra,2023-01-04,8,0,0,0,0,0,0,0,0,0,0.0,0.964304,0,0.0,0,327,4,3,0.8358,0.0,GREEN,43,Mumbai
CLM0018722,MUM_01961,Thane,2023-06-03,11,0,0,0,0,0,0,1,0,0,1.0,0.295256,0,0.0,0,420,1,7,0.5021,0.1479,GREEN,28,Mumbai
CLM0018723,MUM_08063,Borivali,2023-03-03,13,0,0,0,0,0,0,0,0,0,0.0,0.03076,0,0.0,0,109,0,2,0.8175,0.0,GREEN,59,Mumbai
CLM0018724,MUM_01921,Lower Parel,2024-11-19,16,0,0,0,1,0,1,0,0,0,0.0,0.113021,0,0.0,0,325,2,1,0.6536,0.2691,GREEN,56,Mumbai
CLM0018725,MUM_02423,Chembur,2023-03-03,8,0,0,0,0,0,1,0,0,0,0.0,0.068486,0,0.0,0,108,1,0,0.2458,0.0998,GREEN,38,Mumbai
CLM0018726,MUM_03466,Borivali,2023-12-20,21,0,0,0,0,0,1,0,0,1,0.0,0.351359,0,0.0,0,315,4,3,0.1777,0.2883,GREEN,43,Mumbai
CLM0018727,MUM_06013,Vashi,2023-10-13,20,0,0,0,0,1,0,1,0,0,1.0,0.237256,0,0.0,0,420,0,5,0.5765,0.2806,GREEN,35,Mumbai
CLM0018728,MUM_08141,Bandra,2021-11-18,18,0,0,0,0,0,1,0,0,0,0.0,0.318111,0,0.0,0,227,4,3,0.8135,0.0397,GREEN,31,Mumbai
CLM0018729,MUM_00373,Thane,2021-05-23,7,0,0,0,0,0,0,0,0,0,0.0,0.337345,0,0.0,1,420,4,5,0.6253,0.0719,GREEN,40,Mumbai
CLM0018730,MUM_05030,Andheri,2021-11-22,21,0,0,0,0,0,0,0,0,0,0.0,0.14653,0,0.0,0,311,1,7,0.98,0.0,GREEN,44,Mumbai
CLM0018731,MUM_03059,Bandra,2025-04-23,10,0,0,0,0,0,1,0,1,0,0.0,0.172478,0,0.0,0,60,3,5,0.8085,0.1914,GREEN,34,Mumbai
CLM0018732,MUM_04508,Dadar,2023-04-25,19,0,0,0,0,0,0,0,0,0,0.0,0.422408,0,0.0,0,333,1,5,0.1315,0.0,GREEN,37,Mumbai
CLM0018733,MUM_01436,Ghatkopar,2022-11-23,20,0,0,0,0,0,0,0,0,0,0.0,0.37945,0,0.0,0,331,4,1,0.8319,0.0,GREEN,36,Mumbai
CLM0018734,MUM_02146,Chembur,2024-09-12,18,0,0,0,0,0,0,0,0,0,0.0,0.97912,1,0.0,0,344,4,1,0.5462,0.1994,GREEN,49,Mumbai
CLM0018735,MUM_02145,Andheri,2025-12-19,8,0,0,0,0,0,0,0,0,0,0.0,0.0,0,0.0,0,420,2,0,0.8834,0.0,GREEN,40,Mumbai
CLM0018736,MUM_06235,Andheri,2024-01-23,11,0,0,0,0,0,0,0,0,0,0.0,1.0,0,0.0,0,379,4,5,0.1442,0.0,GREEN,55,Mumbai
CLM0018737,MUM_00952,Borivali,2025-03-27,21,0,0,0,0,0,0,0,0,0,1.0,1.0,0,0.0,0,221,4,4,0.8343,0.0,GREEN,45,Mumbai
CLM0018738,MUM_04798,Bandra,2022-07-24,7,0,0,0,0,0,0,0,0,0,0.0,0.366025,0,0.0,0,305,0,1,0.7353,0.0,GREEN,37,Mumbai
CLM0018739,MUM_08259,Lower Parel,2025-11-23,14,0,0,0,0,0,0,0,0,0,0.0,0.069052,0,0.0,0,38,3,0,0.6171,0.0,GREEN,38,Mumbai
CLM0018740,MUM_05753,Ghatkopar,2022-12-18,19,0,0,0,0,0,0,0,0,0,0.0,0.25446,0,0.0,0,152,3,4,0.2118,0.0256,GREEN,50,Mumbai
CLM0018741,MUM_02542,Ghatkopar,2025-08-12,10,0,0,0,0,0,0,0,0,0,0.0,0.208176,0,0.0,0,255,2,0,0.8983,0.0,GREEN,61,Mumbai
CLM0018742,MUM_05542,Ghatkopar,2021-03-29,14,0,0,0,0,1,0,0,0,0,0.0,0.381274,0,0.0,0,272,3,6,0.671,0.0695,GREEN,51,Mumbai
CLM0018743,MUM_07251,Bandra,2020-08-28,7,0,0,0,0,0,0,0,1,0,0.0,0.976923,0,0.0,0,394,3,0,0.1212,0.1863,GREEN,36,Mumbai
CLM0018744,MUM_00259,Vashi,2020-04-17,20,0,0,0,0,0,0,0,0,0,1.0,0.415059,0,0.0,0,104,4,1,0.6701,0.0109,GREEN,52,Mumbai
CLM0018745,MUM_06621,Powai,2025-12-17,8,0,0,0,0,0,0,0,0,0,0.0,0.052501,0,0.0,0,5,3,6,0.6558,0.0047,GREEN,36,Mumbai
CLM0018746,MUM_06658,Thane,2025-10-14,11,0,0,0,1,0,0,0,1,0,0.0,0.001139,0,0.0,0,197,2,4,0.5278,0.3117,YELLOW,24,Mumbai
CLM0018747,MUM_07331,Vashi,2024-05-07,10,0,0,0,0,0,0,0,0,0,0.0,0.076463,0,0.0,0,182,3,1,0.98,0.051,GREEN,46,Mumbai
CLM0018748,MUM_09698,Powai,2025-02-03,20,0,0,0,0,0,0,0,0,0,0.0,0.297777,0,0.0,0,31,4,3,0.8777,0.0,GREEN,33,Mumbai
CLM0018749,MUM_07748,Borivali,2024-06-25,20,0,0,0,0,0,0,0,0,0,0.0,0.062201,0,0.0,0,312,1,2,0.4917,0.0739,GREEN,51,Mumbai
CLM0018750,MUM_04267,Thane,2025-12-07,11,0,0,0,0,1,0,0,0,0,0.0,0.308919,0,0.0,0,120,0,0,0.9188,0.0137,GREEN,44,Mumbai
CLM0018751,MUM_01121,Vashi,2018-11-24,15,0,0,0,0,0,0,0,0,0,1.0,0.366566,0,0.0,1,310,0,5,0.9189,0.1607,GREEN,42,Mumbai
CLM0018752,MUM_04979,Thane,2022-02-20,15,0,0,0,0,0,0,1,1,0,0.0,0.345898,0,0.0,0,234,0,3,0.113,0.0774,GREEN,61,Mumbai
CLM0018753,MUM_04897,Ghatkopar,2020-12-27,20,0,0,0,0,0,0,0,0,0,1.0,0.909963,0,1.0,0,376,3,3,0.98,0.0882,GREEN,38,Mumbai
CLM0018754,MUM_06360,Powai,2017-04-21,15,0,0,0,0,0,0,0,0,1,0.0,0.386264,0,0.0,0,77,3,2,0.7986,0.0895,GREEN,45,Mumbai
CLM0018755,MUM_03841,Ghatkopar,2024-04-06,15,0,0,0,0,0,0,0,0,0,1.0,1.0,0,1.0,0,5,1,1,0.6329,0.0,GREEN,53,Mumbai
CLM0018756,MUM_07156,Bandra,2020-07-23,10,0,0,0,0,0,0,0,0,0,1.0,0.975533,0,0.0,0,331,4,0,0.5588,0.1474,GREEN,34,Mumbai
CLM0018757,MUM_02512,Chembur,2024-06-24,10,0,0,0,0,1,0,0,0,0,0.0,1.0,0,0.0,0,420,1,5,0.7061,0.0958,GREEN,31,Mumbai
CLM0018758,MUM_05181,Vashi,2024-05-16,10,0,0,0,1,0,0,0,0,0,1.0,0.346753,0,0.0,0,420,1,6,0.0931,0.2799,GREEN,62,Mumbai
CLM0018759,MUM_00488,Dadar,2025-05-21,18,0,0,0,0,0,0,0,0,0,0.0,0.324871,0,0.0,0,299,3,2,0.524,0.0035,GREEN,29,Mumbai
CLM0018760,MUM_02018,Vashi,2022-10-19,7,0,0,0,0,0,0,0,0,0,0.0,0.074522,0,0.0,0,189,4,4,0.5333,0.0963,GREEN,47,Mumbai
CLM0018761,MUM_04337,Vashi,2022-06-02,9,0,1,1,0,0,0,0,0,0,0.0,0.285517,0,0.0,0,420,3,3,0.7314,0.0111,GREEN,57,Mumbai
CLM0018762,MUM_03842,Powai,2023-11-24,17,0,0,0,0,0,1,0,0,0,0.0,0.081798,0,0.0,0,153,4,2,0.739,0.2286,GREEN,52,Mumbai
CLM0018763,MUM_01537,Bandra,2023-02-27,17,0,0,0,0,0,0,0,0,0,0.0,0.32068,0,0.0,0,159,4,4,0.5219,0.1222,GREEN,46,Mumbai
CLM0018764,MUM_07004,Vashi,2022-11-15,15,0,0,0,0,1,0,0,0,0,0.0,0.166446,0,0.0,0,389,3,0,0.8607,0.1946,GREEN,31,Mumbai
CLM0018765,MUM_04361,Bandra,2023-05-18,10,0,0,0,0,0,0,0,1,0,0.0,0.354449,0,0.0,0,22,4,0,0.6977,0.1253,GREEN,18,Mumbai
CLM0018766,MUM_00228,Lower Parel,2023-07-20,21,0,0,0,0,0,0,0,0,0,0.0,0.189225,0,0.0,0,391,2,0,0.7052,0.0,GREEN,31,Mumbai
CLM0018767,MUM_09311,Andheri,2025-07-17,20,0,0,0,0,0,1,0,1,0,0.0,0.354233,0,0.0,0,46,4,7,0.6356,0.1991,GREEN,48,Mumbai
CLM0018768,MUM_07756,Lower Parel,2024-06-17,20,0,0,0,0,0,0,0,0,0,0.0,0.342406,0,0.0,0,277,0,2,0.8546,0.0,GREEN,29,Mumbai
CLM0018769,MUM_00195,Ghatkopar,2021-06-09,15,0,0,0,0,0,0,0,0,0,0.0,0.0,0,0.0,0,420,2,4,0.2731,0.0824,GREEN,53,Mumbai
CLM0018770,MUM_02095,Chembur,2023-06-01,12,0,0,0,0,0,0,0,0,0,0.0,0.10597,0,0.0,0,223,3,2,0.7328,0.0,GREEN,48,Mumbai
CLM0018771,MUM_08377,Vashi,2020-04-23,21,0,0,0,0,0,0,1,0,0,0.0,0.357479,0,0.0,0,395,3,0,0.7056,0.0,GREEN,28,Mumbai
CLM0018772,MUM_06334,Ghatkopar,2017-09-14,21,0,0,0,0,0,0,0,0,0,0.0,0.121413,0,0.0,0,305,3,4,0.8492,0.0508,GREEN,50,Mumbai
CLM0018773,MUM_06044,Lower Parel,2023-08-21,14,0,0,0,0,0,0,0,0,0,1.0,0.176655,0,1.0,0,174,1,0,0.5383,0.0209,GREEN,28,Mumbai
CLM0018774,MUM_04989,Thane,2021-12-24,11,0,0,0,0,0,0,0,0,0,0.0,0.127575,0,0.0,0,242,3,4,0.9718,0.0152,GREEN,43,Mumbai
CLM0018775,MUM_04152,Vashi,2022-10-18,14,0,0,0,0,0,0,0,0,0,1.0,0.313504,0,1.0,1,82,1,2,0.2094,0.1466,GREEN,42,Mumbai
CLM0018776,MUM_03420,Andheri,2024-12-13,19,0,0,0,0,0,1,0,1,0,0.0,0.101195,0,0.0,0,420,4,3,0.2499,0.2067,GREEN,48,Mumbai
CLM0018777,MUM_04354,Andheri,2025-04-17,18,0,0,0,0,0,0,1,0,0,0.0,0.280495,0,0.0,0,124,0,1,0.832,0.0391,GREEN,37,Mumbai
CLM0018778,MUM_04185,Ghatkopar,2024-07-24,15,0,0,0,1,0,1,0,1,1,0.0,0.686241,0,0.0,1,5,1,18,0.8947,0.0361,GREEN,52,Mumbai
CLM0018779,MUM_01376,Borivali,2019-09-07,14,0,0,0,0,0,0,0,0,0,0.0,0.056653,0,0.0,0,420,4,1,0.8931,0.0082,GREEN,45,Mumbai
CLM0018780,MUM_06334,Ghatkopar,2019-05-24,15,0,0,0,0,0,0,0,0,0,0.0,1.0,0,0.0,0,61,4,0,0.8485,0.0116,GREEN,50,Mumbai
CLM0018781,MUM_00164,Dadar,2021-11-23,16,0,0,0,0,0,0,0,0,0,1.0,0.381075,0,0.0,0,263,3,0,0.1671,0.0226,GREEN,52,Mumbai
CLM0018782,MUM_02975,Ghatkopar,2025-06-06,8,0,0,0,0,0,0,0,0,0,0.0,0.296579,0,0.0,0,420,3,0,0.9773,0.036,GREEN,18,Mumbai
CLM0018783,MUM_06052,Ghatkopar,2025-02-25,11,0,0,0,1,1,1,1,0,0,1.0,0.945303,1,1.0,1,5,0,18,0.1108,0.038,GREEN,42,Mumbai
CLM0018784,MUM_04689,Bandra,2025-01-03,13,0,0,0,0,0,0,0,0,0,1.0,0.223703,0,0.0,0,358,0,1,0.7137,0.1324,GREEN,52,Mumbai
CLM0018785,MUM_04313,Bandra,2025-05-06,19,0,0,0,0,0,0,1,0,0,0.0,1.0,0,0.0,0,200,3,0,0.8264,0.0854,GREEN,57,Mumbai
CLM0018786,MUM_09769,Thane,2025-04-11,10,0,0,0,0,0,0,0,0,0,0.0,0.246905,0,0.0,0,52,4,0,0.8789,0.0499,GREEN,41,Mumbai
CLM0018787,MUM_03115,Thane,2025-12-30,18,0,0,0,0,0,0,1,0,0,0.0,0.42726,0,0.0,0,27,3,1,0.05,0.0461,GREEN,44,Mumbai
CLM0018788,MUM_09659,Dadar,2025-06-08,20,0,0,0,1,1,0,0,0,1,0.0,0.0,0,0.0,0,8,3,18,0.8567,0.1526,GREEN,45,Mumbai
CLM0018789,MUM_08255,Andheri,2024-10-28,9,0,0,0,0,0,0,0,1,0,0.0,1.0,1,0.0,0,55,0,4,0.6234,0.1365,GREEN,43,Mumbai
CLM0018790,MUM_00994,Powai,2024-06-02,15,0,0,0,1,0,0,0,0,0,0.0,0.310041,0,0.0,0,420,4,2,0.8792,0.2344,GREEN,36,Mumbai
CLM0018791,MUM_06538,Lower Parel,2025-12-01,20,0,0,0,0,1,0,0,1,0,0.0,0.397045,0,0.0,0,420,0,3,0.4435,0.204,GREEN,55,Mumbai
CLM0018792,MUM_08348,Andheri,2021-06-06,8,0,0,0,0,0,0,0,0,0,0.0,0.268984,0,0.0,0,62,1,1,0.7257,0.0207,GREEN,29,Mumbai
CLM0018793,MUM_05134,Andheri,2019-03-12,21,0,0,0,0,0,0,0,0,0,0.0,0.076514,0,0.0,0,420,3,3,0.4884,0.0335,GREEN,57,Mumbai
CLM0018794,MUM_03262,Powai,2022-03-14,11,0,0,0,0,0,0,0,0,0,0.0,0.95814,0,0.0,0,5,0,0,0.6052,0.0274,GREEN,44,Mumbai
CLM0018795,MUM_06151,Borivali,2020-06-06,10,0,0,0,1,0,0,0,0,0,1.0,1.0,0,0.0,0,168,2,1,0.5277,0.2025,GREEN,25,Mumbai
CLM0018796,MUM_05908,Thane,2020-12-01,14,0,0,0,0,0,1,0,0,0,0.0,0.293392,0,0.0,0,332,1,4,0.7813,0.1109,GREEN,31,Mumbai
CLM0018797,MUM_08456,Lower Parel,2025-02-16,20,0,0,0,0,0,0,0,0,0,0.0,0.333498,0,0.0,0,195,1,0,0.7514,0.0132,GREEN,47,Mumbai
CLM0018798,MUM_01902,Vashi,2017-11-02,14,0,0,0,0,1,0,0,0,0,0.0,0.199665,0,0.0,0,420,2,4,0.6484,0.1008,GREEN,38,Mumbai
CLM0018799,MUM_08839,Thane,2018-07-04,20,0,0,0,1,0,0,0,0,1,0.0,0.097402,0,0.0,1,410,2,6,0.0747,0.4475,YELLOW,54,Mumbai
CLM0018800,MUM_00534,Bandra,2022-07-29,21,0,0,0,1,0,0,0,0,0,0.0,0.271421,0,0.0,1,402,3,2,0.74,0.2973,GREEN,38,Mumbai
CLM0018801,MUM_04136,Dadar,2023-10-13,17,0,0,0,1,0,0,0,1,0,0.0,0.101509,0,1.0,0,226,1,0,0.804,0.2419,GREEN,23,Mumbai
CLM0018802,MUM_03380,Chembur,2025-01-10,21,0,0,0,0,0,0,0,0,0,0.0,0.208924,0,0.0,0,420,3,4,0.4271,0.0024,GREEN,49,Mumbai
CLM0018803,MUM_07306,Bandra,2020-11-29,9,0,1,1,0,0,0,0,0,0,0.0,0.056112,0,0.0,0,120,1,4,0.5921,0.0249,GREEN,41,Mumbai
CLM0018804,MUM_06344,Ghatkopar,2021-04-08,13,0,0,0,0,0,0,0,1,0,0.0,0.432533,0,0.0,0,111,2,0,0.57,0.0312,GREEN,52,Mumbai
CLM0018805,MUM_05964,Ghatkopar,2023-06-24,10,0,0,0,0,1,0,1,0,0,1.0,1.0,0,1.0,0,409,2,1,0.8085,0.1673,GREEN,60,Mumbai
CLM0018806,MUM_04761,Lower Parel,2024-02-18,11,0,0,0,1,0,0,0,0,0,0.0,0.404802,1,0.0,0,355,2,3,0.7824,0.2131,GREEN,24,Mumbai
CLM0018807,MUM_03412,Chembur,2023-07-04,20,0,0,0,0,0,1,0,0,0,0.0,0.280402,0,0.0,0,108,1,3,0.9171,0.1096,GREEN,35,Mumbai
CLM0018808,MUM_09011,Chembur,2022-02-13,21,0,0,0,0,0,0,0,1,0,0.0,0.124418,0,0.0,0,282,3,3,0.5995,0.0771,GREEN,54,Mumbai
CLM0018809,MUM_07335,Thane,2023-03-01,17,0,0,0,0,0,0,0,0,0,0.0,0.51411,1,0.0,0,375,4,1,0.7168,0.1304,GREEN,44,Mumbai
CLM0018810,MUM_07985,Thane,2024-01-29,11,0,0,0,0,0,0,0,0,0,0.0,1.0,0,0.0,0,394,0,1,0.98,0.0838,GREEN,30,Mumbai
CLM0018811,MUM_06435,Dadar,2021-12-07,7,0,0,0,0,0,1,0,0,0,0.0,0.075807,0,0.0,0,297,3,4,0.4648,0.0955,GREEN,45,Mumbai
CLM0018812,MUM_08288,Chembur,2024-10-28,7,0,0,0,0,0,0,0,0,0,0.0,0.392824,0,0.0,0,208,2,2,0.6571,0.1123,GREEN,45,Mumbai
CLM0018813,MUM_02794,Bandra,2019-03-25,15,0,0,0,0,0,0,0,1,0,0.0,0.422947,0,0.0,0,73,1,5,0.2833,0.2243,GREEN,29,Mumbai
CLM0018814,MUM_00463,Chembur,2022-07-31,9,0,0,0,1,0,0,0,0,0,0.0,1.0,0,1.0,0,211,0,2,0.8661,0.1816,GREEN,54,Mumbai
CLM0018815,MUM_09935,Bandra,2020-11-21,12,0,0,0,0,0,1,0,1,0,0.0,0.322329,0,0.0,1,138,2,3,0.8839,0.289,GREEN,22,Mumbai
CLM0018816,MUM_03936,Lower Parel,2023-02-02,9,0,0,0,0,0,0,0,0,0,0.0,0.077222,0,0.0,0,28,3,4,0.8662,0.0146,GREEN,34,Mumbai
CLM0018817,MUM_04753,Borivali,2022-07-17,19,0,1,1,0,1,0,1,1,1,0.0,0.132527,1,0.0,0,5,4,18,0.8914,0.0185,GREEN,39,Mumbai
CLM0018818,MUM_02725,Dadar,2024-09-29,11,0,0,0,0,0,0,0,0,0,1.0,0.067393,0,0.0,0,393,3,0,0.7782,0.1568,GREEN,45,Mumbai
CLM0018819,MUM_06020,Powai,2020-06-15,20,0,0,0,0,0,0,0,1,0,0.0,0.161552,0,0.0,0,315,1,2,0.6122,0.0915,GREEN,44,Mumbai
CLM0018820,MUM_02466,Powai,2024-08-28,10,0,0,0,0,0,0,0,0,0,0.0,0.261042,0,0.0,0,211,1,5,0.5765,0.0,GREEN,39,Mumbai
CLM0018821,MUM_02588,Andheri,2023-02-25,19,0,0,0,0,0,1,0,0,0,0.0,0.137564,0,1.0,0,70,3,0,0.5419,0.134,GREEN,37,Mumbai
CLM0018822,MUM_06100,Ghatkopar,2024-08-27,7,0,0,0,0,0,0,0,0,1,0.0,0.213309,0,0.0,0,406,4,2,0.98,0.1219,GREEN,39,Mumbai
CLM0018823,MUM_04603,Ghatkopar,2024-09-26,13,0,0,0,0,0,0,1,0,0,0.0,0.074003,0,0.0,0,391,4,1,0.8718,0.0376,GREEN,42,Mumbai
CLM0018824,MUM_01770,Ghatkopar,2024-10-22,21,0,0,0,0,0,0,0,0,0,0.0,0.208989,0,0.0,0,63,2,2,0.6726,0.0,GREEN,42,Mumbai
CLM0018825,MUM_05032,Ghatkopar,2025-05-23,9,0,0,0,0,0,0,0,0,0,0.0,0.294849,0,0.0,0,158,2,0,0.5978,0.0012,GREEN,31,Mumbai
CLM0018826,MUM_01880,Ghatkopar,2025-01-26,18,0,0,0,0,0,0,0,0,0,0.0,0.048645,0,0.0,0,204,4,1,0.9023,0.1183,GREEN,63,Mumbai
CLM0018827,MUM_04831,Lower Parel,2025-10-22,8,0,0,0,0,0,0,0,0,0,0.0,0.338198,0,1.0,0,420,0,0,0.0601,0.0011,GREEN,36,Mumbai
CLM0018828,MUM_04506,Chembur,2025-02-23,12,0,0,0,0,0,0,0,0,0,0.0,0.242018,0,0.0,0,31,0,0,0.7076,0.0746,GREEN,40,Mumbai
CLM0018829,MUM_09541,Ghatkopar,2024-07-02,9,0,0,0,0,0,0,0,0,0,0.0,0.222804,0,0.0,0,420,4,2,0.98,0.0409,GREEN,41,Mumbai
CLM0018830,MUM_06101,Powai,2025-11-07,12,0,0,0,0,0,0,0,0,0,0.0,0.388099,0,0.0,0,308,3,0,0.872,0.0437,GREEN,29,Mumbai
CLM0018831,MUM_00869,Dadar,2021-01-29,15,0,0,0,0,0,0,0,0,0,0.0,0.387791,0,0.0,0,172,1,6,0.644,0.0298,GREEN,49,Mumbai
CLM0018832,MUM_00161,Powai,2024-10-14,14,0,0,0,0,0,0,1,0,0,0.0,0.0,0,0.0,0,389,3,4,0.7963,0.097,GREEN,58,Mumbai
CLM0018833,MUM_01370,Chembur,2024-05-12,16,0,0,0,0,0,0,0,1,0,0.0,0.286121,0,0.0,0,195,2,0,0.8732,0.0702,GREEN,38,Mumbai
CLM0018834,MUM_08202,Bandra,2024-09-23,16,0,0,0,1,0,0,0,1,0,1.0,0.011125,0,0.0,0,331,4,0,0.5073,0.3101,YELLOW,45,Mumbai
CLM0018835,MUM_02229,Thane,2023-09-10,11,0,0,0,0,0,0,0,0,0,1.0,0.138621,0,0.0,0,276,3,2,0.3305,0.0184,GREEN,62,Mumbai
CLM0018836,MUM_09645,Bandra,2021-02-22,9,0,0,0,0,0,0,0,0,0,0.0,0.311015,0,0.0,0,97,0,3,0.942,0.0798,GREEN,53,Mumbai
CLM0018837,MUM_09351,Bandra,2023-03-22,19,0,0,0,0,0,0,0,0,0,0.0,0.23819,0,0.0,0,262,2,1,0.7398,0.0,GREEN,18,Mumbai
CLM0018838,MUM_00756,Thane,2022-03-15,14,0,0,0,0,0,0,0,0,0,1.0,0.368729,0,0.0,0,227,0,4,0.8545,0.0099,GREEN,57,Mumbai
CLM0018839,MUM_08532,Andheri,2021-01-03,14,0,0,0,1,1,1,1,0,1,1.0,1.0,1,0.0,1,5,2,18,0.1458,0.1068,GREEN,38,Mumbai
CLM0018840,MUM_09548,Lower Parel,2025-08-09,14,0,0,0,0,0,0,0,0,0,0.0,0.293927,0,0.0,0,372,0,3,0.2349,0.0,GREEN,31,Mumbai
CLM0018841,MUM_06381,Powai,2020-09-23,20,0,0,0,0,1,0,0,0,0,0.0,0.182404,0,0.0,0,42,3,0,0.8039,0.2227,GREEN,26,Mumbai
CLM0018842,MUM_02150,Dadar,2025-08-17,7,0,0,0,0,0,1,0,0,0,0.0,0.025505,0,0.0,0,164,4,2,0.3377,0.1054,GREEN,39,Mumbai
CLM0018843,MUM_08269,Powai,2024-11-20,18,0,0,0,0,0,0,0,0,0,0.0,1.0,0,0.0,0,366,1,7,0.56,0.0252,GREEN,18,Mumbai
CLM0018844,MUM_05904,Ghatkopar,2025-04-11,19,0,0,0,0,0,0,0,0,0,0.0,0.196608,0,0.0,0,16,0,2,0.6388,0.0088,GREEN,31,Mumbai
CLM0018845,MUM_08993,Chembur,2025-07-21,9,0,1,1,0,0,0,0,0,0,0.0,0.19631,0,0.0,0,420,1,0,0.7198,0.0287,GREEN,39,Mumbai
CLM0018846,MUM_02123,Powai,2021-12-03,15,0,0,0,0,0,1,0,0,0,0.0,0.097567,0,0.0,0,25,2,0,0.7726,0.0,GREEN,50,Mumbai
CLM0018847,MUM_09544,Lower Parel,2021-03-28,17,0,0,0,0,0,0,0,0,0,0.0,0.184092,0,0.0,0,420,4,0,0.8914,0.0398,GREEN,22,Mumbai
CLM0018848,MUM_02215,Dadar,2025-11-08,20,0,0,0,0,0,0,0,1,0,0.0,0.0,0,0.0,1,291,4,3,0.6243,0.1792,GREEN,36,Mumbai
CLM0018849,MUM_04040,Borivali,2019-07-29,10,0,0,0,1,0,0,1,0,0,0.0,0.210552,0,0.0,0,257,0,0,0.8643,0.1747,GREEN,39,Mumbai
CLM0018850,MUM_04536,Chembur,2023-10-04,16,0,0,0,0,0,0,0,0,0,0.0,0.232091,0,0.0,0,181,4,5,0.05,0.052,GREEN,23,Mumbai
CLM0018851,MUM_01697,Bandra,2025-08-30,13,0,0,0,0,0,1,0,0,0,0.0,0.182885,0,0.0,0,373,4,0,0.8128,0.1416,GREEN,52,Mumbai
CLM0018852,MUM_03900,Dadar,2025-08-07,18,0,0,0,0,1,1,0,0,0,0.0,0.050481,0,0.0,0,154,0,1,0.6123,0.1688,GREEN,64,Mumbai
CLM0018853,MUM_08068,Powai,2025-06-13,9,0,0,0,0,0,1,0,0,0,0.0,0.179916,0,0.0,0,130,0,4,0.7601,0.0249,GREEN,22,Mumbai
CLM0018854,MUM_01620,Vashi,2024-01-27,14,0,0,0,0,0,1,0,0,0,0.0,0.264002,0,0.0,0,361,0,2,0.9592,0.0681,GREEN,31,Mumbai
CLM0018855,MUM_03122,Bandra,2021-10-13,12,0,0,0,0,0,0,0,0,1,0.0,0.311142,0,0.0,0,420,2,2,0.616,0.1735,GREEN,31,Mumbai
CLM0018856,MUM_00050,Vashi,2024-05-30,21,0,0,0,0,0,0,0,0,0,0.0,0.217546,0,0.0,0,196,1,6,0.8832,0.0,GREEN,47,Mumbai
CLM0018857,MUM_02736,Bandra,2023-03-17,7,0,0,0,0,0,0,0,0,0,0.0,0.203423,0,0.0,0,420,2,3,0.262,0.0,GREEN,63,Mumbai
CLM0018858,MUM_07121,Ghatkopar,2022-02-25,13,0,0,0,0,0,0,0,0,0,0.0,0.16499,0,0.0,0,132,4,4,0.673,0.0,GREEN,52,Mumbai
CLM0018859,MUM_00625,Thane,2022-02-22,10,0,0,0,0,0,0,0,0,0,0.0,0.372059,0,0.0,0,409,2,2,0.1191,0.0498,GREEN,50,Mumbai
CLM0018860,MUM_00652,Dadar,2023-05-28,12,0,0,0,0,0,0,0,0,0,0.0,0.228987,0,0.0,1,175,3,1,0.8048,0.0,GREEN,40,Mumbai
CLM0018861,MUM_04871,Ghatkopar,2024-12-12,16,0,0,0,0,0,0,0,0,0,1.0,0.0,0,0.0,0,84,3,3,0.825,0.063,GREEN,41,Mumbai
CLM0018862,MUM_00564,Powai,2025-08-18,21,0,0,0,0,0,0,0,0,0,0.0,0.28926,1,0.0,0,420,3,1,0.8862,0.2605,GREEN,42,Mumbai
CLM0018863,MUM_03053,Vashi,2023-10-03,19,0,0,0,0,0,0,0,1,0,0.0,0.211763,0,0.0,0,420,0,0,0.8681,0.0344,GREEN,34,Mumbai
CLM0018864,MUM_08867,Andheri,2024-11-20,12,0,0,0,0,0,0,0,0,0,1.0,1.0,0,1.0,0,397,3,0,0.6667,0.0582,GREEN,42,Mumbai
CLM0018865,MUM_04463,Ghatkopar,2021-10-24,12,0,0,0,0,0,0,0,0,0,0.0,0.242323,0,0.0,0,5,0,0,0.6487,0.0843,GREEN,51,Mumbai
CLM0018866,MUM_08968,Ghatkopar,2024-10-16,12,0,0,0,0,1,0,0,0,0,0.0,0.0,0,0.0,1,418,4,2,0.4932,0.2736,GREEN,44,Mumbai
CLM0018867,MUM_03002,Lower Parel,2025-05-24,21,0,0,0,0,0,0,0,0,0,0.0,0.0,0,0.0,0,420,2,4,0.8542,0.133,GREEN,50,Mumbai
CLM0018868,MUM_05282,Dadar,2023-05-14,17,0,0,0,0,0,0,0,0,0,0.0,0.038999,0,0.0,0,420,4,6,0.7869,0.0167,GREEN,30,Mumbai
CLM0018869,MUM_07145,Lower Parel,2024-05-31,20,0,0,0,0,0,0,0,0,0,0.0,0.284646,0,0.0,0,420,3,2,0.8262,0.0034,GREEN,46,Mumbai
CLM0018870,MUM_01798,Vashi,2022-04-24,16,0,0,0,0,0,1,0,0,1,0.0,0.955539,0,0.0,0,340,1,1,0.98,0.241,GREEN,34,Mumbai
CLM0018871,MUM_05242,Dadar,2021-04-23,10,0,0,0,0,0,0,0,0,0,0.0,0.081151,0,0.0,0,281,4,3,0.7072,0.0,GREEN,49,Mumbai
CLM0018872,MUM_04207,Ghatkopar,2023-03-02,16,0,0,0,0,0,0,1,0,0,0.0,0.058058,0,0.0,0,397,2,4,0.1821,0.1761,GREEN,57,Mumbai
CLM0018873,MUM_01611,Andheri,2024-03-12,16,0,0,0,0,0,0,1,0,0,0.0,0.0,0,0.0,0,208,3,0,0.5512,0.0,GREEN,58,Mumbai
CLM0018874,MUM_02860,Thane,2025-02-28,15,0,0,0,0,0,1,0,0,0,1.0,0.266781,0,0.0,0,399,2,1,0.98,0.1452,GREEN,57,Mumbai
CLM0018875,MUM_03097,Bandra,2024-01-17,11,0,0,0,0,0,1,0,0,0,0.0,0.144717,1,0.0,0,35,4,0,0.9568,0.1458,GREEN,24,Mumbai
CLM0018876,MUM_03645,Chembur,2023-07-23,12,0,0,0,0,0,0,0,0,1,1.0,0.150694,0,0.0,0,192,2,1,0.9073,0.2353,GREEN,37,Mumbai
CLM0018877,MUM_01485,Dadar,2025-11-05,19,0,0,0,0,0,0,0,0,0,0.0,0.207042,0,0.0,0,310,3,0,0.7706,0.0,GREEN,31,Mumbai
CLM0018878,MUM_03007,Chembur,2025-04-12,9,0,0,0,0,0,0,0,0,0,1.0,0.142833,0,0.0,0,36,4,1,0.9363,0.0384,GREEN,31,Mumbai
CLM0018879,MUM_04374,Bandra,2022-12-14,16,0,0,0,0,0,0,0,1,0,0.0,0.356481,0,0.0,0,38,2,0,0.7161,0.0,GREEN,42,Mumbai
CLM0018880,MUM_03863,Dadar,2020-11-18,11,0,0,0,0,0,0,0,0,0,0.0,0.173376,0,1.0,0,192,0,1,0.8315,0.1609,GREEN,42,Mumbai
CLM0018881,MUM_00575,Lower Parel,2020-02-26,16,0,0,0,0,0,0,0,0,0,0.0,0.095581,0,0.0,0,98,2,1,0.4701,0.0179,GREEN,34,Mumbai
CLM0018882,MUM_03787,Bandra,2022-12-10,10,0,0,0,0,0,1,0,0,0,0.0,0.412133,0,0.0,0,193,0,0,0.1268,0.1011,GREEN,39,Mumbai
CLM0018883,MUM_00502,Ghatkopar,2019-05-10,14,0,0,0,0,0,0,0,0,0,0.0,0.282305,0,0.0,0,126,1,2,0.6899,0.0,GREEN,48,Mumbai
CLM0018884,MUM_01703,Andheri,2025-03-25,18,0,0,0,0,0,0,0,0,0,0.0,0.17252,0,0.0,0,204,1,3,0.9232,0.0,GREEN,40,Mumbai
CLM0018885,MUM_02094,Chembur,2023-10-20,10,0,0,0,0,0,0,0,0,0,0.0,0.142182,0,0.0,0,327,3,2,0.8029,0.0454,GREEN,42,Mumbai
CLM0018886,MUM_07781,Ghatkopar,2021-05-10,16,0,0,0,0,0,0,0,0,0,0.0,0.095666,0,1.0,0,134,1,0,0.9431,0.053,GREEN,48,Mumbai
CLM0018887,MUM_06906,Thane,2020-11-17,17,0,0,0,0,0,0,0,0,0,1.0,0.981209,0,0.0,0,372,1,2,0.905,0.0199,GREEN,51,Mumbai
CLM0018888,MUM_06465,Thane,2025-01-26,11,0,0,0,0,0,0,0,0,0,0.0,0.356752,0,0.0,0,76,0,5,0.2551,0.0329,GREEN,37,Mumbai
CLM0018889,MUM_09203,Ghatkopar,2025-05-29,19,0,0,0,1,0,0,0,0,0,0.0,1.0,0,0.0,0,327,2,4,0.98,0.0891,GREEN,40,Mumbai
CLM0018890,MUM_05013,Ghatkopar,2024-04-05,16,0,0,0,1,0,0,0,0,0,0.0,0.063326,0,0.0,0,266,4,6,0.6477,0.16,GREEN,54,Mumbai
CLM0018891,MUM_09492,Bandra,2020-03-03,17,0,1,1,0,0,0,0,1,0,0.0,0.226018,0,0.0,0,202,1,1,0.0633,0.0739,GREEN,55,Mumbai
CLM0018892,MUM_02308,Thane,2025-06-26,14,0,0,0,0,0,0,0,1,0,0.0,0.075902,0,0.0,0,61,4,2,0.7829,0.0718,GREEN,37,Mumbai
CLM0018893,MUM_09781,Dadar,2020-04-19,13,0,0,0,0,0,0,0,0,0,0.0,0.093626,0,0.0,0,303,0,4,0.7564,0.0032,GREEN,40,Mumbai
CLM0018894,MUM_04600,Dadar,2019-02-02,9,0,0,0,0,0,0,0,0,0,0.0,0.176602,0,0.0,0,420,0,5,0.7232,0.0476,GREEN,38,Mumbai
CLM0018895,MUM_01152,Powai,2020-07-29,8,0,0,0,0,0,0,0,0,0,0.0,0.079529,0,0.0,0,19,2,3,0.9265,0.0565,GREEN,42,Mumbai
CLM0018896,MUM_02933,Chembur,2024-07-21,9,0,1,1,0,0,0,0,0,0,0.0,0.956861,0,0.0,0,284,2,0,0.05,0.0394,GREEN,35,Mumbai
CLM0018897,MUM_00978,Chembur,2025-09-25,16,0,0,0,0,0,0,0,0,0,0.0,0.317532,0,0.0,0,165,1,4,0.5371,0.0055,GREEN,29,Mumbai
CLM0018898,MUM_05308,Chembur,2025-02-21,16,0,0,0,0,0,0,0,0,0,0.0,0.388142,0,0.0,0,228,0,3,0.7334,0.1379,GREEN,42,Mumbai
CLM0018899,MUM_01256,Thane,2025-07-19,13,0,0,0,0,0,0,0,0,0,0.0,0.334906,0,1.0,0,367,2,3,0.6881,0.0122,GREEN,30,Mumbai
CLM0018900,MUM_04271,Bandra,2025-05-04,12,0,0,0,1,1,0,1,1,0,0.0,0.959324,0,1.0,1,5,0,18,0.9457,0.0345,GREEN,36,Mumbai
CLM0018901,MUM_07980,Bandra,2025-12-12,7,0,0,0,0,0,0,0,0,0,0.0,0.417398,0,0.0,0,175,3,3,0.4257,0.0826,GREEN,30,Mumbai
CLM0018902,MUM_07760,Powai,2025-05-07,14,0,0,0,0,0,0,0,0,0,0.0,0.180052,0,0.0,0,160,4,0,0.1157,0.0426,GREEN,49,Mumbai
CLM0018903,MUM_00940,Lower Parel,2024-11-25,16,0,0,0,0,0,1,0,1,0,0.0,0.069713,0,0.0,0,144,1,2,0.1262,0.157,GREEN,51,Mumbai
CLM0018904,MUM_08214,Bandra,2025-05-27,9,0,0,0,1,0,1,0,0,0,1.0,0.068565,0,0.0,0,289,1,5,0.5304,0.2539,GREEN,48,Mumbai
CLM0018905,MUM_02071,Vashi,2025-01-27,8,0,0,0,0,0,0,0,0,0,0.0,0.280712,0,0.0,0,226,3,1,0.5666,0.0,GREEN,29,Mumbai
CLM0018906,MUM_00448,Powai,2022-05-18,17,0,1,1,0,1,0,0,1,1,0.0,0.982295,0,1.0,1,5,2,18,0.0747,0.6403,RED,52,Mumbai
CLM0018907,MUM_01885,Thane,2025-02-21,11,0,1,1,1,1,1,1,1,1,1.0,0.987027,0,1.0,1,5,0,18,0.9177,0.7503,RED,20,Mumbai
CLM0018908,MUM_04470,Vashi,2022-09-06,21,0,1,1,1,1,1,1,0,0,0.0,0.910019,1,0.0,0,5,1,9,0.362,0.5961,YELLOW,49,Mumbai
CLM0018909,MUM_06240,Ghatkopar,2024-03-01,7,0,1,1,0,0,0,1,1,0,1.0,1.0,1,0.0,1,5,0,18,0.3142,0.2588,GREEN,55,Mumbai
CLM0018910,MUM_06708,Vashi,2023-09-09,8,0,1,1,0,1,0,1,1,0,1.0,0.999046,0,1.0,0,17,1,18,0.0692,0.5156,YELLOW,45,Mumbai
CLM0018911,MUM_08193,Thane,2025-11-18,19,0,1,1,0,1,1,1,0,0,0.0,0.103446,1,0.0,1,5,2,18,0.9356,0.6392,RED,50,Mumbai
CLM0018912,MUM_06930,Borivali,2023-04-19,11,0,1,1,0,1,0,1,1,1,0.0,1.0,1,1.0,1,61,0,18,0.1157,0.7342,RED,48,Mumbai
CLM0018913,MUM_08706,Vashi,2025-04-16,12,0,0,0,0,0,0,0,0,0,0.0,0.230057,0,0.0,0,268,0,6,0.98,0.0495,GREEN,47,Mumbai
CLM0018914,MUM_04371,Andheri,2025-11-15,7,0,0,0,0,0,0,0,0,0,0.0,0.0,0,0.0,0,338,1,5,0.6666,0.0146,GREEN,37,Mumbai
CLM0018915,MUM_06350,Dadar,2025-07-25,12,0,0,0,0,0,0,0,0,0,0.0,0.403588,0,0.0,0,267,0,1,0.6477,0.0,GREEN,25,Mumbai
CLM0018916,MUM_01217,Dadar,2023-09-07,14,0,0,0,0,0,0,0,0,0,0.0,0.400605,0,0.0,0,94,0,5,0.6477,0.0,GREEN,34,Mumbai
CLM0018917,MUM_04384,Ghatkopar,2022-07-08,11,0,0,0,1,1,1,1,1,1,1.0,1.0,0,1.0,0,18,3,18,0.1423,0.1047,GREEN,27,Mumbai
CLM0018918,MUM_07314,Thane,2022-10-14,16,0,0,0,0,0,1,0,0,0,1.0,0.185779,0,0.0,0,203,2,2,0.5849,0.1838,GREEN,34,Mumbai
CLM0018919,MUM_05075,Ghatkopar,2022-09-10,12,0,0,0,0,0,0,0,0,0,0.0,0.028423,0,0.0,0,403,4,2,0.9139,0.1297,GREEN,43,Mumbai
CLM0018920,MUM_04198,Thane,2022-04-25,12,0,0,0,0,0,0,0,0,0,0.0,0.301179,0,0.0,0,217,2,9,0.8689,0.0,GREEN,33,Mumbai
CLM0018921,MUM_05376,Powai,2024-12-13,13,0,0,0,0,0,0,0,0,0,0.0,0.108346,0,0.0,0,60,3,6,0.4333,0.0508,GREEN,47,Mumbai
CLM0018922,MUM_05176,Borivali,2022-12-02,16,0,1,1,0,0,0,0,0,0,0.0,0.137836,0,0.0,0,243,3,0,0.05,0.0,GREEN,38,Mumbai
CLM0018923,MUM_06578,Chembur,2023-10-16,12,0,0,0,1,0,0,0,0,0,0.0,0.120184,0,0.0,0,280,1,6,0.7324,0.2163,GREEN,40,Mumbai
CLM0018924,MUM_00391,Thane,2020-07-06,15,0,0,0,0,0,0,0,0,0,0.0,0.025802,1,0.0,0,88,4,4,0.9426,0.1212,GREEN,36,Mumbai
CLM0018925,MUM_00774,Ghatkopar,2019-11-10,12,0,1,1,0,0,0,0,0,0,0.0,0.181904,0,0.0,0,414,2,4,0.6926,0.0,GREEN,38,Mumbai
CLM0018926,MUM_00614,Dadar,2021-11-22,17,0,0,0,0,0,0,0,0,0,0.0,0.283139,0,0.0,0,163,4,3,0.8163,0.0,GREEN,55,Mumbai
CLM0018927,MUM_09423,Dadar,2019-03-15,10,0,0,0,0,0,0,0,0,0,1.0,0.893016,0,1.0,0,189,0,1,0.7893,0.0,GREEN,41,Mumbai
CLM0018928,MUM_03236,Dadar,2018-01-23,7,0,0,0,0,0,0,0,0,0,0.0,0.368209,0,0.0,1,420,4,2,0.3042,0.0473,GREEN,40,Mumbai
CLM0018929,MUM_09721,Bandra,2025-10-01,13,0,0,0,0,0,0,0,0,0,0.0,0.038648,0,0.0,0,143,0,0,0.98,0.0377,GREEN,44,Mumbai
CLM0018930,MUM_00700,Andheri,2018-07-13,15,0,0,0,0,0,0,0,0,0,0.0,0.387389,0,0.0,0,224,2,1,0.8244,0.1084,GREEN,18,Mumbai
CLM0018931,MUM_09183,Powai,2023-08-09,15,0,0,0,0,0,1,0,0,0,0.0,0.991917,1,0.0,0,420,0,1,0.9269,0.239,GREEN,60,Mumbai
CLM0018932,MUM_00868,Powai,2021-05-09,18,0,0,0,0,0,0,0,0,0,0.0,0.073944,0,0.0,0,420,2,3,0.9381,0.0214,GREEN,35,Mumbai
CLM0018933,MUM_03885,Borivali,2018-10-09,13,0,0,0,0,0,0,0,0,0,0.0,0.393716,0,0.0,0,212,2,1,0.6241,0.0,GREEN,34,Mumbai
CLM0018934,MUM_04103,Andheri,2022-12-10,11,0,0,0,0,0,0,0,0,1,0.0,0.348786,0,0.0,0,294,2,0,0.7852,0.0,GREEN,33,Mumbai
CLM0018935,MUM_05113,Andheri,2024-01-09,18,0,0,0,0,0,0,0,0,0,1.0,0.229735,0,0.0,0,193,2,1,0.5273,0.0582,GREEN,37,Mumbai
CLM0018936,MUM_01918,Lower Parel,2024-09-29,17,0,0,0,0,0,0,1,0,0,0.0,1.0,0,0.0,0,279,2,0,0.9113,0.0489,GREEN,47,Mumbai
CLM0018937,MUM_07088,Bandra,2025-03-22,19,0,0,0,0,0,0,0,0,0,0.0,0.101308,0,0.0,1,302,0,5,0.8607,0.108,GREEN,50,Mumbai
CLM0018938,MUM_06092,Thane,2022-10-20,11,0,0,0,0,0,0,0,1,0,0.0,0.409061,0,1.0,0,183,0,1,0.98,0.1232,GREEN,46,Mumbai
CLM0018939,MUM_01615,Bandra,2025-09-19,11,0,0,0,0,0,0,0,0,0,0.0,0.056578,0,0.0,1,327,0,4,0.6508,0.0549,GREEN,45,Mumbai
CLM0018940,MUM_09109,Chembur,2024-11-19,19,0,0,0,0,0,1,0,0,0,0.0,0.309703,0,0.0,0,238,3,5,0.1214,0.1288,GREEN,38,Mumbai
CLM0018941,MUM_06703,Powai,2024-08-14,16,0,0,0,0,0,0,0,0,1,0.0,1.0,0,0.0,0,389,2,0,0.892,0.2046,GREEN,49,Mumbai
CLM0018942,MUM_04415,Borivali,2020-10-22,19,0,0,0,0,0,0,0,0,0,1.0,0.395632,0,0.0,0,31,0,1,0.7012,0.0647,GREEN,18,Mumbai
CLM0018943,MUM_02921,Ghatkopar,2024-12-08,21,0,0,0,0,0,1,0,0,0,0.0,0.940028,0,0.0,0,116,4,1,0.3535,0.1592,GREEN,41,Mumbai
CLM0018944,MUM_06972,Thane,2020-05-06,20,0,0,0,0,0,0,0,0,0,0.0,0.317298,0,0.0,0,56,3,0,0.1606,0.0,GREEN,45,Mumbai
CLM0018945,MUM_02558,Lower Parel,2019-01-04,8,0,0,0,0,0,0,0,0,0,0.0,0.298531,0,0.0,0,249,4,2,0.3887,0.0,GREEN,46,Mumbai
CLM0018946,MUM_07304,Dadar,2020-11-21,17,0,0,0,0,0,0,0,0,0,0.0,0.120577,0,0.0,0,184,4,1,0.6918,0.0319,GREEN,54,Mumbai
CLM0018947,MUM_06384,Chembur,2023-10-19,13,0,0,0,0,0,1,0,0,0,0.0,0.591528,0,0.0,0,103,0,1,0.9163,0.0978,GREEN,37,Mumbai
CLM0018948,MUM_06590,Andheri,2018-07-09,13,0,0,0,0,0,0,0,0,0,1.0,0.318185,0,0.0,0,307,2,1,0.6968,0.0,GREEN,32,Mumbai
CLM0018949,MUM_07048,Chembur,2024-07-03,13,0,0,0,0,0,0,0,0,0,0.0,0.122277,1,0.0,0,51,1,1,0.8617,0.0791,GREEN,50,Mumbai
CLM0018950,MUM_02613,Powai,2024-07-16,17,0,0,0,0,0,0,1,0,0,0.0,0.192033,0,0.0,0,255,2,1,0.643,0.0289,GREEN,36,Mumbai
CLM0018951,MUM_02863,Bandra,2025-10-13,14,0,0,0,0,0,1,0,0,0,0.0,0.0,0,0.0,0,42,0,0,0.1797,0.1543,GREEN,36,Mumbai
CLM0018952,MUM_07442,Bandra,2015-12-28,12,0,0,0,0,0,1,0,0,0,0.0,0.328791,0,0.0,0,420,3,2,0.6902,0.1616,GREEN,55,Mumbai
CLM0018953,MUM_05271,Ghatkopar,2019-08-30,19,0,1,1,0,0,0,0,0,0,0.0,0.321685,1,0.0,0,361,0,2,0.9768,0.0,GREEN,45,Mumbai
CLM0018954,MUM_08035,Thane,2021-12-04,12,1,0,0,0,0,0,0,0,0,0.0,0.023316,0,0.0,0,154,4,3,0.5362,0.0204,GREEN,60,Mumbai
CLM0018955,MUM_00449,Thane,2024-03-15,14,0,0,0,0,0,0,0,0,0,0.0,0.158054,0,0.0,0,75,2,0,0.903,0.0177,GREEN,44,Mumbai
CLM0018956,MUM_03860,Vashi,2024-03-04,13,0,0,0,0,0,0,0,0,0,0.0,0.273765,0,0.0,0,336,1,3,0.6806,0.0,GREEN,39,Mumbai
CLM0018957,MUM_02916,Ghatkopar,2023-08-09,21,0,0,0,0,0,0,0,0,0,0.0,0.136648,0,0.0,0,381,2,1,0.98,0.0497,GREEN,31,Mumbai
CLM0018958,MUM_05274,Chembur,2023-12-02,19,0,0,0,0,0,1,0,1,0,0.0,0.468553,0,1.0,0,121,3,4,0.5959,0.2196,GREEN,40,Mumbai
CLM0018959,MUM_04150,Thane,2024-06-02,13,0,0,0,1,1,0,0,0,0,1.0,0.0,0,1.0,0,184,4,0,0.05,0.4034,YELLOW,43,Mumbai
CLM0018960,MUM_03879,Dadar,2025-12-25,17,0,1,1,1,0,0,0,0,0,0.0,0.168522,0,0.0,1,117,3,2,0.98,0.2532,GREEN,57,Mumbai
CLM0018961,MUM_06739,Vashi,2021-08-31,12,0,1,1,0,0,0,0,0,0,0.0,0.067676,0,0.0,0,116,2,0,0.698,0.2003,GREEN,43,Mumbai
CLM0018962,MUM_07924,Vashi,2025-01-17,18,0,1,1,0,0,0,0,0,0,0.0,0.230782,0,0.0,0,399,0,1,0.98,0.0,GREEN,45,Mumbai
CLM0018963,MUM_05954,Ghatkopar,2022-04-07,16,0,0,0,1,0,1,0,1,0,0.0,1.0,0,0.0,1,172,3,1,0.5882,0.3985,YELLOW,32,Mumbai
CLM0018964,MUM_03847,Dadar,2021-02-03,21,0,0,0,0,0,0,1,0,0,0.0,0.307048,0,0.0,0,420,2,3,0.4843,0.1514,GREEN,64,Mumbai
CLM0018965,MUM_07484,Andheri,2025-12-11,12,0,0,0,0,0,0,0,0,0,0.0,0.493967,0,0.0,0,403,3,0,0.98,0.0,GREEN,36,Mumbai
CLM0018966,MUM_07977,Dadar,2021-10-02,17,0,0,0,0,0,0,0,0,0,0.0,0.240141,0,0.0,0,48,3,0,0.7114,0.0215,GREEN,39,Mumbai
CLM0018967,MUM_05170,Lower Parel,2020-12-15,8,0,0,0,0,0,0,0,0,0,0.0,0.162242,0,0.0,0,420,4,4,0.1319,0.0258,GREEN,27,Mumbai
CLM0018968,MUM_06231,Lower Parel,2023-09-06,15,0,1,1,1,1,1,0,1,1,0.0,0.275402,0,0.0,1,5,2,18,0.9362,0.6907,RED,35,Mumbai
CLM0018969,MUM_06905,Ghatkopar,2023-11-10,14,0,1,1,1,0,1,1,1,1,0.0,0.030792,1,0.0,0,5,1,16,0.8814,0.6772,RED,56,Mumbai
CLM0018970,MUM_05774,Vashi,2025-07-25,7,0,1,1,1,1,1,1,0,0,1.0,0.153153,0,1.0,1,20,1,18,0.3226,0.6059,YELLOW,18,Mumbai
CLM0018971,MUM_00764,Andheri,2024-08-28,18,0,1,1,1,1,1,1,1,1,0.0,0.014756,0,0.0,0,5,0,18,0.8816,0.8194,RED,31,Mumbai
CLM0018972,MUM_05943,Chembur,2024-08-05,21,0,1,1,1,1,1,0,0,1,1.0,1.0,1,0.0,1,11,0,18,0.3785,0.7085,RED,41,Mumbai
CLM0018973,MUM_03934,Powai,2025-06-20,13,0,1,1,1,1,1,0,1,1,1.0,0.035479,0,1.0,1,5,0,18,0.4856,0.8684,RED,36,Mumbai
CLM0018974,MUM_05978,Dadar,2020-08-29,11,0,0,0,1,0,0,0,0,0,0.0,0.0,0,0.0,1,372,3,0,0.6816,0.2539,GREEN,52,Mumbai
CLM0018975,MUM_07817,Bandra,2020-09-02,13,0,0,0,0,0,0,0,0,0,0.0,0.380841,0,0.0,0,17,3,5,0.8861,0.0,GREEN,55,Mumbai
CLM0018976,MUM_00277,Chembur,2022-03-08,16,0,0,0,0,0,0,0,0,0,0.0,0.047868,0,0.0,0,222,0,1,0.9184,0.0615,GREEN,39,Mumbai
CLM0018977,MUM_04896,Andheri,2024-03-28,17,0,0,0,0,1,0,0,0,0,0.0,0.998823,0,0.0,0,140,3,0,0.5157,0.1022,GREEN,48,Mumbai
CLM0018978,MUM_04748,Borivali,2023-11-04,17,0,0,0,0,0,0,0,0,0,0.0,0.440601,0,0.0,0,208,3,0,0.6385,0.0256,GREEN,41,Mumbai
CLM0018979,MUM_02658,Thane,2022-01-03,10,0,0,0,0,0,0,0,1,1,0.0,0.332825,0,0.0,0,420,0,3,0.6927,0.2482,GREEN,36,Mumbai
CLM0018980,MUM_09152,Chembur,2025-08-10,18,0,0,0,0,0,0,0,0,0,1.0,0.177839,0,0.0,0,414,3,5,0.1793,0.0959,GREEN,42,Mumbai
CLM0018981,MUM_05876,Chembur,2023-10-18,15,0,0,0,0,0,0,0,0,0,0.0,0.487368,0,0.0,0,162,1,1,0.683,0.1179,GREEN,52,Mumbai
CLM0018982,MUM_08176,Andheri,2025-12-30,7,0,0,0,0,0,0,0,0,0,1.0,0.373868,1,0.0,0,356,3,0,0.3519,0.1171,GREEN,33,Mumbai
CLM0018983,MUM_08501,Thane,2021-07-11,11,0,0,0,0,0,0,0,0,0,0.0,0.313858,0,0.0,0,49,4,2,0.9125,0.0,GREEN,33,Mumbai
CLM0018984,MUM_05755,Ghatkopar,2025-08-11,19,0,0,0,0,0,0,1,0,0,0.0,0.30608,0,0.0,0,312,3,1,0.05,0.0081,GREEN,46,Mumbai
CLM0018985,MUM_00799,Vashi,2025-03-27,18,0,0,0,0,0,1,0,0,0,0.0,0.311693,0,0.0,0,420,3,0,0.2818,0.1719,GREEN,49,Mumbai
CLM0018986,MUM_06846,Borivali,2022-08-15,16,0,0,0,0,0,0,0,0,0,0.0,0.087829,0,0.0,0,420,3,5,0.8878,0.0,GREEN,42,Mumbai
CLM0018987,MUM_07246,Bandra,2020-04-18,12,0,0,0,0,0,0,0,0,0,0.0,0.362583,0,0.0,0,261,4,5,0.8495,0.0308,GREEN,38,Mumbai
CLM0018988,MUM_06976,Borivali,2022-07-23,21,0,0,0,0,0,0,0,0,0,0.0,0.358385,0,0.0,0,53,0,5,0.2221,0.0268,GREEN,23,Mumbai
CLM0018989,MUM_06349,Thane,2025-07-03,10,0,0,0,1,0,0,0,1,0,0.0,0.284007,0,0.0,0,389,0,0,0.8912,0.198,GREEN,39,Mumbai
CLM0018990,MUM_03177,Ghatkopar,2023-06-10,9,0,0,0,0,0,0,0,0,0,0.0,0.0,0,0.0,0,416,0,0,0.7906,0.067,GREEN,37,Mumbai
CLM0018991,MUM_07385,Powai,2018-11-22,17,0,0,0,0,0,0,0,0,0,1.0,0.447439,0,0.0,0,262,4,2,0.2284,0.0762,GREEN,27,Mumbai
CLM0018992,MUM_01044,Thane,2018-10-06,10,0,0,0,0,0,0,0,0,0,0.0,0.989183,0,1.0,0,334,4,0,0.0758,0.0142,GREEN,28,Mumbai
CLM0018993,MUM_01916,Andheri,2023-08-24,16,0,0,0,0,0,1,0,0,0,0.0,0.340678,0,0.0,0,136,0,1,0.7241,0.1028,GREEN,44,Mumbai
CLM0018994,MUM_01716,Powai,2025-09-10,7,0,0,0,0,1,0,0,0,0,0.0,1.0,0,0.0,0,32,0,4,0.8406,0.0823,GREEN,27,Mumbai
CLM0018995,MUM_02108,Borivali,2023-03-27,20,0,0,0,0,0,0,0,0,0,0.0,0.257673,0,0.0,0,8,1,3,0.6125,0.0,GREEN,36,Mumbai
CLM0018996,MUM_01689,Thane,2025-09-13,11,0,0,0,0,0,0,0,0,0,0.0,0.305312,0,0.0,0,96,3,4,0.6191,0.0,GREEN,28,Mumbai
CLM0018997,MUM_06327,Andheri,2022-06-19,11,0,0,0,0,0,0,0,0,0,0.0,0.189614,0,0.0,0,283,4,5,0.1618,0.0,GREEN,27,Mumbai
CLM0018998,MUM_06271,Powai,2024-04-22,9,0,0,0,0,0,1,0,1,0,0.0,0.07564,0,0.0,0,420,2,2,0.9585,0.2137,GREEN,51,Mumbai
CLM0018999,MUM_07401,Thane,2023-05-24,17,0,0,0,0,0,0,0,1,0,0.0,0.101708,0,0.0,0,378,2,2,0.6793,0.2248,GREEN,51,Mumbai
CLM0019000,MUM_03580,Thane,2023-03-25,8,0,0,0,1,1,0,1,1,0,0.0,0.923484,1,1.0,1,5,1,18,0.1231,0.1072,GREEN,49,Mumbai
CLM0019001,MUM_08581,Lower Parel,2024-03-14,17,0,0,0,0,0,0,0,0,0,0.0,0.974832,0,0.0,0,17,3,2,0.8315,0.0228,GREEN,32,Mumbai
CLM0019002,MUM_03823,Dadar,2023-12-16,19,0,0,0,0,0,0,0,1,0,0.0,0.153384,0,0.0,0,263,3,6,0.6538,0.0625,GREEN,23,Mumbai
CLM0019003,MUM_01906,Dadar,2024-07-18,12,0,0,0,0,0,0,0,0,0,0.0,0.237283,0,0.0,0,348,4,1,0.8326,0.1262,GREEN,45,Mumbai
CLM0019004,MUM_05843,Ghatkopar,2025-06-22,8,0,0,0,0,0,0,0,0,0,0.0,0.214642,0,0.0,0,222,0,0,0.5856,0.031,GREEN,41,Mumbai
CLM0019005,MUM_06790,Borivali,2018-08-09,10,0,0,0,0,0,0,0,0,0,0.0,1.0,0,0.0,0,316,4,2,0.6068,0.0,GREEN,42,Mumbai
CLM0019006,MUM_07369,Vashi,2022-01-08,14,0,0,0,0,0,0,0,0,0,0.0,0.175757,0,0.0,0,350,2,5,0.8838,0.0142,GREEN,29,Mumbai
CLM0019007,MUM_05756,Lower Parel,2023-11-16,14,0,0,0,1,1,0,1,0,0,0.0,1.0,1,1.0,1,5,0,18,0.847,0.0752,GREEN,48,Mumbai
CLM0019008,MUM_01253,Vashi,2023-10-16,19,0,0,0,0,0,0,0,0,0,0.0,1.0,0,0.0,0,383,4,1,0.7528,0.0374,GREEN,49,Mumbai
CLM0019009,MUM_04050,Dadar,2024-08-26,19,0,0,0,0,0,0,0,0,0,0.0,0.209038,0,0.0,0,420,0,4,0.5748,0.0,GREEN,18,Mumbai
CLM0019010,MUM_06986,Bandra,2023-05-08,8,0,0,0,0,0,0,0,0,1,0.0,0.173939,0,0.0,0,272,2,1,0.3971,0.0813,GREEN,22,Mumbai
CLM0019011,MUM_00231,Borivali,2022-04-24,18,0,0,0,1,0,0,0,0,0,0.0,0.348564,1,0.0,0,58,1,1,0.4558,0.2332,GREEN,37,Mumbai
CLM0019012,MUM_07307,Chembur,2021-07-22,14,0,0,0,0,0,0,0,0,0,1.0,0.427986,0,0.0,0,176,0,3,0.98,0.2755,GREEN,41,Mumbai
CLM0019013,MUM_05699,Bandra,2022-01-29,10,0,0,0,0,0,0,0,0,0,0.0,0.226289,0,0.0,0,84,0,4,0.3045,0.0,GREEN,43,Mumbai
CLM0019014,MUM_07849,Ghatkopar,2019-12-13,10,0,0,0,0,0,0,0,0,0,0.0,0.363363,0,0.0,0,401,1,2,0.6621,0.1006,GREEN,25,Mumbai
CLM0019015,MUM_06239,Thane,2023-08-24,8,0,0,0,0,0,0,0,0,0,0.0,0.362981,0,0.0,0,227,2,2,0.5798,0.0,GREEN,49,Mumbai
CLM0019016,MUM_08718,Ghatkopar,2021-01-05,15,0,0,0,0,0,0,0,0,0,0.0,0.312819,0,1.0,0,328,4,4,0.5359,0.0,GREEN,48,Mumbai
CLM0019017,MUM_07891,Lower Parel,2025-08-01,15,0,0,0,0,0,0,0,0,0,0.0,0.203994,0,0.0,0,169,0,1,0.6808,0.0213,GREEN,18,Mumbai
CLM0019018,MUM_01461,Thane,2019-04-04,9,0,0,0,0,0,0,0,0,0,0.0,0.270342,0,0.0,0,375,4,1,0.8319,0.0,GREEN,51,Mumbai
CLM0019019,MUM_02734,Powai,2025-12-15,21,0,0,0,0,0,0,0,0,0,0.0,0.939383,0,0.0,0,38,3,2,0.8315,0.0,GREEN,44,Mumbai
CLM0019020,MUM_00276,Thane,2022-08-12,9,0,0,0,0,0,0,0,0,0,0.0,0.3055,0,0.0,0,237,4,0,0.686,0.0018,GREEN,53,Mumbai
CLM0019021,MUM_07134,Borivali,2024-09-27,17,0,0,0,0,0,0,0,0,0,0.0,0.098759,0,0.0,0,413,0,1,0.3509,0.0411,GREEN,37,Mumbai
CLM0019022,MUM_03155,Dadar,2020-03-19,19,0,0,0,0,0,0,0,0,0,0.0,0.156635,0,0.0,0,145,2,4,0.6161,0.0,GREEN,46,Mumbai
CLM0019023,MUM_03166,Andheri,2020-10-22,13,0,0,0,0,0,0,0,1,0,0.0,0.117389,0,1.0,0,157,3,0,0.5277,0.0826,GREEN,38,Mumbai
CLM0019024,MUM_02841,Lower Parel,2017-08-17,11,0,0,0,0,0,0,1,0,0,0.0,0.110162,0,0.0,0,393,1,3,0.7658,0.1556,GREEN,51,Mumbai
CLM0019025,MUM_09996,Thane,2023-09-19,10,0,0,0,0,0,0,0,0,0,0.0,0.155704,0,0.0,0,336,2,7,0.875,0.0,GREEN,44,Mumbai
CLM0019026,MUM_08060,Thane,2023-07-13,14,0,0,0,0,0,0,0,0,0,0.0,0.204555,0,0.0,0,319,1,0,0.98,0.0131,GREEN,61,Mumbai
CLM0019027,MUM_00807,Bandra,2022-07-23,19,0,0,0,0,0,0,0,0,1,0.0,0.207804,0,0.0,0,264,3,2,0.8958,0.1493,GREEN,50,Mumbai
CLM0019028,MUM_05653,Bandra,2018-06-13,12,0,0,0,0,0,0,0,0,0,0.0,0.183861,0,0.0,0,420,4,5,0.528,0.0092,GREEN,41,Mumbai
CLM0019029,MUM_09291,Ghatkopar,2020-08-10,18,0,0,0,0,0,0,0,1,0,0.0,0.429911,0,0.0,0,32,2,1,0.8806,0.1471,GREEN,55,Mumbai
CLM0019030,MUM_03619,Thane,2025-11-22,11,0,1,1,0,0,0,0,0,0,1.0,0.434378,0,0.0,0,327,0,0,0.6436,0.0533,GREEN,29,Mumbai
CLM0019031,MUM_01900,Thane,2025-05-22,9,0,0,0,0,0,0,0,0,0,0.0,0.307572,0,0.0,0,364,3,3,0.5673,0.0215,GREEN,53,Mumbai
CLM0019032,MUM_04706,Bandra,2025-04-05,15,0,1,1,0,0,0,0,1,0,0.0,0.372444,0,0.0,0,420,0,2,0.6502,0.0815,GREEN,25,Mumbai
CLM0019033,MUM_00157,Dadar,2023-05-07,12,0,0,0,1,0,0,0,0,0,0.0,0.396889,0,0.0,0,420,2,0,0.5042,0.1981,GREEN,42,Mumbai
CLM0019034,MUM_07099,Thane,2023-11-29,11,0,0,0,0,0,0,1,0,0,1.0,1.0,1,0.0,0,37,0,0,0.7387,0.0822,GREEN,30,Mumbai
CLM0019035,MUM_08323,Andheri,2025-06-18,16,0,0,0,0,0,0,0,0,0,0.0,0.094779,0,0.0,0,253,2,3,0.5537,0.0,GREEN,44,Mumbai
CLM0019036,MUM_07488,Dadar,2024-06-26,13,0,1,1,0,0,0,0,1,0,1.0,1.0,0,1.0,0,94,3,5,0.9792,0.0554,GREEN,41,Mumbai
CLM0019037,MUM_00449,Thane,2024-07-31,7,0,0,0,0,0,0,1,0,0,0.0,0.264387,0,0.0,0,330,2,3,0.6135,0.0772,GREEN,44,Mumbai
CLM0019038,MUM_01166,Ghatkopar,2023-09-28,20,0,0,0,0,0,0,0,0,0,0.0,0.163181,0,0.0,1,420,1,1,0.7983,0.0669,GREEN,36,Mumbai
CLM0019039,MUM_03656,Ghatkopar,2024-01-21,7,0,0,0,0,0,0,0,0,0,0.0,0.47552,0,0.0,0,54,3,0,0.8647,0.0036,GREEN,36,Mumbai
CLM0019040,MUM_04187,Powai,2025-11-13,20,0,0,0,0,0,0,0,0,0,0.0,0.187062,0,1.0,1,420,4,5,0.9507,0.0685,GREEN,42,Mumbai
CLM0019041,MUM_02954,Andheri,2023-05-20,14,0,1,1,0,1,0,0,0,0,0.0,0.367466,0,0.0,0,163,0,4,0.7342,0.1252,GREEN,48,Mumbai
CLM0019042,MUM_05996,Thane,2025-11-23,14,0,0,0,0,0,0,0,0,0,0.0,0.087263,0,0.0,0,371,4,0,0.322,0.0638,GREEN,36,Mumbai
CLM0019043,MUM_03274,Ghatkopar,2016-02-22,9,0,0,0,0,0,0,0,0,0,0.0,0.015301,0,0.0,0,221,1,1,0.6387,0.0,GREEN,48,Mumbai
CLM0019044,MUM_02675,Thane,2020-01-23,16,0,0,0,0,0,0,0,0,0,0.0,0.310786,0,0.0,0,342,4,3,0.2924,0.0441,GREEN,54,Mumbai
CLM0019045,MUM_02373,Bandra,2016-05-20,10,0,0,0,1,0,1,1,1,1,0.0,0.018588,0,0.0,0,18,3,18,0.98,0.0913,GREEN,44,Mumbai
CLM0019046,MUM_07586,Vashi,2022-09-30,14,0,0,0,0,0,0,0,0,0,0.0,0.357303,0,0.0,0,323,3,4,0.9479,0.0175,GREEN,25,Mumbai
CLM0019047,MUM_05740,Lower Parel,2022-09-02,16,0,0,0,0,0,0,0,0,1,0.0,0.166214,0,0.0,0,133,0,2,0.7553,0.0987,GREEN,44,Mumbai
CLM0019048,MUM_09034,Powai,2020-04-12,7,0,0,0,0,0,1,0,0,0,0.0,0.088069,0,0.0,0,79,1,0,0.5793,0.1645,GREEN,40,Mumbai
CLM0019049,MUM_07411,Andheri,2018-12-02,10,0,0,0,0,0,0,0,0,0,0.0,0.111483,0,0.0,0,127,0,6,0.05,0.0593,GREEN,30,Mumbai
CLM0019050,MUM_00236,Powai,2018-05-07,8,0,0,0,0,0,0,1,0,0,0.0,0.128788,0,0.0,0,401,3,1,0.6951,0.1587,GREEN,24,Mumbai
CLM0019051,MUM_01098,Andheri,2019-02-21,8,0,0,0,0,0,0,0,0,0,0.0,0.031291,0,0.0,0,420,1,0,0.127,0.0,GREEN,36,Mumbai
CLM0019052,MUM_01153,Bandra,2024-09-08,20,0,0,0,0,0,0,0,0,0,0.0,1.0,0,0.0,0,218,0,4,0.9726,0.0,GREEN,31,Mumbai
CLM0019053,MUM_02835,Bandra,2024-01-18,8,0,0,0,0,0,0,0,0,0,1.0,0.9177,0,1.0,0,298,0,1,0.8624,0.0,GREEN,46,Mumbai
CLM0019054,MUM_06228,Andheri,2019-04-07,19,0,0,0,0,0,0,0,0,0,0.0,0.0,0,0.0,0,62,3,0,0.98,0.0,GREEN,55,Mumbai
CLM0019055,MUM_05476,Chembur,2025-07-05,10,0,0,0,0,0,0,0,0,0,0.0,0.245658,0,0.0,0,135,1,3,0.98,0.0759,GREEN,18,Mumbai
CLM0019056,MUM_03752,Lower Parel,2024-12-29,11,0,0,0,0,0,0,0,0,0,0.0,0.146046,0,0.0,0,420,0,3,0.3728,0.0,GREEN,47,Mumbai
CLM0019057,MUM_01645,Borivali,2024-12-02,20,0,0,0,0,0,0,0,0,0,0.0,0.091179,0,0.0,0,420,3,1,0.4776,0.0,GREEN,33,Mumbai
CLM0019058,MUM_06691,Ghatkopar,2024-10-04,8,0,0,0,0,1,0,0,0,0,1.0,0.341829,0,0.0,0,360,3,6,0.6745,0.1888,GREEN,40,Mumbai
CLM0019059,MUM_00075,Powai,2022-12-03,19,0,0,0,1,0,0,0,0,0,0.0,0.422814,0,0.0,0,404,0,1,0.8364,0.2065,GREEN,35,Mumbai
CLM0019060,MUM_07235,Thane,2020-04-18,7,0,0,0,0,0,0,0,0,0,0.0,1.0,0,0.0,0,215,2,1,0.4658,0.0,GREEN,47,Mumbai
CLM0019061,MUM_06548,Andheri,2023-05-24,17,0,0,0,0,0,1,0,0,0,0.0,0.092798,0,0.0,0,392,1,1,0.7308,0.0025,GREEN,42,Mumbai
CLM0019062,MUM_08918,Ghatkopar,2025-07-17,21,0,0,0,0,0,0,0,0,0,0.0,0.302445,0,0.0,0,287,2,1,0.5349,0.0074,GREEN,58,Mumbai
CLM0019063,MUM_02088,Andheri,2024-10-12,21,0,0,0,0,0,0,0,0,1,0.0,0.963943,0,0.0,0,171,0,3,0.6852,0.0222,GREEN,28,Mumbai
CLM0019064,MUM_00247,Bandra,2022-11-30,10,0,0,0,0,0,0,0,0,0,0.0,0.315754,0,0.0,0,195,1,0,0.4813,0.0,GREEN,33,Mumbai
CLM0019065,MUM_04379,Bandra,2025-01-02,20,0,0,0,0,0,0,0,0,0,0.0,0.341981,0,0.0,0,249,4,1,0.8989,0.0535,GREEN,51,Mumbai
CLM0019066,MUM_08388,Thane,2023-04-01,15,0,0,0,0,0,0,0,0,1,0.0,0.209704,0,1.0,0,420,1,1,0.8095,0.1459,GREEN,34,Mumbai
CLM0019067,MUM_07354,Lower Parel,2022-08-13,11,0,0,0,0,0,0,0,1,0,0.0,0.402946,0,0.0,0,358,2,5,0.98,0.1132,GREEN,30,Mumbai
CLM0019068,MUM_02011,Andheri,2023-11-15,17,0,0,0,0,0,0,0,0,0,0.0,0.200575,0,0.0,0,420,1,0,0.9206,0.0259,GREEN,41,Mumbai
CLM0019069,MUM_02574,Vashi,2023-01-09,20,0,0,0,0,0,0,0,0,0,0.0,0.026874,0,0.0,0,254,2,0,0.98,0.0,GREEN,30,Mumbai
CLM0019070,MUM_03439,Powai,2025-07-04,16,0,0,0,0,0,0,0,0,0,0.0,0.024306,0,0.0,0,130,2,1,0.6566,0.0,GREEN,38,Mumbai
CLM0019071,MUM_05116,Chembur,2021-09-13,8,0,0,0,0,0,0,0,1,0,0.0,0.256708,0,0.0,0,60,4,0,0.3895,0.1457,GREEN,36,Mumbai
CLM0019072,MUM_03502,Bandra,2021-07-26,16,0,0,0,0,0,0,0,0,0,0.0,0.193112,0,0.0,0,414,0,0,0.4995,0.0,GREEN,37,Mumbai
CLM0019073,MUM_03069,Dadar,2022-06-20,13,0,0,0,0,0,0,0,0,0,0.0,0.224949,0,0.0,0,259,0,0,0.7883,0.0258,GREEN,32,Mumbai
CLM0019074,MUM_03008,Thane,2022-08-07,8,0,0,0,1,0,1,0,0,1,0.0,0.0,0,0.0,0,420,3,0,0.5327,0.4127,YELLOW,48,Mumbai
CLM0019075,MUM_04083,Powai,2020-02-11,14,0,0,0,0,0,0,0,0,0,0.0,0.39405,0,0.0,0,33,1,0,0.5985,0.1035,GREEN,33,Mumbai
CLM0019076,MUM_04079,Andheri,2019-07-15,9,0,0,0,0,0,0,0,0,0,0.0,0.101548,0,0.0,0,42,3,3,0.6683,0.0426,GREEN,38,Mumbai
CLM0019077,MUM_05330,Thane,2025-02-27,7,0,0,0,0,0,0,0,0,1,0.0,0.302378,0,0.0,0,22,0,0,0.5118,0.1673,GREEN,60,Mumbai
CLM0019078,MUM_01399,Dadar,2018-01-04,14,0,0,0,0,0,0,0,0,0,0.0,0.23194,0,0.0,0,420,1,3,0.6475,0.0,GREEN,49,Mumbai
CLM0019079,MUM_04016,Lower Parel,2025-12-27,16,0,0,0,0,1,0,0,0,0,0.0,0.195861,0,1.0,0,420,2,2,0.695,0.0724,GREEN,39,Mumbai
CLM0019080,MUM_09795,Chembur,2021-06-24,16,0,0,0,1,1,1,0,1,0,0.0,0.123932,0,0.0,0,21,2,18,0.4634,0.0933,GREEN,63,Mumbai
CLM0019081,MUM_02970,Thane,2019-02-18,15,0,0,0,0,1,0,0,0,0,0.0,1.0,0,0.0,0,420,3,0,0.0684,0.0604,GREEN,26,Mumbai
CLM0019082,MUM_04572,Vashi,2021-06-04,16,0,0,0,0,0,0,0,0,0,0.0,0.129041,0,0.0,0,420,3,3,0.8431,0.0,GREEN,58,Mumbai
CLM0019083,MUM_01946,Lower Parel,2024-06-23,8,0,0,0,0,0,0,0,1,0,1.0,0.972343,0,1.0,0,420,2,1,0.6618,0.0919,GREEN,47,Mumbai
CLM0019084,MUM_08286,Andheri,2023-12-09,17,0,0,0,0,1,0,0,1,0,1.0,0.132246,1,0.0,0,40,2,18,0.853,0.0829,GREEN,32,Mumbai
CLM0019085,MUM_05296,Thane,2024-01-11,11,0,0,0,0,1,0,1,1,0,1.0,1.0,0,0.0,0,13,0,18,0.4367,0.2126,GREEN,40,Mumbai
CLM0019086,MUM_04403,Chembur,2021-09-02,18,0,0,0,0,0,0,0,0,0,0.0,0.224361,0,0.0,0,312,4,4,0.1692,0.0,GREEN,32,Mumbai
CLM0019087,MUM_07246,Bandra,2025-04-22,20,0,1,1,0,0,0,1,0,0,1.0,0.163131,0,0.0,0,101,4,3,0.98,0.1965,GREEN,38,Mumbai
CLM0019088,MUM_00192,Vashi,2023-01-21,13,0,0,0,0,0,0,0,0,0,1.0,0.031587,0,0.0,0,236,1,0,0.6746,0.1136,GREEN,47,Mumbai
CLM0019089,MUM_05996,Thane,2021-06-24,8,0,0,0,0,0,0,0,0,0,0.0,0.979213,0,0.0,0,420,1,1,0.8845,0.0411,GREEN,36,Mumbai
CLM0019090,MUM_06145,Ghatkopar,2023-08-02,16,0,0,0,0,1,0,0,0,0,0.0,0.286271,0,0.0,0,231,1,5,0.5901,0.1166,GREEN,40,Mumbai
CLM0019091,MUM_07932,Lower Parel,2023-07-09,16,0,0,0,0,0,0,0,1,0,0.0,0.056052,0,0.0,0,145,1,3,0.5149,0.0912,GREEN,41,Mumbai
CLM0019092,MUM_07412,Lower Parel,2025-08-23,16,0,0,0,0,0,0,0,0,0,0.0,0.380407,0,0.0,0,108,0,0,0.82,0.0,GREEN,54,Mumbai
CLM0019093,MUM_03845,Ghatkopar,2025-12-18,10,0,0,0,0,0,0,0,0,0,0.0,0.272842,0,0.0,1,231,4,1,0.9009,0.0476,GREEN,37,Mumbai
CLM0019094,MUM_02833,Thane,2025-08-01,12,0,0,0,0,0,1,0,0,0,0.0,0.158134,0,0.0,0,420,2,2,0.8728,0.0739,GREEN,54,Mumbai
CLM0019095,MUM_04249,Thane,2025-01-07,10,0,0,0,0,0,0,1,0,0,0.0,1.0,0,0.0,0,5,2,2,0.9155,0.008,GREEN,51,Mumbai
CLM0019096,MUM_05562,Ghatkopar,2024-02-18,19,0,0,0,0,0,0,0,0,0,0.0,0.237591,0,0.0,0,308,1,0,0.6381,0.0565,GREEN,32,Mumbai
CLM0019097,MUM_07099,Thane,2024-09-28,19,0,0,0,0,0,1,0,0,0,0.0,0.216142,1,0.0,0,75,0,6,0.9509,0.1515,GREEN,30,Mumbai
CLM0019098,MUM_05791,Lower Parel,2024-02-06,14,0,0,0,0,0,1,0,0,0,0.0,0.015315,0,1.0,0,420,1,0,0.4685,0.0892,GREEN,44,Mumbai
CLM0019099,MUM_02815,Bandra,2025-09-01,15,0,0,0,1,1,0,0,1,1,0.0,0.089398,0,0.0,0,25,2,18,0.98,0.0,GREEN,56,Mumbai
CLM0019100,MUM_03146,Ghatkopar,2025-08-31,11,0,0,0,0,0,0,0,0,0,0.0,0.970899,0,0.0,0,145,3,2,0.8476,0.2365,GREEN,39,Mumbai
CLM0019101,MUM_05105,Lower Parel,2023-08-12,11,0,0,0,0,0,0,0,1,0,0.0,0.193836,0,0.0,0,76,4,1,0.6554,0.0935,GREEN,23,Mumbai
CLM0019102,MUM_05848,Chembur,2024-12-24,15,0,0,0,1,0,0,0,0,0,0.0,0.912504,1,0.0,0,273,2,0,0.5821,0.2661,GREEN,43,Mumbai
CLM0019103,MUM_01015,Lower Parel,2022-03-26,14,0,0,0,0,0,0,0,0,0,0.0,0.915655,0,0.0,0,293,4,4,0.8305,0.0,GREEN,32,Mumbai
CLM0019104,MUM_05104,Chembur,2020-11-08,12,0,0,0,0,0,0,1,0,0,0.0,0.364632,0,0.0,0,395,1,5,0.7221,0.1042,GREEN,35,Mumbai
CLM0019105,MUM_07057,Bandra,2019-02-08,21,0,0,0,0,0,0,1,0,0,0.0,0.228538,0,0.0,0,121,1,0,0.95,0.0,GREEN,39,Mumbai
CLM0019106,MUM_06825,Lower Parel,2025-07-22,19,0,0,0,0,0,0,0,0,0,1.0,1.0,0,1.0,0,68,0,4,0.98,0.1658,GREEN,49,Mumbai
CLM0019107,MUM_07340,Andheri,2023-08-17,15,0,0,0,0,0,0,0,0,0,0.0,0.360886,0,0.0,0,105,1,2,0.9075,0.0869,GREEN,52,Mumbai
CLM0019108,MUM_05909,Ghatkopar,2020-05-02,14,0,0,0,0,0,0,0,0,0,1.0,0.111111,0,0.0,0,420,3,0,0.6832,0.0224,GREEN,28,Mumbai
CLM0019109,MUM_08266,Thane,2025-10-14,10,0,0,0,0,0,0,0,0,0,0.0,0.403422,0,0.0,0,420,1,5,0.6661,0.0,GREEN,49,Mumbai
CLM0019110,MUM_00583,Ghatkopar,2023-11-01,16,0,0,0,0,0,0,0,0,0,1.0,0.44061,1,0.0,0,393,0,1,0.8599,0.0998,GREEN,42,Mumbai
CLM0019111,MUM_08365,Borivali,2019-10-26,12,0,0,0,0,0,0,0,0,1,0.0,0.038597,0,0.0,0,107,4,0,0.6679,0.0556,GREEN,31,Mumbai
CLM0019112,MUM_03675,Ghatkopar,2020-08-25,18,0,0,0,0,0,0,0,0,0,0.0,0.283586,0,0.0,0,320,1,3,0.6833,0.1107,GREEN,35,Mumbai
CLM0019113,MUM_02003,Dadar,2018-10-27,13,0,0,0,0,0,0,0,0,0,0.0,0.417617,0,0.0,0,320,4,4,0.7746,0.033,GREEN,25,Mumbai
CLM0019114,MUM_07194,Powai,2024-07-18,11,0,0,0,0,0,0,1,1,1,0.0,0.08911,0,0.0,0,20,4,18,0.9629,0.0912,GREEN,26,Mumbai
CLM0019115,MUM_04287,Bandra,2024-07-29,21,0,0,0,0,0,0,0,0,0,0.0,0.146314,0,0.0,0,95,4,2,0.6255,0.011,GREEN,45,Mumbai
CLM0019116,MUM_04746,Dadar,2023-11-09,20,0,0,0,0,0,0,0,0,0,0.0,0.259261,0,0.0,0,112,2,0,0.2102,0.0,GREEN,41,Mumbai
CLM0019117,MUM_06646,Andheri,2025-04-16,14,0,0,0,0,0,0,0,0,0,0.0,0.283044,0,0.0,0,373,0,3,0.3782,0.0271,GREEN,27,Mumbai
CLM0019118,MUM_00609,Lower Parel,2025-07-31,16,0,0,0,0,0,1,0,0,0,0.0,0.199653,0,1.0,0,8,0,6,0.3638,0.1317,GREEN,29,Mumbai
CLM0019119,MUM_04271,Bandra,2022-09-20,12,0,1,1,1,0,0,1,1,1,1.0,1.0,1,1.0,1,5,1,18,0.05,0.6892,RED,36,Mumbai
CLM0019120,MUM_04618,Ghatkopar,2025-02-28,16,0,1,1,1,1,1,1,1,1,1.0,1.0,0,0.0,1,5,2,18,0.7612,0.8357,RED,57,Mumbai
CLM0019121,MUM_07751,Ghatkopar,2025-05-01,14,0,1,1,0,1,1,1,1,1,0.0,1.0,0,1.0,0,16,1,18,0.98,0.6006,YELLOW,42,Mumbai
CLM0019122,MUM_09251,Ghatkopar,2021-09-05,10,0,1,1,1,0,0,0,0,0,0.0,0.865938,0,0.0,0,420,1,1,0.05,0.4973,YELLOW,42,Mumbai
CLM0019123,MUM_04315,Chembur,2021-09-12,14,0,1,1,1,1,1,0,1,0,0.0,0.053351,0,0.0,0,12,2,18,0.2904,0.5014,YELLOW,32,Mumbai
CLM0019124,MUM_05726,Vashi,2025-09-25,7,0,1,1,1,1,1,1,0,0,0.0,0.0,0,0.0,0,6,1,18,0.9049,0.6331,RED,41,Mumbai
CLM0019125,MUM_03776,Bandra,2023-04-15,18,0,1,1,0,1,1,1,1,0,1.0,0.472808,1,0.0,0,5,1,18,0.2762,0.6724,RED,32,Mumbai
CLM0019126,MUM_05999,Ghatkopar,2023-01-11,19,0,1,1,1,1,1,1,1,0,0.0,0.039187,1,0.0,1,10,0,18,0.9153,0.6229,RED,37,Mumbai
CLM0019127,MUM_07485,Borivali,2020-03-16,11,0,0,0,0,0,0,0,0,0,0.0,0.987015,1,0.0,0,168,4,6,0.6038,0.1779,GREEN,55,Mumbai
CLM0019128,MUM_02287,Thane,2018-06-30,8,0,0,0,0,0,0,0,0,0,0.0,0.965395,0,0.0,0,324,1,3,0.9096,0.1559,GREEN,57,Mumbai
CLM0019129,MUM_02630,Thane,2018-07-26,9,0,0,0,1,0,0,0,0,0,0.0,0.124547,0,0.0,0,420,3,1,0.05,0.0892,GREEN,40,Mumbai
CLM0019130,MUM_00441,Powai,2016-06-14,10,0,0,0,0,0,0,0,0,0,0.0,0.210813,0,0.0,0,343,3,0,0.6209,0.0291,GREEN,40,Mumbai
CLM0019131,MUM_05488,Chembur,2016-06-16,15,0,0,0,0,0,0,0,0,0,0.0,0.378991,0,0.0,0,150,2,2,0.6062,0.0,GREEN,61,Mumbai
CLM0019132,MUM_05485,Andheri,2015-09-05,14,0,0,0,0,0,0,0,0,0,0.0,0.09417,0,0.0,0,248,3,3,0.9594,0.0,GREEN,46,Mumbai
CLM0019133,MUM_08367,Thane,2025-09-14,12,0,0,0,1,0,0,0,1,0,0.0,0.135055,0,0.0,0,358,2,1,0.2431,0.2875,GREEN,63,Mumbai
CLM0019134,MUM_07656,Borivali,2024-10-03,19,0,0,0,0,0,0,0,0,0,0.0,0.962438,0,0.0,0,272,3,2,0.7722,0.0,GREEN,54,Mumbai
CLM0019135,MUM_09031,Chembur,2023-02-16,7,0,0,0,0,0,0,0,0,0,0.0,0.06091,0,1.0,0,385,1,2,0.9155,0.0882,GREEN,47,Mumbai
CLM0019136,MUM_02135,Borivali,2021-11-26,21,0,0,0,0,0,0,0,0,0,0.0,0.455503,0,0.0,0,344,3,4,0.7532,0.0,GREEN,36,Mumbai
CLM0019137,MUM_09422,Powai,2020-12-19,10,0,0,0,0,0,0,0,0,0,0.0,1.0,0,0.0,0,266,2,0,0.5015,0.0,GREEN,37,Mumbai
CLM0019138,MUM_05069,Vashi,2025-09-07,15,0,0,0,1,1,1,0,1,1,0.0,0.046723,1,0.0,0,5,3,18,0.9185,0.0,GREEN,57,Mumbai
CLM0019139,MUM_04420,Chembur,2024-11-28,11,0,0,0,0,0,0,0,0,0,0.0,0.943081,0,0.0,0,91,2,3,0.9153,0.0,GREEN,36,Mumbai
CLM0019140,MUM_00810,Thane,2020-11-14,16,0,0,0,0,0,0,0,0,0,0.0,0.957825,0,0.0,0,7,4,1,0.9682,0.0826,GREEN,27,Mumbai
CLM0019141,MUM_00468,Ghatkopar,2020-12-30,8,0,0,0,0,1,0,1,1,0,1.0,0.965308,0,1.0,0,5,1,18,0.8108,0.0637,GREEN,43,Mumbai
CLM0019142,MUM_07293,Vashi,2024-09-02,8,0,0,0,0,0,0,0,0,0,0.0,0.234628,0,0.0,0,420,2,4,0.7764,0.0,GREEN,44,Mumbai
CLM0019143,MUM_01330,Chembur,2022-05-15,20,0,1,1,0,0,0,0,0,0,0.0,0.274897,0,0.0,0,195,0,1,0.05,0.0775,GREEN,48,Mumbai
CLM0019144,MUM_02914,Powai,2023-03-31,15,0,0,0,0,0,0,0,0,0,0.0,0.0,0,0.0,0,41,4,7,0.674,0.0479,GREEN,40,Mumbai
CLM0019145,MUM_08973,Andheri,2024-06-10,14,0,0,0,0,0,1,0,0,0,1.0,0.880689,0,1.0,0,166,1,1,0.7738,0.2488,GREEN,52,Mumbai
CLM0019146,MUM_08026,Dadar,2024-11-09,15,0,0,0,0,0,0,0,0,0,1.0,1.0,0,0.0,0,84,2,4,0.5666,0.1034,GREEN,29,Mumbai
CLM0019147,MUM_01018,Vashi,2023-05-22,11,0,0,0,1,0,0,0,1,0,1.0,0.263036,0,0.0,0,290,4,0,0.98,0.3888,YELLOW,64,Mumbai
CLM0019148,MUM_06716,Thane,2023-04-19,10,0,0,0,0,0,1,0,0,0,1.0,1.0,0,1.0,0,406,3,4,0.6343,0.1637,GREEN,37,Mumbai
CLM0019149,MUM_05624,Thane,2024-10-05,15,0,0,0,0,0,0,0,0,0,0.0,0.294581,0,0.0,0,189,4,0,0.7862,0.0,GREEN,53,Mumbai
CLM0019150,MUM_06154,Lower Parel,2020-11-18,20,0,0,0,0,0,0,0,0,0,0.0,0.205127,0,0.0,0,420,4,0,0.8536,0.0165,GREEN,46,Mumbai
CLM0019151,MUM_03525,Powai,2020-09-14,11,0,1,1,0,0,0,0,0,0,0.0,0.315227,0,0.0,0,407,2,3,0.8,0.0,GREEN,54,Mumbai
CLM0019152,MUM_09462,Thane,2023-02-09,11,0,0,0,1,0,0,0,0,0,0.0,1.0,0,0.0,0,302,1,3,0.9042,0.2595,GREEN,41,Mumbai
CLM0019153,MUM_00282,Dadar,2022-01-18,12,0,0,0,0,0,0,0,0,0,0.0,0.367021,0,0.0,0,201,0,0,0.9294,0.0,GREEN,49,Mumbai
CLM0019154,MUM_08670,Vashi,2021-02-28,20,0,0,0,0,0,0,0,0,0,0.0,0.332251,1,0.0,0,238,1,3,0.5664,0.0,GREEN,39,Mumbai
CLM0019155,MUM_05889,Chembur,2020-06-03,7,0,0,0,0,0,0,0,0,0,0.0,0.195385,0,0.0,0,420,0,1,0.9658,0.0097,GREEN,31,Mumbai
CLM0019156,MUM_05037,Powai,2024-06-06,18,0,0,0,0,0,0,0,0,0,1.0,0.015164,0,0.0,0,209,4,2,0.8705,0.0429,GREEN,38,Mumbai
CLM0019157,MUM_06584,Ghatkopar,2020-04-02,17,0,0,0,0,0,0,0,0,0,0.0,0.140847,0,0.0,0,228,4,5,0.5433,0.0,GREEN,48,Mumbai
CLM0019158,MUM_07571,Thane,2017-01-01,18,0,0,0,0,0,1,0,0,0,0.0,0.120943,0,0.0,0,420,3,0,0.7184,0.1912,GREEN,49,Mumbai
CLM0019159,MUM_08947,Thane,2024-09-23,16,0,0,0,0,0,0,0,0,0,0.0,0.397332,0,0.0,0,323,2,7,0.7192,0.0554,GREEN,45,Mumbai
CLM0019160,MUM_07258,Thane,2021-09-03,17,0,0,0,0,0,0,0,0,0,0.0,0.335123,0,0.0,0,75,1,4,0.6702,0.0027,GREEN,40,Mumbai
CLM0019161,MUM_01165,Bandra,2023-06-09,19,0,0,0,0,0,0,0,0,0,0.0,0.288067,0,0.0,0,73,4,2,0.1236,0.0026,GREEN,25,Mumbai
CLM0019162,MUM_04959,Thane,2019-09-15,15,0,0,0,0,0,1,0,0,1,0.0,0.14474,0,0.0,0,179,2,5,0.6959,0.2425,GREEN,57,Mumbai
CLM0019163,MUM_01657,Thane,2023-05-05,17,0,0,0,0,0,0,0,0,0,0.0,0.321931,0,0.0,0,189,3,1,0.6958,0.0,GREEN,49,Mumbai
CLM0019164,MUM_04354,Andheri,2021-06-26,11,0,0,0,0,0,0,0,0,0,0.0,0.228845,0,0.0,0,331,0,0,0.6095,0.0,GREEN,37,Mumbai
CLM0019165,MUM_08904,Borivali,2020-11-22,16,0,0,0,0,0,0,0,0,0,0.0,0.169054,0,1.0,0,393,4,6,0.8973,0.045,GREEN,37,Mumbai
CLM0019166,MUM_01817,Lower Parel,2022-11-06,16,0,0,0,1,0,0,0,0,0,0.0,1.0,0,0.0,0,331,3,1,0.5454,0.1807,GREEN,26,Mumbai
CLM0019167,MUM_04112,Vashi,2023-05-03,8,0,0,0,0,0,0,0,1,0,1.0,0.066214,0,0.0,0,420,3,1,0.627,0.1724,GREEN,37,Mumbai
CLM0019168,MUM_00572,Chembur,2025-10-04,14,0,0,0,0,0,1,0,0,0,0.0,0.358721,0,0.0,0,420,0,1,0.8095,0.0996,GREEN,29,Mumbai
CLM0019169,MUM_08835,Bandra,2020-04-09,7,0,0,0,0,0,0,0,0,0,0.0,0.130295,0,0.0,0,301,1,1,0.8113,0.063,GREEN,41,Mumbai
CLM0019170,MUM_01472,Powai,2020-04-25,7,0,0,0,0,0,0,0,0,0,0.0,0.316677,0,0.0,0,151,1,0,0.9686,0.0,GREEN,22,Mumbai
CLM0019171,MUM_09227,Thane,2023-08-25,9,0,0,0,1,0,0,0,0,0,0.0,0.0,0,0.0,0,371,3,5,0.8704,0.1501,GREEN,18,Mumbai
CLM0019172,MUM_09846,Powai,2020-10-19,21,0,0,0,0,0,0,0,0,0,0.0,0.073149,0,0.0,0,150,1,3,0.1276,0.0,GREEN,31,Mumbai
CLM0019173,MUM_07471,Vashi,2019-06-26,10,0,0,0,1,0,1,0,0,0,0.0,0.089611,0,0.0,0,419,1,2,0.98,0.2623,GREEN,27,Mumbai
CLM0019174,MUM_02960,Lower Parel,2024-12-07,9,0,0,0,0,0,0,0,0,0,0.0,0.0,0,0.0,0,298,3,0,0.8619,0.0332,GREEN,41,Mumbai
CLM0019175,MUM_06942,Vashi,2025-09-16,19,0,0,0,0,0,0,0,0,0,0.0,0.923514,0,0.0,0,38,3,2,0.8622,0.032,GREEN,30,Mumbai
CLM0019176,MUM_04567,Andheri,2023-12-08,19,0,0,0,0,0,0,0,0,0,0.0,0.940302,0,0.0,0,103,0,1,0.98,0.0254,GREEN,43,Mumbai
CLM0019177,MUM_06199,Andheri,2018-11-22,16,0,0,0,1,1,0,1,1,0,1.0,0.913011,0,1.0,1,5,3,18,0.112,0.0839,GREEN,57,Mumbai
CLM0019178,MUM_00777,Thane,2023-03-24,14,0,0,0,0,0,0,0,0,0,0.0,0.067513,0,0.0,0,420,0,7,0.5843,0.118,GREEN,43,Mumbai
CLM0019179,MUM_03171,Chembur,2017-10-21,18,0,0,0,0,0,0,0,0,0,0.0,0.307675,0,0.0,0,319,1,0,0.9589,0.0227,GREEN,46,Mumbai
CLM0019180,MUM_00681,Lower Parel,2024-03-25,11,0,0,0,1,0,0,1,1,1,1.0,0.975245,1,1.0,1,21,0,18,0.8858,0.1406,GREEN,56,Mumbai
CLM0019181,MUM_05514,Bandra,2020-06-12,18,0,0,0,0,1,0,0,0,0,0.0,0.19844,0,0.0,0,420,2,4,0.0966,0.2598,GREEN,26,Mumbai
CLM0019182,MUM_06632,Lower Parel,2023-07-26,17,0,0,0,0,0,0,0,0,0,0.0,0.026625,0,0.0,0,346,1,4,0.98,0.1206,GREEN,18,Mumbai
CLM0019183,MUM_06959,Vashi,2025-01-22,10,0,0,0,0,1,0,1,0,0,0.0,1.0,0,0.0,0,420,3,0,0.6943,0.2196,GREEN,49,Mumbai
CLM0019184,MUM_07807,Chembur,2024-12-01,21,0,0,0,0,0,1,0,0,0,1.0,0.433209,0,0.0,0,256,4,4,0.5944,0.1768,GREEN,52,Mumbai
CLM0019185,MUM_01907,Powai,2021-10-08,10,0,1,1,0,0,0,1,0,0,0.0,0.0,0,0.0,0,264,3,4,0.6434,0.1093,GREEN,42,Mumbai
CLM0019186,MUM_03096,Dadar,2022-05-22,13,0,0,0,0,0,0,0,0,0,0.0,0.446119,0,0.0,0,257,1,2,0.9501,0.0,GREEN,28,Mumbai
CLM0019187,MUM_09505,Lower Parel,2022-08-06,14,0,0,0,0,0,0,1,0,1,0.0,0.295105,0,0.0,0,89,2,2,0.3106,0.2543,GREEN,52,Mumbai
CLM0019188,MUM_07556,Dadar,2024-12-18,10,0,0,0,0,0,0,1,0,0,0.0,0.431937,0,0.0,0,360,2,0,0.98,0.0627,GREEN,42,Mumbai
CLM0019189,MUM_02374,Bandra,2022-02-27,13,0,0,0,0,0,0,0,0,0,0.0,0.237909,0,0.0,0,373,4,0,0.5093,0.0,GREEN,38,Mumbai
CLM0019190,MUM_09534,Dadar,2024-08-10,20,0,0,0,0,0,0,0,0,0,0.0,0.294261,0,0.0,0,420,4,1,0.5546,0.0998,GREEN,51,Mumbai
CLM0019191,MUM_00204,Vashi,2021-12-24,13,0,0,0,0,0,0,0,0,0,0.0,0.22364,0,0.0,0,208,4,4,0.9058,0.0,GREEN,43,Mumbai
CLM0019192,MUM_05220,Vashi,2025-07-09,14,0,0,0,0,0,0,0,0,0,0.0,0.437421,0,0.0,0,193,2,1,0.98,0.0294,GREEN,34,Mumbai
CLM0019193,MUM_07766,Vashi,2021-12-21,7,0,0,0,0,0,0,0,0,0,0.0,0.040432,0,0.0,0,222,3,1,0.6276,0.0,GREEN,47,Mumbai
CLM0019194,MUM_06617,Dadar,2021-09-14,13,0,0,0,0,0,0,0,0,0,0.0,0.336261,0,0.0,0,309,1,4,0.657,0.0,GREEN,38,Mumbai
CLM0019195,MUM_09664,Lower Parel,2022-01-30,18,0,0,0,0,0,0,0,0,0,0.0,0.247462,0,0.0,0,386,0,0,0.6659,0.0458,GREEN,32,Mumbai
CLM0019196,MUM_02297,Lower Parel,2025-10-19,9,0,0,0,1,0,0,0,0,0,0.0,0.022788,0,0.0,0,362,3,6,0.7366,0.2585,GREEN,37,Mumbai
CLM0019197,MUM_02075,Ghatkopar,2024-01-30,9,0,0,0,0,0,0,0,0,0,1.0,1.0,0,1.0,0,179,2,1,0.8788,0.0,GREEN,43,Mumbai
CLM0019198,MUM_07009,Bandra,2024-11-07,11,0,0,0,0,0,0,0,1,0,0.0,0.974714,0,0.0,0,142,0,2,0.05,0.1309,GREEN,49,Mumbai
CLM0019199,MUM_02231,Lower Parel,2025-11-06,10,0,0,0,0,0,0,0,0,0,0.0,0.09493,0,0.0,0,328,0,1,0.98,0.0,GREEN,44,Mumbai
CLM0019200,MUM_01670,Andheri,2024-01-14,7,0,0,0,0,0,0,0,0,0,0.0,0.072953,0,0.0,0,420,2,4,0.7221,0.0,GREEN,39,Mumbai
CLM0019201,MUM_04758,Andheri,2025-02-24,10,0,0,0,0,0,0,0,0,0,0.0,0.224605,0,0.0,0,275,4,2,0.6583,0.204,GREEN,58,Mumbai
CLM0019202,MUM_05073,Ghatkopar,2023-08-14,14,0,0,0,0,0,0,0,0,0,1.0,0.097431,0,0.0,0,420,3,3,0.6055,0.087,GREEN,61,Mumbai
CLM0019203,MUM_06320,Powai,2018-03-21,14,0,0,0,0,0,0,0,1,0,0.0,0.262696,0,0.0,0,420,4,0,0.3134,0.0306,GREEN,34,Mumbai
CLM0019204,MUM_01075,Bandra,2025-07-19,17,0,0,0,0,0,0,0,0,0,0.0,0.061365,0,0.0,0,288,1,0,0.9424,0.0,GREEN,36,Mumbai
CLM0019205,MUM_04576,Dadar,2023-06-30,10,0,0,0,0,0,0,0,0,0,0.0,0.14438,0,0.0,1,299,0,4,0.7089,0.0817,GREEN,61,Mumbai
CLM0019206,MUM_07775,Dadar,2023-12-09,8,0,0,0,0,0,0,0,0,0,0.0,0.084972,0,0.0,0,377,0,4,0.05,0.0604,GREEN,29,Mumbai
CLM0019207,MUM_08458,Thane,2025-12-14,17,0,0,0,0,0,0,0,0,0,0.0,0.193359,0,0.0,0,84,3,5,0.9491,0.0369,GREEN,47,Mumbai
CLM0019208,MUM_06973,Bandra,2023-12-11,9,1,0,0,0,0,0,0,0,0,0.0,0.026393,1,0.0,0,420,4,1,0.863,0.0,GREEN,47,Mumbai
CLM0019209,MUM_00922,Vashi,2022-03-19,15,0,0,0,0,0,0,0,0,1,0.0,0.418593,0,0.0,0,156,3,3,0.1797,0.169,GREEN,27,Mumbai
CLM0019210,MUM_05293,Vashi,2025-03-24,17,0,0,0,0,0,0,0,0,1,0.0,0.15131,0,0.0,0,142,1,0,0.7114,0.1535,GREEN,52,Mumbai
CLM0019211,MUM_08414,Bandra,2024-07-18,17,0,0,0,0,0,0,0,0,0,0.0,1.0,0,0.0,0,176,3,1,0.05,0.011,GREEN,44,Mumbai
CLM0019212,MUM_08000,Vashi,2025-05-20,15,0,0,0,0,0,0,0,0,0,0.0,0.172243,0,0.0,0,287,0,0,0.98,0.0494,GREEN,55,Mumbai
CLM0019213,MUM_02958,Dadar,2025-10-10,15,0,0,0,0,0,0,0,0,0,0.0,1.0,0,1.0,0,226,0,0,0.6269,0.0768,GREEN,44,Mumbai
CLM0019214,MUM_01782,Bandra,2025-08-15,9,0,0,0,0,0,0,0,0,0,0.0,1.0,0,0.0,0,236,4,2,0.98,0.0,GREEN,43,Mumbai
CLM0019215,MUM_06899,Powai,2025-06-02,8,0,0,0,0,0,0,0,0,0,0.0,0.067809,0,0.0,0,213,1,0,0.98,0.0861,GREEN,41,Mumbai
CLM0019216,MUM_03460,Chembur,2024-11-09,20,0,0,0,0,0,0,0,0,0,0.0,0.244262,0,0.0,0,334,3,1,0.8908,0.0287,GREEN,63,Mumbai
CLM0019217,MUM_04420,Chembur,2025-06-10,19,0,0,0,0,1,0,0,0,0,1.0,0.074878,0,0.0,0,420,1,2,0.98,0.257,GREEN,36,Mumbai
CLM0019218,MUM_05364,Powai,2024-07-06,18,0,0,0,0,0,0,0,0,0,0.0,0.160387,0,0.0,0,107,1,0,0.1044,0.0408,GREEN,37,Mumbai
CLM0019219,MUM_05766,Ghatkopar,2025-08-23,19,0,1,1,0,0,0,0,0,0,0.0,0.391211,0,0.0,0,291,4,1,0.6217,0.0,GREEN,20,Mumbai
CLM0019220,MUM_03143,Borivali,2025-09-28,9,0,0,0,0,0,0,0,0,0,1.0,0.992967,0,1.0,0,420,3,0,0.7725,0.056,GREEN,56,Mumbai
CLM0019221,MUM_00963,Powai,2019-08-28,14,0,0,0,0,0,0,0,0,0,0.0,0.252156,0,0.0,0,209,2,0,0.7138,0.0721,GREEN,52,Mumbai
CLM0019222,MUM_08633,Lower Parel,2021-09-16,13,0,0,0,0,0,0,0,1,0,0.0,0.055143,0,0.0,0,420,1,0,0.7617,0.0983,GREEN,33,Mumbai
CLM0019223,MUM_05010,Thane,2022-10-20,15,0,0,0,0,0,1,0,0,0,0.0,0.267306,0,0.0,0,419,2,3,0.1644,0.1654,GREEN,65,Mumbai
CLM0019224,MUM_07859,Lower Parel,2024-05-06,8,0,0,0,1,0,0,0,0,0,0.0,0.370803,1,0.0,0,96,3,0,0.6154,0.2633,GREEN,33,Mumbai
CLM0019225,MUM_02319,Vashi,2018-11-04,17,0,0,0,0,0,0,0,0,0,1.0,0.394652,0,0.0,0,229,1,0,0.7441,0.1238,GREEN,50,Mumbai
CLM0019226,MUM_05890,Lower Parel,2019-11-22,19,0,0,0,0,0,0,0,0,0,0.0,0.00564,0,0.0,0,204,4,4,0.4407,0.0,GREEN,39,Mumbai
CLM0019227,MUM_00043,Thane,2022-04-02,21,0,0,0,0,0,1,0,0,0,0.0,0.132019,0,0.0,0,248,0,2,0.7359,0.069,GREEN,61,Mumbai
CLM0019228,MUM_00167,Borivali,2019-11-11,20,0,0,0,0,0,0,0,0,0,0.0,0.010968,0,0.0,0,420,0,2,0.6955,0.0,GREEN,30,Mumbai
CLM0019229,MUM_07136,Powai,2020-02-03,17,0,0,0,0,0,0,0,0,0,0.0,0.352887,0,1.0,1,69,3,5,0.8448,0.0128,GREEN,44,Mumbai
CLM0019230,MUM_05376,Powai,2023-08-06,10,0,0,0,0,0,0,0,0,0,0.0,0.203364,0,0.0,0,188,1,5,0.1025,0.0,GREEN,47,Mumbai
CLM0019231,MUM_00364,Chembur,2022-08-12,21,0,0,0,0,0,0,0,0,0,0.0,0.101442,0,0.0,0,420,3,6,0.3154,0.0,GREEN,54,Mumbai
CLM0019232,MUM_04601,Vashi,2022-05-06,11,0,0,0,0,0,0,0,0,0,0.0,0.044682,1,0.0,0,217,3,0,0.5272,0.0477,GREEN,61,Mumbai
CLM0019233,MUM_01260,Dadar,2022-06-18,21,0,0,0,0,0,0,1,0,0,0.0,0.114358,0,0.0,0,213,1,0,0.8352,0.0619,GREEN,51,Mumbai
CLM0019234,MUM_07551,Thane,2025-01-20,21,0,0,0,0,0,0,0,0,0,0.0,0.329573,0,0.0,0,202,4,4,0.4518,0.0489,GREEN,34,Mumbai
CLM0019235,MUM_02694,Chembur,2018-07-12,18,0,0,0,0,0,0,0,0,0,0.0,0.141994,0,0.0,0,294,1,3,0.5985,0.0,GREEN,57,Mumbai
CLM0019236,MUM_07240,Dadar,2019-08-15,10,0,0,0,0,0,0,0,0,0,0.0,0.999811,0,0.0,1,259,0,0,0.6722,0.0025,GREEN,34,Mumbai
CLM0019237,MUM_07959,Dadar,2024-08-02,15,0,0,0,0,0,0,0,0,0,0.0,0.241332,0,0.0,0,74,1,4,0.9064,0.0,GREEN,59,Mumbai
CLM0019238,MUM_07375,Powai,2023-08-10,21,0,0,0,0,0,0,0,0,0,0.0,0.237597,0,0.0,0,385,1,4,0.4349,0.0709,GREEN,18,Mumbai
CLM0019239,MUM_02358,Bandra,2025-11-03,21,0,0,0,1,0,0,0,0,0,1.0,0.369953,1,0.0,0,103,2,2,0.6058,0.291,GREEN,37,Mumbai
CLM0019240,MUM_05535,Ghatkopar,2021-08-01,13,0,0,0,0,0,0,0,0,1,0.0,0.245249,1,0.0,0,420,2,7,0.6761,0.2678,GREEN,50,Mumbai
CLM0019241,MUM_01925,Chembur,2019-09-12,13,0,0,0,0,0,0,0,0,0,0.0,0.006454,0,1.0,0,400,0,2,0.6984,0.0294,GREEN,39,Mumbai
CLM0019242,MUM_08399,Dadar,2021-08-07,8,0,0,0,0,0,0,0,0,0,0.0,0.0,0,0.0,0,126,1,2,0.6096,0.033,GREEN,51,Mumbai
CLM0019243,MUM_09591,Thane,2024-01-04,13,0,0,0,0,0,0,0,0,0,1.0,0.029693,0,1.0,0,310,1,1,0.5538,0.0808,GREEN,30,Mumbai
CLM0019244,MUM_01859,Ghatkopar,2023-11-10,9,0,0,0,0,0,0,0,0,0,0.0,0.345108,0,0.0,0,311,3,2,0.6097,0.0,GREEN,47,Mumbai
CLM0019245,MUM_00046,Ghatkopar,2024-03-28,9,0,0,0,0,0,0,0,1,1,0.0,0.368985,1,0.0,0,420,2,7,0.3502,0.3544,YELLOW,56,Mumbai
CLM0019246,MUM_02705,Vashi,2022-08-10,13,0,0,0,0,0,0,0,0,0,0.0,0.126171,0,0.0,0,387,3,0,0.9118,0.0,GREEN,53,Mumbai
CLM0019247,MUM_03305,Andheri,2025-10-10,21,0,0,0,0,0,0,0,0,0,0.0,0.349203,0,0.0,0,92,0,5,0.1478,0.0,GREEN,45,Mumbai
CLM0019248,MUM_02771,Powai,2021-11-19,9,0,0,0,0,0,0,0,0,0,0.0,0.199066,0,0.0,0,420,3,3,0.98,0.0334,GREEN,39,Mumbai
CLM0019249,MUM_04354,Andheri,2023-07-20,9,0,0,0,0,0,0,0,0,0,0.0,0.372189,0,0.0,0,241,2,2,0.295,0.0,GREEN,37,Mumbai
CLM0019250,MUM_02994,Powai,2019-10-06,11,0,0,0,0,0,0,0,0,0,0.0,1.0,0,0.0,0,420,0,1,0.6595,0.0044,GREEN,42,Mumbai
CLM0019251,MUM_06784,Borivali,2025-01-25,19,0,0,0,0,0,0,0,0,0,0.0,0.128444,0,0.0,0,236,1,2,0.9312,0.0,GREEN,49,Mumbai
CLM0019252,MUM_06767,Borivali,2021-02-17,11,0,0,0,0,0,1,0,0,0,0.0,0.302398,0,0.0,0,5,3,3,0.8014,0.1623,GREEN,43,Mumbai
CLM0019253,MUM_02942,Andheri,2024-04-21,16,0,0,0,0,0,0,0,0,0,0.0,0.396723,0,0.0,0,216,0,1,0.5239,0.0,GREEN,36,Mumbai
CLM0019254,MUM_08245,Powai,2023-11-22,7,0,0,0,0,0,0,0,0,0,0.0,0.242067,0,0.0,0,405,4,5,0.6455,0.068,GREEN,40,Mumbai
CLM0019255,MUM_02800,Borivali,2024-09-04,8,0,0,0,0,0,0,0,0,0,0.0,0.293469,0,0.0,0,420,0,5,0.98,0.0368,GREEN,36,Mumbai
CLM0019256,MUM_09736,Bandra,2017-03-27,11,0,0,0,0,0,0,0,1,0,0.0,0.065771,0,0.0,0,192,0,2,0.933,0.0701,GREEN,62,Mumbai
CLM0019257,MUM_01520,Bandra,2024-12-18,20,0,0,0,0,0,0,0,1,0,0.0,0.153623,1,0.0,0,244,4,2,0.7447,0.1793,GREEN,36,Mumbai
CLM0019258,MUM_05337,Bandra,2017-10-30,7,0,0,0,0,1,0,0,0,0,0.0,0.018732,0,0.0,0,353,2,1,0.5873,0.2126,GREEN,26,Mumbai
CLM0019259,MUM_07217,Andheri,2025-07-15,16,0,0,0,0,0,0,0,0,0,0.0,0.186421,0,0.0,0,100,1,4,0.05,0.0,GREEN,38,Mumbai
CLM0019260,MUM_00862,Dadar,2021-05-22,11,0,0,0,0,0,0,1,0,0,1.0,0.114672,0,0.0,0,93,0,0,0.5988,0.1147,GREEN,53,Mumbai
CLM0019261,MUM_05033,Vashi,2021-05-31,13,0,0,0,0,0,0,0,0,0,0.0,0.0,0,1.0,0,420,4,4,0.8692,0.0,GREEN,30,Mumbai
CLM0019262,MUM_00591,Ghatkopar,2022-10-20,10,0,0,0,0,0,1,0,0,0,0.0,0.0,1,0.0,0,330,1,0,0.5394,0.1203,GREEN,52,Mumbai
CLM0019263,MUM_06038,Andheri,2025-06-04,20,0,0,0,0,0,0,0,1,0,0.0,0.191707,0,0.0,0,327,0,3,0.792,0.0688,GREEN,53,Mumbai
CLM0019264,MUM_06400,Chembur,2025-03-31,8,0,0,0,0,0,0,0,0,0,0.0,0.950948,0,0.0,0,300,3,0,0.953,0.0,GREEN,53,Mumbai
CLM0019265,MUM_09854,Andheri,2025-06-30,8,0,0,0,0,0,0,0,0,0,0.0,0.045197,0,0.0,0,303,3,5,0.9189,0.039,GREEN,54,Mumbai
CLM0019266,MUM_00648,Ghatkopar,2025-05-03,8,0,0,0,0,0,0,0,0,0,0.0,1.0,0,0.0,0,420,0,3,0.7429,0.0718,GREEN,59,Mumbai
CLM0019267,MUM_08637,Powai,2025-02-22,19,0,0,0,0,0,1,1,1,0,0.0,0.050168,0,0.0,1,5,1,18,0.8429,0.0796,GREEN,56,Mumbai
CLM0019268,MUM_08694,Andheri,2025-04-13,7,0,0,0,0,0,0,0,0,0,0.0,0.191172,0,0.0,0,247,3,4,0.8077,0.0213,GREEN,42,Mumbai
CLM0019269,MUM_07094,Lower Parel,2024-11-30,8,0,0,0,0,0,0,0,0,0,1.0,0.19841,0,0.0,0,144,4,0,0.9756,0.0423,GREEN,36,Mumbai
CLM0019270,MUM_07127,Powai,2025-10-06,14,0,0,0,1,0,1,0,0,0,0.0,0.983243,0,0.0,0,12,2,18,0.1482,0.0247,GREEN,22,Mumbai
CLM0019271,MUM_01753,Thane,2025-06-08,16,0,0,0,0,0,0,0,0,0,0.0,0.377432,0,0.0,0,420,0,0,0.7433,0.0,GREEN,46,Mumbai
CLM0019272,MUM_05151,Ghatkopar,2025-10-12,19,0,0,0,0,0,0,0,0,0,0.0,0.188844,1,0.0,0,213,0,2,0.05,0.0529,GREEN,56,Mumbai
CLM0019273,MUM_00200,Powai,2022-05-11,12,0,0,0,0,0,0,0,0,0,0.0,0.244099,0,1.0,0,204,3,6,0.98,0.0,GREEN,47,Mumbai
CLM0019274,MUM_03893,Borivali,2019-09-11,19,0,0,0,0,0,0,0,0,0,0.0,0.341925,0,0.0,0,53,4,1,0.6177,0.0055,GREEN,22,Mumbai
CLM0019275,MUM_08263,Bandra,2018-08-27,21,0,0,0,0,0,0,0,0,0,0.0,0.119641,0,0.0,0,179,3,2,0.1898,0.0,GREEN,29,Mumbai
CLM0019276,MUM_09354,Dadar,2018-09-20,8,0,0,0,1,0,0,0,0,0,0.0,0.23089,0,0.0,0,274,4,1,0.668,0.1835,GREEN,33,Mumbai
CLM0019277,MUM_00973,Borivali,2024-10-17,16,0,0,0,0,0,0,1,0,0,0.0,0.076909,0,0.0,0,420,1,1,0.6653,0.0271,GREEN,28,Mumbai
CLM0019278,MUM_04676,Bandra,2025-02-08,15,0,0,0,0,0,0,0,0,0,0.0,0.10362,0,0.0,0,76,4,0,0.9642,0.0243,GREEN,29,Mumbai
CLM0019279,MUM_08475,Ghatkopar,2025-10-17,16,0,1,1,0,0,0,0,1,0,0.0,0.337737,1,0.0,0,392,1,1,0.05,0.2311,GREEN,62,Mumbai
CLM0019280,MUM_09874,Thane,2024-11-09,10,0,0,0,0,0,1,0,0,0,0.0,0.204498,0,0.0,0,350,1,5,0.98,0.0417,GREEN,38,Mumbai
CLM0019281,MUM_04363,Vashi,2024-02-16,13,0,0,0,0,0,0,0,0,0,0.0,0.031733,0,0.0,0,351,3,5,0.088,0.0,GREEN,41,Mumbai
CLM0019282,MUM_01708,Borivali,2025-07-18,9,0,1,1,0,0,0,0,0,0,0.0,0.045297,0,0.0,1,420,0,0,0.05,0.0916,GREEN,43,Mumbai
CLM0019283,MUM_01212,Ghatkopar,2024-09-04,9,0,0,0,0,0,0,0,0,1,0.0,0.094566,0,0.0,0,393,0,3,0.9459,0.1118,GREEN,37,Mumbai
CLM0019284,MUM_01436,Ghatkopar,2023-10-03,19,0,0,0,1,0,0,0,0,0,0.0,0.343924,0,0.0,0,420,2,0,0.8591,0.1001,GREEN,36,Mumbai
CLM0019285,MUM_02660,Vashi,2023-04-23,13,0,0,0,1,0,0,0,0,0,0.0,0.16662,0,0.0,0,176,0,1,0.8723,0.0845,GREEN,50,Mumbai
CLM0019286,MUM_06078,Powai,2025-06-13,18,0,0,0,0,0,0,0,0,0,0.0,0.283869,0,0.0,0,282,4,4,0.6578,0.051,GREEN,57,Mumbai
CLM0019287,MUM_08672,Bandra,2025-10-16,18,0,0,0,0,0,0,0,0,0,0.0,0.0,0,0.0,0,364,3,1,0.8531,0.0174,GREEN,47,Mumbai
CLM0019288,MUM_08760,Chembur,2016-09-08,17,0,0,0,1,1,0,1,1,0,1.0,0.998644,0,1.0,1,5,2,12,0.9474,0.1474,GREEN,53,Mumbai
CLM0019289,MUM_07920,Bandra,2016-12-08,7,0,0,0,0,0,0,0,0,0,0.0,0.094532,1,0.0,0,415,3,4,0.6426,0.1085,GREEN,45,Mumbai
CLM0019290,MUM_06545,Lower Parel,2020-10-14,9,0,1,1,1,0,0,0,0,0,0.0,0.395604,0,0.0,0,372,2,2,0.7112,0.204,GREEN,34,Mumbai
CLM0019291,MUM_08631,Bandra,2023-07-28,18,0,0,0,0,0,0,0,0,0,0.0,0.939551,0,0.0,0,109,1,0,0.8242,0.0577,GREEN,42,Mumbai
CLM0019292,MUM_02264,Lower Parel,2021-02-07,19,0,0,0,0,0,0,0,0,0,0.0,0.365018,0,0.0,0,238,1,1,0.6347,0.0,GREEN,43,Mumbai
CLM0019293,MUM_09766,Lower Parel,2022-09-25,7,0,0,0,1,0,0,0,0,1,0.0,0.068737,0,0.0,0,259,1,2,0.5615,0.267,GREEN,50,Mumbai
CLM0019294,MUM_06231,Lower Parel,2024-02-10,14,0,0,0,0,0,0,0,0,0,0.0,0.307126,0,0.0,0,140,1,2,0.98,0.0382,GREEN,35,Mumbai
CLM0019295,MUM_02685,Ghatkopar,2024-03-07,7,0,0,0,0,1,0,0,0,0,0.0,0.280542,0,0.0,0,55,1,4,0.7346,0.1197,GREEN,52,Mumbai
CLM0019296,MUM_01130,Dadar,2023-07-30,8,0,0,0,0,0,0,0,0,0,0.0,0.244454,0,0.0,0,71,0,4,0.8852,0.0,GREEN,62,Mumbai
CLM0019297,MUM_08013,Ghatkopar,2025-01-03,9,0,0,0,0,0,0,0,0,0,0.0,0.09348,0,0.0,0,46,1,1,0.6924,0.0335,GREEN,44,Mumbai
CLM0019298,MUM_08415,Chembur,2022-04-18,12,0,0,0,0,0,0,0,0,0,1.0,1.0,0,0.0,0,376,1,0,0.98,0.0,GREEN,58,Mumbai
CLM0019299,MUM_08789,Powai,2024-01-31,17,0,0,0,0,0,0,1,0,0,0.0,0.397552,0,0.0,0,205,1,2,0.5832,0.0924,GREEN,32,Mumbai
CLM0019300,MUM_08688,Powai,2025-03-23,10,0,0,0,0,0,0,0,0,0,0.0,0.138156,0,0.0,0,370,4,2,0.6808,0.0,GREEN,40,Mumbai
CLM0019301,MUM_01143,Thane,2024-06-07,20,0,0,0,0,0,0,0,0,0,0.0,1.0,0,0.0,0,325,1,2,0.1258,0.0,GREEN,45,Mumbai
CLM0019302,MUM_03850,Borivali,2025-12-03,15,0,0,0,1,0,0,0,0,0,0.0,0.090879,0,0.0,0,373,1,7,0.7271,0.129,GREEN,52,Mumbai
CLM0019303,MUM_04565,Bandra,2023-03-04,14,0,0,0,1,0,0,0,0,0,0.0,0.036607,0,0.0,0,64,0,1,0.6314,0.2236,GREEN,51,Mumbai
CLM0019304,MUM_00680,Ghatkopar,2024-05-27,20,0,0,0,0,0,0,0,0,0,1.0,1.0,0,1.0,0,217,4,4,0.8719,0.0209,GREEN,36,Mumbai
CLM0019305,MUM_02939,Lower Parel,2024-01-29,12,0,0,0,0,0,0,0,0,0,0.0,0.139463,0,0.0,0,218,0,1,0.8525,0.0438,GREEN,56,Mumbai
CLM0019306,MUM_00963,Powai,2018-04-24,17,0,0,0,0,0,0,0,0,0,0.0,0.044607,0,0.0,0,370,2,7,0.8305,0.0595,GREEN,52,Mumbai
CLM0019307,MUM_04199,Thane,2021-10-24,21,0,0,0,0,0,0,0,1,0,0.0,0.259539,0,0.0,0,238,1,3,0.6488,0.1423,GREEN,62,Mumbai
CLM0019308,MUM_03905,Lower Parel,2022-08-12,20,0,0,0,0,0,1,0,0,0,0.0,0.28427,0,0.0,0,67,4,3,0.0583,0.1436,GREEN,41,Mumbai
CLM0019309,MUM_05627,Lower Parel,2023-06-19,13,0,1,1,0,0,0,0,0,1,0.0,0.419494,0,0.0,0,78,4,6,0.7095,0.1259,GREEN,40,Mumbai
CLM0019310,MUM_09809,Powai,2023-05-28,12,0,0,0,0,0,0,0,0,0,0.0,0.293743,0,0.0,0,291,4,5,0.3216,0.0072,GREEN,36,Mumbai
CLM0019311,MUM_01701,Borivali,2024-05-30,14,0,0,0,0,0,0,0,0,0,1.0,1.0,0,1.0,0,57,2,1,0.6013,0.0091,GREEN,47,Mumbai
CLM0019312,MUM_05381,Chembur,2025-09-06,14,0,1,1,1,1,1,1,1,1,0.0,1.0,0,0.0,1,5,0,18,0.05,0.9064,RED,22,Mumbai
CLM0019313,MUM_01599,Powai,2017-07-25,18,0,1,1,0,0,1,1,1,0,0.0,0.037031,0,0.0,1,29,2,18,0.9369,0.5198,YELLOW,33,Mumbai
CLM0019314,MUM_06030,Borivali,2019-06-02,11,0,1,1,1,1,1,1,1,1,1.0,1.0,0,0.0,1,5,1,18,0.0952,0.7828,RED,56,Mumbai
CLM0019315,MUM_05883,Chembur,2017-07-09,21,0,1,1,1,1,0,1,0,1,0.0,1.0,0,0.0,1,12,0,18,0.7736,0.5471,YELLOW,45,Mumbai
CLM0019316,MUM_04637,Powai,2021-11-22,12,0,1,1,1,0,0,0,0,1,1.0,0.974161,0,0.0,0,5,2,18,0.3533,0.3935,YELLOW,36,Mumbai
CLM0019317,MUM_01881,Lower Parel,2022-11-24,7,0,1,1,1,0,1,0,1,1,1.0,0.011367,0,0.0,1,5,0,18,0.1114,0.7485,RED,36,Mumbai
CLM0019318,MUM_06772,Chembur,2024-09-15,21,0,1,1,0,0,0,1,0,0,0.0,0.432077,0,0.0,0,28,0,3,0.2197,0.9398,RED,25,Mumbai
CLM0019319,MUM_04301,Thane,2023-08-29,12,0,0,0,0,0,0,0,0,0,0.0,0.300905,1,0.0,0,346,1,2,0.8995,0.0949,GREEN,45,Mumbai
CLM0019320,MUM_08975,Lower Parel,2023-06-19,14,0,0,0,0,0,1,1,0,0,1.0,0.147777,0,0.0,0,371,4,0,0.5559,0.2992,GREEN,40,Mumbai
CLM0019321,MUM_08346,Dadar,2025-11-18,19,0,0,0,0,0,0,1,0,0,0.0,0.194853,0,0.0,0,387,2,0,0.5509,0.0,GREEN,28,Mumbai
CLM0019322,MUM_05977,Ghatkopar,2024-09-06,11,0,0,0,0,0,0,0,0,1,1.0,0.0,0,0.0,0,50,3,3,0.98,0.1804,GREEN,45,Mumbai
CLM0019323,MUM_04480,Chembur,2025-08-13,12,0,0,0,0,0,0,0,0,0,0.0,0.030187,0,0.0,0,9,1,0,0.6682,0.0248,GREEN,57,Mumbai
CLM0019324,MUM_05204,Borivali,2025-08-13,9,0,1,1,0,0,0,0,0,1,0.0,0.288037,0,1.0,0,351,3,4,0.05,0.1901,GREEN,38,Mumbai
CLM0019325,MUM_09883,Borivali,2024-02-11,17,0,0,0,0,1,0,0,0,0,0.0,1.0,0,0.0,0,260,3,4,0.6592,0.0405,GREEN,49,Mumbai
CLM0019326,MUM_02343,Powai,2024-12-06,20,0,0,0,0,1,1,1,1,1,1.0,0.929781,0,1.0,0,15,0,18,0.1942,0.1575,GREEN,55,Mumbai
CLM0019327,MUM_08955,Vashi,2025-02-07,18,0,0,0,1,0,0,0,0,0,1.0,0.260933,0,0.0,0,104,0,6,0.9278,0.1374,GREEN,27,Mumbai
CLM0019328,MUM_07845,Dadar,2023-09-23,18,0,0,0,0,0,0,0,0,0,0.0,0.00779,0,0.0,0,385,0,1,0.8285,0.0402,GREEN,49,Mumbai
CLM0019329,MUM_02267,Bandra,2025-07-06,13,0,0,0,1,0,0,0,0,0,0.0,1.0,0,0.0,0,212,3,0,0.98,0.0985,GREEN,42,Mumbai
CLM0019330,MUM_07208,Bandra,2023-08-05,20,0,0,0,0,0,0,0,1,0,0.0,0.278464,0,0.0,0,301,0,4,0.7955,0.1013,GREEN,39,Mumbai
CLM0019331,MUM_05223,Vashi,2023-03-23,7,0,0,0,0,0,0,0,0,0,0.0,0.981037,0,0.0,0,411,4,3,0.6602,0.0523,GREEN,40,Mumbai
CLM0019332,MUM_06436,Borivali,2021-09-03,20,0,0,0,0,0,1,1,0,0,0.0,0.908766,0,0.0,0,333,0,1,0.8177,0.1074,GREEN,46,Mumbai
CLM0019333,MUM_01466,Thane,2024-07-25,21,0,0,0,0,0,0,0,0,0,0.0,0.042268,0,0.0,0,411,2,6,0.5146,0.034,GREEN,68,Mumbai
CLM0019334,MUM_06617,Dadar,2020-07-27,9,0,0,0,0,0,1,0,0,0,0.0,0.312435,0,0.0,0,57,3,3,0.7485,0.0193,GREEN,38,Mumbai
CLM0019335,MUM_09318,Dadar,2023-11-21,8,0,0,0,0,0,1,0,0,0,0.0,0.128752,0,0.0,0,148,3,4,0.5503,0.0453,GREEN,42,Mumbai
CLM0019336,MUM_05932,Dadar,2023-02-15,9,0,0,0,0,0,0,0,0,0,0.0,1.0,0,0.0,0,358,4,2,0.5814,0.0,GREEN,35,Mumbai
CLM0019337,MUM_06650,Borivali,2022-05-12,13,0,0,0,0,0,0,1,0,0,0.0,1.0,1,0.0,0,59,2,2,0.7013,0.181,GREEN,27,Mumbai
CLM0019338,MUM_02598,Dadar,2023-12-05,11,0,0,0,0,0,0,0,0,0,0.0,0.0,0,0.0,0,392,4,7,0.8441,0.0682,GREEN,48,Mumbai
CLM0019339,MUM_03414,Bandra,2022-06-04,12,0,0,0,0,0,0,0,0,0,0.0,0.0,1,0.0,0,420,3,0,0.8304,0.0983,GREEN,31,Mumbai
CLM0019340,MUM_07762,Chembur,2024-12-27,18,0,0,0,0,0,0,0,0,1,0.0,0.044186,0,0.0,0,112,2,2,0.3028,0.1387,GREEN,54,Mumbai
CLM0019341,MUM_04598,Powai,2021-11-11,16,0,0,0,0,0,0,0,0,0,0.0,0.382404,0,0.0,0,420,0,1,0.4823,0.0,GREEN,35,Mumbai
CLM0019342,MUM_04326,Ghatkopar,2022-02-01,8,0,0,0,0,0,0,0,1,0,0.0,0.950941,0,0.0,0,378,4,3,0.9438,0.1015,GREEN,45,Mumbai
CLM0019343,MUM_01118,Lower Parel,2023-07-11,9,0,0,0,0,0,0,0,0,0,0.0,0.351703,0,0.0,0,420,3,4,0.5606,0.0176,GREEN,53,Mumbai
CLM0019344,MUM_05422,Ghatkopar,2023-07-21,17,0,0,0,0,1,0,0,0,1,0.0,0.138774,1,0.0,0,345,0,2,0.5623,0.3266,YELLOW,45,Mumbai
CLM0019345,MUM_07306,Bandra,2023-12-11,16,1,0,0,0,0,0,0,0,0,0.0,0.196795,0,0.0,0,207,2,4,0.98,0.0098,GREEN,41,Mumbai
CLM0019346,MUM_04704,Lower Parel,2025-03-17,20,0,0,0,0,0,0,0,0,0,0.0,1.0,0,0.0,0,216,3,3,0.7656,0.0,GREEN,48,Mumbai
CLM0019347,MUM_07014,Andheri,2025-06-27,12,0,0,0,0,0,0,0,0,0,0.0,0.16017,0,0.0,0,93,1,3,0.6281,0.0,GREEN,50,Mumbai
CLM0019348,MUM_00367,Vashi,2023-10-03,17,0,0,0,0,0,1,0,0,0,0.0,0.181777,0,0.0,0,31,4,2,0.6824,0.0603,GREEN,52,Mumbai
CLM0019349,MUM_02124,Andheri,2021-02-02,13,0,0,0,0,0,1,0,1,0,0.0,0.081605,0,0.0,0,272,1,1,0.7738,0.266,GREEN,40,Mumbai
CLM0019350,MUM_01929,Andheri,2021-04-12,20,0,0,0,0,0,0,0,0,0,0.0,0.201134,0,0.0,0,151,1,5,0.7997,0.0755,GREEN,56,Mumbai
CLM0019351,MUM_08767,Thane,2022-02-22,18,0,0,0,1,0,0,0,0,0,1.0,0.265719,0,0.0,0,13,0,0,0.2693,0.1118,GREEN,36,Mumbai
CLM0019352,MUM_07618,Vashi,2022-06-11,12,0,0,0,0,0,0,0,1,0,0.0,0.206092,0,0.0,0,86,0,0,0.5175,0.1285,GREEN,47,Mumbai
CLM0019353,MUM_08065,Chembur,2021-07-17,12,0,0,0,0,0,0,1,0,0,0.0,0.000526,0,0.0,0,261,0,4,0.6925,0.1156,GREEN,57,Mumbai
CLM0019354,MUM_06139,Dadar,2024-12-21,14,0,0,0,0,0,0,0,0,0,0.0,0.319014,0,0.0,0,420,4,0,0.8314,0.0,GREEN,33,Mumbai
CLM0019355,MUM_08326,Bandra,2024-01-11,8,0,0,0,0,1,1,0,0,0,0.0,0.307723,0,1.0,0,98,0,4,0.98,0.1827,GREEN,49,Mumbai
CLM0019356,MUM_08068,Powai,2020-07-11,16,0,0,0,0,0,0,0,0,0,0.0,0.100804,0,0.0,0,292,3,1,0.8916,0.0276,GREEN,22,Mumbai
CLM0019357,MUM_02483,Vashi,2019-08-16,21,0,0,0,0,0,0,0,0,0,0.0,0.138664,0,0.0,0,420,4,7,0.6523,0.0,GREEN,44,Mumbai
CLM0019358,MUM_01621,Powai,2022-08-08,11,0,0,0,1,0,1,0,0,0,0.0,0.5126,0,0.0,0,282,1,4,0.5876,0.3355,YELLOW,18,Mumbai
CLM0019359,MUM_05935,Thane,2024-05-26,13,0,0,0,0,0,0,0,1,0,0.0,0.253694,1,0.0,0,420,2,0,0.1974,0.1696,GREEN,39,Mumbai
CLM0019360,MUM_07868,Borivali,2018-08-08,18,0,1,1,0,0,0,0,1,0,0.0,0.11669,0,0.0,0,347,4,6,0.8801,0.089,GREEN,46,Mumbai
CLM0019361,MUM_07046,Vashi,2018-01-14,10,0,0,0,0,0,0,0,0,0,0.0,0.291352,0,0.0,0,420,0,2,0.8541,0.0,GREEN,34,Mumbai
CLM0019362,MUM_02355,Bandra,2016-09-05,21,0,0,0,0,0,0,0,0,0,0.0,0.42252,0,0.0,0,235,0,5,0.5919,0.0,GREEN,30,Mumbai
CLM0019363,MUM_00606,Vashi,2018-11-05,21,0,0,0,0,0,0,0,1,0,0.0,0.103481,0,0.0,0,5,2,1,0.8222,0.1228,GREEN,61,Mumbai
CLM0019364,MUM_06120,Thane,2025-05-12,10,0,0,0,1,0,0,0,0,1,0.0,0.11218,0,0.0,0,420,1,2,0.6285,0.2475,GREEN,40,Mumbai
CLM0019365,MUM_04434,Lower Parel,2019-04-14,20,0,0,0,0,0,0,0,0,0,1.0,0.079529,0,0.0,0,420,0,2,0.6585,0.0,GREEN,34,Mumbai
CLM0019366,MUM_09444,Chembur,2022-08-24,18,0,0,0,0,0,1,0,1,0,0.0,0.32745,0,0.0,1,154,0,0,0.8338,0.2607,GREEN,41,Mumbai
CLM0019367,MUM_06339,Bandra,2024-07-29,18,0,0,0,0,0,0,0,0,0,0.0,0.083005,0,0.0,0,252,2,0,0.874,0.0,GREEN,29,Mumbai
CLM0019368,MUM_03741,Powai,2025-10-30,8,0,0,0,0,0,0,0,0,0,1.0,1.0,0,1.0,0,323,2,3,0.7203,0.0,GREEN,48,Mumbai
CLM0019369,MUM_05827,Thane,2025-04-27,10,0,0,0,0,0,0,0,0,0,0.0,0.101166,0,0.0,0,339,4,8,0.7492,0.0,GREEN,41,Mumbai
CLM0019370,MUM_01384,Chembur,2019-09-16,21,0,0,0,0,0,0,0,0,0,0.0,0.27088,0,0.0,0,198,4,4,0.1197,0.0033,GREEN,47,Mumbai
CLM0019371,MUM_01886,Powai,2022-08-18,18,0,1,1,0,0,0,1,0,1,1.0,0.968544,1,1.0,1,5,2,18,0.1406,0.076,GREEN,37,Mumbai
CLM0019372,MUM_09670,Chembur,2022-05-19,12,0,0,0,0,0,0,0,0,0,0.0,0.097019,0,1.0,0,420,0,0,0.7064,0.0,GREEN,38,Mumbai
CLM0019373,MUM_01192,Bandra,2019-08-07,11,0,0,0,0,0,0,0,0,0,0.0,0.097336,1,0.0,0,201,2,0,0.4747,0.0249,GREEN,42,Mumbai
CLM0019374,MUM_05816,Lower Parel,2025-06-23,7,0,0,0,0,0,0,0,0,0,0.0,0.27907,0,0.0,0,393,1,4,0.7985,0.0,GREEN,37,Mumbai
CLM0019375,MUM_02250,Vashi,2024-11-27,7,0,0,0,0,0,0,0,0,0,0.0,0.067945,0,0.0,0,420,0,5,0.6987,0.0,GREEN,44,Mumbai
CLM0019376,MUM_03771,Thane,2020-06-16,11,0,0,0,0,1,0,0,1,0,0.0,0.233983,0,0.0,0,309,0,0,0.9334,0.2294,GREEN,44,Mumbai
CLM0019377,MUM_09420,Lower Parel,2018-11-16,16,0,0,0,0,0,0,0,0,0,0.0,0.16168,0,0.0,0,420,2,2,0.1295,0.0354,GREEN,49,Mumbai
CLM0019378,MUM_04193,Lower Parel,2023-04-28,8,0,0,0,0,0,1,0,0,0,0.0,0.321451,0,0.0,0,121,0,0,0.9346,0.1904,GREEN,55,Mumbai
CLM0019379,MUM_04754,Borivali,2022-09-15,20,0,0,0,0,0,0,0,0,1,1.0,0.256515,0,0.0,0,187,1,2,0.7046,0.2095,GREEN,60,Mumbai
CLM0019380,MUM_00630,Andheri,2025-03-24,11,0,0,0,0,0,0,0,0,0,0.0,0.246699,0,0.0,0,13,4,0,0.8414,0.0,GREEN,38,Mumbai
CLM0019381,MUM_02814,Vashi,2019-07-14,21,0,0,0,0,0,0,0,0,1,0.0,0.00804,0,0.0,0,51,0,3,0.6354,0.2487,GREEN,46,Mumbai
CLM0019382,MUM_08085,Lower Parel,2019-03-22,11,0,0,0,0,0,0,0,0,0,1.0,0.117346,0,1.0,0,420,0,4,0.6211,0.0926,GREEN,52,Mumbai
CLM0019383,MUM_00994,Powai,2022-01-20,10,0,0,0,0,0,0,0,0,1,0.0,0.27906,0,0.0,0,419,3,0,0.1284,0.0397,GREEN,36,Mumbai
CLM0019384,MUM_01332,Powai,2024-07-28,8,0,0,0,0,0,0,0,0,0,0.0,0.128674,0,0.0,0,420,1,4,0.6098,0.0454,GREEN,24,Mumbai
CLM0019385,MUM_08141,Bandra,2020-02-20,9,0,0,0,0,0,1,0,0,0,0.0,0.362326,0,0.0,0,38,0,4,0.4886,0.1395,GREEN,31,Mumbai
CLM0019386,MUM_05324,Vashi,2022-08-16,9,0,0,0,0,0,0,0,0,0,0.0,0.153731,0,0.0,0,248,0,0,0.6666,0.0,GREEN,21,Mumbai
CLM0019387,MUM_00625,Thane,2021-02-08,17,0,0,0,0,0,0,1,0,0,0.0,0.230414,0,0.0,0,345,4,3,0.7168,0.0126,GREEN,50,Mumbai
CLM0019388,MUM_01853,Dadar,2021-06-12,16,0,0,0,0,0,0,0,0,0,0.0,0.301279,0,0.0,0,258,0,5,0.98,0.0,GREEN,51,Mumbai
CLM0019389,MUM_06540,Lower Parel,2017-08-09,17,0,0,0,0,0,0,0,0,0,0.0,0.178919,0,0.0,0,226,3,3,0.9417,0.0,GREEN,48,Mumbai
CLM0019390,MUM_09423,Dadar,2021-09-01,17,0,0,0,0,0,0,0,0,0,0.0,0.278484,0,0.0,0,326,3,3,0.5064,0.0168,GREEN,41,Mumbai
CLM0019391,MUM_04097,Vashi,2021-02-10,9,0,0,0,0,0,0,0,0,0,0.0,0.132844,0,1.0,0,306,4,3,0.6229,0.0037,GREEN,51,Mumbai
CLM0019392,MUM_05453,Borivali,2017-07-18,8,0,0,0,0,0,0,0,1,0,0.0,0.08806,0,0.0,0,420,4,4,0.6453,0.0156,GREEN,26,Mumbai
CLM0019393,MUM_05095,Dadar,2024-02-20,11,0,0,0,0,1,0,0,0,0,0.0,0.337234,0,0.0,0,104,3,1,0.9536,0.0839,GREEN,42,Mumbai
CLM0019394,MUM_09342,Thane,2025-08-16,9,0,0,0,0,0,1,0,0,0,0.0,0.022254,0,0.0,0,85,3,0,0.8155,0.0116,GREEN,28,Mumbai
CLM0019395,MUM_07045,Borivali,2018-05-24,9,0,0,0,1,1,0,1,1,0,0.0,0.055374,1,0.0,0,17,0,18,0.7586,0.0,GREEN,49,Mumbai
CLM0019396,MUM_04284,Lower Parel,2017-10-21,8,0,0,0,0,0,0,0,0,0,0.0,0.020494,0,1.0,0,205,4,0,0.5153,0.0,GREEN,53,Mumbai
CLM0019397,MUM_06974,Vashi,2024-10-25,17,0,0,0,0,0,0,0,0,1,1.0,0.261687,0,0.0,0,180,0,2,0.761,0.209,GREEN,62,Mumbai
CLM0019398,MUM_06309,Lower Parel,2023-11-19,20,0,0,0,0,0,0,0,0,0,1.0,0.977445,1,1.0,0,420,1,7,0.5797,0.1396,GREEN,18,Mumbai
CLM0019399,MUM_03675,Ghatkopar,2023-05-30,14,0,0,0,1,0,0,0,0,0,0.0,0.050665,0,0.0,0,331,1,1,0.5639,0.1162,GREEN,35,Mumbai
CLM0019400,MUM_00746,Ghatkopar,2023-02-19,7,0,0,0,1,1,1,1,0,1,1.0,1.0,0,1.0,0,24,0,18,0.1323,0.0,GREEN,42,Mumbai
CLM0019401,MUM_04960,Chembur,2024-07-22,13,0,0,0,0,0,0,0,0,0,0.0,0.160337,0,0.0,0,186,1,8,0.98,0.0,GREEN,31,Mumbai
CLM0019402,MUM_06728,Vashi,2024-04-25,18,0,0,0,0,0,0,0,0,0,0.0,0.089159,0,0.0,0,85,4,2,0.9499,0.0309,GREEN,30,Mumbai
CLM0019403,MUM_07400,Powai,2022-05-15,9,0,0,0,0,0,0,0,0,0,1.0,0.091706,0,0.0,0,115,0,1,0.482,0.0948,GREEN,51,Mumbai
CLM0019404,MUM_05870,Ghatkopar,2018-02-28,7,0,0,0,0,0,0,0,0,0,0.0,0.089976,1,0.0,0,420,3,0,0.8267,0.1437,GREEN,51,Mumbai
CLM0019405,MUM_08122,Chembur,2025-08-19,15,0,0,0,0,0,0,0,0,0,0.0,0.308939,0,0.0,0,395,3,3,0.5922,0.0449,GREEN,46,Mumbai
CLM0019406,MUM_04093,Lower Parel,2025-11-01,9,0,0,0,0,0,0,0,0,0,0.0,0.268945,0,0.0,0,310,4,0,0.6482,0.0,GREEN,41,Mumbai
CLM0019407,MUM_04633,Lower Parel,2022-05-24,18,0,0,0,1,0,0,0,0,0,0.0,0.114224,0,0.0,0,275,2,4,0.9167,0.1813,GREEN,46,Mumbai
CLM0019408,MUM_06743,Ghatkopar,2022-11-09,7,0,0,0,0,0,0,0,0,0,0.0,0.206767,0,0.0,0,420,0,5,0.4893,0.0558,GREEN,47,Mumbai
CLM0019409,MUM_06818,Ghatkopar,2018-05-15,17,0,0,0,0,0,0,0,0,0,1.0,0.0,0,0.0,0,420,2,1,0.0905,0.0886,GREEN,47,Mumbai
CLM0019410,MUM_00959,Dadar,2020-10-24,16,0,0,0,0,0,0,0,0,0,1.0,0.04328,0,0.0,0,165,3,2,0.98,0.0631,GREEN,36,Mumbai
CLM0019411,MUM_07359,Borivali,2023-07-06,8,0,0,0,0,0,0,0,1,0,0.0,0.139638,0,0.0,0,55,3,4,0.6026,0.0731,GREEN,56,Mumbai
CLM0019412,MUM_07085,Chembur,2024-05-02,19,0,0,0,0,0,0,0,1,0,0.0,0.357742,0,0.0,0,356,0,4,0.7271,0.2127,GREEN,40,Mumbai
CLM0019413,MUM_08307,Andheri,2024-03-15,12,0,0,0,0,0,0,0,0,0,0.0,0.266696,0,0.0,0,420,3,0,0.6945,0.0,GREEN,31,Mumbai
CLM0019414,MUM_08587,Bandra,2022-11-19,10,0,0,0,0,0,0,0,0,0,0.0,0.323356,0,0.0,0,202,2,3,0.8445,0.0099,GREEN,23,Mumbai
CLM0019415,MUM_07158,Borivali,2024-08-12,12,0,0,0,0,0,0,0,1,0,0.0,0.109748,0,0.0,0,353,0,3,0.7937,0.1717,GREEN,46,Mumbai
CLM0019416,MUM_08874,Chembur,2025-11-17,19,0,0,0,0,1,0,0,0,0,0.0,0.191744,0,0.0,0,199,2,2,0.6546,0.1031,GREEN,53,Mumbai
CLM0019417,MUM_04897,Ghatkopar,2025-02-14,11,0,1,1,0,0,0,0,0,0,0.0,0.267112,0,0.0,0,220,4,2,0.7068,0.0,GREEN,38,Mumbai
CLM0019418,MUM_06361,Thane,2023-06-21,16,0,0,0,1,0,0,0,0,0,0.0,0.00934,0,0.0,0,230,2,4,0.4393,0.2562,GREEN,36,Mumbai
CLM0019419,MUM_05105,Lower Parel,2021-04-01,10,0,0,0,0,0,0,0,0,1,0.0,0.429348,0,0.0,0,111,3,3,0.8802,0.1578,GREEN,23,Mumbai
CLM0019420,MUM_01318,Andheri,2021-02-17,20,0,0,0,0,0,0,0,0,0,0.0,0.13859,0,0.0,0,116,4,2,0.919,0.0,GREEN,47,Mumbai
CLM0019421,MUM_00250,Ghatkopar,2025-09-11,11,0,0,0,0,0,0,0,1,0,0.0,0.264062,0,0.0,0,123,3,0,0.9204,0.131,GREEN,47,Mumbai
CLM0019422,MUM_01200,Lower Parel,2023-09-30,21,0,0,0,0,0,0,0,0,0,0.0,0.074857,0,0.0,0,329,3,2,0.9326,0.0547,GREEN,44,Mumbai
CLM0019423,MUM_05538,Chembur,2024-08-03,20,0,0,0,0,0,0,0,0,0,0.0,0.125491,0,0.0,0,250,3,1,0.6631,0.0,GREEN,26,Mumbai
CLM0019424,MUM_06706,Bandra,2022-12-17,9,0,0,0,0,0,0,0,0,0,0.0,0.215377,0,0.0,0,195,3,0,0.9157,0.0,GREEN,38,Mumbai
CLM0019425,MUM_08611,Andheri,2022-10-29,14,0,0,0,0,0,0,1,0,0,0.0,0.070699,0,0.0,0,8,0,2,0.98,0.1796,GREEN,30,Mumbai
CLM0019426,MUM_08828,Borivali,2024-12-03,10,0,0,0,0,0,0,0,0,0,0.0,0.21422,0,0.0,0,261,3,3,0.6192,0.0568,GREEN,50,Mumbai
CLM0019427,MUM_06925,Borivali,2025-07-10,17,0,0,0,0,0,0,0,0,0,0.0,0.351993,0,0.0,0,420,2,5,0.7434,0.0272,GREEN,43,Mumbai
CLM0019428,MUM_04784,Lower Parel,2025-02-27,16,0,0,0,0,0,0,0,0,0,0.0,0.268885,0,0.0,0,420,3,0,0.8771,0.0,GREEN,45,Mumbai
CLM0019429,MUM_08126,Lower Parel,2023-06-11,8,0,0,0,0,0,0,0,0,0,0.0,0.133954,0,0.0,0,420,3,6,0.8452,0.0158,GREEN,36,Mumbai
CLM0019430,MUM_03714,Andheri,2022-12-28,8,0,0,0,0,0,0,0,0,0,0.0,0.430041,1,0.0,0,292,0,6,0.7003,0.0145,GREEN,54,Mumbai
CLM0019431,MUM_07323,Dadar,2022-06-24,17,0,0,0,0,0,0,0,0,0,0.0,0.035798,0,0.0,0,401,0,4,0.05,0.0,GREEN,36,Mumbai
CLM0019432,MUM_01732,Andheri,2024-11-23,13,0,0,0,0,0,0,0,0,0,0.0,0.257308,0,0.0,0,19,2,4,0.5664,0.0,GREEN,29,Mumbai
CLM0019433,MUM_06238,Borivali,2023-09-23,7,0,0,0,0,0,0,0,0,0,0.0,0.044452,0,0.0,0,56,4,0,0.98,0.0157,GREEN,33,Mumbai
CLM0019434,MUM_01098,Andheri,2021-10-08,9,0,0,0,0,0,0,0,0,0,0.0,1.0,0,0.0,0,420,4,4,0.9374,0.052,GREEN,36,Mumbai
CLM0019435,MUM_04916,Powai,2025-05-20,11,0,0,0,0,0,0,0,0,0,0.0,0.051105,0,0.0,0,111,4,0,0.7161,0.0797,GREEN,40,Mumbai
CLM0019436,MUM_04152,Vashi,2025-03-22,13,0,0,0,0,0,0,0,0,0,1.0,0.453182,0,0.0,0,375,1,4,0.6353,0.0761,GREEN,42,Mumbai
CLM0019437,MUM_02321,Powai,2025-02-01,18,0,0,0,0,1,0,0,0,0,0.0,0.267807,0,0.0,0,181,3,4,0.8438,0.1741,GREEN,29,Mumbai
CLM0019438,MUM_03747,Lower Parel,2025-07-05,20,0,0,0,0,0,0,0,0,0,0.0,0.042066,0,0.0,0,116,1,2,0.7397,0.0,GREEN,49,Mumbai
CLM0019439,MUM_08775,Andheri,2025-03-25,7,0,0,0,1,1,0,1,1,1,1.0,0.878582,0,1.0,0,14,1,15,0.7507,0.085,GREEN,36,Mumbai
CLM0019440,MUM_09946,Chembur,2025-05-28,17,0,0,0,0,0,0,0,0,1,0.0,0.0,0,0.0,0,86,0,2,0.8549,0.1598,GREEN,45,Mumbai
CLM0019441,MUM_04987,Bandra,2025-10-21,8,0,0,0,0,0,0,0,0,0,0.0,0.158871,0,0.0,0,291,4,5,0.8226,0.0562,GREEN,62,Mumbai
CLM0019442,MUM_03414,Bandra,2019-08-03,10,0,0,0,0,0,0,0,0,0,1.0,0.089993,0,0.0,0,316,4,1,0.05,0.0,GREEN,31,Mumbai
CLM0019443,MUM_04810,Bandra,2022-03-22,14,0,1,1,0,0,0,0,0,0,0.0,0.350049,0,0.0,0,302,0,5,0.919,0.0798,GREEN,40,Mumbai
CLM0019444,MUM_05953,Thane,2025-12-27,12,0,0,0,1,0,0,0,0,0,0.0,0.416422,0,0.0,0,197,0,1,0.98,0.1045,GREEN,55,Mumbai
CLM0019445,MUM_04017,Andheri,2023-01-06,12,0,0,0,0,0,0,1,1,0,0.0,0.393064,0,0.0,0,100,4,2,0.8155,0.13,GREEN,50,Mumbai
CLM0019446,MUM_01474,Bandra,2018-10-14,18,0,0,0,0,0,0,0,0,1,1.0,0.0,0,0.0,0,222,0,3,0.6192,0.1878,GREEN,36,Mumbai
CLM0019447,MUM_00397,Powai,2019-07-23,20,0,0,0,0,0,0,0,0,0,0.0,0.079959,0,0.0,0,103,3,1,0.2547,0.0006,GREEN,20,Mumbai
CLM0019448,MUM_09995,Ghatkopar,2023-03-18,15,0,0,0,0,0,0,0,0,0,0.0,0.264157,0,0.0,0,143,4,2,0.1551,0.0,GREEN,40,Mumbai
CLM0019449,MUM_07483,Borivali,2018-02-27,10,0,0,0,0,0,0,0,0,0,0.0,0.139123,0,0.0,0,315,1,1,0.8039,0.1408,GREEN,52,Mumbai
CLM0019450,MUM_07852,Dadar,2023-04-23,13,0,0,0,0,0,0,0,0,0,0.0,0.268669,0,0.0,0,420,0,5,0.615,0.0454,GREEN,48,Mumbai
CLM0019451,MUM_02815,Bandra,2016-11-07,11,0,0,0,0,0,1,0,0,0,0.0,0.296335,0,0.0,0,151,2,4,0.6573,0.0,GREEN,56,Mumbai
CLM0019452,MUM_01088,Powai,2018-05-07,10,0,0,0,0,0,0,0,0,0,0.0,0.0,0,0.0,0,302,3,1,0.9513,0.0202,GREEN,35,Mumbai
CLM0019453,MUM_04533,Borivali,2017-03-19,21,0,0,0,0,0,0,0,0,0,0.0,0.127614,1,0.0,0,325,0,5,0.7027,0.0651,GREEN,52,Mumbai
CLM0019454,MUM_08231,Borivali,2018-03-02,15,0,0,0,0,0,1,0,0,0,0.0,0.371158,0,0.0,0,215,3,0,0.7412,0.0804,GREEN,29,Mumbai
CLM0019455,MUM_06309,Lower Parel,2020-09-15,14,0,0,0,0,0,0,0,0,0,0.0,0.342096,0,0.0,0,420,0,6,0.8291,0.0042,GREEN,18,Mumbai
CLM0019456,MUM_06539,Vashi,2023-11-24,13,0,0,0,0,0,0,0,0,0,0.0,0.44925,0,0.0,0,254,1,4,0.7668,0.0,GREEN,38,Mumbai
CLM0019457,MUM_05429,Andheri,2016-07-03,21,0,0,0,0,0,0,0,0,0,0.0,0.2345,0,0.0,0,157,1,1,0.8873,0.0322,GREEN,26,Mumbai
CLM0019458,MUM_01225,Thane,2017-09-14,21,0,0,0,0,0,0,0,0,0,0.0,0.082978,0,0.0,0,151,4,8,0.6728,0.0182,GREEN,30,Mumbai
CLM0019459,MUM_09116,Ghatkopar,2017-03-17,20,0,0,0,1,0,0,0,0,0,0.0,0.333666,0,0.0,0,282,1,3,0.6346,0.2428,GREEN,25,Mumbai
CLM0019460,MUM_08091,Powai,2020-07-14,20,0,0,0,0,0,0,0,0,0,0.0,0.24441,0,0.0,0,420,0,4,0.2271,0.014,GREEN,50,Mumbai
CLM0019461,MUM_04970,Lower Parel,2021-10-11,9,0,0,0,1,0,0,0,0,0,0.0,0.407523,0,0.0,0,336,2,1,0.0882,0.0823,GREEN,40,Mumbai
CLM0019462,MUM_07057,Bandra,2017-03-04,18,0,0,0,0,0,0,0,0,0,0.0,0.156541,0,0.0,0,420,2,4,0.8763,0.0696,GREEN,39,Mumbai
CLM0019463,MUM_08315,Thane,2021-02-18,14,0,0,0,1,1,0,1,1,1,1.0,0.962251,1,1.0,0,5,0,18,0.373,0.2517,GREEN,47,Mumbai
CLM0019464,MUM_08780,Dadar,2023-06-11,13,0,0,0,0,0,0,0,0,0,0.0,0.186033,0,0.0,0,252,0,5,0.353,0.1259,GREEN,57,Mumbai
CLM0019465,MUM_01210,Chembur,2025-06-27,12,0,0,0,0,0,0,0,0,0,0.0,1.0,0,0.0,0,420,0,0,0.326,0.0,GREEN,52,Mumbai
CLM0019466,MUM_05490,Vashi,2024-06-15,14,0,0,0,0,0,0,0,0,0,0.0,0.413373,0,0.0,0,205,2,1,0.98,0.0,GREEN,41,Mumbai
CLM0019467,MUM_03630,Powai,2022-08-30,16,0,0,0,0,0,0,0,0,0,0.0,0.50447,0,0.0,0,330,4,0,0.9253,0.0,GREEN,30,Mumbai
CLM0019468,MUM_08069,Chembur,2019-12-24,13,0,0,0,0,0,0,0,0,0,0.0,0.23474,1,0.0,0,420,1,0,0.1723,0.1001,GREEN,38,Mumbai
CLM0019469,MUM_09197,Borivali,2022-06-04,8,0,0,0,0,0,0,0,0,0,0.0,0.502157,0,0.0,0,307,4,4,0.3217,0.0,GREEN,47,Mumbai
CLM0019470,MUM_04770,Vashi,2024-08-28,20,0,0,0,0,0,0,0,0,0,0.0,0.183802,0,0.0,0,414,2,2,0.05,0.0536,GREEN,46,Mumbai
CLM0019471,MUM_09890,Andheri,2022-05-08,18,0,0,0,0,1,0,0,0,0,1.0,0.414758,0,0.0,0,420,1,0,0.9158,0.1398,GREEN,64,Mumbai
CLM0019472,MUM_07763,Andheri,2021-03-18,19,0,0,0,0,0,0,0,0,0,0.0,0.349487,0,0.0,0,19,3,4,0.6786,0.0282,GREEN,41,Mumbai
CLM0019473,MUM_07848,Ghatkopar,2025-10-13,10,0,0,0,0,0,0,0,0,0,0.0,1.0,0,0.0,0,31,2,4,0.6595,0.0,GREEN,34,Mumbai
CLM0019474,MUM_02361,Chembur,2025-07-31,14,0,0,0,0,0,0,0,0,0,0.0,0.284706,0,0.0,0,420,4,0,0.05,0.0276,GREEN,60,Mumbai
CLM0019475,MUM_09556,Powai,2021-10-07,17,0,0,0,0,0,0,0,0,0,0.0,0.262859,0,0.0,0,271,4,4,0.9785,0.0,GREEN,48,Mumbai
CLM0019476,MUM_09192,Lower Parel,2023-07-05,13,0,0,0,0,0,0,0,0,0,0.0,0.303973,0,0.0,0,74,3,3,0.6046,0.0187,GREEN,32,Mumbai
CLM0019477,MUM_01581,Ghatkopar,2021-08-09,16,0,0,0,0,0,0,0,0,0,0.0,0.204252,0,0.0,0,337,1,0,0.652,0.0,GREEN,53,Mumbai
CLM0019478,MUM_08208,Chembur,2022-08-04,10,0,0,0,0,0,1,0,0,0,0.0,0.381361,0,0.0,0,68,1,3,0.6327,0.1005,GREEN,42,Mumbai
CLM0019479,MUM_04009,Vashi,2021-04-19,7,0,0,0,0,0,0,0,1,0,0.0,0.048124,0,0.0,0,399,1,5,0.8012,0.0629,GREEN,47,Mumbai
CLM0019480,MUM_09157,Lower Parel,2024-03-05,10,0,0,0,0,0,0,0,0,0,0.0,0.056247,0,0.0,0,420,4,3,0.7853,0.0266,GREEN,41,Mumbai
CLM0019481,MUM_03087,Andheri,2025-09-02,17,0,0,0,0,0,0,0,0,0,0.0,0.324709,0,0.0,0,237,1,3,0.98,0.048,GREEN,28,Mumbai
CLM0019482,MUM_08229,Vashi,2025-07-20,20,0,0,0,0,0,1,0,0,0,0.0,0.243091,0,0.0,0,420,4,1,0.8113,0.0496,GREEN,41,Mumbai
CLM0019483,MUM_05713,Powai,2022-09-07,8,0,0,0,0,0,0,0,0,0,0.0,0.331422,0,0.0,0,183,2,0,0.7207,0.0,GREEN,46,Mumbai
CLM0019484,MUM_05338,Dadar,2022-02-25,21,0,0,0,0,1,0,0,0,0,0.0,0.140244,0,0.0,0,420,1,3,0.954,0.1483,GREEN,49,Mumbai
CLM0019485,MUM_04307,Bandra,2021-02-17,14,0,0,0,0,0,1,0,0,0,0.0,0.0,0,0.0,0,67,1,1,0.6212,0.0568,GREEN,42,Mumbai
CLM0019486,MUM_00679,Vashi,2024-10-17,10,0,0,0,0,0,0,0,0,0,0.0,0.292177,0,0.0,0,228,3,3,0.8225,0.0481,GREEN,39,Mumbai
CLM0019487,MUM_04347,Powai,2022-04-07,15,0,0,0,0,0,0,0,0,0,0.0,0.988312,0,0.0,0,420,2,6,0.883,0.0276,GREEN,24,Mumbai
CLM0019488,MUM_06323,Powai,2024-06-22,8,0,0,0,0,0,0,1,0,0,1.0,1.0,0,0.0,0,376,3,2,0.6109,0.0769,GREEN,45,Mumbai
CLM0019489,MUM_01594,Lower Parel,2021-10-31,9,0,0,0,0,0,0,0,0,0,0.0,0.421996,0,0.0,0,291,0,5,0.7263,0.1101,GREEN,48,Mumbai
CLM0019490,MUM_04717,Lower Parel,2020-05-16,9,0,0,0,0,0,0,0,0,0,1.0,0.207923,0,0.0,0,287,2,3,0.98,0.0404,GREEN,33,Mumbai
CLM0019491,MUM_09881,Andheri,2021-02-17,18,0,0,0,0,0,0,0,0,0,0.0,0.299365,0,0.0,0,22,0,5,0.5687,0.0569,GREEN,39,Mumbai
CLM0019492,MUM_00232,Powai,2022-09-25,19,0,0,0,0,0,0,0,0,0,0.0,0.260057,0,0.0,0,40,0,1,0.9467,0.0511,GREEN,38,Mumbai
CLM0019493,MUM_02316,Dadar,2023-06-30,11,0,1,1,0,0,0,0,0,0,0.0,0.298584,0,0.0,0,227,1,2,0.05,0.0288,GREEN,30,Mumbai
CLM0019494,MUM_08868,Thane,2023-06-25,17,0,0,0,0,0,0,0,0,0,0.0,0.263346,0,0.0,0,390,1,0,0.9363,0.0292,GREEN,39,Mumbai
CLM0019495,MUM_02780,Thane,2017-10-04,13,0,0,0,0,0,0,0,0,0,0.0,0.263166,0,0.0,0,410,2,3,0.6046,0.0564,GREEN,43,Mumbai
CLM0019496,MUM_03565,Andheri,2019-06-29,10,0,0,0,0,0,0,0,0,0,0.0,0.276703,0,0.0,0,121,3,5,0.7184,0.0701,GREEN,42,Mumbai
CLM0019497,MUM_00865,Dadar,2019-05-01,17,0,0,0,0,0,0,0,0,0,0.0,0.175741,0,0.0,0,358,2,3,0.1779,0.0,GREEN,36,Mumbai
CLM0019498,MUM_01401,Chembur,2020-10-15,21,0,0,0,0,0,0,0,0,0,0.0,0.148083,0,0.0,0,356,0,3,0.9498,0.0623,GREEN,40,Mumbai
CLM0019499,MUM_07504,Lower Parel,2020-12-25,18,0,0,0,1,1,0,0,0,0,0.0,0.0,0,0.0,0,325,4,0,0.7255,0.368,YELLOW,55,Mumbai
CLM0019500,MUM_01492,Chembur,2025-08-30,8,0,0,0,0,0,0,0,1,0,0.0,0.259409,0,0.0,0,58,1,0,0.6704,0.001,GREEN,48,Mumbai
CLM0019501,MUM_04780,Chembur,2021-03-29,18,0,0,0,0,0,0,0,0,0,0.0,0.411654,0,0.0,0,175,3,3,0.8118,0.0,GREEN,20,Mumbai
CLM0019502,MUM_07585,Dadar,2024-05-15,11,0,0,0,0,0,0,0,1,0,0.0,0.220008,0,0.0,0,17,3,1,0.2997,0.0469,GREEN,66,Mumbai
CLM0019503,MUM_09530,Ghatkopar,2025-10-03,13,0,0,0,0,0,0,0,0,0,0.0,0.044434,0,0.0,0,358,3,8,0.8522,0.0766,GREEN,18,Mumbai
CLM0019504,MUM_03619,Thane,2022-12-08,21,0,0,0,0,0,0,0,0,0,0.0,0.252044,0,0.0,0,337,3,2,0.9552,0.0,GREEN,29,Mumbai
CLM0019505,MUM_02358,Bandra,2023-07-23,14,0,0,0,0,0,0,0,0,0,0.0,0.127743,0,0.0,1,129,2,4,0.5854,0.097,GREEN,37,Mumbai
CLM0019506,MUM_05712,Chembur,2021-01-18,18,0,0,0,0,0,0,0,1,0,0.0,0.102752,0,0.0,0,309,4,0,0.7132,0.1651,GREEN,59,Mumbai
CLM0019507,MUM_08883,Powai,2025-05-10,10,0,0,0,0,0,0,0,0,0,0.0,0.0,0,0.0,0,15,1,0,0.3051,0.0613,GREEN,21,Mumbai
CLM0019508,MUM_01424,Vashi,2021-08-18,19,0,0,0,0,0,0,1,0,0,0.0,0.139935,0,0.0,0,388,2,4,0.8823,0.0582,GREEN,46,Mumbai
CLM0019509,MUM_09332,Lower Parel,2020-11-22,11,0,0,0,0,0,0,1,0,0,0.0,0.111475,0,0.0,0,269,0,0,0.8074,0.2245,GREEN,45,Mumbai
CLM0019510,MUM_08797,Powai,2022-10-28,8,0,1,1,0,0,1,0,0,0,0.0,0.068234,0,0.0,0,43,1,0,0.746,0.0727,GREEN,48,Mumbai
CLM0019511,MUM_09586,Dadar,2020-02-15,7,0,0,0,0,0,0,0,0,0,0.0,0.127957,0,0.0,0,228,2,3,0.6968,0.0,GREEN,22,Mumbai
CLM0019512,MUM_02901,Dadar,2020-05-30,16,0,0,0,0,0,0,0,0,0,1.0,0.208156,0,0.0,0,299,3,3,0.7087,0.0734,GREEN,49,Mumbai
CLM0019513,MUM_05652,Borivali,2022-09-07,16,0,0,0,0,1,0,0,0,0,0.0,0.072132,0,0.0,0,420,4,3,0.6021,0.1314,GREEN,48,Mumbai
CLM0019514,MUM_04362,Chembur,2025-12-27,16,0,0,0,0,0,0,0,0,0,0.0,0.0,0,0.0,0,420,1,1,0.5845,0.0,GREEN,19,Mumbai
CLM0019515,MUM_02734,Powai,2024-06-11,20,0,0,0,0,0,0,0,1,0,0.0,0.090818,0,0.0,0,420,3,6,0.937,0.09,GREEN,44,Mumbai
CLM0019516,MUM_00472,Chembur,2025-11-02,21,0,0,0,0,0,0,0,0,0,0.0,0.345965,0,0.0,0,298,1,3,0.662,0.0,GREEN,45,Mumbai
CLM0019517,MUM_01090,Thane,2024-10-29,19,0,0,0,0,0,0,0,0,0,0.0,0.33767,0,0.0,0,10,1,3,0.546,0.0145,GREEN,29,Mumbai
CLM0019518,MUM_08893,Powai,2024-09-10,9,0,0,0,0,0,0,0,0,1,0.0,0.122944,0,0.0,0,117,3,3,0.1455,0.0947,GREEN,43,Mumbai
CLM0019519,MUM_04647,Borivali,2024-06-02,16,0,0,0,0,1,0,0,0,0,1.0,0.323849,0,0.0,0,352,3,2,0.8493,0.1548,GREEN,43,Mumbai
CLM0019520,MUM_07759,Thane,2024-03-30,21,0,0,0,0,0,1,0,0,0,0.0,0.176795,0,0.0,0,420,2,3,0.5951,0.0631,GREEN,40,Mumbai
CLM0019521,MUM_08206,Dadar,2025-04-20,13,0,0,0,0,0,1,0,0,1,0.0,0.295551,0,0.0,0,146,1,1,0.8692,0.3214,YELLOW,31,Mumbai
CLM0019522,MUM_02779,Bandra,2024-07-30,7,0,0,0,0,0,0,0,0,0,0.0,0.322767,0,0.0,0,420,0,2,0.9349,0.0053,GREEN,44,Mumbai
CLM0019523,MUM_05087,Ghatkopar,2024-12-08,21,0,0,0,0,0,0,1,0,0,0.0,0.0,0,0.0,0,228,3,2,0.9304,0.1325,GREEN,35,Mumbai
CLM0019524,MUM_07180,Borivali,2022-09-06,13,0,0,0,0,0,0,0,0,0,0.0,0.104832,0,0.0,0,420,4,5,0.7176,0.0,GREEN,60,Mumbai
CLM0019525,MUM_03034,Lower Parel,2020-02-14,9,0,0,0,0,0,0,0,0,0,0.0,0.21809,0,0.0,0,111,1,0,0.896,0.0,GREEN,18,Mumbai
CLM0019526,MUM_02042,Powai,2025-01-01,9,0,0,0,0,0,0,0,0,0,1.0,0.138853,0,0.0,0,49,1,0,0.6544,0.0242,GREEN,34,Mumbai
CLM0019527,MUM_01911,Bandra,2025-04-01,17,0,0,0,0,0,0,0,0,0,0.0,0.405901,0,0.0,1,216,4,2,0.6966,0.0058,GREEN,36,Mumbai
CLM0019528,MUM_05198,Bandra,2019-09-10,11,0,0,0,0,0,0,0,0,0,1.0,0.060693,0,0.0,0,268,4,3,0.9668,0.0923,GREEN,56,Mumbai
CLM0019529,MUM_00157,Dadar,2024-10-27,12,0,0,0,0,1,0,0,0,0,0.0,0.189195,0,0.0,0,420,3,5,0.8655,0.0304,GREEN,42,Mumbai
CLM0019530,MUM_06318,Chembur,2024-07-21,12,0,0,0,0,0,0,0,0,0,0.0,0.380788,0,0.0,0,226,3,3,0.67,0.0116,GREEN,51,Mumbai
CLM0019531,MUM_08287,Thane,2024-07-28,16,0,0,0,0,0,0,0,0,0,0.0,0.303099,0,0.0,0,420,2,4,0.8416,0.0,GREEN,28,Mumbai
CLM0019532,MUM_08538,Dadar,2024-09-15,9,0,0,0,1,0,0,0,0,0,0.0,0.059288,0,0.0,0,379,1,0,0.9418,0.171,GREEN,37,Mumbai
CLM0019533,MUM_03982,Thane,2024-12-08,21,0,0,0,0,0,0,0,0,0,1.0,0.905197,0,1.0,1,132,2,5,0.8806,0.0555,GREEN,36,Mumbai
CLM0019534,MUM_07134,Borivali,2023-12-29,10,0,0,0,0,0,0,0,0,0,0.0,0.150491,0,0.0,0,145,3,2,0.1712,0.0,GREEN,37,Mumbai
CLM0019535,MUM_00692,Borivali,2025-03-22,13,0,0,0,0,0,0,0,0,1,0.0,0.0,0,1.0,0,130,3,0,0.8113,0.0995,GREEN,26,Mumbai
CLM0019536,MUM_09963,Ghatkopar,2024-04-14,7,0,0,0,0,0,0,0,0,0,0.0,0.185144,0,0.0,0,352,3,5,0.5917,0.11,GREEN,21,Mumbai
CLM0019537,MUM_07932,Lower Parel,2021-10-23,16,0,1,1,0,0,0,0,1,0,0.0,0.122958,0,0.0,0,79,2,4,0.7908,0.0739,GREEN,41,Mumbai
CLM0019538,MUM_02313,Powai,2020-12-18,18,0,0,0,0,0,0,0,1,0,0.0,1.0,0,0.0,0,393,2,4,0.7434,0.0547,GREEN,39,Mumbai
CLM0019539,MUM_08271,Borivali,2019-07-25,20,0,1,1,0,0,0,0,0,0,0.0,0.327074,0,0.0,0,136,4,6,0.7642,0.0,GREEN,46,Mumbai
CLM0019540,MUM_09780,Chembur,2021-09-26,18,0,0,0,0,0,0,0,0,0,0.0,0.348736,0,0.0,0,202,3,0,0.7785,0.0094,GREEN,46,Mumbai
CLM0019541,MUM_03029,Ghatkopar,2023-05-09,17,0,0,0,0,0,0,0,0,0,0.0,0.0,0,0.0,0,255,3,2,0.614,0.0307,GREEN,41,Mumbai
CLM0019542,MUM_09127,Borivali,2020-07-06,15,0,0,0,0,0,0,0,0,0,0.0,0.338949,0,0.0,0,232,0,0,0.8002,0.0,GREEN,48,Mumbai
CLM0019543,MUM_08596,Powai,2025-02-21,20,0,0,0,0,0,0,0,0,0,0.0,0.020068,0,0.0,0,313,4,1,0.5941,0.0359,GREEN,39,Mumbai
CLM0019544,MUM_05461,Borivali,2025-03-18,19,0,0,0,0,0,0,1,0,0,0.0,0.342106,0,0.0,0,420,1,5,0.2839,0.0755,GREEN,40,Mumbai
CLM0019545,MUM_09079,Dadar,2024-09-16,16,0,0,0,0,0,0,0,0,0,0.0,0.12002,0,0.0,0,381,4,0,0.2706,0.0381,GREEN,37,Mumbai
CLM0019546,MUM_03302,Andheri,2025-09-30,13,0,0,0,0,0,0,0,0,0,0.0,0.353794,0,0.0,0,329,4,4,0.8983,0.0133,GREEN,48,Mumbai
CLM0019547,MUM_07329,Chembur,2025-06-13,10,0,0,0,0,0,0,0,1,0,0.0,0.363493,0,0.0,0,5,4,4,0.0802,0.2001,GREEN,49,Mumbai
CLM0019548,MUM_04708,Chembur,2025-11-08,19,0,0,0,0,0,0,0,1,0,0.0,0.274587,0,0.0,0,62,0,5,0.9272,0.0649,GREEN,44,Mumbai
CLM0019549,MUM_08414,Bandra,2025-02-21,15,0,0,0,0,0,0,0,0,0,0.0,0.063239,1,0.0,0,91,4,0,0.6292,0.0,GREEN,44,Mumbai
CLM0019550,MUM_09126,Lower Parel,2025-04-24,18,0,0,0,0,0,0,0,0,0,0.0,0.14936,0,0.0,0,208,1,1,0.9021,0.0,GREEN,41,Mumbai
CLM0019551,MUM_05780,Bandra,2025-12-18,8,0,0,0,0,0,0,0,0,0,0.0,1.0,0,0.0,0,62,0,2,0.5266,0.0089,GREEN,46,Mumbai
CLM0019552,MUM_08091,Powai,2021-11-09,10,0,0,0,0,0,0,0,0,0,0.0,0.223371,0,0.0,0,420,4,1,0.5464,0.0,GREEN,50,Mumbai
CLM0019553,MUM_05571,Thane,2023-09-04,19,0,0,0,0,0,0,0,0,0,0.0,0.214379,0,0.0,1,354,1,0,0.8345,0.0415,GREEN,39,Mumbai
CLM0019554,MUM_04930,Dadar,2020-04-10,9,0,0,0,0,0,0,0,0,0,0.0,0.369539,0,0.0,0,330,4,3,0.9687,0.0355,GREEN,21,Mumbai
CLM0019555,MUM_02670,Chembur,2022-10-27,8,0,1,1,0,0,0,0,0,0,0.0,0.346367,0,0.0,0,358,4,2,0.9631,0.0,GREEN,30,Mumbai
CLM0019556,MUM_06063,Andheri,2022-12-13,9,1,0,0,0,0,0,0,0,0,1.0,0.218202,0,0.0,0,272,4,1,0.98,0.048,GREEN,18,Mumbai
CLM0019557,MUM_04356,Ghatkopar,2021-06-08,16,0,0,0,0,0,0,0,1,0,0.0,0.047366,0,0.0,0,106,1,2,0.2415,0.0321,GREEN,53,Mumbai
CLM0019558,MUM_04393,Chembur,2021-07-26,17,0,0,0,0,0,0,0,1,0,0.0,1.0,0,0.0,0,275,0,4,0.934,0.1656,GREEN,43,Mumbai
CLM0019559,MUM_06203,Vashi,2024-12-28,8,0,0,0,0,0,0,0,0,0,0.0,0.257026,0,0.0,0,305,0,0,0.73,0.0477,GREEN,46,Mumbai
CLM0019560,MUM_01461,Thane,2020-09-05,21,0,0,0,0,0,0,0,0,0,1.0,0.298289,0,0.0,0,147,3,0,0.98,0.158,GREEN,51,Mumbai
CLM0019561,MUM_00902,Andheri,2021-01-19,7,0,0,0,0,0,0,0,0,0,0.0,0.161249,0,0.0,0,317,2,2,0.79,0.0,GREEN,40,Mumbai
CLM0019562,MUM_07012,Lower Parel,2023-10-30,12,0,0,0,0,0,0,0,0,1,0.0,0.0,0,0.0,0,420,4,5,0.8768,0.1081,GREEN,59,Mumbai
CLM0019563,MUM_05381,Chembur,2025-08-26,20,0,0,0,0,0,0,0,0,0,0.0,0.201242,0,0.0,0,227,3,2,0.7296,0.0857,GREEN,22,Mumbai
CLM0019564,MUM_04090,Vashi,2023-04-27,19,0,0,0,0,0,0,0,0,0,0.0,0.144486,0,0.0,0,274,2,5,0.8031,0.0967,GREEN,44,Mumbai
CLM0019565,MUM_04943,Vashi,2023-10-12,18,0,0,0,0,0,0,0,0,0,0.0,0.513189,0,0.0,0,318,2,3,0.98,0.0186,GREEN,57,Mumbai
CLM0019566,MUM_00621,Andheri,2024-12-17,12,0,0,0,0,0,0,0,0,0,0.0,0.268348,0,0.0,0,420,3,3,0.5347,0.0339,GREEN,23,Mumbai
CLM0019567,MUM_06922,Ghatkopar,2021-02-28,9,0,0,0,0,0,0,1,1,0,0.0,0.071876,0,0.0,0,420,1,1,0.7493,0.2102,GREEN,48,Mumbai
CLM0019568,MUM_08985,Dadar,2023-09-25,20,0,0,0,0,0,0,0,0,1,0.0,1.0,0,0.0,0,5,2,2,0.9513,0.0785,GREEN,40,Mumbai
CLM0019569,MUM_01858,Lower Parel,2022-09-26,15,0,0,0,0,0,0,0,0,0,0.0,0.136797,0,0.0,0,256,1,5,0.9378,0.0136,GREEN,59,Mumbai
CLM0019570,MUM_06589,Thane,2022-08-22,16,0,0,0,0,0,1,0,0,0,0.0,0.964308,0,0.0,0,420,1,5,0.7131,0.1241,GREEN,48,Mumbai
CLM0019571,MUM_05448,Bandra,2023-08-26,15,0,0,0,0,0,0,1,0,0,0.0,0.344317,1,0.0,0,87,4,0,0.2716,0.1454,GREEN,58,Mumbai
CLM0019572,MUM_01125,Thane,2024-03-08,16,0,0,0,0,0,0,0,1,0,0.0,0.0182,0,0.0,0,5,2,2,0.4739,0.0993,GREEN,35,Mumbai
CLM0019573,MUM_08911,Dadar,2022-04-15,12,0,0,0,0,1,1,0,0,0,1.0,0.148269,0,0.0,0,363,3,3,0.7725,0.2871,GREEN,41,Mumbai
CLM0019574,MUM_05393,Ghatkopar,2025-12-07,12,0,0,0,0,0,0,0,0,0,0.0,0.348643,1,0.0,0,167,3,0,0.0786,0.1063,GREEN,53,Mumbai
CLM0019575,MUM_01723,Dadar,2025-08-16,21,0,0,0,0,0,0,0,0,0,0.0,0.230216,0,0.0,0,232,3,2,0.2301,0.0,GREEN,57,Mumbai
CLM0019576,MUM_05743,Bandra,2025-11-17,9,0,0,0,0,1,0,0,0,0,1.0,0.295749,0,0.0,0,214,0,5,0.5985,0.3092,GREEN,53,Mumbai
CLM0019577,MUM_03751,Powai,2025-06-25,13,0,0,0,0,0,0,0,0,0,0.0,0.167008,1,0.0,0,237,1,3,0.3496,0.0855,GREEN,33,Mumbai
CLM0019578,MUM_03215,Thane,2025-07-27,15,0,0,0,0,0,0,0,0,0,0.0,0.438629,0,0.0,0,226,0,0,0.7734,0.0,GREEN,41,Mumbai
CLM0019579,MUM_04211,Lower Parel,2025-04-03,11,0,0,0,0,1,0,0,0,0,0.0,0.353502,0,0.0,0,226,1,0,0.6918,0.0931,GREEN,61,Mumbai
CLM0019580,MUM_07947,Ghatkopar,2025-02-24,9,0,0,0,0,0,1,0,0,0,0.0,0.372543,0,0.0,0,296,2,4,0.5766,0.1155,GREEN,54,Mumbai
CLM0019581,MUM_06050,Ghatkopar,2025-03-23,13,0,0,0,0,0,0,0,0,0,0.0,0.00936,0,0.0,0,352,1,1,0.7871,0.0501,GREEN,29,Mumbai
CLM0019582,MUM_04531,Vashi,2025-07-29,20,0,0,0,0,0,1,0,0,0,0.0,0.149994,0,0.0,0,410,1,1,0.1677,0.2387,GREEN,49,Mumbai
CLM0019583,MUM_01053,Ghatkopar,2024-01-30,20,0,0,0,0,0,0,0,0,0,1.0,0.066369,0,0.0,0,420,0,0,0.9304,0.0,GREEN,47,Mumbai
CLM0019584,MUM_08661,Andheri,2025-09-23,7,0,0,0,0,0,0,0,0,0,0.0,0.345592,0,0.0,0,325,1,5,0.7102,0.1818,GREEN,19,Mumbai
CLM0019585,MUM_05138,Andheri,2023-12-12,19,0,1,1,0,0,0,0,0,0,0.0,1.0,0,0.0,0,177,0,4,0.7775,0.0,GREEN,42,Mumbai
CLM0019586,MUM_00697,Lower Parel,2024-01-07,7,0,0,0,0,0,0,0,0,0,0.0,0.107336,0,0.0,0,338,2,3,0.9422,0.0183,GREEN,35,Mumbai
CLM0019587,MUM_03070,Powai,2024-06-18,21,0,0,0,0,0,0,0,1,0,0.0,0.274074,0,0.0,0,420,3,4,0.5811,0.0507,GREEN,33,Mumbai
CLM0019588,MUM_05753,Ghatkopar,2023-05-19,14,0,0,0,0,1,1,0,0,0,0.0,0.399063,0,0.0,0,373,1,0,0.98,0.21,GREEN,50,Mumbai
CLM0019589,MUM_05082,Borivali,2025-12-27,15,0,0,0,0,0,0,0,0,0,0.0,0.138319,0,0.0,0,232,2,0,0.4355,0.0,GREEN,41,Mumbai
CLM0019590,MUM_01516,Vashi,2020-06-14,8,0,0,0,0,0,0,0,0,0,0.0,1.0,0,0.0,0,420,2,1,0.4432,0.0681,GREEN,53,Mumbai
CLM0019591,MUM_03520,Dadar,2022-04-04,7,0,0,0,0,0,0,0,0,0,1.0,0.232224,0,0.0,0,290,0,5,0.4657,0.0682,GREEN,58,Mumbai
CLM0019592,MUM_03044,Powai,2016-07-05,9,0,0,0,0,0,1,0,0,0,0.0,1.0,0,0.0,0,269,0,6,0.98,0.1517,GREEN,47,Mumbai
CLM0019593,MUM_09888,Bandra,2019-08-19,18,0,0,0,1,1,1,0,1,1,1.0,1.0,0,0.0,1,20,1,11,0.861,0.0481,GREEN,35,Mumbai
CLM0019594,MUM_03416,Dadar,2022-11-29,16,0,0,0,0,0,0,1,0,0,0.0,0.067858,0,0.0,0,40,0,4,0.7127,0.0686,GREEN,45,Mumbai
CLM0019595,MUM_03450,Bandra,2021-06-02,14,0,0,0,0,0,0,0,0,0,0.0,0.353777,0,0.0,0,140,1,3,0.7337,0.0838,GREEN,45,Mumbai
CLM0019596,MUM_02838,Bandra,2021-02-25,21,0,0,0,0,0,0,0,0,0,0.0,1.0,0,0.0,0,375,1,4,0.1983,0.0,GREEN,59,Mumbai
CLM0019597,MUM_08762,Ghatkopar,2023-01-05,12,0,0,0,0,0,0,0,1,0,0.0,0.309165,0,0.0,0,413,3,6,0.05,0.0425,GREEN,55,Mumbai
CLM0019598,MUM_02158,Vashi,2025-06-25,16,0,0,0,0,0,0,0,0,0,0.0,0.355562,0,0.0,0,221,1,1,0.7417,0.0,GREEN,37,Mumbai
CLM0019599,MUM_02763,Bandra,2022-12-19,19,0,1,1,0,0,0,0,0,0,1.0,0.110733,1,0.0,0,172,4,4,0.5091,0.1481,GREEN,42,Mumbai
CLM0019600,MUM_04391,Borivali,2023-02-05,7,0,0,0,0,0,0,0,0,0,0.0,0.135135,0,0.0,0,273,2,7,0.2569,0.0,GREEN,49,Mumbai
CLM0019601,MUM_04895,Thane,2025-11-29,18,0,0,0,0,0,0,0,0,0,0.0,0.443855,0,1.0,0,51,3,2,0.925,0.0,GREEN,43,Mumbai
CLM0019602,MUM_00133,Powai,2025-03-31,19,0,0,0,0,0,0,0,0,0,0.0,0.131239,0,0.0,0,358,0,1,0.8385,0.0399,GREEN,18,Mumbai
CLM0019603,MUM_08846,Andheri,2024-05-17,14,0,0,0,0,0,0,0,0,0,0.0,0.304163,0,0.0,0,204,0,1,0.4172,0.0249,GREEN,33,Mumbai
CLM0019604,MUM_02251,Borivali,2024-02-26,21,0,0,0,0,0,0,0,0,0,0.0,0.122211,1,0.0,0,358,3,3,0.7988,0.0896,GREEN,47,Mumbai
CLM0019605,MUM_07453,Lower Parel,2025-12-05,18,0,0,0,0,0,0,0,0,0,0.0,0.106741,0,0.0,0,406,2,2,0.9475,0.0866,GREEN,27,Mumbai
CLM0019606,MUM_00558,Borivali,2022-11-26,7,0,0,0,0,0,0,0,0,0,1.0,0.257062,0,0.0,0,345,3,0,0.0721,0.0392,GREEN,62,Mumbai
CLM0019607,MUM_03498,Lower Parel,2024-10-20,14,0,0,0,0,0,0,0,0,0,0.0,0.270668,0,0.0,0,111,3,1,0.5822,0.1174,GREEN,39,Mumbai
CLM0019608,MUM_01197,Borivali,2022-06-27,20,0,0,0,0,0,0,0,0,0,1.0,0.181344,0,0.0,0,356,1,3,0.878,0.1687,GREEN,37,Mumbai
CLM0019609,MUM_03217,Borivali,2025-06-17,11,0,0,0,1,1,0,1,0,1,0.0,0.170546,1,0.0,1,6,3,17,0.8608,0.0598,GREEN,42,Mumbai
CLM0019610,MUM_03169,Powai,2019-08-04,11,0,0,0,0,0,0,0,0,0,0.0,0.207423,0,0.0,0,420,3,0,0.529,0.1519,GREEN,36,Mumbai
CLM0019611,MUM_01794,Bandra,2023-08-16,19,0,0,0,1,0,0,0,0,1,1.0,0.311763,0,0.0,0,217,4,1,0.7775,0.2201,GREEN,29,Mumbai
CLM0019612,MUM_02792,Borivali,2022-01-30,18,0,0,0,0,0,0,0,0,0,1.0,0.259221,0,0.0,0,420,4,0,0.98,0.0504,GREEN,18,Mumbai
CLM0019613,MUM_02272,Chembur,2023-03-10,18,0,0,0,0,0,0,0,0,0,0.0,0.245767,0,0.0,0,41,1,2,0.5102,0.0426,GREEN,43,Mumbai
CLM0019614,MUM_05604,Powai,2018-11-25,7,0,0,0,0,0,0,0,0,0,0.0,0.141879,0,0.0,0,398,2,6,0.1287,0.0,GREEN,18,Mumbai
CLM0019615,MUM_04045,Thane,2022-03-18,9,0,0,0,0,0,0,0,0,0,1.0,0.302828,1,0.0,0,320,1,1,0.98,0.1141,GREEN,39,Mumbai
CLM0019616,MUM_01158,Bandra,2025-05-11,19,0,0,0,0,0,0,0,0,0,0.0,1.0,0,0.0,0,69,1,2,0.1213,0.0,GREEN,56,Mumbai
CLM0019617,MUM_07612,Ghatkopar,2024-01-07,7,0,0,0,1,0,1,1,0,0,1.0,0.381281,1,0.0,1,22,4,18,0.98,0.0367,GREEN,48,Mumbai
CLM0019618,MUM_01277,Vashi,2025-01-22,8,0,0,0,0,1,0,0,0,0,0.0,0.063801,0,0.0,0,307,2,3,0.8553,0.1646,GREEN,28,Mumbai
CLM0019619,MUM_04314,Lower Parel,2024-04-05,9,0,0,0,0,0,0,0,1,0,0.0,0.361766,0,0.0,0,286,2,0,0.1441,0.0498,GREEN,45,Mumbai
CLM0019620,MUM_09791,Powai,2021-09-11,17,0,0,0,0,0,0,0,0,0,0.0,0.339073,0,1.0,1,239,1,3,0.7823,0.0671,GREEN,36,Mumbai
CLM0019621,MUM_08693,Ghatkopar,2023-01-21,7,0,0,0,0,0,0,0,0,0,0.0,0.134237,0,0.0,0,154,3,0,0.6351,0.1047,GREEN,55,Mumbai
CLM0019622,MUM_04772,Dadar,2024-07-06,15,0,0,0,0,0,0,0,0,0,0.0,0.392119,0,0.0,0,420,0,0,0.4887,0.0883,GREEN,50,Mumbai
CLM0019623,MUM_00983,Lower Parel,2025-09-05,11,0,0,0,0,0,0,0,0,0,0.0,0.284205,0,0.0,0,124,0,2,0.8969,0.0,GREEN,31,Mumbai
CLM0019624,MUM_03716,Vashi,2023-05-10,17,0,0,0,0,1,0,1,1,1,0.0,1.0,0,1.0,1,5,4,18,0.2508,0.043,GREEN,52,Mumbai
CLM0019625,MUM_07200,Ghatkopar,2025-06-19,13,0,0,0,0,0,0,0,0,0,0.0,0.265927,0,0.0,0,217,1,0,0.1773,0.0,GREEN,45,Mumbai
CLM0019626,MUM_07016,Lower Parel,2023-09-07,16,0,0,0,0,0,0,0,0,0,0.0,0.315369,0,0.0,0,275,0,0,0.7069,0.0,GREEN,18,Mumbai
CLM0019627,MUM_05883,Chembur,2023-09-23,13,0,0,0,0,0,0,0,0,0,0.0,0.132744,0,0.0,1,159,1,4,0.7176,0.1061,GREEN,45,Mumbai
CLM0019628,MUM_09963,Ghatkopar,2021-07-06,10,0,0,0,0,0,0,1,0,0,0.0,0.078102,0,0.0,0,164,2,0,0.2459,0.061,GREEN,21,Mumbai
CLM0019629,MUM_01582,Borivali,2019-05-03,18,0,0,0,0,0,0,0,0,1,1.0,0.323231,0,0.0,0,412,1,0,0.98,0.2646,GREEN,21,Mumbai
CLM0019630,MUM_08777,Ghatkopar,2018-02-20,21,0,0,0,0,0,0,0,0,0,0.0,0.17984,0,0.0,0,124,2,2,0.6762,0.0007,GREEN,37,Mumbai
CLM0019631,MUM_00922,Vashi,2022-07-31,17,0,0,0,0,0,0,0,0,0,0.0,0.238668,0,0.0,0,420,1,4,0.4424,0.0,GREEN,27,Mumbai
CLM0019632,MUM_05126,Andheri,2019-09-25,10,0,0,0,0,0,0,0,0,0,0.0,0.193918,0,0.0,0,408,3,0,0.98,0.1192,GREEN,19,Mumbai
CLM0019633,MUM_00225,Powai,2022-06-06,19,0,0,0,0,0,1,1,0,1,1.0,1.0,0,1.0,0,5,3,18,0.7507,0.0317,GREEN,36,Mumbai
CLM0019634,MUM_05958,Lower Parel,2025-05-04,16,0,0,0,0,0,0,0,0,0,0.0,0.0,0,0.0,0,366,3,3,0.5434,0.0576,GREEN,41,Mumbai
CLM0019635,MUM_02200,Andheri,2021-05-01,12,0,0,0,0,0,0,0,0,0,0.0,0.254051,0,0.0,0,79,4,2,0.7812,0.0027,GREEN,47,Mumbai
CLM0019636,MUM_07607,Andheri,2020-04-01,12,0,0,0,0,0,0,0,0,0,0.0,0.396915,0,0.0,0,161,3,5,0.6751,0.1032,GREEN,44,Mumbai
CLM0019637,MUM_06878,Andheri,2019-08-31,16,0,0,0,0,0,0,0,0,0,0.0,0.084671,0,0.0,0,380,0,6,0.7664,0.0,GREEN,43,Mumbai
CLM0019638,MUM_08671,Dadar,2019-09-20,13,0,0,0,0,0,0,0,0,0,0.0,0.174734,0,0.0,0,342,4,2,0.0625,0.0024,GREEN,34,Mumbai
CLM0019639,MUM_00595,Chembur,2021-10-02,12,0,0,0,0,0,0,0,0,0,1.0,0.088803,0,0.0,0,164,3,6,0.7483,0.0534,GREEN,43,Mumbai
CLM0019640,MUM_02279,Borivali,2018-06-05,13,0,0,0,0,0,0,0,0,0,0.0,0.112384,0,0.0,0,420,0,1,0.8741,0.0,GREEN,36,Mumbai
CLM0019641,MUM_02988,Ghatkopar,2025-01-11,12,0,0,0,0,0,0,0,0,0,0.0,0.211595,0,0.0,0,31,0,0,0.5789,0.0,GREEN,41,Mumbai
CLM0019642,MUM_03126,Bandra,2019-03-03,17,0,0,0,0,1,0,0,0,0,0.0,0.155459,0,0.0,0,404,1,1,0.6661,0.1785,GREEN,43,Mumbai
CLM0019643,MUM_08837,Ghatkopar,2018-05-07,17,0,0,0,0,0,0,0,0,0,1.0,0.152968,1,0.0,0,195,2,4,0.4085,0.1296,GREEN,52,Mumbai
CLM0019644,MUM_09951,Powai,2020-01-06,12,0,0,0,1,0,0,0,0,0,0.0,0.269752,0,0.0,0,164,0,3,0.95,0.2576,GREEN,18,Mumbai
CLM0019645,MUM_02667,Dadar,2024-11-27,7,0,0,0,0,0,0,0,0,0,0.0,0.28595,0,0.0,0,420,2,0,0.5636,0.0,GREEN,22,Mumbai
CLM0019646,MUM_07612,Ghatkopar,2025-09-19,13,0,0,0,0,0,0,0,1,0,1.0,1.0,0,0.0,1,8,2,12,0.3754,0.0158,GREEN,48,Mumbai
CLM0019647,MUM_00419,Powai,2024-09-14,9,0,0,0,0,0,1,1,0,0,0.0,0.009586,1,0.0,0,52,4,0,0.895,0.2898,GREEN,40,Mumbai
CLM0019648,MUM_00600,Vashi,2025-12-02,14,0,0,0,0,0,0,0,0,1,0.0,0.0,0,0.0,0,420,1,7,0.8558,0.1197,GREEN,32,Mumbai
CLM0019649,MUM_04265,Andheri,2025-06-05,16,0,0,0,0,0,0,0,0,0,0.0,1.0,0,0.0,0,420,2,3,0.98,0.0344,GREEN,51,Mumbai
CLM0019650,MUM_08892,Thane,2024-12-15,10,0,0,0,0,0,0,0,0,0,0.0,0.083881,0,0.0,0,312,1,0,0.616,0.0,GREEN,56,Mumbai
CLM0019651,MUM_06644,Lower Parel,2025-10-23,17,0,0,0,0,0,0,0,0,0,0.0,0.158353,0,0.0,0,420,0,6,0.6076,0.0196,GREEN,36,Mumbai
CLM0019652,MUM_07264,Borivali,2025-04-18,18,0,0,0,0,0,0,0,0,0,0.0,0.115866,0,0.0,1,52,3,6,0.5301,0.056,GREEN,37,Mumbai
CLM0019653,MUM_08950,Andheri,2025-04-01,15,0,0,0,0,0,0,0,0,0,0.0,0.283804,0,0.0,0,360,0,1,0.8954,0.0,GREEN,41,Mumbai
CLM0019654,MUM_08166,Lower Parel,2025-08-27,18,0,0,0,1,0,1,1,1,1,0.0,0.088568,0,0.0,0,5,4,18,0.9004,0.0,GREEN,47,Mumbai
CLM0019655,MUM_07714,Ghatkopar,2022-05-10,7,0,1,1,0,0,0,0,0,0,0.0,0.010796,0,0.0,0,165,3,5,0.98,0.0,GREEN,51,Mumbai
CLM0019656,MUM_04060,Powai,2021-09-18,17,0,0,0,0,0,0,1,0,0,0.0,0.245121,0,0.0,0,175,0,0,0.9755,0.0861,GREEN,41,Mumbai
CLM0019657,MUM_02607,Thane,2025-08-11,20,0,0,0,0,0,0,0,0,0,1.0,0.277125,0,0.0,0,129,4,2,0.7014,0.0361,GREEN,47,Mumbai
CLM0019658,MUM_05351,Vashi,2025-05-31,18,0,0,0,0,0,0,0,0,0,0.0,0.0,0,0.0,0,63,4,0,0.6635,0.0026,GREEN,32,Mumbai
CLM0019659,MUM_01576,Thane,2016-12-07,10,0,0,0,0,0,0,0,0,0,0.0,0.373214,0,0.0,0,294,1,3,0.6656,0.0012,GREEN,38,Mumbai
CLM0019660,MUM_03851,Borivali,2023-04-27,14,0,0,0,0,0,0,0,1,0,0.0,0.170327,0,0.0,0,139,4,3,0.5466,0.0998,GREEN,38,Mumbai
CLM0019661,MUM_04375,Thane,2020-04-25,9,0,0,0,0,0,0,0,0,0,0.0,1.0,0,0.0,0,40,4,0,0.5924,0.042,GREEN,43,Mumbai
CLM0019662,MUM_02182,Lower Parel,2018-09-06,12,0,0,0,0,0,0,0,0,0,0.0,0.15461,0,0.0,0,420,1,2,0.8356,0.0,GREEN,31,Mumbai
CLM0019663,MUM_09065,Andheri,2020-05-20,15,0,0,0,0,1,0,0,0,0,0.0,1.0,0,0.0,0,283,0,8,0.5635,0.1543,GREEN,55,Mumbai
CLM0019664,MUM_07167,Lower Parel,2017-10-15,8,0,0,0,0,0,0,0,0,0,0.0,0.116782,0,0.0,0,288,0,6,0.9593,0.1,GREEN,20,Mumbai
CLM0019665,MUM_05243,Bandra,2025-05-03,11,0,0,0,0,0,1,0,0,1,0.0,0.314458,0,0.0,0,77,3,0,0.05,0.2293,GREEN,38,Mumbai
CLM0019666,MUM_09994,Lower Parel,2022-01-06,16,0,0,0,0,0,0,0,0,0,0.0,0.016019,0,0.0,0,314,2,0,0.5971,0.0436,GREEN,36,Mumbai
CLM0019667,MUM_04140,Dadar,2019-04-04,14,0,0,0,0,0,0,0,0,0,0.0,0.439075,1,0.0,0,189,4,3,0.845,0.0298,GREEN,57,Mumbai
CLM0019668,MUM_04709,Powai,2016-10-04,18,0,0,0,0,0,0,0,0,0,0.0,0.108106,0,0.0,0,420,0,4,0.8079,0.0072,GREEN,45,Mumbai
CLM0019669,MUM_09492,Bandra,2025-02-25,12,0,0,0,0,0,0,0,1,0,1.0,1.0,0,1.0,0,50,3,4,0.8806,0.2304,GREEN,55,Mumbai
CLM0019670,MUM_04446,Powai,2025-04-13,14,0,0,0,1,0,0,0,0,0,0.0,0.283468,0,0.0,0,36,1,0,0.8427,0.1194,GREEN,67,Mumbai
CLM0019671,MUM_05010,Thane,2025-08-31,19,0,0,0,0,0,0,0,0,0,0.0,0.255073,0,0.0,0,393,0,3,0.7872,0.0708,GREEN,65,Mumbai
CLM0019672,MUM_03176,Andheri,2025-07-25,11,0,0,0,0,1,0,0,0,0,0.0,1.0,0,0.0,0,420,4,4,0.9392,0.0556,GREEN,37,Mumbai
CLM0019673,MUM_01459,Powai,2025-08-26,18,0,0,0,0,0,0,0,0,0,0.0,0.123825,0,0.0,0,158,1,6,0.2857,0.0653,GREEN,24,Mumbai
CLM0019674,MUM_08197,Chembur,2025-06-12,8,0,0,0,0,0,1,0,0,0,1.0,0.335256,0,0.0,0,343,4,3,0.7641,0.1593,GREEN,40,Mumbai
CLM0019675,MUM_07587,Lower Parel,2025-05-06,16,0,0,0,0,0,0,0,0,0,0.0,0.162687,0,0.0,0,97,4,3,0.98,0.0942,GREEN,68,Mumbai
CLM0019676,MUM_02827,Lower Parel,2025-08-27,13,0,0,0,0,0,1,0,0,0,0.0,0.23098,0,0.0,0,5,2,7,0.98,0.1016,GREEN,18,Mumbai
CLM0019677,MUM_02663,Andheri,2025-08-16,10,0,0,0,0,0,0,0,0,0,0.0,0.19915,0,0.0,0,147,4,2,0.7039,0.0236,GREEN,31,Mumbai
CLM0019678,MUM_04199,Thane,2025-11-05,12,0,0,0,0,0,1,0,0,0,0.0,0.088954,0,0.0,0,420,1,4,0.658,0.0381,GREEN,62,Mumbai
CLM0019679,MUM_00920,Dadar,2025-03-01,9,0,0,0,0,0,0,0,0,0,0.0,0.306615,0,1.0,0,373,0,1,0.7791,0.0118,GREEN,46,Mumbai
CLM0019680,MUM_05785,Ghatkopar,2019-12-02,12,0,0,0,0,0,0,0,0,0,0.0,0.0,0,0.0,0,378,1,2,0.6726,0.0632,GREEN,37,Mumbai
CLM0019681,MUM_05500,Chembur,2022-09-07,13,0,0,0,0,0,0,0,0,0,0.0,0.320552,0,0.0,0,331,3,3,0.05,0.0,GREEN,32,Mumbai
CLM0019682,MUM_07811,Andheri,2019-02-24,7,0,0,0,0,0,0,0,0,0,0.0,0.399706,0,0.0,0,420,1,3,0.8183,0.1807,GREEN,44,Mumbai
CLM0019683,MUM_00934,Powai,2024-11-06,11,0,0,0,0,0,0,0,0,0,0.0,0.313509,0,0.0,0,138,1,2,0.9501,0.0226,GREEN,58,Mumbai
CLM0019684,MUM_07303,Vashi,2025-08-21,8,0,0,0,0,0,0,0,0,1,0.0,0.432384,0,0.0,0,287,0,5,0.8885,0.1895,GREEN,36,Mumbai
CLM0019685,MUM_03924,Powai,2025-02-16,12,0,0,0,0,0,0,0,0,0,0.0,1.0,0,0.0,0,103,3,4,0.9268,0.0582,GREEN,52,Mumbai
CLM0019686,MUM_00846,Borivali,2025-03-30,20,0,0,0,0,0,0,0,0,0,1.0,0.09272,1,0.0,0,301,3,1,0.0632,0.1988,GREEN,18,Mumbai
CLM0019687,MUM_04515,Ghatkopar,2024-09-21,21,0,0,0,0,0,0,0,0,0,1.0,0.902353,0,0.0,0,206,3,0,0.6665,0.1143,GREEN,47,Mumbai
CLM0019688,MUM_05348,Ghatkopar,2024-05-27,17,0,0,0,0,0,0,0,0,1,0.0,0.0,0,0.0,0,420,3,0,0.0858,0.1301,GREEN,50,Mumbai
CLM0019689,MUM_06560,Andheri,2021-01-13,7,0,0,0,0,0,0,0,0,1,0.0,0.162638,0,0.0,0,91,2,1,0.1651,0.1628,GREEN,59,Mumbai
CLM0019690,MUM_02183,Borivali,2017-02-18,21,0,0,0,0,0,0,0,0,0,1.0,0.98932,0,1.0,0,176,2,2,0.6908,0.0,GREEN,30,Mumbai
CLM0019691,MUM_08624,Thane,2019-03-21,19,0,0,0,0,0,0,0,0,0,0.0,0.183469,0,0.0,0,71,2,4,0.0655,0.0144,GREEN,34,Mumbai
CLM0019692,MUM_09990,Vashi,2025-01-07,17,0,0,0,0,0,0,1,0,0,0.0,0.376287,0,0.0,0,420,3,0,0.4456,0.0,GREEN,45,Mumbai
CLM0019693,MUM_04263,Dadar,2021-09-27,7,0,0,0,1,0,0,0,0,0,0.0,0.161277,0,0.0,0,164,0,3,0.6693,0.1541,GREEN,40,Mumbai
CLM0019694,MUM_03692,Borivali,2016-12-21,7,0,0,0,0,0,0,0,1,0,0.0,0.921169,0,0.0,0,349,4,0,0.1978,0.2342,GREEN,45,Mumbai
CLM0019695,MUM_09766,Lower Parel,2020-05-29,16,0,0,0,0,0,0,0,0,0,0.0,0.113404,0,0.0,0,35,4,2,0.666,0.0294,GREEN,50,Mumbai
CLM0019696,MUM_04063,Ghatkopar,2022-05-18,11,0,0,0,0,0,0,0,0,0,1.0,0.375841,0,0.0,0,282,0,1,0.5592,0.0196,GREEN,55,Mumbai
CLM0019697,MUM_06280,Chembur,2017-09-20,16,0,0,0,0,0,0,0,0,0,0.0,0.155033,0,0.0,0,406,4,5,0.1104,0.0,GREEN,41,Mumbai
CLM0019698,MUM_03513,Borivali,2018-10-07,14,0,0,0,0,0,1,1,0,1,0.0,0.186901,1,0.0,0,14,4,18,0.8924,0.0,GREEN,21,Mumbai
CLM0019699,MUM_04508,Dadar,2022-01-25,11,0,0,0,0,0,0,0,0,0,0.0,0.053587,0,0.0,1,218,0,4,0.106,0.1867,GREEN,37,Mumbai
CLM0019700,MUM_01996,Bandra,2023-01-02,15,0,0,0,0,0,0,0,0,0,0.0,0.297843,0,0.0,0,71,4,3,0.6696,0.0708,GREEN,41,Mumbai
CLM0019701,MUM_06101,Powai,2022-10-17,8,0,0,0,0,0,0,0,0,0,0.0,0.181131,0,0.0,0,373,4,3,0.8381,0.0,GREEN,29,Mumbai
CLM0019702,MUM_02496,Ghatkopar,2025-02-18,11,0,0,0,0,0,0,0,0,0,0.0,0.255848,0,0.0,1,249,1,0,0.8092,0.0508,GREEN,21,Mumbai
CLM0019703,MUM_03309,Dadar,2025-01-29,14,0,0,0,0,0,0,0,0,0,0.0,0.979519,0,0.0,0,363,3,0,0.6739,0.0366,GREEN,35,Mumbai
CLM0019704,MUM_08334,Dadar,2023-04-28,8,0,0,0,0,0,0,0,0,0,0.0,0.058606,0,0.0,0,37,1,0,0.7632,0.0737,GREEN,54,Mumbai
CLM0019705,MUM_04249,Thane,2023-06-16,11,0,0,0,0,0,0,0,1,0,1.0,0.157141,0,0.0,0,294,1,0,0.759,0.0607,GREEN,51,Mumbai
CLM0019706,MUM_01791,Thane,2023-07-06,7,0,0,0,0,0,0,0,0,0,0.0,0.222115,0,0.0,0,272,0,2,0.608,0.0,GREEN,56,Mumbai
CLM0019707,MUM_06807,Chembur,2025-08-14,9,0,0,0,0,0,0,0,0,0,0.0,0.335942,0,0.0,0,174,2,5,0.9067,0.0144,GREEN,35,Mumbai
CLM0019708,MUM_08712,Vashi,2025-04-22,8,0,0,0,0,0,0,0,0,0,0.0,1.0,0,0.0,0,76,2,1,0.6711,0.0037,GREEN,29,Mumbai
CLM0019709,MUM_02609,Chembur,2024-06-11,16,0,1,1,0,0,0,0,0,0,0.0,1.0,0,0.0,0,420,2,2,0.98,0.0005,GREEN,36,Mumbai
CLM0019710,MUM_01154,Thane,2025-05-06,10,0,0,0,0,0,1,0,0,0,1.0,0.969933,0,0.0,0,420,0,2,0.98,0.0839,GREEN,33,Mumbai
CLM0019711,MUM_04426,Lower Parel,2025-04-25,12,0,0,0,0,0,0,0,1,1,0.0,0.246142,0,0.0,0,416,0,2,0.7555,0.2162,GREEN,35,Mumbai
CLM0019712,MUM_06821,Dadar,2024-11-05,9,0,0,0,0,0,0,0,0,0,0.0,0.042869,0,0.0,0,420,2,2,0.5856,0.0,GREEN,39,Mumbai
CLM0019713,MUM_00923,Thane,2024-01-30,15,0,0,0,0,0,0,0,0,0,0.0,0.185863,0,0.0,0,178,0,7,0.9376,0.0,GREEN,39,Mumbai
CLM0019714,MUM_04771,Dadar,2017-02-13,15,0,0,0,0,0,0,0,0,0,0.0,0.103166,0,0.0,0,420,3,2,0.3065,0.0,GREEN,42,Mumbai
CLM0019715,MUM_09701,Bandra,2022-12-24,15,0,0,0,0,0,1,0,0,0,0.0,0.337726,1,0.0,0,154,3,3,0.6909,0.191,GREEN,44,Mumbai
CLM0019716,MUM_05291,Andheri,2023-04-24,8,0,0,0,0,0,1,0,0,0,0.0,0.268653,0,0.0,0,420,1,5,0.732,0.1017,GREEN,42,Mumbai
CLM0019717,MUM_02439,Chembur,2018-08-31,14,0,0,0,0,0,0,0,0,0,0.0,0.178038,0,0.0,0,234,3,4,0.8168,0.0,GREEN,28,Mumbai
CLM0019718,MUM_09536,Dadar,2022-09-15,15,0,0,0,0,0,0,0,0,0,0.0,0.023047,0,0.0,0,147,4,1,0.4857,0.0307,GREEN,45,Mumbai
CLM0019719,MUM_03998,Chembur,2022-01-01,12,0,0,0,0,0,0,0,0,0,0.0,0.017826,0,0.0,1,78,2,0,0.7945,0.0116,GREEN,48,Mumbai
CLM0019720,MUM_01040,Dadar,2024-05-11,16,0,0,0,0,0,0,1,0,0,0.0,0.045571,0,0.0,0,420,0,6,0.6782,0.1623,GREEN,51,Mumbai
CLM0019721,MUM_04121,Borivali,2025-11-20,20,0,0,0,0,0,0,0,0,0,0.0,0.305364,0,0.0,0,340,2,1,0.3351,0.0,GREEN,29,Mumbai
CLM0019722,MUM_00701,Lower Parel,2018-12-19,21,0,0,0,0,0,0,0,1,0,0.0,0.176417,0,0.0,0,334,1,5,0.6888,0.0405,GREEN,48,Mumbai
CLM0019723,MUM_07250,Ghatkopar,2022-11-09,20,0,0,0,0,0,1,0,0,0,0.0,0.0,0,0.0,0,316,1,6,0.8419,0.2588,GREEN,56,Mumbai
CLM0019724,MUM_02048,Andheri,2018-03-01,18,0,0,0,0,0,0,0,0,0,0.0,0.096283,0,0.0,0,335,2,5,0.6369,0.0,GREEN,39,Mumbai
CLM0019725,MUM_07899,Vashi,2021-08-03,16,0,0,0,0,0,0,0,0,0,0.0,0.0,0,0.0,0,176,2,1,0.9041,0.0198,GREEN,41,Mumbai
CLM0019726,MUM_04210,Chembur,2019-01-19,16,0,0,0,0,0,0,0,0,0,0.0,0.370672,0,0.0,0,117,1,3,0.98,0.0512,GREEN,43,Mumbai
CLM0019727,MUM_03961,Dadar,2025-09-29,20,0,0,0,0,0,1,1,0,0,0.0,0.219129,0,0.0,0,49,2,2,0.2121,0.1463,GREEN,56,Mumbai
CLM0019728,MUM_09403,Vashi,2020-08-23,20,0,0,0,0,0,0,0,0,0,0.0,0.41439,0,0.0,0,239,0,0,0.7107,0.0024,GREEN,41,Mumbai
CLM0019729,MUM_03047,Bandra,2021-01-14,19,0,1,1,0,0,1,0,0,0,0.0,0.285879,0,0.0,0,420,2,2,0.1227,0.1182,GREEN,28,Mumbai
CLM0019730,MUM_07895,Borivali,2025-08-24,8,0,0,0,0,0,0,0,0,0,0.0,0.143633,0,0.0,0,123,3,3,0.98,0.0,GREEN,57,Mumbai
CLM0019731,MUM_07017,Andheri,2019-06-10,19,0,0,0,0,0,0,0,0,0,0.0,0.231178,0,0.0,0,246,4,0,0.3936,0.0,GREEN,26,Mumbai
CLM0019732,MUM_04905,Vashi,2025-06-30,11,0,0,0,0,0,0,0,0,0,1.0,0.994733,0,1.0,0,370,1,2,0.5418,0.0,GREEN,51,Mumbai
CLM0019733,MUM_05268,Vashi,2025-08-31,21,0,0,0,0,0,0,0,1,0,1.0,0.207099,0,0.0,0,173,4,0,0.4735,0.2314,GREEN,28,Mumbai
CLM0019734,MUM_03504,Vashi,2022-12-15,16,0,0,0,0,0,0,1,0,0,0.0,0.0,0,0.0,0,420,1,5,0.4458,0.1261,GREEN,44,Mumbai
CLM0019735,MUM_00884,Ghatkopar,2023-07-09,7,0,0,0,0,0,0,0,1,0,0.0,0.336758,0,0.0,0,40,3,2,0.9287,0.1376,GREEN,41,Mumbai
CLM0019736,MUM_08179,Ghatkopar,2022-09-01,16,0,0,0,0,0,0,0,0,0,0.0,0.22018,0,0.0,0,74,2,3,0.98,0.0,GREEN,32,Mumbai
CLM0019737,MUM_08979,Borivali,2022-03-20,16,0,0,0,0,0,0,0,0,0,0.0,0.251333,0,0.0,0,249,1,3,0.7916,0.0974,GREEN,26,Mumbai
CLM0019738,MUM_09622,Bandra,2022-10-28,7,0,0,0,0,0,0,0,0,0,1.0,0.234113,0,0.0,0,331,1,3,0.0527,0.0,GREEN,43,Mumbai
CLM0019739,MUM_08640,Bandra,2022-08-24,15,0,0,0,0,0,1,0,0,0,0.0,0.3519,0,0.0,0,296,2,7,0.8539,0.0441,GREEN,39,Mumbai
CLM0019740,MUM_01080,Borivali,2023-07-19,13,0,0,0,0,1,0,1,0,0,0.0,0.156386,0,0.0,0,146,0,2,0.6544,0.1696,GREEN,40,Mumbai
CLM0019741,MUM_01211,Borivali,2024-03-10,16,0,0,0,0,0,0,0,0,0,0.0,0.961363,0,0.0,0,420,0,4,0.7403,0.0,GREEN,47,Mumbai
CLM0019742,MUM_06452,Ghatkopar,2024-05-21,20,0,0,0,0,0,0,0,0,0,0.0,0.09664,0,0.0,0,80,2,3,0.5592,0.0,GREEN,34,Mumbai
CLM0019743,MUM_07181,Dadar,2024-10-07,19,0,0,0,0,0,0,0,0,0,0.0,0.179536,0,0.0,0,361,0,3,0.6685,0.0,GREEN,32,Mumbai
CLM0019744,MUM_06989,Lower Parel,2019-05-08,21,0,1,1,1,0,1,1,0,1,0.0,0.235787,0,0.0,0,414,1,2,0.9664,0.52,YELLOW,33,Mumbai
CLM0019745,MUM_06997,Vashi,2020-09-20,7,0,1,1,1,1,1,1,0,1,0.0,0.077399,1,0.0,1,5,0,18,0.98,0.8897,RED,47,Mumbai
CLM0019746,MUM_02246,Powai,2024-06-18,20,0,1,1,1,0,1,1,0,1,1.0,0.976993,0,0.0,0,11,0,18,0.7935,0.6504,RED,52,Mumbai
CLM0019747,MUM_00630,Andheri,2021-02-09,14,0,1,1,0,0,0,1,1,1,1.0,0.006993,0,0.0,1,13,0,18,0.3051,0.6304,RED,38,Mumbai
CLM0019748,MUM_09437,Andheri,2022-11-13,18,0,1,1,1,1,1,1,0,0,1.0,0.950685,0,0.0,1,32,1,18,0.1191,0.6778,RED,43,Mumbai
CLM0019749,MUM_07277,Andheri,2020-11-01,17,0,1,1,1,0,0,1,1,0,1.0,1.0,0,0.0,1,5,2,18,0.05,0.3842,YELLOW,34,Mumbai
CLM0019750,MUM_00392,Vashi,2019-05-31,7,0,1,1,1,1,1,1,1,0,1.0,0.912684,0,1.0,0,5,0,18,0.598,0.7588,RED,52,Mumbai
CLM0019751,MUM_01011,Dadar,2019-08-21,9,0,1,1,1,0,1,1,1,0,0.0,0.353753,0,0.0,0,5,0,18,0.214,0.4835,YELLOW,46,Mumbai
CLM0019752,MUM_07136,Powai,2024-12-27,10,0,0,0,0,0,1,0,0,0,1.0,0.926983,0,1.0,0,208,3,4,0.6199,0.0494,GREEN,44,Mumbai
CLM0019753,MUM_03166,Andheri,2025-05-10,13,0,0,0,0,0,0,0,1,0,0.0,0.329832,0,0.0,0,62,0,4,0.98,0.1369,GREEN,38,Mumbai
CLM0019754,MUM_02378,Chembur,2024-12-19,19,0,0,0,0,0,0,0,0,0,0.0,0.177307,0,1.0,0,420,3,4,0.6684,0.0025,GREEN,37,Mumbai
CLM0019755,MUM_00309,Powai,2025-07-22,12,0,0,0,0,0,0,0,0,0,0.0,0.363385,0,0.0,0,253,3,3,0.8273,0.0,GREEN,43,Mumbai
CLM0019756,MUM_04914,Dadar,2025-10-23,14,0,0,0,0,0,0,0,0,0,0.0,0.208549,0,0.0,0,410,0,0,0.4922,0.1271,GREEN,50,Mumbai
CLM0019757,MUM_01682,Bandra,2025-01-19,18,0,0,0,0,0,0,0,0,0,0.0,0.371791,0,0.0,0,270,1,0,0.6745,0.1569,GREEN,42,Mumbai
CLM0019758,MUM_09244,Ghatkopar,2023-12-05,15,0,0,0,0,0,0,0,0,0,0.0,0.35452,0,0.0,0,45,1,5,0.2229,0.1039,GREEN,54,Mumbai
CLM0019759,MUM_06105,Chembur,2024-02-09,19,0,0,0,0,0,1,0,0,0,0.0,0.11111,0,0.0,1,359,0,3,0.84,0.1205,GREEN,59,Mumbai
CLM0019760,MUM_05465,Lower Parel,2023-12-14,17,0,0,0,0,0,0,0,1,0,0.0,0.204294,0,0.0,0,155,1,6,0.6628,0.1587,GREEN,28,Mumbai
CLM0019761,MUM_06115,Andheri,2024-04-19,12,0,0,0,0,0,0,0,0,0,0.0,0.152,0,0.0,0,226,0,1,0.7793,0.0472,GREEN,40,Mumbai
CLM0019762,MUM_09861,Ghatkopar,2024-05-09,16,0,0,0,0,0,0,0,0,0,0.0,0.921323,0,0.0,0,127,1,0,0.1785,0.0136,GREEN,46,Mumbai
CLM0019763,MUM_04828,Dadar,2025-04-09,21,0,1,1,0,0,0,0,0,0,0.0,0.055845,1,1.0,0,178,4,6,0.6119,0.0,GREEN,33,Mumbai
CLM0019764,MUM_07425,Thane,2025-01-13,15,0,0,0,0,0,0,0,0,0,0.0,0.275368,0,0.0,0,76,1,1,0.05,0.0,GREEN,34,Mumbai
CLM0019765,MUM_05127,Borivali,2024-12-03,17,0,0,0,0,0,0,0,0,0,0.0,0.337061,0,0.0,0,187,4,3,0.6943,0.0,GREEN,51,Mumbai
CLM0019766,MUM_08587,Bandra,2025-04-12,7,0,0,0,0,0,0,0,0,0,0.0,0.226709,0,0.0,0,420,1,5,0.8362,0.0246,GREEN,23,Mumbai
CLM0019767,MUM_05263,Lower Parel,2023-12-19,12,0,0,0,0,0,0,0,0,0,0.0,0.339251,0,0.0,0,50,0,4,0.7152,0.0,GREEN,48,Mumbai
CLM0019768,MUM_04333,Ghatkopar,2023-12-30,21,0,0,0,0,0,0,1,0,0,0.0,0.077043,0,0.0,0,213,0,0,0.8323,0.0519,GREEN,41,Mumbai
CLM0019769,MUM_00539,Vashi,2024-10-09,8,0,0,0,0,0,0,0,0,1,0.0,0.0,0,0.0,0,189,1,5,0.7465,0.1791,GREEN,60,Mumbai
CLM0019770,MUM_02329,Borivali,2024-01-13,17,0,1,1,0,0,0,0,0,0,0.0,0.064478,0,0.0,0,420,3,2,0.6973,0.1476,GREEN,43,Mumbai
CLM0019771,MUM_09189,Borivali,2019-04-01,7,0,0,0,0,0,0,0,0,1,0.0,0.367225,0,0.0,0,266,2,2,0.6162,0.1869,GREEN,36,Mumbai
CLM0019772,MUM_02228,Thane,2019-10-05,8,0,0,0,0,0,0,0,0,0,0.0,0.147612,0,0.0,0,68,1,6,0.6226,0.0342,GREEN,18,Mumbai
CLM0019773,MUM_04560,Dadar,2025-07-22,14,0,0,0,0,0,0,0,0,0,0.0,0.108518,0,0.0,0,251,1,6,0.4886,0.0,GREEN,23,Mumbai
CLM0019774,MUM_09973,Vashi,2024-06-19,20,0,0,0,0,0,0,0,0,0,0.0,0.0,0,0.0,0,420,2,5,0.98,0.0083,GREEN,27,Mumbai
CLM0019775,MUM_07100,Andheri,2025-03-14,7,0,0,0,0,0,0,0,0,0,0.0,0.295817,0,0.0,0,64,2,3,0.1854,0.0318,GREEN,53,Mumbai
CLM0019776,MUM_04143,Thane,2019-08-04,15,0,0,0,0,0,0,0,0,0,0.0,0.27653,0,0.0,0,420,3,1,0.5383,0.0222,GREEN,29,Mumbai
CLM0019777,MUM_05431,Thane,2023-03-20,14,0,0,0,0,1,1,1,1,1,0.0,0.151545,0,0.0,1,5,4,8,0.8626,0.0,GREEN,57,Mumbai
CLM0019778,MUM_06330,Chembur,2025-08-04,16,0,0,0,0,0,0,0,0,0,0.0,0.319241,0,0.0,0,420,1,2,0.146,0.0,GREEN,46,Mumbai
CLM0019779,MUM_08783,Vashi,2019-02-16,13,0,0,0,0,0,0,0,0,0,0.0,0.215925,0,0.0,0,420,2,0,0.0749,0.0,GREEN,45,Mumbai
CLM0019780,MUM_05089,Ghatkopar,2025-12-07,11,0,0,0,0,0,1,0,0,0,0.0,0.232136,0,0.0,0,195,2,0,0.7192,0.1654,GREEN,48,Mumbai
CLM0019781,MUM_06964,Ghatkopar,2023-11-10,18,0,0,0,0,0,0,0,1,0,0.0,0.026251,0,0.0,0,193,2,7,0.98,0.134,GREEN,44,Mumbai
CLM0019782,MUM_04145,Andheri,2022-05-04,18,0,0,0,0,0,0,0,0,0,0.0,0.333294,0,0.0,0,117,0,5,0.7816,0.0173,GREEN,62,Mumbai
CLM0019783,MUM_09871,Vashi,2025-09-09,19,0,0,0,0,0,0,1,0,0,0.0,0.15661,0,1.0,0,375,0,3,0.05,0.0744,GREEN,54,Mumbai
CLM0019784,MUM_05652,Borivali,2023-05-03,7,0,0,0,0,0,0,0,0,0,0.0,0.143355,0,0.0,0,332,1,1,0.6675,0.0,GREEN,48,Mumbai
CLM0019785,MUM_02173,Borivali,2022-08-13,17,0,0,0,0,0,0,0,0,1,0.0,0.387606,0,0.0,0,350,2,0,0.645,0.1567,GREEN,18,Mumbai
CLM0019786,MUM_05588,Bandra,2025-01-31,16,0,0,0,0,0,0,0,1,0,0.0,0.334626,0,0.0,0,281,3,2,0.5057,0.0895,GREEN,51,Mumbai
CLM0019787,MUM_01892,Lower Parel,2023-04-30,15,0,0,0,0,0,0,0,0,0,1.0,0.312173,0,0.0,0,24,0,0,0.7037,0.152,GREEN,23,Mumbai
CLM0019788,MUM_03873,Vashi,2022-08-13,10,0,0,0,1,1,0,0,0,0,0.0,0.426151,0,0.0,0,420,2,5,0.8307,0.3301,YELLOW,35,Mumbai
CLM0019789,MUM_04692,Vashi,2024-03-22,14,0,0,0,0,0,0,0,0,0,0.0,0.035384,0,0.0,0,198,0,4,0.4854,0.0,GREEN,60,Mumbai
CLM0019790,MUM_00890,Vashi,2024-01-17,14,0,0,0,0,0,0,0,0,0,0.0,0.313501,0,0.0,0,266,2,0,0.5318,0.0,GREEN,47,Mumbai
CLM0019791,MUM_04035,Borivali,2024-07-09,19,0,0,0,0,0,0,0,0,1,0.0,0.181849,0,0.0,0,420,3,6,0.9316,0.0812,GREEN,38,Mumbai
CLM0019792,MUM_03733,Dadar,2024-02-07,21,0,0,0,0,0,0,0,0,0,0.0,0.336956,0,0.0,0,90,4,8,0.7825,0.1092,GREEN,48,Mumbai
CLM0019793,MUM_03981,Ghatkopar,2023-08-16,12,0,0,0,0,0,0,0,0,0,0.0,0.134942,0,0.0,0,420,4,6,0.7745,0.0006,GREEN,49,Mumbai
CLM0019794,MUM_08138,Bandra,2024-02-03,15,0,0,0,0,0,0,0,0,0,0.0,0.0,0,0.0,0,100,3,3,0.7862,0.0603,GREEN,40,Mumbai
CLM0019795,MUM_00562,Borivali,2024-07-23,18,0,0,0,0,0,0,0,0,0,0.0,0.104417,0,0.0,0,152,0,2,0.1438,0.0,GREEN,60,Mumbai
CLM0019796,MUM_03922,Chembur,2024-01-03,11,0,0,0,0,0,0,0,0,0,0.0,0.3887,1,0.0,0,55,2,3,0.6072,0.0893,GREEN,63,Mumbai
CLM0019797,MUM_08454,Ghatkopar,2022-03-11,18,0,0,0,0,0,0,1,0,0,0.0,1.0,0,0.0,0,207,4,4,0.892,0.0308,GREEN,45,Mumbai
CLM0019798,MUM_00976,Ghatkopar,2022-07-07,10,0,0,0,0,0,0,0,0,0,0.0,0.177727,0,1.0,0,150,3,2,0.6233,0.0106,GREEN,21,Mumbai
CLM0019799,MUM_02310,Dadar,2024-12-20,10,0,0,0,0,0,0,0,0,0,0.0,0.001226,0,1.0,0,420,2,4,0.8616,0.0226,GREEN,38,Mumbai
CLM0019800,MUM_09170,Andheri,2024-07-30,21,0,0,0,0,0,0,0,0,0,0.0,0.0,0,0.0,0,384,4,1,0.5909,0.0555,GREEN,36,Mumbai
CLM0019801,MUM_04109,Lower Parel,2021-11-08,21,0,0,0,0,0,0,0,0,0,0.0,0.292802,0,0.0,0,78,1,0,0.7629,0.0,GREEN,50,Mumbai
CLM0019802,MUM_09495,Ghatkopar,2022-09-26,19,0,0,0,0,0,0,1,0,0,0.0,0.112563,0,0.0,0,102,4,2,0.2816,0.0922,GREEN,41,Mumbai
CLM0019803,MUM_00492,Chembur,2020-08-16,19,0,0,0,0,0,0,0,1,0,0.0,0.250309,0,1.0,0,314,0,3,0.7473,0.1504,GREEN,25,Mumbai
CLM0019804,MUM_09468,Chembur,2017-01-08,21,0,0,0,0,0,1,0,0,0,0.0,0.390395,0,0.0,0,254,4,0,0.9216,0.0803,GREEN,40,Mumbai
CLM0019805,MUM_09488,Ghatkopar,2022-12-19,11,0,0,0,0,0,1,0,0,0,0.0,0.99303,0,0.0,0,275,1,5,0.4129,0.0834,GREEN,21,Mumbai
CLM0019806,MUM_04059,Borivali,2018-09-04,20,0,1,1,0,0,0,0,0,0,0.0,0.201819,0,0.0,0,355,3,1,0.2922,0.0693,GREEN,34,Mumbai
CLM0019807,MUM_07264,Borivali,2023-09-01,19,0,0,0,0,0,0,0,0,0,0.0,0.984382,0,0.0,0,420,2,0,0.8589,0.0,GREEN,37,Mumbai
CLM0019808,MUM_09777,Powai,2024-08-03,20,0,0,0,0,0,0,0,0,0,0.0,0.360718,0,0.0,0,296,0,1,0.8937,0.0,GREEN,45,Mumbai
CLM0019809,MUM_02737,Andheri,2021-11-01,14,0,0,0,0,0,1,0,0,0,0.0,0.229866,0,0.0,0,171,2,0,0.5873,0.0873,GREEN,34,Mumbai
CLM0019810,MUM_07158,Borivali,2022-07-18,9,0,0,0,0,0,0,0,0,0,0.0,0.385456,0,0.0,0,29,0,2,0.4586,0.0,GREEN,46,Mumbai
CLM0019811,MUM_03949,Dadar,2021-12-02,16,0,0,0,0,0,0,1,0,0,0.0,0.078206,0,0.0,0,156,2,4,0.6095,0.1153,GREEN,38,Mumbai
CLM0019812,MUM_04101,Lower Parel,2025-07-01,15,0,0,0,0,0,1,0,0,0,1.0,0.212643,0,0.0,0,420,0,5,0.5948,0.1349,GREEN,53,Mumbai
CLM0019813,MUM_07294,Bandra,2020-03-09,13,0,0,0,0,0,0,0,0,0,0.0,1.0,0,0.0,0,97,0,1,0.6339,0.0,GREEN,44,Mumbai
CLM0019814,MUM_06359,Chembur,2022-09-02,7,0,0,0,0,0,0,0,0,0,0.0,0.934424,1,1.0,0,345,4,0,0.8651,0.1733,GREEN,54,Mumbai
CLM0019815,MUM_02557,Powai,2023-08-08,20,0,0,0,0,0,1,1,0,0,0.0,1.0,0,0.0,0,395,3,0,0.7018,0.2214,GREEN,45,Mumbai
CLM0019816,MUM_03788,Thane,2024-07-31,20,0,1,1,0,0,0,0,1,0,0.0,0.227326,0,1.0,0,396,1,4,0.2324,0.0,GREEN,54,Mumbai
CLM0019817,MUM_01829,Andheri,2022-11-02,20,0,0,0,0,0,0,0,0,0,0.0,0.016229,0,0.0,0,368,4,0,0.788,0.0,GREEN,33,Mumbai
CLM0019818,MUM_02222,Ghatkopar,2023-10-14,9,0,0,0,0,0,0,0,0,0,0.0,0.379913,0,0.0,0,322,0,3,0.05,0.0543,GREEN,51,Mumbai
CLM0019819,MUM_01893,Thane,2021-11-04,21,0,0,0,0,0,0,0,0,0,0.0,0.117393,0,0.0,0,259,3,2,0.651,0.0224,GREEN,55,Mumbai
CLM0019820,MUM_08991,Ghatkopar,2025-09-07,11,0,0,0,0,0,0,0,0,0,0.0,0.122519,0,0.0,0,347,4,1,0.98,0.0416,GREEN,60,Mumbai
CLM0019821,MUM_06255,Borivali,2021-05-23,13,0,0,0,0,0,0,0,0,0,0.0,0.985618,0,0.0,0,374,1,1,0.98,0.0871,GREEN,40,Mumbai
CLM0019822,MUM_08464,Vashi,2020-08-16,8,0,0,0,0,0,0,0,0,0,0.0,0.196886,0,1.0,0,58,1,2,0.5736,0.053,GREEN,49,Mumbai
CLM0019823,MUM_02376,Thane,2023-10-14,7,0,0,0,0,0,0,0,0,1,0.0,0.101061,0,0.0,1,151,3,1,0.8176,0.1787,GREEN,30,Mumbai
CLM0019824,MUM_04079,Andheri,2023-01-10,7,0,0,0,1,0,0,1,1,0,0.0,0.937942,0,0.0,1,47,2,18,0.427,0.0321,GREEN,38,Mumbai
CLM0019825,MUM_07688,Vashi,2024-02-02,17,0,1,1,0,0,0,0,0,0,0.0,0.209115,0,0.0,0,131,1,0,0.98,0.0,GREEN,43,Mumbai
CLM0019826,MUM_06976,Borivali,2023-10-22,19,0,0,0,0,0,1,1,1,1,0.0,0.434204,0,1.0,0,5,0,18,0.191,0.0036,GREEN,23,Mumbai
CLM0019827,MUM_03181,Thane,2021-02-02,17,0,0,0,0,0,1,0,0,0,0.0,0.232705,0,0.0,0,361,0,1,0.8877,0.0919,GREEN,36,Mumbai
CLM0019828,MUM_03543,Borivali,2024-03-28,20,0,0,0,0,0,0,0,0,0,0.0,0.313978,0,0.0,1,366,0,1,0.8425,0.0602,GREEN,44,Mumbai
CLM0019829,MUM_00617,Bandra,2025-01-04,19,0,0,0,0,0,0,0,0,0,0.0,0.151462,0,0.0,0,420,4,1,0.2464,0.0306,GREEN,21,Mumbai
CLM0019830,MUM_03386,Vashi,2019-01-29,19,0,0,0,0,0,0,0,0,1,0.0,0.016714,0,0.0,0,420,4,1,0.8093,0.1378,GREEN,48,Mumbai
CLM0019831,MUM_03712,Powai,2022-04-04,19,0,0,0,0,0,0,0,1,0,0.0,1.0,0,0.0,0,155,3,0,0.8099,0.145,GREEN,34,Mumbai
CLM0019832,MUM_01571,Powai,2024-01-23,7,0,0,0,0,0,0,0,0,0,0.0,0.404108,0,0.0,0,90,4,0,0.8511,0.0088,GREEN,53,Mumbai
CLM0019833,MUM_00140,Dadar,2018-01-25,15,0,0,0,0,0,1,0,1,0,0.0,0.051115,0,0.0,0,391,2,2,0.5344,0.3175,YELLOW,35,Mumbai
CLM0019834,MUM_07924,Vashi,2020-06-04,11,0,0,0,0,0,0,0,0,0,0.0,0.075214,0,0.0,1,73,2,4,0.5239,0.1855,GREEN,45,Mumbai
CLM0019835,MUM_07863,Powai,2019-04-05,20,0,1,1,0,0,0,0,0,0,0.0,0.356272,0,0.0,0,420,1,4,0.7711,0.0206,GREEN,35,Mumbai
CLM0019836,MUM_05585,Bandra,2020-08-27,17,0,0,0,0,0,0,0,0,0,0.0,0.389716,0,0.0,0,199,3,0,0.7015,0.0319,GREEN,28,Mumbai
CLM0019837,MUM_00520,Ghatkopar,2023-06-10,13,0,0,0,0,0,0,0,1,0,1.0,0.200977,0,0.0,0,239,1,0,0.7782,0.1536,GREEN,41,Mumbai
CLM0019838,MUM_01914,Borivali,2024-04-24,11,0,0,0,1,0,0,0,0,0,0.0,0.237979,0,0.0,0,181,0,2,0.7404,0.2539,GREEN,50,Mumbai
CLM0019839,MUM_00627,Chembur,2019-03-10,7,0,0,0,0,0,0,0,0,0,0.0,0.350817,0,0.0,0,104,1,4,0.6072,0.0,GREEN,47,Mumbai
CLM0019840,MUM_08688,Powai,2023-11-17,14,0,1,1,0,0,0,0,0,0,0.0,0.25298,0,0.0,0,233,4,0,0.98,0.0737,GREEN,40,Mumbai
CLM0019841,MUM_01909,Powai,2019-10-29,7,0,0,0,0,0,0,0,0,0,0.0,0.061513,0,0.0,0,379,4,5,0.8993,0.0357,GREEN,44,Mumbai
CLM0019842,MUM_03711,Dadar,2021-08-21,19,0,0,0,0,1,0,0,0,0,0.0,0.136422,0,0.0,0,38,0,2,0.98,0.1203,GREEN,45,Mumbai
CLM0019843,MUM_02288,Vashi,2020-02-10,14,0,0,0,0,0,0,0,0,0,0.0,0.329127,0,0.0,0,420,2,2,0.8351,0.0346,GREEN,22,Mumbai
CLM0019844,MUM_06816,Borivali,2020-03-14,15,0,0,0,0,0,0,0,0,0,0.0,0.405716,0,0.0,0,20,2,2,0.98,0.0568,GREEN,42,Mumbai
CLM0019845,MUM_04667,Ghatkopar,2017-08-28,21,0,0,0,0,1,0,0,0,0,0.0,0.0,0,0.0,0,403,1,0,0.8293,0.0881,GREEN,63,Mumbai
CLM0019846,MUM_06758,Borivali,2025-08-20,16,0,0,0,0,0,0,0,0,0,0.0,0.379846,0,0.0,0,269,2,2,0.7533,0.0706,GREEN,54,Mumbai
CLM0019847,MUM_05289,Borivali,2021-05-11,10,0,0,0,0,0,0,0,1,0,0.0,0.274905,0,0.0,0,125,3,0,0.8557,0.0595,GREEN,40,Mumbai
CLM0019848,MUM_01374,Powai,2021-02-07,8,0,0,0,0,0,0,0,0,0,0.0,0.278012,0,0.0,0,22,0,3,0.5805,0.0606,GREEN,62,Mumbai
CLM0019849,MUM_06814,Andheri,2023-11-18,13,0,1,1,0,0,0,0,0,0,0.0,0.282437,0,0.0,0,105,1,1,0.98,0.0,GREEN,47,Mumbai
CLM0019850,MUM_00967,Vashi,2019-10-19,17,0,0,0,0,0,0,0,0,0,0.0,0.429752,0,0.0,0,420,3,0,0.7667,0.0,GREEN,49,Mumbai
CLM0019851,MUM_05274,Chembur,2024-06-06,11,0,0,0,0,0,0,0,0,0,0.0,0.456979,0,0.0,0,171,0,0,0.8027,0.0,GREEN,40,Mumbai
CLM0019852,MUM_03368,Vashi,2017-08-30,21,0,1,1,0,0,0,0,1,0,0.0,0.40262,0,0.0,0,420,3,0,0.1574,0.151,GREEN,42,Mumbai
CLM0019853,MUM_02333,Thane,2022-09-15,17,0,0,0,1,0,0,0,0,0,0.0,0.082106,0,0.0,0,420,3,0,0.8362,0.1268,GREEN,34,Mumbai
CLM0019854,MUM_09921,Chembur,2019-08-05,21,0,0,0,0,0,0,0,0,0,0.0,1.0,0,0.0,0,249,2,5,0.7671,0.0038,GREEN,61,Mumbai
CLM0019855,MUM_04095,Chembur,2021-08-04,16,0,0,0,0,0,0,0,0,0,0.0,0.19121,0,0.0,0,126,0,0,0.05,0.0095,GREEN,18,Mumbai
CLM0019856,MUM_09668,Chembur,2022-10-11,7,0,0,0,0,0,0,0,0,0,0.0,0.33161,0,0.0,0,131,4,2,0.0527,0.0145,GREEN,25,Mumbai
CLM0019857,MUM_06649,Lower Parel,2025-04-26,17,0,0,0,0,0,0,0,0,0,0.0,0.149809,0,0.0,0,159,0,2,0.98,0.0,GREEN,59,Mumbai
CLM0019858,MUM_00348,Vashi,2025-09-15,12,0,0,0,0,0,0,0,1,0,0.0,0.362594,0,0.0,0,420,4,0,0.1174,0.0663,GREEN,38,Mumbai
CLM0019859,MUM_01746,Dadar,2022-07-12,13,0,0,0,0,0,0,0,1,0,0.0,0.192725,0,0.0,0,163,0,0,0.5526,0.091,GREEN,57,Mumbai
CLM0019860,MUM_05321,Dadar,2024-12-16,9,0,0,0,0,0,0,0,0,0,0.0,0.297724,0,0.0,0,123,3,2,0.7293,0.0,GREEN,34,Mumbai
CLM0019861,MUM_08853,Bandra,2022-01-12,12,0,0,0,0,1,0,0,0,0,0.0,0.060423,1,0.0,0,262,2,1,0.6775,0.2783,GREEN,45,Mumbai
CLM0019862,MUM_01854,Lower Parel,2024-02-15,18,0,0,0,1,0,0,0,0,1,0.0,0.137102,0,0.0,0,55,4,4,0.9381,0.4881,YELLOW,34,Mumbai
CLM0019863,MUM_02545,Lower Parel,2018-07-29,9,0,1,1,0,1,1,0,1,0,0.0,0.912527,1,0.0,0,5,1,18,0.1378,0.5964,YELLOW,50,Mumbai
CLM0019864,MUM_01650,Chembur,2023-03-11,10,0,1,1,1,0,0,0,0,0,0.0,0.252104,1,0.0,0,284,1,4,0.6317,0.3164,YELLOW,43,Mumbai
CLM0019865,MUM_01881,Lower Parel,2016-09-11,11,0,1,1,1,0,1,1,1,1,0.0,1.0,1,1.0,1,6,2,18,0.2539,0.8142,RED,36,Mumbai
CLM0019866,MUM_05398,Andheri,2018-05-22,11,0,1,1,1,1,1,1,0,0,1.0,0.272793,0,1.0,1,10,0,18,0.05,0.6098,YELLOW,26,Mumbai
CLM0019867,MUM_07278,Powai,2020-03-16,19,0,1,1,0,0,0,0,0,0,0.0,0.294179,0,0.0,0,339,0,1,0.9306,0.8111,RED,25,Mumbai
CLM0019868,MUM_00726,Borivali,2017-09-21,17,0,1,1,1,0,0,1,0,0,1.0,0.892197,1,0.0,0,5,2,18,0.1245,0.263,GREEN,35,Mumbai
CLM0019869,MUM_07498,Bandra,2025-08-07,7,0,1,1,1,0,1,1,1,1,0.0,1.0,0,1.0,0,16,0,18,0.2745,0.6869,RED,51,Mumbai
CLM0019870,MUM_07420,Borivali,2017-07-30,16,0,1,1,1,1,1,0,0,1,0.0,0.936483,0,1.0,0,30,0,18,0.9394,0.8252,RED,44,Mumbai
CLM0019871,MUM_04878,Borivali,2025-10-08,10,0,1,1,0,0,0,0,0,0,0.0,0.137754,0,0.0,0,281,0,5,0.739,0.7346,RED,29,Mumbai
CLM0019872,MUM_03313,Borivali,2025-05-12,20,0,1,1,0,1,0,1,1,1,1.0,0.278514,0,0.0,0,5,1,18,0.3231,0.4348,YELLOW,56,Mumbai
CLM0019873,MUM_08088,Bandra,2022-04-02,20,0,0,0,0,0,0,0,0,0,0.0,0.0,0,0.0,0,346,3,3,0.8264,0.0688,GREEN,32,Mumbai
CLM0019874,MUM_08963,Bandra,2022-06-25,12,0,0,0,0,0,0,0,0,0,0.0,0.275949,0,0.0,0,220,2,4,0.1509,0.0,GREEN,47,Mumbai
CLM0019875,MUM_01733,Chembur,2025-07-26,19,0,0,0,0,0,0,0,1,0,0.0,0.300351,0,0.0,0,145,1,3,0.7202,0.1006,GREEN,40,Mumbai
CLM0019876,MUM_09043,Powai,2025-03-02,7,0,0,0,0,0,0,0,0,0,1.0,0.175298,0,0.0,0,420,2,5,0.7104,0.1082,GREEN,29,Mumbai
CLM0019877,MUM_02280,Borivali,2022-09-12,19,0,0,0,0,0,0,0,0,0,0.0,0.0,0,0.0,0,33,4,2,0.4506,0.0567,GREEN,50,Mumbai
CLM0019878,MUM_04926,Ghatkopar,2024-06-14,13,0,0,0,0,0,0,0,0,0,0.0,0.261182,0,0.0,0,396,1,5,0.68,0.0,GREEN,46,Mumbai
CLM0019879,MUM_04085,Andheri,2024-07-14,14,0,0,0,0,0,0,0,0,0,0.0,0.180606,0,0.0,0,409,4,1,0.8024,0.1291,GREEN,42,Mumbai
CLM0019880,MUM_02226,Dadar,2025-03-14,15,0,0,0,0,0,0,0,0,0,0.0,0.439831,0,0.0,0,28,2,2,0.8751,0.0,GREEN,25,Mumbai
CLM0019881,MUM_03903,Dadar,2023-09-20,20,0,0,0,0,0,0,0,0,0,0.0,0.339004,0,0.0,1,139,2,4,0.4494,0.0633,GREEN,43,Mumbai
CLM0019882,MUM_01442,Andheri,2021-10-03,14,0,0,0,0,0,0,0,0,0,0.0,0.29178,0,0.0,0,420,4,1,0.5614,0.0,GREEN,46,Mumbai
CLM0019883,MUM_05316,Dadar,2024-05-04,15,0,0,0,0,0,0,0,0,0,0.0,0.325368,0,0.0,0,29,2,2,0.2092,0.0188,GREEN,39,Mumbai
CLM0019884,MUM_06904,Ghatkopar,2023-01-16,16,0,0,0,0,0,0,0,0,0,0.0,0.001173,0,0.0,0,363,2,0,0.7634,0.0055,GREEN,31,Mumbai
CLM0019885,MUM_05837,Chembur,2024-04-07,18,0,0,0,0,0,0,1,0,0,0.0,0.128234,0,0.0,0,291,2,0,0.7448,0.0364,GREEN,46,Mumbai
CLM0019886,MUM_08879,Lower Parel,2021-04-23,14,0,0,0,0,0,0,0,0,0,0.0,0.127857,0,0.0,0,134,4,4,0.6686,0.0221,GREEN,40,Mumbai
CLM0019887,MUM_03857,Bandra,2023-05-13,10,0,0,0,0,1,0,0,0,0,0.0,0.22311,1,0.0,0,250,1,4,0.4674,0.1931,GREEN,40,Mumbai
CLM0019888,MUM_01176,Chembur,2024-03-12,15,0,0,0,0,0,1,0,0,0,0.0,0.012288,0,0.0,0,221,4,0,0.3084,0.1235,GREEN,38,Mumbai
CLM0019889,MUM_00643,Thane,2025-07-24,9,0,0,0,1,0,0,0,0,0,0.0,0.247876,0,0.0,0,420,4,1,0.8077,0.2394,GREEN,48,Mumbai
CLM0019890,MUM_03692,Borivali,2022-01-14,15,0,0,0,0,0,1,0,0,0,0.0,0.129396,0,0.0,1,420,1,4,0.8181,0.2344,GREEN,45,Mumbai
CLM0019891,MUM_02976,Borivali,2025-05-16,16,0,0,0,0,0,0,0,0,1,0.0,0.001105,0,0.0,0,420,3,5,0.6766,0.0898,GREEN,35,Mumbai
CLM0019892,MUM_06001,Borivali,2021-11-10,7,0,0,0,0,1,1,0,0,0,0.0,0.269595,0,0.0,0,420,0,0,0.7726,0.2026,GREEN,35,Mumbai
CLM0019893,MUM_00170,Thane,2020-09-22,18,0,0,0,0,0,0,0,0,0,0.0,0.170014,0,0.0,1,402,4,0,0.9508,0.085,GREEN,62,Mumbai
CLM0019894,MUM_02023,Vashi,2021-01-30,18,0,1,1,0,0,0,0,0,0,0.0,0.454541,0,0.0,0,420,2,0,0.9268,0.0379,GREEN,41,Mumbai
CLM0019895,MUM_02785,Lower Parel,2018-11-21,21,0,0,0,0,0,1,0,1,0,0.0,0.068538,0,0.0,0,26,4,3,0.5547,0.2823,GREEN,45,Mumbai
CLM0019896,MUM_06032,Bandra,2022-06-29,10,0,0,0,1,1,1,1,1,1,1.0,0.9432,0,0.0,1,5,4,18,0.671,0.1163,GREEN,36,Mumbai
CLM0019897,MUM_01375,Ghatkopar,2024-09-14,12,0,0,0,0,0,0,0,0,0,0.0,0.019715,0,0.0,0,141,1,2,0.8483,0.0549,GREEN,32,Mumbai
CLM0019898,MUM_08235,Thane,2022-06-10,21,0,0,0,0,0,0,0,0,0,0.0,0.111764,0,0.0,0,163,0,0,0.7615,0.012,GREEN,32,Mumbai
CLM0019899,MUM_00680,Ghatkopar,2024-02-04,19,0,0,0,0,1,0,0,0,1,0.0,0.380367,0,0.0,0,219,4,2,0.5433,0.0,GREEN,36,Mumbai
CLM0019900,MUM_08265,Borivali,2024-11-09,19,0,0,0,0,0,0,0,0,0,0.0,0.172456,0,0.0,0,51,4,0,0.8472,0.0103,GREEN,36,Mumbai
CLM0019901,MUM_07128,Powai,2023-02-25,19,0,0,0,0,0,0,0,0,0,0.0,0.037375,0,0.0,0,184,0,4,0.8782,0.1212,GREEN,37,Mumbai
CLM0019902,MUM_00522,Lower Parel,2022-07-11,21,0,0,0,0,0,0,1,0,0,0.0,0.37833,0,1.0,0,320,3,6,0.8709,0.0817,GREEN,48,Mumbai
CLM0019903,MUM_00233,Ghatkopar,2023-04-14,8,0,0,0,0,0,0,0,0,0,0.0,0.312427,0,0.0,0,420,1,6,0.9232,0.013,GREEN,26,Mumbai
CLM0019904,MUM_03152,Dadar,2022-01-24,17,0,1,1,0,0,0,0,0,0,0.0,0.999543,0,0.0,0,385,3,0,0.98,0.0421,GREEN,43,Mumbai
CLM0019905,MUM_06238,Borivali,2022-10-05,20,0,0,0,0,0,0,0,0,0,0.0,0.174874,0,0.0,0,49,4,0,0.6534,0.0,GREEN,33,Mumbai
CLM0019906,MUM_07013,Powai,2024-02-19,10,0,0,0,0,0,0,0,0,1,0.0,0.283324,0,0.0,0,296,4,0,0.3477,0.2354,GREEN,54,Mumbai
CLM0019907,MUM_01565,Thane,2022-07-26,20,0,0,0,0,0,0,1,0,0,0.0,1.0,0,0.0,0,342,2,6,0.555,0.1084,GREEN,43,Mumbai
CLM0019908,MUM_00506,Ghatkopar,2024-04-01,19,0,0,0,0,0,0,0,0,0,1.0,0.407232,0,0.0,0,95,0,2,0.5873,0.1439,GREEN,49,Mumbai
CLM0019909,MUM_03623,Ghatkopar,2022-02-21,19,0,0,0,1,0,0,0,0,1,1.0,0.211032,0,1.0,1,12,4,18,0.2936,0.1295,GREEN,52,Mumbai
CLM0019910,MUM_09935,Bandra,2022-09-13,12,0,0,0,0,0,0,1,0,0,0.0,0.320118,0,0.0,0,194,3,0,0.9015,0.113,GREEN,22,Mumbai
CLM0019911,MUM_03954,Andheri,2023-06-08,15,0,0,0,0,0,0,1,0,0,0.0,0.107377,1,0.0,0,318,3,0,0.98,0.0968,GREEN,21,Mumbai
CLM0019912,MUM_02683,Ghatkopar,2024-10-11,14,0,0,0,1,1,0,1,1,1,1.0,1.0,1,0.0,1,31,1,18,0.2386,0.058,GREEN,37,Mumbai
CLM0019913,MUM_00306,Bandra,2024-04-12,10,0,0,0,0,0,1,0,0,0,0.0,0.287371,1,0.0,1,373,1,1,0.3591,0.1989,GREEN,21,Mumbai
CLM0019914,MUM_05888,Andheri,2025-10-26,18,0,0,0,0,0,0,0,0,0,1.0,1.0,0,1.0,0,123,1,6,0.8112,0.0337,GREEN,43,Mumbai
CLM0019915,MUM_09861,Ghatkopar,2021-04-20,7,0,0,0,0,0,0,0,0,0,1.0,0.054701,0,0.0,0,420,4,0,0.05,0.0359,GREEN,46,Mumbai
CLM0019916,MUM_01329,Ghatkopar,2024-01-24,7,0,0,0,0,0,0,0,0,0,0.0,0.171579,0,0.0,0,250,4,3,0.9528,0.0402,GREEN,47,Mumbai
CLM0019917,MUM_09974,Vashi,2023-09-11,18,0,0,0,0,0,0,0,0,0,0.0,0.973215,0,0.0,0,420,4,0,0.98,0.0,GREEN,44,Mumbai
CLM0019918,MUM_01488,Lower Parel,2024-09-11,14,0,0,0,0,0,0,0,0,0,0.0,0.133984,0,0.0,0,383,0,6,0.8523,0.0881,GREEN,55,Mumbai
CLM0019919,MUM_05605,Powai,2019-06-16,17,0,0,0,0,0,0,1,1,0,0.0,0.065285,1,0.0,0,5,3,18,0.8212,0.0,GREEN,46,Mumbai
CLM0019920,MUM_08161,Vashi,2023-12-10,8,0,0,0,0,0,0,0,0,0,0.0,0.036283,0,0.0,0,141,2,1,0.6807,0.0,GREEN,46,Mumbai
CLM0019921,MUM_06354,Bandra,2025-03-20,17,0,0,0,0,0,0,0,0,0,0.0,0.235097,0,0.0,0,186,2,3,0.7694,0.0198,GREEN,30,Mumbai
CLM0019922,MUM_07390,Lower Parel,2022-07-18,11,0,0,0,0,0,0,0,0,0,1.0,0.411445,1,0.0,0,317,1,0,0.851,0.1195,GREEN,36,Mumbai
CLM0019923,MUM_05440,Andheri,2024-09-13,11,0,0,0,0,0,0,0,0,0,0.0,0.0,0,0.0,0,302,1,0,0.9514,0.0,GREEN,45,Mumbai
CLM0019924,MUM_06974,Vashi,2022-04-25,19,0,0,0,1,1,0,1,1,1,1.0,1.0,1,1.0,1,7,2,18,0.3894,0.1348,GREEN,62,Mumbai
CLM0019925,MUM_07641,Borivali,2022-03-02,9,0,0,0,0,0,0,1,0,0,0.0,0.483878,0,0.0,0,273,0,4,0.8674,0.0161,GREEN,59,Mumbai
CLM0019926,MUM_02142,Lower Parel,2021-08-20,15,0,0,0,0,0,0,1,0,0,0.0,1.0,0,0.0,0,258,0,2,0.5514,0.1245,GREEN,43,Mumbai
CLM0019927,MUM_03386,Vashi,2023-10-06,12,0,0,0,0,0,0,0,0,0,0.0,0.374973,0,1.0,0,148,2,2,0.7672,0.0,GREEN,48,Mumbai
CLM0019928,MUM_01547,Powai,2021-08-19,14,0,0,0,0,0,0,0,0,0,0.0,0.092831,0,0.0,0,23,1,1,0.7135,0.0252,GREEN,30,Mumbai
CLM0019929,MUM_01579,Vashi,2024-02-05,20,0,0,0,0,0,0,0,0,0,0.0,0.327389,0,0.0,0,420,3,2,0.9449,0.0404,GREEN,35,Mumbai
CLM0019930,MUM_04352,Lower Parel,2019-11-11,16,0,0,0,0,0,0,0,0,0,1.0,0.232279,0,0.0,0,200,0,2,0.8579,0.2063,GREEN,57,Mumbai
CLM0019931,MUM_08481,Dadar,2018-07-30,10,0,0,0,0,0,0,0,0,0,0.0,0.337289,0,0.0,0,286,3,1,0.4627,0.0,GREEN,45,Mumbai
CLM0019932,MUM_03539,Lower Parel,2018-02-12,14,0,1,1,0,0,0,1,0,0,0.0,0.121697,0,0.0,0,356,1,2,0.8745,0.0513,GREEN,53,Mumbai
CLM0019933,MUM_02359,Lower Parel,2023-09-10,18,0,1,1,0,0,0,1,0,0,1.0,0.327573,0,0.0,0,404,0,4,0.555,0.1704,GREEN,38,Mumbai
CLM0019934,MUM_06562,Chembur,2019-09-14,8,0,0,0,0,0,0,0,0,0,0.0,0.262181,0,0.0,0,164,2,2,0.7857,0.0,GREEN,20,Mumbai
CLM0019935,MUM_00643,Thane,2019-06-30,16,0,0,0,0,0,0,0,0,0,0.0,0.163182,0,0.0,0,346,0,2,0.05,0.0,GREEN,48,Mumbai
CLM0019936,MUM_06220,Bandra,2020-06-18,10,0,0,0,0,0,0,0,0,0,0.0,0.0,0,0.0,0,266,1,5,0.1554,0.0,GREEN,35,Mumbai
CLM0019937,MUM_05426,Thane,2024-01-25,11,0,0,0,0,0,0,0,0,0,0.0,0.043053,0,0.0,0,134,1,1,0.4927,0.0287,GREEN,37,Mumbai
CLM0019938,MUM_07922,Vashi,2021-03-05,7,0,0,0,0,0,0,0,0,0,0.0,0.07575,0,0.0,0,203,0,3,0.738,0.0,GREEN,30,Mumbai
CLM0019939,MUM_09333,Bandra,2020-04-30,16,0,0,0,0,0,0,1,0,0,0.0,0.097933,0,0.0,0,236,3,0,0.6314,0.0478,GREEN,46,Mumbai
CLM0019940,MUM_02976,Borivali,2024-05-18,15,0,0,0,0,0,0,0,0,0,0.0,0.420088,0,0.0,0,374,4,0,0.6751,0.086,GREEN,35,Mumbai
CLM0019941,MUM_02812,Powai,2021-08-18,20,0,0,0,0,0,0,0,0,0,0.0,0.50358,0,0.0,0,207,0,1,0.6177,0.0017,GREEN,52,Mumbai
CLM0019942,MUM_05144,Dadar,2020-07-28,17,0,0,0,0,0,1,0,0,0,0.0,0.046856,0,0.0,0,22,0,0,0.6281,0.0676,GREEN,32,Mumbai
CLM0019943,MUM_03090,Ghatkopar,2022-07-06,19,0,0,0,0,1,1,0,0,0,0.0,1.0,0,0.0,0,365,3,3,0.1077,0.1488,GREEN,52,Mumbai
CLM0019944,MUM_07287,Lower Parel,2020-11-01,15,0,0,0,0,0,0,0,0,0,0.0,0.308321,0,0.0,0,385,2,5,0.2776,0.0792,GREEN,62,Mumbai
CLM0019945,MUM_03310,Thane,2021-07-15,9,0,0,0,0,0,0,0,0,0,0.0,0.191154,0,0.0,0,419,2,3,0.1694,0.0,GREEN,35,Mumbai
CLM0019946,MUM_01675,Andheri,2022-01-05,7,0,0,0,0,0,0,0,0,0,0.0,0.332155,0,0.0,0,15,0,2,0.98,0.1553,GREEN,41,Mumbai
CLM0019947,MUM_03755,Andheri,2025-12-16,7,0,0,0,0,0,1,0,0,0,0.0,0.317692,0,0.0,0,420,1,0,0.7206,0.1091,GREEN,32,Mumbai
CLM0019948,MUM_02779,Bandra,2020-03-23,8,0,1,1,0,0,0,0,0,0,0.0,1.0,0,0.0,1,420,1,2,0.552,0.1406,GREEN,44,Mumbai
CLM0019949,MUM_04664,Vashi,2023-06-15,19,0,0,0,0,1,0,0,0,0,0.0,0.087447,0,0.0,0,402,4,4,0.758,0.1125,GREEN,60,Mumbai
CLM0019950,MUM_04633,Lower Parel,2024-10-15,15,0,0,0,1,0,1,0,0,0,0.0,0.089965,0,0.0,0,420,3,0,0.7262,0.2702,GREEN,46,Mumbai
CLM0019951,MUM_09739,Vashi,2022-01-05,10,0,0,0,0,0,0,0,0,0,0.0,0.333762,0,0.0,0,420,3,0,0.5291,0.0,GREEN,34,Mumbai
CLM0019952,MUM_08641,Vashi,2024-10-03,21,0,0,0,0,0,0,0,0,0,0.0,0.073859,0,0.0,0,158,2,0,0.6058,0.0174,GREEN,49,Mumbai
CLM0019953,MUM_09555,Dadar,2023-10-02,13,0,0,0,0,0,0,0,0,0,0.0,0.0,0,0.0,0,5,2,6,0.5977,0.0,GREEN,45,Mumbai
CLM0019954,MUM_09573,Vashi,2023-03-15,17,0,0,0,0,0,0,0,0,0,1.0,0.137193,0,0.0,1,115,2,1,0.7922,0.0719,GREEN,31,Mumbai
CLM0019955,MUM_01677,Dadar,2025-10-12,21,0,0,0,0,0,1,1,0,0,0.0,0.247079,0,0.0,0,38,0,3,0.6298,0.1462,GREEN,57,Mumbai
CLM0019956,MUM_03142,Chembur,2024-06-19,8,0,0,0,0,0,0,0,0,0,1.0,0.148872,0,0.0,1,290,3,0,0.1585,0.2015,GREEN,58,Mumbai
CLM0019957,MUM_05621,Vashi,2025-10-27,15,0,0,0,0,0,0,0,0,0,0.0,0.967778,0,0.0,0,274,2,5,0.8145,0.0423,GREEN,53,Mumbai
CLM0019958,MUM_08293,Thane,2024-08-16,21,0,0,0,0,0,0,0,0,0,0.0,0.099354,0,0.0,0,400,0,0,0.6631,0.0,GREEN,55,Mumbai
CLM0019959,MUM_01706,Dadar,2024-10-04,11,0,0,0,0,0,0,0,0,0,0.0,0.448853,0,0.0,0,414,4,5,0.5329,0.0,GREEN,47,Mumbai
CLM0019960,MUM_03831,Borivali,2017-06-30,20,0,0,0,0,0,0,0,0,0,0.0,0.275884,0,0.0,0,234,1,2,0.9357,0.0305,GREEN,37,Mumbai
CLM0019961,MUM_07829,Bandra,2025-11-13,19,0,0,0,0,0,0,0,0,0,0.0,1.0,0,0.0,0,263,2,4,0.8536,0.0,GREEN,36,Mumbai
CLM0019962,MUM_08991,Ghatkopar,2025-10-13,7,0,0,0,1,0,0,0,0,0,0.0,0.059196,0,1.0,0,5,3,2,0.6945,0.1187,GREEN,60,Mumbai
CLM0019963,MUM_07721,Powai,2022-12-04,7,0,0,0,0,0,1,0,0,0,0.0,0.166034,0,0.0,0,326,3,2,0.7126,0.009,GREEN,34,Mumbai
CLM0019964,MUM_09481,Andheri,2017-06-15,20,0,0,0,0,0,0,1,0,1,0.0,0.331119,0,0.0,0,356,3,1,0.7306,0.2183,GREEN,36,Mumbai
CLM0019965,MUM_05640,Bandra,2018-09-06,19,0,1,1,0,1,0,0,1,0,1.0,0.122687,1,0.0,0,5,4,18,0.8333,0.0133,GREEN,32,Mumbai
CLM0019966,MUM_05976,Dadar,2025-04-24,7,0,0,0,0,0,0,0,0,0,0.0,0.189036,0,0.0,0,276,0,0,0.488,0.0559,GREEN,36,Mumbai
CLM0019967,MUM_03679,Andheri,2020-07-26,20,0,0,0,0,0,0,0,0,0,0.0,0.352924,0,0.0,0,68,0,2,0.7501,0.0,GREEN,48,Mumbai
CLM0019968,MUM_01484,Ghatkopar,2018-03-06,15,0,0,0,0,0,0,0,0,0,1.0,0.250198,0,0.0,0,420,3,2,0.7006,0.0305,GREEN,27,Mumbai
CLM0019969,MUM_05043,Thane,2024-09-05,21,0,0,0,0,0,0,0,0,0,0.0,0.002146,0,0.0,0,389,4,2,0.8183,0.0073,GREEN,34,Mumbai
CLM0019970,MUM_09491,Lower Parel,2020-07-05,15,0,0,0,0,1,0,0,0,0,0.0,0.25408,0,0.0,0,280,4,0,0.0563,0.1771,GREEN,41,Mumbai
CLM0019971,MUM_07821,Vashi,2024-08-12,11,0,0,0,0,0,0,0,0,0,0.0,0.266258,0,0.0,0,46,1,6,0.5984,0.0,GREEN,23,Mumbai
CLM0019972,MUM_00862,Dadar,2021-07-24,16,0,0,0,0,0,0,0,0,0,0.0,0.339694,0,0.0,0,184,2,3,0.5272,0.0,GREEN,53,Mumbai
CLM0019973,MUM_08980,Chembur,2019-11-29,14,0,0,0,0,1,0,0,0,0,1.0,1.0,0,0.0,0,364,2,4,0.98,0.2461,GREEN,48,Mumbai
CLM0019974,MUM_00582,Bandra,2020-11-17,14,0,0,0,0,0,0,0,0,0,0.0,0.0,0,0.0,0,352,4,4,0.5251,0.0,GREEN,42,Mumbai
CLM0019975,MUM_09301,Ghatkopar,2025-07-30,14,0,0,0,0,0,0,0,0,0,1.0,0.182507,0,0.0,0,57,2,2,0.4806,0.0872,GREEN,18,Mumbai
CLM0019976,MUM_03681,Chembur,2022-08-05,15,0,0,0,1,0,0,0,0,0,0.0,0.101082,0,0.0,0,181,1,0,0.7112,0.1814,GREEN,39,Mumbai
CLM0019977,MUM_00211,Chembur,2018-09-15,16,0,0,0,0,0,0,0,0,0,0.0,0.102492,0,0.0,0,217,1,0,0.9171,0.0,GREEN,39,Mumbai
CLM0019978,MUM_06770,Andheri,2025-08-31,8,0,0,0,0,0,0,0,1,0,0.0,1.0,0,0.0,0,140,2,0,0.98,0.0379,GREEN,47,Mumbai
CLM0019979,MUM_08915,Thane,2022-05-27,8,0,0,0,0,0,0,0,0,0,0.0,0.17487,0,0.0,0,420,2,3,0.8481,0.1166,GREEN,51,Mumbai
CLM0019980,MUM_09574,Vashi,2019-06-22,12,0,0,0,0,0,0,0,0,0,0.0,0.085728,0,0.0,0,90,2,4,0.9705,0.06,GREEN,52,Mumbai
CLM0019981,MUM_06340,Chembur,2024-09-04,14,0,0,0,0,0,0,1,0,0,0.0,0.26976,0,0.0,0,209,0,4,0.7142,0.0,GREEN,58,Mumbai
CLM0019982,MUM_00763,Powai,2019-12-03,11,0,0,0,0,1,0,0,1,0,0.0,0.0,0,0.0,0,402,0,0,0.4797,0.2073,GREEN,31,Mumbai
CLM0019983,MUM_03808,Chembur,2024-12-07,20,0,0,0,0,0,0,1,0,0,0.0,0.275835,0,0.0,0,304,3,6,0.7026,0.0,GREEN,44,Mumbai
CLM0019984,MUM_02778,Ghatkopar,2022-07-25,9,0,0,0,0,0,0,0,0,0,0.0,0.364161,0,0.0,0,256,0,3,0.9543,0.0241,GREEN,40,Mumbai
CLM0019985,MUM_08153,Ghatkopar,2022-04-08,21,0,0,0,0,0,0,0,1,0,1.0,0.390376,0,0.0,0,176,0,4,0.5917,0.2812,GREEN,42,Mumbai
CLM0019986,MUM_02242,Bandra,2022-06-25,9,0,0,0,0,0,1,0,0,0,0.0,0.010211,0,0.0,0,45,1,1,0.1705,0.0935,GREEN,42,Mumbai
CLM0019987,MUM_03143,Borivali,2024-08-26,19,0,1,1,1,0,0,0,1,0,0.0,0.266344,0,0.0,0,190,0,1,0.439,0.2729,GREEN,56,Mumbai
CLM0019988,MUM_05476,Chembur,2023-02-08,15,0,0,0,0,0,0,0,0,1,0.0,0.375473,0,0.0,0,266,3,1,0.6209,0.0356,GREEN,18,Mumbai
CLM0019989,MUM_06171,Vashi,2018-01-03,16,0,0,0,0,1,0,0,0,0,0.0,0.319232,0,1.0,0,283,1,2,0.7413,0.1217,GREEN,41,Mumbai
CLM0019990,MUM_09807,Ghatkopar,2020-11-26,13,0,0,0,0,0,0,0,0,0,0.0,0.278551,0,0.0,0,420,1,5,0.9253,0.0361,GREEN,56,Mumbai
CLM0019991,MUM_03230,Thane,2024-08-27,13,0,0,0,0,0,0,0,0,0,0.0,0.145781,0,0.0,0,304,4,1,0.6424,0.0,GREEN,47,Mumbai
CLM0019992,MUM_04148,Thane,2021-12-21,10,0,0,0,0,0,0,0,0,1,0.0,0.009249,0,0.0,0,420,4,0,0.5981,0.1186,GREEN,36,Mumbai
CLM0019993,MUM_08021,Thane,2025-05-09,20,0,0,0,0,0,1,0,0,0,0.0,0.430189,0,0.0,0,420,3,0,0.7372,0.0912,GREEN,24,Mumbai
CLM0019994,MUM_09826,Vashi,2022-04-30,21,0,0,0,0,0,0,0,0,0,0.0,0.250819,0,0.0,0,142,4,2,0.3965,0.0,GREEN,48,Mumbai
CLM0019995,MUM_09329,Vashi,2024-03-06,21,0,0,0,0,0,0,0,1,0,0.0,0.21992,0,0.0,0,51,0,0,0.4655,0.1388,GREEN,56,Mumbai
CLM0019996,MUM_07561,Chembur,2023-03-20,9,0,0,0,0,0,0,0,0,0,0.0,0.069051,1,0.0,0,184,1,5,0.784,0.0,GREEN,49,Mumbai
CLM0019997,MUM_03859,Powai,2024-04-23,7,0,0,0,0,0,0,0,0,0,0.0,0.042386,0,0.0,0,183,2,2,0.7547,0.0128,GREEN,48,Mumbai
CLM0019998,MUM_07990,Chembur,2022-08-23,13,0,0,0,0,0,0,0,0,0,0.0,0.0,0,0.0,0,227,2,2,0.8288,0.0,GREEN,53,Mumbai
CLM0019999,MUM_04735,Dadar,2024-11-09,19,0,0,0,0,0,0,0,0,0,1.0,0.14231,0,0.0,0,295,2,2,0.2477,0.0502,GREEN,42,Mumbai
CLM0020000,MUM_05166,Chembur,2023-12-23,7,0,0,0,0,0,0,0,0,0,0.0,0.386087,0,0.0,0,420,0,1,0.9791,0.0628,GREEN,38,Mumbai
CLM0020001,MUM_06248,Chembur,2022-10-18,21,0,0,0,0,0,0,0,0,0,0.0,0.119486,0,0.0,0,173,4,5,0.98,0.0,GREEN,18,Mumbai
CLM0020002,MUM_07604,Dadar,2021-06-30,10,0,0,0,0,0,0,0,0,0,0.0,0.377071,0,1.0,0,357,0,5,0.98,0.0,GREEN,49,Mumbai
CLM0020003,MUM_05347,Lower Parel,2024-12-26,12,0,0,0,0,0,0,0,0,0,1.0,0.094902,0,0.0,0,278,0,1,0.5272,0.0796,GREEN,35,Mumbai
CLM0020004,MUM_06914,Lower Parel,2024-02-28,16,0,0,0,0,0,0,0,0,0,0.0,0.149669,0,0.0,0,73,3,1,0.4377,0.0303,GREEN,57,Mumbai
CLM0020005,MUM_05784,Bandra,2023-04-24,18,0,0,0,0,0,0,0,0,0,0.0,0.405992,0,0.0,0,162,0,0,0.7011,0.1388,GREEN,37,Mumbai
CLM0020006,MUM_03476,Dadar,2023-11-02,8,0,0,0,0,0,0,0,0,0,0.0,0.118311,0,1.0,0,420,1,1,0.5691,0.058,GREEN,43,Mumbai
CLM0020007,MUM_05671,Andheri,2025-02-04,16,0,0,0,0,0,0,0,1,0,0.0,0.144899,1,0.0,0,31,2,1,0.6412,0.0768,GREEN,48,Mumbai
CLM0020008,MUM_02059,Lower Parel,2025-02-28,18,0,0,0,0,0,0,0,0,0,0.0,0.395667,0,0.0,0,171,3,2,0.8594,0.0951,GREEN,55,Mumbai
CLM0020009,MUM_00973,Borivali,2025-05-01,13,0,0,0,0,1,0,0,0,0,0.0,0.048105,0,0.0,0,329,2,6,0.98,0.1502,GREEN,28,Mumbai
CLM0020010,MUM_01260,Dadar,2024-07-10,8,0,0,0,0,0,0,0,0,0,0.0,0.107669,0,1.0,0,358,3,4,0.7739,0.0,GREEN,51,Mumbai
CLM0020011,MUM_00153,Dadar,2023-08-20,12,0,0,0,0,0,0,0,0,0,0.0,0.478254,1,0.0,0,166,2,0,0.5417,0.0994,GREEN,46,Mumbai
CLM0020012,MUM_03607,Lower Parel,2023-01-09,12,0,0,0,0,0,0,0,0,0,0.0,0.166264,0,0.0,0,211,0,2,0.5229,0.065,GREEN,49,Mumbai
CLM0020013,MUM_08913,Andheri,2017-10-06,11,0,0,0,0,0,0,0,0,0,0.0,0.231007,1,0.0,0,420,0,0,0.605,0.0311,GREEN,25,Mumbai
CLM0020014,MUM_03995,Lower Parel,2023-03-18,8,0,1,1,0,0,0,0,0,0,0.0,0.041296,0,0.0,0,420,0,3,0.1324,0.0,GREEN,49,Mumbai
CLM0020015,MUM_07470,Powai,2020-06-26,8,0,0,0,0,0,0,0,0,0,0.0,0.133617,0,0.0,0,383,0,0,0.5545,0.0,GREEN,48,Mumbai
CLM0020016,MUM_00868,Powai,2023-06-20,11,0,0,0,0,0,0,0,0,0,0.0,0.073669,0,0.0,0,175,3,2,0.4513,0.0085,GREEN,35,Mumbai
CLM0020017,MUM_00667,Bandra,2024-01-29,8,0,0,0,0,0,0,0,1,0,1.0,1.0,0,1.0,0,53,2,0,0.6801,0.2479,GREEN,18,Mumbai
CLM0020018,MUM_08623,Chembur,2025-01-24,10,0,0,0,0,0,0,0,0,0,0.0,0.064791,0,0.0,0,77,4,3,0.666,0.0,GREEN,27,Mumbai
CLM0020019,MUM_01210,Chembur,2024-09-17,7,0,0,0,0,0,0,0,0,0,0.0,0.989955,1,0.0,0,420,1,0,0.8656,0.0,GREEN,52,Mumbai
CLM0020020,MUM_06700,Andheri,2023-05-08,16,0,0,0,0,0,0,0,0,0,1.0,0.29134,0,0.0,0,420,1,3,0.05,0.0677,GREEN,58,Mumbai
CLM0020021,MUM_04073,Thane,2024-11-02,15,0,1,1,0,0,0,0,0,0,0.0,0.199558,0,0.0,0,291,3,1,0.1532,0.0772,GREEN,55,Mumbai
CLM0020022,MUM_01265,Thane,2025-06-10,19,0,0,0,0,1,0,0,0,0,0.0,0.135164,0,0.0,0,59,0,1,0.8718,0.1794,GREEN,45,Mumbai
CLM0020023,MUM_00978,Chembur,2025-09-20,7,0,0,0,0,0,0,0,0,1,0.0,0.285986,0,0.0,0,224,2,1,0.6056,0.1429,GREEN,29,Mumbai
CLM0020024,MUM_01446,Chembur,2025-10-14,18,0,0,0,0,0,0,0,0,0,0.0,0.275883,0,0.0,0,226,3,4,0.6025,0.0,GREEN,48,Mumbai
CLM0020025,MUM_07928,Dadar,2024-11-14,20,0,0,0,0,0,0,0,0,0,0.0,0.10026,0,1.0,1,143,0,2,0.7889,0.0856,GREEN,47,Mumbai
CLM0020026,MUM_09381,Vashi,2020-02-08,15,0,0,0,0,0,0,0,0,0,0.0,0.34278,0,0.0,0,201,0,2,0.7159,0.0,GREEN,18,Mumbai
CLM0020027,MUM_09677,Dadar,2024-04-09,11,0,0,0,0,0,0,0,0,0,0.0,0.143154,0,1.0,0,154,1,2,0.8057,0.0534,GREEN,39,Mumbai
CLM0020028,MUM_09136,Dadar,2025-11-18,21,0,0,0,0,0,0,1,0,0,0.0,0.415501,0,1.0,1,412,2,0,0.6009,0.1589,GREEN,23,Mumbai
CLM0020029,MUM_00177,Vashi,2020-01-16,17,0,0,0,0,0,0,0,0,0,0.0,0.498303,0,0.0,0,386,4,0,0.28,0.0,GREEN,43,Mumbai
CLM0020030,MUM_03415,Lower Parel,2016-09-01,21,0,0,0,0,0,1,0,0,0,0.0,0.00511,0,0.0,0,383,4,0,0.6547,0.0463,GREEN,22,Mumbai
CLM0020031,MUM_05068,Thane,2016-07-05,21,0,0,0,0,0,0,0,0,0,1.0,0.151734,0,0.0,0,178,2,5,0.573,0.1308,GREEN,32,Mumbai
CLM0020032,MUM_04865,Dadar,2020-02-20,7,0,1,1,0,0,0,1,0,0,0.0,0.25076,0,0.0,0,420,2,4,0.885,0.181,GREEN,46,Mumbai
CLM0020033,MUM_02536,Bandra,2025-01-14,11,0,0,0,1,1,0,1,0,1,0.0,0.149328,0,0.0,0,5,4,18,0.911,0.0441,GREEN,38,Mumbai
CLM0020034,MUM_04599,Ghatkopar,2021-09-16,9,0,0,0,0,1,0,0,0,0,0.0,0.350062,0,0.0,0,420,0,3,0.98,0.0352,GREEN,44,Mumbai
CLM0020035,MUM_03452,Chembur,2021-11-04,13,0,0,0,0,0,0,0,0,0,0.0,0.043489,0,0.0,1,41,2,2,0.7912,0.0563,GREEN,38,Mumbai
CLM0020036,MUM_07302,Chembur,2021-06-23,10,0,0,0,0,0,0,0,0,1,0.0,0.221315,0,0.0,0,317,4,0,0.98,0.1391,GREEN,38,Mumbai
CLM0020037,MUM_04339,Lower Parel,2015-12-09,14,0,0,0,0,0,1,0,0,1,0.0,0.273847,0,0.0,0,384,1,1,0.4051,0.206,GREEN,31,Mumbai
CLM0020038,MUM_09254,Andheri,2022-11-26,15,0,0,0,0,1,0,0,0,0,0.0,0.293008,0,0.0,0,332,3,0,0.05,0.0558,GREEN,18,Mumbai
CLM0020039,MUM_07915,Powai,2025-11-02,13,0,0,0,1,0,0,0,0,0,0.0,0.01661,0,1.0,0,420,3,4,0.4942,0.1436,GREEN,40,Mumbai
CLM0020040,MUM_02120,Ghatkopar,2022-12-07,21,0,0,0,0,0,0,0,0,0,0.0,0.487989,0,0.0,0,297,2,4,0.7871,0.0282,GREEN,35,Mumbai
CLM0020041,MUM_00053,Ghatkopar,2025-09-14,9,0,0,0,0,0,1,0,1,0,0.0,0.071329,0,0.0,0,286,3,7,0.8821,0.2986,GREEN,64,Mumbai
CLM0020042,MUM_06566,Chembur,2024-12-17,21,0,0,0,0,0,0,0,0,0,0.0,0.1837,0,1.0,0,316,4,2,0.5099,0.0458,GREEN,52,Mumbai
CLM0020043,MUM_09206,Chembur,2023-02-15,18,0,0,0,0,0,1,0,0,0,0.0,0.0,0,0.0,0,150,2,0,0.8797,0.1248,GREEN,37,Mumbai
CLM0020044,MUM_03145,Chembur,2024-10-05,15,0,0,0,0,0,0,0,0,0,0.0,0.259738,0,0.0,0,111,2,3,0.8052,0.0,GREEN,38,Mumbai
CLM0020045,MUM_01935,Ghatkopar,2022-02-25,19,0,0,0,0,0,0,0,0,0,0.0,0.946063,0,0.0,0,165,0,5,0.8694,0.0,GREEN,49,Mumbai
CLM0020046,MUM_09890,Andheri,2022-03-06,19,0,0,0,0,1,0,0,0,0,0.0,0.041416,0,0.0,0,101,4,0,0.05,0.1674,GREEN,64,Mumbai
CLM0020047,MUM_04787,Powai,2017-05-18,9,0,0,0,0,0,0,0,0,0,0.0,0.08345,0,0.0,0,173,2,4,0.6077,0.0284,GREEN,40,Mumbai
CLM0020048,MUM_04616,Vashi,2019-04-09,10,0,0,0,1,0,0,0,0,0,0.0,0.435578,0,0.0,0,212,2,0,0.9132,0.1278,GREEN,49,Mumbai
CLM0020049,MUM_07611,Bandra,2022-09-23,15,0,0,0,1,1,0,1,0,1,0.0,0.251295,0,0.0,1,5,1,18,0.4022,0.3993,YELLOW,41,Mumbai
CLM0020050,MUM_02125,Dadar,2017-08-22,17,0,0,0,0,0,0,0,0,0,1.0,0.362215,0,0.0,0,315,0,2,0.5621,0.1287,GREEN,55,Mumbai
CLM0020051,MUM_04153,Powai,2021-02-03,9,0,0,0,0,0,0,0,0,0,0.0,0.467355,0,0.0,0,420,0,2,0.0628,0.0375,GREEN,58,Mumbai
CLM0020052,MUM_08540,Bandra,2018-11-23,17,0,0,0,0,0,0,0,0,0,0.0,0.167495,0,0.0,1,138,4,4,0.6167,0.0228,GREEN,39,Mumbai
CLM0020053,MUM_07795,Bandra,2020-01-12,18,0,0,0,0,0,0,0,0,0,0.0,0.0,0,0.0,0,160,0,1,0.6182,0.0359,GREEN,32,Mumbai
CLM0020054,MUM_02662,Ghatkopar,2018-11-18,21,0,0,0,0,0,0,0,0,0,0.0,0.043543,0,0.0,0,169,1,3,0.98,0.0,GREEN,56,Mumbai
CLM0020055,MUM_00200,Powai,2020-01-08,19,0,0,0,0,0,0,0,0,0,0.0,0.085843,0,0.0,0,379,2,2,0.7325,0.0,GREEN,47,Mumbai
CLM0020056,MUM_03506,Powai,2023-06-06,15,0,1,1,0,0,0,0,0,0,0.0,0.937367,0,0.0,0,246,4,0,0.8417,0.0277,GREEN,30,Mumbai
CLM0020057,MUM_04883,Chembur,2017-06-19,7,0,0,0,0,0,0,0,0,0,0.0,0.152109,0,0.0,0,75,1,5,0.05,0.0,GREEN,40,Mumbai
CLM0020058,MUM_06606,Bandra,2023-09-29,19,0,0,0,0,1,0,1,1,1,0.0,0.051678,0,0.0,1,5,2,18,0.921,0.0812,GREEN,36,Mumbai
CLM0020059,MUM_05536,Borivali,2020-07-24,15,0,0,0,0,0,0,0,0,0,0.0,0.336258,0,0.0,0,420,3,5,0.8134,0.0,GREEN,42,Mumbai
CLM0020060,MUM_00466,Bandra,2019-03-24,16,0,0,0,0,0,1,0,0,0,0.0,0.381237,0,0.0,0,158,4,1,0.6242,0.1199,GREEN,45,Mumbai
CLM0020061,MUM_09865,Lower Parel,2024-08-06,7,0,0,0,0,0,0,0,0,0,0.0,0.124853,0,0.0,0,242,1,0,0.7773,0.0061,GREEN,59,Mumbai
CLM0020062,MUM_06701,Vashi,2017-02-03,17,0,1,1,0,0,0,1,0,0,0.0,0.321377,0,0.0,0,401,4,2,0.739,0.1243,GREEN,44,Mumbai
CLM0020063,MUM_00559,Borivali,2025-06-24,15,0,0,0,0,0,0,0,1,0,0.0,0.17708,0,0.0,0,420,4,0,0.7921,0.1456,GREEN,37,Mumbai
CLM0020064,MUM_07088,Bandra,2020-08-25,10,0,0,0,0,0,0,0,0,0,1.0,0.214736,0,0.0,0,217,2,3,0.5905,0.1,GREEN,50,Mumbai
CLM0020065,MUM_07533,Ghatkopar,2021-12-08,14,0,0,0,0,0,0,0,0,0,0.0,0.357765,0,0.0,1,403,0,6,0.7218,0.1207,GREEN,34,Mumbai
CLM0020066,MUM_09203,Ghatkopar,2016-05-21,17,0,0,0,0,0,0,0,0,0,0.0,0.078836,0,0.0,0,296,2,1,0.2028,0.0,GREEN,40,Mumbai
CLM0020067,MUM_05140,Ghatkopar,2021-08-05,20,0,0,0,0,0,0,0,0,0,0.0,0.345043,0,0.0,0,128,1,3,0.6096,0.0,GREEN,44,Mumbai
CLM0020068,MUM_09906,Vashi,2024-12-07,18,0,0,0,0,0,0,0,0,0,0.0,0.83837,0,0.0,0,387,3,2,0.7967,0.0,GREEN,52,Mumbai
CLM0020069,MUM_05916,Powai,2020-05-30,16,0,0,0,0,1,0,0,0,1,0.0,0.963185,1,0.0,0,9,0,1,0.6186,0.2458,GREEN,32,Mumbai
CLM0020070,MUM_03602,Ghatkopar,2024-08-19,12,0,0,0,1,1,1,1,0,1,1.0,0.818579,0,1.0,1,5,3,18,0.129,0.1604,GREEN,48,Mumbai
CLM0020071,MUM_01268,Ghatkopar,2025-08-28,8,0,0,0,0,0,1,0,0,0,0.0,0.289208,0,0.0,1,175,1,0,0.2337,0.0957,GREEN,21,Mumbai
CLM0020072,MUM_02686,Borivali,2025-04-14,14,0,0,0,0,1,0,0,0,0,0.0,0.0,0,0.0,0,79,2,2,0.98,0.0596,GREEN,42,Mumbai
CLM0020073,MUM_04095,Chembur,2020-03-20,19,0,0,0,0,0,0,0,0,0,0.0,0.180702,0,0.0,0,61,1,1,0.7,0.0125,GREEN,18,Mumbai
CLM0020074,MUM_02646,Thane,2025-09-07,19,0,0,0,0,0,0,0,0,0,0.0,0.320444,0,0.0,0,107,4,4,0.859,0.0,GREEN,34,Mumbai
CLM0020075,MUM_04396,Vashi,2025-03-15,15,0,0,0,0,0,0,0,1,0,0.0,0.19816,0,0.0,0,366,0,0,0.6948,0.1231,GREEN,31,Mumbai
CLM0020076,MUM_05258,Thane,2025-03-04,17,0,0,0,0,0,0,0,0,0,0.0,0.426088,0,0.0,0,420,2,3,0.0977,0.1511,GREEN,43,Mumbai
CLM0020077,MUM_00285,Bandra,2024-08-15,9,0,0,0,0,0,0,0,0,0,1.0,0.053276,0,0.0,0,180,0,3,0.8416,0.0327,GREEN,30,Mumbai
CLM0020078,MUM_08023,Lower Parel,2024-01-31,20,0,0,0,0,0,0,0,0,0,0.0,0.121909,0,0.0,0,265,3,3,0.98,0.0496,GREEN,42,Mumbai
CLM0020079,MUM_00991,Thane,2025-05-28,8,0,0,0,1,1,1,1,1,0,1.0,0.129003,1,0.0,0,17,1,18,0.2107,0.0914,GREEN,58,Mumbai
CLM0020080,MUM_03853,Thane,2024-09-26,14,0,0,0,0,0,0,0,0,0,0.0,0.313431,0,0.0,0,184,3,0,0.7514,0.0358,GREEN,43,Mumbai
CLM0020081,MUM_07316,Lower Parel,2025-01-19,19,0,0,0,0,0,0,0,0,0,0.0,0.183164,0,0.0,0,57,2,0,0.6125,0.0432,GREEN,54,Mumbai
CLM0020082,MUM_01062,Borivali,2025-10-11,17,0,0,0,0,0,0,0,0,0,0.0,0.0,1,0.0,0,40,2,1,0.6884,0.0602,GREEN,30,Mumbai
CLM0020083,MUM_06057,Dadar,2025-05-29,7,0,1,1,0,0,0,0,0,0,0.0,0.410811,0,0.0,0,334,3,0,0.4096,0.1216,GREEN,25,Mumbai
CLM0020084,MUM_00469,Borivali,2025-07-23,16,0,0,0,0,0,0,0,0,0,0.0,0.348157,0,1.0,0,65,2,1,0.0682,0.0,GREEN,45,Mumbai
CLM0020085,MUM_09787,Ghatkopar,2025-07-18,15,0,0,0,0,0,0,0,1,1,0.0,0.155401,0,0.0,0,370,0,4,0.2406,0.1163,GREEN,39,Mumbai
CLM0020086,MUM_08621,Vashi,2025-11-25,21,0,0,0,0,0,0,0,0,1,0.0,0.147818,0,0.0,0,231,4,3,0.6616,0.2344,GREEN,33,Mumbai
CLM0020087,MUM_01315,Ghatkopar,2025-12-20,10,0,0,0,0,0,0,0,0,0,0.0,0.026384,0,0.0,0,108,3,1,0.8513,0.0093,GREEN,47,Mumbai
CLM0020088,MUM_07364,Borivali,2025-11-02,8,0,0,0,0,0,0,0,0,1,1.0,0.996723,0,1.0,0,366,2,1,0.7752,0.1243,GREEN,50,Mumbai
CLM0020089,MUM_02266,Powai,2025-12-24,19,0,0,0,0,0,1,0,0,0,0.0,1.0,0,0.0,0,420,0,2,0.555,0.0874,GREEN,18,Mumbai
CLM0020090,MUM_01547,Powai,2024-12-03,8,0,0,0,0,0,0,0,0,0,0.0,0.159594,1,0.0,0,420,0,3,0.05,0.0861,GREEN,30,Mumbai
CLM0020091,MUM_05481,Bandra,2023-04-09,16,0,0,0,0,0,1,0,0,0,0.0,0.946153,0,0.0,0,420,0,4,0.4608,0.083,GREEN,37,Mumbai
CLM0020092,MUM_08262,Ghatkopar,2025-11-03,14,0,0,0,0,0,0,0,0,1,0.0,0.087043,0,0.0,0,138,4,3,0.9164,0.141,GREEN,37,Mumbai
CLM0020093,MUM_07847,Lower Parel,2024-05-22,11,0,0,0,0,0,1,0,0,1,0.0,0.986878,0,0.0,0,254,0,1,0.98,0.2781,GREEN,39,Mumbai
CLM0020094,MUM_06945,Borivali,2025-11-29,11,0,1,1,0,0,0,0,0,0,1.0,1.0,0,1.0,0,294,1,0,0.3972,0.0209,GREEN,38,Mumbai
CLM0020095,MUM_04694,Chembur,2024-12-17,17,0,0,0,0,0,0,0,0,0,0.0,0.085434,0,0.0,0,186,2,3,0.7969,0.0619,GREEN,49,Mumbai
CLM0020096,MUM_09928,Ghatkopar,2023-06-15,18,0,0,0,0,0,0,0,0,1,0.0,0.093358,0,0.0,0,242,0,4,0.8647,0.065,GREEN,42,Mumbai
CLM0020097,MUM_02944,Andheri,2023-09-01,12,0,0,0,0,0,0,0,0,0,0.0,0.0,0,0.0,0,284,4,1,0.7421,0.0,GREEN,38,Mumbai
CLM0020098,MUM_07972,Chembur,2018-06-17,12,0,0,0,0,0,0,0,0,0,0.0,1.0,0,0.0,0,420,2,1,0.9244,0.0061,GREEN,58,Mumbai
CLM0020099,MUM_02647,Ghatkopar,2015-08-03,19,0,0,0,0,0,0,0,0,0,0.0,1.0,0,0.0,0,349,2,0,0.5207,0.002,GREEN,46,Mumbai
CLM0020100,MUM_09222,Ghatkopar,2020-04-26,18,0,0,0,0,0,0,0,0,0,0.0,0.366656,0,0.0,0,420,4,1,0.9497,0.0,GREEN,32,Mumbai
CLM0020101,MUM_03116,Dadar,2022-02-07,13,0,0,0,0,0,0,0,0,0,0.0,0.338515,0,0.0,0,176,4,5,0.7589,0.0366,GREEN,42,Mumbai
CLM0020102,MUM_03100,Thane,2023-09-17,12,0,0,0,0,0,0,0,0,0,0.0,0.368068,0,0.0,0,420,0,3,0.7347,0.0,GREEN,51,Mumbai
CLM0020103,MUM_08604,Chembur,2021-12-22,21,0,0,0,0,0,0,0,0,0,0.0,0.31678,0,0.0,1,133,3,3,0.8088,0.0301,GREEN,47,Mumbai
CLM0020104,MUM_04835,Borivali,2024-05-30,13,0,0,0,0,0,0,0,0,0,1.0,0.169481,0,0.0,0,396,2,0,0.9283,0.1708,GREEN,32,Mumbai
CLM0020105,MUM_04664,Vashi,2024-02-01,13,0,0,0,0,0,0,0,0,0,0.0,0.227694,1,0.0,0,286,2,2,0.3794,0.0769,GREEN,60,Mumbai
CLM0020106,MUM_01448,Andheri,2024-04-11,12,0,0,0,1,0,0,0,0,0,1.0,0.094971,0,0.0,0,276,2,2,0.9034,0.1567,GREEN,51,Mumbai
CLM0020107,MUM_08760,Chembur,2024-09-05,12,0,0,0,0,1,0,0,0,0,0.0,0.0,0,0.0,0,328,2,0,0.6341,0.1457,GREEN,53,Mumbai
CLM0020108,MUM_09131,Borivali,2024-04-07,17,0,0,0,0,0,0,0,0,1,0.0,0.360394,1,0.0,0,204,3,2,0.6248,0.1891,GREEN,63,Mumbai
CLM0020109,MUM_00842,Bandra,2025-02-22,8,0,0,0,0,0,0,0,0,0,0.0,0.297525,0,0.0,0,397,0,5,0.7815,0.0811,GREEN,28,Mumbai
CLM0020110,MUM_06248,Chembur,2024-03-09,15,0,0,0,0,0,0,0,0,0,0.0,0.001554,0,0.0,0,177,3,5,0.8818,0.0218,GREEN,18,Mumbai
CLM0020111,MUM_06324,Bandra,2024-10-08,10,0,0,0,0,0,0,0,0,0,0.0,0.956184,0,0.0,0,380,1,0,0.0687,0.0,GREEN,43,Mumbai
CLM0020112,MUM_06766,Chembur,2025-02-22,7,0,0,0,0,0,0,0,0,0,0.0,0.0,0,0.0,0,143,4,5,0.869,0.0,GREEN,45,Mumbai
CLM0020113,MUM_01616,Thane,2024-03-31,8,0,0,0,0,0,0,0,0,1,0.0,0.390379,0,0.0,0,226,1,1,0.8337,0.1438,GREEN,30,Mumbai
CLM0020114,MUM_00207,Powai,2024-02-12,16,0,0,0,0,0,0,0,0,0,0.0,0.340021,0,1.0,0,292,4,2,0.7494,0.0,GREEN,21,Mumbai
CLM0020115,MUM_03841,Ghatkopar,2022-09-18,21,0,0,0,0,0,0,0,0,0,0.0,0.178526,0,1.0,1,54,4,4,0.05,0.0948,GREEN,53,Mumbai
CLM0020116,MUM_05831,Andheri,2025-12-29,9,0,0,0,0,0,0,0,0,0,0.0,0.241054,0,0.0,0,354,3,0,0.8218,0.0,GREEN,34,Mumbai
CLM0020117,MUM_08727,Chembur,2024-05-14,15,0,0,0,0,0,0,0,0,0,0.0,0.34891,0,0.0,0,420,2,0,0.6336,0.0052,GREEN,65,Mumbai
CLM0020118,MUM_07004,Vashi,2022-08-26,19,0,0,0,0,0,0,0,0,0,1.0,1.0,0,1.0,0,97,3,4,0.9258,0.0888,GREEN,31,Mumbai
CLM0020119,MUM_08511,Andheri,2023-11-11,12,0,0,0,0,0,0,0,0,0,1.0,0.368432,0,0.0,0,420,2,3,0.7792,0.1113,GREEN,48,Mumbai
CLM0020120,MUM_06922,Ghatkopar,2025-11-12,13,0,0,0,1,0,0,0,0,1,1.0,0.260596,0,0.0,0,60,1,4,0.831,0.261,GREEN,48,Mumbai
CLM0020121,MUM_00992,Bandra,2022-09-24,14,0,1,1,0,0,1,0,0,0,0.0,0.228138,0,0.0,0,62,2,3,0.7752,0.1043,GREEN,38,Mumbai
CLM0020122,MUM_02875,Dadar,2022-08-14,18,0,0,0,0,0,0,0,0,0,0.0,0.245618,0,1.0,0,198,1,2,0.6166,0.0,GREEN,58,Mumbai
CLM0020123,MUM_04170,Lower Parel,2022-12-24,7,0,0,0,0,0,0,0,0,0,0.0,0.994013,0,0.0,0,317,1,3,0.1682,0.0,GREEN,48,Mumbai
CLM0020124,MUM_03765,Andheri,2025-01-31,8,0,0,0,0,0,0,1,0,0,0.0,0.079822,0,0.0,1,233,0,5,0.6212,0.1183,GREEN,43,Mumbai
CLM0020125,MUM_08021,Thane,2022-09-29,14,0,0,0,0,0,0,0,0,0,0.0,0.014271,0,0.0,0,411,3,1,0.6884,0.0369,GREEN,24,Mumbai
CLM0020126,MUM_09800,Borivali,2024-04-15,20,0,0,0,0,0,0,0,0,0,0.0,0.173576,0,0.0,0,381,2,0,0.6423,0.0833,GREEN,24,Mumbai
CLM0020127,MUM_06223,Andheri,2024-12-08,14,0,1,1,0,0,0,0,1,0,1.0,0.33277,0,0.0,0,115,4,7,0.6288,0.2066,GREEN,51,Mumbai
CLM0020128,MUM_06878,Andheri,2023-10-02,15,0,0,0,0,0,0,0,0,0,0.0,0.518287,0,0.0,0,154,0,5,0.9352,0.0714,GREEN,43,Mumbai
CLM0020129,MUM_07045,Borivali,2025-08-28,9,0,0,0,0,0,0,0,1,0,0.0,0.315873,0,0.0,0,139,2,0,0.6189,0.2195,GREEN,49,Mumbai
CLM0020130,MUM_04547,Andheri,2023-05-28,21,0,0,0,0,1,0,0,0,0,0.0,0.091641,0,0.0,0,162,3,4,0.6869,0.1475,GREEN,51,Mumbai
CLM0020131,MUM_05208,Vashi,2024-12-02,17,0,0,0,0,0,0,0,0,0,0.0,0.241791,0,0.0,0,33,2,1,0.6633,0.0055,GREEN,39,Mumbai
CLM0020132,MUM_02241,Lower Parel,2025-08-23,16,0,0,0,0,0,0,0,0,0,0.0,0.309804,0,0.0,0,416,2,0,0.6732,0.0368,GREEN,49,Mumbai
CLM0020133,MUM_03959,Thane,2024-06-06,17,0,0,0,0,0,0,1,1,1,0.0,0.092974,0,0.0,0,291,4,1,0.6609,0.2115,GREEN,45,Mumbai
CLM0020134,MUM_01700,Bandra,2025-05-05,16,0,0,0,0,0,1,0,0,0,0.0,0.254012,0,0.0,0,367,0,2,0.0742,0.087,GREEN,44,Mumbai
CLM0020135,MUM_01089,Andheri,2020-02-15,14,0,0,0,0,0,0,1,0,0,1.0,0.210024,0,0.0,0,380,1,1,0.98,0.1145,GREEN,52,Mumbai
CLM0020136,MUM_00728,Bandra,2024-05-10,17,0,0,0,0,1,0,0,0,0,0.0,0.420058,0,0.0,0,276,0,0,0.8144,0.04,GREEN,31,Mumbai
CLM0020137,MUM_00415,Dadar,2025-08-03,12,0,0,0,0,0,0,0,0,0,1.0,0.963001,0,1.0,0,274,4,2,0.2032,0.0558,GREEN,35,Mumbai
CLM0020138,MUM_00674,Borivali,2023-10-01,9,0,0,0,0,0,0,0,0,0,0.0,0.370861,0,0.0,0,326,2,2,0.8749,0.0084,GREEN,45,Mumbai
CLM0020139,MUM_09019,Andheri,2023-07-20,8,0,0,0,0,0,0,0,0,0,0.0,0.37773,0,0.0,0,83,1,5,0.5407,0.0443,GREEN,48,Mumbai
CLM0020140,MUM_00378,Bandra,2020-11-19,12,0,0,0,1,0,1,0,0,0,0.0,0.229957,0,0.0,0,258,4,0,0.8132,0.2787,GREEN,45,Mumbai
CLM0020141,MUM_09883,Borivali,2023-05-11,10,0,0,0,0,0,0,0,0,0,0.0,0.0,0,0.0,1,72,2,0,0.6137,0.0872,GREEN,49,Mumbai
CLM0020142,MUM_08796,Bandra,2019-09-09,13,0,0,0,0,0,0,0,0,0,0.0,0.999935,0,0.0,0,420,3,0,0.645,0.0,GREEN,34,Mumbai
CLM0020143,MUM_05638,Bandra,2024-07-01,15,0,0,0,0,0,0,0,0,0,0.0,0.413955,0,0.0,0,420,3,4,0.0864,0.0073,GREEN,44,Mumbai
CLM0020144,MUM_09865,Lower Parel,2020-02-23,17,0,0,0,0,0,0,0,0,0,1.0,1.0,0,0.0,0,145,0,2,0.9527,0.0234,GREEN,59,Mumbai
CLM0020145,MUM_03165,Ghatkopar,2019-03-14,14,0,0,0,0,1,0,1,1,1,1.0,1.0,0,1.0,1,5,0,18,0.1302,0.0,GREEN,28,Mumbai
CLM0020146,MUM_01369,Powai,2016-07-01,17,0,0,0,0,0,0,1,0,0,0.0,0.377138,0,0.0,0,76,4,6,0.8481,0.088,GREEN,49,Mumbai
CLM0020147,MUM_06814,Andheri,2025-03-12,17,0,0,0,0,0,0,0,0,0,0.0,0.33314,0,0.0,0,380,3,2,0.6041,0.0,GREEN,47,Mumbai
CLM0020148,MUM_01887,Lower Parel,2018-08-03,17,0,0,0,0,0,0,0,0,1,0.0,0.282568,0,0.0,0,218,0,1,0.5813,0.0897,GREEN,19,Mumbai
CLM0020149,MUM_06178,Ghatkopar,2025-11-20,7,0,1,1,0,0,0,0,0,0,0.0,0.115621,0,0.0,0,284,4,3,0.05,0.069,GREEN,46,Mumbai
CLM0020150,MUM_09860,Lower Parel,2022-09-23,18,0,0,0,0,0,0,1,0,0,0.0,0.170494,0,0.0,0,364,1,4,0.1464,0.0809,GREEN,53,Mumbai
CLM0020151,MUM_02136,Bandra,2025-08-06,7,0,0,0,0,0,1,1,0,1,1.0,1.0,0,1.0,0,16,4,18,0.7361,0.0363,GREEN,39,Mumbai
CLM0020152,MUM_07064,Chembur,2024-06-13,20,0,0,0,0,0,0,0,1,0,0.0,0.153191,0,0.0,0,227,4,3,0.2105,0.0,GREEN,52,Mumbai
CLM0020153,MUM_07301,Lower Parel,2022-09-16,18,0,0,0,0,0,0,0,0,1,0.0,0.097684,0,0.0,0,383,4,1,0.5319,0.0768,GREEN,18,Mumbai
CLM0020154,MUM_06146,Chembur,2023-01-12,18,0,0,0,0,0,1,0,0,0,0.0,0.0,0,0.0,0,326,4,2,0.942,0.0687,GREEN,34,Mumbai
CLM0020155,MUM_00908,Dadar,2025-03-11,9,0,0,0,0,0,0,0,0,0,0.0,0.346215,0,0.0,0,39,3,2,0.0968,0.0098,GREEN,39,Mumbai
CLM0020156,MUM_01605,Chembur,2022-10-29,7,0,0,0,0,0,0,0,0,0,0.0,0.336969,0,1.0,0,211,3,0,0.7423,0.0,GREEN,42,Mumbai
CLM0020157,MUM_01309,Thane,2022-08-28,14,0,0,0,0,0,0,1,0,0,0.0,0.330291,0,1.0,0,66,4,0,0.2062,0.0806,GREEN,45,Mumbai
CLM0020158,MUM_06269,Vashi,2023-07-31,21,0,0,0,0,0,0,0,1,0,0.0,0.062493,0,0.0,0,420,3,3,0.6856,0.0662,GREEN,68,Mumbai
CLM0020159,MUM_00951,Vashi,2025-05-02,17,0,0,0,0,0,0,0,0,1,0.0,0.0,0,0.0,0,244,0,4,0.768,0.1303,GREEN,58,Mumbai
CLM0020160,MUM_06147,Ghatkopar,2025-08-18,12,0,0,0,0,0,0,0,0,0,0.0,0.415033,0,0.0,0,315,4,2,0.7066,0.0787,GREEN,23,Mumbai
CLM0020161,MUM_09403,Vashi,2023-05-02,17,0,0,0,0,0,0,0,0,0,0.0,0.53435,0,0.0,0,231,4,1,0.4894,0.1462,GREEN,41,Mumbai
CLM0020162,MUM_06500,Powai,2023-05-04,12,0,0,0,0,0,0,0,0,0,0.0,0.424949,0,0.0,0,109,3,0,0.9697,0.1883,GREEN,39,Mumbai
CLM0020163,MUM_07713,Andheri,2020-02-08,21,0,0,0,0,0,0,0,0,0,1.0,0.426057,0,0.0,0,269,0,5,0.5985,0.0195,GREEN,51,Mumbai
CLM0020164,MUM_05354,Dadar,2022-08-25,12,0,0,0,0,0,0,0,0,0,0.0,0.072453,0,0.0,1,48,2,0,0.7749,0.0815,GREEN,39,Mumbai
CLM0020165,MUM_06600,Andheri,2022-05-20,21,0,0,0,0,0,0,0,1,0,0.0,0.227881,1,0.0,0,246,1,0,0.7135,0.0868,GREEN,33,Mumbai
CLM0020166,MUM_04130,Borivali,2022-07-23,7,0,0,0,0,0,0,0,0,0,0.0,0.199336,0,0.0,0,105,4,0,0.9701,0.0276,GREEN,40,Mumbai
CLM0020167,MUM_02150,Dadar,2018-09-10,13,0,0,0,0,0,1,0,0,0,0.0,0.157058,0,0.0,0,350,0,0,0.7251,0.0804,GREEN,39,Mumbai
CLM0020168,MUM_07407,Lower Parel,2023-10-21,8,0,0,0,0,0,1,0,0,0,0.0,0.394456,0,0.0,0,420,3,4,0.1533,0.0256,GREEN,46,Mumbai
CLM0020169,MUM_08079,Ghatkopar,2020-08-06,9,0,0,0,0,0,0,0,0,0,1.0,0.310824,0,0.0,0,319,1,4,0.616,0.0847,GREEN,56,Mumbai
CLM0020170,MUM_00036,Vashi,2023-11-20,14,0,0,0,0,0,1,0,0,0,0.0,0.0,1,0.0,0,420,0,4,0.05,0.0673,GREEN,31,Mumbai
CLM0020171,MUM_00768,Dadar,2018-01-08,8,0,0,0,0,0,0,0,0,0,0.0,0.044215,0,0.0,0,315,0,0,0.6351,0.0,GREEN,44,Mumbai
CLM0020172,MUM_06941,Borivali,2020-06-19,9,0,0,0,0,0,0,0,0,0,0.0,0.381128,0,0.0,0,420,2,2,0.5239,0.0283,GREEN,45,Mumbai
CLM0020173,MUM_05785,Ghatkopar,2018-08-11,15,0,0,0,0,0,0,0,1,0,0.0,0.234727,0,0.0,0,382,0,4,0.1865,0.0271,GREEN,37,Mumbai
CLM0020174,MUM_00181,Borivali,2021-12-25,16,0,0,0,0,0,0,0,0,0,0.0,0.061932,0,0.0,1,98,2,0,0.5729,0.0956,GREEN,34,Mumbai
CLM0020175,MUM_04900,Chembur,2021-11-10,8,0,0,0,0,0,0,0,0,0,0.0,0.131375,0,1.0,0,62,4,1,0.622,0.0,GREEN,53,Mumbai
CLM0020176,MUM_07547,Borivali,2021-04-21,21,0,0,0,0,0,0,0,0,0,1.0,0.101914,0,0.0,0,237,4,2,0.8428,0.0897,GREEN,42,Mumbai
CLM0020177,MUM_04713,Dadar,2024-04-15,21,0,0,0,0,0,0,0,0,0,0.0,0.178492,0,0.0,0,180,4,0,0.1763,0.0,GREEN,41,Mumbai
CLM0020178,MUM_00347,Powai,2018-07-22,19,0,0,0,1,0,1,0,0,1,1.0,1.0,1,1.0,1,22,1,18,0.1699,0.1202,GREEN,50,Mumbai
CLM0020179,MUM_07919,Andheri,2023-04-14,7,0,0,0,0,0,0,0,0,0,0.0,0.111443,0,0.0,0,84,2,2,0.9338,0.0908,GREEN,62,Mumbai
CLM0020180,MUM_07131,Borivali,2025-03-04,17,0,0,0,0,0,0,0,0,0,0.0,1.0,0,0.0,0,420,2,0,0.1475,0.0476,GREEN,43,Mumbai
CLM0020181,MUM_05274,Chembur,2025-03-27,14,0,0,0,0,0,0,0,0,0,0.0,0.125019,0,0.0,0,158,1,6,0.7171,0.0749,GREEN,40,Mumbai
CLM0020182,MUM_07297,Powai,2022-06-26,13,0,0,0,0,0,0,0,0,0,0.0,0.0,0,1.0,0,419,3,0,0.7863,0.0,GREEN,36,Mumbai
CLM0020183,MUM_08160,Borivali,2023-01-24,11,0,0,0,0,1,0,0,1,0,0.0,0.0,0,0.0,0,306,0,2,0.8149,0.1477,GREEN,51,Mumbai
CLM0020184,MUM_01259,Ghatkopar,2024-12-13,20,0,0,0,0,0,0,0,0,0,0.0,0.96552,0,0.0,1,405,2,3,0.6653,0.1256,GREEN,43,Mumbai
CLM0020185,MUM_02536,Bandra,2022-06-27,15,0,0,0,0,0,0,0,0,0,0.0,0.428226,0,0.0,0,420,0,0,0.8788,0.0374,GREEN,38,Mumbai
CLM0020186,MUM_02690,Lower Parel,2025-05-20,10,0,0,0,0,0,0,0,0,0,0.0,1.0,0,0.0,0,288,0,2,0.6804,0.0317,GREEN,41,Mumbai
CLM0020187,MUM_06764,Dadar,2024-08-30,9,0,0,0,1,0,0,1,1,1,1.0,0.397902,0,1.0,0,10,3,18,0.4315,0.0,GREEN,58,Mumbai
CLM0020188,MUM_09872,Borivali,2023-07-05,15,0,0,0,0,0,0,0,0,0,0.0,0.265178,0,0.0,0,86,1,1,0.6786,0.0,GREEN,31,Mumbai
CLM0020189,MUM_02067,Andheri,2023-06-27,10,0,0,0,0,0,0,0,0,0,0.0,0.185829,0,0.0,0,420,1,0,0.2484,0.0967,GREEN,46,Mumbai
CLM0020190,MUM_06246,Andheri,2024-08-15,13,0,0,0,1,1,0,1,1,0,1.0,1.0,0,1.0,1,5,4,18,0.05,0.0,GREEN,43,Mumbai
CLM0020191,MUM_01195,Dadar,2023-10-24,14,0,0,0,0,0,0,0,0,0,0.0,0.372441,0,0.0,0,129,1,0,0.5647,0.0,GREEN,33,Mumbai
CLM0020192,MUM_04758,Andheri,2023-01-16,15,0,1,1,0,0,0,1,0,0,0.0,0.357056,0,0.0,0,326,1,3,0.1583,0.1213,GREEN,58,Mumbai
CLM0020193,MUM_00693,Powai,2024-05-11,21,0,0,0,0,0,1,0,0,0,0.0,0.026248,0,0.0,0,420,3,2,0.1357,0.0574,GREEN,44,Mumbai
CLM0020194,MUM_03390,Vashi,2025-08-20,21,0,1,1,0,0,0,0,0,0,0.0,0.127029,0,0.0,0,366,2,4,0.8444,0.6812,RED,31,Mumbai
CLM0020195,MUM_08723,Vashi,2025-09-23,12,0,1,1,1,1,0,1,1,1,1.0,0.902196,0,1.0,0,29,1,18,0.0826,0.7944,RED,61,Mumbai
CLM0020196,MUM_05427,Lower Parel,2025-04-09,11,0,1,1,0,0,0,0,0,0,0.0,0.174679,0,0.0,0,365,1,0,0.5872,0.5311,YELLOW,27,Mumbai
CLM0020197,MUM_00660,Dadar,2025-12-16,13,0,1,1,0,1,0,1,0,1,0.0,0.224636,0,1.0,1,43,2,18,0.8353,0.5875,YELLOW,36,Mumbai
CLM0020198,MUM_03021,Lower Parel,2024-07-20,8,0,0,0,0,1,0,0,0,0,1.0,0.351729,0,0.0,0,211,4,4,0.98,0.1436,GREEN,40,Mumbai
CLM0020199,MUM_06397,Powai,2024-03-31,19,0,0,0,0,0,0,0,0,0,0.0,0.21574,0,0.0,0,420,3,2,0.9438,0.0,GREEN,47,Mumbai
CLM0020200,MUM_01226,Dadar,2024-11-15,15,0,0,0,0,0,0,0,0,0,0.0,0.260036,0,1.0,0,59,3,1,0.7951,0.0003,GREEN,37,Mumbai
CLM0020201,MUM_04645,Chembur,2025-03-19,19,0,0,0,0,0,0,0,0,0,0.0,0.088889,0,0.0,0,387,2,2,0.1879,0.0,GREEN,61,Mumbai
CLM0020202,MUM_07017,Andheri,2025-10-18,14,0,0,0,0,0,0,0,0,0,0.0,0.151478,0,0.0,0,5,0,0,0.4887,0.0,GREEN,26,Mumbai
CLM0020203,MUM_03247,Lower Parel,2016-11-27,9,0,0,0,0,0,0,0,0,0,0.0,0.0,0,0.0,0,267,0,0,0.7241,0.0108,GREEN,50,Mumbai
CLM0020204,MUM_07468,Borivali,2021-01-10,20,0,0,0,0,0,0,1,1,0,0.0,0.26837,0,0.0,0,239,4,3,0.693,0.1345,GREEN,54,Mumbai
CLM0020205,MUM_00543,Vashi,2022-10-14,20,0,0,0,0,0,0,0,0,0,0.0,0.256649,0,0.0,0,200,0,1,0.1071,0.0978,GREEN,45,Mumbai
CLM0020206,MUM_05413,Lower Parel,2023-09-09,19,0,0,0,1,1,1,1,0,0,0.0,1.0,1,0.0,0,5,4,9,0.4269,0.1301,GREEN,53,Mumbai
CLM0020207,MUM_08661,Andheri,2022-07-28,13,0,0,0,0,0,0,0,0,0,0.0,0.350171,0,0.0,0,336,3,0,0.6844,0.1689,GREEN,19,Mumbai
CLM0020208,MUM_08054,Dadar,2021-12-18,20,0,0,0,0,0,0,0,0,0,0.0,0.329457,0,0.0,0,372,1,0,0.5306,0.0318,GREEN,49,Mumbai
CLM0020209,MUM_05013,Ghatkopar,2022-10-28,20,0,1,1,0,0,0,0,0,0,0.0,0.123045,0,0.0,0,169,0,7,0.5455,0.0,GREEN,54,Mumbai
CLM0020210,MUM_08443,Dadar,2016-09-21,14,0,0,0,1,0,1,0,0,0,0.0,0.370267,0,0.0,0,118,0,2,0.8013,0.2966,GREEN,55,Mumbai
CLM0020211,MUM_01938,Dadar,2024-06-03,20,0,0,0,0,0,0,0,0,0,0.0,0.339733,0,0.0,0,211,2,1,0.5784,0.032,GREEN,45,Mumbai
CLM0020212,MUM_07446,Powai,2016-09-04,10,0,0,0,0,0,0,0,0,0,0.0,0.07654,0,0.0,0,224,1,0,0.5801,0.0,GREEN,54,Mumbai
CLM0020213,MUM_06787,Lower Parel,2024-09-03,18,0,0,0,0,0,0,0,0,0,0.0,0.271075,0,0.0,0,121,4,2,0.596,0.0406,GREEN,40,Mumbai
CLM0020214,MUM_09920,Andheri,2019-09-16,19,0,0,0,0,0,0,0,0,0,0.0,0.148271,0,0.0,0,100,4,2,0.9596,0.0,GREEN,42,Mumbai
CLM0020215,MUM_05621,Vashi,2023-02-26,10,0,0,0,0,0,0,1,1,1,0.0,0.342129,0,0.0,0,44,3,4,0.98,0.2667,GREEN,53,Mumbai
CLM0020216,MUM_03651,Lower Parel,2022-08-21,21,0,0,0,0,0,0,0,0,0,1.0,0.388081,0,0.0,0,420,3,1,0.8272,0.0624,GREEN,32,Mumbai
CLM0020217,MUM_09847,Borivali,2021-07-08,18,0,0,0,0,0,0,0,0,0,0.0,0.160588,0,0.0,0,254,1,4,0.6213,0.0222,GREEN,63,Mumbai
CLM0020218,MUM_04851,Lower Parel,2024-07-25,21,0,0,0,0,0,0,0,0,0,0.0,0.060951,0,0.0,0,276,3,3,0.0977,0.0106,GREEN,56,Mumbai
CLM0020219,MUM_00473,Chembur,2025-03-27,18,0,0,0,0,0,0,0,0,0,0.0,0.18962,0,0.0,0,301,0,4,0.6946,0.0245,GREEN,52,Mumbai
CLM0020220,MUM_00821,Lower Parel,2022-03-30,7,0,0,0,0,0,0,0,0,0,0.0,0.34917,0,0.0,0,352,3,3,0.6171,0.0,GREEN,38,Mumbai
CLM0020221,MUM_03499,Ghatkopar,2022-06-19,7,0,0,0,0,0,0,1,0,0,0.0,0.184984,0,0.0,0,392,1,2,0.1299,0.1144,GREEN,54,Mumbai
CLM0020222,MUM_00006,Andheri,2021-05-21,7,0,0,0,0,0,0,0,0,0,0.0,0.0,0,0.0,0,162,2,3,0.9391,0.0,GREEN,51,Mumbai
CLM0020223,MUM_09869,Borivali,2020-07-16,16,0,0,0,0,0,0,0,0,0,0.0,0.165517,0,0.0,0,127,2,5,0.0628,0.0,GREEN,35,Mumbai
CLM0020224,MUM_06016,Dadar,2021-04-19,10,0,0,0,0,0,0,0,0,0,0.0,0.358009,0,0.0,0,318,3,3,0.4723,0.0,GREEN,45,Mumbai
CLM0020225,MUM_00518,Ghatkopar,2022-03-03,18,0,1,1,0,0,1,0,0,0,0.0,0.004829,0,0.0,0,392,1,6,0.6658,0.1015,GREEN,41,Mumbai
CLM0020226,MUM_04865,Dadar,2025-05-15,14,0,0,0,0,0,0,0,0,0,0.0,0.288032,0,0.0,0,420,2,8,0.6624,0.1038,GREEN,46,Mumbai
CLM0020227,MUM_02456,Vashi,2020-08-12,12,0,0,0,0,0,0,0,0,0,0.0,0.0,0,0.0,0,116,2,2,0.7365,0.0,GREEN,50,Mumbai
CLM0020228,MUM_03206,Thane,2023-09-18,20,0,0,0,0,0,0,0,0,0,1.0,0.963204,0,0.0,0,294,3,1,0.8351,0.0908,GREEN,42,Mumbai
CLM0020229,MUM_05706,Thane,2019-02-12,16,0,0,0,0,0,1,0,0,0,0.0,0.123661,0,0.0,0,117,4,5,0.7422,0.0603,GREEN,23,Mumbai
CLM0020230,MUM_09901,Borivali,2023-05-21,7,0,0,0,0,0,0,1,0,0,0.0,0.095713,0,0.0,0,153,1,2,0.929,0.0754,GREEN,26,Mumbai
CLM0020231,MUM_06828,Thane,2021-07-31,20,0,1,1,0,0,0,0,0,0,0.0,0.282927,0,0.0,0,228,3,2,0.9101,0.0486,GREEN,51,Mumbai
CLM0020232,MUM_06391,Chembur,2022-07-06,11,0,0,0,0,1,0,0,0,0,0.0,0.169214,0,0.0,0,343,0,1,0.6326,0.0727,GREEN,55,Mumbai
CLM0020233,MUM_02357,Thane,2022-08-05,18,0,0,0,0,0,0,0,0,0,0.0,0.081546,0,0.0,0,319,1,1,0.8018,0.0,GREEN,26,Mumbai
CLM0020234,MUM_04684,Dadar,2024-10-07,8,0,0,0,0,0,0,0,1,0,0.0,0.175262,0,0.0,0,273,4,2,0.2519,0.1115,GREEN,58,Mumbai
CLM0020235,MUM_06263,Thane,2016-04-21,17,0,0,0,0,0,0,0,1,0,0.0,0.0,0,0.0,0,5,3,3,0.98,0.1018,GREEN,39,Mumbai
CLM0020236,MUM_06366,Vashi,2024-11-26,13,0,0,0,0,0,0,0,0,0,0.0,0.009501,0,0.0,0,420,2,2,0.8916,0.1215,GREEN,43,Mumbai
CLM0020237,MUM_04534,Vashi,2017-02-15,8,0,0,0,0,0,0,1,1,1,0.0,0.197992,0,0.0,0,349,4,1,0.5839,0.3185,YELLOW,57,Mumbai
CLM0020238,MUM_08945,Chembur,2020-04-27,19,0,0,0,0,0,0,0,0,0,0.0,0.12208,0,0.0,0,62,3,3,0.8298,0.0273,GREEN,45,Mumbai
CLM0020239,MUM_01649,Lower Parel,2020-09-07,19,0,0,0,0,0,0,0,0,0,0.0,0.111565,0,0.0,0,420,3,2,0.98,0.0,GREEN,44,Mumbai
CLM0020240,MUM_08251,Chembur,2025-12-29,10,0,0,0,0,1,0,0,0,0,0.0,0.389959,0,0.0,0,52,1,2,0.5914,0.1405,GREEN,43,Mumbai
CLM0020241,MUM_00694,Dadar,2023-05-16,13,0,0,0,0,0,0,0,0,0,1.0,0.047273,0,0.0,0,26,4,4,0.7269,0.0,GREEN,52,Mumbai
CLM0020242,MUM_06802,Bandra,2019-05-30,11,0,0,0,0,0,0,0,0,0,0.0,0.209818,0,0.0,0,103,3,1,0.9353,0.0,GREEN,31,Mumbai
CLM0020243,MUM_09570,Thane,2022-01-03,21,0,0,0,1,1,1,1,1,0,1.0,1.0,0,1.0,0,5,1,18,0.5626,0.0,GREEN,38,Mumbai
CLM0020244,MUM_06764,Dadar,2023-08-08,19,0,0,0,0,0,0,0,0,1,1.0,0.225626,0,0.0,0,17,4,6,0.5055,0.3519,YELLOW,58,Mumbai
CLM0020245,MUM_05635,Ghatkopar,2019-05-23,12,0,0,0,0,0,0,0,0,0,1.0,0.236779,0,0.0,0,197,3,1,0.883,0.0583,GREEN,41,Mumbai
CLM0020246,MUM_05954,Ghatkopar,2019-03-08,7,0,0,0,0,0,0,0,0,0,0.0,0.222156,0,0.0,0,35,0,3,0.9102,0.0,GREEN,32,Mumbai
CLM0020247,MUM_04401,Powai,2025-08-23,18,0,0,0,0,0,0,0,0,0,0.0,0.1985,0,0.0,0,253,3,1,0.636,0.0,GREEN,44,Mumbai
CLM0020248,MUM_03044,Powai,2024-01-26,18,0,0,0,0,0,0,0,1,0,0.0,0.34247,0,0.0,0,162,4,3,0.98,0.0,GREEN,47,Mumbai
CLM0020249,MUM_01283,Thane,2024-11-13,14,0,0,0,0,0,0,0,0,0,0.0,0.0,0,1.0,0,382,1,4,0.8318,0.0391,GREEN,32,Mumbai
CLM0020250,MUM_03821,Chembur,2025-07-22,9,0,0,0,0,0,0,0,0,0,0.0,0.449735,0,0.0,0,303,1,0,0.7725,0.0622,GREEN,41,Mumbai
CLM0020251,MUM_09610,Powai,2024-05-26,9,0,0,0,0,0,0,0,0,0,1.0,0.975314,0,1.0,0,420,3,2,0.9534,0.0132,GREEN,54,Mumbai
CLM0020252,MUM_01598,Lower Parel,2023-04-18,10,0,0,0,0,0,0,0,0,0,0.0,0.210425,0,0.0,0,229,4,4,0.9154,0.0,GREEN,37,Mumbai
CLM0020253,MUM_00989,Ghatkopar,2023-09-11,15,0,0,0,0,0,0,1,0,0,1.0,0.215927,0,0.0,1,307,3,3,0.6283,0.1954,GREEN,43,Mumbai
CLM0020254,MUM_02124,Andheri,2023-09-26,15,0,0,0,0,0,0,0,0,0,0.0,1.0,0,0.0,0,420,3,0,0.594,0.0,GREEN,40,Mumbai
CLM0020255,MUM_04996,Powai,2023-12-10,9,0,0,0,0,0,0,0,1,0,0.0,0.066676,0,0.0,0,38,4,2,0.2552,0.1437,GREEN,36,Mumbai
CLM0020256,MUM_05112,Borivali,2024-06-15,21,0,0,0,0,0,1,0,0,0,0.0,0.360329,0,1.0,0,149,2,6,0.74,0.0777,GREEN,41,Mumbai
CLM0020257,MUM_06855,Bandra,2025-02-21,7,0,0,0,0,0,0,0,0,0,0.0,0.229936,0,0.0,0,392,1,7,0.7353,0.0046,GREEN,18,Mumbai
CLM0020258,MUM_07379,Borivali,2025-08-15,21,0,0,0,0,0,0,0,0,0,1.0,0.283722,0,0.0,0,374,3,2,0.5963,0.0429,GREEN,41,Mumbai
CLM0020259,MUM_06893,Thane,2024-07-11,19,0,0,0,0,0,0,1,0,0,0.0,0.073739,0,0.0,0,407,3,5,0.9425,0.1409,GREEN,55,Mumbai
CLM0020260,MUM_04207,Ghatkopar,2023-06-10,21,0,0,0,0,0,0,0,0,0,0.0,0.870857,0,0.0,0,420,4,6,0.792,0.0728,GREEN,57,Mumbai
CLM0020261,MUM_01969,Powai,2025-12-13,9,0,0,0,0,0,0,0,0,0,0.0,0.126281,0,0.0,0,352,4,2,0.3864,0.0021,GREEN,38,Mumbai
CLM0020262,MUM_05906,Bandra,2022-11-02,18,0,0,0,0,0,0,0,0,0,1.0,0.126398,0,0.0,0,233,1,3,0.0647,0.1706,GREEN,37,Mumbai
CLM0020263,MUM_05511,Powai,2025-09-05,10,0,0,0,0,0,0,0,1,0,0.0,0.174452,0,0.0,0,420,4,4,0.6112,0.1726,GREEN,43,Mumbai
CLM0020264,MUM_00995,Bandra,2024-10-09,11,0,0,0,0,0,0,1,0,0,0.0,0.359851,0,0.0,0,420,3,1,0.7065,0.0,GREEN,47,Mumbai
CLM0020265,MUM_09721,Bandra,2025-11-27,17,0,0,0,0,1,0,0,0,0,0.0,0.315678,0,0.0,0,242,2,2,0.6939,0.0969,GREEN,44,Mumbai
CLM0020266,MUM_01151,Dadar,2025-05-23,13,0,0,0,0,0,0,0,1,0,0.0,0.194957,0,0.0,0,281,1,0,0.9296,0.0647,GREEN,47,Mumbai
CLM0020267,MUM_07917,Dadar,2025-07-09,7,0,0,0,0,0,0,1,0,0,0.0,0.153829,0,0.0,0,274,1,4,0.808,0.0921,GREEN,28,Mumbai
CLM0020268,MUM_06321,Thane,2024-11-01,17,0,0,0,1,0,1,1,0,1,1.0,0.992298,0,0.0,1,5,1,18,0.2129,0.0,GREEN,55,Mumbai
CLM0020269,MUM_05059,Vashi,2025-12-11,7,0,0,0,0,0,0,0,1,0,0.0,1.0,0,0.0,0,420,4,2,0.8382,0.1101,GREEN,29,Mumbai
CLM0020270,MUM_02071,Vashi,2025-08-15,13,0,0,0,1,0,0,0,0,0,0.0,0.20563,1,0.0,0,121,0,0,0.0852,0.1564,GREEN,29,Mumbai
CLM0020271,MUM_04257,Dadar,2023-04-15,10,0,1,1,1,0,1,0,1,1,1.0,0.327653,0,0.0,1,5,0,18,0.05,0.7825,RED,51,Mumbai
CLM0020272,MUM_01560,Borivali,2025-06-11,12,0,1,1,1,0,0,1,1,1,1.0,0.942885,1,0.0,1,5,1,18,0.05,0.7079,RED,25,Mumbai
CLM0020273,MUM_07218,Borivali,2023-12-04,17,0,1,1,0,1,0,0,0,1,0.0,0.057985,0,0.0,1,133,0,1,0.6362,0.4996,YELLOW,40,Mumbai
CLM0020274,MUM_02004,Powai,2024-01-10,9,0,1,1,0,0,0,0,0,0,0.0,0.240617,0,1.0,0,124,0,0,0.9544,0.5971,YELLOW,23,Mumbai
CLM0020275,MUM_03560,Borivali,2019-11-22,18,0,0,0,0,0,0,0,0,1,0.0,0.14324,0,0.0,0,392,0,3,0.4052,0.1496,GREEN,27,Mumbai
CLM0020276,MUM_04829,Dadar,2015-09-24,8,0,0,0,0,0,0,1,0,0,0.0,0.0,0,0.0,0,372,2,3,0.0699,0.0238,GREEN,43,Mumbai
CLM0020277,MUM_06436,Borivali,2023-11-29,19,0,0,0,0,0,0,0,0,0,1.0,0.043711,0,0.0,0,290,3,2,0.7431,0.1008,GREEN,46,Mumbai
CLM0020278,MUM_00777,Thane,2017-05-01,9,0,0,0,0,0,0,0,0,1,0.0,0.409116,1,0.0,0,420,4,2,0.7091,0.2589,GREEN,43,Mumbai
CLM0020279,MUM_06114,Ghatkopar,2025-05-04,14,0,0,0,0,0,0,0,0,0,0.0,0.368301,0,0.0,0,420,4,1,0.8885,0.0,GREEN,51,Mumbai
CLM0020280,MUM_05037,Powai,2025-01-11,11,0,1,1,0,0,0,1,0,1,1.0,1.0,0,1.0,0,76,1,0,0.9234,0.2513,GREEN,38,Mumbai
CLM0020281,MUM_04889,Dadar,2021-03-09,16,0,0,0,0,0,0,0,0,1,1.0,0.182531,0,0.0,0,357,1,0,0.6842,0.1517,GREEN,58,Mumbai
CLM0020282,MUM_04870,Lower Parel,2019-03-08,12,0,0,0,0,0,0,0,0,0,0.0,0.205269,0,0.0,0,392,2,0,0.6719,0.033,GREEN,51,Mumbai
CLM0020283,MUM_02784,Lower Parel,2024-08-19,16,0,0,0,0,0,1,0,1,1,0.0,0.147497,0,0.0,0,218,0,5,0.8459,0.4251,YELLOW,39,Mumbai
CLM0020284,MUM_09329,Vashi,2024-12-17,10,0,0,0,0,0,0,1,0,0,0.0,0.43443,0,0.0,0,420,1,4,0.98,0.1312,GREEN,56,Mumbai
CLM0020285,MUM_06299,Chembur,2024-07-25,21,0,0,0,0,0,0,0,0,0,0.0,0.158104,0,0.0,0,276,0,0,0.8597,0.0755,GREEN,57,Mumbai
CLM0020286,MUM_04365,Borivali,2024-07-22,17,0,0,0,0,0,0,0,0,0,0.0,0.213958,0,0.0,0,335,2,0,0.901,0.0022,GREEN,65,Mumbai
CLM0020287,MUM_02611,Dadar,2024-03-30,18,0,0,0,0,0,0,1,0,0,0.0,0.0,0,0.0,1,125,4,1,0.6271,0.1515,GREEN,33,Mumbai
CLM0020288,MUM_06072,Vashi,2025-06-11,13,0,0,0,0,0,0,0,0,0,0.0,0.092916,0,0.0,0,420,0,2,0.9356,0.0139,GREEN,43,Mumbai
CLM0020289,MUM_03889,Borivali,2024-06-25,21,0,0,0,0,0,0,0,0,0,0.0,0.118162,0,0.0,0,420,0,5,0.98,0.0,GREEN,27,Mumbai
CLM0020290,MUM_03775,Lower Parel,2025-09-18,21,0,0,0,0,0,0,0,0,0,0.0,0.279622,0,0.0,0,330,1,6,0.6444,0.089,GREEN,33,Mumbai
CLM0020291,MUM_01210,Chembur,2024-03-26,7,0,0,0,1,0,1,0,0,0,0.0,0.96263,0,0.0,0,270,4,0,0.6185,0.1968,GREEN,52,Mumbai
CLM0020292,MUM_08967,Lower Parel,2018-07-02,20,0,0,0,0,0,0,0,0,0,0.0,0.413662,0,0.0,0,216,2,1,0.5585,0.0574,GREEN,56,Mumbai
CLM0020293,MUM_02384,Andheri,2018-11-13,12,1,0,0,0,0,1,0,0,0,0.0,0.270097,0,0.0,0,420,3,2,0.725,0.0595,GREEN,63,Mumbai
CLM0020294,MUM_06288,Bandra,2021-02-07,11,0,0,0,0,0,0,0,0,0,1.0,0.155753,0,0.0,0,358,4,2,0.6123,0.1645,GREEN,34,Mumbai
CLM0020295,MUM_07546,Chembur,2023-07-20,12,0,0,0,0,0,0,0,1,0,1.0,0.352204,0,0.0,0,420,2,0,0.181,0.1545,GREEN,50,Mumbai
CLM0020296,MUM_00541,Borivali,2021-09-22,19,0,0,0,0,0,0,0,0,0,0.0,1.0,0,0.0,0,201,2,5,0.8034,0.0,GREEN,56,Mumbai
CLM0020297,MUM_07106,Thane,2024-06-15,18,0,0,0,0,0,0,0,0,0,0.0,0.39659,0,0.0,0,329,4,6,0.9343,0.0584,GREEN,27,Mumbai
CLM0020298,MUM_05973,Lower Parel,2024-08-27,15,0,0,0,0,0,0,0,0,0,0.0,0.346484,0,0.0,0,420,4,3,0.2933,0.0597,GREEN,29,Mumbai
CLM0020299,MUM_02008,Chembur,2024-11-26,9,0,0,0,0,0,0,0,0,0,0.0,0.284906,0,0.0,0,420,3,3,0.6438,0.0031,GREEN,52,Mumbai
CLM0020300,MUM_06281,Bandra,2025-10-08,10,0,0,0,0,0,0,0,0,0,0.0,0.016075,0,0.0,0,420,4,0,0.8315,0.0155,GREEN,32,Mumbai
CLM0020301,MUM_04106,Dadar,2024-05-12,21,0,0,0,0,0,0,0,1,0,0.0,0.112364,0,0.0,0,420,0,7,0.1366,0.1165,GREEN,26,Mumbai
CLM0020302,MUM_09080,Ghatkopar,2024-05-05,19,0,0,0,0,0,1,0,0,0,0.0,0.128319,0,0.0,0,230,3,0,0.8779,0.1337,GREEN,42,Mumbai
CLM0020303,MUM_07073,Lower Parel,2024-06-25,11,0,0,0,0,0,0,0,0,0,0.0,0.445057,0,0.0,0,420,4,0,0.8748,0.0437,GREEN,61,Mumbai
CLM0020304,MUM_05127,Borivali,2024-08-19,7,0,0,0,0,0,0,0,0,0,0.0,1.0,0,0.0,0,420,3,1,0.8853,0.0,GREEN,51,Mumbai
CLM0020305,MUM_04059,Borivali,2025-05-07,9,0,0,0,0,0,0,0,0,0,1.0,1.0,0,1.0,0,123,1,5,0.5739,0.0,GREEN,34,Mumbai
CLM0020306,MUM_08971,Powai,2024-12-18,17,0,0,0,0,0,0,0,0,0,0.0,0.164104,0,0.0,0,420,2,0,0.8897,0.0,GREEN,32,Mumbai
CLM0020307,MUM_03748,Bandra,2025-10-13,10,0,0,0,0,0,0,0,0,0,0.0,0.359487,0,0.0,0,142,4,0,0.6041,0.0,GREEN,40,Mumbai
CLM0020308,MUM_01303,Vashi,2021-11-15,9,0,0,0,1,0,0,0,1,1,0.0,0.0,1,1.0,1,5,4,18,0.8604,0.0719,GREEN,49,Mumbai
CLM0020309,MUM_01806,Lower Parel,2019-07-15,14,0,0,0,0,0,0,0,0,0,0.0,0.069801,0,0.0,1,62,1,0,0.98,0.042,GREEN,48,Mumbai
CLM0020310,MUM_08674,Andheri,2022-06-27,15,0,0,0,0,0,0,0,0,0,0.0,0.303142,0,0.0,0,296,0,2,0.72,0.0,GREEN,48,Mumbai
CLM0020311,MUM_07989,Bandra,2021-07-30,16,0,0,0,1,1,0,1,1,0,0.0,0.138924,0,0.0,1,32,3,18,0.9342,0.0745,GREEN,55,Mumbai
CLM0020312,MUM_00725,Andheri,2023-01-18,8,0,0,0,0,0,0,0,0,0,0.0,0.001385,0,0.0,0,420,4,6,0.9395,0.0,GREEN,58,Mumbai
CLM0020313,MUM_08756,Thane,2024-10-23,9,0,0,0,0,0,0,0,0,0,0.0,0.151828,0,0.0,0,71,3,2,0.98,0.0375,GREEN,47,Mumbai
CLM0020314,MUM_04481,Borivali,2021-02-05,21,0,0,0,1,1,0,1,1,1,0.0,0.063474,0,0.0,1,5,0,18,0.98,0.0,GREEN,42,Mumbai
CLM0020315,MUM_02003,Dadar,2025-03-04,13,0,0,0,1,0,0,1,1,1,1.0,0.995202,0,1.0,0,7,4,18,0.0816,0.0825,GREEN,25,Mumbai
CLM0020316,MUM_03014,Lower Parel,2023-10-01,21,0,0,0,0,0,0,0,1,0,0.0,0.308375,0,0.0,0,230,4,0,0.3132,0.1534,GREEN,28,Mumbai
CLM0020317,MUM_06245,Ghatkopar,2020-01-17,12,0,0,0,0,0,0,0,0,1,0.0,0.405769,0,0.0,0,327,3,0,0.8746,0.2148,GREEN,42,Mumbai
CLM0020318,MUM_03735,Dadar,2025-02-25,13,0,0,0,0,0,0,0,0,0,0.0,0.316598,0,0.0,0,121,4,5,0.8851,0.0218,GREEN,44,Mumbai
CLM0020319,MUM_03081,Borivali,2021-08-15,18,0,0,0,0,0,0,0,0,0,0.0,0.137206,0,0.0,0,145,4,4,0.5126,0.0698,GREEN,55,Mumbai
CLM0020320,MUM_04397,Bandra,2023-10-23,8,0,1,1,0,0,1,0,0,0,0.0,0.10319,0,0.0,0,31,1,0,0.7155,0.6131,RED,40,Mumbai
CLM0020321,MUM_02613,Powai,2025-06-19,8,0,1,1,1,0,1,1,1,1,0.0,0.007155,0,0.0,1,25,0,18,0.9503,0.6244,RED,36,Mumbai
CLM0020322,MUM_03092,Thane,2024-01-31,19,0,1,1,0,0,0,0,0,1,0.0,0.93289,1,1.0,1,14,2,18,0.3702,0.4761,YELLOW,37,Mumbai
CLM0020323,MUM_04819,Dadar,2023-06-02,17,0,1,1,0,0,0,0,0,0,1.0,0.087202,0,0.0,0,139,2,4,0.695,0.7411,RED,56,Mumbai
CLM0020324,MUM_01391,Lower Parel,2025-11-08,16,0,1,1,1,1,0,1,0,1,0.0,0.108231,0,0.0,0,13,2,13,0.7875,0.5531,YELLOW,29,Mumbai
CLM0020325,MUM_03984,Dadar,2025-03-31,16,0,1,1,0,1,0,1,1,0,1.0,0.997068,0,0.0,0,5,1,18,0.4695,0.5484,YELLOW,20,Mumbai
CLM0020326,MUM_00942,Thane,2025-08-17,19,0,1,1,1,1,0,1,1,1,1.0,0.996916,1,1.0,1,5,2,18,0.7908,0.8974,RED,51,Mumbai
CLM0020327,MUM_00671,Borivali,2022-11-30,12,0,1,1,0,1,0,1,1,0,0.0,1.0,0,0.0,0,11,0,11,0.3334,0.4033,YELLOW,39,Mumbai
CLM0020328,MUM_01463,Andheri,2024-09-10,11,0,1,1,1,0,1,1,0,1,0.0,0.149344,0,0.0,0,12,2,18,0.8802,0.6706,RED,36,Mumbai
CLM0020329,MUM_01966,Dadar,2017-05-17,17,0,0,0,0,0,0,0,0,0,0.0,0.199092,0,1.0,0,194,1,0,0.5495,0.021,GREEN,36,Mumbai
CLM0020330,MUM_07420,Borivali,2022-04-07,19,0,0,0,0,0,0,0,0,0,0.0,0.21298,0,0.0,0,420,3,3,0.1778,0.0228,GREEN,44,Mumbai
CLM0020331,MUM_00894,Ghatkopar,2022-08-02,9,0,0,0,0,0,0,0,1,0,1.0,0.00684,0,0.0,0,352,1,1,0.0976,0.2834,GREEN,41,Mumbai
CLM0020332,MUM_00381,Ghatkopar,2020-12-26,17,0,0,0,0,0,0,0,1,0,0.0,0.411247,0,0.0,0,327,3,0,0.05,0.1084,GREEN,43,Mumbai
CLM0020333,MUM_01926,Andheri,2020-08-24,18,0,0,0,0,0,0,0,0,0,0.0,0.0,0,0.0,0,19,1,5,0.98,0.0693,GREEN,41,Mumbai
CLM0020334,MUM_08958,Borivali,2025-04-05,20,0,0,0,0,0,1,0,0,0,0.0,0.190995,0,0.0,0,97,1,0,0.6212,0.0799,GREEN,27,Mumbai
CLM0020335,MUM_07502,Bandra,2022-05-08,11,0,0,0,0,0,0,0,0,0,0.0,0.397917,0,0.0,0,420,3,0,0.8237,0.0011,GREEN,34,Mumbai
CLM0020336,MUM_04910,Bandra,2022-10-27,10,0,0,0,0,0,0,1,0,0,0.0,0.435833,0,0.0,0,299,1,2,0.543,0.0673,GREEN,30,Mumbai
CLM0020337,MUM_00327,Andheri,2023-02-20,8,0,0,0,0,0,0,0,0,0,1.0,0.208805,0,0.0,0,58,2,4,0.1063,0.1267,GREEN,41,Mumbai
CLM0020338,MUM_01062,Borivali,2022-10-30,12,0,0,0,0,0,0,0,0,0,0.0,0.311632,0,0.0,0,246,2,2,0.8634,0.0304,GREEN,30,Mumbai
CLM0020339,MUM_00435,Lower Parel,2024-04-22,15,0,0,0,0,0,1,0,0,0,0.0,0.144528,0,0.0,0,99,2,2,0.5467,0.2578,GREEN,47,Mumbai
CLM0020340,MUM_09841,Dadar,2024-04-11,14,0,1,1,0,0,0,0,0,0,0.0,0.230488,0,0.0,0,361,0,8,0.7312,0.0,GREEN,55,Mumbai
CLM0020341,MUM_04603,Ghatkopar,2023-06-19,21,0,0,0,0,0,0,1,0,0,0.0,0.37482,0,0.0,0,143,4,3,0.7197,0.071,GREEN,42,Mumbai
CLM0020342,MUM_00601,Borivali,2022-04-03,20,0,0,0,0,0,0,0,0,0,0.0,0.280822,0,0.0,0,420,0,5,0.9513,0.0,GREEN,28,Mumbai
CLM0020343,MUM_03576,Powai,2024-09-17,9,0,0,0,0,0,0,0,0,0,0.0,0.226122,0,0.0,0,253,4,2,0.1506,0.0,GREEN,35,Mumbai
CLM0020344,MUM_04833,Thane,2022-06-20,21,0,0,0,0,0,0,0,0,0,0.0,0.0,0,0.0,0,319,0,4,0.98,0.055,GREEN,28,Mumbai
CLM0020345,MUM_06873,Chembur,2025-08-05,7,0,0,0,0,0,0,0,0,0,0.0,0.194385,0,0.0,0,68,2,1,0.6861,0.0477,GREEN,45,Mumbai
CLM0020346,MUM_08761,Vashi,2024-09-15,7,0,0,0,0,0,0,0,0,0,0.0,0.402481,0,0.0,0,320,0,0,0.5673,0.0383,GREEN,50,Mumbai
CLM0020347,MUM_05706,Thane,2025-04-03,15,0,0,0,1,0,0,1,0,0,0.0,0.142833,1,0.0,0,80,0,2,0.1829,0.3079,GREEN,23,Mumbai
CLM0020348,MUM_08950,Andheri,2025-01-10,20,0,0,0,0,0,0,0,0,0,0.0,0.340705,0,0.0,0,95,0,4,0.8159,0.0,GREEN,41,Mumbai
CLM0020349,MUM_09170,Andheri,2025-02-12,20,0,0,0,1,0,0,0,0,0,0.0,0.141691,0,0.0,0,384,0,4,0.4838,0.1092,GREEN,36,Mumbai
CLM0020350,MUM_03180,Vashi,2024-12-08,21,0,0,0,0,0,0,0,0,0,0.0,0.403357,0,0.0,0,392,4,4,0.8758,0.0,GREEN,48,Mumbai
CLM0020351,MUM_08874,Chembur,2021-01-01,20,0,0,0,0,0,1,1,1,1,0.0,0.266592,0,1.0,0,5,4,18,0.2984,0.0696,GREEN,53,Mumbai
CLM0020352,MUM_09930,Thane,2023-12-08,19,0,0,0,0,0,0,0,0,0,1.0,0.047158,0,0.0,0,15,2,3,0.9225,0.1707,GREEN,43,Mumbai
CLM0020353,MUM_05611,Borivali,2022-02-11,16,0,0,0,0,0,0,0,0,0,0.0,1.0,0,0.0,0,184,1,2,0.7099,0.0,GREEN,18,Mumbai
CLM0020354,MUM_03223,Chembur,2024-08-31,17,0,0,0,0,0,0,0,0,0,0.0,0.286758,0,0.0,0,261,1,0,0.573,0.0,GREEN,32,Mumbai
CLM0020355,MUM_07404,Powai,2025-01-23,13,0,0,0,0,0,0,0,0,0,0.0,0.20245,0,0.0,0,150,0,0,0.5105,0.0336,GREEN,24,Mumbai
CLM0020356,MUM_08161,Vashi,2021-05-13,16,0,0,0,0,0,0,0,0,0,0.0,0.20482,0,0.0,0,11,0,2,0.7193,0.0,GREEN,46,Mumbai
CLM0020357,MUM_00784,Chembur,2024-09-03,7,0,0,0,0,0,1,0,0,0,0.0,1.0,0,1.0,0,133,3,4,0.2463,0.0434,GREEN,33,Mumbai
CLM0020358,MUM_07469,Chembur,2023-11-25,16,0,0,0,0,0,0,0,0,0,0.0,0.429549,0,0.0,0,178,3,0,0.7763,0.0145,GREEN,56,Mumbai
CLM0020359,MUM_00029,Thane,2025-08-24,16,0,0,0,1,1,1,0,1,0,0.0,0.153111,1,0.0,0,5,2,18,0.8936,0.0,GREEN,49,Mumbai
CLM0020360,MUM_07645,Ghatkopar,2025-10-24,21,0,0,0,0,0,0,0,0,0,0.0,0.368491,0,1.0,0,126,2,3,0.98,0.0146,GREEN,46,Mumbai
CLM0020361,MUM_06495,Bandra,2025-05-27,13,0,0,0,0,0,0,0,0,0,0.0,0.967974,0,0.0,0,336,1,3,0.6071,0.0,GREEN,43,Mumbai
CLM0020362,MUM_00817,Lower Parel,2023-12-30,12,0,0,0,0,0,0,0,0,0,0.0,0.231187,0,0.0,0,126,0,0,0.1574,0.0,GREEN,44,Mumbai
CLM0020363,MUM_05891,Chembur,2024-11-08,17,0,0,0,0,0,0,0,0,0,0.0,0.934287,0,0.0,0,15,4,1,0.8302,0.0681,GREEN,47,Mumbai
CLM0020364,MUM_09533,Vashi,2019-12-04,8,0,0,0,0,0,1,1,1,1,1.0,0.129747,0,0.0,0,35,3,18,0.9158,0.0037,GREEN,48,Mumbai
CLM0020365,MUM_05727,Lower Parel,2020-10-20,20,0,0,0,0,0,0,0,0,0,0.0,0.305176,0,0.0,0,342,1,7,0.9368,0.0,GREEN,28,Mumbai
CLM0020366,MUM_00718,Vashi,2022-03-19,16,0,0,0,0,0,0,0,0,0,0.0,0.237879,0,0.0,0,212,0,7,0.8728,0.1892,GREEN,59,Mumbai
CLM0020367,MUM_03585,Chembur,2023-01-31,20,0,0,0,0,0,0,0,0,0,1.0,0.0,1,0.0,1,350,1,2,0.3405,0.2368,GREEN,41,Mumbai
CLM0020368,MUM_02507,Ghatkopar,2024-12-01,18,0,1,1,0,0,0,0,0,0,0.0,0.336911,0,0.0,0,190,2,5,0.9513,0.0373,GREEN,44,Mumbai
CLM0020369,MUM_08479,Lower Parel,2022-01-23,12,0,0,0,0,0,0,0,0,0,1.0,0.194248,0,0.0,0,420,1,7,0.98,0.0291,GREEN,40,Mumbai
CLM0020370,MUM_09556,Powai,2023-12-10,7,0,1,1,0,0,0,1,0,0,0.0,1.0,0,0.0,0,74,4,7,0.7729,0.0327,GREEN,48,Mumbai
CLM0020371,MUM_09960,Vashi,2022-04-23,15,0,0,0,0,0,0,0,0,1,0.0,0.202627,0,0.0,0,178,4,2,0.8079,0.2446,GREEN,47,Mumbai
CLM0020372,MUM_08568,Powai,2023-11-03,18,0,0,0,0,0,0,0,0,0,0.0,0.196954,0,0.0,0,420,2,0,0.7657,0.0,GREEN,30,Mumbai
CLM0020373,MUM_09806,Dadar,2019-07-30,14,0,0,0,0,0,1,0,0,0,0.0,0.276913,0,0.0,0,172,2,1,0.8516,0.0,GREEN,38,Mumbai
CLM0020374,MUM_08142,Thane,2022-04-10,8,0,0,0,0,0,0,0,0,0,0.0,0.301554,0,0.0,0,211,3,0,0.7272,0.0185,GREEN,19,Mumbai
CLM0020375,MUM_03898,Lower Parel,2022-07-26,13,0,0,0,0,0,0,0,0,0,1.0,0.014738,0,0.0,0,420,3,3,0.05,0.0614,GREEN,50,Mumbai
CLM0020376,MUM_01299,Bandra,2025-04-21,10,0,1,1,1,0,0,0,1,0,1.0,0.958978,0,1.0,0,30,1,1,0.1877,0.2777,GREEN,47,Mumbai
CLM0020377,MUM_08849,Vashi,2022-09-25,15,0,1,1,1,1,1,1,1,0,0.0,0.231735,0,1.0,0,32,3,18,0.05,0.0902,GREEN,32,Mumbai
CLM0020378,MUM_00165,Thane,2022-11-11,18,0,0,0,0,0,0,0,0,0,0.0,0.488228,0,0.0,0,69,1,1,0.5605,0.0,GREEN,31,Mumbai
CLM0020379,MUM_07535,Dadar,2025-05-16,8,0,0,0,0,0,0,0,0,0,0.0,1.0,0,0.0,0,154,2,1,0.98,0.0,GREEN,36,Mumbai
CLM0020380,MUM_06602,Powai,2025-04-19,13,0,0,0,0,0,0,0,0,0,0.0,0.227613,0,0.0,0,420,2,2,0.8274,0.1265,GREEN,44,Mumbai
CLM0020381,MUM_01585,Dadar,2023-02-13,15,0,0,0,0,0,0,0,0,0,0.0,0.249626,0,0.0,1,309,0,2,0.8939,0.0318,GREEN,32,Mumbai
CLM0020382,MUM_09836,Thane,2019-01-25,13,0,0,0,0,0,1,0,1,0,0.0,0.0,0,0.0,0,71,0,3,0.7015,0.1308,GREEN,44,Mumbai
CLM0020383,MUM_04547,Andheri,2024-05-16,21,0,1,1,0,0,0,0,0,0,0.0,0.055884,0,0.0,0,373,4,2,0.05,0.051,GREEN,51,Mumbai
CLM0020384,MUM_06862,Chembur,2019-10-09,17,0,1,1,0,0,0,0,0,0,1.0,0.21789,0,0.0,0,318,3,1,0.98,0.141,GREEN,52,Mumbai
CLM0020385,MUM_07792,Bandra,2019-11-28,12,0,0,0,0,0,0,0,0,0,1.0,0.275049,0,0.0,0,204,3,5,0.5514,0.0805,GREEN,26,Mumbai
CLM0020386,MUM_04608,Powai,2023-09-30,8,0,0,0,0,0,0,0,0,0,1.0,0.240156,0,0.0,0,235,4,0,0.6089,0.0117,GREEN,46,Mumbai
CLM0020387,MUM_01654,Ghatkopar,2025-04-09,11,0,0,0,0,0,0,0,0,0,0.0,0.251095,0,0.0,0,41,0,0,0.9017,0.0133,GREEN,30,Mumbai
CLM0020388,MUM_03108,Lower Parel,2020-02-20,15,0,0,0,0,0,1,0,0,0,1.0,0.350914,0,1.0,0,174,4,4,0.4424,0.1025,GREEN,40,Mumbai
CLM0020389,MUM_05824,Powai,2022-06-02,16,0,0,0,0,0,1,0,0,0,0.0,0.143665,0,0.0,0,420,2,5,0.3731,0.0,GREEN,50,Mumbai
CLM0020390,MUM_03661,Vashi,2022-02-23,18,0,0,0,0,0,0,0,0,1,0.0,0.234273,0,0.0,0,203,1,2,0.6761,0.1532,GREEN,51,Mumbai
CLM0020391,MUM_00909,Borivali,2017-04-17,12,0,0,0,0,0,0,0,0,0,1.0,0.153627,0,0.0,0,170,3,2,0.6805,0.0153,GREEN,53,Mumbai
CLM0020392,MUM_07019,Lower Parel,2023-07-14,16,0,0,0,1,1,0,1,1,0,1.0,0.969206,0,1.0,1,23,4,11,0.7994,0.0705,GREEN,32,Mumbai
CLM0020393,MUM_07924,Vashi,2024-08-02,19,0,0,0,0,1,0,0,0,0,0.0,0.351869,0,0.0,0,97,3,0,0.98,0.0806,GREEN,45,Mumbai
CLM0020394,MUM_06372,Vashi,2024-08-10,13,0,0,0,0,0,0,0,0,0,0.0,0.251018,0,0.0,0,143,3,4,0.6185,0.0,GREEN,62,Mumbai
CLM0020395,MUM_01064,Bandra,2025-06-02,8,0,0,0,0,0,0,0,0,0,1.0,0.824777,0,0.0,0,69,3,5,0.733,0.0824,GREEN,45,Mumbai
CLM0020396,MUM_07358,Ghatkopar,2024-04-08,11,0,0,0,0,0,0,0,0,1,1.0,0.225683,0,0.0,0,420,0,3,0.7634,0.2343,GREEN,42,Mumbai
CLM0020397,MUM_07825,Thane,2020-12-22,8,0,0,0,0,0,0,0,0,0,0.0,0.102639,0,0.0,0,287,0,3,0.7966,0.0,GREEN,41,Mumbai
CLM0020398,MUM_02726,Andheri,2023-10-04,17,0,0,0,1,0,0,0,0,0,0.0,0.274936,0,0.0,0,420,4,3,0.7459,0.1153,GREEN,57,Mumbai
CLM0020399,MUM_00220,Dadar,2021-05-01,10,0,0,0,0,0,0,0,0,1,0.0,0.167117,0,0.0,0,87,4,6,0.5487,0.1848,GREEN,45,Mumbai
CLM0020400,MUM_07811,Andheri,2019-11-20,13,0,0,0,0,0,0,0,0,1,0.0,0.081201,0,0.0,0,33,3,0,0.505,0.161,GREEN,44,Mumbai
CLM0020401,MUM_00657,Andheri,2023-03-23,19,0,0,0,0,0,0,0,0,0,1.0,0.51296,0,0.0,0,33,1,0,0.4056,0.019,GREEN,38,Mumbai
CLM0020402,MUM_02546,Vashi,2022-05-11,20,0,0,0,0,0,0,1,0,0,1.0,0.156884,0,0.0,0,231,4,3,0.4831,0.0981,GREEN,18,Mumbai
CLM0020403,MUM_08752,Powai,2022-01-03,18,0,1,1,0,0,0,1,0,0,0.0,0.102078,0,0.0,0,331,1,3,0.4465,0.0,GREEN,61,Mumbai
CLM0020404,MUM_09176,Lower Parel,2018-10-22,19,0,0,0,0,0,0,0,0,1,0.0,0.95643,0,0.0,0,408,2,1,0.8212,0.141,GREEN,50,Mumbai
CLM0020405,MUM_07235,Thane,2019-07-09,15,0,0,0,0,0,0,0,0,1,0.0,0.386163,0,0.0,0,41,2,1,0.8468,0.146,GREEN,47,Mumbai
CLM0020406,MUM_05994,Dadar,2020-04-26,14,0,0,0,0,0,0,0,0,0,0.0,0.128337,0,0.0,0,171,4,6,0.05,0.0,GREEN,35,Mumbai
CLM0020407,MUM_01158,Bandra,2021-05-18,12,0,1,1,0,0,1,0,0,0,0.0,0.019289,0,0.0,0,163,0,3,0.5012,0.0642,GREEN,56,Mumbai
CLM0020408,MUM_04295,Bandra,2021-10-30,11,0,0,0,1,0,0,0,0,0,0.0,0.253347,0,0.0,0,101,1,1,0.6339,0.2922,GREEN,48,Mumbai
CLM0020409,MUM_09520,Lower Parel,2024-05-23,12,0,0,0,0,0,0,0,1,0,0.0,0.261858,0,0.0,0,205,0,2,0.8709,0.0873,GREEN,31,Mumbai
CLM0020410,MUM_09114,Ghatkopar,2017-09-20,10,0,0,0,0,0,0,0,0,0,0.0,0.104975,0,1.0,0,109,2,2,0.5792,0.0541,GREEN,54,Mumbai
CLM0020411,MUM_05740,Lower Parel,2015-10-16,7,0,0,0,0,0,0,0,1,0,0.0,0.469969,0,0.0,0,361,4,1,0.7767,0.0,GREEN,44,Mumbai
CLM0020412,MUM_03993,Thane,2025-07-29,16,0,0,0,0,0,0,0,0,0,0.0,0.0,0,0.0,0,174,3,3,0.9678,0.0,GREEN,56,Mumbai
CLM0020413,MUM_07780,Dadar,2021-05-22,21,0,0,0,0,0,0,0,0,0,0.0,0.227324,0,0.0,0,329,3,2,0.841,0.0259,GREEN,30,Mumbai
CLM0020414,MUM_01731,Vashi,2023-02-11,7,0,0,0,0,0,0,0,0,0,0.0,0.249786,1,0.0,0,36,0,2,0.558,0.0329,GREEN,41,Mumbai
CLM0020415,MUM_07135,Ghatkopar,2019-01-17,11,0,0,0,0,0,0,0,0,0,0.0,0.088469,0,0.0,0,29,4,2,0.2639,0.0019,GREEN,57,Mumbai
CLM0020416,MUM_02571,Vashi,2023-12-20,17,0,0,0,0,1,1,1,1,0,0.0,0.143132,1,0.0,0,5,1,18,0.758,0.0,GREEN,54,Mumbai
CLM0020417,MUM_05411,Ghatkopar,2025-12-20,9,0,0,0,0,0,0,0,0,0,0.0,0.265662,0,0.0,0,420,0,2,0.2744,0.0529,GREEN,61,Mumbai
CLM0020418,MUM_08664,Dadar,2025-04-09,14,0,0,0,0,0,0,0,0,0,0.0,0.923118,0,0.0,0,261,0,0,0.5337,0.0561,GREEN,39,Mumbai
CLM0020419,MUM_06539,Vashi,2019-04-11,17,0,0,0,0,0,0,0,0,0,0.0,0.984221,0,0.0,0,146,4,2,0.6648,0.0563,GREEN,38,Mumbai
CLM0020420,MUM_05295,Bandra,2022-12-28,16,0,0,0,0,0,0,0,0,1,0.0,0.0,0,0.0,1,420,1,4,0.0768,0.205,GREEN,38,Mumbai
CLM0020421,MUM_02003,Dadar,2020-11-21,19,0,0,0,1,0,0,0,0,0,0.0,0.269548,0,0.0,0,126,2,2,0.6447,0.1622,GREEN,25,Mumbai
CLM0020422,MUM_06560,Andheri,2022-08-02,21,0,0,0,0,0,0,0,0,1,0.0,0.062068,0,0.0,0,49,2,0,0.1024,0.2253,GREEN,59,Mumbai
CLM0020423,MUM_06354,Bandra,2016-06-08,14,0,0,0,0,0,0,1,0,0,0.0,0.346512,0,0.0,0,378,1,4,0.98,0.0932,GREEN,30,Mumbai
CLM0020424,MUM_07218,Borivali,2022-10-17,13,0,0,0,0,0,0,0,0,0,0.0,0.034673,0,0.0,0,400,4,0,0.7753,0.0,GREEN,40,Mumbai
CLM0020425,MUM_03860,Vashi,2015-07-25,14,0,0,0,0,0,0,0,0,0,0.0,0.404713,0,0.0,0,96,0,0,0.98,0.0102,GREEN,39,Mumbai
CLM0020426,MUM_05047,Andheri,2024-01-17,13,0,0,0,0,0,0,0,0,0,0.0,0.359714,0,0.0,0,129,4,4,0.6915,0.0592,GREEN,50,Mumbai
CLM0020427,MUM_07476,Bandra,2017-06-04,12,0,0,0,0,0,0,1,0,0,0.0,0.050108,0,0.0,0,112,3,2,0.9314,0.1284,GREEN,34,Mumbai
CLM0020428,MUM_08719,Dadar,2023-07-24,13,0,0,0,0,0,0,1,0,0,0.0,0.0,0,0.0,0,245,0,1,0.8446,0.0899,GREEN,36,Mumbai
CLM0020429,MUM_06185,Bandra,2020-02-25,19,0,0,0,0,0,1,0,0,0,0.0,0.325082,0,0.0,0,420,3,0,0.6268,0.1143,GREEN,24,Mumbai
CLM0020430,MUM_07656,Borivali,2024-07-10,20,0,0,0,0,0,0,0,0,0,0.0,0.070998,0,0.0,0,350,4,0,0.8743,0.0019,GREEN,54,Mumbai
CLM0020431,MUM_07615,Vashi,2015-11-10,19,0,0,0,0,0,0,0,0,0,0.0,0.304427,0,0.0,0,332,3,0,0.8699,0.0,GREEN,27,Mumbai
CLM0020432,MUM_03162,Thane,2018-06-05,15,0,0,0,0,0,0,0,0,1,0.0,0.335182,1,0.0,0,166,4,3,0.6544,0.2924,GREEN,34,Mumbai
CLM0020433,MUM_07270,Dadar,2021-05-22,9,0,0,0,0,0,0,0,0,0,0.0,0.34723,0,0.0,1,371,0,4,0.97,0.0393,GREEN,20,Mumbai
CLM0020434,MUM_05267,Andheri,2021-02-28,21,0,0,0,0,0,0,0,0,0,0.0,0.183412,0,0.0,0,420,0,6,0.563,0.1407,GREEN,31,Mumbai
CLM0020435,MUM_01185,Chembur,2021-05-21,16,0,1,1,0,0,0,0,0,0,0.0,0.328707,0,0.0,0,394,1,3,0.98,0.0,GREEN,47,Mumbai
CLM0020436,MUM_03373,Ghatkopar,2022-08-31,8,0,0,0,0,0,1,0,0,0,0.0,0.201464,0,1.0,0,68,3,2,0.8346,0.0884,GREEN,18,Mumbai
CLM0020437,MUM_07636,Vashi,2022-09-27,9,0,0,0,0,0,0,0,0,0,0.0,0.300285,0,1.0,0,111,4,0,0.6981,0.0206,GREEN,55,Mumbai
CLM0020438,MUM_01422,Dadar,2021-07-19,14,0,1,1,0,0,0,0,0,1,0.0,0.059824,0,0.0,0,385,2,5,0.2436,0.1274,GREEN,32,Mumbai
CLM0020439,MUM_00243,Vashi,2024-05-23,11,0,0,0,0,0,0,0,0,0,0.0,0.334792,0,0.0,0,40,2,1,0.4142,0.0,GREEN,31,Mumbai
CLM0020440,MUM_08802,Dadar,2023-11-14,19,0,0,0,0,0,0,0,0,0,0.0,0.331106,0,0.0,0,370,1,0,0.8912,0.0,GREEN,19,Mumbai
CLM0020441,MUM_02803,Andheri,2024-02-08,12,0,0,0,0,0,0,0,0,0,0.0,1.0,0,0.0,0,206,1,2,0.4839,0.0008,GREEN,35,Mumbai
CLM0020442,MUM_09281,Lower Parel,2025-09-03,10,0,0,0,0,0,1,0,0,0,0.0,0.484001,0,0.0,0,258,4,5,0.6641,0.0971,GREEN,52,Mumbai
CLM0020443,MUM_04267,Thane,2023-08-05,11,0,0,0,0,0,0,0,0,0,0.0,0.221762,0,0.0,0,163,3,0,0.6773,0.1154,GREEN,44,Mumbai
CLM0020444,MUM_09699,Ghatkopar,2024-05-15,21,0,0,0,0,0,0,0,0,0,0.0,0.213927,0,0.0,0,379,3,3,0.6952,0.0,GREEN,48,Mumbai
CLM0020445,MUM_04662,Powai,2022-05-28,17,0,0,0,0,0,1,0,0,0,0.0,0.199859,0,0.0,0,121,1,4,0.3288,0.0844,GREEN,25,Mumbai
CLM0020446,MUM_06736,Lower Parel,2023-09-19,20,0,0,0,0,0,0,0,1,0,0.0,0.105322,0,0.0,0,390,4,1,0.98,0.0898,GREEN,55,Mumbai
CLM0020447,MUM_02680,Thane,2025-07-13,15,0,0,0,0,0,0,0,0,0,0.0,0.197168,0,0.0,0,397,3,2,0.3903,0.0496,GREEN,66,Mumbai
CLM0020448,MUM_08028,Lower Parel,2021-12-02,8,0,0,0,1,0,0,0,0,0,0.0,0.994928,0,0.0,1,218,2,0,0.4993,0.2294,GREEN,47,Mumbai
CLM0020449,MUM_06959,Vashi,2021-06-30,20,0,0,0,0,0,1,0,0,0,1.0,0.143003,0,0.0,0,335,1,0,0.8326,0.2026,GREEN,49,Mumbai
CLM0020450,MUM_02467,Lower Parel,2021-07-20,12,0,0,0,0,0,0,0,0,0,0.0,0.242734,0,0.0,0,111,4,1,0.511,0.0091,GREEN,19,Mumbai
CLM0020451,MUM_01451,Thane,2025-03-29,11,0,0,0,0,0,0,0,0,0,0.0,0.255655,0,0.0,0,207,3,3,0.98,0.0,GREEN,41,Mumbai
CLM0020452,MUM_03099,Ghatkopar,2024-03-23,9,0,0,0,0,0,0,0,0,0,0.0,0.347623,0,0.0,0,229,2,1,0.7895,0.0,GREEN,51,Mumbai
CLM0020453,MUM_09395,Lower Parel,2021-06-30,7,0,0,0,0,0,0,0,0,0,0.0,0.164937,0,0.0,0,124,1,6,0.0764,0.0694,GREEN,61,Mumbai
CLM0020454,MUM_01341,Chembur,2025-02-07,10,0,0,0,0,0,0,0,0,0,0.0,0.024895,0,0.0,0,329,0,4,0.6059,0.1483,GREEN,49,Mumbai
CLM0020455,MUM_02454,Borivali,2024-09-24,19,0,0,0,0,0,0,0,0,0,0.0,0.0,0,0.0,1,32,3,3,0.752,0.1419,GREEN,18,Mumbai
CLM0020456,MUM_07703,Borivali,2022-09-27,15,0,0,0,0,0,0,0,0,0,0.0,0.25449,0,0.0,0,346,3,1,0.8358,0.0129,GREEN,48,Mumbai
CLM0020457,MUM_08213,Chembur,2024-10-04,16,0,0,0,0,0,0,0,1,1,0.0,0.037974,0,1.0,0,279,1,5,0.5633,0.2154,GREEN,42,Mumbai
CLM0020458,MUM_00519,Borivali,2021-10-12,10,0,0,0,0,0,0,0,0,1,0.0,0.150811,0,0.0,1,420,2,1,0.9301,0.2744,GREEN,29,Mumbai
CLM0020459,MUM_09511,Andheri,2024-04-15,12,0,0,0,0,0,1,0,0,0,0.0,0.117706,0,0.0,0,420,2,4,0.8855,0.0895,GREEN,50,Mumbai
CLM0020460,MUM_04180,Dadar,2024-03-16,12,0,0,0,0,0,0,0,0,0,0.0,0.029311,0,0.0,0,279,4,1,0.8193,0.0,GREEN,34,Mumbai
CLM0020461,MUM_09325,Thane,2024-03-05,16,0,0,0,0,0,0,0,0,0,0.0,0.398077,0,0.0,0,314,1,0,0.1228,0.0,GREEN,23,Mumbai
CLM0020462,MUM_01897,Borivali,2015-10-27,9,0,0,0,0,0,0,0,0,0,0.0,0.39435,0,0.0,0,124,0,2,0.0722,0.0598,GREEN,45,Mumbai
CLM0020463,MUM_02116,Vashi,2018-10-13,21,0,0,0,0,0,0,0,0,0,0.0,1.0,0,0.0,0,273,3,0,0.98,0.0033,GREEN,72,Mumbai
CLM0020464,MUM_06795,Dadar,2017-02-28,17,0,0,0,0,0,0,0,0,0,0.0,0.044928,0,0.0,0,300,2,5,0.8607,0.0,GREEN,56,Mumbai
CLM0020465,MUM_02319,Vashi,2018-05-14,15,0,0,0,0,0,1,0,0,0,0.0,0.366169,0,0.0,0,221,0,0,0.1223,0.1,GREEN,50,Mumbai
CLM0020466,MUM_09501,Andheri,2019-01-10,9,0,0,0,0,0,1,0,0,1,0.0,0.211059,0,0.0,0,420,3,1,0.1204,0.1389,GREEN,41,Mumbai
CLM0020467,MUM_05463,Borivali,2023-10-19,8,0,0,0,0,0,0,0,0,0,0.0,0.354367,1,0.0,1,101,1,0,0.1437,0.1499,GREEN,31,Mumbai
CLM0020468,MUM_00174,Ghatkopar,2020-03-29,12,0,0,0,0,0,0,0,0,0,0.0,0.095655,0,0.0,0,420,2,0,0.1466,0.0,GREEN,25,Mumbai
CLM0020469,MUM_02094,Chembur,2023-09-04,15,0,1,1,0,0,0,0,0,0,0.0,0.072685,1,0.0,0,420,2,0,0.9027,0.1035,GREEN,42,Mumbai
CLM0020470,MUM_05282,Dadar,2024-07-17,11,0,0,0,0,0,0,0,0,0,0.0,0.312522,0,0.0,0,333,3,4,0.98,0.0,GREEN,30,Mumbai
CLM0020471,MUM_08393,Vashi,2022-04-08,20,0,0,0,0,0,1,0,0,0,0.0,0.458123,0,0.0,1,420,2,0,0.5529,0.1827,GREEN,51,Mumbai
CLM0020472,MUM_09157,Lower Parel,2022-11-24,15,0,0,0,0,0,1,0,0,0,0.0,0.033128,0,1.0,0,11,2,3,0.9072,0.114,GREEN,41,Mumbai
CLM0020473,MUM_06902,Powai,2023-05-16,12,0,0,0,0,0,0,0,0,0,0.0,0.159453,1,0.0,0,243,4,3,0.6372,0.0,GREEN,32,Mumbai
CLM0020474,MUM_06392,Chembur,2024-12-13,18,0,0,0,0,0,1,0,0,1,0.0,0.954003,0,0.0,0,316,3,4,0.7739,0.2834,GREEN,21,Mumbai
CLM0020475,MUM_06559,Bandra,2022-07-11,12,0,0,0,0,0,1,0,0,0,0.0,0.345732,0,0.0,1,33,4,4,0.696,0.1468,GREEN,44,Mumbai
CLM0020476,MUM_04990,Bandra,2024-07-20,18,0,0,0,0,0,1,0,0,0,0.0,0.222798,0,0.0,0,420,1,2,0.7046,0.0802,GREEN,18,Mumbai
CLM0020477,MUM_08594,Vashi,2023-03-19,11,0,0,0,0,0,0,1,0,0,0.0,0.338005,0,0.0,0,259,4,0,0.847,0.0464,GREEN,40,Mumbai
CLM0020478,MUM_07770,Lower Parel,2025-03-24,10,0,0,0,0,0,0,0,0,0,0.0,0.236164,0,0.0,0,123,0,2,0.6884,0.0601,GREEN,55,Mumbai
CLM0020479,MUM_07252,Ghatkopar,2024-12-16,20,0,0,0,0,0,0,0,0,0,0.0,0.404519,0,0.0,0,104,4,3,0.6392,0.0802,GREEN,48,Mumbai
CLM0020480,MUM_04561,Ghatkopar,2024-09-03,8,0,0,0,0,1,0,0,0,0,0.0,0.175197,0,1.0,0,140,0,0,0.5169,0.0839,GREEN,23,Mumbai
CLM0020481,MUM_08932,Powai,2025-06-15,7,0,1,1,0,0,0,0,0,0,0.0,1.0,0,0.0,0,209,0,0,0.5419,0.0087,GREEN,58,Mumbai
CLM0020482,MUM_07194,Powai,2025-04-13,20,0,0,0,0,0,0,0,0,0,0.0,0.344188,0,0.0,0,358,3,3,0.8947,0.1048,GREEN,26,Mumbai
CLM0020483,MUM_08068,Powai,2025-06-10,9,0,0,0,0,0,0,0,0,0,0.0,0.247042,0,0.0,0,420,4,5,0.7023,0.1255,GREEN,22,Mumbai
CLM0020484,MUM_06837,Lower Parel,2024-03-15,13,0,0,0,0,0,0,0,0,0,0.0,0.175504,0,0.0,0,94,4,2,0.386,0.0,GREEN,41,Mumbai
CLM0020485,MUM_01689,Thane,2025-03-12,8,0,0,0,0,0,0,0,0,0,1.0,0.232581,0,0.0,0,237,4,2,0.5249,0.0817,GREEN,28,Mumbai
CLM0020486,MUM_07164,Andheri,2024-06-19,19,0,0,0,0,0,0,1,0,0,0.0,0.983256,0,0.0,1,263,1,0,0.6415,0.1354,GREEN,36,Mumbai
CLM0020487,MUM_07295,Vashi,2025-12-04,9,0,0,0,0,0,0,0,1,0,0.0,0.360759,1,0.0,0,353,4,0,0.6978,0.2168,GREEN,42,Mumbai
CLM0020488,MUM_02522,Thane,2024-08-06,19,0,0,0,0,0,0,0,0,0,1.0,1.0,0,1.0,0,242,1,0,0.6873,0.0326,GREEN,40,Mumbai
CLM0020489,MUM_00701,Lower Parel,2025-11-01,12,0,0,0,0,0,0,0,0,0,0.0,0.981975,0,0.0,0,223,1,0,0.5492,0.0243,GREEN,48,Mumbai
CLM0020490,MUM_09750,Borivali,2025-11-23,15,0,0,0,0,0,0,0,0,0,0.0,0.135272,0,0.0,0,398,0,0,0.8269,0.0,GREEN,18,Mumbai
CLM0020491,MUM_00929,Bandra,2015-11-25,19,0,0,0,0,0,0,0,0,0,0.0,0.014552,0,0.0,0,19,0,5,0.2902,0.0,GREEN,34,Mumbai
CLM0020492,MUM_08647,Dadar,2020-02-22,18,0,0,0,0,0,0,0,0,1,0.0,0.162037,0,0.0,0,69,4,2,0.6931,0.118,GREEN,63,Mumbai
CLM0020493,MUM_04003,Lower Parel,2022-05-02,9,0,0,0,0,0,1,0,0,0,0.0,0.204692,0,0.0,0,136,1,5,0.6351,0.105,GREEN,36,Mumbai
CLM0020494,MUM_07733,Ghatkopar,2016-02-17,18,0,0,0,0,0,1,0,1,0,0.0,0.101132,0,0.0,0,420,3,0,0.9087,0.2333,GREEN,45,Mumbai
CLM0020495,MUM_04692,Vashi,2023-04-22,12,0,0,0,0,0,0,0,0,0,0.0,0.35933,0,0.0,0,272,3,2,0.98,0.0,GREEN,60,Mumbai
CLM0020496,MUM_01182,Ghatkopar,2024-12-17,21,0,0,0,0,0,0,0,0,0,0.0,0.339637,0,0.0,0,25,1,4,0.6838,0.1095,GREEN,28,Mumbai
CLM0020497,MUM_02110,Lower Parel,2020-08-28,15,0,0,0,0,0,1,0,0,0,0.0,0.238633,0,0.0,0,414,2,2,0.8592,0.0621,GREEN,33,Mumbai
CLM0020498,MUM_01779,Thane,2018-09-11,14,0,1,1,0,1,0,0,0,0,0.0,0.295668,0,0.0,0,72,3,0,0.9788,0.1416,GREEN,42,Mumbai
CLM0020499,MUM_02949,Borivali,2021-03-10,18,0,0,0,0,0,0,0,0,0,0.0,0.282264,0,0.0,0,110,0,0,0.6147,0.1057,GREEN,44,Mumbai
CLM0020500,MUM_01809,Ghatkopar,2024-01-13,7,0,0,0,0,0,0,0,0,0,0.0,0.099279,1,0.0,0,396,3,1,0.606,0.1302,GREEN,38,Mumbai
CLM0020501,MUM_04614,Ghatkopar,2025-09-24,20,0,0,0,0,0,0,0,0,0,1.0,0.0,0,1.0,0,278,1,2,0.6338,0.0944,GREEN,58,Mumbai
CLM0020502,MUM_06725,Thane,2020-10-02,15,0,0,0,0,0,0,0,0,0,0.0,0.00465,0,0.0,0,294,3,2,0.6296,0.0,GREEN,51,Mumbai
CLM0020503,MUM_08644,Ghatkopar,2023-11-22,8,0,0,0,0,0,0,0,0,0,1.0,1.0,0,0.0,0,39,1,7,0.8463,0.0,GREEN,49,Mumbai
CLM0020504,MUM_04727,Andheri,2020-06-16,16,0,0,0,0,0,0,0,0,0,0.0,0.024161,0,0.0,0,133,0,3,0.6378,0.0,GREEN,34,Mumbai
CLM0020505,MUM_05002,Andheri,2021-01-31,18,0,0,0,0,0,0,0,0,0,0.0,0.342814,0,0.0,0,155,3,0,0.98,0.0,GREEN,41,Mumbai
CLM0020506,MUM_09481,Andheri,2020-12-31,16,0,0,0,0,0,0,0,0,0,0.0,0.26223,0,0.0,0,353,4,4,0.6488,0.0,GREEN,36,Mumbai
CLM0020507,MUM_06079,Bandra,2025-06-14,16,0,0,0,0,0,0,0,1,0,0.0,0.250775,0,0.0,0,104,2,2,0.4355,0.109,GREEN,37,Mumbai
CLM0020508,MUM_08548,Borivali,2025-01-12,15,0,0,0,1,0,0,1,0,0,0.0,0.007684,0,0.0,0,384,2,4,0.8329,0.2524,GREEN,18,Mumbai
CLM0020509,MUM_09063,Vashi,2024-08-16,7,0,0,0,0,0,1,0,0,0,0.0,0.056344,0,0.0,0,355,4,1,0.7523,0.1886,GREEN,50,Mumbai
CLM0020510,MUM_08753,Thane,2021-12-03,17,0,0,0,0,0,0,0,0,0,0.0,0.954196,0,0.0,0,326,0,2,0.6843,0.022,GREEN,26,Mumbai
CLM0020511,MUM_02965,Lower Parel,2024-09-01,16,0,0,0,0,0,0,1,0,0,0.0,0.394093,0,0.0,0,118,3,8,0.5353,0.0663,GREEN,33,Mumbai
CLM0020512,MUM_09222,Ghatkopar,2020-11-30,10,0,0,0,0,0,0,0,0,0,0.0,0.208219,0,0.0,0,280,4,3,0.05,0.0242,GREEN,32,Mumbai
CLM0020513,MUM_04881,Ghatkopar,2024-11-29,12,0,0,0,0,0,0,0,0,0,0.0,0.396978,0,0.0,0,319,0,2,0.8346,0.0,GREEN,57,Mumbai
CLM0020514,MUM_06379,Bandra,2025-04-09,19,0,0,0,0,0,1,1,0,0,0.0,0.011769,1,0.0,1,5,3,18,0.8223,0.0068,GREEN,42,Mumbai
CLM0020515,MUM_07247,Chembur,2020-08-07,11,0,0,0,0,0,0,0,0,0,0.0,0.127615,0,0.0,0,184,3,4,0.979,0.0669,GREEN,27,Mumbai
CLM0020516,MUM_04117,Bandra,2023-04-28,13,0,0,0,0,0,0,0,0,0,0.0,0.0,0,0.0,0,297,3,6,0.7566,0.0,GREEN,28,Mumbai
CLM0020517,MUM_09353,Borivali,2024-06-19,15,0,0,0,0,0,0,0,0,0,0.0,1.0,0,0.0,0,5,4,5,0.6876,0.0237,GREEN,28,Mumbai
CLM0020518,MUM_05534,Vashi,2023-09-04,18,0,0,0,0,0,0,0,0,0,0.0,0.064839,0,0.0,0,346,0,0,0.9064,0.1708,GREEN,53,Mumbai
CLM0020519,MUM_01618,Vashi,2023-10-18,10,0,0,0,0,0,0,0,0,0,0.0,0.039095,0,0.0,0,378,1,1,0.1313,0.0,GREEN,46,Mumbai
CLM0020520,MUM_08526,Lower Parel,2025-07-11,10,0,0,0,0,0,0,0,0,0,1.0,0.132286,1,0.0,0,254,3,1,0.6928,0.1603,GREEN,50,Mumbai
CLM0020521,MUM_05791,Lower Parel,2023-10-17,14,0,0,0,0,0,0,0,1,0,0.0,0.361387,0,0.0,0,420,2,2,0.6314,0.1203,GREEN,44,Mumbai
CLM0020522,MUM_07629,Thane,2025-01-08,12,0,0,0,0,0,0,0,0,0,0.0,0.189215,0,0.0,0,285,4,1,0.827,0.1805,GREEN,59,Mumbai
CLM0020523,MUM_01931,Vashi,2024-02-17,10,0,0,0,0,0,0,0,0,0,0.0,0.013876,0,1.0,0,407,1,1,0.05,0.0,GREEN,46,Mumbai
CLM0020524,MUM_09399,Borivali,2023-02-11,9,0,0,0,0,0,0,0,0,0,0.0,0.201116,0,0.0,0,112,2,1,0.7928,0.0,GREEN,26,Mumbai
CLM0020525,MUM_08834,Dadar,2024-04-21,11,0,0,0,1,0,0,0,1,0,1.0,0.982568,0,0.0,1,5,0,18,0.214,0.1421,GREEN,48,Mumbai
CLM0020526,MUM_03574,Andheri,2025-12-22,15,0,0,0,0,0,0,1,0,0,0.0,0.024142,0,0.0,0,28,1,2,0.4666,0.1551,GREEN,51,Mumbai
CLM0020527,MUM_07213,Vashi,2024-01-16,14,0,0,0,0,0,0,0,0,0,0.0,0.0,0,0.0,0,281,2,0,0.6855,0.0302,GREEN,43,Mumbai
CLM0020528,MUM_05483,Andheri,2023-04-17,13,0,0,0,0,0,0,0,0,0,1.0,0.143548,0,0.0,0,339,2,0,0.4913,0.0824,GREEN,49,Mumbai
CLM0020529,MUM_01918,Lower Parel,2025-12-03,18,0,0,0,0,0,0,0,0,0,0.0,0.411731,0,0.0,0,399,4,0,0.8739,0.1052,GREEN,47,Mumbai
CLM0020530,MUM_02849,Thane,2023-05-22,11,0,0,0,0,0,0,0,0,0,0.0,0.111017,0,0.0,0,420,2,0,0.7829,0.0,GREEN,49,Mumbai
CLM0020531,MUM_02986,Powai,2024-04-13,14,0,0,0,1,1,1,1,1,0,1.0,0.61747,0,1.0,0,5,0,18,0.05,0.0072,GREEN,27,Mumbai
CLM0020532,MUM_07067,Dadar,2025-05-29,20,0,0,0,0,0,0,0,0,0,0.0,1.0,1,0.0,0,155,3,4,0.1558,0.0016,GREEN,55,Mumbai
CLM0020533,MUM_05394,Powai,2025-06-30,10,0,0,0,0,0,0,0,0,0,0.0,0.154855,0,0.0,0,132,4,0,0.5241,0.0971,GREEN,36,Mumbai
CLM0020534,MUM_06655,Andheri,2025-05-27,16,0,0,0,0,0,0,1,0,0,0.0,0.987828,0,0.0,0,239,2,6,0.6703,0.1671,GREEN,42,Mumbai
CLM0020535,MUM_03516,Thane,2022-06-12,21,0,0,0,0,0,0,0,0,0,0.0,0.114306,0,0.0,0,399,2,3,0.5874,0.0056,GREEN,18,Mumbai
CLM0020536,MUM_08698,Vashi,2023-01-29,8,0,0,0,0,0,0,0,0,0,0.0,0.324827,0,0.0,0,235,3,0,0.7553,0.0,GREEN,51,Mumbai
CLM0020537,MUM_04458,Lower Parel,2023-02-03,16,0,0,0,0,0,0,0,0,0,1.0,0.488217,0,1.0,0,169,2,0,0.567,0.0248,GREEN,40,Mumbai
CLM0020538,MUM_01342,Powai,2023-07-17,21,0,0,0,1,1,0,0,1,1,1.0,0.488366,0,1.0,1,13,3,18,0.0625,0.1203,GREEN,47,Mumbai
CLM0020539,MUM_07351,Thane,2023-12-31,9,0,0,0,0,1,0,0,0,0,0.0,0.059046,0,0.0,0,267,3,4,0.8338,0.1118,GREEN,47,Mumbai
CLM0020540,MUM_01218,Dadar,2022-02-08,11,0,0,0,0,0,0,1,0,0,0.0,0.11063,0,0.0,0,420,0,0,0.5147,0.0,GREEN,20,Mumbai
CLM0020541,MUM_08778,Lower Parel,2025-09-21,14,0,0,0,0,0,0,1,0,0,0.0,0.147471,0,0.0,0,195,3,3,0.8517,0.0,GREEN,36,Mumbai
CLM0020542,MUM_06712,Powai,2025-06-02,9,0,0,0,0,0,0,0,0,0,1.0,1.0,0,0.0,0,223,1,4,0.7838,0.0657,GREEN,38,Mumbai
CLM0020543,MUM_01696,Lower Parel,2025-04-24,17,0,0,0,0,0,0,0,0,0,1.0,1.0,0,1.0,0,420,4,1,0.98,0.0096,GREEN,36,Mumbai
CLM0020544,MUM_02233,Ghatkopar,2025-10-22,11,0,0,0,0,1,0,1,0,0,0.0,0.317107,0,0.0,0,204,0,3,0.8638,0.1569,GREEN,18,Mumbai
CLM0020545,MUM_01833,Borivali,2024-07-08,17,0,0,0,0,0,1,0,0,0,0.0,0.189399,0,0.0,0,229,1,3,0.3888,0.007,GREEN,26,Mumbai
CLM0020546,MUM_03148,Lower Parel,2024-06-30,15,0,0,0,0,0,0,0,0,0,0.0,0.190528,0,0.0,0,420,4,6,0.4905,0.0228,GREEN,52,Mumbai
CLM0020547,MUM_07943,Lower Parel,2025-07-19,14,0,0,0,0,0,0,0,0,0,0.0,0.16879,0,0.0,0,122,3,1,0.7391,0.0307,GREEN,54,Mumbai
CLM0020548,MUM_03539,Lower Parel,2025-01-27,18,0,0,0,0,0,1,0,0,0,0.0,0.15194,0,0.0,0,419,2,6,0.8434,0.0,GREEN,53,Mumbai
CLM0020549,MUM_08612,Bandra,2024-05-23,8,0,0,0,0,0,0,0,0,1,0.0,0.335972,0,0.0,0,56,3,5,0.98,0.1048,GREEN,20,Mumbai
CLM0020550,MUM_00655,Vashi,2024-04-02,21,0,0,0,0,0,0,0,0,0,0.0,0.3178,0,0.0,0,176,4,0,0.8206,0.0,GREEN,34,Mumbai
CLM0020551,MUM_09644,Borivali,2025-03-28,14,0,0,0,0,0,0,0,0,0,0.0,0.11423,0,0.0,0,420,0,4,0.98,0.0,GREEN,40,Mumbai
CLM0020552,MUM_05139,Bandra,2022-03-24,15,0,0,0,0,0,0,0,1,0,0.0,0.020912,0,0.0,0,282,2,1,0.8949,0.0996,GREEN,37,Mumbai
CLM0020553,MUM_09753,Chembur,2023-02-04,18,0,0,0,0,0,0,0,0,0,0.0,0.413277,0,0.0,0,139,0,0,0.7201,0.0021,GREEN,45,Mumbai
CLM0020554,MUM_09477,Chembur,2021-04-26,19,0,0,0,0,0,0,0,0,0,0.0,0.211055,0,0.0,0,326,1,2,0.7981,0.2558,GREEN,49,Mumbai
CLM0020555,MUM_06603,Bandra,2018-08-03,13,0,0,0,0,0,0,0,0,0,0.0,0.305363,0,0.0,0,279,0,3,0.8649,0.0,GREEN,32,Mumbai
CLM0020556,MUM_04804,Thane,2025-08-17,11,0,0,0,1,0,0,0,0,0,1.0,0.078646,0,0.0,1,270,1,3,0.6053,0.1709,GREEN,40,Mumbai
CLM0020557,MUM_04593,Lower Parel,2020-03-18,18,0,0,0,0,0,0,0,0,0,0.0,0.365344,0,0.0,0,420,2,2,0.6136,0.0888,GREEN,20,Mumbai
CLM0020558,MUM_02319,Vashi,2024-12-20,19,0,0,0,0,0,0,0,0,0,0.0,0.254933,0,0.0,0,284,4,3,0.5627,0.044,GREEN,50,Mumbai
CLM0020559,MUM_04902,Ghatkopar,2025-11-01,16,0,0,0,0,0,0,0,0,0,0.0,0.00099,0,0.0,0,281,1,5,0.8106,0.0,GREEN,41,Mumbai
CLM0020560,MUM_06883,Vashi,2023-03-05,15,0,1,1,0,0,0,0,0,0,0.0,1.0,0,0.0,0,5,0,3,0.4125,0.0,GREEN,61,Mumbai
CLM0020561,MUM_05179,Thane,2022-05-08,19,0,0,0,0,0,0,1,0,1,1.0,0.151653,0,0.0,0,63,3,4,0.6532,0.0751,GREEN,18,Mumbai
CLM0020562,MUM_08444,Lower Parel,2024-04-21,18,0,0,0,0,0,0,0,0,0,1.0,0.087126,0,0.0,0,420,3,2,0.5154,0.0,GREEN,40,Mumbai
CLM0020563,MUM_01419,Andheri,2023-03-14,9,0,0,0,0,0,0,0,0,0,0.0,0.936203,0,0.0,0,347,2,5,0.7888,0.0862,GREEN,30,Mumbai
CLM0020564,MUM_05559,Lower Parel,2023-12-03,11,0,0,0,0,0,0,0,0,0,0.0,0.160816,0,0.0,0,53,4,2,0.2029,0.0,GREEN,18,Mumbai
CLM0020565,MUM_02087,Lower Parel,2025-05-29,17,0,0,0,0,0,0,0,0,0,0.0,0.070115,0,0.0,0,420,0,1,0.6768,0.0,GREEN,45,Mumbai
CLM0020566,MUM_07810,Lower Parel,2020-09-26,20,0,0,0,0,0,0,0,0,0,0.0,0.260662,0,0.0,0,128,1,3,0.935,0.1065,GREEN,55,Mumbai
CLM0020567,MUM_00284,Lower Parel,2024-04-06,10,0,0,0,0,0,0,0,0,0,0.0,0.333129,0,0.0,0,162,3,2,0.05,0.0,GREEN,36,Mumbai
CLM0020568,MUM_07124,Thane,2023-08-26,9,0,0,0,0,0,0,0,0,0,0.0,0.073118,0,1.0,0,89,2,2,0.522,0.0,GREEN,32,Mumbai
CLM0020569,MUM_09131,Borivali,2023-05-15,16,0,0,0,0,0,0,0,0,0,0.0,0.331919,0,0.0,1,420,0,0,0.7335,0.2202,GREEN,63,Mumbai
CLM0020570,MUM_00020,Dadar,2023-11-19,9,0,0,0,0,0,0,0,0,1,0.0,0.0,0,0.0,0,282,4,2,0.98,0.1616,GREEN,45,Mumbai
CLM0020571,MUM_08495,Vashi,2025-02-21,8,0,0,0,1,1,0,1,1,0,1.0,1.0,0,0.0,0,12,4,18,0.9455,0.0699,GREEN,42,Mumbai
CLM0020572,MUM_00158,Lower Parel,2025-04-04,12,0,0,0,0,1,0,0,0,0,0.0,0.242044,0,0.0,0,334,1,1,0.7155,0.0998,GREEN,35,Mumbai
CLM0020573,MUM_03225,Borivali,2025-02-17,9,0,0,0,0,0,1,0,0,0,0.0,0.25324,0,0.0,0,184,2,4,0.05,0.1348,GREEN,33,Mumbai
CLM0020574,MUM_08233,Dadar,2021-06-28,14,0,0,0,0,0,0,0,0,0,0.0,0.164935,0,0.0,0,386,2,3,0.1254,0.0119,GREEN,34,Mumbai
CLM0020575,MUM_03688,Andheri,2025-02-08,15,0,0,0,0,0,0,0,1,0,0.0,0.10571,0,0.0,0,395,2,0,0.98,0.2,GREEN,44,Mumbai
CLM0020576,MUM_01102,Powai,2021-03-23,19,0,0,0,0,0,0,0,0,1,0.0,0.340484,0,0.0,0,95,4,6,0.55,0.15,GREEN,30,Mumbai
CLM0020577,MUM_06187,Ghatkopar,2024-01-14,7,0,0,0,0,0,0,0,0,0,0.0,0.0,0,0.0,0,211,1,1,0.3443,0.0104,GREEN,44,Mumbai
CLM0020578,MUM_03973,Dadar,2025-08-01,16,0,0,0,0,0,0,0,1,0,0.0,0.138269,0,0.0,0,259,2,1,0.2849,0.1214,GREEN,34,Mumbai
CLM0020579,MUM_03917,Chembur,2022-08-23,19,0,0,0,0,0,0,0,0,0,1.0,0.180489,0,1.0,0,396,2,0,0.7042,0.1264,GREEN,61,Mumbai
CLM0020580,MUM_03605,Andheri,2025-05-25,12,0,0,0,0,0,0,0,0,0,0.0,0.188641,0,0.0,0,369,0,5,0.98,0.0966,GREEN,47,Mumbai
CLM0020581,MUM_03920,Ghatkopar,2023-11-14,9,0,0,0,0,0,0,1,0,0,1.0,0.039457,0,0.0,0,202,0,0,0.6245,0.1,GREEN,32,Mumbai
CLM0020582,MUM_05070,Chembur,2025-05-02,13,0,0,0,0,0,0,0,0,0,0.0,0.279808,0,0.0,0,295,4,3,0.7479,0.0152,GREEN,20,Mumbai
CLM0020583,MUM_02230,Andheri,2024-09-22,12,0,0,0,0,0,0,0,0,0,0.0,0.107118,0,0.0,0,420,3,5,0.6298,0.0,GREEN,43,Mumbai
CLM0020584,MUM_08090,Lower Parel,2024-04-15,12,0,0,0,0,0,0,0,0,0,0.0,0.247536,0,0.0,0,420,0,2,0.7592,0.0381,GREEN,61,Mumbai
CLM0020585,MUM_02041,Andheri,2023-04-26,14,0,0,0,0,0,0,0,0,0,1.0,0.96695,0,0.0,0,191,0,2,0.8793,0.0681,GREEN,49,Mumbai
CLM0020586,MUM_02032,Dadar,2025-07-31,18,0,0,0,0,0,1,0,0,0,0.0,0.191072,0,0.0,0,81,3,4,0.98,0.0323,GREEN,55,Mumbai
CLM0020587,MUM_05876,Chembur,2024-08-18,16,0,0,0,0,0,1,0,0,0,1.0,0.973908,0,0.0,0,121,4,0,0.05,0.1941,GREEN,52,Mumbai
CLM0020588,MUM_04829,Dadar,2023-05-10,11,0,1,1,0,1,0,1,0,0,0.0,0.173513,0,0.0,0,65,3,1,0.9336,0.1418,GREEN,43,Mumbai
CLM0020589,MUM_02838,Bandra,2022-09-21,12,0,0,0,0,0,0,0,0,0,0.0,0.0,0,0.0,0,420,0,3,0.889,0.0425,GREEN,59,Mumbai
CLM0020590,MUM_05376,Powai,2022-10-06,15,0,0,0,0,0,0,0,0,1,1.0,0.286876,0,0.0,0,276,2,1,0.7503,0.1381,GREEN,47,Mumbai
CLM0020591,MUM_05604,Powai,2019-02-12,9,0,0,0,0,0,0,0,0,0,1.0,0.408047,0,0.0,0,172,0,1,0.4946,0.0,GREEN,18,Mumbai
CLM0020592,MUM_06945,Borivali,2020-06-15,20,0,0,0,1,0,0,0,0,0,0.0,0.172232,0,0.0,0,64,4,2,0.5597,0.1362,GREEN,38,Mumbai
CLM0020593,MUM_00959,Dadar,2025-10-25,21,0,0,0,0,0,0,1,0,1,1.0,0.332105,0,1.0,0,318,3,1,0.4082,0.1553,GREEN,36,Mumbai
CLM0020594,MUM_04040,Borivali,2023-03-17,14,0,0,0,0,0,0,0,0,0,0.0,0.163962,0,0.0,0,247,4,6,0.98,0.0004,GREEN,39,Mumbai
CLM0020595,MUM_01431,Dadar,2025-05-09,11,0,0,0,0,0,0,0,0,0,0.0,0.300377,0,0.0,0,26,1,2,0.744,0.0119,GREEN,18,Mumbai
CLM0020596,MUM_07483,Borivali,2021-05-11,15,0,0,0,0,0,0,0,0,0,0.0,0.113993,0,0.0,0,420,0,4,0.773,0.0,GREEN,52,Mumbai
CLM0020597,MUM_02183,Borivali,2021-12-01,17,0,0,0,0,0,0,0,1,0,0.0,1.0,0,0.0,0,50,2,0,0.5733,0.1152,GREEN,30,Mumbai
CLM0020598,MUM_05843,Ghatkopar,2025-09-03,11,0,1,1,0,0,0,0,1,0,0.0,0.240949,0,0.0,1,176,0,3,0.731,0.1436,GREEN,41,Mumbai
CLM0020599,MUM_07196,Ghatkopar,2017-11-10,7,0,0,0,0,0,0,0,0,0,0.0,0.120882,0,0.0,0,139,0,2,0.3451,0.0,GREEN,40,Mumbai
CLM0020600,MUM_08771,Dadar,2020-01-31,16,0,0,0,0,0,0,0,0,0,1.0,1.0,0,1.0,0,159,3,0,0.9154,0.0,GREEN,42,Mumbai
CLM0020601,MUM_00094,Ghatkopar,2017-09-06,10,0,0,0,0,0,0,1,0,0,0.0,0.288605,0,0.0,0,401,1,0,0.6455,0.0185,GREEN,42,Mumbai
CLM0020602,MUM_07604,Dadar,2020-05-14,8,0,0,0,0,0,0,1,0,0,0.0,0.378263,0,0.0,0,76,4,5,0.05,0.0924,GREEN,49,Mumbai
CLM0020603,MUM_03176,Andheri,2016-08-08,11,0,0,0,0,0,0,0,0,0,0.0,0.28598,0,0.0,0,338,4,1,0.4804,0.0,GREEN,37,Mumbai
CLM0020604,MUM_08813,Lower Parel,2024-05-14,7,0,0,0,0,0,0,0,0,0,0.0,0.321243,0,0.0,0,358,3,3,0.8817,0.0,GREEN,30,Mumbai
CLM0020605,MUM_06062,Andheri,2024-10-09,16,0,0,0,1,0,0,0,0,0,0.0,0.209592,0,0.0,0,280,1,0,0.5267,0.1015,GREEN,44,Mumbai
CLM0020606,MUM_09073,Powai,2018-02-08,17,0,0,0,0,0,0,0,0,0,1.0,0.169073,0,0.0,0,59,1,5,0.98,0.1561,GREEN,48,Mumbai
CLM0020607,MUM_04400,Vashi,2020-06-08,21,0,0,0,0,0,0,0,0,0,0.0,0.354388,0,0.0,1,64,1,1,0.98,0.0,GREEN,44,Mumbai
CLM0020608,MUM_07963,Vashi,2017-07-19,12,0,0,0,0,0,0,0,0,0,0.0,0.103643,0,0.0,0,200,0,0,0.604,0.0,GREEN,56,Mumbai
CLM0020609,MUM_04197,Bandra,2022-09-27,12,0,0,0,0,0,0,0,0,1,0.0,0.036229,0,0.0,0,420,0,2,0.98,0.066,GREEN,35,Mumbai
CLM0020610,MUM_00215,Vashi,2023-01-10,9,0,0,0,0,0,1,0,0,0,0.0,1.0,0,0.0,0,313,2,4,0.8865,0.0414,GREEN,43,Mumbai
CLM0020611,MUM_08761,Vashi,2022-05-17,21,0,1,1,0,0,1,0,0,0,0.0,0.380088,0,0.0,0,420,1,6,0.8953,0.0981,GREEN,50,Mumbai
CLM0020612,MUM_04951,Bandra,2017-11-06,15,0,0,0,0,0,0,0,0,0,0.0,0.32737,0,0.0,0,35,0,4,0.8155,0.0392,GREEN,18,Mumbai
CLM0020613,MUM_06199,Andheri,2021-07-02,8,0,0,0,0,0,0,0,0,0,0.0,0.001624,0,0.0,0,268,1,2,0.844,0.0448,GREEN,57,Mumbai
CLM0020614,MUM_04960,Chembur,2022-03-21,19,0,0,0,0,0,0,0,0,0,0.0,0.142647,0,0.0,0,420,0,3,0.558,0.0,GREEN,31,Mumbai
CLM0020615,MUM_09571,Thane,2023-10-27,8,0,1,1,0,0,0,0,0,0,0.0,0.393944,0,0.0,0,101,1,3,0.7013,0.0672,GREEN,38,Mumbai
CLM0020616,MUM_04448,Powai,2016-05-31,10,0,0,0,0,0,0,0,0,0,0.0,0.0,1,0.0,0,166,4,2,0.6469,0.0304,GREEN,45,Mumbai
CLM0020617,MUM_08471,Lower Parel,2019-06-23,11,0,0,0,0,0,0,0,0,0,0.0,0.953512,0,0.0,1,248,3,3,0.5304,0.0282,GREEN,45,Mumbai
CLM0020618,MUM_09402,Thane,2021-01-20,13,0,0,0,0,0,1,0,0,0,0.0,0.951257,0,0.0,0,282,1,1,0.7716,0.0694,GREEN,39,Mumbai
CLM0020619,MUM_08433,Lower Parel,2023-03-19,11,0,1,1,0,0,0,0,0,0,0.0,0.44194,0,0.0,0,400,2,1,0.6149,0.0,GREEN,20,Mumbai
CLM0020620,MUM_02256,Chembur,2019-06-29,7,0,0,0,0,0,0,0,0,0,0.0,0.270852,0,0.0,0,237,0,2,0.8381,0.0241,GREEN,47,Mumbai
CLM0020621,MUM_04299,Chembur,2024-02-28,15,0,0,0,0,0,0,0,0,0,0.0,0.152885,0,0.0,0,62,3,1,0.6511,0.0122,GREEN,48,Mumbai
CLM0020622,MUM_09832,Lower Parel,2019-02-12,14,0,0,0,0,0,0,0,0,0,0.0,0.319671,0,0.0,0,414,3,0,0.5995,0.0,GREEN,35,Mumbai
CLM0020623,MUM_03734,Bandra,2023-08-19,13,0,0,0,0,0,0,0,0,0,0.0,0.081064,0,0.0,1,203,2,2,0.4057,0.1225,GREEN,48,Mumbai
CLM0020624,MUM_03386,Vashi,2020-01-10,17,0,0,0,0,0,0,0,0,0,0.0,0.128699,1,0.0,0,165,1,6,0.7732,0.1855,GREEN,48,Mumbai
CLM0020625,MUM_05510,Bandra,2022-06-16,15,0,1,1,0,0,0,0,0,0,0.0,0.323943,1,0.0,0,103,3,4,0.9735,0.0529,GREEN,34,Mumbai
CLM0020626,MUM_08789,Powai,2022-01-30,7,0,0,0,0,0,0,0,0,0,0.0,0.224719,0,0.0,0,417,1,2,0.2395,0.0,GREEN,32,Mumbai
CLM0020627,MUM_02939,Lower Parel,2024-06-10,13,0,0,0,0,0,0,0,0,0,0.0,0.177288,0,0.0,0,204,2,1,0.98,0.0,GREEN,56,Mumbai
CLM0020628,MUM_01655,Dadar,2020-08-29,15,0,0,0,0,0,0,0,1,0,0.0,0.141727,1,0.0,0,272,1,0,0.6246,0.0,GREEN,33,Mumbai
CLM0020629,MUM_08214,Bandra,2022-06-01,13,0,0,0,0,0,0,0,0,0,0.0,0.985678,0,0.0,0,48,2,1,0.8018,0.1824,GREEN,48,Mumbai
CLM0020630,MUM_01606,Powai,2024-12-19,11,0,0,0,0,0,0,0,0,0,0.0,0.464734,0,0.0,0,350,4,3,0.8794,0.1116,GREEN,30,Mumbai
CLM0020631,MUM_01543,Borivali,2024-06-09,8,0,0,0,0,0,0,0,0,0,0.0,0.959231,0,0.0,0,342,2,1,0.8345,0.0401,GREEN,48,Mumbai
CLM0020632,MUM_06326,Borivali,2021-05-28,15,0,0,0,0,1,0,0,0,0,0.0,0.153585,0,0.0,0,333,1,3,0.166,0.0476,GREEN,64,Mumbai
CLM0020633,MUM_02885,Chembur,2018-11-03,18,0,0,0,0,0,0,0,0,0,0.0,0.147562,0,0.0,0,316,4,5,0.5402,0.001,GREEN,29,Mumbai
CLM0020634,MUM_06454,Thane,2020-02-10,18,0,0,0,0,0,0,0,0,0,0.0,0.332858,1,0.0,0,420,1,0,0.7444,0.0323,GREEN,29,Mumbai
CLM0020635,MUM_09320,Vashi,2018-11-06,20,0,0,0,0,0,0,0,1,0,0.0,0.318043,0,0.0,0,294,3,5,0.7181,0.0543,GREEN,22,Mumbai
CLM0020636,MUM_02754,Andheri,2018-08-01,19,0,0,0,0,0,0,0,1,0,0.0,0.0,0,0.0,0,153,4,2,0.5975,0.0718,GREEN,39,Mumbai
CLM0020637,MUM_04890,Borivali,2019-06-22,9,0,0,0,0,0,0,0,0,0,0.0,0.285497,0,0.0,0,354,3,2,0.5702,0.0427,GREEN,50,Mumbai
CLM0020638,MUM_06691,Ghatkopar,2024-08-26,8,0,1,1,0,0,0,0,0,0,0.0,0.100828,0,0.0,0,112,0,0,0.9164,0.0,GREEN,40,Mumbai
CLM0020639,MUM_07405,Lower Parel,2020-12-07,15,0,0,0,0,0,0,0,1,0,0.0,0.28528,0,0.0,0,280,2,3,0.6684,0.0857,GREEN,48,Mumbai
CLM0020640,MUM_01952,Bandra,2020-09-16,10,0,0,0,0,0,0,0,0,0,0.0,0.322995,0,0.0,1,117,0,5,0.9668,0.1362,GREEN,56,Mumbai
CLM0020641,MUM_05355,Chembur,2025-09-09,18,0,0,0,1,0,1,0,0,0,0.0,0.357682,0,0.0,0,155,4,2,0.05,0.2672,GREEN,39,Mumbai
CLM0020642,MUM_08914,Thane,2025-02-26,9,0,0,0,1,0,0,0,0,0,0.0,0.469712,0,0.0,0,420,0,4,0.6387,0.1379,GREEN,50,Mumbai
CLM0020643,MUM_00815,Chembur,2025-10-10,9,0,0,0,0,0,0,0,0,0,0.0,0.16348,0,0.0,0,420,3,1,0.786,0.1266,GREEN,40,Mumbai
CLM0020644,MUM_08895,Thane,2024-08-19,13,0,0,0,0,0,0,0,1,0,0.0,0.117752,0,0.0,0,326,0,2,0.8471,0.1447,GREEN,36,Mumbai
CLM0020645,MUM_07653,Powai,2024-11-03,11,0,0,0,0,0,0,0,0,0,0.0,1.0,0,0.0,0,134,2,0,0.6979,0.1265,GREEN,46,Mumbai
CLM0020646,MUM_01366,Vashi,2025-06-23,15,0,0,0,0,0,0,0,0,0,0.0,0.215573,0,0.0,0,86,0,6,0.8328,0.0174,GREEN,50,Mumbai
CLM0020647,MUM_02301,Andheri,2024-11-10,12,0,0,0,0,0,0,0,0,0,0.0,0.980871,0,0.0,0,294,4,2,0.7053,0.0883,GREEN,47,Mumbai
CLM0020648,MUM_07320,Lower Parel,2020-10-10,8,0,0,0,0,0,0,0,0,0,0.0,0.127405,0,0.0,0,66,0,3,0.2476,0.0,GREEN,49,Mumbai
CLM0020649,MUM_00631,Lower Parel,2023-03-01,10,0,0,0,0,0,0,0,0,0,0.0,0.042737,0,0.0,0,420,2,0,0.6841,0.0,GREEN,24,Mumbai
CLM0020650,MUM_00002,Lower Parel,2023-04-24,12,0,0,0,0,0,0,1,0,0,0.0,0.144474,0,0.0,0,369,1,3,0.9063,0.1479,GREEN,50,Mumbai
CLM0020651,MUM_06696,Borivali,2020-01-31,7,0,0,0,0,0,0,0,1,0,0.0,0.338612,0,0.0,0,30,0,3,0.6327,0.0484,GREEN,48,Mumbai
CLM0020652,MUM_03214,Powai,2023-08-25,16,0,0,0,0,0,0,0,0,0,0.0,0.219874,0,0.0,0,324,0,2,0.7817,0.0316,GREEN,42,Mumbai
CLM0020653,MUM_09070,Thane,2021-08-24,11,0,0,0,0,0,1,1,0,0,0.0,0.287929,0,0.0,0,143,3,5,0.2125,0.1023,GREEN,36,Mumbai
CLM0020654,MUM_02916,Ghatkopar,2024-06-05,9,0,0,0,0,0,0,0,0,0,1.0,0.946691,0,1.0,0,132,1,2,0.98,0.0,GREEN,31,Mumbai
CLM0020655,MUM_06323,Powai,2025-08-14,7,0,0,0,0,0,0,0,0,0,0.0,0.245296,0,0.0,0,175,0,2,0.98,0.0458,GREEN,45,Mumbai
CLM0020656,MUM_03024,Bandra,2024-06-18,15,0,0,0,0,0,0,0,0,0,0.0,0.310466,0,0.0,0,420,0,1,0.5083,0.0,GREEN,47,Mumbai
CLM0020657,MUM_02106,Dadar,2024-02-19,21,0,0,0,0,0,0,0,0,0,0.0,0.330095,0,0.0,0,132,2,5,0.4639,0.0508,GREEN,32,Mumbai
CLM0020658,MUM_08071,Bandra,2024-12-22,16,0,0,0,0,0,0,0,0,0,0.0,0.38472,0,0.0,0,405,4,2,0.8757,0.0,GREEN,47,Mumbai
CLM0020659,MUM_03333,Powai,2024-04-12,21,0,0,0,0,0,0,0,1,0,0.0,0.033117,1,0.0,0,236,2,3,0.2288,0.1364,GREEN,39,Mumbai
CLM0020660,MUM_00059,Bandra,2024-08-13,17,0,0,0,0,0,1,0,0,0,0.0,0.29062,0,0.0,0,196,3,4,0.1859,0.0816,GREEN,24,Mumbai
CLM0020661,MUM_02258,Bandra,2024-12-25,16,0,0,0,0,0,0,0,0,1,0.0,0.253395,0,0.0,0,297,4,0,0.769,0.0255,GREEN,51,Mumbai
CLM0020662,MUM_05181,Vashi,2024-09-02,7,0,0,0,0,0,0,0,0,0,0.0,0.309295,0,0.0,0,399,0,0,0.1275,0.0,GREEN,62,Mumbai
CLM0020663,MUM_02760,Borivali,2022-06-25,20,0,0,0,0,0,1,0,0,0,0.0,0.335872,0,0.0,0,150,4,1,0.8299,0.1194,GREEN,38,Mumbai
CLM0020664,MUM_09212,Borivali,2025-03-02,8,0,0,0,0,0,0,0,0,0,0.0,1.0,0,0.0,0,420,1,0,0.1589,0.0,GREEN,18,Mumbai
CLM0020665,MUM_05341,Borivali,2022-09-12,20,0,0,0,0,0,1,0,0,0,1.0,0.055328,0,0.0,0,385,0,0,0.874,0.0732,GREEN,29,Mumbai
CLM0020666,MUM_02241,Lower Parel,2022-01-01,19,0,0,0,0,0,0,0,0,0,0.0,0.343869,0,0.0,0,329,1,4,0.1896,0.0977,GREEN,49,Mumbai
CLM0020667,MUM_05866,Lower Parel,2024-12-17,8,0,0,0,0,0,0,0,0,0,1.0,0.398372,0,0.0,0,97,4,2,0.68,0.0185,GREEN,48,Mumbai
CLM0020668,MUM_08564,Andheri,2024-12-21,21,0,0,0,0,1,0,1,1,1,0.0,0.844083,1,0.0,1,5,4,18,0.05,0.0,GREEN,54,Mumbai
CLM0020669,MUM_02446,Thane,2023-11-21,7,0,0,0,1,1,0,1,0,1,0.0,0.147996,0,0.0,1,12,0,18,0.357,0.0,GREEN,40,Mumbai
CLM0020670,MUM_09545,Powai,2022-02-23,11,0,0,0,0,0,0,0,0,0,1.0,1.0,0,0.0,0,57,4,2,0.5139,0.0452,GREEN,49,Mumbai
CLM0020671,MUM_07304,Dadar,2021-04-13,12,0,0,0,0,0,0,0,0,0,0.0,0.423451,0,0.0,0,179,0,3,0.6813,0.0272,GREEN,54,Mumbai
CLM0020672,MUM_07508,Vashi,2023-10-08,18,0,0,0,0,0,0,0,0,0,0.0,1.0,0,0.0,0,183,1,0,0.6019,0.0,GREEN,41,Mumbai
CLM0020673,MUM_04589,Thane,2024-07-21,11,0,0,0,0,0,0,0,0,0,0.0,0.091685,0,0.0,0,58,2,0,0.8979,0.0,GREEN,44,Mumbai
CLM0020674,MUM_08921,Ghatkopar,2020-08-13,7,0,0,0,0,0,0,0,0,0,0.0,0.346677,0,0.0,0,385,1,5,0.98,0.0023,GREEN,50,Mumbai
CLM0020675,MUM_05046,Dadar,2021-11-26,12,0,0,0,0,0,0,0,0,0,0.0,1.0,0,0.0,1,228,4,4,0.5339,0.0092,GREEN,31,Mumbai
CLM0020676,MUM_07421,Borivali,2016-07-04,10,0,0,0,0,0,0,0,0,0,0.0,0.921334,0,0.0,1,276,1,3,0.8936,0.0241,GREEN,25,Mumbai
CLM0020677,MUM_06772,Chembur,2017-06-21,13,0,0,0,0,0,0,0,0,0,0.0,0.31428,0,0.0,0,21,0,0,0.5619,0.0527,GREEN,25,Mumbai
CLM0020678,MUM_03421,Thane,2023-01-11,10,0,0,0,0,0,0,0,0,0,0.0,0.07298,0,0.0,0,420,3,4,0.7664,0.1055,GREEN,47,Mumbai
CLM0020679,MUM_01621,Powai,2019-11-08,15,0,1,1,0,0,0,0,0,0,0.0,0.186917,0,1.0,0,239,4,0,0.4216,0.0543,GREEN,18,Mumbai
CLM0020680,MUM_01166,Ghatkopar,2020-01-01,12,0,1,1,1,1,1,1,1,1,0.0,0.051116,1,0.0,0,29,1,18,0.7365,0.0,GREEN,36,Mumbai
CLM0020681,MUM_09644,Borivali,2022-08-10,9,0,0,0,0,0,0,1,0,0,0.0,0.410143,0,0.0,0,224,2,0,0.8562,0.1056,GREEN,40,Mumbai
CLM0020682,MUM_08009,Chembur,2019-10-21,13,0,0,0,0,0,0,0,0,0,0.0,0.01758,0,0.0,0,153,1,1,0.7963,0.0,GREEN,37,Mumbai
CLM0020683,MUM_04016,Lower Parel,2025-08-22,16,0,0,0,0,0,0,0,0,0,0.0,0.276173,0,0.0,0,347,1,2,0.4579,0.0,GREEN,39,Mumbai
CLM0020684,MUM_03217,Borivali,2023-04-10,19,0,1,1,1,0,1,1,1,0,0.0,0.056529,0,1.0,1,15,4,18,0.98,0.2754,GREEN,42,Mumbai
CLM0020685,MUM_09191,Vashi,2023-06-29,17,0,0,0,0,0,0,1,0,0,0.0,0.194215,0,0.0,1,418,3,6,0.0588,0.1793,GREEN,32,Mumbai
CLM0020686,MUM_02114,Ghatkopar,2019-12-22,7,0,0,0,0,0,0,0,0,0,0.0,0.32486,0,0.0,0,420,3,2,0.7427,0.0,GREEN,39,Mumbai
CLM0020687,MUM_08269,Powai,2025-02-12,9,0,0,0,0,0,0,0,1,0,1.0,0.224548,0,0.0,0,203,4,5,0.1193,0.2746,GREEN,18,Mumbai
CLM0020688,MUM_04880,Ghatkopar,2022-08-16,11,0,0,0,0,0,0,0,0,0,0.0,0.385969,0,0.0,0,234,0,2,0.98,0.0711,GREEN,32,Mumbai
CLM0020689,MUM_07920,Bandra,2024-10-24,11,0,0,0,0,0,0,0,0,0,0.0,0.3511,0,0.0,0,381,4,3,0.7889,0.0,GREEN,45,Mumbai
CLM0020690,MUM_01801,Chembur,2022-01-15,17,0,0,0,0,0,0,0,0,0,0.0,0.494393,0,0.0,0,396,0,3,0.9354,0.0,GREEN,20,Mumbai
CLM0020691,MUM_09935,Bandra,2024-01-18,7,0,0,0,0,0,1,0,0,0,0.0,0.398327,0,0.0,0,142,1,3,0.9527,0.0219,GREEN,22,Mumbai
CLM0020692,MUM_00168,Lower Parel,2024-09-05,15,0,0,0,0,1,0,1,0,0,0.0,0.0,0,0.0,0,315,0,2,0.8114,0.3687,YELLOW,37,Mumbai
CLM0020693,MUM_08950,Andheri,2023-09-02,15,0,0,0,0,0,1,0,0,0,0.0,0.269176,0,0.0,0,171,4,0,0.8659,0.1345,GREEN,41,Mumbai
CLM0020694,MUM_04666,Thane,2025-09-16,10,0,0,0,0,0,0,0,1,0,0.0,0.151757,0,0.0,1,265,4,2,0.7248,0.1478,GREEN,38,Mumbai
CLM0020695,MUM_03489,Andheri,2023-11-15,20,0,0,0,0,0,0,0,0,0,0.0,0.0,1,0.0,0,50,3,0,0.6886,0.0806,GREEN,34,Mumbai
CLM0020696,MUM_07781,Ghatkopar,2023-02-02,8,0,0,0,0,0,0,0,0,0,1.0,0.321982,0,0.0,0,394,3,0,0.8096,0.0662,GREEN,48,Mumbai
CLM0020697,MUM_06041,Chembur,2024-08-11,20,0,0,0,0,0,0,0,0,0,0.0,0.166806,0,0.0,1,203,3,0,0.7731,0.0952,GREEN,54,Mumbai
CLM0020698,MUM_07944,Chembur,2023-03-20,19,0,0,0,0,0,0,0,0,0,0.0,0.104275,0,0.0,0,93,4,0,0.6323,0.0,GREEN,42,Mumbai
CLM0020699,MUM_03573,Bandra,2025-01-24,21,0,0,0,0,0,0,0,0,0,0.0,0.219387,0,0.0,0,45,0,5,0.809,0.0,GREEN,35,Mumbai
CLM0020700,MUM_08383,Chembur,2023-07-16,16,0,0,0,0,0,0,0,0,0,0.0,0.200016,0,0.0,0,65,2,0,0.98,0.0653,GREEN,31,Mumbai
CLM0020701,MUM_08174,Dadar,2024-03-10,11,0,0,0,0,0,0,0,0,0,0.0,0.240246,0,0.0,0,357,0,4,0.6569,0.0616,GREEN,38,Mumbai
CLM0020702,MUM_09911,Lower Parel,2024-11-25,16,0,0,0,0,0,0,0,0,0,0.0,0.395968,0,0.0,0,106,4,1,0.7581,0.0726,GREEN,18,Mumbai
CLM0020703,MUM_04665,Dadar,2020-01-05,16,0,0,0,1,0,0,0,0,0,0.0,0.107908,1,1.0,0,222,2,4,0.7385,0.3728,YELLOW,51,Mumbai
CLM0020704,MUM_05357,Vashi,2018-03-23,21,0,0,0,0,0,0,1,0,0,0.0,0.27889,1,0.0,0,35,0,1,0.7239,0.134,GREEN,47,Mumbai
CLM0020705,MUM_09140,Lower Parel,2025-06-18,19,0,1,1,0,0,0,0,0,0,0.0,0.998653,0,0.0,0,324,1,3,0.9406,0.0414,GREEN,27,Mumbai
CLM0020706,MUM_04508,Dadar,2025-07-29,13,0,0,0,0,0,0,0,0,0,0.0,0.150672,0,0.0,0,279,1,4,0.6037,0.0,GREEN,37,Mumbai
CLM0020707,MUM_01123,Lower Parel,2024-04-10,16,0,0,0,1,0,0,0,0,0,0.0,0.108345,0,0.0,0,359,2,0,0.5946,0.1911,GREEN,40,Mumbai
CLM0020708,MUM_02907,Chembur,2024-07-22,15,0,0,0,0,0,0,0,0,0,0.0,0.0,0,0.0,0,389,4,1,0.8578,0.0,GREEN,40,Mumbai
CLM0020709,MUM_09352,Dadar,2023-08-27,12,0,0,0,0,0,0,0,0,0,0.0,0.0,0,0.0,0,335,3,0,0.6637,0.042,GREEN,52,Mumbai
CLM0020710,MUM_07676,Vashi,2023-06-13,15,0,0,0,0,0,1,0,0,0,0.0,0.158407,0,0.0,0,126,4,3,0.5896,0.067,GREEN,58,Mumbai
CLM0020711,MUM_08727,Chembur,2025-06-12,15,0,0,0,0,0,0,0,0,1,0.0,0.06112,0,0.0,0,261,4,6,0.6999,0.2092,GREEN,65,Mumbai
CLM0020712,MUM_09914,Powai,2025-08-03,11,0,0,0,0,0,0,0,0,0,0.0,0.273067,0,0.0,0,420,0,4,0.6611,0.0,GREEN,51,Mumbai
CLM0020713,MUM_03669,Chembur,2023-04-15,8,0,0,0,0,0,1,1,0,0,0.0,0.35954,0,0.0,0,352,2,3,0.7758,0.177,GREEN,48,Mumbai
CLM0020714,MUM_00322,Thane,2018-01-17,14,0,0,0,1,0,0,0,0,0,0.0,0.095412,0,0.0,0,182,3,3,0.766,0.1182,GREEN,52,Mumbai
CLM0020715,MUM_08281,Dadar,2020-11-20,18,0,0,0,0,0,0,0,0,0,0.0,0.254979,0,0.0,0,407,3,0,0.1451,0.0105,GREEN,50,Mumbai
CLM0020716,MUM_09224,Powai,2023-08-26,16,0,0,0,0,0,0,0,0,0,0.0,0.381958,0,0.0,0,420,0,4,0.9759,0.0098,GREEN,46,Mumbai
CLM0020717,MUM_06314,Powai,2019-05-05,14,0,0,0,0,0,0,0,0,0,0.0,0.077852,0,0.0,0,317,3,3,0.7261,0.021,GREEN,32,Mumbai
CLM0020718,MUM_07670,Andheri,2021-03-06,13,0,0,0,0,0,0,0,0,0,0.0,0.237449,0,0.0,0,323,0,4,0.7121,0.0,GREEN,50,Mumbai
CLM0020719,MUM_02608,Bandra,2024-10-22,14,0,0,0,0,0,0,0,0,0,0.0,0.119683,0,1.0,0,288,3,2,0.98,0.0,GREEN,42,Mumbai
CLM0020720,MUM_08479,Lower Parel,2025-10-18,16,0,0,0,0,0,0,0,0,0,0.0,0.330328,0,0.0,0,420,1,2,0.9598,0.1301,GREEN,40,Mumbai
CLM0020721,MUM_01114,Vashi,2019-04-08,17,0,0,0,0,0,0,0,0,0,0.0,0.098186,0,0.0,0,22,0,0,0.4247,0.0542,GREEN,46,Mumbai
CLM0020722,MUM_07956,Vashi,2022-09-26,16,0,0,0,0,0,1,0,0,0,0.0,0.188313,0,0.0,0,420,3,0,0.6547,0.1266,GREEN,22,Mumbai
CLM0020723,MUM_03916,Borivali,2025-03-14,18,0,1,1,0,0,0,0,0,0,0.0,0.934096,0,0.0,0,156,1,2,0.4892,0.0231,GREEN,51,Mumbai
CLM0020724,MUM_03723,Borivali,2022-12-20,14,0,0,0,0,0,1,0,0,0,1.0,0.095132,0,0.0,0,11,4,5,0.8686,0.1313,GREEN,55,Mumbai
CLM0020725,MUM_06482,Andheri,2023-09-09,19,0,0,0,1,0,0,0,1,0,1.0,0.271337,0,0.0,0,362,4,0,0.7903,0.375,YELLOW,54,Mumbai
CLM0020726,MUM_07539,Bandra,2017-08-13,7,0,0,0,0,0,0,0,0,0,1.0,0.978193,0,0.0,0,420,1,0,0.0799,0.0,GREEN,41,Mumbai
CLM0020727,MUM_00880,Dadar,2023-11-08,18,0,0,0,0,0,0,0,1,0,1.0,0.126086,0,0.0,0,414,4,3,0.1283,0.1831,GREEN,33,Mumbai
CLM0020728,MUM_04247,Lower Parel,2017-01-28,8,0,0,0,0,0,0,0,0,0,0.0,0.155126,0,0.0,0,160,3,0,0.5798,0.0658,GREEN,53,Mumbai
CLM0020729,MUM_00746,Ghatkopar,2019-11-07,12,0,0,0,0,0,0,0,0,0,0.0,0.207899,0,0.0,0,389,2,4,0.5847,0.0,GREEN,42,Mumbai
CLM0020730,MUM_02441,Powai,2024-03-16,9,0,0,0,0,0,0,0,0,0,0.0,0.353479,0,0.0,0,51,4,4,0.8297,0.0,GREEN,45,Mumbai
CLM0020731,MUM_05853,Dadar,2024-04-09,11,0,1,1,1,0,0,0,0,0,1.0,0.038074,0,0.0,0,388,3,2,0.6762,0.2302,GREEN,55,Mumbai
CLM0020732,MUM_09547,Powai,2024-02-20,17,0,0,0,0,0,0,0,0,0,0.0,0.288061,0,0.0,0,420,3,0,0.6623,0.0,GREEN,42,Mumbai
CLM0020733,MUM_06668,Ghatkopar,2024-07-19,12,0,0,0,0,0,0,0,1,0,0.0,1.0,0,0.0,1,391,0,0,0.2625,0.1809,GREEN,34,Mumbai
CLM0020734,MUM_01189,Powai,2024-06-28,19,0,0,0,0,0,0,0,0,0,0.0,0.0,0,0.0,0,420,4,6,0.7697,0.0453,GREEN,33,Mumbai
CLM0020735,MUM_09021,Thane,2025-08-23,16,0,0,0,0,0,0,0,0,1,0.0,0.163318,1,0.0,0,64,1,2,0.8398,0.1422,GREEN,47,Mumbai
CLM0020736,MUM_03971,Dadar,2023-08-14,8,0,0,0,0,0,0,0,0,0,0.0,0.047362,0,0.0,0,5,1,8,0.6716,0.0,GREEN,34,Mumbai
CLM0020737,MUM_01992,Vashi,2023-01-13,8,0,1,1,1,0,0,0,0,0,0.0,0.086246,1,0.0,0,220,2,0,0.5587,0.1572,GREEN,39,Mumbai
CLM0020738,MUM_03294,Thane,2025-06-03,17,0,0,0,0,0,0,0,0,0,0.0,1.0,0,0.0,1,420,4,2,0.7519,0.0416,GREEN,25,Mumbai
CLM0020739,MUM_03898,Lower Parel,2025-03-25,21,0,0,0,0,0,0,0,0,0,0.0,0.096825,0,0.0,0,101,0,5,0.9683,0.0,GREEN,50,Mumbai
CLM0020740,MUM_02170,Powai,2022-08-17,18,0,0,0,0,0,0,0,0,0,0.0,0.153406,0,0.0,1,172,1,1,0.648,0.0267,GREEN,39,Mumbai
CLM0020741,MUM_09698,Powai,2023-02-03,11,0,0,0,0,0,0,0,0,0,0.0,0.293418,0,0.0,0,420,3,0,0.8137,0.0,GREEN,33,Mumbai
CLM0020742,MUM_05410,Bandra,2023-08-14,8,0,0,0,0,0,0,1,0,0,1.0,0.975236,0,1.0,0,102,1,2,0.7762,0.0494,GREEN,52,Mumbai
CLM0020743,MUM_01198,Bandra,2025-10-26,14,0,0,0,0,0,0,1,0,0,0.0,0.304794,0,1.0,0,186,2,2,0.4164,0.0514,GREEN,30,Mumbai
CLM0020744,MUM_07292,Borivali,2025-11-20,7,0,0,0,0,0,0,0,0,1,0.0,0.947296,0,0.0,0,352,2,3,0.8224,0.1102,GREEN,39,Mumbai
CLM0020745,MUM_05226,Bandra,2023-12-12,11,0,0,0,0,0,0,0,0,0,0.0,0.078965,0,0.0,0,226,2,2,0.6693,0.0189,GREEN,61,Mumbai
CLM0020746,MUM_03397,Bandra,2022-07-15,20,0,0,0,1,0,0,0,0,0,0.0,0.318665,0,0.0,0,187,2,4,0.9264,0.1096,GREEN,37,Mumbai
CLM0020747,MUM_08554,Borivali,2024-04-20,7,0,0,0,1,0,0,0,0,0,0.0,0.160013,0,0.0,0,74,2,1,0.8996,0.1983,GREEN,51,Mumbai
CLM0020748,MUM_01601,Borivali,2024-04-29,17,0,0,0,0,0,0,0,0,0,1.0,0.320881,0,0.0,1,385,4,1,0.4717,0.1521,GREEN,30,Mumbai
CLM0020749,MUM_03479,Chembur,2025-01-14,20,0,0,0,0,0,0,1,0,0,0.0,0.137066,0,0.0,0,420,2,4,0.7992,0.0621,GREEN,41,Mumbai
CLM0020750,MUM_08253,Bandra,2024-12-23,13,0,0,0,0,0,0,0,0,0,0.0,0.444009,0,0.0,0,187,3,0,0.9178,0.0045,GREEN,31,Mumbai
CLM0020751,MUM_03172,Vashi,2022-12-15,13,0,0,0,0,0,0,0,0,0,0.0,1.0,0,0.0,0,420,0,2,0.7416,0.0,GREEN,45,Mumbai
CLM0020752,MUM_07955,Thane,2022-06-23,13,0,0,0,0,0,0,0,0,0,0.0,0.081505,0,0.0,0,420,4,0,0.2342,0.0317,GREEN,50,Mumbai
CLM0020753,MUM_00909,Borivali,2025-04-17,7,0,0,0,0,0,0,1,0,0,0.0,0.274313,0,0.0,0,130,3,0,0.6908,0.1027,GREEN,53,Mumbai
CLM0020754,MUM_08745,Andheri,2022-01-16,13,0,0,0,0,0,0,0,0,0,0.0,0.213372,0,0.0,0,201,4,6,0.6752,0.0431,GREEN,54,Mumbai
CLM0020755,MUM_05551,Borivali,2024-05-01,14,0,0,0,0,0,1,0,0,0,0.0,0.091106,0,0.0,1,395,4,4,0.5495,0.1463,GREEN,24,Mumbai
CLM0020756,MUM_00196,Borivali,2023-01-29,16,0,1,1,0,0,0,0,0,0,0.0,0.412905,0,0.0,0,34,2,1,0.901,0.0,GREEN,39,Mumbai
CLM0020757,MUM_04263,Dadar,2020-09-15,10,0,0,0,0,0,0,0,0,0,1.0,0.200406,0,0.0,0,63,3,1,0.6717,0.0322,GREEN,40,Mumbai
CLM0020758,MUM_06132,Bandra,2022-03-25,15,0,0,0,0,0,0,0,0,1,0.0,0.285757,0,0.0,0,238,1,0,0.834,0.1427,GREEN,30,Mumbai
CLM0020759,MUM_04650,Powai,2023-09-18,14,0,0,0,0,0,0,0,0,0,0.0,0.211071,0,0.0,0,24,1,2,0.98,0.0681,GREEN,18,Mumbai
CLM0020760,MUM_01972,Powai,2023-11-25,7,0,0,0,0,0,0,0,0,0,0.0,0.0,0,0.0,0,339,3,2,0.2759,0.1046,GREEN,42,Mumbai
CLM0020761,MUM_08889,Ghatkopar,2025-11-20,21,0,0,0,0,0,0,0,0,0,0.0,0.250469,0,0.0,0,321,2,0,0.98,0.0,GREEN,40,Mumbai
CLM0020762,MUM_03788,Thane,2021-01-20,16,0,0,0,0,1,0,0,0,0,0.0,0.111774,0,0.0,0,138,4,4,0.98,0.1349,GREEN,54,Mumbai
CLM0020763,MUM_07806,Ghatkopar,2024-11-21,12,0,0,0,0,0,0,0,0,0,0.0,0.046984,1,0.0,0,287,2,0,0.1578,0.0435,GREEN,39,Mumbai
CLM0020764,MUM_01175,Powai,2023-11-27,17,0,0,0,0,0,0,0,0,0,0.0,0.303598,0,0.0,0,177,0,0,0.2383,0.0,GREEN,47,Mumbai
CLM0020765,MUM_08824,Ghatkopar,2023-08-22,17,0,0,0,0,0,0,0,0,0,0.0,0.0,0,0.0,0,273,2,4,0.7534,0.0428,GREEN,49,Mumbai
CLM0020766,MUM_03410,Andheri,2025-04-12,9,0,0,0,0,0,0,0,0,0,0.0,0.432975,0,0.0,0,249,0,0,0.6249,0.0,GREEN,37,Mumbai
CLM0020767,MUM_01690,Dadar,2024-10-22,14,0,0,0,0,0,0,0,0,0,1.0,0.192815,0,1.0,0,102,0,5,0.786,0.0542,GREEN,26,Mumbai
CLM0020768,MUM_03379,Lower Parel,2025-04-14,13,0,0,0,0,0,0,0,0,0,0.0,0.319892,0,0.0,0,220,4,0,0.5238,0.0363,GREEN,40,Mumbai
CLM0020769,MUM_00590,Dadar,2024-02-19,20,0,0,0,0,0,0,0,0,0,0.0,0.105529,0,0.0,0,382,0,4,0.8865,0.0875,GREEN,39,Mumbai
CLM0020770,MUM_06278,Borivali,2023-09-06,16,0,0,0,0,0,0,0,0,0,0.0,0.0,0,0.0,0,420,3,0,0.2585,0.0,GREEN,33,Mumbai
CLM0020771,MUM_06291,Bandra,2025-01-03,9,0,0,0,0,0,0,0,1,0,1.0,0.910019,0,1.0,0,209,3,6,0.6904,0.0552,GREEN,48,Mumbai
CLM0020772,MUM_08238,Andheri,2023-07-07,19,0,0,0,0,0,0,0,0,0,0.0,0.088018,0,0.0,0,384,2,4,0.8026,0.0921,GREEN,50,Mumbai
CLM0020773,MUM_01890,Ghatkopar,2024-04-14,10,0,0,0,0,0,1,0,0,0,0.0,0.258364,0,0.0,1,420,4,5,0.7488,0.1765,GREEN,32,Mumbai
CLM0020774,MUM_01855,Bandra,2025-06-19,7,0,1,1,0,0,0,0,0,0,1.0,0.204149,0,0.0,0,179,0,0,0.6684,0.1795,GREEN,41,Mumbai
CLM0020775,MUM_04301,Thane,2025-08-14,21,0,0,0,0,0,0,0,1,0,0.0,0.034256,0,0.0,0,420,4,1,0.373,0.0444,GREEN,45,Mumbai
CLM0020776,MUM_00458,Powai,2025-05-11,7,0,0,0,0,0,0,0,0,0,0.0,0.153638,0,0.0,0,229,1,0,0.8299,0.0112,GREEN,45,Mumbai
CLM0020777,MUM_00016,Borivali,2025-06-12,15,0,0,0,0,0,0,0,0,0,1.0,0.011535,0,0.0,0,95,2,6,0.6059,0.0948,GREEN,57,Mumbai
CLM0020778,MUM_00713,Borivali,2025-05-20,17,0,0,0,0,0,0,0,0,0,0.0,0.153552,0,0.0,0,420,1,6,0.8789,0.0465,GREEN,31,Mumbai
CLM0020779,MUM_02524,Bandra,2023-03-14,9,0,1,1,0,0,0,0,0,0,0.0,0.271865,0,0.0,0,394,1,6,0.6669,0.0376,GREEN,31,Mumbai
CLM0020780,MUM_01509,Vashi,2025-04-18,17,0,0,0,0,0,0,0,0,0,0.0,0.098812,0,0.0,0,420,4,1,0.5485,0.0414,GREEN,53,Mumbai
CLM0020781,MUM_05833,Lower Parel,2025-04-08,17,0,0,0,0,0,0,0,0,0,0.0,0.149838,1,0.0,0,420,2,4,0.9583,0.1105,GREEN,33,Mumbai
CLM0020782,MUM_03683,Chembur,2024-01-19,20,0,0,0,0,0,0,1,1,0,0.0,1.0,0,0.0,0,358,4,3,0.6591,0.1276,GREEN,50,Mumbai
CLM0020783,MUM_09136,Dadar,2024-09-10,19,0,0,0,0,0,0,0,0,0,1.0,0.180134,0,0.0,0,174,4,6,0.7402,0.0815,GREEN,23,Mumbai
CLM0020784,MUM_07413,Borivali,2023-07-16,16,0,0,0,0,0,0,0,0,0,1.0,0.869197,0,1.0,0,385,2,2,0.5399,0.0,GREEN,37,Mumbai
CLM0020785,MUM_00361,Andheri,2024-12-24,17,0,0,0,0,0,0,0,1,0,0.0,0.364999,0,0.0,1,175,2,0,0.6112,0.1457,GREEN,43,Mumbai
CLM0020786,MUM_08906,Andheri,2024-01-16,14,0,0,0,1,0,1,1,1,1,0.0,0.08399,1,0.0,1,5,2,14,0.8971,0.0588,GREEN,36,Mumbai
CLM0020787,MUM_06478,Vashi,2024-01-09,13,0,1,1,1,1,1,1,0,0,0.0,1.0,0,1.0,1,5,1,10,0.2726,0.6748,RED,26,Mumbai
CLM0020788,MUM_09549,Thane,2021-01-26,20,0,1,1,1,1,1,1,0,1,1.0,0.967416,0,1.0,0,5,1,18,0.3048,0.8002,RED,51,Mumbai
CLM0020789,MUM_06153,Chembur,2025-06-11,17,0,1,1,1,0,1,1,1,1,0.0,0.059662,0,0.0,1,6,1,18,0.98,0.8237,RED,29,Mumbai
CLM0020790,MUM_02423,Chembur,2024-06-04,13,0,0,0,0,0,0,0,0,0,0.0,0.205007,0,0.0,0,351,2,2,0.98,0.0276,GREEN,38,Mumbai
CLM0020791,MUM_00023,Chembur,2017-09-07,10,0,0,0,0,0,0,0,0,0,0.0,0.982985,0,0.0,0,224,2,1,0.5615,0.0943,GREEN,19,Mumbai
CLM0020792,MUM_04130,Borivali,2022-10-13,11,0,0,0,0,0,0,0,0,0,0.0,0.025457,0,0.0,0,143,4,5,0.9174,0.0,GREEN,40,Mumbai
CLM0020793,MUM_01010,Ghatkopar,2017-09-11,11,0,0,0,0,0,0,0,0,0,1.0,0.315258,0,0.0,0,326,1,1,0.6317,0.1124,GREEN,45,Mumbai
CLM0020794,MUM_09917,Dadar,2017-03-04,10,0,0,0,0,0,0,0,0,0,0.0,0.219733,0,0.0,0,217,2,2,0.6246,0.179,GREEN,51,Mumbai
CLM0020795,MUM_05109,Borivali,2024-10-14,19,0,0,0,0,1,1,1,1,1,1.0,1.0,0,1.0,0,50,2,18,0.05,0.2078,GREEN,33,Mumbai
CLM0020796,MUM_06263,Thane,2019-10-22,11,0,0,0,0,0,0,0,0,0,1.0,0.147773,0,0.0,0,420,4,3,0.6989,0.0644,GREEN,39,Mumbai
CLM0020797,MUM_01747,Chembur,2021-06-24,19,0,0,0,0,0,1,0,0,0,0.0,0.367821,0,1.0,0,253,2,2,0.6134,0.1469,GREEN,27,Mumbai
CLM0020798,MUM_03089,Dadar,2016-10-18,9,0,0,0,0,0,0,0,0,0,0.0,0.234401,0,0.0,0,420,0,2,0.0553,0.0,GREEN,43,Mumbai
CLM0020799,MUM_06219,Vashi,2021-06-15,17,0,0,0,0,0,0,0,0,0,0.0,0.092357,0,0.0,0,420,4,2,0.7178,0.1759,GREEN,43,Mumbai
CLM0020800,MUM_07661,Dadar,2021-12-19,11,0,0,0,0,0,0,0,0,0,0.0,0.372135,0,0.0,0,373,1,0,0.9097,0.0,GREEN,41,Mumbai
CLM0020801,MUM_05819,Chembur,2022-07-25,20,0,0,0,0,0,1,0,0,0,0.0,0.0,0,0.0,0,59,4,0,0.9522,0.0799,GREEN,46,Mumbai
CLM0020802,MUM_08279,Borivali,2025-04-28,15,0,0,0,1,0,0,1,0,0,1.0,1.0,0,1.0,0,17,4,17,0.0699,0.0,GREEN,43,Mumbai
CLM0020803,MUM_00595,Chembur,2023-07-06,7,0,0,0,0,0,0,0,0,0,0.0,0.264902,0,0.0,0,391,0,0,0.5807,0.0578,GREEN,43,Mumbai
CLM0020804,MUM_03183,Powai,2022-08-17,21,0,0,0,0,0,0,0,0,0,0.0,0.271986,0,0.0,0,277,4,1,0.624,0.0275,GREEN,49,Mumbai
CLM0020805,MUM_06712,Powai,2025-04-14,19,0,0,0,0,0,0,0,0,0,0.0,0.362217,0,0.0,0,48,1,3,0.8521,0.0,GREEN,38,Mumbai
CLM0020806,MUM_06649,Lower Parel,2023-06-19,15,0,0,0,0,0,0,0,0,0,0.0,0.149564,0,0.0,0,187,0,0,0.9513,0.0174,GREEN,59,Mumbai
CLM0020807,MUM_00297,Chembur,2021-09-01,7,0,1,1,0,0,0,0,0,0,0.0,0.305085,0,0.0,0,365,0,0,0.659,0.0867,GREEN,20,Mumbai
CLM0020808,MUM_02021,Bandra,2024-05-01,15,0,0,0,0,0,0,0,1,0,0.0,0.037887,0,0.0,0,108,0,0,0.531,0.0261,GREEN,44,Mumbai
CLM0020809,MUM_07979,Borivali,2023-11-20,18,0,0,0,0,1,1,0,1,0,0.0,0.0138,0,0.0,0,306,0,0,0.7651,0.3376,YELLOW,25,Mumbai
CLM0020810,MUM_01435,Andheri,2025-07-03,12,0,0,0,0,0,0,0,0,0,0.0,0.201198,0,0.0,0,90,3,4,0.9004,0.0148,GREEN,49,Mumbai
CLM0020811,MUM_05305,Powai,2025-02-25,15,0,0,0,0,0,1,0,0,0,0.0,0.257897,0,0.0,0,403,1,5,0.175,0.0837,GREEN,59,Mumbai
CLM0020812,MUM_03356,Powai,2025-10-18,17,0,0,0,0,0,0,0,0,0,0.0,0.0,0,0.0,0,420,2,1,0.9001,0.1336,GREEN,49,Mumbai
CLM0020813,MUM_07773,Bandra,2024-03-12,15,0,0,0,0,0,0,0,0,0,0.0,0.202074,0,0.0,0,304,4,3,0.7548,0.0413,GREEN,30,Mumbai
CLM0020814,MUM_01823,Ghatkopar,2025-08-31,19,0,0,0,0,0,0,0,0,0,0.0,0.334496,0,0.0,0,277,2,0,0.6474,0.0,GREEN,43,Mumbai
CLM0020815,MUM_04407,Dadar,2025-12-25,19,0,0,0,0,0,0,0,0,0,0.0,0.292931,0,0.0,0,402,1,2,0.6501,0.1181,GREEN,38,Mumbai
CLM0020816,MUM_04201,Dadar,2025-01-04,19,0,0,0,0,0,0,0,0,0,0.0,0.952809,1,0.0,0,56,1,0,0.8526,0.1293,GREEN,31,Mumbai
CLM0020817,MUM_09190,Powai,2025-06-06,15,0,0,0,0,1,0,0,0,0,0.0,0.108773,0,0.0,0,153,4,0,0.4992,0.0998,GREEN,41,Mumbai
CLM0020818,MUM_08326,Bandra,2025-02-09,16,0,0,0,0,0,0,0,1,0,1.0,0.884597,0,1.0,0,65,3,4,0.7726,0.0234,GREEN,49,Mumbai
CLM0020819,MUM_05080,Borivali,2024-04-30,12,0,0,0,0,0,0,0,0,0,0.0,0.252034,0,0.0,0,122,0,3,0.7437,0.0092,GREEN,33,Mumbai
CLM0020820,MUM_03811,Thane,2022-06-24,20,0,0,0,0,0,0,0,0,0,0.0,0.393881,0,0.0,0,370,1,3,0.8085,0.0,GREEN,51,Mumbai
CLM0020821,MUM_04637,Powai,2025-12-12,12,0,0,0,0,0,0,0,0,0,0.0,0.337347,0,0.0,1,228,3,0,0.8498,0.0695,GREEN,36,Mumbai
CLM0020822,MUM_01678,Vashi,2025-01-08,9,0,0,0,0,0,0,0,0,0,0.0,0.01179,0,0.0,0,137,2,2,0.98,0.0297,GREEN,38,Mumbai
CLM0020823,MUM_06732,Vashi,2020-12-30,8,0,0,0,0,0,0,0,0,0,1.0,0.962358,0,0.0,0,376,1,3,0.9637,0.0698,GREEN,39,Mumbai
CLM0020824,MUM_07162,Borivali,2025-07-26,11,0,0,0,0,0,0,0,0,0,0.0,0.174061,0,0.0,0,156,0,5,0.1553,0.0907,GREEN,29,Mumbai
CLM0020825,MUM_06726,Thane,2023-08-17,19,0,0,0,0,0,0,0,0,0,0.0,0.302916,0,0.0,0,221,4,1,0.9424,0.1397,GREEN,40,Mumbai
CLM0020826,MUM_05337,Bandra,2024-01-09,15,0,0,0,0,0,0,0,0,0,0.0,0.0612,0,0.0,0,408,4,5,0.98,0.0143,GREEN,26,Mumbai
CLM0020827,MUM_04668,Ghatkopar,2019-11-04,16,0,0,0,0,0,0,0,0,0,0.0,0.0,0,0.0,0,272,2,2,0.9699,0.1183,GREEN,42,Mumbai
CLM0020828,MUM_07322,Vashi,2023-11-30,17,0,0,0,0,0,1,0,0,0,1.0,0.216719,0,0.0,0,243,4,1,0.7321,0.1478,GREEN,55,Mumbai
CLM0020829,MUM_03871,Bandra,2025-02-15,11,0,0,0,0,0,0,0,0,0,0.0,0.038257,1,0.0,0,186,0,3,0.579,0.1066,GREEN,45,Mumbai
CLM0020830,MUM_00880,Dadar,2020-11-10,19,0,0,0,0,0,0,0,0,0,0.0,0.34153,0,0.0,0,304,2,1,0.8454,0.0819,GREEN,33,Mumbai
CLM0020831,MUM_03787,Bandra,2021-11-10,8,0,0,0,0,0,0,0,0,0,0.0,0.323918,0,0.0,0,360,3,2,0.7172,0.0048,GREEN,39,Mumbai
CLM0020832,MUM_08892,Thane,2023-09-11,17,0,0,0,0,0,0,0,0,0,0.0,0.220212,0,0.0,0,70,0,4,0.7428,0.0,GREEN,56,Mumbai
CLM0020833,MUM_04850,Bandra,2024-03-09,19,0,0,0,0,0,1,1,1,1,0.0,0.09662,0,0.0,0,5,4,18,0.98,0.0241,GREEN,43,Mumbai
CLM0020834,MUM_02419,Thane,2022-04-30,12,0,0,0,0,0,0,0,0,0,0.0,0.401089,0,1.0,0,132,0,5,0.6166,0.0924,GREEN,51,Mumbai
CLM0020835,MUM_08482,Vashi,2025-02-12,12,0,0,0,0,0,0,0,0,0,0.0,0.162613,0,0.0,0,406,2,1,0.7865,0.0571,GREEN,26,Mumbai
CLM0020836,MUM_08735,Borivali,2023-05-28,20,0,0,0,0,0,0,1,0,0,0.0,0.427651,0,0.0,0,372,2,3,0.6513,0.1179,GREEN,50,Mumbai
CLM0020837,MUM_00431,Borivali,2025-10-26,14,0,0,0,0,0,1,0,0,0,0.0,0.016347,0,0.0,0,245,4,3,0.6417,0.2269,GREEN,43,Mumbai
CLM0020838,MUM_07624,Bandra,2024-04-28,17,0,0,0,0,0,0,0,0,0,0.0,0.44969,1,0.0,0,242,4,2,0.8618,0.0,GREEN,38,Mumbai
CLM0020839,MUM_05123,Lower Parel,2023-10-13,10,0,0,0,1,0,0,0,0,0,0.0,0.914026,0,0.0,0,18,1,2,0.898,0.172,GREEN,46,Mumbai
CLM0020840,MUM_05094,Andheri,2023-07-09,13,0,0,0,1,0,1,1,1,1,0.0,0.158693,0,0.0,1,10,0,18,0.8368,0.0538,GREEN,52,Mumbai
CLM0020841,MUM_00974,Borivali,2025-03-08,17,0,0,0,0,0,0,0,0,0,0.0,0.0,0,0.0,0,280,1,2,0.9146,0.0,GREEN,44,Mumbai
CLM0020842,MUM_08407,Thane,2023-12-11,8,1,1,1,0,0,0,0,0,0,0.0,0.268401,0,0.0,0,420,4,5,0.6478,0.0,GREEN,48,Mumbai
CLM0020843,MUM_02190,Andheri,2024-12-19,19,0,0,0,0,0,0,0,1,0,0.0,0.193887,0,0.0,0,420,0,1,0.05,0.1852,GREEN,46,Mumbai
CLM0020844,MUM_02711,Bandra,2023-04-18,15,0,0,0,0,0,0,0,0,0,0.0,0.0,0,0.0,0,420,3,1,0.5914,0.0701,GREEN,48,Mumbai
CLM0020845,MUM_05047,Andheri,2023-06-15,12,0,0,0,0,0,0,0,0,0,0.0,0.31365,1,0.0,0,420,3,1,0.98,0.1259,GREEN,50,Mumbai
CLM0020846,MUM_03967,Powai,2025-07-15,20,0,0,0,0,0,0,0,0,0,0.0,0.09245,0,0.0,0,66,4,0,0.593,0.0,GREEN,54,Mumbai
CLM0020847,MUM_07294,Bandra,2023-06-29,8,0,0,0,1,1,0,1,1,0,0.0,0.915759,1,1.0,1,11,0,18,0.05,0.1711,GREEN,44,Mumbai
CLM0020848,MUM_02929,Lower Parel,2024-01-05,21,0,0,0,0,0,0,1,0,1,0.0,0.179302,0,0.0,0,345,2,4,0.6347,0.1848,GREEN,44,Mumbai
CLM0020849,MUM_00983,Lower Parel,2022-04-26,15,0,0,0,0,0,0,0,0,0,0.0,0.370444,0,0.0,0,420,2,0,0.2282,0.0,GREEN,31,Mumbai
CLM0020850,MUM_01924,Andheri,2023-12-16,19,0,0,0,0,0,0,0,0,0,0.0,0.406052,0,0.0,0,270,1,0,0.8199,0.0251,GREEN,50,Mumbai
CLM0020851,MUM_02579,Andheri,2025-05-25,14,0,0,0,0,0,0,0,0,0,0.0,0.089338,0,0.0,0,420,4,7,0.4943,0.0119,GREEN,25,Mumbai
CLM0020852,MUM_04994,Andheri,2024-03-10,18,0,0,0,0,0,0,0,0,1,0.0,0.31917,0,0.0,0,66,1,4,0.3161,0.192,GREEN,45,Mumbai
CLM0020853,MUM_06518,Vashi,2023-12-20,19,0,0,0,0,0,0,0,0,0,0.0,0.313044,0,1.0,0,417,3,3,0.98,0.0572,GREEN,44,Mumbai
CLM0020854,MUM_04301,Thane,2022-11-07,10,0,0,0,0,0,0,1,0,0,0.0,0.272349,0,1.0,0,276,3,1,0.8276,0.0784,GREEN,45,Mumbai
CLM0020855,MUM_07820,Vashi,2025-09-11,20,0,0,0,0,1,0,0,0,0,0.0,0.214444,0,0.0,0,399,0,1,0.5807,0.1489,GREEN,23,Mumbai
CLM0020856,MUM_05149,Thane,2023-02-06,7,0,0,0,0,0,0,0,0,0,0.0,0.107848,0,0.0,0,420,1,5,0.902,0.0537,GREEN,28,Mumbai
CLM0020857,MUM_09185,Vashi,2024-12-12,19,0,0,0,0,0,0,1,0,0,0.0,0.158498,0,0.0,0,312,2,4,0.1627,0.0403,GREEN,38,Mumbai
CLM0020858,MUM_00961,Vashi,2024-10-15,19,0,0,0,0,0,0,0,1,0,0.0,0.983961,0,0.0,0,299,2,4,0.9271,0.1859,GREEN,57,Mumbai
CLM0020859,MUM_09067,Chembur,2023-10-22,7,0,1,1,0,0,1,0,0,0,0.0,0.098784,0,0.0,0,308,4,3,0.678,0.0964,GREEN,37,Mumbai
CLM0020860,MUM_04201,Dadar,2025-03-17,10,0,0,0,0,0,0,1,1,0,0.0,0.333755,1,0.0,0,361,4,1,0.055,0.2142,GREEN,31,Mumbai
CLM0020861,MUM_05768,Borivali,2019-10-25,14,0,0,0,1,0,1,1,1,0,1.0,0.970871,0,1.0,1,5,2,18,0.891,0.0037,GREEN,54,Mumbai
CLM0020862,MUM_09057,Lower Parel,2018-05-21,10,0,0,0,0,0,0,0,0,0,0.0,0.311302,0,0.0,0,47,1,2,0.05,0.1093,GREEN,58,Mumbai
CLM0020863,MUM_00779,Bandra,2021-04-11,13,0,0,0,0,0,0,0,0,0,0.0,0.087869,0,0.0,0,245,1,4,0.8551,0.0,GREEN,41,Mumbai
CLM0020864,MUM_00617,Bandra,2020-06-03,13,0,0,0,0,0,0,0,0,0,0.0,0.064049,0,0.0,0,226,3,0,0.7896,0.0211,GREEN,21,Mumbai
CLM0020865,MUM_06049,Chembur,2024-09-09,14,0,0,0,0,0,0,0,0,0,0.0,0.334087,0,0.0,0,102,2,5,0.5741,0.0,GREEN,40,Mumbai
CLM0020866,MUM_05098,Thane,2015-10-16,7,0,0,0,0,0,1,0,1,0,0.0,0.99144,0,0.0,0,221,2,1,0.9293,0.2367,GREEN,34,Mumbai
CLM0020867,MUM_09677,Dadar,2017-05-08,20,0,0,0,0,0,0,0,0,0,0.0,0.327081,0,0.0,0,346,1,4,0.2507,0.0,GREEN,39,Mumbai
CLM0020868,MUM_04858,Vashi,2016-01-27,13,0,0,0,0,0,0,0,0,0,0.0,0.225727,0,0.0,0,418,0,1,0.3579,0.0678,GREEN,32,Mumbai
CLM0020869,MUM_09766,Lower Parel,2022-03-25,10,0,0,0,0,0,0,0,0,0,0.0,0.070326,0,0.0,0,337,2,1,0.7347,0.0,GREEN,50,Mumbai
CLM0020870,MUM_06578,Chembur,2022-03-02,14,0,1,1,0,0,0,1,0,0,0.0,0.299352,0,0.0,0,420,4,0,0.98,0.036,GREEN,40,Mumbai
CLM0020871,MUM_04854,Lower Parel,2021-03-14,17,0,0,0,0,0,0,0,0,0,0.0,1.0,0,0.0,0,346,2,2,0.7588,0.0,GREEN,26,Mumbai
CLM0020872,MUM_03857,Bandra,2025-11-03,10,0,0,0,0,0,0,0,0,0,0.0,1.0,0,0.0,0,264,2,6,0.6186,0.0,GREEN,40,Mumbai
CLM0020873,MUM_00093,Chembur,2018-02-24,15,0,0,0,0,0,0,0,0,0,0.0,1.0,0,0.0,0,420,4,5,0.9401,0.0,GREEN,40,Mumbai
CLM0020874,MUM_06511,Bandra,2021-12-30,8,0,0,0,0,1,0,0,0,0,0.0,0.072535,0,0.0,0,98,0,0,0.9746,0.1311,GREEN,37,Mumbai
CLM0020875,MUM_09504,Lower Parel,2019-12-29,12,0,0,0,0,0,0,0,0,0,0.0,0.063623,0,0.0,0,142,1,1,0.8661,0.0625,GREEN,50,Mumbai
CLM0020876,MUM_00111,Andheri,2021-11-23,21,0,0,0,0,0,0,1,0,0,0.0,0.0,0,1.0,0,396,3,0,0.7367,0.0,GREEN,42,Mumbai
CLM0020877,MUM_08382,Powai,2017-06-05,12,0,1,1,1,0,1,1,1,1,0.0,0.899234,1,1.0,0,16,2,18,0.0515,0.6978,RED,54,Mumbai
CLM0020878,MUM_01828,Bandra,2017-06-16,7,0,1,1,1,1,1,1,1,1,1.0,0.942923,0,0.0,0,5,0,18,0.98,0.6938,RED,52,Mumbai
CLM0020879,MUM_06067,Borivali,2019-05-14,17,0,1,1,0,1,0,1,1,1,1.0,1.0,0,0.0,1,26,1,18,0.284,0.6879,RED,30,Mumbai
CLM0020880,MUM_05248,Bandra,2025-02-10,13,0,1,1,0,0,0,1,0,0,0.0,0.029413,0,0.0,0,97,1,1,0.1108,0.5067,YELLOW,45,Mumbai
CLM0020881,MUM_01724,Bandra,2024-01-16,18,0,1,1,0,1,0,1,1,1,0.0,0.993202,1,0.0,1,12,0,18,0.05,0.7773,RED,40,Mumbai
CLM0020882,MUM_05259,Andheri,2017-02-13,8,0,1,1,1,1,1,1,0,1,1.0,0.998338,1,0.0,0,25,1,18,0.2376,0.7414,RED,46,Mumbai
CLM0020883,MUM_02699,Ghatkopar,2021-06-24,21,0,1,1,1,1,1,1,1,1,0.0,0.246628,0,0.0,0,39,1,18,0.05,0.9522,RED,53,Mumbai
CLM0020884,MUM_01119,Ghatkopar,2024-02-21,13,0,0,0,0,0,0,0,0,0,0.0,0.226925,0,0.0,0,75,1,2,0.8613,0.0674,GREEN,49,Mumbai
CLM0020885,MUM_07621,Ghatkopar,2025-12-04,18,0,0,0,0,0,0,0,0,0,0.0,0.260477,0,0.0,0,420,3,5,0.8658,0.0,GREEN,38,Mumbai
CLM0020886,MUM_02110,Lower Parel,2025-01-30,13,0,0,0,0,0,0,0,0,1,0.0,0.034135,0,0.0,0,420,4,3,0.7537,0.1586,GREEN,33,Mumbai
CLM0020887,MUM_06756,Thane,2024-07-05,14,0,0,0,0,0,0,0,0,1,0.0,0.304961,1,0.0,0,419,1,5,0.7647,0.1598,GREEN,41,Mumbai
CLM0020888,MUM_08579,Powai,2025-05-12,11,0,0,0,0,0,1,0,1,0,0.0,0.319513,1,0.0,0,411,3,0,0.9526,0.1963,GREEN,34,Mumbai
CLM0020889,MUM_09073,Powai,2017-06-18,16,0,0,0,0,0,0,0,1,0,0.0,0.101339,0,0.0,0,420,1,0,0.7078,0.0337,GREEN,48,Mumbai
CLM0020890,MUM_05739,Dadar,2021-03-01,19,0,0,0,0,0,0,1,0,0,0.0,0.053411,0,0.0,0,339,4,2,0.911,0.0883,GREEN,49,Mumbai
CLM0020891,MUM_01861,Andheri,2020-03-09,18,0,0,0,0,0,0,0,0,0,1.0,0.194551,0,0.0,0,417,2,4,0.8439,0.0768,GREEN,50,Mumbai
CLM0020892,MUM_02957,Bandra,2023-12-20,14,0,0,0,0,0,0,0,0,0,0.0,0.0,0,0.0,0,281,4,4,0.6115,0.067,GREEN,47,Mumbai
CLM0020893,MUM_08941,Ghatkopar,2025-01-16,19,0,0,0,0,0,0,0,0,0,0.0,0.410993,0,0.0,0,181,1,0,0.7202,0.0,GREEN,53,Mumbai
CLM0020894,MUM_04497,Vashi,2021-08-05,7,0,0,0,0,0,0,0,0,0,0.0,0.338384,0,0.0,0,159,3,0,0.7061,0.0,GREEN,64,Mumbai
CLM0020895,MUM_08125,Bandra,2024-03-08,21,0,0,0,0,0,0,0,0,0,0.0,0.025543,0,0.0,0,254,2,2,0.8763,0.0,GREEN,26,Mumbai
CLM0020896,MUM_09401,Borivali,2023-06-03,21,0,0,0,0,0,0,0,0,0,0.0,0.286329,0,0.0,0,363,1,6,0.2118,0.0052,GREEN,54,Mumbai
CLM0020897,MUM_02294,Bandra,2019-07-23,7,0,0,0,0,1,0,0,0,0,0.0,0.077511,0,0.0,0,390,2,3,0.1631,0.1313,GREEN,53,Mumbai
CLM0020898,MUM_03056,Borivali,2019-12-01,12,0,0,0,0,0,0,0,0,0,0.0,0.064603,0,0.0,0,304,1,2,0.5983,0.0854,GREEN,31,Mumbai
CLM0020899,MUM_08369,Chembur,2019-12-18,16,0,0,0,0,0,0,0,0,0,1.0,0.201896,0,0.0,0,420,1,2,0.6324,0.0522,GREEN,34,Mumbai
CLM0020900,MUM_02883,Powai,2017-10-20,11,0,0,0,0,0,0,0,0,0,0.0,0.089609,0,0.0,0,376,0,1,0.7428,0.0,GREEN,22,Mumbai
CLM0020901,MUM_07515,Borivali,2019-05-07,19,0,0,0,0,1,0,0,0,0,0.0,0.071414,0,0.0,0,91,2,4,0.9056,0.0746,GREEN,43,Mumbai
CLM0020902,MUM_09319,Dadar,2024-03-13,14,0,0,0,0,0,0,0,0,0,0.0,0.10402,0,0.0,0,355,0,5,0.6104,0.0664,GREEN,18,Mumbai
CLM0020903,MUM_03373,Ghatkopar,2024-02-21,12,0,0,0,0,0,0,0,0,0,0.0,0.148464,0,0.0,0,180,0,0,0.7858,0.0,GREEN,18,Mumbai
CLM0020904,MUM_05451,Lower Parel,2021-03-01,17,0,0,0,0,0,0,0,0,0,0.0,0.205412,0,0.0,0,47,1,6,0.9476,0.0,GREEN,51,Mumbai
CLM0020905,MUM_03891,Chembur,2019-03-26,10,0,0,0,0,0,0,0,0,0,0.0,0.161199,0,0.0,0,316,2,3,0.9195,0.0,GREEN,31,Mumbai
CLM0020906,MUM_03745,Ghatkopar,2025-05-14,8,0,0,0,0,0,0,0,0,0,0.0,0.163693,0,0.0,0,251,2,2,0.8288,0.0002,GREEN,33,Mumbai
CLM0020907,MUM_00218,Vashi,2022-10-12,18,0,0,0,0,0,0,0,1,0,0.0,0.187459,0,0.0,0,111,0,0,0.5922,0.0463,GREEN,45,Mumbai
CLM0020908,MUM_08378,Powai,2024-08-02,7,0,0,0,0,0,0,0,0,0,0.0,0.019286,0,0.0,0,375,4,1,0.98,0.0762,GREEN,23,Mumbai
CLM0020909,MUM_04013,Powai,2024-02-13,20,0,0,0,0,0,0,0,1,0,0.0,0.310798,0,0.0,0,110,0,0,0.7551,0.1185,GREEN,61,Mumbai
CLM0020910,MUM_03172,Vashi,2025-01-16,19,0,0,0,0,0,0,0,0,0,0.0,0.020021,0,0.0,0,138,0,0,0.98,0.0,GREEN,45,Mumbai
CLM0020911,MUM_06884,Chembur,2024-07-26,20,0,0,0,1,0,0,0,1,1,1.0,1.0,1,0.0,1,17,1,18,0.9229,0.1734,GREEN,34,Mumbai
CLM0020912,MUM_00875,Vashi,2024-02-14,14,0,0,0,0,1,0,0,0,0,0.0,0.060502,0,1.0,0,420,4,2,0.6594,0.0415,GREEN,59,Mumbai
CLM0020913,MUM_02954,Andheri,2024-04-09,14,0,0,0,0,0,0,0,0,0,0.0,0.101842,0,0.0,0,420,0,5,0.8509,0.041,GREEN,48,Mumbai
CLM0020914,MUM_03889,Borivali,2019-04-20,15,0,0,0,0,0,0,0,0,0,0.0,0.322742,0,0.0,0,29,4,1,0.773,0.0246,GREEN,27,Mumbai
CLM0020915,MUM_00106,Lower Parel,2020-07-27,9,0,0,0,0,0,0,1,0,0,1.0,0.225794,0,0.0,0,139,2,1,0.7594,0.1199,GREEN,38,Mumbai
CLM0020916,MUM_01593,Lower Parel,2023-03-13,21,0,0,0,0,0,1,1,0,0,1.0,0.400156,0,0.0,0,227,4,0,0.05,0.254,GREEN,50,Mumbai
CLM0020917,MUM_04420,Chembur,2017-09-22,8,0,0,0,0,0,0,0,0,0,1.0,1.0,0,1.0,0,354,1,3,0.3226,0.094,GREEN,36,Mumbai
CLM0020918,MUM_07104,Lower Parel,2024-10-28,9,0,0,0,1,1,0,1,1,0,0.0,0.103366,0,0.0,1,17,0,18,0.847,0.0,GREEN,37,Mumbai
CLM0020919,MUM_09395,Lower Parel,2022-07-29,17,0,0,0,0,0,0,0,0,0,0.0,0.214079,0,0.0,0,200,1,0,0.5413,0.0,GREEN,61,Mumbai
CLM0020920,MUM_05670,Vashi,2015-04-11,13,0,0,0,0,0,0,0,0,0,0.0,0.037719,0,0.0,0,214,3,0,0.1551,0.0318,GREEN,44,Mumbai
CLM0020921,MUM_03080,Lower Parel,2017-10-26,7,0,1,1,0,0,1,0,0,0,0.0,0.257008,0,0.0,0,197,3,2,0.8514,0.1704,GREEN,37,Mumbai
CLM0020922,MUM_09223,Bandra,2025-07-05,15,0,0,0,1,0,0,0,1,0,0.0,0.996629,0,0.0,0,385,4,0,0.8451,0.0225,GREEN,44,Mumbai
CLM0020923,MUM_06895,Borivali,2022-02-24,16,0,0,0,0,0,0,0,0,0,0.0,0.250474,0,0.0,0,308,3,1,0.5284,0.0409,GREEN,48,Mumbai
CLM0020924,MUM_01411,Thane,2021-11-09,10,0,0,0,0,0,1,0,0,0,0.0,0.16988,0,0.0,0,419,0,2,0.7419,0.0716,GREEN,34,Mumbai
CLM0020925,MUM_05208,Vashi,2025-09-29,18,0,0,0,1,0,0,0,0,0,0.0,0.009396,0,0.0,0,420,4,2,0.7153,0.1503,GREEN,39,Mumbai
CLM0020926,MUM_00406,Powai,2025-05-28,20,0,0,0,0,0,0,0,0,0,0.0,0.073398,0,0.0,1,135,3,2,0.1662,0.0484,GREEN,51,Mumbai
CLM0020927,MUM_08678,Thane,2025-04-25,7,0,0,0,0,0,0,0,0,0,1.0,0.420706,0,0.0,0,242,0,2,0.919,0.0719,GREEN,43,Mumbai
CLM0020928,MUM_03992,Thane,2025-05-15,10,0,0,0,0,1,0,0,0,0,0.0,0.018898,0,0.0,0,198,0,3,0.1871,0.0965,GREEN,49,Mumbai
CLM0020929,MUM_08709,Borivali,2025-07-05,21,0,0,0,0,1,0,0,0,0,1.0,0.21304,0,0.0,0,223,4,0,0.7506,0.1859,GREEN,40,Mumbai
CLM0020930,MUM_04592,Chembur,2025-07-03,13,0,0,0,0,0,0,0,0,0,1.0,0.098687,0,0.0,0,420,4,3,0.9408,0.1019,GREEN,48,Mumbai
CLM0020931,MUM_04035,Borivali,2025-08-17,7,0,0,0,0,0,0,0,0,0,0.0,0.189737,0,0.0,0,413,2,0,0.2465,0.0586,GREEN,38,Mumbai
CLM0020932,MUM_09192,Lower Parel,2025-09-06,12,0,0,0,0,0,0,1,0,0,0.0,0.045684,0,0.0,0,163,0,1,0.7045,0.0,GREEN,32,Mumbai
CLM0020933,MUM_01276,Powai,2025-06-28,14,0,0,0,0,0,0,0,0,0,0.0,0.10808,0,0.0,0,299,4,5,0.98,0.0333,GREEN,52,Mumbai
CLM0020934,MUM_06844,Chembur,2025-01-04,19,0,0,0,1,0,0,0,0,0,0.0,0.201387,0,0.0,0,420,1,4,0.5861,0.1173,GREEN,30,Mumbai
CLM0020935,MUM_05772,Chembur,2025-03-13,13,0,0,0,0,0,1,0,1,0,0.0,0.182204,0,0.0,0,9,2,0,0.7207,0.1877,GREEN,27,Mumbai
CLM0020936,MUM_03712,Powai,2025-06-07,7,0,0,0,0,0,0,0,1,0,0.0,0.397991,0,0.0,0,332,3,2,0.9224,0.1041,GREEN,34,Mumbai
CLM0020937,MUM_08762,Ghatkopar,2025-10-25,9,0,0,0,0,0,0,0,0,0,0.0,0.182312,0,0.0,0,255,2,4,0.98,0.0,GREEN,55,Mumbai
CLM0020938,MUM_01123,Lower Parel,2025-02-19,15,0,0,0,0,0,0,0,0,0,0.0,0.392415,0,0.0,0,42,0,4,0.5925,0.0162,GREEN,40,Mumbai
CLM0020939,MUM_00284,Lower Parel,2025-11-24,7,0,0,0,0,0,1,1,0,0,1.0,0.0,0,0.0,0,415,1,5,0.7469,0.045,GREEN,36,Mumbai
CLM0020940,MUM_07084,Chembur,2025-03-14,18,0,0,0,0,0,0,1,0,0,0.0,1.0,0,0.0,0,41,1,0,0.05,0.0,GREEN,27,Mumbai
CLM0020941,MUM_01701,Borivali,2025-02-14,16,0,0,0,0,0,0,0,0,0,0.0,0.400306,0,0.0,0,226,1,0,0.9693,0.0018,GREEN,47,Mumbai
CLM0020942,MUM_01302,Chembur,2024-12-26,8,0,0,0,0,0,0,0,0,1,0.0,0.322106,0,0.0,0,384,2,0,0.05,0.1284,GREEN,46,Mumbai
CLM0020943,MUM_02693,Vashi,2024-09-06,19,0,0,0,0,0,0,0,0,0,0.0,0.256303,0,0.0,1,19,4,0,0.6273,0.0,GREEN,30,Mumbai
CLM0020944,MUM_03639,Borivali,2025-05-29,20,0,0,0,1,1,0,1,0,1,0.0,0.233016,0,0.0,0,12,1,18,0.8177,0.0861,GREEN,38,Mumbai
CLM0020945,MUM_08910,Ghatkopar,2024-08-14,21,0,0,0,0,0,1,0,0,0,0.0,0.468463,0,0.0,0,279,0,2,0.5605,0.0611,GREEN,61,Mumbai
CLM0020946,MUM_06078,Powai,2024-08-05,8,0,0,0,0,0,0,0,0,0,0.0,0.379976,0,1.0,0,158,0,0,0.9275,0.0017,GREEN,57,Mumbai
CLM0020947,MUM_05371,Lower Parel,2025-08-03,15,0,0,0,0,0,0,0,0,0,0.0,0.159527,0,0.0,0,420,2,7,0.05,0.0592,GREEN,36,Mumbai
CLM0020948,MUM_02231,Lower Parel,2025-01-30,14,0,1,1,0,0,0,0,0,0,0.0,0.20476,1,0.0,0,420,4,4,0.096,0.0386,GREEN,44,Mumbai
CLM0020949,MUM_03322,Vashi,2024-06-22,18,0,0,0,0,0,0,0,0,0,0.0,0.313825,0,0.0,0,64,2,3,0.4533,0.0224,GREEN,48,Mumbai
CLM0020950,MUM_05123,Lower Parel,2024-02-13,11,0,0,0,0,0,0,0,0,0,0.0,1.0,0,0.0,0,54,0,0,0.3026,0.0862,GREEN,46,Mumbai
CLM0020951,MUM_05815,Chembur,2025-05-05,8,0,0,0,0,0,0,1,0,0,1.0,0.224647,0,0.0,0,372,0,3,0.6727,0.1203,GREEN,47,Mumbai
CLM0020952,MUM_04159,Ghatkopar,2023-07-17,11,0,0,0,0,0,0,0,0,0,0.0,0.389085,0,0.0,0,194,3,3,0.05,0.0,GREEN,40,Mumbai
CLM0020953,MUM_08499,Thane,2023-10-30,15,0,0,0,0,0,0,0,0,0,0.0,0.104725,0,0.0,0,42,3,3,0.7535,0.0,GREEN,21,Mumbai
CLM0020954,MUM_03107,Dadar,2023-09-05,14,0,0,0,0,0,0,0,0,0,0.0,0.45131,1,0.0,0,420,1,0,0.98,0.1169,GREEN,43,Mumbai
CLM0020955,MUM_04406,Bandra,2020-09-09,20,0,0,0,0,0,1,0,0,0,0.0,0.12563,0,0.0,0,86,2,3,0.7386,0.0079,GREEN,19,Mumbai
CLM0020956,MUM_00434,Lower Parel,2023-10-16,12,0,0,0,0,0,0,0,0,0,0.0,0.272303,0,0.0,0,420,4,1,0.9544,0.0,GREEN,27,Mumbai
CLM0020957,MUM_04135,Andheri,2022-09-09,8,0,0,0,0,0,0,1,0,1,0.0,0.193948,0,0.0,0,148,0,2,0.4719,0.1772,GREEN,51,Mumbai
CLM0020958,MUM_02714,Lower Parel,2024-05-27,7,0,0,0,0,0,0,0,0,0,0.0,0.215128,0,0.0,0,208,0,0,0.7944,0.0,GREEN,51,Mumbai
CLM0020959,MUM_04392,Ghatkopar,2023-04-20,21,0,0,0,0,0,0,0,0,0,0.0,0.25113,0,0.0,0,384,0,0,0.7032,0.0538,GREEN,42,Mumbai
CLM0020960,MUM_08867,Andheri,2025-04-17,21,0,0,0,0,0,1,0,1,0,0.0,0.407061,0,0.0,0,258,4,6,0.92,0.1981,GREEN,42,Mumbai
CLM0020961,MUM_02447,Andheri,2020-06-15,16,0,0,0,0,0,0,0,1,0,0.0,0.177141,0,0.0,0,383,4,6,0.05,0.2366,GREEN,29,Mumbai
CLM0020962,MUM_03189,Andheri,2022-07-02,9,0,1,1,0,0,0,0,0,0,1.0,0.931143,0,0.0,0,177,3,1,0.98,0.104,GREEN,44,Mumbai
CLM0020963,MUM_00601,Borivali,2025-05-03,8,0,0,0,0,0,0,0,0,0,0.0,0.0,0,0.0,0,339,4,5,0.6433,0.0377,GREEN,28,Mumbai
CLM0020964,MUM_05310,Andheri,2025-06-25,18,0,0,0,1,0,1,0,1,1,1.0,0.30771,0,0.0,1,11,2,18,0.05,0.1361,GREEN,25,Mumbai
CLM0020965,MUM_01234,Chembur,2023-12-29,15,0,0,0,0,0,0,0,0,0,1.0,0.391075,0,0.0,0,412,3,5,0.9194,0.2242,GREEN,39,Mumbai
CLM0020966,MUM_04746,Dadar,2021-07-08,21,0,0,0,0,0,0,0,0,0,0.0,0.166351,0,0.0,0,351,0,5,0.3225,0.0,GREEN,41,Mumbai
CLM0020967,MUM_06893,Thane,2025-06-26,11,0,0,0,0,0,0,1,0,0,0.0,0.009398,0,0.0,1,340,1,0,0.5488,0.2378,GREEN,55,Mumbai
CLM0020968,MUM_03180,Vashi,2023-12-12,13,0,1,1,0,0,0,0,0,0,0.0,0.322812,0,0.0,0,116,2,4,0.5564,0.0,GREEN,48,Mumbai
CLM0020969,MUM_06912,Borivali,2021-09-14,15,0,0,0,0,0,0,0,0,0,1.0,0.923984,0,0.0,0,263,2,5,0.7208,0.0,GREEN,46,Mumbai
CLM0020970,MUM_04937,Andheri,2023-08-09,11,0,0,0,0,0,0,0,0,0,0.0,0.005106,0,0.0,0,171,1,8,0.9247,0.0,GREEN,33,Mumbai
CLM0020971,MUM_07667,Andheri,2021-02-25,15,0,0,0,0,0,0,0,0,0,0.0,0.210109,0,0.0,0,420,1,2,0.5859,0.0,GREEN,44,Mumbai
CLM0020972,MUM_06262,Dadar,2022-06-20,16,0,0,0,0,0,0,0,0,0,0.0,0.274902,0,0.0,0,308,2,2,0.6474,0.0,GREEN,60,Mumbai
CLM0020973,MUM_06289,Vashi,2023-07-05,11,0,0,0,0,0,0,0,0,0,0.0,0.395906,0,0.0,0,147,3,3,0.9019,0.0,GREEN,44,Mumbai
CLM0020974,MUM_04904,Borivali,2025-07-13,17,0,0,0,0,0,0,0,0,0,0.0,1.0,0,0.0,0,206,4,3,0.2575,0.0,GREEN,38,Mumbai
CLM0020975,MUM_06694,Powai,2025-03-17,7,0,0,0,0,0,0,0,0,0,0.0,0.066214,0,0.0,0,139,3,4,0.6136,0.0,GREEN,40,Mumbai
CLM0020976,MUM_03552,Bandra,2021-10-01,21,0,0,0,0,0,0,0,0,0,0.0,0.328679,0,0.0,0,386,1,0,0.7555,0.0703,GREEN,43,Mumbai
CLM0020977,MUM_08144,Bandra,2018-10-13,13,0,0,0,1,1,1,1,0,0,1.0,0.997672,1,1.0,1,30,4,18,0.98,0.0417,GREEN,28,Mumbai
CLM0020978,MUM_02008,Chembur,2016-11-04,12,0,0,0,0,1,0,0,0,0,0.0,1.0,1,0.0,0,241,0,1,0.7221,0.1701,GREEN,52,Mumbai
CLM0020979,MUM_04178,Lower Parel,2022-11-30,12,0,0,0,0,0,0,0,0,0,0.0,1.0,0,0.0,0,276,1,6,0.9604,0.0084,GREEN,34,Mumbai
CLM0020980,MUM_09378,Borivali,2024-05-13,10,0,0,0,0,0,0,0,0,0,0.0,0.357327,0,0.0,0,219,3,4,0.05,0.0,GREEN,39,Mumbai
CLM0020981,MUM_07324,Thane,2017-06-08,13,0,0,0,0,0,0,0,0,0,0.0,0.998164,0,0.0,0,57,3,5,0.7876,0.0197,GREEN,50,Mumbai
CLM0020982,MUM_02816,Thane,2022-07-23,16,0,0,0,0,0,0,0,0,0,0.0,0.363836,0,0.0,0,420,0,0,0.98,0.0,GREEN,55,Mumbai
CLM0020983,MUM_04886,Lower Parel,2019-02-08,17,0,0,0,0,0,0,0,0,0,0.0,0.0,1,0.0,0,381,0,1,0.9755,0.1025,GREEN,38,Mumbai
CLM0020984,MUM_09846,Powai,2016-06-11,21,0,0,0,0,0,0,0,0,0,0.0,0.240629,0,0.0,0,201,1,3,0.4214,0.0,GREEN,31,Mumbai
CLM0020985,MUM_01569,Chembur,2020-08-05,8,0,0,0,0,0,0,0,0,0,0.0,0.249347,0,0.0,0,377,1,4,0.7261,0.0119,GREEN,52,Mumbai
CLM0020986,MUM_06138,Thane,2024-03-07,20,0,0,0,0,0,0,1,0,0,0.0,0.202306,0,0.0,0,303,0,5,0.552,0.0956,GREEN,26,Mumbai
CLM0020987,MUM_02112,Dadar,2023-10-09,18,0,0,0,0,0,0,0,0,0,0.0,0.194218,0,0.0,0,393,2,4,0.5561,0.0,GREEN,39,Mumbai
CLM0020988,MUM_06635,Ghatkopar,2024-02-18,16,0,0,0,0,0,0,0,0,0,0.0,0.286333,0,0.0,1,75,0,3,0.8883,0.1042,GREEN,57,Mumbai
CLM0020989,MUM_05687,Ghatkopar,2024-05-07,9,0,0,0,0,0,0,0,0,0,0.0,0.961043,0,0.0,0,63,2,3,0.98,0.0249,GREEN,50,Mumbai
CLM0020990,MUM_00167,Borivali,2023-05-27,8,0,0,0,0,0,0,0,0,0,0.0,0.205037,0,0.0,0,347,3,2,0.8744,0.0,GREEN,30,Mumbai
CLM0020991,MUM_03972,Borivali,2025-10-05,15,0,0,0,0,0,0,0,0,1,0.0,0.079465,0,0.0,0,107,3,4,0.2743,0.1406,GREEN,40,Mumbai
CLM0020992,MUM_09151,Andheri,2020-01-31,17,0,0,0,0,0,0,0,1,0,0.0,1.0,0,0.0,0,102,0,1,0.8849,0.1019,GREEN,53,Mumbai
CLM0020993,MUM_05905,Borivali,2024-09-13,12,0,0,0,0,0,0,0,0,0,0.0,0.074769,0,0.0,0,420,3,0,0.98,0.0254,GREEN,20,Mumbai
CLM0020994,MUM_05422,Ghatkopar,2025-09-16,20,0,0,0,0,0,1,0,0,0,0.0,0.238936,0,0.0,0,89,2,0,0.1038,0.0801,GREEN,45,Mumbai
CLM0020995,MUM_01086,Ghatkopar,2020-01-16,14,0,0,0,0,0,0,0,0,0,0.0,0.279486,0,0.0,1,152,4,1,0.98,0.1394,GREEN,47,Mumbai
CLM0020996,MUM_04975,Thane,2020-12-11,10,0,0,0,0,0,0,0,0,0,0.0,0.222159,0,0.0,0,222,4,0,0.7952,0.0166,GREEN,57,Mumbai
CLM0020997,MUM_09215,Andheri,2021-07-16,15,0,0,0,0,0,0,0,0,0,0.0,0.365428,0,0.0,0,156,3,1,0.2049,0.0678,GREEN,30,Mumbai
CLM0020998,MUM_03169,Powai,2021-11-13,11,0,0,0,0,0,0,0,0,0,1.0,0.251845,0,0.0,0,396,4,3,0.6199,0.1097,GREEN,36,Mumbai
CLM0020999,MUM_06144,Borivali,2021-05-10,12,0,0,0,0,0,0,0,0,0,0.0,0.073229,0,0.0,0,175,1,2,0.6831,0.0,GREEN,46,Mumbai
CLM0021000,MUM_05148,Powai,2021-01-20,13,0,0,0,0,0,0,0,1,0,0.0,0.283289,0,0.0,0,223,3,5,0.7274,0.0969,GREEN,25,Mumbai
CLM0021001,MUM_03779,Ghatkopar,2023-12-05,10,0,0,0,0,0,0,1,0,0,0.0,0.0,0,0.0,0,237,2,2,0.4352,0.0494,GREEN,49,Mumbai
CLM0021002,MUM_05805,Chembur,2020-02-21,18,0,0,0,0,0,0,0,0,0,0.0,0.436118,0,0.0,0,159,0,3,0.229,0.0258,GREEN,38,Mumbai
CLM0021003,MUM_09997,Lower Parel,2020-05-04,14,0,0,0,0,0,0,0,0,0,1.0,1.0,1,1.0,0,141,1,0,0.1076,0.0817,GREEN,41,Mumbai
CLM0021004,MUM_04765,Powai,2020-06-03,13,0,0,0,0,0,0,0,1,0,0.0,0.35533,0,0.0,0,52,0,1,0.9214,0.0863,GREEN,42,Mumbai
CLM0021005,MUM_00038,Thane,2024-01-09,17,0,0,0,0,0,0,0,0,0,0.0,0.987377,0,1.0,0,300,2,0,0.5539,0.0,GREEN,43,Mumbai
CLM0021006,MUM_02091,Ghatkopar,2022-08-07,17,0,0,0,0,1,1,1,0,0,0.0,0.140132,0,0.0,0,190,3,1,0.7001,0.2837,GREEN,19,Mumbai
CLM0021007,MUM_05827,Thane,2020-04-10,20,0,0,0,0,0,0,0,0,0,0.0,0.204184,0,0.0,0,420,2,0,0.1217,0.0,GREEN,41,Mumbai
CLM0021008,MUM_07616,Ghatkopar,2020-05-18,12,0,0,0,0,0,1,0,0,1,0.0,0.328727,0,0.0,0,245,2,1,0.98,0.1962,GREEN,54,Mumbai
CLM0021009,MUM_06017,Andheri,2020-07-09,20,0,0,0,0,0,0,0,0,0,0.0,0.111863,0,0.0,0,420,4,3,0.98,0.086,GREEN,34,Mumbai
CLM0021010,MUM_05758,Ghatkopar,2019-05-02,16,0,0,0,0,0,1,1,0,0,0.0,0.4218,0,0.0,0,225,1,2,0.98,0.1296,GREEN,38,Mumbai
CLM0021011,MUM_07365,Ghatkopar,2020-12-29,12,0,0,0,0,0,1,1,0,0,1.0,0.0,0,0.0,0,420,4,6,0.6619,0.2207,GREEN,33,Mumbai
CLM0021012,MUM_09349,Lower Parel,2021-04-04,18,0,0,0,0,0,0,0,0,0,1.0,0.360934,0,0.0,0,309,0,5,0.964,0.1097,GREEN,54,Mumbai
CLM0021013,MUM_01659,Vashi,2024-06-02,17,0,0,0,0,0,0,0,0,1,0.0,0.183752,0,0.0,0,334,0,6,0.6115,0.1665,GREEN,44,Mumbai
CLM0021014,MUM_09281,Lower Parel,2025-09-29,17,0,0,0,0,0,0,0,0,0,0.0,0.466433,0,0.0,0,381,1,4,0.6347,0.2499,GREEN,52,Mumbai
CLM0021015,MUM_07381,Chembur,2022-05-06,14,0,0,0,0,0,0,0,0,0,0.0,0.332973,0,0.0,0,354,0,7,0.6023,0.0582,GREEN,37,Mumbai
CLM0021016,MUM_08713,Borivali,2018-01-03,9,0,1,1,1,1,1,1,1,0,1.0,1.0,1,1.0,1,5,1,18,0.98,0.0,GREEN,43,Mumbai
CLM0021017,MUM_01777,Powai,2025-08-13,9,0,0,0,0,0,0,0,0,1,0.0,0.395078,0,0.0,0,293,0,2,0.768,0.109,GREEN,45,Mumbai
CLM0021018,MUM_03117,Lower Parel,2019-10-19,9,0,0,0,1,1,0,0,0,1,0.0,0.171375,0,0.0,0,420,0,3,0.5915,0.3577,YELLOW,28,Mumbai
CLM0021019,MUM_07842,Vashi,2024-01-23,11,0,0,0,0,0,0,0,0,0,0.0,0.113847,0,0.0,0,330,2,2,0.98,0.0,GREEN,50,Mumbai
CLM0021020,MUM_06737,Vashi,2024-06-11,21,0,0,0,1,0,0,0,1,0,0.0,0.0,0,0.0,0,364,1,3,0.6304,0.3048,GREEN,48,Mumbai
CLM0021021,MUM_04413,Dadar,2025-12-15,7,0,0,0,0,0,0,0,0,0,1.0,0.232493,0,0.0,0,274,1,2,0.8532,0.1366,GREEN,44,Mumbai
CLM0021022,MUM_01628,Chembur,2021-12-27,17,0,0,0,0,0,0,0,0,0,0.0,0.286641,0,0.0,1,205,0,3,0.293,0.0199,GREEN,43,Mumbai
CLM0021023,MUM_08035,Thane,2025-08-22,16,0,0,0,0,0,0,0,0,1,0.0,0.191499,0,0.0,0,297,1,4,0.6168,0.126,GREEN,60,Mumbai
CLM0021024,MUM_06902,Powai,2022-09-25,11,0,0,0,1,1,1,1,1,1,1.0,0.989078,0,0.0,0,5,2,18,0.98,0.0849,GREEN,32,Mumbai
CLM0021025,MUM_00222,Chembur,2025-10-12,19,0,0,0,0,0,0,0,0,0,1.0,1.0,0,1.0,0,140,1,1,0.2999,0.0787,GREEN,60,Mumbai
CLM0021026,MUM_09105,Ghatkopar,2021-09-28,11,0,0,0,0,0,0,0,1,0,0.0,0.333339,0,0.0,0,196,3,3,0.8858,0.0056,GREEN,48,Mumbai
CLM0021027,MUM_03180,Vashi,2022-03-01,16,0,0,0,0,0,0,0,0,0,0.0,0.349722,0,0.0,0,83,2,1,0.3781,0.0451,GREEN,48,Mumbai
CLM0021028,MUM_09052,Vashi,2023-10-19,10,0,0,0,0,0,0,0,1,0,0.0,0.080644,0,0.0,0,148,3,2,0.7454,0.0778,GREEN,46,Mumbai
CLM0021029,MUM_02383,Powai,2024-08-10,12,0,0,0,0,0,0,0,0,0,0.0,0.053999,0,0.0,0,177,1,3,0.7879,0.0471,GREEN,30,Mumbai
CLM0021030,MUM_04064,Chembur,2024-05-03,20,0,0,0,0,0,0,0,0,0,1.0,0.029081,0,0.0,0,152,0,0,0.7286,0.1328,GREEN,60,Mumbai
CLM0021031,MUM_05546,Dadar,2025-02-25,10,0,0,0,0,0,0,0,0,0,0.0,0.284457,0,0.0,0,18,1,1,0.6678,0.0,GREEN,47,Mumbai
CLM0021032,MUM_04472,Borivali,2024-12-01,11,0,0,0,1,0,1,0,0,1,1.0,1.0,0,0.0,1,26,1,18,0.1603,0.0932,GREEN,55,Mumbai
CLM0021033,MUM_08244,Powai,2023-12-22,14,0,0,0,0,1,0,0,0,1,0.0,0.360696,0,0.0,0,259,1,3,0.5736,0.0,GREEN,34,Mumbai
CLM0021034,MUM_01678,Vashi,2024-07-12,14,0,0,0,0,0,0,0,0,0,0.0,0.136289,0,0.0,0,420,1,2,0.7024,0.0,GREEN,38,Mumbai
CLM0021035,MUM_00533,Powai,2024-08-27,14,0,0,0,1,0,1,0,0,0,0.0,0.364218,0,0.0,0,385,2,0,0.783,0.1908,GREEN,46,Mumbai
CLM0021036,MUM_06765,Powai,2025-04-11,16,0,0,0,0,0,0,0,0,0,1.0,0.923582,0,0.0,0,420,0,4,0.05,0.1122,GREEN,49,Mumbai
CLM0021037,MUM_09532,Bandra,2021-01-14,7,0,1,1,1,0,0,0,0,1,0.0,0.09936,0,0.0,0,176,4,2,0.8106,0.2172,GREEN,49,Mumbai
CLM0021038,MUM_07395,Vashi,2021-02-13,17,0,0,0,1,0,0,1,0,0,0.0,0.111355,0,0.0,0,85,2,2,0.5573,0.2409,GREEN,27,Mumbai
CLM0021039,MUM_01272,Andheri,2025-11-07,16,0,0,0,0,0,0,0,0,0,1.0,0.493083,0,0.0,0,105,3,5,0.7726,0.0837,GREEN,42,Mumbai
CLM0021040,MUM_04855,Andheri,2024-10-11,7,0,0,0,0,0,0,0,0,0,0.0,1.0,1,0.0,0,406,2,1,0.6559,0.041,GREEN,45,Mumbai
CLM0021041,MUM_04852,Bandra,2020-03-28,20,0,0,0,0,0,0,1,0,0,0.0,0.189958,0,0.0,1,286,0,2,0.9467,0.0924,GREEN,38,Mumbai
CLM0021042,MUM_04840,Thane,2020-01-27,21,0,0,0,0,0,0,0,0,0,0.0,0.331862,0,1.0,0,420,0,0,0.1267,0.0253,GREEN,18,Mumbai
CLM0021043,MUM_08537,Powai,2022-10-26,7,0,0,0,0,0,1,0,0,0,0.0,0.054418,0,0.0,0,376,2,8,0.98,0.244,GREEN,30,Mumbai
CLM0021044,MUM_06009,Bandra,2025-12-22,19,0,1,1,0,0,0,0,0,0,0.0,0.112399,0,0.0,0,170,0,1,0.6603,0.0612,GREEN,23,Mumbai
CLM0021045,MUM_02200,Andheri,2024-05-01,16,0,0,0,0,0,0,0,0,0,0.0,0.162853,0,0.0,0,5,3,3,0.6607,0.1089,GREEN,47,Mumbai
CLM0021046,MUM_07797,Chembur,2024-01-22,13,0,0,0,0,0,0,0,0,0,1.0,0.455644,0,0.0,0,357,2,6,0.7002,0.1436,GREEN,40,Mumbai
CLM0021047,MUM_08728,Lower Parel,2024-01-14,7,0,0,0,0,0,0,0,0,0,0.0,0.033929,0,0.0,0,420,0,2,0.7544,0.0336,GREEN,48,Mumbai
CLM0021048,MUM_03504,Vashi,2022-11-20,18,0,0,0,0,0,0,0,0,0,0.0,0.137362,0,0.0,0,192,4,6,0.2424,0.0905,GREEN,44,Mumbai
CLM0021049,MUM_03420,Andheri,2024-02-18,12,0,0,0,0,0,0,0,0,0,0.0,0.077115,0,0.0,0,404,0,2,0.1459,0.1925,GREEN,48,Mumbai
CLM0021050,MUM_06804,Dadar,2025-03-18,9,0,0,0,0,0,0,0,0,0,0.0,0.389848,0,0.0,0,420,1,2,0.5967,0.0322,GREEN,40,Mumbai
CLM0021051,MUM_04135,Andheri,2025-09-06,11,0,0,0,0,0,0,0,0,0,0.0,0.089155,0,0.0,0,420,3,5,0.906,0.0632,GREEN,51,Mumbai
CLM0021052,MUM_09879,Lower Parel,2025-10-05,17,0,0,0,0,0,0,0,0,0,0.0,0.117708,0,0.0,0,374,2,0,0.1069,0.1222,GREEN,49,Mumbai
CLM0021053,MUM_02903,Ghatkopar,2025-11-28,21,0,0,0,0,0,0,0,0,0,0.0,0.010137,0,0.0,1,142,4,3,0.98,0.096,GREEN,63,Mumbai
CLM0021054,MUM_04348,Andheri,2024-08-26,19,0,0,0,0,0,0,0,0,0,0.0,0.148843,0,0.0,0,139,3,3,0.98,0.0,GREEN,24,Mumbai
CLM0021055,MUM_08760,Chembur,2024-05-24,10,0,0,0,0,0,0,0,0,1,0.0,0.143784,0,0.0,0,353,0,0,0.9532,0.1342,GREEN,53,Mumbai
CLM0021056,MUM_03231,Thane,2024-11-29,13,0,0,0,0,0,0,0,0,0,1.0,0.937882,1,1.0,0,134,0,4,0.8293,0.0628,GREEN,46,Mumbai
CLM0021057,MUM_03754,Thane,2025-03-18,16,0,0,0,0,0,0,0,1,0,0.0,0.332853,0,0.0,0,407,3,0,0.05,0.1261,GREEN,42,Mumbai
CLM0021058,MUM_00280,Bandra,2024-08-13,18,0,0,0,1,0,0,0,0,0,0.0,0.338248,0,0.0,0,420,2,3,0.5246,0.2322,GREEN,26,Mumbai
CLM0021059,MUM_05043,Thane,2025-04-29,15,0,1,1,0,0,0,0,0,0,0.0,0.023914,0,0.0,1,51,0,6,0.7657,0.1408,GREEN,34,Mumbai
CLM0021060,MUM_01837,Thane,2024-05-17,11,0,0,0,0,0,0,0,0,0,0.0,0.197175,0,0.0,1,87,2,1,0.8686,0.0561,GREEN,33,Mumbai
CLM0021061,MUM_07029,Dadar,2025-09-21,7,0,0,0,0,0,0,0,1,0,0.0,1.0,0,0.0,0,87,0,3,0.873,0.1231,GREEN,20,Mumbai
CLM0021062,MUM_06981,Borivali,2024-11-01,20,0,0,0,0,0,0,0,0,0,0.0,0.071196,0,0.0,0,369,2,5,0.5835,0.0584,GREEN,36,Mumbai
CLM0021063,MUM_03915,Borivali,2025-07-25,20,0,0,0,0,0,0,0,0,0,0.0,0.117629,0,0.0,0,161,0,4,0.1253,0.0988,GREEN,43,Mumbai
CLM0021064,MUM_02331,Thane,2025-03-24,18,0,0,0,0,0,0,0,0,0,0.0,0.212407,0,0.0,0,406,0,1,0.3916,0.013,GREEN,54,Mumbai
CLM0021065,MUM_03971,Dadar,2025-03-12,14,0,0,0,0,0,0,0,0,0,0.0,0.072521,0,0.0,1,420,2,4,0.9261,0.125,GREEN,34,Mumbai
CLM0021066,MUM_08161,Vashi,2024-01-19,20,0,0,0,0,0,0,0,0,0,0.0,0.0,0,0.0,0,233,4,4,0.6527,0.0,GREEN,46,Mumbai
CLM0021067,MUM_02266,Powai,2025-09-04,18,0,0,0,0,0,0,0,0,0,0.0,0.052987,0,0.0,0,279,0,1,0.98,0.0,GREEN,18,Mumbai
CLM0021068,MUM_03239,Andheri,2025-10-30,16,0,0,0,1,0,1,1,1,1,1.0,0.930259,0,0.0,0,13,1,18,0.2877,0.0433,GREEN,49,Mumbai
CLM0021069,MUM_01216,Borivali,2024-04-09,15,0,0,0,0,0,0,1,1,0,0.0,0.0,0,0.0,0,5,4,1,0.7029,0.1981,GREEN,26,Mumbai
CLM0021070,MUM_02168,Lower Parel,2023-06-17,16,0,0,0,0,0,0,1,0,0,0.0,0.230287,0,0.0,0,216,0,3,0.8314,0.0522,GREEN,51,Mumbai
CLM0021071,MUM_06005,Chembur,2024-09-18,13,0,0,0,0,0,0,0,0,0,0.0,0.264832,0,0.0,0,420,3,0,0.7551,0.0194,GREEN,28,Mumbai
CLM0021072,MUM_05335,Vashi,2023-08-17,13,0,1,1,0,0,0,0,0,0,0.0,0.209484,1,0.0,0,420,3,2,0.98,0.0,GREEN,33,Mumbai
CLM0021073,MUM_05078,Andheri,2023-07-23,16,0,0,0,0,0,0,0,0,0,0.0,0.263321,0,0.0,0,420,2,3,0.8643,0.0039,GREEN,59,Mumbai
CLM0021074,MUM_03099,Ghatkopar,2023-07-11,11,0,0,0,0,0,0,0,0,0,0.0,0.037529,0,0.0,0,178,0,4,0.7138,0.0116,GREEN,51,Mumbai
CLM0021075,MUM_04393,Chembur,2025-09-07,13,0,0,0,0,0,0,0,1,0,0.0,0.050909,0,0.0,0,75,4,6,0.5606,0.0422,GREEN,43,Mumbai
CLM0021076,MUM_01011,Dadar,2025-01-08,12,0,0,0,0,0,0,0,0,0,0.0,1.0,1,0.0,0,420,3,0,0.896,0.0799,GREEN,46,Mumbai
CLM0021077,MUM_00915,Dadar,2023-11-12,18,0,0,0,0,0,0,0,1,0,0.0,0.989155,1,0.0,0,238,0,0,0.5848,0.0385,GREEN,50,Mumbai
CLM0021078,MUM_02124,Andheri,2025-05-15,19,0,0,0,0,0,0,0,0,0,0.0,0.166378,0,0.0,0,171,1,6,0.8138,0.0217,GREEN,40,Mumbai
CLM0021079,MUM_04026,Borivali,2020-09-19,19,0,0,0,0,0,0,0,0,0,0.0,0.273773,0,0.0,0,223,4,4,0.9434,0.0406,GREEN,44,Mumbai
CLM0021080,MUM_01286,Lower Parel,2023-10-09,10,0,0,0,0,0,0,0,0,0,0.0,0.331222,0,0.0,0,142,1,1,0.5935,0.0576,GREEN,51,Mumbai
CLM0021081,MUM_09663,Thane,2019-01-09,18,0,0,0,0,0,0,0,0,0,0.0,0.982972,0,0.0,0,77,4,0,0.5369,0.0522,GREEN,53,Mumbai
CLM0021082,MUM_00928,Lower Parel,2019-07-06,13,0,0,0,0,0,0,0,0,0,0.0,0.33323,1,0.0,0,348,1,1,0.7401,0.0335,GREEN,65,Mumbai
CLM0021083,MUM_03370,Ghatkopar,2020-03-18,17,0,0,0,0,0,0,0,0,0,1.0,1.0,0,1.0,0,420,1,4,0.6368,0.0311,GREEN,37,Mumbai
CLM0021084,MUM_03463,Thane,2023-05-02,8,0,0,0,0,0,0,0,0,1,0.0,0.322414,0,0.0,0,122,0,2,0.4874,0.0593,GREEN,42,Mumbai
CLM0021085,MUM_07021,Thane,2025-09-25,17,0,0,0,0,0,0,0,1,0,0.0,0.317729,0,0.0,0,390,4,3,0.6754,0.0989,GREEN,42,Mumbai
CLM0021086,MUM_07985,Thane,2023-11-07,20,0,0,0,0,0,1,0,0,0,0.0,0.23235,0,0.0,0,10,2,4,0.7008,0.0701,GREEN,30,Mumbai
CLM0021087,MUM_00901,Bandra,2018-03-25,11,0,0,0,0,0,1,0,1,0,0.0,0.351642,0,1.0,0,420,3,2,0.5899,0.1927,GREEN,50,Mumbai
CLM0021088,MUM_00980,Thane,2025-06-17,13,0,0,0,0,0,0,1,0,0,0.0,0.099399,0,0.0,0,356,2,3,0.6698,0.1487,GREEN,35,Mumbai
CLM0021089,MUM_05293,Vashi,2024-11-27,9,0,0,0,1,0,0,1,0,0,0.0,0.384028,0,0.0,0,420,0,0,0.6329,0.3285,YELLOW,52,Mumbai
CLM0021090,MUM_09769,Thane,2023-10-05,14,0,0,0,0,0,0,0,0,0,0.0,0.476943,0,0.0,0,370,0,1,0.98,0.075,GREEN,41,Mumbai
CLM0021091,MUM_05188,Dadar,2024-05-13,12,0,0,0,0,0,0,0,0,0,0.0,0.253849,0,0.0,0,90,2,1,0.98,0.0968,GREEN,40,Mumbai
CLM0021092,MUM_03098,Dadar,2025-05-12,7,0,0,0,0,0,0,1,0,0,0.0,0.039282,0,0.0,0,237,3,0,0.6614,0.1693,GREEN,44,Mumbai
CLM0021093,MUM_06157,Chembur,2025-09-17,10,0,0,0,0,0,1,1,0,0,0.0,0.27724,0,1.0,0,161,2,2,0.05,0.2509,GREEN,50,Mumbai
CLM0021094,MUM_06481,Chembur,2025-02-14,19,0,0,0,0,0,0,0,1,0,0.0,0.154818,0,0.0,0,420,3,2,0.8607,0.1239,GREEN,47,Mumbai
CLM0021095,MUM_02391,Andheri,2024-11-06,20,0,0,0,0,0,0,0,0,0,0.0,0.219805,0,0.0,0,138,2,2,0.7822,0.0,GREEN,22,Mumbai
CLM0021096,MUM_08575,Borivali,2025-01-28,14,0,0,0,0,0,0,0,0,0,0.0,0.024292,0,0.0,0,389,2,3,0.8636,0.1007,GREEN,50,Mumbai
CLM0021097,MUM_06586,Bandra,2025-06-24,12,0,0,0,1,0,0,0,1,0,0.0,0.429452,1,0.0,0,390,4,7,0.9584,0.3717,YELLOW,19,Mumbai
CLM0021098,MUM_05760,Lower Parel,2024-09-09,11,0,0,0,1,1,0,1,1,0,0.0,0.3187,1,1.0,0,5,1,18,0.5225,0.0744,GREEN,39,Mumbai
CLM0021099,MUM_00290,Vashi,2024-01-19,13,0,0,0,0,0,0,0,0,0,0.0,0.08202,0,0.0,0,255,0,7,0.1092,0.0158,GREEN,49,Mumbai
CLM0021100,MUM_01281,Borivali,2024-07-20,20,0,0,0,0,0,1,0,0,0,0.0,0.955447,0,0.0,0,420,3,3,0.611,0.1211,GREEN,51,Mumbai
CLM0021101,MUM_05171,Bandra,2024-04-23,9,0,0,0,0,0,0,0,0,0,1.0,0.306829,0,0.0,0,317,3,3,0.8234,0.087,GREEN,51,Mumbai
CLM0021102,MUM_01176,Chembur,2025-08-13,11,0,0,0,0,0,0,0,0,0,0.0,1.0,0,0.0,0,225,2,1,0.4788,0.0,GREEN,38,Mumbai
CLM0021103,MUM_08283,Bandra,2024-02-01,16,0,0,0,0,0,1,1,0,1,0.0,0.031684,0,0.0,0,352,1,1,0.8897,0.2201,GREEN,50,Mumbai
CLM0021104,MUM_01918,Lower Parel,2024-12-08,21,0,0,0,0,0,0,0,0,0,0.0,0.11259,0,0.0,0,76,4,6,0.97,0.0774,GREEN,47,Mumbai
CLM0021105,MUM_02367,Lower Parel,2024-07-28,11,0,0,0,0,0,0,0,1,0,0.0,0.26699,0,0.0,0,420,2,1,0.05,0.0855,GREEN,46,Mumbai
CLM0021106,MUM_03938,Bandra,2024-03-26,14,0,0,0,0,0,0,0,1,0,0.0,0.014372,0,0.0,0,58,4,2,0.6615,0.1066,GREEN,50,Mumbai
CLM0021107,MUM_04342,Ghatkopar,2023-04-29,8,0,0,0,1,0,1,0,0,0,0.0,0.0,0,0.0,0,405,4,7,0.5023,0.1764,GREEN,46,Mumbai
CLM0021108,MUM_00631,Lower Parel,2019-08-25,11,0,0,0,0,0,0,0,0,0,0.0,0.081696,0,0.0,0,268,1,1,0.6368,0.0595,GREEN,24,Mumbai
CLM0021109,MUM_01523,Ghatkopar,2022-11-09,15,0,0,0,0,0,0,0,0,0,0.0,0.229999,0,0.0,0,325,0,2,0.9413,0.0,GREEN,47,Mumbai
CLM0021110,MUM_08091,Powai,2024-11-11,14,1,0,0,0,0,0,0,0,0,0.0,0.028223,0,0.0,0,400,3,3,0.764,0.136,GREEN,50,Mumbai
CLM0021111,MUM_09181,Chembur,2019-08-21,13,0,0,0,0,0,0,0,0,0,0.0,0.889286,0,0.0,0,414,3,0,0.8178,0.0051,GREEN,34,Mumbai
CLM0021112,MUM_05641,Andheri,2017-04-02,16,0,0,0,0,0,0,0,0,0,0.0,0.031877,0,1.0,0,419,0,6,0.9292,0.0,GREEN,54,Mumbai
CLM0021113,MUM_05281,Bandra,2025-05-17,14,0,0,0,0,0,0,0,0,0,0.0,0.373457,0,0.0,0,67,1,3,0.6116,0.0,GREEN,46,Mumbai
CLM0021114,MUM_01029,Borivali,2022-03-26,19,0,0,0,1,0,0,0,0,0,0.0,0.324288,0,0.0,0,413,1,0,0.98,0.0566,GREEN,33,Mumbai
CLM0021115,MUM_05484,Bandra,2020-04-26,8,0,0,0,0,0,0,0,0,0,0.0,0.382486,0,0.0,0,261,4,0,0.766,0.0718,GREEN,35,Mumbai
CLM0021116,MUM_01443,Dadar,2016-11-20,7,0,0,0,0,0,1,0,0,0,0.0,0.090576,0,0.0,0,362,1,1,0.7033,0.0919,GREEN,58,Mumbai
CLM0021117,MUM_04137,Thane,2021-06-02,14,0,0,0,0,0,0,0,0,0,0.0,0.15026,0,0.0,1,267,1,1,0.685,0.0178,GREEN,51,Mumbai
CLM0021118,MUM_06894,Ghatkopar,2019-04-28,21,0,0,0,0,0,0,0,0,0,0.0,0.299076,0,0.0,0,192,4,4,0.1526,0.0,GREEN,48,Mumbai
CLM0021119,MUM_05063,Dadar,2022-08-03,7,0,0,0,0,0,0,0,0,0,0.0,0.256786,0,0.0,0,68,2,0,0.8755,0.0,GREEN,38,Mumbai
CLM0021120,MUM_01180,Lower Parel,2025-08-30,15,0,0,0,0,0,0,0,0,0,1.0,0.058882,0,0.0,0,106,1,4,0.3661,0.1154,GREEN,42,Mumbai
CLM0021121,MUM_04737,Ghatkopar,2021-03-21,20,0,0,0,0,0,0,0,0,0,0.0,0.039296,0,0.0,0,159,1,6,0.8895,0.0307,GREEN,59,Mumbai
CLM0021122,MUM_09365,Powai,2025-02-03,19,0,0,0,0,0,0,0,0,0,0.0,0.96167,1,0.0,0,357,2,2,0.5239,0.0714,GREEN,43,Mumbai
CLM0021123,MUM_00651,Dadar,2016-02-28,12,0,0,0,0,0,0,0,0,0,0.0,0.286958,0,0.0,0,322,1,0,0.8438,0.0313,GREEN,59,Mumbai
CLM0021124,MUM_04968,Chembur,2020-06-22,18,0,0,0,0,0,0,0,0,1,0.0,0.220078,0,0.0,0,270,3,2,0.8641,0.1301,GREEN,47,Mumbai
CLM0021125,MUM_00712,Powai,2021-01-07,17,0,1,1,0,0,0,0,0,0,0.0,0.194344,0,0.0,0,420,0,2,0.6973,0.0262,GREEN,46,Mumbai
CLM0021126,MUM_04468,Thane,2018-08-13,19,0,0,0,0,0,0,0,1,0,0.0,0.315743,0,0.0,0,199,1,1,0.2779,0.2145,GREEN,21,Mumbai
CLM0021127,MUM_06811,Ghatkopar,2021-03-05,11,0,0,0,1,0,0,1,1,0,0.0,0.096975,0,0.0,0,6,2,18,0.833,0.0576,GREEN,50,Mumbai
CLM0021128,MUM_09680,Chembur,2025-12-21,19,0,0,0,0,0,0,0,0,0,0.0,0.304996,0,0.0,0,122,4,1,0.0713,0.0,GREEN,47,Mumbai
CLM0021129,MUM_05488,Chembur,2025-07-17,17,0,0,0,0,0,0,0,0,0,0.0,0.024813,0,0.0,0,24,3,6,0.825,0.1614,GREEN,61,Mumbai
CLM0021130,MUM_07360,Dadar,2023-01-30,9,0,0,0,0,0,0,0,1,0,0.0,0.161683,0,0.0,0,109,1,6,0.98,0.1353,GREEN,57,Mumbai
CLM0021131,MUM_09578,Lower Parel,2021-09-30,9,0,0,0,0,0,0,0,0,0,0.0,0.22559,0,0.0,0,56,3,4,0.495,0.0,GREEN,46,Mumbai
CLM0021132,MUM_03841,Ghatkopar,2023-11-17,10,0,0,0,0,0,0,0,0,0,0.0,0.126917,0,0.0,0,170,4,3,0.9261,0.0382,GREEN,53,Mumbai
CLM0021133,MUM_01793,Borivali,2025-10-09,21,0,0,0,0,0,0,0,0,0,0.0,0.452372,0,0.0,0,420,1,0,0.7912,0.0426,GREEN,43,Mumbai
CLM0021134,MUM_04592,Chembur,2025-04-03,14,0,0,0,0,0,0,0,0,0,0.0,0.0,0,0.0,0,171,0,7,0.8234,0.0,GREEN,48,Mumbai
CLM0021135,MUM_04249,Thane,2025-01-29,12,0,0,0,0,0,0,0,0,0,0.0,0.048412,0,0.0,0,239,2,4,0.578,0.136,GREEN,51,Mumbai
CLM0021136,MUM_02280,Borivali,2024-06-12,9,0,0,0,0,0,0,0,0,0,0.0,0.255807,0,0.0,0,307,1,2,0.8916,0.0231,GREEN,50,Mumbai
CLM0021137,MUM_05086,Powai,2018-01-12,9,0,0,0,0,0,1,0,0,0,0.0,0.374201,0,0.0,0,74,3,3,0.9538,0.0918,GREEN,47,Mumbai
CLM0021138,MUM_10000,Andheri,2024-03-29,13,0,0,0,0,0,0,0,0,0,0.0,0.332502,0,1.0,0,353,3,1,0.2764,0.0,GREEN,45,Mumbai
CLM0021139,MUM_06912,Borivali,2022-05-23,9,0,0,0,0,0,0,0,0,0,0.0,0.0,0,0.0,0,308,1,2,0.784,0.0918,GREEN,46,Mumbai
CLM0021140,MUM_02946,Borivali,2020-10-03,11,0,0,0,0,0,0,0,0,0,0.0,0.160807,0,0.0,0,420,0,9,0.66,0.0,GREEN,30,Mumbai
CLM0021141,MUM_09453,Lower Parel,2024-01-31,15,0,0,0,0,0,0,0,1,0,1.0,0.98011,0,1.0,0,138,2,1,0.643,0.2353,GREEN,26,Mumbai
CLM0021142,MUM_09012,Vashi,2019-07-23,13,0,0,0,0,0,0,0,0,0,0.0,1.0,0,0.0,0,220,1,1,0.7289,0.0605,GREEN,46,Mumbai
CLM0021143,MUM_00671,Borivali,2024-01-17,14,0,0,0,0,0,0,0,0,1,0.0,0.091871,0,0.0,0,325,1,2,0.6081,0.1702,GREEN,39,Mumbai
CLM0021144,MUM_01844,Bandra,2018-07-27,14,0,0,0,0,0,0,0,0,0,1.0,0.286821,0,0.0,0,406,1,4,0.1998,0.0432,GREEN,52,Mumbai
CLM0021145,MUM_03009,Chembur,2018-02-26,8,0,0,0,0,0,0,0,0,0,0.0,0.116391,0,1.0,0,308,4,1,0.8694,0.0172,GREEN,31,Mumbai
CLM0021146,MUM_04190,Lower Parel,2025-01-03,14,0,0,0,0,0,0,0,0,0,0.0,1.0,0,0.0,0,99,1,7,0.2535,0.0023,GREEN,61,Mumbai
CLM0021147,MUM_08036,Andheri,2019-10-03,13,0,0,0,0,0,0,0,0,0,0.0,0.071697,0,0.0,0,178,2,0,0.851,0.1132,GREEN,56,Mumbai
CLM0021148,MUM_03830,Andheri,2018-10-11,7,0,0,0,0,0,0,0,0,0,0.0,0.46303,0,0.0,0,258,0,7,0.6741,0.0,GREEN,58,Mumbai
CLM0021149,MUM_06313,Lower Parel,2023-03-16,9,0,0,0,0,0,0,0,0,0,1.0,0.140146,0,0.0,0,420,3,2,0.7823,0.0565,GREEN,42,Mumbai
CLM0021150,MUM_02676,Powai,2018-06-17,20,0,0,0,0,0,0,0,0,0,0.0,0.291253,0,1.0,0,267,4,0,0.9081,0.0,GREEN,34,Mumbai
CLM0021151,MUM_04325,Powai,2023-06-10,9,0,0,0,0,0,0,0,0,0,0.0,0.39223,1,0.0,1,62,2,5,0.5768,0.1568,GREEN,32,Mumbai
CLM0021152,MUM_01547,Powai,2022-07-30,8,0,0,0,0,1,0,1,0,0,0.0,0.095308,0,0.0,0,379,3,0,0.77,0.1637,GREEN,30,Mumbai
CLM0021153,MUM_03655,Bandra,2023-11-19,11,0,0,0,1,0,1,0,0,0,0.0,0.0,0,0.0,0,420,2,1,0.05,0.2469,GREEN,39,Mumbai
CLM0021154,MUM_05913,Andheri,2022-07-22,15,0,0,0,0,0,1,0,0,0,0.0,0.229574,0,0.0,0,208,3,3,0.05,0.1277,GREEN,35,Mumbai
CLM0021155,MUM_04277,Dadar,2021-07-20,15,0,0,0,0,0,0,0,0,0,0.0,0.25662,0,0.0,0,172,2,6,0.848,0.0,GREEN,35,Mumbai
CLM0021156,MUM_09294,Andheri,2019-09-09,7,0,0,0,0,0,0,0,1,0,0.0,0.21167,0,0.0,0,420,2,4,0.98,0.1382,GREEN,58,Mumbai
CLM0021157,MUM_06908,Borivali,2023-07-20,13,0,0,0,0,0,1,0,0,0,0.0,0.254646,0,0.0,0,331,2,5,0.3647,0.0363,GREEN,40,Mumbai
CLM0021158,MUM_02786,Thane,2021-08-12,7,0,0,0,0,0,0,0,0,0,0.0,0.059118,0,0.0,1,383,2,0,0.6692,0.195,GREEN,29,Mumbai
CLM0021159,MUM_05083,Andheri,2024-01-10,10,0,0,0,0,0,0,0,0,0,0.0,0.31313,0,0.0,1,420,4,0,0.6868,0.0,GREEN,41,Mumbai
CLM0021160,MUM_09273,Ghatkopar,2025-12-20,9,0,1,1,0,0,1,0,0,0,0.0,0.065215,0,0.0,0,266,0,0,0.6516,0.1442,GREEN,55,Mumbai
CLM0021161,MUM_07486,Ghatkopar,2021-05-02,9,0,0,0,0,0,0,0,0,0,0.0,0.220716,0,0.0,0,222,2,0,0.98,0.081,GREEN,37,Mumbai
CLM0021162,MUM_07204,Thane,2025-09-09,11,0,0,0,0,0,0,0,0,0,0.0,0.333852,0,0.0,0,299,4,0,0.9539,0.0,GREEN,46,Mumbai
CLM0021163,MUM_07219,Vashi,2023-07-02,15,0,0,0,0,0,0,0,0,0,0.0,0.460766,0,0.0,0,151,1,2,0.8748,0.0,GREEN,43,Mumbai
CLM0021164,MUM_08840,Bandra,2023-05-18,13,0,0,0,0,0,0,0,1,0,1.0,0.056433,0,0.0,0,338,2,8,0.4176,0.2645,GREEN,42,Mumbai
CLM0021165,MUM_03435,Chembur,2020-05-01,11,0,0,0,1,0,0,0,0,0,0.0,0.097479,0,0.0,0,420,2,4,0.9629,0.1775,GREEN,56,Mumbai
CLM0021166,MUM_05449,Vashi,2020-08-23,17,0,0,0,0,0,0,0,0,0,0.0,0.241563,0,0.0,0,272,2,1,0.2548,0.0953,GREEN,44,Mumbai
CLM0021167,MUM_02301,Andheri,2021-02-17,15,0,0,0,0,0,0,0,0,0,1.0,0.206295,0,0.0,0,154,3,2,0.9008,0.1374,GREEN,47,Mumbai
CLM0021168,MUM_08616,Andheri,2023-01-13,12,0,0,0,0,1,0,1,1,1,1.0,1.0,0,0.0,1,32,0,18,0.4079,0.0,GREEN,41,Mumbai
CLM0021169,MUM_04991,Vashi,2022-06-09,13,0,0,0,0,0,0,0,0,0,0.0,0.16554,0,0.0,0,106,4,3,0.8015,0.0911,GREEN,54,Mumbai
CLM0021170,MUM_08407,Thane,2024-07-30,16,0,1,1,0,0,0,0,0,0,0.0,0.099093,0,0.0,1,420,3,0,0.2257,0.0555,GREEN,48,Mumbai
CLM0021171,MUM_06237,Andheri,2021-01-16,14,0,0,0,0,0,0,0,0,0,1.0,0.15562,1,0.0,0,128,1,8,0.1455,0.1043,GREEN,35,Mumbai
CLM0021172,MUM_08914,Thane,2017-06-30,12,0,0,0,0,0,0,0,0,0,0.0,0.198809,0,0.0,0,97,3,7,0.8214,0.0,GREEN,50,Mumbai
CLM0021173,MUM_05125,Dadar,2024-06-02,12,0,0,0,0,0,0,0,1,0,1.0,0.317429,0,0.0,0,275,0,4,0.6215,0.1882,GREEN,51,Mumbai
CLM0021174,MUM_02374,Bandra,2023-04-07,20,0,0,0,0,0,0,0,0,0,1.0,0.23425,0,0.0,1,233,4,5,0.7112,0.0858,GREEN,38,Mumbai
CLM0021175,MUM_06842,Andheri,2021-03-21,10,0,0,0,0,0,0,0,0,0,0.0,0.069217,0,0.0,0,13,4,8,0.7739,0.0,GREEN,37,Mumbai
CLM0021176,MUM_05788,Lower Parel,2020-01-10,7,0,0,0,1,0,0,0,0,0,0.0,0.101162,0,0.0,0,214,0,3,0.8586,0.1398,GREEN,45,Mumbai
CLM0021177,MUM_06954,Ghatkopar,2019-03-05,21,0,0,0,0,0,0,0,0,0,0.0,0.258856,0,0.0,0,270,1,5,0.8239,0.0058,GREEN,38,Mumbai
CLM0021178,MUM_00616,Ghatkopar,2023-01-14,9,0,0,0,0,0,0,0,0,0,0.0,0.262472,0,1.0,0,70,3,0,0.2112,0.0187,GREEN,48,Mumbai
CLM0021179,MUM_04675,Bandra,2023-06-02,11,0,0,0,0,0,0,0,0,0,0.0,0.347412,0,0.0,0,420,4,2,0.9433,0.0,GREEN,43,Mumbai
CLM0021180,MUM_01188,Ghatkopar,2025-01-28,18,0,0,0,0,0,0,1,0,0,0.0,0.369044,0,0.0,0,289,0,3,0.1202,0.0859,GREEN,62,Mumbai
CLM0021181,MUM_07856,Ghatkopar,2025-11-22,7,0,0,0,0,0,0,0,0,1,0.0,0.202613,0,0.0,0,72,1,4,0.6397,0.0576,GREEN,35,Mumbai
CLM0021182,MUM_02924,Lower Parel,2024-10-14,11,0,0,0,0,0,0,0,0,0,1.0,0.343214,0,0.0,0,322,2,0,0.5805,0.0768,GREEN,30,Mumbai
CLM0021183,MUM_06016,Dadar,2025-09-05,16,0,0,0,0,0,0,0,1,0,1.0,0.009763,0,0.0,0,351,2,2,0.6809,0.1584,GREEN,45,Mumbai
CLM0021184,MUM_02165,Ghatkopar,2022-12-11,8,0,0,0,1,0,0,0,0,0,0.0,0.89511,0,0.0,0,375,4,0,0.4955,0.1774,GREEN,42,Mumbai
CLM0021185,MUM_00759,Lower Parel,2024-12-02,15,0,0,0,0,0,0,0,1,0,0.0,0.163318,0,0.0,0,103,2,0,0.8205,0.1792,GREEN,42,Mumbai
CLM0021186,MUM_00508,Ghatkopar,2023-12-13,15,0,0,0,0,0,0,0,0,0,0.0,0.311149,0,1.0,1,348,0,2,0.6943,0.0556,GREEN,18,Mumbai
CLM0021187,MUM_02470,Ghatkopar,2025-05-05,20,0,0,0,0,0,0,0,0,0,0.0,0.34327,0,0.0,0,307,3,3,0.9507,0.0301,GREEN,51,Mumbai
CLM0021188,MUM_02136,Bandra,2018-10-06,16,0,1,1,1,0,0,0,0,1,1.0,0.112264,0,1.0,1,7,0,18,0.3213,0.3055,GREEN,39,Mumbai
CLM0021189,MUM_04873,Bandra,2019-04-09,21,0,1,1,0,0,0,0,0,0,1.0,0.315516,1,0.0,0,330,0,6,0.8384,0.6157,RED,51,Mumbai
CLM0021190,MUM_05492,Borivali,2023-07-20,13,0,1,1,0,0,0,0,0,0,0.0,1.0,0,0.0,0,135,2,0,0.8597,0.4966,YELLOW,39,Mumbai
CLM0021191,MUM_03210,Bandra,2019-06-13,10,0,1,1,1,1,0,1,1,0,0.0,0.093808,0,0.0,1,35,1,18,0.8302,0.6656,RED,42,Mumbai
CLM0021192,MUM_06802,Bandra,2019-05-29,8,0,1,1,1,0,0,1,0,1,0.0,0.154159,0,0.0,1,11,1,18,0.8246,0.557,YELLOW,31,Mumbai
CLM0021193,MUM_01970,Dadar,2021-04-20,15,0,0,0,0,0,0,0,0,0,0.0,0.005094,0,0.0,0,166,0,6,0.6812,0.0426,GREEN,43,Mumbai
CLM0021194,MUM_06805,Chembur,2020-03-26,8,0,0,0,0,0,0,0,0,0,0.0,0.313053,0,0.0,0,147,1,2,0.6395,0.0,GREEN,40,Mumbai
CLM0021195,MUM_00898,Ghatkopar,2023-07-11,12,0,0,0,0,0,0,0,0,0,0.0,1.0,1,0.0,0,249,1,3,0.98,0.0,GREEN,33,Mumbai
CLM0021196,MUM_09648,Lower Parel,2017-06-23,13,0,0,0,0,0,0,0,0,0,0.0,0.357904,0,0.0,0,134,4,4,0.9496,0.0006,GREEN,49,Mumbai
CLM0021197,MUM_03073,Andheri,2024-01-18,11,0,0,0,0,1,0,0,0,1,0.0,0.208111,0,0.0,0,109,3,0,0.7125,0.21,GREEN,52,Mumbai
CLM0021198,MUM_02311,Vashi,2018-06-30,17,0,0,0,0,0,0,0,0,0,0.0,0.292252,0,0.0,0,103,4,0,0.8344,0.0169,GREEN,57,Mumbai
CLM0021199,MUM_05931,Bandra,2017-02-12,20,0,0,0,0,0,1,0,0,0,0.0,0.250204,0,0.0,0,271,1,2,0.3383,0.1632,GREEN,54,Mumbai
CLM0021200,MUM_05021,Dadar,2017-01-20,20,0,0,0,0,0,0,0,0,0,0.0,0.08714,0,0.0,0,76,1,6,0.8731,0.0311,GREEN,46,Mumbai
CLM0021201,MUM_01564,Chembur,2025-10-03,20,0,0,0,0,1,0,1,0,1,1.0,0.97098,0,0.0,0,5,1,18,0.3035,0.3239,YELLOW,52,Mumbai
CLM0021202,MUM_05529,Lower Parel,2022-04-23,8,0,0,0,0,0,0,0,0,0,0.0,0.318536,0,0.0,0,16,3,3,0.8358,0.0,GREEN,48,Mumbai
CLM0021203,MUM_05938,Vashi,2023-06-16,14,0,0,0,0,0,1,0,0,1,0.0,0.283415,0,0.0,0,208,0,3,0.98,0.216,GREEN,42,Mumbai
CLM0021204,MUM_01831,Lower Parel,2022-11-09,9,0,0,0,0,1,0,0,0,0,0.0,0.9739,0,0.0,0,420,2,1,0.7332,0.2307,GREEN,26,Mumbai
CLM0021205,MUM_03550,Dadar,2024-06-08,18,0,0,0,0,0,0,0,1,0,0.0,0.367221,0,0.0,0,420,3,0,0.1975,0.0,GREEN,50,Mumbai
CLM0021206,MUM_01094,Powai,2024-06-12,16,0,0,0,0,0,0,0,0,0,0.0,0.078295,0,0.0,0,281,1,6,0.4637,0.0084,GREEN,32,Mumbai
CLM0021207,MUM_01183,Andheri,2023-02-25,15,0,0,0,1,0,0,0,0,0,0.0,0.84984,0,0.0,0,347,2,0,0.5031,0.0719,GREEN,56,Mumbai
CLM0021208,MUM_03832,Thane,2025-10-14,7,0,0,0,0,0,0,0,0,0,0.0,0.143798,0,1.0,0,420,0,0,0.9249,0.0,GREEN,31,Mumbai
CLM0021209,MUM_05590,Ghatkopar,2024-07-16,17,0,0,0,1,1,1,0,1,0,0.0,0.06714,1,0.0,0,11,4,18,0.9704,0.0,GREEN,45,Mumbai
CLM0021210,MUM_01803,Vashi,2023-10-15,9,0,0,0,0,0,1,0,0,0,0.0,0.129455,0,0.0,0,400,3,2,0.4454,0.1092,GREEN,35,Mumbai
CLM0021211,MUM_08752,Powai,2025-12-18,11,0,0,0,0,0,0,0,0,0,0.0,0.232466,0,0.0,0,325,1,4,0.4717,0.0437,GREEN,61,Mumbai
CLM0021212,MUM_05563,Andheri,2021-10-10,21,0,0,0,0,0,0,1,1,0,0.0,0.153199,1,0.0,0,13,2,18,0.8432,0.0809,GREEN,46,Mumbai
CLM0021213,MUM_02251,Borivali,2023-11-19,7,0,0,0,0,0,0,1,0,0,0.0,0.0,0,0.0,1,246,3,6,0.6535,0.1248,GREEN,47,Mumbai
CLM0021214,MUM_07978,Thane,2025-07-20,19,0,0,0,0,0,0,0,0,1,0.0,0.020167,0,0.0,0,412,0,0,0.8078,0.1397,GREEN,59,Mumbai
CLM0021215,MUM_02547,Lower Parel,2025-08-18,18,0,0,0,0,0,0,1,0,0,0.0,0.371222,0,0.0,0,49,0,2,0.6226,0.0322,GREEN,51,Mumbai
CLM0021216,MUM_01291,Andheri,2025-01-02,21,0,0,0,1,0,0,0,1,1,0.0,0.14555,1,0.0,0,5,3,18,0.8319,0.0585,GREEN,41,Mumbai
CLM0021217,MUM_08414,Bandra,2025-04-09,16,0,0,0,0,0,0,1,1,0,0.0,0.027408,0,0.0,0,255,4,2,0.426,0.1684,GREEN,44,Mumbai
CLM0021218,MUM_02831,Dadar,2025-03-22,7,0,0,0,0,0,0,0,0,0,1.0,0.989237,1,1.0,1,306,2,0,0.8986,0.1106,GREEN,55,Mumbai
CLM0021219,MUM_00012,Borivali,2025-03-10,15,0,0,0,0,0,0,0,0,0,0.0,0.189574,1,0.0,0,114,4,2,0.8201,0.0573,GREEN,41,Mumbai
CLM0021220,MUM_00874,Andheri,2025-03-16,10,0,1,1,0,0,0,0,0,0,0.0,0.395265,0,0.0,0,420,0,4,0.1254,0.76,RED,51,Mumbai
CLM0021221,MUM_08704,Dadar,2023-06-06,12,0,1,1,0,0,0,0,0,0,0.0,0.093595,0,0.0,0,40,0,4,0.7147,0.7443,RED,24,Mumbai
CLM0021222,MUM_06509,Bandra,2023-12-20,16,0,1,1,1,1,1,1,1,1,1.0,0.985059,0,0.0,1,5,0,18,0.05,0.9539,RED,18,Mumbai
CLM0021223,MUM_09836,Thane,2024-01-27,7,0,1,1,1,1,0,1,0,1,1.0,1.0,1,1.0,0,18,0,18,0.7705,0.6507,RED,44,Mumbai
CLM0021224,MUM_00170,Thane,2024-06-07,20,0,0,0,0,0,0,0,0,0,0.0,0.073378,0,0.0,0,420,3,4,0.9725,0.0,GREEN,62,Mumbai
CLM0021225,MUM_02243,Andheri,2024-12-06,11,0,0,0,0,0,0,0,1,0,0.0,0.272405,0,0.0,0,412,4,5,0.6782,0.0542,GREEN,46,Mumbai
CLM0021226,MUM_04021,Chembur,2020-01-20,13,0,0,0,0,0,0,0,0,0,0.0,0.328923,0,0.0,0,197,3,0,0.702,0.0092,GREEN,38,Mumbai
CLM0021227,MUM_04135,Andheri,2023-02-11,20,0,0,0,0,0,0,0,0,0,0.0,0.199335,0,0.0,0,365,0,0,0.9291,0.0,GREEN,51,Mumbai
CLM0021228,MUM_02845,Vashi,2018-07-09,16,0,0,0,0,0,0,0,0,0,0.0,0.165337,0,0.0,0,314,2,2,0.7997,0.0,GREEN,38,Mumbai
CLM0021229,MUM_06688,Thane,2017-06-02,16,0,0,0,0,0,0,0,0,0,0.0,0.065231,0,0.0,0,148,4,0,0.3553,0.0804,GREEN,44,Mumbai
CLM0021230,MUM_00928,Lower Parel,2023-02-08,18,0,0,0,0,0,0,0,0,0,0.0,0.288823,0,0.0,0,172,3,5,0.7122,0.0,GREEN,65,Mumbai
CLM0021231,MUM_06072,Vashi,2023-10-11,21,0,0,0,0,0,0,0,0,0,1.0,0.356669,0,0.0,0,187,0,1,0.8153,0.0305,GREEN,43,Mumbai
CLM0021232,MUM_05425,Powai,2017-12-26,10,0,0,0,0,0,0,0,0,0,0.0,0.003305,0,0.0,0,139,3,1,0.7486,0.0649,GREEN,49,Mumbai
CLM0021233,MUM_03219,Borivali,2025-12-11,15,0,0,0,0,0,0,0,0,0,0.0,0.135252,0,0.0,0,142,4,4,0.222,0.0,GREEN,52,Mumbai
CLM0021234,MUM_00113,Chembur,2024-02-03,9,0,0,0,0,0,0,0,0,0,0.0,0.207957,0,0.0,0,401,1,1,0.7999,0.0565,GREEN,45,Mumbai
CLM0021235,MUM_05765,Vashi,2017-11-03,18,0,0,0,0,0,1,0,0,0,0.0,0.077131,0,0.0,0,203,2,2,0.8789,0.1962,GREEN,34,Mumbai
CLM0021236,MUM_04021,Chembur,2020-03-27,17,0,0,0,0,0,0,0,1,0,0.0,0.005405,0,0.0,0,398,1,1,0.2529,0.1699,GREEN,38,Mumbai
CLM0021237,MUM_05132,Vashi,2022-05-05,12,0,0,0,0,0,0,0,0,0,0.0,0.245781,0,0.0,0,319,0,3,0.7084,0.1041,GREEN,20,Mumbai
CLM0021238,MUM_08908,Andheri,2015-09-22,14,0,0,0,0,0,0,0,0,0,0.0,0.310452,0,0.0,0,38,3,1,0.2689,0.0,GREEN,34,Mumbai
CLM0021239,MUM_09636,Bandra,2018-05-31,14,0,0,0,0,0,0,1,1,0,0.0,0.135979,0,0.0,0,130,3,0,0.6686,0.1904,GREEN,42,Mumbai
CLM0021240,MUM_06579,Chembur,2021-04-15,19,0,0,0,0,0,0,1,0,0,0.0,0.272059,0,0.0,0,316,4,3,0.5144,0.0404,GREEN,51,Mumbai
CLM0021241,MUM_00911,Borivali,2024-08-20,20,0,0,0,0,0,0,0,1,0,0.0,0.05579,0,1.0,0,420,3,2,0.2368,0.094,GREEN,46,Mumbai
CLM0021242,MUM_05176,Borivali,2020-11-11,8,0,0,0,0,0,0,1,1,0,0.0,0.117454,0,0.0,0,169,0,6,0.6728,0.1207,GREEN,38,Mumbai
CLM0021243,MUM_00262,Vashi,2024-08-04,8,0,0,0,0,0,0,0,0,0,0.0,0.356481,0,0.0,0,47,2,0,0.7429,0.1088,GREEN,58,Mumbai
CLM0021244,MUM_05818,Chembur,2017-02-11,18,0,0,0,0,0,0,0,0,0,1.0,0.18417,0,0.0,0,235,4,3,0.7476,0.0977,GREEN,39,Mumbai
CLM0021245,MUM_09580,Dadar,2022-07-31,9,0,0,0,0,0,0,0,0,0,1.0,0.175985,0,0.0,0,420,3,4,0.05,0.0078,GREEN,43,Mumbai
CLM0021246,MUM_06165,Thane,2024-08-06,21,0,0,0,0,0,0,0,0,0,0.0,0.277172,0,0.0,0,329,3,0,0.0757,0.0,GREEN,33,Mumbai
CLM0021247,MUM_01039,Powai,2024-11-05,17,0,0,0,0,0,0,0,0,0,0.0,0.238252,0,0.0,0,116,4,0,0.98,0.0,GREEN,30,Mumbai
CLM0021248,MUM_08593,Thane,2019-06-01,12,0,0,0,0,0,0,0,0,0,0.0,0.41745,0,0.0,0,224,2,3,0.9701,0.0,GREEN,40,Mumbai
CLM0021249,MUM_03456,Ghatkopar,2019-01-28,15,0,1,1,0,0,0,0,0,0,0.0,0.265487,0,0.0,0,118,4,3,0.7825,0.0084,GREEN,24,Mumbai
CLM0021250,MUM_04557,Bandra,2019-07-25,8,0,0,0,0,0,1,0,0,0,0.0,0.147929,0,1.0,0,372,2,0,0.5563,0.0549,GREEN,41,Mumbai
CLM0021251,MUM_02242,Bandra,2024-01-09,19,0,0,0,0,0,0,0,0,0,0.0,0.180047,0,0.0,0,222,4,1,0.5381,0.0,GREEN,42,Mumbai
CLM0021252,MUM_08834,Dadar,2020-09-03,8,0,1,1,0,0,0,0,0,0,0.0,0.035515,0,0.0,0,420,0,4,0.7986,0.0143,GREEN,48,Mumbai
CLM0021253,MUM_09212,Borivali,2020-12-17,16,0,0,0,0,0,0,0,0,0,0.0,0.27753,0,0.0,0,359,4,2,0.7821,0.0,GREEN,18,Mumbai
CLM0021254,MUM_09216,Ghatkopar,2020-10-16,19,0,0,0,0,0,0,0,0,0,0.0,0.929019,0,0.0,0,186,4,5,0.2476,0.0,GREEN,21,Mumbai
CLM0021255,MUM_05039,Powai,2025-09-15,7,0,0,0,0,0,0,0,0,0,0.0,0.166154,0,0.0,0,102,2,3,0.0727,0.0,GREEN,18,Mumbai
CLM0021256,MUM_08037,Vashi,2022-06-17,17,0,0,0,0,0,0,1,0,0,0.0,0.182023,0,0.0,0,20,4,2,0.7944,0.0392,GREEN,36,Mumbai
CLM0021257,MUM_04236,Ghatkopar,2025-12-26,19,0,0,0,0,0,0,0,0,0,0.0,0.181025,0,0.0,0,187,0,3,0.5756,0.0384,GREEN,37,Mumbai
CLM0021258,MUM_09166,Ghatkopar,2021-01-03,11,0,0,0,0,0,0,0,0,0,0.0,0.086057,0,0.0,0,79,4,3,0.05,0.0,GREEN,38,Mumbai
CLM0021259,MUM_08156,Powai,2025-09-15,20,0,0,0,0,0,0,0,0,0,0.0,0.136749,0,0.0,0,64,0,0,0.4077,0.037,GREEN,32,Mumbai
CLM0021260,MUM_04173,Powai,2021-09-06,8,0,0,0,0,1,0,0,0,0,0.0,0.349069,1,0.0,0,300,0,8,0.5973,0.1518,GREEN,39,Mumbai
CLM0021261,MUM_05761,Chembur,2021-06-04,10,0,0,0,0,1,1,1,0,0,0.0,0.160136,1,0.0,1,5,1,18,0.8194,0.0329,GREEN,30,Mumbai
CLM0021262,MUM_01892,Lower Parel,2018-12-23,13,0,0,0,0,0,0,0,0,0,0.0,0.230739,0,0.0,0,343,1,5,0.7772,0.0199,GREEN,23,Mumbai
CLM0021263,MUM_09503,Dadar,2022-11-14,15,0,0,0,0,0,1,0,0,0,0.0,0.0,0,0.0,0,286,2,1,0.05,0.2063,GREEN,50,Mumbai
CLM0021264,MUM_05458,Thane,2024-10-15,18,0,0,0,0,0,0,0,0,0,0.0,0.038024,0,1.0,0,245,3,0,0.98,0.0505,GREEN,32,Mumbai
CLM0021265,MUM_09712,Lower Parel,2018-11-23,16,0,0,0,0,0,0,0,1,0,0.0,0.14999,0,0.0,0,268,0,0,0.764,0.2106,GREEN,37,Mumbai
CLM0021266,MUM_08179,Ghatkopar,2022-02-18,14,0,0,0,0,0,0,0,0,0,0.0,1.0,0,0.0,0,304,3,3,0.6112,0.0,GREEN,32,Mumbai
CLM0021267,MUM_03942,Lower Parel,2021-05-19,14,0,0,0,0,1,0,0,0,0,0.0,0.336274,0,0.0,0,352,3,4,0.7922,0.0761,GREEN,53,Mumbai
CLM0021268,MUM_00448,Powai,2024-06-21,14,0,0,0,0,0,0,0,0,0,0.0,0.194612,0,1.0,0,348,2,4,0.7048,0.0,GREEN,52,Mumbai
CLM0021269,MUM_03050,Chembur,2025-07-19,12,0,0,0,0,0,1,0,0,0,0.0,0.183244,0,0.0,0,78,4,0,0.6487,0.0454,GREEN,48,Mumbai
CLM0021270,MUM_04418,Andheri,2021-05-21,19,0,0,0,0,0,0,0,0,0,0.0,0.188579,0,0.0,0,107,0,0,0.05,0.0,GREEN,31,Mumbai
CLM0021271,MUM_02347,Lower Parel,2024-09-23,12,0,0,0,0,0,1,0,0,0,0.0,0.0,0,0.0,0,77,0,3,0.4575,0.0427,GREEN,40,Mumbai
CLM0021272,MUM_07720,Bandra,2025-11-23,19,0,0,0,0,0,0,0,0,0,0.0,0.248854,0,0.0,0,34,2,0,0.6865,0.0087,GREEN,43,Mumbai
CLM0021273,MUM_06493,Vashi,2024-06-12,17,0,0,0,0,0,0,0,0,0,0.0,0.301763,0,0.0,0,401,4,0,0.7601,0.0,GREEN,33,Mumbai
CLM0021274,MUM_04802,Chembur,2023-01-04,7,0,0,0,0,0,0,0,0,0,0.0,0.122668,0,0.0,0,420,4,0,0.6973,0.0006,GREEN,48,Mumbai
CLM0021275,MUM_03509,Borivali,2025-11-19,14,0,0,0,0,0,0,1,0,0,0.0,0.229959,0,0.0,0,259,0,1,0.5166,0.0082,GREEN,55,Mumbai
CLM0021276,MUM_00779,Bandra,2024-03-20,10,0,0,0,0,0,0,0,0,0,0.0,0.089092,0,0.0,0,81,3,6,0.746,0.0626,GREEN,41,Mumbai
CLM0021277,MUM_04927,Ghatkopar,2025-09-17,10,0,0,0,0,1,1,0,0,0,0.0,0.205747,0,0.0,0,420,2,5,0.4911,0.2671,GREEN,44,Mumbai
CLM0021278,MUM_09420,Lower Parel,2025-11-30,15,0,0,0,0,0,0,0,0,0,0.0,0.333655,0,1.0,0,408,1,3,0.1558,0.0,GREEN,49,Mumbai
CLM0021279,MUM_09401,Borivali,2025-09-10,16,0,0,0,0,0,0,0,0,0,0.0,0.140645,0,1.0,1,145,3,3,0.1277,0.032,GREEN,54,Mumbai
CLM0021280,MUM_02931,Borivali,2025-08-15,8,0,0,0,0,0,0,0,0,0,0.0,0.165776,0,0.0,0,388,3,2,0.7117,0.0025,GREEN,44,Mumbai
CLM0021281,MUM_09285,Lower Parel,2019-04-20,7,0,0,0,0,0,0,0,0,0,0.0,0.26023,0,0.0,0,420,3,0,0.51,0.1667,GREEN,25,Mumbai
CLM0021282,MUM_04566,Dadar,2025-02-26,18,0,0,0,0,0,0,1,0,0,0.0,0.233064,0,0.0,0,315,0,3,0.5726,0.0057,GREEN,41,Mumbai
CLM0021283,MUM_03016,Lower Parel,2019-03-23,10,0,0,0,0,0,0,0,0,0,0.0,0.183124,0,0.0,0,92,0,0,0.05,0.0853,GREEN,39,Mumbai
CLM0021284,MUM_05225,Dadar,2021-10-27,9,0,0,0,0,0,0,0,0,1,1.0,0.204545,0,1.0,1,66,1,3,0.98,0.2312,GREEN,37,Mumbai
CLM0021285,MUM_07541,Borivali,2025-11-23,8,0,0,0,0,0,0,0,0,0,0.0,0.280246,0,0.0,0,184,4,4,0.642,0.0104,GREEN,25,Mumbai
CLM0021286,MUM_04368,Andheri,2025-03-04,20,0,0,0,0,0,0,0,0,0,0.0,0.348199,0,0.0,0,223,0,5,0.7335,0.0,GREEN,36,Mumbai
CLM0021287,MUM_09878,Vashi,2022-08-09,13,0,0,0,0,0,0,0,0,0,0.0,0.144045,0,0.0,0,108,4,2,0.5575,0.0,GREEN,58,Mumbai
CLM0021288,MUM_06178,Ghatkopar,2025-08-12,21,0,0,0,0,0,1,0,0,0,1.0,1.0,0,1.0,0,363,3,2,0.0743,0.1448,GREEN,46,Mumbai
CLM0021289,MUM_02126,Borivali,2018-04-09,10,0,0,0,1,0,0,0,0,0,0.0,0.077232,0,0.0,1,163,1,4,0.9139,0.2248,GREEN,52,Mumbai
CLM0021290,MUM_00793,Lower Parel,2021-02-09,14,0,0,0,0,0,1,0,0,0,0.0,0.021715,0,0.0,0,420,3,3,0.6911,0.1091,GREEN,51,Mumbai
CLM0021291,MUM_04266,Ghatkopar,2021-03-27,15,0,0,0,0,0,0,0,0,0,0.0,0.978381,0,0.0,0,83,0,3,0.98,0.0,GREEN,53,Mumbai
CLM0021292,MUM_00434,Lower Parel,2024-12-31,11,0,0,0,0,1,0,0,0,0,0.0,0.187855,0,0.0,0,317,2,6,0.1789,0.2362,GREEN,27,Mumbai
CLM0021293,MUM_01956,Thane,2024-02-02,8,0,0,0,0,0,0,0,0,0,1.0,0.082276,0,0.0,0,363,0,4,0.7183,0.0995,GREEN,40,Mumbai
CLM0021294,MUM_08083,Thane,2025-03-30,15,0,0,0,1,0,1,0,0,1,0.0,0.102438,0,0.0,0,105,2,0,0.6657,0.3752,YELLOW,59,Mumbai
CLM0021295,MUM_07206,Borivali,2024-06-11,11,0,0,0,0,0,0,0,0,1,1.0,0.018314,0,0.0,0,420,0,0,0.5383,0.1059,GREEN,46,Mumbai
CLM0021296,MUM_09410,Thane,2025-04-05,11,0,0,0,0,0,0,1,0,0,1.0,0.270836,0,0.0,0,21,0,3,0.7387,0.2098,GREEN,44,Mumbai
CLM0021297,MUM_08978,Dadar,2024-02-26,12,0,0,0,0,0,0,0,0,0,0.0,0.298503,0,0.0,0,420,2,7,0.822,0.0536,GREEN,32,Mumbai
CLM0021298,MUM_07595,Borivali,2021-05-09,19,0,0,0,0,0,0,0,1,0,0.0,0.0,0,0.0,0,195,0,7,0.6011,0.0919,GREEN,49,Mumbai
CLM0021299,MUM_09161,Dadar,2019-01-02,9,0,0,0,1,0,0,0,0,0,0.0,0.308272,0,0.0,0,52,3,0,0.7812,0.2751,GREEN,42,Mumbai
CLM0021300,MUM_08167,Powai,2024-05-11,16,0,0,0,0,0,0,0,0,0,0.0,1.0,0,0.0,0,39,1,2,0.98,0.0334,GREEN,32,Mumbai
CLM0021301,MUM_04853,Bandra,2018-05-22,9,0,0,0,0,0,0,0,0,0,0.0,0.0,0,0.0,0,397,0,6,0.7883,0.0379,GREEN,54,Mumbai
CLM0021302,MUM_05078,Andheri,2019-09-13,13,0,0,0,0,0,0,0,0,0,0.0,0.505968,0,0.0,0,420,1,1,0.6948,0.0827,GREEN,59,Mumbai
CLM0021303,MUM_02746,Chembur,2018-08-21,18,0,0,0,0,0,0,0,0,0,1.0,0.406603,0,0.0,0,46,4,3,0.7389,0.0,GREEN,31,Mumbai
CLM0021304,MUM_05228,Ghatkopar,2025-02-01,15,0,0,0,0,0,0,0,0,0,0.0,0.067848,0,0.0,0,253,0,3,0.98,0.0468,GREEN,42,Mumbai
CLM0021305,MUM_05439,Dadar,2019-12-21,11,0,0,0,0,0,0,0,0,0,0.0,0.175182,0,0.0,1,420,3,3,0.7976,0.0591,GREEN,22,Mumbai
CLM0021306,MUM_06212,Powai,2023-03-03,21,0,0,0,1,0,0,0,0,0,0.0,0.37647,0,0.0,0,296,4,1,0.5148,0.1452,GREEN,45,Mumbai
CLM0021307,MUM_07837,Thane,2022-05-26,11,0,0,0,0,0,0,0,0,1,0.0,0.223788,0,0.0,0,246,1,2,0.4859,0.1549,GREEN,55,Mumbai
CLM0021308,MUM_06413,Powai,2018-08-14,16,0,0,0,0,0,0,0,0,0,0.0,0.0,0,0.0,0,295,2,4,0.9761,0.025,GREEN,46,Mumbai
CLM0021309,MUM_07265,Andheri,2019-02-17,21,0,0,0,0,0,0,0,0,0,0.0,0.097942,0,0.0,0,321,2,0,0.6224,0.0651,GREEN,41,Mumbai
CLM0021310,MUM_08092,Chembur,2016-12-12,15,0,0,0,0,0,0,0,0,0,0.0,0.0,0,0.0,0,337,4,3,0.8127,0.0,GREEN,62,Mumbai
CLM0021311,MUM_04363,Vashi,2024-02-26,10,0,0,0,0,1,0,0,0,0,1.0,0.280579,0,0.0,0,191,0,5,0.3212,0.1115,GREEN,41,Mumbai
CLM0021312,MUM_09865,Lower Parel,2020-03-14,15,0,0,0,0,0,0,1,0,0,0.0,0.226252,0,0.0,0,384,0,2,0.8674,0.0827,GREEN,59,Mumbai
CLM0021313,MUM_01316,Lower Parel,2020-11-08,8,0,0,0,0,0,1,0,0,0,0.0,0.075113,0,0.0,0,35,4,5,0.1698,0.0645,GREEN,38,Mumbai
CLM0021314,MUM_04912,Powai,2020-06-27,19,0,0,0,0,0,0,0,1,0,1.0,0.066882,0,0.0,0,224,4,3,0.0955,0.1216,GREEN,18,Mumbai
CLM0021315,MUM_03129,Bandra,2024-01-14,20,0,0,0,0,0,0,0,0,0,0.0,0.030111,0,0.0,0,237,1,0,0.1525,0.2309,GREEN,33,Mumbai
CLM0021316,MUM_08155,Dadar,2024-03-27,8,0,0,0,0,0,0,0,0,0,0.0,0.242911,0,0.0,0,420,2,1,0.9345,0.0,GREEN,51,Mumbai
CLM0021317,MUM_09922,Thane,2021-02-21,8,0,0,0,0,0,0,0,0,0,0.0,1.0,0,0.0,0,420,1,5,0.6785,0.0524,GREEN,34,Mumbai
CLM0021318,MUM_01109,Lower Parel,2022-08-12,19,0,0,0,0,0,0,0,0,0,0.0,0.204258,0,0.0,0,326,4,0,0.86,0.0,GREEN,42,Mumbai
CLM0021319,MUM_07289,Lower Parel,2022-09-28,19,0,0,0,0,0,0,0,0,0,0.0,0.333475,0,0.0,0,373,2,2,0.1259,0.0865,GREEN,53,Mumbai
CLM0021320,MUM_00891,Powai,2021-03-21,8,0,0,0,0,0,0,1,0,0,0.0,0.151496,0,0.0,0,400,0,3,0.8185,0.0641,GREEN,19,Mumbai
CLM0021321,MUM_09175,Bandra,2022-05-30,19,0,0,0,0,0,0,0,0,0,0.0,0.200565,0,0.0,0,306,0,3,0.7037,0.0,GREEN,48,Mumbai
CLM0021322,MUM_01763,Ghatkopar,2021-09-25,12,0,0,0,0,0,0,0,0,0,0.0,0.151237,0,0.0,0,406,4,3,0.7472,0.0878,GREEN,61,Mumbai
CLM0021323,MUM_03840,Ghatkopar,2024-10-26,10,0,0,0,0,1,0,0,1,0,1.0,0.087281,0,0.0,0,177,4,2,0.7851,0.2684,GREEN,67,Mumbai
CLM0021324,MUM_06781,Chembur,2025-01-09,15,0,0,0,0,1,0,0,0,0,1.0,0.256401,0,0.0,0,208,0,4,0.765,0.1476,GREEN,43,Mumbai
CLM0021325,MUM_05862,Andheri,2024-11-15,18,0,1,1,0,0,0,0,0,0,0.0,0.477546,0,0.0,1,124,4,3,0.204,0.0341,GREEN,55,Mumbai
CLM0021326,MUM_09426,Chembur,2023-04-12,20,0,0,0,0,0,0,0,1,0,0.0,0.0,0,0.0,0,420,1,0,0.765,0.1608,GREEN,49,Mumbai
CLM0021327,MUM_05219,Lower Parel,2022-11-07,10,0,0,0,0,0,1,0,0,0,0.0,0.272916,0,0.0,0,109,0,2,0.6237,0.1137,GREEN,44,Mumbai
CLM0021328,MUM_05826,Thane,2023-04-11,7,0,0,0,0,0,0,0,0,0,0.0,0.392633,0,0.0,0,420,0,3,0.8346,0.0,GREEN,33,Mumbai
CLM0021329,MUM_02178,Thane,2025-08-30,7,0,0,0,0,0,0,0,0,0,0.0,0.259,0,0.0,0,179,1,0,0.9236,0.0558,GREEN,36,Mumbai
CLM0021330,MUM_01073,Vashi,2025-08-25,13,0,0,0,0,0,0,0,0,0,0.0,0.180609,0,0.0,0,292,0,1,0.323,0.0,GREEN,58,Mumbai
CLM0021331,MUM_06541,Thane,2023-05-30,16,0,1,1,1,0,0,1,0,0,0.0,0.032316,0,0.0,0,285,4,6,0.9688,0.221,GREEN,59,Mumbai
CLM0021332,MUM_03339,Chembur,2023-05-06,7,0,0,0,0,0,0,0,0,0,0.0,1.0,0,0.0,0,149,4,0,0.7579,0.0,GREEN,35,Mumbai
CLM0021333,MUM_03700,Vashi,2022-09-29,7,0,0,0,0,0,0,0,0,0,0.0,0.038594,0,0.0,0,408,4,2,0.5143,0.0689,GREEN,35,Mumbai
CLM0021334,MUM_07717,Chembur,2025-03-08,15,0,0,0,0,0,0,0,0,0,0.0,0.107502,0,0.0,0,420,3,7,0.7418,0.0,GREEN,30,Mumbai
CLM0021335,MUM_02762,Thane,2025-01-26,16,0,0,0,0,1,0,0,0,0,0.0,0.044478,0,0.0,0,420,0,8,0.774,0.2982,GREEN,59,Mumbai
CLM0021336,MUM_00804,Dadar,2023-04-22,9,0,0,0,0,0,0,0,0,0,1.0,0.202231,0,0.0,0,396,3,2,0.4596,0.0632,GREEN,45,Mumbai
CLM0021337,MUM_03009,Chembur,2025-07-23,7,0,1,1,1,0,1,1,1,1,0.0,1.0,0,0.0,1,18,0,18,0.05,0.0,GREEN,31,Mumbai
CLM0021338,MUM_08400,Andheri,2024-10-12,14,0,0,0,1,0,1,1,1,0,0.0,0.0,0,0.0,1,30,0,18,0.9582,0.0,GREEN,51,Mumbai
CLM0021339,MUM_04447,Bandra,2018-04-26,11,0,0,0,0,1,0,1,0,1,0.0,0.183933,0,1.0,1,5,0,18,0.98,0.0227,GREEN,40,Mumbai
CLM0021340,MUM_01678,Vashi,2019-05-26,12,0,0,0,0,0,0,0,0,0,0.0,0.366312,0,0.0,0,286,3,2,0.874,0.0,GREEN,38,Mumbai
CLM0021341,MUM_01818,Ghatkopar,2023-05-29,14,0,0,0,1,0,0,0,0,0,1.0,0.277076,0,0.0,0,215,0,5,0.7674,0.3626,YELLOW,29,Mumbai
CLM0021342,MUM_09965,Borivali,2019-01-08,7,0,0,0,0,0,0,0,0,0,0.0,0.269615,0,0.0,1,223,2,2,0.3273,0.0749,GREEN,33,Mumbai
CLM0021343,MUM_08785,Ghatkopar,2024-09-09,8,0,0,0,0,0,0,0,0,0,0.0,0.010696,0,0.0,0,420,4,1,0.9129,0.0902,GREEN,37,Mumbai
CLM0021344,MUM_06726,Thane,2017-06-12,13,0,0,0,0,0,0,0,0,0,0.0,0.142125,0,0.0,0,202,3,5,0.98,0.0,GREEN,40,Mumbai
CLM0021345,MUM_01141,Vashi,2019-07-26,20,1,0,0,0,0,0,1,1,0,0.0,0.268389,0,0.0,0,319,4,0,0.6686,0.2363,GREEN,48,Mumbai
CLM0021346,MUM_01122,Dadar,2021-05-11,21,0,0,0,0,0,0,0,0,0,0.0,0.248449,0,0.0,0,420,3,0,0.8379,0.0,GREEN,40,Mumbai
CLM0021347,MUM_03867,Vashi,2017-09-25,18,0,0,0,0,0,0,0,0,0,0.0,0.162032,0,0.0,0,389,3,1,0.98,0.0,GREEN,38,Mumbai
CLM0021348,MUM_05922,Lower Parel,2024-07-05,7,0,0,0,0,0,0,0,0,0,0.0,0.186149,0,0.0,0,315,2,6,0.5573,0.0,GREEN,40,Mumbai
CLM0021349,MUM_03980,Vashi,2023-02-14,9,0,1,1,0,0,0,0,1,0,0.0,0.155973,0,1.0,0,86,1,6,0.7023,0.1507,GREEN,38,Mumbai
CLM0021350,MUM_02203,Bandra,2022-10-13,15,0,0,0,0,0,0,0,0,0,0.0,0.226155,0,0.0,0,156,4,2,0.98,0.0054,GREEN,50,Mumbai
CLM0021351,MUM_09200,Andheri,2022-12-20,13,0,0,0,0,0,0,1,0,0,0.0,0.110124,1,0.0,0,369,0,1,0.8939,0.196,GREEN,37,Mumbai
CLM0021352,MUM_06481,Chembur,2025-04-26,20,0,0,0,0,0,0,0,0,0,0.0,0.133057,0,0.0,0,299,4,0,0.9521,0.0,GREEN,47,Mumbai
CLM0021353,MUM_07158,Borivali,2020-11-19,11,0,1,1,1,1,0,1,1,0,1.0,0.562776,1,1.0,1,22,2,18,0.05,0.0,GREEN,46,Mumbai
CLM0021354,MUM_02771,Powai,2022-07-03,8,0,0,0,0,0,0,0,0,0,0.0,0.443655,0,0.0,0,220,3,0,0.05,0.0,GREEN,39,Mumbai
CLM0021355,MUM_07235,Thane,2024-08-06,17,0,0,0,0,0,0,0,0,0,0.0,0.383357,0,0.0,0,107,0,3,0.8782,0.0509,GREEN,47,Mumbai
CLM0021356,MUM_00875,Vashi,2023-12-24,7,0,0,0,0,0,0,0,0,0,0.0,0.0,0,1.0,0,376,1,2,0.98,0.0016,GREEN,59,Mumbai
CLM0021357,MUM_06796,Dadar,2023-11-28,14,0,0,0,0,0,0,0,0,1,0.0,1.0,0,0.0,0,388,1,3,0.5421,0.0099,GREEN,39,Mumbai
CLM0021358,MUM_04388,Thane,2021-10-17,12,0,0,0,0,0,0,0,0,0,0.0,0.109857,0,0.0,0,420,0,7,0.806,0.0076,GREEN,44,Mumbai
CLM0021359,MUM_00990,Ghatkopar,2020-03-13,21,0,0,0,0,0,0,0,0,0,0.0,0.017877,0,0.0,0,420,1,5,0.5093,0.0,GREEN,47,Mumbai
CLM0021360,MUM_06994,Dadar,2022-02-11,21,0,0,0,0,0,0,0,1,0,0.0,0.242135,0,1.0,0,413,3,1,0.5533,0.0748,GREEN,37,Mumbai
CLM0021361,MUM_05292,Ghatkopar,2025-03-13,15,0,0,0,0,0,0,0,0,0,0.0,0.087815,0,1.0,0,356,3,1,0.8642,0.0085,GREEN,44,Mumbai
CLM0021362,MUM_01899,Andheri,2025-08-09,10,0,0,0,0,0,0,0,0,0,1.0,0.346626,0,0.0,0,345,4,2,0.9449,0.1288,GREEN,49,Mumbai
CLM0021363,MUM_06441,Thane,2015-10-06,12,0,0,0,0,0,0,0,0,0,0.0,0.077208,0,0.0,0,420,1,1,0.4894,0.0418,GREEN,49,Mumbai
CLM0021364,MUM_05540,Lower Parel,2021-05-18,18,0,0,0,0,1,0,0,0,0,1.0,1.0,0,0.0,1,90,4,0,0.8359,0.3279,YELLOW,42,Mumbai
CLM0021365,MUM_01397,Chembur,2022-10-13,8,0,0,0,0,0,0,0,0,1,0.0,0.29348,0,0.0,0,153,3,0,0.7111,0.0754,GREEN,49,Mumbai
CLM0021366,MUM_03911,Vashi,2022-03-06,11,0,0,0,0,0,0,0,0,0,0.0,0.940681,0,0.0,0,68,2,6,0.8608,0.0419,GREEN,47,Mumbai
CLM0021367,MUM_04592,Chembur,2023-04-18,19,0,0,0,0,0,0,1,1,0,1.0,0.459484,0,0.0,0,420,4,2,0.7913,0.3429,YELLOW,48,Mumbai
CLM0021368,MUM_02666,Vashi,2025-12-19,21,0,0,0,0,0,0,0,0,0,0.0,0.299037,0,0.0,0,420,1,2,0.6311,0.0,GREEN,43,Mumbai
CLM0021369,MUM_02207,Borivali,2022-03-16,9,0,0,0,0,0,0,0,0,0,0.0,0.0,0,0.0,0,308,3,1,0.2428,0.0912,GREEN,34,Mumbai
CLM0021370,MUM_06754,Chembur,2022-11-25,11,0,0,0,0,0,0,0,0,0,0.0,0.248891,0,0.0,0,228,0,2,0.6883,0.0617,GREEN,30,Mumbai
CLM0021371,MUM_02483,Vashi,2022-09-03,12,0,0,0,0,0,0,0,0,0,0.0,0.307903,0,0.0,0,393,3,2,0.8697,0.0376,GREEN,44,Mumbai
CLM0021372,MUM_02544,Borivali,2017-01-08,20,0,0,0,0,0,0,0,0,0,0.0,0.264747,0,0.0,0,177,0,2,0.8749,0.0,GREEN,34,Mumbai
CLM0021373,MUM_04099,Andheri,2024-07-21,9,0,0,0,0,0,1,0,0,0,1.0,0.124437,0,0.0,0,206,0,3,0.7649,0.1251,GREEN,58,Mumbai
CLM0021374,MUM_05491,Bandra,2024-12-04,13,0,0,0,0,1,0,0,0,0,0.0,0.344061,1,0.0,0,199,4,1,0.7589,0.0129,GREEN,21,Mumbai
CLM0021375,MUM_05149,Thane,2024-01-09,12,0,0,0,0,0,0,0,0,0,0.0,0.068998,0,0.0,0,132,4,5,0.8466,0.0,GREEN,28,Mumbai
CLM0021376,MUM_07599,Vashi,2025-11-02,21,0,0,0,0,0,0,0,0,0,1.0,0.064002,0,0.0,0,417,3,2,0.4933,0.0343,GREEN,43,Mumbai
CLM0021377,MUM_05186,Chembur,2025-02-04,9,0,0,0,0,0,0,0,1,0,0.0,0.215338,0,0.0,0,139,3,1,0.6516,0.1191,GREEN,49,Mumbai
CLM0021378,MUM_09037,Ghatkopar,2024-07-03,7,0,0,0,0,0,0,0,0,0,0.0,1.0,0,0.0,0,104,2,1,0.6035,0.0,GREEN,24,Mumbai
CLM0021379,MUM_03551,Powai,2024-02-26,7,0,1,1,0,0,0,0,0,0,0.0,0.062798,0,0.0,0,258,3,0,0.9112,0.1339,GREEN,54,Mumbai
CLM0021380,MUM_03907,Ghatkopar,2025-03-28,10,0,0,0,0,0,0,0,0,0,0.0,0.265703,0,0.0,0,76,3,0,0.98,0.0062,GREEN,33,Mumbai
CLM0021381,MUM_09466,Borivali,2025-05-17,10,0,0,0,0,0,0,0,0,0,0.0,0.144109,0,0.0,0,26,1,1,0.3851,0.0,GREEN,33,Mumbai
CLM0021382,MUM_03634,Lower Parel,2025-10-06,17,0,0,0,1,0,0,0,1,0,0.0,0.112908,0,0.0,0,339,3,2,0.7302,0.2017,GREEN,35,Mumbai
CLM0021383,MUM_04831,Lower Parel,2025-04-02,17,0,0,0,0,0,0,0,0,0,0.0,0.0,0,0.0,0,420,4,4,0.6826,0.0,GREEN,36,Mumbai
CLM0021384,MUM_02822,Powai,2025-05-24,21,0,0,0,0,1,0,0,0,0,0.0,0.16485,0,0.0,0,145,4,0,0.7391,0.2161,GREEN,58,Mumbai
CLM0021385,MUM_01223,Powai,2025-04-28,13,0,0,0,0,0,0,0,0,0,0.0,0.196082,0,0.0,0,213,2,3,0.6542,0.0,GREEN,46,Mumbai
CLM0021386,MUM_02215,Dadar,2025-11-01,14,0,0,0,0,0,0,0,0,0,0.0,0.261134,0,0.0,0,62,0,0,0.7382,0.0769,GREEN,36,Mumbai
CLM0021387,MUM_01535,Lower Parel,2025-06-27,19,0,0,0,0,0,0,0,0,0,0.0,0.0636,0,0.0,0,120,4,2,0.0926,0.031,GREEN,35,Mumbai
CLM0021388,MUM_02432,Lower Parel,2025-09-11,12,0,0,0,0,0,0,0,0,0,0.0,0.347188,0,0.0,0,394,0,3,0.1141,0.1023,GREEN,44,Mumbai
CLM0021389,MUM_04692,Vashi,2024-11-02,7,0,0,0,0,0,0,0,0,0,0.0,0.293928,0,0.0,0,420,4,2,0.4077,0.0,GREEN,60,Mumbai
CLM0021390,MUM_02368,Vashi,2025-07-28,8,0,0,0,0,0,0,0,0,0,0.0,0.329552,0,0.0,0,420,2,4,0.6986,0.0028,GREEN,41,Mumbai
CLM0021391,MUM_05203,Borivali,2025-08-09,13,0,0,0,0,0,0,0,0,0,0.0,0.225774,0,0.0,0,10,4,2,0.4914,0.0676,GREEN,58,Mumbai
CLM0021392,MUM_08405,Powai,2025-06-11,19,0,1,1,0,0,1,0,0,0,0.0,0.093829,0,0.0,0,302,0,2,0.98,0.1385,GREEN,47,Mumbai
CLM0021393,MUM_08522,Andheri,2023-02-10,10,0,0,0,1,0,0,0,0,0,0.0,0.337808,0,0.0,0,340,1,1,0.5572,0.1195,GREEN,57,Mumbai
CLM0021394,MUM_06597,Thane,2024-11-22,15,0,0,0,0,0,0,0,0,0,0.0,0.108521,0,0.0,0,280,4,0,0.1256,0.0,GREEN,27,Mumbai
CLM0021395,MUM_00697,Lower Parel,2024-09-13,11,0,0,0,0,0,0,0,0,0,1.0,0.138601,0,0.0,0,409,2,4,0.1932,0.0,GREEN,35,Mumbai
CLM0021396,MUM_03439,Powai,2025-11-28,19,0,0,0,0,0,0,0,0,0,0.0,0.155894,0,1.0,0,196,2,0,0.744,0.0235,GREEN,38,Mumbai
CLM0021397,MUM_02096,Bandra,2022-09-21,13,0,0,0,0,0,0,0,0,0,0.0,0.229475,0,0.0,0,246,0,3,0.9092,0.0,GREEN,59,Mumbai
CLM0021398,MUM_05087,Ghatkopar,2022-10-02,14,0,0,0,0,0,0,0,0,0,0.0,0.251067,0,1.0,0,394,1,5,0.7904,0.0,GREEN,35,Mumbai
CLM0021399,MUM_02197,Lower Parel,2024-04-22,13,0,0,0,0,0,0,0,0,0,0.0,0.441754,0,0.0,0,373,0,3,0.7065,0.0943,GREEN,36,Mumbai
CLM0021400,MUM_00359,Lower Parel,2023-04-27,18,0,0,0,0,0,0,0,0,0,0.0,0.164366,0,0.0,1,137,0,4,0.6558,0.109,GREEN,52,Mumbai
CLM0021401,MUM_07758,Ghatkopar,2023-07-13,13,0,0,0,0,0,0,0,0,0,0.0,0.060982,0,0.0,0,383,4,7,0.7718,0.0,GREEN,48,Mumbai
CLM0021402,MUM_02940,Chembur,2023-02-06,12,0,0,0,0,0,0,0,0,0,0.0,0.361271,0,0.0,0,420,4,5,0.6084,0.0194,GREEN,62,Mumbai
CLM0021403,MUM_01245,Vashi,2025-03-17,8,0,0,0,0,0,0,0,0,0,0.0,0.166508,1,0.0,0,26,4,5,0.6513,0.023,GREEN,27,Mumbai
CLM0021404,MUM_01292,Lower Parel,2024-07-20,12,0,0,0,0,0,0,0,0,0,0.0,0.076323,0,0.0,0,110,3,5,0.923,0.0,GREEN,56,Mumbai
CLM0021405,MUM_03762,Chembur,2024-04-19,17,0,0,0,0,0,0,0,0,0,0.0,0.4714,0,0.0,0,54,2,5,0.6826,0.0372,GREEN,30,Mumbai
CLM0021406,MUM_01871,Ghatkopar,2024-05-20,17,0,0,0,0,0,0,0,0,0,0.0,0.428212,0,0.0,0,202,4,4,0.9418,0.1123,GREEN,39,Mumbai
CLM0021407,MUM_04185,Ghatkopar,2024-01-30,13,0,0,0,0,0,0,0,0,0,0.0,0.216076,0,0.0,0,372,0,0,0.7964,0.0,GREEN,52,Mumbai
CLM0021408,MUM_09217,Lower Parel,2025-12-27,8,0,1,1,0,0,0,0,0,0,0.0,0.033223,0,0.0,0,420,0,2,0.667,0.0311,GREEN,36,Mumbai
CLM0021409,MUM_05444,Bandra,2024-09-03,15,0,0,0,0,0,0,0,0,0,0.0,0.152784,0,0.0,0,5,3,7,0.7795,0.1004,GREEN,47,Mumbai
CLM0021410,MUM_04640,Dadar,2021-10-23,9,0,0,0,0,0,0,0,0,0,0.0,1.0,0,0.0,0,173,2,5,0.98,0.0065,GREEN,19,Mumbai
CLM0021411,MUM_05944,Vashi,2022-09-02,21,0,0,0,0,0,0,0,0,0,0.0,0.371431,0,0.0,0,60,2,0,0.9064,0.0,GREEN,18,Mumbai
CLM0021412,MUM_01506,Borivali,2025-04-17,15,0,0,0,0,0,0,0,0,0,0.0,0.02191,0,0.0,0,303,1,0,0.7669,0.0,GREEN,37,Mumbai
CLM0021413,MUM_08885,Chembur,2021-10-22,9,0,0,0,0,0,0,0,1,0,0.0,0.334917,1,0.0,0,358,3,0,0.9297,0.1284,GREEN,49,Mumbai
CLM0021414,MUM_04017,Andheri,2017-09-27,10,0,0,0,0,0,0,0,0,0,0.0,0.314943,0,0.0,0,246,4,5,0.6473,0.0,GREEN,50,Mumbai
CLM0021415,MUM_03238,Powai,2018-09-28,15,0,0,0,0,0,0,0,1,0,0.0,1.0,0,0.0,0,17,3,3,0.5865,0.1699,GREEN,33,Mumbai
CLM0021416,MUM_04632,Andheri,2021-06-23,8,0,0,0,0,0,0,0,0,0,0.0,0.003132,0,0.0,0,204,3,5,0.6924,0.0939,GREEN,42,Mumbai
CLM0021417,MUM_07621,Ghatkopar,2020-09-01,18,0,0,0,0,0,0,0,1,0,1.0,0.045836,0,0.0,0,67,3,0,0.8247,0.1189,GREEN,38,Mumbai
CLM0021418,MUM_01641,Lower Parel,2017-08-22,12,0,0,0,0,0,0,0,0,0,1.0,0.316856,0,0.0,0,330,1,0,0.7221,0.0335,GREEN,26,Mumbai
CLM0021419,MUM_01197,Borivali,2019-09-13,20,0,0,0,0,0,0,0,0,0,0.0,0.214234,0,0.0,0,420,2,3,0.9273,0.0,GREEN,37,Mumbai
CLM0021420,MUM_07827,Borivali,2020-05-27,20,0,0,0,0,0,0,0,0,0,1.0,0.914417,0,1.0,0,216,1,2,0.5632,0.0,GREEN,39,Mumbai
CLM0021421,MUM_09969,Thane,2019-03-13,10,0,0,0,0,0,0,1,0,0,0.0,0.026598,0,1.0,0,387,4,0,0.6167,0.1177,GREEN,32,Mumbai
CLM0021422,MUM_04058,Ghatkopar,2025-05-03,18,0,0,0,0,0,0,0,0,0,0.0,0.322229,0,0.0,0,348,4,3,0.8471,0.0276,GREEN,31,Mumbai
CLM0021423,MUM_04305,Borivali,2024-03-15,14,0,0,0,0,1,0,0,0,0,0.0,0.090434,0,0.0,0,420,2,5,0.7015,0.084,GREEN,38,Mumbai
CLM0021424,MUM_08863,Thane,2023-07-10,19,0,0,0,0,0,0,0,0,0,0.0,0.435463,0,0.0,0,420,3,4,0.6961,0.0407,GREEN,38,Mumbai
CLM0021425,MUM_05100,Andheri,2022-08-05,15,0,0,0,0,0,0,0,0,0,0.0,0.220383,0,1.0,0,271,3,4,0.8655,0.0,GREEN,48,Mumbai
CLM0021426,MUM_00945,Andheri,2022-12-17,12,0,0,0,0,0,0,0,0,0,0.0,0.296913,0,0.0,0,420,0,0,0.4038,0.0,GREEN,54,Mumbai
CLM0021427,MUM_02533,Thane,2025-03-20,8,0,0,0,0,0,0,0,1,0,0.0,0.301167,0,0.0,1,36,0,2,0.7769,0.1817,GREEN,60,Mumbai
CLM0021428,MUM_00870,Vashi,2024-03-12,8,0,0,0,0,0,0,0,0,0,1.0,0.289726,0,0.0,1,20,1,3,0.8794,0.2193,GREEN,39,Mumbai
CLM0021429,MUM_07058,Chembur,2024-09-06,7,0,0,0,0,0,0,1,0,0,0.0,0.970776,0,0.0,0,267,3,6,0.8732,0.118,GREEN,33,Mumbai
CLM0021430,MUM_08276,Lower Parel,2025-04-27,11,0,0,0,0,0,0,0,0,0,1.0,0.215458,0,0.0,0,243,2,5,0.7795,0.0,GREEN,42,Mumbai
CLM0021431,MUM_01323,Powai,2023-10-20,9,0,0,0,0,0,1,1,0,0,0.0,0.472076,0,0.0,0,246,4,3,0.3898,0.1509,GREEN,40,Mumbai
CLM0021432,MUM_03668,Powai,2025-10-07,7,0,0,0,0,0,0,0,0,0,0.0,0.037174,0,0.0,0,420,0,0,0.5669,0.0611,GREEN,58,Mumbai
CLM0021433,MUM_07669,Chembur,2025-01-08,20,0,0,0,0,0,0,0,0,0,0.0,0.264417,0,0.0,0,420,1,1,0.8145,0.0,GREEN,64,Mumbai
CLM0021434,MUM_03652,Chembur,2023-01-22,20,0,0,0,0,0,0,0,0,0,0.0,0.317593,1,0.0,0,420,2,0,0.98,0.0667,GREEN,31,Mumbai
CLM0021435,MUM_01949,Bandra,2024-04-25,9,0,0,0,0,0,0,0,0,0,0.0,0.283616,0,1.0,0,369,1,2,0.5871,0.0399,GREEN,42,Mumbai
CLM0021436,MUM_05346,Borivali,2023-05-12,11,0,0,0,0,0,0,0,0,0,0.0,0.076434,0,0.0,0,198,2,4,0.0713,0.2093,GREEN,19,Mumbai
CLM0021437,MUM_09358,Ghatkopar,2025-09-14,12,0,0,0,0,0,0,0,0,0,0.0,1.0,0,0.0,0,420,1,5,0.7016,0.0,GREEN,20,Mumbai
CLM0021438,MUM_07814,Borivali,2016-12-29,21,0,0,0,0,0,0,0,0,0,0.0,0.347412,0,0.0,0,285,1,0,0.9067,0.0,GREEN,43,Mumbai
CLM0021439,MUM_09030,Powai,2022-10-14,20,0,0,0,0,0,0,0,0,0,0.0,0.998777,0,0.0,0,57,4,0,0.5293,0.1072,GREEN,55,Mumbai
CLM0021440,MUM_06063,Andheri,2015-07-09,19,0,0,0,0,0,0,0,0,0,0.0,0.319127,0,0.0,0,417,1,0,0.4844,0.0116,GREEN,18,Mumbai
CLM0021441,MUM_06653,Thane,2019-10-13,15,0,0,0,0,1,0,0,0,0,0.0,0.098558,0,0.0,0,259,1,3,0.1136,0.1157,GREEN,30,Mumbai
CLM0021442,MUM_00020,Dadar,2023-01-09,19,0,0,0,0,0,0,0,0,0,0.0,0.073099,0,0.0,0,95,4,3,0.8792,0.0,GREEN,45,Mumbai
CLM0021443,MUM_08854,Ghatkopar,2018-09-04,16,0,0,0,0,0,0,0,0,0,0.0,0.284323,0,0.0,0,277,4,0,0.8032,0.0833,GREEN,55,Mumbai
CLM0021444,MUM_05521,Lower Parel,2022-11-15,8,0,0,0,0,1,0,0,0,0,1.0,0.270907,0,0.0,1,161,4,3,0.05,0.2701,GREEN,25,Mumbai
CLM0021445,MUM_07534,Ghatkopar,2023-12-18,8,0,0,0,0,0,0,0,0,1,1.0,0.980257,0,1.0,0,104,3,5,0.5614,0.136,GREEN,45,Mumbai
CLM0021446,MUM_06346,Dadar,2025-06-28,10,0,0,0,0,0,0,0,0,0,0.0,0.11323,0,0.0,0,186,4,0,0.8334,0.0066,GREEN,57,Mumbai
CLM0021447,MUM_04281,Dadar,2018-04-18,9,0,0,0,0,0,0,0,0,0,0.0,0.45298,0,0.0,0,205,1,4,0.9389,0.0,GREEN,46,Mumbai
CLM0021448,MUM_08583,Powai,2018-09-20,14,0,0,0,0,0,0,0,0,0,0.0,0.222671,0,0.0,0,240,0,0,0.6889,0.0078,GREEN,31,Mumbai
CLM0021449,MUM_00980,Thane,2018-07-12,14,0,0,0,0,0,0,0,1,0,0.0,1.0,0,0.0,0,258,1,0,0.742,0.0763,GREEN,35,Mumbai
CLM0021450,MUM_03579,Thane,2024-12-12,13,0,0,0,0,0,0,0,1,1,0.0,0.139982,0,0.0,0,118,3,3,0.7464,0.2627,GREEN,52,Mumbai
CLM0021451,MUM_07444,Borivali,2020-11-04,20,0,0,0,1,0,0,1,1,1,1.0,0.204363,0,1.0,1,5,3,18,0.0787,0.0,GREEN,28,Mumbai
CLM0021452,MUM_08068,Powai,2020-07-29,20,0,0,0,0,0,0,0,0,0,0.0,0.065593,0,0.0,0,286,2,0,0.4462,0.0059,GREEN,22,Mumbai
CLM0021453,MUM_05658,Chembur,2024-07-15,14,0,0,0,0,0,0,0,0,0,0.0,0.079687,0,0.0,0,356,0,3,0.798,0.016,GREEN,46,Mumbai
CLM0021454,MUM_08664,Dadar,2019-05-20,7,0,0,0,0,0,0,0,0,0,0.0,0.0,0,0.0,0,157,4,3,0.6654,0.0,GREEN,39,Mumbai
CLM0021455,MUM_00925,Borivali,2022-03-31,19,0,0,0,0,0,1,0,0,0,0.0,0.0,0,0.0,0,360,3,4,0.9235,0.0654,GREEN,39,Mumbai
CLM0021456,MUM_08564,Andheri,2022-06-03,19,0,0,0,0,0,0,0,0,0,0.0,0.169428,0,0.0,0,407,4,1,0.545,0.0,GREEN,54,Mumbai
CLM0021457,MUM_04171,Bandra,2023-03-02,20,0,0,0,0,0,0,0,1,0,0.0,0.193275,0,0.0,0,102,4,0,0.935,0.103,GREEN,38,Mumbai
CLM0021458,MUM_05220,Vashi,2025-02-20,15,0,0,0,0,0,0,0,0,0,0.0,0.088191,1,0.0,0,290,0,4,0.6989,0.0541,GREEN,34,Mumbai
CLM0021459,MUM_06060,Andheri,2024-02-11,8,0,0,0,1,1,0,1,0,1,0.0,1.0,0,1.0,1,5,1,18,0.5512,0.1248,GREEN,42,Mumbai
CLM0021460,MUM_05805,Chembur,2022-10-09,13,0,0,0,1,0,1,1,1,1,0.0,0.063879,0,0.0,1,5,2,9,0.9407,0.0687,GREEN,38,Mumbai
CLM0021461,MUM_00339,Bandra,2025-07-03,17,0,0,0,0,1,0,0,0,0,0.0,0.18382,0,1.0,0,67,4,0,0.05,0.1081,GREEN,44,Mumbai
CLM0021462,MUM_04730,Dadar,2022-03-30,17,0,0,0,0,0,0,0,0,0,0.0,0.257847,0,0.0,0,221,0,6,0.7347,0.0484,GREEN,36,Mumbai
CLM0021463,MUM_02526,Ghatkopar,2025-11-17,8,0,0,0,1,1,1,1,1,0,1.0,0.510791,0,1.0,0,5,3,18,0.0757,0.2209,GREEN,56,Mumbai
CLM0021464,MUM_04939,Vashi,2022-01-15,15,0,0,0,0,0,0,0,0,0,0.0,0.299605,1,0.0,0,154,0,1,0.6012,0.0776,GREEN,53,Mumbai
CLM0021465,MUM_05937,Bandra,2023-10-15,9,0,1,1,0,0,0,0,0,0,0.0,0.910246,0,0.0,0,269,3,3,0.5762,0.0,GREEN,45,Mumbai
CLM0021466,MUM_09876,Chembur,2024-06-20,13,0,0,0,0,0,0,0,0,0,0.0,1.0,0,1.0,0,224,2,0,0.6251,0.0156,GREEN,52,Mumbai
CLM0021467,MUM_06484,Bandra,2025-04-16,20,0,0,0,0,0,0,0,0,0,0.0,0.381231,0,0.0,0,420,3,7,0.7014,0.0,GREEN,33,Mumbai
CLM0021468,MUM_06451,Dadar,2023-08-01,13,0,0,0,0,0,1,1,1,1,1.0,1.0,0,0.0,1,11,4,18,0.1234,0.0908,GREEN,60,Mumbai
CLM0021469,MUM_08286,Andheri,2023-12-04,7,0,0,0,0,0,0,0,0,0,0.0,0.1926,0,0.0,1,355,4,1,0.5205,0.0477,GREEN,32,Mumbai
CLM0021470,MUM_03163,Ghatkopar,2024-05-31,7,0,0,0,0,0,0,0,0,0,0.0,0.311917,0,0.0,1,390,1,0,0.5974,0.1073,GREEN,33,Mumbai
CLM0021471,MUM_06173,Borivali,2024-08-20,13,0,0,0,0,0,0,0,0,0,0.0,0.266197,0,0.0,0,287,1,3,0.98,0.0,GREEN,41,Mumbai
CLM0021472,MUM_03494,Dadar,2025-05-24,14,0,0,0,0,0,0,1,0,0,0.0,0.421867,0,0.0,0,325,4,0,0.6334,0.0,GREEN,29,Mumbai
CLM0021473,MUM_07958,Vashi,2023-12-05,18,0,0,0,0,0,0,0,0,0,0.0,0.094637,0,0.0,0,22,3,4,0.774,0.0,GREEN,42,Mumbai
CLM0021474,MUM_08801,Ghatkopar,2024-01-19,7,0,0,0,0,0,0,0,0,0,0.0,0.164815,0,0.0,0,352,2,0,0.05,0.0466,GREEN,41,Mumbai
CLM0021475,MUM_03319,Thane,2024-02-06,11,0,0,0,0,0,0,0,0,0,0.0,0.331145,0,0.0,0,250,2,0,0.98,0.0084,GREEN,40,Mumbai
CLM0021476,MUM_02001,Bandra,2024-03-26,13,0,0,0,0,0,0,0,0,0,0.0,0.321931,0,0.0,0,420,4,2,0.6053,0.1208,GREEN,33,Mumbai
CLM0021477,MUM_06459,Dadar,2023-12-24,9,0,0,0,1,0,0,0,1,0,0.0,0.0,0,0.0,0,413,1,3,0.187,0.2096,GREEN,34,Mumbai
CLM0021478,MUM_08209,Powai,2024-02-19,18,0,0,0,0,0,0,0,0,0,0.0,0.10611,0,0.0,0,172,0,3,0.681,0.0425,GREEN,35,Mumbai
CLM0021479,MUM_06076,Thane,2016-08-27,14,0,0,0,0,0,0,0,0,1,1.0,0.25712,0,0.0,0,28,2,1,0.8627,0.2074,GREEN,30,Mumbai
CLM0021480,MUM_00629,Vashi,2018-03-07,18,0,0,0,0,0,0,0,0,0,0.0,0.275853,0,0.0,0,314,4,1,0.0779,0.041,GREEN,43,Mumbai
CLM0021481,MUM_05395,Powai,2024-06-01,20,0,0,0,0,0,0,0,0,0,1.0,1.0,0,1.0,0,97,4,1,0.825,0.0527,GREEN,42,Mumbai
CLM0021482,MUM_00258,Ghatkopar,2022-02-28,19,0,0,0,0,0,0,0,0,0,0.0,0.13683,0,0.0,1,62,4,0,0.701,0.0,GREEN,46,Mumbai
CLM0021483,MUM_00806,Thane,2022-10-01,17,0,0,0,0,0,1,0,1,0,0.0,0.193542,0,0.0,0,365,2,2,0.7148,0.0874,GREEN,38,Mumbai
CLM0021484,MUM_05193,Andheri,2021-03-11,17,0,0,0,0,0,0,0,0,1,0.0,0.234436,0,0.0,0,420,3,4,0.98,0.2427,GREEN,43,Mumbai
CLM0021485,MUM_04717,Lower Parel,2024-01-18,16,0,0,0,0,0,0,0,0,0,0.0,0.135396,0,0.0,0,420,0,1,0.05,0.0327,GREEN,33,Mumbai
CLM0021486,MUM_07257,Borivali,2025-05-11,13,0,0,0,1,0,0,0,0,0,0.0,0.201945,0,0.0,0,133,1,0,0.8561,0.2638,GREEN,41,Mumbai
CLM0021487,MUM_04415,Borivali,2021-11-28,10,0,0,0,0,0,0,1,0,0,0.0,0.330676,0,0.0,0,383,0,7,0.98,0.0371,GREEN,18,Mumbai
CLM0021488,MUM_02500,Lower Parel,2022-10-01,13,0,0,0,0,0,0,0,0,0,0.0,0.07341,0,0.0,0,133,0,3,0.4605,0.0828,GREEN,47,Mumbai
CLM0021489,MUM_02923,Andheri,2025-02-21,20,0,0,0,0,0,0,1,0,0,0.0,0.342482,0,0.0,0,420,1,5,0.5435,0.0748,GREEN,39,Mumbai
CLM0021490,MUM_02696,Borivali,2023-09-18,14,0,0,0,0,1,0,1,0,1,0.0,1.0,1,1.0,1,5,4,15,0.7433,0.0,GREEN,42,Mumbai
CLM0021491,MUM_08876,Thane,2023-05-30,8,0,0,0,0,0,0,0,1,0,0.0,0.280079,1,0.0,0,271,3,2,0.98,0.2324,GREEN,55,Mumbai
CLM0021492,MUM_03551,Powai,2021-03-24,21,0,0,0,1,0,0,0,0,0,0.0,0.193358,0,0.0,0,370,0,2,0.98,0.1699,GREEN,54,Mumbai
CLM0021493,MUM_09440,Lower Parel,2024-05-12,15,0,1,1,0,0,0,0,0,0,0.0,0.116681,0,0.0,0,303,2,5,0.7146,0.0,GREEN,65,Mumbai
CLM0021494,MUM_09131,Borivali,2022-01-14,18,0,0,0,0,0,0,0,0,1,0.0,0.454435,0,0.0,0,192,4,0,0.98,0.0,GREEN,63,Mumbai
CLM0021495,MUM_06247,Ghatkopar,2024-01-02,9,0,0,0,0,0,0,1,1,0,0.0,0.085076,0,0.0,0,81,2,4,0.7292,0.1348,GREEN,55,Mumbai
CLM0021496,MUM_00577,Bandra,2021-05-05,19,0,0,0,0,1,0,0,1,0,0.0,0.276211,0,0.0,0,420,0,8,0.881,0.3275,YELLOW,35,Mumbai
CLM0021497,MUM_01169,Ghatkopar,2022-06-17,10,0,0,0,0,0,0,0,0,0,0.0,0.004118,0,0.0,0,216,4,3,0.8125,0.035,GREEN,39,Mumbai
CLM0021498,MUM_09749,Andheri,2024-06-25,9,0,0,0,0,0,0,1,0,0,0.0,0.340547,0,0.0,0,420,1,0,0.5282,0.0,GREEN,46,Mumbai
CLM0021499,MUM_01136,Andheri,2021-03-29,19,0,0,0,0,0,0,0,0,0,0.0,0.026999,0,0.0,0,73,3,4,0.7428,0.0,GREEN,42,Mumbai
CLM0021500,MUM_06286,Bandra,2025-03-26,10,0,0,0,0,0,0,0,0,0,0.0,0.232942,0,0.0,0,139,4,0,0.7909,0.0506,GREEN,47,Mumbai
CLM0021501,MUM_00274,Andheri,2024-12-14,9,0,0,0,0,0,0,0,0,0,0.0,0.011446,0,0.0,0,399,4,4,0.8649,0.0141,GREEN,26,Mumbai
CLM0021502,MUM_04184,Borivali,2022-09-16,12,0,0,0,0,0,0,0,0,0,0.0,0.0,0,0.0,0,5,1,3,0.9046,0.0168,GREEN,40,Mumbai
CLM0021503,MUM_09136,Dadar,2025-11-25,13,0,0,0,0,0,0,1,0,0,0.0,0.027863,0,0.0,0,151,3,1,0.6403,0.125,GREEN,23,Mumbai
CLM0021504,MUM_01564,Chembur,2023-06-15,19,0,0,0,0,1,1,1,1,1,1.0,0.9583,0,1.0,0,5,1,18,0.7349,0.0652,GREEN,52,Mumbai
CLM0021505,MUM_05667,Chembur,2024-01-06,19,0,0,0,0,0,0,0,0,0,0.0,0.068512,0,0.0,0,264,2,3,0.98,0.0,GREEN,50,Mumbai
CLM0021506,MUM_04761,Lower Parel,2019-10-20,21,0,0,0,0,0,0,0,0,1,0.0,0.0,0,0.0,0,332,1,3,0.8824,0.1489,GREEN,24,Mumbai
CLM0021507,MUM_02825,Lower Parel,2024-08-19,16,0,0,0,0,0,0,0,0,0,0.0,0.286365,0,0.0,0,420,2,4,0.7184,0.08,GREEN,49,Mumbai
CLM0021508,MUM_02272,Chembur,2023-04-24,16,0,0,0,0,1,0,0,0,0,0.0,0.174642,0,0.0,0,305,1,6,0.7979,0.0329,GREEN,43,Mumbai
CLM0021509,MUM_09524,Thane,2025-07-22,21,0,0,0,0,0,0,0,0,0,0.0,0.0,0,0.0,0,420,1,1,0.8415,0.0002,GREEN,24,Mumbai
CLM0021510,MUM_02741,Thane,2023-11-27,20,0,0,0,0,0,0,0,0,0,0.0,0.343091,0,0.0,0,134,1,6,0.6241,0.0,GREEN,36,Mumbai
CLM0021511,MUM_04951,Bandra,2019-05-30,11,0,0,0,0,0,0,0,0,0,0.0,0.998316,0,0.0,0,208,4,3,0.4063,0.1391,GREEN,18,Mumbai
CLM0021512,MUM_01050,Bandra,2023-10-11,21,0,0,0,0,0,0,0,1,0,0.0,0.04071,0,0.0,0,420,2,3,0.701,0.096,GREEN,38,Mumbai
CLM0021513,MUM_07299,Bandra,2023-01-26,8,0,0,0,0,0,0,0,1,0,0.0,0.202663,0,0.0,0,224,0,0,0.5022,0.1874,GREEN,38,Mumbai
CLM0021514,MUM_07289,Lower Parel,2020-08-14,10,0,0,0,0,0,0,0,0,0,0.0,0.112699,0,0.0,0,363,2,4,0.8669,0.0588,GREEN,53,Mumbai
CLM0021515,MUM_06500,Powai,2023-02-16,16,0,0,0,0,0,0,0,0,0,0.0,0.231585,0,0.0,0,279,4,8,0.2624,0.0,GREEN,39,Mumbai
CLM0021516,MUM_02152,Borivali,2024-12-13,16,0,0,0,0,0,0,0,0,0,0.0,0.380621,0,1.0,0,107,1,1,0.9,0.0,GREEN,22,Mumbai
CLM0021517,MUM_04358,Thane,2018-05-17,11,0,1,1,0,0,0,0,1,0,0.0,0.296754,0,1.0,0,314,2,0,0.8739,0.0735,GREEN,45,Mumbai
CLM0021518,MUM_01840,Powai,2024-06-12,8,0,0,0,0,0,0,0,0,0,0.0,0.491039,0,0.0,0,295,4,3,0.6465,0.026,GREEN,45,Mumbai
CLM0021519,MUM_03090,Ghatkopar,2025-07-19,10,0,0,0,0,0,0,0,0,0,0.0,0.323539,0,0.0,0,117,1,1,0.526,0.0,GREEN,52,Mumbai
CLM0021520,MUM_03389,Bandra,2025-03-01,13,0,0,0,0,0,0,0,0,0,0.0,0.331704,0,0.0,0,273,3,3,0.4999,0.0383,GREEN,37,Mumbai
CLM0021521,MUM_07702,Thane,2022-01-20,20,0,0,0,0,0,0,0,0,0,0.0,0.27128,0,0.0,0,79,3,1,0.6786,0.0227,GREEN,29,Mumbai
CLM0021522,MUM_04385,Chembur,2025-11-26,16,0,0,0,0,0,1,0,0,0,0.0,0.322832,0,0.0,0,321,0,0,0.5333,0.1132,GREEN,32,Mumbai
CLM0021523,MUM_01367,Vashi,2024-04-12,10,0,0,0,0,0,0,0,0,0,0.0,0.187106,0,0.0,0,176,1,4,0.8077,0.0,GREEN,48,Mumbai
CLM0021524,MUM_03943,Borivali,2025-11-13,9,0,0,0,0,0,0,0,0,0,0.0,0.298515,0,0.0,0,104,4,0,0.9333,0.0,GREEN,18,Mumbai
CLM0021525,MUM_05173,Ghatkopar,2022-12-10,10,0,0,0,0,0,0,0,0,0,0.0,0.0,0,0.0,0,420,2,3,0.05,0.0,GREEN,33,Mumbai
CLM0021526,MUM_08866,Thane,2021-08-30,17,0,0,0,0,0,0,1,0,0,0.0,0.071391,0,0.0,0,365,0,4,0.05,0.1223,GREEN,46,Mumbai
CLM0021527,MUM_07765,Thane,2024-01-25,10,0,0,0,0,0,0,0,0,0,1.0,0.0,0,0.0,0,239,0,2,0.526,0.1062,GREEN,35,Mumbai
CLM0021528,MUM_09363,Bandra,2021-12-15,10,0,0,0,0,0,0,0,0,0,0.0,0.107099,0,0.0,0,171,2,3,0.8994,0.0944,GREEN,41,Mumbai
CLM0021529,MUM_01387,Chembur,2024-06-15,14,0,0,0,0,0,0,0,0,0,0.0,0.353031,0,0.0,0,386,2,4,0.8131,0.0,GREEN,55,Mumbai
CLM0021530,MUM_04631,Borivali,2024-04-11,12,0,0,0,0,0,0,0,0,0,0.0,0.229449,0,0.0,0,420,2,0,0.8674,0.0,GREEN,46,Mumbai
CLM0021531,MUM_05929,Andheri,2022-03-03,7,0,0,0,0,0,0,0,0,0,0.0,1.0,0,0.0,0,138,1,3,0.8848,0.0526,GREEN,49,Mumbai
CLM0021532,MUM_07400,Powai,2021-06-08,18,0,0,0,0,0,0,0,0,0,1.0,0.196874,0,1.0,0,420,4,0,0.6714,0.0,GREEN,51,Mumbai
CLM0021533,MUM_09906,Vashi,2024-11-04,12,0,0,0,0,0,1,0,1,0,0.0,0.04248,0,0.0,0,114,1,0,0.9695,0.2606,GREEN,52,Mumbai
CLM0021534,MUM_05613,Chembur,2021-09-17,15,0,0,0,0,0,0,0,1,0,0.0,0.407969,0,0.0,0,420,3,1,0.2215,0.0884,GREEN,24,Mumbai
CLM0021535,MUM_08595,Vashi,2025-01-11,15,0,0,0,0,0,0,0,0,0,0.0,0.351384,0,0.0,0,383,1,3,0.736,0.0,GREEN,47,Mumbai
CLM0021536,MUM_03500,Chembur,2022-10-18,15,0,0,0,0,0,1,1,1,0,0.0,0.183197,0,0.0,1,34,4,18,0.9299,0.0,GREEN,39,Mumbai
CLM0021537,MUM_07593,Dadar,2025-11-22,18,0,0,0,0,0,0,0,0,0,0.0,0.105299,0,0.0,0,114,0,0,0.1285,0.0474,GREEN,44,Mumbai
CLM0021538,MUM_02303,Lower Parel,2023-09-25,19,0,0,0,0,0,0,0,0,0,0.0,0.351437,0,0.0,0,45,4,0,0.0572,0.0001,GREEN,52,Mumbai
CLM0021539,MUM_01226,Dadar,2023-01-10,17,0,0,0,0,0,0,0,0,0,0.0,0.213128,1,0.0,0,232,1,9,0.7973,0.02,GREEN,37,Mumbai
CLM0021540,MUM_08709,Borivali,2022-07-19,12,0,0,0,0,0,0,0,0,0,1.0,0.406213,0,0.0,0,420,1,2,0.7843,0.1117,GREEN,40,Mumbai
CLM0021541,MUM_07927,Thane,2021-09-27,19,0,0,0,0,0,1,0,0,0,0.0,0.128434,0,0.0,0,287,4,0,0.7104,0.1779,GREEN,52,Mumbai
CLM0021542,MUM_07642,Lower Parel,2020-11-08,13,0,0,0,0,0,0,0,0,0,0.0,0.0,0,0.0,0,254,3,0,0.5138,0.0,GREEN,37,Mumbai
CLM0021543,MUM_06194,Lower Parel,2021-05-29,18,0,0,0,0,0,0,0,0,0,0.0,0.308385,0,0.0,0,112,1,0,0.5807,0.1802,GREEN,35,Mumbai
CLM0021544,MUM_00069,Bandra,2018-11-16,19,0,0,0,0,0,0,0,0,0,0.0,0.077485,0,1.0,0,362,0,5,0.6683,0.0968,GREEN,34,Mumbai
CLM0021545,MUM_03039,Vashi,2020-03-19,9,0,0,0,0,0,0,0,0,0,0.0,0.262097,0,0.0,0,299,2,1,0.98,0.0681,GREEN,50,Mumbai
CLM0021546,MUM_04175,Powai,2022-06-07,18,0,1,1,0,0,0,0,0,0,1.0,0.321686,0,0.0,0,204,2,2,0.8593,0.0865,GREEN,38,Mumbai
CLM0021547,MUM_00589,Lower Parel,2020-12-17,10,0,0,0,0,0,0,0,1,0,0.0,1.0,0,0.0,0,57,4,3,0.7679,0.1301,GREEN,52,Mumbai
CLM0021548,MUM_06208,Vashi,2025-10-29,13,0,0,0,0,0,1,0,0,0,1.0,0.911943,0,1.0,0,47,4,3,0.05,0.097,GREEN,57,Mumbai
CLM0021549,MUM_07831,Borivali,2020-05-04,13,0,0,0,0,0,1,0,0,0,0.0,0.385922,0,1.0,0,420,1,5,0.7652,0.0279,GREEN,31,Mumbai
CLM0021550,MUM_07836,Bandra,2024-07-31,7,0,1,1,0,1,0,0,1,0,0.0,0.27126,0,0.0,0,389,0,1,0.595,0.2557,GREEN,45,Mumbai
CLM0021551,MUM_03811,Thane,2016-12-02,10,0,0,0,0,0,1,0,0,0,1.0,0.123748,0,0.0,0,135,4,2,0.7105,0.1338,GREEN,51,Mumbai
CLM0021552,MUM_04396,Vashi,2021-01-23,20,0,0,0,0,0,0,0,0,1,0.0,0.275995,0,0.0,0,152,3,0,0.8258,0.0248,GREEN,31,Mumbai
CLM0021553,MUM_01566,Lower Parel,2021-02-09,13,0,0,0,1,1,0,1,1,1,1.0,1.0,1,1.0,1,5,0,18,0.328,0.037,GREEN,39,Mumbai
CLM0021554,MUM_06250,Bandra,2020-08-26,12,0,0,0,0,0,0,0,0,0,0.0,0.287434,0,0.0,0,183,1,5,0.8383,0.0,GREEN,28,Mumbai
CLM0021555,MUM_07847,Lower Parel,2022-01-17,11,0,0,0,0,0,1,0,1,0,0.0,0.283057,0,0.0,0,272,1,2,0.4213,0.2133,GREEN,39,Mumbai
CLM0021556,MUM_03082,Ghatkopar,2023-09-28,21,0,0,0,1,0,0,0,0,0,1.0,0.063854,0,1.0,0,224,3,2,0.268,0.2306,GREEN,43,Mumbai
CLM0021557,MUM_00424,Andheri,2023-01-20,15,0,0,0,0,0,0,0,0,0,0.0,0.274247,0,1.0,0,417,0,4,0.8256,0.0,GREEN,40,Mumbai
CLM0021558,MUM_03907,Ghatkopar,2021-12-17,11,0,0,0,1,0,0,0,0,0,0.0,0.324474,0,0.0,0,115,2,2,0.2397,0.16,GREEN,33,Mumbai
CLM0021559,MUM_07608,Powai,2024-07-15,17,0,0,0,1,0,1,1,1,1,0.0,0.000479,0,0.0,0,5,0,18,0.1138,0.0012,GREEN,18,Mumbai
CLM0021560,MUM_07626,Vashi,2025-11-07,16,0,0,0,0,0,0,1,0,0,0.0,0.201312,0,0.0,0,400,3,4,0.9599,0.033,GREEN,44,Mumbai
CLM0021561,MUM_01194,Lower Parel,2024-11-11,7,1,0,0,1,0,0,0,0,0,0.0,0.285406,0,0.0,0,78,2,2,0.4387,0.1205,GREEN,42,Mumbai
CLM0021562,MUM_01963,Lower Parel,2025-08-31,13,0,0,0,1,0,0,0,1,0,0.0,1.0,0,0.0,0,373,3,0,0.5825,0.2128,GREEN,60,Mumbai
CLM0021563,MUM_08454,Ghatkopar,2025-07-06,12,0,1,1,0,0,0,0,0,0,0.0,0.251485,0,0.0,0,377,0,0,0.781,0.0114,GREEN,45,Mumbai
CLM0021564,MUM_05728,Chembur,2025-10-13,9,0,1,1,0,0,1,0,0,0,0.0,0.006469,0,0.0,0,323,4,1,0.7425,0.0332,GREEN,58,Mumbai
CLM0021565,MUM_08378,Powai,2023-11-03,18,0,0,0,0,0,0,0,0,0,0.0,0.371698,0,0.0,0,231,0,1,0.9161,0.0,GREEN,23,Mumbai
CLM0021566,MUM_02356,Vashi,2023-06-20,12,0,0,0,0,0,0,0,0,0,0.0,0.266484,0,0.0,0,354,2,1,0.8077,0.0,GREEN,42,Mumbai
CLM0021567,MUM_04690,Borivali,2019-06-02,7,0,0,0,0,0,0,0,0,1,1.0,0.186289,0,0.0,0,42,3,2,0.6719,0.1476,GREEN,36,Mumbai
CLM0021568,MUM_01095,Chembur,2019-11-16,21,0,0,0,0,0,1,0,0,0,0.0,0.942718,0,0.0,0,408,1,0,0.9308,0.0296,GREEN,33,Mumbai
CLM0021569,MUM_05579,Vashi,2017-06-18,9,0,0,0,1,0,0,0,0,0,0.0,0.0,0,0.0,0,58,4,4,0.7281,0.1983,GREEN,66,Mumbai
CLM0021570,MUM_02265,Bandra,2021-07-27,15,0,0,0,0,0,0,1,0,0,0.0,0.307672,0,0.0,0,142,4,3,0.8438,0.0816,GREEN,39,Mumbai
CLM0021571,MUM_05095,Dadar,2025-10-22,19,0,0,0,1,0,0,0,0,1,1.0,0.081124,0,0.0,0,18,2,18,0.0947,0.0,GREEN,42,Mumbai
CLM0021572,MUM_05086,Powai,2019-03-10,8,0,0,0,0,0,0,0,0,0,0.0,0.924169,0,0.0,0,195,1,5,0.867,0.0042,GREEN,47,Mumbai
CLM0021573,MUM_09019,Andheri,2024-01-06,16,0,0,0,0,0,0,0,1,0,0.0,0.430686,0,0.0,0,310,4,1,0.5411,0.1093,GREEN,48,Mumbai
CLM0021574,MUM_09093,Bandra,2016-08-05,19,0,0,0,0,0,1,0,0,0,0.0,0.240784,0,0.0,0,95,4,3,0.4712,0.1188,GREEN,41,Mumbai
CLM0021575,MUM_00616,Ghatkopar,2023-12-21,15,0,0,0,0,0,0,0,0,0,0.0,5.5e-05,0,0.0,0,90,2,4,0.7062,0.0006,GREEN,48,Mumbai
CLM0021576,MUM_08309,Lower Parel,2024-12-08,11,0,0,0,0,0,1,0,0,0,0.0,0.427457,0,0.0,0,39,2,4,0.2018,0.0584,GREEN,37,Mumbai
CLM0021577,MUM_07565,Powai,2021-05-20,8,0,0,0,0,0,0,0,0,0,0.0,0.390383,0,0.0,0,146,1,5,0.8843,0.0569,GREEN,53,Mumbai
CLM0021578,MUM_02477,Andheri,2021-05-27,18,0,0,0,0,0,0,0,0,0,0.0,0.406509,0,0.0,0,420,2,1,0.7796,0.0,GREEN,40,Mumbai
CLM0021579,MUM_07653,Powai,2022-08-24,17,0,0,0,0,0,0,1,0,0,0.0,0.055068,0,0.0,0,420,4,2,0.8503,0.0409,GREEN,46,Mumbai
CLM0021580,MUM_05702,Andheri,2016-12-25,9,0,0,0,0,0,0,0,0,0,0.0,0.112787,0,0.0,0,209,1,3,0.7783,0.0,GREEN,47,Mumbai
CLM0021581,MUM_02482,Lower Parel,2024-10-27,16,0,0,0,0,0,0,0,0,0,1.0,0.883522,0,1.0,0,339,3,4,0.6562,0.0,GREEN,45,Mumbai
CLM0021582,MUM_06606,Bandra,2022-01-02,13,0,0,0,0,0,0,1,0,0,0.0,0.424234,0,0.0,0,204,1,6,0.7516,0.0816,GREEN,36,Mumbai
CLM0021583,MUM_07827,Borivali,2025-01-24,15,0,0,0,0,0,0,0,1,0,0.0,0.060112,0,0.0,0,420,0,0,0.1414,0.097,GREEN,39,Mumbai
CLM0021584,MUM_03307,Borivali,2023-07-16,20,0,0,0,0,0,0,0,0,0,0.0,0.229877,0,0.0,0,420,1,8,0.8327,0.0,GREEN,58,Mumbai
CLM0021585,MUM_01963,Lower Parel,2023-05-13,21,0,0,0,0,0,1,0,0,0,0.0,0.004226,0,0.0,0,420,0,2,0.8788,0.0,GREEN,60,Mumbai
CLM0021586,MUM_05368,Vashi,2025-10-12,13,0,0,0,0,0,1,0,0,1,0.0,0.217336,0,0.0,0,215,4,3,0.98,0.1677,GREEN,49,Mumbai
CLM0021587,MUM_05253,Chembur,2022-01-04,14,0,0,0,0,1,0,0,0,0,1.0,0.231727,0,0.0,1,159,0,4,0.9127,0.2746,GREEN,24,Mumbai
CLM0021588,MUM_09351,Bandra,2025-08-17,18,0,0,0,0,0,0,0,1,0,0.0,0.048457,0,0.0,0,274,0,1,0.5315,0.0637,GREEN,18,Mumbai
CLM0021589,MUM_03726,Andheri,2024-05-27,16,0,0,0,0,0,0,1,0,0,1.0,0.244606,0,0.0,1,377,2,0,0.7299,0.282,GREEN,37,Mumbai
CLM0021590,MUM_08630,Lower Parel,2020-08-06,13,0,0,0,0,0,0,0,0,0,0.0,1.0,0,0.0,0,329,4,3,0.05,0.0255,GREEN,46,Mumbai
CLM0021591,MUM_08222,Vashi,2018-09-29,10,0,0,0,1,1,1,1,1,1,1.0,0.903254,0,1.0,1,32,0,18,0.076,0.1037,GREEN,47,Mumbai
CLM0021592,MUM_07403,Andheri,2021-07-03,11,0,0,0,0,0,0,0,0,0,0.0,0.420533,0,0.0,0,147,3,1,0.8979,0.0,GREEN,42,Mumbai
CLM0021593,MUM_09445,Bandra,2023-07-18,15,0,0,0,0,0,0,0,0,0,0.0,0.0,0,0.0,0,213,0,3,0.9045,0.0309,GREEN,35,Mumbai
CLM0021594,MUM_00153,Dadar,2020-09-06,14,0,0,0,1,0,0,0,0,0,1.0,0.162944,0,0.0,0,188,0,1,0.7449,0.2187,GREEN,46,Mumbai
CLM0021595,MUM_09660,Dadar,2023-07-26,15,0,0,0,0,0,1,0,0,0,0.0,0.176264,0,0.0,0,420,0,1,0.1652,0.1261,GREEN,39,Mumbai
CLM0021596,MUM_07266,Vashi,2022-09-15,11,0,0,0,0,0,0,0,0,0,1.0,0.265952,0,0.0,0,112,4,4,0.7717,0.069,GREEN,44,Mumbai
CLM0021597,MUM_05996,Thane,2020-09-23,10,0,0,0,0,0,0,0,0,0,0.0,0.950291,0,0.0,0,328,4,1,0.98,0.0726,GREEN,36,Mumbai
CLM0021598,MUM_09361,Ghatkopar,2020-07-19,11,0,1,1,0,0,0,0,0,0,1.0,0.465716,0,0.0,0,34,2,1,0.9261,0.1435,GREEN,30,Mumbai
CLM0021599,MUM_05810,Bandra,2024-05-05,7,0,0,0,0,0,1,0,0,0,0.0,0.092675,0,0.0,0,45,4,0,0.3025,0.1437,GREEN,31,Mumbai
CLM0021600,MUM_08702,Borivali,2022-10-22,9,0,0,0,0,0,0,0,0,0,0.0,0.063203,0,0.0,0,289,3,2,0.7069,0.0071,GREEN,47,Mumbai
CLM0021601,MUM_06250,Bandra,2024-07-29,15,0,0,0,0,0,0,1,1,0,1.0,0.309179,0,0.0,0,420,2,6,0.5433,0.2132,GREEN,28,Mumbai
CLM0021602,MUM_08593,Thane,2020-08-26,18,0,0,0,0,0,0,0,0,0,0.0,0.257105,0,0.0,0,110,1,2,0.2718,0.0,GREEN,40,Mumbai
CLM0021603,MUM_09035,Powai,2020-03-06,11,0,0,0,0,0,0,0,1,0,0.0,0.207968,0,0.0,0,45,3,1,0.7838,0.1121,GREEN,50,Mumbai
CLM0021604,MUM_02808,Lower Parel,2019-10-06,14,0,0,0,0,0,0,0,0,0,0.0,1.0,0,0.0,0,53,1,1,0.5786,0.0,GREEN,58,Mumbai
CLM0021605,MUM_03515,Powai,2019-04-09,10,0,0,0,0,0,0,1,0,0,0.0,0.139142,0,0.0,0,371,2,1,0.6796,0.1569,GREEN,37,Mumbai
CLM0021606,MUM_01576,Thane,2022-05-04,11,0,0,0,0,0,0,0,0,0,0.0,0.071329,0,0.0,0,410,0,4,0.8952,0.0238,GREEN,38,Mumbai
CLM0021607,MUM_07535,Dadar,2022-06-12,15,0,0,0,0,1,0,0,0,0,0.0,0.180167,0,0.0,0,398,1,1,0.98,0.1942,GREEN,36,Mumbai
CLM0021608,MUM_08953,Lower Parel,2022-03-30,7,0,0,0,0,0,0,0,0,0,0.0,0.264482,0,0.0,0,420,3,0,0.7694,0.0,GREEN,43,Mumbai
CLM0021609,MUM_08361,Lower Parel,2025-01-19,8,0,0,0,0,0,1,0,0,0,0.0,0.191174,0,0.0,1,416,3,0,0.1775,0.1342,GREEN,25,Mumbai
CLM0021610,MUM_05145,Chembur,2017-11-03,20,0,0,0,0,0,0,0,0,0,0.0,0.217326,0,0.0,0,114,0,0,0.5825,0.0612,GREEN,29,Mumbai
CLM0021611,MUM_07548,Powai,2024-06-18,10,0,1,1,0,0,0,0,0,0,0.0,0.314043,0,0.0,0,240,3,1,0.05,0.0,GREEN,51,Mumbai
CLM0021612,MUM_05970,Chembur,2023-07-19,8,0,0,0,0,0,1,0,0,0,0.0,0.036761,0,0.0,0,248,1,3,0.639,0.0418,GREEN,46,Mumbai
CLM0021613,MUM_09518,Vashi,2021-03-03,16,0,0,0,0,0,0,0,0,0,0.0,0.109203,0,0.0,0,420,4,3,0.8688,0.0374,GREEN,42,Mumbai
CLM0021614,MUM_07504,Lower Parel,2018-06-24,8,0,0,0,0,0,1,0,0,0,0.0,0.268545,1,0.0,0,267,0,4,0.98,0.1533,GREEN,55,Mumbai
CLM0021615,MUM_03369,Lower Parel,2019-08-11,8,0,0,0,0,0,0,0,0,0,0.0,0.000885,0,0.0,0,180,0,4,0.9241,0.0,GREEN,22,Mumbai
CLM0021616,MUM_08282,Ghatkopar,2023-03-04,12,0,0,0,0,0,0,0,0,0,0.0,0.946867,0,0.0,1,420,3,4,0.6751,0.0857,GREEN,30,Mumbai
CLM0021617,MUM_00554,Bandra,2018-04-17,16,0,0,0,0,0,0,0,1,0,0.0,0.984198,0,1.0,0,360,4,4,0.7287,0.0709,GREEN,53,Mumbai
CLM0021618,MUM_01473,Thane,2017-12-29,19,0,1,1,1,0,0,0,0,0,0.0,0.25428,0,0.0,0,171,4,5,0.8613,0.1129,GREEN,34,Mumbai
CLM0021619,MUM_04193,Lower Parel,2022-03-05,10,0,0,0,0,0,0,0,1,0,0.0,0.260594,0,0.0,0,131,1,1,0.9401,0.0218,GREEN,55,Mumbai
CLM0021620,MUM_02347,Lower Parel,2025-07-22,14,0,0,0,0,0,0,0,0,0,0.0,0.234831,0,0.0,0,83,1,1,0.8117,0.0,GREEN,40,Mumbai
CLM0021621,MUM_00568,Powai,2020-01-30,16,0,0,0,0,0,0,0,0,1,0.0,0.134306,0,0.0,0,126,3,2,0.8303,0.066,GREEN,31,Mumbai
CLM0021622,MUM_08221,Vashi,2017-08-26,20,0,0,0,0,0,0,1,0,0,0.0,0.301574,0,1.0,0,193,4,1,0.9135,0.0564,GREEN,47,Mumbai
CLM0021623,MUM_05177,Thane,2017-07-04,8,0,0,0,0,0,0,0,0,0,0.0,0.039304,0,0.0,0,384,0,0,0.05,0.0,GREEN,43,Mumbai
CLM0021624,MUM_04300,Powai,2020-07-24,12,0,0,0,0,0,1,0,1,0,0.0,0.322039,0,0.0,0,201,1,4,0.6857,0.1514,GREEN,44,Mumbai
CLM0021625,MUM_08380,Borivali,2021-06-16,8,0,1,1,0,0,0,0,0,0,0.0,0.396353,0,0.0,0,73,2,3,0.98,0.0,GREEN,47,Mumbai
CLM0021626,MUM_01443,Dadar,2021-08-05,17,0,0,0,0,0,0,0,0,1,0.0,0.294562,0,0.0,0,380,0,0,0.7914,0.1207,GREEN,58,Mumbai
CLM0021627,MUM_08669,Chembur,2019-11-14,11,0,0,0,0,0,0,0,0,0,0.0,0.088432,0,0.0,0,182,1,5,0.0585,0.0,GREEN,43,Mumbai
CLM0021628,MUM_08804,Thane,2019-12-17,21,0,0,0,0,0,0,0,1,0,0.0,0.300584,0,0.0,0,79,0,3,0.6001,0.1475,GREEN,40,Mumbai
CLM0021629,MUM_01744,Andheri,2018-05-12,13,0,0,0,0,0,0,0,0,0,0.0,0.110148,0,0.0,0,261,3,0,0.2924,0.0,GREEN,50,Mumbai
CLM0021630,MUM_02188,Powai,2024-01-22,21,0,0,0,0,0,0,0,1,0,0.0,0.128546,0,0.0,0,391,2,0,0.5806,0.2344,GREEN,31,Mumbai
CLM0021631,MUM_06854,Dadar,2023-12-26,12,0,0,0,0,0,0,0,0,0,0.0,0.312645,0,0.0,0,314,4,3,0.5331,0.0393,GREEN,42,Mumbai
CLM0021632,MUM_04651,Thane,2025-07-01,11,0,0,0,0,1,0,0,0,0,0.0,0.183149,0,0.0,0,310,4,1,0.98,0.0986,GREEN,34,Mumbai
CLM0021633,MUM_00518,Ghatkopar,2023-12-22,7,0,0,0,0,0,0,0,0,0,0.0,0.0,0,0.0,0,420,3,0,0.9222,0.0,GREEN,41,Mumbai
CLM0021634,MUM_04787,Powai,2025-11-27,15,0,0,0,0,0,0,0,0,0,1.0,0.174469,0,0.0,0,168,1,2,0.9788,0.0396,GREEN,40,Mumbai
CLM0021635,MUM_01784,Vashi,2025-05-21,19,0,0,0,1,0,0,1,1,0,0.0,1.0,0,1.0,1,26,3,8,0.7039,0.1239,GREEN,21,Mumbai
CLM0021636,MUM_01367,Vashi,2025-02-07,7,0,0,0,0,0,0,0,0,0,0.0,0.229646,0,0.0,0,396,2,0,0.9564,0.0488,GREEN,48,Mumbai
CLM0021637,MUM_05618,Lower Parel,2022-09-17,19,0,0,0,0,1,0,0,0,0,0.0,0.081824,0,0.0,0,420,4,1,0.6935,0.1367,GREEN,18,Mumbai
CLM0021638,MUM_06239,Thane,2023-06-25,20,0,0,0,0,0,0,0,0,0,0.0,0.275604,0,0.0,0,239,4,1,0.6354,0.0527,GREEN,49,Mumbai
CLM0021639,MUM_02755,Borivali,2020-05-24,18,0,0,0,1,0,0,0,0,1,0.0,0.157822,0,0.0,0,268,3,0,0.5967,0.2265,GREEN,54,Mumbai
CLM0021640,MUM_08727,Chembur,2020-06-16,17,0,0,0,0,0,0,0,0,0,0.0,0.378603,0,0.0,0,420,2,0,0.1359,0.0,GREEN,65,Mumbai
CLM0021641,MUM_08705,Borivali,2023-08-23,21,0,0,0,1,1,0,1,1,1,1.0,0.089884,0,0.0,1,18,3,13,0.1577,0.0,GREEN,42,Mumbai
CLM0021642,MUM_04075,Lower Parel,2025-04-17,12,0,0,0,1,0,1,0,1,1,0.0,0.16585,1,0.0,1,8,0,18,0.766,0.0,GREEN,37,Mumbai
CLM0021643,MUM_06714,Dadar,2022-08-31,13,0,0,0,0,1,0,0,0,0,0.0,0.268347,0,0.0,0,295,0,0,0.832,0.1127,GREEN,42,Mumbai
CLM0021644,MUM_03546,Bandra,2021-06-12,8,0,0,0,0,0,0,0,0,0,1.0,0.945399,1,1.0,0,378,2,4,0.4433,0.0176,GREEN,53,Mumbai
CLM0021645,MUM_07180,Borivali,2024-11-22,21,0,0,0,0,0,1,0,0,0,0.0,0.202781,0,0.0,0,33,3,3,0.98,0.12,GREEN,60,Mumbai
CLM0021646,MUM_07862,Lower Parel,2024-03-28,7,0,0,0,0,0,0,0,1,0,1.0,0.149847,0,0.0,0,121,1,2,0.5593,0.2063,GREEN,60,Mumbai
CLM0021647,MUM_00259,Vashi,2025-03-22,21,0,0,0,0,0,1,0,0,1,0.0,0.240367,0,0.0,0,414,3,1,0.8803,0.1881,GREEN,52,Mumbai
CLM0021648,MUM_08406,Thane,2024-11-29,17,0,0,0,0,0,0,0,0,0,0.0,1.0,0,0.0,0,272,2,2,0.6727,0.0,GREEN,25,Mumbai
CLM0021649,MUM_04742,Thane,2025-07-25,20,0,0,0,0,0,0,0,0,0,0.0,0.206036,0,0.0,0,420,4,3,0.075,0.0708,GREEN,25,Mumbai
CLM0021650,MUM_03520,Dadar,2023-11-18,15,0,0,0,0,0,0,0,0,0,0.0,0.121724,0,0.0,1,51,2,3,0.5147,0.0991,GREEN,58,Mumbai
CLM0021651,MUM_07587,Lower Parel,2024-02-22,11,0,0,0,0,0,0,0,0,0,0.0,0.156562,0,0.0,0,420,2,1,0.98,0.0,GREEN,68,Mumbai
CLM0021652,MUM_03703,Andheri,2024-02-04,18,0,0,0,0,0,0,0,0,0,0.0,0.051789,0,0.0,0,404,1,4,0.8192,0.0441,GREEN,42,Mumbai
CLM0021653,MUM_08176,Andheri,2025-09-07,7,0,0,0,0,0,0,0,0,0,0.0,0.332589,0,0.0,0,379,2,5,0.98,0.0,GREEN,33,Mumbai
CLM0021654,MUM_09991,Powai,2024-04-12,17,0,0,0,1,0,0,1,1,1,0.0,0.843113,1,0.0,1,5,3,18,0.9755,0.2131,GREEN,38,Mumbai
CLM0021655,MUM_03324,Borivali,2025-05-05,15,0,0,0,0,0,0,0,0,0,0.0,0.014745,0,0.0,0,52,3,0,0.7981,0.0182,GREEN,46,Mumbai
CLM0021656,MUM_00762,Borivali,2020-04-12,20,0,1,1,0,0,0,0,0,0,0.0,0.0,0,0.0,0,105,0,2,0.8713,0.0,GREEN,53,Mumbai
CLM0021657,MUM_09449,Powai,2022-09-18,18,0,0,0,0,0,0,0,0,1,0.0,0.0,0,0.0,0,280,4,0,0.6971,0.2231,GREEN,38,Mumbai
CLM0021658,MUM_05835,Andheri,2025-08-23,9,0,1,1,0,0,0,0,0,0,0.0,0.966424,0,0.0,0,392,3,3,0.5862,0.0,GREEN,40,Mumbai
CLM0021659,MUM_02688,Borivali,2022-04-19,15,0,0,0,0,0,0,0,0,0,1.0,0.983789,0,1.0,0,420,1,2,0.5283,0.0,GREEN,34,Mumbai
CLM0021660,MUM_08388,Thane,2023-02-12,10,0,0,0,0,0,0,0,0,0,0.0,0.03833,0,0.0,0,312,0,6,0.9121,0.0041,GREEN,34,Mumbai
CLM0021661,MUM_08975,Lower Parel,2020-09-09,13,0,1,1,0,0,1,1,1,1,0.0,0.213374,1,0.0,1,5,3,18,0.1178,0.0,GREEN,40,Mumbai
CLM0021662,MUM_04715,Chembur,2018-03-13,17,0,0,0,0,0,1,0,1,0,0.0,0.313646,0,0.0,0,327,0,0,0.0796,0.1585,GREEN,39,Mumbai
CLM0021663,MUM_04041,Powai,2019-05-14,9,0,0,0,0,0,0,0,0,0,0.0,0.043509,0,0.0,1,420,2,3,0.2373,0.0,GREEN,28,Mumbai
CLM0021664,MUM_04371,Andheri,2024-09-10,18,0,0,0,1,0,0,1,0,0,0.0,0.066906,1,0.0,0,420,4,5,0.1102,0.284,GREEN,37,Mumbai
CLM0021665,MUM_08096,Vashi,2017-10-20,14,0,0,0,0,0,0,0,0,0,1.0,0.148583,0,0.0,0,5,4,6,0.7302,0.0,GREEN,45,Mumbai
CLM0021666,MUM_00756,Thane,2018-12-07,14,0,0,0,1,0,0,0,0,0,0.0,0.100744,0,0.0,0,18,2,0,0.6401,0.0683,GREEN,57,Mumbai
CLM0021667,MUM_02566,Lower Parel,2019-07-10,16,0,0,0,0,0,0,0,0,0,0.0,0.134543,0,0.0,0,54,4,4,0.9093,0.1358,GREEN,41,Mumbai
CLM0021668,MUM_02283,Andheri,2019-09-27,19,0,0,0,0,0,0,0,1,0,0.0,0.070982,0,1.0,0,420,1,2,0.05,0.0616,GREEN,48,Mumbai
CLM0021669,MUM_05447,Borivali,2020-06-17,21,0,0,0,0,0,0,0,0,0,0.0,0.102751,0,0.0,0,34,1,2,0.9569,0.0,GREEN,49,Mumbai
CLM0021670,MUM_02533,Thane,2019-02-13,7,0,0,0,0,0,0,0,0,0,1.0,0.136039,0,0.0,0,110,2,5,0.654,0.1288,GREEN,60,Mumbai
CLM0021671,MUM_08515,Vashi,2025-12-04,12,0,0,0,0,0,0,0,0,0,0.0,0.438579,0,0.0,0,250,0,2,0.6091,0.0,GREEN,48,Mumbai
CLM0021672,MUM_04284,Lower Parel,2020-04-18,17,0,0,0,0,0,0,0,0,0,0.0,0.008761,0,0.0,0,251,4,0,0.7744,0.0295,GREEN,53,Mumbai
CLM0021673,MUM_02259,Powai,2021-10-18,11,0,0,0,0,0,0,0,0,0,1.0,0.269658,0,0.0,0,155,1,3,0.05,0.0869,GREEN,30,Mumbai
CLM0021674,MUM_02323,Lower Parel,2023-10-19,19,0,0,0,0,0,0,0,0,1,0.0,0.216627,0,0.0,0,95,0,1,0.3135,0.1358,GREEN,35,Mumbai
CLM0021675,MUM_02989,Andheri,2023-08-02,11,0,0,0,0,0,0,0,0,0,0.0,0.135791,0,0.0,0,243,1,2,0.6782,0.0,GREEN,50,Mumbai
CLM0021676,MUM_09927,Ghatkopar,2021-09-25,20,0,0,0,0,0,0,0,0,0,0.0,0.190799,0,0.0,0,420,2,4,0.8947,0.0388,GREEN,41,Mumbai
CLM0021677,MUM_06565,Chembur,2022-09-09,19,0,0,0,0,0,0,0,1,0,1.0,0.167045,0,0.0,0,356,0,2,0.8875,0.1862,GREEN,37,Mumbai
CLM0021678,MUM_05238,Dadar,2021-12-05,16,1,0,0,0,0,0,0,0,0,0.0,0.180395,0,0.0,0,287,3,1,0.6546,0.0418,GREEN,36,Mumbai
CLM0021679,MUM_09050,Andheri,2025-01-01,14,0,1,1,0,0,0,0,0,0,1.0,0.255945,0,0.0,0,420,4,3,0.8435,0.0,GREEN,32,Mumbai
CLM0021680,MUM_00439,Thane,2025-05-18,12,0,0,0,0,0,0,0,0,0,0.0,0.172962,0,0.0,0,26,4,7,0.5521,0.0,GREEN,32,Mumbai
CLM0021681,MUM_03742,Lower Parel,2023-06-29,7,0,0,0,0,1,0,0,0,0,0.0,0.166093,0,0.0,0,293,2,2,0.9246,0.1673,GREEN,41,Mumbai
CLM0021682,MUM_01917,Lower Parel,2022-04-03,12,0,0,0,0,0,0,0,0,0,0.0,0.0,0,0.0,0,88,3,2,0.5939,0.0249,GREEN,35,Mumbai
CLM0021683,MUM_05093,Thane,2022-03-29,14,0,0,0,0,0,0,0,1,0,0.0,0.245772,0,1.0,0,360,1,5,0.7529,0.1718,GREEN,54,Mumbai
CLM0021684,MUM_07781,Ghatkopar,2022-12-03,20,0,0,0,0,0,0,0,0,0,0.0,0.277537,0,0.0,0,420,4,2,0.9601,0.0,GREEN,48,Mumbai
CLM0021685,MUM_09626,Thane,2018-03-26,18,0,0,0,0,0,0,0,0,0,0.0,0.251647,0,0.0,0,319,3,2,0.873,0.0089,GREEN,33,Mumbai
CLM0021686,MUM_01873,Dadar,2019-07-23,10,0,0,0,0,0,0,0,0,0,0.0,0.368569,0,0.0,1,76,2,1,0.4982,0.0449,GREEN,56,Mumbai
CLM0021687,MUM_00176,Lower Parel,2024-04-29,9,0,0,0,0,0,0,0,0,0,0.0,0.108624,0,0.0,0,420,4,3,0.8452,0.0,GREEN,42,Mumbai
CLM0021688,MUM_09075,Andheri,2023-03-26,15,0,0,0,0,0,0,0,0,0,1.0,0.800698,0,1.0,0,94,0,7,0.7161,0.1224,GREEN,44,Mumbai
CLM0021689,MUM_02259,Powai,2020-04-14,11,0,0,0,0,0,0,0,0,0,0.0,0.167342,0,0.0,0,205,3,5,0.5967,0.0077,GREEN,30,Mumbai
CLM0021690,MUM_05213,Dadar,2022-10-13,10,0,0,0,0,0,0,0,0,0,0.0,0.159498,0,0.0,0,32,0,1,0.7123,0.0,GREEN,38,Mumbai
CLM0021691,MUM_02054,Vashi,2019-12-25,13,0,0,0,0,0,0,0,0,0,0.0,0.248753,0,0.0,0,342,2,0,0.6879,0.0,GREEN,31,Mumbai
CLM0021692,MUM_08938,Borivali,2024-09-17,20,0,0,0,0,0,0,0,0,0,1.0,0.080516,0,0.0,0,279,0,5,0.632,0.0261,GREEN,42,Mumbai
CLM0021693,MUM_04556,Bandra,2025-02-20,16,0,0,0,0,0,0,0,0,0,0.0,1.0,0,0.0,0,194,3,4,0.8471,0.0,GREEN,21,Mumbai
CLM0021694,MUM_02834,Thane,2022-10-26,10,0,0,0,0,0,0,0,0,0,0.0,0.143907,0,0.0,1,250,0,2,0.98,0.0,GREEN,36,Mumbai
CLM0021695,MUM_05411,Ghatkopar,2025-04-25,19,0,0,0,0,0,0,0,0,0,0.0,0.0,0,0.0,0,367,0,1,0.6616,0.0,GREEN,61,Mumbai
CLM0021696,MUM_02623,Vashi,2024-05-17,17,0,0,0,0,0,0,0,0,0,0.0,0.050014,0,0.0,0,237,3,0,0.846,0.0,GREEN,37,Mumbai
CLM0021697,MUM_05725,Bandra,2023-03-24,14,0,0,0,0,0,0,0,0,1,0.0,0.358434,0,0.0,0,420,3,0,0.1819,0.0747,GREEN,46,Mumbai
CLM0021698,MUM_03244,Lower Parel,2024-04-05,10,0,0,0,0,0,0,0,0,0,0.0,0.059088,0,0.0,0,420,4,4,0.98,0.0,GREEN,47,Mumbai
CLM0021699,MUM_02126,Borivali,2023-09-30,9,0,0,0,0,0,0,0,0,0,0.0,0.014383,0,0.0,0,363,3,0,0.6231,0.0,GREEN,52,Mumbai
CLM0021700,MUM_08368,Vashi,2024-12-10,20,0,0,0,0,0,0,0,0,0,0.0,1.0,1,0.0,0,233,0,3,0.6343,0.0,GREEN,31,Mumbai
CLM0021701,MUM_08495,Vashi,2025-10-18,15,0,0,0,1,0,0,1,0,0,0.0,0.433181,0,0.0,0,254,3,6,0.9762,0.2003,GREEN,42,Mumbai
CLM0021702,MUM_08151,Powai,2024-12-30,7,0,0,0,0,0,0,0,0,0,0.0,0.36938,1,0.0,0,12,3,0,0.3033,0.0532,GREEN,42,Mumbai
CLM0021703,MUM_06526,Andheri,2025-04-02,16,0,0,0,1,0,0,0,1,0,0.0,0.25579,0,0.0,0,333,2,6,0.8358,0.2686,GREEN,46,Mumbai
CLM0021704,MUM_04202,Andheri,2025-05-14,14,0,0,0,0,0,0,0,0,0,0.0,0.109835,0,0.0,0,255,3,1,0.2484,0.0,GREEN,42,Mumbai
CLM0021705,MUM_06567,Chembur,2025-09-22,15,0,0,0,0,0,1,0,0,0,0.0,0.0,0,0.0,0,187,1,4,0.1768,0.0627,GREEN,38,Mumbai
CLM0021706,MUM_08287,Thane,2025-09-23,7,0,0,0,0,0,0,0,0,0,0.0,0.095775,0,0.0,0,420,3,3,0.7529,0.0212,GREEN,28,Mumbai
CLM0021707,MUM_08921,Ghatkopar,2025-05-01,10,0,0,0,0,0,1,0,0,0,0.0,0.321051,0,1.0,0,274,2,5,0.6731,0.0242,GREEN,50,Mumbai
CLM0021708,MUM_03595,Lower Parel,2025-09-16,20,0,0,0,0,0,0,0,0,0,0.0,1.0,0,0.0,0,68,0,1,0.9576,0.01,GREEN,53,Mumbai
CLM0021709,MUM_04077,Powai,2025-05-16,12,0,0,0,0,0,0,0,0,0,0.0,0.410134,0,0.0,0,332,2,5,0.8598,0.0,GREEN,44,Mumbai
CLM0021710,MUM_09975,Powai,2018-08-20,21,0,0,0,0,0,0,0,0,0,0.0,0.110649,0,0.0,0,246,1,1,0.0837,0.0,GREEN,44,Mumbai
CLM0021711,MUM_00569,Andheri,2018-02-09,10,0,0,0,0,0,1,1,1,1,0.0,0.32752,0,1.0,0,15,1,18,0.1315,0.0,GREEN,35,Mumbai
CLM0021712,MUM_09027,Thane,2023-03-31,21,0,0,0,0,0,0,0,0,0,0.0,0.138172,0,0.0,0,420,3,0,0.832,0.0812,GREEN,38,Mumbai
CLM0021713,MUM_05240,Lower Parel,2017-09-30,11,0,0,0,0,0,0,0,0,0,0.0,0.132182,0,0.0,0,397,3,3,0.9342,0.0294,GREEN,34,Mumbai
CLM0021714,MUM_01257,Vashi,2023-01-08,14,0,0,0,0,0,1,0,0,0,0.0,0.227583,0,0.0,0,118,0,5,0.5644,0.0576,GREEN,38,Mumbai
CLM0021715,MUM_00496,Borivali,2020-08-08,15,0,0,0,1,0,0,0,0,0,1.0,0.209002,0,0.0,0,376,0,0,0.5865,0.2677,GREEN,36,Mumbai
CLM0021716,MUM_01759,Borivali,2019-08-25,9,0,0,0,0,0,0,0,1,0,1.0,0.988875,0,1.0,0,239,4,3,0.2168,0.1636,GREEN,35,Mumbai
CLM0021717,MUM_03744,Thane,2025-08-01,15,0,0,0,0,0,0,0,0,0,0.0,0.210073,1,0.0,0,204,2,5,0.98,0.2029,GREEN,42,Mumbai
CLM0021718,MUM_04605,Borivali,2019-05-08,20,0,0,0,0,0,0,0,0,0,0.0,0.952378,0,0.0,0,21,0,1,0.9187,0.0,GREEN,31,Mumbai
CLM0021719,MUM_06243,Ghatkopar,2023-04-24,13,0,1,1,0,0,1,0,0,0,0.0,0.231057,0,0.0,0,300,2,2,0.7413,0.101,GREEN,32,Mumbai
CLM0021720,MUM_06961,Lower Parel,2022-09-18,12,0,0,0,0,0,0,0,0,0,0.0,0.254142,0,0.0,0,352,3,2,0.5555,0.0069,GREEN,41,Mumbai
CLM0021721,MUM_01348,Bandra,2022-09-05,16,0,0,0,0,0,0,0,0,0,0.0,0.0,0,0.0,0,370,3,3,0.7738,0.0122,GREEN,52,Mumbai
CLM0021722,MUM_07348,Ghatkopar,2018-01-08,8,0,0,0,1,0,0,0,0,0,0.0,0.068843,0,0.0,0,57,2,2,0.6224,0.0909,GREEN,41,Mumbai
CLM0021723,MUM_06683,Dadar,2022-12-26,15,0,0,0,0,0,0,0,0,0,0.0,0.41528,0,0.0,0,346,0,0,0.7074,0.0,GREEN,49,Mumbai
CLM0021724,MUM_06220,Bandra,2019-07-01,15,0,0,0,0,0,0,0,0,0,0.0,0.0,0,0.0,0,136,0,1,0.05,0.0422,GREEN,35,Mumbai
CLM0021725,MUM_08481,Dadar,2019-01-07,15,0,0,0,1,0,0,0,0,0,0.0,0.005534,0,1.0,0,420,1,1,0.7401,0.1439,GREEN,45,Mumbai
CLM0021726,MUM_08669,Chembur,2017-01-29,19,0,0,0,0,0,0,0,0,0,0.0,0.130468,0,0.0,0,420,2,3,0.9173,0.0,GREEN,43,Mumbai
CLM0021727,MUM_06052,Ghatkopar,2021-06-09,16,0,1,1,0,0,0,0,0,0,0.0,0.233503,0,0.0,0,283,4,1,0.6789,0.0,GREEN,42,Mumbai
CLM0021728,MUM_09940,Andheri,2020-10-25,15,0,0,0,1,0,0,0,0,0,0.0,0.306427,0,0.0,0,91,2,4,0.9428,0.1068,GREEN,52,Mumbai
CLM0021729,MUM_01400,Bandra,2016-09-30,10,0,0,0,0,0,1,0,0,0,0.0,0.241804,0,0.0,0,154,0,2,0.6306,0.107,GREEN,37,Mumbai
CLM0021730,MUM_00413,Borivali,2024-12-09,7,0,1,1,0,0,0,1,0,0,0.0,0.980618,0,0.0,0,193,0,0,0.7408,0.0767,GREEN,37,Mumbai
CLM0021731,MUM_09154,Thane,2023-04-14,12,0,0,0,0,0,0,0,0,0,0.0,0.288083,0,0.0,0,420,4,4,0.1947,0.0484,GREEN,42,Mumbai
CLM0021732,MUM_05688,Bandra,2022-05-29,7,0,0,0,0,1,0,0,0,0,0.0,0.059785,0,0.0,0,56,4,6,0.6478,0.1027,GREEN,49,Mumbai
CLM0021733,MUM_00413,Borivali,2023-03-19,9,0,0,0,0,0,0,0,0,0,0.0,0.333166,0,0.0,0,247,3,5,0.967,0.0021,GREEN,37,Mumbai
CLM0021734,MUM_02867,Lower Parel,2025-07-04,13,0,0,0,0,0,0,0,0,0,0.0,0.0,0,0.0,0,166,4,1,0.8711,0.0761,GREEN,60,Mumbai
CLM0021735,MUM_04041,Powai,2023-10-25,11,0,0,0,0,0,0,0,0,0,0.0,0.387353,0,0.0,0,420,0,0,0.8222,0.0295,GREEN,28,Mumbai
CLM0021736,MUM_04316,Vashi,2025-01-28,8,0,0,0,0,0,0,1,0,0,0.0,0.339445,0,0.0,0,118,4,0,0.6756,0.1146,GREEN,50,Mumbai
CLM0021737,MUM_07236,Ghatkopar,2020-08-18,18,0,1,1,0,0,0,0,0,0,0.0,0.264448,0,0.0,0,5,4,5,0.5882,0.0008,GREEN,53,Mumbai
CLM0021738,MUM_04194,Powai,2025-10-23,12,0,0,0,0,0,0,0,1,0,0.0,0.339379,0,0.0,0,327,4,1,0.5969,0.1134,GREEN,30,Mumbai
CLM0021739,MUM_09683,Andheri,2025-04-29,12,0,0,0,0,0,0,0,0,0,0.0,0.167794,0,0.0,0,420,4,0,0.5068,0.0061,GREEN,49,Mumbai
CLM0021740,MUM_01769,Powai,2022-04-23,13,0,0,0,0,0,0,0,0,0,0.0,0.129788,0,0.0,0,420,1,1,0.5668,0.0,GREEN,44,Mumbai
CLM0021741,MUM_02369,Chembur,2025-10-26,15,0,0,0,0,0,0,1,0,0,0.0,0.292394,0,0.0,0,413,2,2,0.8855,0.0616,GREEN,49,Mumbai
CLM0021742,MUM_02215,Dadar,2025-04-25,19,0,0,0,0,0,1,0,0,0,0.0,0.919164,0,0.0,0,420,0,1,0.9206,0.1003,GREEN,36,Mumbai
CLM0021743,MUM_02195,Borivali,2021-12-12,7,0,1,1,1,0,0,0,0,1,0.0,0.189681,0,0.0,0,137,4,4,0.9742,0.2569,GREEN,51,Mumbai
CLM0021744,MUM_07781,Ghatkopar,2020-06-12,14,0,0,0,0,0,1,1,0,0,0.0,0.207165,0,0.0,0,420,3,1,0.6441,0.1581,GREEN,48,Mumbai
CLM0021745,MUM_05291,Andheri,2022-06-10,17,0,0,0,0,0,0,0,0,0,1.0,0.366417,0,0.0,0,106,2,6,0.8119,0.1309,GREEN,42,Mumbai
CLM0021746,MUM_09523,Chembur,2016-11-05,18,0,0,0,0,0,0,0,0,0,0.0,0.361245,0,0.0,0,269,3,1,0.8883,0.0,GREEN,47,Mumbai
CLM0021747,MUM_07285,Lower Parel,2023-06-21,11,0,0,0,1,0,1,0,1,1,0.0,1.0,0,1.0,0,5,1,18,0.4392,0.3074,GREEN,41,Mumbai
CLM0021748,MUM_09371,Dadar,2021-03-08,18,0,0,0,0,0,0,0,0,0,0.0,0.162016,0,0.0,0,77,2,1,0.7031,0.0049,GREEN,45,Mumbai
CLM0021749,MUM_00316,Lower Parel,2019-06-21,11,0,0,0,0,0,0,0,0,0,0.0,0.979154,1,0.0,0,420,2,0,0.5211,0.0501,GREEN,52,Mumbai
CLM0021750,MUM_07617,Lower Parel,2025-04-14,21,0,0,0,0,0,0,0,0,0,0.0,0.053545,0,0.0,0,62,2,4,0.795,0.0078,GREEN,57,Mumbai
CLM0021751,MUM_08403,Thane,2022-11-24,19,0,0,0,0,0,0,0,0,0,0.0,0.303219,1,0.0,0,239,2,4,0.7514,0.0844,GREEN,48,Mumbai
CLM0021752,MUM_09678,Andheri,2023-06-23,10,0,0,0,0,0,0,0,0,0,0.0,0.332122,0,0.0,0,93,2,0,0.6568,0.0,GREEN,45,Mumbai
CLM0021753,MUM_03399,Ghatkopar,2025-06-06,12,0,0,0,0,0,0,0,0,0,1.0,0.154192,0,0.0,0,331,4,0,0.9277,0.0429,GREEN,62,Mumbai
CLM0021754,MUM_09954,Thane,2023-07-31,20,0,0,0,0,0,1,0,0,0,0.0,0.260656,0,0.0,0,409,3,3,0.98,0.2124,GREEN,38,Mumbai
CLM0021755,MUM_04360,Dadar,2023-11-13,17,0,0,0,0,1,0,0,0,0,0.0,0.284899,0,0.0,0,63,2,2,0.6351,0.073,GREEN,47,Mumbai
CLM0021756,MUM_02752,Bandra,2024-01-17,17,0,0,0,0,0,0,0,0,0,0.0,0.981338,0,0.0,0,129,3,5,0.7372,0.0506,GREEN,46,Mumbai
CLM0021757,MUM_09562,Vashi,2024-03-01,14,0,0,0,0,0,0,1,0,0,0.0,0.422778,0,0.0,0,183,1,2,0.6638,0.0332,GREEN,39,Mumbai
CLM0021758,MUM_08113,Thane,2025-07-23,15,0,0,0,0,0,1,0,0,0,0.0,0.321587,0,0.0,0,159,1,3,0.6951,0.0969,GREEN,37,Mumbai
CLM0021759,MUM_06910,Powai,2025-03-31,14,0,0,0,0,0,0,0,0,0,0.0,1.0,0,0.0,0,90,0,1,0.9333,0.0,GREEN,58,Mumbai
CLM0021760,MUM_06582,Thane,2025-08-05,7,0,0,0,1,0,1,0,1,1,0.0,1.0,0,1.0,0,5,0,18,0.5608,0.041,GREEN,31,Mumbai
CLM0021761,MUM_00591,Ghatkopar,2024-05-06,10,0,0,0,0,0,1,0,1,0,1.0,0.2149,0,0.0,0,420,1,2,0.6733,0.3259,YELLOW,52,Mumbai
CLM0021762,MUM_07362,Ghatkopar,2025-11-29,14,0,0,0,0,0,0,0,0,0,1.0,0.185125,0,0.0,0,404,3,4,0.0968,0.0828,GREEN,50,Mumbai
CLM0021763,MUM_09358,Ghatkopar,2022-06-12,18,0,0,0,0,0,1,0,0,0,1.0,0.175232,0,0.0,0,348,0,2,0.7425,0.112,GREEN,20,Mumbai
CLM0021764,MUM_08076,Lower Parel,2022-07-06,7,0,0,0,0,0,0,1,0,0,0.0,0.185364,0,0.0,0,49,0,4,0.7042,0.0278,GREEN,52,Mumbai
CLM0021765,MUM_08571,Vashi,2022-05-16,15,0,0,0,0,0,0,0,0,0,0.0,0.0,0,0.0,0,216,4,2,0.1687,0.0497,GREEN,38,Mumbai
CLM0021766,MUM_05133,Vashi,2024-07-03,14,0,0,0,1,0,0,0,0,0,0.0,0.0,0,0.0,0,401,2,4,0.98,0.1034,GREEN,55,Mumbai
CLM0021767,MUM_05052,Bandra,2023-08-05,17,0,0,0,1,1,1,1,1,1,1.0,0.91131,0,0.0,1,5,4,18,0.3073,0.0357,GREEN,35,Mumbai
CLM0021768,MUM_08379,Bandra,2022-10-20,7,0,0,0,0,0,0,0,0,0,0.0,0.378092,0,0.0,0,128,4,0,0.8336,0.0794,GREEN,29,Mumbai
CLM0021769,MUM_01724,Bandra,2018-07-04,7,0,0,0,0,0,0,0,0,0,0.0,0.335394,0,0.0,1,257,1,6,0.7607,0.0088,GREEN,40,Mumbai
CLM0021770,MUM_04273,Chembur,2019-11-29,17,0,0,0,0,0,0,0,0,0,0.0,0.375966,0,1.0,0,237,0,2,0.5691,0.0013,GREEN,52,Mumbai
CLM0021771,MUM_06648,Powai,2019-04-05,17,0,0,0,0,0,0,0,0,0,0.0,0.259037,0,0.0,0,420,1,1,0.0849,0.0249,GREEN,50,Mumbai
CLM0021772,MUM_05035,Borivali,2022-03-07,17,0,0,0,0,0,0,1,0,0,0.0,0.250336,0,0.0,0,227,1,5,0.7031,0.0404,GREEN,49,Mumbai
CLM0021773,MUM_06653,Thane,2025-12-07,16,0,0,0,0,0,0,0,0,0,0.0,0.372017,0,0.0,0,359,1,6,0.8684,0.1007,GREEN,30,Mumbai
CLM0021774,MUM_04568,Bandra,2017-11-01,15,0,0,0,0,0,0,0,0,0,0.0,0.153958,0,0.0,0,75,0,3,0.8511,0.0265,GREEN,53,Mumbai
CLM0021775,MUM_05915,Vashi,2024-10-03,17,0,0,0,0,0,0,0,0,0,0.0,0.185606,0,0.0,0,420,1,3,0.5994,0.0384,GREEN,49,Mumbai
CLM0021776,MUM_08609,Powai,2020-05-03,21,0,0,0,0,0,0,0,0,0,0.0,0.381708,0,0.0,0,354,1,2,0.2036,0.0,GREEN,67,Mumbai
CLM0021777,MUM_01556,Powai,2017-04-18,19,0,0,0,1,1,0,1,1,1,0.0,0.160798,1,0.0,0,36,3,18,0.8754,0.0836,GREEN,37,Mumbai
CLM0021778,MUM_09484,Vashi,2024-04-18,21,0,0,0,0,0,0,0,1,0,0.0,0.07619,0,0.0,0,201,1,5,0.8436,0.0846,GREEN,63,Mumbai
CLM0021779,MUM_08642,Borivali,2020-08-22,7,0,0,0,0,0,1,0,0,0,0.0,0.382439,0,0.0,0,111,1,0,0.9264,0.0883,GREEN,40,Mumbai
CLM0021780,MUM_00051,Andheri,2018-04-02,11,0,0,0,0,0,0,0,0,0,0.0,0.0,0,0.0,0,62,1,3,0.4456,0.0583,GREEN,51,Mumbai
CLM0021781,MUM_00104,Dadar,2017-11-13,19,0,0,0,0,0,0,0,0,0,0.0,1.0,0,0.0,0,344,4,1,0.9742,0.0403,GREEN,28,Mumbai
CLM0021782,MUM_07240,Dadar,2019-05-28,20,0,0,0,0,0,0,0,0,0,0.0,0.287893,1,1.0,1,277,4,4,0.1821,0.1652,GREEN,34,Mumbai
CLM0021783,MUM_03014,Lower Parel,2023-03-29,9,0,0,0,0,0,1,0,0,0,0.0,0.022771,0,0.0,0,163,2,3,0.9213,0.0354,GREEN,28,Mumbai
CLM0021784,MUM_03604,Dadar,2023-06-01,20,0,0,0,0,0,0,0,0,0,0.0,0.294866,0,0.0,0,420,3,2,0.6971,0.0,GREEN,39,Mumbai
CLM0021785,MUM_05472,Bandra,2022-08-15,21,0,0,0,0,0,0,0,0,0,0.0,0.211166,0,0.0,0,40,4,4,0.9077,0.0,GREEN,60,Mumbai
CLM0021786,MUM_00326,Vashi,2025-01-28,20,0,0,0,0,0,0,0,1,1,0.0,0.019368,0,0.0,0,389,3,5,0.05,0.3049,GREEN,48,Mumbai
CLM0021787,MUM_06833,Borivali,2025-02-10,15,0,0,0,0,0,0,0,0,0,1.0,1.0,0,0.0,0,327,2,5,0.4949,0.014,GREEN,50,Mumbai
CLM0021788,MUM_03910,Bandra,2025-01-15,18,0,0,0,0,0,0,0,0,0,0.0,0.427618,0,0.0,0,371,1,0,0.485,0.0,GREEN,54,Mumbai
CLM0021789,MUM_06108,Bandra,2024-07-17,13,0,0,0,0,1,0,1,1,1,1.0,0.877127,0,0.0,1,16,0,18,0.2528,0.0298,GREEN,58,Mumbai
CLM0021790,MUM_09672,Andheri,2021-11-27,8,0,0,0,0,0,0,0,0,0,0.0,0.309518,0,0.0,0,320,1,2,0.8647,0.0659,GREEN,36,Mumbai
CLM0021791,MUM_04287,Bandra,2021-06-06,15,0,0,0,1,0,0,0,0,0,0.0,5.2e-05,0,0.0,0,334,3,0,0.7733,0.0726,GREEN,45,Mumbai
CLM0021792,MUM_04507,Andheri,2025-06-21,10,0,0,0,0,0,0,0,0,0,0.0,0.074785,0,0.0,0,277,0,1,0.98,0.0,GREEN,40,Mumbai
CLM0021793,MUM_02910,Bandra,2025-08-20,17,0,0,0,0,0,0,0,0,0,1.0,0.990529,0,1.0,0,420,1,3,0.8857,0.1096,GREEN,33,Mumbai
CLM0021794,MUM_06834,Lower Parel,2024-04-23,13,0,0,0,0,0,0,0,0,0,0.0,0.143274,0,0.0,0,420,3,1,0.7116,0.0535,GREEN,34,Mumbai
CLM0021795,MUM_09804,Dadar,2025-05-03,16,0,0,0,0,0,0,0,0,0,0.0,0.295646,0,0.0,0,238,3,2,0.5371,0.0017,GREEN,38,Mumbai
CLM0021796,MUM_08894,Thane,2022-05-16,11,0,0,0,0,0,0,1,1,0,0.0,0.401358,0,0.0,0,129,3,0,0.8698,0.255,GREEN,31,Mumbai
CLM0021797,MUM_08052,Ghatkopar,2025-04-08,13,0,0,0,0,0,0,0,0,0,0.0,0.402705,0,0.0,0,153,3,2,0.98,0.017,GREEN,38,Mumbai
CLM0021798,MUM_03947,Powai,2025-01-26,18,0,0,0,0,0,0,0,0,0,0.0,0.346787,0,0.0,0,359,4,2,0.6167,0.0,GREEN,49,Mumbai
CLM0021799,MUM_05909,Ghatkopar,2022-11-03,15,0,0,0,0,1,0,0,0,0,0.0,0.187738,0,0.0,0,420,3,0,0.6121,0.0853,GREEN,28,Mumbai
CLM0021800,MUM_02572,Chembur,2023-05-13,8,0,0,0,1,0,0,0,0,0,0.0,0.295037,0,0.0,0,164,3,4,0.05,0.143,GREEN,42,Mumbai
CLM0021801,MUM_06252,Dadar,2023-12-19,9,0,0,0,0,0,0,0,0,0,0.0,0.297129,0,0.0,0,420,2,4,0.7303,0.0,GREEN,57,Mumbai
CLM0021802,MUM_01875,Borivali,2023-07-07,20,0,0,0,0,0,1,0,1,0,0.0,0.078221,0,0.0,0,261,2,2,0.8074,0.1962,GREEN,58,Mumbai
CLM0021803,MUM_01103,Borivali,2019-01-03,7,0,0,0,0,0,0,0,0,0,0.0,0.320827,0,0.0,0,348,2,5,0.98,0.0,GREEN,56,Mumbai
CLM0021804,MUM_08928,Chembur,2017-02-22,13,0,1,1,0,0,0,0,1,0,0.0,0.030613,0,1.0,0,420,2,0,0.6903,0.1337,GREEN,52,Mumbai
CLM0021805,MUM_03386,Vashi,2019-06-14,11,0,0,0,0,0,0,0,0,0,0.0,0.918946,0,0.0,0,152,2,0,0.1484,0.0284,GREEN,48,Mumbai
CLM0021806,MUM_08377,Vashi,2020-12-18,20,0,0,0,0,0,0,0,0,0,1.0,0.179236,0,0.0,0,420,0,0,0.98,0.0512,GREEN,28,Mumbai
CLM0021807,MUM_03744,Thane,2019-11-26,8,0,1,1,0,0,0,0,0,0,0.0,0.281745,0,0.0,0,288,0,4,0.9058,0.0143,GREEN,42,Mumbai
CLM0021808,MUM_05498,Andheri,2018-12-01,15,0,1,1,0,0,0,0,0,0,0.0,0.323341,0,0.0,0,171,3,3,0.4551,0.0034,GREEN,37,Mumbai
CLM0021809,MUM_09936,Lower Parel,2022-10-10,10,0,0,0,0,0,0,0,0,0,0.0,0.937324,0,0.0,0,364,0,7,0.9479,0.0,GREEN,25,Mumbai
CLM0021810,MUM_02097,Chembur,2021-08-18,17,0,0,0,1,1,0,0,0,0,0.0,1.0,0,0.0,0,420,0,0,0.8977,0.3285,YELLOW,60,Mumbai
CLM0021811,MUM_00512,Thane,2024-02-02,21,0,0,0,0,0,0,0,0,0,0.0,0.239838,1,0.0,0,420,2,3,0.1682,0.1361,GREEN,28,Mumbai
CLM0021812,MUM_05264,Chembur,2023-09-25,7,0,0,0,1,0,0,0,0,0,1.0,0.0,0,0.0,0,207,3,1,0.0776,0.2488,GREEN,35,Mumbai
CLM0021813,MUM_07127,Powai,2020-09-14,15,0,0,0,0,0,0,0,0,0,0.0,0.0,0,1.0,0,82,1,3,0.7961,0.1436,GREEN,22,Mumbai
CLM0021814,MUM_02507,Ghatkopar,2022-05-03,13,0,0,0,0,0,0,0,0,0,0.0,0.140806,0,0.0,0,420,1,3,0.7319,0.0059,GREEN,44,Mumbai
CLM0021815,MUM_01954,Chembur,2024-09-30,10,0,0,0,0,0,1,0,0,0,1.0,0.491991,0,0.0,0,420,3,0,0.9022,0.2013,GREEN,52,Mumbai
CLM0021816,MUM_08000,Vashi,2025-12-01,14,0,0,0,0,0,0,0,0,0,0.0,0.065078,0,0.0,0,376,4,5,0.98,0.0452,GREEN,55,Mumbai
CLM0021817,MUM_06995,Ghatkopar,2024-11-21,10,0,0,0,0,0,0,0,0,0,1.0,0.304866,0,0.0,0,270,4,0,0.5266,0.0204,GREEN,52,Mumbai
CLM0021818,MUM_01688,Chembur,2024-11-27,16,0,0,0,0,0,0,0,0,0,0.0,0.096459,0,0.0,0,190,1,2,0.813,0.0,GREEN,53,Mumbai
CLM0021819,MUM_07653,Powai,2025-03-22,7,0,0,0,0,0,0,0,0,0,0.0,0.219589,0,0.0,0,420,4,3,0.6719,0.0,GREEN,46,Mumbai
CLM0021820,MUM_03308,Bandra,2025-04-30,19,0,0,0,0,0,0,0,0,0,0.0,0.35962,0,0.0,0,199,4,2,0.7101,0.0174,GREEN,36,Mumbai
CLM0021821,MUM_07156,Bandra,2025-02-12,13,0,0,0,0,0,0,0,0,0,0.0,0.397344,0,0.0,0,416,4,3,0.5017,0.0,GREEN,34,Mumbai
CLM0021822,MUM_02796,Borivali,2020-04-29,20,0,0,0,0,0,0,0,0,0,0.0,0.141783,0,0.0,0,329,2,3,0.1375,0.0,GREEN,44,Mumbai
CLM0021823,MUM_00404,Dadar,2022-11-29,15,0,0,0,0,0,1,0,0,0,0.0,0.334503,0,0.0,0,5,3,1,0.6521,0.1177,GREEN,36,Mumbai
CLM0021824,MUM_08897,Vashi,2020-01-24,19,0,0,0,0,0,0,0,0,0,0.0,1.0,0,0.0,0,168,1,4,0.6718,0.0,GREEN,27,Mumbai
CLM0021825,MUM_04830,Dadar,2022-11-17,9,0,0,0,0,0,0,0,0,0,0.0,1.0,0,0.0,0,248,3,0,0.6126,0.0167,GREEN,50,Mumbai
CLM0021826,MUM_09384,Powai,2022-12-17,19,0,0,0,0,0,0,0,0,0,0.0,0.0,0,0.0,0,249,4,2,0.9281,0.0,GREEN,62,Mumbai
CLM0021827,MUM_08155,Dadar,2025-05-15,10,0,0,0,1,0,0,0,0,0,0.0,0.203123,0,0.0,0,420,0,3,0.5564,0.1692,GREEN,51,Mumbai
CLM0021828,MUM_06408,Andheri,2019-06-23,21,0,0,0,0,0,0,0,0,0,0.0,0.219817,0,0.0,0,420,4,0,0.8752,0.0033,GREEN,45,Mumbai
CLM0021829,MUM_08322,Ghatkopar,2023-05-17,18,0,0,0,0,0,1,0,0,0,0.0,0.282015,0,1.0,0,323,1,1,0.0773,0.1952,GREEN,47,Mumbai
CLM0021830,MUM_01819,Andheri,2022-07-23,17,0,0,0,0,0,0,0,0,0,0.0,0.314164,0,0.0,0,357,2,0,0.0823,0.0,GREEN,45,Mumbai
CLM0021831,MUM_04533,Borivali,2021-12-07,14,0,0,0,0,0,0,0,0,0,1.0,1.0,0,0.0,0,343,2,2,0.2941,0.0374,GREEN,52,Mumbai
CLM0021832,MUM_02381,Andheri,2020-08-25,19,0,0,0,0,0,0,1,1,0,0.0,1.0,0,0.0,0,373,0,0,0.656,0.2184,GREEN,34,Mumbai
CLM0021833,MUM_03104,Bandra,2023-08-17,20,0,0,0,0,0,1,0,0,0,0.0,0.210208,0,0.0,0,222,2,3,0.0819,0.0701,GREEN,33,Mumbai
CLM0021834,MUM_07916,Vashi,2022-01-01,11,0,0,0,0,0,0,0,0,0,0.0,0.964788,0,0.0,0,233,2,1,0.7864,0.0968,GREEN,28,Mumbai
CLM0021835,MUM_02572,Chembur,2018-07-27,13,0,0,0,0,0,0,0,0,0,0.0,0.024589,0,0.0,0,368,4,0,0.6196,0.0603,GREEN,42,Mumbai
CLM0021836,MUM_06655,Andheri,2021-12-30,21,0,0,0,0,0,0,0,0,0,0.0,1.0,0,0.0,0,420,2,2,0.6986,0.0436,GREEN,42,Mumbai
CLM0021837,MUM_04716,Borivali,2018-06-29,16,0,0,0,0,0,0,0,0,0,0.0,0.060294,0,0.0,0,218,3,2,0.7496,0.0,GREEN,20,Mumbai
CLM0021838,MUM_09662,Dadar,2019-05-25,9,0,1,1,0,0,0,0,0,0,0.0,0.226828,0,0.0,0,31,2,6,0.641,0.0,GREEN,34,Mumbai
CLM0021839,MUM_06305,Dadar,2017-04-08,12,0,0,0,0,0,0,0,0,0,1.0,0.067826,1,0.0,0,139,2,1,0.8344,0.0685,GREEN,34,Mumbai
CLM0021840,MUM_07064,Chembur,2023-03-12,12,0,0,0,0,0,0,0,0,0,0.0,0.252379,0,0.0,0,78,4,4,0.1876,0.0382,GREEN,52,Mumbai
CLM0021841,MUM_08965,Vashi,2022-09-05,21,0,0,0,0,0,0,0,1,0,1.0,0.113815,0,0.0,0,259,1,3,0.902,0.2406,GREEN,48,Mumbai
CLM0021842,MUM_02304,Dadar,2017-07-03,19,0,1,1,0,0,0,0,0,1,0.0,0.29496,0,0.0,0,213,0,0,0.8149,0.1633,GREEN,45,Mumbai
CLM0021843,MUM_06227,Borivali,2020-10-27,7,0,0,0,0,0,0,0,0,1,0.0,0.0,0,0.0,1,358,3,1,0.7711,0.2249,GREEN,35,Mumbai
CLM0021844,MUM_05310,Andheri,2017-03-30,18,0,0,0,0,0,0,1,0,0,0.0,0.102945,0,0.0,0,382,2,3,0.5611,0.0164,GREEN,25,Mumbai
CLM0021845,MUM_05968,Borivali,2023-10-17,9,0,0,0,1,0,0,0,0,0,0.0,0.372781,0,0.0,0,25,4,2,0.8037,0.3561,YELLOW,38,Mumbai
CLM0021846,MUM_09554,Ghatkopar,2023-12-04,11,0,1,1,0,0,1,1,0,0,0.0,0.346543,0,0.0,0,39,4,1,0.8199,0.1704,GREEN,53,Mumbai
CLM0021847,MUM_00589,Lower Parel,2025-05-23,19,0,0,0,0,0,0,0,0,0,0.0,0.332664,0,0.0,0,265,0,2,0.915,0.0,GREEN,52,Mumbai
CLM0021848,MUM_02179,Lower Parel,2024-06-25,17,0,0,0,0,0,0,0,0,0,0.0,0.220674,0,0.0,0,420,4,1,0.1638,0.0,GREEN,39,Mumbai
CLM0021849,MUM_00957,Andheri,2025-06-23,10,0,0,0,0,0,0,0,0,0,1.0,0.451891,0,0.0,0,420,3,3,0.5934,0.0966,GREEN,60,Mumbai
CLM0021850,MUM_08630,Lower Parel,2021-09-02,8,0,0,0,0,0,0,0,0,0,0.0,0.380798,0,0.0,0,420,2,3,0.1191,0.0,GREEN,46,Mumbai
CLM0021851,MUM_08349,Ghatkopar,2023-12-05,11,0,0,0,0,0,0,0,0,0,0.0,0.307701,0,0.0,0,101,3,3,0.7888,0.0,GREEN,45,Mumbai
CLM0021852,MUM_01472,Powai,2020-05-26,8,0,0,0,1,1,1,1,0,0,1.0,0.18487,0,1.0,1,5,2,16,0.2564,0.2492,GREEN,22,Mumbai
CLM0021853,MUM_07572,Chembur,2023-10-18,11,0,0,0,0,0,1,0,0,0,0.0,0.0,0,0.0,0,420,0,2,0.8145,0.1075,GREEN,46,Mumbai
CLM0021854,MUM_09560,Thane,2018-04-24,17,0,0,0,0,0,0,0,0,0,0.0,0.170048,0,0.0,0,108,1,3,0.064,0.0,GREEN,39,Mumbai
CLM0021855,MUM_02605,Borivali,2023-09-16,19,0,0,0,0,0,0,0,0,0,0.0,0.295069,0,0.0,0,87,4,6,0.7005,0.0,GREEN,53,Mumbai
CLM0021856,MUM_05159,Andheri,2023-10-06,21,0,0,0,0,0,0,0,0,0,0.0,0.011482,0,0.0,0,199,4,0,0.7859,0.1328,GREEN,37,Mumbai
CLM0021857,MUM_06351,Powai,2018-03-23,20,0,0,0,0,0,0,0,0,0,0.0,1.0,0,0.0,0,273,4,4,0.6766,0.0,GREEN,34,Mumbai
CLM0021858,MUM_06874,Dadar,2025-12-07,12,0,0,0,0,0,0,0,0,0,0.0,0.229636,0,0.0,0,324,0,2,0.9383,0.0863,GREEN,33,Mumbai
CLM0021859,MUM_03568,Bandra,2020-09-09,17,0,0,0,0,0,0,0,0,0,0.0,0.368538,0,0.0,0,82,1,1,0.05,0.0,GREEN,49,Mumbai
CLM0021860,MUM_01490,Chembur,2019-02-08,15,0,0,0,0,0,0,0,0,0,0.0,0.151659,0,0.0,0,203,3,2,0.6685,0.0744,GREEN,35,Mumbai
CLM0021861,MUM_04534,Vashi,2023-10-19,11,0,0,0,0,0,0,0,1,0,0.0,0.358828,0,0.0,0,331,4,0,0.823,0.0032,GREEN,57,Mumbai
CLM0021862,MUM_09175,Bandra,2025-12-13,7,0,0,0,1,0,0,1,1,0,1.0,1.0,0,1.0,1,9,2,18,0.4123,0.0,GREEN,48,Mumbai
CLM0021863,MUM_08967,Lower Parel,2022-04-17,8,0,0,0,0,0,0,0,0,0,0.0,0.343711,0,0.0,0,182,1,1,0.05,0.0,GREEN,56,Mumbai
CLM0021864,MUM_04169,Dadar,2022-12-11,21,0,0,0,0,0,0,1,0,1,1.0,0.179718,0,0.0,0,59,2,2,0.7903,0.0,GREEN,47,Mumbai
CLM0021865,MUM_06169,Chembur,2022-09-01,13,0,1,1,0,0,0,0,0,0,0.0,0.110568,0,0.0,0,351,3,3,0.6948,0.0181,GREEN,49,Mumbai
CLM0021866,MUM_03894,Lower Parel,2022-12-15,16,0,0,0,0,0,0,0,0,0,0.0,0.11793,0,0.0,0,420,3,3,0.956,0.0762,GREEN,39,Mumbai
CLM0021867,MUM_03365,Ghatkopar,2022-12-19,9,0,0,0,1,0,0,1,0,0,0.0,0.036476,0,0.0,0,178,2,4,0.98,0.2509,GREEN,61,Mumbai
CLM0021868,MUM_00377,Dadar,2023-12-18,8,0,0,0,0,0,0,0,0,1,0.0,0.335149,1,0.0,0,341,1,3,0.5425,0.2438,GREEN,52,Mumbai
CLM0021869,MUM_05705,Bandra,2025-05-11,17,0,0,0,0,0,0,0,0,0,0.0,0.291025,0,1.0,0,365,1,4,0.5926,0.0,GREEN,18,Mumbai
CLM0021870,MUM_09427,Lower Parel,2024-07-18,8,0,0,0,0,0,0,0,0,0,0.0,0.050224,0,0.0,0,138,0,1,0.8353,0.0,GREEN,37,Mumbai
CLM0021871,MUM_06793,Chembur,2023-03-10,21,0,0,0,0,0,0,0,0,0,0.0,0.001339,1,0.0,0,219,4,5,0.98,0.0855,GREEN,32,Mumbai
CLM0021872,MUM_00062,Chembur,2021-01-27,7,0,0,0,0,0,0,0,0,0,0.0,0.0,0,0.0,0,386,1,6,0.1895,0.0,GREEN,53,Mumbai
CLM0021873,MUM_08285,Ghatkopar,2020-12-09,20,0,0,0,0,0,0,0,0,0,1.0,0.0,0,0.0,0,351,4,3,0.9526,0.0671,GREEN,34,Mumbai
CLM0021874,MUM_04191,Ghatkopar,2021-10-01,19,0,0,0,0,0,0,0,0,0,0.0,0.463102,0,0.0,0,238,0,0,0.8636,0.0,GREEN,32,Mumbai
CLM0021875,MUM_01635,Powai,2022-01-29,16,0,0,0,0,0,0,1,0,0,0.0,0.214753,0,0.0,0,354,2,0,0.1162,0.0471,GREEN,39,Mumbai
CLM0021876,MUM_06298,Dadar,2025-12-02,10,0,0,0,0,0,0,1,0,0,0.0,0.0,0,0.0,0,204,1,5,0.5924,0.1295,GREEN,24,Mumbai
CLM0021877,MUM_01668,Chembur,2024-12-16,12,0,0,0,0,0,0,0,0,0,0.0,0.083561,0,0.0,0,157,3,1,0.3158,0.0,GREEN,25,Mumbai
CLM0021878,MUM_02577,Powai,2025-01-04,19,0,0,0,0,0,0,0,0,0,0.0,0.359267,0,0.0,0,142,0,1,0.776,0.0898,GREEN,37,Mumbai
CLM0021879,MUM_06813,Lower Parel,2020-04-21,12,0,0,0,0,0,0,0,1,0,0.0,0.27576,0,0.0,0,338,2,1,0.1795,0.0895,GREEN,42,Mumbai
CLM0021880,MUM_01284,Andheri,2023-05-17,19,0,0,0,0,0,0,0,0,0,0.0,0.331932,1,0.0,0,224,4,6,0.5017,0.0896,GREEN,47,Mumbai
CLM0021881,MUM_00231,Borivali,2021-08-19,7,0,0,0,0,0,0,0,0,0,1.0,0.079521,0,0.0,0,420,0,1,0.7011,0.1124,GREEN,37,Mumbai
CLM0021882,MUM_05296,Thane,2017-03-04,17,0,0,0,0,0,0,0,0,0,0.0,0.127624,0,0.0,0,397,1,4,0.5681,0.0,GREEN,40,Mumbai
CLM0021883,MUM_01786,Thane,2016-03-24,12,0,0,0,0,0,0,0,0,0,1.0,0.042052,0,0.0,0,339,0,3,0.6917,0.1636,GREEN,53,Mumbai
CLM0021884,MUM_00630,Andheri,2024-05-23,17,0,0,0,0,0,0,0,0,0,0.0,0.193012,0,0.0,0,420,3,3,0.98,0.0,GREEN,38,Mumbai
CLM0021885,MUM_01764,Thane,2025-06-22,13,0,1,1,0,0,0,0,0,0,0.0,0.143594,0,0.0,0,420,2,1,0.7803,0.0,GREEN,53,Mumbai
CLM0021886,MUM_01243,Vashi,2022-09-06,12,0,0,0,0,0,0,0,0,0,0.0,0.944259,0,0.0,0,94,0,2,0.8649,0.0243,GREEN,54,Mumbai
CLM0021887,MUM_09149,Dadar,2019-10-29,8,0,0,0,0,0,0,1,1,1,0.0,0.100976,0,0.0,1,17,1,18,0.98,0.0265,GREEN,38,Mumbai
CLM0021888,MUM_00019,Lower Parel,2022-08-14,12,0,0,0,0,0,0,0,0,0,0.0,0.333855,0,0.0,0,208,3,5,0.6434,0.1278,GREEN,37,Mumbai
CLM0021889,MUM_04926,Ghatkopar,2024-06-16,11,0,0,0,1,0,0,0,0,0,0.0,0.066659,0,0.0,0,222,3,5,0.5962,0.2193,GREEN,46,Mumbai
CLM0021890,MUM_03859,Powai,2016-04-03,10,0,0,0,0,0,1,0,0,0,1.0,0.401741,0,0.0,0,267,2,1,0.689,0.1357,GREEN,48,Mumbai
CLM0021891,MUM_04016,Lower Parel,2020-08-23,21,0,0,0,0,0,1,0,0,0,0.0,0.199767,0,0.0,0,420,1,0,0.8325,0.151,GREEN,39,Mumbai
CLM0021892,MUM_05381,Chembur,2020-01-22,10,0,0,0,0,0,0,0,0,0,0.0,0.31757,0,0.0,0,420,3,1,0.7429,0.0,GREEN,22,Mumbai
CLM0021893,MUM_02109,Andheri,2022-06-27,7,0,0,0,1,0,0,0,0,0,0.0,0.083254,0,0.0,0,135,4,0,0.7604,0.193,GREEN,55,Mumbai
CLM0021894,MUM_03158,Powai,2021-07-17,16,0,0,0,0,0,1,0,0,0,0.0,0.293235,0,0.0,0,129,3,0,0.7749,0.1747,GREEN,46,Mumbai
CLM0021895,MUM_03468,Andheri,2020-01-05,16,0,0,0,0,0,0,0,0,0,0.0,0.328236,0,0.0,0,29,4,0,0.6373,0.0365,GREEN,19,Mumbai
CLM0021896,MUM_07629,Thane,2019-06-13,21,0,0,0,0,1,0,0,0,0,0.0,0.121114,0,0.0,0,227,4,5,0.5451,0.0876,GREEN,59,Mumbai
CLM0021897,MUM_05989,Thane,2025-05-21,21,0,0,0,0,0,0,0,0,0,0.0,0.152207,0,0.0,0,187,0,6,0.6507,0.0,GREEN,59,Mumbai
CLM0021898,MUM_01103,Borivali,2025-04-03,7,0,0,0,1,0,0,1,0,0,0.0,0.205575,0,0.0,0,408,1,0,0.9479,0.3034,GREEN,56,Mumbai
CLM0021899,MUM_09317,Vashi,2024-08-04,15,0,0,0,0,0,0,0,0,0,0.0,0.182631,0,0.0,0,170,3,5,0.9725,0.0644,GREEN,47,Mumbai
CLM0021900,MUM_06670,Borivali,2024-01-31,21,0,0,0,0,1,0,1,1,0,1.0,1.0,1,0.0,0,5,3,18,0.404,0.0,GREEN,30,Mumbai
CLM0021901,MUM_07856,Ghatkopar,2019-10-04,12,0,0,0,0,0,0,1,0,0,0.0,0.124041,0,0.0,0,44,3,0,0.6545,0.0478,GREEN,35,Mumbai
CLM0021902,MUM_09712,Lower Parel,2021-12-19,20,0,0,0,0,0,0,0,0,0,0.0,0.016454,0,0.0,0,366,2,2,0.6782,0.0509,GREEN,37,Mumbai
CLM0021903,MUM_01760,Andheri,2022-11-08,16,0,1,1,0,0,0,0,0,0,0.0,0.08973,0,0.0,0,323,2,7,0.903,0.0,GREEN,39,Mumbai
CLM0021904,MUM_00158,Lower Parel,2019-10-11,10,0,0,0,0,0,0,0,0,0,0.0,0.145412,1,0.0,0,164,4,4,0.6198,0.0558,GREEN,35,Mumbai
CLM0021905,MUM_06931,Chembur,2020-02-19,19,0,0,0,0,0,0,0,0,0,0.0,0.017883,0,0.0,0,373,3,3,0.98,0.0,GREEN,33,Mumbai
CLM0021906,MUM_09546,Vashi,2021-12-30,12,0,0,0,0,0,0,0,0,0,0.0,0.259414,0,0.0,1,362,0,1,0.5538,0.0804,GREEN,39,Mumbai
CLM0021907,MUM_08588,Bandra,2020-03-04,14,0,0,0,0,0,0,0,0,0,0.0,0.011513,1,0.0,0,230,0,8,0.7677,0.0913,GREEN,46,Mumbai
CLM0021908,MUM_09045,Ghatkopar,2025-11-20,7,0,0,0,1,0,0,0,0,0,0.0,0.329147,0,0.0,0,257,2,1,0.05,0.1878,GREEN,49,Mumbai
CLM0021909,MUM_03220,Bandra,2016-01-19,17,0,0,0,0,0,1,0,0,0,1.0,0.286642,0,0.0,0,199,0,1,0.7671,0.1143,GREEN,44,Mumbai
CLM0021910,MUM_09519,Vashi,2021-06-05,19,0,1,1,0,0,0,0,0,0,0.0,0.164514,0,0.0,0,368,0,6,0.5307,0.0,GREEN,49,Mumbai
CLM0021911,MUM_09845,Powai,2019-07-22,19,0,0,0,0,0,1,0,1,0,0.0,0.344332,0,0.0,0,153,1,0,0.483,0.2142,GREEN,36,Mumbai
CLM0021912,MUM_00245,Andheri,2024-01-19,17,0,0,0,1,0,1,1,1,1,0.0,0.161589,1,0.0,0,13,3,13,0.8263,0.3595,YELLOW,18,Mumbai
CLM0021913,MUM_09916,Chembur,2019-06-17,8,0,0,0,0,0,0,0,0,1,0.0,0.22653,0,0.0,0,326,1,0,0.67,0.1705,GREEN,51,Mumbai
CLM0021914,MUM_09344,Andheri,2025-02-06,20,0,0,0,0,0,0,0,0,0,0.0,0.063055,0,1.0,0,161,2,2,0.7621,0.0558,GREEN,47,Mumbai
CLM0021915,MUM_05920,Andheri,2023-07-06,15,0,0,0,0,0,0,0,0,0,0.0,0.330336,0,0.0,0,205,3,2,0.646,0.0759,GREEN,39,Mumbai
CLM0021916,MUM_08113,Thane,2022-05-16,15,0,0,0,0,0,1,0,1,0,0.0,0.0,1,0.0,0,388,4,3,0.5618,0.2723,GREEN,37,Mumbai
CLM0021917,MUM_07773,Bandra,2025-11-15,8,0,0,0,0,1,1,0,0,0,0.0,0.279932,0,0.0,0,420,4,0,0.98,0.2689,GREEN,30,Mumbai
CLM0021918,MUM_06764,Dadar,2021-05-31,17,0,0,0,0,0,0,0,0,0,0.0,0.069961,0,0.0,0,82,0,2,0.7819,0.0471,GREEN,58,Mumbai
CLM0021919,MUM_00563,Powai,2021-08-07,18,0,0,0,0,0,0,0,0,0,0.0,0.157703,0,0.0,0,137,4,0,0.8045,0.0137,GREEN,44,Mumbai
CLM0021920,MUM_06892,Vashi,2021-03-18,10,0,0,0,0,0,0,0,0,0,0.0,0.28447,0,0.0,0,167,4,0,0.8484,0.0,GREEN,29,Mumbai
CLM0021921,MUM_01568,Borivali,2023-11-04,18,0,0,0,0,0,0,0,0,0,0.0,0.134839,0,0.0,1,210,2,8,0.8096,0.0451,GREEN,18,Mumbai
CLM0021922,MUM_06725,Thane,2022-08-11,21,0,0,0,0,0,0,0,0,0,0.0,0.003312,0,0.0,0,128,1,0,0.077,0.0761,GREEN,51,Mumbai
CLM0021923,MUM_09636,Bandra,2019-11-01,9,0,0,0,0,0,1,0,0,0,0.0,1.0,0,0.0,0,420,1,7,0.0755,0.1625,GREEN,42,Mumbai
CLM0021924,MUM_03952,Borivali,2024-03-10,18,0,0,0,0,0,0,0,0,0,0.0,0.119742,1,0.0,0,190,2,2,0.6682,0.107,GREEN,44,Mumbai
CLM0021925,MUM_08501,Thane,2025-11-10,19,0,0,0,0,0,0,0,0,0,0.0,0.0,1,0.0,1,86,0,2,0.4808,0.0766,GREEN,33,Mumbai
CLM0021926,MUM_09194,Powai,2020-03-30,18,0,0,0,0,0,0,1,0,0,0.0,0.256172,0,0.0,0,247,4,3,0.9251,0.0037,GREEN,39,Mumbai
CLM0021927,MUM_08759,Ghatkopar,2022-01-07,20,0,0,0,1,0,0,0,0,0,0.0,0.405879,0,0.0,0,254,3,3,0.1782,0.0917,GREEN,22,Mumbai
CLM0021928,MUM_00540,Lower Parel,2021-10-11,20,0,0,0,0,0,0,0,0,1,0.0,0.281144,0,0.0,0,12,2,5,0.8014,0.1865,GREEN,47,Mumbai
CLM0021929,MUM_02016,Bandra,2022-12-02,11,0,0,0,0,0,0,0,0,0,0.0,0.355032,0,0.0,0,314,2,1,0.8055,0.0,GREEN,30,Mumbai
CLM0021930,MUM_08857,Vashi,2018-09-04,21,0,0,0,0,0,0,1,0,0,0.0,0.33841,0,0.0,0,142,1,0,0.5391,0.0612,GREEN,45,Mumbai
CLM0021931,MUM_04139,Dadar,2019-11-19,19,0,0,0,1,0,1,0,0,0,0.0,0.260231,0,0.0,0,152,0,0,0.6584,0.2264,GREEN,56,Mumbai
CLM0021932,MUM_09721,Bandra,2018-02-22,20,0,0,0,0,0,0,0,0,0,0.0,0.387893,0,0.0,0,158,0,3,0.98,0.0,GREEN,44,Mumbai
CLM0021933,MUM_02174,Lower Parel,2019-04-23,15,0,0,0,0,0,0,0,0,0,1.0,0.330379,0,0.0,0,340,4,2,0.5168,0.0728,GREEN,54,Mumbai
CLM0021934,MUM_03354,Andheri,2020-07-08,20,0,0,0,0,0,0,0,0,0,0.0,0.368479,0,0.0,0,174,0,3,0.7374,0.0791,GREEN,50,Mumbai
CLM0021935,MUM_05583,Lower Parel,2016-09-18,12,0,0,0,0,0,0,0,0,0,0.0,0.256589,0,1.0,0,225,3,2,0.9186,0.0176,GREEN,37,Mumbai
CLM0021936,MUM_02444,Thane,2025-11-24,14,0,0,0,0,0,0,1,0,0,0.0,0.070281,0,0.0,0,347,4,0,0.9373,0.0432,GREEN,46,Mumbai
CLM0021937,MUM_04374,Bandra,2024-07-22,14,0,0,0,0,0,0,0,1,0,0.0,0.073586,0,0.0,0,121,4,0,0.5769,0.1218,GREEN,42,Mumbai
CLM0021938,MUM_01711,Andheri,2024-02-02,11,0,0,0,1,0,0,0,0,0,0.0,0.0,0,0.0,0,420,4,4,0.8908,0.1117,GREEN,39,Mumbai
CLM0021939,MUM_02119,Ghatkopar,2020-08-28,17,0,0,0,0,0,1,1,0,0,1.0,1.0,0,0.0,1,12,3,18,0.2626,0.1401,GREEN,43,Mumbai
CLM0021940,MUM_09055,Dadar,2022-09-05,21,0,0,0,0,0,0,0,0,0,0.0,0.408972,0,0.0,0,229,2,2,0.8267,0.0308,GREEN,44,Mumbai
CLM0021941,MUM_03913,Borivali,2020-04-11,7,0,0,0,1,0,0,0,0,0,0.0,0.224478,0,0.0,0,272,3,3,0.1628,0.1991,GREEN,36,Mumbai
CLM0021942,MUM_08021,Thane,2019-07-14,15,0,0,0,0,0,0,0,0,0,0.0,0.340624,0,0.0,0,420,1,3,0.533,0.1118,GREEN,24,Mumbai
CLM0021943,MUM_02430,Dadar,2024-10-16,15,0,0,0,0,0,0,0,0,0,0.0,0.264436,0,0.0,0,420,1,4,0.8037,0.0,GREEN,37,Mumbai
CLM0021944,MUM_03688,Andheri,2025-02-10,14,0,0,0,0,0,0,0,0,1,0.0,0.390539,0,0.0,0,249,3,7,0.7862,0.1559,GREEN,44,Mumbai
CLM0021945,MUM_09233,Vashi,2024-06-26,17,0,0,0,1,0,0,1,1,0,0.0,0.951512,1,1.0,0,13,3,18,0.7827,0.0289,GREEN,31,Mumbai
CLM0021946,MUM_00134,Ghatkopar,2024-12-08,20,0,0,0,0,0,0,0,0,0,0.0,0.036575,0,0.0,1,367,2,4,0.7345,0.0169,GREEN,51,Mumbai
CLM0021947,MUM_03911,Vashi,2021-03-02,17,0,0,0,1,0,0,0,0,0,0.0,0.967947,0,0.0,0,252,0,1,0.0628,0.1275,GREEN,47,Mumbai
CLM0021948,MUM_08977,Chembur,2019-12-24,20,0,0,0,0,0,1,0,0,0,0.0,0.146065,0,0.0,0,52,4,5,0.696,0.1277,GREEN,50,Mumbai
CLM0021949,MUM_02146,Chembur,2022-06-02,11,0,0,0,0,0,0,0,0,0,0.0,1.0,0,0.0,0,136,1,5,0.8358,0.0067,GREEN,49,Mumbai
CLM0021950,MUM_04276,Dadar,2025-05-02,7,0,0,0,0,1,1,0,0,0,0.0,0.190248,0,0.0,0,191,4,2,0.5169,0.2748,GREEN,34,Mumbai
CLM0021951,MUM_03221,Vashi,2023-07-14,11,0,0,0,0,0,0,0,1,0,0.0,0.136885,0,1.0,0,90,4,0,0.7934,0.134,GREEN,55,Mumbai
CLM0021952,MUM_01274,Dadar,2019-08-18,21,0,0,0,0,0,0,0,0,0,0.0,0.992701,1,0.0,0,361,1,0,0.5571,0.148,GREEN,38,Mumbai
CLM0021953,MUM_00659,Bandra,2019-10-16,20,0,0,0,0,0,0,0,0,0,0.0,0.12864,0,0.0,0,369,2,1,0.05,0.0,GREEN,35,Mumbai
CLM0021954,MUM_00726,Borivali,2024-03-06,21,0,0,0,1,0,0,0,0,0,0.0,0.304941,0,0.0,0,290,3,2,0.5074,0.1559,GREEN,35,Mumbai
CLM0021955,MUM_00451,Andheri,2025-03-02,13,0,0,0,0,0,0,0,0,0,0.0,0.054252,0,0.0,0,40,0,2,0.5338,0.0,GREEN,36,Mumbai
CLM0021956,MUM_02118,Lower Parel,2024-06-28,13,0,0,0,0,0,0,0,1,1,0.0,0.385254,0,0.0,0,55,4,3,0.621,0.2292,GREEN,37,Mumbai
CLM0021957,MUM_03695,Chembur,2023-06-06,10,0,0,0,0,0,0,0,0,0,0.0,0.014919,0,0.0,1,179,4,0,0.7293,0.0,GREEN,34,Mumbai
CLM0021958,MUM_05094,Andheri,2025-10-31,9,0,0,0,1,0,0,0,0,0,0.0,0.442293,0,0.0,0,125,0,2,0.6431,0.1296,GREEN,52,Mumbai
CLM0021959,MUM_05423,Chembur,2023-12-15,8,0,0,0,0,0,0,0,0,0,0.0,0.361523,0,0.0,0,180,1,0,0.4844,0.1514,GREEN,45,Mumbai
CLM0021960,MUM_01600,Chembur,2023-06-03,14,0,0,0,0,0,0,0,0,0,1.0,0.356794,1,0.0,0,326,0,1,0.8041,0.189,GREEN,48,Mumbai
CLM0021961,MUM_06539,Vashi,2024-10-21,14,0,0,0,0,0,0,1,0,0,0.0,0.166607,0,1.0,0,142,2,5,0.8061,0.0997,GREEN,38,Mumbai
CLM0021962,MUM_04142,Ghatkopar,2024-03-04,16,0,0,0,1,1,0,1,1,0,1.0,0.095995,1,1.0,1,5,1,18,0.159,0.1336,GREEN,29,Mumbai
CLM0021963,MUM_04796,Chembur,2024-01-26,19,0,0,0,0,0,0,0,0,0,0.0,0.214727,0,0.0,0,420,2,1,0.8879,0.0064,GREEN,51,Mumbai
CLM0021964,MUM_09569,Vashi,2025-07-03,17,0,0,0,0,0,0,0,0,0,0.0,0.229252,0,0.0,0,292,1,5,0.1327,0.0826,GREEN,51,Mumbai
CLM0021965,MUM_00855,Thane,2025-08-02,9,0,0,0,0,0,1,0,0,0,0.0,0.297122,0,0.0,0,128,2,4,0.6531,0.037,GREEN,55,Mumbai
CLM0021966,MUM_05965,Ghatkopar,2024-10-28,7,0,0,0,0,0,0,0,0,0,0.0,0.111442,0,0.0,0,166,1,4,0.8701,0.005,GREEN,31,Mumbai
CLM0021967,MUM_06076,Thane,2025-02-12,18,0,0,0,0,0,0,0,0,0,0.0,0.093656,0,0.0,0,218,1,3,0.9774,0.0,GREEN,30,Mumbai
CLM0021968,MUM_03761,Lower Parel,2025-10-04,16,0,0,0,0,0,0,0,0,0,0.0,0.404609,0,0.0,0,49,3,6,0.3739,0.0273,GREEN,60,Mumbai
CLM0021969,MUM_01449,Andheri,2025-06-23,19,0,0,0,0,0,0,0,0,0,1.0,0.073074,1,0.0,0,318,3,4,0.9033,0.1564,GREEN,40,Mumbai
CLM0021970,MUM_05171,Bandra,2025-06-07,19,0,0,0,0,0,0,0,0,0,0.0,0.185841,0,0.0,0,233,4,2,0.709,0.0,GREEN,51,Mumbai
CLM0021971,MUM_06022,Chembur,2024-09-26,18,0,1,1,0,1,0,1,1,0,0.0,0.995727,0,0.0,0,5,0,18,0.2718,0.5376,YELLOW,58,Mumbai
CLM0021972,MUM_07230,Bandra,2022-08-22,15,0,1,1,1,1,1,1,0,1,1.0,1.0,1,0.0,1,5,1,18,0.474,0.7229,RED,18,Mumbai
CLM0021973,MUM_06364,Powai,2025-03-20,11,0,1,1,1,1,0,1,1,0,1.0,0.243298,1,1.0,1,7,1,18,0.2069,0.7148,RED,42,Mumbai
CLM0021974,MUM_04861,Dadar,2020-10-05,19,0,1,1,0,1,0,1,1,0,1.0,1.0,0,1.0,0,5,1,18,0.7009,0.3242,YELLOW,48,Mumbai
CLM0021975,MUM_03419,Thane,2021-04-27,14,0,1,1,1,1,0,1,1,0,1.0,0.510649,1,1.0,1,25,0,18,0.05,0.5422,YELLOW,29,Mumbai
CLM0021976,MUM_00458,Powai,2022-03-30,20,0,1,1,0,1,1,1,0,1,0.0,1.0,0,1.0,1,5,0,18,0.0657,0.7589,RED,45,Mumbai
CLM0021977,MUM_05761,Chembur,2021-07-29,7,0,1,1,1,1,0,0,0,1,0.0,0.09669,0,0.0,0,12,2,18,0.8896,0.5264,YELLOW,30,Mumbai
CLM0021978,MUM_08817,Thane,2022-11-29,16,0,1,1,0,1,1,1,0,1,0.0,0.098284,0,0.0,1,6,2,18,0.9138,0.6885,RED,25,Mumbai
CLM0021979,MUM_09611,Ghatkopar,2020-07-31,20,0,0,0,0,0,0,0,0,0,0.0,0.091268,1,0.0,0,162,2,4,0.7955,0.0207,GREEN,35,Mumbai
CLM0021980,MUM_03821,Chembur,2017-02-01,17,0,0,0,0,0,0,0,0,0,1.0,0.075879,0,0.0,1,420,3,3,0.8787,0.2274,GREEN,41,Mumbai
CLM0021981,MUM_03693,Chembur,2020-12-10,20,0,0,0,0,0,0,0,0,0,0.0,0.169615,0,0.0,0,51,2,3,0.98,0.0,GREEN,39,Mumbai
CLM0021982,MUM_03497,Borivali,2024-04-28,20,0,0,0,0,0,0,0,0,0,0.0,0.114195,0,0.0,0,347,3,4,0.7166,0.0,GREEN,29,Mumbai
CLM0021983,MUM_09621,Bandra,2020-06-17,7,0,0,0,0,0,0,0,0,0,0.0,0.240388,0,0.0,0,60,0,0,0.98,0.0636,GREEN,18,Mumbai
CLM0021984,MUM_09373,Borivali,2018-03-18,13,0,0,0,0,0,0,0,0,0,0.0,0.430957,0,0.0,0,154,4,2,0.3086,0.0261,GREEN,29,Mumbai
CLM0021985,MUM_02989,Andheri,2021-08-15,11,0,0,0,0,0,0,0,0,0,0.0,0.257033,0,0.0,0,65,4,1,0.7808,0.0506,GREEN,50,Mumbai
CLM0021986,MUM_03744,Thane,2022-10-27,10,0,0,0,0,0,0,0,0,1,1.0,0.087204,0,0.0,0,400,3,6,0.98,0.1578,GREEN,42,Mumbai
CLM0021987,MUM_02887,Powai,2023-12-09,8,0,0,0,0,0,1,0,1,0,1.0,0.070105,0,1.0,1,16,0,18,0.0842,0.036,GREEN,55,Mumbai
CLM0021988,MUM_09268,Thane,2024-01-29,19,0,0,0,0,0,0,0,0,0,0.0,0.0,0,0.0,0,420,2,1,0.98,0.0,GREEN,47,Mumbai
CLM0021989,MUM_07824,Vashi,2025-06-25,8,0,0,0,0,0,0,0,0,0,0.0,1.0,0,0.0,0,420,2,1,0.8869,0.0582,GREEN,42,Mumbai
CLM0021990,MUM_07916,Vashi,2022-11-01,9,0,0,0,0,0,0,0,0,0,0.0,0.198824,1,0.0,0,276,4,2,0.5905,0.0224,GREEN,28,Mumbai
CLM0021991,MUM_02954,Andheri,2021-09-22,10,0,0,0,0,0,0,0,0,0,0.0,0.944687,0,0.0,0,28,3,5,0.6393,0.0961,GREEN,48,Mumbai
CLM0021992,MUM_06953,Vashi,2020-09-02,14,0,0,0,0,0,0,0,0,0,0.0,0.063724,0,0.0,0,160,4,4,0.8738,0.0783,GREEN,40,Mumbai
CLM0021993,MUM_04294,Dadar,2025-02-25,16,0,0,0,0,0,0,0,0,0,0.0,0.025432,0,0.0,0,265,3,5,0.0892,0.0,GREEN,32,Mumbai
CLM0021994,MUM_04290,Andheri,2020-06-21,11,0,0,0,0,0,0,1,0,0,0.0,0.354386,0,0.0,0,82,2,0,0.6522,0.0096,GREEN,44,Mumbai
CLM0021995,MUM_01587,Chembur,2021-02-06,17,0,0,0,0,0,0,0,0,0,0.0,0.374685,0,0.0,0,108,4,0,0.1787,0.1144,GREEN,52,Mumbai
CLM0021996,MUM_03902,Borivali,2024-04-01,7,0,0,0,0,0,0,0,0,0,0.0,0.287515,0,0.0,0,248,1,3,0.5499,0.1079,GREEN,45,Mumbai
CLM0021997,MUM_00882,Borivali,2021-09-16,11,0,0,0,1,1,0,1,0,0,0.0,0.035758,0,0.0,0,20,4,18,0.8319,0.082,GREEN,46,Mumbai
CLM0021998,MUM_08810,Andheri,2025-05-03,14,0,0,0,1,1,1,1,1,0,0.0,0.262142,0,1.0,0,5,3,18,0.1327,0.0607,GREEN,39,Mumbai
CLM0021999,MUM_04098,Vashi,2022-03-03,14,0,0,0,0,0,0,0,0,0,0.0,1.0,0,0.0,0,320,2,0,0.5692,0.1095,GREEN,45,Mumbai
CLM0022000,MUM_04512,Andheri,2025-06-21,13,0,0,0,0,0,0,0,0,0,0.0,0.303301,0,0.0,0,420,3,1,0.745,0.1091,GREEN,43,Mumbai
CLM0022001,MUM_05047,Andheri,2024-03-06,15,0,0,0,0,0,0,0,0,0,0.0,0.194327,0,0.0,0,332,3,1,0.797,0.0,GREEN,50,Mumbai
CLM0022002,MUM_09347,Borivali,2021-03-04,20,0,0,0,0,1,0,0,0,0,0.0,0.204487,0,0.0,0,409,4,0,0.3887,0.1945,GREEN,32,Mumbai
CLM0022003,MUM_05591,Vashi,2022-12-03,9,0,0,0,0,0,0,0,0,0,0.0,0.396541,1,0.0,0,307,0,5,0.98,0.0687,GREEN,29,Mumbai
CLM0022004,MUM_04125,Thane,2022-03-28,7,0,0,0,0,0,0,0,0,0,0.0,0.267049,0,1.0,0,236,0,0,0.9141,0.0,GREEN,44,Mumbai
CLM0022005,MUM_06298,Dadar,2021-10-25,15,0,0,0,0,0,0,0,0,0,0.0,0.050791,0,0.0,0,34,2,2,0.8259,0.0204,GREEN,24,Mumbai
CLM0022006,MUM_03824,Borivali,2022-06-08,17,0,0,0,0,0,0,1,0,0,0.0,0.351315,0,0.0,0,33,0,2,0.5736,0.0477,GREEN,61,Mumbai
CLM0022007,MUM_08428,Bandra,2025-10-12,13,0,1,1,0,0,0,0,0,0,0.0,0.328812,0,0.0,1,420,2,0,0.8718,0.0899,GREEN,45,Mumbai
CLM0022008,MUM_01498,Borivali,2024-09-06,12,0,0,0,0,0,1,0,0,0,0.0,0.776588,0,0.0,0,400,4,0,0.98,0.1556,GREEN,55,Mumbai
CLM0022009,MUM_04582,Thane,2025-11-04,21,0,0,0,0,0,0,0,0,0,0.0,0.233086,0,0.0,0,117,0,2,0.7983,0.0,GREEN,61,Mumbai
CLM0022010,MUM_03065,Chembur,2024-12-07,19,0,0,0,0,0,0,0,0,0,0.0,0.067188,0,0.0,0,416,4,3,0.9621,0.0179,GREEN,31,Mumbai
CLM0022011,MUM_01303,Vashi,2024-02-08,13,0,0,0,0,0,0,0,0,1,0.0,0.93726,0,0.0,0,409,4,0,0.3533,0.1069,GREEN,49,Mumbai
CLM0022012,MUM_07034,Bandra,2020-12-17,21,0,0,0,0,0,1,0,0,0,0.0,0.330203,0,0.0,0,420,1,3,0.8514,0.061,GREEN,32,Mumbai
CLM0022013,MUM_00382,Chembur,2019-01-30,10,0,0,0,0,0,0,1,0,0,0.0,0.443479,0,0.0,0,65,3,0,0.5637,0.0501,GREEN,55,Mumbai
CLM0022014,MUM_01329,Ghatkopar,2024-04-28,18,0,0,0,0,0,0,0,0,0,0.0,1.0,0,0.0,0,420,1,0,0.4361,0.0571,GREEN,47,Mumbai
CLM0022015,MUM_06284,Chembur,2021-03-04,16,0,0,0,0,0,0,0,0,0,0.0,0.23398,0,0.0,0,410,2,0,0.98,0.0,GREEN,61,Mumbai
CLM0022016,MUM_06089,Vashi,2025-01-02,21,0,0,0,0,0,1,0,0,0,0.0,0.22769,0,0.0,0,375,4,2,0.3869,0.139,GREEN,52,Mumbai
CLM0022017,MUM_00473,Chembur,2022-05-13,14,0,0,0,0,0,0,0,0,0,0.0,0.24639,0,1.0,0,102,1,4,0.8581,0.0,GREEN,52,Mumbai
CLM0022018,MUM_04808,Andheri,2025-02-03,18,0,0,0,0,0,0,0,0,0,0.0,0.043639,0,0.0,0,420,1,2,0.65,0.0545,GREEN,23,Mumbai
CLM0022019,MUM_06826,Lower Parel,2022-08-20,21,0,0,0,0,1,0,0,0,0,0.0,0.260348,0,0.0,0,45,1,1,0.98,0.0944,GREEN,45,Mumbai
CLM0022020,MUM_00136,Thane,2019-04-10,13,0,0,0,1,0,1,0,0,0,0.0,0.241965,0,0.0,0,152,1,5,0.7453,0.2419,GREEN,45,Mumbai
CLM0022021,MUM_01366,Vashi,2018-04-01,16,0,0,0,0,0,1,0,1,0,1.0,0.192708,0,0.0,0,420,4,2,0.6944,0.3025,GREEN,50,Mumbai
CLM0022022,MUM_06054,Chembur,2022-07-08,16,0,0,0,0,0,0,0,0,0,0.0,0.15879,0,0.0,0,408,0,3,0.6736,0.0127,GREEN,48,Mumbai
CLM0022023,MUM_08749,Bandra,2023-08-06,7,0,0,0,0,0,1,0,1,0,0.0,0.28819,0,0.0,0,175,2,0,0.6611,0.1663,GREEN,29,Mumbai
CLM0022024,MUM_08381,Bandra,2018-03-20,8,0,1,1,0,0,1,0,0,0,0.0,0.028894,0,0.0,0,340,4,3,0.05,0.0522,GREEN,32,Mumbai
CLM0022025,MUM_01043,Chembur,2023-01-20,18,0,0,0,1,0,0,0,0,0,0.0,0.119861,0,0.0,0,301,2,4,0.7805,0.0892,GREEN,54,Mumbai
CLM0022026,MUM_03091,Powai,2018-09-13,16,0,0,0,0,0,0,0,1,0,0.0,0.161362,0,0.0,0,63,2,0,0.6602,0.1356,GREEN,39,Mumbai
CLM0022027,MUM_04490,Thane,2021-01-25,16,0,0,0,0,0,0,0,0,0,0.0,0.003645,0,0.0,0,420,1,4,0.6369,0.0,GREEN,35,Mumbai
CLM0022028,MUM_09184,Lower Parel,2025-08-20,21,0,0,0,0,0,1,0,0,0,0.0,0.087031,0,0.0,0,15,1,18,0.9024,0.179,GREEN,27,Mumbai
CLM0022029,MUM_07151,Thane,2016-11-24,17,0,0,0,0,0,0,0,0,0,1.0,0.911958,0,1.0,0,342,2,0,0.7862,0.0371,GREEN,41,Mumbai
CLM0022030,MUM_02505,Powai,2021-06-29,15,0,0,0,0,0,1,0,0,0,0.0,0.420138,0,0.0,0,290,4,3,0.98,0.1478,GREEN,47,Mumbai
CLM0022031,MUM_07489,Lower Parel,2021-09-20,11,0,0,0,0,0,0,0,0,0,0.0,0.067073,0,0.0,0,136,3,3,0.9794,0.0274,GREEN,44,Mumbai
CLM0022032,MUM_07164,Andheri,2025-06-23,16,0,0,0,0,0,0,1,0,0,0.0,0.253404,0,0.0,0,411,1,4,0.3055,0.149,GREEN,36,Mumbai
CLM0022033,MUM_08114,Vashi,2025-03-18,20,0,0,0,0,0,0,0,0,0,0.0,0.330589,0,0.0,0,420,1,2,0.8333,0.0,GREEN,55,Mumbai
CLM0022034,MUM_01896,Andheri,2023-12-09,19,0,0,0,0,0,0,0,0,0,0.0,0.34107,0,0.0,0,225,2,2,0.98,0.0732,GREEN,61,Mumbai
CLM0022035,MUM_03150,Vashi,2025-06-02,13,0,0,0,0,0,0,1,0,0,1.0,0.333833,0,0.0,1,52,2,3,0.6017,0.2699,GREEN,39,Mumbai
CLM0022036,MUM_05098,Thane,2022-07-17,14,0,0,0,0,0,0,0,0,0,0.0,0.272433,0,0.0,0,420,0,2,0.6049,0.0344,GREEN,34,Mumbai
CLM0022037,MUM_08044,Thane,2023-10-06,13,0,0,0,1,0,0,0,0,0,0.0,0.114118,0,0.0,0,215,0,5,0.9482,0.1548,GREEN,26,Mumbai
CLM0022038,MUM_03313,Borivali,2022-12-19,9,0,0,0,0,0,0,0,0,0,0.0,0.214833,0,0.0,0,393,2,1,0.882,0.0455,GREEN,56,Mumbai
CLM0022039,MUM_00722,Chembur,2024-12-18,8,0,0,0,0,0,0,0,0,0,0.0,0.199343,0,1.0,0,365,0,0,0.6294,0.0,GREEN,43,Mumbai
CLM0022040,MUM_03075,Dadar,2024-11-13,16,0,1,1,0,0,0,0,0,0,0.0,0.33833,0,0.0,0,420,2,4,0.5979,0.0312,GREEN,44,Mumbai
CLM0022041,MUM_08512,Borivali,2022-10-31,14,0,0,0,1,0,0,0,0,0,1.0,0.37463,0,0.0,0,362,0,2,0.8148,0.2804,GREEN,28,Mumbai
CLM0022042,MUM_04189,Lower Parel,2024-10-18,16,0,0,0,0,0,1,0,0,0,0.0,0.185298,0,0.0,0,420,2,4,0.7876,0.0871,GREEN,43,Mumbai
CLM0022043,MUM_02148,Vashi,2025-03-03,14,0,0,0,0,0,0,0,0,0,0.0,0.330268,0,0.0,0,188,0,7,0.9701,0.0,GREEN,49,Mumbai
CLM0022044,MUM_02012,Powai,2025-02-14,14,0,0,0,0,0,0,0,0,0,1.0,0.117016,0,0.0,1,360,0,3,0.6808,0.2358,GREEN,61,Mumbai
CLM0022045,MUM_02278,Thane,2025-11-10,20,0,0,0,0,0,0,0,0,0,0.0,0.282059,0,0.0,0,115,0,1,0.05,0.0353,GREEN,38,Mumbai
CLM0022046,MUM_08168,Lower Parel,2024-09-27,9,0,0,0,0,0,0,0,0,0,0.0,0.168063,0,0.0,0,58,0,2,0.5961,0.0,GREEN,37,Mumbai
CLM0022047,MUM_07022,Dadar,2024-03-15,10,0,0,0,0,0,0,0,0,0,0.0,1.0,0,0.0,0,420,2,3,0.7687,0.0001,GREEN,34,Mumbai
CLM0022048,MUM_09639,Borivali,2025-05-12,10,0,0,0,0,0,0,1,1,0,0.0,0.286346,0,0.0,0,194,4,2,0.8135,0.1661,GREEN,47,Mumbai
CLM0022049,MUM_04669,Powai,2024-05-28,10,0,0,0,0,0,0,0,0,0,0.0,0.044001,0,0.0,0,161,1,4,0.5211,0.0,GREEN,28,Mumbai
CLM0022050,MUM_00561,Chembur,2025-07-03,14,0,0,0,0,0,0,0,0,0,0.0,0.314022,0,0.0,1,174,0,0,0.6318,0.1338,GREEN,47,Mumbai
CLM0022051,MUM_08447,Thane,2023-10-31,14,0,0,0,0,0,0,0,0,0,0.0,0.251333,0,0.0,0,104,3,0,0.1133,0.0,GREEN,42,Mumbai
CLM0022052,MUM_05347,Lower Parel,2024-10-27,11,0,1,1,0,0,0,0,0,0,0.0,0.052503,0,0.0,0,420,3,5,0.05,0.0482,GREEN,35,Mumbai
CLM0022053,MUM_04006,Bandra,2025-02-08,7,0,0,0,0,1,0,0,0,0,0.0,0.188527,0,0.0,0,335,1,0,0.5293,0.1765,GREEN,49,Mumbai
CLM0022054,MUM_01902,Vashi,2025-07-29,14,0,0,0,0,0,1,0,0,0,0.0,0.0,0,0.0,0,420,2,3,0.9095,0.1485,GREEN,38,Mumbai
CLM0022055,MUM_08752,Powai,2023-04-27,7,0,0,0,0,0,0,0,0,0,0.0,0.23578,0,0.0,0,420,0,2,0.5296,0.0,GREEN,61,Mumbai
CLM0022056,MUM_04968,Chembur,2022-10-14,16,0,0,0,1,0,0,0,0,1,1.0,0.10529,0,1.0,1,5,2,18,0.0999,0.0683,GREEN,47,Mumbai
CLM0022057,MUM_02846,Lower Parel,2025-01-21,14,0,0,0,0,0,0,0,0,0,0.0,0.0,0,0.0,1,265,3,1,0.9186,0.0687,GREEN,53,Mumbai
CLM0022058,MUM_09119,Vashi,2019-01-15,16,0,0,0,0,1,0,0,0,0,1.0,0.0,0,0.0,0,70,0,1,0.651,0.1992,GREEN,35,Mumbai
CLM0022059,MUM_06056,Andheri,2022-03-08,17,0,0,0,0,1,1,1,1,0,1.0,0.485947,1,0.0,0,12,2,18,0.1526,0.0973,GREEN,47,Mumbai
CLM0022060,MUM_04023,Thane,2025-11-10,19,0,0,0,0,0,0,0,0,0,0.0,0.150859,1,0.0,0,264,4,3,0.05,0.0,GREEN,39,Mumbai
CLM0022061,MUM_00642,Vashi,2023-04-23,9,0,0,0,0,0,0,0,1,0,0.0,0.155585,0,0.0,0,365,1,0,0.3865,0.0781,GREEN,40,Mumbai
CLM0022062,MUM_07743,Powai,2024-01-29,20,0,0,0,0,0,0,0,0,0,0.0,1.0,0,0.0,0,376,1,2,0.7153,0.0226,GREEN,36,Mumbai
CLM0022063,MUM_06395,Ghatkopar,2025-03-15,9,0,0,0,0,0,0,0,0,0,0.0,0.15783,0,0.0,0,76,2,3,0.4579,0.0085,GREEN,58,Mumbai
CLM0022064,MUM_06812,Thane,2017-10-30,21,0,0,0,0,0,0,0,0,0,1.0,0.260604,0,1.0,0,408,2,3,0.741,0.0912,GREEN,37,Mumbai
CLM0022065,MUM_00398,Andheri,2022-08-21,17,0,0,0,0,0,0,0,0,0,0.0,0.227814,0,0.0,0,206,0,4,0.9252,0.0,GREEN,51,Mumbai
CLM0022066,MUM_08551,Andheri,2023-07-08,14,0,1,1,0,0,0,0,0,0,0.0,0.019558,0,0.0,0,168,0,2,0.8886,0.4222,YELLOW,37,Mumbai
CLM0022067,MUM_06218,Ghatkopar,2022-03-14,20,0,1,1,1,0,1,1,1,1,1.0,0.066493,0,1.0,1,5,1,18,0.2175,0.7879,RED,45,Mumbai
CLM0022068,MUM_06735,Andheri,2022-09-19,13,0,1,1,1,1,0,1,1,1,1.0,0.0,1,0.0,0,16,0,18,0.2492,0.8011,RED,41,Mumbai
CLM0022069,MUM_06509,Bandra,2024-07-27,9,0,1,1,0,0,0,0,0,0,0.0,0.258225,0,0.0,0,262,2,0,0.9711,0.8068,RED,18,Mumbai
CLM0022070,MUM_02465,Andheri,2022-06-30,19,0,1,1,0,0,0,0,1,0,0.0,0.062712,0,0.0,0,88,2,1,0.6199,0.5149,YELLOW,34,Mumbai
CLM0022071,MUM_01719,Ghatkopar,2025-07-06,7,0,1,1,0,0,0,1,1,1,0.0,1.0,0,1.0,1,12,2,18,0.2529,0.4266,YELLOW,53,Mumbai
CLM0022072,MUM_09058,Andheri,2021-10-28,19,0,0,0,0,0,0,0,0,0,0.0,0.281439,0,0.0,0,287,1,3,0.5411,0.0515,GREEN,42,Mumbai
CLM0022073,MUM_05313,Borivali,2021-01-04,9,0,0,0,0,0,0,0,0,0,0.0,0.963684,0,0.0,0,420,4,6,0.98,0.0731,GREEN,50,Mumbai
CLM0022074,MUM_04578,Vashi,2023-10-16,15,0,0,0,0,0,0,0,0,0,0.0,0.210967,0,0.0,0,420,2,0,0.704,0.0217,GREEN,49,Mumbai
CLM0022075,MUM_03596,Thane,2024-07-07,15,0,0,0,1,0,1,0,0,0,0.0,0.250092,0,0.0,0,71,2,3,0.5529,0.229,GREEN,44,Mumbai
CLM0022076,MUM_00578,Powai,2019-09-23,12,0,0,0,0,0,0,0,0,0,0.0,0.405209,0,0.0,0,308,1,2,0.4184,0.0022,GREEN,69,Mumbai
CLM0022077,MUM_06243,Ghatkopar,2025-04-11,10,0,0,0,0,0,0,0,0,0,0.0,1.0,0,0.0,0,107,3,4,0.5358,0.0,GREEN,32,Mumbai
CLM0022078,MUM_07106,Thane,2024-02-10,13,0,0,0,0,0,0,0,0,0,0.0,0.0,0,0.0,0,318,4,2,0.7265,0.0186,GREEN,27,Mumbai
CLM0022079,MUM_09155,Dadar,2025-02-14,17,0,0,0,0,0,0,0,0,0,0.0,0.254262,0,0.0,0,420,3,5,0.6505,0.1012,GREEN,56,Mumbai
CLM0022080,MUM_05332,Dadar,2022-01-11,7,0,0,0,0,0,0,0,0,0,0.0,0.313561,0,0.0,0,420,4,0,0.7384,0.0,GREEN,32,Mumbai
CLM0022081,MUM_00366,Powai,2020-08-11,10,0,0,0,0,0,0,0,0,0,0.0,0.0,0,0.0,0,236,1,4,0.8805,0.0,GREEN,48,Mumbai
CLM0022082,MUM_02438,Thane,2024-01-07,8,0,0,0,0,0,0,0,0,0,0.0,0.25471,0,0.0,0,420,2,2,0.1365,0.0,GREEN,60,Mumbai
CLM0022083,MUM_02724,Dadar,2024-05-21,21,0,0,0,0,1,0,0,0,0,0.0,0.046311,0,0.0,0,38,2,3,0.6846,0.1176,GREEN,51,Mumbai
CLM0022084,MUM_03745,Ghatkopar,2024-12-15,11,0,0,0,0,0,0,0,0,0,0.0,0.472342,0,0.0,0,276,4,0,0.98,0.0,GREEN,33,Mumbai
CLM0022085,MUM_00620,Powai,2022-08-31,15,0,0,0,0,0,0,0,0,0,0.0,0.217464,0,0.0,0,198,4,5,0.6148,0.071,GREEN,46,Mumbai
CLM0022086,MUM_09437,Andheri,2017-04-19,21,0,0,0,0,0,1,1,0,0,0.0,0.132247,1,0.0,0,420,4,0,0.9433,0.3077,GREEN,43,Mumbai
CLM0022087,MUM_06242,Thane,2016-02-17,20,0,0,0,0,0,0,0,0,0,0.0,0.205904,0,0.0,0,55,4,1,0.98,0.0,GREEN,31,Mumbai
CLM0022088,MUM_09501,Andheri,2016-01-18,13,0,0,0,0,0,0,0,0,0,0.0,0.07494,0,0.0,0,295,3,6,0.98,0.0682,GREEN,41,Mumbai
CLM0022089,MUM_02470,Ghatkopar,2023-12-28,18,0,0,0,0,0,0,1,0,0,0.0,0.920447,0,1.0,0,290,2,2,0.4228,0.1305,GREEN,51,Mumbai
CLM0022090,MUM_04002,Chembur,2023-05-30,18,0,0,0,0,0,0,0,0,0,0.0,0.380149,0,0.0,0,174,2,5,0.98,0.0035,GREEN,43,Mumbai
CLM0022091,MUM_06125,Ghatkopar,2023-05-02,14,0,0,0,0,0,0,0,0,0,0.0,0.188018,0,0.0,0,308,3,4,0.1718,0.0257,GREEN,23,Mumbai
CLM0022092,MUM_05749,Bandra,2021-04-05,13,0,0,0,0,0,0,0,0,0,0.0,0.098035,0,0.0,0,203,4,4,0.7289,0.0,GREEN,37,Mumbai
CLM0022093,MUM_09231,Ghatkopar,2021-02-08,8,0,0,0,0,0,0,0,0,0,0.0,0.120097,0,0.0,0,52,2,4,0.98,0.0,GREEN,45,Mumbai
CLM0022094,MUM_07403,Andheri,2019-11-04,11,0,0,0,0,0,0,0,1,0,0.0,0.220474,0,0.0,0,108,2,0,0.05,0.0546,GREEN,42,Mumbai
CLM0022095,MUM_00115,Thane,2024-08-08,8,0,0,0,0,0,1,0,0,0,0.0,0.271449,0,0.0,0,87,3,0,0.7517,0.1441,GREEN,50,Mumbai
CLM0022096,MUM_04014,Bandra,2024-07-26,7,0,0,0,0,0,1,0,0,0,0.0,0.17047,0,0.0,0,317,4,6,0.2458,0.1182,GREEN,42,Mumbai
CLM0022097,MUM_01858,Lower Parel,2025-03-06,17,0,0,0,1,0,0,0,0,0,0.0,0.171399,0,0.0,0,205,4,2,0.9297,0.1515,GREEN,59,Mumbai
CLM0022098,MUM_05187,Borivali,2024-09-12,7,0,0,0,0,0,0,0,0,0,1.0,0.149424,0,0.0,0,82,2,1,0.7055,0.077,GREEN,56,Mumbai
CLM0022099,MUM_04973,Lower Parel,2025-03-04,14,0,0,0,0,0,0,0,0,0,0.0,0.23944,0,0.0,0,44,4,4,0.823,0.0111,GREEN,32,Mumbai
CLM0022100,MUM_01422,Dadar,2025-05-03,12,0,0,0,0,0,1,0,0,0,0.0,0.344501,1,0.0,0,323,1,0,0.2392,0.1143,GREEN,32,Mumbai
CLM0022101,MUM_03437,Borivali,2025-02-01,8,0,1,1,0,0,0,0,0,0,0.0,0.030026,0,1.0,0,420,4,1,0.5996,0.0,GREEN,51,Mumbai
CLM0022102,MUM_04298,Andheri,2025-07-15,12,0,0,0,0,0,0,0,0,0,0.0,0.1665,0,0.0,0,220,4,1,0.717,0.0029,GREEN,44,Mumbai
CLM0022103,MUM_03353,Borivali,2025-07-29,11,0,0,0,0,0,0,0,0,0,1.0,0.160772,0,0.0,0,420,3,8,0.1163,0.0651,GREEN,36,Mumbai
CLM0022104,MUM_08475,Ghatkopar,2025-05-21,19,0,0,0,0,0,0,0,0,0,0.0,0.999445,0,0.0,0,151,0,3,0.6796,0.0,GREEN,62,Mumbai
CLM0022105,MUM_05245,Dadar,2023-10-21,7,0,0,0,0,0,0,0,0,0,0.0,0.245669,0,0.0,0,420,3,3,0.98,0.0,GREEN,34,Mumbai
CLM0022106,MUM_03409,Ghatkopar,2025-10-28,19,0,0,0,0,0,0,0,0,0,0.0,0.994391,0,0.0,0,90,3,6,0.7455,0.0476,GREEN,42,Mumbai
CLM0022107,MUM_09690,Bandra,2020-07-25,8,0,0,0,0,0,0,0,0,0,0.0,1.0,0,0.0,0,25,3,1,0.1352,0.0,GREEN,26,Mumbai
CLM0022108,MUM_04974,Powai,2023-11-15,12,0,0,0,0,0,0,0,0,0,0.0,0.388686,0,0.0,0,217,4,3,0.6486,0.0189,GREEN,40,Mumbai
CLM0022109,MUM_01820,Dadar,2024-06-29,9,0,0,0,0,0,1,1,1,1,0.0,0.138778,0,0.0,1,5,4,18,0.9558,0.0,GREEN,63,Mumbai
CLM0022110,MUM_01124,Ghatkopar,2024-10-01,15,0,0,0,0,0,0,0,0,0,0.0,0.0,0,0.0,1,228,0,1,0.2503,0.0115,GREEN,18,Mumbai
CLM0022111,MUM_04376,Dadar,2022-03-14,14,0,0,0,0,0,0,0,1,0,0.0,0.035593,0,0.0,0,83,2,2,0.8028,0.1208,GREEN,42,Mumbai
CLM0022112,MUM_07647,Dadar,2023-11-06,13,0,1,1,0,0,0,0,0,0,0.0,0.142026,0,0.0,0,330,3,3,0.5494,0.0641,GREEN,41,Mumbai
CLM0022113,MUM_01064,Bandra,2023-01-08,9,0,0,0,0,0,1,1,1,1,1.0,0.995289,1,0.0,0,5,0,18,0.1029,0.0,GREEN,45,Mumbai
CLM0022114,MUM_02466,Powai,2025-03-12,16,0,0,0,0,0,0,0,0,0,0.0,0.093351,0,1.0,0,222,2,0,0.4399,0.0269,GREEN,39,Mumbai
CLM0022115,MUM_03742,Lower Parel,2025-07-09,7,0,1,1,0,1,0,0,0,1,1.0,0.066182,0,0.0,0,68,2,4,0.0601,0.365,YELLOW,41,Mumbai
CLM0022116,MUM_09971,Dadar,2024-08-03,16,0,0,0,0,0,0,0,1,0,0.0,0.263061,0,0.0,0,353,0,0,0.6022,0.138,GREEN,40,Mumbai
CLM0022117,MUM_09874,Thane,2024-10-21,19,0,0,0,0,1,0,0,0,0,0.0,0.417908,0,0.0,0,374,4,4,0.6839,0.2896,GREEN,38,Mumbai
CLM0022118,MUM_08114,Vashi,2023-07-20,15,0,0,0,0,0,0,0,0,0,0.0,0.419388,0,0.0,0,420,0,2,0.98,0.086,GREEN,55,Mumbai
CLM0022119,MUM_05391,Dadar,2025-01-05,15,0,0,0,0,0,0,0,0,0,0.0,1.0,0,0.0,0,241,3,0,0.9461,0.0,GREEN,51,Mumbai
CLM0022120,MUM_05547,Andheri,2025-05-24,21,0,0,0,0,0,0,1,0,0,0.0,0.371145,0,0.0,0,420,3,4,0.8944,0.0642,GREEN,56,Mumbai
CLM0022121,MUM_04280,Dadar,2022-11-22,17,0,0,0,0,0,0,0,0,0,0.0,0.241757,0,0.0,0,134,0,4,0.9238,0.1246,GREEN,45,Mumbai
CLM0022122,MUM_08414,Bandra,2025-10-27,9,0,0,0,0,0,0,0,0,0,0.0,0.313525,0,0.0,0,420,2,5,0.6038,0.0,GREEN,44,Mumbai
CLM0022123,MUM_08936,Dadar,2024-02-20,9,0,0,0,0,0,0,0,0,0,0.0,0.148587,0,0.0,0,420,1,3,0.9434,0.0,GREEN,40,Mumbai
CLM0022124,MUM_05036,Powai,2022-09-23,13,0,0,0,0,0,0,0,0,0,0.0,0.417617,0,0.0,0,179,4,4,0.8236,0.0031,GREEN,55,Mumbai
CLM0022125,MUM_06339,Bandra,2025-10-29,10,0,0,0,0,0,0,0,0,0,0.0,0.478372,0,0.0,0,367,1,4,0.5428,0.0,GREEN,29,Mumbai
CLM0022126,MUM_05530,Lower Parel,2025-06-05,12,0,0,0,0,0,0,0,0,0,0.0,0.302001,0,0.0,0,80,2,0,0.9319,0.055,GREEN,47,Mumbai
CLM0022127,MUM_03860,Vashi,2025-10-19,17,0,0,0,0,0,0,0,0,1,0.0,0.163841,0,0.0,0,257,0,4,0.8007,0.1236,GREEN,39,Mumbai
CLM0022128,MUM_05826,Thane,2024-01-31,10,0,0,0,0,0,0,0,0,0,0.0,0.156328,0,0.0,0,217,3,2,0.8678,0.009,GREEN,33,Mumbai
CLM0022129,MUM_07701,Thane,2023-05-09,16,0,0,0,0,0,1,0,0,0,0.0,0.230576,0,0.0,0,25,3,18,0.98,0.2733,GREEN,62,Mumbai
CLM0022130,MUM_06477,Chembur,2024-07-21,21,0,0,0,1,1,1,1,1,1,0.0,0.137186,0,0.0,1,5,4,18,0.883,0.0,GREEN,36,Mumbai
CLM0022131,MUM_04460,Borivali,2024-06-11,7,0,0,0,0,0,0,0,0,0,0.0,0.038078,0,0.0,0,106,0,4,0.543,0.0,GREEN,32,Mumbai
CLM0022132,MUM_09027,Thane,2024-10-30,14,0,0,0,0,0,0,0,0,0,0.0,0.241196,0,0.0,0,29,4,5,0.4316,0.0,GREEN,38,Mumbai
CLM0022133,MUM_06996,Andheri,2023-07-23,17,0,0,0,0,0,0,0,0,0,0.0,0.0,0,0.0,0,366,3,4,0.799,0.0,GREEN,52,Mumbai
CLM0022134,MUM_07110,Andheri,2019-02-02,7,0,0,0,0,0,1,0,0,0,1.0,1.0,0,0.0,0,400,0,0,0.8916,0.1518,GREEN,44,Mumbai
CLM0022135,MUM_00439,Thane,2023-11-11,13,0,0,0,0,0,0,0,1,0,0.0,0.953281,0,0.0,0,420,1,5,0.8315,0.1249,GREEN,32,Mumbai
CLM0022136,MUM_07277,Andheri,2021-07-23,13,0,0,0,0,0,0,0,0,0,0.0,0.334191,0,0.0,0,316,4,0,0.98,0.1031,GREEN,34,Mumbai
CLM0022137,MUM_02961,Chembur,2025-07-15,8,0,0,0,0,0,1,0,0,0,0.0,0.285692,0,0.0,0,40,0,2,0.5903,0.1037,GREEN,48,Mumbai
CLM0022138,MUM_09286,Andheri,2020-11-12,13,0,0,0,1,1,1,1,1,1,0.0,0.142315,0,0.0,1,5,0,18,0.8335,0.0535,GREEN,18,Mumbai
CLM0022139,MUM_03924,Powai,2024-05-16,19,0,0,0,0,0,0,0,0,0,1.0,0.139519,0,0.0,0,114,1,1,0.98,0.0465,GREEN,52,Mumbai
CLM0022140,MUM_02638,Borivali,2020-09-23,15,0,0,0,0,0,0,1,0,1,0.0,1.0,0,0.0,0,310,3,1,0.8026,0.3687,YELLOW,35,Mumbai
CLM0022141,MUM_02755,Borivali,2025-11-08,20,0,1,1,1,0,0,0,0,0,0.0,0.048639,0,0.0,0,29,2,6,0.7861,0.3097,GREEN,54,Mumbai
CLM0022142,MUM_06734,Chembur,2021-05-15,13,0,0,0,0,1,1,0,0,0,1.0,0.297469,1,1.0,0,324,0,2,0.98,0.3121,YELLOW,29,Mumbai
CLM0022143,MUM_07009,Bandra,2023-07-28,7,0,0,0,0,0,0,0,1,0,0.0,0.085102,0,0.0,0,257,4,1,0.6664,0.1003,GREEN,49,Mumbai
CLM0022144,MUM_00013,Thane,2025-10-17,7,0,0,0,0,0,0,0,0,0,0.0,0.158107,0,0.0,0,58,0,2,0.8376,0.0,GREEN,53,Mumbai
CLM0022145,MUM_09923,Powai,2022-04-15,9,0,0,0,0,0,0,0,1,0,0.0,0.0,0,0.0,0,69,1,0,0.1151,0.0989,GREEN,56,Mumbai
CLM0022146,MUM_07316,Lower Parel,2025-02-26,14,0,0,0,0,0,0,0,0,0,0.0,0.19286,0,0.0,0,128,2,5,0.8305,0.0,GREEN,54,Mumbai
CLM0022147,MUM_01960,Bandra,2024-12-15,16,0,1,1,0,0,0,0,0,0,0.0,0.346205,0,1.0,0,280,0,0,0.5838,0.7094,RED,44,Mumbai
CLM0022148,MUM_05781,Thane,2024-02-07,8,0,1,1,1,1,1,1,0,1,1.0,1.0,1,0.0,1,42,2,18,0.1431,0.6399,RED,32,Mumbai
CLM0022149,MUM_04855,Andheri,2016-11-30,11,0,1,1,1,1,1,1,1,1,0.0,0.08013,1,0.0,0,5,1,18,0.8467,1.0,RED,45,Mumbai
CLM0022150,MUM_08173,Lower Parel,2018-11-13,13,1,1,0,1,1,0,1,0,0,1.0,0.142865,0,0.0,0,17,1,18,0.8247,0.4808,YELLOW,60,Mumbai
CLM0022151,MUM_01246,Vashi,2022-06-16,12,0,1,1,0,1,0,0,0,1,0.0,0.015625,0,0.0,0,301,0,1,0.8957,0.7819,RED,26,Mumbai
CLM0022152,MUM_03237,Lower Parel,2020-01-19,12,0,1,1,1,1,1,1,1,0,0.0,0.090256,1,0.0,1,5,0,18,0.9104,0.8324,RED,43,Mumbai
CLM0022153,MUM_02212,Chembur,2022-09-17,18,0,1,1,0,0,1,1,1,1,1.0,1.0,0,0.0,1,10,2,18,0.0971,0.5059,YELLOW,57,Mumbai
CLM0022154,MUM_04202,Andheri,2018-12-11,19,0,1,1,1,0,0,1,1,0,0.0,0.922676,1,1.0,0,29,2,18,0.7354,0.5886,YELLOW,42,Mumbai
CLM0022155,MUM_04028,Borivali,2020-02-07,18,0,1,1,1,1,0,1,0,0,0.0,0.038723,0,0.0,0,5,2,18,0.9165,0.4968,YELLOW,59,Mumbai
CLM0022156,MUM_07918,Dadar,2023-09-03,12,0,1,1,1,0,1,1,0,0,0.0,0.196165,0,0.0,0,5,0,14,0.7634,0.5791,YELLOW,37,Mumbai
CLM0022157,MUM_08328,Andheri,2015-06-26,19,0,1,1,1,0,1,1,1,1,0.0,1.0,0,0.0,1,5,2,18,0.05,0.6162,RED,37,Mumbai
CLM0022158,MUM_02179,Lower Parel,2025-10-25,20,0,0,0,0,0,0,0,0,0,1.0,0.364335,0,0.0,0,140,3,3,0.7051,0.044,GREEN,39,Mumbai
CLM0022159,MUM_03102,Bandra,2024-11-15,13,0,0,0,0,0,0,0,0,0,0.0,0.0,0,0.0,0,415,3,0,0.98,0.0523,GREEN,34,Mumbai
CLM0022160,MUM_05473,Borivali,2021-01-08,20,0,0,0,0,0,0,0,0,0,0.0,0.137689,0,0.0,0,122,2,2,0.8353,0.0648,GREEN,40,Mumbai
CLM0022161,MUM_05570,Andheri,2024-10-02,12,0,0,0,0,0,0,0,0,0,0.0,0.0,0,0.0,0,364,4,0,0.8971,0.0,GREEN,39,Mumbai
CLM0022162,MUM_09658,Powai,2023-08-07,17,0,0,0,0,1,0,0,0,0,0.0,0.387606,0,0.0,0,257,4,5,0.7769,0.0992,GREEN,58,Mumbai
CLM0022163,MUM_04539,Chembur,2020-08-29,7,0,0,0,0,0,0,0,0,1,0.0,0.225635,0,0.0,0,420,3,4,0.1821,0.0995,GREEN,52,Mumbai
CLM0022164,MUM_06468,Lower Parel,2018-09-26,13,0,0,0,0,0,1,0,0,0,0.0,0.243218,0,0.0,0,399,2,2,0.6351,0.0343,GREEN,40,Mumbai
CLM0022165,MUM_00310,Lower Parel,2025-08-11,15,0,0,0,0,0,0,0,0,0,0.0,0.200922,0,0.0,0,156,0,0,0.6936,0.0,GREEN,36,Mumbai
CLM0022166,MUM_07372,Vashi,2017-02-26,11,0,0,0,0,0,0,0,0,0,0.0,0.289075,0,0.0,0,119,2,4,0.8862,0.0,GREEN,47,Mumbai
CLM0022167,MUM_09808,Thane,2020-06-19,12,0,0,0,0,0,0,0,1,0,0.0,0.000656,0,0.0,0,226,4,3,0.7295,0.1046,GREEN,46,Mumbai
CLM0022168,MUM_04898,Borivali,2024-11-20,16,0,0,0,0,0,0,0,0,0,0.0,0.295311,0,0.0,0,278,0,3,0.4738,0.0,GREEN,41,Mumbai
CLM0022169,MUM_03641,Vashi,2021-01-15,16,0,0,0,0,0,0,0,0,0,0.0,0.95235,0,0.0,0,223,4,5,0.8684,0.1437,GREEN,37,Mumbai
CLM0022170,MUM_00765,Bandra,2024-02-28,17,0,0,0,0,0,0,0,0,0,0.0,0.899614,0,0.0,0,420,2,3,0.98,0.0,GREEN,49,Mumbai
CLM0022171,MUM_03500,Chembur,2018-05-23,19,0,0,0,0,0,0,0,0,0,1.0,0.056306,0,0.0,0,395,1,1,0.6633,0.0857,GREEN,39,Mumbai
CLM0022172,MUM_04143,Thane,2025-12-09,19,0,0,0,0,0,0,0,0,0,0.0,0.203171,0,1.0,0,420,1,4,0.6732,0.0,GREEN,29,Mumbai
CLM0022173,MUM_08699,Borivali,2024-01-14,12,0,0,0,0,0,0,0,1,0,0.0,0.178127,0,0.0,0,420,4,0,0.7809,0.032,GREEN,49,Mumbai
CLM0022174,MUM_09300,Chembur,2023-12-21,19,0,1,1,0,0,0,0,1,0,0.0,0.058119,1,0.0,0,418,2,1,0.2607,0.1004,GREEN,42,Mumbai
CLM0022175,MUM_05169,Vashi,2024-11-01,9,0,0,0,0,0,0,0,0,0,0.0,0.337754,0,0.0,0,411,0,7,0.7399,0.0,GREEN,49,Mumbai
CLM0022176,MUM_06879,Andheri,2024-12-09,21,0,0,0,0,0,0,0,0,0,0.0,0.0,0,0.0,0,181,0,3,0.6564,0.0,GREEN,25,Mumbai
CLM0022177,MUM_00683,Borivali,2022-08-18,11,0,0,0,0,0,0,0,0,0,0.0,0.244556,0,0.0,0,244,0,4,0.9076,0.0,GREEN,46,Mumbai
CLM0022178,MUM_01905,Chembur,2021-08-02,20,0,0,0,0,0,0,0,0,1,0.0,0.179962,0,0.0,0,293,0,4,0.6978,0.155,GREEN,48,Mumbai
CLM0022179,MUM_02650,Vashi,2022-12-20,11,0,0,0,0,1,0,0,0,0,0.0,0.25302,0,0.0,0,207,2,4,0.5215,0.1888,GREEN,32,Mumbai
CLM0022180,MUM_05142,Dadar,2021-06-19,17,0,0,0,0,0,0,0,0,0,0.0,1.0,0,0.0,0,17,2,3,0.8798,0.0,GREEN,31,Mumbai
CLM0022181,MUM_06459,Dadar,2021-04-29,15,0,0,0,0,0,0,1,0,0,0.0,0.167315,0,0.0,0,126,0,0,0.6041,0.017,GREEN,34,Mumbai
CLM0022182,MUM_09486,Powai,2023-01-27,21,0,0,0,0,0,0,0,0,0,0.0,0.18197,0,0.0,1,259,3,4,0.3108,0.1109,GREEN,56,Mumbai
CLM0022183,MUM_03330,Vashi,2025-08-27,13,0,0,0,0,0,0,0,0,0,0.0,0.326526,0,0.0,0,111,2,1,0.5698,0.0,GREEN,70,Mumbai
CLM0022184,MUM_01836,Lower Parel,2015-06-07,19,0,0,0,0,0,0,0,0,1,0.0,0.15259,0,0.0,0,107,4,0,0.6082,0.234,GREEN,30,Mumbai
CLM0022185,MUM_08828,Borivali,2021-06-14,21,0,0,0,0,0,0,1,0,0,0.0,0.196074,1,0.0,0,420,3,4,0.4504,0.1258,GREEN,50,Mumbai
CLM0022186,MUM_00899,Vashi,2024-04-22,19,0,0,0,0,0,0,0,0,1,0.0,1.0,0,0.0,0,252,4,0,0.98,0.0554,GREEN,28,Mumbai
CLM0022187,MUM_02728,Ghatkopar,2017-01-21,10,0,0,0,0,0,0,0,0,0,1.0,0.200578,1,0.0,0,253,0,3,0.0569,0.1078,GREEN,34,Mumbai
CLM0022188,MUM_00009,Dadar,2023-06-11,20,0,0,0,0,0,0,0,0,0,0.0,0.161935,0,0.0,0,191,2,1,0.98,0.0014,GREEN,43,Mumbai
CLM0022189,MUM_09384,Powai,2018-08-25,12,0,0,0,0,0,0,0,0,0,0.0,0.0,0,0.0,0,351,0,2,0.77,0.0,GREEN,62,Mumbai
CLM0022190,MUM_06347,Chembur,2016-08-19,8,0,0,0,0,0,0,0,0,0,1.0,0.208745,0,1.0,0,293,1,4,0.798,0.0028,GREEN,56,Mumbai
CLM0022191,MUM_04636,Thane,2025-06-18,20,0,0,0,0,0,0,0,0,0,0.0,0.884885,0,0.0,0,144,3,4,0.6814,0.0,GREEN,58,Mumbai
CLM0022192,MUM_05689,Ghatkopar,2020-01-14,10,0,0,0,0,0,0,0,0,0,0.0,0.33603,0,0.0,0,345,0,0,0.918,0.0,GREEN,35,Mumbai
CLM0022193,MUM_03016,Lower Parel,2024-05-14,9,0,0,0,0,0,0,0,0,0,0.0,0.295678,0,0.0,0,270,4,2,0.6337,0.0,GREEN,39,Mumbai
CLM0022194,MUM_01300,Lower Parel,2020-09-08,8,0,0,0,0,0,0,0,0,0,0.0,0.0,0,0.0,0,420,3,5,0.7182,0.0548,GREEN,58,Mumbai
CLM0022195,MUM_03521,Andheri,2021-07-08,20,0,0,0,0,0,0,1,0,0,0.0,0.271969,0,0.0,0,25,2,0,0.1496,0.1791,GREEN,38,Mumbai
CLM0022196,MUM_04752,Ghatkopar,2021-12-30,16,0,0,0,0,0,0,1,0,0,0.0,0.270278,0,0.0,0,376,0,2,0.4684,0.1438,GREEN,50,Mumbai
CLM0022197,MUM_03907,Ghatkopar,2024-04-24,15,0,0,0,0,0,0,0,0,1,0.0,0.379376,1,0.0,0,109,4,4,0.9352,0.2788,GREEN,33,Mumbai
CLM0022198,MUM_05085,Chembur,2025-03-14,19,0,0,0,0,0,0,0,0,0,0.0,0.316972,0,0.0,0,420,2,0,0.9352,0.0,GREEN,38,Mumbai
CLM0022199,MUM_08872,Lower Parel,2025-03-07,17,0,0,0,0,0,0,0,0,0,0.0,1.0,0,0.0,0,420,4,4,0.9446,0.0756,GREEN,45,Mumbai
CLM0022200,MUM_01563,Dadar,2024-08-07,7,0,0,0,0,0,0,0,0,0,0.0,0.324759,0,0.0,0,322,4,0,0.8406,0.0,GREEN,44,Mumbai
CLM0022201,MUM_06364,Powai,2022-12-16,21,0,0,0,0,0,0,0,0,0,0.0,0.298707,0,0.0,0,275,2,1,0.8263,0.0,GREEN,42,Mumbai
CLM0022202,MUM_04275,Andheri,2025-01-21,13,0,0,0,0,0,0,0,0,0,0.0,0.049934,0,0.0,0,278,0,4,0.7526,0.0,GREEN,38,Mumbai
CLM0022203,MUM_09009,Powai,2021-05-22,14,0,0,0,1,0,0,0,0,0,1.0,0.202916,0,0.0,0,420,1,4,0.98,0.1767,GREEN,25,Mumbai
CLM0022204,MUM_09737,Vashi,2020-09-21,9,0,0,0,0,0,0,0,0,0,0.0,0.088362,0,0.0,0,178,0,6,0.7092,0.0,GREEN,41,Mumbai
CLM0022205,MUM_03984,Dadar,2022-08-01,8,0,0,0,0,0,0,1,0,0,0.0,0.086526,0,0.0,0,225,2,1,0.8808,0.1729,GREEN,20,Mumbai
CLM0022206,MUM_07734,Andheri,2020-06-23,12,0,1,1,0,0,0,0,1,0,0.0,0.272182,0,0.0,0,420,0,4,0.98,0.0752,GREEN,50,Mumbai
CLM0022207,MUM_06273,Lower Parel,2021-12-05,20,1,0,0,0,0,0,0,0,0,0.0,0.218221,0,0.0,0,120,1,6,0.5987,0.0,GREEN,54,Mumbai
CLM0022208,MUM_00031,Dadar,2023-12-23,7,0,0,0,0,0,0,0,0,0,0.0,0.237619,0,0.0,0,251,2,2,0.6182,0.0236,GREEN,33,Mumbai
CLM0022209,MUM_08511,Andheri,2025-10-29,12,0,0,0,0,0,0,0,1,0,0.0,0.150054,0,0.0,0,336,3,1,0.8708,0.087,GREEN,48,Mumbai
CLM0022210,MUM_00976,Ghatkopar,2022-02-05,8,0,0,0,1,0,0,0,0,0,0.0,0.27084,0,0.0,0,336,3,0,0.6419,0.2138,GREEN,21,Mumbai
CLM0022211,MUM_06093,Lower Parel,2021-09-24,19,0,0,0,0,0,0,0,0,0,0.0,0.425044,0,0.0,0,295,0,3,0.7862,0.028,GREEN,57,Mumbai
CLM0022212,MUM_02793,Lower Parel,2022-02-17,17,0,0,0,0,1,1,0,0,0,0.0,0.181667,0,0.0,0,321,2,2,0.8474,0.255,GREEN,44,Mumbai
CLM0022213,MUM_09774,Andheri,2021-12-16,8,0,0,0,0,1,0,0,1,0,0.0,0.224782,0,0.0,0,420,0,7,0.05,0.2564,GREEN,33,Mumbai
CLM0022214,MUM_01059,Andheri,2025-05-26,15,0,0,0,0,0,0,0,0,0,0.0,0.450395,0,0.0,0,103,0,4,0.6974,0.0434,GREEN,59,Mumbai
CLM0022215,MUM_05290,Vashi,2020-12-24,14,0,0,0,1,0,0,0,0,0,0.0,0.089971,0,0.0,1,111,1,0,0.6365,0.2235,GREEN,43,Mumbai
CLM0022216,MUM_07877,Dadar,2022-03-15,9,0,0,0,0,0,0,0,1,0,0.0,0.348919,0,0.0,0,69,1,2,0.546,0.2233,GREEN,36,Mumbai
CLM0022217,MUM_02437,Chembur,2021-08-03,11,0,0,0,0,0,0,0,0,0,0.0,0.246162,0,0.0,0,420,0,2,0.7395,0.0864,GREEN,42,Mumbai
CLM0022218,MUM_03444,Andheri,2025-01-05,17,0,1,1,0,0,0,0,0,0,0.0,0.177207,0,0.0,0,306,1,5,0.9009,0.0,GREEN,26,Mumbai
CLM0022219,MUM_05382,Thane,2019-09-12,7,0,1,1,1,1,0,1,1,1,1.0,0.959347,0,1.0,0,30,2,18,0.1556,0.1017,GREEN,24,Mumbai
CLM0022220,MUM_02379,Andheri,2022-01-17,19,0,0,0,0,0,0,0,0,0,1.0,1.0,0,1.0,0,115,1,3,0.7954,0.0687,GREEN,49,Mumbai
CLM0022221,MUM_00453,Borivali,2025-06-14,11,0,0,0,0,0,0,0,0,0,0.0,0.047859,0,0.0,0,368,2,3,0.1397,0.0347,GREEN,22,Mumbai
CLM0022222,MUM_00567,Lower Parel,2024-10-05,15,0,0,0,0,0,0,0,0,0,0.0,0.214404,0,0.0,0,420,1,4,0.05,0.0,GREEN,45,Mumbai
CLM0022223,MUM_08962,Lower Parel,2024-01-08,10,0,0,0,0,0,0,0,0,0,0.0,0.13985,0,0.0,0,420,0,0,0.98,0.0,GREEN,28,Mumbai
CLM0022224,MUM_00538,Dadar,2025-05-23,15,0,0,0,0,0,0,0,0,0,1.0,0.348342,0,0.0,0,291,1,0,0.8467,0.0938,GREEN,54,Mumbai
CLM0022225,MUM_03104,Bandra,2023-03-14,12,0,0,0,0,0,0,0,0,0,0.0,1.0,0,0.0,0,420,0,0,0.98,0.0,GREEN,33,Mumbai
CLM0022226,MUM_02408,Powai,2019-08-06,21,0,0,0,0,0,0,0,0,0,1.0,0.937229,0,0.0,0,420,4,0,0.5437,0.0397,GREEN,40,Mumbai
CLM0022227,MUM_02575,Chembur,2024-07-11,14,0,0,0,0,0,0,0,0,0,0.0,0.260839,0,0.0,0,344,4,0,0.6126,0.0,GREEN,43,Mumbai
CLM0022228,MUM_08572,Lower Parel,2020-08-02,15,0,0,0,0,0,0,0,0,0,0.0,0.239355,0,0.0,0,324,4,0,0.7284,0.0465,GREEN,42,Mumbai
CLM0022229,MUM_07769,Powai,2022-05-02,20,0,0,0,0,0,0,0,0,0,0.0,0.354807,0,0.0,0,107,2,4,0.1064,0.0,GREEN,52,Mumbai
CLM0022230,MUM_06959,Vashi,2024-10-02,18,0,0,0,0,0,0,0,0,0,0.0,0.282253,0,0.0,0,420,1,2,0.625,0.02,GREEN,49,Mumbai
CLM0022231,MUM_02286,Vashi,2020-02-24,20,0,0,0,0,0,0,0,0,0,0.0,0.191998,0,0.0,0,287,4,3,0.881,0.0,GREEN,46,Mumbai
CLM0022232,MUM_08454,Ghatkopar,2023-07-08,15,0,0,0,0,0,0,0,0,0,1.0,0.122845,0,0.0,0,419,1,4,0.98,0.0272,GREEN,45,Mumbai
CLM0022233,MUM_01726,Bandra,2024-06-13,11,0,0,0,0,0,0,0,0,0,0.0,0.341911,0,0.0,0,420,4,5,0.8534,0.0,GREEN,22,Mumbai
CLM0022234,MUM_02903,Ghatkopar,2024-03-26,17,0,0,0,0,0,0,0,1,0,0.0,0.355212,0,0.0,0,236,2,5,0.6767,0.1244,GREEN,63,Mumbai
CLM0022235,MUM_07954,Andheri,2020-03-12,10,0,0,0,0,0,0,0,1,0,0.0,0.237577,0,0.0,0,119,3,7,0.6529,0.1769,GREEN,51,Mumbai
CLM0022236,MUM_00073,Ghatkopar,2024-08-24,11,0,0,0,0,0,0,0,0,0,0.0,0.015003,0,0.0,1,125,4,3,0.98,0.1246,GREEN,46,Mumbai
CLM0022237,MUM_00293,Thane,2018-07-03,9,0,0,0,0,0,0,0,0,0,0.0,0.325711,0,0.0,0,245,3,4,0.0691,0.0,GREEN,37,Mumbai
CLM0022238,MUM_09819,Lower Parel,2021-01-08,21,0,0,0,1,0,0,0,0,0,0.0,0.24068,0,0.0,0,352,4,0,0.6479,0.11,GREEN,30,Mumbai
CLM0022239,MUM_05671,Andheri,2025-11-21,17,0,0,0,0,0,0,0,0,0,0.0,0.285554,0,0.0,0,135,2,0,0.05,0.0899,GREEN,48,Mumbai
CLM0022240,MUM_08725,Borivali,2019-11-27,19,0,0,0,0,0,0,0,0,0,0.0,0.07247,0,0.0,0,360,1,2,0.8864,0.0,GREEN,38,Mumbai
CLM0022241,MUM_03049,Lower Parel,2021-06-29,21,0,1,1,0,0,0,0,0,0,0.0,0.291387,0,0.0,0,420,4,3,0.6326,0.0035,GREEN,47,Mumbai
CLM0022242,MUM_08575,Borivali,2025-03-13,12,0,0,0,0,0,0,0,0,0,0.0,0.409211,0,0.0,0,151,2,4,0.8262,0.068,GREEN,50,Mumbai
CLM0022243,MUM_05662,Powai,2020-10-02,8,0,0,0,0,0,1,0,0,0,0.0,0.04974,0,0.0,0,342,2,4,0.8694,0.0345,GREEN,48,Mumbai
CLM0022244,MUM_07935,Borivali,2025-08-06,11,0,0,0,0,0,0,0,0,0,1.0,0.316718,0,0.0,0,295,3,5,0.8863,0.0445,GREEN,35,Mumbai
CLM0022245,MUM_08100,Vashi,2024-02-22,10,0,0,0,0,0,0,0,0,0,0.0,0.18349,0,0.0,0,278,2,1,0.05,0.0,GREEN,42,Mumbai
CLM0022246,MUM_04791,Thane,2022-03-22,14,0,0,0,0,0,0,0,0,0,0.0,0.139764,0,0.0,0,145,1,1,0.7667,0.0,GREEN,27,Mumbai
CLM0022247,MUM_02238,Lower Parel,2019-02-25,13,0,0,0,0,0,0,0,0,0,0.0,0.078072,0,0.0,1,388,4,1,0.8247,0.129,GREEN,52,Mumbai
CLM0022248,MUM_03434,Borivali,2025-06-25,9,0,0,0,0,1,0,0,0,0,0.0,0.33039,0,0.0,0,29,2,1,0.9707,0.2011,GREEN,52,Mumbai
CLM0022249,MUM_09513,Powai,2025-08-02,15,0,0,0,0,0,0,0,0,0,0.0,0.111715,0,0.0,0,98,3,3,0.0665,0.0625,GREEN,55,Mumbai
CLM0022250,MUM_01469,Thane,2023-11-23,10,0,0,0,0,0,0,0,0,0,0.0,0.0,0,0.0,0,375,4,1,0.776,0.045,GREEN,60,Mumbai
CLM0022251,MUM_07632,Borivali,2025-08-08,14,0,0,0,0,0,0,0,0,0,0.0,0.386723,0,0.0,0,72,1,0,0.5944,0.0,GREEN,36,Mumbai
CLM0022252,MUM_01004,Bandra,2023-11-12,18,0,0,0,0,0,0,0,0,0,0.0,0.142798,0,0.0,0,91,3,0,0.05,0.0,GREEN,30,Mumbai
CLM0022253,MUM_03712,Powai,2025-08-21,17,0,0,0,0,0,1,0,0,0,0.0,0.320577,0,0.0,0,216,0,1,0.2738,0.0181,GREEN,34,Mumbai
CLM0022254,MUM_04390,Ghatkopar,2024-06-15,7,0,0,0,0,0,0,0,0,0,0.0,0.224291,0,0.0,0,205,2,5,0.6739,0.0278,GREEN,63,Mumbai
CLM0022255,MUM_00148,Thane,2024-05-08,20,0,0,0,1,0,1,0,0,1,0.0,0.151567,0,0.0,0,58,2,5,0.881,0.2881,GREEN,42,Mumbai
CLM0022256,MUM_06380,Borivali,2025-05-08,7,0,0,0,0,0,0,0,0,0,1.0,0.266476,0,0.0,0,420,1,0,0.8343,0.0069,GREEN,59,Mumbai
CLM0022257,MUM_06165,Thane,2025-04-17,7,0,0,0,0,0,0,0,0,0,0.0,0.048409,0,0.0,0,420,3,6,0.255,0.0493,GREEN,33,Mumbai
CLM0022258,MUM_00168,Lower Parel,2023-12-27,7,0,0,0,0,0,0,0,0,0,1.0,0.195551,0,0.0,1,133,1,3,0.7989,0.1531,GREEN,37,Mumbai
CLM0022259,MUM_06490,Chembur,2024-03-14,9,0,0,0,0,0,0,0,0,0,0.0,0.252961,0,0.0,0,5,4,2,0.6089,0.0,GREEN,33,Mumbai
CLM0022260,MUM_03023,Vashi,2016-06-01,15,0,0,0,0,0,0,0,0,0,0.0,0.304921,0,0.0,0,420,1,3,0.5689,0.0444,GREEN,45,Mumbai
CLM0022261,MUM_02790,Dadar,2018-08-18,7,0,0,0,0,1,0,0,0,0,0.0,0.087724,0,0.0,0,402,0,6,0.572,0.1739,GREEN,43,Mumbai
CLM0022262,MUM_06885,Lower Parel,2021-03-17,20,0,0,0,0,0,1,0,0,0,0.0,0.455184,0,0.0,0,26,4,0,0.8083,0.0952,GREEN,58,Mumbai
CLM0022263,MUM_05798,Vashi,2018-05-04,11,0,0,0,0,0,0,0,0,0,1.0,1.0,0,1.0,0,358,1,0,0.8669,0.0,GREEN,30,Mumbai
CLM0022264,MUM_07656,Borivali,2019-10-17,18,0,0,0,1,0,0,0,0,0,1.0,0.193908,0,0.0,0,144,4,0,0.669,0.2561,GREEN,54,Mumbai
CLM0022265,MUM_01271,Chembur,2021-12-22,12,0,0,0,0,0,0,0,1,1,0.0,0.135467,0,1.0,0,215,3,2,0.6839,0.2773,GREEN,38,Mumbai
CLM0022266,MUM_09140,Lower Parel,2023-05-11,7,0,0,0,0,0,0,0,0,0,0.0,0.142614,0,0.0,0,331,1,0,0.803,0.0,GREEN,27,Mumbai
CLM0022267,MUM_07743,Powai,2024-10-21,17,0,0,0,0,0,0,0,0,1,0.0,0.215048,0,0.0,0,381,0,4,0.7417,0.1054,GREEN,36,Mumbai
CLM0022268,MUM_03439,Powai,2025-04-21,21,0,0,0,0,0,0,0,0,0,0.0,0.0,0,0.0,0,257,4,4,0.05,0.0013,GREEN,38,Mumbai
CLM0022269,MUM_03661,Vashi,2024-12-15,19,0,1,1,1,1,1,0,1,1,1.0,1.0,0,0.0,1,5,4,13,0.6652,0.1315,GREEN,51,Mumbai
CLM0022270,MUM_07282,Borivali,2022-03-24,18,0,0,0,1,0,0,0,0,0,1.0,0.133465,0,0.0,0,378,3,2,0.9726,0.2083,GREEN,46,Mumbai
CLM0022271,MUM_00496,Borivali,2024-05-04,9,0,0,0,0,0,0,0,0,0,0.0,0.957299,0,0.0,0,389,1,4,0.6865,0.0117,GREEN,36,Mumbai
CLM0022272,MUM_00797,Vashi,2023-08-24,11,0,0,0,0,0,0,0,0,0,0.0,0.128102,0,0.0,0,343,0,1,0.7219,0.0,GREEN,42,Mumbai
CLM0022273,MUM_02429,Vashi,2017-01-12,12,0,0,0,0,0,0,0,0,0,0.0,0.191896,0,0.0,0,115,4,4,0.6799,0.0162,GREEN,28,Mumbai
CLM0022274,MUM_07260,Bandra,2023-10-28,9,0,0,0,0,0,0,0,1,0,0.0,0.115366,0,0.0,0,128,0,0,0.98,0.1937,GREEN,38,Mumbai
CLM0022275,MUM_02685,Ghatkopar,2018-02-25,7,0,0,0,0,0,0,0,0,1,0.0,1.0,0,0.0,0,110,2,1,0.8234,0.1648,GREEN,52,Mumbai
CLM0022276,MUM_02148,Vashi,2018-05-29,13,0,0,0,0,0,0,0,0,0,0.0,0.117061,0,0.0,0,110,4,3,0.7723,0.0738,GREEN,49,Mumbai
CLM0022277,MUM_09917,Dadar,2024-01-24,16,0,0,0,0,0,0,0,0,0,0.0,0.280612,0,0.0,0,419,1,2,0.5118,0.0,GREEN,51,Mumbai
CLM0022278,MUM_09307,Borivali,2024-06-11,18,0,0,0,0,0,0,0,0,0,0.0,0.336827,0,0.0,0,26,4,3,0.5819,0.0045,GREEN,39,Mumbai
CLM0022279,MUM_08358,Lower Parel,2020-06-17,19,0,0,0,0,0,0,0,0,0,0.0,0.151693,0,0.0,0,356,1,1,0.9391,0.0,GREEN,52,Mumbai
CLM0022280,MUM_03546,Bandra,2022-12-06,17,0,0,0,0,0,1,0,0,0,0.0,0.331767,0,0.0,0,42,1,4,0.7009,0.0828,GREEN,53,Mumbai
CLM0022281,MUM_02769,Borivali,2022-11-22,17,0,0,0,1,0,0,0,0,0,1.0,0.0,0,0.0,0,80,0,5,0.4047,0.2304,GREEN,41,Mumbai
CLM0022282,MUM_06819,Thane,2024-09-16,13,0,0,0,0,1,0,0,0,0,0.0,0.477882,0,0.0,0,44,3,1,0.8214,0.1478,GREEN,43,Mumbai
CLM0022283,MUM_04837,Ghatkopar,2023-10-09,19,0,0,0,0,0,0,0,0,0,0.0,0.107627,0,0.0,0,94,0,2,0.8501,0.0,GREEN,51,Mumbai
CLM0022284,MUM_05947,Borivali,2021-02-15,11,0,0,0,0,0,0,0,0,0,0.0,0.390041,0,0.0,0,154,0,0,0.6059,0.0,GREEN,37,Mumbai
CLM0022285,MUM_01955,Lower Parel,2023-06-04,13,0,0,0,0,0,1,0,0,0,0.0,1.0,0,0.0,0,213,4,4,0.6815,0.14,GREEN,38,Mumbai
CLM0022286,MUM_07992,Thane,2020-02-24,7,0,0,0,0,0,0,0,0,0,0.0,0.345297,0,0.0,0,41,4,4,0.05,0.1093,GREEN,34,Mumbai
CLM0022287,MUM_09192,Lower Parel,2024-11-04,20,1,0,0,0,0,0,0,0,0,0.0,0.113587,0,0.0,0,388,4,3,0.6805,0.0244,GREEN,32,Mumbai
CLM0022288,MUM_03423,Borivali,2024-06-14,19,0,0,0,0,0,0,0,0,0,1.0,0.265955,0,0.0,0,420,2,0,0.9481,0.0667,GREEN,18,Mumbai
CLM0022289,MUM_09149,Dadar,2025-03-11,10,0,0,0,0,1,0,0,0,1,0.0,0.376384,0,0.0,0,420,3,2,0.8351,0.2611,GREEN,38,Mumbai
CLM0022290,MUM_02107,Ghatkopar,2025-02-12,9,0,1,1,0,0,0,0,0,0,0.0,0.073125,0,0.0,0,119,0,4,0.7467,0.0946,GREEN,49,Mumbai
CLM0022291,MUM_05501,Ghatkopar,2023-11-24,20,0,0,0,0,0,0,0,1,1,1.0,0.968273,0,1.0,0,420,2,4,0.05,0.0662,GREEN,50,Mumbai
CLM0022292,MUM_06447,Andheri,2025-06-09,10,0,0,0,0,1,0,0,0,0,0.0,0.203743,0,0.0,0,420,2,0,0.98,0.2101,GREEN,52,Mumbai
CLM0022293,MUM_03689,Chembur,2024-07-07,12,0,0,0,0,0,0,0,0,0,0.0,0.044284,0,0.0,0,35,1,0,0.8038,0.0279,GREEN,42,Mumbai
CLM0022294,MUM_09823,Ghatkopar,2025-04-26,15,0,0,0,0,0,0,0,0,0,0.0,0.179554,1,0.0,0,420,1,2,0.6707,0.0863,GREEN,39,Mumbai
CLM0022295,MUM_01595,Dadar,2025-08-03,13,0,0,0,0,0,0,0,0,0,1.0,0.104786,0,0.0,0,406,1,5,0.8754,0.0,GREEN,34,Mumbai
CLM0022296,MUM_07203,Lower Parel,2025-09-27,12,0,0,0,0,0,0,0,0,0,0.0,0.221773,0,0.0,0,85,0,5,0.7095,0.0556,GREEN,34,Mumbai
CLM0022297,MUM_09271,Thane,2025-09-21,15,0,0,0,1,0,0,0,0,0,0.0,0.223611,0,0.0,0,71,4,0,0.98,0.2153,GREEN,49,Mumbai
CLM0022298,MUM_09688,Lower Parel,2025-03-23,12,0,0,0,0,0,0,0,0,0,0.0,0.121484,0,0.0,1,331,4,0,0.05,0.0209,GREEN,46,Mumbai
CLM0022299,MUM_04618,Ghatkopar,2025-07-02,12,0,1,1,0,0,0,0,0,0,0.0,0.058732,0,0.0,0,420,0,1,0.4373,0.0,GREEN,57,Mumbai
CLM0022300,MUM_05536,Borivali,2025-07-17,21,0,0,0,0,0,0,0,1,1,0.0,0.392308,0,0.0,0,353,1,3,0.6753,0.1635,GREEN,42,Mumbai
CLM0022301,MUM_04111,Vashi,2025-01-16,10,0,0,0,1,0,0,0,0,0,0.0,0.269869,0,0.0,0,343,2,4,0.1424,0.1348,GREEN,31,Mumbai
CLM0022302,MUM_00415,Dadar,2025-06-13,21,0,0,0,0,0,0,1,0,0,0.0,0.381239,0,0.0,0,270,1,1,0.4605,0.0717,GREEN,35,Mumbai
CLM0022303,MUM_09534,Dadar,2023-03-05,17,0,1,1,0,0,0,0,0,0,0.0,0.321529,0,0.0,0,228,4,1,0.6357,0.0329,GREEN,51,Mumbai
CLM0022304,MUM_09553,Lower Parel,2023-03-09,9,0,0,0,1,0,1,1,0,1,0.0,0.020838,0,0.0,1,5,0,18,0.7953,0.0245,GREEN,33,Mumbai
CLM0022305,MUM_00305,Andheri,2022-01-20,19,0,0,0,0,0,1,0,0,0,0.0,0.181321,0,0.0,0,63,3,0,0.7573,0.177,GREEN,53,Mumbai
CLM0022306,MUM_06649,Lower Parel,2022-12-06,8,0,0,0,0,0,0,0,0,0,0.0,0.29291,0,0.0,0,420,2,0,0.98,0.0538,GREEN,59,Mumbai
CLM0022307,MUM_02420,Powai,2024-10-02,20,0,0,0,0,0,0,0,1,0,0.0,0.093982,0,0.0,0,319,0,2,0.6933,0.0075,GREEN,25,Mumbai
CLM0022308,MUM_02736,Bandra,2020-01-17,7,0,0,0,0,0,0,0,0,0,0.0,0.227313,0,0.0,0,420,4,3,0.2275,0.0,GREEN,63,Mumbai
CLM0022309,MUM_08475,Ghatkopar,2021-08-30,21,0,0,0,0,0,0,0,0,0,0.0,0.106491,0,0.0,0,420,1,0,0.98,0.0,GREEN,62,Mumbai
CLM0022310,MUM_09875,Thane,2019-04-27,14,0,0,0,0,0,0,0,0,0,0.0,0.408204,0,0.0,0,225,3,3,0.6104,0.0693,GREEN,27,Mumbai
CLM0022311,MUM_02186,Dadar,2020-09-01,16,0,0,0,0,0,1,1,1,0,0.0,0.962397,1,0.0,1,22,1,18,0.1285,0.0841,GREEN,56,Mumbai
CLM0022312,MUM_05029,Dadar,2023-10-25,17,0,0,0,0,0,0,0,0,0,0.0,0.118352,0,0.0,1,113,4,4,0.7366,0.0,GREEN,45,Mumbai
CLM0022313,MUM_00988,Dadar,2020-12-22,13,0,0,0,0,0,0,0,0,0,0.0,0.925725,0,0.0,0,107,2,0,0.5545,0.0417,GREEN,40,Mumbai
CLM0022314,MUM_04907,Lower Parel,2025-08-12,18,0,0,0,1,0,0,0,0,1,0.0,0.0,0,0.0,0,393,2,0,0.1404,0.3568,YELLOW,35,Mumbai
CLM0022315,MUM_01967,Borivali,2023-10-02,19,0,0,0,0,0,0,0,0,0,0.0,0.396218,0,0.0,0,245,2,2,0.8151,0.0,GREEN,43,Mumbai
CLM0022316,MUM_08974,Lower Parel,2025-04-25,10,0,1,1,0,0,0,1,0,0,1.0,0.276339,0,0.0,0,420,1,1,0.5514,0.1683,GREEN,44,Mumbai
CLM0022317,MUM_06789,Thane,2023-08-21,12,0,0,0,0,0,0,0,0,1,0.0,0.323494,0,0.0,0,161,4,0,0.9122,0.076,GREEN,54,Mumbai
CLM0022318,MUM_07966,Powai,2024-11-05,18,0,0,0,0,1,0,0,0,0,1.0,0.249637,0,0.0,0,187,1,4,0.6334,0.1234,GREEN,35,Mumbai
CLM0022319,MUM_05614,Borivali,2024-08-15,19,0,0,0,0,0,1,0,0,0,0.0,0.194051,0,0.0,0,343,4,4,0.8309,0.1671,GREEN,57,Mumbai
CLM0022320,MUM_00987,Dadar,2023-09-30,14,0,0,0,0,0,0,1,0,0,0.0,0.974549,0,0.0,0,420,2,2,0.7033,0.0168,GREEN,31,Mumbai
CLM0022321,MUM_07378,Thane,2025-01-01,15,0,0,0,1,0,0,0,0,0,0.0,0.0,0,0.0,0,324,2,2,0.5876,0.1394,GREEN,48,Mumbai
CLM0022322,MUM_00827,Vashi,2023-03-03,14,0,0,0,0,0,0,0,0,0,0.0,1.0,0,0.0,0,94,2,2,0.7616,0.0209,GREEN,31,Mumbai
CLM0022323,MUM_03651,Lower Parel,2024-11-07,17,0,0,0,0,0,0,0,0,0,1.0,0.342318,0,0.0,0,167,0,0,0.7899,0.0959,GREEN,32,Mumbai
CLM0022324,MUM_01085,Borivali,2023-08-01,13,0,0,0,0,0,0,0,0,0,0.0,0.014359,0,0.0,0,5,0,5,0.7489,0.0031,GREEN,28,Mumbai
CLM0022325,MUM_01827,Andheri,2021-07-24,12,0,0,0,0,0,0,0,0,0,0.0,0.024049,0,0.0,0,15,4,0,0.5406,0.0,GREEN,38,Mumbai
CLM0022326,MUM_03320,Chembur,2021-10-12,9,0,0,0,0,0,1,0,0,0,0.0,0.013333,0,0.0,0,111,1,5,0.7988,0.1189,GREEN,48,Mumbai
CLM0022327,MUM_08633,Lower Parel,2019-09-18,13,0,0,0,0,0,0,0,0,0,0.0,0.108848,0,0.0,0,208,1,2,0.5943,0.0,GREEN,33,Mumbai
CLM0022328,MUM_02865,Lower Parel,2018-04-24,19,0,0,0,0,0,1,0,0,0,1.0,0.017687,0,0.0,0,228,0,1,0.8382,0.1463,GREEN,33,Mumbai
CLM0022329,MUM_03878,Lower Parel,2024-04-25,19,0,0,0,0,0,0,0,0,0,1.0,0.252032,0,0.0,0,45,2,1,0.05,0.1008,GREEN,50,Mumbai
CLM0022330,MUM_06133,Vashi,2022-06-12,17,0,0,0,0,0,0,0,0,0,1.0,1.0,0,1.0,0,298,0,4,0.2628,0.0652,GREEN,18,Mumbai
CLM0022331,MUM_02755,Borivali,2023-09-12,11,0,0,0,0,0,0,0,0,0,0.0,0.131123,0,0.0,0,75,3,5,0.762,0.0,GREEN,54,Mumbai
CLM0022332,MUM_05937,Bandra,2018-12-12,18,0,0,0,1,0,0,0,0,0,0.0,0.0,0,1.0,1,305,4,3,0.6674,0.3165,YELLOW,45,Mumbai
CLM0022333,MUM_05566,Powai,2023-10-17,19,0,0,0,0,0,0,0,0,1,0.0,0.128427,0,0.0,0,296,2,4,0.05,0.1559,GREEN,45,Mumbai
CLM0022334,MUM_07548,Powai,2022-10-12,13,0,0,0,0,0,0,0,1,0,0.0,0.316695,0,0.0,1,60,2,6,0.98,0.2186,GREEN,51,Mumbai
CLM0022335,MUM_06985,Bandra,2023-03-30,17,0,0,0,0,0,0,0,0,0,0.0,0.104115,0,0.0,0,307,1,1,0.6451,0.0671,GREEN,53,Mumbai
CLM0022336,MUM_02797,Thane,2025-09-24,12,0,0,0,0,0,1,0,0,0,1.0,0.040702,0,0.0,0,287,2,1,0.676,0.087,GREEN,43,Mumbai
CLM0022337,MUM_09103,Ghatkopar,2024-12-09,16,0,0,0,0,0,0,1,0,0,0.0,0.151885,0,0.0,0,320,4,4,0.8367,0.0468,GREEN,36,Mumbai
CLM0022338,MUM_04006,Bandra,2023-05-14,11,0,0,0,0,0,0,0,1,0,0.0,0.044579,0,0.0,0,420,4,2,0.7968,0.0905,GREEN,49,Mumbai
CLM0022339,MUM_08574,Andheri,2023-02-13,16,0,0,0,0,0,0,0,0,0,0.0,0.241085,0,0.0,0,303,0,2,0.8744,0.031,GREEN,49,Mumbai
CLM0022340,MUM_01879,Dadar,2025-03-26,20,0,0,0,0,0,0,0,0,0,1.0,0.136096,0,0.0,0,131,2,0,0.7489,0.0126,GREEN,30,Mumbai
CLM0022341,MUM_07295,Vashi,2025-11-09,20,0,0,0,0,0,0,0,0,0,0.0,0.152948,0,0.0,0,415,2,3,0.6661,0.0,GREEN,42,Mumbai
CLM0022342,MUM_04423,Thane,2025-01-02,16,0,0,0,0,0,0,0,0,1,0.0,0.292236,0,0.0,0,385,1,0,0.98,0.1707,GREEN,41,Mumbai
CLM0022343,MUM_03855,Borivali,2025-08-01,20,0,0,0,0,0,1,0,0,0,0.0,0.35145,0,0.0,0,278,1,0,0.7317,0.0986,GREEN,34,Mumbai
CLM0022344,MUM_08566,Lower Parel,2025-11-22,15,0,0,0,0,0,0,0,0,0,0.0,0.144865,0,0.0,0,97,3,3,0.7569,0.0417,GREEN,23,Mumbai
CLM0022345,MUM_04795,Chembur,2025-06-10,7,0,0,0,0,0,0,0,0,0,0.0,0.990094,0,0.0,0,128,0,4,0.8361,0.0088,GREEN,43,Mumbai
CLM0022346,MUM_09535,Borivali,2024-12-15,15,0,0,0,0,0,0,0,0,0,0.0,0.504132,0,0.0,0,395,2,3,0.7854,0.0481,GREEN,44,Mumbai
CLM0022347,MUM_07757,Bandra,2025-06-09,9,0,0,0,0,0,0,0,0,0,0.0,0.198568,0,0.0,0,295,4,0,0.7087,0.0,GREEN,37,Mumbai
CLM0022348,MUM_07880,Andheri,2025-04-10,16,0,0,0,0,0,0,1,0,0,1.0,0.387394,1,0.0,0,332,4,4,0.8441,0.1774,GREEN,34,Mumbai
CLM0022349,MUM_09434,Andheri,2025-05-27,20,0,0,0,0,0,0,0,0,1,0.0,0.231453,0,0.0,0,185,4,2,0.8442,0.038,GREEN,50,Mumbai
CLM0022350,MUM_05329,Ghatkopar,2021-06-26,21,0,0,0,0,0,0,0,0,0,0.0,0.076161,1,0.0,0,275,4,6,0.8225,0.0308,GREEN,36,Mumbai
CLM0022351,MUM_01727,Borivali,2022-05-13,17,0,0,0,0,0,0,0,0,0,0.0,0.071442,0,0.0,0,374,0,3,0.1926,0.0496,GREEN,39,Mumbai
CLM0022352,MUM_03126,Bandra,2020-11-05,9,0,0,0,0,0,0,0,0,0,0.0,0.021704,0,0.0,0,156,4,0,0.7242,0.0,GREEN,43,Mumbai
CLM0022353,MUM_03449,Powai,2024-04-30,11,0,0,0,0,0,0,0,1,0,0.0,0.340393,1,0.0,0,248,1,1,0.8347,0.1359,GREEN,49,Mumbai
CLM0022354,MUM_06108,Bandra,2020-12-11,13,0,0,0,0,0,0,0,1,0,0.0,0.194225,0,0.0,0,92,1,5,0.05,0.2204,GREEN,58,Mumbai
CLM0022355,MUM_07835,Ghatkopar,2024-06-18,12,0,0,0,0,0,0,0,0,0,0.0,0.982137,0,0.0,0,120,0,5,0.5248,0.0,GREEN,54,Mumbai
CLM0022356,MUM_01304,Bandra,2024-08-15,19,0,0,0,0,0,1,0,0,0,0.0,0.171123,0,0.0,0,196,4,5,0.709,0.0681,GREEN,51,Mumbai
CLM0022357,MUM_05261,Borivali,2023-11-03,14,0,0,0,0,0,0,0,0,0,0.0,0.403697,0,0.0,1,287,4,0,0.98,0.0733,GREEN,47,Mumbai
CLM0022358,MUM_00603,Vashi,2021-08-10,17,0,0,0,0,0,0,1,0,0,0.0,0.202331,0,0.0,0,344,4,5,0.7172,0.0,GREEN,50,Mumbai
CLM0022359,MUM_06514,Powai,2020-02-25,10,0,0,0,0,0,0,0,1,0,0.0,0.116366,0,0.0,0,254,1,2,0.8348,0.0472,GREEN,40,Mumbai
CLM0022360,MUM_07780,Dadar,2020-06-01,7,0,0,0,1,0,0,0,0,0,0.0,0.044947,0,0.0,0,296,0,2,0.7192,0.151,GREEN,30,Mumbai
CLM0022361,MUM_04379,Bandra,2025-06-27,20,0,0,0,0,0,0,0,0,0,0.0,0.2181,0,0.0,1,164,3,0,0.8325,0.1075,GREEN,51,Mumbai
CLM0022362,MUM_06351,Powai,2025-12-12,8,0,0,0,0,1,0,0,0,0,0.0,0.307846,0,0.0,0,420,2,1,0.76,0.1345,GREEN,34,Mumbai
CLM0022363,MUM_02096,Bandra,2025-10-12,8,0,1,1,0,0,0,0,1,0,0.0,0.298574,0,0.0,0,79,4,0,0.7597,0.1084,GREEN,59,Mumbai
CLM0022364,MUM_08475,Ghatkopar,2025-05-29,16,0,0,0,0,0,0,0,0,0,1.0,0.229332,0,0.0,0,279,4,0,0.722,0.0244,GREEN,62,Mumbai
CLM0022365,MUM_07948,Chembur,2024-03-18,13,0,0,0,1,0,0,0,0,0,0.0,0.914164,0,0.0,0,355,2,2,0.6305,0.1106,GREEN,37,Mumbai
CLM0022366,MUM_07454,Thane,2025-08-17,17,0,0,0,0,0,0,0,0,0,0.0,0.10717,0,0.0,0,420,3,2,0.8317,0.0,GREEN,60,Mumbai
CLM0022367,MUM_03874,Lower Parel,2024-11-06,10,0,0,0,0,0,0,0,0,0,0.0,0.0,0,0.0,1,389,1,3,0.9533,0.1454,GREEN,38,Mumbai
CLM0022368,MUM_08141,Bandra,2024-05-25,11,0,0,0,0,0,0,0,0,0,0.0,0.325361,0,0.0,0,70,0,0,0.98,0.0574,GREEN,31,Mumbai
CLM0022369,MUM_00606,Vashi,2025-11-04,16,0,0,0,0,0,0,0,1,0,0.0,0.164046,0,0.0,1,309,2,3,0.2091,0.1372,GREEN,61,Mumbai
CLM0022370,MUM_06529,Ghatkopar,2025-07-24,16,0,0,0,0,0,0,0,0,0,0.0,0.366549,0,0.0,0,206,4,2,0.7969,0.0602,GREEN,44,Mumbai
CLM0022371,MUM_00886,Powai,2024-01-29,18,0,0,0,0,0,0,0,0,0,0.0,0.971885,0,0.0,0,420,4,1,0.6196,0.0,GREEN,49,Mumbai
CLM0022372,MUM_08203,Andheri,2024-02-01,19,0,0,0,0,0,0,1,0,0,0.0,0.130889,0,1.0,0,359,2,2,0.9299,0.0,GREEN,24,Mumbai
CLM0022373,MUM_02013,Dadar,2020-03-28,18,0,0,0,0,0,0,0,0,0,0.0,0.212643,0,0.0,0,61,2,4,0.5474,0.0,GREEN,42,Mumbai
CLM0022374,MUM_07830,Andheri,2017-05-04,7,0,0,0,0,0,0,0,0,0,0.0,0.207023,0,0.0,0,271,2,2,0.9033,0.0271,GREEN,26,Mumbai
CLM0022375,MUM_08559,Vashi,2019-01-19,14,0,0,0,0,0,0,0,0,0,0.0,0.034482,0,0.0,0,161,0,2,0.05,0.0,GREEN,34,Mumbai
CLM0022376,MUM_06057,Dadar,2020-10-29,20,0,0,0,1,0,0,0,0,0,1.0,0.26743,0,0.0,0,420,4,3,0.958,0.3263,YELLOW,25,Mumbai
CLM0022377,MUM_07422,Powai,2025-09-21,17,0,0,0,0,0,0,0,0,0,0.0,0.070088,0,0.0,0,278,4,8,0.8281,0.0254,GREEN,42,Mumbai
CLM0022378,MUM_03329,Powai,2021-12-20,19,0,0,0,0,0,0,0,0,0,0.0,0.145884,0,0.0,0,233,0,1,0.6081,0.0,GREEN,38,Mumbai
CLM0022379,MUM_08120,Thane,2020-09-18,8,0,0,0,0,0,0,0,0,0,0.0,0.108277,1,0.0,0,345,2,4,0.744,0.1101,GREEN,42,Mumbai
CLM0022380,MUM_03701,Dadar,2020-09-22,11,0,0,0,0,0,0,0,0,0,0.0,0.161002,1,0.0,1,96,2,0,0.5662,0.1591,GREEN,37,Mumbai
CLM0022381,MUM_05366,Bandra,2024-07-11,20,0,0,0,0,0,1,0,0,0,1.0,0.191666,0,0.0,0,420,4,3,0.7057,0.1757,GREEN,37,Mumbai
CLM0022382,MUM_08460,Ghatkopar,2025-04-07,21,0,0,0,1,0,0,0,0,0,1.0,0.324706,0,0.0,0,18,0,1,0.6112,0.2655,GREEN,55,Mumbai
CLM0022383,MUM_04020,Borivali,2024-09-18,17,0,0,0,0,1,0,0,0,0,0.0,0.961084,0,0.0,0,96,0,0,0.204,0.1211,GREEN,43,Mumbai
CLM0022384,MUM_06270,Borivali,2024-01-20,16,0,0,0,0,0,1,0,1,0,0.0,0.11028,0,0.0,0,420,4,2,0.133,0.1572,GREEN,29,Mumbai
CLM0022385,MUM_02296,Powai,2024-06-08,10,0,0,0,0,0,0,0,0,0,0.0,0.292058,0,0.0,0,319,4,4,0.4396,0.1087,GREEN,54,Mumbai
CLM0022386,MUM_02715,Lower Parel,2023-04-17,7,0,0,0,0,0,0,0,0,0,0.0,0.066373,0,0.0,0,339,3,0,0.7431,0.0,GREEN,56,Mumbai
CLM0022387,MUM_06594,Andheri,2021-09-04,17,0,0,0,0,0,0,0,0,0,0.0,0.170033,0,0.0,0,128,4,0,0.2613,0.0693,GREEN,49,Mumbai
CLM0022388,MUM_07784,Borivali,2023-02-11,12,0,0,0,0,0,0,0,0,0,0.0,0.317987,0,0.0,0,39,0,2,0.5459,0.0224,GREEN,43,Mumbai
CLM0022389,MUM_03843,Thane,2025-07-08,21,0,0,0,0,0,0,0,0,0,0.0,0.216792,0,0.0,0,420,4,5,0.7514,0.0988,GREEN,35,Mumbai
CLM0022390,MUM_02666,Vashi,2025-04-15,18,0,0,0,0,0,0,0,0,0,0.0,0.512502,0,0.0,0,420,3,3,0.8845,0.027,GREEN,43,Mumbai
CLM0022391,MUM_04528,Bandra,2023-10-24,16,0,0,0,0,0,1,0,0,0,0.0,0.021325,0,0.0,0,9,0,2,0.8742,0.1014,GREEN,39,Mumbai
CLM0022392,MUM_03993,Thane,2025-07-03,18,0,0,0,0,0,0,1,0,0,0.0,0.302741,0,0.0,0,49,0,0,0.7715,0.0853,GREEN,56,Mumbai
CLM0022393,MUM_02383,Powai,2024-03-04,10,0,0,0,0,0,0,0,0,0,1.0,0.041373,0,0.0,1,420,1,3,0.4206,0.0326,GREEN,30,Mumbai
CLM0022394,MUM_00536,Borivali,2021-10-27,15,0,0,0,0,0,0,0,0,0,0.0,0.324735,0,0.0,0,420,2,5,0.8296,0.0517,GREEN,40,Mumbai
CLM0022395,MUM_01667,Andheri,2022-03-04,16,0,0,0,0,0,0,0,0,0,0.0,0.330831,0,0.0,0,420,4,3,0.7316,0.0466,GREEN,38,Mumbai
CLM0022396,MUM_00642,Vashi,2025-02-22,12,0,0,0,0,0,0,0,0,0,0.0,0.016906,0,0.0,0,284,4,5,0.98,0.0,GREEN,40,Mumbai
CLM0022397,MUM_05013,Ghatkopar,2020-10-27,13,0,0,0,0,0,0,1,0,1,0.0,0.276736,0,0.0,0,293,2,2,0.086,0.2227,GREEN,54,Mumbai
CLM0022398,MUM_05832,Bandra,2023-03-11,16,0,0,0,0,0,0,0,0,0,0.0,0.213992,0,0.0,0,27,3,4,0.6899,0.092,GREEN,44,Mumbai
CLM0022399,MUM_08894,Thane,2020-06-04,7,0,0,0,0,0,0,0,0,0,0.0,0.272001,0,0.0,0,420,1,3,0.6063,0.0,GREEN,31,Mumbai
CLM0022400,MUM_03621,Vashi,2024-06-15,19,0,0,0,0,0,0,0,0,0,0.0,0.047631,0,0.0,0,252,0,5,0.6366,0.0739,GREEN,42,Mumbai
CLM0022401,MUM_06502,Vashi,2019-09-21,16,0,0,0,0,0,1,0,0,0,0.0,0.110134,0,0.0,0,420,4,5,0.7755,0.1731,GREEN,40,Mumbai
CLM0022402,MUM_02787,Ghatkopar,2020-10-23,16,0,0,0,0,0,0,0,0,0,0.0,0.302213,0,0.0,0,243,2,3,0.1566,0.1816,GREEN,46,Mumbai
CLM0022403,MUM_05203,Borivali,2019-10-08,9,0,0,0,0,0,0,0,0,0,0.0,0.140658,0,0.0,0,136,0,1,0.98,0.0451,GREEN,58,Mumbai
CLM0022404,MUM_04665,Dadar,2021-11-06,7,0,0,0,0,0,0,0,0,0,0.0,0.221343,0,0.0,0,122,4,0,0.9504,0.1388,GREEN,51,Mumbai
CLM0022405,MUM_02852,Vashi,2024-03-25,20,0,0,0,0,0,0,0,1,0,0.0,0.0,0,0.0,0,420,3,0,0.05,0.1659,GREEN,35,Mumbai
CLM0022406,MUM_00645,Bandra,2025-12-11,14,0,0,0,0,0,0,0,0,0,0.0,0.290614,0,0.0,0,217,3,2,0.9304,0.0,GREEN,31,Mumbai
CLM0022407,MUM_09577,Bandra,2024-03-21,16,0,0,0,0,0,0,0,0,0,0.0,0.185276,0,0.0,0,336,2,0,0.7067,0.0,GREEN,33,Mumbai
CLM0022408,MUM_04437,Ghatkopar,2024-10-02,15,0,0,0,0,0,0,1,0,0,0.0,0.488376,1,0.0,0,196,1,0,0.4377,0.2117,GREEN,40,Mumbai
CLM0022409,MUM_04630,Bandra,2025-04-24,15,0,0,0,0,0,0,0,0,0,0.0,0.181633,0,0.0,0,16,4,7,0.8392,0.0,GREEN,34,Mumbai
CLM0022410,MUM_04905,Vashi,2024-10-10,18,0,0,0,0,0,0,0,0,0,0.0,0.116394,0,0.0,0,286,0,1,0.6911,0.0532,GREEN,51,Mumbai
CLM0022411,MUM_09526,Powai,2023-12-19,10,0,0,0,0,0,0,0,0,0,0.0,0.984174,0,0.0,0,227,3,4,0.1233,0.0,GREEN,38,Mumbai
CLM0022412,MUM_01912,Vashi,2023-07-18,15,0,0,0,0,0,0,1,0,1,0.0,0.046245,0,0.0,0,182,3,4,0.6787,0.1465,GREEN,21,Mumbai
CLM0022413,MUM_03826,Chembur,2024-09-14,11,0,1,1,1,1,0,1,0,0,1.0,0.953044,0,0.0,0,14,2,14,0.05,0.5137,YELLOW,42,Mumbai
CLM0022414,MUM_00593,Dadar,2020-05-23,21,0,1,1,1,0,1,0,0,1,1.0,1.0,1,1.0,1,38,2,18,0.05,0.5534,YELLOW,52,Mumbai
CLM0022415,MUM_09872,Borivali,2021-07-08,21,0,1,1,0,0,0,0,0,0,0.0,0.33339,0,0.0,0,302,0,2,0.05,0.5192,YELLOW,31,Mumbai
CLM0022416,MUM_04936,Powai,2023-05-23,14,0,1,1,1,1,0,1,1,0,0.0,0.989533,0,0.0,0,10,0,18,0.3869,0.582,YELLOW,53,Mumbai
CLM0022417,MUM_06456,Chembur,2017-03-28,20,0,1,1,0,0,0,0,0,0,0.0,0.346674,0,0.0,0,251,2,5,0.5833,0.7282,RED,32,Mumbai
CLM0022418,MUM_08852,Powai,2020-09-05,19,0,1,1,1,1,0,1,0,1,0.0,0.098545,0,0.0,0,45,1,18,0.6815,0.6135,RED,60,Mumbai
CLM0022419,MUM_04568,Bandra,2018-08-04,9,0,1,1,0,0,0,0,0,0,0.0,0.266939,0,0.0,0,366,2,1,0.8109,0.7996,RED,53,Mumbai
CLM0022420,MUM_01870,Chembur,2019-11-03,8,0,0,0,0,0,0,0,0,0,0.0,0.324591,0,0.0,0,274,1,3,0.2753,0.0579,GREEN,32,Mumbai
CLM0022421,MUM_04164,Bandra,2019-03-20,21,0,0,0,0,0,0,0,0,0,0.0,0.318117,0,0.0,0,35,4,1,0.5968,0.0132,GREEN,30,Mumbai
CLM0022422,MUM_09967,Chembur,2019-01-21,15,0,0,0,0,0,0,0,0,0,0.0,0.0,0,0.0,0,44,1,6,0.7735,0.0819,GREEN,48,Mumbai
CLM0022423,MUM_01710,Dadar,2016-10-11,16,0,0,0,0,0,0,0,0,0,0.0,1.0,0,0.0,0,213,0,2,0.8115,0.0462,GREEN,45,Mumbai
CLM0022424,MUM_08497,Chembur,2025-10-03,10,0,0,0,1,0,0,0,0,0,1.0,0.183755,0,0.0,0,55,1,2,0.9178,0.3242,YELLOW,29,Mumbai
CLM0022425,MUM_00780,Andheri,2021-05-05,16,0,0,0,0,0,0,0,0,0,1.0,1.0,0,0.0,0,420,0,1,0.9733,0.1941,GREEN,54,Mumbai
CLM0022426,MUM_09704,Ghatkopar,2018-05-04,14,0,0,0,1,1,0,1,1,0,0.0,1.0,0,0.0,0,5,0,18,0.5124,0.0572,GREEN,42,Mumbai
CLM0022427,MUM_02925,Borivali,2024-07-06,11,0,0,0,1,0,0,0,0,1,1.0,0.152337,0,0.0,0,6,1,0,0.8418,0.3092,GREEN,49,Mumbai
CLM0022428,MUM_09296,Ghatkopar,2020-06-11,13,0,0,0,0,0,0,0,0,0,0.0,0.149986,0,0.0,0,209,2,0,0.98,0.0125,GREEN,43,Mumbai
CLM0022429,MUM_02643,Chembur,2025-08-29,17,0,0,0,0,0,0,0,1,0,0.0,0.196448,1,0.0,0,109,4,0,0.6391,0.0726,GREEN,52,Mumbai
CLM0022430,MUM_05049,Borivali,2020-08-24,21,0,0,0,0,0,0,0,0,0,0.0,0.151962,0,0.0,0,220,1,4,0.8735,0.0,GREEN,48,Mumbai
CLM0022431,MUM_08471,Lower Parel,2021-02-04,16,0,0,0,0,0,0,0,1,0,0.0,0.306064,0,0.0,0,330,4,1,0.8576,0.1064,GREEN,45,Mumbai
CLM0022432,MUM_05323,Andheri,2022-05-06,20,0,0,0,0,0,0,0,0,0,0.0,0.102018,0,0.0,0,321,2,4,0.9012,0.0127,GREEN,42,Mumbai
CLM0022433,MUM_09801,Borivali,2024-06-03,12,0,0,0,0,0,1,0,0,0,0.0,0.164406,0,0.0,0,420,4,5,0.0903,0.1455,GREEN,26,Mumbai
CLM0022434,MUM_03594,Chembur,2019-09-27,21,0,0,0,0,0,0,0,0,0,0.0,0.310289,0,0.0,0,77,2,0,0.3309,0.0881,GREEN,42,Mumbai
CLM0022435,MUM_01012,Lower Parel,2022-02-13,21,0,0,0,0,0,0,0,0,1,0.0,0.217049,0,0.0,0,146,1,2,0.1914,0.2042,GREEN,47,Mumbai
CLM0022436,MUM_00344,Chembur,2025-11-14,15,0,0,0,0,0,0,0,0,1,0.0,0.064114,0,0.0,0,127,0,3,0.1614,0.1154,GREEN,49,Mumbai
CLM0022437,MUM_05496,Powai,2024-07-04,18,0,0,0,0,0,1,0,0,0,0.0,0.94816,0,1.0,0,199,1,3,0.9417,0.1086,GREEN,57,Mumbai
CLM0022438,MUM_06500,Powai,2020-01-11,15,0,0,0,0,0,0,0,1,0,1.0,0.884836,0,1.0,0,27,4,8,0.551,0.0902,GREEN,39,Mumbai
CLM0022439,MUM_02419,Thane,2025-12-22,20,0,0,0,0,1,0,1,1,0,1.0,1.0,0,1.0,0,5,0,18,0.05,0.0,GREEN,51,Mumbai
CLM0022440,MUM_06176,Dadar,2021-04-05,8,0,0,0,0,0,0,0,0,0,0.0,0.109067,1,0.0,0,420,2,3,0.1917,0.1272,GREEN,58,Mumbai
CLM0022441,MUM_07606,Chembur,2021-01-09,19,0,0,0,0,0,0,0,0,0,0.0,0.963252,0,0.0,0,305,3,1,0.98,0.0,GREEN,44,Mumbai
CLM0022442,MUM_09500,Ghatkopar,2021-02-23,16,0,0,0,0,0,0,0,0,0,0.0,0.0,0,1.0,0,253,3,0,0.0635,0.0,GREEN,68,Mumbai
CLM0022443,MUM_08995,Vashi,2021-06-19,17,0,0,0,0,0,0,0,0,0,1.0,0.157695,0,0.0,0,396,1,0,0.7909,0.0381,GREEN,58,Mumbai
CLM0022444,MUM_04265,Andheri,2021-11-21,9,0,0,0,0,0,0,0,0,0,1.0,0.475628,0,0.0,0,383,3,2,0.739,0.1488,GREEN,51,Mumbai
CLM0022445,MUM_03060,Thane,2025-09-24,16,0,0,0,0,0,0,0,0,0,0.0,0.234737,0,0.0,0,420,1,4,0.5605,0.0485,GREEN,45,Mumbai
CLM0022446,MUM_02053,Chembur,2024-10-12,16,0,0,0,0,0,0,1,0,0,0.0,0.188379,0,0.0,1,157,2,0,0.1785,0.1493,GREEN,44,Mumbai
CLM0022447,MUM_09164,Dadar,2021-09-20,8,0,0,0,0,0,0,0,0,0,0.0,0.914214,0,0.0,0,102,0,5,0.05,0.0,GREEN,22,Mumbai
CLM0022448,MUM_02245,Bandra,2025-02-11,10,0,1,1,0,0,0,0,0,0,0.0,0.111936,0,0.0,0,420,1,0,0.9678,0.0,GREEN,27,Mumbai
CLM0022449,MUM_05794,Powai,2023-03-27,21,0,0,0,0,0,0,0,0,0,0.0,0.203189,0,0.0,0,333,3,3,0.503,0.0311,GREEN,54,Mumbai
CLM0022450,MUM_05848,Chembur,2025-12-25,14,0,0,0,0,0,0,0,0,0,0.0,0.308486,0,1.0,0,321,3,1,0.6593,0.0669,GREEN,43,Mumbai
CLM0022451,MUM_03929,Ghatkopar,2024-09-17,7,0,0,0,0,0,0,0,0,0,0.0,0.219776,0,0.0,0,288,3,4,0.7476,0.0,GREEN,42,Mumbai
CLM0022452,MUM_03442,Lower Parel,2021-03-28,17,0,0,0,0,0,0,1,0,0,0.0,1.0,0,0.0,0,146,0,5,0.8308,0.0352,GREEN,48,Mumbai
CLM0022453,MUM_03918,Chembur,2018-05-08,8,0,0,0,0,0,1,0,0,0,0.0,0.277503,0,0.0,0,110,1,0,0.7894,0.0274,GREEN,36,Mumbai
CLM0022454,MUM_09724,Lower Parel,2025-09-10,9,0,0,0,0,0,0,0,0,0,1.0,0.401979,0,0.0,0,420,0,3,0.7032,0.1667,GREEN,53,Mumbai
CLM0022455,MUM_08997,Bandra,2019-05-22,21,0,0,0,0,0,0,0,0,0,0.0,0.179435,0,0.0,1,383,1,5,0.9681,0.0966,GREEN,33,Mumbai
CLM0022456,MUM_01696,Lower Parel,2024-10-14,10,0,0,0,0,0,0,0,0,0,0.0,0.215491,0,0.0,0,34,3,0,0.72,0.0267,GREEN,36,Mumbai
CLM0022457,MUM_02931,Borivali,2025-11-30,9,0,0,0,0,0,0,0,0,0,0.0,0.311832,0,0.0,0,267,0,3,0.05,0.0,GREEN,44,Mumbai
CLM0022458,MUM_03954,Andheri,2021-11-04,11,0,0,0,0,0,0,0,0,0,0.0,0.095655,0,0.0,0,67,1,1,0.1938,0.1156,GREEN,21,Mumbai
CLM0022459,MUM_09018,Andheri,2023-01-19,21,0,0,0,1,1,1,1,0,1,0.0,0.102037,1,0.0,1,21,1,11,0.8172,0.0067,GREEN,60,Mumbai
CLM0022460,MUM_03982,Thane,2024-10-12,13,0,0,0,0,0,0,0,0,0,0.0,0.342266,0,0.0,0,420,1,2,0.6785,0.0,GREEN,36,Mumbai
CLM0022461,MUM_08035,Thane,2024-10-01,10,0,0,0,0,0,0,0,0,0,0.0,0.346556,0,0.0,0,326,0,4,0.22,0.0421,GREEN,60,Mumbai
CLM0022462,MUM_08470,Dadar,2023-07-27,17,0,0,0,0,0,0,0,0,0,0.0,0.128953,0,0.0,0,352,3,3,0.7356,0.0,GREEN,31,Mumbai
CLM0022463,MUM_06321,Thane,2022-02-20,21,0,0,0,0,0,1,0,0,0,0.0,0.315851,0,0.0,0,247,4,3,0.6541,0.1904,GREEN,55,Mumbai
CLM0022464,MUM_04861,Dadar,2021-05-28,7,0,1,1,0,0,0,1,0,0,0.0,0.02369,0,0.0,0,420,3,0,0.8469,0.062,GREEN,48,Mumbai
CLM0022465,MUM_05630,Borivali,2025-10-11,7,0,0,0,0,0,0,0,0,0,0.0,0.309361,0,0.0,0,296,4,3,0.7569,0.0291,GREEN,42,Mumbai
CLM0022466,MUM_09242,Dadar,2023-12-01,7,0,0,0,0,0,0,0,0,0,0.0,0.204156,0,0.0,0,420,0,5,0.6715,0.0,GREEN,48,Mumbai
CLM0022467,MUM_00936,Lower Parel,2025-12-29,11,0,0,0,0,0,0,0,0,0,0.0,1.0,0,0.0,0,350,3,0,0.5591,0.0,GREEN,50,Mumbai
CLM0022468,MUM_00535,Thane,2024-03-03,10,0,0,0,0,0,0,0,0,1,0.0,0.214189,0,0.0,0,42,1,2,0.7874,0.0899,GREEN,31,Mumbai
CLM0022469,MUM_07452,Thane,2025-04-28,7,0,1,1,0,0,0,1,0,0,0.0,0.113379,0,0.0,0,49,1,7,0.05,0.1688,GREEN,44,Mumbai
CLM0022470,MUM_04372,Andheri,2023-12-16,12,0,0,0,0,1,0,0,0,0,0.0,0.220126,1,1.0,0,420,2,3,0.5179,0.2153,GREEN,56,Mumbai
CLM0022471,MUM_01729,Dadar,2023-11-04,15,0,0,0,0,0,0,0,0,0,0.0,0.267998,0,0.0,0,384,4,5,0.6242,0.1457,GREEN,36,Mumbai
CLM0022472,MUM_09077,Chembur,2024-09-06,18,0,0,0,0,0,1,0,0,0,0.0,0.214925,0,0.0,0,281,1,7,0.4973,0.0103,GREEN,58,Mumbai
CLM0022473,MUM_06864,Lower Parel,2025-03-21,14,0,0,0,0,0,0,0,0,0,1.0,0.155183,0,0.0,0,157,3,4,0.8388,0.0822,GREEN,41,Mumbai
CLM0022474,MUM_03748,Bandra,2024-04-25,18,0,0,0,0,0,0,0,0,0,0.0,0.017019,0,0.0,0,253,3,4,0.8318,0.0,GREEN,40,Mumbai
CLM0022475,MUM_04425,Powai,2025-04-15,8,0,0,0,0,0,0,1,0,0,0.0,1.0,0,0.0,0,272,4,4,0.4383,0.0,GREEN,59,Mumbai
CLM0022476,MUM_09354,Dadar,2024-12-13,15,0,0,0,0,0,0,0,0,0,0.0,0.975747,0,0.0,0,74,0,7,0.6685,0.0,GREEN,33,Mumbai
CLM0022477,MUM_05297,Powai,2025-11-13,20,0,0,0,0,0,0,0,0,0,0.0,0.457228,0,0.0,0,196,2,3,0.5642,0.0,GREEN,37,Mumbai
CLM0022478,MUM_01030,Lower Parel,2016-05-31,9,0,0,0,0,0,0,1,1,0,0.0,0.297682,0,0.0,0,296,0,0,0.9395,0.1978,GREEN,38,Mumbai
CLM0022479,MUM_09062,Bandra,2015-12-26,11,0,0,0,0,0,0,0,0,0,0.0,1.0,0,0.0,0,405,3,6,0.6383,0.0,GREEN,42,Mumbai
CLM0022480,MUM_04081,Andheri,2025-05-09,8,0,0,0,1,0,0,0,1,0,0.0,0.150738,1,0.0,0,420,2,3,0.7708,0.214,GREEN,18,Mumbai
CLM0022481,MUM_07646,Lower Parel,2024-07-12,7,0,0,0,0,0,0,1,1,0,0.0,0.02412,0,0.0,0,223,4,1,0.8417,0.1868,GREEN,36,Mumbai
CLM0022482,MUM_08299,Bandra,2024-12-29,13,0,0,0,0,0,0,0,0,0,0.0,0.0,0,0.0,0,211,3,3,0.5469,0.0,GREEN,46,Mumbai
CLM0022483,MUM_09634,Vashi,2024-10-19,11,0,0,0,0,0,0,0,0,0,1.0,0.06639,0,0.0,0,283,4,3,0.6148,0.103,GREEN,29,Mumbai
CLM0022484,MUM_05899,Vashi,2025-04-19,12,0,0,0,0,0,0,0,1,0,0.0,0.185582,0,0.0,0,58,2,1,0.8455,0.0694,GREEN,35,Mumbai
CLM0022485,MUM_04183,Bandra,2025-07-08,18,0,0,0,0,0,0,0,0,0,0.0,0.187149,0,0.0,0,323,0,3,0.7586,0.0201,GREEN,45,Mumbai
CLM0022486,MUM_08856,Ghatkopar,2025-09-02,7,0,0,0,0,0,0,0,0,0,1.0,0.998535,0,1.0,0,220,1,1,0.6226,0.0,GREEN,43,Mumbai
CLM0022487,MUM_09933,Chembur,2025-03-22,17,0,0,0,0,0,0,0,0,0,0.0,0.113137,0,0.0,0,404,4,1,0.7345,0.0004,GREEN,50,Mumbai
CLM0022488,MUM_04927,Ghatkopar,2025-06-04,16,0,0,0,0,0,0,0,0,0,0.0,1.0,0,0.0,0,188,4,3,0.872,0.0,GREEN,44,Mumbai
CLM0022489,MUM_02711,Bandra,2024-11-30,17,0,0,0,0,0,0,0,0,0,0.0,0.864459,0,0.0,0,51,0,5,0.55,0.1161,GREEN,48,Mumbai
CLM0022490,MUM_01157,Andheri,2025-01-19,15,0,0,0,0,0,0,0,0,0,0.0,0.059168,0,0.0,0,206,0,5,0.7107,0.0314,GREEN,36,Mumbai
CLM0022491,MUM_04575,Bandra,2022-11-13,18,0,0,0,0,0,0,0,0,0,0.0,0.0,0,0.0,0,420,4,2,0.5019,0.0393,GREEN,38,Mumbai
CLM0022492,MUM_09856,Thane,2020-12-23,15,0,0,0,0,0,0,0,0,0,0.0,0.440159,0,0.0,0,204,4,4,0.7514,0.0,GREEN,42,Mumbai
CLM0022493,MUM_07999,Powai,2022-04-13,12,0,0,0,0,0,0,0,0,0,0.0,0.0,0,0.0,0,409,4,5,0.6092,0.0,GREEN,34,Mumbai
CLM0022494,MUM_05437,Vashi,2024-01-17,15,0,0,0,0,0,0,1,0,0,0.0,0.239345,0,0.0,0,383,4,1,0.5086,0.1293,GREEN,29,Mumbai
CLM0022495,MUM_05531,Bandra,2022-11-17,18,0,0,0,0,0,0,0,0,0,0.0,0.223602,0,0.0,0,85,3,0,0.7758,0.1747,GREEN,29,Mumbai
CLM0022496,MUM_09002,Powai,2023-10-31,7,0,0,0,0,0,0,0,0,0,0.0,0.226223,0,0.0,0,401,0,3,0.8033,0.0532,GREEN,43,Mumbai
CLM0022497,MUM_08023,Lower Parel,2018-10-03,12,0,0,0,0,0,0,1,0,0,0.0,0.905525,0,0.0,0,198,4,3,0.5969,0.0083,GREEN,42,Mumbai
CLM0022498,MUM_03094,Chembur,2023-04-19,9,0,0,0,0,0,0,0,0,0,0.0,0.263525,0,0.0,0,21,3,0,0.4378,0.0,GREEN,38,Mumbai
CLM0022499,MUM_06702,Bandra,2025-12-19,16,0,0,0,0,0,0,0,0,0,0.0,0.300534,0,0.0,0,294,1,3,0.829,0.0,GREEN,52,Mumbai
CLM0022500,MUM_01435,Andheri,2022-05-20,12,0,0,0,0,0,0,1,0,0,0.0,0.18429,0,0.0,0,420,2,1,0.7032,0.0454,GREEN,49,Mumbai
CLM0022501,MUM_01801,Chembur,2022-01-12,13,0,0,0,0,0,1,0,0,0,0.0,0.318711,0,0.0,0,420,0,0,0.6663,0.0852,GREEN,20,Mumbai
CLM0022502,MUM_04062,Borivali,2025-01-17,21,0,0,0,0,0,0,0,0,0,0.0,0.054749,0,0.0,0,227,3,1,0.6729,0.0,GREEN,38,Mumbai
CLM0022503,MUM_04068,Ghatkopar,2023-11-17,20,0,0,0,0,0,0,0,0,0,0.0,0.333383,0,0.0,0,81,0,0,0.7168,0.0183,GREEN,59,Mumbai
CLM0022504,MUM_08361,Lower Parel,2023-04-12,18,0,0,0,0,0,0,0,0,0,1.0,0.068594,0,0.0,0,111,4,0,0.6552,0.0526,GREEN,25,Mumbai
CLM0022505,MUM_04776,Chembur,2025-03-11,11,0,0,0,0,0,0,0,0,0,0.0,0.0,0,0.0,0,207,3,5,0.6809,0.0,GREEN,37,Mumbai
CLM0022506,MUM_00573,Lower Parel,2024-04-28,14,0,0,0,0,0,0,0,0,0,0.0,0.35898,0,0.0,0,420,2,4,0.2936,0.0,GREEN,34,Mumbai
CLM0022507,MUM_01008,Bandra,2023-09-01,15,0,0,0,0,0,0,0,0,0,0.0,0.967046,0,0.0,0,252,1,0,0.6044,0.0,GREEN,29,Mumbai
CLM0022508,MUM_09149,Dadar,2023-06-06,18,0,0,0,0,0,0,0,0,0,0.0,0.177447,0,0.0,1,231,2,0,0.2821,0.047,GREEN,38,Mumbai
CLM0022509,MUM_06294,Bandra,2023-08-17,16,0,0,0,0,0,0,0,0,0,0.0,0.198522,0,0.0,0,412,2,4,0.2204,0.0,GREEN,54,Mumbai
CLM0022510,MUM_01603,Dadar,2022-12-08,11,0,0,0,0,0,0,0,0,0,0.0,0.105066,0,0.0,0,225,4,5,0.7476,0.0,GREEN,31,Mumbai
CLM0022511,MUM_02555,Lower Parel,2023-08-28,9,0,0,0,0,0,0,0,0,0,0.0,0.302709,0,0.0,0,202,3,0,0.9071,0.0,GREEN,43,Mumbai
CLM0022512,MUM_04793,Ghatkopar,2022-03-17,7,0,0,0,0,0,0,0,0,0,0.0,0.046201,1,0.0,0,404,3,3,0.4731,0.0786,GREEN,39,Mumbai
CLM0022513,MUM_07953,Lower Parel,2023-08-29,15,0,0,0,0,0,0,1,0,0,0.0,0.265863,0,0.0,0,245,2,1,0.6457,0.0911,GREEN,30,Mumbai
CLM0022514,MUM_00760,Chembur,2022-01-24,14,0,1,1,0,0,1,0,1,0,0.0,0.051892,0,0.0,0,293,1,2,0.6134,0.1158,GREEN,41,Mumbai
CLM0022515,MUM_04197,Bandra,2021-08-14,10,0,0,0,0,0,0,0,0,0,0.0,0.102758,1,0.0,0,420,1,4,0.98,0.0668,GREEN,35,Mumbai
CLM0022516,MUM_01878,Lower Parel,2024-03-19,19,0,0,0,0,0,0,0,0,0,1.0,0.374891,0,0.0,0,381,2,2,0.9726,0.0338,GREEN,44,Mumbai
CLM0022517,MUM_02471,Bandra,2022-10-02,7,0,0,0,1,0,0,0,0,0,0.0,0.390594,0,0.0,0,78,4,4,0.98,0.1787,GREEN,36,Mumbai
CLM0022518,MUM_09619,Ghatkopar,2021-11-02,15,0,0,0,0,0,0,0,0,0,0.0,0.01836,0,0.0,0,261,0,0,0.98,0.0857,GREEN,50,Mumbai
CLM0022519,MUM_06645,Borivali,2021-03-02,10,0,0,0,0,0,0,0,0,0,0.0,0.978651,0,0.0,1,282,3,0,0.9069,0.1336,GREEN,41,Mumbai
CLM0022520,MUM_08794,Bandra,2021-06-11,19,0,0,0,0,0,0,1,0,0,0.0,0.343743,0,0.0,0,140,1,3,0.98,0.0192,GREEN,29,Mumbai
CLM0022521,MUM_05457,Dadar,2023-02-28,14,0,0,0,0,0,1,0,0,0,0.0,0.192742,0,0.0,0,420,4,1,0.5915,0.096,GREEN,32,Mumbai
CLM0022522,MUM_01588,Andheri,2024-08-23,18,0,1,1,0,0,0,0,0,0,0.0,0.310502,0,0.0,0,321,0,3,0.7885,0.0608,GREEN,49,Mumbai
CLM0022523,MUM_02047,Ghatkopar,2025-11-08,21,0,0,0,0,0,0,0,0,0,0.0,0.263735,0,0.0,0,316,1,1,0.1274,0.0,GREEN,44,Mumbai
CLM0022524,MUM_05818,Chembur,2022-06-10,21,0,0,0,0,0,0,0,0,0,1.0,0.325747,0,0.0,0,287,2,0,0.98,0.096,GREEN,39,Mumbai
CLM0022525,MUM_02574,Vashi,2023-03-10,19,0,0,0,0,0,0,0,0,1,1.0,0.221109,0,0.0,0,420,3,2,0.5137,0.1999,GREEN,30,Mumbai
CLM0022526,MUM_01322,Lower Parel,2021-02-26,14,0,0,0,0,0,0,0,0,0,0.0,0.053552,0,0.0,0,420,0,2,0.9781,0.0,GREEN,34,Mumbai
CLM0022527,MUM_02383,Powai,2022-01-10,19,0,0,0,0,0,0,0,0,0,0.0,0.12352,0,0.0,0,105,3,6,0.5786,0.1379,GREEN,30,Mumbai
CLM0022528,MUM_09570,Thane,2023-01-24,15,0,0,0,0,0,0,0,1,0,0.0,0.262472,0,0.0,0,102,2,5,0.7735,0.1558,GREEN,38,Mumbai
CLM0022529,MUM_01718,Bandra,2019-08-22,18,0,0,0,0,0,0,0,0,0,0.0,0.209979,0,0.0,0,420,0,5,0.98,0.1601,GREEN,33,Mumbai
CLM0022530,MUM_09836,Thane,2020-06-22,15,0,0,0,0,0,0,0,0,0,1.0,0.1151,0,0.0,0,420,0,2,0.7032,0.1376,GREEN,44,Mumbai
CLM0022531,MUM_05271,Ghatkopar,2022-05-24,15,0,0,0,0,0,0,0,1,0,0.0,0.235109,0,0.0,0,276,1,1,0.98,0.1073,GREEN,45,Mumbai
CLM0022532,MUM_09344,Andheri,2024-11-28,21,0,0,0,0,0,1,0,1,0,0.0,0.046519,0,0.0,0,168,3,0,0.5766,0.2325,GREEN,47,Mumbai
CLM0022533,MUM_08570,Lower Parel,2022-05-03,8,0,0,0,0,0,0,0,0,0,0.0,0.324659,0,1.0,0,348,0,2,0.8177,0.1161,GREEN,44,Mumbai
CLM0022534,MUM_02220,Bandra,2022-03-02,14,0,0,0,1,0,0,0,0,0,0.0,0.068494,0,1.0,0,64,2,5,0.9572,0.2534,GREEN,31,Mumbai
CLM0022535,MUM_03979,Chembur,2022-05-06,10,0,0,0,0,0,0,0,0,0,0.0,0.430485,0,0.0,0,410,1,1,0.7445,0.0042,GREEN,43,Mumbai
CLM0022536,MUM_04551,Dadar,2024-12-19,20,0,0,0,0,0,0,1,0,0,0.0,0.191655,0,0.0,0,420,1,1,0.7727,0.0546,GREEN,50,Mumbai
CLM0022537,MUM_06511,Bandra,2022-06-14,21,0,0,0,0,0,0,0,0,0,0.0,1.0,0,0.0,0,420,0,5,0.5638,0.0988,GREEN,37,Mumbai
CLM0022538,MUM_05067,Borivali,2025-06-24,8,0,0,0,0,0,0,0,0,0,0.0,0.233737,0,0.0,0,68,3,2,0.9534,0.0,GREEN,47,Mumbai
CLM0022539,MUM_09606,Ghatkopar,2023-12-09,10,0,0,0,0,0,0,0,0,0,0.0,0.012676,0,0.0,0,201,3,0,0.7215,0.0,GREEN,38,Mumbai
CLM0022540,MUM_04250,Borivali,2021-12-15,21,0,0,0,0,0,0,0,0,0,0.0,0.308706,0,0.0,0,17,2,4,0.5385,0.0,GREEN,40,Mumbai
CLM0022541,MUM_03550,Dadar,2021-01-13,18,0,0,0,0,0,0,0,0,0,0.0,0.301913,1,0.0,0,325,0,5,0.5639,0.0782,GREEN,50,Mumbai
CLM0022542,MUM_06668,Ghatkopar,2025-07-18,8,0,0,0,0,0,0,0,0,0,0.0,0.028955,1,0.0,0,236,3,0,0.758,0.1595,GREEN,34,Mumbai
CLM0022543,MUM_03550,Dadar,2025-01-13,20,0,0,0,0,1,0,0,0,0,0.0,0.205496,0,0.0,0,279,2,0,0.6275,0.1146,GREEN,50,Mumbai
CLM0022544,MUM_05955,Dadar,2025-10-26,16,0,0,0,0,0,0,0,0,0,0.0,0.402414,0,0.0,1,391,1,4,0.98,0.201,GREEN,55,Mumbai
CLM0022545,MUM_03407,Andheri,2023-12-06,16,0,0,0,0,0,0,0,0,0,0.0,0.010181,0,0.0,0,365,1,4,0.0575,0.0,GREEN,38,Mumbai
CLM0022546,MUM_06440,Borivali,2025-01-11,12,0,0,0,0,0,1,0,0,0,0.0,0.312356,0,0.0,0,379,3,3,0.8876,0.1082,GREEN,34,Mumbai
CLM0022547,MUM_09498,Borivali,2024-10-13,9,0,0,0,0,0,1,0,0,0,0.0,0.017511,1,0.0,1,5,3,3,0.6643,0.2036,GREEN,24,Mumbai
CLM0022548,MUM_01292,Lower Parel,2025-01-27,12,0,0,0,0,0,0,0,0,0,0.0,0.0,0,0.0,0,384,3,0,0.9476,0.0494,GREEN,56,Mumbai
CLM0022549,MUM_09572,Bandra,2023-02-19,13,0,0,0,0,0,1,1,1,0,0.0,0.273285,0,0.0,0,420,3,4,0.1811,0.2863,GREEN,51,Mumbai
CLM0022550,MUM_05096,Dadar,2025-04-06,12,0,0,0,0,0,0,0,0,0,0.0,0.046865,1,0.0,0,394,4,1,0.878,0.0526,GREEN,40,Mumbai
CLM0022551,MUM_08753,Thane,2025-01-28,7,0,0,0,0,0,1,0,0,0,0.0,0.343718,0,0.0,0,135,4,3,0.5975,0.134,GREEN,26,Mumbai
CLM0022552,MUM_00093,Chembur,2023-10-05,18,0,0,0,1,0,0,0,0,0,0.0,0.219074,0,0.0,0,420,3,3,0.6005,0.1357,GREEN,40,Mumbai
CLM0022553,MUM_00408,Andheri,2024-07-14,20,0,0,0,0,0,0,1,0,0,0.0,0.28711,0,0.0,0,420,2,1,0.25,0.0492,GREEN,49,Mumbai
CLM0022554,MUM_06491,Vashi,2023-07-14,21,0,0,0,0,0,0,1,0,0,0.0,0.309846,0,0.0,0,228,1,5,0.8298,0.1934,GREEN,48,Mumbai
CLM0022555,MUM_09266,Lower Parel,2025-09-11,15,0,0,0,0,0,0,0,0,0,0.0,0.37463,0,0.0,0,357,4,0,0.8003,0.0,GREEN,59,Mumbai
CLM0022556,MUM_05536,Borivali,2024-10-29,13,0,0,0,1,0,1,1,1,1,0.0,0.102637,1,0.0,0,5,0,17,0.8217,0.291,GREEN,42,Mumbai
CLM0022557,MUM_05888,Andheri,2023-02-21,14,0,0,0,0,0,0,1,1,0,0.0,0.234736,0,0.0,0,302,2,5,0.98,0.1578,GREEN,43,Mumbai
CLM0022558,MUM_02208,Vashi,2022-12-25,13,0,0,0,0,0,0,0,0,0,0.0,0.36587,0,0.0,0,137,1,2,0.8908,0.0,GREEN,66,Mumbai
CLM0022559,MUM_04277,Dadar,2024-04-27,10,0,0,0,0,0,0,0,0,0,0.0,0.206055,0,0.0,0,281,3,2,0.9792,0.0,GREEN,35,Mumbai
CLM0022560,MUM_04147,Dadar,2023-06-02,20,0,0,0,0,0,0,0,0,0,0.0,0.203975,0,0.0,0,65,3,2,0.8169,0.1323,GREEN,46,Mumbai
CLM0022561,MUM_01100,Andheri,2024-05-18,16,0,0,0,0,0,0,0,0,0,0.0,0.157264,0,0.0,0,177,3,3,0.6884,0.0633,GREEN,30,Mumbai
CLM0022562,MUM_09979,Vashi,2022-04-05,19,0,1,1,0,0,0,0,0,0,0.0,0.184864,0,0.0,0,292,0,3,0.6405,0.1219,GREEN,60,Mumbai
CLM0022563,MUM_01787,Andheri,2025-01-04,19,0,0,0,0,0,0,0,0,0,0.0,0.079358,0,0.0,0,130,4,2,0.7426,0.0554,GREEN,34,Mumbai
CLM0022564,MUM_08553,Ghatkopar,2024-09-26,14,0,0,0,0,0,0,1,0,0,0.0,0.202284,0,0.0,0,37,0,3,0.5068,0.0783,GREEN,51,Mumbai
CLM0022565,MUM_04107,Bandra,2021-10-26,8,0,0,0,0,0,0,0,0,0,0.0,0.117191,0,0.0,0,316,3,2,0.878,0.0,GREEN,42,Mumbai
CLM0022566,MUM_00532,Lower Parel,2025-02-15,17,0,0,0,0,0,0,0,0,0,0.0,0.014053,0,1.0,0,226,2,3,0.8875,0.0,GREEN,40,Mumbai
CLM0022567,MUM_05392,Powai,2025-12-19,20,0,0,0,0,0,0,0,0,0,0.0,0.376828,0,1.0,0,250,2,0,0.7773,0.0279,GREEN,27,Mumbai
CLM0022568,MUM_04432,Powai,2025-05-08,13,0,1,1,0,0,0,1,0,0,0.0,1.0,0,0.0,0,125,4,3,0.5109,0.1508,GREEN,37,Mumbai
CLM0022569,MUM_02699,Ghatkopar,2024-09-13,16,0,1,1,1,0,0,0,0,1,0.0,0.90753,0,0.0,0,40,4,5,0.6961,0.3462,YELLOW,53,Mumbai
CLM0022570,MUM_01838,Andheri,2024-04-19,13,0,0,0,0,0,0,0,0,0,1.0,0.278501,0,0.0,0,252,4,5,0.0933,0.0881,GREEN,58,Mumbai
CLM0022571,MUM_01524,Dadar,2025-06-27,18,0,1,1,0,0,0,0,0,0,0.0,0.403909,0,0.0,0,73,2,2,0.9701,0.0102,GREEN,39,Mumbai
CLM0022572,MUM_09548,Lower Parel,2023-04-06,18,0,0,0,0,0,0,0,0,0,0.0,0.323683,0,0.0,0,368,0,1,0.7654,0.0259,GREEN,31,Mumbai
CLM0022573,MUM_09520,Lower Parel,2025-01-27,7,0,0,0,0,0,0,0,0,0,0.0,0.129469,0,0.0,1,5,1,2,0.9716,0.065,GREEN,31,Mumbai
CLM0022574,MUM_08609,Powai,2024-09-30,12,0,0,0,0,0,0,0,1,0,0.0,0.11205,0,0.0,1,20,0,4,0.6988,0.2792,GREEN,67,Mumbai
CLM0022575,MUM_08360,Bandra,2025-07-11,9,0,0,0,0,0,0,0,0,0,0.0,0.220787,1,0.0,0,420,0,6,0.9798,0.0211,GREEN,40,Mumbai
CLM0022576,MUM_07990,Chembur,2025-03-31,11,0,0,0,0,0,0,0,0,0,0.0,0.209191,0,0.0,0,237,0,1,0.5453,0.0023,GREEN,53,Mumbai
CLM0022577,MUM_02183,Borivali,2021-06-16,18,0,1,1,1,1,0,1,1,0,1.0,0.615251,1,0.0,1,31,2,18,0.1464,0.6363,RED,30,Mumbai
CLM0022578,MUM_03234,Thane,2019-12-04,16,0,1,1,1,0,1,1,1,0,0.0,0.006687,0,0.0,1,10,2,18,0.9095,0.6915,RED,22,Mumbai
CLM0022579,MUM_02949,Borivali,2021-02-07,7,0,1,1,1,1,0,1,1,1,1.0,1.0,0,0.0,1,10,0,18,0.0684,0.8015,RED,44,Mumbai
CLM0022580,MUM_05336,Ghatkopar,2022-07-30,20,0,1,1,1,1,1,1,0,1,1.0,1.0,0,1.0,0,36,1,18,0.0843,0.7785,RED,46,Mumbai
CLM0022581,MUM_07149,Dadar,2025-07-01,17,0,1,1,0,0,0,0,0,0,0.0,0.309102,0,0.0,0,420,2,1,0.562,0.6955,RED,40,Mumbai
CLM0022582,MUM_03230,Thane,2020-12-19,11,0,1,1,0,0,0,0,0,0,0.0,0.151999,0,0.0,0,177,2,0,0.6625,0.7411,RED,47,Mumbai
CLM0022583,MUM_08760,Chembur,2024-07-10,10,0,1,1,1,0,1,1,1,1,0.0,1.0,0,1.0,1,10,2,18,0.9112,0.8025,RED,53,Mumbai
CLM0022584,MUM_02704,Bandra,2025-06-03,20,0,1,1,0,0,0,0,0,0,0.0,1.0,0,0.0,0,253,0,7,0.1982,0.5953,YELLOW,34,Mumbai
CLM0022585,MUM_04586,Powai,2018-09-14,20,0,0,0,0,0,0,1,0,0,0.0,0.207506,0,0.0,0,306,3,1,0.1384,0.0,GREEN,30,Mumbai
CLM0022586,MUM_08888,Vashi,2018-04-04,19,0,0,0,0,0,0,0,0,0,0.0,0.291815,0,0.0,0,183,0,1,0.8285,0.0,GREEN,46,Mumbai
CLM0022587,MUM_05262,Thane,2017-07-19,20,0,0,0,0,0,0,0,0,0,1.0,0.361339,0,0.0,0,172,1,0,0.98,0.0986,GREEN,51,Mumbai
CLM0022588,MUM_04839,Borivali,2024-11-02,9,0,0,0,0,0,0,0,0,0,0.0,0.407797,0,0.0,0,135,1,0,0.585,0.0141,GREEN,46,Mumbai
CLM0022589,MUM_00557,Bandra,2016-09-15,9,0,0,0,0,0,0,0,0,0,0.0,0.206078,0,0.0,0,53,1,0,0.5924,0.0,GREEN,28,Mumbai
CLM0022590,MUM_09996,Thane,2023-07-24,9,0,0,0,0,0,0,0,0,0,1.0,0.35261,0,0.0,0,420,0,0,0.5538,0.0035,GREEN,44,Mumbai
CLM0022591,MUM_08761,Vashi,2019-11-14,8,0,0,0,0,0,0,0,0,0,0.0,0.2128,0,1.0,0,387,3,1,0.9718,0.0,GREEN,50,Mumbai
CLM0022592,MUM_01298,Chembur,2018-02-15,12,0,0,0,0,0,1,0,0,0,0.0,0.054275,0,0.0,0,5,4,2,0.6054,0.0459,GREEN,36,Mumbai
CLM0022593,MUM_06184,Powai,2019-11-09,12,0,0,0,1,0,0,0,1,0,0.0,0.355121,0,0.0,0,102,3,3,0.4263,0.2568,GREEN,47,Mumbai
CLM0022594,MUM_03543,Borivali,2022-11-03,11,0,0,0,0,0,0,0,1,0,0.0,0.0,0,0.0,0,177,4,1,0.9479,0.0152,GREEN,44,Mumbai
CLM0022595,MUM_06547,Andheri,2021-10-29,13,0,0,0,0,0,0,0,0,0,1.0,0.013412,1,0.0,0,83,0,5,0.9441,0.0496,GREEN,44,Mumbai
CLM0022596,MUM_03704,Vashi,2021-03-17,10,0,0,0,0,0,0,0,0,0,0.0,0.29857,0,0.0,0,243,3,4,0.7438,0.0203,GREEN,47,Mumbai
CLM0022597,MUM_02476,Powai,2019-09-25,14,0,0,0,0,0,0,0,0,0,0.0,0.140178,0,0.0,0,155,1,3,0.7402,0.0,GREEN,50,Mumbai
CLM0022598,MUM_08427,Ghatkopar,2019-07-01,8,0,0,0,0,0,0,0,0,1,0.0,0.197189,0,0.0,0,400,3,0,0.6858,0.1441,GREEN,48,Mumbai
CLM0022599,MUM_03593,Chembur,2025-06-28,7,0,0,0,0,0,0,0,1,0,0.0,0.371263,0,0.0,0,234,3,6,0.7194,0.0948,GREEN,41,Mumbai
CLM0022600,MUM_05972,Borivali,2022-03-22,11,0,0,0,0,0,0,0,0,0,0.0,0.127349,0,0.0,0,147,2,0,0.7523,0.0426,GREEN,40,Mumbai
CLM0022601,MUM_03326,Chembur,2020-11-04,16,0,0,0,0,0,0,0,0,0,1.0,0.158685,0,0.0,0,177,2,2,0.8903,0.0,GREEN,55,Mumbai
CLM0022602,MUM_07739,Dadar,2020-07-19,7,0,1,1,0,0,0,0,0,0,0.0,0.066061,0,0.0,0,29,1,2,0.813,0.0,GREEN,29,Mumbai
CLM0022603,MUM_01550,Ghatkopar,2020-01-21,8,0,0,0,0,0,0,0,0,0,0.0,0.137397,0,0.0,0,189,2,0,0.0685,0.0,GREEN,27,Mumbai
CLM0022604,MUM_09854,Andheri,2024-04-14,7,0,0,0,1,0,0,0,0,0,0.0,0.162592,0,0.0,0,247,0,5,0.1097,0.1451,GREEN,54,Mumbai
CLM0022605,MUM_08577,Vashi,2018-10-25,14,0,0,0,0,1,0,0,0,0,0.0,0.0,0,0.0,0,355,3,2,0.5464,0.1852,GREEN,43,Mumbai
CLM0022606,MUM_02454,Borivali,2022-10-23,21,0,0,0,1,1,0,0,1,1,0.0,0.0,0,0.0,0,8,3,18,0.1317,0.1209,GREEN,18,Mumbai
CLM0022607,MUM_09845,Powai,2024-08-29,8,0,0,0,0,0,1,1,1,0,0.0,0.071317,0,0.0,1,13,1,18,0.7665,0.0573,GREEN,36,Mumbai
CLM0022608,MUM_08802,Dadar,2021-11-06,12,0,0,0,0,0,0,0,0,0,0.0,0.198678,0,0.0,0,35,2,3,0.4709,0.0,GREEN,19,Mumbai
CLM0022609,MUM_01396,Bandra,2018-09-14,17,0,0,0,0,0,0,0,0,0,0.0,0.113476,0,0.0,0,306,3,0,0.6746,0.0002,GREEN,57,Mumbai
CLM0022610,MUM_00555,Vashi,2024-09-06,8,0,0,0,0,0,1,0,0,0,0.0,0.127377,0,0.0,0,200,2,3,0.6837,0.1057,GREEN,22,Mumbai
CLM0022611,MUM_01651,Bandra,2024-06-22,20,0,0,0,0,0,0,1,0,0,0.0,0.144298,0,0.0,0,42,2,0,0.6995,0.1753,GREEN,38,Mumbai
CLM0022612,MUM_05083,Andheri,2024-07-12,13,0,0,0,0,0,0,0,0,0,0.0,0.200228,1,0.0,0,288,0,0,0.6573,0.0,GREEN,41,Mumbai
CLM0022613,MUM_02636,Vashi,2024-12-23,8,0,0,0,0,0,0,0,0,0,0.0,0.127202,0,0.0,1,218,2,3,0.505,0.0663,GREEN,36,Mumbai
CLM0022614,MUM_08414,Bandra,2024-10-19,16,0,0,0,0,0,1,0,0,1,1.0,0.076582,0,0.0,0,40,2,6,0.4742,0.2955,GREEN,44,Mumbai
CLM0022615,MUM_07535,Dadar,2024-11-16,14,0,0,0,0,0,0,0,0,0,0.0,0.120016,0,0.0,0,239,4,1,0.8517,0.0308,GREEN,36,Mumbai
CLM0022616,MUM_08608,Lower Parel,2025-08-08,16,0,0,0,0,0,1,0,0,0,0.0,0.131367,0,0.0,0,101,0,3,0.9074,0.0677,GREEN,52,Mumbai
CLM0022617,MUM_09408,Dadar,2024-12-19,9,0,0,0,0,0,0,0,0,0,0.0,0.953152,0,0.0,0,38,2,3,0.6606,0.0,GREEN,37,Mumbai
CLM0022618,MUM_04773,Vashi,2025-05-15,9,0,0,0,0,0,0,0,0,0,1.0,0.048919,1,0.0,1,390,4,3,0.98,0.2233,GREEN,40,Mumbai
CLM0022619,MUM_05400,Ghatkopar,2025-09-18,7,0,0,0,0,0,0,0,0,0,0.0,0.225373,0,0.0,0,362,4,0,0.7681,0.0209,GREEN,26,Mumbai
CLM0022620,MUM_06351,Powai,2024-06-18,8,0,0,0,0,0,0,0,0,0,0.0,0.00421,0,1.0,0,256,0,2,0.2107,0.0329,GREEN,34,Mumbai
CLM0022621,MUM_05838,Chembur,2025-01-20,20,0,0,0,0,0,0,0,0,0,0.0,0.304198,0,0.0,0,117,0,4,0.818,0.0,GREEN,36,Mumbai
CLM0022622,MUM_05029,Dadar,2022-08-16,16,0,0,0,0,0,0,0,1,0,0.0,0.203357,0,0.0,0,175,1,0,0.7279,0.0968,GREEN,45,Mumbai
CLM0022623,MUM_02591,Andheri,2020-03-28,11,0,0,0,0,0,0,0,0,0,0.0,0.139699,0,0.0,0,304,4,5,0.188,0.0,GREEN,39,Mumbai
CLM0022624,MUM_00473,Chembur,2018-05-13,10,0,0,0,0,0,0,1,1,0,0.0,0.170992,0,0.0,0,316,2,6,0.4868,0.1833,GREEN,52,Mumbai
CLM0022625,MUM_05774,Vashi,2020-11-05,10,0,0,0,0,0,0,0,0,0,0.0,0.10248,0,0.0,0,363,0,0,0.8847,0.0602,GREEN,18,Mumbai
CLM0022626,MUM_04509,Borivali,2022-03-16,14,0,0,0,0,0,0,0,0,0,0.0,0.16575,0,0.0,0,309,3,0,0.6239,0.0907,GREEN,43,Mumbai
CLM0022627,MUM_01871,Ghatkopar,2020-06-15,15,0,0,0,0,0,0,0,0,0,0.0,0.920571,0,0.0,0,243,1,0,0.79,0.0,GREEN,39,Mumbai
CLM0022628,MUM_01579,Vashi,2025-03-04,15,0,0,0,0,0,1,0,0,1,0.0,1.0,0,0.0,0,160,1,4,0.6334,0.2325,GREEN,35,Mumbai
CLM0022629,MUM_03975,Powai,2023-05-13,11,0,0,0,0,0,0,0,1,0,0.0,0.961044,1,0.0,0,285,3,0,0.8451,0.074,GREEN,33,Mumbai
CLM0022630,MUM_05449,Vashi,2024-11-26,20,0,0,0,1,1,1,1,1,1,0.0,0.098984,0,0.0,1,7,2,18,0.7444,0.1437,GREEN,44,Mumbai
CLM0022631,MUM_01821,Powai,2025-02-07,14,0,0,0,0,0,0,0,0,0,0.0,0.331716,0,0.0,0,383,3,1,0.1861,0.0467,GREEN,46,Mumbai
CLM0022632,MUM_07415,Chembur,2021-06-08,20,0,1,1,0,0,0,0,0,0,0.0,0.201338,0,0.0,0,19,3,4,0.6616,0.0,GREEN,34,Mumbai
CLM0022633,MUM_03234,Thane,2025-10-01,18,0,1,1,1,1,1,1,0,1,1.0,1.0,1,1.0,1,5,1,13,0.359,0.7191,RED,22,Mumbai
CLM0022634,MUM_07146,Vashi,2025-08-19,13,0,1,1,0,0,1,1,0,0,0.0,0.148338,0,0.0,0,380,0,6,0.6852,0.4829,YELLOW,18,Mumbai
CLM0022635,MUM_00261,Ghatkopar,2024-07-22,19,0,1,1,1,1,1,0,1,0,0.0,1.0,1,1.0,1,35,0,18,0.8645,0.6733,RED,38,Mumbai
CLM0022636,MUM_09422,Powai,2025-07-28,19,0,0,0,0,0,0,0,0,0,0.0,0.0,0,0.0,0,420,2,0,0.6638,0.0625,GREEN,37,Mumbai
CLM0022637,MUM_03641,Vashi,2024-12-18,12,0,0,0,0,0,0,0,0,0,0.0,0.394119,0,0.0,0,351,0,2,0.7388,0.0536,GREEN,37,Mumbai
CLM0022638,MUM_04349,Andheri,2023-05-22,16,0,0,0,0,0,0,0,0,0,1.0,0.945231,0,1.0,0,32,0,4,0.7266,0.0161,GREEN,43,Mumbai
CLM0022639,MUM_01450,Chembur,2023-06-17,15,0,1,1,0,0,0,0,0,0,0.0,0.112288,0,0.0,0,278,2,0,0.74,0.0,GREEN,41,Mumbai
CLM0022640,MUM_08523,Powai,2022-07-21,12,0,0,0,0,0,0,0,0,0,0.0,0.016498,0,0.0,0,316,2,2,0.4277,0.0,GREEN,42,Mumbai
CLM0022641,MUM_00441,Powai,2022-10-21,18,0,0,0,0,0,0,0,0,1,0.0,0.317332,0,0.0,0,368,3,4,0.8762,0.2762,GREEN,40,Mumbai
CLM0022642,MUM_09961,Thane,2021-12-05,8,1,0,0,0,0,0,0,0,0,0.0,0.11515,0,0.0,0,46,3,3,0.187,0.0,GREEN,29,Mumbai
CLM0022643,MUM_03153,Dadar,2023-12-15,9,0,0,0,0,0,0,0,0,0,0.0,0.252124,0,0.0,0,420,2,6,0.4358,0.0113,GREEN,55,Mumbai
CLM0022644,MUM_05931,Bandra,2024-02-10,15,0,0,0,0,0,0,0,0,0,0.0,0.250108,0,0.0,0,48,4,0,0.98,0.0,GREEN,54,Mumbai
CLM0022645,MUM_04670,Andheri,2024-05-23,15,0,0,0,0,0,0,0,0,0,1.0,0.200852,0,0.0,0,234,1,2,0.4593,0.1069,GREEN,52,Mumbai
CLM0022646,MUM_04680,Bandra,2024-04-17,20,0,0,0,0,0,0,0,0,0,1.0,0.141867,0,0.0,0,41,3,3,0.98,0.0468,GREEN,60,Mumbai
CLM0022647,MUM_05014,Dadar,2024-08-01,10,0,0,0,0,0,0,0,0,0,1.0,0.067925,0,0.0,0,257,3,0,0.5618,0.0496,GREEN,51,Mumbai
CLM0022648,MUM_03217,Borivali,2025-01-10,12,0,0,0,1,0,1,1,1,1,0.0,0.073477,0,0.0,1,14,2,18,0.7916,0.0,GREEN,42,Mumbai
CLM0022649,MUM_01935,Ghatkopar,2024-01-27,18,0,0,0,0,0,0,0,0,0,0.0,0.195118,0,0.0,0,287,1,0,0.1261,0.0,GREEN,49,Mumbai
CLM0022650,MUM_01523,Ghatkopar,2016-07-19,12,0,0,0,0,0,0,0,0,0,0.0,0.279968,0,0.0,0,420,2,0,0.4628,0.0076,GREEN,47,Mumbai
CLM0022651,MUM_05110,Dadar,2015-09-23,7,0,0,0,0,0,1,0,1,0,0.0,0.0,0,0.0,0,236,3,2,0.9682,0.2116,GREEN,40,Mumbai
CLM0022652,MUM_00254,Vashi,2024-01-24,14,0,0,0,0,0,0,0,0,0,0.0,0.340755,0,0.0,0,221,1,3,0.9556,0.1002,GREEN,34,Mumbai
CLM0022653,MUM_07981,Borivali,2019-04-17,19,0,0,0,0,0,0,0,0,0,0.0,1.0,0,0.0,1,282,0,3,0.6598,0.1022,GREEN,59,Mumbai
CLM0022654,MUM_05274,Chembur,2020-04-10,12,0,0,0,0,0,0,0,0,0,0.0,0.21622,0,0.0,0,197,1,2,0.4135,0.0,GREEN,40,Mumbai
CLM0022655,MUM_04315,Chembur,2024-02-05,13,0,0,0,0,0,0,0,0,0,1.0,0.999721,0,1.0,0,416,0,0,0.8026,0.0,GREEN,32,Mumbai
CLM0022656,MUM_07691,Powai,2024-05-05,12,0,0,0,0,0,0,0,0,0,0.0,0.066589,0,0.0,0,151,2,0,0.8678,0.0245,GREEN,34,Mumbai
CLM0022657,MUM_03147,Bandra,2018-08-16,14,0,1,1,0,0,0,1,0,0,0.0,0.210703,0,0.0,0,420,4,1,0.7357,0.0979,GREEN,41,Mumbai
CLM0022658,MUM_01221,Bandra,2022-04-29,10,0,0,0,0,0,0,0,0,0,0.0,0.088403,0,0.0,0,272,4,1,0.7587,0.0,GREEN,28,Mumbai
CLM0022659,MUM_07166,Lower Parel,2024-09-05,17,0,0,0,0,0,0,0,0,0,0.0,0.185847,0,0.0,1,264,4,1,0.1027,0.0628,GREEN,46,Mumbai
CLM0022660,MUM_06094,Vashi,2023-04-21,13,0,0,0,0,0,0,0,0,0,0.0,0.013003,0,0.0,0,287,1,0,0.05,0.0187,GREEN,48,Mumbai
CLM0022661,MUM_02329,Borivali,2022-08-15,17,0,0,0,0,0,0,0,0,0,0.0,0.0,0,0.0,0,290,4,2,0.05,0.0,GREEN,43,Mumbai
CLM0022662,MUM_08411,Lower Parel,2025-09-29,7,0,0,0,0,0,0,0,0,0,0.0,0.0,0,0.0,0,165,3,3,0.7229,0.0,GREEN,51,Mumbai
CLM0022663,MUM_02555,Lower Parel,2024-09-23,20,0,1,1,0,0,0,1,0,0,0.0,0.128845,0,0.0,0,142,3,2,0.9416,0.0364,GREEN,43,Mumbai
CLM0022664,MUM_01238,Chembur,2025-08-16,12,0,0,0,0,0,0,0,0,0,0.0,0.208136,1,0.0,0,230,2,2,0.7211,0.0,GREEN,37,Mumbai
CLM0022665,MUM_08759,Ghatkopar,2025-11-23,12,0,0,0,0,0,0,0,0,0,0.0,0.267586,0,0.0,0,420,2,3,0.5306,0.0,GREEN,22,Mumbai
CLM0022666,MUM_01912,Vashi,2025-10-23,12,0,0,0,0,0,1,0,1,0,1.0,0.0,0,1.0,1,5,4,18,0.05,0.14,GREEN,21,Mumbai
CLM0022667,MUM_02446,Thane,2023-12-14,7,0,0,0,0,0,0,0,0,0,0.0,0.203686,0,0.0,0,222,1,0,0.9336,0.0,GREEN,40,Mumbai
CLM0022668,MUM_06828,Thane,2024-10-23,17,0,0,0,0,0,0,0,0,0,0.0,1.0,0,0.0,0,101,4,5,0.98,0.0292,GREEN,51,Mumbai
CLM0022669,MUM_03924,Powai,2025-10-29,10,0,0,0,0,0,0,0,0,0,0.0,0.304811,0,0.0,0,336,3,0,0.6404,0.043,GREEN,52,Mumbai
CLM0022670,MUM_02892,Borivali,2024-06-29,10,0,0,0,0,0,0,0,0,0,0.0,0.389714,0,0.0,0,76,3,0,0.1487,0.1268,GREEN,42,Mumbai
CLM0022671,MUM_01727,Borivali,2025-02-24,18,0,0,0,0,0,0,0,0,0,0.0,0.38225,1,0.0,0,300,1,6,0.4298,0.0728,GREEN,39,Mumbai
CLM0022672,MUM_03601,Chembur,2024-09-15,9,0,0,0,0,0,0,0,0,0,0.0,0.429281,0,1.0,0,353,1,5,0.8513,0.0665,GREEN,54,Mumbai
CLM0022673,MUM_01022,Bandra,2025-08-06,18,0,0,0,0,0,0,0,0,0,1.0,0.99839,0,1.0,0,99,2,4,0.8577,0.0,GREEN,33,Mumbai
CLM0022674,MUM_00195,Ghatkopar,2025-07-04,10,0,0,0,0,0,0,0,0,0,0.0,0.285018,0,0.0,0,207,3,0,0.05,0.0,GREEN,53,Mumbai
CLM0022675,MUM_00767,Powai,2024-06-20,18,0,0,0,1,0,1,0,1,1,0.0,0.657525,0,0.0,1,5,1,18,0.8762,0.0303,GREEN,32,Mumbai
CLM0022676,MUM_06049,Chembur,2024-10-20,9,0,0,0,0,0,0,0,0,0,0.0,0.191668,0,0.0,0,279,4,2,0.98,0.0061,GREEN,40,Mumbai
CLM0022677,MUM_05639,Borivali,2018-10-31,13,0,0,0,0,0,0,0,0,0,0.0,0.336808,0,0.0,0,365,4,1,0.6273,0.079,GREEN,42,Mumbai
CLM0022678,MUM_00050,Vashi,2025-10-10,17,0,0,0,0,0,0,0,0,0,0.0,0.052408,0,0.0,0,359,1,1,0.8931,0.0862,GREEN,47,Mumbai
CLM0022679,MUM_00393,Bandra,2024-02-25,8,0,1,1,0,0,0,0,0,0,1.0,0.19273,0,0.0,0,102,0,0,0.05,0.1064,GREEN,33,Mumbai
CLM0022680,MUM_06967,Dadar,2021-12-16,15,0,0,0,0,0,0,0,0,1,0.0,0.297994,0,0.0,0,193,2,4,0.5675,0.0333,GREEN,40,Mumbai
CLM0022681,MUM_04855,Andheri,2023-10-26,16,0,0,0,0,0,0,0,0,0,0.0,1.0,0,0.0,0,181,0,0,0.6657,0.0102,GREEN,45,Mumbai
CLM0022682,MUM_00180,Borivali,2017-06-08,13,0,0,0,0,0,0,0,0,0,0.0,0.09042,0,0.0,0,39,3,3,0.5784,0.0129,GREEN,20,Mumbai
CLM0022683,MUM_08921,Ghatkopar,2019-03-26,11,0,0,0,0,0,0,0,0,0,0.0,0.965086,0,0.0,0,53,3,2,0.5729,0.0302,GREEN,50,Mumbai
CLM0022684,MUM_06784,Borivali,2018-01-18,16,0,0,0,0,0,0,0,1,0,0.0,0.068957,0,0.0,0,149,4,3,0.6577,0.106,GREEN,49,Mumbai
CLM0022685,MUM_06442,Bandra,2023-07-23,8,0,0,0,0,0,0,0,0,0,0.0,0.161301,0,0.0,0,420,1,1,0.5154,0.0,GREEN,44,Mumbai
CLM0022686,MUM_01709,Chembur,2025-04-30,21,0,1,1,0,0,0,0,0,0,0.0,1.0,0,0.0,0,279,1,0,0.9547,0.0072,GREEN,49,Mumbai
CLM0022687,MUM_06200,Thane,2020-07-21,20,0,0,0,0,0,0,0,0,0,0.0,0.315294,0,0.0,0,173,2,4,0.7377,0.0,GREEN,19,Mumbai
CLM0022688,MUM_02070,Thane,2019-11-29,17,0,0,0,0,1,0,0,0,0,0.0,0.21359,0,0.0,0,420,0,5,0.5508,0.0,GREEN,20,Mumbai
CLM0022689,MUM_03669,Chembur,2019-12-04,14,0,0,0,1,0,0,1,0,0,1.0,0.0,0,0.0,0,132,0,5,0.7336,0.2051,GREEN,48,Mumbai
CLM0022690,MUM_07254,Borivali,2022-02-17,8,0,0,0,0,0,0,0,0,0,0.0,0.092827,0,0.0,0,213,0,3,0.6413,0.0,GREEN,57,Mumbai
CLM0022691,MUM_06361,Thane,2022-06-13,20,0,0,0,0,0,0,0,0,0,0.0,0.005227,0,0.0,0,163,0,2,0.6975,0.1406,GREEN,36,Mumbai
CLM0022692,MUM_03105,Vashi,2023-10-12,20,0,0,0,0,1,1,0,0,0,0.0,0.216506,0,0.0,0,342,0,3,0.9174,0.1839,GREEN,40,Mumbai
CLM0022693,MUM_02110,Lower Parel,2020-04-29,16,0,0,0,0,0,0,0,0,0,0.0,0.209589,0,0.0,0,157,4,2,0.98,0.0157,GREEN,33,Mumbai
CLM0022694,MUM_05715,Lower Parel,2023-06-23,16,0,0,0,0,0,1,0,0,0,0.0,0.077575,0,0.0,0,271,3,0,0.1043,0.1337,GREEN,47,Mumbai
CLM0022695,MUM_09469,Lower Parel,2023-12-21,14,0,0,0,0,0,0,0,0,0,0.0,0.269533,0,0.0,0,124,3,0,0.543,0.0,GREEN,27,Mumbai
CLM0022696,MUM_03280,Chembur,2023-09-22,12,0,0,0,0,0,0,0,0,0,0.0,0.267495,0,0.0,0,293,3,0,0.0557,0.0,GREEN,44,Mumbai
CLM0022697,MUM_07179,Thane,2025-05-04,8,0,0,0,0,0,0,1,0,0,1.0,0.285806,0,1.0,0,135,1,1,0.5496,0.1614,GREEN,34,Mumbai
CLM0022698,MUM_04908,Dadar,2023-08-18,13,0,0,0,0,0,0,0,0,0,0.0,1.0,0,0.0,0,95,4,2,0.5919,0.1009,GREEN,30,Mumbai
CLM0022699,MUM_08409,Vashi,2025-07-13,12,0,0,0,0,0,0,0,0,0,0.0,0.017292,0,0.0,0,176,0,5,0.05,0.0,GREEN,44,Mumbai
CLM0022700,MUM_04794,Lower Parel,2023-10-31,13,0,0,0,0,0,0,1,0,0,0.0,0.014763,0,0.0,0,120,4,2,0.4513,0.0605,GREEN,38,Mumbai
CLM0022701,MUM_00965,Dadar,2023-06-29,20,0,0,0,0,0,0,0,0,0,0.0,0.272516,0,0.0,0,72,2,3,0.2299,0.0316,GREEN,24,Mumbai
CLM0022702,MUM_05448,Bandra,2024-04-22,20,0,0,0,0,0,0,0,0,0,0.0,0.269854,0,0.0,0,103,0,1,0.6299,0.0155,GREEN,58,Mumbai
CLM0022703,MUM_02700,Lower Parel,2025-09-14,20,0,0,0,0,0,0,0,0,0,0.0,0.42922,0,0.0,0,319,4,7,0.9718,0.0,GREEN,54,Mumbai
CLM0022704,MUM_07701,Thane,2020-09-08,7,0,0,0,0,1,0,0,1,0,0.0,0.201194,0,0.0,0,186,1,4,0.7677,0.2275,GREEN,62,Mumbai
CLM0022705,MUM_03237,Lower Parel,2021-10-14,20,0,0,0,0,0,0,0,0,0,0.0,0.392929,0,0.0,0,309,3,3,0.9138,0.1348,GREEN,43,Mumbai
CLM0022706,MUM_03199,Lower Parel,2023-11-08,21,0,0,0,0,0,0,0,0,0,0.0,0.445825,0,0.0,0,178,1,3,0.9532,0.132,GREEN,35,Mumbai
CLM0022707,MUM_07588,Vashi,2025-06-14,20,0,0,0,0,0,0,0,0,1,0.0,0.0,0,0.0,0,11,3,5,0.9053,0.1523,GREEN,60,Mumbai
CLM0022708,MUM_09405,Vashi,2023-05-11,7,0,0,0,0,0,0,0,0,0,0.0,0.078505,0,0.0,0,420,1,2,0.7981,0.0217,GREEN,46,Mumbai
CLM0022709,MUM_02331,Thane,2023-10-03,13,0,0,0,1,0,0,0,0,1,0.0,0.147009,0,0.0,0,184,3,7,0.8176,0.334,YELLOW,54,Mumbai
CLM0022710,MUM_09336,Bandra,2025-11-18,16,0,0,0,0,0,1,0,0,0,0.0,0.135651,0,0.0,0,22,0,0,0.0901,0.169,GREEN,35,Mumbai
CLM0022711,MUM_06708,Vashi,2023-09-14,12,0,0,0,0,0,1,0,0,0,0.0,0.218956,0,0.0,1,398,3,1,0.7697,0.2066,GREEN,45,Mumbai
CLM0022712,MUM_02305,Bandra,2020-10-19,18,0,0,0,0,0,0,0,0,0,0.0,0.138665,0,1.0,0,218,3,0,0.708,0.0595,GREEN,29,Mumbai
CLM0022713,MUM_08566,Lower Parel,2020-02-13,17,0,0,0,0,0,1,0,1,0,0.0,0.286976,0,0.0,0,420,3,0,0.1764,0.2133,GREEN,23,Mumbai
CLM0022714,MUM_07182,Ghatkopar,2024-10-25,8,0,0,0,0,0,0,0,0,0,0.0,1.0,0,0.0,0,400,1,4,0.7879,0.0,GREEN,34,Mumbai
CLM0022715,MUM_01069,Chembur,2025-10-21,12,0,0,0,0,0,1,1,0,0,0.0,0.408051,0,0.0,0,418,1,5,0.6184,0.2037,GREEN,47,Mumbai
CLM0022716,MUM_00884,Ghatkopar,2019-09-22,9,0,0,0,0,0,0,0,0,0,0.0,0.040585,0,0.0,0,417,2,1,0.7445,0.1051,GREEN,41,Mumbai
CLM0022717,MUM_08968,Ghatkopar,2020-04-16,20,0,0,0,0,0,0,0,0,0,0.0,0.12851,0,0.0,0,243,3,0,0.6794,0.1229,GREEN,44,Mumbai
CLM0022718,MUM_08607,Thane,2018-11-29,14,0,0,0,0,0,1,0,0,0,0.0,0.374345,0,0.0,0,194,0,2,0.9048,0.1766,GREEN,44,Mumbai
CLM0022719,MUM_05112,Borivali,2025-01-05,18,0,0,0,0,0,0,0,0,0,1.0,0.091397,0,0.0,0,60,1,3,0.8925,0.1275,GREEN,41,Mumbai
CLM0022720,MUM_03205,Thane,2018-03-30,12,0,1,1,0,0,0,0,1,0,0.0,0.356956,0,0.0,0,340,2,0,0.6461,0.1083,GREEN,43,Mumbai
CLM0022721,MUM_03968,Vashi,2025-05-16,15,0,0,0,0,0,0,0,0,0,0.0,0.986462,0,0.0,0,175,4,4,0.98,0.0619,GREEN,39,Mumbai
CLM0022722,MUM_04567,Andheri,2021-05-22,16,0,0,0,0,0,0,0,0,0,0.0,0.0,0,0.0,0,366,4,4,0.7451,0.0,GREEN,43,Mumbai
CLM0022723,MUM_03466,Borivali,2023-04-26,16,0,0,0,0,0,1,1,0,0,0.0,0.103058,0,0.0,0,392,0,6,0.2974,0.1955,GREEN,43,Mumbai
CLM0022724,MUM_02638,Borivali,2024-02-01,16,0,0,0,0,0,0,0,0,0,0.0,0.108911,0,1.0,0,91,3,1,0.98,0.0467,GREEN,35,Mumbai
CLM0022725,MUM_05843,Ghatkopar,2019-07-12,13,0,0,0,0,0,0,0,1,0,0.0,0.036357,0,0.0,0,227,4,0,0.904,0.0645,GREEN,41,Mumbai
CLM0022726,MUM_06978,Chembur,2023-10-14,11,0,0,0,0,0,0,1,0,0,0.0,0.420903,0,0.0,0,186,0,0,0.98,0.0515,GREEN,38,Mumbai
CLM0022727,MUM_07072,Ghatkopar,2021-11-28,16,0,0,0,0,0,0,0,0,0,0.0,1.0,0,0.0,0,420,4,1,0.7487,0.0176,GREEN,44,Mumbai
CLM0022728,MUM_09996,Thane,2018-01-18,17,0,0,0,0,0,0,0,0,1,0.0,0.128168,0,0.0,0,382,1,6,0.885,0.1456,GREEN,44,Mumbai
CLM0022729,MUM_07075,Powai,2025-10-13,16,0,0,0,0,0,0,0,0,0,0.0,0.283756,0,0.0,0,350,2,0,0.6379,0.0429,GREEN,46,Mumbai
CLM0022730,MUM_09070,Thane,2021-03-23,11,0,0,0,0,0,0,0,0,0,0.0,0.326244,0,0.0,0,13,3,1,0.8854,0.0,GREEN,36,Mumbai
CLM0022731,MUM_01695,Powai,2023-07-07,11,0,0,0,0,0,0,0,1,0,0.0,0.098796,0,0.0,0,363,0,2,0.7358,0.2228,GREEN,47,Mumbai
CLM0022732,MUM_09674,Ghatkopar,2022-06-29,17,0,1,1,0,0,0,0,0,0,0.0,0.001014,0,0.0,0,91,0,1,0.5991,0.0,GREEN,31,Mumbai
CLM0022733,MUM_00867,Ghatkopar,2025-08-05,16,0,0,0,0,0,0,0,1,0,0.0,1.0,0,0.0,0,206,3,3,0.1117,0.0586,GREEN,36,Mumbai
CLM0022734,MUM_00567,Lower Parel,2023-09-28,7,0,0,0,0,0,0,0,0,1,1.0,0.336781,0,0.0,0,64,0,1,0.5066,0.1735,GREEN,45,Mumbai
CLM0022735,MUM_09002,Powai,2023-02-04,11,0,0,0,0,0,0,0,0,0,0.0,0.165521,0,0.0,0,42,2,5,0.696,0.0,GREEN,43,Mumbai
CLM0022736,MUM_05157,Lower Parel,2024-08-19,17,0,0,0,0,0,0,0,0,0,0.0,0.241809,0,0.0,0,111,2,2,0.9476,0.0,GREEN,37,Mumbai
CLM0022737,MUM_02310,Dadar,2022-11-20,13,0,0,0,0,0,0,0,0,0,0.0,0.181467,0,0.0,0,77,2,2,0.6442,0.0217,GREEN,38,Mumbai
CLM0022738,MUM_06273,Lower Parel,2020-01-14,13,0,0,0,0,0,0,0,0,0,1.0,1.0,0,0.0,0,420,4,1,0.7977,0.0972,GREEN,54,Mumbai
CLM0022739,MUM_06105,Chembur,2018-02-19,16,0,0,0,1,0,0,0,0,0,0.0,0.266341,0,0.0,0,274,3,3,0.351,0.1987,GREEN,59,Mumbai
CLM0022740,MUM_08381,Bandra,2024-04-06,16,0,0,0,0,0,1,0,0,0,0.0,0.951111,0,0.0,0,154,1,1,0.1217,0.0933,GREEN,32,Mumbai
CLM0022741,MUM_04468,Thane,2023-04-20,21,0,0,0,0,0,0,0,0,0,0.0,0.239582,0,0.0,0,58,0,1,0.98,0.0,GREEN,21,Mumbai
CLM0022742,MUM_06264,Thane,2021-03-21,11,0,0,0,0,0,0,0,0,0,1.0,0.228999,0,0.0,0,67,0,2,0.5581,0.0019,GREEN,41,Mumbai
CLM0022743,MUM_04271,Bandra,2024-07-19,18,0,0,0,0,0,0,0,0,0,0.0,0.246577,0,0.0,0,5,1,4,0.6635,0.0457,GREEN,36,Mumbai
CLM0022744,MUM_08335,Vashi,2017-11-14,21,0,0,0,0,0,0,0,0,0,0.0,0.181465,0,0.0,0,181,3,6,0.5401,0.0409,GREEN,37,Mumbai
CLM0022745,MUM_05808,Borivali,2020-01-25,11,0,0,0,0,1,0,0,0,0,1.0,0.196144,0,0.0,0,71,2,4,0.7074,0.1282,GREEN,44,Mumbai
CLM0022746,MUM_08989,Lower Parel,2025-12-26,17,0,0,0,1,0,0,0,0,0,0.0,0.144655,0,0.0,0,239,0,1,0.6094,0.1271,GREEN,38,Mumbai
CLM0022747,MUM_04025,Bandra,2022-05-14,9,0,0,0,0,0,0,0,1,0,0.0,0.095821,0,0.0,0,61,0,1,0.7443,0.0,GREEN,34,Mumbai
CLM0022748,MUM_07694,Thane,2020-04-19,21,0,0,0,0,0,0,0,0,0,0.0,0.215118,0,0.0,0,392,2,4,0.9356,0.0293,GREEN,38,Mumbai
CLM0022749,MUM_00083,Chembur,2020-06-28,14,0,0,0,0,0,0,0,0,0,0.0,0.269399,0,0.0,1,204,1,5,0.8747,0.1425,GREEN,41,Mumbai
CLM0022750,MUM_06102,Bandra,2022-06-01,14,0,1,1,0,1,0,0,0,0,0.0,0.986122,0,0.0,0,29,1,1,0.8697,0.146,GREEN,44,Mumbai
CLM0022751,MUM_01794,Bandra,2024-05-01,19,0,0,0,0,0,0,0,1,0,0.0,0.322509,0,0.0,0,175,3,0,0.6207,0.1055,GREEN,29,Mumbai
CLM0022752,MUM_00183,Thane,2025-03-06,14,0,0,0,0,0,0,0,0,0,0.0,0.344754,0,0.0,0,420,4,1,0.6422,0.0,GREEN,64,Mumbai
CLM0022753,MUM_09778,Thane,2022-03-27,11,0,0,0,0,0,0,0,0,0,0.0,0.059304,0,0.0,0,358,0,0,0.7469,0.0,GREEN,18,Mumbai
CLM0022754,MUM_04325,Powai,2025-08-09,21,0,0,0,0,0,0,0,0,0,0.0,0.095887,0,0.0,0,66,2,4,0.4679,0.0743,GREEN,32,Mumbai
CLM0022755,MUM_03962,Thane,2022-02-11,17,0,0,0,0,0,0,0,0,0,0.0,0.206778,0,0.0,0,420,1,7,0.3851,0.0338,GREEN,29,Mumbai
CLM0022756,MUM_04909,Vashi,2020-09-13,18,0,0,0,1,0,0,0,0,0,1.0,0.0,0,0.0,0,197,0,2,0.841,0.2717,GREEN,29,Mumbai
CLM0022757,MUM_05275,Dadar,2019-12-28,16,0,0,0,0,0,0,1,0,0,0.0,0.364888,0,0.0,0,165,4,2,0.8749,0.0109,GREEN,39,Mumbai
CLM0022758,MUM_03423,Borivali,2022-09-19,17,0,0,0,0,0,0,0,0,0,0.0,0.229961,0,0.0,0,420,1,3,0.9217,0.0,GREEN,18,Mumbai
CLM0022759,MUM_01881,Lower Parel,2020-10-16,20,0,0,0,0,0,0,0,0,0,0.0,0.108107,0,0.0,0,275,3,2,0.4057,0.0,GREEN,36,Mumbai
CLM0022760,MUM_08333,Ghatkopar,2022-11-25,21,0,0,0,1,0,0,0,0,0,1.0,0.085479,0,0.0,0,72,2,1,0.6394,0.1464,GREEN,36,Mumbai
CLM0022761,MUM_05378,Chembur,2019-02-11,11,0,0,0,0,0,0,0,0,0,1.0,1.0,0,1.0,0,420,3,0,0.8861,0.0,GREEN,53,Mumbai
CLM0022762,MUM_09232,Chembur,2021-01-08,12,0,0,0,0,0,0,0,1,0,0.0,0.054108,0,1.0,0,88,2,1,0.2054,0.1496,GREEN,39,Mumbai
CLM0022763,MUM_00570,Chembur,2022-12-13,17,1,0,0,0,0,0,0,0,0,0.0,0.131888,0,0.0,0,243,0,4,0.6325,0.0957,GREEN,43,Mumbai
CLM0022764,MUM_05685,Chembur,2019-01-14,14,0,0,0,0,0,1,1,1,0,1.0,0.283153,1,0.0,0,85,3,2,0.059,0.3609,YELLOW,21,Mumbai
CLM0022765,MUM_09937,Lower Parel,2021-10-10,11,0,0,0,0,0,0,0,0,0,0.0,0.357033,0,0.0,0,393,4,0,0.7972,0.0489,GREEN,58,Mumbai
CLM0022766,MUM_02121,Chembur,2024-11-05,16,0,0,0,0,0,0,0,0,1,0.0,0.408193,0,0.0,0,224,0,6,0.98,0.0962,GREEN,38,Mumbai
CLM0022767,MUM_00979,Bandra,2020-02-04,7,0,0,0,0,0,0,0,0,0,0.0,0.050647,0,0.0,0,204,3,4,0.6011,0.0599,GREEN,35,Mumbai
CLM0022768,MUM_09736,Bandra,2023-01-07,10,0,0,0,0,1,0,0,0,0,0.0,0.105294,0,0.0,0,302,1,2,0.8428,0.0686,GREEN,62,Mumbai
CLM0022769,MUM_00726,Borivali,2023-12-12,17,0,0,0,0,1,0,0,0,0,0.0,0.298334,0,1.0,0,290,1,6,0.797,0.1581,GREEN,35,Mumbai
CLM0022770,MUM_08099,Thane,2018-02-09,20,0,1,1,0,0,0,0,0,0,0.0,0.139455,1,0.0,0,420,2,3,0.7914,0.1033,GREEN,51,Mumbai
CLM0022771,MUM_07361,Dadar,2024-11-11,12,1,0,0,0,0,0,0,0,1,0.0,0.08517,0,0.0,0,148,3,2,0.8062,0.123,GREEN,18,Mumbai
CLM0022772,MUM_02265,Bandra,2017-10-06,13,0,0,0,0,0,0,0,1,0,0.0,0.348385,0,0.0,0,420,0,4,0.5922,0.0499,GREEN,39,Mumbai
CLM0022773,MUM_09378,Borivali,2016-08-19,14,0,0,0,0,0,0,0,0,0,0.0,0.969178,0,0.0,0,89,0,1,0.786,0.0,GREEN,39,Mumbai
CLM0022774,MUM_04185,Ghatkopar,2017-02-21,15,0,0,0,0,0,1,0,1,0,0.0,0.320722,0,0.0,0,391,4,0,0.1131,0.2133,GREEN,52,Mumbai
CLM0022775,MUM_03409,Ghatkopar,2017-09-27,14,0,0,0,0,0,0,0,0,0,0.0,1.0,0,0.0,0,56,0,0,0.696,0.0,GREEN,42,Mumbai
CLM0022776,MUM_06031,Bandra,2025-04-14,20,0,1,1,0,0,0,0,0,0,0.0,1.0,0,0.0,0,205,3,4,0.7338,0.0,GREEN,54,Mumbai
CLM0022777,MUM_08350,Vashi,2023-06-26,14,0,0,0,0,1,0,0,0,0,0.0,0.139773,1,0.0,0,420,0,5,0.8047,0.2619,GREEN,39,Mumbai
CLM0022778,MUM_06848,Powai,2020-07-02,13,0,0,0,0,0,0,0,0,0,0.0,0.274775,1,0.0,0,115,2,6,0.9559,0.1304,GREEN,61,Mumbai
CLM0022779,MUM_07307,Chembur,2017-12-15,11,0,0,0,0,0,0,1,0,0,1.0,0.103417,0,0.0,0,420,0,5,0.05,0.0964,GREEN,41,Mumbai
CLM0022780,MUM_04045,Thane,2019-03-31,18,0,0,0,0,0,0,0,0,0,0.0,0.257167,0,0.0,1,397,0,1,0.1918,0.0758,GREEN,39,Mumbai
CLM0022781,MUM_04211,Lower Parel,2018-10-29,12,0,0,0,0,0,1,0,1,0,1.0,1.0,0,1.0,0,73,1,3,0.6732,0.1371,GREEN,61,Mumbai
CLM0022782,MUM_04480,Chembur,2023-10-16,7,0,0,0,0,0,1,0,0,0,0.0,0.359628,0,0.0,0,221,0,4,0.529,0.0,GREEN,57,Mumbai
CLM0022783,MUM_09192,Lower Parel,2023-09-04,9,0,0,0,0,0,0,0,1,0,0.0,0.346558,0,0.0,0,420,2,5,0.6237,0.1165,GREEN,32,Mumbai
CLM0022784,MUM_06287,Andheri,2024-11-17,14,0,0,0,0,0,0,0,0,0,0.0,0.227733,0,0.0,0,33,2,0,0.9087,0.0533,GREEN,35,Mumbai
CLM0022785,MUM_05496,Powai,2021-10-08,9,0,0,0,0,0,0,0,0,0,0.0,0.0,0,0.0,0,336,0,8,0.7175,0.0269,GREEN,57,Mumbai
CLM0022786,MUM_05273,Ghatkopar,2022-10-31,17,0,0,0,0,0,0,0,0,0,0.0,0.273681,0,0.0,0,27,1,2,0.7418,0.0096,GREEN,59,Mumbai
CLM0022787,MUM_00718,Vashi,2023-05-22,14,0,0,0,0,0,0,0,0,0,0.0,0.167527,0,0.0,0,179,4,2,0.2736,0.0,GREEN,59,Mumbai
CLM0022788,MUM_04733,Powai,2024-02-16,10,0,1,1,0,1,0,0,0,0,0.0,0.068792,0,0.0,0,220,3,2,0.808,0.1853,GREEN,32,Mumbai
CLM0022789,MUM_07763,Andheri,2024-07-21,8,0,0,0,0,0,1,0,0,0,0.0,0.032184,0,0.0,0,420,0,3,0.6602,0.0947,GREEN,41,Mumbai
CLM0022790,MUM_00651,Dadar,2025-01-01,8,0,0,0,0,0,0,0,0,0,0.0,0.18594,0,0.0,0,135,3,2,0.472,0.0479,GREEN,59,Mumbai
CLM0022791,MUM_05972,Borivali,2022-05-01,10,0,0,0,0,0,0,0,0,0,0.0,0.343681,0,0.0,0,5,0,3,0.98,0.0,GREEN,40,Mumbai
CLM0022792,MUM_06851,Vashi,2024-03-23,20,0,0,0,0,0,0,0,0,0,0.0,0.406433,0,0.0,0,226,3,2,0.9124,0.0648,GREEN,39,Mumbai
CLM0022793,MUM_02304,Dadar,2023-02-21,10,0,0,0,0,0,0,0,0,0,0.0,0.226856,0,0.0,0,420,2,1,0.1271,0.0746,GREEN,45,Mumbai
CLM0022794,MUM_03704,Vashi,2025-07-21,7,0,0,0,0,0,0,1,0,0,0.0,1.0,0,0.0,0,251,0,0,0.5643,0.0,GREEN,47,Mumbai
CLM0022795,MUM_09927,Ghatkopar,2022-11-06,21,0,0,0,0,0,1,0,0,0,0.0,0.149992,0,0.0,0,285,4,7,0.0641,0.1597,GREEN,41,Mumbai
CLM0022796,MUM_06948,Ghatkopar,2024-01-27,12,0,0,0,0,0,0,0,0,0,0.0,0.366879,0,0.0,0,310,0,4,0.6682,0.0637,GREEN,37,Mumbai
CLM0022797,MUM_03488,Dadar,2024-02-07,13,0,0,0,0,0,0,0,0,0,0.0,0.4182,0,0.0,0,420,0,0,0.7075,0.0377,GREEN,34,Mumbai
CLM0022798,MUM_09543,Lower Parel,2023-08-01,19,0,0,0,0,0,0,0,1,0,0.0,0.435611,0,0.0,0,246,1,3,0.183,0.0946,GREEN,48,Mumbai
CLM0022799,MUM_01486,Powai,2024-08-20,20,0,0,0,0,0,0,0,0,0,0.0,0.048414,0,0.0,0,101,0,1,0.5297,0.0,GREEN,50,Mumbai
CLM0022800,MUM_04097,Vashi,2025-07-14,7,0,0,0,0,0,0,1,0,0,0.0,0.110738,0,0.0,0,420,0,0,0.05,0.0066,GREEN,51,Mumbai
CLM0022801,MUM_05228,Ghatkopar,2023-05-21,14,0,0,0,0,0,0,0,0,0,0.0,0.262402,0,0.0,0,51,0,4,0.7794,0.1346,GREEN,42,Mumbai
CLM0022802,MUM_06774,Bandra,2025-03-09,8,0,0,0,0,0,0,0,0,0,0.0,0.274793,0,0.0,0,420,2,3,0.7713,0.0,GREEN,60,Mumbai
CLM0022803,MUM_03343,Andheri,2024-09-26,19,0,0,0,0,0,1,0,0,0,0.0,0.10703,0,0.0,0,275,0,5,0.2784,0.0953,GREEN,30,Mumbai
CLM0022804,MUM_00682,Vashi,2024-12-20,17,0,0,0,0,0,0,0,0,0,0.0,0.036127,0,0.0,0,324,0,2,0.8954,0.0,GREEN,58,Mumbai
CLM0022805,MUM_05873,Bandra,2024-05-10,14,0,0,0,0,0,0,0,0,0,0.0,0.00104,0,0.0,0,266,4,5,0.7993,0.0,GREEN,48,Mumbai
CLM0022806,MUM_04099,Andheri,2024-02-22,10,0,0,0,0,0,0,0,0,0,0.0,0.153305,0,0.0,0,233,4,2,0.2355,0.0,GREEN,58,Mumbai
CLM0022807,MUM_01683,Borivali,2025-08-31,18,0,0,0,0,0,0,0,0,0,0.0,0.381884,0,0.0,0,420,1,1,0.824,0.0,GREEN,43,Mumbai
CLM0022808,MUM_03943,Borivali,2025-05-25,15,0,0,0,0,0,1,1,0,1,0.0,0.074818,1,0.0,0,5,0,18,0.8965,0.0594,GREEN,18,Mumbai
CLM0022809,MUM_03192,Andheri,2025-04-28,9,0,0,0,0,0,0,0,0,0,0.0,0.260203,0,0.0,0,231,4,5,0.7175,0.0,GREEN,46,Mumbai
CLM0022810,MUM_00573,Lower Parel,2025-10-06,9,0,0,0,0,1,0,1,1,0,1.0,1.0,0,1.0,0,16,2,18,0.8547,0.0,GREEN,34,Mumbai
CLM0022811,MUM_09244,Ghatkopar,2024-07-05,12,0,0,0,0,0,0,0,1,0,0.0,0.369515,0,0.0,0,198,1,2,0.6312,0.1427,GREEN,54,Mumbai
CLM0022812,MUM_02025,Ghatkopar,2025-12-16,19,0,0,0,0,0,0,0,0,0,0.0,0.140322,0,0.0,0,143,3,3,0.6,0.0558,GREEN,40,Mumbai
CLM0022813,MUM_07314,Thane,2023-10-15,20,0,0,0,0,0,0,0,0,0,0.0,0.0,0,0.0,0,109,2,5,0.7297,0.0,GREEN,34,Mumbai
CLM0022814,MUM_04066,Andheri,2024-09-14,8,0,0,0,0,0,0,0,0,0,0.0,0.262774,0,1.0,0,420,3,3,0.8374,0.0778,GREEN,51,Mumbai
CLM0022815,MUM_01056,Dadar,2024-01-24,19,0,0,0,0,0,0,0,0,0,0.0,0.079396,0,0.0,0,116,2,0,0.7694,0.089,GREEN,31,Mumbai
CLM0022816,MUM_00511,Borivali,2024-07-07,14,0,0,0,0,0,0,0,0,0,1.0,1.0,0,0.0,0,210,1,3,0.9465,0.1046,GREEN,29,Mumbai
CLM0022817,MUM_07578,Andheri,2021-12-20,9,0,0,0,0,0,0,0,1,0,0.0,0.353832,0,0.0,0,234,3,1,0.0596,0.2554,GREEN,54,Mumbai
CLM0022818,MUM_03193,Ghatkopar,2023-03-13,17,0,0,0,0,0,0,0,0,0,0.0,0.052944,0,0.0,0,92,3,2,0.7253,0.0373,GREEN,46,Mumbai
CLM0022819,MUM_06935,Vashi,2025-04-01,13,0,0,0,1,0,0,0,0,0,0.0,0.267558,0,0.0,0,184,0,0,0.7865,0.0803,GREEN,39,Mumbai
CLM0022820,MUM_05430,Powai,2019-07-27,8,0,0,0,0,1,0,0,0,0,0.0,0.211254,0,0.0,0,282,4,1,0.3389,0.119,GREEN,37,Mumbai
CLM0022821,MUM_01002,Dadar,2019-06-01,11,0,0,0,0,0,0,0,0,0,0.0,0.0,0,0.0,0,335,1,0,0.8625,0.0,GREEN,45,Mumbai
CLM0022822,MUM_06414,Lower Parel,2020-03-07,11,0,0,0,0,0,1,0,0,0,0.0,0.271518,0,0.0,0,281,4,5,0.7582,0.0548,GREEN,27,Mumbai
CLM0022823,MUM_08264,Borivali,2021-01-24,21,0,0,0,0,0,0,0,0,0,0.0,0.934471,0,0.0,0,142,2,5,0.5887,0.016,GREEN,37,Mumbai
CLM0022824,MUM_06541,Thane,2024-03-31,17,0,0,0,0,0,0,0,0,0,0.0,0.387678,0,0.0,0,420,3,2,0.1091,0.1298,GREEN,59,Mumbai
CLM0022825,MUM_02046,Lower Parel,2021-08-14,11,0,0,0,0,0,0,0,0,0,0.0,0.069484,0,0.0,0,146,0,0,0.8851,0.0,GREEN,52,Mumbai
CLM0022826,MUM_09176,Lower Parel,2023-03-29,15,0,0,0,0,0,1,0,0,0,0.0,0.286371,0,0.0,0,420,2,1,0.7282,0.0854,GREEN,50,Mumbai
CLM0022827,MUM_01828,Bandra,2021-07-26,11,0,0,0,0,0,0,0,0,0,1.0,0.065611,0,0.0,0,20,3,2,0.1562,0.1639,GREEN,52,Mumbai
CLM0022828,MUM_08864,Vashi,2024-07-17,16,0,0,0,0,1,0,0,0,0,0.0,0.090997,0,0.0,0,370,4,2,0.8535,0.1903,GREEN,50,Mumbai
CLM0022829,MUM_00297,Chembur,2022-05-24,14,0,0,0,0,0,0,0,0,0,0.0,0.138149,0,0.0,0,49,4,1,0.9684,0.0,GREEN,20,Mumbai
CLM0022830,MUM_05339,Vashi,2025-10-30,16,0,0,0,0,0,0,1,0,0,1.0,0.0,0,0.0,0,38,4,1,0.9148,0.0923,GREEN,55,Mumbai
CLM0022831,MUM_04907,Lower Parel,2021-12-12,9,0,0,0,0,0,0,0,0,0,0.0,0.095238,0,0.0,0,420,1,1,0.6908,0.0201,GREEN,35,Mumbai
CLM0022832,MUM_08407,Thane,2022-08-26,14,0,0,0,1,1,1,1,1,1,0.0,0.048901,0,0.0,1,5,2,18,0.9173,0.0889,GREEN,48,Mumbai
CLM0022833,MUM_03437,Borivali,2022-12-07,15,0,0,0,0,0,0,0,0,0,0.0,0.164152,1,0.0,1,352,1,6,0.3319,0.1384,GREEN,51,Mumbai
CLM0022834,MUM_06791,Andheri,2025-08-30,19,0,0,0,0,0,0,1,0,0,0.0,0.157418,0,1.0,0,387,0,0,0.8151,0.0969,GREEN,45,Mumbai
CLM0022835,MUM_07514,Lower Parel,2023-03-07,9,0,1,1,1,0,0,0,0,0,0.0,0.03007,0,0.0,0,40,0,4,0.4573,0.0369,GREEN,38,Mumbai
CLM0022836,MUM_09012,Vashi,2025-02-12,15,0,0,0,0,0,0,0,1,0,0.0,0.310178,0,0.0,0,102,3,0,0.5751,0.1052,GREEN,46,Mumbai
CLM0022837,MUM_05603,Bandra,2024-04-15,15,0,0,0,0,0,0,0,0,0,0.0,0.247628,0,0.0,0,21,2,0,0.9001,0.0,GREEN,36,Mumbai
CLM0022838,MUM_06072,Vashi,2025-03-03,9,0,0,0,0,0,0,0,0,0,0.0,0.052379,0,0.0,0,59,3,3,0.585,0.1025,GREEN,43,Mumbai
CLM0022839,MUM_06646,Andheri,2023-08-13,16,0,0,0,0,0,0,0,0,0,1.0,0.153868,0,0.0,0,210,1,1,0.5149,0.1225,GREEN,27,Mumbai
CLM0022840,MUM_07785,Ghatkopar,2024-05-16,17,0,0,0,0,1,0,1,0,0,0.0,0.95575,0,0.0,0,420,4,3,0.808,0.1845,GREEN,42,Mumbai
CLM0022841,MUM_05814,Vashi,2025-05-14,9,0,0,0,0,0,0,0,0,0,0.0,0.329503,1,0.0,0,275,3,2,0.8981,0.1045,GREEN,40,Mumbai
CLM0022842,MUM_03519,Lower Parel,2025-11-09,7,0,0,0,0,0,0,0,0,0,0.0,0.253274,0,0.0,0,408,1,6,0.7118,0.0168,GREEN,32,Mumbai
CLM0022843,MUM_05355,Chembur,2024-10-02,9,0,0,0,0,0,0,0,0,0,0.0,0.0,0,0.0,0,230,4,6,0.9518,0.0,GREEN,39,Mumbai
CLM0022844,MUM_02893,Thane,2018-10-18,15,0,0,0,0,0,0,1,0,0,0.0,1.0,0,0.0,0,117,0,1,0.9025,0.0211,GREEN,31,Mumbai
CLM0022845,MUM_02744,Lower Parel,2018-07-06,16,0,0,0,0,0,0,0,0,0,0.0,0.311588,0,0.0,0,420,3,5,0.05,0.1534,GREEN,41,Mumbai
CLM0022846,MUM_02196,Vashi,2018-09-02,13,0,0,0,0,0,0,0,0,0,0.0,0.046487,0,0.0,0,181,1,5,0.3109,0.0349,GREEN,41,Mumbai
CLM0022847,MUM_01612,Dadar,2024-09-20,9,0,0,0,0,1,0,0,0,0,0.0,1.0,0,0.0,0,308,4,0,0.7645,0.0928,GREEN,22,Mumbai
CLM0022848,MUM_04737,Ghatkopar,2024-05-22,19,0,0,0,0,0,0,0,0,0,0.0,0.220281,0,0.0,0,94,3,0,0.6262,0.0,GREEN,59,Mumbai
CLM0022849,MUM_04745,Chembur,2024-07-08,18,0,0,0,0,0,1,0,1,0,0.0,0.108824,0,0.0,0,420,1,6,0.2441,0.1412,GREEN,39,Mumbai
CLM0022850,MUM_06655,Andheri,2020-10-23,20,0,0,0,0,0,1,1,0,0,0.0,0.100864,0,0.0,0,317,3,3,0.0997,0.1321,GREEN,42,Mumbai
CLM0022851,MUM_08137,Powai,2023-10-05,8,0,0,0,0,0,0,0,0,0,0.0,0.315199,0,0.0,0,412,4,1,0.6962,0.0717,GREEN,45,Mumbai
CLM0022852,MUM_08509,Ghatkopar,2021-08-15,12,0,0,0,0,0,0,0,0,0,1.0,0.951475,0,0.0,1,218,1,2,0.6281,0.1802,GREEN,37,Mumbai
CLM0022853,MUM_09000,Lower Parel,2020-12-20,20,0,0,0,0,0,0,0,0,0,0.0,0.220797,0,0.0,0,87,3,1,0.4496,0.0,GREEN,44,Mumbai
CLM0022854,MUM_02695,Borivali,2023-05-12,12,0,0,0,0,0,0,0,0,0,0.0,0.253704,0,0.0,0,236,0,3,0.7595,0.0,GREEN,55,Mumbai
CLM0022855,MUM_01827,Andheri,2024-12-08,19,0,0,0,0,0,0,0,0,0,1.0,0.952704,0,1.0,0,308,4,2,0.9245,0.0214,GREEN,38,Mumbai
CLM0022856,MUM_03711,Dadar,2020-07-29,21,0,0,0,0,0,0,0,1,0,0.0,0.141702,1,0.0,0,273,2,1,0.5957,0.2924,GREEN,45,Mumbai
CLM0022857,MUM_00721,Powai,2023-01-07,10,0,0,0,0,0,0,0,0,0,0.0,0.216358,0,0.0,0,29,2,1,0.98,0.025,GREEN,52,Mumbai
CLM0022858,MUM_05054,Bandra,2024-11-18,16,0,0,0,0,0,0,0,0,0,0.0,0.067962,0,1.0,0,16,1,0,0.6427,0.0694,GREEN,56,Mumbai
CLM0022859,MUM_06642,Chembur,2025-09-28,21,0,0,0,1,0,0,0,0,0,0.0,0.965807,0,0.0,0,29,1,3,0.7319,0.2111,GREEN,43,Mumbai
CLM0022860,MUM_09947,Lower Parel,2025-07-01,7,0,0,0,0,0,0,0,0,0,0.0,0.031054,0,0.0,0,9,2,3,0.98,0.0,GREEN,33,Mumbai
CLM0022861,MUM_03035,Dadar,2025-11-21,12,0,0,0,0,1,0,1,1,1,0.0,0.10677,1,0.0,0,10,2,15,0.8817,0.0339,GREEN,48,Mumbai
CLM0022862,MUM_08180,Ghatkopar,2025-03-14,17,0,0,0,0,0,0,0,0,0,0.0,0.20963,0,0.0,0,299,2,0,0.6913,0.0226,GREEN,57,Mumbai
CLM0022863,MUM_00798,Andheri,2025-10-05,21,0,0,0,0,1,0,0,0,0,0.0,0.232702,0,0.0,0,420,3,2,0.753,0.1553,GREEN,59,Mumbai
CLM0022864,MUM_09479,Vashi,2025-09-16,10,0,0,0,0,0,1,0,0,0,0.0,0.31504,0,0.0,0,209,3,6,0.9793,0.0862,GREEN,27,Mumbai
CLM0022865,MUM_01711,Andheri,2024-07-17,8,0,0,0,0,0,0,0,0,0,0.0,0.274659,0,0.0,0,36,4,5,0.5334,0.0081,GREEN,39,Mumbai
CLM0022866,MUM_08778,Lower Parel,2024-12-05,11,0,0,0,1,0,0,0,0,0,0.0,0.075949,0,0.0,0,52,2,2,0.7375,0.2059,GREEN,36,Mumbai
CLM0022867,MUM_04408,Bandra,2024-06-30,21,0,0,0,0,0,0,0,0,0,0.0,0.14612,0,0.0,0,420,4,1,0.5872,0.0041,GREEN,35,Mumbai
CLM0022868,MUM_03093,Chembur,2025-12-22,13,0,0,0,0,0,0,0,0,0,0.0,0.251646,0,0.0,0,72,1,4,0.7695,0.0,GREEN,40,Mumbai
CLM0022869,MUM_07634,Powai,2024-09-20,14,0,0,0,0,0,0,0,0,0,0.0,0.310874,0,0.0,0,345,2,3,0.6485,0.0,GREEN,34,Mumbai
CLM0022870,MUM_04975,Thane,2024-07-23,8,0,0,0,0,0,0,0,0,0,0.0,0.250019,0,0.0,0,351,4,2,0.9655,0.0,GREEN,57,Mumbai
CLM0022871,MUM_05998,Thane,2024-12-04,21,0,0,0,0,0,0,1,1,0,0.0,0.034447,0,0.0,0,110,4,0,0.8998,0.1043,GREEN,44,Mumbai
CLM0022872,MUM_08906,Andheri,2024-02-19,7,0,0,0,0,0,0,0,0,0,0.0,0.442029,1,0.0,0,35,3,3,0.6045,0.051,GREEN,36,Mumbai
CLM0022873,MUM_06357,Thane,2021-05-21,15,0,0,0,0,0,0,0,0,0,1.0,1.0,0,0.0,0,105,3,8,0.8762,0.0461,GREEN,50,Mumbai
CLM0022874,MUM_05300,Bandra,2024-08-19,12,0,0,0,0,0,0,0,0,0,0.0,0.502158,0,0.0,0,420,4,3,0.9089,0.0187,GREEN,21,Mumbai
CLM0022875,MUM_06261,Ghatkopar,2024-03-18,9,0,0,0,1,0,0,0,1,0,0.0,0.350687,0,0.0,0,285,0,5,0.704,0.1943,GREEN,20,Mumbai
CLM0022876,MUM_06793,Chembur,2023-03-04,10,0,0,0,0,1,0,0,0,0,1.0,1.0,0,0.0,0,363,1,0,0.9682,0.2486,GREEN,32,Mumbai
CLM0022877,MUM_08330,Powai,2021-03-10,10,0,0,0,0,0,0,0,0,0,0.0,0.051275,0,0.0,0,101,0,0,0.6193,0.1197,GREEN,18,Mumbai
CLM0022878,MUM_01632,Andheri,2025-08-16,16,0,0,0,0,0,0,0,0,0,0.0,0.982466,0,0.0,0,187,4,4,0.5842,0.0978,GREEN,38,Mumbai
CLM0022879,MUM_09779,Bandra,2024-09-09,21,0,0,0,0,0,0,1,0,0,0.0,0.094305,0,1.0,0,224,2,0,0.6183,0.0598,GREEN,41,Mumbai
CLM0022880,MUM_04241,Borivali,2021-03-29,20,0,0,0,0,0,0,0,0,0,0.0,0.148655,0,0.0,0,227,2,3,0.98,0.0,GREEN,45,Mumbai
CLM0022881,MUM_04958,Bandra,2023-12-09,14,0,0,0,0,0,0,0,0,0,0.0,0.093511,0,0.0,0,88,0,3,0.9216,0.0453,GREEN,44,Mumbai
CLM0022882,MUM_05250,Powai,2024-04-20,20,0,0,0,0,0,0,0,0,0,0.0,0.136868,0,0.0,0,375,2,1,0.4902,0.0781,GREEN,28,Mumbai
CLM0022883,MUM_05247,Lower Parel,2024-05-18,11,0,0,0,0,0,0,1,0,0,0.0,0.08801,0,0.0,0,404,3,0,0.05,0.0723,GREEN,43,Mumbai
CLM0022884,MUM_07989,Bandra,2022-12-21,19,0,0,0,0,0,0,1,0,0,0.0,0.198738,0,0.0,0,167,1,0,0.872,0.0545,GREEN,55,Mumbai
CLM0022885,MUM_03694,Powai,2020-04-25,16,0,0,0,1,0,0,1,0,0,0.0,0.13855,0,0.0,0,97,3,3,0.0818,0.1947,GREEN,52,Mumbai
CLM0022886,MUM_02760,Borivali,2023-07-12,17,0,0,0,0,0,0,0,0,0,0.0,0.13922,0,0.0,0,50,3,0,0.2909,0.0,GREEN,38,Mumbai
CLM0022887,MUM_06389,Thane,2017-11-25,20,0,0,0,0,0,0,0,0,0,0.0,0.126276,0,0.0,0,394,0,0,0.5145,0.0172,GREEN,38,Mumbai
CLM0022888,MUM_06041,Chembur,2023-07-14,18,0,0,0,0,0,1,0,1,0,0.0,0.337383,0,0.0,0,409,4,0,0.4827,0.1292,GREEN,54,Mumbai
CLM0022889,MUM_03452,Chembur,2017-01-21,20,0,0,0,0,0,0,0,0,0,0.0,0.026608,0,0.0,0,82,0,4,0.8887,0.0192,GREEN,38,Mumbai
CLM0022890,MUM_09933,Chembur,2024-07-01,9,0,0,0,0,0,0,0,1,0,0.0,0.247813,0,0.0,0,371,0,3,0.6302,0.0841,GREEN,50,Mumbai
CLM0022891,MUM_07552,Ghatkopar,2016-01-08,8,0,0,0,0,0,1,0,0,0,0.0,0.10253,0,0.0,0,349,3,1,0.98,0.1558,GREEN,49,Mumbai
CLM0022892,MUM_05846,Vashi,2021-08-06,10,0,0,0,0,1,0,0,0,0,0.0,0.257126,0,0.0,0,184,0,4,0.98,0.1167,GREEN,51,Mumbai
CLM0022893,MUM_08747,Andheri,2021-11-06,21,0,0,0,0,0,0,0,0,0,0.0,1.0,0,0.0,0,248,3,5,0.7748,0.0,GREEN,46,Mumbai
CLM0022894,MUM_09909,Lower Parel,2021-02-28,15,0,0,0,0,0,0,0,0,0,0.0,0.174502,0,0.0,0,125,4,6,0.9128,0.1163,GREEN,61,Mumbai
CLM0022895,MUM_06407,Borivali,2023-04-25,11,0,0,0,0,0,0,0,1,0,0.0,1.0,0,0.0,0,24,4,0,0.05,0.1907,GREEN,56,Mumbai
CLM0022896,MUM_02915,Dadar,2023-12-09,8,0,0,0,1,1,0,0,0,0,1.0,0.32147,0,0.0,0,240,3,2,0.4844,0.4408,YELLOW,41,Mumbai
CLM0022897,MUM_08221,Vashi,2024-12-17,11,0,0,0,0,0,0,0,1,0,0.0,0.071343,0,1.0,0,20,4,2,0.7181,0.1653,GREEN,47,Mumbai
CLM0022898,MUM_09990,Vashi,2020-11-20,18,0,0,0,1,0,0,0,0,0,0.0,0.210903,0,0.0,1,138,1,3,0.8543,0.2316,GREEN,45,Mumbai
CLM0022899,MUM_07970,Bandra,2024-02-21,11,0,0,0,0,1,0,0,0,0,0.0,0.422597,0,0.0,0,74,4,5,0.6312,0.1502,GREEN,29,Mumbai
CLM0022900,MUM_04747,Vashi,2022-07-26,8,0,1,1,0,0,0,0,0,0,0.0,0.339454,0,0.0,0,357,4,2,0.9504,0.0252,GREEN,54,Mumbai
CLM0022901,MUM_08834,Dadar,2023-07-18,7,0,0,0,0,0,0,0,0,0,0.0,0.245262,0,0.0,0,271,2,0,0.7735,0.0,GREEN,48,Mumbai
CLM0022902,MUM_04429,Thane,2022-10-22,20,0,0,0,0,0,0,1,0,0,1.0,0.887449,0,1.0,0,207,2,5,0.1144,0.0264,GREEN,31,Mumbai
CLM0022903,MUM_01708,Borivali,2023-09-24,19,0,0,0,0,0,0,0,0,0,0.0,0.075417,0,0.0,0,55,2,2,0.9774,0.0442,GREEN,43,Mumbai
CLM0022904,MUM_08253,Bandra,2024-12-17,7,0,0,0,0,0,0,0,0,0,0.0,0.289275,0,0.0,0,390,3,0,0.7895,0.0,GREEN,31,Mumbai
CLM0022905,MUM_05049,Borivali,2023-11-30,18,0,0,0,0,0,0,0,0,0,0.0,0.156728,0,0.0,0,23,4,0,0.7399,0.0,GREEN,48,Mumbai
CLM0022906,MUM_02553,Thane,2023-02-18,19,0,0,0,0,0,0,0,0,0,0.0,0.043411,1,0.0,0,96,4,4,0.98,0.047,GREEN,32,Mumbai
CLM0022907,MUM_01557,Dadar,2024-01-03,7,0,0,0,0,0,0,0,0,0,0.0,0.057865,0,0.0,0,418,0,3,0.5885,0.0713,GREEN,40,Mumbai
CLM0022908,MUM_04154,Andheri,2022-01-16,15,0,0,0,1,0,0,0,0,1,0.0,0.367615,0,0.0,0,418,1,1,0.619,0.3201,YELLOW,31,Mumbai
CLM0022909,MUM_09498,Borivali,2025-03-03,19,0,0,0,0,0,0,0,0,0,0.0,0.328962,0,0.0,0,169,4,7,0.8768,0.0,GREEN,24,Mumbai
CLM0022910,MUM_04572,Vashi,2022-08-21,10,0,0,0,0,0,1,0,0,0,0.0,0.342379,0,0.0,0,77,1,6,0.98,0.0644,GREEN,58,Mumbai
CLM0022911,MUM_02813,Lower Parel,2022-05-19,21,0,0,0,0,0,0,0,0,0,0.0,0.115021,0,0.0,0,56,0,0,0.4835,0.034,GREEN,24,Mumbai
CLM0022912,MUM_08182,Ghatkopar,2022-11-06,11,0,0,0,0,0,0,0,0,0,0.0,1.0,0,0.0,0,221,3,0,0.9665,0.0,GREEN,50,Mumbai
CLM0022913,MUM_04556,Bandra,2025-04-21,10,0,0,0,0,0,0,0,0,0,0.0,0.120352,0,0.0,0,228,3,1,0.6819,0.071,GREEN,21,Mumbai
CLM0022914,MUM_05874,Thane,2025-10-16,12,0,0,0,0,0,0,0,1,0,0.0,0.296868,0,0.0,0,227,2,1,0.9445,0.1082,GREEN,45,Mumbai
CLM0022915,MUM_00644,Powai,2024-05-07,14,0,0,0,0,0,0,0,0,0,0.0,0.201506,0,0.0,0,224,2,1,0.7517,0.0489,GREEN,34,Mumbai
CLM0022916,MUM_09883,Borivali,2025-04-08,8,0,0,0,0,0,1,0,1,0,0.0,0.007774,0,0.0,0,364,3,3,0.94,0.1471,GREEN,49,Mumbai
CLM0022917,MUM_09777,Powai,2025-03-23,11,0,0,0,0,1,1,0,0,0,0.0,0.984755,0,0.0,0,145,1,4,0.98,0.1304,GREEN,45,Mumbai
CLM0022918,MUM_08125,Bandra,2025-01-23,14,0,0,0,0,0,0,0,0,0,0.0,0.070987,0,0.0,0,60,3,4,0.7625,0.0702,GREEN,26,Mumbai
CLM0022919,MUM_00125,Bandra,2025-06-30,7,0,0,0,0,0,0,0,0,0,0.0,0.356385,0,0.0,0,5,1,2,0.9075,0.0,GREEN,50,Mumbai
CLM0022920,MUM_01703,Andheri,2025-10-19,17,0,0,0,0,0,0,0,0,0,0.0,1.0,0,0.0,0,200,4,0,0.8173,0.0251,GREEN,40,Mumbai
CLM0022921,MUM_08390,Powai,2025-01-08,19,0,0,0,0,0,0,0,0,0,0.0,0.097434,0,0.0,0,209,3,6,0.8713,0.045,GREEN,41,Mumbai
CLM0022922,MUM_07644,Borivali,2024-07-21,7,0,0,0,0,0,0,0,0,0,1.0,0.34541,0,0.0,0,215,2,6,0.98,0.0355,GREEN,52,Mumbai
CLM0022923,MUM_05494,Bandra,2021-06-17,19,0,0,0,1,1,0,1,1,1,0.0,0.098716,1,0.0,0,8,1,18,0.9066,0.0163,GREEN,45,Mumbai
CLM0022924,MUM_08788,Andheri,2024-03-20,10,0,0,0,0,0,1,0,0,1,0.0,0.193651,0,0.0,0,348,1,0,0.4551,0.2618,GREEN,32,Mumbai
CLM0022925,MUM_01086,Ghatkopar,2020-06-07,19,0,0,0,1,0,0,1,1,1,0.0,1.0,0,1.0,1,60,3,18,0.9325,0.0963,GREEN,47,Mumbai
CLM0022926,MUM_08092,Chembur,2023-09-07,8,0,0,0,0,0,0,0,0,0,0.0,0.133682,0,0.0,0,98,4,2,0.1463,0.0278,GREEN,62,Mumbai
CLM0022927,MUM_01296,Dadar,2024-01-05,10,0,0,0,0,0,0,1,0,0,0.0,0.154441,0,0.0,1,37,3,3,0.8447,0.0898,GREEN,34,Mumbai
CLM0022928,MUM_02121,Chembur,2023-12-31,21,0,0,0,0,0,0,0,1,0,0.0,1.0,0,0.0,0,147,4,4,0.6684,0.2125,GREEN,38,Mumbai
CLM0022929,MUM_08376,Dadar,2022-08-23,16,0,0,0,0,0,0,0,1,0,0.0,0.301899,0,0.0,0,168,2,2,0.1835,0.1097,GREEN,62,Mumbai
CLM0022930,MUM_09779,Bandra,2024-04-22,10,0,0,0,0,0,0,0,0,0,0.0,0.394863,0,0.0,0,420,2,1,0.8814,0.0,GREEN,41,Mumbai
CLM0022931,MUM_08422,Chembur,2020-10-04,19,0,0,0,0,0,0,0,1,0,0.0,0.204979,0,0.0,0,397,0,0,0.6283,0.0908,GREEN,66,Mumbai
CLM0022932,MUM_08467,Borivali,2024-06-02,15,0,0,0,0,0,0,0,0,0,0.0,0.275603,0,0.0,0,340,2,0,0.6635,0.0,GREEN,48,Mumbai
CLM0022933,MUM_06313,Lower Parel,2024-03-27,16,0,0,0,0,0,0,0,0,0,0.0,0.218722,0,0.0,0,5,4,6,0.2546,0.0,GREEN,42,Mumbai
CLM0022934,MUM_02004,Powai,2025-09-06,13,0,0,0,0,0,0,0,0,0,0.0,0.138169,0,0.0,0,61,2,0,0.3959,0.0,GREEN,23,Mumbai
CLM0022935,MUM_07419,Dadar,2020-06-29,9,0,0,0,0,0,0,0,0,0,0.0,0.068649,1,0.0,0,420,1,2,0.2345,0.0969,GREEN,18,Mumbai
CLM0022936,MUM_07909,Bandra,2017-08-15,11,0,0,0,0,0,0,0,0,0,0.0,0.380515,0,0.0,0,245,4,8,0.5314,0.0343,GREEN,37,Mumbai
CLM0022937,MUM_01648,Lower Parel,2023-05-16,21,0,0,0,0,0,0,0,0,0,0.0,0.160064,0,0.0,0,257,1,0,0.8077,0.0925,GREEN,40,Mumbai
CLM0022938,MUM_06638,Ghatkopar,2020-09-08,19,0,0,0,1,0,0,0,0,0,0.0,0.367075,0,0.0,0,48,1,4,0.7459,0.0779,GREEN,58,Mumbai
CLM0022939,MUM_01174,Thane,2023-05-06,14,0,0,0,0,0,0,0,0,0,0.0,0.342642,0,0.0,0,405,0,2,0.7668,0.0,GREEN,34,Mumbai
CLM0022940,MUM_00677,Chembur,2023-06-07,19,0,1,1,0,0,0,0,0,0,0.0,0.206436,0,0.0,0,70,3,0,0.5777,0.0,GREEN,33,Mumbai
CLM0022941,MUM_02275,Andheri,2025-03-05,8,0,0,0,0,0,0,0,0,1,0.0,0.095801,0,0.0,0,66,3,1,0.872,0.1551,GREEN,58,Mumbai
CLM0022942,MUM_02790,Dadar,2022-09-13,19,0,0,0,0,0,0,0,0,0,0.0,0.449429,0,0.0,0,250,3,2,0.6415,0.043,GREEN,43,Mumbai
CLM0022943,MUM_09285,Lower Parel,2024-08-28,14,0,0,0,0,0,0,0,0,0,0.0,0.092592,0,0.0,0,15,4,3,0.6516,0.0229,GREEN,25,Mumbai
CLM0022944,MUM_03554,Lower Parel,2024-07-11,16,0,1,1,0,0,0,0,0,0,0.0,0.296408,0,1.0,0,420,0,1,0.5783,0.0369,GREEN,44,Mumbai
CLM0022945,MUM_01166,Ghatkopar,2023-05-25,7,0,0,0,0,0,0,0,0,0,0.0,0.0,0,0.0,0,380,2,0,0.5735,0.0,GREEN,36,Mumbai
CLM0022946,MUM_03068,Bandra,2024-06-18,7,0,0,0,0,0,0,0,0,0,0.0,0.030394,0,0.0,0,5,2,3,0.5188,0.1033,GREEN,34,Mumbai
CLM0022947,MUM_01640,Bandra,2025-03-01,18,0,0,0,0,0,0,0,0,0,0.0,0.188375,0,0.0,1,77,0,2,0.2049,0.0295,GREEN,33,Mumbai
CLM0022948,MUM_06073,Dadar,2024-12-05,19,0,0,0,0,0,0,0,0,0,0.0,0.185282,0,0.0,0,420,1,3,0.7224,0.0152,GREEN,36,Mumbai
CLM0022949,MUM_05479,Borivali,2023-10-08,14,0,0,0,0,0,0,0,0,0,0.0,0.372318,0,0.0,0,75,0,3,0.9418,0.0347,GREEN,47,Mumbai
CLM0022950,MUM_05387,Andheri,2023-12-19,21,0,1,1,0,0,0,0,0,0,0.0,0.105568,0,0.0,0,420,0,0,0.05,0.0,GREEN,41,Mumbai
CLM0022951,MUM_05491,Bandra,2024-08-08,17,0,0,0,0,0,0,0,0,0,0.0,1.0,0,0.0,0,420,1,7,0.4854,0.0,GREEN,21,Mumbai
CLM0022952,MUM_03598,Lower Parel,2024-11-26,20,0,0,0,0,0,1,0,0,0,0.0,0.937289,0,1.0,0,60,0,2,0.6123,0.0697,GREEN,41,Mumbai
CLM0022953,MUM_02532,Powai,2023-08-19,14,0,0,0,0,0,0,0,0,0,0.0,0.461373,0,1.0,0,420,0,0,0.614,0.0882,GREEN,38,Mumbai
CLM0022954,MUM_09278,Lower Parel,2025-06-27,9,0,0,0,0,0,0,0,1,0,0.0,0.096364,0,0.0,0,214,4,1,0.5293,0.1077,GREEN,26,Mumbai
CLM0022955,MUM_07122,Chembur,2025-07-21,15,0,0,0,0,0,0,0,0,0,0.0,0.96745,0,0.0,0,5,2,2,0.5502,0.0849,GREEN,42,Mumbai
CLM0022956,MUM_02452,Andheri,2024-07-18,20,0,0,0,0,0,0,0,0,0,0.0,0.0,0,0.0,0,193,3,5,0.6368,0.09,GREEN,50,Mumbai
CLM0022957,MUM_06112,Vashi,2025-08-20,19,0,0,0,0,1,1,0,1,0,0.0,0.947374,0,0.0,0,291,4,7,0.7965,0.3215,YELLOW,35,Mumbai
CLM0022958,MUM_07764,Dadar,2020-06-26,11,0,0,0,0,0,0,0,0,0,1.0,1.0,0,1.0,0,357,4,0,0.4648,0.0188,GREEN,45,Mumbai
CLM0022959,MUM_05139,Bandra,2018-04-27,9,0,0,0,0,0,0,1,0,0,0.0,1.0,0,0.0,0,362,2,4,0.8357,0.1433,GREEN,37,Mumbai
CLM0022960,MUM_09976,Thane,2020-10-30,8,0,0,0,0,0,0,0,0,0,0.0,0.319685,0,0.0,0,420,0,4,0.8604,0.0933,GREEN,43,Mumbai
CLM0022961,MUM_06910,Powai,2020-03-21,15,0,0,0,0,0,0,0,0,1,0.0,0.4141,0,0.0,0,216,2,4,0.1931,0.1221,GREEN,58,Mumbai
CLM0022962,MUM_04938,Dadar,2024-10-31,8,0,0,0,0,0,0,0,0,0,0.0,0.151214,0,0.0,0,420,1,0,0.6061,0.0639,GREEN,44,Mumbai
CLM0022963,MUM_00376,Bandra,2021-02-19,13,0,0,0,0,0,0,0,1,0,0.0,0.267322,0,0.0,0,346,4,1,0.6151,0.0026,GREEN,48,Mumbai
CLM0022964,MUM_00284,Lower Parel,2020-08-11,20,0,0,0,0,0,0,1,0,0,0.0,0.280135,0,1.0,0,42,0,1,0.9658,0.0724,GREEN,36,Mumbai
CLM0022965,MUM_06715,Ghatkopar,2019-02-22,20,0,0,0,0,0,0,1,0,0,0.0,0.210703,0,0.0,0,77,4,4,0.8109,0.0504,GREEN,38,Mumbai
CLM0022966,MUM_06441,Thane,2023-08-24,21,0,0,0,0,0,0,0,0,0,0.0,1.0,0,0.0,0,420,1,0,0.6317,0.0098,GREEN,49,Mumbai
CLM0022967,MUM_08599,Powai,2023-12-28,21,0,0,0,0,0,1,0,0,0,0.0,0.348838,0,0.0,0,379,0,0,0.8395,0.0261,GREEN,40,Mumbai
CLM0022968,MUM_04832,Ghatkopar,2019-01-11,9,0,0,0,0,0,0,0,0,1,0.0,0.402439,0,1.0,0,380,4,3,0.6859,0.0994,GREEN,36,Mumbai
CLM0022969,MUM_05574,Thane,2023-12-19,21,0,0,0,0,0,0,0,0,0,0.0,0.080673,0,0.0,0,327,2,2,0.9122,0.0751,GREEN,52,Mumbai
CLM0022970,MUM_05065,Bandra,2021-12-22,14,0,0,0,0,0,0,0,0,0,0.0,0.350105,0,0.0,0,210,2,0,0.1391,0.0,GREEN,32,Mumbai
CLM0022971,MUM_04871,Ghatkopar,2025-08-16,10,0,0,0,0,0,0,0,0,0,0.0,0.230499,0,0.0,0,73,0,0,0.8559,0.0,GREEN,41,Mumbai
CLM0022972,MUM_06282,Powai,2022-12-06,12,0,0,0,0,0,0,0,0,0,0.0,1.0,0,0.0,0,391,3,0,0.5829,0.0607,GREEN,29,Mumbai
CLM0022973,MUM_03113,Dadar,2020-08-13,16,0,0,0,0,1,0,0,0,0,0.0,0.05868,0,1.0,0,420,3,2,0.64,0.0744,GREEN,53,Mumbai
CLM0022974,MUM_04997,Ghatkopar,2025-12-29,7,0,0,0,1,0,0,0,0,0,0.0,0.297117,0,0.0,0,263,1,0,0.4264,0.2094,GREEN,37,Mumbai
CLM0022975,MUM_09110,Lower Parel,2022-10-19,14,0,0,0,0,0,0,0,0,0,0.0,0.961354,0,0.0,0,287,4,4,0.9331,0.0257,GREEN,27,Mumbai
CLM0022976,MUM_08841,Powai,2022-04-02,20,0,0,0,0,0,0,0,0,1,0.0,1.0,0,0.0,0,420,3,4,0.7323,0.1635,GREEN,43,Mumbai
CLM0022977,MUM_05047,Andheri,2023-08-06,21,0,0,0,0,0,1,0,0,0,0.0,0.098493,0,0.0,0,375,2,0,0.8576,0.0,GREEN,50,Mumbai
CLM0022978,MUM_03800,Powai,2023-09-01,20,0,0,0,0,0,0,1,0,1,1.0,1.0,1,1.0,1,5,4,18,0.1233,0.1154,GREEN,52,Mumbai
CLM0022979,MUM_06441,Thane,2024-06-16,14,0,0,0,0,0,0,0,0,0,0.0,0.347375,0,0.0,0,308,4,0,0.3636,0.0,GREEN,49,Mumbai
CLM0022980,MUM_08890,Lower Parel,2024-10-17,8,0,0,0,0,0,0,0,0,0,0.0,0.089287,0,0.0,0,174,2,0,0.5345,0.0246,GREEN,27,Mumbai
CLM0022981,MUM_00848,Chembur,2024-10-09,13,0,0,0,0,0,0,0,0,0,0.0,0.36768,0,0.0,0,415,3,4,0.7132,0.0,GREEN,64,Mumbai
CLM0022982,MUM_00802,Thane,2021-06-30,21,0,0,0,0,1,0,0,0,0,0.0,0.245873,0,0.0,0,7,3,2,0.7844,0.1629,GREEN,44,Mumbai
CLM0022983,MUM_09893,Bandra,2022-07-12,18,0,0,0,0,0,0,0,0,0,0.0,0.235098,0,0.0,0,147,2,0,0.1577,0.0613,GREEN,35,Mumbai
CLM0022984,MUM_06984,Borivali,2025-03-05,13,0,0,0,0,0,0,0,0,0,0.0,1.0,0,0.0,0,123,0,3,0.9487,0.0145,GREEN,44,Mumbai
CLM0022985,MUM_01991,Bandra,2023-12-13,18,0,0,0,0,0,1,0,0,0,0.0,0.073025,0,0.0,0,357,3,2,0.893,0.1058,GREEN,49,Mumbai
CLM0022986,MUM_06956,Vashi,2025-12-20,14,0,0,0,0,0,0,0,0,0,0.0,0.03073,0,1.0,0,126,3,3,0.7539,0.0,GREEN,57,Mumbai
CLM0022987,MUM_03307,Borivali,2022-10-21,17,0,0,0,0,0,1,0,0,0,0.0,0.120396,0,0.0,1,162,1,4,0.6184,0.2081,GREEN,58,Mumbai
CLM0022988,MUM_04898,Borivali,2019-03-31,15,0,0,0,0,0,0,0,0,0,0.0,0.216817,0,0.0,0,316,1,0,0.962,0.0,GREEN,41,Mumbai
CLM0022989,MUM_02993,Andheri,2022-07-24,15,0,0,0,0,1,0,0,0,0,0.0,0.274181,0,0.0,0,151,2,4,0.7936,0.1315,GREEN,60,Mumbai
CLM0022990,MUM_00686,Chembur,2025-09-07,21,0,0,0,0,0,0,0,0,0,0.0,0.295776,0,0.0,0,412,1,4,0.9667,0.0,GREEN,51,Mumbai
CLM0022991,MUM_09192,Lower Parel,2025-12-10,12,0,0,0,0,0,0,0,1,0,1.0,0.000655,0,0.0,1,210,0,2,0.9641,0.2786,GREEN,32,Mumbai
CLM0022992,MUM_09180,Borivali,2025-12-12,8,0,1,1,0,0,0,0,0,0,0.0,0.4293,0,0.0,0,157,2,7,0.7131,0.0,GREEN,37,Mumbai
CLM0022993,MUM_00665,Borivali,2025-07-03,16,0,0,0,0,0,0,0,0,0,0.0,0.263106,0,0.0,0,239,0,0,0.9149,0.0,GREEN,42,Mumbai
CLM0022994,MUM_05438,Vashi,2025-05-22,18,0,1,1,0,0,0,0,0,0,0.0,1.0,0,0.0,0,420,3,0,0.4549,0.027,GREEN,64,Mumbai
CLM0022995,MUM_06306,Lower Parel,2025-05-16,7,0,0,0,0,0,0,0,0,0,0.0,0.287372,0,0.0,0,53,1,0,0.9216,0.0779,GREEN,31,Mumbai
CLM0022996,MUM_02418,Vashi,2025-10-06,7,0,0,0,0,0,0,0,1,0,0.0,0.019754,0,0.0,0,223,4,1,0.5971,0.0176,GREEN,41,Mumbai
CLM0022997,MUM_09469,Lower Parel,2025-05-20,15,0,0,0,0,0,0,0,1,0,0.0,0.273551,0,0.0,0,87,0,1,0.1323,0.15,GREEN,27,Mumbai
CLM0022998,MUM_08109,Chembur,2025-02-20,17,0,0,0,0,0,0,1,1,0,0.0,0.348471,0,0.0,0,242,1,3,0.98,0.1603,GREEN,48,Mumbai
CLM0022999,MUM_09859,Ghatkopar,2018-12-21,18,0,1,1,0,0,0,0,0,0,0.0,0.364243,0,0.0,0,260,0,3,0.8377,0.0261,GREEN,36,Mumbai
CLM0023000,MUM_09254,Andheri,2021-10-14,12,0,1,1,0,0,0,0,0,0,0.0,0.069818,0,0.0,0,27,2,0,0.7082,0.0432,GREEN,18,Mumbai
CLM0023001,MUM_04234,Vashi,2025-11-10,11,0,0,0,0,0,0,0,0,0,0.0,0.315805,0,0.0,0,48,0,0,0.0655,0.0434,GREEN,33,Mumbai
CLM0023002,MUM_08672,Bandra,2022-12-25,11,0,0,0,0,0,0,0,0,0,0.0,0.210739,0,0.0,0,340,4,4,0.757,0.0,GREEN,47,Mumbai
CLM0023003,MUM_04473,Thane,2023-01-15,18,0,0,0,1,0,0,0,1,0,0.0,0.053415,0,0.0,1,5,1,18,0.98,0.0,GREEN,30,Mumbai
CLM0023004,MUM_02075,Ghatkopar,2019-09-25,18,0,0,0,0,0,0,0,0,0,0.0,0.291097,0,0.0,0,316,4,4,0.8381,0.0967,GREEN,43,Mumbai
CLM0023005,MUM_09116,Ghatkopar,2025-08-03,20,0,0,0,0,0,0,0,0,0,0.0,0.038737,0,0.0,0,374,4,2,0.7965,0.0,GREEN,25,Mumbai
CLM0023006,MUM_06695,Andheri,2019-01-04,8,0,0,0,0,0,0,0,0,0,0.0,0.130197,0,0.0,0,84,0,0,0.0707,0.0,GREEN,51,Mumbai
CLM0023007,MUM_08931,Dadar,2023-05-01,7,0,0,0,1,0,1,0,0,0,0.0,0.0,0,0.0,0,420,4,1,0.7855,0.258,GREEN,42,Mumbai
CLM0023008,MUM_07158,Borivali,2024-04-25,14,0,0,0,0,0,0,0,0,0,0.0,1.0,0,0.0,1,51,2,6,0.8387,0.05,GREEN,46,Mumbai
CLM0023009,MUM_04373,Bandra,2022-07-16,20,0,0,0,0,0,0,0,0,0,0.0,0.051625,0,0.0,0,295,0,2,0.7032,0.0046,GREEN,41,Mumbai
CLM0023010,MUM_08786,Borivali,2022-03-14,14,0,0,0,1,1,0,1,0,1,0.0,0.119317,1,0.0,1,5,3,18,0.8438,0.1849,GREEN,45,Mumbai
CLM0023011,MUM_03559,Thane,2022-02-02,19,0,0,0,0,0,0,0,0,0,0.0,0.172866,0,0.0,0,146,3,4,0.8003,0.0,GREEN,40,Mumbai
CLM0023012,MUM_02053,Chembur,2022-05-29,21,0,0,0,0,0,0,0,0,0,0.0,0.295218,0,0.0,0,238,3,5,0.5307,0.0534,GREEN,44,Mumbai
CLM0023013,MUM_00643,Thane,2020-04-04,20,0,0,0,1,1,0,0,0,1,0.0,0.232463,0,0.0,0,420,4,0,0.98,0.3979,YELLOW,48,Mumbai
CLM0023014,MUM_02829,Dadar,2024-05-11,21,0,0,0,0,0,1,0,0,0,0.0,1.0,1,0.0,0,383,2,0,0.6164,0.1002,GREEN,59,Mumbai
CLM0023015,MUM_03199,Lower Parel,2023-09-20,14,0,0,0,0,0,0,0,0,0,0.0,0.116716,0,0.0,0,415,2,5,0.7126,0.0,GREEN,35,Mumbai
CLM0023016,MUM_09997,Lower Parel,2025-07-02,16,0,0,0,0,0,1,0,0,0,0.0,0.36503,0,0.0,0,420,2,3,0.9474,0.1533,GREEN,41,Mumbai
CLM0023017,MUM_03626,Lower Parel,2024-07-17,18,0,0,0,0,0,0,0,0,0,0.0,0.091189,0,0.0,0,215,1,0,0.8191,0.1296,GREEN,56,Mumbai
CLM0023018,MUM_03684,Chembur,2025-07-28,14,0,0,0,0,0,0,0,0,0,0.0,0.0,0,0.0,0,171,1,1,0.9339,0.1206,GREEN,57,Mumbai
CLM0023019,MUM_06297,Thane,2023-11-17,9,0,1,1,1,0,0,0,0,0,0.0,0.144046,0,0.0,0,19,2,3,0.8151,0.1067,GREEN,42,Mumbai
CLM0023020,MUM_02343,Powai,2025-01-12,21,0,0,0,0,0,0,0,0,1,0.0,0.325746,0,0.0,0,35,3,5,0.98,0.1915,GREEN,55,Mumbai
CLM0023021,MUM_00446,Dadar,2020-12-09,11,0,1,1,0,0,0,1,0,0,0.0,0.913205,0,0.0,0,420,2,2,0.6333,0.0,GREEN,53,Mumbai
CLM0023022,MUM_01657,Thane,2022-07-14,15,0,0,0,1,0,0,0,0,0,1.0,0.376662,0,0.0,0,46,1,5,0.9536,0.205,GREEN,49,Mumbai
CLM0023023,MUM_03175,Powai,2023-12-30,12,0,0,0,1,0,0,0,0,0,0.0,1.0,0,0.0,0,420,2,0,0.4774,0.201,GREEN,38,Mumbai
CLM0023024,MUM_01899,Andheri,2023-05-24,13,0,1,1,0,0,0,0,0,0,0.0,0.029213,0,0.0,1,420,1,5,0.688,0.0661,GREEN,49,Mumbai
CLM0023025,MUM_03135,Bandra,2025-10-13,8,0,0,0,0,0,0,0,0,0,0.0,1.0,0,0.0,0,420,4,0,0.0716,0.0644,GREEN,37,Mumbai
CLM0023026,MUM_09660,Dadar,2022-07-08,11,0,0,0,0,0,1,0,0,0,0.0,0.267452,0,0.0,1,382,1,3,0.9433,0.2443,GREEN,39,Mumbai
CLM0023027,MUM_06002,Bandra,2023-03-20,14,0,0,0,0,0,1,0,0,0,1.0,0.18323,0,0.0,0,393,2,0,0.6702,0.1418,GREEN,42,Mumbai
CLM0023028,MUM_03876,Bandra,2022-12-28,15,0,0,0,0,0,0,0,0,0,0.0,0.240564,0,0.0,0,346,1,2,0.9004,0.0076,GREEN,40,Mumbai
CLM0023029,MUM_04620,Vashi,2024-01-20,8,0,0,0,0,0,0,1,0,0,0.0,0.905384,0,0.0,0,40,2,2,0.1038,0.1026,GREEN,40,Mumbai
CLM0023030,MUM_03196,Thane,2025-03-30,14,0,1,1,0,0,1,0,0,0,0.0,0.207245,0,0.0,0,153,4,5,0.9539,0.0516,GREEN,56,Mumbai
CLM0023031,MUM_03333,Powai,2022-10-16,17,0,0,0,0,0,0,0,0,0,0.0,0.209251,0,0.0,0,44,2,1,0.7828,0.0527,GREEN,39,Mumbai
CLM0023032,MUM_01079,Chembur,2023-08-02,20,0,0,0,0,0,0,0,0,0,0.0,0.223895,0,0.0,0,301,2,3,0.1233,0.0269,GREEN,38,Mumbai
CLM0023033,MUM_02592,Lower Parel,2024-04-26,11,0,0,0,0,0,0,0,0,0,0.0,0.0,0,0.0,0,79,3,1,0.5787,0.0,GREEN,41,Mumbai
CLM0023034,MUM_08830,Borivali,2022-11-21,9,0,0,0,0,0,1,0,1,0,0.0,0.213593,0,0.0,0,253,1,4,0.6648,0.1596,GREEN,18,Mumbai
CLM0023035,MUM_01745,Bandra,2021-06-08,14,0,0,0,0,0,0,1,0,0,0.0,0.376481,0,0.0,0,420,1,2,0.9097,0.0989,GREEN,51,Mumbai
CLM0023036,MUM_01240,Powai,2025-07-27,11,0,0,0,0,0,0,0,0,0,0.0,0.213609,0,0.0,0,420,2,0,0.896,0.0781,GREEN,40,Mumbai
CLM0023037,MUM_01137,Vashi,2023-11-17,13,0,1,1,0,0,1,0,0,0,0.0,0.25251,0,0.0,0,32,3,0,0.7289,0.1047,GREEN,54,Mumbai
CLM0023038,MUM_07940,Vashi,2025-07-14,8,0,0,0,0,0,0,0,1,0,0.0,0.290075,0,0.0,0,160,3,0,0.8013,0.123,GREEN,57,Mumbai
CLM0023039,MUM_02858,Bandra,2025-07-25,13,0,0,0,0,0,0,0,0,0,0.0,0.0,0,0.0,0,341,0,0,0.98,0.0561,GREEN,32,Mumbai
CLM0023040,MUM_00281,Bandra,2023-01-04,14,0,0,0,1,0,0,0,0,0,0.0,0.129112,0,0.0,1,353,0,0,0.98,0.161,GREEN,36,Mumbai
CLM0023041,MUM_06474,Thane,2024-12-08,14,0,0,0,0,0,0,0,0,0,0.0,0.161557,0,0.0,0,64,0,2,0.5586,0.0,GREEN,38,Mumbai
CLM0023042,MUM_07981,Borivali,2022-12-25,18,0,0,0,0,0,0,0,0,0,0.0,0.114121,0,1.0,0,175,4,2,0.6876,0.0113,GREEN,59,Mumbai
CLM0023043,MUM_01417,Andheri,2022-06-04,18,0,1,1,0,0,0,0,0,0,0.0,0.0,0,1.0,0,420,1,0,0.5216,0.0,GREEN,48,Mumbai
CLM0023044,MUM_00301,Thane,2022-04-05,8,0,0,0,0,0,1,0,0,1,0.0,0.227446,0,0.0,0,6,0,1,0.3902,0.3142,YELLOW,43,Mumbai
CLM0023045,MUM_00073,Ghatkopar,2022-06-16,16,0,0,0,0,0,0,0,0,0,0.0,0.122404,0,0.0,0,344,0,1,0.5842,0.0,GREEN,46,Mumbai
CLM0023046,MUM_00090,Ghatkopar,2022-05-29,17,0,0,0,0,0,0,0,0,0,0.0,0.24689,0,0.0,0,102,0,3,0.911,0.1178,GREEN,40,Mumbai
CLM0023047,MUM_08027,Chembur,2024-12-23,15,0,0,0,1,1,0,1,1,1,1.0,0.200079,0,1.0,1,5,2,18,0.05,0.024,GREEN,62,Mumbai
CLM0023048,MUM_00746,Ghatkopar,2025-07-20,20,0,0,0,0,0,0,0,0,0,0.0,0.090948,1,0.0,0,339,1,2,0.7198,0.1386,GREEN,42,Mumbai
CLM0023049,MUM_06768,Andheri,2023-07-27,10,0,0,0,0,0,0,0,0,0,1.0,0.088773,0,0.0,0,7,3,0,0.9234,0.128,GREEN,41,Mumbai
CLM0023050,MUM_08633,Lower Parel,2025-08-28,13,0,0,0,1,0,1,0,1,1,0.0,1.0,0,1.0,0,5,0,18,0.5207,0.0792,GREEN,33,Mumbai
CLM0023051,MUM_01790,Borivali,2023-10-26,16,0,0,0,0,0,0,0,1,0,0.0,0.942385,0,0.0,0,123,2,1,0.05,0.1282,GREEN,45,Mumbai
CLM0023052,MUM_04915,Powai,2023-01-06,9,0,0,0,0,0,0,0,0,1,0.0,0.460504,1,0.0,0,224,3,0,0.5302,0.1954,GREEN,36,Mumbai
CLM0023053,MUM_04034,Bandra,2024-08-14,12,0,0,0,0,0,0,0,0,0,0.0,0.237313,0,0.0,0,343,4,3,0.281,0.0152,GREEN,31,Mumbai
CLM0023054,MUM_08396,Lower Parel,2025-07-12,19,0,0,0,0,0,0,0,0,0,0.0,0.20217,0,0.0,0,321,0,2,0.98,0.0784,GREEN,39,Mumbai
CLM0023055,MUM_01610,Vashi,2023-03-18,19,0,0,0,1,0,0,1,0,1,0.0,0.142188,0,0.0,1,7,4,18,0.7302,0.0,GREEN,52,Mumbai
CLM0023056,MUM_08099,Thane,2023-01-09,10,0,0,0,0,0,0,0,0,1,0.0,0.227778,0,0.0,0,271,0,0,0.6804,0.0715,GREEN,51,Mumbai
CLM0023057,MUM_02873,Lower Parel,2023-02-28,7,0,0,0,0,0,0,0,0,0,0.0,0.29257,0,0.0,0,292,2,6,0.98,0.0093,GREEN,45,Mumbai
CLM0023058,MUM_02942,Andheri,2017-01-13,15,0,0,0,0,0,0,0,0,0,0.0,0.009099,0,0.0,0,377,4,1,0.5816,0.0,GREEN,36,Mumbai
CLM0023059,MUM_03719,Lower Parel,2017-07-14,13,0,0,0,0,0,0,0,0,0,0.0,0.309917,0,0.0,0,252,1,2,0.7755,0.0546,GREEN,45,Mumbai
CLM0023060,MUM_09312,Dadar,2021-03-13,21,0,0,0,0,0,0,0,0,1,0.0,0.340153,0,0.0,0,420,3,2,0.98,0.1105,GREEN,45,Mumbai
CLM0023061,MUM_02375,Thane,2018-11-06,15,0,0,0,0,0,0,0,0,0,0.0,0.254915,1,0.0,0,189,2,1,0.6889,0.0939,GREEN,45,Mumbai
CLM0023062,MUM_09859,Ghatkopar,2023-09-11,15,0,0,0,0,0,0,0,0,0,0.0,0.101232,0,0.0,0,385,4,2,0.6057,0.068,GREEN,36,Mumbai
CLM0023063,MUM_00602,Andheri,2017-10-12,19,0,0,0,0,0,0,0,0,0,0.0,0.296771,0,0.0,0,420,4,1,0.7381,0.1389,GREEN,20,Mumbai
CLM0023064,MUM_08614,Bandra,2017-01-24,7,0,0,0,0,0,0,0,0,0,0.0,0.299993,0,1.0,0,161,3,0,0.6684,0.0482,GREEN,45,Mumbai
CLM0023065,MUM_04070,Borivali,2017-06-24,20,0,0,0,0,0,0,1,0,0,0.0,0.0,0,0.0,0,413,0,3,0.98,0.1178,GREEN,49,Mumbai
CLM0023066,MUM_02342,Lower Parel,2022-04-26,8,0,0,0,0,0,0,0,0,0,0.0,0.335886,0,0.0,0,111,0,6,0.6513,0.0,GREEN,35,Mumbai
CLM0023067,MUM_04989,Thane,2018-11-02,7,0,0,0,0,0,1,0,0,0,1.0,0.136604,0,0.0,0,260,4,1,0.98,0.1327,GREEN,43,Mumbai
CLM0023068,MUM_08528,Vashi,2025-12-07,8,0,0,0,0,0,0,0,0,0,0.0,0.362051,0,0.0,0,124,1,5,0.6691,0.0511,GREEN,55,Mumbai
CLM0023069,MUM_05990,Dadar,2020-10-13,12,0,0,0,0,0,0,0,1,0,0.0,0.182531,0,0.0,0,420,0,0,0.945,0.1239,GREEN,45,Mumbai
CLM0023070,MUM_08105,Lower Parel,2024-11-08,14,0,1,1,0,0,0,0,0,0,0.0,0.071586,0,1.0,0,142,2,0,0.7976,0.0617,GREEN,35,Mumbai
CLM0023071,MUM_02031,Vashi,2017-05-28,12,0,0,0,0,0,0,0,0,0,1.0,0.238398,0,1.0,0,141,4,0,0.5456,0.0533,GREEN,36,Mumbai
CLM0023072,MUM_01553,Chembur,2021-07-19,14,0,0,0,0,0,1,0,1,0,0.0,0.059404,0,0.0,0,379,0,0,0.5247,0.1613,GREEN,55,Mumbai
CLM0023073,MUM_05434,Thane,2020-11-01,9,0,0,0,0,0,1,1,0,0,0.0,0.0,0,0.0,0,379,3,6,0.5363,0.1773,GREEN,18,Mumbai
CLM0023074,MUM_03748,Bandra,2021-05-22,11,0,0,0,0,0,0,0,0,0,0.0,0.016803,0,0.0,0,227,0,2,0.8615,0.0157,GREEN,40,Mumbai
CLM0023075,MUM_07244,Chembur,2020-03-26,10,0,0,0,0,0,0,0,0,0,1.0,0.347985,1,0.0,0,420,4,3,0.8591,0.2198,GREEN,36,Mumbai
CLM0023076,MUM_08836,Andheri,2023-02-13,13,0,0,0,0,0,0,0,0,0,1.0,0.099608,0,0.0,0,365,4,2,0.98,0.1789,GREEN,55,Mumbai
CLM0023077,MUM_04928,Lower Parel,2023-04-12,10,0,0,0,0,0,0,0,0,0,0.0,0.285173,0,0.0,0,153,1,0,0.8176,0.0388,GREEN,47,Mumbai
CLM0023078,MUM_07692,Ghatkopar,2023-01-09,9,0,0,0,0,0,0,0,0,0,0.0,0.156589,0,0.0,0,183,3,3,0.8928,0.0434,GREEN,45,Mumbai
CLM0023079,MUM_00165,Thane,2023-02-11,18,0,0,0,0,1,1,1,1,1,0.0,0.050761,0,0.0,1,8,2,18,0.963,0.0,GREEN,31,Mumbai
CLM0023080,MUM_06116,Ghatkopar,2025-04-29,9,0,0,0,0,0,0,0,0,0,0.0,0.223751,0,0.0,0,420,1,2,0.2001,0.0529,GREEN,53,Mumbai
CLM0023081,MUM_07586,Vashi,2025-08-14,8,0,0,0,0,0,0,0,0,0,0.0,0.04425,0,0.0,0,270,3,2,0.9124,0.087,GREEN,25,Mumbai
CLM0023082,MUM_04646,Dadar,2023-09-06,20,0,0,0,0,0,0,0,0,0,0.0,0.995444,0,0.0,0,70,4,6,0.4803,0.0,GREEN,18,Mumbai
CLM0023083,MUM_04112,Vashi,2025-08-27,14,0,0,0,0,0,0,0,0,0,0.0,0.970104,0,0.0,0,202,3,4,0.3599,0.0,GREEN,37,Mumbai
CLM0023084,MUM_08411,Lower Parel,2023-07-16,17,0,1,1,0,0,0,0,0,0,0.0,0.47825,0,0.0,0,420,3,2,0.6318,0.0173,GREEN,51,Mumbai
CLM0023085,MUM_02758,Bandra,2024-05-29,9,0,0,0,0,0,0,0,0,0,0.0,0.280565,0,0.0,0,420,0,0,0.98,0.0531,GREEN,35,Mumbai
CLM0023086,MUM_00658,Thane,2024-11-22,12,0,0,0,0,0,0,0,0,0,0.0,0.975452,0,0.0,0,416,4,4,0.7859,0.0,GREEN,55,Mumbai
CLM0023087,MUM_06174,Dadar,2023-06-14,18,0,0,0,0,0,0,0,0,0,0.0,0.350041,0,0.0,0,149,0,0,0.8872,0.0,GREEN,37,Mumbai
CLM0023088,MUM_03609,Ghatkopar,2024-04-16,19,0,0,0,0,0,0,0,0,0,0.0,0.178595,0,0.0,0,319,4,1,0.7378,0.0,GREEN,42,Mumbai
CLM0023089,MUM_09675,Bandra,2024-09-26,17,0,0,0,0,0,0,0,0,0,0.0,0.889853,0,0.0,0,148,1,0,0.6626,0.0193,GREEN,30,Mumbai
CLM0023090,MUM_05755,Ghatkopar,2025-02-18,11,0,0,0,0,1,0,0,0,0,1.0,0.040093,0,0.0,0,414,4,1,0.4481,0.1973,GREEN,46,Mumbai
CLM0023091,MUM_06056,Andheri,2025-10-28,8,0,1,1,0,0,0,0,0,1,0.0,0.129647,0,0.0,0,401,2,3,0.5713,0.1463,GREEN,47,Mumbai
CLM0023092,MUM_08262,Ghatkopar,2024-05-15,11,0,0,0,0,0,0,0,1,0,0.0,0.050396,0,0.0,0,198,3,3,0.8999,0.1115,GREEN,37,Mumbai
CLM0023093,MUM_06236,Ghatkopar,2025-02-08,14,0,0,0,0,0,0,0,0,0,1.0,0.209725,0,0.0,0,40,3,0,0.6114,0.1436,GREEN,50,Mumbai
CLM0023094,MUM_02173,Borivali,2024-08-01,20,0,0,0,0,0,0,0,0,1,1.0,0.180866,0,0.0,0,420,2,2,0.97,0.2045,GREEN,18,Mumbai
CLM0023095,MUM_00353,Borivali,2024-04-22,11,0,0,0,0,0,0,1,0,0,1.0,0.2968,1,0.0,0,170,3,4,0.1147,0.1815,GREEN,58,Mumbai
CLM0023096,MUM_08517,Andheri,2025-10-27,14,0,0,0,1,0,0,0,0,0,0.0,0.276873,0,0.0,0,403,1,4,0.4283,0.1742,GREEN,52,Mumbai
CLM0023097,MUM_02679,Ghatkopar,2024-07-17,14,0,0,0,1,0,1,0,0,0,0.0,0.380675,0,0.0,0,399,0,2,0.5305,0.3163,YELLOW,44,Mumbai
CLM0023098,MUM_09952,Chembur,2025-02-16,20,0,0,0,0,0,0,0,0,1,0.0,0.116707,0,0.0,0,370,0,0,0.4713,0.124,GREEN,54,Mumbai
CLM0023099,MUM_00654,Lower Parel,2025-03-21,12,0,0,0,0,0,0,0,0,0,0.0,0.121799,0,0.0,0,18,1,2,0.7611,0.0,GREEN,46,Mumbai
CLM0023100,MUM_06671,Thane,2022-11-08,7,0,0,0,0,0,0,0,0,0,0.0,0.195478,0,0.0,0,72,4,4,0.9449,0.0,GREEN,45,Mumbai
CLM0023101,MUM_02674,Thane,2021-04-12,12,0,0,0,0,0,0,0,0,0,0.0,0.295529,0,0.0,0,420,0,6,0.98,0.0,GREEN,35,Mumbai
CLM0023102,MUM_08762,Ghatkopar,2020-05-25,16,0,0,0,0,0,0,1,0,0,0.0,0.3814,1,0.0,0,420,4,3,0.4788,0.1474,GREEN,55,Mumbai
CLM0023103,MUM_02130,Borivali,2019-02-01,8,0,0,0,0,0,0,0,0,0,0.0,0.094101,0,0.0,0,412,3,7,0.7474,0.0432,GREEN,41,Mumbai
CLM0023104,MUM_04162,Andheri,2023-09-12,18,0,0,0,0,0,0,0,1,0,0.0,1.0,0,0.0,0,420,0,7,0.7475,0.1168,GREEN,28,Mumbai
CLM0023105,MUM_04049,Lower Parel,2024-04-05,18,0,0,0,1,1,1,1,1,1,0.0,0.369615,0,0.0,1,5,1,18,0.362,0.0,GREEN,39,Mumbai
CLM0023106,MUM_06874,Dadar,2024-08-05,8,0,0,0,0,0,0,0,0,0,0.0,0.045433,0,0.0,0,330,4,0,0.677,0.0,GREEN,33,Mumbai
CLM0023107,MUM_04883,Chembur,2020-04-08,18,0,0,0,0,0,0,0,0,0,0.0,0.204211,0,0.0,0,138,4,5,0.1168,0.0243,GREEN,40,Mumbai
CLM0023108,MUM_03257,Vashi,2024-06-18,9,0,0,0,0,0,1,0,0,0,0.0,0.188431,0,0.0,0,260,0,4,0.7787,0.0628,GREEN,49,Mumbai
CLM0023109,MUM_06979,Chembur,2019-08-18,11,0,0,0,0,0,1,0,0,0,0.0,0.991677,0,0.0,0,193,3,4,0.98,0.1513,GREEN,43,Mumbai
CLM0023110,MUM_03341,Borivali,2025-06-23,10,0,0,0,0,0,1,0,0,0,0.0,0.339136,0,0.0,0,420,4,0,0.8657,0.1388,GREEN,44,Mumbai
CLM0023111,MUM_07326,Borivali,2022-08-17,17,0,0,0,0,0,0,0,0,0,0.0,0.156833,0,0.0,0,65,4,2,0.8969,0.0,GREEN,32,Mumbai
CLM0023112,MUM_01913,Vashi,2022-10-03,7,0,0,0,0,1,0,0,0,0,0.0,0.070181,0,0.0,0,91,4,0,0.743,0.1072,GREEN,61,Mumbai
CLM0023113,MUM_09821,Andheri,2024-06-26,21,0,0,0,0,0,0,0,0,0,0.0,0.319099,0,0.0,0,26,4,5,0.6283,0.0,GREEN,51,Mumbai
CLM0023114,MUM_03705,Bandra,2022-06-27,21,0,0,0,0,0,0,0,0,0,1.0,0.0,0,0.0,0,251,0,0,0.7949,0.1049,GREEN,31,Mumbai
CLM0023115,MUM_06888,Thane,2024-10-03,16,0,0,0,0,0,0,0,0,0,0.0,0.090945,0,0.0,0,420,2,3,0.6382,0.0339,GREEN,45,Mumbai
CLM0023116,MUM_04675,Bandra,2025-01-07,20,0,0,0,0,0,0,0,0,0,0.0,0.223019,0,0.0,0,364,3,5,0.98,0.0744,GREEN,43,Mumbai
CLM0023117,MUM_00782,Powai,2025-07-08,14,0,0,0,0,0,0,0,0,0,0.0,0.210302,0,0.0,0,118,2,0,0.7822,0.0245,GREEN,42,Mumbai
CLM0023118,MUM_02177,Vashi,2023-09-08,11,0,0,0,0,1,0,0,0,0,0.0,0.231793,0,0.0,0,309,2,5,0.6699,0.053,GREEN,32,Mumbai
CLM0023119,MUM_03051,Bandra,2021-06-23,14,0,0,0,0,0,0,0,0,0,0.0,0.226534,1,0.0,0,135,2,4,0.6422,0.0666,GREEN,40,Mumbai
CLM0023120,MUM_08994,Dadar,2022-12-24,17,0,0,0,0,0,0,0,0,0,0.0,0.169709,0,0.0,0,249,3,4,0.8757,0.0287,GREEN,37,Mumbai
CLM0023121,MUM_09745,Chembur,2024-05-07,17,0,0,0,0,0,0,0,0,1,0.0,0.110588,0,0.0,0,204,1,2,0.5992,0.091,GREEN,26,Mumbai
CLM0023122,MUM_07062,Borivali,2022-11-20,11,0,0,0,0,0,0,0,0,0,0.0,0.349417,1,0.0,0,321,0,6,0.98,0.1169,GREEN,39,Mumbai
CLM0023123,MUM_09981,Ghatkopar,2024-10-31,11,0,0,0,0,0,0,0,0,0,0.0,1.0,0,0.0,0,165,2,5,0.5221,0.0,GREEN,53,Mumbai
CLM0023124,MUM_07702,Thane,2024-05-21,18,0,0,0,0,0,1,0,1,0,0.0,1.0,0,0.0,0,420,1,2,0.4243,0.3264,YELLOW,29,Mumbai
CLM0023125,MUM_05919,Thane,2024-01-23,16,0,0,0,0,0,0,0,0,0,0.0,0.209404,0,0.0,0,420,1,4,0.8543,0.0,GREEN,42,Mumbai
CLM0023126,MUM_01929,Andheri,2025-08-04,7,0,0,0,0,0,0,0,1,0,0.0,0.122347,0,0.0,0,39,3,0,0.434,0.1578,GREEN,56,Mumbai
CLM0023127,MUM_09372,Borivali,2025-11-05,17,0,0,0,1,0,0,0,0,0,0.0,0.22335,0,0.0,0,169,0,0,0.9093,0.1728,GREEN,31,Mumbai
CLM0023128,MUM_01772,Andheri,2024-09-05,9,0,0,0,0,0,0,0,0,0,0.0,0.097973,0,0.0,0,376,0,3,0.6811,0.0,GREEN,43,Mumbai
CLM0023129,MUM_06073,Dadar,2024-01-26,10,0,0,0,0,0,0,0,0,0,0.0,0.269248,0,0.0,0,344,1,3,0.6271,0.0,GREEN,36,Mumbai
CLM0023130,MUM_01468,Vashi,2025-01-02,17,0,0,0,0,0,0,0,0,0,0.0,0.986003,0,0.0,0,420,0,0,0.98,0.0,GREEN,39,Mumbai
CLM0023131,MUM_00423,Bandra,2024-11-28,11,0,0,0,0,0,0,0,0,0,0.0,0.128008,0,0.0,0,216,0,2,0.8722,0.1051,GREEN,47,Mumbai
CLM0023132,MUM_09516,Borivali,2024-08-19,7,0,0,0,0,0,0,0,0,0,0.0,0.280725,0,0.0,0,38,0,7,0.5101,0.0918,GREEN,28,Mumbai
CLM0023133,MUM_04894,Borivali,2024-09-13,10,0,0,0,0,0,0,0,0,0,0.0,0.244843,0,0.0,0,214,4,1,0.3042,0.0067,GREEN,42,Mumbai
CLM0023134,MUM_09034,Powai,2024-02-05,10,0,0,0,0,0,0,0,1,0,0.0,0.298896,0,0.0,0,284,2,2,0.9704,0.0143,GREEN,40,Mumbai
CLM0023135,MUM_06773,Chembur,2025-07-11,13,0,0,0,0,0,0,0,0,0,0.0,0.232717,0,1.0,0,420,4,0,0.98,0.0301,GREEN,31,Mumbai
CLM0023136,MUM_07889,Dadar,2024-10-12,20,0,0,0,0,0,0,0,0,0,0.0,0.104262,0,0.0,0,84,4,4,0.7963,0.0,GREEN,52,Mumbai
CLM0023137,MUM_01835,Lower Parel,2024-01-15,11,0,0,0,0,0,0,0,0,0,0.0,0.0,1,0.0,0,278,2,2,0.8371,0.0478,GREEN,39,Mumbai
CLM0023138,MUM_00934,Powai,2025-06-05,8,0,0,0,0,0,0,0,0,0,0.0,0.281431,0,0.0,0,41,3,0,0.683,0.0478,GREEN,58,Mumbai
CLM0023139,MUM_07116,Vashi,2024-01-26,15,0,0,0,0,0,0,1,0,0,0.0,0.11323,0,0.0,1,69,0,1,0.05,0.1494,GREEN,41,Mumbai
CLM0023140,MUM_04727,Andheri,2024-10-07,9,0,0,0,0,0,0,0,0,0,0.0,1.0,0,0.0,0,420,4,3,0.7594,0.0326,GREEN,34,Mumbai
CLM0023141,MUM_01126,Lower Parel,2025-09-24,19,0,0,0,0,0,0,0,0,1,1.0,0.081641,0,0.0,0,368,2,2,0.0792,0.2286,GREEN,50,Mumbai
CLM0023142,MUM_07086,Andheri,2024-08-17,8,0,0,0,0,0,0,0,0,1,0.0,0.052893,0,0.0,0,140,0,5,0.6058,0.3083,GREEN,22,Mumbai
CLM0023143,MUM_02383,Powai,2020-04-25,14,0,0,0,0,0,0,0,0,0,0.0,0.246474,0,0.0,0,141,1,1,0.6934,0.0,GREEN,30,Mumbai
CLM0023144,MUM_01942,Andheri,2021-11-17,12,0,0,0,0,0,0,0,0,0,0.0,0.240489,0,0.0,0,87,0,4,0.2419,0.07,GREEN,40,Mumbai
CLM0023145,MUM_08615,Vashi,2022-04-19,7,0,0,0,0,0,1,0,0,0,1.0,0.361137,0,0.0,0,418,2,0,0.4949,0.3315,YELLOW,65,Mumbai
CLM0023146,MUM_04971,Dadar,2019-11-05,17,0,0,0,0,0,0,0,0,0,0.0,0.207446,0,0.0,0,359,1,1,0.7956,0.0204,GREEN,59,Mumbai
CLM0023147,MUM_01364,Dadar,2024-10-22,19,0,0,0,0,0,0,0,1,0,0.0,0.089265,0,0.0,1,69,0,2,0.98,0.161,GREEN,60,Mumbai
CLM0023148,MUM_00193,Borivali,2025-04-23,17,0,0,0,0,0,1,0,0,0,0.0,0.30843,0,0.0,0,420,2,2,0.8139,0.0446,GREEN,44,Mumbai
CLM0023149,MUM_03095,Thane,2019-10-20,8,0,0,0,1,0,0,0,0,0,0.0,0.275784,0,0.0,0,175,2,4,0.4907,0.2054,GREEN,50,Mumbai
CLM0023150,MUM_07601,Lower Parel,2025-09-24,14,0,0,0,0,0,0,0,0,1,0.0,0.076393,0,0.0,0,184,0,0,0.7776,0.1585,GREEN,50,Mumbai
CLM0023151,MUM_01542,Powai,2023-07-01,12,0,0,0,0,0,0,0,0,0,0.0,0.371227,0,0.0,0,159,0,1,0.6948,0.0317,GREEN,56,Mumbai
CLM0023152,MUM_03043,Dadar,2020-07-27,10,0,0,0,0,0,0,0,0,0,0.0,0.08947,0,0.0,0,21,4,3,0.6565,0.0029,GREEN,52,Mumbai
CLM0023153,MUM_04140,Dadar,2025-09-06,15,0,0,0,0,0,0,0,0,0,0.0,0.405767,0,0.0,0,281,0,4,0.6281,0.0,GREEN,57,Mumbai
CLM0023154,MUM_01516,Vashi,2020-02-22,9,0,0,0,0,0,0,0,0,0,0.0,0.281341,0,1.0,0,367,0,4,0.5101,0.0,GREEN,53,Mumbai
CLM0023155,MUM_04081,Andheri,2020-02-24,10,0,0,0,1,1,1,1,1,1,1.0,0.826696,0,0.0,1,5,1,18,0.6508,0.2878,GREEN,18,Mumbai
CLM0023156,MUM_01008,Bandra,2023-03-09,14,0,0,0,0,0,0,0,0,0,0.0,0.10611,0,0.0,0,122,3,5,0.6806,0.1693,GREEN,29,Mumbai
CLM0023157,MUM_04412,Powai,2019-11-29,10,0,0,0,0,0,0,0,0,0,0.0,0.0,0,0.0,0,245,4,4,0.4861,0.026,GREEN,34,Mumbai
CLM0023158,MUM_04424,Lower Parel,2025-05-23,13,0,0,0,0,0,0,0,0,0,0.0,0.168187,0,0.0,0,420,2,4,0.6292,0.0,GREEN,35,Mumbai
CLM0023159,MUM_05806,Ghatkopar,2025-10-06,16,0,0,0,0,0,1,1,0,0,0.0,0.217393,0,0.0,0,420,0,5,0.5443,0.0695,GREEN,49,Mumbai
CLM0023160,MUM_04623,Bandra,2024-05-19,14,0,0,0,0,0,0,0,0,0,0.0,0.210092,0,0.0,0,361,3,7,0.98,0.0135,GREEN,40,Mumbai
CLM0023161,MUM_02283,Andheri,2021-01-16,18,0,0,0,0,0,0,0,0,0,0.0,0.203573,0,0.0,0,345,3,2,0.8041,0.0,GREEN,48,Mumbai
CLM0023162,MUM_01344,Andheri,2024-02-05,12,0,0,0,0,0,0,0,1,0,0.0,1.0,0,0.0,0,190,2,4,0.6175,0.1575,GREEN,57,Mumbai
CLM0023163,MUM_03883,Ghatkopar,2025-11-03,12,0,0,0,0,0,0,0,0,0,1.0,0.417641,0,0.0,0,420,4,0,0.05,0.1127,GREEN,46,Mumbai
CLM0023164,MUM_02343,Powai,2025-03-13,19,0,0,0,0,0,0,0,1,0,0.0,0.0,0,0.0,0,109,3,1,0.6953,0.1337,GREEN,55,Mumbai
CLM0023165,MUM_08855,Andheri,2023-05-19,13,0,0,0,0,0,0,0,0,0,0.0,0.03926,0,0.0,0,420,1,3,0.7706,0.0776,GREEN,47,Mumbai
CLM0023166,MUM_01886,Powai,2025-08-18,10,0,0,0,1,0,0,0,0,0,0.0,0.117768,0,0.0,0,159,2,0,0.267,0.1766,GREEN,37,Mumbai
CLM0023167,MUM_01678,Vashi,2023-01-27,12,0,0,0,0,0,1,0,0,0,0.0,0.160334,0,0.0,0,254,1,4,0.691,0.0501,GREEN,38,Mumbai
CLM0023168,MUM_08633,Lower Parel,2025-11-10,9,0,0,0,0,0,0,0,0,0,0.0,0.169229,0,0.0,0,332,0,1,0.6122,0.0,GREEN,33,Mumbai
CLM0023169,MUM_04740,Vashi,2025-07-27,17,0,0,0,0,0,0,0,0,0,0.0,0.212451,0,0.0,0,341,2,2,0.5666,0.0,GREEN,36,Mumbai
CLM0023170,MUM_07784,Borivali,2025-11-08,15,0,0,0,0,0,0,0,0,1,0.0,0.213287,0,0.0,0,268,1,5,0.7633,0.1466,GREEN,43,Mumbai
CLM0023171,MUM_07032,Borivali,2025-11-16,18,0,0,0,0,0,0,0,0,0,0.0,0.993783,0,1.0,0,420,3,5,0.05,0.0387,GREEN,43,Mumbai
CLM0023172,MUM_00231,Borivali,2017-04-18,11,0,0,0,1,0,0,0,0,1,1.0,0.106105,0,1.0,1,5,3,18,0.1413,0.1072,GREEN,37,Mumbai
CLM0023173,MUM_00947,Chembur,2018-01-22,19,0,0,0,1,0,0,0,0,0,0.0,0.0,0,0.0,0,420,4,3,0.6316,0.1943,GREEN,29,Mumbai
CLM0023174,MUM_00768,Dadar,2021-04-28,7,0,0,0,0,0,0,0,0,0,0.0,0.247386,0,0.0,0,420,3,3,0.6212,0.0396,GREEN,44,Mumbai
CLM0023175,MUM_09733,Dadar,2024-04-02,21,0,0,0,0,0,0,0,0,0,0.0,0.205079,0,0.0,0,340,4,2,0.5395,0.0,GREEN,28,Mumbai
CLM0023176,MUM_08117,Dadar,2022-02-14,20,0,0,0,0,0,0,0,0,0,0.0,0.096245,0,0.0,0,420,1,3,0.6595,0.0171,GREEN,40,Mumbai
CLM0023177,MUM_02849,Thane,2022-11-27,7,0,0,0,0,0,0,0,0,1,0.0,0.151084,0,0.0,0,8,4,2,0.98,0.3077,GREEN,49,Mumbai
CLM0023178,MUM_02378,Chembur,2016-07-30,20,0,0,0,1,1,0,1,1,1,1.0,1.0,0,0.0,0,5,0,16,0.3041,0.0,GREEN,37,Mumbai
CLM0023179,MUM_06128,Thane,2018-05-02,21,0,0,0,0,0,0,0,0,0,0.0,0.097065,0,0.0,0,128,0,8,0.8047,0.1077,GREEN,35,Mumbai
CLM0023180,MUM_02096,Bandra,2025-01-31,7,0,0,0,0,0,1,0,1,0,0.0,0.368288,0,0.0,0,199,1,0,0.8529,0.1435,GREEN,59,Mumbai
CLM0023181,MUM_07169,Andheri,2025-10-22,12,0,0,0,0,0,0,1,0,0,0.0,0.16387,0,0.0,0,420,4,3,0.98,0.0675,GREEN,45,Mumbai
CLM0023182,MUM_05801,Lower Parel,2021-02-23,20,0,0,0,0,0,0,0,0,1,0.0,0.432813,1,1.0,0,410,4,1,0.7573,0.1779,GREEN,39,Mumbai
CLM0023183,MUM_03541,Bandra,2024-12-08,9,0,0,0,0,0,0,0,0,0,0.0,0.240585,0,0.0,0,116,4,5,0.6816,0.0552,GREEN,40,Mumbai
CLM0023184,MUM_02271,Powai,2024-12-09,19,0,0,0,0,0,0,0,0,0,0.0,0.210485,0,0.0,0,142,0,1,0.7368,0.1722,GREEN,46,Mumbai
CLM0023185,MUM_07694,Thane,2025-04-13,14,0,0,0,0,0,0,0,0,0,0.0,0.145884,0,0.0,0,216,2,1,0.1559,0.0125,GREEN,38,Mumbai
CLM0023186,MUM_00206,Vashi,2024-05-08,9,0,0,0,1,0,0,0,0,0,0.0,0.420031,0,0.0,0,420,3,5,0.9133,0.2544,GREEN,60,Mumbai
CLM0023187,MUM_01440,Powai,2025-10-04,14,0,0,0,0,0,0,0,0,0,0.0,0.211388,0,0.0,0,102,1,1,0.6334,0.049,GREEN,18,Mumbai
CLM0023188,MUM_04895,Thane,2025-08-27,21,0,0,0,0,0,0,0,1,0,0.0,0.399613,0,0.0,0,83,3,2,0.98,0.1931,GREEN,43,Mumbai
CLM0023189,MUM_04771,Dadar,2024-10-25,11,0,0,0,0,0,0,1,0,0,0.0,0.373837,0,0.0,0,75,0,0,0.6498,0.1351,GREEN,42,Mumbai
CLM0023190,MUM_01038,Powai,2025-10-09,9,0,0,0,0,0,0,0,0,0,1.0,0.311412,0,0.0,0,420,0,0,0.1366,0.0385,GREEN,37,Mumbai
CLM0023191,MUM_08716,Ghatkopar,2020-09-25,15,0,1,1,1,1,1,1,1,1,1.0,0.080257,0,1.0,0,14,0,18,0.107,0.8331,RED,58,Mumbai
CLM0023192,MUM_00946,Dadar,2025-02-01,11,0,1,1,1,1,1,1,1,0,1.0,1.0,1,0.0,1,57,1,18,0.1696,0.8701,RED,40,Mumbai
CLM0023193,MUM_09257,Borivali,2021-11-02,14,0,1,1,1,0,1,0,0,1,1.0,0.893272,0,0.0,1,5,0,18,0.1905,0.6525,RED,46,Mumbai
CLM0023194,MUM_07001,Bandra,2021-04-03,15,0,1,1,1,1,1,1,0,1,0.0,0.184261,0,1.0,1,19,2,18,0.0799,0.8419,RED,30,Mumbai
CLM0023195,MUM_07905,Vashi,2024-08-08,13,0,1,1,0,0,0,1,1,1,0.0,0.054427,0,0.0,0,5,2,18,0.9402,0.4354,YELLOW,45,Mumbai
CLM0023196,MUM_09041,Chembur,2023-11-27,17,0,1,1,0,0,1,1,1,0,0.0,1.0,1,0.0,1,5,1,18,0.4613,0.6586,RED,38,Mumbai
CLM0023197,MUM_08794,Bandra,2022-08-24,14,0,1,1,1,0,1,1,1,0,1.0,0.980391,1,0.0,1,8,2,18,0.3007,0.6869,RED,29,Mumbai
CLM0023198,MUM_08826,Borivali,2024-02-13,16,0,1,1,1,0,1,0,1,1,0.0,0.287054,1,1.0,0,26,2,18,0.05,0.6963,RED,45,Mumbai
CLM0023199,MUM_00518,Ghatkopar,2025-10-29,20,0,1,1,0,0,1,1,0,0,0.0,0.35632,0,0.0,0,420,1,0,0.5656,0.3479,YELLOW,41,Mumbai
CLM0023200,MUM_04372,Andheri,2021-01-03,14,0,1,1,1,1,1,0,0,0,0.0,0.448846,1,0.0,1,5,0,17,0.05,0.7078,RED,56,Mumbai
CLM0023201,MUM_08642,Borivali,2020-01-06,13,0,1,1,1,1,0,1,0,0,0.0,0.107472,1,0.0,0,5,1,18,0.777,0.4709,YELLOW,40,Mumbai
CLM0023202,MUM_03236,Dadar,2023-06-09,21,0,1,1,0,1,1,1,1,1,0.0,0.169385,0,0.0,1,5,0,10,0.98,0.7167,RED,40,Mumbai
CLM0023203,MUM_00845,Ghatkopar,2024-06-21,13,0,0,0,0,0,0,0,0,0,0.0,0.13219,0,1.0,0,65,3,0,0.2361,0.0084,GREEN,42,Mumbai
CLM0023204,MUM_06644,Lower Parel,2025-05-06,17,0,0,0,0,0,0,0,0,0,0.0,0.082876,0,0.0,0,412,1,3,0.8851,0.0,GREEN,36,Mumbai
CLM0023205,MUM_06758,Borivali,2025-09-29,12,0,0,0,0,0,0,0,0,0,0.0,0.332044,0,0.0,0,387,0,4,0.9737,0.0095,GREEN,54,Mumbai
CLM0023206,MUM_07202,Andheri,2025-01-13,8,0,0,0,0,0,0,0,0,0,0.0,0.399341,0,0.0,0,136,3,0,0.7633,0.0,GREEN,37,Mumbai
CLM0023207,MUM_07364,Borivali,2025-06-03,9,0,0,0,0,0,0,0,1,0,0.0,0.019312,0,0.0,0,130,2,1,0.5888,0.2108,GREEN,50,Mumbai
CLM0023208,MUM_08158,Borivali,2025-02-23,17,0,0,0,0,1,1,0,0,0,0.0,0.109509,0,0.0,0,420,2,3,0.4653,0.0674,GREEN,39,Mumbai
CLM0023209,MUM_04414,Vashi,2025-04-12,18,0,0,0,0,0,0,0,0,0,0.0,0.009988,0,0.0,0,29,3,4,0.8959,0.0,GREEN,28,Mumbai
CLM0023210,MUM_04159,Ghatkopar,2025-10-15,17,0,1,1,0,0,0,0,0,0,0.0,0.172756,0,0.0,0,149,1,4,0.0636,0.0112,GREEN,40,Mumbai
CLM0023211,MUM_09049,Powai,2017-12-18,10,0,0,0,1,0,0,0,0,0,0.0,1.0,0,0.0,0,143,4,0,0.8458,0.2445,GREEN,49,Mumbai
CLM0023212,MUM_00120,Powai,2017-08-20,21,0,0,0,0,0,0,0,1,0,0.0,0.26618,0,0.0,0,176,3,2,0.8323,0.1466,GREEN,51,Mumbai
CLM0023213,MUM_00827,Vashi,2019-04-24,9,0,0,0,0,0,0,0,0,1,0.0,0.022606,1,0.0,0,360,4,2,0.7422,0.1381,GREEN,31,Mumbai
CLM0023214,MUM_03819,Vashi,2020-05-13,11,0,0,0,1,0,0,0,0,0,0.0,0.398608,0,0.0,0,48,2,1,0.5553,0.1563,GREEN,20,Mumbai
CLM0023215,MUM_02165,Ghatkopar,2025-04-28,15,0,0,0,0,0,0,0,0,0,1.0,0.366186,0,0.0,0,229,3,5,0.2886,0.0487,GREEN,42,Mumbai
CLM0023216,MUM_09919,Andheri,2019-07-16,7,0,1,1,0,0,0,0,0,0,0.0,0.117356,0,0.0,0,63,0,0,0.1771,0.0,GREEN,44,Mumbai
CLM0023217,MUM_09380,Powai,2021-11-07,8,0,0,0,0,0,0,0,0,0,0.0,0.142292,0,0.0,0,148,3,3,0.19,0.0,GREEN,45,Mumbai
CLM0023218,MUM_04328,Powai,2019-05-24,11,0,1,1,0,0,0,0,1,0,0.0,0.2709,0,0.0,0,94,0,1,0.98,0.096,GREEN,45,Mumbai
CLM0023219,MUM_07938,Bandra,2025-11-18,8,0,0,0,0,1,0,0,0,0,0.0,0.052093,0,0.0,0,381,1,0,0.8391,0.1053,GREEN,43,Mumbai
CLM0023220,MUM_02061,Borivali,2025-05-03,17,0,1,1,0,0,1,0,0,0,0.0,0.234317,0,0.0,0,378,4,2,0.05,0.0349,GREEN,35,Mumbai
CLM0023221,MUM_08162,Dadar,2024-08-06,10,0,0,0,0,0,0,0,0,0,0.0,1.0,0,0.0,0,250,4,0,0.7397,0.0,GREEN,47,Mumbai
CLM0023222,MUM_02320,Dadar,2024-08-11,17,0,0,0,0,0,0,0,0,0,0.0,0.94714,0,1.0,0,75,1,5,0.1908,0.0,GREEN,56,Mumbai
CLM0023223,MUM_07681,Chembur,2024-10-08,9,0,0,0,0,0,0,0,0,1,0.0,0.354169,0,0.0,0,144,0,4,0.6762,0.0866,GREEN,29,Mumbai
CLM0023224,MUM_02425,Vashi,2025-04-09,7,0,0,0,1,0,0,0,0,0,1.0,0.979312,0,1.0,0,95,4,6,0.98,0.1002,GREEN,48,Mumbai
CLM0023225,MUM_02222,Ghatkopar,2025-12-25,7,0,0,0,0,0,0,0,1,0,0.0,0.047763,0,0.0,0,136,2,2,0.7266,0.0,GREEN,51,Mumbai
CLM0023226,MUM_09661,Dadar,2024-04-21,17,0,0,0,0,0,0,0,0,0,1.0,0.411804,0,0.0,0,366,2,5,0.6501,0.0571,GREEN,46,Mumbai
CLM0023227,MUM_05123,Lower Parel,2024-10-24,18,0,0,0,0,0,0,0,0,0,0.0,0.965965,0,0.0,0,50,4,0,0.7588,0.0,GREEN,46,Mumbai
CLM0023228,MUM_03055,Lower Parel,2025-07-15,17,0,0,0,0,0,0,0,0,0,0.0,0.106215,1,0.0,0,420,4,3,0.1137,0.1403,GREEN,58,Mumbai
CLM0023229,MUM_08856,Ghatkopar,2023-07-19,10,0,0,0,1,0,0,0,0,0,0.0,0.133399,0,0.0,0,45,0,1,0.5309,0.1388,GREEN,43,Mumbai
CLM0023230,MUM_07583,Vashi,2024-02-19,20,0,0,0,0,0,0,0,0,0,0.0,0.075996,1,0.0,0,143,1,3,0.7014,0.0652,GREEN,47,Mumbai
CLM0023231,MUM_01748,Chembur,2024-05-07,17,0,0,0,1,0,0,0,0,0,0.0,0.108381,0,0.0,0,420,1,2,0.5929,0.16,GREEN,49,Mumbai
CLM0023232,MUM_00502,Ghatkopar,2023-08-19,18,0,0,0,0,0,0,0,0,0,0.0,0.354788,0,0.0,0,266,4,0,0.5402,0.0062,GREEN,48,Mumbai
CLM0023233,MUM_07316,Lower Parel,2025-11-06,9,0,0,0,0,0,0,1,1,1,0.0,0.0,0,0.0,0,420,2,0,0.8663,0.311,YELLOW,54,Mumbai
CLM0023234,MUM_06157,Chembur,2023-01-17,14,0,0,0,0,0,0,0,0,0,0.0,1.0,0,0.0,0,191,3,0,0.6243,0.0,GREEN,50,Mumbai
CLM0023235,MUM_03942,Lower Parel,2025-12-25,17,0,0,0,1,0,0,0,0,0,0.0,0.015309,0,0.0,0,253,2,2,0.606,0.0806,GREEN,53,Mumbai
CLM0023236,MUM_09919,Andheri,2025-08-28,14,0,0,0,0,0,0,0,0,1,0.0,0.105319,0,0.0,0,50,4,2,0.0546,0.1228,GREEN,44,Mumbai
CLM0023237,MUM_02723,Vashi,2024-01-04,18,0,0,0,1,0,1,0,0,0,0.0,0.352571,0,0.0,0,420,2,2,0.6438,0.2369,GREEN,56,Mumbai
CLM0023238,MUM_01240,Powai,2025-05-04,11,0,0,0,0,1,0,0,0,0,0.0,0.324536,0,0.0,0,93,3,2,0.9088,0.2099,GREEN,40,Mumbai
CLM0023239,MUM_07372,Vashi,2022-10-24,15,0,0,0,0,0,0,0,0,0,0.0,0.186239,0,0.0,0,30,1,2,0.05,0.0834,GREEN,47,Mumbai
CLM0023240,MUM_02147,Ghatkopar,2022-06-01,20,0,0,0,1,1,0,1,1,1,1.0,0.376853,0,1.0,0,12,0,18,0.3213,0.0474,GREEN,53,Mumbai
CLM0023241,MUM_03999,Bandra,2021-12-21,9,0,0,0,0,0,1,0,0,0,0.0,0.262987,0,0.0,0,420,1,0,0.7834,0.0,GREEN,39,Mumbai
CLM0023242,MUM_03466,Borivali,2025-11-14,14,0,0,0,0,0,0,0,0,0,0.0,0.258033,0,1.0,0,208,0,0,0.889,0.0112,GREEN,43,Mumbai
CLM0023243,MUM_02075,Ghatkopar,2024-12-14,14,0,0,0,0,0,0,0,1,0,0.0,0.271692,0,0.0,0,202,2,3,0.6554,0.0797,GREEN,43,Mumbai
CLM0023244,MUM_03475,Chembur,2025-02-18,8,0,0,0,0,0,0,0,0,0,0.0,0.273299,0,0.0,0,420,1,2,0.9366,0.0,GREEN,52,Mumbai
CLM0023245,MUM_08663,Vashi,2025-11-20,11,0,0,0,0,0,0,0,0,0,0.0,0.203806,1,0.0,0,158,4,5,0.3814,0.0088,GREEN,35,Mumbai
CLM0023246,MUM_02165,Ghatkopar,2025-06-23,13,0,0,0,1,0,0,0,0,0,0.0,0.0,0,0.0,0,36,0,0,0.7925,0.2478,GREEN,42,Mumbai
CLM0023247,MUM_08045,Lower Parel,2024-05-03,14,0,1,1,0,0,0,0,0,0,0.0,0.101957,0,0.0,0,420,1,1,0.118,0.0,GREEN,36,Mumbai
CLM0023248,MUM_01486,Powai,2021-01-16,17,0,0,0,0,0,0,0,0,0,1.0,0.0,0,0.0,0,125,3,2,0.912,0.0797,GREEN,50,Mumbai
CLM0023249,MUM_06515,Andheri,2025-08-25,20,0,0,0,0,0,0,0,0,0,0.0,0.172267,0,0.0,0,230,2,2,0.9396,0.0,GREEN,50,Mumbai
CLM0023250,MUM_06076,Thane,2021-08-19,20,0,0,0,0,0,0,0,0,0,0.0,0.036247,0,0.0,0,143,1,0,0.8212,0.0,GREEN,30,Mumbai
CLM0023251,MUM_03529,Thane,2024-02-01,9,0,0,0,0,0,0,1,0,0,0.0,0.222876,0,0.0,0,365,0,4,0.1678,0.0424,GREEN,43,Mumbai
CLM0023252,MUM_06435,Dadar,2022-08-12,20,0,0,0,0,0,0,0,0,0,0.0,0.065451,0,0.0,0,394,3,1,0.8667,0.0222,GREEN,45,Mumbai
CLM0023253,MUM_07173,Powai,2024-01-30,9,0,0,0,0,0,1,0,0,0,0.0,0.211696,0,0.0,0,106,3,1,0.05,0.105,GREEN,35,Mumbai
CLM0023254,MUM_02722,Lower Parel,2021-03-04,20,0,0,0,0,0,0,0,0,0,0.0,0.165884,0,0.0,0,243,0,1,0.7536,0.0258,GREEN,29,Mumbai
CLM0023255,MUM_08226,Chembur,2021-09-07,7,0,0,0,0,0,0,0,0,0,0.0,0.068974,0,0.0,0,253,1,2,0.6195,0.0,GREEN,36,Mumbai
CLM0023256,MUM_03226,Thane,2017-10-11,8,0,0,0,0,0,0,0,0,0,0.0,0.249541,0,0.0,0,285,4,2,0.9794,0.0,GREEN,39,Mumbai
CLM0023257,MUM_09733,Dadar,2019-02-04,11,0,0,0,0,0,1,0,0,0,0.0,0.344649,0,0.0,0,319,3,3,0.5815,0.0401,GREEN,28,Mumbai
CLM0023258,MUM_04693,Vashi,2023-03-03,21,0,0,0,0,0,0,0,0,0,0.0,0.21542,0,0.0,0,210,4,3,0.98,0.0934,GREEN,48,Mumbai
CLM0023259,MUM_04516,Dadar,2017-07-15,21,0,0,0,0,0,1,1,0,0,0.0,0.484069,0,0.0,0,339,0,2,0.6706,0.2407,GREEN,49,Mumbai
CLM0023260,MUM_01032,Vashi,2024-12-25,18,0,0,0,0,0,0,0,0,0,0.0,0.211345,0,0.0,0,61,3,1,0.7276,0.1155,GREEN,31,Mumbai
CLM0023261,MUM_05804,Borivali,2016-03-30,13,0,0,0,0,0,0,1,0,0,1.0,0.306433,0,0.0,0,222,1,0,0.98,0.1489,GREEN,33,Mumbai
CLM0023262,MUM_05008,Thane,2016-01-28,21,0,0,0,0,0,0,0,1,0,0.0,0.268855,0,0.0,0,82,0,0,0.98,0.0834,GREEN,44,Mumbai
CLM0023263,MUM_07323,Dadar,2025-08-21,7,0,0,0,0,0,0,0,1,0,0.0,0.292476,0,0.0,0,255,4,5,0.2245,0.1048,GREEN,36,Mumbai
CLM0023264,MUM_05287,Vashi,2020-01-30,10,0,0,0,0,0,0,0,0,0,1.0,0.418361,0,0.0,0,406,4,2,0.7173,0.1152,GREEN,47,Mumbai
CLM0023265,MUM_07608,Powai,2020-01-06,18,0,0,0,0,1,0,0,0,1,0.0,0.042514,0,0.0,1,148,1,0,0.4275,0.0243,GREEN,18,Mumbai
CLM0023266,MUM_02750,Dadar,2022-07-19,19,0,0,0,0,0,0,0,0,0,0.0,0.307476,0,0.0,0,290,0,0,0.677,0.0017,GREEN,34,Mumbai
CLM0023267,MUM_07641,Borivali,2025-04-15,14,0,0,0,0,0,0,0,0,0,0.0,0.962223,0,0.0,0,324,0,0,0.6304,0.0732,GREEN,59,Mumbai
CLM0023268,MUM_07732,Lower Parel,2021-03-06,13,0,0,0,0,0,0,0,1,0,0.0,0.299183,0,0.0,0,420,3,2,0.6211,0.098,GREEN,47,Mumbai
CLM0023269,MUM_06183,Ghatkopar,2022-02-14,12,0,0,0,0,0,1,0,0,0,0.0,0.0,1,0.0,0,420,3,1,0.7985,0.2013,GREEN,29,Mumbai
CLM0023270,MUM_01895,Powai,2021-01-15,17,0,0,0,0,0,0,1,0,0,0.0,0.0,0,0.0,0,117,1,5,0.2819,0.1411,GREEN,35,Mumbai
CLM0023271,MUM_05057,Bandra,2020-06-20,19,0,0,0,0,0,0,0,0,0,1.0,0.307956,0,0.0,0,249,3,2,0.6375,0.0,GREEN,35,Mumbai
CLM0023272,MUM_07442,Bandra,2024-08-29,10,0,0,0,0,0,0,0,0,0,0.0,0.303522,0,0.0,0,156,1,4,0.8803,0.0207,GREEN,55,Mumbai
CLM0023273,MUM_04279,Chembur,2020-12-20,15,0,0,0,1,1,0,1,1,1,1.0,1.0,0,0.0,0,5,0,17,0.2845,0.3286,YELLOW,58,Mumbai
CLM0023274,MUM_05038,Powai,2025-08-09,12,0,1,1,0,0,0,0,0,0,0.0,0.12919,0,1.0,0,167,1,5,0.6333,0.0,GREEN,48,Mumbai
CLM0023275,MUM_07335,Thane,2024-12-31,7,0,0,0,0,0,0,0,0,0,0.0,0.289098,0,0.0,0,240,3,2,0.6426,0.0471,GREEN,44,Mumbai
CLM0023276,MUM_00538,Dadar,2025-05-08,21,0,0,0,0,0,0,0,0,0,0.0,0.203706,0,0.0,0,419,0,3,0.5591,0.0111,GREEN,54,Mumbai
CLM0023277,MUM_06175,Borivali,2025-03-05,18,0,1,1,0,0,0,0,1,0,0.0,0.398903,0,0.0,0,52,1,1,0.5411,0.1475,GREEN,28,Mumbai
CLM0023278,MUM_09588,Powai,2022-06-19,21,0,0,0,0,0,0,0,0,0,0.0,0.283622,0,0.0,0,28,2,5,0.8441,0.0,GREEN,55,Mumbai
CLM0023279,MUM_08932,Powai,2024-07-18,20,0,0,0,0,0,0,0,0,0,0.0,0.0,0,0.0,0,162,0,0,0.8139,0.0194,GREEN,58,Mumbai
CLM0023280,MUM_03911,Vashi,2022-07-05,8,0,0,0,0,0,0,1,0,0,0.0,0.407659,1,0.0,0,420,3,4,0.897,0.1147,GREEN,47,Mumbai
CLM0023281,MUM_03499,Ghatkopar,2024-05-06,17,0,0,0,0,0,0,0,0,0,0.0,0.230429,0,0.0,0,101,2,0,0.7049,0.0358,GREEN,54,Mumbai
CLM0023282,MUM_09976,Thane,2023-02-04,9,0,0,0,0,0,0,0,0,0,1.0,0.064609,0,1.0,0,405,4,1,0.6041,0.0634,GREEN,43,Mumbai
CLM0023283,MUM_06152,Chembur,2023-10-17,7,0,0,0,0,0,0,0,1,0,1.0,0.111983,0,0.0,0,420,0,3,0.8674,0.2862,GREEN,46,Mumbai
CLM0023284,MUM_04912,Powai,2025-08-28,17,0,0,0,0,0,0,0,0,0,0.0,0.428347,0,0.0,0,108,2,0,0.8434,0.0,GREEN,18,Mumbai
CLM0023285,MUM_04999,Ghatkopar,2022-03-16,17,0,0,0,0,0,0,0,1,0,0.0,1.0,0,0.0,0,240,0,6,0.98,0.1577,GREEN,46,Mumbai
CLM0023286,MUM_03535,Chembur,2025-06-27,17,0,0,0,0,0,0,0,0,0,0.0,0.336951,0,0.0,0,420,2,3,0.592,0.0,GREEN,47,Mumbai
CLM0023287,MUM_01848,Ghatkopar,2024-08-12,12,0,0,0,0,0,0,0,0,0,0.0,0.285094,0,0.0,0,151,2,4,0.7796,0.0,GREEN,41,Mumbai
CLM0023288,MUM_03187,Dadar,2024-12-10,14,0,0,0,0,0,0,0,0,0,0.0,0.455105,0,0.0,0,110,3,0,0.6178,0.0594,GREEN,50,Mumbai
CLM0023289,MUM_06321,Thane,2024-06-07,16,0,0,0,0,0,0,0,0,0,0.0,0.264836,0,1.0,0,417,4,2,0.2213,0.098,GREEN,55,Mumbai
CLM0023290,MUM_06671,Thane,2025-01-25,14,0,0,0,0,0,0,0,0,0,0.0,0.090187,0,0.0,0,82,3,2,0.9158,0.0,GREEN,45,Mumbai
CLM0023291,MUM_00073,Ghatkopar,2024-09-21,12,0,0,0,0,0,1,1,0,0,0.0,0.136691,0,0.0,0,407,1,3,0.806,0.0374,GREEN,46,Mumbai
CLM0023292,MUM_01369,Powai,2023-12-05,13,0,0,0,0,0,1,0,0,0,0.0,0.17453,0,0.0,0,37,1,0,0.05,0.1207,GREEN,49,Mumbai
CLM0023293,MUM_01445,Borivali,2024-09-24,10,0,0,0,0,0,1,0,0,1,0.0,1.0,0,0.0,0,239,3,1,0.6758,0.1884,GREEN,42,Mumbai
CLM0023294,MUM_08750,Borivali,2025-11-06,18,0,0,0,0,0,0,0,0,0,0.0,0.340237,0,0.0,0,412,1,4,0.4756,0.0,GREEN,28,Mumbai
CLM0023295,MUM_01385,Vashi,2025-01-31,12,0,0,0,0,0,0,0,0,0,0.0,0.115155,0,1.0,0,376,3,0,0.7351,0.0679,GREEN,57,Mumbai
CLM0023296,MUM_00960,Chembur,2025-05-25,21,0,0,0,0,0,0,0,0,1,0.0,0.040128,0,0.0,0,306,2,0,0.7475,0.168,GREEN,55,Mumbai
CLM0023297,MUM_08595,Vashi,2025-12-08,16,0,0,0,0,0,0,0,0,0,0.0,1.0,1,0.0,0,420,2,0,0.7874,0.1397,GREEN,47,Mumbai
CLM0023298,MUM_07606,Chembur,2025-01-14,14,0,0,0,0,0,0,0,0,0,0.0,0.0,0,0.0,0,335,3,4,0.6276,0.0,GREEN,44,Mumbai
CLM0023299,MUM_02434,Bandra,2024-12-26,17,0,0,0,0,0,0,0,0,0,0.0,0.0,1,0.0,0,420,1,4,0.9151,0.0194,GREEN,52,Mumbai
CLM0023300,MUM_02234,Powai,2025-11-17,7,0,0,0,0,0,0,1,0,1,0.0,0.987826,0,0.0,1,5,2,18,0.8055,0.0,GREEN,42,Mumbai
CLM0023301,MUM_01908,Lower Parel,2025-02-20,14,0,0,0,0,0,0,0,0,0,0.0,0.0,0,0.0,0,367,2,4,0.98,0.0,GREEN,34,Mumbai
CLM0023302,MUM_06798,Vashi,2024-11-09,19,0,0,0,0,0,0,0,1,0,0.0,0.0,0,0.0,0,313,3,1,0.7877,0.0672,GREEN,24,Mumbai
CLM0023303,MUM_02821,Chembur,2020-11-04,8,0,0,0,0,0,0,0,1,0,0.0,0.429573,0,0.0,0,420,1,4,0.9145,0.0705,GREEN,29,Mumbai
CLM0023304,MUM_03064,Powai,2022-02-05,10,0,0,0,1,0,0,0,0,0,0.0,0.439493,0,0.0,0,134,2,0,0.6886,0.106,GREEN,18,Mumbai
CLM0023305,MUM_04766,Dadar,2024-08-04,11,0,0,0,0,0,0,0,0,0,0.0,0.272783,0,1.0,0,338,2,3,0.7241,0.0222,GREEN,53,Mumbai
CLM0023306,MUM_05586,Bandra,2020-05-30,20,0,0,0,0,0,0,0,0,0,0.0,0.201434,0,0.0,0,288,2,0,0.6464,0.2016,GREEN,23,Mumbai
CLM0023307,MUM_08267,Borivali,2021-03-30,19,0,0,0,0,0,0,0,0,0,0.0,0.0,0,0.0,0,336,4,4,0.567,0.0,GREEN,29,Mumbai
CLM0023308,MUM_01462,Thane,2024-06-23,10,0,0,0,0,0,0,0,1,0,0.0,0.34865,0,0.0,0,151,2,5,0.9163,0.129,GREEN,25,Mumbai
CLM0023309,MUM_07087,Dadar,2021-12-15,8,0,0,0,1,1,1,0,0,1,1.0,0.405334,0,0.0,1,5,1,18,0.98,0.0209,GREEN,34,Mumbai
CLM0023310,MUM_08543,Powai,2024-11-29,19,0,0,0,0,1,0,0,0,0,1.0,1.0,0,0.0,0,243,3,1,0.9124,0.272,GREEN,37,Mumbai
CLM0023311,MUM_09427,Lower Parel,2023-12-30,7,0,0,0,0,0,0,0,0,0,0.0,0.958783,0,0.0,0,420,4,0,0.9441,0.0054,GREEN,37,Mumbai
CLM0023312,MUM_03920,Ghatkopar,2021-06-30,11,0,0,0,0,0,1,0,0,0,0.0,0.246685,0,0.0,0,117,0,2,0.6717,0.1005,GREEN,32,Mumbai
CLM0023313,MUM_09545,Powai,2022-12-18,21,0,0,0,0,0,0,0,0,0,0.0,0.071614,1,0.0,0,394,1,2,0.5731,0.2147,GREEN,49,Mumbai
CLM0023314,MUM_01703,Andheri,2024-08-16,15,0,0,0,0,0,0,0,0,0,0.0,0.001127,0,0.0,0,116,2,1,0.05,0.0,GREEN,40,Mumbai
CLM0023315,MUM_01369,Powai,2021-01-30,15,0,0,0,0,0,0,0,0,0,0.0,0.318829,0,0.0,0,308,4,3,0.8571,0.0,GREEN,49,Mumbai
CLM0023316,MUM_01233,Vashi,2021-09-20,20,0,0,0,0,0,0,0,0,0,0.0,0.182794,0,0.0,0,420,0,2,0.8323,0.0,GREEN,47,Mumbai
CLM0023317,MUM_02707,Powai,2022-12-26,8,0,0,0,0,0,0,0,0,0,0.0,0.965592,0,0.0,0,217,2,1,0.8191,0.0,GREEN,40,Mumbai
CLM0023318,MUM_07317,Lower Parel,2021-12-22,10,0,0,0,0,0,1,0,0,0,0.0,1.0,0,0.0,0,358,1,3,0.8984,0.0826,GREEN,64,Mumbai
CLM0023319,MUM_08261,Borivali,2022-12-21,9,0,0,0,0,0,0,0,1,0,0.0,0.102784,0,0.0,0,284,2,3,0.98,0.1211,GREEN,32,Mumbai
CLM0023320,MUM_00623,Vashi,2025-10-01,16,0,0,0,0,0,0,0,0,0,0.0,0.074331,0,0.0,0,335,2,2,0.05,0.0656,GREEN,50,Mumbai
CLM0023321,MUM_09809,Powai,2024-11-12,20,0,0,0,0,0,1,0,0,0,1.0,0.045623,0,0.0,0,40,1,4,0.8874,0.152,GREEN,36,Mumbai
CLM0023322,MUM_01266,Andheri,2025-11-10,16,0,0,0,0,0,0,0,0,0,0.0,0.113417,0,0.0,0,420,4,0,0.7278,0.0,GREEN,45,Mumbai
CLM0023323,MUM_05704,Lower Parel,2023-09-27,15,0,0,0,0,0,0,0,0,0,0.0,0.944322,0,0.0,0,318,3,0,0.7857,0.0,GREEN,18,Mumbai
CLM0023324,MUM_07142,Thane,2023-10-11,20,0,0,0,0,0,0,0,0,0,0.0,0.203979,0,0.0,0,326,3,1,0.7174,0.0077,GREEN,45,Mumbai
CLM0023325,MUM_09009,Powai,2021-10-21,7,0,0,0,0,0,0,0,1,0,0.0,0.043344,0,0.0,0,332,3,3,0.98,0.0487,GREEN,25,Mumbai
CLM0023326,MUM_03820,Lower Parel,2016-05-04,8,0,0,0,0,0,0,0,0,0,0.0,0.198405,0,0.0,0,420,3,4,0.5633,0.0,GREEN,67,Mumbai
CLM0023327,MUM_03700,Vashi,2024-02-13,14,0,0,0,0,0,0,0,0,0,0.0,0.334905,0,0.0,0,297,4,4,0.7669,0.03,GREEN,35,Mumbai
CLM0023328,MUM_09703,Andheri,2023-07-12,17,0,0,0,0,1,0,0,0,0,0.0,0.017542,0,0.0,1,147,0,1,0.6208,0.1403,GREEN,33,Mumbai
CLM0023329,MUM_03879,Dadar,2016-05-06,7,0,0,0,0,0,0,0,0,0,0.0,0.259618,0,0.0,0,56,2,0,0.8038,0.0,GREEN,57,Mumbai
CLM0023330,MUM_06912,Borivali,2021-12-01,17,0,0,0,0,0,0,0,0,0,0.0,0.1915,0,0.0,0,56,0,1,0.7407,0.0,GREEN,46,Mumbai
CLM0023331,MUM_02915,Dadar,2023-12-24,10,0,0,0,0,0,0,0,0,0,1.0,0.280372,0,0.0,1,67,4,0,0.5763,0.292,GREEN,41,Mumbai
CLM0023332,MUM_05561,Vashi,2022-09-06,21,0,0,0,0,0,0,0,0,0,1.0,0.129898,0,0.0,0,162,3,0,0.05,0.0461,GREEN,53,Mumbai
CLM0023333,MUM_03796,Andheri,2025-10-14,8,0,0,0,0,0,0,1,0,0,0.0,0.425828,0,0.0,0,404,4,4,0.7592,0.124,GREEN,50,Mumbai
CLM0023334,MUM_04740,Vashi,2025-10-25,14,0,0,0,1,0,0,0,1,0,0.0,0.141815,0,1.0,0,420,0,5,0.5959,0.2662,GREEN,36,Mumbai
CLM0023335,MUM_09941,Vashi,2023-06-30,11,0,0,0,0,0,0,0,0,0,0.0,0.24659,0,0.0,0,333,0,0,0.618,0.0874,GREEN,30,Mumbai
CLM0023336,MUM_03913,Borivali,2024-03-05,8,0,0,0,0,0,0,0,0,0,0.0,0.206203,0,0.0,0,311,0,0,0.6227,0.0,GREEN,36,Mumbai
CLM0023337,MUM_05286,Vashi,2025-12-27,7,0,1,1,0,0,1,0,0,0,0.0,0.236803,0,0.0,0,400,4,0,0.9113,0.1538,GREEN,34,Mumbai
CLM0023338,MUM_03535,Chembur,2023-03-13,12,0,0,0,0,0,0,0,1,0,0.0,0.058215,0,0.0,0,387,0,0,0.1034,0.0871,GREEN,47,Mumbai
CLM0023339,MUM_09773,Vashi,2020-10-05,10,0,0,0,0,0,1,0,0,0,0.0,0.164899,0,0.0,1,66,0,2,0.1774,0.2057,GREEN,43,Mumbai
CLM0023340,MUM_06548,Andheri,2022-05-24,8,0,0,0,0,0,0,0,0,0,1.0,1.0,0,1.0,0,133,3,4,0.8136,0.1189,GREEN,42,Mumbai
CLM0023341,MUM_02889,Vashi,2024-02-09,15,0,1,1,0,0,0,0,1,0,0.0,0.396009,0,0.0,0,211,0,0,0.8181,0.1139,GREEN,53,Mumbai
CLM0023342,MUM_02207,Borivali,2024-05-28,19,0,0,0,0,0,0,0,0,0,0.0,0.253814,0,0.0,0,138,4,2,0.8662,0.0717,GREEN,34,Mumbai
CLM0023343,MUM_08930,Lower Parel,2024-02-29,17,0,0,0,0,0,0,0,0,0,0.0,0.245832,0,0.0,0,348,4,4,0.98,0.0564,GREEN,56,Mumbai
CLM0023344,MUM_08611,Andheri,2023-06-09,11,0,0,0,0,0,0,0,0,1,0.0,0.0266,0,0.0,0,246,1,1,0.9575,0.0633,GREEN,30,Mumbai
CLM0023345,MUM_01724,Bandra,2025-09-10,21,0,0,0,0,0,0,0,0,0,0.0,0.253823,0,0.0,0,420,1,2,0.0768,0.0205,GREEN,40,Mumbai
CLM0023346,MUM_03665,Powai,2023-12-06,16,0,0,0,0,0,0,0,0,0,0.0,0.321228,0,0.0,0,186,4,1,0.7777,0.0,GREEN,51,Mumbai
CLM0023347,MUM_05970,Chembur,2018-11-04,20,0,1,1,1,1,0,1,1,0,0.0,0.92129,1,0.0,1,33,2,18,0.1271,0.0155,GREEN,46,Mumbai
CLM0023348,MUM_08271,Borivali,2021-11-03,8,0,0,0,0,0,0,0,0,0,0.0,0.306447,0,0.0,0,273,1,0,0.6994,0.0,GREEN,46,Mumbai
CLM0023349,MUM_01731,Vashi,2020-02-24,14,0,0,0,0,0,0,0,0,0,1.0,0.094301,0,0.0,0,320,3,0,0.7545,0.0192,GREEN,41,Mumbai
CLM0023350,MUM_07609,Ghatkopar,2024-12-06,16,0,0,0,0,0,0,0,0,0,1.0,0.29488,0,0.0,0,288,0,4,0.9292,0.1029,GREEN,52,Mumbai
CLM0023351,MUM_01690,Dadar,2020-05-21,21,0,0,0,0,0,0,0,0,0,0.0,0.195385,0,0.0,0,24,3,1,0.6796,0.0363,GREEN,26,Mumbai
CLM0023352,MUM_07707,Lower Parel,2019-12-14,20,0,0,0,0,0,0,0,0,0,0.0,0.338285,0,0.0,0,105,2,3,0.8839,0.0821,GREEN,65,Mumbai
CLM0023353,MUM_05179,Thane,2023-07-08,14,0,0,0,1,1,0,0,0,0,0.0,0.101397,0,0.0,0,334,4,2,0.711,0.3219,YELLOW,18,Mumbai
CLM0023354,MUM_06429,Andheri,2025-02-20,10,0,0,0,0,0,0,0,0,0,0.0,0.989294,0,0.0,0,62,2,1,0.5623,0.0,GREEN,53,Mumbai
CLM0023355,MUM_01042,Andheri,2023-10-20,8,0,0,0,0,0,0,1,0,0,0.0,1.0,0,0.0,0,347,3,0,0.9056,0.0377,GREEN,65,Mumbai
CLM0023356,MUM_07803,Powai,2023-03-13,16,0,0,0,0,0,0,0,0,0,0.0,1.0,0,0.0,0,32,0,3,0.0794,0.0053,GREEN,37,Mumbai
CLM0023357,MUM_08000,Vashi,2025-10-29,17,0,0,0,0,0,0,1,0,0,0.0,0.203658,0,0.0,0,100,1,2,0.4963,0.0612,GREEN,55,Mumbai
CLM0023358,MUM_03705,Bandra,2023-02-22,16,0,0,0,0,0,0,0,0,0,0.0,0.488329,0,0.0,0,55,1,5,0.05,0.0042,GREEN,31,Mumbai
CLM0023359,MUM_01577,Thane,2024-07-30,16,0,0,0,0,0,0,0,0,0,0.0,0.0,0,0.0,0,404,0,0,0.98,0.0,GREEN,46,Mumbai
CLM0023360,MUM_00485,Vashi,2025-06-23,7,0,0,0,0,0,0,0,0,0,1.0,0.056614,0,0.0,0,73,4,7,0.8832,0.0708,GREEN,53,Mumbai
CLM0023361,MUM_00930,Bandra,2017-07-12,21,0,0,0,0,0,0,0,0,0,0.0,0.255454,0,0.0,0,176,1,2,0.817,0.0,GREEN,32,Mumbai
CLM0023362,MUM_07817,Bandra,2023-09-04,16,0,0,0,0,0,0,0,0,0,0.0,0.05785,0,0.0,0,403,3,3,0.98,0.0,GREEN,55,Mumbai
CLM0023363,MUM_01876,Bandra,2021-02-05,8,0,0,0,0,0,0,0,0,0,0.0,0.049002,0,0.0,0,420,4,4,0.8,0.069,GREEN,39,Mumbai
CLM0023364,MUM_00795,Lower Parel,2017-04-25,16,0,0,0,0,0,0,0,0,0,0.0,0.278198,1,0.0,0,420,0,4,0.816,0.0631,GREEN,44,Mumbai
CLM0023365,MUM_06488,Ghatkopar,2022-04-06,20,0,0,0,0,0,0,0,0,0,0.0,1.0,0,0.0,0,420,4,4,0.1968,0.0,GREEN,45,Mumbai
CLM0023366,MUM_09628,Dadar,2025-12-14,11,0,0,0,0,0,0,0,0,1,1.0,0.138212,0,0.0,0,95,3,2,0.8793,0.1963,GREEN,38,Mumbai
CLM0023367,MUM_03625,Powai,2018-04-25,8,0,0,0,0,0,0,0,0,0,0.0,1.0,0,0.0,0,133,4,4,0.0754,0.0014,GREEN,50,Mumbai
CLM0023368,MUM_04035,Borivali,2016-09-23,18,0,0,0,0,0,0,0,0,0,0.0,0.273196,0,0.0,0,420,1,6,0.465,0.0,GREEN,38,Mumbai
CLM0023369,MUM_07360,Dadar,2019-03-25,16,0,1,1,0,0,0,0,0,0,1.0,0.171066,0,0.0,0,410,1,2,0.7587,0.0907,GREEN,57,Mumbai
CLM0023370,MUM_04995,Lower Parel,2023-10-18,11,0,0,0,0,0,0,1,0,0,0.0,0.294411,0,0.0,0,171,2,4,0.869,0.0871,GREEN,56,Mumbai
CLM0023371,MUM_04144,Chembur,2023-10-09,10,0,0,0,0,0,1,0,0,0,0.0,0.222935,0,0.0,0,354,2,2,0.5617,0.017,GREEN,23,Mumbai
CLM0023372,MUM_09668,Chembur,2017-05-23,9,0,0,0,0,0,0,0,0,0,0.0,0.326205,0,0.0,1,251,2,6,0.9388,0.0472,GREEN,25,Mumbai
CLM0023373,MUM_01968,Thane,2021-08-04,14,0,0,0,0,0,0,0,0,0,0.0,0.009271,0,0.0,0,230,4,3,0.8357,0.0574,GREEN,35,Mumbai
CLM0023374,MUM_00539,Vashi,2021-01-21,8,0,0,0,0,0,0,0,0,0,0.0,0.467113,0,0.0,0,420,2,2,0.5078,0.0302,GREEN,60,Mumbai
CLM0023375,MUM_07506,Andheri,2017-01-26,21,0,0,0,0,0,0,0,0,0,0.0,0.304538,0,0.0,0,136,2,3,0.0881,0.0336,GREEN,52,Mumbai
CLM0023376,MUM_09907,Thane,2021-11-27,11,0,0,0,0,0,1,0,0,0,0.0,0.0,0,0.0,0,420,4,2,0.4535,0.2386,GREEN,37,Mumbai
CLM0023377,MUM_07122,Chembur,2019-06-14,15,0,0,0,0,0,0,0,0,0,0.0,0.195529,0,0.0,1,313,2,3,0.5216,0.0089,GREEN,42,Mumbai
CLM0023378,MUM_00482,Ghatkopar,2024-09-15,7,0,0,0,0,0,0,0,0,0,0.0,0.190288,0,0.0,0,420,3,4,0.6286,0.0,GREEN,54,Mumbai
CLM0023379,MUM_09594,Bandra,2025-12-18,16,0,1,1,0,0,0,0,0,0,0.0,0.059061,0,0.0,0,97,1,0,0.9331,0.0,GREEN,40,Mumbai
CLM0023380,MUM_05881,Lower Parel,2025-11-19,10,0,0,0,0,0,0,0,0,0,1.0,0.45454,0,0.0,0,354,0,4,0.98,0.1842,GREEN,33,Mumbai
CLM0023381,MUM_08446,Bandra,2025-06-26,19,0,0,0,0,0,1,0,1,0,0.0,1.0,0,0.0,0,340,1,0,0.7455,0.215,GREEN,47,Mumbai
CLM0023382,MUM_08795,Thane,2025-04-18,21,0,0,0,0,1,0,0,0,0,0.0,0.459304,1,0.0,0,177,3,3,0.7513,0.0,GREEN,29,Mumbai
CLM0023383,MUM_02542,Ghatkopar,2023-07-22,9,0,0,0,0,0,0,0,0,0,0.0,1.0,0,0.0,0,34,0,3,0.5114,0.0,GREEN,61,Mumbai
CLM0023384,MUM_00127,Bandra,2025-10-12,20,0,0,0,0,0,0,0,0,1,0.0,0.23501,0,0.0,0,352,4,2,0.5665,0.0677,GREEN,62,Mumbai
CLM0023385,MUM_02607,Thane,2021-06-30,20,0,0,0,0,0,0,0,0,0,0.0,0.338365,0,0.0,0,98,1,0,0.5282,0.0,GREEN,47,Mumbai
CLM0023386,MUM_08287,Thane,2023-02-08,10,0,0,0,0,0,0,0,0,0,0.0,0.162001,0,0.0,0,108,4,0,0.8234,0.02,GREEN,28,Mumbai
CLM0023387,MUM_02225,Thane,2017-05-21,11,0,0,0,0,0,0,0,0,0,0.0,0.247375,0,0.0,0,223,1,0,0.98,0.0,GREEN,44,Mumbai
CLM0023388,MUM_00824,Chembur,2016-01-19,16,0,0,0,0,0,0,0,1,0,0.0,1.0,0,0.0,0,322,3,6,0.8641,0.0118,GREEN,45,Mumbai
CLM0023389,MUM_02012,Powai,2019-10-31,16,0,0,0,0,0,0,0,0,0,1.0,1.0,0,0.0,0,392,0,5,0.5098,0.1438,GREEN,61,Mumbai
CLM0023390,MUM_07947,Ghatkopar,2021-10-15,11,0,0,0,0,0,0,0,0,0,0.0,0.146474,0,0.0,0,174,4,0,0.6551,0.1044,GREEN,54,Mumbai
CLM0023391,MUM_05846,Vashi,2023-01-09,21,0,0,0,0,0,0,0,0,0,0.0,0.108873,0,0.0,0,191,3,0,0.98,0.0,GREEN,51,Mumbai
CLM0023392,MUM_06568,Vashi,2020-01-18,9,0,0,0,0,0,0,0,0,0,0.0,0.203058,0,0.0,0,372,1,6,0.7385,0.0461,GREEN,61,Mumbai
CLM0023393,MUM_03566,Thane,2022-06-19,19,0,0,0,0,0,0,0,0,0,0.0,0.472128,0,0.0,0,59,2,5,0.6134,0.0467,GREEN,38,Mumbai
CLM0023394,MUM_00247,Bandra,2022-08-30,21,0,0,0,0,0,0,0,0,1,0.0,0.239516,0,0.0,0,138,0,5,0.05,0.0457,GREEN,33,Mumbai
CLM0023395,MUM_07030,Chembur,2016-09-24,8,0,0,0,0,0,0,0,0,0,0.0,0.230417,0,0.0,1,291,3,2,0.976,0.1047,GREEN,36,Mumbai
CLM0023396,MUM_08045,Lower Parel,2019-01-21,17,0,0,0,0,0,0,0,0,0,0.0,0.127199,0,0.0,0,335,4,4,0.8166,0.0,GREEN,36,Mumbai
CLM0023397,MUM_09801,Borivali,2020-12-29,12,0,0,0,0,0,0,0,0,0,0.0,0.0,0,0.0,0,173,2,3,0.88,0.0,GREEN,26,Mumbai
CLM0023398,MUM_01380,Bandra,2024-06-15,19,0,0,0,0,0,0,0,0,0,1.0,0.930905,0,0.0,0,97,1,3,0.7378,0.0878,GREEN,45,Mumbai
CLM0023399,MUM_09992,Powai,2018-03-10,18,0,0,0,0,0,0,0,0,0,0.0,0.993616,0,0.0,0,420,1,4,0.8311,0.0229,GREEN,18,Mumbai
CLM0023400,MUM_00690,Andheri,2021-04-25,20,0,1,1,0,0,0,0,0,1,0.0,0.299783,0,1.0,0,61,2,7,0.98,0.1233,GREEN,43,Mumbai
CLM0023401,MUM_01697,Bandra,2016-09-07,10,0,0,0,0,0,0,0,0,0,0.0,0.291134,0,0.0,0,420,2,5,0.05,0.0,GREEN,52,Mumbai
CLM0023402,MUM_02287,Thane,2019-05-24,17,0,0,0,0,1,0,0,0,0,0.0,0.202533,0,0.0,0,334,3,0,0.05,0.1309,GREEN,57,Mumbai
CLM0023403,MUM_07141,Powai,2022-06-23,14,0,0,0,0,0,0,1,1,0,0.0,0.0,0,0.0,0,241,4,4,0.2455,0.2406,GREEN,40,Mumbai
CLM0023404,MUM_07048,Chembur,2022-06-18,14,0,0,0,0,0,0,0,0,0,0.0,0.079683,1,0.0,1,420,1,6,0.98,0.1437,GREEN,50,Mumbai
CLM0023405,MUM_06940,Powai,2020-03-15,18,0,0,0,0,0,0,0,1,0,0.0,0.374963,0,0.0,0,193,4,1,0.5284,0.0784,GREEN,66,Mumbai
CLM0023406,MUM_08442,Bandra,2020-07-24,13,0,0,0,1,0,0,1,0,0,0.0,0.353592,0,0.0,0,190,4,1,0.8276,0.2282,GREEN,48,Mumbai
CLM0023407,MUM_05322,Borivali,2024-12-14,9,0,0,0,0,0,0,0,1,0,0.0,0.245832,0,0.0,0,5,0,0,0.98,0.0751,GREEN,45,Mumbai
CLM0023408,MUM_09169,Ghatkopar,2018-08-25,17,0,1,1,0,0,0,0,0,0,1.0,0.266827,0,0.0,0,367,4,2,0.7184,0.0868,GREEN,23,Mumbai
CLM0023409,MUM_09466,Borivali,2018-09-29,11,0,0,0,0,0,0,0,0,0,0.0,0.248255,0,1.0,0,113,3,2,0.477,0.0513,GREEN,33,Mumbai
CLM0023410,MUM_02121,Chembur,2023-03-24,8,0,0,0,0,0,0,1,0,0,0.0,0.107719,0,0.0,0,197,1,2,0.6652,0.0189,GREEN,38,Mumbai
CLM0023411,MUM_01401,Chembur,2021-08-09,16,0,0,0,1,0,0,0,0,0,0.0,0.016985,0,0.0,0,95,4,0,0.98,0.1156,GREEN,40,Mumbai
CLM0023412,MUM_09054,Bandra,2020-02-19,17,0,0,0,0,0,0,0,1,0,0.0,1.0,0,0.0,0,6,1,3,0.8478,0.0685,GREEN,44,Mumbai
CLM0023413,MUM_09306,Chembur,2022-06-25,9,0,0,0,0,0,0,0,0,0,0.0,0.331933,0,0.0,0,420,2,1,0.1273,0.0,GREEN,37,Mumbai
CLM0023414,MUM_06626,Andheri,2024-12-07,20,0,0,0,0,0,0,0,0,0,0.0,0.0,0,0.0,0,420,2,3,0.7793,0.0,GREEN,38,Mumbai
CLM0023415,MUM_09863,Dadar,2022-06-07,9,0,0,0,0,0,0,0,0,0,0.0,0.216433,0,0.0,0,366,1,3,0.5546,0.0265,GREEN,52,Mumbai
CLM0023416,MUM_03210,Bandra,2024-12-18,17,0,0,0,0,0,0,0,0,0,1.0,0.975105,0,1.0,0,354,3,4,0.6321,0.0607,GREEN,42,Mumbai
CLM0023417,MUM_00142,Bandra,2021-08-04,17,0,0,0,0,0,0,0,0,0,0.0,1.0,0,0.0,0,132,2,0,0.0905,0.0664,GREEN,56,Mumbai
CLM0023418,MUM_08113,Thane,2024-01-20,10,0,0,0,0,0,0,0,1,0,0.0,0.07562,0,0.0,0,138,1,4,0.8068,0.1181,GREEN,37,Mumbai
CLM0023419,MUM_02541,Andheri,2023-10-11,21,0,0,0,0,0,0,0,0,0,0.0,0.984615,1,0.0,0,420,4,4,0.4182,0.0755,GREEN,36,Mumbai
CLM0023420,MUM_03877,Andheri,2025-08-24,19,0,0,0,0,0,0,1,0,1,0.0,0.113309,0,0.0,0,301,3,3,0.6683,0.2293,GREEN,57,Mumbai
CLM0023421,MUM_07617,Lower Parel,2025-06-24,10,0,0,0,1,0,0,1,1,1,1.0,0.310699,1,1.0,1,10,4,18,0.2194,0.1679,GREEN,57,Mumbai
CLM0023422,MUM_05534,Vashi,2022-02-02,11,0,1,1,0,0,0,0,0,0,0.0,0.280398,0,0.0,0,251,0,0,0.8694,0.0041,GREEN,53,Mumbai
CLM0023423,MUM_00934,Powai,2024-04-11,10,0,0,0,1,0,0,1,1,0,0.0,0.181322,0,1.0,0,36,4,18,0.3977,0.0,GREEN,58,Mumbai
CLM0023424,MUM_05718,Thane,2024-05-27,21,0,0,0,0,0,0,0,0,0,0.0,0.243979,0,0.0,0,241,1,5,0.8151,0.0,GREEN,52,Mumbai
CLM0023425,MUM_02625,Ghatkopar,2022-11-19,15,0,0,0,0,0,0,0,0,0,1.0,0.271937,0,0.0,0,389,0,3,0.7542,0.2121,GREEN,42,Mumbai
CLM0023426,MUM_06917,Andheri,2023-10-02,17,0,0,0,1,0,0,1,1,0,1.0,1.0,0,1.0,0,255,2,0,0.8101,0.28,GREEN,37,Mumbai
CLM0023427,MUM_07337,Andheri,2021-05-11,17,0,0,0,0,0,0,0,0,0,0.0,0.247119,1,0.0,0,246,4,4,0.5621,0.0129,GREEN,26,Mumbai
CLM0023428,MUM_00929,Bandra,2019-04-03,21,0,0,0,0,0,1,0,0,0,0.0,0.325353,0,0.0,0,420,2,3,0.7299,0.1155,GREEN,34,Mumbai
CLM0023429,MUM_01348,Bandra,2023-07-19,12,0,0,0,0,1,0,0,0,0,0.0,0.33739,0,0.0,0,146,2,7,0.8895,0.1487,GREEN,52,Mumbai
CLM0023430,MUM_01184,Chembur,2020-02-12,10,0,0,0,0,0,0,0,0,0,0.0,0.241886,0,0.0,0,15,1,0,0.7144,0.0457,GREEN,52,Mumbai
CLM0023431,MUM_08087,Bandra,2023-12-10,11,0,0,0,0,0,0,0,0,0,0.0,0.340747,0,0.0,0,420,2,4,0.5871,0.0,GREEN,47,Mumbai
CLM0023432,MUM_09339,Powai,2025-06-09,19,0,0,0,0,0,0,0,0,0,0.0,0.15914,0,0.0,1,256,0,7,0.9698,0.0837,GREEN,49,Mumbai
CLM0023433,MUM_01643,Dadar,2021-02-09,15,0,0,0,0,0,0,0,0,0,0.0,1.0,0,0.0,0,329,1,7,0.541,0.0522,GREEN,57,Mumbai
CLM0023434,MUM_00472,Chembur,2023-08-07,14,0,0,0,0,0,0,0,0,0,1.0,1.0,0,1.0,0,177,4,4,0.98,0.0,GREEN,45,Mumbai
CLM0023435,MUM_09479,Vashi,2024-08-02,21,0,0,0,0,0,0,0,0,0,0.0,0.196812,0,0.0,0,250,3,3,0.1918,0.0,GREEN,27,Mumbai
CLM0023436,MUM_02427,Ghatkopar,2023-09-02,11,0,0,0,0,0,0,1,0,0,0.0,0.136571,0,0.0,0,420,0,0,0.9558,0.1257,GREEN,44,Mumbai
CLM0023437,MUM_07712,Borivali,2024-04-07,7,0,0,0,0,0,0,0,0,0,0.0,0.069349,0,0.0,0,191,3,2,0.6511,0.0092,GREEN,44,Mumbai
CLM0023438,MUM_02781,Thane,2022-08-12,12,0,0,0,0,0,0,0,0,0,0.0,0.253659,0,0.0,0,29,0,4,0.8408,0.0,GREEN,44,Mumbai
CLM0023439,MUM_03396,Powai,2025-02-13,10,0,0,0,0,0,0,0,0,0,0.0,0.0,0,0.0,0,420,0,1,0.8586,0.0,GREEN,29,Mumbai
CLM0023440,MUM_09051,Borivali,2025-11-27,10,0,0,0,0,0,0,0,0,0,0.0,0.0,0,0.0,0,208,2,4,0.0697,0.0408,GREEN,30,Mumbai
CLM0023441,MUM_09464,Vashi,2024-03-07,14,0,0,0,0,0,0,0,0,0,0.0,0.385362,0,0.0,0,178,2,1,0.8316,0.0,GREEN,44,Mumbai
CLM0023442,MUM_03185,Ghatkopar,2024-09-08,12,0,0,0,0,0,0,0,1,0,0.0,0.269005,0,0.0,0,420,1,0,0.5917,0.0801,GREEN,32,Mumbai
CLM0023443,MUM_09281,Lower Parel,2025-05-09,16,0,0,0,0,0,0,0,0,0,0.0,0.149916,0,0.0,0,146,4,3,0.05,0.0,GREEN,52,Mumbai
CLM0023444,MUM_04915,Powai,2022-09-23,15,0,0,0,0,0,0,0,0,0,0.0,0.019914,0,0.0,0,102,2,0,0.9735,0.0,GREEN,36,Mumbai
CLM0023445,MUM_01027,Chembur,2025-03-25,11,0,0,0,0,0,0,0,0,0,1.0,0.211142,0,0.0,0,378,0,1,0.1464,0.0486,GREEN,50,Mumbai
CLM0023446,MUM_09394,Ghatkopar,2025-02-13,14,0,0,0,0,0,0,1,0,0,0.0,0.325743,0,0.0,0,420,2,2,0.8423,0.0756,GREEN,51,Mumbai
CLM0023447,MUM_08370,Powai,2023-01-23,19,0,0,0,0,0,0,0,0,0,0.0,0.104648,1,0.0,0,322,0,3,0.6641,0.0011,GREEN,29,Mumbai
CLM0023448,MUM_08058,Thane,2023-01-06,21,0,0,0,0,0,0,0,0,0,0.0,0.015619,0,0.0,0,221,0,2,0.98,0.0015,GREEN,34,Mumbai
CLM0023449,MUM_03996,Borivali,2025-05-22,8,0,0,0,1,0,0,1,0,0,0.0,0.947489,0,0.0,0,305,0,2,0.7378,0.198,GREEN,24,Mumbai
CLM0023450,MUM_06213,Thane,2025-06-26,8,0,1,1,0,0,0,0,0,0,1.0,0.363792,0,0.0,0,370,0,0,0.8946,0.0269,GREEN,47,Mumbai
CLM0023451,MUM_05575,Powai,2022-10-15,18,0,0,0,0,0,0,0,0,0,0.0,0.146798,0,0.0,0,302,1,3,0.8286,0.1026,GREEN,51,Mumbai
CLM0023452,MUM_02788,Chembur,2023-08-30,17,0,0,0,0,0,0,0,0,0,0.0,0.084223,0,0.0,0,229,4,4,0.6705,0.064,GREEN,29,Mumbai
CLM0023453,MUM_09075,Andheri,2023-01-30,12,0,0,0,0,0,0,0,1,0,0.0,0.126863,0,0.0,0,222,4,4,0.8955,0.0948,GREEN,44,Mumbai
CLM0023454,MUM_01150,Vashi,2022-05-19,7,0,0,0,0,0,1,0,0,0,0.0,0.416695,0,0.0,0,339,3,5,0.6974,0.0443,GREEN,59,Mumbai
CLM0023455,MUM_02235,Andheri,2024-06-11,12,0,0,0,0,0,0,0,0,0,0.0,0.183094,0,0.0,0,5,2,3,0.969,0.0,GREEN,38,Mumbai
CLM0023456,MUM_09557,Chembur,2025-08-20,21,0,0,0,0,1,1,1,1,1,1.0,1.0,0,1.0,1,9,2,18,0.0773,0.0019,GREEN,41,Mumbai
CLM0023457,MUM_08662,Powai,2024-11-20,21,0,0,0,0,0,0,0,0,0,0.0,0.390805,0,0.0,0,282,0,4,0.5125,0.1505,GREEN,50,Mumbai
CLM0023458,MUM_04868,Andheri,2025-09-17,20,0,0,0,0,0,0,0,0,0,0.0,0.130416,0,0.0,0,420,2,7,0.6349,0.0583,GREEN,18,Mumbai
CLM0023459,MUM_03361,Powai,2021-11-08,8,0,0,0,0,0,0,0,0,0,0.0,0.177392,0,0.0,0,186,1,0,0.1597,0.0,GREEN,47,Mumbai
CLM0023460,MUM_08228,Bandra,2024-06-14,12,0,0,0,0,0,0,0,0,0,1.0,0.000719,1,0.0,0,105,3,7,0.6227,0.0801,GREEN,44,Mumbai
CLM0023461,MUM_07201,Powai,2023-09-20,9,0,0,0,0,0,0,0,0,0,0.0,0.094736,0,0.0,0,191,1,2,0.538,0.0281,GREEN,57,Mumbai
CLM0023462,MUM_09226,Thane,2021-07-26,11,0,0,0,0,0,0,0,0,0,0.0,0.0,0,0.0,0,155,2,4,0.4778,0.0,GREEN,49,Mumbai
CLM0023463,MUM_04007,Powai,2021-05-08,16,0,1,1,0,0,0,0,1,0,0.0,0.108643,0,0.0,0,101,0,1,0.98,0.1341,GREEN,39,Mumbai
CLM0023464,MUM_06001,Borivali,2021-11-16,12,0,0,0,0,0,0,0,0,0,0.0,0.035912,0,0.0,0,146,1,4,0.7191,0.1258,GREEN,35,Mumbai
CLM0023465,MUM_00129,Borivali,2019-12-18,12,0,0,0,0,0,1,0,0,0,0.0,1.0,0,0.0,0,322,3,0,0.6014,0.0066,GREEN,54,Mumbai
CLM0023466,MUM_03402,Vashi,2020-04-13,17,0,0,0,0,0,0,0,0,0,0.0,0.275548,0,0.0,0,93,2,5,0.6863,0.0072,GREEN,46,Mumbai
CLM0023467,MUM_08308,Vashi,2024-11-08,21,0,1,1,0,0,0,0,0,0,1.0,0.073982,0,0.0,0,118,0,1,0.7661,0.0906,GREEN,49,Mumbai
CLM0023468,MUM_07002,Lower Parel,2019-11-03,17,0,0,0,0,0,1,0,0,0,0.0,0.255146,0,0.0,0,400,4,2,0.1077,0.1343,GREEN,49,Mumbai
CLM0023469,MUM_07466,Borivali,2023-09-05,15,0,0,0,0,0,0,0,0,0,0.0,0.480242,0,0.0,0,389,0,2,0.0992,0.0,GREEN,42,Mumbai
CLM0023470,MUM_04350,Borivali,2021-04-22,14,0,1,1,0,0,0,0,0,0,1.0,0.058448,0,0.0,0,420,2,3,0.6836,0.1512,GREEN,38,Mumbai
CLM0023471,MUM_00424,Andheri,2022-10-05,21,0,0,0,0,0,1,0,0,0,0.0,0.071592,0,0.0,0,341,4,6,0.8355,0.1386,GREEN,40,Mumbai
CLM0023472,MUM_03424,Andheri,2021-11-28,11,0,0,0,0,0,0,0,0,0,0.0,0.040475,0,0.0,0,111,1,0,0.7069,0.0064,GREEN,55,Mumbai
CLM0023473,MUM_07649,Dadar,2025-08-06,17,0,0,0,0,0,0,0,0,0,0.0,0.369725,0,0.0,0,404,3,2,0.7606,0.0,GREEN,36,Mumbai
CLM0023474,MUM_01302,Chembur,2021-09-03,21,0,0,0,0,0,1,1,1,1,0.0,0.489309,0,1.0,0,34,2,18,0.178,0.0066,GREEN,46,Mumbai
CLM0023475,MUM_07758,Ghatkopar,2021-04-27,10,0,0,0,0,0,0,1,0,0,0.0,0.146716,0,0.0,0,324,3,0,0.7214,0.0894,GREEN,48,Mumbai
CLM0023476,MUM_04299,Chembur,2022-10-21,20,0,0,0,0,0,0,0,0,0,0.0,0.062582,0,0.0,1,202,3,1,0.1419,0.0,GREEN,48,Mumbai
CLM0023477,MUM_08697,Ghatkopar,2018-01-23,13,0,0,0,0,0,0,0,0,0,0.0,0.250694,0,0.0,0,420,3,4,0.7308,0.0377,GREEN,38,Mumbai
CLM0023478,MUM_05629,Powai,2024-09-11,13,0,0,0,0,0,0,0,1,0,0.0,0.190127,0,0.0,0,323,2,5,0.05,0.1111,GREEN,18,Mumbai
CLM0023479,MUM_01824,Chembur,2024-07-31,15,0,0,0,0,0,0,0,0,0,0.0,0.193414,0,0.0,0,337,2,3,0.6866,0.057,GREEN,33,Mumbai
CLM0023480,MUM_04241,Borivali,2024-12-13,19,0,0,0,0,0,0,0,1,0,0.0,0.047255,0,0.0,0,113,2,5,0.8769,0.1309,GREEN,45,Mumbai
CLM0023481,MUM_04121,Borivali,2025-11-20,20,0,0,0,1,0,1,0,0,0,0.0,0.948492,0,0.0,0,420,3,1,0.7183,0.1982,GREEN,29,Mumbai
CLM0023482,MUM_03790,Chembur,2024-01-09,12,0,0,0,0,0,0,0,0,0,0.0,0.303531,1,0.0,0,401,4,4,0.8738,0.0,GREEN,22,Mumbai
CLM0023483,MUM_00413,Borivali,2025-09-15,10,0,0,0,0,0,0,0,0,0,0.0,0.396006,0,0.0,0,212,1,5,0.7411,0.0,GREEN,37,Mumbai
CLM0023484,MUM_08378,Powai,2024-03-11,7,0,0,0,0,0,0,0,0,0,0.0,0.101364,1,0.0,0,414,0,1,0.924,0.1149,GREEN,23,Mumbai
CLM0023485,MUM_02811,Lower Parel,2023-05-03,18,0,0,0,0,0,0,0,0,0,1.0,0.363693,1,0.0,0,318,3,0,0.7118,0.3096,GREEN,34,Mumbai
CLM0023486,MUM_08142,Thane,2025-08-05,8,0,0,0,0,0,0,0,0,0,0.0,0.215777,0,0.0,0,420,0,0,0.8416,0.0336,GREEN,19,Mumbai
CLM0023487,MUM_05088,Powai,2025-05-08,21,0,0,0,0,0,0,0,0,0,0.0,0.153856,0,0.0,0,179,1,3,0.7649,0.1029,GREEN,50,Mumbai
CLM0023488,MUM_05561,Vashi,2025-11-28,19,0,0,0,0,0,0,0,0,0,0.0,0.445811,0,0.0,0,368,1,6,0.2044,0.0,GREEN,53,Mumbai
CLM0023489,MUM_01194,Lower Parel,2018-01-23,16,0,0,0,1,0,0,0,0,0,0.0,0.224978,0,0.0,0,114,3,5,0.4835,0.1797,GREEN,42,Mumbai
CLM0023490,MUM_08532,Andheri,2023-06-14,13,0,0,0,0,1,1,0,0,0,0.0,0.058194,0,0.0,0,166,4,0,0.98,0.4029,YELLOW,38,Mumbai
CLM0023491,MUM_03184,Vashi,2019-08-24,15,0,1,1,0,0,0,0,0,1,1.0,0.110033,0,0.0,0,5,0,4,0.9329,0.103,GREEN,52,Mumbai
CLM0023492,MUM_01442,Andheri,2025-05-17,7,0,0,0,0,0,0,0,0,0,0.0,0.313248,0,0.0,0,374,2,0,0.8635,0.0651,GREEN,46,Mumbai
CLM0023493,MUM_06201,Andheri,2024-07-18,8,0,0,0,0,0,0,0,0,0,0.0,0.226675,0,0.0,0,151,2,2,0.1743,0.0,GREEN,18,Mumbai
CLM0023494,MUM_01966,Dadar,2025-04-13,21,0,0,0,0,0,1,1,0,0,0.0,0.141212,0,0.0,0,89,1,3,0.882,0.0,GREEN,36,Mumbai
CLM0023495,MUM_04934,Chembur,2024-09-26,18,0,0,0,0,0,0,1,1,1,1.0,0.45952,1,0.0,1,14,0,18,0.2762,0.0405,GREEN,36,Mumbai
CLM0023496,MUM_03656,Ghatkopar,2025-09-11,18,0,0,0,0,0,1,1,0,0,0.0,0.998924,0,0.0,0,68,4,0,0.3775,0.0661,GREEN,36,Mumbai
CLM0023497,MUM_03650,Powai,2024-09-04,15,0,0,0,0,0,0,0,0,0,0.0,0.231682,0,0.0,0,116,1,1,0.6432,0.0,GREEN,38,Mumbai
CLM0023498,MUM_06202,Lower Parel,2024-08-30,17,0,0,0,0,0,0,0,0,0,0.0,0.259644,0,0.0,0,358,1,0,0.7126,0.0,GREEN,36,Mumbai
CLM0023499,MUM_07149,Dadar,2024-11-19,12,0,0,0,0,0,0,0,0,0,0.0,0.134266,0,0.0,0,51,1,1,0.98,0.0413,GREEN,40,Mumbai
CLM0023500,MUM_02288,Vashi,2025-07-16,7,0,0,0,0,0,0,0,1,0,0.0,0.180984,0,1.0,0,392,1,6,0.7028,0.2111,GREEN,22,Mumbai
CLM0023501,MUM_09687,Ghatkopar,2025-03-09,15,0,0,0,0,0,0,0,0,0,0.0,0.150002,0,0.0,0,413,3,6,0.5477,0.0,GREEN,46,Mumbai
CLM0023502,MUM_08729,Thane,2024-11-06,14,0,0,0,0,0,0,0,0,0,0.0,0.335276,0,0.0,0,127,3,1,0.203,0.0,GREEN,50,Mumbai
CLM0023503,MUM_00547,Powai,2025-06-10,11,0,0,0,0,0,1,0,0,0,0.0,0.054462,0,0.0,0,376,1,4,0.9234,0.0848,GREEN,41,Mumbai
CLM0023504,MUM_06397,Powai,2024-10-13,10,0,0,0,0,0,0,0,0,0,0.0,1.0,0,0.0,0,420,0,0,0.0721,0.0,GREEN,47,Mumbai
CLM0023505,MUM_02015,Ghatkopar,2024-10-25,14,0,0,0,0,0,0,0,0,0,1.0,0.036196,0,0.0,0,210,1,4,0.5748,0.0128,GREEN,39,Mumbai
CLM0023506,MUM_05802,Vashi,2025-10-08,14,0,1,1,0,0,0,0,1,1,1.0,0.06273,0,0.0,1,5,3,18,0.2114,0.0,GREEN,47,Mumbai
CLM0023507,MUM_02022,Borivali,2025-02-05,7,0,0,0,0,0,0,0,0,0,1.0,0.14665,0,0.0,0,83,1,5,0.7625,0.1559,GREEN,32,Mumbai
CLM0023508,MUM_01153,Bandra,2025-05-02,9,0,0,0,1,0,0,0,1,0,0.0,0.0,0,0.0,0,260,3,1,0.5287,0.2845,GREEN,31,Mumbai
CLM0023509,MUM_00824,Chembur,2025-01-01,12,0,0,0,0,0,0,0,0,0,0.0,0.142002,0,1.0,0,68,0,8,0.6433,0.0,GREEN,45,Mumbai
CLM0023510,MUM_06022,Chembur,2024-12-13,21,0,0,0,0,0,0,1,0,0,1.0,0.195596,0,0.0,0,302,2,5,0.6056,0.007,GREEN,58,Mumbai
CLM0023511,MUM_06180,Bandra,2023-07-02,18,0,1,1,1,0,1,1,0,0,0.0,0.394102,1,0.0,0,14,1,18,0.3058,0.4757,YELLOW,35,Mumbai
CLM0023512,MUM_04528,Bandra,2025-10-29,10,0,1,1,1,1,1,1,1,1,0.0,0.073827,0,0.0,1,13,0,18,0.98,0.9184,RED,39,Mumbai
CLM0023513,MUM_02014,Vashi,2022-04-03,19,0,1,1,1,0,1,1,1,1,0.0,0.040383,1,0.0,1,40,1,18,0.9589,0.8622,RED,42,Mumbai
CLM0023514,MUM_05677,Vashi,2022-07-17,10,0,1,1,1,1,0,1,1,1,1.0,0.011292,0,0.0,0,5,0,18,0.1209,0.6606,RED,35,Mumbai
CLM0023515,MUM_00341,Andheri,2022-10-21,12,0,1,1,1,0,0,0,1,0,1.0,0.010848,1,0.0,1,13,2,18,0.3644,0.5891,YELLOW,58,Mumbai
CLM0023516,MUM_05396,Dadar,2025-03-06,20,0,1,1,0,0,0,0,0,0,0.0,0.0,0,0.0,1,420,0,0,0.98,0.5161,YELLOW,47,Mumbai
CLM0023517,MUM_09460,Andheri,2025-10-21,10,0,1,1,1,0,0,0,0,0,1.0,0.208367,0,0.0,0,388,1,2,0.98,0.4696,YELLOW,36,Mumbai
CLM0023518,MUM_09267,Chembur,2022-03-04,7,0,1,1,1,0,0,1,1,1,1.0,1.0,1,1.0,1,20,1,18,0.778,0.6538,RED,31,Mumbai
CLM0023519,MUM_03379,Lower Parel,2020-03-22,14,0,1,1,0,1,0,0,1,0,0.0,0.110036,0,0.0,1,16,0,18,0.8794,0.4176,YELLOW,40,Mumbai
CLM0023520,MUM_07412,Lower Parel,2020-10-07,14,0,1,1,1,1,1,0,1,1,0.0,0.924127,0,0.0,1,11,1,18,0.05,0.8004,RED,54,Mumbai
CLM0023521,MUM_08686,Vashi,2022-08-28,7,0,1,1,1,0,1,1,0,0,1.0,1.0,0,1.0,1,12,2,18,0.166,0.5314,YELLOW,42,Mumbai
CLM0023522,MUM_07862,Lower Parel,2025-03-22,20,0,1,1,1,0,0,1,1,0,1.0,0.929429,1,0.0,1,8,1,18,0.05,0.5501,YELLOW,60,Mumbai
CLM0023523,MUM_01891,Dadar,2024-08-23,14,0,0,0,0,0,0,0,0,0,0.0,0.051816,0,0.0,0,163,1,2,0.9311,0.0639,GREEN,41,Mumbai
CLM0023524,MUM_05806,Ghatkopar,2024-05-05,17,0,0,0,0,0,1,1,0,1,1.0,1.0,0,1.0,0,5,1,18,0.623,0.0483,GREEN,49,Mumbai
CLM0023525,MUM_07754,Dadar,2025-04-22,7,0,0,0,0,0,0,0,0,0,0.0,0.97883,0,0.0,0,420,1,6,0.9056,0.0696,GREEN,38,Mumbai
CLM0023526,MUM_03525,Powai,2024-05-01,12,0,0,0,0,0,0,1,1,0,0.0,0.036728,0,0.0,0,5,4,0,0.7461,0.2238,GREEN,54,Mumbai
CLM0023527,MUM_04138,Ghatkopar,2025-05-22,12,0,0,0,0,0,0,0,0,0,0.0,0.059993,0,0.0,0,243,0,2,0.9291,0.0514,GREEN,48,Mumbai
CLM0023528,MUM_03825,Bandra,2025-12-10,12,0,0,0,0,0,0,0,0,0,0.0,0.430458,1,1.0,0,323,3,6,0.164,0.0021,GREEN,18,Mumbai
CLM0023529,MUM_06495,Bandra,2025-01-17,9,0,1,1,0,0,0,0,0,0,0.0,0.236697,0,0.0,0,294,4,0,0.7678,0.0532,GREEN,43,Mumbai
CLM0023530,MUM_00448,Powai,2025-02-18,15,0,0,0,0,0,0,0,0,0,1.0,1.0,0,1.0,0,285,1,3,0.5186,0.0,GREEN,52,Mumbai
CLM0023531,MUM_01507,Lower Parel,2025-07-01,13,0,0,0,0,0,0,0,0,0,0.0,0.338392,0,0.0,0,130,2,3,0.3841,0.0,GREEN,31,Mumbai
CLM0023532,MUM_03662,Chembur,2018-08-09,7,0,0,0,0,0,1,0,0,0,0.0,0.450286,0,0.0,0,245,4,4,0.7936,0.1049,GREEN,31,Mumbai
CLM0023533,MUM_08367,Thane,2025-07-05,19,0,0,0,0,0,0,0,0,0,0.0,0.026436,0,0.0,0,420,4,3,0.05,0.0211,GREEN,63,Mumbai
CLM0023534,MUM_09403,Vashi,2019-11-20,19,0,0,0,0,0,0,0,0,0,0.0,0.060321,0,0.0,0,420,0,5,0.9504,0.0,GREEN,41,Mumbai
CLM0023535,MUM_03757,Vashi,2021-05-14,12,0,1,1,0,0,0,0,0,0,0.0,0.211501,0,0.0,0,131,0,6,0.8872,0.0,GREEN,47,Mumbai
CLM0023536,MUM_09596,Bandra,2024-06-20,20,0,0,0,0,0,0,0,1,0,1.0,0.0,0,0.0,0,387,3,2,0.7185,0.1489,GREEN,43,Mumbai
CLM0023537,MUM_05275,Dadar,2024-09-07,12,0,0,0,0,0,0,0,0,0,0.0,0.199396,1,0.0,0,143,0,0,0.98,0.0,GREEN,39,Mumbai
CLM0023538,MUM_02342,Lower Parel,2023-12-25,9,0,0,0,0,0,0,1,0,0,0.0,0.017777,0,0.0,0,46,1,2,0.7908,0.0,GREEN,35,Mumbai
CLM0023539,MUM_00841,Thane,2019-01-21,7,0,0,0,0,0,0,0,0,0,1.0,0.984135,1,1.0,0,81,2,1,0.9499,0.0322,GREEN,52,Mumbai
CLM0023540,MUM_07001,Bandra,2019-03-19,18,0,0,0,0,0,0,0,0,0,0.0,0.297838,0,0.0,0,214,0,0,0.1908,0.0205,GREEN,30,Mumbai
CLM0023541,MUM_01422,Dadar,2018-07-22,15,0,0,0,0,0,0,0,1,1,0.0,0.182228,0,0.0,0,234,2,0,0.5773,0.2684,GREEN,32,Mumbai
CLM0023542,MUM_01602,Chembur,2023-06-08,17,0,1,1,0,0,1,0,0,0,0.0,0.161681,0,0.0,0,287,1,6,0.8337,0.0495,GREEN,31,Mumbai
CLM0023543,MUM_04732,Thane,2025-06-01,19,0,0,0,0,0,0,0,0,0,1.0,0.121307,0,0.0,0,419,3,4,0.8324,0.0533,GREEN,43,Mumbai
CLM0023544,MUM_02706,Andheri,2023-05-22,15,0,0,0,0,0,0,0,0,0,0.0,0.146857,0,0.0,0,223,0,0,0.5823,0.0,GREEN,64,Mumbai
CLM0023545,MUM_00641,Bandra,2023-08-17,14,0,0,0,0,0,0,0,0,0,0.0,0.156047,0,0.0,0,420,2,5,0.5804,0.0,GREEN,69,Mumbai
CLM0023546,MUM_08493,Borivali,2024-10-02,21,0,0,0,1,0,0,0,1,0,1.0,0.952498,0,1.0,0,420,4,8,0.7393,0.236,GREEN,43,Mumbai
CLM0023547,MUM_08229,Vashi,2022-05-01,19,0,0,0,0,0,0,0,0,0,0.0,0.880978,0,0.0,0,226,4,6,0.8125,0.0,GREEN,41,Mumbai
CLM0023548,MUM_08489,Bandra,2023-10-01,10,0,0,0,0,0,0,1,0,0,0.0,0.124585,0,0.0,0,71,0,3,0.551,0.1459,GREEN,44,Mumbai
CLM0023549,MUM_07754,Dadar,2024-11-16,14,0,0,0,0,0,0,0,0,0,0.0,0.123584,0,0.0,0,160,1,2,0.7398,0.1504,GREEN,38,Mumbai
CLM0023550,MUM_09313,Vashi,2023-12-10,17,0,0,0,0,0,0,0,0,0,0.0,0.14647,0,0.0,0,234,2,5,0.3064,0.0514,GREEN,36,Mumbai
CLM0023551,MUM_05321,Dadar,2024-03-08,8,0,0,0,0,0,0,0,0,0,0.0,0.23604,0,0.0,0,76,2,4,0.6207,0.0409,GREEN,34,Mumbai
CLM0023552,MUM_00531,Thane,2022-10-11,7,0,0,0,0,0,0,0,0,0,0.0,0.028885,0,0.0,0,420,3,5,0.6508,0.0,GREEN,41,Mumbai
CLM0023553,MUM_08197,Chembur,2025-04-03,21,0,0,0,0,0,0,0,0,0,0.0,0.0,0,0.0,0,367,3,0,0.6435,0.0,GREEN,40,Mumbai
CLM0023554,MUM_06306,Lower Parel,2024-08-07,8,0,0,0,0,0,0,0,0,0,0.0,1.0,0,0.0,1,420,3,0,0.8833,0.1128,GREEN,31,Mumbai
CLM0023555,MUM_07751,Ghatkopar,2023-09-03,15,0,0,0,0,0,0,0,0,0,1.0,0.947753,1,1.0,0,109,1,3,0.545,0.1366,GREEN,42,Mumbai
CLM0023556,MUM_03618,Andheri,2022-04-18,15,0,0,0,1,0,0,0,0,0,0.0,0.326433,0,1.0,0,387,4,1,0.2044,0.2528,GREEN,36,Mumbai
CLM0023557,MUM_00871,Thane,2025-10-23,18,0,0,0,0,0,0,0,0,0,0.0,0.017202,0,1.0,0,160,3,4,0.9663,0.1173,GREEN,35,Mumbai
CLM0023558,MUM_01038,Powai,2023-12-22,17,0,0,0,0,0,0,0,0,0,0.0,0.12275,0,0.0,0,411,2,5,0.7474,0.1255,GREEN,37,Mumbai
CLM0023559,MUM_01855,Bandra,2024-09-05,17,0,0,0,0,0,0,0,0,1,0.0,0.239807,0,0.0,0,52,2,0,0.6401,0.1782,GREEN,41,Mumbai
CLM0023560,MUM_02554,Borivali,2022-07-03,10,0,0,0,0,0,0,0,0,0,0.0,0.0,0,1.0,0,296,3,0,0.8365,0.0,GREEN,41,Mumbai
CLM0023561,MUM_03779,Ghatkopar,2025-03-24,20,0,0,0,0,0,0,0,0,0,0.0,0.271329,0,0.0,0,203,1,2,0.616,0.1968,GREEN,49,Mumbai
CLM0023562,MUM_06591,Powai,2024-01-12,13,0,0,0,0,0,0,0,1,0,0.0,1.0,0,0.0,0,406,3,0,0.1785,0.0152,GREEN,49,Mumbai
CLM0023563,MUM_03337,Vashi,2023-08-11,18,0,0,0,0,0,0,0,0,0,0.0,0.160288,0,0.0,0,420,0,4,0.98,0.0068,GREEN,28,Mumbai
CLM0023564,MUM_00289,Dadar,2023-02-23,7,0,0,0,0,0,0,0,0,0,0.0,0.357456,0,0.0,0,244,4,3,0.5959,0.0,GREEN,35,Mumbai
CLM0023565,MUM_01066,Ghatkopar,2024-02-21,8,0,0,0,0,0,0,0,0,0,0.0,1.0,0,0.0,0,363,4,0,0.98,0.0294,GREEN,47,Mumbai
CLM0023566,MUM_02519,Andheri,2023-06-27,8,0,0,0,0,0,0,0,0,0,0.0,0.129344,0,0.0,0,420,4,8,0.7827,0.0,GREEN,58,Mumbai
CLM0023567,MUM_09323,Chembur,2025-04-18,9,0,0,0,0,0,0,0,0,0,1.0,0.01551,0,1.0,0,221,2,0,0.5874,0.0,GREEN,19,Mumbai
CLM0023568,MUM_09257,Borivali,2024-08-22,13,0,0,0,0,0,0,0,1,0,0.0,0.017157,0,0.0,0,286,1,4,0.98,0.118,GREEN,46,Mumbai
CLM0023569,MUM_02090,Lower Parel,2022-09-21,20,0,0,0,1,1,1,1,1,1,1.0,1.0,1,1.0,0,23,4,18,0.0768,0.1587,GREEN,53,Mumbai
CLM0023570,MUM_01007,Bandra,2022-10-26,10,0,0,0,0,0,1,0,0,0,0.0,0.221878,0,0.0,0,91,3,1,0.6506,0.2367,GREEN,50,Mumbai
CLM0023571,MUM_04021,Chembur,2020-10-14,13,0,0,0,0,0,1,0,0,0,0.0,0.234281,0,0.0,0,189,4,0,0.9186,0.0356,GREEN,38,Mumbai
CLM0023572,MUM_05151,Ghatkopar,2024-01-10,18,0,0,0,0,0,0,0,0,1,0.0,0.184535,0,0.0,0,277,4,2,0.8519,0.0351,GREEN,56,Mumbai
CLM0023573,MUM_03621,Vashi,2023-04-03,21,0,0,0,0,0,1,0,0,0,0.0,0.201734,0,0.0,0,164,4,0,0.7998,0.0348,GREEN,42,Mumbai
CLM0023574,MUM_05021,Dadar,2021-05-18,19,0,0,0,0,0,0,0,0,0,0.0,0.217041,0,1.0,0,237,0,0,0.5753,0.0,GREEN,46,Mumbai
CLM0023575,MUM_01942,Andheri,2016-08-19,15,0,0,0,0,0,0,0,0,0,0.0,0.101684,0,0.0,0,93,1,5,0.6416,0.0244,GREEN,40,Mumbai
CLM0023576,MUM_00648,Ghatkopar,2015-10-25,15,0,0,0,0,0,0,0,0,0,0.0,0.218234,0,0.0,0,404,4,2,0.4679,0.0,GREEN,59,Mumbai
CLM0023577,MUM_02891,Andheri,2025-08-03,12,0,0,0,0,0,0,0,0,0,0.0,0.027789,0,0.0,0,216,3,2,0.6039,0.0467,GREEN,56,Mumbai
CLM0023578,MUM_05930,Borivali,2021-05-06,7,0,0,0,0,0,0,0,0,0,0.0,0.134626,0,0.0,0,420,1,8,0.2216,0.0,GREEN,42,Mumbai
CLM0023579,MUM_03749,Andheri,2018-07-08,18,0,0,0,0,0,0,0,1,0,0.0,1.0,0,0.0,0,299,2,4,0.4107,0.0388,GREEN,53,Mumbai
CLM0023580,MUM_08471,Lower Parel,2020-10-31,18,0,0,0,0,0,0,0,0,0,0.0,0.187195,0,0.0,0,78,3,4,0.98,0.0,GREEN,45,Mumbai
CLM0023581,MUM_02208,Vashi,2024-06-02,7,0,0,0,1,0,1,0,1,0,0.0,0.124526,0,0.0,1,286,4,4,0.2465,0.4718,YELLOW,66,Mumbai
CLM0023582,MUM_00708,Ghatkopar,2015-07-21,7,0,1,1,0,0,0,1,0,0,0.0,0.360141,0,0.0,0,291,4,2,0.7216,0.1006,GREEN,36,Mumbai
CLM0023583,MUM_06902,Powai,2024-01-07,13,0,0,0,1,0,0,0,0,0,0.0,0.275734,1,0.0,0,408,4,0,0.2477,0.1517,GREEN,32,Mumbai
CLM0023584,MUM_03720,Thane,2021-09-13,21,0,0,0,0,0,0,1,0,0,1.0,1.0,0,1.0,0,64,1,1,0.492,0.1467,GREEN,58,Mumbai
CLM0023585,MUM_08731,Lower Parel,2023-04-14,10,0,0,0,0,0,0,0,0,0,0.0,0.328272,0,0.0,0,294,4,2,0.5051,0.0241,GREEN,36,Mumbai
CLM0023586,MUM_05760,Lower Parel,2024-03-23,21,0,0,0,0,0,0,0,0,0,0.0,0.203034,0,0.0,0,420,0,0,0.6118,0.0,GREEN,39,Mumbai
CLM0023587,MUM_00009,Dadar,2024-10-02,18,0,0,0,1,1,1,1,0,0,0.0,0.103767,1,0.0,0,24,3,10,0.9339,0.023,GREEN,43,Mumbai
CLM0023588,MUM_00849,Bandra,2017-08-23,11,0,0,0,0,0,0,1,0,0,0.0,0.429907,0,0.0,0,91,1,8,0.5747,0.1269,GREEN,21,Mumbai
CLM0023589,MUM_05088,Powai,2024-09-07,12,0,0,0,0,0,0,0,0,0,1.0,0.031216,0,0.0,0,271,4,3,0.4719,0.0051,GREEN,50,Mumbai
CLM0023590,MUM_04328,Powai,2022-10-02,13,0,0,0,0,1,0,0,0,0,1.0,0.235427,0,0.0,0,231,4,3,0.4666,0.117,GREEN,45,Mumbai
CLM0023591,MUM_08175,Andheri,2020-10-01,15,0,0,0,0,0,0,0,0,1,1.0,0.125698,0,1.0,0,420,1,2,0.98,0.1418,GREEN,40,Mumbai
CLM0023592,MUM_02171,Andheri,2025-12-21,18,0,0,0,0,0,0,0,0,0,0.0,0.057542,0,0.0,0,245,3,0,0.7651,0.0077,GREEN,35,Mumbai
CLM0023593,MUM_07003,Vashi,2020-11-12,16,1,0,0,0,0,0,1,0,0,0.0,0.177168,0,0.0,0,196,3,3,0.9238,0.1643,GREEN,41,Mumbai
CLM0023594,MUM_01320,Chembur,2023-11-07,9,0,0,0,0,0,0,0,0,0,0.0,1.0,0,0.0,0,415,2,3,0.7086,0.0118,GREEN,47,Mumbai
CLM0023595,MUM_05007,Powai,2017-11-14,7,0,0,0,0,0,0,0,0,0,0.0,0.0,0,0.0,0,140,4,6,0.6,0.1374,GREEN,38,Mumbai
CLM0023596,MUM_02840,Borivali,2025-08-03,10,0,1,1,0,0,0,0,0,0,0.0,0.124633,0,0.0,0,176,0,1,0.115,0.0197,GREEN,40,Mumbai
CLM0023597,MUM_08034,Lower Parel,2023-05-04,9,0,0,0,0,0,0,0,0,0,0.0,0.078715,0,0.0,0,6,4,6,0.05,0.0142,GREEN,55,Mumbai
CLM0023598,MUM_08173,Lower Parel,2024-12-12,13,0,0,0,0,0,0,0,0,0,0.0,0.148663,0,0.0,0,257,2,4,0.6315,0.0255,GREEN,60,Mumbai
CLM0023599,MUM_01927,Lower Parel,2024-07-31,17,0,0,0,0,0,0,0,0,0,0.0,0.0,0,1.0,0,340,4,4,0.05,0.0349,GREEN,54,Mumbai
CLM0023600,MUM_06302,Lower Parel,2024-04-22,19,0,0,0,0,0,0,0,0,0,0.0,0.942103,0,0.0,0,341,4,3,0.8077,0.0,GREEN,47,Mumbai
CLM0023601,MUM_09275,Lower Parel,2023-10-01,19,0,0,0,0,0,0,0,0,1,1.0,1.0,0,1.0,0,247,1,5,0.646,0.1248,GREEN,27,Mumbai
CLM0023602,MUM_00712,Powai,2020-10-05,18,0,0,0,0,0,1,1,0,0,0.0,0.231486,0,0.0,0,181,0,3,0.88,0.1926,GREEN,46,Mumbai
CLM0023603,MUM_04514,Thane,2025-03-16,19,0,0,0,1,1,0,1,1,1,1.0,0.975409,1,1.0,0,5,4,18,0.2233,0.133,GREEN,25,Mumbai
CLM0023604,MUM_02855,Lower Parel,2023-01-25,14,0,0,0,0,0,0,0,0,0,0.0,0.447608,0,0.0,0,411,4,2,0.7337,0.0,GREEN,52,Mumbai
CLM0023605,MUM_00590,Dadar,2025-10-06,7,0,0,0,0,1,0,0,0,0,0.0,0.0,0,0.0,0,279,1,3,0.6644,0.0753,GREEN,39,Mumbai
CLM0023606,MUM_09032,Lower Parel,2021-11-17,17,0,0,0,0,0,0,0,0,0,0.0,0.068703,0,0.0,0,316,3,4,0.3649,0.0016,GREEN,40,Mumbai
CLM0023607,MUM_09749,Andheri,2024-09-13,10,0,0,0,0,0,1,0,0,1,0.0,0.287792,0,0.0,0,296,0,1,0.5331,0.2084,GREEN,46,Mumbai
CLM0023608,MUM_01046,Powai,2024-03-10,20,0,0,0,1,0,0,1,0,0,1.0,0.242962,0,1.0,0,420,2,1,0.2262,0.369,YELLOW,52,Mumbai
CLM0023609,MUM_02827,Lower Parel,2022-08-16,14,0,0,0,0,0,0,0,0,0,0.0,0.351932,0,0.0,0,287,3,1,0.681,0.0,GREEN,18,Mumbai
CLM0023610,MUM_03101,Dadar,2025-04-25,14,0,0,0,0,0,0,0,0,0,0.0,0.274759,0,0.0,0,267,0,4,0.1791,0.0,GREEN,58,Mumbai
CLM0023611,MUM_06291,Bandra,2023-12-01,8,0,0,0,0,0,0,0,0,0,1.0,1.0,1,1.0,0,117,4,1,0.885,0.162,GREEN,48,Mumbai
CLM0023612,MUM_05631,Ghatkopar,2024-11-25,20,0,0,0,0,0,0,0,0,0,1.0,0.0738,0,0.0,1,348,4,5,0.7357,0.0939,GREEN,32,Mumbai
CLM0023613,MUM_01539,Vashi,2025-06-26,17,0,0,0,0,0,1,0,0,0,0.0,0.988575,0,0.0,1,51,0,6,0.8466,0.2665,GREEN,48,Mumbai
CLM0023614,MUM_00159,Bandra,2024-04-06,8,0,0,0,0,0,0,0,0,0,0.0,0.26702,0,0.0,0,41,3,0,0.1693,0.0,GREEN,46,Mumbai
CLM0023615,MUM_07526,Bandra,2025-04-24,11,0,0,0,0,0,0,0,0,0,0.0,0.174087,0,0.0,0,420,1,1,0.6751,0.0,GREEN,41,Mumbai
CLM0023616,MUM_02342,Lower Parel,2024-01-16,7,0,0,0,0,0,1,0,0,0,0.0,0.260715,0,0.0,0,283,4,1,0.8295,0.1136,GREEN,35,Mumbai
CLM0023617,MUM_09592,Bandra,2025-01-05,21,0,0,0,0,0,0,0,0,0,0.0,0.385498,0,0.0,0,420,2,4,0.9215,0.0016,GREEN,25,Mumbai
CLM0023618,MUM_02149,Dadar,2025-10-10,18,0,0,0,0,0,0,0,0,0,0.0,0.104653,0,0.0,0,30,0,4,0.6576,0.0,GREEN,36,Mumbai
CLM0023619,MUM_03846,Dadar,2025-06-25,16,0,0,0,0,0,0,0,0,0,1.0,0.178791,0,0.0,0,158,4,2,0.5501,0.0739,GREEN,46,Mumbai
CLM0023620,MUM_08705,Borivali,2024-03-02,16,0,0,0,0,0,0,0,0,0,0.0,0.397334,0,0.0,1,420,3,3,0.98,0.0592,GREEN,42,Mumbai
CLM0023621,MUM_00317,Powai,2025-12-25,19,0,0,0,0,0,0,0,0,0,0.0,0.447467,0,0.0,0,199,3,0,0.9697,0.0385,GREEN,26,Mumbai
CLM0023622,MUM_00765,Bandra,2022-01-30,19,0,0,0,0,0,0,0,0,0,0.0,0.32172,0,0.0,0,420,4,3,0.585,0.0,GREEN,49,Mumbai
CLM0023623,MUM_08624,Thane,2025-07-06,7,0,0,0,0,1,1,0,1,0,0.0,1.0,1,0.0,0,19,0,18,0.1575,0.0946,GREEN,34,Mumbai
CLM0023624,MUM_04116,Ghatkopar,2023-08-22,10,0,0,0,0,0,1,0,0,0,0.0,0.463899,0,0.0,0,166,0,5,0.715,0.0615,GREEN,55,Mumbai
CLM0023625,MUM_09295,Bandra,2022-03-28,9,0,0,0,0,0,0,0,0,0,0.0,0.276212,0,0.0,0,319,0,0,0.7294,0.0969,GREEN,50,Mumbai
CLM0023626,MUM_07747,Thane,2024-10-03,7,0,0,0,0,0,0,0,0,0,0.0,0.017668,0,0.0,0,390,3,2,0.826,0.0,GREEN,52,Mumbai
CLM0023627,MUM_03688,Andheri,2025-10-17,16,0,0,0,1,0,0,0,0,0,0.0,0.0,0,0.0,0,42,3,5,0.6421,0.1488,GREEN,44,Mumbai
CLM0023628,MUM_04330,Ghatkopar,2024-08-16,14,0,0,0,0,0,1,1,0,1,0.0,0.055381,1,0.0,0,9,0,18,0.8386,0.0844,GREEN,30,Mumbai
CLM0023629,MUM_03364,Dadar,2024-03-08,17,0,0,0,0,1,0,0,0,0,0.0,0.276897,0,0.0,0,23,3,4,0.6327,0.0983,GREEN,63,Mumbai
CLM0023630,MUM_06176,Dadar,2024-09-06,18,0,1,1,1,1,1,0,1,1,0.0,0.176605,1,0.0,0,22,3,18,0.9007,0.1369,GREEN,58,Mumbai
CLM0023631,MUM_04367,Andheri,2024-09-25,19,0,0,0,0,0,0,0,1,0,0.0,0.95518,0,0.0,0,367,2,5,0.5483,0.0898,GREEN,44,Mumbai
CLM0023632,MUM_02484,Ghatkopar,2025-10-02,17,0,0,0,0,0,1,0,0,0,0.0,0.200822,0,0.0,0,130,0,2,0.98,0.0794,GREEN,44,Mumbai
CLM0023633,MUM_04356,Ghatkopar,2024-09-23,20,0,0,0,0,0,0,0,0,0,0.0,0.287037,0,0.0,0,149,3,0,0.05,0.0,GREEN,53,Mumbai
CLM0023634,MUM_02103,Bandra,2025-07-08,13,0,0,0,0,0,0,0,1,0,0.0,0.0,0,1.0,0,420,3,2,0.8258,0.1702,GREEN,27,Mumbai
CLM0023635,MUM_04413,Dadar,2024-05-26,19,0,0,0,0,0,0,0,0,0,0.0,0.217323,0,0.0,0,271,4,5,0.8575,0.0183,GREEN,44,Mumbai
CLM0023636,MUM_06549,Andheri,2020-05-01,8,0,0,0,0,0,0,0,1,0,1.0,0.053374,1,0.0,0,212,4,4,0.9195,0.2396,GREEN,45,Mumbai
CLM0023637,MUM_02774,Chembur,2018-04-30,19,0,0,0,0,0,0,0,0,0,1.0,0.178251,0,0.0,0,406,4,2,0.7514,0.0136,GREEN,41,Mumbai
CLM0023638,MUM_07215,Borivali,2017-02-16,9,0,0,0,0,0,0,0,0,0,1.0,0.213849,0,0.0,0,227,3,3,0.1303,0.1066,GREEN,36,Mumbai
CLM0023639,MUM_00197,Lower Parel,2024-09-26,13,0,0,0,0,0,0,0,0,0,0.0,0.116528,0,0.0,1,420,0,5,0.5773,0.0,GREEN,44,Mumbai
CLM0023640,MUM_07992,Thane,2019-03-28,21,0,0,0,0,0,0,1,0,0,0.0,0.156262,0,0.0,0,45,2,0,0.6351,0.0366,GREEN,34,Mumbai
CLM0023641,MUM_03765,Andheri,2018-05-09,7,0,0,0,1,1,0,1,1,1,1.0,0.330951,0,1.0,0,5,2,18,0.2774,0.0403,GREEN,43,Mumbai
CLM0023642,MUM_04860,Lower Parel,2024-11-24,14,0,0,0,0,0,1,0,0,0,1.0,1.0,0,1.0,0,176,2,1,0.6779,0.0829,GREEN,45,Mumbai
CLM0023643,MUM_08173,Lower Parel,2023-02-26,13,0,0,0,0,0,0,0,1,0,0.0,0.145241,0,1.0,0,420,1,1,0.743,0.1307,GREEN,60,Mumbai
CLM0023644,MUM_05922,Lower Parel,2020-01-31,18,0,0,0,0,0,0,0,0,0,0.0,0.014087,0,0.0,0,5,0,4,0.5996,0.0,GREEN,40,Mumbai
CLM0023645,MUM_03735,Dadar,2022-05-26,15,0,0,0,0,0,0,0,0,0,0.0,1.0,0,0.0,0,395,4,0,0.689,0.0157,GREEN,44,Mumbai
CLM0023646,MUM_09326,Borivali,2018-04-21,10,0,0,0,0,0,0,0,0,0,0.0,0.07972,1,0.0,0,28,1,2,0.5208,0.127,GREEN,18,Mumbai
CLM0023647,MUM_06216,Andheri,2024-08-19,15,0,0,0,0,0,0,0,1,0,0.0,0.087962,0,0.0,0,336,4,2,0.5366,0.1934,GREEN,31,Mumbai
CLM0023648,MUM_06835,Lower Parel,2022-06-19,12,0,0,0,0,0,0,0,0,0,0.0,0.359643,0,0.0,0,288,1,6,0.6228,0.0,GREEN,51,Mumbai
CLM0023649,MUM_08342,Borivali,2021-10-01,19,0,0,0,0,0,0,0,0,0,0.0,0.295749,0,0.0,0,125,2,1,0.5952,0.0399,GREEN,42,Mumbai
CLM0023650,MUM_06473,Dadar,2025-12-21,20,0,0,0,0,0,0,0,0,0,0.0,0.10501,0,0.0,0,52,4,7,0.9245,0.0525,GREEN,32,Mumbai
CLM0023651,MUM_02897,Bandra,2024-07-29,20,0,0,0,0,0,0,0,0,0,0.0,0.333946,0,0.0,0,157,1,1,0.2252,0.0,GREEN,40,Mumbai
CLM0023652,MUM_05170,Lower Parel,2025-02-21,12,0,0,0,0,1,0,0,0,0,0.0,0.284761,0,0.0,0,276,2,0,0.8071,0.0641,GREEN,27,Mumbai
CLM0023653,MUM_01478,Ghatkopar,2021-05-30,18,0,0,0,0,0,1,0,0,0,0.0,0.150329,0,0.0,0,303,0,0,0.8008,0.1396,GREEN,54,Mumbai
CLM0023654,MUM_07646,Lower Parel,2024-01-03,20,0,0,0,0,0,0,0,1,0,0.0,0.496373,0,0.0,1,295,4,1,0.05,0.3041,GREEN,36,Mumbai
CLM0023655,MUM_00303,Borivali,2023-04-16,21,0,0,0,0,0,0,1,0,0,0.0,0.41601,0,0.0,0,349,3,2,0.7636,0.0616,GREEN,49,Mumbai
CLM0023656,MUM_02169,Dadar,2025-05-02,7,0,0,0,0,0,0,0,0,0,0.0,0.497786,0,0.0,0,420,3,4,0.5152,0.0892,GREEN,27,Mumbai
CLM0023657,MUM_09131,Borivali,2025-02-03,20,0,0,0,0,0,0,0,0,1,0.0,0.306352,0,0.0,0,420,4,7,0.7098,0.2234,GREEN,63,Mumbai
CLM0023658,MUM_00602,Andheri,2024-12-08,11,0,0,0,0,0,0,0,0,0,0.0,1.0,0,0.0,0,269,4,1,0.8521,0.0396,GREEN,20,Mumbai
CLM0023659,MUM_04266,Ghatkopar,2023-12-20,11,0,0,0,0,0,0,0,0,0,0.0,0.200697,0,0.0,0,420,4,0,0.9116,0.06,GREEN,53,Mumbai
CLM0023660,MUM_01512,Dadar,2023-11-02,11,0,1,1,0,0,0,0,0,0,0.0,0.357534,0,0.0,0,420,3,3,0.3907,0.0906,GREEN,55,Mumbai
CLM0023661,MUM_06105,Chembur,2025-08-22,12,0,0,0,0,0,0,0,0,0,0.0,0.0,0,0.0,0,144,0,3,0.2656,0.0,GREEN,59,Mumbai
CLM0023662,MUM_09000,Lower Parel,2019-12-07,8,0,0,0,0,0,0,0,0,0,0.0,0.100657,0,0.0,0,400,1,4,0.6029,0.0138,GREEN,44,Mumbai
CLM0023663,MUM_08462,Andheri,2017-04-03,16,0,0,0,0,0,1,0,0,0,0.0,0.0,0,0.0,0,294,4,5,0.775,0.0881,GREEN,18,Mumbai
CLM0023664,MUM_03144,Bandra,2021-04-21,20,0,0,0,0,0,0,0,0,0,0.0,1.0,0,0.0,0,420,1,6,0.7928,0.0,GREEN,34,Mumbai
CLM0023665,MUM_05572,Chembur,2019-04-06,17,0,0,0,0,0,0,0,0,0,0.0,0.05393,0,1.0,0,81,2,3,0.6346,0.0,GREEN,43,Mumbai
CLM0023666,MUM_00716,Powai,2016-05-26,7,0,0,0,0,0,0,0,0,0,0.0,0.40709,0,0.0,0,142,3,3,0.8937,0.0592,GREEN,55,Mumbai
CLM0023667,MUM_01575,Powai,2019-02-06,12,0,0,0,0,1,0,0,0,0,0.0,0.11529,0,0.0,0,167,1,0,0.7234,0.1435,GREEN,56,Mumbai
CLM0023668,MUM_04352,Lower Parel,2017-06-17,15,0,0,0,0,0,0,0,0,0,0.0,0.233759,0,0.0,0,238,0,0,0.98,0.0665,GREEN,57,Mumbai
CLM0023669,MUM_05887,Andheri,2017-06-04,8,0,0,0,0,0,0,0,0,0,0.0,0.18833,0,0.0,0,68,1,7,0.9314,0.0083,GREEN,27,Mumbai
CLM0023670,MUM_06767,Borivali,2024-08-07,14,0,1,1,0,0,0,0,1,0,0.0,0.916394,0,0.0,0,420,2,0,0.6655,0.0509,GREEN,43,Mumbai
CLM0023671,MUM_02999,Borivali,2023-08-17,10,0,0,0,0,0,0,1,0,0,0.0,0.307744,0,0.0,0,84,2,2,0.7882,0.0886,GREEN,49,Mumbai
CLM0023672,MUM_01506,Borivali,2024-12-18,15,0,0,0,0,1,1,0,1,0,1.0,0.976499,1,1.0,0,5,1,18,0.2448,0.0567,GREEN,37,Mumbai
CLM0023673,MUM_08749,Bandra,2023-02-18,10,0,0,0,0,1,0,1,1,1,1.0,0.373298,0,0.0,0,5,4,18,0.2688,0.0,GREEN,29,Mumbai
CLM0023674,MUM_04891,Lower Parel,2023-02-02,17,0,0,0,0,0,0,0,0,0,1.0,0.21492,0,0.0,0,327,0,3,0.8665,0.0723,GREEN,44,Mumbai
CLM0023675,MUM_01187,Lower Parel,2024-02-28,16,0,0,0,0,0,0,0,0,0,0.0,0.199692,0,0.0,0,265,4,3,0.5705,0.0,GREEN,49,Mumbai
CLM0023676,MUM_09127,Borivali,2024-02-15,10,0,0,0,0,0,0,0,0,0,0.0,0.219935,0,0.0,0,26,1,4,0.8315,0.0401,GREEN,48,Mumbai
CLM0023677,MUM_07558,Dadar,2024-01-25,9,0,1,1,0,0,0,0,0,0,0.0,0.361327,0,0.0,1,309,3,0,0.5397,0.0194,GREEN,30,Mumbai
CLM0023678,MUM_01552,Andheri,2023-04-11,19,0,0,0,0,0,0,0,0,0,0.0,0.312728,0,0.0,0,148,4,0,0.5382,0.0,GREEN,53,Mumbai
CLM0023679,MUM_09948,Powai,2023-03-20,9,0,0,0,0,0,0,0,0,0,0.0,0.060702,0,0.0,1,203,4,2,0.6268,0.1088,GREEN,52,Mumbai
CLM0023680,MUM_00803,Powai,2018-06-24,20,0,0,0,0,0,1,0,0,0,0.0,0.273307,0,0.0,0,84,2,1,0.9576,0.0704,GREEN,58,Mumbai
CLM0023681,MUM_00298,Thane,2019-01-27,12,0,0,0,0,0,0,0,0,0,0.0,0.306304,0,0.0,0,300,4,1,0.588,0.0055,GREEN,27,Mumbai
CLM0023682,MUM_03767,Borivali,2020-04-21,13,0,0,0,0,0,0,0,0,0,0.0,0.139297,0,0.0,0,300,0,2,0.2689,0.0282,GREEN,54,Mumbai
CLM0023683,MUM_09337,Vashi,2022-09-07,7,0,0,0,1,1,0,0,0,1,0.0,0.303387,0,0.0,0,134,4,2,0.7853,0.3946,YELLOW,41,Mumbai
CLM0023684,MUM_05620,Andheri,2024-11-26,15,0,0,0,0,0,0,0,0,0,1.0,1.0,0,0.0,0,60,0,3,0.7603,0.0888,GREEN,48,Mumbai
CLM0023685,MUM_00340,Bandra,2022-02-12,13,0,1,1,0,0,0,0,0,0,0.0,0.260781,0,0.0,0,275,3,2,0.98,0.0,GREEN,37,Mumbai
CLM0023686,MUM_09201,Thane,2025-11-25,7,0,1,1,1,1,0,0,0,1,1.0,1.0,1,1.0,1,20,0,14,0.4527,0.6547,RED,53,Mumbai
CLM0023687,MUM_00123,Dadar,2025-05-25,17,0,1,1,1,1,0,1,0,1,0.0,0.019357,1,0.0,1,5,2,18,0.8192,0.7836,RED,18,Mumbai
CLM0023688,MUM_08473,Lower Parel,2024-09-07,13,0,1,1,1,1,0,1,1,1,1.0,0.381918,0,1.0,0,10,0,18,0.2427,0.6563,RED,63,Mumbai
CLM0023689,MUM_05328,Ghatkopar,2023-11-25,8,0,1,1,1,1,1,1,1,1,1.0,0.021244,0,0.0,1,25,0,18,0.05,0.9117,RED,25,Mumbai
CLM0023690,MUM_08869,Andheri,2025-11-08,12,0,1,1,0,0,0,1,1,0,1.0,1.0,0,1.0,0,5,1,18,0.1302,0.2014,GREEN,51,Mumbai
CLM0023691,MUM_01924,Andheri,2025-06-03,16,0,1,1,0,1,0,1,1,0,1.0,1.0,1,1.0,1,46,2,18,0.2287,0.5683,YELLOW,50,Mumbai
CLM0023692,MUM_09348,Thane,2023-09-01,16,0,1,1,1,1,1,1,1,0,1.0,0.751818,0,1.0,0,5,1,18,0.0662,0.6279,RED,24,Mumbai
CLM0023693,MUM_06527,Chembur,2025-01-02,19,0,1,1,0,0,0,0,0,0,0.0,0.289203,0,0.0,0,420,2,2,0.98,0.4347,YELLOW,40,Mumbai
CLM0023694,MUM_03814,Powai,2021-12-16,17,0,0,0,0,0,0,0,0,0,0.0,0.306898,0,0.0,0,312,2,4,0.2166,0.0811,GREEN,18,Mumbai
CLM0023695,MUM_09213,Chembur,2024-08-23,8,0,0,0,0,0,0,0,0,0,0.0,0.0,0,0.0,0,273,2,4,0.8295,0.0,GREEN,53,Mumbai
CLM0023696,MUM_06129,Powai,2025-05-21,17,0,0,0,1,0,1,1,1,1,1.0,1.0,0,0.0,0,16,3,18,0.0648,0.2827,GREEN,31,Mumbai
CLM0023697,MUM_08012,Ghatkopar,2025-10-11,15,0,0,0,1,0,0,0,0,0,0.0,0.277281,0,0.0,0,288,0,2,0.9076,0.1642,GREEN,32,Mumbai
CLM0023698,MUM_04914,Dadar,2024-09-19,13,0,0,0,0,0,0,0,1,0,0.0,0.982115,0,0.0,0,420,3,0,0.9103,0.0504,GREEN,50,Mumbai
CLM0023699,MUM_02330,Andheri,2024-08-17,11,0,0,0,0,0,0,0,0,1,0.0,0.894102,0,0.0,0,34,0,2,0.9067,0.1251,GREEN,61,Mumbai
CLM0023700,MUM_09516,Borivali,2023-12-23,21,0,0,0,0,0,0,0,0,0,0.0,0.299913,0,0.0,0,55,1,2,0.0905,0.0,GREEN,28,Mumbai
CLM0023701,MUM_08856,Ghatkopar,2022-11-20,9,0,0,0,0,0,0,0,0,0,0.0,0.004107,0,0.0,0,45,4,1,0.7313,0.0154,GREEN,43,Mumbai
CLM0023702,MUM_07391,Andheri,2022-09-14,20,0,0,0,0,0,0,0,0,0,0.0,0.182594,0,0.0,0,248,3,2,0.059,0.0126,GREEN,42,Mumbai
CLM0023703,MUM_07950,Lower Parel,2023-10-25,8,0,0,0,0,0,0,0,0,0,0.0,0.009567,0,0.0,0,45,0,0,0.6312,0.0497,GREEN,46,Mumbai
CLM0023704,MUM_05313,Borivali,2021-11-15,8,0,0,0,0,0,0,0,0,0,0.0,0.004417,0,0.0,0,280,2,3,0.0604,0.0228,GREEN,50,Mumbai
CLM0023705,MUM_04052,Lower Parel,2019-03-09,10,0,0,0,0,0,0,0,0,0,0.0,0.081733,0,0.0,0,213,1,5,0.791,0.0,GREEN,54,Mumbai
CLM0023706,MUM_09725,Thane,2017-12-28,15,0,0,0,0,0,0,0,0,0,0.0,0.367782,0,0.0,0,223,1,4,0.5924,0.0863,GREEN,35,Mumbai
CLM0023707,MUM_04086,Thane,2024-06-23,8,0,0,0,0,0,0,0,0,1,1.0,1.0,0,0.0,0,39,0,3,0.8177,0.1297,GREEN,35,Mumbai
CLM0023708,MUM_00138,Thane,2018-03-21,21,0,0,0,0,0,0,0,0,0,0.0,0.201889,0,0.0,0,96,2,5,0.05,0.0029,GREEN,29,Mumbai
CLM0023709,MUM_07833,Dadar,2024-05-25,17,0,0,0,0,0,0,0,0,0,0.0,0.159541,0,0.0,1,98,3,1,0.6164,0.0026,GREEN,36,Mumbai
CLM0023710,MUM_05241,Thane,2019-10-02,11,0,0,0,0,0,1,0,0,0,0.0,0.214488,0,0.0,0,385,4,0,0.5703,0.014,GREEN,44,Mumbai
CLM0023711,MUM_03601,Chembur,2023-07-03,20,0,0,0,0,0,0,0,1,0,0.0,0.298746,0,0.0,0,351,1,5,0.7157,0.0936,GREEN,54,Mumbai
CLM0023712,MUM_07116,Vashi,2020-11-11,19,0,0,0,0,0,0,0,0,0,0.0,0.107819,0,0.0,0,33,1,3,0.05,0.0017,GREEN,41,Mumbai
CLM0023713,MUM_08488,Thane,2024-05-18,14,0,0,0,0,0,0,0,0,0,0.0,0.935015,0,0.0,0,420,1,3,0.5451,0.0443,GREEN,51,Mumbai
CLM0023714,MUM_04009,Vashi,2021-07-23,15,0,1,1,0,0,0,0,0,0,1.0,0.911628,0,1.0,0,267,1,1,0.6119,0.0,GREEN,47,Mumbai
CLM0023715,MUM_06266,Vashi,2019-08-21,16,0,0,0,0,0,0,0,0,0,0.0,0.192163,0,0.0,0,313,3,1,0.6475,0.0,GREEN,36,Mumbai
CLM0023716,MUM_05299,Powai,2025-03-03,18,0,0,0,0,0,1,0,0,0,0.0,0.446528,0,0.0,0,224,2,4,0.51,0.1849,GREEN,67,Mumbai
CLM0023717,MUM_01746,Dadar,2022-02-01,10,0,0,0,0,0,0,0,0,0,0.0,0.185502,0,0.0,0,286,2,6,0.1922,0.1115,GREEN,57,Mumbai
CLM0023718,MUM_02531,Dadar,2018-12-14,17,0,0,0,0,0,1,0,0,0,0.0,0.349445,0,0.0,0,149,2,2,0.1328,0.101,GREEN,50,Mumbai
CLM0023719,MUM_05052,Bandra,2019-08-04,12,0,0,0,0,0,0,0,1,0,0.0,0.243086,0,0.0,0,232,2,0,0.7315,0.0688,GREEN,35,Mumbai
CLM0023720,MUM_08182,Ghatkopar,2023-04-17,17,0,0,0,1,1,0,0,0,0,1.0,1.0,0,1.0,0,420,1,3,0.98,0.2779,GREEN,50,Mumbai
CLM0023721,MUM_08057,Lower Parel,2022-07-04,12,0,0,0,0,0,0,0,1,0,0.0,0.287507,0,0.0,0,103,3,0,0.732,0.0964,GREEN,50,Mumbai
CLM0023722,MUM_03694,Powai,2022-05-04,15,0,0,0,0,0,0,0,0,0,0.0,1.0,1,0.0,0,214,4,6,0.6387,0.1338,GREEN,52,Mumbai
CLM0023723,MUM_08658,Andheri,2017-03-05,14,0,0,0,0,0,0,0,0,0,0.0,0.323569,1,0.0,0,326,3,6,0.1868,0.0001,GREEN,25,Mumbai
CLM0023724,MUM_04055,Vashi,2023-07-13,11,0,1,1,0,0,0,0,0,0,0.0,0.130233,0,0.0,0,174,3,1,0.8106,0.0085,GREEN,19,Mumbai
CLM0023725,MUM_07044,Thane,2022-08-01,8,0,0,0,0,0,0,1,0,0,1.0,0.221919,0,0.0,0,354,1,3,0.2184,0.1058,GREEN,29,Mumbai
CLM0023726,MUM_01062,Borivali,2021-06-05,8,0,0,0,0,0,0,1,0,0,0.0,0.249751,0,0.0,0,8,4,0,0.4729,0.051,GREEN,30,Mumbai
CLM0023727,MUM_07133,Bandra,2025-01-22,13,0,0,0,1,0,0,0,1,1,1.0,1.0,1,1.0,0,5,2,18,0.1532,0.039,GREEN,21,Mumbai
CLM0023728,MUM_01624,Ghatkopar,2023-11-19,17,0,0,0,0,1,0,0,1,0,1.0,0.117671,0,0.0,0,352,2,5,0.5647,0.2576,GREEN,62,Mumbai
CLM0023729,MUM_09855,Lower Parel,2025-07-06,7,0,0,0,0,0,0,0,0,0,0.0,0.299437,0,0.0,0,130,0,4,0.5575,0.0188,GREEN,48,Mumbai
CLM0023730,MUM_04439,Andheri,2023-06-09,16,0,1,1,0,0,0,0,0,0,0.0,0.069848,0,0.0,0,5,0,3,0.9251,0.0,GREEN,42,Mumbai
CLM0023731,MUM_05920,Andheri,2022-12-22,17,0,0,0,0,0,0,0,0,1,0.0,0.02852,0,0.0,0,415,1,3,0.05,0.111,GREEN,39,Mumbai
CLM0023732,MUM_01892,Lower Parel,2024-10-18,7,0,0,0,0,0,0,0,1,0,0.0,0.386798,0,0.0,0,220,4,0,0.58,0.0596,GREEN,23,Mumbai
CLM0023733,MUM_06247,Ghatkopar,2025-08-26,17,0,0,0,0,0,1,0,0,1,0.0,0.049693,0,0.0,0,258,3,1,0.6308,0.3208,YELLOW,55,Mumbai
CLM0023734,MUM_09616,Bandra,2024-04-13,9,0,0,0,0,0,0,0,1,0,0.0,0.231603,0,0.0,0,397,0,1,0.7565,0.0958,GREEN,30,Mumbai
CLM0023735,MUM_03322,Vashi,2018-03-20,9,0,0,0,0,0,0,0,0,1,0.0,0.149517,0,1.0,0,200,4,3,0.6323,0.0869,GREEN,48,Mumbai
CLM0023736,MUM_03842,Powai,2024-03-13,19,0,0,0,0,0,0,0,0,0,0.0,0.500603,0,0.0,1,197,3,0,0.05,0.0254,GREEN,52,Mumbai
CLM0023737,MUM_05217,Andheri,2019-05-29,11,0,0,0,0,0,0,1,1,0,0.0,0.257373,0,1.0,0,99,1,0,0.5932,0.1161,GREEN,54,Mumbai
CLM0023738,MUM_05740,Lower Parel,2019-08-13,16,0,0,0,0,0,1,0,0,0,0.0,0.152319,0,0.0,0,245,0,3,0.7389,0.2098,GREEN,44,Mumbai
CLM0023739,MUM_09325,Thane,2022-10-21,10,0,0,0,0,0,0,0,0,0,0.0,0.37866,0,0.0,0,323,1,1,0.1067,0.0,GREEN,23,Mumbai
CLM0023740,MUM_03193,Ghatkopar,2023-05-14,21,0,0,0,0,0,0,1,0,0,0.0,0.157654,0,0.0,0,190,1,3,0.1051,0.0711,GREEN,46,Mumbai
CLM0023741,MUM_01931,Vashi,2020-03-18,8,0,0,0,0,0,0,0,0,0,0.0,0.194489,1,0.0,0,181,3,0,0.8869,0.0167,GREEN,46,Mumbai
CLM0023742,MUM_02782,Chembur,2025-01-16,8,0,0,0,0,0,0,0,0,0,0.0,0.298464,0,0.0,0,175,3,2,0.7529,0.0,GREEN,32,Mumbai
CLM0023743,MUM_08732,Borivali,2021-10-11,18,0,0,0,0,0,0,0,0,0,0.0,0.302873,0,0.0,0,420,2,1,0.7147,0.0043,GREEN,34,Mumbai
CLM0023744,MUM_06385,Powai,2017-10-10,19,0,0,0,0,0,0,0,0,0,1.0,1.0,0,0.0,0,420,0,0,0.7509,0.075,GREEN,29,Mumbai
CLM0023745,MUM_08581,Lower Parel,2024-11-09,21,0,0,0,0,0,0,0,0,0,0.0,0.41882,0,0.0,0,218,0,1,0.6924,0.0337,GREEN,32,Mumbai
CLM0023746,MUM_09079,Dadar,2022-06-27,14,0,0,0,0,0,0,0,0,0,0.0,0.144652,0,0.0,0,5,0,3,0.8988,0.1077,GREEN,37,Mumbai
CLM0023747,MUM_06874,Dadar,2025-04-20,17,0,0,0,0,0,1,0,0,0,0.0,0.30747,0,0.0,0,246,0,1,0.3184,0.0805,GREEN,33,Mumbai
CLM0023748,MUM_02592,Lower Parel,2018-04-25,8,0,0,0,0,0,0,1,0,0,0.0,0.950247,0,0.0,0,329,1,1,0.7276,0.0922,GREEN,41,Mumbai
CLM0023749,MUM_09026,Andheri,2017-04-16,20,0,0,0,1,0,1,0,1,1,1.0,0.020293,0,0.0,1,5,0,18,0.1843,0.0,GREEN,42,Mumbai
CLM0023750,MUM_03515,Powai,2022-01-13,9,0,0,0,0,0,1,0,0,0,0.0,0.23879,0,0.0,0,135,0,6,0.6914,0.0929,GREEN,37,Mumbai
CLM0023751,MUM_05735,Chembur,2023-11-29,11,0,0,0,0,0,0,0,0,0,0.0,0.134936,0,0.0,0,250,3,4,0.8755,0.0,GREEN,39,Mumbai
CLM0023752,MUM_09896,Bandra,2024-01-24,12,0,0,0,0,0,0,0,0,0,0.0,0.127507,0,1.0,0,420,2,5,0.5015,0.07,GREEN,42,Mumbai
CLM0023753,MUM_00259,Vashi,2022-09-06,15,0,0,0,0,0,0,0,0,0,0.0,0.207933,0,0.0,0,56,2,0,0.7029,0.0676,GREEN,52,Mumbai
CLM0023754,MUM_04315,Chembur,2025-02-13,15,0,0,0,0,1,0,0,1,0,0.0,0.131168,0,0.0,0,82,4,0,0.7036,0.09,GREEN,32,Mumbai
CLM0023755,MUM_07575,Borivali,2024-11-19,16,0,0,0,0,0,0,0,0,0,0.0,0.0,0,0.0,0,420,2,1,0.6382,0.0,GREEN,43,Mumbai
CLM0023756,MUM_06942,Vashi,2022-10-27,14,0,0,0,1,0,0,0,0,0,0.0,0.0,0,0.0,0,44,1,3,0.7065,0.1357,GREEN,30,Mumbai
CLM0023757,MUM_00617,Bandra,2023-12-11,16,1,0,0,0,0,0,0,0,0,0.0,0.097495,0,0.0,0,52,3,0,0.9673,0.0364,GREEN,21,Mumbai
CLM0023758,MUM_09808,Thane,2022-10-21,14,0,0,0,0,0,1,0,0,0,0.0,0.126118,0,0.0,0,237,2,0,0.5806,0.0684,GREEN,46,Mumbai
CLM0023759,MUM_06866,Andheri,2025-06-16,12,0,0,0,0,0,0,0,0,0,0.0,0.150048,0,0.0,0,328,2,4,0.2344,0.0083,GREEN,60,Mumbai
CLM0023760,MUM_00743,Powai,2022-05-29,10,0,0,0,0,1,0,0,0,0,0.0,0.315803,0,0.0,0,246,4,5,0.7308,0.1681,GREEN,30,Mumbai
CLM0023761,MUM_02146,Chembur,2021-09-17,19,0,0,0,0,0,0,0,0,0,0.0,0.039069,0,0.0,1,132,2,0,0.98,0.1093,GREEN,49,Mumbai
CLM0023762,MUM_00298,Thane,2020-02-03,19,0,0,0,0,0,0,0,0,0,0.0,0.186939,0,0.0,0,203,2,0,0.2327,0.0395,GREEN,27,Mumbai
CLM0023763,MUM_01102,Powai,2019-09-02,18,0,0,0,0,0,0,0,0,0,0.0,0.380891,0,0.0,1,55,2,2,0.9343,0.1693,GREEN,30,Mumbai
CLM0023764,MUM_09385,Dadar,2024-06-27,9,0,0,0,0,0,0,0,0,0,1.0,0.189602,0,0.0,0,79,1,0,0.6515,0.1273,GREEN,45,Mumbai
CLM0023765,MUM_03227,Vashi,2025-03-18,12,0,0,0,0,0,0,0,1,0,0.0,0.415133,0,0.0,0,106,3,6,0.1534,0.0331,GREEN,36,Mumbai
CLM0023766,MUM_08872,Lower Parel,2022-01-08,10,0,0,0,1,0,0,0,1,0,0.0,0.082518,0,0.0,1,203,2,2,0.9139,0.3233,YELLOW,45,Mumbai
CLM0023767,MUM_01647,Vashi,2018-08-13,7,0,0,0,0,0,0,0,0,0,0.0,0.235917,0,0.0,0,169,1,2,0.05,0.0234,GREEN,38,Mumbai
CLM0023768,MUM_00099,Chembur,2018-11-10,11,0,0,0,0,0,0,0,0,0,0.0,0.412703,0,0.0,0,322,0,2,0.98,0.026,GREEN,43,Mumbai
CLM0023769,MUM_09149,Dadar,2020-11-01,9,0,0,0,0,0,0,1,0,0,0.0,0.298161,0,1.0,0,203,1,1,0.8127,0.03,GREEN,38,Mumbai
CLM0023770,MUM_08389,Andheri,2022-04-06,9,0,0,0,0,0,0,0,0,0,0.0,1.0,0,0.0,0,216,2,6,0.98,0.0632,GREEN,57,Mumbai
CLM0023771,MUM_05279,Lower Parel,2022-03-31,18,0,0,0,1,1,0,1,1,1,1.0,0.944815,0,0.0,0,5,3,13,0.1212,0.1283,GREEN,51,Mumbai
CLM0023772,MUM_06603,Bandra,2017-06-18,12,0,0,0,0,0,0,0,0,0,0.0,0.127698,0,0.0,0,116,0,1,0.623,0.0331,GREEN,32,Mumbai
CLM0023773,MUM_09953,Bandra,2024-02-22,9,0,0,0,0,0,0,0,0,0,0.0,0.289354,0,0.0,0,108,0,0,0.05,0.0369,GREEN,31,Mumbai
CLM0023774,MUM_09116,Ghatkopar,2022-11-25,9,0,0,0,0,0,0,0,0,0,0.0,0.106445,0,0.0,0,420,0,3,0.5306,0.0,GREEN,25,Mumbai
CLM0023775,MUM_04130,Borivali,2022-11-14,17,0,0,0,0,0,0,0,0,0,0.0,0.146477,0,0.0,0,374,2,1,0.6432,0.0,GREEN,40,Mumbai
CLM0023776,MUM_04889,Dadar,2023-04-23,7,0,0,0,0,0,0,0,1,0,0.0,0.184503,0,0.0,0,239,3,6,0.6383,0.0773,GREEN,58,Mumbai
CLM0023777,MUM_01958,Lower Parel,2020-02-23,9,0,0,0,0,1,1,0,0,0,1.0,0.080201,0,0.0,0,231,0,2,0.5341,0.2211,GREEN,32,Mumbai
CLM0023778,MUM_03416,Dadar,2017-12-14,11,0,0,0,0,0,0,0,0,0,1.0,0.174768,0,0.0,0,420,1,0,0.6294,0.0491,GREEN,45,Mumbai
CLM0023779,MUM_09511,Andheri,2019-07-01,16,0,0,0,0,0,0,0,1,0,0.0,0.177749,0,0.0,0,293,2,0,0.7557,0.0121,GREEN,50,Mumbai
CLM0023780,MUM_08818,Vashi,2023-12-27,8,0,0,0,0,0,0,0,0,0,0.0,0.159508,0,0.0,0,298,0,3,0.8269,0.1035,GREEN,51,Mumbai
CLM0023781,MUM_05540,Lower Parel,2023-04-01,13,0,0,0,0,0,0,0,1,0,0.0,1.0,0,0.0,0,264,4,0,0.4872,0.1434,GREEN,42,Mumbai
CLM0023782,MUM_09455,Vashi,2025-08-10,13,0,0,0,0,0,1,0,0,0,0.0,0.155828,0,0.0,0,340,3,0,0.883,0.0644,GREEN,30,Mumbai
CLM0023783,MUM_00924,Powai,2025-11-30,16,0,0,0,0,0,0,0,0,0,0.0,0.178508,0,0.0,0,129,2,4,0.8737,0.0,GREEN,55,Mumbai
CLM0023784,MUM_04625,Lower Parel,2025-11-18,16,0,0,0,0,0,1,0,0,0,0.0,0.011003,1,0.0,0,140,2,1,0.6308,0.2213,GREEN,44,Mumbai
CLM0023785,MUM_07806,Ghatkopar,2025-02-16,13,0,0,0,0,0,0,0,0,1,0.0,0.303737,0,0.0,0,276,3,7,0.05,0.1425,GREEN,39,Mumbai
CLM0023786,MUM_05683,Andheri,2025-09-24,19,0,0,0,0,0,0,0,0,1,0.0,0.225283,0,0.0,0,420,2,3,0.05,0.159,GREEN,50,Mumbai
CLM0023787,MUM_04536,Chembur,2025-07-16,19,0,1,1,0,0,0,0,0,0,0.0,0.225569,0,0.0,0,420,3,2,0.8885,0.0426,GREEN,23,Mumbai
CLM0023788,MUM_09278,Lower Parel,2025-07-16,9,0,0,0,0,0,0,0,0,0,0.0,0.022532,0,0.0,0,420,4,2,0.5656,0.0636,GREEN,26,Mumbai
CLM0023789,MUM_04763,Dadar,2022-05-09,19,0,0,0,0,0,1,0,0,0,0.0,0.955535,0,0.0,0,183,2,4,0.8274,0.0784,GREEN,34,Mumbai
CLM0023790,MUM_03201,Vashi,2023-11-19,21,0,0,0,0,0,0,0,0,0,0.0,0.270489,0,0.0,0,104,0,0,0.4811,0.0429,GREEN,52,Mumbai
CLM0023791,MUM_05486,Vashi,2021-05-03,20,0,0,0,1,0,0,0,1,0,0.0,0.315656,0,0.0,0,62,2,2,0.0719,0.1949,GREEN,55,Mumbai
CLM0023792,MUM_05362,Andheri,2022-01-06,15,0,0,0,0,0,0,0,0,0,0.0,0.086041,0,0.0,0,189,2,6,0.98,0.0106,GREEN,56,Mumbai
CLM0023793,MUM_07802,Lower Parel,2024-01-23,21,0,0,0,0,0,1,0,0,0,0.0,0.10622,0,0.0,0,177,2,0,0.7159,0.1202,GREEN,39,Mumbai
CLM0023794,MUM_03817,Borivali,2021-04-11,14,0,1,1,0,0,0,0,0,0,0.0,0.092819,0,0.0,0,122,1,3,0.7738,0.0,GREEN,30,Mumbai
CLM0023795,MUM_07810,Lower Parel,2023-09-23,18,0,0,0,0,0,0,0,0,0,0.0,0.288071,0,0.0,0,287,0,0,0.98,0.0,GREEN,55,Mumbai
CLM0023796,MUM_06598,Bandra,2023-05-19,15,0,0,0,0,0,0,0,0,0,0.0,0.040628,0,0.0,0,306,3,4,0.7775,0.0666,GREEN,46,Mumbai
CLM0023797,MUM_00528,Bandra,2024-05-02,11,0,0,0,0,0,0,0,0,0,0.0,0.446493,0,0.0,1,294,1,5,0.7358,0.102,GREEN,18,Mumbai
CLM0023798,MUM_09506,Thane,2023-06-25,15,0,0,0,0,0,0,0,1,0,0.0,0.013054,0,0.0,0,169,4,0,0.6819,0.1458,GREEN,50,Mumbai
CLM0023799,MUM_07187,Dadar,2024-04-03,10,0,0,0,0,0,0,0,0,0,1.0,0.402971,0,0.0,1,75,2,0,0.1913,0.1627,GREEN,40,Mumbai
CLM0023800,MUM_00418,Ghatkopar,2023-10-23,17,0,0,0,0,1,0,0,0,0,0.0,0.026284,0,0.0,0,420,0,4,0.8872,0.1307,GREEN,30,Mumbai
CLM0023801,MUM_06388,Bandra,2024-09-22,13,0,0,0,0,0,0,0,0,0,0.0,0.156687,0,0.0,0,125,0,3,0.7699,0.0,GREEN,39,Mumbai
CLM0023802,MUM_05813,Lower Parel,2023-06-23,18,0,0,0,1,1,0,1,1,0,1.0,0.968671,0,1.0,1,17,1,8,0.9297,0.0452,GREEN,31,Mumbai
CLM0023803,MUM_01816,Thane,2024-01-11,14,0,1,1,0,0,0,0,0,0,1.0,1.0,0,1.0,0,319,3,0,0.9569,0.0198,GREEN,35,Mumbai
CLM0023804,MUM_01855,Bandra,2024-02-10,7,0,0,0,0,0,0,0,0,0,0.0,0.40639,0,0.0,0,223,4,2,0.8138,0.0073,GREEN,41,Mumbai
CLM0023805,MUM_00072,Bandra,2025-08-31,20,0,0,0,0,0,0,0,0,1,0.0,0.139115,0,0.0,0,374,1,0,0.5248,0.1186,GREEN,41,Mumbai
CLM0023806,MUM_00123,Dadar,2025-11-16,8,0,0,0,0,0,1,0,0,0,0.0,0.120837,0,0.0,0,336,2,1,0.7581,0.1151,GREEN,18,Mumbai
CLM0023807,MUM_02268,Dadar,2024-12-23,21,0,0,0,0,0,0,0,0,1,0.0,0.342036,0,0.0,0,233,2,4,0.98,0.1239,GREEN,44,Mumbai
CLM0023808,MUM_08409,Vashi,2024-02-03,15,0,0,0,1,0,0,0,0,0,0.0,0.066015,1,0.0,0,359,4,3,0.1881,0.2344,GREEN,44,Mumbai
CLM0023809,MUM_05934,Thane,2025-10-28,19,0,0,0,1,0,0,0,0,0,0.0,0.0,0,0.0,0,262,0,1,0.6382,0.1799,GREEN,44,Mumbai
CLM0023810,MUM_07373,Borivali,2020-01-01,7,0,0,0,1,0,0,0,0,0,1.0,0.954081,0,1.0,0,365,4,6,0.8272,0.1374,GREEN,58,Mumbai
CLM0023811,MUM_09608,Andheri,2019-03-07,12,0,0,0,0,0,0,0,1,0,0.0,0.191375,0,0.0,0,214,0,0,0.7591,0.0747,GREEN,48,Mumbai
CLM0023812,MUM_00516,Borivali,2020-08-20,17,0,0,0,0,0,1,0,0,0,0.0,0.399672,0,0.0,0,57,1,0,0.3524,0.1373,GREEN,35,Mumbai
CLM0023813,MUM_05766,Ghatkopar,2024-12-24,13,0,0,0,0,0,0,0,0,0,0.0,0.0,0,0.0,0,26,4,0,0.6623,0.0,GREEN,20,Mumbai
CLM0023814,MUM_04038,Ghatkopar,2023-08-31,9,0,0,0,0,0,0,0,1,0,0.0,0.391904,0,0.0,0,59,0,4,0.648,0.1666,GREEN,48,Mumbai
CLM0023815,MUM_08389,Andheri,2017-12-10,16,0,0,0,0,0,0,1,0,0,0.0,0.03667,0,0.0,0,380,1,1,0.2606,0.0903,GREEN,57,Mumbai
CLM0023816,MUM_02788,Chembur,2022-09-06,20,0,0,0,1,0,0,0,0,0,0.0,0.121863,0,1.0,0,82,3,2,0.8228,0.1464,GREEN,29,Mumbai
CLM0023817,MUM_09873,Borivali,2023-11-28,9,0,0,0,0,0,0,0,0,0,1.0,0.337968,0,0.0,1,203,4,4,0.5656,0.1721,GREEN,66,Mumbai
CLM0023818,MUM_00608,Powai,2025-10-21,19,0,0,0,0,0,0,0,0,0,0.0,1.0,0,0.0,1,78,2,2,0.7868,0.0,GREEN,24,Mumbai
CLM0023819,MUM_04413,Dadar,2024-01-25,15,0,0,0,0,0,0,0,0,0,0.0,0.171065,0,0.0,0,377,3,4,0.8016,0.0604,GREEN,44,Mumbai
CLM0023820,MUM_08819,Borivali,2023-02-25,20,0,0,0,0,0,1,0,0,0,0.0,0.002109,0,0.0,0,25,2,5,0.2686,0.0845,GREEN,46,Mumbai
CLM0023821,MUM_08450,Bandra,2019-08-05,15,0,1,1,0,1,0,1,0,0,0.0,0.074208,0,0.0,0,286,0,0,0.6677,0.2706,GREEN,34,Mumbai
CLM0023822,MUM_06726,Thane,2025-08-23,19,0,0,0,0,0,0,0,0,0,1.0,0.933721,0,1.0,0,420,3,0,0.0909,0.0373,GREEN,40,Mumbai
CLM0023823,MUM_03526,Dadar,2025-10-27,18,0,0,0,1,0,0,1,1,1,0.0,0.155549,0,0.0,1,5,4,18,0.98,0.0,GREEN,50,Mumbai
CLM0023824,MUM_02433,Borivali,2022-12-18,19,0,0,0,0,0,0,0,0,0,0.0,0.22975,0,0.0,0,420,3,5,0.4629,0.0,GREEN,47,Mumbai
CLM0023825,MUM_02164,Andheri,2023-03-06,8,0,0,0,0,0,0,0,1,0,0.0,0.000356,0,0.0,0,319,0,0,0.9262,0.0445,GREEN,41,Mumbai
CLM0023826,MUM_07794,Lower Parel,2024-02-18,13,0,0,0,0,0,0,0,0,0,0.0,0.945521,0,0.0,0,335,1,2,0.5247,0.0639,GREEN,50,Mumbai
CLM0023827,MUM_04161,Vashi,2024-03-30,14,0,0,0,0,0,1,0,0,1,0.0,0.0672,0,0.0,0,290,0,1,0.8719,0.2251,GREEN,44,Mumbai
CLM0023828,MUM_01770,Ghatkopar,2020-08-16,7,0,0,0,0,0,0,0,0,0,0.0,0.298943,0,0.0,0,129,3,1,0.8513,0.0,GREEN,42,Mumbai
CLM0023829,MUM_04379,Bandra,2022-05-28,8,0,0,0,0,0,0,0,0,0,0.0,0.302179,0,0.0,0,420,2,7,0.7988,0.0607,GREEN,51,Mumbai
CLM0023830,MUM_05277,Bandra,2024-06-17,7,0,0,0,0,0,0,0,0,0,0.0,0.097729,0,0.0,0,380,4,0,0.8047,0.0,GREEN,30,Mumbai
CLM0023831,MUM_00326,Vashi,2022-12-09,20,0,0,0,0,0,0,0,0,0,0.0,0.233836,1,0.0,0,380,4,4,0.79,0.094,GREEN,48,Mumbai
CLM0023832,MUM_02993,Andheri,2017-12-29,7,0,0,0,0,1,0,0,0,0,0.0,0.213283,0,1.0,0,239,4,1,0.6243,0.0987,GREEN,60,Mumbai
CLM0023833,MUM_06524,Bandra,2024-12-24,15,0,0,0,0,0,1,0,0,0,1.0,0.246877,0,0.0,0,166,3,0,0.6937,0.1189,GREEN,39,Mumbai
CLM0023834,MUM_00480,Chembur,2015-05-21,16,0,0,0,0,0,1,1,0,0,0.0,0.368593,0,0.0,0,139,2,3,0.6292,0.2128,GREEN,31,Mumbai
CLM0023835,MUM_05952,Lower Parel,2022-12-11,8,0,0,0,0,0,0,0,0,0,0.0,0.1541,0,0.0,0,98,0,5,0.7803,0.0,GREEN,41,Mumbai
CLM0023836,MUM_08631,Bandra,2022-12-25,12,0,1,1,0,0,0,0,1,0,1.0,0.0,0,0.0,0,420,0,5,0.6568,0.0443,GREEN,42,Mumbai
CLM0023837,MUM_01049,Dadar,2023-07-10,13,0,0,0,0,0,0,0,0,0,0.0,0.06629,0,0.0,0,420,0,2,0.7241,0.0,GREEN,46,Mumbai
CLM0023838,MUM_04303,Dadar,2021-08-06,19,0,0,0,0,0,0,0,0,0,0.0,0.175981,0,0.0,0,420,2,2,0.9441,0.0583,GREEN,38,Mumbai
CLM0023839,MUM_08783,Vashi,2022-05-29,8,0,0,0,0,0,1,0,0,0,0.0,0.119825,0,0.0,0,405,4,2,0.1378,0.154,GREEN,45,Mumbai
CLM0023840,MUM_05983,Ghatkopar,2022-10-19,8,0,0,0,0,0,0,0,0,0,0.0,0.263592,0,0.0,0,274,2,0,0.8967,0.0072,GREEN,41,Mumbai
CLM0023841,MUM_06282,Powai,2021-01-29,17,0,1,1,1,1,1,0,1,0,0.0,0.093535,1,0.0,0,5,4,18,0.8635,0.0726,GREEN,29,Mumbai
CLM0023842,MUM_08234,Lower Parel,2024-05-14,15,0,0,0,0,0,0,0,0,0,0.0,0.002854,0,0.0,0,342,1,6,0.7794,0.0,GREEN,38,Mumbai
CLM0023843,MUM_00966,Dadar,2019-03-20,20,0,0,0,0,0,0,0,0,0,0.0,0.108298,0,0.0,0,294,1,1,0.05,0.0,GREEN,34,Mumbai
CLM0023844,MUM_04443,Powai,2018-07-23,12,0,0,0,1,1,0,1,1,0,0.0,0.957089,1,0.0,1,39,4,18,0.1907,0.1942,GREEN,53,Mumbai
CLM0023845,MUM_03442,Lower Parel,2019-11-28,10,0,0,0,0,0,0,0,0,0,0.0,0.26863,1,0.0,0,222,1,0,0.624,0.0851,GREEN,48,Mumbai
CLM0023846,MUM_05294,Chembur,2018-11-23,12,0,0,0,0,0,0,0,0,0,0.0,0.236125,0,0.0,0,190,0,3,0.8193,0.0224,GREEN,40,Mumbai
CLM0023847,MUM_06841,Andheri,2025-10-21,20,0,0,0,0,0,0,0,0,0,0.0,0.265963,0,0.0,0,55,0,3,0.5844,0.0,GREEN,57,Mumbai
CLM0023848,MUM_09716,Andheri,2025-01-12,19,0,0,0,0,0,0,0,0,0,1.0,0.261996,0,0.0,0,207,4,0,0.8968,0.0,GREEN,49,Mumbai
CLM0023849,MUM_08732,Borivali,2025-06-25,9,0,0,0,0,0,0,0,0,0,0.0,0.345606,0,0.0,0,125,0,0,0.8356,0.0315,GREEN,34,Mumbai
CLM0023850,MUM_08679,Borivali,2025-05-11,10,0,0,0,0,0,0,0,0,0,0.0,0.147144,0,0.0,0,308,1,5,0.9384,0.0333,GREEN,60,Mumbai
CLM0023851,MUM_01699,Dadar,2016-09-15,8,0,1,1,0,1,0,1,1,0,0.0,0.183978,0,0.0,1,23,2,18,0.98,0.3117,YELLOW,52,Mumbai
CLM0023852,MUM_03599,Vashi,2022-06-11,11,0,1,1,0,0,0,0,0,0,0.0,0.121987,0,1.0,0,366,2,4,0.9386,0.6959,RED,39,Mumbai
CLM0023853,MUM_08070,Bandra,2024-10-20,13,0,1,1,1,1,0,1,1,1,1.0,0.942643,0,0.0,0,5,2,13,0.1924,0.6785,RED,35,Mumbai
CLM0023854,MUM_08723,Vashi,2025-08-23,10,0,1,1,0,0,0,1,1,0,0.0,0.093266,0,0.0,1,11,0,18,0.899,0.4047,YELLOW,61,Mumbai
CLM0023855,MUM_02329,Borivali,2020-01-05,20,0,1,1,0,1,0,1,1,0,1.0,0.091812,0,1.0,1,11,2,18,0.3722,0.37,YELLOW,43,Mumbai
CLM0023856,MUM_01517,Ghatkopar,2025-04-13,12,0,1,1,1,1,1,1,1,0,0.0,0.922357,1,1.0,1,19,1,18,0.4539,0.7156,RED,61,Mumbai
CLM0023857,MUM_07051,Vashi,2023-11-30,9,0,1,1,1,0,0,1,1,1,0.0,1.0,0,0.0,1,23,0,18,0.2872,0.6264,RED,71,Mumbai
CLM0023858,MUM_03574,Andheri,2023-01-25,7,0,1,1,1,0,0,0,0,1,1.0,0.0,0,0.0,0,5,0,17,0.05,0.4012,YELLOW,51,Mumbai
CLM0023859,MUM_09334,Powai,2018-10-13,20,0,1,1,1,1,1,1,1,0,1.0,0.128089,1,0.0,0,11,0,18,0.1663,0.6985,RED,30,Mumbai
CLM0023860,MUM_05234,Dadar,2025-02-15,19,0,1,1,0,0,0,1,0,1,0.0,0.10124,0,0.0,0,5,1,18,0.9248,0.2301,GREEN,54,Mumbai
CLM0023861,MUM_06482,Andheri,2019-07-06,16,0,1,1,1,0,0,0,1,1,1.0,1.0,0,0.0,0,5,2,18,0.1106,0.6899,RED,54,Mumbai
CLM0023862,MUM_09053,Andheri,2025-12-04,8,0,0,0,0,0,0,1,1,0,0.0,0.394349,0,0.0,0,400,0,3,0.9539,0.2306,GREEN,40,Mumbai
CLM0023863,MUM_01865,Chembur,2024-10-10,19,0,0,0,0,0,1,0,0,0,0.0,0.410944,0,0.0,0,314,2,3,0.8666,0.2282,GREEN,53,Mumbai
CLM0023864,MUM_05502,Bandra,2025-05-01,17,0,0,0,0,0,0,0,0,0,0.0,0.181284,0,0.0,1,139,1,6,0.7668,0.0,GREEN,54,Mumbai
CLM0023865,MUM_05002,Andheri,2025-11-22,21,0,0,0,0,0,0,0,0,0,0.0,0.070758,0,0.0,0,254,2,0,0.5145,0.0069,GREEN,41,Mumbai
CLM0023866,MUM_03815,Thane,2024-06-13,13,0,0,0,0,0,0,0,0,0,0.0,0.259299,0,0.0,0,59,2,0,0.5326,0.0076,GREEN,31,Mumbai
CLM0023867,MUM_01907,Powai,2024-03-22,21,0,0,0,0,0,1,0,0,0,0.0,0.204287,0,0.0,0,125,0,1,0.5146,0.0931,GREEN,42,Mumbai
CLM0023868,MUM_00647,Bandra,2024-02-22,7,0,0,0,0,0,0,0,1,0,0.0,0.428493,0,0.0,0,49,1,2,0.6898,0.0996,GREEN,44,Mumbai
CLM0023869,MUM_01242,Thane,2019-02-28,17,0,0,0,0,0,0,0,0,0,0.0,1.0,0,0.0,0,420,4,4,0.8078,0.0,GREEN,48,Mumbai
CLM0023870,MUM_09163,Powai,2019-11-07,10,0,0,0,0,0,0,1,0,0,0.0,0.101296,0,0.0,0,420,0,2,0.05,0.1346,GREEN,54,Mumbai
CLM0023871,MUM_09993,Thane,2019-02-20,15,0,0,0,0,0,0,0,0,0,0.0,0.204266,0,0.0,0,420,4,0,0.846,0.0,GREEN,64,Mumbai
CLM0023872,MUM_03599,Vashi,2020-03-07,21,0,1,1,0,0,0,0,0,1,0.0,0.384442,0,0.0,0,199,0,2,0.7359,0.1186,GREEN,39,Mumbai
CLM0023873,MUM_09019,Andheri,2023-03-10,16,0,0,0,0,0,0,0,0,0,0.0,0.007567,0,0.0,0,420,1,3,0.434,0.0,GREEN,48,Mumbai
CLM0023874,MUM_00471,Chembur,2020-10-03,21,0,0,0,0,0,0,0,0,0,0.0,0.22506,0,0.0,1,420,0,2,0.0912,0.0963,GREEN,55,Mumbai
CLM0023875,MUM_07956,Vashi,2018-08-06,13,0,0,0,0,0,0,0,0,0,0.0,0.0,0,0.0,0,370,4,1,0.7887,0.0,GREEN,22,Mumbai
CLM0023876,MUM_08563,Dadar,2023-03-20,17,0,0,0,0,1,0,0,0,0,0.0,0.374288,0,0.0,0,341,2,4,0.9043,0.0179,GREEN,54,Mumbai
CLM0023877,MUM_09219,Lower Parel,2018-07-27,11,0,0,0,0,0,0,0,0,0,0.0,0.160386,0,0.0,0,200,4,3,0.9693,0.0,GREEN,46,Mumbai
CLM0023878,MUM_09761,Lower Parel,2023-11-20,7,0,1,1,1,0,0,0,1,1,1.0,1.0,1,1.0,0,12,0,18,0.05,0.4736,YELLOW,34,Mumbai
CLM0023879,MUM_02148,Vashi,2024-06-20,20,0,1,1,0,1,1,1,1,1,1.0,0.972943,0,1.0,1,7,0,18,0.05,0.844,RED,49,Mumbai
CLM0023880,MUM_01281,Borivali,2020-09-20,20,0,1,1,1,1,0,1,1,0,0.0,0.969222,0,1.0,1,23,2,18,0.7522,0.6885,RED,51,Mumbai
CLM0023881,MUM_05583,Lower Parel,2019-10-22,9,0,1,1,1,0,0,1,1,1,0.0,0.091966,0,0.0,1,25,1,18,0.8882,0.5862,YELLOW,37,Mumbai
CLM0023882,MUM_08173,Lower Parel,2021-04-17,20,0,1,1,0,0,1,1,0,1,1.0,1.0,0,0.0,1,5,0,18,0.1619,0.6194,RED,60,Mumbai
CLM0023883,MUM_02535,Vashi,2025-06-24,11,0,1,1,1,0,1,0,1,1,0.0,1.0,0,0.0,1,5,0,18,0.4386,0.6117,RED,49,Mumbai
CLM0023884,MUM_01286,Lower Parel,2020-11-18,8,0,1,1,0,1,0,0,0,1,0.0,0.234737,0,0.0,0,226,2,6,0.4925,0.592,YELLOW,51,Mumbai
CLM0023885,MUM_09472,Powai,2022-10-26,7,0,1,1,1,1,0,1,0,1,0.0,0.971235,0,1.0,1,31,1,18,0.4325,0.7122,RED,21,Mumbai
CLM0023886,MUM_03710,Ghatkopar,2020-01-12,15,0,1,1,0,0,0,0,0,0,0.0,1.0,1,0.0,0,420,2,1,0.714,0.3995,YELLOW,39,Mumbai
CLM0023887,MUM_07612,Ghatkopar,2021-05-28,20,0,0,0,0,0,0,0,0,0,0.0,0.115756,0,0.0,0,362,3,0,0.6438,0.0895,GREEN,48,Mumbai
CLM0023888,MUM_01990,Bandra,2024-06-12,13,0,0,0,0,0,1,0,1,0,1.0,0.318968,1,0.0,1,160,1,2,0.6688,0.3229,YELLOW,58,Mumbai
CLM0023889,MUM_07891,Lower Parel,2024-08-12,21,0,0,0,1,1,0,1,1,1,0.0,0.201712,1,0.0,0,9,3,18,0.8673,0.0,GREEN,18,Mumbai
CLM0023890,MUM_04360,Dadar,2021-07-07,16,0,0,0,0,0,0,0,1,0,0.0,0.252478,0,0.0,0,49,1,5,0.7733,0.0,GREEN,47,Mumbai
CLM0023891,MUM_09117,Andheri,2022-06-11,15,0,0,0,0,0,0,0,0,1,0.0,0.130253,0,0.0,0,245,3,0,0.5682,0.1407,GREEN,50,Mumbai
CLM0023892,MUM_09319,Dadar,2025-01-19,17,0,0,0,0,0,0,0,0,0,0.0,0.360143,0,0.0,0,144,4,0,0.5602,0.0,GREEN,18,Mumbai
CLM0023893,MUM_03681,Chembur,2024-11-26,8,0,0,0,0,0,0,0,0,0,0.0,0.131145,0,0.0,0,31,4,0,0.5139,0.0,GREEN,39,Mumbai
CLM0023894,MUM_03106,Chembur,2025-06-25,15,0,0,0,0,0,0,0,0,0,0.0,0.140139,1,0.0,0,370,2,0,0.8725,0.0,GREEN,63,Mumbai
CLM0023895,MUM_00558,Borivali,2023-08-07,20,0,0,0,0,0,0,0,1,0,0.0,0.103084,0,0.0,0,181,3,1,0.1847,0.0642,GREEN,62,Mumbai
CLM0023896,MUM_05172,Lower Parel,2024-06-25,13,0,0,0,0,0,0,0,0,0,0.0,0.380703,0,0.0,0,310,1,5,0.8992,0.0,GREEN,46,Mumbai
CLM0023897,MUM_01913,Vashi,2022-02-24,13,0,0,0,0,0,0,1,1,1,0.0,0.310521,0,0.0,0,347,0,4,0.2015,0.2042,GREEN,61,Mumbai
CLM0023898,MUM_07187,Dadar,2023-08-31,16,0,0,0,0,0,0,0,0,0,0.0,0.095085,0,0.0,0,420,2,0,0.9591,0.0,GREEN,40,Mumbai
CLM0023899,MUM_07404,Powai,2024-04-22,12,0,0,0,0,0,0,0,0,0,0.0,0.095696,0,0.0,0,5,2,2,0.98,0.098,GREEN,24,Mumbai
CLM0023900,MUM_03609,Ghatkopar,2025-06-11,7,0,0,0,0,0,0,0,1,0,0.0,0.048511,0,0.0,0,204,2,3,0.5761,0.0568,GREEN,42,Mumbai
CLM0023901,MUM_03576,Powai,2023-01-23,10,0,0,0,1,0,0,0,0,0,0.0,0.234728,0,0.0,0,245,4,0,0.5756,0.0955,GREEN,35,Mumbai
CLM0023902,MUM_04289,Vashi,2022-11-07,14,0,0,0,0,0,0,1,0,0,0.0,0.110367,0,0.0,0,208,4,3,0.4802,0.0989,GREEN,18,Mumbai
CLM0023903,MUM_00110,Andheri,2025-03-05,17,0,0,0,0,0,1,0,0,0,0.0,0.994696,0,0.0,0,404,4,1,0.9049,0.0965,GREEN,37,Mumbai
CLM0023904,MUM_07597,Chembur,2022-04-02,21,0,1,1,0,1,0,0,0,0,0.0,0.026215,0,0.0,0,160,1,3,0.6407,0.0756,GREEN,63,Mumbai
CLM0023905,MUM_05554,Vashi,2022-01-15,8,0,0,0,0,0,0,0,1,0,1.0,0.433901,0,0.0,0,420,0,0,0.8213,0.1989,GREEN,60,Mumbai
CLM0023906,MUM_00907,Andheri,2020-05-27,14,0,0,0,0,0,1,0,0,0,0.0,0.0,0,0.0,0,355,0,1,0.7239,0.076,GREEN,32,Mumbai
CLM0023907,MUM_05007,Powai,2021-12-13,12,0,0,0,0,0,0,0,0,0,0.0,0.401328,0,0.0,0,66,0,2,0.817,0.0036,GREEN,38,Mumbai
CLM0023908,MUM_07435,Bandra,2023-07-02,9,0,0,0,0,0,0,0,0,1,0.0,0.148833,0,0.0,0,380,3,1,0.36,0.1925,GREEN,40,Mumbai
CLM0023909,MUM_08270,Lower Parel,2025-08-02,14,0,0,0,0,0,0,0,0,0,0.0,0.100595,0,0.0,0,193,4,0,0.6707,0.0,GREEN,27,Mumbai
CLM0023910,MUM_08536,Bandra,2019-05-20,19,0,0,0,0,0,0,1,0,0,0.0,0.317789,0,0.0,0,31,3,2,0.8563,0.1199,GREEN,41,Mumbai
CLM0023911,MUM_08032,Thane,2024-06-02,10,0,0,0,1,0,0,1,0,0,0.0,0.13079,0,0.0,0,420,0,1,0.9659,0.2903,GREEN,47,Mumbai
CLM0023912,MUM_06418,Powai,2017-06-16,10,0,0,0,0,0,0,0,0,0,0.0,0.470326,0,0.0,0,105,4,0,0.6132,0.014,GREEN,42,Mumbai
CLM0023913,MUM_04088,Chembur,2019-05-07,15,0,0,0,0,0,0,0,0,0,0.0,0.299365,0,0.0,0,420,4,8,0.1624,0.0387,GREEN,31,Mumbai
CLM0023914,MUM_00590,Dadar,2025-12-06,9,0,0,0,0,0,0,0,0,0,0.0,0.414806,0,0.0,0,107,3,2,0.1403,0.0,GREEN,39,Mumbai
CLM0023915,MUM_01689,Thane,2018-12-17,7,0,0,0,0,0,0,0,0,0,0.0,0.280732,1,0.0,0,332,4,5,0.778,0.0,GREEN,28,Mumbai
CLM0023916,MUM_04209,Bandra,2024-10-28,7,0,0,0,0,0,0,0,0,0,0.0,0.062325,0,0.0,0,229,1,1,0.9378,0.0,GREEN,37,Mumbai
CLM0023917,MUM_09283,Ghatkopar,2025-11-10,17,0,0,0,0,0,0,0,0,0,0.0,0.079113,0,1.0,0,287,2,0,0.5372,0.0048,GREEN,36,Mumbai
CLM0023918,MUM_07432,Vashi,2024-05-16,19,0,0,0,0,0,0,0,0,0,0.0,0.252021,0,0.0,0,337,4,2,0.5751,0.0,GREEN,32,Mumbai
CLM0023919,MUM_06356,Ghatkopar,2025-07-10,16,0,0,0,1,0,0,0,0,0,0.0,0.156879,0,0.0,0,24,2,5,0.9464,0.1938,GREEN,53,Mumbai
CLM0023920,MUM_02918,Vashi,2023-04-01,8,0,0,0,1,0,0,0,1,0,0.0,0.294486,0,0.0,0,135,0,3,0.9526,0.2377,GREEN,39,Mumbai
CLM0023921,MUM_08322,Ghatkopar,2023-05-12,8,0,0,0,1,0,1,0,0,0,0.0,0.08313,0,1.0,0,377,2,1,0.6778,0.2689,GREEN,47,Mumbai
CLM0023922,MUM_02572,Chembur,2023-09-14,12,0,1,1,0,0,0,0,0,0,0.0,0.320512,0,0.0,0,132,0,5,0.6103,0.0,GREEN,42,Mumbai
CLM0023923,MUM_06188,Chembur,2024-06-16,12,0,0,0,0,0,0,0,1,0,0.0,0.085759,1,0.0,0,33,1,2,0.6997,0.0756,GREEN,25,Mumbai
CLM0023924,MUM_09439,Lower Parel,2022-11-01,8,0,0,0,0,0,0,0,0,0,0.0,0.037859,0,0.0,0,420,1,3,0.7713,0.0,GREEN,38,Mumbai
CLM0023925,MUM_02933,Chembur,2023-11-09,11,0,0,0,0,1,0,0,0,0,0.0,0.400503,1,0.0,0,160,3,3,0.8257,0.1719,GREEN,35,Mumbai
CLM0023926,MUM_05217,Andheri,2024-07-27,18,0,0,0,0,0,0,0,0,0,0.0,0.285649,0,1.0,0,29,2,4,0.8064,0.0133,GREEN,54,Mumbai
CLM0023927,MUM_08941,Ghatkopar,2021-10-05,17,0,0,0,0,0,0,0,0,0,0.0,0.115865,0,0.0,0,119,2,0,0.4082,0.0,GREEN,53,Mumbai
CLM0023928,MUM_03304,Andheri,2024-09-30,21,0,0,0,1,0,0,0,0,0,0.0,0.0669,0,0.0,0,323,4,4,0.7017,0.2228,GREEN,40,Mumbai
CLM0023929,MUM_08750,Borivali,2022-09-21,20,0,0,0,0,0,1,1,1,0,1.0,0.963871,0,1.0,0,228,1,0,0.3105,0.2582,GREEN,28,Mumbai
CLM0023930,MUM_02992,Borivali,2024-02-23,21,0,0,0,0,0,0,0,0,0,0.0,0.155698,0,0.0,0,253,4,1,0.05,0.0,GREEN,51,Mumbai
CLM0023931,MUM_06892,Vashi,2022-10-11,21,0,0,0,0,0,1,0,0,0,1.0,0.276169,0,0.0,0,395,2,0,0.5328,0.238,GREEN,29,Mumbai
CLM0023932,MUM_01816,Thane,2024-12-04,18,0,0,0,0,0,0,0,0,0,0.0,0.354532,0,0.0,0,326,2,5,0.5277,0.0148,GREEN,35,Mumbai
CLM0023933,MUM_01947,Bandra,2023-10-28,21,0,0,0,1,0,1,1,1,1,0.0,0.146287,1,0.0,1,24,2,18,0.98,0.0118,GREEN,46,Mumbai
CLM0023934,MUM_04467,Borivali,2024-06-20,12,0,0,0,0,0,0,0,0,0,0.0,0.112734,0,0.0,0,52,4,4,0.837,0.0,GREEN,45,Mumbai
CLM0023935,MUM_05606,Andheri,2024-08-21,8,0,0,0,0,0,1,0,0,0,1.0,0.0,0,0.0,0,26,3,2,0.0795,0.1067,GREEN,24,Mumbai
CLM0023936,MUM_07157,Ghatkopar,2023-04-11,12,0,0,0,0,0,0,0,1,0,0.0,0.083935,0,0.0,0,420,0,4,0.5097,0.0777,GREEN,48,Mumbai
CLM0023937,MUM_06102,Bandra,2023-05-14,11,0,0,0,0,0,0,0,0,0,0.0,0.256312,0,0.0,0,420,3,0,0.9289,0.0,GREEN,44,Mumbai
CLM0023938,MUM_01237,Chembur,2022-12-25,11,0,0,0,0,0,0,0,0,0,0.0,0.111734,0,0.0,0,82,4,0,0.98,0.0662,GREEN,41,Mumbai
CLM0023939,MUM_07176,Ghatkopar,2021-05-17,19,0,0,0,0,0,0,0,0,0,0.0,0.382448,0,0.0,0,320,3,1,0.98,0.0,GREEN,43,Mumbai
CLM0023940,MUM_00543,Vashi,2019-09-27,11,0,0,0,0,0,0,0,0,0,0.0,0.195404,0,0.0,0,102,1,0,0.8594,0.0877,GREEN,45,Mumbai
CLM0023941,MUM_06735,Andheri,2020-01-18,16,0,0,0,0,0,1,0,0,0,0.0,0.049539,0,0.0,0,334,3,8,0.7754,0.0327,GREEN,41,Mumbai
CLM0023942,MUM_08484,Ghatkopar,2019-08-18,11,0,0,0,0,0,0,0,0,1,0.0,1.0,0,0.0,0,110,2,0,0.7131,0.1068,GREEN,38,Mumbai
CLM0023943,MUM_03957,Andheri,2021-08-29,10,0,0,0,0,0,0,0,0,0,1.0,0.133883,0,0.0,0,204,2,3,0.6728,0.0968,GREEN,33,Mumbai
CLM0023944,MUM_07436,Chembur,2017-09-19,16,0,0,0,0,0,0,0,0,0,0.0,0.258201,0,0.0,0,282,0,2,0.5934,0.0377,GREEN,51,Mumbai
CLM0023945,MUM_08252,Bandra,2025-02-09,18,0,0,0,0,0,0,0,0,0,0.0,0.23263,0,0.0,0,237,0,0,0.8206,0.0,GREEN,42,Mumbai
CLM0023946,MUM_02520,Lower Parel,2022-03-10,20,0,0,0,0,0,0,0,0,0,1.0,0.00578,0,0.0,0,70,2,4,0.8959,0.1108,GREEN,41,Mumbai
CLM0023947,MUM_01318,Andheri,2024-03-11,19,0,0,0,0,0,0,0,0,0,0.0,0.129846,0,0.0,0,44,0,0,0.6939,0.0,GREEN,47,Mumbai
CLM0023948,MUM_04418,Andheri,2024-03-19,15,0,0,0,0,0,0,0,0,0,0.0,0.227102,0,0.0,0,37,3,1,0.6686,0.1085,GREEN,31,Mumbai
CLM0023949,MUM_03610,Chembur,2024-07-05,10,0,0,0,0,0,0,0,0,0,1.0,0.009364,0,0.0,0,420,4,4,0.8782,0.0851,GREEN,56,Mumbai
CLM0023950,MUM_04338,Borivali,2024-11-22,11,0,0,0,0,0,0,0,0,0,0.0,0.348897,0,1.0,0,252,4,3,0.713,0.0,GREEN,37,Mumbai
CLM0023951,MUM_05056,Ghatkopar,2024-04-29,9,0,1,1,1,1,0,0,1,1,1.0,0.525383,0,1.0,1,5,1,18,0.05,0.7064,RED,57,Mumbai
CLM0023952,MUM_08774,Borivali,2024-05-24,10,0,1,1,0,1,1,1,0,1,1.0,1.0,1,0.0,1,5,0,18,0.1947,0.6568,RED,41,Mumbai
CLM0023953,MUM_08322,Ghatkopar,2024-10-09,18,0,1,1,0,1,0,1,1,0,0.0,1.0,1,1.0,0,26,2,18,0.5962,0.4705,YELLOW,47,Mumbai
CLM0023954,MUM_09206,Chembur,2019-02-10,16,0,1,1,0,0,0,0,0,0,0.0,0.996174,0,0.0,0,420,2,2,0.564,0.4508,YELLOW,37,Mumbai
CLM0023955,MUM_03744,Thane,2018-11-28,21,0,1,1,1,1,1,0,1,1,1.0,0.207027,0,0.0,0,11,0,18,0.8979,0.8376,RED,42,Mumbai
CLM0023956,MUM_03785,Powai,2019-10-26,19,0,1,1,1,0,0,1,1,0,0.0,0.193168,0,0.0,0,5,2,18,0.9256,0.5212,YELLOW,62,Mumbai
CLM0023957,MUM_05872,Borivali,2025-01-24,21,0,0,0,0,0,1,0,1,0,0.0,0.363122,0,0.0,1,147,2,0,0.8471,0.2443,GREEN,41,Mumbai
CLM0023958,MUM_09239,Bandra,2025-07-17,17,0,0,0,1,0,0,0,1,0,1.0,0.369443,0,0.0,0,382,1,3,0.1784,0.263,GREEN,33,Mumbai
CLM0023959,MUM_09009,Powai,2024-12-08,19,0,0,0,0,0,0,0,0,0,0.0,0.896979,0,0.0,0,208,0,5,0.2837,0.0,GREEN,25,Mumbai
CLM0023960,MUM_06668,Ghatkopar,2025-01-05,11,0,0,0,1,0,0,1,0,0,0.0,0.093139,0,1.0,0,14,3,2,0.756,0.2431,GREEN,34,Mumbai
CLM0023961,MUM_08835,Bandra,2024-07-06,20,0,0,0,0,0,0,0,0,0,0.0,0.069639,0,0.0,0,288,0,1,0.5147,0.0562,GREEN,41,Mumbai
CLM0023962,MUM_04486,Bandra,2023-10-12,14,0,0,0,0,0,0,0,0,1,0.0,0.490736,0,0.0,0,287,4,5,0.7102,0.1426,GREEN,24,Mumbai
CLM0023963,MUM_05636,Bandra,2025-03-19,15,0,0,0,0,0,0,0,0,0,0.0,0.0,0,0.0,0,67,4,0,0.7269,0.0,GREEN,57,Mumbai
CLM0023964,MUM_01781,Andheri,2025-05-03,18,0,0,0,0,0,0,0,0,0,0.0,0.141615,0,0.0,0,46,0,1,0.8441,0.0,GREEN,31,Mumbai
CLM0023965,MUM_02044,Borivali,2023-12-28,13,0,0,0,0,0,0,0,1,0,0.0,0.27657,0,0.0,0,274,0,1,0.7163,0.1268,GREEN,45,Mumbai
CLM0023966,MUM_06280,Chembur,2023-03-28,8,0,0,0,0,0,0,0,0,0,0.0,0.278196,0,0.0,0,201,3,3,0.7346,0.1283,GREEN,41,Mumbai
CLM0023967,MUM_04738,Vashi,2025-02-18,12,0,0,0,0,0,0,0,0,0,1.0,0.370413,0,0.0,0,137,1,2,0.6197,0.0713,GREEN,53,Mumbai
CLM0023968,MUM_04348,Andheri,2025-10-11,7,0,0,0,0,0,0,0,0,1,0.0,0.064253,0,0.0,0,326,0,0,0.7844,0.1175,GREEN,24,Mumbai
CLM0023969,MUM_08810,Andheri,2022-09-19,21,0,0,0,0,0,0,0,0,0,0.0,0.340952,0,0.0,0,272,0,0,0.831,0.0604,GREEN,39,Mumbai
CLM0023970,MUM_00072,Bandra,2022-06-06,8,0,0,0,0,0,0,0,0,0,0.0,0.020942,0,0.0,0,231,2,1,0.58,0.0,GREEN,41,Mumbai
CLM0023971,MUM_02447,Andheri,2023-08-27,20,0,0,0,0,0,0,0,0,0,0.0,0.188374,0,0.0,0,135,2,5,0.5304,0.0,GREEN,29,Mumbai
CLM0023972,MUM_06314,Powai,2025-12-20,9,0,0,0,0,0,0,0,0,0,0.0,0.307926,0,0.0,0,26,1,0,0.8524,0.0,GREEN,32,Mumbai
CLM0023973,MUM_04779,Chembur,2025-08-15,19,0,0,0,0,0,0,0,0,0,0.0,0.055736,0,0.0,1,398,3,1,0.8413,0.085,GREEN,24,Mumbai
CLM0023974,MUM_06995,Ghatkopar,2024-11-06,21,0,0,0,0,0,0,0,0,1,0.0,0.267587,1,0.0,1,420,4,0,0.53,0.1556,GREEN,52,Mumbai
CLM0023975,MUM_04376,Dadar,2022-07-03,8,0,0,0,0,0,0,0,0,0,0.0,0.455824,0,0.0,0,166,4,4,0.1493,0.0,GREEN,42,Mumbai
CLM0023976,MUM_01723,Dadar,2025-05-05,17,0,0,0,0,0,0,0,0,0,0.0,0.286232,0,0.0,0,337,1,0,0.7184,0.0335,GREEN,57,Mumbai
CLM0023977,MUM_02287,Thane,2023-11-30,19,0,0,0,1,1,0,1,1,1,1.0,0.903838,0,0.0,1,20,0,18,0.05,0.096,GREEN,57,Mumbai
CLM0023978,MUM_02760,Borivali,2022-09-29,9,0,0,0,0,0,1,0,0,0,0.0,0.091832,0,0.0,0,179,0,2,0.4056,0.1369,GREEN,38,Mumbai
CLM0023979,MUM_08735,Borivali,2024-04-04,12,0,0,0,0,0,0,0,0,0,0.0,0.382161,0,0.0,0,285,2,0,0.7191,0.0,GREEN,50,Mumbai
CLM0023980,MUM_04074,Powai,2024-01-07,19,0,0,0,0,1,0,0,0,0,0.0,0.251053,0,0.0,0,396,1,0,0.5702,0.1027,GREEN,34,Mumbai
CLM0023981,MUM_00621,Andheri,2023-12-21,11,0,0,0,0,0,0,0,0,0,0.0,0.0,0,0.0,0,48,2,0,0.7953,0.0,GREEN,23,Mumbai
CLM0023982,MUM_05203,Borivali,2023-09-21,7,0,0,0,0,0,0,0,0,0,0.0,0.029853,0,0.0,0,211,3,0,0.7302,0.0,GREEN,58,Mumbai
CLM0023983,MUM_04812,Andheri,2017-03-17,21,0,0,0,0,0,1,0,0,0,0.0,0.0,0,0.0,0,233,0,4,0.9309,0.087,GREEN,57,Mumbai
CLM0023984,MUM_03477,Ghatkopar,2024-11-01,20,0,0,0,0,0,0,0,0,0,0.0,0.390075,0,0.0,0,218,2,3,0.7423,0.0,GREEN,52,Mumbai
CLM0023985,MUM_02151,Borivali,2017-04-29,11,0,0,0,0,0,1,1,0,0,0.0,0.260978,0,0.0,0,190,1,1,0.98,0.1722,GREEN,39,Mumbai
CLM0023986,MUM_07020,Thane,2020-03-16,18,0,0,0,0,0,0,0,1,0,1.0,0.407188,0,0.0,0,346,3,0,0.9213,0.3156,YELLOW,36,Mumbai
CLM0023987,MUM_04014,Bandra,2023-12-24,16,0,0,0,0,0,0,0,0,0,0.0,0.967839,0,0.0,0,153,4,4,0.6329,0.0,GREEN,42,Mumbai
CLM0023988,MUM_07856,Ghatkopar,2016-06-07,20,0,0,0,0,0,0,0,0,0,0.0,0.142954,0,0.0,0,161,4,0,0.8,0.0684,GREEN,35,Mumbai
CLM0023989,MUM_09000,Lower Parel,2016-04-10,11,0,0,0,0,0,0,0,0,0,0.0,0.222851,0,0.0,0,420,2,0,0.3061,0.0,GREEN,44,Mumbai
CLM0023990,MUM_04921,Dadar,2022-03-14,17,0,0,0,0,0,0,0,0,0,0.0,0.271042,0,0.0,0,26,4,0,0.9576,0.0308,GREEN,27,Mumbai
CLM0023991,MUM_01845,Bandra,2023-01-20,16,0,0,0,0,0,0,0,0,0,0.0,0.206575,0,0.0,0,48,0,3,0.8884,0.0,GREEN,19,Mumbai
CLM0023992,MUM_02958,Dadar,2025-06-14,12,0,0,0,0,0,1,0,0,0,0.0,0.149894,0,0.0,0,387,1,3,0.5983,0.1667,GREEN,44,Mumbai
CLM0023993,MUM_00906,Thane,2021-09-09,8,0,0,0,0,0,1,0,0,0,0.0,0.287789,1,0.0,0,247,4,0,0.4723,0.2221,GREEN,52,Mumbai
CLM0023994,MUM_09123,Andheri,2024-01-09,9,0,0,0,0,0,0,0,0,0,0.0,0.0,0,0.0,0,272,1,1,0.8325,0.0242,GREEN,49,Mumbai
CLM0023995,MUM_02545,Lower Parel,2025-10-26,10,0,0,0,0,0,0,0,0,0,0.0,0.276559,1,0.0,0,420,0,3,0.717,0.1144,GREEN,50,Mumbai
CLM0023996,MUM_07909,Bandra,2022-11-19,20,0,0,0,0,0,0,0,0,0,0.0,0.131617,0,0.0,0,26,0,0,0.98,0.0791,GREEN,37,Mumbai
CLM0023997,MUM_07037,Bandra,2022-10-08,14,0,0,0,0,0,0,0,0,0,0.0,0.046251,0,0.0,0,279,3,1,0.9743,0.0112,GREEN,55,Mumbai
CLM0023998,MUM_05556,Chembur,2018-07-16,15,0,1,1,0,0,0,1,0,0,0.0,0.176282,0,0.0,0,420,1,0,0.3836,0.0,GREEN,32,Mumbai
CLM0023999,MUM_07292,Borivali,2017-06-07,15,0,0,0,0,0,0,0,0,0,0.0,0.0,0,0.0,0,420,0,4,0.7829,0.0341,GREEN,39,Mumbai
CLM0024000,MUM_00041,Dadar,2016-05-12,17,0,0,0,0,0,0,0,0,0,0.0,0.345839,0,0.0,1,420,1,0,0.98,0.0664,GREEN,37,Mumbai
CLM0024001,MUM_05843,Ghatkopar,2020-06-14,11,0,0,0,0,0,0,0,0,0,0.0,0.346871,0,0.0,0,64,1,3,0.2922,0.0,GREEN,41,Mumbai
CLM0024002,MUM_09574,Vashi,2024-03-27,16,0,0,0,0,0,0,1,1,0,0.0,0.34936,0,0.0,0,420,1,1,0.7306,0.1112,GREEN,52,Mumbai
CLM0024003,MUM_08373,Bandra,2024-04-30,20,0,0,0,0,0,0,0,0,0,0.0,0.196,0,1.0,0,354,4,0,0.8741,0.0,GREEN,53,Mumbai
CLM0024004,MUM_08472,Borivali,2025-01-24,14,0,0,0,0,0,0,0,0,0,0.0,0.195332,0,0.0,0,78,4,7,0.6081,0.0,GREEN,34,Mumbai
CLM0024005,MUM_08512,Borivali,2019-11-02,18,1,0,0,0,0,0,0,1,0,0.0,0.98638,0,0.0,0,91,0,3,0.7342,0.1107,GREEN,28,Mumbai
CLM0024006,MUM_06568,Vashi,2021-03-24,7,0,0,0,1,1,1,1,1,0,0.0,1.0,1,0.0,1,30,1,18,0.1997,0.0,GREEN,61,Mumbai
CLM0024007,MUM_06314,Powai,2019-12-27,7,0,0,0,0,0,0,0,0,0,0.0,0.073876,0,0.0,0,170,1,0,0.9459,0.0,GREEN,32,Mumbai
CLM0024008,MUM_04633,Lower Parel,2024-03-15,13,0,0,0,0,0,0,0,0,0,1.0,0.224719,0,0.0,0,405,3,0,0.05,0.1502,GREEN,46,Mumbai
CLM0024009,MUM_08214,Bandra,2022-07-11,20,0,0,0,0,0,1,0,0,0,0.0,0.0,0,0.0,0,360,4,1,0.6046,0.0662,GREEN,48,Mumbai
CLM0024010,MUM_06109,Lower Parel,2025-04-27,19,0,0,0,0,0,0,0,0,0,1.0,0.176331,0,0.0,0,66,0,5,0.6913,0.1503,GREEN,43,Mumbai
CLM0024011,MUM_06126,Bandra,2024-09-23,9,0,0,0,0,0,0,0,1,0,0.0,0.238494,0,0.0,0,155,3,1,0.05,0.0512,GREEN,55,Mumbai
CLM0024012,MUM_07231,Chembur,2022-12-01,7,0,0,0,0,0,0,0,0,0,0.0,0.323949,0,0.0,0,420,2,2,0.714,0.0204,GREEN,56,Mumbai
CLM0024013,MUM_01814,Andheri,2024-06-29,16,0,0,0,0,0,0,0,0,0,0.0,0.193253,0,0.0,0,420,4,0,0.7861,0.0,GREEN,49,Mumbai
CLM0024014,MUM_00045,Vashi,2023-05-08,21,0,0,0,0,0,0,0,0,0,0.0,0.162884,0,0.0,0,286,3,3,0.1013,0.0308,GREEN,52,Mumbai
CLM0024015,MUM_07227,Bandra,2024-05-23,10,0,0,0,0,0,1,0,0,0,0.0,0.266271,0,0.0,0,40,0,0,0.8952,0.0785,GREEN,35,Mumbai
CLM0024016,MUM_09919,Andheri,2024-09-22,7,0,0,0,0,0,0,0,0,0,0.0,0.353605,0,0.0,0,356,4,1,0.5657,0.0,GREEN,44,Mumbai
CLM0024017,MUM_09139,Ghatkopar,2023-07-20,11,0,0,0,0,0,0,0,0,0,0.0,0.22578,0,0.0,0,349,3,3,0.6148,0.1057,GREEN,40,Mumbai
CLM0024018,MUM_06149,Powai,2023-01-12,13,0,0,0,0,0,0,0,0,0,0.0,0.132955,0,0.0,0,148,0,1,0.98,0.0,GREEN,24,Mumbai
CLM0024019,MUM_06925,Borivali,2024-12-23,7,0,0,0,0,0,1,1,0,0,0.0,0.344884,0,0.0,0,420,3,0,0.98,0.1994,GREEN,43,Mumbai
CLM0024020,MUM_09824,Vashi,2021-01-07,21,0,0,0,0,0,0,1,0,0,0.0,1.0,0,0.0,0,360,4,4,0.7764,0.1631,GREEN,43,Mumbai
CLM0024021,MUM_06703,Powai,2024-12-14,11,0,0,0,0,0,1,0,0,0,1.0,1.0,1,1.0,0,258,1,5,0.8202,0.1693,GREEN,49,Mumbai
CLM0024022,MUM_04716,Borivali,2025-08-18,17,0,0,0,0,0,0,0,0,0,0.0,0.02577,0,0.0,0,344,2,3,0.8936,0.0,GREEN,20,Mumbai
CLM0024023,MUM_02937,Ghatkopar,2021-06-22,15,0,0,0,0,0,0,0,0,0,1.0,0.277398,0,0.0,0,5,1,2,0.3051,0.0,GREEN,28,Mumbai
CLM0024024,MUM_05776,Andheri,2018-03-23,8,0,0,0,0,0,0,0,0,0,0.0,0.0,0,0.0,0,240,0,0,0.8414,0.1763,GREEN,43,Mumbai
CLM0024025,MUM_01799,Borivali,2018-06-26,13,0,0,0,0,0,0,0,0,0,0.0,0.265976,0,0.0,0,141,1,6,0.6577,0.033,GREEN,41,Mumbai
CLM0024026,MUM_04621,Vashi,2023-11-14,9,0,0,0,0,0,0,0,1,0,0.0,0.29775,0,1.0,0,420,2,2,0.98,0.1457,GREEN,45,Mumbai
CLM0024027,MUM_06583,Borivali,2021-11-26,12,0,0,0,0,1,0,0,0,0,0.0,0.266727,0,0.0,0,176,1,1,0.7294,0.0077,GREEN,46,Mumbai
CLM0024028,MUM_00711,Thane,2020-06-23,15,0,0,0,0,0,1,0,0,0,0.0,0.133081,0,0.0,0,387,1,3,0.4496,0.067,GREEN,38,Mumbai
CLM0024029,MUM_05858,Borivali,2025-12-18,16,0,0,0,1,0,0,0,0,0,0.0,0.204484,0,0.0,0,291,3,2,0.7279,0.1708,GREEN,45,Mumbai
CLM0024030,MUM_04868,Andheri,2019-10-21,9,0,0,0,0,0,0,0,0,1,0.0,0.305649,0,0.0,0,327,1,7,0.6405,0.1366,GREEN,18,Mumbai
CLM0024031,MUM_05664,Andheri,2019-02-26,10,0,0,0,0,0,0,0,0,0,0.0,0.181219,0,1.0,1,420,3,2,0.8562,0.1047,GREEN,53,Mumbai
CLM0024032,MUM_08472,Borivali,2022-01-15,20,0,0,0,0,0,0,0,0,0,0.0,1.0,0,0.0,0,296,3,4,0.7855,0.1156,GREEN,34,Mumbai
CLM0024033,MUM_01591,Lower Parel,2023-10-31,21,0,0,0,0,0,0,0,0,0,0.0,0.288667,0,0.0,0,291,0,0,0.8427,0.0,GREEN,31,Mumbai
CLM0024034,MUM_00919,Chembur,2024-01-03,11,0,0,0,0,0,0,0,0,0,0.0,0.145003,0,0.0,0,139,2,0,0.748,0.0093,GREEN,21,Mumbai
CLM0024035,MUM_06601,Thane,2021-03-21,14,0,0,0,0,0,0,0,0,0,0.0,0.104942,0,0.0,0,211,0,4,0.8927,0.0,GREEN,31,Mumbai
CLM0024036,MUM_08879,Lower Parel,2025-12-27,17,0,0,0,0,0,0,0,1,0,0.0,0.42872,0,0.0,0,44,2,2,0.6152,0.2199,GREEN,40,Mumbai
CLM0024037,MUM_04771,Dadar,2025-10-26,13,0,0,0,0,0,0,1,0,0,0.0,0.162669,0,0.0,0,399,1,0,0.6075,0.0704,GREEN,42,Mumbai
CLM0024038,MUM_09871,Vashi,2022-11-13,16,0,0,0,0,0,0,0,0,0,0.0,0.097307,0,0.0,0,70,4,4,0.5633,0.082,GREEN,54,Mumbai
CLM0024039,MUM_01732,Andheri,2023-07-30,9,0,0,0,0,0,0,0,0,0,0.0,0.257381,0,0.0,0,419,4,0,0.8038,0.0194,GREEN,29,Mumbai
CLM0024040,MUM_05336,Ghatkopar,2024-07-21,8,0,1,1,0,0,0,0,0,0,1.0,0.307128,0,0.0,0,420,0,6,0.7667,0.0549,GREEN,46,Mumbai
CLM0024041,MUM_05689,Ghatkopar,2022-08-12,19,0,0,0,0,0,0,0,0,0,0.0,0.270395,0,0.0,0,33,3,4,0.9229,0.0385,GREEN,35,Mumbai
CLM0024042,MUM_05332,Dadar,2024-01-14,8,0,0,0,0,0,0,0,0,0,0.0,0.140956,1,0.0,0,208,1,2,0.6202,0.0982,GREEN,32,Mumbai
CLM0024043,MUM_01161,Dadar,2019-01-05,11,0,0,0,0,0,1,0,0,0,0.0,0.404474,0,0.0,0,302,0,6,0.8142,0.15,GREEN,64,Mumbai
CLM0024044,MUM_00863,Dadar,2021-11-26,10,0,0,0,1,1,0,1,0,1,0.0,1.0,0,1.0,1,20,2,18,0.2828,0.0111,GREEN,29,Mumbai
CLM0024045,MUM_09722,Bandra,2023-02-25,13,0,0,0,0,0,0,0,0,0,1.0,0.1381,0,0.0,0,5,4,4,0.6711,0.0238,GREEN,27,Mumbai
CLM0024046,MUM_08211,Borivali,2022-08-10,20,0,0,0,0,1,0,0,0,0,0.0,0.149482,0,0.0,0,420,4,1,0.6634,0.1044,GREEN,45,Mumbai
CLM0024047,MUM_05391,Dadar,2025-12-18,18,0,0,0,0,0,0,0,0,0,0.0,0.158925,0,0.0,0,276,0,2,0.1208,0.0,GREEN,51,Mumbai
CLM0024048,MUM_03521,Andheri,2016-03-07,10,0,0,0,0,0,0,0,0,0,0.0,1.0,0,0.0,0,243,0,1,0.6813,0.0282,GREEN,38,Mumbai
CLM0024049,MUM_00803,Powai,2022-10-04,16,0,0,0,0,1,0,0,0,1,1.0,0.925802,1,0.0,1,5,2,18,0.2764,0.0,GREEN,58,Mumbai
CLM0024050,MUM_08583,Powai,2025-05-19,21,0,0,0,0,0,0,0,0,0,0.0,0.203516,0,0.0,0,149,4,0,0.5825,0.0042,GREEN,31,Mumbai
CLM0024051,MUM_08186,Andheri,2019-05-05,12,0,0,0,1,0,0,0,0,0,0.0,0.053165,0,0.0,0,157,1,0,0.7884,0.2471,GREEN,54,Mumbai
CLM0024052,MUM_08824,Ghatkopar,2019-09-13,11,0,0,0,0,0,0,0,0,0,1.0,0.95333,0,1.0,0,419,4,0,0.7828,0.0668,GREEN,49,Mumbai
CLM0024053,MUM_01276,Powai,2019-01-26,18,0,0,0,0,0,0,0,0,1,0.0,0.226205,0,0.0,0,420,3,0,0.8598,0.1042,GREEN,52,Mumbai
CLM0024054,MUM_05801,Lower Parel,2024-02-26,9,0,0,0,0,0,0,0,0,0,0.0,0.338831,1,0.0,0,341,3,0,0.5846,0.0977,GREEN,39,Mumbai
CLM0024055,MUM_03773,Borivali,2019-02-18,10,0,0,0,0,0,0,0,0,0,1.0,0.407722,0,1.0,0,129,3,4,0.7019,0.2364,GREEN,49,Mumbai
CLM0024056,MUM_09284,Andheri,2023-04-06,11,0,0,0,0,1,0,0,0,0,0.0,0.311411,0,0.0,0,186,2,5,0.773,0.1223,GREEN,50,Mumbai
CLM0024057,MUM_06626,Andheri,2021-02-07,17,0,0,0,0,0,0,0,0,0,1.0,0.372647,0,0.0,0,210,3,1,0.9509,0.0935,GREEN,38,Mumbai
CLM0024058,MUM_04040,Borivali,2021-04-04,19,0,0,0,0,0,0,0,0,0,0.0,0.027786,0,0.0,0,353,2,2,0.5005,0.0972,GREEN,39,Mumbai
CLM0024059,MUM_07128,Powai,2025-03-22,15,0,0,0,0,0,0,0,0,0,0.0,0.0,0,0.0,0,420,4,5,0.5874,0.0,GREEN,37,Mumbai
CLM0024060,MUM_08220,Borivali,2022-06-01,14,0,0,0,0,0,0,0,0,1,0.0,0.122383,0,0.0,0,375,0,0,0.647,0.1701,GREEN,48,Mumbai
CLM0024061,MUM_05897,Thane,2021-10-06,20,0,0,0,0,0,0,0,0,0,0.0,0.379754,0,0.0,0,420,3,1,0.9532,0.0,GREEN,32,Mumbai
CLM0024062,MUM_09902,Borivali,2023-04-07,19,0,0,0,0,0,0,0,0,0,0.0,0.066405,0,0.0,0,420,0,3,0.953,0.0,GREEN,25,Mumbai
CLM0024063,MUM_05202,Vashi,2021-01-03,10,0,0,0,0,0,0,0,0,0,0.0,0.055506,0,1.0,0,36,4,5,0.3614,0.0587,GREEN,34,Mumbai
CLM0024064,MUM_01736,Ghatkopar,2020-08-29,18,0,0,0,0,0,0,0,0,0,0.0,0.996447,0,0.0,0,304,2,1,0.6708,0.0439,GREEN,62,Mumbai
CLM0024065,MUM_04434,Lower Parel,2018-10-02,9,0,0,0,0,0,0,0,0,0,0.0,0.153938,0,0.0,0,125,2,3,0.9336,0.0516,GREEN,34,Mumbai
CLM0024066,MUM_00061,Thane,2023-03-30,11,0,0,0,0,0,0,0,0,0,0.0,0.143455,0,0.0,0,87,2,7,0.8727,0.0579,GREEN,49,Mumbai
CLM0024067,MUM_05398,Andheri,2025-05-19,14,0,0,0,0,1,0,0,0,0,0.0,0.285219,0,0.0,0,47,4,2,0.8687,0.2153,GREEN,26,Mumbai
CLM0024068,MUM_07498,Bandra,2024-06-09,21,0,1,1,0,0,1,0,0,0,0.0,0.070697,0,0.0,0,420,3,0,0.6016,0.0576,GREEN,51,Mumbai
CLM0024069,MUM_05905,Borivali,2024-05-05,8,0,0,0,0,0,1,0,0,0,0.0,0.199558,0,0.0,0,117,0,1,0.5202,0.0835,GREEN,20,Mumbai
CLM0024070,MUM_09150,Vashi,2024-05-20,16,0,0,0,0,0,1,0,0,0,1.0,0.109259,0,0.0,0,420,1,2,0.4918,0.1736,GREEN,19,Mumbai
CLM0024071,MUM_06999,Bandra,2023-07-15,17,0,0,0,0,0,0,0,1,0,0.0,0.154703,0,0.0,0,134,0,2,0.5894,0.104,GREEN,54,Mumbai
CLM0024072,MUM_07418,Ghatkopar,2023-01-30,12,0,0,0,0,0,0,0,0,0,0.0,0.122611,0,0.0,0,348,0,0,0.98,0.0849,GREEN,51,Mumbai
CLM0024073,MUM_09333,Bandra,2023-04-13,16,0,0,0,0,0,0,0,0,1,0.0,0.216743,1,0.0,0,171,4,1,0.1294,0.1722,GREEN,46,Mumbai
CLM0024074,MUM_05034,Andheri,2023-03-09,9,0,0,0,0,0,0,1,1,0,0.0,0.208897,0,0.0,0,37,3,1,0.7309,0.1906,GREEN,50,Mumbai
CLM0024075,MUM_03930,Borivali,2018-02-10,15,0,1,1,0,1,0,1,1,0,1.0,0.888738,0,1.0,0,31,1,18,0.2492,0.0073,GREEN,35,Mumbai
CLM0024076,MUM_04939,Vashi,2021-12-31,7,0,0,0,0,0,0,0,0,0,0.0,0.341948,0,0.0,0,310,3,1,0.3653,0.082,GREEN,53,Mumbai
CLM0024077,MUM_09494,Bandra,2017-10-23,15,0,0,0,0,0,0,0,0,0,0.0,0.034622,0,0.0,0,420,2,4,0.7917,0.0,GREEN,50,Mumbai
CLM0024078,MUM_07805,Lower Parel,2016-04-11,14,0,0,0,0,0,0,0,0,0,0.0,0.308223,0,0.0,0,384,0,0,0.7692,0.0764,GREEN,55,Mumbai
CLM0024079,MUM_00319,Powai,2022-05-16,7,0,0,0,0,0,0,0,0,0,1.0,0.345341,0,0.0,0,420,3,0,0.9108,0.0,GREEN,36,Mumbai
CLM0024080,MUM_01082,Vashi,2015-09-20,11,0,0,0,0,0,0,0,0,0,0.0,0.0,0,0.0,0,420,4,3,0.8472,0.0312,GREEN,48,Mumbai
CLM0024081,MUM_09195,Bandra,2017-08-22,19,0,0,0,0,0,1,0,0,0,0.0,0.189028,0,0.0,0,332,0,4,0.4603,0.0189,GREEN,22,Mumbai
CLM0024082,MUM_08246,Powai,2016-09-20,13,0,0,0,0,0,0,0,0,0,0.0,0.0,0,0.0,0,420,3,3,0.7681,0.0,GREEN,36,Mumbai
CLM0024083,MUM_05883,Chembur,2018-09-18,15,0,0,0,0,0,0,0,0,0,0.0,1.0,0,0.0,0,151,0,6,0.8385,0.0396,GREEN,45,Mumbai
CLM0024084,MUM_08420,Dadar,2022-07-06,12,0,0,0,0,0,0,0,0,0,0.0,1.0,0,0.0,0,382,0,2,0.9417,0.0,GREEN,54,Mumbai
CLM0024085,MUM_01241,Borivali,2020-09-12,20,0,0,0,0,0,0,0,0,0,0.0,0.016393,0,0.0,0,130,4,6,0.9078,0.0,GREEN,43,Mumbai
CLM0024086,MUM_06827,Dadar,2019-08-21,18,0,0,0,0,0,0,0,0,0,0.0,0.315767,0,0.0,0,77,1,1,0.4527,0.0,GREEN,58,Mumbai
CLM0024087,MUM_02827,Lower Parel,2024-10-10,17,0,0,0,0,0,1,0,0,0,0.0,0.427381,0,0.0,0,316,1,4,0.9167,0.1975,GREEN,18,Mumbai
CLM0024088,MUM_07997,Chembur,2021-04-01,15,0,0,0,0,0,0,0,0,0,0.0,0.303032,0,0.0,0,136,0,0,0.6438,0.1089,GREEN,67,Mumbai
CLM0024089,MUM_03989,Powai,2022-03-09,7,0,0,0,0,0,0,0,0,0,0.0,0.443622,0,0.0,0,420,3,4,0.6159,0.018,GREEN,43,Mumbai
CLM0024090,MUM_03057,Powai,2025-01-15,12,0,0,0,0,0,0,0,0,0,0.0,0.498488,0,0.0,0,139,1,4,0.98,0.0322,GREEN,33,Mumbai
CLM0024091,MUM_08260,Bandra,2025-01-08,11,0,0,0,0,0,0,0,0,0,0.0,0.132809,0,0.0,0,25,0,4,0.8204,0.0,GREEN,41,Mumbai
CLM0024092,MUM_00517,Lower Parel,2022-01-24,11,0,0,0,0,0,0,0,0,0,0.0,0.151573,0,0.0,0,65,2,0,0.05,0.0234,GREEN,47,Mumbai
CLM0024093,MUM_03783,Dadar,2025-10-06,19,0,1,1,0,0,0,0,0,0,1.0,0.271079,0,0.0,0,79,0,5,0.5377,0.1148,GREEN,49,Mumbai
CLM0024094,MUM_05326,Bandra,2020-07-15,17,0,0,0,0,0,0,0,0,0,0.0,0.422851,0,0.0,0,137,0,0,0.8695,0.0,GREEN,69,Mumbai
CLM0024095,MUM_07639,Vashi,2024-11-18,18,0,0,0,0,0,0,0,0,0,0.0,0.266859,1,0.0,0,85,0,3,0.663,0.088,GREEN,31,Mumbai
CLM0024096,MUM_09083,Ghatkopar,2021-07-19,12,0,0,0,0,0,0,0,0,0,0.0,0.00312,0,0.0,0,358,0,0,0.6729,0.0247,GREEN,49,Mumbai
CLM0024097,MUM_06720,Lower Parel,2024-09-22,14,0,0,0,0,0,0,0,0,0,0.0,0.297948,0,0.0,0,165,0,5,0.7319,0.0662,GREEN,27,Mumbai
CLM0024098,MUM_00133,Powai,2025-12-25,9,0,0,0,0,0,0,0,0,1,0.0,0.0,0,0.0,0,154,4,1,0.7411,0.0389,GREEN,18,Mumbai
CLM0024099,MUM_06275,Lower Parel,2021-09-20,11,0,0,0,0,0,0,0,0,0,0.0,0.175112,0,0.0,0,153,2,8,0.5705,0.0038,GREEN,44,Mumbai
CLM0024100,MUM_06722,Powai,2023-05-27,21,0,0,0,0,0,0,0,0,0,0.0,0.178513,0,0.0,0,372,3,3,0.694,0.0906,GREEN,37,Mumbai
CLM0024101,MUM_05344,Borivali,2024-08-13,18,0,0,0,0,0,0,1,1,0,0.0,0.282186,0,1.0,0,368,4,1,0.2199,0.3139,YELLOW,52,Mumbai
CLM0024102,MUM_06109,Lower Parel,2025-03-29,8,0,0,0,0,0,0,0,0,0,0.0,0.007537,0,0.0,1,209,4,3,0.6796,0.0207,GREEN,43,Mumbai
CLM0024103,MUM_04036,Bandra,2024-11-24,18,0,0,0,0,0,0,0,0,0,0.0,0.21661,0,0.0,0,420,1,4,0.8053,0.0368,GREEN,61,Mumbai
CLM0024104,MUM_05455,Dadar,2021-06-05,14,0,0,0,0,0,0,0,0,0,0.0,0.333232,0,0.0,0,97,0,1,0.3233,0.1252,GREEN,36,Mumbai
CLM0024105,MUM_03580,Thane,2022-10-25,14,0,0,0,1,0,0,0,0,0,0.0,0.028541,0,0.0,0,249,1,3,0.3152,0.1979,GREEN,49,Mumbai
CLM0024106,MUM_03102,Bandra,2022-03-22,12,0,0,0,0,1,0,0,0,0,0.0,1.0,0,0.0,0,311,3,2,0.9595,0.148,GREEN,34,Mumbai
CLM0024107,MUM_07063,Lower Parel,2024-07-24,12,0,0,0,0,0,0,0,0,0,1.0,0.19814,0,0.0,0,420,4,7,0.8871,0.0631,GREEN,32,Mumbai
CLM0024108,MUM_09354,Dadar,2024-08-27,17,0,1,1,0,0,0,0,0,0,1.0,1.0,0,1.0,0,305,1,2,0.4821,0.0171,GREEN,33,Mumbai
CLM0024109,MUM_00581,Andheri,2025-01-15,13,0,1,1,0,0,0,1,1,1,0.0,0.179579,0,0.0,0,5,0,18,0.8484,0.4052,YELLOW,27,Mumbai
CLM0024110,MUM_08227,Bandra,2024-04-18,9,0,1,1,1,0,0,0,0,0,0.0,0.426772,0,0.0,0,420,1,3,0.7049,0.7619,RED,49,Mumbai
CLM0024111,MUM_04194,Powai,2025-09-25,19,0,1,1,0,0,0,0,0,1,0.0,0.389022,0,0.0,0,304,2,7,0.9687,0.7299,RED,30,Mumbai
CLM0024112,MUM_07528,Dadar,2023-11-20,14,0,0,0,0,0,0,0,0,0,0.0,0.152373,0,0.0,0,5,0,2,0.8316,0.0302,GREEN,60,Mumbai
CLM0024113,MUM_02773,Chembur,2025-06-24,17,0,0,0,0,0,1,1,0,1,0.0,0.340107,0,0.0,0,12,3,2,0.7471,0.2574,GREEN,42,Mumbai
CLM0024114,MUM_06205,Ghatkopar,2022-08-10,10,0,0,0,0,0,0,0,0,0,0.0,0.405693,0,0.0,0,372,1,1,0.3028,0.0111,GREEN,31,Mumbai
CLM0024115,MUM_01799,Borivali,2023-03-06,11,0,0,0,0,0,0,0,0,0,0.0,0.073072,0,0.0,0,230,1,5,0.5676,0.0167,GREEN,41,Mumbai
CLM0024116,MUM_09746,Lower Parel,2023-09-01,19,0,0,0,1,0,0,0,0,0,0.0,0.314218,0,0.0,0,335,4,0,0.6004,0.2046,GREEN,54,Mumbai
CLM0024117,MUM_06421,Dadar,2024-02-16,15,0,0,0,0,0,0,1,0,0,0.0,0.28965,0,0.0,0,415,1,1,0.6138,0.0002,GREEN,42,Mumbai
CLM0024118,MUM_08902,Bandra,2025-10-24,13,0,0,0,0,0,0,0,0,0,0.0,0.952264,0,0.0,0,391,2,0,0.553,0.0,GREEN,33,Mumbai
CLM0024119,MUM_09177,Powai,2025-07-22,13,0,0,0,0,0,0,0,0,0,0.0,0.106872,0,0.0,0,309,3,2,0.6664,0.0024,GREEN,43,Mumbai
CLM0024120,MUM_05944,Vashi,2020-01-19,16,0,1,1,0,0,0,0,1,0,0.0,0.266976,0,0.0,0,420,1,0,0.5687,0.0105,GREEN,18,Mumbai
CLM0024121,MUM_02174,Lower Parel,2025-11-16,8,0,0,0,0,0,0,0,0,0,0.0,0.238002,0,0.0,0,130,1,0,0.9122,0.0542,GREEN,54,Mumbai
CLM0024122,MUM_03978,Lower Parel,2022-03-01,18,0,0,0,0,0,0,0,0,0,0.0,0.380435,0,0.0,0,306,1,1,0.7188,0.0,GREEN,49,Mumbai
CLM0024123,MUM_02768,Vashi,2023-08-30,14,0,0,0,0,0,1,0,0,1,0.0,0.0,0,0.0,0,223,0,0,0.2507,0.2182,GREEN,53,Mumbai
CLM0024124,MUM_05419,Borivali,2024-12-01,8,0,0,0,0,1,0,0,0,0,0.0,0.312228,0,0.0,0,82,0,3,0.92,0.1799,GREEN,25,Mumbai
CLM0024125,MUM_07213,Vashi,2022-12-31,19,0,0,0,0,0,0,0,0,0,0.0,1.0,0,0.0,0,102,0,0,0.7499,0.0,GREEN,43,Mumbai
CLM0024126,MUM_07261,Ghatkopar,2018-10-29,7,0,0,0,0,1,0,0,0,0,0.0,0.027119,0,0.0,0,420,1,0,0.7021,0.0666,GREEN,39,Mumbai
CLM0024127,MUM_07413,Borivali,2021-03-02,11,0,0,0,1,0,0,0,0,0,0.0,0.935299,0,0.0,0,163,0,5,0.4297,0.2502,GREEN,37,Mumbai
CLM0024128,MUM_04498,Thane,2023-06-26,21,0,0,0,0,0,0,0,0,0,0.0,0.251111,0,0.0,0,420,2,0,0.6912,0.0,GREEN,35,Mumbai
CLM0024129,MUM_04645,Chembur,2025-06-04,20,0,0,0,0,1,0,1,0,0,0.0,0.419013,0,0.0,0,262,2,2,0.8135,0.0653,GREEN,61,Mumbai
CLM0024130,MUM_00422,Dadar,2024-05-18,7,0,0,0,0,0,0,0,0,0,0.0,0.004441,0,0.0,0,352,3,0,0.8419,0.0544,GREEN,44,Mumbai
CLM0024131,MUM_08023,Lower Parel,2021-02-14,11,0,0,0,0,0,0,0,1,0,0.0,0.261815,0,0.0,0,420,2,0,0.8409,0.0795,GREEN,42,Mumbai
CLM0024132,MUM_05778,Dadar,2023-09-25,7,0,0,0,0,0,0,0,0,0,0.0,0.272919,0,0.0,0,314,2,7,0.98,0.0854,GREEN,43,Mumbai
CLM0024133,MUM_03503,Dadar,2023-05-22,16,0,0,0,0,0,0,1,0,0,0.0,0.087453,0,0.0,1,420,4,0,0.7645,0.1554,GREEN,51,Mumbai
CLM0024134,MUM_09245,Chembur,2022-02-25,13,0,0,0,0,0,0,0,0,0,0.0,0.20716,0,0.0,0,24,2,4,0.5965,0.038,GREEN,43,Mumbai
CLM0024135,MUM_09756,Dadar,2022-05-02,15,0,0,0,0,0,0,0,0,0,0.0,0.254416,0,0.0,0,210,0,5,0.1899,0.0,GREEN,46,Mumbai
CLM0024136,MUM_01773,Vashi,2019-10-25,15,0,0,0,0,0,0,0,0,0,0.0,0.394098,1,0.0,0,420,4,2,0.6591,0.0,GREEN,37,Mumbai
CLM0024137,MUM_06654,Ghatkopar,2025-06-01,20,0,0,0,0,0,0,0,0,0,0.0,0.0,0,0.0,0,420,3,0,0.764,0.0152,GREEN,53,Mumbai
CLM0024138,MUM_02604,Ghatkopar,2025-11-03,16,0,0,0,0,0,0,0,0,0,0.0,0.372132,0,0.0,0,382,2,1,0.7948,0.111,GREEN,39,Mumbai
CLM0024139,MUM_08449,Bandra,2024-10-14,15,0,0,0,0,1,0,0,0,0,0.0,0.961316,0,0.0,0,120,4,0,0.6284,0.1591,GREEN,50,Mumbai
CLM0024140,MUM_07787,Lower Parel,2024-06-11,9,0,0,0,0,0,0,0,0,0,0.0,0.557331,0,0.0,0,345,3,0,0.6022,0.0,GREEN,24,Mumbai
CLM0024141,MUM_03470,Ghatkopar,2020-08-09,15,0,0,0,0,0,0,0,0,0,0.0,0.069225,0,0.0,0,404,2,0,0.4734,0.0656,GREEN,49,Mumbai
CLM0024142,MUM_02288,Vashi,2025-02-24,8,0,0,0,0,0,0,0,0,0,0.0,0.308092,0,0.0,0,420,1,1,0.5193,0.1219,GREEN,22,Mumbai
CLM0024143,MUM_05786,Borivali,2025-11-04,20,0,0,0,0,0,0,1,0,0,0.0,0.249107,0,0.0,0,180,1,3,0.05,0.1966,GREEN,40,Mumbai
CLM0024144,MUM_02631,Powai,2025-05-01,20,0,0,0,0,0,1,0,0,0,0.0,0.312376,0,0.0,0,145,1,0,0.6896,0.0112,GREEN,39,Mumbai
CLM0024145,MUM_02334,Vashi,2025-06-19,20,0,0,0,0,0,0,0,1,1,1.0,0.0,0,0.0,0,248,0,1,0.6481,0.241,GREEN,38,Mumbai
CLM0024146,MUM_05651,Dadar,2025-04-04,19,0,0,0,0,0,1,0,1,0,0.0,0.0,0,0.0,0,399,0,0,0.8896,0.1459,GREEN,38,Mumbai
CLM0024147,MUM_08320,Andheri,2025-09-06,16,0,0,0,1,0,0,0,0,0,0.0,0.0,0,0.0,0,272,4,2,0.5516,0.1761,GREEN,37,Mumbai
CLM0024148,MUM_09588,Powai,2025-11-27,16,0,1,1,0,0,0,0,0,0,0.0,0.074162,0,0.0,0,145,2,6,0.6214,0.0107,GREEN,55,Mumbai
CLM0024149,MUM_01501,Bandra,2025-08-29,7,0,0,0,0,0,0,0,1,0,0.0,0.239693,1,0.0,0,307,1,0,0.5518,0.0,GREEN,37,Mumbai
CLM0024150,MUM_08843,Andheri,2025-02-27,16,0,0,0,0,0,1,0,0,0,1.0,0.478612,0,1.0,0,21,4,1,0.6301,0.2172,GREEN,42,Mumbai
CLM0024151,MUM_05787,Andheri,2025-01-17,21,0,0,0,0,0,0,0,0,0,1.0,1.0,0,1.0,0,291,0,0,0.7454,0.0882,GREEN,29,Mumbai
CLM0024152,MUM_02119,Ghatkopar,2025-12-18,8,0,0,0,0,0,0,0,0,0,0.0,0.0,0,0.0,0,420,2,0,0.1536,0.0538,GREEN,43,Mumbai
CLM0024153,MUM_07660,Ghatkopar,2017-02-19,15,0,0,0,0,0,1,0,0,0,0.0,0.018943,0,0.0,0,420,3,1,0.688,0.1061,GREEN,42,Mumbai
CLM0024154,MUM_05443,Bandra,2019-11-26,16,0,1,1,0,0,0,0,0,0,0.0,0.249048,0,0.0,0,275,1,0,0.5523,0.0758,GREEN,51,Mumbai
CLM0024155,MUM_08686,Vashi,2025-07-12,20,0,0,0,0,0,0,0,0,0,0.0,0.106243,0,1.0,0,420,2,6,0.0976,0.0,GREEN,42,Mumbai
CLM0024156,MUM_02040,Dadar,2016-03-23,7,0,0,0,0,0,0,0,0,1,0.0,0.315468,0,0.0,0,117,4,1,0.6067,0.2169,GREEN,39,Mumbai
CLM0024157,MUM_05411,Ghatkopar,2021-02-18,19,0,0,0,0,0,0,0,0,0,0.0,0.119746,0,0.0,0,420,1,5,0.9259,0.0341,GREEN,61,Mumbai
CLM0024158,MUM_00311,Ghatkopar,2020-05-13,19,0,0,0,0,1,0,1,1,0,1.0,1.0,0,0.0,0,5,3,18,0.2603,0.0416,GREEN,31,Mumbai
CLM0024159,MUM_08031,Lower Parel,2025-09-28,11,0,0,0,0,0,0,0,0,0,1.0,0.253306,0,0.0,0,35,2,4,0.5495,0.0,GREEN,50,Mumbai
CLM0024160,MUM_00313,Chembur,2025-12-12,7,0,0,0,0,0,1,0,0,0,0.0,0.008065,0,0.0,0,339,4,2,0.7762,0.1569,GREEN,39,Mumbai
CLM0024161,MUM_07730,Chembur,2024-07-02,18,0,0,0,0,1,1,0,1,0,0.0,0.269449,0,0.0,0,165,3,0,0.6335,0.3274,YELLOW,42,Mumbai
CLM0024162,MUM_09017,Borivali,2025-05-14,18,0,0,0,0,0,0,0,0,0,0.0,0.184141,0,0.0,0,178,1,0,0.8269,0.0264,GREEN,36,Mumbai
CLM0024163,MUM_02954,Andheri,2020-03-27,10,0,1,1,0,0,0,0,0,0,0.0,0.152439,0,0.0,0,390,0,0,0.7127,0.0,GREEN,48,Mumbai
CLM0024164,MUM_03809,Ghatkopar,2021-12-11,19,0,0,0,0,0,0,0,0,0,0.0,0.138515,0,1.0,0,94,2,0,0.7083,0.0,GREEN,27,Mumbai
CLM0024165,MUM_00154,Thane,2025-06-10,8,0,0,0,0,0,0,0,0,0,1.0,0.165233,0,0.0,0,335,2,0,0.8291,0.039,GREEN,41,Mumbai
CLM0024166,MUM_01846,Thane,2018-12-14,21,0,0,0,0,0,0,0,0,0,0.0,0.250096,0,0.0,0,161,1,7,0.4348,0.0,GREEN,30,Mumbai
CLM0024167,MUM_09132,Thane,2024-12-27,17,0,0,0,1,0,0,0,0,0,0.0,0.087549,0,0.0,0,86,1,5,0.9569,0.1886,GREEN,46,Mumbai
CLM0024168,MUM_01220,Borivali,2019-09-10,7,0,0,0,0,0,0,0,1,0,0.0,0.138901,0,0.0,0,212,0,2,0.98,0.0287,GREEN,54,Mumbai
CLM0024169,MUM_00820,Dadar,2025-05-12,21,0,0,0,0,0,0,0,0,0,0.0,0.153913,0,0.0,0,79,1,1,0.6548,0.123,GREEN,28,Mumbai
CLM0024170,MUM_02434,Bandra,2019-01-29,10,0,0,0,0,0,0,0,0,1,0.0,0.049758,0,0.0,1,229,0,5,0.7403,0.1094,GREEN,52,Mumbai
CLM0024171,MUM_06066,Thane,2019-12-26,7,0,0,0,0,0,0,0,0,0,0.0,0.059171,0,0.0,0,420,1,0,0.685,0.0,GREEN,57,Mumbai
CLM0024172,MUM_02055,Borivali,2022-05-07,12,0,0,0,0,0,0,0,0,0,0.0,0.037781,0,0.0,0,420,1,0,0.7276,0.0089,GREEN,40,Mumbai
CLM0024173,MUM_03771,Thane,2020-10-19,12,0,0,0,0,0,0,0,0,0,0.0,0.097917,1,0.0,0,388,4,0,0.6027,0.1608,GREEN,44,Mumbai
CLM0024174,MUM_02940,Chembur,2020-12-14,14,0,0,0,0,0,1,0,0,0,0.0,0.083039,0,0.0,0,320,4,4,0.7866,0.1128,GREEN,62,Mumbai
CLM0024175,MUM_01545,Borivali,2019-02-26,21,0,0,0,0,1,0,0,0,0,0.0,0.410027,0,0.0,0,98,3,1,0.8196,0.0748,GREEN,34,Mumbai
CLM0024176,MUM_00012,Borivali,2024-10-14,20,0,0,0,0,0,0,0,0,0,0.0,0.20128,0,0.0,0,144,2,0,0.98,0.0,GREEN,41,Mumbai
CLM0024177,MUM_01471,Andheri,2025-06-06,15,0,0,0,0,0,0,0,0,0,0.0,0.108223,0,0.0,1,390,2,6,0.7178,0.1947,GREEN,47,Mumbai
CLM0024178,MUM_04331,Powai,2025-05-21,15,0,0,0,0,0,0,0,0,0,0.0,0.077802,0,0.0,0,168,4,6,0.4171,0.0,GREEN,31,Mumbai
CLM0024179,MUM_00841,Thane,2025-02-08,20,0,0,0,0,0,0,0,0,0,0.0,0.053741,0,0.0,0,420,4,0,0.5234,0.0139,GREEN,52,Mumbai
CLM0024180,MUM_05670,Vashi,2025-03-29,15,0,0,0,0,0,0,0,0,0,0.0,0.331671,0,0.0,0,339,0,1,0.98,0.0906,GREEN,44,Mumbai
CLM0024181,MUM_03429,Andheri,2024-04-22,11,0,0,0,0,0,0,0,0,0,0.0,0.395463,1,0.0,0,209,2,6,0.1217,0.0927,GREEN,42,Mumbai
CLM0024182,MUM_04599,Ghatkopar,2024-07-18,21,0,0,0,0,0,0,0,0,0,0.0,0.375971,0,1.0,0,37,0,0,0.7562,0.0,GREEN,44,Mumbai
CLM0024183,MUM_00226,Dadar,2025-01-19,19,0,0,0,0,0,0,0,0,0,0.0,0.092648,0,0.0,0,118,1,0,0.6515,0.0,GREEN,58,Mumbai
CLM0024184,MUM_05708,Andheri,2025-10-01,15,0,1,1,0,0,0,0,0,0,0.0,0.019943,0,0.0,1,60,3,0,0.8503,0.0,GREEN,40,Mumbai
CLM0024185,MUM_00506,Ghatkopar,2025-02-09,13,0,0,0,0,0,0,0,0,0,0.0,0.267508,0,1.0,0,420,0,5,0.5597,0.0,GREEN,49,Mumbai
CLM0024186,MUM_05049,Borivali,2018-09-21,20,0,0,0,0,0,0,0,0,0,1.0,0.136655,0,0.0,0,33,0,1,0.7789,0.0327,GREEN,48,Mumbai
CLM0024187,MUM_09081,Andheri,2017-10-14,11,0,0,0,0,0,0,1,0,0,0.0,0.0,0,0.0,0,151,0,3,0.5321,0.0,GREEN,48,Mumbai
CLM0024188,MUM_05054,Bandra,2023-09-18,8,0,0,0,0,0,0,0,0,0,0.0,0.153405,0,0.0,0,420,0,1,0.98,0.0,GREEN,56,Mumbai
CLM0024189,MUM_07021,Thane,2018-04-09,20,0,0,0,0,0,0,0,0,0,0.0,0.029925,0,0.0,0,194,4,7,0.213,0.0,GREEN,42,Mumbai
CLM0024190,MUM_06862,Chembur,2020-11-06,21,0,0,0,0,0,0,0,0,0,1.0,0.322159,0,0.0,0,119,4,1,0.4796,0.1463,GREEN,52,Mumbai
CLM0024191,MUM_01870,Chembur,2018-12-10,8,0,0,0,0,0,0,0,0,0,0.0,0.379992,0,0.0,0,252,3,5,0.751,0.0,GREEN,32,Mumbai
CLM0024192,MUM_05655,Ghatkopar,2020-12-08,16,0,0,0,0,0,1,0,0,1,0.0,0.212161,0,0.0,0,244,3,0,0.7345,0.1936,GREEN,36,Mumbai
CLM0024193,MUM_00401,Powai,2021-06-09,18,0,0,0,1,0,0,0,0,0,0.0,0.207255,0,0.0,0,213,2,2,0.1108,0.1314,GREEN,54,Mumbai
CLM0024194,MUM_05114,Powai,2017-10-25,18,0,1,1,0,0,0,0,0,0,0.0,0.345368,0,0.0,0,420,0,0,0.7407,0.0587,GREEN,51,Mumbai
CLM0024195,MUM_07556,Dadar,2025-05-13,15,0,0,0,0,0,0,0,0,0,0.0,0.309458,0,0.0,0,257,2,1,0.05,0.1492,GREEN,42,Mumbai
CLM0024196,MUM_01709,Chembur,2023-05-17,20,0,0,0,0,0,0,0,0,0,0.0,0.343159,0,0.0,0,287,3,6,0.6627,0.0,GREEN,49,Mumbai
CLM0024197,MUM_03842,Powai,2018-08-24,7,0,0,0,0,0,0,0,0,0,0.0,0.254552,1,0.0,0,420,4,0,0.7549,0.0161,GREEN,52,Mumbai
CLM0024198,MUM_00779,Bandra,2019-07-14,8,0,0,0,0,0,1,0,0,0,0.0,0.376766,0,0.0,0,49,4,2,0.6819,0.0915,GREEN,41,Mumbai
CLM0024199,MUM_01680,Vashi,2019-06-23,8,0,0,0,0,1,0,0,1,0,1.0,0.156083,1,0.0,1,5,2,18,0.05,0.1195,GREEN,26,Mumbai
CLM0024200,MUM_07128,Powai,2018-06-15,20,0,0,0,0,0,0,0,0,0,0.0,0.25056,0,1.0,0,135,0,0,0.935,0.0,GREEN,37,Mumbai
CLM0024201,MUM_03779,Ghatkopar,2020-09-08,7,0,0,0,0,0,0,0,0,0,0.0,0.389868,0,0.0,0,148,3,0,0.808,0.0,GREEN,49,Mumbai
CLM0024202,MUM_05610,Dadar,2018-10-13,11,0,0,0,0,0,0,0,0,0,0.0,0.450045,0,0.0,0,44,1,2,0.9342,0.0,GREEN,51,Mumbai
CLM0024203,MUM_06465,Thane,2020-02-03,12,0,0,0,0,0,0,1,0,0,0.0,0.429488,0,1.0,0,172,3,4,0.5058,0.0832,GREEN,37,Mumbai
CLM0024204,MUM_00799,Vashi,2025-05-18,7,0,0,0,0,0,0,0,0,0,0.0,0.102468,0,0.0,0,420,4,8,0.9493,0.0,GREEN,49,Mumbai
CLM0024205,MUM_03913,Borivali,2023-07-06,16,0,0,0,0,0,0,1,0,1,0.0,0.151849,0,0.0,0,420,4,4,0.05,0.2616,GREEN,36,Mumbai
CLM0024206,MUM_04425,Powai,2017-01-25,16,0,0,0,0,0,0,0,0,0,0.0,0.088017,0,0.0,1,177,1,1,0.4538,0.0,GREEN,59,Mumbai
CLM0024207,MUM_09576,Lower Parel,2021-03-18,12,0,1,1,0,0,0,0,0,0,0.0,0.244849,1,0.0,0,376,4,0,0.6503,0.139,GREEN,51,Mumbai
CLM0024208,MUM_09265,Chembur,2024-10-08,7,0,0,0,0,0,0,0,0,0,0.0,0.061205,0,0.0,0,44,4,0,0.6157,0.1023,GREEN,54,Mumbai
CLM0024209,MUM_07229,Chembur,2024-05-02,8,0,0,0,0,0,0,0,0,0,1.0,0.127051,0,0.0,0,133,4,2,0.9632,0.0674,GREEN,30,Mumbai
CLM0024210,MUM_00730,Vashi,2025-07-29,12,0,0,0,0,0,0,0,0,0,0.0,0.39952,0,0.0,0,61,2,2,0.8259,0.0,GREEN,47,Mumbai
CLM0024211,MUM_08747,Andheri,2022-05-10,18,0,0,0,0,0,0,0,0,0,0.0,0.262587,0,0.0,0,303,2,0,0.9037,0.0,GREEN,46,Mumbai
CLM0024212,MUM_02615,Vashi,2018-10-22,14,0,0,0,0,0,0,0,0,0,0.0,0.14031,0,0.0,0,420,4,3,0.98,0.0167,GREEN,39,Mumbai
CLM0024213,MUM_04896,Andheri,2017-07-13,13,0,0,0,0,0,0,0,0,0,0.0,0.051744,0,0.0,0,379,2,4,0.5928,0.0,GREEN,48,Mumbai
CLM0024214,MUM_08937,Lower Parel,2017-11-08,16,0,0,0,0,0,0,0,0,0,0.0,0.154149,0,0.0,0,228,2,2,0.5179,0.0545,GREEN,31,Mumbai
CLM0024215,MUM_05275,Dadar,2021-09-09,15,0,0,0,0,0,0,0,1,0,0.0,0.057256,1,0.0,0,62,0,0,0.8043,0.1367,GREEN,39,Mumbai
CLM0024216,MUM_01984,Vashi,2019-03-19,12,0,0,0,0,0,0,0,0,0,0.0,0.0,0,0.0,0,277,1,0,0.8933,0.0948,GREEN,35,Mumbai
CLM0024217,MUM_03989,Powai,2019-01-31,12,0,0,0,0,0,0,0,1,0,0.0,0.276581,0,0.0,0,93,4,3,0.98,0.0187,GREEN,43,Mumbai
CLM0024218,MUM_03794,Andheri,2016-09-09,13,0,0,0,0,0,0,0,0,0,1.0,0.195702,0,0.0,0,400,0,3,0.1915,0.0737,GREEN,31,Mumbai
CLM0024219,MUM_02848,Borivali,2025-02-19,20,0,0,0,0,0,0,0,0,0,0.0,0.061461,0,0.0,0,420,1,5,0.9368,0.0446,GREEN,61,Mumbai
CLM0024220,MUM_08809,Dadar,2025-02-25,21,0,0,0,0,0,0,0,0,0,0.0,0.290927,0,1.0,0,263,3,1,0.05,0.0,GREEN,38,Mumbai
CLM0024221,MUM_05991,Powai,2025-01-24,7,0,0,0,0,0,0,0,0,0,0.0,1.0,0,0.0,0,373,4,1,0.7472,0.0,GREEN,64,Mumbai
CLM0024222,MUM_00250,Ghatkopar,2025-05-01,11,0,0,0,0,0,1,1,0,0,1.0,0.163314,0,0.0,0,317,3,3,0.8485,0.1034,GREEN,47,Mumbai
CLM0024223,MUM_04134,Borivali,2025-01-24,7,0,0,0,0,0,0,0,0,0,1.0,0.133016,0,0.0,0,373,3,3,0.8717,0.0228,GREEN,50,Mumbai
CLM0024224,MUM_00535,Thane,2025-08-14,21,0,0,0,0,0,0,0,0,0,0.0,0.040816,0,0.0,0,298,0,0,0.05,0.0951,GREEN,31,Mumbai
CLM0024225,MUM_05418,Powai,2023-08-25,17,0,0,0,0,0,0,0,1,0,0.0,0.19653,0,0.0,0,17,1,0,0.141,0.0966,GREEN,46,Mumbai
CLM0024226,MUM_02603,Powai,2023-12-04,10,0,0,0,0,0,0,0,0,0,0.0,0.321821,0,0.0,0,129,4,3,0.6584,0.0,GREEN,46,Mumbai
CLM0024227,MUM_01520,Bandra,2023-09-21,9,0,0,0,0,0,0,0,0,0,0.0,0.279903,0,0.0,0,420,3,1,0.9276,0.0,GREEN,36,Mumbai
CLM0024228,MUM_09974,Vashi,2024-01-05,20,0,0,0,0,0,0,0,0,0,0.0,0.507371,0,0.0,0,40,3,0,0.7198,0.0,GREEN,44,Mumbai
CLM0024229,MUM_04413,Dadar,2025-03-31,18,0,0,0,0,1,0,0,0,0,0.0,0.471279,0,0.0,0,283,4,4,0.98,0.2376,GREEN,44,Mumbai
CLM0024230,MUM_07174,Borivali,2022-07-07,19,0,0,0,0,0,0,0,0,0,0.0,0.357621,0,0.0,0,398,3,3,0.7701,0.0069,GREEN,47,Mumbai
CLM0024231,MUM_04412,Powai,2023-01-30,10,0,0,0,0,0,1,0,0,1,0.0,0.315334,0,0.0,0,216,0,4,0.1333,0.2336,GREEN,34,Mumbai
CLM0024232,MUM_02841,Lower Parel,2025-10-17,20,0,0,0,0,0,0,1,0,0,0.0,0.426523,0,0.0,0,348,0,2,0.6322,0.0761,GREEN,51,Mumbai
CLM0024233,MUM_02302,Borivali,2025-03-18,18,0,0,0,0,0,0,0,0,0,0.0,0.240067,0,0.0,0,420,3,2,0.7249,0.0,GREEN,53,Mumbai
CLM0024234,MUM_00103,Borivali,2020-09-19,13,0,0,0,0,0,0,1,0,0,0.0,0.138243,0,0.0,0,98,4,4,0.7827,0.0997,GREEN,33,Mumbai
CLM0024235,MUM_06977,Thane,2024-01-23,15,0,0,0,0,0,0,0,0,0,0.0,0.003564,0,0.0,0,209,4,0,0.6015,0.0,GREEN,49,Mumbai
CLM0024236,MUM_04208,Bandra,2019-04-09,13,0,0,0,0,0,0,0,0,0,0.0,0.266458,0,0.0,0,38,4,7,0.7566,0.0796,GREEN,48,Mumbai
CLM0024237,MUM_00430,Dadar,2022-05-05,13,0,0,0,0,0,0,0,0,0,0.0,0.326868,0,0.0,0,317,1,2,0.6271,0.0704,GREEN,36,Mumbai
CLM0024238,MUM_06692,Ghatkopar,2019-06-08,17,0,0,0,0,0,0,0,0,0,1.0,0.399106,0,0.0,0,325,4,6,0.436,0.1022,GREEN,47,Mumbai
CLM0024239,MUM_05321,Dadar,2021-01-13,8,0,0,0,0,0,0,0,0,0,0.0,0.245324,0,0.0,0,342,4,0,0.581,0.0274,GREEN,34,Mumbai
CLM0024240,MUM_04766,Dadar,2020-07-18,9,0,0,0,0,0,0,0,0,0,0.0,0.383911,0,0.0,0,73,4,4,0.9329,0.0,GREEN,53,Mumbai
CLM0024241,MUM_06143,Dadar,2023-05-19,7,0,0,0,0,0,0,0,0,0,0.0,0.147971,0,0.0,0,65,0,1,0.5732,0.0732,GREEN,49,Mumbai
CLM0024242,MUM_00964,Andheri,2022-10-23,16,0,0,0,0,0,1,0,0,0,0.0,0.145003,0,0.0,0,29,3,0,0.327,0.0417,GREEN,45,Mumbai
CLM0024243,MUM_00344,Chembur,2023-09-29,15,0,0,0,0,0,0,0,0,0,0.0,0.035939,0,0.0,0,41,0,1,0.837,0.0,GREEN,49,Mumbai
CLM0024244,MUM_05297,Powai,2024-08-17,8,0,0,0,0,0,0,0,0,0,0.0,0.12454,0,0.0,0,360,0,4,0.6868,0.0,GREEN,37,Mumbai
CLM0024245,MUM_00651,Dadar,2025-04-26,13,0,0,0,0,0,0,0,0,0,0.0,0.0,0,0.0,0,137,2,4,0.7919,0.0,GREEN,59,Mumbai
CLM0024246,MUM_04269,Andheri,2023-06-05,9,0,0,0,0,0,0,0,0,0,0.0,1.0,0,0.0,0,420,4,2,0.6807,0.0456,GREEN,43,Mumbai
CLM0024247,MUM_03654,Vashi,2020-03-05,8,0,0,0,0,0,0,0,1,0,0.0,0.299727,0,0.0,0,307,3,1,0.5299,0.1572,GREEN,59,Mumbai
CLM0024248,MUM_02202,Ghatkopar,2019-10-05,8,0,0,0,0,0,0,0,1,0,0.0,0.0,0,0.0,0,395,0,0,0.2658,0.1123,GREEN,55,Mumbai
CLM0024249,MUM_05193,Andheri,2024-11-18,18,0,0,0,0,0,0,0,0,0,0.0,0.362972,1,0.0,0,299,4,5,0.884,0.1021,GREEN,43,Mumbai
CLM0024250,MUM_07533,Ghatkopar,2023-12-24,13,0,0,0,0,0,0,0,0,0,0.0,0.126338,0,0.0,0,391,0,0,0.746,0.0,GREEN,34,Mumbai
CLM0024251,MUM_01606,Powai,2024-01-25,17,0,0,0,0,0,0,0,1,0,1.0,0.364818,0,0.0,0,178,2,7,0.671,0.2269,GREEN,30,Mumbai
CLM0024252,MUM_00262,Vashi,2024-07-26,10,0,0,0,0,0,1,0,0,0,0.0,0.245695,0,1.0,0,420,0,1,0.8279,0.0354,GREEN,58,Mumbai
CLM0024253,MUM_08687,Thane,2023-08-15,8,0,0,0,0,0,0,0,0,0,0.0,0.366963,0,1.0,0,226,0,1,0.6974,0.1161,GREEN,34,Mumbai
CLM0024254,MUM_05711,Andheri,2024-05-24,18,0,0,0,0,1,1,0,0,0,0.0,0.189219,0,0.0,0,420,2,2,0.8302,0.2997,GREEN,50,Mumbai
CLM0024255,MUM_08463,Dadar,2025-08-20,14,0,0,0,0,1,0,0,1,0,0.0,0.24992,0,0.0,0,112,0,0,0.5861,0.2059,GREEN,52,Mumbai
CLM0024256,MUM_05427,Lower Parel,2022-05-13,8,0,0,0,0,0,0,0,0,0,0.0,0.194431,0,0.0,0,244,4,0,0.7139,0.0736,GREEN,27,Mumbai
CLM0024257,MUM_08613,Powai,2025-07-03,7,0,0,0,0,0,0,0,0,0,0.0,0.210399,0,0.0,0,287,0,4,0.9101,0.0084,GREEN,26,Mumbai
CLM0024258,MUM_08552,Powai,2024-01-05,14,0,1,1,0,1,0,0,0,0,0.0,0.141334,0,0.0,0,268,1,0,0.7475,0.1546,GREEN,29,Mumbai
CLM0024259,MUM_08439,Andheri,2025-01-21,12,0,0,0,0,0,0,0,0,0,0.0,0.318168,0,0.0,0,89,0,2,0.1743,0.0221,GREEN,53,Mumbai
CLM0024260,MUM_07462,Ghatkopar,2024-05-27,20,0,0,0,0,0,0,0,0,0,0.0,0.343779,0,0.0,0,360,3,1,0.7115,0.0802,GREEN,48,Mumbai
CLM0024261,MUM_03641,Vashi,2022-11-20,10,0,0,0,0,0,0,0,0,0,0.0,0.11586,0,0.0,0,296,0,0,0.6702,0.0,GREEN,37,Mumbai
CLM0024262,MUM_03399,Ghatkopar,2023-06-08,21,0,0,0,0,0,0,1,0,0,0.0,0.367411,0,0.0,0,389,3,3,0.98,0.0893,GREEN,62,Mumbai
CLM0024263,MUM_08550,Borivali,2022-10-21,13,0,0,0,0,0,0,0,0,0,0.0,0.085956,0,0.0,0,237,1,1,0.5146,0.0,GREEN,34,Mumbai
CLM0024264,MUM_02882,Powai,2025-01-18,17,0,0,0,0,0,1,1,0,0,0.0,0.045161,0,0.0,0,275,3,0,0.093,0.1426,GREEN,38,Mumbai
CLM0024265,MUM_01801,Chembur,2020-05-22,8,0,0,0,0,0,1,0,0,1,0.0,0.072158,0,0.0,0,187,2,4,0.87,0.1829,GREEN,20,Mumbai
CLM0024266,MUM_07979,Borivali,2021-11-25,13,0,0,0,0,0,0,0,0,1,0.0,0.113635,0,0.0,0,258,4,2,0.6727,0.0978,GREEN,25,Mumbai
CLM0024267,MUM_09970,Lower Parel,2025-03-31,16,0,0,0,0,0,0,0,0,0,0.0,0.158545,0,0.0,0,187,0,7,0.4857,0.0,GREEN,33,Mumbai
CLM0024268,MUM_06420,Chembur,2024-05-06,18,0,0,0,0,0,0,0,0,0,0.0,0.339862,0,0.0,0,266,1,2,0.1579,0.0,GREEN,53,Mumbai
CLM0024269,MUM_05567,Vashi,2022-09-25,7,0,0,0,0,0,0,0,0,0,0.0,0.12572,0,0.0,0,109,2,2,0.601,0.0,GREEN,39,Mumbai
CLM0024270,MUM_08256,Lower Parel,2024-08-31,14,0,0,0,0,0,0,0,0,0,0.0,0.422366,0,0.0,0,181,0,3,0.609,0.0,GREEN,48,Mumbai
CLM0024271,MUM_01210,Chembur,2024-06-23,14,0,0,0,0,0,0,0,0,0,0.0,0.044241,0,0.0,0,255,3,1,0.605,0.0,GREEN,52,Mumbai
CLM0024272,MUM_09482,Thane,2025-01-28,12,0,1,1,0,0,0,0,0,0,0.0,0.18887,0,0.0,0,357,1,6,0.05,0.0621,GREEN,33,Mumbai
CLM0024273,MUM_05594,Powai,2025-06-08,20,0,0,0,0,0,0,0,0,0,1.0,0.0,0,0.0,0,420,3,2,0.98,0.065,GREEN,39,Mumbai
CLM0024274,MUM_07424,Bandra,2025-05-24,17,0,0,0,0,0,0,0,0,0,0.0,0.155428,0,0.0,0,395,4,2,0.8891,0.1351,GREEN,57,Mumbai
CLM0024275,MUM_09699,Ghatkopar,2025-09-21,10,0,0,0,0,0,0,0,0,0,0.0,0.103263,0,0.0,0,309,0,3,0.3898,0.0489,GREEN,48,Mumbai
CLM0024276,MUM_05146,Bandra,2025-11-10,11,0,0,0,0,0,0,1,0,0,0.0,0.212268,0,0.0,0,420,3,1,0.8428,0.1609,GREEN,28,Mumbai
CLM0024277,MUM_01145,Bandra,2024-04-13,16,0,0,0,0,0,0,0,0,0,0.0,0.268387,0,0.0,0,105,1,0,0.5464,0.0,GREEN,44,Mumbai
CLM0024278,MUM_02004,Powai,2024-09-06,14,0,0,0,0,0,0,0,0,0,0.0,0.117538,0,0.0,0,420,0,0,0.8309,0.0,GREEN,23,Mumbai
CLM0024279,MUM_07460,Andheri,2025-02-17,13,0,0,0,0,0,0,0,0,0,0.0,0.963127,0,0.0,1,208,0,0,0.6103,0.0912,GREEN,42,Mumbai
CLM0024280,MUM_03169,Powai,2024-11-27,21,0,0,0,1,0,0,0,0,0,0.0,0.13314,0,0.0,0,420,4,0,0.7572,0.2693,GREEN,36,Mumbai
CLM0024281,MUM_07299,Bandra,2025-02-23,9,0,0,0,0,0,0,0,0,0,0.0,0.051352,0,0.0,0,69,2,0,0.7368,0.0768,GREEN,38,Mumbai
CLM0024282,MUM_08716,Ghatkopar,2023-09-18,8,0,0,0,0,0,0,0,0,0,0.0,0.292948,0,0.0,0,420,4,0,0.8609,0.0287,GREEN,58,Mumbai
CLM0024283,MUM_07685,Chembur,2024-09-11,13,0,0,0,0,0,0,0,0,0,0.0,0.193544,0,0.0,0,115,0,3,0.1483,0.0891,GREEN,43,Mumbai
CLM0024284,MUM_02855,Lower Parel,2024-06-28,18,0,0,0,1,0,0,0,0,0,0.0,0.370063,0,0.0,1,118,1,4,0.7512,0.1763,GREEN,52,Mumbai
CLM0024285,MUM_05782,Thane,2023-06-10,18,0,0,0,0,0,1,0,0,0,0.0,0.376912,0,0.0,0,378,4,4,0.0879,0.1202,GREEN,47,Mumbai
CLM0024286,MUM_05258,Thane,2024-09-30,19,0,0,0,0,0,0,1,0,0,0.0,0.151793,0,0.0,0,399,1,0,0.4335,0.0911,GREEN,43,Mumbai
CLM0024287,MUM_06892,Vashi,2025-03-08,21,0,0,0,0,0,0,0,0,0,0.0,0.415473,0,0.0,0,420,3,2,0.7067,0.032,GREEN,29,Mumbai
CLM0024288,MUM_06791,Andheri,2024-01-15,9,0,0,0,0,0,0,0,0,0,0.0,0.412003,0,0.0,0,178,3,1,0.9164,0.0,GREEN,45,Mumbai
CLM0024289,MUM_07371,Vashi,2024-02-17,7,0,0,0,0,0,0,0,0,0,0.0,0.0,0,1.0,0,99,3,2,0.8211,0.0594,GREEN,43,Mumbai
CLM0024290,MUM_08807,Powai,2024-03-25,16,0,1,1,0,0,1,1,0,0,0.0,0.277823,0,0.0,0,274,1,1,0.3713,0.1569,GREEN,18,Mumbai
CLM0024291,MUM_02243,Andheri,2025-04-06,12,0,0,0,0,0,0,0,0,0,0.0,0.223211,0,0.0,0,96,4,2,0.05,0.0,GREEN,46,Mumbai
CLM0024292,MUM_05071,Chembur,2023-12-13,19,0,0,0,0,0,0,0,1,0,0.0,0.189892,0,0.0,0,267,4,3,0.98,0.1111,GREEN,41,Mumbai
CLM0024293,MUM_00412,Powai,2025-12-04,8,0,0,0,0,0,1,1,1,0,0.0,0.269127,0,0.0,0,399,3,6,0.611,0.1902,GREEN,34,Mumbai
CLM0024294,MUM_07774,Lower Parel,2025-07-20,14,0,1,1,0,0,0,1,0,0,0.0,0.447654,0,0.0,0,420,0,2,0.2212,0.0798,GREEN,38,Mumbai
CLM0024295,MUM_02119,Ghatkopar,2020-11-27,9,0,0,0,0,0,0,0,0,0,0.0,0.44216,0,0.0,0,239,3,4,0.7729,0.0,GREEN,43,Mumbai
CLM0024296,MUM_00183,Thane,2020-11-11,15,0,0,0,0,0,0,0,0,0,0.0,1.0,0,0.0,0,420,0,3,0.872,0.0,GREEN,64,Mumbai
CLM0024297,MUM_05129,Dadar,2018-11-18,10,0,0,0,0,0,0,0,0,1,0.0,0.146833,0,0.0,0,182,4,5,0.6599,0.2094,GREEN,47,Mumbai
CLM0024298,MUM_00773,Vashi,2017-12-11,20,0,0,0,0,0,0,0,0,0,0.0,0.302782,0,0.0,0,144,3,1,0.5875,0.0283,GREEN,37,Mumbai
CLM0024299,MUM_07740,Ghatkopar,2025-04-22,16,0,0,0,1,0,0,0,0,0,0.0,0.323292,0,0.0,0,409,1,2,0.9038,0.1827,GREEN,40,Mumbai
CLM0024300,MUM_01646,Borivali,2025-02-15,10,0,0,0,0,0,0,0,0,0,0.0,0.285213,0,0.0,0,420,2,0,0.9116,0.1059,GREEN,54,Mumbai
CLM0024301,MUM_09900,Lower Parel,2021-08-20,17,0,0,0,0,0,0,0,0,0,0.0,0.357822,0,1.0,0,285,3,2,0.6187,0.0816,GREEN,60,Mumbai
CLM0024302,MUM_00657,Andheri,2023-10-12,9,0,0,0,0,0,0,0,0,1,0.0,0.168415,0,0.0,0,263,4,2,0.98,0.1022,GREEN,38,Mumbai
CLM0024303,MUM_09935,Bandra,2023-01-09,13,0,0,0,0,0,0,0,0,0,0.0,0.125409,0,0.0,0,420,4,0,0.9476,0.0,GREEN,22,Mumbai
CLM0024304,MUM_02625,Ghatkopar,2022-10-12,11,0,0,0,0,0,0,0,0,0,0.0,0.32588,0,0.0,0,256,2,2,0.6068,0.0,GREEN,42,Mumbai
CLM0024305,MUM_00111,Andheri,2018-11-30,14,0,0,0,1,0,0,0,0,0,0.0,0.398327,0,0.0,0,305,0,0,0.1094,0.1728,GREEN,42,Mumbai
CLM0024306,MUM_05315,Thane,2021-06-24,7,0,1,1,0,0,0,0,0,0,0.0,0.215316,0,0.0,0,308,1,4,0.7202,0.0232,GREEN,26,Mumbai
CLM0024307,MUM_02014,Vashi,2023-11-29,18,0,0,0,0,0,1,0,0,0,0.0,0.260561,0,0.0,0,321,3,2,0.5568,0.0897,GREEN,42,Mumbai
CLM0024308,MUM_07125,Lower Parel,2024-04-20,7,0,0,0,0,0,0,0,0,0,0.0,0.16933,0,0.0,0,98,1,1,0.6921,0.0014,GREEN,29,Mumbai
CLM0024309,MUM_09981,Ghatkopar,2025-12-06,14,0,0,0,0,0,0,0,0,0,0.0,0.172617,0,0.0,0,39,4,5,0.7278,0.0664,GREEN,53,Mumbai
CLM0024310,MUM_02572,Chembur,2021-10-12,8,0,0,0,0,0,0,0,0,0,1.0,1.0,0,1.0,0,420,1,2,0.5763,0.1504,GREEN,42,Mumbai
CLM0024311,MUM_01292,Lower Parel,2020-10-29,18,0,0,0,0,0,0,0,0,0,1.0,0.332295,0,0.0,0,341,3,4,0.98,0.0448,GREEN,56,Mumbai
CLM0024312,MUM_05654,Bandra,2025-07-11,11,0,0,0,0,0,0,0,0,0,0.0,0.352658,0,0.0,0,420,3,2,0.5277,0.1277,GREEN,37,Mumbai
CLM0024313,MUM_07809,Lower Parel,2025-07-18,7,0,0,0,0,0,0,0,0,0,0.0,0.173443,0,0.0,0,420,3,3,0.5245,0.0403,GREEN,44,Mumbai
CLM0024314,MUM_05435,Ghatkopar,2024-03-25,19,0,0,0,0,0,0,0,0,1,0.0,0.96321,0,0.0,0,413,3,4,0.0717,0.0845,GREEN,59,Mumbai
CLM0024315,MUM_01567,Borivali,2025-09-03,18,0,0,0,0,0,0,0,0,0,0.0,0.304358,0,0.0,0,408,1,1,0.98,0.0,GREEN,37,Mumbai
CLM0024316,MUM_08571,Vashi,2025-07-06,13,0,0,0,0,0,0,0,0,0,0.0,1.0,0,0.0,0,99,0,4,0.8449,0.0033,GREEN,38,Mumbai
CLM0024317,MUM_00137,Thane,2024-07-01,18,0,0,0,0,0,0,0,0,0,0.0,0.001488,0,0.0,0,318,0,7,0.5732,0.0061,GREEN,55,Mumbai
CLM0024318,MUM_02013,Dadar,2024-07-09,21,0,0,0,0,0,0,0,0,0,0.0,0.272512,0,0.0,0,283,4,0,0.4706,0.0531,GREEN,42,Mumbai
CLM0024319,MUM_02242,Bandra,2025-08-15,13,0,0,0,0,0,0,0,0,0,0.0,0.078927,0,0.0,0,174,2,0,0.9678,0.0,GREEN,42,Mumbai
CLM0024320,MUM_05880,Andheri,2025-04-27,12,0,0,0,0,0,0,0,0,0,0.0,0.204987,0,0.0,1,95,2,4,0.6859,0.0558,GREEN,19,Mumbai
CLM0024321,MUM_01150,Vashi,2025-10-02,9,0,0,0,0,0,0,0,1,0,0.0,1.0,0,0.0,1,346,1,3,0.4643,0.203,GREEN,59,Mumbai
CLM0024322,MUM_04080,Borivali,2024-12-19,16,0,0,0,0,0,0,0,0,0,0.0,0.134161,0,0.0,0,222,4,3,0.4567,0.0,GREEN,40,Mumbai
CLM0024323,MUM_05004,Dadar,2022-05-29,21,0,1,1,0,0,0,0,1,0,0.0,0.168148,0,0.0,0,392,2,3,0.9459,0.0565,GREEN,35,Mumbai
CLM0024324,MUM_01873,Dadar,2023-02-21,12,0,0,0,0,0,0,0,0,0,0.0,0.133172,0,0.0,0,251,2,0,0.704,0.0014,GREEN,56,Mumbai
CLM0024325,MUM_06265,Powai,2025-05-15,10,0,0,0,0,1,0,0,0,0,0.0,0.268247,0,0.0,0,154,3,0,0.5289,0.0561,GREEN,45,Mumbai
CLM0024326,MUM_01376,Borivali,2025-03-11,16,0,0,0,0,0,1,1,0,0,0.0,0.28641,0,1.0,0,234,4,3,0.8711,0.1474,GREEN,45,Mumbai
CLM0024327,MUM_08141,Bandra,2025-10-24,7,0,0,0,0,0,0,0,0,0,0.0,0.214213,0,0.0,0,406,3,2,0.9069,0.0,GREEN,31,Mumbai
CLM0024328,MUM_09928,Ghatkopar,2025-12-12,11,0,0,0,0,0,1,0,0,0,0.0,0.005368,0,0.0,0,316,1,3,0.0932,0.048,GREEN,42,Mumbai
CLM0024329,MUM_09497,Ghatkopar,2025-09-03,7,0,0,0,0,0,0,0,0,0,0.0,0.106539,0,0.0,0,5,0,5,0.7299,0.0578,GREEN,48,Mumbai
CLM0024330,MUM_06871,Lower Parel,2025-08-07,8,0,0,0,0,0,0,0,0,0,0.0,0.39732,0,0.0,0,323,1,7,0.9377,0.0,GREEN,44,Mumbai
CLM0024331,MUM_04549,Bandra,2025-09-08,10,0,0,0,0,0,1,0,0,0,0.0,0.347587,0,0.0,0,265,1,0,0.171,0.1006,GREEN,38,Mumbai
CLM0024332,MUM_01076,Lower Parel,2025-11-02,15,0,0,0,0,0,0,0,0,0,0.0,0.0,0,0.0,0,129,3,3,0.7895,0.0411,GREEN,41,Mumbai
CLM0024333,MUM_06825,Lower Parel,2025-03-24,19,0,0,0,0,0,0,0,0,0,0.0,0.04353,0,0.0,1,420,2,4,0.7274,0.0414,GREEN,49,Mumbai
CLM0024334,MUM_02553,Thane,2025-01-02,16,0,1,1,1,0,0,0,1,0,0.0,0.356224,0,1.0,0,134,1,4,0.9575,0.2554,GREEN,32,Mumbai
CLM0024335,MUM_09588,Powai,2024-12-20,19,0,0,0,0,0,0,1,0,0,0.0,0.081859,0,0.0,0,364,3,0,0.4637,0.0684,GREEN,55,Mumbai
CLM0024336,MUM_06420,Chembur,2025-10-19,13,0,0,0,0,0,1,0,0,0,0.0,0.505435,1,0.0,0,420,1,0,0.7601,0.1628,GREEN,53,Mumbai
CLM0024337,MUM_09158,Vashi,2020-05-17,17,0,0,0,0,0,0,0,0,0,0.0,0.387173,0,0.0,0,79,2,1,0.562,0.0,GREEN,25,Mumbai
CLM0024338,MUM_04933,Thane,2022-08-16,7,0,0,0,0,0,0,0,0,0,1.0,0.084958,0,0.0,0,413,4,4,0.4485,0.1176,GREEN,38,Mumbai
CLM0024339,MUM_06510,Ghatkopar,2022-02-23,10,0,0,0,1,0,1,1,1,0,1.0,0.939245,0,1.0,1,26,3,18,0.89,0.0451,GREEN,56,Mumbai
CLM0024340,MUM_08044,Thane,2024-04-23,21,0,0,0,0,0,1,0,0,0,0.0,0.363918,0,0.0,0,202,1,4,0.7468,0.0981,GREEN,26,Mumbai
CLM0024341,MUM_00522,Lower Parel,2019-03-31,10,0,0,0,0,0,0,1,0,0,0.0,0.180336,0,0.0,0,73,2,1,0.9085,0.0761,GREEN,48,Mumbai
CLM0024342,MUM_05050,Ghatkopar,2025-11-28,16,0,0,0,0,0,0,0,0,0,1.0,0.322652,0,0.0,0,218,3,4,0.5918,0.0405,GREEN,27,Mumbai
CLM0024343,MUM_01491,Vashi,2019-08-18,13,0,0,0,0,0,0,0,0,0,0.0,0.960895,0,0.0,0,239,0,3,0.7751,0.0191,GREEN,47,Mumbai
CLM0024344,MUM_06762,Vashi,2024-10-03,14,0,0,0,0,0,0,0,0,0,0.0,0.153202,0,0.0,0,170,4,7,0.05,0.0,GREEN,21,Mumbai
CLM0024345,MUM_01509,Vashi,2022-10-07,7,0,0,0,0,0,0,0,0,0,0.0,0.358429,0,0.0,0,134,1,4,0.7182,0.0128,GREEN,53,Mumbai
CLM0024346,MUM_00088,Andheri,2023-02-28,19,0,0,0,1,0,0,0,0,0,0.0,0.255585,0,0.0,0,110,0,0,0.2309,0.0839,GREEN,52,Mumbai
CLM0024347,MUM_09812,Thane,2025-08-26,9,0,0,0,0,1,1,0,0,0,1.0,0.264307,0,0.0,0,342,0,3,0.3717,0.0113,GREEN,48,Mumbai
CLM0024348,MUM_08603,Lower Parel,2023-10-08,16,0,0,0,1,0,0,0,1,0,0.0,0.985516,0,0.0,0,327,1,5,0.1114,0.2244,GREEN,48,Mumbai
CLM0024349,MUM_04683,Andheri,2022-09-14,14,0,0,0,0,0,0,0,0,0,0.0,0.907078,0,0.0,0,151,1,2,0.7522,0.0823,GREEN,43,Mumbai
CLM0024350,MUM_04999,Ghatkopar,2025-02-12,10,0,0,0,0,0,0,0,0,0,0.0,0.085314,0,0.0,0,256,1,4,0.1659,0.0,GREEN,46,Mumbai
CLM0024351,MUM_04455,Ghatkopar,2017-03-14,13,0,0,0,0,0,0,0,0,0,0.0,0.395258,0,0.0,0,344,4,0,0.539,0.0,GREEN,38,Mumbai
CLM0024352,MUM_03763,Thane,2022-01-03,15,0,0,0,0,0,0,0,0,0,0.0,0.236983,0,0.0,0,101,4,5,0.6647,0.0,GREEN,49,Mumbai
CLM0024353,MUM_00101,Bandra,2020-08-21,17,0,0,0,0,0,0,0,0,1,0.0,0.001487,0,0.0,0,420,2,0,0.453,0.0667,GREEN,40,Mumbai
CLM0024354,MUM_04077,Powai,2024-07-06,9,0,0,0,0,0,0,0,0,0,0.0,0.437069,0,0.0,0,138,1,3,0.7035,0.0,GREEN,44,Mumbai
CLM0024355,MUM_04026,Borivali,2025-12-17,9,0,0,0,0,0,0,0,0,0,0.0,0.131951,0,0.0,0,41,2,5,0.6001,0.0,GREEN,44,Mumbai
CLM0024356,MUM_08698,Vashi,2024-07-15,15,0,0,0,0,0,0,0,0,0,1.0,1.0,0,1.0,0,173,4,5,0.8447,0.0356,GREEN,51,Mumbai
CLM0024357,MUM_06744,Bandra,2025-03-14,21,0,0,0,0,0,1,0,0,0,0.0,0.020654,0,0.0,0,420,2,6,0.7276,0.1762,GREEN,30,Mumbai
CLM0024358,MUM_00038,Thane,2024-01-17,11,0,0,0,0,0,0,0,1,0,0.0,0.070548,0,1.0,0,420,0,1,0.7817,0.1934,GREEN,43,Mumbai
CLM0024359,MUM_09486,Powai,2025-01-29,16,0,0,0,0,0,0,0,0,1,0.0,0.137119,0,0.0,0,383,2,3,0.05,0.0809,GREEN,56,Mumbai
CLM0024360,MUM_08914,Thane,2024-12-08,11,0,0,0,1,0,0,0,0,0,0.0,0.08624,0,0.0,0,141,1,0,0.177,0.2114,GREEN,50,Mumbai
CLM0024361,MUM_02369,Chembur,2025-01-10,7,0,0,0,0,0,1,0,0,0,0.0,0.344046,0,0.0,0,103,0,4,0.98,0.1465,GREEN,49,Mumbai
CLM0024362,MUM_00208,Borivali,2024-04-05,18,0,0,0,0,0,0,1,0,1,0.0,0.342933,0,1.0,0,420,1,0,0.05,0.1204,GREEN,44,Mumbai
CLM0024363,MUM_03924,Powai,2019-11-08,21,0,0,0,0,0,0,0,0,0,0.0,1.0,0,0.0,0,124,3,1,0.8253,0.0872,GREEN,52,Mumbai
CLM0024364,MUM_09401,Borivali,2025-05-23,16,0,0,0,0,0,1,0,0,0,0.0,0.327564,0,0.0,0,91,0,0,0.9569,0.1307,GREEN,54,Mumbai
CLM0024365,MUM_08792,Borivali,2025-07-28,12,0,0,0,0,0,0,0,0,0,0.0,0.356639,0,0.0,0,115,3,5,0.1573,0.0,GREEN,38,Mumbai
CLM0024366,MUM_06733,Ghatkopar,2021-03-28,16,0,0,0,0,0,0,0,0,0,0.0,0.210793,0,0.0,0,420,1,3,0.5688,0.0,GREEN,40,Mumbai
CLM0024367,MUM_06687,Andheri,2022-08-22,19,0,0,0,0,0,0,0,0,0,0.0,0.934179,0,0.0,0,188,4,0,0.9337,0.0865,GREEN,58,Mumbai
CLM0024368,MUM_05127,Borivali,2022-12-28,12,0,0,0,0,1,0,0,0,0,0.0,0.055986,0,0.0,0,150,4,4,0.5136,0.1076,GREEN,51,Mumbai
CLM0024369,MUM_05499,Dadar,2017-10-19,18,0,0,0,0,0,0,0,0,0,0.0,0.048087,0,0.0,0,131,2,5,0.9674,0.0,GREEN,47,Mumbai
CLM0024370,MUM_03719,Lower Parel,2017-04-16,16,0,1,1,0,0,0,0,0,0,0.0,0.015019,0,0.0,0,175,1,5,0.837,0.0,GREEN,45,Mumbai
CLM0024371,MUM_03330,Vashi,2019-06-26,12,0,0,0,0,0,0,0,1,0,0.0,0.120611,0,0.0,1,397,1,0,0.9014,0.0739,GREEN,70,Mumbai
CLM0024372,MUM_05403,Andheri,2018-12-29,21,0,0,0,0,0,0,0,0,0,0.0,0.202447,0,0.0,0,84,2,0,0.467,0.0,GREEN,42,Mumbai
CLM0024373,MUM_05206,Lower Parel,2023-06-07,20,0,0,0,0,0,0,0,0,0,0.0,0.0,0,0.0,0,339,3,4,0.6214,0.0,GREEN,33,Mumbai
CLM0024374,MUM_05486,Vashi,2025-10-10,8,0,0,0,0,0,0,1,0,0,0.0,0.263368,0,0.0,0,318,0,5,0.8755,0.0567,GREEN,55,Mumbai
CLM0024375,MUM_05212,Bandra,2019-07-28,16,0,0,0,1,1,1,1,1,1,1.0,1.0,0,0.0,1,28,0,18,0.05,0.0502,GREEN,18,Mumbai
CLM0024376,MUM_07520,Dadar,2023-04-18,7,0,0,0,0,0,1,0,0,0,0.0,0.326707,0,0.0,0,420,3,1,0.5531,0.0881,GREEN,66,Mumbai
CLM0024377,MUM_07782,Chembur,2021-07-23,10,0,0,0,0,0,0,0,0,0,0.0,0.273916,0,0.0,0,46,2,1,0.4977,0.0,GREEN,27,Mumbai
CLM0024378,MUM_03649,Borivali,2021-10-21,10,0,0,0,0,0,0,0,0,0,0.0,0.325358,0,0.0,0,110,0,0,0.5439,0.0126,GREEN,25,Mumbai
CLM0024379,MUM_09116,Ghatkopar,2022-01-08,17,0,1,1,0,0,0,0,0,0,0.0,0.276544,0,0.0,0,420,1,4,0.05,0.0557,GREEN,25,Mumbai
CLM0024380,MUM_06538,Lower Parel,2023-01-15,10,0,0,0,0,0,0,0,0,0,1.0,0.226368,0,0.0,1,61,0,1,0.8542,0.1581,GREEN,55,Mumbai
CLM0024381,MUM_00399,Powai,2020-12-30,13,0,0,0,0,0,0,0,0,0,0.0,0.194863,0,0.0,0,107,2,0,0.6827,0.0,GREEN,37,Mumbai
CLM0024382,MUM_06961,Lower Parel,2021-10-10,21,0,0,0,0,0,0,0,0,0,0.0,0.056699,0,0.0,0,20,0,5,0.528,0.0,GREEN,41,Mumbai
CLM0024383,MUM_05941,Thane,2019-03-26,12,0,0,0,1,0,0,0,0,0,0.0,0.041259,0,0.0,0,197,1,1,0.7019,0.1344,GREEN,27,Mumbai
CLM0024384,MUM_06276,Chembur,2019-05-12,20,0,0,0,0,0,0,0,0,0,0.0,0.272705,0,0.0,0,199,2,1,0.8971,0.0,GREEN,37,Mumbai
CLM0024385,MUM_09917,Dadar,2020-06-24,13,0,0,0,0,0,1,0,0,0,0.0,0.173619,0,0.0,0,229,2,1,0.3614,0.149,GREEN,51,Mumbai
CLM0024386,MUM_08984,Thane,2019-05-10,14,0,0,0,0,0,1,0,0,0,1.0,1.0,0,0.0,0,80,4,0,0.618,0.1855,GREEN,60,Mumbai
CLM0024387,MUM_05747,Powai,2019-11-18,12,0,0,0,0,0,0,0,1,0,0.0,0.081669,0,0.0,0,166,2,0,0.875,0.2132,GREEN,21,Mumbai
CLM0024388,MUM_01638,Andheri,2025-10-11,12,0,0,0,0,0,0,0,0,0,0.0,0.355912,0,0.0,0,88,4,2,0.6611,0.0055,GREEN,26,Mumbai
CLM0024389,MUM_08960,Thane,2021-07-08,17,0,0,0,0,0,0,0,0,0,0.0,0.168188,0,0.0,0,140,0,4,0.9038,0.0382,GREEN,27,Mumbai
CLM0024390,MUM_02222,Ghatkopar,2023-12-02,14,0,0,0,0,0,0,0,0,0,0.0,1.0,0,0.0,0,71,0,5,0.5356,0.0381,GREEN,51,Mumbai
CLM0024391,MUM_09939,Ghatkopar,2023-06-28,9,0,0,0,0,0,0,0,0,0,0.0,0.083167,0,0.0,0,420,1,3,0.442,0.023,GREEN,53,Mumbai
CLM0024392,MUM_03791,Dadar,2025-04-20,17,0,0,0,0,0,0,1,0,0,0.0,0.078825,0,0.0,0,131,0,4,0.9058,0.0787,GREEN,47,Mumbai
CLM0024393,MUM_01376,Borivali,2024-01-28,10,0,0,0,0,0,0,0,0,0,0.0,0.322521,0,0.0,0,314,0,1,0.8183,0.0,GREEN,45,Mumbai
CLM0024394,MUM_03036,Lower Parel,2024-03-31,7,0,0,0,0,0,0,0,0,0,0.0,0.079295,0,0.0,0,419,2,2,0.9109,0.0877,GREEN,43,Mumbai
CLM0024395,MUM_09470,Powai,2024-10-30,10,0,0,0,0,1,0,0,0,0,0.0,0.072204,0,0.0,0,192,3,0,0.8481,0.1636,GREEN,65,Mumbai
CLM0024396,MUM_06693,Dadar,2025-01-30,11,0,0,0,0,0,0,0,0,0,0.0,0.469209,1,0.0,0,420,4,0,0.9225,0.1422,GREEN,45,Mumbai
CLM0024397,MUM_01304,Bandra,2024-01-21,10,0,0,0,0,0,0,0,0,1,0.0,0.155964,0,0.0,0,117,0,3,0.5024,0.1317,GREEN,51,Mumbai
CLM0024398,MUM_06198,Borivali,2025-05-01,19,0,1,1,0,0,0,0,0,0,0.0,0.2903,0,0.0,0,160,3,0,0.5335,0.0,GREEN,38,Mumbai
CLM0024399,MUM_01689,Thane,2025-07-11,12,0,0,0,0,0,0,1,0,0,0.0,0.220627,0,0.0,0,420,2,0,0.6641,0.0331,GREEN,28,Mumbai
CLM0024400,MUM_05843,Ghatkopar,2025-12-01,16,0,0,0,0,0,0,0,0,0,0.0,0.086707,0,0.0,0,271,0,0,0.9735,0.0178,GREEN,41,Mumbai
CLM0024401,MUM_05640,Bandra,2018-12-17,20,0,0,0,0,0,0,0,0,0,0.0,0.968029,0,0.0,0,420,4,1,0.7386,0.0567,GREEN,32,Mumbai
CLM0024402,MUM_05180,Lower Parel,2020-10-14,20,0,0,0,0,0,0,0,0,0,0.0,0.15805,0,0.0,0,53,1,0,0.8852,0.0605,GREEN,55,Mumbai
CLM0024403,MUM_01065,Vashi,2025-04-18,10,0,0,0,0,0,0,0,0,0,0.0,0.092904,0,0.0,0,357,1,3,0.6263,0.0,GREEN,41,Mumbai
CLM0024404,MUM_00602,Andheri,2021-02-08,20,0,0,0,0,0,0,0,0,0,0.0,0.957112,0,0.0,0,411,0,0,0.05,0.0064,GREEN,20,Mumbai
CLM0024405,MUM_02453,Ghatkopar,2025-06-24,17,0,0,0,0,0,0,0,0,0,0.0,0.296791,0,0.0,0,372,3,2,0.5198,0.0512,GREEN,45,Mumbai
CLM0024406,MUM_05821,Chembur,2022-08-05,15,0,0,0,1,1,1,1,1,1,1.0,1.0,0,1.0,1,5,2,18,0.3046,0.1042,GREEN,55,Mumbai
CLM0024407,MUM_05600,Powai,2021-07-29,13,0,0,0,0,0,0,0,0,0,1.0,0.0,0,1.0,0,337,2,0,0.8288,0.1375,GREEN,37,Mumbai
CLM0024408,MUM_02153,Andheri,2023-05-18,7,0,0,0,0,0,0,0,0,0,0.0,0.163221,0,0.0,0,420,3,0,0.5935,0.0249,GREEN,40,Mumbai
CLM0024409,MUM_06422,Borivali,2023-11-18,19,0,0,0,0,0,0,0,0,0,0.0,0.044579,0,0.0,0,310,1,2,0.8094,0.0199,GREEN,42,Mumbai
CLM0024410,MUM_03014,Lower Parel,2021-09-09,14,0,0,0,0,0,0,0,0,0,0.0,0.285032,0,0.0,0,420,1,0,0.6465,0.0,GREEN,28,Mumbai
CLM0024411,MUM_09458,Andheri,2025-01-18,18,0,0,0,0,0,0,0,0,0,0.0,0.0,0,0.0,0,415,3,3,0.829,0.0141,GREEN,18,Mumbai
CLM0024412,MUM_04003,Lower Parel,2023-01-29,8,0,0,0,0,0,0,0,0,0,0.0,0.327733,0,0.0,1,86,1,4,0.5665,0.0684,GREEN,36,Mumbai
CLM0024413,MUM_06743,Ghatkopar,2022-04-05,7,0,0,0,0,0,1,0,0,0,0.0,0.029808,0,0.0,0,63,2,0,0.2608,0.0,GREEN,47,Mumbai
CLM0024414,MUM_00262,Vashi,2019-12-25,10,1,0,0,0,0,0,0,0,0,0.0,0.219094,0,0.0,0,164,3,0,0.6656,0.0648,GREEN,58,Mumbai
CLM0024415,MUM_00741,Powai,2024-11-21,21,0,1,1,0,0,0,1,0,0,0.0,0.378813,0,1.0,0,67,3,0,0.98,0.0645,GREEN,42,Mumbai
CLM0024416,MUM_07865,Thane,2025-12-29,7,0,0,0,0,0,1,0,0,0,0.0,1.0,0,0.0,0,258,0,2,0.1721,0.1101,GREEN,42,Mumbai
CLM0024417,MUM_02366,Vashi,2024-11-09,13,0,0,0,0,1,0,0,0,1,0.0,0.03033,0,0.0,0,29,0,0,0.3269,0.1662,GREEN,57,Mumbai
CLM0024418,MUM_03205,Thane,2024-12-17,16,0,0,0,0,0,1,0,0,0,0.0,0.121171,0,0.0,0,147,3,4,0.833,0.0726,GREEN,43,Mumbai
CLM0024419,MUM_08889,Ghatkopar,2024-07-24,11,0,0,0,0,0,0,0,0,0,0.0,0.895132,0,0.0,0,370,3,2,0.6718,0.1348,GREEN,40,Mumbai
CLM0024420,MUM_06362,Bandra,2025-06-15,9,0,0,0,0,0,0,0,0,0,0.0,0.392316,1,1.0,0,249,2,2,0.4023,0.1507,GREEN,27,Mumbai
CLM0024421,MUM_02026,Andheri,2024-11-19,15,0,0,0,0,0,0,0,0,0,0.0,0.064797,0,0.0,0,420,2,4,0.4798,0.0347,GREEN,51,Mumbai
CLM0024422,MUM_01835,Lower Parel,2025-04-10,20,0,0,0,0,0,0,0,0,0,0.0,0.206994,0,0.0,0,128,2,1,0.4642,0.0,GREEN,39,Mumbai
CLM0024423,MUM_02904,Andheri,2024-07-17,16,0,0,0,0,0,0,0,0,0,0.0,0.394402,0,0.0,0,415,3,0,0.7916,0.0243,GREEN,43,Mumbai
CLM0024424,MUM_02106,Dadar,2025-01-16,9,0,0,0,0,0,0,1,0,0,0.0,0.115214,0,0.0,0,272,0,2,0.9337,0.0751,GREEN,32,Mumbai
CLM0024425,MUM_08445,Andheri,2025-02-28,10,0,0,0,0,0,0,0,0,0,0.0,0.256187,0,0.0,0,275,0,1,0.1967,0.0899,GREEN,57,Mumbai
CLM0024426,MUM_05641,Andheri,2025-07-05,20,0,0,0,0,0,0,0,0,0,0.0,0.163939,0,0.0,0,147,1,0,0.5669,0.0352,GREEN,54,Mumbai
CLM0024427,MUM_00337,Powai,2024-09-10,16,0,0,0,0,0,0,0,0,0,1.0,0.419112,0,0.0,0,337,0,1,0.7228,0.1471,GREEN,56,Mumbai
CLM0024428,MUM_05346,Borivali,2021-11-24,18,0,0,0,0,0,0,0,0,0,1.0,0.098231,1,0.0,0,42,4,4,0.6978,0.1411,GREEN,19,Mumbai
CLM0024429,MUM_00690,Andheri,2021-04-26,11,0,1,1,0,0,0,0,1,0,0.0,0.221188,0,0.0,0,105,1,4,0.205,0.0066,GREEN,43,Mumbai
CLM0024430,MUM_07135,Ghatkopar,2022-04-04,10,0,0,0,0,0,0,0,0,0,1.0,0.207115,0,0.0,0,213,3,4,0.6069,0.0205,GREEN,57,Mumbai
CLM0024431,MUM_09795,Chembur,2024-05-27,14,0,0,0,0,0,1,0,0,0,0.0,0.361227,0,0.0,0,420,1,2,0.6324,0.0341,GREEN,63,Mumbai
CLM0024432,MUM_05330,Thane,2022-12-27,21,0,0,0,0,0,0,0,0,0,0.0,0.380995,0,0.0,0,148,0,3,0.668,0.0,GREEN,60,Mumbai
CLM0024433,MUM_00148,Thane,2023-08-26,10,0,0,0,0,0,0,0,0,0,0.0,0.843417,0,0.0,0,82,0,5,0.3726,0.0,GREEN,42,Mumbai
CLM0024434,MUM_09097,Ghatkopar,2024-10-21,18,0,0,0,0,0,0,0,0,0,0.0,0.0,0,0.0,0,267,4,5,0.6324,0.0,GREEN,47,Mumbai
CLM0024435,MUM_03046,Ghatkopar,2024-06-26,11,0,0,0,0,1,0,0,0,0,0.0,0.989936,1,0.0,0,420,4,3,0.8685,0.2088,GREEN,50,Mumbai
CLM0024436,MUM_07288,Powai,2024-05-24,8,0,0,0,0,0,0,0,0,0,0.0,0.309433,0,0.0,0,420,3,4,0.98,0.0222,GREEN,36,Mumbai
CLM0024437,MUM_08455,Borivali,2022-07-11,16,0,0,0,0,1,0,0,0,0,0.0,0.268775,0,0.0,0,360,1,5,0.8153,0.1029,GREEN,24,Mumbai
CLM0024438,MUM_03521,Andheri,2025-10-05,10,0,0,0,0,0,0,1,0,0,1.0,0.395358,0,0.0,0,420,4,1,0.9394,0.129,GREEN,38,Mumbai
CLM0024439,MUM_09106,Lower Parel,2022-03-23,11,0,0,0,0,0,0,0,0,0,0.0,0.351938,0,0.0,0,106,4,5,0.4843,0.0,GREEN,40,Mumbai
CLM0024440,MUM_04196,Thane,2022-10-22,20,0,0,0,0,0,0,0,0,0,0.0,0.053951,0,0.0,0,124,4,3,0.8431,0.0,GREEN,31,Mumbai
CLM0024441,MUM_03866,Powai,2024-11-19,10,0,1,1,0,0,0,0,0,0,0.0,0.059928,0,0.0,0,420,4,2,0.98,0.0462,GREEN,51,Mumbai
CLM0024442,MUM_06116,Ghatkopar,2024-03-01,9,0,0,0,0,0,0,0,0,0,0.0,0.99812,0,0.0,0,350,3,2,0.645,0.093,GREEN,53,Mumbai
CLM0024443,MUM_05223,Vashi,2025-08-04,19,0,0,0,0,0,0,0,0,0,0.0,0.240129,0,0.0,0,420,4,6,0.6725,0.0,GREEN,40,Mumbai
CLM0024444,MUM_00484,Vashi,2024-09-13,10,0,0,0,0,0,1,0,0,0,0.0,0.958078,0,0.0,0,161,0,2,0.8869,0.1364,GREEN,28,Mumbai
CLM0024445,MUM_04877,Thane,2025-12-21,20,0,0,0,0,0,0,0,0,0,0.0,0.0,0,0.0,0,18,0,3,0.5267,0.0069,GREEN,59,Mumbai
CLM0024446,MUM_06393,Dadar,2024-01-31,14,0,0,0,0,0,0,1,0,0,0.0,0.42732,0,0.0,0,303,3,7,0.241,0.1207,GREEN,35,Mumbai
CLM0024447,MUM_09903,Powai,2025-03-27,10,0,0,0,0,0,0,0,0,0,0.0,0.094569,0,0.0,0,213,0,3,0.5467,0.0095,GREEN,37,Mumbai
CLM0024448,MUM_00618,Powai,2025-05-27,8,0,0,0,0,0,0,0,0,0,0.0,0.158685,0,0.0,0,420,1,4,0.5529,0.0171,GREEN,49,Mumbai
CLM0024449,MUM_04917,Andheri,2024-07-24,7,0,0,0,0,0,1,0,0,1,0.0,0.179785,0,0.0,0,315,3,2,0.8938,0.3231,YELLOW,46,Mumbai
CLM0024450,MUM_00942,Thane,2025-12-27,17,0,0,0,0,0,0,0,1,0,0.0,1.0,0,0.0,0,294,4,1,0.6419,0.0,GREEN,51,Mumbai
CLM0024451,MUM_00036,Vashi,2023-11-29,10,0,0,0,0,0,0,0,0,0,1.0,0.131502,0,0.0,0,362,0,3,0.9444,0.0655,GREEN,31,Mumbai
CLM0024452,MUM_00525,Thane,2025-09-09,14,0,0,0,0,0,0,0,0,0,0.0,1.0,0,0.0,0,406,1,0,0.0698,0.0,GREEN,34,Mumbai
CLM0024453,MUM_05037,Powai,2025-02-21,20,0,0,0,0,0,0,0,0,0,0.0,0.347556,0,0.0,0,329,2,3,0.0833,0.0356,GREEN,38,Mumbai
CLM0024454,MUM_05961,Chembur,2025-04-05,13,0,0,0,0,0,0,0,1,0,0.0,0.35616,0,0.0,0,420,3,1,0.5121,0.2014,GREEN,42,Mumbai
CLM0024455,MUM_06345,Lower Parel,2024-09-19,10,0,0,0,0,0,0,0,1,0,0.0,0.323563,0,0.0,0,77,1,0,0.5796,0.1464,GREEN,40,Mumbai
CLM0024456,MUM_06055,Lower Parel,2024-09-13,13,0,0,0,0,0,0,0,0,0,0.0,0.062773,0,0.0,0,275,4,4,0.6839,0.0,GREEN,54,Mumbai
CLM0024457,MUM_02535,Vashi,2025-06-07,14,0,0,0,0,0,0,0,0,0,0.0,0.018654,0,0.0,0,420,1,6,0.05,0.0219,GREEN,49,Mumbai
CLM0024458,MUM_05928,Andheri,2025-10-20,14,0,0,0,0,0,0,0,0,0,0.0,0.0,0,0.0,0,404,3,2,0.6887,0.0032,GREEN,51,Mumbai
CLM0024459,MUM_07814,Borivali,2024-09-07,9,0,0,0,0,0,0,0,0,0,0.0,0.231453,0,0.0,0,90,1,6,0.8278,0.0,GREEN,43,Mumbai
CLM0024460,MUM_04878,Borivali,2025-01-19,7,0,0,0,1,1,0,1,0,1,1.0,0.989475,1,1.0,0,27,0,18,0.8378,0.0351,GREEN,29,Mumbai
CLM0024461,MUM_09719,Lower Parel,2025-12-09,14,0,0,0,0,1,0,0,1,0,0.0,1.0,0,0.0,0,48,0,2,0.5446,0.1271,GREEN,54,Mumbai
CLM0024462,MUM_06673,Powai,2025-08-15,16,0,0,0,1,0,0,0,0,0,1.0,0.939898,0,1.0,0,180,4,0,0.98,0.1656,GREEN,56,Mumbai
CLM0024463,MUM_09915,Ghatkopar,2025-04-18,19,0,0,0,0,0,0,0,0,0,0.0,0.402589,0,0.0,0,378,3,0,0.9605,0.0,GREEN,49,Mumbai
CLM0024464,MUM_01589,Bandra,2022-11-11,17,0,0,0,0,0,0,0,0,0,0.0,0.202506,0,0.0,0,85,4,2,0.9389,0.0,GREEN,54,Mumbai
CLM0024465,MUM_06618,Andheri,2017-12-09,9,0,0,0,0,0,1,0,0,1,0.0,0.292478,0,0.0,0,420,1,2,0.7278,0.2318,GREEN,39,Mumbai
CLM0024466,MUM_07156,Bandra,2023-05-18,18,0,0,0,0,0,0,0,0,0,0.0,0.263986,0,0.0,0,295,1,4,0.6939,0.0476,GREEN,34,Mumbai
CLM0024467,MUM_07833,Dadar,2016-03-23,19,0,0,0,0,0,0,0,0,0,0.0,0.197269,0,0.0,0,257,0,0,0.98,0.0012,GREEN,36,Mumbai
CLM0024468,MUM_03801,Powai,2021-06-05,14,0,0,0,1,0,0,1,0,0,0.0,0.264186,0,0.0,1,48,2,0,0.98,0.1966,GREEN,35,Mumbai
CLM0024469,MUM_06858,Thane,2019-01-18,12,0,0,0,0,0,1,0,0,0,1.0,0.073418,0,0.0,0,58,4,0,0.1374,0.2043,GREEN,46,Mumbai
CLM0024470,MUM_01335,Andheri,2020-02-25,21,0,0,0,0,0,0,0,0,0,0.0,0.337338,0,0.0,0,242,0,1,0.7436,0.0,GREEN,42,Mumbai
CLM0024471,MUM_03385,Powai,2017-11-18,21,0,0,0,0,0,0,0,0,0,0.0,0.23705,0,0.0,0,136,4,2,0.5778,0.0,GREEN,32,Mumbai
CLM0024472,MUM_01996,Bandra,2023-12-08,13,0,0,0,0,0,0,0,1,0,0.0,0.225732,0,0.0,0,84,1,2,0.7047,0.0746,GREEN,41,Mumbai
CLM0024473,MUM_09812,Thane,2025-06-04,11,0,0,0,0,0,1,1,0,0,0.0,0.034743,0,0.0,0,214,4,0,0.8951,0.1855,GREEN,48,Mumbai
CLM0024474,MUM_06650,Borivali,2018-12-10,14,0,0,0,0,0,0,0,0,0,0.0,0.120833,0,0.0,0,156,3,0,0.4966,0.0,GREEN,27,Mumbai
CLM0024475,MUM_05742,Ghatkopar,2020-04-30,8,0,0,0,0,0,1,1,1,0,0.0,0.882253,0,0.0,1,5,1,18,0.7724,0.0,GREEN,22,Mumbai
CLM0024476,MUM_05200,Ghatkopar,2024-08-27,13,0,0,0,0,0,0,0,0,0,0.0,0.254021,0,1.0,0,175,4,0,0.4706,0.0243,GREEN,56,Mumbai
CLM0024477,MUM_03233,Chembur,2022-03-09,8,0,0,0,0,0,1,0,0,0,0.0,0.097433,0,0.0,0,244,1,7,0.446,0.1221,GREEN,56,Mumbai
CLM0024478,MUM_09798,Powai,2018-11-30,15,0,0,0,0,0,0,0,0,0,0.0,0.379446,0,0.0,0,420,4,1,0.5297,0.0029,GREEN,58,Mumbai
CLM0024479,MUM_07040,Chembur,2019-03-06,20,0,0,0,0,0,0,0,0,0,0.0,0.468207,0,0.0,0,175,1,2,0.6186,0.0641,GREEN,42,Mumbai
CLM0024480,MUM_03319,Thane,2022-09-22,19,0,1,1,0,0,1,0,0,1,0.0,0.02162,0,0.0,0,163,1,1,0.7934,0.293,GREEN,40,Mumbai
CLM0024481,MUM_01879,Dadar,2018-02-15,19,0,0,0,0,0,0,1,0,0,0.0,0.293519,0,0.0,0,321,1,1,0.6085,0.0,GREEN,30,Mumbai
CLM0024482,MUM_08849,Vashi,2019-03-28,17,0,0,0,0,0,0,0,0,0,0.0,0.118013,0,0.0,1,5,4,0,0.4317,0.0626,GREEN,32,Mumbai
CLM0024483,MUM_03521,Andheri,2025-04-12,15,0,1,1,0,0,0,0,0,0,1.0,0.201151,0,0.0,0,309,3,3,0.4502,0.2022,GREEN,38,Mumbai
CLM0024484,MUM_01102,Powai,2022-05-25,20,0,0,0,0,0,0,0,0,0,0.0,0.895727,0,1.0,0,83,2,1,0.4782,0.0309,GREEN,30,Mumbai
CLM0024485,MUM_07549,Dadar,2022-03-25,19,0,0,0,0,0,0,0,1,0,1.0,0.420706,0,0.0,1,285,4,1,0.6485,0.1784,GREEN,64,Mumbai
CLM0024486,MUM_01923,Andheri,2021-07-14,21,0,0,0,0,0,0,0,0,0,0.0,0.434019,0,0.0,0,152,0,3,0.6581,0.0,GREEN,31,Mumbai
CLM0024487,MUM_07290,Ghatkopar,2025-05-14,14,0,0,0,0,0,0,0,0,0,0.0,0.0,0,0.0,0,420,1,5,0.2298,0.0881,GREEN,38,Mumbai
CLM0024488,MUM_05670,Vashi,2023-09-04,13,0,0,0,0,0,0,0,0,0,0.0,0.987206,0,0.0,0,341,4,7,0.2437,0.0368,GREEN,44,Mumbai
CLM0024489,MUM_00036,Vashi,2021-02-28,8,0,0,0,1,1,0,1,1,0,0.0,0.319064,1,1.0,0,28,0,18,0.2803,0.0732,GREEN,31,Mumbai
CLM0024490,MUM_09767,Lower Parel,2022-10-08,17,0,0,0,0,0,0,1,0,0,0.0,0.317922,0,0.0,0,375,1,0,0.4942,0.0,GREEN,42,Mumbai
CLM0024491,MUM_09712,Lower Parel,2019-11-01,15,0,0,0,1,1,0,1,0,1,0.0,1.0,0,0.0,1,6,4,18,0.1301,0.0,GREEN,37,Mumbai
CLM0024492,MUM_02092,Bandra,2019-08-10,14,0,0,0,0,0,0,0,0,0,0.0,0.352902,0,0.0,0,73,1,0,0.98,0.0,GREEN,22,Mumbai
CLM0024493,MUM_03455,Vashi,2025-12-06,16,0,0,0,0,0,1,0,0,0,0.0,0.27242,0,0.0,0,135,4,3,0.2571,0.0983,GREEN,25,Mumbai
CLM0024494,MUM_05892,Vashi,2021-07-25,18,0,0,0,0,0,0,0,0,0,0.0,0.998787,0,0.0,0,370,1,3,0.05,0.0333,GREEN,48,Mumbai
CLM0024495,MUM_05467,Lower Parel,2020-02-21,15,0,0,0,0,0,0,0,0,0,1.0,0.411828,0,0.0,0,388,4,2,0.8416,0.0878,GREEN,65,Mumbai
CLM0024496,MUM_01239,Powai,2025-06-01,20,0,0,0,0,0,0,0,0,0,0.0,0.375037,0,0.0,0,123,2,4,0.527,0.0,GREEN,29,Mumbai
CLM0024497,MUM_06192,Bandra,2018-07-14,8,0,0,0,0,0,0,0,1,0,0.0,0.202024,0,0.0,0,284,2,0,0.8334,0.0918,GREEN,23,Mumbai
CLM0024498,MUM_02506,Ghatkopar,2019-04-06,10,0,0,0,0,0,0,0,0,0,0.0,0.387579,0,1.0,0,149,1,1,0.05,0.0384,GREEN,60,Mumbai
CLM0024499,MUM_05234,Dadar,2021-08-27,8,0,1,1,1,0,0,0,0,0,0.0,0.196853,0,0.0,0,375,4,7,0.8534,0.1322,GREEN,54,Mumbai
CLM0024500,MUM_06480,Vashi,2024-11-26,15,0,0,0,0,0,0,0,0,0,0.0,1.0,0,0.0,0,364,3,6,0.98,0.0,GREEN,27,Mumbai
CLM0024501,MUM_01505,Ghatkopar,2023-10-13,10,0,0,0,0,1,0,0,0,0,0.0,0.074696,0,0.0,0,342,3,5,0.526,0.1435,GREEN,41,Mumbai
CLM0024502,MUM_06785,Chembur,2022-02-02,18,0,0,0,0,0,0,0,0,0,0.0,0.328892,0,0.0,0,397,0,2,0.9494,0.0084,GREEN,44,Mumbai
CLM0024503,MUM_08613,Powai,2023-04-05,9,0,0,0,0,0,0,0,0,0,1.0,0.934353,0,0.0,0,387,1,4,0.7295,0.1102,GREEN,26,Mumbai
CLM0024504,MUM_05216,Thane,2025-11-13,8,0,1,1,0,0,1,0,0,0,0.0,0.087437,0,0.0,0,14,1,0,0.1348,0.024,GREEN,18,Mumbai
CLM0024505,MUM_08875,Bandra,2021-02-20,16,0,0,0,0,0,0,0,0,0,0.0,0.211887,0,0.0,0,143,2,2,0.7968,0.0693,GREEN,39,Mumbai
CLM0024506,MUM_02239,Vashi,2023-01-18,16,0,0,0,0,0,0,0,0,0,0.0,0.137218,0,0.0,0,275,4,2,0.146,0.0055,GREEN,37,Mumbai
CLM0024507,MUM_05072,Bandra,2021-09-17,7,0,0,0,0,0,0,0,0,0,0.0,0.074031,0,0.0,0,97,4,5,0.7238,0.0,GREEN,44,Mumbai
CLM0024508,MUM_01932,Chembur,2025-01-15,15,0,0,0,0,0,0,0,0,0,0.0,0.018539,0,0.0,0,420,4,0,0.9143,0.0298,GREEN,52,Mumbai
CLM0024509,MUM_06340,Chembur,2023-12-03,10,0,0,0,0,0,0,0,0,0,0.0,0.318377,0,0.0,0,170,1,2,0.458,0.0516,GREEN,58,Mumbai
CLM0024510,MUM_00273,Borivali,2023-04-12,12,0,0,0,0,0,0,0,1,0,0.0,0.269543,0,0.0,0,420,3,1,0.8623,0.0975,GREEN,50,Mumbai
CLM0024511,MUM_07478,Thane,2023-01-03,16,0,0,0,0,0,0,0,0,0,0.0,0.159772,0,0.0,1,132,4,4,0.9342,0.0,GREEN,38,Mumbai
CLM0024512,MUM_07306,Bandra,2024-01-22,15,0,0,0,0,0,0,0,0,0,0.0,0.35668,0,0.0,0,120,2,5,0.1802,0.0,GREEN,41,Mumbai
CLM0024513,MUM_00898,Ghatkopar,2024-07-13,15,0,0,0,0,0,0,0,0,0,0.0,0.344643,0,0.0,1,420,4,2,0.6402,0.0729,GREEN,33,Mumbai
CLM0024514,MUM_07373,Borivali,2024-03-01,20,0,0,0,1,1,0,1,0,0,1.0,0.312859,0,1.0,1,19,0,18,0.2149,0.0759,GREEN,58,Mumbai
CLM0024515,MUM_03486,Chembur,2024-03-23,20,0,0,0,0,0,0,0,0,0,0.0,0.277651,0,0.0,0,242,2,0,0.1903,0.0004,GREEN,40,Mumbai
CLM0024516,MUM_02327,Ghatkopar,2024-04-07,17,0,0,0,0,0,0,0,0,0,0.0,0.228023,0,0.0,0,239,3,0,0.2386,0.0,GREEN,40,Mumbai
CLM0024517,MUM_05742,Ghatkopar,2021-07-23,17,0,0,0,1,0,1,0,0,0,0.0,0.228911,0,0.0,0,135,1,4,0.74,0.264,GREEN,22,Mumbai
CLM0024518,MUM_03485,Lower Parel,2019-03-21,8,0,0,0,1,0,0,0,0,1,1.0,0.0,0,0.0,0,5,0,18,0.05,0.1266,GREEN,41,Mumbai
CLM0024519,MUM_03423,Borivali,2020-03-20,16,0,0,0,0,0,0,0,0,1,0.0,0.0,0,0.0,0,67,3,2,0.7229,0.1269,GREEN,18,Mumbai
CLM0024520,MUM_09833,Thane,2016-03-07,21,0,1,1,0,0,1,0,0,0,0.0,0.190228,0,0.0,0,420,3,3,0.7307,0.0185,GREEN,53,Mumbai
CLM0024521,MUM_00292,Lower Parel,2024-10-09,15,0,0,0,0,0,0,0,0,0,1.0,0.888933,1,1.0,0,322,3,4,0.7999,0.1155,GREEN,22,Mumbai
CLM0024522,MUM_04502,Andheri,2025-06-13,17,0,0,0,0,0,0,0,1,0,0.0,0.145088,0,0.0,0,178,2,2,0.7096,0.1989,GREEN,40,Mumbai
CLM0024523,MUM_01351,Thane,2024-10-20,14,0,0,0,0,0,0,0,0,0,0.0,0.200569,0,0.0,0,11,3,0,0.6676,0.0,GREEN,29,Mumbai
CLM0024524,MUM_07195,Borivali,2025-07-04,16,0,0,0,0,1,0,0,0,0,0.0,0.345086,0,0.0,0,203,0,0,0.6692,0.2616,GREEN,38,Mumbai
CLM0024525,MUM_03772,Andheri,2025-03-10,9,0,0,0,0,0,0,0,0,0,0.0,0.181534,0,0.0,0,271,3,1,0.7347,0.0973,GREEN,41,Mumbai
CLM0024526,MUM_03433,Chembur,2024-08-12,11,0,0,0,0,0,1,0,1,0,0.0,0.061545,0,0.0,1,141,2,2,0.7783,0.2452,GREEN,42,Mumbai
CLM0024527,MUM_02031,Vashi,2024-11-06,13,0,0,0,0,0,0,0,0,0,0.0,0.336956,0,0.0,0,387,2,1,0.6132,0.0994,GREEN,36,Mumbai
CLM0024528,MUM_06612,Ghatkopar,2025-07-26,16,0,0,0,1,0,1,1,1,1,0.0,0.179224,0,0.0,1,16,2,18,0.8627,0.0,GREEN,38,Mumbai
CLM0024529,MUM_00788,Borivali,2024-08-27,14,0,0,0,0,0,0,0,0,0,0.0,0.226386,0,0.0,0,420,0,3,0.4637,0.0,GREEN,42,Mumbai
CLM0024530,MUM_00560,Chembur,2025-06-26,10,0,0,0,0,0,0,0,0,0,0.0,0.166082,0,0.0,0,216,0,2,0.6943,0.0981,GREEN,33,Mumbai
CLM0024531,MUM_02190,Andheri,2024-07-13,17,0,1,1,0,0,0,0,0,0,0.0,0.068838,1,0.0,0,408,1,6,0.3105,0.0869,GREEN,46,Mumbai
CLM0024532,MUM_03232,Dadar,2020-09-21,20,0,0,0,0,0,0,0,0,1,0.0,0.145167,0,0.0,0,39,1,3,0.4136,0.1015,GREEN,30,Mumbai
CLM0024533,MUM_03898,Lower Parel,2025-05-06,14,0,0,0,0,0,0,0,0,0,1.0,0.0,0,0.0,0,167,4,0,0.4407,0.0094,GREEN,50,Mumbai
CLM0024534,MUM_08448,Dadar,2023-01-09,11,0,0,0,1,0,0,0,0,0,1.0,0.249341,0,0.0,0,137,2,4,0.98,0.1742,GREEN,22,Mumbai
CLM0024535,MUM_04491,Lower Parel,2025-06-16,19,0,0,0,0,0,0,0,0,0,0.0,0.305986,0,0.0,0,238,4,0,0.2008,0.0012,GREEN,41,Mumbai
CLM0024536,MUM_00273,Borivali,2021-04-07,17,0,0,0,0,0,1,0,0,0,0.0,0.0,0,0.0,0,284,0,3,0.3728,0.1177,GREEN,50,Mumbai
CLM0024537,MUM_07958,Vashi,2021-06-30,15,0,0,0,0,0,0,0,1,0,0.0,1.0,0,0.0,0,420,0,0,0.7701,0.0716,GREEN,42,Mumbai
CLM0024538,MUM_02739,Lower Parel,2018-02-24,15,0,0,0,1,0,0,0,0,0,0.0,0.393068,0,0.0,0,420,2,6,0.5957,0.2243,GREEN,43,Mumbai
CLM0024539,MUM_05689,Ghatkopar,2023-09-09,16,0,0,0,0,1,0,0,0,0,0.0,0.131126,0,0.0,0,277,4,4,0.98,0.0974,GREEN,35,Mumbai
CLM0024540,MUM_07264,Borivali,2017-10-26,14,0,0,0,0,0,0,0,0,0,0.0,0.072727,0,0.0,0,169,3,0,0.8067,0.0,GREEN,37,Mumbai
CLM0024541,MUM_01667,Andheri,2018-01-25,16,0,0,0,0,0,0,0,1,0,0.0,0.263674,0,0.0,0,420,4,3,0.6667,0.1859,GREEN,38,Mumbai
CLM0024542,MUM_01876,Bandra,2024-10-13,7,0,0,0,0,0,0,0,0,0,0.0,0.0,0,0.0,0,368,2,2,0.6504,0.0,GREEN,39,Mumbai
CLM0024543,MUM_04394,Bandra,2024-07-22,12,0,0,0,0,0,0,0,0,1,0.0,0.385258,0,0.0,0,214,2,3,0.5811,0.0904,GREEN,45,Mumbai
CLM0024544,MUM_02309,Powai,2019-06-19,21,0,1,1,0,0,1,0,1,0,0.0,0.008434,0,0.0,0,352,1,2,0.6764,0.129,GREEN,44,Mumbai
CLM0024545,MUM_01157,Andheri,2025-04-29,19,0,0,0,0,0,0,0,0,0,0.0,0.308802,0,0.0,0,345,4,5,0.6956,0.0,GREEN,36,Mumbai
CLM0024546,MUM_01033,Chembur,2024-10-10,17,0,0,0,0,0,0,0,0,0,0.0,0.282721,0,0.0,0,242,0,5,0.7712,0.0,GREEN,59,Mumbai
CLM0024547,MUM_06612,Ghatkopar,2025-09-28,15,0,0,0,0,0,1,0,0,0,0.0,0.903566,0,0.0,0,287,4,3,0.2748,0.107,GREEN,38,Mumbai
CLM0024548,MUM_02380,Andheri,2022-12-18,14,0,0,0,0,0,0,0,0,0,0.0,0.282855,0,0.0,0,195,1,4,0.5889,0.0247,GREEN,34,Mumbai
CLM0024549,MUM_03487,Thane,2023-02-25,19,0,0,0,0,0,0,0,0,0,0.0,0.377259,0,0.0,0,218,3,1,0.0684,0.0103,GREEN,49,Mumbai
CLM0024550,MUM_07176,Ghatkopar,2021-11-07,17,0,0,0,0,0,0,0,0,0,0.0,0.138175,0,0.0,0,420,2,0,0.7143,0.0535,GREEN,43,Mumbai
CLM0024551,MUM_02482,Lower Parel,2025-01-28,8,0,0,0,0,0,0,0,0,0,0.0,0.118856,0,0.0,0,395,1,2,0.5465,0.0058,GREEN,45,Mumbai
CLM0024552,MUM_07423,Powai,2024-01-23,12,0,0,0,0,0,1,0,0,0,0.0,0.343719,0,0.0,0,408,0,1,0.98,0.0887,GREEN,48,Mumbai
CLM0024553,MUM_01860,Andheri,2023-03-18,7,0,0,0,0,0,0,1,0,0,0.0,0.089159,0,0.0,0,137,2,2,0.7623,0.0699,GREEN,43,Mumbai
CLM0024554,MUM_03573,Bandra,2025-01-27,9,0,0,0,0,1,0,0,0,0,0.0,0.027566,0,0.0,0,213,3,1,0.98,0.067,GREEN,35,Mumbai
CLM0024555,MUM_05660,Powai,2025-06-27,19,0,0,0,0,0,0,0,0,0,0.0,0.964841,0,0.0,0,253,1,1,0.7652,0.002,GREEN,43,Mumbai
CLM0024556,MUM_03682,Vashi,2023-07-21,9,0,0,0,0,0,1,0,0,0,0.0,0.263562,0,1.0,0,345,1,7,0.1605,0.0785,GREEN,29,Mumbai
CLM0024557,MUM_08323,Andheri,2025-03-31,10,0,1,1,0,0,0,0,0,0,1.0,0.137507,0,0.0,0,327,3,3,0.5797,0.0,GREEN,44,Mumbai
CLM0024558,MUM_03823,Dadar,2024-12-02,12,0,0,0,0,0,0,0,0,0,0.0,0.161566,0,0.0,0,211,2,3,0.8024,0.0146,GREEN,23,Mumbai
CLM0024559,MUM_05725,Bandra,2025-06-25,9,0,0,0,0,0,0,0,0,0,0.0,0.311744,0,0.0,0,238,1,5,0.367,0.0,GREEN,46,Mumbai
CLM0024560,MUM_00628,Chembur,2023-07-23,17,0,0,0,1,0,0,1,1,1,0.0,0.111855,0,0.0,0,19,1,18,0.8127,0.1299,GREEN,53,Mumbai
CLM0024561,MUM_08064,Andheri,2018-08-09,18,0,0,0,0,0,0,0,0,0,0.0,0.060246,0,0.0,1,71,2,1,0.0678,0.0369,GREEN,49,Mumbai
CLM0024562,MUM_07973,Dadar,2020-08-08,14,0,0,0,0,0,0,0,0,0,0.0,0.229171,0,0.0,0,29,2,5,0.8725,0.0135,GREEN,48,Mumbai
CLM0024563,MUM_05366,Bandra,2024-09-03,10,0,0,0,1,1,0,0,0,0,0.0,0.033579,1,0.0,0,87,2,2,0.8114,0.2821,GREEN,37,Mumbai
CLM0024564,MUM_05877,Lower Parel,2024-05-17,11,0,0,0,0,0,0,0,0,0,0.0,0.124075,0,0.0,0,178,3,3,0.9595,0.0,GREEN,38,Mumbai
CLM0024565,MUM_02066,Dadar,2024-12-08,7,0,0,0,0,0,0,0,0,0,0.0,0.16823,0,0.0,0,37,4,4,0.6487,0.0,GREEN,30,Mumbai
CLM0024566,MUM_04100,Borivali,2024-03-19,8,0,0,0,0,0,0,0,0,0,1.0,1.0,0,1.0,0,92,4,3,0.9096,0.0,GREEN,53,Mumbai
CLM0024567,MUM_02743,Lower Parel,2024-02-09,7,0,0,0,0,0,0,0,0,0,0.0,0.913609,0,0.0,0,420,2,7,0.7366,0.0108,GREEN,30,Mumbai
CLM0024568,MUM_07317,Lower Parel,2023-12-21,18,0,0,0,0,0,0,0,0,0,0.0,0.165589,0,0.0,0,368,3,6,0.5961,0.0007,GREEN,64,Mumbai
CLM0024569,MUM_02331,Thane,2024-10-23,15,0,0,0,0,0,0,0,0,0,0.0,0.124711,0,0.0,0,413,0,1,0.4141,0.0,GREEN,54,Mumbai
CLM0024570,MUM_06449,Vashi,2023-03-13,16,0,0,0,0,0,0,0,0,0,0.0,0.968675,0,0.0,0,335,4,5,0.3685,0.085,GREEN,46,Mumbai
CLM0024571,MUM_02843,Borivali,2023-10-07,8,0,0,0,1,0,0,0,0,0,1.0,1.0,0,1.0,0,420,2,5,0.05,0.1149,GREEN,48,Mumbai
CLM0024572,MUM_04628,Lower Parel,2023-05-18,12,0,0,0,0,0,1,0,0,0,0.0,0.996775,0,0.0,0,188,1,2,0.8497,0.0239,GREEN,27,Mumbai
CLM0024573,MUM_03148,Lower Parel,2024-07-24,15,0,0,0,0,0,0,0,0,0,0.0,0.357432,0,0.0,0,219,2,0,0.1428,0.0335,GREEN,52,Mumbai
CLM0024574,MUM_06476,Powai,2022-07-21,21,0,0,0,0,0,0,0,0,0,0.0,0.430112,0,0.0,0,125,3,4,0.5238,0.0786,GREEN,35,Mumbai
CLM0024575,MUM_01286,Lower Parel,2023-02-11,16,0,0,0,0,0,0,0,0,0,0.0,0.356045,0,0.0,0,323,1,3,0.8641,0.0,GREEN,51,Mumbai
CLM0024576,MUM_07297,Powai,2024-10-04,9,0,0,0,0,0,0,0,0,0,0.0,0.461307,0,0.0,0,324,2,2,0.9025,0.0,GREEN,36,Mumbai
CLM0024577,MUM_08002,Chembur,2025-11-02,17,0,0,0,0,0,0,0,0,0,0.0,0.200384,0,0.0,0,168,3,5,0.5908,0.0344,GREEN,37,Mumbai
CLM0024578,MUM_02314,Ghatkopar,2019-10-07,13,0,0,0,0,0,0,0,0,0,1.0,0.067453,0,0.0,0,355,0,0,0.953,0.0172,GREEN,39,Mumbai
CLM0024579,MUM_02732,Vashi,2025-11-30,13,0,0,0,0,0,0,0,0,0,0.0,0.225697,0,0.0,0,82,0,0,0.9438,0.1327,GREEN,50,Mumbai
CLM0024580,MUM_05979,Ghatkopar,2022-09-21,18,0,0,0,0,0,0,0,0,0,0.0,0.059166,0,0.0,0,355,2,3,0.5207,0.0251,GREEN,25,Mumbai
CLM0024581,MUM_09953,Bandra,2024-06-18,15,0,0,0,0,0,0,0,0,0,0.0,0.053015,0,0.0,0,248,1,6,0.6771,0.0072,GREEN,31,Mumbai
CLM0024582,MUM_01576,Thane,2022-02-04,9,0,0,0,0,0,0,0,0,0,0.0,0.199901,0,0.0,0,160,3,1,0.4779,0.0678,GREEN,38,Mumbai
CLM0024583,MUM_09460,Andheri,2022-12-28,13,0,0,0,0,0,0,0,0,1,0.0,0.173647,0,0.0,0,206,2,0,0.6507,0.1481,GREEN,36,Mumbai
CLM0024584,MUM_09624,Powai,2017-10-10,18,0,0,0,0,0,0,0,0,0,0.0,0.173827,0,0.0,0,224,0,4,0.749,0.0,GREEN,33,Mumbai
CLM0024585,MUM_03268,Chembur,2021-01-23,20,0,0,0,0,0,0,0,1,0,0.0,0.250079,0,0.0,0,99,2,3,0.05,0.049,GREEN,51,Mumbai
CLM0024586,MUM_02795,Dadar,2016-06-24,16,0,0,0,0,0,1,0,0,0,0.0,0.0,0,0.0,0,130,1,1,0.8183,0.0387,GREEN,19,Mumbai
CLM0024587,MUM_03063,Dadar,2024-07-04,12,0,0,0,0,0,0,1,0,0,0.0,0.410348,0,0.0,0,151,2,1,0.6588,0.1212,GREEN,48,Mumbai
CLM0024588,MUM_02103,Bandra,2024-10-09,11,0,0,0,0,0,0,0,0,0,0.0,0.209115,0,0.0,0,190,1,0,0.9317,0.0878,GREEN,27,Mumbai
CLM0024589,MUM_05632,Ghatkopar,2021-06-01,11,0,0,0,0,0,0,0,0,0,0.0,0.079064,0,0.0,0,118,3,1,0.7061,0.0,GREEN,37,Mumbai
CLM0024590,MUM_04463,Ghatkopar,2024-05-08,15,0,0,0,0,0,0,1,0,0,0.0,0.148499,0,1.0,0,35,2,1,0.7514,0.0433,GREEN,51,Mumbai
CLM0024591,MUM_02641,Thane,2018-12-03,21,0,0,0,0,0,0,1,0,0,0.0,0.004979,0,0.0,0,386,4,1,0.7818,0.056,GREEN,28,Mumbai
CLM0024592,MUM_04467,Borivali,2020-11-28,12,0,0,0,0,0,0,0,0,0,0.0,0.44294,0,0.0,0,330,2,2,0.6234,0.0,GREEN,45,Mumbai
CLM0024593,MUM_07745,Lower Parel,2020-09-18,12,0,0,0,0,0,0,0,0,1,0.0,0.026649,0,0.0,0,107,4,1,0.2605,0.0886,GREEN,45,Mumbai
CLM0024594,MUM_04281,Dadar,2024-09-22,15,0,0,0,0,0,1,0,0,0,0.0,1.0,0,0.0,0,314,3,2,0.7474,0.0616,GREEN,46,Mumbai
CLM0024595,MUM_05943,Chembur,2024-08-02,21,0,0,0,0,0,0,0,0,0,0.0,1.0,0,0.0,0,28,1,0,0.7989,0.0593,GREEN,41,Mumbai
CLM0024596,MUM_00396,Bandra,2019-04-12,7,0,0,0,0,0,0,0,0,0,0.0,0.302373,0,0.0,0,350,0,1,0.98,0.0,GREEN,45,Mumbai
CLM0024597,MUM_03387,Bandra,2024-10-03,8,0,0,0,0,0,0,0,0,0,0.0,0.0,0,0.0,0,419,3,0,0.6716,0.0431,GREEN,49,Mumbai
CLM0024598,MUM_03987,Lower Parel,2021-11-12,13,0,0,0,0,0,0,0,0,0,0.0,0.221031,0,0.0,0,420,0,0,0.641,0.0,GREEN,36,Mumbai
CLM0024599,MUM_00517,Lower Parel,2025-08-14,15,0,0,0,0,0,0,0,0,0,1.0,0.161775,0,0.0,0,420,1,2,0.8856,0.0769,GREEN,47,Mumbai
CLM0024600,MUM_01141,Vashi,2024-10-05,15,0,1,1,0,0,0,0,0,0,0.0,0.0,0,0.0,0,359,1,3,0.6388,0.0023,GREEN,48,Mumbai
CLM0024601,MUM_02189,Powai,2025-11-27,11,0,0,0,0,0,0,0,0,0,0.0,0.439483,0,1.0,0,205,3,6,0.1155,0.0063,GREEN,63,Mumbai
CLM0024602,MUM_08556,Vashi,2022-08-23,21,0,0,0,0,1,0,0,0,0,0.0,0.190106,0,0.0,0,122,1,2,0.3321,0.1611,GREEN,54,Mumbai
CLM0024603,MUM_06212,Powai,2023-02-20,18,0,0,0,0,0,0,0,0,0,0.0,0.018455,0,0.0,0,97,2,3,0.686,0.0,GREEN,45,Mumbai
CLM0024604,MUM_07726,Vashi,2022-05-07,14,0,0,0,0,0,0,0,0,0,1.0,0.270069,0,0.0,0,420,2,3,0.05,0.121,GREEN,38,Mumbai
CLM0024605,MUM_00941,Bandra,2022-07-23,20,0,0,0,0,0,0,0,0,0,0.0,0.037223,0,0.0,0,364,1,3,0.7199,0.0,GREEN,65,Mumbai
CLM0024606,MUM_04675,Bandra,2024-07-21,15,0,0,0,0,1,0,0,0,0,0.0,0.347005,0,0.0,0,387,0,4,0.4567,0.1771,GREEN,43,Mumbai
CLM0024607,MUM_09648,Lower Parel,2021-03-05,11,0,0,0,0,0,1,0,0,0,0.0,0.057132,0,0.0,0,53,0,3,0.98,0.0523,GREEN,49,Mumbai
CLM0024608,MUM_09665,Thane,2021-11-03,16,0,0,0,0,0,0,0,0,0,0.0,0.016405,0,0.0,0,353,4,0,0.1391,0.0,GREEN,50,Mumbai
CLM0024609,MUM_04364,Lower Parel,2023-12-01,8,0,0,0,0,0,0,0,0,0,0.0,0.061148,0,0.0,0,420,1,4,0.0639,0.0,GREEN,35,Mumbai
CLM0024610,MUM_03989,Powai,2023-05-08,9,0,0,0,0,0,0,0,0,0,0.0,0.080426,0,0.0,0,142,1,0,0.9341,0.0118,GREEN,43,Mumbai
CLM0024611,MUM_06231,Lower Parel,2023-07-15,11,0,0,0,0,0,0,0,0,0,0.0,0.335255,0,0.0,0,103,2,4,0.9078,0.0387,GREEN,35,Mumbai
CLM0024612,MUM_05212,Bandra,2018-12-28,9,0,0,0,0,0,0,0,0,0,0.0,0.006175,0,0.0,0,228,4,1,0.9659,0.0166,GREEN,18,Mumbai
CLM0024613,MUM_03231,Thane,2017-07-22,9,0,0,0,0,0,0,0,1,0,0.0,0.121836,0,0.0,0,329,1,3,0.1312,0.0415,GREEN,46,Mumbai
CLM0024614,MUM_07104,Lower Parel,2025-10-07,13,0,0,0,0,0,0,0,1,0,0.0,0.354675,0,0.0,0,56,4,0,0.7695,0.073,GREEN,37,Mumbai
CLM0024615,MUM_09329,Vashi,2015-10-01,21,0,0,0,0,0,0,0,1,0,0.0,0.0,0,0.0,0,420,4,4,0.7964,0.0274,GREEN,56,Mumbai
CLM0024616,MUM_02830,Borivali,2019-10-27,13,0,0,0,0,0,0,0,0,0,0.0,0.0,0,1.0,0,368,3,2,0.6371,0.0465,GREEN,40,Mumbai
CLM0024617,MUM_01470,Andheri,2021-01-29,8,0,0,0,0,0,0,0,1,0,0.0,0.207274,0,0.0,0,177,0,1,0.6332,0.0693,GREEN,50,Mumbai
CLM0024618,MUM_02281,Andheri,2018-06-12,14,0,0,0,0,0,0,0,0,0,1.0,0.998325,0,1.0,0,337,0,3,0.7287,0.0361,GREEN,43,Mumbai
CLM0024619,MUM_00050,Vashi,2017-09-03,7,0,0,0,0,0,0,0,0,0,0.0,0.395937,0,0.0,0,311,2,3,0.4814,0.0,GREEN,47,Mumbai
CLM0024620,MUM_03227,Vashi,2017-06-23,10,0,0,0,0,0,0,0,0,0,0.0,0.250229,0,0.0,0,16,2,2,0.8728,0.0829,GREEN,36,Mumbai
CLM0024621,MUM_04815,Lower Parel,2024-10-25,10,0,0,0,0,0,0,1,0,0,0.0,0.095711,0,0.0,0,180,4,3,0.9717,0.013,GREEN,53,Mumbai
CLM0024622,MUM_06980,Andheri,2025-07-14,8,0,0,0,0,0,0,0,0,0,0.0,0.218075,1,0.0,0,383,2,3,0.2224,0.0898,GREEN,34,Mumbai
CLM0024623,MUM_03029,Ghatkopar,2024-01-25,11,0,0,0,0,0,0,0,0,0,0.0,0.041855,0,0.0,0,138,4,3,0.4174,0.0,GREEN,41,Mumbai
CLM0024624,MUM_06187,Ghatkopar,2024-01-17,15,0,0,0,1,1,0,1,1,1,0.0,0.204657,1,0.0,1,27,3,18,0.5356,0.0255,GREEN,44,Mumbai
CLM0024625,MUM_06741,Borivali,2024-12-18,11,0,0,0,0,0,0,0,0,0,0.0,0.261855,0,0.0,0,365,0,0,0.7698,0.0,GREEN,43,Mumbai
CLM0024626,MUM_06484,Bandra,2023-11-17,19,0,0,0,0,0,0,0,0,0,0.0,0.424471,1,0.0,0,420,2,3,0.05,0.0744,GREEN,33,Mumbai
CLM0024627,MUM_03011,Vashi,2024-09-04,20,0,0,0,0,0,0,0,0,0,0.0,0.166624,0,0.0,0,138,3,2,0.2266,0.0,GREEN,51,Mumbai
CLM0024628,MUM_04846,Ghatkopar,2022-08-04,21,0,0,0,0,0,0,1,0,0,0.0,0.355492,0,0.0,0,363,1,3,0.374,0.044,GREEN,42,Mumbai
CLM0024629,MUM_00451,Andheri,2024-06-07,15,0,0,0,0,0,0,1,0,0,0.0,0.0,0,0.0,0,372,3,4,0.0588,0.0,GREEN,36,Mumbai
CLM0024630,MUM_09467,Ghatkopar,2022-11-16,10,0,0,0,0,0,0,0,0,0,0.0,0.456682,0,0.0,1,107,4,0,0.05,0.0,GREEN,66,Mumbai
CLM0024631,MUM_08887,Vashi,2025-05-19,10,0,0,0,1,1,1,0,1,0,0.0,0.09583,1,0.0,0,29,0,18,0.98,0.0,GREEN,53,Mumbai
CLM0024632,MUM_09146,Powai,2023-12-02,11,0,0,0,1,1,0,1,0,1,1.0,0.972703,1,1.0,0,5,3,18,0.8466,0.1781,GREEN,52,Mumbai
CLM0024633,MUM_00141,Bandra,2023-09-14,18,0,0,0,0,0,0,0,0,0,0.0,0.156685,0,0.0,0,382,4,2,0.8002,0.0,GREEN,46,Mumbai
CLM0024634,MUM_04023,Thane,2024-04-11,12,0,0,0,1,0,0,0,0,0,0.0,0.015278,0,0.0,0,396,3,2,0.8207,0.227,GREEN,39,Mumbai
CLM0024635,MUM_00618,Powai,2022-08-03,12,0,0,0,0,0,0,0,0,0,0.0,0.103714,0,0.0,0,360,4,1,0.8287,0.0591,GREEN,49,Mumbai
CLM0024636,MUM_04589,Thane,2019-02-22,9,0,0,0,1,1,0,1,0,0,0.0,0.104736,1,0.0,1,5,3,14,0.8834,0.3113,YELLOW,44,Mumbai
CLM0024637,MUM_09007,Thane,2019-11-05,7,0,0,0,0,1,0,0,0,0,0.0,0.328002,1,0.0,0,226,4,1,0.8298,0.2024,GREEN,36,Mumbai
CLM0024638,MUM_04320,Andheri,2025-04-25,11,0,0,0,0,0,0,0,0,0,0.0,0.280333,0,0.0,0,143,0,4,0.8445,0.0,GREEN,30,Mumbai
CLM0024639,MUM_01481,Thane,2023-06-23,16,0,1,1,0,0,0,0,0,0,0.0,0.206442,0,0.0,0,248,3,6,0.2908,0.0759,GREEN,45,Mumbai
CLM0024640,MUM_06613,Powai,2015-04-05,8,0,0,0,0,1,0,0,0,0,1.0,0.20482,0,0.0,0,325,2,2,0.799,0.1858,GREEN,50,Mumbai
CLM0024641,MUM_09355,Thane,2020-01-10,14,0,0,0,0,0,1,0,0,0,0.0,0.115895,0,0.0,0,420,0,1,0.6153,0.1753,GREEN,34,Mumbai
CLM0024642,MUM_01698,Lower Parel,2020-04-02,20,0,0,0,0,0,0,0,0,0,0.0,0.207459,0,0.0,0,54,0,2,0.1714,0.0,GREEN,22,Mumbai
CLM0024643,MUM_05117,Andheri,2021-12-31,21,0,0,0,0,0,0,0,0,0,0.0,0.041614,0,0.0,0,420,4,1,0.98,0.0,GREEN,41,Mumbai
CLM0024644,MUM_01437,Dadar,2022-08-19,11,0,0,0,1,0,0,0,0,0,0.0,0.906558,0,0.0,0,81,3,0,0.0938,0.1216,GREEN,37,Mumbai
CLM0024645,MUM_01055,Borivali,2019-11-01,19,0,0,0,0,0,0,0,0,0,0.0,0.380851,1,0.0,0,188,4,0,0.2138,0.1547,GREEN,31,Mumbai
CLM0024646,MUM_07271,Powai,2023-08-05,8,0,0,0,0,0,0,0,0,0,0.0,0.188957,0,0.0,0,384,2,0,0.5665,0.0,GREEN,63,Mumbai
CLM0024647,MUM_06635,Ghatkopar,2024-07-09,11,0,0,0,0,0,0,0,0,0,0.0,0.215914,0,0.0,0,268,2,7,0.9276,0.0,GREEN,57,Mumbai
CLM0024648,MUM_02250,Vashi,2021-10-18,14,0,0,0,0,0,0,1,0,0,0.0,0.938258,0,0.0,0,86,2,1,0.7888,0.0798,GREEN,44,Mumbai
CLM0024649,MUM_02131,Dadar,2024-12-25,21,0,0,0,0,0,0,0,0,0,0.0,0.132697,0,0.0,0,133,4,0,0.8642,0.0513,GREEN,49,Mumbai
CLM0024650,MUM_03372,Thane,2024-09-04,20,0,0,0,0,0,0,0,0,0,1.0,0.970231,0,1.0,0,40,1,0,0.8746,0.0,GREEN,35,Mumbai
CLM0024651,MUM_03157,Borivali,2025-11-08,15,0,0,0,0,0,0,0,0,0,0.0,0.970082,0,0.0,0,192,2,0,0.98,0.001,GREEN,47,Mumbai
CLM0024652,MUM_05188,Dadar,2025-10-29,11,0,0,0,0,0,0,0,0,0,0.0,0.098202,0,0.0,0,303,1,1,0.1645,0.0,GREEN,40,Mumbai
CLM0024653,MUM_05707,Thane,2025-05-02,17,0,0,0,0,0,1,0,1,0,0.0,0.284348,0,0.0,0,103,1,1,0.9535,0.286,GREEN,21,Mumbai
CLM0024654,MUM_09228,Powai,2024-01-25,9,0,0,0,0,0,0,0,0,0,0.0,0.309266,0,0.0,0,402,3,3,0.2071,0.0,GREEN,20,Mumbai
CLM0024655,MUM_06770,Andheri,2025-02-16,9,0,0,0,0,1,0,0,0,0,0.0,0.162314,0,0.0,0,5,4,1,0.4717,0.173,GREEN,47,Mumbai
CLM0024656,MUM_04749,Andheri,2020-06-17,8,0,0,0,0,1,0,1,0,0,1.0,0.329003,0,0.0,0,420,0,0,0.8383,0.178,GREEN,36,Mumbai
CLM0024657,MUM_03649,Borivali,2025-04-06,18,0,0,0,0,0,0,0,0,0,0.0,0.374709,0,0.0,0,344,4,3,0.1627,0.0232,GREEN,25,Mumbai
CLM0024658,MUM_09367,Chembur,2022-04-27,13,0,0,0,0,0,0,0,0,0,0.0,0.060331,0,0.0,0,137,4,7,0.7953,0.0226,GREEN,59,Mumbai
CLM0024659,MUM_09699,Ghatkopar,2019-10-17,11,0,0,0,0,0,0,0,0,0,0.0,0.263745,0,0.0,0,289,0,1,0.8824,0.0,GREEN,48,Mumbai
CLM0024660,MUM_03960,Powai,2025-06-11,9,0,0,0,1,1,0,1,0,1,0.0,0.140401,0,0.0,0,5,4,18,0.7358,0.0,GREEN,50,Mumbai
CLM0024661,MUM_06726,Thane,2020-08-07,14,0,0,0,0,0,0,0,0,0,1.0,0.0,0,0.0,0,302,2,3,0.8247,0.0201,GREEN,40,Mumbai
CLM0024662,MUM_03642,Dadar,2020-02-13,9,0,0,0,0,0,0,0,0,0,0.0,0.020416,0,0.0,0,124,4,0,0.05,0.0225,GREEN,42,Mumbai
CLM0024663,MUM_09516,Borivali,2025-07-12,8,0,0,0,0,0,0,0,0,0,0.0,0.975619,0,0.0,0,116,3,2,0.8889,0.0156,GREEN,28,Mumbai
CLM0024664,MUM_01360,Borivali,2024-04-01,18,0,0,0,0,0,0,0,0,0,0.0,0.225602,0,0.0,0,37,2,3,0.5418,0.0,GREEN,38,Mumbai
CLM0024665,MUM_00386,Vashi,2020-03-31,12,0,0,0,0,0,0,0,0,0,1.0,1.0,0,0.0,0,201,3,2,0.8562,0.0979,GREEN,29,Mumbai
CLM0024666,MUM_06342,Vashi,2020-07-14,14,0,0,0,0,0,0,0,0,0,0.0,0.336316,0,1.0,0,420,2,0,0.98,0.2069,GREEN,45,Mumbai
CLM0024667,MUM_08400,Andheri,2023-12-19,11,0,0,0,0,0,1,0,0,0,0.0,0.108827,0,0.0,0,319,2,0,0.2475,0.097,GREEN,51,Mumbai
CLM0024668,MUM_05637,Thane,2023-09-30,7,0,0,0,0,0,0,0,0,0,0.0,0.396681,0,0.0,0,366,0,2,0.0913,0.0,GREEN,41,Mumbai
CLM0024669,MUM_05985,Powai,2025-11-12,7,0,0,0,0,0,0,0,0,0,1.0,0.359793,0,0.0,0,420,0,5,0.9401,0.0471,GREEN,56,Mumbai
CLM0024670,MUM_07852,Dadar,2023-06-16,8,0,0,0,0,0,0,0,1,0,1.0,0.189663,0,0.0,0,323,1,0,0.5549,0.0782,GREEN,48,Mumbai
CLM0024671,MUM_00577,Bandra,2018-04-24,21,0,0,0,0,0,1,0,0,0,0.0,0.028009,1,0.0,0,177,1,0,0.427,0.1599,GREEN,35,Mumbai
CLM0024672,MUM_04348,Andheri,2016-04-16,10,0,0,0,0,0,0,0,0,0,0.0,0.090984,0,0.0,0,354,3,0,0.2459,0.0062,GREEN,24,Mumbai
CLM0024673,MUM_07024,Andheri,2022-06-17,16,0,0,0,0,0,0,0,0,0,0.0,0.889943,0,0.0,0,87,3,3,0.0622,0.0,GREEN,46,Mumbai
CLM0024674,MUM_01520,Bandra,2024-09-24,11,0,0,0,0,0,0,0,0,0,1.0,0.370827,0,0.0,0,208,1,1,0.5234,0.0522,GREEN,36,Mumbai
CLM0024675,MUM_04318,Dadar,2021-03-12,15,0,0,0,0,0,0,0,0,0,0.0,1.0,0,0.0,0,235,0,3,0.05,0.0038,GREEN,18,Mumbai
CLM0024676,MUM_08044,Thane,2023-03-04,7,0,0,0,0,0,0,0,0,0,0.0,0.098695,0,0.0,0,420,1,0,0.8071,0.0,GREEN,26,Mumbai
CLM0024677,MUM_09121,Borivali,2017-10-24,12,0,0,0,0,0,0,0,0,0,0.0,1.0,0,0.0,0,383,0,2,0.6996,0.0,GREEN,58,Mumbai
CLM0024678,MUM_08288,Chembur,2023-05-03,19,0,0,0,0,0,0,0,0,0,1.0,0.063858,0,0.0,0,134,3,0,0.98,0.0224,GREEN,45,Mumbai
CLM0024679,MUM_08836,Andheri,2024-12-26,13,0,0,0,0,0,0,0,0,0,0.0,0.990599,0,1.0,0,377,4,4,0.9621,0.0,GREEN,55,Mumbai
CLM0024680,MUM_00290,Vashi,2024-08-09,18,0,1,1,0,0,1,0,0,0,0.0,0.210839,0,0.0,0,132,1,5,0.1149,0.0117,GREEN,49,Mumbai
CLM0024681,MUM_05365,Ghatkopar,2025-02-22,18,0,0,0,0,0,1,0,0,0,0.0,0.339337,0,0.0,0,57,3,0,0.98,0.0522,GREEN,46,Mumbai
CLM0024682,MUM_01605,Chembur,2025-11-14,19,0,0,0,0,0,0,0,0,0,0.0,0.185571,0,0.0,0,196,3,3,0.918,0.0022,GREEN,42,Mumbai
CLM0024683,MUM_01726,Bandra,2024-08-13,17,0,0,0,0,0,0,0,0,0,0.0,0.075643,0,0.0,0,140,4,0,0.3697,0.0244,GREEN,22,Mumbai
CLM0024684,MUM_07430,Borivali,2025-10-11,7,0,0,0,0,0,0,1,0,0,0.0,0.0,0,0.0,0,420,2,3,0.7999,0.0955,GREEN,52,Mumbai
CLM0024685,MUM_00354,Borivali,2025-08-05,7,0,0,0,1,0,0,0,1,0,0.0,0.394482,0,0.0,0,350,4,5,0.05,0.1716,GREEN,34,Mumbai
CLM0024686,MUM_08050,Chembur,2024-07-15,18,0,1,1,1,1,0,1,0,0,0.0,0.901555,0,1.0,0,37,1,18,0.0576,0.667,RED,37,Mumbai
CLM0024687,MUM_03254,Powai,2018-12-07,11,0,1,1,1,1,1,0,1,1,1.0,0.952197,0,0.0,1,7,0,18,0.3397,0.863,RED,49,Mumbai
CLM0024688,MUM_08253,Bandra,2019-06-17,21,0,1,1,1,0,0,1,1,1,0.0,1.0,1,0.0,1,17,0,18,0.8189,0.6835,RED,31,Mumbai
CLM0024689,MUM_03859,Powai,2024-04-25,8,0,1,1,1,1,0,1,1,0,0.0,0.025204,0,0.0,1,34,2,18,0.8526,0.6858,RED,48,Mumbai
CLM0024690,MUM_07387,Ghatkopar,2021-09-20,17,0,0,0,0,1,0,1,1,0,0.0,0.124776,0,0.0,0,23,0,4,0.6163,0.1842,GREEN,36,Mumbai
CLM0024691,MUM_08083,Thane,2023-03-03,8,0,0,0,0,0,0,0,0,0,0.0,0.388018,0,0.0,0,64,4,4,0.4969,0.0,GREEN,59,Mumbai
CLM0024692,MUM_08688,Powai,2021-01-19,17,0,0,0,0,0,0,0,0,0,1.0,0.232602,0,0.0,0,149,1,0,0.742,0.0127,GREEN,40,Mumbai
CLM0024693,MUM_00790,Chembur,2023-02-17,7,0,0,0,0,0,0,0,0,0,0.0,0.115899,0,1.0,0,337,2,0,0.4981,0.0,GREEN,36,Mumbai
CLM0024694,MUM_03971,Dadar,2023-12-29,8,0,0,0,0,0,0,0,0,1,0.0,0.099153,0,0.0,1,386,3,4,0.7539,0.1846,GREEN,34,Mumbai
CLM0024695,MUM_00719,Borivali,2020-12-06,8,0,0,0,1,0,1,0,0,0,0.0,0.0,1,0.0,0,50,3,3,0.8337,0.247,GREEN,44,Mumbai
CLM0024696,MUM_04492,Chembur,2024-08-05,19,0,0,0,0,0,0,0,0,0,1.0,0.967844,0,0.0,0,356,4,0,0.6026,0.0314,GREEN,37,Mumbai
CLM0024697,MUM_07905,Vashi,2024-07-06,11,0,0,0,1,1,1,1,0,1,1.0,0.998212,0,0.0,0,34,2,18,0.1442,0.0,GREEN,45,Mumbai
CLM0024698,MUM_02472,Ghatkopar,2023-12-18,15,0,0,0,0,0,1,0,0,0,0.0,0.985561,0,0.0,0,382,2,2,0.9345,0.0,GREEN,37,Mumbai
CLM0024699,MUM_03893,Borivali,2025-10-29,8,0,0,0,1,0,0,1,0,0,0.0,0.932332,0,0.0,0,184,2,4,0.7206,0.2029,GREEN,22,Mumbai
CLM0024700,MUM_07169,Andheri,2023-11-02,21,0,0,0,0,0,0,0,0,1,0.0,0.112954,0,0.0,0,108,4,5,0.8433,0.1558,GREEN,45,Mumbai
CLM0024701,MUM_05983,Ghatkopar,2025-05-23,21,0,0,0,0,0,0,0,0,0,0.0,0.237107,0,0.0,0,420,1,0,0.4952,0.0,GREEN,41,Mumbai
CLM0024702,MUM_04221,Andheri,2020-08-15,10,0,0,0,1,0,1,1,0,0,0.0,0.275387,0,1.0,0,250,4,3,0.5314,0.2413,GREEN,46,Mumbai
CLM0024703,MUM_07064,Chembur,2024-05-04,8,0,0,0,0,0,0,1,0,0,0.0,0.068369,0,0.0,0,232,0,3,0.8583,0.14,GREEN,52,Mumbai
CLM0024704,MUM_08318,Powai,2020-01-09,8,0,0,0,0,0,0,0,0,0,0.0,0.153396,0,0.0,0,269,0,3,0.7529,0.0,GREEN,62,Mumbai
CLM0024705,MUM_02648,Bandra,2020-12-07,15,0,0,0,0,0,0,0,0,0,0.0,0.123253,0,0.0,0,234,0,4,0.05,0.0,GREEN,26,Mumbai
CLM0024706,MUM_09803,Lower Parel,2024-09-25,17,0,0,0,0,0,0,1,0,0,0.0,0.086669,0,0.0,0,40,0,1,0.1504,0.0752,GREEN,18,Mumbai
CLM0024707,MUM_06565,Chembur,2024-06-30,12,0,0,0,0,0,0,0,0,0,1.0,0.977418,0,1.0,0,335,4,5,0.5164,0.0238,GREEN,37,Mumbai
CLM0024708,MUM_06069,Ghatkopar,2024-06-20,15,0,0,0,0,0,0,1,0,0,0.0,0.278361,0,0.0,0,152,3,0,0.9017,0.0935,GREEN,54,Mumbai
CLM0024709,MUM_03758,Bandra,2025-07-28,18,0,0,0,0,0,1,0,0,0,0.0,0.007797,0,0.0,0,81,3,4,0.7972,0.1049,GREEN,39,Mumbai
CLM0024710,MUM_02549,Powai,2024-08-11,13,0,0,0,0,0,0,0,0,1,1.0,1.0,0,1.0,0,139,0,5,0.5656,0.1027,GREEN,53,Mumbai
CLM0024711,MUM_04806,Vashi,2025-09-27,19,0,1,1,0,1,0,1,0,0,1.0,0.356658,0,0.0,0,110,0,2,0.652,0.1625,GREEN,37,Mumbai
CLM0024712,MUM_01177,Ghatkopar,2024-07-15,12,0,0,0,0,0,0,0,0,0,1.0,0.999076,0,1.0,0,420,0,4,0.5504,0.0,GREEN,36,Mumbai
CLM0024713,MUM_03206,Thane,2025-04-08,7,0,0,0,0,0,0,0,0,0,0.0,0.283528,0,0.0,0,255,3,1,0.2822,0.0,GREEN,42,Mumbai
CLM0024714,MUM_00419,Powai,2024-11-13,20,0,0,0,0,0,0,0,0,0,0.0,0.09208,0,0.0,0,57,1,2,0.5703,0.003,GREEN,40,Mumbai
CLM0024715,MUM_03292,Andheri,2024-06-19,11,0,0,0,0,0,0,0,0,0,0.0,1.0,1,0.0,0,391,4,1,0.5314,0.0432,GREEN,19,Mumbai
CLM0024716,MUM_01944,Lower Parel,2025-12-30,13,0,0,0,0,0,0,1,1,0,0.0,0.956349,0,0.0,0,112,2,5,0.1936,0.237,GREEN,44,Mumbai
CLM0024717,MUM_00975,Lower Parel,2025-04-08,8,0,0,0,0,0,0,0,0,0,0.0,0.17943,0,0.0,0,200,3,0,0.6319,0.0,GREEN,40,Mumbai
CLM0024718,MUM_02948,Vashi,2025-05-09,9,0,0,0,0,0,0,0,0,0,1.0,0.931302,0,1.0,0,145,3,2,0.8179,0.0561,GREEN,31,Mumbai
CLM0024719,MUM_01054,Chembur,2025-09-10,7,0,0,0,0,0,0,0,0,0,1.0,0.325999,0,0.0,0,420,0,1,0.6522,0.0388,GREEN,33,Mumbai
CLM0024720,MUM_07787,Lower Parel,2025-10-17,15,0,0,0,0,0,0,0,1,0,0.0,0.996424,0,0.0,0,420,4,0,0.8133,0.0857,GREEN,24,Mumbai
CLM0024721,MUM_07048,Chembur,2023-09-29,14,0,0,0,0,0,0,0,0,0,0.0,0.216522,0,0.0,0,104,3,1,0.583,0.073,GREEN,50,Mumbai
CLM0024722,MUM_08959,Borivali,2025-05-18,17,0,1,1,0,0,0,0,0,0,0.0,0.225748,0,0.0,0,239,1,3,0.4538,0.0466,GREEN,18,Mumbai
CLM0024723,MUM_03004,Thane,2024-06-07,9,0,0,0,0,0,0,0,0,0,0.0,0.220284,0,0.0,0,420,2,0,0.8618,0.0671,GREEN,42,Mumbai
CLM0024724,MUM_01960,Bandra,2024-12-25,18,0,1,1,0,0,0,0,1,0,0.0,0.27888,0,0.0,0,235,0,2,0.8441,0.1278,GREEN,44,Mumbai
CLM0024725,MUM_00016,Borivali,2025-11-27,21,0,0,0,0,0,0,1,0,0,0.0,0.278456,0,0.0,0,420,0,0,0.1007,0.151,GREEN,57,Mumbai
CLM0024726,MUM_04525,Chembur,2019-07-27,18,0,0,0,1,1,0,1,1,1,1.0,0.052279,0,0.0,1,21,3,14,0.3423,0.0464,GREEN,56,Mumbai
CLM0024727,MUM_07701,Thane,2019-10-06,14,0,0,0,0,0,0,0,0,0,0.0,0.213117,0,0.0,0,296,2,0,0.7746,0.1052,GREEN,62,Mumbai
CLM0024728,MUM_09908,Andheri,2019-09-23,9,0,0,0,0,0,0,0,0,0,0.0,0.074755,0,0.0,0,281,0,2,0.6349,0.0,GREEN,64,Mumbai
CLM0024729,MUM_07652,Chembur,2023-01-17,14,0,0,0,1,0,0,1,1,0,1.0,0.977979,0,0.0,1,5,3,18,0.05,0.1157,GREEN,36,Mumbai
CLM0024730,MUM_06620,Lower Parel,2025-08-23,16,0,1,1,0,0,0,0,1,0,0.0,0.28168,0,0.0,0,416,0,3,0.5801,0.2399,GREEN,26,Mumbai
CLM0024731,MUM_06471,Borivali,2018-08-05,12,0,0,0,0,0,0,0,1,0,0.0,1.0,0,0.0,0,144,3,2,0.4199,0.0351,GREEN,40,Mumbai
CLM0024732,MUM_02805,Thane,2025-11-26,21,0,0,0,0,0,0,0,0,0,0.0,0.0,0,0.0,0,218,4,1,0.1071,0.0,GREEN,33,Mumbai
CLM0024733,MUM_06065,Vashi,2025-10-27,16,0,0,0,0,0,0,0,0,0,0.0,0.259257,0,0.0,0,369,1,3,0.5961,0.0,GREEN,44,Mumbai
CLM0024734,MUM_09327,Dadar,2018-07-26,18,0,0,0,0,0,1,0,1,0,1.0,0.35087,0,0.0,0,238,2,3,0.7456,0.2052,GREEN,45,Mumbai
CLM0024735,MUM_05294,Chembur,2025-12-15,9,0,0,0,0,0,0,0,0,0,0.0,0.015641,0,0.0,1,265,0,1,0.8828,0.0204,GREEN,40,Mumbai
CLM0024736,MUM_05274,Chembur,2025-06-14,21,0,0,0,0,0,0,0,0,0,0.0,0.066006,0,0.0,0,5,1,0,0.9221,0.0111,GREEN,40,Mumbai
CLM0024737,MUM_03698,Andheri,2020-05-05,17,0,0,0,0,0,0,0,0,0,0.0,0.309807,0,0.0,0,420,4,4,0.6059,0.0,GREEN,38,Mumbai
CLM0024738,MUM_05973,Lower Parel,2023-02-28,9,0,0,0,0,0,0,0,0,0,0.0,0.255141,0,0.0,0,264,0,1,0.3035,0.1397,GREEN,29,Mumbai
CLM0024739,MUM_02968,Chembur,2021-06-03,11,0,0,0,0,0,0,0,0,0,0.0,0.379896,0,0.0,0,251,3,0,0.8439,0.1111,GREEN,48,Mumbai
CLM0024740,MUM_07570,Chembur,2020-06-09,13,0,0,0,0,0,1,0,0,0,0.0,0.954584,0,0.0,0,117,0,4,0.7611,0.0628,GREEN,34,Mumbai
CLM0024741,MUM_05071,Chembur,2024-03-04,9,0,0,0,0,0,0,0,0,0,0.0,0.300373,0,0.0,0,226,0,2,0.8983,0.0,GREEN,41,Mumbai
CLM0024742,MUM_06958,Thane,2023-11-23,8,0,0,0,0,0,0,0,0,0,1.0,0.074638,0,0.0,0,346,4,4,0.1607,0.0412,GREEN,38,Mumbai
CLM0024743,MUM_05761,Chembur,2018-08-29,16,0,0,0,0,0,0,0,0,0,0.0,0.174913,0,0.0,0,5,1,4,0.609,0.0,GREEN,30,Mumbai
CLM0024744,MUM_07943,Lower Parel,2021-04-15,13,0,0,0,0,0,0,0,0,0,0.0,0.245695,0,0.0,0,410,2,2,0.8052,0.1344,GREEN,54,Mumbai
CLM0024745,MUM_07173,Powai,2025-06-30,21,0,0,0,1,0,0,0,0,0,0.0,0.902298,0,0.0,0,99,2,1,0.1515,0.096,GREEN,35,Mumbai
CLM0024746,MUM_05797,Borivali,2018-06-08,17,0,0,0,0,0,0,1,0,0,0.0,0.0,0,0.0,0,222,3,1,0.9339,0.1095,GREEN,25,Mumbai
CLM0024747,MUM_07158,Borivali,2023-03-14,10,0,0,0,0,0,0,0,0,0,0.0,1.0,0,0.0,0,30,2,4,0.3486,0.0897,GREEN,46,Mumbai
CLM0024748,MUM_04755,Andheri,2024-07-31,19,0,0,0,1,0,0,0,0,0,0.0,0.2959,0,1.0,0,151,3,1,0.2275,0.1294,GREEN,51,Mumbai
CLM0024749,MUM_00697,Lower Parel,2018-10-29,16,0,0,0,0,0,1,0,0,0,0.0,0.194879,0,0.0,0,212,4,5,0.614,0.1059,GREEN,35,Mumbai
CLM0024750,MUM_06821,Dadar,2018-06-12,20,0,0,0,0,0,0,0,0,0,0.0,0.971723,1,0.0,0,204,2,1,0.8722,0.0777,GREEN,39,Mumbai
CLM0024751,MUM_04295,Bandra,2020-01-04,21,0,0,0,0,0,0,0,0,0,0.0,0.372643,0,0.0,0,376,2,11,0.4344,0.0593,GREEN,48,Mumbai
CLM0024752,MUM_07122,Chembur,2022-07-26,13,0,0,0,0,0,0,0,0,0,1.0,0.0,0,0.0,0,351,2,4,0.8601,0.0,GREEN,42,Mumbai
CLM0024753,MUM_09578,Lower Parel,2022-08-20,19,0,0,0,0,0,0,0,1,0,0.0,0.345691,0,0.0,0,266,4,3,0.3492,0.2121,GREEN,46,Mumbai
CLM0024754,MUM_02273,Thane,2023-06-17,17,0,0,0,0,0,1,0,0,0,1.0,0.226139,0,0.0,0,406,4,2,0.98,0.0783,GREEN,27,Mumbai
CLM0024755,MUM_08384,Ghatkopar,2016-12-01,12,0,0,0,0,0,0,0,0,0,0.0,0.981972,0,0.0,0,244,1,5,0.7116,0.0392,GREEN,46,Mumbai
CLM0024756,MUM_09037,Ghatkopar,2019-08-11,20,0,0,0,0,0,0,0,0,0,0.0,1.0,0,0.0,0,420,1,2,0.98,0.0,GREEN,24,Mumbai
CLM0024757,MUM_03913,Borivali,2024-08-14,14,0,0,0,0,0,0,0,0,0,0.0,0.102929,0,0.0,0,154,2,3,0.9215,0.0561,GREEN,36,Mumbai
CLM0024758,MUM_00789,Vashi,2017-10-04,13,0,0,0,0,0,0,0,0,0,0.0,0.394794,0,0.0,0,420,0,0,0.598,0.0,GREEN,46,Mumbai
CLM0024759,MUM_00329,Powai,2020-12-04,8,0,0,0,0,0,0,0,0,0,0.0,0.142491,1,0.0,0,203,0,2,0.98,0.119,GREEN,29,Mumbai
CLM0024760,MUM_03764,Powai,2022-11-14,9,0,0,0,0,0,0,0,0,0,0.0,0.089828,0,0.0,0,316,0,9,0.05,0.0157,GREEN,38,Mumbai
CLM0024761,MUM_03355,Thane,2019-11-05,18,0,0,0,1,0,0,0,0,0,0.0,0.237382,0,0.0,0,420,2,0,0.8667,0.2443,GREEN,48,Mumbai
CLM0024762,MUM_06786,Chembur,2016-08-29,17,0,0,0,0,0,0,0,0,0,0.0,0.264564,0,0.0,0,180,2,2,0.8385,0.0,GREEN,37,Mumbai
CLM0024763,MUM_05654,Bandra,2024-01-10,16,0,0,0,0,0,0,0,0,0,1.0,0.135352,0,0.0,0,188,3,7,0.6875,0.0584,GREEN,37,Mumbai
CLM0024764,MUM_09851,Andheri,2021-12-04,20,0,0,0,0,0,0,0,0,0,0.0,0.246011,0,0.0,0,246,2,0,0.5891,0.0,GREEN,25,Mumbai
CLM0024765,MUM_05174,Ghatkopar,2019-01-29,12,0,0,0,0,0,0,0,0,0,0.0,1.0,0,0.0,0,405,2,4,0.5221,0.0656,GREEN,51,Mumbai
CLM0024766,MUM_06971,Lower Parel,2019-05-10,8,0,1,1,0,0,0,0,1,0,0.0,0.191081,0,0.0,0,81,3,1,0.8658,0.0755,GREEN,56,Mumbai
CLM0024767,MUM_08401,Chembur,2020-02-18,17,0,0,0,1,0,0,0,1,0,0.0,0.219912,0,0.0,0,94,3,0,0.6303,0.2164,GREEN,33,Mumbai
CLM0024768,MUM_02238,Lower Parel,2020-01-27,18,0,0,0,0,0,0,0,0,0,0.0,0.262271,0,0.0,0,228,4,0,0.98,0.0348,GREEN,52,Mumbai
CLM0024769,MUM_08936,Dadar,2021-09-26,16,0,0,0,0,0,0,0,0,0,0.0,0.255504,0,0.0,0,248,4,2,0.9511,0.0532,GREEN,40,Mumbai
CLM0024770,MUM_04780,Chembur,2018-09-22,14,0,0,0,0,0,0,0,0,0,0.0,0.531976,0,0.0,0,371,3,5,0.7913,0.0,GREEN,20,Mumbai
CLM0024771,MUM_04914,Dadar,2018-04-13,20,0,0,0,0,0,0,0,1,0,0.0,0.208568,0,0.0,0,111,2,2,0.8509,0.0186,GREEN,50,Mumbai
CLM0024772,MUM_00315,Vashi,2025-11-27,15,0,0,0,0,0,0,0,0,0,0.0,0.219204,0,0.0,0,420,4,6,0.0967,0.0613,GREEN,48,Mumbai
CLM0024773,MUM_02054,Vashi,2017-12-15,14,0,0,0,0,0,0,0,0,0,0.0,0.215909,0,0.0,0,322,4,1,0.5333,0.0,GREEN,31,Mumbai
CLM0024774,MUM_01970,Dadar,2025-01-30,18,0,0,0,1,0,0,1,1,1,0.0,0.102203,0,0.0,1,5,4,18,0.8877,0.0404,GREEN,43,Mumbai
CLM0024775,MUM_03762,Chembur,2021-09-20,7,0,0,0,0,0,0,0,0,0,0.0,0.0,0,1.0,0,68,0,4,0.6878,0.0929,GREEN,30,Mumbai
CLM0024776,MUM_09077,Chembur,2018-03-12,18,0,0,0,0,0,0,0,1,0,0.0,0.354484,0,1.0,0,420,3,0,0.8075,0.1428,GREEN,58,Mumbai
CLM0024777,MUM_06113,Thane,2018-12-17,12,0,0,0,0,0,0,0,0,0,0.0,0.153875,0,0.0,0,19,3,2,0.8694,0.0,GREEN,48,Mumbai
CLM0024778,MUM_03261,Andheri,2025-04-03,18,0,1,1,0,0,0,0,0,0,0.0,0.112675,0,1.0,0,109,0,2,0.5424,0.0492,GREEN,58,Mumbai
CLM0024779,MUM_07226,Vashi,2018-07-20,15,0,0,0,0,0,0,0,1,0,0.0,0.046536,0,0.0,0,337,1,6,0.6236,0.0928,GREEN,28,Mumbai
CLM0024780,MUM_09811,Ghatkopar,2020-12-03,7,0,1,1,0,0,0,0,0,1,0.0,0.031378,0,0.0,0,159,2,6,0.7958,0.1892,GREEN,27,Mumbai
CLM0024781,MUM_01200,Lower Parel,2020-12-17,21,0,0,0,0,0,0,0,0,0,1.0,0.0,0,0.0,0,420,2,2,0.7095,0.0767,GREEN,44,Mumbai
CLM0024782,MUM_09693,Lower Parel,2020-10-27,11,0,0,0,0,0,0,0,0,0,0.0,0.171831,0,0.0,0,193,2,1,0.05,0.0481,GREEN,54,Mumbai
CLM0024783,MUM_09560,Thane,2023-05-31,14,0,0,0,0,0,0,0,0,0,0.0,0.254922,0,0.0,0,351,1,2,0.7735,0.0781,GREEN,39,Mumbai
CLM0024784,MUM_02143,Andheri,2024-03-15,8,0,0,0,0,0,0,1,0,0,0.0,0.142999,0,0.0,0,197,4,5,0.167,0.0394,GREEN,33,Mumbai
CLM0024785,MUM_00611,Borivali,2016-11-12,21,0,0,0,0,0,0,0,1,0,1.0,0.175011,0,0.0,0,268,2,2,0.8366,0.0982,GREEN,32,Mumbai
CLM0024786,MUM_02307,Ghatkopar,2018-05-22,21,0,0,0,0,0,0,1,1,0,0.0,0.342797,0,0.0,0,202,4,0,0.6681,0.1755,GREEN,32,Mumbai
CLM0024787,MUM_08815,Chembur,2017-04-20,11,0,0,0,0,0,0,0,1,0,0.0,0.332911,0,0.0,0,85,4,0,0.5163,0.0941,GREEN,36,Mumbai
CLM0024788,MUM_06726,Thane,2025-12-19,9,0,0,0,0,0,0,0,1,0,0.0,0.43157,0,0.0,1,292,2,2,0.5642,0.1655,GREEN,40,Mumbai
CLM0024789,MUM_02193,Lower Parel,2025-11-09,14,0,0,0,0,0,0,0,0,0,0.0,0.198671,0,0.0,0,198,2,2,0.6549,0.0161,GREEN,56,Mumbai
CLM0024790,MUM_08805,Vashi,2021-10-29,12,0,0,0,0,0,1,0,1,1,0.0,0.160227,0,1.0,0,105,3,0,0.9085,0.2943,GREEN,43,Mumbai
CLM0024791,MUM_00891,Powai,2020-12-24,21,0,0,0,0,0,0,1,0,0,0.0,0.227709,0,0.0,0,380,3,2,0.8209,0.0594,GREEN,19,Mumbai
CLM0024792,MUM_06542,Chembur,2019-08-15,7,0,0,0,0,0,0,0,0,0,0.0,0.087504,0,0.0,0,420,0,0,0.7546,0.0579,GREEN,45,Mumbai
CLM0024793,MUM_09709,Vashi,2016-06-22,7,0,0,0,1,0,1,0,1,1,1.0,0.152214,0,0.0,1,38,1,18,0.1465,0.0522,GREEN,56,Mumbai
CLM0024794,MUM_03371,Thane,2024-05-10,9,0,0,0,1,1,1,1,1,0,0.0,0.994935,0,1.0,1,14,4,18,0.1579,0.1858,GREEN,51,Mumbai
CLM0024795,MUM_01874,Andheri,2018-01-07,12,0,0,0,1,0,0,0,0,0,0.0,0.195746,0,1.0,0,17,1,0,0.3805,0.1583,GREEN,18,Mumbai
CLM0024796,MUM_06834,Lower Parel,2017-05-17,9,0,0,0,0,0,0,0,0,0,1.0,0.153365,0,0.0,0,189,2,3,0.9043,0.2045,GREEN,34,Mumbai
CLM0024797,MUM_00745,Borivali,2017-10-26,11,0,0,0,0,0,0,0,0,0,1.0,0.00337,0,1.0,0,420,4,1,0.2918,0.1191,GREEN,39,Mumbai
CLM0024798,MUM_00363,Bandra,2019-08-10,10,0,0,0,0,0,0,0,0,0,0.0,0.371548,0,0.0,0,227,1,5,0.1166,0.0471,GREEN,27,Mumbai
CLM0024799,MUM_05381,Chembur,2018-09-07,19,0,1,1,0,0,0,0,0,0,0.0,1.0,0,0.0,0,420,0,0,0.7923,0.0,GREEN,22,Mumbai
CLM0024800,MUM_05817,Bandra,2018-07-05,16,0,0,0,1,0,0,0,0,0,0.0,0.073771,0,0.0,0,122,2,4,0.5072,0.1165,GREEN,44,Mumbai
CLM0024801,MUM_04695,Thane,2025-08-06,9,0,0,0,0,0,1,0,0,0,0.0,0.311978,0,0.0,0,299,4,0,0.1189,0.2142,GREEN,39,Mumbai
CLM0024802,MUM_04236,Ghatkopar,2023-02-27,19,0,0,0,0,0,0,0,0,0,0.0,0.149277,0,0.0,0,357,1,0,0.7888,0.0183,GREEN,37,Mumbai
CLM0024803,MUM_00467,Dadar,2020-04-15,13,0,0,0,0,0,0,0,1,0,0.0,0.056122,0,0.0,0,420,4,2,0.98,0.0492,GREEN,45,Mumbai
CLM0024804,MUM_03065,Chembur,2020-05-07,18,0,0,0,0,0,0,0,0,0,0.0,0.1191,0,0.0,0,282,3,2,0.4904,0.0,GREEN,31,Mumbai
CLM0024805,MUM_00546,Powai,2024-08-02,11,0,0,0,0,0,0,0,0,1,0.0,0.388776,0,0.0,0,34,3,1,0.7659,0.0784,GREEN,20,Mumbai
CLM0024806,MUM_07888,Bandra,2020-11-11,7,0,0,0,0,0,1,0,0,1,0.0,0.434101,0,0.0,0,383,4,0,0.4986,0.1573,GREEN,40,Mumbai
CLM0024807,MUM_00907,Andheri,2025-04-01,12,0,0,0,0,0,0,0,0,1,0.0,0.244463,0,0.0,0,324,0,3,0.98,0.1371,GREEN,32,Mumbai
CLM0024808,MUM_05284,Chembur,2024-12-02,16,0,0,0,0,0,0,0,1,0,0.0,0.387599,0,0.0,0,7,2,1,0.6349,0.0547,GREEN,43,Mumbai
CLM0024809,MUM_00419,Powai,2025-05-11,19,0,0,0,0,0,0,0,1,0,0.0,0.065922,0,0.0,0,313,4,0,0.98,0.1463,GREEN,40,Mumbai
CLM0024810,MUM_07994,Vashi,2024-12-31,21,0,0,0,0,0,0,0,1,0,0.0,0.218814,0,0.0,0,42,1,4,0.6559,0.0,GREEN,34,Mumbai
CLM0024811,MUM_06639,Thane,2025-01-23,10,0,0,0,0,0,0,0,0,0,1.0,0.107141,0,0.0,0,387,3,0,0.5365,0.0926,GREEN,24,Mumbai
CLM0024812,MUM_02274,Bandra,2025-12-03,13,0,0,0,0,0,0,0,0,0,0.0,0.370741,0,0.0,1,238,2,1,0.7775,0.0455,GREEN,48,Mumbai
CLM0024813,MUM_08574,Andheri,2022-10-01,8,0,1,1,1,0,0,1,0,0,1.0,0.935217,0,1.0,0,14,2,16,0.081,0.3202,YELLOW,49,Mumbai
CLM0024814,MUM_03059,Bandra,2019-12-21,13,0,1,1,1,1,0,0,1,1,1.0,0.31929,0,0.0,0,5,2,18,0.3225,0.5666,YELLOW,34,Mumbai
CLM0024815,MUM_03735,Dadar,2022-04-26,10,0,1,1,1,0,0,0,1,1,1.0,0.950072,1,1.0,0,41,2,18,0.22,0.5986,YELLOW,44,Mumbai
CLM0024816,MUM_07092,Chembur,2022-04-07,7,0,1,1,0,0,1,1,1,0,0.0,0.960772,1,1.0,1,5,1,16,0.98,0.6463,RED,60,Mumbai
CLM0024817,MUM_03706,Lower Parel,2021-01-29,18,0,1,1,0,0,1,0,1,1,1.0,1.0,1,0.0,0,5,1,18,0.1423,0.5685,YELLOW,32,Mumbai
CLM0024818,MUM_09450,Vashi,2019-04-20,20,0,1,1,1,1,1,1,0,1,1.0,0.937821,0,0.0,0,11,0,18,0.2382,0.6229,RED,45,Mumbai
CLM0024819,MUM_03621,Vashi,2018-11-24,8,0,1,1,1,1,0,1,1,1,1.0,0.091689,0,0.0,1,5,0,14,0.274,0.6482,RED,42,Mumbai
CLM0024820,MUM_03416,Dadar,2019-03-27,8,0,1,1,1,1,0,0,0,0,0.0,0.051939,1,0.0,0,5,1,18,0.7741,0.3751,YELLOW,45,Mumbai
CLM0024821,MUM_06246,Andheri,2023-03-21,20,0,1,1,0,0,0,0,0,0,0.0,0.362181,0,0.0,0,420,2,7,0.6367,0.6622,RED,43,Mumbai
CLM0024822,MUM_01961,Thane,2023-09-03,13,0,0,0,0,0,0,0,0,0,0.0,0.426241,0,0.0,0,185,3,0,0.9195,0.0,GREEN,28,Mumbai
CLM0024823,MUM_06177,Dadar,2024-04-13,19,0,0,0,0,0,0,0,0,1,0.0,0.130766,0,0.0,0,331,2,1,0.7138,0.1109,GREEN,33,Mumbai
CLM0024824,MUM_04195,Vashi,2021-10-28,10,0,0,0,0,0,0,0,0,0,0.0,0.103371,0,1.0,0,184,3,5,0.7424,0.0013,GREEN,32,Mumbai
CLM0024825,MUM_00196,Borivali,2020-06-05,8,0,0,0,0,0,0,0,0,0,0.0,0.301148,0,1.0,0,420,3,2,0.7213,0.0,GREEN,39,Mumbai
CLM0024826,MUM_02557,Powai,2022-02-08,16,0,0,0,0,0,1,0,0,0,0.0,0.0,0,0.0,0,362,4,5,0.4526,0.1952,GREEN,45,Mumbai
CLM0024827,MUM_08575,Borivali,2022-03-26,8,0,0,0,0,0,0,0,0,0,0.0,0.198636,0,0.0,0,287,0,1,0.4982,0.0,GREEN,50,Mumbai
CLM0024828,MUM_08081,Vashi,2021-03-13,16,0,0,0,0,0,0,0,0,0,0.0,0.200779,0,0.0,0,119,1,4,0.8798,0.0,GREEN,21,Mumbai
CLM0024829,MUM_09263,Andheri,2021-12-08,16,0,0,0,0,0,0,0,0,0,0.0,0.110659,0,0.0,0,9,0,3,0.9276,0.0,GREEN,48,Mumbai
CLM0024830,MUM_01608,Thane,2023-10-14,18,0,0,0,0,0,0,0,0,0,0.0,0.288059,0,0.0,0,281,3,3,0.8421,0.0,GREEN,31,Mumbai
CLM0024831,MUM_00553,Lower Parel,2020-02-24,7,0,0,0,0,0,1,1,0,0,0.0,0.046734,0,0.0,0,411,1,1,0.7278,0.1496,GREEN,43,Mumbai
CLM0024832,MUM_03931,Borivali,2025-04-12,14,0,0,0,0,0,0,0,0,0,0.0,0.982864,0,0.0,0,39,3,3,0.635,0.0,GREEN,56,Mumbai
CLM0024833,MUM_03056,Borivali,2021-11-24,12,0,0,0,0,0,0,0,0,0,0.0,0.174013,0,0.0,0,420,3,3,0.5346,0.0659,GREEN,31,Mumbai
CLM0024834,MUM_04977,Andheri,2023-08-25,12,0,0,0,1,0,0,0,0,0,0.0,0.0,0,0.0,0,61,0,7,0.5492,0.168,GREEN,29,Mumbai
CLM0024835,MUM_00735,Bandra,2024-06-09,11,0,1,1,0,0,1,1,1,1,1.0,1.0,1,0.0,0,5,3,18,0.1153,0.1483,GREEN,48,Mumbai
CLM0024836,MUM_05667,Chembur,2024-10-30,19,0,0,0,0,0,0,0,0,0,0.0,0.060318,0,0.0,0,127,3,4,0.6839,0.0147,GREEN,50,Mumbai
CLM0024837,MUM_03313,Borivali,2022-10-10,7,0,0,0,0,1,0,0,1,1,0.0,0.070848,0,0.0,1,14,2,18,0.9346,0.0,GREEN,56,Mumbai
CLM0024838,MUM_05385,Bandra,2024-03-16,14,0,0,0,0,0,0,0,0,0,0.0,0.178287,0,0.0,0,151,2,0,0.2445,0.005,GREEN,38,Mumbai
CLM0024839,MUM_03940,Andheri,2023-03-31,11,0,0,0,0,0,1,0,0,0,0.0,0.126286,0,0.0,0,115,1,0,0.2395,0.0817,GREEN,28,Mumbai
CLM0024840,MUM_00797,Vashi,2022-11-23,16,0,0,0,0,1,0,0,1,0,0.0,0.416106,0,0.0,0,256,1,0,0.7847,0.2086,GREEN,42,Mumbai
CLM0024841,MUM_01380,Bandra,2023-10-24,7,0,0,0,0,0,0,0,0,0,0.0,0.997451,0,0.0,0,113,1,5,0.7282,0.0,GREEN,45,Mumbai
CLM0024842,MUM_05218,Chembur,2023-09-14,13,0,0,0,0,0,1,1,0,0,0.0,1.0,0,0.0,0,138,3,5,0.4099,0.1599,GREEN,18,Mumbai
CLM0024843,MUM_05385,Bandra,2015-06-26,21,0,0,0,0,0,0,0,1,0,0.0,1.0,0,0.0,0,229,1,0,0.98,0.1416,GREEN,38,Mumbai
CLM0024844,MUM_00272,Chembur,2022-05-26,14,0,0,0,0,0,0,0,0,0,0.0,0.276341,0,0.0,0,34,1,2,0.9746,0.0868,GREEN,36,Mumbai
CLM0024845,MUM_09938,Thane,2015-07-14,9,0,0,0,0,0,0,0,0,0,0.0,0.077393,0,0.0,0,420,2,5,0.4843,0.0,GREEN,36,Mumbai
CLM0024846,MUM_07483,Borivali,2023-01-28,15,0,0,0,0,0,0,1,0,0,0.0,0.424257,0,0.0,0,109,2,0,0.5972,0.1212,GREEN,52,Mumbai
CLM0024847,MUM_02563,Dadar,2019-10-25,16,0,0,0,1,1,1,1,1,0,0.0,0.143249,0,0.0,1,9,0,18,0.8812,0.1004,GREEN,42,Mumbai
CLM0024848,MUM_02343,Powai,2020-03-05,16,0,0,0,0,0,0,0,0,0,0.0,0.0,0,0.0,0,392,3,1,0.8201,0.0288,GREEN,55,Mumbai
CLM0024849,MUM_00072,Bandra,2022-02-22,20,0,0,0,0,0,0,0,1,0,1.0,1.0,0,1.0,0,239,4,2,0.146,0.0989,GREEN,41,Mumbai
CLM0024850,MUM_07254,Borivali,2024-07-12,17,0,0,0,0,0,0,0,0,0,1.0,0.338983,0,0.0,0,60,4,0,0.8608,0.0148,GREEN,57,Mumbai
CLM0024851,MUM_09345,Dadar,2021-08-04,21,0,0,0,0,0,0,0,0,0,0.0,0.040631,0,0.0,0,67,2,3,0.7495,0.0,GREEN,53,Mumbai
CLM0024852,MUM_03517,Lower Parel,2021-09-14,7,0,0,0,0,0,0,0,0,0,0.0,0.317506,0,0.0,0,369,1,2,0.6147,0.1481,GREEN,51,Mumbai
CLM0024853,MUM_09099,Thane,2021-03-09,8,0,0,0,0,0,0,0,0,0,0.0,0.0,0,0.0,0,275,1,6,0.8762,0.0239,GREEN,34,Mumbai
CLM0024854,MUM_00365,Vashi,2025-08-17,9,0,0,0,0,0,1,0,1,0,0.0,0.068774,0,0.0,0,420,4,5,0.8728,0.2035,GREEN,52,Mumbai
CLM0024855,MUM_02845,Vashi,2022-06-28,12,0,0,0,1,0,1,0,0,0,0.0,0.310513,0,0.0,0,22,4,7,0.6014,0.3316,YELLOW,38,Mumbai
CLM0024856,MUM_09690,Bandra,2025-08-10,9,0,0,0,0,0,0,1,0,0,0.0,0.380816,0,0.0,0,239,0,4,0.6692,0.0425,GREEN,26,Mumbai
CLM0024857,MUM_03084,Borivali,2025-08-12,7,0,0,0,0,0,0,0,0,0,1.0,0.046027,0,0.0,0,299,4,0,0.98,0.1522,GREEN,45,Mumbai
CLM0024858,MUM_03632,Borivali,2025-04-06,18,0,0,0,0,1,0,0,1,0,0.0,0.0,0,0.0,0,404,2,1,0.98,0.2365,GREEN,49,Mumbai
CLM0024859,MUM_01035,Lower Parel,2025-10-18,12,0,0,0,0,0,0,0,0,0,0.0,0.415567,0,0.0,0,286,1,0,0.8258,0.0,GREEN,44,Mumbai
CLM0024860,MUM_03673,Borivali,2025-02-27,16,0,0,0,0,0,0,0,0,0,0.0,0.280796,0,0.0,0,146,4,0,0.6223,0.0107,GREEN,37,Mumbai
CLM0024861,MUM_00948,Bandra,2025-12-17,18,0,0,0,0,0,0,0,0,0,0.0,0.186654,0,0.0,0,204,4,2,0.6734,0.0,GREEN,18,Mumbai
CLM0024862,MUM_08174,Dadar,2025-03-24,8,0,0,0,0,0,0,0,0,0,1.0,0.016355,0,0.0,1,29,3,5,0.7568,0.0784,GREEN,38,Mumbai
CLM0024863,MUM_08546,Lower Parel,2025-08-23,19,0,0,0,0,0,0,0,0,0,0.0,0.352237,0,0.0,0,94,0,3,0.1026,0.0,GREEN,34,Mumbai
CLM0024864,MUM_08603,Lower Parel,2025-11-05,10,0,0,0,0,0,0,0,0,0,0.0,0.121762,0,0.0,0,330,3,3,0.6049,0.0,GREEN,48,Mumbai
CLM0024865,MUM_05968,Borivali,2024-06-26,16,0,0,0,0,0,0,0,0,0,0.0,0.146339,0,0.0,0,266,4,2,0.4203,0.1217,GREEN,38,Mumbai
CLM0024866,MUM_02851,Bandra,2023-09-11,13,0,0,0,0,0,0,0,0,0,0.0,0.077011,0,0.0,0,288,3,2,0.8927,0.0737,GREEN,43,Mumbai
CLM0024867,MUM_02837,Powai,2024-12-15,12,0,0,0,0,0,0,0,1,0,0.0,0.081116,0,0.0,0,17,4,3,0.1551,0.1448,GREEN,34,Mumbai
CLM0024868,MUM_06061,Dadar,2025-08-31,10,0,0,0,0,0,0,0,0,0,0.0,0.199659,0,0.0,0,420,2,5,0.98,0.0,GREEN,47,Mumbai
CLM0024869,MUM_02274,Bandra,2024-11-07,19,0,0,0,0,0,0,0,0,0,0.0,0.153443,1,0.0,0,420,2,3,0.4634,0.0301,GREEN,48,Mumbai
CLM0024870,MUM_03789,Lower Parel,2024-10-17,20,0,0,0,0,0,0,0,0,0,0.0,0.169128,0,0.0,0,95,1,2,0.98,0.0,GREEN,47,Mumbai
CLM0024871,MUM_05391,Dadar,2024-01-30,18,0,0,0,0,0,0,0,0,0,0.0,0.216616,0,0.0,0,203,1,3,0.7827,0.0,GREEN,51,Mumbai
CLM0024872,MUM_00476,Lower Parel,2024-08-10,18,0,0,0,0,0,0,0,0,0,0.0,0.023706,0,0.0,0,301,4,2,0.9341,0.0029,GREEN,26,Mumbai
CLM0024873,MUM_01048,Bandra,2025-10-19,17,0,0,0,1,0,0,0,0,0,0.0,0.352009,0,0.0,0,397,3,4,0.0603,0.0919,GREEN,45,Mumbai
CLM0024874,MUM_01909,Powai,2017-11-28,16,0,0,0,0,0,0,0,0,0,0.0,1.0,0,0.0,1,49,4,5,0.804,0.1199,GREEN,44,Mumbai
CLM0024875,MUM_02015,Ghatkopar,2018-07-17,18,0,0,0,0,0,0,0,0,0,0.0,0.046416,0,0.0,0,126,2,5,0.9329,0.0657,GREEN,39,Mumbai
CLM0024876,MUM_05741,Borivali,2020-04-11,15,0,0,0,0,0,0,0,0,0,0.0,0.125768,0,0.0,0,164,1,0,0.98,0.0,GREEN,19,Mumbai
CLM0024877,MUM_05006,Bandra,2021-09-24,19,0,0,0,0,0,0,0,0,0,0.0,0.148369,0,0.0,0,126,1,0,0.8749,0.0,GREEN,60,Mumbai
CLM0024878,MUM_08918,Ghatkopar,2018-01-10,20,0,0,0,0,0,1,0,0,0,1.0,0.296021,0,0.0,0,143,2,3,0.9629,0.1648,GREEN,58,Mumbai
CLM0024879,MUM_08799,Andheri,2023-11-07,15,0,0,0,0,0,0,0,1,0,0.0,0.330796,1,0.0,0,408,3,1,0.8259,0.2628,GREEN,42,Mumbai
CLM0024880,MUM_04875,Lower Parel,2023-02-15,10,0,1,1,0,1,0,0,0,0,0.0,0.366171,1,0.0,0,114,2,0,0.6108,0.0919,GREEN,51,Mumbai
CLM0024881,MUM_06531,Powai,2023-09-05,9,0,0,0,0,0,0,0,1,0,0.0,0.027469,0,0.0,0,394,2,4,0.5197,0.1775,GREEN,39,Mumbai
CLM0024882,MUM_00403,Chembur,2024-04-19,8,0,0,0,0,0,0,0,1,0,0.0,0.389368,0,0.0,0,199,0,7,0.6761,0.0799,GREEN,37,Mumbai
CLM0024883,MUM_05249,Thane,2023-10-19,15,0,0,0,0,0,0,0,0,0,0.0,0.154019,0,0.0,0,171,2,7,0.9324,0.0976,GREEN,34,Mumbai
CLM0024884,MUM_09276,Bandra,2023-11-12,13,0,0,0,0,0,0,0,0,0,0.0,0.215525,0,0.0,0,420,4,2,0.955,0.0,GREEN,38,Mumbai
CLM0024885,MUM_09375,Bandra,2025-02-06,15,0,0,0,0,0,0,0,0,0,1.0,0.243442,0,0.0,0,420,2,5,0.821,0.0135,GREEN,30,Mumbai
CLM0024886,MUM_05516,Bandra,2024-10-24,19,0,0,0,0,0,0,0,0,0,0.0,0.0,0,1.0,0,156,1,0,0.8239,0.0257,GREEN,25,Mumbai
CLM0024887,MUM_04171,Bandra,2024-06-29,16,0,0,0,0,0,0,0,0,0,0.0,0.201865,0,0.0,0,16,1,4,0.4993,0.0,GREEN,38,Mumbai
CLM0024888,MUM_09537,Lower Parel,2023-03-14,18,0,0,0,1,0,0,0,0,0,0.0,0.067787,0,0.0,0,272,0,4,0.98,0.1936,GREEN,41,Mumbai
CLM0024889,MUM_04852,Bandra,2023-01-23,13,0,0,0,0,0,0,0,0,0,0.0,0.160874,0,0.0,1,15,1,1,0.7452,0.1317,GREEN,38,Mumbai
CLM0024890,MUM_09480,Dadar,2024-11-14,8,0,0,0,0,0,0,0,0,0,0.0,0.28653,0,0.0,0,171,2,4,0.6449,0.0,GREEN,45,Mumbai
CLM0024891,MUM_06625,Powai,2025-04-09,13,0,0,0,0,0,0,0,0,0,0.0,0.186427,1,0.0,0,108,1,2,0.9042,0.0435,GREEN,29,Mumbai
CLM0024892,MUM_04461,Andheri,2025-12-26,7,0,0,0,0,0,1,0,1,0,0.0,0.151084,0,0.0,0,420,3,3,0.98,0.1865,GREEN,47,Mumbai
CLM0024893,MUM_01433,Ghatkopar,2024-11-20,7,0,0,0,0,0,0,0,0,0,0.0,0.070777,0,0.0,0,348,4,0,0.7753,0.0,GREEN,18,Mumbai
CLM0024894,MUM_05672,Vashi,2024-10-16,16,0,0,0,0,0,0,0,0,0,0.0,0.323636,0,0.0,0,88,1,0,0.8061,0.0195,GREEN,38,Mumbai
CLM0024895,MUM_01076,Lower Parel,2025-12-26,16,0,0,0,0,0,1,0,1,0,0.0,0.19724,0,0.0,0,299,0,2,0.661,0.1711,GREEN,41,Mumbai
CLM0024896,MUM_08119,Bandra,2025-07-16,14,0,0,0,0,0,0,0,0,0,0.0,0.093762,0,0.0,0,267,1,3,0.6287,0.0,GREEN,27,Mumbai
CLM0024897,MUM_08459,Ghatkopar,2021-01-27,12,0,0,0,0,0,0,0,0,0,0.0,0.055732,0,0.0,0,310,0,4,0.7667,0.0,GREEN,41,Mumbai
CLM0024898,MUM_09974,Vashi,2023-04-12,21,0,0,0,0,0,0,0,0,0,0.0,0.189589,0,0.0,0,312,2,4,0.98,0.1107,GREEN,44,Mumbai
CLM0024899,MUM_04111,Vashi,2022-06-25,11,0,0,0,1,1,0,1,1,0,1.0,0.989248,1,1.0,1,5,0,18,0.0567,0.046,GREEN,31,Mumbai
CLM0024900,MUM_03682,Vashi,2023-01-18,10,0,0,0,0,0,0,0,0,0,0.0,0.237763,0,1.0,0,156,4,2,0.1191,0.0584,GREEN,29,Mumbai
CLM0024901,MUM_01161,Dadar,2024-02-04,12,0,0,0,0,0,1,0,0,0,0.0,0.366026,0,0.0,0,420,1,2,0.5215,0.165,GREEN,64,Mumbai
CLM0024902,MUM_03420,Andheri,2025-09-26,16,0,0,0,0,0,0,0,0,0,0.0,0.403613,0,0.0,0,246,2,5,0.5368,0.0,GREEN,48,Mumbai
CLM0024903,MUM_05923,Chembur,2025-05-16,7,0,0,0,1,1,1,1,1,0,0.0,1.0,1,0.0,1,5,2,18,0.2074,0.0,GREEN,45,Mumbai
CLM0024904,MUM_04704,Lower Parel,2025-02-11,20,0,0,0,0,0,0,0,0,0,0.0,0.073628,0,0.0,0,330,1,5,0.7838,0.0,GREEN,48,Mumbai
CLM0024905,MUM_02222,Ghatkopar,2019-02-08,15,0,0,0,1,0,0,0,0,0,0.0,0.38255,0,0.0,0,44,2,2,0.5961,0.1074,GREEN,51,Mumbai
CLM0024906,MUM_07697,Thane,2021-01-25,18,0,0,0,1,0,0,1,1,0,0.0,0.087433,0,1.0,0,8,0,18,0.4372,0.1312,GREEN,50,Mumbai
CLM0024907,MUM_07553,Dadar,2021-11-19,12,0,0,0,0,0,0,0,0,0,0.0,1.0,0,0.0,0,261,3,3,0.4876,0.047,GREEN,48,Mumbai
CLM0024908,MUM_08825,Thane,2024-08-23,7,0,0,0,0,0,0,0,0,0,0.0,0.226044,0,0.0,0,417,4,2,0.6253,0.1416,GREEN,57,Mumbai
CLM0024909,MUM_03301,Vashi,2019-01-31,19,0,0,0,0,0,0,0,0,0,0.0,0.104688,0,0.0,0,358,0,2,0.8373,0.0,GREEN,52,Mumbai
CLM0024910,MUM_08941,Ghatkopar,2021-05-09,19,0,0,0,0,0,1,0,0,0,0.0,0.128521,0,0.0,0,226,3,4,0.7691,0.0555,GREEN,53,Mumbai
CLM0024911,MUM_09440,Lower Parel,2022-09-01,8,0,0,0,0,0,0,0,0,0,0.0,0.148878,0,0.0,0,420,4,0,0.98,0.0675,GREEN,65,Mumbai
CLM0024912,MUM_03164,Andheri,2023-06-13,13,0,0,0,0,0,0,0,0,0,0.0,0.252841,0,0.0,0,34,3,4,0.6539,0.0436,GREEN,42,Mumbai
CLM0024913,MUM_07294,Bandra,2024-02-03,16,0,0,0,0,0,0,0,0,0,0.0,0.123823,0,0.0,0,144,4,0,0.6829,0.0,GREEN,44,Mumbai
CLM0024914,MUM_07327,Borivali,2022-06-10,17,0,0,0,0,0,0,0,0,0,0.0,0.0905,0,0.0,0,213,4,0,0.8764,0.0,GREEN,50,Mumbai
CLM0024915,MUM_02645,Thane,2024-08-22,15,0,0,0,0,0,0,0,1,0,0.0,0.047991,0,0.0,0,96,2,2,0.6756,0.2082,GREEN,33,Mumbai
CLM0024916,MUM_03498,Lower Parel,2024-09-12,20,0,0,0,0,0,0,1,0,0,1.0,0.248131,0,0.0,0,103,4,3,0.5894,0.1214,GREEN,39,Mumbai
CLM0024917,MUM_03737,Andheri,2023-01-02,7,0,1,1,0,0,0,0,0,0,0.0,0.307436,0,0.0,0,420,0,5,0.6417,0.0541,GREEN,31,Mumbai
CLM0024918,MUM_00205,Powai,2021-11-26,20,0,0,0,0,0,0,0,0,0,0.0,0.409366,0,0.0,0,207,1,0,0.6161,0.1055,GREEN,42,Mumbai
CLM0024919,MUM_00418,Ghatkopar,2018-08-10,8,0,0,0,0,0,0,0,0,0,0.0,0.274322,0,0.0,0,5,3,5,0.5789,0.0,GREEN,30,Mumbai
CLM0024920,MUM_01662,Bandra,2023-11-23,14,0,0,0,0,0,0,0,0,0,0.0,0.037878,0,0.0,0,363,2,5,0.6994,0.0531,GREEN,26,Mumbai
CLM0024921,MUM_00794,Borivali,2018-07-08,11,0,0,0,0,0,0,0,0,0,0.0,0.109254,0,1.0,0,341,3,7,0.98,0.0,GREEN,42,Mumbai
CLM0024922,MUM_04904,Borivali,2020-04-25,18,0,0,0,0,0,0,0,0,0,0.0,0.250796,0,0.0,0,420,2,5,0.6827,0.0,GREEN,38,Mumbai
CLM0024923,MUM_06675,Vashi,2023-06-11,10,0,0,0,0,0,0,0,0,0,0.0,0.152285,0,0.0,0,85,2,3,0.8264,0.0,GREEN,29,Mumbai
CLM0024924,MUM_03478,Bandra,2021-09-26,13,0,0,0,0,0,0,0,0,0,0.0,0.313072,0,0.0,0,403,2,5,0.8017,0.0,GREEN,24,Mumbai
CLM0024925,MUM_08417,Lower Parel,2022-03-10,14,0,0,0,0,0,0,0,0,0,0.0,0.037822,0,0.0,0,220,1,0,0.6243,0.0175,GREEN,53,Mumbai
CLM0024926,MUM_02602,Andheri,2022-09-17,20,0,0,0,0,0,0,0,0,0,0.0,0.419681,0,0.0,0,313,3,4,0.6303,0.004,GREEN,31,Mumbai
CLM0024927,MUM_09320,Vashi,2024-07-25,13,0,0,0,0,0,1,0,0,0,0.0,0.162921,0,0.0,0,340,1,2,0.6546,0.2071,GREEN,22,Mumbai
CLM0024928,MUM_07982,Borivali,2024-05-16,9,0,0,0,0,0,0,0,0,0,1.0,0.181246,0,0.0,0,242,4,4,0.8351,0.0632,GREEN,44,Mumbai
CLM0024929,MUM_06756,Thane,2023-11-14,10,0,0,0,1,0,0,0,0,0,0.0,0.446933,0,0.0,0,420,4,3,0.7308,0.1283,GREEN,41,Mumbai
CLM0024930,MUM_09671,Andheri,2019-04-17,9,0,0,0,0,0,0,0,0,0,0.0,0.213765,0,0.0,0,56,4,3,0.1633,0.0131,GREEN,63,Mumbai
CLM0024931,MUM_01830,Andheri,2024-09-05,16,0,0,0,0,0,0,0,0,0,0.0,0.259604,0,0.0,0,244,3,0,0.7319,0.0126,GREEN,46,Mumbai
CLM0024932,MUM_06197,Borivali,2025-03-11,20,0,0,0,0,0,0,0,0,0,0.0,0.194565,0,0.0,0,388,2,0,0.8326,0.0263,GREEN,48,Mumbai
CLM0024933,MUM_04521,Chembur,2018-10-04,21,0,0,0,0,0,0,0,0,0,1.0,0.272874,0,0.0,0,204,3,2,0.8694,0.1064,GREEN,49,Mumbai
CLM0024934,MUM_00105,Lower Parel,2018-09-26,15,0,0,0,0,0,0,0,1,0,0.0,0.310252,0,1.0,0,116,0,3,0.8659,0.1197,GREEN,22,Mumbai
CLM0024935,MUM_02844,Lower Parel,2020-09-15,13,0,0,0,0,0,0,0,0,0,0.0,0.183603,0,0.0,0,190,1,1,0.8634,0.0575,GREEN,41,Mumbai
CLM0024936,MUM_00301,Thane,2022-01-10,9,0,0,0,1,1,1,1,1,1,1.0,1.0,0,1.0,1,5,0,18,0.05,0.0862,GREEN,43,Mumbai
CLM0024937,MUM_02363,Thane,2020-04-23,9,0,0,0,0,0,0,0,0,0,0.0,0.203255,0,1.0,0,148,4,3,0.98,0.2002,GREEN,46,Mumbai
CLM0024938,MUM_07994,Vashi,2021-02-23,12,0,0,0,0,0,0,0,0,0,0.0,0.223232,0,0.0,0,355,2,6,0.7812,0.0,GREEN,34,Mumbai
CLM0024939,MUM_04378,Lower Parel,2024-11-21,9,0,0,0,0,0,0,0,1,0,1.0,0.200502,0,0.0,0,83,4,0,0.2016,0.1643,GREEN,33,Mumbai
CLM0024940,MUM_06185,Bandra,2018-08-22,13,0,0,0,0,0,0,0,0,0,0.0,0.985215,0,0.0,0,247,4,3,0.8449,0.0,GREEN,24,Mumbai
CLM0024941,MUM_01223,Powai,2018-06-10,20,0,0,0,0,0,0,0,0,0,0.0,0.102409,0,0.0,0,396,1,4,0.6572,0.0,GREEN,46,Mumbai
CLM0024942,MUM_01629,Borivali,2018-06-27,20,0,0,0,0,0,0,0,0,0,0.0,0.116991,1,0.0,0,273,3,0,0.8482,0.0931,GREEN,41,Mumbai
CLM0024943,MUM_00651,Dadar,2023-06-29,9,0,0,0,0,0,0,0,0,0,0.0,0.37457,0,0.0,1,420,1,2,0.05,0.0466,GREEN,59,Mumbai
CLM0024944,MUM_06759,Vashi,2021-01-19,15,0,1,1,0,0,1,0,0,0,0.0,1.0,0,0.0,0,225,4,3,0.6326,0.1042,GREEN,40,Mumbai
CLM0024945,MUM_03166,Andheri,2021-10-13,13,0,0,0,0,0,0,0,0,0,0.0,1.0,0,0.0,0,90,4,8,0.4386,0.0,GREEN,38,Mumbai
CLM0024946,MUM_07751,Ghatkopar,2020-03-01,19,0,0,0,0,0,0,1,0,0,0.0,0.027956,0,0.0,0,15,0,5,0.809,0.0002,GREEN,42,Mumbai
CLM0024947,MUM_00887,Bandra,2023-10-17,15,0,0,0,1,1,0,1,1,0,1.0,1.0,0,1.0,1,5,4,18,0.1363,0.0,GREEN,33,Mumbai
CLM0024948,MUM_03738,Chembur,2023-02-14,7,0,0,0,0,0,0,0,0,0,1.0,0.154289,0,0.0,0,188,1,1,0.2815,0.2241,GREEN,28,Mumbai
CLM0024949,MUM_01363,Chembur,2024-11-06,18,0,1,1,0,0,0,0,0,0,0.0,0.272042,0,0.0,0,125,0,4,0.8219,0.0,GREEN,38,Mumbai
CLM0024950,MUM_08800,Bandra,2020-03-25,9,0,0,0,0,0,0,0,0,0,0.0,0.144948,0,0.0,0,212,4,5,0.98,0.031,GREEN,53,Mumbai
CLM0024951,MUM_06220,Bandra,2023-07-31,9,0,0,0,0,0,1,0,0,0,0.0,0.178265,0,0.0,0,135,1,5,0.8499,0.2359,GREEN,35,Mumbai
CLM0024952,MUM_09075,Andheri,2022-09-14,8,0,0,0,0,0,0,0,1,0,0.0,0.004505,0,0.0,0,221,0,0,0.3541,0.1823,GREEN,44,Mumbai
CLM0024953,MUM_03586,Borivali,2024-12-03,18,0,0,0,0,0,0,0,1,0,0.0,1.0,1,0.0,0,93,1,1,0.6782,0.2031,GREEN,47,Mumbai
CLM0024954,MUM_06042,Chembur,2024-11-10,15,0,0,0,0,0,0,0,1,0,0.0,0.279139,0,0.0,0,131,4,3,0.5665,0.1613,GREEN,43,Mumbai
CLM0024955,MUM_04105,Powai,2023-02-02,8,0,0,0,0,0,0,0,1,0,0.0,0.387167,1,0.0,0,246,1,7,0.05,0.1205,GREEN,54,Mumbai
CLM0024956,MUM_03984,Dadar,2022-05-22,8,0,0,0,0,0,1,0,0,0,1.0,1.0,0,1.0,0,261,4,3,0.8891,0.0837,GREEN,20,Mumbai
CLM0024957,MUM_09016,Borivali,2023-05-20,10,0,0,0,0,0,0,0,0,0,0.0,1.0,0,0.0,0,210,3,0,0.4706,0.0,GREEN,33,Mumbai
CLM0024958,MUM_07560,Vashi,2023-12-25,9,0,0,0,0,0,0,0,0,0,0.0,0.933001,0,0.0,0,251,1,3,0.6173,0.0436,GREEN,40,Mumbai
CLM0024959,MUM_08945,Chembur,2025-10-29,19,0,0,0,0,0,0,0,0,0,0.0,0.439314,0,0.0,1,161,2,4,0.98,0.1054,GREEN,45,Mumbai
CLM0024960,MUM_00925,Borivali,2022-04-12,18,0,0,0,0,0,0,0,0,0,0.0,0.156467,0,1.0,0,384,1,2,0.7828,0.06,GREEN,39,Mumbai
CLM0024961,MUM_08171,Lower Parel,2025-08-14,7,0,0,0,0,0,0,0,0,0,1.0,0.287701,0,0.0,0,420,4,2,0.615,0.0465,GREEN,48,Mumbai
CLM0024962,MUM_04220,Vashi,2021-05-12,21,0,0,0,0,0,0,0,0,0,0.0,0.27914,0,0.0,0,45,0,0,0.7367,0.0143,GREEN,38,Mumbai
CLM0024963,MUM_03293,Andheri,2023-03-01,18,0,0,0,0,0,0,0,0,0,0.0,0.146153,0,0.0,0,264,0,0,0.9001,0.0415,GREEN,51,Mumbai
CLM0024964,MUM_09319,Dadar,2021-10-17,18,0,0,0,1,0,0,0,0,0,0.0,0.130133,0,0.0,0,383,1,2,0.7208,0.1096,GREEN,18,Mumbai
CLM0024965,MUM_02061,Borivali,2025-04-30,18,0,0,0,0,0,0,0,0,0,0.0,0.0,0,0.0,0,19,3,1,0.807,0.0807,GREEN,35,Mumbai
CLM0024966,MUM_05913,Andheri,2025-09-17,9,0,0,0,0,1,0,0,0,0,1.0,0.142549,0,0.0,0,106,4,4,0.7437,0.181,GREEN,35,Mumbai
CLM0024967,MUM_09782,Thane,2025-02-10,17,0,0,0,0,0,0,0,0,0,0.0,0.220195,0,0.0,0,375,0,1,0.98,0.0028,GREEN,32,Mumbai
CLM0024968,MUM_06707,Thane,2024-02-24,11,0,0,0,0,0,0,0,0,0,1.0,0.287978,0,0.0,0,349,4,2,0.98,0.0707,GREEN,44,Mumbai
CLM0024969,MUM_05344,Borivali,2025-09-27,12,0,0,0,0,0,0,0,1,0,0.0,0.135715,0,0.0,0,38,1,3,0.9265,0.1227,GREEN,52,Mumbai
CLM0024970,MUM_03849,Thane,2025-10-21,7,0,0,0,0,0,0,0,0,0,0.0,0.274484,0,0.0,0,350,1,1,0.9401,0.0041,GREEN,46,Mumbai
CLM0024971,MUM_02752,Bandra,2024-04-27,8,0,0,0,0,0,1,0,1,0,0.0,0.265255,0,0.0,0,349,4,2,0.05,0.1765,GREEN,46,Mumbai
CLM0024972,MUM_06974,Vashi,2024-11-02,14,0,0,0,0,0,0,0,0,0,0.0,0.0,0,0.0,0,126,3,2,0.4446,0.0,GREEN,62,Mumbai
CLM0024973,MUM_07274,Andheri,2025-04-09,16,0,1,1,0,0,0,0,0,0,0.0,0.146489,0,0.0,0,257,3,4,0.5227,0.0,GREEN,35,Mumbai
CLM0024974,MUM_04959,Thane,2024-04-09,13,0,1,1,0,0,0,0,0,0,0.0,0.247192,0,0.0,0,370,3,5,0.6941,0.0585,GREEN,57,Mumbai
CLM0024975,MUM_07529,Chembur,2023-09-16,7,0,0,0,0,0,0,0,0,0,0.0,0.178372,0,0.0,0,265,0,5,0.8627,0.0097,GREEN,54,Mumbai
CLM0024976,MUM_05402,Chembur,2022-11-19,7,0,0,0,0,0,0,0,0,0,0.0,0.088972,0,0.0,0,254,2,0,0.98,0.0,GREEN,34,Mumbai
CLM0024977,MUM_07522,Bandra,2025-06-09,9,0,1,1,0,0,0,0,0,0,0.0,0.079009,0,0.0,0,420,4,5,0.4889,0.0016,GREEN,33,Mumbai
CLM0024978,MUM_07439,Powai,2020-05-21,15,0,0,0,0,0,0,0,0,0,0.0,0.209079,0,0.0,0,63,3,0,0.5547,0.0,GREEN,35,Mumbai
CLM0024979,MUM_09286,Andheri,2018-04-27,13,0,0,0,0,0,1,0,0,1,0.0,0.296395,0,0.0,0,420,4,3,0.8268,0.3145,YELLOW,18,Mumbai
CLM0024980,MUM_06134,Chembur,2019-04-13,7,0,0,0,0,0,0,0,0,0,0.0,0.339114,0,0.0,0,420,4,5,0.1517,0.0,GREEN,35,Mumbai
CLM0024981,MUM_08831,Andheri,2025-07-08,13,0,0,0,0,1,0,0,0,0,0.0,0.113656,0,0.0,1,290,0,4,0.2494,0.1479,GREEN,44,Mumbai
CLM0024982,MUM_07061,Powai,2019-02-26,10,0,0,0,0,0,0,0,0,0,1.0,0.208965,0,0.0,0,275,0,1,0.5643,0.0661,GREEN,18,Mumbai
CLM0024983,MUM_01047,Powai,2025-04-23,12,0,0,0,0,0,1,0,0,0,0.0,0.368917,0,0.0,0,265,4,0,0.7835,0.1313,GREEN,55,Mumbai
CLM0024984,MUM_00339,Bandra,2024-02-24,21,0,0,0,0,0,0,0,0,0,0.0,0.112296,0,0.0,0,312,0,0,0.6935,0.0944,GREEN,44,Mumbai
CLM0024985,MUM_05479,Borivali,2025-07-14,9,0,0,0,0,0,0,0,0,0,0.0,0.035943,0,0.0,0,420,0,1,0.1793,0.0868,GREEN,47,Mumbai
CLM0024986,MUM_09557,Chembur,2018-01-20,15,0,0,0,0,0,0,0,0,0,0.0,0.042415,0,0.0,0,227,4,4,0.2259,0.0222,GREEN,41,Mumbai
CLM0024987,MUM_03091,Powai,2025-09-12,11,0,0,0,0,0,0,0,0,0,0.0,0.0,0,0.0,0,263,4,2,0.05,0.0,GREEN,39,Mumbai
CLM0024988,MUM_07166,Lower Parel,2020-04-08,19,0,0,0,0,0,0,0,1,0,0.0,0.287725,0,0.0,0,92,1,4,0.8115,0.0168,GREEN,46,Mumbai
CLM0024989,MUM_04372,Andheri,2019-09-28,13,0,0,0,0,0,0,0,0,0,0.0,0.29017,0,0.0,0,359,0,4,0.7629,0.0531,GREEN,56,Mumbai
CLM0024990,MUM_00215,Vashi,2024-07-14,20,0,0,0,1,0,0,0,0,1,0.0,0.185866,0,0.0,0,341,4,6,0.8259,0.2132,GREEN,43,Mumbai
CLM0024991,MUM_02233,Ghatkopar,2023-02-08,12,0,0,0,0,0,0,1,0,0,0.0,0.051736,0,0.0,0,262,4,3,0.98,0.0442,GREEN,18,Mumbai
CLM0024992,MUM_00140,Dadar,2023-07-07,9,0,0,0,0,0,0,0,0,0,1.0,1.0,0,1.0,0,420,2,6,0.7091,0.008,GREEN,35,Mumbai
CLM0024993,MUM_05225,Dadar,2020-03-03,13,0,0,0,0,0,0,0,0,0,0.0,0.036527,0,0.0,0,51,3,3,0.4775,0.0,GREEN,37,Mumbai
CLM0024994,MUM_00655,Vashi,2025-04-01,21,0,0,0,1,0,0,0,0,0,0.0,0.374157,1,0.0,0,278,0,2,0.6597,0.0386,GREEN,34,Mumbai
CLM0024995,MUM_03902,Borivali,2022-01-10,11,0,0,0,0,0,0,0,0,0,0.0,0.949919,0,0.0,0,420,1,0,0.5731,0.0033,GREEN,45,Mumbai
CLM0024996,MUM_02476,Powai,2025-07-08,11,0,0,0,0,0,0,0,0,0,1.0,1.0,0,1.0,0,317,0,1,0.8067,0.0,GREEN,50,Mumbai
CLM0024997,MUM_02452,Andheri,2025-07-25,10,0,0,0,0,0,0,0,1,0,0.0,0.295147,0,0.0,0,219,0,5,0.2139,0.0432,GREEN,50,Mumbai
CLM0024998,MUM_01828,Bandra,2024-05-06,16,0,0,0,0,1,1,0,0,0,0.0,0.978217,0,0.0,0,227,3,0,0.1336,0.2444,GREEN,52,Mumbai
CLM0024999,MUM_01375,Ghatkopar,2025-09-22,13,0,0,0,0,0,1,1,0,1,0.0,0.097545,1,0.0,0,5,0,18,0.8778,0.1237,GREEN,32,Mumbai
CLM0025000,MUM_09642,Thane,2024-07-23,9,0,0,0,1,1,0,0,0,1,1.0,0.568087,0,1.0,0,5,0,18,0.1569,0.0818,GREEN,50,Mumbai
CLM0025001,MUM_09063,Vashi,2024-09-11,17,0,0,0,0,0,0,0,0,0,0.0,1.0,0,0.0,0,186,4,3,0.8133,0.0,GREEN,50,Mumbai
CLM0025002,MUM_04576,Dadar,2025-03-25,10,0,0,0,0,1,0,0,0,0,0.0,0.315128,0,0.0,0,420,1,3,0.1698,0.1757,GREEN,61,Mumbai
CLM0025003,MUM_08569,Lower Parel,2025-07-11,10,0,0,0,1,0,0,0,0,0,0.0,0.209692,0,0.0,0,420,0,0,0.198,0.0382,GREEN,44,Mumbai
CLM0025004,MUM_06531,Powai,2025-01-09,9,0,0,0,0,0,0,0,0,0,0.0,0.226847,0,0.0,0,267,3,8,0.5882,0.0,GREEN,39,Mumbai
CLM0025005,MUM_04804,Thane,2025-09-17,13,0,0,0,0,0,0,0,0,0,0.0,0.071339,0,0.0,0,95,2,4,0.8762,0.0,GREEN,40,Mumbai
CLM0025006,MUM_09406,Bandra,2025-10-17,15,0,1,1,1,1,1,1,1,1,1.0,0.112754,0,1.0,0,5,2,18,0.8234,0.868,RED,43,Mumbai
CLM0025007,MUM_01397,Chembur,2021-11-29,20,0,1,1,1,1,0,0,1,1,1.0,0.865666,0,0.0,0,5,0,18,0.1961,0.6315,RED,49,Mumbai
CLM0025008,MUM_01360,Borivali,2024-07-27,17,0,1,1,0,0,0,0,0,0,0.0,0.009305,0,0.0,0,405,1,1,0.98,0.6393,RED,38,Mumbai
CLM0025009,MUM_08191,Bandra,2024-03-28,18,0,1,1,0,1,0,1,1,1,0.0,1.0,0,0.0,1,5,1,10,0.3568,0.5441,YELLOW,31,Mumbai
CLM0025010,MUM_05603,Bandra,2023-01-30,16,0,1,1,0,0,0,0,0,0,0.0,0.084719,0,0.0,0,46,2,0,0.3002,0.6498,RED,36,Mumbai
CLM0025011,MUM_09716,Andheri,2022-05-20,7,0,1,1,1,0,1,1,0,1,0.0,0.094538,0,0.0,1,5,0,18,0.9226,0.6892,RED,49,Mumbai
CLM0025012,MUM_00238,Dadar,2020-07-13,20,0,1,1,1,0,0,0,1,0,0.0,1.0,0,0.0,0,383,1,4,0.7311,0.5326,YELLOW,45,Mumbai
CLM0025013,MUM_08521,Powai,2023-06-03,12,0,1,1,0,0,0,0,0,0,0.0,0.178934,0,0.0,0,53,1,0,0.8106,0.2536,GREEN,41,Mumbai
CLM0025014,MUM_02286,Vashi,2023-04-21,7,0,1,1,1,0,1,1,1,1,1.0,0.993849,0,0.0,1,36,2,12,0.0654,0.7647,RED,46,Mumbai
CLM0025015,MUM_09477,Chembur,2024-01-20,7,0,1,1,1,1,0,0,1,1,0.0,0.092671,0,0.0,0,24,0,18,0.2009,0.6759,RED,49,Mumbai
CLM0025016,MUM_02674,Thane,2025-03-30,12,0,0,0,0,0,0,0,0,0,0.0,0.421955,0,0.0,0,269,0,1,0.05,0.0964,GREEN,35,Mumbai
CLM0025017,MUM_01105,Vashi,2024-12-15,19,0,0,0,1,0,0,0,0,0,0.0,0.185546,0,0.0,0,197,1,0,0.98,0.0823,GREEN,41,Mumbai
CLM0025018,MUM_00502,Ghatkopar,2025-11-20,18,0,0,0,0,1,0,0,0,0,1.0,0.941431,0,0.0,0,400,4,5,0.7612,0.2477,GREEN,48,Mumbai
CLM0025019,MUM_01060,Chembur,2025-10-27,21,0,0,0,0,0,0,0,0,0,0.0,0.97104,0,0.0,0,64,3,0,0.6855,0.0716,GREEN,40,Mumbai
CLM0025020,MUM_06992,Vashi,2022-12-20,17,0,0,0,0,1,1,0,0,0,0.0,0.0,0,0.0,0,384,4,4,0.3017,0.2079,GREEN,49,Mumbai
CLM0025021,MUM_03055,Lower Parel,2025-12-30,16,0,0,0,0,0,0,0,0,0,0.0,0.27287,0,0.0,0,201,0,6,0.8206,0.0,GREEN,58,Mumbai
CLM0025022,MUM_05313,Borivali,2025-07-03,21,0,0,0,0,0,0,0,0,0,0.0,0.279315,0,0.0,1,144,0,1,0.646,0.0619,GREEN,50,Mumbai
CLM0025023,MUM_09065,Andheri,2023-08-07,10,0,0,0,0,0,0,0,0,0,1.0,1.0,0,0.0,0,317,4,2,0.6477,0.0945,GREEN,55,Mumbai
CLM0025024,MUM_09549,Thane,2021-11-07,9,0,0,0,1,0,0,1,0,0,0.0,0.044301,0,0.0,0,72,4,0,0.7629,0.1821,GREEN,51,Mumbai
CLM0025025,MUM_06788,Powai,2021-01-03,19,0,0,0,1,1,1,1,1,1,1.0,1.0,0,1.0,1,11,0,18,0.0662,0.2804,GREEN,43,Mumbai
CLM0025026,MUM_05010,Thane,2023-10-05,11,0,0,0,0,0,0,0,0,0,0.0,0.162329,0,0.0,0,68,2,3,0.5816,0.0,GREEN,65,Mumbai
CLM0025027,MUM_00830,Thane,2025-10-25,17,0,1,1,0,0,0,0,0,0,0.0,0.056994,0,0.0,1,226,4,4,0.664,0.0266,GREEN,37,Mumbai
CLM0025028,MUM_05098,Thane,2021-08-22,7,0,0,0,0,0,0,0,0,0,0.0,1.0,0,0.0,0,220,3,1,0.8513,0.0,GREEN,34,Mumbai
CLM0025029,MUM_05889,Chembur,2020-11-27,8,0,0,0,0,0,0,0,0,0,0.0,0.310317,0,0.0,0,420,2,1,0.1576,0.0076,GREEN,31,Mumbai
CLM0025030,MUM_01641,Lower Parel,2021-12-30,7,0,0,0,0,0,0,0,0,0,0.0,0.524116,0,0.0,0,420,2,6,0.98,0.0364,GREEN,26,Mumbai
CLM0025031,MUM_09035,Powai,2023-11-17,21,0,0,0,0,0,0,1,0,0,0.0,0.217843,0,0.0,0,193,0,0,0.8598,0.157,GREEN,50,Mumbai
CLM0025032,MUM_06901,Ghatkopar,2023-09-22,21,0,0,0,0,0,0,0,0,0,0.0,0.251417,0,0.0,0,420,3,3,0.6708,0.0788,GREEN,28,Mumbai
CLM0025033,MUM_08120,Thane,2020-11-26,15,0,0,0,0,0,0,0,0,0,0.0,0.285331,0,0.0,0,298,0,2,0.98,0.0232,GREEN,42,Mumbai
CLM0025034,MUM_00605,Dadar,2021-01-22,19,0,0,0,0,0,1,0,0,0,0.0,0.0,0,0.0,0,420,3,5,0.7179,0.0572,GREEN,30,Mumbai
CLM0025035,MUM_03671,Chembur,2024-07-02,13,0,0,0,1,0,0,0,0,0,1.0,0.347161,0,0.0,0,79,2,1,0.7936,0.2401,GREEN,45,Mumbai
CLM0025036,MUM_08474,Andheri,2025-03-31,21,0,0,0,0,1,0,0,0,0,0.0,0.229778,0,0.0,0,319,2,1,0.98,0.1207,GREEN,48,Mumbai
CLM0025037,MUM_05598,Borivali,2020-02-25,9,0,0,0,0,0,0,0,1,0,0.0,0.214583,0,0.0,0,420,3,1,0.7028,0.1953,GREEN,46,Mumbai
CLM0025038,MUM_00678,Ghatkopar,2025-03-07,14,0,0,0,1,0,0,0,0,0,0.0,0.262072,0,0.0,0,194,3,2,0.6595,0.1384,GREEN,56,Mumbai
CLM0025039,MUM_00016,Borivali,2019-10-31,14,0,0,0,0,0,0,0,0,0,1.0,0.126683,0,0.0,0,76,0,5,0.05,0.1631,GREEN,57,Mumbai
CLM0025040,MUM_03679,Andheri,2021-04-16,14,0,0,0,0,0,0,0,0,0,0.0,0.401433,0,0.0,0,420,1,0,0.3857,0.0112,GREEN,48,Mumbai
CLM0025041,MUM_05621,Vashi,2024-10-12,15,0,0,0,0,0,0,0,0,0,1.0,0.296649,0,0.0,0,102,2,3,0.8219,0.1769,GREEN,53,Mumbai
CLM0025042,MUM_03443,Ghatkopar,2021-02-13,16,0,0,0,0,0,0,0,0,0,0.0,0.003285,0,0.0,0,420,2,1,0.8025,0.1848,GREEN,61,Mumbai
CLM0025043,MUM_01904,Chembur,2024-06-26,8,0,0,0,0,0,0,0,0,0,0.0,0.26078,0,0.0,1,50,2,1,0.9683,0.0815,GREEN,41,Mumbai
CLM0025044,MUM_08428,Bandra,2024-12-20,10,0,0,0,0,0,0,0,0,1,0.0,0.387938,0,0.0,0,7,1,0,0.6893,0.1657,GREEN,45,Mumbai
CLM0025045,MUM_06445,Chembur,2020-06-30,11,0,0,0,0,0,0,0,0,0,0.0,0.349879,0,0.0,0,420,2,1,0.5648,0.0015,GREEN,50,Mumbai
CLM0025046,MUM_03111,Thane,2022-08-22,17,0,0,0,0,0,0,0,0,0,0.0,1.0,0,0.0,0,275,1,4,0.05,0.0102,GREEN,37,Mumbai
CLM0025047,MUM_00797,Vashi,2023-08-04,18,0,0,0,0,0,1,0,1,0,0.0,0.049231,0,0.0,0,420,3,7,0.98,0.1858,GREEN,42,Mumbai
CLM0025048,MUM_09451,Thane,2025-04-19,15,0,0,0,0,1,0,0,0,0,0.0,0.129762,0,0.0,0,387,0,2,0.5368,0.1461,GREEN,46,Mumbai
CLM0025049,MUM_01402,Andheri,2020-05-03,15,0,0,0,0,0,0,0,1,0,0.0,0.0,0,0.0,0,109,1,3,0.6771,0.0692,GREEN,47,Mumbai
CLM0025050,MUM_07965,Lower Parel,2021-11-06,8,0,1,1,1,0,0,0,1,0,0.0,0.341988,0,0.0,0,137,1,1,0.0774,0.1773,GREEN,52,Mumbai
CLM0025051,MUM_08406,Thane,2024-07-19,15,0,0,0,0,1,0,0,0,0,0.0,0.252089,0,0.0,0,420,3,0,0.05,0.1486,GREEN,25,Mumbai
CLM0025052,MUM_02182,Lower Parel,2021-08-05,11,0,0,0,0,0,0,0,0,0,1.0,0.344572,0,0.0,0,420,0,6,0.801,0.1062,GREEN,31,Mumbai
CLM0025053,MUM_08410,Vashi,2017-08-12,8,0,0,0,0,0,0,0,1,0,0.0,0.094381,0,0.0,0,304,1,2,0.8183,0.2168,GREEN,24,Mumbai
CLM0025054,MUM_09974,Vashi,2019-10-15,15,0,0,0,0,0,0,0,0,0,0.0,0.345313,0,0.0,0,420,1,3,0.98,0.0174,GREEN,44,Mumbai
CLM0025055,MUM_04143,Thane,2024-03-29,14,0,0,0,0,0,0,0,0,0,0.0,0.47601,0,0.0,0,328,4,0,0.733,0.0,GREEN,29,Mumbai
CLM0025056,MUM_06250,Bandra,2024-06-23,17,0,1,1,0,0,0,0,0,0,0.0,0.203111,0,0.0,0,305,4,0,0.4299,0.0931,GREEN,28,Mumbai
CLM0025057,MUM_00932,Andheri,2018-09-08,19,0,0,0,0,0,0,0,0,0,0.0,0.319805,0,0.0,0,129,1,1,0.8442,0.0288,GREEN,55,Mumbai
CLM0025058,MUM_07309,Vashi,2025-08-06,19,0,0,0,0,0,0,0,1,0,0.0,0.234106,0,0.0,0,176,1,6,0.6557,0.1259,GREEN,43,Mumbai
CLM0025059,MUM_04454,Chembur,2025-01-21,13,0,0,0,0,0,0,0,0,0,0.0,0.124135,0,0.0,0,173,2,1,0.6608,0.0143,GREEN,48,Mumbai
CLM0025060,MUM_03755,Andheri,2025-04-27,9,0,0,0,0,0,0,0,0,0,0.0,0.010241,0,0.0,0,395,2,3,0.7902,0.0317,GREEN,32,Mumbai
CLM0025061,MUM_03878,Lower Parel,2025-12-01,16,0,0,0,0,0,0,0,0,0,1.0,0.927843,0,0.0,0,341,1,1,0.7331,0.0762,GREEN,50,Mumbai
CLM0025062,MUM_05357,Vashi,2025-06-17,9,0,0,0,0,0,1,0,0,0,0.0,0.016859,0,0.0,0,67,4,5,0.9576,0.1404,GREEN,47,Mumbai
CLM0025063,MUM_02823,Chembur,2024-10-22,16,0,0,0,0,0,1,0,0,0,0.0,0.166154,0,0.0,0,18,3,18,0.8976,0.0,GREEN,48,Mumbai
CLM0025064,MUM_09318,Dadar,2025-10-24,21,0,0,0,0,0,1,0,0,0,0.0,0.138071,0,0.0,0,280,3,0,0.8233,0.124,GREEN,42,Mumbai
CLM0025065,MUM_03560,Borivali,2025-02-25,8,0,0,0,0,0,0,0,0,0,0.0,0.0,0,0.0,0,275,0,1,0.5524,0.0326,GREEN,27,Mumbai
CLM0025066,MUM_07353,Lower Parel,2024-11-28,19,0,0,0,0,0,0,0,0,0,0.0,0.10497,0,0.0,0,207,4,2,0.9268,0.0108,GREEN,47,Mumbai
CLM0025067,MUM_00059,Bandra,2024-09-09,18,0,0,0,0,0,0,0,0,0,0.0,0.241507,0,0.0,0,386,2,4,0.6696,0.0,GREEN,24,Mumbai
CLM0025068,MUM_07579,Lower Parel,2025-10-08,18,0,0,0,0,0,0,0,1,0,0.0,0.300718,0,0.0,1,270,3,5,0.7394,0.0322,GREEN,24,Mumbai
CLM0025069,MUM_05730,Chembur,2024-11-04,17,1,0,0,0,0,1,0,0,0,0.0,0.199606,0,0.0,1,420,1,6,0.8021,0.1364,GREEN,34,Mumbai
CLM0025070,MUM_09797,Powai,2024-10-22,17,0,0,0,0,0,0,0,0,0,1.0,0.256996,0,0.0,0,302,4,3,0.9706,0.0724,GREEN,42,Mumbai
CLM0025071,MUM_01429,Andheri,2025-08-31,19,0,0,0,0,0,0,0,1,1,0.0,0.39652,0,1.0,0,190,4,3,0.224,0.2395,GREEN,29,Mumbai
CLM0025072,MUM_07662,Vashi,2025-04-22,21,0,0,0,0,0,0,0,0,0,0.0,0.973023,0,0.0,0,30,1,1,0.8854,0.0291,GREEN,44,Mumbai
CLM0025073,MUM_02241,Lower Parel,2024-03-01,10,0,0,0,0,0,1,0,0,0,0.0,0.306681,0,0.0,0,144,2,0,0.98,0.2508,GREEN,49,Mumbai
CLM0025074,MUM_08078,Thane,2025-06-13,11,0,0,0,0,0,0,0,0,0,0.0,0.289008,0,0.0,0,123,0,4,0.4417,0.0263,GREEN,34,Mumbai
CLM0025075,MUM_01013,Borivali,2025-02-02,10,0,0,0,0,0,0,0,0,0,0.0,0.264478,0,0.0,0,381,1,3,0.8712,0.0,GREEN,37,Mumbai
CLM0025076,MUM_00875,Vashi,2024-12-10,11,0,0,0,0,0,0,0,0,0,0.0,0.147568,0,0.0,0,305,3,0,0.4808,0.0302,GREEN,59,Mumbai
CLM0025077,MUM_03212,Thane,2025-08-24,11,0,0,0,1,1,0,1,0,1,0.0,0.087698,1,0.0,1,5,0,15,0.8618,0.0,GREEN,54,Mumbai
CLM0025078,MUM_07821,Vashi,2024-10-10,20,0,0,0,0,0,0,0,0,0,0.0,0.212041,0,0.0,0,420,1,0,0.2141,0.0519,GREEN,23,Mumbai
CLM0025079,MUM_09149,Dadar,2023-11-18,15,0,0,0,1,1,1,1,0,0,1.0,1.0,0,0.0,1,5,1,18,0.1571,0.2294,GREEN,38,Mumbai
CLM0025080,MUM_03959,Thane,2025-05-13,17,0,1,1,0,1,1,1,1,1,0.0,0.974153,0,1.0,0,5,3,18,0.1251,0.2853,GREEN,45,Mumbai
CLM0025081,MUM_03978,Lower Parel,2023-10-31,15,0,0,0,0,0,0,1,0,0,0.0,0.398501,0,0.0,0,394,3,1,0.5527,0.0618,GREEN,49,Mumbai
CLM0025082,MUM_04181,Chembur,2024-04-25,11,0,0,0,0,0,0,0,0,0,1.0,1.0,0,0.0,0,148,4,2,0.6468,0.0832,GREEN,43,Mumbai
CLM0025083,MUM_02226,Dadar,2022-08-29,18,0,0,0,0,0,0,0,0,0,0.0,0.403163,0,0.0,0,387,3,2,0.1818,0.0,GREEN,25,Mumbai
CLM0025084,MUM_09446,Powai,2022-12-12,11,0,0,0,0,0,0,0,0,0,0.0,0.229523,0,0.0,1,178,1,7,0.5905,0.05,GREEN,54,Mumbai
CLM0025085,MUM_04027,Vashi,2024-07-04,13,0,1,1,0,0,0,0,0,0,0.0,0.197049,0,0.0,0,388,2,1,0.5071,0.0268,GREEN,18,Mumbai
CLM0025086,MUM_08261,Borivali,2024-11-10,8,0,0,0,0,0,0,0,0,0,0.0,0.402134,0,0.0,0,102,1,1,0.844,0.0,GREEN,32,Mumbai
CLM0025087,MUM_08624,Thane,2022-03-31,10,0,0,0,0,0,0,0,0,0,0.0,0.082073,0,0.0,0,362,3,2,0.7539,0.0128,GREEN,34,Mumbai
CLM0025088,MUM_08264,Borivali,2024-02-25,17,0,0,0,1,1,1,0,0,0,0.0,0.016839,0,0.0,0,420,4,3,0.7951,0.3925,YELLOW,37,Mumbai
CLM0025089,MUM_05525,Vashi,2025-09-19,21,0,0,0,0,0,0,0,1,1,0.0,0.252658,0,0.0,0,160,3,1,0.6824,0.19,GREEN,58,Mumbai
CLM0025090,MUM_06546,Vashi,2025-11-10,11,0,0,0,0,0,0,0,0,1,0.0,0.236094,0,0.0,0,378,1,3,0.98,0.0525,GREEN,49,Mumbai
CLM0025091,MUM_05262,Thane,2022-10-21,17,0,0,0,0,0,0,0,1,0,0.0,0.174063,0,0.0,0,180,0,5,0.9336,0.2,GREEN,51,Mumbai
CLM0025092,MUM_03477,Ghatkopar,2025-05-11,12,0,0,0,1,0,0,1,0,0,0.0,0.88897,0,0.0,0,198,2,5,0.05,0.1807,GREEN,52,Mumbai
CLM0025093,MUM_05859,Ghatkopar,2023-05-02,19,0,0,0,0,0,0,0,0,0,0.0,0.0,0,0.0,0,420,0,2,0.8143,0.0,GREEN,65,Mumbai
CLM0025094,MUM_00743,Powai,2024-08-06,17,0,1,1,0,0,0,0,0,0,0.0,0.2969,0,0.0,0,24,2,2,0.7963,0.0593,GREEN,30,Mumbai
CLM0025095,MUM_08262,Ghatkopar,2019-07-04,11,0,0,0,0,0,0,0,0,0,0.0,0.274795,0,0.0,0,307,0,6,0.5927,0.0002,GREEN,37,Mumbai
CLM0025096,MUM_05969,Dadar,2020-08-10,8,0,0,0,0,0,0,1,0,0,0.0,0.407766,0,0.0,0,398,1,6,0.5418,0.0,GREEN,28,Mumbai
CLM0025097,MUM_00071,Lower Parel,2015-11-01,16,0,0,0,0,0,0,0,0,0,0.0,0.053508,0,0.0,0,84,2,0,0.5194,0.0,GREEN,49,Mumbai
CLM0025098,MUM_06236,Ghatkopar,2025-02-27,21,0,0,0,0,0,0,0,0,0,1.0,0.248203,0,0.0,0,104,1,4,0.6435,0.0895,GREEN,50,Mumbai
CLM0025099,MUM_07552,Ghatkopar,2024-10-08,15,0,0,0,0,0,0,0,1,0,0.0,0.366334,0,0.0,0,61,4,5,0.4539,0.1955,GREEN,49,Mumbai
CLM0025100,MUM_07900,Vashi,2025-02-22,19,0,0,0,0,0,0,0,0,0,0.0,0.21886,0,0.0,0,159,3,6,0.4225,0.0,GREEN,36,Mumbai
CLM0025101,MUM_01127,Borivali,2025-10-25,9,0,0,0,0,0,0,0,0,0,1.0,0.100424,0,0.0,0,266,3,0,0.6475,0.1037,GREEN,44,Mumbai
CLM0025102,MUM_07438,Vashi,2021-11-15,15,0,0,0,0,0,0,0,0,0,0.0,0.00155,1,0.0,0,420,1,4,0.8849,0.1528,GREEN,31,Mumbai
CLM0025103,MUM_02522,Thane,2023-02-01,20,0,0,0,0,0,0,0,0,0,0.0,0.0,0,0.0,0,420,2,6,0.8238,0.0713,GREEN,40,Mumbai
CLM0025104,MUM_05005,Powai,2024-07-11,7,0,0,0,1,0,0,0,1,0,0.0,0.167412,0,0.0,0,135,2,1,0.7881,0.2296,GREEN,59,Mumbai
CLM0025105,MUM_06054,Chembur,2023-12-13,10,0,0,0,0,0,0,0,0,0,0.0,0.363389,0,0.0,0,39,4,6,0.7527,0.0,GREEN,48,Mumbai
CLM0025106,MUM_06084,Ghatkopar,2025-12-25,20,0,0,0,0,0,0,0,0,0,0.0,0.303054,0,0.0,0,283,4,4,0.0537,0.07,GREEN,46,Mumbai
CLM0025107,MUM_07675,Lower Parel,2025-08-12,13,0,0,0,0,0,0,1,0,0,0.0,0.217191,0,0.0,1,312,1,7,0.6732,0.053,GREEN,27,Mumbai
CLM0025108,MUM_06583,Borivali,2023-10-28,9,0,0,0,0,0,0,0,1,0,0.0,0.0,0,0.0,0,268,2,0,0.05,0.0889,GREEN,46,Mumbai
CLM0025109,MUM_03435,Chembur,2018-05-08,18,0,0,0,0,0,0,0,0,0,0.0,0.0,0,0.0,0,273,1,4,0.0564,0.0,GREEN,56,Mumbai
CLM0025110,MUM_07257,Borivali,2017-02-17,18,0,0,0,0,0,1,0,0,0,1.0,1.0,0,1.0,0,300,3,5,0.814,0.2204,GREEN,41,Mumbai
CLM0025111,MUM_05404,Powai,2020-07-23,13,0,0,0,0,0,0,0,0,0,0.0,0.392531,0,0.0,0,321,3,4,0.7331,0.0,GREEN,41,Mumbai
CLM0025112,MUM_07741,Lower Parel,2017-04-20,15,0,0,0,0,0,0,0,0,0,0.0,0.259241,0,1.0,0,322,2,2,0.5744,0.0845,GREEN,38,Mumbai
CLM0025113,MUM_06296,Powai,2022-10-13,7,0,0,0,0,0,0,0,0,0,0.0,0.967773,0,0.0,0,89,0,2,0.2513,0.0,GREEN,30,Mumbai
CLM0025114,MUM_03147,Bandra,2025-03-05,20,0,0,0,0,0,0,0,0,0,0.0,0.457572,0,1.0,0,387,4,2,0.7423,0.0,GREEN,41,Mumbai
CLM0025115,MUM_09505,Lower Parel,2018-11-24,16,0,0,0,0,0,0,0,0,0,0.0,0.368303,0,0.0,0,284,1,2,0.857,0.0,GREEN,52,Mumbai
CLM0025116,MUM_05011,Dadar,2023-04-09,20,0,0,0,0,0,0,0,0,0,1.0,0.926194,0,1.0,0,323,1,2,0.98,0.1529,GREEN,37,Mumbai
CLM0025117,MUM_08449,Bandra,2022-02-21,12,0,0,0,0,0,0,0,0,0,1.0,0.086937,0,1.0,0,211,3,2,0.98,0.0491,GREEN,50,Mumbai
CLM0025118,MUM_04046,Vashi,2022-08-28,8,0,1,1,0,0,0,0,0,0,0.0,0.008714,0,0.0,0,420,3,0,0.913,0.1677,GREEN,27,Mumbai
CLM0025119,MUM_09069,Lower Parel,2023-08-15,12,0,0,0,0,0,0,1,0,0,0.0,0.263933,0,0.0,0,299,1,6,0.5307,0.1134,GREEN,36,Mumbai
CLM0025120,MUM_06971,Lower Parel,2023-03-28,18,0,0,0,0,0,1,0,0,0,0.0,0.966214,0,0.0,0,42,4,0,0.6008,0.1211,GREEN,56,Mumbai
CLM0025121,MUM_05272,Andheri,2023-06-02,12,0,0,0,0,0,0,0,0,0,0.0,0.984611,0,0.0,0,420,3,0,0.8551,0.0141,GREEN,52,Mumbai
CLM0025122,MUM_06729,Thane,2021-12-27,8,0,0,0,0,0,0,0,0,0,0.0,0.0,1,0.0,0,241,2,0,0.5684,0.018,GREEN,53,Mumbai
CLM0025123,MUM_02057,Thane,2025-05-24,21,0,0,0,0,0,0,0,0,0,0.0,0.453406,0,0.0,0,134,3,0,0.9278,0.0,GREEN,33,Mumbai
CLM0025124,MUM_00850,Lower Parel,2021-12-01,7,0,0,0,0,0,0,0,0,0,0.0,0.0,0,0.0,1,49,3,0,0.6469,0.1157,GREEN,44,Mumbai
CLM0025125,MUM_00805,Vashi,2023-04-24,17,0,0,0,0,0,0,1,0,0,0.0,0.249304,0,0.0,1,420,1,4,0.7644,0.0555,GREEN,26,Mumbai
CLM0025126,MUM_02229,Thane,2025-02-06,19,0,0,0,0,0,0,0,0,0,1.0,0.249865,0,0.0,0,399,2,0,0.4904,0.0887,GREEN,62,Mumbai
CLM0025127,MUM_00767,Powai,2022-06-04,8,0,0,0,0,0,0,0,0,0,0.0,0.259686,0,0.0,0,83,0,3,0.8371,0.0231,GREEN,32,Mumbai
CLM0025128,MUM_02810,Thane,2023-09-17,19,0,1,1,0,0,0,0,0,0,0.0,0.068743,0,0.0,0,154,3,3,0.5906,0.0,GREEN,39,Mumbai
CLM0025129,MUM_01408,Borivali,2025-05-07,20,0,0,0,0,0,1,1,0,0,0.0,0.248204,0,0.0,0,127,2,5,0.3391,0.1789,GREEN,37,Mumbai
CLM0025130,MUM_01044,Thane,2024-11-30,20,0,0,0,0,0,0,0,0,0,0.0,0.173632,0,0.0,0,93,4,1,0.9253,0.1259,GREEN,28,Mumbai
CLM0025131,MUM_01719,Ghatkopar,2024-10-07,19,0,0,0,0,0,0,0,0,0,0.0,0.07533,0,0.0,0,252,2,1,0.1796,0.0,GREEN,53,Mumbai
CLM0025132,MUM_06889,Bandra,2025-09-17,10,0,0,0,0,0,0,0,0,0,0.0,1.0,0,0.0,0,367,2,5,0.6409,0.0,GREEN,35,Mumbai
CLM0025133,MUM_08363,Lower Parel,2025-07-12,9,0,0,0,0,0,0,0,0,1,0.0,0.0,0,0.0,0,62,4,6,0.6063,0.0548,GREEN,23,Mumbai
CLM0025134,MUM_05411,Ghatkopar,2025-04-16,16,0,0,0,0,0,0,0,0,0,0.0,0.369926,0,1.0,0,128,3,0,0.585,0.0,GREEN,61,Mumbai
CLM0025135,MUM_04941,Thane,2025-10-16,20,0,0,0,0,0,0,0,0,0,0.0,0.240452,0,0.0,0,138,2,3,0.9118,0.0522,GREEN,29,Mumbai
CLM0025136,MUM_03596,Thane,2025-01-25,20,0,0,0,0,0,0,0,0,0,1.0,0.250533,0,0.0,0,340,1,1,0.8248,0.1162,GREEN,44,Mumbai
CLM0025137,MUM_05181,Vashi,2025-09-27,18,0,0,0,0,0,0,0,0,0,1.0,0.913863,0,0.0,0,282,2,1,0.6407,0.0266,GREEN,62,Mumbai
CLM0025138,MUM_04026,Borivali,2024-06-06,20,0,0,0,0,0,0,0,0,0,1.0,0.124105,1,0.0,0,399,4,1,0.6879,0.0964,GREEN,44,Mumbai
CLM0025139,MUM_00146,Vashi,2025-11-30,13,0,0,0,0,0,0,0,0,1,0.0,0.33592,0,0.0,0,351,0,0,0.7955,0.1602,GREEN,51,Mumbai
CLM0025140,MUM_03149,Dadar,2024-12-05,14,0,0,0,1,0,0,0,0,0,0.0,0.348856,0,0.0,1,117,4,1,0.8011,0.143,GREEN,50,Mumbai
CLM0025141,MUM_06434,Vashi,2024-10-04,12,0,0,0,0,0,0,0,0,0,0.0,0.0,0,0.0,0,296,1,1,0.6101,0.1246,GREEN,60,Mumbai
CLM0025142,MUM_03019,Powai,2025-12-08,13,0,0,0,0,0,0,0,0,0,0.0,0.397594,0,0.0,0,246,3,5,0.6486,0.0,GREEN,37,Mumbai
CLM0025143,MUM_07213,Vashi,2025-02-09,15,0,0,0,0,0,0,1,0,0,0.0,0.326608,0,0.0,0,228,3,1,0.8182,0.0587,GREEN,43,Mumbai
CLM0025144,MUM_03300,Lower Parel,2024-11-29,16,0,0,0,0,0,0,0,0,0,0.0,0.084836,0,0.0,0,242,1,3,0.98,0.0,GREEN,34,Mumbai
CLM0025145,MUM_02119,Ghatkopar,2024-08-10,21,0,0,0,0,0,0,0,0,0,0.0,0.383211,0,0.0,0,367,3,0,0.8955,0.02,GREEN,43,Mumbai
CLM0025146,MUM_01824,Chembur,2024-05-27,18,0,0,0,0,0,0,0,0,0,0.0,0.154341,0,0.0,0,27,2,2,0.5356,0.0098,GREEN,33,Mumbai
CLM0025147,MUM_05463,Borivali,2023-07-10,20,0,0,0,0,0,1,0,0,0,0.0,0.118165,0,0.0,0,219,4,5,0.8908,0.1219,GREEN,31,Mumbai
CLM0025148,MUM_00017,Borivali,2024-11-20,17,0,0,0,0,0,1,0,0,0,0.0,0.098198,0,0.0,0,297,3,2,0.6934,0.0914,GREEN,50,Mumbai
CLM0025149,MUM_08314,Vashi,2023-10-17,11,0,0,0,0,0,0,0,0,0,0.0,0.169271,0,1.0,0,145,0,8,0.7361,0.0183,GREEN,48,Mumbai
CLM0025150,MUM_03679,Andheri,2024-10-03,20,0,0,0,0,0,0,0,0,0,0.0,0.0,0,0.0,0,164,3,4,0.8465,0.0369,GREEN,48,Mumbai
CLM0025151,MUM_00910,Borivali,2022-02-04,11,0,0,0,0,0,1,0,0,0,0.0,0.016483,0,0.0,0,420,1,6,0.2145,0.1103,GREEN,51,Mumbai
CLM0025152,MUM_07299,Bandra,2025-06-30,11,0,0,0,0,1,0,0,0,0,0.0,0.463681,0,0.0,0,226,1,0,0.4061,0.137,GREEN,38,Mumbai
CLM0025153,MUM_04399,Andheri,2021-12-30,19,0,1,1,0,1,0,0,1,0,0.0,0.210041,0,0.0,0,279,0,1,0.8824,0.2365,GREEN,59,Mumbai
CLM0025154,MUM_09860,Lower Parel,2023-04-14,20,0,0,0,0,0,0,0,0,0,0.0,0.265777,0,0.0,0,420,0,1,0.6645,0.0133,GREEN,53,Mumbai
CLM0025155,MUM_03823,Dadar,2025-02-17,13,0,0,0,0,0,0,0,0,0,0.0,0.155575,0,0.0,0,103,3,4,0.1212,0.0,GREEN,23,Mumbai
CLM0025156,MUM_06740,Andheri,2024-12-03,17,0,0,0,0,1,0,1,0,0,1.0,0.0,0,0.0,0,12,3,6,0.6104,0.2704,GREEN,29,Mumbai
CLM0025157,MUM_05513,Lower Parel,2025-08-10,18,0,0,0,0,0,0,0,0,0,0.0,0.297028,0,0.0,0,33,2,5,0.2488,0.0357,GREEN,43,Mumbai
CLM0025158,MUM_01110,Vashi,2025-02-17,19,0,0,0,0,0,0,0,0,0,0.0,0.052501,0,0.0,0,258,2,5,0.6683,0.0492,GREEN,53,Mumbai
CLM0025159,MUM_01226,Dadar,2025-09-26,12,0,0,0,0,0,0,0,0,0,0.0,0.086277,0,0.0,0,399,2,5,0.774,0.0,GREEN,37,Mumbai
CLM0025160,MUM_09928,Ghatkopar,2025-04-10,13,0,0,0,0,0,0,0,0,0,0.0,0.386978,0,0.0,0,420,3,3,0.5692,0.0,GREEN,42,Mumbai
CLM0025161,MUM_04187,Powai,2025-12-02,19,0,0,0,0,0,0,0,0,0,0.0,0.18372,0,0.0,0,217,4,0,0.0526,0.0,GREEN,42,Mumbai
CLM0025162,MUM_09418,Lower Parel,2025-10-05,18,0,0,0,0,0,0,0,0,0,0.0,0.170962,0,0.0,0,147,4,3,0.6623,0.0,GREEN,26,Mumbai
CLM0025163,MUM_01556,Powai,2024-06-06,12,0,0,0,1,0,0,0,0,0,0.0,0.297098,0,0.0,0,334,3,5,0.5952,0.2721,GREEN,37,Mumbai
CLM0025164,MUM_04902,Ghatkopar,2024-10-22,7,0,0,0,0,0,0,0,0,0,0.0,0.0,0,0.0,0,331,4,1,0.6283,0.0283,GREEN,41,Mumbai
CLM0025165,MUM_06678,Andheri,2025-07-07,10,0,0,0,0,0,0,0,0,0,0.0,0.183092,0,0.0,0,410,3,0,0.6934,0.0,GREEN,43,Mumbai
CLM0025166,MUM_08239,Bandra,2021-11-05,12,0,0,0,0,0,0,0,0,0,0.0,0.190118,0,0.0,0,266,1,5,0.7909,0.0002,GREEN,59,Mumbai
CLM0025167,MUM_07424,Bandra,2024-06-28,11,0,1,1,0,0,0,0,0,0,0.0,0.032947,0,0.0,0,420,0,2,0.6905,0.0,GREEN,57,Mumbai
CLM0025168,MUM_03003,Andheri,2024-09-30,11,0,0,0,0,0,0,0,0,1,0.0,0.07534,0,0.0,0,420,1,2,0.7757,0.1102,GREEN,33,Mumbai
CLM0025169,MUM_07878,Powai,2024-08-17,11,0,0,0,0,0,0,0,1,0,0.0,0.16002,0,0.0,0,420,0,5,0.6365,0.0417,GREEN,36,Mumbai
CLM0025170,MUM_09546,Vashi,2025-01-10,21,0,1,1,0,1,0,1,1,1,0.0,0.0,1,0.0,0,5,1,17,0.7412,0.5283,YELLOW,39,Mumbai
CLM0025171,MUM_07509,Powai,2024-04-22,11,0,1,1,1,1,1,1,1,1,1.0,0.969419,1,1.0,1,20,0,18,0.4312,0.8809,RED,41,Mumbai
CLM0025172,MUM_03027,Powai,2024-11-19,13,0,0,0,0,0,0,0,0,0,0.0,0.205088,0,0.0,0,391,4,0,0.98,0.0,GREEN,41,Mumbai
CLM0025173,MUM_01846,Thane,2024-07-15,13,0,0,0,0,0,0,1,0,0,0.0,0.473143,0,0.0,0,254,3,7,0.9722,0.1308,GREEN,30,Mumbai
CLM0025174,MUM_04248,Borivali,2024-06-29,20,0,0,0,0,0,1,1,0,0,0.0,0.350291,0,0.0,0,179,1,0,0.3521,0.2008,GREEN,55,Mumbai
CLM0025175,MUM_09529,Bandra,2025-05-24,10,0,0,0,0,0,1,0,1,0,0.0,0.118093,0,0.0,0,403,3,3,0.7627,0.2003,GREEN,35,Mumbai
CLM0025176,MUM_01893,Thane,2025-10-08,11,0,0,0,0,0,0,0,0,0,0.0,0.42018,0,0.0,0,124,3,2,0.607,0.0751,GREEN,55,Mumbai
CLM0025177,MUM_07409,Ghatkopar,2024-08-26,17,0,0,0,0,0,1,0,0,0,0.0,0.381555,0,0.0,0,169,0,0,0.6865,0.0129,GREEN,43,Mumbai
CLM0025178,MUM_08465,Thane,2025-12-18,16,0,0,0,0,0,0,0,0,0,0.0,0.044894,0,0.0,0,300,3,4,0.5731,0.0,GREEN,37,Mumbai
CLM0025179,MUM_00891,Powai,2024-09-03,18,0,0,0,0,0,0,0,0,0,0.0,0.075201,0,0.0,0,158,2,1,0.5057,0.0,GREEN,19,Mumbai
CLM0025180,MUM_07653,Powai,2025-11-29,7,0,0,0,0,0,0,0,0,0,0.0,0.113972,0,0.0,0,140,4,4,0.8706,0.0,GREEN,46,Mumbai
CLM0025181,MUM_00965,Dadar,2025-10-17,8,0,0,0,0,0,0,1,0,1,0.0,0.0,0,0.0,0,420,4,0,0.7071,0.3014,GREEN,24,Mumbai
CLM0025182,MUM_01821,Powai,2024-08-04,16,0,0,0,0,0,0,0,0,0,0.0,0.222935,0,0.0,0,247,3,2,0.8127,0.0531,GREEN,46,Mumbai
CLM0025183,MUM_08451,Chembur,2024-01-22,7,0,0,0,0,0,0,0,0,0,0.0,0.140093,0,0.0,0,419,0,0,0.98,0.1059,GREEN,32,Mumbai
CLM0025184,MUM_08144,Bandra,2025-05-28,15,0,0,0,0,0,0,0,0,0,0.0,0.483937,0,0.0,0,380,0,2,0.05,0.0,GREEN,28,Mumbai
CLM0025185,MUM_06459,Dadar,2025-12-03,16,0,0,0,1,0,1,0,1,1,0.0,0.94542,0,0.0,0,21,4,14,0.1462,0.0,GREEN,34,Mumbai
CLM0025186,MUM_00084,Andheri,2024-11-22,17,0,0,0,0,0,0,0,1,0,1.0,0.082542,1,0.0,0,364,3,2,0.5941,0.1492,GREEN,55,Mumbai
CLM0025187,MUM_09032,Lower Parel,2025-07-11,18,0,0,0,0,0,0,0,0,0,1.0,0.393993,0,0.0,0,209,2,0,0.7824,0.0615,GREEN,40,Mumbai
CLM0025188,MUM_02081,Thane,2025-06-24,9,0,0,0,0,0,0,0,0,0,1.0,0.153658,0,0.0,0,297,4,8,0.7333,0.1075,GREEN,31,Mumbai
CLM0025189,MUM_02977,Andheri,2022-10-10,11,0,0,0,1,0,0,0,0,0,0.0,0.0,0,0.0,0,420,4,6,0.8456,0.1637,GREEN,36,Mumbai
CLM0025190,MUM_00593,Dadar,2023-05-28,14,0,0,0,0,0,0,0,0,0,0.0,0.0,0,0.0,0,56,2,7,0.899,0.0756,GREEN,52,Mumbai
CLM0025191,MUM_03040,Borivali,2020-10-04,10,0,0,0,0,0,0,0,1,0,0.0,0.187228,0,0.0,0,420,4,2,0.1584,0.0787,GREEN,31,Mumbai
CLM0025192,MUM_00455,Chembur,2023-03-04,19,0,0,0,0,0,0,0,0,1,0.0,0.11632,0,0.0,0,119,1,5,0.8087,0.1289,GREEN,47,Mumbai
CLM0025193,MUM_07541,Borivali,2023-04-01,20,0,0,0,0,0,0,0,0,0,0.0,0.29447,0,1.0,0,420,2,3,0.5732,0.161,GREEN,25,Mumbai
CLM0025194,MUM_09951,Powai,2023-10-28,12,0,0,0,1,0,0,0,0,0,0.0,0.449271,0,0.0,0,335,2,2,0.6625,0.0651,GREEN,18,Mumbai
CLM0025195,MUM_01305,Powai,2023-07-25,20,0,0,0,0,0,0,0,1,0,0.0,0.33769,0,0.0,0,337,1,0,0.7708,0.0331,GREEN,26,Mumbai
CLM0025196,MUM_02610,Chembur,2021-09-11,19,0,0,0,0,0,0,0,0,0,0.0,0.254459,0,0.0,0,323,2,5,0.087,0.0,GREEN,39,Mumbai
CLM0025197,MUM_02146,Chembur,2022-10-24,11,0,0,0,0,0,1,0,0,0,0.0,1.0,0,0.0,0,412,0,0,0.9302,0.0544,GREEN,49,Mumbai
CLM0025198,MUM_02075,Ghatkopar,2022-04-14,10,0,0,0,0,0,0,0,0,0,0.0,0.190413,1,0.0,0,420,3,4,0.7238,0.0582,GREEN,43,Mumbai
CLM0025199,MUM_06437,Lower Parel,2021-11-17,21,0,0,0,1,0,1,0,0,0,0.0,0.073749,0,0.0,0,182,3,4,0.9626,0.2673,GREEN,18,Mumbai
CLM0025200,MUM_07487,Ghatkopar,2023-01-03,10,0,0,0,0,0,1,0,1,0,0.0,0.136134,0,0.0,0,258,4,2,0.7651,0.146,GREEN,29,Mumbai
CLM0025201,MUM_00111,Andheri,2024-09-26,20,0,0,0,0,0,0,0,0,0,0.0,0.194191,0,0.0,0,5,1,0,0.8228,0.0,GREEN,42,Mumbai
CLM0025202,MUM_04740,Vashi,2024-11-03,12,0,0,0,0,0,0,0,0,0,0.0,0.260515,0,0.0,0,124,0,3,0.7054,0.0,GREEN,36,Mumbai
CLM0025203,MUM_03090,Ghatkopar,2022-08-15,14,0,0,0,1,1,0,1,1,1,0.0,0.943128,0,1.0,0,5,1,18,0.05,0.0,GREEN,52,Mumbai
CLM0025204,MUM_01303,Vashi,2025-03-03,20,0,0,0,0,0,0,0,0,0,1.0,0.249197,0,0.0,0,27,4,1,0.6176,0.0255,GREEN,49,Mumbai
CLM0025205,MUM_09482,Thane,2022-09-12,11,0,0,0,0,0,0,0,0,0,0.0,0.168155,1,0.0,0,157,2,4,0.8463,0.0584,GREEN,33,Mumbai
CLM0025206,MUM_02156,Ghatkopar,2022-09-06,12,0,0,0,0,1,0,0,0,0,0.0,0.259016,0,0.0,0,81,1,3,0.8632,0.1016,GREEN,30,Mumbai
CLM0025207,MUM_06813,Lower Parel,2023-08-25,21,0,0,0,0,0,0,0,0,0,0.0,0.139683,0,0.0,0,420,0,1,0.6341,0.0054,GREEN,42,Mumbai
CLM0025208,MUM_08446,Bandra,2020-06-19,18,0,0,0,0,1,0,1,1,0,1.0,0.98295,1,1.0,1,33,2,18,0.0634,0.0,GREEN,47,Mumbai
CLM0025209,MUM_01215,Powai,2022-05-08,18,0,1,1,1,1,0,1,0,1,0.0,0.136128,0,0.0,0,7,4,16,0.8204,0.0251,GREEN,19,Mumbai
CLM0025210,MUM_09017,Borivali,2025-10-05,14,0,0,0,0,1,0,0,0,0,0.0,0.27179,0,0.0,0,420,3,4,0.8371,0.1085,GREEN,36,Mumbai
CLM0025211,MUM_07385,Powai,2023-04-19,19,0,0,0,0,0,0,0,0,0,0.0,0.184975,0,0.0,0,38,4,0,0.7608,0.0,GREEN,27,Mumbai
CLM0025212,MUM_06110,Lower Parel,2023-01-06,17,0,0,0,0,0,0,0,0,0,0.0,0.159206,0,0.0,0,25,4,0,0.4095,0.03,GREEN,51,Mumbai
CLM0025213,MUM_07247,Chembur,2024-11-27,8,0,0,0,0,0,0,0,0,0,0.0,0.335778,0,0.0,0,420,3,5,0.7609,0.0605,GREEN,27,Mumbai
CLM0025214,MUM_01254,Vashi,2021-12-20,21,0,0,0,0,0,1,0,0,0,0.0,0.383954,0,0.0,0,420,4,2,0.5397,0.1704,GREEN,37,Mumbai
CLM0025215,MUM_06550,Powai,2022-01-05,16,0,0,0,0,0,0,0,1,0,0.0,0.285598,0,0.0,0,420,4,0,0.707,0.2622,GREEN,41,Mumbai
CLM0025216,MUM_03052,Bandra,2023-04-16,7,0,0,0,0,0,0,0,0,0,1.0,0.392617,0,0.0,0,35,3,0,0.05,0.0725,GREEN,57,Mumbai
CLM0025217,MUM_00384,Ghatkopar,2023-02-06,10,0,0,0,0,0,0,1,0,0,0.0,0.161591,0,0.0,0,420,4,2,0.5719,0.0,GREEN,46,Mumbai
CLM0025218,MUM_06571,Andheri,2025-01-14,11,0,0,0,1,1,1,1,1,1,0.0,0.098769,0,1.0,0,5,0,13,0.6348,0.2451,GREEN,46,Mumbai
CLM0025219,MUM_02672,Chembur,2019-01-31,13,0,0,0,0,0,0,0,0,0,1.0,0.407493,0,0.0,0,242,0,2,0.9765,0.1034,GREEN,38,Mumbai
CLM0025220,MUM_08673,Vashi,2023-03-30,14,0,0,0,0,0,0,0,0,0,0.0,0.249694,0,0.0,0,89,2,1,0.7419,0.0,GREEN,33,Mumbai
CLM0025221,MUM_05236,Thane,2020-05-29,18,0,0,0,0,0,0,0,1,0,0.0,0.987065,0,0.0,0,137,0,0,0.6795,0.1178,GREEN,52,Mumbai
CLM0025222,MUM_03727,Chembur,2021-04-25,20,0,0,0,0,0,0,0,0,0,0.0,0.321576,0,0.0,0,420,2,2,0.5437,0.0,GREEN,40,Mumbai
CLM0025223,MUM_01513,Powai,2022-04-03,15,0,0,0,0,0,1,0,0,0,0.0,0.12514,0,0.0,0,351,1,0,0.5519,0.0901,GREEN,54,Mumbai
CLM0025224,MUM_04732,Thane,2025-11-28,12,0,0,0,0,0,0,0,0,0,0.0,0.387354,0,0.0,0,145,1,7,0.4531,0.0,GREEN,43,Mumbai
CLM0025225,MUM_03205,Thane,2025-01-09,7,0,0,0,0,0,0,0,1,0,0.0,0.168176,0,0.0,0,377,3,0,0.0752,0.0839,GREEN,43,Mumbai
CLM0025226,MUM_03718,Borivali,2024-09-06,8,0,0,0,0,0,0,0,0,0,0.0,0.303237,0,0.0,0,319,3,5,0.967,0.0,GREEN,58,Mumbai
CLM0025227,MUM_09488,Ghatkopar,2024-06-18,18,0,0,0,0,0,0,0,0,0,0.0,0.180209,0,0.0,0,420,4,2,0.472,0.0459,GREEN,21,Mumbai
CLM0025228,MUM_03909,Ghatkopar,2021-01-13,9,0,0,0,0,0,0,0,1,0,0.0,0.312624,0,0.0,1,409,2,4,0.6237,0.1271,GREEN,52,Mumbai
CLM0025229,MUM_01661,Powai,2021-06-28,10,0,0,0,0,0,0,1,0,0,0.0,0.290614,0,0.0,0,279,3,3,0.98,0.1013,GREEN,46,Mumbai
CLM0025230,MUM_00006,Andheri,2024-06-11,10,0,0,0,0,0,0,0,1,0,0.0,0.09157,0,0.0,0,123,3,0,0.9295,0.0592,GREEN,51,Mumbai
CLM0025231,MUM_05687,Ghatkopar,2022-10-12,8,0,0,0,0,0,0,0,0,0,1.0,1.0,0,1.0,0,128,4,0,0.9218,0.0815,GREEN,50,Mumbai
CLM0025232,MUM_06771,Chembur,2024-08-01,12,0,0,0,0,0,0,0,0,0,0.0,0.018036,1,0.0,0,324,4,2,0.7139,0.0912,GREEN,40,Mumbai
CLM0025233,MUM_01916,Andheri,2023-11-07,13,0,0,0,0,0,0,0,0,0,0.0,0.249985,0,1.0,0,408,2,2,0.41,0.0,GREEN,44,Mumbai
CLM0025234,MUM_01903,Powai,2018-09-13,12,0,0,0,0,0,0,0,0,0,0.0,0.20247,0,0.0,0,39,4,2,0.5269,0.0456,GREEN,45,Mumbai
CLM0025235,MUM_08380,Borivali,2024-04-16,11,0,0,0,0,0,0,0,0,1,1.0,0.0,0,0.0,0,420,0,3,0.6512,0.1814,GREEN,47,Mumbai
CLM0025236,MUM_08584,Chembur,2024-08-05,9,0,0,0,0,0,0,1,1,0,1.0,1.0,1,0.0,1,16,3,18,0.4416,0.0538,GREEN,37,Mumbai
CLM0025237,MUM_03779,Ghatkopar,2022-06-01,7,0,0,0,0,0,0,0,0,0,0.0,0.134225,0,0.0,0,420,1,6,0.5301,0.0,GREEN,49,Mumbai
CLM0025238,MUM_03550,Dadar,2022-11-03,17,0,0,0,0,0,0,0,0,0,0.0,0.088574,0,0.0,0,236,1,1,0.6613,0.0,GREEN,50,Mumbai
CLM0025239,MUM_00499,Andheri,2022-03-31,16,0,1,1,0,0,0,0,0,0,0.0,0.126262,0,0.0,1,77,2,1,0.6304,0.0894,GREEN,57,Mumbai
CLM0025240,MUM_04326,Ghatkopar,2023-01-25,17,0,0,0,0,0,0,0,1,0,0.0,0.320895,0,1.0,0,388,2,3,0.7713,0.0623,GREEN,45,Mumbai
CLM0025241,MUM_03765,Andheri,2024-05-11,9,0,0,0,0,1,0,0,0,0,0.0,1.0,0,0.0,0,363,4,3,0.05,0.1953,GREEN,43,Mumbai
CLM0025242,MUM_02492,Bandra,2024-02-14,8,0,0,0,0,0,0,1,1,0,0.0,0.421531,0,0.0,0,192,1,3,0.5838,0.156,GREEN,37,Mumbai
CLM0025243,MUM_00810,Thane,2022-03-08,14,0,0,0,0,0,0,0,0,1,0.0,0.08028,1,0.0,1,188,0,6,0.3864,0.2653,GREEN,27,Mumbai
CLM0025244,MUM_01245,Vashi,2022-02-14,16,0,0,0,0,0,0,0,0,0,0.0,0.024711,0,0.0,0,238,0,3,0.7844,0.0,GREEN,27,Mumbai
CLM0025245,MUM_05788,Lower Parel,2024-11-23,14,0,1,1,0,0,0,0,0,0,0.0,0.058819,0,0.0,0,162,3,2,0.0693,0.0,GREEN,45,Mumbai
CLM0025246,MUM_01330,Chembur,2025-07-03,20,0,0,0,0,0,0,0,0,0,0.0,0.109062,0,0.0,0,359,1,2,0.8295,0.0,GREEN,48,Mumbai
CLM0025247,MUM_04785,Ghatkopar,2020-07-15,14,0,0,0,0,0,0,0,1,0,0.0,1.0,0,0.0,0,68,4,3,0.7583,0.1825,GREEN,51,Mumbai
CLM0025248,MUM_07351,Thane,2025-05-27,19,0,0,0,0,0,0,0,0,1,0.0,0.032655,0,0.0,0,138,2,4,0.9503,0.1236,GREEN,47,Mumbai
CLM0025249,MUM_08748,Thane,2023-11-21,13,0,0,0,0,0,0,0,0,0,0.0,0.141073,0,0.0,0,327,3,0,0.6353,0.0,GREEN,29,Mumbai
CLM0025250,MUM_01947,Bandra,2024-03-16,15,0,0,0,0,0,0,0,0,0,0.0,0.090881,0,0.0,0,420,4,5,0.8164,0.0,GREEN,46,Mumbai
CLM0025251,MUM_07515,Borivali,2020-06-15,17,0,0,0,0,1,0,0,0,0,0.0,0.188254,0,0.0,0,75,2,3,0.8838,0.1087,GREEN,43,Mumbai
CLM0025252,MUM_03988,Lower Parel,2024-02-01,20,0,0,0,0,0,0,0,0,0,1.0,0.246273,0,0.0,0,364,2,2,0.6574,0.0502,GREEN,47,Mumbai
CLM0025253,MUM_07945,Bandra,2017-12-14,16,0,0,0,0,0,0,0,0,0,0.0,0.404033,0,0.0,0,33,3,3,0.7859,0.067,GREEN,46,Mumbai
CLM0025254,MUM_07389,Thane,2022-09-08,10,0,0,0,0,0,0,0,0,0,0.0,0.178601,0,0.0,0,292,4,3,0.05,0.0484,GREEN,28,Mumbai
CLM0025255,MUM_06513,Bandra,2020-06-18,17,0,0,0,0,1,1,0,0,0,0.0,0.109846,0,0.0,0,356,0,3,0.9194,0.2311,GREEN,39,Mumbai
CLM0025256,MUM_05481,Bandra,2021-02-07,7,0,0,0,0,0,0,0,0,0,0.0,1.0,0,0.0,0,420,2,7,0.6553,0.0226,GREEN,37,Mumbai
CLM0025257,MUM_07766,Vashi,2015-10-20,19,0,0,0,0,0,0,0,0,0,0.0,0.101121,0,0.0,0,207,2,2,0.9473,0.0913,GREEN,47,Mumbai
CLM0025258,MUM_00733,Dadar,2024-06-08,8,0,0,0,0,0,0,0,0,0,0.0,1.0,0,0.0,1,38,3,6,0.8008,0.144,GREEN,55,Mumbai
CLM0025259,MUM_09280,Vashi,2017-09-26,19,0,0,0,0,0,0,1,0,0,0.0,0.19606,0,0.0,0,295,3,2,0.6768,0.0271,GREEN,34,Mumbai
CLM0025260,MUM_01592,Borivali,2025-05-03,19,0,0,0,0,0,0,0,0,0,1.0,0.971362,0,0.0,0,301,2,5,0.5877,0.0798,GREEN,28,Mumbai
CLM0025261,MUM_04647,Borivali,2024-12-21,20,0,0,0,0,0,0,0,0,1,0.0,0.0,0,0.0,0,295,3,0,0.7612,0.0692,GREEN,43,Mumbai
CLM0025262,MUM_09306,Chembur,2024-10-21,7,0,0,0,0,0,0,0,0,0,0.0,0.1813,1,0.0,0,420,3,4,0.8887,0.0793,GREEN,37,Mumbai
CLM0025263,MUM_02523,Chembur,2025-10-24,14,0,0,0,0,0,0,0,0,0,0.0,0.380411,0,0.0,0,216,2,4,0.2088,0.0,GREEN,34,Mumbai
CLM0025264,MUM_09304,Thane,2022-08-24,17,0,0,0,0,0,0,1,0,0,0.0,0.121054,0,0.0,0,37,4,0,0.898,0.1361,GREEN,57,Mumbai
CLM0025265,MUM_06704,Bandra,2024-06-25,9,0,0,0,0,0,0,0,0,0,0.0,0.230056,0,0.0,0,148,1,3,0.98,0.0,GREEN,46,Mumbai
CLM0025266,MUM_09785,Vashi,2024-08-02,15,0,0,0,0,0,1,0,0,0,0.0,0.344157,0,0.0,0,91,3,2,0.912,0.0941,GREEN,46,Mumbai
CLM0025267,MUM_06043,Vashi,2024-06-09,18,0,0,0,0,0,1,0,0,1,0.0,0.073003,0,0.0,0,334,3,0,0.6272,0.2703,GREEN,43,Mumbai
CLM0025268,MUM_08891,Dadar,2025-11-10,21,0,0,0,0,0,0,0,0,0,0.0,0.927341,0,0.0,0,7,4,0,0.8553,0.0,GREEN,23,Mumbai
CLM0025269,MUM_03655,Bandra,2021-08-10,15,0,0,0,0,0,0,1,1,0,1.0,1.0,1,1.0,0,15,3,18,0.1752,0.0,GREEN,39,Mumbai
CLM0025270,MUM_00253,Bandra,2023-01-13,14,0,0,0,0,0,0,0,0,0,0.0,0.407688,0,0.0,0,270,1,0,0.637,0.0,GREEN,45,Mumbai
CLM0025271,MUM_05224,Andheri,2022-02-19,10,0,0,0,0,1,0,0,0,0,0.0,0.0,0,0.0,0,420,0,0,0.3257,0.1587,GREEN,34,Mumbai
CLM0025272,MUM_05241,Thane,2020-10-28,13,1,0,0,0,0,1,0,0,0,0.0,0.208585,0,0.0,0,151,0,3,0.7307,0.1609,GREEN,44,Mumbai
CLM0025273,MUM_00185,Chembur,2023-06-13,16,0,0,0,0,0,1,0,0,0,0.0,0.414672,0,0.0,0,308,0,4,0.9632,0.1829,GREEN,54,Mumbai
CLM0025274,MUM_03872,Chembur,2023-07-18,8,0,1,1,0,0,0,0,0,0,0.0,0.184823,0,0.0,0,272,2,1,0.8959,0.8825,RED,42,Mumbai
CLM0025275,MUM_02811,Lower Parel,2025-03-03,14,0,1,1,1,0,0,1,1,1,1.0,0.960398,1,0.0,0,29,2,18,0.2593,0.7094,RED,34,Mumbai
CLM0025276,MUM_01852,Dadar,2025-11-19,14,0,1,1,1,1,0,1,0,1,1.0,1.0,0,1.0,0,13,0,18,0.3238,0.6669,RED,50,Mumbai
CLM0025277,MUM_00262,Vashi,2023-01-26,17,0,1,1,0,0,1,0,0,0,0.0,0.340499,0,0.0,0,375,2,3,0.6178,0.6326,RED,58,Mumbai
CLM0025278,MUM_09649,Powai,2024-05-26,7,0,1,1,0,1,0,1,1,1,0.0,0.242352,1,0.0,0,5,0,17,0.98,0.6225,RED,30,Mumbai
CLM0025279,MUM_09910,Powai,2025-10-24,11,0,0,0,0,1,0,0,0,0,0.0,0.268094,0,0.0,0,327,0,3,0.05,0.1191,GREEN,54,Mumbai
CLM0025280,MUM_06625,Powai,2025-12-07,12,0,0,0,0,0,0,0,0,0,0.0,0.0,1,0.0,0,377,4,2,0.7058,0.0272,GREEN,29,Mumbai
CLM0025281,MUM_00941,Bandra,2023-08-20,7,0,0,0,0,0,0,0,0,0,0.0,0.337964,0,0.0,0,51,1,4,0.1115,0.0649,GREEN,65,Mumbai
CLM0025282,MUM_01319,Borivali,2023-12-03,16,0,0,0,0,0,0,0,0,0,0.0,0.330847,1,0.0,0,420,2,6,0.703,0.125,GREEN,43,Mumbai
CLM0025283,MUM_03272,Lower Parel,2024-02-06,10,0,0,0,1,0,0,0,0,0,0.0,0.196072,0,0.0,1,420,0,4,0.8791,0.1747,GREEN,47,Mumbai
CLM0025284,MUM_05001,Borivali,2024-02-27,16,0,0,0,0,0,0,0,0,0,0.0,0.02578,0,0.0,0,240,1,1,0.5984,0.0143,GREEN,38,Mumbai
CLM0025285,MUM_05497,Dadar,2023-02-22,11,0,0,0,0,0,1,0,0,0,1.0,0.989597,0,1.0,0,420,1,1,0.9413,0.1023,GREEN,34,Mumbai
CLM0025286,MUM_07168,Thane,2023-04-05,10,0,0,0,0,0,0,0,0,0,0.0,0.4247,0,0.0,0,343,0,5,0.9371,0.0877,GREEN,52,Mumbai
CLM0025287,MUM_08907,Powai,2024-08-11,16,0,1,1,0,0,0,0,1,0,0.0,0.141686,0,0.0,0,195,3,5,0.5041,0.0108,GREEN,46,Mumbai
CLM0025288,MUM_02255,Ghatkopar,2025-12-06,19,0,0,0,0,0,0,0,0,0,0.0,0.183257,0,0.0,0,420,1,0,0.504,0.0,GREEN,40,Mumbai
CLM0025289,MUM_09033,Lower Parel,2025-12-27,16,0,0,0,0,0,0,0,0,0,0.0,0.074411,0,0.0,0,270,3,3,0.1975,0.0,GREEN,53,Mumbai
CLM0025290,MUM_00916,Andheri,2023-02-14,20,0,0,0,0,0,0,0,0,0,0.0,1.0,0,0.0,0,285,1,0,0.5221,0.1377,GREEN,45,Mumbai
CLM0025291,MUM_03343,Andheri,2020-08-31,14,0,0,0,0,0,0,0,0,0,1.0,0.280281,0,0.0,0,290,3,3,0.4888,0.1394,GREEN,30,Mumbai
CLM0025292,MUM_09130,Andheri,2018-10-15,11,0,0,0,0,0,0,0,0,0,0.0,0.032754,1,0.0,0,374,1,2,0.8692,0.0674,GREEN,20,Mumbai
CLM0025293,MUM_00252,Dadar,2021-01-15,16,0,0,0,0,0,0,0,0,0,0.0,1.0,0,0.0,0,133,2,5,0.9313,0.0328,GREEN,39,Mumbai
CLM0025294,MUM_06293,Chembur,2018-10-09,8,0,0,0,0,0,0,0,0,0,0.0,0.0,0,0.0,1,420,4,3,0.8161,0.0159,GREEN,58,Mumbai
CLM0025295,MUM_02254,Ghatkopar,2024-12-08,19,0,0,0,0,1,0,1,0,0,0.0,0.079514,0,0.0,0,117,3,3,0.501,0.2755,GREEN,42,Mumbai
CLM0025296,MUM_07888,Bandra,2020-09-30,17,0,0,0,0,0,0,0,0,1,0.0,0.0,0,0.0,0,281,3,4,0.579,0.1379,GREEN,40,Mumbai
CLM0025297,MUM_00474,Andheri,2020-04-16,18,0,0,0,1,0,0,0,0,0,0.0,0.046849,0,0.0,0,40,3,4,0.98,0.1979,GREEN,43,Mumbai
CLM0025298,MUM_02586,Vashi,2019-06-14,12,0,1,1,0,0,0,0,0,0,0.0,0.240966,1,1.0,0,354,3,0,0.5523,0.088,GREEN,71,Mumbai
CLM0025299,MUM_06484,Bandra,2024-11-07,11,0,0,0,0,1,0,0,0,0,0.0,0.0,1,0.0,0,270,1,4,0.7771,0.1466,GREEN,33,Mumbai
CLM0025300,MUM_08936,Dadar,2024-02-18,16,0,0,0,0,1,0,1,1,0,0.0,1.0,1,1.0,0,5,1,18,0.7907,0.0992,GREEN,40,Mumbai
CLM0025301,MUM_07850,Vashi,2022-10-17,21,0,0,0,0,0,0,0,0,0,0.0,0.249187,0,0.0,0,184,3,0,0.6814,0.0,GREEN,33,Mumbai
CLM0025302,MUM_00588,Andheri,2024-04-10,15,0,0,0,1,0,0,0,0,1,0.0,1.0,0,0.0,0,69,3,3,0.7502,0.3481,YELLOW,33,Mumbai
CLM0025303,MUM_05407,Lower Parel,2023-08-10,19,0,0,0,0,0,0,0,0,0,0.0,0.256678,0,0.0,0,368,3,1,0.4416,0.0329,GREEN,39,Mumbai
CLM0025304,MUM_07791,Borivali,2017-02-24,16,0,0,0,0,0,0,0,0,0,0.0,0.400038,0,0.0,0,355,4,3,0.7654,0.009,GREEN,35,Mumbai
CLM0025305,MUM_06011,Andheri,2023-03-25,20,0,0,0,0,0,0,0,0,0,0.0,0.1052,0,0.0,0,305,4,5,0.8315,0.0301,GREEN,43,Mumbai
CLM0025306,MUM_01597,Bandra,2016-12-07,11,0,0,0,0,0,1,0,0,0,0.0,0.0,0,0.0,0,393,3,3,0.8165,0.1326,GREEN,50,Mumbai
CLM0025307,MUM_01212,Ghatkopar,2022-08-12,11,0,0,0,0,0,1,1,0,0,0.0,0.088962,0,0.0,0,420,4,1,0.05,0.1445,GREEN,37,Mumbai
CLM0025308,MUM_01209,Powai,2024-09-16,10,0,1,1,0,0,0,0,0,0,0.0,0.120999,0,0.0,0,308,3,0,0.9108,0.0018,GREEN,31,Mumbai
CLM0025309,MUM_03299,Thane,2023-12-01,17,0,0,0,0,0,0,0,0,0,0.0,0.406477,0,0.0,0,65,1,3,0.05,0.0723,GREEN,45,Mumbai
CLM0025310,MUM_08458,Thane,2024-03-03,8,0,0,0,0,0,0,0,1,0,0.0,0.252627,0,0.0,0,192,3,0,0.6326,0.0896,GREEN,47,Mumbai
CLM0025311,MUM_06005,Chembur,2019-04-15,11,0,0,0,0,0,0,0,0,1,1.0,1.0,0,1.0,0,73,2,5,0.8121,0.2692,GREEN,28,Mumbai
CLM0025312,MUM_04369,Chembur,2024-12-24,21,0,0,0,0,0,0,0,0,0,1.0,0.391964,0,0.0,0,305,2,6,0.7584,0.0872,GREEN,55,Mumbai
CLM0025313,MUM_04959,Thane,2025-10-18,17,0,0,0,0,0,0,0,0,0,0.0,0.388438,0,0.0,0,260,3,2,0.0995,0.0741,GREEN,57,Mumbai
CLM0025314,MUM_06463,Dadar,2025-10-16,9,1,0,0,0,0,0,0,0,0,0.0,0.249011,0,0.0,0,154,0,4,0.7605,0.0505,GREEN,37,Mumbai
CLM0025315,MUM_00604,Borivali,2025-04-25,11,0,1,1,0,0,0,0,0,0,0.0,0.38477,0,0.0,0,165,2,3,0.8052,0.1666,GREEN,27,Mumbai
CLM0025316,MUM_00658,Thane,2020-06-01,7,0,1,1,0,1,1,0,0,0,1.0,0.345009,0,0.0,0,353,1,2,0.4069,0.419,YELLOW,55,Mumbai
CLM0025317,MUM_00191,Thane,2025-07-03,18,0,1,1,0,0,1,1,1,1,0.0,0.972194,1,0.0,1,5,2,18,0.2167,0.7286,RED,53,Mumbai
CLM0025318,MUM_01730,Dadar,2024-01-02,20,0,1,1,0,0,0,0,0,0,0.0,0.117082,0,0.0,0,373,0,3,0.3223,0.7695,RED,42,Mumbai
CLM0025319,MUM_07312,Thane,2020-04-30,10,0,1,1,1,0,0,0,0,0,0.0,0.191899,0,0.0,0,395,0,5,0.6866,0.3928,YELLOW,36,Mumbai
CLM0025320,MUM_03838,Vashi,2015-12-25,13,0,1,1,1,1,1,0,0,1,1.0,0.360168,0,0.0,1,5,0,18,0.9233,0.737,RED,47,Mumbai
CLM0025321,MUM_01834,Dadar,2021-01-28,20,0,0,0,0,0,0,0,0,0,0.0,0.195701,0,0.0,0,253,3,2,0.5183,0.0,GREEN,31,Mumbai
CLM0025322,MUM_00768,Dadar,2020-02-23,15,0,0,0,0,1,0,0,0,0,0.0,0.0652,0,0.0,0,324,0,3,0.7193,0.0694,GREEN,44,Mumbai
CLM0025323,MUM_05280,Vashi,2024-12-12,14,0,0,0,0,0,0,0,0,0,0.0,0.956886,0,0.0,1,403,4,0,0.05,0.0566,GREEN,58,Mumbai
CLM0025324,MUM_07367,Bandra,2020-06-14,16,0,0,0,0,0,0,1,1,0,1.0,0.336941,0,0.0,0,420,0,0,0.9313,0.1533,GREEN,18,Mumbai
CLM0025325,MUM_07286,Powai,2018-07-03,9,0,0,0,0,0,0,1,0,0,0.0,0.308531,0,0.0,0,160,4,6,0.7346,0.0,GREEN,42,Mumbai
CLM0025326,MUM_08162,Dadar,2020-09-11,19,0,0,0,0,0,0,0,0,0,0.0,0.265259,0,0.0,0,78,3,3,0.9341,0.0,GREEN,47,Mumbai
CLM0025327,MUM_09546,Vashi,2025-05-25,11,0,0,0,0,0,0,0,0,0,0.0,0.400211,0,1.0,0,345,0,5,0.7586,0.0,GREEN,39,Mumbai
CLM0025328,MUM_07094,Lower Parel,2021-01-12,12,0,0,0,0,0,0,0,0,0,0.0,0.969491,0,1.0,0,91,1,2,0.6391,0.0,GREEN,36,Mumbai
CLM0025329,MUM_00951,Vashi,2022-01-01,21,0,0,0,0,0,0,0,0,0,0.0,0.267971,0,0.0,0,410,0,3,0.5942,0.0719,GREEN,58,Mumbai
CLM0025330,MUM_04479,Powai,2024-05-21,11,0,0,0,0,0,0,1,0,0,0.0,0.16209,0,0.0,0,198,0,2,0.8229,0.0631,GREEN,50,Mumbai
CLM0025331,MUM_09896,Bandra,2015-08-23,13,0,0,0,0,0,0,0,0,0,0.0,0.089108,0,0.0,0,81,3,1,0.5836,0.0363,GREEN,42,Mumbai
CLM0025332,MUM_08616,Andheri,2023-07-10,13,0,0,0,0,0,1,0,0,0,0.0,0.155969,1,0.0,0,172,2,6,0.6578,0.1964,GREEN,41,Mumbai
CLM0025333,MUM_02827,Lower Parel,2025-04-20,17,0,1,1,0,0,0,0,0,0,0.0,0.375049,0,0.0,0,420,1,4,0.439,0.0,GREEN,18,Mumbai
CLM0025334,MUM_00811,Vashi,2021-05-07,19,0,0,0,1,0,0,0,0,0,0.0,0.27905,0,0.0,0,6,2,2,0.8795,0.3305,YELLOW,49,Mumbai
CLM0025335,MUM_06971,Lower Parel,2025-08-29,15,0,0,0,0,1,0,0,0,0,0.0,0.112317,0,0.0,0,126,4,4,0.2259,0.0042,GREEN,56,Mumbai
CLM0025336,MUM_08875,Bandra,2019-05-26,19,0,1,1,0,0,0,0,1,0,0.0,0.050932,0,0.0,0,214,3,4,0.98,0.0776,GREEN,39,Mumbai
CLM0025337,MUM_06643,Ghatkopar,2021-05-01,12,0,0,0,0,0,0,0,0,0,1.0,0.0,0,0.0,0,30,4,3,0.514,0.1278,GREEN,48,Mumbai
CLM0025338,MUM_05505,Andheri,2016-11-26,17,0,0,0,0,0,0,0,0,0,0.0,0.27882,0,0.0,0,395,3,4,0.723,0.0854,GREEN,45,Mumbai
CLM0025339,MUM_08431,Powai,2021-07-03,10,0,0,0,0,0,0,1,0,0,1.0,0.254091,0,0.0,0,247,1,5,0.7262,0.1323,GREEN,25,Mumbai
CLM0025340,MUM_09462,Thane,2021-03-06,17,0,0,0,0,0,0,0,0,0,0.0,0.152485,0,0.0,0,420,2,5,0.7273,0.077,GREEN,41,Mumbai
CLM0025341,MUM_05373,Borivali,2024-03-06,14,0,0,0,0,0,1,0,0,0,0.0,0.0,0,0.0,0,226,2,1,0.6359,0.0468,GREEN,49,Mumbai
CLM0025342,MUM_05863,Thane,2025-02-15,10,0,0,0,0,0,0,0,0,0,0.0,0.074267,0,0.0,0,146,3,1,0.9235,0.0,GREEN,45,Mumbai
CLM0025343,MUM_02761,Ghatkopar,2023-11-15,18,0,0,0,0,0,0,0,0,0,0.0,0.95685,0,0.0,0,104,3,1,0.98,0.1406,GREEN,33,Mumbai
CLM0025344,MUM_00936,Lower Parel,2016-11-01,21,0,0,0,1,1,0,1,1,1,0.0,1.0,0,1.0,0,14,4,18,0.05,0.0654,GREEN,50,Mumbai
CLM0025345,MUM_08257,Bandra,2020-06-04,14,0,0,0,0,0,0,0,0,0,0.0,0.14268,0,0.0,0,232,2,0,0.5099,0.0,GREEN,30,Mumbai
CLM0025346,MUM_04981,Ghatkopar,2017-01-04,18,0,0,0,0,0,0,0,0,0,0.0,0.033288,0,0.0,0,156,2,4,0.533,0.0202,GREEN,46,Mumbai
CLM0025347,MUM_00768,Dadar,2025-01-06,10,0,0,0,0,0,0,0,0,0,0.0,0.146958,0,0.0,0,224,1,2,0.6183,0.0274,GREEN,44,Mumbai
CLM0025348,MUM_00026,Borivali,2022-01-22,18,0,0,0,0,0,0,0,0,0,0.0,0.027473,0,0.0,0,189,2,2,0.98,0.1875,GREEN,37,Mumbai
CLM0025349,MUM_00320,Lower Parel,2022-09-23,12,0,0,0,0,0,0,0,0,0,0.0,0.020181,0,1.0,0,394,1,2,0.8377,0.0,GREEN,41,Mumbai
CLM0025350,MUM_03262,Powai,2018-08-14,19,0,0,0,0,0,0,0,1,1,0.0,0.246967,0,0.0,0,360,1,4,0.6956,0.1804,GREEN,44,Mumbai
CLM0025351,MUM_07715,Borivali,2017-05-05,20,0,0,0,0,0,0,0,0,0,0.0,0.055082,0,0.0,0,123,4,0,0.2943,0.0787,GREEN,39,Mumbai
CLM0025352,MUM_02650,Vashi,2022-05-13,10,0,0,0,1,0,0,0,0,1,0.0,0.104351,0,0.0,0,257,2,2,0.7938,0.3025,GREEN,32,Mumbai
CLM0025353,MUM_09769,Thane,2023-07-14,10,0,0,0,0,0,0,0,0,0,0.0,0.184036,0,0.0,0,51,4,2,0.518,0.0,GREEN,41,Mumbai
CLM0025354,MUM_05898,Bandra,2022-01-14,13,0,0,0,0,0,0,0,0,0,0.0,0.16009,0,0.0,0,225,2,3,0.4835,0.0,GREEN,32,Mumbai
CLM0025355,MUM_07379,Borivali,2019-05-06,20,0,0,0,0,0,0,0,0,0,0.0,0.26109,0,0.0,0,258,2,2,0.3971,0.0,GREEN,41,Mumbai
CLM0025356,MUM_06074,Chembur,2023-11-04,10,0,0,0,0,0,0,0,0,0,1.0,1.0,0,1.0,0,196,0,5,0.9372,0.0,GREEN,59,Mumbai
CLM0025357,MUM_05011,Dadar,2024-12-31,19,0,0,0,0,0,0,0,0,0,1.0,1.0,0,1.0,0,133,3,3,0.7842,0.0294,GREEN,37,Mumbai
CLM0025358,MUM_08747,Andheri,2024-11-06,19,0,0,0,0,0,0,0,0,0,0.0,0.352525,0,0.0,0,242,0,0,0.5866,0.0394,GREEN,46,Mumbai
CLM0025359,MUM_02461,Ghatkopar,2022-12-15,20,0,0,0,0,1,0,0,0,0,0.0,0.055545,0,0.0,0,278,3,8,0.2069,0.121,GREEN,33,Mumbai
CLM0025360,MUM_09878,Vashi,2024-10-27,18,0,0,0,1,0,0,1,1,0,1.0,0.92816,0,0.0,1,6,1,15,0.0671,0.0088,GREEN,58,Mumbai
CLM0025361,MUM_07905,Vashi,2024-04-24,7,0,0,0,0,0,0,0,0,0,0.0,0.085525,1,0.0,0,264,1,2,0.8404,0.1232,GREEN,45,Mumbai
CLM0025362,MUM_02108,Borivali,2022-07-28,21,0,1,1,0,0,1,0,0,0,0.0,0.275241,0,0.0,0,127,4,0,0.2588,0.1545,GREEN,36,Mumbai
CLM0025363,MUM_09986,Borivali,2025-03-08,16,0,0,0,0,0,0,0,0,0,1.0,0.108943,0,0.0,0,256,1,0,0.5649,0.0601,GREEN,46,Mumbai
CLM0025364,MUM_00821,Lower Parel,2022-12-19,14,0,0,0,0,0,0,0,0,0,0.0,1.0,0,0.0,0,61,4,0,0.7855,0.0571,GREEN,38,Mumbai
CLM0025365,MUM_01360,Borivali,2025-05-07,9,0,1,1,0,1,0,0,0,0,0.0,0.041072,0,1.0,0,334,0,6,0.9309,0.1546,GREEN,38,Mumbai
CLM0025366,MUM_06739,Vashi,2024-06-29,20,0,0,0,0,0,0,0,0,0,0.0,0.327635,0,0.0,0,240,1,4,0.8352,0.0,GREEN,43,Mumbai
CLM0025367,MUM_06810,Chembur,2025-05-22,10,0,0,0,0,0,0,0,0,0,0.0,0.085804,0,0.0,0,420,0,3,0.5559,0.0354,GREEN,40,Mumbai
CLM0025368,MUM_03230,Thane,2025-04-18,13,0,0,0,0,1,0,0,0,0,1.0,0.069044,0,0.0,0,206,0,2,0.5913,0.1591,GREEN,47,Mumbai
CLM0025369,MUM_07227,Bandra,2021-10-22,21,0,0,0,0,0,0,0,1,0,0.0,0.177884,0,0.0,0,420,2,0,0.7744,0.0352,GREEN,35,Mumbai
CLM0025370,MUM_07356,Powai,2024-09-26,11,0,0,0,0,0,1,0,0,0,0.0,0.019074,0,0.0,1,358,0,2,0.5924,0.1795,GREEN,24,Mumbai
CLM0025371,MUM_07272,Thane,2022-05-15,19,0,0,0,0,0,0,0,0,0,0.0,0.197326,0,0.0,0,420,4,2,0.6574,0.0797,GREEN,42,Mumbai
CLM0025372,MUM_02154,Powai,2024-01-20,9,0,0,0,0,0,0,0,0,0,0.0,0.255895,0,0.0,0,52,1,1,0.1262,0.0,GREEN,45,Mumbai
CLM0025373,MUM_03309,Dadar,2021-12-09,20,0,0,0,0,0,1,0,0,0,0.0,1.0,0,0.0,0,165,2,7,0.8548,0.0701,GREEN,35,Mumbai
CLM0025374,MUM_09087,Lower Parel,2019-11-20,16,0,0,0,0,0,0,1,0,0,1.0,0.247887,0,0.0,0,175,2,3,0.4996,0.3189,YELLOW,35,Mumbai
CLM0025375,MUM_05536,Borivali,2024-09-02,12,0,0,0,0,0,1,0,0,0,0.0,0.037626,0,0.0,0,251,0,5,0.2808,0.1906,GREEN,42,Mumbai
CLM0025376,MUM_05431,Thane,2019-08-03,14,0,0,0,0,0,0,0,0,0,0.0,0.068182,0,0.0,0,84,2,3,0.5192,0.0,GREEN,57,Mumbai
CLM0025377,MUM_02356,Vashi,2024-06-06,19,0,0,0,0,0,0,0,0,0,1.0,0.06976,1,0.0,0,260,2,0,0.0672,0.0479,GREEN,42,Mumbai
CLM0025378,MUM_03013,Andheri,2023-12-19,17,0,0,0,0,0,0,0,0,0,0.0,0.064876,0,0.0,0,398,2,2,0.8471,0.0,GREEN,45,Mumbai
CLM0025379,MUM_00448,Powai,2023-12-15,13,0,0,0,0,0,0,0,1,0,0.0,0.177951,0,0.0,0,52,1,1,0.5843,0.0619,GREEN,52,Mumbai
CLM0025380,MUM_09226,Thane,2018-11-18,11,0,0,0,0,0,0,0,0,0,0.0,0.173464,0,0.0,0,240,0,3,0.1284,0.0121,GREEN,49,Mumbai
CLM0025381,MUM_08762,Ghatkopar,2025-07-23,15,0,0,0,0,0,0,0,0,0,0.0,0.064513,0,0.0,0,301,3,0,0.6067,0.0967,GREEN,55,Mumbai
CLM0025382,MUM_06837,Lower Parel,2020-11-27,10,0,0,0,0,1,1,1,0,0,0.0,0.308503,0,0.0,0,420,3,4,0.2158,0.2527,GREEN,41,Mumbai
CLM0025383,MUM_02016,Bandra,2024-02-21,16,0,0,0,0,0,0,0,0,0,1.0,0.999781,0,0.0,0,262,3,5,0.7353,0.0118,GREEN,30,Mumbai
CLM0025384,MUM_02080,Dadar,2018-05-07,18,0,0,0,0,0,0,0,0,0,0.0,0.038293,0,0.0,0,397,4,2,0.9152,0.0,GREEN,35,Mumbai
CLM0025385,MUM_03430,Ghatkopar,2022-06-12,8,0,0,0,0,0,0,0,0,0,0.0,0.256622,0,0.0,0,104,2,5,0.7583,0.0,GREEN,40,Mumbai
CLM0025386,MUM_08023,Lower Parel,2024-10-14,18,0,0,0,0,0,0,0,0,0,0.0,0.054473,0,0.0,0,138,0,3,0.98,0.0,GREEN,42,Mumbai
CLM0025387,MUM_05104,Chembur,2017-10-13,13,0,0,0,0,0,0,0,0,0,0.0,0.33954,0,0.0,0,67,3,2,0.4493,0.0486,GREEN,35,Mumbai
CLM0025388,MUM_08771,Dadar,2021-01-21,12,0,0,0,0,0,0,0,0,0,0.0,0.152678,0,0.0,0,338,4,2,0.888,0.0,GREEN,42,Mumbai
CLM0025389,MUM_04769,Thane,2021-02-17,7,0,0,0,0,0,0,0,0,0,0.0,0.0,0,0.0,0,264,2,2,0.655,0.0739,GREEN,63,Mumbai
CLM0025390,MUM_06216,Andheri,2024-12-31,18,0,0,0,0,0,0,0,0,0,0.0,0.301889,0,0.0,0,420,0,4,0.633,0.0,GREEN,31,Mumbai
CLM0025391,MUM_01655,Dadar,2020-08-07,18,0,0,0,1,0,0,0,0,0,0.0,0.230068,0,0.0,0,38,0,4,0.8485,0.1523,GREEN,33,Mumbai
CLM0025392,MUM_00412,Powai,2020-12-13,8,0,0,0,0,0,0,0,0,0,0.0,0.0,0,0.0,0,50,4,5,0.1896,0.0229,GREEN,34,Mumbai
CLM0025393,MUM_00824,Chembur,2020-07-07,14,0,0,0,0,0,0,0,0,0,0.0,0.271078,0,0.0,0,420,0,1,0.0954,0.0,GREEN,45,Mumbai
CLM0025394,MUM_09551,Ghatkopar,2024-02-01,18,0,0,0,0,0,0,0,0,0,0.0,0.225934,0,0.0,0,406,0,1,0.98,0.0708,GREEN,42,Mumbai
CLM0025395,MUM_09887,Andheri,2024-04-20,19,0,0,0,1,1,1,1,0,1,1.0,1.0,1,1.0,1,25,3,10,0.3673,0.0267,GREEN,39,Mumbai
CLM0025396,MUM_00125,Bandra,2023-11-25,14,0,0,0,0,0,1,0,0,0,0.0,0.281869,0,0.0,0,356,1,0,0.8372,0.1897,GREEN,50,Mumbai
CLM0025397,MUM_04914,Dadar,2021-06-08,14,0,0,0,0,0,0,0,1,0,0.0,0.356993,0,0.0,0,161,3,2,0.8715,0.063,GREEN,50,Mumbai
CLM0025398,MUM_01664,Ghatkopar,2025-02-24,14,0,0,0,0,0,0,0,0,0,0.0,0.069526,0,0.0,0,73,1,6,0.98,0.0,GREEN,65,Mumbai
CLM0025399,MUM_01834,Dadar,2025-05-13,21,0,0,0,0,0,0,0,0,0,0.0,0.23767,0,0.0,0,58,2,0,0.8145,0.0321,GREEN,31,Mumbai
CLM0025400,MUM_09138,Powai,2024-11-11,17,1,0,0,0,0,0,0,0,1,0.0,1.0,0,0.0,0,78,4,4,0.7184,0.1109,GREEN,54,Mumbai
CLM0025401,MUM_08836,Andheri,2024-02-05,19,0,0,0,0,0,0,1,1,0,1.0,0.221452,0,0.0,0,145,4,1,0.5959,0.1998,GREEN,55,Mumbai
CLM0025402,MUM_01268,Ghatkopar,2025-11-30,9,0,0,0,0,0,0,1,0,1,0.0,0.297903,0,0.0,0,142,2,4,0.7748,0.1702,GREEN,21,Mumbai
CLM0025403,MUM_06995,Ghatkopar,2024-08-29,8,0,0,0,0,0,0,0,0,0,0.0,0.117308,0,0.0,0,44,1,2,0.3998,0.0,GREEN,52,Mumbai
CLM0025404,MUM_03780,Thane,2021-10-11,15,0,0,0,0,0,0,0,0,0,0.0,0.477905,0,0.0,0,383,2,1,0.8702,0.0429,GREEN,39,Mumbai
CLM0025405,MUM_05599,Thane,2023-03-27,17,0,1,1,0,0,0,0,0,0,0.0,0.877404,0,0.0,0,230,1,0,0.4524,0.0,GREEN,33,Mumbai
CLM0025406,MUM_00997,Ghatkopar,2022-05-12,19,0,0,0,0,0,0,0,0,0,0.0,0.128701,0,0.0,0,22,3,0,0.8529,0.0749,GREEN,37,Mumbai
CLM0025407,MUM_00664,Ghatkopar,2023-11-01,21,0,0,0,0,0,0,0,0,0,0.0,0.483654,0,0.0,0,93,0,4,0.0661,0.0,GREEN,46,Mumbai
CLM0025408,MUM_07896,Powai,2023-11-15,7,0,0,0,0,0,0,0,0,0,0.0,0.269597,0,0.0,0,420,3,0,0.98,0.0191,GREEN,28,Mumbai
CLM0025409,MUM_01853,Dadar,2023-09-01,19,0,0,0,0,0,0,0,0,0,0.0,0.159474,0,0.0,0,331,2,1,0.8655,0.0546,GREEN,51,Mumbai
CLM0025410,MUM_03264,Borivali,2023-01-13,19,0,0,0,0,0,0,0,0,0,0.0,0.222193,0,1.0,0,186,1,4,0.7268,0.0552,GREEN,53,Mumbai
CLM0025411,MUM_02120,Ghatkopar,2023-09-22,8,0,0,0,1,1,1,1,1,0,1.0,0.933212,1,0.0,1,5,3,18,0.2992,0.0,GREEN,35,Mumbai
CLM0025412,MUM_03942,Lower Parel,2023-02-03,10,0,0,0,0,0,1,1,0,0,1.0,0.099728,0,0.0,0,186,2,2,0.5406,0.229,GREEN,53,Mumbai
CLM0025413,MUM_03386,Vashi,2025-07-23,7,0,0,0,0,0,1,0,0,0,0.0,0.195549,0,0.0,0,359,1,0,0.98,0.031,GREEN,48,Mumbai
CLM0025414,MUM_09592,Bandra,2020-11-01,7,0,0,0,0,0,0,0,0,0,0.0,0.379036,0,0.0,0,366,3,0,0.5283,0.1051,GREEN,25,Mumbai
CLM0025415,MUM_00628,Chembur,2024-09-30,17,0,1,1,0,0,0,0,0,0,0.0,0.903831,0,0.0,0,92,3,0,0.6182,0.1484,GREEN,53,Mumbai
CLM0025416,MUM_02660,Vashi,2020-08-12,17,0,0,0,0,1,0,0,0,0,0.0,0.275467,0,0.0,0,160,4,3,0.4339,0.0574,GREEN,50,Mumbai
CLM0025417,MUM_02900,Chembur,2024-11-01,15,0,0,0,0,0,0,0,0,0,0.0,0.334238,0,0.0,0,182,4,1,0.7575,0.0,GREEN,46,Mumbai
CLM0025418,MUM_02569,Andheri,2024-11-21,9,0,0,0,0,0,0,0,0,0,0.0,0.0,0,0.0,0,377,4,6,0.6592,0.0,GREEN,45,Mumbai
CLM0025419,MUM_04429,Thane,2024-08-11,18,0,0,0,0,0,0,0,0,0,0.0,0.972422,0,0.0,0,273,3,2,0.571,0.0296,GREEN,31,Mumbai
CLM0025420,MUM_00777,Thane,2023-11-23,11,0,0,0,0,0,0,0,0,0,0.0,0.984242,0,0.0,0,420,1,5,0.8121,0.0,GREEN,43,Mumbai
CLM0025421,MUM_02304,Dadar,2024-03-13,16,0,0,0,0,0,0,0,0,0,0.0,0.21056,1,0.0,0,392,2,2,0.8819,0.0397,GREEN,45,Mumbai
CLM0025422,MUM_00909,Borivali,2025-05-25,15,0,0,0,1,0,0,0,1,0,0.0,0.173503,0,0.0,0,420,4,4,0.5549,0.2025,GREEN,53,Mumbai
CLM0025423,MUM_05858,Borivali,2024-04-03,16,0,0,0,0,0,1,0,0,0,1.0,0.349417,0,0.0,0,326,1,3,0.6338,0.2519,GREEN,45,Mumbai
CLM0025424,MUM_03272,Lower Parel,2024-08-12,17,0,0,0,0,0,0,0,0,0,0.0,0.375823,0,0.0,0,129,0,0,0.4389,0.0221,GREEN,47,Mumbai
CLM0025425,MUM_07351,Thane,2024-07-27,7,0,0,0,0,0,0,0,0,0,0.0,0.369521,1,0.0,0,85,3,3,0.7462,0.0765,GREEN,47,Mumbai
CLM0025426,MUM_06113,Thane,2023-12-07,12,0,0,0,0,0,0,0,0,0,0.0,0.218822,0,0.0,0,309,2,2,0.5851,0.0274,GREEN,48,Mumbai
CLM0025427,MUM_09922,Thane,2025-02-17,20,0,0,0,0,0,1,0,0,0,0.0,0.251023,0,0.0,0,420,3,0,0.8833,0.0232,GREEN,34,Mumbai
CLM0025428,MUM_02674,Thane,2023-09-16,16,0,0,0,0,0,0,0,0,0,0.0,0.152834,0,0.0,0,122,0,8,0.1638,0.0163,GREEN,35,Mumbai
CLM0025429,MUM_02287,Thane,2024-10-07,20,0,0,0,0,0,1,1,0,0,0.0,0.183021,1,0.0,1,37,4,18,0.7085,0.3307,YELLOW,57,Mumbai
CLM0025430,MUM_06501,Bandra,2022-02-07,10,0,0,0,0,1,0,0,1,0,0.0,0.280135,0,0.0,0,420,2,0,0.2576,0.2555,GREEN,36,Mumbai
CLM0025431,MUM_04936,Powai,2023-09-19,12,0,0,0,0,0,1,0,0,0,0.0,0.42218,0,0.0,0,420,3,3,0.6197,0.0906,GREEN,53,Mumbai
CLM0025432,MUM_04200,Borivali,2023-02-20,18,0,0,0,0,0,0,0,0,0,1.0,0.427634,0,0.0,0,320,1,4,0.1571,0.2017,GREEN,38,Mumbai
CLM0025433,MUM_07937,Lower Parel,2021-10-15,10,0,0,0,0,0,0,0,1,0,0.0,0.118603,0,0.0,0,110,1,5,0.05,0.088,GREEN,43,Mumbai
CLM0025434,MUM_08801,Ghatkopar,2024-05-14,17,0,0,0,0,0,1,0,0,0,1.0,0.418564,0,0.0,0,420,2,2,0.975,0.1678,GREEN,41,Mumbai
CLM0025435,MUM_02017,Powai,2025-02-27,11,0,0,0,0,0,0,1,0,0,0.0,0.274323,0,0.0,0,138,0,0,0.5613,0.0538,GREEN,37,Mumbai
CLM0025436,MUM_01859,Ghatkopar,2023-08-13,17,0,0,0,0,0,0,0,1,0,0.0,0.089774,0,0.0,0,361,3,1,0.63,0.1403,GREEN,47,Mumbai
CLM0025437,MUM_00184,Borivali,2023-08-01,7,0,0,0,0,0,0,0,0,1,0.0,0.000396,0,1.0,0,113,0,0,0.7677,0.1745,GREEN,43,Mumbai
CLM0025438,MUM_01011,Dadar,2025-03-06,12,0,0,0,0,0,0,0,0,0,0.0,0.240854,0,0.0,0,186,4,1,0.8594,0.0457,GREEN,46,Mumbai
CLM0025439,MUM_07719,Andheri,2025-10-11,20,0,0,0,0,0,0,0,0,0,0.0,0.056602,0,0.0,0,342,2,1,0.7874,0.0,GREEN,33,Mumbai
CLM0025440,MUM_00125,Bandra,2024-03-23,8,0,0,0,0,0,0,0,0,0,0.0,0.169423,0,0.0,0,420,0,6,0.2183,0.0,GREEN,50,Mumbai
CLM0025441,MUM_06466,Ghatkopar,2025-10-26,12,0,1,1,0,1,0,1,1,1,1.0,0.987089,0,0.0,0,5,1,18,0.2389,0.5162,YELLOW,43,Mumbai
CLM0025442,MUM_06478,Vashi,2024-06-01,17,0,1,1,1,1,0,1,0,1,0.0,0.118194,0,0.0,1,19,2,18,0.98,0.6078,YELLOW,26,Mumbai
CLM0025443,MUM_03248,Chembur,2024-08-03,11,0,1,1,1,1,0,1,1,1,1.0,0.949955,1,0.0,1,25,2,18,0.3198,0.7284,RED,46,Mumbai
CLM0025444,MUM_06018,Borivali,2023-06-21,20,0,1,1,1,1,0,0,1,1,0.0,0.050822,0,0.0,0,5,0,18,0.794,0.6029,YELLOW,18,Mumbai
CLM0025445,MUM_03549,Vashi,2024-11-10,19,0,1,1,0,0,0,1,1,1,0.0,0.080448,0,0.0,1,5,2,18,0.9764,0.6269,RED,37,Mumbai
CLM0025446,MUM_08113,Thane,2025-04-23,21,0,1,1,0,1,1,0,1,1,0.0,0.452747,0,1.0,1,12,0,18,0.2983,0.7927,RED,37,Mumbai
CLM0025447,MUM_09898,Thane,2023-12-17,14,0,1,1,1,1,1,0,1,0,0.0,0.0,1,0.0,0,5,1,18,0.8574,0.6812,RED,53,Mumbai
CLM0025448,MUM_00429,Borivali,2025-10-20,18,0,1,1,0,1,0,1,1,1,1.0,0.0,0,1.0,0,5,1,18,0.4203,0.6357,RED,41,Mumbai
CLM0025449,MUM_07535,Dadar,2025-01-20,8,0,1,1,0,1,0,1,1,0,0.0,0.111037,0,0.0,0,5,2,17,0.964,0.3838,YELLOW,36,Mumbai
CLM0025450,MUM_05618,Lower Parel,2023-06-17,15,0,1,1,0,0,1,1,1,1,0.0,0.091539,0,0.0,0,24,1,18,0.7719,0.6061,YELLOW,18,Mumbai
CLM0025451,MUM_04437,Ghatkopar,2023-12-31,8,0,1,1,1,0,0,1,1,0,0.0,0.129402,0,0.0,0,23,0,18,0.9441,0.4062,YELLOW,40,Mumbai
CLM0025452,MUM_03291,Lower Parel,2022-10-10,16,0,0,0,0,0,0,0,0,0,0.0,0.859935,0,0.0,1,401,2,0,0.2107,0.03,GREEN,39,Mumbai
CLM0025453,MUM_01237,Chembur,2023-01-15,15,0,1,1,1,1,0,1,1,1,1.0,0.922883,0,0.0,0,5,1,16,0.0759,0.1457,GREEN,41,Mumbai
CLM0025454,MUM_08195,Andheri,2023-08-15,18,0,0,0,0,0,0,0,0,0,0.0,0.235471,0,0.0,0,322,0,0,0.05,0.0431,GREEN,46,Mumbai
CLM0025455,MUM_02459,Lower Parel,2020-04-07,19,0,0,0,1,0,0,0,0,0,0.0,0.310602,0,0.0,0,62,4,1,0.5988,0.2059,GREEN,53,Mumbai
CLM0025456,MUM_09775,Lower Parel,2025-07-19,7,0,0,0,0,0,0,0,0,0,1.0,0.0,0,0.0,0,39,3,5,0.7734,0.0468,GREEN,61,Mumbai
CLM0025457,MUM_06059,Vashi,2022-07-23,18,0,0,0,0,0,0,0,0,0,0.0,0.247196,0,0.0,0,322,4,3,0.6339,0.0,GREEN,52,Mumbai
CLM0025458,MUM_03646,Dadar,2022-09-01,15,0,0,0,0,0,0,0,0,0,0.0,1.0,0,0.0,0,420,0,4,0.1579,0.0,GREEN,48,Mumbai
CLM0025459,MUM_00292,Lower Parel,2020-02-06,13,0,0,0,0,0,0,0,0,0,0.0,0.352602,0,0.0,0,70,3,2,0.8237,0.0,GREEN,22,Mumbai
CLM0025460,MUM_08605,Bandra,2020-07-25,14,0,1,1,0,0,0,0,0,0,0.0,0.110677,0,0.0,0,115,3,5,0.932,0.0,GREEN,31,Mumbai
CLM0025461,MUM_00818,Vashi,2023-10-29,17,0,0,0,0,1,0,1,1,0,0.0,1.0,1,1.0,0,5,0,18,0.6731,0.0496,GREEN,29,Mumbai
CLM0025462,MUM_00933,Thane,2020-05-25,20,0,0,0,0,0,1,0,0,0,0.0,0.359692,0,0.0,0,136,1,5,0.7593,0.0887,GREEN,36,Mumbai
CLM0025463,MUM_09102,Ghatkopar,2021-05-02,13,0,1,1,1,0,0,0,0,0,0.0,0.458422,0,0.0,0,182,1,2,0.5468,0.2063,GREEN,49,Mumbai
CLM0025464,MUM_04495,Powai,2022-03-30,14,0,0,0,0,1,0,0,1,0,0.0,0.239892,0,0.0,0,332,3,0,0.8986,0.2835,GREEN,35,Mumbai
CLM0025465,MUM_01934,Andheri,2025-07-12,17,0,0,0,0,0,0,0,0,0,0.0,0.088473,0,0.0,0,48,3,2,0.5472,0.0,GREEN,42,Mumbai
CLM0025466,MUM_04431,Dadar,2018-09-18,12,0,1,1,0,0,0,0,0,0,0.0,0.006266,0,0.0,0,420,4,2,0.8019,0.0,GREEN,42,Mumbai
CLM0025467,MUM_00310,Lower Parel,2024-11-24,18,0,0,0,0,0,0,0,0,0,0.0,0.201079,0,0.0,0,315,1,1,0.2181,0.0767,GREEN,36,Mumbai
CLM0025468,MUM_09738,Borivali,2024-12-18,19,0,0,0,0,0,0,0,0,0,0.0,0.129976,0,0.0,0,237,0,0,0.8884,0.0403,GREEN,43,Mumbai
CLM0025469,MUM_06276,Chembur,2022-11-23,14,0,0,0,0,0,0,0,0,0,0.0,0.281369,0,0.0,0,395,3,4,0.1281,0.0125,GREEN,37,Mumbai
CLM0025470,MUM_05192,Lower Parel,2016-11-13,16,0,0,0,0,1,0,0,1,0,0.0,0.066423,0,0.0,0,168,4,4,0.7727,0.1612,GREEN,37,Mumbai
CLM0025471,MUM_03581,Chembur,2017-05-09,14,0,0,0,0,0,0,0,0,0,0.0,0.174884,0,1.0,0,296,4,3,0.6311,0.0099,GREEN,20,Mumbai
CLM0025472,MUM_07812,Bandra,2022-12-07,18,0,0,0,0,0,0,0,1,0,0.0,0.111868,0,0.0,0,420,0,2,0.7353,0.1064,GREEN,41,Mumbai
CLM0025473,MUM_02490,Vashi,2017-10-13,11,0,0,0,0,0,1,1,1,1,0.0,0.2872,0,1.0,0,5,1,18,0.344,0.1773,GREEN,38,Mumbai
CLM0025474,MUM_07848,Ghatkopar,2025-11-16,13,0,0,0,0,0,0,0,0,0,0.0,0.280066,0,0.0,0,186,3,0,0.5189,0.0385,GREEN,34,Mumbai
CLM0025475,MUM_08829,Thane,2025-08-15,13,0,0,0,0,0,0,0,0,0,0.0,0.044419,0,1.0,0,231,3,0,0.5958,0.0,GREEN,45,Mumbai
CLM0025476,MUM_09851,Andheri,2025-04-07,11,0,0,0,0,0,0,0,0,0,0.0,0.157602,0,0.0,0,370,1,3,0.89,0.0107,GREEN,25,Mumbai
CLM0025477,MUM_09761,Lower Parel,2024-10-15,13,0,0,0,0,0,0,0,0,0,0.0,1.0,0,0.0,0,147,3,1,0.7171,0.0705,GREEN,34,Mumbai
CLM0025478,MUM_09088,Chembur,2024-06-12,9,0,0,0,0,0,0,0,0,0,0.0,0.264748,0,0.0,0,95,3,3,0.5341,0.0126,GREEN,56,Mumbai
CLM0025479,MUM_05403,Andheri,2025-02-07,11,0,0,0,1,0,0,0,0,0,0.0,0.379892,0,0.0,0,55,3,3,0.6099,0.1509,GREEN,42,Mumbai
CLM0025480,MUM_08775,Andheri,2025-03-20,10,0,0,0,0,1,0,1,0,1,0.0,0.187836,0,1.0,1,12,2,18,0.727,0.209,GREEN,36,Mumbai
CLM0025481,MUM_07001,Bandra,2025-04-19,9,0,0,0,0,0,1,0,0,0,0.0,1.0,0,0.0,0,346,0,0,0.3921,0.142,GREEN,30,Mumbai
CLM0025482,MUM_07925,Vashi,2025-07-06,14,0,0,0,0,0,0,0,0,0,0.0,0.351562,0,0.0,0,411,1,2,0.7293,0.0432,GREEN,52,Mumbai
CLM0025483,MUM_09674,Ghatkopar,2025-06-04,21,0,0,0,0,0,0,0,0,0,1.0,1.0,0,1.0,0,357,0,0,0.4989,0.1166,GREEN,31,Mumbai
CLM0025484,MUM_00167,Borivali,2024-05-12,16,0,0,0,0,0,1,0,0,0,0.0,0.207847,0,0.0,0,419,2,0,0.98,0.0887,GREEN,30,Mumbai
CLM0025485,MUM_07495,Ghatkopar,2025-12-29,9,0,0,0,0,0,0,0,0,0,1.0,0.166557,0,0.0,0,412,4,3,0.0534,0.0489,GREEN,45,Mumbai
CLM0025486,MUM_05271,Ghatkopar,2025-05-01,16,0,0,0,0,0,0,0,0,0,0.0,0.168616,0,0.0,0,316,3,5,0.802,0.0,GREEN,45,Mumbai
CLM0025487,MUM_09825,Andheri,2025-05-20,21,0,0,0,0,0,0,0,0,0,0.0,0.453708,0,0.0,0,240,1,0,0.7417,0.0207,GREEN,40,Mumbai
CLM0025488,MUM_03126,Bandra,2024-09-24,13,0,0,0,0,0,0,0,0,0,0.0,0.0,0,0.0,0,314,2,2,0.9368,0.0,GREEN,43,Mumbai
CLM0025489,MUM_03382,Bandra,2025-09-16,13,0,0,0,0,1,0,0,0,0,0.0,0.296553,0,0.0,0,29,3,2,0.9676,0.1469,GREEN,18,Mumbai
CLM0025490,MUM_08133,Borivali,2025-09-11,7,0,0,0,0,0,0,0,0,0,0.0,0.960636,0,0.0,0,144,2,0,0.6524,0.0023,GREEN,42,Mumbai
CLM0025491,MUM_02265,Bandra,2025-07-26,15,0,0,0,0,0,0,1,0,0,0.0,0.354296,0,0.0,0,98,0,0,0.5517,0.0405,GREEN,39,Mumbai
CLM0025492,MUM_05273,Ghatkopar,2020-03-15,13,0,0,0,0,0,0,0,0,0,0.0,0.966981,0,0.0,0,413,2,1,0.9602,0.0,GREEN,59,Mumbai
CLM0025493,MUM_00943,Chembur,2020-05-30,20,0,0,0,0,1,0,1,0,1,0.0,0.926718,0,1.0,1,47,3,18,0.8931,0.0911,GREEN,44,Mumbai
CLM0025494,MUM_08239,Bandra,2019-01-28,14,0,0,0,0,0,0,0,0,0,0.0,0.393741,0,0.0,0,420,3,2,0.6483,0.0,GREEN,59,Mumbai
CLM0025495,MUM_07020,Thane,2023-06-27,7,0,0,0,0,0,0,0,0,0,0.0,0.353629,0,0.0,0,412,0,3,0.5546,0.0,GREEN,36,Mumbai
CLM0025496,MUM_07642,Lower Parel,2018-05-12,13,0,0,0,0,0,0,0,0,0,0.0,0.292861,0,0.0,1,161,3,3,0.8491,0.1112,GREEN,37,Mumbai
CLM0025497,MUM_03346,Powai,2024-01-09,11,0,0,0,0,0,0,0,0,0,0.0,0.217412,0,0.0,0,128,4,2,0.8044,0.0,GREEN,46,Mumbai
CLM0025498,MUM_01084,Thane,2018-12-19,15,0,0,0,0,0,1,0,0,0,0.0,0.101235,0,0.0,0,391,1,2,0.5564,0.1698,GREEN,55,Mumbai
CLM0025499,MUM_05709,Vashi,2021-04-11,16,0,0,0,0,1,0,0,0,0,0.0,1.0,0,0.0,0,420,4,2,0.8374,0.064,GREEN,47,Mumbai
CLM0025500,MUM_05944,Vashi,2022-07-15,14,0,0,0,0,0,1,0,0,0,0.0,0.169959,0,0.0,0,420,4,4,0.1563,0.1826,GREEN,18,Mumbai
CLM0025501,MUM_07898,Lower Parel,2025-05-26,14,0,0,0,0,0,0,0,1,0,0.0,0.268349,0,1.0,0,420,2,4,0.6908,0.134,GREEN,30,Mumbai
CLM0025502,MUM_06260,Ghatkopar,2024-02-18,9,0,0,0,0,0,1,0,0,0,0.0,0.131108,0,0.0,0,404,0,0,0.5142,0.1652,GREEN,37,Mumbai
CLM0025503,MUM_07682,Lower Parel,2025-06-06,20,0,0,0,1,0,0,0,0,0,0.0,0.189804,0,0.0,0,138,0,3,0.0875,0.2309,GREEN,46,Mumbai
CLM0025504,MUM_07554,Thane,2025-03-13,13,0,0,0,0,0,0,0,0,0,0.0,0.365837,0,0.0,0,118,2,1,0.7588,0.2096,GREEN,54,Mumbai
CLM0025505,MUM_03741,Powai,2022-04-03,11,0,0,0,0,0,1,0,0,0,0.0,0.21488,0,0.0,0,271,3,4,0.7566,0.0897,GREEN,48,Mumbai
CLM0025506,MUM_08420,Dadar,2025-04-20,15,0,1,1,0,0,1,0,0,0,0.0,0.225255,0,1.0,0,342,1,4,0.8119,0.0736,GREEN,54,Mumbai
CLM0025507,MUM_06128,Thane,2025-12-09,9,0,0,0,0,0,0,0,0,0,1.0,0.202274,0,1.0,0,368,2,0,0.8329,0.0305,GREEN,35,Mumbai
CLM0025508,MUM_05152,Vashi,2021-03-08,18,0,0,0,0,0,0,0,0,0,0.0,0.081333,0,0.0,0,41,2,0,0.691,0.0,GREEN,28,Mumbai
CLM0025509,MUM_09926,Borivali,2023-04-05,15,0,0,0,1,1,0,1,0,1,0.0,0.131058,0,0.0,1,39,0,18,0.805,0.0,GREEN,45,Mumbai
CLM0025510,MUM_01488,Lower Parel,2023-03-17,10,0,0,0,0,0,0,0,0,0,0.0,0.290911,1,0.0,0,389,0,1,0.5813,0.1362,GREEN,55,Mumbai
CLM0025511,MUM_03709,Ghatkopar,2023-06-20,12,0,0,0,0,0,1,0,0,0,0.0,0.195901,0,0.0,0,420,0,0,0.7746,0.0394,GREEN,39,Mumbai
CLM0025512,MUM_09398,Vashi,2025-01-06,13,0,0,0,0,0,1,0,0,0,0.0,0.124984,0,0.0,0,114,3,2,0.6638,0.1309,GREEN,30,Mumbai
CLM0025513,MUM_02824,Ghatkopar,2025-04-03,8,0,0,0,0,0,0,0,1,1,0.0,0.246074,0,0.0,0,283,1,5,0.4397,0.2124,GREEN,48,Mumbai
CLM0025514,MUM_06518,Vashi,2024-10-15,11,0,0,0,0,0,0,0,0,0,0.0,0.290474,0,0.0,1,10,1,7,0.7156,0.1481,GREEN,44,Mumbai
CLM0025515,MUM_02720,Ghatkopar,2025-10-08,20,0,0,0,0,0,0,0,0,0,0.0,0.226503,0,0.0,0,206,1,0,0.8739,0.0,GREEN,38,Mumbai
CLM0025516,MUM_04424,Lower Parel,2025-10-12,20,0,0,0,0,0,0,0,0,1,0.0,1.0,0,0.0,0,329,2,0,0.069,0.0567,GREEN,35,Mumbai
CLM0025517,MUM_00245,Andheri,2024-07-04,12,0,1,1,1,1,0,1,1,0,0.0,1.0,1,1.0,1,5,4,18,0.0534,0.0,GREEN,18,Mumbai
CLM0025518,MUM_01292,Lower Parel,2024-09-23,16,0,0,0,1,0,0,1,1,0,1.0,0.160924,0,0.0,0,387,4,2,0.6341,0.3552,YELLOW,56,Mumbai
CLM0025519,MUM_09448,Powai,2025-07-17,15,0,0,0,0,0,0,0,0,0,0.0,1.0,0,0.0,0,295,1,7,0.7911,0.0264,GREEN,33,Mumbai
CLM0025520,MUM_05628,Lower Parel,2025-02-19,13,0,0,0,0,0,0,0,0,0,0.0,0.945554,0,0.0,0,153,4,0,0.7588,0.0,GREEN,33,Mumbai
CLM0025521,MUM_09467,Ghatkopar,2022-07-09,15,0,0,0,0,0,0,0,0,0,0.0,0.228116,0,0.0,0,47,1,3,0.05,0.0,GREEN,66,Mumbai
CLM0025522,MUM_06431,Vashi,2019-02-26,8,0,0,0,1,1,0,1,1,0,1.0,0.228254,1,1.0,1,5,2,18,0.0765,0.0,GREEN,45,Mumbai
CLM0025523,MUM_05919,Thane,2018-07-09,15,0,0,0,0,0,0,0,0,0,0.0,1.0,0,0.0,0,250,3,4,0.5988,0.0,GREEN,42,Mumbai
CLM0025524,MUM_08392,Powai,2024-03-20,17,0,0,0,0,0,0,0,0,0,0.0,0.432139,0,0.0,0,149,0,6,0.7756,0.0879,GREEN,36,Mumbai
CLM0025525,MUM_07596,Lower Parel,2023-12-09,16,0,1,1,0,0,0,0,0,0,0.0,0.235067,0,0.0,0,420,4,0,0.2148,0.0737,GREEN,49,Mumbai
CLM0025526,MUM_09198,Vashi,2019-11-21,12,0,0,0,0,0,0,0,0,0,0.0,0.232199,0,0.0,0,420,0,2,0.9407,0.0538,GREEN,55,Mumbai
CLM0025527,MUM_03546,Bandra,2020-04-16,16,0,0,0,0,0,0,0,1,1,0.0,0.244397,0,0.0,0,251,1,0,0.5768,0.1805,GREEN,53,Mumbai
CLM0025528,MUM_05729,Lower Parel,2020-01-10,12,0,0,0,0,0,0,0,0,0,1.0,0.27664,0,0.0,0,420,3,6,0.6172,0.0824,GREEN,36,Mumbai
CLM0025529,MUM_00273,Borivali,2021-08-15,11,0,0,0,0,0,0,0,0,0,0.0,0.026069,0,0.0,0,116,3,1,0.8065,0.0613,GREEN,50,Mumbai
CLM0025530,MUM_09212,Borivali,2015-12-18,15,0,0,0,0,0,0,0,0,0,0.0,0.286938,0,0.0,0,186,3,2,0.8872,0.0049,GREEN,18,Mumbai
CLM0025531,MUM_05593,Ghatkopar,2022-12-28,19,0,0,0,0,0,0,0,0,0,0.0,0.155144,0,0.0,0,420,2,6,0.655,0.0089,GREEN,26,Mumbai
CLM0025532,MUM_05364,Powai,2025-01-28,16,0,0,0,0,0,0,0,0,0,0.0,0.114053,0,1.0,0,321,3,4,0.98,0.1179,GREEN,37,Mumbai
CLM0025533,MUM_06662,Ghatkopar,2023-07-20,15,0,0,0,0,0,0,0,0,0,0.0,0.368838,0,0.0,0,120,4,0,0.05,0.0344,GREEN,45,Mumbai
CLM0025534,MUM_05896,Dadar,2020-05-31,15,0,0,0,0,0,0,1,0,0,0.0,1.0,0,0.0,0,344,4,3,0.6012,0.1169,GREEN,31,Mumbai
CLM0025535,MUM_08809,Dadar,2019-11-23,11,0,0,0,0,0,0,0,0,0,0.0,0.0,0,0.0,0,238,2,4,0.6483,0.0125,GREEN,38,Mumbai
CLM0025536,MUM_04190,Lower Parel,2023-11-23,14,0,0,0,0,0,0,0,0,0,0.0,0.163879,0,0.0,0,348,1,4,0.5558,0.0,GREEN,61,Mumbai
CLM0025537,MUM_06458,Powai,2016-03-06,19,0,0,0,0,0,0,0,0,0,0.0,0.327838,0,0.0,0,320,0,1,0.98,0.0863,GREEN,41,Mumbai
CLM0025538,MUM_05133,Vashi,2025-06-26,16,0,0,0,0,0,0,0,0,0,0.0,0.433245,0,0.0,0,420,1,4,0.6825,0.0,GREEN,55,Mumbai
CLM0025539,MUM_06790,Borivali,2020-08-21,7,0,0,0,0,0,0,1,0,0,0.0,0.084349,0,0.0,0,231,4,1,0.7259,0.0259,GREEN,42,Mumbai
CLM0025540,MUM_01159,Dadar,2019-02-17,11,0,0,0,0,0,0,1,0,0,1.0,0.331694,0,1.0,0,176,4,1,0.9318,0.0698,GREEN,55,Mumbai
CLM0025541,MUM_07157,Ghatkopar,2020-10-24,10,0,0,0,0,0,0,0,0,0,0.0,0.342761,0,0.0,0,33,1,2,0.5976,0.2806,GREEN,48,Mumbai
CLM0025542,MUM_05850,Thane,2019-01-30,18,0,0,0,0,0,0,0,0,0,0.0,0.280428,0,1.0,0,119,2,4,0.8062,0.0572,GREEN,45,Mumbai
CLM0025543,MUM_08112,Ghatkopar,2017-12-15,15,0,0,0,0,0,0,0,0,0,0.0,0.078522,0,0.0,0,327,4,0,0.6333,0.0,GREEN,50,Mumbai
CLM0025544,MUM_03170,Andheri,2024-01-02,21,0,0,0,0,0,0,0,0,0,0.0,0.090389,0,0.0,0,411,1,0,0.98,0.0,GREEN,36,Mumbai
CLM0025545,MUM_01179,Bandra,2025-06-19,16,0,0,0,0,0,0,0,1,0,0.0,0.33146,0,0.0,0,384,0,2,0.7029,0.0,GREEN,27,Mumbai
CLM0025546,MUM_05392,Powai,2024-08-14,11,0,0,0,0,0,0,1,0,0,0.0,1.0,0,0.0,0,35,2,1,0.98,0.0545,GREEN,27,Mumbai
CLM0025547,MUM_01253,Vashi,2023-08-15,11,0,0,0,0,0,0,0,1,0,0.0,0.385127,0,0.0,0,330,2,1,0.7334,0.1981,GREEN,49,Mumbai
CLM0025548,MUM_06104,Borivali,2024-01-31,17,0,0,0,0,0,0,0,0,0,0.0,0.103632,0,0.0,0,110,1,1,0.6716,0.0,GREEN,18,Mumbai
CLM0025549,MUM_02624,Vashi,2023-08-18,14,0,0,0,0,0,0,0,0,0,0.0,0.322403,0,0.0,1,209,3,1,0.8457,0.0,GREEN,54,Mumbai
CLM0025550,MUM_06270,Borivali,2023-03-15,12,0,0,0,0,0,0,1,0,0,0.0,0.205774,0,0.0,0,268,0,3,0.5269,0.1418,GREEN,29,Mumbai
CLM0025551,MUM_07364,Borivali,2024-08-13,10,0,0,0,0,0,0,1,0,0,0.0,0.299717,0,0.0,0,263,1,0,0.5434,0.1787,GREEN,50,Mumbai
CLM0025552,MUM_09206,Chembur,2025-01-29,14,0,0,0,0,0,0,0,0,0,0.0,0.319705,0,0.0,0,76,4,3,0.8207,0.0,GREEN,37,Mumbai
CLM0025553,MUM_02330,Andheri,2025-05-17,7,0,0,0,0,0,0,0,0,0,0.0,0.062691,0,0.0,0,400,4,4,0.5033,0.0,GREEN,61,Mumbai
CLM0025554,MUM_03767,Borivali,2024-01-30,21,0,0,0,0,0,0,0,1,0,0.0,0.108201,0,0.0,0,140,2,0,0.2984,0.1163,GREEN,54,Mumbai
CLM0025555,MUM_08768,Bandra,2022-01-29,10,0,0,0,0,0,0,0,0,0,0.0,0.331976,0,0.0,0,192,1,2,0.7848,0.0,GREEN,34,Mumbai
CLM0025556,MUM_08944,Bandra,2021-02-08,9,0,1,1,0,0,0,0,0,0,1.0,0.898399,0,1.0,0,420,0,2,0.8959,0.1553,GREEN,35,Mumbai
CLM0025557,MUM_05285,Vashi,2020-10-14,19,0,0,0,0,0,0,0,1,0,0.0,0.324262,0,0.0,0,186,0,2,0.7367,0.1071,GREEN,59,Mumbai
CLM0025558,MUM_01552,Andheri,2022-06-15,19,0,0,0,0,0,0,0,0,0,0.0,0.141282,0,0.0,0,420,0,4,0.647,0.0452,GREEN,53,Mumbai
CLM0025559,MUM_01797,Vashi,2024-05-15,17,0,0,0,0,0,0,0,0,0,0.0,0.273167,0,0.0,0,369,1,2,0.8825,0.0531,GREEN,53,Mumbai
CLM0025560,MUM_05357,Vashi,2023-07-03,14,0,0,0,0,0,0,0,0,0,1.0,1.0,0,1.0,0,393,2,1,0.7631,0.0075,GREEN,47,Mumbai
CLM0025561,MUM_09929,Lower Parel,2020-07-05,14,0,0,0,0,0,0,0,0,0,0.0,0.052838,0,0.0,0,420,2,0,0.6679,0.0001,GREEN,36,Mumbai
CLM0025562,MUM_08648,Bandra,2020-10-03,11,0,0,0,0,0,1,0,0,0,1.0,0.087186,0,0.0,0,306,2,0,0.6037,0.1893,GREEN,53,Mumbai
CLM0025563,MUM_08508,Lower Parel,2023-05-30,7,0,0,0,0,0,0,0,0,0,0.0,0.910437,0,0.0,0,66,1,0,0.2759,0.0,GREEN,44,Mumbai
CLM0025564,MUM_08243,Chembur,2016-06-18,9,0,0,0,0,0,0,0,0,0,0.0,0.259989,1,0.0,0,111,1,0,0.5791,0.062,GREEN,41,Mumbai
CLM0025565,MUM_06731,Ghatkopar,2022-01-10,15,0,0,0,0,0,0,0,0,0,0.0,0.233472,0,0.0,0,420,2,2,0.7202,0.1073,GREEN,51,Mumbai
CLM0025566,MUM_06772,Chembur,2018-12-23,13,0,0,0,0,1,1,1,1,1,1.0,0.005288,0,1.0,1,5,4,18,0.2053,0.0362,GREEN,25,Mumbai
CLM0025567,MUM_07857,Thane,2016-11-19,17,0,0,0,0,0,0,0,0,0,0.0,0.012617,0,0.0,0,342,0,2,0.6965,0.1434,GREEN,40,Mumbai
CLM0025568,MUM_05546,Dadar,2024-04-21,12,0,0,0,0,0,0,0,0,0,0.0,0.0,0,0.0,0,231,3,1,0.8918,0.0296,GREEN,47,Mumbai
CLM0025569,MUM_01909,Powai,2020-04-20,7,0,0,0,0,0,0,0,0,0,0.0,0.068194,0,0.0,0,274,0,0,0.7718,0.0,GREEN,44,Mumbai
CLM0025570,MUM_00120,Powai,2021-09-02,11,0,0,0,0,0,0,0,0,0,0.0,0.0,0,0.0,0,401,0,3,0.9728,0.0,GREEN,51,Mumbai
CLM0025571,MUM_03934,Powai,2021-01-19,15,0,0,0,0,0,0,0,0,0,0.0,0.106948,0,0.0,0,196,4,4,0.7106,0.0148,GREEN,36,Mumbai
CLM0025572,MUM_06978,Chembur,2019-09-18,21,0,0,0,0,0,0,0,0,0,0.0,0.15215,0,0.0,0,85,4,0,0.9002,0.0381,GREEN,38,Mumbai
CLM0025573,MUM_06838,Chembur,2017-12-30,9,0,0,0,0,0,0,0,0,0,0.0,0.333079,0,0.0,0,326,3,2,0.5415,0.0,GREEN,35,Mumbai
CLM0025574,MUM_02706,Andheri,2020-09-16,10,0,0,0,0,0,0,0,0,0,0.0,0.366326,0,0.0,0,420,0,7,0.9461,0.0,GREEN,64,Mumbai
CLM0025575,MUM_08062,Andheri,2018-07-17,20,0,0,0,0,0,0,0,0,0,0.0,0.332218,0,0.0,0,420,0,1,0.4928,0.0,GREEN,63,Mumbai
CLM0025576,MUM_00934,Powai,2018-04-24,18,0,0,0,0,0,0,0,0,0,0.0,0.227151,0,0.0,0,420,3,3,0.595,0.0059,GREEN,58,Mumbai
CLM0025577,MUM_03042,Chembur,2024-09-01,19,0,0,0,1,0,0,0,0,0,1.0,0.912107,0,1.0,0,420,4,0,0.9353,0.2003,GREEN,46,Mumbai
CLM0025578,MUM_05710,Ghatkopar,2024-03-17,21,0,0,0,0,0,0,1,1,0,1.0,1.0,1,1.0,0,10,0,18,0.1974,0.1803,GREEN,38,Mumbai
CLM0025579,MUM_03406,Ghatkopar,2025-12-08,12,0,1,1,0,0,0,0,0,0,1.0,0.098375,0,0.0,0,70,4,1,0.9431,0.1058,GREEN,59,Mumbai
CLM0025580,MUM_02596,Bandra,2023-04-03,9,0,0,0,0,0,0,0,0,0,0.0,0.308791,0,0.0,0,407,1,3,0.4656,0.0111,GREEN,35,Mumbai
CLM0025581,MUM_06079,Bandra,2023-08-15,11,0,0,0,0,0,0,0,0,0,0.0,0.129934,0,0.0,1,217,3,4,0.5203,0.0896,GREEN,37,Mumbai
CLM0025582,MUM_04253,Ghatkopar,2022-02-12,17,0,0,0,0,0,0,0,0,0,0.0,0.356759,0,0.0,0,239,2,3,0.4871,0.0,GREEN,47,Mumbai
CLM0025583,MUM_06028,Vashi,2025-01-16,12,0,0,0,0,0,0,0,0,0,1.0,0.285688,0,0.0,0,154,0,3,0.6051,0.1055,GREEN,27,Mumbai
CLM0025584,MUM_01142,Borivali,2022-01-21,18,0,0,0,0,0,0,0,0,0,1.0,0.032466,0,1.0,0,231,1,0,0.8226,0.0316,GREEN,39,Mumbai
CLM0025585,MUM_09326,Borivali,2024-09-23,16,0,0,0,0,0,0,0,0,0,0.0,0.40495,0,0.0,0,331,1,0,0.05,0.0,GREEN,18,Mumbai
CLM0025586,MUM_03257,Vashi,2022-11-05,21,0,0,0,0,0,0,0,0,0,0.0,0.022875,0,0.0,0,300,0,4,0.1903,0.0,GREEN,49,Mumbai
CLM0025587,MUM_03307,Borivali,2023-09-11,14,0,0,0,1,0,0,0,0,0,0.0,0.39661,0,0.0,0,420,1,3,0.888,0.1593,GREEN,58,Mumbai
CLM0025588,MUM_01371,Powai,2024-07-31,21,0,0,0,0,0,0,0,0,0,0.0,0.263801,0,0.0,0,209,2,4,0.5703,0.1536,GREEN,41,Mumbai
CLM0025589,MUM_06760,Bandra,2025-06-10,18,0,0,0,0,0,1,0,0,0,0.0,0.025293,0,0.0,1,314,1,0,0.2444,0.2556,GREEN,50,Mumbai
CLM0025590,MUM_07589,Thane,2022-03-02,12,0,0,0,0,0,0,0,0,0,0.0,0.099663,0,0.0,0,147,1,4,0.8306,0.0,GREEN,42,Mumbai
CLM0025591,MUM_03900,Dadar,2025-07-27,20,0,0,0,0,0,0,0,0,0,0.0,0.201267,0,0.0,0,291,4,2,0.912,0.0978,GREEN,64,Mumbai
CLM0025592,MUM_08753,Thane,2020-12-12,10,0,0,0,0,0,0,0,0,0,0.0,0.374614,0,0.0,0,140,4,1,0.98,0.0,GREEN,26,Mumbai
CLM0025593,MUM_06679,Vashi,2024-04-17,11,0,0,0,0,0,0,0,0,0,1.0,0.009609,1,0.0,0,155,4,5,0.5835,0.1453,GREEN,50,Mumbai
CLM0025594,MUM_05034,Andheri,2019-09-13,15,0,0,0,0,1,0,0,0,0,0.0,0.284852,0,0.0,0,392,1,4,0.0608,0.2072,GREEN,50,Mumbai
CLM0025595,MUM_08807,Powai,2023-01-16,8,0,0,0,0,0,0,0,0,0,1.0,0.138513,0,0.0,0,278,3,2,0.7315,0.2427,GREEN,18,Mumbai
CLM0025596,MUM_02060,Ghatkopar,2023-01-28,15,0,0,0,0,0,0,0,0,0,0.0,0.432524,0,0.0,1,155,3,1,0.98,0.0,GREEN,43,Mumbai
CLM0025597,MUM_03275,Lower Parel,2024-12-05,16,0,0,0,0,0,0,0,0,0,0.0,0.030005,0,0.0,0,111,0,1,0.8642,0.0662,GREEN,57,Mumbai
CLM0025598,MUM_02127,Dadar,2024-12-29,18,0,0,0,0,0,1,0,0,0,0.0,0.214434,0,0.0,0,420,2,0,0.2118,0.163,GREEN,28,Mumbai
CLM0025599,MUM_00641,Bandra,2024-08-16,10,0,1,1,0,0,0,0,0,0,0.0,0.251182,0,0.0,0,250,3,1,0.9155,0.0,GREEN,69,Mumbai
CLM0025600,MUM_07260,Bandra,2025-09-08,9,0,0,0,0,0,0,0,1,0,0.0,1.0,0,0.0,0,295,0,6,0.8892,0.0747,GREEN,38,Mumbai
CLM0025601,MUM_04628,Lower Parel,2023-07-16,21,0,0,0,0,0,0,0,0,0,0.0,0.077945,0,0.0,0,325,3,2,0.98,0.0,GREEN,27,Mumbai
CLM0025602,MUM_03494,Dadar,2025-02-06,11,0,0,0,0,0,0,0,0,0,0.0,1.0,1,0.0,0,292,2,6,0.4713,0.0787,GREEN,29,Mumbai
CLM0025603,MUM_03709,Ghatkopar,2025-02-27,14,0,0,0,0,0,0,0,0,0,0.0,0.281259,0,0.0,0,95,2,7,0.9586,0.0618,GREEN,39,Mumbai
CLM0025604,MUM_07505,Borivali,2024-05-16,17,0,0,0,0,0,0,0,0,0,1.0,0.290758,0,0.0,0,192,0,0,0.7219,0.001,GREEN,44,Mumbai
CLM0025605,MUM_03423,Borivali,2018-04-03,18,0,0,0,0,0,0,0,0,0,0.0,0.092187,0,0.0,0,41,4,0,0.2877,0.0708,GREEN,18,Mumbai
CLM0025606,MUM_02893,Thane,2023-12-26,12,0,0,0,0,0,0,0,0,0,0.0,0.147454,0,0.0,0,103,3,4,0.9207,0.0236,GREEN,31,Mumbai
CLM0025607,MUM_00706,Chembur,2025-01-27,10,0,0,0,0,0,0,0,0,0,0.0,0.412681,0,1.0,1,178,1,0,0.7391,0.042,GREEN,50,Mumbai
CLM0025608,MUM_06269,Vashi,2025-05-15,15,0,0,0,1,0,0,0,0,0,1.0,0.231338,0,0.0,0,86,1,4,0.2683,0.1899,GREEN,68,Mumbai
CLM0025609,MUM_03772,Andheri,2020-04-24,8,0,0,0,0,0,0,0,0,0,1.0,1.0,0,1.0,0,420,1,1,0.5704,0.1158,GREEN,41,Mumbai
CLM0025610,MUM_08021,Thane,2018-11-19,21,0,0,0,0,0,0,0,0,0,0.0,0.111684,0,0.0,0,330,0,7,0.2308,0.165,GREEN,24,Mumbai
CLM0025611,MUM_01939,Chembur,2021-09-16,21,0,0,0,0,0,0,0,0,0,0.0,0.509334,0,0.0,0,409,4,1,0.8943,0.0,GREEN,39,Mumbai
CLM0025612,MUM_01790,Borivali,2023-04-13,13,0,0,0,0,0,0,0,0,0,0.0,0.295411,1,0.0,0,228,4,2,0.3958,0.0763,GREEN,45,Mumbai
CLM0025613,MUM_02855,Lower Parel,2018-11-01,11,0,0,0,0,0,0,0,0,0,0.0,0.366508,0,0.0,0,121,4,1,0.2874,0.0,GREEN,52,Mumbai
CLM0025614,MUM_06489,Thane,2025-09-02,15,0,0,0,0,0,0,0,0,0,0.0,0.349982,0,0.0,0,32,4,3,0.7995,0.0,GREEN,43,Mumbai
CLM0025615,MUM_07108,Powai,2023-09-05,18,0,0,0,0,0,0,0,0,0,0.0,0.0,0,0.0,0,5,3,1,0.8992,0.0403,GREEN,43,Mumbai
CLM0025616,MUM_05129,Dadar,2025-09-05,13,0,0,0,0,0,0,0,0,0,0.0,0.301776,0,0.0,1,420,3,0,0.783,0.0,GREEN,47,Mumbai
CLM0025617,MUM_00466,Bandra,2024-04-09,20,0,0,0,0,0,0,0,0,0,0.0,0.338819,0,1.0,0,81,4,0,0.9563,0.0506,GREEN,45,Mumbai
CLM0025618,MUM_05506,Chembur,2020-02-26,15,0,0,0,0,0,0,0,0,0,0.0,0.431076,0,0.0,0,269,3,6,0.9102,0.0022,GREEN,52,Mumbai
CLM0025619,MUM_04670,Andheri,2023-01-21,13,0,0,0,0,0,0,0,0,0,0.0,0.401819,0,0.0,0,420,3,0,0.7958,0.0628,GREEN,52,Mumbai
CLM0025620,MUM_03852,Powai,2020-06-24,20,0,0,0,0,0,0,0,0,0,0.0,0.297407,0,0.0,0,376,3,0,0.4869,0.0997,GREEN,21,Mumbai
CLM0025621,MUM_06711,Thane,2023-04-01,15,0,0,0,0,0,0,0,0,0,0.0,0.077041,0,0.0,0,198,4,3,0.8141,0.0601,GREEN,56,Mumbai
CLM0025622,MUM_04418,Andheri,2021-06-23,18,0,0,0,0,0,0,0,0,0,0.0,0.35649,0,0.0,0,157,2,3,0.8114,0.0164,GREEN,31,Mumbai
CLM0025623,MUM_03419,Thane,2019-04-09,19,0,0,0,0,0,0,0,0,0,0.0,0.298553,0,0.0,0,120,4,0,0.8147,0.0,GREEN,29,Mumbai
CLM0025624,MUM_08650,Thane,2023-04-19,9,0,0,0,0,0,0,0,1,0,0.0,0.196115,0,0.0,0,256,2,2,0.9282,0.092,GREEN,28,Mumbai
CLM0025625,MUM_00233,Ghatkopar,2025-06-29,10,0,0,0,0,0,0,0,0,0,0.0,0.380032,0,0.0,0,51,1,0,0.2245,0.0,GREEN,26,Mumbai
CLM0025626,MUM_08370,Powai,2023-08-30,19,0,0,0,1,0,0,0,0,0,0.0,0.966512,0,0.0,0,30,2,0,0.6863,0.066,GREEN,29,Mumbai
CLM0025627,MUM_06956,Vashi,2023-08-02,16,0,0,0,0,0,0,0,0,0,0.0,0.149654,0,0.0,0,25,0,3,0.6784,0.0105,GREEN,57,Mumbai
CLM0025628,MUM_00647,Bandra,2020-04-25,9,0,0,0,0,0,0,0,0,0,0.0,0.347644,0,1.0,0,420,3,0,0.9696,0.0,GREEN,44,Mumbai
CLM0025629,MUM_09000,Lower Parel,2024-08-12,11,0,0,0,0,0,1,0,0,0,0.0,0.251258,0,0.0,0,370,2,1,0.6437,0.0688,GREEN,44,Mumbai
CLM0025630,MUM_06595,Borivali,2015-06-18,20,0,0,0,0,0,0,1,0,0,0.0,0.308567,0,0.0,0,420,3,0,0.572,0.0077,GREEN,51,Mumbai
CLM0025631,MUM_04547,Andheri,2018-06-08,21,0,0,0,0,0,0,0,0,0,0.0,0.259525,0,0.0,0,283,2,6,0.6068,0.044,GREEN,51,Mumbai
CLM0025632,MUM_08953,Lower Parel,2023-07-22,11,0,0,0,1,0,0,1,1,1,1.0,0.37133,1,1.0,1,65,4,18,0.2196,0.074,GREEN,43,Mumbai
CLM0025633,MUM_04402,Ghatkopar,2023-11-24,17,0,0,0,0,0,1,0,0,0,0.0,0.177405,0,0.0,0,420,3,3,0.7093,0.0445,GREEN,39,Mumbai
CLM0025634,MUM_00860,Vashi,2022-01-29,16,0,0,0,0,0,0,0,0,0,0.0,0.374635,0,0.0,0,157,2,3,0.98,0.2447,GREEN,51,Mumbai
CLM0025635,MUM_00390,Thane,2020-03-12,18,0,0,0,0,0,1,0,1,0,0.0,0.229874,0,1.0,0,91,2,3,0.7705,0.1852,GREEN,49,Mumbai
CLM0025636,MUM_01148,Lower Parel,2020-07-17,12,0,0,0,0,0,0,0,0,0,0.0,0.296568,0,0.0,0,420,2,7,0.7066,0.0168,GREEN,44,Mumbai
CLM0025637,MUM_01882,Chembur,2019-03-29,11,0,0,0,0,0,0,0,0,0,0.0,0.196171,0,0.0,0,198,2,3,0.05,0.0,GREEN,32,Mumbai
CLM0025638,MUM_00779,Bandra,2024-04-13,20,0,0,0,0,0,0,0,0,0,0.0,0.0,0,0.0,0,55,1,1,0.91,0.0,GREEN,41,Mumbai
CLM0025639,MUM_07724,Vashi,2018-04-26,15,0,0,0,0,1,0,0,0,0,0.0,1.0,0,0.0,0,74,0,1,0.8372,0.2341,GREEN,51,Mumbai
CLM0025640,MUM_02362,Vashi,2024-02-22,9,0,0,0,0,1,0,0,0,0,0.0,0.241774,1,0.0,0,150,3,1,0.7146,0.2283,GREEN,47,Mumbai
CLM0025641,MUM_09170,Andheri,2018-08-25,12,0,0,0,0,0,0,0,0,0,0.0,0.355525,0,0.0,0,58,1,4,0.6525,0.0,GREEN,36,Mumbai
CLM0025642,MUM_05292,Ghatkopar,2024-11-23,7,0,0,0,0,0,0,1,0,0,0.0,1.0,0,0.0,0,209,2,3,0.8345,0.1233,GREEN,44,Mumbai
CLM0025643,MUM_07517,Borivali,2024-06-08,11,0,0,0,0,0,0,0,0,0,0.0,0.028603,0,1.0,0,314,3,4,0.8526,0.0,GREEN,32,Mumbai
CLM0025644,MUM_00619,Lower Parel,2019-11-13,13,0,0,0,0,0,0,0,0,0,0.0,0.221555,0,0.0,0,219,1,0,0.1394,0.0,GREEN,43,Mumbai
CLM0025645,MUM_02063,Andheri,2023-05-15,13,0,0,0,0,0,0,0,0,0,0.0,0.406504,1,0.0,0,122,4,2,0.9384,0.0773,GREEN,60,Mumbai
CLM0025646,MUM_08202,Bandra,2020-04-09,7,0,0,0,0,0,0,0,0,0,1.0,0.0,0,0.0,0,156,3,4,0.98,0.1231,GREEN,45,Mumbai
CLM0025647,MUM_07677,Lower Parel,2025-06-30,20,0,0,0,0,0,0,0,0,0,0.0,0.197655,0,0.0,0,312,1,3,0.9709,0.0514,GREEN,33,Mumbai
CLM0025648,MUM_01655,Dadar,2025-10-17,12,0,0,0,0,0,0,0,0,1,0.0,0.297307,0,0.0,0,196,2,3,0.98,0.1063,GREEN,33,Mumbai
CLM0025649,MUM_08586,Dadar,2021-06-30,16,0,0,0,0,0,0,0,0,1,0.0,0.10699,0,0.0,0,420,1,0,0.98,0.2718,GREEN,55,Mumbai
CLM0025650,MUM_00298,Thane,2024-05-05,16,0,0,0,0,0,0,0,0,0,0.0,0.294993,0,0.0,1,172,2,1,0.7666,0.1123,GREEN,27,Mumbai
CLM0025651,MUM_00939,Dadar,2025-10-29,11,0,0,0,0,0,1,0,0,0,0.0,0.464477,0,0.0,0,90,4,1,0.0823,0.1514,GREEN,41,Mumbai
CLM0025652,MUM_08370,Powai,2022-10-09,19,0,0,0,0,0,0,0,0,0,0.0,0.106141,0,0.0,0,233,2,3,0.98,0.0,GREEN,29,Mumbai
CLM0025653,MUM_04470,Vashi,2021-04-22,20,0,0,0,1,0,0,0,0,0,0.0,0.055102,0,0.0,0,370,2,1,0.5821,0.0813,GREEN,49,Mumbai
CLM0025654,MUM_04525,Chembur,2021-06-22,18,0,1,1,0,0,0,0,0,0,0.0,0.502896,0,0.0,0,420,3,4,0.5531,0.0,GREEN,56,Mumbai
CLM0025655,MUM_07464,Dadar,2021-10-09,11,0,0,0,1,0,1,1,1,0,0.0,0.087277,0,0.0,0,5,2,18,0.8104,0.0,GREEN,54,Mumbai
CLM0025656,MUM_02461,Ghatkopar,2022-12-05,14,0,0,0,0,0,1,0,0,0,0.0,0.373352,0,0.0,0,39,3,7,0.98,0.1911,GREEN,33,Mumbai
CLM0025657,MUM_03066,Dadar,2021-04-15,16,0,0,0,0,0,0,0,0,0,0.0,0.277601,0,1.0,0,366,2,2,0.0882,0.0,GREEN,49,Mumbai
CLM0025658,MUM_05880,Andheri,2021-09-06,19,0,0,0,1,0,0,0,0,0,0.0,0.331288,0,0.0,0,420,4,3,0.5683,0.1045,GREEN,19,Mumbai
CLM0025659,MUM_04531,Vashi,2024-06-18,16,0,0,0,0,0,0,0,0,0,1.0,0.939257,0,0.0,0,289,1,2,0.7419,0.0,GREEN,49,Mumbai
CLM0025660,MUM_03514,Thane,2021-08-10,17,0,0,0,0,0,0,1,0,0,0.0,0.851171,0,0.0,0,248,2,2,0.8532,0.108,GREEN,51,Mumbai
CLM0025661,MUM_06171,Vashi,2024-04-14,13,0,0,0,1,0,0,1,0,0,0.0,0.092537,0,1.0,0,137,4,0,0.8707,0.2168,GREEN,41,Mumbai
CLM0025662,MUM_07279,Lower Parel,2022-07-10,19,0,0,0,0,0,1,0,0,0,0.0,0.293312,0,0.0,0,59,1,1,0.8778,0.139,GREEN,32,Mumbai
CLM0025663,MUM_08498,Borivali,2023-05-11,11,0,0,0,0,0,0,0,0,0,0.0,0.256902,0,1.0,0,336,2,0,0.492,0.0044,GREEN,44,Mumbai
CLM0025664,MUM_08039,Chembur,2025-08-23,21,0,0,0,0,0,0,0,0,0,0.0,0.909676,0,0.0,0,5,4,2,0.8754,0.0,GREEN,47,Mumbai
CLM0025665,MUM_01430,Vashi,2023-03-05,8,0,0,0,0,0,0,0,0,0,0.0,0.226879,0,0.0,0,128,3,0,0.9527,0.0298,GREEN,50,Mumbai
CLM0025666,MUM_03907,Ghatkopar,2024-04-19,10,0,0,0,0,0,0,0,0,0,0.0,0.246285,0,0.0,0,36,0,3,0.6675,0.0,GREEN,33,Mumbai
CLM0025667,MUM_08383,Chembur,2018-04-19,16,0,0,0,0,0,0,0,0,0,0.0,0.088805,0,0.0,0,419,4,4,0.9718,0.0055,GREEN,31,Mumbai
CLM0025668,MUM_05625,Dadar,2017-05-22,10,0,0,0,0,0,0,0,1,0,0.0,0.292586,0,0.0,1,420,3,0,0.626,0.147,GREEN,40,Mumbai
CLM0025669,MUM_05837,Chembur,2024-08-04,10,0,0,0,0,0,0,0,1,0,0.0,0.202765,0,0.0,0,365,0,5,0.4822,0.1008,GREEN,46,Mumbai
CLM0025670,MUM_04232,Borivali,2023-12-30,11,0,0,0,0,0,0,0,0,0,0.0,0.260296,0,0.0,0,414,2,4,0.5712,0.0,GREEN,49,Mumbai
CLM0025671,MUM_07751,Ghatkopar,2017-01-13,9,0,0,0,0,0,0,0,0,0,0.0,0.057042,0,0.0,0,323,4,3,0.82,0.0592,GREEN,42,Mumbai
CLM0025672,MUM_00595,Chembur,2022-06-16,13,0,0,0,0,0,0,0,0,0,0.0,0.257691,0,0.0,1,6,4,7,0.6721,0.1102,GREEN,43,Mumbai
CLM0025673,MUM_04431,Dadar,2018-11-26,14,0,0,0,0,0,0,0,0,0,0.0,0.085292,0,0.0,0,178,4,1,0.98,0.0,GREEN,42,Mumbai
CLM0025674,MUM_06750,Powai,2020-06-01,14,0,0,0,0,0,0,0,0,0,0.0,0.067162,0,0.0,0,23,2,2,0.7614,0.0605,GREEN,43,Mumbai
CLM0025675,MUM_09071,Andheri,2022-07-13,14,0,0,0,0,0,0,0,0,0,0.0,0.359483,0,0.0,0,361,1,2,0.1706,0.0,GREEN,47,Mumbai
CLM0025676,MUM_07587,Lower Parel,2015-11-06,18,0,0,0,0,0,0,0,0,0,0.0,0.414178,1,0.0,0,334,4,7,0.8584,0.057,GREEN,68,Mumbai
CLM0025677,MUM_09435,Borivali,2025-08-09,21,0,0,0,0,0,0,0,0,0,0.0,0.275527,0,0.0,0,334,2,1,0.9295,0.0203,GREEN,51,Mumbai
CLM0025678,MUM_00591,Ghatkopar,2018-12-29,14,0,0,0,0,0,0,0,0,0,1.0,0.059141,0,0.0,0,398,0,1,0.98,0.0235,GREEN,52,Mumbai
CLM0025679,MUM_06543,Dadar,2025-03-30,15,0,0,0,0,0,0,0,0,1,0.0,0.088475,0,0.0,0,350,1,3,0.8763,0.109,GREEN,45,Mumbai
CLM0025680,MUM_06824,Powai,2019-06-17,17,0,0,0,0,1,0,0,0,0,0.0,0.356947,0,0.0,0,349,2,2,0.9135,0.0466,GREEN,36,Mumbai
CLM0025681,MUM_01334,Bandra,2020-10-01,16,0,0,0,0,0,0,0,0,1,0.0,0.306518,0,0.0,0,399,4,1,0.7899,0.0527,GREEN,32,Mumbai
CLM0025682,MUM_09268,Thane,2023-06-16,15,0,0,0,0,1,0,0,0,0,0.0,0.186904,0,0.0,0,88,1,0,0.5027,0.1516,GREEN,47,Mumbai
CLM0025683,MUM_05680,Andheri,2025-09-07,11,0,0,0,1,0,0,0,0,0,0.0,0.992962,0,0.0,0,174,4,4,0.665,0.1789,GREEN,42,Mumbai
CLM0025684,MUM_02823,Chembur,2024-12-04,18,0,0,0,0,0,0,0,0,0,0.0,0.160031,0,0.0,0,331,3,5,0.1185,0.0648,GREEN,48,Mumbai
CLM0025685,MUM_00191,Thane,2023-04-02,13,0,0,0,0,0,0,0,0,0,0.0,0.083226,0,0.0,0,168,2,5,0.9023,0.1267,GREEN,53,Mumbai
CLM0025686,MUM_04544,Vashi,2021-10-04,7,0,0,0,0,0,1,0,0,1,0.0,0.059615,0,0.0,0,420,4,3,0.6165,0.2046,GREEN,38,Mumbai
CLM0025687,MUM_05026,Andheri,2025-09-27,16,0,0,0,0,0,0,0,0,0,0.0,0.250238,0,0.0,0,327,4,0,0.8011,0.0,GREEN,60,Mumbai
CLM0025688,MUM_05389,Chembur,2019-06-21,12,0,0,0,0,0,0,0,0,0,0.0,0.094372,0,1.0,0,168,3,2,0.467,0.0,GREEN,27,Mumbai
CLM0025689,MUM_01994,Bandra,2024-03-10,17,0,1,1,0,0,0,0,0,0,0.0,0.891807,0,0.0,0,311,4,0,0.7339,0.0,GREEN,45,Mumbai
CLM0025690,MUM_04383,Lower Parel,2025-09-27,7,0,0,0,0,0,0,0,0,0,0.0,0.291906,0,0.0,0,30,2,4,0.2346,0.0281,GREEN,46,Mumbai
CLM0025691,MUM_06516,Ghatkopar,2025-09-22,7,0,0,0,0,0,0,0,0,0,1.0,0.997765,0,0.0,0,420,4,0,0.05,0.0329,GREEN,60,Mumbai
CLM0025692,MUM_00649,Bandra,2023-08-01,17,0,0,0,0,0,0,0,0,0,0.0,0.04667,0,0.0,0,420,1,3,0.2655,0.0,GREEN,49,Mumbai
CLM0025693,MUM_05093,Thane,2022-05-29,12,0,0,0,0,0,0,0,0,0,0.0,0.334415,0,0.0,0,99,1,2,0.2136,0.0,GREEN,54,Mumbai
CLM0025694,MUM_03673,Borivali,2021-10-30,18,0,0,0,0,0,0,1,0,0,0.0,0.220416,0,0.0,0,321,2,0,0.6792,0.0668,GREEN,37,Mumbai
CLM0025695,MUM_03533,Borivali,2025-08-28,17,0,0,0,0,0,0,1,0,0,0.0,0.330699,0,0.0,1,420,1,4,0.05,0.1679,GREEN,42,Mumbai
CLM0025696,MUM_07436,Chembur,2025-08-06,18,0,0,0,0,0,0,0,1,0,0.0,0.138791,0,0.0,0,171,0,5,0.6495,0.0728,GREEN,51,Mumbai
CLM0025697,MUM_07433,Chembur,2023-02-10,17,0,0,0,0,0,0,0,0,0,0.0,0.116242,1,0.0,0,332,1,4,0.6394,0.1692,GREEN,25,Mumbai
CLM0025698,MUM_05166,Chembur,2025-02-01,14,0,0,0,0,1,0,0,0,0,0.0,0.043233,1,0.0,0,5,1,18,0.9559,0.066,GREEN,38,Mumbai
CLM0025699,MUM_03192,Andheri,2021-07-22,12,0,0,0,0,0,0,0,0,0,0.0,0.009012,0,0.0,0,215,2,0,0.6214,0.0058,GREEN,46,Mumbai
CLM0025700,MUM_02707,Powai,2025-12-26,10,0,0,0,1,0,0,0,0,0,0.0,0.114676,0,0.0,0,245,3,3,0.7068,0.1864,GREEN,40,Mumbai
CLM0025701,MUM_02436,Andheri,2025-03-10,8,0,0,0,1,0,1,1,0,0,0.0,0.110182,0,0.0,0,5,2,12,0.9563,0.0548,GREEN,19,Mumbai
CLM0025702,MUM_07939,Vashi,2020-12-18,8,0,1,1,1,0,0,0,0,0,1.0,0.994606,0,1.0,0,316,3,1,0.6641,0.2317,GREEN,58,Mumbai
CLM0025703,MUM_03000,Borivali,2023-05-07,18,0,1,1,1,0,0,1,1,0,0.0,0.949128,0,1.0,1,5,1,11,0.9104,0.5547,YELLOW,41,Mumbai
CLM0025704,MUM_04025,Bandra,2022-07-20,10,0,1,1,1,0,1,1,0,1,0.0,0.373088,1,0.0,1,69,0,18,0.2782,0.6355,RED,34,Mumbai
CLM0025705,MUM_02109,Andheri,2023-12-13,9,0,1,1,0,0,1,1,1,0,0.0,0.110027,0,0.0,1,5,2,18,0.9463,0.5452,YELLOW,55,Mumbai
CLM0025706,MUM_03937,Borivali,2025-02-16,11,0,1,1,0,0,1,1,0,1,1.0,0.675084,1,1.0,0,7,1,18,0.3671,0.6991,RED,43,Mumbai
CLM0025707,MUM_06965,Borivali,2024-04-03,12,0,1,1,0,0,0,0,0,0,0.0,0.977692,0,0.0,0,268,4,2,0.98,0.0,GREEN,25,Mumbai
CLM0025708,MUM_06765,Powai,2025-06-20,12,0,0,0,0,0,0,0,0,0,0.0,0.382068,0,1.0,0,384,4,3,0.98,0.0,GREEN,49,Mumbai
CLM0025709,MUM_01212,Ghatkopar,2020-08-10,20,0,0,0,0,0,0,0,0,0,0.0,0.053789,0,0.0,0,180,1,5,0.8683,0.0562,GREEN,37,Mumbai
CLM0025710,MUM_04835,Borivali,2020-10-12,18,0,0,0,0,0,0,0,0,0,0.0,0.195615,0,0.0,0,386,3,3,0.8963,0.0105,GREEN,32,Mumbai
CLM0025711,MUM_04206,Powai,2021-12-19,20,0,0,0,0,0,1,0,0,0,0.0,0.320347,0,0.0,0,14,0,1,0.8749,0.0613,GREEN,56,Mumbai
CLM0025712,MUM_00472,Chembur,2021-02-10,11,0,0,0,0,0,0,0,0,0,0.0,0.319333,0,0.0,0,313,4,0,0.7825,0.0,GREEN,45,Mumbai
CLM0025713,MUM_02666,Vashi,2022-02-12,20,0,0,0,0,0,0,1,0,0,1.0,1.0,0,1.0,0,205,0,0,0.9212,0.0565,GREEN,43,Mumbai
CLM0025714,MUM_01603,Dadar,2020-12-11,9,0,0,0,0,0,0,0,1,0,0.0,0.034327,0,0.0,0,270,1,3,0.3937,0.1137,GREEN,31,Mumbai
CLM0025715,MUM_00356,Andheri,2019-09-15,19,0,0,0,0,0,0,0,0,0,0.0,0.374459,0,0.0,0,264,2,2,0.7789,0.0474,GREEN,39,Mumbai
CLM0025716,MUM_00647,Bandra,2022-11-05,21,0,0,0,0,0,0,0,0,0,0.0,0.332627,0,0.0,0,178,3,4,0.5124,0.0,GREEN,44,Mumbai
CLM0025717,MUM_08135,Powai,2020-02-04,18,0,0,0,0,0,0,1,0,0,0.0,0.123521,0,0.0,0,231,0,3,0.4706,0.0371,GREEN,21,Mumbai
CLM0025718,MUM_07522,Bandra,2023-07-25,9,0,0,0,0,0,0,0,0,0,0.0,0.128817,0,0.0,0,420,4,2,0.7033,0.0,GREEN,33,Mumbai
CLM0025719,MUM_02735,Lower Parel,2020-08-14,11,0,0,0,0,0,0,0,0,0,0.0,0.110749,0,0.0,0,420,0,2,0.98,0.0,GREEN,59,Mumbai
CLM0025720,MUM_08234,Lower Parel,2023-06-23,13,0,0,0,0,0,0,0,0,0,0.0,0.084224,1,0.0,0,322,2,2,0.805,0.0,GREEN,38,Mumbai
CLM0025721,MUM_07623,Dadar,2016-05-19,10,0,0,0,0,0,0,0,0,0,0.0,0.279623,0,0.0,1,81,2,3,0.4637,0.049,GREEN,44,Mumbai
CLM0025722,MUM_00169,Vashi,2018-03-08,15,0,0,0,0,0,0,0,0,0,1.0,0.355228,1,0.0,0,252,3,3,0.6401,0.143,GREEN,51,Mumbai
CLM0025723,MUM_04962,Powai,2018-09-09,12,0,0,0,0,1,0,0,0,0,0.0,0.154175,0,1.0,0,368,1,5,0.98,0.0983,GREEN,18,Mumbai
CLM0025724,MUM_05591,Vashi,2024-05-26,15,0,0,0,0,0,0,0,0,0,0.0,0.316953,0,0.0,0,203,4,0,0.8208,0.1218,GREEN,29,Mumbai
CLM0025725,MUM_08555,Bandra,2017-09-24,10,0,0,0,1,1,1,0,0,0,0.0,0.335937,0,0.0,0,420,1,5,0.6586,0.3329,YELLOW,23,Mumbai
CLM0025726,MUM_00388,Ghatkopar,2023-01-05,19,0,0,0,0,0,1,0,0,0,0.0,0.244611,0,0.0,0,420,1,2,0.663,0.0706,GREEN,40,Mumbai
CLM0025727,MUM_01125,Thane,2022-08-05,14,0,0,0,0,0,0,0,0,0,0.0,0.346739,0,0.0,0,149,4,1,0.98,0.0,GREEN,35,Mumbai
CLM0025728,MUM_06874,Dadar,2025-12-28,19,0,0,0,0,0,0,0,0,0,0.0,0.039488,0,0.0,0,158,1,4,0.7976,0.0551,GREEN,33,Mumbai
CLM0025729,MUM_05269,Thane,2021-08-21,14,0,0,0,0,0,0,0,0,0,0.0,0.361185,0,0.0,0,211,1,4,0.8801,0.012,GREEN,46,Mumbai
CLM0025730,MUM_06339,Bandra,2022-09-06,7,0,0,0,0,0,0,0,0,0,0.0,0.04534,0,0.0,0,401,1,4,0.593,0.0,GREEN,29,Mumbai
CLM0025731,MUM_01492,Chembur,2024-11-29,7,0,0,0,0,0,0,0,0,0,0.0,0.06033,0,0.0,0,351,1,1,0.6641,0.0,GREEN,48,Mumbai
CLM0025732,MUM_00931,Andheri,2022-08-22,17,0,0,0,0,0,0,0,0,0,0.0,0.158108,0,0.0,0,382,2,1,0.7184,0.0,GREEN,35,Mumbai
CLM0025733,MUM_08515,Vashi,2022-08-28,8,0,0,0,0,0,0,0,0,0,0.0,0.859304,0,0.0,0,326,2,3,0.2025,0.0,GREEN,48,Mumbai
CLM0025734,MUM_02792,Borivali,2025-10-10,12,0,1,1,0,0,0,0,0,0,0.0,0.371335,0,0.0,0,9,4,4,0.1517,0.0,GREEN,18,Mumbai
CLM0025735,MUM_05185,Andheri,2025-08-06,18,0,0,0,0,0,0,0,0,0,0.0,0.271582,0,0.0,0,85,4,3,0.783,0.0,GREEN,26,Mumbai
CLM0025736,MUM_01536,Andheri,2022-01-10,12,0,0,0,0,0,0,1,1,0,0.0,0.295382,0,0.0,0,61,3,0,0.6556,0.1597,GREEN,48,Mumbai
CLM0025737,MUM_09574,Vashi,2025-10-08,10,0,0,0,0,0,1,0,0,0,0.0,0.37871,0,0.0,0,404,3,1,0.6431,0.0,GREEN,52,Mumbai
CLM0025738,MUM_02700,Lower Parel,2025-08-10,13,0,0,0,0,0,0,0,0,0,0.0,0.072383,0,0.0,0,84,3,1,0.5133,0.0548,GREEN,54,Mumbai
CLM0025739,MUM_04066,Andheri,2021-09-02,7,0,0,0,0,0,0,0,0,1,0.0,0.158466,0,0.0,0,420,3,3,0.98,0.0748,GREEN,51,Mumbai
CLM0025740,MUM_07152,Ghatkopar,2021-10-04,12,0,0,0,0,0,0,0,0,0,0.0,0.0,0,0.0,0,420,3,10,0.7811,0.0,GREEN,55,Mumbai
CLM0025741,MUM_07909,Bandra,2018-04-07,21,0,0,0,0,0,0,0,0,0,0.0,0.414002,0,0.0,0,402,4,1,0.791,0.0,GREEN,37,Mumbai
CLM0025742,MUM_01143,Thane,2020-03-05,14,0,0,0,0,0,0,0,0,0,0.0,0.341673,0,0.0,0,420,4,0,0.6003,0.0,GREEN,45,Mumbai
CLM0025743,MUM_06527,Chembur,2022-05-09,16,0,0,0,0,0,0,0,0,1,0.0,1.0,0,0.0,0,169,2,0,0.6013,0.1624,GREEN,40,Mumbai
CLM0025744,MUM_01365,Powai,2020-06-26,17,0,0,0,1,0,0,0,0,0,0.0,0.248158,0,0.0,0,420,4,2,0.9496,0.1553,GREEN,59,Mumbai
CLM0025745,MUM_06470,Andheri,2025-02-21,7,0,0,0,0,0,0,0,1,0,0.0,0.138112,0,0.0,0,14,2,1,0.6984,0.1989,GREEN,32,Mumbai
CLM0025746,MUM_01754,Dadar,2020-06-26,18,0,0,0,0,0,0,0,0,0,0.0,0.095513,0,0.0,0,345,0,4,0.5801,0.0,GREEN,45,Mumbai
CLM0025747,MUM_07916,Vashi,2025-11-11,16,0,0,0,0,0,0,0,0,0,0.0,0.035543,0,0.0,0,165,4,0,0.654,0.0,GREEN,28,Mumbai
CLM0025748,MUM_03486,Chembur,2025-12-09,11,0,0,0,0,0,0,0,0,0,0.0,0.21379,0,0.0,0,420,0,0,0.98,0.1001,GREEN,40,Mumbai
CLM0025749,MUM_03711,Dadar,2025-12-26,20,0,0,0,0,0,0,1,0,0,0.0,0.000916,0,0.0,0,191,0,7,0.71,0.0907,GREEN,45,Mumbai
CLM0025750,MUM_00858,Andheri,2023-08-11,7,0,0,0,0,0,0,0,0,0,0.0,0.317958,0,0.0,0,122,1,2,0.6022,0.0429,GREEN,46,Mumbai
CLM0025751,MUM_03127,Powai,2024-06-26,21,0,0,0,0,0,0,0,0,0,1.0,0.058314,0,0.0,0,420,0,2,0.98,0.0271,GREEN,40,Mumbai
CLM0025752,MUM_08601,Dadar,2022-11-18,15,0,0,0,0,0,1,0,0,0,0.0,1.0,0,1.0,0,218,4,2,0.7527,0.0542,GREEN,53,Mumbai
CLM0025753,MUM_02074,Powai,2025-09-09,18,0,0,0,0,0,0,1,0,0,0.0,0.167123,0,0.0,0,90,1,0,0.0787,0.0206,GREEN,53,Mumbai
CLM0025754,MUM_05114,Powai,2025-10-19,14,0,0,0,0,1,0,0,1,0,0.0,0.288139,0,0.0,0,160,1,3,0.677,0.2462,GREEN,51,Mumbai
CLM0025755,MUM_08839,Thane,2025-07-05,11,0,0,0,0,0,0,0,0,0,1.0,1.0,0,1.0,0,177,1,5,0.7965,0.0,GREEN,54,Mumbai
CLM0025756,MUM_05615,Powai,2025-06-28,14,0,0,0,1,0,0,0,0,0,0.0,0.165974,0,0.0,0,100,2,1,0.7431,0.2332,GREEN,51,Mumbai
CLM0025757,MUM_06289,Vashi,2023-11-30,7,0,0,0,0,0,0,0,0,0,0.0,0.079416,0,0.0,0,383,3,4,0.05,0.0017,GREEN,44,Mumbai
CLM0025758,MUM_05247,Lower Parel,2023-03-10,18,0,1,1,1,0,1,1,0,1,0.0,0.049163,0,0.0,0,15,3,18,0.7595,0.2467,GREEN,43,Mumbai
CLM0025759,MUM_05886,Ghatkopar,2021-07-17,7,0,0,0,0,0,1,0,0,0,0.0,0.137302,0,1.0,0,335,4,3,0.261,0.0797,GREEN,50,Mumbai
CLM0025760,MUM_03545,Borivali,2021-06-20,9,0,0,0,0,0,0,0,0,0,1.0,1.0,0,1.0,0,353,0,3,0.832,0.0271,GREEN,34,Mumbai
CLM0025761,MUM_02641,Thane,2024-04-23,7,0,0,0,0,0,1,0,0,0,0.0,0.215715,0,0.0,0,258,1,4,0.6005,0.1256,GREEN,28,Mumbai
CLM0025762,MUM_08136,Chembur,2022-01-03,7,0,0,0,0,0,0,0,0,0,1.0,0.02066,0,0.0,0,21,1,7,0.7928,0.0833,GREEN,58,Mumbai
CLM0025763,MUM_00322,Thane,2021-04-16,11,0,0,0,0,0,0,0,0,1,1.0,0.0,0,0.0,0,224,0,0,0.8606,0.1431,GREEN,52,Mumbai
CLM0025764,MUM_03069,Dadar,2025-03-25,10,0,0,0,0,1,0,0,0,0,0.0,0.220493,0,0.0,0,395,1,2,0.85,0.1506,GREEN,32,Mumbai
CLM0025765,MUM_07055,Borivali,2024-09-11,10,0,0,0,0,0,0,0,0,0,0.0,0.260957,1,0.0,0,12,0,2,0.8145,0.0145,GREEN,30,Mumbai
CLM0025766,MUM_06863,Borivali,2023-09-23,18,0,0,0,0,0,0,0,0,0,0.0,0.372334,0,0.0,0,420,2,4,0.8102,0.0,GREEN,55,Mumbai
CLM0025767,MUM_06732,Vashi,2021-08-23,11,0,0,0,0,0,0,0,0,0,0.0,0.125506,0,0.0,0,101,2,3,0.6634,0.1279,GREEN,39,Mumbai
CLM0025768,MUM_08473,Lower Parel,2021-10-09,18,0,0,0,0,0,0,0,0,0,1.0,0.183619,0,0.0,0,109,4,1,0.05,0.0082,GREEN,63,Mumbai
CLM0025769,MUM_04293,Andheri,2021-02-12,20,0,0,0,0,0,0,0,0,0,1.0,0.356952,0,0.0,0,420,1,3,0.5666,0.0,GREEN,36,Mumbai
CLM0025770,MUM_03994,Thane,2020-03-15,11,0,0,0,0,0,0,0,0,0,0.0,0.206123,0,0.0,0,78,0,3,0.869,0.0266,GREEN,64,Mumbai
CLM0025771,MUM_09372,Borivali,2021-03-03,15,0,0,0,0,0,0,0,0,0,1.0,1.0,0,0.0,0,130,2,7,0.6964,0.1065,GREEN,31,Mumbai
CLM0025772,MUM_07429,Lower Parel,2025-04-10,10,0,0,0,0,0,0,0,0,0,0.0,0.288607,0,0.0,0,297,2,3,0.104,0.104,GREEN,50,Mumbai
CLM0025773,MUM_06955,Chembur,2025-09-10,17,0,0,0,0,1,0,0,0,1,0.0,0.242834,0,0.0,0,377,0,4,0.5361,0.2044,GREEN,50,Mumbai
CLM0025774,MUM_01888,Powai,2023-08-30,8,0,1,1,0,1,0,0,0,0,0.0,0.186752,0,0.0,0,195,2,0,0.7583,0.0901,GREEN,46,Mumbai
CLM0025775,MUM_08955,Vashi,2016-04-02,15,0,0,0,0,0,0,0,0,0,0.0,0.922471,0,0.0,0,420,0,2,0.7038,0.0,GREEN,27,Mumbai
CLM0025776,MUM_04426,Lower Parel,2020-12-23,13,0,0,0,0,0,0,1,0,0,1.0,0.216032,0,0.0,1,156,4,0,0.7735,0.2212,GREEN,35,Mumbai
CLM0025777,MUM_02773,Chembur,2017-05-26,16,0,0,0,0,0,0,0,0,0,0.0,0.119328,0,0.0,0,261,4,0,0.9738,0.0,GREEN,42,Mumbai
CLM0025778,MUM_03765,Andheri,2023-09-07,19,0,0,0,0,0,0,0,0,0,0.0,0.080446,0,0.0,0,374,3,4,0.1371,0.0388,GREEN,43,Mumbai
CLM0025779,MUM_03392,Lower Parel,2020-09-28,19,0,0,0,0,0,0,0,0,0,0.0,0.248376,0,0.0,0,369,3,0,0.739,0.0166,GREEN,46,Mumbai
CLM0025780,MUM_08179,Ghatkopar,2016-01-22,21,0,0,0,0,0,0,0,0,0,0.0,0.99721,0,0.0,0,261,2,1,0.7748,0.0,GREEN,32,Mumbai
CLM0025781,MUM_01111,Lower Parel,2025-11-21,18,0,0,0,0,0,0,0,0,0,0.0,0.034608,0,0.0,0,42,0,4,0.98,0.0744,GREEN,41,Mumbai
CLM0025782,MUM_00494,Andheri,2023-06-24,8,0,0,0,0,0,1,0,0,0,0.0,0.083871,0,0.0,0,225,2,2,0.8145,0.1065,GREEN,46,Mumbai
CLM0025783,MUM_03911,Vashi,2023-02-06,7,0,0,0,0,0,0,0,0,0,0.0,0.384099,0,0.0,0,337,1,1,0.6453,0.0,GREEN,47,Mumbai
CLM0025784,MUM_09586,Dadar,2025-04-03,16,0,0,0,0,0,0,0,1,0,0.0,0.328526,0,1.0,0,271,0,5,0.9069,0.0669,GREEN,22,Mumbai
CLM0025785,MUM_00868,Powai,2019-08-19,15,0,0,0,0,0,0,0,0,0,0.0,0.058144,0,0.0,0,331,2,3,0.7581,0.061,GREEN,35,Mumbai
CLM0025786,MUM_01464,Vashi,2021-10-13,10,0,0,0,0,0,0,1,0,0,0.0,0.059563,0,0.0,0,349,0,0,0.826,0.0307,GREEN,41,Mumbai
CLM0025787,MUM_04077,Powai,2023-02-18,21,0,1,1,0,0,0,0,0,0,0.0,0.35278,0,0.0,0,335,3,3,0.9663,0.0,GREEN,44,Mumbai
CLM0025788,MUM_04540,Bandra,2023-02-13,11,0,0,0,0,0,0,0,0,0,0.0,0.284501,0,0.0,0,161,3,3,0.654,0.0,GREEN,22,Mumbai
CLM0025789,MUM_08040,Ghatkopar,2025-04-11,12,0,0,0,0,0,0,1,0,0,0.0,0.292333,0,0.0,0,420,2,6,0.98,0.0405,GREEN,36,Mumbai
CLM0025790,MUM_08693,Ghatkopar,2023-09-10,8,0,1,1,0,1,0,1,1,0,0.0,0.0,1,0.0,0,217,2,7,0.6947,0.3244,YELLOW,55,Mumbai
CLM0025791,MUM_08506,Dadar,2022-01-24,19,0,0,0,0,0,0,0,0,1,1.0,0.1313,0,0.0,0,169,4,1,0.8779,0.1259,GREEN,30,Mumbai
CLM0025792,MUM_04638,Thane,2022-05-11,16,0,0,0,0,0,0,0,0,0,0.0,0.133986,0,0.0,0,156,0,2,0.8565,0.0586,GREEN,30,Mumbai
CLM0025793,MUM_02438,Thane,2024-11-23,19,0,0,0,0,0,0,0,0,0,0.0,0.398203,0,0.0,0,65,2,6,0.0731,0.0,GREEN,60,Mumbai
CLM0025794,MUM_05179,Thane,2023-03-23,12,0,0,0,1,0,0,0,0,0,0.0,0.320696,0,0.0,0,195,1,3,0.7295,0.1284,GREEN,18,Mumbai
CLM0025795,MUM_04077,Powai,2022-12-17,17,0,0,0,0,0,0,0,1,0,0.0,0.110528,1,0.0,0,208,1,2,0.1426,0.1233,GREEN,44,Mumbai
CLM0025796,MUM_03459,Vashi,2018-10-24,8,0,0,0,0,0,0,0,0,0,0.0,0.325484,0,0.0,0,168,3,2,0.5728,0.0386,GREEN,55,Mumbai
CLM0025797,MUM_06010,Andheri,2021-09-18,18,0,0,0,0,0,0,0,1,0,0.0,1.0,0,0.0,0,346,1,6,0.8309,0.1143,GREEN,41,Mumbai
CLM0025798,MUM_00359,Lower Parel,2019-03-15,9,0,0,0,0,0,1,0,0,0,1.0,0.261938,0,0.0,0,420,1,4,0.7497,0.138,GREEN,52,Mumbai
CLM0025799,MUM_04991,Vashi,2022-04-18,20,0,0,0,0,0,0,0,0,0,0.0,0.17451,0,0.0,0,235,4,6,0.8078,0.0199,GREEN,54,Mumbai
CLM0025800,MUM_07941,Vashi,2019-06-21,20,0,0,0,0,0,0,0,0,0,0.0,0.005682,0,0.0,0,420,0,5,0.4563,0.0,GREEN,49,Mumbai
CLM0025801,MUM_08580,Chembur,2023-03-11,7,0,0,0,0,0,0,0,0,0,0.0,0.421435,1,0.0,0,361,1,3,0.4691,0.0528,GREEN,49,Mumbai
CLM0025802,MUM_09769,Thane,2024-02-15,16,0,0,0,0,0,0,0,1,0,0.0,0.133481,0,0.0,0,176,4,3,0.6868,0.0622,GREEN,41,Mumbai
CLM0025803,MUM_04410,Lower Parel,2024-05-20,16,0,0,0,0,0,1,0,0,0,0.0,0.002901,0,0.0,0,244,2,0,0.6005,0.0572,GREEN,47,Mumbai
CLM0025804,MUM_00932,Andheri,2025-12-07,14,0,1,1,0,0,0,0,0,0,0.0,0.048187,0,0.0,0,420,3,2,0.5022,0.0,GREEN,55,Mumbai
CLM0025805,MUM_09550,Powai,2023-12-08,18,0,0,0,0,0,1,0,0,0,0.0,0.217644,0,0.0,0,291,4,1,0.4762,0.1244,GREEN,52,Mumbai
CLM0025806,MUM_01999,Borivali,2025-05-13,14,0,0,0,0,0,0,1,0,0,0.0,0.09152,0,0.0,0,147,0,3,0.7646,0.044,GREEN,47,Mumbai
CLM0025807,MUM_08843,Andheri,2025-01-22,13,0,0,0,0,1,0,0,1,0,0.0,0.186157,0,0.0,0,137,1,4,0.6874,0.1934,GREEN,42,Mumbai
CLM0025808,MUM_04855,Andheri,2022-06-16,21,0,0,0,0,0,0,1,0,0,0.0,0.380673,0,0.0,0,358,4,6,0.7913,0.0243,GREEN,45,Mumbai
CLM0025809,MUM_08205,Chembur,2025-11-02,19,0,0,0,0,0,0,0,0,0,0.0,0.21604,0,0.0,0,299,2,0,0.8857,0.0,GREEN,45,Mumbai
CLM0025810,MUM_01188,Ghatkopar,2025-05-29,17,0,0,0,0,0,0,0,0,0,0.0,0.382591,1,0.0,0,369,0,2,0.7696,0.0515,GREEN,62,Mumbai
CLM0025811,MUM_02642,Chembur,2025-07-17,10,0,0,0,0,1,0,0,1,0,0.0,0.295246,0,0.0,0,296,0,1,0.8814,0.2377,GREEN,35,Mumbai
CLM0025812,MUM_05033,Vashi,2025-03-27,9,0,0,0,0,0,0,0,0,0,0.0,1.0,0,0.0,0,398,0,4,0.5621,0.0,GREEN,30,Mumbai
CLM0025813,MUM_09033,Lower Parel,2020-08-01,8,0,1,1,0,0,0,0,0,0,0.0,0.348776,0,0.0,0,161,0,0,0.2957,0.7413,RED,53,Mumbai
CLM0025814,MUM_01391,Lower Parel,2018-09-28,16,0,1,1,1,0,1,1,1,0,1.0,0.193163,0,0.0,0,12,0,18,0.2211,0.5075,YELLOW,29,Mumbai
CLM0025815,MUM_05434,Thane,2023-08-05,16,0,0,0,0,0,0,1,0,0,0.0,0.176602,0,0.0,0,113,2,5,0.4821,0.054,GREEN,18,Mumbai
CLM0025816,MUM_01721,Lower Parel,2024-02-28,10,0,0,0,0,1,0,0,0,0,0.0,0.309694,0,0.0,0,412,2,2,0.05,0.0528,GREEN,29,Mumbai
CLM0025817,MUM_05706,Thane,2021-11-12,20,0,0,0,0,0,0,0,0,0,0.0,0.33773,0,0.0,0,420,2,1,0.1822,0.0179,GREEN,23,Mumbai
CLM0025818,MUM_09069,Lower Parel,2025-09-27,10,0,0,0,0,0,0,0,1,0,0.0,0.084491,0,0.0,0,352,0,3,0.5804,0.1253,GREEN,36,Mumbai
CLM0025819,MUM_08439,Andheri,2025-09-29,11,0,1,1,0,0,0,0,0,0,1.0,0.976886,0,1.0,0,231,2,5,0.6795,0.0,GREEN,53,Mumbai
CLM0025820,MUM_04009,Vashi,2024-10-28,14,0,0,0,0,0,0,0,0,0,0.0,0.939394,0,1.0,0,420,1,0,0.8769,0.0613,GREEN,47,Mumbai
CLM0025821,MUM_07287,Lower Parel,2025-11-20,20,0,0,0,0,0,0,0,0,0,0.0,0.325029,1,0.0,0,207,4,2,0.7841,0.0684,GREEN,62,Mumbai
CLM0025822,MUM_02891,Andheri,2025-07-12,18,0,0,0,0,0,0,1,0,0,0.0,0.261377,0,0.0,0,215,3,1,0.6815,0.0969,GREEN,56,Mumbai
CLM0025823,MUM_02315,Bandra,2025-01-10,10,0,0,0,0,0,0,0,0,0,0.0,0.141947,0,0.0,0,264,1,0,0.8277,0.0089,GREEN,51,Mumbai
CLM0025824,MUM_04351,Ghatkopar,2025-05-28,18,0,0,0,0,0,0,0,0,0,0.0,0.396791,0,0.0,0,248,1,1,0.7587,0.0,GREEN,27,Mumbai
CLM0025825,MUM_09065,Andheri,2025-04-17,17,0,0,0,0,0,0,0,0,0,0.0,0.240672,0,0.0,0,80,1,2,0.98,0.07,GREEN,55,Mumbai
CLM0025826,MUM_01325,Powai,2024-08-23,13,0,0,0,1,0,0,0,0,0,0.0,0.214092,0,0.0,0,102,1,2,0.98,0.0809,GREEN,49,Mumbai
CLM0025827,MUM_03063,Dadar,2025-12-01,18,0,0,0,0,0,0,0,0,0,0.0,0.32852,0,0.0,0,129,1,4,0.0684,0.0,GREEN,48,Mumbai
CLM0025828,MUM_06109,Lower Parel,2019-09-23,8,0,0,0,0,0,0,0,0,0,0.0,1.0,1,0.0,0,420,0,5,0.0876,0.0661,GREEN,43,Mumbai
CLM0025829,MUM_07455,Vashi,2021-06-29,16,0,0,0,0,0,0,0,0,0,0.0,0.076435,0,0.0,0,326,0,1,0.6134,0.0,GREEN,56,Mumbai
CLM0025830,MUM_09191,Vashi,2023-07-08,16,0,0,0,0,0,0,0,0,0,0.0,0.242444,0,0.0,0,27,2,0,0.6867,0.0775,GREEN,32,Mumbai
CLM0025831,MUM_01564,Chembur,2023-02-17,14,0,0,0,0,0,0,0,0,0,1.0,0.978785,0,1.0,0,303,1,0,0.7043,0.0,GREEN,52,Mumbai
CLM0025832,MUM_00045,Vashi,2018-01-15,18,0,1,1,0,0,1,0,1,0,0.0,0.147469,0,0.0,0,233,0,0,0.8677,0.1841,GREEN,52,Mumbai
CLM0025833,MUM_04797,Thane,2021-11-15,8,0,0,0,0,0,0,0,0,0,0.0,0.017515,0,0.0,0,420,0,1,0.7848,0.0,GREEN,31,Mumbai
CLM0025834,MUM_07273,Borivali,2025-04-26,11,0,0,0,0,0,0,0,0,0,0.0,0.060534,0,0.0,0,259,4,0,0.1313,0.0,GREEN,18,Mumbai
CLM0025835,MUM_01480,Thane,2025-09-05,7,0,0,0,0,0,0,1,0,0,0.0,0.476566,1,0.0,0,179,0,0,0.1183,0.0649,GREEN,23,Mumbai
CLM0025836,MUM_09921,Chembur,2025-02-15,12,0,0,0,0,0,0,0,1,0,1.0,0.00199,0,0.0,0,420,2,3,0.05,0.2343,GREEN,61,Mumbai
CLM0025837,MUM_03174,Powai,2023-05-20,14,0,0,0,0,0,0,0,0,0,0.0,0.360972,0,0.0,0,420,4,5,0.5961,0.0,GREEN,35,Mumbai
CLM0025838,MUM_03124,Chembur,2024-12-13,19,0,0,0,0,0,0,0,0,0,0.0,0.246657,0,0.0,0,220,1,3,0.606,0.0,GREEN,21,Mumbai
CLM0025839,MUM_01795,Thane,2024-12-02,14,0,0,0,0,0,0,0,0,0,0.0,0.075425,0,0.0,0,236,3,5,0.0504,0.0,GREEN,48,Mumbai
CLM0025840,MUM_02164,Andheri,2024-09-16,7,0,0,0,0,0,0,0,0,0,0.0,0.406122,0,0.0,0,410,0,1,0.6464,0.0,GREEN,41,Mumbai
CLM0025841,MUM_03342,Lower Parel,2024-02-01,7,0,1,1,0,0,0,0,0,0,0.0,0.111074,0,0.0,0,87,2,2,0.9121,0.0,GREEN,51,Mumbai
CLM0025842,MUM_03660,Vashi,2019-01-17,17,0,0,0,0,0,0,0,0,0,0.0,0.128682,1,0.0,0,420,2,0,0.8958,0.1514,GREEN,56,Mumbai
CLM0025843,MUM_04026,Borivali,2022-10-17,13,0,0,0,0,0,0,0,0,0,1.0,1.0,0,1.0,0,420,2,6,0.4743,0.1869,GREEN,44,Mumbai
CLM0025844,MUM_01929,Andheri,2021-11-09,10,0,1,1,0,0,0,0,0,1,0.0,0.360541,0,0.0,0,420,0,2,0.094,0.2386,GREEN,56,Mumbai
CLM0025845,MUM_07258,Thane,2025-03-01,8,0,0,0,0,0,1,0,1,0,0.0,0.192617,0,1.0,0,153,2,0,0.1178,0.1796,GREEN,40,Mumbai
CLM0025846,MUM_08586,Dadar,2020-02-27,11,0,0,0,0,0,0,0,0,0,1.0,0.339449,0,0.0,0,420,0,2,0.8071,0.0969,GREEN,55,Mumbai
CLM0025847,MUM_02098,Thane,2025-03-17,13,0,0,0,0,0,0,0,0,0,0.0,0.329604,0,0.0,0,50,3,4,0.597,0.0,GREEN,21,Mumbai
CLM0025848,MUM_04318,Dadar,2025-02-02,18,0,0,0,0,0,0,0,0,0,0.0,0.182874,0,0.0,0,106,1,3,0.05,0.0,GREEN,18,Mumbai
CLM0025849,MUM_09432,Borivali,2023-03-24,21,0,0,0,0,0,1,0,0,0,0.0,0.217369,0,0.0,0,420,1,0,0.637,0.0882,GREEN,45,Mumbai
CLM0025850,MUM_02346,Andheri,2020-06-27,20,0,0,0,1,1,1,0,0,1,1.0,1.0,0,0.0,1,5,4,18,0.05,0.0,GREEN,53,Mumbai
CLM0025851,MUM_04262,Ghatkopar,2021-10-14,15,0,0,0,0,0,0,0,0,0,0.0,0.028324,0,0.0,0,105,3,0,0.6993,0.005,GREEN,52,Mumbai
CLM0025852,MUM_04054,Borivali,2021-05-11,18,0,0,0,0,0,0,0,0,0,0.0,0.205637,0,0.0,0,74,2,5,0.1461,0.0,GREEN,46,Mumbai
CLM0025853,MUM_07648,Powai,2020-12-04,11,0,0,0,0,0,0,0,0,0,0.0,0.121002,0,0.0,0,40,2,5,0.2847,0.113,GREEN,53,Mumbai
CLM0025854,MUM_07957,Thane,2021-11-28,10,0,0,0,0,0,0,0,0,0,0.0,0.34497,0,0.0,0,13,2,4,0.7188,0.0192,GREEN,43,Mumbai
CLM0025855,MUM_07923,Ghatkopar,2023-12-24,10,0,0,0,0,0,0,0,0,0,0.0,0.086422,0,0.0,0,28,4,5,0.9546,0.0095,GREEN,36,Mumbai
CLM0025856,MUM_07725,Chembur,2023-08-05,18,0,0,0,0,0,0,0,0,0,0.0,0.0,0,0.0,0,42,2,2,0.1048,0.0536,GREEN,24,Mumbai
CLM0025857,MUM_01246,Vashi,2022-03-24,14,0,0,0,0,0,0,0,0,0,0.0,0.154195,1,0.0,0,420,3,2,0.9006,0.1024,GREEN,26,Mumbai
CLM0025858,MUM_05593,Ghatkopar,2023-09-22,14,0,0,0,0,0,0,0,0,0,0.0,0.981142,0,0.0,0,112,3,2,0.7537,0.1112,GREEN,26,Mumbai
CLM0025859,MUM_05122,Dadar,2023-09-06,13,0,0,0,0,0,0,0,0,0,0.0,0.237067,0,0.0,0,293,1,5,0.7879,0.0,GREEN,53,Mumbai
CLM0025860,MUM_06022,Chembur,2021-05-18,19,0,0,0,0,0,0,0,0,0,0.0,0.205924,0,0.0,0,55,1,0,0.2128,0.0105,GREEN,58,Mumbai
CLM0025861,MUM_06545,Lower Parel,2021-03-07,10,0,0,0,0,0,0,0,0,0,0.0,0.107074,0,0.0,0,272,2,6,0.8297,0.0731,GREEN,34,Mumbai
CLM0025862,MUM_01489,Andheri,2024-01-08,7,0,0,0,0,0,0,0,0,0,0.0,0.010079,0,0.0,0,14,4,4,0.9072,0.0269,GREEN,37,Mumbai
CLM0025863,MUM_08195,Andheri,2023-12-05,19,0,0,0,0,0,0,0,0,0,0.0,0.023,0,0.0,0,251,2,5,0.6751,0.025,GREEN,46,Mumbai
CLM0025864,MUM_02883,Powai,2019-10-22,19,0,0,0,0,0,0,0,1,0,0.0,0.206173,0,0.0,0,420,3,1,0.7959,0.0982,GREEN,22,Mumbai
CLM0025865,MUM_09332,Lower Parel,2020-01-29,13,0,0,0,0,0,0,0,0,0,1.0,0.053462,0,0.0,0,330,3,3,0.8484,0.0163,GREEN,45,Mumbai
CLM0025866,MUM_08552,Powai,2021-11-22,12,0,0,0,0,0,1,0,1,0,0.0,0.382498,0,0.0,0,355,3,5,0.9733,0.1642,GREEN,29,Mumbai
CLM0025867,MUM_01933,Dadar,2018-11-22,11,0,0,0,0,0,1,0,0,0,0.0,0.252293,0,0.0,0,173,4,6,0.8403,0.0203,GREEN,42,Mumbai
CLM0025868,MUM_04009,Vashi,2020-04-20,7,0,0,0,0,0,0,0,0,0,0.0,0.220469,0,0.0,0,395,4,5,0.8894,0.0,GREEN,47,Mumbai
CLM0025869,MUM_06184,Powai,2024-08-07,7,0,1,1,0,0,1,0,0,0,0.0,0.0,0,0.0,1,18,0,3,0.9078,0.1615,GREEN,47,Mumbai
CLM0025870,MUM_09127,Borivali,2025-06-26,14,0,0,0,0,0,0,0,0,0,1.0,0.14168,0,0.0,0,163,3,0,0.6892,0.1358,GREEN,48,Mumbai
CLM0025871,MUM_00958,Andheri,2024-02-19,21,0,0,0,1,0,0,0,0,0,0.0,0.248964,0,0.0,0,365,3,1,0.6407,0.2515,GREEN,37,Mumbai
CLM0025872,MUM_02660,Vashi,2024-06-23,19,0,0,0,0,0,1,0,0,0,0.0,0.072091,0,0.0,0,161,4,0,0.5717,0.1181,GREEN,50,Mumbai
CLM0025873,MUM_07783,Powai,2025-11-06,12,0,0,0,0,0,0,0,0,0,0.0,0.39294,0,0.0,0,208,0,4,0.8351,0.1174,GREEN,36,Mumbai
CLM0025874,MUM_07190,Vashi,2025-07-19,10,0,0,0,0,0,0,0,0,0,0.0,0.035099,0,0.0,0,141,0,0,0.9559,0.0,GREEN,49,Mumbai
CLM0025875,MUM_03548,Dadar,2019-08-16,17,0,1,1,0,0,0,0,0,0,1.0,0.081131,0,0.0,0,224,0,2,0.852,0.0758,GREEN,49,Mumbai
CLM0025876,MUM_07571,Thane,2024-04-01,11,0,0,0,0,0,0,0,0,1,0.0,0.383348,0,0.0,0,357,2,2,0.6193,0.0755,GREEN,49,Mumbai
CLM0025877,MUM_05895,Andheri,2023-05-19,16,0,0,0,0,0,0,0,1,0,1.0,1.0,0,1.0,0,113,0,6,0.8884,0.0036,GREEN,46,Mumbai
CLM0025878,MUM_06623,Ghatkopar,2019-10-19,12,0,0,0,1,1,0,1,1,1,0.0,0.199102,1,0.0,1,19,2,18,0.346,0.0432,GREEN,57,Mumbai
CLM0025879,MUM_07777,Borivali,2025-09-18,21,0,0,0,0,0,0,0,0,0,0.0,0.200424,1,0.0,0,419,3,2,0.1461,0.0,GREEN,26,Mumbai
CLM0025880,MUM_03508,Chembur,2022-12-07,7,0,0,0,0,0,0,0,1,0,0.0,0.064313,0,0.0,0,326,2,3,0.7081,0.2111,GREEN,26,Mumbai
CLM0025881,MUM_00245,Andheri,2024-09-12,7,0,0,0,0,0,0,0,0,0,0.0,0.327335,0,0.0,0,395,2,4,0.3225,0.0221,GREEN,18,Mumbai
CLM0025882,MUM_07366,Vashi,2021-02-25,20,0,0,0,0,0,0,0,0,0,0.0,0.157441,1,0.0,0,258,4,2,0.8506,0.0716,GREEN,30,Mumbai
CLM0025883,MUM_03008,Thane,2021-05-04,7,0,0,0,0,0,0,0,0,0,0.0,0.156657,0,0.0,0,373,2,2,0.5749,0.0369,GREEN,48,Mumbai
CLM0025884,MUM_05143,Chembur,2019-06-05,12,0,0,0,0,0,0,0,0,0,0.0,0.060547,1,0.0,0,264,4,5,0.9312,0.0,GREEN,45,Mumbai
CLM0025885,MUM_05684,Andheri,2022-04-17,10,0,0,0,0,0,0,0,0,0,0.0,0.190096,0,0.0,0,397,4,3,0.1887,0.1397,GREEN,32,Mumbai
CLM0025886,MUM_00607,Powai,2024-01-27,11,0,0,0,0,0,0,0,0,0,0.0,0.298361,0,0.0,0,36,0,2,0.3495,0.0121,GREEN,33,Mumbai
CLM0025887,MUM_00916,Andheri,2025-09-11,19,0,0,0,0,0,0,0,0,0,0.0,0.017969,0,0.0,0,420,0,4,0.684,0.0545,GREEN,45,Mumbai
CLM0025888,MUM_04243,Ghatkopar,2024-09-05,12,0,0,0,0,0,1,0,0,0,0.0,0.158036,0,0.0,0,373,2,6,0.7315,0.0503,GREEN,46,Mumbai
CLM0025889,MUM_09259,Chembur,2021-08-16,18,0,0,0,0,0,0,0,0,0,0.0,0.00014,0,0.0,0,373,0,0,0.8321,0.1655,GREEN,61,Mumbai
CLM0025890,MUM_07513,Lower Parel,2021-02-14,21,0,0,0,0,0,1,0,0,0,0.0,0.238797,0,0.0,0,420,2,0,0.6923,0.133,GREEN,42,Mumbai
CLM0025891,MUM_04344,Borivali,2024-04-06,16,0,0,0,0,0,0,0,0,0,0.0,0.139266,0,0.0,0,134,1,3,0.8359,0.0014,GREEN,58,Mumbai
CLM0025892,MUM_03323,Lower Parel,2021-09-21,12,0,0,0,0,0,0,0,0,0,0.0,0.394484,0,0.0,0,113,2,3,0.8473,0.0311,GREEN,46,Mumbai
CLM0025893,MUM_02043,Thane,2022-01-04,11,0,0,0,0,0,0,1,0,0,0.0,0.225834,0,0.0,0,420,2,0,0.2976,0.0273,GREEN,37,Mumbai
CLM0025894,MUM_00390,Thane,2024-06-28,20,0,0,0,0,0,0,0,0,0,0.0,0.287836,0,0.0,0,134,1,5,0.5698,0.0,GREEN,49,Mumbai
CLM0025895,MUM_01118,Lower Parel,2021-10-11,7,0,0,0,0,0,0,0,0,0,0.0,0.205326,1,0.0,0,305,1,4,0.7116,0.0241,GREEN,53,Mumbai
CLM0025896,MUM_08620,Ghatkopar,2024-11-23,7,0,0,0,0,0,0,0,0,0,1.0,0.192042,0,0.0,0,355,4,4,0.98,0.1676,GREEN,56,Mumbai
CLM0025897,MUM_00433,Andheri,2023-09-05,18,0,0,0,0,0,1,1,0,0,0.0,0.110928,0,0.0,0,354,2,1,0.5723,0.1636,GREEN,47,Mumbai
CLM0025898,MUM_01230,Chembur,2024-07-13,8,0,0,0,0,0,0,0,0,0,0.0,0.154415,0,0.0,0,60,0,0,0.6977,0.0,GREEN,31,Mumbai
CLM0025899,MUM_08556,Vashi,2022-09-09,11,0,0,0,0,0,1,0,0,0,0.0,0.021386,0,1.0,0,78,4,0,0.5801,0.1319,GREEN,54,Mumbai
CLM0025900,MUM_01184,Chembur,2020-02-14,15,0,0,0,0,0,0,0,1,0,0.0,0.176605,0,0.0,0,116,3,0,0.7577,0.082,GREEN,52,Mumbai
CLM0025901,MUM_00685,Thane,2020-09-11,21,0,0,0,0,0,0,0,0,0,0.0,0.342673,0,0.0,0,420,4,8,0.669,0.0317,GREEN,35,Mumbai
CLM0025902,MUM_06298,Dadar,2023-04-13,17,0,0,0,0,0,0,0,0,0,1.0,0.012801,0,0.0,0,321,1,4,0.7187,0.0205,GREEN,24,Mumbai
CLM0025903,MUM_08800,Bandra,2017-11-20,12,0,0,0,0,0,0,0,0,0,0.0,0.277778,0,0.0,0,129,3,4,0.6378,0.0652,GREEN,53,Mumbai
CLM0025904,MUM_01058,Powai,2019-10-17,9,0,0,0,0,0,0,0,0,0,0.0,0.272852,0,0.0,0,334,0,0,0.5584,0.0,GREEN,23,Mumbai
CLM0025905,MUM_00470,Borivali,2016-08-09,7,0,0,0,0,0,0,1,0,1,1.0,1.0,1,1.0,1,5,2,18,0.05,0.0552,GREEN,55,Mumbai
CLM0025906,MUM_02688,Borivali,2016-05-03,17,0,0,0,0,0,0,0,0,0,0.0,1.0,1,0.0,0,419,3,7,0.804,0.0481,GREEN,34,Mumbai
CLM0025907,MUM_09600,Andheri,2016-08-21,8,0,0,0,1,1,1,1,1,1,1.0,0.982595,0,1.0,1,5,2,18,0.1275,0.0,GREEN,54,Mumbai
CLM0025908,MUM_05585,Bandra,2018-06-07,15,0,0,0,0,0,1,0,0,0,1.0,1.0,0,0.0,0,215,1,3,0.8316,0.0354,GREEN,28,Mumbai
CLM0025909,MUM_05712,Chembur,2020-11-01,9,0,0,0,0,0,0,0,0,0,0.0,0.083581,0,1.0,0,385,1,3,0.98,0.0527,GREEN,59,Mumbai
CLM0025910,MUM_03741,Powai,2024-07-16,19,0,0,0,0,0,0,0,0,0,0.0,0.060107,0,0.0,0,402,2,2,0.5872,0.0456,GREEN,48,Mumbai
CLM0025911,MUM_06955,Chembur,2023-08-28,13,0,0,0,0,0,0,0,0,1,0.0,0.102955,0,0.0,0,420,3,0,0.7034,0.2835,GREEN,50,Mumbai
CLM0025912,MUM_06413,Powai,2018-05-15,17,0,0,0,0,0,0,0,0,0,0.0,0.165177,0,0.0,0,163,1,1,0.6318,0.0,GREEN,46,Mumbai
CLM0025913,MUM_02458,Chembur,2023-08-30,7,0,0,0,0,0,0,0,0,0,0.0,0.049679,0,0.0,0,9,3,6,0.9004,0.0147,GREEN,38,Mumbai
CLM0025914,MUM_04364,Lower Parel,2023-10-06,20,0,0,0,0,1,0,0,1,0,0.0,0.059633,0,0.0,0,420,4,1,0.9425,0.4354,YELLOW,35,Mumbai
CLM0025915,MUM_00562,Borivali,2025-07-07,20,0,0,0,0,0,0,0,1,0,0.0,0.419646,0,0.0,0,37,2,3,0.98,0.1118,GREEN,60,Mumbai
CLM0025916,MUM_01522,Thane,2024-02-02,21,0,0,0,1,0,0,0,0,0,1.0,0.103519,0,0.0,0,359,2,3,0.7878,0.1923,GREEN,40,Mumbai
CLM0025917,MUM_01915,Lower Parel,2025-09-25,19,0,0,0,0,0,0,0,0,0,0.0,0.098006,1,0.0,0,412,2,5,0.5705,0.0736,GREEN,41,Mumbai
CLM0025918,MUM_05264,Chembur,2025-06-04,7,0,0,0,0,0,0,0,0,0,0.0,0.289338,0,0.0,0,368,0,3,0.5431,0.0392,GREEN,35,Mumbai
CLM0025919,MUM_00839,Powai,2025-10-22,12,0,0,0,0,0,0,0,0,0,1.0,1.0,0,1.0,0,221,2,3,0.7518,0.0,GREEN,31,Mumbai
CLM0025920,MUM_08043,Thane,2023-11-02,11,0,0,0,0,0,0,0,0,0,0.0,0.0,0,0.0,0,92,1,0,0.7435,0.0079,GREEN,48,Mumbai
CLM0025921,MUM_03123,Bandra,2023-02-15,15,0,0,0,0,1,0,0,0,0,0.0,0.175357,1,0.0,0,136,3,6,0.7854,0.1378,GREEN,31,Mumbai
CLM0025922,MUM_00192,Vashi,2024-04-16,17,0,0,0,0,0,0,0,0,0,0.0,0.219801,0,0.0,0,216,2,4,0.6004,0.0475,GREEN,47,Mumbai
CLM0025923,MUM_06202,Lower Parel,2022-09-01,12,0,0,0,1,0,0,1,0,1,0.0,0.096879,0,0.0,0,339,1,5,0.5375,0.3501,YELLOW,36,Mumbai
CLM0025924,MUM_06845,Ghatkopar,2021-12-20,8,0,1,1,0,0,0,0,0,0,0.0,0.107575,0,0.0,0,222,3,4,0.189,0.0395,GREEN,52,Mumbai
CLM0025925,MUM_06314,Powai,2022-05-24,10,0,0,0,0,0,1,0,0,0,0.0,0.399161,0,0.0,0,420,4,3,0.7026,0.082,GREEN,32,Mumbai
CLM0025926,MUM_05631,Ghatkopar,2020-09-27,11,0,0,0,0,0,1,0,0,0,0.0,0.34685,0,0.0,0,272,0,6,0.5512,0.0448,GREEN,32,Mumbai
CLM0025927,MUM_06303,Andheri,2025-11-30,11,0,0,0,1,1,1,1,0,1,1.0,1.0,0,1.0,0,5,0,18,0.4196,0.0,GREEN,54,Mumbai
CLM0025928,MUM_00982,Andheri,2022-01-13,11,0,0,0,0,0,0,0,0,0,0.0,0.269276,0,0.0,0,420,4,3,0.1449,0.0,GREEN,42,Mumbai
CLM0025929,MUM_03817,Borivali,2019-04-02,16,0,0,0,0,0,0,0,1,0,1.0,0.917615,0,1.0,0,407,3,2,0.8732,0.0587,GREEN,30,Mumbai
CLM0025930,MUM_02472,Ghatkopar,2021-07-13,11,0,0,0,1,0,0,0,1,0,0.0,0.250612,0,1.0,0,242,1,3,0.9296,0.2502,GREEN,37,Mumbai
CLM0025931,MUM_02143,Andheri,2023-11-11,17,0,0,0,0,0,0,0,0,0,1.0,0.147526,0,0.0,0,157,4,2,0.2147,0.0428,GREEN,33,Mumbai
CLM0025932,MUM_04465,Andheri,2024-05-24,20,0,1,1,0,0,0,0,0,0,0.0,0.189276,0,0.0,0,420,2,3,0.98,0.0457,GREEN,37,Mumbai
CLM0025933,MUM_02037,Ghatkopar,2025-01-13,10,0,0,0,0,0,0,0,0,0,0.0,0.019716,0,0.0,0,335,3,3,0.4921,0.0,GREEN,44,Mumbai
CLM0025934,MUM_05541,Powai,2022-04-06,21,0,0,0,0,0,0,0,0,0,1.0,0.0,0,0.0,0,142,2,0,0.4639,0.0,GREEN,28,Mumbai
CLM0025935,MUM_05589,Bandra,2020-06-27,20,0,0,0,0,0,0,0,0,0,0.0,0.29537,0,0.0,0,407,0,2,0.8545,0.0,GREEN,49,Mumbai
CLM0025936,MUM_07694,Thane,2024-06-13,8,0,0,0,0,0,0,0,1,0,0.0,0.107564,0,0.0,0,73,3,0,0.8575,0.1228,GREEN,38,Mumbai
CLM0025937,MUM_09670,Chembur,2021-09-18,12,0,0,0,0,0,0,0,0,0,0.0,0.108978,0,0.0,0,331,4,3,0.766,0.0,GREEN,38,Mumbai
CLM0025938,MUM_00164,Dadar,2019-12-10,18,0,0,0,0,0,0,1,0,0,1.0,0.87527,0,0.0,1,420,3,7,0.7613,0.2573,GREEN,52,Mumbai
CLM0025939,MUM_00883,Bandra,2020-05-22,18,0,1,1,0,0,0,0,0,0,0.0,0.277067,0,0.0,1,199,4,3,0.5522,0.0,GREEN,40,Mumbai
CLM0025940,MUM_05248,Bandra,2022-05-21,21,0,0,0,0,0,0,0,0,0,1.0,0.143398,0,0.0,0,406,0,5,0.703,0.062,GREEN,45,Mumbai
CLM0025941,MUM_02244,Vashi,2025-09-02,17,0,0,0,0,0,0,0,0,1,1.0,1.0,0,1.0,0,420,2,1,0.5061,0.0538,GREEN,41,Mumbai
CLM0025942,MUM_03065,Chembur,2023-08-04,19,0,0,0,0,0,0,0,1,0,0.0,0.305848,0,1.0,0,117,2,0,0.5531,0.1577,GREEN,31,Mumbai
CLM0025943,MUM_01262,Lower Parel,2025-01-23,17,0,1,1,0,0,1,0,0,0,0.0,0.125677,0,0.0,0,12,2,2,0.758,0.1848,GREEN,36,Mumbai
CLM0025944,MUM_01913,Vashi,2023-04-03,21,0,1,1,0,0,0,0,0,0,0.0,0.042664,0,0.0,0,379,1,3,0.8367,0.0,GREEN,61,Mumbai
CLM0025945,MUM_03162,Thane,2025-06-05,21,0,1,1,0,0,0,0,0,0,1.0,0.368896,0,0.0,0,94,0,0,0.9136,0.0942,GREEN,34,Mumbai
CLM0025946,MUM_05837,Chembur,2022-02-13,10,0,0,0,0,0,1,0,0,0,0.0,0.421882,0,0.0,0,5,1,3,0.6744,0.0866,GREEN,46,Mumbai
CLM0025947,MUM_06309,Lower Parel,2024-06-18,19,0,0,0,0,0,0,0,0,0,0.0,0.307248,0,0.0,0,212,4,4,0.8646,0.0,GREEN,18,Mumbai
CLM0025948,MUM_06998,Andheri,2022-04-10,21,0,0,0,0,0,0,0,0,1,0.0,0.952159,0,0.0,0,310,0,3,0.878,0.0552,GREEN,37,Mumbai
CLM0025949,MUM_05446,Lower Parel,2025-09-14,20,0,0,0,0,1,0,0,0,1,0.0,0.217703,0,0.0,0,363,4,3,0.05,0.3188,YELLOW,49,Mumbai
CLM0025950,MUM_08558,Thane,2025-07-08,8,0,0,0,0,0,0,0,0,0,0.0,0.253784,0,0.0,0,340,4,4,0.05,0.0,GREEN,28,Mumbai
CLM0025951,MUM_06797,Thane,2025-07-04,20,0,0,0,0,0,0,0,0,0,1.0,0.179267,0,0.0,0,184,4,2,0.8331,0.0,GREEN,44,Mumbai
CLM0025952,MUM_03972,Borivali,2025-12-08,9,0,0,0,0,0,1,0,0,0,1.0,0.315063,0,0.0,0,227,2,0,0.05,0.1258,GREEN,40,Mumbai
CLM0025953,MUM_03066,Dadar,2025-01-26,8,0,0,0,0,0,0,0,0,0,0.0,0.195009,0,0.0,0,158,3,3,0.8311,0.0393,GREEN,49,Mumbai
CLM0025954,MUM_02973,Andheri,2024-06-10,15,0,0,0,0,1,0,0,0,0,0.0,1.0,0,0.0,0,388,0,4,0.243,0.0,GREEN,36,Mumbai
CLM0025955,MUM_00781,Lower Parel,2024-04-10,12,0,0,0,0,0,1,1,1,1,0.0,0.137801,0,0.0,1,5,0,15,0.98,0.0,GREEN,43,Mumbai
CLM0025956,MUM_07141,Powai,2024-07-21,18,0,0,0,0,0,0,0,0,0,0.0,0.314003,1,0.0,0,259,2,1,0.5079,0.1493,GREEN,40,Mumbai
CLM0025957,MUM_09645,Bandra,2024-05-25,7,0,0,0,0,0,0,0,0,1,0.0,0.228194,0,0.0,0,97,0,2,0.9414,0.1438,GREEN,53,Mumbai
CLM0025958,MUM_01410,Lower Parel,2024-03-07,15,0,0,0,0,0,0,0,0,0,0.0,0.332668,0,0.0,0,420,3,2,0.7809,0.0,GREEN,52,Mumbai
CLM0025959,MUM_09608,Andheri,2025-10-06,13,0,0,0,0,0,0,0,0,0,0.0,0.139049,0,0.0,0,414,3,2,0.6792,0.0169,GREEN,48,Mumbai
CLM0025960,MUM_05902,Thane,2024-06-09,21,0,0,0,0,0,0,1,0,0,0.0,0.257501,0,0.0,0,282,1,3,0.7246,0.0056,GREEN,28,Mumbai
CLM0025961,MUM_03712,Powai,2024-09-18,16,0,0,0,0,0,0,0,0,0,0.0,0.112717,0,0.0,0,420,1,0,0.3108,0.1048,GREEN,34,Mumbai
CLM0025962,MUM_04814,Vashi,2025-07-07,15,0,0,0,0,0,0,0,1,0,1.0,0.0,0,0.0,0,56,0,3,0.8463,0.1198,GREEN,35,Mumbai
CLM0025963,MUM_09499,Chembur,2024-12-14,9,0,0,0,0,0,0,0,0,0,0.0,0.072389,0,0.0,0,420,0,2,0.2398,0.0084,GREEN,57,Mumbai
CLM0025964,MUM_07474,Andheri,2025-11-06,17,0,0,0,0,0,1,0,0,0,1.0,0.068994,0,1.0,0,332,2,4,0.9026,0.1568,GREEN,30,Mumbai
CLM0025965,MUM_07349,Borivali,2025-10-09,17,0,0,0,0,0,0,0,0,0,1.0,0.338779,0,0.0,0,340,2,5,0.548,0.1049,GREEN,54,Mumbai
CLM0025966,MUM_09221,Vashi,2024-10-17,20,0,0,0,0,0,1,0,0,0,0.0,0.206559,0,0.0,1,341,4,2,0.9325,0.1109,GREEN,35,Mumbai
CLM0025967,MUM_06978,Chembur,2024-09-21,16,0,0,0,1,0,0,0,0,0,0.0,0.319328,0,0.0,0,420,4,4,0.7398,0.2138,GREEN,38,Mumbai
CLM0025968,MUM_04882,Powai,2022-09-16,7,0,0,0,0,0,0,0,0,0,0.0,0.157656,0,0.0,0,121,4,6,0.6204,0.0209,GREEN,46,Mumbai
CLM0025969,MUM_09559,Bandra,2020-07-23,7,0,1,1,1,1,0,1,1,0,0.0,0.976232,1,1.0,1,19,2,18,0.05,0.682,RED,18,Mumbai
CLM0025970,MUM_09463,Chembur,2025-02-05,10,0,1,1,1,1,0,0,1,0,1.0,1.0,1,0.0,1,12,1,18,0.2922,0.7498,RED,40,Mumbai
CLM0025971,MUM_00383,Vashi,2020-02-15,9,0,1,1,0,0,0,0,0,0,0.0,0.017386,0,1.0,0,94,1,2,0.8253,0.4482,YELLOW,44,Mumbai
CLM0025972,MUM_07220,Bandra,2022-06-26,12,0,1,1,0,1,0,1,1,1,1.0,0.189266,0,0.0,1,7,2,18,0.345,0.5816,YELLOW,42,Mumbai
CLM0025973,MUM_04477,Powai,2024-04-18,15,0,0,0,0,0,0,0,0,0,1.0,0.946175,0,1.0,0,420,1,0,0.9087,0.0126,GREEN,33,Mumbai
CLM0025974,MUM_00651,Dadar,2025-09-11,14,0,0,0,0,0,0,0,0,0,0.0,0.008039,0,0.0,0,355,3,1,0.6283,0.0,GREEN,59,Mumbai
CLM0025975,MUM_08740,Lower Parel,2023-08-02,14,0,0,0,0,0,0,0,0,0,0.0,0.064364,0,0.0,0,406,3,4,0.0956,0.0,GREEN,56,Mumbai
CLM0025976,MUM_09981,Ghatkopar,2023-09-02,21,0,0,0,0,0,0,0,0,0,0.0,0.204133,0,0.0,0,162,3,1,0.6341,0.0,GREEN,53,Mumbai
CLM0025977,MUM_04126,Andheri,2023-08-22,19,0,0,0,0,0,0,0,0,0,0.0,0.369959,0,0.0,0,334,4,2,0.7186,0.0476,GREEN,55,Mumbai
CLM0025978,MUM_08946,Bandra,2024-03-31,17,0,0,0,0,0,1,0,0,0,0.0,0.055229,0,0.0,0,222,0,1,0.98,0.0916,GREEN,42,Mumbai
CLM0025979,MUM_08023,Lower Parel,2024-04-10,11,0,0,0,0,0,0,0,0,0,0.0,0.0,0,0.0,0,349,2,3,0.8539,0.0,GREEN,42,Mumbai
CLM0025980,MUM_04922,Vashi,2025-06-02,12,0,0,0,0,0,0,0,0,0,0.0,0.115578,0,0.0,0,264,3,1,0.8525,0.0,GREEN,50,Mumbai
CLM0025981,MUM_08494,Borivali,2016-01-21,7,0,0,0,0,0,0,0,0,0,0.0,0.138911,0,0.0,0,387,1,0,0.8589,0.0176,GREEN,56,Mumbai
CLM0025982,MUM_08159,Powai,2024-07-04,20,0,0,0,0,0,0,0,0,0,0.0,0.24305,0,1.0,0,171,0,0,0.8784,0.1691,GREEN,43,Mumbai
CLM0025983,MUM_09435,Borivali,2015-11-15,8,0,0,0,0,0,0,0,0,0,0.0,0.078882,0,0.0,0,413,2,1,0.8737,0.0368,GREEN,51,Mumbai
CLM0025984,MUM_01743,Bandra,2024-03-04,18,0,0,0,1,0,0,1,0,1,1.0,0.0,0,1.0,0,17,1,18,0.1747,0.0,GREEN,45,Mumbai
CLM0025985,MUM_05691,Chembur,2023-12-28,16,0,0,0,0,0,0,0,0,0,0.0,0.026268,0,0.0,1,69,3,4,0.6959,0.0676,GREEN,18,Mumbai
CLM0025986,MUM_00277,Chembur,2023-10-16,20,0,0,0,0,0,0,0,0,0,0.0,0.238898,0,0.0,0,115,0,3,0.9301,0.0225,GREEN,39,Mumbai
CLM0025987,MUM_03033,Bandra,2023-08-30,16,0,1,1,0,0,0,0,0,0,1.0,0.317618,0,0.0,0,276,0,3,0.9174,0.2112,GREEN,36,Mumbai
CLM0025988,MUM_03522,Dadar,2025-04-09,20,0,0,0,0,0,0,0,0,0,0.0,0.138454,0,0.0,0,258,3,0,0.05,0.0,GREEN,43,Mumbai
CLM0025989,MUM_01179,Bandra,2023-10-02,20,0,0,0,0,0,0,0,0,0,0.0,0.123792,0,0.0,0,420,1,3,0.9406,0.0557,GREEN,27,Mumbai
CLM0025990,MUM_00443,Thane,2022-05-17,21,0,0,0,0,0,0,0,1,0,0.0,0.119164,0,0.0,1,307,0,0,0.3538,0.143,GREEN,53,Mumbai
CLM0025991,MUM_08080,Bandra,2025-01-29,13,0,0,0,0,0,0,0,0,0,1.0,0.444104,0,0.0,0,301,4,0,0.7863,0.0,GREEN,47,Mumbai
CLM0025992,MUM_05612,Andheri,2023-05-27,9,0,0,0,0,0,0,0,1,0,0.0,0.217397,0,0.0,0,298,3,1,0.5659,0.0293,GREEN,48,Mumbai
CLM0025993,MUM_07007,Dadar,2023-08-22,7,0,0,0,0,0,0,0,0,0,1.0,0.140093,0,0.0,0,28,1,3,0.7601,0.1445,GREEN,38,Mumbai
CLM0025994,MUM_00199,Ghatkopar,2024-09-08,13,0,0,0,0,0,0,0,0,0,0.0,0.124628,0,0.0,0,16,3,4,0.5872,0.0,GREEN,48,Mumbai
CLM0025995,MUM_09338,Powai,2024-09-15,14,0,1,1,0,0,0,0,0,0,0.0,0.375199,0,0.0,0,184,0,1,0.6566,0.0455,GREEN,36,Mumbai
CLM0025996,MUM_05253,Chembur,2021-07-14,13,0,0,0,1,0,1,0,0,0,1.0,0.04427,0,0.0,0,202,1,3,0.3551,0.3218,YELLOW,24,Mumbai
CLM0025997,MUM_01509,Vashi,2023-08-11,14,0,0,0,0,0,0,0,0,0,0.0,1.0,0,0.0,0,42,4,5,0.8785,0.0,GREEN,53,Mumbai
CLM0025998,MUM_09722,Bandra,2022-07-05,16,0,0,0,0,0,0,0,0,0,0.0,1.0,0,0.0,0,114,4,1,0.5264,0.0429,GREEN,27,Mumbai
CLM0025999,MUM_07538,Bandra,2020-09-14,20,0,0,0,0,0,0,0,0,0,1.0,0.110213,0,0.0,0,253,4,6,0.7791,0.0251,GREEN,35,Mumbai
CLM0026000,MUM_08585,Vashi,2021-12-04,15,0,0,0,0,0,0,0,0,0,0.0,0.879596,0,0.0,0,373,4,1,0.5298,0.0,GREEN,35,Mumbai
CLM0026001,MUM_02459,Lower Parel,2025-10-13,15,0,0,0,0,0,0,0,0,0,0.0,0.301044,0,0.0,1,354,0,0,0.05,0.1088,GREEN,53,Mumbai
CLM0026002,MUM_06855,Bandra,2018-12-11,21,0,0,0,0,0,0,0,0,1,0.0,0.301381,0,0.0,0,420,3,0,0.1768,0.1194,GREEN,18,Mumbai
CLM0026003,MUM_00096,Thane,2017-04-16,17,0,0,0,0,1,1,0,0,0,0.0,0.443343,1,0.0,0,298,3,0,0.9415,0.2046,GREEN,33,Mumbai
CLM0026004,MUM_09804,Dadar,2018-10-31,19,0,0,0,0,0,0,0,0,0,1.0,0.348423,0,0.0,0,198,4,2,0.1638,0.1024,GREEN,38,Mumbai
CLM0026005,MUM_07379,Borivali,2018-02-24,19,0,0,0,0,1,1,0,1,1,0.0,0.133581,1,0.0,0,5,3,18,0.9479,0.0239,GREEN,41,Mumbai
CLM0026006,MUM_09785,Vashi,2017-10-19,8,0,0,0,0,0,0,0,0,0,0.0,0.426157,0,0.0,0,420,1,6,0.1879,0.0601,GREEN,46,Mumbai
CLM0026007,MUM_04403,Chembur,2024-10-12,20,0,0,0,0,0,0,0,0,0,0.0,0.986415,0,0.0,0,71,4,2,0.9132,0.0394,GREEN,32,Mumbai
CLM0026008,MUM_02608,Bandra,2022-02-13,13,0,1,1,0,0,0,0,0,0,0.0,0.183448,0,0.0,0,153,4,0,0.1683,0.0,GREEN,42,Mumbai
CLM0026009,MUM_04555,Ghatkopar,2023-05-24,13,0,0,0,0,0,1,0,0,0,0.0,0.336171,0,0.0,0,218,2,3,0.4908,0.0503,GREEN,60,Mumbai
CLM0026010,MUM_00634,Ghatkopar,2023-04-14,20,0,0,0,0,0,0,0,0,0,0.0,0.340775,0,0.0,0,134,2,5,0.8008,0.0072,GREEN,48,Mumbai
CLM0026011,MUM_02545,Lower Parel,2022-09-16,8,0,0,0,0,0,0,0,0,0,0.0,0.425262,0,0.0,0,107,0,0,0.5795,0.0,GREEN,50,Mumbai
CLM0026012,MUM_01315,Ghatkopar,2019-11-23,14,0,0,0,0,0,0,0,0,0,0.0,0.291057,0,0.0,0,103,1,3,0.8379,0.0,GREEN,47,Mumbai
CLM0026013,MUM_07791,Borivali,2021-10-10,12,0,0,0,0,0,0,1,1,0,0.0,0.067563,0,0.0,0,113,4,1,0.2256,0.1736,GREEN,35,Mumbai
CLM0026014,MUM_06010,Andheri,2016-10-04,19,0,1,1,1,0,0,0,0,0,0.0,0.337445,0,0.0,0,420,1,1,0.9366,0.0965,GREEN,41,Mumbai
CLM0026015,MUM_04244,Vashi,2019-02-12,20,0,0,0,0,0,0,0,1,0,0.0,0.18561,0,0.0,0,420,4,1,0.6444,0.0498,GREEN,36,Mumbai
CLM0026016,MUM_03185,Ghatkopar,2016-04-08,13,0,0,0,0,0,0,0,0,0,0.0,0.312713,0,0.0,0,216,4,1,0.927,0.0759,GREEN,32,Mumbai
CLM0026017,MUM_02002,Bandra,2025-12-04,9,0,0,0,0,0,1,1,1,0,0.0,0.331302,0,1.0,0,420,0,1,0.8971,0.2644,GREEN,46,Mumbai
CLM0026018,MUM_02139,Powai,2018-05-19,19,0,0,0,0,0,0,0,0,0,0.0,0.150858,0,0.0,0,58,0,2,0.7349,0.0114,GREEN,18,Mumbai
CLM0026019,MUM_04962,Powai,2024-08-04,8,0,0,0,0,0,0,0,0,0,0.0,0.041247,0,0.0,0,94,0,3,0.6678,0.0,GREEN,18,Mumbai
CLM0026020,MUM_04838,Borivali,2024-07-08,14,0,0,0,0,0,0,0,0,0,0.0,0.324747,0,1.0,0,328,3,0,0.4272,0.091,GREEN,37,Mumbai
CLM0026021,MUM_06059,Vashi,2025-11-07,14,0,0,0,0,0,0,0,0,0,0.0,1.0,0,0.0,0,111,0,0,0.9309,0.049,GREEN,52,Mumbai
CLM0026022,MUM_02880,Thane,2025-09-14,15,0,0,0,1,0,0,0,1,0,0.0,0.171789,0,0.0,0,310,1,4,0.3082,0.2456,GREEN,45,Mumbai
CLM0026023,MUM_06453,Thane,2024-08-15,18,0,0,0,0,0,0,0,0,0,0.0,0.058303,0,0.0,0,244,0,0,0.1397,0.0268,GREEN,34,Mumbai
CLM0026024,MUM_06639,Thane,2025-12-18,8,0,1,1,0,0,0,0,0,0,0.0,0.152332,0,0.0,0,51,4,4,0.2193,0.0,GREEN,24,Mumbai
CLM0026025,MUM_06676,Dadar,2025-11-05,13,0,0,0,0,0,0,0,0,0,0.0,0.0,0,0.0,0,173,4,3,0.98,0.0819,GREEN,39,Mumbai
CLM0026026,MUM_07461,Bandra,2025-04-21,9,0,0,0,0,0,1,0,0,0,0.0,0.079204,0,0.0,0,246,0,0,0.8504,0.1082,GREEN,32,Mumbai
CLM0026027,MUM_03050,Chembur,2025-07-19,14,0,0,0,0,0,1,0,0,0,0.0,0.331912,0,0.0,1,360,4,1,0.6875,0.1384,GREEN,48,Mumbai
CLM0026028,MUM_05513,Lower Parel,2025-03-03,9,0,0,0,0,0,0,0,0,0,0.0,0.210021,0,0.0,0,420,3,0,0.8248,0.0,GREEN,43,Mumbai
CLM0026029,MUM_00832,Andheri,2024-07-01,15,0,0,0,1,0,0,0,0,0,1.0,0.320415,0,0.0,0,128,3,0,0.8376,0.2137,GREEN,39,Mumbai
CLM0026030,MUM_00378,Bandra,2025-05-21,16,0,0,0,0,1,0,0,0,0,0.0,0.165856,0,0.0,0,355,2,3,0.8293,0.1639,GREEN,45,Mumbai
CLM0026031,MUM_06926,Thane,2021-03-07,10,0,0,0,0,0,0,0,0,0,0.0,0.023462,0,0.0,0,53,0,3,0.7627,0.1353,GREEN,34,Mumbai
CLM0026032,MUM_07435,Bandra,2019-11-26,19,0,0,0,0,0,1,0,0,0,0.0,0.277214,0,0.0,1,420,0,1,0.783,0.1212,GREEN,40,Mumbai
CLM0026033,MUM_05089,Ghatkopar,2022-12-08,16,0,0,0,0,0,0,0,0,0,0.0,0.188128,0,0.0,0,307,4,7,0.98,0.0,GREEN,48,Mumbai
CLM0026034,MUM_09859,Ghatkopar,2019-12-28,17,0,0,0,0,0,1,0,0,0,0.0,0.432281,0,0.0,0,188,4,3,0.7401,0.1157,GREEN,36,Mumbai
CLM0026035,MUM_08870,Dadar,2018-05-13,16,0,0,0,0,0,0,0,0,0,0.0,0.028055,0,0.0,0,88,1,4,0.6853,0.1445,GREEN,29,Mumbai
CLM0026036,MUM_06104,Borivali,2025-10-12,11,0,0,0,0,0,0,0,0,0,0.0,0.303531,0,0.0,0,114,2,3,0.8888,0.0,GREEN,18,Mumbai
CLM0026037,MUM_04429,Thane,2017-06-28,9,0,0,0,0,0,0,0,1,0,0.0,0.315396,0,0.0,0,343,3,1,0.8419,0.0293,GREEN,31,Mumbai
CLM0026038,MUM_07282,Borivali,2017-11-16,16,0,0,0,0,0,0,0,0,0,1.0,0.313412,0,0.0,0,361,3,0,0.7282,0.0063,GREEN,46,Mumbai
CLM0026039,MUM_06504,Powai,2025-01-09,20,0,0,0,0,0,0,0,0,0,0.0,0.189165,0,0.0,0,158,1,0,0.2858,0.0,GREEN,45,Mumbai
CLM0026040,MUM_05512,Ghatkopar,2019-02-22,14,0,0,0,0,0,0,0,0,0,0.0,0.302323,0,0.0,0,337,2,0,0.8467,0.1593,GREEN,47,Mumbai
CLM0026041,MUM_01811,Vashi,2021-01-30,12,0,0,0,0,0,0,0,0,0,1.0,0.0,0,0.0,0,93,0,1,0.869,0.0384,GREEN,52,Mumbai
CLM0026042,MUM_01487,Chembur,2019-04-10,15,0,1,1,1,0,1,1,1,1,1.0,1.0,0,0.0,1,18,0,18,0.05,0.7241,RED,20,Mumbai
CLM0026043,MUM_04761,Lower Parel,2016-11-28,19,0,1,1,0,0,0,0,0,1,0.0,0.162384,0,0.0,0,388,0,3,0.81,0.6182,RED,24,Mumbai
CLM0026044,MUM_06182,Dadar,2025-03-08,16,0,1,1,1,0,1,1,1,1,1.0,0.881599,0,1.0,0,20,2,18,0.1254,0.5819,YELLOW,47,Mumbai
CLM0026045,MUM_07259,Andheri,2019-11-20,16,0,1,1,0,1,1,1,1,1,0.0,1.0,0,1.0,0,5,2,18,0.159,0.6706,RED,26,Mumbai
CLM0026046,MUM_00932,Andheri,2016-09-18,14,0,1,1,1,1,1,1,1,1,0.0,0.339221,0,0.0,1,28,2,18,0.3003,0.8014,RED,55,Mumbai
CLM0026047,MUM_01453,Thane,2024-03-01,17,0,1,1,1,1,0,0,0,1,0.0,0.219098,0,0.0,0,5,1,18,0.3599,0.5789,YELLOW,57,Mumbai
CLM0026048,MUM_02318,Powai,2019-10-18,19,0,1,1,0,1,1,0,1,1,0.0,0.041567,1,0.0,0,5,0,18,0.98,0.6113,RED,28,Mumbai
CLM0026049,MUM_09329,Vashi,2023-03-10,17,0,1,1,0,1,0,0,0,1,1.0,0.983689,1,0.0,1,19,2,18,0.3598,0.4868,YELLOW,56,Mumbai
CLM0026050,MUM_06858,Thane,2021-01-22,17,0,1,1,1,1,0,1,0,1,0.0,1.0,0,0.0,1,22,0,18,0.2612,0.7781,RED,46,Mumbai
CLM0026051,MUM_01385,Vashi,2015-11-15,18,0,1,1,1,0,1,0,1,1,0.0,0.191086,0,0.0,1,39,0,18,0.9576,0.6219,RED,57,Mumbai
CLM0026052,MUM_03263,Bandra,2024-12-13,18,0,0,0,0,0,1,0,0,0,1.0,0.330765,0,1.0,0,234,0,3,0.05,0.1381,GREEN,35,Mumbai
CLM0026053,MUM_07444,Borivali,2020-07-01,17,0,0,0,0,0,0,0,0,0,0.0,0.100972,0,0.0,0,129,2,3,0.5654,0.0921,GREEN,28,Mumbai
CLM0026054,MUM_03163,Ghatkopar,2023-03-07,11,0,1,1,0,0,0,0,0,0,0.0,0.076627,0,0.0,0,346,4,0,0.5034,0.0206,GREEN,33,Mumbai
CLM0026055,MUM_03732,Dadar,2021-04-20,9,0,0,0,0,0,0,0,0,0,1.0,0.256437,0,0.0,0,59,0,1,0.892,0.0353,GREEN,47,Mumbai
CLM0026056,MUM_04810,Bandra,2021-01-12,12,0,0,0,0,0,1,0,0,0,0.0,0.199605,0,0.0,0,40,3,4,0.7508,0.1142,GREEN,40,Mumbai
CLM0026057,MUM_06536,Bandra,2023-04-27,13,0,0,0,0,0,0,0,0,0,0.0,0.260533,0,1.0,0,372,0,2,0.6201,0.0031,GREEN,44,Mumbai
CLM0026058,MUM_01906,Dadar,2020-11-20,13,0,0,0,0,0,0,0,0,0,0.0,0.308464,0,0.0,0,238,1,5,0.7223,0.1066,GREEN,45,Mumbai
CLM0026059,MUM_01998,Ghatkopar,2023-01-18,13,0,1,1,0,0,0,0,0,0,0.0,0.9618,0,0.0,0,230,0,1,0.5185,0.0,GREEN,30,Mumbai
CLM0026060,MUM_06015,Andheri,2025-07-08,9,0,0,0,0,0,0,0,0,0,0.0,0.280365,0,0.0,0,390,3,1,0.4723,0.0,GREEN,38,Mumbai
CLM0026061,MUM_07089,Lower Parel,2023-05-26,11,0,0,0,0,0,0,0,0,0,0.0,0.984377,0,0.0,0,272,3,4,0.6439,0.0226,GREEN,22,Mumbai
CLM0026062,MUM_01613,Andheri,2022-06-25,11,0,1,1,0,0,1,0,0,0,0.0,0.23446,0,0.0,0,113,0,0,0.7922,0.0537,GREEN,41,Mumbai
CLM0026063,MUM_03812,Andheri,2023-03-29,17,0,0,0,0,0,1,0,0,0,0.0,0.862585,0,0.0,0,179,3,0,0.7812,0.1454,GREEN,56,Mumbai
CLM0026064,MUM_03319,Thane,2020-10-21,21,0,0,0,0,0,1,0,1,0,0.0,0.126389,0,1.0,1,180,2,4,0.5399,0.228,GREEN,40,Mumbai
CLM0026065,MUM_01769,Powai,2021-10-03,9,0,0,0,0,0,0,0,0,0,0.0,0.374289,0,0.0,0,420,2,4,0.6577,0.0,GREEN,44,Mumbai
CLM0026066,MUM_07041,Bandra,2019-05-18,20,0,0,0,0,0,0,0,0,0,1.0,0.360709,0,0.0,0,218,3,5,0.9394,0.0711,GREEN,42,Mumbai
CLM0026067,MUM_00451,Andheri,2019-07-09,12,0,0,0,0,0,0,0,0,0,1.0,0.369277,0,0.0,0,198,1,0,0.617,0.0145,GREEN,36,Mumbai
CLM0026068,MUM_02480,Chembur,2023-07-25,19,0,0,0,0,0,0,0,0,0,0.0,0.278166,0,0.0,0,297,1,3,0.6177,0.0877,GREEN,60,Mumbai
CLM0026069,MUM_03617,Vashi,2025-11-04,17,0,0,0,0,0,0,0,0,0,0.0,0.016467,0,0.0,0,230,0,3,0.8664,0.0221,GREEN,61,Mumbai
CLM0026070,MUM_08485,Vashi,2023-05-04,16,0,0,0,1,0,1,1,1,1,0.0,0.072756,0,0.0,0,5,0,18,0.8986,0.1218,GREEN,64,Mumbai
CLM0026071,MUM_09086,Ghatkopar,2023-04-24,13,0,0,0,0,0,0,0,0,0,0.0,0.159998,0,0.0,0,377,2,4,0.05,0.027,GREEN,40,Mumbai
CLM0026072,MUM_08181,Bandra,2024-08-08,8,0,0,0,0,0,0,0,0,1,0.0,0.293696,0,0.0,0,143,0,4,0.8473,0.0807,GREEN,41,Mumbai
CLM0026073,MUM_04883,Chembur,2025-02-08,13,0,1,1,0,0,0,0,0,0,0.0,0.099472,0,0.0,0,351,4,0,0.98,0.0043,GREEN,40,Mumbai
CLM0026074,MUM_09656,Andheri,2025-03-06,20,0,0,0,0,0,0,1,0,1,0.0,0.400521,0,0.0,0,153,4,0,0.5974,0.2098,GREEN,47,Mumbai
CLM0026075,MUM_00381,Ghatkopar,2025-04-04,13,0,0,0,0,1,0,0,0,0,0.0,0.066623,0,0.0,0,74,1,3,0.8294,0.1456,GREEN,43,Mumbai
CLM0026076,MUM_01018,Vashi,2025-02-28,14,0,0,0,0,0,0,0,0,0,0.0,0.0,0,0.0,0,245,1,2,0.6642,0.105,GREEN,64,Mumbai
CLM0026077,MUM_01878,Lower Parel,2017-06-17,19,0,0,0,0,0,0,0,1,0,0.0,0.350515,0,0.0,0,155,3,4,0.5755,0.0551,GREEN,44,Mumbai
CLM0026078,MUM_08030,Dadar,2018-03-05,11,0,0,0,0,0,0,1,0,1,0.0,0.063579,0,0.0,0,382,4,0,0.8228,0.254,GREEN,36,Mumbai
CLM0026079,MUM_08935,Borivali,2024-12-21,20,0,0,0,0,0,1,0,0,0,0.0,1.0,0,0.0,0,263,3,2,0.7108,0.1225,GREEN,36,Mumbai
CLM0026080,MUM_01225,Thane,2022-08-20,18,0,0,0,0,0,0,0,0,1,0.0,0.242242,0,0.0,0,119,0,4,0.8974,0.1409,GREEN,30,Mumbai
CLM0026081,MUM_05672,Vashi,2018-03-22,9,0,0,0,0,0,0,0,0,0,0.0,0.358632,0,0.0,0,420,2,3,0.7408,0.0,GREEN,38,Mumbai
CLM0026082,MUM_06599,Thane,2018-04-06,12,0,0,0,0,0,0,0,0,0,0.0,0.084709,0,0.0,0,128,2,0,0.7792,0.0,GREEN,40,Mumbai
CLM0026083,MUM_00281,Bandra,2025-08-03,9,0,0,0,0,0,0,0,0,0,0.0,0.958197,0,0.0,0,213,1,3,0.5944,0.0289,GREEN,36,Mumbai
CLM0026084,MUM_04530,Powai,2023-04-07,17,0,1,1,1,0,1,0,0,0,0.0,0.150201,0,0.0,0,25,1,0,0.95,0.2886,GREEN,39,Mumbai
CLM0026085,MUM_08261,Borivali,2017-09-28,18,0,0,0,0,0,0,0,0,0,0.0,0.257939,0,0.0,0,374,2,2,0.7418,0.0389,GREEN,32,Mumbai
CLM0026086,MUM_04441,Borivali,2025-08-23,7,0,0,0,0,1,0,0,0,0,0.0,0.000953,0,0.0,0,222,3,1,0.9453,0.15,GREEN,37,Mumbai
CLM0026087,MUM_03502,Bandra,2025-09-29,13,0,0,0,0,0,0,0,0,0,0.0,0.213355,0,0.0,0,231,3,0,0.8043,0.0269,GREEN,37,Mumbai
CLM0026088,MUM_02529,Lower Parel,2022-07-29,7,0,0,0,0,0,0,0,0,0,0.0,0.187446,0,0.0,0,86,4,0,0.465,0.0136,GREEN,28,Mumbai
CLM0026089,MUM_09079,Dadar,2023-11-29,12,0,0,0,0,0,1,0,0,0,0.0,0.38537,0,1.0,0,331,4,4,0.7365,0.1371,GREEN,37,Mumbai
CLM0026090,MUM_09663,Thane,2024-04-19,7,0,0,0,0,0,0,0,0,0,0.0,0.311329,0,0.0,0,67,1,0,0.8598,0.0261,GREEN,53,Mumbai
CLM0026091,MUM_01375,Ghatkopar,2025-03-25,12,0,0,0,0,1,0,0,0,0,0.0,0.173695,0,0.0,0,90,3,4,0.528,0.1012,GREEN,32,Mumbai
CLM0026092,MUM_03439,Powai,2025-10-04,20,0,0,0,0,0,0,0,0,0,0.0,0.199468,0,1.0,0,253,3,0,0.7238,0.0382,GREEN,38,Mumbai
CLM0026093,MUM_01578,Vashi,2025-05-19,19,0,0,0,0,0,0,0,0,0,0.0,0.099716,0,0.0,0,85,0,0,0.8426,0.0,GREEN,49,Mumbai
CLM0026094,MUM_01822,Andheri,2024-12-12,13,0,0,0,0,0,0,0,0,0,0.0,0.232342,0,0.0,0,211,2,2,0.7911,0.0046,GREEN,43,Mumbai
CLM0026095,MUM_04853,Bandra,2024-08-02,21,0,0,0,0,0,0,1,0,0,0.0,0.293868,0,0.0,0,350,2,0,0.2305,0.0852,GREEN,54,Mumbai
CLM0026096,MUM_04599,Ghatkopar,2025-02-03,17,0,0,0,0,0,0,0,0,0,0.0,0.048216,0,0.0,0,142,4,0,0.5192,0.0,GREEN,44,Mumbai
CLM0026097,MUM_04884,Andheri,2025-12-18,9,0,0,0,0,1,0,1,0,0,0.0,0.079985,0,0.0,0,277,1,0,0.2624,0.166,GREEN,37,Mumbai
CLM0026098,MUM_03055,Lower Parel,2025-12-16,13,0,0,0,0,0,0,0,0,0,1.0,1.0,0,0.0,0,134,1,0,0.7357,0.0226,GREEN,58,Mumbai
CLM0026099,MUM_04639,Lower Parel,2022-04-15,12,0,0,0,0,0,0,1,0,0,0.0,0.0,0,0.0,0,420,4,4,0.98,0.0427,GREEN,24,Mumbai
CLM0026100,MUM_02837,Powai,2024-09-30,21,0,0,0,0,0,0,0,0,0,0.0,0.12713,0,0.0,0,220,0,0,0.7832,0.0617,GREEN,34,Mumbai
CLM0026101,MUM_00952,Borivali,2024-10-11,17,0,0,0,0,0,0,0,0,0,0.0,0.12674,0,0.0,0,86,2,3,0.5113,0.085,GREEN,45,Mumbai
CLM0026102,MUM_00978,Chembur,2022-09-22,9,0,0,0,0,0,0,1,0,0,0.0,0.258333,1,0.0,0,71,1,1,0.5331,0.0737,GREEN,29,Mumbai
CLM0026103,MUM_08547,Vashi,2021-05-23,8,0,0,0,0,1,0,0,0,0,0.0,0.232981,0,0.0,0,390,0,3,0.98,0.1942,GREEN,63,Mumbai
CLM0026104,MUM_00106,Lower Parel,2022-12-21,12,0,0,0,0,0,0,0,0,0,0.0,0.324041,0,0.0,1,319,1,6,0.8241,0.1567,GREEN,38,Mumbai
CLM0026105,MUM_04109,Lower Parel,2021-07-06,21,0,0,0,0,0,0,0,1,0,1.0,0.0,0,0.0,0,251,0,3,0.05,0.1388,GREEN,50,Mumbai
CLM0026106,MUM_03449,Powai,2021-11-08,15,0,0,0,0,0,0,0,0,0,0.0,0.46135,0,0.0,0,291,2,5,0.0531,0.0039,GREEN,49,Mumbai
CLM0026107,MUM_06198,Borivali,2023-03-12,20,0,0,0,0,0,0,0,0,0,0.0,0.145069,1,0.0,0,29,1,5,0.98,0.055,GREEN,38,Mumbai
CLM0026108,MUM_08137,Powai,2023-07-18,10,0,0,0,0,0,0,0,0,0,0.0,1.0,0,0.0,0,420,0,2,0.7048,0.0,GREEN,45,Mumbai
CLM0026109,MUM_07198,Thane,2023-11-23,12,0,0,0,0,0,0,0,0,0,0.0,0.267944,0,0.0,0,420,4,1,0.6475,0.004,GREEN,47,Mumbai
CLM0026110,MUM_02676,Powai,2021-01-04,13,0,0,0,0,0,0,0,0,0,0.0,0.106175,0,0.0,0,338,1,4,0.2878,0.0712,GREEN,34,Mumbai
CLM0026111,MUM_03147,Bandra,2025-03-06,14,0,0,0,0,0,0,0,0,0,0.0,0.032837,0,0.0,1,403,4,1,0.6664,0.1296,GREEN,41,Mumbai
CLM0026112,MUM_01128,Bandra,2023-11-25,8,0,0,0,1,0,0,0,1,0,0.0,0.088669,0,0.0,0,320,1,1,0.2179,0.2821,GREEN,25,Mumbai
CLM0026113,MUM_02560,Lower Parel,2025-11-12,13,0,1,1,0,0,1,0,0,0,1.0,0.341843,0,0.0,0,384,0,1,0.5572,0.1726,GREEN,61,Mumbai
CLM0026114,MUM_05137,Vashi,2024-12-07,18,0,1,1,0,0,0,0,0,0,0.0,0.385901,0,0.0,0,186,2,4,0.5884,0.056,GREEN,42,Mumbai
CLM0026115,MUM_03928,Chembur,2024-07-16,17,0,0,0,0,0,0,0,0,0,0.0,0.232692,0,0.0,0,20,0,8,0.7861,0.0,GREEN,48,Mumbai
CLM0026116,MUM_09824,Vashi,2023-03-02,18,0,0,0,0,0,0,0,0,0,0.0,0.385438,0,0.0,0,147,2,6,0.8091,0.0168,GREEN,43,Mumbai
CLM0026117,MUM_01200,Lower Parel,2022-04-03,18,0,0,0,0,0,0,0,0,0,0.0,0.080108,0,0.0,0,52,3,2,0.8614,0.0,GREEN,44,Mumbai
CLM0026118,MUM_00426,Lower Parel,2023-09-23,12,0,0,0,0,0,0,0,0,0,0.0,1.0,0,0.0,0,138,3,0,0.05,0.0769,GREEN,44,Mumbai
CLM0026119,MUM_06575,Vashi,2024-08-01,17,0,0,0,0,0,0,0,0,0,0.0,0.186458,0,0.0,0,420,3,5,0.9397,0.0,GREEN,31,Mumbai
CLM0026120,MUM_06258,Bandra,2022-02-18,11,0,0,0,0,0,0,0,0,0,0.0,0.13045,0,0.0,0,410,2,4,0.3954,0.0,GREEN,37,Mumbai
CLM0026121,MUM_07516,Borivali,2021-03-04,17,0,1,1,0,0,0,0,0,0,0.0,0.0,0,0.0,0,246,0,0,0.7425,0.4978,YELLOW,33,Mumbai
CLM0026122,MUM_01657,Thane,2023-07-01,9,0,1,1,0,0,1,1,0,0,1.0,0.246032,0,1.0,1,5,1,18,0.3589,0.303,GREEN,49,Mumbai
CLM0026123,MUM_09597,Andheri,2025-12-30,19,0,0,0,0,1,0,0,0,1,0.0,0.406957,0,0.0,1,159,4,0,0.98,0.3036,GREEN,30,Mumbai
CLM0026124,MUM_08059,Powai,2023-07-31,7,0,0,0,0,0,0,0,1,0,1.0,0.291198,0,0.0,0,420,3,0,0.6964,0.1008,GREEN,34,Mumbai
CLM0026125,MUM_08651,Borivali,2024-10-25,13,0,0,0,0,0,0,0,1,0,0.0,0.34848,0,0.0,0,187,2,0,0.8769,0.1403,GREEN,36,Mumbai
CLM0026126,MUM_00270,Andheri,2024-05-05,20,0,0,0,1,1,0,1,0,0,1.0,0.381014,0,1.0,1,31,3,18,0.2223,0.0,GREEN,31,Mumbai
CLM0026127,MUM_06115,Andheri,2024-01-16,7,0,0,0,0,0,0,0,0,0,0.0,0.360255,0,1.0,0,133,1,3,0.9467,0.0,GREEN,40,Mumbai
CLM0026128,MUM_09051,Borivali,2025-12-15,13,0,0,0,0,0,0,0,0,0,1.0,0.357348,0,0.0,0,152,1,2,0.8586,0.1367,GREEN,30,Mumbai
CLM0026129,MUM_00011,Vashi,2024-10-15,13,0,0,0,0,0,0,0,0,0,0.0,0.0,0,1.0,0,245,1,5,0.1311,0.0,GREEN,34,Mumbai
CLM0026130,MUM_09768,Thane,2025-11-13,14,0,0,0,0,0,1,0,0,0,0.0,0.404085,0,0.0,0,332,1,5,0.5552,0.0818,GREEN,40,Mumbai
CLM0026131,MUM_02345,Andheri,2025-04-21,18,0,0,0,0,0,0,0,0,0,0.0,0.029424,0,0.0,0,86,4,3,0.05,0.0448,GREEN,41,Mumbai
CLM0026132,MUM_04526,Andheri,2019-12-28,13,0,0,0,0,0,0,0,0,0,1.0,0.333061,0,0.0,1,11,3,3,0.7872,0.0342,GREEN,33,Mumbai
CLM0026133,MUM_07185,Borivali,2020-08-26,21,0,0,0,0,0,0,0,0,0,0.0,0.293598,0,0.0,0,147,1,1,0.8124,0.0681,GREEN,40,Mumbai
CLM0026134,MUM_07543,Ghatkopar,2025-08-15,11,0,0,0,0,0,0,0,0,0,0.0,0.062852,0,0.0,1,58,3,3,0.4538,0.0939,GREEN,56,Mumbai
CLM0026135,MUM_03917,Chembur,2025-08-04,17,0,0,0,0,0,0,0,0,0,0.0,0.04944,0,0.0,0,52,3,7,0.98,0.0,GREEN,61,Mumbai
CLM0026136,MUM_03811,Thane,2025-07-04,19,0,0,0,0,0,0,0,0,0,1.0,0.97554,0,0.0,0,387,2,4,0.3419,0.0609,GREEN,51,Mumbai
CLM0026137,MUM_07757,Bandra,2025-08-10,21,0,0,0,0,0,0,0,0,0,0.0,0.185062,0,0.0,0,145,4,0,0.1127,0.0376,GREEN,37,Mumbai
CLM0026138,MUM_05343,Bandra,2025-12-09,20,0,0,0,0,0,0,0,0,1,0.0,0.342453,0,0.0,0,420,3,2,0.8884,0.0553,GREEN,26,Mumbai
CLM0026139,MUM_06650,Borivali,2024-09-01,9,0,0,0,0,0,0,0,0,0,0.0,0.113572,0,0.0,0,186,0,1,0.8668,0.0,GREEN,27,Mumbai
CLM0026140,MUM_08352,Lower Parel,2022-12-10,13,0,0,0,0,0,0,1,0,0,0.0,0.114241,0,0.0,0,322,2,5,0.8898,0.0493,GREEN,34,Mumbai
CLM0026141,MUM_06116,Ghatkopar,2025-10-24,17,0,0,0,0,0,0,0,0,0,0.0,0.104433,0,0.0,0,263,2,0,0.8203,0.0,GREEN,53,Mumbai
CLM0026142,MUM_08523,Powai,2024-04-05,19,0,0,0,0,0,1,0,0,0,0.0,0.085497,1,0.0,0,187,1,5,0.5442,0.2298,GREEN,42,Mumbai
CLM0026143,MUM_07270,Dadar,2021-08-18,7,0,0,0,0,0,0,0,1,0,0.0,0.065743,0,0.0,1,420,4,2,0.7875,0.11,GREEN,20,Mumbai
CLM0026144,MUM_00908,Dadar,2019-04-13,10,0,0,0,0,0,0,0,0,0,0.0,1.0,0,0.0,0,188,2,3,0.05,0.0,GREEN,39,Mumbai
CLM0026145,MUM_06025,Chembur,2024-11-02,18,0,0,0,0,0,0,0,0,0,0.0,1.0,0,0.0,0,353,1,1,0.7389,0.042,GREEN,45,Mumbai
CLM0026146,MUM_09501,Andheri,2021-06-01,14,0,0,0,0,0,0,0,0,0,0.0,0.353648,0,0.0,0,228,0,1,0.7412,0.0,GREEN,41,Mumbai
CLM0026147,MUM_03122,Bandra,2020-08-25,20,0,0,0,1,0,0,0,0,0,0.0,0.112297,0,0.0,0,419,4,0,0.8782,0.1447,GREEN,31,Mumbai
CLM0026148,MUM_01147,Borivali,2024-06-09,20,0,0,0,1,0,0,0,0,0,0.0,0.292383,1,0.0,0,284,0,3,0.5053,0.0,GREEN,44,Mumbai
CLM0026149,MUM_00387,Chembur,2024-08-12,13,0,0,0,0,0,0,1,0,0,0.0,0.0,0,0.0,0,207,3,0,0.9391,0.1425,GREEN,55,Mumbai
CLM0026150,MUM_00377,Dadar,2025-08-03,21,0,1,1,0,0,0,0,1,0,1.0,0.160356,0,0.0,0,384,2,0,0.7724,0.1386,GREEN,52,Mumbai
CLM0026151,MUM_09958,Chembur,2025-12-22,21,0,0,0,0,0,0,0,0,0,0.0,0.057842,0,0.0,0,300,1,1,0.2161,0.0712,GREEN,45,Mumbai
CLM0026152,MUM_02562,Powai,2024-05-12,17,0,0,0,0,0,0,1,0,0,1.0,0.0,0,0.0,0,332,2,2,0.8556,0.1445,GREEN,43,Mumbai
CLM0026153,MUM_05213,Dadar,2024-08-07,8,0,0,0,1,0,0,0,0,0,0.0,0.244272,0,0.0,0,223,4,4,0.9469,0.2598,GREEN,38,Mumbai
CLM0026154,MUM_09793,Powai,2023-09-25,8,0,0,0,0,0,0,0,0,0,0.0,0.054071,0,0.0,0,87,1,5,0.7181,0.0145,GREEN,46,Mumbai
CLM0026155,MUM_06506,Borivali,2024-05-22,10,0,1,1,0,0,0,0,0,0,1.0,0.27453,0,0.0,0,19,2,1,0.9284,0.0243,GREEN,23,Mumbai
CLM0026156,MUM_09763,Ghatkopar,2025-07-09,12,0,0,0,0,0,0,0,0,0,1.0,1.0,0,1.0,0,126,4,3,0.6826,0.0382,GREEN,54,Mumbai
CLM0026157,MUM_05478,Andheri,2023-08-29,15,0,0,0,0,0,1,0,0,0,0.0,0.254017,0,0.0,0,62,3,4,0.7078,0.0873,GREEN,49,Mumbai
CLM0026158,MUM_04729,Dadar,2024-12-10,11,0,0,0,0,0,1,0,1,0,0.0,0.105035,0,0.0,0,364,1,2,0.1195,0.1527,GREEN,47,Mumbai
CLM0026159,MUM_01874,Andheri,2023-08-06,13,0,0,0,0,0,0,1,0,0,0.0,0.190937,0,0.0,0,420,1,0,0.0644,0.1232,GREEN,18,Mumbai
CLM0026160,MUM_07400,Powai,2025-12-26,9,0,0,0,0,0,0,0,0,0,0.0,0.981613,0,0.0,0,420,0,4,0.1707,0.0,GREEN,51,Mumbai
CLM0026161,MUM_04716,Borivali,2021-12-07,9,0,0,0,0,0,1,0,0,0,0.0,0.08812,1,0.0,0,159,4,1,0.6483,0.1562,GREEN,20,Mumbai
CLM0026162,MUM_03530,Borivali,2023-12-07,10,0,0,0,0,0,0,0,0,0,0.0,0.138973,0,0.0,0,35,2,4,0.7987,0.0267,GREEN,51,Mumbai
CLM0026163,MUM_07165,Dadar,2021-06-18,19,0,0,0,0,0,0,0,0,0,0.0,0.0,1,0.0,0,420,0,0,0.6419,0.0607,GREEN,42,Mumbai
CLM0026164,MUM_01969,Powai,2023-06-24,14,0,0,0,0,0,0,1,0,0,0.0,0.094424,0,0.0,0,58,4,4,0.7265,0.0,GREEN,38,Mumbai
CLM0026165,MUM_05122,Dadar,2023-09-21,16,0,0,0,0,0,0,1,0,0,0.0,0.326208,0,0.0,0,126,4,4,0.9062,0.0929,GREEN,53,Mumbai
CLM0026166,MUM_00134,Ghatkopar,2019-07-22,12,0,0,0,0,0,0,0,0,0,0.0,0.332528,0,0.0,0,198,0,2,0.143,0.0092,GREEN,51,Mumbai
CLM0026167,MUM_06973,Bandra,2023-03-15,18,0,0,0,0,0,0,0,0,0,0.0,0.156049,0,0.0,0,151,1,0,0.1712,0.0478,GREEN,47,Mumbai
CLM0026168,MUM_05241,Thane,2024-08-24,10,0,0,0,0,0,1,0,0,0,0.0,0.002885,0,0.0,0,420,1,4,0.4441,0.1191,GREEN,44,Mumbai
CLM0026169,MUM_04470,Vashi,2020-09-01,20,0,0,0,0,0,0,0,0,0,0.0,0.040269,0,0.0,0,62,2,2,0.7551,0.0,GREEN,49,Mumbai
CLM0026170,MUM_07592,Ghatkopar,2023-04-21,9,0,0,0,0,0,0,0,0,0,1.0,0.421208,0,0.0,0,373,0,3,0.7391,0.0,GREEN,43,Mumbai
CLM0026171,MUM_05463,Borivali,2023-10-30,10,0,0,0,0,1,0,0,0,0,0.0,0.152397,0,0.0,0,39,2,4,0.8254,0.1772,GREEN,31,Mumbai
CLM0026172,MUM_08757,Lower Parel,2025-05-13,18,0,0,0,0,0,0,0,0,0,0.0,0.200488,0,0.0,0,132,2,3,0.5846,0.0,GREEN,58,Mumbai
CLM0026173,MUM_05444,Bandra,2024-03-09,16,0,0,0,0,0,0,0,0,1,0.0,0.167639,0,0.0,0,420,2,4,0.8731,0.0816,GREEN,47,Mumbai
CLM0026174,MUM_06954,Ghatkopar,2025-08-30,16,0,0,0,0,0,0,0,0,0,0.0,0.339252,0,0.0,1,208,0,2,0.2849,0.0,GREEN,38,Mumbai
CLM0026175,MUM_03709,Ghatkopar,2023-11-04,10,0,0,0,0,0,1,0,0,1,0.0,0.141842,0,0.0,0,420,0,2,0.7553,0.2347,GREEN,39,Mumbai
CLM0026176,MUM_01973,Ghatkopar,2023-07-01,11,0,0,0,0,0,0,0,0,0,1.0,0.01572,0,0.0,0,420,0,1,0.8464,0.1355,GREEN,46,Mumbai
CLM0026177,MUM_07388,Lower Parel,2025-09-22,8,0,0,0,0,0,0,0,0,0,0.0,0.244701,0,0.0,0,241,1,1,0.5525,0.089,GREEN,44,Mumbai
CLM0026178,MUM_02836,Bandra,2025-11-03,20,0,0,0,0,0,0,0,0,0,0.0,0.273007,0,0.0,0,420,4,2,0.8071,0.0,GREEN,35,Mumbai
CLM0026179,MUM_01431,Dadar,2025-03-14,15,0,0,0,0,0,1,0,0,0,0.0,0.243415,0,0.0,0,420,3,0,0.6466,0.1261,GREEN,18,Mumbai
CLM0026180,MUM_03201,Vashi,2025-07-03,18,0,0,0,0,0,0,0,0,0,0.0,0.451026,0,0.0,0,84,2,6,0.98,0.0806,GREEN,52,Mumbai
CLM0026181,MUM_01655,Dadar,2025-12-29,16,0,0,0,0,0,0,0,0,0,0.0,0.325894,1,0.0,0,87,1,5,0.6747,0.0083,GREEN,33,Mumbai
CLM0026182,MUM_02013,Dadar,2025-02-24,12,0,0,0,0,0,0,0,0,0,0.0,0.245632,0,0.0,0,420,2,3,0.6759,0.0986,GREEN,42,Mumbai
CLM0026183,MUM_06944,Ghatkopar,2025-05-07,21,0,0,0,0,0,0,0,0,0,0.0,0.304381,0,0.0,1,167,0,1,0.6828,0.0678,GREEN,52,Mumbai
CLM0026184,MUM_01830,Andheri,2025-07-09,11,0,0,0,0,0,0,0,0,0,1.0,0.338758,0,0.0,0,249,1,0,0.98,0.07,GREEN,46,Mumbai
CLM0026185,MUM_03364,Dadar,2025-12-18,19,0,0,0,0,0,0,0,0,0,0.0,0.186474,1,0.0,0,420,3,5,0.9211,0.094,GREEN,63,Mumbai
CLM0026186,MUM_02158,Vashi,2025-03-16,17,0,0,0,0,0,0,0,0,0,1.0,0.240558,0,0.0,0,411,2,0,0.8332,0.0739,GREEN,37,Mumbai
CLM0026187,MUM_05601,Thane,2025-10-23,11,0,0,0,0,0,0,0,0,0,0.0,0.105614,0,0.0,0,75,2,2,0.759,0.0,GREEN,38,Mumbai
CLM0026188,MUM_08267,Borivali,2025-06-07,13,0,0,0,0,0,0,1,0,0,1.0,0.273499,0,0.0,0,83,2,4,0.5632,0.1512,GREEN,29,Mumbai
CLM0026189,MUM_08575,Borivali,2024-08-03,21,0,0,0,0,0,0,0,0,0,0.0,0.138756,1,0.0,0,241,0,2,0.714,0.0827,GREEN,50,Mumbai
CLM0026190,MUM_03222,Borivali,2025-05-07,17,0,0,0,0,0,0,0,0,0,1.0,0.361953,0,0.0,1,68,2,1,0.6628,0.1217,GREEN,48,Mumbai
CLM0026191,MUM_06583,Borivali,2025-12-01,16,0,0,0,0,0,0,0,0,0,0.0,0.386131,0,0.0,0,348,3,1,0.4305,0.0,GREEN,46,Mumbai
CLM0026192,MUM_00799,Vashi,2025-01-05,12,0,0,0,0,0,0,0,0,0,0.0,0.070896,0,0.0,0,354,0,5,0.738,0.0353,GREEN,49,Mumbai
CLM0026193,MUM_01338,Thane,2025-10-06,7,0,0,0,0,0,0,0,1,0,0.0,0.298142,0,0.0,0,5,0,2,0.8106,0.0479,GREEN,46,Mumbai
CLM0026194,MUM_01926,Andheri,2023-12-02,13,0,0,0,0,0,1,1,0,0,0.0,0.197949,0,0.0,0,266,3,2,0.0629,0.1451,GREEN,41,Mumbai
CLM0026195,MUM_03670,Powai,2024-05-16,14,0,0,0,0,0,0,0,0,0,0.0,0.322898,0,0.0,0,46,2,3,0.8765,0.0528,GREEN,49,Mumbai
CLM0026196,MUM_05586,Bandra,2025-01-16,14,0,0,0,0,0,1,0,0,0,0.0,0.181307,0,0.0,0,408,1,0,0.7474,0.0888,GREEN,23,Mumbai
CLM0026197,MUM_09126,Lower Parel,2023-05-15,16,0,0,0,0,0,0,0,0,0,0.0,0.960031,0,0.0,0,420,4,4,0.7871,0.1985,GREEN,41,Mumbai
CLM0026198,MUM_09128,Borivali,2021-10-29,8,0,0,0,0,0,0,0,0,0,0.0,0.09087,0,0.0,1,57,3,2,0.2973,0.1115,GREEN,48,Mumbai
CLM0026199,MUM_06583,Borivali,2025-01-17,15,0,0,0,0,0,0,0,0,0,1.0,0.0,0,0.0,0,420,1,2,0.6271,0.1258,GREEN,46,Mumbai
CLM0026200,MUM_02011,Andheri,2024-12-10,16,0,0,0,0,0,0,0,0,0,0.0,0.077378,0,1.0,1,369,2,5,0.7935,0.0,GREEN,41,Mumbai
CLM0026201,MUM_08994,Dadar,2025-02-10,15,0,0,0,0,0,0,0,0,0,0.0,0.134107,0,0.0,0,234,0,2,0.1552,0.0331,GREEN,37,Mumbai
CLM0026202,MUM_00486,Thane,2024-04-13,14,0,0,0,1,0,0,0,0,0,0.0,0.0,0,0.0,0,420,4,5,0.3044,0.194,GREEN,37,Mumbai
CLM0026203,MUM_05316,Dadar,2025-12-01,9,0,0,0,0,0,0,0,0,0,0.0,0.363242,0,0.0,0,165,0,4,0.7854,0.0841,GREEN,39,Mumbai
CLM0026204,MUM_03746,Lower Parel,2024-10-25,9,0,0,0,0,0,0,0,1,0,0.0,0.166142,0,0.0,0,21,1,0,0.5658,0.0803,GREEN,42,Mumbai
CLM0026205,MUM_02574,Vashi,2020-05-09,9,0,0,0,0,0,0,0,0,0,0.0,0.144687,0,0.0,0,66,4,6,0.8329,0.0,GREEN,30,Mumbai
CLM0026206,MUM_02775,Powai,2018-12-23,11,0,1,1,0,0,0,0,0,0,1.0,0.287577,0,0.0,0,36,3,1,0.4481,0.073,GREEN,26,Mumbai
CLM0026207,MUM_05104,Chembur,2025-05-11,15,0,0,0,0,0,0,0,1,0,0.0,0.111368,0,0.0,0,420,3,0,0.6676,0.0667,GREEN,35,Mumbai
CLM0026208,MUM_00322,Thane,2018-03-08,17,0,0,0,0,0,0,0,0,1,0.0,0.169056,0,0.0,0,153,3,4,0.7169,0.1205,GREEN,52,Mumbai
CLM0026209,MUM_08573,Vashi,2019-05-13,8,0,0,0,0,0,0,0,0,0,0.0,0.192316,0,0.0,0,420,2,0,0.7631,0.0,GREEN,63,Mumbai
CLM0026210,MUM_04286,Dadar,2025-02-14,17,0,0,0,0,0,0,1,0,0,0.0,0.200228,0,0.0,0,38,2,1,0.6122,0.0788,GREEN,58,Mumbai
CLM0026211,MUM_06062,Andheri,2025-10-13,19,0,0,0,0,0,0,0,0,0,1.0,0.241135,1,0.0,0,71,1,4,0.7189,0.1325,GREEN,44,Mumbai
CLM0026212,MUM_06659,Dadar,2025-11-01,17,0,0,0,0,0,0,0,0,0,1.0,0.161275,0,0.0,0,262,2,3,0.5731,0.0956,GREEN,46,Mumbai
CLM0026213,MUM_07358,Ghatkopar,2024-09-22,16,0,0,0,0,0,1,0,1,0,0.0,0.994567,0,0.0,0,204,0,2,0.7078,0.172,GREEN,42,Mumbai
CLM0026214,MUM_03938,Bandra,2025-07-31,20,0,0,0,0,0,0,0,0,0,0.0,0.280828,0,0.0,0,295,4,0,0.6796,0.0,GREEN,50,Mumbai
CLM0026215,MUM_08154,Ghatkopar,2025-06-15,21,0,0,0,0,0,0,0,0,0,0.0,0.933922,0,0.0,0,290,0,3,0.9071,0.0,GREEN,43,Mumbai
CLM0026216,MUM_01008,Bandra,2021-04-05,10,0,0,0,0,0,1,0,0,0,0.0,1.0,0,0.0,0,173,2,3,0.4291,0.1005,GREEN,29,Mumbai
CLM0026217,MUM_03346,Powai,2020-01-21,17,0,0,0,0,0,1,0,0,0,0.0,0.144126,0,0.0,0,208,3,2,0.7834,0.1838,GREEN,46,Mumbai
CLM0026218,MUM_01500,Dadar,2025-07-16,16,0,0,0,0,0,0,0,0,0,0.0,0.0,0,0.0,1,129,4,8,0.5654,0.0592,GREEN,53,Mumbai
CLM0026219,MUM_00977,Bandra,2022-04-27,16,0,0,0,0,0,0,0,0,0,0.0,0.148857,0,0.0,0,386,2,3,0.8931,0.0631,GREEN,45,Mumbai
CLM0026220,MUM_00135,Thane,2021-08-22,20,0,0,0,0,0,1,0,0,0,0.0,0.160936,0,0.0,0,395,0,0,0.7647,0.059,GREEN,47,Mumbai
CLM0026221,MUM_09797,Powai,2021-11-25,20,0,0,0,0,0,0,0,0,0,1.0,0.0,0,0.0,0,373,3,1,0.5973,0.0498,GREEN,42,Mumbai
CLM0026222,MUM_01407,Powai,2020-02-16,14,0,0,0,1,1,0,1,1,1,1.0,0.353297,0,1.0,0,5,1,18,0.1279,0.0188,GREEN,37,Mumbai
CLM0026223,MUM_08525,Ghatkopar,2020-10-25,19,0,0,0,0,0,0,0,0,0,0.0,0.35729,0,0.0,0,15,3,1,0.8312,0.0,GREEN,34,Mumbai
CLM0026224,MUM_09794,Bandra,2019-10-06,21,0,0,0,0,0,0,0,0,0,0.0,0.285046,0,0.0,0,52,3,6,0.7291,0.0841,GREEN,18,Mumbai
CLM0026225,MUM_06943,Borivali,2024-06-09,9,0,0,0,0,0,0,0,0,0,0.0,0.144042,0,0.0,1,258,3,0,0.7632,0.0147,GREEN,49,Mumbai
CLM0026226,MUM_04815,Lower Parel,2022-08-24,7,0,1,1,0,0,1,0,0,0,0.0,0.10703,0,0.0,0,420,2,3,0.546,0.1662,GREEN,53,Mumbai
CLM0026227,MUM_06894,Ghatkopar,2025-05-18,21,0,0,0,0,0,0,0,0,1,0.0,0.273069,0,0.0,0,137,0,5,0.773,0.1843,GREEN,48,Mumbai
CLM0026228,MUM_02915,Dadar,2025-08-05,9,0,0,0,0,1,0,0,0,0,0.0,0.315088,0,0.0,0,129,4,3,0.6339,0.1092,GREEN,41,Mumbai
CLM0026229,MUM_03853,Thane,2023-10-23,11,0,0,0,0,0,0,0,0,0,0.0,0.371604,0,0.0,0,268,0,0,0.4242,0.0,GREEN,43,Mumbai
CLM0026230,MUM_02361,Chembur,2022-10-27,10,0,0,0,0,0,0,0,0,0,0.0,0.164837,0,0.0,1,5,2,2,0.5891,0.0078,GREEN,60,Mumbai
CLM0026231,MUM_01204,Dadar,2024-07-18,10,0,1,1,0,0,0,0,0,0,0.0,0.130945,0,0.0,0,420,2,4,0.8339,0.0108,GREEN,36,Mumbai
CLM0026232,MUM_07796,Vashi,2025-06-25,10,0,0,0,0,1,1,0,0,0,0.0,0.236362,0,0.0,0,228,1,1,0.2441,0.332,YELLOW,36,Mumbai
CLM0026233,MUM_06580,Chembur,2023-01-25,11,0,0,0,0,0,0,0,0,0,1.0,0.944903,0,1.0,0,271,2,3,0.6413,0.0305,GREEN,50,Mumbai
CLM0026234,MUM_09416,Lower Parel,2025-02-06,19,0,0,0,0,0,0,0,0,0,0.0,0.212911,0,0.0,0,210,4,5,0.1616,0.0,GREEN,30,Mumbai
CLM0026235,MUM_02642,Chembur,2023-08-11,21,0,0,0,0,0,0,0,0,0,1.0,0.235692,0,1.0,0,420,4,4,0.7537,0.0992,GREEN,35,Mumbai
CLM0026236,MUM_09160,Andheri,2024-02-27,7,0,0,0,0,0,0,0,0,0,0.0,0.278145,0,0.0,0,283,2,2,0.6231,0.0021,GREEN,42,Mumbai
CLM0026237,MUM_00402,Lower Parel,2021-07-22,20,0,0,0,0,0,0,0,0,0,0.0,0.362001,0,0.0,0,398,2,0,0.8552,0.0804,GREEN,45,Mumbai
CLM0026238,MUM_00838,Chembur,2024-05-16,15,0,0,0,0,0,0,0,0,0,0.0,0.181187,0,0.0,0,391,1,5,0.6023,0.059,GREEN,44,Mumbai
CLM0026239,MUM_05208,Vashi,2024-12-31,7,0,1,1,1,0,0,0,0,0,0.0,0.310748,0,0.0,0,102,0,4,0.5326,0.1913,GREEN,39,Mumbai
CLM0026240,MUM_03540,Andheri,2025-06-14,11,0,0,0,0,0,0,0,0,0,0.0,0.407538,0,0.0,0,212,0,1,0.7231,0.0,GREEN,44,Mumbai
CLM0026241,MUM_08026,Dadar,2022-12-15,15,0,0,0,0,0,0,0,1,0,0.0,0.316736,0,0.0,0,420,0,0,0.7625,0.0,GREEN,29,Mumbai
CLM0026242,MUM_06481,Chembur,2023-03-12,19,0,0,0,0,0,0,0,0,0,0.0,0.442894,0,0.0,0,420,1,1,0.7942,0.0499,GREEN,47,Mumbai
CLM0026243,MUM_00500,Chembur,2025-01-19,18,0,0,0,1,0,0,0,0,0,0.0,0.078642,0,0.0,0,388,0,4,0.7112,0.0087,GREEN,41,Mumbai
CLM0026244,MUM_05303,Borivali,2024-09-10,15,0,0,0,0,0,0,0,0,0,1.0,0.312707,0,0.0,0,239,3,3,0.05,0.0,GREEN,46,Mumbai
CLM0026245,MUM_09037,Ghatkopar,2023-12-28,12,0,0,0,0,0,0,0,1,0,0.0,0.245066,0,0.0,0,143,3,1,0.7161,0.0,GREEN,24,Mumbai
CLM0026246,MUM_02410,Chembur,2022-12-27,12,0,0,0,0,0,0,0,0,1,0.0,0.369558,0,0.0,0,332,4,3,0.8401,0.1588,GREEN,33,Mumbai
CLM0026247,MUM_09681,Bandra,2024-06-13,12,0,0,0,0,0,0,0,1,0,0.0,0.243999,0,0.0,0,280,4,5,0.716,0.0805,GREEN,41,Mumbai
CLM0026248,MUM_01740,Ghatkopar,2025-01-13,12,0,0,0,0,0,0,0,0,0,0.0,0.370837,0,0.0,0,50,1,2,0.737,0.0,GREEN,52,Mumbai
CLM0026249,MUM_09199,Thane,2022-07-09,7,0,0,0,0,0,0,0,0,0,0.0,0.154782,0,0.0,0,203,1,4,0.8648,0.0781,GREEN,30,Mumbai
CLM0026250,MUM_06227,Borivali,2025-04-10,9,0,0,0,0,0,0,0,0,0,0.0,0.379527,1,0.0,0,406,0,2,0.7456,0.1099,GREEN,35,Mumbai
CLM0026251,MUM_07520,Dadar,2024-08-11,19,0,0,0,0,0,0,0,0,0,0.0,0.436509,0,0.0,0,99,4,1,0.7383,0.0301,GREEN,66,Mumbai
CLM0026252,MUM_07458,Powai,2023-08-14,21,0,0,0,0,0,0,0,0,0,0.0,0.148938,0,0.0,0,385,2,2,0.6009,0.098,GREEN,33,Mumbai
CLM0026253,MUM_04207,Ghatkopar,2024-09-30,20,0,0,0,0,0,0,0,1,0,0.0,0.061112,0,0.0,0,420,3,1,0.05,0.096,GREEN,57,Mumbai
CLM0026254,MUM_08823,Vashi,2023-08-30,14,0,0,0,0,0,0,0,0,0,1.0,0.27816,1,0.0,0,386,0,2,0.4278,0.0707,GREEN,53,Mumbai
CLM0026255,MUM_07208,Bandra,2023-08-19,10,0,1,1,0,0,0,0,0,0,0.0,0.32798,0,0.0,0,170,3,1,0.9748,0.1124,GREEN,39,Mumbai
CLM0026256,MUM_09185,Vashi,2024-06-19,7,0,0,0,0,0,1,0,0,0,0.0,0.950587,0,0.0,0,208,1,2,0.05,0.0846,GREEN,38,Mumbai
CLM0026257,MUM_00722,Chembur,2025-12-13,20,0,0,0,0,0,0,0,0,0,1.0,0.314241,0,0.0,0,129,2,1,0.9549,0.1364,GREEN,43,Mumbai
CLM0026258,MUM_06468,Lower Parel,2021-10-14,14,0,1,1,0,0,0,0,0,0,0.0,1.0,0,0.0,0,177,0,4,0.2189,0.0,GREEN,40,Mumbai
CLM0026259,MUM_08751,Thane,2021-10-27,14,0,0,0,0,0,0,0,0,0,0.0,0.286156,0,0.0,0,321,4,1,0.7366,0.0244,GREEN,41,Mumbai
CLM0026260,MUM_00199,Ghatkopar,2023-03-06,11,0,0,0,0,0,0,0,0,0,0.0,0.164414,0,0.0,0,420,4,3,0.681,0.0448,GREEN,48,Mumbai
CLM0026261,MUM_05353,Borivali,2025-05-10,16,0,0,0,0,1,0,0,0,0,0.0,0.172244,0,0.0,0,420,1,0,0.9065,0.1825,GREEN,39,Mumbai
CLM0026262,MUM_07148,Bandra,2023-10-09,13,0,0,0,0,0,0,0,0,0,0.0,1.0,0,0.0,0,264,4,4,0.54,0.0,GREEN,30,Mumbai
CLM0026263,MUM_09761,Lower Parel,2025-10-10,20,0,0,0,0,0,0,1,0,0,0.0,1.0,0,0.0,0,210,0,0,0.1442,0.0565,GREEN,34,Mumbai
CLM0026264,MUM_07549,Dadar,2024-09-16,9,0,0,0,0,0,0,0,0,0,0.0,0.144157,0,0.0,0,204,2,3,0.8527,0.0323,GREEN,64,Mumbai
CLM0026265,MUM_09547,Powai,2024-07-16,20,0,0,0,0,0,0,0,0,0,1.0,0.467789,0,0.0,0,249,4,1,0.98,0.0912,GREEN,42,Mumbai
CLM0026266,MUM_04314,Lower Parel,2024-07-14,13,0,0,0,0,0,0,0,1,0,0.0,0.229874,0,0.0,0,23,2,4,0.9776,0.0708,GREEN,45,Mumbai
CLM0026267,MUM_09182,Bandra,2023-03-01,13,0,0,0,0,0,0,0,0,0,0.0,0.00395,0,1.0,0,239,2,1,0.98,0.1131,GREEN,22,Mumbai
CLM0026268,MUM_03249,Borivali,2023-06-29,17,0,0,0,0,0,0,0,0,0,1.0,0.347216,0,0.0,0,412,1,4,0.6999,0.0362,GREEN,35,Mumbai
CLM0026269,MUM_03545,Borivali,2025-10-07,21,0,0,0,1,0,0,0,1,0,0.0,0.93994,0,1.0,0,157,0,0,0.4901,0.2495,GREEN,34,Mumbai
CLM0026270,MUM_09847,Borivali,2024-01-05,21,0,0,0,0,0,0,0,0,0,0.0,0.134337,0,0.0,0,208,0,0,0.5956,0.0025,GREEN,63,Mumbai
CLM0026271,MUM_02925,Borivali,2025-04-10,16,0,0,0,0,0,1,0,0,0,0.0,0.33601,0,0.0,0,420,4,4,0.6008,0.0748,GREEN,49,Mumbai
CLM0026272,MUM_08853,Bandra,2019-11-03,15,0,0,0,1,0,0,0,0,0,0.0,0.252547,0,0.0,0,362,3,3,0.98,0.102,GREEN,45,Mumbai
CLM0026273,MUM_09948,Powai,2024-03-19,17,0,0,0,0,0,0,0,0,1,0.0,0.015982,0,0.0,0,223,1,4,0.7141,0.1119,GREEN,52,Mumbai
CLM0026274,MUM_06321,Thane,2021-06-06,7,0,0,0,1,0,1,0,0,0,0.0,0.215623,0,0.0,0,420,1,6,0.5261,0.2731,GREEN,55,Mumbai
CLM0026275,MUM_09321,Borivali,2017-08-29,14,0,0,0,1,0,0,0,0,0,0.0,1.0,0,0.0,0,339,2,5,0.98,0.2092,GREEN,37,Mumbai
CLM0026276,MUM_03340,Ghatkopar,2025-12-28,18,0,0,0,0,0,1,0,0,0,0.0,0.166338,0,0.0,0,334,4,1,0.7123,0.0892,GREEN,56,Mumbai
CLM0026277,MUM_00997,Ghatkopar,2025-04-01,20,0,0,0,1,0,0,0,0,0,0.0,0.204489,0,0.0,0,25,4,3,0.8047,0.2475,GREEN,37,Mumbai
CLM0026278,MUM_00803,Powai,2022-06-26,14,0,0,0,1,1,0,1,0,1,1.0,0.991173,0,1.0,0,5,1,18,0.4357,0.0358,GREEN,58,Mumbai
CLM0026279,MUM_07408,Powai,2019-01-28,12,0,0,0,0,0,0,0,1,0,0.0,0.229358,0,0.0,0,413,1,0,0.98,0.0735,GREEN,30,Mumbai
CLM0026280,MUM_04108,Thane,2024-10-04,13,0,0,0,0,0,0,0,0,0,0.0,0.200497,0,0.0,0,420,0,5,0.7768,0.0129,GREEN,49,Mumbai
CLM0026281,MUM_06718,Ghatkopar,2019-06-24,10,0,0,0,0,0,0,0,0,0,1.0,0.401651,0,0.0,0,194,4,0,0.6101,0.0584,GREEN,52,Mumbai
CLM0026282,MUM_07647,Dadar,2023-03-28,10,0,0,0,0,0,0,1,0,0,0.0,0.086225,0,0.0,0,45,2,4,0.5416,0.0466,GREEN,41,Mumbai
CLM0026283,MUM_04618,Ghatkopar,2023-07-04,20,0,0,0,0,0,0,0,1,1,1.0,0.435329,0,1.0,0,420,2,3,0.8469,0.2319,GREEN,57,Mumbai
CLM0026284,MUM_09231,Ghatkopar,2021-10-26,16,0,0,0,0,0,0,0,0,0,0.0,0.357244,0,0.0,0,34,0,1,0.7848,0.0,GREEN,45,Mumbai
CLM0026285,MUM_03606,Bandra,2022-04-27,7,0,0,0,0,0,0,0,0,0,0.0,0.171848,0,0.0,0,333,1,3,0.6469,0.0838,GREEN,30,Mumbai
CLM0026286,MUM_00164,Dadar,2018-11-01,15,0,1,1,0,0,0,0,1,0,1.0,0.056267,0,0.0,0,288,2,0,0.688,0.256,GREEN,52,Mumbai
CLM0026287,MUM_04041,Powai,2020-11-22,20,0,0,0,0,0,0,0,0,0,0.0,0.29006,0,0.0,0,28,2,2,0.1553,0.0234,GREEN,28,Mumbai
CLM0026288,MUM_01870,Chembur,2025-02-04,20,0,0,0,0,1,0,0,0,0,0.0,0.362069,0,0.0,0,392,1,2,0.1068,0.257,GREEN,32,Mumbai
CLM0026289,MUM_01607,Borivali,2023-08-07,20,0,0,0,0,0,0,0,0,0,0.0,0.034151,0,0.0,0,59,4,1,0.6385,0.0117,GREEN,22,Mumbai
CLM0026290,MUM_03316,Ghatkopar,2024-12-08,17,0,0,0,0,0,1,0,0,0,0.0,0.081488,0,0.0,0,344,1,2,0.7094,0.0321,GREEN,28,Mumbai
CLM0026291,MUM_05231,Powai,2024-05-16,13,0,0,0,0,1,0,0,0,0,0.0,0.231721,0,0.0,0,404,1,0,0.7923,0.0944,GREEN,45,Mumbai
CLM0026292,MUM_00458,Powai,2021-06-13,17,0,0,0,0,0,0,0,0,0,0.0,0.307139,0,0.0,0,301,3,4,0.98,0.0,GREEN,45,Mumbai
CLM0026293,MUM_01098,Andheri,2020-07-15,20,0,0,0,1,0,1,1,0,0,0.0,0.0,1,0.0,0,170,0,5,0.2407,0.4776,YELLOW,36,Mumbai
CLM0026294,MUM_05007,Powai,2025-05-31,15,0,0,0,0,0,1,0,0,0,0.0,0.196339,1,0.0,0,336,0,3,0.1373,0.2372,GREEN,38,Mumbai
CLM0026295,MUM_05555,Bandra,2022-07-07,7,0,0,0,0,0,1,0,0,0,0.0,0.204478,0,0.0,0,113,4,1,0.98,0.1081,GREEN,51,Mumbai
CLM0026296,MUM_02232,Borivali,2025-01-26,16,0,0,0,0,0,0,0,0,0,0.0,0.398838,0,0.0,0,156,4,1,0.2803,0.0052,GREEN,47,Mumbai
CLM0026297,MUM_00322,Thane,2024-09-30,9,0,0,0,1,0,0,0,1,0,1.0,1.0,0,1.0,1,26,0,5,0.9475,0.4196,YELLOW,52,Mumbai
CLM0026298,MUM_03556,Lower Parel,2023-02-03,7,0,0,0,0,0,0,0,0,0,0.0,0.248427,1,0.0,0,252,0,3,0.549,0.0905,GREEN,39,Mumbai
CLM0026299,MUM_00310,Lower Parel,2024-10-27,8,0,1,1,0,1,1,1,1,0,1.0,0.911874,1,1.0,1,6,0,14,0.1962,0.6709,RED,36,Mumbai
CLM0026300,MUM_04140,Dadar,2023-07-25,12,0,1,1,0,0,1,1,0,0,0.0,0.158574,1,0.0,1,5,2,18,0.98,0.4769,YELLOW,57,Mumbai
CLM0026301,MUM_01376,Borivali,2024-10-28,20,0,1,1,1,1,0,1,1,1,1.0,0.974927,0,1.0,1,5,2,18,0.3212,0.8049,RED,45,Mumbai
CLM0026302,MUM_04101,Lower Parel,2023-09-30,21,0,1,1,1,0,1,1,1,1,0.0,0.037429,1,0.0,0,5,0,14,0.9316,0.6972,RED,53,Mumbai
CLM0026303,MUM_04723,Ghatkopar,2025-11-29,17,0,1,1,0,0,1,1,1,1,0.0,0.125814,1,0.0,0,5,0,9,0.7415,0.5048,YELLOW,37,Mumbai
CLM0026304,MUM_08847,Bandra,2023-11-13,7,0,1,1,1,1,1,0,1,1,1.0,0.884671,0,0.0,1,5,1,18,0.1241,0.7303,RED,42,Mumbai
CLM0026305,MUM_08488,Thane,2024-08-12,21,0,1,1,1,1,0,1,1,0,0.0,1.0,1,0.0,1,5,0,18,0.0701,0.5594,YELLOW,51,Mumbai
CLM0026306,MUM_01622,Ghatkopar,2024-01-25,13,0,1,1,1,1,1,1,1,0,1.0,1.0,0,0.0,1,5,2,17,0.05,0.6927,RED,27,Mumbai
CLM0026307,MUM_05032,Ghatkopar,2024-06-25,9,0,1,1,0,1,1,0,0,1,1.0,0.637308,0,1.0,0,5,0,18,0.9097,0.4459,YELLOW,31,Mumbai
CLM0026308,MUM_03684,Chembur,2024-11-01,20,0,1,1,0,1,0,1,1,1,1.0,0.94844,0,0.0,1,5,1,18,0.3464,0.5456,YELLOW,57,Mumbai
CLM0026309,MUM_02134,Bandra,2024-03-01,18,0,1,1,1,1,0,1,1,1,0.0,0.983009,0,0.0,0,30,2,18,0.98,0.6128,RED,49,Mumbai
CLM0026310,MUM_07693,Dadar,2023-10-13,17,0,0,0,0,0,0,0,0,0,0.0,0.395034,0,0.0,0,208,3,3,0.8512,0.0,GREEN,41,Mumbai
CLM0026311,MUM_06812,Thane,2020-08-02,7,0,0,0,0,0,0,0,0,0,1.0,0.223337,1,0.0,0,158,3,4,0.8261,0.1452,GREEN,37,Mumbai
CLM0026312,MUM_05106,Powai,2022-10-19,21,0,0,0,0,0,0,0,0,0,0.0,0.420508,0,0.0,0,284,4,0,0.7658,0.0102,GREEN,45,Mumbai
CLM0026313,MUM_02364,Dadar,2021-11-18,16,0,0,0,0,0,0,1,1,0,0.0,0.139545,0,0.0,0,420,0,1,0.713,0.1642,GREEN,51,Mumbai
CLM0026314,MUM_04368,Andheri,2025-09-03,7,0,0,0,0,0,0,0,0,0,0.0,0.0,0,0.0,0,122,4,0,0.8379,0.0017,GREEN,36,Mumbai
CLM0026315,MUM_01391,Lower Parel,2020-05-19,8,0,0,0,0,0,0,0,0,0,0.0,0.08332,0,0.0,0,21,3,4,0.492,0.0,GREEN,29,Mumbai
CLM0026316,MUM_03190,Dadar,2023-06-18,20,0,0,0,0,0,0,0,0,0,0.0,0.164278,0,0.0,0,420,3,2,0.8589,0.0486,GREEN,18,Mumbai
CLM0026317,MUM_09641,Chembur,2020-03-23,18,0,0,0,0,0,0,0,1,1,0.0,0.344429,0,0.0,0,420,0,2,0.826,0.2172,GREEN,51,Mumbai
CLM0026318,MUM_04294,Dadar,2022-12-23,7,0,0,0,0,0,0,0,1,0,0.0,0.158874,0,0.0,0,420,0,1,0.5024,0.1158,GREEN,32,Mumbai
CLM0026319,MUM_04897,Ghatkopar,2015-08-17,19,0,0,0,0,0,0,0,1,0,1.0,0.166547,0,0.0,0,328,0,0,0.7013,0.1604,GREEN,38,Mumbai
CLM0026320,MUM_02058,Ghatkopar,2025-01-31,12,0,0,0,0,0,1,1,0,0,1.0,0.401141,0,0.0,0,86,0,4,0.98,0.1738,GREEN,43,Mumbai
CLM0026321,MUM_04489,Borivali,2023-12-23,11,0,0,0,0,0,0,0,0,0,1.0,0.954893,0,1.0,0,115,3,5,0.9781,0.0194,GREEN,45,Mumbai
CLM0026322,MUM_01781,Andheri,2015-02-23,14,0,0,0,0,0,0,1,0,0,0.0,0.145717,1,0.0,0,190,2,2,0.7169,0.2152,GREEN,31,Mumbai
CLM0026323,MUM_08851,Powai,2015-02-13,19,0,0,0,0,0,0,0,0,0,0.0,0.149244,0,0.0,0,420,3,1,0.7116,0.0606,GREEN,66,Mumbai
CLM0026324,MUM_02264,Lower Parel,2022-04-13,7,0,1,1,1,0,0,0,0,0,0.0,1.0,0,0.0,0,75,3,1,0.748,0.074,GREEN,43,Mumbai
CLM0026325,MUM_07947,Ghatkopar,2023-07-27,16,0,0,0,0,0,1,0,0,0,0.0,0.310396,0,0.0,0,174,0,3,0.1894,0.1257,GREEN,54,Mumbai
CLM0026326,MUM_05942,Bandra,2025-10-28,11,0,0,0,0,0,0,0,1,0,0.0,0.247087,0,0.0,0,420,3,1,0.5579,0.0837,GREEN,41,Mumbai
CLM0026327,MUM_00133,Powai,2021-08-23,12,0,0,0,0,0,0,0,0,0,0.0,0.227232,0,0.0,0,164,4,2,0.7569,0.0319,GREEN,18,Mumbai
CLM0026328,MUM_00959,Dadar,2020-03-23,16,0,0,0,0,0,0,0,0,0,0.0,0.193319,0,0.0,0,420,4,2,0.2558,0.0,GREEN,36,Mumbai
CLM0026329,MUM_03968,Vashi,2024-01-30,21,0,0,0,0,0,0,0,0,0,0.0,1.0,0,0.0,0,37,1,2,0.4733,0.0187,GREEN,39,Mumbai
CLM0026330,MUM_05044,Powai,2022-01-24,11,0,0,0,0,0,0,0,1,0,0.0,0.339773,0,0.0,0,252,1,6,0.6102,0.0119,GREEN,53,Mumbai
CLM0026331,MUM_01731,Vashi,2025-02-02,12,0,0,0,0,0,0,0,0,0,0.0,0.0,0,0.0,0,237,2,0,0.1559,0.0,GREEN,41,Mumbai
CLM0026332,MUM_09381,Vashi,2025-01-29,18,0,0,0,0,0,0,0,0,0,0.0,0.202399,0,1.0,0,243,2,2,0.5213,0.0,GREEN,18,Mumbai
CLM0026333,MUM_01007,Bandra,2017-12-18,16,0,0,0,0,0,0,0,0,0,0.0,0.911313,0,0.0,0,334,2,5,0.5739,0.0,GREEN,50,Mumbai
CLM0026334,MUM_02709,Chembur,2016-09-05,10,0,0,0,1,0,1,1,0,0,1.0,0.442844,1,0.0,1,5,0,18,0.98,0.2216,GREEN,54,Mumbai
CLM0026335,MUM_01880,Ghatkopar,2022-03-10,16,0,0,0,0,1,0,0,0,0,0.0,0.219103,0,1.0,0,141,4,2,0.9401,0.2171,GREEN,63,Mumbai
CLM0026336,MUM_04150,Thane,2021-05-05,11,0,0,0,1,0,0,0,0,0,0.0,0.304011,0,0.0,0,89,1,5,0.5457,0.1362,GREEN,43,Mumbai
CLM0026337,MUM_01874,Andheri,2024-06-15,11,0,0,0,0,0,1,0,0,0,0.0,1.0,0,0.0,0,43,0,3,0.9546,0.0,GREEN,18,Mumbai
CLM0026338,MUM_09087,Lower Parel,2023-06-24,16,0,0,0,0,0,0,0,0,0,0.0,0.292992,0,0.0,0,323,4,3,0.8725,0.0,GREEN,35,Mumbai
CLM0026339,MUM_09877,Bandra,2023-07-22,12,0,0,0,0,0,0,0,0,0,0.0,0.261311,0,0.0,0,321,3,0,0.7148,0.0,GREEN,39,Mumbai
CLM0026340,MUM_08592,Lower Parel,2025-01-23,10,0,0,0,0,0,0,0,0,0,0.0,0.31464,0,0.0,0,228,0,6,0.7458,0.0614,GREEN,45,Mumbai
CLM0026341,MUM_00127,Bandra,2023-09-30,8,0,1,1,0,1,0,0,0,0,0.0,0.190225,0,0.0,0,177,3,3,0.98,0.1249,GREEN,62,Mumbai
CLM0026342,MUM_03835,Lower Parel,2025-04-25,14,0,0,0,1,1,0,0,0,0,0.0,0.175007,0,0.0,0,241,4,3,0.6157,0.2712,GREEN,29,Mumbai
CLM0026343,MUM_05988,Thane,2024-11-21,7,0,0,0,1,0,0,0,0,1,0.0,0.3621,0,0.0,0,183,2,3,0.5101,0.3529,YELLOW,41,Mumbai
CLM0026344,MUM_04592,Chembur,2023-01-20,11,0,0,0,0,0,0,0,0,0,0.0,0.084907,0,0.0,0,420,4,0,0.4569,0.1332,GREEN,48,Mumbai
CLM0026345,MUM_04953,Andheri,2017-07-03,20,0,0,0,0,0,0,0,0,0,0.0,0.054856,0,0.0,0,395,1,3,0.0637,0.0814,GREEN,41,Mumbai
CLM0026346,MUM_08407,Thane,2024-08-09,15,0,0,0,0,0,0,0,0,0,0.0,0.0,0,0.0,0,229,4,0,0.5928,0.0,GREEN,48,Mumbai
CLM0026347,MUM_00318,Thane,2018-11-24,14,0,0,0,0,0,0,0,0,0,0.0,0.335151,0,0.0,0,420,2,4,0.98,0.0,GREEN,43,Mumbai
CLM0026348,MUM_06348,Dadar,2016-04-07,20,0,0,0,0,0,0,0,0,0,0.0,0.979522,0,0.0,0,420,1,3,0.6442,0.0,GREEN,39,Mumbai
CLM0026349,MUM_07446,Powai,2017-07-11,11,0,0,0,0,0,0,0,1,0,0.0,0.041892,1,0.0,0,149,3,0,0.98,0.2129,GREEN,54,Mumbai
CLM0026350,MUM_01469,Thane,2018-08-15,11,0,0,0,0,1,0,0,0,0,0.0,0.044258,0,0.0,0,210,1,2,0.7013,0.0794,GREEN,60,Mumbai
CLM0026351,MUM_08884,Powai,2025-01-23,9,0,0,0,0,0,0,0,0,0,0.0,0.0,0,0.0,0,260,3,5,0.1325,0.0556,GREEN,50,Mumbai
CLM0026352,MUM_04700,Andheri,2017-06-19,7,0,0,0,0,0,0,0,0,1,0.0,0.283107,0,0.0,0,198,1,4,0.7824,0.0,GREEN,43,Mumbai
CLM0026353,MUM_07150,Vashi,2020-06-06,11,0,0,0,0,0,0,0,0,0,0.0,0.0,0,0.0,0,420,4,4,0.1434,0.0,GREEN,34,Mumbai
CLM0026354,MUM_03786,Vashi,2025-01-25,7,0,0,0,0,0,0,0,0,0,0.0,0.273694,0,0.0,0,332,2,5,0.98,0.114,GREEN,44,Mumbai
CLM0026355,MUM_05655,Ghatkopar,2022-12-26,7,0,1,1,0,0,0,0,0,0,0.0,1.0,0,0.0,0,413,4,5,0.9476,0.0284,GREEN,36,Mumbai
CLM0026356,MUM_01003,Powai,2023-12-16,13,0,1,1,0,0,0,1,0,0,0.0,0.248018,0,0.0,0,23,0,4,0.3713,0.0765,GREEN,18,Mumbai
CLM0026357,MUM_04146,Bandra,2024-08-19,9,0,0,0,0,0,0,1,0,0,0.0,0.35391,0,0.0,0,420,3,6,0.8094,0.0002,GREEN,52,Mumbai
CLM0026358,MUM_00682,Vashi,2022-07-19,13,0,0,0,0,0,0,0,0,0,1.0,0.421554,0,0.0,0,325,1,4,0.9102,0.1656,GREEN,58,Mumbai
CLM0026359,MUM_01171,Vashi,2021-03-14,10,0,0,0,0,0,0,0,0,0,0.0,0.331416,0,0.0,0,420,0,0,0.9204,0.0,GREEN,49,Mumbai
CLM0026360,MUM_03448,Dadar,2023-07-17,15,0,0,0,0,0,0,0,0,0,0.0,0.20431,0,0.0,0,420,3,3,0.6367,0.0626,GREEN,54,Mumbai
CLM0026361,MUM_00663,Ghatkopar,2024-07-22,20,0,1,1,0,0,0,0,0,0,0.0,0.247673,0,0.0,0,376,4,1,0.773,0.0449,GREEN,42,Mumbai
CLM0026362,MUM_04607,Dadar,2024-03-18,11,0,0,0,0,0,0,0,0,0,0.0,0.33872,0,0.0,0,269,1,4,0.6682,0.0731,GREEN,56,Mumbai
CLM0026363,MUM_03468,Andheri,2023-03-23,8,0,0,0,0,0,0,0,0,0,0.0,0.113336,0,0.0,0,122,1,7,0.5736,0.0079,GREEN,19,Mumbai
CLM0026364,MUM_03995,Lower Parel,2024-05-24,19,0,0,0,0,0,0,0,1,0,0.0,1.0,0,0.0,1,129,3,0,0.1782,0.1359,GREEN,49,Mumbai
CLM0026365,MUM_04984,Ghatkopar,2025-06-01,10,0,0,0,0,0,0,0,0,0,0.0,0.237188,0,0.0,0,420,0,6,0.8081,0.0,GREEN,45,Mumbai
CLM0026366,MUM_00594,Chembur,2021-07-25,8,0,0,0,0,0,0,1,0,0,0.0,0.417719,0,0.0,0,420,3,6,0.9523,0.0775,GREEN,37,Mumbai
CLM0026367,MUM_09994,Lower Parel,2024-01-02,13,0,0,0,0,0,0,0,1,0,0.0,0.994368,0,0.0,0,126,3,2,0.8267,0.0355,GREEN,36,Mumbai
CLM0026368,MUM_07607,Andheri,2021-10-17,8,0,0,0,0,0,0,0,1,0,0.0,0.112601,0,0.0,0,283,2,5,0.8961,0.1672,GREEN,44,Mumbai
CLM0026369,MUM_03659,Bandra,2022-08-19,17,0,1,1,0,0,0,0,0,0,0.0,0.11006,0,0.0,1,231,3,1,0.7024,0.0,GREEN,44,Mumbai
CLM0026370,MUM_06988,Thane,2025-05-23,19,0,0,0,0,0,0,0,0,0,0.0,0.378507,0,0.0,0,96,3,3,0.8991,0.0,GREEN,30,Mumbai
CLM0026371,MUM_08828,Borivali,2021-07-03,7,0,0,0,0,0,0,1,1,0,0.0,0.288225,0,0.0,0,267,3,1,0.3829,0.1393,GREEN,50,Mumbai
CLM0026372,MUM_03608,Borivali,2021-06-03,11,0,0,0,0,0,0,0,0,0,0.0,0.22726,0,0.0,0,156,1,4,0.7929,0.0378,GREEN,26,Mumbai
CLM0026373,MUM_06407,Borivali,2023-01-08,16,0,0,0,0,0,0,0,0,0,0.0,0.913629,0,0.0,0,420,4,3,0.6013,0.0,GREEN,56,Mumbai
CLM0026374,MUM_03360,Andheri,2022-05-06,19,0,0,0,0,0,0,0,0,0,0.0,0.099872,0,0.0,0,420,3,3,0.7665,0.0199,GREEN,40,Mumbai
CLM0026375,MUM_09230,Dadar,2018-08-02,12,0,0,0,1,0,0,0,0,0,1.0,0.396839,0,0.0,0,307,4,2,0.7535,0.3122,YELLOW,36,Mumbai
CLM0026376,MUM_03407,Andheri,2019-05-13,10,0,0,0,0,0,0,0,0,0,1.0,0.10093,0,0.0,0,88,3,0,0.9781,0.0523,GREEN,38,Mumbai
CLM0026377,MUM_04536,Chembur,2018-05-05,7,0,0,0,0,0,0,0,0,0,0.0,0.268463,0,0.0,1,385,2,0,0.05,0.0542,GREEN,23,Mumbai
CLM0026378,MUM_09174,Bandra,2022-06-09,15,0,0,0,0,0,0,0,0,0,1.0,1.0,0,1.0,0,83,1,1,0.7612,0.1002,GREEN,38,Mumbai
CLM0026379,MUM_01133,Bandra,2025-08-07,13,0,0,0,0,0,1,0,0,0,0.0,0.461116,0,0.0,0,420,2,4,0.7341,0.124,GREEN,29,Mumbai
CLM0026380,MUM_09914,Powai,2025-10-11,15,0,0,0,0,0,1,0,0,0,0.0,0.274059,0,0.0,0,30,4,3,0.2295,0.0783,GREEN,51,Mumbai
CLM0026381,MUM_02862,Thane,2024-02-19,15,0,0,0,1,1,0,1,1,0,0.0,0.975238,0,1.0,1,5,4,18,0.4404,0.006,GREEN,37,Mumbai
CLM0026382,MUM_01081,Thane,2018-10-07,9,0,0,0,1,0,0,0,0,0,0.0,0.214156,0,0.0,0,351,0,0,0.6573,0.1507,GREEN,57,Mumbai
CLM0026383,MUM_02311,Vashi,2023-10-05,20,0,0,0,0,0,0,0,0,0,0.0,0.356798,0,0.0,0,386,3,1,0.5229,0.0,GREEN,57,Mumbai
CLM0026384,MUM_01035,Lower Parel,2023-11-04,17,0,0,0,0,0,0,1,0,0,0.0,0.276242,0,0.0,0,381,2,2,0.2118,0.131,GREEN,44,Mumbai
CLM0026385,MUM_00057,Bandra,2025-07-03,8,0,0,0,0,0,0,0,0,0,0.0,0.025873,0,0.0,0,420,1,3,0.1448,0.0,GREEN,27,Mumbai
CLM0026386,MUM_06928,Bandra,2024-08-18,14,0,0,0,0,0,0,0,0,0,0.0,0.0,0,0.0,0,249,0,1,0.8733,0.1698,GREEN,58,Mumbai
CLM0026387,MUM_09039,Thane,2023-05-15,8,0,0,0,0,0,1,0,0,0,1.0,0.173642,0,0.0,0,370,1,5,0.7953,0.1329,GREEN,33,Mumbai
CLM0026388,MUM_02636,Vashi,2024-05-27,7,0,0,0,0,0,0,0,0,0,0.0,0.187211,0,0.0,0,123,0,1,0.0713,0.0,GREEN,36,Mumbai
CLM0026389,MUM_01725,Ghatkopar,2025-12-26,9,0,0,0,0,0,1,0,0,0,0.0,0.164035,0,0.0,0,330,2,4,0.1724,0.0485,GREEN,50,Mumbai
CLM0026390,MUM_04502,Andheri,2023-02-23,16,0,0,0,0,0,0,0,0,0,0.0,0.213301,1,0.0,0,163,1,3,0.6784,0.0186,GREEN,40,Mumbai
CLM0026391,MUM_08348,Andheri,2024-02-04,8,0,0,0,0,0,1,0,0,0,0.0,0.380919,0,0.0,0,222,2,5,0.1047,0.0909,GREEN,29,Mumbai
CLM0026392,MUM_04139,Dadar,2022-10-28,13,0,0,0,0,0,0,0,0,0,1.0,0.036297,0,0.0,0,282,3,6,0.8,0.0097,GREEN,56,Mumbai
CLM0026393,MUM_04877,Thane,2025-01-19,18,0,0,0,0,0,0,0,0,0,0.0,0.067041,0,0.0,0,315,4,5,0.526,0.0,GREEN,59,Mumbai
CLM0026394,MUM_09663,Thane,2025-01-17,12,0,0,0,0,0,0,0,0,0,0.0,0.192385,0,0.0,0,336,2,0,0.393,0.0,GREEN,53,Mumbai
CLM0026395,MUM_09345,Dadar,2025-09-24,12,0,0,0,0,0,0,0,0,0,0.0,1.0,0,0.0,0,290,0,2,0.8008,0.0,GREEN,53,Mumbai
CLM0026396,MUM_06230,Bandra,2024-09-22,14,0,1,1,1,1,1,0,1,0,0.0,0.168966,0,0.0,1,5,4,18,0.8985,0.0863,GREEN,26,Mumbai
CLM0026397,MUM_08373,Bandra,2022-05-11,10,0,0,0,0,0,0,0,0,0,0.0,0.509423,0,1.0,0,163,3,0,0.98,0.0343,GREEN,53,Mumbai
CLM0026398,MUM_07122,Chembur,2021-10-30,13,0,0,0,0,0,0,1,0,0,0.0,0.294878,0,0.0,0,187,1,2,0.6625,0.0,GREEN,42,Mumbai
CLM0026399,MUM_04720,Vashi,2024-01-07,10,0,0,0,0,0,0,1,0,0,0.0,1.0,0,0.0,0,420,3,4,0.7656,0.0229,GREEN,55,Mumbai
CLM0026400,MUM_01691,Chembur,2024-02-12,15,0,0,0,0,1,1,0,0,0,0.0,0.086832,0,0.0,0,220,4,2,0.7929,0.2573,GREEN,52,Mumbai
CLM0026401,MUM_02493,Ghatkopar,2024-10-08,14,0,1,1,0,0,0,0,0,0,1.0,0.332324,0,0.0,0,420,1,1,0.8046,0.1036,GREEN,41,Mumbai
CLM0026402,MUM_06296,Powai,2021-04-29,15,0,0,0,0,0,0,0,0,1,0.0,0.34786,0,0.0,0,420,4,1,0.6632,0.1064,GREEN,30,Mumbai
CLM0026403,MUM_04771,Dadar,2022-09-08,15,0,0,0,0,0,0,0,0,0,0.0,0.174309,0,0.0,0,116,2,3,0.471,0.0503,GREEN,42,Mumbai
CLM0026404,MUM_01265,Thane,2022-12-04,8,0,0,0,0,0,0,0,0,0,0.0,0.025272,0,0.0,0,378,2,1,0.4999,0.0416,GREEN,45,Mumbai
CLM0026405,MUM_07016,Lower Parel,2024-11-21,15,0,0,0,0,0,0,0,0,0,0.0,0.214669,0,0.0,0,420,4,3,0.1324,0.0,GREEN,18,Mumbai
CLM0026406,MUM_00277,Chembur,2023-11-11,21,0,0,0,0,0,0,0,0,0,0.0,0.177557,0,0.0,0,301,0,2,0.5783,0.0127,GREEN,39,Mumbai
CLM0026407,MUM_01003,Powai,2025-07-07,10,0,0,0,0,0,0,0,0,0,0.0,0.157836,0,0.0,0,188,3,0,0.565,0.0,GREEN,18,Mumbai
CLM0026408,MUM_08040,Ghatkopar,2024-07-30,7,0,0,0,0,0,0,0,0,0,0.0,0.266298,1,0.0,0,149,4,1,0.4593,0.0153,GREEN,36,Mumbai
CLM0026409,MUM_00066,Andheri,2025-11-19,19,0,0,0,0,0,0,0,0,0,1.0,0.228228,0,0.0,0,307,0,3,0.8349,0.1267,GREEN,39,Mumbai
CLM0026410,MUM_03041,Dadar,2022-11-26,16,0,0,0,0,1,0,0,0,0,0.0,1.0,0,0.0,0,331,0,0,0.7096,0.1194,GREEN,36,Mumbai
CLM0026411,MUM_05252,Ghatkopar,2025-01-08,9,0,0,0,0,0,0,0,0,0,0.0,0.951412,0,0.0,0,290,0,3,0.7967,0.0088,GREEN,46,Mumbai
CLM0026412,MUM_02886,Chembur,2024-06-21,20,0,0,0,0,0,0,0,0,0,0.0,1.0,0,0.0,0,263,3,2,0.98,0.0,GREEN,47,Mumbai
CLM0026413,MUM_07789,Ghatkopar,2023-03-25,11,0,0,0,0,0,0,1,0,0,1.0,0.418191,0,0.0,0,115,1,5,0.6534,0.1844,GREEN,64,Mumbai
CLM0026414,MUM_09255,Borivali,2019-04-18,16,0,0,0,0,0,0,0,0,0,0.0,0.167761,0,0.0,0,420,3,0,0.6725,0.0115,GREEN,54,Mumbai
CLM0026415,MUM_00514,Dadar,2023-06-18,13,0,0,0,1,0,0,0,1,0,0.0,0.070704,0,0.0,0,387,2,3,0.5662,0.2006,GREEN,44,Mumbai
CLM0026416,MUM_01250,Thane,2019-11-21,21,0,0,0,0,0,0,0,0,0,0.0,0.284852,0,0.0,0,291,3,6,0.4176,0.0055,GREEN,43,Mumbai
CLM0026417,MUM_05556,Chembur,2025-04-19,19,0,0,0,0,0,0,1,0,0,0.0,0.101632,0,0.0,0,420,3,6,0.4966,0.1006,GREEN,32,Mumbai
CLM0026418,MUM_03230,Thane,2022-12-14,20,0,1,1,1,1,0,1,0,1,1.0,1.0,0,0.0,1,10,0,18,0.7698,0.6878,RED,47,Mumbai
CLM0026419,MUM_06978,Chembur,2024-02-08,19,0,1,1,1,1,0,1,0,1,1.0,0.912966,0,0.0,0,36,0,11,0.9198,0.6919,RED,38,Mumbai
CLM0026420,MUM_07830,Andheri,2022-04-25,20,0,1,1,0,1,0,1,1,1,0.0,0.922596,0,1.0,1,5,1,18,0.1969,0.6489,RED,26,Mumbai
CLM0026421,MUM_07551,Thane,2022-10-20,10,0,1,1,1,1,0,1,1,0,1.0,1.0,0,1.0,1,5,2,11,0.7319,0.6032,YELLOW,34,Mumbai
CLM0026422,MUM_00787,Thane,2015-12-19,20,0,1,1,1,1,0,0,0,1,1.0,0.952851,1,1.0,0,18,2,18,0.0988,0.5911,YELLOW,38,Mumbai
CLM0026423,MUM_04753,Borivali,2025-01-06,21,0,1,1,1,1,0,1,1,1,1.0,0.930519,0,1.0,1,5,1,18,0.2299,0.7537,RED,39,Mumbai
CLM0026424,MUM_08817,Thane,2024-02-25,18,0,0,0,0,0,0,0,0,0,0.0,0.291708,0,0.0,0,93,2,3,0.98,0.0,GREEN,25,Mumbai
CLM0026425,MUM_07143,Dadar,2025-04-26,20,0,0,0,0,0,0,0,1,0,0.0,0.37287,0,0.0,0,83,1,0,0.4896,0.1181,GREEN,46,Mumbai
CLM0026426,MUM_02950,Thane,2024-12-21,13,0,0,0,0,0,0,0,0,0,0.0,0.220527,0,0.0,0,143,0,3,0.6545,0.0744,GREEN,53,Mumbai
CLM0026427,MUM_04556,Bandra,2023-09-29,17,0,0,0,0,0,0,0,0,0,0.0,0.265972,0,0.0,0,282,0,1,0.6811,0.0,GREEN,21,Mumbai
CLM0026428,MUM_06469,Andheri,2023-01-29,21,0,0,0,0,0,0,0,0,0,1.0,0.092494,0,0.0,0,399,3,2,0.6944,0.0446,GREEN,32,Mumbai
CLM0026429,MUM_02730,Borivali,2025-06-15,16,0,0,0,0,0,0,0,0,0,0.0,0.097552,0,0.0,0,103,4,2,0.5979,0.0,GREEN,37,Mumbai
CLM0026430,MUM_02851,Bandra,2025-08-28,7,0,0,0,0,0,0,0,0,0,0.0,0.146263,0,0.0,0,27,1,0,0.9679,0.0449,GREEN,43,Mumbai
CLM0026431,MUM_01507,Lower Parel,2021-02-24,12,0,0,0,0,0,0,0,0,0,0.0,0.229461,0,0.0,0,278,3,4,0.5323,0.0,GREEN,31,Mumbai
CLM0026432,MUM_00486,Thane,2023-04-08,16,0,0,0,0,0,1,0,1,0,0.0,0.104709,1,0.0,0,5,2,3,0.66,0.2578,GREEN,37,Mumbai
CLM0026433,MUM_09963,Ghatkopar,2024-01-27,21,0,0,0,0,0,0,0,0,0,0.0,0.0,0,0.0,0,384,0,1,0.5461,0.0388,GREEN,21,Mumbai
CLM0026434,MUM_06839,Powai,2023-07-21,10,0,0,0,0,0,0,0,0,0,0.0,0.3921,0,0.0,0,204,4,0,0.9503,0.051,GREEN,52,Mumbai
CLM0026435,MUM_07462,Ghatkopar,2020-02-19,14,0,0,0,0,1,0,0,0,0,0.0,0.062869,0,0.0,0,231,0,3,0.9476,0.126,GREEN,48,Mumbai
CLM0026436,MUM_03987,Lower Parel,2025-09-04,21,0,0,0,0,0,0,0,1,0,0.0,0.090546,0,0.0,0,348,0,1,0.1766,0.1527,GREEN,36,Mumbai
CLM0026437,MUM_00897,Bandra,2023-09-04,11,0,0,0,0,0,0,0,1,0,0.0,0.089704,0,0.0,0,230,3,5,0.1312,0.1344,GREEN,35,Mumbai
CLM0026438,MUM_00075,Powai,2020-12-26,7,0,0,0,0,0,1,0,0,0,0.0,0.088661,1,0.0,0,420,1,0,0.8087,0.1156,GREEN,35,Mumbai
CLM0026439,MUM_04880,Ghatkopar,2025-06-07,15,0,0,0,0,0,1,0,0,0,0.0,0.0081,0,0.0,0,70,4,5,0.1555,0.1221,GREEN,32,Mumbai
CLM0026440,MUM_01148,Lower Parel,2023-01-15,20,0,0,0,0,0,0,0,0,0,0.0,0.176973,0,0.0,0,75,1,0,0.4019,0.058,GREEN,44,Mumbai
CLM0026441,MUM_01497,Vashi,2021-08-22,12,0,0,0,0,0,0,0,0,0,0.0,0.058639,0,0.0,0,165,3,1,0.6511,0.037,GREEN,18,Mumbai
CLM0026442,MUM_01347,Andheri,2024-12-31,13,0,0,0,0,0,0,0,0,0,0.0,0.399566,0,0.0,0,420,3,0,0.05,0.0,GREEN,58,Mumbai
CLM0026443,MUM_01895,Powai,2024-07-21,9,0,0,0,0,0,0,0,0,0,0.0,0.222167,0,1.0,0,181,2,0,0.5303,0.0358,GREEN,35,Mumbai
CLM0026444,MUM_02548,Lower Parel,2025-08-25,20,0,0,0,0,0,0,0,1,0,0.0,0.418471,0,0.0,0,300,3,0,0.704,0.0676,GREEN,27,Mumbai
CLM0026445,MUM_01586,Bandra,2022-10-29,7,0,0,0,0,0,0,0,0,0,0.0,0.228383,0,0.0,0,201,2,5,0.5482,0.0,GREEN,41,Mumbai
CLM0026446,MUM_04843,Powai,2024-06-24,16,0,0,0,0,0,0,0,0,0,0.0,0.970333,0,0.0,0,420,0,1,0.0562,0.0574,GREEN,37,Mumbai
CLM0026447,MUM_03306,Lower Parel,2021-09-06,11,0,0,0,0,0,0,0,1,0,0.0,0.415141,0,0.0,0,369,2,2,0.5672,0.1186,GREEN,41,Mumbai
CLM0026448,MUM_08535,Bandra,2022-02-03,7,0,0,0,0,0,0,0,0,0,0.0,0.170913,0,0.0,0,158,0,3,0.4458,0.0006,GREEN,33,Mumbai
CLM0026449,MUM_01665,Vashi,2024-12-13,13,0,1,1,0,0,0,0,0,0,0.0,0.036196,0,0.0,0,263,4,5,0.5607,0.0196,GREEN,53,Mumbai
CLM0026450,MUM_08863,Thane,2022-02-26,14,0,0,0,0,0,0,0,0,0,1.0,1.0,0,1.0,0,141,3,3,0.8389,0.0,GREEN,38,Mumbai
CLM0026451,MUM_05586,Bandra,2021-06-08,11,0,0,0,0,0,0,0,0,0,0.0,0.144838,0,0.0,0,256,2,4,0.5931,0.0224,GREEN,23,Mumbai
CLM0026452,MUM_00281,Bandra,2023-07-28,14,0,0,0,0,0,0,0,0,0,0.0,0.268261,0,0.0,0,330,2,0,0.9676,0.0325,GREEN,36,Mumbai
CLM0026453,MUM_04549,Bandra,2024-12-31,13,0,0,0,0,0,0,0,0,0,0.0,0.284542,0,0.0,0,346,0,6,0.7245,0.0,GREEN,38,Mumbai
CLM0026454,MUM_07162,Borivali,2023-05-07,17,0,0,0,0,0,0,0,0,0,0.0,0.0,0,0.0,0,183,2,0,0.6012,0.0429,GREEN,29,Mumbai
CLM0026455,MUM_09102,Ghatkopar,2020-12-03,9,0,0,0,1,1,0,1,1,1,0.0,0.957366,0,1.0,0,25,4,18,0.2941,0.0,GREEN,49,Mumbai
CLM0026456,MUM_04189,Lower Parel,2023-07-22,14,0,0,0,0,0,0,0,0,0,0.0,0.424349,0,0.0,0,96,4,1,0.9699,0.0,GREEN,43,Mumbai
CLM0026457,MUM_02954,Andheri,2023-12-06,11,0,0,0,0,0,0,1,0,0,1.0,0.197715,0,0.0,0,133,0,3,0.5608,0.1625,GREEN,48,Mumbai
CLM0026458,MUM_08780,Dadar,2023-03-20,13,0,0,0,0,0,0,0,0,0,0.0,0.082776,0,0.0,0,6,2,5,0.9291,0.0402,GREEN,57,Mumbai
CLM0026459,MUM_07083,Lower Parel,2022-12-31,11,0,0,0,0,0,0,0,0,0,0.0,0.296107,0,0.0,0,369,2,0,0.7503,0.0336,GREEN,21,Mumbai
CLM0026460,MUM_02336,Powai,2023-04-30,19,0,0,0,1,0,1,1,1,1,0.0,0.204675,0,0.0,1,14,3,14,0.9192,0.0,GREEN,48,Mumbai
CLM0026461,MUM_06806,Borivali,2024-07-28,9,0,0,0,0,0,0,0,0,0,1.0,0.15946,0,0.0,0,365,1,2,0.7615,0.0745,GREEN,45,Mumbai
CLM0026462,MUM_07871,Andheri,2023-07-07,14,0,0,0,0,0,1,0,0,0,0.0,0.309079,0,0.0,0,420,1,0,0.05,0.1579,GREEN,40,Mumbai
CLM0026463,MUM_07742,Lower Parel,2025-06-20,19,0,0,0,0,0,1,0,0,0,0.0,0.325431,0,1.0,0,365,2,3,0.705,0.1057,GREEN,64,Mumbai
CLM0026464,MUM_05952,Lower Parel,2023-04-07,12,0,0,0,0,0,0,0,0,0,0.0,0.978761,0,0.0,0,269,3,1,0.8583,0.0,GREEN,41,Mumbai
CLM0026465,MUM_05865,Andheri,2025-12-21,19,0,0,0,0,0,0,0,0,0,0.0,1.0,0,0.0,0,147,0,0,0.7242,0.0261,GREEN,36,Mumbai
CLM0026466,MUM_02617,Bandra,2023-06-20,16,0,0,0,0,0,0,0,1,0,1.0,0.365455,0,0.0,0,381,2,1,0.7444,0.2407,GREEN,35,Mumbai
CLM0026467,MUM_03799,Powai,2025-04-07,7,0,0,0,0,0,0,0,0,0,0.0,0.27866,0,0.0,0,420,1,1,0.7848,0.0,GREEN,26,Mumbai
CLM0026468,MUM_03156,Andheri,2025-06-12,18,0,0,0,0,0,0,1,0,0,0.0,0.314873,0,0.0,0,420,0,4,0.867,0.0228,GREEN,37,Mumbai
CLM0026469,MUM_00355,Dadar,2020-07-24,11,0,0,0,0,0,0,0,0,0,0.0,0.377347,0,0.0,1,371,1,1,0.6632,0.0929,GREEN,51,Mumbai
CLM0026470,MUM_03423,Borivali,2020-04-07,21,0,0,0,0,0,0,0,0,0,0.0,0.0,0,0.0,0,320,2,3,0.6374,0.0466,GREEN,18,Mumbai
CLM0026471,MUM_09367,Chembur,2025-12-22,9,0,0,0,0,0,0,0,1,0,0.0,0.046048,0,0.0,0,108,3,4,0.1464,0.1145,GREEN,59,Mumbai
CLM0026472,MUM_09004,Bandra,2021-04-10,20,0,0,0,0,0,0,0,0,0,0.0,0.275451,0,0.0,0,194,0,1,0.3516,0.0299,GREEN,33,Mumbai
CLM0026473,MUM_00628,Chembur,2022-10-10,7,0,0,0,0,0,0,0,0,0,0.0,0.173039,0,1.0,0,224,0,0,0.6918,0.0,GREEN,53,Mumbai
CLM0026474,MUM_00664,Ghatkopar,2020-05-06,13,0,0,0,0,0,1,0,0,0,0.0,0.266794,0,0.0,0,28,0,2,0.1082,0.0791,GREEN,46,Mumbai
CLM0026475,MUM_09402,Thane,2022-01-22,11,0,0,0,0,0,0,0,0,0,0.0,0.203135,0,0.0,1,330,1,5,0.1813,0.2358,GREEN,39,Mumbai
CLM0026476,MUM_09319,Dadar,2025-06-14,10,0,0,0,0,0,0,0,1,0,0.0,0.143366,0,0.0,0,286,4,0,0.8962,0.2097,GREEN,18,Mumbai
CLM0026477,MUM_00279,Vashi,2024-10-19,20,0,0,0,0,0,1,0,0,0,0.0,0.243103,0,0.0,0,420,0,2,0.8611,0.0628,GREEN,49,Mumbai
CLM0026478,MUM_00849,Bandra,2023-05-12,21,0,0,0,1,1,1,1,1,0,0.0,0.007365,1,0.0,1,5,2,18,0.8803,0.0,GREEN,21,Mumbai
CLM0026479,MUM_08601,Dadar,2023-11-02,11,0,0,0,0,0,0,1,1,0,0.0,0.095481,0,0.0,0,269,1,2,0.1343,0.12,GREEN,53,Mumbai
CLM0026480,MUM_08664,Dadar,2020-12-22,10,0,0,0,0,0,0,0,1,0,0.0,0.0,0,0.0,0,265,0,0,0.8125,0.0678,GREEN,39,Mumbai
CLM0026481,MUM_02621,Powai,2019-07-15,20,0,0,0,0,0,0,0,0,0,0.0,0.114711,0,0.0,0,252,0,0,0.7902,0.0492,GREEN,47,Mumbai
CLM0026482,MUM_05047,Andheri,2020-06-14,20,0,0,0,0,0,0,0,0,0,0.0,0.063766,0,0.0,1,294,2,3,0.1658,0.0,GREEN,50,Mumbai
CLM0026483,MUM_06330,Chembur,2021-06-21,8,0,1,1,1,0,1,1,1,1,0.0,0.072207,1,0.0,1,5,1,18,0.98,0.7841,RED,46,Mumbai
CLM0026484,MUM_06272,Chembur,2025-03-05,16,0,1,1,1,0,0,0,1,0,1.0,0.960945,0,0.0,1,5,0,18,0.1058,0.4948,YELLOW,47,Mumbai
CLM0026485,MUM_09958,Chembur,2022-01-31,13,0,1,1,1,1,0,1,1,1,1.0,1.0,1,1.0,0,5,1,18,0.1981,0.7921,RED,45,Mumbai
CLM0026486,MUM_02940,Chembur,2025-08-20,20,0,1,1,0,1,1,1,1,0,1.0,0.860795,1,1.0,0,26,0,18,0.05,0.6112,RED,62,Mumbai
CLM0026487,MUM_04027,Vashi,2021-03-29,19,0,1,1,1,0,1,0,0,0,0.0,0.972109,0,0.0,0,5,0,18,0.2199,0.5242,YELLOW,18,Mumbai
CLM0026488,MUM_01909,Powai,2022-08-20,13,0,1,1,1,1,1,1,1,0,0.0,1.0,1,0.0,1,24,0,18,0.1568,0.7468,RED,44,Mumbai
CLM0026489,MUM_03597,Andheri,2023-01-31,16,0,1,1,0,1,1,1,0,0,0.0,0.026993,1,0.0,1,18,2,18,0.9443,0.4069,YELLOW,18,Mumbai
CLM0026490,MUM_01944,Lower Parel,2024-11-25,9,0,1,1,0,1,0,0,0,0,0.0,0.0,1,0.0,0,16,2,18,0.8135,0.4094,YELLOW,44,Mumbai
CLM0026491,MUM_03231,Thane,2025-02-23,21,0,0,0,0,0,0,0,0,0,0.0,0.289989,0,0.0,1,240,1,5,0.9637,0.0525,GREEN,46,Mumbai
CLM0026492,MUM_05219,Lower Parel,2025-10-28,21,0,0,0,0,0,0,0,0,0,0.0,0.438248,0,0.0,0,245,1,2,0.8153,0.0,GREEN,44,Mumbai
CLM0026493,MUM_04011,Thane,2024-04-02,16,0,0,0,0,0,0,0,0,0,0.0,0.430201,0,0.0,0,310,1,4,0.9133,0.0361,GREEN,42,Mumbai
CLM0026494,MUM_06114,Ghatkopar,2025-01-29,7,0,0,0,0,0,0,0,0,0,1.0,0.221724,0,0.0,1,420,4,2,0.98,0.1501,GREEN,51,Mumbai
CLM0026495,MUM_03190,Dadar,2023-10-22,20,0,0,0,0,0,0,0,0,0,0.0,0.127234,0,0.0,0,245,2,0,0.7313,0.1042,GREEN,18,Mumbai
CLM0026496,MUM_01660,Lower Parel,2024-03-05,19,0,0,0,0,0,1,0,0,0,0.0,0.357157,0,1.0,0,161,0,2,0.2535,0.1246,GREEN,51,Mumbai
CLM0026497,MUM_06386,Dadar,2024-11-26,7,0,0,0,0,0,0,1,0,0,0.0,0.434683,0,0.0,0,79,2,5,0.8676,0.0342,GREEN,37,Mumbai
CLM0026498,MUM_02045,Andheri,2016-05-20,7,0,0,0,1,0,0,0,0,0,1.0,0.369602,0,0.0,0,420,0,0,0.8885,0.0,GREEN,39,Mumbai
CLM0026499,MUM_02502,Vashi,2016-09-28,17,0,0,0,0,0,0,0,0,0,0.0,0.176693,0,1.0,0,378,4,2,0.8162,0.0,GREEN,55,Mumbai
CLM0026500,MUM_09916,Chembur,2018-07-16,7,0,0,0,0,0,1,0,0,0,0.0,0.964698,0,0.0,0,153,1,2,0.5028,0.1233,GREEN,51,Mumbai
CLM0026501,MUM_06659,Dadar,2020-02-27,19,0,0,0,0,0,0,0,0,0,0.0,1.0,1,0.0,0,420,4,1,0.5093,0.0179,GREEN,46,Mumbai
CLM0026502,MUM_02919,Powai,2019-03-21,17,0,0,0,0,0,0,1,1,0,1.0,0.141783,0,0.0,0,143,0,4,0.9478,0.2281,GREEN,51,Mumbai
CLM0026503,MUM_01178,Ghatkopar,2018-01-21,16,0,0,0,0,0,0,0,1,0,0.0,0.018312,0,0.0,0,69,2,4,0.98,0.2205,GREEN,44,Mumbai
CLM0026504,MUM_07653,Powai,2024-02-01,11,0,1,1,0,0,0,0,1,0,0.0,0.491735,0,0.0,0,181,3,1,0.8787,0.1537,GREEN,46,Mumbai
CLM0026505,MUM_07952,Powai,2019-04-27,18,0,0,0,0,0,0,0,1,0,0.0,0.063038,0,0.0,0,420,1,3,0.7187,0.0654,GREEN,50,Mumbai
CLM0026506,MUM_01335,Andheri,2023-07-05,21,0,0,0,0,0,0,0,0,0,0.0,0.098448,1,0.0,0,132,0,3,0.98,0.0493,GREEN,42,Mumbai
CLM0026507,MUM_04775,Thane,2021-01-29,20,0,0,0,0,0,1,0,0,0,0.0,0.384382,0,0.0,0,350,4,5,0.6963,0.2537,GREEN,67,Mumbai
CLM0026508,MUM_05902,Thane,2017-03-14,18,0,0,0,0,0,0,0,0,0,0.0,0.396468,0,0.0,0,139,0,0,0.9431,0.0,GREEN,28,Mumbai
CLM0026509,MUM_05607,Thane,2020-07-05,18,0,0,0,0,0,0,1,0,0,0.0,0.104272,0,0.0,0,175,0,0,0.6233,0.0781,GREEN,32,Mumbai
CLM0026510,MUM_03881,Dadar,2016-06-28,20,0,0,0,0,0,0,0,0,0,0.0,0.049004,0,0.0,0,307,1,0,0.6232,0.0336,GREEN,32,Mumbai
CLM0026511,MUM_06249,Bandra,2025-11-30,12,0,0,0,0,0,0,0,0,0,0.0,1.0,0,0.0,0,73,0,1,0.2186,0.0084,GREEN,41,Mumbai
CLM0026512,MUM_07242,Powai,2024-05-17,9,0,0,0,0,0,0,0,0,0,1.0,0.415084,0,0.0,0,53,0,1,0.05,0.0877,GREEN,49,Mumbai
CLM0026513,MUM_05231,Powai,2024-04-09,9,0,0,0,0,0,0,0,0,0,0.0,0.225399,0,0.0,0,405,2,0,0.5176,0.1097,GREEN,45,Mumbai
CLM0026514,MUM_08648,Bandra,2020-06-30,12,0,0,0,0,0,1,0,0,0,0.0,1.0,0,0.0,0,293,4,0,0.592,0.2529,GREEN,53,Mumbai
CLM0026515,MUM_03505,Chembur,2021-07-27,17,0,0,0,0,0,0,0,0,1,0.0,0.314027,0,0.0,0,391,0,1,0.7827,0.1066,GREEN,25,Mumbai
CLM0026516,MUM_00220,Dadar,2024-11-19,14,0,0,0,0,0,1,0,0,1,0.0,0.303218,0,1.0,0,162,3,1,0.3952,0.2594,GREEN,45,Mumbai
CLM0026517,MUM_03658,Andheri,2025-06-08,8,0,0,0,0,0,0,0,0,0,0.0,0.046372,0,0.0,0,220,0,1,0.98,0.0709,GREEN,31,Mumbai
CLM0026518,MUM_00428,Vashi,2024-04-01,7,0,0,0,0,0,0,0,0,0,0.0,0.139886,0,0.0,0,190,3,1,0.1081,0.0298,GREEN,53,Mumbai
CLM0026519,MUM_07851,Ghatkopar,2025-01-03,19,0,0,0,0,1,0,0,0,0,0.0,0.228744,0,0.0,0,109,4,0,0.7362,0.1265,GREEN,34,Mumbai
CLM0026520,MUM_03015,Powai,2024-03-26,8,0,0,0,0,0,0,0,0,1,0.0,0.201403,0,0.0,0,264,3,5,0.8953,0.1575,GREEN,38,Mumbai
CLM0026521,MUM_03800,Powai,2022-11-13,13,0,0,0,0,0,0,0,0,0,0.0,0.043811,0,0.0,0,332,4,1,0.6842,0.0061,GREEN,52,Mumbai
CLM0026522,MUM_00971,Ghatkopar,2022-02-06,20,0,0,0,0,0,0,0,0,0,0.0,0.326125,0,0.0,0,420,0,5,0.9633,0.0711,GREEN,33,Mumbai
CLM0026523,MUM_01684,Dadar,2023-01-27,20,0,0,0,0,0,0,0,0,0,0.0,0.313206,0,0.0,0,299,3,0,0.9208,0.0,GREEN,60,Mumbai
CLM0026524,MUM_04612,Borivali,2025-02-27,8,0,0,0,0,1,0,1,1,1,1.0,0.045089,0,0.0,1,13,4,18,0.3531,0.2198,GREEN,47,Mumbai
CLM0026525,MUM_09598,Powai,2023-12-17,11,0,1,1,0,0,0,0,0,0,0.0,0.070986,0,0.0,0,144,1,2,0.8249,0.0,GREEN,23,Mumbai
CLM0026526,MUM_07845,Dadar,2018-06-27,20,0,0,0,0,0,0,0,0,0,0.0,0.16375,0,0.0,0,297,0,3,0.8329,0.0681,GREEN,49,Mumbai
CLM0026527,MUM_08302,Chembur,2024-12-01,9,0,0,0,0,0,0,0,0,0,0.0,0.394022,0,0.0,0,208,4,0,0.8269,0.0,GREEN,53,Mumbai
CLM0026528,MUM_09767,Lower Parel,2022-06-17,20,0,0,0,0,0,0,0,0,0,0.0,0.079846,0,0.0,0,420,4,1,0.9715,0.0418,GREEN,42,Mumbai
CLM0026529,MUM_05472,Bandra,2015-08-21,20,0,0,0,0,0,0,0,0,0,0.0,0.245732,0,0.0,0,420,2,1,0.9256,0.0,GREEN,60,Mumbai
CLM0026530,MUM_03254,Powai,2024-01-09,7,0,0,0,0,0,0,0,0,0,0.0,0.235087,0,0.0,0,414,1,2,0.95,0.0,GREEN,49,Mumbai
CLM0026531,MUM_01379,Chembur,2025-09-29,20,0,0,0,0,0,0,0,0,0,0.0,0.456031,0,0.0,0,70,1,6,0.9709,0.0,GREEN,63,Mumbai
CLM0026532,MUM_02086,Ghatkopar,2023-06-28,20,0,0,0,0,0,0,0,0,0,0.0,0.44687,0,0.0,0,251,4,2,0.9711,0.0,GREEN,51,Mumbai
CLM0026533,MUM_07687,Lower Parel,2022-11-22,16,0,0,0,0,0,0,0,0,0,0.0,0.356672,1,0.0,1,259,4,5,0.957,0.1203,GREEN,20,Mumbai
CLM0026534,MUM_08540,Bandra,2025-05-26,9,0,0,0,0,0,0,0,0,0,0.0,0.370699,0,0.0,0,332,0,1,0.8131,0.085,GREEN,39,Mumbai
CLM0026535,MUM_07037,Bandra,2024-02-11,18,0,0,0,0,0,0,0,0,0,0.0,0.139496,0,0.0,0,104,0,1,0.98,0.0221,GREEN,55,Mumbai
CLM0026536,MUM_07520,Dadar,2022-11-22,10,0,0,0,0,0,0,0,0,0,0.0,0.104626,0,0.0,0,384,0,6,0.8252,0.0,GREEN,66,Mumbai
CLM0026537,MUM_06492,Powai,2022-12-09,20,0,0,0,0,1,0,0,0,0,0.0,0.068587,0,0.0,0,87,2,0,0.802,0.1746,GREEN,48,Mumbai
CLM0026538,MUM_04813,Chembur,2023-11-06,12,0,0,0,0,0,0,0,0,1,0.0,0.331513,0,0.0,0,353,3,3,0.8941,0.1164,GREEN,62,Mumbai
CLM0026539,MUM_00324,Vashi,2024-02-16,7,0,0,0,0,0,0,0,1,0,0.0,0.052803,1,0.0,0,7,3,0,0.8798,0.1489,GREEN,30,Mumbai
CLM0026540,MUM_03578,Borivali,2022-01-13,18,0,0,0,0,0,0,0,0,0,0.0,0.072121,0,0.0,0,227,2,0,0.7198,0.0999,GREEN,38,Mumbai
CLM0026541,MUM_06725,Thane,2022-08-22,21,0,0,0,0,0,0,0,0,1,1.0,0.060093,0,0.0,0,122,4,0,0.8959,0.1652,GREEN,51,Mumbai
CLM0026542,MUM_09004,Bandra,2022-12-28,8,0,0,0,0,0,0,0,0,1,0.0,0.353327,0,0.0,0,388,2,5,0.05,0.2171,GREEN,33,Mumbai
CLM0026543,MUM_09491,Lower Parel,2021-12-29,13,0,0,0,0,0,0,0,0,0,0.0,0.140008,0,0.0,0,128,3,6,0.6638,0.0486,GREEN,41,Mumbai
CLM0026544,MUM_04938,Dadar,2024-09-18,7,0,0,0,0,0,0,0,0,0,0.0,0.091742,0,0.0,0,129,2,3,0.9319,0.0881,GREEN,44,Mumbai
CLM0026545,MUM_08829,Thane,2018-10-13,13,0,0,0,0,0,0,0,0,0,1.0,0.233068,0,0.0,0,277,3,2,0.98,0.0413,GREEN,45,Mumbai
CLM0026546,MUM_02619,Dadar,2019-02-07,15,0,0,0,0,0,0,1,0,1,0.0,0.156138,0,1.0,1,367,1,3,0.98,0.2661,GREEN,46,Mumbai
CLM0026547,MUM_01414,Dadar,2024-12-24,12,0,0,0,1,0,0,0,0,0,0.0,0.468217,1,0.0,0,267,4,0,0.0744,0.2464,GREEN,43,Mumbai
CLM0026548,MUM_08393,Vashi,2019-10-16,10,0,0,0,1,0,0,0,0,0,0.0,0.216146,0,0.0,0,420,2,3,0.2109,0.1531,GREEN,51,Mumbai
CLM0026549,MUM_08104,Bandra,2019-04-27,21,0,0,0,0,0,0,0,0,0,0.0,0.278979,0,0.0,0,299,1,0,0.654,0.0,GREEN,35,Mumbai
CLM0026550,MUM_09788,Vashi,2020-05-15,12,0,0,0,0,0,0,0,0,0,0.0,0.135345,1,0.0,0,352,4,0,0.7394,0.0417,GREEN,43,Mumbai
CLM0026551,MUM_06029,Thane,2019-07-05,17,0,0,0,0,0,0,0,0,0,0.0,0.041661,0,0.0,0,249,3,5,0.8778,0.0549,GREEN,61,Mumbai
CLM0026552,MUM_02287,Thane,2016-06-05,11,0,0,0,0,0,0,0,0,0,0.0,0.122913,0,0.0,0,156,3,1,0.883,0.129,GREEN,57,Mumbai
CLM0026553,MUM_09358,Ghatkopar,2020-05-26,10,0,0,0,0,0,0,0,1,0,0.0,0.062486,0,0.0,0,97,0,4,0.7965,0.0837,GREEN,20,Mumbai
CLM0026554,MUM_09770,Borivali,2017-02-10,18,0,0,0,0,0,0,0,1,0,0.0,0.375214,0,0.0,0,138,4,5,0.8852,0.1127,GREEN,48,Mumbai
CLM0026555,MUM_05468,Chembur,2020-07-03,14,0,0,0,0,0,0,0,0,0,0.0,0.376097,0,0.0,0,420,3,1,0.791,0.0,GREEN,39,Mumbai
CLM0026556,MUM_05225,Dadar,2022-03-09,14,0,1,1,1,1,1,1,1,1,1.0,1.0,0,1.0,0,29,1,18,0.1385,0.7599,RED,37,Mumbai
CLM0026557,MUM_06886,Thane,2020-06-26,15,0,1,1,0,0,0,0,0,0,0.0,0.954612,0,0.0,0,86,0,3,0.8062,0.5222,YELLOW,44,Mumbai
CLM0026558,MUM_00189,Powai,2024-12-20,20,0,1,1,1,0,1,1,1,1,1.0,1.0,0,0.0,0,16,0,18,0.2942,0.6908,RED,48,Mumbai
CLM0026559,MUM_00385,Chembur,2019-02-14,7,0,1,1,1,1,1,1,1,1,0.0,0.893734,0,0.0,1,5,0,18,0.1806,0.8418,RED,28,Mumbai
CLM0026560,MUM_03698,Andheri,2018-01-17,13,0,1,1,0,1,0,0,1,0,0.0,0.94435,1,1.0,1,5,2,18,0.2849,0.5012,YELLOW,38,Mumbai
CLM0026561,MUM_09497,Ghatkopar,2024-03-21,9,0,1,1,0,1,1,0,1,0,1.0,1.0,1,1.0,0,5,2,18,0.17,0.3955,YELLOW,48,Mumbai
CLM0026562,MUM_01673,Vashi,2019-01-27,17,0,1,1,0,0,0,0,0,0,0.0,0.942176,0,0.0,0,402,0,2,0.9326,0.6167,RED,26,Mumbai
CLM0026563,MUM_05501,Ghatkopar,2021-04-07,19,0,1,1,1,1,0,1,1,1,0.0,1.0,0,0.0,0,5,2,18,0.1553,0.7231,RED,50,Mumbai
CLM0026564,MUM_02277,Bandra,2019-08-17,12,0,1,1,1,1,1,1,1,1,1.0,1.0,1,0.0,0,5,0,18,0.102,0.6918,RED,36,Mumbai
CLM0026565,MUM_03100,Thane,2023-11-19,9,0,1,1,0,0,1,1,0,1,1.0,0.903882,0,1.0,0,5,2,18,0.5843,0.4465,YELLOW,51,Mumbai
CLM0026566,MUM_00457,Borivali,2017-06-11,10,0,1,1,1,1,0,1,1,1,0.0,0.981938,0,0.0,1,27,1,18,0.275,0.6963,RED,37,Mumbai
CLM0026567,MUM_07854,Dadar,2024-10-28,14,0,1,1,1,1,0,1,1,1,1.0,0.885172,0,0.0,0,19,2,18,0.2806,0.7614,RED,46,Mumbai
CLM0026568,MUM_08541,Thane,2024-11-13,18,0,0,0,1,0,0,0,0,0,1.0,1.0,0,1.0,0,224,3,2,0.7734,0.1023,GREEN,45,Mumbai
CLM0026569,MUM_03538,Lower Parel,2017-04-04,17,0,0,0,0,0,0,0,0,0,1.0,0.927673,0,1.0,0,103,0,3,0.7801,0.0232,GREEN,43,Mumbai
CLM0026570,MUM_04428,Andheri,2019-01-31,17,0,0,0,0,0,0,0,0,0,0.0,0.104025,0,0.0,0,82,2,3,0.1419,0.0,GREEN,34,Mumbai
CLM0026571,MUM_04244,Vashi,2019-02-24,14,0,0,0,0,0,0,0,0,0,0.0,0.184416,0,1.0,0,420,0,6,0.9223,0.1018,GREEN,36,Mumbai
CLM0026572,MUM_01133,Bandra,2025-11-20,19,0,1,1,0,0,0,0,0,0,0.0,0.172061,0,0.0,0,420,0,3,0.5828,0.7436,RED,29,Mumbai
CLM0026573,MUM_04865,Dadar,2019-04-21,15,0,1,1,1,1,1,1,0,1,1.0,0.980978,0,1.0,1,20,2,18,0.1504,0.7115,RED,46,Mumbai
CLM0026574,MUM_04322,Bandra,2022-02-23,19,0,1,1,0,0,0,0,1,0,0.0,0.162545,1,0.0,0,254,0,1,0.6509,0.6516,RED,29,Mumbai
CLM0026575,MUM_00134,Ghatkopar,2018-01-17,9,0,1,1,1,0,0,0,1,1,1.0,1.0,1,0.0,1,5,0,18,0.98,0.7326,RED,51,Mumbai
CLM0026576,MUM_09770,Borivali,2024-02-21,12,0,1,1,0,1,1,1,1,0,1.0,0.616445,1,0.0,1,5,0,18,0.4003,0.6684,RED,48,Mumbai
CLM0026577,MUM_09777,Powai,2023-07-28,9,0,1,1,0,0,0,1,1,0,0.0,0.055154,1,0.0,0,7,1,18,0.8588,0.3312,YELLOW,45,Mumbai
CLM0026578,MUM_04470,Vashi,2021-12-28,13,0,1,1,0,0,1,1,1,1,0.0,0.336442,1,0.0,1,19,2,18,0.05,0.6976,RED,49,Mumbai
CLM0026579,MUM_02946,Borivali,2017-11-23,19,0,1,1,0,1,0,1,1,1,1.0,1.0,0,1.0,1,11,1,18,0.569,0.7125,RED,30,Mumbai
CLM0026580,MUM_09884,Andheri,2020-07-27,21,0,1,1,0,0,0,0,0,0,0.0,0.044248,0,0.0,0,259,2,1,0.5631,0.5916,YELLOW,49,Mumbai
CLM0026581,MUM_01721,Lower Parel,2017-12-28,18,0,1,1,1,1,0,1,0,1,0.0,0.183116,0,0.0,1,5,2,18,0.4501,0.7603,RED,29,Mumbai
CLM0026582,MUM_04036,Bandra,2024-10-27,16,0,1,1,1,0,1,1,1,1,0.0,0.098811,0,0.0,1,5,2,18,0.9569,0.7305,RED,61,Mumbai
CLM0026583,MUM_07943,Lower Parel,2024-01-07,10,0,1,1,1,0,1,1,1,0,0.0,0.153208,0,0.0,0,5,2,18,0.8235,0.6563,RED,54,Mumbai
CLM0026584,MUM_07125,Lower Parel,2023-01-23,11,0,1,1,1,0,1,0,0,0,0.0,0.184,0,0.0,0,5,2,0,0.5852,0.2656,GREEN,29,Mumbai
CLM0026585,MUM_07379,Borivali,2025-03-20,13,0,1,1,0,0,0,0,0,0,0.0,0.256761,0,0.0,0,192,3,1,0.98,0.0,GREEN,41,Mumbai
CLM0026586,MUM_01097,Ghatkopar,2024-10-13,13,0,0,0,0,0,0,0,0,1,0.0,0.403915,0,0.0,0,129,4,1,0.7198,0.1018,GREEN,56,Mumbai
CLM0026587,MUM_03311,Lower Parel,2023-09-02,18,0,0,0,0,0,0,0,0,0,0.0,0.169849,0,0.0,0,265,0,3,0.98,0.0077,GREEN,41,Mumbai
CLM0026588,MUM_03532,Bandra,2025-10-17,17,0,0,0,0,0,0,0,0,0,0.0,1.0,0,0.0,0,19,0,0,0.7442,0.0,GREEN,51,Mumbai
CLM0026589,MUM_01546,Dadar,2024-07-07,14,0,0,0,0,0,0,0,0,0,0.0,0.241256,0,0.0,0,365,2,1,0.7692,0.0827,GREEN,48,Mumbai
CLM0026590,MUM_05439,Dadar,2025-08-17,14,0,0,0,0,0,0,0,0,0,0.0,0.073346,0,0.0,0,88,1,1,0.2887,0.0,GREEN,22,Mumbai
CLM0026591,MUM_03584,Thane,2022-10-08,10,0,0,0,0,0,0,0,0,0,0.0,0.264791,0,0.0,0,89,1,0,0.6917,0.0,GREEN,58,Mumbai
CLM0026592,MUM_07840,Vashi,2025-01-20,16,0,0,0,0,0,1,0,0,0,1.0,0.999781,0,0.0,0,323,0,3,0.98,0.262,GREEN,42,Mumbai
CLM0026593,MUM_08102,Bandra,2022-07-30,21,0,0,0,0,0,0,0,0,0,0.0,0.268413,0,0.0,0,420,3,4,0.7781,0.1597,GREEN,54,Mumbai
CLM0026594,MUM_02140,Thane,2024-02-03,20,0,1,1,0,0,0,0,0,0,0.0,0.340249,0,0.0,0,275,1,0,0.3478,0.227,GREEN,45,Mumbai
CLM0026595,MUM_02544,Borivali,2024-05-24,11,0,0,0,1,0,1,0,1,1,0.0,0.982881,0,1.0,0,5,1,18,0.3134,0.0101,GREEN,34,Mumbai
CLM0026596,MUM_01412,Chembur,2020-12-30,18,0,0,0,0,0,1,0,0,0,0.0,0.151103,0,0.0,0,338,1,4,0.05,0.066,GREEN,58,Mumbai
CLM0026597,MUM_05237,Chembur,2024-04-17,8,0,0,0,0,0,0,0,0,0,0.0,0.061254,0,0.0,0,299,2,1,0.7412,0.0,GREEN,53,Mumbai
CLM0026598,MUM_08537,Powai,2021-09-02,19,0,0,0,1,0,0,0,0,0,0.0,0.409727,0,0.0,0,420,0,1,0.8112,0.196,GREEN,30,Mumbai
CLM0026599,MUM_00178,Lower Parel,2024-06-09,15,0,0,0,0,0,1,0,0,0,0.0,0.021583,0,0.0,0,293,0,1,0.8492,0.1525,GREEN,35,Mumbai
CLM0026600,MUM_09191,Vashi,2021-02-27,10,0,0,0,0,0,0,0,0,0,0.0,0.106068,0,0.0,0,154,3,0,0.5705,0.0062,GREEN,32,Mumbai
CLM0026601,MUM_02084,Powai,2023-08-24,13,0,0,0,0,0,0,0,1,0,0.0,0.22895,0,0.0,0,152,0,1,0.8803,0.1423,GREEN,23,Mumbai
CLM0026602,MUM_02093,Thane,2020-10-09,14,0,0,0,1,0,0,0,1,0,0.0,0.253454,0,0.0,0,376,2,6,0.2056,0.2278,GREEN,38,Mumbai
CLM0026603,MUM_09806,Dadar,2019-06-05,13,0,0,0,0,0,0,0,0,0,0.0,0.256424,0,0.0,0,353,2,0,0.6163,0.071,GREEN,38,Mumbai
CLM0026604,MUM_02207,Borivali,2024-05-22,14,0,0,0,0,0,0,0,0,0,0.0,0.362554,0,0.0,0,420,1,0,0.6599,0.0,GREEN,34,Mumbai
CLM0026605,MUM_02904,Andheri,2018-06-05,19,0,0,0,0,0,0,0,0,0,0.0,0.174122,0,0.0,0,270,2,6,0.6764,0.0,GREEN,43,Mumbai
CLM0026606,MUM_01653,Chembur,2019-05-17,18,0,0,0,0,0,0,0,0,0,0.0,0.146031,0,0.0,0,380,1,5,0.9232,0.0,GREEN,44,Mumbai
CLM0026607,MUM_06689,Vashi,2023-06-03,16,0,0,0,0,1,0,1,1,0,0.0,0.985679,0,0.0,0,5,0,18,0.1101,0.068,GREEN,44,Mumbai
CLM0026608,MUM_02403,Bandra,2017-12-15,11,0,0,0,0,0,0,0,0,0,0.0,0.434396,0,0.0,0,172,3,2,0.669,0.0353,GREEN,63,Mumbai
CLM0026609,MUM_09417,Ghatkopar,2021-04-05,14,0,0,0,0,0,0,0,0,0,0.0,0.128446,0,0.0,0,420,2,3,0.9374,0.0391,GREEN,48,Mumbai
CLM0026610,MUM_06139,Dadar,2021-09-11,11,0,0,0,0,0,0,0,0,0,0.0,0.350207,0,0.0,0,124,0,5,0.7809,0.0133,GREEN,33,Mumbai
CLM0026611,MUM_01192,Bandra,2018-05-24,15,0,0,0,0,0,0,0,0,0,0.0,0.233462,0,0.0,0,384,4,0,0.1385,0.0,GREEN,42,Mumbai
CLM0026612,MUM_08010,Vashi,2025-10-24,8,0,0,0,0,0,0,0,0,0,0.0,0.257325,0,0.0,0,52,4,5,0.9581,0.0,GREEN,47,Mumbai
CLM0026613,MUM_07746,Chembur,2024-08-30,18,0,0,0,0,0,0,0,0,0,0.0,0.176682,0,0.0,0,234,4,0,0.9435,0.0155,GREEN,39,Mumbai
CLM0026614,MUM_06711,Thane,2025-02-21,11,0,0,0,1,0,1,0,0,0,0.0,0.136518,0,0.0,0,159,3,1,0.7649,0.3291,YELLOW,56,Mumbai
CLM0026615,MUM_01532,Ghatkopar,2024-12-06,16,0,0,0,0,1,0,0,0,0,0.0,0.231474,0,0.0,0,418,1,2,0.98,0.1428,GREEN,56,Mumbai
CLM0026616,MUM_08153,Ghatkopar,2019-09-05,15,0,0,0,0,1,1,1,1,1,0.0,1.0,0,1.0,0,25,1,18,0.05,0.0856,GREEN,42,Mumbai
CLM0026617,MUM_02502,Vashi,2023-09-16,20,0,1,1,0,0,0,1,0,0,0.0,0.372715,0,0.0,0,398,0,1,0.7751,0.0,GREEN,55,Mumbai
CLM0026618,MUM_05828,Lower Parel,2023-02-05,11,0,0,0,0,0,0,0,0,0,0.0,0.993055,0,0.0,0,420,0,6,0.6602,0.0279,GREEN,43,Mumbai
CLM0026619,MUM_00534,Bandra,2021-03-06,19,0,0,0,0,0,0,0,0,0,0.0,0.497582,0,0.0,0,176,0,4,0.05,0.0,GREEN,38,Mumbai
CLM0026620,MUM_04162,Andheri,2025-06-09,19,0,1,1,1,0,0,0,0,0,0.0,0.048776,0,0.0,0,210,2,3,0.6794,0.2244,GREEN,28,Mumbai
CLM0026621,MUM_06105,Chembur,2024-12-15,14,0,0,0,0,0,0,0,0,0,1.0,0.319172,0,0.0,0,132,0,2,0.6965,0.1626,GREEN,59,Mumbai
CLM0026622,MUM_03121,Andheri,2020-08-26,10,0,0,0,0,0,0,0,0,0,0.0,0.091816,0,0.0,0,391,2,6,0.4871,0.0301,GREEN,50,Mumbai
CLM0026623,MUM_08536,Bandra,2024-07-19,21,0,0,0,0,0,1,1,0,1,0.0,0.20474,0,0.0,1,285,3,2,0.8223,0.2226,GREEN,41,Mumbai
CLM0026624,MUM_02620,Thane,2023-07-24,12,0,0,0,0,0,0,0,0,0,1.0,0.169865,0,0.0,0,183,2,6,0.5341,0.0752,GREEN,43,Mumbai
CLM0026625,MUM_00840,Bandra,2025-02-08,14,0,1,1,0,0,0,0,0,0,1.0,0.133453,0,0.0,0,228,0,3,0.5895,0.7266,RED,38,Mumbai
CLM0026626,MUM_07800,Lower Parel,2025-01-13,12,0,1,1,1,1,0,1,1,1,1.0,1.0,1,1.0,1,5,1,18,0.3501,0.893,RED,45,Mumbai
CLM0026627,MUM_00969,Lower Parel,2025-07-13,11,0,1,1,1,0,1,0,1,1,0.0,1.0,0,0.0,0,22,1,13,0.1458,0.5187,YELLOW,45,Mumbai
CLM0026628,MUM_09404,Vashi,2025-07-05,18,0,1,1,0,0,0,1,1,1,1.0,0.294549,0,1.0,1,5,2,18,0.9375,0.5635,YELLOW,42,Mumbai
CLM0026629,MUM_06063,Andheri,2024-04-07,12,0,1,1,0,0,0,0,0,0,0.0,0.139381,0,0.0,0,420,2,2,0.9649,0.8888,RED,18,Mumbai
CLM0026630,MUM_02674,Thane,2025-02-09,15,0,0,0,0,0,0,0,0,0,0.0,0.307752,0,0.0,0,321,0,4,0.98,0.0,GREEN,35,Mumbai
CLM0026631,MUM_09117,Andheri,2018-11-27,21,0,0,0,0,0,0,0,0,0,0.0,0.091528,0,0.0,0,290,1,3,0.8976,0.0,GREEN,50,Mumbai
CLM0026632,MUM_04862,Powai,2021-11-30,11,0,0,0,0,0,0,0,0,0,1.0,0.276156,0,0.0,1,229,3,0,0.486,0.1207,GREEN,50,Mumbai
CLM0026633,MUM_03239,Andheri,2019-05-22,11,0,0,0,0,0,0,0,0,0,0.0,0.02384,0,0.0,0,302,1,1,0.7063,0.1209,GREEN,49,Mumbai
CLM0026634,MUM_01659,Vashi,2025-12-20,15,0,0,0,0,0,0,0,0,0,0.0,0.206337,1,0.0,0,355,1,1,0.918,0.1492,GREEN,44,Mumbai
CLM0026635,MUM_08010,Vashi,2025-01-09,17,0,0,0,0,0,0,0,0,0,0.0,0.263419,0,0.0,0,420,0,6,0.1019,0.0,GREEN,47,Mumbai
CLM0026636,MUM_01798,Vashi,2024-01-23,9,0,0,0,0,0,0,0,0,0,0.0,1.0,0,0.0,0,420,0,4,0.9228,0.0,GREEN,34,Mumbai
CLM0026637,MUM_05157,Lower Parel,2023-12-07,21,0,0,0,0,0,0,0,0,0,0.0,0.341834,0,0.0,1,114,1,5,0.7341,0.0459,GREEN,37,Mumbai
CLM0026638,MUM_01538,Bandra,2022-08-18,8,0,0,0,0,0,0,0,0,0,0.0,0.30539,0,0.0,0,168,1,1,0.5309,0.0,GREEN,44,Mumbai
CLM0026639,MUM_07324,Thane,2020-03-24,13,0,0,0,0,0,1,0,0,0,0.0,0.316519,0,0.0,0,85,4,3,0.05,0.1001,GREEN,50,Mumbai
CLM0026640,MUM_01355,Dadar,2017-08-12,21,0,0,0,0,0,0,0,1,0,0.0,0.23337,0,0.0,0,398,2,0,0.5645,0.0678,GREEN,21,Mumbai
CLM0026641,MUM_06596,Dadar,2019-11-12,7,0,0,0,0,0,0,1,1,0,0.0,0.302983,0,0.0,0,54,0,4,0.7903,0.1676,GREEN,51,Mumbai
CLM0026642,MUM_02195,Borivali,2023-12-10,21,0,0,0,0,0,0,0,0,0,1.0,0.253047,0,0.0,0,420,3,0,0.7034,0.0823,GREEN,51,Mumbai
CLM0026643,MUM_07402,Powai,2025-05-06,17,0,0,0,0,0,0,0,0,0,0.0,0.0,0,0.0,0,319,4,6,0.5843,0.0445,GREEN,34,Mumbai
CLM0026644,MUM_02490,Vashi,2024-05-19,14,0,0,0,0,0,1,0,0,0,0.0,0.278242,0,0.0,0,137,2,0,0.9317,0.1493,GREEN,38,Mumbai
CLM0026645,MUM_00021,Bandra,2025-07-19,13,0,0,0,0,0,0,0,0,0,0.0,0.179251,0,0.0,0,365,1,0,0.98,0.0345,GREEN,43,Mumbai
CLM0026646,MUM_09041,Chembur,2025-05-06,14,0,0,0,0,1,0,0,0,0,0.0,0.010691,0,0.0,0,5,0,8,0.9185,0.2409,GREEN,38,Mumbai
CLM0026647,MUM_00132,Lower Parel,2024-10-31,20,0,0,0,0,0,0,0,0,0,1.0,0.216799,0,0.0,0,320,3,0,0.0811,0.1167,GREEN,36,Mumbai
CLM0026648,MUM_04875,Lower Parel,2025-04-28,20,0,0,0,1,0,0,0,0,0,0.0,0.235552,0,0.0,0,420,0,2,0.9117,0.1293,GREEN,51,Mumbai
CLM0026649,MUM_04996,Powai,2025-04-03,13,0,0,0,0,0,0,0,0,0,0.0,0.089093,0,0.0,0,297,3,3,0.8131,0.0757,GREEN,36,Mumbai
CLM0026650,MUM_01210,Chembur,2024-08-20,17,0,0,0,0,0,0,0,0,0,0.0,0.164938,0,0.0,0,5,0,2,0.855,0.0021,GREEN,52,Mumbai
CLM0026651,MUM_02939,Lower Parel,2024-03-24,15,0,1,1,0,0,0,1,0,0,0.0,0.203509,0,0.0,0,164,4,4,0.8207,0.1006,GREEN,56,Mumbai
CLM0026652,MUM_05666,Andheri,2023-05-27,13,0,0,0,0,0,0,0,0,0,0.0,0.035776,0,0.0,0,199,1,0,0.8767,0.0208,GREEN,38,Mumbai
CLM0026653,MUM_06597,Thane,2024-09-15,16,0,0,0,0,0,0,0,0,0,0.0,0.059651,0,0.0,0,420,0,6,0.1385,0.0,GREEN,27,Mumbai
CLM0026654,MUM_04946,Thane,2017-12-04,18,0,0,0,0,0,0,0,0,0,0.0,0.97915,0,0.0,0,420,0,3,0.7138,0.0,GREEN,46,Mumbai
CLM0026655,MUM_06410,Thane,2025-02-25,7,0,0,0,0,0,0,0,0,0,1.0,0.371412,1,0.0,0,420,0,5,0.7509,0.1129,GREEN,51,Mumbai
CLM0026656,MUM_03972,Borivali,2019-01-31,7,0,0,0,1,1,0,1,1,1,0.0,0.128764,1,0.0,0,5,2,18,0.9226,0.0467,GREEN,40,Mumbai
CLM0026657,MUM_06024,Chembur,2016-05-17,14,0,0,0,0,0,0,0,0,0,0.0,0.127856,0,0.0,0,104,0,3,0.6661,0.0172,GREEN,37,Mumbai
CLM0026658,MUM_07960,Chembur,2019-01-10,17,0,0,0,0,0,0,0,0,0,0.0,0.068049,0,0.0,0,127,0,3,0.6659,0.0025,GREEN,50,Mumbai
CLM0026659,MUM_08621,Vashi,2017-05-07,14,0,0,0,0,0,0,0,0,1,0.0,0.317079,0,0.0,0,415,1,0,0.6789,0.1727,GREEN,33,Mumbai
CLM0026660,MUM_00054,Bandra,2024-12-16,13,0,0,0,0,0,0,0,1,0,0.0,0.10827,0,0.0,0,330,1,0,0.6355,0.0151,GREEN,46,Mumbai
CLM0026661,MUM_09071,Andheri,2021-03-09,17,0,0,0,0,0,0,0,0,0,0.0,0.967627,0,0.0,0,366,3,5,0.5202,0.0074,GREEN,47,Mumbai
CLM0026662,MUM_08686,Vashi,2025-12-26,9,0,0,0,0,0,0,0,0,0,0.0,0.3235,0,0.0,0,398,0,2,0.828,0.0,GREEN,42,Mumbai
CLM0026663,MUM_04961,Lower Parel,2025-04-29,16,0,0,0,0,0,1,0,0,0,0.0,0.932584,0,0.0,0,277,0,2,0.7644,0.1038,GREEN,32,Mumbai
CLM0026664,MUM_08738,Lower Parel,2025-11-30,12,0,0,0,0,0,0,0,0,0,0.0,0.26053,0,0.0,0,342,1,4,0.7343,0.0,GREEN,46,Mumbai
CLM0026665,MUM_02685,Ghatkopar,2024-12-28,14,0,0,0,0,0,0,0,0,0,0.0,0.361417,0,0.0,1,369,3,5,0.8376,0.1246,GREEN,52,Mumbai
CLM0026666,MUM_00857,Lower Parel,2025-03-08,11,0,0,0,0,0,0,1,0,0,1.0,0.456636,0,0.0,0,69,4,2,0.05,0.1028,GREEN,29,Mumbai
CLM0026667,MUM_08428,Bandra,2025-12-16,17,0,0,0,0,0,0,0,0,0,0.0,0.999144,0,0.0,0,109,2,3,0.8723,0.0661,GREEN,45,Mumbai
CLM0026668,MUM_01176,Chembur,2025-07-21,19,0,0,0,0,0,0,0,0,0,0.0,0.0,0,0.0,0,420,3,0,0.9012,0.0,GREEN,38,Mumbai
CLM0026669,MUM_06487,Borivali,2025-05-04,16,0,0,0,0,0,1,0,0,0,0.0,0.234264,0,0.0,0,387,1,0,0.5221,0.0425,GREEN,55,Mumbai
CLM0026670,MUM_04728,Borivali,2025-02-28,12,0,0,0,0,0,0,0,0,0,0.0,0.884288,0,0.0,0,268,1,2,0.6,0.2073,GREEN,51,Mumbai
CLM0026671,MUM_09190,Powai,2025-01-21,14,0,0,0,0,0,0,0,0,0,0.0,0.339984,0,0.0,0,17,2,0,0.6841,0.0518,GREEN,41,Mumbai
CLM0026672,MUM_04375,Thane,2024-12-17,12,0,0,0,0,0,0,0,0,0,1.0,0.02759,0,0.0,0,46,1,1,0.05,0.0699,GREEN,43,Mumbai
CLM0026673,MUM_01023,Borivali,2020-01-24,16,0,0,0,0,0,0,0,0,0,0.0,0.397575,0,0.0,0,349,0,1,0.7593,0.0933,GREEN,50,Mumbai
CLM0026674,MUM_01433,Ghatkopar,2023-05-05,7,0,0,0,0,0,1,0,0,0,0.0,0.21558,0,0.0,0,388,2,3,0.6647,0.0796,GREEN,18,Mumbai
CLM0026675,MUM_04030,Vashi,2024-04-01,18,0,0,0,0,0,0,0,0,0,0.0,0.024603,0,0.0,1,60,4,3,0.7687,0.0882,GREEN,32,Mumbai
CLM0026676,MUM_07935,Borivali,2025-05-03,20,0,0,0,0,0,0,0,0,0,0.0,0.133687,0,0.0,0,420,4,2,0.9365,0.0,GREEN,35,Mumbai
CLM0026677,MUM_01596,Thane,2019-01-29,12,0,0,0,0,0,0,0,0,0,0.0,0.166435,0,0.0,0,390,2,0,0.1233,0.0808,GREEN,30,Mumbai
CLM0026678,MUM_03498,Lower Parel,2020-06-04,15,0,0,0,0,0,0,0,0,0,0.0,0.252664,0,0.0,0,120,2,0,0.1719,0.0457,GREEN,39,Mumbai
CLM0026679,MUM_05504,Vashi,2019-03-02,19,0,0,0,0,0,0,0,0,0,0.0,0.039484,0,0.0,0,280,0,5,0.8061,0.0229,GREEN,67,Mumbai
CLM0026680,MUM_07614,Borivali,2020-09-01,10,0,0,0,0,0,0,0,0,0,0.0,0.226706,0,0.0,0,420,2,1,0.6935,0.0,GREEN,47,Mumbai
CLM0026681,MUM_05234,Dadar,2023-04-08,15,0,0,0,1,0,0,0,0,0,0.0,0.976754,0,0.0,0,373,2,0,0.98,0.1355,GREEN,54,Mumbai
CLM0026682,MUM_00987,Dadar,2023-11-16,13,0,0,0,0,0,0,0,0,0,0.0,0.026263,0,0.0,0,420,2,0,0.5986,0.0632,GREEN,31,Mumbai
CLM0026683,MUM_06662,Ghatkopar,2024-05-03,21,0,0,0,0,1,0,0,1,0,0.0,1.0,0,0.0,0,250,4,4,0.98,0.2331,GREEN,45,Mumbai
CLM0026684,MUM_04853,Bandra,2025-06-19,12,0,0,0,0,0,0,0,0,0,0.0,1.0,0,0.0,0,311,0,3,0.1057,0.0156,GREEN,54,Mumbai
CLM0026685,MUM_04665,Dadar,2024-04-05,17,0,0,0,0,0,0,0,0,1,0.0,1.0,0,0.0,0,420,3,3,0.6961,0.1075,GREEN,51,Mumbai
CLM0026686,MUM_05597,Bandra,2025-08-08,11,0,0,0,0,0,0,0,0,0,0.0,0.221012,0,0.0,0,340,3,1,0.9033,0.0819,GREEN,35,Mumbai
CLM0026687,MUM_00116,Ghatkopar,2018-08-19,9,0,1,1,0,0,1,1,0,0,0.0,0.213172,0,0.0,0,414,3,0,0.819,0.137,GREEN,39,Mumbai
CLM0026688,MUM_07562,Dadar,2024-11-19,15,0,0,0,0,0,1,0,0,0,0.0,0.315854,0,0.0,1,338,0,1,0.8022,0.1398,GREEN,49,Mumbai
CLM0026689,MUM_06192,Bandra,2022-10-31,8,0,0,0,0,0,0,0,0,0,0.0,0.275714,0,0.0,0,295,2,2,0.8367,0.0538,GREEN,23,Mumbai
CLM0026690,MUM_04774,Ghatkopar,2025-12-21,14,0,0,0,0,0,0,0,0,0,1.0,1.0,0,1.0,0,344,1,1,0.0654,0.0039,GREEN,36,Mumbai
CLM0026691,MUM_03920,Ghatkopar,2023-02-13,9,0,0,0,0,0,0,0,0,0,0.0,0.22526,0,0.0,0,420,3,1,0.481,0.0322,GREEN,32,Mumbai
CLM0026692,MUM_02193,Lower Parel,2022-03-21,14,0,0,0,0,0,0,0,0,0,0.0,0.009595,0,0.0,0,161,1,0,0.5599,0.0,GREEN,56,Mumbai
CLM0026693,MUM_01295,Thane,2019-09-11,9,0,0,0,0,0,1,0,0,0,1.0,0.211739,0,0.0,0,419,2,2,0.7786,0.0364,GREEN,60,Mumbai
CLM0026694,MUM_03477,Ghatkopar,2017-05-05,7,0,0,0,0,0,0,0,0,0,0.0,0.233758,0,0.0,0,164,1,3,0.4771,0.0,GREEN,52,Mumbai
CLM0026695,MUM_06164,Ghatkopar,2017-03-27,17,0,0,0,0,0,0,0,0,0,0.0,0.354473,0,0.0,0,324,1,3,0.7806,0.0,GREEN,33,Mumbai
CLM0026696,MUM_01832,Andheri,2023-09-24,20,0,0,0,0,0,0,0,0,0,0.0,0.173371,0,0.0,0,218,4,4,0.7212,0.0,GREEN,26,Mumbai
CLM0026697,MUM_07117,Chembur,2025-04-23,10,0,0,0,0,0,1,0,0,0,0.0,0.1659,0,1.0,0,75,2,2,0.8996,0.1173,GREEN,30,Mumbai
CLM0026698,MUM_08525,Ghatkopar,2025-11-09,7,0,0,0,1,0,1,1,1,0,0.0,0.0,0,1.0,1,25,0,18,0.8809,0.0394,GREEN,34,Mumbai
CLM0026699,MUM_02920,Chembur,2025-11-07,9,0,0,0,0,0,0,0,0,0,0.0,0.981461,0,0.0,0,336,3,1,0.6911,0.0125,GREEN,46,Mumbai
CLM0026700,MUM_09135,Andheri,2025-04-07,7,0,0,0,0,0,0,0,0,0,1.0,0.040434,0,0.0,0,407,0,0,0.8215,0.0313,GREEN,55,Mumbai
CLM0026701,MUM_05029,Dadar,2024-05-19,10,0,0,0,0,0,0,0,0,0,0.0,0.925401,0,0.0,0,373,4,4,0.9261,0.1124,GREEN,45,Mumbai
CLM0026702,MUM_04556,Bandra,2025-05-02,17,0,0,0,0,0,0,0,0,1,0.0,0.041666,0,0.0,0,357,0,3,0.5759,0.1013,GREEN,21,Mumbai
CLM0026703,MUM_07198,Thane,2025-01-07,8,0,0,0,0,0,0,1,0,0,0.0,0.881689,0,0.0,0,199,3,4,0.76,0.0174,GREEN,47,Mumbai
CLM0026704,MUM_08347,Lower Parel,2024-12-16,16,0,1,1,0,0,0,1,0,0,0.0,0.358905,0,0.0,0,217,4,0,0.801,0.2412,GREEN,44,Mumbai
CLM0026705,MUM_03185,Ghatkopar,2021-09-22,9,0,1,1,1,0,1,0,1,0,1.0,0.887174,0,1.0,1,5,2,18,0.3803,0.564,YELLOW,32,Mumbai
CLM0026706,MUM_09864,Powai,2021-11-15,16,0,1,1,0,1,0,1,1,1,0.0,0.089337,0,0.0,1,5,2,18,0.9254,0.7059,RED,46,Mumbai
CLM0026707,MUM_07467,Powai,2024-03-27,17,0,1,1,1,0,0,1,0,1,1.0,0.956538,0,1.0,0,5,1,18,0.1953,0.4967,YELLOW,54,Mumbai
CLM0026708,MUM_02406,Andheri,2022-05-30,9,0,1,1,1,0,1,1,1,1,1.0,1.0,0,0.0,1,24,2,16,0.1717,0.6986,RED,29,Mumbai
CLM0026709,MUM_08212,Lower Parel,2024-03-12,9,0,1,1,0,1,1,1,1,1,1.0,0.630512,0,0.0,1,5,2,18,0.2833,0.7008,RED,33,Mumbai
CLM0026710,MUM_09389,Borivali,2022-12-25,10,0,1,1,1,1,0,1,1,1,1.0,1.0,0,1.0,0,44,0,18,0.06,0.6575,RED,42,Mumbai
CLM0026711,MUM_00508,Ghatkopar,2021-10-07,10,0,1,1,1,1,1,1,1,0,0.0,0.140103,0,1.0,0,5,0,18,0.0931,0.7368,RED,18,Mumbai
CLM0026712,MUM_01490,Chembur,2023-05-15,9,0,1,1,1,1,1,1,0,1,0.0,0.083905,1,0.0,0,30,1,18,0.8703,0.6055,YELLOW,35,Mumbai
CLM0026713,MUM_07515,Borivali,2025-07-15,16,0,1,1,1,0,0,1,1,0,0.0,1.0,0,1.0,1,5,1,18,0.5052,0.448,YELLOW,43,Mumbai
CLM0026714,MUM_07926,Thane,2024-07-21,8,0,1,1,0,0,1,1,0,0,1.0,0.901372,0,0.0,1,5,1,18,0.3966,0.4373,YELLOW,51,Mumbai
CLM0026715,MUM_02466,Powai,2023-07-05,16,0,1,1,1,1,1,1,1,1,1.0,0.904452,0,0.0,1,5,1,18,0.2696,0.9416,RED,39,Mumbai
CLM0026716,MUM_04987,Bandra,2020-03-30,19,0,1,1,1,1,0,1,1,1,0.0,0.932366,0,1.0,1,18,2,18,0.8287,0.8513,RED,62,Mumbai
CLM0026717,MUM_04019,Vashi,2020-02-26,20,0,1,1,1,1,1,1,0,0,1.0,0.960263,0,0.0,0,16,1,18,0.0573,0.556,YELLOW,36,Mumbai
CLM0026718,MUM_00522,Lower Parel,2024-03-24,14,0,1,1,1,0,1,1,1,1,0.0,0.164275,0,0.0,0,11,0,18,0.98,0.7951,RED,48,Mumbai
CLM0026719,MUM_04371,Andheri,2018-05-31,21,0,0,0,0,0,0,0,0,1,0.0,0.04664,0,0.0,1,420,2,2,0.6773,0.285,GREEN,37,Mumbai
CLM0026720,MUM_00961,Vashi,2018-03-06,10,0,0,0,0,0,0,0,0,0,0.0,0.0,0,0.0,0,306,3,1,0.9326,0.0,GREEN,57,Mumbai
CLM0026721,MUM_04789,Bandra,2023-11-30,10,0,0,0,0,1,1,0,0,0,0.0,0.30125,0,0.0,0,163,1,2,0.8133,0.1797,GREEN,31,Mumbai
CLM0026722,MUM_00088,Andheri,2019-04-05,13,0,0,0,0,0,0,1,0,0,0.0,0.085948,0,0.0,0,420,3,5,0.6141,0.1231,GREEN,52,Mumbai
CLM0026723,MUM_07680,Borivali,2022-08-28,17,0,0,0,0,0,0,0,0,0,0.0,0.023637,0,0.0,0,366,3,3,0.4971,0.0081,GREEN,41,Mumbai
CLM0026724,MUM_09511,Andheri,2022-08-24,14,0,0,0,0,0,0,0,0,0,0.0,0.283672,0,0.0,0,74,3,1,0.6171,0.0918,GREEN,50,Mumbai
CLM0026725,MUM_05229,Bandra,2020-04-16,8,0,0,0,0,0,0,0,0,0,0.0,0.166378,1,0.0,0,218,4,3,0.906,0.0697,GREEN,31,Mumbai
CLM0026726,MUM_07145,Lower Parel,2021-04-20,19,0,0,0,0,0,0,0,0,1,0.0,1.0,0,0.0,0,127,3,0,0.4518,0.0976,GREEN,46,Mumbai
CLM0026727,MUM_03389,Bandra,2023-04-12,14,0,0,0,0,0,1,0,0,0,0.0,0.29908,0,0.0,0,420,4,3,0.4252,0.0087,GREEN,37,Mumbai
CLM0026728,MUM_05441,Andheri,2023-10-28,21,0,0,0,0,0,0,0,0,0,0.0,1.0,0,1.0,0,420,1,2,0.4141,0.0255,GREEN,47,Mumbai
CLM0026729,MUM_09263,Andheri,2023-09-02,15,0,0,0,1,1,0,1,1,1,1.0,0.899798,0,1.0,0,17,3,10,0.7624,0.1821,GREEN,48,Mumbai
CLM0026730,MUM_00160,Dadar,2022-12-28,20,0,0,0,0,0,0,1,0,0,0.0,0.10078,0,0.0,0,420,1,5,0.6476,0.1501,GREEN,37,Mumbai
CLM0026731,MUM_02839,Bandra,2018-10-31,20,0,1,1,0,0,0,0,0,0,0.0,0.092686,0,0.0,1,204,3,3,0.1224,0.0448,GREEN,28,Mumbai
CLM0026732,MUM_03554,Lower Parel,2024-03-28,14,0,0,0,0,0,0,0,0,0,0.0,0.425104,0,0.0,0,118,0,0,0.8441,0.0,GREEN,44,Mumbai
CLM0026733,MUM_06875,Thane,2019-06-10,21,0,0,0,0,0,0,0,0,0,0.0,0.067025,0,0.0,0,398,0,4,0.8032,0.0,GREEN,18,Mumbai
CLM0026734,MUM_09628,Dadar,2018-07-19,8,0,0,0,0,0,0,0,1,0,0.0,0.221553,1,0.0,0,350,2,0,0.7295,0.1401,GREEN,38,Mumbai
CLM0026735,MUM_07407,Lower Parel,2018-04-30,10,0,0,0,0,0,0,0,1,0,0.0,0.013622,0,0.0,0,403,3,5,0.9771,0.1699,GREEN,46,Mumbai
CLM0026736,MUM_09949,Lower Parel,2022-11-01,16,0,0,0,0,0,0,0,0,0,0.0,0.138784,0,0.0,0,305,4,1,0.2168,0.0,GREEN,47,Mumbai
CLM0026737,MUM_02831,Dadar,2024-05-01,8,0,0,0,0,0,0,0,1,0,0.0,0.222088,0,0.0,0,411,4,4,0.6573,0.1081,GREEN,55,Mumbai
CLM0026738,MUM_02111,Vashi,2022-08-25,19,0,0,0,0,0,0,0,0,0,0.0,0.010961,0,0.0,0,420,1,2,0.8827,0.0154,GREEN,45,Mumbai
CLM0026739,MUM_07356,Powai,2024-01-19,19,0,0,0,0,0,0,0,1,0,0.0,0.98434,0,0.0,0,285,3,0,0.1983,0.0704,GREEN,24,Mumbai
CLM0026740,MUM_00384,Ghatkopar,2017-08-19,15,0,0,0,0,0,0,0,0,0,0.0,0.214281,0,0.0,0,322,3,0,0.8371,0.0,GREEN,46,Mumbai
CLM0026741,MUM_04724,Ghatkopar,2020-05-12,19,0,0,0,0,0,0,0,0,0,0.0,0.231161,0,0.0,0,181,4,0,0.5573,0.0315,GREEN,41,Mumbai
CLM0026742,MUM_09107,Chembur,2025-10-15,11,0,0,0,0,0,0,0,0,0,0.0,0.216777,0,0.0,0,368,2,2,0.8665,0.0155,GREEN,32,Mumbai
CLM0026743,MUM_07116,Vashi,2024-11-23,18,0,0,0,0,0,0,0,0,0,0.0,0.100289,0,0.0,0,154,4,3,0.5429,0.0504,GREEN,41,Mumbai
CLM0026744,MUM_04110,Thane,2025-10-21,9,0,0,0,0,0,0,0,0,0,0.0,0.328757,1,0.0,0,420,3,0,0.2102,0.0896,GREEN,41,Mumbai
CLM0026745,MUM_01507,Lower Parel,2023-02-05,8,0,0,0,0,0,1,0,0,0,0.0,0.440588,0,0.0,0,149,1,4,0.9534,0.2178,GREEN,31,Mumbai
CLM0026746,MUM_08281,Dadar,2024-05-13,15,0,0,0,0,0,0,1,0,1,0.0,0.080146,1,0.0,0,312,1,1,0.721,0.1623,GREEN,50,Mumbai
CLM0026747,MUM_02399,Thane,2022-05-11,21,0,0,0,1,1,0,0,0,1,0.0,0.344605,0,0.0,0,328,1,2,0.9183,0.4376,YELLOW,27,Mumbai
CLM0026748,MUM_02122,Thane,2018-08-04,21,0,0,0,0,0,0,0,0,0,0.0,0.206249,0,0.0,0,208,3,1,0.8986,0.0,GREEN,34,Mumbai
CLM0026749,MUM_07931,Thane,2025-09-27,21,0,0,0,1,0,0,0,0,0,0.0,0.319475,0,0.0,0,152,0,5,0.1615,0.0957,GREEN,41,Mumbai
CLM0026750,MUM_07798,Vashi,2024-03-29,10,0,0,0,0,0,1,0,0,0,0.0,0.912136,0,0.0,0,56,4,5,0.5955,0.1177,GREEN,54,Mumbai
CLM0026751,MUM_02698,Andheri,2023-03-13,17,0,1,1,1,0,0,1,1,0,0.0,0.155829,0,0.0,1,8,2,18,0.98,0.4848,YELLOW,46,Mumbai
CLM0026752,MUM_01122,Dadar,2021-11-19,14,0,1,1,0,0,0,1,0,0,0.0,0.216933,1,0.0,0,27,1,18,0.98,0.301,GREEN,40,Mumbai
CLM0026753,MUM_04194,Powai,2023-04-02,11,0,0,0,0,0,0,0,0,1,1.0,0.034446,0,0.0,0,380,1,1,0.7145,0.1139,GREEN,30,Mumbai
CLM0026754,MUM_02860,Thane,2019-08-30,14,0,0,0,0,0,0,0,0,0,0.0,0.134058,0,0.0,0,416,2,1,0.9084,0.0043,GREEN,57,Mumbai
CLM0026755,MUM_04892,Thane,2020-12-02,18,0,0,0,0,0,1,1,0,0,0.0,0.005361,0,0.0,1,420,2,6,0.6038,0.3045,GREEN,53,Mumbai
CLM0026756,MUM_00571,Andheri,2024-07-13,17,0,0,0,0,0,0,0,0,0,0.0,0.241186,0,0.0,0,145,4,4,0.7891,0.0355,GREEN,46,Mumbai
CLM0026757,MUM_08044,Thane,2024-04-24,9,0,0,0,0,0,0,0,0,0,0.0,0.286632,0,0.0,0,206,4,3,0.7822,0.0248,GREEN,26,Mumbai
CLM0026758,MUM_04444,Powai,2020-03-08,10,0,0,0,0,0,0,0,0,0,0.0,0.083771,0,0.0,0,420,3,3,0.1246,0.0284,GREEN,32,Mumbai
CLM0026759,MUM_00013,Thane,2019-05-18,16,0,0,0,0,0,0,0,0,0,0.0,0.192826,0,0.0,0,192,3,8,0.7659,0.0706,GREEN,53,Mumbai
CLM0026760,MUM_06386,Dadar,2018-11-04,13,0,0,0,1,0,1,1,1,1,0.0,0.058559,1,0.0,0,26,0,18,0.8701,0.0615,GREEN,37,Mumbai
CLM0026761,MUM_08063,Borivali,2020-11-18,16,0,0,0,0,0,0,0,0,0,0.0,0.215038,0,0.0,1,420,3,1,0.9618,0.17,GREEN,59,Mumbai
CLM0026762,MUM_01061,Dadar,2024-08-02,19,0,0,0,0,0,0,0,1,0,1.0,0.976797,0,1.0,0,420,4,0,0.2713,0.1403,GREEN,34,Mumbai
CLM0026763,MUM_04049,Lower Parel,2021-01-22,20,0,0,0,1,0,0,0,0,0,0.0,0.433903,0,0.0,0,118,0,3,0.8009,0.0685,GREEN,39,Mumbai
CLM0026764,MUM_06346,Dadar,2023-09-18,14,0,0,0,0,0,0,0,0,0,1.0,0.21824,0,0.0,0,299,3,4,0.8124,0.1318,GREEN,57,Mumbai
CLM0026765,MUM_07965,Lower Parel,2022-11-02,12,0,0,0,0,1,0,0,0,0,0.0,0.210209,0,0.0,0,366,3,0,0.98,0.2546,GREEN,52,Mumbai
CLM0026766,MUM_05281,Bandra,2022-09-08,15,0,0,0,0,0,0,0,1,1,0.0,0.180262,0,0.0,0,420,4,1,0.5609,0.2387,GREEN,46,Mumbai
CLM0026767,MUM_06153,Chembur,2020-03-22,21,0,0,0,0,0,0,0,0,0,1.0,0.967424,0,1.0,0,199,3,0,0.8671,0.1029,GREEN,29,Mumbai
CLM0026768,MUM_00487,Ghatkopar,2024-11-06,15,0,0,0,0,0,0,0,0,0,0.0,0.143463,0,0.0,0,363,0,4,0.05,0.0,GREEN,30,Mumbai
CLM0026769,MUM_00670,Dadar,2025-01-25,18,0,0,0,0,0,0,0,0,0,1.0,0.145661,0,0.0,0,149,2,0,0.98,0.0513,GREEN,45,Mumbai
CLM0026770,MUM_00085,Lower Parel,2021-11-17,12,0,1,1,0,0,0,0,1,1,0.0,0.246962,0,0.0,0,420,4,3,0.98,0.2221,GREEN,47,Mumbai
CLM0026771,MUM_07183,Chembur,2025-01-07,12,0,0,0,0,0,0,0,1,0,0.0,0.042839,0,0.0,0,420,3,3,0.2598,0.1013,GREEN,44,Mumbai
CLM0026772,MUM_06010,Andheri,2023-04-28,15,0,0,0,1,1,0,1,1,0,1.0,0.545072,1,1.0,1,5,3,18,0.1034,0.181,GREEN,41,Mumbai
CLM0026773,MUM_02963,Chembur,2023-11-28,17,0,0,0,0,0,0,0,0,0,0.0,0.485895,0,0.0,0,420,2,0,0.1204,0.0496,GREEN,41,Mumbai
CLM0026774,MUM_04744,Dadar,2024-07-28,9,0,0,0,0,0,0,0,0,0,0.0,0.040925,0,0.0,0,345,2,1,0.8919,0.0325,GREEN,39,Mumbai
CLM0026775,MUM_02469,Powai,2025-10-20,8,0,0,0,0,0,0,1,0,0,0.0,0.166139,0,0.0,0,62,4,4,0.7674,0.0599,GREEN,37,Mumbai
CLM0026776,MUM_05657,Lower Parel,2021-04-17,14,0,0,0,0,0,0,0,0,1,0.0,0.157534,0,0.0,0,420,2,2,0.7734,0.1354,GREEN,37,Mumbai
CLM0026777,MUM_06545,Lower Parel,2024-12-05,14,0,0,0,0,0,0,0,0,1,0.0,0.135946,0,0.0,0,324,0,1,0.6261,0.1944,GREEN,34,Mumbai
CLM0026778,MUM_00266,Dadar,2023-12-09,21,0,0,0,0,0,0,0,0,0,0.0,0.331268,0,0.0,0,404,4,2,0.5508,0.0,GREEN,55,Mumbai
CLM0026779,MUM_01198,Bandra,2025-03-30,15,0,0,0,0,1,0,1,0,0,0.0,0.280326,0,0.0,0,420,0,2,0.7629,0.1158,GREEN,30,Mumbai
CLM0026780,MUM_05808,Borivali,2025-10-21,13,0,0,0,0,0,0,0,0,0,0.0,0.358875,0,0.0,0,246,3,6,0.7931,0.0185,GREEN,44,Mumbai
CLM0026781,MUM_05154,Andheri,2024-07-14,7,0,0,0,0,0,0,0,0,0,0.0,0.365465,0,0.0,0,399,2,6,0.98,0.0,GREEN,21,Mumbai
CLM0026782,MUM_06544,Andheri,2020-08-11,15,0,0,0,0,0,0,0,0,0,0.0,0.229909,0,0.0,0,175,0,4,0.6918,0.0106,GREEN,58,Mumbai
CLM0026783,MUM_01066,Ghatkopar,2022-10-01,14,0,0,0,0,0,0,0,0,0,0.0,0.135943,0,0.0,0,216,3,6,0.8713,0.0391,GREEN,47,Mumbai
CLM0026784,MUM_09721,Bandra,2021-09-10,20,0,0,0,0,0,0,0,0,0,0.0,0.272758,0,0.0,0,163,3,3,0.505,0.0342,GREEN,44,Mumbai
CLM0026785,MUM_09320,Vashi,2024-11-11,14,1,0,0,0,0,0,0,0,0,0.0,0.393677,0,0.0,0,400,2,2,0.841,0.0329,GREEN,22,Mumbai
CLM0026786,MUM_08421,Bandra,2023-04-30,11,0,0,0,0,0,0,0,0,0,1.0,0.198569,0,0.0,0,365,4,3,0.93,0.1029,GREEN,41,Mumbai
CLM0026787,MUM_08900,Borivali,2023-06-27,12,0,0,0,0,1,0,0,0,0,0.0,0.225557,0,0.0,0,148,0,0,0.7605,0.0249,GREEN,40,Mumbai
CLM0026788,MUM_06539,Vashi,2024-06-16,14,0,0,0,0,0,0,0,0,0,1.0,0.234253,0,0.0,0,397,2,7,0.05,0.0,GREEN,38,Mumbai
CLM0026789,MUM_02448,Dadar,2024-01-24,18,0,0,0,0,0,1,0,0,0,0.0,0.324695,0,0.0,1,420,3,2,0.3135,0.0931,GREEN,27,Mumbai
CLM0026790,MUM_01682,Bandra,2025-11-20,7,0,0,0,0,0,1,0,0,0,0.0,0.019203,0,0.0,0,307,1,3,0.8061,0.1099,GREEN,42,Mumbai
CLM0026791,MUM_03857,Bandra,2020-11-01,8,0,0,0,1,1,0,1,0,1,0.0,0.108688,0,0.0,1,49,0,18,0.9009,0.0716,GREEN,40,Mumbai
CLM0026792,MUM_03711,Dadar,2025-07-07,17,0,1,1,0,0,0,0,0,0,0.0,0.178766,0,0.0,0,246,2,2,0.733,0.0,GREEN,45,Mumbai
CLM0026793,MUM_05092,Ghatkopar,2019-02-06,16,0,0,0,0,0,0,0,0,0,0.0,0.249934,0,0.0,0,69,4,2,0.9296,0.188,GREEN,47,Mumbai
CLM0026794,MUM_00672,Dadar,2022-12-17,15,0,0,0,0,0,0,0,0,0,1.0,0.423597,1,0.0,0,339,1,6,0.7988,0.0,GREEN,38,Mumbai
CLM0026795,MUM_02482,Lower Parel,2022-08-31,16,0,0,0,0,0,0,0,1,0,0.0,0.396242,0,1.0,0,92,2,0,0.1989,0.0793,GREEN,45,Mumbai
CLM0026796,MUM_05388,Bandra,2023-11-01,14,0,0,0,0,0,0,0,1,0,0.0,0.236153,0,0.0,0,134,0,2,0.8914,0.0443,GREEN,18,Mumbai
CLM0026797,MUM_03319,Thane,2023-05-20,7,0,0,0,0,0,0,0,0,0,0.0,0.141729,0,0.0,0,49,1,6,0.8462,0.0872,GREEN,40,Mumbai
CLM0026798,MUM_07653,Powai,2025-05-18,17,0,0,0,0,0,1,0,0,0,0.0,0.954982,0,0.0,0,156,3,4,0.7933,0.0005,GREEN,46,Mumbai
CLM0026799,MUM_06955,Chembur,2025-07-24,16,0,0,0,0,0,0,0,0,0,0.0,0.022668,0,0.0,0,35,0,5,0.7733,0.0,GREEN,50,Mumbai
CLM0026800,MUM_08567,Powai,2025-02-26,10,0,0,0,0,0,0,0,0,0,0.0,0.052841,0,0.0,0,27,4,1,0.8163,0.0069,GREEN,30,Mumbai
CLM0026801,MUM_05405,Lower Parel,2024-07-24,7,0,0,0,0,0,1,0,0,0,0.0,0.138822,0,0.0,0,272,1,4,0.4917,0.0774,GREEN,59,Mumbai
CLM0026802,MUM_08160,Borivali,2024-12-13,17,0,0,0,0,0,0,0,0,0,0.0,0.280979,0,0.0,0,420,2,3,0.9228,0.0,GREEN,51,Mumbai
CLM0026803,MUM_05360,Dadar,2025-11-10,8,0,0,0,0,1,0,0,0,1,1.0,0.969176,1,0.0,1,23,1,18,0.2117,0.2038,GREEN,35,Mumbai
CLM0026804,MUM_06834,Lower Parel,2024-03-15,18,0,0,0,0,0,0,0,0,0,0.0,0.033249,0,0.0,0,198,2,3,0.4197,0.0,GREEN,34,Mumbai
CLM0026805,MUM_05544,Borivali,2023-10-24,15,0,0,0,0,0,0,0,0,0,0.0,0.351354,0,0.0,0,249,0,4,0.8679,0.0,GREEN,42,Mumbai
CLM0026806,MUM_09627,Lower Parel,2024-06-18,17,0,0,0,0,0,0,0,0,0,0.0,0.148596,0,0.0,0,200,1,2,0.6877,0.0,GREEN,39,Mumbai
CLM0026807,MUM_00055,Thane,2025-05-05,18,0,0,0,0,0,0,0,0,0,0.0,1.0,0,0.0,0,398,3,3,0.8863,0.0,GREEN,42,Mumbai
CLM0026808,MUM_06196,Andheri,2021-02-12,19,0,0,0,0,0,0,0,0,0,0.0,0.242812,0,0.0,0,378,2,3,0.6961,0.0662,GREEN,37,Mumbai
CLM0026809,MUM_09601,Vashi,2025-04-17,15,0,0,0,0,0,0,0,0,0,0.0,0.275193,0,0.0,0,234,2,1,0.5933,0.0,GREEN,55,Mumbai
CLM0026810,MUM_00793,Lower Parel,2023-11-17,20,0,0,0,0,0,0,0,0,0,0.0,0.003764,0,0.0,0,83,1,3,0.8668,0.1404,GREEN,51,Mumbai
CLM0026811,MUM_05430,Powai,2025-11-21,8,0,0,0,0,0,0,0,0,0,1.0,0.109862,0,0.0,0,374,4,0,0.8311,0.0638,GREEN,37,Mumbai
CLM0026812,MUM_03380,Chembur,2021-11-18,12,0,0,0,0,0,0,0,0,0,0.0,0.083365,0,0.0,1,300,2,0,0.9184,0.0733,GREEN,49,Mumbai
CLM0026813,MUM_07885,Lower Parel,2021-02-26,16,0,0,0,0,0,0,0,0,0,0.0,0.191041,0,0.0,0,82,3,5,0.7959,0.0,GREEN,42,Mumbai
CLM0026814,MUM_06700,Andheri,2023-10-11,21,0,0,0,0,0,0,0,0,1,0.0,0.413884,0,0.0,0,420,1,0,0.7691,0.0681,GREEN,58,Mumbai
CLM0026815,MUM_05877,Lower Parel,2021-12-08,14,0,0,0,1,0,0,0,0,0,0.0,0.213961,0,0.0,0,301,3,2,0.0592,0.0987,GREEN,38,Mumbai
CLM0026816,MUM_00867,Ghatkopar,2021-05-30,11,0,0,0,0,0,0,0,0,0,0.0,0.255143,0,0.0,0,368,1,0,0.7233,0.013,GREEN,36,Mumbai
CLM0026817,MUM_06868,Chembur,2019-11-23,7,0,0,0,0,0,0,1,0,0,0.0,0.004148,0,0.0,0,138,1,4,0.7092,0.0086,GREEN,55,Mumbai
CLM0026818,MUM_04172,Borivali,2021-06-22,21,0,0,0,0,0,0,1,0,0,0.0,1.0,0,0.0,0,340,1,2,0.4412,0.1275,GREEN,45,Mumbai
CLM0026819,MUM_09550,Powai,2021-10-15,18,0,0,0,0,0,0,0,1,0,0.0,0.240972,0,0.0,0,203,0,2,0.6914,0.0931,GREEN,52,Mumbai
CLM0026820,MUM_01540,Chembur,2022-03-12,19,0,0,0,0,0,0,0,0,1,0.0,0.117994,0,0.0,0,79,2,4,0.8077,0.2277,GREEN,37,Mumbai
CLM0026821,MUM_06755,Bandra,2025-03-30,19,0,0,0,0,0,0,0,0,0,0.0,0.352859,0,0.0,1,83,0,2,0.98,0.0685,GREEN,23,Mumbai
CLM0026822,MUM_09440,Lower Parel,2021-03-26,11,0,0,0,0,0,0,0,0,0,0.0,0.092483,0,0.0,1,221,4,0,0.7424,0.0705,GREEN,65,Mumbai
CLM0026823,MUM_03645,Chembur,2023-08-26,10,0,1,1,0,0,0,0,0,0,0.0,0.988708,0,0.0,0,274,1,5,0.7682,0.0153,GREEN,37,Mumbai
CLM0026824,MUM_03549,Vashi,2025-10-04,20,0,0,0,0,0,0,0,0,0,0.0,0.032788,0,0.0,0,271,2,0,0.5167,0.0712,GREEN,37,Mumbai
CLM0026825,MUM_08628,Vashi,2024-01-20,19,0,0,0,0,0,0,1,0,0,0.0,0.276144,0,0.0,0,370,4,0,0.9135,0.0,GREEN,46,Mumbai
CLM0026826,MUM_06161,Borivali,2022-12-14,11,0,0,0,0,0,0,0,0,0,0.0,0.268969,0,0.0,0,420,3,4,0.6559,0.0,GREEN,45,Mumbai
CLM0026827,MUM_00574,Chembur,2025-12-24,21,0,0,0,0,0,0,0,0,0,0.0,0.017069,1,0.0,0,107,4,4,0.9134,0.082,GREEN,55,Mumbai
CLM0026828,MUM_02800,Borivali,2020-10-15,13,0,0,0,0,0,0,0,0,0,0.0,0.429562,0,0.0,0,420,0,0,0.6427,0.0,GREEN,36,Mumbai
CLM0026829,MUM_01174,Thane,2022-01-12,16,0,0,0,0,0,1,0,0,0,0.0,0.349214,0,0.0,0,367,3,6,0.7837,0.0574,GREEN,34,Mumbai
CLM0026830,MUM_05311,Ghatkopar,2024-06-02,9,0,0,0,0,0,0,0,1,0,0.0,1.0,0,0.0,0,36,3,3,0.8559,0.2008,GREEN,33,Mumbai
CLM0026831,MUM_02837,Powai,2021-11-08,10,0,0,0,0,0,0,0,0,0,0.0,0.373882,0,0.0,0,395,2,3,0.6954,0.0,GREEN,34,Mumbai
CLM0026832,MUM_09260,Ghatkopar,2023-12-28,14,0,0,0,0,0,0,0,1,0,0.0,0.456016,0,1.0,0,274,4,0,0.05,0.0481,GREEN,64,Mumbai
CLM0026833,MUM_07383,Thane,2024-08-21,8,0,0,0,0,0,1,0,0,0,0.0,0.043622,0,0.0,0,217,0,3,0.5936,0.0552,GREEN,49,Mumbai
CLM0026834,MUM_05518,Andheri,2023-04-14,15,0,0,0,0,0,0,0,0,0,0.0,0.474774,0,0.0,0,257,1,3,0.096,0.0431,GREEN,39,Mumbai
CLM0026835,MUM_09099,Thane,2021-05-24,14,0,0,0,0,1,0,0,0,0,0.0,0.169193,0,0.0,0,416,1,4,0.4819,0.2173,GREEN,34,Mumbai
CLM0026836,MUM_05097,Chembur,2025-02-15,11,0,0,0,0,0,0,0,0,0,0.0,0.0,0,0.0,0,250,3,8,0.8542,0.0871,GREEN,61,Mumbai
CLM0026837,MUM_07380,Bandra,2022-10-29,9,0,0,0,0,1,0,0,0,0,0.0,0.150803,0,0.0,0,291,3,0,0.592,0.1437,GREEN,38,Mumbai
CLM0026838,MUM_05453,Borivali,2023-03-06,20,0,0,0,0,0,0,0,0,0,1.0,0.303741,0,0.0,0,219,0,0,0.6864,0.0338,GREEN,26,Mumbai
CLM0026839,MUM_03213,Vashi,2023-04-21,20,0,0,0,0,0,0,0,0,0,0.0,0.28533,0,0.0,0,194,1,3,0.7898,0.0,GREEN,42,Mumbai
CLM0026840,MUM_04502,Andheri,2025-05-01,14,0,0,0,0,0,0,0,1,0,0.0,0.166468,0,0.0,0,164,4,2,0.9213,0.0759,GREEN,40,Mumbai
CLM0026841,MUM_07815,Ghatkopar,2023-07-16,17,0,0,0,0,0,0,0,0,1,0.0,0.316643,0,0.0,0,391,2,4,0.7502,0.1421,GREEN,40,Mumbai
CLM0026842,MUM_00106,Lower Parel,2024-03-06,9,0,0,0,0,0,0,0,0,0,0.0,0.066719,0,0.0,0,126,2,2,0.98,0.0,GREEN,38,Mumbai
CLM0026843,MUM_07459,Thane,2022-09-24,14,0,0,0,0,0,0,0,0,0,0.0,0.406519,0,0.0,0,254,1,6,0.6253,0.0,GREEN,32,Mumbai
CLM0026844,MUM_03253,Vashi,2025-10-01,21,0,0,0,0,0,1,1,0,0,0.0,0.103097,0,0.0,0,420,3,3,0.6581,0.2161,GREEN,36,Mumbai
CLM0026845,MUM_09022,Vashi,2023-03-29,17,0,0,0,0,0,0,0,0,0,0.0,0.25369,0,0.0,1,75,3,5,0.699,0.125,GREEN,29,Mumbai
CLM0026846,MUM_02981,Andheri,2019-12-24,12,0,0,0,0,0,0,0,0,0,0.0,0.314095,0,0.0,0,222,0,0,0.5264,0.0,GREEN,47,Mumbai
CLM0026847,MUM_09236,Dadar,2020-02-08,12,0,0,0,0,1,0,0,0,0,1.0,0.07114,0,0.0,0,391,3,3,0.6873,0.2021,GREEN,22,Mumbai
CLM0026848,MUM_03945,Lower Parel,2025-08-24,10,0,0,0,0,0,0,0,0,0,0.0,0.494415,0,0.0,0,396,4,0,0.8538,0.0,GREEN,53,Mumbai
CLM0026849,MUM_06702,Bandra,2019-08-08,8,0,0,0,0,0,0,0,0,0,0.0,0.409218,0,0.0,0,188,2,1,0.4072,0.0072,GREEN,52,Mumbai
CLM0026850,MUM_06966,Andheri,2016-06-30,17,0,0,0,0,0,0,0,0,0,0.0,0.164397,0,0.0,0,170,1,0,0.2088,0.0002,GREEN,30,Mumbai
CLM0026851,MUM_07959,Dadar,2025-04-17,7,0,0,0,0,0,0,0,0,0,0.0,0.365678,0,0.0,0,119,4,4,0.9743,0.0,GREEN,59,Mumbai
CLM0026852,MUM_07796,Vashi,2024-11-19,14,0,0,0,0,0,0,0,0,0,0.0,0.371315,0,0.0,0,80,1,3,0.9077,0.0,GREEN,36,Mumbai
CLM0026853,MUM_04657,Chembur,2020-01-25,20,0,0,0,0,0,0,0,1,0,0.0,0.008271,0,0.0,1,262,1,2,0.87,0.0987,GREEN,39,Mumbai
CLM0026854,MUM_07708,Bandra,2019-07-12,10,0,0,0,0,0,0,0,0,0,0.0,0.056659,0,0.0,0,391,1,4,0.637,0.2188,GREEN,32,Mumbai
CLM0026855,MUM_00772,Thane,2025-08-03,14,0,0,0,0,0,0,0,0,0,0.0,0.211236,0,0.0,0,173,2,2,0.8138,0.0556,GREEN,40,Mumbai
CLM0026856,MUM_02847,Powai,2020-11-12,11,1,1,1,0,0,0,0,0,0,0.0,1.0,0,1.0,0,420,1,0,0.1781,0.0,GREEN,46,Mumbai
CLM0026857,MUM_00475,Thane,2016-06-28,7,0,0,0,0,0,0,1,0,1,0.0,0.244175,0,0.0,0,311,0,2,0.3275,0.173,GREEN,24,Mumbai
CLM0026858,MUM_04529,Andheri,2019-04-11,12,0,0,0,0,0,0,0,0,0,0.0,0.298087,0,0.0,0,52,1,2,0.5182,0.0,GREEN,47,Mumbai
CLM0026859,MUM_07276,Thane,2019-04-21,7,0,0,0,0,0,0,1,1,0,0.0,0.182843,0,0.0,0,325,4,3,0.7549,0.1138,GREEN,41,Mumbai
CLM0026860,MUM_00266,Dadar,2021-09-23,13,0,0,0,0,0,0,0,1,0,0.0,0.108437,0,0.0,0,198,0,2,0.651,0.1618,GREEN,55,Mumbai
CLM0026861,MUM_09347,Borivali,2025-05-11,16,0,0,0,0,0,0,0,0,1,0.0,0.077962,0,0.0,0,272,0,1,0.8964,0.094,GREEN,32,Mumbai
CLM0026862,MUM_08287,Thane,2025-04-21,14,0,1,1,0,0,0,0,1,0,1.0,1.0,0,1.0,0,359,0,6,0.5493,0.0407,GREEN,28,Mumbai
CLM0026863,MUM_01023,Borivali,2024-10-21,13,0,0,0,0,0,0,0,0,0,0.0,0.24323,0,0.0,0,398,3,0,0.7505,0.0,GREEN,50,Mumbai
CLM0026864,MUM_03343,Andheri,2024-04-24,10,0,0,0,0,0,0,0,0,0,0.0,0.155845,1,0.0,0,118,2,0,0.6005,0.0,GREEN,30,Mumbai
CLM0026865,MUM_01525,Chembur,2024-01-08,11,0,0,0,0,0,0,0,1,0,0.0,0.345762,0,0.0,0,205,1,4,0.6469,0.037,GREEN,57,Mumbai
CLM0026866,MUM_09832,Lower Parel,2024-11-30,9,0,0,0,0,0,0,0,1,0,0.0,0.0825,0,0.0,0,39,2,0,0.887,0.0253,GREEN,35,Mumbai
CLM0026867,MUM_05051,Borivali,2024-02-03,10,0,0,0,0,0,0,0,0,0,0.0,0.270725,0,0.0,0,390,4,5,0.7812,0.086,GREEN,44,Mumbai
CLM0026868,MUM_04304,Bandra,2025-07-23,18,0,0,0,0,0,0,0,0,0,0.0,0.114556,0,0.0,0,394,2,3,0.7627,0.0,GREEN,34,Mumbai
CLM0026869,MUM_08225,Chembur,2023-07-22,12,0,1,1,0,0,1,0,0,0,0.0,0.237142,0,0.0,0,214,0,4,0.5034,0.1438,GREEN,45,Mumbai
CLM0026870,MUM_02268,Dadar,2024-01-06,17,0,0,0,0,0,0,0,0,0,0.0,0.408018,0,0.0,0,93,1,3,0.9104,0.0,GREEN,44,Mumbai
CLM0026871,MUM_02572,Chembur,2025-01-08,20,0,1,1,0,0,0,0,0,0,0.0,0.119674,0,0.0,0,141,2,3,0.4421,0.0,GREEN,42,Mumbai
CLM0026872,MUM_05531,Bandra,2024-11-06,15,0,1,1,1,1,0,1,1,1,0.0,0.098033,0,0.0,1,22,0,10,0.9085,0.8971,RED,29,Mumbai
CLM0026873,MUM_06012,Dadar,2025-02-09,14,0,1,1,0,0,0,1,0,0,1.0,0.283947,0,1.0,0,156,0,0,0.7595,0.6672,RED,43,Mumbai
CLM0026874,MUM_04358,Thane,2025-03-11,14,0,1,1,0,0,0,0,0,0,0.0,0.0,0,0.0,0,420,0,4,0.6359,0.6814,RED,45,Mumbai
CLM0026875,MUM_00606,Vashi,2025-06-02,10,0,1,1,1,1,1,0,1,1,0.0,0.054614,1,0.0,0,16,2,18,0.9147,0.8913,RED,61,Mumbai
CLM0026876,MUM_04556,Bandra,2024-01-13,21,0,1,1,1,1,1,1,1,1,0.0,0.091226,0,0.0,0,5,2,18,0.9048,0.9276,RED,21,Mumbai
CLM0026877,MUM_00355,Dadar,2025-01-06,8,0,1,1,0,0,0,0,1,0,0.0,0.082336,0,0.0,0,420,2,1,0.7586,0.6821,RED,51,Mumbai
CLM0026878,MUM_00286,Andheri,2023-09-28,19,0,0,0,0,0,0,0,0,0,0.0,0.38964,0,0.0,0,420,1,1,0.4454,0.0308,GREEN,58,Mumbai
CLM0026879,MUM_07817,Bandra,2023-06-04,21,0,0,0,0,0,0,0,0,0,0.0,0.0,0,0.0,0,134,1,5,0.936,0.0002,GREEN,55,Mumbai
CLM0026880,MUM_08554,Borivali,2025-01-27,8,0,0,0,1,0,0,0,1,1,0.0,0.08519,1,0.0,0,5,1,18,0.8587,0.1969,GREEN,51,Mumbai
CLM0026881,MUM_07708,Bandra,2024-06-25,14,0,0,0,0,0,0,0,1,0,0.0,0.294044,0,0.0,0,91,3,7,0.0787,0.0882,GREEN,32,Mumbai
CLM0026882,MUM_04928,Lower Parel,2020-11-19,8,0,0,0,0,0,0,0,0,0,0.0,0.225856,0,0.0,0,299,4,2,0.2837,0.0877,GREEN,47,Mumbai
CLM0026883,MUM_07664,Chembur,2021-07-01,13,0,0,0,0,0,0,0,0,0,0.0,0.361535,0,0.0,0,165,1,2,0.5281,0.041,GREEN,62,Mumbai
CLM0026884,MUM_02091,Ghatkopar,2022-06-01,9,0,0,0,0,0,0,0,0,0,0.0,0.420979,0,0.0,0,125,2,4,0.9088,0.0,GREEN,19,Mumbai
CLM0026885,MUM_04199,Thane,2025-04-10,13,0,0,0,0,0,0,0,0,0,0.0,0.114813,0,0.0,0,208,1,6,0.5064,0.0,GREEN,62,Mumbai
CLM0026886,MUM_06309,Lower Parel,2025-01-11,16,0,1,1,0,0,0,0,0,1,0.0,0.223518,0,0.0,0,329,4,1,0.5512,0.1153,GREEN,18,Mumbai
CLM0026887,MUM_01357,Ghatkopar,2025-11-02,16,0,0,0,0,0,0,0,0,0,0.0,0.212123,0,1.0,0,220,2,1,0.8297,0.0,GREEN,62,Mumbai
CLM0026888,MUM_04142,Ghatkopar,2024-12-06,14,0,0,0,0,0,0,0,0,0,0.0,0.140083,0,0.0,0,214,4,4,0.5885,0.0,GREEN,29,Mumbai
CLM0026889,MUM_00655,Vashi,2025-08-11,12,0,0,0,0,0,0,0,0,0,0.0,0.225675,0,0.0,0,198,4,0,0.98,0.0,GREEN,34,Mumbai
CLM0026890,MUM_04454,Chembur,2024-08-07,9,0,0,0,1,0,0,0,0,0,0.0,0.275825,1,0.0,0,396,3,0,0.1107,0.2672,GREEN,48,Mumbai
CLM0026891,MUM_02277,Bandra,2024-08-24,16,0,0,0,0,0,1,0,0,0,0.0,0.113626,0,0.0,1,226,2,3,0.8649,0.1768,GREEN,36,Mumbai
CLM0026892,MUM_00311,Ghatkopar,2024-08-23,20,0,0,0,0,0,0,1,0,0,0.0,0.031743,0,0.0,0,225,2,1,0.6139,0.0783,GREEN,31,Mumbai
CLM0026893,MUM_01621,Powai,2024-07-30,17,0,0,0,1,0,0,1,0,0,0.0,0.119566,0,0.0,0,66,3,2,0.081,0.2874,GREEN,18,Mumbai
CLM0026894,MUM_06103,Chembur,2024-11-28,9,0,0,0,0,0,0,0,0,0,1.0,0.0,0,0.0,0,242,3,5,0.8523,0.0583,GREEN,40,Mumbai
CLM0026895,MUM_01324,Thane,2025-05-15,21,0,0,0,0,0,0,0,0,0,0.0,0.948726,0,0.0,0,193,4,0,0.7589,0.0,GREEN,38,Mumbai
CLM0026896,MUM_05983,Ghatkopar,2025-06-08,7,0,0,0,0,0,1,0,0,0,0.0,0.301465,0,0.0,0,258,3,3,0.6322,0.085,GREEN,41,Mumbai
CLM0026897,MUM_03792,Dadar,2020-03-31,11,0,0,0,0,0,0,0,0,0,0.0,0.421287,0,0.0,0,245,2,1,0.4689,0.087,GREEN,51,Mumbai
CLM0026898,MUM_01746,Dadar,2021-02-20,13,0,0,0,0,0,1,0,0,0,1.0,0.4005,0,0.0,0,75,2,0,0.0976,0.0633,GREEN,57,Mumbai
CLM0026899,MUM_05385,Bandra,2020-03-24,11,0,0,0,0,0,0,0,0,0,0.0,0.270706,0,0.0,0,420,4,1,0.8329,0.0,GREEN,38,Mumbai
CLM0026900,MUM_08518,Vashi,2021-07-03,13,0,0,0,0,0,0,1,0,0,0.0,0.055023,0,0.0,0,157,0,5,0.5851,0.1224,GREEN,30,Mumbai
CLM0026901,MUM_00139,Lower Parel,2021-10-31,7,0,0,0,0,0,0,1,0,0,0.0,0.249049,0,0.0,0,420,1,6,0.6066,0.1377,GREEN,34,Mumbai
CLM0026902,MUM_07932,Lower Parel,2023-09-04,7,0,0,0,0,0,0,0,0,0,0.0,0.385989,0,1.0,0,245,4,3,0.1603,0.0,GREEN,41,Mumbai
CLM0026903,MUM_02909,Dadar,2018-11-02,8,0,0,0,0,0,0,0,1,1,0.0,0.276822,0,0.0,0,238,2,0,0.5778,0.285,GREEN,28,Mumbai
CLM0026904,MUM_08103,Borivali,2025-05-19,8,0,0,0,0,0,0,0,0,0,0.0,0.229041,0,0.0,0,264,0,0,0.4919,0.0,GREEN,56,Mumbai
CLM0026905,MUM_02484,Ghatkopar,2022-06-22,9,0,0,0,0,0,0,0,0,0,0.0,0.256305,0,0.0,0,179,4,3,0.669,0.0,GREEN,44,Mumbai
CLM0026906,MUM_04167,Borivali,2020-07-29,18,0,0,0,0,0,0,0,0,0,0.0,0.144316,0,0.0,0,296,1,6,0.5036,0.0,GREEN,40,Mumbai
CLM0026907,MUM_02196,Vashi,2020-04-23,17,0,0,0,0,0,1,0,0,0,0.0,0.0,0,0.0,0,420,0,3,0.4093,0.0574,GREEN,41,Mumbai
CLM0026908,MUM_07064,Chembur,2024-12-01,9,0,0,0,0,0,0,1,0,0,0.0,0.944726,0,0.0,0,158,1,1,0.8979,0.0858,GREEN,52,Mumbai
CLM0026909,MUM_06155,Thane,2025-11-01,17,0,0,0,0,0,0,0,0,1,0.0,0.103298,0,0.0,0,118,2,2,0.5019,0.1677,GREEN,18,Mumbai
CLM0026910,MUM_05902,Thane,2025-02-24,8,0,1,1,0,0,0,0,0,0,0.0,0.464755,0,0.0,0,420,1,1,0.7711,0.0622,GREEN,28,Mumbai
CLM0026911,MUM_05537,Lower Parel,2025-04-18,15,0,0,0,0,0,0,1,0,1,0.0,0.011369,0,0.0,0,125,1,1,0.05,0.2076,GREEN,48,Mumbai
CLM0026912,MUM_08969,Chembur,2025-07-04,17,0,0,0,1,1,0,1,1,0,0.0,0.06576,0,0.0,1,7,4,18,0.8569,0.0,GREEN,27,Mumbai
CLM0026913,MUM_01077,Andheri,2024-12-15,21,0,0,0,0,0,0,0,0,0,0.0,0.335249,0,0.0,0,416,1,3,0.1526,0.0632,GREEN,43,Mumbai
CLM0026914,MUM_05118,Bandra,2024-12-02,7,0,0,0,0,0,0,0,0,0,0.0,0.299996,0,0.0,0,329,2,0,0.98,0.0,GREEN,34,Mumbai
CLM0026915,MUM_07688,Vashi,2024-11-02,12,0,0,0,0,0,0,0,0,0,0.0,0.183587,0,0.0,0,125,2,5,0.5822,0.0,GREEN,43,Mumbai
CLM0026916,MUM_00832,Andheri,2022-05-02,9,0,0,0,0,0,0,1,0,0,1.0,0.967093,0,0.0,0,420,0,0,0.2077,0.1957,GREEN,39,Mumbai
CLM0026917,MUM_02884,Chembur,2025-12-20,10,0,0,0,0,0,0,0,0,0,0.0,0.197795,0,0.0,0,420,0,5,0.9248,0.0396,GREEN,52,Mumbai
CLM0026918,MUM_07965,Lower Parel,2022-11-17,16,0,0,0,0,0,0,0,0,0,0.0,0.217283,0,0.0,0,387,0,0,0.7321,0.0231,GREEN,52,Mumbai
CLM0026919,MUM_06076,Thane,2024-06-22,20,0,0,0,0,0,0,0,0,0,1.0,0.2118,0,1.0,0,148,0,6,0.98,0.1304,GREEN,30,Mumbai
CLM0026920,MUM_05148,Powai,2020-09-05,13,0,0,0,0,0,0,0,0,0,0.0,0.0,0,0.0,0,71,0,1,0.9149,0.0566,GREEN,25,Mumbai
CLM0026921,MUM_03879,Dadar,2021-05-04,21,0,0,0,0,0,0,0,0,0,0.0,0.287782,0,0.0,0,325,1,2,0.5461,0.0164,GREEN,57,Mumbai
CLM0026922,MUM_00183,Thane,2023-11-02,18,0,0,0,0,0,0,0,0,0,0.0,0.21266,0,1.0,0,67,2,3,0.4192,0.0,GREEN,64,Mumbai
CLM0026923,MUM_09286,Andheri,2021-10-14,16,0,1,1,0,1,1,1,1,1,1.0,1.0,0,0.0,0,5,0,18,0.311,0.0743,GREEN,18,Mumbai
CLM0026924,MUM_07913,Lower Parel,2024-06-05,14,0,0,0,0,0,0,0,0,0,0.0,0.927466,0,0.0,0,420,3,5,0.8217,0.0755,GREEN,52,Mumbai
CLM0026925,MUM_01313,Chembur,2025-01-21,13,0,0,0,0,0,0,0,0,0,0.0,0.883418,0,0.0,0,279,1,2,0.7926,0.0078,GREEN,44,Mumbai
CLM0026926,MUM_09314,Vashi,2020-07-17,14,0,0,0,1,0,0,0,0,0,0.0,0.316884,0,0.0,0,350,4,5,0.1914,0.1597,GREEN,25,Mumbai
CLM0026927,MUM_07701,Thane,2022-11-01,11,0,0,0,0,0,0,0,0,0,0.0,0.236214,0,0.0,0,292,4,3,0.8474,0.058,GREEN,62,Mumbai
CLM0026928,MUM_02811,Lower Parel,2022-08-06,12,0,1,1,0,0,0,1,0,0,0.0,0.188595,0,0.0,0,61,2,4,0.58,0.1204,GREEN,34,Mumbai
CLM0026929,MUM_08931,Dadar,2020-07-27,16,0,0,0,0,0,0,0,0,0,0.0,0.116084,1,0.0,0,113,3,2,0.6105,0.0134,GREEN,42,Mumbai
CLM0026930,MUM_00179,Ghatkopar,2024-08-10,11,0,0,0,0,0,0,0,0,0,0.0,0.123958,0,0.0,0,387,4,5,0.1863,0.0,GREEN,43,Mumbai
CLM0026931,MUM_00391,Thane,2021-04-15,18,0,0,0,0,0,1,0,0,0,1.0,0.977241,0,1.0,0,419,0,4,0.7708,0.1246,GREEN,36,Mumbai
CLM0026932,MUM_02059,Lower Parel,2025-01-31,17,0,0,0,0,0,0,0,1,0,0.0,0.087938,0,0.0,0,21,1,4,0.7795,0.0,GREEN,55,Mumbai
CLM0026933,MUM_05346,Borivali,2022-03-17,17,0,0,0,0,0,1,0,0,0,0.0,0.310419,0,0.0,0,46,3,3,0.62,0.078,GREEN,19,Mumbai
CLM0026934,MUM_09852,Powai,2025-08-12,8,0,0,0,0,0,0,0,0,0,0.0,0.253913,0,0.0,0,131,0,0,0.2445,0.0,GREEN,34,Mumbai
CLM0026935,MUM_07749,Ghatkopar,2024-04-06,19,0,0,0,0,0,0,0,0,0,0.0,0.987722,0,0.0,0,329,3,1,0.7051,0.1079,GREEN,52,Mumbai
CLM0026936,MUM_06076,Thane,2025-05-13,11,0,0,0,0,0,0,0,0,0,1.0,0.166721,1,0.0,0,170,2,0,0.7602,0.136,GREEN,30,Mumbai
CLM0026937,MUM_01922,Vashi,2025-06-29,21,0,0,0,0,0,0,0,0,0,0.0,0.100392,0,0.0,0,420,1,3,0.5688,0.0221,GREEN,52,Mumbai
CLM0026938,MUM_03594,Chembur,2025-01-09,21,0,0,0,0,0,1,0,0,0,1.0,0.146915,0,0.0,0,54,0,6,0.8974,0.0785,GREEN,42,Mumbai
CLM0026939,MUM_08703,Thane,2025-12-08,20,0,0,0,0,0,0,0,0,0,0.0,0.189351,0,0.0,0,420,3,6,0.0732,0.0,GREEN,44,Mumbai
CLM0026940,MUM_00618,Powai,2025-09-14,9,0,0,0,0,0,0,1,0,0,0.0,0.258208,0,0.0,0,276,3,1,0.7371,0.0823,GREEN,49,Mumbai
CLM0026941,MUM_03048,Borivali,2025-01-26,12,0,0,0,0,0,0,0,0,0,1.0,0.083729,0,0.0,0,379,1,3,0.7955,0.0616,GREEN,31,Mumbai
CLM0026942,MUM_07059,Thane,2024-11-18,10,0,0,0,0,0,0,0,0,0,1.0,0.377173,0,0.0,0,173,3,1,0.4286,0.0397,GREEN,46,Mumbai
CLM0026943,MUM_03727,Chembur,2025-07-24,18,0,0,0,0,0,0,0,0,1,0.0,0.226922,0,0.0,0,19,0,0,0.7049,0.1468,GREEN,40,Mumbai
CLM0026944,MUM_06021,Chembur,2024-09-11,11,0,0,0,0,0,0,0,0,0,0.0,0.212301,0,0.0,0,420,2,3,0.7641,0.0401,GREEN,33,Mumbai
CLM0026945,MUM_03339,Chembur,2025-07-06,13,0,0,0,0,0,1,0,0,1,0.0,0.323609,0,0.0,0,31,0,6,0.5429,0.1974,GREEN,35,Mumbai
CLM0026946,MUM_08745,Andheri,2022-01-25,9,0,0,0,0,0,0,0,0,0,0.0,0.153204,0,0.0,0,420,4,0,0.6995,0.0028,GREEN,54,Mumbai
CLM0026947,MUM_09204,Bandra,2024-07-23,15,0,0,0,0,0,0,0,0,0,0.0,0.359705,0,0.0,0,420,4,1,0.4661,0.0,GREEN,40,Mumbai
CLM0026948,MUM_07719,Andheri,2021-07-18,12,0,0,0,0,0,0,0,0,0,1.0,0.348029,0,0.0,0,147,3,3,0.8161,0.232,GREEN,33,Mumbai
CLM0026949,MUM_02928,Dadar,2023-04-22,17,0,0,0,0,1,0,0,0,0,0.0,0.325524,0,0.0,0,292,1,3,0.9454,0.1962,GREEN,53,Mumbai
CLM0026950,MUM_07702,Thane,2021-02-23,15,0,0,0,0,0,0,0,1,0,0.0,0.226688,0,0.0,0,169,1,2,0.98,0.1229,GREEN,29,Mumbai
CLM0026951,MUM_03301,Vashi,2019-09-09,11,0,0,0,0,0,0,0,0,0,0.0,0.434984,0,0.0,0,110,1,2,0.98,0.0,GREEN,52,Mumbai
CLM0026952,MUM_06523,Andheri,2020-02-10,16,0,0,0,0,0,1,0,0,0,0.0,0.375179,0,0.0,0,45,3,2,0.9034,0.2608,GREEN,44,Mumbai
CLM0026953,MUM_05083,Andheri,2020-10-02,12,0,0,0,0,0,0,0,0,0,0.0,0.192398,0,0.0,0,420,3,0,0.7184,0.0418,GREEN,41,Mumbai
CLM0026954,MUM_07639,Vashi,2025-09-25,19,0,0,0,0,0,0,0,0,0,0.0,0.984378,0,0.0,0,420,2,5,0.8974,0.1079,GREEN,31,Mumbai
CLM0026955,MUM_01498,Borivali,2022-03-12,17,0,0,0,0,0,0,0,0,0,0.0,0.163723,0,0.0,0,373,4,0,0.5869,0.0,GREEN,55,Mumbai
CLM0026956,MUM_07150,Vashi,2025-08-22,10,0,0,0,0,0,0,0,0,0,0.0,0.372596,0,0.0,0,115,4,4,0.8307,0.0,GREEN,34,Mumbai
CLM0026957,MUM_04363,Vashi,2025-01-11,15,0,0,0,0,0,0,1,0,0,0.0,0.247621,0,0.0,0,239,3,6,0.8993,0.0,GREEN,41,Mumbai
CLM0026958,MUM_05367,Vashi,2024-12-03,19,0,0,0,0,0,0,0,0,0,0.0,0.177307,0,0.0,0,297,0,0,0.8332,0.0,GREEN,51,Mumbai
CLM0026959,MUM_04790,Andheri,2025-11-28,19,0,0,0,0,0,0,0,0,0,0.0,0.384189,0,0.0,0,356,3,0,0.7853,0.0,GREEN,42,Mumbai
CLM0026960,MUM_06061,Dadar,2025-12-22,9,0,0,0,0,0,0,0,0,0,0.0,0.242724,0,0.0,0,103,3,2,0.1439,0.1157,GREEN,47,Mumbai
CLM0026961,MUM_09124,Thane,2025-04-13,12,0,0,0,0,0,1,0,0,0,0.0,0.0,0,0.0,0,420,2,2,0.0847,0.1615,GREEN,48,Mumbai
CLM0026962,MUM_06393,Dadar,2024-12-26,21,0,0,0,0,0,0,0,0,0,1.0,0.1953,0,0.0,0,197,0,5,0.4353,0.0172,GREEN,35,Mumbai
CLM0026963,MUM_07534,Ghatkopar,2025-05-28,21,0,0,0,0,0,0,0,0,0,0.0,0.089268,0,0.0,0,252,3,3,0.6919,0.0264,GREEN,45,Mumbai
CLM0026964,MUM_01061,Dadar,2024-11-17,10,0,0,0,0,0,0,0,0,0,0.0,0.051175,1,0.0,1,164,4,1,0.98,0.0501,GREEN,34,Mumbai
CLM0026965,MUM_05618,Lower Parel,2025-05-24,17,0,0,0,0,0,0,0,0,0,0.0,1.0,0,1.0,0,55,4,5,0.0729,0.0045,GREEN,18,Mumbai
CLM0026966,MUM_05687,Ghatkopar,2024-12-14,21,0,0,0,0,0,0,0,0,0,0.0,0.303986,0,0.0,0,140,3,2,0.706,0.0955,GREEN,50,Mumbai
CLM0026967,MUM_09849,Andheri,2025-11-01,19,0,0,0,0,0,1,0,0,0,0.0,0.152715,0,0.0,1,158,0,5,0.6498,0.074,GREEN,40,Mumbai
CLM0026968,MUM_04568,Bandra,2022-12-16,8,0,1,1,0,0,1,0,0,0,1.0,0.165729,0,0.0,0,242,4,4,0.8742,0.0852,GREEN,53,Mumbai
CLM0026969,MUM_00023,Chembur,2022-02-12,12,0,1,1,0,0,0,0,0,0,0.0,0.146773,0,0.0,0,370,0,0,0.98,0.0,GREEN,19,Mumbai
CLM0026970,MUM_06763,Vashi,2025-01-08,8,0,0,0,0,0,0,1,1,0,1.0,0.980265,0,1.0,0,223,1,4,0.6576,0.1931,GREEN,54,Mumbai
CLM0026971,MUM_08094,Dadar,2025-01-02,18,0,0,0,0,1,0,0,1,0,0.0,0.542492,0,0.0,1,5,0,18,0.0949,0.0571,GREEN,32,Mumbai
CLM0026972,MUM_02219,Vashi,2024-09-15,17,0,0,0,0,0,0,0,0,0,0.0,0.15139,0,0.0,0,350,0,4,0.98,0.0,GREEN,46,Mumbai
CLM0026973,MUM_09478,Bandra,2022-09-16,7,0,0,0,1,0,0,0,0,0,0.0,0.262512,0,0.0,0,420,2,3,0.05,0.213,GREEN,49,Mumbai
CLM0026974,MUM_04168,Bandra,2024-04-08,11,0,0,0,0,0,0,0,0,0,0.0,0.451009,0,0.0,0,222,0,0,0.5293,0.0,GREEN,56,Mumbai
CLM0026975,MUM_06193,Thane,2025-07-18,7,0,0,0,0,0,0,1,0,0,0.0,0.185279,1,0.0,0,180,2,3,0.75,0.2208,GREEN,40,Mumbai
CLM0026976,MUM_04048,Lower Parel,2024-06-20,13,0,0,0,0,0,0,0,0,1,0.0,0.269537,0,0.0,0,283,0,6,0.9321,0.1445,GREEN,58,Mumbai
CLM0026977,MUM_06144,Borivali,2025-06-09,11,0,0,0,0,0,0,0,1,0,1.0,0.315217,0,0.0,0,68,3,3,0.216,0.1294,GREEN,46,Mumbai
CLM0026978,MUM_01384,Chembur,2022-03-29,9,0,0,0,1,1,0,1,1,0,1.0,0.0,1,1.0,1,5,2,18,0.8777,0.0,GREEN,47,Mumbai
CLM0026979,MUM_07105,Lower Parel,2025-10-08,15,0,0,0,1,0,0,0,0,0,0.0,0.240252,0,0.0,0,71,0,5,0.7705,0.2705,GREEN,45,Mumbai
CLM0026980,MUM_00633,Powai,2025-12-27,20,0,0,0,0,0,0,0,0,0,0.0,1.0,0,0.0,0,124,0,4,0.2381,0.0,GREEN,41,Mumbai
CLM0026981,MUM_02047,Ghatkopar,2016-03-17,9,0,0,0,0,0,0,1,0,0,0.0,0.053678,0,0.0,0,76,2,3,0.9754,0.1865,GREEN,44,Mumbai
CLM0026982,MUM_08408,Bandra,2019-10-09,15,0,0,0,0,0,0,0,0,0,0.0,0.979505,0,0.0,0,420,2,7,0.2949,0.0,GREEN,23,Mumbai
CLM0026983,MUM_05132,Vashi,2025-06-21,13,0,0,0,0,0,0,0,1,0,1.0,0.083534,0,0.0,0,200,2,2,0.7092,0.1421,GREEN,20,Mumbai
CLM0026984,MUM_02937,Ghatkopar,2018-11-21,16,0,0,0,0,0,0,0,0,0,0.0,0.132574,0,0.0,0,384,3,2,0.1138,0.1091,GREEN,28,Mumbai
CLM0026985,MUM_02383,Powai,2023-09-14,17,0,0,0,0,0,0,0,0,0,1.0,0.303428,0,0.0,1,16,4,0,0.7719,0.1097,GREEN,30,Mumbai
CLM0026986,MUM_03879,Dadar,2020-09-19,13,0,0,0,0,0,0,0,0,0,1.0,0.242647,1,0.0,0,160,4,3,0.5162,0.2164,GREEN,57,Mumbai
CLM0026987,MUM_02358,Bandra,2018-05-02,14,0,0,0,0,0,1,0,0,0,1.0,0.327875,0,0.0,0,33,3,2,0.05,0.1445,GREEN,37,Mumbai
CLM0026988,MUM_02031,Vashi,2022-07-18,15,0,0,0,1,1,1,1,1,1,1.0,1.0,0,0.0,0,12,4,18,0.8666,0.0293,GREEN,36,Mumbai
CLM0026989,MUM_06506,Borivali,2025-12-14,10,0,0,0,0,0,1,0,0,0,0.0,0.405708,0,0.0,0,228,2,2,0.5117,0.1104,GREEN,23,Mumbai
CLM0026990,MUM_00422,Dadar,2021-09-23,17,0,0,0,0,0,0,0,0,0,0.0,0.286667,0,0.0,0,112,0,1,0.9013,0.0,GREEN,44,Mumbai
CLM0026991,MUM_08489,Bandra,2025-12-20,13,0,0,0,1,0,0,0,0,0,0.0,0.096729,0,0.0,0,110,0,3,0.7854,0.2148,GREEN,44,Mumbai
CLM0026992,MUM_09112,Borivali,2018-01-19,21,0,0,0,1,0,0,1,1,1,0.0,0.965919,1,0.0,1,12,3,18,0.98,0.0,GREEN,51,Mumbai
CLM0026993,MUM_08892,Thane,2024-07-27,18,0,0,0,0,0,0,0,0,0,0.0,0.36055,0,0.0,0,284,4,6,0.6244,0.0,GREEN,56,Mumbai
CLM0026994,MUM_07216,Chembur,2025-05-18,7,0,0,0,0,0,0,0,0,0,1.0,0.106262,0,0.0,0,420,2,2,0.6412,0.0309,GREEN,36,Mumbai
CLM0026995,MUM_00815,Chembur,2025-07-01,14,0,0,0,0,0,0,0,0,0,0.0,0.136226,1,1.0,0,167,3,4,0.9071,0.067,GREEN,40,Mumbai
CLM0026996,MUM_02537,Vashi,2023-04-18,17,0,0,0,0,0,0,0,0,0,0.0,0.154305,0,0.0,0,109,2,2,0.5441,0.0,GREEN,51,Mumbai
CLM0026997,MUM_01413,Thane,2025-05-04,18,0,0,0,1,0,1,1,0,1,0.0,0.324388,0,0.0,0,420,4,2,0.9031,0.1404,GREEN,39,Mumbai
CLM0026998,MUM_01052,Dadar,2025-11-21,13,0,0,0,0,0,0,0,0,0,1.0,0.293273,0,1.0,0,402,0,3,0.6615,0.1035,GREEN,38,Mumbai
CLM0026999,MUM_01794,Bandra,2023-02-20,19,0,0,0,1,0,0,0,0,0,0.0,0.31348,0,0.0,0,203,3,4,0.8703,0.1256,GREEN,29,Mumbai
CLM0027000,MUM_02766,Borivali,2024-08-16,15,0,0,0,0,0,1,0,1,0,1.0,1.0,0,0.0,0,211,2,6,0.8415,0.2153,GREEN,42,Mumbai
CLM0027001,MUM_01911,Bandra,2019-03-24,13,0,0,0,0,0,0,1,0,0,0.0,0.170185,0,0.0,0,259,2,2,0.98,0.0939,GREEN,36,Mumbai
CLM0027002,MUM_06509,Bandra,2023-04-30,20,0,0,0,0,0,0,0,0,0,0.0,0.431103,1,0.0,0,55,4,0,0.9383,0.088,GREEN,18,Mumbai
CLM0027003,MUM_04937,Andheri,2021-11-27,7,0,0,0,0,0,0,0,0,0,0.0,0.19756,1,1.0,0,85,1,3,0.5518,0.2148,GREEN,33,Mumbai
CLM0027004,MUM_02222,Ghatkopar,2023-07-29,18,0,0,0,0,0,0,0,1,0,0.0,0.183287,0,0.0,0,51,2,3,0.8252,0.0498,GREEN,51,Mumbai
CLM0027005,MUM_03851,Borivali,2025-08-01,7,0,0,0,0,0,1,0,0,0,1.0,1.0,1,1.0,1,384,2,0,0.7335,0.2454,GREEN,38,Mumbai
CLM0027006,MUM_04781,Andheri,2020-01-26,18,0,0,0,1,0,0,0,0,0,0.0,0.193304,0,0.0,0,390,0,0,0.6919,0.1614,GREEN,28,Mumbai
CLM0027007,MUM_05856,Powai,2019-10-05,16,0,0,0,0,0,0,0,0,0,0.0,0.239051,0,0.0,0,321,0,2,0.7983,0.0,GREEN,57,Mumbai
CLM0027008,MUM_02625,Ghatkopar,2023-07-15,9,0,0,0,0,1,0,0,0,0,0.0,0.112956,0,0.0,0,290,4,2,0.5641,0.1379,GREEN,42,Mumbai
CLM0027009,MUM_06440,Borivali,2022-08-25,16,0,0,0,0,0,0,0,0,0,0.0,0.0,0,0.0,0,30,2,4,0.05,0.0,GREEN,34,Mumbai
CLM0027010,MUM_08335,Vashi,2025-12-27,19,0,0,0,0,0,0,0,0,0,0.0,0.126186,0,0.0,0,138,4,0,0.2261,0.0,GREEN,37,Mumbai
CLM0027011,MUM_07189,Vashi,2022-06-13,19,0,0,0,0,0,0,0,0,0,0.0,0.275605,0,0.0,0,253,3,0,0.05,0.0,GREEN,59,Mumbai
CLM0027012,MUM_05770,Thane,2024-06-23,17,0,0,0,0,0,0,0,0,0,0.0,0.991902,0,0.0,0,142,2,4,0.7358,0.0,GREEN,43,Mumbai
CLM0027013,MUM_01608,Thane,2023-12-16,21,0,0,0,0,0,0,1,0,0,0.0,0.077438,0,0.0,0,93,1,0,0.5098,0.1436,GREEN,31,Mumbai
CLM0027014,MUM_00794,Borivali,2025-05-10,14,0,0,0,0,0,0,0,0,0,0.0,0.082855,0,0.0,0,312,4,4,0.05,0.0,GREEN,42,Mumbai
CLM0027015,MUM_01461,Thane,2024-07-25,9,0,0,0,0,0,0,0,0,0,0.0,0.27278,0,0.0,0,291,2,3,0.4433,0.1003,GREEN,51,Mumbai
CLM0027016,MUM_04163,Dadar,2021-10-19,13,0,0,0,0,0,0,0,0,1,0.0,0.239281,0,0.0,0,337,1,3,0.6792,0.0116,GREEN,25,Mumbai
CLM0027017,MUM_08611,Andheri,2021-10-04,20,0,0,0,0,0,0,0,0,0,0.0,0.238169,0,0.0,0,420,3,4,0.6733,0.0,GREEN,30,Mumbai
CLM0027018,MUM_05070,Chembur,2024-05-21,7,0,0,0,0,0,0,0,0,0,0.0,0.395528,0,0.0,0,44,2,0,0.05,0.0285,GREEN,20,Mumbai
CLM0027019,MUM_00935,Chembur,2023-06-03,10,0,0,0,0,0,0,0,0,0,0.0,0.136514,0,0.0,0,52,4,2,0.98,0.0,GREEN,27,Mumbai
CLM0027020,MUM_07675,Lower Parel,2022-04-04,8,0,0,0,0,0,0,0,0,0,0.0,0.072123,0,0.0,0,225,1,0,0.634,0.0,GREEN,27,Mumbai
CLM0027021,MUM_01583,Thane,2025-04-18,20,0,0,0,0,0,0,0,0,0,0.0,0.384466,0,0.0,0,309,4,5,0.7689,0.0392,GREEN,23,Mumbai
CLM0027022,MUM_04873,Bandra,2019-11-10,7,0,0,0,0,0,0,0,0,0,0.0,0.276172,0,0.0,0,420,0,4,0.9421,0.0,GREEN,51,Mumbai
CLM0027023,MUM_09195,Bandra,2019-10-30,10,0,0,0,0,0,0,0,1,0,0.0,0.251467,1,0.0,0,420,3,0,0.98,0.1029,GREEN,22,Mumbai
CLM0027024,MUM_02816,Thane,2019-12-28,19,0,0,0,0,0,0,0,0,0,0.0,0.345909,0,0.0,0,132,1,5,0.2703,0.0824,GREEN,55,Mumbai
CLM0027025,MUM_02807,Vashi,2022-08-07,12,0,0,0,0,0,0,0,0,0,0.0,0.087625,0,0.0,1,420,1,6,0.8793,0.0635,GREEN,51,Mumbai
CLM0027026,MUM_03202,Lower Parel,2025-03-13,18,0,0,0,1,0,1,1,1,0,0.0,0.117675,0,0.0,1,5,0,18,0.98,0.0183,GREEN,39,Mumbai
CLM0027027,MUM_04312,Borivali,2025-05-03,18,0,1,1,0,0,0,0,0,1,0.0,0.061949,0,0.0,0,305,4,2,0.8649,0.1592,GREEN,19,Mumbai
CLM0027028,MUM_03700,Vashi,2020-09-24,10,0,0,0,0,0,0,0,0,0,0.0,0.262021,0,0.0,0,229,2,7,0.5475,0.0257,GREEN,35,Mumbai
CLM0027029,MUM_02594,Ghatkopar,2025-03-26,10,0,0,0,0,0,0,0,0,0,0.0,0.277256,0,0.0,0,271,2,0,0.4548,0.0,GREEN,51,Mumbai
CLM0027030,MUM_02798,Lower Parel,2020-12-20,13,0,0,0,0,0,0,0,0,0,0.0,0.129028,0,0.0,0,279,1,3,0.6342,0.0,GREEN,39,Mumbai
CLM0027031,MUM_01589,Bandra,2019-10-15,12,0,0,0,1,0,1,0,1,1,0.0,0.966313,0,0.0,0,26,4,12,0.191,0.1404,GREEN,54,Mumbai
CLM0027032,MUM_02143,Andheri,2021-10-11,13,0,0,0,0,0,0,0,0,0,0.0,0.278557,0,0.0,0,420,3,2,0.864,0.0,GREEN,33,Mumbai
CLM0027033,MUM_07769,Powai,2024-12-13,11,0,0,0,0,0,0,0,0,0,0.0,0.184369,0,0.0,0,131,2,4,0.1893,0.0,GREEN,52,Mumbai
CLM0027034,MUM_02890,Chembur,2022-10-14,11,0,0,0,0,0,0,0,0,0,0.0,0.326558,0,0.0,0,60,4,1,0.5371,0.0,GREEN,46,Mumbai
CLM0027035,MUM_01257,Vashi,2024-11-28,19,0,0,0,0,0,0,0,1,0,0.0,0.152086,0,1.0,0,400,4,6,0.2841,0.0725,GREEN,38,Mumbai
CLM0027036,MUM_04019,Vashi,2020-07-08,10,0,0,0,0,0,1,0,0,0,0.0,0.33912,0,0.0,0,420,4,0,0.5365,0.0401,GREEN,36,Mumbai
CLM0027037,MUM_07970,Bandra,2023-11-20,19,0,0,0,0,0,0,0,0,0,0.0,0.375363,0,0.0,0,196,1,5,0.5621,0.0178,GREEN,29,Mumbai
CLM0027038,MUM_07871,Andheri,2024-01-24,19,0,0,0,0,0,0,0,0,0,0.0,0.253834,0,0.0,0,384,0,0,0.4698,0.0396,GREEN,40,Mumbai
CLM0027039,MUM_05408,Bandra,2022-09-28,17,0,0,0,0,0,0,0,0,0,0.0,0.220436,0,0.0,0,379,2,0,0.2155,0.0,GREEN,48,Mumbai
CLM0027040,MUM_08090,Lower Parel,2019-12-28,15,0,0,0,0,0,0,0,0,0,0.0,0.297719,0,0.0,0,180,2,1,0.6408,0.0007,GREEN,61,Mumbai
CLM0027041,MUM_07393,Thane,2018-05-27,17,0,0,0,0,0,0,1,0,0,0.0,0.070905,0,0.0,1,40,2,1,0.6597,0.1698,GREEN,35,Mumbai
CLM0027042,MUM_00590,Dadar,2024-07-20,7,0,0,0,0,0,0,0,0,0,0.0,0.128817,0,0.0,0,420,1,0,0.7844,0.0,GREEN,39,Mumbai
CLM0027043,MUM_04207,Ghatkopar,2015-04-10,10,0,0,0,1,1,0,1,1,0,0.0,0.258277,0,0.0,1,5,3,18,0.8851,0.0,GREEN,57,Mumbai
CLM0027044,MUM_02239,Vashi,2025-07-21,12,0,0,0,0,0,0,0,0,0,0.0,0.278656,0,0.0,0,366,3,0,0.376,0.1111,GREEN,37,Mumbai
CLM0027045,MUM_05428,Dadar,2024-08-13,19,0,0,0,0,0,0,0,0,0,0.0,0.317589,0,0.0,0,14,4,1,0.6627,0.0764,GREEN,26,Mumbai
CLM0027046,MUM_01264,Lower Parel,2020-06-21,17,0,0,0,1,0,0,0,1,0,0.0,1.0,0,0.0,0,411,0,0,0.7729,0.2938,GREEN,52,Mumbai
CLM0027047,MUM_03396,Powai,2023-01-04,16,0,0,0,0,0,0,0,0,0,0.0,0.304203,0,0.0,1,420,4,0,0.05,0.0,GREEN,29,Mumbai
CLM0027048,MUM_02781,Thane,2024-07-13,9,0,0,0,0,0,0,0,0,1,0.0,0.422931,0,0.0,0,231,1,2,0.5862,0.0338,GREEN,44,Mumbai
CLM0027049,MUM_00625,Thane,2025-02-15,13,0,0,0,0,0,0,0,0,0,0.0,0.120952,1,0.0,0,23,4,4,0.662,0.0396,GREEN,50,Mumbai
CLM0027050,MUM_08697,Ghatkopar,2024-11-29,18,0,0,0,0,0,0,0,0,0,0.0,0.156837,0,1.0,0,159,2,1,0.8271,0.1586,GREEN,38,Mumbai
CLM0027051,MUM_06208,Vashi,2016-09-10,7,0,0,0,0,0,0,0,0,0,1.0,0.198221,1,0.0,0,420,0,2,0.0764,0.0251,GREEN,57,Mumbai
CLM0027052,MUM_02285,Ghatkopar,2018-08-24,15,0,0,0,0,0,0,0,0,0,0.0,0.368613,0,0.0,0,420,2,3,0.737,0.0,GREEN,29,Mumbai
CLM0027053,MUM_07418,Ghatkopar,2022-09-03,20,0,0,0,0,0,0,0,0,0,0.0,0.115965,0,0.0,0,200,4,3,0.5397,0.0,GREEN,51,Mumbai
CLM0027054,MUM_09535,Borivali,2023-05-27,10,0,0,0,0,0,0,0,1,0,0.0,0.956608,0,0.0,0,97,3,1,0.787,0.0681,GREEN,44,Mumbai
CLM0027055,MUM_01649,Lower Parel,2025-03-04,16,0,0,0,1,0,0,0,0,0,0.0,0.062216,0,0.0,0,279,1,0,0.05,0.108,GREEN,44,Mumbai
CLM0027056,MUM_08425,Bandra,2017-09-30,7,0,0,0,0,0,1,0,0,0,0.0,0.426982,0,0.0,0,384,3,2,0.6811,0.0531,GREEN,42,Mumbai
CLM0027057,MUM_00013,Thane,2025-09-10,12,0,0,0,0,0,0,0,0,0,0.0,0.18986,0,0.0,0,181,1,3,0.8412,0.0239,GREEN,53,Mumbai
CLM0027058,MUM_02993,Andheri,2020-02-01,18,0,0,0,0,0,0,0,0,0,0.0,0.177517,0,0.0,1,112,3,4,0.6255,0.0486,GREEN,60,Mumbai
CLM0027059,MUM_00658,Thane,2020-09-17,15,0,0,0,0,0,0,0,0,0,0.0,0.208305,0,0.0,1,388,2,8,0.9674,0.0,GREEN,55,Mumbai
CLM0027060,MUM_06400,Chembur,2021-07-14,20,0,0,0,0,0,0,0,0,0,0.0,0.205827,0,0.0,0,392,4,4,0.8716,0.0,GREEN,53,Mumbai
CLM0027061,MUM_01337,Ghatkopar,2024-10-16,21,0,0,0,0,0,0,0,0,0,0.0,0.498322,0,0.0,0,13,0,3,0.8602,0.0166,GREEN,46,Mumbai
CLM0027062,MUM_05845,Lower Parel,2024-02-07,11,0,0,0,0,0,0,0,0,0,0.0,0.062344,0,0.0,0,258,0,1,0.7559,0.0,GREEN,40,Mumbai
CLM0027063,MUM_08635,Lower Parel,2023-12-27,19,0,0,0,0,0,0,0,0,0,1.0,0.953412,0,0.0,1,200,0,6,0.6339,0.1925,GREEN,27,Mumbai
CLM0027064,MUM_00957,Andheri,2025-07-11,18,0,0,0,0,0,0,0,0,0,0.0,0.024824,0,0.0,0,148,2,4,0.8262,0.0435,GREEN,60,Mumbai
CLM0027065,MUM_02026,Andheri,2025-08-29,21,0,0,0,0,0,0,0,0,0,0.0,0.181869,0,0.0,0,119,3,3,0.6531,0.0157,GREEN,51,Mumbai
CLM0027066,MUM_06901,Ghatkopar,2025-09-29,9,0,0,0,0,0,0,0,0,0,0.0,1.0,0,0.0,0,372,2,1,0.673,0.0026,GREEN,28,Mumbai
CLM0027067,MUM_06956,Vashi,2025-06-09,16,0,0,0,0,1,0,0,0,0,0.0,0.0,0,0.0,0,183,3,6,0.9354,0.0829,GREEN,57,Mumbai
CLM0027068,MUM_09433,Chembur,2025-01-21,17,0,0,0,0,0,0,0,0,0,0.0,0.294978,0,0.0,0,310,1,0,0.6983,0.0824,GREEN,32,Mumbai
CLM0027069,MUM_00823,Andheri,2025-05-02,20,0,0,0,1,0,1,1,0,1,1.0,0.858636,0,1.0,1,23,1,18,0.1704,0.0,GREEN,49,Mumbai
CLM0027070,MUM_05680,Andheri,2022-05-05,10,0,0,0,0,0,0,0,0,0,0.0,1.0,0,0.0,0,223,1,3,0.8532,0.0,GREEN,42,Mumbai
CLM0027071,MUM_03453,Powai,2023-11-22,7,0,0,0,0,0,1,0,0,0,0.0,0.210683,0,0.0,0,61,1,4,0.7768,0.0728,GREEN,41,Mumbai
CLM0027072,MUM_06066,Thane,2023-01-15,20,0,0,0,1,1,1,1,0,1,1.0,0.905551,1,0.0,0,5,2,18,0.05,0.2697,GREEN,57,Mumbai
CLM0027073,MUM_06312,Vashi,2025-03-12,17,0,0,0,0,0,0,0,1,0,0.0,0.128449,0,0.0,0,420,1,3,0.98,0.1543,GREEN,33,Mumbai
CLM0027074,MUM_04042,Ghatkopar,2025-02-08,12,0,0,0,0,0,0,0,0,0,0.0,0.385044,0,0.0,0,33,0,2,0.98,0.0013,GREEN,72,Mumbai
CLM0027075,MUM_05078,Andheri,2023-05-17,16,0,0,0,0,0,0,0,0,0,0.0,0.207112,0,0.0,0,161,4,5,0.7845,0.0,GREEN,59,Mumbai
CLM0027076,MUM_01103,Borivali,2023-11-28,15,0,0,0,1,1,0,1,1,1,0.0,0.972687,0,0.0,0,16,4,18,0.2668,0.0,GREEN,56,Mumbai
CLM0027077,MUM_03842,Powai,2022-06-09,21,0,0,0,0,0,0,0,1,1,0.0,0.292409,0,0.0,0,394,4,1,0.8736,0.2028,GREEN,52,Mumbai
CLM0027078,MUM_00540,Lower Parel,2022-03-23,16,0,0,0,1,1,0,1,1,0,1.0,1.0,1,1.0,1,5,0,18,0.05,0.0,GREEN,47,Mumbai
CLM0027079,MUM_08529,Vashi,2021-10-30,13,0,0,0,0,0,0,0,0,0,0.0,0.100397,0,0.0,1,420,0,3,0.6978,0.1462,GREEN,20,Mumbai
CLM0027080,MUM_09737,Vashi,2021-01-12,15,0,0,0,0,0,1,0,0,0,0.0,0.10909,0,0.0,0,217,0,2,0.3088,0.0693,GREEN,41,Mumbai
CLM0027081,MUM_07642,Lower Parel,2025-02-01,19,0,0,0,0,0,0,0,0,0,0.0,0.386912,0,1.0,0,420,4,2,0.5525,0.0,GREEN,37,Mumbai
CLM0027082,MUM_04353,Andheri,2025-12-11,7,0,0,0,0,0,0,0,0,0,0.0,0.25824,0,0.0,0,82,2,0,0.5132,0.0,GREEN,48,Mumbai
CLM0027083,MUM_01390,Lower Parel,2025-04-08,8,0,0,0,0,0,0,0,0,0,0.0,1.0,0,0.0,1,311,0,2,0.6694,0.0913,GREEN,50,Mumbai
CLM0027084,MUM_03351,Thane,2024-08-21,7,0,0,0,0,0,1,0,0,0,0.0,0.255735,0,0.0,0,420,1,2,0.1403,0.0092,GREEN,42,Mumbai
CLM0027085,MUM_06311,Thane,2020-12-09,10,0,0,0,0,0,0,1,0,0,0.0,0.181963,0,0.0,0,420,0,4,0.5782,0.0328,GREEN,63,Mumbai
CLM0027086,MUM_01599,Powai,2025-02-15,8,0,0,0,0,0,0,0,0,0,0.0,0.017997,0,1.0,0,391,0,0,0.6868,0.0,GREEN,33,Mumbai
CLM0027087,MUM_01620,Vashi,2025-11-27,16,0,0,0,0,0,0,0,0,0,0.0,0.15192,0,0.0,0,194,3,4,0.686,0.0,GREEN,31,Mumbai
CLM0027088,MUM_03909,Ghatkopar,2023-09-28,7,0,0,0,0,0,0,0,0,0,0.0,0.084535,0,0.0,0,163,1,4,0.201,0.0087,GREEN,52,Mumbai
CLM0027089,MUM_07559,Andheri,2023-08-10,19,0,0,0,0,0,0,0,0,0,0.0,0.235579,0,0.0,0,393,2,1,0.7633,0.0896,GREEN,26,Mumbai
CLM0027090,MUM_01111,Lower Parel,2023-07-31,9,0,0,0,0,0,0,0,0,0,0.0,0.062022,1,0.0,0,420,1,6,0.9471,0.0395,GREEN,41,Mumbai
CLM0027091,MUM_07897,Lower Parel,2025-11-24,18,0,0,0,0,0,0,0,0,0,0.0,0.10294,0,0.0,1,87,3,4,0.4052,0.1045,GREEN,38,Mumbai
CLM0027092,MUM_02167,Borivali,2024-10-20,19,0,0,0,1,0,0,1,0,0,0.0,0.997475,0,0.0,0,80,2,2,0.5721,0.179,GREEN,36,Mumbai
CLM0027093,MUM_00327,Andheri,2025-05-09,15,0,0,0,0,1,0,0,0,0,0.0,0.345372,0,0.0,0,249,4,4,0.2768,0.2135,GREEN,41,Mumbai
CLM0027094,MUM_00144,Ghatkopar,2024-11-30,9,0,0,0,0,0,0,0,0,0,0.0,0.1967,0,0.0,0,274,4,5,0.7858,0.0421,GREEN,37,Mumbai
CLM0027095,MUM_02238,Lower Parel,2025-02-25,12,0,0,0,0,0,0,0,1,0,0.0,0.132285,1,0.0,0,314,2,4,0.6597,0.1923,GREEN,52,Mumbai
CLM0027096,MUM_04669,Powai,2024-11-01,11,0,0,0,0,0,0,0,0,0,1.0,0.299673,0,0.0,0,64,4,0,0.9649,0.095,GREEN,28,Mumbai
CLM0027097,MUM_01904,Chembur,2024-11-27,19,0,0,0,0,0,0,0,0,0,0.0,0.035148,0,0.0,0,123,1,1,0.8217,0.0,GREEN,41,Mumbai
CLM0027098,MUM_06936,Lower Parel,2025-10-16,13,0,0,0,0,1,0,0,0,1,0.0,0.395827,1,1.0,0,6,4,4,0.9239,0.2196,GREEN,48,Mumbai
CLM0027099,MUM_04464,Powai,2025-02-13,13,0,0,0,0,0,0,0,0,0,0.0,0.195794,0,0.0,0,63,3,2,0.7546,0.0,GREEN,46,Mumbai
CLM0027100,MUM_09112,Borivali,2023-12-17,18,0,0,0,0,0,0,0,0,0,1.0,0.001238,0,0.0,1,420,2,6,0.7815,0.1416,GREEN,51,Mumbai
CLM0027101,MUM_02951,Vashi,2021-01-11,7,0,0,0,0,0,0,0,0,0,0.0,0.131172,0,0.0,0,191,1,0,0.2083,0.027,GREEN,32,Mumbai
CLM0027102,MUM_08938,Borivali,2021-09-22,8,0,0,0,0,0,0,0,0,0,0.0,0.107001,1,0.0,0,420,2,0,0.5606,0.0628,GREEN,42,Mumbai
CLM0027103,MUM_08202,Bandra,2024-10-28,12,0,0,0,1,0,0,0,0,0,0.0,0.0,0,0.0,0,114,0,6,0.5541,0.2449,GREEN,45,Mumbai
CLM0027104,MUM_06528,Vashi,2024-11-09,13,0,0,0,0,0,0,0,0,0,0.0,0.259945,0,0.0,0,314,0,7,0.0927,0.0363,GREEN,53,Mumbai
CLM0027105,MUM_00544,Borivali,2021-11-23,17,0,0,0,0,0,0,0,0,0,0.0,0.240257,0,0.0,0,400,4,2,0.8899,0.0063,GREEN,37,Mumbai
CLM0027106,MUM_08392,Powai,2024-06-11,14,0,0,0,0,0,0,0,0,0,0.0,0.141483,0,0.0,0,101,1,0,0.7188,0.0,GREEN,36,Mumbai
CLM0027107,MUM_03215,Thane,2023-12-31,16,0,0,0,0,0,0,0,1,0,0.0,0.401349,0,0.0,0,243,4,0,0.9505,0.0445,GREEN,41,Mumbai
CLM0027108,MUM_07298,Vashi,2021-12-02,8,0,0,0,0,0,0,0,0,0,0.0,0.250413,0,1.0,0,154,4,1,0.8522,0.0,GREEN,28,Mumbai
CLM0027109,MUM_01665,Vashi,2020-12-25,16,0,0,0,0,0,1,0,0,0,0.0,0.360732,0,1.0,0,324,2,4,0.8489,0.0391,GREEN,53,Mumbai
CLM0027110,MUM_06061,Dadar,2025-08-11,7,0,0,0,0,0,0,0,0,0,0.0,0.129337,0,0.0,0,237,0,2,0.2272,0.0184,GREEN,47,Mumbai
CLM0027111,MUM_05085,Chembur,2018-04-12,12,0,0,0,0,0,0,0,0,0,0.0,0.241299,0,0.0,0,400,4,0,0.98,0.0606,GREEN,38,Mumbai
CLM0027112,MUM_00971,Ghatkopar,2024-07-06,21,0,0,0,0,0,1,0,0,0,0.0,0.227351,0,0.0,1,250,3,0,0.2032,0.1925,GREEN,33,Mumbai
CLM0027113,MUM_08480,Powai,2025-05-10,11,0,0,0,0,0,0,1,0,0,1.0,0.165784,1,0.0,1,279,4,0,0.98,0.1915,GREEN,20,Mumbai
CLM0027114,MUM_05068,Thane,2019-10-31,9,0,0,0,1,0,1,1,0,0,0.0,0.070158,0,0.0,0,18,2,13,0.9379,0.0026,GREEN,32,Mumbai
CLM0027115,MUM_06589,Thane,2021-02-24,9,0,0,0,0,0,0,0,0,0,0.0,0.135665,0,0.0,0,317,3,3,0.3399,0.0,GREEN,48,Mumbai
CLM0027116,MUM_02662,Ghatkopar,2018-03-13,9,0,0,0,1,1,0,1,1,0,0.0,1.0,0,1.0,1,20,3,18,0.8055,0.0287,GREEN,56,Mumbai
CLM0027117,MUM_07355,Lower Parel,2023-06-23,11,0,0,0,0,0,0,0,0,0,0.0,0.929549,1,0.0,0,416,1,1,0.6012,0.0045,GREEN,38,Mumbai
CLM0027118,MUM_08207,Thane,2023-11-11,9,0,0,0,0,0,1,0,0,0,0.0,0.253556,0,0.0,0,420,3,3,0.7268,0.1132,GREEN,65,Mumbai
CLM0027119,MUM_06222,Bandra,2022-12-23,14,0,0,0,0,0,0,0,1,0,0.0,0.082609,0,0.0,0,195,4,1,0.4937,0.0696,GREEN,45,Mumbai
CLM0027120,MUM_07398,Ghatkopar,2023-06-29,13,0,0,0,0,0,0,0,0,0,0.0,0.21772,1,0.0,0,293,1,4,0.8468,0.0273,GREEN,46,Mumbai
CLM0027121,MUM_05852,Ghatkopar,2024-08-15,21,0,0,0,0,0,0,0,0,0,0.0,0.318932,0,1.0,0,390,1,3,0.8384,0.0,GREEN,58,Mumbai
CLM0027122,MUM_06194,Lower Parel,2024-09-21,18,0,0,0,1,1,0,1,1,0,0.0,0.158884,1,0.0,0,33,1,18,0.9454,0.0656,GREEN,35,Mumbai
CLM0027123,MUM_06373,Borivali,2025-11-13,11,0,0,0,0,0,1,0,0,0,0.0,0.236218,0,0.0,0,420,2,0,0.6307,0.0873,GREEN,54,Mumbai
CLM0027124,MUM_02887,Powai,2024-02-28,18,0,0,0,0,0,0,0,0,0,1.0,0.361547,0,0.0,0,323,3,3,0.7117,0.0,GREEN,55,Mumbai
CLM0027125,MUM_01690,Dadar,2025-12-03,11,0,1,1,0,0,0,0,0,0,1.0,0.177289,0,0.0,0,40,2,6,0.599,0.0608,GREEN,26,Mumbai
CLM0027126,MUM_00598,Thane,2025-04-30,18,0,0,0,0,0,0,0,0,0,0.0,0.232909,0,0.0,0,271,2,3,0.4932,0.0525,GREEN,41,Mumbai
CLM0027127,MUM_09911,Lower Parel,2025-07-12,20,0,0,0,0,0,0,0,0,0,0.0,0.331431,0,0.0,0,420,2,0,0.2078,0.0,GREEN,18,Mumbai
CLM0027128,MUM_02763,Bandra,2025-06-11,20,0,0,0,0,0,0,0,0,0,0.0,0.16982,0,0.0,0,394,3,1,0.6081,0.0,GREEN,42,Mumbai
CLM0027129,MUM_00992,Bandra,2025-10-22,11,0,0,0,0,0,0,0,1,0,0.0,0.116415,0,1.0,0,265,4,3,0.6945,0.0855,GREEN,38,Mumbai
CLM0027130,MUM_02876,Andheri,2025-11-09,19,0,0,0,0,0,0,0,0,0,0.0,0.368864,0,0.0,0,414,4,4,0.0797,0.0,GREEN,50,Mumbai
CLM0027131,MUM_03809,Ghatkopar,2024-10-26,14,0,1,1,0,0,1,0,0,0,0.0,0.036517,1,0.0,0,199,0,4,0.901,0.14,GREEN,27,Mumbai
CLM0027132,MUM_01499,Andheri,2024-12-19,10,0,0,0,0,0,0,0,0,0,0.0,0.109461,0,0.0,0,189,1,4,0.6968,0.0596,GREEN,66,Mumbai
CLM0027133,MUM_02631,Powai,2025-01-22,19,0,0,0,0,0,0,0,1,0,0.0,0.127455,0,0.0,0,326,4,5,0.5308,0.0271,GREEN,39,Mumbai
CLM0027134,MUM_02758,Bandra,2025-03-20,8,0,0,0,0,0,0,0,0,0,1.0,0.943707,0,1.0,0,387,1,3,0.511,0.0102,GREEN,35,Mumbai
CLM0027135,MUM_04604,Thane,2024-12-23,8,0,0,0,0,0,0,0,0,0,0.0,0.188791,0,0.0,0,366,4,0,0.7475,0.0,GREEN,21,Mumbai
CLM0027136,MUM_03114,Dadar,2023-05-31,12,0,0,0,0,0,1,0,0,0,0.0,0.082631,0,1.0,0,109,2,6,0.2456,0.1242,GREEN,47,Mumbai
CLM0027137,MUM_01249,Bandra,2025-02-24,21,0,0,0,0,0,0,0,0,0,0.0,0.042383,0,0.0,0,420,4,0,0.8485,0.0,GREEN,47,Mumbai
CLM0027138,MUM_06491,Vashi,2022-09-14,8,0,0,0,0,0,0,0,0,0,0.0,0.274983,0,0.0,0,322,1,2,0.4057,0.0067,GREEN,48,Mumbai
CLM0027139,MUM_04598,Powai,2025-08-07,14,0,0,0,0,0,0,1,0,0,1.0,0.297455,0,1.0,0,43,3,0,0.7303,0.042,GREEN,35,Mumbai
CLM0027140,MUM_08991,Ghatkopar,2021-12-04,19,0,0,0,1,1,1,1,1,0,1.0,1.0,1,1.0,1,27,3,18,0.3403,0.0,GREEN,60,Mumbai
CLM0027141,MUM_06738,Powai,2024-08-25,7,0,0,0,0,0,0,0,0,0,0.0,0.108777,0,0.0,0,42,1,1,0.6993,0.0275,GREEN,41,Mumbai
CLM0027142,MUM_09226,Thane,2024-04-29,14,0,0,0,1,0,0,0,0,0,0.0,0.490859,0,0.0,0,407,4,3,0.8266,0.1932,GREEN,49,Mumbai
CLM0027143,MUM_08755,Borivali,2021-08-07,12,0,0,0,0,0,0,0,0,0,0.0,0.317294,0,0.0,0,360,2,2,0.98,0.1375,GREEN,44,Mumbai
CLM0027144,MUM_08599,Powai,2023-09-10,18,0,0,0,0,0,1,0,0,0,0.0,0.388046,0,0.0,0,261,0,4,0.7929,0.0039,GREEN,40,Mumbai
CLM0027145,MUM_08241,Lower Parel,2024-12-05,18,0,0,0,0,0,0,0,0,0,1.0,0.235391,0,0.0,0,364,4,4,0.8189,0.057,GREEN,53,Mumbai
CLM0027146,MUM_07020,Thane,2024-03-06,19,0,0,0,1,0,1,0,0,0,0.0,0.0,0,0.0,0,318,3,5,0.7112,0.2672,GREEN,36,Mumbai
CLM0027147,MUM_01046,Powai,2025-10-24,18,0,0,0,0,0,1,0,0,0,0.0,1.0,0,0.0,0,143,0,2,0.4901,0.1354,GREEN,52,Mumbai
CLM0027148,MUM_07190,Vashi,2024-06-21,21,0,0,0,0,0,0,1,1,0,1.0,0.953861,1,0.0,1,5,3,18,0.3185,0.0102,GREEN,49,Mumbai
CLM0027149,MUM_04104,Thane,2025-05-26,7,0,0,0,0,0,0,0,0,0,0.0,0.341877,0,0.0,0,189,2,3,0.9649,0.0163,GREEN,40,Mumbai
CLM0027150,MUM_02475,Vashi,2025-12-16,8,0,0,0,1,0,0,1,0,0,0.0,0.10589,0,0.0,0,310,2,2,0.6509,0.2282,GREEN,53,Mumbai
CLM0027151,MUM_03440,Andheri,2024-11-04,12,1,0,0,0,0,0,0,0,0,0.0,0.077358,1,0.0,0,420,0,5,0.5626,0.0782,GREEN,43,Mumbai
CLM0027152,MUM_08928,Chembur,2025-06-04,14,0,0,0,0,0,0,0,0,0,0.0,0.10936,0,0.0,0,102,4,0,0.4355,0.0,GREEN,52,Mumbai
CLM0027153,MUM_01065,Vashi,2025-12-08,7,0,0,0,0,0,0,0,0,0,0.0,0.0,0,0.0,0,420,2,3,0.6896,0.0,GREEN,41,Mumbai
CLM0027154,MUM_06933,Lower Parel,2025-07-16,8,0,0,0,1,0,0,0,0,0,0.0,0.097935,0,0.0,0,245,1,4,0.9362,0.1568,GREEN,26,Mumbai
CLM0027155,MUM_02826,Vashi,2024-08-27,11,0,0,0,0,0,0,0,0,0,0.0,0.086063,0,0.0,1,322,0,1,0.638,0.097,GREEN,37,Mumbai
CLM0027156,MUM_07338,Lower Parel,2018-03-03,7,0,0,0,0,0,0,0,0,0,0.0,0.0,0,0.0,0,241,0,5,0.98,0.008,GREEN,46,Mumbai
CLM0027157,MUM_05018,Bandra,2015-11-26,14,0,0,0,0,0,0,0,0,0,0.0,0.019533,0,0.0,0,68,0,4,0.8767,0.0206,GREEN,30,Mumbai
CLM0027158,MUM_03064,Powai,2016-08-13,11,0,0,0,0,0,0,0,0,0,0.0,0.367402,0,0.0,0,352,4,1,0.5569,0.0402,GREEN,18,Mumbai
CLM0027159,MUM_02193,Lower Parel,2024-01-01,14,0,0,0,0,0,0,0,0,0,0.0,0.213022,0,0.0,0,390,1,6,0.9191,0.0497,GREEN,56,Mumbai
CLM0027160,MUM_05386,Chembur,2016-06-10,14,0,0,0,1,0,0,0,0,0,1.0,1.0,0,0.0,0,341,4,4,0.8936,0.2455,GREEN,55,Mumbai
CLM0027161,MUM_06658,Thane,2025-02-17,17,0,0,0,1,0,0,0,0,0,0.0,0.266218,0,0.0,0,402,0,1,0.3998,0.1106,GREEN,24,Mumbai
CLM0027162,MUM_00835,Borivali,2018-08-01,8,0,0,0,1,0,0,0,0,0,0.0,0.227967,0,1.0,0,147,3,0,0.8074,0.1591,GREEN,56,Mumbai
CLM0027163,MUM_00486,Thane,2019-06-21,21,0,0,0,0,0,0,0,0,0,0.0,0.0,1,0.0,0,318,3,0,0.05,0.0762,GREEN,37,Mumbai
CLM0027164,MUM_00358,Ghatkopar,2019-02-10,18,0,0,0,0,0,0,0,0,0,0.0,0.216974,0,0.0,0,91,4,5,0.6057,0.0105,GREEN,34,Mumbai
CLM0027165,MUM_01749,Thane,2023-05-25,16,0,0,0,0,0,0,0,0,0,0.0,0.125514,1,0.0,0,185,4,3,0.498,0.036,GREEN,36,Mumbai
CLM0027166,MUM_05843,Ghatkopar,2022-01-29,21,0,0,0,1,0,1,1,1,1,0.0,0.111682,1,0.0,1,9,4,18,0.98,0.0758,GREEN,41,Mumbai
CLM0027167,MUM_00684,Ghatkopar,2019-06-17,13,0,0,0,0,0,0,0,0,0,0.0,0.056711,0,0.0,0,103,2,0,0.6462,0.0,GREEN,40,Mumbai
CLM0027168,MUM_06944,Ghatkopar,2020-07-15,14,0,0,0,0,0,0,0,0,0,0.0,0.1886,0,0.0,0,118,1,0,0.9662,0.0,GREEN,52,Mumbai
CLM0027169,MUM_02198,Vashi,2025-10-22,12,0,1,1,0,0,0,0,0,1,0.0,0.993068,0,0.0,0,138,0,7,0.9258,0.1777,GREEN,58,Mumbai
CLM0027170,MUM_07776,Bandra,2020-07-18,15,0,0,0,0,0,0,0,0,0,0.0,1.0,0,0.0,0,295,2,0,0.8416,0.0038,GREEN,45,Mumbai
CLM0027171,MUM_02750,Dadar,2025-07-10,17,0,0,0,0,0,0,0,0,0,0.0,0.225686,0,0.0,0,105,4,0,0.9043,0.0,GREEN,34,Mumbai
CLM0027172,MUM_05921,Chembur,2023-03-25,15,0,0,0,0,0,0,0,0,0,0.0,0.048102,0,0.0,0,201,2,0,0.8478,0.0058,GREEN,43,Mumbai
CLM0027173,MUM_05024,Lower Parel,2021-05-13,18,0,0,0,0,0,0,0,0,0,0.0,0.045988,0,0.0,0,178,1,2,0.6878,0.0,GREEN,66,Mumbai
CLM0027174,MUM_00939,Dadar,2022-01-03,20,0,0,0,0,0,0,0,0,0,0.0,0.960084,0,1.0,0,370,4,4,0.4181,0.1028,GREEN,41,Mumbai
CLM0027175,MUM_02194,Powai,2025-03-22,14,0,0,0,0,0,0,0,1,0,0.0,0.219466,0,0.0,1,203,1,5,0.7777,0.2585,GREEN,32,Mumbai
CLM0027176,MUM_05889,Chembur,2023-09-30,17,0,0,0,0,0,1,0,0,0,1.0,0.222672,0,0.0,0,253,1,1,0.9002,0.0865,GREEN,31,Mumbai
CLM0027177,MUM_09098,Vashi,2025-10-13,19,0,0,0,0,0,0,0,0,0,0.0,0.315293,0,0.0,0,322,1,3,0.2069,0.0,GREEN,57,Mumbai
CLM0027178,MUM_07359,Borivali,2022-12-07,18,0,1,1,0,0,0,0,0,0,1.0,0.32216,0,0.0,0,266,2,2,0.8408,0.1089,GREEN,56,Mumbai
CLM0027179,MUM_06568,Vashi,2024-03-06,14,0,0,0,0,0,0,0,1,0,0.0,0.423809,0,0.0,0,346,2,2,0.8363,0.1124,GREEN,61,Mumbai
CLM0027180,MUM_07605,Thane,2023-09-09,9,0,0,0,0,0,0,0,0,0,0.0,0.081957,0,0.0,0,242,2,0,0.682,0.0457,GREEN,34,Mumbai
CLM0027181,MUM_04228,Andheri,2024-02-14,13,0,0,0,1,1,1,1,1,1,1.0,0.087599,0,1.0,0,5,2,18,0.099,0.0005,GREEN,37,Mumbai
CLM0027182,MUM_04465,Andheri,2023-06-04,13,0,0,0,0,0,0,0,0,0,0.0,0.162629,0,0.0,0,334,3,3,0.6023,0.0,GREEN,37,Mumbai
CLM0027183,MUM_03700,Vashi,2018-07-16,19,0,0,0,0,0,0,0,0,0,0.0,0.159884,0,0.0,0,420,4,6,0.8074,0.0,GREEN,35,Mumbai
CLM0027184,MUM_05181,Vashi,2025-07-11,8,0,0,0,0,0,1,0,0,0,0.0,0.203762,0,0.0,0,58,2,5,0.5339,0.2314,GREEN,62,Mumbai
CLM0027185,MUM_00666,Dadar,2018-10-25,15,0,0,0,0,0,0,0,0,0,1.0,0.421871,0,0.0,0,242,3,1,0.05,0.1026,GREEN,30,Mumbai
CLM0027186,MUM_09424,Vashi,2024-06-27,8,0,0,0,0,0,0,0,0,0,0.0,0.435251,0,0.0,0,363,2,3,0.7171,0.0,GREEN,49,Mumbai
CLM0027187,MUM_09053,Andheri,2022-12-15,11,0,0,0,0,0,0,0,0,0,0.0,0.192047,0,0.0,0,44,3,2,0.6557,0.0,GREEN,40,Mumbai
CLM0027188,MUM_00830,Thane,2023-01-15,12,0,0,0,0,0,0,0,0,1,0.0,0.946928,0,1.0,0,117,1,0,0.5119,0.1776,GREEN,37,Mumbai
CLM0027189,MUM_07347,Chembur,2025-01-14,20,0,0,0,0,0,0,0,0,0,0.0,0.003392,0,0.0,0,53,0,2,0.6334,0.0,GREEN,33,Mumbai
CLM0027190,MUM_03595,Lower Parel,2025-08-03,18,0,0,0,0,0,0,0,0,0,0.0,0.337132,0,0.0,0,108,4,3,0.98,0.0136,GREEN,53,Mumbai
CLM0027191,MUM_02675,Thane,2025-04-16,10,0,0,0,0,0,0,0,0,0,0.0,0.198532,0,0.0,0,46,2,4,0.0907,0.0834,GREEN,54,Mumbai
CLM0027192,MUM_03312,Ghatkopar,2025-08-22,10,0,0,0,0,0,0,0,0,0,0.0,0.108775,0,0.0,0,192,4,2,0.8837,0.0,GREEN,41,Mumbai
CLM0027193,MUM_08166,Lower Parel,2025-03-21,13,0,0,0,0,0,0,0,0,0,0.0,1.0,0,0.0,0,390,2,0,0.98,0.0904,GREEN,47,Mumbai
CLM0027194,MUM_07241,Thane,2025-02-21,16,0,0,0,0,0,0,0,0,0,0.0,0.315346,0,0.0,0,420,4,4,0.2317,0.0,GREEN,58,Mumbai
CLM0027195,MUM_07352,Borivali,2025-01-29,17,0,0,0,1,0,0,0,0,0,0.0,1.0,0,0.0,1,180,3,2,0.5213,0.2878,GREEN,47,Mumbai
CLM0027196,MUM_05107,Thane,2025-01-07,14,0,0,0,0,0,0,0,0,0,1.0,0.907993,0,1.0,0,89,0,0,0.7329,0.021,GREEN,58,Mumbai
CLM0027197,MUM_05685,Chembur,2025-03-21,15,0,0,0,0,0,0,0,1,0,1.0,1.0,0,1.0,0,49,1,5,0.7684,0.1799,GREEN,21,Mumbai
CLM0027198,MUM_04539,Chembur,2025-12-10,8,0,0,0,0,0,0,0,0,0,0.0,0.218166,0,0.0,0,94,4,4,0.2178,0.092,GREEN,52,Mumbai
CLM0027199,MUM_02184,Andheri,2025-08-05,18,0,0,0,0,1,0,0,0,0,0.0,0.148726,0,0.0,0,420,4,0,0.832,0.1455,GREEN,51,Mumbai
CLM0027200,MUM_02513,Borivali,2023-10-13,11,0,0,0,0,0,0,0,0,0,0.0,0.434004,0,0.0,0,113,3,0,0.7307,0.0,GREEN,45,Mumbai
CLM0027201,MUM_06111,Borivali,2022-12-12,18,0,0,0,0,0,0,0,0,0,0.0,0.0,0,0.0,0,115,0,2,0.4804,0.0,GREEN,39,Mumbai
CLM0027202,MUM_03000,Borivali,2025-11-08,15,0,0,0,0,0,0,0,0,0,1.0,0.04736,0,0.0,0,420,2,5,0.7732,0.0743,GREEN,41,Mumbai
CLM0027203,MUM_09763,Ghatkopar,2021-12-01,17,0,0,0,0,0,1,1,0,0,0.0,0.042147,0,0.0,0,106,1,5,0.5886,0.1047,GREEN,54,Mumbai
CLM0027204,MUM_08451,Chembur,2022-12-04,9,0,1,1,0,0,0,0,0,0,0.0,0.161644,0,0.0,0,257,1,7,0.7966,0.0,GREEN,32,Mumbai
CLM0027205,MUM_05283,Andheri,2021-08-12,21,0,0,0,0,0,0,0,1,0,0.0,0.314741,0,0.0,0,299,1,1,0.6854,0.1927,GREEN,30,Mumbai
CLM0027206,MUM_00670,Dadar,2024-03-30,19,0,1,1,0,0,0,0,0,0,0.0,0.116442,0,0.0,1,267,2,0,0.6905,0.0712,GREEN,45,Mumbai
CLM0027207,MUM_02690,Lower Parel,2025-10-11,12,0,0,0,0,0,1,0,0,0,0.0,0.378925,0,0.0,0,349,0,0,0.7833,0.1122,GREEN,41,Mumbai
CLM0027208,MUM_05164,Dadar,2024-05-21,13,0,0,0,0,0,0,0,0,0,0.0,0.181274,0,0.0,0,36,1,3,0.7049,0.009,GREEN,40,Mumbai
CLM0027209,MUM_07711,Vashi,2024-12-16,12,0,0,0,0,0,0,1,0,0,0.0,0.192155,0,0.0,0,331,4,1,0.5211,0.1014,GREEN,53,Mumbai
CLM0027210,MUM_05284,Chembur,2024-07-06,10,0,0,0,0,0,0,0,0,0,0.0,0.0,0,0.0,0,156,1,1,0.4465,0.0,GREEN,43,Mumbai
CLM0027211,MUM_03379,Lower Parel,2025-12-19,11,0,0,0,0,0,0,0,0,1,0.0,0.27271,0,0.0,0,333,3,1,0.5872,0.1046,GREEN,40,Mumbai
CLM0027212,MUM_00366,Powai,2019-01-19,10,0,0,0,0,0,0,1,0,0,0.0,0.154058,0,0.0,0,210,0,3,0.2904,0.0004,GREEN,48,Mumbai
CLM0027213,MUM_01990,Bandra,2024-11-28,13,0,0,0,0,0,0,0,0,0,0.0,0.129238,0,0.0,0,359,0,2,0.6816,0.0175,GREEN,58,Mumbai
CLM0027214,MUM_06432,Powai,2019-03-29,13,0,0,0,0,0,0,0,0,0,1.0,0.323969,0,0.0,1,420,1,3,0.7829,0.1895,GREEN,65,Mumbai
CLM0027215,MUM_03830,Andheri,2022-04-14,7,0,0,0,0,0,0,0,0,0,0.0,0.0,0,0.0,0,234,2,0,0.3404,0.0106,GREEN,58,Mumbai
CLM0027216,MUM_02460,Bandra,2021-09-29,10,0,0,0,0,0,0,0,1,0,0.0,0.080315,0,0.0,0,360,1,3,0.6642,0.1344,GREEN,47,Mumbai
CLM0027217,MUM_04221,Andheri,2025-04-06,7,0,0,0,0,0,0,0,0,0,0.0,0.165985,0,0.0,0,263,4,2,0.4879,0.0031,GREEN,46,Mumbai
CLM0027218,MUM_02849,Thane,2025-06-28,17,0,0,0,0,0,0,0,0,0,0.0,0.10551,1,0.0,0,145,2,2,0.6758,0.0354,GREEN,49,Mumbai
CLM0027219,MUM_00509,Chembur,2023-10-28,11,0,0,0,1,1,1,1,1,0,1.0,0.890134,1,1.0,1,30,1,18,0.2771,0.0737,GREEN,18,Mumbai
CLM0027220,MUM_01964,Lower Parel,2024-02-02,12,0,0,0,0,0,0,0,0,0,0.0,0.295538,0,0.0,0,239,2,3,0.6939,0.0,GREEN,23,Mumbai
CLM0027221,MUM_04810,Bandra,2025-10-26,18,0,0,0,0,1,0,0,0,0,0.0,0.28444,0,0.0,0,420,4,3,0.8134,0.2006,GREEN,40,Mumbai
CLM0027222,MUM_08180,Ghatkopar,2020-04-19,19,0,0,0,0,1,0,1,1,1,0.0,0.111137,1,0.0,0,42,0,17,0.8937,0.0465,GREEN,57,Mumbai
CLM0027223,MUM_06565,Chembur,2025-04-28,7,0,0,0,0,0,0,0,0,0,0.0,0.097459,0,0.0,0,420,0,5,0.6149,0.0,GREEN,37,Mumbai
CLM0027224,MUM_09175,Bandra,2019-10-13,12,0,0,0,0,0,0,0,0,0,0.0,0.230454,0,0.0,0,176,4,0,0.5575,0.0,GREEN,48,Mumbai
CLM0027225,MUM_07752,Chembur,2023-07-31,14,0,0,0,0,0,0,0,0,0,0.0,0.299655,0,0.0,0,378,4,0,0.9422,0.0343,GREEN,53,Mumbai
CLM0027226,MUM_08873,Andheri,2019-01-30,21,0,0,0,0,0,1,0,0,0,0.0,0.157982,1,0.0,0,381,4,2,0.5778,0.2266,GREEN,36,Mumbai
CLM0027227,MUM_02370,Ghatkopar,2023-06-14,13,0,0,0,0,0,0,0,0,0,0.0,0.233934,0,0.0,0,420,3,3,0.7566,0.0939,GREEN,47,Mumbai
CLM0027228,MUM_08261,Borivali,2025-10-16,8,1,0,0,0,0,0,0,0,0,0.0,0.245007,0,0.0,0,345,2,2,0.2463,0.0539,GREEN,32,Mumbai
CLM0027229,MUM_05578,Andheri,2023-10-04,10,0,0,0,0,0,0,0,0,1,1.0,0.21029,0,0.0,0,291,3,4,0.9396,0.1328,GREEN,18,Mumbai
CLM0027230,MUM_09954,Thane,2020-10-09,7,0,0,0,0,0,0,1,0,0,0.0,0.145423,1,0.0,0,265,1,6,0.8497,0.1482,GREEN,38,Mumbai
CLM0027231,MUM_03627,Thane,2024-11-10,9,0,0,0,0,0,0,0,1,0,0.0,0.130326,0,1.0,0,226,1,5,0.98,0.1985,GREEN,41,Mumbai
CLM0027232,MUM_01149,Ghatkopar,2020-09-07,15,0,0,0,0,0,0,0,0,0,0.0,0.270039,0,1.0,0,301,1,3,0.7225,0.0,GREEN,51,Mumbai
CLM0027233,MUM_06723,Chembur,2025-03-23,9,0,0,0,0,0,0,0,0,0,0.0,0.064541,0,0.0,0,368,4,0,0.6091,0.0,GREEN,63,Mumbai
CLM0027234,MUM_00168,Lower Parel,2023-08-19,16,0,1,1,0,0,0,0,0,0,0.0,0.198223,0,0.0,0,414,2,3,0.1344,0.0,GREEN,37,Mumbai
CLM0027235,MUM_02716,Chembur,2024-10-23,18,0,0,0,0,0,0,0,0,0,1.0,0.928921,0,1.0,0,190,3,4,0.7769,0.0044,GREEN,45,Mumbai
CLM0027236,MUM_04445,Bandra,2024-05-19,19,0,0,0,0,0,0,0,0,0,0.0,0.280861,0,0.0,0,385,2,0,0.8371,0.083,GREEN,47,Mumbai
CLM0027237,MUM_00642,Vashi,2025-09-24,17,0,0,0,0,0,0,0,0,0,0.0,0.0,0,0.0,0,68,4,3,0.8256,0.0,GREEN,40,Mumbai
CLM0027238,MUM_00993,Lower Parel,2025-06-15,21,0,0,0,0,0,0,1,0,0,0.0,0.385236,0,0.0,0,106,1,1,0.8892,0.0473,GREEN,48,Mumbai
CLM0027239,MUM_09697,Andheri,2024-02-24,14,0,0,0,0,0,0,0,0,0,0.0,0.341531,0,1.0,0,142,1,2,0.9434,0.0743,GREEN,57,Mumbai
CLM0027240,MUM_00035,Ghatkopar,2025-05-28,20,0,0,0,0,0,0,0,0,0,0.0,0.358726,0,0.0,0,420,3,3,0.5796,0.0,GREEN,31,Mumbai
CLM0027241,MUM_00796,Thane,2023-12-13,20,0,0,0,0,0,0,0,0,0,0.0,0.133267,0,0.0,0,272,3,0,0.3909,0.0767,GREEN,18,Mumbai
CLM0027242,MUM_07472,Dadar,2023-09-06,9,0,0,0,0,0,0,0,0,0,0.0,0.145653,0,0.0,0,353,2,0,0.7296,0.0,GREEN,44,Mumbai
CLM0027243,MUM_01605,Chembur,2024-10-10,14,0,0,0,0,0,0,0,0,0,0.0,0.271504,1,0.0,0,127,4,2,0.6406,0.0297,GREEN,42,Mumbai
CLM0027244,MUM_03691,Vashi,2023-01-05,7,0,0,0,0,0,0,0,1,0,0.0,0.356318,0,0.0,0,136,4,3,0.8044,0.1504,GREEN,56,Mumbai
CLM0027245,MUM_03453,Powai,2021-01-18,12,0,0,0,1,0,0,0,0,0,0.0,0.114903,0,0.0,0,298,0,3,0.6614,0.1642,GREEN,41,Mumbai
CLM0027246,MUM_04097,Vashi,2017-01-19,13,0,1,1,0,0,0,0,0,0,0.0,0.405712,1,0.0,0,167,3,2,0.5822,0.0893,GREEN,51,Mumbai
CLM0027247,MUM_04388,Thane,2020-11-28,7,0,0,0,0,0,0,0,0,0,0.0,0.243768,0,0.0,0,419,2,1,0.4986,0.0,GREEN,44,Mumbai
CLM0027248,MUM_05820,Bandra,2022-04-29,15,0,0,0,0,0,0,0,0,0,0.0,0.224326,0,1.0,0,420,1,5,0.7557,0.0467,GREEN,48,Mumbai
CLM0027249,MUM_00470,Borivali,2021-10-02,19,0,0,0,0,0,0,0,0,0,0.0,0.342894,0,0.0,0,308,4,1,0.05,0.0,GREEN,55,Mumbai
CLM0027250,MUM_01209,Powai,2022-02-18,16,0,1,1,0,0,0,0,0,0,1.0,0.429158,0,0.0,0,126,2,0,0.6147,0.1036,GREEN,31,Mumbai
CLM0027251,MUM_06326,Borivali,2017-05-05,7,0,0,0,0,1,0,0,0,0,0.0,0.218992,0,0.0,0,220,2,0,0.6118,0.1545,GREEN,64,Mumbai
CLM0027252,MUM_05297,Powai,2024-11-12,16,0,0,0,0,0,0,0,0,0,0.0,0.098892,0,0.0,0,49,2,5,0.2934,0.0072,GREEN,37,Mumbai
CLM0027253,MUM_04719,Ghatkopar,2024-02-27,7,0,0,0,0,1,0,0,0,0,0.0,0.294322,0,0.0,0,87,3,0,0.8051,0.108,GREEN,43,Mumbai
CLM0027254,MUM_07795,Bandra,2022-05-10,21,0,0,0,0,0,0,0,0,0,0.0,0.246578,0,0.0,0,420,4,0,0.6151,0.0009,GREEN,32,Mumbai
CLM0027255,MUM_03686,Dadar,2023-06-28,7,0,0,0,0,1,0,0,0,0,0.0,0.265087,0,0.0,0,97,1,4,0.7972,0.2531,GREEN,41,Mumbai
CLM0027256,MUM_08828,Borivali,2023-10-21,18,0,1,1,0,0,0,0,0,0,0.0,0.159728,0,0.0,0,420,2,0,0.2901,0.0,GREEN,50,Mumbai
CLM0027257,MUM_05697,Lower Parel,2020-01-20,10,0,0,0,1,0,1,0,0,0,0.0,0.232433,0,0.0,0,346,0,0,0.7496,0.2214,GREEN,52,Mumbai
CLM0027258,MUM_07704,Bandra,2021-03-18,11,0,0,0,0,0,0,0,0,0,0.0,0.175899,0,1.0,0,374,1,0,0.4396,0.0,GREEN,60,Mumbai
CLM0027259,MUM_09817,Vashi,2021-04-11,21,0,0,0,0,0,0,0,0,0,0.0,0.42086,0,0.0,0,180,3,3,0.794,0.044,GREEN,36,Mumbai
CLM0027260,MUM_00835,Borivali,2021-06-28,9,0,0,0,0,0,0,0,1,0,0.0,0.344299,0,0.0,0,129,3,2,0.5096,0.0557,GREEN,56,Mumbai
CLM0027261,MUM_03144,Bandra,2020-12-08,12,0,0,0,0,0,0,0,0,0,0.0,0.099696,0,0.0,0,153,2,0,0.1383,0.0,GREEN,34,Mumbai
CLM0027262,MUM_06478,Vashi,2023-06-14,18,0,0,0,0,0,0,1,0,0,0.0,0.296983,0,0.0,0,138,0,0,0.9191,0.1755,GREEN,26,Mumbai
CLM0027263,MUM_01781,Andheri,2021-02-05,11,0,0,0,0,0,0,0,0,0,0.0,0.115187,0,0.0,0,97,4,2,0.5049,0.0,GREEN,31,Mumbai
CLM0027264,MUM_09862,Powai,2021-07-12,20,1,0,0,0,0,0,0,0,0,0.0,0.168589,0,0.0,0,420,1,7,0.2478,0.0,GREEN,41,Mumbai
CLM0027265,MUM_04961,Lower Parel,2022-07-11,14,0,0,0,0,0,0,0,0,0,0.0,0.0,0,0.0,0,318,3,0,0.6596,0.0477,GREEN,32,Mumbai
CLM0027266,MUM_01098,Andheri,2025-06-22,9,0,0,0,0,0,0,0,0,0,0.0,0.23266,0,0.0,0,214,3,4,0.5361,0.0056,GREEN,36,Mumbai
CLM0027267,MUM_04633,Lower Parel,2025-03-10,20,0,0,0,0,0,0,0,0,0,0.0,0.253139,0,0.0,0,379,0,5,0.8176,0.0,GREEN,46,Mumbai
CLM0027268,MUM_03001,Lower Parel,2022-04-23,13,0,0,0,0,0,0,0,1,0,0.0,0.966714,0,0.0,0,307,3,6,0.6374,0.1268,GREEN,52,Mumbai
CLM0027269,MUM_00995,Bandra,2022-09-08,11,0,0,0,0,1,0,0,0,0,0.0,0.366002,1,0.0,0,83,3,0,0.9169,0.2734,GREEN,47,Mumbai
CLM0027270,MUM_02303,Lower Parel,2023-12-01,19,0,0,0,0,0,0,0,0,0,0.0,0.332323,1,0.0,0,305,3,2,0.451,0.0245,GREEN,52,Mumbai
CLM0027271,MUM_02764,Bandra,2023-11-10,12,0,0,0,0,0,0,0,0,0,0.0,0.310132,0,0.0,0,122,1,4,0.7973,0.1584,GREEN,26,Mumbai
CLM0027272,MUM_05899,Vashi,2023-07-04,20,0,0,0,0,0,0,0,0,0,0.0,0.445396,0,0.0,0,227,3,6,0.8681,0.068,GREEN,35,Mumbai
CLM0027273,MUM_08358,Lower Parel,2024-02-20,12,0,0,0,0,1,0,0,0,0,0.0,0.169237,0,0.0,0,87,3,1,0.5226,0.0272,GREEN,52,Mumbai
CLM0027274,MUM_05926,Bandra,2024-10-29,8,0,0,0,0,0,1,0,1,0,0.0,0.463652,0,0.0,0,300,0,2,0.8846,0.1901,GREEN,48,Mumbai
CLM0027275,MUM_08266,Thane,2024-05-06,21,0,0,0,0,0,0,0,0,1,0.0,1.0,0,0.0,0,71,1,5,0.8424,0.1462,GREEN,49,Mumbai
CLM0027276,MUM_00483,Ghatkopar,2024-12-02,18,0,0,0,1,0,0,1,0,1,1.0,0.928507,0,1.0,0,14,0,18,0.1751,0.0583,GREEN,41,Mumbai
CLM0027277,MUM_02157,Borivali,2024-06-16,7,0,1,1,0,0,1,0,0,0,0.0,0.035706,0,0.0,0,148,3,2,0.7024,0.134,GREEN,39,Mumbai
CLM0027278,MUM_09343,Lower Parel,2024-06-19,19,0,0,0,0,0,0,0,0,0,0.0,0.075593,0,0.0,0,316,4,4,0.7553,0.1026,GREEN,50,Mumbai
CLM0027279,MUM_06330,Chembur,2022-02-27,19,0,0,0,0,0,0,0,0,0,0.0,0.108366,0,0.0,0,40,3,4,0.9488,0.0,GREEN,46,Mumbai
CLM0027280,MUM_00653,Chembur,2025-05-06,11,0,0,0,0,0,0,0,0,0,0.0,0.96852,0,0.0,0,19,4,1,0.8824,0.0,GREEN,40,Mumbai
CLM0027281,MUM_09408,Dadar,2021-11-25,21,0,0,0,0,0,0,0,0,0,0.0,0.115249,0,0.0,0,247,3,0,0.2706,0.0,GREEN,37,Mumbai
CLM0027282,MUM_04019,Vashi,2024-07-02,20,0,0,0,0,0,0,0,0,0,0.0,0.244275,0,0.0,0,72,3,0,0.7203,0.0508,GREEN,36,Mumbai
CLM0027283,MUM_02484,Ghatkopar,2025-07-21,19,0,0,0,0,0,1,0,0,0,0.0,0.305841,0,0.0,0,353,0,0,0.74,0.0309,GREEN,44,Mumbai
CLM0027284,MUM_02845,Vashi,2021-04-23,10,0,0,0,0,0,0,0,1,1,0.0,0.068679,0,0.0,0,302,0,2,0.0794,0.1765,GREEN,38,Mumbai
CLM0027285,MUM_03247,Lower Parel,2025-09-15,13,0,0,0,0,0,0,0,0,0,1.0,0.003239,0,0.0,0,420,0,0,0.0814,0.1327,GREEN,50,Mumbai
CLM0027286,MUM_03697,Lower Parel,2024-05-28,12,0,0,0,0,0,0,0,0,0,0.0,0.30307,0,1.0,0,420,2,2,0.7811,0.042,GREEN,52,Mumbai
CLM0027287,MUM_00707,Borivali,2019-11-09,15,0,0,0,0,0,0,0,0,0,0.0,0.04133,0,0.0,0,412,0,2,0.98,0.0943,GREEN,38,Mumbai
CLM0027288,MUM_01537,Bandra,2019-08-03,21,0,0,0,0,0,0,0,0,0,1.0,0.329322,0,1.0,0,305,3,1,0.853,0.0239,GREEN,46,Mumbai
CLM0027289,MUM_00617,Bandra,2025-04-09,15,0,0,0,0,0,1,0,0,0,0.0,0.482416,0,0.0,0,387,2,4,0.8815,0.1094,GREEN,21,Mumbai
CLM0027290,MUM_02381,Andheri,2024-05-03,15,0,0,0,0,0,0,0,0,0,0.0,0.179707,0,0.0,0,257,2,5,0.5953,0.0617,GREEN,34,Mumbai
CLM0027291,MUM_09067,Chembur,2024-10-12,19,0,0,0,0,0,0,0,0,0,0.0,0.224318,0,0.0,0,286,2,3,0.6697,0.0,GREEN,37,Mumbai
CLM0027292,MUM_08479,Lower Parel,2024-05-22,20,0,0,0,0,0,0,0,0,0,0.0,0.31565,0,0.0,0,281,3,7,0.105,0.0075,GREEN,40,Mumbai
CLM0027293,MUM_06175,Borivali,2022-07-25,9,0,0,0,1,0,0,0,1,0,1.0,0.323676,0,0.0,0,420,3,0,0.2565,0.244,GREEN,28,Mumbai
CLM0027294,MUM_08633,Lower Parel,2021-11-02,14,0,0,0,0,0,0,0,0,0,0.0,0.189575,1,0.0,0,376,2,0,0.6717,0.0369,GREEN,33,Mumbai
CLM0027295,MUM_04932,Andheri,2022-09-30,12,0,1,1,0,0,1,1,1,1,0.0,0.953927,1,0.0,1,5,2,18,0.2039,0.0,GREEN,29,Mumbai
CLM0027296,MUM_05607,Thane,2022-02-01,7,0,0,0,0,0,0,0,0,0,1.0,0.20194,0,0.0,0,354,0,0,0.4119,0.0943,GREEN,32,Mumbai
CLM0027297,MUM_01156,Andheri,2023-07-15,17,0,0,0,0,0,0,0,0,0,0.0,0.0,0,0.0,0,370,0,2,0.5739,0.0914,GREEN,34,Mumbai
CLM0027298,MUM_05647,Dadar,2025-06-08,8,0,0,0,0,1,0,0,0,0,0.0,0.126779,0,0.0,0,420,0,2,0.5282,0.2342,GREEN,18,Mumbai
CLM0027299,MUM_09873,Borivali,2023-01-16,21,0,0,0,0,0,0,0,0,0,0.0,0.267525,0,0.0,0,420,3,1,0.0863,0.0,GREEN,66,Mumbai
CLM0027300,MUM_06674,Thane,2025-02-20,18,0,0,0,0,0,0,0,0,0,0.0,0.396954,0,0.0,0,340,1,6,0.6329,0.0771,GREEN,39,Mumbai
CLM0027301,MUM_00497,Andheri,2023-04-18,20,0,0,0,1,1,0,1,0,0,0.0,0.985638,1,1.0,1,5,1,18,0.9201,0.0663,GREEN,42,Mumbai
CLM0027302,MUM_09497,Ghatkopar,2024-12-14,11,0,0,0,0,0,0,0,0,0,0.0,0.196973,0,1.0,0,347,3,3,0.7097,0.063,GREEN,48,Mumbai
CLM0027303,MUM_06259,Dadar,2023-12-30,7,0,0,0,0,0,0,0,0,0,0.0,0.188322,0,0.0,0,54,3,6,0.9256,0.0,GREEN,48,Mumbai
CLM0027304,MUM_06540,Lower Parel,2025-10-25,13,0,0,0,0,0,0,0,0,0,1.0,0.389446,0,0.0,0,252,2,2,0.2631,0.044,GREEN,48,Mumbai
CLM0027305,MUM_01187,Lower Parel,2025-04-22,21,0,0,0,0,0,0,0,0,0,1.0,0.282291,0,0.0,0,70,1,4,0.7189,0.0916,GREEN,49,Mumbai
CLM0027306,MUM_03683,Chembur,2023-02-05,7,0,0,0,0,0,0,0,0,0,0.0,0.138657,0,0.0,0,145,4,1,0.7403,0.0571,GREEN,50,Mumbai
CLM0027307,MUM_05001,Borivali,2025-11-10,20,0,0,0,0,0,0,0,0,0,0.0,0.351477,0,0.0,0,420,4,1,0.6231,0.0161,GREEN,38,Mumbai
CLM0027308,MUM_04946,Thane,2024-12-17,20,0,0,0,0,0,1,0,0,0,0.0,0.991915,1,0.0,1,295,1,3,0.8675,0.1677,GREEN,46,Mumbai
CLM0027309,MUM_06883,Vashi,2025-12-30,12,0,0,0,0,0,0,0,0,0,0.0,0.359137,0,0.0,0,420,0,1,0.572,0.0,GREEN,61,Mumbai
CLM0027310,MUM_07794,Lower Parel,2025-10-09,9,0,0,0,0,0,0,0,0,0,1.0,0.339535,0,0.0,0,71,4,2,0.9469,0.09,GREEN,50,Mumbai
CLM0027311,MUM_04217,Lower Parel,2025-02-16,8,0,0,0,0,0,1,0,0,0,0.0,0.98164,0,0.0,0,123,4,2,0.7553,0.0703,GREEN,42,Mumbai
CLM0027312,MUM_07399,Lower Parel,2025-12-26,7,0,0,0,0,0,0,0,0,0,0.0,0.389631,0,0.0,0,420,0,0,0.6724,0.0897,GREEN,49,Mumbai
CLM0027313,MUM_07669,Chembur,2025-08-23,10,0,0,0,1,1,1,1,1,0,0.0,0.209828,0,1.0,0,22,0,18,0.2066,0.0228,GREEN,64,Mumbai
CLM0027314,MUM_05376,Powai,2024-07-24,17,0,0,0,0,0,1,0,0,0,1.0,0.262709,0,0.0,0,115,1,5,0.5066,0.1953,GREEN,47,Mumbai
CLM0027315,MUM_01989,Borivali,2024-07-25,18,0,0,0,0,0,0,0,0,0,0.0,0.056332,0,0.0,0,420,4,0,0.6352,0.0598,GREEN,41,Mumbai
CLM0027316,MUM_04673,Thane,2025-02-03,7,0,0,0,0,0,0,0,0,0,0.0,0.343872,0,0.0,0,397,3,0,0.05,0.0315,GREEN,42,Mumbai
CLM0027317,MUM_04293,Andheri,2024-10-25,11,0,0,0,0,0,0,1,0,0,0.0,0.118677,0,0.0,0,305,2,2,0.4946,0.1045,GREEN,36,Mumbai
CLM0027318,MUM_02477,Andheri,2025-02-03,18,0,0,0,0,0,1,0,0,0,0.0,0.026453,0,1.0,0,325,2,0,0.6843,0.0563,GREEN,40,Mumbai
CLM0027319,MUM_03645,Chembur,2025-08-06,9,0,0,0,0,0,0,0,0,0,0.0,0.373149,0,0.0,0,5,1,0,0.7494,0.001,GREEN,37,Mumbai
CLM0027320,MUM_07253,Vashi,2024-10-09,19,0,0,0,0,0,0,0,0,0,0.0,0.089666,0,0.0,0,188,0,1,0.9182,0.0,GREEN,53,Mumbai
CLM0027321,MUM_01667,Andheri,2024-06-06,21,0,0,0,0,0,1,0,0,0,0.0,0.0,1,0.0,0,328,4,6,0.7583,0.1398,GREEN,38,Mumbai
CLM0027322,MUM_02820,Chembur,2024-03-26,16,0,0,0,0,0,0,0,0,0,0.0,0.340576,0,0.0,0,407,2,5,0.5494,0.0,GREEN,27,Mumbai
CLM0027323,MUM_01857,Borivali,2025-10-29,15,0,0,0,0,0,0,0,0,0,0.0,0.16786,0,0.0,1,420,1,2,0.05,0.0439,GREEN,57,Mumbai
CLM0027324,MUM_02275,Andheri,2023-12-31,8,0,0,0,0,0,0,0,0,0,0.0,0.353411,0,0.0,0,47,2,0,0.7645,0.0323,GREEN,58,Mumbai
CLM0027325,MUM_09679,Chembur,2024-08-11,8,0,0,0,0,0,1,0,0,0,0.0,0.441123,0,0.0,0,193,1,4,0.8407,0.0529,GREEN,50,Mumbai
CLM0027326,MUM_03932,Thane,2025-06-29,10,0,0,0,0,0,0,0,0,0,0.0,0.166809,0,0.0,0,358,0,7,0.1075,0.1031,GREEN,31,Mumbai
CLM0027327,MUM_06132,Bandra,2025-01-16,20,0,0,0,0,0,0,0,0,0,0.0,0.0,0,0.0,0,262,4,1,0.7088,0.0,GREEN,30,Mumbai
CLM0027328,MUM_03154,Powai,2025-05-10,19,0,0,0,0,0,0,1,0,0,0.0,0.288918,0,0.0,0,215,3,5,0.9038,0.0377,GREEN,60,Mumbai
CLM0027329,MUM_06794,Dadar,2025-09-24,21,0,0,0,0,0,0,0,0,0,0.0,0.354756,0,0.0,0,57,3,2,0.7825,0.0,GREEN,33,Mumbai
CLM0027330,MUM_05630,Borivali,2022-09-13,20,0,0,0,0,1,0,0,0,0,0.0,0.13472,0,0.0,0,205,1,0,0.5581,0.093,GREEN,42,Mumbai
CLM0027331,MUM_02540,Thane,2023-03-16,8,0,0,0,1,0,1,0,0,0,0.0,0.254296,0,0.0,0,172,0,4,0.98,0.3286,YELLOW,26,Mumbai
CLM0027332,MUM_05188,Dadar,2024-01-29,14,0,0,0,0,0,0,0,0,1,0.0,0.139264,1,0.0,0,420,3,2,0.2357,0.2352,GREEN,40,Mumbai
CLM0027333,MUM_01383,Bandra,2022-12-29,7,0,0,0,0,0,1,0,0,0,0.0,0.11812,0,0.0,0,163,3,0,0.98,0.1215,GREEN,44,Mumbai
CLM0027334,MUM_08916,Chembur,2022-12-23,17,0,0,0,0,0,0,0,0,0,1.0,1.0,0,1.0,0,159,1,4,0.9108,0.0,GREEN,36,Mumbai
CLM0027335,MUM_04940,Borivali,2025-09-10,20,0,0,0,0,1,0,0,0,0,0.0,0.401159,0,0.0,0,206,3,6,0.8069,0.1098,GREEN,18,Mumbai
CLM0027336,MUM_07520,Dadar,2022-06-25,18,0,0,0,0,0,0,0,0,0,0.0,0.91192,0,0.0,0,47,0,2,0.1854,0.0617,GREEN,66,Mumbai
CLM0027337,MUM_05502,Bandra,2024-10-19,9,0,0,0,0,0,0,0,0,0,1.0,0.049628,0,0.0,0,420,0,6,0.1486,0.1478,GREEN,54,Mumbai
CLM0027338,MUM_03997,Andheri,2025-11-08,20,0,0,0,1,1,0,0,0,1,1.0,0.587428,0,1.0,0,12,3,17,0.1337,0.126,GREEN,51,Mumbai
CLM0027339,MUM_00053,Ghatkopar,2023-06-20,17,0,0,0,0,0,1,0,0,0,0.0,0.140945,0,0.0,0,420,2,6,0.6715,0.2047,GREEN,64,Mumbai
CLM0027340,MUM_09667,Dadar,2025-08-11,15,0,0,0,0,0,0,1,1,0,0.0,0.430303,0,0.0,0,265,1,4,0.6219,0.1698,GREEN,45,Mumbai
CLM0027341,MUM_06748,Powai,2025-04-09,14,0,1,1,0,0,0,0,0,0,0.0,0.327615,0,0.0,0,307,2,0,0.5588,0.0,GREEN,55,Mumbai
CLM0027342,MUM_00153,Dadar,2025-12-23,21,0,0,0,0,0,0,0,0,0,0.0,0.192329,0,0.0,1,82,1,0,0.5969,0.0609,GREEN,46,Mumbai
CLM0027343,MUM_02974,Vashi,2025-02-03,14,0,0,0,0,0,0,0,0,0,0.0,0.152258,0,0.0,0,244,1,4,0.6202,0.0473,GREEN,36,Mumbai
CLM0027344,MUM_05568,Andheri,2025-08-20,21,0,0,0,0,0,0,0,0,0,0.0,0.064942,0,0.0,0,90,4,1,0.684,0.0149,GREEN,57,Mumbai
CLM0027345,MUM_02685,Ghatkopar,2025-07-12,13,0,0,0,0,0,0,0,0,0,0.0,0.070284,0,0.0,0,420,1,2,0.978,0.0051,GREEN,52,Mumbai
CLM0027346,MUM_02629,Bandra,2024-12-29,10,0,0,0,0,0,1,1,1,1,1.0,1.0,0,0.0,1,28,2,18,0.0891,0.0097,GREEN,43,Mumbai
CLM0027347,MUM_06724,Ghatkopar,2025-08-29,13,0,0,0,0,0,0,0,0,0,0.0,0.214353,0,0.0,0,292,2,1,0.6703,0.0619,GREEN,54,Mumbai
CLM0027348,MUM_02017,Powai,2025-06-10,14,0,0,0,0,0,0,0,0,0,1.0,0.186589,0,0.0,0,143,4,2,0.8731,0.0809,GREEN,37,Mumbai
CLM0027349,MUM_08042,Powai,2025-03-07,19,0,0,0,0,0,1,0,0,0,0.0,0.177472,0,0.0,0,408,2,7,0.8366,0.1075,GREEN,37,Mumbai
CLM0027350,MUM_09889,Lower Parel,2025-10-27,17,0,1,1,0,0,0,0,0,0,1.0,1.0,0,0.0,0,420,0,7,0.5944,0.1123,GREEN,54,Mumbai
CLM0027351,MUM_05524,Vashi,2024-12-25,13,0,0,0,0,0,0,0,0,0,0.0,0.110193,0,0.0,0,400,1,1,0.6794,0.0149,GREEN,38,Mumbai
CLM0027352,MUM_06461,Borivali,2025-06-25,7,0,0,0,0,0,0,0,0,0,0.0,0.009542,0,0.0,0,420,2,3,0.7045,0.052,GREEN,53,Mumbai
CLM0027353,MUM_05297,Powai,2025-09-14,19,0,0,0,0,0,0,0,1,0,0.0,0.207589,0,0.0,0,330,0,7,0.9148,0.0831,GREEN,37,Mumbai
CLM0027354,MUM_02244,Vashi,2025-01-08,16,0,0,0,0,0,0,0,0,1,0.0,0.345465,0,0.0,0,61,0,6,0.5937,0.1212,GREEN,41,Mumbai
CLM0027355,MUM_06094,Vashi,2023-11-24,9,0,0,0,0,0,1,0,0,0,0.0,1.0,0,0.0,0,289,2,6,0.98,0.0401,GREEN,48,Mumbai
CLM0027356,MUM_00478,Andheri,2024-05-06,13,0,0,0,0,1,0,0,0,1,0.0,0.138591,0,0.0,0,5,4,5,0.98,0.2638,GREEN,35,Mumbai
CLM0027357,MUM_03533,Borivali,2024-01-22,9,0,0,0,0,0,0,0,0,0,0.0,0.144714,0,0.0,0,94,3,1,0.8711,0.0709,GREEN,42,Mumbai
CLM0027358,MUM_03703,Andheri,2023-10-14,8,0,0,0,0,0,0,1,0,0,0.0,0.200869,0,0.0,0,105,2,0,0.98,0.0012,GREEN,42,Mumbai
CLM0027359,MUM_09507,Andheri,2024-12-12,21,0,0,0,0,0,0,0,0,0,0.0,0.363033,0,0.0,0,146,1,0,0.6754,0.0,GREEN,46,Mumbai
CLM0027360,MUM_01069,Chembur,2023-09-18,16,0,0,0,1,0,0,1,0,0,0.0,0.092483,0,0.0,0,420,3,6,0.6239,0.2104,GREEN,47,Mumbai
CLM0027361,MUM_03723,Borivali,2022-07-08,17,0,0,0,0,0,0,0,0,0,0.0,0.208407,1,0.0,0,189,0,2,0.7515,0.0565,GREEN,55,Mumbai
CLM0027362,MUM_08657,Bandra,2019-04-12,13,0,0,0,0,0,0,0,0,1,0.0,0.0,0,0.0,0,147,1,0,0.565,0.0729,GREEN,31,Mumbai
CLM0027363,MUM_00142,Bandra,2018-01-27,8,0,0,0,0,1,1,0,0,0,0.0,0.178153,0,0.0,0,280,1,1,0.8343,0.2278,GREEN,56,Mumbai
CLM0027364,MUM_06241,Vashi,2023-12-13,14,0,0,0,0,0,0,0,0,0,0.0,0.176531,0,0.0,0,5,4,5,0.9267,0.0,GREEN,59,Mumbai
CLM0027365,MUM_02157,Borivali,2023-06-10,21,0,0,0,0,0,0,0,1,0,0.0,0.028005,0,1.0,0,33,4,0,0.7146,0.1064,GREEN,39,Mumbai
CLM0027366,MUM_05113,Andheri,2023-02-15,10,0,0,0,0,0,1,0,0,0,0.0,0.053772,0,0.0,0,99,0,4,0.6544,0.1546,GREEN,37,Mumbai
CLM0027367,MUM_08552,Powai,2023-12-31,15,0,0,0,0,0,1,0,0,0,0.0,0.193503,0,0.0,0,89,4,1,0.5008,0.0999,GREEN,29,Mumbai
CLM0027368,MUM_02872,Thane,2023-03-10,12,0,0,0,0,0,0,0,0,0,0.0,0.911486,0,0.0,0,103,4,5,0.264,0.0798,GREEN,48,Mumbai
CLM0027369,MUM_01820,Dadar,2024-01-06,14,0,0,0,0,0,0,0,0,0,0.0,0.398203,0,0.0,0,420,0,0,0.5978,0.0135,GREEN,63,Mumbai
CLM0027370,MUM_08488,Thane,2025-11-09,7,0,0,0,1,0,0,0,0,0,0.0,0.174478,0,0.0,0,9,0,6,0.8379,0.1411,GREEN,51,Mumbai
CLM0027371,MUM_04044,Chembur,2023-12-31,9,0,0,0,0,0,0,0,0,0,0.0,0.386615,0,0.0,0,379,4,0,0.6008,0.1168,GREEN,33,Mumbai
CLM0027372,MUM_08065,Chembur,2024-10-12,13,0,0,0,0,0,0,0,0,0,0.0,0.252214,0,0.0,0,93,4,4,0.8907,0.0,GREEN,57,Mumbai
CLM0027373,MUM_07900,Vashi,2023-08-04,20,0,0,0,0,0,0,0,0,0,0.0,0.130108,0,0.0,0,296,0,0,0.7768,0.0,GREEN,36,Mumbai
CLM0027374,MUM_02184,Andheri,2025-12-01,21,0,0,0,0,0,0,0,0,0,0.0,0.000855,0,0.0,0,175,0,5,0.8655,0.0,GREEN,51,Mumbai
CLM0027375,MUM_07555,Thane,2023-09-25,8,0,0,0,0,0,0,0,0,0,0.0,0.37369,0,0.0,0,272,3,4,0.7462,0.0137,GREEN,43,Mumbai
CLM0027376,MUM_08632,Dadar,2025-09-19,21,0,0,0,0,0,0,0,0,0,0.0,0.303017,0,0.0,1,362,1,0,0.4346,0.1053,GREEN,31,Mumbai
CLM0027377,MUM_09067,Chembur,2022-09-13,15,0,0,0,0,0,1,0,0,0,0.0,0.227925,0,1.0,0,321,4,3,0.9054,0.2316,GREEN,37,Mumbai
CLM0027378,MUM_07034,Bandra,2021-08-20,16,0,0,0,0,0,0,0,0,1,0.0,0.181313,0,1.0,0,420,0,1,0.05,0.1991,GREEN,32,Mumbai
CLM0027379,MUM_05651,Dadar,2024-12-08,17,0,0,0,1,0,0,0,0,0,0.0,0.056727,0,0.0,0,254,1,4,0.05,0.1822,GREEN,38,Mumbai
CLM0027380,MUM_02726,Andheri,2023-01-15,16,0,0,0,0,0,1,0,1,0,0.0,0.373091,0,0.0,0,150,0,3,0.8689,0.1369,GREEN,57,Mumbai
CLM0027381,MUM_09460,Andheri,2018-10-09,13,0,0,0,0,0,0,0,0,0,0.0,0.384785,1,0.0,0,220,2,2,0.3887,0.0785,GREEN,36,Mumbai
CLM0027382,MUM_08887,Vashi,2023-06-28,18,0,0,0,0,0,0,1,0,1,0.0,0.145121,0,0.0,0,68,0,1,0.1179,0.1992,GREEN,53,Mumbai
CLM0027383,MUM_01850,Andheri,2020-11-10,14,0,0,0,0,0,0,0,0,0,0.0,0.326056,0,0.0,0,55,0,6,0.085,0.1257,GREEN,34,Mumbai
CLM0027384,MUM_07069,Lower Parel,2025-01-24,14,0,0,0,0,0,1,0,0,0,0.0,0.301857,0,0.0,0,420,3,5,0.4943,0.2831,GREEN,54,Mumbai
CLM0027385,MUM_03875,Lower Parel,2017-06-21,7,0,0,0,0,0,0,0,0,0,0.0,0.310181,0,0.0,0,288,0,2,0.05,0.0819,GREEN,48,Mumbai
CLM0027386,MUM_05327,Vashi,2019-05-07,10,0,0,0,0,0,0,0,0,0,0.0,0.29251,0,0.0,0,49,3,0,0.2799,0.1337,GREEN,44,Mumbai
CLM0027387,MUM_05928,Andheri,2024-07-05,9,0,0,0,0,0,0,0,0,0,0.0,0.0,0,0.0,0,35,2,3,0.896,0.0522,GREEN,51,Mumbai
CLM0027388,MUM_04094,Andheri,2025-09-10,14,0,0,0,0,0,0,0,0,0,0.0,0.058149,0,0.0,0,420,3,1,0.5101,0.0167,GREEN,47,Mumbai
CLM0027389,MUM_08913,Andheri,2023-07-19,14,0,0,0,0,0,0,0,0,0,0.0,0.337783,0,0.0,0,420,2,1,0.7765,0.0818,GREEN,25,Mumbai
CLM0027390,MUM_09220,Borivali,2023-01-20,12,0,0,0,0,0,0,0,0,0,0.0,0.4079,0,0.0,0,28,0,5,0.6659,0.0072,GREEN,39,Mumbai
CLM0027391,MUM_01559,Thane,2023-02-25,12,0,0,0,0,0,0,0,0,0,0.0,0.138605,0,0.0,0,170,4,1,0.6499,0.0,GREEN,34,Mumbai
CLM0027392,MUM_09505,Lower Parel,2023-05-05,19,0,0,0,0,0,0,0,0,0,0.0,0.0,0,0.0,0,420,2,0,0.8495,0.0,GREEN,52,Mumbai
CLM0027393,MUM_01962,Dadar,2023-12-27,18,0,0,0,0,0,0,0,0,0,0.0,0.0,0,0.0,0,420,3,3,0.7055,0.08,GREEN,39,Mumbai
CLM0027394,MUM_05481,Bandra,2023-04-03,8,0,0,0,0,0,0,0,0,0,1.0,1.0,0,1.0,0,144,2,0,0.5423,0.0167,GREEN,37,Mumbai
CLM0027395,MUM_06213,Thane,2022-08-02,7,0,0,0,0,0,0,0,1,0,0.0,0.411408,0,0.0,0,375,2,2,0.6679,0.0996,GREEN,47,Mumbai
CLM0027396,MUM_07171,Vashi,2025-12-27,8,0,0,0,0,0,0,0,0,0,1.0,0.17257,0,0.0,0,191,1,1,0.6111,0.0306,GREEN,40,Mumbai
CLM0027397,MUM_05874,Thane,2022-10-27,8,0,0,0,1,1,0,0,0,0,0.0,0.0,0,0.0,0,114,0,5,0.6717,0.3546,YELLOW,45,Mumbai
CLM0027398,MUM_04213,Chembur,2019-06-26,12,0,0,0,0,0,0,0,0,0,0.0,0.31766,0,0.0,0,247,2,3,0.8517,0.0,GREEN,30,Mumbai
CLM0027399,MUM_08197,Chembur,2019-11-22,10,0,0,0,0,0,0,0,0,0,1.0,0.211717,0,0.0,0,31,3,1,0.782,0.0712,GREEN,40,Mumbai
CLM0027400,MUM_02910,Bandra,2022-05-06,12,0,0,0,0,0,0,0,0,0,0.0,0.131874,0,0.0,0,410,4,2,0.6043,0.0889,GREEN,33,Mumbai
CLM0027401,MUM_04234,Vashi,2022-02-08,21,0,0,0,0,0,0,0,0,0,0.0,0.296334,0,0.0,0,420,0,1,0.838,0.0,GREEN,33,Mumbai
CLM0027402,MUM_08299,Bandra,2019-02-01,20,0,0,0,0,0,0,0,0,0,0.0,0.132784,0,0.0,0,280,4,0,0.522,0.0208,GREEN,46,Mumbai
CLM0027403,MUM_08654,Dadar,2024-11-29,7,0,0,0,0,0,0,0,0,0,0.0,0.219127,0,0.0,0,233,2,0,0.98,0.0,GREEN,44,Mumbai
CLM0027404,MUM_03279,Borivali,2021-02-16,17,0,0,0,0,0,0,0,0,0,0.0,0.097892,0,0.0,0,113,3,5,0.98,0.0405,GREEN,38,Mumbai
CLM0027405,MUM_07020,Thane,2018-05-31,8,0,0,0,0,0,0,1,0,0,0.0,0.133485,0,0.0,1,140,2,6,0.8878,0.1541,GREEN,36,Mumbai
CLM0027406,MUM_02687,Andheri,2019-03-03,14,0,0,0,0,0,0,0,0,0,1.0,0.347203,0,0.0,0,305,1,4,0.7002,0.0936,GREEN,37,Mumbai
CLM0027407,MUM_05732,Dadar,2021-12-20,7,0,0,0,0,0,0,0,0,0,0.0,0.321189,1,0.0,0,239,1,0,0.5908,0.098,GREEN,50,Mumbai
CLM0027408,MUM_08818,Vashi,2020-09-04,10,0,0,0,0,0,0,0,0,0,0.0,0.0,0,0.0,0,202,0,2,0.462,0.0492,GREEN,51,Mumbai
CLM0027409,MUM_08256,Lower Parel,2024-04-09,20,0,1,1,0,0,0,0,0,0,0.0,0.051925,0,0.0,0,227,2,5,0.3834,0.0,GREEN,48,Mumbai
CLM0027410,MUM_01621,Powai,2024-05-08,9,0,0,0,0,0,0,0,0,0,0.0,0.207536,0,0.0,0,280,1,0,0.0835,0.0432,GREEN,18,Mumbai
CLM0027411,MUM_05902,Thane,2022-10-22,20,0,0,0,0,0,1,0,0,0,0.0,0.474537,0,0.0,0,104,0,5,0.7572,0.1999,GREEN,28,Mumbai
CLM0027412,MUM_02303,Lower Parel,2022-03-15,10,0,0,0,0,0,0,0,0,0,0.0,0.324182,0,0.0,0,207,3,3,0.05,0.0418,GREEN,52,Mumbai
CLM0027413,MUM_08451,Chembur,2022-12-25,13,0,0,0,0,0,0,1,0,0,0.0,0.995211,0,0.0,0,342,4,0,0.8704,0.11,GREEN,32,Mumbai
CLM0027414,MUM_04959,Thane,2021-12-20,17,0,0,0,0,0,0,0,0,0,0.0,0.01804,0,0.0,1,229,0,6,0.6145,0.0,GREEN,57,Mumbai
CLM0027415,MUM_03531,Powai,2020-09-12,12,0,0,0,0,0,0,0,0,0,0.0,0.416211,0,0.0,1,165,2,1,0.6966,0.1565,GREEN,48,Mumbai
CLM0027416,MUM_01717,Powai,2024-10-08,10,0,0,0,0,0,0,0,0,0,0.0,0.178892,0,1.0,0,159,3,5,0.6527,0.0509,GREEN,40,Mumbai
CLM0027417,MUM_08969,Chembur,2025-08-03,14,0,0,0,0,0,0,1,0,0,0.0,0.10555,0,0.0,0,179,3,5,0.1196,0.029,GREEN,27,Mumbai
CLM0027418,MUM_08139,Chembur,2025-08-09,18,0,0,0,0,0,0,0,0,0,0.0,0.167387,0,0.0,0,101,1,2,0.633,0.0247,GREEN,46,Mumbai
CLM0027419,MUM_01120,Chembur,2020-02-10,12,0,0,0,0,0,0,0,0,0,0.0,0.997142,1,0.0,0,40,1,2,0.5978,0.0925,GREEN,18,Mumbai
CLM0027420,MUM_05670,Vashi,2020-06-05,9,0,0,0,0,0,0,0,0,0,0.0,0.295829,0,0.0,0,414,3,1,0.98,0.0,GREEN,44,Mumbai
CLM0027421,MUM_08206,Dadar,2024-03-08,10,0,1,1,0,0,0,0,0,0,0.0,0.147382,0,0.0,0,413,1,4,0.0901,0.0416,GREEN,31,Mumbai
CLM0027422,MUM_01159,Dadar,2021-10-24,9,0,0,0,0,0,0,0,0,0,0.0,0.0,0,0.0,0,361,2,5,0.0687,0.0076,GREEN,55,Mumbai
CLM0027423,MUM_02822,Powai,2021-02-22,18,0,0,0,0,0,0,0,0,0,0.0,0.282826,0,0.0,0,271,3,4,0.5856,0.0811,GREEN,58,Mumbai
CLM0027424,MUM_03892,Dadar,2022-08-24,9,0,0,0,0,0,0,0,0,0,0.0,0.316211,0,0.0,0,78,4,1,0.6676,0.0421,GREEN,35,Mumbai
CLM0027425,MUM_05403,Andheri,2025-12-05,20,0,0,0,0,0,0,0,1,0,0.0,0.155046,0,0.0,0,5,1,5,0.9065,0.0529,GREEN,42,Mumbai
CLM0027426,MUM_01937,Borivali,2022-12-02,17,0,0,0,0,0,0,0,0,0,0.0,0.228724,0,0.0,0,420,1,5,0.7264,0.0247,GREEN,58,Mumbai
CLM0027427,MUM_05361,Thane,2024-01-13,12,0,0,0,0,0,0,1,0,0,0.0,0.0,0,0.0,0,420,3,5,0.8384,0.043,GREEN,48,Mumbai
CLM0027428,MUM_09318,Dadar,2025-11-27,18,0,0,0,0,0,0,0,0,0,0.0,0.21686,0,0.0,0,77,3,3,0.6846,0.0905,GREEN,42,Mumbai
CLM0027429,MUM_07299,Bandra,2020-01-17,12,0,0,0,0,0,0,0,0,0,0.0,0.309935,0,0.0,0,113,1,3,0.8211,0.0,GREEN,38,Mumbai
CLM0027430,MUM_08910,Ghatkopar,2020-05-04,19,0,1,1,0,0,0,0,0,0,0.0,0.235303,0,0.0,0,420,3,3,0.6412,0.0,GREEN,61,Mumbai
CLM0027431,MUM_03409,Ghatkopar,2024-07-17,8,0,0,0,0,0,0,0,0,0,0.0,0.245165,0,0.0,0,211,4,0,0.5341,0.0653,GREEN,42,Mumbai
CLM0027432,MUM_02720,Ghatkopar,2020-05-25,7,0,1,1,0,0,0,0,0,0,0.0,0.357975,0,0.0,0,5,1,1,0.8862,0.024,GREEN,38,Mumbai
CLM0027433,MUM_09876,Chembur,2022-02-24,14,0,0,0,1,0,0,0,0,0,0.0,0.296278,0,0.0,0,35,0,2,0.8581,0.1794,GREEN,52,Mumbai
CLM0027434,MUM_02006,Ghatkopar,2023-02-09,12,0,0,0,0,0,0,0,0,0,0.0,0.172973,0,0.0,0,420,1,0,0.7659,0.0457,GREEN,36,Mumbai
CLM0027435,MUM_05671,Andheri,2023-01-25,11,0,0,0,1,1,1,1,0,1,1.0,1.0,1,0.0,0,5,4,18,0.05,0.0649,GREEN,48,Mumbai
CLM0027436,MUM_02014,Vashi,2025-03-07,13,0,0,0,0,0,0,0,0,0,0.0,0.301121,0,0.0,0,318,0,0,0.7974,0.0,GREEN,42,Mumbai
CLM0027437,MUM_01124,Ghatkopar,2022-06-27,8,0,0,0,0,0,0,0,0,0,0.0,0.21994,0,0.0,0,265,1,3,0.7894,0.0979,GREEN,18,Mumbai
CLM0027438,MUM_07297,Powai,2023-07-23,10,0,0,0,0,0,0,0,0,0,0.0,0.369118,0,0.0,0,57,2,1,0.3087,0.0085,GREEN,36,Mumbai
CLM0027439,MUM_06882,Thane,2022-06-26,14,0,0,0,0,0,0,0,0,0,0.0,0.262398,0,0.0,0,420,0,0,0.9539,0.0812,GREEN,34,Mumbai
CLM0027440,MUM_00566,Ghatkopar,2024-03-17,7,0,0,0,0,0,0,0,1,0,0.0,0.182424,0,0.0,0,420,4,2,0.7472,0.0809,GREEN,55,Mumbai
CLM0027441,MUM_08915,Thane,2025-01-22,13,0,0,0,0,0,0,0,0,0,0.0,0.0,0,0.0,0,289,3,2,0.8219,0.0,GREEN,51,Mumbai
CLM0027442,MUM_04534,Vashi,2024-04-21,16,0,0,0,0,0,0,0,0,0,0.0,0.189265,0,0.0,0,420,3,1,0.6315,0.0293,GREEN,57,Mumbai
CLM0027443,MUM_05721,Chembur,2023-07-27,21,0,0,0,0,0,0,0,1,0,1.0,0.302298,0,0.0,0,124,4,2,0.0528,0.1468,GREEN,34,Mumbai
CLM0027444,MUM_00702,Ghatkopar,2025-06-22,7,0,0,0,0,1,0,0,0,0,0.0,0.293169,0,0.0,0,167,4,4,0.4033,0.2403,GREEN,44,Mumbai
CLM0027445,MUM_02480,Chembur,2024-10-23,11,0,0,0,0,0,0,0,0,0,0.0,0.290024,0,0.0,0,264,1,2,0.6798,0.0,GREEN,60,Mumbai
CLM0027446,MUM_00316,Lower Parel,2025-03-28,15,0,0,0,0,1,0,0,0,0,0.0,0.243716,0,0.0,0,203,4,7,0.4986,0.0941,GREEN,52,Mumbai
CLM0027447,MUM_07223,Thane,2025-03-06,19,0,0,0,0,0,0,0,0,1,1.0,0.115101,1,0.0,0,408,0,0,0.7667,0.2454,GREEN,18,Mumbai
CLM0027448,MUM_03242,Dadar,2025-04-10,8,0,0,0,0,0,0,0,1,0,0.0,0.0,0,0.0,0,166,0,6,0.9555,0.0657,GREEN,54,Mumbai
CLM0027449,MUM_02000,Ghatkopar,2025-10-28,13,0,0,0,1,0,0,0,0,0,0.0,0.155325,0,0.0,0,53,2,3,0.6948,0.194,GREEN,46,Mumbai
CLM0027450,MUM_00874,Andheri,2025-01-13,9,0,0,0,0,0,1,0,0,0,1.0,0.962511,0,1.0,0,22,4,6,0.7464,0.2206,GREEN,51,Mumbai
CLM0027451,MUM_09346,Vashi,2022-11-19,8,0,0,0,0,0,0,0,0,0,0.0,1.0,0,1.0,0,276,3,1,0.98,0.071,GREEN,36,Mumbai
CLM0027452,MUM_09409,Thane,2022-01-06,11,0,0,0,0,1,0,0,0,0,0.0,0.28958,0,0.0,0,24,1,2,0.6335,0.1532,GREEN,38,Mumbai
CLM0027453,MUM_05482,Thane,2021-11-30,17,0,0,0,0,0,0,0,0,1,0.0,0.329537,0,0.0,0,230,3,4,0.1053,0.1656,GREEN,44,Mumbai
CLM0027454,MUM_08369,Chembur,2024-05-22,13,0,0,0,1,1,0,1,1,1,1.0,0.36415,0,1.0,0,11,3,18,0.2608,0.0811,GREEN,34,Mumbai
CLM0027455,MUM_01635,Powai,2022-02-22,21,0,0,0,0,0,0,1,0,0,0.0,0.35053,0,0.0,0,11,1,1,0.7941,0.0,GREEN,39,Mumbai
CLM0027456,MUM_03416,Dadar,2025-08-09,11,0,0,0,0,0,0,0,0,0,0.0,0.300297,0,0.0,0,145,3,7,0.5006,0.0,GREEN,45,Mumbai
CLM0027457,MUM_08838,Lower Parel,2023-06-19,7,0,0,0,0,0,0,0,0,0,1.0,0.027467,0,0.0,0,243,3,2,0.8455,0.0313,GREEN,37,Mumbai
CLM0027458,MUM_06679,Vashi,2019-02-08,8,0,0,0,0,0,0,0,0,0,0.0,0.960024,0,0.0,0,96,0,3,0.98,0.0127,GREEN,50,Mumbai
CLM0027459,MUM_03114,Dadar,2022-04-29,18,0,0,0,0,0,0,1,0,0,0.0,0.0,0,0.0,0,369,4,0,0.7577,0.0105,GREEN,47,Mumbai
CLM0027460,MUM_00896,Andheri,2023-10-04,7,0,0,0,0,0,0,0,1,0,0.0,0.310233,0,0.0,0,420,3,0,0.98,0.0581,GREEN,50,Mumbai
CLM0027461,MUM_08128,Andheri,2021-05-24,19,0,0,0,0,0,0,0,0,0,1.0,0.083221,0,0.0,0,420,2,4,0.6856,0.0836,GREEN,25,Mumbai
CLM0027462,MUM_05160,Thane,2024-09-26,18,0,0,0,1,0,0,0,0,0,0.0,0.053264,0,0.0,0,244,0,5,0.5848,0.1295,GREEN,32,Mumbai
CLM0027463,MUM_06505,Vashi,2024-10-24,20,0,0,0,1,0,0,0,0,0,0.0,0.266089,0,0.0,0,103,2,4,0.9058,0.1949,GREEN,46,Mumbai
CLM0027464,MUM_06368,Dadar,2024-09-23,15,0,0,0,1,0,0,1,0,0,0.0,0.97769,0,0.0,0,390,1,2,0.9311,0.2099,GREEN,29,Mumbai
CLM0027465,MUM_00680,Ghatkopar,2025-01-07,18,0,1,1,0,0,0,0,0,0,1.0,0.0,1,0.0,0,420,3,0,0.4282,0.1224,GREEN,36,Mumbai
CLM0027466,MUM_05260,Chembur,2025-10-03,11,0,0,0,0,0,0,0,0,0,0.0,0.317638,0,0.0,0,162,3,2,0.6306,0.0349,GREEN,51,Mumbai
CLM0027467,MUM_00273,Borivali,2024-11-21,21,0,0,0,0,0,0,0,0,0,0.0,0.124123,0,0.0,0,70,4,0,0.8096,0.0051,GREEN,50,Mumbai
CLM0027468,MUM_02562,Powai,2023-10-23,16,0,0,0,0,0,0,0,0,0,0.0,0.265299,0,0.0,0,132,1,3,0.9402,0.0,GREEN,43,Mumbai
CLM0027469,MUM_04273,Chembur,2024-07-04,11,0,0,0,1,1,0,1,0,1,1.0,1.0,0,0.0,1,30,4,18,0.7696,0.0,GREEN,52,Mumbai
CLM0027470,MUM_07513,Lower Parel,2024-09-26,12,0,0,0,0,0,0,0,0,0,0.0,0.019237,0,0.0,0,84,0,2,0.9209,0.0,GREEN,42,Mumbai
CLM0027471,MUM_05118,Bandra,2024-10-08,15,0,0,0,0,0,0,0,0,0,0.0,0.480099,0,0.0,0,420,0,2,0.05,0.0592,GREEN,34,Mumbai
CLM0027472,MUM_00565,Ghatkopar,2024-05-27,20,0,0,0,0,0,0,0,0,0,0.0,0.069487,0,0.0,0,26,0,2,0.6457,0.0,GREEN,40,Mumbai
CLM0027473,MUM_08124,Thane,2025-04-17,15,0,0,0,1,1,0,0,0,0,0.0,0.019512,0,0.0,0,53,0,2,0.721,0.2391,GREEN,53,Mumbai
CLM0027474,MUM_03741,Powai,2025-04-25,9,0,0,0,0,0,0,0,0,0,0.0,0.09471,0,0.0,0,160,2,0,0.98,0.0,GREEN,48,Mumbai
CLM0027475,MUM_05754,Powai,2025-08-22,11,0,0,0,0,0,1,0,0,0,0.0,0.226943,0,0.0,0,415,0,5,0.6772,0.0453,GREEN,34,Mumbai
CLM0027476,MUM_00363,Bandra,2024-04-02,19,0,0,0,0,0,0,0,0,0,0.0,0.117505,0,0.0,0,280,3,2,0.3897,0.0511,GREEN,27,Mumbai
CLM0027477,MUM_00980,Thane,2023-07-26,12,0,0,0,0,0,0,0,0,0,0.0,0.122868,0,0.0,0,377,1,0,0.7415,0.0,GREEN,35,Mumbai
CLM0027478,MUM_04128,Lower Parel,2023-04-24,15,0,0,0,0,0,0,0,0,0,0.0,0.146766,0,1.0,0,99,0,1,0.9418,0.0459,GREEN,50,Mumbai
CLM0027479,MUM_00856,Bandra,2023-07-24,7,0,0,0,0,0,0,0,0,0,0.0,0.914898,0,1.0,0,203,0,1,0.98,0.019,GREEN,33,Mumbai
CLM0027480,MUM_01104,Chembur,2025-07-29,16,0,0,0,0,0,0,0,0,0,0.0,0.123484,0,0.0,0,118,4,5,0.8242,0.0,GREEN,47,Mumbai
CLM0027481,MUM_06179,Bandra,2024-01-23,11,0,0,0,0,0,0,1,0,0,0.0,1.0,0,0.0,0,96,4,1,0.7703,0.0,GREEN,44,Mumbai
CLM0027482,MUM_05058,Dadar,2024-08-18,10,0,1,1,0,1,1,1,1,1,1.0,0.998765,0,1.0,0,5,2,18,0.2333,0.6585,RED,58,Mumbai
CLM0027483,MUM_07525,Thane,2023-03-02,16,0,1,1,0,0,0,0,0,0,0.0,0.239888,0,0.0,0,35,2,0,0.8304,0.4098,YELLOW,33,Mumbai
CLM0027484,MUM_06724,Ghatkopar,2023-08-30,20,0,1,1,1,0,0,1,1,1,0.0,0.07296,1,0.0,0,21,1,18,0.8845,0.6731,RED,54,Mumbai
CLM0027485,MUM_07191,Bandra,2025-07-26,8,0,1,1,1,1,1,1,0,0,1.0,0.930507,1,1.0,1,5,1,18,0.98,0.6306,RED,29,Mumbai
CLM0027486,MUM_09834,Bandra,2021-08-30,19,0,1,1,1,0,1,1,1,1,1.0,0.207107,1,1.0,0,5,0,18,0.1912,0.7882,RED,35,Mumbai
CLM0027487,MUM_05609,Chembur,2022-08-18,10,0,1,1,1,0,1,0,1,1,0.0,0.720424,0,0.0,1,5,0,18,0.725,0.6695,RED,52,Mumbai
CLM0027488,MUM_00341,Andheri,2021-09-17,13,0,1,1,1,0,1,1,1,0,0.0,0.114304,1,0.0,1,15,2,18,0.7909,0.7376,RED,58,Mumbai
CLM0027489,MUM_07369,Vashi,2023-04-04,10,0,1,1,1,0,1,1,1,0,0.0,0.031045,0,0.0,0,5,0,18,0.98,0.5505,YELLOW,29,Mumbai
CLM0027490,MUM_02371,Thane,2025-04-22,17,0,1,1,0,0,0,0,0,0,0.0,0.010228,0,0.0,0,139,1,0,0.6635,0.3093,GREEN,47,Mumbai
CLM0027491,MUM_04162,Andheri,2024-02-25,14,0,1,1,0,0,1,1,1,0,0.0,0.076042,1,0.0,1,5,1,18,0.98,0.5398,YELLOW,28,Mumbai
CLM0027492,MUM_09508,Andheri,2025-10-08,14,0,1,1,1,1,1,1,1,0,1.0,0.907159,1,1.0,1,27,1,18,0.924,0.8785,RED,34,Mumbai
CLM0027493,MUM_03463,Thane,2025-04-16,19,0,1,1,1,0,0,0,1,1,0.0,0.039271,1,0.0,0,5,2,18,0.7651,0.5501,YELLOW,42,Mumbai
CLM0027494,MUM_01504,Chembur,2019-07-29,12,0,1,1,1,1,0,1,1,0,1.0,0.985249,0,1.0,1,5,1,18,0.1484,0.6288,RED,41,Mumbai
CLM0027495,MUM_02079,Powai,2023-10-28,12,0,1,1,1,1,0,1,1,0,0.0,0.021955,1,0.0,1,20,0,18,0.7646,0.7864,RED,46,Mumbai
CLM0027496,MUM_03048,Borivali,2024-06-19,20,0,0,0,1,1,1,1,1,0,0.0,0.915664,1,0.0,1,5,4,18,0.2079,0.0743,GREEN,31,Mumbai
CLM0027497,MUM_05824,Powai,2024-06-18,13,0,0,0,0,0,1,0,1,0,0.0,0.110656,0,0.0,0,420,1,6,0.5977,0.1981,GREEN,50,Mumbai
CLM0027498,MUM_04493,Dadar,2023-09-15,16,0,0,0,0,0,0,0,0,0,0.0,0.2069,0,0.0,0,280,0,0,0.6316,0.0,GREEN,64,Mumbai
CLM0027499,MUM_05591,Vashi,2025-02-09,12,0,0,0,0,0,0,0,0,0,0.0,0.126309,0,0.0,0,270,4,1,0.8493,0.0043,GREEN,29,Mumbai
CLM0027500,MUM_04987,Bandra,2023-05-17,16,0,0,0,0,0,0,0,0,0,0.0,0.152032,0,1.0,0,269,0,6,0.05,0.0,GREEN,62,Mumbai
CLM0027501,MUM_03979,Chembur,2024-02-19,15,0,0,0,1,1,1,1,0,0,0.0,0.0,0,0.0,1,36,0,18,0.3657,0.3413,YELLOW,43,Mumbai
CLM0027502,MUM_06133,Vashi,2024-11-26,21,0,0,0,0,0,0,0,0,0,0.0,0.190559,0,0.0,0,107,4,7,0.6306,0.0,GREEN,18,Mumbai
CLM0027503,MUM_01163,Dadar,2024-02-28,21,0,1,1,0,1,0,0,0,0,1.0,0.261834,0,0.0,0,268,3,1,0.917,0.1859,GREEN,24,Mumbai
CLM0027504,MUM_05009,Andheri,2024-03-30,12,0,0,0,0,0,0,0,0,1,0.0,0.182394,0,0.0,0,97,3,2,0.7373,0.1691,GREEN,56,Mumbai
CLM0027505,MUM_06183,Ghatkopar,2024-07-04,10,0,0,0,0,0,0,0,0,0,0.0,0.268528,0,0.0,0,213,1,0,0.0915,0.0,GREEN,29,Mumbai
CLM0027506,MUM_00031,Dadar,2024-06-07,21,0,0,0,0,0,0,0,0,0,0.0,0.163475,0,0.0,0,43,1,0,0.8178,0.0144,GREEN,33,Mumbai
CLM0027507,MUM_02240,Lower Parel,2025-11-29,10,0,0,0,0,0,0,1,0,0,0.0,0.0,0,0.0,0,72,0,5,0.98,0.1671,GREEN,38,Mumbai
CLM0027508,MUM_08876,Thane,2025-03-23,18,0,0,0,0,0,0,0,0,0,0.0,0.202127,0,0.0,0,420,1,2,0.6204,0.0,GREEN,55,Mumbai
CLM0027509,MUM_04947,Vashi,2025-02-14,20,0,0,0,0,0,0,0,0,0,0.0,0.107298,0,0.0,0,412,3,2,0.7671,0.0337,GREEN,49,Mumbai
CLM0027510,MUM_07010,Vashi,2024-04-28,10,0,0,0,0,0,0,0,0,0,0.0,0.478314,0,0.0,0,166,1,1,0.8101,0.0,GREEN,51,Mumbai
CLM0027511,MUM_05284,Chembur,2025-04-27,9,0,0,0,1,1,0,0,1,1,1.0,0.0,1,1.0,1,18,4,18,0.7945,0.2903,GREEN,43,Mumbai
CLM0027512,MUM_05596,Dadar,2018-02-10,19,0,0,0,0,0,0,0,0,0,1.0,0.052896,0,0.0,0,94,0,2,0.98,0.0637,GREEN,24,Mumbai
CLM0027513,MUM_01338,Thane,2018-03-19,12,0,0,0,0,0,0,0,0,0,0.0,0.21378,0,0.0,0,391,3,2,0.9237,0.0146,GREEN,46,Mumbai
CLM0027514,MUM_02096,Bandra,2020-05-15,10,0,0,0,0,0,1,0,0,0,0.0,0.186017,0,0.0,0,257,4,5,0.5939,0.1406,GREEN,59,Mumbai
CLM0027515,MUM_05295,Bandra,2023-07-09,14,0,0,0,0,0,0,0,0,0,0.0,0.421801,0,0.0,0,86,4,4,0.5633,0.0458,GREEN,38,Mumbai
CLM0027516,MUM_02920,Chembur,2018-08-13,21,0,1,1,0,0,0,0,0,0,0.0,0.222825,0,0.0,0,211,1,0,0.5404,0.0245,GREEN,46,Mumbai
CLM0027517,MUM_04503,Borivali,2016-09-13,9,0,0,0,0,0,0,0,0,0,0.0,0.048191,0,0.0,0,210,3,4,0.4267,0.0,GREEN,28,Mumbai
CLM0027518,MUM_05482,Thane,2025-12-22,11,0,0,0,0,0,0,0,0,1,0.0,0.239068,0,0.0,0,420,3,2,0.98,0.1358,GREEN,44,Mumbai
CLM0027519,MUM_02012,Powai,2019-03-17,7,0,0,0,0,0,0,0,0,0,0.0,0.207927,0,0.0,0,107,1,1,0.2361,0.0492,GREEN,61,Mumbai
CLM0027520,MUM_07160,Thane,2019-05-04,16,0,0,0,0,0,0,1,0,0,0.0,0.368419,0,0.0,0,95,1,4,0.98,0.0779,GREEN,51,Mumbai
CLM0027521,MUM_08555,Bandra,2021-09-28,16,0,0,0,0,0,0,1,1,0,0.0,0.256798,0,0.0,0,420,0,4,0.6093,0.1222,GREEN,23,Mumbai
CLM0027522,MUM_06310,Vashi,2025-09-30,11,0,1,1,0,0,0,1,1,0,0.0,0.186365,0,0.0,0,143,2,2,0.6449,0.1328,GREEN,18,Mumbai
CLM0027523,MUM_08443,Dadar,2021-09-01,14,0,0,0,0,0,0,0,0,0,0.0,0.0179,0,0.0,0,113,2,1,0.8424,0.0132,GREEN,55,Mumbai
CLM0027524,MUM_07241,Thane,2024-02-09,7,0,0,0,0,0,0,0,0,0,0.0,0.393558,0,0.0,0,171,0,3,0.7521,0.0,GREEN,58,Mumbai
CLM0027525,MUM_09060,Ghatkopar,2020-02-01,7,0,0,0,0,0,0,0,0,0,0.0,0.233338,1,0.0,1,249,3,7,0.8088,0.2425,GREEN,60,Mumbai
CLM0027526,MUM_09927,Ghatkopar,2019-04-19,13,0,0,0,0,0,0,0,0,0,0.0,0.088021,0,0.0,0,303,2,0,0.0641,0.0,GREEN,41,Mumbai
CLM0027527,MUM_05529,Lower Parel,2025-05-31,20,0,0,0,0,0,0,0,0,0,0.0,0.170416,0,0.0,0,280,1,0,0.4727,0.0737,GREEN,48,Mumbai
CLM0027528,MUM_04426,Lower Parel,2025-06-05,7,0,0,0,0,0,0,0,0,0,0.0,0.114138,0,0.0,0,341,4,8,0.8668,0.1028,GREEN,35,Mumbai
CLM0027529,MUM_07411,Andheri,2020-05-19,16,0,0,0,0,0,0,0,1,0,0.0,0.042492,0,0.0,0,368,2,2,0.9193,0.1531,GREEN,30,Mumbai
CLM0027530,MUM_05490,Vashi,2018-07-14,15,0,0,0,0,0,0,0,0,0,0.0,0.254702,0,0.0,0,179,0,0,0.1667,0.0725,GREEN,41,Mumbai
CLM0027531,MUM_01025,Lower Parel,2020-10-01,12,0,0,0,0,0,0,1,0,0,0.0,0.951905,0,0.0,0,240,3,2,0.8605,0.0021,GREEN,41,Mumbai
CLM0027532,MUM_01848,Ghatkopar,2024-04-09,17,0,0,0,0,0,0,0,1,0,0.0,0.156261,0,0.0,0,420,4,2,0.6008,0.2016,GREEN,41,Mumbai
CLM0027533,MUM_07958,Vashi,2025-01-01,7,0,0,0,0,0,0,0,0,0,0.0,0.398193,0,0.0,0,282,4,0,0.2183,0.0134,GREEN,42,Mumbai
CLM0027534,MUM_00273,Borivali,2025-12-16,19,0,0,0,1,1,0,1,1,1,0.0,0.0,1,0.0,0,32,1,18,0.9583,0.0,GREEN,50,Mumbai
CLM0027535,MUM_04214,Bandra,2024-02-25,16,0,0,0,0,0,0,0,0,0,0.0,0.064772,0,0.0,0,82,3,3,0.652,0.0304,GREEN,31,Mumbai
CLM0027536,MUM_08759,Ghatkopar,2022-11-08,18,0,0,0,0,0,0,0,0,0,0.0,0.090561,0,0.0,0,381,2,0,0.7159,0.1005,GREEN,22,Mumbai
CLM0027537,MUM_06779,Thane,2022-09-12,21,0,0,0,0,0,0,0,0,0,1.0,0.4274,0,0.0,0,191,4,1,0.9084,0.1022,GREEN,32,Mumbai
CLM0027538,MUM_02117,Lower Parel,2018-03-12,19,0,1,1,0,0,0,0,0,0,0.0,0.136282,0,0.0,0,35,2,2,0.4923,0.0694,GREEN,37,Mumbai
CLM0027539,MUM_05097,Chembur,2025-08-27,18,0,0,0,0,0,0,0,1,0,0.0,0.424968,0,0.0,0,38,3,4,0.6239,0.1539,GREEN,61,Mumbai
CLM0027540,MUM_09520,Lower Parel,2023-04-25,21,0,0,0,1,0,0,0,0,0,0.0,0.060501,0,1.0,0,355,3,0,0.05,0.0639,GREEN,31,Mumbai
CLM0027541,MUM_05973,Lower Parel,2023-10-30,15,0,0,0,0,0,0,0,0,0,0.0,0.236264,0,0.0,0,327,2,0,0.8177,0.1117,GREEN,29,Mumbai
CLM0027542,MUM_08783,Vashi,2023-11-24,8,0,0,0,0,0,0,0,1,0,0.0,0.263573,0,0.0,0,192,0,3,0.7376,0.1043,GREEN,45,Mumbai
CLM0027543,MUM_01608,Thane,2021-10-31,9,0,0,0,0,0,0,0,0,0,0.0,0.156263,0,0.0,0,169,2,0,0.5341,0.0004,GREEN,31,Mumbai
CLM0027544,MUM_06578,Chembur,2023-09-12,11,0,0,0,0,1,0,1,0,1,0.0,0.948,1,1.0,1,5,2,15,0.7077,0.0661,GREEN,40,Mumbai
CLM0027545,MUM_00363,Bandra,2021-06-15,17,0,0,0,0,0,0,0,0,0,0.0,0.0,0,1.0,0,376,3,3,0.6265,0.064,GREEN,27,Mumbai
CLM0027546,MUM_09073,Powai,2023-01-12,11,0,0,0,0,0,0,0,0,0,0.0,0.176717,0,0.0,0,420,1,4,0.9308,0.0172,GREEN,48,Mumbai
CLM0027547,MUM_03802,Lower Parel,2025-04-13,12,0,0,0,0,0,0,0,0,0,0.0,0.052426,0,0.0,0,120,4,2,0.9129,0.0,GREEN,32,Mumbai
CLM0027548,MUM_06971,Lower Parel,2025-05-30,16,0,0,0,0,0,0,0,0,0,0.0,0.103771,0,0.0,0,186,4,3,0.5375,0.0,GREEN,56,Mumbai
CLM0027549,MUM_09701,Bandra,2024-11-03,7,0,0,0,0,0,0,0,1,0,0.0,0.041845,0,0.0,0,157,4,2,0.903,0.1133,GREEN,44,Mumbai
CLM0027550,MUM_02485,Chembur,2025-03-19,9,0,0,0,0,0,0,0,0,0,0.0,0.149954,0,0.0,0,179,2,0,0.7527,0.1267,GREEN,26,Mumbai
CLM0027551,MUM_08516,Borivali,2025-06-06,17,0,0,0,0,0,0,0,0,0,0.0,0.042039,0,0.0,0,121,4,3,0.738,0.0254,GREEN,48,Mumbai
CLM0027552,MUM_06277,Bandra,2024-05-02,12,0,0,0,0,0,0,0,0,0,0.0,0.111631,0,0.0,0,50,3,0,0.693,0.0,GREEN,39,Mumbai
CLM0027553,MUM_01769,Powai,2025-09-02,10,0,0,0,0,0,1,0,0,0,0.0,0.048695,0,0.0,0,309,4,2,0.7713,0.1256,GREEN,44,Mumbai
CLM0027554,MUM_06170,Andheri,2023-12-06,19,0,0,0,0,0,1,0,0,0,0.0,0.197877,0,0.0,0,65,3,3,0.8656,0.0291,GREEN,51,Mumbai
CLM0027555,MUM_00335,Borivali,2025-02-08,9,0,0,0,0,0,1,0,0,0,0.0,0.014177,0,0.0,0,149,0,4,0.6995,0.0143,GREEN,52,Mumbai
CLM0027556,MUM_05101,Thane,2024-07-30,20,0,0,0,1,0,0,0,0,0,0.0,0.326773,0,0.0,0,254,1,1,0.2264,0.0901,GREEN,34,Mumbai
CLM0027557,MUM_05308,Chembur,2025-11-09,12,0,0,0,0,0,0,0,0,0,1.0,0.942299,0,1.0,0,343,4,2,0.6228,0.0,GREEN,42,Mumbai
CLM0027558,MUM_04179,Andheri,2025-08-11,19,0,0,0,0,0,0,0,0,0,0.0,0.016449,0,0.0,0,162,1,0,0.9562,0.0181,GREEN,40,Mumbai
CLM0027559,MUM_03771,Thane,2024-01-01,8,0,0,0,0,0,0,0,0,0,0.0,0.209272,0,0.0,0,115,4,3,0.05,0.0741,GREEN,44,Mumbai
CLM0027560,MUM_03635,Chembur,2021-01-27,20,0,0,0,0,0,0,0,0,0,0.0,0.134014,0,0.0,0,198,4,0,0.23,0.0,GREEN,30,Mumbai
CLM0027561,MUM_00938,Chembur,2025-11-22,20,0,0,0,0,0,0,0,0,0,0.0,0.248415,0,0.0,0,405,4,5,0.6057,0.0115,GREEN,51,Mumbai
CLM0027562,MUM_09531,Ghatkopar,2019-03-31,9,0,0,0,0,0,0,1,1,0,0.0,0.350783,0,0.0,0,136,3,2,0.801,0.0923,GREEN,51,Mumbai
CLM0027563,MUM_09291,Ghatkopar,2020-04-10,21,0,0,0,1,0,0,0,0,0,0.0,0.156357,0,0.0,0,5,0,0,0.05,0.1186,GREEN,55,Mumbai
CLM0027564,MUM_01303,Vashi,2025-04-23,11,0,0,0,0,0,0,0,0,0,1.0,1.0,0,1.0,0,420,4,2,0.5981,0.0,GREEN,49,Mumbai
CLM0027565,MUM_06089,Vashi,2024-03-17,9,0,0,0,0,0,0,0,1,0,0.0,0.233884,0,0.0,0,361,3,1,0.7064,0.1106,GREEN,52,Mumbai
CLM0027566,MUM_04474,Thane,2018-12-15,18,0,0,0,0,0,0,0,0,0,0.0,0.071011,0,1.0,0,411,0,2,0.5622,0.0,GREEN,52,Mumbai
CLM0027567,MUM_06092,Thane,2022-07-31,17,0,0,0,0,0,0,0,0,0,0.0,0.340588,0,0.0,0,87,3,1,0.5381,0.0,GREEN,46,Mumbai
CLM0027568,MUM_05651,Dadar,2023-05-18,21,0,0,0,0,0,1,0,0,0,0.0,0.99444,0,0.0,0,420,3,1,0.8076,0.0785,GREEN,38,Mumbai
CLM0027569,MUM_05006,Bandra,2018-10-12,20,0,0,0,0,0,0,0,0,0,0.0,0.166616,0,0.0,0,179,4,5,0.7296,0.0016,GREEN,60,Mumbai
CLM0027570,MUM_01913,Vashi,2023-04-21,15,0,0,0,0,0,0,0,0,0,0.0,0.231992,0,0.0,0,102,1,6,0.6945,0.0,GREEN,61,Mumbai
CLM0027571,MUM_09259,Chembur,2023-11-07,12,0,0,0,0,0,1,0,0,0,0.0,0.179294,0,1.0,0,106,1,3,0.893,0.1768,GREEN,61,Mumbai
CLM0027572,MUM_08077,Ghatkopar,2021-04-12,17,0,0,0,0,0,0,0,1,0,0.0,0.280806,0,0.0,0,420,1,3,0.951,0.1019,GREEN,43,Mumbai
CLM0027573,MUM_03148,Lower Parel,2020-03-19,18,0,0,0,0,0,0,0,0,0,0.0,0.39456,0,0.0,0,360,0,3,0.6802,0.0121,GREEN,52,Mumbai
CLM0027574,MUM_04948,Borivali,2023-05-02,9,0,0,0,1,0,0,0,0,0,0.0,0.10725,0,0.0,0,407,3,1,0.209,0.2319,GREEN,41,Mumbai
CLM0027575,MUM_03931,Borivali,2021-04-10,17,0,0,0,1,1,1,1,1,1,1.0,0.950613,0,1.0,0,5,0,18,0.123,0.0329,GREEN,56,Mumbai
CLM0027576,MUM_06143,Dadar,2025-03-20,7,0,0,0,0,0,0,0,0,0,0.0,0.072783,0,0.0,1,353,4,0,0.98,0.0,GREEN,49,Mumbai
CLM0027577,MUM_04237,Bandra,2025-06-02,13,0,0,0,0,0,0,0,0,0,0.0,0.158961,0,0.0,0,118,3,3,0.98,0.0,GREEN,23,Mumbai
CLM0027578,MUM_04417,Ghatkopar,2025-04-01,14,0,0,0,0,0,0,0,0,0,1.0,0.272256,0,0.0,1,420,1,0,0.1576,0.0903,GREEN,46,Mumbai
CLM0027579,MUM_05703,Powai,2025-12-05,7,0,0,0,0,1,0,0,0,0,0.0,0.315249,0,0.0,0,420,0,1,0.7611,0.1753,GREEN,45,Mumbai
CLM0027580,MUM_05502,Bandra,2024-06-04,9,0,0,0,0,1,1,0,1,1,0.0,0.23746,0,0.0,0,42,0,0,0.788,0.5417,YELLOW,54,Mumbai
CLM0027581,MUM_02985,Powai,2025-10-10,20,0,0,0,0,0,0,0,0,0,0.0,0.434815,0,0.0,0,302,1,5,0.9507,0.0,GREEN,21,Mumbai
CLM0027582,MUM_06961,Lower Parel,2024-07-09,18,0,0,0,0,0,0,0,0,0,0.0,0.267171,1,0.0,0,221,1,1,0.5523,0.108,GREEN,41,Mumbai
CLM0027583,MUM_02875,Dadar,2024-12-12,21,0,0,0,0,0,1,0,0,0,0.0,0.408431,0,0.0,0,242,2,2,0.5759,0.0906,GREEN,58,Mumbai
CLM0027584,MUM_02075,Ghatkopar,2020-02-15,13,0,0,0,0,0,0,0,0,0,0.0,0.256724,0,0.0,0,52,1,4,0.6908,0.0652,GREEN,43,Mumbai
CLM0027585,MUM_03063,Dadar,2025-05-21,9,0,0,0,0,0,0,0,0,0,0.0,0.233607,0,0.0,0,420,0,0,0.7582,0.0,GREEN,48,Mumbai
CLM0027586,MUM_09215,Andheri,2021-10-27,19,0,0,0,0,0,0,0,0,0,0.0,1.0,0,0.0,0,368,4,3,0.5447,0.1221,GREEN,30,Mumbai
CLM0027587,MUM_04921,Dadar,2023-07-20,15,0,0,0,0,0,1,0,0,0,0.0,0.375278,0,0.0,0,420,4,3,0.5603,0.0741,GREEN,27,Mumbai
CLM0027588,MUM_07749,Ghatkopar,2017-12-29,12,0,0,0,0,0,0,0,0,0,0.0,0.29771,0,0.0,0,133,3,0,0.5905,0.0,GREEN,52,Mumbai
CLM0027589,MUM_00390,Thane,2017-12-18,10,0,0,0,0,0,0,0,0,0,0.0,0.158893,0,0.0,1,307,1,1,0.9418,0.0503,GREEN,49,Mumbai
CLM0027590,MUM_01247,Vashi,2023-12-15,19,0,0,0,0,0,0,0,0,0,0.0,0.974322,0,0.0,0,420,3,2,0.9577,0.0,GREEN,51,Mumbai
CLM0027591,MUM_01661,Powai,2025-05-30,9,0,0,0,0,0,0,0,0,0,0.0,0.383653,0,0.0,0,5,1,0,0.0696,0.0463,GREEN,46,Mumbai
CLM0027592,MUM_02211,Borivali,2025-06-22,15,0,1,1,0,0,0,0,0,0,0.0,0.229338,0,0.0,0,195,4,0,0.3583,0.0,GREEN,31,Mumbai
CLM0027593,MUM_08555,Bandra,2024-01-06,14,0,0,0,0,0,0,0,0,0,0.0,0.189994,0,0.0,0,155,1,6,0.7753,0.0094,GREEN,23,Mumbai
CLM0027594,MUM_06949,Dadar,2021-10-22,12,0,0,0,0,0,0,0,0,1,1.0,0.98015,0,1.0,0,306,1,3,0.2729,0.0981,GREEN,28,Mumbai
CLM0027595,MUM_06123,Bandra,2024-08-18,9,0,0,0,0,0,0,0,1,0,0.0,0.231633,0,0.0,0,130,0,0,0.4651,0.0604,GREEN,40,Mumbai
CLM0027596,MUM_08262,Ghatkopar,2017-11-26,20,0,0,0,0,0,0,0,0,0,0.0,0.139435,0,0.0,0,318,2,3,0.7129,0.0,GREEN,37,Mumbai
CLM0027597,MUM_07747,Thane,2021-11-20,19,0,0,0,0,0,0,0,0,0,0.0,0.924045,0,0.0,0,194,0,5,0.8692,0.044,GREEN,52,Mumbai
CLM0027598,MUM_01599,Powai,2017-06-29,19,0,0,0,0,0,0,0,0,0,0.0,0.280844,0,0.0,0,420,0,5,0.7477,0.0314,GREEN,33,Mumbai
CLM0027599,MUM_00491,Thane,2017-02-03,19,0,0,0,0,0,0,1,0,0,0.0,0.249495,0,1.0,0,158,2,3,0.6476,0.0681,GREEN,42,Mumbai
CLM0027600,MUM_03631,Lower Parel,2019-09-27,10,0,0,0,0,0,0,0,0,1,0.0,0.271704,1,1.0,1,420,2,1,0.3818,0.2166,GREEN,43,Mumbai
CLM0027601,MUM_09149,Dadar,2021-02-13,15,0,0,0,1,1,0,1,1,0,0.0,0.179047,0,0.0,1,26,1,18,0.856,0.0689,GREEN,38,Mumbai
CLM0027602,MUM_08545,Powai,2025-06-24,12,0,0,0,0,0,0,0,0,0,0.0,0.44467,0,0.0,0,259,2,3,0.75,0.0778,GREEN,58,Mumbai
CLM0027603,MUM_09433,Chembur,2024-12-21,16,0,0,0,0,0,0,0,0,0,0.0,0.114423,0,0.0,0,162,2,0,0.0781,0.0166,GREEN,32,Mumbai
CLM0027604,MUM_08277,Lower Parel,2025-06-16,16,0,0,0,0,1,0,0,0,0,0.0,0.898166,0,0.0,0,184,4,2,0.98,0.0438,GREEN,44,Mumbai
CLM0027605,MUM_08361,Lower Parel,2021-01-08,7,0,0,0,1,0,0,0,0,0,0.0,0.388027,0,0.0,0,282,4,0,0.7502,0.1647,GREEN,25,Mumbai
CLM0027606,MUM_08587,Bandra,2023-10-29,21,0,0,0,0,0,0,0,0,0,1.0,0.284644,0,0.0,0,420,0,5,0.0502,0.0571,GREEN,23,Mumbai
CLM0027607,MUM_01374,Powai,2020-11-08,10,0,0,0,0,0,0,0,0,0,1.0,0.323175,0,0.0,0,273,4,0,0.4316,0.0387,GREEN,62,Mumbai
CLM0027608,MUM_08605,Bandra,2018-04-26,18,0,0,0,0,0,0,0,0,0,0.0,0.166312,0,0.0,0,198,0,3,0.7287,0.0176,GREEN,31,Mumbai
CLM0027609,MUM_01708,Borivali,2025-12-13,13,0,0,0,0,0,0,0,0,0,0.0,0.151995,0,0.0,1,344,0,2,0.7644,0.0566,GREEN,43,Mumbai
CLM0027610,MUM_09446,Powai,2017-07-23,16,0,0,0,0,0,0,0,0,0,0.0,0.124565,0,0.0,0,412,3,1,0.6997,0.0647,GREEN,54,Mumbai
CLM0027611,MUM_01314,Powai,2016-08-25,11,0,0,0,0,0,1,0,0,0,0.0,0.389764,0,0.0,0,49,0,1,0.4883,0.0567,GREEN,42,Mumbai
CLM0027612,MUM_07090,Ghatkopar,2024-05-14,16,0,0,0,0,0,0,0,0,0,0.0,0.184549,0,0.0,0,420,2,2,0.5532,0.0145,GREEN,36,Mumbai
CLM0027613,MUM_03980,Vashi,2023-11-06,17,0,0,0,0,0,1,0,0,1,0.0,0.233835,0,0.0,0,158,3,4,0.05,0.1136,GREEN,38,Mumbai
CLM0027614,MUM_01038,Powai,2025-07-08,11,0,0,0,0,0,0,0,1,0,0.0,0.0,0,0.0,0,387,2,1,0.8088,0.0533,GREEN,37,Mumbai
CLM0027615,MUM_05275,Dadar,2018-01-10,10,0,0,0,0,0,0,0,0,0,1.0,1.0,0,1.0,0,312,4,2,0.4109,0.0114,GREEN,39,Mumbai
CLM0027616,MUM_02797,Thane,2021-09-27,10,0,0,0,0,0,0,1,0,0,1.0,0.386288,0,0.0,0,337,3,3,0.7782,0.1576,GREEN,43,Mumbai
CLM0027617,MUM_00169,Vashi,2019-11-10,10,0,0,0,0,0,0,0,0,0,0.0,0.979088,0,0.0,0,164,2,0,0.8026,0.0,GREEN,51,Mumbai
CLM0027618,MUM_02195,Borivali,2021-01-11,7,0,0,0,0,0,0,0,0,0,0.0,1.0,0,0.0,0,288,0,2,0.7187,0.0,GREEN,51,Mumbai
CLM0027619,MUM_00633,Powai,2018-09-20,21,0,0,0,0,0,1,0,0,0,1.0,0.992229,0,0.0,0,420,4,5,0.5507,0.2926,GREEN,41,Mumbai
CLM0027620,MUM_01868,Thane,2023-03-31,7,0,0,0,0,0,0,0,0,0,0.0,0.010023,0,0.0,0,154,3,1,0.9263,0.0,GREEN,33,Mumbai
CLM0027621,MUM_04358,Thane,2021-01-24,15,0,0,0,0,0,0,1,0,0,0.0,0.063365,0,0.0,0,315,2,7,0.7385,0.0434,GREEN,45,Mumbai
CLM0027622,MUM_05428,Dadar,2019-05-31,7,0,0,0,1,1,0,0,0,0,1.0,0.381687,0,0.0,0,7,1,4,0.8482,0.3678,YELLOW,26,Mumbai
CLM0027623,MUM_01933,Dadar,2018-03-11,15,0,0,0,0,0,0,0,0,0,0.0,0.280213,0,0.0,0,420,1,3,0.98,0.0608,GREEN,42,Mumbai
CLM0027624,MUM_08862,Borivali,2022-01-10,19,0,0,0,0,0,0,0,0,0,0.0,0.142255,0,0.0,0,14,1,4,0.1566,0.0043,GREEN,37,Mumbai
CLM0027625,MUM_09076,Vashi,2020-12-02,7,0,0,0,0,0,0,0,0,0,0.0,0.294282,0,0.0,0,209,1,4,0.0814,0.0,GREEN,50,Mumbai
CLM0027626,MUM_02923,Andheri,2025-04-25,20,0,0,0,0,0,0,0,0,1,0.0,0.96539,0,0.0,0,96,4,2,0.6735,0.0927,GREEN,39,Mumbai
CLM0027627,MUM_05021,Dadar,2022-11-21,14,0,0,0,1,0,0,0,0,0,0.0,0.346324,0,0.0,0,235,3,0,0.7742,0.1734,GREEN,46,Mumbai
CLM0027628,MUM_01992,Vashi,2025-04-01,15,0,0,0,0,0,0,0,0,0,0.0,0.43773,0,0.0,0,26,2,0,0.7033,0.1424,GREEN,39,Mumbai
CLM0027629,MUM_03796,Andheri,2021-01-07,17,0,0,0,0,0,0,0,0,0,0.0,0.267062,0,0.0,0,420,1,0,0.98,0.0,GREEN,50,Mumbai
CLM0027630,MUM_05503,Vashi,2022-04-08,21,0,0,0,0,0,0,0,0,0,0.0,0.17275,0,0.0,0,274,1,1,0.6395,0.0383,GREEN,52,Mumbai
CLM0027631,MUM_01246,Vashi,2021-01-13,18,0,0,0,0,0,0,0,0,0,1.0,0.981178,0,0.0,0,102,1,0,0.98,0.1133,GREEN,26,Mumbai
CLM0027632,MUM_05970,Chembur,2025-06-09,10,0,0,0,0,0,1,0,0,0,0.0,0.014268,0,0.0,0,320,3,3,0.7799,0.0198,GREEN,46,Mumbai
CLM0027633,MUM_09554,Ghatkopar,2019-02-23,20,0,0,0,0,0,0,0,0,0,0.0,0.370844,0,0.0,0,375,3,2,0.794,0.0,GREEN,53,Mumbai
CLM0027634,MUM_05737,Borivali,2020-11-15,20,0,1,1,0,0,0,0,0,0,0.0,1.0,0,0.0,0,55,4,2,0.759,0.0541,GREEN,46,Mumbai
CLM0027635,MUM_04596,Ghatkopar,2024-03-10,11,0,0,0,0,0,0,0,0,0,0.0,0.435361,0,0.0,0,182,4,0,0.6385,0.0001,GREEN,43,Mumbai
CLM0027636,MUM_05549,Bandra,2022-09-28,20,0,0,0,0,0,0,0,0,0,0.0,0.150378,0,1.0,0,413,3,2,0.8019,0.0274,GREEN,33,Mumbai
CLM0027637,MUM_08270,Lower Parel,2020-06-18,12,0,0,0,0,0,0,0,0,0,0.0,0.167017,0,0.0,0,391,4,0,0.5395,0.0805,GREEN,27,Mumbai
CLM0027638,MUM_03864,Vashi,2019-01-23,9,0,0,0,0,0,1,1,0,0,0.0,0.37717,0,0.0,0,185,2,3,0.6182,0.188,GREEN,38,Mumbai
CLM0027639,MUM_00198,Powai,2021-11-23,18,0,0,0,0,0,0,0,0,0,0.0,0.256109,0,0.0,0,287,4,2,0.7597,0.0,GREEN,45,Mumbai
CLM0027640,MUM_05823,Ghatkopar,2019-08-18,9,0,0,0,0,0,0,0,0,0,1.0,0.511739,0,0.0,0,177,4,3,0.5125,0.0113,GREEN,41,Mumbai
CLM0027641,MUM_05671,Andheri,2018-06-06,13,0,0,0,0,0,0,0,0,0,0.0,0.927525,0,0.0,0,198,2,1,0.2497,0.0532,GREEN,48,Mumbai
CLM0027642,MUM_07518,Thane,2019-01-02,10,0,0,0,0,0,0,0,0,0,0.0,0.204414,0,0.0,0,420,3,6,0.05,0.0,GREEN,43,Mumbai
CLM0027643,MUM_01582,Borivali,2018-09-21,8,0,0,0,0,0,0,0,0,0,0.0,0.031011,0,1.0,0,221,4,1,0.5334,0.0537,GREEN,21,Mumbai
CLM0027644,MUM_07877,Dadar,2021-02-17,20,0,0,0,0,0,0,0,0,0,0.0,0.252922,0,0.0,0,180,4,5,0.5569,0.1114,GREEN,36,Mumbai
CLM0027645,MUM_02551,Powai,2019-12-23,7,0,0,0,0,0,0,0,0,0,1.0,0.102835,0,0.0,0,142,2,4,0.8748,0.1076,GREEN,21,Mumbai
CLM0027646,MUM_06685,Bandra,2023-05-11,14,0,0,0,0,0,0,0,0,0,0.0,0.270859,0,0.0,0,120,0,5,0.5504,0.1288,GREEN,48,Mumbai
CLM0027647,MUM_09935,Bandra,2020-12-15,8,0,0,0,0,0,0,0,0,0,1.0,0.032546,0,0.0,0,82,2,4,0.6148,0.0022,GREEN,22,Mumbai
CLM0027648,MUM_04889,Dadar,2023-08-13,13,0,0,0,0,0,0,0,0,0,0.0,0.111784,0,0.0,0,33,1,3,0.7502,0.0929,GREEN,58,Mumbai
CLM0027649,MUM_08576,Dadar,2020-05-22,20,0,0,0,0,0,0,0,1,0,0.0,0.350857,0,0.0,0,420,0,6,0.8085,0.0811,GREEN,51,Mumbai
CLM0027650,MUM_03036,Lower Parel,2025-12-17,16,0,0,0,0,0,0,0,1,0,0.0,0.327136,0,0.0,0,420,2,2,0.6563,0.032,GREEN,43,Mumbai
CLM0027651,MUM_06626,Andheri,2022-10-24,19,0,0,0,0,0,0,0,1,0,0.0,0.042009,1,0.0,0,78,3,4,0.5143,0.3349,YELLOW,38,Mumbai
CLM0027652,MUM_09618,Bandra,2025-04-28,21,0,0,0,0,0,0,0,0,0,0.0,0.329437,0,0.0,0,418,4,2,0.4466,0.0,GREEN,36,Mumbai
CLM0027653,MUM_08645,Chembur,2025-02-08,16,0,0,0,0,0,0,0,1,0,0.0,0.397879,0,0.0,0,265,2,3,0.3401,0.0798,GREEN,34,Mumbai
CLM0027654,MUM_02330,Andheri,2024-02-14,10,0,0,0,0,0,0,0,0,1,0.0,0.07312,0,0.0,0,85,4,0,0.7916,0.212,GREEN,61,Mumbai
CLM0027655,MUM_04819,Dadar,2024-02-04,16,0,0,0,0,0,0,0,1,0,0.0,0.161777,0,0.0,0,338,4,0,0.8064,0.0871,GREEN,56,Mumbai
CLM0027656,MUM_06918,Thane,2022-04-13,9,0,0,0,0,0,0,0,0,0,0.0,0.306823,0,0.0,0,304,4,0,0.5098,0.0479,GREEN,33,Mumbai
CLM0027657,MUM_06631,Andheri,2024-03-12,9,0,0,0,0,0,0,0,0,0,0.0,0.227627,0,0.0,0,420,3,0,0.7418,0.0252,GREEN,55,Mumbai
CLM0027658,MUM_00567,Lower Parel,2023-04-26,8,0,0,0,0,0,0,0,0,0,0.0,0.011818,0,0.0,0,278,2,1,0.1621,0.0005,GREEN,45,Mumbai
CLM0027659,MUM_02602,Andheri,2024-04-30,9,0,0,0,0,0,1,0,0,0,1.0,0.364427,0,1.0,0,68,2,2,0.6643,0.162,GREEN,31,Mumbai
CLM0027660,MUM_04647,Borivali,2024-05-25,14,0,0,0,1,0,0,1,1,0,0.0,0.946975,0,1.0,1,5,0,10,0.8812,0.005,GREEN,43,Mumbai
CLM0027661,MUM_08750,Borivali,2025-03-28,7,0,0,0,0,0,0,0,0,0,0.0,0.195274,0,0.0,0,290,2,0,0.7026,0.0034,GREEN,28,Mumbai
CLM0027662,MUM_00394,Ghatkopar,2025-03-20,7,0,0,0,0,0,0,0,0,0,0.0,0.0,0,1.0,0,100,2,2,0.8765,0.1048,GREEN,36,Mumbai
CLM0027663,MUM_09445,Bandra,2025-11-05,10,0,0,0,0,0,0,0,0,0,0.0,0.137295,0,0.0,0,229,0,3,0.6471,0.0458,GREEN,35,Mumbai
CLM0027664,MUM_07451,Borivali,2025-03-19,10,0,0,0,0,0,0,1,0,0,0.0,0.27277,0,0.0,0,388,3,4,0.98,0.002,GREEN,24,Mumbai
CLM0027665,MUM_08268,Ghatkopar,2023-12-30,19,0,0,0,0,0,1,0,0,0,0.0,0.252564,0,0.0,0,121,4,0,0.7764,0.1628,GREEN,28,Mumbai
CLM0027666,MUM_09734,Dadar,2024-12-01,20,0,0,0,1,0,0,0,0,0,0.0,0.371546,0,0.0,0,415,2,3,0.7339,0.269,GREEN,48,Mumbai
CLM0027667,MUM_08510,Thane,2025-10-08,19,0,0,0,0,0,0,0,0,0,0.0,0.217437,0,0.0,0,269,0,1,0.9448,0.006,GREEN,49,Mumbai
CLM0027668,MUM_06707,Thane,2024-05-27,10,0,0,0,0,0,0,0,1,0,0.0,0.233196,0,0.0,0,78,0,2,0.7751,0.0782,GREEN,44,Mumbai
CLM0027669,MUM_07186,Lower Parel,2025-10-29,14,0,0,0,0,0,0,0,0,0,0.0,0.0,0,0.0,0,420,3,0,0.7415,0.014,GREEN,19,Mumbai
CLM0027670,MUM_03884,Vashi,2024-12-19,10,0,0,0,0,0,1,0,1,0,0.0,0.281812,0,0.0,0,277,1,0,0.7728,0.2082,GREEN,26,Mumbai
CLM0027671,MUM_05040,Chembur,2025-06-17,21,0,0,0,0,0,0,0,0,0,0.0,0.26672,0,0.0,0,280,3,0,0.8777,0.0397,GREEN,55,Mumbai
CLM0027672,MUM_05759,Bandra,2025-05-24,16,0,0,0,1,0,0,0,0,0,0.0,0.105301,0,0.0,0,123,4,0,0.8601,0.1254,GREEN,31,Mumbai
CLM0027673,MUM_04790,Andheri,2025-01-20,12,0,0,0,0,0,0,0,0,0,0.0,0.04348,0,0.0,0,196,3,1,0.1126,0.0,GREEN,42,Mumbai
CLM0027674,MUM_05874,Thane,2025-11-02,14,0,0,0,0,0,0,0,0,0,1.0,0.355044,0,0.0,0,296,1,2,0.8382,0.193,GREEN,45,Mumbai
CLM0027675,MUM_03098,Dadar,2024-03-20,21,0,0,0,0,0,0,0,0,0,0.0,0.248027,0,0.0,0,64,4,1,0.98,0.0131,GREEN,44,Mumbai
CLM0027676,MUM_06729,Thane,2025-02-17,13,0,0,0,0,0,0,0,0,0,0.0,1.0,0,0.0,0,14,3,3,0.98,0.0958,GREEN,53,Mumbai
CLM0027677,MUM_08890,Lower Parel,2024-06-11,10,0,0,0,0,1,0,0,0,1,0.0,0.112384,0,0.0,0,394,2,1,0.5357,0.2569,GREEN,27,Mumbai
CLM0027678,MUM_04810,Bandra,2025-12-10,21,0,0,0,0,0,0,1,0,0,0.0,0.400535,0,0.0,0,79,2,4,0.9133,0.041,GREEN,40,Mumbai
CLM0027679,MUM_06243,Ghatkopar,2023-11-06,14,0,0,0,0,0,1,0,0,0,0.0,0.341055,1,0.0,0,108,1,3,0.8559,0.1911,GREEN,32,Mumbai
CLM0027680,MUM_05862,Andheri,2025-05-29,20,0,0,0,0,0,0,0,0,1,0.0,0.211581,0,0.0,0,125,1,0,0.7694,0.1032,GREEN,55,Mumbai
CLM0027681,MUM_02339,Vashi,2021-03-04,9,0,0,0,0,0,0,0,0,0,0.0,0.187592,0,0.0,0,24,3,0,0.6806,0.0,GREEN,39,Mumbai
CLM0027682,MUM_03789,Lower Parel,2024-03-19,8,0,0,0,0,0,0,0,0,0,0.0,0.038424,0,0.0,1,75,1,2,0.05,0.0152,GREEN,47,Mumbai
CLM0027683,MUM_07510,Powai,2022-02-20,8,0,0,0,0,0,0,0,0,0,0.0,0.365612,0,0.0,0,140,1,0,0.7239,0.0,GREEN,46,Mumbai
CLM0027684,MUM_05353,Borivali,2023-01-06,18,0,0,0,0,0,0,0,0,0,0.0,0.363159,0,0.0,0,146,0,4,0.7453,0.0,GREEN,39,Mumbai
CLM0027685,MUM_09997,Lower Parel,2024-01-21,8,0,0,0,0,1,0,0,0,1,0.0,0.18751,0,0.0,0,420,3,6,0.9137,0.1908,GREEN,41,Mumbai
CLM0027686,MUM_03187,Dadar,2024-10-08,14,0,0,0,0,0,0,0,0,0,0.0,0.141567,0,0.0,0,416,0,2,0.8586,0.0,GREEN,50,Mumbai
CLM0027687,MUM_08541,Thane,2023-08-07,9,0,0,0,0,0,0,0,0,0,0.0,0.133172,0,0.0,0,213,4,1,0.6309,0.0,GREEN,45,Mumbai
CLM0027688,MUM_02705,Vashi,2025-09-09,7,0,0,0,0,0,0,0,1,0,0.0,0.93722,0,0.0,0,59,0,2,0.2497,0.1314,GREEN,53,Mumbai
CLM0027689,MUM_09262,Ghatkopar,2023-08-28,17,0,0,0,0,0,1,0,0,0,0.0,0.311775,0,0.0,0,420,2,0,0.8467,0.1571,GREEN,41,Mumbai
CLM0027690,MUM_01541,Borivali,2024-12-07,8,0,0,0,0,1,0,0,0,0,0.0,0.252683,0,0.0,0,356,3,1,0.7298,0.1074,GREEN,59,Mumbai
CLM0027691,MUM_05887,Andheri,2025-04-19,18,0,0,0,1,0,0,1,1,0,0.0,0.902268,0,1.0,1,37,3,18,0.3433,0.1262,GREEN,27,Mumbai
CLM0027692,MUM_07130,Thane,2025-06-22,18,0,0,0,0,0,0,0,0,0,0.0,0.0,0,0.0,0,289,1,0,0.842,0.0,GREEN,39,Mumbai
CLM0027693,MUM_09648,Lower Parel,2025-08-14,16,0,1,1,1,0,0,1,0,1,0.0,0.997332,1,1.0,1,16,0,18,0.0785,0.5821,YELLOW,49,Mumbai
CLM0027694,MUM_04387,Thane,2025-06-14,12,0,1,1,1,0,1,1,0,1,1.0,0.951702,0,1.0,1,5,2,18,0.1836,0.5179,YELLOW,46,Mumbai
CLM0027695,MUM_03069,Dadar,2025-07-08,7,0,1,1,0,0,0,0,1,0,1.0,0.94987,0,0.0,1,17,0,14,0.2607,0.3486,YELLOW,32,Mumbai
CLM0027696,MUM_07865,Thane,2025-03-14,14,0,1,1,1,1,0,1,0,0,0.0,0.0,1,0.0,1,5,1,13,0.9624,0.7025,RED,42,Mumbai
CLM0027697,MUM_03508,Chembur,2024-03-26,16,0,1,1,1,0,0,1,1,1,0.0,0.539997,0,0.0,1,14,0,18,0.4589,0.616,RED,26,Mumbai
CLM0027698,MUM_01698,Lower Parel,2024-03-14,21,0,1,1,0,0,0,1,0,0,0.0,1.0,0,0.0,0,200,2,0,0.6535,0.9169,RED,22,Mumbai
CLM0027699,MUM_02515,Vashi,2025-09-12,17,0,1,1,1,0,1,0,1,1,0.0,0.435243,0,0.0,0,156,1,3,0.7179,0.6622,RED,54,Mumbai
CLM0027700,MUM_05064,Ghatkopar,2025-06-27,10,0,1,1,0,1,1,1,1,1,1.0,0.981632,0,1.0,0,5,0,18,0.7744,0.772,RED,48,Mumbai
CLM0027701,MUM_08049,Chembur,2024-09-02,17,0,1,1,1,0,1,1,1,0,0.0,0.128127,0,0.0,1,17,1,18,0.9297,0.6116,RED,50,Mumbai
CLM0027702,MUM_06697,Borivali,2022-01-25,20,0,1,1,1,0,1,1,1,0,1.0,0.990754,1,1.0,0,38,1,18,0.0945,0.6318,RED,27,Mumbai
CLM0027703,MUM_07834,Andheri,2022-10-23,10,0,1,1,1,1,1,1,0,0,1.0,1.0,1,1.0,1,5,1,18,0.2869,0.7606,RED,56,Mumbai
CLM0027704,MUM_07839,Ghatkopar,2024-10-21,19,0,1,1,0,0,0,0,1,1,1.0,1.0,0,0.0,1,54,1,18,0.7659,0.375,YELLOW,46,Mumbai
CLM0027705,MUM_08395,Andheri,2021-02-03,16,0,1,1,1,0,0,1,1,0,1.0,0.918078,0,0.0,1,5,2,15,0.2504,0.5378,YELLOW,29,Mumbai
CLM0027706,MUM_09798,Powai,2024-01-18,21,0,1,1,1,0,1,1,1,1,0.0,0.086858,1,0.0,0,9,2,18,0.874,0.8122,RED,58,Mumbai
CLM0027707,MUM_09739,Vashi,2025-06-23,20,0,1,1,1,1,0,1,1,1,1.0,1.0,0,1.0,1,23,1,18,0.1924,0.8335,RED,34,Mumbai
CLM0027708,MUM_04842,Powai,2020-08-07,11,0,1,1,0,0,1,0,0,0,0.0,0.061182,0,0.0,0,37,1,0,0.2252,0.7994,RED,49,Mumbai
CLM0027709,MUM_04444,Powai,2021-07-06,20,0,1,1,1,1,1,1,0,1,1.0,1.0,1,1.0,0,5,1,18,0.0678,0.8166,RED,32,Mumbai
CLM0027710,MUM_08937,Lower Parel,2020-07-30,9,0,1,1,0,0,1,1,1,1,0.0,0.412068,0,1.0,0,24,2,18,0.1039,0.5246,YELLOW,31,Mumbai
CLM0027711,MUM_05051,Borivali,2025-07-13,14,0,1,1,1,1,1,1,1,1,1.0,1.0,0,0.0,1,5,2,18,0.4877,0.7465,RED,44,Mumbai
CLM0027712,MUM_08530,Borivali,2020-07-23,21,0,1,1,0,1,1,1,1,1,0.0,0.125219,0,0.0,1,5,0,18,0.9023,0.7611,RED,38,Mumbai
CLM0027713,MUM_02367,Lower Parel,2016-04-19,9,0,0,0,0,0,0,1,0,0,0.0,0.982429,0,0.0,0,322,3,0,0.9042,0.0579,GREEN,46,Mumbai
CLM0027714,MUM_04413,Dadar,2021-01-23,17,0,0,0,0,0,0,1,0,0,0.0,0.289067,0,0.0,1,287,3,0,0.4536,0.0696,GREEN,44,Mumbai
CLM0027715,MUM_05703,Powai,2024-09-21,19,0,0,0,0,0,0,0,0,0,0.0,0.010295,0,0.0,0,201,4,3,0.2981,0.0,GREEN,45,Mumbai
CLM0027716,MUM_03018,Borivali,2023-10-12,10,0,0,0,0,0,1,0,0,0,0.0,0.204684,1,0.0,0,396,1,0,0.05,0.0997,GREEN,43,Mumbai
CLM0027717,MUM_00912,Borivali,2023-07-12,16,0,0,0,1,0,1,0,1,1,0.0,0.322293,0,0.0,0,136,3,5,0.8203,0.4433,YELLOW,20,Mumbai
CLM0027718,MUM_03792,Dadar,2025-05-24,14,0,0,0,0,1,0,0,0,0,0.0,0.1752,0,0.0,0,19,0,1,0.8872,0.0663,GREEN,51,Mumbai
CLM0027719,MUM_07847,Lower Parel,2020-01-22,20,0,0,0,0,0,0,0,0,0,0.0,0.285455,0,0.0,1,307,3,2,0.758,0.1026,GREEN,39,Mumbai
CLM0027720,MUM_09275,Lower Parel,2025-03-28,21,0,0,0,0,0,0,0,0,0,1.0,0.0,0,0.0,0,166,1,2,0.8172,0.1598,GREEN,27,Mumbai
CLM0027721,MUM_08414,Bandra,2023-02-17,20,0,0,0,1,1,1,1,1,1,1.0,0.911241,0,0.0,1,5,2,18,0.2492,0.0778,GREEN,44,Mumbai
CLM0027722,MUM_03547,Andheri,2016-04-25,18,0,0,0,0,0,1,0,0,0,0.0,0.370247,0,0.0,1,68,3,2,0.9152,0.2247,GREEN,48,Mumbai
CLM0027723,MUM_09221,Vashi,2023-08-22,7,0,0,0,0,0,0,0,1,0,1.0,0.132117,0,0.0,0,398,2,3,0.98,0.0661,GREEN,35,Mumbai
CLM0027724,MUM_01546,Dadar,2017-09-24,20,0,0,0,0,0,0,0,0,0,0.0,0.315317,0,0.0,0,144,1,3,0.751,0.0,GREEN,48,Mumbai
CLM0027725,MUM_00502,Ghatkopar,2018-05-03,17,0,0,0,0,0,0,1,0,0,1.0,0.995539,0,1.0,0,174,4,3,0.7044,0.1122,GREEN,48,Mumbai
CLM0027726,MUM_09155,Dadar,2018-10-30,13,0,0,0,0,0,0,0,0,0,0.0,0.05319,0,0.0,0,7,4,2,0.8712,0.023,GREEN,56,Mumbai
CLM0027727,MUM_03975,Powai,2016-09-21,16,0,0,0,0,0,0,0,0,0,0.0,0.32808,0,0.0,0,108,1,2,0.126,0.0709,GREEN,33,Mumbai
CLM0027728,MUM_03996,Borivali,2021-11-12,17,0,0,0,1,0,0,0,1,0,0.0,0.02051,0,0.0,0,341,0,2,0.7567,0.2015,GREEN,24,Mumbai
CLM0027729,MUM_01570,Lower Parel,2022-02-21,15,0,0,0,0,1,0,1,1,1,1.0,0.928437,0,1.0,0,5,4,10,0.0877,0.0,GREEN,54,Mumbai
CLM0027730,MUM_07666,Chembur,2022-03-05,14,0,0,0,0,0,0,0,1,0,1.0,1.0,0,0.0,1,21,2,10,0.3834,0.2288,GREEN,45,Mumbai
CLM0027731,MUM_05261,Borivali,2022-01-06,14,0,0,0,0,1,0,0,0,0,0.0,0.98777,0,1.0,0,420,2,2,0.0525,0.3421,YELLOW,47,Mumbai
CLM0027732,MUM_02066,Dadar,2024-05-03,8,0,0,0,0,0,0,0,0,0,0.0,1.0,0,0.0,0,420,1,6,0.98,0.0,GREEN,30,Mumbai
CLM0027733,MUM_05037,Powai,2023-12-14,11,0,0,0,0,0,0,0,0,0,0.0,0.105359,0,0.0,0,420,2,6,0.8991,0.023,GREEN,38,Mumbai
CLM0027734,MUM_05998,Thane,2022-07-07,14,0,0,0,0,0,0,0,0,0,1.0,0.090682,0,0.0,0,420,3,5,0.951,0.0,GREEN,44,Mumbai
CLM0027735,MUM_07187,Dadar,2025-07-30,8,0,1,1,0,0,0,0,0,0,0.0,0.294212,0,0.0,0,175,4,1,0.2848,0.012,GREEN,40,Mumbai
CLM0027736,MUM_01391,Lower Parel,2024-04-30,19,0,0,0,0,0,0,0,0,0,0.0,0.347935,0,0.0,0,420,1,4,0.7856,0.0109,GREEN,29,Mumbai
CLM0027737,MUM_07960,Chembur,2025-03-07,13,0,0,0,0,0,0,0,0,0,0.0,0.080808,0,1.0,0,142,0,2,0.5959,0.0,GREEN,50,Mumbai
CLM0027738,MUM_07021,Thane,2025-07-05,18,0,0,0,1,0,0,0,0,0,0.0,0.054169,0,0.0,0,420,1,6,0.5782,0.1919,GREEN,42,Mumbai
CLM0027739,MUM_02324,Andheri,2025-03-16,12,0,0,0,0,0,0,0,0,0,0.0,0.391633,0,0.0,1,294,0,2,0.0745,0.0948,GREEN,35,Mumbai
CLM0027740,MUM_04814,Vashi,2023-05-03,16,0,0,0,1,0,0,0,0,0,0.0,0.124768,0,0.0,0,138,4,8,0.6285,0.1516,GREEN,35,Mumbai
CLM0027741,MUM_08683,Chembur,2023-09-11,17,0,0,0,0,0,0,0,0,0,0.0,0.277757,0,0.0,0,14,4,1,0.4514,0.0365,GREEN,40,Mumbai
CLM0027742,MUM_08414,Bandra,2023-08-18,9,0,0,0,0,0,0,0,0,0,0.0,0.179175,0,0.0,0,420,0,4,0.8047,0.0,GREEN,44,Mumbai
CLM0027743,MUM_06057,Dadar,2018-03-24,7,0,0,0,0,0,0,0,1,0,0.0,0.203741,0,0.0,0,305,3,0,0.085,0.1367,GREEN,25,Mumbai
CLM0027744,MUM_06654,Ghatkopar,2016-07-12,20,0,0,0,0,0,0,0,0,0,0.0,1.0,0,0.0,0,420,4,3,0.9306,0.0661,GREEN,53,Mumbai
CLM0027745,MUM_09244,Ghatkopar,2020-09-30,9,0,0,0,0,0,0,0,0,0,0.0,0.385556,0,0.0,0,420,1,4,0.823,0.0377,GREEN,54,Mumbai
CLM0027746,MUM_01350,Powai,2017-03-24,7,0,0,0,0,0,0,0,0,0,0.0,0.239582,0,0.0,0,420,3,2,0.7123,0.0,GREEN,53,Mumbai
CLM0027747,MUM_01308,Andheri,2021-08-28,21,0,0,0,0,0,0,0,0,0,0.0,0.0,0,0.0,0,264,4,1,0.9726,0.0,GREEN,57,Mumbai
CLM0027748,MUM_00828,Thane,2016-08-03,16,0,1,1,1,1,1,1,0,0,1.0,0.417086,0,1.0,1,5,2,18,0.05,0.0531,GREEN,65,Mumbai
CLM0027749,MUM_01807,Powai,2023-02-17,20,0,0,0,0,0,0,0,0,1,0.0,0.111053,0,0.0,1,405,3,3,0.8204,0.1565,GREEN,37,Mumbai
CLM0027750,MUM_07095,Lower Parel,2025-10-25,12,0,0,0,0,0,0,0,0,0,0.0,0.420335,0,0.0,0,60,2,7,0.0793,0.1264,GREEN,37,Mumbai
CLM0027751,MUM_08732,Borivali,2024-11-25,11,0,0,0,0,0,0,0,0,0,1.0,0.967751,0,0.0,0,402,3,1,0.6112,0.0812,GREEN,34,Mumbai
CLM0027752,MUM_00780,Andheri,2025-10-14,8,0,0,0,0,0,1,0,0,0,0.0,0.064296,0,0.0,0,296,4,0,0.7932,0.1142,GREEN,54,Mumbai
CLM0027753,MUM_09449,Powai,2025-04-16,14,0,0,0,0,0,0,0,0,0,0.0,0.277557,0,0.0,0,170,4,0,0.98,0.0,GREEN,38,Mumbai
CLM0027754,MUM_01259,Ghatkopar,2025-07-21,10,0,0,0,0,0,0,0,0,0,0.0,0.045862,0,0.0,0,363,1,4,0.713,0.0,GREEN,43,Mumbai
CLM0027755,MUM_04322,Bandra,2024-05-20,18,0,0,0,0,0,0,0,0,0,0.0,0.317137,0,0.0,0,92,2,2,0.925,0.0884,GREEN,29,Mumbai
CLM0027756,MUM_07824,Vashi,2024-11-02,19,0,0,0,0,0,0,0,0,0,0.0,0.174123,0,0.0,0,213,1,2,0.8392,0.108,GREEN,42,Mumbai
CLM0027757,MUM_06190,Thane,2024-11-20,7,0,0,0,0,0,0,0,0,0,0.0,0.098772,0,1.0,0,222,2,4,0.1709,0.0,GREEN,41,Mumbai
CLM0027758,MUM_09193,Ghatkopar,2025-12-29,11,0,0,0,1,0,0,0,0,0,0.0,0.242694,0,0.0,0,205,1,4,0.9717,0.1432,GREEN,61,Mumbai
CLM0027759,MUM_03972,Borivali,2024-03-11,18,0,0,0,0,0,0,1,0,1,0.0,0.186253,0,0.0,0,5,3,18,0.9113,0.0743,GREEN,40,Mumbai
CLM0027760,MUM_09548,Lower Parel,2025-10-28,15,0,1,1,0,0,0,0,0,0,1.0,0.098517,0,0.0,1,195,0,6,0.7588,0.1114,GREEN,31,Mumbai
CLM0027761,MUM_00945,Andheri,2024-10-13,19,0,0,0,0,0,0,0,1,0,0.0,0.327729,0,0.0,0,420,4,3,0.7555,0.1409,GREEN,54,Mumbai
CLM0027762,MUM_05435,Ghatkopar,2024-11-22,21,0,0,0,0,1,1,0,0,0,0.0,0.18402,0,0.0,0,6,4,2,0.5382,0.1653,GREEN,59,Mumbai
CLM0027763,MUM_06573,Powai,2024-04-15,10,0,0,0,0,0,0,0,0,0,0.0,0.107066,0,0.0,0,39,0,0,0.9401,0.0352,GREEN,53,Mumbai
CLM0027764,MUM_09288,Vashi,2019-05-03,14,0,0,0,0,0,0,0,0,1,0.0,0.220721,1,0.0,0,91,2,1,0.6816,0.0991,GREEN,22,Mumbai
CLM0027765,MUM_08785,Ghatkopar,2023-08-04,9,0,0,0,0,0,0,0,0,1,1.0,0.225845,0,0.0,0,222,4,1,0.6033,0.1638,GREEN,37,Mumbai
CLM0027766,MUM_03152,Dadar,2025-09-30,10,0,0,0,1,0,0,0,0,0,0.0,0.316536,0,0.0,0,377,4,4,0.964,0.1217,GREEN,43,Mumbai
CLM0027767,MUM_06108,Bandra,2022-02-14,14,0,0,0,0,0,0,0,0,0,0.0,0.167714,1,1.0,0,357,1,2,0.7948,0.018,GREEN,58,Mumbai
CLM0027768,MUM_03337,Vashi,2019-08-13,14,0,0,0,0,0,0,0,0,0,0.0,0.302662,0,0.0,0,252,2,1,0.6532,0.0208,GREEN,28,Mumbai
CLM0027769,MUM_04102,Chembur,2024-04-18,18,0,0,0,1,0,0,0,0,0,0.0,0.210421,0,0.0,0,420,1,3,0.3394,0.1051,GREEN,38,Mumbai
CLM0027770,MUM_01575,Powai,2022-11-07,20,0,0,0,1,1,1,1,1,1,0.0,0.966384,0,0.0,1,5,3,18,0.05,0.1171,GREEN,56,Mumbai
CLM0027771,MUM_03294,Thane,2022-03-27,8,0,0,0,0,0,0,0,0,0,0.0,0.0,0,0.0,0,63,2,4,0.5409,0.0,GREEN,25,Mumbai
CLM0027772,MUM_03248,Chembur,2024-05-02,11,0,1,1,0,0,0,0,0,0,0.0,0.146499,0,0.0,0,251,2,0,0.5105,0.0041,GREEN,46,Mumbai
CLM0027773,MUM_02986,Powai,2024-08-26,13,0,0,0,0,1,0,0,0,0,0.0,0.15826,0,0.0,1,66,4,1,0.0699,0.1365,GREEN,27,Mumbai
CLM0027774,MUM_04180,Dadar,2024-05-04,13,0,0,0,0,1,0,0,0,0,0.0,0.229855,0,0.0,0,220,4,1,0.2347,0.0611,GREEN,34,Mumbai
CLM0027775,MUM_03308,Bandra,2024-11-18,8,0,0,0,0,0,0,0,0,0,0.0,0.070306,0,1.0,0,378,4,4,0.5252,0.0318,GREEN,36,Mumbai
CLM0027776,MUM_05060,Andheri,2025-01-21,13,0,0,0,0,0,0,1,0,0,0.0,0.169636,0,0.0,1,179,0,5,0.6527,0.2045,GREEN,45,Mumbai
CLM0027777,MUM_00512,Thane,2025-11-16,13,0,0,0,0,0,0,0,0,0,0.0,0.076606,0,0.0,0,420,2,3,0.5229,0.0945,GREEN,28,Mumbai
CLM0027778,MUM_00677,Chembur,2024-03-28,17,0,0,0,0,0,1,0,1,0,0.0,0.15571,0,0.0,0,349,1,3,0.98,0.3084,GREEN,33,Mumbai
CLM0027779,MUM_00475,Thane,2025-07-01,12,0,0,0,0,0,0,0,0,0,0.0,0.273253,1,0.0,0,83,1,0,0.6624,0.0771,GREEN,24,Mumbai
CLM0027780,MUM_03875,Lower Parel,2024-05-11,17,0,0,0,0,0,0,0,0,0,1.0,0.327012,0,0.0,0,100,3,0,0.8825,0.0237,GREEN,48,Mumbai
CLM0027781,MUM_03353,Borivali,2025-01-04,15,0,0,0,0,0,0,0,0,0,0.0,0.48455,0,0.0,0,69,3,2,0.875,0.0,GREEN,36,Mumbai
CLM0027782,MUM_08930,Lower Parel,2025-08-13,20,0,0,0,0,0,0,0,0,0,1.0,1.0,0,0.0,0,420,1,0,0.6027,0.1388,GREEN,56,Mumbai
CLM0027783,MUM_04313,Bandra,2025-09-07,20,0,1,1,0,0,0,0,0,0,0.0,0.421698,0,0.0,0,356,0,0,0.6992,0.0636,GREEN,57,Mumbai
CLM0027784,MUM_09563,Thane,2016-11-15,18,0,0,0,0,0,0,0,0,0,1.0,0.32209,0,0.0,0,376,3,2,0.748,0.0863,GREEN,37,Mumbai
CLM0027785,MUM_08610,Vashi,2025-01-06,13,0,0,0,0,0,0,0,1,0,0.0,0.0,0,0.0,0,121,1,0,0.98,0.1637,GREEN,26,Mumbai
CLM0027786,MUM_06229,Thane,2025-10-12,13,0,0,0,0,0,0,0,0,0,0.0,0.126024,0,0.0,0,284,3,2,0.6107,0.0,GREEN,41,Mumbai
CLM0027787,MUM_05980,Bandra,2021-05-10,9,0,0,0,0,0,0,0,0,0,0.0,1.0,0,0.0,0,227,3,2,0.1085,0.0,GREEN,18,Mumbai
CLM0027788,MUM_04156,Thane,2025-08-24,19,0,0,0,0,0,0,0,0,0,0.0,0.118869,0,0.0,0,109,0,0,0.7149,0.0514,GREEN,35,Mumbai
CLM0027789,MUM_09746,Lower Parel,2025-03-30,12,0,0,0,1,0,0,0,0,0,1.0,0.451882,0,0.0,0,420,0,5,0.7344,0.2414,GREEN,54,Mumbai
CLM0027790,MUM_07391,Andheri,2023-07-22,11,0,0,0,1,0,0,0,0,0,0.0,0.219177,1,0.0,0,244,0,3,0.9613,0.2241,GREEN,42,Mumbai
CLM0027791,MUM_03711,Dadar,2018-06-28,8,0,0,0,0,0,0,0,0,0,0.0,0.299409,0,0.0,0,75,3,4,0.6933,0.1423,GREEN,45,Mumbai
CLM0027792,MUM_07491,Lower Parel,2025-07-27,18,0,0,0,0,0,0,0,0,0,0.0,0.333339,0,0.0,1,237,4,2,0.5427,0.05,GREEN,44,Mumbai
CLM0027793,MUM_07207,Andheri,2020-01-03,16,0,0,0,0,0,0,0,0,0,0.0,0.202447,0,0.0,0,181,2,3,0.9178,0.0557,GREEN,27,Mumbai
CLM0027794,MUM_06618,Andheri,2023-08-03,14,0,0,0,1,1,0,1,0,0,1.0,0.957619,0,0.0,0,5,3,11,0.05,0.0,GREEN,39,Mumbai
CLM0027795,MUM_01592,Borivali,2024-02-10,14,0,0,0,0,0,0,0,0,0,0.0,0.032257,0,0.0,0,266,3,6,0.8591,0.0057,GREEN,28,Mumbai
CLM0027796,MUM_07329,Chembur,2025-09-22,15,0,0,0,0,0,0,0,1,0,0.0,0.362875,0,0.0,0,109,3,3,0.05,0.0359,GREEN,49,Mumbai
CLM0027797,MUM_06381,Powai,2024-07-04,19,0,0,0,0,0,0,0,1,0,0.0,0.319824,0,0.0,0,420,4,1,0.7785,0.1198,GREEN,26,Mumbai
CLM0027798,MUM_03077,Thane,2025-07-31,15,0,0,0,1,1,0,0,0,0,0.0,0.19172,0,0.0,0,86,1,1,0.5425,0.1835,GREEN,45,Mumbai
CLM0027799,MUM_02099,Andheri,2024-12-28,7,0,0,0,0,0,0,0,0,0,0.0,0.0,0,0.0,0,391,4,7,0.7422,0.0,GREEN,39,Mumbai
CLM0027800,MUM_07583,Vashi,2023-01-25,19,0,0,0,0,0,0,0,0,0,0.0,0.363131,0,0.0,0,420,2,0,0.8695,0.1227,GREEN,47,Mumbai
CLM0027801,MUM_06742,Powai,2022-05-10,14,0,0,0,0,0,0,0,0,0,0.0,0.366243,0,0.0,0,395,2,2,0.602,0.0,GREEN,18,Mumbai
CLM0027802,MUM_04405,Vashi,2020-12-10,20,0,0,0,0,0,0,1,0,0,0.0,0.234033,0,0.0,0,80,0,2,0.5269,0.0896,GREEN,18,Mumbai
CLM0027803,MUM_08561,Borivali,2021-05-18,13,0,0,0,0,0,0,0,0,0,0.0,0.37919,0,0.0,0,319,3,7,0.726,0.0584,GREEN,51,Mumbai
CLM0027804,MUM_00879,Chembur,2023-01-08,12,0,0,0,1,0,0,0,0,0,1.0,0.114432,0,0.0,0,420,0,2,0.763,0.2463,GREEN,22,Mumbai
CLM0027805,MUM_09448,Powai,2021-04-20,11,0,0,0,0,0,0,0,0,0,0.0,0.363749,0,0.0,0,238,4,4,0.1327,0.0483,GREEN,33,Mumbai
CLM0027806,MUM_04688,Andheri,2020-03-29,14,0,0,0,0,0,0,0,0,0,0.0,0.121808,0,0.0,0,387,4,0,0.7298,0.0047,GREEN,36,Mumbai
CLM0027807,MUM_06557,Dadar,2022-04-18,12,0,0,0,0,0,0,0,0,0,0.0,0.289453,0,0.0,0,102,1,5,0.2339,0.0,GREEN,43,Mumbai
CLM0027808,MUM_06286,Bandra,2023-10-15,9,0,1,1,0,0,0,0,0,0,0.0,0.302235,0,0.0,0,81,1,1,0.1452,0.0,GREEN,47,Mumbai
CLM0027809,MUM_06992,Vashi,2024-04-20,11,0,0,0,0,0,0,0,0,0,0.0,0.955439,0,0.0,0,201,3,3,0.98,0.0,GREEN,49,Mumbai
CLM0027810,MUM_06829,Ghatkopar,2024-03-09,12,0,0,0,0,0,0,0,0,0,0.0,1.0,0,0.0,0,22,0,0,0.3537,0.0,GREEN,28,Mumbai
CLM0027811,MUM_04309,Borivali,2024-12-03,9,0,0,0,0,0,0,0,0,0,0.0,0.407642,0,0.0,0,331,0,2,0.7492,0.0401,GREEN,33,Mumbai
CLM0027812,MUM_03887,Ghatkopar,2024-01-04,19,0,0,0,0,0,0,0,0,0,0.0,1.0,0,0.0,0,165,4,0,0.614,0.0,GREEN,35,Mumbai
CLM0027813,MUM_05043,Thane,2023-12-10,18,0,0,0,0,0,0,0,0,0,0.0,0.007631,0,0.0,0,282,1,0,0.5509,0.0,GREEN,34,Mumbai
CLM0027814,MUM_03810,Borivali,2024-12-29,19,0,0,0,0,0,0,0,0,0,0.0,0.218406,0,0.0,0,199,3,0,0.7179,0.0,GREEN,56,Mumbai
CLM0027815,MUM_01914,Borivali,2024-09-20,7,0,0,0,0,0,0,0,0,0,0.0,0.067664,0,0.0,0,6,1,2,0.7608,0.223,GREEN,50,Mumbai
CLM0027816,MUM_01816,Thane,2025-10-03,11,0,0,0,0,0,1,0,0,0,0.0,0.338586,0,0.0,0,420,2,2,0.98,0.1751,GREEN,35,Mumbai
CLM0027817,MUM_01536,Andheri,2024-11-21,15,0,0,0,0,0,0,0,0,0,0.0,1.0,0,0.0,0,409,0,2,0.7883,0.1946,GREEN,48,Mumbai
CLM0027818,MUM_06104,Borivali,2025-09-12,9,0,0,0,0,0,0,0,0,0,0.0,0.0,0,0.0,0,84,0,0,0.8222,0.0669,GREEN,18,Mumbai
CLM0027819,MUM_09007,Thane,2024-09-03,17,0,0,0,0,0,0,0,0,0,0.0,0.182056,0,0.0,0,15,3,0,0.05,0.0032,GREEN,36,Mumbai
CLM0027820,MUM_02881,Powai,2019-07-08,12,0,0,0,0,0,0,0,0,0,0.0,0.284898,0,0.0,0,69,2,4,0.7495,0.0,GREEN,47,Mumbai
CLM0027821,MUM_00098,Borivali,2021-09-29,11,0,0,0,0,0,0,0,0,0,0.0,0.106432,0,0.0,0,292,3,2,0.524,0.0,GREEN,35,Mumbai
CLM0027822,MUM_02070,Thane,2019-10-06,20,0,0,0,0,0,0,0,0,0,0.0,0.2478,0,0.0,0,420,0,1,0.05,0.0204,GREEN,20,Mumbai
CLM0027823,MUM_02897,Bandra,2021-06-10,21,0,0,0,0,0,0,0,1,0,0.0,0.217328,0,0.0,0,117,3,5,0.7995,0.1195,GREEN,40,Mumbai
CLM0027824,MUM_03327,Vashi,2021-07-11,21,0,0,0,0,0,0,0,0,0,1.0,0.1404,0,0.0,0,420,4,2,0.7785,0.1321,GREEN,35,Mumbai
CLM0027825,MUM_05696,Powai,2024-12-08,9,0,0,0,0,0,0,0,0,0,0.0,0.06698,0,0.0,0,116,4,2,0.5328,0.0,GREEN,50,Mumbai
CLM0027826,MUM_01948,Thane,2015-12-03,7,0,0,0,0,0,1,0,0,0,0.0,0.101174,0,0.0,0,313,2,0,0.7708,0.1385,GREEN,45,Mumbai
CLM0027827,MUM_05991,Powai,2015-07-05,19,0,0,0,0,1,0,0,0,0,0.0,0.323042,0,0.0,0,149,4,2,0.98,0.0502,GREEN,64,Mumbai
CLM0027828,MUM_00013,Thane,2020-08-31,9,0,0,0,0,0,0,0,0,0,0.0,0.39096,0,0.0,0,290,0,1,0.8656,0.1125,GREEN,53,Mumbai
CLM0027829,MUM_01803,Vashi,2018-05-20,18,0,0,0,0,1,0,0,0,0,0.0,0.31793,0,0.0,0,208,2,5,0.7566,0.1035,GREEN,35,Mumbai
CLM0027830,MUM_05865,Andheri,2018-03-01,16,0,0,0,0,0,0,0,0,0,0.0,0.025433,0,0.0,0,221,0,2,0.7799,0.0384,GREEN,36,Mumbai
CLM0027831,MUM_08444,Lower Parel,2018-07-04,18,0,0,0,0,0,0,0,1,0,0.0,0.191567,0,0.0,0,400,1,0,0.4751,0.015,GREEN,40,Mumbai
CLM0027832,MUM_09235,Andheri,2020-03-31,16,0,1,1,0,0,0,0,0,0,0.0,0.998592,0,0.0,0,164,1,7,0.5898,0.1103,GREEN,33,Mumbai
CLM0027833,MUM_01381,Vashi,2023-10-06,10,0,1,1,1,1,1,1,1,0,0.0,0.145614,0,0.0,1,5,0,17,0.9161,0.6287,RED,44,Mumbai
CLM0027834,MUM_07632,Borivali,2025-01-02,21,0,1,1,0,0,1,1,1,1,0.0,0.045841,0,0.0,1,22,0,18,0.8411,0.4432,YELLOW,36,Mumbai
CLM0027835,MUM_04742,Thane,2018-09-27,15,0,1,1,1,0,0,1,1,1,1.0,0.408413,0,1.0,0,5,1,18,0.1964,0.414,YELLOW,25,Mumbai
CLM0027836,MUM_00764,Andheri,2016-06-24,11,0,1,1,0,1,0,0,0,1,0.0,0.283955,0,0.0,1,159,0,0,0.8349,0.3358,YELLOW,31,Mumbai
CLM0027837,MUM_03890,Ghatkopar,2020-08-07,9,0,1,1,0,0,1,0,1,0,1.0,0.040415,0,1.0,1,5,1,18,0.1022,0.5471,YELLOW,45,Mumbai
CLM0027838,MUM_09281,Lower Parel,2021-01-04,14,0,1,1,0,0,1,0,0,0,0.0,0.424186,0,0.0,0,420,1,1,0.6669,0.3603,YELLOW,52,Mumbai
CLM0027839,MUM_04166,Borivali,2020-03-08,8,0,1,1,0,0,0,0,0,0,0.0,0.988977,0,0.0,0,143,0,0,0.8808,0.7569,RED,62,Mumbai
CLM0027840,MUM_03175,Powai,2024-12-11,12,0,1,1,0,1,1,0,1,1,0.0,0.032881,0,0.0,1,42,0,12,0.9626,0.661,RED,38,Mumbai
CLM0027841,MUM_07488,Dadar,2018-04-18,20,0,1,1,0,0,0,1,1,0,1.0,0.998474,1,1.0,0,12,0,18,0.3839,0.2591,GREEN,41,Mumbai
CLM0027842,MUM_08654,Dadar,2018-12-19,7,0,1,1,0,0,1,1,1,1,0.0,0.377818,0,1.0,0,24,1,18,0.2922,0.4242,YELLOW,44,Mumbai
CLM0027843,MUM_07653,Powai,2025-06-13,10,0,0,0,0,0,0,0,0,0,0.0,0.128559,0,0.0,0,299,4,2,0.5853,0.0,GREEN,46,Mumbai
CLM0027844,MUM_05154,Andheri,2024-02-05,19,0,0,0,0,0,0,0,0,0,0.0,0.110308,0,0.0,0,121,2,2,0.6027,0.0,GREEN,21,Mumbai
CLM0027845,MUM_08104,Bandra,2025-08-24,20,0,0,0,0,0,0,1,0,1,0.0,0.339463,0,0.0,0,26,1,0,0.8923,0.1488,GREEN,35,Mumbai
CLM0027846,MUM_00281,Bandra,2023-03-02,12,0,0,0,0,0,0,0,0,0,0.0,0.099813,0,0.0,0,94,2,0,0.5677,0.0,GREEN,36,Mumbai
CLM0027847,MUM_07595,Borivali,2024-05-16,17,0,0,0,0,0,0,0,1,0,0.0,0.30666,0,0.0,0,300,2,0,0.6631,0.0622,GREEN,49,Mumbai
CLM0027848,MUM_03265,Powai,2024-03-22,12,0,0,0,0,0,0,0,0,0,0.0,0.246989,0,0.0,1,251,2,3,0.7716,0.1119,GREEN,47,Mumbai
CLM0027849,MUM_04005,Dadar,2023-06-15,17,0,0,0,0,0,0,0,0,0,0.0,0.013674,0,0.0,0,305,4,0,0.6005,0.0,GREEN,30,Mumbai
CLM0027850,MUM_01549,Andheri,2018-05-10,10,0,0,0,0,0,0,0,1,0,0.0,0.43679,0,0.0,0,346,3,5,0.7622,0.1375,GREEN,18,Mumbai
CLM0027851,MUM_08928,Chembur,2025-02-19,10,0,1,1,0,0,0,0,0,0,0.0,0.184018,0,0.0,1,246,0,5,0.8513,0.0573,GREEN,52,Mumbai
CLM0027852,MUM_08905,Powai,2024-09-14,15,0,0,0,0,0,1,0,1,0,0.0,0.05058,0,0.0,0,92,0,1,0.98,0.2343,GREEN,40,Mumbai
CLM0027853,MUM_02942,Andheri,2018-04-18,17,0,0,0,0,1,0,0,0,0,0.0,0.056002,0,0.0,0,420,2,1,0.1375,0.0878,GREEN,36,Mumbai
CLM0027854,MUM_09340,Vashi,2024-11-28,14,0,0,0,0,0,0,0,0,0,0.0,0.265524,0,0.0,0,391,2,0,0.8507,0.0376,GREEN,30,Mumbai
CLM0027855,MUM_03710,Ghatkopar,2022-09-27,11,0,0,0,1,1,0,1,0,1,1.0,1.0,1,1.0,0,5,2,18,0.8388,0.1773,GREEN,39,Mumbai
CLM0027856,MUM_03679,Andheri,2021-05-13,21,0,0,0,1,1,1,1,0,0,0.0,0.008892,0,0.0,1,14,4,18,0.3587,0.0954,GREEN,48,Mumbai
CLM0027857,MUM_00782,Powai,2021-12-18,13,0,0,0,0,0,0,0,0,0,0.0,0.102483,0,0.0,0,177,1,3,0.98,0.0,GREEN,42,Mumbai
CLM0027858,MUM_06379,Bandra,2020-07-20,11,0,0,0,0,0,0,0,0,0,0.0,0.154541,0,0.0,0,281,2,0,0.9349,0.0264,GREEN,42,Mumbai
CLM0027859,MUM_02452,Andheri,2020-09-20,12,0,0,0,0,0,0,0,1,0,0.0,0.055911,0,0.0,0,97,1,0,0.1715,0.0371,GREEN,50,Mumbai
CLM0027860,MUM_00407,Bandra,2025-06-23,21,0,0,0,1,0,0,0,0,0,0.0,1.0,0,0.0,0,337,2,2,0.8393,0.2004,GREEN,45,Mumbai
CLM0027861,MUM_06722,Powai,2021-04-16,18,0,0,0,1,0,0,0,0,0,0.0,0.158073,0,0.0,0,391,0,4,0.9731,0.2299,GREEN,37,Mumbai
CLM0027862,MUM_04203,Chembur,2024-04-07,11,0,1,1,0,0,0,0,0,0,0.0,0.018793,0,0.0,0,37,2,1,0.98,0.0101,GREEN,35,Mumbai
CLM0027863,MUM_03946,Lower Parel,2020-04-26,9,0,0,0,0,0,0,0,0,0,0.0,0.314563,0,0.0,0,15,2,2,0.5799,0.027,GREEN,55,Mumbai
CLM0027864,MUM_03555,Bandra,2018-11-26,8,0,0,0,1,0,1,0,1,0,0.0,0.253452,0,0.0,0,201,2,2,0.6572,0.4261,YELLOW,55,Mumbai
CLM0027865,MUM_07419,Dadar,2020-08-24,18,0,0,0,0,1,0,1,1,1,0.0,0.94796,1,1.0,1,8,1,18,0.0941,0.0169,GREEN,18,Mumbai
CLM0027866,MUM_05003,Lower Parel,2018-07-11,18,0,0,0,0,1,0,0,0,0,0.0,0.209848,0,0.0,0,167,2,2,0.5903,0.0911,GREEN,47,Mumbai
CLM0027867,MUM_01411,Thane,2022-11-08,12,0,0,0,0,0,0,0,0,0,0.0,0.061173,0,0.0,0,25,2,0,0.8453,0.0,GREEN,34,Mumbai
CLM0027868,MUM_05917,Lower Parel,2024-08-28,9,0,0,0,0,0,0,0,0,0,0.0,0.262468,0,0.0,0,141,1,1,0.471,0.0309,GREEN,37,Mumbai
CLM0027869,MUM_05618,Lower Parel,2020-02-01,7,0,0,0,0,0,1,0,0,0,0.0,0.095055,0,0.0,0,420,1,5,0.9401,0.0813,GREEN,18,Mumbai
CLM0027870,MUM_02740,Borivali,2024-04-06,21,0,0,0,0,0,0,0,0,0,0.0,0.315166,0,0.0,0,267,0,2,0.4944,0.02,GREEN,35,Mumbai
CLM0027871,MUM_03325,Vashi,2021-09-23,12,0,0,0,0,0,0,0,0,0,0.0,0.247307,0,0.0,0,420,1,0,0.8695,0.0141,GREEN,35,Mumbai
CLM0027872,MUM_04701,Ghatkopar,2024-04-26,19,0,0,0,0,0,0,0,0,0,0.0,0.23063,0,0.0,0,317,2,3,0.5547,0.0621,GREEN,41,Mumbai
CLM0027873,MUM_06232,Powai,2025-02-26,15,0,0,0,0,0,0,0,0,0,0.0,0.410254,0,0.0,0,420,2,1,0.6381,0.0576,GREEN,33,Mumbai
CLM0027874,MUM_03047,Bandra,2017-12-31,20,0,0,0,0,0,0,1,1,0,0.0,0.071583,0,0.0,0,320,1,3,0.4634,0.1616,GREEN,28,Mumbai
CLM0027875,MUM_04800,Ghatkopar,2018-03-18,8,0,0,0,0,0,0,0,0,0,0.0,0.020161,0,0.0,0,69,2,0,0.8391,0.0099,GREEN,32,Mumbai
CLM0027876,MUM_06875,Thane,2022-03-23,17,0,0,0,0,0,0,0,0,0,0.0,0.341568,0,0.0,0,263,1,0,0.489,0.0,GREEN,18,Mumbai
CLM0027877,MUM_06787,Lower Parel,2021-03-16,21,0,0,0,0,0,0,0,1,0,0.0,0.139797,0,0.0,0,390,4,0,0.5822,0.0449,GREEN,40,Mumbai
CLM0027878,MUM_08778,Lower Parel,2025-04-06,12,0,0,0,0,0,0,0,0,0,0.0,0.161666,0,0.0,0,46,1,3,0.8014,0.1005,GREEN,36,Mumbai
CLM0027879,MUM_08008,Lower Parel,2021-12-27,8,0,0,0,0,0,0,1,0,0,0.0,1.0,0,0.0,0,420,4,5,0.787,0.0,GREEN,43,Mumbai
CLM0027880,MUM_06422,Borivali,2024-05-03,16,0,0,0,0,0,0,0,0,0,0.0,0.162734,0,0.0,0,420,4,3,0.5722,0.038,GREEN,42,Mumbai
CLM0027881,MUM_02017,Powai,2019-10-10,19,0,0,0,0,0,0,1,0,0,0.0,0.958145,0,0.0,0,342,3,2,0.7439,0.0662,GREEN,37,Mumbai
CLM0027882,MUM_04279,Chembur,2025-11-04,14,0,0,0,0,0,0,1,0,0,0.0,0.357842,0,0.0,0,370,1,1,0.1409,0.0224,GREEN,58,Mumbai
CLM0027883,MUM_01979,Lower Parel,2017-07-24,13,0,0,0,0,1,0,1,1,1,1.0,0.943807,0,1.0,1,27,2,18,0.05,0.056,GREEN,57,Mumbai
CLM0027884,MUM_05273,Ghatkopar,2018-01-09,8,0,0,0,0,0,0,0,0,0,0.0,0.238346,0,0.0,0,86,3,2,0.7463,0.1213,GREEN,59,Mumbai
CLM0027885,MUM_09211,Thane,2024-05-06,7,0,0,0,0,0,0,0,0,0,0.0,0.356521,1,0.0,0,420,3,5,0.05,0.1539,GREEN,41,Mumbai
CLM0027886,MUM_09799,Borivali,2023-03-18,18,0,0,0,0,0,0,0,0,0,0.0,0.971248,0,0.0,0,94,2,0,0.7451,0.0403,GREEN,44,Mumbai
CLM0027887,MUM_04501,Bandra,2018-10-23,10,0,0,0,0,0,0,1,0,0,0.0,0.0,0,0.0,0,268,4,6,0.8937,0.0646,GREEN,24,Mumbai
CLM0027888,MUM_09408,Dadar,2019-06-02,18,0,0,0,0,0,0,0,0,1,0.0,0.249383,0,0.0,0,158,1,0,0.98,0.1687,GREEN,37,Mumbai
CLM0027889,MUM_06382,Thane,2022-05-24,12,0,0,0,0,0,1,1,0,0,0.0,0.0,0,1.0,0,156,1,4,0.9129,0.1783,GREEN,41,Mumbai
CLM0027890,MUM_03234,Thane,2025-03-29,14,0,0,0,0,0,0,0,0,0,0.0,0.108296,0,0.0,0,363,1,4,0.584,0.0102,GREEN,22,Mumbai
CLM0027891,MUM_04658,Vashi,2025-06-28,11,0,0,0,0,0,1,0,1,0,1.0,0.949311,0,1.0,0,310,1,3,0.4721,0.1306,GREEN,37,Mumbai
CLM0027892,MUM_01734,Chembur,2021-01-13,21,0,0,0,0,0,0,0,0,0,0.0,0.304484,0,1.0,0,197,1,3,0.5792,0.0543,GREEN,47,Mumbai
CLM0027893,MUM_04006,Bandra,2021-11-08,11,0,0,0,0,0,0,0,0,0,0.0,0.315687,0,0.0,0,174,3,1,0.7167,0.0255,GREEN,49,Mumbai
CLM0027894,MUM_00498,Andheri,2025-04-25,21,0,1,1,0,0,0,0,0,0,0.0,0.080949,0,0.0,0,119,2,0,0.0663,0.0,GREEN,50,Mumbai
CLM0027895,MUM_01614,Thane,2023-04-27,9,0,0,0,0,0,1,1,0,0,0.0,0.098284,0,0.0,0,420,0,3,0.7756,0.1868,GREEN,62,Mumbai
CLM0027896,MUM_02718,Ghatkopar,2024-02-12,8,0,1,1,0,0,0,0,0,0,0.0,0.051356,1,0.0,0,92,0,5,0.7755,0.0,GREEN,50,Mumbai
CLM0027897,MUM_04591,Lower Parel,2021-10-31,16,0,0,0,0,0,0,0,0,0,0.0,1.0,0,0.0,0,114,1,2,0.98,0.025,GREEN,34,Mumbai
CLM0027898,MUM_01347,Andheri,2024-05-28,19,0,0,0,0,0,0,0,0,0,0.0,0.16321,0,1.0,0,381,0,3,0.8146,0.0389,GREEN,58,Mumbai
CLM0027899,MUM_08375,Chembur,2024-07-30,8,0,0,0,0,0,0,0,0,0,0.0,0.196008,0,0.0,0,420,3,4,0.7848,0.0,GREEN,48,Mumbai
CLM0027900,MUM_04035,Borivali,2025-03-25,14,0,0,0,0,0,0,0,0,0,0.0,0.260074,0,0.0,0,68,1,2,0.7191,0.0908,GREEN,38,Mumbai
CLM0027901,MUM_01084,Thane,2025-04-11,18,0,0,0,0,0,0,0,0,0,0.0,0.0,0,0.0,0,310,1,0,0.5661,0.052,GREEN,55,Mumbai
CLM0027902,MUM_04972,Ghatkopar,2021-08-16,7,0,0,0,0,0,0,0,0,1,0.0,0.0,0,0.0,0,128,1,4,0.6748,0.0969,GREEN,60,Mumbai
CLM0027903,MUM_02553,Thane,2021-04-01,20,0,0,0,0,0,0,0,0,0,0.0,0.124694,0,0.0,0,144,2,6,0.92,0.065,GREEN,32,Mumbai
CLM0027904,MUM_03719,Lower Parel,2020-11-13,12,0,0,0,1,1,0,1,1,0,1.0,0.530588,1,1.0,1,30,4,18,0.0589,0.0012,GREEN,45,Mumbai
CLM0027905,MUM_01974,Powai,2023-03-04,17,0,0,0,0,0,0,0,0,0,1.0,0.100053,0,0.0,0,398,0,0,0.6292,0.082,GREEN,24,Mumbai
CLM0027906,MUM_04569,Dadar,2021-05-30,19,0,0,0,0,0,0,0,0,0,0.0,0.08549,0,0.0,0,420,2,2,0.98,0.0,GREEN,41,Mumbai
CLM0027907,MUM_06482,Andheri,2021-08-29,15,0,0,0,0,0,0,0,0,0,0.0,0.167143,0,0.0,0,366,1,2,0.7361,0.0,GREEN,54,Mumbai
CLM0027908,MUM_02973,Andheri,2021-09-10,20,0,0,0,1,1,0,1,1,1,0.0,0.297091,1,0.0,1,23,0,18,0.4771,0.1003,GREEN,36,Mumbai
CLM0027909,MUM_01927,Lower Parel,2021-03-07,19,0,0,0,0,0,0,0,0,0,0.0,0.182468,0,0.0,0,101,1,5,0.8906,0.0,GREEN,54,Mumbai
CLM0027910,MUM_09261,Vashi,2021-01-18,14,0,0,0,1,1,0,1,0,1,0.0,0.93053,0,0.0,1,45,2,18,0.2326,0.0335,GREEN,36,Mumbai
CLM0027911,MUM_00717,Dadar,2019-11-19,15,0,0,0,0,0,0,0,0,0,0.0,0.099736,0,0.0,1,5,3,3,0.5981,0.0,GREEN,46,Mumbai
CLM0027912,MUM_06203,Vashi,2018-09-27,12,0,0,0,1,1,0,0,0,0,0.0,0.148863,0,0.0,0,250,1,2,0.7637,0.2583,GREEN,46,Mumbai
CLM0027913,MUM_06252,Dadar,2020-07-07,13,0,0,0,0,0,0,0,0,0,0.0,0.070955,0,0.0,0,204,4,0,0.6966,0.0,GREEN,57,Mumbai
CLM0027914,MUM_05152,Vashi,2018-06-09,21,0,0,0,0,0,0,0,0,0,0.0,0.17187,0,0.0,0,310,4,3,0.271,0.0,GREEN,28,Mumbai
CLM0027915,MUM_07040,Chembur,2016-07-23,7,0,0,0,0,0,0,0,0,1,0.0,0.999116,0,0.0,0,102,3,0,0.8374,0.1244,GREEN,42,Mumbai
CLM0027916,MUM_09198,Vashi,2025-06-17,10,0,0,0,0,1,1,0,0,0,0.0,0.304323,0,0.0,0,200,4,1,0.9171,0.2515,GREEN,55,Mumbai
CLM0027917,MUM_05038,Powai,2023-11-28,9,0,0,0,0,0,0,0,0,1,0.0,0.188982,0,0.0,0,209,0,1,0.0513,0.0975,GREEN,48,Mumbai
CLM0027918,MUM_09474,Borivali,2016-10-14,17,0,0,0,0,1,0,0,1,0,0.0,0.214732,0,0.0,0,125,4,5,0.98,0.2077,GREEN,29,Mumbai
CLM0027919,MUM_07978,Thane,2023-01-29,13,0,0,0,0,0,0,0,0,0,0.0,0.154221,0,0.0,0,124,4,4,0.6501,0.0,GREEN,59,Mumbai
CLM0027920,MUM_06597,Thane,2024-02-23,10,0,0,0,0,0,0,0,0,0,0.0,0.193406,0,0.0,0,224,2,2,0.8858,0.0,GREEN,27,Mumbai
CLM0027921,MUM_09295,Bandra,2016-08-06,10,0,1,1,0,0,0,0,0,0,0.0,0.188677,1,0.0,0,57,4,2,0.9175,0.0528,GREEN,50,Mumbai
CLM0027922,MUM_01190,Dadar,2020-07-29,15,0,0,0,0,0,0,0,0,0,0.0,0.308716,0,0.0,0,130,4,7,0.9601,0.0,GREEN,43,Mumbai
CLM0027923,MUM_00878,Powai,2025-04-28,17,0,0,0,0,0,0,0,0,0,0.0,0.280202,0,0.0,0,129,4,3,0.9583,0.0532,GREEN,33,Mumbai
CLM0027924,MUM_08465,Thane,2022-11-01,11,0,1,1,0,0,0,0,1,0,0.0,0.216359,0,0.0,0,216,3,3,0.5742,0.0,GREEN,37,Mumbai
CLM0027925,MUM_09088,Chembur,2025-02-11,15,0,0,0,0,0,0,0,0,0,0.0,1.0,0,0.0,0,132,2,0,0.05,0.0,GREEN,56,Mumbai
CLM0027926,MUM_08523,Powai,2025-05-16,7,0,0,0,0,0,0,0,0,0,0.0,1.0,0,0.0,0,227,0,0,0.1831,0.0,GREEN,42,Mumbai
CLM0027927,MUM_05632,Ghatkopar,2025-12-09,21,0,0,0,0,0,0,0,0,0,1.0,0.125569,0,0.0,0,420,3,5,0.05,0.0592,GREEN,37,Mumbai
CLM0027928,MUM_07434,Bandra,2024-07-23,13,0,0,0,0,0,0,0,0,0,0.0,0.019386,0,0.0,0,392,4,0,0.8386,0.0112,GREEN,36,Mumbai
CLM0027929,MUM_02637,Thane,2019-08-27,8,0,0,0,0,0,0,0,0,0,0.0,0.108001,0,0.0,0,98,0,3,0.8731,0.0,GREEN,27,Mumbai
CLM0027930,MUM_07467,Powai,2021-12-10,7,0,0,0,0,0,0,0,0,0,0.0,0.125942,0,0.0,0,371,0,0,0.2849,0.0,GREEN,54,Mumbai
CLM0027931,MUM_04919,Chembur,2021-06-06,11,0,1,1,0,0,0,0,0,0,0.0,0.420095,0,0.0,0,420,0,6,0.7739,0.0,GREEN,46,Mumbai
CLM0027932,MUM_07536,Andheri,2025-10-06,15,0,0,0,0,0,0,0,0,0,0.0,0.117075,0,0.0,0,277,1,2,0.7644,0.022,GREEN,39,Mumbai
CLM0027933,MUM_02021,Bandra,2021-10-17,7,0,0,0,0,0,0,0,0,0,0.0,0.112466,0,0.0,0,420,0,4,0.0802,0.0076,GREEN,44,Mumbai
CLM0027934,MUM_07295,Vashi,2025-03-02,21,0,0,0,0,0,0,0,0,0,0.0,0.00839,0,0.0,0,69,2,4,0.86,0.042,GREEN,42,Mumbai
CLM0027935,MUM_07059,Thane,2022-06-30,17,0,0,0,0,0,0,0,0,0,0.0,0.001809,0,0.0,0,168,3,0,0.9653,0.0771,GREEN,46,Mumbai
CLM0027936,MUM_01451,Thane,2019-05-07,11,0,0,0,1,0,0,0,0,0,0.0,0.014069,0,0.0,0,396,4,0,0.7636,0.1662,GREEN,41,Mumbai
CLM0027937,MUM_05681,Bandra,2024-11-24,21,0,0,0,1,0,0,0,0,0,0.0,0.0,0,0.0,0,276,4,4,0.6737,0.1544,GREEN,39,Mumbai
CLM0027938,MUM_02460,Bandra,2022-11-27,18,0,0,0,1,0,0,1,0,0,0.0,0.147902,0,0.0,0,301,1,1,0.98,0.1829,GREEN,47,Mumbai
CLM0027939,MUM_00825,Bandra,2024-12-14,13,0,1,1,0,0,0,0,0,0,0.0,1.0,0,0.0,0,344,0,0,0.5652,0.0064,GREEN,35,Mumbai
CLM0027940,MUM_09499,Chembur,2025-09-21,14,0,0,0,0,0,0,0,0,0,0.0,0.0,0,0.0,0,249,3,1,0.9514,0.0,GREEN,57,Mumbai
CLM0027941,MUM_04108,Thane,2024-12-18,10,0,0,0,0,1,1,0,0,0,0.0,0.211543,0,0.0,0,277,4,4,0.7417,0.1988,GREEN,49,Mumbai
CLM0027942,MUM_06984,Borivali,2023-12-18,13,0,0,0,0,0,0,0,0,0,0.0,0.312654,0,0.0,0,153,3,2,0.9378,0.0,GREEN,44,Mumbai
CLM0027943,MUM_01656,Vashi,2022-10-16,20,0,0,0,1,0,0,1,1,1,0.0,0.179703,0,0.0,1,5,1,18,0.8682,0.0852,GREEN,50,Mumbai
CLM0027944,MUM_02732,Vashi,2024-10-06,12,0,0,0,1,0,0,0,0,0,0.0,0.25002,0,0.0,0,160,1,4,0.05,0.0496,GREEN,50,Mumbai
CLM0027945,MUM_00462,Borivali,2022-10-03,17,0,0,0,0,0,0,0,0,0,0.0,0.228739,0,0.0,0,255,4,2,0.5795,0.0486,GREEN,55,Mumbai
CLM0027946,MUM_09694,Lower Parel,2023-09-17,11,0,1,1,0,0,0,0,0,0,0.0,0.282829,0,0.0,0,91,1,2,0.9098,0.0,GREEN,18,Mumbai
CLM0027947,MUM_08883,Powai,2023-09-29,9,0,0,0,0,0,0,1,0,0,0.0,0.246533,0,0.0,0,113,4,2,0.806,0.1319,GREEN,21,Mumbai
CLM0027948,MUM_05776,Andheri,2025-07-10,18,0,0,0,0,0,0,0,0,0,0.0,0.23893,0,1.0,0,153,1,3,0.8044,0.0622,GREEN,43,Mumbai
CLM0027949,MUM_08998,Bandra,2024-12-05,9,0,0,0,0,0,0,0,0,0,0.0,0.412375,0,0.0,0,265,2,0,0.8289,0.0,GREEN,36,Mumbai
CLM0027950,MUM_09251,Ghatkopar,2024-11-24,16,0,1,1,0,0,0,0,0,0,0.0,0.056677,0,0.0,0,31,4,3,0.3645,0.0,GREEN,42,Mumbai
CLM0027951,MUM_06795,Dadar,2025-05-22,7,0,0,0,0,0,0,0,0,0,0.0,0.18947,1,0.0,1,148,0,3,0.8752,0.0881,GREEN,56,Mumbai
CLM0027952,MUM_07145,Lower Parel,2025-05-03,17,0,1,1,0,0,1,0,0,0,0.0,1.0,0,0.0,0,409,0,2,0.7183,0.0686,GREEN,46,Mumbai
CLM0027953,MUM_06897,Bandra,2025-02-23,13,0,1,1,0,0,0,0,1,0,0.0,0.360349,0,0.0,0,189,3,1,0.5149,0.1159,GREEN,43,Mumbai
CLM0027954,MUM_04736,Borivali,2025-02-08,12,0,0,0,0,0,1,1,0,0,0.0,0.14837,0,0.0,0,368,3,4,0.9043,0.1434,GREEN,50,Mumbai
CLM0027955,MUM_09389,Borivali,2025-12-14,15,0,0,0,0,0,0,0,0,1,1.0,0.928077,0,0.0,0,115,0,1,0.6776,0.1476,GREEN,42,Mumbai
CLM0027956,MUM_06328,Borivali,2024-10-26,8,0,0,0,0,0,0,0,1,0,0.0,1.0,0,0.0,0,396,1,8,0.944,0.0094,GREEN,45,Mumbai
CLM0027957,MUM_01066,Ghatkopar,2024-05-22,7,0,0,0,0,0,0,0,0,0,0.0,1.0,0,0.0,0,122,4,0,0.6393,0.0,GREEN,47,Mumbai
CLM0027958,MUM_04305,Borivali,2022-08-02,21,0,0,0,0,0,0,0,0,0,0.0,0.32715,0,0.0,0,420,3,5,0.888,0.0,GREEN,38,Mumbai
CLM0027959,MUM_06469,Andheri,2024-04-30,8,0,0,0,0,0,0,0,0,1,0.0,1.0,0,0.0,0,264,4,8,0.749,0.1732,GREEN,32,Mumbai
CLM0027960,MUM_09107,Chembur,2025-11-17,11,0,0,0,0,0,1,1,0,0,0.0,0.176395,0,0.0,0,420,3,0,0.98,0.1192,GREEN,32,Mumbai
CLM0027961,MUM_02317,Bandra,2023-09-03,20,0,0,0,0,0,0,0,0,0,0.0,0.434365,1,0.0,0,333,2,4,0.4485,0.1352,GREEN,32,Mumbai
CLM0027962,MUM_07268,Andheri,2021-06-13,8,0,0,0,0,0,0,0,0,0,0.0,0.021248,0,0.0,0,73,2,2,0.8915,0.038,GREEN,51,Mumbai
CLM0027963,MUM_02799,Borivali,2022-06-12,17,0,0,0,0,0,0,0,0,0,0.0,0.405457,0,0.0,0,420,4,2,0.191,0.0168,GREEN,45,Mumbai
CLM0027964,MUM_05384,Ghatkopar,2021-10-28,14,0,1,1,0,0,0,0,0,0,0.0,1.0,0,0.0,0,296,3,0,0.694,0.0,GREEN,36,Mumbai
CLM0027965,MUM_00805,Vashi,2021-08-20,10,0,0,0,0,0,0,0,0,0,0.0,0.305624,0,0.0,0,116,2,4,0.7243,0.0059,GREEN,26,Mumbai
CLM0027966,MUM_03602,Ghatkopar,2024-12-14,10,0,0,0,0,0,0,0,0,0,0.0,0.008333,0,1.0,0,222,2,3,0.5637,0.0,GREEN,48,Mumbai
CLM0027967,MUM_06881,Dadar,2021-09-23,10,0,0,0,0,0,0,1,0,0,1.0,0.208539,0,0.0,0,377,2,6,0.6899,0.1296,GREEN,47,Mumbai
CLM0027968,MUM_04098,Vashi,2024-03-03,8,0,0,0,0,0,0,0,0,0,0.0,0.043739,0,0.0,0,42,3,3,0.6449,0.0,GREEN,45,Mumbai
CLM0027969,MUM_07310,Thane,2022-02-03,18,0,0,0,0,1,0,0,0,0,0.0,0.065274,0,0.0,0,420,4,2,0.916,0.135,GREEN,49,Mumbai
CLM0027970,MUM_06804,Dadar,2024-08-22,19,0,0,0,0,0,0,0,0,0,0.0,0.205405,0,0.0,1,98,1,2,0.8515,0.0623,GREEN,40,Mumbai
CLM0027971,MUM_01528,Vashi,2024-01-06,14,0,0,0,0,0,0,0,0,0,0.0,0.282757,0,0.0,0,331,3,5,0.7329,0.2014,GREEN,53,Mumbai
CLM0027972,MUM_08498,Borivali,2025-12-23,13,0,0,0,1,1,1,0,1,1,0.0,1.0,0,0.0,1,5,3,17,0.05,0.0,GREEN,44,Mumbai
CLM0027973,MUM_07219,Vashi,2025-02-04,16,0,0,0,0,0,0,0,0,0,1.0,0.069305,0,0.0,0,276,1,1,0.7627,0.1071,GREEN,43,Mumbai
CLM0027974,MUM_07353,Lower Parel,2019-07-04,19,0,0,0,1,0,0,0,0,0,0.0,0.410243,0,0.0,0,353,2,5,0.7877,0.1831,GREEN,47,Mumbai
CLM0027975,MUM_04585,Andheri,2023-03-05,11,0,0,0,0,0,0,0,0,0,0.0,0.370988,0,0.0,0,420,4,2,0.7856,0.021,GREEN,22,Mumbai
CLM0027976,MUM_01223,Powai,2023-06-02,20,0,0,0,0,0,0,0,0,0,0.0,0.278625,0,0.0,0,283,0,3,0.5727,0.0429,GREEN,46,Mumbai
CLM0027977,MUM_07581,Borivali,2024-02-29,21,0,0,0,0,0,0,0,0,0,0.0,0.214465,0,0.0,0,201,1,5,0.8202,0.0,GREEN,40,Mumbai
CLM0027978,MUM_07748,Borivali,2025-09-06,8,0,0,0,0,0,0,1,0,0,0.0,0.27366,0,0.0,0,420,1,2,0.14,0.0,GREEN,51,Mumbai
CLM0027979,MUM_01562,Vashi,2025-12-07,19,0,0,0,0,0,0,0,0,0,0.0,0.116669,0,0.0,0,42,1,4,0.454,0.0095,GREEN,37,Mumbai
CLM0027980,MUM_00984,Lower Parel,2024-04-17,7,0,0,0,0,0,0,0,0,0,1.0,0.043904,0,0.0,0,42,0,4,0.6525,0.1748,GREEN,55,Mumbai
CLM0027981,MUM_05467,Lower Parel,2025-10-17,19,0,0,0,0,0,0,0,0,0,0.0,0.218276,0,0.0,0,420,1,1,0.98,0.0411,GREEN,65,Mumbai
CLM0027982,MUM_09545,Powai,2025-08-29,16,0,0,0,0,0,0,0,0,0,0.0,0.27419,0,0.0,0,420,3,0,0.05,0.0234,GREEN,49,Mumbai
CLM0027983,MUM_03402,Vashi,2025-03-31,12,0,0,0,0,1,0,1,0,0,1.0,0.191658,0,0.0,0,210,2,5,0.4693,0.2851,GREEN,46,Mumbai
CLM0027984,MUM_00648,Ghatkopar,2023-06-12,11,0,0,0,0,0,0,0,1,0,0.0,0.435331,0,0.0,0,420,4,5,0.6826,0.1077,GREEN,59,Mumbai
CLM0027985,MUM_09789,Bandra,2018-05-10,8,0,0,0,0,0,0,1,0,0,1.0,1.0,0,1.0,0,414,2,3,0.7815,0.1533,GREEN,42,Mumbai
CLM0027986,MUM_03997,Andheri,2024-03-11,9,0,0,0,0,0,1,0,0,0,0.0,0.203607,0,0.0,0,366,0,0,0.656,0.1433,GREEN,51,Mumbai
CLM0027987,MUM_01525,Chembur,2018-02-25,20,0,0,0,0,1,0,0,0,0,0.0,0.053452,0,0.0,0,323,1,1,0.4726,0.1034,GREEN,57,Mumbai
CLM0027988,MUM_07906,Powai,2024-10-16,14,0,0,0,0,0,0,0,0,0,0.0,0.0,0,0.0,0,10,1,0,0.8282,0.0218,GREEN,34,Mumbai
CLM0027989,MUM_01321,Vashi,2022-08-29,12,0,0,0,0,0,0,0,0,0,0.0,0.235028,0,0.0,0,330,3,0,0.9133,0.0617,GREEN,21,Mumbai
CLM0027990,MUM_04197,Bandra,2025-07-02,21,0,0,0,0,0,1,0,0,0,0.0,0.391724,0,0.0,0,330,3,0,0.1708,0.1185,GREEN,35,Mumbai
CLM0027991,MUM_09890,Andheri,2025-04-22,18,0,0,0,0,0,0,1,0,0,0.0,0.237869,0,0.0,0,156,4,5,0.7788,0.0131,GREEN,64,Mumbai
CLM0027992,MUM_00048,Vashi,2021-10-27,19,0,0,0,0,0,0,0,0,0,1.0,0.071723,0,0.0,0,34,4,0,0.8702,0.1259,GREEN,43,Mumbai
CLM0027993,MUM_06414,Lower Parel,2020-10-03,8,0,0,0,0,0,0,1,0,0,0.0,0.066827,0,0.0,0,309,0,5,0.6186,0.019,GREEN,27,Mumbai
CLM0027994,MUM_09837,Dadar,2019-10-17,11,0,0,0,1,0,0,0,0,0,0.0,0.088942,0,0.0,0,192,1,0,0.6864,0.1365,GREEN,35,Mumbai
CLM0027995,MUM_06997,Vashi,2022-08-14,10,0,0,0,1,0,1,1,1,0,0.0,0.075357,0,0.0,1,16,3,18,0.9687,0.0854,GREEN,47,Mumbai
CLM0027996,MUM_09352,Dadar,2023-02-25,8,0,0,0,0,0,1,0,0,0,1.0,0.172238,0,0.0,0,326,3,2,0.5792,0.2769,GREEN,52,Mumbai
CLM0027997,MUM_09055,Dadar,2018-05-11,10,0,0,0,0,0,0,0,0,0,0.0,0.0,0,0.0,0,355,4,5,0.553,0.0314,GREEN,44,Mumbai
CLM0027998,MUM_05559,Lower Parel,2017-05-13,13,0,0,0,1,0,0,1,0,0,0.0,0.148585,0,0.0,0,167,0,0,0.8462,0.2042,GREEN,18,Mumbai
CLM0027999,MUM_00450,Bandra,2022-07-20,8,0,0,0,0,0,0,0,0,0,0.0,0.372326,0,0.0,0,44,4,1,0.9349,0.0,GREEN,34,Mumbai
CLM0028000,MUM_09652,Bandra,2024-09-18,10,0,0,0,0,1,0,1,0,0,0.0,0.134531,0,0.0,0,384,0,2,0.98,0.175,GREEN,54,Mumbai
CLM0028001,MUM_06306,Lower Parel,2017-04-22,21,0,0,0,0,0,0,0,0,0,0.0,0.140539,0,0.0,0,202,1,2,0.8091,0.1332,GREEN,31,Mumbai
CLM0028002,MUM_00944,Borivali,2023-04-25,20,0,0,0,0,0,0,0,0,0,0.0,0.223774,0,0.0,0,211,3,1,0.8284,0.0438,GREEN,20,Mumbai
CLM0028003,MUM_01132,Powai,2022-01-11,17,0,0,0,0,0,0,0,0,0,0.0,0.395425,0,0.0,0,420,4,2,0.6347,0.0134,GREEN,31,Mumbai
CLM0028004,MUM_01345,Bandra,2021-06-26,12,0,0,0,0,1,0,0,0,0,0.0,0.126662,0,0.0,0,400,4,0,0.0726,0.1477,GREEN,36,Mumbai
CLM0028005,MUM_06865,Chembur,2024-01-09,12,0,0,0,0,0,0,1,0,0,0.0,0.074643,0,0.0,1,45,0,0,0.6459,0.1394,GREEN,26,Mumbai
CLM0028006,MUM_02759,Thane,2021-04-26,19,0,0,0,0,0,1,0,0,0,0.0,0.233898,0,0.0,0,391,4,3,0.7718,0.2506,GREEN,45,Mumbai
CLM0028007,MUM_08742,Powai,2025-07-29,18,0,0,0,0,0,0,0,0,0,0.0,0.120151,0,0.0,0,420,0,9,0.0772,0.0014,GREEN,48,Mumbai
CLM0028008,MUM_06326,Borivali,2019-06-17,17,0,0,0,0,0,0,0,0,0,0.0,0.298365,0,0.0,0,365,2,2,0.05,0.0328,GREEN,64,Mumbai
CLM0028009,MUM_08462,Andheri,2023-01-18,21,0,0,0,0,0,0,0,0,0,0.0,0.268118,0,0.0,0,254,4,5,0.9487,0.0,GREEN,18,Mumbai
CLM0028010,MUM_04084,Thane,2021-03-15,12,0,0,0,0,0,0,1,0,0,0.0,0.107837,0,0.0,0,292,2,2,0.7793,0.0373,GREEN,43,Mumbai
CLM0028011,MUM_04139,Dadar,2025-06-07,20,0,1,1,0,0,0,1,0,0,0.0,0.370034,0,0.0,0,58,3,0,0.7648,0.0574,GREEN,56,Mumbai
CLM0028012,MUM_05972,Borivali,2020-02-22,16,0,0,0,0,0,0,0,1,0,0.0,0.294035,0,0.0,0,420,2,6,0.98,0.1629,GREEN,40,Mumbai
CLM0028013,MUM_02553,Thane,2021-05-19,18,0,0,0,0,0,0,0,1,0,1.0,0.080087,0,0.0,0,420,4,1,0.7012,0.2121,GREEN,32,Mumbai
CLM0028014,MUM_02966,Andheri,2019-07-29,12,0,0,0,0,0,0,0,0,0,1.0,0.089668,0,0.0,0,152,0,0,0.5339,0.0879,GREEN,48,Mumbai
CLM0028015,MUM_03802,Lower Parel,2019-10-08,20,0,0,0,0,0,0,0,0,0,1.0,0.970304,0,1.0,1,239,4,4,0.6611,0.1783,GREEN,32,Mumbai
CLM0028016,MUM_00399,Powai,2024-12-08,10,0,0,0,0,0,0,0,0,0,0.0,0.419405,0,0.0,0,203,4,6,0.5726,0.0441,GREEN,37,Mumbai
CLM0028017,MUM_01106,Thane,2024-12-29,17,0,0,0,0,0,0,0,1,0,0.0,0.0,0,0.0,0,5,4,0,0.8073,0.113,GREEN,27,Mumbai
CLM0028018,MUM_01564,Chembur,2018-08-21,11,0,0,0,0,0,0,0,0,0,0.0,1.0,0,0.0,0,253,4,2,0.6339,0.025,GREEN,52,Mumbai
CLM0028019,MUM_02984,Vashi,2022-12-23,19,0,0,0,0,0,0,0,0,0,0.0,0.363098,0,0.0,0,270,4,0,0.1806,0.0,GREEN,37,Mumbai
CLM0028020,MUM_06337,Thane,2018-01-25,14,0,0,0,0,0,0,0,0,0,0.0,0.116319,0,0.0,0,307,4,2,0.2422,0.0988,GREEN,36,Mumbai
CLM0028021,MUM_05087,Ghatkopar,2019-08-30,19,0,0,0,0,0,0,0,1,0,0.0,0.0,1,0.0,0,184,4,0,0.6694,0.2604,GREEN,35,Mumbai
CLM0028022,MUM_04546,Thane,2019-02-28,18,0,0,0,0,0,0,0,0,0,0.0,0.0,0,0.0,0,405,0,3,0.854,0.0,GREEN,18,Mumbai
CLM0028023,MUM_09912,Vashi,2022-04-20,7,0,0,0,0,0,0,0,0,0,0.0,1.0,0,0.0,0,420,1,1,0.772,0.0,GREEN,31,Mumbai
CLM0028024,MUM_07230,Bandra,2021-09-29,19,0,0,0,0,0,0,0,1,0,0.0,0.408743,0,0.0,0,420,0,1,0.6985,0.083,GREEN,18,Mumbai
CLM0028025,MUM_06984,Borivali,2024-09-04,19,0,0,0,0,0,0,0,1,0,0.0,0.0,0,1.0,0,314,2,6,0.741,0.106,GREEN,44,Mumbai
CLM0028026,MUM_00256,Ghatkopar,2025-05-04,9,0,1,1,0,0,0,0,0,0,0.0,0.068675,0,0.0,0,352,2,6,0.2469,0.0873,GREEN,48,Mumbai
CLM0028027,MUM_01922,Vashi,2020-10-02,9,0,0,0,1,0,0,0,1,0,0.0,0.256801,0,0.0,0,420,1,0,0.69,0.3289,YELLOW,52,Mumbai
CLM0028028,MUM_03552,Bandra,2020-08-05,12,0,0,0,0,0,0,0,0,0,0.0,0.225397,0,0.0,0,159,1,0,0.833,0.0992,GREEN,43,Mumbai
CLM0028029,MUM_02687,Andheri,2020-06-14,17,0,0,0,0,0,0,0,0,0,0.0,0.025547,0,0.0,1,117,3,4,0.7403,0.0214,GREEN,37,Mumbai
CLM0028030,MUM_09148,Ghatkopar,2025-08-05,10,0,0,0,0,0,0,0,0,0,0.0,0.284948,0,0.0,0,110,4,2,0.8713,0.0303,GREEN,49,Mumbai
CLM0028031,MUM_07615,Vashi,2018-06-15,17,0,0,0,0,0,0,0,0,0,0.0,0.161357,0,0.0,0,392,2,7,0.9046,0.0,GREEN,27,Mumbai
CLM0028032,MUM_00545,Lower Parel,2025-07-05,10,0,1,1,0,0,1,0,0,0,1.0,0.0,0,0.0,0,249,3,2,0.902,0.1614,GREEN,35,Mumbai
CLM0028033,MUM_04471,Powai,2020-04-19,19,0,0,0,0,0,0,0,0,0,0.0,0.118016,0,0.0,0,115,3,7,0.98,0.0,GREEN,50,Mumbai
CLM0028034,MUM_01871,Ghatkopar,2019-05-24,15,0,0,0,0,0,0,0,0,0,0.0,0.300078,0,0.0,0,273,3,4,0.7044,0.034,GREEN,39,Mumbai
CLM0028035,BEN_03136,HSR Layout,2024-01-10,16,0,0,0,0,0,0,0,0,0,0.0,0.22598,0,0.0,0,144,2,2,0.05,0.0241,GREEN,58,Bengaluru
CLM0028036,BEN_07928,Indiranagar,2018-03-16,14,0,0,0,0,0,1,0,0,0,0.0,0.320768,0,0.0,0,125,4,0,0.7706,0.0555,GREEN,46,Bengaluru
CLM0028037,BEN_03145,Marathahalli,2025-12-26,10,0,0,0,0,0,0,1,0,0,0.0,0.188084,0,0.0,0,87,2,0,0.7613,0.0285,GREEN,47,Bengaluru
CLM0028038,BEN_00597,BTM Layout,2021-09-30,13,0,1,1,0,0,0,0,0,1,0.0,0.045166,0,0.0,0,208,3,4,0.73,0.1547,GREEN,47,Bengaluru
CLM0028039,BEN_09602,Whitefield,2025-01-27,7,0,0,0,0,0,0,0,0,0,0.0,0.036111,0,0.0,0,46,0,2,0.815,0.0209,GREEN,61,Bengaluru
CLM0028040,BEN_02997,Jayanagar,2025-12-12,18,0,0,0,0,0,0,1,0,0,0.0,0.295453,0,0.0,0,299,1,0,0.98,0.0296,GREEN,27,Bengaluru
CLM0028041,BEN_02878,HSR Layout,2022-05-03,9,0,0,0,1,0,0,1,1,0,0.0,1.0,0,0.0,1,16,4,18,0.3035,0.0,GREEN,40,Bengaluru
CLM0028042,BEN_00922,BTM Layout,2023-10-04,20,0,0,0,0,0,0,0,0,0,0.0,0.042801,0,0.0,0,232,0,5,0.05,0.0,GREEN,33,Bengaluru
CLM0028043,BEN_04718,Rajajinagar,2018-08-05,9,0,0,0,0,1,1,0,0,0,1.0,1.0,0,1.0,0,126,3,5,0.4548,0.2302,GREEN,47,Bengaluru
CLM0028044,BEN_02957,Koramangala,2019-09-11,17,0,0,0,0,0,0,0,0,0,0.0,0.222256,0,0.0,0,270,2,2,0.9151,0.0,GREEN,46,Bengaluru
CLM0028045,BEN_00278,Yelahanka,2025-03-19,20,0,1,1,0,0,0,0,0,0,0.0,0.305734,0,0.0,0,43,4,5,0.6751,0.0472,GREEN,42,Bengaluru
CLM0028046,BEN_00724,Koramangala,2022-09-03,15,0,0,0,0,0,0,0,1,0,0.0,0.107469,0,0.0,0,113,1,2,0.9459,0.0765,GREEN,57,Bengaluru
CLM0028047,BEN_09121,HSR Layout,2021-12-09,9,0,0,0,0,1,0,0,0,0,0.0,0.347647,0,0.0,0,244,0,2,0.8619,0.1563,GREEN,61,Bengaluru
CLM0028048,BEN_09415,Jayanagar,2021-10-14,20,0,0,0,0,0,0,0,0,0,0.0,0.33249,0,0.0,0,260,0,0,0.4673,0.0,GREEN,31,Bengaluru
CLM0028049,BEN_09352,Rajajinagar,2023-01-14,8,0,0,0,0,0,0,0,0,0,0.0,0.341209,0,0.0,0,26,3,2,0.6104,0.0,GREEN,52,Bengaluru
CLM0028050,BEN_08244,Whitefield,2024-04-08,17,0,0,0,0,0,0,0,0,0,0.0,0.942642,0,0.0,0,342,2,2,0.913,0.0703,GREEN,46,Bengaluru
CLM0028051,BEN_04375,Marathahalli,2021-01-08,21,0,0,0,0,0,0,0,0,0,0.0,0.993027,0,0.0,1,273,2,0,0.3739,0.0597,GREEN,48,Bengaluru
CLM0028052,BEN_04965,Jayanagar,2023-08-23,10,0,0,0,0,0,0,0,0,0,0.0,0.095621,0,0.0,0,420,3,3,0.1359,0.0232,GREEN,38,Bengaluru
CLM0028053,BEN_04772,Electronic City,2024-07-05,7,0,0,0,0,0,1,0,1,0,0.0,0.396017,0,0.0,0,117,0,1,0.5328,0.1479,GREEN,42,Bengaluru
CLM0028054,BEN_01544,Whitefield,2022-01-06,11,0,0,0,0,0,0,0,0,0,0.0,0.228184,0,0.0,0,420,2,0,0.6094,0.0,GREEN,49,Bengaluru
CLM0028055,BEN_05628,BTM Layout,2020-10-10,21,0,0,0,0,0,0,0,0,0,0.0,0.288516,0,0.0,0,247,3,0,0.05,0.0,GREEN,42,Bengaluru
CLM0028056,BEN_01843,Yelahanka,2025-03-13,20,0,0,0,0,0,0,0,0,0,0.0,0.378717,0,0.0,0,270,3,2,0.7913,0.0255,GREEN,32,Bengaluru
CLM0028057,BEN_04086,Yelahanka,2021-10-05,12,0,0,0,0,0,0,0,0,0,0.0,0.156652,0,0.0,0,190,0,1,0.606,0.0,GREEN,41,Bengaluru
CLM0028058,BEN_05150,Electronic City,2018-08-05,19,0,0,0,0,0,0,0,0,0,0.0,0.167926,0,0.0,0,107,2,3,0.05,0.0358,GREEN,42,Bengaluru
CLM0028059,BEN_01728,Rajajinagar,2020-01-06,14,0,0,0,0,0,0,0,0,0,0.0,0.0,0,0.0,0,220,0,4,0.5688,0.0037,GREEN,65,Bengaluru
CLM0028060,BEN_01655,Koramangala,2017-05-23,20,0,0,0,0,0,0,0,1,0,0.0,0.053412,0,0.0,0,148,0,6,0.3642,0.0883,GREEN,38,Bengaluru
CLM0028061,BEN_08810,Jayanagar,2020-12-02,19,0,0,0,0,0,1,0,0,0,0.0,0.3184,1,0.0,0,420,4,2,0.7553,0.1084,GREEN,34,Bengaluru
CLM0028062,BEN_00656,BTM Layout,2018-11-10,19,0,0,0,0,0,0,0,0,0,0.0,0.0,0,0.0,0,186,4,2,0.8354,0.047,GREEN,28,Bengaluru
CLM0028063,BEN_08224,BTM Layout,2021-10-02,13,0,0,0,0,0,0,0,0,0,0.0,0.128946,0,0.0,0,258,3,0,0.7337,0.0815,GREEN,39,Bengaluru
CLM0028064,BEN_08053,Electronic City,2024-01-05,10,0,0,0,1,0,1,0,0,0,0.0,0.433254,0,1.0,0,412,4,1,0.7656,0.255,GREEN,31,Bengaluru
CLM0028065,BEN_07404,Indiranagar,2021-06-28,9,0,0,0,0,0,0,0,0,0,0.0,1.0,0,0.0,0,73,4,3,0.5843,0.1133,GREEN,24,Bengaluru
CLM0028066,BEN_01800,HSR Layout,2021-09-30,17,0,0,0,0,0,0,0,0,0,0.0,1.0,0,0.0,0,403,3,2,0.468,0.0,GREEN,55,Bengaluru
CLM0028067,BEN_02693,Indiranagar,2022-12-28,8,0,0,0,0,0,0,1,1,0,1.0,0.125785,0,0.0,0,43,4,0,0.6121,0.2185,GREEN,33,Bengaluru
CLM0028068,BEN_08404,Koramangala,2025-04-26,16,0,0,0,0,0,0,0,0,0,0.0,0.34983,0,0.0,0,327,4,4,0.9548,0.1357,GREEN,34,Bengaluru
CLM0028069,BEN_03625,Koramangala,2025-01-29,7,0,0,0,0,0,0,0,0,0,1.0,0.16743,0,0.0,0,18,2,0,0.6941,0.0464,GREEN,53,Bengaluru
CLM0028070,BEN_01141,Electronic City,2019-09-08,18,0,1,1,1,0,0,1,1,0,0.0,0.146904,0,1.0,0,12,1,18,0.3314,0.3926,YELLOW,41,Bengaluru
CLM0028071,BEN_04116,Marathahalli,2017-10-15,17,0,1,1,0,1,0,1,1,0,1.0,0.99245,1,0.0,0,6,2,18,0.2458,0.4424,YELLOW,49,Bengaluru
CLM0028072,BEN_06578,Whitefield,2020-08-08,21,0,1,1,1,1,0,1,1,1,0.0,0.299679,1,0.0,1,6,1,18,0.4017,0.7837,RED,42,Bengaluru
CLM0028073,BEN_05634,Electronic City,2020-07-06,8,0,1,1,1,1,0,1,0,1,0.0,1.0,0,1.0,1,5,1,18,0.5034,0.7978,RED,41,Bengaluru
CLM0028074,BEN_08851,Koramangala,2025-02-26,19,0,1,1,1,0,1,0,1,1,0.0,1.0,0,1.0,0,5,2,18,0.365,0.5976,YELLOW,66,Bengaluru
CLM0028075,BEN_01735,Koramangala,2025-06-23,14,0,1,1,1,0,1,1,1,1,0.0,0.139929,0,0.0,0,5,0,18,0.378,0.721,RED,55,Bengaluru
CLM0028076,BEN_07258,Whitefield,2022-10-14,13,0,1,1,1,1,0,1,0,0,1.0,0.286299,0,1.0,1,37,2,18,0.1851,0.5171,YELLOW,37,Bengaluru
CLM0028077,BEN_09432,Jayanagar,2023-08-01,11,0,1,1,0,0,0,0,0,0,0.0,0.303446,0,0.0,0,73,1,2,0.767,0.7345,RED,43,Bengaluru
CLM0028078,BEN_04379,Koramangala,2023-07-25,20,0,1,1,1,1,1,0,1,1,0.0,0.239521,1,0.0,0,5,2,18,0.8878,0.8056,RED,66,Bengaluru
CLM0028079,BEN_06733,BTM Layout,2024-02-28,19,0,0,0,0,0,0,0,0,0,0.0,0.336161,0,0.0,1,294,4,3,0.8279,0.1312,GREEN,42,Bengaluru
CLM0028080,BEN_00849,Jayanagar,2025-08-07,7,0,0,0,0,0,0,0,0,0,0.0,0.188084,0,0.0,0,121,3,1,0.4132,0.0,GREEN,22,Bengaluru
CLM0028081,BEN_04901,Koramangala,2024-01-02,14,0,0,0,0,0,0,1,0,0,0.0,0.142093,0,0.0,0,105,0,2,0.6485,0.1448,GREEN,60,Bengaluru
CLM0028082,BEN_02451,BTM Layout,2024-06-20,20,0,0,0,0,0,0,0,1,0,0.0,0.173677,0,0.0,0,96,4,2,0.6245,0.1217,GREEN,46,Bengaluru
CLM0028083,BEN_01440,Indiranagar,2025-08-10,8,0,0,0,0,0,0,0,0,0,0.0,0.0,0,0.0,0,72,2,0,0.98,0.0436,GREEN,24,Bengaluru
CLM0028084,BEN_06448,Jayanagar,2024-05-14,15,0,0,0,0,0,0,0,0,0,0.0,1.0,0,0.0,0,153,0,0,0.6418,0.1233,GREEN,37,Bengaluru
CLM0028085,BEN_06041,Marathahalli,2025-11-20,20,0,0,0,0,0,0,0,0,0,0.0,0.037138,0,0.0,0,274,2,2,0.6174,0.0,GREEN,55,Bengaluru
CLM0028086,BEN_06752,Yelahanka,2025-09-07,12,0,0,0,0,0,0,0,0,0,1.0,0.123673,0,0.0,0,215,0,3,0.513,0.0137,GREEN,32,Bengaluru
CLM0028087,BEN_04790,BTM Layout,2023-09-06,8,0,0,0,0,0,0,0,0,0,0.0,0.232547,0,0.0,0,326,3,0,0.5193,0.1148,GREEN,34,Bengaluru
CLM0028088,BEN_04956,Indiranagar,2025-01-11,7,0,0,0,0,0,0,0,0,0,0.0,0.18697,0,0.0,0,262,3,2,0.6975,0.0,GREEN,54,Bengaluru
CLM0028089,BEN_05759,Jayanagar,2024-08-27,7,0,0,0,0,0,0,0,0,0,0.0,0.162169,0,0.0,0,99,0,0,0.98,0.0132,GREEN,33,Bengaluru
CLM0028090,BEN_07636,HSR Layout,2025-08-10,17,0,0,0,0,0,0,1,0,0,0.0,0.905232,0,0.0,0,420,4,2,0.9421,0.1354,GREEN,58,Bengaluru
CLM0028091,BEN_02484,Marathahalli,2025-11-19,18,0,0,0,0,1,0,0,0,0,0.0,0.311176,1,0.0,0,167,1,3,0.7905,0.1581,GREEN,41,Bengaluru
CLM0028092,BEN_08269,Indiranagar,2022-09-16,14,0,0,0,0,0,0,0,1,0,0.0,0.058007,0,0.0,0,411,2,3,0.8709,0.1635,GREEN,18,Bengaluru
CLM0028093,BEN_02870,Koramangala,2024-03-22,16,0,0,0,0,1,0,0,1,0,0.0,0.174599,0,0.0,0,301,2,5,0.7671,0.224,GREEN,47,Bengaluru
CLM0028094,BEN_02414,Whitefield,2023-11-07,18,0,0,0,0,0,0,0,0,0,0.0,0.286258,0,1.0,0,420,2,3,0.9168,0.021,GREEN,37,Bengaluru
CLM0028095,BEN_01135,Indiranagar,2024-10-19,15,0,0,0,0,0,0,0,0,0,0.0,0.144504,0,0.0,0,140,3,3,0.7301,0.0,GREEN,30,Bengaluru
CLM0028096,BEN_02162,Yelahanka,2024-08-15,16,0,0,0,0,0,0,0,0,0,0.0,0.302093,0,0.0,0,420,1,3,0.3488,0.0561,GREEN,40,Bengaluru
CLM0028097,BEN_08752,HSR Layout,2023-01-06,10,0,0,0,0,1,1,1,1,1,1.0,0.988321,0,1.0,0,29,1,18,0.154,0.0386,GREEN,66,Bengaluru
CLM0028098,BEN_08299,Rajajinagar,2023-09-09,13,0,0,0,0,0,0,1,0,0,0.0,1.0,0,0.0,0,420,3,0,0.9315,0.0473,GREEN,59,Bengaluru
CLM0028099,BEN_03134,Jayanagar,2025-08-02,12,0,0,0,0,0,0,0,0,0,0.0,0.520122,0,0.0,0,271,1,1,0.4152,0.0,GREEN,45,Bengaluru
CLM0028100,BEN_09402,Marathahalli,2022-06-08,7,0,0,0,1,0,0,1,1,1,0.0,0.128939,0,0.0,1,39,3,18,0.7987,0.0634,GREEN,38,Bengaluru
CLM0028101,BEN_08692,HSR Layout,2025-07-02,19,0,0,0,0,0,0,0,0,0,0.0,0.196456,0,0.0,0,322,2,3,0.7158,0.1446,GREEN,50,Bengaluru
CLM0028102,BEN_01482,HSR Layout,2021-04-24,17,0,0,0,0,0,0,1,0,0,0.0,0.368664,1,0.0,0,420,3,5,0.7158,0.2464,GREEN,54,Bengaluru
CLM0028103,BEN_06798,Indiranagar,2024-09-07,7,0,0,0,0,0,0,0,0,1,0.0,0.028601,0,0.0,0,219,3,0,0.9179,0.147,GREEN,32,Bengaluru
CLM0028104,BEN_06845,Rajajinagar,2021-07-23,11,0,0,0,0,0,0,0,0,0,0.0,0.290637,0,0.0,0,39,3,6,0.8114,0.1012,GREEN,59,Bengaluru
CLM0028105,BEN_00603,Marathahalli,2022-08-11,17,0,1,1,0,0,0,0,1,0,0.0,1.0,0,0.0,0,108,3,0,0.9119,0.0316,GREEN,47,Bengaluru
CLM0028106,BEN_05580,Rajajinagar,2023-11-23,7,0,1,1,0,0,0,0,1,0,0.0,0.379363,0,0.0,0,242,2,2,0.8717,0.0,GREEN,39,Bengaluru
CLM0028107,BEN_01006,Yelahanka,2018-09-13,7,0,0,0,0,0,0,0,0,0,0.0,0.39097,0,0.0,0,214,3,3,0.6582,0.0,GREEN,38,Bengaluru
CLM0028108,BEN_00780,Yelahanka,2019-01-25,15,0,0,0,0,0,0,0,0,0,0.0,0.092693,0,0.0,0,220,2,0,0.7767,0.0,GREEN,47,Bengaluru
CLM0028109,BEN_03877,Indiranagar,2018-10-01,15,0,0,0,0,0,0,0,0,0,0.0,0.213661,0,0.0,0,270,0,2,0.98,0.0106,GREEN,50,Bengaluru
CLM0028110,BEN_02794,Electronic City,2021-02-07,14,0,0,0,0,0,0,0,0,0,0.0,0.026475,0,0.0,0,61,3,1,0.7602,0.0144,GREEN,29,Bengaluru
CLM0028111,BEN_04524,Jayanagar,2018-10-02,20,0,0,0,0,0,0,0,0,0,0.0,0.249651,0,0.0,0,130,4,4,0.7593,0.0,GREEN,51,Bengaluru
CLM0028112,BEN_03438,Indiranagar,2019-02-17,12,0,0,0,0,0,0,0,0,0,0.0,0.258079,0,0.0,0,136,4,0,0.0715,0.0,GREEN,43,Bengaluru
CLM0028113,BEN_08148,BTM Layout,2018-12-24,21,0,0,0,0,0,0,0,0,0,0.0,0.066784,0,0.0,0,333,0,0,0.7364,0.0802,GREEN,51,Bengaluru
CLM0028114,BEN_00253,BTM Layout,2025-09-15,19,0,0,0,0,0,0,0,0,0,0.0,0.317524,0,0.0,0,92,4,4,0.9587,0.0,GREEN,58,Bengaluru
CLM0028115,BEN_08351,Yelahanka,2019-02-16,14,0,0,0,0,0,0,0,0,0,0.0,0.938491,0,0.0,0,163,2,0,0.7607,0.0461,GREEN,50,Bengaluru
CLM0028116,BEN_02008,Indiranagar,2021-12-05,9,1,0,0,1,0,0,0,0,0,0.0,0.261394,0,0.0,0,420,4,5,0.7928,0.2236,GREEN,63,Bengaluru
CLM0028117,BEN_02951,Indiranagar,2023-03-29,14,0,0,0,0,0,0,1,0,0,0.0,0.345629,0,0.0,0,208,2,5,0.8597,0.1083,GREEN,28,Bengaluru
CLM0028118,BEN_02964,Rajajinagar,2021-05-19,9,0,0,0,0,1,0,0,0,0,1.0,0.97601,0,1.0,0,25,2,4,0.8063,0.1684,GREEN,40,Bengaluru
CLM0028119,BEN_05891,Indiranagar,2023-07-08,16,0,0,0,0,0,0,0,0,0,0.0,0.214075,0,0.0,0,324,2,4,0.5114,0.0,GREEN,53,Bengaluru
CLM0028120,BEN_07959,Indiranagar,2025-09-29,12,0,0,0,0,0,0,0,0,0,0.0,0.034148,0,0.0,0,350,3,2,0.0576,0.0727,GREEN,59,Bengaluru
CLM0028121,BEN_04196,Marathahalli,2021-12-03,20,0,0,0,0,0,0,0,1,0,0.0,0.148777,0,0.0,0,276,1,0,0.4797,0.0489,GREEN,38,Bengaluru
CLM0028122,BEN_07116,Koramangala,2024-05-20,21,0,0,0,0,0,0,0,0,0,1.0,0.031147,0,0.0,0,394,0,6,0.8025,0.0615,GREEN,35,Bengaluru
CLM0028123,BEN_01917,Yelahanka,2025-04-17,14,0,1,1,1,1,1,1,0,1,1.0,1.0,0,1.0,0,5,1,18,0.2458,0.0958,GREEN,42,Bengaluru
CLM0028124,BEN_07770,BTM Layout,2022-05-21,10,0,0,0,0,0,1,0,0,0,0.0,0.20091,0,0.0,0,96,4,1,0.5335,0.0822,GREEN,48,Bengaluru
CLM0028125,BEN_02707,Yelahanka,2021-02-27,18,0,0,0,1,1,0,1,1,0,1.0,0.741151,0,1.0,1,5,4,13,0.9266,0.0079,GREEN,49,Bengaluru
CLM0028126,BEN_04819,HSR Layout,2022-03-25,8,0,0,0,0,0,0,0,0,0,0.0,0.304134,0,0.0,0,409,0,2,0.2503,0.0,GREEN,60,Bengaluru
CLM0028127,BEN_06008,Yelahanka,2023-11-04,7,0,0,0,0,0,0,0,1,0,0.0,0.045406,0,0.0,0,420,0,0,0.8414,0.0488,GREEN,52,Bengaluru
CLM0028128,BEN_04663,Rajajinagar,2024-09-07,11,0,0,0,0,0,0,0,0,0,0.0,0.23558,0,0.0,0,270,4,2,0.98,0.0505,GREEN,62,Bengaluru
CLM0028129,BEN_02764,BTM Layout,2024-01-05,12,0,0,0,0,0,0,1,0,0,0.0,0.347221,0,0.0,0,120,3,0,0.5883,0.0475,GREEN,44,Bengaluru
CLM0028130,BEN_04047,Whitefield,2024-05-05,9,0,0,0,0,0,0,0,0,0,0.0,0.06016,0,0.0,0,261,1,0,0.1352,0.1486,GREEN,31,Bengaluru
CLM0028131,BEN_06975,Koramangala,2025-01-23,15,0,0,0,0,0,0,0,0,0,0.0,0.244579,0,0.0,0,173,4,6,0.696,0.0,GREEN,43,Bengaluru
CLM0028132,BEN_04456,Indiranagar,2022-05-27,16,0,0,0,0,0,0,0,0,0,0.0,0.058181,0,0.0,0,188,0,2,0.5043,0.0387,GREEN,47,Bengaluru
CLM0028133,BEN_04844,Indiranagar,2023-06-20,18,0,1,1,1,0,1,0,1,1,0.0,1.0,0,1.0,0,5,1,18,0.2055,0.1732,GREEN,43,Bengaluru
CLM0028134,BEN_05117,HSR Layout,2023-07-25,19,0,0,0,0,0,0,0,0,0,0.0,0.215007,0,0.0,0,244,0,5,0.05,0.1081,GREEN,38,Bengaluru
CLM0028135,BEN_06247,Rajajinagar,2025-02-06,7,0,0,0,0,0,0,0,1,0,0.0,0.003222,0,0.0,0,411,0,3,0.7942,0.0561,GREEN,44,Bengaluru
CLM0028136,BEN_04824,Electronic City,2018-12-27,8,0,0,0,0,0,0,0,0,0,0.0,0.098153,0,0.0,0,246,0,3,0.8978,0.0,GREEN,51,Bengaluru
CLM0028137,BEN_02766,Electronic City,2024-09-27,8,0,0,0,0,0,0,0,0,0,1.0,0.376401,0,0.0,0,420,2,2,0.9032,0.1048,GREEN,42,Bengaluru
CLM0028138,BEN_06698,Jayanagar,2025-01-04,8,0,0,0,0,0,0,0,0,0,0.0,0.094111,0,0.0,0,341,1,4,0.4977,0.0132,GREEN,36,Bengaluru
CLM0028139,BEN_02087,Yelahanka,2022-11-27,21,0,0,0,0,0,0,0,0,0,0.0,0.239971,0,0.0,0,333,0,3,0.643,0.017,GREEN,43,Bengaluru
CLM0028140,BEN_03984,Koramangala,2021-04-18,8,0,1,1,0,0,0,0,0,0,1.0,0.222134,0,0.0,0,33,0,1,0.8778,0.11,GREEN,35,Bengaluru
CLM0028141,BEN_07144,Jayanagar,2019-09-15,18,0,0,0,0,0,0,0,0,0,0.0,0.067788,0,0.0,0,381,0,2,0.5359,0.0,GREEN,30,Bengaluru
CLM0028142,BEN_05106,Yelahanka,2022-10-14,8,0,0,0,0,0,0,0,0,0,0.0,0.246496,0,0.0,0,69,3,0,0.7535,0.0813,GREEN,39,Bengaluru
CLM0028143,BEN_08235,Yelahanka,2023-02-26,12,0,0,0,0,0,0,0,0,0,1.0,0.194553,0,0.0,0,218,3,3,0.962,0.0292,GREEN,42,Bengaluru
CLM0028144,BEN_05143,Yelahanka,2020-05-15,17,0,1,1,0,1,0,0,0,0,0.0,0.0,0,0.0,0,248,2,2,0.8112,0.1592,GREEN,37,Bengaluru
CLM0028145,BEN_02038,Rajajinagar,2024-01-08,9,0,0,0,0,0,0,0,0,0,0.0,0.333885,0,0.0,0,349,3,4,0.615,0.1258,GREEN,31,Bengaluru
CLM0028146,BEN_05598,Whitefield,2025-11-28,18,0,0,0,0,0,0,0,0,0,0.0,0.263205,0,0.0,0,298,2,2,0.855,0.0,GREEN,51,Bengaluru
CLM0028147,BEN_02399,Indiranagar,2023-09-15,20,0,0,0,0,0,0,0,0,0,0.0,0.35887,1,1.0,0,114,2,2,0.0713,0.1232,GREEN,32,Bengaluru
CLM0028148,BEN_06204,Indiranagar,2022-03-11,12,0,0,0,0,0,0,0,0,0,0.0,0.044222,0,0.0,0,420,0,2,0.8089,0.0371,GREEN,60,Bengaluru
CLM0028149,BEN_07422,Whitefield,2024-03-08,20,0,0,0,0,0,1,0,0,0,0.0,0.063167,0,0.0,0,64,2,2,0.5869,0.1775,GREEN,44,Bengaluru
CLM0028150,BEN_00637,BTM Layout,2022-07-11,13,0,0,0,0,0,0,0,0,0,0.0,0.418366,0,0.0,0,420,0,1,0.98,0.0128,GREEN,53,Bengaluru
CLM0028151,BEN_08676,Marathahalli,2024-04-28,10,0,0,0,0,0,1,0,0,0,0.0,0.913313,0,0.0,0,172,1,4,0.7446,0.0593,GREEN,41,Bengaluru
CLM0028152,BEN_06322,HSR Layout,2025-12-17,11,0,0,0,0,0,0,0,0,0,0.0,0.16877,0,0.0,0,217,3,0,0.8739,0.0,GREEN,32,Bengaluru
CLM0028153,BEN_09402,Marathahalli,2024-05-22,18,0,0,0,0,0,0,0,0,0,0.0,0.240914,0,0.0,0,291,2,2,0.9534,0.019,GREEN,38,Bengaluru
CLM0028154,BEN_08497,Jayanagar,2025-06-25,19,0,1,1,0,0,0,0,1,0,0.0,0.172808,0,0.0,0,70,2,4,0.7926,0.0893,GREEN,35,Bengaluru
CLM0028155,BEN_03020,Indiranagar,2022-12-20,15,0,0,0,1,0,0,0,0,0,0.0,0.094968,0,0.0,0,420,0,5,0.689,0.2264,GREEN,49,Bengaluru
CLM0028156,BEN_03589,Jayanagar,2024-08-22,19,0,0,0,0,0,0,0,0,0,0.0,0.46698,0,0.0,0,187,2,0,0.05,0.0067,GREEN,38,Bengaluru
CLM0028157,BEN_08806,Koramangala,2025-01-30,18,0,0,0,0,0,1,0,0,0,0.0,0.144401,0,0.0,0,377,1,0,0.6842,0.1463,GREEN,34,Bengaluru
CLM0028158,BEN_00272,Yelahanka,2024-10-11,13,0,0,0,0,0,0,0,0,0,1.0,0.940174,0,1.0,0,420,0,3,0.9005,0.0,GREEN,23,Bengaluru
CLM0028159,BEN_07032,BTM Layout,2023-07-30,8,0,0,0,0,0,0,0,0,1,0.0,0.388,0,0.0,0,304,3,1,0.7845,0.1328,GREEN,42,Bengaluru
CLM0028160,BEN_03580,BTM Layout,2017-12-20,9,0,0,0,0,0,0,0,1,0,0.0,0.068813,0,0.0,0,259,0,0,0.8907,0.1395,GREEN,51,Bengaluru
CLM0028161,BEN_01495,Whitefield,2023-03-20,20,0,0,0,0,0,0,0,0,0,0.0,0.380584,0,0.0,0,15,4,1,0.7698,0.0,GREEN,33,Bengaluru
CLM0028162,BEN_07793,Jayanagar,2015-09-03,20,0,0,0,0,0,0,0,1,0,0.0,0.337187,0,0.0,0,187,4,3,0.5113,0.0468,GREEN,44,Bengaluru
CLM0028163,BEN_09891,Indiranagar,2018-12-22,12,0,1,1,0,1,0,0,0,0,0.0,1.0,0,0.0,0,272,0,5,0.5217,0.0495,GREEN,46,Bengaluru
CLM0028164,BEN_07409,Yelahanka,2023-06-16,15,0,0,0,0,0,0,1,0,0,0.0,0.12722,0,0.0,0,143,4,4,0.5107,0.1439,GREEN,46,Bengaluru
CLM0028165,BEN_03812,BTM Layout,2025-07-21,15,0,0,0,1,0,0,0,0,0,0.0,0.302182,0,0.0,0,19,4,6,0.9354,0.2427,GREEN,61,Bengaluru
CLM0028166,BEN_00341,Whitefield,2021-04-25,18,0,0,0,0,0,0,0,0,0,0.0,0.427056,0,0.0,0,420,1,1,0.5772,0.039,GREEN,53,Bengaluru
CLM0028167,BEN_04145,Marathahalli,2021-11-27,19,0,0,0,0,0,0,0,0,0,0.0,0.075519,0,0.0,0,15,4,1,0.05,0.0619,GREEN,62,Bengaluru
CLM0028168,BEN_07339,BTM Layout,2023-05-28,10,0,0,0,0,0,0,1,0,0,0.0,0.991211,0,0.0,0,112,1,5,0.6683,0.0351,GREEN,48,Bengaluru
CLM0028169,BEN_09525,Electronic City,2022-04-01,14,0,0,0,0,1,0,0,0,0,0.0,0.879214,0,0.0,0,112,4,2,0.9157,0.1005,GREEN,52,Bengaluru
CLM0028170,BEN_05672,BTM Layout,2018-10-06,14,0,0,0,0,0,0,0,0,0,0.0,0.323785,0,0.0,0,55,2,2,0.78,0.0,GREEN,37,Bengaluru
CLM0028171,BEN_03851,Indiranagar,2024-07-31,8,0,0,0,0,0,0,1,0,1,0.0,0.287381,0,0.0,0,420,4,4,0.801,0.0815,GREEN,42,Bengaluru
CLM0028172,BEN_03651,Yelahanka,2018-10-26,11,0,0,0,0,0,0,0,0,0,0.0,1.0,0,0.0,0,182,0,1,0.8098,0.0238,GREEN,32,Bengaluru
CLM0028173,BEN_08002,Jayanagar,2022-01-06,10,0,0,0,0,0,0,0,0,0,0.0,0.0,0,0.0,0,201,1,1,0.6857,0.0,GREEN,29,Bengaluru
CLM0028174,BEN_02256,HSR Layout,2020-09-16,19,0,0,0,1,0,1,0,0,0,0.0,0.907751,0,0.0,0,8,4,18,0.303,0.1522,GREEN,44,Bengaluru
CLM0028175,BEN_01816,Whitefield,2023-05-14,9,0,0,0,0,0,0,0,0,0,0.0,0.0,1,0.0,0,46,1,6,0.6778,0.0175,GREEN,42,Bengaluru
CLM0028176,BEN_03095,BTM Layout,2023-06-04,20,0,0,0,0,0,0,0,0,0,0.0,0.233822,0,0.0,0,420,0,1,0.5024,0.0,GREEN,58,Bengaluru
CLM0028177,BEN_04612,Koramangala,2023-01-11,19,0,0,0,0,0,0,0,0,0,0.0,0.920002,0,0.0,0,396,3,1,0.5863,0.0647,GREEN,47,Bengaluru
CLM0028178,BEN_05440,Jayanagar,2023-05-05,13,0,0,0,0,0,0,0,0,0,0.0,0.136317,0,0.0,0,306,4,0,0.618,0.0437,GREEN,51,Bengaluru
CLM0028179,BEN_01211,BTM Layout,2023-07-13,15,0,0,0,0,0,0,0,0,0,0.0,0.229566,0,0.0,0,385,0,2,0.8909,0.0707,GREEN,57,Bengaluru
CLM0028180,BEN_07976,Koramangala,2025-08-18,16,0,0,0,0,0,0,0,0,0,0.0,0.169462,0,0.0,0,373,4,5,0.8609,0.0,GREEN,58,Bengaluru
CLM0028181,BEN_05301,Electronic City,2023-03-21,14,0,0,0,0,0,1,0,0,0,0.0,0.111313,0,0.0,0,405,1,1,0.9444,0.0,GREEN,45,Bengaluru
CLM0028182,BEN_04681,Koramangala,2022-06-04,20,0,0,0,0,0,0,0,0,0,0.0,0.243176,0,0.0,0,247,2,2,0.6668,0.0,GREEN,57,Bengaluru
CLM0028183,BEN_07401,BTM Layout,2024-10-09,17,0,1,1,0,0,0,0,0,0,0.0,0.034577,0,0.0,0,339,0,5,0.9367,0.0419,GREEN,52,Bengaluru
CLM0028184,BEN_08373,Marathahalli,2022-01-16,9,0,0,0,0,0,0,0,0,0,0.0,0.188456,0,0.0,0,420,4,0,0.664,0.0,GREEN,61,Bengaluru
CLM0028185,BEN_09642,BTM Layout,2025-10-26,17,0,0,0,0,0,0,0,0,0,1.0,0.009684,0,0.0,0,75,1,3,0.6973,0.0082,GREEN,63,Bengaluru
CLM0028186,BEN_01145,Rajajinagar,2021-04-02,18,0,0,0,0,0,0,0,0,0,0.0,0.043524,0,0.0,0,193,1,2,0.6958,0.0536,GREEN,41,Bengaluru
CLM0028187,BEN_02835,Jayanagar,2020-10-20,9,0,0,0,0,1,1,1,1,1,1.0,1.0,0,1.0,1,24,1,18,0.05,0.1622,GREEN,43,Bengaluru
CLM0028188,BEN_04401,Whitefield,2025-11-26,15,0,0,0,0,0,0,0,0,0,0.0,0.403782,0,0.0,0,46,4,6,0.5598,0.0,GREEN,51,Bengaluru
CLM0028189,BEN_04941,BTM Layout,2020-10-31,20,0,0,0,0,0,1,1,1,0,0.0,0.230468,1,0.0,0,196,2,2,0.6261,0.3292,YELLOW,31,Bengaluru
CLM0028190,BEN_03200,Koramangala,2024-12-09,21,0,0,0,0,0,0,0,0,0,0.0,0.213655,0,0.0,0,129,3,7,0.7775,0.0186,GREEN,51,Bengaluru
CLM0028191,BEN_09558,Rajajinagar,2025-04-11,19,0,0,0,0,0,0,0,0,0,0.0,0.352142,0,0.0,0,326,1,5,0.2261,0.056,GREEN,32,Bengaluru
CLM0028192,BEN_09394,Rajajinagar,2025-03-11,19,0,0,0,0,0,0,0,0,0,0.0,0.001672,0,0.0,0,377,4,3,0.6362,0.0098,GREEN,46,Bengaluru
CLM0028193,BEN_01464,HSR Layout,2023-02-27,9,0,0,0,0,0,0,0,0,0,0.0,0.393728,0,0.0,0,165,0,5,0.1166,0.0,GREEN,45,Bengaluru
CLM0028194,BEN_06213,Rajajinagar,2022-08-13,19,0,0,0,0,0,0,0,0,0,0.0,0.069284,0,0.0,0,296,1,0,0.4419,0.0,GREEN,51,Bengaluru
CLM0028195,BEN_03737,Marathahalli,2020-07-15,18,0,0,0,0,0,0,0,0,0,0.0,0.397039,0,0.0,0,417,2,3,0.3542,0.0,GREEN,35,Bengaluru
CLM0028196,BEN_05175,HSR Layout,2019-09-07,8,0,0,0,1,0,0,0,0,0,0.0,0.058413,0,0.0,0,7,0,0,0.663,0.1341,GREEN,56,Bengaluru
CLM0028197,BEN_02570,Whitefield,2019-08-11,9,0,0,0,0,0,0,1,0,1,0.0,0.08174,0,0.0,0,197,3,3,0.98,0.1269,GREEN,35,Bengaluru
CLM0028198,BEN_09105,HSR Layout,2019-11-22,17,0,1,1,0,0,0,0,0,0,0.0,0.214487,0,0.0,0,237,4,4,0.98,0.0752,GREEN,59,Bengaluru
CLM0028199,BEN_02568,Rajajinagar,2023-04-09,13,0,0,0,0,0,1,0,0,0,0.0,0.184523,0,0.0,0,85,4,0,0.585,0.1928,GREEN,38,Bengaluru
CLM0028200,BEN_07879,Yelahanka,2022-07-14,17,0,0,0,0,0,0,0,0,0,1.0,0.230512,0,1.0,0,293,2,1,0.5104,0.0759,GREEN,39,Bengaluru
CLM0028201,BEN_08479,HSR Layout,2025-02-06,19,0,0,0,0,0,0,0,0,0,1.0,0.037115,0,1.0,0,49,2,2,0.2474,0.0555,GREEN,46,Bengaluru
CLM0028202,BEN_02549,Marathahalli,2021-06-16,15,0,0,0,0,0,0,0,0,0,0.0,0.185091,0,0.0,0,172,4,3,0.7672,0.0108,GREEN,54,Bengaluru
CLM0028203,BEN_09641,Electronic City,2019-05-19,15,0,0,0,0,0,1,0,0,0,0.0,0.298057,0,0.0,0,420,0,1,0.8894,0.0,GREEN,49,Bengaluru
CLM0028204,BEN_09320,Indiranagar,2020-02-19,7,0,0,0,0,1,0,0,0,0,0.0,0.270881,0,0.0,0,420,3,7,0.3552,0.1155,GREEN,25,Bengaluru
CLM0028205,BEN_08073,Rajajinagar,2025-10-30,9,0,0,0,0,0,0,1,0,0,0.0,0.212603,0,0.0,0,99,3,5,0.5712,0.1121,GREEN,47,Bengaluru
CLM0028206,BEN_03386,Koramangala,2024-11-27,14,0,0,0,0,0,0,0,0,0,0.0,0.188413,0,0.0,0,235,0,5,0.2772,0.0396,GREEN,61,Bengaluru
CLM0028207,BEN_02706,Jayanagar,2025-12-28,16,0,0,0,0,0,0,0,0,0,0.0,0.330101,0,0.0,0,293,3,2,0.682,0.0,GREEN,62,Bengaluru
CLM0028208,BEN_01248,Yelahanka,2024-06-19,7,0,0,0,0,0,0,0,0,0,0.0,0.249205,0,1.0,0,133,0,0,0.7421,0.0,GREEN,50,Bengaluru
CLM0028209,BEN_04890,Yelahanka,2024-08-01,13,0,0,0,0,0,0,0,0,0,0.0,0.290103,0,0.0,0,158,2,4,0.98,0.086,GREEN,53,Bengaluru
CLM0028210,BEN_03003,Electronic City,2025-11-13,7,0,0,0,0,0,0,0,0,0,0.0,1.0,0,0.0,0,98,0,4,0.5678,0.0186,GREEN,28,Bengaluru
CLM0028211,BEN_02322,HSR Layout,2024-04-10,11,0,0,0,0,0,0,0,0,0,0.0,0.110154,0,0.0,0,117,3,4,0.4748,0.0062,GREEN,43,Bengaluru
CLM0028212,BEN_01246,Jayanagar,2025-12-10,12,0,0,0,0,0,0,0,0,0,1.0,0.231904,0,0.0,0,118,2,4,0.98,0.0416,GREEN,26,Bengaluru
CLM0028213,BEN_08494,BTM Layout,2020-11-12,9,1,0,0,0,0,0,0,0,0,0.0,0.078291,0,0.0,0,40,0,3,0.9114,0.0174,GREEN,59,Bengaluru
CLM0028214,BEN_00401,Koramangala,2022-10-15,10,0,0,0,0,0,0,0,0,0,0.0,0.0,0,0.0,0,399,2,4,0.2715,0.0897,GREEN,49,Bengaluru
CLM0028215,BEN_08137,BTM Layout,2016-10-16,8,0,0,0,0,0,0,0,0,0,0.0,0.31689,0,0.0,0,186,1,0,0.2936,0.0594,GREEN,45,Bengaluru
CLM0028216,BEN_09816,HSR Layout,2023-11-28,14,0,0,0,0,0,0,0,0,0,0.0,0.203325,0,0.0,0,259,3,0,0.7406,0.0604,GREEN,46,Bengaluru
CLM0028217,BEN_07787,Rajajinagar,2019-01-07,11,0,0,0,0,0,0,1,0,0,0.0,0.041934,0,0.0,0,282,0,4,0.7066,0.1385,GREEN,31,Bengaluru
CLM0028218,BEN_00402,Koramangala,2017-04-27,11,0,0,0,0,0,0,0,0,0,0.0,1.0,0,0.0,0,154,4,2,0.8447,0.0232,GREEN,34,Bengaluru
CLM0028219,BEN_04213,Jayanagar,2025-03-08,9,0,0,0,0,0,0,0,0,0,1.0,0.0,0,0.0,0,266,4,1,0.7749,0.0985,GREEN,31,Bengaluru
CLM0028220,BEN_09617,Koramangala,2018-10-25,14,0,0,0,0,0,0,0,0,0,0.0,0.0,0,0.0,0,420,4,0,0.2351,0.0,GREEN,40,Bengaluru
CLM0028221,BEN_00782,Electronic City,2024-02-20,11,0,0,0,0,0,0,0,0,0,0.0,0.264438,0,0.0,0,395,3,0,0.7552,0.0411,GREEN,33,Bengaluru
CLM0028222,BEN_09854,Electronic City,2023-07-05,19,0,0,0,0,0,0,0,0,0,1.0,0.157532,0,0.0,0,155,2,5,0.7474,0.0177,GREEN,50,Bengaluru
CLM0028223,BEN_01887,Jayanagar,2025-07-04,21,0,0,0,0,0,0,0,0,0,0.0,0.151024,1,0.0,0,420,1,2,0.9498,0.0114,GREEN,32,Bengaluru
CLM0028224,BEN_00431,BTM Layout,2021-02-07,20,0,0,0,0,0,0,0,0,0,0.0,0.028695,0,0.0,0,420,4,0,0.1298,0.0212,GREEN,36,Bengaluru
CLM0028225,BEN_02857,BTM Layout,2024-02-26,7,0,0,0,0,0,0,0,1,0,1.0,1.0,0,1.0,0,284,0,2,0.2026,0.0584,GREEN,47,Bengaluru
CLM0028226,BEN_04794,Electronic City,2025-10-08,9,0,0,0,0,0,0,0,0,0,0.0,0.0,0,0.0,0,268,3,4,0.8218,0.0169,GREEN,51,Bengaluru
CLM0028227,BEN_00806,Marathahalli,2018-07-02,13,0,0,0,0,1,0,0,1,0,1.0,0.26477,0,0.0,0,102,1,3,0.1499,0.3199,YELLOW,47,Bengaluru
CLM0028228,BEN_05990,Yelahanka,2024-07-27,8,0,0,0,0,0,0,0,0,0,1.0,0.031801,0,0.0,0,292,0,0,0.5743,0.1206,GREEN,43,Bengaluru
CLM0028229,BEN_05659,Jayanagar,2025-08-25,18,0,0,0,0,0,0,0,0,0,0.0,0.335616,0,0.0,0,168,1,8,0.6295,0.0966,GREEN,45,Bengaluru
CLM0028230,BEN_04518,Indiranagar,2023-08-02,10,0,0,0,0,0,0,0,0,0,0.0,0.980759,0,0.0,0,263,3,0,0.4858,0.0266,GREEN,53,Bengaluru
CLM0028231,BEN_05949,Jayanagar,2018-11-23,15,0,0,0,0,1,0,1,1,0,1.0,0.046589,0,1.0,1,13,3,18,0.3163,0.16,GREEN,61,Bengaluru
CLM0028232,BEN_06663,HSR Layout,2019-08-17,18,0,0,0,0,0,0,0,0,0,0.0,0.355855,0,1.0,0,124,2,1,0.8675,0.0216,GREEN,58,Bengaluru
CLM0028233,BEN_00725,Jayanagar,2019-07-27,21,0,0,0,0,0,0,0,0,0,0.0,0.386818,0,0.0,0,242,3,0,0.4556,0.0841,GREEN,70,Bengaluru
CLM0028234,BEN_07403,BTM Layout,2018-03-04,10,0,0,0,0,0,1,0,0,0,1.0,1.0,0,1.0,0,245,4,2,0.7388,0.0204,GREEN,48,Bengaluru
CLM0028235,BEN_09404,Jayanagar,2023-11-02,19,0,0,0,0,0,0,0,0,0,0.0,0.257254,0,0.0,0,420,0,2,0.1183,0.0,GREEN,44,Bengaluru
CLM0028236,BEN_07295,Electronic City,2023-01-14,11,0,0,0,0,0,0,0,0,0,0.0,1.0,0,0.0,1,420,2,0,0.0933,0.0415,GREEN,40,Bengaluru
CLM0028237,BEN_07605,BTM Layout,2022-10-14,7,0,0,0,0,0,0,0,0,0,0.0,0.08758,0,0.0,0,152,0,1,0.2305,0.0,GREEN,44,Bengaluru
CLM0028238,BEN_03367,Whitefield,2024-01-02,21,0,0,0,0,0,0,0,0,0,0.0,0.24373,0,0.0,0,420,3,0,0.6449,0.0,GREEN,43,Bengaluru
CLM0028239,BEN_09883,Marathahalli,2025-02-15,8,0,0,0,0,0,1,0,0,0,0.0,0.057203,0,0.0,0,65,4,3,0.05,0.2398,GREEN,48,Bengaluru
CLM0028240,BEN_06162,Jayanagar,2024-10-19,10,0,0,0,0,0,0,0,0,0,0.0,1.0,0,0.0,0,103,2,2,0.728,0.0676,GREEN,35,Bengaluru
CLM0028241,BEN_05521,Rajajinagar,2025-01-07,8,0,0,0,0,0,0,0,0,0,0.0,0.213415,0,0.0,0,149,4,4,0.98,0.0249,GREEN,33,Bengaluru
CLM0028242,BEN_06286,Whitefield,2025-10-06,13,0,0,0,0,0,0,0,0,0,0.0,0.261378,0,0.0,0,362,4,2,0.847,0.0,GREEN,49,Bengaluru
CLM0028243,BEN_00059,Jayanagar,2024-10-17,16,0,0,0,0,1,0,0,0,0,0.0,0.339907,0,0.0,0,179,0,1,0.7829,0.0879,GREEN,38,Bengaluru
CLM0028244,BEN_00510,Electronic City,2025-07-26,18,0,0,0,0,0,1,0,1,0,0.0,0.93932,0,0.0,0,172,4,2,0.8005,0.224,GREEN,45,Bengaluru
CLM0028245,BEN_05029,Jayanagar,2024-11-28,7,0,0,0,0,0,0,0,0,0,0.0,0.138995,0,0.0,1,322,0,4,0.8392,0.0293,GREEN,51,Bengaluru
CLM0028246,BEN_09343,Koramangala,2025-03-24,9,0,0,0,0,0,0,1,1,0,0.0,0.366547,0,0.0,0,223,2,5,0.5991,0.188,GREEN,42,Bengaluru
CLM0028247,BEN_09989,BTM Layout,2021-09-01,11,0,0,0,0,0,1,0,0,0,0.0,0.238294,0,0.0,0,330,2,3,0.2531,0.0842,GREEN,47,Bengaluru
CLM0028248,BEN_06519,Jayanagar,2025-08-29,10,0,0,0,0,0,1,1,0,0,0.0,1.0,0,0.0,0,335,3,4,0.129,0.226,GREEN,42,Bengaluru
CLM0028249,BEN_05003,Yelahanka,2021-10-04,9,0,0,0,0,0,0,0,0,0,0.0,0.401506,0,0.0,0,181,1,1,0.7249,0.0,GREEN,37,Bengaluru
CLM0028250,BEN_06647,Whitefield,2021-10-07,16,0,0,0,0,0,0,0,1,0,0.0,0.05946,1,0.0,0,154,0,0,0.7346,0.1641,GREEN,39,Bengaluru
CLM0028251,BEN_02551,Jayanagar,2025-08-02,20,0,0,0,0,0,0,0,0,0,0.0,0.365825,0,0.0,0,277,0,3,0.98,0.0,GREEN,27,Bengaluru
CLM0028252,BEN_06045,Koramangala,2025-12-08,21,0,1,1,0,0,1,0,1,0,0.0,0.149969,0,0.0,0,35,3,2,0.9203,0.201,GREEN,24,Bengaluru
CLM0028253,BEN_08576,Whitefield,2021-01-24,8,0,0,0,0,0,0,0,0,0,0.0,0.205065,0,0.0,0,272,3,0,0.5056,0.0476,GREEN,47,Bengaluru
CLM0028254,BEN_07055,HSR Layout,2024-12-08,16,0,0,0,0,0,0,0,0,0,0.0,0.134515,0,0.0,0,334,0,0,0.7202,0.0,GREEN,27,Bengaluru
CLM0028255,BEN_07252,Electronic City,2025-07-03,18,0,0,0,0,0,0,0,0,0,0.0,0.286274,0,0.0,0,74,2,1,0.1579,0.0,GREEN,46,Bengaluru
CLM0028256,BEN_09440,Indiranagar,2018-07-28,18,0,0,0,0,0,0,0,1,0,0.0,1.0,0,0.0,0,420,3,4,0.9246,0.1011,GREEN,55,Bengaluru
CLM0028257,BEN_04025,Electronic City,2022-04-19,13,0,0,0,0,0,0,0,0,0,0.0,0.071462,1,0.0,0,264,3,3,0.6423,0.0402,GREEN,37,Bengaluru
CLM0028258,BEN_08189,Jayanagar,2020-01-04,13,0,0,0,0,0,0,0,0,0,0.0,0.195734,0,0.0,0,57,4,0,0.4844,0.0,GREEN,55,Bengaluru
CLM0028259,BEN_04613,Yelahanka,2025-11-12,12,0,0,0,0,0,0,0,0,0,0.0,0.083152,0,0.0,0,397,0,3,0.7766,0.0366,GREEN,48,Bengaluru
CLM0028260,BEN_01139,Electronic City,2022-02-11,21,0,0,0,0,0,0,0,0,0,0.0,0.34552,1,0.0,0,180,1,5,0.8456,0.0632,GREEN,58,Bengaluru
CLM0028261,BEN_00560,Electronic City,2019-10-01,8,0,0,0,0,0,0,0,0,0,0.0,0.018877,0,0.0,0,200,1,3,0.7288,0.0132,GREEN,32,Bengaluru
CLM0028262,BEN_01211,BTM Layout,2022-09-18,21,0,0,0,0,0,0,0,0,1,0.0,0.968758,0,0.0,0,5,4,0,0.797,0.1189,GREEN,57,Bengaluru
CLM0028263,BEN_05502,Whitefield,2023-04-09,18,0,1,1,1,0,1,1,1,1,0.0,0.055728,1,0.0,1,58,2,18,0.9548,0.7446,RED,60,Bengaluru
CLM0028264,BEN_01628,Indiranagar,2025-06-13,17,0,1,1,1,0,0,0,1,0,1.0,0.336239,0,0.0,0,359,0,0,0.7916,0.5925,YELLOW,39,Bengaluru
CLM0028265,BEN_06579,BTM Layout,2022-04-18,7,0,1,1,1,1,0,1,1,1,0.0,0.021938,0,0.0,1,27,1,18,0.9632,0.7436,RED,62,Bengaluru
CLM0028266,BEN_00537,Jayanagar,2021-10-01,11,0,1,1,1,1,1,0,1,1,1.0,0.995163,0,0.0,1,38,2,13,0.7803,0.7177,RED,55,Bengaluru
CLM0028267,BEN_03195,HSR Layout,2022-04-05,10,0,1,1,1,0,1,1,1,0,0.0,0.015551,0,1.0,1,13,1,18,0.98,0.4475,YELLOW,42,Bengaluru
CLM0028268,BEN_02684,Indiranagar,2023-09-20,18,0,1,1,0,0,0,0,0,0,0.0,0.325752,0,0.0,0,138,1,4,0.6238,0.8161,RED,53,Bengaluru
CLM0028269,BEN_07221,Marathahalli,2022-07-13,18,0,1,1,0,1,1,0,1,0,0.0,0.102504,0,0.0,1,22,2,18,0.9085,0.5784,YELLOW,64,Bengaluru
CLM0028270,BEN_08136,Jayanagar,2024-04-09,14,0,1,1,0,1,0,1,1,1,1.0,1.0,0,1.0,1,11,0,18,0.05,0.5923,YELLOW,49,Bengaluru
CLM0028271,BEN_00142,Electronic City,2022-10-25,21,0,1,1,0,0,0,0,1,0,0.0,1.0,0,0.0,0,420,2,2,0.7422,0.5126,YELLOW,59,Bengaluru
CLM0028272,BEN_05860,Marathahalli,2023-02-14,15,0,1,1,0,0,0,0,1,0,0.0,0.121079,0,1.0,0,359,2,4,0.2355,0.4587,YELLOW,41,Bengaluru
CLM0028273,BEN_03844,Rajajinagar,2023-08-06,17,0,1,1,0,1,0,1,0,1,0.0,0.884553,1,1.0,1,5,0,18,0.8162,0.6912,RED,56,Bengaluru
CLM0028274,BEN_06751,Rajajinagar,2022-09-15,16,0,0,0,0,1,0,0,0,0,0.0,0.150786,0,0.0,0,295,1,3,0.0842,0.1032,GREEN,38,Bengaluru
CLM0028275,BEN_01790,Koramangala,2021-05-03,21,0,0,0,0,0,0,0,0,0,1.0,0.172071,0,0.0,0,23,3,4,0.6454,0.0125,GREEN,31,Bengaluru
CLM0028276,BEN_02698,Rajajinagar,2019-05-02,13,0,1,1,0,0,0,0,0,0,0.0,0.0,0,0.0,0,420,4,1,0.7384,0.0051,GREEN,38,Bengaluru
CLM0028277,BEN_00896,Koramangala,2020-12-16,11,0,0,0,0,0,0,0,0,0,0.0,0.0,0,0.0,0,189,0,2,0.6271,0.0488,GREEN,58,Bengaluru
CLM0028278,BEN_07308,Electronic City,2020-05-27,16,0,0,0,0,0,0,0,0,0,0.0,0.260895,0,0.0,0,405,0,5,0.843,0.0939,GREEN,47,Bengaluru
CLM0028279,BEN_07397,Electronic City,2022-03-14,15,0,0,0,0,0,0,1,0,0,0.0,0.435085,0,0.0,0,420,4,2,0.8914,0.2002,GREEN,48,Bengaluru
CLM0028280,BEN_08219,Rajajinagar,2020-04-26,20,0,0,0,0,0,0,0,0,0,0.0,0.345598,0,1.0,0,180,3,3,0.544,0.0412,GREEN,53,Bengaluru
CLM0028281,BEN_06030,Marathahalli,2016-03-29,19,0,0,0,0,0,0,0,0,0,0.0,0.011185,0,0.0,0,283,3,3,0.1989,0.0,GREEN,50,Bengaluru
CLM0028282,BEN_06370,Koramangala,2018-12-24,16,0,1,1,0,1,0,0,0,0,0.0,0.426119,0,1.0,0,220,2,0,0.4163,0.115,GREEN,52,Bengaluru
CLM0028283,BEN_04997,Whitefield,2025-01-24,13,0,0,0,0,0,0,0,0,0,0.0,0.298665,0,0.0,0,277,3,2,0.5866,0.0,GREEN,55,Bengaluru
CLM0028284,BEN_02872,Yelahanka,2022-10-30,17,0,0,0,0,0,0,0,0,0,0.0,0.298911,0,0.0,0,124,1,2,0.7226,0.0,GREEN,58,Bengaluru
CLM0028285,BEN_03076,Rajajinagar,2024-03-02,13,0,0,0,0,0,0,0,0,0,0.0,0.100791,0,0.0,1,81,0,1,0.6294,0.0792,GREEN,43,Bengaluru
CLM0028286,BEN_08580,HSR Layout,2022-08-17,12,0,0,0,0,0,0,0,0,0,0.0,0.090021,1,0.0,0,310,2,0,0.929,0.1533,GREEN,38,Bengaluru
CLM0028287,BEN_00784,Koramangala,2025-06-19,21,0,0,0,0,0,0,0,0,0,0.0,0.194129,0,0.0,0,206,4,1,0.98,0.0,GREEN,42,Bengaluru
CLM0028288,BEN_08422,HSR Layout,2021-09-25,12,0,0,0,0,0,0,0,0,0,0.0,0.0,0,0.0,0,312,4,1,0.639,0.0,GREEN,72,Bengaluru
CLM0028289,BEN_05831,HSR Layout,2024-02-04,19,0,0,0,0,0,0,0,0,0,0.0,0.297373,0,0.0,0,264,0,0,0.6395,0.0,GREEN,35,Bengaluru
CLM0028290,BEN_08094,Rajajinagar,2025-03-11,7,0,0,0,0,0,0,0,0,0,0.0,0.159489,1,0.0,0,420,0,4,0.5577,0.145,GREEN,29,Bengaluru
CLM0028291,BEN_05438,Jayanagar,2023-09-26,14,0,0,0,1,0,0,1,1,0,1.0,1.0,0,0.0,1,5,2,16,0.0746,0.0,GREEN,69,Bengaluru
CLM0028292,BEN_06032,Jayanagar,2022-07-13,14,0,0,0,0,0,0,1,0,0,0.0,1.0,0,0.0,0,420,0,0,0.9744,0.1453,GREEN,24,Bengaluru
CLM0028293,BEN_04674,Whitefield,2022-03-13,15,0,0,0,1,0,0,1,0,0,0.0,0.839992,0,1.0,0,411,3,5,0.6404,0.2187,GREEN,52,Bengaluru
CLM0028294,BEN_08139,Rajajinagar,2018-03-30,18,0,0,0,1,1,1,1,0,1,1.0,0.975507,1,0.0,0,5,1,13,0.3418,0.1634,GREEN,49,Bengaluru
CLM0028295,BEN_08864,BTM Layout,2024-10-13,9,0,0,0,0,0,0,0,0,0,1.0,0.0,0,1.0,0,237,4,2,0.7448,0.0608,GREEN,66,Bengaluru
CLM0028296,BEN_09434,Yelahanka,2017-08-19,18,0,0,0,0,0,0,0,0,0,0.0,0.263283,0,0.0,0,42,0,2,0.0909,0.0493,GREEN,59,Bengaluru
CLM0028297,BEN_02052,Indiranagar,2023-04-03,8,0,0,0,0,0,0,1,0,0,0.0,0.12229,0,0.0,0,92,1,0,0.8413,0.0272,GREEN,57,Bengaluru
CLM0028298,BEN_01552,Jayanagar,2018-05-29,13,0,0,0,0,0,0,0,0,0,0.0,0.995564,0,0.0,0,145,3,3,0.868,0.0114,GREEN,45,Bengaluru
CLM0028299,BEN_04607,HSR Layout,2024-04-27,21,0,0,0,0,0,0,0,0,0,1.0,0.444085,0,0.0,0,139,1,2,0.98,0.151,GREEN,44,Bengaluru
CLM0028300,BEN_08882,Jayanagar,2024-07-10,21,0,0,0,0,0,0,1,0,0,0.0,0.402479,0,0.0,0,54,2,3,0.056,0.195,GREEN,32,Bengaluru
CLM0028301,BEN_02555,Whitefield,2022-10-12,7,0,0,0,0,1,0,0,0,0,0.0,0.228027,0,0.0,0,409,3,6,0.1856,0.1327,GREEN,44,Bengaluru
CLM0028302,BEN_04646,Rajajinagar,2024-04-23,9,0,0,0,0,0,1,0,1,0,0.0,0.194092,0,0.0,0,38,4,2,0.05,0.1856,GREEN,28,Bengaluru
CLM0028303,BEN_08785,HSR Layout,2024-11-04,19,1,0,0,0,0,0,0,0,0,0.0,0.205973,0,0.0,0,219,2,1,0.05,0.0617,GREEN,43,Bengaluru
CLM0028304,BEN_04695,Rajajinagar,2020-01-31,12,0,0,0,0,0,0,0,0,0,0.0,0.458491,0,0.0,0,420,3,0,0.2665,0.0,GREEN,41,Bengaluru
CLM0028305,BEN_04793,Whitefield,2018-11-06,13,0,0,0,0,0,0,0,0,0,0.0,0.175224,0,0.0,0,420,0,3,0.8126,0.0573,GREEN,35,Bengaluru
CLM0028306,BEN_04495,Koramangala,2025-03-22,21,0,0,0,1,1,1,1,1,1,1.0,1.0,0,0.0,1,5,2,18,0.3654,0.0268,GREEN,51,Bengaluru
CLM0028307,BEN_01201,Yelahanka,2022-11-03,13,0,0,0,0,0,1,0,0,1,0.0,0.964172,0,0.0,0,420,1,0,0.844,0.1476,GREEN,45,Bengaluru
CLM0028308,BEN_00764,BTM Layout,2023-01-24,12,0,0,0,0,0,0,0,0,0,0.0,0.0,0,0.0,0,221,1,0,0.98,0.0574,GREEN,31,Bengaluru
CLM0028309,BEN_08448,Yelahanka,2021-08-24,7,0,0,0,0,0,0,0,0,1,0.0,1.0,0,0.0,0,5,3,4,0.8181,0.0767,GREEN,24,Bengaluru
CLM0028310,BEN_04702,HSR Layout,2021-04-17,13,0,0,0,0,0,0,0,0,0,0.0,0.0,0,0.0,0,339,2,3,0.8377,0.0614,GREEN,45,Bengaluru
CLM0028311,BEN_06502,BTM Layout,2023-08-08,21,0,0,0,0,0,0,0,0,1,0.0,0.028025,1,0.0,0,171,3,1,0.876,0.0633,GREEN,38,Bengaluru
CLM0028312,BEN_08225,Rajajinagar,2021-04-17,15,0,0,0,0,0,0,0,0,0,0.0,0.329766,0,0.0,0,264,0,5,0.808,0.0,GREEN,53,Bengaluru
CLM0028313,BEN_01361,Whitefield,2024-08-27,12,0,0,0,0,0,0,0,0,0,0.0,0.23174,0,0.0,1,98,2,6,0.5856,0.2456,GREEN,28,Bengaluru
CLM0028314,BEN_01151,Jayanagar,2020-07-16,18,0,0,0,0,1,0,0,0,0,0.0,0.259924,1,0.0,0,78,3,4,0.6569,0.1321,GREEN,52,Bengaluru
CLM0028315,BEN_04068,Koramangala,2025-04-22,13,0,0,0,0,0,0,0,0,0,0.0,0.262206,0,0.0,0,302,2,0,0.8973,0.0,GREEN,54,Bengaluru
CLM0028316,BEN_05674,Koramangala,2024-09-25,12,0,0,0,0,0,0,0,1,0,0.0,0.371673,0,0.0,0,49,0,8,0.98,0.1698,GREEN,40,Bengaluru
CLM0028317,BEN_06949,Marathahalli,2021-06-07,15,0,1,1,0,0,0,1,0,0,0.0,0.171602,0,0.0,0,41,1,6,0.9482,0.0404,GREEN,21,Bengaluru
CLM0028318,BEN_04774,Indiranagar,2024-08-13,10,0,0,0,0,0,0,0,0,0,0.0,0.324738,0,0.0,0,420,4,1,0.4334,0.0,GREEN,32,Bengaluru
CLM0028319,BEN_09328,Yelahanka,2025-10-14,19,0,0,0,0,0,0,0,0,0,0.0,0.209044,0,0.0,1,119,1,3,0.8009,0.0691,GREEN,55,Bengaluru
CLM0028320,BEN_09098,BTM Layout,2023-12-27,18,0,0,0,0,1,0,0,0,0,1.0,0.026607,0,0.0,0,23,4,4,0.6059,0.2158,GREEN,60,Bengaluru
CLM0028321,BEN_03427,HSR Layout,2023-10-01,21,0,0,0,0,0,0,0,0,1,0.0,1.0,0,1.0,0,358,4,2,0.9328,0.1499,GREEN,28,Bengaluru
CLM0028322,BEN_01698,Electronic City,2023-11-05,20,0,0,0,0,0,0,0,0,0,0.0,0.10449,0,0.0,0,252,1,2,0.05,0.0626,GREEN,22,Bengaluru
CLM0028323,BEN_00366,Indiranagar,2024-11-16,8,0,0,0,0,0,0,0,0,0,0.0,0.358955,0,0.0,0,35,2,1,0.2393,0.0226,GREEN,46,Bengaluru
CLM0028324,BEN_00896,Koramangala,2020-08-07,20,0,0,0,0,0,0,1,0,0,0.0,0.0,0,0.0,0,159,3,5,0.8781,0.1223,GREEN,58,Bengaluru
CLM0028325,BEN_09590,Rajajinagar,2025-09-16,11,0,0,0,0,0,1,0,0,0,0.0,0.061283,0,0.0,0,273,2,1,0.8755,0.0596,GREEN,33,Bengaluru
CLM0028326,BEN_05734,Yelahanka,2023-06-07,20,0,0,0,0,0,0,0,0,0,0.0,0.0,0,0.0,0,368,4,7,0.9196,0.0172,GREEN,36,Bengaluru
CLM0028327,BEN_06836,Jayanagar,2025-07-07,8,0,0,0,0,0,0,0,0,0,0.0,0.111051,0,0.0,1,182,0,1,0.5284,0.0093,GREEN,45,Bengaluru
CLM0028328,BEN_02772,HSR Layout,2023-05-06,15,0,0,0,0,0,0,0,0,0,0.0,0.245099,0,0.0,0,313,4,0,0.7643,0.0,GREEN,30,Bengaluru
CLM0028329,BEN_01797,BTM Layout,2024-01-07,11,0,0,0,0,1,0,0,0,0,0.0,0.112741,0,0.0,0,379,2,0,0.6785,0.1362,GREEN,44,Bengaluru
CLM0028330,BEN_06653,BTM Layout,2025-12-05,19,0,0,0,0,0,0,0,0,0,0.0,0.060263,1,0.0,0,300,3,2,0.7684,0.1848,GREEN,38,Bengaluru
CLM0028331,BEN_05109,Whitefield,2025-09-08,20,0,0,0,1,0,0,0,0,0,0.0,0.194841,0,0.0,1,126,4,1,0.5636,0.2793,GREEN,25,Bengaluru
CLM0028332,BEN_09315,Indiranagar,2024-05-18,11,0,0,0,0,0,0,0,0,0,0.0,0.184464,0,1.0,0,66,1,0,0.9219,0.0,GREEN,33,Bengaluru
CLM0028333,BEN_00834,Indiranagar,2024-02-23,14,0,0,0,0,0,0,0,0,0,0.0,0.250912,0,0.0,0,370,2,0,0.5649,0.0341,GREEN,48,Bengaluru
CLM0028334,BEN_06739,Indiranagar,2023-06-16,8,0,0,0,0,0,0,0,0,0,1.0,0.255381,0,0.0,0,420,1,2,0.5764,0.0,GREEN,44,Bengaluru
CLM0028335,BEN_06431,Indiranagar,2025-03-18,16,0,1,1,0,0,1,0,0,0,0.0,0.018197,0,0.0,0,420,1,2,0.8003,0.1009,GREEN,45,Bengaluru
CLM0028336,BEN_07151,Electronic City,2021-12-02,19,0,0,0,0,0,1,0,0,0,0.0,0.101154,0,0.0,1,94,3,1,0.6773,0.1669,GREEN,46,Bengaluru
CLM0028337,BEN_07181,Yelahanka,2024-11-07,7,0,0,0,0,0,0,0,0,0,0.0,0.267203,0,0.0,0,306,1,6,0.2829,0.015,GREEN,29,Bengaluru
CLM0028338,BEN_06286,Whitefield,2024-10-26,18,0,0,0,0,0,0,0,0,0,0.0,0.149304,0,0.0,0,110,4,5,0.6351,0.0,GREEN,49,Bengaluru
CLM0028339,BEN_03204,Yelahanka,2023-06-15,17,0,0,0,0,0,0,0,0,0,0.0,0.241049,0,0.0,0,330,0,6,0.6789,0.0327,GREEN,42,Bengaluru
CLM0028340,BEN_06018,Koramangala,2025-10-29,9,0,0,0,0,0,0,0,0,0,0.0,0.362376,0,0.0,0,92,0,0,0.7447,0.0,GREEN,29,Bengaluru
CLM0028341,BEN_03988,Indiranagar,2019-10-12,9,0,0,0,0,0,0,0,0,0,0.0,0.29195,0,0.0,0,91,2,4,0.7687,0.0,GREEN,33,Bengaluru
CLM0028342,BEN_08440,Koramangala,2024-10-13,12,0,0,0,0,0,0,0,0,0,0.0,0.030277,0,0.0,0,420,0,5,0.4056,0.017,GREEN,47,Bengaluru
CLM0028343,BEN_02171,Whitefield,2025-07-25,7,0,0,0,0,0,0,0,0,0,1.0,0.131349,0,0.0,0,250,2,3,0.7666,0.0843,GREEN,31,Bengaluru
CLM0028344,BEN_05533,Marathahalli,2024-10-12,14,0,0,0,0,0,1,0,0,0,0.0,0.312973,0,0.0,0,352,1,4,0.9224,0.156,GREEN,28,Bengaluru
CLM0028345,BEN_05005,Koramangala,2024-07-18,19,0,0,0,0,0,0,0,0,0,0.0,0.117995,0,0.0,0,376,4,3,0.8032,0.0275,GREEN,61,Bengaluru
CLM0028346,BEN_02191,Marathahalli,2017-11-25,8,0,1,1,0,0,1,0,0,0,0.0,0.332766,0,0.0,0,223,4,1,0.6525,0.1112,GREEN,37,Bengaluru
CLM0028347,BEN_04580,Yelahanka,2021-03-21,13,0,0,0,0,1,0,0,0,0,0.0,1.0,0,0.0,0,19,0,2,0.5958,0.1565,GREEN,41,Bengaluru
CLM0028348,BEN_01077,Yelahanka,2021-10-12,14,0,0,0,1,1,0,0,1,1,1.0,0.864428,0,0.0,0,14,4,18,0.201,0.0,GREEN,50,Bengaluru
CLM0028349,BEN_03147,Jayanagar,2017-12-16,12,0,0,0,0,0,1,0,0,0,0.0,0.368143,0,0.0,0,387,4,4,0.6853,0.219,GREEN,54,Bengaluru
CLM0028350,BEN_06047,Yelahanka,2018-02-23,20,0,0,0,0,0,0,0,1,0,0.0,0.161733,0,0.0,0,370,0,2,0.7487,0.0591,GREEN,36,Bengaluru
CLM0028351,BEN_08470,HSR Layout,2017-04-18,19,0,0,0,0,0,0,0,0,0,0.0,0.99089,0,0.0,0,172,3,2,0.7873,0.0,GREEN,32,Bengaluru
CLM0028352,BEN_08350,Yelahanka,2021-07-25,7,0,0,0,0,0,0,0,1,0,0.0,0.096082,0,0.0,0,48,3,1,0.9422,0.042,GREEN,44,Bengaluru
CLM0028353,BEN_09935,Whitefield,2024-01-04,16,0,0,0,0,0,0,0,0,0,0.0,0.25778,0,0.0,0,14,0,5,0.582,0.0,GREEN,34,Bengaluru
CLM0028354,BEN_07850,Electronic City,2022-01-16,14,0,0,0,0,0,0,0,0,0,0.0,0.148979,0,0.0,0,22,1,6,0.6792,0.0274,GREEN,27,Bengaluru
CLM0028355,BEN_07278,Whitefield,2023-08-16,21,0,0,0,0,0,1,0,0,0,0.0,0.378343,0,0.0,0,420,0,5,0.98,0.0677,GREEN,23,Bengaluru
CLM0028356,BEN_00237,Marathahalli,2023-05-03,18,0,0,0,0,0,0,0,0,0,0.0,0.988767,0,0.0,1,280,3,2,0.8674,0.1047,GREEN,37,Bengaluru
CLM0028357,BEN_01140,BTM Layout,2022-03-10,17,0,0,0,0,0,0,0,0,0,0.0,0.143946,0,0.0,0,226,2,3,0.98,0.0017,GREEN,37,Bengaluru
CLM0028358,BEN_09362,Koramangala,2025-06-24,11,0,0,0,1,1,1,1,1,1,1.0,0.985096,1,1.0,0,5,0,18,0.05,0.0,GREEN,41,Bengaluru
CLM0028359,BEN_01297,Whitefield,2022-04-12,17,0,0,0,0,0,1,0,0,0,0.0,0.173123,0,0.0,0,336,1,3,0.98,0.0952,GREEN,48,Bengaluru
CLM0028360,BEN_02651,Marathahalli,2025-04-12,12,0,0,0,1,1,0,0,0,0,0.0,0.261678,1,0.0,0,228,3,6,0.7958,0.3586,YELLOW,39,Bengaluru
CLM0028361,BEN_06449,HSR Layout,2025-02-04,20,0,0,0,0,0,1,0,0,0,0.0,0.006185,0,0.0,0,192,4,3,0.6036,0.0852,GREEN,62,Bengaluru
CLM0028362,BEN_00863,BTM Layout,2024-05-26,15,0,0,0,0,0,0,0,0,0,0.0,0.228706,0,0.0,0,31,2,4,0.8085,0.0194,GREEN,19,Bengaluru
CLM0028363,BEN_04163,Jayanagar,2025-05-02,17,0,0,0,0,0,0,0,0,0,0.0,0.01996,0,0.0,0,398,1,4,0.4616,0.0,GREEN,33,Bengaluru
CLM0028364,BEN_02598,Yelahanka,2021-09-12,10,0,0,0,0,0,0,0,0,0,0.0,0.344512,0,0.0,0,103,4,7,0.7569,0.1484,GREEN,45,Bengaluru
CLM0028365,BEN_01155,Whitefield,2023-05-16,18,0,0,0,0,0,0,0,0,0,0.0,0.080522,1,0.0,0,420,3,2,0.8062,0.1276,GREEN,47,Bengaluru
CLM0028366,BEN_06239,Electronic City,2023-08-18,10,0,0,0,0,0,0,0,0,0,0.0,0.288184,0,0.0,0,231,4,1,0.7838,0.0928,GREEN,44,Bengaluru
CLM0028367,BEN_07659,Yelahanka,2025-03-15,14,0,0,0,0,0,0,0,0,1,0.0,0.184812,0,0.0,0,327,1,2,0.6669,0.0803,GREEN,51,Bengaluru
CLM0028368,BEN_04577,HSR Layout,2025-06-03,11,0,0,0,0,0,0,1,0,0,0.0,0.218551,0,0.0,0,141,4,2,0.5977,0.0,GREEN,44,Bengaluru
CLM0028369,BEN_00475,Jayanagar,2021-04-21,12,0,1,1,1,0,0,0,0,0,0.0,0.26508,0,0.0,0,420,0,0,0.6587,0.1728,GREEN,31,Bengaluru
CLM0028370,BEN_01519,Electronic City,2021-04-17,19,0,0,0,0,0,0,0,0,0,0.0,0.29523,0,0.0,1,145,3,4,0.5585,0.0112,GREEN,43,Bengaluru
CLM0028371,BEN_01091,Whitefield,2023-07-22,13,0,0,0,0,0,0,0,0,0,0.0,0.107985,0,0.0,0,313,3,0,0.7123,0.0,GREEN,34,Bengaluru
CLM0028372,BEN_01028,BTM Layout,2025-12-27,15,0,1,1,0,0,0,0,1,0,0.0,0.323445,0,0.0,0,388,3,1,0.4007,0.1051,GREEN,61,Bengaluru
CLM0028373,BEN_07472,Marathahalli,2024-01-14,14,0,0,0,0,0,0,0,0,1,0.0,0.110562,0,0.0,1,206,0,1,0.8489,0.1611,GREEN,54,Bengaluru
CLM0028374,BEN_08298,Indiranagar,2022-05-29,19,0,0,0,0,0,0,0,0,0,0.0,0.0,0,0.0,0,256,1,4,0.1163,0.0,GREEN,45,Bengaluru
CLM0028375,BEN_08522,HSR Layout,2021-02-22,20,0,0,0,0,0,0,0,0,0,0.0,0.138297,0,0.0,0,394,1,0,0.8393,0.0,GREEN,47,Bengaluru
CLM0028376,BEN_08785,HSR Layout,2021-11-20,21,0,0,0,0,0,0,0,1,0,0.0,0.284565,0,0.0,0,369,3,4,0.8875,0.0587,GREEN,43,Bengaluru
CLM0028377,BEN_07494,Electronic City,2023-07-02,11,0,0,0,0,0,0,0,1,0,1.0,0.079199,0,0.0,0,296,2,1,0.7527,0.1529,GREEN,46,Bengaluru
CLM0028378,BEN_02840,BTM Layout,2020-02-25,15,0,0,0,0,0,1,1,0,0,0.0,0.291675,0,0.0,0,289,1,2,0.8809,0.0862,GREEN,39,Bengaluru
CLM0028379,BEN_01505,Yelahanka,2022-07-04,15,0,0,0,0,0,0,0,0,0,0.0,0.31174,0,0.0,0,420,4,2,0.7051,0.053,GREEN,41,Bengaluru
CLM0028380,BEN_00068,Koramangala,2024-12-27,11,0,0,0,0,0,0,0,0,0,0.0,0.237261,0,0.0,0,420,1,8,0.4424,0.0991,GREEN,49,Bengaluru
CLM0028381,BEN_08684,Rajajinagar,2018-01-16,19,0,0,0,0,1,0,0,0,0,0.0,0.121461,0,0.0,0,89,2,3,0.8606,0.1635,GREEN,45,Bengaluru
CLM0028382,BEN_02394,Marathahalli,2023-05-20,21,0,0,0,0,0,0,0,0,0,0.0,0.287384,0,0.0,0,274,4,4,0.98,0.0197,GREEN,50,Bengaluru
CLM0028383,BEN_00308,Electronic City,2022-02-13,11,0,0,0,0,0,0,1,0,0,0.0,0.083289,0,0.0,0,420,3,0,0.6374,0.1384,GREEN,59,Bengaluru
CLM0028384,BEN_09042,Jayanagar,2024-07-23,21,0,0,0,0,0,0,0,0,0,0.0,0.062033,0,0.0,0,197,1,2,0.509,0.0253,GREEN,55,Bengaluru
CLM0028385,BEN_00621,HSR Layout,2021-06-29,10,0,0,0,0,0,1,0,0,0,0.0,0.122667,0,0.0,0,6,2,5,0.902,0.0949,GREEN,40,Bengaluru
CLM0028386,BEN_03006,Indiranagar,2019-10-25,9,0,0,0,0,0,0,0,0,0,1.0,0.383647,1,0.0,0,34,4,4,0.6934,0.1234,GREEN,39,Bengaluru
CLM0028387,BEN_03679,Marathahalli,2016-11-28,18,0,0,0,0,0,0,1,0,0,0.0,0.175736,0,0.0,0,420,1,1,0.5935,0.0885,GREEN,54,Bengaluru
CLM0028388,BEN_08470,HSR Layout,2018-04-11,12,0,0,0,0,1,0,0,0,0,0.0,0.097525,0,0.0,0,392,1,0,0.5611,0.1716,GREEN,32,Bengaluru
CLM0028389,BEN_09219,Indiranagar,2023-02-16,9,0,1,1,0,0,0,0,0,0,0.0,0.010516,0,0.0,0,221,3,5,0.5863,0.0107,GREEN,48,Bengaluru
CLM0028390,BEN_07415,Marathahalli,2024-04-28,20,0,0,0,0,0,1,0,0,0,0.0,0.014482,0,0.0,0,386,1,4,0.2417,0.0719,GREEN,49,Bengaluru
CLM0028391,BEN_07231,BTM Layout,2020-09-26,14,0,0,0,0,0,0,1,0,0,0.0,0.384435,0,0.0,0,245,1,4,0.1869,0.0175,GREEN,55,Bengaluru
CLM0028392,BEN_09759,Rajajinagar,2020-09-02,20,0,0,0,0,1,0,0,0,0,0.0,0.201816,0,0.0,0,70,0,3,0.7221,0.1385,GREEN,47,Bengaluru
CLM0028393,BEN_06044,Koramangala,2022-01-07,15,0,0,0,0,0,0,1,0,0,0.0,0.306474,0,0.0,0,184,0,1,0.98,0.0909,GREEN,36,Bengaluru
CLM0028394,BEN_07202,HSR Layout,2023-04-02,11,0,0,0,0,0,0,0,0,0,1.0,0.253572,0,0.0,0,392,2,3,0.4657,0.057,GREEN,47,Bengaluru
CLM0028395,BEN_02411,Jayanagar,2022-04-13,14,0,1,1,0,0,0,0,0,0,0.0,0.234282,0,0.0,0,282,2,0,0.3149,0.0891,GREEN,44,Bengaluru
CLM0028396,BEN_04935,Electronic City,2019-11-09,7,0,0,0,0,0,0,0,0,0,0.0,0.391466,0,0.0,0,318,0,5,0.5974,0.028,GREEN,44,Bengaluru
CLM0028397,BEN_03162,Jayanagar,2022-01-08,12,0,0,0,0,0,0,0,1,0,0.0,0.385673,0,1.0,0,292,4,5,0.7085,0.1582,GREEN,37,Bengaluru
CLM0028398,BEN_08529,Rajajinagar,2022-03-26,13,0,0,0,0,0,0,0,0,0,0.0,0.215724,0,0.0,0,295,3,5,0.98,0.0,GREEN,23,Bengaluru
CLM0028399,BEN_01347,BTM Layout,2022-04-08,9,0,0,0,0,0,0,0,1,0,0.0,0.327478,0,0.0,0,323,1,4,0.98,0.1089,GREEN,72,Bengaluru
CLM0028400,BEN_00677,Yelahanka,2023-11-18,20,0,0,0,0,0,0,0,1,0,0.0,0.941571,0,0.0,0,288,4,3,0.5204,0.1422,GREEN,40,Bengaluru
CLM0028401,BEN_06364,Marathahalli,2025-04-05,8,0,0,0,0,0,0,0,0,0,1.0,0.329843,0,0.0,0,153,2,0,0.9105,0.0401,GREEN,44,Bengaluru
CLM0028402,BEN_09501,HSR Layout,2025-01-30,10,0,0,0,0,0,0,0,0,0,0.0,0.0,0,0.0,1,29,1,1,0.2526,0.0847,GREEN,40,Bengaluru
CLM0028403,BEN_03490,Electronic City,2025-03-27,15,0,0,0,0,1,1,0,0,0,0.0,0.3554,1,1.0,0,247,0,0,0.5427,0.2626,GREEN,48,Bengaluru
CLM0028404,BEN_02457,Whitefield,2025-07-22,13,0,0,0,0,0,1,0,1,0,0.0,0.06359,0,0.0,0,98,1,1,0.777,0.1989,GREEN,44,Bengaluru
CLM0028405,BEN_06449,HSR Layout,2025-01-31,13,0,0,0,0,0,0,0,0,0,0.0,0.237963,0,0.0,0,200,0,1,0.6742,0.0,GREEN,62,Bengaluru
CLM0028406,BEN_05407,BTM Layout,2023-10-09,12,0,0,0,0,0,0,0,0,0,0.0,0.372257,0,0.0,0,41,2,3,0.906,0.0,GREEN,48,Bengaluru
CLM0028407,BEN_02406,Marathahalli,2024-06-29,7,0,0,0,0,0,0,0,0,0,1.0,0.211949,0,0.0,0,420,4,1,0.98,0.0733,GREEN,35,Bengaluru
CLM0028408,BEN_01653,Jayanagar,2024-06-20,10,0,0,0,0,0,0,0,0,0,0.0,0.0,0,0.0,0,279,4,1,0.8019,0.154,GREEN,45,Bengaluru
CLM0028409,BEN_08645,Whitefield,2025-05-20,10,0,0,0,0,0,0,1,0,0,0.0,0.263609,0,0.0,0,231,0,2,0.8694,0.0267,GREEN,32,Bengaluru
CLM0028410,BEN_05489,Yelahanka,2023-12-21,12,0,0,0,0,0,0,0,1,0,0.0,0.281756,0,0.0,0,420,1,2,0.8474,0.117,GREEN,49,Bengaluru
CLM0028411,BEN_02207,Jayanagar,2023-10-02,7,0,0,0,0,0,1,0,0,0,0.0,0.280504,0,0.0,0,359,3,1,0.6821,0.1653,GREEN,44,Bengaluru
CLM0028412,BEN_09593,Koramangala,2016-10-28,9,0,0,0,0,1,0,0,0,0,0.0,0.392562,0,0.0,0,178,1,5,0.98,0.1412,GREEN,43,Bengaluru
CLM0028413,BEN_00298,Rajajinagar,2025-09-20,8,0,0,0,0,0,0,0,0,0,0.0,0.269186,0,0.0,0,404,2,3,0.6288,0.0015,GREEN,39,Bengaluru
CLM0028414,BEN_04998,Rajajinagar,2022-03-12,21,0,0,0,1,0,0,1,1,0,1.0,1.0,1,0.0,1,23,4,18,0.1601,0.0,GREEN,45,Bengaluru
CLM0028415,BEN_09153,Rajajinagar,2022-08-06,18,0,0,0,0,0,0,0,0,0,0.0,0.077533,0,0.0,0,382,3,4,0.8752,0.0273,GREEN,51,Bengaluru
CLM0028416,BEN_09846,Jayanagar,2021-11-26,15,0,0,0,0,0,0,0,0,0,0.0,0.2003,0,0.0,0,199,3,0,0.476,0.0,GREEN,34,Bengaluru
CLM0028417,BEN_07622,Koramangala,2024-01-01,14,0,0,0,0,0,0,0,0,1,1.0,0.414713,0,0.0,0,44,4,0,0.6338,0.1892,GREEN,61,Bengaluru
CLM0028418,BEN_08879,Indiranagar,2016-03-27,14,0,0,0,0,0,1,0,0,0,0.0,0.405669,0,0.0,0,420,3,0,0.5439,0.0677,GREEN,29,Bengaluru
CLM0028419,BEN_02530,Whitefield,2021-04-03,8,0,0,0,0,0,0,0,0,0,0.0,0.104364,0,0.0,0,59,0,1,0.6889,0.0,GREEN,29,Bengaluru
CLM0028420,BEN_01741,Koramangala,2022-04-30,17,0,0,0,0,0,0,0,0,0,0.0,0.111751,0,0.0,0,83,2,2,0.7487,0.0521,GREEN,35,Bengaluru
CLM0028421,BEN_01841,Whitefield,2016-07-13,10,0,0,0,0,0,0,0,0,0,0.0,0.07778,0,0.0,0,97,1,1,0.8647,0.0,GREEN,49,Bengaluru
CLM0028422,BEN_05872,Marathahalli,2024-04-23,21,0,0,0,0,0,0,0,0,0,0.0,0.276092,0,0.0,0,57,1,6,0.627,0.0312,GREEN,38,Bengaluru
CLM0028423,BEN_06810,Yelahanka,2022-02-28,16,0,0,0,0,0,0,0,0,0,0.0,0.382091,0,0.0,0,122,4,1,0.98,0.084,GREEN,37,Bengaluru
CLM0028424,BEN_06142,HSR Layout,2018-06-14,8,0,0,0,0,0,0,0,0,0,0.0,0.219243,0,0.0,0,420,2,1,0.7887,0.0,GREEN,23,Bengaluru
CLM0028425,BEN_09998,Rajajinagar,2021-01-16,14,0,0,0,1,1,1,1,1,1,0.0,0.117811,1,0.0,0,14,0,18,0.7913,0.1015,GREEN,39,Bengaluru
CLM0028426,BEN_08831,Yelahanka,2023-11-26,21,0,0,0,0,0,0,0,0,0,0.0,0.127611,0,0.0,0,333,1,4,0.7917,0.0289,GREEN,52,Bengaluru
CLM0028427,BEN_00610,Koramangala,2017-12-20,13,0,0,0,0,0,0,0,0,0,0.0,0.264939,0,0.0,0,67,0,2,0.7136,0.0,GREEN,39,Bengaluru
CLM0028428,BEN_06664,Jayanagar,2023-12-25,14,0,0,0,0,0,0,0,0,0,0.0,0.075941,0,0.0,0,205,3,5,0.6984,0.0403,GREEN,47,Bengaluru
CLM0028429,BEN_09744,Indiranagar,2022-11-14,16,0,0,0,0,0,0,0,0,0,0.0,0.144879,0,0.0,0,94,1,3,0.8006,0.0,GREEN,40,Bengaluru
CLM0028430,BEN_08874,Electronic City,2024-06-21,17,0,0,0,0,0,0,0,0,0,0.0,0.291396,0,0.0,0,359,3,2,0.9463,0.0355,GREEN,51,Bengaluru
CLM0028431,BEN_06931,Whitefield,2025-03-06,12,0,0,0,0,0,0,0,0,0,0.0,0.233475,0,0.0,0,387,0,0,0.98,0.0502,GREEN,39,Bengaluru
CLM0028432,BEN_03074,Marathahalli,2023-04-10,10,0,0,0,1,0,0,1,1,0,1.0,0.980881,1,0.0,1,22,4,18,0.126,0.1332,GREEN,62,Bengaluru
CLM0028433,BEN_02330,Rajajinagar,2022-11-30,21,0,0,0,0,0,0,0,0,0,0.0,1.0,0,0.0,0,419,1,0,0.8563,0.0081,GREEN,51,Bengaluru
CLM0028434,BEN_09186,Koramangala,2017-11-27,16,0,0,0,0,0,0,0,0,0,0.0,0.163464,0,0.0,0,343,1,2,0.6318,0.0,GREEN,38,Bengaluru
CLM0028435,BEN_03194,Whitefield,2017-04-16,21,0,0,0,0,0,0,0,0,0,0.0,0.365551,0,0.0,0,420,2,3,0.9589,0.0,GREEN,38,Bengaluru
CLM0028436,BEN_05817,Koramangala,2017-07-17,17,0,0,0,0,0,0,1,0,1,0.0,0.199467,0,0.0,0,201,2,2,0.9515,0.1574,GREEN,49,Bengaluru
CLM0028437,BEN_06430,Marathahalli,2025-03-21,19,0,0,0,0,0,0,0,0,0,0.0,0.154265,0,0.0,0,165,1,7,0.5236,0.106,GREEN,43,Bengaluru
CLM0028438,BEN_04046,Indiranagar,2025-11-14,8,0,0,0,0,0,0,0,0,0,0.0,0.099118,0,0.0,0,138,3,6,0.7352,0.0394,GREEN,42,Bengaluru
CLM0028439,BEN_00499,BTM Layout,2020-12-03,12,0,0,0,0,0,0,0,1,0,0.0,0.062801,0,0.0,0,52,3,1,0.05,0.0659,GREEN,56,Bengaluru
CLM0028440,BEN_03093,HSR Layout,2024-07-20,18,0,0,0,0,0,0,0,1,0,0.0,0.353832,0,0.0,0,311,1,1,0.2585,0.141,GREEN,39,Bengaluru
CLM0028441,BEN_06484,HSR Layout,2023-06-04,10,0,0,0,0,0,0,0,0,0,0.0,0.305749,0,0.0,0,163,4,3,0.8351,0.0046,GREEN,51,Bengaluru
CLM0028442,BEN_01382,Koramangala,2021-09-15,7,0,0,0,0,0,0,0,1,0,0.0,0.213608,0,0.0,0,317,4,2,0.9229,0.2088,GREEN,36,Bengaluru
CLM0028443,BEN_08251,HSR Layout,2025-04-07,18,0,0,0,0,0,0,0,0,0,0.0,0.36858,0,0.0,0,307,2,0,0.8444,0.0121,GREEN,45,Bengaluru
CLM0028444,BEN_02246,Rajajinagar,2025-04-17,14,0,0,0,0,0,0,0,0,0,1.0,0.382905,0,0.0,0,420,3,0,0.1982,0.0,GREEN,52,Bengaluru
CLM0028445,BEN_05943,Marathahalli,2021-02-06,18,0,0,0,0,0,0,0,0,0,0.0,0.278827,0,0.0,0,192,2,0,0.6015,0.1213,GREEN,40,Bengaluru
CLM0028446,BEN_08855,Jayanagar,2024-09-03,9,0,0,0,0,0,0,0,0,0,0.0,0.039327,0,0.0,0,420,0,1,0.9298,0.0,GREEN,52,Bengaluru
CLM0028447,BEN_08722,Marathahalli,2019-08-02,14,0,0,0,1,0,1,0,0,1,0.0,0.0,0,0.0,1,181,4,0,0.6482,0.4633,YELLOW,46,Bengaluru
CLM0028448,BEN_06601,Jayanagar,2024-01-25,10,0,0,0,0,0,0,0,0,0,0.0,0.376844,0,0.0,0,192,2,0,0.7694,0.0679,GREEN,35,Bengaluru
CLM0028449,BEN_01195,Jayanagar,2020-11-18,14,0,0,0,0,0,1,0,0,0,0.0,0.424369,0,0.0,0,64,0,2,0.7145,0.1179,GREEN,35,Bengaluru
CLM0028450,BEN_03856,Whitefield,2019-08-26,14,0,0,0,0,0,0,0,0,0,0.0,0.343108,0,0.0,0,268,0,2,0.7363,0.0485,GREEN,58,Bengaluru
CLM0028451,BEN_05576,Whitefield,2021-12-15,15,0,0,0,0,0,0,0,0,0,1.0,0.267614,0,0.0,0,347,4,3,0.8797,0.0324,GREEN,54,Bengaluru
CLM0028452,BEN_07898,Marathahalli,2020-06-21,7,0,0,0,0,0,0,0,0,0,0.0,0.34822,0,1.0,0,420,1,9,0.919,0.0107,GREEN,43,Bengaluru
CLM0028453,BEN_04388,Koramangala,2025-03-06,8,0,0,0,0,0,0,0,0,0,0.0,0.303009,0,0.0,0,113,4,4,0.4133,0.0171,GREEN,54,Bengaluru
CLM0028454,BEN_00819,Marathahalli,2023-01-30,10,0,0,0,0,0,0,0,0,0,0.0,0.117416,0,0.0,0,38,3,5,0.206,0.0314,GREEN,49,Bengaluru
CLM0028455,BEN_09923,Jayanagar,2025-11-29,10,0,0,0,0,0,0,0,1,0,0.0,0.253477,0,0.0,0,211,3,4,0.1629,0.0833,GREEN,53,Bengaluru
CLM0028456,BEN_02680,Jayanagar,2022-10-24,21,0,0,0,0,0,0,0,0,0,0.0,0.225144,0,0.0,0,152,3,0,0.7719,0.0,GREEN,68,Bengaluru
CLM0028457,BEN_09254,Marathahalli,2021-07-25,20,0,0,0,0,0,0,0,0,0,0.0,1.0,0,0.0,0,410,2,3,0.1801,0.0,GREEN,18,Bengaluru
CLM0028458,BEN_03934,Yelahanka,2023-10-18,17,0,0,0,0,0,0,0,0,0,0.0,0.302716,0,0.0,0,240,0,1,0.5639,0.0055,GREEN,38,Bengaluru
CLM0028459,BEN_03779,Electronic City,2025-05-24,8,0,0,0,0,0,0,0,0,0,0.0,0.200621,0,0.0,0,173,1,3,0.783,0.0,GREEN,44,Bengaluru
CLM0028460,BEN_04320,Indiranagar,2022-09-14,12,0,0,0,0,0,0,0,0,0,1.0,0.030033,0,0.0,0,137,0,4,0.6999,0.0,GREEN,43,Bengaluru
CLM0028461,BEN_09242,Marathahalli,2023-01-06,21,0,0,0,0,0,1,0,1,0,0.0,0.182909,0,0.0,0,54,4,3,0.9459,0.167,GREEN,48,Bengaluru
CLM0028462,BEN_02288,Rajajinagar,2022-06-13,10,0,0,0,0,0,0,0,1,0,0.0,0.331997,0,0.0,0,117,0,0,0.3318,0.2239,GREEN,42,Bengaluru
CLM0028463,BEN_07395,Koramangala,2023-11-23,17,0,0,0,0,0,0,0,1,0,0.0,0.037632,0,0.0,0,222,3,7,0.9268,0.0149,GREEN,24,Bengaluru
CLM0028464,BEN_09470,Yelahanka,2023-04-15,9,0,0,0,0,0,0,0,0,0,0.0,0.390636,0,0.0,1,294,0,3,0.902,0.1011,GREEN,56,Bengaluru
CLM0028465,BEN_03194,Whitefield,2021-09-15,20,0,0,0,0,1,1,1,1,0,0.0,0.00187,1,0.0,0,5,4,18,0.98,0.0,GREEN,38,Bengaluru
CLM0028466,BEN_01839,Electronic City,2021-08-01,8,0,0,0,0,0,1,0,0,1,0.0,0.172336,0,0.0,0,328,2,7,0.8532,0.1142,GREEN,43,Bengaluru
CLM0028467,BEN_06140,Whitefield,2021-12-03,9,0,0,0,0,0,0,0,1,0,0.0,0.383114,0,0.0,1,420,0,2,0.98,0.116,GREEN,51,Bengaluru
CLM0028468,BEN_02171,Whitefield,2020-06-29,8,0,0,0,0,0,0,0,0,1,0.0,0.246319,0,0.0,1,145,0,1,0.5217,0.2754,GREEN,31,Bengaluru
CLM0028469,BEN_06775,Electronic City,2023-04-13,11,0,0,0,0,0,0,1,0,0,0.0,0.365461,1,0.0,0,355,0,2,0.7873,0.1522,GREEN,31,Bengaluru
CLM0028470,BEN_02099,Marathahalli,2021-06-09,11,0,0,0,0,0,0,0,0,0,0.0,0.06377,1,0.0,0,231,3,0,0.6216,0.0644,GREEN,49,Bengaluru
CLM0028471,BEN_06677,Koramangala,2023-08-13,15,0,0,0,0,0,0,0,0,1,0.0,0.197099,0,0.0,0,141,1,3,0.8844,0.0748,GREEN,60,Bengaluru
CLM0028472,BEN_09054,Yelahanka,2022-10-22,8,0,0,0,0,0,0,0,0,0,0.0,0.272226,0,0.0,0,157,3,0,0.8166,0.0217,GREEN,43,Bengaluru
CLM0028473,BEN_07550,Marathahalli,2022-09-03,20,0,0,0,0,0,0,0,1,0,0.0,0.376451,0,0.0,0,121,1,2,0.7335,0.1035,GREEN,52,Bengaluru
CLM0028474,BEN_06632,Whitefield,2024-02-14,21,0,0,0,0,0,0,0,0,0,0.0,0.0,0,0.0,0,206,1,0,0.7586,0.0,GREEN,29,Bengaluru
CLM0028475,BEN_01725,Rajajinagar,2023-02-08,8,0,0,0,0,0,0,0,0,0,0.0,0.062696,0,0.0,0,297,4,7,0.3135,0.0,GREEN,54,Bengaluru
CLM0028476,BEN_09311,Whitefield,2024-07-19,14,0,0,0,0,0,0,0,0,0,0.0,0.344045,0,0.0,0,61,0,4,0.907,0.0,GREEN,51,Bengaluru
CLM0028477,BEN_06282,HSR Layout,2023-09-26,10,0,0,0,0,0,0,0,0,0,0.0,0.438539,0,0.0,0,137,3,1,0.906,0.0,GREEN,32,Bengaluru
CLM0028478,BEN_09582,HSR Layout,2023-01-03,20,0,0,0,0,0,0,0,0,0,0.0,0.225107,0,0.0,0,308,2,1,0.8345,0.0,GREEN,44,Bengaluru
CLM0028479,BEN_09791,Electronic City,2025-04-19,18,0,0,0,0,0,1,1,1,1,0.0,0.045789,0,0.0,1,5,2,18,0.98,0.1687,GREEN,36,Bengaluru
CLM0028480,BEN_07089,Rajajinagar,2025-10-27,8,0,0,0,1,0,0,0,1,0,0.0,0.199371,0,0.0,0,102,1,2,0.9713,0.2588,GREEN,35,Bengaluru
CLM0028481,BEN_02317,Yelahanka,2023-01-21,11,0,0,0,0,0,1,0,0,0,0.0,0.201027,0,0.0,0,420,1,0,0.7371,0.0507,GREEN,42,Bengaluru
CLM0028482,BEN_02518,Whitefield,2025-03-30,12,0,0,0,1,1,1,0,0,1,1.0,0.889187,1,0.0,1,5,3,18,0.3459,0.1275,GREEN,40,Bengaluru
CLM0028483,BEN_09542,Indiranagar,2024-01-20,18,0,0,0,0,0,0,0,1,0,1.0,0.341017,0,0.0,0,368,4,2,0.8574,0.2651,GREEN,51,Bengaluru
CLM0028484,BEN_08506,Electronic City,2021-05-09,19,0,0,0,0,0,0,0,0,0,0.0,0.289405,0,0.0,0,260,3,0,0.8493,0.0,GREEN,29,Bengaluru
CLM0028485,BEN_03149,Electronic City,2025-10-17,21,0,0,0,0,0,0,0,0,0,0.0,0.890273,0,0.0,0,115,1,3,0.8704,0.0,GREEN,50,Bengaluru
CLM0028486,BEN_01954,Koramangala,2025-12-23,15,0,0,0,0,0,0,0,0,0,0.0,0.402762,1,0.0,0,324,1,4,0.4233,0.1481,GREEN,47,Bengaluru
CLM0028487,BEN_00147,Jayanagar,2020-07-02,19,0,0,0,0,0,1,0,0,0,0.0,0.0,0,0.0,0,420,0,1,0.6313,0.1917,GREEN,52,Bengaluru
CLM0028488,BEN_07130,Jayanagar,2020-07-28,16,0,1,1,0,0,0,1,0,0,1.0,0.055574,0,0.0,0,211,0,2,0.7494,0.0144,GREEN,45,Bengaluru
CLM0028489,BEN_08764,Indiranagar,2023-08-25,12,0,0,0,0,0,0,0,0,0,1.0,1.0,0,0.0,0,396,2,1,0.6718,0.0,GREEN,19,Bengaluru
CLM0028490,BEN_08183,Koramangala,2023-11-23,18,0,0,0,0,0,0,0,0,0,0.0,0.1744,0,0.0,0,420,2,5,0.6036,0.0,GREEN,46,Bengaluru
CLM0028491,BEN_05317,Electronic City,2025-07-03,21,0,0,0,0,0,0,0,0,0,0.0,0.11029,0,0.0,0,139,4,0,0.7635,0.0,GREEN,39,Bengaluru
CLM0028492,BEN_09103,Jayanagar,2020-07-05,8,0,0,0,0,0,0,0,0,0,0.0,0.211863,0,0.0,0,292,4,4,0.1175,0.0,GREEN,42,Bengaluru
CLM0028493,BEN_05539,Indiranagar,2019-12-20,12,0,0,0,0,0,0,1,0,0,1.0,0.322883,0,0.0,0,302,2,2,0.98,0.1688,GREEN,46,Bengaluru
CLM0028494,BEN_00032,BTM Layout,2020-08-01,15,0,0,0,1,0,0,0,0,0,0.0,0.289347,0,0.0,0,93,3,2,0.9554,0.1136,GREEN,45,Bengaluru
CLM0028495,BEN_00169,Electronic City,2023-11-17,20,0,0,0,0,0,0,0,0,0,0.0,0.284265,1,0.0,0,318,1,1,0.6003,0.0375,GREEN,47,Bengaluru
CLM0028496,BEN_09345,Rajajinagar,2024-08-11,19,0,0,0,0,0,0,1,0,0,0.0,0.046134,0,0.0,0,141,2,1,0.0648,0.1012,GREEN,48,Bengaluru
CLM0028497,BEN_07485,Yelahanka,2016-12-08,7,0,0,0,0,0,0,0,0,0,0.0,0.128531,0,0.0,0,111,2,2,0.8737,0.1092,GREEN,54,Bengaluru
CLM0028498,BEN_09152,Whitefield,2024-05-04,20,0,0,0,0,0,0,0,1,0,0.0,0.16378,0,0.0,0,157,4,3,0.98,0.0739,GREEN,52,Bengaluru
CLM0028499,BEN_00608,Electronic City,2025-02-08,13,0,0,0,0,0,0,1,0,0,0.0,0.2174,1,0.0,0,8,2,18,0.885,0.032,GREEN,30,Bengaluru
CLM0028500,BEN_01782,Jayanagar,2025-09-09,18,0,1,1,0,0,0,0,0,0,0.0,0.064434,0,0.0,0,104,0,5,0.2519,0.0448,GREEN,47,Bengaluru
CLM0028501,BEN_04270,Indiranagar,2017-03-24,14,0,0,0,0,0,0,0,0,0,0.0,0.243808,1,0.0,0,9,0,0,0.6677,0.0623,GREEN,28,Bengaluru
CLM0028502,BEN_03260,Rajajinagar,2022-02-16,9,0,0,0,0,0,0,0,0,0,0.0,0.31198,0,0.0,0,104,1,5,0.3157,0.0064,GREEN,42,Bengaluru
CLM0028503,BEN_00370,Yelahanka,2023-01-27,12,0,0,0,0,0,0,0,1,0,0.0,0.31166,0,0.0,0,420,2,0,0.6371,0.2734,GREEN,44,Bengaluru
CLM0028504,BEN_08402,Yelahanka,2018-06-24,10,0,0,0,0,0,0,0,0,1,0.0,0.175102,0,0.0,0,55,1,0,0.7901,0.1217,GREEN,42,Bengaluru
CLM0028505,BEN_04617,Jayanagar,2021-01-01,15,0,0,0,0,0,0,0,0,1,0.0,0.269254,0,0.0,0,251,4,1,0.8364,0.2267,GREEN,45,Bengaluru
CLM0028506,BEN_00632,Marathahalli,2016-01-27,10,0,0,0,0,0,0,0,0,0,0.0,0.230855,0,0.0,0,316,4,1,0.98,0.0,GREEN,52,Bengaluru
CLM0028507,BEN_05927,BTM Layout,2022-06-09,19,0,0,0,0,1,0,0,0,0,0.0,1.0,0,0.0,0,135,0,0,0.5576,0.1803,GREEN,43,Bengaluru
CLM0028508,BEN_07552,Jayanagar,2024-08-19,14,0,0,0,0,0,1,0,0,1,1.0,0.298983,0,0.0,0,307,1,0,0.2426,0.2714,GREEN,54,Bengaluru
CLM0028509,BEN_02289,Koramangala,2020-05-13,17,0,0,0,0,0,1,0,0,0,1.0,0.241944,0,0.0,0,184,1,2,0.98,0.1782,GREEN,50,Bengaluru
CLM0028510,BEN_05309,Whitefield,2023-04-07,18,0,0,0,0,0,0,0,0,0,0.0,0.030296,0,0.0,0,96,4,5,0.2892,0.0,GREEN,57,Bengaluru
CLM0028511,BEN_06856,Koramangala,2021-10-29,13,0,0,0,0,0,0,0,0,0,0.0,0.325914,1,0.0,0,299,0,3,0.7634,0.0807,GREEN,31,Bengaluru
CLM0028512,BEN_07818,HSR Layout,2019-11-24,19,0,0,0,0,0,0,0,0,0,0.0,0.148677,1,0.0,1,177,1,1,0.8351,0.2199,GREEN,48,Bengaluru
CLM0028513,BEN_05062,Jayanagar,2019-11-14,7,0,0,0,0,0,1,0,1,0,0.0,0.39712,0,0.0,0,420,2,2,0.5568,0.144,GREEN,47,Bengaluru
CLM0028514,BEN_09507,Marathahalli,2024-06-28,16,0,0,0,0,0,0,0,0,0,0.0,0.103908,0,0.0,0,420,0,5,0.717,0.0,GREEN,46,Bengaluru
CLM0028515,BEN_07172,Yelahanka,2022-12-06,10,0,0,0,0,0,0,1,0,0,0.0,0.332722,0,0.0,0,52,1,2,0.6346,0.0723,GREEN,30,Bengaluru
CLM0028516,BEN_03041,Rajajinagar,2021-09-30,9,0,0,0,0,0,0,0,0,0,0.0,0.04878,0,0.0,0,252,0,5,0.6943,0.0,GREEN,42,Bengaluru
CLM0028517,BEN_01910,BTM Layout,2025-02-23,12,0,0,0,0,0,0,0,0,0,0.0,0.241511,0,1.0,0,78,1,0,0.6763,0.1709,GREEN,45,Bengaluru
CLM0028518,BEN_05162,Koramangala,2020-03-10,15,0,0,0,0,0,0,0,1,0,0.0,0.202911,0,0.0,0,106,4,2,0.6367,0.0368,GREEN,68,Bengaluru
CLM0028519,BEN_04431,Whitefield,2021-05-17,16,0,0,0,0,0,0,0,0,0,0.0,0.360373,0,0.0,0,420,0,0,0.8287,0.0045,GREEN,32,Bengaluru
CLM0028520,BEN_03173,Marathahalli,2019-03-28,14,0,0,0,0,0,0,0,0,0,0.0,0.062084,0,0.0,0,284,4,3,0.9514,0.0666,GREEN,54,Bengaluru
CLM0028521,BEN_02341,HSR Layout,2019-03-08,15,0,0,0,0,0,0,0,0,0,0.0,0.255349,0,0.0,0,420,3,4,0.5245,0.0,GREEN,55,Bengaluru
CLM0028522,BEN_07305,Jayanagar,2023-03-20,7,0,0,0,0,0,0,0,0,0,0.0,0.167278,0,1.0,0,174,4,1,0.9512,0.0,GREEN,53,Bengaluru
CLM0028523,BEN_03297,Rajajinagar,2021-08-31,15,0,0,0,1,0,0,0,0,0,0.0,0.400553,0,0.0,0,54,2,1,0.6147,0.1429,GREEN,55,Bengaluru
CLM0028524,BEN_03696,Marathahalli,2021-12-28,13,0,0,0,0,0,0,0,0,0,0.0,0.335334,1,0.0,0,68,2,1,0.98,0.0529,GREEN,32,Bengaluru
CLM0028525,BEN_00884,BTM Layout,2021-11-14,12,0,0,0,0,0,0,0,0,0,0.0,1.0,0,0.0,0,28,3,0,0.865,0.0408,GREEN,36,Bengaluru
CLM0028526,BEN_01801,Marathahalli,2025-09-22,14,0,0,0,0,0,1,1,0,0,0.0,0.302928,0,0.0,0,325,4,1,0.5841,0.2028,GREEN,27,Bengaluru
CLM0028527,BEN_07765,HSR Layout,2025-01-31,19,0,0,0,0,0,0,0,0,0,0.0,0.130235,0,0.0,0,140,2,7,0.8655,0.1119,GREEN,42,Bengaluru
CLM0028528,BEN_00995,Indiranagar,2025-02-02,12,0,0,0,1,0,0,0,0,0,0.0,0.235605,1,0.0,0,174,2,1,0.4151,0.1972,GREEN,47,Bengaluru
CLM0028529,BEN_05589,BTM Layout,2019-05-17,16,0,0,0,1,0,0,1,0,1,1.0,0.984033,0,1.0,0,15,0,18,0.05,0.0252,GREEN,40,Bengaluru
CLM0028530,BEN_08457,Indiranagar,2018-12-31,16,0,0,0,0,0,0,0,0,0,0.0,0.261318,0,0.0,0,420,0,5,0.9187,0.0,GREEN,51,Bengaluru
CLM0028531,BEN_02799,BTM Layout,2022-03-28,21,0,0,0,0,0,1,0,0,0,0.0,1.0,0,0.0,0,144,1,0,0.7373,0.1906,GREEN,51,Bengaluru
CLM0028532,BEN_00841,Koramangala,2021-01-12,20,0,0,0,0,0,0,0,1,0,0.0,0.054775,0,0.0,0,140,3,6,0.8792,0.0908,GREEN,50,Bengaluru
CLM0028533,BEN_06981,Marathahalli,2022-10-27,12,0,1,1,0,0,0,0,0,0,1.0,0.39428,0,0.0,0,230,2,4,0.7765,0.0458,GREEN,46,Bengaluru
CLM0028534,BEN_05266,Rajajinagar,2025-11-07,13,0,0,0,0,0,1,0,0,0,0.0,1.0,1,0.0,0,420,4,0,0.6478,0.1512,GREEN,44,Bengaluru
CLM0028535,BEN_01187,Jayanagar,2022-05-09,19,0,0,0,0,0,0,0,0,0,0.0,0.026429,0,0.0,1,41,4,6,0.8802,0.07,GREEN,39,Bengaluru
CLM0028536,BEN_04501,Koramangala,2023-05-31,19,0,0,0,0,0,0,0,0,0,0.0,0.229408,0,0.0,0,420,4,0,0.9205,0.0859,GREEN,19,Bengaluru
CLM0028537,BEN_08132,Yelahanka,2021-10-10,10,0,0,0,0,0,0,0,1,0,0.0,0.36661,0,0.0,0,234,3,0,0.2027,0.0999,GREEN,35,Bengaluru
CLM0028538,BEN_03240,Rajajinagar,2023-08-15,7,0,0,0,0,0,0,0,0,1,0.0,0.023185,0,0.0,1,341,0,2,0.5235,0.186,GREEN,38,Bengaluru
CLM0028539,BEN_07494,Electronic City,2020-04-29,7,0,0,0,0,0,0,0,1,0,0.0,0.221352,0,0.0,1,420,3,2,0.2594,0.2242,GREEN,46,Bengaluru
CLM0028540,BEN_06031,Koramangala,2019-08-21,9,0,0,0,0,0,0,0,0,0,0.0,0.363718,0,0.0,0,298,4,6,0.8289,0.0404,GREEN,64,Bengaluru
CLM0028541,BEN_01605,BTM Layout,2021-11-06,7,0,0,0,0,0,0,0,0,0,0.0,0.405002,0,0.0,0,128,4,3,0.98,0.067,GREEN,41,Bengaluru
CLM0028542,BEN_00126,Koramangala,2022-01-23,12,0,0,0,0,0,0,0,0,0,0.0,0.009432,0,0.0,0,388,0,3,0.771,0.0248,GREEN,45,Bengaluru
CLM0028543,BEN_02404,Marathahalli,2022-12-01,16,0,0,0,0,0,0,0,0,0,0.0,0.154017,0,0.0,0,286,4,5,0.9214,0.0,GREEN,33,Bengaluru
CLM0028544,BEN_01212,HSR Layout,2025-04-20,19,0,0,0,0,0,0,0,0,0,0.0,0.0,0,1.0,0,420,0,3,0.6853,0.0,GREEN,37,Bengaluru
CLM0028545,BEN_06600,Indiranagar,2024-10-16,13,0,0,0,0,0,0,0,0,1,0.0,0.369974,0,0.0,0,292,3,0,0.6977,0.1347,GREEN,18,Bengaluru
CLM0028546,BEN_03899,Electronic City,2021-08-18,17,0,0,0,0,0,0,0,0,0,1.0,0.0,0,0.0,0,420,1,4,0.7947,0.1263,GREEN,46,Bengaluru
CLM0028547,BEN_05084,Electronic City,2021-05-10,15,0,0,0,0,0,0,0,0,0,0.0,0.317413,0,0.0,0,334,0,0,0.6098,0.0659,GREEN,27,Bengaluru
CLM0028548,BEN_02338,Rajajinagar,2021-06-25,20,0,0,0,0,0,0,0,0,0,0.0,0.15309,0,0.0,0,284,1,5,0.81,0.0824,GREEN,42,Bengaluru
CLM0028549,BEN_02038,Rajajinagar,2025-09-05,19,0,0,0,0,0,0,0,0,0,0.0,0.232228,0,0.0,0,197,4,2,0.8238,0.0446,GREEN,31,Bengaluru
CLM0028550,BEN_03942,Rajajinagar,2022-01-06,9,0,0,0,0,0,0,0,0,0,0.0,0.112524,0,0.0,0,34,1,2,0.98,0.0498,GREEN,56,Bengaluru
CLM0028551,BEN_00724,Koramangala,2025-04-28,13,0,0,0,0,0,0,0,0,0,0.0,0.431497,0,0.0,0,351,1,4,0.851,0.0,GREEN,57,Bengaluru
CLM0028552,BEN_01743,Electronic City,2022-10-16,7,0,0,0,0,0,0,0,0,0,0.0,0.199629,0,0.0,0,288,2,0,0.7717,0.0,GREEN,42,Bengaluru
CLM0028553,BEN_03344,Indiranagar,2024-05-30,10,0,0,0,0,0,0,0,0,0,0.0,0.225827,0,0.0,0,217,3,4,0.4425,0.0,GREEN,49,Bengaluru
CLM0028554,BEN_06380,Koramangala,2023-07-18,14,0,0,0,1,1,0,1,0,1,1.0,1.0,0,0.0,0,5,4,18,0.6701,0.0,GREEN,52,Bengaluru
CLM0028555,BEN_09144,Rajajinagar,2023-02-27,7,0,1,1,0,0,0,0,0,0,0.0,0.116402,0,1.0,0,325,3,0,0.5764,0.0333,GREEN,47,Bengaluru
CLM0028556,BEN_00568,Indiranagar,2023-02-01,12,0,0,0,0,0,0,0,0,1,0.0,0.009125,0,0.0,0,330,4,0,0.361,0.1539,GREEN,34,Bengaluru
CLM0028557,BEN_00818,BTM Layout,2024-05-22,11,0,0,0,0,0,0,0,0,1,1.0,0.128072,0,0.0,0,420,3,2,0.9688,0.2054,GREEN,39,Bengaluru
CLM0028558,BEN_00958,Yelahanka,2022-07-30,17,0,0,0,0,0,0,0,0,0,0.0,0.291108,0,0.0,1,412,4,6,0.8879,0.0059,GREEN,41,Bengaluru
CLM0028559,BEN_08431,Yelahanka,2024-12-07,12,0,0,0,0,0,0,0,0,0,0.0,0.0,0,0.0,0,362,4,0,0.98,0.038,GREEN,26,Bengaluru
CLM0028560,BEN_04267,Yelahanka,2025-07-26,16,0,0,0,0,0,0,0,0,0,0.0,0.346853,0,0.0,0,69,3,3,0.9704,0.035,GREEN,49,Bengaluru
CLM0028561,BEN_06030,Marathahalli,2023-11-25,15,0,0,0,1,0,0,0,0,0,0.0,0.137783,0,0.0,0,287,1,3,0.8298,0.1358,GREEN,50,Bengaluru
CLM0028562,BEN_00750,Whitefield,2025-11-29,14,0,0,0,0,0,0,0,0,1,0.0,0.166954,0,0.0,0,299,4,2,0.5669,0.178,GREEN,45,Bengaluru
CLM0028563,BEN_08723,Koramangala,2018-01-14,16,0,0,0,0,0,0,0,0,1,0.0,0.248658,1,0.0,0,420,4,5,0.7244,0.233,GREEN,49,Bengaluru
CLM0028564,BEN_09921,Koramangala,2015-09-20,20,0,0,0,0,0,0,0,0,0,0.0,0.047034,0,0.0,0,420,3,0,0.6186,0.0286,GREEN,59,Bengaluru
CLM0028565,BEN_01504,BTM Layout,2021-08-04,10,0,0,0,0,0,0,0,1,0,0.0,0.149549,0,0.0,1,84,0,0,0.1856,0.1333,GREEN,47,Bengaluru
CLM0028566,BEN_09916,Indiranagar,2017-06-13,21,0,0,0,0,0,1,0,0,0,0.0,0.36041,0,0.0,0,420,4,5,0.7756,0.0667,GREEN,51,Bengaluru
CLM0028567,BEN_04225,Yelahanka,2019-11-06,20,0,0,0,0,0,0,0,0,0,0.0,0.083062,0,0.0,0,326,1,0,0.1103,0.1525,GREEN,45,Bengaluru
CLM0028568,BEN_03053,Whitefield,2025-07-03,15,0,0,0,0,1,0,0,0,0,0.0,0.222824,0,0.0,0,210,4,0,0.5748,0.144,GREEN,31,Bengaluru
CLM0028569,BEN_00296,Rajajinagar,2024-01-25,11,0,0,0,0,0,0,0,1,0,0.0,0.314706,0,0.0,0,377,4,0,0.2392,0.1595,GREEN,54,Bengaluru
CLM0028570,BEN_03250,Marathahalli,2022-05-27,13,0,0,0,0,0,0,0,0,0,0.0,0.020573,0,0.0,0,158,0,0,0.98,0.0,GREEN,30,Bengaluru
CLM0028571,BEN_02103,Jayanagar,2024-02-21,7,0,0,0,0,0,0,0,0,0,0.0,0.22265,0,1.0,0,313,4,2,0.5675,0.0,GREEN,40,Bengaluru
CLM0028572,BEN_06113,Electronic City,2023-03-04,8,0,0,0,1,0,0,0,0,0,0.0,1.0,0,0.0,0,367,1,4,0.5042,0.1201,GREEN,48,Bengaluru
CLM0028573,BEN_02730,Whitefield,2025-11-04,12,0,0,0,0,0,0,1,1,0,0.0,0.0,0,0.0,0,420,4,0,0.7026,0.1908,GREEN,33,Bengaluru
CLM0028574,BEN_03237,Koramangala,2025-12-21,15,0,0,0,0,0,0,1,0,0,0.0,0.392679,0,0.0,0,153,4,6,0.518,0.0512,GREEN,46,Bengaluru
CLM0028575,BEN_06314,Koramangala,2021-07-05,11,0,0,0,0,0,0,0,0,0,0.0,0.311171,0,0.0,0,187,0,0,0.4973,0.0188,GREEN,41,Bengaluru
CLM0028576,BEN_08273,Electronic City,2021-02-11,20,0,0,0,0,0,0,0,0,1,0.0,0.157972,0,0.0,0,100,4,5,0.6167,0.0264,GREEN,28,Bengaluru
CLM0028577,BEN_09032,Jayanagar,2021-06-14,17,0,0,0,0,0,0,0,0,0,1.0,1.0,0,1.0,0,359,3,3,0.945,0.0814,GREEN,43,Bengaluru
CLM0028578,BEN_06828,BTM Layout,2022-03-10,11,0,0,0,0,0,0,0,0,0,0.0,0.0,0,0.0,0,360,0,0,0.5731,0.0,GREEN,46,Bengaluru
CLM0028579,BEN_05668,Koramangala,2021-11-19,14,0,0,0,0,0,0,0,0,0,0.0,0.439781,0,0.0,0,331,3,5,0.6574,0.0275,GREEN,46,Bengaluru
CLM0028580,BEN_02861,Whitefield,2020-05-26,14,0,0,0,0,0,0,0,0,0,0.0,0.310966,0,0.0,0,277,1,2,0.6672,0.0193,GREEN,49,Bengaluru
CLM0028581,BEN_07464,Electronic City,2020-03-25,16,0,0,0,0,0,0,0,1,0,0.0,0.061152,0,0.0,0,226,2,0,0.8925,0.1819,GREEN,60,Bengaluru
CLM0028582,BEN_02395,BTM Layout,2022-09-21,14,0,0,0,0,0,0,0,0,0,1.0,0.309423,0,0.0,1,37,1,3,0.7179,0.0697,GREEN,49,Bengaluru
CLM0028583,BEN_04520,Yelahanka,2023-12-22,11,0,0,0,0,0,0,0,0,0,0.0,0.299378,0,0.0,0,347,0,6,0.7333,0.0755,GREEN,37,Bengaluru
CLM0028584,BEN_03152,Jayanagar,2021-07-22,21,0,0,0,0,0,0,0,0,0,0.0,0.174727,0,0.0,0,240,2,5,0.5017,0.0019,GREEN,31,Bengaluru
CLM0028585,BEN_00728,Indiranagar,2024-10-04,8,0,0,0,0,0,0,0,0,0,0.0,0.074743,0,0.0,0,401,2,0,0.8826,0.0122,GREEN,41,Bengaluru
CLM0028586,BEN_01349,Koramangala,2022-12-18,21,0,0,0,1,0,0,1,0,0,0.0,1.0,0,0.0,0,316,4,0,0.682,0.1366,GREEN,44,Bengaluru
CLM0028587,BEN_00818,BTM Layout,2020-10-13,11,0,0,0,0,0,0,0,1,0,0.0,0.101702,0,0.0,0,370,1,5,0.8186,0.0244,GREEN,39,Bengaluru
CLM0028588,BEN_06387,Whitefield,2021-03-29,10,0,1,1,0,0,0,0,0,0,0.0,0.0,0,0.0,0,406,4,2,0.7839,0.0,GREEN,39,Bengaluru
CLM0028589,BEN_06319,Indiranagar,2020-12-24,14,0,0,0,0,1,1,0,0,1,1.0,0.568744,0,1.0,0,5,1,18,0.8445,0.1208,GREEN,53,Bengaluru
CLM0028590,BEN_00415,Jayanagar,2025-09-23,21,0,0,0,1,1,0,1,1,0,1.0,0.639658,1,0.0,1,9,0,18,0.1159,0.0,GREEN,34,Bengaluru
CLM0028591,BEN_08185,Marathahalli,2023-12-09,18,0,0,0,0,0,0,0,0,0,1.0,1.0,0,1.0,0,420,0,6,0.4567,0.0829,GREEN,53,Bengaluru
CLM0028592,BEN_05915,HSR Layout,2021-07-30,19,0,0,0,0,0,0,0,0,0,0.0,0.133694,0,0.0,0,420,0,0,0.67,0.0682,GREEN,50,Bengaluru
CLM0028593,BEN_04577,HSR Layout,2025-03-28,10,0,0,0,0,0,0,0,0,0,0.0,0.097041,0,0.0,0,65,2,0,0.8851,0.0143,GREEN,44,Bengaluru
CLM0028594,BEN_05249,HSR Layout,2025-12-02,16,0,0,0,0,0,0,0,0,0,0.0,0.93301,0,0.0,0,72,4,3,0.98,0.0462,GREEN,40,Bengaluru
CLM0028595,BEN_06935,Whitefield,2024-04-18,7,0,0,0,0,0,0,0,0,0,0.0,0.276579,0,0.0,0,420,1,0,0.98,0.0,GREEN,30,Bengaluru
CLM0028596,BEN_09516,Koramangala,2024-11-30,7,0,0,0,0,0,0,0,0,1,0.0,0.022881,0,0.0,0,336,0,1,0.752,0.0422,GREEN,27,Bengaluru
CLM0028597,BEN_08881,Marathahalli,2025-06-27,21,0,0,0,0,0,1,0,0,0,0.0,1.0,0,0.0,0,100,1,1,0.8112,0.1023,GREEN,61,Bengaluru
CLM0028598,BEN_06160,Jayanagar,2023-12-06,19,0,0,0,1,0,0,0,0,0,0.0,0.117029,0,0.0,0,308,0,2,0.8617,0.203,GREEN,39,Bengaluru
CLM0028599,BEN_03994,Koramangala,2024-05-06,11,0,0,0,0,0,0,0,0,0,1.0,0.216607,0,0.0,0,155,3,2,0.6694,0.0323,GREEN,65,Bengaluru
CLM0028600,BEN_01285,Marathahalli,2023-03-16,13,0,0,0,0,0,0,0,0,0,0.0,0.209239,0,0.0,0,74,4,2,0.5757,0.0,GREEN,48,Bengaluru
CLM0028601,BEN_04832,Koramangala,2024-03-09,17,0,0,0,0,0,0,0,0,0,0.0,0.353737,0,0.0,0,393,0,0,0.5856,0.0,GREEN,44,Bengaluru
CLM0028602,BEN_03723,HSR Layout,2019-05-03,9,0,0,0,0,0,0,0,0,1,0.0,0.072731,0,0.0,0,387,4,1,0.98,0.1471,GREEN,60,Bengaluru
CLM0028603,BEN_01193,Whitefield,2022-07-07,7,0,0,0,1,0,0,0,0,0,0.0,0.317257,0,0.0,0,191,0,0,0.8614,0.2004,GREEN,54,Bengaluru
CLM0028604,BEN_07408,Rajajinagar,2022-02-24,13,0,0,0,0,0,0,1,0,0,0.0,0.086199,0,1.0,0,242,4,4,0.6742,0.18,GREEN,45,Bengaluru
CLM0028605,BEN_04232,Jayanagar,2020-06-06,11,0,0,0,0,0,0,0,1,0,0.0,0.068821,0,0.0,0,61,0,0,0.8894,0.0918,GREEN,46,Bengaluru
CLM0028606,BEN_00734,Yelahanka,2022-11-29,13,0,0,0,0,0,0,0,0,0,0.0,0.258817,0,0.0,0,342,1,8,0.8927,0.0,GREEN,43,Bengaluru
CLM0028607,BEN_05441,Rajajinagar,2024-11-04,14,0,0,0,0,0,0,0,1,0,0.0,0.111937,0,0.0,0,119,1,3,0.773,0.1332,GREEN,46,Bengaluru
CLM0028608,BEN_00656,BTM Layout,2021-03-12,8,0,0,0,0,0,0,1,0,0,0.0,1.0,0,0.0,0,210,0,5,0.5745,0.0187,GREEN,28,Bengaluru
CLM0028609,BEN_09088,BTM Layout,2024-11-18,11,0,0,0,0,0,0,0,0,0,0.0,0.118516,0,1.0,0,383,3,0,0.9581,0.1911,GREEN,59,Bengaluru
CLM0028610,BEN_00244,Electronic City,2023-12-25,13,0,0,0,1,0,1,0,0,0,0.0,0.117871,1,0.0,0,39,3,18,0.879,0.2417,GREEN,18,Bengaluru
CLM0028611,BEN_08988,Whitefield,2023-04-27,19,0,0,0,0,1,0,1,0,0,0.0,0.31641,0,0.0,0,420,3,0,0.786,0.1502,GREEN,46,Bengaluru
CLM0028612,BEN_06038,Rajajinagar,2025-06-28,9,0,0,0,0,0,0,0,0,0,0.0,0.438272,0,0.0,0,420,0,0,0.735,0.0,GREEN,66,Bengaluru
CLM0028613,BEN_09875,HSR Layout,2023-03-17,16,0,1,1,0,0,1,0,0,0,0.0,0.19927,0,0.0,0,76,1,2,0.6655,0.0578,GREEN,24,Bengaluru
CLM0028614,BEN_03774,Rajajinagar,2021-04-16,20,0,0,0,0,0,0,0,0,0,0.0,0.120643,0,0.0,0,164,2,6,0.98,0.0183,GREEN,41,Bengaluru
CLM0028615,BEN_04679,BTM Layout,2023-09-21,13,0,0,0,0,0,0,0,0,0,0.0,0.366314,0,0.0,0,39,1,4,0.6293,0.0,GREEN,28,Bengaluru
CLM0028616,BEN_05567,Koramangala,2025-07-09,13,0,0,0,0,0,0,0,0,0,0.0,0.164424,0,0.0,0,399,0,2,0.8691,0.0473,GREEN,57,Bengaluru
CLM0028617,BEN_04829,Koramangala,2022-05-11,14,0,0,0,0,0,0,0,0,0,0.0,0.0,0,0.0,0,120,3,4,0.6643,0.0,GREEN,52,Bengaluru
CLM0028618,BEN_02298,Marathahalli,2025-11-16,13,0,0,0,0,0,0,0,0,0,0.0,0.003545,0,0.0,0,320,3,0,0.8742,0.0,GREEN,49,Bengaluru
CLM0028619,BEN_07661,Whitefield,2021-10-05,14,0,0,0,0,0,1,0,0,0,0.0,0.028019,0,0.0,0,71,1,2,0.496,0.1619,GREEN,44,Bengaluru
CLM0028620,BEN_07077,Marathahalli,2017-02-22,13,0,0,0,0,0,1,0,0,0,0.0,0.154739,0,0.0,0,237,0,1,0.5369,0.1433,GREEN,63,Bengaluru
CLM0028621,BEN_09997,Rajajinagar,2018-07-25,16,0,0,0,0,0,0,0,0,0,1.0,0.12092,0,0.0,0,171,1,4,0.5735,0.0836,GREEN,49,Bengaluru
CLM0028622,BEN_07038,Marathahalli,2022-05-04,20,0,0,0,0,0,0,0,0,0,0.0,0.185652,0,0.0,0,17,2,0,0.785,0.0,GREEN,45,Bengaluru
CLM0028623,BEN_04209,Electronic City,2022-05-27,8,0,0,0,0,1,0,0,0,0,0.0,0.262151,0,0.0,0,101,3,5,0.5166,0.3627,YELLOW,45,Bengaluru
CLM0028624,BEN_03186,Jayanagar,2024-08-10,10,0,0,0,0,0,0,0,0,0,0.0,0.357488,0,0.0,1,213,3,2,0.8133,0.0379,GREEN,25,Bengaluru
CLM0028625,BEN_03603,Koramangala,2018-12-05,7,0,0,0,1,0,0,0,0,0,1.0,0.096098,0,0.0,0,82,2,1,0.714,0.1741,GREEN,18,Bengaluru
CLM0028626,BEN_07216,Koramangala,2020-09-20,15,0,0,0,0,0,0,0,0,0,0.0,0.023416,0,0.0,0,346,1,4,0.05,0.0152,GREEN,39,Bengaluru
CLM0028627,BEN_07124,Koramangala,2021-01-22,17,0,0,0,0,1,0,0,0,0,0.0,0.217185,0,0.0,0,124,4,3,0.733,0.0746,GREEN,29,Bengaluru
CLM0028628,BEN_09693,BTM Layout,2018-07-21,9,0,0,0,0,0,0,0,0,0,0.0,0.005093,0,0.0,0,357,2,3,0.5332,0.0,GREEN,54,Bengaluru
CLM0028629,BEN_07493,HSR Layout,2018-12-08,7,0,0,0,0,0,1,0,1,0,0.0,0.917925,0,0.0,0,398,2,1,0.214,0.1051,GREEN,18,Bengaluru
CLM0028630,BEN_09782,Marathahalli,2024-10-24,14,0,0,0,0,0,0,1,0,0,1.0,0.166255,0,0.0,0,8,4,5,0.7527,0.0834,GREEN,23,Bengaluru
CLM0028631,BEN_07763,Jayanagar,2024-03-13,13,0,0,0,0,0,0,0,0,0,0.0,1.0,0,0.0,0,368,0,6,0.7449,0.1005,GREEN,42,Bengaluru
CLM0028632,BEN_03617,Marathahalli,2025-11-11,11,0,0,0,0,0,1,0,0,0,0.0,0.115528,0,0.0,0,95,3,5,0.545,0.1794,GREEN,54,Bengaluru
CLM0028633,BEN_03314,Whitefield,2024-12-02,15,0,0,0,0,0,0,0,0,0,0.0,1.0,0,0.0,0,420,3,0,0.7066,0.0507,GREEN,34,Bengaluru
CLM0028634,BEN_09525,Electronic City,2023-06-24,14,0,0,0,0,0,0,0,1,0,0.0,0.241647,1,1.0,0,220,2,1,0.224,0.0535,GREEN,52,Bengaluru
CLM0028635,BEN_06685,Rajajinagar,2022-10-15,19,0,0,0,0,1,0,0,0,0,0.0,0.365019,0,1.0,0,194,2,3,0.4396,0.0173,GREEN,51,Bengaluru
CLM0028636,BEN_08637,Jayanagar,2020-10-27,11,0,0,0,1,1,1,0,1,1,1.0,1.0,0,0.0,1,5,2,18,0.067,0.179,GREEN,60,Bengaluru
CLM0028637,BEN_09948,BTM Layout,2021-09-23,9,0,0,0,0,0,0,0,0,0,0.0,0.316547,0,0.0,0,418,2,2,0.5487,0.0,GREEN,53,Bengaluru
CLM0028638,BEN_09846,Jayanagar,2023-10-26,15,0,0,0,0,0,0,0,0,0,1.0,0.328336,0,0.0,0,402,4,3,0.7281,0.0467,GREEN,34,Bengaluru
CLM0028639,BEN_00691,Indiranagar,2024-11-08,10,0,0,0,0,0,0,0,0,0,0.0,0.166495,0,0.0,0,318,0,2,0.0672,0.0,GREEN,46,Bengaluru
CLM0028640,BEN_06756,Electronic City,2025-03-11,10,0,0,0,0,0,0,0,0,0,0.0,0.188806,0,0.0,0,285,3,4,0.6238,0.0,GREEN,45,Bengaluru
CLM0028641,BEN_07695,Electronic City,2024-01-28,20,0,0,0,0,0,0,0,0,0,0.0,0.232204,0,0.0,0,237,2,3,0.5776,0.0515,GREEN,38,Bengaluru
CLM0028642,BEN_01914,Koramangala,2022-09-30,12,0,0,0,0,0,1,0,0,0,0.0,0.081106,0,0.0,0,420,4,1,0.8717,0.0782,GREEN,37,Bengaluru
CLM0028643,BEN_04457,BTM Layout,2020-10-28,11,1,0,0,0,0,0,0,0,0,0.0,0.209747,0,0.0,0,65,0,2,0.1792,0.1619,GREEN,39,Bengaluru
CLM0028644,BEN_03266,Whitefield,2016-08-23,10,0,0,0,1,0,0,0,0,0,0.0,0.108092,0,0.0,0,108,0,0,0.9318,0.1718,GREEN,47,Bengaluru
CLM0028645,BEN_06379,Whitefield,2018-01-29,11,0,0,0,0,0,0,1,0,0,0.0,0.293632,0,0.0,0,256,4,0,0.6334,0.1253,GREEN,40,Bengaluru
CLM0028646,BEN_08805,Whitefield,2020-06-26,15,0,0,0,0,0,0,0,0,0,0.0,0.072368,0,0.0,0,153,4,0,0.98,0.0,GREEN,36,Bengaluru
CLM0028647,BEN_04444,Rajajinagar,2020-07-30,18,0,0,0,0,0,0,0,0,0,0.0,0.166749,0,1.0,0,271,4,1,0.6315,0.0179,GREEN,47,Bengaluru
CLM0028648,BEN_03874,HSR Layout,2023-02-22,10,0,0,0,1,1,1,1,1,1,1.0,0.948705,0,0.0,1,16,4,18,0.7663,0.1002,GREEN,30,Bengaluru
CLM0028649,BEN_06639,Rajajinagar,2017-05-21,21,0,0,0,0,1,0,0,1,0,0.0,0.298387,0,0.0,0,205,4,2,0.8258,0.1377,GREEN,33,Bengaluru
CLM0028650,BEN_05329,Yelahanka,2025-02-23,11,0,0,0,0,0,0,0,1,0,0.0,0.206826,0,0.0,0,420,0,1,0.6536,0.067,GREEN,37,Bengaluru
CLM0028651,BEN_06306,HSR Layout,2021-08-31,9,0,0,0,0,0,0,0,1,1,0.0,0.323533,0,0.0,0,322,0,3,0.7057,0.1157,GREEN,39,Bengaluru
CLM0028652,BEN_01703,Whitefield,2019-12-07,18,0,0,0,0,0,0,0,0,0,0.0,0.165374,0,0.0,0,171,2,4,0.6493,0.0,GREEN,28,Bengaluru
CLM0028653,BEN_05971,BTM Layout,2021-07-22,10,0,0,0,0,0,0,0,0,0,0.0,0.022837,0,0.0,0,177,1,4,0.5826,0.1231,GREEN,39,Bengaluru
CLM0028654,BEN_07633,Electronic City,2019-02-12,21,0,0,0,0,0,0,0,0,0,0.0,0.212777,0,0.0,0,223,0,3,0.1901,0.0,GREEN,39,Bengaluru
CLM0028655,BEN_02234,Rajajinagar,2017-12-22,11,0,0,0,0,0,0,0,0,0,0.0,0.99106,0,0.0,0,250,0,1,0.7722,0.1162,GREEN,44,Bengaluru
CLM0028656,BEN_01683,Koramangala,2025-07-17,10,0,0,0,0,0,0,1,0,0,0.0,0.0,0,0.0,0,215,1,3,0.8287,0.1232,GREEN,56,Bengaluru
CLM0028657,BEN_03939,Marathahalli,2025-05-28,21,0,0,0,0,0,0,0,0,0,0.0,0.401858,0,0.0,0,13,2,7,0.9069,0.0165,GREEN,47,Bengaluru
CLM0028658,BEN_05470,Indiranagar,2020-12-05,12,0,0,0,0,0,0,0,0,0,0.0,0.19324,0,0.0,0,141,2,3,0.6052,0.0,GREEN,49,Bengaluru
CLM0028659,BEN_02393,Marathahalli,2025-03-06,10,0,0,0,0,0,1,0,0,0,0.0,0.374104,0,0.0,0,153,2,0,0.4848,0.2231,GREEN,39,Bengaluru
CLM0028660,BEN_05251,Indiranagar,2025-06-03,11,0,0,0,0,0,0,0,0,0,0.0,0.116081,0,0.0,1,75,3,0,0.5807,0.0122,GREEN,42,Bengaluru
CLM0028661,BEN_09059,Jayanagar,2022-06-27,9,0,0,0,0,0,0,0,0,0,1.0,0.129071,0,0.0,0,262,4,4,0.0606,0.0281,GREEN,39,Bengaluru
CLM0028662,BEN_08066,Whitefield,2024-11-21,16,0,0,0,0,0,0,0,0,0,0.0,0.0,0,0.0,0,417,4,0,0.98,0.0,GREEN,53,Bengaluru
CLM0028663,BEN_09423,Koramangala,2024-05-06,8,0,0,0,0,1,0,0,0,0,1.0,0.438784,0,0.0,0,50,0,7,0.98,0.2393,GREEN,50,Bengaluru
CLM0028664,BEN_03937,Jayanagar,2016-10-15,20,0,0,0,0,0,0,0,0,0,0.0,0.251088,0,0.0,0,95,1,1,0.8479,0.0,GREEN,47,Bengaluru
CLM0028665,BEN_02008,Indiranagar,2017-11-15,9,0,0,0,0,0,0,0,0,0,0.0,0.322114,0,0.0,0,337,0,0,0.7912,0.0319,GREEN,63,Bengaluru
CLM0028666,BEN_02851,Koramangala,2021-06-21,19,0,0,0,0,1,0,0,0,1,0.0,0.300908,1,0.0,0,388,3,0,0.0668,0.3626,YELLOW,37,Bengaluru
CLM0028667,BEN_08462,Marathahalli,2018-05-28,15,0,0,0,0,0,0,0,0,0,0.0,0.220905,0,0.0,0,55,2,0,0.8758,0.0,GREEN,43,Bengaluru
CLM0028668,BEN_07340,Whitefield,2015-12-06,10,0,0,0,0,0,1,0,0,0,0.0,0.231175,0,1.0,0,165,2,3,0.6097,0.0643,GREEN,54,Bengaluru
CLM0028669,BEN_03436,Electronic City,2025-12-29,12,0,0,0,0,0,0,0,0,0,1.0,0.430585,0,0.0,1,137,1,2,0.05,0.0409,GREEN,39,Bengaluru
CLM0028670,BEN_00293,Indiranagar,2016-11-15,7,0,0,0,0,0,0,0,0,0,0.0,0.061926,0,0.0,0,420,2,4,0.5725,0.0241,GREEN,25,Bengaluru
CLM0028671,BEN_02494,Marathahalli,2025-07-04,17,0,0,0,0,0,0,0,0,0,0.0,0.367294,0,0.0,0,192,3,3,0.9725,0.0783,GREEN,37,Bengaluru
CLM0028672,BEN_01779,Marathahalli,2024-07-14,11,0,0,0,0,0,0,0,0,0,0.0,0.963902,0,0.0,0,164,1,2,0.1904,0.0,GREEN,42,Bengaluru
CLM0028673,BEN_05435,Indiranagar,2024-12-06,14,0,0,0,0,0,0,0,0,1,0.0,0.271424,0,0.0,0,353,2,0,0.6672,0.0388,GREEN,58,Bengaluru
CLM0028674,BEN_04849,Marathahalli,2021-04-23,13,0,0,0,0,0,1,0,0,0,0.0,0.277674,0,0.0,0,252,2,1,0.7746,0.1268,GREEN,27,Bengaluru
CLM0028675,BEN_04270,Indiranagar,2021-09-02,12,0,0,0,1,0,1,1,1,0,1.0,0.20347,0,0.0,0,10,3,18,0.259,0.0339,GREEN,28,Bengaluru
CLM0028676,BEN_06432,Electronic City,2018-07-30,20,0,0,0,0,0,0,0,0,0,0.0,0.253062,0,0.0,0,51,0,4,0.6094,0.027,GREEN,58,Bengaluru
CLM0028677,BEN_05650,HSR Layout,2024-05-27,17,0,0,0,0,0,1,0,0,0,0.0,0.086973,0,0.0,0,286,2,2,0.4187,0.073,GREEN,30,Bengaluru
CLM0028678,BEN_00626,Indiranagar,2025-12-27,19,0,0,0,0,0,0,0,0,0,0.0,0.157201,0,0.0,0,172,1,3,0.7812,0.0,GREEN,49,Bengaluru
CLM0028679,BEN_01514,Whitefield,2021-01-02,21,0,0,0,0,0,1,1,0,0,1.0,0.187638,0,0.0,0,252,2,4,0.644,0.1619,GREEN,47,Bengaluru
CLM0028680,BEN_01186,Marathahalli,2023-02-23,21,0,0,0,0,0,1,0,0,0,0.0,0.368281,0,0.0,0,204,0,2,0.478,0.0341,GREEN,38,Bengaluru
CLM0028681,BEN_08642,Marathahalli,2023-11-01,16,0,0,0,0,0,0,0,0,0,0.0,0.149131,0,0.0,0,224,1,3,0.4603,0.0476,GREEN,53,Bengaluru
CLM0028682,BEN_00172,Indiranagar,2022-02-23,10,0,0,0,0,0,0,0,0,0,0.0,0.043305,0,0.0,0,420,4,4,0.7825,0.0,GREEN,46,Bengaluru
CLM0028683,BEN_02431,Rajajinagar,2025-12-08,18,0,1,1,0,0,0,0,1,0,1.0,0.0,1,0.0,0,152,2,2,0.9249,0.2136,GREEN,51,Bengaluru
CLM0028684,BEN_04815,Marathahalli,2020-06-21,10,0,0,0,0,0,0,0,0,0,0.0,0.379788,0,0.0,0,389,2,2,0.6785,0.1197,GREEN,62,Bengaluru
CLM0028685,BEN_01572,Indiranagar,2017-12-30,13,0,0,0,0,0,0,1,1,0,1.0,0.059414,0,0.0,0,336,3,0,0.647,0.2128,GREEN,53,Bengaluru
CLM0028686,BEN_05184,Yelahanka,2024-03-02,16,0,0,0,0,0,0,0,0,0,0.0,0.062979,0,0.0,0,410,0,1,0.7111,0.0185,GREEN,32,Bengaluru
CLM0028687,BEN_09353,Rajajinagar,2024-04-03,9,0,0,0,0,0,0,0,0,0,0.0,0.025182,0,0.0,0,300,4,5,0.1081,0.0033,GREEN,32,Bengaluru
CLM0028688,BEN_04837,Rajajinagar,2025-05-06,14,0,0,0,0,0,0,0,0,0,0.0,0.145909,0,0.0,0,86,3,0,0.98,0.0,GREEN,66,Bengaluru
CLM0028689,BEN_03263,Jayanagar,2024-09-19,21,0,0,0,0,0,0,0,1,0,0.0,0.374624,0,0.0,0,399,2,0,0.8071,0.1556,GREEN,48,Bengaluru
CLM0028690,BEN_09863,BTM Layout,2023-07-19,12,0,0,0,0,0,0,0,0,0,0.0,0.169849,0,0.0,0,47,0,0,0.881,0.0,GREEN,41,Bengaluru
CLM0028691,BEN_01111,Yelahanka,2020-09-04,12,0,0,0,0,0,0,0,0,0,0.0,1.0,0,0.0,0,420,1,5,0.8529,0.0,GREEN,39,Bengaluru
CLM0028692,BEN_09584,Rajajinagar,2020-05-16,12,0,0,0,0,0,0,0,0,0,0.0,0.0,0,0.0,0,420,3,5,0.588,0.0405,GREEN,46,Bengaluru
CLM0028693,BEN_04942,Rajajinagar,2023-02-16,18,0,0,0,0,0,0,0,0,0,0.0,0.045769,0,0.0,0,162,1,0,0.1302,0.0,GREEN,21,Bengaluru
CLM0028694,BEN_09277,Indiranagar,2022-01-23,18,0,0,0,0,1,0,0,0,0,0.0,0.075526,0,0.0,0,67,3,4,0.9379,0.1932,GREEN,53,Bengaluru
CLM0028695,BEN_08433,Yelahanka,2025-01-02,10,0,0,0,0,0,0,0,0,0,0.0,0.036189,0,1.0,0,119,2,6,0.8427,0.0569,GREEN,21,Bengaluru
CLM0028696,BEN_04029,HSR Layout,2025-02-19,10,0,0,0,0,0,0,0,0,0,0.0,0.0,0,0.0,0,118,2,2,0.0667,0.0039,GREEN,32,Bengaluru
CLM0028697,BEN_01539,Electronic City,2020-10-20,11,0,0,0,0,0,0,0,0,0,0.0,0.053386,0,0.0,0,314,0,0,0.7969,0.0455,GREEN,50,Bengaluru
CLM0028698,BEN_05747,Rajajinagar,2025-10-09,7,0,0,0,0,0,0,1,0,0,0.0,0.205674,0,0.0,0,157,4,4,0.6732,0.0713,GREEN,34,Bengaluru
CLM0028699,BEN_02650,Jayanagar,2024-07-18,19,0,1,1,0,0,0,0,0,0,0.0,0.351579,0,0.0,0,420,0,5,0.7113,0.1904,GREEN,44,Bengaluru
CLM0028700,BEN_03057,Whitefield,2022-03-25,13,0,0,0,0,0,0,0,0,0,1.0,0.036208,0,1.0,0,281,1,4,0.4949,0.0535,GREEN,45,Bengaluru
CLM0028701,BEN_05342,Rajajinagar,2019-07-02,9,0,0,0,0,0,0,0,0,0,0.0,0.994313,0,0.0,0,260,4,2,0.1317,0.0631,GREEN,42,Bengaluru
CLM0028702,BEN_09408,Jayanagar,2022-11-22,19,0,0,0,1,1,1,1,1,1,1.0,1.0,0,0.0,1,36,2,18,0.05,0.0133,GREEN,36,Bengaluru
CLM0028703,BEN_09130,Rajajinagar,2022-08-18,19,0,0,0,0,0,0,0,0,0,1.0,0.318948,0,0.0,0,420,4,4,0.9279,0.0341,GREEN,24,Bengaluru
CLM0028704,BEN_01998,Jayanagar,2022-04-07,9,0,0,0,0,0,0,0,0,0,0.0,0.097101,0,0.0,0,69,3,5,0.8029,0.0,GREEN,28,Bengaluru
CLM0028705,BEN_07402,Marathahalli,2019-04-09,10,0,0,0,0,0,0,0,0,0,0.0,0.340741,0,0.0,0,96,1,1,0.7732,0.1372,GREEN,35,Bengaluru
CLM0028706,BEN_03561,BTM Layout,2024-10-22,19,0,0,0,0,0,0,0,0,0,0.0,0.968291,0,0.0,0,88,2,6,0.8291,0.0076,GREEN,38,Bengaluru
CLM0028707,BEN_04853,Whitefield,2023-10-18,8,0,0,0,0,0,0,0,0,0,0.0,0.491699,0,1.0,0,70,0,1,0.8363,0.0524,GREEN,51,Bengaluru
CLM0028708,BEN_07936,HSR Layout,2025-04-18,13,0,0,0,0,0,0,0,0,0,0.0,0.288327,0,0.0,0,41,0,4,0.6354,0.0,GREEN,46,Bengaluru
CLM0028709,BEN_07821,Koramangala,2025-08-09,18,0,0,0,0,1,0,0,0,0,0.0,0.0,0,0.0,0,125,1,1,0.716,0.1199,GREEN,35,Bengaluru
CLM0028710,BEN_07274,Rajajinagar,2025-07-17,13,0,0,0,0,0,0,0,0,0,0.0,0.489212,1,0.0,0,420,4,0,0.9108,0.1163,GREEN,36,Bengaluru
CLM0028711,BEN_09796,BTM Layout,2024-10-14,7,0,0,0,0,0,0,0,0,0,1.0,0.369092,0,0.0,0,120,0,3,0.1551,0.1811,GREEN,40,Bengaluru
CLM0028712,BEN_03990,Indiranagar,2024-01-06,16,0,0,0,0,0,0,1,0,0,0.0,0.140989,0,0.0,0,351,3,3,0.98,0.0651,GREEN,58,Bengaluru
CLM0028713,BEN_08879,Indiranagar,2025-07-09,9,0,0,0,0,0,0,0,0,0,1.0,0.070239,0,0.0,0,60,0,6,0.98,0.1271,GREEN,29,Bengaluru
CLM0028714,BEN_03414,Rajajinagar,2024-06-09,15,0,0,0,1,0,0,0,0,0,0.0,0.31244,0,0.0,0,318,0,0,0.8555,0.229,GREEN,41,Bengaluru
CLM0028715,BEN_06732,Electronic City,2025-12-23,19,0,0,0,0,0,0,0,0,0,1.0,0.108441,0,0.0,0,420,1,5,0.2494,0.092,GREEN,48,Bengaluru
CLM0028716,BEN_03514,HSR Layout,2025-01-26,13,0,0,0,0,0,0,0,0,0,0.0,0.239978,0,0.0,0,398,0,6,0.05,0.0,GREEN,52,Bengaluru
CLM0028717,BEN_07453,Marathahalli,2024-08-20,11,0,0,0,0,0,1,0,0,0,1.0,0.12386,0,0.0,0,228,0,3,0.5742,0.0724,GREEN,32,Bengaluru
CLM0028718,BEN_09569,Indiranagar,2025-04-28,18,0,0,0,0,1,0,0,0,0,0.0,0.231955,0,0.0,0,46,0,1,0.7497,0.1658,GREEN,36,Bengaluru
CLM0028719,BEN_03352,Yelahanka,2024-08-27,10,0,0,0,0,0,0,0,0,0,0.0,0.016729,0,0.0,0,335,4,5,0.7434,0.0676,GREEN,48,Bengaluru
CLM0028720,BEN_05605,Jayanagar,2025-09-22,20,0,0,0,1,0,0,0,0,0,0.0,0.182856,0,0.0,0,185,3,1,0.5474,0.1389,GREEN,43,Bengaluru
CLM0028721,BEN_04720,Jayanagar,2025-08-22,20,0,0,0,0,0,0,0,0,0,0.0,0.318388,0,0.0,0,355,1,5,0.9419,0.0,GREEN,51,Bengaluru
CLM0028722,BEN_09347,Whitefield,2025-01-22,16,0,0,0,0,0,0,0,0,0,0.0,0.342663,0,0.0,0,420,3,2,0.5318,0.0,GREEN,32,Bengaluru
CLM0028723,BEN_01729,Indiranagar,2024-09-09,19,0,0,0,0,0,0,0,1,0,0.0,0.083595,0,0.0,0,420,4,1,0.05,0.0698,GREEN,41,Bengaluru
CLM0028724,BEN_02302,Electronic City,2024-11-07,17,0,1,1,0,0,0,0,1,0,0.0,0.171534,0,0.0,0,83,2,1,0.5252,0.0874,GREEN,58,Bengaluru
CLM0028725,BEN_01104,Whitefield,2021-09-24,12,0,0,0,0,0,1,0,0,0,0.0,0.040729,0,0.0,0,158,3,5,0.98,0.0884,GREEN,35,Bengaluru
CLM0028726,BEN_01747,Yelahanka,2022-03-30,16,0,0,0,0,0,0,0,0,0,0.0,0.021068,0,0.0,0,110,3,1,0.1719,0.0,GREEN,26,Bengaluru
CLM0028727,BEN_04937,Whitefield,2025-12-23,20,0,0,0,0,0,0,0,0,0,0.0,0.543558,0,1.0,0,165,3,2,0.05,0.1564,GREEN,41,Bengaluru
CLM0028728,BEN_07521,Yelahanka,2024-07-10,12,0,0,0,1,0,0,0,0,0,0.0,0.008183,0,0.0,0,165,4,4,0.4544,0.1644,GREEN,32,Bengaluru
CLM0028729,BEN_06707,Koramangala,2018-12-16,20,0,0,0,0,0,0,0,0,0,0.0,0.0,0,0.0,0,322,3,5,0.7438,0.0,GREEN,46,Bengaluru
CLM0028730,BEN_08375,Marathahalli,2022-11-30,18,0,0,0,0,0,0,0,1,0,0.0,0.339338,0,0.0,0,191,2,1,0.6156,0.1244,GREEN,51,Bengaluru
CLM0028731,BEN_07304,Electronic City,2021-11-08,15,0,0,0,0,0,0,0,0,0,0.0,0.168444,0,0.0,0,160,1,3,0.6891,0.0,GREEN,59,Bengaluru
CLM0028732,BEN_00198,Whitefield,2023-08-12,8,0,0,0,0,0,0,0,0,0,0.0,0.082856,0,0.0,0,420,1,4,0.5542,0.0,GREEN,43,Bengaluru
CLM0028733,BEN_05394,Yelahanka,2023-03-23,16,0,0,0,0,0,0,0,0,0,0.0,0.204862,0,0.0,0,420,4,1,0.8578,0.1903,GREEN,35,Bengaluru
CLM0028734,BEN_08537,Rajajinagar,2024-08-08,8,0,0,0,0,0,1,0,0,0,1.0,0.140688,0,1.0,0,276,4,3,0.7692,0.0852,GREEN,44,Bengaluru
CLM0028735,BEN_07427,Indiranagar,2025-07-31,17,0,0,0,0,1,0,0,0,0,0.0,0.216039,0,0.0,0,420,0,4,0.3266,0.2644,GREEN,48,Bengaluru
CLM0028736,BEN_09322,Rajajinagar,2025-04-08,17,0,0,0,0,0,0,0,0,0,0.0,0.336282,0,0.0,0,222,2,5,0.5855,0.0,GREEN,24,Bengaluru
CLM0028737,BEN_08449,Indiranagar,2024-02-27,9,0,0,0,1,0,0,0,1,0,1.0,0.978488,0,0.0,1,5,2,18,0.1429,0.1235,GREEN,60,Bengaluru
CLM0028738,BEN_01758,BTM Layout,2025-04-03,8,0,0,0,1,1,1,1,1,1,1.0,1.0,0,0.0,1,39,4,18,0.315,0.0283,GREEN,43,Bengaluru
CLM0028739,BEN_03208,BTM Layout,2024-09-30,18,0,0,0,1,0,0,1,0,0,0.0,0.350335,0,0.0,0,342,1,2,0.5747,0.1133,GREEN,61,Bengaluru
CLM0028740,BEN_05466,Yelahanka,2024-04-13,21,0,0,0,1,0,0,0,0,0,0.0,0.152345,0,0.0,0,105,1,2,0.5184,0.2292,GREEN,36,Bengaluru
CLM0028741,BEN_05577,Whitefield,2025-04-19,21,0,0,0,0,0,0,1,0,0,0.0,0.312647,0,0.0,0,420,2,5,0.5399,0.039,GREEN,42,Bengaluru
CLM0028742,BEN_02125,Yelahanka,2024-11-05,20,0,0,0,0,0,0,0,0,0,0.0,0.105082,0,0.0,0,161,4,3,0.9548,0.0,GREEN,44,Bengaluru
CLM0028743,BEN_04829,Koramangala,2025-07-26,13,0,0,0,0,0,0,0,0,0,1.0,0.291641,0,0.0,0,132,1,0,0.9624,0.0477,GREEN,52,Bengaluru
CLM0028744,BEN_09738,Jayanagar,2024-05-03,14,0,0,0,0,0,0,0,0,1,0.0,0.334173,0,0.0,0,400,1,0,0.964,0.1225,GREEN,37,Bengaluru
CLM0028745,BEN_03410,Indiranagar,2023-09-15,8,0,0,0,0,0,0,1,0,1,0.0,0.116158,0,0.0,0,420,0,3,0.8894,0.0912,GREEN,33,Bengaluru
CLM0028746,BEN_01074,Whitefield,2023-03-31,7,0,0,0,0,0,0,0,0,0,0.0,0.119072,0,0.0,0,62,1,2,0.7564,0.0,GREEN,48,Bengaluru
CLM0028747,BEN_06212,HSR Layout,2023-10-23,12,0,0,0,0,0,0,0,0,0,0.0,0.044677,0,0.0,0,318,1,1,0.6786,0.1942,GREEN,47,Bengaluru
CLM0028748,BEN_04897,Whitefield,2024-12-16,7,0,0,0,0,0,0,0,0,0,0.0,0.336258,0,0.0,0,420,0,0,0.1522,0.0465,GREEN,42,Bengaluru
CLM0028749,BEN_03981,HSR Layout,2025-03-10,17,0,0,0,0,1,0,0,0,0,0.0,0.25915,0,0.0,0,228,4,10,0.8599,0.1122,GREEN,50,Bengaluru
CLM0028750,BEN_03778,Whitefield,2023-09-25,7,0,0,0,0,0,1,0,1,0,0.0,0.084499,0,0.0,0,420,1,2,0.3573,0.1534,GREEN,38,Bengaluru
CLM0028751,BEN_01638,Marathahalli,2024-08-16,14,0,0,0,0,0,0,0,0,0,0.0,0.077112,0,0.0,0,208,2,0,0.3593,0.0,GREEN,42,Bengaluru
CLM0028752,BEN_06641,Jayanagar,2024-06-05,12,0,0,0,1,1,1,1,1,1,1.0,0.970825,0,0.0,1,5,2,18,0.05,0.1862,GREEN,55,Bengaluru
CLM0028753,BEN_05164,HSR Layout,2024-10-09,9,0,0,0,1,1,0,1,1,1,0.0,0.118112,0,0.0,1,33,3,18,0.8738,0.0,GREEN,50,Bengaluru
CLM0028754,BEN_07909,Electronic City,2020-11-04,12,0,0,0,0,0,0,0,0,0,1.0,0.068216,0,0.0,0,304,2,3,0.05,0.0167,GREEN,42,Bengaluru
CLM0028755,BEN_01828,HSR Layout,2022-09-28,7,0,0,0,0,1,0,1,0,0,0.0,0.066578,0,0.0,0,121,0,2,0.1432,0.2252,GREEN,64,Bengaluru
CLM0028756,BEN_00734,Yelahanka,2024-03-02,13,0,0,0,0,0,1,0,0,0,0.0,0.978805,0,0.0,0,173,2,3,0.7345,0.0537,GREEN,43,Bengaluru
CLM0028757,BEN_09188,Koramangala,2025-02-04,9,0,0,0,0,0,0,0,0,0,0.0,0.074027,0,1.0,0,305,1,3,0.0577,0.0,GREEN,18,Bengaluru
CLM0028758,BEN_00373,Rajajinagar,2025-12-22,9,0,0,0,0,0,0,0,0,0,0.0,0.288068,0,0.0,0,199,2,0,0.6406,0.0,GREEN,49,Bengaluru
CLM0028759,BEN_05405,BTM Layout,2025-12-04,10,0,0,0,0,0,0,0,0,1,0.0,0.980423,0,0.0,0,257,3,0,0.6363,0.0893,GREEN,50,Bengaluru
CLM0028760,BEN_07784,BTM Layout,2024-02-25,10,0,0,0,0,0,0,0,0,0,0.0,0.0,0,0.0,0,401,2,1,0.645,0.0415,GREEN,41,Bengaluru
CLM0028761,BEN_09757,HSR Layout,2024-07-16,14,0,0,0,0,0,0,0,0,0,1.0,0.231896,0,0.0,0,416,1,1,0.8803,0.0037,GREEN,50,Bengaluru
CLM0028762,BEN_05983,HSR Layout,2025-11-29,18,0,0,0,0,0,0,0,0,0,0.0,0.053327,1,0.0,0,326,2,2,0.561,0.0156,GREEN,44,Bengaluru
CLM0028763,BEN_00782,Electronic City,2024-07-13,15,0,0,0,0,0,0,0,0,0,0.0,0.0,0,0.0,0,214,1,4,0.7299,0.001,GREEN,33,Bengaluru
CLM0028764,BEN_06891,Koramangala,2024-07-19,15,0,0,0,0,0,0,0,0,0,0.0,1.0,0,1.0,0,412,0,4,0.6364,0.0,GREEN,60,Bengaluru
CLM0028765,BEN_08838,Indiranagar,2024-04-12,8,0,0,0,0,1,0,0,0,0,1.0,0.997502,0,0.0,0,284,0,0,0.7532,0.1853,GREEN,50,Bengaluru
CLM0028766,BEN_03369,Koramangala,2025-03-09,20,0,0,0,0,0,0,0,0,0,0.0,0.4948,0,0.0,0,405,2,0,0.3988,0.0,GREEN,37,Bengaluru
CLM0028767,BEN_00724,Koramangala,2023-09-13,13,0,0,0,0,0,0,0,0,0,0.0,0.997206,0,0.0,0,420,3,3,0.8391,0.0,GREEN,57,Bengaluru
CLM0028768,BEN_04863,Indiranagar,2024-01-29,21,0,0,0,0,0,0,0,0,0,0.0,0.144538,0,0.0,0,47,3,0,0.7504,0.0,GREEN,54,Bengaluru
CLM0028769,BEN_03404,Whitefield,2024-12-23,21,0,0,0,0,0,1,0,0,0,0.0,0.399363,0,0.0,0,173,0,1,0.7725,0.157,GREEN,63,Bengaluru
CLM0028770,BEN_08448,Yelahanka,2024-06-26,15,0,0,0,0,0,1,0,0,0,0.0,0.348069,0,0.0,0,243,1,0,0.98,0.0045,GREEN,24,Bengaluru
CLM0028771,BEN_05136,Marathahalli,2025-09-05,21,0,0,0,0,0,1,0,0,0,0.0,0.066027,0,0.0,0,420,0,4,0.0526,0.1095,GREEN,44,Bengaluru
CLM0028772,BEN_05229,Koramangala,2021-10-06,14,0,0,0,0,0,0,0,0,0,0.0,0.181296,0,0.0,0,313,1,3,0.6777,0.0467,GREEN,29,Bengaluru
CLM0028773,BEN_03118,Rajajinagar,2020-07-09,16,0,0,0,0,0,0,0,0,0,0.0,1.0,0,0.0,0,339,0,1,0.596,0.0027,GREEN,39,Bengaluru
CLM0028774,BEN_04862,Rajajinagar,2021-09-29,17,0,0,0,0,0,1,0,0,0,1.0,0.126658,0,1.0,0,263,3,4,0.7024,0.3131,YELLOW,42,Bengaluru
CLM0028775,BEN_01348,Indiranagar,2022-03-03,20,0,0,0,0,1,0,1,0,0,0.0,0.160358,0,0.0,0,152,3,5,0.8618,0.1803,GREEN,56,Bengaluru
CLM0028776,BEN_08010,Jayanagar,2025-12-25,21,0,0,0,0,0,0,0,0,0,0.0,0.915348,0,0.0,0,43,1,6,0.9477,0.0,GREEN,37,Bengaluru
CLM0028777,BEN_00512,BTM Layout,2022-08-09,17,0,1,1,0,0,0,0,0,0,0.0,0.051329,0,0.0,0,297,2,1,0.4037,0.0296,GREEN,32,Bengaluru
CLM0028778,BEN_01363,Marathahalli,2024-12-03,21,0,0,0,1,1,0,0,0,0,0.0,0.099599,0,0.0,0,383,3,2,0.9264,0.3473,YELLOW,33,Bengaluru
CLM0028779,BEN_06963,Yelahanka,2020-11-07,13,0,0,0,0,1,0,0,0,0,0.0,0.08516,0,0.0,0,420,1,5,0.8082,0.1234,GREEN,33,Bengaluru
CLM0028780,BEN_05524,Whitefield,2019-01-08,19,0,0,0,0,0,0,0,0,0,0.0,0.295675,0,0.0,0,420,1,2,0.5883,0.0,GREEN,33,Bengaluru
CLM0028781,BEN_03131,HSR Layout,2023-02-01,8,0,0,0,1,0,0,0,0,0,0.0,0.244456,0,0.0,0,34,4,2,0.7865,0.0855,GREEN,52,Bengaluru
CLM0028782,BEN_02989,Jayanagar,2020-01-24,19,0,0,0,0,0,0,0,0,0,0.0,0.0,0,0.0,0,168,0,1,0.8692,0.0,GREEN,69,Bengaluru
CLM0028783,BEN_08288,Koramangala,2024-05-27,14,0,0,0,0,0,0,0,0,0,0.0,0.105785,0,0.0,0,232,3,0,0.6379,0.0093,GREEN,44,Bengaluru
CLM0028784,BEN_09259,HSR Layout,2024-08-23,13,0,0,0,0,0,0,0,1,0,1.0,0.960353,0,1.0,0,243,1,4,0.6045,0.0458,GREEN,69,Bengaluru
CLM0028785,BEN_01677,Jayanagar,2025-06-20,21,0,0,0,0,0,0,0,0,0,0.0,0.16898,0,0.0,0,145,1,4,0.8374,0.0767,GREEN,48,Bengaluru
CLM0028786,BEN_01385,HSR Layout,2024-07-05,9,0,0,0,0,1,1,1,0,1,1.0,0.979005,1,0.0,1,5,1,18,0.2239,0.0033,GREEN,49,Bengaluru
CLM0028787,BEN_02334,Jayanagar,2025-03-17,17,0,0,0,0,0,0,0,0,0,0.0,0.161866,0,0.0,0,420,2,0,0.8641,0.0209,GREEN,39,Bengaluru
CLM0028788,BEN_08359,HSR Layout,2023-07-12,20,0,0,0,0,0,0,0,0,0,0.0,0.394148,0,0.0,0,264,4,0,0.4708,0.0,GREEN,41,Bengaluru
CLM0028789,BEN_07876,Rajajinagar,2023-07-17,15,0,0,0,0,1,0,0,0,0,0.0,0.449554,1,0.0,0,175,1,2,0.8469,0.1586,GREEN,59,Bengaluru
CLM0028790,BEN_02949,Electronic City,2025-05-31,21,0,0,0,0,0,0,0,0,0,0.0,0.366908,0,0.0,0,265,1,6,0.972,0.0098,GREEN,46,Bengaluru
CLM0028791,BEN_05303,HSR Layout,2024-10-11,17,0,0,0,0,0,0,0,0,0,0.0,0.996469,0,0.0,0,219,4,3,0.6947,0.0,GREEN,53,Bengaluru
CLM0028792,BEN_05148,Jayanagar,2024-03-22,10,0,0,0,0,0,0,0,0,0,1.0,0.210206,0,0.0,0,384,1,1,0.9389,0.1061,GREEN,32,Bengaluru
CLM0028793,BEN_07551,Electronic City,2025-05-02,21,0,1,1,0,0,1,0,0,0,0.0,0.322666,0,0.0,0,116,0,0,0.938,0.1134,GREEN,37,Bengaluru
CLM0028794,BEN_06850,Marathahalli,2022-08-08,10,0,0,0,0,0,0,0,0,0,0.0,0.996497,0,0.0,0,322,4,4,0.9196,0.0031,GREEN,55,Bengaluru
CLM0028795,BEN_08181,HSR Layout,2024-08-12,15,0,0,0,0,0,0,0,0,0,1.0,0.147087,0,0.0,0,313,3,5,0.5228,0.1252,GREEN,50,Bengaluru
CLM0028796,BEN_08413,Whitefield,2024-05-10,20,0,0,0,0,0,0,0,0,0,0.0,0.190757,0,0.0,0,45,2,5,0.7252,0.0116,GREEN,39,Bengaluru
CLM0028797,BEN_07841,Jayanagar,2024-09-18,14,0,0,0,0,0,0,0,1,0,0.0,0.065203,0,0.0,0,321,1,1,0.7046,0.2344,GREEN,53,Bengaluru
CLM0028798,BEN_03765,Electronic City,2025-07-05,8,0,0,0,0,0,0,0,0,0,0.0,0.403221,0,0.0,0,325,2,3,0.3827,0.0081,GREEN,59,Bengaluru
CLM0028799,BEN_02313,Yelahanka,2025-02-25,13,0,0,0,0,0,0,0,0,0,1.0,0.024825,0,0.0,0,256,0,2,0.8211,0.1133,GREEN,33,Bengaluru
CLM0028800,BEN_04862,Rajajinagar,2025-09-18,21,0,0,0,0,0,0,0,0,0,0.0,0.46338,0,0.0,0,301,0,1,0.8195,0.0,GREEN,42,Bengaluru
CLM0028801,BEN_00675,Jayanagar,2025-05-24,13,0,0,0,0,0,1,0,1,0,0.0,0.147752,0,0.0,0,275,3,0,0.5563,0.1864,GREEN,53,Bengaluru
CLM0028802,BEN_03940,Indiranagar,2022-10-04,13,0,0,0,0,0,0,0,0,0,0.0,0.228145,0,0.0,0,408,2,2,0.7989,0.0,GREEN,32,Bengaluru
CLM0028803,BEN_01767,Marathahalli,2025-01-11,20,0,0,0,0,0,0,0,0,0,0.0,0.135339,0,0.0,0,87,4,3,0.2399,0.0132,GREEN,39,Bengaluru
CLM0028804,BEN_01471,Yelahanka,2025-02-11,17,0,0,0,0,0,0,0,1,0,0.0,0.423981,0,0.0,0,32,2,0,0.9374,0.0697,GREEN,45,Bengaluru
CLM0028805,BEN_09024,Electronic City,2020-06-20,19,0,1,1,0,0,0,0,0,0,0.0,0.993938,0,0.0,0,165,4,0,0.98,0.0,GREEN,53,Bengaluru
CLM0028806,BEN_08008,Marathahalli,2021-06-09,10,0,0,0,0,0,0,0,0,0,0.0,0.158065,0,0.0,0,399,3,2,0.8689,0.0728,GREEN,41,Bengaluru
CLM0028807,BEN_01023,Jayanagar,2022-08-06,13,0,0,0,1,0,1,0,0,0,0.0,0.354818,0,0.0,1,234,3,3,0.8694,0.2978,GREEN,48,Bengaluru
CLM0028808,BEN_09288,Marathahalli,2024-03-22,21,0,0,0,0,0,0,0,0,0,0.0,0.117445,0,0.0,0,92,4,3,0.6593,0.023,GREEN,32,Bengaluru
CLM0028809,BEN_08591,HSR Layout,2025-05-16,11,0,1,1,0,0,0,0,0,0,0.0,0.164078,1,0.0,0,420,4,3,0.8579,0.1245,GREEN,57,Bengaluru
CLM0028810,BEN_09984,Whitefield,2025-07-14,16,0,0,0,1,0,0,0,0,0,0.0,0.369577,0,0.0,0,59,0,0,0.1772,0.2005,GREEN,44,Bengaluru
CLM0028811,BEN_06492,Yelahanka,2024-08-19,21,0,0,0,0,0,0,1,0,0,0.0,0.394358,0,0.0,0,420,3,6,0.7732,0.1147,GREEN,50,Bengaluru
CLM0028812,BEN_01035,Rajajinagar,2025-09-18,21,0,0,0,0,0,0,0,0,0,0.0,0.0,0,0.0,0,134,0,0,0.98,0.0,GREEN,37,Bengaluru
CLM0028813,BEN_04308,Electronic City,2017-02-03,7,0,0,0,0,0,0,0,0,0,0.0,0.253737,0,0.0,0,85,3,4,0.9271,0.0246,GREEN,37,Bengaluru
CLM0028814,BEN_04151,HSR Layout,2023-01-15,16,0,0,0,0,0,0,1,0,0,1.0,0.978818,0,0.0,0,149,0,0,0.8627,0.1042,GREEN,43,Bengaluru
CLM0028815,BEN_05443,Yelahanka,2020-03-03,8,0,0,0,0,0,0,0,0,0,0.0,0.046167,0,0.0,0,410,3,2,0.1953,0.0,GREEN,52,Bengaluru
CLM0028816,BEN_00244,Electronic City,2019-12-02,7,0,0,0,0,0,0,0,0,0,0.0,0.208238,0,0.0,0,376,2,0,0.5637,0.0,GREEN,18,Bengaluru
CLM0028817,BEN_07868,HSR Layout,2021-06-13,9,0,0,0,0,0,0,0,0,0,0.0,1.0,0,0.0,0,163,2,2,0.8609,0.0561,GREEN,52,Bengaluru
CLM0028818,BEN_01836,Indiranagar,2020-10-15,16,0,0,0,0,0,0,0,0,0,1.0,0.177262,0,0.0,0,420,3,4,0.5461,0.1477,GREEN,44,Bengaluru
CLM0028819,BEN_00676,Koramangala,2024-08-30,14,0,1,1,1,0,0,0,0,0,0.0,0.0,0,0.0,0,310,1,2,0.6773,0.1287,GREEN,37,Bengaluru
CLM0028820,BEN_07195,Marathahalli,2017-10-10,18,0,0,0,0,0,0,0,0,0,0.0,0.394145,0,0.0,0,374,4,0,0.6447,0.0088,GREEN,51,Bengaluru
CLM0028821,BEN_09514,Indiranagar,2016-12-21,7,0,0,0,1,0,0,0,0,0,0.0,0.23305,1,0.0,0,234,1,4,0.5113,0.2637,GREEN,41,Bengaluru
CLM0028822,BEN_07423,Yelahanka,2016-03-30,19,0,0,0,0,0,0,0,0,0,0.0,0.04018,0,0.0,0,67,0,5,0.8964,0.0,GREEN,51,Bengaluru
CLM0028823,BEN_05611,Electronic City,2022-06-27,11,0,0,0,1,0,0,0,0,0,1.0,1.0,0,1.0,0,404,2,7,0.1131,0.2074,GREEN,18,Bengaluru
CLM0028824,BEN_02027,Jayanagar,2024-10-24,20,0,0,0,0,0,0,0,0,0,0.0,0.382799,0,0.0,0,134,3,5,0.98,0.028,GREEN,46,Bengaluru
CLM0028825,BEN_02392,Whitefield,2018-06-28,19,0,0,0,0,0,1,0,0,0,0.0,0.134527,0,0.0,0,332,0,7,0.98,0.0879,GREEN,64,Bengaluru
CLM0028826,BEN_09833,BTM Layout,2022-04-28,20,0,0,0,0,0,0,0,0,0,0.0,0.402088,0,0.0,0,93,2,0,0.5661,0.0,GREEN,54,Bengaluru
CLM0028827,BEN_03284,Yelahanka,2018-08-21,8,0,0,0,0,0,0,0,0,0,0.0,0.024429,0,0.0,0,420,2,6,0.2522,0.0,GREEN,47,Bengaluru
CLM0028828,BEN_05663,Yelahanka,2018-02-23,9,0,0,0,0,0,1,0,0,0,1.0,0.181035,0,0.0,0,52,4,1,0.7352,0.1776,GREEN,59,Bengaluru
CLM0028829,BEN_03350,Rajajinagar,2022-10-31,21,0,0,0,0,0,0,1,0,0,0.0,0.046492,0,0.0,0,347,0,4,0.1374,0.1198,GREEN,56,Bengaluru
CLM0028830,BEN_09995,Whitefield,2017-01-28,19,0,0,0,0,0,0,0,0,0,0.0,0.049899,0,0.0,0,233,3,3,0.9354,0.0,GREEN,42,Bengaluru
CLM0028831,BEN_03955,Rajajinagar,2022-07-25,14,0,0,0,0,0,0,0,0,0,0.0,1.0,0,0.0,0,197,1,4,0.9085,0.088,GREEN,35,Bengaluru
CLM0028832,BEN_01760,Indiranagar,2025-01-20,14,0,0,0,0,0,0,0,0,0,0.0,0.259619,0,0.0,0,103,1,3,0.7063,0.0343,GREEN,48,Bengaluru
CLM0028833,BEN_02053,Jayanagar,2016-12-17,21,0,0,0,0,0,0,0,1,0,0.0,0.481457,0,0.0,0,369,2,2,0.9068,0.0355,GREEN,40,Bengaluru
CLM0028834,BEN_06135,HSR Layout,2025-02-17,12,0,0,0,0,0,0,0,0,0,1.0,0.075669,0,0.0,0,420,0,1,0.8207,0.0249,GREEN,46,Bengaluru
CLM0028835,BEN_02037,Whitefield,2025-04-16,7,0,1,1,0,0,0,0,0,0,0.0,0.098912,0,0.0,0,297,2,5,0.5235,0.026,GREEN,41,Bengaluru
CLM0028836,BEN_01258,BTM Layout,2023-08-13,10,0,0,0,0,1,0,0,0,0,0.0,0.155048,1,0.0,0,127,2,0,0.7853,0.1718,GREEN,30,Bengaluru
CLM0028837,BEN_00975,BTM Layout,2023-12-09,20,0,0,0,0,0,0,0,0,0,0.0,0.004809,0,0.0,0,366,4,1,0.8121,0.0251,GREEN,37,Bengaluru
CLM0028838,BEN_02945,BTM Layout,2025-12-11,20,0,0,0,0,0,0,0,0,0,0.0,0.46004,0,0.0,0,289,2,4,0.4994,0.0,GREEN,42,Bengaluru
CLM0028839,BEN_09090,BTM Layout,2024-07-04,20,0,0,0,1,0,0,0,0,0,0.0,0.054481,0,0.0,0,378,0,2,0.5764,0.2398,GREEN,41,Bengaluru
CLM0028840,BEN_00158,Rajajinagar,2025-05-19,13,0,0,0,0,0,0,0,0,0,0.0,0.200826,0,0.0,0,420,3,0,0.9542,0.0487,GREEN,25,Bengaluru
CLM0028841,BEN_07388,Electronic City,2024-05-08,14,0,0,0,0,0,0,0,0,0,0.0,0.284958,0,0.0,0,405,2,0,0.9051,0.1075,GREEN,53,Bengaluru
CLM0028842,BEN_03429,Jayanagar,2022-02-02,16,0,0,0,0,0,0,0,0,1,0.0,0.12712,0,1.0,0,340,4,2,0.6448,0.2453,GREEN,44,Bengaluru
CLM0028843,BEN_06319,Indiranagar,2025-08-31,13,0,0,0,0,0,0,0,0,0,1.0,0.028623,0,0.0,0,420,4,2,0.6382,0.0,GREEN,53,Bengaluru
CLM0028844,BEN_03932,Electronic City,2018-03-16,20,0,0,0,0,0,0,0,0,0,0.0,0.164663,0,0.0,0,178,3,4,0.6457,0.0,GREEN,33,Bengaluru
CLM0028845,BEN_03592,Koramangala,2022-05-18,20,0,0,0,0,0,0,0,0,0,0.0,0.213538,0,0.0,0,372,2,3,0.4201,0.0468,GREEN,47,Bengaluru
CLM0028846,BEN_02944,Jayanagar,2019-07-21,16,0,0,0,0,0,1,1,0,0,0.0,0.124041,0,0.0,0,296,2,5,0.5272,0.2511,GREEN,48,Bengaluru
CLM0028847,BEN_09869,BTM Layout,2017-08-02,17,0,0,0,0,0,0,0,0,1,0.0,0.0,0,0.0,0,68,1,3,0.7923,0.1524,GREEN,30,Bengaluru
CLM0028848,BEN_09112,Electronic City,2022-04-27,9,0,0,0,0,0,0,0,0,0,0.0,0.213424,1,0.0,0,420,0,4,0.8453,0.131,GREEN,55,Bengaluru
CLM0028849,BEN_05481,Electronic City,2023-12-13,14,0,0,0,0,0,0,0,0,0,0.0,0.114242,0,0.0,0,114,0,0,0.7766,0.0309,GREEN,32,Bengaluru
CLM0028850,BEN_06643,HSR Layout,2022-12-08,18,0,1,1,0,0,0,1,0,0,0.0,0.264979,0,0.0,0,126,3,2,0.8623,0.0621,GREEN,43,Bengaluru
CLM0028851,BEN_06428,Electronic City,2023-10-08,21,0,0,0,0,0,0,0,0,0,0.0,0.0012,0,0.0,0,260,2,1,0.4389,0.0193,GREEN,64,Bengaluru
CLM0028852,BEN_08692,HSR Layout,2024-07-29,19,0,0,0,1,0,0,0,1,0,0.0,0.144841,0,0.0,0,44,0,2,0.9405,0.2157,GREEN,50,Bengaluru
CLM0028853,BEN_05064,Indiranagar,2022-04-07,16,0,1,1,0,0,0,0,0,1,0.0,0.197164,0,0.0,1,176,4,0,0.98,0.1676,GREEN,61,Bengaluru
CLM0028854,BEN_09278,Electronic City,2022-06-11,21,0,0,0,0,0,0,0,0,0,0.0,0.416541,0,0.0,0,159,1,0,0.5013,0.0,GREEN,33,Bengaluru
CLM0028855,BEN_02736,Indiranagar,2023-07-23,10,0,0,0,0,0,0,0,0,0,1.0,0.357749,0,0.0,0,313,0,0,0.48,0.035,GREEN,66,Bengaluru
CLM0028856,BEN_06686,Electronic City,2025-03-28,18,0,0,0,0,0,0,0,0,1,0.0,0.941384,0,0.0,0,45,3,2,0.1566,0.0919,GREEN,30,Bengaluru
CLM0028857,BEN_04751,Indiranagar,2023-12-01,17,0,0,0,0,0,0,0,0,0,0.0,0.356426,0,0.0,0,407,0,0,0.8167,0.0617,GREEN,33,Bengaluru
CLM0028858,BEN_05228,HSR Layout,2022-10-26,11,0,0,0,0,0,1,0,0,0,1.0,0.400815,0,0.0,0,420,3,0,0.98,0.1802,GREEN,44,Bengaluru
CLM0028859,BEN_03844,Rajajinagar,2018-12-21,20,0,0,0,0,0,0,0,0,0,0.0,1.0,0,0.0,0,420,1,3,0.6251,0.0,GREEN,56,Bengaluru
CLM0028860,BEN_05418,HSR Layout,2019-04-17,20,0,0,0,0,0,0,0,0,0,0.0,0.396843,0,0.0,0,334,4,0,0.8733,0.0263,GREEN,51,Bengaluru
CLM0028861,BEN_09046,Koramangala,2025-02-06,16,0,0,0,0,0,0,0,0,1,1.0,0.384265,0,0.0,0,124,2,1,0.7836,0.2025,GREEN,34,Bengaluru
CLM0028862,BEN_06164,Electronic City,2022-09-13,19,0,0,0,0,0,1,0,0,0,0.0,0.040696,0,0.0,0,233,4,3,0.6355,0.0647,GREEN,37,Bengaluru
CLM0028863,BEN_08649,Marathahalli,2022-11-06,20,0,0,0,1,0,0,0,1,0,0.0,0.064098,0,0.0,0,123,3,1,0.5121,0.146,GREEN,66,Bengaluru
CLM0028864,BEN_09535,Rajajinagar,2025-01-26,7,0,0,0,0,0,0,0,0,0,1.0,0.199595,0,0.0,0,273,1,2,0.9105,0.149,GREEN,53,Bengaluru
CLM0028865,BEN_07213,HSR Layout,2020-12-19,18,0,0,0,0,0,0,0,0,0,0.0,0.221927,0,0.0,1,346,2,0,0.0907,0.0243,GREEN,48,Bengaluru
CLM0028866,BEN_07075,Indiranagar,2025-07-19,9,0,0,0,0,0,1,0,0,0,0.0,0.417899,0,0.0,0,99,0,1,0.2297,0.065,GREEN,52,Bengaluru
CLM0028867,BEN_00942,BTM Layout,2020-12-25,11,0,0,0,0,0,0,1,1,1,0.0,0.267741,0,0.0,0,93,3,2,0.98,0.2916,GREEN,43,Bengaluru
CLM0028868,BEN_00616,Koramangala,2020-08-15,10,0,0,0,0,0,0,0,0,0,1.0,0.083911,0,0.0,0,86,2,5,0.6319,0.1274,GREEN,48,Bengaluru
CLM0028869,BEN_08150,Koramangala,2023-08-25,14,0,0,0,0,0,0,0,0,0,0.0,0.393586,0,0.0,0,357,0,5,0.7442,0.0,GREEN,41,Bengaluru
CLM0028870,BEN_06217,Jayanagar,2025-12-23,17,0,1,1,0,0,0,0,0,0,0.0,0.33429,0,0.0,0,302,3,5,0.5899,0.0752,GREEN,25,Bengaluru
CLM0028871,BEN_01372,Whitefield,2019-02-01,7,0,0,0,0,0,0,0,0,0,0.0,0.131112,0,0.0,0,184,0,3,0.8441,0.0,GREEN,40,Bengaluru
CLM0028872,BEN_06204,Indiranagar,2025-04-14,18,0,0,0,0,0,1,0,0,0,0.0,0.264652,0,0.0,0,351,3,3,0.6904,0.1103,GREEN,60,Bengaluru
CLM0028873,BEN_04035,Whitefield,2023-05-27,10,0,0,0,0,0,0,0,1,0,1.0,0.938522,0,1.0,0,18,1,5,0.8762,0.1892,GREEN,49,Bengaluru
CLM0028874,BEN_07246,Yelahanka,2021-10-03,11,0,0,0,0,0,0,0,0,0,0.0,0.192278,0,0.0,0,230,3,0,0.827,0.0,GREEN,38,Bengaluru
CLM0028875,BEN_09948,BTM Layout,2023-03-30,13,0,0,0,0,0,0,0,0,0,0.0,0.219168,0,0.0,0,138,0,1,0.98,0.0508,GREEN,53,Bengaluru
CLM0028876,BEN_08854,Rajajinagar,2022-12-01,13,0,0,0,0,0,0,0,0,0,0.0,1.0,0,0.0,0,387,4,1,0.612,0.0,GREEN,46,Bengaluru
CLM0028877,BEN_03444,Rajajinagar,2023-02-08,12,0,0,0,1,0,0,0,0,0,0.0,0.129304,0,0.0,0,54,4,0,0.8912,0.1611,GREEN,27,Bengaluru
CLM0028878,BEN_02970,Jayanagar,2023-10-31,20,0,0,0,0,0,0,1,0,0,0.0,0.126248,0,0.0,0,82,3,3,0.9796,0.1744,GREEN,29,Bengaluru
CLM0028879,BEN_03729,Rajajinagar,2025-07-21,12,0,0,0,0,0,1,0,0,0,0.0,0.380173,0,0.0,0,82,0,0,0.98,0.0178,GREEN,46,Bengaluru
CLM0028880,BEN_04677,Yelahanka,2025-05-31,11,0,1,1,0,0,0,0,0,0,0.0,0.338266,0,0.0,0,175,0,0,0.8413,0.0,GREEN,44,Bengaluru
CLM0028881,BEN_00316,Whitefield,2024-10-05,14,0,0,0,0,0,0,0,0,0,0.0,0.050668,0,0.0,0,359,4,3,0.98,0.0029,GREEN,52,Bengaluru
CLM0028882,BEN_06410,Jayanagar,2021-09-17,21,0,0,0,0,0,0,0,1,1,0.0,0.1453,0,0.0,0,254,3,4,0.5941,0.138,GREEN,41,Bengaluru
CLM0028883,BEN_02142,BTM Layout,2024-09-27,16,0,0,0,0,0,0,0,0,0,0.0,0.976556,0,1.0,0,355,4,0,0.6165,0.0592,GREEN,41,Bengaluru
CLM0028884,BEN_00814,Indiranagar,2021-03-15,16,0,0,0,0,0,0,0,0,0,1.0,0.977184,0,1.0,0,117,3,6,0.3591,0.0,GREEN,18,Bengaluru
CLM0028885,BEN_02361,Yelahanka,2024-08-12,20,0,1,1,0,0,0,0,0,0,0.0,0.187945,0,0.0,0,420,4,6,0.6249,0.0568,GREEN,58,Bengaluru
CLM0028886,BEN_09119,HSR Layout,2025-09-16,14,0,1,1,0,0,0,0,0,0,1.0,0.067334,0,0.0,0,283,3,2,0.98,0.0,GREEN,32,Bengaluru
CLM0028887,BEN_05511,Yelahanka,2023-05-24,19,0,0,0,0,0,1,0,0,0,0.0,0.113742,0,1.0,0,334,4,0,0.4646,0.0885,GREEN,50,Bengaluru
CLM0028888,BEN_02185,Marathahalli,2021-11-12,16,0,0,0,0,1,0,0,0,0,1.0,1.0,0,0.0,0,137,3,2,0.5975,0.1508,GREEN,47,Bengaluru
CLM0028889,BEN_09764,BTM Layout,2022-06-21,13,0,0,0,0,0,0,0,0,0,0.0,0.247622,1,0.0,1,420,1,0,0.6236,0.2191,GREEN,45,Bengaluru
CLM0028890,BEN_04728,Jayanagar,2024-06-11,14,0,0,0,0,0,1,0,0,0,0.0,0.247815,0,0.0,0,87,3,0,0.8782,0.0792,GREEN,47,Bengaluru
CLM0028891,BEN_00365,Yelahanka,2022-12-22,17,0,0,0,0,1,0,0,0,0,0.0,0.0,0,0.0,0,386,2,3,0.3003,0.1181,GREEN,54,Bengaluru
CLM0028892,BEN_08730,Marathahalli,2022-12-24,16,0,0,0,0,0,0,0,0,0,0.0,0.27045,0,0.0,0,330,3,0,0.9788,0.0714,GREEN,34,Bengaluru
CLM0028893,BEN_06930,Whitefield,2025-04-20,11,0,0,0,0,0,0,0,0,0,1.0,0.005865,0,0.0,0,340,2,4,0.9018,0.0167,GREEN,48,Bengaluru
CLM0028894,BEN_07753,Yelahanka,2024-11-25,14,0,1,1,0,0,0,0,0,0,1.0,0.372426,0,0.0,0,294,2,2,0.7537,0.0295,GREEN,48,Bengaluru
CLM0028895,BEN_00672,Electronic City,2023-05-12,20,0,0,0,0,0,0,0,0,0,0.0,0.0,0,0.0,0,322,3,4,0.4992,0.0103,GREEN,43,Bengaluru
CLM0028896,BEN_01221,Yelahanka,2025-08-04,11,0,0,0,0,0,0,0,0,0,0.0,0.991961,0,0.0,0,420,3,1,0.532,0.0746,GREEN,35,Bengaluru
CLM0028897,BEN_03851,Indiranagar,2022-04-10,9,0,0,0,0,0,0,0,0,0,0.0,0.149653,0,0.0,1,87,2,2,0.554,0.0898,GREEN,42,Bengaluru
CLM0028898,BEN_05043,Rajajinagar,2020-04-24,15,0,0,0,0,0,0,1,0,0,0.0,0.02553,0,0.0,0,156,3,2,0.5059,0.0182,GREEN,37,Bengaluru
CLM0028899,BEN_00039,Yelahanka,2024-10-30,8,0,0,0,0,0,1,0,0,0,0.0,0.216904,0,0.0,0,208,2,0,0.6882,0.0879,GREEN,24,Bengaluru
CLM0028900,BEN_03066,BTM Layout,2021-04-06,15,0,0,0,0,0,0,0,0,0,0.0,0.306409,0,0.0,0,49,1,2,0.2262,0.0,GREEN,53,Bengaluru
CLM0028901,BEN_08605,Koramangala,2020-06-23,16,0,0,0,0,0,0,0,0,0,0.0,0.320664,0,1.0,0,420,2,8,0.5881,0.0084,GREEN,42,Bengaluru
CLM0028902,BEN_08244,Whitefield,2020-10-04,13,0,0,0,0,0,0,0,0,0,0.0,0.185358,0,0.0,0,403,0,2,0.87,0.0274,GREEN,46,Bengaluru
CLM0028903,BEN_02048,Jayanagar,2019-06-21,16,0,0,0,0,0,0,0,0,0,0.0,0.975337,0,0.0,0,327,0,3,0.843,0.0,GREEN,34,Bengaluru
CLM0028904,BEN_07872,Indiranagar,2021-07-16,12,0,0,0,0,0,0,0,0,0,0.0,0.031535,0,0.0,0,341,2,2,0.7302,0.0265,GREEN,46,Bengaluru
CLM0028905,BEN_08159,Jayanagar,2025-07-11,14,0,1,1,0,0,0,0,0,0,0.0,0.275065,0,0.0,0,164,2,4,0.9067,0.0986,GREEN,54,Bengaluru
CLM0028906,BEN_01664,Yelahanka,2025-05-03,13,0,0,0,0,0,0,0,0,0,0.0,0.0,0,0.0,0,47,1,3,0.9282,0.0,GREEN,64,Bengaluru
CLM0028907,BEN_08410,HSR Layout,2024-09-05,7,0,0,0,0,0,0,1,0,0,0.0,0.113522,0,0.0,0,420,2,2,0.6725,0.0396,GREEN,26,Bengaluru
CLM0028908,BEN_08779,BTM Layout,2025-04-25,19,0,0,0,0,0,0,0,0,0,0.0,0.0,0,0.0,0,38,0,4,0.5421,0.0,GREEN,43,Bengaluru
CLM0028909,BEN_00211,Whitefield,2025-04-26,21,0,0,0,0,0,0,1,0,0,0.0,0.105219,0,0.0,0,185,1,4,0.6962,0.0307,GREEN,39,Bengaluru
CLM0028910,BEN_03524,Yelahanka,2025-10-07,19,0,0,0,0,0,0,0,0,0,0.0,0.289633,0,0.0,0,420,4,4,0.6899,0.01,GREEN,51,Bengaluru
CLM0028911,BEN_01922,Jayanagar,2024-08-02,12,0,0,0,0,0,0,1,0,0,0.0,1.0,0,0.0,0,38,2,7,0.1639,0.1445,GREEN,49,Bengaluru
CLM0028912,BEN_00742,Electronic City,2025-08-06,13,0,1,1,0,0,0,0,0,0,0.0,0.0,0,0.0,0,229,1,0,0.9474,0.0,GREEN,23,Bengaluru
CLM0028913,BEN_05513,Indiranagar,2023-10-01,7,0,0,0,0,0,0,0,0,0,0.0,0.422373,0,0.0,0,420,0,3,0.5875,0.0,GREEN,36,Bengaluru
CLM0028914,BEN_03687,Electronic City,2024-09-27,20,0,0,0,0,0,0,0,0,0,0.0,0.0,0,0.0,0,376,4,0,0.885,0.0675,GREEN,42,Bengaluru
CLM0028915,BEN_02564,Indiranagar,2023-10-21,11,0,0,0,0,0,0,0,0,0,0.0,0.184451,0,0.0,0,323,3,7,0.9321,0.1118,GREEN,42,Bengaluru
CLM0028916,BEN_08358,Yelahanka,2021-10-05,10,0,1,1,0,0,0,0,1,0,0.0,0.105519,0,0.0,0,420,0,4,0.2684,0.1424,GREEN,35,Bengaluru
CLM0028917,BEN_05491,Indiranagar,2019-11-30,13,0,0,0,0,0,1,0,0,0,0.0,0.999211,0,0.0,0,324,2,1,0.6902,0.0789,GREEN,26,Bengaluru
CLM0028918,BEN_00496,Indiranagar,2022-08-29,14,0,0,0,0,0,0,0,0,0,0.0,0.240232,0,0.0,0,327,2,1,0.7495,0.0,GREEN,32,Bengaluru
CLM0028919,BEN_00734,Yelahanka,2025-11-07,11,0,0,0,0,0,0,0,0,0,0.0,0.0,0,0.0,0,168,0,2,0.8243,0.0365,GREEN,43,Bengaluru
CLM0028920,BEN_03289,HSR Layout,2021-05-22,9,0,0,0,0,0,0,0,0,0,0.0,0.325645,0,0.0,0,165,4,4,0.98,0.2371,GREEN,42,Bengaluru
CLM0028921,BEN_06211,Whitefield,2025-01-10,7,0,0,0,0,0,0,0,0,0,1.0,0.185082,0,0.0,0,228,3,4,0.3639,0.0822,GREEN,43,Bengaluru
CLM0028922,BEN_03029,Whitefield,2022-11-27,10,0,0,0,0,0,0,0,0,1,0.0,0.101545,0,1.0,0,33,3,0,0.2045,0.1028,GREEN,49,Bengaluru
CLM0028923,BEN_00021,Koramangala,2020-11-20,20,0,0,0,0,0,0,0,0,1,0.0,0.155005,0,0.0,0,108,3,3,0.8767,0.0449,GREEN,46,Bengaluru
CLM0028924,BEN_06683,HSR Layout,2022-04-20,11,0,0,0,0,0,0,0,0,0,0.0,0.249848,0,0.0,0,160,0,2,0.7957,0.0,GREEN,47,Bengaluru
CLM0028925,BEN_06497,Electronic City,2023-09-21,13,0,0,0,0,0,0,0,0,0,0.0,0.959927,0,0.0,0,420,4,9,0.5738,0.0,GREEN,37,Bengaluru
CLM0028926,BEN_01709,Koramangala,2025-08-14,12,0,0,0,0,0,0,0,0,0,0.0,0.240236,0,0.0,0,283,3,2,0.9311,0.0,GREEN,52,Bengaluru
CLM0028927,BEN_09921,Koramangala,2024-01-25,12,0,0,0,0,0,0,0,0,0,0.0,0.029132,0,0.0,0,231,4,3,0.98,0.0,GREEN,59,Bengaluru
CLM0028928,BEN_09100,Whitefield,2023-06-11,19,0,0,0,0,0,0,0,0,0,0.0,0.271769,0,0.0,0,227,3,3,0.7745,0.0311,GREEN,63,Bengaluru
CLM0028929,BEN_05647,BTM Layout,2024-02-04,16,0,0,0,0,0,0,0,0,0,0.0,0.925604,0,0.0,0,30,4,1,0.6334,0.0199,GREEN,18,Bengaluru
CLM0028930,BEN_08590,HSR Layout,2024-04-15,9,0,0,0,0,0,0,0,0,0,0.0,0.113676,0,1.0,0,98,4,3,0.4974,0.0096,GREEN,52,Bengaluru
CLM0028931,BEN_04030,Rajajinagar,2025-07-04,17,0,0,0,0,0,0,0,0,0,0.0,0.487941,0,0.0,0,232,0,4,0.3856,0.0,GREEN,39,Bengaluru
CLM0028932,BEN_00414,Jayanagar,2025-06-08,14,0,0,0,0,0,1,0,0,0,0.0,0.0,1,0.0,0,199,3,1,0.5432,0.1937,GREEN,34,Bengaluru
CLM0028933,BEN_00924,Yelahanka,2024-07-29,13,0,0,0,0,0,0,0,0,0,0.0,0.381049,0,0.0,0,420,0,3,0.8184,0.1134,GREEN,57,Bengaluru
CLM0028934,BEN_07861,HSR Layout,2025-06-27,20,0,0,0,1,1,0,1,1,1,0.0,0.997822,1,0.0,0,5,2,18,0.1521,0.1454,GREEN,24,Bengaluru
CLM0028935,BEN_08342,Koramangala,2025-07-30,18,0,0,0,0,0,0,0,0,0,0.0,0.289162,0,1.0,0,18,1,2,0.7018,0.0,GREEN,39,Bengaluru
CLM0028936,BEN_00582,Electronic City,2025-11-22,10,0,1,1,0,0,0,0,0,0,0.0,0.036239,0,0.0,0,387,0,2,0.1223,0.0,GREEN,53,Bengaluru
CLM0028937,BEN_03579,Rajajinagar,2024-09-30,12,0,0,0,0,0,0,0,0,0,0.0,0.126919,0,0.0,0,300,2,1,0.4823,0.0,GREEN,59,Bengaluru
CLM0028938,BEN_04834,BTM Layout,2024-05-01,13,0,0,0,0,0,0,0,0,0,1.0,0.031538,0,1.0,0,125,0,3,0.7253,0.1027,GREEN,54,Bengaluru
CLM0028939,BEN_05579,Indiranagar,2025-08-31,17,0,0,0,0,1,0,0,0,0,0.0,0.316244,0,0.0,0,213,3,2,0.5768,0.0945,GREEN,65,Bengaluru
CLM0028940,BEN_04051,HSR Layout,2020-12-01,8,0,0,0,0,0,0,0,0,0,1.0,0.363933,1,0.0,0,173,2,1,0.8384,0.0,GREEN,34,Bengaluru
CLM0028941,BEN_01273,Indiranagar,2023-10-20,18,0,0,0,0,0,0,0,1,0,1.0,1.0,0,1.0,0,362,1,1,0.5252,0.0,GREEN,51,Bengaluru
CLM0028942,BEN_00244,Electronic City,2020-12-02,12,0,0,0,1,0,0,0,0,0,0.0,0.209477,0,1.0,0,172,1,1,0.71,0.205,GREEN,18,Bengaluru
CLM0028943,BEN_06647,Whitefield,2022-10-18,17,0,0,0,0,0,0,0,0,0,0.0,0.025216,0,0.0,0,195,1,3,0.6985,0.145,GREEN,39,Bengaluru
CLM0028944,BEN_09859,Rajajinagar,2022-11-28,10,0,0,0,0,0,1,0,0,0,0.0,0.23592,0,0.0,0,399,4,0,0.6757,0.047,GREEN,46,Bengaluru
CLM0028945,BEN_07029,Yelahanka,2021-10-09,12,0,0,0,0,0,0,0,0,0,0.0,0.93379,0,0.0,0,10,1,0,0.2309,0.0238,GREEN,23,Bengaluru
CLM0028946,BEN_00744,Marathahalli,2024-05-01,13,0,0,0,0,0,0,0,0,0,0.0,0.089883,0,0.0,0,420,0,0,0.98,0.0,GREEN,42,Bengaluru
CLM0028947,BEN_07978,Indiranagar,2020-04-16,18,0,0,0,0,0,1,0,0,0,1.0,0.968135,0,1.0,0,242,2,2,0.5225,0.1051,GREEN,53,Bengaluru
CLM0028948,BEN_06911,Indiranagar,2024-09-10,10,0,0,0,1,0,0,0,0,0,0.0,0.015236,0,0.0,0,261,4,2,0.8813,0.0978,GREEN,37,Bengaluru
CLM0028949,BEN_04569,BTM Layout,2020-09-24,13,0,0,0,0,0,0,0,0,0,0.0,0.259405,0,0.0,0,215,0,4,0.2395,0.0,GREEN,43,Bengaluru
CLM0028950,BEN_09821,Jayanagar,2025-02-20,18,0,1,1,0,0,0,0,0,0,0.0,0.123921,0,0.0,0,34,4,5,0.05,0.126,GREEN,47,Bengaluru
CLM0028951,BEN_06377,BTM Layout,2022-04-23,16,0,0,0,0,0,0,0,0,0,0.0,0.0,0,1.0,0,420,2,2,0.05,0.0,GREEN,53,Bengaluru
CLM0028952,BEN_01694,HSR Layout,2023-07-11,10,0,0,0,0,0,0,0,0,0,0.0,0.301949,0,0.0,0,390,4,4,0.8315,0.0,GREEN,59,Bengaluru
CLM0028953,BEN_03176,BTM Layout,2020-01-18,11,0,0,0,0,0,0,0,0,0,0.0,0.223996,0,0.0,0,420,0,2,0.4216,0.0,GREEN,40,Bengaluru
CLM0028954,BEN_01252,Koramangala,2021-12-15,8,0,0,0,0,0,0,0,0,0,0.0,0.20537,0,0.0,0,155,3,1,0.604,0.1037,GREEN,18,Bengaluru
CLM0028955,BEN_07237,Electronic City,2018-03-21,9,0,0,0,0,0,1,0,0,0,0.0,0.331364,0,0.0,0,28,1,3,0.05,0.087,GREEN,37,Bengaluru
CLM0028956,BEN_09754,Rajajinagar,2018-04-06,21,0,0,0,0,0,0,0,0,0,0.0,0.21729,0,0.0,0,388,1,0,0.8639,0.0,GREEN,53,Bengaluru
CLM0028957,BEN_08904,HSR Layout,2016-05-18,12,0,0,0,0,0,0,0,0,0,0.0,0.020283,0,0.0,0,268,4,2,0.8845,0.0216,GREEN,40,Bengaluru
CLM0028958,BEN_05772,Yelahanka,2021-04-15,17,0,0,0,0,0,0,0,0,0,0.0,0.404624,0,0.0,0,243,3,6,0.62,0.0055,GREEN,31,Bengaluru
CLM0028959,BEN_00936,HSR Layout,2017-06-27,9,0,0,0,0,0,0,0,0,0,0.0,0.337976,0,0.0,0,85,0,0,0.1712,0.0305,GREEN,48,Bengaluru
CLM0028960,BEN_03867,Rajajinagar,2025-03-13,18,0,0,0,0,0,0,1,0,0,0.0,0.05041,0,0.0,0,415,4,1,0.9797,0.0489,GREEN,43,Bengaluru
CLM0028961,BEN_03345,Koramangala,2024-12-26,7,0,0,0,0,0,0,0,0,0,0.0,0.479596,0,1.0,0,339,0,0,0.9661,0.0666,GREEN,43,Bengaluru
CLM0028962,BEN_06086,Electronic City,2024-04-10,11,0,0,0,0,0,0,0,0,0,0.0,0.927901,0,0.0,0,383,2,4,0.5394,0.0,GREEN,36,Bengaluru
CLM0028963,BEN_00432,Rajajinagar,2025-07-14,14,0,0,0,0,0,0,0,0,0,0.0,0.117215,0,0.0,0,181,4,2,0.606,0.0308,GREEN,57,Bengaluru
CLM0028964,BEN_05925,Marathahalli,2023-11-27,21,0,0,0,1,1,1,1,0,0,0.0,0.161958,0,0.0,0,5,2,18,0.7994,0.2618,GREEN,52,Bengaluru
CLM0028965,BEN_05182,Indiranagar,2023-11-23,15,0,0,0,0,0,0,0,0,0,1.0,0.0,0,0.0,0,260,2,2,0.9112,0.0205,GREEN,46,Bengaluru
CLM0028966,BEN_00209,Rajajinagar,2025-10-22,10,0,0,0,0,0,0,0,1,0,0.0,0.185278,0,0.0,0,405,1,4,0.6444,0.1522,GREEN,38,Bengaluru
CLM0028967,BEN_08936,Marathahalli,2025-07-22,12,0,1,1,0,0,1,1,1,1,1.0,0.235734,0,0.0,0,12,0,18,0.98,0.5246,YELLOW,43,Bengaluru
CLM0028968,BEN_06180,Electronic City,2022-04-25,21,0,1,1,1,0,1,1,1,1,0.0,0.096971,0,0.0,0,5,2,18,0.8315,0.6153,RED,39,Bengaluru
CLM0028969,BEN_04204,BTM Layout,2021-08-29,12,0,0,0,0,0,0,0,0,0,0.0,0.45823,0,0.0,0,242,4,6,0.8519,0.0238,GREEN,48,Bengaluru
CLM0028970,BEN_00639,Jayanagar,2016-11-01,9,0,0,0,0,0,0,1,0,0,0.0,0.10663,0,1.0,0,420,2,0,0.1722,0.0902,GREEN,55,Bengaluru
CLM0028971,BEN_07519,HSR Layout,2022-09-04,18,0,0,0,0,0,0,1,0,0,0.0,0.070199,0,0.0,0,300,0,0,0.05,0.0399,GREEN,50,Bengaluru
CLM0028972,BEN_03811,Marathahalli,2024-03-05,10,0,0,0,0,0,0,0,0,0,1.0,0.988125,0,1.0,0,190,3,2,0.5336,0.0,GREEN,57,Bengaluru
CLM0028973,BEN_03254,Rajajinagar,2019-02-25,17,0,0,0,0,1,0,0,0,0,1.0,0.301859,0,0.0,1,420,0,3,0.7684,0.285,GREEN,65,Bengaluru
CLM0028974,BEN_04620,Indiranagar,2020-08-10,11,0,0,0,0,0,0,0,0,0,0.0,0.239112,0,0.0,0,40,0,0,0.7346,0.0891,GREEN,37,Bengaluru
CLM0028975,BEN_00973,HSR Layout,2016-07-25,8,0,0,0,0,0,1,0,0,0,0.0,0.174204,0,0.0,0,56,4,3,0.7072,0.1149,GREEN,28,Bengaluru
CLM0028976,BEN_02695,Rajajinagar,2016-10-03,10,0,0,0,0,0,0,0,0,0,0.0,0.213875,0,0.0,1,185,1,0,0.9773,0.0716,GREEN,55,Bengaluru
CLM0028977,BEN_01789,HSR Layout,2019-07-23,17,0,0,0,0,0,0,0,1,0,0.0,0.172331,0,0.0,0,420,1,1,0.6962,0.0912,GREEN,47,Bengaluru
CLM0028978,BEN_00078,Marathahalli,2020-08-08,11,0,0,0,0,0,0,0,0,0,0.0,0.280331,0,0.0,0,81,4,0,0.8341,0.0,GREEN,46,Bengaluru
CLM0028979,BEN_00414,Jayanagar,2023-06-05,15,0,0,0,0,0,0,0,0,0,1.0,0.855138,0,1.0,0,205,4,1,0.7495,0.0,GREEN,34,Bengaluru
CLM0028980,BEN_05411,Marathahalli,2023-03-13,19,0,0,0,0,0,0,1,0,0,1.0,0.255772,0,0.0,0,334,1,0,0.9433,0.125,GREEN,63,Bengaluru
CLM0028981,BEN_09803,Electronic City,2025-05-20,18,0,0,0,0,0,0,0,0,0,1.0,0.125152,0,0.0,0,231,1,6,0.8179,0.0,GREEN,26,Bengaluru
CLM0028982,BEN_00135,Electronic City,2024-11-20,15,0,0,0,0,0,0,0,0,0,0.0,0.964954,0,0.0,0,180,3,0,0.902,0.0,GREEN,48,Bengaluru
CLM0028983,BEN_08610,HSR Layout,2024-07-26,21,0,0,0,0,0,0,1,0,0,0.0,0.280748,0,0.0,0,173,1,3,0.6962,0.012,GREEN,39,Bengaluru
CLM0028984,BEN_06747,Electronic City,2025-11-22,7,0,0,0,0,0,0,0,0,0,0.0,0.294483,0,0.0,0,255,2,3,0.5334,0.0,GREEN,38,Bengaluru
CLM0028985,BEN_04679,BTM Layout,2025-08-04,18,0,0,0,0,0,0,0,0,1,0.0,1.0,1,1.0,0,24,4,1,0.5523,0.2451,GREEN,28,Bengaluru
CLM0028986,BEN_00223,Yelahanka,2023-07-10,11,0,0,0,0,0,0,0,0,0,0.0,0.32274,0,0.0,0,152,4,0,0.9125,0.0,GREEN,39,Bengaluru
CLM0028987,BEN_03221,HSR Layout,2023-10-17,20,0,0,0,0,0,0,0,0,0,0.0,0.109965,1,0.0,0,420,1,1,0.8541,0.2553,GREEN,54,Bengaluru
CLM0028988,BEN_08096,Electronic City,2023-04-07,20,0,0,0,0,0,0,0,0,1,0.0,0.0,0,0.0,0,223,2,4,0.8872,0.1338,GREEN,44,Bengaluru
CLM0028989,BEN_03206,BTM Layout,2025-02-09,19,0,0,0,0,0,0,0,0,0,1.0,0.949458,0,0.0,0,268,4,7,0.7797,0.1768,GREEN,44,Bengaluru
CLM0028990,BEN_05846,Jayanagar,2023-11-28,9,0,0,0,0,0,0,0,0,0,0.0,0.031027,0,0.0,1,102,4,2,0.5365,0.0,GREEN,53,Bengaluru
CLM0028991,BEN_02986,HSR Layout,2023-12-25,7,0,1,1,0,0,0,0,0,0,0.0,0.397204,0,0.0,0,52,2,1,0.6026,0.0,GREEN,30,Bengaluru
CLM0028992,BEN_04172,Jayanagar,2021-04-15,18,0,0,0,0,0,0,0,0,0,0.0,0.185778,0,0.0,0,64,1,0,0.2692,0.0,GREEN,48,Bengaluru
CLM0028993,BEN_01061,Yelahanka,2023-03-03,20,0,0,0,0,0,0,0,0,0,0.0,0.357018,0,0.0,0,77,2,2,0.6886,0.0,GREEN,47,Bengaluru
CLM0028994,BEN_02227,HSR Layout,2025-08-14,18,0,0,0,0,0,0,0,0,0,0.0,0.199487,0,0.0,1,269,0,4,0.6789,0.0507,GREEN,43,Bengaluru
CLM0028995,BEN_01274,Electronic City,2024-04-15,11,0,0,0,0,0,0,0,1,0,0.0,0.444044,0,0.0,0,392,2,4,0.8835,0.0712,GREEN,39,Bengaluru
CLM0028996,BEN_01906,Jayanagar,2024-05-01,15,0,1,1,0,0,0,0,1,1,0.0,0.943683,0,0.0,0,78,1,1,0.903,0.2722,GREEN,50,Bengaluru
CLM0028997,BEN_01606,Whitefield,2023-06-02,19,0,0,0,0,0,0,0,0,0,0.0,1.0,0,0.0,0,362,4,2,0.5136,0.0,GREEN,39,Bengaluru
CLM0028998,BEN_05047,BTM Layout,2021-07-03,10,0,0,0,0,0,0,0,0,0,0.0,0.099267,0,0.0,0,420,4,3,0.7525,0.0729,GREEN,54,Bengaluru
CLM0028999,BEN_01068,BTM Layout,2024-11-28,12,0,0,0,1,0,0,1,1,0,1.0,1.0,0,1.0,1,13,2,18,0.3621,0.0,GREEN,47,Bengaluru
CLM0029000,BEN_00552,Jayanagar,2025-04-06,18,0,0,0,0,0,0,0,0,0,1.0,0.931651,0,1.0,0,221,0,1,0.7547,0.0,GREEN,45,Bengaluru
CLM0029001,BEN_08145,Electronic City,2024-05-21,10,0,0,0,0,0,0,0,0,0,0.0,0.021975,0,0.0,0,40,0,2,0.6901,0.0265,GREEN,44,Bengaluru
CLM0029002,BEN_07696,Yelahanka,2024-05-05,20,0,0,0,0,0,0,0,0,0,0.0,0.196518,0,0.0,0,47,2,0,0.5726,0.0058,GREEN,62,Bengaluru
CLM0029003,BEN_00421,Rajajinagar,2022-08-24,20,0,0,0,0,0,0,0,0,0,0.0,0.450775,0,1.0,0,205,3,3,0.214,0.1046,GREEN,33,Bengaluru
CLM0029004,BEN_09780,Rajajinagar,2025-08-29,12,0,0,0,1,1,1,1,1,1,0.0,0.052045,0,1.0,0,5,0,12,0.8013,0.0367,GREEN,39,Bengaluru
CLM0029005,BEN_04407,Koramangala,2025-07-24,10,0,0,0,0,0,0,0,0,0,1.0,0.155183,0,0.0,0,17,4,2,0.8962,0.0,GREEN,47,Bengaluru
CLM0029006,BEN_08894,Koramangala,2024-10-16,12,0,0,0,0,0,1,1,0,0,1.0,0.320506,0,0.0,0,394,4,2,0.8747,0.1418,GREEN,40,Bengaluru
CLM0029007,BEN_03972,Indiranagar,2023-12-11,21,0,0,0,0,0,0,0,0,0,0.0,0.0,0,0.0,0,420,4,3,0.1283,0.0,GREEN,41,Bengaluru
CLM0029008,BEN_09188,Koramangala,2025-12-18,15,0,0,0,0,0,0,0,0,0,0.0,0.247832,0,0.0,0,125,2,2,0.8693,0.0314,GREEN,18,Bengaluru
CLM0029009,BEN_03300,Yelahanka,2024-08-12,18,0,0,0,1,0,0,1,0,0,0.0,0.126338,0,1.0,0,420,2,3,0.7359,0.3253,YELLOW,32,Bengaluru
CLM0029010,BEN_06727,HSR Layout,2021-06-05,15,0,0,0,0,0,0,0,0,0,0.0,0.101741,0,0.0,0,89,0,1,0.8805,0.0,GREEN,49,Bengaluru
CLM0029011,BEN_02170,Whitefield,2019-08-24,11,0,1,1,1,1,1,1,1,0,0.0,0.122819,0,1.0,0,5,2,18,0.2435,0.0744,GREEN,42,Bengaluru
CLM0029012,BEN_07464,Electronic City,2018-08-30,21,0,0,0,0,0,0,0,0,0,0.0,0.300332,0,0.0,0,344,3,1,0.4804,0.0291,GREEN,60,Bengaluru
CLM0029013,BEN_00859,Marathahalli,2023-09-04,11,0,1,1,0,0,0,0,0,0,0.0,0.025335,0,0.0,0,351,1,1,0.8421,0.0,GREEN,51,Bengaluru
CLM0029014,BEN_02061,Yelahanka,2022-04-19,13,0,0,0,0,0,0,0,0,0,0.0,1.0,0,0.0,0,383,0,3,0.6777,0.0,GREEN,30,Bengaluru
CLM0029015,BEN_09464,Electronic City,2021-08-29,17,0,0,0,1,0,0,0,0,0,0.0,0.19357,0,0.0,0,317,3,3,0.5025,0.1542,GREEN,53,Bengaluru
CLM0029016,BEN_09828,Rajajinagar,2022-09-21,12,0,0,0,0,0,0,0,1,0,0.0,0.021721,0,0.0,0,45,1,4,0.6974,0.1006,GREEN,48,Bengaluru
CLM0029017,BEN_05763,BTM Layout,2024-08-30,13,0,0,0,0,0,0,0,0,0,0.0,1.0,0,0.0,0,21,1,2,0.8632,0.0637,GREEN,53,Bengaluru
CLM0029018,BEN_01749,Koramangala,2023-04-14,14,0,0,0,0,1,1,0,0,1,0.0,0.0,0,0.0,0,294,2,4,0.959,0.4257,YELLOW,44,Bengaluru
CLM0029019,BEN_08458,Yelahanka,2024-05-26,8,0,0,0,0,0,0,0,0,0,1.0,1.0,0,1.0,0,116,0,6,0.5214,0.0,GREEN,55,Bengaluru
CLM0029020,BEN_06560,Yelahanka,2024-09-24,7,0,0,0,0,1,0,1,1,0,0.0,1.0,0,0.0,0,5,1,13,0.3676,0.0,GREEN,71,Bengaluru
CLM0029021,BEN_01834,Whitefield,2024-09-16,11,0,0,0,0,0,0,0,0,0,0.0,0.0,0,0.0,0,215,1,0,0.4988,0.0,GREEN,35,Bengaluru
CLM0029022,BEN_04294,Rajajinagar,2024-09-12,16,0,0,0,0,0,0,0,0,0,0.0,0.0,0,0.0,0,240,1,0,0.9353,0.1354,GREEN,36,Bengaluru
CLM0029023,BEN_02507,Marathahalli,2024-08-27,9,0,0,0,0,0,0,0,0,0,0.0,0.191974,0,0.0,0,84,1,1,0.4846,0.0,GREEN,44,Bengaluru
CLM0029024,BEN_04751,Indiranagar,2024-09-20,20,0,0,0,0,0,0,0,0,0,0.0,1.0,0,0.0,1,326,2,0,0.5554,0.0024,GREEN,33,Bengaluru
CLM0029025,BEN_07933,Whitefield,2025-10-04,15,0,0,0,0,0,0,0,0,0,0.0,0.0,0,0.0,0,420,3,2,0.7008,0.0,GREEN,36,Bengaluru
CLM0029026,BEN_00215,HSR Layout,2025-11-21,12,0,0,0,0,1,1,0,0,0,1.0,0.351883,0,0.0,0,323,1,1,0.2545,0.1391,GREEN,50,Bengaluru
CLM0029027,BEN_08841,Koramangala,2023-03-27,7,0,0,0,0,0,0,0,0,0,1.0,0.877127,1,0.0,0,197,3,0,0.05,0.1334,GREEN,48,Bengaluru
CLM0029028,BEN_04663,Rajajinagar,2025-03-31,10,0,0,0,0,0,0,0,1,0,0.0,0.332782,0,0.0,0,420,3,1,0.4156,0.1648,GREEN,62,Bengaluru
CLM0029029,BEN_00493,BTM Layout,2025-08-15,20,0,0,0,0,0,0,0,0,0,1.0,0.311211,0,0.0,0,418,0,0,0.05,0.1166,GREEN,47,Bengaluru
CLM0029030,BEN_04624,Indiranagar,2024-10-30,17,0,0,0,0,0,1,0,0,0,0.0,0.116892,0,0.0,1,346,2,7,0.7376,0.2697,GREEN,47,Bengaluru
CLM0029031,BEN_01170,Jayanagar,2025-06-28,20,0,0,0,0,0,0,0,0,0,0.0,0.0,0,0.0,0,51,4,2,0.7751,0.0247,GREEN,28,Bengaluru
CLM0029032,BEN_08905,Electronic City,2024-08-05,16,0,0,0,0,0,0,0,0,0,0.0,0.281734,0,0.0,0,420,2,2,0.5084,0.0812,GREEN,28,Bengaluru
CLM0029033,BEN_03231,Electronic City,2025-04-30,20,0,0,0,0,0,0,0,0,0,0.0,0.0,0,0.0,0,265,4,1,0.5812,0.0,GREEN,50,Bengaluru
CLM0029034,BEN_09665,Electronic City,2024-10-18,12,0,0,0,0,0,0,0,0,0,0.0,0.361093,0,0.0,0,279,0,6,0.98,0.0,GREEN,61,Bengaluru
CLM0029035,BEN_06352,Rajajinagar,2024-10-10,10,0,0,0,0,0,0,0,0,0,1.0,0.164691,1,0.0,0,417,2,1,0.9712,0.0918,GREEN,43,Bengaluru
CLM0029036,BEN_05712,Rajajinagar,2017-03-03,13,0,0,0,0,0,0,0,0,0,0.0,0.022295,0,1.0,0,69,3,3,0.6122,0.0,GREEN,63,Bengaluru
CLM0029037,BEN_06105,Marathahalli,2021-04-05,21,0,0,0,1,0,1,0,0,0,1.0,0.241863,0,0.0,0,418,3,2,0.786,0.2809,GREEN,63,Bengaluru
CLM0029038,BEN_08532,Jayanagar,2018-11-13,21,1,0,0,0,0,1,0,0,0,0.0,0.071433,0,0.0,1,274,0,0,0.8565,0.2489,GREEN,48,Bengaluru
CLM0029039,BEN_03073,HSR Layout,2020-09-22,10,0,1,1,0,0,0,0,1,0,0.0,0.245211,0,0.0,0,188,1,0,0.1042,0.1431,GREEN,51,Bengaluru
CLM0029040,BEN_01486,Electronic City,2017-11-14,8,0,0,0,0,0,0,0,0,0,0.0,0.036809,0,0.0,0,420,3,3,0.2672,0.0318,GREEN,47,Bengaluru
CLM0029041,BEN_01568,Jayanagar,2023-09-05,11,0,0,0,0,0,0,0,0,0,0.0,0.28452,0,0.0,1,113,1,1,0.7234,0.0751,GREEN,25,Bengaluru
CLM0029042,BEN_06240,Koramangala,2021-07-02,20,0,0,0,0,0,0,1,0,0,0.0,0.200766,0,0.0,0,420,2,3,0.754,0.0098,GREEN,62,Bengaluru
CLM0029043,BEN_01408,Jayanagar,2018-09-28,7,0,0,0,0,0,0,0,0,0,0.0,0.067976,0,1.0,0,57,1,1,0.8898,0.0,GREEN,36,Bengaluru
CLM0029044,BEN_08208,Rajajinagar,2021-03-23,19,0,1,1,0,0,0,0,0,1,1.0,0.940451,0,1.0,0,334,0,3,0.829,0.1232,GREEN,38,Bengaluru
CLM0029045,BEN_02750,Indiranagar,2023-03-29,18,0,0,0,0,0,0,0,0,0,0.0,0.294845,0,0.0,0,352,1,0,0.6634,0.0193,GREEN,38,Bengaluru
CLM0029046,BEN_01801,Marathahalli,2022-05-02,13,0,0,0,0,0,0,0,0,0,0.0,0.417712,0,0.0,0,420,2,1,0.98,0.0687,GREEN,27,Bengaluru
CLM0029047,BEN_02952,HSR Layout,2024-11-10,9,0,0,0,1,1,0,1,1,0,1.0,0.623853,0,1.0,1,12,1,12,0.9193,0.028,GREEN,37,Bengaluru
CLM0029048,BEN_02915,Indiranagar,2024-11-08,18,0,0,0,1,1,1,1,1,1,1.0,0.995712,0,1.0,0,5,4,18,0.2333,0.0,GREEN,36,Bengaluru
CLM0029049,BEN_06129,HSR Layout,2021-11-27,17,0,0,0,0,0,0,0,1,0,0.0,0.121791,0,0.0,0,420,1,6,0.2058,0.0444,GREEN,35,Bengaluru
CLM0029050,BEN_01909,BTM Layout,2025-07-26,21,0,0,0,0,0,0,0,0,0,0.0,0.509094,0,0.0,0,306,4,7,0.8265,0.0,GREEN,33,Bengaluru
CLM0029051,BEN_00703,Koramangala,2025-03-07,17,0,0,0,0,0,0,0,0,0,0.0,0.079112,0,0.0,0,148,1,5,0.6743,0.0,GREEN,41,Bengaluru
CLM0029052,BEN_06156,Jayanagar,2022-04-26,16,0,0,0,0,0,0,0,0,0,0.0,0.238391,0,0.0,0,251,2,4,0.1026,0.0,GREEN,31,Bengaluru
CLM0029053,BEN_04098,Electronic City,2025-03-22,12,0,0,0,0,0,0,0,0,0,0.0,0.218288,0,0.0,0,15,4,1,0.4256,0.0,GREEN,46,Bengaluru
CLM0029054,BEN_03714,Indiranagar,2023-08-07,7,0,0,0,0,1,0,0,0,0,1.0,0.015394,0,0.0,0,109,4,1,0.9209,0.2927,GREEN,54,Bengaluru
CLM0029055,BEN_03555,Electronic City,2019-04-22,16,0,0,0,0,0,1,0,1,1,0.0,0.208938,0,0.0,0,173,4,0,0.4094,0.2695,GREEN,55,Bengaluru
CLM0029056,BEN_04456,Indiranagar,2017-09-24,21,0,0,0,0,0,0,1,0,0,0.0,0.107946,0,0.0,0,89,4,1,0.98,0.0392,GREEN,47,Bengaluru
CLM0029057,BEN_00867,HSR Layout,2022-09-24,13,0,0,0,0,0,0,0,0,0,0.0,0.244706,0,0.0,0,29,1,4,0.9473,0.0,GREEN,41,Bengaluru
CLM0029058,BEN_01022,HSR Layout,2019-07-10,14,0,0,0,0,1,0,1,0,0,0.0,0.310858,0,0.0,0,250,2,4,0.98,0.1244,GREEN,30,Bengaluru
CLM0029059,BEN_01345,Whitefield,2018-10-05,11,0,0,0,0,0,0,1,0,0,1.0,0.113706,0,0.0,0,48,3,4,0.5942,0.1143,GREEN,35,Bengaluru
CLM0029060,BEN_04229,Jayanagar,2017-01-09,14,0,0,0,0,0,0,0,0,0,0.0,0.301409,0,0.0,0,47,4,2,0.4116,0.0133,GREEN,60,Bengaluru
CLM0029061,BEN_01612,Marathahalli,2021-06-26,7,0,0,0,0,0,0,0,0,0,0.0,0.977301,0,0.0,0,188,4,3,0.8552,0.0203,GREEN,25,Bengaluru
CLM0029062,BEN_09271,Yelahanka,2018-09-29,14,0,0,0,0,0,1,0,0,0,0.0,0.085531,0,0.0,0,349,3,0,0.4563,0.2159,GREEN,49,Bengaluru
CLM0029063,BEN_02306,HSR Layout,2021-05-06,17,0,0,0,0,0,0,0,0,0,0.0,0.315623,0,0.0,0,286,1,0,0.916,0.0,GREEN,62,Bengaluru
CLM0029064,BEN_07996,BTM Layout,2024-03-29,12,0,0,0,1,0,0,0,0,0,0.0,1.0,0,0.0,0,288,0,3,0.9183,0.1157,GREEN,21,Bengaluru
CLM0029065,BEN_06161,Electronic City,2017-05-07,20,0,0,0,0,0,0,0,0,0,0.0,0.327573,0,0.0,0,183,2,2,0.929,0.0,GREEN,54,Bengaluru
CLM0029066,BEN_03201,Whitefield,2023-12-15,17,0,0,0,0,0,0,0,1,0,0.0,0.301228,0,0.0,0,175,0,0,0.2355,0.0866,GREEN,46,Bengaluru
CLM0029067,BEN_04759,Whitefield,2023-07-19,10,0,0,0,0,0,0,0,0,0,0.0,0.071844,0,0.0,0,413,1,2,0.884,0.0,GREEN,47,Bengaluru
CLM0029068,BEN_05104,Koramangala,2022-05-28,11,0,0,0,0,0,0,0,0,0,0.0,0.068624,0,0.0,0,420,1,1,0.4802,0.0,GREEN,40,Bengaluru
CLM0029069,BEN_05980,Yelahanka,2023-01-01,9,0,0,0,0,0,0,0,0,0,1.0,0.981127,0,1.0,0,417,0,4,0.4771,0.3922,YELLOW,18,Bengaluru
CLM0029070,BEN_00892,Whitefield,2019-05-12,12,0,1,1,0,0,0,0,0,0,0.0,0.02207,0,0.0,0,357,3,10,0.4897,0.0,GREEN,43,Bengaluru
CLM0029071,BEN_03868,Indiranagar,2023-05-10,19,0,0,0,0,0,0,0,0,0,0.0,0.067237,1,0.0,0,55,1,0,0.8384,0.0992,GREEN,48,Bengaluru
CLM0029072,BEN_07237,Electronic City,2016-09-21,9,0,0,0,0,0,0,0,0,0,0.0,0.127966,0,1.0,0,333,4,4,0.8456,0.0,GREEN,37,Bengaluru
CLM0029073,BEN_01086,Indiranagar,2017-02-28,17,0,0,0,0,0,0,0,0,0,0.0,0.0,0,0.0,0,420,1,5,0.4322,0.1394,GREEN,50,Bengaluru
CLM0029074,BEN_08791,Indiranagar,2023-05-10,15,0,0,0,0,0,0,0,1,0,0.0,0.350463,0,0.0,0,364,2,1,0.5951,0.0,GREEN,38,Bengaluru
CLM0029075,BEN_00172,Indiranagar,2021-07-25,8,0,0,0,1,1,1,1,1,1,0.0,0.100856,1,0.0,0,39,0,18,0.7609,0.0,GREEN,46,Bengaluru
CLM0029076,BEN_09825,Jayanagar,2025-12-10,12,0,0,0,0,0,0,0,0,0,0.0,0.314974,0,0.0,0,182,2,0,0.6687,0.0392,GREEN,35,Bengaluru
CLM0029077,BEN_05388,Marathahalli,2021-07-06,9,0,0,0,0,0,0,0,0,0,0.0,0.327584,0,0.0,0,192,3,7,0.8207,0.0405,GREEN,32,Bengaluru
CLM0029078,BEN_08829,HSR Layout,2018-09-16,13,0,0,0,0,0,0,0,0,0,0.0,0.178529,0,0.0,0,115,2,3,0.4175,0.0,GREEN,44,Bengaluru
CLM0029079,BEN_03902,Rajajinagar,2023-04-18,9,0,0,0,0,0,0,0,1,0,0.0,0.026303,1,0.0,0,262,4,0,0.6549,0.1613,GREEN,55,Bengaluru
CLM0029080,BEN_01033,Rajajinagar,2024-09-15,17,0,0,0,0,0,0,0,0,0,0.0,0.252807,0,0.0,0,98,1,1,0.5683,0.0,GREEN,55,Bengaluru
CLM0029081,BEN_00616,Koramangala,2019-07-03,15,0,0,0,0,0,0,0,0,0,0.0,0.247586,0,0.0,0,218,2,0,0.6079,0.0,GREEN,48,Bengaluru
CLM0029082,BEN_02925,Rajajinagar,2025-01-19,13,0,1,1,0,1,0,0,1,0,0.0,0.295716,1,1.0,0,222,0,4,0.7838,0.3322,YELLOW,58,Bengaluru
CLM0029083,BEN_08200,Koramangala,2024-10-23,9,0,0,0,0,0,1,0,0,0,0.0,1.0,0,0.0,0,332,4,3,0.0684,0.1647,GREEN,53,Bengaluru
CLM0029084,BEN_02324,Indiranagar,2022-10-15,8,0,1,1,0,0,0,0,0,0,0.0,0.016815,0,0.0,0,216,2,2,0.98,0.0128,GREEN,33,Bengaluru
CLM0029085,BEN_05053,Marathahalli,2021-03-27,7,0,0,0,0,0,0,0,0,0,0.0,0.221262,0,0.0,0,56,2,3,0.9369,0.0435,GREEN,53,Bengaluru
CLM0029086,BEN_05743,Koramangala,2020-06-09,21,0,0,0,0,0,0,0,0,0,0.0,0.055949,0,0.0,0,105,4,1,0.8541,0.0,GREEN,57,Bengaluru
CLM0029087,BEN_03486,Jayanagar,2020-10-04,17,0,0,0,0,0,0,0,0,0,0.0,0.462798,0,0.0,0,149,3,6,0.7497,0.0891,GREEN,36,Bengaluru
CLM0029088,BEN_05304,Electronic City,2023-02-23,7,0,1,1,1,1,0,1,1,0,1.0,0.596294,0,1.0,1,5,1,15,0.883,0.6955,RED,57,Bengaluru
CLM0029089,BEN_09689,BTM Layout,2024-05-11,15,0,1,1,1,1,1,1,1,1,1.0,0.943872,1,1.0,0,10,2,18,0.2506,0.7923,RED,35,Bengaluru
CLM0029090,BEN_08973,Marathahalli,2019-01-11,12,0,1,1,1,1,0,1,1,1,1.0,0.095693,0,1.0,1,9,0,18,0.3033,0.766,RED,59,Bengaluru
CLM0029091,BEN_06524,Jayanagar,2019-10-30,9,0,0,0,0,0,0,0,0,0,0.0,0.303986,0,0.0,1,132,2,2,0.659,0.1619,GREEN,48,Bengaluru
CLM0029092,BEN_09216,Indiranagar,2023-07-29,17,0,0,0,0,0,0,0,0,0,1.0,0.281594,0,0.0,0,420,1,4,0.8532,0.099,GREEN,36,Bengaluru
CLM0029093,BEN_00094,Yelahanka,2025-09-22,19,0,0,0,0,0,0,0,0,0,0.0,0.413439,0,0.0,0,255,3,3,0.783,0.0025,GREEN,37,Bengaluru
CLM0029094,BEN_01010,Rajajinagar,2019-02-22,18,0,0,0,0,0,0,0,0,0,1.0,0.926792,0,1.0,0,50,3,0,0.6179,0.0223,GREEN,48,Bengaluru
CLM0029095,BEN_08234,Rajajinagar,2019-01-13,14,0,0,0,0,0,1,0,0,0,0.0,0.342191,0,0.0,0,270,2,4,0.3929,0.0873,GREEN,45,Bengaluru
CLM0029096,BEN_07539,Marathahalli,2019-05-25,18,0,0,0,0,0,0,0,0,0,0.0,0.271027,0,0.0,0,227,2,5,0.7427,0.0164,GREEN,58,Bengaluru
CLM0029097,BEN_08147,Marathahalli,2022-10-23,15,0,0,0,0,0,0,0,0,0,0.0,0.098352,0,0.0,0,384,3,8,0.6292,0.0,GREEN,43,Bengaluru
CLM0029098,BEN_03181,HSR Layout,2025-10-24,13,0,0,0,0,0,0,0,1,0,0.0,1.0,0,0.0,0,80,0,0,0.98,0.1643,GREEN,45,Bengaluru
CLM0029099,BEN_02227,HSR Layout,2023-11-26,11,0,0,0,0,1,0,1,1,1,0.0,1.0,0,0.0,1,5,2,18,0.2037,0.0385,GREEN,43,Bengaluru
CLM0029100,BEN_04081,BTM Layout,2019-06-13,21,0,0,0,0,0,0,0,0,1,0.0,0.391931,0,0.0,0,66,4,4,0.5017,0.0975,GREEN,30,Bengaluru
CLM0029101,BEN_01640,Koramangala,2024-06-24,15,0,0,0,1,0,0,0,0,0,0.0,0.095124,0,0.0,0,420,3,1,0.611,0.1116,GREEN,32,Bengaluru
CLM0029102,BEN_08851,Koramangala,2022-04-03,11,0,0,0,0,0,0,0,0,0,0.0,0.094703,0,0.0,1,279,3,1,0.685,0.1485,GREEN,66,Bengaluru
CLM0029103,BEN_04531,Jayanagar,2018-07-03,20,0,0,0,0,0,0,0,0,0,0.0,0.962213,0,0.0,0,150,2,1,0.6306,0.0,GREEN,55,Bengaluru
CLM0029104,BEN_06796,HSR Layout,2024-12-21,11,0,0,0,0,0,0,0,0,0,0.0,0.0,0,0.0,0,244,3,3,0.9185,0.0752,GREEN,52,Bengaluru
CLM0029105,BEN_04849,Marathahalli,2016-01-17,11,0,0,0,0,0,0,0,0,0,0.0,0.258214,0,0.0,0,420,2,4,0.9361,0.0796,GREEN,27,Bengaluru
CLM0029106,BEN_01909,BTM Layout,2020-09-03,11,0,0,0,0,0,0,0,0,0,0.0,0.209354,0,0.0,0,294,1,2,0.9541,0.0,GREEN,33,Bengaluru
CLM0029107,BEN_06408,Koramangala,2019-01-02,7,0,0,0,0,0,0,0,0,0,1.0,0.031777,0,0.0,1,266,3,3,0.6058,0.1561,GREEN,46,Bengaluru
CLM0029108,BEN_03311,BTM Layout,2020-12-26,16,0,0,0,0,0,0,0,0,0,1.0,0.107569,0,0.0,0,338,0,1,0.1809,0.0817,GREEN,30,Bengaluru
CLM0029109,BEN_09128,Jayanagar,2016-05-30,19,0,0,0,0,0,0,1,0,0,1.0,0.351802,0,0.0,0,24,2,1,0.6609,0.1472,GREEN,53,Bengaluru
CLM0029110,BEN_03663,Koramangala,2016-05-30,17,0,0,0,0,0,0,0,0,0,1.0,1.0,0,1.0,0,310,2,7,0.7712,0.0,GREEN,56,Bengaluru
CLM0029111,BEN_03920,Yelahanka,2023-04-06,12,0,0,0,0,0,0,0,0,0,0.0,0.284651,0,0.0,0,42,0,3,0.9733,0.0,GREEN,32,Bengaluru
CLM0029112,BEN_04171,Yelahanka,2025-12-03,21,0,0,0,1,0,0,0,0,0,0.0,0.872116,0,0.0,0,277,0,2,0.9201,0.207,GREEN,46,Bengaluru
CLM0029113,BEN_05005,Koramangala,2025-02-28,16,0,0,0,0,1,0,1,1,0,1.0,0.970161,1,1.0,1,5,2,18,0.4288,0.1591,GREEN,61,Bengaluru
CLM0029114,BEN_03711,Electronic City,2025-04-10,15,0,0,0,0,0,0,0,0,0,0.0,0.113503,0,0.0,0,420,3,0,0.6841,0.0,GREEN,47,Bengaluru
CLM0029115,BEN_03488,Rajajinagar,2024-11-08,15,0,1,1,0,0,1,0,0,0,0.0,0.145402,0,0.0,0,42,2,0,0.8902,0.0361,GREEN,27,Bengaluru
CLM0029116,BEN_01452,HSR Layout,2025-02-12,13,0,0,0,0,0,0,1,0,0,0.0,0.358556,0,0.0,0,122,2,5,0.6519,0.049,GREEN,30,Bengaluru
CLM0029117,BEN_06747,Electronic City,2025-01-02,8,0,0,0,0,0,0,0,1,0,0.0,0.012661,0,0.0,0,125,1,5,0.5885,0.1941,GREEN,38,Bengaluru
CLM0029118,BEN_02267,Jayanagar,2025-12-24,18,0,0,0,0,0,0,0,0,0,0.0,0.183455,0,0.0,0,96,3,0,0.7599,0.0176,GREEN,40,Bengaluru
CLM0029119,BEN_09555,Electronic City,2021-01-27,17,0,0,0,1,0,0,0,0,0,0.0,0.392259,0,0.0,0,387,1,0,0.8489,0.157,GREEN,42,Bengaluru
CLM0029120,BEN_00314,Rajajinagar,2023-11-15,15,0,0,0,0,0,1,0,0,0,1.0,0.065782,0,0.0,1,269,4,1,0.8789,0.2665,GREEN,44,Bengaluru
CLM0029121,BEN_04476,BTM Layout,2022-05-02,13,0,0,0,0,0,0,0,0,0,0.0,0.168,0,0.0,1,417,0,1,0.98,0.1058,GREEN,52,Bengaluru
CLM0029122,BEN_01498,BTM Layout,2023-03-26,8,0,0,0,0,0,0,0,1,0,0.0,0.35529,0,0.0,0,231,2,0,0.9263,0.1166,GREEN,53,Bengaluru
CLM0029123,BEN_07796,Koramangala,2021-11-17,17,0,0,0,0,0,0,0,0,0,0.0,0.112688,0,0.0,0,314,3,1,0.9222,0.1217,GREEN,46,Bengaluru
CLM0029124,BEN_06640,Indiranagar,2021-08-25,10,0,0,0,0,0,0,0,0,0,0.0,0.027437,0,1.0,0,114,0,0,0.8732,0.0,GREEN,29,Bengaluru
CLM0029125,BEN_02926,Yelahanka,2024-06-17,12,0,0,0,0,0,0,0,0,0,0.0,0.13389,0,0.0,0,420,4,0,0.2705,0.0826,GREEN,49,Bengaluru
CLM0029126,BEN_02624,HSR Layout,2017-12-24,19,0,0,0,0,0,1,0,0,0,0.0,0.24231,0,0.0,0,56,4,0,0.4236,0.193,GREEN,62,Bengaluru
CLM0029127,BEN_04066,Jayanagar,2020-04-12,20,0,0,0,0,0,0,0,0,0,0.0,0.408839,0,0.0,0,420,4,0,0.5733,0.0,GREEN,54,Bengaluru
CLM0029128,BEN_07795,Marathahalli,2018-02-17,10,0,0,0,0,0,0,0,0,0,1.0,0.406476,0,0.0,0,177,2,5,0.6843,0.0,GREEN,34,Bengaluru
CLM0029129,BEN_03213,Koramangala,2025-01-06,13,0,0,0,0,0,0,0,0,0,0.0,0.932571,0,0.0,0,98,3,0,0.8742,0.0,GREEN,40,Bengaluru
CLM0029130,BEN_00275,HSR Layout,2023-11-03,14,0,1,1,0,1,0,0,0,0,0.0,0.206206,0,0.0,0,420,1,5,0.9318,0.6488,RED,65,Bengaluru
CLM0029131,BEN_09392,Koramangala,2024-12-19,8,0,1,1,1,1,0,1,1,1,0.0,0.027539,1,0.0,0,5,0,18,0.98,0.7568,RED,44,Bengaluru
CLM0029132,BEN_07401,BTM Layout,2022-11-29,10,0,1,1,0,0,0,0,0,0,1.0,0.943769,0,0.0,0,217,2,0,0.9778,0.8489,RED,52,Bengaluru
CLM0029133,BEN_08736,Marathahalli,2023-04-07,11,0,1,1,0,1,0,1,1,0,1.0,0.983883,1,0.0,1,5,1,12,0.05,0.47,YELLOW,57,Bengaluru
CLM0029134,BEN_02320,Koramangala,2025-06-01,17,0,0,0,1,0,0,0,0,0,0.0,0.013645,0,0.0,0,274,3,1,0.05,0.1998,GREEN,64,Bengaluru
CLM0029135,BEN_06312,Marathahalli,2020-04-17,8,0,0,0,0,0,0,0,0,0,0.0,0.285654,0,0.0,0,116,0,3,0.7093,0.0062,GREEN,41,Bengaluru
CLM0029136,BEN_07838,Whitefield,2024-12-01,12,0,0,0,0,0,1,0,0,0,0.0,0.049465,0,0.0,0,420,2,3,0.5603,0.0618,GREEN,37,Bengaluru
CLM0029137,BEN_08621,Yelahanka,2020-11-27,15,0,0,0,1,0,0,0,0,0,0.0,0.339955,0,0.0,0,420,3,2,0.9051,0.1366,GREEN,39,Bengaluru
CLM0029138,BEN_06589,Electronic City,2023-07-09,19,0,0,0,0,0,0,0,0,0,1.0,1.0,0,0.0,0,351,0,1,0.9266,0.0358,GREEN,32,Bengaluru
CLM0029139,BEN_00333,HSR Layout,2017-11-18,21,0,0,0,0,0,0,0,0,0,0.0,0.077505,0,0.0,0,420,1,3,0.7837,0.021,GREEN,40,Bengaluru
CLM0029140,BEN_07739,Electronic City,2024-12-05,19,0,0,0,0,0,0,0,0,0,0.0,0.323882,0,0.0,0,420,3,0,0.6593,0.0,GREEN,23,Bengaluru
CLM0029141,BEN_04108,Whitefield,2024-01-02,13,0,0,0,0,0,0,0,0,0,1.0,0.282821,0,0.0,0,420,1,3,0.764,0.0615,GREEN,52,Bengaluru
CLM0029142,BEN_04041,Whitefield,2017-05-21,10,0,0,0,0,0,0,0,0,0,0.0,0.084012,0,0.0,0,198,2,4,0.5789,0.0,GREEN,30,Bengaluru
CLM0029143,BEN_04303,Electronic City,2021-07-08,7,0,0,0,0,0,0,0,0,0,0.0,0.12742,0,0.0,0,410,1,4,0.7164,0.0,GREEN,42,Bengaluru
CLM0029144,BEN_02815,Koramangala,2022-12-09,12,0,1,1,0,1,1,0,0,0,0.0,0.318142,0,0.0,1,371,3,6,0.3502,0.3635,YELLOW,49,Bengaluru
CLM0029145,BEN_04252,Koramangala,2019-02-18,11,0,0,0,0,0,0,0,0,0,0.0,0.200064,0,0.0,0,234,0,0,0.6538,0.0,GREEN,50,Bengaluru
CLM0029146,BEN_07733,HSR Layout,2018-08-20,11,0,0,0,0,0,0,0,0,0,1.0,0.0,0,0.0,0,415,2,2,0.5361,0.0617,GREEN,45,Bengaluru
CLM0029147,BEN_08412,Indiranagar,2016-03-24,7,0,0,0,0,0,0,0,0,0,0.0,0.351597,1,0.0,0,334,2,3,0.8115,0.2061,GREEN,31,Bengaluru
CLM0029148,BEN_04956,Indiranagar,2024-05-09,16,0,0,0,0,1,0,1,1,1,1.0,1.0,0,1.0,1,21,2,18,0.7957,0.0634,GREEN,54,Bengaluru
CLM0029149,BEN_02431,Rajajinagar,2020-12-04,7,0,0,0,0,0,0,0,0,0,0.0,0.126214,0,0.0,0,210,4,1,0.9181,0.0,GREEN,51,Bengaluru
CLM0029150,BEN_07049,BTM Layout,2019-09-20,8,0,0,0,0,0,0,0,0,0,0.0,1.0,0,0.0,0,248,2,0,0.05,0.0,GREEN,50,Bengaluru
CLM0029151,BEN_03835,Yelahanka,2022-09-28,21,0,0,0,0,0,0,0,1,0,0.0,0.227428,0,0.0,0,114,4,3,0.05,0.0483,GREEN,25,Bengaluru
CLM0029152,BEN_03360,Koramangala,2017-01-07,18,0,0,0,0,0,0,0,0,0,0.0,0.209191,0,0.0,0,350,0,1,0.7631,0.0034,GREEN,48,Bengaluru
CLM0029153,BEN_06365,Rajajinagar,2024-04-16,18,0,0,0,0,0,0,0,0,0,1.0,0.0,0,0.0,1,59,1,2,0.8666,0.2257,GREEN,41,Bengaluru
CLM0029154,BEN_07496,BTM Layout,2022-04-04,14,0,0,0,0,0,0,0,0,0,0.0,0.301657,0,0.0,0,415,3,4,0.6544,0.0472,GREEN,51,Bengaluru
CLM0029155,BEN_09830,Jayanagar,2016-11-28,10,0,0,0,0,0,0,0,0,0,0.0,0.074074,0,0.0,0,264,2,0,0.6461,0.0526,GREEN,45,Bengaluru
CLM0029156,BEN_03838,Marathahalli,2024-12-04,16,0,0,0,0,0,1,1,0,0,0.0,0.290201,0,0.0,0,420,0,0,0.8121,0.1328,GREEN,46,Bengaluru
CLM0029157,BEN_07113,Yelahanka,2021-03-27,12,0,0,0,0,0,0,0,0,0,0.0,0.346687,0,0.0,0,420,1,0,0.5914,0.0,GREEN,42,Bengaluru
CLM0029158,BEN_02071,Electronic City,2024-07-05,13,0,0,0,0,0,0,0,0,0,0.0,0.0,0,0.0,0,140,2,0,0.2381,0.0026,GREEN,29,Bengaluru
CLM0029159,BEN_04175,Yelahanka,2021-03-15,15,0,0,0,0,0,0,0,1,0,1.0,0.392715,0,0.0,0,300,4,0,0.1796,0.0873,GREEN,36,Bengaluru
CLM0029160,BEN_01852,Electronic City,2024-04-03,11,0,0,0,0,0,0,0,0,0,0.0,1.0,0,0.0,0,420,0,1,0.98,0.1414,GREEN,44,Bengaluru
CLM0029161,BEN_01288,Indiranagar,2024-02-09,19,0,0,0,0,1,1,0,0,0,0.0,0.453883,0,0.0,0,139,0,2,0.98,0.3527,YELLOW,46,Bengaluru
CLM0029162,BEN_03314,Whitefield,2023-03-15,10,0,0,0,1,0,0,0,0,0,0.0,0.210033,0,0.0,0,326,0,7,0.9765,0.2807,GREEN,34,Bengaluru
CLM0029163,BEN_09272,HSR Layout,2023-08-23,13,0,0,0,0,0,0,0,0,0,0.0,0.059949,0,0.0,0,92,1,4,0.9019,0.0,GREEN,49,Bengaluru
CLM0029164,BEN_06097,Whitefield,2020-11-19,10,0,0,0,1,0,1,0,1,1,0.0,0.982886,0,0.0,1,5,0,18,0.3995,0.0,GREEN,47,Bengaluru
CLM0029165,BEN_06121,Jayanagar,2024-03-09,13,0,0,0,0,0,0,0,0,0,0.0,0.343446,0,0.0,0,398,0,2,0.1584,0.0,GREEN,28,Bengaluru
CLM0029166,BEN_06904,Electronic City,2023-05-14,15,0,0,0,0,0,0,0,0,0,0.0,0.326023,0,0.0,0,45,2,3,0.9395,0.0149,GREEN,36,Bengaluru
CLM0029167,BEN_05029,Jayanagar,2021-06-26,11,0,0,0,0,0,0,0,0,0,0.0,0.170211,0,1.0,0,396,2,3,0.8069,0.0175,GREEN,51,Bengaluru
CLM0029168,BEN_00564,HSR Layout,2017-06-17,20,0,0,0,0,0,0,0,0,0,1.0,0.283923,1,0.0,0,133,1,0,0.7263,0.2655,GREEN,44,Bengaluru
CLM0029169,BEN_04219,Koramangala,2020-06-29,17,0,0,0,0,0,0,0,0,0,0.0,0.226644,0,0.0,0,420,4,2,0.0858,0.0174,GREEN,34,Bengaluru
CLM0029170,BEN_04165,Marathahalli,2022-07-18,20,0,0,0,0,0,0,0,0,0,0.0,0.902086,0,0.0,0,419,1,0,0.876,0.0,GREEN,37,Bengaluru
CLM0029171,BEN_07348,Indiranagar,2023-04-25,7,0,0,0,0,0,0,0,0,0,1.0,0.342743,0,0.0,1,299,2,3,0.7245,0.0889,GREEN,45,Bengaluru
CLM0029172,BEN_00384,Electronic City,2018-02-03,14,0,0,0,0,0,0,1,0,0,0.0,1.0,1,0.0,0,199,4,0,0.6251,0.171,GREEN,46,Bengaluru
CLM0029173,BEN_02274,Electronic City,2025-05-03,8,0,0,0,0,0,0,0,0,0,0.0,1.0,0,0.0,1,247,1,5,0.7433,0.1183,GREEN,48,Bengaluru
CLM0029174,BEN_04987,Yelahanka,2025-09-17,14,0,0,0,0,0,1,0,0,0,0.0,0.282781,0,0.0,0,53,4,0,0.8856,0.1263,GREEN,63,Bengaluru
CLM0029175,BEN_03309,Indiranagar,2020-03-20,19,0,0,0,0,0,0,0,0,0,0.0,0.071731,0,0.0,0,210,0,5,0.98,0.0,GREEN,45,Bengaluru
CLM0029176,BEN_06955,Rajajinagar,2018-09-06,19,0,0,0,0,0,0,0,0,0,0.0,0.215908,0,0.0,0,207,4,4,0.6236,0.0,GREEN,62,Bengaluru
CLM0029177,BEN_05921,Koramangala,2021-09-07,21,0,0,0,0,0,0,0,0,0,0.0,0.215789,0,0.0,0,420,1,1,0.05,0.0282,GREEN,52,Bengaluru
CLM0029178,BEN_08655,Indiranagar,2018-10-08,21,0,0,0,0,0,0,0,0,0,0.0,0.263137,0,0.0,0,420,4,2,0.4536,0.0,GREEN,35,Bengaluru
CLM0029179,BEN_07857,HSR Layout,2020-01-10,9,0,0,0,0,0,0,0,0,0,0.0,0.314142,0,0.0,0,296,3,2,0.8438,0.0,GREEN,52,Bengaluru
CLM0029180,BEN_02651,Marathahalli,2024-07-03,21,0,0,0,0,0,0,0,0,0,0.0,0.226087,0,0.0,0,420,4,1,0.6845,0.1043,GREEN,39,Bengaluru
CLM0029181,BEN_09398,Marathahalli,2025-06-27,7,0,0,0,0,0,1,0,0,0,0.0,0.0,0,1.0,0,115,3,4,0.2842,0.1336,GREEN,31,Bengaluru
CLM0029182,BEN_07146,Yelahanka,2025-05-08,21,0,0,0,0,0,1,1,0,0,1.0,0.117701,0,0.0,1,347,3,0,0.6213,0.2383,GREEN,18,Bengaluru
CLM0029183,BEN_09240,Whitefield,2024-09-21,21,0,0,0,0,0,0,0,0,0,0.0,0.150308,0,0.0,0,133,1,4,0.487,0.0195,GREEN,41,Bengaluru
CLM0029184,BEN_05428,HSR Layout,2025-10-18,16,0,0,0,0,0,0,0,0,0,0.0,0.373082,0,0.0,0,215,4,2,0.548,0.0,GREEN,32,Bengaluru
CLM0029185,BEN_07606,Whitefield,2021-06-25,21,0,0,0,0,0,0,0,0,0,1.0,0.135827,0,0.0,0,56,3,1,0.6293,0.0315,GREEN,45,Bengaluru
CLM0029186,BEN_09600,HSR Layout,2024-01-12,20,0,0,0,0,1,0,0,0,0,0.0,0.976078,0,0.0,0,269,2,0,0.0531,0.1502,GREEN,52,Bengaluru
CLM0029187,BEN_05151,Jayanagar,2019-03-17,18,0,0,0,0,0,0,0,0,0,0.0,0.11392,0,0.0,0,317,2,2,0.525,0.1228,GREEN,52,Bengaluru
CLM0029188,BEN_07490,Indiranagar,2019-05-07,20,0,0,0,0,0,1,0,0,0,0.0,0.323202,0,0.0,0,337,1,3,0.8607,0.233,GREEN,31,Bengaluru
CLM0029189,BEN_09190,Yelahanka,2024-08-18,18,0,0,0,0,0,0,0,0,0,0.0,0.246109,0,0.0,0,103,0,1,0.98,0.0421,GREEN,41,Bengaluru
CLM0029190,BEN_09806,Yelahanka,2024-02-24,14,0,0,0,0,0,0,1,0,0,0.0,0.229754,0,0.0,0,198,0,5,0.05,0.0902,GREEN,58,Bengaluru
CLM0029191,BEN_06322,HSR Layout,2025-08-10,10,0,0,0,0,0,0,0,0,0,0.0,0.142691,0,0.0,0,248,4,3,0.98,0.0666,GREEN,32,Bengaluru
CLM0029192,BEN_02077,HSR Layout,2025-10-22,11,0,0,0,0,0,0,0,0,0,1.0,0.167607,0,0.0,0,90,0,6,0.6609,0.1449,GREEN,36,Bengaluru
CLM0029193,BEN_09035,Rajajinagar,2025-08-03,7,0,0,0,0,0,0,0,0,0,0.0,0.072048,0,0.0,0,63,0,4,0.2308,0.0,GREEN,54,Bengaluru
CLM0029194,BEN_09307,Whitefield,2025-11-10,8,0,0,0,0,0,0,0,0,0,0.0,0.0,0,0.0,0,281,2,2,0.6917,0.0,GREEN,48,Bengaluru
CLM0029195,BEN_01228,BTM Layout,2025-03-30,10,0,0,0,0,0,0,1,1,0,0.0,1.0,0,0.0,0,27,4,0,0.9471,0.1639,GREEN,60,Bengaluru
CLM0029196,BEN_03420,Indiranagar,2024-11-15,21,0,0,0,0,0,0,0,0,0,1.0,0.991675,0,0.0,0,362,3,3,0.8155,0.0577,GREEN,54,Bengaluru
CLM0029197,BEN_08772,HSR Layout,2021-01-18,14,0,0,0,0,0,0,0,0,0,0.0,0.05141,0,0.0,0,221,0,8,0.9056,0.0,GREEN,59,Bengaluru
CLM0029198,BEN_04053,Whitefield,2022-03-12,21,0,0,0,0,0,0,0,0,0,0.0,1.0,0,0.0,0,294,0,1,0.5726,0.0,GREEN,49,Bengaluru
CLM0029199,BEN_00262,Electronic City,2025-02-25,8,0,0,0,0,0,0,0,0,0,0.0,0.246257,0,0.0,0,113,2,3,0.8058,0.0,GREEN,47,Bengaluru
CLM0029200,BEN_05878,Indiranagar,2018-05-20,17,0,0,0,0,0,0,0,0,0,0.0,0.218084,0,0.0,0,232,1,0,0.98,0.0,GREEN,31,Bengaluru
CLM0029201,BEN_05557,Indiranagar,2019-01-09,15,0,0,0,0,0,0,0,0,0,0.0,0.193189,1,1.0,0,261,0,4,0.2534,0.0742,GREEN,46,Bengaluru
CLM0029202,BEN_08865,Whitefield,2021-12-11,13,0,0,0,0,0,1,1,1,0,0.0,0.094465,0,0.0,0,420,3,2,0.05,0.2873,GREEN,57,Bengaluru
CLM0029203,BEN_06082,Indiranagar,2019-04-17,8,0,0,0,0,0,0,0,1,0,0.0,0.0,1,0.0,0,162,4,3,0.5571,0.3005,GREEN,40,Bengaluru
CLM0029204,BEN_03157,Electronic City,2022-01-14,9,0,0,0,0,0,0,0,0,0,0.0,0.404803,0,0.0,0,204,4,5,0.8761,0.0637,GREEN,55,Bengaluru
CLM0029205,BEN_06699,Koramangala,2025-01-04,19,0,0,0,0,0,0,0,0,0,0.0,0.174618,0,1.0,0,237,3,3,0.1038,0.0,GREEN,48,Bengaluru
CLM0029206,BEN_03507,Jayanagar,2018-05-27,13,0,0,0,0,0,0,0,0,0,0.0,0.322198,0,0.0,0,420,1,0,0.6039,0.0,GREEN,24,Bengaluru
CLM0029207,BEN_01989,BTM Layout,2018-09-27,8,0,0,0,0,0,0,0,0,0,0.0,0.488404,0,0.0,1,199,1,2,0.9421,0.0101,GREEN,40,Bengaluru
CLM0029208,BEN_05578,BTM Layout,2020-11-10,12,0,0,0,0,0,0,0,0,0,0.0,0.0,1,0.0,0,156,1,0,0.4663,0.0621,GREEN,19,Bengaluru
CLM0029209,BEN_05382,Whitefield,2025-07-14,21,0,0,0,0,0,0,0,0,0,0.0,0.270013,0,0.0,0,420,4,5,0.98,0.0813,GREEN,23,Bengaluru
CLM0029210,BEN_00027,HSR Layout,2017-01-25,21,0,0,0,1,0,0,1,1,0,0.0,1.0,0,0.0,1,5,1,18,0.3034,0.2,GREEN,43,Bengaluru
CLM0029211,BEN_00961,Koramangala,2021-05-13,21,0,0,0,0,0,0,0,0,0,0.0,0.065454,1,0.0,0,420,3,2,0.8177,0.0273,GREEN,49,Bengaluru
CLM0029212,BEN_09663,BTM Layout,2021-12-07,17,0,0,0,0,0,0,0,0,0,0.0,0.302511,0,0.0,0,87,1,5,0.688,0.0077,GREEN,62,Bengaluru
CLM0029213,BEN_04882,Indiranagar,2023-11-25,14,0,0,0,0,0,0,0,0,0,0.0,0.041069,0,0.0,0,420,2,1,0.7145,0.0,GREEN,42,Bengaluru
CLM0029214,BEN_06438,Yelahanka,2024-08-13,17,0,0,0,0,0,0,0,0,0,0.0,0.949102,0,0.0,0,418,0,2,0.1863,0.0111,GREEN,50,Bengaluru
CLM0029215,BEN_03315,Whitefield,2022-09-08,16,0,0,0,0,0,0,0,0,0,1.0,0.230194,0,0.0,0,84,1,3,0.6225,0.0461,GREEN,42,Bengaluru
CLM0029216,BEN_04640,HSR Layout,2021-04-12,15,0,0,0,0,0,0,0,0,0,0.0,0.915224,0,0.0,0,420,4,5,0.2761,0.0,GREEN,18,Bengaluru
CLM0029217,BEN_01401,Indiranagar,2025-03-28,8,0,0,0,1,0,0,0,0,0,0.0,0.034082,0,0.0,0,420,1,3,0.5474,0.1771,GREEN,46,Bengaluru
CLM0029218,BEN_05112,Yelahanka,2025-03-07,18,0,0,0,0,0,0,0,0,0,0.0,0.289927,0,0.0,0,345,2,4,0.98,0.0,GREEN,43,Bengaluru
CLM0029219,BEN_03967,BTM Layout,2025-05-27,18,0,1,1,1,0,1,1,1,1,1.0,1.0,1,0.0,0,5,0,18,0.3694,0.5936,YELLOW,48,Bengaluru
CLM0029220,BEN_07683,Indiranagar,2023-11-11,13,0,1,1,1,1,0,0,0,1,1.0,0.615007,0,1.0,0,5,1,17,0.1251,0.575,YELLOW,31,Bengaluru
CLM0029221,BEN_04769,Rajajinagar,2024-01-05,19,0,1,1,0,0,0,0,0,0,0.0,1.0,0,0.0,0,350,0,2,0.4888,0.8363,RED,60,Bengaluru
CLM0029222,BEN_04954,Electronic City,2024-10-21,19,0,1,1,0,0,0,1,1,0,0.0,0.08692,1,0.0,1,12,1,16,0.9216,0.4955,YELLOW,40,Bengaluru
CLM0029223,BEN_02097,Marathahalli,2024-10-14,12,0,1,1,0,0,0,1,0,1,0.0,0.970458,0,0.0,1,5,1,18,0.8232,0.5138,YELLOW,54,Bengaluru
CLM0029224,BEN_03271,Koramangala,2025-07-10,8,0,1,1,1,1,0,1,1,1,0.0,1.0,1,0.0,0,5,1,18,0.1556,0.6403,RED,28,Bengaluru
CLM0029225,BEN_00905,Jayanagar,2024-06-30,15,0,1,1,0,0,0,0,0,0,0.0,0.263476,0,0.0,0,368,2,3,0.792,0.6352,RED,27,Bengaluru
CLM0029226,BEN_09568,Jayanagar,2025-04-28,7,0,1,1,1,1,1,1,1,0,1.0,0.958093,0,0.0,0,20,1,18,0.9102,0.5656,YELLOW,63,Bengaluru
CLM0029227,BEN_08966,Koramangala,2023-09-07,15,0,1,1,0,0,0,0,0,1,1.0,0.37994,0,1.0,1,72,2,0,0.8646,0.8232,RED,44,Bengaluru
CLM0029228,BEN_09963,Whitefield,2024-08-30,14,0,1,1,1,1,1,1,0,1,1.0,1.0,1,0.0,0,5,2,18,0.0588,0.7789,RED,19,Bengaluru
CLM0029229,BEN_03194,Whitefield,2025-02-21,20,0,1,1,0,0,0,0,0,0,0.0,0.121595,0,0.0,0,420,0,3,0.05,0.5522,YELLOW,38,Bengaluru
CLM0029230,BEN_08084,HSR Layout,2024-03-15,17,0,1,1,0,0,0,0,0,0,0.0,0.276654,0,0.0,0,135,4,3,0.7322,0.0,GREEN,57,Bengaluru
CLM0029231,BEN_06185,Electronic City,2024-02-07,11,0,0,0,0,1,0,0,0,0,0.0,1.0,0,0.0,0,237,0,1,0.6307,0.1543,GREEN,26,Bengaluru
CLM0029232,BEN_05479,Rajajinagar,2025-10-20,14,0,0,0,0,1,0,0,0,0,0.0,0.270758,0,0.0,0,310,0,3,0.7818,0.1401,GREEN,52,Bengaluru
CLM0029233,BEN_01416,Electronic City,2024-06-23,20,0,0,0,0,0,0,1,1,0,1.0,1.0,0,1.0,1,368,4,0,0.7946,0.253,GREEN,44,Bengaluru
CLM0029234,BEN_08347,BTM Layout,2025-04-20,17,0,0,0,0,0,0,0,0,0,0.0,1.0,0,0.0,0,59,4,4,0.6448,0.0315,GREEN,42,Bengaluru
CLM0029235,BEN_09839,Jayanagar,2023-11-27,18,0,0,0,0,0,0,0,1,1,0.0,0.991402,0,0.0,0,300,1,2,0.6693,0.2524,GREEN,40,Bengaluru
CLM0029236,BEN_05437,HSR Layout,2023-10-18,19,0,0,0,0,1,0,0,0,0,0.0,0.877902,0,0.0,0,274,1,0,0.5926,0.2207,GREEN,33,Bengaluru
CLM0029237,BEN_04191,BTM Layout,2023-09-28,14,0,0,0,0,0,0,0,0,1,0.0,0.267893,0,1.0,0,327,3,4,0.9147,0.0679,GREEN,36,Bengaluru
CLM0029238,BEN_08458,Yelahanka,2020-08-26,7,0,0,0,0,0,0,0,0,0,0.0,0.258818,0,0.0,0,198,0,5,0.6599,0.0,GREEN,55,Bengaluru
CLM0029239,BEN_04026,Yelahanka,2021-09-18,19,0,0,0,0,0,0,0,1,0,0.0,0.265599,0,0.0,0,367,0,2,0.5364,0.0949,GREEN,38,Bengaluru
CLM0029240,BEN_03728,Yelahanka,2022-11-09,21,0,0,0,0,0,0,0,0,0,0.0,0.331285,0,0.0,0,420,2,4,0.98,0.0192,GREEN,44,Bengaluru
CLM0029241,BEN_03461,Jayanagar,2023-12-25,12,0,0,0,1,0,0,0,0,0,0.0,0.0,0,0.0,0,249,3,0,0.6868,0.0729,GREEN,49,Bengaluru
CLM0029242,BEN_05461,Jayanagar,2025-11-22,12,0,0,0,0,0,0,0,0,0,0.0,0.118908,0,0.0,0,88,1,0,0.7128,0.0,GREEN,39,Bengaluru
CLM0029243,BEN_03756,BTM Layout,2025-09-05,15,0,0,0,0,0,0,0,0,0,0.0,0.254731,0,0.0,0,420,2,2,0.5912,0.0,GREEN,36,Bengaluru
CLM0029244,BEN_08271,Jayanagar,2022-01-27,12,0,0,0,0,0,0,0,1,0,0.0,0.0,0,0.0,1,371,0,1,0.98,0.2415,GREEN,46,Bengaluru
CLM0029245,BEN_06856,Koramangala,2023-05-17,21,0,0,0,1,1,1,1,1,0,0.0,0.95493,0,1.0,1,6,4,18,0.1707,0.1501,GREEN,31,Bengaluru
CLM0029246,BEN_05761,Koramangala,2020-08-30,15,0,0,0,0,0,0,0,0,0,0.0,0.0,0,0.0,0,385,4,1,0.4999,0.0217,GREEN,31,Bengaluru
CLM0029247,BEN_06511,Koramangala,2021-07-18,13,0,0,0,0,0,0,0,1,0,1.0,0.904286,0,0.0,0,190,4,6,0.05,0.2576,GREEN,41,Bengaluru
CLM0029248,BEN_03073,HSR Layout,2025-11-06,21,0,0,0,0,0,0,0,0,0,0.0,0.290301,0,0.0,0,131,3,0,0.05,0.0514,GREEN,51,Bengaluru
CLM0029249,BEN_00757,BTM Layout,2021-01-06,16,0,0,0,0,0,0,0,0,0,0.0,0.193762,0,0.0,0,210,4,5,0.4958,0.0441,GREEN,40,Bengaluru
CLM0029250,BEN_00843,Koramangala,2023-01-10,19,0,0,0,0,0,0,0,0,0,1.0,0.145134,0,0.0,0,207,0,0,0.663,0.1087,GREEN,55,Bengaluru
CLM0029251,BEN_07651,Koramangala,2021-04-21,13,0,0,0,0,0,1,0,0,0,0.0,0.502251,0,0.0,0,420,3,3,0.9368,0.1642,GREEN,56,Bengaluru
CLM0029252,BEN_08262,Koramangala,2022-04-19,20,0,0,0,0,0,0,0,0,0,0.0,0.296049,0,0.0,0,147,1,1,0.8045,0.0034,GREEN,49,Bengaluru
CLM0029253,BEN_05055,Rajajinagar,2022-10-09,13,0,0,0,0,0,1,0,0,0,0.0,0.336622,0,0.0,0,116,1,3,0.6381,0.0999,GREEN,37,Bengaluru
CLM0029254,BEN_02354,Jayanagar,2025-01-03,19,0,0,0,0,0,0,1,0,0,1.0,0.332004,0,0.0,0,420,0,0,0.7583,0.1071,GREEN,45,Bengaluru
CLM0029255,BEN_09867,Whitefield,2024-04-18,20,0,0,0,0,0,0,0,1,0,0.0,0.074412,0,0.0,0,117,4,1,0.5946,0.0658,GREEN,40,Bengaluru
CLM0029256,BEN_06142,HSR Layout,2022-10-10,20,0,0,0,0,0,0,0,0,0,0.0,0.048398,0,0.0,0,115,0,0,0.7076,0.0273,GREEN,23,Bengaluru
CLM0029257,BEN_00674,Whitefield,2023-08-25,13,0,0,0,0,0,0,0,0,0,0.0,0.143239,0,0.0,0,126,3,0,0.05,0.1021,GREEN,60,Bengaluru
CLM0029258,BEN_05467,HSR Layout,2024-09-24,12,0,0,0,0,0,0,0,0,1,0.0,0.233372,0,0.0,0,116,2,1,0.6539,0.0957,GREEN,59,Bengaluru
CLM0029259,BEN_02132,Indiranagar,2023-07-03,7,0,0,0,1,0,1,1,1,1,0.0,0.964405,0,1.0,0,22,2,18,0.366,0.1108,GREEN,34,Bengaluru
CLM0029260,BEN_00995,Indiranagar,2024-12-17,18,0,0,0,0,0,0,0,0,0,0.0,0.136948,0,0.0,0,123,2,4,0.6765,0.0,GREEN,47,Bengaluru
CLM0029261,BEN_09454,HSR Layout,2021-03-16,16,0,0,0,1,0,0,0,0,0,0.0,0.41294,0,0.0,0,396,3,1,0.8544,0.0519,GREEN,49,Bengaluru
CLM0029262,BEN_03025,HSR Layout,2025-10-31,10,0,0,0,0,0,0,0,0,0,0.0,0.076371,0,0.0,0,348,0,2,0.8151,0.0192,GREEN,42,Bengaluru
CLM0029263,BEN_01135,Indiranagar,2024-12-21,12,0,0,0,0,0,0,0,0,0,0.0,0.420535,0,0.0,0,234,0,4,0.7026,0.0951,GREEN,30,Bengaluru
CLM0029264,BEN_07422,Whitefield,2025-04-12,9,0,0,0,0,0,0,0,0,0,0.0,0.231902,0,0.0,0,207,4,5,0.7434,0.04,GREEN,44,Bengaluru
CLM0029265,BEN_08299,Rajajinagar,2025-11-07,17,0,0,0,0,0,0,0,0,0,0.0,0.166964,0,0.0,0,51,1,2,0.7655,0.0,GREEN,59,Bengaluru
CLM0029266,BEN_01181,Indiranagar,2024-10-15,19,0,0,0,0,0,1,1,1,0,0.0,0.052892,0,0.0,1,25,1,18,0.8629,0.0,GREEN,35,Bengaluru
CLM0029267,BEN_08635,Whitefield,2023-12-30,21,0,0,0,0,0,1,0,0,0,0.0,0.249879,0,0.0,0,400,3,0,0.8032,0.1132,GREEN,40,Bengaluru
CLM0029268,BEN_06543,BTM Layout,2024-12-31,11,0,0,0,0,0,0,0,0,0,0.0,0.309949,0,0.0,0,51,2,2,0.1251,0.0,GREEN,44,Bengaluru
CLM0029269,BEN_02956,Koramangala,2021-03-15,9,0,0,0,0,0,0,0,0,1,0.0,1.0,0,0.0,0,85,0,6,0.98,0.1484,GREEN,45,Bengaluru
CLM0029270,BEN_00511,Koramangala,2020-09-30,17,0,1,1,0,0,0,1,0,0,0.0,1.0,0,0.0,1,94,3,1,0.5288,0.1202,GREEN,40,Bengaluru
CLM0029271,BEN_08562,Indiranagar,2021-12-28,19,0,1,1,0,0,0,0,0,0,0.0,0.226899,0,0.0,0,62,0,0,0.1856,0.0,GREEN,52,Bengaluru
CLM0029272,BEN_04882,Indiranagar,2022-12-05,16,0,0,0,1,0,0,1,0,1,0.0,1.0,1,1.0,1,24,3,18,0.075,0.0525,GREEN,42,Bengaluru
CLM0029273,BEN_06923,Rajajinagar,2020-02-02,19,0,1,1,0,0,1,0,0,0,0.0,0.991881,0,0.0,0,328,0,0,0.9035,0.0692,GREEN,48,Bengaluru
CLM0029274,BEN_06236,Koramangala,2018-02-13,8,0,0,0,0,0,0,0,0,0,1.0,0.204503,0,1.0,0,198,1,2,0.6589,0.0926,GREEN,51,Bengaluru
CLM0029275,BEN_08241,Indiranagar,2025-04-04,15,0,0,0,0,0,0,1,0,0,0.0,1.0,0,0.0,0,51,0,5,0.7383,0.0043,GREEN,45,Bengaluru
CLM0029276,BEN_02908,Rajajinagar,2021-10-03,17,0,0,0,0,0,0,0,0,0,0.0,0.37343,0,0.0,1,156,4,2,0.5401,0.0132,GREEN,28,Bengaluru
CLM0029277,BEN_01314,Marathahalli,2022-03-02,12,0,0,0,0,0,1,0,0,0,0.0,0.043805,0,0.0,0,51,2,1,0.2109,0.0392,GREEN,39,Bengaluru
CLM0029278,BEN_07626,Rajajinagar,2020-01-02,9,0,0,0,0,0,0,0,0,0,0.0,0.308416,0,0.0,0,178,3,4,0.857,0.0465,GREEN,52,Bengaluru
CLM0029279,BEN_01796,Marathahalli,2020-02-24,19,0,1,1,0,0,0,0,1,0,0.0,0.246044,1,0.0,0,260,0,4,0.6867,0.3744,YELLOW,56,Bengaluru
CLM0029280,BEN_03624,Koramangala,2021-03-29,20,0,1,1,1,0,1,1,0,0,0.0,0.041599,1,0.0,1,5,0,18,0.9571,0.6393,RED,52,Bengaluru
CLM0029281,BEN_02955,Yelahanka,2021-06-19,7,0,1,1,1,1,0,1,0,1,1.0,0.974597,1,1.0,1,5,0,18,0.1079,0.7571,RED,35,Bengaluru
CLM0029282,BEN_01754,Electronic City,2020-05-20,15,0,1,1,1,1,1,0,1,0,1.0,0.986016,0,1.0,0,8,0,18,0.0605,0.6769,RED,49,Bengaluru
CLM0029283,BEN_03330,Yelahanka,2024-12-20,10,0,1,1,1,1,1,0,1,0,0.0,0.076598,0,0.0,1,5,1,18,0.941,0.7231,RED,64,Bengaluru
CLM0029284,BEN_05032,Marathahalli,2021-07-06,21,0,1,1,1,1,0,1,1,1,1.0,0.067364,0,1.0,0,33,0,18,0.31,0.7735,RED,33,Bengaluru
CLM0029285,BEN_01359,Yelahanka,2021-06-19,15,0,1,1,0,0,0,1,0,0,0.0,0.312365,0,0.0,0,391,2,3,0.3597,0.7627,RED,18,Bengaluru
CLM0029286,BEN_01711,Electronic City,2023-12-19,10,0,0,0,0,0,0,0,0,0,1.0,1.0,0,1.0,0,420,1,0,0.9337,0.0015,GREEN,46,Bengaluru
CLM0029287,BEN_03384,Whitefield,2023-02-16,10,0,0,0,0,0,0,0,0,0,0.0,0.258651,0,0.0,0,332,0,3,0.98,0.0193,GREEN,53,Bengaluru
CLM0029288,BEN_07270,Marathahalli,2021-07-28,10,0,0,0,0,0,0,0,0,0,0.0,0.22327,0,1.0,0,95,2,0,0.6313,0.0,GREEN,25,Bengaluru
CLM0029289,BEN_07807,Jayanagar,2022-05-12,18,0,0,0,0,0,0,0,0,0,0.0,0.0,0,1.0,0,249,4,2,0.9511,0.0,GREEN,56,Bengaluru
CLM0029290,BEN_03729,Rajajinagar,2025-08-22,8,0,0,0,0,0,0,0,0,0,0.0,0.19561,0,0.0,0,57,1,7,0.6921,0.0364,GREEN,46,Bengaluru
CLM0029291,BEN_06962,Koramangala,2023-08-03,11,0,0,0,0,0,0,0,1,0,0.0,0.05924,0,0.0,0,407,4,2,0.459,0.0953,GREEN,41,Bengaluru
CLM0029292,BEN_01652,Indiranagar,2023-02-18,8,0,0,0,0,0,0,0,0,0,0.0,0.336796,1,0.0,0,199,2,5,0.8456,0.1119,GREEN,51,Bengaluru
CLM0029293,BEN_01777,Yelahanka,2025-01-05,18,0,0,0,0,0,0,0,0,0,0.0,0.425256,0,0.0,0,109,2,1,0.98,0.0075,GREEN,34,Bengaluru
CLM0029294,BEN_06756,Electronic City,2025-03-06,16,0,0,0,0,1,0,0,0,0,1.0,0.2936,0,0.0,0,261,2,2,0.9641,0.1976,GREEN,45,Bengaluru
CLM0029295,BEN_09283,Rajajinagar,2025-01-06,9,0,1,1,0,1,0,0,0,0,0.0,0.395314,1,0.0,0,192,2,3,0.883,0.7016,RED,44,Bengaluru
CLM0029296,BEN_00479,Marathahalli,2021-11-22,15,0,1,1,1,0,0,1,0,1,0.0,0.049592,0,0.0,0,5,0,18,0.9158,0.5494,YELLOW,41,Bengaluru
CLM0029297,BEN_03088,Marathahalli,2022-08-23,15,0,1,1,0,0,0,0,0,0,1.0,0.92735,0,1.0,0,420,1,2,0.4345,0.6299,RED,32,Bengaluru
CLM0029298,BEN_09417,Yelahanka,2021-04-17,20,0,1,1,1,1,0,1,0,1,1.0,0.983469,0,1.0,1,5,1,18,0.2913,0.5895,YELLOW,49,Bengaluru
CLM0029299,BEN_02757,Electronic City,2022-08-22,14,0,1,1,1,1,0,1,1,0,1.0,1.0,1,0.0,1,5,2,18,0.2901,0.6002,YELLOW,33,Bengaluru
CLM0029300,BEN_00063,Jayanagar,2021-11-26,13,0,1,1,0,1,0,0,1,0,0.0,0.48554,0,0.0,1,18,2,18,0.1955,0.4564,YELLOW,49,Bengaluru
CLM0029301,BEN_09336,HSR Layout,2023-10-19,11,0,1,1,1,1,0,1,1,0,1.0,1.0,1,1.0,1,5,0,18,0.1855,0.6335,RED,44,Bengaluru
CLM0029302,BEN_02517,Jayanagar,2020-08-04,16,0,1,1,0,0,0,0,0,0,0.0,0.196917,0,0.0,0,420,2,0,0.8939,0.4095,YELLOW,57,Bengaluru
CLM0029303,BEN_07590,Jayanagar,2021-05-28,16,0,1,1,1,1,0,1,1,0,0.0,0.436125,1,1.0,0,11,2,18,0.6055,0.6226,RED,40,Bengaluru
CLM0029304,BEN_07494,Electronic City,2017-03-13,9,0,1,1,1,1,1,1,1,1,1.0,1.0,0,1.0,1,5,1,18,0.1194,0.9062,RED,46,Bengaluru
CLM0029305,BEN_09354,Marathahalli,2023-09-02,10,0,1,1,1,1,0,1,1,1,1.0,1.0,0,1.0,0,5,0,11,0.7648,0.6777,RED,37,Bengaluru
CLM0029306,BEN_03161,BTM Layout,2017-02-25,10,0,1,1,1,0,0,1,1,1,0.0,0.912847,0,0.0,1,17,2,18,0.3442,0.6134,RED,48,Bengaluru
CLM0029307,BEN_02773,Marathahalli,2025-02-10,17,0,0,0,0,0,1,0,0,0,0.0,0.195984,0,0.0,1,248,0,2,0.8928,0.1555,GREEN,50,Bengaluru
CLM0029308,BEN_05059,Jayanagar,2025-12-17,21,0,0,0,0,0,0,0,0,0,0.0,0.199287,0,0.0,0,420,4,1,0.5949,0.0,GREEN,21,Bengaluru
CLM0029309,BEN_03874,HSR Layout,2024-11-15,21,0,0,0,0,0,0,0,0,0,0.0,0.109146,0,0.0,0,420,3,1,0.7193,0.0,GREEN,30,Bengaluru
CLM0029310,BEN_09651,Indiranagar,2025-03-25,10,0,0,0,0,0,0,0,0,0,0.0,0.034631,0,0.0,0,181,4,3,0.5992,0.0,GREEN,52,Bengaluru
CLM0029311,BEN_01305,Rajajinagar,2025-09-23,20,0,0,0,0,0,0,0,0,0,0.0,0.420167,0,0.0,0,54,1,4,0.05,0.0869,GREEN,25,Bengaluru
CLM0029312,BEN_03161,BTM Layout,2025-01-16,16,0,0,0,0,0,0,0,0,0,0.0,0.223533,0,0.0,0,62,1,1,0.9522,0.0,GREEN,48,Bengaluru
CLM0029313,BEN_00914,Jayanagar,2022-08-10,11,0,0,0,0,0,0,0,0,0,1.0,0.948573,0,1.0,0,129,0,0,0.8849,0.0233,GREEN,47,Bengaluru
CLM0029314,BEN_02772,HSR Layout,2024-03-27,14,0,0,0,0,0,0,0,0,0,0.0,0.136833,0,1.0,0,117,2,0,0.6831,0.0,GREEN,30,Bengaluru
CLM0029315,BEN_02991,Rajajinagar,2023-08-29,7,0,0,0,0,0,0,0,0,0,1.0,0.35972,0,0.0,0,240,3,0,0.8646,0.1176,GREEN,51,Bengaluru
CLM0029316,BEN_05301,Electronic City,2022-12-06,10,0,0,0,0,0,0,0,0,0,0.0,0.384123,0,0.0,0,179,0,7,0.8006,0.1212,GREEN,45,Bengaluru
CLM0029317,BEN_04734,Marathahalli,2023-07-29,15,0,0,0,0,0,0,0,0,0,0.0,0.121199,0,0.0,0,314,2,2,0.668,0.0874,GREEN,43,Bengaluru
CLM0029318,BEN_06818,Koramangala,2022-02-23,14,0,0,0,0,0,0,1,0,0,0.0,0.151427,0,0.0,0,420,4,0,0.8602,0.1344,GREEN,43,Bengaluru
CLM0029319,BEN_07598,Electronic City,2024-05-18,18,0,0,0,0,1,0,0,0,0,0.0,0.373776,0,0.0,0,58,3,1,0.7889,0.2202,GREEN,32,Bengaluru
CLM0029320,BEN_04568,Jayanagar,2025-01-22,18,0,1,1,0,0,1,0,0,0,1.0,0.99597,0,1.0,0,420,3,2,0.7614,0.1448,GREEN,62,Bengaluru
CLM0029321,BEN_01677,Jayanagar,2024-06-24,7,0,0,0,0,0,0,0,0,0,0.0,0.396881,0,0.0,0,391,2,3,0.5261,0.0,GREEN,48,Bengaluru
CLM0029322,BEN_05942,Whitefield,2025-09-16,14,0,0,0,0,0,0,0,0,0,0.0,0.370427,0,0.0,0,199,3,1,0.6594,0.0,GREEN,55,Bengaluru
CLM0029323,BEN_07187,Whitefield,2024-05-20,21,0,1,1,0,0,0,0,1,0,0.0,0.957159,0,0.0,1,75,3,3,0.5921,0.104,GREEN,38,Bengaluru
CLM0029324,BEN_06098,Whitefield,2025-10-03,8,0,0,0,1,0,0,0,0,0,0.0,0.015785,0,0.0,1,386,3,5,0.9299,0.2652,GREEN,56,Bengaluru
CLM0029325,BEN_00669,Yelahanka,2024-05-24,18,0,0,0,0,0,0,1,0,0,0.0,0.147071,1,0.0,0,280,3,1,0.4586,0.0574,GREEN,29,Bengaluru
CLM0029326,BEN_09607,Marathahalli,2025-04-03,12,0,0,0,0,0,0,0,0,0,0.0,0.304244,0,0.0,1,231,2,0,0.6953,0.0094,GREEN,43,Bengaluru
CLM0029327,BEN_03264,Indiranagar,2025-10-15,16,0,0,0,0,0,0,0,0,0,0.0,0.088428,0,0.0,0,414,0,0,0.0536,0.0383,GREEN,54,Bengaluru
CLM0029328,BEN_04800,BTM Layout,2025-01-07,15,0,0,0,0,0,0,0,0,0,1.0,0.9848,0,0.0,0,130,1,2,0.98,0.059,GREEN,38,Bengaluru
CLM0029329,BEN_07813,Yelahanka,2025-04-25,11,0,0,0,1,0,0,0,0,0,0.0,0.285889,0,0.0,0,371,0,2,0.1037,0.1152,GREEN,40,Bengaluru
CLM0029330,BEN_08278,Electronic City,2018-02-27,11,0,0,0,0,0,0,0,0,0,0.0,0.338032,0,0.0,0,369,1,5,0.4601,0.0342,GREEN,52,Bengaluru
CLM0029331,BEN_03039,Jayanagar,2025-09-06,11,0,0,0,0,0,1,0,0,0,0.0,0.984645,0,0.0,0,391,2,5,0.8383,0.023,GREEN,49,Bengaluru
CLM0029332,BEN_07540,Indiranagar,2017-07-14,19,0,0,0,0,0,1,0,0,0,0.0,0.048778,0,0.0,0,252,2,5,0.9528,0.0516,GREEN,43,Bengaluru
CLM0029333,BEN_05834,Yelahanka,2025-10-07,20,0,0,0,0,0,0,0,0,0,1.0,0.097652,0,0.0,0,245,0,0,0.8246,0.0737,GREEN,36,Bengaluru
CLM0029334,BEN_05080,Rajajinagar,2025-02-02,7,0,0,0,0,1,0,0,0,0,0.0,0.13687,0,1.0,0,289,1,0,0.9303,0.1764,GREEN,43,Bengaluru
CLM0029335,BEN_00306,Jayanagar,2021-12-18,17,0,0,0,0,0,0,1,0,0,0.0,0.184878,0,0.0,0,275,0,7,0.925,0.0,GREEN,31,Bengaluru
CLM0029336,BEN_08843,Electronic City,2020-05-24,11,0,0,0,1,0,0,0,0,0,1.0,0.983652,0,1.0,0,193,2,3,0.8921,0.1646,GREEN,45,Bengaluru
CLM0029337,BEN_01779,Marathahalli,2023-01-21,12,0,0,0,0,0,0,0,0,0,0.0,0.107845,0,0.0,1,420,1,0,0.0673,0.0833,GREEN,42,Bengaluru
CLM0029338,BEN_05891,Indiranagar,2018-01-10,10,0,0,0,0,0,0,0,0,0,0.0,0.402886,0,0.0,0,187,1,1,0.7027,0.0067,GREEN,53,Bengaluru
CLM0029339,BEN_05535,Indiranagar,2022-06-23,14,0,0,0,0,0,0,0,0,1,0.0,0.101325,0,0.0,0,420,3,4,0.6197,0.1246,GREEN,51,Bengaluru
CLM0029340,BEN_00634,HSR Layout,2024-08-24,16,0,0,0,0,0,0,0,0,0,0.0,0.168384,0,0.0,0,51,2,3,0.7461,0.0,GREEN,55,Bengaluru
CLM0029341,BEN_04919,HSR Layout,2025-01-26,17,0,0,0,0,0,0,0,0,0,0.0,0.279372,0,0.0,0,393,3,0,0.98,0.0407,GREEN,45,Bengaluru
CLM0029342,BEN_09074,BTM Layout,2024-12-20,12,0,0,0,0,0,1,0,0,0,0.0,0.335008,1,1.0,0,351,4,0,0.6526,0.1758,GREEN,39,Bengaluru
CLM0029343,BEN_03818,Jayanagar,2022-12-12,21,0,0,0,0,0,0,0,0,0,0.0,0.28762,0,0.0,0,268,1,3,0.8485,0.1844,GREEN,30,Bengaluru
CLM0029344,BEN_05842,Koramangala,2025-10-08,13,0,0,0,0,0,0,0,0,0,0.0,0.412919,0,0.0,0,420,2,1,0.6586,0.0366,GREEN,58,Bengaluru
CLM0029345,BEN_07033,Koramangala,2023-03-12,20,0,0,0,0,0,0,0,0,0,0.0,0.077349,0,0.0,0,215,1,1,0.9646,0.0189,GREEN,52,Bengaluru
CLM0029346,BEN_02201,BTM Layout,2022-05-09,12,0,0,0,0,0,0,0,0,0,0.0,0.291492,0,0.0,0,420,3,6,0.43,0.035,GREEN,41,Bengaluru
CLM0029347,BEN_04815,Marathahalli,2021-07-02,13,0,0,0,0,0,0,0,0,0,0.0,0.015902,0,0.0,0,95,0,0,0.05,0.0646,GREEN,62,Bengaluru
CLM0029348,BEN_04899,Rajajinagar,2025-10-08,14,0,0,0,0,0,0,0,1,0,0.0,0.246161,0,0.0,0,266,4,4,0.7674,0.0301,GREEN,53,Bengaluru
CLM0029349,BEN_07112,Koramangala,2020-04-08,21,0,0,0,0,0,0,0,0,0,0.0,0.084253,0,0.0,0,53,4,0,0.618,0.0389,GREEN,50,Bengaluru
CLM0029350,BEN_06268,Jayanagar,2023-02-18,16,0,0,0,0,0,0,0,0,0,0.0,0.337427,1,0.0,0,370,1,0,0.98,0.1012,GREEN,31,Bengaluru
CLM0029351,BEN_05473,Marathahalli,2023-12-03,17,0,0,0,0,0,1,0,0,0,0.0,1.0,0,0.0,0,169,4,0,0.6422,0.1212,GREEN,48,Bengaluru
CLM0029352,BEN_04217,Electronic City,2021-01-27,15,0,0,0,0,0,0,0,1,0,0.0,0.162155,0,0.0,0,272,1,3,0.7059,0.0515,GREEN,56,Bengaluru
CLM0029353,BEN_09139,Jayanagar,2022-12-12,20,0,0,0,0,0,0,0,0,0,0.0,0.382959,0,0.0,0,286,1,2,0.5245,0.0023,GREEN,32,Bengaluru
CLM0029354,BEN_07379,HSR Layout,2025-04-27,18,0,0,0,0,0,0,0,0,0,0.0,0.008244,0,0.0,0,420,3,0,0.7265,0.0,GREEN,41,Bengaluru
CLM0029355,BEN_09823,Indiranagar,2023-06-24,17,0,0,0,0,0,0,0,0,0,0.0,0.381771,0,0.0,0,366,1,1,0.6337,0.0035,GREEN,43,Bengaluru
CLM0029356,BEN_09979,BTM Layout,2025-05-01,21,0,0,0,0,0,0,0,0,0,1.0,0.074127,0,0.0,0,420,3,2,0.7717,0.0999,GREEN,70,Bengaluru
CLM0029357,BEN_03362,Whitefield,2024-02-09,12,0,0,0,0,0,0,0,0,0,0.0,0.139476,0,0.0,0,359,4,0,0.8254,0.0374,GREEN,33,Bengaluru
CLM0029358,BEN_00247,Koramangala,2021-09-02,21,0,0,0,0,0,0,0,0,0,0.0,0.358071,0,0.0,0,397,1,5,0.6337,0.0258,GREEN,33,Bengaluru
CLM0029359,BEN_04827,Electronic City,2021-03-17,18,0,0,0,0,0,1,0,0,1,0.0,0.208362,0,0.0,0,420,3,2,0.0973,0.1925,GREEN,40,Bengaluru
CLM0029360,BEN_05252,Jayanagar,2020-02-19,20,0,0,0,0,0,0,0,0,0,0.0,0.334871,0,0.0,0,184,2,2,0.7561,0.0419,GREEN,42,Bengaluru
CLM0029361,BEN_01819,Rajajinagar,2022-01-12,7,0,0,0,0,0,0,0,0,0,0.0,0.332136,0,0.0,0,406,1,2,0.7214,0.0,GREEN,46,Bengaluru
CLM0029362,BEN_02791,Indiranagar,2024-04-25,21,0,0,0,0,0,1,0,0,0,0.0,0.318802,1,0.0,0,108,0,0,0.3075,0.109,GREEN,52,Bengaluru
CLM0029363,BEN_06626,Koramangala,2020-06-09,15,0,0,0,0,0,0,0,0,0,0.0,0.074129,0,0.0,0,229,0,3,0.895,0.0583,GREEN,45,Bengaluru
CLM0029364,BEN_01879,Koramangala,2024-08-29,21,0,0,0,0,0,0,0,1,0,0.0,0.089918,0,0.0,0,273,2,1,0.05,0.0948,GREEN,35,Bengaluru
CLM0029365,BEN_05920,Koramangala,2024-06-04,7,0,0,0,0,0,0,0,0,0,0.0,0.0,0,1.0,0,420,4,1,0.5998,0.1268,GREEN,53,Bengaluru
CLM0029366,BEN_03298,Jayanagar,2024-05-22,20,0,0,0,0,0,0,0,0,0,0.0,0.131837,1,0.0,0,420,2,0,0.6617,0.1164,GREEN,42,Bengaluru
CLM0029367,BEN_08303,BTM Layout,2021-01-16,21,0,1,1,0,0,0,1,0,0,0.0,0.979735,0,0.0,0,112,4,1,0.3073,0.0893,GREEN,37,Bengaluru
CLM0029368,BEN_04891,HSR Layout,2023-09-17,12,0,0,0,0,0,1,0,1,0,0.0,0.202077,0,0.0,0,325,1,0,0.7696,0.1352,GREEN,50,Bengaluru
CLM0029369,BEN_08200,Koramangala,2024-08-07,17,0,0,0,0,0,0,0,1,0,0.0,0.274215,0,0.0,0,130,1,6,0.7186,0.1337,GREEN,53,Bengaluru
CLM0029370,BEN_07806,Rajajinagar,2024-04-12,15,0,0,0,0,0,0,0,1,0,0.0,0.413198,0,0.0,1,290,0,5,0.8955,0.1475,GREEN,36,Bengaluru
CLM0029371,BEN_08677,Koramangala,2023-03-18,8,0,0,0,0,0,0,0,0,0,0.0,0.327139,0,0.0,0,420,1,4,0.7449,0.0086,GREEN,32,Bengaluru
CLM0029372,BEN_06033,Koramangala,2024-01-06,7,0,0,0,0,0,1,0,0,0,1.0,0.962487,0,1.0,0,216,3,1,0.0645,0.0857,GREEN,18,Bengaluru
CLM0029373,BEN_06787,HSR Layout,2022-04-03,17,0,0,0,0,0,0,0,0,0,0.0,0.274077,0,0.0,0,295,4,3,0.1323,0.0,GREEN,41,Bengaluru
CLM0029374,BEN_02269,Indiranagar,2023-04-26,20,0,1,1,0,0,0,0,0,0,1.0,0.047818,0,0.0,0,325,1,2,0.2183,0.048,GREEN,46,Bengaluru
CLM0029375,BEN_07599,Electronic City,2024-11-27,12,0,0,0,0,0,0,0,0,0,0.0,0.164945,0,0.0,0,299,3,1,0.6026,0.0603,GREEN,45,Bengaluru
CLM0029376,BEN_04928,Jayanagar,2022-05-30,13,0,0,0,0,1,0,0,0,0,0.0,0.249099,0,0.0,0,354,1,3,0.9339,0.1789,GREEN,53,Bengaluru
CLM0029377,BEN_00084,Jayanagar,2024-05-16,14,0,0,0,0,0,0,0,1,0,1.0,0.312323,0,0.0,0,184,0,4,0.0563,0.1471,GREEN,52,Bengaluru
CLM0029378,BEN_09869,BTM Layout,2024-08-06,11,0,0,0,0,0,0,1,0,0,1.0,0.289482,0,0.0,0,400,2,0,0.8641,0.0818,GREEN,30,Bengaluru
CLM0029379,BEN_06817,Rajajinagar,2021-09-06,12,0,0,0,0,1,0,0,0,0,0.0,0.095518,0,0.0,0,420,3,2,0.6721,0.1908,GREEN,45,Bengaluru
CLM0029380,BEN_03041,Rajajinagar,2017-04-02,10,0,0,0,0,0,0,0,0,0,0.0,1.0,0,0.0,0,207,1,1,0.6387,0.0001,GREEN,42,Bengaluru
CLM0029381,BEN_03791,Jayanagar,2023-06-05,12,0,0,0,0,0,0,0,0,1,0.0,0.422293,0,0.0,0,156,1,2,0.05,0.172,GREEN,49,Bengaluru
CLM0029382,BEN_03476,Rajajinagar,2024-03-06,7,0,0,0,0,0,0,0,0,0,0.0,0.073212,0,0.0,0,405,4,1,0.8277,0.0,GREEN,41,Bengaluru
CLM0029383,BEN_02330,Rajajinagar,2018-01-04,20,0,0,0,0,0,0,0,0,0,0.0,0.384299,0,0.0,0,420,2,2,0.9022,0.0,GREEN,51,Bengaluru
CLM0029384,BEN_00577,Indiranagar,2022-05-23,10,0,0,0,0,0,0,0,0,0,0.0,0.178315,0,0.0,0,111,2,0,0.1293,0.0016,GREEN,37,Bengaluru
CLM0029385,BEN_01953,Jayanagar,2025-09-01,8,0,0,0,0,0,0,0,0,0,0.0,0.097752,1,0.0,0,235,2,3,0.6088,0.0715,GREEN,25,Bengaluru
CLM0029386,BEN_06129,HSR Layout,2021-02-14,9,0,0,0,1,0,0,0,0,0,0.0,0.325922,0,0.0,0,377,1,1,0.98,0.0563,GREEN,35,Bengaluru
CLM0029387,BEN_00069,Yelahanka,2018-02-01,11,0,0,0,0,0,0,0,0,0,0.0,0.0,0,0.0,0,420,1,7,0.923,0.0,GREEN,43,Bengaluru
CLM0029388,BEN_03241,Yelahanka,2018-09-07,16,0,0,0,1,0,0,0,0,0,0.0,0.378675,1,0.0,0,299,4,3,0.616,0.2588,GREEN,33,Bengaluru
CLM0029389,BEN_05184,Yelahanka,2019-11-07,8,0,1,1,0,0,0,0,0,0,0.0,0.0,0,0.0,0,273,2,0,0.5857,0.0776,GREEN,32,Bengaluru
CLM0029390,BEN_03233,Jayanagar,2019-02-18,14,0,0,0,0,0,0,0,0,0,0.0,0.252972,0,0.0,0,149,0,4,0.98,0.0,GREEN,64,Bengaluru
CLM0029391,BEN_05772,Yelahanka,2022-09-16,11,0,1,1,0,0,0,0,0,0,0.0,0.32923,0,0.0,0,267,2,2,0.6063,0.0,GREEN,31,Bengaluru
CLM0029392,BEN_03133,Yelahanka,2021-12-08,21,0,0,0,0,0,0,0,1,0,0.0,0.336988,0,0.0,0,420,2,3,0.6975,0.1402,GREEN,46,Bengaluru
CLM0029393,BEN_01903,Marathahalli,2021-01-17,13,0,0,0,0,0,0,0,1,0,0.0,0.369898,0,0.0,0,59,1,4,0.98,0.0815,GREEN,47,Bengaluru
CLM0029394,BEN_07340,Whitefield,2024-11-23,12,0,0,0,0,0,0,1,0,0,0.0,0.214628,0,0.0,0,108,2,2,0.8655,0.0282,GREEN,54,Bengaluru
CLM0029395,BEN_01061,Yelahanka,2021-06-12,14,0,0,0,0,0,0,0,1,0,0.0,0.060039,0,0.0,0,105,2,3,0.6352,0.1146,GREEN,47,Bengaluru
CLM0029396,BEN_00698,HSR Layout,2020-11-26,12,0,0,0,1,0,1,1,1,0,0.0,0.092588,1,0.0,1,5,4,18,0.9203,0.0193,GREEN,59,Bengaluru
CLM0029397,BEN_03963,BTM Layout,2021-03-30,18,0,0,0,0,0,0,0,0,0,0.0,1.0,0,0.0,0,397,1,2,0.9207,0.0,GREEN,64,Bengaluru
CLM0029398,BEN_01098,HSR Layout,2020-01-26,17,0,0,0,1,0,0,0,0,0,0.0,0.134904,0,0.0,0,127,1,2,0.98,0.1397,GREEN,33,Bengaluru
CLM0029399,BEN_06415,BTM Layout,2021-11-21,7,0,0,0,0,0,0,0,0,0,0.0,0.019425,0,0.0,0,296,0,6,0.7757,0.0622,GREEN,61,Bengaluru
CLM0029400,BEN_02336,Electronic City,2021-04-01,20,0,1,1,0,0,0,0,0,0,0.0,0.318595,0,0.0,0,367,4,5,0.91,0.0553,GREEN,50,Bengaluru
CLM0029401,BEN_07706,HSR Layout,2020-12-07,18,0,0,0,0,0,0,0,0,1,0.0,0.13292,0,0.0,0,363,4,0,0.204,0.2672,GREEN,48,Bengaluru
CLM0029402,BEN_06133,Electronic City,2019-11-06,12,0,0,0,0,0,1,0,0,0,0.0,0.0,0,0.0,0,162,3,4,0.3742,0.1282,GREEN,18,Bengaluru
CLM0029403,BEN_07402,Marathahalli,2024-04-29,7,0,0,0,0,0,0,0,0,0,1.0,0.38489,0,0.0,0,420,2,0,0.2185,0.019,GREEN,35,Bengaluru
CLM0029404,BEN_09618,BTM Layout,2025-11-30,7,0,0,0,0,0,0,0,0,0,0.0,0.244644,0,0.0,0,259,1,0,0.7344,0.0,GREEN,39,Bengaluru
CLM0029405,BEN_05068,BTM Layout,2021-09-21,13,0,0,0,0,0,0,0,0,0,1.0,0.941208,1,1.0,0,46,4,1,0.7381,0.0,GREEN,28,Bengaluru
CLM0029406,BEN_09314,Yelahanka,2018-12-02,19,0,0,0,0,0,0,0,0,0,0.0,0.0,0,0.0,0,420,0,2,0.887,0.0508,GREEN,34,Bengaluru
CLM0029407,BEN_01717,Marathahalli,2020-04-21,7,0,0,0,0,0,0,0,0,1,0.0,0.158663,0,0.0,0,165,0,3,0.5239,0.1508,GREEN,49,Bengaluru
CLM0029408,BEN_08932,Whitefield,2025-10-29,14,0,0,0,0,0,0,0,1,0,0.0,0.389771,0,0.0,0,51,4,3,0.9203,0.1434,GREEN,69,Bengaluru
CLM0029409,BEN_06518,BTM Layout,2020-07-22,10,0,0,0,0,0,0,0,0,0,0.0,0.01083,0,0.0,0,316,1,7,0.9063,0.0,GREEN,52,Bengaluru
CLM0029410,BEN_00542,Yelahanka,2016-04-07,7,0,1,1,0,0,0,0,0,0,0.0,0.994132,0,0.0,0,331,1,1,0.7879,0.021,GREEN,56,Bengaluru
CLM0029411,BEN_03599,Jayanagar,2019-03-12,18,0,0,0,0,0,0,0,0,0,0.0,0.009356,0,0.0,0,6,1,4,0.8258,0.0,GREEN,37,Bengaluru
CLM0029412,BEN_04690,BTM Layout,2018-07-19,8,0,0,0,0,0,0,1,1,0,0.0,0.0,0,0.0,0,286,1,1,0.98,0.1534,GREEN,38,Bengaluru
CLM0029413,BEN_04826,Rajajinagar,2023-03-27,15,0,0,0,0,0,0,0,0,0,0.0,0.096953,0,0.0,0,44,0,6,0.7127,0.0198,GREEN,29,Bengaluru
CLM0029414,BEN_09026,BTM Layout,2022-04-29,13,0,0,0,0,0,0,0,0,0,0.0,0.12871,0,0.0,0,420,3,5,0.9765,0.0064,GREEN,48,Bengaluru
CLM0029415,BEN_05470,Indiranagar,2018-05-24,10,0,0,0,0,0,0,0,0,0,0.0,0.041315,0,0.0,0,183,1,3,0.5347,0.046,GREEN,49,Bengaluru
CLM0029416,BEN_01391,Electronic City,2017-10-19,19,0,0,0,0,0,1,0,0,0,0.0,0.343639,0,0.0,0,315,2,3,0.98,0.0,GREEN,26,Bengaluru
CLM0029417,BEN_07993,Whitefield,2025-07-26,17,0,1,1,1,1,0,1,0,1,1.0,1.0,0,0.0,1,15,2,18,0.3067,0.5727,YELLOW,33,Bengaluru
CLM0029418,BEN_05749,Electronic City,2017-07-13,19,0,1,1,1,0,0,0,1,0,0.0,0.047243,0,0.0,1,5,0,18,0.8971,0.3862,YELLOW,34,Bengaluru
CLM0029419,BEN_04071,Rajajinagar,2019-02-03,21,0,1,1,0,0,1,1,0,1,0.0,0.183973,1,0.0,0,5,2,18,0.9306,0.334,YELLOW,40,Bengaluru
CLM0029420,BEN_02989,Jayanagar,2017-12-20,16,0,1,1,1,1,1,1,1,0,1.0,0.970107,1,1.0,1,39,1,18,0.29,0.6667,RED,69,Bengaluru
CLM0029421,BEN_02843,HSR Layout,2025-05-11,8,0,1,1,0,0,0,0,1,0,0.0,0.41275,0,0.0,0,328,0,3,0.4767,0.8264,RED,52,Bengaluru
CLM0029422,BEN_09386,Yelahanka,2022-10-30,12,0,1,1,1,0,0,1,1,0,0.0,0.93276,0,0.0,1,5,1,18,0.392,0.556,YELLOW,50,Bengaluru
CLM0029423,BEN_04642,Jayanagar,2024-11-19,8,0,1,1,0,0,0,0,0,0,1.0,0.221581,0,0.0,0,420,2,1,0.8776,0.7137,RED,46,Bengaluru
CLM0029424,BEN_02232,Jayanagar,2023-02-12,20,0,0,0,0,0,0,0,0,0,0.0,0.189474,0,0.0,0,263,2,0,0.6136,0.0596,GREEN,52,Bengaluru
CLM0029425,BEN_00427,Marathahalli,2023-09-11,7,0,0,0,0,1,0,0,0,0,0.0,1.0,1,0.0,0,420,0,0,0.9584,0.1212,GREEN,37,Bengaluru
CLM0029426,BEN_07854,Electronic City,2024-02-29,8,0,0,0,0,0,0,0,0,0,0.0,0.004169,0,1.0,0,370,3,3,0.8887,0.0967,GREEN,46,Bengaluru
CLM0029427,BEN_03145,Marathahalli,2023-05-09,14,0,0,0,0,0,0,0,0,0,0.0,0.080668,0,0.0,0,55,3,0,0.8055,0.0,GREEN,47,Bengaluru
CLM0029428,BEN_08605,Koramangala,2025-01-07,9,0,0,0,0,0,0,0,0,0,0.0,0.150917,1,0.0,0,216,3,1,0.8088,0.1425,GREEN,42,Bengaluru
CLM0029429,BEN_03571,Rajajinagar,2016-05-08,11,0,0,0,0,0,0,0,0,0,0.0,0.326216,0,0.0,1,221,1,0,0.7724,0.0636,GREEN,61,Bengaluru
CLM0029430,BEN_02737,Jayanagar,2021-10-25,21,0,0,0,0,0,0,0,0,0,1.0,0.279634,0,0.0,0,232,4,1,0.9577,0.1276,GREEN,41,Bengaluru
CLM0029431,BEN_04246,Indiranagar,2025-08-27,12,0,0,0,0,0,0,0,0,0,0.0,0.287683,0,0.0,0,230,3,1,0.0926,0.0153,GREEN,35,Bengaluru
CLM0029432,BEN_00318,BTM Layout,2023-03-23,11,0,0,0,0,0,0,0,1,0,1.0,0.021794,0,0.0,0,304,1,3,0.05,0.0482,GREEN,44,Bengaluru
CLM0029433,BEN_06844,HSR Layout,2024-03-07,20,0,0,0,0,0,0,0,0,0,0.0,0.0,0,0.0,0,78,4,3,0.9259,0.0691,GREEN,29,Bengaluru
CLM0029434,BEN_04352,Yelahanka,2022-01-22,11,0,0,0,0,0,0,1,1,1,0.0,0.058564,0,0.0,0,20,0,18,0.8112,0.0759,GREEN,58,Bengaluru
CLM0029435,BEN_03001,Electronic City,2023-09-04,17,0,0,0,0,1,0,0,0,0,0.0,0.237538,0,0.0,0,420,4,0,0.295,0.1623,GREEN,54,Bengaluru
CLM0029436,BEN_08509,Whitefield,2022-03-31,16,0,0,0,0,0,0,0,0,0,0.0,0.280164,0,0.0,0,409,0,0,0.05,0.0412,GREEN,44,Bengaluru
CLM0029437,BEN_07572,BTM Layout,2023-07-14,20,0,0,0,0,0,0,1,0,0,0.0,0.418953,0,0.0,0,97,3,0,0.7497,0.0105,GREEN,47,Bengaluru
CLM0029438,BEN_04571,BTM Layout,2025-12-02,13,0,0,0,0,0,0,0,0,0,0.0,0.154954,0,0.0,0,89,2,4,0.8874,0.0198,GREEN,18,Bengaluru
CLM0029439,BEN_07671,Rajajinagar,2024-08-20,15,0,0,0,0,0,1,0,0,0,0.0,0.385994,0,0.0,0,163,3,6,0.8379,0.0479,GREEN,59,Bengaluru
CLM0029440,BEN_02645,Rajajinagar,2020-03-23,11,0,0,0,0,0,0,0,0,0,0.0,0.17761,0,0.0,0,124,3,0,0.05,0.2487,GREEN,38,Bengaluru
CLM0029441,BEN_04509,Rajajinagar,2025-02-08,16,0,0,0,0,0,0,0,1,0,0.0,0.127006,0,0.0,0,420,4,0,0.05,0.1956,GREEN,56,Bengaluru
CLM0029442,BEN_08360,Jayanagar,2024-01-31,13,0,0,0,0,0,0,1,0,0,0.0,0.042534,1,0.0,0,221,1,3,0.05,0.2489,GREEN,47,Bengaluru
CLM0029443,BEN_00595,Rajajinagar,2023-03-02,17,0,0,0,0,0,0,0,0,0,0.0,0.338768,0,0.0,0,310,2,2,0.05,0.0384,GREEN,51,Bengaluru
CLM0029444,BEN_09048,HSR Layout,2020-09-22,14,0,0,0,0,0,0,1,0,0,0.0,0.170816,1,0.0,0,395,3,3,0.7229,0.157,GREEN,45,Bengaluru
CLM0029445,BEN_07648,HSR Layout,2021-02-25,7,0,0,0,0,0,0,0,0,0,0.0,0.95815,0,0.0,0,88,2,0,0.6572,0.0443,GREEN,58,Bengaluru
CLM0029446,BEN_06139,Yelahanka,2022-03-01,14,0,0,0,0,0,0,0,0,0,0.0,0.263654,0,0.0,0,420,2,1,0.98,0.0138,GREEN,36,Bengaluru
CLM0029447,BEN_06576,Marathahalli,2025-03-09,14,0,0,0,0,0,0,0,0,0,0.0,0.176225,1,0.0,0,276,1,2,0.5543,0.0,GREEN,47,Bengaluru
CLM0029448,BEN_01051,Whitefield,2023-10-29,16,0,0,0,1,0,0,1,0,0,0.0,0.206304,0,0.0,0,271,1,1,0.98,0.2547,GREEN,37,Bengaluru
CLM0029449,BEN_02108,BTM Layout,2020-10-30,21,0,0,0,1,0,1,1,1,1,1.0,0.193536,0,1.0,1,13,0,18,0.202,0.0654,GREEN,49,Bengaluru
CLM0029450,BEN_06444,Whitefield,2025-07-26,7,0,0,0,0,0,0,0,0,0,0.0,0.272946,0,0.0,0,196,0,2,0.05,0.0344,GREEN,46,Bengaluru
CLM0029451,BEN_00106,Jayanagar,2025-11-06,20,0,0,0,0,0,0,0,1,0,0.0,0.411494,0,0.0,0,329,4,2,0.5875,0.0,GREEN,41,Bengaluru
CLM0029452,BEN_07817,Jayanagar,2025-09-26,15,0,0,0,0,0,0,0,0,0,0.0,0.042223,0,0.0,0,126,4,2,0.9068,0.0529,GREEN,53,Bengaluru
CLM0029453,BEN_00116,Indiranagar,2025-08-28,15,0,0,0,0,0,0,0,0,0,0.0,0.335462,0,0.0,0,50,4,4,0.1788,0.0,GREEN,36,Bengaluru
CLM0029454,BEN_06554,Yelahanka,2025-01-31,7,0,0,0,0,0,0,0,0,0,0.0,0.0,0,0.0,0,118,3,3,0.8925,0.0,GREEN,58,Bengaluru
CLM0029455,BEN_05293,HSR Layout,2025-01-25,8,0,0,0,0,0,0,0,0,0,0.0,0.031743,0,0.0,0,97,0,0,0.98,0.048,GREEN,45,Bengaluru
CLM0029456,BEN_00182,Whitefield,2025-08-24,11,0,0,0,0,0,0,0,0,0,0.0,0.352132,0,0.0,0,48,2,2,0.5016,0.0502,GREEN,29,Bengaluru
CLM0029457,BEN_09881,Koramangala,2025-01-19,12,0,0,0,0,0,0,0,0,0,0.0,0.067859,0,0.0,0,248,0,7,0.5902,0.0,GREEN,40,Bengaluru
CLM0029458,BEN_03008,HSR Layout,2025-07-30,8,0,0,0,0,0,0,0,0,0,0.0,0.097088,0,0.0,0,156,1,0,0.05,0.0237,GREEN,48,Bengaluru
CLM0029459,BEN_09830,Jayanagar,2021-10-16,20,0,0,0,0,0,0,0,0,0,0.0,0.0,0,0.0,0,420,2,0,0.8429,0.0,GREEN,45,Bengaluru
CLM0029460,BEN_09842,Indiranagar,2022-10-21,12,0,0,0,0,0,0,0,0,0,0.0,0.286255,0,0.0,0,298,3,0,0.8215,0.0735,GREEN,58,Bengaluru
CLM0029461,BEN_04993,Jayanagar,2021-10-19,8,0,0,0,0,1,0,1,1,1,1.0,1.0,0,0.0,1,5,1,18,0.1289,0.0,GREEN,57,Bengaluru
CLM0029462,BEN_00843,Koramangala,2024-03-09,13,0,0,0,0,0,0,1,0,0,0.0,0.093379,0,0.0,0,324,4,3,0.05,0.017,GREEN,55,Bengaluru
CLM0029463,BEN_00417,Yelahanka,2025-03-18,13,0,0,0,0,0,0,0,0,1,0.0,0.195648,0,0.0,0,136,0,1,0.98,0.0582,GREEN,31,Bengaluru
CLM0029464,BEN_06286,Whitefield,2020-10-17,17,0,0,0,0,0,0,0,0,0,0.0,0.145258,0,0.0,0,162,1,3,0.05,0.0354,GREEN,49,Bengaluru
CLM0029465,BEN_06433,Yelahanka,2024-04-09,16,0,0,0,0,0,0,0,0,0,0.0,0.394733,0,0.0,0,44,4,3,0.98,0.0187,GREEN,49,Bengaluru
CLM0029466,BEN_09104,Koramangala,2025-08-15,9,0,0,0,0,0,0,0,0,0,0.0,0.0,0,0.0,0,122,3,5,0.6953,0.0479,GREEN,34,Bengaluru
CLM0029467,BEN_05465,HSR Layout,2025-11-20,7,0,0,0,1,0,0,0,1,0,0.0,0.228799,0,0.0,1,193,2,4,0.1083,0.2816,GREEN,26,Bengaluru
CLM0029468,BEN_01229,Jayanagar,2023-08-26,7,0,0,0,0,0,0,0,0,0,0.0,1.0,1,0.0,0,151,1,2,0.5829,0.0795,GREEN,45,Bengaluru
CLM0029469,BEN_02771,Yelahanka,2025-03-21,13,0,0,0,0,0,0,0,0,1,0.0,0.126653,0,0.0,0,183,4,3,0.9699,0.1653,GREEN,40,Bengaluru
CLM0029470,BEN_05416,Electronic City,2024-11-01,10,0,0,0,0,0,0,0,0,0,0.0,0.253887,0,0.0,0,420,2,0,0.772,0.0086,GREEN,52,Bengaluru
CLM0029471,BEN_09546,Electronic City,2025-05-23,10,0,0,0,0,0,0,0,1,0,1.0,0.998141,0,0.0,0,347,0,3,0.4931,0.284,GREEN,54,Bengaluru
CLM0029472,BEN_08200,Koramangala,2024-02-04,16,0,0,0,0,0,0,0,0,1,0.0,0.314059,0,0.0,0,190,3,1,0.7758,0.1687,GREEN,53,Bengaluru
CLM0029473,BEN_06512,Indiranagar,2025-10-20,19,0,0,0,0,1,0,1,1,0,0.0,0.034834,0,0.0,1,20,1,18,0.948,0.0196,GREEN,49,Bengaluru
CLM0029474,BEN_09355,Yelahanka,2024-12-09,16,0,0,0,0,0,0,0,1,0,1.0,0.165454,0,0.0,0,420,4,1,0.98,0.2083,GREEN,28,Bengaluru
CLM0029475,BEN_07826,Jayanagar,2023-07-11,21,0,0,0,0,0,0,0,0,0,0.0,0.110076,0,0.0,0,406,1,0,0.8699,0.0,GREEN,55,Bengaluru
CLM0029476,BEN_06453,BTM Layout,2021-07-25,18,0,0,0,0,0,0,0,0,0,0.0,0.144031,0,0.0,0,260,3,6,0.6001,0.0747,GREEN,33,Bengaluru
CLM0029477,BEN_00960,Yelahanka,2020-11-17,21,0,0,0,0,0,0,0,0,0,0.0,0.090268,0,0.0,0,108,3,4,0.98,0.0326,GREEN,43,Bengaluru
CLM0029478,BEN_05761,Koramangala,2021-02-06,8,0,0,0,0,0,0,0,0,0,0.0,1.0,0,0.0,0,335,0,1,0.4928,0.017,GREEN,31,Bengaluru
CLM0029479,BEN_03800,Rajajinagar,2020-11-29,19,0,0,0,0,0,0,0,0,0,0.0,0.989866,0,0.0,0,160,2,0,0.8619,0.0,GREEN,50,Bengaluru
CLM0029480,BEN_01543,HSR Layout,2021-06-08,17,0,0,0,1,0,0,1,0,0,1.0,0.165438,0,0.0,0,132,1,0,0.2677,0.1972,GREEN,44,Bengaluru
CLM0029481,BEN_08544,Koramangala,2025-11-17,20,0,0,0,0,0,0,0,0,0,0.0,0.141124,0,0.0,0,227,0,3,0.6577,0.0065,GREEN,47,Bengaluru
CLM0029482,BEN_02691,BTM Layout,2025-08-24,19,0,0,0,0,0,0,1,0,0,0.0,0.977248,0,0.0,0,334,2,0,0.1183,0.0,GREEN,34,Bengaluru
CLM0029483,BEN_00972,Koramangala,2025-09-05,18,0,0,0,0,0,0,0,0,0,0.0,0.164085,0,0.0,0,408,4,2,0.873,0.0262,GREEN,53,Bengaluru
CLM0029484,BEN_06562,Rajajinagar,2024-04-07,15,0,0,0,0,0,0,0,0,0,0.0,0.10209,0,0.0,0,34,0,0,0.9406,0.0,GREEN,34,Bengaluru
CLM0029485,BEN_03362,Whitefield,2024-09-19,11,0,0,0,0,0,0,0,0,1,0.0,0.12823,0,0.0,0,389,1,6,0.073,0.0636,GREEN,33,Bengaluru
CLM0029486,BEN_08262,Koramangala,2025-10-13,19,0,0,0,0,0,0,0,0,0,0.0,0.232976,0,0.0,0,192,0,0,0.98,0.015,GREEN,49,Bengaluru
CLM0029487,BEN_06852,Whitefield,2024-09-09,10,0,0,0,0,0,0,0,0,0,0.0,0.101144,0,0.0,0,212,0,3,0.5901,0.0637,GREEN,44,Bengaluru
CLM0029488,BEN_00499,BTM Layout,2025-06-19,20,0,0,0,0,0,0,0,0,0,0.0,0.152742,0,0.0,0,175,4,0,0.5653,0.0548,GREEN,56,Bengaluru
CLM0029489,BEN_02585,Koramangala,2024-07-22,8,0,0,0,1,0,0,0,0,0,0.0,0.146895,0,0.0,0,66,3,4,0.6551,0.0926,GREEN,44,Bengaluru
CLM0029490,BEN_06072,Rajajinagar,2025-03-26,14,0,0,0,1,0,0,1,0,1,1.0,1.0,0,1.0,0,5,0,18,0.1222,0.0108,GREEN,48,Bengaluru
CLM0029491,BEN_08469,Indiranagar,2024-12-24,15,0,0,0,0,0,0,0,0,0,0.0,0.335127,0,0.0,0,5,3,2,0.616,0.1081,GREEN,58,Bengaluru
CLM0029492,BEN_07269,Marathahalli,2024-07-12,12,0,0,0,0,0,0,0,0,0,0.0,1.0,0,0.0,0,78,2,2,0.8701,0.0,GREEN,33,Bengaluru
CLM0029493,BEN_08174,Whitefield,2018-07-15,9,0,0,0,0,0,0,0,0,0,0.0,0.468466,0,0.0,0,322,3,0,0.9611,0.0089,GREEN,44,Bengaluru
CLM0029494,BEN_09508,Yelahanka,2018-02-13,10,0,0,0,0,0,0,0,0,0,0.0,1.0,0,0.0,0,24,1,1,0.9225,0.0561,GREEN,29,Bengaluru
CLM0029495,BEN_01666,Yelahanka,2022-08-17,19,0,0,0,0,0,0,0,0,0,0.0,0.295108,1,0.0,1,420,0,0,0.3859,0.1547,GREEN,37,Bengaluru
CLM0029496,BEN_04604,Whitefield,2022-12-06,16,0,0,0,1,0,0,0,0,0,0.0,1.0,0,0.0,0,121,3,0,0.6353,0.2061,GREEN,30,Bengaluru
CLM0029497,BEN_04666,Whitefield,2018-11-28,10,0,0,0,0,0,0,0,0,0,0.0,0.293908,0,0.0,0,42,1,4,0.8772,0.0514,GREEN,31,Bengaluru
CLM0029498,BEN_04047,Whitefield,2025-03-15,18,0,0,0,0,1,1,1,1,1,1.0,0.919887,0,1.0,0,5,2,18,0.7357,0.0455,GREEN,31,Bengaluru
CLM0029499,BEN_03282,HSR Layout,2022-05-24,15,0,0,0,0,0,0,0,0,0,0.0,0.384675,0,0.0,0,249,0,1,0.6881,0.0,GREEN,39,Bengaluru
CLM0029500,BEN_00073,Koramangala,2024-01-15,10,0,0,0,0,0,0,0,0,0,1.0,0.292608,0,0.0,0,140,4,3,0.6245,0.0221,GREEN,48,Bengaluru
CLM0029501,BEN_06610,Marathahalli,2023-07-22,15,0,0,0,0,0,0,0,0,0,0.0,0.457781,0,0.0,0,378,1,4,0.9685,0.0388,GREEN,43,Bengaluru
CLM0029502,BEN_06892,Electronic City,2022-02-08,19,0,0,0,0,0,1,0,1,0,0.0,0.232741,0,0.0,0,308,0,2,0.8754,0.1845,GREEN,39,Bengaluru
CLM0029503,BEN_08740,Whitefield,2025-04-17,14,0,0,0,0,1,0,0,1,0,0.0,0.276668,0,0.0,0,66,3,9,0.9586,0.1384,GREEN,51,Bengaluru
CLM0029504,BEN_09647,Koramangala,2024-05-15,11,0,1,1,0,0,1,0,0,0,0.0,0.299926,0,0.0,0,363,4,3,0.7903,0.1391,GREEN,43,Bengaluru
CLM0029505,BEN_00647,Yelahanka,2025-01-24,11,0,0,0,0,1,0,0,0,0,0.0,0.349125,0,0.0,0,401,2,2,0.581,0.155,GREEN,46,Bengaluru
CLM0029506,BEN_01727,Indiranagar,2022-09-17,15,0,1,1,0,0,0,0,0,0,0.0,0.05718,0,1.0,0,364,0,0,0.45,0.0,GREEN,40,Bengaluru
CLM0029507,BEN_05973,HSR Layout,2020-08-20,16,0,1,1,0,0,0,0,0,0,0.0,0.184676,0,0.0,0,420,1,0,0.8123,0.0425,GREEN,41,Bengaluru
CLM0029508,BEN_03281,Electronic City,2024-06-22,19,0,0,0,1,0,1,1,1,1,0.0,0.160204,0,0.0,1,25,0,18,0.8766,0.0794,GREEN,74,Bengaluru
CLM0029509,BEN_05474,Indiranagar,2024-06-06,10,0,0,0,0,0,0,0,0,1,0.0,0.285541,0,0.0,0,359,1,1,0.8261,0.0,GREEN,39,Bengaluru
CLM0029510,BEN_06663,HSR Layout,2020-09-21,21,0,0,0,0,0,0,0,1,0,0.0,0.028463,0,0.0,0,345,2,0,0.05,0.2229,GREEN,58,Bengaluru
CLM0029511,BEN_03864,Indiranagar,2020-01-02,17,0,0,0,0,1,0,0,0,0,0.0,0.06307,0,0.0,0,325,4,4,0.9635,0.1148,GREEN,44,Bengaluru
CLM0029512,BEN_00826,Jayanagar,2015-08-14,20,0,0,0,0,0,0,0,0,0,0.0,0.308251,0,0.0,0,96,3,0,0.4911,0.0,GREEN,28,Bengaluru
CLM0029513,BEN_01302,Yelahanka,2017-09-20,20,0,0,0,0,1,0,0,1,0,0.0,0.165651,0,0.0,0,420,0,4,0.6969,0.1551,GREEN,41,Bengaluru
CLM0029514,BEN_05989,Whitefield,2015-11-21,13,0,0,0,0,0,0,0,0,1,0.0,0.471936,0,0.0,0,261,2,0,0.98,0.0673,GREEN,58,Bengaluru
CLM0029515,BEN_02268,Marathahalli,2021-10-15,13,0,0,0,0,0,0,0,0,0,0.0,0.114957,0,0.0,0,349,0,2,0.1777,0.0939,GREEN,49,Bengaluru
CLM0029516,BEN_09642,BTM Layout,2022-03-27,8,0,0,0,0,0,0,0,0,0,0.0,0.902624,0,0.0,0,263,0,4,0.2385,0.0,GREEN,63,Bengaluru
CLM0029517,BEN_02598,Yelahanka,2024-02-26,12,0,0,0,0,0,0,0,0,0,0.0,0.161895,0,0.0,0,274,1,0,0.7479,0.0,GREEN,45,Bengaluru
CLM0029518,BEN_01324,Whitefield,2022-06-16,19,0,0,0,0,0,0,0,0,0,1.0,0.398626,0,0.0,0,53,4,4,0.8007,0.043,GREEN,37,Bengaluru
CLM0029519,BEN_02123,Koramangala,2021-06-16,21,0,0,0,0,1,0,0,0,1,0.0,0.376528,0,0.0,0,154,2,0,0.492,0.2157,GREEN,48,Bengaluru
CLM0029520,BEN_08807,HSR Layout,2025-11-24,21,0,0,0,0,0,0,0,0,0,0.0,0.101608,0,0.0,0,5,3,5,0.285,0.0239,GREEN,23,Bengaluru
CLM0029521,BEN_00981,Electronic City,2024-04-18,17,0,0,0,0,0,0,0,0,0,0.0,0.134334,0,0.0,0,420,2,3,0.98,0.0,GREEN,43,Bengaluru
CLM0029522,BEN_07610,Rajajinagar,2021-09-28,13,0,0,0,0,0,0,0,0,0,0.0,0.42057,0,0.0,0,420,1,5,0.6306,0.0,GREEN,50,Bengaluru
CLM0029523,BEN_08871,Whitefield,2025-04-27,15,0,0,0,0,0,0,0,0,0,0.0,0.407677,0,0.0,0,420,0,3,0.8323,0.0,GREEN,45,Bengaluru
CLM0029524,BEN_04443,HSR Layout,2024-06-29,18,0,0,0,0,0,0,0,0,0,0.0,0.24146,0,0.0,0,240,3,2,0.1509,0.0,GREEN,61,Bengaluru
CLM0029525,BEN_06406,BTM Layout,2022-07-24,7,0,0,0,0,0,0,0,0,0,0.0,0.177805,0,0.0,0,299,3,0,0.98,0.0977,GREEN,30,Bengaluru
CLM0029526,BEN_06403,Jayanagar,2022-08-04,8,0,0,0,0,0,0,0,0,0,0.0,0.441136,0,0.0,0,353,2,1,0.6312,0.0104,GREEN,46,Bengaluru
CLM0029527,BEN_08897,Yelahanka,2023-02-24,18,0,0,0,0,0,0,0,0,0,0.0,0.306235,0,0.0,0,346,3,1,0.8768,0.0039,GREEN,35,Bengaluru
CLM0029528,BEN_02131,Marathahalli,2023-07-29,19,0,0,0,0,0,0,0,0,0,0.0,0.269059,0,0.0,0,420,0,0,0.3807,0.0447,GREEN,47,Bengaluru
CLM0029529,BEN_07930,Indiranagar,2023-11-03,21,0,1,1,0,0,0,1,0,0,0.0,0.33812,0,0.0,0,405,1,6,0.9366,0.0834,GREEN,56,Bengaluru
CLM0029530,BEN_02957,Koramangala,2024-12-23,12,0,0,0,1,0,0,0,0,0,0.0,0.381176,0,0.0,0,420,1,0,0.05,0.1078,GREEN,46,Bengaluru
CLM0029531,BEN_07552,Jayanagar,2025-10-31,20,0,1,1,0,0,0,0,0,0,0.0,0.178213,0,0.0,0,74,1,3,0.5777,0.0,GREEN,54,Bengaluru
CLM0029532,BEN_00621,HSR Layout,2020-06-09,13,0,0,0,0,0,0,0,0,0,0.0,0.269242,0,0.0,0,236,1,3,0.808,0.0,GREEN,40,Bengaluru
CLM0029533,BEN_02708,Koramangala,2022-07-03,18,0,0,0,0,0,0,0,0,1,0.0,0.025354,0,0.0,0,52,0,1,0.9105,0.1255,GREEN,32,Bengaluru
CLM0029534,BEN_00361,Whitefield,2025-07-08,18,0,0,0,0,0,0,0,0,0,0.0,0.197009,0,0.0,0,420,0,5,0.6254,0.1236,GREEN,34,Bengaluru
CLM0029535,BEN_01292,Jayanagar,2020-07-29,20,0,0,0,0,0,0,0,0,0,1.0,0.053272,0,0.0,0,200,1,4,0.8736,0.0139,GREEN,51,Bengaluru
CLM0029536,BEN_00848,Marathahalli,2022-05-19,17,0,0,0,0,0,0,0,0,0,0.0,0.25472,0,0.0,0,239,2,3,0.6308,0.0,GREEN,61,Bengaluru
CLM0029537,BEN_07633,Electronic City,2020-01-07,15,0,0,0,0,0,1,1,1,0,0.0,0.989742,1,1.0,1,5,0,17,0.98,0.204,GREEN,39,Bengaluru
CLM0029538,BEN_07429,Rajajinagar,2021-04-19,20,0,0,0,0,0,0,1,0,0,0.0,0.028047,1,0.0,0,99,0,8,0.256,0.0926,GREEN,51,Bengaluru
CLM0029539,BEN_00217,Electronic City,2022-05-15,13,0,0,0,0,0,0,0,0,0,0.0,0.319385,0,0.0,0,420,2,4,0.6177,0.0,GREEN,26,Bengaluru
CLM0029540,BEN_00078,Marathahalli,2020-08-23,19,0,0,0,0,0,1,0,0,0,0.0,0.061936,0,1.0,1,96,2,1,0.766,0.2169,GREEN,46,Bengaluru
CLM0029541,BEN_00005,Rajajinagar,2020-12-14,17,0,0,0,0,0,0,0,0,0,0.0,0.340885,0,0.0,0,381,3,1,0.4979,0.0,GREEN,51,Bengaluru
CLM0029542,BEN_09791,Electronic City,2023-09-12,14,0,0,0,0,0,0,0,0,0,0.0,0.943082,0,0.0,0,274,2,0,0.773,0.0581,GREEN,36,Bengaluru
CLM0029543,BEN_01211,BTM Layout,2024-01-13,13,0,0,0,0,0,0,0,0,0,1.0,0.00969,0,0.0,0,141,0,3,0.8809,0.0755,GREEN,57,Bengaluru
CLM0029544,BEN_09873,Koramangala,2024-07-02,18,0,0,0,0,0,0,0,0,0,0.0,0.027578,0,0.0,0,309,4,2,0.9603,0.0088,GREEN,66,Bengaluru
CLM0029545,BEN_07397,Electronic City,2025-01-20,8,0,0,0,0,0,0,1,0,0,0.0,0.179767,0,0.0,0,420,4,0,0.6255,0.1051,GREEN,48,Bengaluru
CLM0029546,BEN_05029,Jayanagar,2025-08-19,9,0,0,0,0,0,0,0,1,0,0.0,0.198895,0,1.0,0,316,4,7,0.6468,0.2958,GREEN,51,Bengaluru
CLM0029547,BEN_01267,Electronic City,2024-04-14,9,0,0,0,1,0,0,1,1,0,0.0,0.901141,0,1.0,1,32,0,8,0.6437,0.0175,GREEN,44,Bengaluru
CLM0029548,BEN_09604,BTM Layout,2021-11-24,13,0,0,0,0,0,0,0,0,0,0.0,0.208973,0,0.0,0,420,1,4,0.7898,0.008,GREEN,42,Bengaluru
CLM0029549,BEN_00225,Jayanagar,2025-08-12,13,0,0,0,0,0,0,0,0,0,0.0,0.141921,0,0.0,0,183,4,3,0.8373,0.0,GREEN,40,Bengaluru
CLM0029550,BEN_09503,Indiranagar,2020-11-27,12,0,0,0,0,0,0,0,0,0,0.0,0.0,0,0.0,0,184,3,3,0.8579,0.0,GREEN,48,Bengaluru
CLM0029551,BEN_09757,HSR Layout,2024-11-20,10,0,0,0,0,0,0,1,0,0,0.0,0.155701,0,0.0,0,224,3,4,0.9507,0.1708,GREEN,50,Bengaluru
CLM0029552,BEN_03795,BTM Layout,2024-10-04,8,0,0,0,0,0,0,0,0,0,0.0,0.015835,0,0.0,0,240,1,3,0.0668,0.0275,GREEN,32,Bengaluru
CLM0029553,BEN_07867,HSR Layout,2023-03-07,15,0,0,0,0,0,0,0,1,0,0.0,0.054065,0,1.0,0,417,1,1,0.8045,0.2185,GREEN,62,Bengaluru
CLM0029554,BEN_07763,Jayanagar,2023-02-07,17,0,0,0,0,0,0,0,0,0,0.0,0.10613,0,0.0,0,420,4,2,0.6995,0.0,GREEN,42,Bengaluru
CLM0029555,BEN_08384,HSR Layout,2023-12-06,19,0,0,0,0,0,0,0,0,0,0.0,0.343992,0,0.0,0,170,4,2,0.7535,0.0,GREEN,59,Bengaluru
CLM0029556,BEN_09245,Rajajinagar,2020-10-21,18,0,0,0,0,0,0,0,0,0,0.0,0.418019,1,0.0,0,82,0,0,0.7143,0.1397,GREEN,46,Bengaluru
CLM0029557,BEN_07442,Electronic City,2022-06-23,20,0,1,1,1,0,1,1,1,0,1.0,0.909896,0,1.0,1,5,1,18,0.98,0.0,GREEN,43,Bengaluru
CLM0029558,BEN_08198,Marathahalli,2020-10-21,20,0,0,0,0,0,0,0,0,0,0.0,0.385964,0,0.0,0,401,2,0,0.7214,0.0132,GREEN,42,Bengaluru
CLM0029559,BEN_00452,Koramangala,2023-12-12,15,0,0,0,0,0,1,0,1,0,0.0,0.157103,0,0.0,0,111,0,2,0.9799,0.2932,GREEN,40,Bengaluru
CLM0029560,BEN_00169,Electronic City,2023-03-09,20,0,0,0,0,0,0,0,0,0,0.0,0.168234,0,1.0,0,161,3,6,0.98,0.0,GREEN,47,Bengaluru
CLM0029561,BEN_05084,Electronic City,2023-09-16,14,0,0,0,0,0,0,0,0,0,0.0,0.0,0,0.0,0,125,2,5,0.4362,0.0,GREEN,27,Bengaluru
CLM0029562,BEN_06511,Koramangala,2023-08-04,21,0,0,0,0,0,0,0,0,0,0.0,0.243152,0,0.0,0,364,1,2,0.6224,0.0017,GREEN,41,Bengaluru
CLM0029563,BEN_05659,Jayanagar,2019-08-11,19,0,0,0,0,0,0,0,1,0,0.0,0.155757,0,0.0,0,420,1,0,0.8546,0.061,GREEN,45,Bengaluru
CLM0029564,BEN_06958,Rajajinagar,2017-11-20,18,0,0,0,0,0,0,0,0,0,1.0,0.079629,0,0.0,0,10,2,6,0.8012,0.0561,GREEN,34,Bengaluru
CLM0029565,BEN_00159,Electronic City,2016-09-20,7,0,0,0,0,0,0,0,0,0,0.0,0.408478,0,0.0,0,203,3,1,0.2375,0.0,GREEN,50,Bengaluru
CLM0029566,BEN_06845,Rajajinagar,2020-06-16,16,0,0,0,0,0,0,0,0,1,0.0,0.054093,0,0.0,0,420,0,2,0.302,0.1675,GREEN,59,Bengaluru
CLM0029567,BEN_05066,Electronic City,2018-02-17,13,0,0,0,0,0,0,0,0,0,0.0,0.0,0,0.0,0,253,0,3,0.2707,0.009,GREEN,45,Bengaluru
CLM0029568,BEN_05587,Electronic City,2020-03-02,16,0,0,0,0,0,1,0,0,0,1.0,0.31359,0,0.0,0,317,3,2,0.6005,0.1818,GREEN,27,Bengaluru
CLM0029569,BEN_02970,Jayanagar,2023-10-12,8,0,0,0,0,0,0,0,0,0,0.0,0.138326,0,0.0,0,420,1,5,0.8365,0.0,GREEN,29,Bengaluru
CLM0029570,BEN_03939,Marathahalli,2025-12-10,18,0,0,0,0,0,0,0,0,0,0.0,0.050469,0,0.0,0,277,4,1,0.7727,0.006,GREEN,47,Bengaluru
CLM0029571,BEN_04816,HSR Layout,2021-06-16,19,0,0,0,0,0,0,0,0,0,0.0,0.0,0,0.0,0,420,2,0,0.7948,0.0,GREEN,39,Bengaluru
CLM0029572,BEN_03393,Electronic City,2024-03-27,14,0,0,0,1,0,0,0,1,0,0.0,0.195919,0,0.0,0,241,3,4,0.3359,0.2799,GREEN,45,Bengaluru
CLM0029573,BEN_06086,Electronic City,2018-01-24,16,0,0,0,0,0,0,0,0,0,0.0,0.299566,0,0.0,0,420,1,4,0.5049,0.0,GREEN,36,Bengaluru
CLM0029574,BEN_07599,Electronic City,2020-02-22,14,0,0,0,0,0,1,0,1,0,0.0,0.266208,0,0.0,0,301,2,1,0.8105,0.1916,GREEN,45,Bengaluru
CLM0029575,BEN_04956,Indiranagar,2019-04-30,10,0,0,0,0,0,0,0,0,0,0.0,0.0,0,0.0,0,94,2,1,0.7339,0.022,GREEN,54,Bengaluru
CLM0029576,BEN_02543,Whitefield,2025-02-15,8,0,0,0,0,0,0,1,0,0,0.0,0.137827,0,0.0,0,197,1,0,0.749,0.0,GREEN,47,Bengaluru
CLM0029577,BEN_06354,Yelahanka,2018-11-15,20,0,1,1,0,0,0,0,0,0,0.0,0.080866,0,0.0,0,53,4,0,0.05,0.1405,GREEN,40,Bengaluru
CLM0029578,BEN_08892,BTM Layout,2024-12-05,16,0,0,0,1,0,1,1,0,0,1.0,0.300851,0,0.0,0,136,0,8,0.8514,0.331,YELLOW,58,Bengaluru
CLM0029579,BEN_01265,HSR Layout,2021-05-21,19,0,0,0,0,0,0,0,0,0,0.0,0.972508,0,0.0,0,34,3,0,0.1818,0.0567,GREEN,46,Bengaluru
CLM0029580,BEN_00719,Jayanagar,2025-02-22,12,0,1,1,0,0,0,0,0,0,1.0,0.135741,0,0.0,0,58,1,0,0.7705,0.0883,GREEN,48,Bengaluru
CLM0029581,BEN_07688,HSR Layout,2021-04-25,21,0,0,0,0,0,0,1,0,0,0.0,0.31652,0,0.0,0,420,1,0,0.7635,0.0658,GREEN,48,Bengaluru
CLM0029582,BEN_01928,HSR Layout,2023-09-14,9,0,0,0,0,0,0,0,0,0,0.0,0.356476,1,0.0,0,316,2,4,0.8405,0.0167,GREEN,44,Bengaluru
CLM0029583,BEN_00665,Whitefield,2024-03-16,16,0,0,0,0,0,0,0,0,0,0.0,0.359548,0,0.0,1,399,4,1,0.8955,0.0662,GREEN,41,Bengaluru
CLM0029584,BEN_02185,Marathahalli,2025-12-07,12,0,0,0,0,0,0,0,0,0,0.0,0.278086,0,0.0,0,339,2,2,0.8627,0.0,GREEN,47,Bengaluru
CLM0029585,BEN_06851,Indiranagar,2023-11-21,12,0,0,0,0,0,0,0,0,0,0.0,0.308507,0,0.0,0,420,2,0,0.8343,0.1308,GREEN,38,Bengaluru
CLM0029586,BEN_03850,HSR Layout,2023-01-12,15,0,0,0,0,0,0,0,0,0,0.0,0.248353,0,0.0,0,241,3,4,0.05,0.0247,GREEN,49,Bengaluru
CLM0029587,BEN_09902,HSR Layout,2020-04-28,13,0,0,0,0,0,0,0,0,0,0.0,0.502213,0,0.0,0,420,0,0,0.2265,0.0,GREEN,43,Bengaluru
CLM0029588,BEN_07064,BTM Layout,2020-02-03,18,0,0,0,0,0,0,0,0,1,0.0,0.0,0,0.0,0,341,3,4,0.4294,0.1734,GREEN,45,Bengaluru
CLM0029589,BEN_07779,Yelahanka,2018-12-06,11,0,1,1,0,0,0,0,0,0,1.0,0.21198,0,0.0,0,335,4,0,0.7021,0.0664,GREEN,56,Bengaluru
CLM0029590,BEN_00822,Electronic City,2022-07-24,12,0,0,0,0,0,0,0,0,0,0.0,0.030631,0,0.0,0,360,2,0,0.1733,0.0,GREEN,37,Bengaluru
CLM0029591,BEN_08342,Koramangala,2022-05-11,20,0,0,0,0,0,0,0,0,0,0.0,0.288901,0,1.0,1,420,3,3,0.98,0.1357,GREEN,39,Bengaluru
CLM0029592,BEN_01009,HSR Layout,2023-05-28,12,0,0,0,0,0,0,0,0,0,0.0,0.376469,0,0.0,0,420,3,3,0.8792,0.0425,GREEN,49,Bengaluru
CLM0029593,BEN_01810,Jayanagar,2023-03-26,17,0,0,0,0,0,1,0,0,0,0.0,0.247471,0,0.0,0,53,2,0,0.1735,0.1349,GREEN,48,Bengaluru
CLM0029594,BEN_02629,Electronic City,2025-11-21,17,0,0,0,1,0,0,0,0,0,0.0,0.000446,0,0.0,0,191,0,2,0.5336,0.0957,GREEN,45,Bengaluru
CLM0029595,BEN_02104,HSR Layout,2023-10-07,9,0,0,0,0,0,0,0,0,0,0.0,0.302136,0,0.0,0,152,3,8,0.4715,0.0,GREEN,34,Bengaluru
CLM0029596,BEN_00775,HSR Layout,2025-12-19,12,0,0,0,0,0,1,0,0,0,0.0,0.06282,0,0.0,0,174,0,0,0.467,0.0987,GREEN,48,Bengaluru
CLM0029597,BEN_00458,Jayanagar,2022-12-05,12,0,0,0,1,0,0,0,1,1,1.0,1.0,1,0.0,1,5,3,18,0.901,0.0,GREEN,43,Bengaluru
CLM0029598,BEN_00069,Yelahanka,2025-04-21,18,0,0,0,1,0,0,0,0,0,0.0,0.247836,0,0.0,0,420,0,4,0.5178,0.1629,GREEN,43,Bengaluru
CLM0029599,BEN_01246,Jayanagar,2023-09-20,9,0,0,0,0,0,0,0,0,0,0.0,0.278773,0,0.0,0,337,0,1,0.6886,0.0826,GREEN,26,Bengaluru
CLM0029600,BEN_02850,Indiranagar,2024-04-04,11,0,0,0,0,0,0,1,0,0,0.0,0.329707,0,0.0,0,299,2,5,0.513,0.0767,GREEN,52,Bengaluru
CLM0029601,BEN_00941,Yelahanka,2020-04-03,20,0,0,0,0,0,0,0,1,0,0.0,0.149729,0,0.0,0,209,0,4,0.78,0.0863,GREEN,61,Bengaluru
CLM0029602,BEN_05102,Rajajinagar,2021-11-06,11,0,0,0,0,0,0,0,0,0,0.0,0.084284,0,0.0,1,39,2,4,0.9175,0.0446,GREEN,33,Bengaluru
CLM0029603,BEN_09523,Marathahalli,2021-02-26,16,0,0,0,0,0,0,0,0,0,0.0,0.234806,0,0.0,0,190,2,4,0.525,0.0826,GREEN,46,Bengaluru
CLM0029604,BEN_09309,Rajajinagar,2023-06-22,18,0,0,0,0,0,0,0,0,0,0.0,0.0,0,0.0,0,5,2,6,0.5597,0.1159,GREEN,22,Bengaluru
CLM0029605,BEN_00038,Marathahalli,2021-10-28,16,0,0,0,0,0,0,1,1,0,0.0,0.376368,0,0.0,0,369,2,2,0.6522,0.1967,GREEN,48,Bengaluru
CLM0029606,BEN_04573,Indiranagar,2025-10-06,16,0,0,0,0,1,0,0,0,0,0.0,0.134829,0,0.0,0,420,3,8,0.8035,0.086,GREEN,25,Bengaluru
CLM0029607,BEN_01175,Koramangala,2020-01-18,19,0,0,0,0,0,0,0,1,0,0.0,0.14466,0,0.0,0,70,2,0,0.6738,0.053,GREEN,60,Bengaluru
CLM0029608,BEN_04847,Whitefield,2023-05-20,18,0,0,0,0,0,0,0,0,1,0.0,0.195187,0,0.0,1,169,4,2,0.2761,0.1873,GREEN,21,Bengaluru
CLM0029609,BEN_07434,Marathahalli,2025-09-12,10,0,0,0,0,0,0,1,0,0,0.0,1.0,0,0.0,0,410,0,1,0.1522,0.0048,GREEN,37,Bengaluru
CLM0029610,BEN_07741,Koramangala,2021-10-26,12,0,0,0,0,0,0,0,0,0,0.0,0.319951,0,0.0,0,38,4,1,0.7724,0.0993,GREEN,40,Bengaluru
CLM0029611,BEN_06086,Electronic City,2024-04-15,13,0,0,0,0,0,0,0,0,0,1.0,0.0,0,0.0,0,264,1,2,0.4763,0.0725,GREEN,36,Bengaluru
CLM0029612,BEN_07243,Jayanagar,2021-08-15,10,0,0,0,0,1,0,0,1,0,0.0,0.113236,0,0.0,0,420,1,3,0.7641,0.2488,GREEN,30,Bengaluru
CLM0029613,BEN_04229,Jayanagar,2021-05-12,10,0,0,0,0,0,0,0,0,0,0.0,0.349251,0,0.0,0,285,4,2,0.877,0.0025,GREEN,60,Bengaluru
CLM0029614,BEN_07410,Jayanagar,2024-08-10,14,0,0,0,0,0,0,0,0,0,0.0,0.183835,0,0.0,0,174,0,5,0.98,0.0,GREEN,32,Bengaluru
CLM0029615,BEN_09447,HSR Layout,2021-05-08,20,0,0,0,0,0,0,0,0,0,0.0,0.063868,0,0.0,0,420,0,4,0.7986,0.1061,GREEN,39,Bengaluru
CLM0029616,BEN_01161,Whitefield,2024-02-02,21,0,0,0,0,0,0,0,0,0,0.0,0.107434,0,0.0,0,415,0,0,0.9365,0.0,GREEN,56,Bengaluru
CLM0029617,BEN_05116,Rajajinagar,2023-08-14,11,0,0,0,0,0,0,1,0,0,0.0,0.331972,0,0.0,0,227,1,1,0.6728,0.0,GREEN,32,Bengaluru
CLM0029618,BEN_09213,Indiranagar,2022-06-19,11,0,0,0,0,0,0,0,0,0,0.0,0.309129,0,0.0,0,342,4,6,0.6503,0.0325,GREEN,50,Bengaluru
CLM0029619,BEN_06562,Rajajinagar,2024-08-23,10,0,0,0,0,0,0,0,0,0,0.0,0.106281,0,0.0,0,420,0,5,0.05,0.0019,GREEN,34,Bengaluru
CLM0029620,BEN_04647,Jayanagar,2018-12-13,7,0,1,1,1,1,1,1,0,1,1.0,1.0,1,0.0,0,7,1,13,0.2882,0.7754,RED,44,Bengaluru
CLM0029621,BEN_00458,Jayanagar,2020-07-30,15,0,1,1,0,0,1,1,1,0,0.0,0.078959,0,0.0,1,36,2,18,0.9702,0.3823,YELLOW,43,Bengaluru
CLM0029622,BEN_06725,Indiranagar,2022-06-19,8,0,1,1,1,0,1,1,1,0,1.0,0.965776,0,1.0,1,13,1,18,0.8636,0.6206,RED,51,Bengaluru
CLM0029623,BEN_07117,Yelahanka,2024-10-31,14,0,1,1,0,0,0,0,1,0,0.0,0.105079,0,0.0,0,5,0,18,0.927,0.3454,YELLOW,36,Bengaluru
CLM0029624,BEN_09278,Electronic City,2022-11-08,10,0,1,1,1,1,0,1,0,0,0.0,1.0,1,1.0,1,5,1,18,0.8494,0.4473,YELLOW,33,Bengaluru
CLM0029625,BEN_04056,Rajajinagar,2020-04-23,11,0,1,1,1,1,0,1,1,1,1.0,0.999414,0,1.0,0,14,0,13,0.241,0.753,RED,41,Bengaluru
CLM0029626,BEN_00424,Rajajinagar,2021-04-13,7,0,1,1,1,0,1,1,0,0,1.0,0.454463,1,0.0,1,24,1,18,0.9225,0.5215,YELLOW,39,Bengaluru
CLM0029627,BEN_08100,Rajajinagar,2025-06-15,16,0,0,0,0,0,0,0,0,0,0.0,0.0,0,1.0,0,206,2,0,0.7451,0.0839,GREEN,35,Bengaluru
CLM0029628,BEN_06176,HSR Layout,2025-09-09,9,0,0,0,0,0,0,0,0,0,0.0,0.022666,0,0.0,0,420,0,3,0.0986,0.0,GREEN,55,Bengaluru
CLM0029629,BEN_05607,Yelahanka,2024-09-08,17,0,0,0,0,0,0,0,0,0,1.0,0.050041,0,0.0,0,90,0,2,0.8903,0.0331,GREEN,33,Bengaluru
CLM0029630,BEN_09974,Whitefield,2025-08-06,13,0,0,0,0,0,0,0,0,0,0.0,0.0,0,0.0,1,82,1,1,0.6767,0.1108,GREEN,49,Bengaluru
CLM0029631,BEN_05371,Jayanagar,2024-09-19,20,0,0,0,0,0,0,0,0,0,0.0,0.113698,0,0.0,0,420,3,2,0.9246,0.004,GREEN,38,Bengaluru
CLM0029632,BEN_00812,BTM Layout,2025-08-22,11,0,0,0,0,0,0,0,0,0,0.0,0.088113,0,0.0,0,211,1,7,0.5578,0.0,GREEN,41,Bengaluru
CLM0029633,BEN_07283,Yelahanka,2024-07-02,8,0,0,0,0,0,0,0,0,0,0.0,0.183704,0,1.0,0,165,4,1,0.8852,0.0459,GREEN,53,Bengaluru
CLM0029634,BEN_01172,BTM Layout,2024-12-22,15,0,0,0,0,0,0,0,0,0,0.0,0.134461,0,0.0,0,61,2,2,0.5952,0.0,GREEN,69,Bengaluru
CLM0029635,BEN_07886,Indiranagar,2024-03-17,18,0,1,1,0,0,0,0,0,0,0.0,0.238326,0,0.0,0,89,0,3,0.6688,0.0,GREEN,22,Bengaluru
CLM0029636,BEN_08837,HSR Layout,2024-08-10,11,0,0,0,0,0,0,0,0,0,0.0,0.419324,1,0.0,0,258,0,1,0.9548,0.0,GREEN,50,Bengaluru
CLM0029637,BEN_03021,BTM Layout,2024-05-06,7,0,0,0,0,1,0,0,1,0,0.0,1.0,0,0.0,0,277,0,3,0.7673,0.2588,GREEN,39,Bengaluru
CLM0029638,BEN_08763,HSR Layout,2024-11-13,12,0,0,0,0,0,0,0,0,0,0.0,0.345031,0,0.0,0,420,2,1,0.6521,0.0995,GREEN,40,Bengaluru
CLM0029639,BEN_05704,Electronic City,2024-11-07,14,0,0,0,0,0,0,0,0,1,0.0,0.438852,0,0.0,0,73,0,4,0.3091,0.1653,GREEN,23,Bengaluru
CLM0029640,BEN_00273,HSR Layout,2025-02-06,10,0,0,0,0,0,0,0,0,0,0.0,0.303116,0,0.0,1,62,2,1,0.506,0.0218,GREEN,50,Bengaluru
CLM0029641,BEN_04495,Koramangala,2023-02-05,8,0,0,0,0,0,0,0,0,0,0.0,0.198359,0,0.0,0,420,2,3,0.2043,0.0034,GREEN,51,Bengaluru
CLM0029642,BEN_09014,Marathahalli,2024-12-28,19,0,0,0,0,0,0,0,0,0,0.0,0.137925,0,0.0,0,55,2,4,0.7015,0.0,GREEN,34,Bengaluru
CLM0029643,BEN_07590,Jayanagar,2022-12-17,9,0,0,0,0,0,0,0,0,0,1.0,0.14969,1,0.0,0,372,4,4,0.7361,0.1566,GREEN,40,Bengaluru
CLM0029644,BEN_01009,HSR Layout,2021-01-02,21,0,0,0,1,0,0,0,1,0,1.0,1.0,0,1.0,0,196,1,5,0.6518,0.2467,GREEN,49,Bengaluru
CLM0029645,BEN_06000,Marathahalli,2020-05-20,18,0,0,0,0,1,0,0,0,0,0.0,0.098836,0,0.0,0,379,1,0,0.2958,0.2403,GREEN,39,Bengaluru
CLM0029646,BEN_09452,Jayanagar,2025-05-27,21,0,0,0,0,0,0,0,0,0,0.0,0.017865,0,0.0,1,378,4,3,0.6184,0.0387,GREEN,35,Bengaluru
CLM0029647,BEN_02048,Jayanagar,2024-08-22,16,0,0,0,0,1,0,0,0,0,0.0,0.209278,0,1.0,0,219,2,3,0.5655,0.1969,GREEN,34,Bengaluru
CLM0029648,BEN_00986,Yelahanka,2022-04-05,18,0,0,0,0,0,0,0,0,0,0.0,0.262529,0,0.0,0,271,0,0,0.4679,0.0438,GREEN,49,Bengaluru
CLM0029649,BEN_07285,Marathahalli,2022-09-23,10,0,0,0,0,0,0,0,0,0,0.0,0.963304,0,0.0,0,420,3,1,0.5403,0.0721,GREEN,40,Bengaluru
CLM0029650,BEN_00138,Koramangala,2025-05-14,9,0,0,0,0,0,0,0,0,0,1.0,0.336052,0,0.0,0,36,2,0,0.5657,0.1172,GREEN,28,Bengaluru
CLM0029651,BEN_08959,Rajajinagar,2021-06-10,14,0,0,0,0,0,1,0,0,0,0.0,0.219751,0,0.0,0,288,1,1,0.5997,0.0906,GREEN,24,Bengaluru
CLM0029652,BEN_05796,Indiranagar,2023-11-26,17,0,0,0,0,0,1,0,0,0,0.0,0.021789,0,1.0,0,279,0,0,0.6941,0.0992,GREEN,43,Bengaluru
CLM0029653,BEN_07445,Whitefield,2025-01-04,9,0,0,0,0,0,0,0,0,0,0.0,0.174781,0,0.0,0,24,2,5,0.9357,0.0682,GREEN,49,Bengaluru
CLM0029654,BEN_01921,Yelahanka,2024-12-04,13,0,0,0,0,0,0,0,0,0,0.0,0.112727,0,0.0,0,420,3,3,0.98,0.0346,GREEN,50,Bengaluru
CLM0029655,BEN_06148,Whitefield,2024-04-30,13,0,0,0,0,0,0,0,0,0,0.0,0.387209,0,1.0,0,226,3,2,0.8188,0.0,GREEN,57,Bengaluru
CLM0029656,BEN_06577,Koramangala,2024-08-22,11,0,0,0,0,0,0,0,0,0,0.0,0.210424,0,0.0,0,55,0,3,0.7054,0.0172,GREEN,49,Bengaluru
CLM0029657,BEN_06293,Whitefield,2024-07-23,11,0,0,0,0,0,0,0,0,0,0.0,0.320797,0,0.0,0,337,1,5,0.6422,0.0,GREEN,62,Bengaluru
CLM0029658,BEN_06922,Marathahalli,2021-05-26,20,0,0,0,0,0,0,0,0,0,0.0,0.228217,0,0.0,0,183,1,4,0.5962,0.0,GREEN,51,Bengaluru
CLM0029659,BEN_06747,Electronic City,2023-10-28,12,0,0,0,0,0,0,0,0,0,0.0,1.0,0,0.0,0,123,1,4,0.7155,0.0,GREEN,38,Bengaluru
CLM0029660,BEN_03780,Jayanagar,2019-09-09,10,0,0,0,0,0,0,1,0,1,1.0,0.414643,0,0.0,0,235,1,0,0.8615,0.2526,GREEN,38,Bengaluru
CLM0029661,BEN_08803,Electronic City,2017-07-16,11,0,0,0,0,0,0,0,0,0,0.0,0.33832,0,0.0,0,332,3,1,0.6697,0.0,GREEN,50,Bengaluru
CLM0029662,BEN_05506,Electronic City,2019-03-31,18,0,0,0,0,0,0,0,0,0,0.0,0.26445,0,0.0,0,379,0,1,0.98,0.0,GREEN,55,Bengaluru
CLM0029663,BEN_01063,Whitefield,2024-03-16,8,0,0,0,0,1,0,0,0,0,0.0,0.190219,0,1.0,0,420,3,1,0.6216,0.217,GREEN,37,Bengaluru
CLM0029664,BEN_05599,Marathahalli,2018-01-04,10,0,0,0,0,0,0,0,0,0,0.0,0.05365,0,0.0,0,420,1,0,0.3682,0.0,GREEN,46,Bengaluru
CLM0029665,BEN_00113,Indiranagar,2019-06-12,13,0,0,0,0,0,0,0,0,0,0.0,0.048279,0,0.0,0,14,3,0,0.98,0.0065,GREEN,41,Bengaluru
CLM0029666,BEN_01344,Yelahanka,2015-07-15,20,0,0,0,0,0,0,0,1,0,0.0,0.025647,0,0.0,0,58,3,2,0.5827,0.1739,GREEN,58,Bengaluru
CLM0029667,BEN_03830,Marathahalli,2025-12-17,11,0,0,0,0,0,0,0,0,0,0.0,0.217191,0,1.0,0,265,0,0,0.98,0.1047,GREEN,50,Bengaluru
CLM0029668,BEN_03405,Indiranagar,2024-06-29,16,0,0,0,0,0,0,0,0,0,0.0,1.0,0,0.0,0,420,4,4,0.8393,0.0,GREEN,46,Bengaluru
CLM0029669,BEN_06684,Marathahalli,2025-08-12,8,0,0,0,0,0,0,0,0,0,0.0,0.324084,0,0.0,0,407,3,3,0.6797,0.0,GREEN,43,Bengaluru
CLM0029670,BEN_07707,Rajajinagar,2025-11-10,21,0,0,0,0,0,0,0,0,0,0.0,0.076319,0,0.0,0,277,3,0,0.8077,0.0331,GREEN,62,Bengaluru
CLM0029671,BEN_02036,BTM Layout,2024-09-02,11,0,0,0,0,1,1,0,0,0,0.0,0.182202,0,0.0,0,48,0,2,0.5838,0.1557,GREEN,64,Bengaluru
CLM0029672,BEN_09849,Rajajinagar,2025-02-01,12,0,1,1,0,0,0,0,0,0,0.0,1.0,0,1.0,0,30,1,5,0.05,0.0425,GREEN,37,Bengaluru
CLM0029673,BEN_00642,HSR Layout,2024-11-13,11,0,1,1,0,0,0,0,0,0,0.0,0.452269,0,0.0,0,376,0,3,0.733,0.1224,GREEN,35,Bengaluru
CLM0029674,BEN_03514,HSR Layout,2025-02-15,18,0,0,0,0,0,0,0,0,0,1.0,0.237583,0,0.0,0,380,1,1,0.1445,0.0963,GREEN,52,Bengaluru
CLM0029675,BEN_00358,Whitefield,2024-07-06,19,0,0,0,0,0,1,0,0,0,0.0,0.321154,0,0.0,0,392,0,2,0.6576,0.0917,GREEN,35,Bengaluru
CLM0029676,BEN_02054,HSR Layout,2025-08-21,20,0,0,0,0,0,0,1,0,0,0.0,0.126755,0,0.0,0,316,3,0,0.2533,0.053,GREEN,38,Bengaluru
CLM0029677,BEN_00147,Jayanagar,2020-10-05,18,0,0,0,0,0,0,0,0,0,1.0,0.25322,0,0.0,0,420,1,2,0.8808,0.0936,GREEN,52,Bengaluru
CLM0029678,BEN_04041,Whitefield,2023-07-14,18,0,0,0,0,0,0,0,0,0,0.0,0.042804,0,0.0,0,183,0,5,0.5962,0.0,GREEN,30,Bengaluru
CLM0029679,BEN_04010,HSR Layout,2018-03-30,9,0,0,0,0,0,0,0,1,0,0.0,0.045522,0,0.0,1,65,1,2,0.0739,0.1314,GREEN,48,Bengaluru
CLM0029680,BEN_06060,Indiranagar,2018-04-01,8,0,1,1,0,0,0,0,0,0,0.0,0.149724,0,0.0,0,103,0,2,0.5617,0.0139,GREEN,46,Bengaluru
CLM0029681,BEN_03503,Marathahalli,2023-01-13,16,0,0,0,0,0,0,0,0,0,0.0,0.127634,0,0.0,0,213,3,0,0.98,0.0334,GREEN,54,Bengaluru
CLM0029682,BEN_03968,HSR Layout,2017-09-25,8,0,0,0,0,0,0,0,1,0,1.0,0.237717,0,0.0,0,420,0,4,0.05,0.2243,GREEN,43,Bengaluru
CLM0029683,BEN_04004,HSR Layout,2023-09-30,9,0,0,0,0,0,0,0,0,0,1.0,0.947149,0,0.0,0,420,0,3,0.8249,0.1638,GREEN,35,Bengaluru
CLM0029684,BEN_08855,Jayanagar,2024-04-30,16,0,0,0,0,0,0,0,0,0,0.0,0.295205,0,0.0,0,103,3,2,0.5911,0.0458,GREEN,52,Bengaluru
CLM0029685,BEN_04684,Electronic City,2024-05-31,12,0,0,0,0,0,0,0,0,0,0.0,0.080874,0,0.0,0,125,1,7,0.98,0.0,GREEN,50,Bengaluru
CLM0029686,BEN_02998,HSR Layout,2020-11-14,14,0,0,0,0,0,0,0,0,0,0.0,0.194886,0,0.0,0,70,3,2,0.894,0.1121,GREEN,58,Bengaluru
CLM0029687,BEN_06251,Electronic City,2022-09-22,21,0,0,0,0,0,0,0,0,1,0.0,0.435667,0,0.0,0,270,3,1,0.5564,0.072,GREEN,54,Bengaluru
CLM0029688,BEN_00830,HSR Layout,2024-07-25,15,0,0,0,0,0,1,0,0,1,0.0,0.100317,0,0.0,0,420,2,0,0.5437,0.1333,GREEN,42,Bengaluru
CLM0029689,BEN_01252,Koramangala,2018-03-20,18,0,0,0,0,0,0,0,0,0,0.0,0.274128,0,0.0,0,137,0,0,0.1068,0.0136,GREEN,18,Bengaluru
CLM0029690,BEN_05831,HSR Layout,2020-01-04,10,0,0,0,0,0,0,0,0,0,0.0,0.095999,0,0.0,0,420,1,1,0.6875,0.0399,GREEN,35,Bengaluru
CLM0029691,BEN_06095,Koramangala,2023-04-15,15,0,0,0,0,1,0,0,0,0,1.0,0.381288,0,0.0,0,420,1,0,0.5104,0.0991,GREEN,56,Bengaluru
CLM0029692,BEN_03276,Yelahanka,2025-10-05,13,0,0,0,0,0,0,0,0,0,1.0,0.919669,0,1.0,0,248,4,0,0.7854,0.0208,GREEN,47,Bengaluru
CLM0029693,BEN_01243,Yelahanka,2023-08-29,15,0,0,0,0,0,1,0,0,0,0.0,0.071852,0,0.0,0,43,0,4,0.7739,0.1064,GREEN,51,Bengaluru
CLM0029694,BEN_03003,Electronic City,2020-12-10,20,0,0,0,0,0,1,0,0,0,0.0,0.082484,0,0.0,0,412,4,3,0.6538,0.0649,GREEN,28,Bengaluru
CLM0029695,BEN_08030,HSR Layout,2025-10-15,11,0,0,0,0,0,0,1,0,0,0.0,0.316459,0,0.0,1,233,0,3,0.5328,0.2801,GREEN,46,Bengaluru
CLM0029696,BEN_06696,Koramangala,2020-05-26,9,0,0,0,0,0,0,1,0,0,0.0,0.302582,0,0.0,0,420,3,0,0.7927,0.1387,GREEN,53,Bengaluru
CLM0029697,BEN_05204,BTM Layout,2023-05-30,14,0,0,0,1,0,0,0,0,1,1.0,0.04129,0,1.0,1,23,1,18,0.2421,0.0561,GREEN,37,Bengaluru
CLM0029698,BEN_04123,Jayanagar,2019-01-26,14,0,0,0,0,0,0,0,0,0,0.0,0.153751,0,0.0,0,313,1,2,0.9017,0.0166,GREEN,46,Bengaluru
CLM0029699,BEN_07321,Rajajinagar,2022-04-27,17,0,0,0,0,0,0,0,0,0,0.0,0.235118,0,0.0,0,87,2,4,0.6987,0.0,GREEN,57,Bengaluru
CLM0029700,BEN_07888,Yelahanka,2018-07-05,13,0,0,0,0,0,0,0,0,0,0.0,0.239067,0,0.0,0,420,2,1,0.6778,0.0124,GREEN,40,Bengaluru
CLM0029701,BEN_00768,Marathahalli,2023-09-01,20,0,0,0,0,0,0,1,0,0,0.0,0.066532,0,0.0,0,259,1,0,0.8608,0.0,GREEN,47,Bengaluru
CLM0029702,BEN_01487,Marathahalli,2020-07-05,15,0,0,0,0,0,0,0,0,0,0.0,0.222259,0,0.0,0,405,4,4,0.9133,0.0578,GREEN,18,Bengaluru
CLM0029703,BEN_00839,Rajajinagar,2022-05-16,15,0,0,0,0,0,0,0,0,0,0.0,0.276745,0,1.0,0,169,4,2,0.6658,0.0,GREEN,33,Bengaluru
CLM0029704,BEN_08527,Yelahanka,2025-09-08,15,0,1,1,0,0,0,0,0,0,0.0,0.335797,0,0.0,0,386,0,0,0.9701,0.0,GREEN,47,Bengaluru
CLM0029705,BEN_06307,Koramangala,2022-04-14,19,0,0,0,0,0,0,0,0,0,0.0,0.206485,0,0.0,0,21,1,1,0.9213,0.077,GREEN,43,Bengaluru
CLM0029706,BEN_01318,BTM Layout,2025-07-24,20,0,1,1,0,0,0,0,0,0,0.0,0.085405,0,0.0,0,324,1,1,0.6692,0.0003,GREEN,41,Bengaluru
CLM0029707,BEN_01177,Jayanagar,2025-06-09,14,0,0,0,0,0,0,0,0,0,0.0,0.366299,0,0.0,0,366,4,3,0.7892,0.0,GREEN,49,Bengaluru
CLM0029708,BEN_07725,Koramangala,2022-10-28,12,0,0,0,0,0,0,1,0,0,0.0,0.314266,0,0.0,0,180,2,3,0.8582,0.0,GREEN,25,Bengaluru
CLM0029709,BEN_01337,Jayanagar,2022-04-06,9,0,0,0,1,1,0,1,1,1,1.0,0.957687,0,1.0,0,5,2,17,0.2533,0.0,GREEN,46,Bengaluru
CLM0029710,BEN_00659,Yelahanka,2023-11-07,8,0,0,0,0,0,0,0,1,0,1.0,0.961756,0,0.0,0,420,1,4,0.6197,0.0727,GREEN,42,Bengaluru
CLM0029711,BEN_01156,Rajajinagar,2020-12-07,7,0,0,0,0,0,0,0,0,0,0.0,0.154841,0,0.0,0,133,1,5,0.7978,0.0597,GREEN,37,Bengaluru
CLM0029712,BEN_03328,BTM Layout,2020-12-31,19,0,0,0,1,0,1,1,1,1,0.0,0.169026,0,0.0,1,13,2,18,0.9107,0.0945,GREEN,64,Bengaluru
CLM0029713,BEN_03127,Whitefield,2021-06-14,14,0,1,1,0,0,0,1,0,0,0.0,0.027216,0,0.0,0,333,2,5,0.2482,0.0165,GREEN,38,Bengaluru
CLM0029714,BEN_07915,Indiranagar,2023-03-06,7,0,0,0,0,0,0,0,0,0,0.0,0.276182,0,1.0,0,121,3,8,0.6045,0.0459,GREEN,46,Bengaluru
CLM0029715,BEN_06689,Marathahalli,2020-07-07,19,0,0,0,0,0,1,0,0,0,0.0,0.443195,0,0.0,0,84,1,5,0.7775,0.1022,GREEN,59,Bengaluru
CLM0029716,BEN_00511,Koramangala,2024-11-24,9,0,0,0,0,0,0,0,0,0,0.0,0.117508,0,0.0,0,400,1,6,0.6345,0.0984,GREEN,40,Bengaluru
CLM0029717,BEN_01548,Indiranagar,2022-12-24,10,0,0,0,0,0,1,0,0,0,0.0,0.337695,0,0.0,0,307,4,0,0.98,0.0541,GREEN,44,Bengaluru
CLM0029718,BEN_03257,Whitefield,2020-02-27,21,0,0,0,0,0,0,0,0,0,0.0,0.199326,0,0.0,0,140,4,2,0.4664,0.0327,GREEN,54,Bengaluru
CLM0029719,BEN_01442,Jayanagar,2018-02-14,13,0,0,0,0,0,0,0,0,0,0.0,0.132084,0,0.0,0,420,2,3,0.98,0.0587,GREEN,52,Bengaluru
CLM0029720,BEN_03449,Yelahanka,2020-08-30,15,0,0,0,0,0,0,0,0,0,0.0,0.356913,0,0.0,1,420,4,2,0.7572,0.0898,GREEN,48,Bengaluru
CLM0029721,BEN_07907,Marathahalli,2023-03-15,14,0,0,0,0,0,0,0,1,0,0.0,1.0,0,0.0,0,279,3,4,0.6411,0.0,GREEN,33,Bengaluru
CLM0029722,BEN_05246,Koramangala,2022-12-02,13,0,0,0,0,0,0,0,0,1,0.0,0.313525,0,0.0,0,18,4,1,0.9333,0.0695,GREEN,61,Bengaluru
CLM0029723,BEN_03460,Yelahanka,2021-02-19,21,0,0,0,0,0,1,0,0,0,0.0,0.422467,0,0.0,0,420,0,3,0.7544,0.0981,GREEN,64,Bengaluru
CLM0029724,BEN_08050,BTM Layout,2020-08-13,18,0,0,0,1,1,0,1,1,1,0.0,0.076434,1,0.0,0,5,1,18,0.8329,0.0,GREEN,44,Bengaluru
CLM0029725,BEN_02016,Electronic City,2024-01-29,18,0,0,0,0,0,0,0,0,0,0.0,0.0,0,0.0,0,127,1,3,0.3752,0.0776,GREEN,28,Bengaluru
CLM0029726,BEN_01884,Jayanagar,2024-08-25,8,0,0,0,0,0,0,0,0,0,0.0,0.101898,0,0.0,0,420,3,1,0.1638,0.0053,GREEN,35,Bengaluru
CLM0029727,BEN_09148,Jayanagar,2024-07-18,21,0,0,0,0,0,0,0,0,0,1.0,0.316016,0,0.0,0,325,2,5,0.9299,0.1151,GREEN,46,Bengaluru
CLM0029728,BEN_00761,Whitefield,2022-05-14,21,0,0,0,0,0,0,0,0,0,0.0,0.0,0,0.0,0,54,4,0,0.7222,0.0026,GREEN,28,Bengaluru
CLM0029729,BEN_06998,BTM Layout,2021-03-09,21,0,0,0,0,0,0,0,0,0,0.0,0.937239,0,0.0,0,279,1,1,0.5723,0.0322,GREEN,39,Bengaluru
CLM0029730,BEN_09473,Marathahalli,2020-08-27,7,0,0,0,0,0,0,0,0,0,0.0,0.322611,0,0.0,0,196,2,0,0.98,0.1399,GREEN,48,Bengaluru
CLM0029731,BEN_02186,Yelahanka,2025-10-31,12,0,0,0,0,0,0,0,0,0,0.0,0.052767,0,0.0,0,218,4,0,0.7964,0.0178,GREEN,55,Bengaluru
CLM0029732,BEN_02031,Koramangala,2025-11-05,19,0,0,0,1,1,0,0,0,1,0.0,0.172787,0,0.0,0,5,2,18,0.2513,0.0,GREEN,36,Bengaluru
CLM0029733,BEN_00912,Marathahalli,2025-07-10,13,0,0,0,0,0,0,0,0,1,0.0,1.0,0,0.0,1,388,2,2,0.7937,0.1388,GREEN,28,Bengaluru
CLM0029734,BEN_03972,Indiranagar,2022-05-14,14,0,0,0,0,0,0,0,0,0,0.0,0.001858,0,0.0,0,137,2,4,0.6881,0.0,GREEN,41,Bengaluru
CLM0029735,BEN_02038,Rajajinagar,2023-05-04,21,0,0,0,0,0,0,0,0,0,0.0,0.073978,0,0.0,0,82,4,1,0.8303,0.0292,GREEN,31,Bengaluru
CLM0029736,BEN_05761,Koramangala,2022-07-26,7,0,0,0,0,0,0,0,0,0,0.0,0.017616,0,0.0,1,420,4,0,0.0983,0.033,GREEN,31,Bengaluru
CLM0029737,BEN_05654,HSR Layout,2021-11-02,17,0,0,0,0,0,0,0,0,1,0.0,0.253465,0,0.0,1,197,0,0,0.2497,0.0626,GREEN,40,Bengaluru
CLM0029738,BEN_00265,BTM Layout,2023-02-11,17,0,0,0,0,0,0,0,0,0,0.0,0.01252,0,0.0,0,260,3,2,0.5629,0.0623,GREEN,47,Bengaluru
CLM0029739,BEN_07414,Rajajinagar,2025-10-16,21,0,0,0,0,0,0,0,1,1,0.0,0.30028,0,0.0,0,195,1,3,0.9342,0.24,GREEN,37,Bengaluru
CLM0029740,BEN_01746,Indiranagar,2023-10-15,13,0,0,0,0,0,0,0,0,0,0.0,0.354614,0,0.0,0,100,1,5,0.9291,0.0,GREEN,55,Bengaluru
CLM0029741,BEN_09116,BTM Layout,2025-05-29,19,0,0,0,0,0,0,1,0,1,1.0,0.89858,0,1.0,0,317,1,2,0.4355,0.3488,YELLOW,21,Bengaluru
CLM0029742,BEN_04880,Marathahalli,2024-12-07,14,0,0,0,0,0,0,0,0,0,0.0,0.258373,0,0.0,0,126,1,0,0.5218,0.0,GREEN,49,Bengaluru
CLM0029743,BEN_03790,Electronic City,2023-07-14,16,0,0,0,0,0,0,0,0,0,0.0,0.368843,0,0.0,0,167,1,1,0.5154,0.0,GREEN,24,Bengaluru
CLM0029744,BEN_06786,Indiranagar,2023-09-05,19,0,1,1,0,0,0,0,1,0,0.0,0.0906,0,0.0,0,338,1,3,0.5576,0.1082,GREEN,45,Bengaluru
CLM0029745,BEN_01452,HSR Layout,2022-03-07,16,0,0,0,0,0,0,0,0,0,1.0,0.42041,0,0.0,0,420,1,2,0.7396,0.033,GREEN,30,Bengaluru
CLM0029746,BEN_07499,BTM Layout,2019-03-19,12,0,0,0,1,0,1,0,1,1,1.0,0.111561,0,0.0,1,5,0,18,0.305,0.0197,GREEN,53,Bengaluru
CLM0029747,BEN_04555,Yelahanka,2022-09-05,7,0,0,0,0,0,0,0,0,0,0.0,0.281186,0,0.0,0,205,4,1,0.4751,0.0,GREEN,58,Bengaluru
CLM0029748,BEN_00810,Marathahalli,2015-11-27,19,0,0,0,0,0,0,0,0,0,0.0,0.063574,0,0.0,0,261,0,0,0.7281,0.0102,GREEN,42,Bengaluru
CLM0029749,BEN_06241,Jayanagar,2021-08-06,20,0,0,0,1,0,0,0,0,0,0.0,0.231012,0,0.0,0,29,3,4,0.804,0.309,GREEN,51,Bengaluru
CLM0029750,BEN_03648,Rajajinagar,2024-02-15,10,0,0,0,0,0,0,0,0,0,0.0,0.391107,0,0.0,0,420,2,2,0.7327,0.0121,GREEN,52,Bengaluru
CLM0029751,BEN_08603,Jayanagar,2020-02-05,8,0,0,0,0,0,0,0,0,0,0.0,0.444737,0,0.0,0,242,0,6,0.9189,0.0142,GREEN,54,Bengaluru
CLM0029752,BEN_09718,Marathahalli,2016-02-21,16,0,0,0,0,0,1,0,0,0,0.0,0.461689,0,1.0,0,341,0,0,0.6738,0.0931,GREEN,49,Bengaluru
CLM0029753,BEN_06695,Indiranagar,2023-11-18,10,0,0,0,0,0,0,0,0,0,0.0,0.075365,0,0.0,0,164,3,4,0.1929,0.0,GREEN,44,Bengaluru
CLM0029754,BEN_04732,Yelahanka,2018-07-27,21,0,0,0,0,0,0,0,0,0,0.0,0.270797,0,0.0,0,108,0,5,0.8769,0.0089,GREEN,38,Bengaluru
CLM0029755,BEN_01386,Electronic City,2016-01-06,12,0,0,0,0,0,1,0,0,0,0.0,0.182939,1,0.0,0,420,4,4,0.9078,0.2148,GREEN,32,Bengaluru
CLM0029756,BEN_04601,Jayanagar,2021-06-11,9,0,0,0,0,0,1,0,0,0,0.0,0.0,0,0.0,0,420,3,0,0.8361,0.0,GREEN,40,Bengaluru
CLM0029757,BEN_02243,Indiranagar,2021-09-28,10,0,1,1,0,0,0,0,0,0,0.0,0.061541,0,0.0,0,265,1,3,0.8452,0.0565,GREEN,45,Bengaluru
CLM0029758,BEN_09950,Electronic City,2023-05-19,17,0,0,0,0,0,0,0,0,0,0.0,0.941627,0,0.0,0,220,0,0,0.6392,0.0,GREEN,67,Bengaluru
CLM0029759,BEN_04694,Rajajinagar,2025-03-23,20,0,0,0,0,0,0,0,0,0,0.0,0.258172,0,0.0,0,410,4,6,0.693,0.0438,GREEN,49,Bengaluru
CLM0029760,BEN_08752,HSR Layout,2022-02-21,9,0,0,0,0,0,0,1,0,0,0.0,0.0,0,0.0,0,67,3,0,0.1413,0.0723,GREEN,66,Bengaluru
CLM0029761,BEN_00462,Electronic City,2022-11-26,10,0,0,0,0,0,0,0,0,0,1.0,1.0,0,1.0,0,143,1,0,0.8486,0.0,GREEN,59,Bengaluru
CLM0029762,BEN_01147,HSR Layout,2022-05-28,16,0,0,0,0,0,0,0,1,0,1.0,0.246654,0,0.0,0,377,0,3,0.8262,0.1378,GREEN,45,Bengaluru
CLM0029763,BEN_04950,Marathahalli,2021-03-14,21,0,0,0,0,0,0,0,0,0,0.0,0.10588,0,0.0,0,420,0,4,0.8005,0.0128,GREEN,55,Bengaluru
CLM0029764,BEN_05953,Indiranagar,2025-06-17,14,0,0,0,0,0,0,1,0,0,0.0,0.173803,0,0.0,0,314,0,4,0.6025,0.0464,GREEN,56,Bengaluru
CLM0029765,BEN_02087,Yelahanka,2025-03-07,14,0,0,0,0,1,0,0,0,1,0.0,0.209577,0,0.0,0,32,3,4,0.5939,0.2206,GREEN,43,Bengaluru
CLM0029766,BEN_06002,Marathahalli,2024-08-28,20,0,0,0,0,0,0,0,0,0,0.0,1.0,0,0.0,0,293,3,5,0.6174,0.0,GREEN,52,Bengaluru
CLM0029767,BEN_07898,Marathahalli,2021-09-26,20,0,0,0,0,0,0,0,0,0,0.0,0.171557,0,0.0,0,336,1,0,0.7604,0.0257,GREEN,43,Bengaluru
CLM0029768,BEN_08033,BTM Layout,2017-10-15,12,0,0,0,0,0,0,0,1,0,0.0,0.107943,0,0.0,0,420,0,3,0.9205,0.1053,GREEN,37,Bengaluru
CLM0029769,BEN_01499,Whitefield,2015-07-29,21,0,1,1,0,0,0,0,0,0,0.0,0.0,0,0.0,0,373,2,0,0.6539,0.0021,GREEN,58,Bengaluru
CLM0029770,BEN_01974,Jayanagar,2022-05-06,15,0,0,0,0,0,0,0,0,0,0.0,0.140984,0,0.0,1,157,2,2,0.6317,0.2232,GREEN,23,Bengaluru
CLM0029771,BEN_08407,Jayanagar,2022-07-12,10,0,1,1,0,0,0,0,0,0,0.0,0.126715,0,0.0,0,274,2,0,0.7757,0.0,GREEN,47,Bengaluru
CLM0029772,BEN_07976,Koramangala,2021-01-12,8,0,0,0,0,0,0,0,0,0,0.0,0.164916,0,0.0,0,359,4,3,0.98,0.0728,GREEN,58,Bengaluru
CLM0029773,BEN_04456,Indiranagar,2024-01-16,14,0,0,0,0,0,0,0,0,0,0.0,0.099737,0,0.0,0,235,2,1,0.98,0.0038,GREEN,47,Bengaluru
CLM0029774,BEN_09814,Marathahalli,2024-04-01,16,0,0,0,0,0,0,1,0,0,0.0,0.336366,0,0.0,0,20,3,0,0.748,0.0,GREEN,47,Bengaluru
CLM0029775,BEN_01147,HSR Layout,2024-10-11,7,0,0,0,0,0,0,0,0,0,0.0,0.201834,0,0.0,0,17,0,4,0.6354,0.0,GREEN,45,Bengaluru
CLM0029776,BEN_02380,Whitefield,2023-12-10,7,0,0,0,0,0,0,0,0,0,1.0,0.272447,0,0.0,0,209,0,3,0.98,0.0187,GREEN,40,Bengaluru
CLM0029777,BEN_03965,Koramangala,2025-04-22,12,0,0,0,0,0,0,0,1,0,0.0,0.052633,0,0.0,1,336,1,4,0.8823,0.1563,GREEN,38,Bengaluru
CLM0029778,BEN_08123,Indiranagar,2020-12-02,10,0,0,0,0,0,0,0,0,0,0.0,0.390624,0,0.0,0,415,3,2,0.9538,0.0425,GREEN,37,Bengaluru
CLM0029779,BEN_03002,Marathahalli,2022-11-29,21,0,0,0,0,0,0,1,0,0,0.0,0.107718,0,1.0,1,357,0,0,0.8702,0.0837,GREEN,62,Bengaluru
CLM0029780,BEN_03315,Whitefield,2022-04-07,8,0,0,0,0,0,0,0,0,0,1.0,0.191533,0,0.0,0,300,2,3,0.9605,0.0746,GREEN,42,Bengaluru
CLM0029781,BEN_04473,Koramangala,2022-04-04,7,0,0,0,0,0,0,0,0,0,0.0,0.088798,0,0.0,0,54,1,2,0.9063,0.0,GREEN,47,Bengaluru
CLM0029782,BEN_09597,Electronic City,2021-12-02,7,0,0,0,0,0,0,0,0,0,1.0,0.929379,0,1.0,0,403,3,3,0.2879,0.0383,GREEN,44,Bengaluru
CLM0029783,BEN_05814,Jayanagar,2025-09-17,18,0,0,0,0,0,1,0,0,0,0.0,0.043061,0,0.0,0,50,4,2,0.9316,0.1022,GREEN,37,Bengaluru
CLM0029784,BEN_05649,Koramangala,2022-03-29,8,0,0,0,0,0,0,0,0,0,0.0,0.193224,0,0.0,0,222,4,2,0.7979,0.0,GREEN,48,Bengaluru
CLM0029785,BEN_08317,Rajajinagar,2024-04-06,21,0,0,0,1,0,0,0,0,0,0.0,0.444,0,0.0,0,225,2,0,0.98,0.1731,GREEN,53,Bengaluru
CLM0029786,BEN_01085,Jayanagar,2023-10-12,14,0,0,0,0,1,0,0,0,0,0.0,0.246637,0,0.0,0,361,3,3,0.8958,0.1948,GREEN,30,Bengaluru
CLM0029787,BEN_06524,Jayanagar,2023-10-11,11,0,0,0,0,1,0,0,0,0,1.0,0.231467,0,0.0,0,278,0,5,0.6459,0.2026,GREEN,48,Bengaluru
CLM0029788,BEN_08304,Rajajinagar,2023-04-28,8,0,0,0,0,0,0,0,0,0,0.0,1.0,0,0.0,1,411,4,1,0.05,0.0,GREEN,39,Bengaluru
CLM0029789,BEN_07596,BTM Layout,2024-01-16,21,0,0,0,0,0,0,0,0,0,0.0,0.334606,0,0.0,0,294,1,0,0.7549,0.0,GREEN,53,Bengaluru
CLM0029790,BEN_06456,BTM Layout,2024-06-30,10,0,0,0,0,0,1,0,0,0,0.0,0.487008,0,1.0,0,257,1,2,0.6046,0.0461,GREEN,30,Bengaluru
CLM0029791,BEN_02621,HSR Layout,2025-04-09,16,0,0,0,0,0,0,0,0,0,0.0,1.0,0,0.0,0,163,0,4,0.1356,0.0253,GREEN,40,Bengaluru
CLM0029792,BEN_06127,BTM Layout,2024-03-21,14,0,0,0,0,1,0,0,0,1,0.0,0.166946,0,0.0,0,87,0,1,0.1183,0.2556,GREEN,58,Bengaluru
CLM0029793,BEN_04369,HSR Layout,2025-04-27,15,0,0,0,0,0,0,0,0,0,0.0,0.279036,0,0.0,0,350,4,1,0.6401,0.0214,GREEN,55,Bengaluru
CLM0029794,BEN_00123,HSR Layout,2024-03-31,18,0,0,0,0,0,0,0,0,0,1.0,0.362001,0,0.0,0,166,0,1,0.2044,0.0536,GREEN,18,Bengaluru
CLM0029795,BEN_08856,Jayanagar,2025-07-20,13,0,0,0,0,0,0,0,0,0,0.0,0.022928,0,0.0,0,88,1,6,0.5879,0.0,GREEN,49,Bengaluru
CLM0029796,BEN_09584,Rajajinagar,2024-08-02,11,0,0,0,0,0,0,0,0,0,0.0,0.366625,0,0.0,0,370,0,5,0.98,0.049,GREEN,46,Bengaluru
CLM0029797,BEN_05235,Marathahalli,2025-08-07,9,0,0,0,1,0,1,0,0,0,0.0,0.275002,0,0.0,0,252,3,4,0.5357,0.2729,GREEN,42,Bengaluru
CLM0029798,BEN_02554,BTM Layout,2023-12-19,12,0,1,1,0,0,0,0,0,0,0.0,1.0,0,0.0,0,337,2,4,0.5592,0.0,GREEN,39,Bengaluru
CLM0029799,BEN_03230,Yelahanka,2024-01-04,13,0,0,0,0,0,0,0,0,0,0.0,0.129141,0,0.0,0,320,2,1,0.537,0.0,GREEN,42,Bengaluru
CLM0029800,BEN_09776,Indiranagar,2024-05-17,10,0,0,0,0,0,0,0,0,0,0.0,0.898064,0,0.0,0,358,3,4,0.6369,0.093,GREEN,24,Bengaluru
CLM0029801,BEN_02970,Jayanagar,2024-03-10,17,0,0,0,0,0,1,0,0,0,0.0,0.380903,0,0.0,0,187,4,3,0.9585,0.1201,GREEN,29,Bengaluru
CLM0029802,BEN_02803,Whitefield,2025-07-28,7,0,0,0,0,0,0,0,0,0,0.0,0.331673,0,0.0,0,150,4,2,0.6947,0.0,GREEN,28,Bengaluru
CLM0029803,BEN_07788,Indiranagar,2022-05-27,18,0,0,0,0,0,0,0,0,0,0.0,0.08727,0,0.0,0,109,4,0,0.2055,0.0,GREEN,26,Bengaluru
CLM0029804,BEN_06252,Jayanagar,2022-01-18,21,0,0,0,0,0,0,0,0,0,1.0,0.98539,0,1.0,1,115,0,0,0.8713,0.1446,GREEN,45,Bengaluru
CLM0029805,BEN_05255,HSR Layout,2019-03-05,9,0,0,0,0,0,1,0,0,0,0.0,0.900625,0,0.0,0,420,3,0,0.6164,0.2072,GREEN,57,Bengaluru
CLM0029806,BEN_04793,Whitefield,2018-07-05,20,0,0,0,0,0,1,0,0,0,0.0,0.079002,0,0.0,0,25,3,1,0.7719,0.2767,GREEN,35,Bengaluru
CLM0029807,BEN_06789,Koramangala,2022-02-24,10,0,0,0,0,0,0,0,0,0,0.0,0.223645,0,0.0,0,60,3,3,0.7807,0.0115,GREEN,55,Bengaluru
CLM0029808,BEN_05158,Whitefield,2018-09-01,7,0,0,0,0,0,0,0,0,0,0.0,0.274481,1,0.0,0,249,3,0,0.7744,0.0301,GREEN,23,Bengaluru
CLM0029809,BEN_04470,HSR Layout,2021-11-10,11,0,0,0,0,0,1,0,1,0,0.0,0.042045,0,0.0,0,300,0,0,0.5368,0.3634,YELLOW,48,Bengaluru
CLM0029810,BEN_08022,Indiranagar,2016-11-25,15,0,1,1,0,0,0,0,0,1,1.0,0.067577,0,0.0,0,305,2,3,0.856,0.1786,GREEN,53,Bengaluru
CLM0029811,BEN_03887,Koramangala,2025-07-29,13,0,0,0,0,0,0,0,0,0,0.0,0.186982,0,0.0,0,420,1,2,0.8864,0.0,GREEN,44,Bengaluru
CLM0029812,BEN_08773,Koramangala,2023-12-12,7,0,0,0,0,1,0,1,1,1,1.0,0.963229,0,1.0,1,23,3,18,0.05,0.0089,GREEN,47,Bengaluru
CLM0029813,BEN_03336,Indiranagar,2025-04-05,8,0,0,0,0,0,0,0,0,1,0.0,0.485778,0,0.0,0,41,4,6,0.7982,0.1499,GREEN,51,Bengaluru
CLM0029814,BEN_03048,BTM Layout,2025-09-04,12,0,0,0,0,0,0,0,0,0,0.0,0.98308,0,0.0,0,362,0,4,0.98,0.1121,GREEN,28,Bengaluru
CLM0029815,BEN_04870,Electronic City,2025-01-16,18,0,0,0,1,1,1,0,0,1,1.0,0.508342,0,0.0,1,5,4,18,0.9585,0.2073,GREEN,41,Bengaluru
CLM0029816,BEN_09666,Koramangala,2022-03-06,21,0,0,0,0,0,0,0,0,0,0.0,0.101099,0,0.0,0,94,3,2,0.1262,0.0,GREEN,36,Bengaluru
CLM0029817,BEN_00502,Koramangala,2025-11-04,8,0,0,0,0,1,0,0,0,0,0.0,0.0,0,0.0,0,372,3,4,0.8132,0.1306,GREEN,45,Bengaluru
CLM0029818,BEN_00284,Koramangala,2024-08-18,12,0,0,0,0,0,0,0,0,0,0.0,0.485513,0,0.0,0,265,3,8,0.8326,0.0,GREEN,34,Bengaluru
CLM0029819,BEN_07150,Rajajinagar,2017-03-13,17,0,0,0,0,0,0,0,0,0,0.0,0.306736,0,0.0,0,420,2,3,0.745,0.0313,GREEN,29,Bengaluru
CLM0029820,BEN_08836,Whitefield,2023-07-17,11,0,0,0,0,0,1,0,0,0,0.0,0.080415,0,0.0,0,184,0,3,0.1555,0.0711,GREEN,49,Bengaluru
CLM0029821,BEN_06668,BTM Layout,2019-10-08,18,0,0,0,0,0,0,0,1,0,0.0,0.229144,0,0.0,0,228,4,2,0.7999,0.1223,GREEN,50,Bengaluru
CLM0029822,BEN_03113,HSR Layout,2019-04-24,17,0,0,0,0,0,0,1,0,1,1.0,0.036923,0,0.0,0,61,0,3,0.7943,0.0691,GREEN,45,Bengaluru
CLM0029823,BEN_03405,Indiranagar,2017-08-31,20,0,0,0,0,1,0,1,0,0,0.0,0.176967,0,1.0,0,420,2,4,0.4572,0.1081,GREEN,46,Bengaluru
CLM0029824,BEN_04880,Marathahalli,2021-04-03,7,0,0,0,0,0,0,0,0,0,0.0,0.01181,0,0.0,0,420,4,5,0.98,0.0307,GREEN,49,Bengaluru
CLM0029825,BEN_05718,Indiranagar,2025-05-29,20,0,1,1,0,0,1,0,0,0,0.0,0.297722,0,0.0,0,420,3,1,0.1742,0.1423,GREEN,51,Bengaluru
CLM0029826,BEN_06519,Jayanagar,2017-05-24,13,0,0,0,0,0,0,0,1,0,0.0,1.0,0,0.0,0,41,1,5,0.05,0.0368,GREEN,42,Bengaluru
CLM0029827,BEN_08894,Koramangala,2021-10-28,9,0,0,0,0,0,0,0,0,0,0.0,0.167508,0,0.0,0,420,3,0,0.7665,0.0664,GREEN,40,Bengaluru
CLM0029828,BEN_02313,Yelahanka,2021-07-15,12,0,0,0,0,0,0,0,0,0,0.0,0.266501,0,0.0,0,147,0,2,0.5432,0.0528,GREEN,33,Bengaluru
CLM0029829,BEN_00661,BTM Layout,2023-01-25,12,0,0,0,0,0,1,0,0,0,0.0,0.461398,0,0.0,0,49,1,2,0.6465,0.0706,GREEN,39,Bengaluru
CLM0029830,BEN_03424,Electronic City,2015-07-28,10,0,0,0,0,0,0,0,1,0,0.0,0.065614,0,0.0,0,144,3,3,0.9096,0.0244,GREEN,64,Bengaluru
CLM0029831,BEN_09593,Koramangala,2020-02-28,20,0,0,0,0,0,0,0,0,0,0.0,0.0,0,0.0,0,410,3,1,0.6737,0.0,GREEN,43,Bengaluru
CLM0029832,BEN_07524,Rajajinagar,2018-08-02,18,0,0,0,1,0,0,0,0,0,0.0,0.247108,1,0.0,0,92,1,1,0.6923,0.2629,GREEN,40,Bengaluru
CLM0029833,BEN_07464,Electronic City,2022-03-25,16,0,0,0,0,0,0,0,0,0,0.0,0.123255,0,0.0,0,304,0,1,0.7952,0.0174,GREEN,60,Bengaluru
CLM0029834,BEN_03023,Indiranagar,2021-11-16,9,0,0,0,0,0,0,0,0,0,0.0,0.35401,0,0.0,0,179,2,4,0.1563,0.0,GREEN,50,Bengaluru
CLM0029835,BEN_03000,Jayanagar,2023-07-19,11,0,0,0,0,0,0,0,0,0,0.0,0.286001,0,0.0,0,124,2,2,0.6127,0.0433,GREEN,39,Bengaluru
CLM0029836,BEN_08553,BTM Layout,2021-11-28,17,0,0,0,0,0,1,0,0,0,1.0,0.145595,0,0.0,0,108,1,5,0.98,0.2106,GREEN,52,Bengaluru
CLM0029837,BEN_04047,Whitefield,2022-10-06,12,0,1,1,0,1,0,0,0,0,0.0,0.96514,0,0.0,0,415,1,2,0.8102,0.0847,GREEN,31,Bengaluru
CLM0029838,BEN_07963,Rajajinagar,2020-12-02,11,0,0,0,0,0,0,0,0,0,0.0,0.11351,0,0.0,0,346,4,0,0.1052,0.0,GREEN,59,Bengaluru
CLM0029839,BEN_08196,HSR Layout,2020-12-30,19,0,0,0,0,0,0,0,1,0,0.0,0.217921,0,0.0,0,79,4,5,0.5744,0.0114,GREEN,34,Bengaluru
CLM0029840,BEN_08363,Whitefield,2021-06-14,13,0,1,1,0,0,0,0,0,0,0.0,1.0,0,0.0,0,420,2,0,0.7315,0.0,GREEN,32,Bengaluru
CLM0029841,BEN_06541,HSR Layout,2025-04-04,19,0,0,0,0,0,0,0,0,0,0.0,0.083445,0,0.0,0,420,1,5,0.653,0.04,GREEN,59,Bengaluru
CLM0029842,BEN_07925,Marathahalli,2023-09-04,11,0,0,0,1,1,0,0,0,1,1.0,1.0,1,1.0,0,5,2,18,0.2115,0.0412,GREEN,61,Bengaluru
CLM0029843,BEN_06623,Yelahanka,2022-04-29,16,0,0,0,0,0,0,0,0,0,1.0,0.860253,0,0.0,0,179,1,3,0.6049,0.1214,GREEN,65,Bengaluru
CLM0029844,BEN_03080,HSR Layout,2025-07-06,18,0,0,0,0,1,0,0,0,0,0.0,0.225074,0,0.0,0,299,3,0,0.9649,0.0678,GREEN,53,Bengaluru
CLM0029845,BEN_00450,Whitefield,2025-01-06,9,0,0,0,0,0,0,0,0,0,0.0,0.134237,0,0.0,0,258,4,2,0.573,0.0296,GREEN,38,Bengaluru
CLM0029846,BEN_00483,Koramangala,2021-04-05,13,0,0,0,0,0,0,0,0,0,0.0,0.0,0,0.0,0,5,1,0,0.7028,0.0,GREEN,57,Bengaluru
CLM0029847,BEN_07027,BTM Layout,2023-05-25,20,0,0,0,0,0,0,0,0,0,0.0,0.19778,0,0.0,1,161,1,3,0.98,0.1127,GREEN,49,Bengaluru
CLM0029848,BEN_05394,Yelahanka,2025-04-16,13,0,0,0,0,0,1,1,0,0,0.0,0.236546,1,0.0,0,177,4,0,0.8754,0.1147,GREEN,35,Bengaluru
CLM0029849,BEN_02050,Whitefield,2025-12-02,19,0,0,0,0,0,0,0,0,0,1.0,0.160381,0,0.0,0,409,4,4,0.4971,0.1445,GREEN,42,Bengaluru
CLM0029850,BEN_06271,BTM Layout,2025-03-18,14,0,0,0,0,0,0,0,0,0,1.0,1.0,0,1.0,0,178,4,0,0.8777,0.0,GREEN,56,Bengaluru
CLM0029851,BEN_06281,Yelahanka,2019-09-04,21,0,0,0,1,0,0,0,0,0,0.0,0.147733,0,0.0,0,420,0,2,0.5025,0.1614,GREEN,49,Bengaluru
CLM0029852,BEN_07683,Indiranagar,2021-07-22,19,0,0,0,0,0,0,0,0,1,0.0,0.306188,0,0.0,1,348,3,1,0.5805,0.1796,GREEN,31,Bengaluru
CLM0029853,BEN_09298,Indiranagar,2025-01-08,7,0,0,0,0,0,0,0,0,0,0.0,0.363126,0,0.0,0,162,0,3,0.7088,0.0,GREEN,29,Bengaluru
CLM0029854,BEN_07761,BTM Layout,2025-09-27,8,0,0,0,0,0,0,0,0,0,0.0,0.261026,0,0.0,0,420,3,2,0.8633,0.0,GREEN,56,Bengaluru
CLM0029855,BEN_01453,Marathahalli,2020-11-02,11,0,1,1,1,0,0,1,0,0,0.0,0.192506,0,0.0,0,43,4,2,0.7398,0.2714,GREEN,59,Bengaluru
CLM0029856,BEN_08924,Marathahalli,2025-12-28,17,0,0,0,0,0,0,0,0,0,0.0,1.0,0,0.0,0,298,0,3,0.98,0.0361,GREEN,28,Bengaluru
CLM0029857,BEN_05517,HSR Layout,2025-12-22,8,0,0,0,0,0,0,0,0,0,0.0,0.004435,0,0.0,0,420,4,1,0.5228,0.0198,GREEN,46,Bengaluru
CLM0029858,BEN_07296,Jayanagar,2021-04-24,19,0,0,0,0,0,0,0,0,0,0.0,0.96819,0,0.0,0,420,0,5,0.2469,0.0,GREEN,42,Bengaluru
CLM0029859,BEN_00697,HSR Layout,2025-08-13,14,0,0,0,0,0,0,0,1,0,0.0,0.039617,0,0.0,0,420,3,4,0.6858,0.0966,GREEN,30,Bengaluru
CLM0029860,BEN_02991,Rajajinagar,2023-10-25,18,0,0,0,0,0,0,0,0,0,0.0,0.054513,0,0.0,0,294,1,1,0.8424,0.0,GREEN,51,Bengaluru
CLM0029861,BEN_08815,Indiranagar,2024-05-03,13,0,0,0,0,0,1,0,1,0,0.0,0.330728,0,0.0,0,21,4,0,0.98,0.2601,GREEN,41,Bengaluru
CLM0029862,BEN_05587,Electronic City,2025-01-13,14,0,0,0,0,0,0,0,0,0,0.0,0.148111,0,0.0,0,46,1,2,0.98,0.0524,GREEN,27,Bengaluru
CLM0029863,BEN_05513,Indiranagar,2022-11-09,9,0,0,0,0,0,0,0,0,0,0.0,0.379344,0,0.0,0,420,1,4,0.98,0.039,GREEN,36,Bengaluru
CLM0029864,BEN_00270,Electronic City,2023-09-02,12,0,1,1,0,0,0,0,0,0,0.0,0.063674,0,0.0,0,95,2,0,0.6402,0.0,GREEN,34,Bengaluru
CLM0029865,BEN_09550,Jayanagar,2025-11-16,10,0,0,0,0,0,1,0,0,0,0.0,0.137139,0,0.0,0,85,3,1,0.98,0.1622,GREEN,54,Bengaluru
CLM0029866,BEN_02947,Electronic City,2023-01-19,17,0,0,0,0,0,0,0,0,0,0.0,0.185641,0,0.0,0,97,1,2,0.98,0.0134,GREEN,42,Bengaluru
CLM0029867,BEN_01038,Marathahalli,2022-09-11,15,0,0,0,0,0,1,1,0,0,0.0,0.227155,0,0.0,0,358,0,1,0.7413,0.1637,GREEN,52,Bengaluru
CLM0029868,BEN_00126,Koramangala,2024-06-15,8,0,0,0,0,0,0,0,0,0,0.0,0.100663,0,0.0,0,184,1,4,0.7286,0.0229,GREEN,45,Bengaluru
CLM0029869,BEN_00677,Yelahanka,2024-10-12,18,0,0,0,0,0,0,0,1,0,0.0,0.260607,0,0.0,0,338,2,0,0.7823,0.0244,GREEN,40,Bengaluru
CLM0029870,BEN_01590,Jayanagar,2025-09-15,10,0,0,0,0,0,0,0,0,0,0.0,0.121959,0,0.0,0,420,2,2,0.9678,0.0346,GREEN,59,Bengaluru
CLM0029871,BEN_05259,Yelahanka,2024-05-28,21,0,0,0,0,0,0,0,0,0,0.0,0.378967,0,0.0,0,64,2,2,0.5734,0.1107,GREEN,50,Bengaluru
CLM0029872,BEN_08852,Koramangala,2022-04-27,7,0,0,0,0,0,0,0,0,0,0.0,0.305472,0,0.0,0,381,0,0,0.4253,0.0,GREEN,55,Bengaluru
CLM0029873,BEN_00196,Indiranagar,2021-07-12,12,0,0,0,0,0,0,0,1,0,1.0,0.917796,0,1.0,0,77,0,5,0.5828,0.0699,GREEN,33,Bengaluru
CLM0029874,BEN_09751,Electronic City,2021-02-08,17,0,0,0,0,0,0,0,0,0,0.0,0.415038,0,0.0,0,408,1,0,0.6946,0.0552,GREEN,34,Bengaluru
CLM0029875,BEN_00892,Whitefield,2025-06-28,20,0,0,0,0,0,0,0,0,0,0.0,0.0,0,0.0,0,420,1,5,0.5168,0.0115,GREEN,43,Bengaluru
CLM0029876,BEN_07588,HSR Layout,2024-09-02,10,0,0,0,0,0,0,0,0,1,0.0,0.983714,0,0.0,0,408,2,3,0.98,0.1013,GREEN,58,Bengaluru
CLM0029877,BEN_09931,Electronic City,2023-11-22,11,0,0,0,0,0,0,0,0,0,0.0,0.166249,0,0.0,0,226,1,6,0.7601,0.0,GREEN,29,Bengaluru
CLM0029878,BEN_06621,HSR Layout,2022-08-18,12,0,0,0,0,0,0,0,0,0,0.0,0.283357,0,0.0,0,39,2,4,0.5688,0.0309,GREEN,47,Bengaluru
CLM0029879,BEN_06023,Indiranagar,2022-09-23,17,0,0,0,0,0,0,0,1,0,0.0,0.16817,0,0.0,0,420,2,1,0.7979,0.1728,GREEN,44,Bengaluru
CLM0029880,BEN_06466,Whitefield,2017-12-29,14,0,0,0,0,0,0,0,0,0,0.0,0.058237,0,0.0,0,272,1,3,0.6417,0.0,GREEN,38,Bengaluru
CLM0029881,BEN_03516,Marathahalli,2018-06-22,16,0,0,0,1,0,0,0,0,0,0.0,0.293647,0,0.0,0,67,2,2,0.05,0.1797,GREEN,31,Bengaluru
CLM0029882,BEN_05845,Jayanagar,2025-11-22,15,0,0,0,0,0,0,0,0,0,0.0,0.050865,0,0.0,0,356,4,2,0.9489,0.0475,GREEN,41,Bengaluru
CLM0029883,BEN_05872,Marathahalli,2017-11-23,15,0,0,0,1,0,0,0,0,0,0.0,0.314025,0,0.0,0,319,2,3,0.7174,0.1119,GREEN,38,Bengaluru
CLM0029884,BEN_09039,Yelahanka,2025-02-04,11,0,0,0,0,0,0,0,0,0,0.0,0.165381,0,0.0,0,384,2,1,0.5806,0.0,GREEN,41,Bengaluru
CLM0029885,BEN_05107,Koramangala,2016-10-07,18,0,0,0,0,0,0,0,0,0,0.0,0.253405,0,0.0,0,378,1,4,0.8866,0.0,GREEN,58,Bengaluru
CLM0029886,BEN_03246,Whitefield,2024-12-05,10,0,0,0,0,0,0,0,0,0,0.0,0.069453,0,0.0,0,162,0,5,0.6985,0.0709,GREEN,57,Bengaluru
CLM0029887,BEN_03739,Whitefield,2023-08-30,15,0,0,0,0,0,0,0,0,0,1.0,0.149924,0,0.0,0,100,4,3,0.6607,0.0555,GREEN,36,Bengaluru
CLM0029888,BEN_07039,BTM Layout,2018-10-31,14,0,0,0,0,0,0,0,0,0,0.0,0.170926,0,0.0,0,296,4,2,0.05,0.0305,GREEN,40,Bengaluru
CLM0029889,BEN_07112,Koramangala,2024-11-03,14,0,0,0,0,0,0,0,0,0,0.0,0.2107,0,0.0,0,420,0,0,0.624,0.1031,GREEN,50,Bengaluru
CLM0029890,BEN_01619,Yelahanka,2025-05-17,7,0,0,0,0,0,0,0,0,0,0.0,0.087585,0,0.0,0,183,4,5,0.8549,0.0315,GREEN,38,Bengaluru
CLM0029891,BEN_04963,Rajajinagar,2016-06-30,14,0,0,0,0,0,0,1,0,1,0.0,0.05191,0,0.0,0,420,0,4,0.6397,0.1533,GREEN,39,Bengaluru
CLM0029892,BEN_03845,BTM Layout,2020-11-26,13,0,0,0,0,0,0,1,0,0,0.0,0.239549,0,0.0,0,177,2,0,0.9038,0.0409,GREEN,34,Bengaluru
CLM0029893,BEN_01607,Koramangala,2015-11-11,17,0,0,0,0,1,0,0,0,0,0.0,0.183228,0,0.0,0,381,0,0,0.5814,0.0728,GREEN,34,Bengaluru
CLM0029894,BEN_06914,Jayanagar,2021-12-11,21,0,0,0,0,0,0,0,0,0,0.0,0.425787,0,0.0,0,20,4,0,0.6191,0.0146,GREEN,60,Bengaluru
CLM0029895,BEN_03970,BTM Layout,2024-06-10,10,0,0,0,0,0,1,0,0,0,0.0,0.234363,0,0.0,0,285,2,1,0.7378,0.0407,GREEN,43,Bengaluru
CLM0029896,BEN_08763,HSR Layout,2019-06-13,14,0,0,0,0,0,1,0,0,0,0.0,0.240282,0,0.0,0,176,0,5,0.8891,0.0808,GREEN,40,Bengaluru
CLM0029897,BEN_01819,Rajajinagar,2022-08-11,14,0,0,0,0,0,0,0,1,0,0.0,0.221689,0,0.0,0,74,2,2,0.9351,0.1291,GREEN,46,Bengaluru
CLM0029898,BEN_03354,Whitefield,2020-05-11,18,0,0,0,0,0,0,0,0,0,0.0,0.254238,0,0.0,0,380,2,4,0.5178,0.0,GREEN,49,Bengaluru
CLM0029899,BEN_09381,Jayanagar,2024-07-16,18,0,0,0,0,0,0,0,0,0,0.0,0.107434,0,0.0,0,196,2,3,0.8431,0.0,GREEN,31,Bengaluru
CLM0029900,BEN_08967,Rajajinagar,2022-10-16,8,0,0,0,0,1,0,0,1,0,0.0,0.068073,0,0.0,0,217,4,6,0.5132,0.2119,GREEN,51,Bengaluru
CLM0029901,BEN_06665,BTM Layout,2017-03-08,18,0,0,0,0,0,0,0,0,0,0.0,0.968721,0,0.0,0,210,4,0,0.98,0.0201,GREEN,37,Bengaluru
CLM0029902,BEN_05582,Marathahalli,2017-05-17,13,0,0,0,0,0,0,0,0,1,0.0,0.385007,0,0.0,0,420,3,1,0.4317,0.0735,GREEN,47,Bengaluru
CLM0029903,BEN_03145,Marathahalli,2025-09-25,21,0,0,0,0,0,0,0,0,0,0.0,0.987015,0,0.0,0,217,1,2,0.9136,0.0534,GREEN,47,Bengaluru
CLM0029904,BEN_04161,Yelahanka,2025-07-20,14,0,0,0,0,0,0,0,0,0,0.0,0.196956,0,0.0,0,260,0,6,0.8721,0.0618,GREEN,40,Bengaluru
CLM0029905,BEN_08360,Jayanagar,2025-12-02,19,0,0,0,0,0,0,0,0,0,0.0,0.987252,0,0.0,0,177,0,0,0.7957,0.0321,GREEN,47,Bengaluru
CLM0029906,BEN_07502,Koramangala,2023-06-29,10,0,1,1,0,0,0,0,1,0,0.0,0.025115,0,0.0,0,420,1,1,0.9218,0.0702,GREEN,32,Bengaluru
CLM0029907,BEN_02077,HSR Layout,2022-10-30,15,0,0,0,0,0,0,0,0,0,0.0,0.162662,0,0.0,0,128,2,1,0.98,0.0747,GREEN,36,Bengaluru
CLM0029908,BEN_03358,Rajajinagar,2024-02-08,8,0,0,0,0,0,0,0,1,0,0.0,0.0,0,1.0,0,356,4,4,0.826,0.1225,GREEN,46,Bengaluru
CLM0029909,BEN_01722,Yelahanka,2025-06-24,18,0,0,0,1,1,1,1,0,1,0.0,0.062849,0,1.0,1,5,4,18,0.1081,0.1213,GREEN,42,Bengaluru
CLM0029910,BEN_02718,Whitefield,2025-09-02,12,0,0,0,0,0,0,0,0,0,0.0,0.0,0,0.0,0,298,4,1,0.7327,0.0,GREEN,51,Bengaluru
CLM0029911,BEN_00622,Yelahanka,2022-11-19,18,0,0,0,1,0,0,1,1,0,0.0,0.232586,0,0.0,0,365,4,3,0.2244,0.3845,YELLOW,51,Bengaluru
CLM0029912,BEN_02180,Electronic City,2023-04-18,9,0,1,1,0,0,0,0,0,0,1.0,0.03273,0,0.0,0,259,4,4,0.8746,0.1046,GREEN,45,Bengaluru
CLM0029913,BEN_08940,Koramangala,2023-02-05,20,0,0,0,0,0,1,1,1,0,0.0,0.317444,0,0.0,0,125,4,0,0.6103,0.2672,GREEN,51,Bengaluru
CLM0029914,BEN_06491,Marathahalli,2023-06-25,18,0,0,0,0,0,0,0,0,0,0.0,0.306411,0,0.0,0,368,1,0,0.7428,0.0242,GREEN,48,Bengaluru
CLM0029915,BEN_08511,Jayanagar,2025-03-14,13,0,0,0,0,0,0,0,0,0,0.0,0.127342,0,0.0,0,416,3,4,0.6008,0.0,GREEN,46,Bengaluru
CLM0029916,BEN_02635,Yelahanka,2023-10-23,18,0,0,0,0,0,0,0,0,0,0.0,0.282918,0,0.0,0,54,3,5,0.9102,0.0261,GREEN,43,Bengaluru
CLM0029917,BEN_08574,Indiranagar,2025-04-04,21,0,1,1,0,0,0,0,0,0,0.0,0.222045,0,1.0,0,51,0,0,0.6927,0.0874,GREEN,41,Bengaluru
CLM0029918,BEN_00118,Indiranagar,2025-11-02,11,0,0,0,0,0,0,0,1,0,0.0,1.0,0,0.0,0,360,2,1,0.9327,0.1789,GREEN,61,Bengaluru
CLM0029919,BEN_06162,Jayanagar,2023-09-21,21,0,0,0,0,0,0,0,0,0,0.0,0.376135,0,0.0,0,58,4,4,0.1748,0.0,GREEN,35,Bengaluru
CLM0029920,BEN_04597,Indiranagar,2023-11-18,14,0,0,0,0,0,0,0,0,0,0.0,0.10348,0,0.0,0,79,3,1,0.5398,0.0,GREEN,26,Bengaluru
CLM0029921,BEN_07083,Whitefield,2025-08-20,19,1,0,0,0,0,0,0,0,0,0.0,0.084033,0,0.0,0,420,0,1,0.98,0.0,GREEN,26,Bengaluru
CLM0029922,BEN_03825,Electronic City,2025-05-08,7,0,0,0,0,0,0,1,0,0,1.0,0.40002,0,0.0,0,323,3,1,0.6571,0.2153,GREEN,24,Bengaluru
CLM0029923,BEN_06537,Electronic City,2023-04-28,10,0,0,0,0,0,0,0,0,0,0.0,0.904906,0,0.0,0,384,1,3,0.98,0.0737,GREEN,42,Bengaluru
CLM0029924,BEN_05242,Electronic City,2024-07-31,21,0,0,0,0,0,0,0,0,0,0.0,0.383655,0,0.0,0,420,2,1,0.6092,0.0077,GREEN,43,Bengaluru
CLM0029925,BEN_02340,Koramangala,2024-01-15,14,0,0,0,0,0,0,0,0,0,0.0,0.00563,0,0.0,0,291,1,4,0.5252,0.0,GREEN,48,Bengaluru
CLM0029926,BEN_08257,Whitefield,2023-02-20,13,0,0,0,0,0,0,0,0,0,0.0,0.180102,0,0.0,0,115,3,6,0.8943,0.0036,GREEN,29,Bengaluru
CLM0029927,BEN_03260,Rajajinagar,2023-11-17,16,0,0,0,0,0,0,0,0,0,0.0,1.0,0,0.0,0,420,2,6,0.5346,0.0357,GREEN,42,Bengaluru
CLM0029928,BEN_01449,Electronic City,2025-11-22,11,0,0,0,0,0,0,0,0,0,0.0,0.062067,0,0.0,0,420,3,5,0.5114,0.0,GREEN,31,Bengaluru
CLM0029929,BEN_07026,Koramangala,2024-04-30,13,0,0,0,0,0,0,0,0,0,0.0,0.0,0,0.0,0,344,0,2,0.05,0.0125,GREEN,48,Bengaluru
CLM0029930,BEN_02875,Yelahanka,2021-12-06,17,0,0,0,0,0,0,0,0,0,0.0,0.167001,0,0.0,0,420,2,1,0.98,0.0,GREEN,57,Bengaluru
CLM0029931,BEN_00898,Electronic City,2022-05-25,20,0,0,0,1,1,0,0,0,1,0.0,0.259648,0,0.0,0,9,0,18,0.2663,0.0,GREEN,29,Bengaluru
CLM0029932,BEN_04005,Yelahanka,2022-12-23,7,0,0,0,0,0,0,1,0,1,1.0,0.969959,0,0.0,1,9,1,18,0.2578,0.0364,GREEN,39,Bengaluru
CLM0029933,BEN_05390,Electronic City,2023-09-06,21,0,0,0,0,0,0,0,1,0,1.0,0.12705,0,0.0,0,17,1,1,0.848,0.202,GREEN,48,Bengaluru
CLM0029934,BEN_07724,Electronic City,2023-12-05,12,0,0,0,0,0,0,0,0,0,0.0,0.215525,0,0.0,0,268,4,1,0.783,0.0,GREEN,56,Bengaluru
CLM0029935,BEN_09389,Koramangala,2025-06-05,12,0,0,0,0,0,0,0,1,0,1.0,0.022069,0,0.0,0,420,1,4,0.9126,0.1817,GREEN,42,Bengaluru
CLM0029936,BEN_08526,Rajajinagar,2025-04-12,21,0,0,0,0,0,0,0,0,0,1.0,0.991227,1,0.0,0,203,0,2,0.8417,0.0827,GREEN,64,Bengaluru
CLM0029937,BEN_04633,Koramangala,2025-08-13,11,0,0,0,0,0,0,0,0,1,0.0,0.318701,0,0.0,0,109,3,1,0.4937,0.1163,GREEN,53,Bengaluru
CLM0029938,BEN_09635,Marathahalli,2024-04-30,13,0,0,0,0,0,0,0,0,0,0.0,0.459132,0,0.0,0,347,1,3,0.05,0.0,GREEN,65,Bengaluru
CLM0029939,BEN_04359,Jayanagar,2024-11-08,15,0,0,0,0,0,0,0,0,0,1.0,0.373843,0,0.0,0,5,4,1,0.2573,0.0245,GREEN,48,Bengaluru
CLM0029940,BEN_01046,Yelahanka,2024-04-09,20,0,0,0,0,0,0,0,0,0,0.0,0.190192,0,0.0,0,286,1,5,0.753,0.047,GREEN,49,Bengaluru
CLM0029941,BEN_02726,Whitefield,2023-04-03,16,0,0,0,0,0,0,0,0,0,0.0,0.223725,0,0.0,0,39,1,0,0.8216,0.0,GREEN,54,Bengaluru
CLM0029942,BEN_09437,Electronic City,2023-10-03,8,0,0,0,0,0,0,0,1,0,0.0,0.415924,0,0.0,0,58,3,1,0.98,0.093,GREEN,45,Bengaluru
CLM0029943,BEN_07779,Yelahanka,2021-09-05,9,0,0,0,0,0,0,0,0,0,0.0,0.047755,0,0.0,0,273,4,1,0.4528,0.0582,GREEN,56,Bengaluru
CLM0029944,BEN_01399,Electronic City,2021-06-25,13,0,0,0,0,0,0,0,1,0,0.0,0.0,1,0.0,0,420,4,4,0.7525,0.1157,GREEN,46,Bengaluru
CLM0029945,BEN_05472,BTM Layout,2022-09-25,7,0,0,0,0,0,1,0,1,0,0.0,0.034021,0,0.0,0,408,2,2,0.6792,0.1524,GREEN,57,Bengaluru
CLM0029946,BEN_01313,Marathahalli,2025-05-08,20,0,0,0,0,0,0,0,0,0,0.0,0.289475,0,0.0,0,324,0,0,0.5597,0.0025,GREEN,42,Bengaluru
CLM0029947,BEN_07250,HSR Layout,2019-02-21,11,0,0,0,0,0,0,0,0,0,0.0,0.192619,0,0.0,0,120,4,4,0.6999,0.0098,GREEN,59,Bengaluru
CLM0029948,BEN_06755,HSR Layout,2018-02-17,12,0,0,0,0,0,0,0,0,0,0.0,0.435374,0,0.0,0,239,1,0,0.488,0.0,GREEN,36,Bengaluru
CLM0029949,BEN_01021,Jayanagar,2019-02-24,12,0,0,0,0,1,0,0,0,0,0.0,0.201317,1,0.0,0,91,4,0,0.9768,0.1586,GREEN,37,Bengaluru
CLM0029950,BEN_04046,Indiranagar,2020-05-15,12,0,0,0,0,0,0,0,0,0,0.0,0.998705,0,0.0,0,420,4,2,0.9434,0.0,GREEN,42,Bengaluru
CLM0029951,BEN_00963,HSR Layout,2024-01-15,14,0,1,1,1,0,1,1,1,0,0.0,0.182663,0,0.0,1,5,2,18,0.8211,0.5901,YELLOW,54,Bengaluru
CLM0029952,BEN_00534,Whitefield,2025-03-08,13,0,1,1,0,0,0,1,0,0,1.0,0.172315,0,0.0,0,305,2,2,0.6759,0.524,YELLOW,47,Bengaluru
CLM0029953,BEN_05618,HSR Layout,2025-06-27,19,0,1,1,1,0,1,0,1,1,0.0,0.062972,1,0.0,1,52,1,18,0.9314,0.6841,RED,18,Bengaluru
CLM0029954,BEN_08217,Marathahalli,2025-05-20,12,0,1,1,0,0,0,1,0,0,0.0,0.266422,1,0.0,0,420,0,1,0.7192,0.7584,RED,44,Bengaluru
CLM0029955,BEN_05220,Indiranagar,2021-08-23,16,0,0,0,0,0,1,0,0,0,0.0,0.146322,0,0.0,0,271,0,5,0.98,0.0332,GREEN,26,Bengaluru
CLM0029956,BEN_05891,Indiranagar,2017-11-21,12,0,0,0,0,0,0,0,0,0,0.0,0.320639,0,0.0,0,249,0,2,0.6882,0.0766,GREEN,53,Bengaluru
CLM0029957,BEN_05156,HSR Layout,2023-09-27,21,0,0,0,0,0,0,0,0,0,0.0,0.118968,0,0.0,0,299,1,4,0.6292,0.1071,GREEN,47,Bengaluru
CLM0029958,BEN_09640,Electronic City,2021-12-10,13,0,0,0,0,0,0,0,0,0,0.0,0.407768,0,0.0,0,179,2,1,0.5159,0.0,GREEN,55,Bengaluru
CLM0029959,BEN_01316,HSR Layout,2025-07-25,19,0,0,0,0,0,0,0,0,0,0.0,0.280954,0,0.0,0,420,4,1,0.888,0.0,GREEN,50,Bengaluru
CLM0029960,BEN_05913,Koramangala,2019-12-14,14,0,1,1,0,0,1,0,0,0,0.0,1.0,0,0.0,0,207,2,1,0.5738,0.1047,GREEN,32,Bengaluru
CLM0029961,BEN_08568,Rajajinagar,2023-10-12,10,0,0,0,0,0,1,0,0,0,1.0,0.37294,0,0.0,0,286,1,5,0.6211,0.1393,GREEN,38,Bengaluru
CLM0029962,BEN_03395,Rajajinagar,2023-08-03,10,0,0,0,0,0,0,0,0,0,0.0,0.339486,0,0.0,0,297,2,1,0.444,0.0958,GREEN,26,Bengaluru
CLM0029963,BEN_01989,BTM Layout,2017-12-30,20,0,0,0,0,0,0,0,0,0,1.0,0.340714,0,0.0,0,264,1,3,0.98,0.0917,GREEN,40,Bengaluru
CLM0029964,BEN_08615,Electronic City,2018-05-16,10,0,0,0,0,1,0,0,0,0,0.0,0.065465,0,0.0,0,387,2,7,0.7467,0.1699,GREEN,58,Bengaluru
CLM0029965,BEN_05436,HSR Layout,2023-03-24,17,0,0,0,0,0,0,0,0,0,0.0,0.29468,0,0.0,0,164,4,2,0.0997,0.0,GREEN,51,Bengaluru
CLM0029966,BEN_09450,Koramangala,2021-12-29,12,0,0,0,0,0,0,0,0,1,0.0,0.396344,0,0.0,0,420,0,4,0.8241,0.2024,GREEN,41,Bengaluru
CLM0029967,BEN_03639,Jayanagar,2017-05-01,11,0,0,0,0,0,0,0,0,0,0.0,0.102453,0,0.0,0,254,1,0,0.7692,0.1542,GREEN,50,Bengaluru
CLM0029968,BEN_09049,Koramangala,2023-08-04,11,0,0,0,0,0,0,0,0,0,0.0,0.027484,0,0.0,0,413,3,2,0.8054,0.0,GREEN,54,Bengaluru
CLM0029969,BEN_03909,HSR Layout,2022-06-16,15,0,0,0,0,0,1,1,0,0,0.0,0.413991,0,0.0,0,112,3,4,0.27,0.1598,GREEN,62,Bengaluru
CLM0029970,BEN_07844,Rajajinagar,2022-01-15,8,0,0,0,0,0,0,0,1,0,0.0,0.369547,0,0.0,0,230,2,0,0.7181,0.1661,GREEN,33,Bengaluru
CLM0029971,BEN_03222,Yelahanka,2022-06-14,13,0,0,0,0,0,0,0,0,0,0.0,0.134735,0,0.0,0,169,4,1,0.625,0.0,GREEN,41,Bengaluru
CLM0029972,BEN_06971,HSR Layout,2021-10-04,16,0,0,0,0,0,0,0,1,0,0.0,0.405358,0,0.0,0,176,4,3,0.9598,0.0614,GREEN,47,Bengaluru
CLM0029973,BEN_09710,Whitefield,2023-10-11,21,0,0,0,0,1,0,0,1,0,1.0,0.914705,0,1.0,0,412,3,7,0.6308,0.2626,GREEN,41,Bengaluru
CLM0029974,BEN_05584,Electronic City,2024-01-31,9,0,0,0,0,0,0,1,0,1,1.0,0.076284,0,0.0,0,35,2,7,0.6702,0.0733,GREEN,48,Bengaluru
CLM0029975,BEN_05142,Koramangala,2024-01-28,9,0,0,0,0,0,0,0,0,0,0.0,0.212842,0,0.0,0,322,1,1,0.6457,0.0192,GREEN,37,Bengaluru
CLM0029976,BEN_09976,Electronic City,2023-02-21,10,0,0,0,0,0,0,0,0,0,0.0,0.053277,0,0.0,0,59,3,0,0.8199,0.0245,GREEN,42,Bengaluru
CLM0029977,BEN_01928,HSR Layout,2020-04-25,20,0,0,0,0,0,0,1,0,0,0.0,0.267408,0,0.0,0,52,4,3,0.6308,0.088,GREEN,44,Bengaluru
CLM0029978,BEN_01833,Jayanagar,2020-02-25,14,0,0,0,0,0,0,0,0,0,0.0,0.313978,0,0.0,0,5,1,1,0.98,0.0117,GREEN,29,Bengaluru
CLM0029979,BEN_08173,Jayanagar,2017-08-24,14,0,0,0,1,0,0,0,0,0,0.0,0.063689,0,0.0,0,335,4,5,0.98,0.1528,GREEN,48,Bengaluru
CLM0029980,BEN_03035,Indiranagar,2021-06-15,19,0,0,0,0,0,0,0,0,0,0.0,0.131228,1,0.0,0,52,2,0,0.7657,0.094,GREEN,53,Bengaluru
CLM0029981,BEN_06865,Yelahanka,2024-04-04,21,0,0,0,0,0,0,1,0,0,0.0,0.259284,0,0.0,0,150,2,0,0.9244,0.0418,GREEN,33,Bengaluru
CLM0029982,BEN_00125,Rajajinagar,2025-11-10,13,0,0,0,1,1,0,1,0,1,1.0,1.0,1,1.0,0,5,1,11,0.8632,0.0456,GREEN,58,Bengaluru
CLM0029983,BEN_00748,Koramangala,2024-03-11,13,0,0,0,0,0,0,0,0,0,0.0,0.351747,0,0.0,0,78,4,1,0.7717,0.0,GREEN,45,Bengaluru
CLM0029984,BEN_01022,HSR Layout,2025-11-12,12,0,0,0,0,0,0,0,0,0,0.0,0.0,0,0.0,0,385,1,0,0.5782,0.0515,GREEN,30,Bengaluru
CLM0029985,BEN_07939,BTM Layout,2025-08-21,7,0,0,0,0,0,0,0,0,0,0.0,0.311728,0,0.0,0,384,1,4,0.7672,0.1145,GREEN,59,Bengaluru
CLM0029986,BEN_01468,Jayanagar,2023-05-09,14,0,0,0,0,1,0,0,0,0,0.0,0.07292,0,0.0,0,342,3,0,0.6994,0.0339,GREEN,41,Bengaluru
CLM0029987,BEN_08848,BTM Layout,2023-10-09,18,0,0,0,0,0,1,0,0,0,0.0,0.07902,0,0.0,0,420,0,6,0.9153,0.061,GREEN,42,Bengaluru
CLM0029988,BEN_09375,Marathahalli,2023-03-14,10,0,0,0,0,0,1,0,0,0,0.0,0.268138,0,0.0,0,388,0,3,0.9781,0.3312,YELLOW,35,Bengaluru
CLM0029989,BEN_05267,Whitefield,2025-09-11,20,0,0,0,0,0,0,0,0,0,0.0,0.138579,0,0.0,0,189,4,1,0.98,0.0484,GREEN,33,Bengaluru
CLM0029990,BEN_04917,Jayanagar,2020-04-08,10,0,0,0,0,0,0,0,0,0,0.0,0.271786,0,0.0,0,212,0,4,0.6306,0.0,GREEN,44,Bengaluru
CLM0029991,BEN_03139,Indiranagar,2023-02-21,20,0,0,0,0,0,0,0,1,0,0.0,0.03201,0,0.0,0,367,4,3,0.7653,0.1104,GREEN,37,Bengaluru
CLM0029992,BEN_06533,HSR Layout,2022-05-05,16,0,0,0,0,0,0,0,0,0,0.0,0.049891,0,0.0,0,355,1,0,0.98,0.0331,GREEN,52,Bengaluru
CLM0029993,BEN_09541,Indiranagar,2021-11-02,17,0,0,0,0,0,1,0,0,0,1.0,0.872383,0,0.0,0,90,2,0,0.8738,0.2167,GREEN,36,Bengaluru
CLM0029994,BEN_07262,Jayanagar,2022-05-09,9,0,0,0,0,0,0,0,1,0,0.0,0.0,0,0.0,0,186,2,4,0.7287,0.0917,GREEN,55,Bengaluru
CLM0029995,BEN_06157,Whitefield,2019-10-14,7,0,0,0,0,0,0,0,0,0,0.0,0.097981,0,0.0,0,58,0,6,0.836,0.0385,GREEN,48,Bengaluru
CLM0029996,BEN_05348,Rajajinagar,2023-09-18,7,0,0,0,0,0,0,0,0,0,0.0,0.150501,0,0.0,0,239,4,3,0.5535,0.0,GREEN,63,Bengaluru
CLM0029997,BEN_04057,BTM Layout,2020-08-06,9,0,1,1,0,1,0,1,0,1,0.0,0.948956,1,1.0,1,57,2,13,0.8803,0.55,YELLOW,23,Bengaluru
CLM0029998,BEN_00937,Electronic City,2025-09-03,11,0,1,1,0,0,0,1,1,1,1.0,0.994627,0,1.0,1,14,2,18,0.9481,0.5486,YELLOW,45,Bengaluru
CLM0029999,BEN_09406,Indiranagar,2019-07-05,16,0,1,1,1,0,1,1,1,1,1.0,0.447806,1,1.0,1,5,2,18,0.3995,0.8211,RED,48,Bengaluru
CLM0030000,BEN_05283,Electronic City,2022-01-01,10,0,1,1,0,0,1,0,0,0,0.0,0.139819,0,0.0,0,8,1,18,0.9051,0.3661,YELLOW,33,Bengaluru
CLM0030001,BEN_00198,Whitefield,2023-04-25,16,0,1,1,1,0,1,0,0,0,0.0,0.125841,1,0.0,0,12,0,18,0.7959,0.6128,RED,43,Bengaluru
CLM0030002,BEN_00824,Indiranagar,2023-08-13,14,0,1,1,0,0,0,0,1,1,1.0,0.096139,0,0.0,1,5,1,18,0.1978,0.3545,YELLOW,52,Bengaluru
CLM0030003,BEN_05055,Rajajinagar,2019-09-29,15,0,1,1,1,0,1,1,1,0,0.0,0.033486,0,0.0,1,5,0,18,0.8752,0.5545,YELLOW,37,Bengaluru
CLM0030004,BEN_01838,Yelahanka,2022-08-02,18,0,1,1,0,0,1,1,1,1,0.0,0.205793,0,0.0,0,5,0,18,0.8737,0.4664,YELLOW,51,Bengaluru
CLM0030005,BEN_07471,BTM Layout,2020-04-23,18,0,1,1,0,0,1,1,1,0,0.0,0.029744,0,0.0,1,5,0,18,0.8681,0.5421,YELLOW,32,Bengaluru
CLM0030006,BEN_02075,Rajajinagar,2025-11-07,18,0,1,1,0,1,0,0,1,0,1.0,0.090748,1,0.0,0,5,0,18,0.98,0.4319,YELLOW,37,Bengaluru
CLM0030007,BEN_00572,Yelahanka,2024-01-14,14,0,0,0,0,0,0,0,0,0,0.0,0.044185,0,0.0,0,310,1,2,0.923,0.0065,GREEN,33,Bengaluru
CLM0030008,BEN_04249,Koramangala,2025-04-10,15,0,0,0,0,0,0,0,0,0,0.0,0.388684,0,0.0,0,299,0,3,0.9296,0.0748,GREEN,61,Bengaluru
CLM0030009,BEN_05267,Whitefield,2023-07-16,20,0,0,0,0,1,0,0,0,0,0.0,0.0,0,0.0,0,131,2,5,0.1192,0.2231,GREEN,33,Bengaluru
CLM0030010,BEN_05970,Marathahalli,2024-09-04,10,0,0,0,0,0,1,0,0,0,1.0,0.192306,0,0.0,0,349,1,3,0.05,0.1309,GREEN,38,Bengaluru
CLM0030011,BEN_08604,Indiranagar,2025-08-15,15,0,0,0,0,0,0,0,0,0,0.0,0.054583,0,1.0,0,420,0,3,0.4663,0.0,GREEN,50,Bengaluru
CLM0030012,BEN_09188,Koramangala,2023-11-26,16,0,0,0,0,0,0,0,0,0,1.0,0.246965,1,0.0,1,369,1,0,0.98,0.1571,GREEN,18,Bengaluru
CLM0030013,BEN_07188,HSR Layout,2020-06-05,18,0,0,0,1,0,0,0,0,0,0.0,0.15784,0,0.0,0,264,0,1,0.7692,0.1049,GREEN,48,Bengaluru
CLM0030014,BEN_06518,BTM Layout,2017-03-04,14,0,1,1,0,0,0,0,0,0,0.0,0.213505,0,0.0,0,363,4,0,0.617,0.0047,GREEN,52,Bengaluru
CLM0030015,BEN_01349,Koramangala,2022-05-30,18,0,0,0,0,0,0,0,0,0,0.0,0.298143,0,0.0,0,45,1,4,0.05,0.0,GREEN,44,Bengaluru
CLM0030016,BEN_03336,Indiranagar,2025-02-07,7,0,0,0,0,0,1,0,0,1,0.0,0.101079,0,0.0,0,325,0,0,0.8656,0.224,GREEN,51,Bengaluru
CLM0030017,BEN_05501,Rajajinagar,2021-11-17,16,0,0,0,1,0,0,0,0,0,0.0,0.3358,0,0.0,0,326,4,1,0.5369,0.104,GREEN,54,Bengaluru
CLM0030018,BEN_09295,Rajajinagar,2023-06-08,12,0,0,0,0,0,0,0,0,0,1.0,1.0,0,1.0,0,213,2,1,0.4305,0.0,GREEN,55,Bengaluru
CLM0030019,BEN_08745,Jayanagar,2023-08-02,12,0,0,0,0,1,0,0,0,0,0.0,0.191925,0,0.0,0,399,3,1,0.7786,0.11,GREEN,51,Bengaluru
CLM0030020,BEN_00280,Electronic City,2025-10-26,20,0,0,0,0,0,0,0,0,0,0.0,0.200914,0,0.0,0,420,2,3,0.2431,0.0807,GREEN,34,Bengaluru
CLM0030021,BEN_07730,Electronic City,2021-05-09,18,0,0,0,1,0,0,0,0,0,0.0,0.031602,0,0.0,0,78,3,3,0.6187,0.1105,GREEN,28,Bengaluru
CLM0030022,BEN_08549,Whitefield,2020-10-07,10,0,0,0,0,0,0,0,1,0,0.0,0.038968,0,0.0,0,134,0,3,0.6405,0.1515,GREEN,50,Bengaluru
CLM0030023,BEN_04271,HSR Layout,2021-01-17,11,0,0,0,0,0,0,0,0,0,1.0,0.059637,0,0.0,0,420,4,3,0.8706,0.0485,GREEN,49,Bengaluru
CLM0030024,BEN_08982,Jayanagar,2024-06-07,14,0,0,0,0,0,0,0,0,0,0.0,0.072586,0,0.0,0,420,1,0,0.98,0.0,GREEN,33,Bengaluru
CLM0030025,BEN_06539,Koramangala,2020-02-01,19,0,0,0,0,0,1,0,0,0,0.0,0.178426,0,0.0,0,213,0,6,0.6143,0.0444,GREEN,43,Bengaluru
CLM0030026,BEN_04545,HSR Layout,2021-04-03,10,0,1,1,0,0,0,0,0,0,0.0,0.111684,0,0.0,0,13,4,5,0.9299,0.0,GREEN,52,Bengaluru
CLM0030027,BEN_06035,Electronic City,2025-03-28,14,0,0,0,0,0,0,0,0,0,0.0,0.358117,0,0.0,0,420,4,6,0.7029,0.0069,GREEN,53,Bengaluru
CLM0030028,BEN_09357,HSR Layout,2017-08-13,15,0,0,0,0,0,1,0,0,0,1.0,0.993337,0,0.0,0,99,1,2,0.5845,0.1091,GREEN,44,Bengaluru
CLM0030029,BEN_09216,Indiranagar,2018-06-26,10,0,0,0,0,0,0,1,1,0,0.0,1.0,0,0.0,0,299,4,0,0.0778,0.1734,GREEN,36,Bengaluru
CLM0030030,BEN_07728,Marathahalli,2018-07-14,15,0,0,0,0,0,1,0,0,0,1.0,0.096376,0,0.0,0,420,3,4,0.6353,0.186,GREEN,50,Bengaluru
CLM0030031,BEN_00619,Electronic City,2021-08-31,15,0,0,0,0,0,0,0,0,0,0.0,0.10353,0,0.0,0,358,0,0,0.5594,0.0076,GREEN,38,Bengaluru
CLM0030032,BEN_05687,BTM Layout,2018-07-21,7,0,0,0,0,0,0,0,0,0,0.0,0.391773,0,0.0,0,104,2,7,0.9683,0.0,GREEN,53,Bengaluru
CLM0030033,BEN_02080,Marathahalli,2025-10-08,20,0,0,0,0,0,0,1,0,0,0.0,0.18308,0,0.0,0,292,3,2,0.7989,0.0792,GREEN,50,Bengaluru
CLM0030034,BEN_02755,Koramangala,2025-12-03,9,0,0,0,0,0,0,0,0,0,0.0,0.063806,0,0.0,1,25,4,0,0.5178,0.0411,GREEN,49,Bengaluru
CLM0030035,BEN_08604,Indiranagar,2017-03-09,11,0,0,0,0,0,0,0,0,0,0.0,0.32006,0,0.0,0,330,1,4,0.153,0.0109,GREEN,50,Bengaluru
CLM0030036,BEN_07163,Jayanagar,2025-01-21,14,0,0,0,0,0,0,0,0,0,0.0,0.23023,0,0.0,0,159,3,1,0.98,0.0,GREEN,49,Bengaluru
CLM0030037,BEN_08439,Marathahalli,2022-04-12,21,0,0,0,0,0,0,0,0,0,0.0,0.140129,0,0.0,0,294,2,0,0.7915,0.0,GREEN,53,Bengaluru
CLM0030038,BEN_08704,Koramangala,2023-12-08,20,0,0,0,0,0,0,0,0,0,0.0,0.430316,0,0.0,0,281,3,1,0.9563,0.0,GREEN,28,Bengaluru
CLM0030039,BEN_06237,Electronic City,2018-10-28,21,0,0,0,0,0,0,0,0,0,1.0,0.422517,0,0.0,0,318,1,5,0.7709,0.1718,GREEN,42,Bengaluru
CLM0030040,BEN_02380,Whitefield,2017-10-08,10,0,0,0,0,0,0,0,0,0,0.0,0.182314,0,0.0,0,156,4,1,0.4949,0.1126,GREEN,40,Bengaluru
CLM0030041,BEN_05162,Koramangala,2018-01-22,9,0,0,0,0,0,0,0,0,0,1.0,0.111354,0,0.0,0,246,4,6,0.959,0.1168,GREEN,68,Bengaluru
CLM0030042,BEN_00926,Rajajinagar,2022-08-31,13,0,0,0,0,0,0,0,0,0,1.0,0.09579,0,0.0,0,325,4,0,0.7414,0.145,GREEN,47,Bengaluru
CLM0030043,BEN_00065,Jayanagar,2018-06-18,10,0,0,0,0,0,0,0,0,0,0.0,0.040076,0,0.0,0,181,0,4,0.98,0.0163,GREEN,32,Bengaluru
CLM0030044,BEN_04381,Indiranagar,2020-10-26,19,0,0,0,0,0,0,0,0,0,0.0,0.175701,0,0.0,0,94,4,0,0.6635,0.0,GREEN,30,Bengaluru
CLM0030045,BEN_04518,Indiranagar,2015-12-05,21,0,0,0,0,0,0,0,0,1,0.0,0.171285,0,0.0,0,372,1,0,0.8037,0.0668,GREEN,53,Bengaluru
CLM0030046,BEN_06341,Marathahalli,2017-08-27,11,0,0,0,0,0,1,0,0,0,0.0,0.145939,0,0.0,0,365,4,3,0.591,0.0972,GREEN,49,Bengaluru
CLM0030047,BEN_08178,HSR Layout,2017-08-17,14,0,0,0,0,1,0,1,1,0,0.0,0.343752,0,0.0,0,240,2,6,0.3559,0.2693,GREEN,45,Bengaluru
CLM0030048,BEN_06469,Marathahalli,2017-12-15,10,0,0,0,0,0,0,1,0,0,0.0,0.398201,0,0.0,0,214,2,2,0.5912,0.1062,GREEN,37,Bengaluru
CLM0030049,BEN_00455,HSR Layout,2021-01-30,19,0,0,0,0,0,0,0,0,0,1.0,0.453119,0,0.0,0,411,1,5,0.7006,0.0189,GREEN,50,Bengaluru
CLM0030050,BEN_01311,Rajajinagar,2022-10-31,16,0,1,1,0,0,0,0,0,0,0.0,0.102893,1,0.0,0,420,3,3,0.05,0.165,GREEN,44,Bengaluru
CLM0030051,BEN_02991,Rajajinagar,2025-01-11,19,0,0,0,0,0,0,1,0,0,0.0,0.131369,0,0.0,0,321,3,5,0.8527,0.0661,GREEN,51,Bengaluru
CLM0030052,BEN_06627,Indiranagar,2018-04-02,10,0,0,0,0,0,0,0,0,0,0.0,0.184834,0,0.0,0,134,3,2,0.305,0.006,GREEN,42,Bengaluru
CLM0030053,BEN_01378,Marathahalli,2024-03-28,11,0,0,0,1,0,0,0,0,0,0.0,0.072091,0,0.0,0,236,2,5,0.5317,0.1523,GREEN,44,Bengaluru
CLM0030054,BEN_02634,Jayanagar,2019-03-30,18,0,0,0,0,0,0,0,0,0,0.0,0.0,0,1.0,0,137,3,2,0.1791,0.051,GREEN,47,Bengaluru
CLM0030055,BEN_02402,Marathahalli,2023-05-24,21,0,0,0,1,0,0,0,1,0,0.0,0.34501,0,0.0,0,353,4,3,0.377,0.2703,GREEN,37,Bengaluru
CLM0030056,BEN_00430,Rajajinagar,2025-07-09,12,0,0,0,0,0,0,0,0,0,0.0,0.382595,0,0.0,0,232,0,3,0.5117,0.0425,GREEN,50,Bengaluru
CLM0030057,BEN_03843,Koramangala,2025-11-24,16,0,0,0,0,1,0,0,0,0,0.0,0.032204,1,1.0,0,356,0,2,0.9656,0.1922,GREEN,45,Bengaluru
CLM0030058,BEN_07109,Yelahanka,2025-02-02,12,0,0,0,1,0,0,0,0,0,0.0,0.210382,0,0.0,0,400,1,1,0.8034,0.2048,GREEN,27,Bengaluru
CLM0030059,BEN_04570,Yelahanka,2024-10-16,10,0,0,0,0,0,0,0,0,0,0.0,0.262447,0,0.0,0,395,4,5,0.98,0.0771,GREEN,45,Bengaluru
CLM0030060,BEN_03309,Indiranagar,2023-07-24,16,0,0,0,0,0,0,0,0,0,0.0,0.311081,0,0.0,0,188,0,5,0.6426,0.0,GREEN,45,Bengaluru
CLM0030061,BEN_00879,HSR Layout,2016-01-11,13,0,0,0,0,0,0,1,0,0,0.0,0.0,0,0.0,1,376,2,2,0.0942,0.1194,GREEN,28,Bengaluru
CLM0030062,BEN_09362,Koramangala,2024-04-02,18,0,0,0,0,0,0,0,0,1,0.0,0.25005,0,0.0,0,28,4,1,0.8119,0.1087,GREEN,41,Bengaluru
CLM0030063,BEN_01700,Rajajinagar,2025-06-13,14,0,1,1,0,0,0,0,0,0,0.0,0.401856,0,0.0,0,101,0,1,0.7655,0.1184,GREEN,54,Bengaluru
CLM0030064,BEN_05163,BTM Layout,2023-12-15,13,0,0,0,0,0,0,0,0,0,1.0,0.008961,0,0.0,0,157,1,3,0.8446,0.1687,GREEN,49,Bengaluru
CLM0030065,BEN_02725,Whitefield,2022-07-14,21,0,0,0,0,0,0,0,0,0,1.0,1.0,0,0.0,0,224,0,0,0.98,0.0,GREEN,49,Bengaluru
CLM0030066,BEN_05525,BTM Layout,2024-02-17,19,0,0,0,0,0,0,0,0,0,0.0,0.923353,0,0.0,0,130,4,3,0.05,0.0,GREEN,53,Bengaluru
CLM0030067,BEN_02891,Whitefield,2020-01-04,19,0,0,0,0,0,0,0,0,0,0.0,0.343358,0,0.0,0,358,4,1,0.98,0.0795,GREEN,53,Bengaluru
CLM0030068,BEN_07060,Yelahanka,2023-12-09,15,0,0,0,0,0,0,0,0,0,0.0,0.0,0,0.0,0,180,3,1,0.7397,0.03,GREEN,31,Bengaluru
CLM0030069,BEN_03577,Marathahalli,2023-06-04,11,0,0,0,0,0,0,0,0,0,0.0,0.407907,0,0.0,0,207,4,0,0.9307,0.0,GREEN,34,Bengaluru
CLM0030070,BEN_06076,BTM Layout,2017-05-15,10,0,0,0,0,0,0,0,0,0,0.0,0.97079,0,0.0,0,413,4,5,0.6286,0.0237,GREEN,39,Bengaluru
CLM0030071,BEN_01923,BTM Layout,2017-01-07,15,0,0,0,0,0,0,0,0,0,0.0,0.0,0,0.0,0,339,1,3,0.7778,0.1339,GREEN,33,Bengaluru
CLM0030072,BEN_06776,Marathahalli,2022-11-09,7,0,0,0,0,0,0,0,0,0,0.0,0.036413,0,0.0,0,190,1,2,0.9538,0.0116,GREEN,56,Bengaluru
CLM0030073,BEN_00052,Jayanagar,2025-06-19,19,0,0,0,1,0,0,0,0,0,0.0,0.176185,0,0.0,0,394,0,8,0.9631,0.2348,GREEN,52,Bengaluru
CLM0030074,BEN_09252,Whitefield,2020-11-20,18,0,0,0,0,0,0,0,1,1,0.0,0.045104,0,0.0,0,368,4,2,0.8271,0.2254,GREEN,34,Bengaluru
CLM0030075,BEN_02459,Koramangala,2020-12-03,10,0,0,0,1,0,0,1,0,0,0.0,0.375579,0,0.0,0,133,3,3,0.6616,0.0971,GREEN,44,Bengaluru
CLM0030076,BEN_08334,HSR Layout,2022-08-22,9,0,0,0,0,0,0,1,0,1,0.0,0.940189,1,0.0,0,229,0,0,0.5763,0.2793,GREEN,59,Bengaluru
CLM0030077,BEN_07894,Marathahalli,2024-10-07,16,0,0,0,0,0,1,0,0,0,0.0,0.16345,0,0.0,0,391,3,0,0.625,0.0962,GREEN,23,Bengaluru
CLM0030078,BEN_06427,Koramangala,2025-08-26,16,0,0,0,0,0,0,0,1,0,0.0,0.25734,0,0.0,0,58,2,1,0.6529,0.0698,GREEN,48,Bengaluru
CLM0030079,BEN_06185,Electronic City,2024-09-09,7,0,0,0,0,0,0,0,0,0,0.0,0.40892,0,0.0,0,198,1,5,0.8992,0.0197,GREEN,26,Bengaluru
CLM0030080,BEN_09766,Indiranagar,2025-08-11,7,0,0,0,0,0,0,0,0,0,0.0,0.071519,0,0.0,0,355,4,0,0.6976,0.0,GREEN,52,Bengaluru
CLM0030081,BEN_04672,Yelahanka,2025-11-12,7,0,0,0,0,0,1,0,0,0,0.0,0.315908,0,0.0,0,100,2,2,0.6324,0.0888,GREEN,47,Bengaluru
CLM0030082,BEN_09915,BTM Layout,2025-06-01,9,0,0,0,0,0,0,0,0,0,0.0,0.404358,0,0.0,0,420,1,0,0.7222,0.0016,GREEN,40,Bengaluru
CLM0030083,BEN_00602,Jayanagar,2024-03-14,17,0,0,0,0,0,0,0,0,0,0.0,0.97608,0,0.0,0,413,2,0,0.7022,0.1023,GREEN,32,Bengaluru
CLM0030084,BEN_02768,Marathahalli,2022-10-12,16,0,0,0,0,1,0,0,0,0,0.0,0.275353,0,1.0,0,240,0,6,0.98,0.0724,GREEN,63,Bengaluru
CLM0030085,BEN_01853,Yelahanka,2024-08-01,16,0,0,0,0,0,0,0,0,0,0.0,0.325864,0,0.0,0,84,0,0,0.8197,0.0,GREEN,52,Bengaluru
CLM0030086,BEN_07067,HSR Layout,2023-08-25,17,0,0,0,0,0,0,0,0,0,0.0,0.268029,0,0.0,0,150,1,2,0.6094,0.0384,GREEN,59,Bengaluru
CLM0030087,BEN_03565,Whitefield,2025-02-28,11,0,0,0,0,0,1,0,0,0,0.0,0.022383,0,0.0,0,163,3,1,0.7736,0.1836,GREEN,51,Bengaluru
CLM0030088,BEN_00843,Koramangala,2024-05-27,7,0,0,0,0,0,0,0,0,0,0.0,0.041468,0,0.0,0,39,1,7,0.9562,0.0597,GREEN,55,Bengaluru
CLM0030089,BEN_02923,Rajajinagar,2025-04-24,12,0,0,0,0,0,0,0,0,0,0.0,0.908012,0,0.0,0,181,4,5,0.98,0.0198,GREEN,55,Bengaluru
CLM0030090,BEN_09132,Jayanagar,2024-11-24,19,0,0,0,0,0,0,0,0,0,0.0,0.978196,0,0.0,0,420,3,1,0.683,0.0675,GREEN,47,Bengaluru
CLM0030091,BEN_08063,Whitefield,2025-07-19,10,0,1,1,0,0,0,0,0,0,1.0,0.207514,0,0.0,0,95,0,1,0.8568,0.044,GREEN,60,Bengaluru
CLM0030092,BEN_02524,Electronic City,2024-03-29,10,0,0,0,0,0,0,0,0,0,0.0,0.097448,0,0.0,0,411,4,0,0.98,0.0,GREEN,34,Bengaluru
CLM0030093,BEN_05709,Marathahalli,2023-07-18,17,0,0,0,0,0,0,0,0,0,0.0,0.419716,0,0.0,0,220,3,2,0.3846,0.0044,GREEN,51,Bengaluru
CLM0030094,BEN_01666,Yelahanka,2025-11-30,10,0,0,0,0,0,0,0,0,0,0.0,0.231036,0,0.0,0,178,2,1,0.7532,0.0603,GREEN,37,Bengaluru
CLM0030095,BEN_08604,Indiranagar,2024-06-04,17,0,0,0,0,0,0,0,0,0,0.0,0.12336,0,0.0,1,144,1,3,0.5183,0.1008,GREEN,50,Bengaluru
CLM0030096,BEN_01647,Koramangala,2025-08-21,20,0,0,0,0,0,0,0,0,0,0.0,0.036111,0,0.0,0,409,0,4,0.98,0.0,GREEN,38,Bengaluru
CLM0030097,BEN_09265,Whitefield,2023-10-10,21,0,0,0,0,0,0,0,0,0,0.0,0.000509,0,0.0,0,357,3,3,0.6604,0.2225,GREEN,55,Bengaluru
CLM0030098,BEN_04829,Koramangala,2025-12-28,17,0,0,0,0,1,0,0,0,0,0.0,0.035639,0,0.0,0,118,4,1,0.7326,0.1768,GREEN,52,Bengaluru
CLM0030099,BEN_04339,HSR Layout,2024-06-27,8,0,0,0,0,0,0,0,1,0,1.0,0.979402,0,0.0,0,93,0,3,0.7065,0.1564,GREEN,28,Bengaluru
CLM0030100,BEN_04698,Marathahalli,2021-05-09,21,0,0,0,0,0,0,0,1,0,1.0,0.006903,0,0.0,0,420,0,3,0.882,0.1195,GREEN,55,Bengaluru
CLM0030101,BEN_04951,Koramangala,2025-04-14,20,0,1,1,0,0,0,0,0,0,0.0,0.93613,0,0.0,0,11,4,0,0.715,0.0,GREEN,28,Bengaluru
CLM0030102,BEN_01905,Indiranagar,2019-05-20,9,0,0,0,0,0,0,0,0,0,0.0,0.110653,0,0.0,0,228,0,3,0.4421,0.0122,GREEN,49,Bengaluru
CLM0030103,BEN_05307,Indiranagar,2020-05-29,11,0,0,0,1,0,1,1,1,1,0.0,0.104878,0,0.0,1,5,1,18,0.9322,0.0077,GREEN,41,Bengaluru
CLM0030104,BEN_02010,Whitefield,2020-06-12,17,0,0,0,0,0,0,0,1,0,1.0,0.416969,0,0.0,0,420,3,0,0.8382,0.1459,GREEN,46,Bengaluru
CLM0030105,BEN_04258,Whitefield,2019-04-06,10,0,0,0,0,0,0,0,0,0,0.0,0.032636,0,0.0,0,341,3,5,0.7141,0.0,GREEN,35,Bengaluru
CLM0030106,BEN_05476,Jayanagar,2025-07-06,20,0,0,0,0,0,0,0,0,0,0.0,0.150355,0,0.0,0,395,1,6,0.6482,0.0,GREEN,21,Bengaluru
CLM0030107,BEN_07829,Marathahalli,2022-02-09,13,0,0,0,1,0,1,1,1,0,1.0,0.103025,0,0.0,0,8,3,18,0.2622,0.0373,GREEN,37,Bengaluru
CLM0030108,BEN_01664,Yelahanka,2022-12-26,20,0,0,0,0,0,0,0,0,0,0.0,0.855967,0,0.0,0,319,1,5,0.4343,0.0683,GREEN,64,Bengaluru
CLM0030109,BEN_09818,Koramangala,2023-09-10,21,0,0,0,0,0,1,0,0,1,0.0,0.095845,0,0.0,0,72,4,1,0.98,0.1991,GREEN,48,Bengaluru
CLM0030110,BEN_04837,Rajajinagar,2020-06-09,21,0,0,0,0,0,0,1,0,0,1.0,0.220015,0,1.0,0,212,4,2,0.4797,0.1046,GREEN,66,Bengaluru
CLM0030111,BEN_09909,Rajajinagar,2023-09-29,19,0,0,0,0,0,0,0,0,1,0.0,0.915255,0,0.0,0,246,0,6,0.5585,0.1182,GREEN,60,Bengaluru
CLM0030112,BEN_09670,Indiranagar,2019-01-31,15,0,0,0,0,0,0,0,0,0,0.0,0.452765,0,0.0,0,54,4,4,0.71,0.0,GREEN,43,Bengaluru
CLM0030113,BEN_02600,Marathahalli,2018-02-22,18,0,1,1,1,0,0,1,0,1,0.0,1.0,1,1.0,1,5,1,18,0.1325,0.5646,YELLOW,21,Bengaluru
CLM0030114,BEN_00084,Jayanagar,2020-06-07,20,0,1,1,1,1,0,1,1,0,0.0,0.159998,1,0.0,0,40,2,18,0.8804,0.5701,YELLOW,52,Bengaluru
CLM0030115,BEN_02030,Indiranagar,2016-08-29,10,0,1,1,0,1,1,0,1,1,1.0,0.982541,1,1.0,0,5,1,17,0.08,0.7279,RED,32,Bengaluru
CLM0030116,BEN_05915,HSR Layout,2024-05-02,8,0,1,1,0,0,0,0,0,0,0.0,0.331551,0,0.0,0,321,0,2,0.2142,0.6707,RED,50,Bengaluru
CLM0030117,BEN_01624,Yelahanka,2024-12-26,20,0,1,1,0,0,0,0,0,0,0.0,1.0,0,0.0,0,232,0,2,0.7815,0.7223,RED,58,Bengaluru
CLM0030118,BEN_07305,Jayanagar,2024-02-03,15,0,0,0,1,0,0,0,0,0,0.0,0.273803,0,0.0,0,420,2,2,0.5991,0.088,GREEN,53,Bengaluru
CLM0030119,BEN_03437,HSR Layout,2025-07-22,18,0,0,0,0,0,0,0,0,0,0.0,0.339516,1,0.0,0,261,4,0,0.7877,0.0717,GREEN,51,Bengaluru
CLM0030120,BEN_03659,Marathahalli,2025-02-28,13,0,0,0,0,0,0,0,0,0,0.0,0.280599,0,0.0,0,377,4,5,0.98,0.0266,GREEN,54,Bengaluru
CLM0030121,BEN_01105,Yelahanka,2021-03-28,12,0,1,1,0,0,0,0,0,0,0.0,0.230647,0,0.0,0,420,3,5,0.5719,0.0907,GREEN,43,Bengaluru
CLM0030122,BEN_06209,Marathahalli,2025-06-30,21,0,0,0,0,0,0,0,0,0,0.0,1.0,0,0.0,0,76,3,0,0.1332,0.0329,GREEN,35,Bengaluru
CLM0030123,BEN_02939,Marathahalli,2023-03-31,12,0,0,0,0,0,0,0,0,0,0.0,1.0,0,0.0,0,363,0,1,0.9672,0.027,GREEN,59,Bengaluru
CLM0030124,BEN_06691,Yelahanka,2023-06-22,10,0,0,0,0,0,0,0,0,0,0.0,0.0,0,0.0,0,259,2,2,0.8051,0.0,GREEN,50,Bengaluru
CLM0030125,BEN_08498,Marathahalli,2020-03-21,15,0,0,0,0,0,0,0,0,0,0.0,0.12194,0,0.0,0,420,2,4,0.0972,0.1373,GREEN,56,Bengaluru
CLM0030126,BEN_08252,Electronic City,2023-01-06,13,0,0,0,0,0,0,0,0,0,1.0,0.141439,0,0.0,0,420,1,2,0.7493,0.1125,GREEN,44,Bengaluru
CLM0030127,BEN_09690,Koramangala,2021-08-31,8,0,0,0,0,0,0,0,0,0,0.0,0.133542,0,0.0,0,220,1,3,0.5724,0.0,GREEN,31,Bengaluru
CLM0030128,BEN_05008,Jayanagar,2021-11-24,16,0,0,0,0,0,0,0,0,0,1.0,0.108763,0,0.0,0,113,0,4,0.1379,0.0661,GREEN,41,Bengaluru
CLM0030129,BEN_04358,Electronic City,2024-12-27,13,0,0,0,0,0,0,0,0,0,0.0,0.900431,0,0.0,0,94,4,3,0.6971,0.0292,GREEN,39,Bengaluru
CLM0030130,BEN_05042,Koramangala,2025-06-04,9,0,0,0,0,0,1,0,1,0,0.0,0.035541,0,0.0,0,420,0,0,0.7216,0.2347,GREEN,48,Bengaluru
CLM0030131,BEN_04490,Whitefield,2022-04-18,16,0,0,0,0,0,0,0,0,0,1.0,0.036735,0,0.0,0,122,4,7,0.9306,0.0763,GREEN,31,Bengaluru
CLM0030132,BEN_03500,Koramangala,2021-09-23,14,0,0,0,0,0,1,0,0,0,0.0,0.0,0,0.0,0,15,2,1,0.05,0.0604,GREEN,44,Bengaluru
CLM0030133,BEN_08089,Jayanagar,2021-09-22,18,0,0,0,0,0,1,0,0,0,0.0,0.000659,0,0.0,0,215,1,0,0.9648,0.0605,GREEN,40,Bengaluru
CLM0030134,BEN_06684,Marathahalli,2025-07-29,11,0,0,0,0,0,0,1,1,0,0.0,0.256131,0,1.0,0,5,1,3,0.6549,0.0781,GREEN,43,Bengaluru
CLM0030135,BEN_01627,BTM Layout,2025-01-04,16,0,0,0,0,0,1,0,0,0,0.0,1.0,0,0.0,0,21,0,5,0.98,0.0156,GREEN,61,Bengaluru
CLM0030136,BEN_01414,Yelahanka,2023-01-07,11,0,0,0,0,0,0,0,1,0,0.0,0.451397,0,0.0,0,36,0,2,0.6639,0.0727,GREEN,50,Bengaluru
CLM0030137,BEN_00007,BTM Layout,2022-02-26,12,0,0,0,0,0,0,0,1,0,0.0,0.288993,0,0.0,0,149,4,3,0.7282,0.1924,GREEN,33,Bengaluru
CLM0030138,BEN_04438,Jayanagar,2021-09-29,21,0,0,0,0,0,0,0,0,0,0.0,0.072693,0,0.0,0,201,1,3,0.7933,0.0,GREEN,47,Bengaluru
CLM0030139,BEN_05672,BTM Layout,2019-03-27,7,0,0,0,0,0,0,0,0,0,0.0,0.191153,0,0.0,0,336,2,2,0.2589,0.0,GREEN,37,Bengaluru
CLM0030140,BEN_00230,Koramangala,2019-08-10,17,0,0,0,0,0,0,0,0,0,0.0,0.178919,0,0.0,0,420,3,5,0.98,0.0421,GREEN,44,Bengaluru
CLM0030141,BEN_04035,Whitefield,2017-11-11,20,0,0,0,0,0,0,0,0,0,0.0,0.109664,0,1.0,0,402,3,1,0.7748,0.0,GREEN,49,Bengaluru
CLM0030142,BEN_03977,Jayanagar,2015-09-24,11,0,0,0,0,0,0,0,0,0,0.0,0.258262,0,0.0,0,420,3,0,0.4956,0.132,GREEN,40,Bengaluru
CLM0030143,BEN_01518,Yelahanka,2024-01-30,10,0,0,0,0,0,0,0,0,0,0.0,0.375754,0,0.0,0,83,1,0,0.9712,0.0,GREEN,55,Bengaluru
CLM0030144,BEN_09513,Indiranagar,2024-07-11,12,0,1,1,0,0,0,1,0,0,0.0,0.940456,0,0.0,0,5,4,0,0.072,0.0,GREEN,60,Bengaluru
CLM0030145,BEN_08142,Indiranagar,2019-08-11,14,0,0,0,1,0,0,0,0,0,0.0,0.976732,0,0.0,0,420,1,6,0.0767,0.1883,GREEN,22,Bengaluru
CLM0030146,BEN_09883,Marathahalli,2020-01-29,12,0,0,0,0,0,0,0,0,1,0.0,0.276526,0,0.0,0,279,0,0,0.1154,0.1476,GREEN,48,Bengaluru
CLM0030147,BEN_09605,Jayanagar,2016-01-13,12,0,0,0,0,0,0,0,0,0,0.0,0.980257,0,0.0,0,42,0,6,0.4136,0.1091,GREEN,40,Bengaluru
CLM0030148,BEN_07916,Whitefield,2025-09-23,14,0,0,0,0,0,0,0,0,1,0.0,0.256673,0,0.0,0,10,1,7,0.7814,0.0535,GREEN,28,Bengaluru
CLM0030149,BEN_05750,Yelahanka,2024-12-06,9,0,0,0,0,0,0,0,0,0,0.0,0.324902,0,0.0,0,269,3,0,0.9476,0.0145,GREEN,63,Bengaluru
CLM0030150,BEN_02323,Jayanagar,2025-04-09,15,0,0,0,0,0,0,1,0,0,0.0,0.192822,0,0.0,0,112,4,0,0.6255,0.0627,GREEN,39,Bengaluru
CLM0030151,BEN_01811,Koramangala,2025-12-09,10,0,0,0,0,0,0,0,0,0,0.0,0.349278,0,0.0,0,28,3,4,0.0903,0.0801,GREEN,55,Bengaluru
CLM0030152,BEN_06121,Jayanagar,2023-07-26,16,0,0,0,1,0,0,1,1,0,0.0,1.0,0,0.0,1,5,1,18,0.4742,0.1038,GREEN,28,Bengaluru
CLM0030153,BEN_07301,HSR Layout,2023-03-09,8,0,0,0,0,0,0,0,0,0,1.0,0.169579,0,0.0,0,20,4,1,0.8967,0.146,GREEN,20,Bengaluru
CLM0030154,BEN_06865,Yelahanka,2024-01-20,8,0,0,0,0,0,0,1,0,0,1.0,0.0,0,0.0,0,385,2,0,0.8559,0.1651,GREEN,33,Bengaluru
CLM0030155,BEN_00968,HSR Layout,2021-11-24,11,0,0,0,0,1,0,1,0,0,0.0,1.0,0,0.0,0,222,3,0,0.9234,0.1686,GREEN,38,Bengaluru
CLM0030156,BEN_06757,Koramangala,2020-12-27,20,0,1,1,0,0,0,0,0,0,0.0,0.151874,0,0.0,0,270,1,3,0.9546,0.0,GREEN,44,Bengaluru
CLM0030157,BEN_06495,Jayanagar,2020-09-04,21,0,0,0,0,0,0,0,0,0,0.0,0.0,0,0.0,0,376,1,5,0.0882,0.0085,GREEN,44,Bengaluru
CLM0030158,BEN_06078,BTM Layout,2018-12-12,21,0,0,0,1,0,0,0,0,0,0.0,0.203212,0,0.0,0,120,1,0,0.5787,0.2273,GREEN,52,Bengaluru
CLM0030159,BEN_01192,Rajajinagar,2025-07-18,10,0,0,0,0,0,0,0,1,0,0.0,0.114003,0,0.0,0,380,0,0,0.7285,0.0939,GREEN,55,Bengaluru
CLM0030160,BEN_01982,Jayanagar,2025-04-12,9,0,0,0,0,0,1,0,0,0,0.0,0.0,0,0.0,0,108,1,3,0.6259,0.0428,GREEN,50,Bengaluru
CLM0030161,BEN_02194,Whitefield,2025-09-12,13,0,0,0,0,0,0,0,0,0,0.0,0.317121,0,0.0,1,30,2,0,0.9715,0.0,GREEN,43,Bengaluru
CLM0030162,BEN_03043,HSR Layout,2025-01-09,20,0,0,0,0,0,0,0,0,0,0.0,0.0,0,0.0,0,234,1,0,0.7966,0.008,GREEN,53,Bengaluru
CLM0030163,BEN_02381,Koramangala,2025-01-05,16,0,0,0,0,0,0,0,0,0,0.0,0.251968,0,0.0,0,27,4,0,0.5144,0.0,GREEN,42,Bengaluru
CLM0030164,BEN_09754,Rajajinagar,2025-08-06,14,0,0,0,0,0,0,1,0,0,0.0,0.309553,0,0.0,0,117,2,5,0.1905,0.1041,GREEN,53,Bengaluru
CLM0030165,BEN_08545,Koramangala,2025-11-10,21,0,0,0,0,0,0,0,0,0,0.0,0.080882,0,0.0,0,359,3,4,0.0649,0.0,GREEN,62,Bengaluru
CLM0030166,BEN_03587,Yelahanka,2024-11-13,19,0,0,0,0,0,0,0,0,0,1.0,0.310214,0,0.0,1,50,3,6,0.7005,0.0,GREEN,43,Bengaluru
CLM0030167,BEN_06235,Rajajinagar,2023-06-17,10,0,0,0,0,0,0,1,0,0,1.0,0.444152,1,0.0,0,265,3,3,0.05,0.3047,GREEN,55,Bengaluru
CLM0030168,BEN_04416,HSR Layout,2019-03-08,16,0,0,0,0,0,0,0,0,0,0.0,0.149667,0,0.0,0,315,2,0,0.8196,0.2513,GREEN,28,Bengaluru
CLM0030169,BEN_02475,Koramangala,2025-03-16,9,0,0,0,0,0,0,0,0,0,0.0,0.260038,0,0.0,0,420,2,5,0.5295,0.0973,GREEN,59,Bengaluru
CLM0030170,BEN_00896,Koramangala,2024-02-14,17,0,0,0,0,0,0,0,0,0,0.0,0.341733,0,0.0,0,373,1,2,0.795,0.0264,GREEN,58,Bengaluru
CLM0030171,BEN_03069,Yelahanka,2022-04-26,18,0,0,0,0,0,0,0,0,0,0.0,0.957645,0,0.0,0,211,4,0,0.98,0.0,GREEN,41,Bengaluru
CLM0030172,BEN_01318,BTM Layout,2025-09-01,17,0,0,0,0,0,0,0,0,0,0.0,0.127464,0,0.0,0,333,0,3,0.187,0.0032,GREEN,41,Bengaluru
CLM0030173,BEN_08408,Whitefield,2020-12-14,19,0,0,0,0,0,0,0,0,0,0.0,0.152441,0,0.0,0,324,1,3,0.7321,0.1109,GREEN,34,Bengaluru
CLM0030174,BEN_08296,Whitefield,2016-09-21,21,0,0,0,0,0,0,0,0,0,0.0,0.18381,0,0.0,0,102,3,1,0.3229,0.0986,GREEN,57,Bengaluru
CLM0030175,BEN_09076,HSR Layout,2020-11-03,8,0,0,0,0,0,0,0,1,0,0.0,0.36294,0,0.0,0,420,4,0,0.616,0.0918,GREEN,55,Bengaluru
CLM0030176,BEN_09714,Whitefield,2021-07-07,9,0,0,0,0,0,0,0,0,0,0.0,0.340826,0,0.0,0,156,1,0,0.6596,0.0,GREEN,47,Bengaluru
CLM0030177,BEN_03701,Yelahanka,2021-03-26,11,0,0,0,0,0,0,0,0,0,0.0,0.100642,0,0.0,0,420,0,1,0.9092,0.0,GREEN,39,Bengaluru
CLM0030178,BEN_03577,Marathahalli,2024-11-14,8,0,0,0,0,0,0,0,0,0,0.0,0.329939,0,0.0,0,420,2,2,0.7242,0.0,GREEN,34,Bengaluru
CLM0030179,BEN_05318,Electronic City,2025-11-17,16,0,0,0,0,0,0,0,0,0,0.0,0.131689,0,0.0,0,225,4,0,0.6684,0.0,GREEN,47,Bengaluru
CLM0030180,BEN_09869,BTM Layout,2024-09-05,18,0,0,0,0,0,0,0,0,0,0.0,0.20264,0,0.0,0,72,2,0,0.6993,0.0,GREEN,30,Bengaluru
CLM0030181,BEN_06088,Jayanagar,2025-01-12,11,0,0,0,0,0,1,0,0,0,1.0,0.316308,1,0.0,0,420,1,2,0.1823,0.1651,GREEN,52,Bengaluru
CLM0030182,BEN_08439,Marathahalli,2025-09-24,7,0,0,0,0,0,0,0,0,0,0.0,0.101488,0,1.0,0,420,4,3,0.7235,0.0511,GREEN,53,Bengaluru
CLM0030183,BEN_08893,Electronic City,2023-06-29,18,0,0,0,0,0,0,0,0,0,0.0,0.294969,0,0.0,0,260,3,3,0.6271,0.0,GREEN,50,Bengaluru
CLM0030184,BEN_01456,Whitefield,2025-11-30,21,0,0,0,0,0,1,0,1,0,0.0,0.134497,0,0.0,0,322,3,3,0.4477,0.1615,GREEN,31,Bengaluru
CLM0030185,BEN_08778,Indiranagar,2021-07-25,14,0,0,0,1,0,0,0,0,0,0.0,0.0,0,0.0,0,296,1,5,0.4662,0.009,GREEN,38,Bengaluru
CLM0030186,BEN_06148,Whitefield,2021-04-12,15,0,0,0,0,0,0,0,0,0,0.0,0.401266,0,0.0,0,420,2,1,0.98,0.0214,GREEN,57,Bengaluru
CLM0030187,BEN_09230,Whitefield,2025-08-04,21,0,0,0,0,0,0,0,0,0,0.0,0.026755,0,0.0,0,286,0,0,0.6405,0.0,GREEN,26,Bengaluru
CLM0030188,BEN_02751,Indiranagar,2024-11-28,10,0,0,0,0,0,0,0,0,0,0.0,0.274715,0,0.0,0,184,2,2,0.05,0.0,GREEN,42,Bengaluru
CLM0030189,BEN_01768,Marathahalli,2017-12-19,9,0,0,0,0,0,0,0,0,0,0.0,0.273426,0,0.0,0,70,1,1,0.5294,0.0143,GREEN,40,Bengaluru
CLM0030190,BEN_07038,Marathahalli,2020-01-28,7,0,0,0,0,0,0,0,0,1,0.0,0.144007,0,1.0,0,81,4,0,0.7198,0.0129,GREEN,45,Bengaluru
CLM0030191,BEN_08462,Marathahalli,2021-05-19,15,0,0,0,0,0,0,0,0,0,0.0,0.340367,0,0.0,0,360,0,1,0.7165,0.0957,GREEN,43,Bengaluru
CLM0030192,BEN_07306,Whitefield,2025-04-01,10,0,0,0,0,0,0,0,0,0,1.0,1.0,0,0.0,0,220,0,6,0.8418,0.0465,GREEN,45,Bengaluru
CLM0030193,BEN_02955,Yelahanka,2021-04-20,12,0,0,0,0,0,1,0,0,0,0.0,0.0,0,0.0,0,420,4,1,0.4547,0.2333,GREEN,35,Bengaluru
CLM0030194,BEN_09189,Whitefield,2025-08-02,8,0,0,0,0,0,0,0,0,0,0.0,0.360677,0,0.0,0,324,0,2,0.7146,0.0,GREEN,46,Bengaluru
CLM0030195,BEN_08404,Koramangala,2024-03-05,8,0,0,0,0,0,0,0,0,0,0.0,0.308591,0,0.0,0,157,2,3,0.6332,0.0498,GREEN,34,Bengaluru
CLM0030196,BEN_02365,Indiranagar,2020-11-14,19,0,0,0,0,0,0,0,0,0,0.0,0.0723,0,0.0,0,167,2,1,0.98,0.0027,GREEN,18,Bengaluru
CLM0030197,BEN_02115,Whitefield,2025-02-20,16,0,0,0,0,0,0,0,0,0,0.0,1.0,0,0.0,0,275,0,3,0.2296,0.0,GREEN,29,Bengaluru
CLM0030198,BEN_05769,Electronic City,2023-03-24,18,0,0,0,0,0,0,0,0,0,0.0,0.94031,0,0.0,0,106,4,3,0.9275,0.0,GREEN,46,Bengaluru
CLM0030199,BEN_01270,Koramangala,2021-12-20,8,0,0,0,0,0,0,0,1,0,1.0,0.298616,0,0.0,0,256,0,4,0.7929,0.0907,GREEN,49,Bengaluru
CLM0030200,BEN_07275,Yelahanka,2021-12-27,13,0,0,0,0,0,0,0,0,0,0.0,0.989784,0,0.0,0,249,3,2,0.9265,0.0,GREEN,50,Bengaluru
CLM0030201,BEN_08023,HSR Layout,2023-07-11,8,0,0,0,0,0,0,0,0,0,0.0,0.0,0,0.0,0,144,1,2,0.104,0.0088,GREEN,46,Bengaluru
CLM0030202,BEN_01297,Whitefield,2024-03-16,9,0,0,0,0,0,0,0,0,0,0.0,0.0,0,0.0,0,296,4,3,0.8724,0.1702,GREEN,48,Bengaluru
CLM0030203,BEN_01822,Indiranagar,2022-12-02,21,0,0,0,0,0,0,0,0,0,1.0,0.147584,0,0.0,0,420,4,0,0.7784,0.0857,GREEN,40,Bengaluru
CLM0030204,BEN_02316,Whitefield,2025-12-22,16,0,0,0,0,0,0,0,0,0,0.0,0.203071,0,0.0,0,97,4,5,0.6636,0.0,GREEN,32,Bengaluru
CLM0030205,BEN_03368,Jayanagar,2025-06-20,11,0,0,0,0,0,0,0,0,0,1.0,0.116749,0,0.0,0,420,2,0,0.933,0.0676,GREEN,43,Bengaluru
CLM0030206,BEN_08251,HSR Layout,2024-08-24,18,0,0,0,0,0,0,0,1,0,0.0,0.068798,0,0.0,0,289,4,1,0.7303,0.0791,GREEN,45,Bengaluru
CLM0030207,BEN_00122,Koramangala,2024-08-19,13,0,0,0,0,0,0,0,0,0,1.0,0.17817,0,0.0,0,126,1,1,0.6876,0.1005,GREEN,52,Bengaluru
CLM0030208,BEN_02517,Jayanagar,2025-01-04,15,0,0,0,0,1,0,0,0,0,0.0,0.266763,0,0.0,0,420,0,0,0.7001,0.0775,GREEN,57,Bengaluru
CLM0030209,BEN_02612,Electronic City,2025-12-13,18,0,0,0,0,0,0,0,0,0,0.0,0.225732,0,0.0,0,208,3,1,0.1009,0.0189,GREEN,55,Bengaluru
CLM0030210,BEN_03681,Rajajinagar,2020-08-12,10,0,0,0,0,0,0,0,0,0,1.0,0.05706,1,0.0,0,389,1,0,0.6057,0.1325,GREEN,50,Bengaluru
CLM0030211,BEN_01989,BTM Layout,2023-08-26,18,0,0,0,0,0,0,0,0,0,1.0,0.284397,0,1.0,0,239,1,3,0.374,0.0,GREEN,40,Bengaluru
CLM0030212,BEN_07858,Indiranagar,2023-07-21,13,0,0,0,0,0,1,0,0,0,0.0,0.110803,0,0.0,0,279,4,3,0.6367,0.1323,GREEN,38,Bengaluru
CLM0030213,BEN_00546,BTM Layout,2018-12-04,12,0,0,0,0,0,0,0,0,1,0.0,0.194494,0,0.0,0,420,3,0,0.05,0.1307,GREEN,34,Bengaluru
CLM0030214,BEN_09522,Koramangala,2025-11-16,17,0,0,0,0,0,0,0,0,0,1.0,0.019286,0,0.0,0,420,1,2,0.9368,0.0993,GREEN,39,Bengaluru
CLM0030215,BEN_07207,Whitefield,2024-09-10,16,0,0,0,0,0,0,0,0,0,0.0,0.069592,0,0.0,0,226,3,2,0.8258,0.0,GREEN,34,Bengaluru
CLM0030216,BEN_09221,Yelahanka,2024-11-09,12,0,0,0,0,0,0,0,0,0,1.0,0.241539,0,0.0,0,306,1,4,0.9441,0.1079,GREEN,28,Bengaluru
CLM0030217,BEN_07363,Marathahalli,2024-04-08,9,0,0,0,0,0,0,1,1,0,0.0,0.150418,0,0.0,0,41,0,7,0.5103,0.2695,GREEN,67,Bengaluru
CLM0030218,BEN_03731,Jayanagar,2024-09-11,19,0,0,0,0,0,0,0,0,0,0.0,0.205189,0,0.0,0,312,4,4,0.7699,0.0106,GREEN,30,Bengaluru
CLM0030219,BEN_07302,Whitefield,2016-10-21,7,0,0,0,1,0,0,0,0,0,0.0,0.989895,0,0.0,0,420,3,2,0.5497,0.152,GREEN,34,Bengaluru
CLM0030220,BEN_02018,Jayanagar,2019-12-29,13,0,0,0,0,0,0,0,0,0,0.0,0.084439,0,0.0,0,385,1,4,0.2605,0.0472,GREEN,52,Bengaluru
CLM0030221,BEN_06052,Rajajinagar,2025-05-04,12,0,0,0,0,0,0,0,0,0,0.0,0.989969,0,1.0,0,142,1,2,0.9179,0.0,GREEN,45,Bengaluru
CLM0030222,BEN_02779,Jayanagar,2016-08-06,16,0,0,0,0,0,0,0,0,0,0.0,0.221159,0,0.0,0,178,2,0,0.05,0.0082,GREEN,41,Bengaluru
CLM0030223,BEN_00020,Rajajinagar,2022-08-01,15,0,0,0,0,0,1,0,0,0,0.0,0.03375,0,0.0,0,276,1,6,0.8233,0.1409,GREEN,60,Bengaluru
CLM0030224,BEN_02159,Indiranagar,2016-05-20,15,0,0,0,0,0,0,0,0,0,0.0,0.394537,0,0.0,0,327,3,4,0.8373,0.0,GREEN,31,Bengaluru
CLM0030225,BEN_09618,BTM Layout,2018-01-18,9,0,0,0,1,0,0,0,0,0,0.0,0.131963,0,0.0,0,289,1,0,0.1409,0.2107,GREEN,39,Bengaluru
CLM0030226,BEN_04180,Koramangala,2018-06-18,15,0,1,1,0,0,0,0,0,1,0.0,1.0,0,0.0,0,27,0,1,0.6622,0.0878,GREEN,29,Bengaluru
CLM0030227,BEN_00565,Electronic City,2025-09-21,7,0,0,0,0,0,0,0,0,0,0.0,0.088979,0,0.0,0,281,3,2,0.245,0.0142,GREEN,48,Bengaluru
CLM0030228,BEN_05783,Jayanagar,2019-06-03,10,0,0,0,0,0,0,0,0,1,0.0,0.264782,0,0.0,0,61,1,1,0.557,0.1639,GREEN,38,Bengaluru
CLM0030229,BEN_04512,Koramangala,2022-12-21,18,0,0,0,0,0,0,0,0,0,0.0,0.246293,0,0.0,0,420,3,1,0.8422,0.0313,GREEN,44,Bengaluru
CLM0030230,BEN_04065,BTM Layout,2023-10-29,11,0,0,0,0,0,0,0,0,0,0.0,0.079852,0,0.0,0,397,0,3,0.5688,0.0,GREEN,44,Bengaluru
CLM0030231,BEN_05857,Electronic City,2025-02-10,10,0,0,0,0,0,0,0,0,0,0.0,0.259511,0,0.0,0,247,4,2,0.9697,0.0,GREEN,62,Bengaluru
CLM0030232,BEN_03135,Whitefield,2025-02-06,15,0,0,0,1,0,1,0,0,0,0.0,0.280873,0,0.0,0,326,3,1,0.05,0.282,GREEN,40,Bengaluru
CLM0030233,BEN_08124,HSR Layout,2025-11-30,15,0,0,0,1,0,0,0,0,0,0.0,0.161017,0,0.0,0,147,2,3,0.6811,0.1677,GREEN,59,Bengaluru
CLM0030234,BEN_03631,Jayanagar,2025-05-25,19,0,0,0,0,0,1,0,0,0,0.0,0.209399,0,0.0,0,420,1,4,0.1117,0.0517,GREEN,45,Bengaluru
CLM0030235,BEN_02992,Jayanagar,2025-02-26,17,0,0,0,0,0,1,0,0,0,0.0,0.463212,0,1.0,0,264,1,1,0.824,0.2466,GREEN,59,Bengaluru
CLM0030236,BEN_08484,Electronic City,2023-09-13,11,0,0,0,0,0,1,0,0,0,1.0,0.94953,0,1.0,0,215,3,3,0.9444,0.1037,GREEN,28,Bengaluru
CLM0030237,BEN_09913,Marathahalli,2024-05-27,17,0,0,0,0,0,0,0,0,0,0.0,0.895304,0,0.0,0,22,2,7,0.05,0.0,GREEN,30,Bengaluru
CLM0030238,BEN_01808,Koramangala,2019-05-01,19,0,0,0,0,0,0,0,0,0,0.0,0.2925,0,0.0,0,420,2,0,0.6267,0.0,GREEN,18,Bengaluru
CLM0030239,BEN_07176,Indiranagar,2019-08-10,9,0,0,0,0,1,1,1,1,0,0.0,0.290199,1,0.0,0,200,0,0,0.9203,0.3864,YELLOW,39,Bengaluru
CLM0030240,BEN_03441,HSR Layout,2022-01-16,15,0,0,0,0,0,0,0,1,1,0.0,0.309591,0,0.0,0,96,4,0,0.6099,0.3619,YELLOW,37,Bengaluru
CLM0030241,BEN_02644,Yelahanka,2023-10-24,13,0,0,0,0,0,0,0,0,0,0.0,0.233355,0,0.0,1,336,4,0,0.8384,0.0,GREEN,31,Bengaluru
CLM0030242,BEN_03752,Marathahalli,2021-06-19,13,0,0,0,0,0,0,0,0,0,0.0,0.439698,0,0.0,0,113,3,0,0.6406,0.0,GREEN,50,Bengaluru
CLM0030243,BEN_07643,Koramangala,2024-12-23,19,0,0,0,0,0,0,0,0,0,0.0,1.0,0,0.0,0,102,2,0,0.7844,0.0,GREEN,40,Bengaluru
CLM0030244,BEN_09002,BTM Layout,2020-08-04,19,0,0,0,0,1,0,0,0,0,0.0,0.867558,0,0.0,1,307,3,2,0.5397,0.2686,GREEN,48,Bengaluru
CLM0030245,BEN_03062,Whitefield,2023-07-23,8,0,0,0,0,1,0,0,1,0,0.0,0.978859,0,0.0,0,38,0,1,0.526,0.1152,GREEN,42,Bengaluru
CLM0030246,BEN_01670,Electronic City,2020-01-28,18,0,0,0,0,0,0,1,1,0,0.0,0.071377,0,0.0,0,187,1,0,0.5903,0.1597,GREEN,33,Bengaluru
CLM0030247,BEN_04285,Electronic City,2025-01-10,20,0,0,0,0,0,0,0,0,0,0.0,1.0,0,0.0,0,357,4,2,0.8618,0.0,GREEN,56,Bengaluru
CLM0030248,BEN_07464,Electronic City,2021-03-07,7,0,0,0,0,0,1,0,0,0,0.0,0.295595,0,0.0,0,193,1,0,0.3342,0.186,GREEN,60,Bengaluru
CLM0030249,BEN_02936,Whitefield,2018-04-08,20,0,0,0,0,0,0,1,0,0,0.0,0.228529,0,0.0,0,11,2,6,0.5896,0.0262,GREEN,50,Bengaluru
CLM0030250,BEN_01214,Indiranagar,2018-09-28,16,0,0,0,0,0,0,0,0,0,0.0,0.109075,0,0.0,0,287,4,4,0.7065,0.0653,GREEN,42,Bengaluru
CLM0030251,BEN_07818,HSR Layout,2025-12-07,17,0,0,0,0,0,0,0,0,0,0.0,0.242437,0,0.0,0,249,2,2,0.5457,0.0667,GREEN,48,Bengaluru
CLM0030252,BEN_04218,BTM Layout,2025-01-23,14,0,0,0,0,0,0,0,0,0,0.0,0.114258,0,0.0,0,187,1,2,0.98,0.0,GREEN,33,Bengaluru
CLM0030253,BEN_02658,Electronic City,2021-04-11,8,0,0,0,0,0,0,0,0,0,0.0,1.0,0,0.0,0,420,1,3,0.0687,0.0,GREEN,41,Bengaluru
CLM0030254,BEN_01165,Indiranagar,2024-11-06,16,0,0,0,0,0,1,0,0,0,0.0,0.192301,0,0.0,0,183,2,1,0.8386,0.135,GREEN,41,Bengaluru
CLM0030255,BEN_09742,Jayanagar,2025-03-23,21,0,0,0,0,0,1,0,0,0,0.0,0.256645,0,0.0,0,420,1,2,0.4286,0.1702,GREEN,33,Bengaluru
CLM0030256,BEN_06726,BTM Layout,2025-01-14,15,0,1,1,0,0,0,0,0,0,0.0,0.989581,0,0.0,0,5,2,0,0.8085,0.0305,GREEN,48,Bengaluru
CLM0030257,BEN_05740,BTM Layout,2024-11-02,21,0,0,0,0,0,0,0,0,0,0.0,0.257221,0,0.0,0,366,0,0,0.8996,0.0,GREEN,38,Bengaluru
CLM0030258,BEN_07285,Marathahalli,2025-05-06,14,0,0,0,0,0,0,0,0,0,0.0,0.978691,1,0.0,0,204,4,3,0.1132,0.1247,GREEN,40,Bengaluru
CLM0030259,BEN_05921,Koramangala,2023-06-28,20,0,0,0,0,0,0,0,0,0,0.0,0.356027,0,0.0,0,412,2,8,0.8741,0.1262,GREEN,52,Bengaluru
CLM0030260,BEN_03058,Jayanagar,2025-03-27,15,0,0,0,0,0,1,0,0,0,0.0,0.376869,0,0.0,0,171,1,5,0.6558,0.096,GREEN,41,Bengaluru
CLM0030261,BEN_09603,Marathahalli,2024-11-12,13,0,0,0,1,1,1,1,1,1,1.0,0.177338,0,1.0,0,5,4,18,0.9032,0.0622,GREEN,34,Bengaluru
CLM0030262,BEN_04890,Yelahanka,2024-07-27,16,0,0,0,0,1,0,0,0,0,0.0,0.117909,0,0.0,0,150,3,3,0.6947,0.0441,GREEN,53,Bengaluru
CLM0030263,BEN_03178,Whitefield,2024-01-27,18,0,0,0,0,0,1,0,0,0,0.0,0.0,0,0.0,0,420,2,0,0.5955,0.1046,GREEN,54,Bengaluru
CLM0030264,BEN_09631,Koramangala,2020-07-02,10,0,0,0,0,0,1,0,0,0,0.0,0.236523,0,0.0,0,420,4,2,0.6286,0.0125,GREEN,38,Bengaluru
CLM0030265,BEN_02665,HSR Layout,2020-05-25,8,0,1,1,0,0,0,0,0,0,0.0,0.318698,0,0.0,0,343,2,1,0.5828,0.0996,GREEN,42,Bengaluru
CLM0030266,BEN_07156,Marathahalli,2021-08-28,20,0,0,0,0,0,0,0,0,0,0.0,0.279889,0,0.0,0,198,2,0,0.9582,0.0077,GREEN,40,Bengaluru
CLM0030267,BEN_03315,Whitefield,2021-01-10,12,0,0,0,0,0,0,0,0,0,0.0,0.419205,0,0.0,0,420,4,4,0.5928,0.0114,GREEN,42,Bengaluru
CLM0030268,BEN_00905,Jayanagar,2021-12-16,11,0,0,0,0,0,0,0,0,0,0.0,0.18341,0,0.0,1,182,1,2,0.6392,0.0988,GREEN,27,Bengaluru
CLM0030269,BEN_03867,Rajajinagar,2023-09-24,8,0,0,0,0,0,0,0,1,0,0.0,0.138763,0,0.0,0,99,3,3,0.5687,0.0823,GREEN,43,Bengaluru
CLM0030270,BEN_01399,Electronic City,2024-05-11,8,0,0,0,1,0,0,0,0,0,0.0,0.970052,0,0.0,0,420,4,4,0.5145,0.0972,GREEN,46,Bengaluru
CLM0030271,BEN_08918,Yelahanka,2025-12-16,14,0,0,0,0,0,0,0,0,0,0.0,0.435986,0,0.0,0,420,1,2,0.6353,0.0,GREEN,57,Bengaluru
CLM0030272,BEN_08778,Indiranagar,2020-07-27,15,0,0,0,0,0,0,0,0,0,0.0,0.425615,0,0.0,0,32,3,2,0.9268,0.0,GREEN,38,Bengaluru
CLM0030273,BEN_09975,Electronic City,2024-01-09,8,0,0,0,0,0,0,0,0,0,0.0,0.019329,0,0.0,0,73,0,0,0.3479,0.0,GREEN,50,Bengaluru
CLM0030274,BEN_04580,Yelahanka,2024-02-19,12,0,0,0,0,0,0,0,0,0,0.0,0.191823,0,0.0,0,39,4,2,0.9525,0.0,GREEN,41,Bengaluru
CLM0030275,BEN_02031,Koramangala,2021-02-19,15,0,0,0,1,0,0,1,1,1,1.0,1.0,1,1.0,1,27,1,18,0.0801,0.0,GREEN,36,Bengaluru
CLM0030276,BEN_01257,Rajajinagar,2023-03-07,12,0,1,1,0,0,0,0,0,0,0.0,0.314139,0,1.0,0,306,1,3,0.19,0.1192,GREEN,49,Bengaluru
CLM0030277,BEN_06631,Jayanagar,2025-06-24,21,0,0,0,0,0,0,0,0,0,0.0,0.103815,0,0.0,0,178,0,6,0.6056,0.0,GREEN,44,Bengaluru
CLM0030278,BEN_05365,Yelahanka,2023-08-13,21,0,0,0,0,0,0,0,0,0,0.0,0.224295,0,0.0,0,413,0,0,0.7118,0.0,GREEN,39,Bengaluru
CLM0030279,BEN_03715,HSR Layout,2024-08-28,14,0,0,0,0,0,0,0,0,0,0.0,0.056419,0,0.0,0,420,3,4,0.8102,0.0214,GREEN,54,Bengaluru
CLM0030280,BEN_00380,Yelahanka,2023-11-18,14,0,0,0,0,0,0,0,0,0,0.0,0.362779,0,0.0,0,310,2,2,0.8542,0.0,GREEN,50,Bengaluru
CLM0030281,BEN_02390,Jayanagar,2022-10-09,21,0,0,0,0,0,0,0,0,1,0.0,0.343258,0,1.0,0,409,0,4,0.6818,0.0689,GREEN,49,Bengaluru
CLM0030282,BEN_05449,Marathahalli,2020-02-05,12,0,0,0,0,0,0,1,0,0,0.0,0.038018,1,0.0,1,290,4,0,0.8632,0.2783,GREEN,46,Bengaluru
CLM0030283,BEN_02917,Indiranagar,2023-01-12,18,0,1,1,0,0,1,1,1,1,0.0,0.362523,0,1.0,0,5,4,18,0.1732,0.0,GREEN,44,Bengaluru
CLM0030284,BEN_01282,BTM Layout,2025-03-08,13,0,0,0,1,1,1,1,0,1,0.0,0.070553,1,0.0,1,11,2,18,0.8312,0.0719,GREEN,52,Bengaluru
CLM0030285,BEN_05141,HSR Layout,2021-12-27,18,0,0,0,1,0,0,0,0,0,0.0,0.302257,0,0.0,0,32,0,2,0.2469,0.1125,GREEN,39,Bengaluru
CLM0030286,BEN_02523,Marathahalli,2022-10-23,13,0,0,0,0,0,0,0,0,0,1.0,0.165866,0,0.0,0,420,3,0,0.5299,0.0,GREEN,27,Bengaluru
CLM0030287,BEN_02153,Electronic City,2022-11-04,14,0,1,1,0,0,1,0,0,0,0.0,0.018495,0,0.0,0,396,4,4,0.7144,0.1339,GREEN,28,Bengaluru
CLM0030288,BEN_03951,Koramangala,2020-06-18,18,0,0,0,0,0,0,0,0,0,0.0,0.998363,0,0.0,0,408,0,7,0.598,0.0,GREEN,62,Bengaluru
CLM0030289,BEN_04425,Marathahalli,2021-06-04,13,0,0,0,0,0,0,0,0,0,0.0,0.31608,0,0.0,0,362,4,0,0.6276,0.0583,GREEN,59,Bengaluru
CLM0030290,BEN_06992,Whitefield,2022-11-27,7,0,0,0,0,0,0,0,0,0,0.0,1.0,0,0.0,0,387,3,5,0.5663,0.0,GREEN,57,Bengaluru
CLM0030291,BEN_08103,Electronic City,2020-04-21,11,0,0,0,0,0,1,0,1,0,0.0,0.188946,0,0.0,0,52,3,0,0.98,0.1635,GREEN,55,Bengaluru
CLM0030292,BEN_06003,Koramangala,2024-06-30,20,0,0,0,0,0,1,0,0,0,0.0,0.059157,0,0.0,0,120,0,4,0.9017,0.2418,GREEN,40,Bengaluru
CLM0030293,BEN_05049,Whitefield,2020-08-28,21,0,0,0,0,0,0,0,0,0,0.0,0.23258,0,0.0,0,314,2,0,0.9036,0.0195,GREEN,48,Bengaluru
CLM0030294,BEN_04502,Whitefield,2025-11-08,19,0,0,0,0,0,0,0,0,0,0.0,0.295155,0,0.0,0,420,4,1,0.941,0.0,GREEN,54,Bengaluru
CLM0030295,BEN_04977,Yelahanka,2018-08-17,18,0,0,0,0,0,0,0,0,0,0.0,0.168277,0,0.0,0,159,0,1,0.05,0.0718,GREEN,28,Bengaluru
CLM0030296,BEN_08342,Koramangala,2021-05-07,13,0,0,0,0,0,0,0,0,0,0.0,0.271029,0,0.0,0,214,1,2,0.8326,0.0,GREEN,39,Bengaluru
CLM0030297,BEN_05584,Electronic City,2018-06-11,16,0,0,0,0,0,0,0,0,1,0.0,0.073557,0,0.0,0,420,3,3,0.86,0.1763,GREEN,48,Bengaluru
CLM0030298,BEN_06143,Yelahanka,2018-11-04,8,0,0,0,0,0,0,0,0,0,0.0,0.131769,0,0.0,0,78,3,1,0.98,0.0303,GREEN,38,Bengaluru
CLM0030299,BEN_00351,Whitefield,2025-05-08,19,0,0,0,0,0,0,0,0,0,0.0,0.199071,0,0.0,0,420,3,4,0.7887,0.1399,GREEN,47,Bengaluru
CLM0030300,BEN_08397,Koramangala,2022-03-04,16,0,0,0,0,0,0,1,0,0,1.0,0.082954,0,0.0,1,420,0,2,0.8895,0.2669,GREEN,43,Bengaluru
CLM0030301,BEN_06886,Marathahalli,2024-03-21,9,0,0,0,0,0,0,0,0,0,0.0,0.190996,0,1.0,0,185,4,0,0.594,0.0028,GREEN,49,Bengaluru
CLM0030302,BEN_00632,Marathahalli,2024-03-09,7,0,0,0,0,0,0,0,0,0,0.0,0.140064,0,0.0,0,358,4,4,0.7281,0.0,GREEN,52,Bengaluru
CLM0030303,BEN_02582,HSR Layout,2022-09-08,21,0,0,0,0,0,0,0,1,0,0.0,0.327428,0,0.0,0,48,4,1,0.9032,0.1826,GREEN,33,Bengaluru
CLM0030304,BEN_04036,BTM Layout,2025-08-28,8,0,0,0,0,0,0,0,0,0,0.0,0.047231,0,0.0,0,290,0,4,0.5669,0.0,GREEN,58,Bengaluru
CLM0030305,BEN_09549,Marathahalli,2019-08-05,12,0,0,0,0,0,0,0,0,0,0.0,0.337761,0,0.0,0,420,0,1,0.8601,0.0,GREEN,56,Bengaluru
CLM0030306,BEN_01301,HSR Layout,2020-01-27,12,0,0,0,0,0,0,0,0,0,0.0,0.430654,0,1.0,0,420,0,2,0.7146,0.0,GREEN,38,Bengaluru
CLM0030307,BEN_09583,BTM Layout,2019-08-09,16,0,0,0,0,0,0,0,0,0,0.0,0.0,0,1.0,0,243,0,3,0.8247,0.0,GREEN,38,Bengaluru
CLM0030308,BEN_08981,BTM Layout,2023-11-16,13,0,0,0,0,0,0,0,0,0,0.0,0.182184,0,0.0,0,53,3,2,0.8255,0.0413,GREEN,42,Bengaluru
CLM0030309,BEN_03550,Jayanagar,2021-03-28,18,0,0,0,0,0,0,0,0,1,0.0,1.0,0,0.0,0,420,2,4,0.8295,0.1019,GREEN,50,Bengaluru
CLM0030310,BEN_09238,Jayanagar,2025-04-12,20,0,0,0,0,0,0,0,0,0,0.0,0.348631,0,0.0,0,420,4,2,0.9656,0.0144,GREEN,18,Bengaluru
CLM0030311,BEN_07007,Electronic City,2019-02-17,11,0,0,0,0,0,0,0,0,0,0.0,0.366654,0,0.0,0,358,1,2,0.8149,0.0,GREEN,39,Bengaluru
CLM0030312,BEN_05166,BTM Layout,2024-07-10,9,0,0,0,0,0,0,0,0,0,1.0,0.911653,1,1.0,0,420,4,5,0.8166,0.0239,GREEN,37,Bengaluru
CLM0030313,BEN_06820,Koramangala,2023-12-28,17,0,0,0,0,0,0,1,0,0,0.0,0.201422,0,0.0,0,364,4,0,0.98,0.0848,GREEN,20,Bengaluru
CLM0030314,BEN_06060,Indiranagar,2025-09-10,16,0,0,0,0,0,0,0,1,0,0.0,0.986086,0,0.0,0,310,0,0,0.6191,0.1871,GREEN,46,Bengaluru
CLM0030315,BEN_07744,Marathahalli,2025-03-28,9,0,0,0,0,0,0,0,0,0,0.0,0.300811,0,0.0,0,77,1,4,0.05,0.0,GREEN,59,Bengaluru
CLM0030316,BEN_00413,Marathahalli,2025-10-21,7,0,0,0,1,0,0,1,1,0,0.0,1.0,0,0.0,1,5,2,18,0.3643,0.0487,GREEN,40,Bengaluru
CLM0030317,BEN_03797,Indiranagar,2025-05-16,8,0,0,0,0,1,0,0,0,0,0.0,0.093917,0,0.0,0,75,2,2,0.7274,0.0981,GREEN,38,Bengaluru
CLM0030318,BEN_09495,Electronic City,2024-02-11,20,0,0,0,1,1,0,0,1,1,1.0,0.811892,0,0.0,0,5,0,18,0.05,0.0318,GREEN,30,Bengaluru
CLM0030319,BEN_03779,Electronic City,2024-02-16,8,0,0,0,0,0,0,0,0,0,0.0,0.103765,0,0.0,0,360,0,0,0.7882,0.0,GREEN,44,Bengaluru
CLM0030320,BEN_01396,Yelahanka,2024-09-26,17,0,0,0,0,0,0,0,0,0,0.0,0.107993,0,0.0,0,281,2,0,0.3952,0.0338,GREEN,56,Bengaluru
CLM0030321,BEN_01345,Whitefield,2025-10-31,15,0,1,1,0,0,1,1,1,0,0.0,0.997952,0,0.0,1,5,2,18,0.797,0.3638,YELLOW,35,Bengaluru
CLM0030322,BEN_01314,Marathahalli,2018-12-16,17,0,1,1,1,1,1,1,1,0,0.0,0.163721,0,0.0,1,5,0,18,0.8897,0.7463,RED,39,Bengaluru
CLM0030323,BEN_04163,Jayanagar,2025-03-29,15,0,1,1,0,0,1,0,0,0,0.0,0.323073,0,0.0,0,51,1,2,0.7407,0.1757,GREEN,33,Bengaluru
CLM0030324,BEN_06817,Rajajinagar,2016-11-26,19,0,1,1,0,0,0,0,0,0,0.0,0.419833,0,0.0,0,164,0,3,0.7746,0.6897,RED,45,Bengaluru
CLM0030325,BEN_01743,Electronic City,2021-12-08,8,0,1,1,1,1,1,0,0,1,1.0,1.0,0,0.0,1,5,2,18,0.05,0.8084,RED,42,Bengaluru
CLM0030326,BEN_06646,Jayanagar,2024-06-21,11,0,1,1,1,1,0,1,1,1,0.0,0.159743,1,0.0,1,18,0,18,0.9173,0.722,RED,37,Bengaluru
CLM0030327,BEN_05609,Yelahanka,2017-07-13,10,0,1,1,1,0,1,1,1,1,0.0,0.179071,0,0.0,1,10,2,14,0.8764,0.6734,RED,49,Bengaluru
CLM0030328,BEN_01855,Electronic City,2019-09-03,7,0,1,1,1,0,0,1,1,1,1.0,0.111454,0,1.0,1,15,0,18,0.05,0.6397,RED,56,Bengaluru
CLM0030329,BEN_06373,Jayanagar,2022-04-07,11,0,1,1,0,1,0,0,1,0,1.0,0.161773,1,0.0,1,5,2,18,0.05,0.5209,YELLOW,50,Bengaluru
CLM0030330,BEN_07348,Indiranagar,2021-08-04,7,0,1,1,1,0,0,1,0,1,1.0,0.905411,0,0.0,0,12,1,18,0.0839,0.4097,YELLOW,45,Bengaluru
CLM0030331,BEN_09593,Koramangala,2018-06-17,19,0,1,1,0,0,0,1,0,1,1.0,0.147164,0,0.0,0,61,0,4,0.6599,0.6614,RED,43,Bengaluru
CLM0030332,BEN_03282,HSR Layout,2024-10-22,18,0,0,0,0,0,0,0,0,0,0.0,0.367369,0,0.0,0,47,1,2,0.1921,0.0803,GREEN,39,Bengaluru
CLM0030333,BEN_03136,HSR Layout,2023-07-21,13,0,0,0,0,0,1,0,0,0,0.0,0.342118,0,0.0,0,33,4,0,0.6199,0.1372,GREEN,58,Bengaluru
CLM0030334,BEN_08385,Yelahanka,2025-02-13,17,0,0,0,0,0,0,0,0,0,0.0,0.334278,0,0.0,0,289,0,3,0.5996,0.014,GREEN,48,Bengaluru
CLM0030335,BEN_07931,Indiranagar,2025-06-04,15,0,0,0,0,0,0,0,1,0,0.0,0.0,0,0.0,0,200,4,2,0.98,0.0,GREEN,38,Bengaluru
CLM0030336,BEN_08292,Jayanagar,2023-12-18,19,0,0,0,0,0,0,0,0,0,0.0,0.221488,0,0.0,0,420,3,4,0.6301,0.0,GREEN,19,Bengaluru
CLM0030337,BEN_02877,HSR Layout,2021-02-05,16,0,0,0,0,0,0,0,0,0,0.0,0.362072,0,0.0,0,157,4,0,0.05,0.0251,GREEN,39,Bengaluru
CLM0030338,BEN_04673,HSR Layout,2025-12-24,9,0,0,0,0,0,0,0,0,0,1.0,0.028344,0,0.0,0,420,0,5,0.7974,0.043,GREEN,48,Bengaluru
CLM0030339,BEN_08225,Rajajinagar,2022-05-31,19,0,0,0,0,0,1,0,1,0,0.0,0.34242,0,0.0,0,344,0,2,0.6431,0.1201,GREEN,53,Bengaluru
CLM0030340,BEN_01036,HSR Layout,2017-12-31,9,0,0,0,0,0,0,0,0,0,0.0,0.293631,0,0.0,0,142,2,2,0.7945,0.1664,GREEN,37,Bengaluru
CLM0030341,BEN_02232,Jayanagar,2019-05-17,16,0,1,1,0,0,0,0,0,0,1.0,0.084009,0,0.0,0,229,4,2,0.4047,0.0461,GREEN,52,Bengaluru
CLM0030342,BEN_06290,Jayanagar,2025-08-05,19,0,0,0,0,0,0,1,0,0,0.0,1.0,0,0.0,0,420,1,4,0.8544,0.0507,GREEN,43,Bengaluru
CLM0030343,BEN_02428,HSR Layout,2024-07-31,17,0,0,0,0,0,1,0,0,0,0.0,0.010915,0,0.0,1,218,4,4,0.6624,0.2562,GREEN,36,Bengaluru
CLM0030344,BEN_02787,Yelahanka,2023-05-28,15,0,0,0,0,0,0,0,0,0,0.0,0.327082,0,0.0,0,217,0,4,0.8608,0.0,GREEN,45,Bengaluru
CLM0030345,BEN_00911,Koramangala,2025-08-12,13,0,0,0,0,0,0,0,0,0,0.0,1.0,0,0.0,0,144,0,0,0.7232,0.0,GREEN,49,Bengaluru
CLM0030346,BEN_06988,HSR Layout,2022-10-20,13,0,0,0,0,0,1,0,0,0,0.0,0.280207,0,0.0,0,390,2,0,0.571,0.1598,GREEN,46,Bengaluru
CLM0030347,BEN_04369,HSR Layout,2023-08-21,10,0,0,0,0,0,0,0,0,0,0.0,0.210944,0,0.0,0,287,1,2,0.8708,0.0252,GREEN,55,Bengaluru
CLM0030348,BEN_06976,Rajajinagar,2025-01-17,19,0,0,0,0,0,0,0,0,0,1.0,0.148517,0,0.0,0,15,1,0,0.6865,0.1387,GREEN,29,Bengaluru
CLM0030349,BEN_06490,HSR Layout,2025-10-04,13,0,0,0,0,0,0,0,0,0,0.0,1.0,0,0.0,0,277,2,5,0.1115,0.0643,GREEN,48,Bengaluru
CLM0030350,BEN_08883,Jayanagar,2024-09-04,20,0,0,0,0,0,0,0,0,0,0.0,0.261589,0,0.0,0,290,4,1,0.9087,0.0,GREEN,18,Bengaluru
CLM0030351,BEN_05620,Whitefield,2019-03-30,20,0,0,0,0,0,0,0,0,0,0.0,0.08256,0,0.0,0,380,2,0,0.98,0.12,GREEN,45,Bengaluru
CLM0030352,BEN_07149,Indiranagar,2025-08-10,7,0,0,0,0,0,0,0,1,1,0.0,0.166437,0,0.0,0,350,2,0,0.5948,0.2329,GREEN,40,Bengaluru
CLM0030353,BEN_01850,Electronic City,2019-02-16,19,0,0,0,0,0,0,0,0,0,0.0,0.221885,0,0.0,0,407,0,0,0.9621,0.0,GREEN,43,Bengaluru
CLM0030354,BEN_08452,Marathahalli,2022-06-12,19,0,0,0,0,0,0,0,0,0,0.0,0.370011,0,0.0,0,269,3,4,0.98,0.0433,GREEN,62,Bengaluru
CLM0030355,BEN_09444,Rajajinagar,2025-05-08,17,0,0,0,0,0,0,0,0,0,0.0,0.343257,0,0.0,0,420,1,0,0.9659,0.0365,GREEN,47,Bengaluru
CLM0030356,BEN_08435,Whitefield,2019-09-07,16,0,0,0,0,0,0,0,0,0,0.0,0.08803,0,0.0,0,378,4,2,0.0963,0.0,GREEN,43,Bengaluru
CLM0030357,BEN_02955,Yelahanka,2019-06-06,10,0,0,0,0,0,0,0,0,0,0.0,0.172873,0,0.0,0,403,2,4,0.6947,0.0313,GREEN,35,Bengaluru
CLM0030358,BEN_04594,Koramangala,2021-12-10,21,0,0,0,0,0,0,0,0,0,0.0,0.062537,0,0.0,0,420,2,1,0.0717,0.0587,GREEN,45,Bengaluru
CLM0030359,BEN_01745,Marathahalli,2017-11-18,7,0,0,0,0,0,0,1,0,0,0.0,0.103218,1,0.0,0,394,1,1,0.5338,0.0358,GREEN,51,Bengaluru
CLM0030360,BEN_06247,Rajajinagar,2022-02-02,12,0,0,0,1,0,0,0,1,0,1.0,0.35081,0,0.0,0,399,1,0,0.6409,0.0843,GREEN,44,Bengaluru
CLM0030361,BEN_03943,BTM Layout,2020-07-19,13,0,0,0,1,1,1,1,0,1,0.0,0.063627,1,0.0,1,6,0,12,0.9332,0.2179,GREEN,18,Bengaluru
CLM0030362,BEN_06665,BTM Layout,2023-09-04,14,0,0,0,0,0,0,0,0,0,0.0,0.949257,0,0.0,0,256,3,2,0.8047,0.0,GREEN,37,Bengaluru
CLM0030363,BEN_06948,Yelahanka,2025-02-01,17,0,0,0,0,0,0,0,0,0,0.0,0.028526,0,0.0,0,328,4,6,0.2739,0.0,GREEN,44,Bengaluru
CLM0030364,BEN_02129,Indiranagar,2025-05-17,16,0,0,0,0,0,0,1,0,0,0.0,0.249422,0,0.0,0,230,0,1,0.1256,0.1202,GREEN,42,Bengaluru
CLM0030365,BEN_03654,Marathahalli,2020-11-25,21,0,0,0,0,0,0,0,0,0,0.0,0.40838,0,0.0,0,291,1,1,0.871,0.0993,GREEN,50,Bengaluru
CLM0030366,BEN_01761,HSR Layout,2024-08-11,7,0,0,0,0,0,0,0,0,0,1.0,0.104534,0,0.0,0,420,3,2,0.9192,0.0773,GREEN,42,Bengaluru
CLM0030367,BEN_09284,Indiranagar,2025-12-25,21,0,1,1,0,0,0,0,0,0,0.0,0.973928,0,0.0,0,420,4,4,0.797,0.0148,GREEN,45,Bengaluru
CLM0030368,BEN_08781,Rajajinagar,2022-03-22,19,0,0,0,0,0,0,0,0,0,0.0,0.176306,0,0.0,0,369,2,0,0.78,0.0,GREEN,50,Bengaluru
CLM0030369,BEN_03289,HSR Layout,2024-03-04,17,0,0,0,0,1,0,0,0,0,1.0,0.0,0,0.0,0,369,2,0,0.929,0.2027,GREEN,42,Bengaluru
CLM0030370,BEN_00914,Jayanagar,2022-04-18,18,0,0,0,0,0,0,0,0,0,0.0,0.273418,0,0.0,0,420,3,3,0.6569,0.0287,GREEN,47,Bengaluru
CLM0030371,BEN_08901,Rajajinagar,2025-09-19,14,0,0,0,0,0,0,0,0,0,0.0,0.303248,0,0.0,0,282,1,2,0.1286,0.0,GREEN,59,Bengaluru
CLM0030372,BEN_06456,BTM Layout,2025-03-24,17,0,0,0,0,0,0,0,0,0,1.0,0.965955,0,1.0,0,420,1,5,0.98,0.0299,GREEN,30,Bengaluru
CLM0030373,BEN_07832,HSR Layout,2025-04-26,15,0,0,0,0,0,1,0,0,0,0.0,0.033515,0,0.0,0,293,0,2,0.8393,0.0673,GREEN,28,Bengaluru
CLM0030374,BEN_06852,Whitefield,2022-05-21,10,0,0,0,0,0,0,1,0,0,0.0,0.0,0,0.0,0,364,1,0,0.6938,0.0449,GREEN,44,Bengaluru
CLM0030375,BEN_00319,Yelahanka,2025-07-31,13,0,0,0,0,0,0,0,0,0,0.0,1.0,0,0.0,0,81,0,0,0.6002,0.0,GREEN,24,Bengaluru
CLM0030376,BEN_03271,Koramangala,2022-10-16,20,0,0,0,0,0,0,0,0,0,0.0,0.194703,0,0.0,0,244,3,0,0.98,0.0941,GREEN,28,Bengaluru
CLM0030377,BEN_05650,HSR Layout,2022-05-18,15,0,0,0,0,0,0,0,0,0,0.0,0.158944,0,0.0,0,10,2,3,0.77,0.0,GREEN,30,Bengaluru
CLM0030378,BEN_08363,Whitefield,2025-08-22,15,0,0,0,0,0,0,0,0,0,0.0,0.106733,0,1.0,0,330,4,3,0.9153,0.0,GREEN,32,Bengaluru
CLM0030379,BEN_05962,Jayanagar,2020-03-15,17,0,1,1,0,0,0,0,0,0,0.0,0.043204,0,0.0,0,326,3,4,0.978,0.0,GREEN,48,Bengaluru
CLM0030380,BEN_00947,Yelahanka,2025-02-27,17,0,0,0,0,0,0,0,0,0,0.0,0.365348,0,0.0,0,6,2,1,0.7119,0.0018,GREEN,28,Bengaluru
CLM0030381,BEN_09747,HSR Layout,2021-10-02,14,0,0,0,0,0,0,0,0,0,0.0,0.405589,0,0.0,0,5,1,1,0.9559,0.0,GREEN,50,Bengaluru
CLM0030382,BEN_07936,HSR Layout,2025-03-25,7,0,0,0,0,0,0,0,0,0,0.0,0.187704,0,0.0,0,23,0,0,0.05,0.0,GREEN,46,Bengaluru
CLM0030383,BEN_02344,Electronic City,2020-07-10,7,0,0,0,1,0,0,0,0,0,0.0,1.0,0,0.0,0,50,0,2,0.9468,0.0983,GREEN,51,Bengaluru
CLM0030384,BEN_01752,BTM Layout,2023-02-11,9,0,0,0,1,0,0,0,0,0,0.0,0.35955,0,0.0,0,223,0,3,0.6999,0.0885,GREEN,53,Bengaluru
CLM0030385,BEN_02879,BTM Layout,2021-08-25,9,0,0,0,0,0,0,1,0,0,0.0,0.230519,0,0.0,0,98,4,3,0.2693,0.0177,GREEN,44,Bengaluru
CLM0030386,BEN_01419,Yelahanka,2021-03-09,19,0,0,0,0,0,0,0,0,0,0.0,0.039194,0,0.0,0,38,4,0,0.7178,0.0019,GREEN,33,Bengaluru
CLM0030387,BEN_02981,BTM Layout,2023-05-09,12,0,0,0,0,0,0,0,1,0,0.0,0.952591,0,0.0,0,419,0,1,0.7787,0.1628,GREEN,43,Bengaluru
CLM0030388,BEN_07788,Indiranagar,2025-02-27,16,0,0,0,0,0,1,0,0,0,0.0,0.116737,0,0.0,0,420,3,4,0.1467,0.1687,GREEN,26,Bengaluru
CLM0030389,BEN_09362,Koramangala,2023-05-26,7,0,0,0,0,0,1,0,0,1,0.0,0.105435,0,0.0,0,53,2,3,0.8541,0.1834,GREEN,41,Bengaluru
CLM0030390,BEN_07159,Indiranagar,2022-06-10,8,0,0,0,0,0,0,0,0,0,0.0,0.205897,0,0.0,0,54,2,6,0.98,0.0,GREEN,52,Bengaluru
CLM0030391,BEN_00261,BTM Layout,2023-09-19,19,0,0,0,0,0,0,0,0,0,0.0,0.980661,0,0.0,0,420,1,1,0.6836,0.0237,GREEN,42,Bengaluru
CLM0030392,BEN_02642,Electronic City,2024-04-17,14,0,0,0,1,0,0,0,0,0,0.0,0.0,0,0.0,0,15,4,2,0.7544,0.1418,GREEN,29,Bengaluru
CLM0030393,BEN_06240,Koramangala,2024-09-28,8,0,0,0,0,0,0,0,0,0,0.0,0.292202,0,0.0,0,327,0,1,0.4758,0.0863,GREEN,62,Bengaluru
CLM0030394,BEN_09168,Jayanagar,2025-05-23,18,0,0,0,0,1,0,0,1,0,0.0,0.117755,0,0.0,0,236,2,2,0.4487,0.1801,GREEN,44,Bengaluru
CLM0030395,BEN_08124,HSR Layout,2020-06-28,21,0,0,0,0,0,0,0,0,0,1.0,1.0,0,1.0,0,176,4,2,0.931,0.0,GREEN,59,Bengaluru
CLM0030396,BEN_09252,Whitefield,2025-04-09,17,0,0,0,0,0,1,0,0,0,0.0,0.112715,0,0.0,0,40,3,3,0.8171,0.1099,GREEN,34,Bengaluru
CLM0030397,BEN_08217,Marathahalli,2025-02-26,9,0,1,1,0,0,0,0,0,0,0.0,0.221395,0,0.0,0,150,3,3,0.724,0.0,GREEN,44,Bengaluru
CLM0030398,BEN_03373,Koramangala,2023-08-10,10,0,0,0,0,0,0,0,1,0,0.0,0.303507,0,0.0,0,362,1,1,0.7626,0.0911,GREEN,26,Bengaluru
CLM0030399,BEN_00100,Indiranagar,2024-03-17,9,0,0,0,0,0,1,1,1,0,0.0,0.954285,1,0.0,1,5,3,18,0.2753,0.1526,GREEN,20,Bengaluru
CLM0030400,BEN_05638,Rajajinagar,2022-08-25,13,0,0,0,0,0,0,0,0,0,0.0,0.161722,0,0.0,0,420,2,4,0.2188,0.0,GREEN,53,Bengaluru
CLM0030401,BEN_02937,BTM Layout,2024-10-11,7,0,0,0,0,0,0,0,0,0,0.0,1.0,0,0.0,0,257,1,0,0.8634,0.0,GREEN,29,Bengaluru
CLM0030402,BEN_04587,HSR Layout,2025-10-14,18,0,0,0,0,1,0,0,0,0,0.0,1.0,1,0.0,0,368,4,5,0.6165,0.1721,GREEN,40,Bengaluru
CLM0030403,BEN_08252,Electronic City,2025-01-06,7,0,0,0,0,0,0,0,0,0,0.0,0.126018,0,0.0,0,205,4,4,0.7057,0.0752,GREEN,44,Bengaluru
CLM0030404,BEN_08942,Marathahalli,2024-03-04,13,0,0,0,0,0,0,0,0,0,0.0,0.0416,0,0.0,0,231,1,5,0.6658,0.0,GREEN,53,Bengaluru
CLM0030405,BEN_04681,Koramangala,2022-12-13,12,0,0,0,0,0,0,0,0,0,0.0,0.063192,0,0.0,0,276,1,4,0.5932,0.1094,GREEN,57,Bengaluru
CLM0030406,BEN_01105,Yelahanka,2025-03-06,18,0,0,0,0,0,0,0,0,0,0.0,0.32717,0,0.0,0,420,2,1,0.6718,0.028,GREEN,43,Bengaluru
CLM0030407,BEN_00630,Marathahalli,2025-09-21,8,0,0,0,0,0,1,0,0,0,0.0,1.0,0,0.0,0,420,4,4,0.3567,0.0864,GREEN,49,Bengaluru
CLM0030408,BEN_04927,Jayanagar,2025-02-11,16,0,0,0,0,0,0,0,0,1,0.0,0.342625,0,0.0,0,412,2,1,0.8908,0.0724,GREEN,51,Bengaluru
CLM0030409,BEN_08743,Yelahanka,2025-08-14,10,0,0,0,1,0,1,0,0,0,0.0,0.340847,1,0.0,0,299,2,1,0.98,0.2487,GREEN,18,Bengaluru
CLM0030410,BEN_04866,Electronic City,2024-08-23,11,0,0,0,0,1,0,0,0,0,1.0,0.105288,0,0.0,0,381,1,2,0.7116,0.1819,GREEN,53,Bengaluru
CLM0030411,BEN_06017,HSR Layout,2025-10-26,21,0,0,0,0,0,0,0,0,0,0.0,1.0,0,0.0,0,402,1,2,0.8081,0.0,GREEN,39,Bengaluru
CLM0030412,BEN_07242,Marathahalli,2025-12-26,11,0,0,0,0,1,0,1,1,1,1.0,1.0,0,0.0,1,5,0,18,0.2146,0.0,GREEN,45,Bengaluru
CLM0030413,BEN_04059,Whitefield,2025-03-16,11,0,0,0,0,0,0,0,0,1,1.0,0.993874,0,1.0,0,393,4,0,0.7195,0.1302,GREEN,39,Bengaluru
CLM0030414,BEN_00731,Marathahalli,2025-11-04,15,0,0,0,0,0,0,1,0,0,0.0,0.393341,0,0.0,0,181,4,2,0.15,0.0,GREEN,42,Bengaluru
CLM0030415,BEN_08165,Whitefield,2025-04-23,15,0,0,0,0,0,0,0,0,0,0.0,0.092012,0,0.0,0,390,0,1,0.7007,0.0745,GREEN,63,Bengaluru
CLM0030416,BEN_02871,Electronic City,2022-10-11,15,0,0,0,0,0,1,0,0,0,1.0,0.132949,0,1.0,0,347,3,6,0.4373,0.1566,GREEN,35,Bengaluru
CLM0030417,BEN_03558,Indiranagar,2025-04-02,15,0,0,0,0,0,0,0,0,0,1.0,0.059597,0,1.0,0,294,3,5,0.6895,0.0568,GREEN,53,Bengaluru
CLM0030418,BEN_04603,Rajajinagar,2023-02-03,7,0,0,0,0,0,0,0,0,0,1.0,0.966863,0,1.0,0,51,4,0,0.5751,0.0295,GREEN,46,Bengaluru
CLM0030419,BEN_06865,Yelahanka,2025-01-06,18,0,0,0,0,0,0,0,0,0,0.0,0.17109,0,0.0,1,41,4,0,0.8439,0.1543,GREEN,33,Bengaluru
CLM0030420,BEN_03109,HSR Layout,2023-12-22,13,0,0,0,0,0,0,0,0,0,1.0,0.242858,0,0.0,0,232,1,4,0.4841,0.1499,GREEN,55,Bengaluru
CLM0030421,BEN_07423,Yelahanka,2022-10-24,18,0,0,0,0,0,0,0,0,0,1.0,0.072697,0,0.0,0,36,3,0,0.5458,0.0474,GREEN,51,Bengaluru
CLM0030422,BEN_05125,BTM Layout,2024-11-03,8,0,1,1,0,0,0,1,0,0,0.0,0.146505,0,0.0,1,22,4,2,0.912,0.1202,GREEN,60,Bengaluru
CLM0030423,BEN_04110,Whitefield,2022-07-09,15,0,0,0,0,0,1,0,0,0,1.0,0.121058,0,0.0,0,231,2,6,0.6599,0.0887,GREEN,32,Bengaluru
CLM0030424,BEN_05330,Yelahanka,2019-10-02,10,0,0,0,0,0,0,0,0,0,0.0,0.36434,0,0.0,0,245,2,4,0.5744,0.0,GREEN,63,Bengaluru
CLM0030425,BEN_07889,BTM Layout,2024-09-20,16,0,0,0,0,0,0,1,0,0,0.0,0.305106,0,0.0,0,90,2,0,0.6316,0.0826,GREEN,50,Bengaluru
CLM0030426,BEN_01389,Indiranagar,2018-10-31,19,0,0,0,0,0,0,0,0,0,0.0,0.200851,0,0.0,0,177,3,4,0.0766,0.0448,GREEN,56,Bengaluru
CLM0030427,BEN_02027,Jayanagar,2019-03-18,16,0,0,0,0,0,1,0,0,0,0.0,0.192515,0,0.0,0,120,3,4,0.8875,0.1706,GREEN,46,Bengaluru
CLM0030428,BEN_05555,Rajajinagar,2019-02-09,21,0,0,0,0,0,1,1,0,0,0.0,0.0,0,0.0,0,198,2,0,0.9283,0.1628,GREEN,63,Bengaluru
CLM0030429,BEN_04928,Jayanagar,2022-10-28,20,0,1,1,0,0,1,0,0,0,0.0,0.053715,0,0.0,0,163,1,4,0.8007,0.1147,GREEN,53,Bengaluru
CLM0030430,BEN_05272,HSR Layout,2025-10-09,11,0,0,0,0,0,0,0,0,0,0.0,0.07631,0,0.0,0,18,0,4,0.1158,0.0,GREEN,43,Bengaluru
CLM0030431,BEN_03786,Jayanagar,2022-04-23,8,0,0,0,0,0,0,0,0,0,0.0,0.065415,0,0.0,0,107,0,0,0.9645,0.1254,GREEN,45,Bengaluru
CLM0030432,BEN_00738,Jayanagar,2021-02-26,17,0,0,0,0,0,1,0,0,0,0.0,0.228905,0,0.0,0,211,4,4,0.906,0.0071,GREEN,34,Bengaluru
CLM0030433,BEN_08456,Whitefield,2019-10-14,13,0,0,0,0,0,0,0,0,0,0.0,0.346675,0,0.0,0,248,4,3,0.7576,0.0,GREEN,49,Bengaluru
CLM0030434,BEN_05300,Yelahanka,2025-04-16,8,0,0,0,0,0,0,0,0,0,0.0,0.352207,0,0.0,0,338,4,2,0.8192,0.0501,GREEN,31,Bengaluru
CLM0030435,BEN_03164,Indiranagar,2024-08-26,7,0,0,0,0,1,0,1,0,0,0.0,0.332422,0,0.0,0,411,1,4,0.05,0.1609,GREEN,42,Bengaluru
CLM0030436,BEN_01336,Electronic City,2024-02-01,20,0,0,0,0,0,0,0,0,0,0.0,0.415902,0,0.0,0,394,2,4,0.7101,0.0,GREEN,51,Bengaluru
CLM0030437,BEN_02056,Electronic City,2025-08-31,21,0,0,0,1,1,0,1,1,1,1.0,1.0,0,1.0,0,29,0,17,0.2568,0.0015,GREEN,46,Bengaluru
CLM0030438,BEN_01904,Marathahalli,2021-01-08,20,0,0,0,0,0,1,0,0,0,1.0,0.112207,0,0.0,0,322,4,4,0.98,0.1501,GREEN,48,Bengaluru
CLM0030439,BEN_08020,Yelahanka,2024-12-30,9,0,0,0,0,0,0,0,0,0,0.0,0.043014,0,0.0,0,95,4,7,0.98,0.0,GREEN,37,Bengaluru
CLM0030440,BEN_06330,Whitefield,2020-05-26,11,0,0,0,0,0,0,0,0,0,0.0,1.0,0,0.0,0,309,3,1,0.4911,0.0,GREEN,47,Bengaluru
CLM0030441,BEN_04332,Indiranagar,2020-01-25,19,0,0,0,0,0,1,0,0,0,0.0,0.455616,0,0.0,0,316,3,6,0.1513,0.0907,GREEN,40,Bengaluru
CLM0030442,BEN_01878,Koramangala,2022-04-26,8,0,0,0,0,0,1,0,0,0,1.0,0.100167,0,0.0,0,205,4,0,0.223,0.0996,GREEN,48,Bengaluru
CLM0030443,BEN_09219,Indiranagar,2025-10-20,10,0,0,0,0,0,0,0,1,0,1.0,0.136689,1,0.0,0,355,2,0,0.8187,0.2601,GREEN,48,Bengaluru
CLM0030444,BEN_08414,Indiranagar,2024-02-16,16,0,0,0,0,0,0,0,0,0,0.0,0.23178,0,0.0,0,420,0,2,0.05,0.0,GREEN,45,Bengaluru
CLM0030445,BEN_07582,Indiranagar,2020-04-04,10,0,0,0,1,1,0,0,0,0,0.0,0.253714,0,0.0,1,420,3,4,0.5137,0.2574,GREEN,43,Bengaluru
CLM0030446,BEN_06362,Rajajinagar,2022-06-30,11,0,0,0,0,0,0,0,0,0,0.0,0.299696,0,0.0,0,358,1,0,0.98,0.0337,GREEN,29,Bengaluru
CLM0030447,BEN_02336,Electronic City,2023-04-13,18,0,0,0,0,0,0,0,0,0,1.0,1.0,0,1.0,0,185,1,2,0.835,0.0,GREEN,50,Bengaluru
CLM0030448,BEN_09289,Indiranagar,2021-12-24,13,0,1,1,0,0,0,1,1,1,1.0,0.394006,1,0.0,1,5,0,18,0.05,0.6091,YELLOW,47,Bengaluru
CLM0030449,BEN_01910,BTM Layout,2021-02-02,21,0,1,1,1,0,1,1,1,1,1.0,0.262313,1,0.0,1,11,0,18,0.2367,0.7652,RED,45,Bengaluru
CLM0030450,BEN_05598,Whitefield,2020-10-13,12,0,1,1,1,0,0,1,1,1,1.0,0.217101,1,1.0,1,42,1,18,0.05,0.6775,RED,51,Bengaluru
CLM0030451,BEN_06390,Koramangala,2022-07-07,20,0,1,1,1,1,0,1,1,1,1.0,1.0,1,0.0,1,9,0,18,0.8116,0.8228,RED,43,Bengaluru
CLM0030452,BEN_08645,Whitefield,2024-09-30,7,0,1,1,1,1,1,1,1,0,0.0,1.0,0,1.0,1,6,0,18,0.2045,0.8345,RED,32,Bengaluru
CLM0030453,BEN_07355,Indiranagar,2022-02-20,20,0,1,1,1,1,1,1,1,1,1.0,0.973416,1,1.0,0,5,1,18,0.1381,0.8878,RED,46,Bengaluru
CLM0030454,BEN_00723,Rajajinagar,2020-11-08,20,0,1,1,1,1,1,1,1,1,0.0,0.035146,0,0.0,1,21,0,18,0.9295,0.8074,RED,40,Bengaluru
CLM0030455,BEN_00831,Indiranagar,2020-04-06,9,0,1,1,0,1,0,1,0,1,1.0,0.894907,0,0.0,0,26,0,18,0.2273,0.3828,YELLOW,53,Bengaluru
CLM0030456,BEN_03516,Marathahalli,2020-09-07,11,0,1,1,1,1,1,1,0,0,0.0,0.03365,1,0.0,0,12,0,16,0.8119,0.6514,RED,31,Bengaluru
CLM0030457,BEN_07279,Koramangala,2023-09-13,21,0,0,0,0,0,0,0,0,0,0.0,0.19121,0,0.0,0,27,2,5,0.9593,0.0994,GREEN,35,Bengaluru
CLM0030458,BEN_03473,Yelahanka,2024-05-20,18,0,0,0,0,0,0,0,0,0,1.0,0.964668,0,1.0,0,113,2,0,0.9361,0.0255,GREEN,29,Bengaluru
CLM0030459,BEN_06888,Electronic City,2025-09-25,9,0,0,0,0,0,0,0,0,0,0.0,0.010469,1,0.0,0,146,3,3,0.887,0.0699,GREEN,45,Bengaluru
CLM0030460,BEN_03976,Indiranagar,2025-12-10,20,0,0,0,0,1,1,0,0,0,1.0,1.0,0,0.0,0,394,2,1,0.2116,0.2616,GREEN,35,Bengaluru
CLM0030461,BEN_04687,Whitefield,2025-12-11,16,0,0,0,1,0,0,0,1,0,0.0,0.237738,0,0.0,0,413,1,2,0.8143,0.2593,GREEN,27,Bengaluru
CLM0030462,BEN_03492,Koramangala,2025-03-23,13,0,0,0,0,0,0,0,1,0,1.0,0.097671,0,0.0,0,83,3,0,0.5231,0.209,GREEN,32,Bengaluru
CLM0030463,BEN_03297,Rajajinagar,2025-02-27,10,0,0,0,1,0,0,0,0,0,0.0,0.499321,0,0.0,0,420,2,3,0.6509,0.1284,GREEN,55,Bengaluru
CLM0030464,BEN_02420,Marathahalli,2024-11-14,9,0,0,0,0,0,0,0,0,0,0.0,0.370442,0,0.0,0,367,1,3,0.7785,0.0144,GREEN,23,Bengaluru
CLM0030465,BEN_02371,Marathahalli,2024-09-01,13,0,0,0,0,0,0,0,0,0,0.0,0.331532,0,0.0,0,62,1,0,0.8621,0.0364,GREEN,51,Bengaluru
CLM0030466,BEN_02505,Marathahalli,2025-07-09,18,0,0,0,1,1,0,0,1,0,0.0,1.0,0,1.0,0,21,2,18,0.1504,0.0507,GREEN,63,Bengaluru
CLM0030467,BEN_00177,Whitefield,2025-03-01,14,0,0,0,0,0,0,0,0,0,0.0,0.140909,0,0.0,0,379,3,6,0.2774,0.035,GREEN,51,Bengaluru
CLM0030468,BEN_09104,Koramangala,2024-06-22,8,0,0,0,0,0,0,0,0,0,0.0,0.07038,0,0.0,0,194,0,0,0.9052,0.0,GREEN,34,Bengaluru
CLM0030469,BEN_07930,Indiranagar,2025-03-26,11,0,0,0,0,0,0,0,0,0,1.0,0.069361,0,0.0,1,406,4,2,0.4216,0.184,GREEN,56,Bengaluru
CLM0030470,BEN_08204,BTM Layout,2024-09-21,16,0,0,0,0,0,0,0,0,0,0.0,0.302057,0,0.0,0,328,1,2,0.6439,0.0,GREEN,50,Bengaluru
CLM0030471,BEN_01633,Whitefield,2025-12-02,16,0,0,0,0,0,0,0,0,0,0.0,0.381776,0,0.0,0,395,4,2,0.98,0.0,GREEN,46,Bengaluru
CLM0030472,BEN_00467,BTM Layout,2017-05-10,14,0,0,0,0,0,0,0,1,0,0.0,0.382112,0,0.0,0,94,3,0,0.7746,0.0629,GREEN,48,Bengaluru
CLM0030473,BEN_08054,BTM Layout,2016-08-27,9,0,0,0,1,1,0,0,0,0,0.0,0.327495,0,0.0,0,420,2,4,0.5013,0.2004,GREEN,53,Bengaluru
CLM0030474,BEN_04113,Rajajinagar,2021-03-05,9,0,0,0,0,0,0,0,0,0,0.0,0.249697,0,0.0,0,244,2,0,0.7894,0.0,GREEN,40,Bengaluru
CLM0030475,BEN_02608,BTM Layout,2025-04-22,20,0,0,0,0,0,0,0,0,0,0.0,0.072603,0,0.0,0,398,2,1,0.98,0.0,GREEN,34,Bengaluru
CLM0030476,BEN_00221,Jayanagar,2018-04-21,19,0,0,0,0,0,0,0,0,0,0.0,0.161714,0,0.0,0,283,0,2,0.6926,0.0,GREEN,35,Bengaluru
CLM0030477,BEN_07448,Whitefield,2025-03-17,13,0,0,0,0,0,1,0,0,0,0.0,0.172592,0,0.0,0,412,4,4,0.6507,0.0741,GREEN,40,Bengaluru
CLM0030478,BEN_05426,BTM Layout,2025-01-08,9,0,0,0,0,0,0,0,1,0,0.0,0.270519,0,0.0,0,420,3,0,0.7247,0.0504,GREEN,30,Bengaluru
CLM0030479,BEN_04039,Jayanagar,2025-08-31,21,0,0,0,0,0,0,1,0,0,0.0,0.0,0,0.0,0,93,3,1,0.7939,0.0936,GREEN,25,Bengaluru
CLM0030480,BEN_07226,BTM Layout,2022-12-13,20,1,0,0,0,0,1,0,0,0,0.0,0.382151,0,0.0,0,224,0,3,0.7656,0.0617,GREEN,39,Bengaluru
CLM0030481,BEN_05123,Koramangala,2021-09-03,7,0,0,0,0,0,0,0,0,1,0.0,0.275545,0,0.0,0,331,1,2,0.9461,0.1675,GREEN,39,Bengaluru
CLM0030482,BEN_06175,Jayanagar,2019-11-17,14,0,0,0,0,0,0,0,0,0,0.0,0.123562,0,0.0,0,6,0,3,0.7974,0.0006,GREEN,20,Bengaluru
CLM0030483,BEN_02984,Whitefield,2017-05-16,9,0,0,0,0,0,1,0,0,0,0.0,0.356239,0,0.0,0,140,3,0,0.2784,0.0511,GREEN,41,Bengaluru
CLM0030484,BEN_06010,Indiranagar,2023-12-05,14,0,0,0,0,0,0,0,0,0,0.0,0.226679,0,0.0,0,147,4,3,0.9365,0.0,GREEN,50,Bengaluru
CLM0030485,BEN_02658,Electronic City,2024-06-20,11,0,0,0,0,0,0,0,0,0,0.0,0.269675,0,0.0,0,141,0,0,0.7679,0.0,GREEN,41,Bengaluru
CLM0030486,BEN_07321,Rajajinagar,2023-10-29,16,0,0,0,0,0,0,0,0,0,0.0,0.178872,0,0.0,0,420,0,5,0.7861,0.0,GREEN,57,Bengaluru
CLM0030487,BEN_04301,Yelahanka,2024-01-25,18,0,0,0,0,0,0,0,0,0,0.0,0.175358,0,0.0,1,228,1,4,0.7362,0.0766,GREEN,51,Bengaluru
CLM0030488,BEN_08120,Rajajinagar,2024-11-27,12,0,0,0,0,0,0,0,0,0,0.0,1.0,0,0.0,0,249,0,0,0.6364,0.043,GREEN,44,Bengaluru
CLM0030489,BEN_03984,Koramangala,2025-11-19,12,0,0,0,0,1,1,1,1,1,0.0,0.111523,0,0.0,1,22,0,18,0.98,0.1399,GREEN,35,Bengaluru
CLM0030490,BEN_02923,Rajajinagar,2025-06-20,9,0,0,0,0,0,0,0,0,0,0.0,0.288786,0,0.0,0,378,0,0,0.8373,0.0612,GREEN,55,Bengaluru
CLM0030491,BEN_03761,Yelahanka,2024-12-15,13,0,0,0,0,0,1,0,0,0,0.0,0.412424,0,0.0,0,420,3,2,0.4078,0.1649,GREEN,50,Bengaluru
CLM0030492,BEN_07020,Koramangala,2025-12-13,7,0,0,0,0,0,0,0,0,0,0.0,0.229516,0,0.0,0,131,3,1,0.9243,0.1039,GREEN,45,Bengaluru
CLM0030493,BEN_03037,Jayanagar,2024-08-02,19,0,0,0,0,0,0,0,0,0,0.0,0.0,0,0.0,0,207,4,0,0.1493,0.0,GREEN,47,Bengaluru
CLM0030494,BEN_07519,HSR Layout,2024-04-12,14,0,0,0,0,0,0,0,0,0,0.0,0.359968,0,0.0,0,273,2,5,0.6899,0.046,GREEN,50,Bengaluru
CLM0030495,BEN_09514,Indiranagar,2021-05-07,18,0,0,0,1,0,0,1,1,0,0.0,0.117607,0,0.0,0,201,0,4,0.6104,0.2993,GREEN,41,Bengaluru
CLM0030496,BEN_08548,Whitefield,2025-07-31,11,0,0,0,0,0,1,0,0,0,0.0,0.0,0,0.0,0,198,3,2,0.9188,0.0646,GREEN,23,Bengaluru
CLM0030497,BEN_06605,Whitefield,2025-03-09,7,0,0,0,0,0,1,0,0,0,0.0,0.311605,0,0.0,0,90,4,1,0.508,0.127,GREEN,63,Bengaluru
CLM0030498,BEN_05691,HSR Layout,2022-07-10,17,0,1,1,0,0,0,1,0,1,1.0,0.968077,0,1.0,0,358,1,2,0.7497,0.1528,GREEN,21,Bengaluru
CLM0030499,BEN_00455,HSR Layout,2025-11-05,13,0,0,0,0,0,0,0,0,0,0.0,0.40659,0,0.0,0,145,1,5,0.7201,0.0,GREEN,50,Bengaluru
CLM0030500,BEN_09894,Electronic City,2020-06-04,12,0,1,1,1,0,0,0,0,0,0.0,0.371992,0,0.0,0,304,2,2,0.7208,0.122,GREEN,55,Bengaluru
CLM0030501,BEN_07282,BTM Layout,2025-09-24,17,0,1,1,0,0,0,0,1,1,0.0,0.026858,0,0.0,0,420,0,1,0.7444,0.2333,GREEN,53,Bengaluru
CLM0030502,BEN_08264,Koramangala,2022-10-25,9,0,0,0,0,0,1,0,0,1,0.0,0.148364,0,0.0,0,42,0,2,0.458,0.2261,GREEN,41,Bengaluru
CLM0030503,BEN_00185,BTM Layout,2025-02-20,13,0,0,0,0,0,0,0,0,0,1.0,0.070766,0,0.0,0,78,2,0,0.887,0.0,GREEN,59,Bengaluru
CLM0030504,BEN_08304,Rajajinagar,2025-11-07,9,0,0,0,0,0,0,0,0,0,1.0,0.265,0,0.0,0,34,4,1,0.7641,0.0,GREEN,39,Bengaluru
CLM0030505,BEN_02983,Yelahanka,2019-02-18,8,0,1,1,0,0,0,0,0,0,0.0,0.266862,0,0.0,0,9,4,1,0.7901,0.057,GREEN,29,Bengaluru
CLM0030506,BEN_03153,HSR Layout,2020-06-16,14,0,0,0,0,0,0,0,0,0,0.0,0.048962,1,0.0,0,366,4,3,0.8484,0.1038,GREEN,47,Bengaluru
CLM0030507,BEN_00198,Whitefield,2019-05-28,12,0,0,0,0,1,0,0,0,0,0.0,0.197546,0,0.0,0,120,1,2,0.6393,0.0363,GREEN,43,Bengaluru
CLM0030508,BEN_01200,Rajajinagar,2016-03-09,19,0,0,0,0,0,0,0,0,0,0.0,0.101705,0,0.0,0,45,0,3,0.05,0.0206,GREEN,42,Bengaluru
CLM0030509,BEN_07153,BTM Layout,2024-03-29,21,0,0,0,0,0,0,0,0,0,0.0,0.262165,0,0.0,0,102,2,1,0.5864,0.0896,GREEN,43,Bengaluru
CLM0030510,BEN_05522,Whitefield,2015-08-30,14,0,0,0,0,0,0,0,0,0,0.0,0.217878,0,0.0,0,383,3,2,0.8626,0.1311,GREEN,45,Bengaluru
CLM0030511,BEN_07018,Electronic City,2016-03-16,12,0,1,1,0,0,0,0,0,0,0.0,0.141576,0,0.0,0,154,0,1,0.9645,0.179,GREEN,33,Bengaluru
CLM0030512,BEN_05680,BTM Layout,2016-05-13,12,0,0,0,0,0,0,0,0,0,0.0,0.181083,0,0.0,0,386,1,2,0.1785,0.0253,GREEN,29,Bengaluru
CLM0030513,BEN_05369,HSR Layout,2024-04-09,18,0,0,0,0,0,0,0,0,0,1.0,0.227425,0,0.0,0,39,4,3,0.4768,0.0545,GREEN,41,Bengaluru
CLM0030514,BEN_00262,Electronic City,2015-08-10,12,0,0,0,0,0,0,0,0,0,1.0,0.139124,0,0.0,0,420,3,0,0.8129,0.0024,GREEN,47,Bengaluru
CLM0030515,BEN_02795,Whitefield,2024-04-21,10,0,0,0,0,0,0,0,0,0,1.0,0.016959,0,0.0,0,420,0,2,0.839,0.0711,GREEN,37,Bengaluru
CLM0030516,BEN_02159,Indiranagar,2024-12-03,11,0,0,0,1,0,0,0,0,0,0.0,0.389499,0,0.0,0,167,1,0,0.6726,0.2211,GREEN,31,Bengaluru
CLM0030517,BEN_01166,HSR Layout,2024-07-24,11,0,0,0,0,0,0,0,0,0,0.0,0.334785,0,0.0,0,327,3,2,0.6681,0.0707,GREEN,33,Bengaluru
CLM0030518,BEN_03721,Electronic City,2025-07-10,19,0,0,0,0,0,0,0,0,0,0.0,0.12896,0,0.0,0,295,4,0,0.8126,0.0015,GREEN,40,Bengaluru
CLM0030519,BEN_05514,BTM Layout,2021-11-06,12,0,0,0,1,0,0,0,0,0,0.0,0.299856,0,0.0,0,197,3,6,0.98,0.1574,GREEN,35,Bengaluru
CLM0030520,BEN_01615,BTM Layout,2022-11-09,20,0,0,0,1,0,0,0,0,0,0.0,0.316959,0,0.0,1,295,0,0,0.7741,0.2687,GREEN,42,Bengaluru
CLM0030521,BEN_02456,HSR Layout,2025-10-22,13,0,0,0,1,0,0,0,0,0,1.0,0.0,0,1.0,0,204,0,3,0.6295,0.313,YELLOW,50,Bengaluru
CLM0030522,BEN_06065,Koramangala,2024-05-20,10,0,0,0,0,0,0,0,0,0,0.0,0.07492,0,0.0,0,41,4,1,0.8746,0.0,GREEN,44,Bengaluru
CLM0030523,BEN_06847,Marathahalli,2023-02-09,21,0,0,0,0,0,0,0,0,0,0.0,0.466003,0,0.0,0,343,4,2,0.8691,0.0127,GREEN,54,Bengaluru
CLM0030524,BEN_07911,HSR Layout,2022-05-24,12,0,0,0,0,0,0,0,0,0,0.0,0.198728,0,0.0,0,420,3,1,0.4459,0.1048,GREEN,43,Bengaluru
CLM0030525,BEN_04219,Koramangala,2023-07-02,19,0,0,0,0,0,0,0,0,0,0.0,0.051119,0,0.0,0,420,0,2,0.463,0.0361,GREEN,34,Bengaluru
CLM0030526,BEN_02641,Jayanagar,2022-11-05,14,0,0,0,0,0,0,0,0,0,0.0,0.37225,0,0.0,0,81,3,2,0.6707,0.003,GREEN,38,Bengaluru
CLM0030527,BEN_04123,Jayanagar,2024-07-14,17,0,1,1,0,0,0,1,0,0,0.0,0.172513,0,0.0,0,88,2,3,0.9196,0.0468,GREEN,46,Bengaluru
CLM0030528,BEN_07610,Rajajinagar,2023-12-28,8,0,0,0,0,0,0,0,0,0,0.0,0.230747,0,0.0,0,5,0,2,0.05,0.0812,GREEN,50,Bengaluru
CLM0030529,BEN_00807,HSR Layout,2018-05-29,16,0,0,0,0,0,0,0,0,0,0.0,0.135509,0,0.0,0,274,1,2,0.1779,0.0,GREEN,54,Bengaluru
CLM0030530,BEN_04384,Whitefield,2016-04-11,21,0,0,0,0,0,0,1,0,0,1.0,0.106174,0,0.0,0,125,2,0,0.5556,0.0897,GREEN,32,Bengaluru
CLM0030531,BEN_00433,Electronic City,2023-05-28,9,0,0,0,0,0,0,0,0,0,0.0,0.0,0,0.0,0,146,1,0,0.8212,0.0378,GREEN,49,Bengaluru
CLM0030532,BEN_03192,HSR Layout,2017-06-14,17,0,0,0,0,0,0,0,0,0,0.0,0.414885,0,0.0,0,168,1,0,0.9528,0.0457,GREEN,57,Bengaluru
CLM0030533,BEN_09796,BTM Layout,2019-01-23,10,0,0,0,0,0,0,0,0,0,0.0,0.234604,0,0.0,0,369,1,5,0.5533,0.0763,GREEN,40,Bengaluru
CLM0030534,BEN_03709,Koramangala,2025-01-06,8,0,0,0,0,0,0,0,0,0,0.0,0.389898,0,0.0,0,177,1,5,0.9741,0.0,GREEN,44,Bengaluru
CLM0030535,BEN_09035,Rajajinagar,2024-04-01,18,0,0,0,0,0,1,0,0,0,0.0,0.0,0,0.0,0,240,0,10,0.8104,0.1575,GREEN,54,Bengaluru
CLM0030536,BEN_05879,Marathahalli,2024-06-07,21,0,0,0,0,0,1,0,0,1,0.0,0.38352,0,0.0,0,50,3,7,0.05,0.2049,GREEN,35,Bengaluru
CLM0030537,BEN_08184,Koramangala,2024-01-16,14,0,0,0,0,0,0,0,0,0,0.0,0.988032,0,0.0,0,62,2,1,0.5483,0.0,GREEN,43,Bengaluru
CLM0030538,BEN_08982,Jayanagar,2024-07-23,7,0,0,0,0,0,0,0,0,0,0.0,0.20443,0,0.0,0,349,2,3,0.98,0.0,GREEN,33,Bengaluru
CLM0030539,BEN_08677,Koramangala,2025-07-20,7,0,0,0,0,0,0,0,0,0,0.0,0.12029,0,0.0,0,128,1,0,0.3019,0.0169,GREEN,32,Bengaluru
CLM0030540,BEN_05073,Jayanagar,2025-03-23,8,0,0,0,0,1,0,0,0,0,0.0,0.243866,0,0.0,0,129,3,0,0.8206,0.3047,GREEN,47,Bengaluru
CLM0030541,BEN_05537,Rajajinagar,2025-04-13,13,0,0,0,0,0,0,1,0,1,0.0,0.054266,0,0.0,0,420,2,0,0.5541,0.1307,GREEN,54,Bengaluru
CLM0030542,BEN_02738,Koramangala,2017-08-11,15,0,0,0,0,0,0,1,0,0,0.0,0.0,0,0.0,1,369,3,2,0.5828,0.1359,GREEN,41,Bengaluru
CLM0030543,BEN_03383,BTM Layout,2023-09-20,19,0,0,0,0,0,0,0,0,0,0.0,0.23814,0,0.0,0,310,1,3,0.8017,0.0073,GREEN,57,Bengaluru
CLM0030544,BEN_09717,Indiranagar,2022-12-04,9,0,0,0,0,0,0,0,0,0,0.0,0.000679,0,0.0,0,71,4,5,0.9111,0.0065,GREEN,40,Bengaluru
CLM0030545,BEN_07781,BTM Layout,2025-07-18,15,0,0,0,0,0,0,0,0,0,0.0,0.054852,0,0.0,0,420,2,0,0.7119,0.0,GREEN,45,Bengaluru
CLM0030546,BEN_07152,Rajajinagar,2017-11-15,19,0,0,0,0,0,1,0,0,0,1.0,0.385092,0,0.0,0,200,4,0,0.3185,0.2546,GREEN,62,Bengaluru
CLM0030547,BEN_05878,Indiranagar,2025-01-02,21,0,0,0,0,0,0,0,0,0,1.0,0.118867,0,0.0,0,290,3,6,0.9331,0.0972,GREEN,31,Bengaluru
CLM0030548,BEN_08120,Rajajinagar,2024-03-14,10,0,0,0,0,0,0,0,0,0,0.0,0.143169,0,0.0,0,149,3,5,0.6307,0.0,GREEN,44,Bengaluru
CLM0030549,BEN_03764,Whitefield,2025-10-09,7,0,0,0,0,0,0,0,0,0,0.0,0.332682,0,0.0,0,214,2,2,0.3125,0.0,GREEN,35,Bengaluru
CLM0030550,BEN_02919,Whitefield,2024-04-02,10,0,0,0,0,0,1,0,0,0,0.0,0.28917,0,0.0,0,22,4,0,0.167,0.1327,GREEN,56,Bengaluru
CLM0030551,BEN_07970,Rajajinagar,2023-11-27,9,0,0,0,0,0,0,0,0,0,0.0,0.892495,0,0.0,0,43,3,3,0.8435,0.0,GREEN,32,Bengaluru
CLM0030552,BEN_07628,HSR Layout,2023-05-08,19,0,0,0,0,0,0,0,0,0,1.0,0.990686,0,0.0,0,173,4,0,0.9685,0.1317,GREEN,43,Bengaluru
CLM0030553,BEN_05339,Yelahanka,2024-11-10,10,0,0,0,0,0,0,0,0,0,1.0,0.337688,0,0.0,0,420,1,1,0.98,0.0309,GREEN,46,Bengaluru
CLM0030554,BEN_07114,Rajajinagar,2025-07-06,14,0,0,0,0,0,0,0,0,0,0.0,0.217203,0,0.0,0,165,1,5,0.7771,0.043,GREEN,64,Bengaluru
CLM0030555,BEN_02819,Marathahalli,2025-09-27,9,0,0,0,0,0,1,0,0,0,0.0,0.333415,0,0.0,0,104,4,1,0.9225,0.03,GREEN,65,Bengaluru
CLM0030556,BEN_04112,Whitefield,2024-03-01,14,0,0,0,0,0,0,0,0,0,0.0,0.369045,0,0.0,0,324,1,0,0.2486,0.0307,GREEN,28,Bengaluru
CLM0030557,BEN_07244,BTM Layout,2025-09-26,11,0,0,0,0,1,0,0,0,0,0.0,0.083154,0,0.0,0,263,0,0,0.542,0.0881,GREEN,39,Bengaluru
CLM0030558,BEN_03896,Marathahalli,2024-02-24,18,0,0,0,0,0,1,0,0,0,0.0,0.031237,0,0.0,0,15,2,1,0.8171,0.0859,GREEN,33,Bengaluru
CLM0030559,BEN_06201,Rajajinagar,2024-04-22,16,0,1,1,0,0,0,0,0,0,0.0,0.247404,0,0.0,0,214,2,0,0.4894,0.0745,GREEN,33,Bengaluru
CLM0030560,BEN_09550,Jayanagar,2023-11-28,8,0,0,0,0,0,0,1,1,0,0.0,0.1924,0,0.0,0,68,0,3,0.98,0.12,GREEN,54,Bengaluru
CLM0030561,BEN_00046,BTM Layout,2025-01-04,7,0,0,0,0,0,0,0,0,0,0.0,0.358075,0,0.0,0,420,4,0,0.7047,0.092,GREEN,54,Bengaluru
CLM0030562,BEN_06833,Marathahalli,2024-02-16,21,0,0,0,0,0,0,1,0,0,0.0,0.0,0,0.0,0,345,0,5,0.7006,0.0,GREEN,45,Bengaluru
CLM0030563,BEN_03391,Indiranagar,2025-09-23,20,0,0,0,0,0,0,0,1,0,0.0,1.0,0,0.0,0,184,0,3,0.7582,0.1775,GREEN,34,Bengaluru
CLM0030564,BEN_05824,Yelahanka,2023-01-08,13,0,0,0,0,0,1,0,0,0,0.0,0.240778,0,0.0,0,420,4,5,0.8715,0.0928,GREEN,56,Bengaluru
CLM0030565,BEN_05868,Indiranagar,2025-01-19,17,0,1,1,0,0,0,0,0,0,0.0,0.306723,0,0.0,1,379,4,4,0.7158,0.0,GREEN,52,Bengaluru
CLM0030566,BEN_06868,Yelahanka,2025-06-17,20,0,0,0,0,0,0,0,1,0,0.0,0.0,0,0.0,0,224,4,4,0.5694,0.2529,GREEN,55,Bengaluru
CLM0030567,BEN_05647,BTM Layout,2024-12-16,11,0,1,1,0,0,0,0,0,0,0.0,0.298842,0,0.0,0,43,1,0,0.2839,0.0,GREEN,18,Bengaluru
CLM0030568,BEN_06286,Whitefield,2025-05-16,7,0,0,0,0,0,0,1,0,0,1.0,0.108978,0,0.0,0,75,0,5,0.5897,0.0869,GREEN,49,Bengaluru
CLM0030569,BEN_08974,Indiranagar,2025-12-08,20,0,0,0,0,0,1,0,0,0,0.0,0.015507,0,0.0,0,305,1,6,0.7467,0.1657,GREEN,41,Bengaluru
CLM0030570,BEN_02253,Jayanagar,2025-04-09,11,0,0,0,0,0,1,0,0,0,0.0,0.293877,0,0.0,0,420,4,4,0.1768,0.0018,GREEN,41,Bengaluru
CLM0030571,BEN_06814,HSR Layout,2025-03-13,17,0,0,0,0,0,0,0,0,0,0.0,0.078749,0,0.0,0,34,0,2,0.5275,0.0,GREEN,45,Bengaluru
CLM0030572,BEN_08396,HSR Layout,2025-12-21,9,0,0,0,0,0,0,0,0,0,0.0,0.212876,0,0.0,0,420,4,4,0.6634,0.0074,GREEN,33,Bengaluru
CLM0030573,BEN_01901,Koramangala,2025-03-18,12,0,0,0,0,0,0,0,0,0,0.0,0.196648,0,0.0,0,420,0,3,0.8217,0.0,GREEN,63,Bengaluru
CLM0030574,BEN_05778,Electronic City,2025-02-07,18,0,0,0,0,0,0,0,0,0,0.0,0.248977,0,0.0,0,40,3,5,0.5993,0.0,GREEN,47,Bengaluru
CLM0030575,BEN_06050,Electronic City,2025-04-04,11,0,0,0,0,0,0,0,0,0,0.0,0.0,0,0.0,0,77,2,0,0.7961,0.0,GREEN,38,Bengaluru
CLM0030576,BEN_00511,Koramangala,2025-08-02,16,0,0,0,1,1,1,1,0,1,1.0,1.0,0,1.0,0,10,4,18,0.3373,0.1089,GREEN,40,Bengaluru
CLM0030577,BEN_01182,Electronic City,2025-08-08,9,0,0,0,1,1,0,0,0,0,0.0,0.362801,0,0.0,0,279,4,3,0.7204,0.4469,YELLOW,26,Bengaluru
CLM0030578,BEN_08596,Whitefield,2025-12-07,19,0,0,0,0,0,0,0,0,0,0.0,0.164155,0,0.0,0,420,3,1,0.7955,0.0,GREEN,45,Bengaluru
CLM0030579,BEN_01047,Indiranagar,2022-03-17,11,0,0,0,0,0,0,0,0,0,0.0,0.088197,0,1.0,0,285,2,2,0.9109,0.0,GREEN,59,Bengaluru
CLM0030580,BEN_05143,Yelahanka,2019-09-20,10,0,0,0,0,0,1,0,0,0,1.0,0.47751,0,0.0,0,63,0,1,0.8232,0.3344,YELLOW,37,Bengaluru
CLM0030581,BEN_04516,HSR Layout,2025-09-01,18,0,0,0,0,0,0,0,0,0,0.0,0.083212,0,0.0,0,271,1,1,0.147,0.0149,GREEN,47,Bengaluru
CLM0030582,BEN_03181,HSR Layout,2025-01-03,13,0,0,0,0,0,0,0,1,0,0.0,0.315367,0,0.0,1,95,3,3,0.6332,0.1685,GREEN,45,Bengaluru
CLM0030583,BEN_00222,Koramangala,2018-08-19,9,0,0,0,1,0,0,0,0,0,0.0,0.266642,0,0.0,0,406,1,0,0.6592,0.134,GREEN,58,Bengaluru
CLM0030584,BEN_05322,Yelahanka,2022-09-29,17,0,0,0,0,0,0,0,0,1,1.0,0.347474,0,0.0,0,420,2,0,0.8726,0.1289,GREEN,36,Bengaluru
CLM0030585,BEN_08054,BTM Layout,2019-07-06,7,0,0,0,0,0,0,0,0,0,0.0,0.169183,0,0.0,0,420,3,4,0.2956,0.0382,GREEN,53,Bengaluru
CLM0030586,BEN_00454,Indiranagar,2024-01-13,9,0,0,0,0,0,0,0,0,0,0.0,0.084651,0,0.0,0,207,3,5,0.1128,0.0518,GREEN,51,Bengaluru
CLM0030587,BEN_04008,Marathahalli,2016-01-12,21,0,0,0,0,0,0,0,0,0,0.0,0.067439,0,0.0,0,420,0,3,0.2464,0.0139,GREEN,57,Bengaluru
CLM0030588,BEN_09958,Indiranagar,2025-10-29,8,0,0,0,0,0,0,0,1,0,1.0,0.0,0,0.0,0,406,3,1,0.7781,0.18,GREEN,45,Bengaluru
CLM0030589,BEN_09647,Koramangala,2016-09-28,7,0,0,0,0,0,0,0,0,0,0.0,0.147931,0,0.0,0,257,2,4,0.8198,0.0252,GREEN,43,Bengaluru
CLM0030590,BEN_05205,Rajajinagar,2025-03-15,18,0,0,0,0,0,1,0,1,0,0.0,0.374027,0,0.0,0,81,2,1,0.6771,0.1347,GREEN,53,Bengaluru
CLM0030591,BEN_09184,Whitefield,2024-10-30,13,0,0,0,0,0,0,0,0,0,1.0,0.139849,1,0.0,0,217,1,3,0.1084,0.0498,GREEN,37,Bengaluru
CLM0030592,BEN_03067,Koramangala,2025-07-17,16,0,0,0,0,0,0,0,0,0,0.0,0.095243,0,0.0,0,144,1,1,0.9375,0.0707,GREEN,52,Bengaluru
CLM0030593,BEN_07107,Rajajinagar,2024-05-14,17,0,0,0,0,0,0,1,0,0,0.0,0.984202,0,0.0,0,103,2,5,0.5794,0.0,GREEN,46,Bengaluru
CLM0030594,BEN_02389,HSR Layout,2025-10-31,13,0,0,0,0,0,0,0,0,0,1.0,0.225495,0,0.0,0,420,0,1,0.1808,0.0451,GREEN,44,Bengaluru
CLM0030595,BEN_03398,Whitefield,2025-08-18,9,0,0,0,0,0,0,0,0,0,0.0,1.0,0,0.0,0,135,4,4,0.8625,0.0,GREEN,43,Bengaluru
CLM0030596,BEN_01711,Electronic City,2025-09-24,16,0,0,0,0,0,0,0,0,0,0.0,0.028705,0,0.0,0,309,1,1,0.6276,0.0528,GREEN,46,Bengaluru
CLM0030597,BEN_05433,BTM Layout,2025-08-21,9,0,0,0,0,0,0,0,0,0,0.0,0.365249,0,0.0,0,420,1,0,0.4039,0.0211,GREEN,38,Bengaluru
CLM0030598,BEN_05432,Rajajinagar,2022-11-17,10,0,0,0,0,0,1,0,0,0,0.0,0.206818,0,0.0,0,419,3,4,0.7674,0.2829,GREEN,30,Bengaluru
CLM0030599,BEN_00811,Jayanagar,2023-10-26,14,0,0,0,0,0,0,0,0,1,0.0,1.0,0,0.0,1,28,2,3,0.98,0.2112,GREEN,45,Bengaluru
CLM0030600,BEN_07124,Koramangala,2023-01-13,15,0,0,0,0,0,0,0,1,0,1.0,0.319714,0,0.0,0,66,4,6,0.6419,0.0491,GREEN,29,Bengaluru
CLM0030601,BEN_01193,Whitefield,2025-11-25,15,0,1,1,0,0,0,0,0,0,0.0,0.165043,0,0.0,0,303,3,0,0.5027,0.0413,GREEN,54,Bengaluru
CLM0030602,BEN_07989,BTM Layout,2025-12-20,20,0,0,0,0,0,0,0,0,0,0.0,0.989332,0,0.0,0,298,2,3,0.9586,0.0,GREEN,44,Bengaluru
CLM0030603,BEN_05212,Electronic City,2024-06-17,11,0,0,0,0,0,0,0,1,1,0.0,0.407215,0,0.0,0,420,2,4,0.98,0.1693,GREEN,18,Bengaluru
CLM0030604,BEN_06275,Jayanagar,2023-10-12,12,0,0,0,0,0,0,0,0,0,0.0,0.441607,0,0.0,0,276,2,2,0.6208,0.0,GREEN,54,Bengaluru
CLM0030605,BEN_00087,BTM Layout,2025-07-06,11,0,0,0,0,0,0,0,0,0,1.0,0.129247,0,0.0,0,100,2,3,0.8122,0.1938,GREEN,52,Bengaluru
CLM0030606,BEN_06624,Marathahalli,2024-06-01,16,0,0,0,0,0,0,0,0,0,0.0,0.199571,0,0.0,0,369,0,3,0.5942,0.0,GREEN,30,Bengaluru
CLM0030607,BEN_01908,Electronic City,2022-08-16,13,0,0,0,0,0,0,0,0,0,0.0,0.219057,0,0.0,0,397,1,6,0.9231,0.0281,GREEN,28,Bengaluru
CLM0030608,BEN_06943,Electronic City,2025-06-09,18,0,0,0,0,0,0,0,0,0,0.0,0.264489,0,0.0,0,384,4,4,0.9408,0.0,GREEN,49,Bengaluru
CLM0030609,BEN_03141,Jayanagar,2024-11-22,19,0,0,0,0,0,0,0,0,0,0.0,0.294322,0,0.0,0,255,3,4,0.8727,0.0105,GREEN,40,Bengaluru
CLM0030610,BEN_03583,BTM Layout,2022-09-15,18,0,0,0,0,0,0,0,0,0,0.0,0.042257,0,0.0,1,397,2,2,0.4571,0.0575,GREEN,47,Bengaluru
CLM0030611,BEN_07773,Marathahalli,2025-08-08,21,0,0,0,0,0,1,0,0,0,0.0,0.352911,0,0.0,0,311,1,3,0.6308,0.0673,GREEN,32,Bengaluru
CLM0030612,BEN_09430,Electronic City,2019-10-26,18,0,0,0,0,0,1,0,0,0,1.0,0.289844,0,0.0,0,284,4,8,0.49,0.139,GREEN,41,Bengaluru
CLM0030613,BEN_00315,BTM Layout,2023-11-29,16,0,0,0,1,1,1,0,0,1,1.0,0.987286,0,0.0,1,27,0,18,0.4445,0.0363,GREEN,52,Bengaluru
CLM0030614,BEN_02082,Whitefield,2022-05-22,21,0,0,0,0,0,0,1,0,0,0.0,0.346072,0,1.0,0,46,0,1,0.98,0.0851,GREEN,51,Bengaluru
CLM0030615,BEN_03519,BTM Layout,2023-10-22,12,0,0,0,0,0,0,0,0,0,0.0,0.262426,0,0.0,0,29,0,0,0.4596,0.0143,GREEN,24,Bengaluru
CLM0030616,BEN_00610,Koramangala,2019-04-15,7,0,0,0,0,0,0,0,1,0,0.0,0.124732,0,0.0,0,210,1,2,0.1163,0.0783,GREEN,39,Bengaluru
CLM0030617,BEN_06819,Whitefield,2018-09-18,19,0,0,0,0,0,0,0,0,0,0.0,0.92818,0,0.0,0,53,2,3,0.2508,0.0626,GREEN,52,Bengaluru
CLM0030618,BEN_05370,BTM Layout,2024-05-10,19,0,0,0,0,0,1,0,0,0,0.0,0.390298,0,0.0,0,420,4,1,0.7831,0.0789,GREEN,50,Bengaluru
CLM0030619,BEN_02324,Indiranagar,2018-07-03,9,0,0,0,0,0,0,0,0,0,0.0,0.297476,0,0.0,0,99,4,1,0.7223,0.0914,GREEN,33,Bengaluru
CLM0030620,BEN_07543,Jayanagar,2024-09-13,20,0,0,0,0,0,0,0,0,0,0.0,0.105364,0,0.0,0,191,4,0,0.4541,0.0381,GREEN,52,Bengaluru
CLM0030621,BEN_08441,Yelahanka,2024-06-10,16,0,0,0,0,0,0,0,0,0,0.0,0.260079,0,0.0,0,234,2,0,0.8713,0.0871,GREEN,23,Bengaluru
CLM0030622,BEN_04019,HSR Layout,2025-04-22,7,0,0,0,0,0,0,0,0,0,0.0,0.269913,0,0.0,0,420,2,5,0.9521,0.0288,GREEN,46,Bengaluru
CLM0030623,BEN_00943,Rajajinagar,2025-03-28,20,0,0,0,0,0,0,0,0,0,0.0,0.425111,0,0.0,0,414,2,0,0.607,0.0615,GREEN,46,Bengaluru
CLM0030624,BEN_02146,Indiranagar,2023-06-04,7,0,0,0,0,0,0,0,1,0,0.0,0.0,0,0.0,1,420,3,6,0.207,0.1221,GREEN,43,Bengaluru
CLM0030625,BEN_02663,Electronic City,2024-06-29,15,0,0,0,0,0,0,0,0,0,0.0,0.048332,0,0.0,1,368,1,0,0.8078,0.103,GREEN,41,Bengaluru
CLM0030626,BEN_05566,Indiranagar,2022-03-07,14,0,0,0,0,0,0,0,0,0,0.0,0.329413,0,0.0,0,58,2,3,0.9588,0.0233,GREEN,48,Bengaluru
CLM0030627,BEN_05974,Indiranagar,2020-08-31,12,0,0,0,0,0,1,0,0,0,0.0,0.0,0,0.0,0,58,4,2,0.4586,0.0973,GREEN,36,Bengaluru
CLM0030628,BEN_06972,Marathahalli,2024-11-08,12,0,0,0,0,0,0,0,0,0,0.0,0.283058,0,0.0,0,76,1,0,0.8383,0.0229,GREEN,45,Bengaluru
CLM0030629,BEN_09429,Electronic City,2022-05-18,17,0,1,1,0,0,0,0,0,0,0.0,0.238045,0,0.0,0,216,0,5,0.6281,0.0484,GREEN,37,Bengaluru
CLM0030630,BEN_07125,HSR Layout,2021-07-11,8,0,0,0,0,0,0,0,0,0,0.0,0.189363,0,0.0,0,115,3,4,0.7413,0.0277,GREEN,28,Bengaluru
CLM0030631,BEN_05143,Yelahanka,2024-06-26,15,0,0,0,0,1,0,0,0,0,0.0,0.278027,0,0.0,0,266,4,2,0.8368,0.0973,GREEN,37,Bengaluru
CLM0030632,BEN_09910,Indiranagar,2025-04-24,13,0,0,0,1,0,0,0,1,0,0.0,0.071014,0,0.0,0,347,1,1,0.6488,0.2148,GREEN,56,Bengaluru
CLM0030633,BEN_08515,Rajajinagar,2024-05-28,8,0,0,0,0,0,0,0,0,0,0.0,0.318602,0,1.0,0,277,4,0,0.7654,0.0,GREEN,49,Bengaluru
CLM0030634,BEN_07957,Jayanagar,2022-10-24,11,0,0,0,0,0,0,0,0,0,0.0,0.149516,0,0.0,0,229,0,2,0.6711,0.066,GREEN,51,Bengaluru
CLM0030635,BEN_09990,Electronic City,2021-10-19,21,0,0,0,0,0,0,0,0,0,0.0,0.252316,0,0.0,0,151,3,0,0.05,0.0277,GREEN,38,Bengaluru
CLM0030636,BEN_07950,Whitefield,2023-02-11,8,0,0,0,0,0,0,0,0,0,0.0,0.124751,1,0.0,0,233,3,3,0.5778,0.0376,GREEN,47,Bengaluru
CLM0030637,BEN_01410,Koramangala,2021-05-11,14,0,0,0,0,0,0,0,0,0,0.0,1.0,0,0.0,0,159,0,4,0.6348,0.0,GREEN,57,Bengaluru
CLM0030638,BEN_07822,Marathahalli,2023-11-18,12,0,0,0,0,0,0,0,1,0,0.0,0.41029,0,0.0,1,167,0,1,0.05,0.2113,GREEN,59,Bengaluru
CLM0030639,BEN_04062,Marathahalli,2023-05-24,8,0,0,0,0,0,0,0,0,0,0.0,0.418623,0,0.0,0,420,0,0,0.6209,0.0113,GREEN,36,Bengaluru
CLM0030640,BEN_09827,Electronic City,2022-03-23,11,0,0,0,0,0,0,1,0,0,0.0,0.147201,0,0.0,0,216,2,3,0.05,0.0518,GREEN,29,Bengaluru
CLM0030641,BEN_03626,Yelahanka,2019-06-25,18,0,0,0,0,1,0,1,0,1,0.0,0.990897,0,1.0,1,5,4,18,0.8225,0.1274,GREEN,48,Bengaluru
CLM0030642,BEN_03823,Electronic City,2020-08-17,8,0,0,0,0,0,0,0,1,0,0.0,0.256515,0,0.0,0,420,3,2,0.98,0.1523,GREEN,18,Bengaluru
CLM0030643,BEN_06876,HSR Layout,2024-05-18,8,0,0,0,0,0,0,0,0,0,0.0,1.0,0,0.0,0,72,2,0,0.3295,0.0786,GREEN,45,Bengaluru
CLM0030644,BEN_03536,Rajajinagar,2019-10-31,11,0,0,0,0,0,0,0,0,0,0.0,0.221455,0,0.0,0,201,4,6,0.7809,0.0,GREEN,55,Bengaluru
CLM0030645,BEN_01270,Koramangala,2019-05-17,14,0,0,0,0,0,0,0,0,0,1.0,0.359455,1,0.0,1,233,1,2,0.1089,0.155,GREEN,49,Bengaluru
CLM0030646,BEN_05463,Indiranagar,2024-04-24,15,0,1,1,1,0,0,1,1,1,0.0,1.0,1,0.0,1,5,0,18,0.9663,0.0,GREEN,25,Bengaluru
CLM0030647,BEN_07513,Marathahalli,2020-11-27,7,0,1,1,0,1,1,0,0,0,0.0,0.25527,0,0.0,0,201,0,0,0.7002,0.2172,GREEN,44,Bengaluru
CLM0030648,BEN_08269,Indiranagar,2022-03-08,14,0,0,0,0,0,0,0,0,0,0.0,1.0,0,0.0,1,420,0,5,0.6167,0.1183,GREEN,18,Bengaluru
CLM0030649,BEN_02243,Indiranagar,2023-01-08,10,0,0,0,0,0,0,0,0,1,0.0,0.086579,0,0.0,0,282,0,4,0.1865,0.1712,GREEN,45,Bengaluru
CLM0030650,BEN_09012,Jayanagar,2024-12-06,14,0,0,0,0,0,0,0,0,0,0.0,0.957878,0,0.0,1,151,1,1,0.8915,0.0639,GREEN,42,Bengaluru
CLM0030651,BEN_04586,HSR Layout,2022-08-25,17,0,0,0,0,0,0,0,0,0,0.0,0.209011,0,0.0,0,212,2,4,0.05,0.0,GREEN,43,Bengaluru
CLM0030652,BEN_04468,BTM Layout,2023-08-30,9,0,0,0,0,0,1,0,0,0,0.0,0.471761,0,0.0,0,420,2,3,0.5904,0.1448,GREEN,30,Bengaluru
CLM0030653,BEN_08588,Yelahanka,2025-10-29,14,0,0,0,0,0,0,0,0,0,0.0,0.0,0,0.0,0,172,4,4,0.8254,0.1555,GREEN,42,Bengaluru
CLM0030654,BEN_01120,BTM Layout,2020-04-13,15,0,0,0,0,0,0,1,0,0,0.0,0.13395,0,1.0,0,420,1,5,0.835,0.0145,GREEN,30,Bengaluru
CLM0030655,BEN_08417,Indiranagar,2024-04-01,15,0,0,0,0,0,0,0,0,0,0.0,0.984055,0,0.0,0,420,3,4,0.9194,0.0,GREEN,55,Bengaluru
CLM0030656,BEN_09277,Indiranagar,2017-06-05,16,0,0,0,0,0,1,0,0,0,0.0,1.0,0,0.0,0,104,2,3,0.5248,0.0798,GREEN,53,Bengaluru
CLM0030657,BEN_07304,Electronic City,2022-11-28,19,0,0,0,0,0,0,0,0,0,0.0,0.057557,0,1.0,0,420,4,0,0.7181,0.1044,GREEN,59,Bengaluru
CLM0030658,BEN_04434,Koramangala,2023-03-13,13,0,0,0,0,0,0,0,0,0,0.0,0.207963,0,0.0,0,81,0,3,0.98,0.0728,GREEN,38,Bengaluru
CLM0030659,BEN_08958,Yelahanka,2023-05-10,10,0,0,0,0,0,0,0,0,0,0.0,0.063381,0,0.0,0,112,4,2,0.8026,0.0,GREEN,23,Bengaluru
CLM0030660,BEN_06165,BTM Layout,2025-09-13,15,0,0,0,0,0,0,0,0,0,0.0,0.394043,0,0.0,0,172,0,1,0.7742,0.0185,GREEN,33,Bengaluru
CLM0030661,BEN_08900,Jayanagar,2024-03-07,20,0,0,0,0,0,0,0,0,0,0.0,0.031542,1,0.0,0,56,0,0,0.8382,0.1744,GREEN,42,Bengaluru
CLM0030662,BEN_06406,BTM Layout,2024-02-20,17,0,0,0,0,0,0,0,0,0,0.0,0.983243,0,0.0,0,420,2,2,0.5537,0.0,GREEN,30,Bengaluru
CLM0030663,BEN_06132,Electronic City,2023-01-20,12,0,0,0,0,0,0,0,1,0,0.0,0.0,0,0.0,0,420,0,4,0.8215,0.1726,GREEN,34,Bengaluru
CLM0030664,BEN_07357,Whitefield,2025-04-05,10,0,0,0,0,0,0,0,0,0,0.0,0.198361,1,0.0,0,146,1,6,0.6387,0.0905,GREEN,18,Bengaluru
CLM0030665,BEN_04914,HSR Layout,2023-05-21,18,0,0,0,0,0,0,0,0,0,0.0,0.381908,0,0.0,0,266,1,5,0.9364,0.0,GREEN,53,Bengaluru
CLM0030666,BEN_08130,Jayanagar,2024-03-02,13,0,0,0,0,0,0,0,0,0,0.0,0.360844,0,0.0,0,155,4,3,0.6508,0.0319,GREEN,40,Bengaluru
CLM0030667,BEN_00224,Electronic City,2023-09-21,21,0,0,0,0,1,0,0,0,0,0.0,0.187519,0,0.0,0,255,0,0,0.6837,0.0717,GREEN,35,Bengaluru
CLM0030668,BEN_05051,Rajajinagar,2023-03-30,10,0,0,0,0,0,0,0,0,0,0.0,0.083827,0,0.0,0,240,3,5,0.6741,0.0,GREEN,39,Bengaluru
CLM0030669,BEN_09900,Jayanagar,2019-03-18,17,0,0,0,0,0,0,0,0,0,0.0,0.06013,0,0.0,0,420,3,0,0.98,0.0499,GREEN,46,Bengaluru
CLM0030670,BEN_04961,Electronic City,2021-01-31,18,0,0,0,0,0,0,1,0,0,0.0,0.374066,1,0.0,0,309,1,2,0.98,0.1706,GREEN,30,Bengaluru
CLM0030671,BEN_03463,Koramangala,2024-08-29,8,0,0,0,0,0,0,0,0,0,0.0,0.0,0,0.0,0,70,2,6,0.98,0.0,GREEN,38,Bengaluru
CLM0030672,BEN_05460,Indiranagar,2020-07-26,11,0,0,0,0,0,0,0,0,0,0.0,0.293297,0,0.0,0,286,1,1,0.7421,0.0,GREEN,48,Bengaluru
CLM0030673,BEN_03392,HSR Layout,2022-10-30,17,0,0,0,0,0,0,0,0,0,0.0,0.202347,1,0.0,0,241,2,3,0.7548,0.0178,GREEN,44,Bengaluru
CLM0030674,BEN_07599,Electronic City,2024-07-21,15,0,0,0,0,0,1,0,0,0,0.0,0.337344,0,0.0,0,18,2,1,0.8531,0.1845,GREEN,45,Bengaluru
CLM0030675,BEN_07912,HSR Layout,2021-12-24,11,0,0,0,0,0,0,0,0,0,0.0,0.15052,1,1.0,0,420,4,0,0.4264,0.0794,GREEN,50,Bengaluru
CLM0030676,BEN_07974,Marathahalli,2019-04-19,10,0,0,0,0,0,0,0,0,0,0.0,0.227833,1,0.0,0,93,4,2,0.6654,0.0958,GREEN,32,Bengaluru
CLM0030677,BEN_09119,HSR Layout,2025-09-24,14,0,0,0,0,0,0,0,0,1,0.0,0.196665,0,0.0,1,287,1,6,0.6356,0.2354,GREEN,32,Bengaluru
CLM0030678,BEN_01171,Whitefield,2020-01-01,17,0,0,0,0,1,0,0,0,0,0.0,0.479112,0,0.0,0,126,1,3,0.0945,0.2292,GREEN,39,Bengaluru
CLM0030679,BEN_00050,Indiranagar,2023-06-28,20,0,0,0,0,0,0,0,1,0,0.0,0.318887,0,0.0,0,364,0,4,0.817,0.1048,GREEN,50,Bengaluru
CLM0030680,BEN_06040,Whitefield,2020-07-15,13,0,0,0,0,0,0,0,0,0,0.0,0.232285,0,0.0,1,420,2,0,0.5852,0.1899,GREEN,45,Bengaluru
CLM0030681,BEN_01364,Indiranagar,2020-02-24,11,0,0,0,0,0,0,0,0,0,0.0,0.21713,0,1.0,0,250,3,1,0.7953,0.0133,GREEN,52,Bengaluru
CLM0030682,BEN_04717,BTM Layout,2020-01-05,8,0,0,0,0,0,0,0,0,0,0.0,0.131839,0,0.0,0,241,3,1,0.9393,0.0,GREEN,43,Bengaluru
CLM0030683,BEN_03547,Whitefield,2023-07-09,16,0,0,0,0,0,0,0,0,0,0.0,0.0,0,0.0,1,388,0,3,0.05,0.0769,GREEN,52,Bengaluru
CLM0030684,BEN_06438,Yelahanka,2023-04-30,13,0,0,0,0,0,0,1,0,0,0.0,0.229403,0,0.0,0,25,0,2,0.8313,0.0222,GREEN,50,Bengaluru
CLM0030685,BEN_09765,Koramangala,2019-09-21,14,0,0,0,0,0,0,0,0,0,0.0,0.262231,0,0.0,0,210,1,4,0.6359,0.0793,GREEN,63,Bengaluru
CLM0030686,BEN_05638,Rajajinagar,2018-02-21,7,0,0,0,0,0,0,0,0,0,0.0,0.0,0,0.0,0,239,2,2,0.5256,0.0,GREEN,53,Bengaluru
CLM0030687,BEN_00217,Electronic City,2018-12-10,15,0,0,0,0,0,0,0,0,0,0.0,0.066827,0,0.0,0,178,4,4,0.7314,0.0,GREEN,26,Bengaluru
CLM0030688,BEN_02458,HSR Layout,2023-02-13,19,0,0,0,0,0,1,0,1,0,1.0,0.214492,0,0.0,0,281,0,6,0.6016,0.2835,GREEN,38,Bengaluru
CLM0030689,BEN_04503,Whitefield,2019-10-09,17,0,0,0,1,0,0,1,1,0,0.0,0.0,0,0.0,0,268,4,3,0.9781,0.238,GREEN,30,Bengaluru
CLM0030690,BEN_00611,Yelahanka,2021-04-29,16,0,0,0,0,0,0,0,0,0,0.0,0.187584,0,0.0,0,420,2,3,0.6299,0.0137,GREEN,42,Bengaluru
CLM0030691,BEN_02884,Jayanagar,2025-04-10,13,0,0,0,0,0,1,0,0,0,0.0,0.308369,0,0.0,1,420,0,2,0.6839,0.1305,GREEN,56,Bengaluru
CLM0030692,BEN_05235,Marathahalli,2025-03-12,7,0,0,0,0,0,0,0,0,0,0.0,0.19559,0,0.0,0,132,1,1,0.9392,0.0,GREEN,42,Bengaluru
CLM0030693,BEN_06018,Koramangala,2024-08-26,10,0,0,0,0,0,0,0,0,0,0.0,0.007842,0,0.0,0,420,1,0,0.4927,0.0636,GREEN,29,Bengaluru
CLM0030694,BEN_00626,Indiranagar,2024-03-06,15,0,0,0,0,0,0,0,0,0,0.0,0.255806,0,1.0,0,44,2,5,0.8404,0.0339,GREEN,49,Bengaluru
CLM0030695,BEN_03126,Indiranagar,2021-05-28,13,0,0,0,0,0,0,0,0,0,0.0,0.190637,0,0.0,0,22,3,5,0.8346,0.0317,GREEN,52,Bengaluru
CLM0030696,BEN_07673,Rajajinagar,2018-08-05,17,0,0,0,1,1,1,1,1,0,0.0,0.133233,0,1.0,0,17,1,18,0.2458,0.0,GREEN,53,Bengaluru
CLM0030697,BEN_08355,Marathahalli,2021-03-28,19,0,0,0,0,0,0,0,1,0,0.0,0.330298,0,0.0,0,236,1,6,0.8727,0.0634,GREEN,60,Bengaluru
CLM0030698,BEN_09138,Marathahalli,2021-05-30,14,0,0,0,0,0,0,1,0,0,0.0,0.335131,0,1.0,0,23,0,3,0.6461,0.1251,GREEN,49,Bengaluru
CLM0030699,BEN_05701,HSR Layout,2022-12-27,16,0,0,0,0,0,0,1,0,0,0.0,0.0,1,0.0,0,280,2,3,0.8832,0.1939,GREEN,41,Bengaluru
CLM0030700,BEN_06549,Rajajinagar,2020-09-25,21,0,0,0,0,0,0,0,0,0,0.0,0.215497,0,0.0,0,420,4,1,0.8582,0.0,GREEN,45,Bengaluru
CLM0030701,BEN_05661,Marathahalli,2024-03-03,16,0,0,0,0,0,0,0,0,0,0.0,0.204613,0,0.0,0,321,4,2,0.9764,0.0,GREEN,69,Bengaluru
CLM0030702,BEN_05615,Whitefield,2019-04-24,15,0,0,0,0,0,0,0,0,0,0.0,0.949902,0,0.0,1,194,3,1,0.7692,0.1082,GREEN,50,Bengaluru
CLM0030703,BEN_04340,Marathahalli,2025-03-01,12,0,0,0,0,0,0,0,0,0,0.0,0.038186,0,0.0,0,327,3,1,0.4988,0.0091,GREEN,30,Bengaluru
CLM0030704,BEN_09671,Rajajinagar,2023-02-05,10,0,0,0,0,0,0,0,0,0,0.0,0.287877,0,0.0,0,249,4,0,0.7532,0.0654,GREEN,64,Bengaluru
CLM0030705,BEN_06268,Jayanagar,2024-05-09,14,0,0,0,0,0,0,0,0,0,0.0,0.135255,0,0.0,0,230,2,3,0.751,0.0,GREEN,31,Bengaluru
CLM0030706,BEN_02254,Jayanagar,2022-12-03,19,0,0,0,0,0,0,0,0,1,0.0,0.060343,0,0.0,0,312,4,1,0.5845,0.1073,GREEN,36,Bengaluru
CLM0030707,BEN_09759,Rajajinagar,2023-06-20,18,0,0,0,0,0,0,0,0,0,1.0,0.307752,0,0.0,0,55,1,3,0.8588,0.0595,GREEN,47,Bengaluru
CLM0030708,BEN_06454,Jayanagar,2023-01-06,18,0,1,1,0,0,0,0,0,0,0.0,1.0,0,0.0,0,420,4,0,0.7783,0.0114,GREEN,28,Bengaluru
CLM0030709,BEN_08043,Whitefield,2023-08-20,12,0,0,0,0,0,0,0,0,0,0.0,0.0,0,0.0,0,420,4,4,0.7649,0.0,GREEN,61,Bengaluru
CLM0030710,BEN_09025,Yelahanka,2024-09-03,8,0,0,0,0,0,1,0,0,0,0.0,0.266911,0,0.0,0,121,1,0,0.6953,0.0678,GREEN,55,Bengaluru
CLM0030711,BEN_00306,Jayanagar,2025-10-19,15,0,0,0,1,0,0,0,0,0,0.0,0.200643,0,0.0,0,51,1,3,0.131,0.1836,GREEN,31,Bengaluru
CLM0030712,BEN_01576,Whitefield,2025-03-28,16,0,0,0,0,0,0,0,0,0,0.0,0.039146,0,0.0,0,140,4,4,0.7712,0.0301,GREEN,35,Bengaluru
CLM0030713,BEN_00520,Jayanagar,2025-08-14,9,0,0,0,0,0,1,1,0,0,0.0,0.118857,0,0.0,0,420,4,6,0.593,0.2355,GREEN,50,Bengaluru
CLM0030714,BEN_05528,Yelahanka,2023-05-27,20,0,0,0,0,0,0,0,0,0,0.0,0.0,0,0.0,0,385,4,1,0.98,0.0,GREEN,56,Bengaluru
CLM0030715,BEN_09380,Koramangala,2023-09-25,9,0,0,0,0,0,0,0,1,0,0.0,0.39436,0,0.0,1,149,4,0,0.7798,0.2044,GREEN,42,Bengaluru
CLM0030716,BEN_07000,Yelahanka,2025-05-09,19,0,0,0,0,0,0,0,0,0,0.0,0.215048,0,0.0,0,164,2,1,0.6274,0.0765,GREEN,73,Bengaluru
CLM0030717,BEN_01494,Jayanagar,2025-07-29,9,0,0,0,0,0,0,0,0,0,0.0,0.063355,0,0.0,0,408,2,0,0.3846,0.0568,GREEN,23,Bengaluru
CLM0030718,BEN_09193,Rajajinagar,2024-06-08,18,0,0,0,0,0,1,0,0,0,0.0,0.211715,0,1.0,0,79,1,4,0.8404,0.1449,GREEN,70,Bengaluru
CLM0030719,BEN_03056,Marathahalli,2024-12-29,21,0,0,0,0,0,0,1,0,0,0.0,0.413717,0,0.0,0,284,1,0,0.0706,0.0469,GREEN,35,Bengaluru
CLM0030720,BEN_01360,Yelahanka,2020-07-10,14,0,0,0,0,0,0,0,0,1,0.0,1.0,0,0.0,0,199,3,1,0.6994,0.1387,GREEN,38,Bengaluru
CLM0030721,BEN_04122,Marathahalli,2024-07-06,12,0,0,0,0,0,0,0,0,0,0.0,0.21578,0,0.0,0,420,0,2,0.8593,0.0,GREEN,36,Bengaluru
CLM0030722,BEN_08532,Jayanagar,2022-07-10,17,0,0,0,0,0,0,0,0,0,0.0,0.984662,1,0.0,0,313,4,0,0.7074,0.1312,GREEN,48,Bengaluru
CLM0030723,BEN_06869,Rajajinagar,2022-10-25,12,0,0,0,0,0,0,0,0,0,0.0,0.02757,0,0.0,0,323,1,1,0.7839,0.0,GREEN,45,Bengaluru
CLM0030724,BEN_01646,Electronic City,2025-10-15,14,0,0,0,0,0,1,0,0,0,0.0,0.093993,0,0.0,0,112,0,5,0.6563,0.0255,GREEN,48,Bengaluru
CLM0030725,BEN_07158,Whitefield,2025-09-19,8,0,0,0,0,0,0,0,0,0,0.0,0.4325,0,0.0,0,419,3,2,0.8328,0.0436,GREEN,38,Bengaluru
CLM0030726,BEN_02122,BTM Layout,2020-01-22,18,0,0,0,0,0,0,0,0,0,0.0,0.380286,0,0.0,0,420,3,2,0.2044,0.0,GREEN,42,Bengaluru
CLM0030727,BEN_03263,Jayanagar,2024-07-30,19,0,0,0,0,0,0,0,0,0,0.0,0.064671,1,0.0,0,170,3,0,0.8024,0.0948,GREEN,48,Bengaluru
CLM0030728,BEN_00588,Jayanagar,2023-01-10,20,0,0,0,0,0,0,1,1,1,0.0,0.951283,0,1.0,1,22,3,18,0.307,0.0,GREEN,28,Bengaluru
CLM0030729,BEN_08816,Jayanagar,2025-08-02,9,0,0,0,0,0,0,0,0,0,0.0,0.353534,0,0.0,0,54,0,5,0.3677,0.0693,GREEN,47,Bengaluru
CLM0030730,BEN_09443,Koramangala,2021-10-25,8,0,0,0,0,0,0,0,1,0,0.0,0.212178,0,0.0,0,228,4,2,0.553,0.0836,GREEN,47,Bengaluru
CLM0030731,BEN_07079,BTM Layout,2024-12-09,18,0,0,0,0,0,0,1,0,0,0.0,0.22272,0,0.0,0,109,3,0,0.8078,0.0479,GREEN,54,Bengaluru
CLM0030732,BEN_00873,Indiranagar,2025-04-13,15,0,0,0,0,0,0,0,0,0,0.0,0.321782,0,0.0,0,420,3,8,0.6414,0.0,GREEN,31,Bengaluru
CLM0030733,BEN_02458,HSR Layout,2024-06-30,21,0,0,0,0,0,0,0,0,0,0.0,0.339055,0,0.0,0,73,0,4,0.9046,0.0,GREEN,38,Bengaluru
CLM0030734,BEN_01901,Koramangala,2025-07-09,21,0,0,0,0,0,0,0,1,0,0.0,0.041536,0,0.0,0,359,0,2,0.9699,0.1288,GREEN,63,Bengaluru
CLM0030735,BEN_01028,BTM Layout,2025-02-14,17,0,0,0,0,0,0,0,0,0,0.0,0.980081,0,0.0,0,420,1,7,0.5855,0.1292,GREEN,61,Bengaluru
CLM0030736,BEN_05643,Whitefield,2024-06-15,13,0,0,0,0,0,0,0,0,0,0.0,0.12848,0,0.0,0,199,2,2,0.7599,0.0,GREEN,60,Bengaluru
CLM0030737,BEN_00933,Yelahanka,2025-07-29,10,0,0,0,0,0,0,0,0,0,0.0,0.40415,0,0.0,0,350,3,2,0.823,0.105,GREEN,35,Bengaluru
CLM0030738,BEN_03773,Yelahanka,2025-06-01,18,0,0,0,0,0,0,0,0,0,0.0,0.950094,0,0.0,1,420,3,3,0.98,0.1594,GREEN,65,Bengaluru
CLM0030739,BEN_01494,Jayanagar,2023-07-04,17,0,1,1,0,0,0,0,0,0,0.0,0.158037,1,0.0,0,29,3,2,0.7549,0.0594,GREEN,23,Bengaluru
CLM0030740,BEN_09813,HSR Layout,2022-07-09,20,0,0,0,0,0,0,0,0,0,0.0,0.292259,0,0.0,0,238,3,2,0.1745,0.0678,GREEN,40,Bengaluru
CLM0030741,BEN_06851,Indiranagar,2024-06-07,7,0,0,0,0,0,1,0,0,0,0.0,0.097191,0,0.0,1,230,0,3,0.98,0.0397,GREEN,38,Bengaluru
CLM0030742,BEN_00115,Marathahalli,2023-06-28,8,0,0,0,0,0,1,0,0,0,0.0,0.118819,0,0.0,0,420,4,1,0.6184,0.0639,GREEN,49,Bengaluru
CLM0030743,BEN_05795,Koramangala,2025-11-13,14,0,0,0,0,0,0,1,0,0,0.0,0.047174,0,0.0,0,72,4,5,0.98,0.1052,GREEN,30,Bengaluru
CLM0030744,BEN_00034,Whitefield,2021-08-12,9,0,0,0,0,0,0,0,0,0,0.0,0.396615,1,0.0,1,409,2,4,0.6456,0.0654,GREEN,19,Bengaluru
CLM0030745,BEN_05248,Jayanagar,2023-02-25,17,0,1,1,0,0,0,0,0,0,0.0,0.062089,0,0.0,0,420,3,6,0.6401,0.0304,GREEN,51,Bengaluru
CLM0030746,BEN_01906,Jayanagar,2024-03-26,10,0,0,0,0,0,0,0,0,0,0.0,0.24072,0,0.0,0,420,1,0,0.8997,0.0545,GREEN,50,Bengaluru
CLM0030747,BEN_03649,Jayanagar,2021-08-20,15,0,0,0,0,0,0,0,0,0,0.0,0.265359,0,0.0,0,247,1,3,0.8782,0.0,GREEN,30,Bengaluru
CLM0030748,BEN_03313,Whitefield,2022-09-29,21,0,0,0,0,0,0,0,0,0,0.0,0.372141,0,0.0,0,302,3,2,0.1349,0.0413,GREEN,49,Bengaluru
CLM0030749,BEN_02151,Indiranagar,2024-10-19,14,0,0,0,0,0,0,0,0,0,0.0,0.276848,0,0.0,0,47,3,4,0.8643,0.0,GREEN,36,Bengaluru
CLM0030750,BEN_09837,Jayanagar,2025-10-18,17,0,0,0,0,0,0,0,0,0,0.0,1.0,0,0.0,0,212,1,2,0.758,0.0504,GREEN,41,Bengaluru
CLM0030751,BEN_01506,Electronic City,2024-08-25,7,0,0,0,1,0,0,0,0,0,1.0,1.0,0,1.0,0,324,2,2,0.7039,0.1054,GREEN,40,Bengaluru
CLM0030752,BEN_09323,Jayanagar,2022-08-09,14,0,0,0,0,0,0,0,0,0,0.0,0.387109,0,0.0,0,273,1,3,0.98,0.0,GREEN,31,Bengaluru
CLM0030753,BEN_03139,Indiranagar,2022-10-04,16,0,0,0,0,0,0,0,1,0,0.0,0.270299,0,0.0,0,260,2,1,0.6949,0.0795,GREEN,37,Bengaluru
CLM0030754,BEN_04659,BTM Layout,2025-02-16,19,0,0,0,0,0,0,1,0,0,0.0,0.27203,0,0.0,0,420,2,7,0.05,0.121,GREEN,46,Bengaluru
CLM0030755,BEN_07547,Whitefield,2024-05-10,12,0,0,0,0,0,0,0,0,0,0.0,0.0,0,0.0,0,420,4,0,0.9609,0.0,GREEN,44,Bengaluru
CLM0030756,BEN_08254,Koramangala,2023-11-20,20,0,0,0,0,0,0,0,0,0,0.0,0.265396,0,0.0,0,319,4,3,0.6356,0.0774,GREEN,46,Bengaluru
CLM0030757,BEN_04768,Electronic City,2025-02-09,8,0,0,0,0,0,1,0,0,0,0.0,0.252392,0,0.0,0,294,3,2,0.7137,0.0602,GREEN,45,Bengaluru
CLM0030758,BEN_02417,Koramangala,2024-09-05,18,0,0,0,0,0,0,0,0,0,0.0,0.956301,0,1.0,0,420,3,3,0.5851,0.0,GREEN,42,Bengaluru
CLM0030759,BEN_00801,Electronic City,2018-12-13,13,0,0,0,0,0,0,0,0,0,0.0,0.0,0,0.0,0,398,4,6,0.972,0.0251,GREEN,44,Bengaluru
CLM0030760,BEN_05392,Rajajinagar,2025-06-01,18,0,0,0,0,0,0,0,0,0,0.0,0.131917,0,0.0,0,358,1,0,0.683,0.0,GREEN,34,Bengaluru
CLM0030761,BEN_00525,Koramangala,2020-11-24,15,0,0,0,0,0,0,0,0,0,0.0,0.148954,1,0.0,0,130,3,4,0.72,0.0435,GREEN,45,Bengaluru
CLM0030762,BEN_01009,HSR Layout,2020-09-26,13,0,0,0,0,0,0,1,0,0,1.0,1.0,0,0.0,0,52,4,1,0.7647,0.1179,GREEN,49,Bengaluru
CLM0030763,BEN_04918,Electronic City,2021-02-27,13,0,0,0,0,0,0,0,0,0,0.0,0.232908,0,0.0,1,69,2,0,0.2502,0.1848,GREEN,55,Bengaluru
CLM0030764,BEN_00497,Yelahanka,2025-02-12,10,0,1,1,1,1,0,1,1,1,1.0,1.0,1,1.0,1,24,0,18,0.3593,0.8206,RED,47,Bengaluru
CLM0030765,BEN_05727,Rajajinagar,2020-09-03,20,0,1,1,1,1,0,1,1,0,1.0,1.0,0,0.0,0,27,2,18,0.8519,0.7441,RED,45,Bengaluru
CLM0030766,BEN_04270,Indiranagar,2022-12-28,8,0,1,1,0,1,1,0,1,1,0.0,0.889558,0,0.0,0,5,0,18,0.3026,0.6853,RED,28,Bengaluru
CLM0030767,BEN_00372,Electronic City,2022-09-07,11,0,1,1,1,1,1,1,1,1,0.0,0.189998,0,1.0,0,5,2,12,0.6502,0.8504,RED,55,Bengaluru
CLM0030768,BEN_04562,Marathahalli,2016-06-19,20,0,1,1,1,1,0,1,1,0,1.0,0.08559,1,1.0,1,17,1,18,0.8348,0.8441,RED,50,Bengaluru
CLM0030769,BEN_08961,Yelahanka,2019-02-10,9,0,1,1,0,0,0,0,0,0,0.0,0.057974,0,0.0,0,97,2,0,0.8333,0.6508,RED,51,Bengaluru
CLM0030770,BEN_02360,Koramangala,2022-05-19,12,0,1,1,0,0,0,0,0,0,1.0,1.0,0,1.0,0,301,2,5,0.8162,0.8301,RED,37,Bengaluru
CLM0030771,BEN_02908,Rajajinagar,2016-10-22,10,0,1,1,0,1,1,1,1,1,1.0,0.947508,0,1.0,0,31,1,18,0.1143,0.6352,RED,28,Bengaluru
CLM0030772,BEN_00015,Electronic City,2020-01-02,11,0,1,1,1,1,1,1,1,1,1.0,0.991128,0,1.0,1,24,0,18,0.1716,0.8148,RED,52,Bengaluru
CLM0030773,BEN_04107,Whitefield,2022-07-05,20,0,1,1,0,0,1,1,1,1,0.0,0.125486,0,0.0,1,11,1,14,0.861,0.5262,YELLOW,46,Bengaluru
CLM0030774,BEN_09694,Rajajinagar,2025-05-18,21,0,0,0,0,0,0,0,0,0,0.0,0.387101,0,0.0,0,407,3,0,0.6091,0.0,GREEN,21,Bengaluru
CLM0030775,BEN_02931,Koramangala,2025-02-20,16,0,0,0,0,0,0,0,0,0,0.0,0.036419,0,0.0,0,420,0,5,0.98,0.0208,GREEN,47,Bengaluru
CLM0030776,BEN_06900,Yelahanka,2025-07-01,12,0,0,0,0,0,0,0,0,0,1.0,0.922459,0,1.0,0,252,1,6,0.2097,0.0,GREEN,27,Bengaluru
CLM0030777,BEN_05614,Electronic City,2023-07-17,13,0,0,0,0,0,0,0,0,0,0.0,0.10184,0,1.0,0,237,0,3,0.5478,0.1089,GREEN,53,Bengaluru
CLM0030778,BEN_00370,Yelahanka,2025-08-02,13,0,0,0,0,0,0,0,1,0,0.0,0.123546,0,0.0,0,124,0,1,0.98,0.0,GREEN,44,Bengaluru
CLM0030779,BEN_01711,Electronic City,2023-05-11,20,0,0,0,0,0,0,0,1,0,1.0,0.360595,0,0.0,0,420,4,0,0.6219,0.143,GREEN,46,Bengaluru
CLM0030780,BEN_03080,HSR Layout,2022-06-28,9,0,0,0,0,0,0,0,0,1,0.0,0.24223,0,0.0,0,108,2,1,0.0626,0.0986,GREEN,53,Bengaluru
CLM0030781,BEN_06078,BTM Layout,2021-12-19,19,0,0,0,0,0,0,0,0,0,0.0,1.0,0,0.0,0,420,2,5,0.8226,0.0564,GREEN,52,Bengaluru
CLM0030782,BEN_09036,Marathahalli,2021-05-02,14,0,0,0,0,0,0,0,1,0,0.0,0.475773,0,0.0,0,38,3,0,0.98,0.1096,GREEN,51,Bengaluru
CLM0030783,BEN_02852,HSR Layout,2025-08-08,13,0,0,0,0,0,0,0,0,0,0.0,0.0,1,0.0,0,420,3,2,0.5851,0.0253,GREEN,32,Bengaluru
CLM0030784,BEN_04103,BTM Layout,2025-12-27,20,0,0,0,0,0,0,0,0,0,0.0,0.283065,0,0.0,0,394,4,2,0.5424,0.0437,GREEN,25,Bengaluru
CLM0030785,BEN_03255,Rajajinagar,2025-10-29,18,0,0,0,0,0,0,0,0,0,1.0,0.978465,0,0.0,0,236,4,2,0.98,0.0,GREEN,47,Bengaluru
CLM0030786,BEN_00857,Jayanagar,2024-05-25,8,0,0,0,0,0,0,0,0,0,1.0,0.246997,0,0.0,0,420,4,5,0.7925,0.0894,GREEN,27,Bengaluru
CLM0030787,BEN_03713,Koramangala,2025-02-13,8,0,0,0,0,0,0,0,0,0,0.0,0.0,0,0.0,0,335,2,1,0.1237,0.0074,GREEN,56,Bengaluru
CLM0030788,BEN_07464,Electronic City,2025-08-11,14,0,0,0,0,0,0,0,0,0,0.0,0.040809,0,0.0,1,420,2,0,0.9403,0.1319,GREEN,60,Bengaluru
CLM0030789,BEN_06609,Marathahalli,2025-08-06,19,0,0,0,0,0,0,0,0,0,0.0,0.207291,0,0.0,0,338,1,3,0.05,0.0,GREEN,45,Bengaluru
CLM0030790,BEN_05436,HSR Layout,2017-09-25,13,0,0,0,0,0,0,0,0,0,0.0,0.216805,0,0.0,0,242,2,3,0.6417,0.0,GREEN,51,Bengaluru
CLM0030791,BEN_01556,Electronic City,2018-11-01,16,0,0,0,0,0,0,0,0,0,1.0,0.969396,0,0.0,0,90,4,3,0.7961,0.0886,GREEN,40,Bengaluru
CLM0030792,BEN_00753,BTM Layout,2020-04-01,17,0,0,0,0,0,0,0,0,0,0.0,0.019646,0,0.0,0,64,3,5,0.3142,0.0569,GREEN,39,Bengaluru
CLM0030793,BEN_03894,Whitefield,2022-07-28,19,0,0,0,0,0,0,0,0,0,0.0,0.224443,0,0.0,0,420,0,2,0.7495,0.0717,GREEN,34,Bengaluru
CLM0030794,BEN_09186,Koramangala,2024-04-17,21,0,0,0,0,0,0,1,0,0,1.0,0.409772,0,0.0,0,357,4,2,0.5895,0.1292,GREEN,38,Bengaluru
CLM0030795,BEN_08428,BTM Layout,2022-11-13,17,0,0,0,0,0,0,0,0,0,0.0,0.205604,0,0.0,0,420,3,3,0.7551,0.0,GREEN,49,Bengaluru
CLM0030796,BEN_03571,Rajajinagar,2020-10-11,8,0,0,0,1,0,0,1,0,0,1.0,1.0,0,1.0,0,5,2,15,0.1109,0.0,GREEN,61,Bengaluru
CLM0030797,BEN_04864,Whitefield,2020-04-29,7,0,0,0,1,0,1,0,0,1,1.0,0.941189,0,0.0,1,7,0,18,0.2179,0.1869,GREEN,44,Bengaluru
CLM0030798,BEN_00765,HSR Layout,2018-10-25,7,0,0,0,0,0,0,0,0,0,0.0,0.318391,0,0.0,0,254,1,5,0.939,0.0,GREEN,47,Bengaluru
CLM0030799,BEN_04163,Jayanagar,2022-01-27,21,0,0,0,0,0,0,0,0,1,1.0,0.242843,0,0.0,0,401,4,3,0.98,0.2327,GREEN,33,Bengaluru
CLM0030800,BEN_04621,Whitefield,2024-06-02,10,0,0,0,1,0,0,0,0,0,0.0,0.0,0,0.0,0,127,4,4,0.6627,0.1286,GREEN,58,Bengaluru
CLM0030801,BEN_01164,Whitefield,2018-08-18,15,0,0,0,0,0,0,0,0,0,0.0,0.168693,0,0.0,0,398,4,0,0.4502,0.0,GREEN,57,Bengaluru
CLM0030802,BEN_05402,Rajajinagar,2018-11-24,14,0,0,0,0,0,0,0,0,0,0.0,0.18607,0,0.0,0,241,3,0,0.9137,0.0,GREEN,44,Bengaluru
CLM0030803,BEN_06549,Rajajinagar,2025-02-18,21,0,0,0,0,0,1,0,0,0,0.0,0.175865,0,0.0,0,420,1,5,0.8322,0.0,GREEN,45,Bengaluru
CLM0030804,BEN_06377,BTM Layout,2023-04-15,15,0,0,0,0,1,0,0,0,0,0.0,0.138957,0,0.0,0,420,2,0,0.9127,0.1167,GREEN,53,Bengaluru
CLM0030805,BEN_09282,HSR Layout,2023-11-12,7,0,0,0,0,0,0,0,0,0,0.0,1.0,0,0.0,0,67,0,2,0.5007,0.0,GREEN,52,Bengaluru
CLM0030806,BEN_04559,Jayanagar,2024-12-08,21,0,0,0,0,0,0,0,0,0,0.0,0.360369,0,0.0,0,236,1,2,0.306,0.0,GREEN,47,Bengaluru
CLM0030807,BEN_01412,Rajajinagar,2025-11-08,12,0,0,0,0,0,0,0,1,0,1.0,0.11518,0,0.0,0,171,0,4,0.98,0.1786,GREEN,59,Bengaluru
CLM0030808,BEN_09872,Yelahanka,2024-11-17,20,0,1,1,1,1,0,1,1,0,1.0,0.914421,0,1.0,1,5,1,18,0.05,0.7524,RED,34,Bengaluru
CLM0030809,BEN_02998,HSR Layout,2025-04-03,13,0,1,1,1,1,0,0,1,0,0.0,0.996325,0,1.0,0,5,1,18,0.2306,0.4477,YELLOW,58,Bengaluru
CLM0030810,BEN_00451,Whitefield,2025-11-03,15,0,1,1,1,1,0,1,1,1,0.0,1.0,0,1.0,0,5,0,18,0.05,0.7834,RED,29,Bengaluru
CLM0030811,BEN_05769,Electronic City,2025-07-30,19,0,1,1,0,1,0,0,0,0,0.0,0.480854,0,0.0,0,300,0,5,0.9528,0.5895,YELLOW,46,Bengaluru
CLM0030812,BEN_03585,Marathahalli,2025-03-29,18,0,1,1,0,1,0,1,0,1,0.0,0.918535,0,1.0,1,5,2,18,0.98,0.542,YELLOW,38,Bengaluru
CLM0030813,BEN_00357,Marathahalli,2025-01-24,19,0,1,1,0,0,0,0,0,0,0.0,0.102555,0,0.0,0,335,2,4,0.3874,0.5099,YELLOW,49,Bengaluru
CLM0030814,BEN_06344,BTM Layout,2024-05-08,18,0,1,1,1,1,0,1,0,1,1.0,0.914962,1,1.0,0,32,2,13,0.9247,0.5853,YELLOW,41,Bengaluru
CLM0030815,BEN_04736,HSR Layout,2024-10-19,13,0,1,1,0,0,0,0,0,0,0.0,0.36377,0,0.0,0,192,1,0,0.05,0.574,YELLOW,46,Bengaluru
CLM0030816,BEN_07073,HSR Layout,2022-02-07,16,0,1,1,1,0,1,1,0,1,1.0,0.946264,0,0.0,1,16,1,18,0.1087,0.6198,RED,61,Bengaluru
CLM0030817,BEN_05812,Indiranagar,2024-12-08,14,0,1,1,0,0,0,0,0,0,0.0,0.36733,0,0.0,0,272,1,0,0.8551,0.4164,YELLOW,34,Bengaluru
CLM0030818,BEN_03825,Electronic City,2022-10-16,13,0,1,1,1,1,0,1,1,0,0.0,1.0,0,1.0,1,39,1,18,0.2711,0.6552,RED,24,Bengaluru
CLM0030819,BEN_00581,HSR Layout,2025-09-10,14,0,1,1,0,0,0,0,0,0,0.0,0.146583,0,0.0,0,323,0,3,0.05,0.6333,RED,35,Bengaluru
CLM0030820,BEN_01770,HSR Layout,2020-06-28,15,0,1,1,1,1,1,1,1,1,1.0,1.0,0,1.0,0,5,1,18,0.2007,0.562,YELLOW,48,Bengaluru
CLM0030821,BEN_04364,HSR Layout,2019-04-12,12,0,1,1,1,1,0,0,1,0,1.0,0.918195,1,0.0,1,5,1,18,0.1125,0.6323,RED,32,Bengaluru
CLM0030822,BEN_05569,Rajajinagar,2024-10-19,9,0,1,1,0,1,0,1,1,1,1.0,0.088509,1,1.0,1,20,1,16,0.3067,0.6823,RED,49,Bengaluru
CLM0030823,BEN_03302,Electronic City,2023-10-14,20,0,1,1,1,0,0,1,1,1,0.0,0.031681,0,0.0,1,30,0,18,0.9608,0.693,RED,42,Bengaluru
CLM0030824,BEN_08475,Whitefield,2022-12-29,10,0,1,1,0,1,1,1,1,1,1.0,0.028494,0,1.0,1,11,2,18,0.1319,0.7144,RED,48,Bengaluru
CLM0030825,BEN_01555,BTM Layout,2022-01-05,20,0,1,1,1,0,1,1,0,1,0.0,0.086258,1,0.0,0,5,2,18,0.8812,0.6823,RED,45,Bengaluru
CLM0030826,BEN_00606,Electronic City,2024-12-26,18,0,1,1,0,1,0,1,1,0,1.0,1.0,1,1.0,1,21,2,18,0.3902,0.3924,YELLOW,58,Bengaluru
CLM0030827,BEN_02396,Jayanagar,2024-04-18,16,0,0,0,0,0,0,0,0,0,0.0,0.136414,0,0.0,0,20,4,0,0.548,0.0521,GREEN,46,Bengaluru
CLM0030828,BEN_08707,Indiranagar,2020-07-27,13,0,1,1,0,0,0,0,0,0,0.0,0.027235,0,0.0,0,388,0,0,0.6285,0.0,GREEN,40,Bengaluru
CLM0030829,BEN_07368,Koramangala,2017-05-15,15,0,0,0,0,1,1,0,0,0,0.0,0.051843,0,0.0,0,129,1,2,0.6848,0.2283,GREEN,51,Bengaluru
CLM0030830,BEN_09259,HSR Layout,2024-12-30,20,0,1,1,0,0,0,0,0,0,0.0,0.365526,0,1.0,0,115,0,2,0.6347,0.0,GREEN,69,Bengaluru
CLM0030831,BEN_09012,Jayanagar,2015-08-05,10,0,0,0,0,0,0,0,1,0,0.0,0.343896,0,0.0,0,319,0,0,0.6227,0.0548,GREEN,42,Bengaluru
CLM0030832,BEN_07247,Koramangala,2018-08-26,20,0,0,0,0,0,0,0,1,0,0.0,0.070955,0,1.0,0,327,2,3,0.6366,0.1568,GREEN,31,Bengaluru
CLM0030833,BEN_01114,Koramangala,2018-04-15,8,0,0,0,1,0,0,1,1,1,1.0,0.857144,1,0.0,0,24,0,18,0.2709,0.0053,GREEN,57,Bengaluru
CLM0030834,BEN_03699,Electronic City,2015-12-08,8,0,0,0,0,0,0,0,1,0,1.0,0.158988,0,0.0,0,420,4,0,0.6117,0.1951,GREEN,45,Bengaluru
CLM0030835,BEN_08506,Electronic City,2024-11-14,20,0,0,0,0,0,0,0,0,0,0.0,0.300394,0,0.0,0,143,0,0,0.98,0.0,GREEN,29,Bengaluru
CLM0030836,BEN_04576,Koramangala,2024-07-08,16,0,0,0,0,0,1,0,0,0,0.0,0.275033,0,0.0,0,216,0,2,0.0733,0.1748,GREEN,56,Bengaluru
CLM0030837,BEN_03609,Koramangala,2021-05-15,18,0,0,0,0,1,0,0,0,0,0.0,0.150959,0,0.0,0,192,3,0,0.8844,0.0535,GREEN,37,Bengaluru
CLM0030838,BEN_09220,Electronic City,2024-11-07,17,0,0,0,0,0,0,0,0,0,0.0,0.234114,0,0.0,0,273,0,1,0.583,0.0,GREEN,49,Bengaluru
CLM0030839,BEN_05269,Marathahalli,2024-06-11,14,0,0,0,0,0,1,0,0,0,0.0,0.383123,0,0.0,0,51,0,7,0.3389,0.0941,GREEN,50,Bengaluru
CLM0030840,BEN_08897,Yelahanka,2024-01-27,9,0,0,0,0,0,0,0,0,0,0.0,0.0,0,0.0,0,420,4,2,0.1544,0.0,GREEN,35,Bengaluru
CLM0030841,BEN_04955,Jayanagar,2024-09-05,17,0,0,0,0,0,0,1,0,0,1.0,0.347846,1,0.0,0,59,0,0,0.5102,0.1377,GREEN,64,Bengaluru
CLM0030842,BEN_00370,Yelahanka,2024-07-14,15,0,0,0,0,0,0,0,0,0,0.0,0.099822,0,0.0,0,420,3,0,0.6755,0.0804,GREEN,44,Bengaluru
CLM0030843,BEN_07091,Rajajinagar,2024-12-11,7,0,0,0,0,0,0,0,0,0,0.0,0.0,0,0.0,0,420,0,0,0.6408,0.0,GREEN,45,Bengaluru
CLM0030844,BEN_03770,Whitefield,2025-08-30,15,0,0,0,0,0,0,0,1,0,0.0,0.311014,0,0.0,0,255,1,0,0.887,0.1552,GREEN,43,Bengaluru
CLM0030845,BEN_08765,Electronic City,2024-03-26,16,0,0,0,0,0,0,0,0,0,0.0,0.201599,0,0.0,0,420,1,4,0.0552,0.0834,GREEN,56,Bengaluru
CLM0030846,BEN_01898,Electronic City,2024-08-09,19,0,0,0,0,0,0,0,0,0,1.0,0.954223,0,0.0,0,241,1,0,0.5986,0.0527,GREEN,51,Bengaluru
CLM0030847,BEN_02823,Jayanagar,2024-12-19,18,0,0,0,0,0,0,0,0,0,0.0,0.190238,0,0.0,1,298,2,3,0.1436,0.0771,GREEN,39,Bengaluru
CLM0030848,BEN_03348,Rajajinagar,2022-03-14,14,0,0,0,0,0,0,0,0,0,0.0,1.0,0,0.0,0,316,3,1,0.6376,0.0,GREEN,49,Bengaluru
CLM0030849,BEN_02380,Whitefield,2024-06-25,18,0,0,0,0,0,0,0,0,0,0.0,0.067067,0,0.0,0,420,0,4,0.8758,0.0,GREEN,40,Bengaluru
CLM0030850,BEN_06044,Koramangala,2025-01-23,21,0,0,0,0,0,0,0,0,0,0.0,0.14848,1,0.0,0,83,3,1,0.9119,0.1495,GREEN,36,Bengaluru
CLM0030851,BEN_09559,Marathahalli,2016-04-23,20,0,0,0,0,0,1,0,0,0,0.0,0.240011,0,0.0,0,315,2,0,0.547,0.0595,GREEN,18,Bengaluru
CLM0030852,BEN_00676,Koramangala,2019-12-24,11,0,0,0,0,0,0,1,0,0,0.0,0.332597,0,0.0,0,376,1,3,0.2,0.0388,GREEN,37,Bengaluru
CLM0030853,BEN_00562,Yelahanka,2025-10-23,21,0,0,0,0,0,0,0,1,0,0.0,0.321077,0,0.0,0,142,3,3,0.8646,0.0311,GREEN,55,Bengaluru
CLM0030854,BEN_04750,Marathahalli,2018-03-28,9,0,0,0,0,0,0,1,0,1,0.0,0.352657,0,0.0,0,218,1,3,0.7183,0.3222,YELLOW,57,Bengaluru
CLM0030855,BEN_04615,Rajajinagar,2016-09-26,9,0,1,1,0,0,0,0,0,0,0.0,0.131086,0,0.0,0,8,1,9,0.8958,0.0,GREEN,40,Bengaluru
CLM0030856,BEN_07600,HSR Layout,2024-03-31,13,0,0,0,0,0,1,0,0,0,0.0,0.430718,0,0.0,0,382,2,4,0.9105,0.1048,GREEN,33,Bengaluru
CLM0030857,BEN_03830,Marathahalli,2017-03-24,8,0,0,0,0,0,0,0,0,0,0.0,0.385248,0,0.0,0,151,1,0,0.8113,0.0,GREEN,50,Bengaluru
CLM0030858,BEN_04947,Electronic City,2021-12-22,13,0,0,0,0,0,0,0,0,0,0.0,0.388412,0,0.0,0,420,0,0,0.6626,0.0,GREEN,48,Bengaluru
CLM0030859,BEN_04359,Jayanagar,2019-07-10,8,0,0,0,0,0,0,0,0,1,0.0,0.258906,0,0.0,0,392,2,2,0.1288,0.1096,GREEN,48,Bengaluru
CLM0030860,BEN_08142,Indiranagar,2025-05-27,17,0,0,0,0,0,0,0,0,0,0.0,0.069168,0,0.0,0,348,0,0,0.7692,0.0,GREEN,22,Bengaluru
CLM0030861,BEN_03669,Indiranagar,2020-08-24,17,0,1,1,0,1,0,0,0,0,0.0,0.119921,0,0.0,0,194,3,1,0.9048,0.1424,GREEN,53,Bengaluru
CLM0030862,BEN_01949,Electronic City,2022-05-15,10,0,0,0,0,0,0,0,1,0,0.0,0.448975,0,0.0,0,317,2,4,0.98,0.07,GREEN,42,Bengaluru
CLM0030863,BEN_01216,Whitefield,2023-09-11,10,0,0,0,0,0,0,0,1,0,0.0,1.0,0,0.0,0,184,1,3,0.3976,0.1278,GREEN,46,Bengaluru
CLM0030864,BEN_02153,Electronic City,2016-12-15,7,0,0,0,0,0,0,0,0,0,0.0,0.31184,0,1.0,0,302,0,1,0.9119,0.0916,GREEN,28,Bengaluru
CLM0030865,BEN_04393,Whitefield,2017-03-30,9,0,0,0,0,0,0,0,1,0,0.0,1.0,0,0.0,0,196,4,1,0.6859,0.1522,GREEN,36,Bengaluru
CLM0030866,BEN_03018,Whitefield,2019-12-18,16,0,0,0,1,0,0,0,0,0,0.0,0.080028,0,0.0,0,420,0,2,0.8058,0.2466,GREEN,42,Bengaluru
CLM0030867,BEN_06983,Koramangala,2022-07-02,16,0,0,0,0,1,0,0,1,0,1.0,0.158387,0,0.0,0,420,1,1,0.5471,0.2488,GREEN,34,Bengaluru
CLM0030868,BEN_07675,Marathahalli,2024-07-13,13,0,0,0,0,0,0,0,0,0,0.0,0.414249,0,0.0,0,91,3,3,0.0593,0.0,GREEN,40,Bengaluru
CLM0030869,BEN_03670,Koramangala,2023-11-17,16,0,0,0,0,0,0,1,0,0,0.0,0.0,0,0.0,0,302,3,0,0.2747,0.1136,GREEN,43,Bengaluru
CLM0030870,BEN_04077,Whitefield,2025-06-11,21,0,0,0,0,0,0,0,0,0,0.0,0.335169,0,0.0,0,394,4,4,0.9616,0.0,GREEN,51,Bengaluru
CLM0030871,BEN_03000,Jayanagar,2025-04-07,20,0,0,0,0,0,0,0,0,0,0.0,0.368755,1,0.0,0,5,3,3,0.7705,0.049,GREEN,39,Bengaluru
CLM0030872,BEN_08892,BTM Layout,2025-08-26,9,0,0,0,0,0,0,0,1,0,0.0,1.0,0,0.0,0,91,1,5,0.5771,0.0885,GREEN,58,Bengaluru
CLM0030873,BEN_02953,Yelahanka,2023-12-31,19,0,0,0,0,0,0,0,0,0,0.0,0.174921,0,0.0,0,40,1,0,0.8312,0.0,GREEN,42,Bengaluru
CLM0030874,BEN_00516,Electronic City,2024-01-27,19,0,0,0,0,0,1,0,0,0,1.0,0.239823,0,0.0,0,121,2,0,0.6567,0.1306,GREEN,24,Bengaluru
CLM0030875,BEN_06414,Whitefield,2023-05-03,18,0,0,0,0,0,0,0,0,0,0.0,0.286324,0,0.0,0,420,1,1,0.5768,0.0982,GREEN,24,Bengaluru
CLM0030876,BEN_01288,Indiranagar,2024-11-30,8,0,0,0,0,0,0,0,0,0,0.0,0.172427,0,0.0,0,92,2,0,0.7753,0.0331,GREEN,46,Bengaluru
CLM0030877,BEN_00112,Whitefield,2023-02-20,12,0,0,0,0,0,0,0,0,0,1.0,0.0,0,0.0,0,269,1,4,0.6442,0.1059,GREEN,40,Bengaluru
CLM0030878,BEN_00472,Jayanagar,2023-10-13,7,0,0,0,0,0,0,0,0,0,0.0,0.05119,0,0.0,0,199,3,1,0.6652,0.0384,GREEN,48,Bengaluru
CLM0030879,BEN_06837,Whitefield,2023-06-03,16,0,0,0,0,0,0,0,0,0,0.0,0.020239,0,0.0,0,420,2,4,0.7343,0.0001,GREEN,39,Bengaluru
CLM0030880,BEN_09029,Whitefield,2023-09-26,11,0,0,0,0,0,0,0,0,0,0.0,0.174238,0,0.0,0,371,0,4,0.252,0.0273,GREEN,30,Bengaluru
CLM0030881,BEN_02940,Koramangala,2022-07-27,10,0,0,0,0,0,1,0,0,0,0.0,0.06531,0,0.0,0,121,2,5,0.4435,0.0586,GREEN,48,Bengaluru
CLM0030882,BEN_06223,Koramangala,2023-07-07,18,0,0,0,0,0,0,0,0,0,0.0,0.285617,0,0.0,0,190,3,1,0.3527,0.0664,GREEN,61,Bengaluru
CLM0030883,BEN_07787,Rajajinagar,2022-10-04,16,0,0,0,0,0,0,0,0,0,1.0,0.062886,0,0.0,0,145,2,0,0.7153,0.0652,GREEN,31,Bengaluru
CLM0030884,BEN_05825,BTM Layout,2024-03-02,8,0,0,0,0,0,0,0,0,0,0.0,0.355128,0,0.0,0,340,1,4,0.6625,0.0368,GREEN,36,Bengaluru
CLM0030885,BEN_08902,HSR Layout,2024-02-14,19,0,0,0,0,0,0,0,0,0,1.0,0.345937,0,0.0,0,420,3,4,0.6857,0.0945,GREEN,38,Bengaluru
CLM0030886,BEN_04176,Marathahalli,2025-01-20,11,0,0,0,0,0,0,0,0,0,0.0,0.234934,1,0.0,0,420,1,1,0.98,0.0,GREEN,38,Bengaluru
CLM0030887,BEN_03018,Whitefield,2023-05-12,18,0,0,0,0,0,0,0,0,0,0.0,0.212114,0,0.0,0,188,4,2,0.7704,0.0316,GREEN,42,Bengaluru
CLM0030888,BEN_06990,Koramangala,2024-09-07,13,0,0,0,0,0,0,0,0,0,0.0,0.055456,0,0.0,0,135,0,4,0.1633,0.0,GREEN,43,Bengaluru
CLM0030889,BEN_01320,BTM Layout,2024-07-20,8,0,0,0,0,0,0,0,1,0,0.0,0.267088,0,0.0,0,186,4,2,0.6108,0.097,GREEN,47,Bengaluru
CLM0030890,BEN_08010,Jayanagar,2023-02-14,18,0,0,0,0,0,0,0,0,0,1.0,0.18649,0,0.0,0,291,3,5,0.0546,0.1066,GREEN,37,Bengaluru
CLM0030891,BEN_06702,Electronic City,2024-04-27,15,0,0,0,0,0,1,0,0,0,0.0,0.053649,0,0.0,0,192,2,3,0.6934,0.0289,GREEN,57,Bengaluru
CLM0030892,BEN_05952,Indiranagar,2024-12-14,19,0,0,0,1,0,0,0,0,0,0.0,0.26141,0,0.0,0,325,2,1,0.6655,0.1472,GREEN,49,Bengaluru
CLM0030893,BEN_09465,Whitefield,2023-04-26,10,0,0,0,0,0,0,0,0,0,1.0,0.0,0,1.0,0,420,0,3,0.7038,0.1109,GREEN,50,Bengaluru
CLM0030894,BEN_09071,BTM Layout,2025-03-17,13,0,1,1,0,0,0,0,0,0,1.0,0.098391,0,0.0,0,420,2,7,0.9602,0.0664,GREEN,36,Bengaluru
CLM0030895,BEN_07720,Koramangala,2023-12-03,8,0,0,0,0,0,0,0,0,0,1.0,0.17493,0,0.0,0,420,3,4,0.6432,0.0559,GREEN,59,Bengaluru
CLM0030896,BEN_01944,Koramangala,2025-02-19,8,0,0,0,0,1,0,0,0,0,0.0,0.053116,0,0.0,0,325,3,4,0.6614,0.1789,GREEN,46,Bengaluru
CLM0030897,BEN_08763,HSR Layout,2025-03-22,9,0,0,0,0,0,0,0,0,0,1.0,0.929871,0,1.0,0,47,3,0,0.0937,0.0044,GREEN,40,Bengaluru
CLM0030898,BEN_05552,HSR Layout,2025-11-23,15,0,0,0,0,0,0,0,0,0,0.0,0.034586,0,0.0,0,186,0,2,0.817,0.0,GREEN,53,Bengaluru
CLM0030899,BEN_09208,Indiranagar,2021-08-12,9,0,1,1,1,0,0,0,0,0,0.0,0.053963,0,0.0,0,24,3,3,0.6385,0.1357,GREEN,54,Bengaluru
CLM0030900,BEN_05840,Whitefield,2024-01-10,10,0,0,0,0,0,0,0,0,0,0.0,0.213067,0,0.0,0,22,1,1,0.4229,0.0147,GREEN,54,Bengaluru
CLM0030901,BEN_05895,Yelahanka,2021-11-18,8,0,0,0,0,0,0,0,0,0,0.0,0.293403,0,0.0,0,148,1,1,0.8811,0.0,GREEN,49,Bengaluru
CLM0030902,BEN_00931,Indiranagar,2021-06-02,7,0,0,0,1,0,0,0,0,0,0.0,0.0,0,0.0,0,220,4,9,0.8917,0.1824,GREEN,39,Bengaluru
CLM0030903,BEN_00208,Yelahanka,2025-01-25,8,0,0,0,0,0,0,0,0,0,0.0,0.252421,0,0.0,0,212,1,0,0.847,0.0267,GREEN,40,Bengaluru
CLM0030904,BEN_04495,Koramangala,2024-10-18,12,0,0,0,0,0,0,0,0,0,0.0,0.405166,0,0.0,0,211,3,0,0.6506,0.0,GREEN,51,Bengaluru
CLM0030905,BEN_04986,Jayanagar,2024-02-10,14,0,0,0,0,0,0,0,0,1,1.0,0.271303,0,0.0,0,121,4,0,0.5926,0.2227,GREEN,42,Bengaluru
CLM0030906,BEN_09465,Whitefield,2025-01-12,8,0,0,0,0,0,0,0,0,0,0.0,0.289672,0,0.0,1,85,4,0,0.7666,0.0849,GREEN,50,Bengaluru
CLM0030907,BEN_04542,BTM Layout,2024-09-03,13,0,0,0,0,0,0,0,0,0,0.0,0.33541,1,0.0,0,72,3,2,0.7563,0.0839,GREEN,41,Bengaluru
CLM0030908,BEN_00857,Jayanagar,2023-10-01,9,0,0,0,1,0,0,0,1,0,0.0,0.395613,0,0.0,0,103,1,0,0.5488,0.1751,GREEN,27,Bengaluru
CLM0030909,BEN_00609,Electronic City,2025-10-15,12,0,0,0,0,0,0,0,0,0,0.0,0.412192,0,0.0,0,57,3,6,0.8203,0.0,GREEN,24,Bengaluru
CLM0030910,BEN_09025,Yelahanka,2024-07-04,18,0,0,0,0,0,1,0,0,0,0.0,0.133179,0,0.0,0,128,0,2,0.486,0.0406,GREEN,55,Bengaluru
CLM0030911,BEN_08530,HSR Layout,2023-10-14,9,0,0,0,0,0,0,0,0,0,1.0,0.137513,0,0.0,0,174,0,0,0.98,0.0726,GREEN,54,Bengaluru
CLM0030912,BEN_07983,Marathahalli,2024-04-22,21,0,0,0,0,0,0,0,0,0,0.0,0.0,0,0.0,0,222,4,0,0.7247,0.0,GREEN,54,Bengaluru
CLM0030913,BEN_01229,Jayanagar,2024-02-27,19,0,0,0,0,0,0,0,0,0,1.0,0.322867,0,0.0,0,154,2,2,0.7692,0.0,GREEN,45,Bengaluru
CLM0030914,BEN_07496,BTM Layout,2025-08-03,11,0,0,0,0,0,0,0,0,0,1.0,0.0,0,0.0,1,182,1,4,0.98,0.224,GREEN,51,Bengaluru
CLM0030915,BEN_03980,Whitefield,2025-12-24,20,0,1,1,0,0,0,0,0,0,0.0,0.378174,0,0.0,0,404,1,3,0.7591,0.0312,GREEN,42,Bengaluru
CLM0030916,BEN_04760,BTM Layout,2024-01-09,12,0,1,1,0,0,0,0,1,0,1.0,0.0,0,0.0,0,271,2,2,0.6653,0.2117,GREEN,22,Bengaluru
CLM0030917,BEN_00171,Yelahanka,2024-04-15,13,0,0,0,0,0,0,0,0,0,0.0,0.192254,0,0.0,0,420,1,3,0.5803,0.0,GREEN,51,Bengaluru
CLM0030918,BEN_03498,BTM Layout,2024-08-26,9,0,0,0,0,0,0,1,0,1,1.0,0.996761,0,0.0,1,29,1,18,0.4102,0.0588,GREEN,43,Bengaluru
CLM0030919,BEN_07068,Whitefield,2025-04-21,16,0,0,0,1,0,0,0,0,0,0.0,0.181786,0,0.0,0,341,1,0,0.98,0.148,GREEN,34,Bengaluru
CLM0030920,BEN_08102,Whitefield,2021-10-19,13,0,0,0,0,0,0,0,0,0,0.0,1.0,0,0.0,1,304,2,5,0.98,0.0073,GREEN,66,Bengaluru
CLM0030921,BEN_07482,Jayanagar,2024-07-23,13,0,0,0,0,0,0,0,0,0,0.0,0.269689,0,0.0,0,57,4,4,0.2075,0.0,GREEN,43,Bengaluru
CLM0030922,BEN_00752,Indiranagar,2022-07-31,12,0,0,0,0,0,0,0,0,0,0.0,0.19272,0,0.0,0,229,2,0,0.98,0.0383,GREEN,49,Bengaluru
CLM0030923,BEN_07937,Rajajinagar,2022-12-29,20,0,0,0,0,0,0,0,0,0,0.0,0.200294,0,0.0,1,276,1,4,0.5715,0.1113,GREEN,29,Bengaluru
CLM0030924,BEN_04719,Indiranagar,2023-07-17,7,0,0,0,1,1,1,1,1,1,1.0,0.949367,0,0.0,1,5,3,18,0.3843,0.0,GREEN,44,Bengaluru
CLM0030925,BEN_07710,Whitefield,2024-05-16,13,0,0,0,0,0,0,0,1,0,0.0,0.374417,0,0.0,0,377,3,0,0.6098,0.1504,GREEN,43,Bengaluru
CLM0030926,BEN_06195,HSR Layout,2023-04-30,21,0,0,0,0,0,0,0,0,0,0.0,0.989887,0,0.0,0,127,0,2,0.1372,0.1258,GREEN,33,Bengaluru
CLM0030927,BEN_06184,Yelahanka,2022-06-04,9,0,0,0,0,0,0,0,0,0,0.0,0.984687,0,0.0,0,420,4,4,0.8602,0.0,GREEN,41,Bengaluru
CLM0030928,BEN_07830,HSR Layout,2019-02-14,20,0,0,0,1,1,0,0,0,1,0.0,0.238909,0,0.0,0,27,1,18,0.3182,0.1138,GREEN,33,Bengaluru
CLM0030929,BEN_07637,Jayanagar,2019-10-03,15,0,1,1,0,0,0,0,0,0,0.0,0.345384,1,0.0,0,129,2,4,0.6698,0.0751,GREEN,51,Bengaluru
CLM0030930,BEN_07606,Whitefield,2021-01-21,19,0,0,0,1,0,1,1,0,1,0.0,0.089044,0,0.0,0,420,4,0,0.98,0.4009,YELLOW,45,Bengaluru
CLM0030931,BEN_00195,Rajajinagar,2017-05-16,12,0,0,0,0,0,0,0,0,0,0.0,0.413777,0,0.0,0,378,1,2,0.8144,0.0,GREEN,55,Bengaluru
CLM0030932,BEN_00353,HSR Layout,2017-12-11,12,0,0,0,0,0,0,0,0,0,0.0,0.345867,0,0.0,0,260,3,4,0.9784,0.0237,GREEN,56,Bengaluru
CLM0030933,BEN_03085,Jayanagar,2016-11-04,20,0,0,0,0,0,0,0,0,0,0.0,0.07043,0,0.0,0,334,4,3,0.6741,0.0,GREEN,49,Bengaluru
CLM0030934,BEN_04771,Electronic City,2017-04-09,20,0,0,0,0,0,0,0,0,0,0.0,0.928042,1,0.0,0,86,2,3,0.7302,0.0,GREEN,44,Bengaluru
CLM0030935,BEN_05260,BTM Layout,2020-10-25,17,0,0,0,0,0,1,1,0,0,0.0,0.259266,0,0.0,0,294,4,1,0.8471,0.2151,GREEN,55,Bengaluru
CLM0030936,BEN_07361,Rajajinagar,2025-03-20,16,0,0,0,0,0,1,0,0,0,0.0,0.275509,1,0.0,0,161,1,1,0.8839,0.2301,GREEN,24,Bengaluru
CLM0030937,BEN_01679,Indiranagar,2019-03-08,21,0,0,0,0,0,0,0,1,0,0.0,0.273388,0,0.0,0,264,2,4,0.633,0.1293,GREEN,70,Bengaluru
CLM0030938,BEN_04475,BTM Layout,2025-05-23,11,0,0,0,0,0,0,0,0,0,1.0,0.334963,0,0.0,0,47,3,4,0.6897,0.1198,GREEN,42,Bengaluru
CLM0030939,BEN_07062,BTM Layout,2023-10-19,10,0,0,0,0,0,0,1,0,0,0.0,0.183082,0,0.0,0,377,0,1,0.2771,0.105,GREEN,52,Bengaluru
CLM0030940,BEN_03068,Whitefield,2024-07-17,7,0,1,1,0,0,0,0,0,0,0.0,0.23006,0,0.0,1,334,1,3,0.8238,0.056,GREEN,32,Bengaluru
CLM0030941,BEN_02337,Electronic City,2024-08-25,9,0,0,0,0,0,0,1,1,0,0.0,1.0,0,0.0,0,180,4,3,0.8253,0.1037,GREEN,51,Bengaluru
CLM0030942,BEN_03206,BTM Layout,2022-12-04,20,0,0,0,0,0,1,0,0,0,0.0,0.011698,0,0.0,0,237,4,2,0.668,0.0506,GREEN,44,Bengaluru
CLM0030943,BEN_00278,Yelahanka,2024-10-25,11,0,0,0,0,0,0,0,0,0,0.0,0.316992,0,0.0,0,59,3,1,0.5215,0.0,GREEN,42,Bengaluru
CLM0030944,BEN_07874,HSR Layout,2025-05-19,10,0,0,0,0,0,0,0,0,0,0.0,0.384854,0,0.0,0,136,1,0,0.631,0.0,GREEN,49,Bengaluru
CLM0030945,BEN_00230,Koramangala,2023-06-06,19,0,0,0,0,0,1,0,0,0,0.0,0.02993,0,0.0,0,389,4,2,0.6084,0.1162,GREEN,44,Bengaluru
CLM0030946,BEN_00166,Whitefield,2023-01-27,18,0,0,0,0,0,0,0,0,0,0.0,0.349308,0,0.0,0,235,4,0,0.9318,0.0,GREEN,42,Bengaluru
CLM0030947,BEN_03473,Yelahanka,2025-05-06,19,0,0,0,0,0,0,0,1,0,0.0,0.297874,0,0.0,0,226,1,5,0.98,0.1282,GREEN,29,Bengaluru
CLM0030948,BEN_05785,Electronic City,2025-02-18,20,0,0,0,0,0,0,0,1,0,0.0,0.0,0,0.0,0,245,4,2,0.7838,0.0516,GREEN,41,Bengaluru
CLM0030949,BEN_03014,Electronic City,2016-07-22,9,0,0,0,0,0,1,0,0,0,0.0,0.306089,0,0.0,0,131,3,2,0.98,0.0036,GREEN,40,Bengaluru
CLM0030950,BEN_08784,HSR Layout,2017-04-18,16,0,0,0,0,1,0,0,0,0,0.0,0.323063,0,0.0,0,420,2,7,0.9145,0.0292,GREEN,72,Bengaluru
CLM0030951,BEN_07829,Marathahalli,2021-01-20,12,0,0,0,1,1,1,1,0,1,1.0,0.88409,1,1.0,0,6,0,18,0.2099,0.1166,GREEN,37,Bengaluru
CLM0030952,BEN_07434,Marathahalli,2018-06-14,20,0,0,0,0,0,0,0,0,1,0.0,0.933791,0,1.0,0,105,0,4,0.6149,0.1214,GREEN,37,Bengaluru
CLM0030953,BEN_01535,Marathahalli,2017-02-11,13,0,0,0,0,0,0,0,0,0,0.0,0.025662,0,0.0,0,420,0,3,0.9462,0.0747,GREEN,34,Bengaluru
CLM0030954,BEN_09220,Electronic City,2016-01-26,18,0,0,0,0,0,0,0,0,0,0.0,0.243818,0,0.0,0,420,0,3,0.9749,0.0,GREEN,49,Bengaluru
CLM0030955,BEN_05899,Electronic City,2024-01-23,18,0,0,0,0,0,1,0,1,0,0.0,0.167273,0,0.0,0,328,3,2,0.98,0.1816,GREEN,39,Bengaluru
CLM0030956,BEN_07004,Whitefield,2023-06-19,12,0,0,0,0,0,0,0,0,0,0.0,0.160587,0,0.0,0,279,2,3,0.2572,0.0,GREEN,32,Bengaluru
CLM0030957,BEN_06726,BTM Layout,2021-02-16,7,0,0,0,0,0,0,0,0,0,0.0,0.301721,0,1.0,0,420,4,5,0.1279,0.0,GREEN,48,Bengaluru
CLM0030958,BEN_06208,Yelahanka,2022-04-04,20,0,0,0,0,0,0,0,0,0,0.0,0.315463,0,0.0,0,277,1,3,0.6313,0.073,GREEN,60,Bengaluru
CLM0030959,BEN_09104,Koramangala,2016-07-14,16,0,0,0,0,0,0,0,0,0,0.0,0.37249,0,0.0,0,420,4,2,0.8613,0.0,GREEN,34,Bengaluru
CLM0030960,BEN_05973,HSR Layout,2025-09-12,11,0,0,0,0,0,0,0,0,0,0.0,0.304121,0,0.0,0,420,0,8,0.5001,0.0,GREEN,41,Bengaluru
CLM0030961,BEN_03717,Whitefield,2023-05-02,20,0,0,0,0,0,0,0,0,0,0.0,1.0,0,0.0,0,40,4,5,0.6665,0.0617,GREEN,44,Bengaluru
CLM0030962,BEN_09864,Marathahalli,2020-04-10,15,0,0,0,0,0,0,0,0,1,0.0,0.062904,0,0.0,0,186,3,7,0.7902,0.1083,GREEN,55,Bengaluru
CLM0030963,BEN_03670,Koramangala,2019-09-23,11,0,0,0,0,0,1,0,1,0,0.0,1.0,0,0.0,0,284,0,2,0.9544,0.203,GREEN,43,Bengaluru
CLM0030964,BEN_00573,Rajajinagar,2016-04-07,18,0,0,0,0,0,0,0,0,0,0.0,0.151879,0,0.0,1,326,2,3,0.9496,0.1149,GREEN,38,Bengaluru
CLM0030965,BEN_06702,Electronic City,2017-11-28,20,0,0,0,0,0,0,0,1,0,0.0,0.013926,0,0.0,0,257,0,0,0.8451,0.1404,GREEN,57,Bengaluru
CLM0030966,BEN_08465,Yelahanka,2024-12-03,12,0,0,0,0,0,0,0,0,0,0.0,0.341476,0,0.0,0,64,3,4,0.5725,0.0733,GREEN,33,Bengaluru
CLM0030967,BEN_08420,Whitefield,2025-09-11,8,0,0,0,0,0,0,0,1,0,0.0,1.0,0,0.0,0,385,0,4,0.05,0.0905,GREEN,53,Bengaluru
CLM0030968,BEN_00004,Indiranagar,2025-11-09,13,0,0,0,0,1,0,0,0,0,0.0,0.180093,0,0.0,0,206,0,3,0.9423,0.123,GREEN,35,Bengaluru
CLM0030969,BEN_01620,Koramangala,2025-12-12,21,0,0,0,0,0,0,0,0,0,0.0,0.172294,0,0.0,0,420,2,0,0.6447,0.0061,GREEN,32,Bengaluru
CLM0030970,BEN_01078,Electronic City,2025-12-01,14,0,0,0,0,1,0,0,0,0,1.0,0.218512,0,0.0,0,172,4,3,0.798,0.2193,GREEN,47,Bengaluru
CLM0030971,BEN_06460,Rajajinagar,2024-12-26,19,0,0,0,0,0,0,0,0,0,0.0,0.109115,0,0.0,0,420,2,0,0.537,0.033,GREEN,49,Bengaluru
CLM0030972,BEN_03472,BTM Layout,2016-05-11,15,0,0,0,0,0,0,0,0,0,0.0,1.0,0,0.0,0,56,3,4,0.8447,0.0583,GREEN,32,Bengaluru
CLM0030973,BEN_07213,HSR Layout,2023-03-03,11,0,0,0,0,0,0,0,0,0,0.0,0.388599,0,0.0,0,59,3,2,0.9322,0.0,GREEN,48,Bengaluru
CLM0030974,BEN_02511,Yelahanka,2022-02-11,12,0,0,0,0,0,0,0,0,0,0.0,0.326903,0,0.0,0,292,0,2,0.98,0.0383,GREEN,40,Bengaluru
CLM0030975,BEN_05988,Electronic City,2025-02-20,21,0,0,0,0,1,0,0,0,0,0.0,0.210903,1,0.0,0,113,2,2,0.7499,0.3442,YELLOW,36,Bengaluru
CLM0030976,BEN_03570,Yelahanka,2023-03-13,11,0,0,0,0,0,0,0,0,0,0.0,0.007546,0,0.0,1,104,1,6,0.1322,0.1046,GREEN,31,Bengaluru
CLM0030977,BEN_00996,Electronic City,2024-09-08,9,0,0,0,0,0,0,0,1,0,0.0,0.336353,0,0.0,0,136,3,3,0.9351,0.1378,GREEN,42,Bengaluru
CLM0030978,BEN_00604,Koramangala,2024-08-09,19,0,0,0,0,0,0,0,0,0,0.0,0.116893,0,0.0,0,298,1,2,0.5813,0.0,GREEN,26,Bengaluru
CLM0030979,BEN_06252,Jayanagar,2023-12-30,15,0,0,0,0,0,0,0,0,0,0.0,0.944271,1,0.0,0,420,2,3,0.4851,0.0,GREEN,45,Bengaluru
CLM0030980,BEN_07686,Koramangala,2024-04-03,19,0,0,0,0,0,0,0,0,0,0.0,0.056327,0,0.0,0,368,3,7,0.6755,0.0,GREEN,38,Bengaluru
CLM0030981,BEN_01364,Indiranagar,2019-07-08,12,0,0,0,0,0,0,0,0,0,0.0,0.063828,0,0.0,0,420,0,3,0.8445,0.0763,GREEN,52,Bengaluru
CLM0030982,BEN_00290,Indiranagar,2024-07-15,14,0,0,0,0,0,0,0,0,0,0.0,0.98823,0,0.0,0,296,1,0,0.8173,0.0,GREEN,47,Bengaluru
CLM0030983,BEN_04188,Indiranagar,2019-05-13,17,0,0,0,0,1,1,0,0,0,1.0,0.965912,0,1.0,0,258,1,4,0.5435,0.1823,GREEN,51,Bengaluru
CLM0030984,BEN_00711,Jayanagar,2019-05-10,14,0,0,0,1,0,0,0,0,0,1.0,0.240252,0,0.0,0,420,1,0,0.9401,0.0684,GREEN,38,Bengaluru
CLM0030985,BEN_06900,Yelahanka,2022-10-22,19,0,0,0,0,0,1,0,0,0,0.0,0.242153,0,0.0,0,29,3,1,0.1036,0.104,GREEN,27,Bengaluru
CLM0030986,BEN_02764,BTM Layout,2025-12-28,7,0,1,1,0,0,0,0,0,0,0.0,0.258534,0,0.0,0,232,4,2,0.9219,0.0,GREEN,44,Bengaluru
CLM0030987,BEN_09584,Rajajinagar,2018-02-04,12,0,0,0,0,0,0,0,0,0,0.0,0.0,0,0.0,0,329,1,0,0.5934,0.0389,GREEN,46,Bengaluru
CLM0030988,BEN_03609,Koramangala,2025-02-14,14,0,0,0,0,0,0,0,0,0,0.0,0.363019,0,0.0,0,420,4,1,0.9562,0.0262,GREEN,37,Bengaluru
CLM0030989,BEN_08858,Yelahanka,2023-05-24,18,0,0,0,0,1,0,0,0,0,0.0,0.033698,0,0.0,0,34,0,4,0.9314,0.0381,GREEN,57,Bengaluru
CLM0030990,BEN_00115,Marathahalli,2024-03-04,14,0,0,0,0,0,0,0,0,0,0.0,0.051688,0,0.0,0,329,0,4,0.4817,0.0,GREEN,49,Bengaluru
CLM0030991,BEN_06118,Jayanagar,2024-05-10,13,0,0,0,0,0,0,0,0,0,0.0,0.352007,0,0.0,1,352,3,0,0.8829,0.0,GREEN,49,Bengaluru
CLM0030992,BEN_08498,Marathahalli,2025-12-27,11,0,0,0,0,0,0,0,0,0,0.0,0.377423,0,0.0,0,211,3,3,0.5797,0.0627,GREEN,56,Bengaluru
CLM0030993,BEN_00882,Electronic City,2024-07-31,13,0,0,0,0,0,0,0,0,0,0.0,0.295128,0,0.0,0,388,3,2,0.6753,0.0,GREEN,42,Bengaluru
CLM0030994,BEN_07341,Rajajinagar,2025-10-19,16,0,0,0,0,0,0,0,0,0,0.0,0.224742,0,0.0,0,345,4,0,0.8726,0.0,GREEN,27,Bengaluru
CLM0030995,BEN_09464,Electronic City,2025-11-11,13,0,0,0,0,0,0,0,0,0,1.0,0.108969,0,0.0,0,420,0,1,0.5303,0.0267,GREEN,53,Bengaluru
CLM0030996,BEN_06172,Yelahanka,2023-08-29,7,0,0,0,0,0,1,0,0,0,0.0,0.072768,0,0.0,1,420,3,2,0.05,0.1752,GREEN,26,Bengaluru
CLM0030997,BEN_08118,BTM Layout,2022-03-22,18,0,0,0,0,0,0,0,0,0,1.0,0.2343,0,0.0,0,197,4,5,0.9037,0.0731,GREEN,50,Bengaluru
CLM0030998,BEN_04482,Electronic City,2022-04-21,13,0,0,0,0,0,0,0,0,0,0.0,0.123242,0,0.0,0,299,1,1,0.0967,0.0,GREEN,25,Bengaluru
CLM0030999,BEN_09660,Indiranagar,2025-02-05,7,0,0,0,0,0,0,0,0,0,0.0,0.096325,0,0.0,0,308,0,0,0.98,0.0,GREEN,51,Bengaluru
CLM0031000,BEN_06040,Whitefield,2022-12-03,13,0,0,0,0,0,0,0,0,0,1.0,0.987934,0,0.0,0,325,4,0,0.8153,0.0923,GREEN,45,Bengaluru
CLM0031001,BEN_03599,Jayanagar,2023-03-02,7,0,0,0,0,0,0,0,0,0,0.0,0.474629,0,0.0,0,420,1,3,0.4488,0.1046,GREEN,37,Bengaluru
CLM0031002,BEN_05881,HSR Layout,2023-10-26,13,0,0,0,0,1,0,0,0,1,0.0,0.065481,0,0.0,1,111,2,1,0.6096,0.2133,GREEN,31,Bengaluru
CLM0031003,BEN_04561,Yelahanka,2022-09-19,13,0,0,0,0,0,0,0,0,0,0.0,0.06747,0,0.0,0,132,4,0,0.2272,0.0,GREEN,35,Bengaluru
CLM0031004,BEN_00706,Koramangala,2022-09-19,8,0,0,0,1,0,0,0,0,0,0.0,0.371017,0,0.0,1,379,3,6,0.98,0.109,GREEN,39,Bengaluru
CLM0031005,BEN_06600,Indiranagar,2022-07-15,18,0,0,0,0,0,0,0,0,0,0.0,0.945451,0,0.0,0,94,1,1,0.6896,0.0,GREEN,18,Bengaluru
CLM0031006,BEN_07253,Jayanagar,2025-12-23,20,0,0,0,1,1,0,0,1,0,0.0,0.16476,0,1.0,0,420,3,2,0.7729,0.46,YELLOW,53,Bengaluru
CLM0031007,BEN_06761,Marathahalli,2024-12-25,8,0,0,0,0,0,0,0,0,0,0.0,0.166484,0,0.0,0,420,1,2,0.8867,0.0816,GREEN,43,Bengaluru
CLM0031008,BEN_05154,Koramangala,2025-07-31,13,0,0,0,0,0,0,0,0,0,0.0,0.0,0,0.0,0,307,1,2,0.8157,0.0,GREEN,29,Bengaluru
CLM0031009,BEN_05379,Indiranagar,2025-02-13,9,0,0,0,0,0,0,0,0,0,0.0,0.334459,0,0.0,0,146,1,1,0.05,0.0,GREEN,37,Bengaluru
CLM0031010,BEN_09812,Whitefield,2024-05-29,19,0,0,0,0,0,0,0,1,0,0.0,0.00391,0,0.0,0,393,2,2,0.8902,0.1203,GREEN,47,Bengaluru
CLM0031011,BEN_03629,Yelahanka,2024-05-09,10,0,0,0,0,0,0,0,0,0,0.0,0.411856,0,0.0,0,420,1,4,0.62,0.0,GREEN,38,Bengaluru
CLM0031012,BEN_07569,Jayanagar,2024-12-23,13,0,0,0,0,0,0,0,0,0,0.0,0.065404,0,0.0,0,228,1,3,0.75,0.0,GREEN,43,Bengaluru
CLM0031013,BEN_06350,Rajajinagar,2024-03-30,15,0,0,0,0,0,0,0,0,0,0.0,0.284043,0,0.0,0,382,3,3,0.7268,0.0028,GREEN,28,Bengaluru
CLM0031014,BEN_08863,Whitefield,2024-01-18,15,0,0,0,0,0,0,0,0,0,0.0,0.191742,0,0.0,0,419,2,7,0.0992,0.0,GREEN,38,Bengaluru
CLM0031015,BEN_03624,Koramangala,2024-07-17,21,0,1,1,1,1,0,0,0,0,0.0,0.120226,1,0.0,0,5,0,18,0.7613,0.0,GREEN,52,Bengaluru
CLM0031016,BEN_02490,Whitefield,2023-07-09,13,0,0,0,0,0,1,0,0,0,0.0,0.21455,0,0.0,0,379,3,4,0.6819,0.1057,GREEN,37,Bengaluru
CLM0031017,BEN_03288,Koramangala,2023-08-05,21,0,0,0,0,0,0,0,0,0,0.0,0.423526,0,0.0,0,420,1,2,0.8684,0.0337,GREEN,52,Bengaluru
CLM0031018,BEN_09922,Marathahalli,2025-11-01,20,0,0,0,0,0,0,0,0,0,0.0,0.01104,0,0.0,0,200,4,5,0.5997,0.0274,GREEN,39,Bengaluru
CLM0031019,BEN_08132,Yelahanka,2025-11-02,7,0,0,0,0,0,0,0,0,1,0.0,0.390439,0,0.0,1,134,3,2,0.6682,0.2129,GREEN,35,Bengaluru
CLM0031020,BEN_03214,HSR Layout,2023-01-07,9,0,0,0,0,0,0,0,0,0,0.0,0.156625,0,0.0,0,142,1,2,0.5107,0.0211,GREEN,47,Bengaluru
CLM0031021,BEN_00415,Jayanagar,2025-12-19,7,0,0,0,0,0,1,0,0,0,0.0,0.24965,0,0.0,0,197,0,4,0.9724,0.1085,GREEN,34,Bengaluru
CLM0031022,BEN_08533,Whitefield,2024-02-23,17,0,0,0,0,0,0,0,0,0,0.0,0.196946,0,0.0,0,268,3,0,0.7622,0.0,GREEN,62,Bengaluru
CLM0031023,BEN_01751,Rajajinagar,2024-03-28,17,0,0,0,0,0,0,0,0,1,0.0,0.280485,0,0.0,0,5,1,4,0.903,0.1839,GREEN,39,Bengaluru
CLM0031024,BEN_05998,HSR Layout,2025-01-09,20,0,0,0,1,0,0,0,0,0,0.0,0.29671,0,0.0,0,411,2,0,0.1412,0.1869,GREEN,41,Bengaluru
CLM0031025,BEN_01103,Electronic City,2025-07-04,10,0,0,0,0,0,0,0,1,0,0.0,0.257414,0,0.0,0,420,4,6,0.1401,0.1919,GREEN,61,Bengaluru
CLM0031026,BEN_03360,Koramangala,2025-03-08,11,0,0,0,0,0,0,0,0,0,0.0,0.30658,0,0.0,0,13,2,0,0.9286,0.0562,GREEN,48,Bengaluru
CLM0031027,BEN_07188,HSR Layout,2025-12-14,14,0,0,0,0,0,0,0,0,0,0.0,0.210651,0,0.0,0,39,4,0,0.5249,0.0,GREEN,48,Bengaluru
CLM0031028,BEN_00795,Rajajinagar,2025-06-04,11,0,0,0,0,0,0,0,0,0,1.0,0.350165,0,0.0,0,420,2,2,0.4918,0.0411,GREEN,48,Bengaluru
CLM0031029,BEN_00860,Whitefield,2025-08-22,14,0,0,0,0,0,0,0,0,0,0.0,0.177531,0,0.0,0,118,2,5,0.05,0.1359,GREEN,41,Bengaluru
CLM0031030,BEN_09660,Indiranagar,2025-06-18,21,0,0,0,0,0,0,1,0,0,0.0,0.070374,0,0.0,0,133,3,2,0.8991,0.1183,GREEN,51,Bengaluru
CLM0031031,BEN_03189,Marathahalli,2025-09-05,14,0,0,0,0,1,0,0,0,0,0.0,0.143285,0,0.0,0,353,4,3,0.8649,0.0643,GREEN,45,Bengaluru
CLM0031032,BEN_08342,Koramangala,2025-05-31,14,0,0,0,0,0,1,0,1,0,1.0,0.140814,0,0.0,0,379,3,1,0.9513,0.2759,GREEN,39,Bengaluru
CLM0031033,BEN_02928,Rajajinagar,2025-10-30,14,0,0,0,0,0,1,0,1,1,0.0,0.313835,0,0.0,0,381,0,4,0.9406,0.338,YELLOW,51,Bengaluru
CLM0031034,BEN_02727,Rajajinagar,2025-01-28,7,0,0,0,0,0,0,0,0,0,0.0,0.052592,1,0.0,0,367,0,5,0.9122,0.044,GREEN,47,Bengaluru
CLM0031035,BEN_09216,Indiranagar,2025-05-30,10,0,0,0,0,0,0,0,1,0,0.0,0.166233,0,0.0,0,90,4,6,0.4353,0.0691,GREEN,36,Bengaluru
CLM0031036,BEN_09811,Jayanagar,2025-09-16,12,0,0,0,0,0,0,0,0,0,0.0,0.191679,0,0.0,0,97,2,2,0.5798,0.0,GREEN,30,Bengaluru
CLM0031037,BEN_04984,Rajajinagar,2023-12-10,18,0,0,0,0,0,0,0,0,0,1.0,0.169432,1,0.0,0,200,4,2,0.8882,0.1217,GREEN,41,Bengaluru
CLM0031038,BEN_09761,HSR Layout,2023-11-26,12,0,0,0,0,0,0,0,0,0,0.0,0.393675,0,0.0,0,420,1,2,0.98,0.0,GREEN,49,Bengaluru
CLM0031039,BEN_06543,BTM Layout,2025-06-07,16,0,0,0,0,0,0,0,1,0,0.0,0.203252,0,0.0,0,107,0,2,0.98,0.0674,GREEN,44,Bengaluru
CLM0031040,BEN_09339,Marathahalli,2025-09-28,20,0,0,0,0,0,0,0,0,0,0.0,0.288511,0,0.0,0,93,3,3,0.7299,0.0322,GREEN,48,Bengaluru
CLM0031041,BEN_06507,Yelahanka,2025-10-02,11,0,0,0,0,0,0,0,0,0,0.0,0.344938,0,0.0,0,357,4,2,0.9437,0.0328,GREEN,59,Bengaluru
CLM0031042,BEN_09118,Rajajinagar,2024-01-25,15,0,0,0,0,0,0,0,0,0,0.0,0.127492,0,0.0,0,420,0,1,0.4952,0.0071,GREEN,27,Bengaluru
CLM0031043,BEN_01829,BTM Layout,2021-06-10,7,0,0,0,0,0,0,0,0,0,1.0,0.180718,0,1.0,0,255,1,1,0.6884,0.077,GREEN,41,Bengaluru
CLM0031044,BEN_06081,Indiranagar,2025-03-12,7,0,0,0,0,0,0,0,0,0,1.0,0.081576,1,0.0,0,300,0,0,0.5761,0.1006,GREEN,34,Bengaluru
CLM0031045,BEN_01685,HSR Layout,2021-05-30,10,0,0,0,0,0,0,0,0,0,0.0,0.342582,0,1.0,0,115,4,0,0.2656,0.0,GREEN,42,Bengaluru
CLM0031046,BEN_09741,Whitefield,2025-12-18,15,0,0,0,0,0,0,0,0,0,1.0,0.292943,0,1.0,0,105,2,0,0.8042,0.0677,GREEN,57,Bengaluru
CLM0031047,BEN_05627,Yelahanka,2024-08-17,16,0,0,0,0,0,0,0,1,0,0.0,0.030312,0,0.0,0,192,0,0,0.604,0.075,GREEN,39,Bengaluru
CLM0031048,BEN_02812,Yelahanka,2022-09-14,21,0,0,0,0,0,1,0,0,0,0.0,0.07102,0,0.0,0,420,1,3,0.9224,0.1286,GREEN,47,Bengaluru
CLM0031049,BEN_06535,Whitefield,2024-02-18,13,0,0,0,0,0,0,0,0,0,0.0,0.146835,0,0.0,0,178,3,3,0.98,0.0,GREEN,55,Bengaluru
CLM0031050,BEN_05203,Rajajinagar,2023-07-03,8,0,0,0,0,0,0,0,0,0,0.0,0.268306,0,0.0,0,283,2,2,0.3498,0.0424,GREEN,52,Bengaluru
CLM0031051,BEN_01108,Whitefield,2025-12-21,10,0,0,0,0,0,0,0,0,0,0.0,0.057761,0,0.0,0,214,4,2,0.98,0.0,GREEN,51,Bengaluru
CLM0031052,BEN_09515,Marathahalli,2024-05-22,13,0,0,0,0,0,0,0,0,0,1.0,0.298504,0,0.0,0,317,1,0,0.0858,0.1138,GREEN,63,Bengaluru
CLM0031053,BEN_05484,Whitefield,2022-07-01,9,0,0,0,0,0,0,0,0,0,0.0,0.139429,0,0.0,0,369,3,2,0.8282,0.006,GREEN,35,Bengaluru
CLM0031054,BEN_04130,HSR Layout,2023-04-12,12,0,0,0,0,0,0,0,0,0,0.0,0.252811,0,0.0,0,420,2,2,0.05,0.1591,GREEN,60,Bengaluru
CLM0031055,BEN_00836,Yelahanka,2024-07-09,12,0,0,0,0,0,0,0,0,0,0.0,0.197643,0,0.0,0,277,2,2,0.5381,0.0,GREEN,40,Bengaluru
CLM0031056,BEN_08160,Indiranagar,2025-04-28,12,0,0,0,0,0,0,0,0,0,0.0,0.090434,1,0.0,0,162,3,0,0.9637,0.1068,GREEN,54,Bengaluru
CLM0031057,BEN_03131,HSR Layout,2024-03-05,8,0,0,0,0,0,0,0,0,0,0.0,0.340381,0,0.0,0,286,0,1,0.9797,0.0,GREEN,52,Bengaluru
CLM0031058,BEN_07039,BTM Layout,2023-11-21,15,0,0,0,0,0,0,1,0,0,0.0,0.0,0,0.0,0,137,3,4,0.2145,0.145,GREEN,40,Bengaluru
CLM0031059,BEN_02006,BTM Layout,2024-08-17,13,0,0,0,0,0,0,0,0,0,0.0,0.42478,0,0.0,0,199,1,3,0.4527,0.0,GREEN,46,Bengaluru
CLM0031060,BEN_06766,Marathahalli,2020-11-03,8,0,0,0,0,0,0,0,0,0,1.0,0.124052,0,0.0,0,99,0,3,0.529,0.079,GREEN,55,Bengaluru
CLM0031061,BEN_00291,Rajajinagar,2023-10-05,9,0,0,0,0,0,0,0,0,0,0.0,1.0,0,0.0,0,111,1,4,0.3586,0.0,GREEN,56,Bengaluru
CLM0031062,BEN_08812,BTM Layout,2025-01-14,11,0,0,0,0,0,1,1,0,0,1.0,0.997656,0,1.0,0,142,2,4,0.859,0.1971,GREEN,44,Bengaluru
CLM0031063,BEN_04533,BTM Layout,2025-02-23,18,0,0,0,0,0,0,0,0,0,0.0,0.19964,0,0.0,0,151,4,2,0.9433,0.0,GREEN,56,Bengaluru
CLM0031064,BEN_02078,BTM Layout,2024-07-11,15,0,0,0,0,0,0,1,0,0,1.0,0.090643,0,0.0,0,257,0,3,0.05,0.1639,GREEN,62,Bengaluru
CLM0031065,BEN_00987,Rajajinagar,2024-09-07,18,0,0,0,0,0,0,0,0,1,1.0,0.214961,0,0.0,0,420,3,3,0.7122,0.3273,YELLOW,37,Bengaluru
CLM0031066,BEN_04047,Whitefield,2024-01-24,17,0,0,0,0,0,0,1,0,0,0.0,0.0,0,0.0,0,420,3,6,0.6929,0.0095,GREEN,31,Bengaluru
CLM0031067,BEN_07928,Indiranagar,2024-06-02,14,0,0,0,0,0,0,0,0,0,0.0,0.227771,0,0.0,0,366,2,3,0.854,0.0793,GREEN,46,Bengaluru
CLM0031068,BEN_01946,Electronic City,2024-12-09,7,0,0,0,0,0,0,0,0,0,0.0,0.330982,0,0.0,0,111,3,1,0.3626,0.0,GREEN,51,Bengaluru
CLM0031069,BEN_08200,Koramangala,2024-11-08,8,0,0,0,0,0,0,0,0,0,0.0,0.145514,0,0.0,0,21,2,3,0.9434,0.0285,GREEN,53,Bengaluru
CLM0031070,BEN_02816,Jayanagar,2024-10-27,17,0,1,1,0,0,0,0,1,0,0.0,0.147578,0,0.0,0,343,3,0,0.6143,0.0,GREEN,50,Bengaluru
CLM0031071,BEN_01530,HSR Layout,2025-05-06,16,0,0,0,0,0,0,0,0,0,0.0,0.253105,0,0.0,1,283,3,5,0.1144,0.0,GREEN,52,Bengaluru
CLM0031072,BEN_07673,Rajajinagar,2025-10-06,20,0,0,0,0,1,0,0,0,0,0.0,0.173185,0,0.0,0,253,3,1,0.6056,0.1,GREEN,53,Bengaluru
CLM0031073,BEN_04703,Electronic City,2024-02-01,11,0,0,0,0,0,0,0,0,0,0.0,0.329305,0,0.0,0,420,2,2,0.5589,0.0,GREEN,56,Bengaluru
CLM0031074,BEN_03189,Marathahalli,2025-04-22,20,0,0,0,0,0,0,0,0,0,0.0,0.11632,0,0.0,0,374,2,2,0.6125,0.082,GREEN,45,Bengaluru
CLM0031075,BEN_00443,BTM Layout,2023-05-27,21,0,0,0,0,0,1,0,0,0,0.0,1.0,0,0.0,0,217,1,1,0.8324,0.0863,GREEN,45,Bengaluru
CLM0031076,BEN_04826,Rajajinagar,2023-07-23,13,0,0,0,0,0,0,0,1,0,1.0,0.287968,0,0.0,0,215,2,1,0.2319,0.1917,GREEN,29,Bengaluru
CLM0031077,BEN_02485,Yelahanka,2023-08-04,13,0,0,0,0,0,0,0,0,0,0.0,0.180685,0,0.0,0,363,3,4,0.9008,0.0009,GREEN,31,Bengaluru
CLM0031078,BEN_07932,Yelahanka,2022-07-09,11,0,0,0,0,0,0,0,0,0,0.0,0.079056,0,0.0,0,35,1,3,0.209,0.0534,GREEN,37,Bengaluru
CLM0031079,BEN_02697,Indiranagar,2016-08-11,9,0,0,0,0,0,0,0,0,0,0.0,0.161961,0,0.0,0,369,3,0,0.7619,0.0,GREEN,37,Bengaluru
CLM0031080,BEN_03780,Jayanagar,2022-04-21,19,0,0,0,0,0,0,0,0,0,0.0,0.249761,0,0.0,1,165,1,5,0.518,0.1262,GREEN,38,Bengaluru
CLM0031081,BEN_00619,Electronic City,2019-03-25,21,0,0,0,0,0,0,0,0,0,0.0,0.0,0,0.0,0,188,3,6,0.05,0.0,GREEN,38,Bengaluru
CLM0031082,BEN_03480,Jayanagar,2025-10-30,17,0,0,0,0,0,0,0,0,0,0.0,0.16264,0,0.0,0,302,2,0,0.8053,0.0,GREEN,46,Bengaluru
CLM0031083,BEN_06740,Yelahanka,2017-12-08,17,0,0,0,1,0,0,0,0,0,0.0,0.0,0,0.0,0,420,3,5,0.6446,0.2027,GREEN,36,Bengaluru
CLM0031084,BEN_06663,HSR Layout,2019-05-10,20,0,0,0,0,0,0,0,0,0,0.0,0.391317,0,0.0,0,236,2,2,0.9623,0.0,GREEN,58,Bengaluru
CLM0031085,BEN_03750,Marathahalli,2024-12-09,13,0,0,0,0,0,0,0,0,0,0.0,0.254465,0,0.0,0,89,0,0,0.8712,0.0584,GREEN,55,Bengaluru
CLM0031086,BEN_00134,Whitefield,2023-08-29,18,0,0,0,0,0,0,0,1,0,0.0,0.073478,0,0.0,0,116,2,0,0.2063,0.123,GREEN,45,Bengaluru
CLM0031087,BEN_07037,Marathahalli,2024-07-27,17,0,0,0,0,0,0,0,1,0,0.0,0.245473,0,0.0,0,420,0,5,0.5355,0.1108,GREEN,69,Bengaluru
CLM0031088,BEN_03443,BTM Layout,2024-04-11,14,0,0,0,0,0,1,0,0,0,0.0,0.279073,0,0.0,0,420,3,1,0.8596,0.1716,GREEN,57,Bengaluru
CLM0031089,BEN_08348,Yelahanka,2025-12-27,12,0,0,0,0,0,0,0,0,0,0.0,0.340432,0,0.0,0,59,2,0,0.2878,0.0468,GREEN,36,Bengaluru
CLM0031090,BEN_07007,Electronic City,2025-09-28,14,0,1,1,0,0,0,0,0,0,0.0,0.072808,0,0.0,1,250,2,1,0.8333,0.0638,GREEN,39,Bengaluru
CLM0031091,BEN_09135,Indiranagar,2024-04-25,15,0,0,0,0,1,0,0,0,0,0.0,0.110388,0,0.0,0,183,0,2,0.5198,0.1704,GREEN,54,Bengaluru
CLM0031092,BEN_09889,Electronic City,2025-04-25,18,0,0,0,0,0,0,0,0,0,0.0,0.969096,0,0.0,0,124,3,4,0.7395,0.0,GREEN,53,Bengaluru
CLM0031093,BEN_00878,Marathahalli,2025-09-21,17,0,0,0,0,1,0,0,0,0,0.0,0.203297,0,1.0,0,363,1,3,0.1457,0.0563,GREEN,41,Bengaluru
CLM0031094,BEN_03899,Electronic City,2024-08-18,20,0,0,0,0,0,0,0,0,0,0.0,0.088932,0,0.0,0,205,4,0,0.05,0.0331,GREEN,46,Bengaluru
CLM0031095,BEN_06056,HSR Layout,2024-04-17,9,0,0,0,0,0,0,0,0,0,0.0,0.025906,0,0.0,0,93,4,1,0.797,0.1513,GREEN,59,Bengaluru
CLM0031096,BEN_05845,Jayanagar,2025-09-02,12,0,0,0,0,0,0,0,0,0,0.0,0.338992,0,0.0,0,420,4,1,0.7234,0.0638,GREEN,41,Bengaluru
CLM0031097,BEN_07789,BTM Layout,2024-06-06,18,0,0,0,0,0,0,0,0,0,0.0,0.261473,0,0.0,0,420,3,1,0.5096,0.0,GREEN,62,Bengaluru
CLM0031098,BEN_02344,Electronic City,2024-11-15,18,0,0,0,1,0,0,0,1,0,0.0,0.147017,0,0.0,0,256,0,4,0.5574,0.264,GREEN,51,Bengaluru
CLM0031099,BEN_05948,Indiranagar,2025-01-04,12,0,0,0,0,0,0,0,0,0,1.0,0.147733,0,0.0,0,199,2,0,0.8371,0.0792,GREEN,55,Bengaluru
CLM0031100,BEN_06415,BTM Layout,2023-08-05,18,0,0,0,0,0,0,0,0,0,1.0,1.0,0,1.0,0,278,1,1,0.8909,0.0499,GREEN,61,Bengaluru
CLM0031101,BEN_04126,Whitefield,2024-05-07,14,0,0,0,0,0,0,0,0,0,0.0,0.305516,0,0.0,0,219,4,0,0.98,0.0,GREEN,64,Bengaluru
CLM0031102,BEN_02301,Yelahanka,2021-12-26,11,0,0,0,0,0,0,0,0,0,0.0,0.110127,0,0.0,0,151,2,0,0.8911,0.0377,GREEN,44,Bengaluru
CLM0031103,BEN_05556,Electronic City,2023-12-09,19,0,0,0,0,0,0,0,0,0,0.0,0.158895,0,0.0,0,90,2,3,0.823,0.0005,GREEN,36,Bengaluru
CLM0031104,BEN_08161,Electronic City,2024-10-27,9,0,0,0,0,0,0,0,0,0,0.0,0.029799,0,0.0,0,165,0,4,0.6878,0.0,GREEN,44,Bengaluru
CLM0031105,BEN_04428,Electronic City,2024-06-08,17,0,0,0,0,0,0,0,0,0,0.0,0.254155,0,0.0,0,367,2,6,0.1211,0.0096,GREEN,29,Bengaluru
CLM0031106,BEN_00636,Rajajinagar,2025-05-16,18,0,0,0,0,0,0,0,0,0,0.0,0.317004,0,0.0,0,201,0,1,0.3482,0.0373,GREEN,42,Bengaluru
CLM0031107,BEN_00597,BTM Layout,2017-06-16,19,0,0,0,0,1,0,0,0,0,0.0,0.0,0,0.0,0,377,0,3,0.9141,0.1058,GREEN,47,Bengaluru
CLM0031108,BEN_06128,Electronic City,2025-06-20,20,0,0,0,1,0,1,0,0,0,0.0,0.254338,0,0.0,0,142,0,2,0.8079,0.2574,GREEN,37,Bengaluru
CLM0031109,BEN_09838,Indiranagar,2019-03-08,15,0,0,0,0,0,0,0,0,0,0.0,0.0,0,0.0,0,26,2,5,0.9127,0.0,GREEN,35,Bengaluru
CLM0031110,BEN_06535,Whitefield,2025-01-10,13,0,0,0,0,1,0,0,0,0,0.0,0.33525,0,1.0,0,351,2,3,0.9085,0.1071,GREEN,55,Bengaluru
CLM0031111,BEN_08891,Indiranagar,2020-04-02,18,0,0,0,0,0,0,0,0,0,0.0,0.325795,0,0.0,0,205,1,3,0.7752,0.0281,GREEN,25,Bengaluru
CLM0031112,BEN_07296,Jayanagar,2018-04-22,7,0,0,0,0,0,1,0,0,0,0.0,0.290065,0,0.0,0,117,1,0,0.0639,0.1071,GREEN,42,Bengaluru
CLM0031113,BEN_09589,Jayanagar,2024-12-05,8,0,0,0,0,0,0,1,0,0,1.0,0.281953,0,0.0,0,336,0,6,0.5397,0.1497,GREEN,41,Bengaluru
CLM0031114,BEN_05159,Marathahalli,2025-08-01,11,0,0,0,0,0,0,0,0,0,1.0,0.075132,0,0.0,0,420,3,2,0.246,0.1546,GREEN,43,Bengaluru
CLM0031115,BEN_00916,Whitefield,2025-12-19,17,0,0,0,0,0,0,0,0,0,0.0,0.082963,0,0.0,0,420,4,0,0.8119,0.0,GREEN,43,Bengaluru
CLM0031116,BEN_02569,BTM Layout,2025-11-04,15,0,0,0,0,0,1,0,0,0,0.0,0.126256,0,0.0,0,420,4,0,0.1061,0.0491,GREEN,37,Bengaluru
CLM0031117,BEN_04548,Indiranagar,2025-05-13,10,0,0,0,0,0,0,1,0,0,0.0,0.109735,0,0.0,0,420,1,6,0.0645,0.0224,GREEN,42,Bengaluru
CLM0031118,BEN_04091,BTM Layout,2025-09-09,21,0,0,0,0,0,0,0,0,0,1.0,0.288511,0,0.0,0,420,4,0,0.7999,0.0961,GREEN,42,Bengaluru
CLM0031119,BEN_09445,Indiranagar,2025-01-16,7,0,0,0,0,0,1,0,0,0,0.0,0.09905,0,0.0,0,73,2,3,0.1625,0.15,GREEN,33,Bengaluru
CLM0031120,BEN_05367,Marathahalli,2024-09-18,8,0,0,0,0,0,0,0,0,0,1.0,0.012637,0,0.0,0,189,4,4,0.3003,0.1134,GREEN,54,Bengaluru
CLM0031121,BEN_03253,Marathahalli,2025-09-27,14,0,0,0,0,0,0,0,0,0,0.0,0.234514,0,0.0,0,200,2,0,0.6273,0.0,GREEN,43,Bengaluru
CLM0031122,BEN_03340,Yelahanka,2025-07-23,21,0,0,0,0,0,0,0,0,0,0.0,1.0,0,0.0,0,254,2,0,0.98,0.0,GREEN,54,Bengaluru
CLM0031123,BEN_02312,Yelahanka,2025-08-05,17,0,0,0,0,0,0,0,0,0,0.0,0.29299,0,0.0,0,420,1,4,0.6469,0.0,GREEN,52,Bengaluru
CLM0031124,BEN_03061,Marathahalli,2021-08-16,18,0,0,0,0,0,0,0,0,0,0.0,0.283578,0,0.0,0,322,0,5,0.5732,0.0,GREEN,45,Bengaluru
CLM0031125,BEN_05084,Electronic City,2020-02-10,13,0,0,0,0,0,0,0,0,0,0.0,0.261729,0,0.0,1,46,1,2,0.6177,0.0281,GREEN,27,Bengaluru
CLM0031126,BEN_02237,Rajajinagar,2022-10-28,11,0,0,0,0,0,0,0,0,0,0.0,0.049384,0,0.0,0,341,0,3,0.53,0.1092,GREEN,36,Bengaluru
CLM0031127,BEN_06900,Yelahanka,2021-01-13,11,0,0,0,0,0,0,0,0,0,0.0,0.317088,0,0.0,1,163,4,4,0.6947,0.0876,GREEN,27,Bengaluru
CLM0031128,BEN_01327,Whitefield,2023-09-22,21,0,0,0,0,0,0,0,0,0,0.0,0.10688,0,0.0,0,136,0,0,0.4904,0.0,GREEN,40,Bengaluru
CLM0031129,BEN_08871,Whitefield,2024-02-21,8,0,0,0,0,0,0,0,0,0,1.0,0.955932,1,0.0,0,166,4,6,0.8805,0.175,GREEN,45,Bengaluru
CLM0031130,BEN_05587,Electronic City,2021-10-25,12,0,0,0,0,1,0,0,0,0,0.0,0.409634,0,0.0,0,344,2,5,0.8388,0.0815,GREEN,27,Bengaluru
CLM0031131,BEN_08979,Electronic City,2021-12-04,19,0,1,1,0,0,0,0,0,1,0.0,0.155643,0,0.0,0,361,3,4,0.8914,0.1632,GREEN,39,Bengaluru
CLM0031132,BEN_00966,Indiranagar,2025-01-15,9,0,0,0,1,0,1,1,1,0,0.0,0.122877,0,0.0,0,5,3,18,0.8765,0.1445,GREEN,35,Bengaluru
CLM0031133,BEN_09758,Rajajinagar,2020-09-30,16,0,0,0,0,1,0,0,0,0,0.0,1.0,0,0.0,0,81,4,3,0.6507,0.2359,GREEN,35,Bengaluru
CLM0031134,BEN_02412,Indiranagar,2019-10-24,19,0,0,0,0,0,0,0,0,0,0.0,0.360277,0,0.0,0,253,2,0,0.9571,0.016,GREEN,42,Bengaluru
CLM0031135,BEN_00204,Indiranagar,2022-06-14,9,0,0,0,0,0,0,0,0,0,0.0,0.468987,0,0.0,0,349,3,2,0.5565,0.0404,GREEN,54,Bengaluru
CLM0031136,BEN_06541,HSR Layout,2018-07-12,21,0,0,0,0,0,0,0,0,0,0.0,0.042026,0,0.0,0,167,4,0,0.1265,0.0371,GREEN,59,Bengaluru
CLM0031137,BEN_06567,Jayanagar,2021-10-01,8,0,0,0,0,0,0,0,0,0,0.0,0.226665,0,0.0,0,218,3,2,0.6442,0.0613,GREEN,44,Bengaluru
CLM0031138,BEN_06664,Jayanagar,2024-12-04,15,0,0,0,0,0,0,0,0,0,0.0,0.059385,0,0.0,0,16,3,6,0.9006,0.0,GREEN,47,Bengaluru
CLM0031139,BEN_00362,BTM Layout,2020-10-27,10,0,0,0,0,0,0,0,0,0,0.0,0.215755,0,0.0,0,266,1,0,0.8847,0.0,GREEN,31,Bengaluru
CLM0031140,BEN_03412,Yelahanka,2020-01-17,9,0,0,0,1,0,0,0,0,0,0.0,0.142327,0,0.0,0,403,4,1,0.6146,0.2061,GREEN,41,Bengaluru
CLM0031141,BEN_06259,Whitefield,2020-05-11,7,0,0,0,0,0,0,0,0,0,0.0,0.0,0,0.0,0,21,0,0,0.9099,0.0264,GREEN,47,Bengaluru
CLM0031142,BEN_08853,Yelahanka,2023-01-08,20,0,0,0,0,0,0,0,0,0,0.0,0.948344,0,0.0,0,49,0,0,0.4505,0.0386,GREEN,43,Bengaluru
CLM0031143,BEN_09142,Marathahalli,2018-11-10,7,0,0,0,0,0,0,0,1,0,0.0,0.415066,0,0.0,0,219,4,0,0.8184,0.0591,GREEN,46,Bengaluru
CLM0031144,BEN_04645,Electronic City,2025-03-24,8,0,0,0,0,0,0,0,0,0,0.0,1.0,0,0.0,0,156,3,0,0.8261,0.0001,GREEN,46,Bengaluru
CLM0031145,BEN_00563,Koramangala,2025-01-05,12,0,0,0,0,0,1,0,0,0,0.0,0.054222,0,0.0,0,343,1,3,0.4373,0.1349,GREEN,46,Bengaluru
CLM0031146,BEN_00690,Koramangala,2024-11-01,19,0,0,0,0,0,0,0,0,0,0.0,0.270479,0,0.0,0,124,0,3,0.9699,0.0,GREEN,31,Bengaluru
CLM0031147,BEN_04617,Jayanagar,2023-11-04,15,0,0,0,0,0,0,0,0,0,0.0,0.20856,0,0.0,0,420,3,3,0.8671,0.0,GREEN,45,Bengaluru
CLM0031148,BEN_04928,Jayanagar,2024-07-09,14,0,0,0,0,0,0,0,0,0,0.0,0.274098,0,1.0,0,420,1,0,0.7298,0.029,GREEN,53,Bengaluru
CLM0031149,BEN_07265,HSR Layout,2020-12-05,10,0,0,0,0,0,0,0,1,0,0.0,0.298367,0,0.0,0,154,4,2,0.2215,0.106,GREEN,38,Bengaluru
CLM0031150,BEN_02516,HSR Layout,2016-07-23,15,0,0,0,0,0,0,0,0,0,0.0,0.017547,0,0.0,0,114,3,5,0.5714,0.0835,GREEN,41,Bengaluru
CLM0031151,BEN_02232,Jayanagar,2025-01-26,19,0,0,0,0,0,1,0,0,0,0.0,0.112873,0,1.0,0,89,3,2,0.05,0.1502,GREEN,52,Bengaluru
CLM0031152,BEN_04963,Rajajinagar,2018-02-13,11,0,0,0,0,0,0,0,1,0,0.0,0.094258,0,0.0,0,103,4,0,0.7179,0.1556,GREEN,39,Bengaluru
CLM0031153,BEN_06050,Electronic City,2021-02-07,8,0,0,0,0,0,0,0,1,0,0.0,0.933502,0,0.0,0,22,0,2,0.8818,0.1484,GREEN,38,Bengaluru
CLM0031154,BEN_00104,Koramangala,2018-01-03,13,0,0,0,0,0,0,0,0,0,0.0,0.121417,0,0.0,0,250,0,2,0.5834,0.0513,GREEN,32,Bengaluru
CLM0031155,BEN_03214,HSR Layout,2016-12-08,21,0,0,0,0,0,0,0,0,0,0.0,0.268808,0,0.0,0,326,4,3,0.8765,0.0305,GREEN,47,Bengaluru
CLM0031156,BEN_02258,HSR Layout,2017-07-13,10,0,0,0,0,0,0,0,0,0,0.0,0.0,0,0.0,0,231,1,3,0.7852,0.0155,GREEN,54,Bengaluru
CLM0031157,BEN_09449,Whitefield,2016-07-03,15,0,0,0,0,0,0,0,0,0,0.0,0.326169,0,0.0,0,181,0,0,0.6723,0.0225,GREEN,44,Bengaluru
CLM0031158,BEN_05242,Electronic City,2024-09-08,13,0,0,0,0,0,0,1,0,0,0.0,0.117309,0,0.0,0,54,3,1,0.5954,0.0703,GREEN,43,Bengaluru
CLM0031159,BEN_05250,HSR Layout,2025-02-26,15,0,0,0,0,0,0,0,0,0,0.0,0.0,0,0.0,0,371,0,0,0.6457,0.0,GREEN,35,Bengaluru
CLM0031160,BEN_07125,HSR Layout,2025-07-24,10,0,0,0,0,1,0,0,0,0,0.0,0.262945,0,0.0,0,307,0,2,0.7257,0.0929,GREEN,28,Bengaluru
CLM0031161,BEN_04398,Yelahanka,2025-07-23,18,0,0,0,0,0,0,0,0,0,0.0,0.126752,0,0.0,0,396,3,0,0.9017,0.0158,GREEN,43,Bengaluru
CLM0031162,BEN_00532,BTM Layout,2024-10-04,20,0,0,0,0,0,0,0,1,0,0.0,0.312567,0,0.0,0,75,1,5,0.763,0.1354,GREEN,56,Bengaluru
CLM0031163,BEN_02725,Whitefield,2024-09-23,11,0,0,0,0,0,0,0,1,0,0.0,0.308394,0,0.0,0,328,4,3,0.7608,0.0526,GREEN,49,Bengaluru
CLM0031164,BEN_06906,Yelahanka,2025-03-17,10,0,0,0,0,0,0,0,0,0,0.0,0.277251,0,0.0,0,385,4,0,0.705,0.0,GREEN,52,Bengaluru
CLM0031165,BEN_00943,Rajajinagar,2024-06-15,8,0,0,0,0,0,0,0,0,0,0.0,0.388087,0,0.0,0,110,4,4,0.5009,0.083,GREEN,46,Bengaluru
CLM0031166,BEN_02785,HSR Layout,2025-11-23,18,0,0,0,0,0,1,0,0,1,0.0,0.126246,1,1.0,0,125,3,1,0.2314,0.3074,GREEN,45,Bengaluru
CLM0031167,BEN_08325,Yelahanka,2025-10-18,15,0,0,0,0,0,0,0,0,0,0.0,0.316338,0,0.0,0,334,2,2,0.7626,0.0594,GREEN,44,Bengaluru
CLM0031168,BEN_07204,BTM Layout,2025-06-19,10,0,0,0,0,0,0,0,0,0,0.0,0.054769,0,0.0,0,83,0,4,0.98,0.0,GREEN,53,Bengaluru
CLM0031169,BEN_03739,Whitefield,2024-08-22,7,0,0,0,0,0,0,0,0,0,0.0,0.087805,0,0.0,0,39,4,3,0.8809,0.0,GREEN,36,Bengaluru
CLM0031170,BEN_06744,Yelahanka,2023-04-04,16,0,0,0,0,1,0,0,0,0,0.0,0.076171,0,0.0,0,187,4,0,0.1002,0.0473,GREEN,41,Bengaluru
CLM0031171,BEN_02607,Rajajinagar,2023-03-06,11,0,0,0,0,0,0,1,0,0,0.0,0.423725,0,0.0,0,224,0,2,0.7852,0.0232,GREEN,55,Bengaluru
CLM0031172,BEN_07806,Rajajinagar,2023-11-05,19,0,0,0,0,1,0,0,0,0,0.0,0.272623,0,0.0,0,359,1,3,0.6348,0.1021,GREEN,36,Bengaluru
CLM0031173,BEN_09010,Marathahalli,2023-09-06,15,0,0,0,0,0,0,0,0,1,0.0,0.445005,0,0.0,0,350,0,1,0.8334,0.2049,GREEN,39,Bengaluru
CLM0031174,BEN_02117,Koramangala,2024-07-25,21,0,0,0,0,0,0,0,0,1,1.0,1.0,0,1.0,0,82,0,1,0.5451,0.1332,GREEN,39,Bengaluru
CLM0031175,BEN_00875,Rajajinagar,2024-07-15,20,0,0,0,0,0,0,0,0,0,0.0,0.965886,0,0.0,0,194,3,2,0.7489,0.0694,GREEN,53,Bengaluru
CLM0031176,BEN_01622,BTM Layout,2024-08-16,20,0,0,0,0,0,0,0,0,0,0.0,0.404754,0,0.0,0,147,2,6,0.236,0.0132,GREEN,25,Bengaluru
CLM0031177,BEN_01681,Marathahalli,2025-12-27,18,0,0,0,0,0,0,0,0,0,0.0,0.95655,0,0.0,0,319,2,4,0.7829,0.035,GREEN,53,Bengaluru
CLM0031178,BEN_00909,Yelahanka,2024-05-25,18,0,0,0,0,0,0,0,0,0,0.0,0.338311,0,0.0,0,42,0,4,0.6071,0.0,GREEN,50,Bengaluru
CLM0031179,BEN_02416,Marathahalli,2025-05-25,8,0,0,0,0,0,0,0,0,0,0.0,0.273412,0,0.0,0,300,2,2,0.798,0.0513,GREEN,64,Bengaluru
CLM0031180,BEN_01599,Yelahanka,2023-02-05,10,0,0,0,0,0,0,0,1,0,1.0,0.388323,0,0.0,0,74,2,0,0.6335,0.1801,GREEN,40,Bengaluru
CLM0031181,BEN_05823,Marathahalli,2024-08-26,12,0,0,0,0,0,0,1,0,0,0.0,0.119652,0,0.0,1,331,3,5,0.8177,0.1345,GREEN,45,Bengaluru
CLM0031182,BEN_00302,Rajajinagar,2019-09-20,7,0,0,0,0,0,1,0,0,0,0.0,0.244355,0,1.0,0,25,2,3,0.2011,0.09,GREEN,60,Bengaluru
CLM0031183,BEN_03194,Whitefield,2022-07-28,12,0,0,0,0,0,0,0,0,1,0.0,0.499649,0,0.0,0,420,1,0,0.5322,0.064,GREEN,38,Bengaluru
CLM0031184,BEN_07314,Yelahanka,2020-11-03,14,0,0,0,0,0,0,0,0,0,0.0,0.332289,0,0.0,0,420,1,2,0.8506,0.0,GREEN,50,Bengaluru
CLM0031185,BEN_06385,Whitefield,2022-01-10,16,0,0,0,0,0,0,0,0,1,0.0,0.132659,0,0.0,0,230,4,1,0.8629,0.1104,GREEN,31,Bengaluru
CLM0031186,BEN_09661,Electronic City,2018-11-19,10,0,0,0,0,0,0,0,1,0,0.0,0.080545,0,0.0,0,420,2,1,0.6653,0.0759,GREEN,45,Bengaluru
CLM0031187,BEN_00309,Whitefield,2021-10-04,19,0,0,0,0,0,0,0,0,0,0.0,0.330538,1,0.0,0,106,3,5,0.6617,0.0,GREEN,28,Bengaluru
CLM0031188,BEN_01186,Marathahalli,2023-06-02,15,0,0,0,0,0,0,0,0,0,0.0,0.401573,0,0.0,0,368,4,4,0.0697,0.0208,GREEN,38,Bengaluru
CLM0031189,BEN_09837,Jayanagar,2018-11-19,13,0,0,0,0,0,0,0,0,0,0.0,0.300741,0,0.0,0,52,1,3,0.7713,0.0459,GREEN,41,Bengaluru
CLM0031190,BEN_04129,Whitefield,2025-02-04,10,0,0,0,0,0,0,0,0,0,0.0,0.340743,0,0.0,0,420,4,3,0.7768,0.0901,GREEN,36,Bengaluru
CLM0031191,BEN_06364,Marathahalli,2025-11-10,21,0,0,0,0,0,0,1,0,0,0.0,0.134068,0,0.0,1,182,1,4,0.723,0.1542,GREEN,44,Bengaluru
CLM0031192,BEN_02082,Whitefield,2025-04-05,15,0,0,0,0,0,0,0,0,0,0.0,0.43415,0,0.0,1,161,2,0,0.6718,0.0488,GREEN,51,Bengaluru
CLM0031193,BEN_02628,Indiranagar,2025-11-11,13,0,0,0,0,0,0,0,0,0,0.0,0.114079,1,0.0,0,247,3,0,0.7561,0.108,GREEN,53,Bengaluru
CLM0031194,BEN_09392,Koramangala,2025-06-13,12,0,0,0,0,1,0,0,0,0,0.0,0.950816,0,0.0,0,190,2,2,0.7676,0.0769,GREEN,44,Bengaluru
CLM0031195,BEN_04398,Yelahanka,2025-06-18,9,0,0,0,0,0,0,0,0,0,1.0,0.242001,0,0.0,0,294,0,3,0.6573,0.1247,GREEN,43,Bengaluru
CLM0031196,BEN_08361,Marathahalli,2025-04-20,16,0,0,0,0,0,1,0,1,0,0.0,0.085868,0,0.0,0,414,1,2,0.3229,0.1093,GREEN,27,Bengaluru
CLM0031197,BEN_08196,HSR Layout,2025-05-06,12,0,0,0,0,0,1,0,0,0,0.0,0.151094,0,0.0,0,420,1,0,0.7117,0.2097,GREEN,34,Bengaluru
CLM0031198,BEN_06532,Whitefield,2025-02-07,12,0,0,0,0,0,0,0,0,0,0.0,0.324755,0,0.0,0,46,2,3,0.7615,0.0,GREEN,35,Bengaluru
CLM0031199,BEN_07922,Electronic City,2025-12-30,18,0,0,0,0,0,1,0,0,0,0.0,0.0,0,0.0,0,420,3,3,0.6092,0.1099,GREEN,31,Bengaluru
CLM0031200,BEN_00706,Koramangala,2025-09-10,15,0,1,1,0,0,0,0,0,0,0.0,0.27233,0,0.0,0,420,1,1,0.9195,0.0,GREEN,39,Bengaluru
CLM0031201,BEN_07801,Koramangala,2025-05-18,10,0,0,0,0,0,0,0,0,0,0.0,0.0,0,0.0,0,51,1,3,0.9529,0.0,GREEN,54,Bengaluru
CLM0031202,BEN_07283,Yelahanka,2025-05-26,17,0,0,0,0,0,0,0,0,0,0.0,0.267537,0,0.0,0,211,3,0,0.98,0.0,GREEN,53,Bengaluru
CLM0031203,BEN_04669,Whitefield,2025-12-11,12,0,0,0,0,0,1,0,0,0,0.0,0.0,0,0.0,0,415,2,2,0.6769,0.0929,GREEN,33,Bengaluru
CLM0031204,BEN_08057,Yelahanka,2024-07-27,10,0,0,0,1,0,0,0,0,0,0.0,1.0,1,0.0,1,110,1,9,0.6551,0.3175,YELLOW,49,Bengaluru
CLM0031205,BEN_06698,Jayanagar,2025-01-07,17,0,0,0,0,0,0,0,0,0,0.0,0.289692,0,0.0,0,36,4,0,0.9628,0.1074,GREEN,36,Bengaluru
CLM0031206,BEN_00697,HSR Layout,2024-09-26,12,0,0,0,0,0,0,0,0,0,0.0,0.167856,0,0.0,0,420,3,9,0.98,0.0052,GREEN,30,Bengaluru
CLM0031207,BEN_02792,Koramangala,2024-07-30,17,0,0,0,0,0,0,0,0,0,0.0,0.081603,0,0.0,0,80,4,0,0.2774,0.0047,GREEN,38,Bengaluru
CLM0031208,BEN_02685,Indiranagar,2023-10-27,7,0,0,0,0,1,0,0,0,0,0.0,1.0,0,0.0,1,420,1,0,0.4383,0.2132,GREEN,64,Bengaluru
CLM0031209,BEN_03871,Yelahanka,2023-05-04,13,0,0,0,0,0,0,0,0,0,1.0,0.183224,0,0.0,0,271,0,6,0.7523,0.0607,GREEN,56,Bengaluru
CLM0031210,BEN_02326,Whitefield,2021-12-10,15,0,0,0,0,0,0,0,0,0,0.0,0.144718,0,1.0,0,129,2,2,0.5788,0.026,GREEN,40,Bengaluru
CLM0031211,BEN_06068,HSR Layout,2022-06-18,10,0,0,0,1,0,0,0,0,0,0.0,0.022255,0,0.0,0,287,2,1,0.5047,0.1281,GREEN,48,Bengaluru
CLM0031212,BEN_00998,Electronic City,2022-11-24,13,0,0,0,0,0,1,0,0,0,0.0,0.267642,0,0.0,0,85,0,6,0.8157,0.1051,GREEN,44,Bengaluru
CLM0031213,BEN_05194,Marathahalli,2025-06-30,18,0,0,0,0,0,0,0,0,0,0.0,0.069628,0,0.0,0,260,1,3,0.4171,0.0806,GREEN,42,Bengaluru
CLM0031214,BEN_04466,HSR Layout,2023-03-19,17,0,0,0,0,0,0,0,0,0,0.0,0.020701,0,0.0,0,420,1,0,0.7781,0.0408,GREEN,52,Bengaluru
CLM0031215,BEN_08311,BTM Layout,2023-09-03,10,0,0,0,0,0,0,1,0,0,1.0,0.18064,0,0.0,0,360,1,0,0.05,0.166,GREEN,44,Bengaluru
CLM0031216,BEN_05112,Yelahanka,2024-10-26,7,0,0,0,0,0,0,0,0,0,0.0,0.21838,0,0.0,0,402,1,2,0.5749,0.0,GREEN,43,Bengaluru
CLM0031217,BEN_06127,BTM Layout,2024-12-21,11,0,0,0,0,1,0,0,1,0,0.0,0.217419,0,0.0,0,265,0,4,0.7602,0.3038,GREEN,58,Bengaluru
CLM0031218,BEN_08868,HSR Layout,2024-09-26,12,0,0,0,0,0,0,0,1,0,0.0,1.0,0,0.0,0,205,4,4,0.7137,0.1031,GREEN,44,Bengaluru
CLM0031219,BEN_01692,BTM Layout,2025-03-07,18,0,0,0,0,1,1,0,0,0,0.0,0.241036,1,0.0,0,241,1,3,0.98,0.2978,GREEN,44,Bengaluru
CLM0031220,BEN_09755,Electronic City,2024-09-02,15,0,0,0,0,0,0,0,0,0,0.0,0.15489,0,0.0,0,114,0,4,0.5317,0.0,GREEN,50,Bengaluru
CLM0031221,BEN_04447,HSR Layout,2024-04-03,15,0,0,0,0,0,0,0,1,0,0.0,1.0,0,0.0,0,420,2,0,0.8285,0.1412,GREEN,46,Bengaluru
CLM0031222,BEN_09334,Jayanagar,2025-04-21,14,0,0,0,0,0,0,0,0,0,0.0,0.147281,1,0.0,0,231,4,0,0.3226,0.0826,GREEN,25,Bengaluru
CLM0031223,BEN_03620,Rajajinagar,2023-05-17,13,0,0,0,0,0,0,0,1,0,1.0,0.199357,0,0.0,0,420,2,3,0.9313,0.099,GREEN,60,Bengaluru
CLM0031224,BEN_02853,Electronic City,2025-07-14,8,0,0,0,0,0,0,0,0,0,0.0,0.168963,0,0.0,0,105,4,6,0.5803,0.0,GREEN,43,Bengaluru
CLM0031225,BEN_06904,Electronic City,2024-12-20,9,0,0,0,0,0,1,1,1,0,0.0,0.106324,0,0.0,1,12,4,18,0.7848,0.0668,GREEN,36,Bengaluru
CLM0031226,BEN_09885,Jayanagar,2025-11-17,12,0,0,0,0,0,1,0,0,0,0.0,0.272853,0,0.0,0,352,2,2,0.2434,0.2377,GREEN,31,Bengaluru
CLM0031227,BEN_04758,Whitefield,2024-12-16,11,0,0,0,0,0,0,0,0,0,0.0,0.244136,0,0.0,0,312,4,2,0.9234,0.0,GREEN,49,Bengaluru
CLM0031228,BEN_07297,Jayanagar,2025-09-16,7,0,0,0,0,0,0,0,0,0,0.0,0.259823,0,0.0,0,235,0,3,0.6934,0.0,GREEN,41,Bengaluru
CLM0031229,BEN_08480,HSR Layout,2025-08-28,7,0,0,0,0,0,0,0,0,0,0.0,0.359826,0,0.0,0,198,0,6,0.2941,0.0,GREEN,28,Bengaluru
CLM0031230,BEN_01991,Marathahalli,2025-10-15,14,0,0,0,0,0,0,0,0,0,0.0,0.197711,0,0.0,0,241,4,2,0.8953,0.0219,GREEN,50,Bengaluru
CLM0031231,BEN_08985,Rajajinagar,2022-09-21,21,0,0,0,0,1,0,0,1,0,0.0,0.201081,0,0.0,1,147,1,2,0.6217,0.2676,GREEN,47,Bengaluru
CLM0031232,BEN_07853,Indiranagar,2021-04-20,14,0,0,0,0,0,0,0,0,0,1.0,0.327227,0,0.0,0,284,3,0,0.5783,0.1379,GREEN,43,Bengaluru
CLM0031233,BEN_04693,Indiranagar,2025-12-29,12,0,1,1,0,0,1,0,0,0,1.0,0.317847,0,0.0,0,420,2,3,0.05,0.2245,GREEN,40,Bengaluru
CLM0031234,BEN_05838,HSR Layout,2025-06-11,12,0,0,0,0,0,0,0,0,0,0.0,1.0,0,0.0,0,155,2,1,0.7446,0.0,GREEN,39,Bengaluru
CLM0031235,BEN_04749,Koramangala,2025-01-11,8,0,0,0,0,1,0,0,0,0,0.0,0.006104,0,0.0,0,23,1,5,0.6099,0.1037,GREEN,43,Bengaluru
CLM0031236,BEN_01914,Koramangala,2023-09-02,14,0,0,0,0,0,1,0,0,0,0.0,0.103318,0,0.0,0,25,4,0,0.4056,0.0247,GREEN,37,Bengaluru
CLM0031237,BEN_06207,HSR Layout,2019-09-30,13,0,0,0,0,0,0,0,0,0,0.0,0.338813,0,0.0,0,325,1,0,0.8765,0.0263,GREEN,47,Bengaluru
CLM0031238,BEN_09931,Electronic City,2022-05-24,10,0,0,0,0,0,0,1,0,0,0.0,0.112074,0,0.0,0,388,4,0,0.8597,0.0167,GREEN,29,Bengaluru
CLM0031239,BEN_08780,Jayanagar,2021-12-13,13,0,0,0,0,0,0,0,0,0,0.0,0.002849,0,0.0,0,309,4,2,0.8344,0.017,GREEN,54,Bengaluru
CLM0031240,BEN_03636,Whitefield,2021-10-26,13,0,0,0,0,0,0,0,0,0,0.0,0.0,0,0.0,0,251,0,0,0.05,0.007,GREEN,40,Bengaluru
CLM0031241,BEN_04748,BTM Layout,2025-09-25,15,0,0,0,0,0,0,0,0,0,0.0,0.467088,0,0.0,0,287,3,2,0.6724,0.0801,GREEN,45,Bengaluru
CLM0031242,BEN_07070,HSR Layout,2024-08-20,21,0,0,0,0,0,0,0,1,0,0.0,1.0,0,0.0,0,420,3,2,0.9011,0.1227,GREEN,60,Bengaluru
CLM0031243,BEN_06767,Yelahanka,2025-01-13,10,0,0,0,0,0,0,1,0,0,0.0,0.950299,0,0.0,0,287,1,2,0.98,0.0574,GREEN,52,Bengaluru
CLM0031244,BEN_07433,Rajajinagar,2025-09-15,16,0,0,0,0,0,0,0,0,1,0.0,0.345262,0,0.0,0,207,3,5,0.596,0.1033,GREEN,28,Bengaluru
CLM0031245,BEN_04903,Marathahalli,2025-08-08,16,0,0,0,0,0,0,0,0,0,0.0,0.126348,0,0.0,0,43,2,2,0.9163,0.0203,GREEN,44,Bengaluru
CLM0031246,BEN_02352,Koramangala,2025-12-21,16,0,0,0,0,0,0,0,0,0,0.0,0.296446,0,0.0,0,395,4,4,0.7946,0.0284,GREEN,55,Bengaluru
CLM0031247,BEN_09875,HSR Layout,2025-06-06,8,0,0,0,0,0,0,0,0,0,1.0,0.988494,0,1.0,0,185,3,0,0.2724,0.0,GREEN,24,Bengaluru
CLM0031248,BEN_04513,Indiranagar,2025-01-07,13,0,0,0,0,0,0,0,0,0,0.0,0.253871,0,0.0,0,5,1,6,0.4684,0.0587,GREEN,33,Bengaluru
CLM0031249,BEN_02563,HSR Layout,2025-01-21,19,0,0,0,0,0,0,0,1,0,0.0,0.236529,0,0.0,0,64,0,2,0.1198,0.0016,GREEN,44,Bengaluru
CLM0031250,BEN_03933,Marathahalli,2024-09-16,18,0,0,0,0,0,0,0,1,0,1.0,0.415524,0,0.0,0,201,0,1,0.6731,0.1919,GREEN,48,Bengaluru
CLM0031251,BEN_05968,Whitefield,2023-12-17,21,0,0,0,0,0,0,1,0,0,0.0,0.075276,0,0.0,0,420,2,2,0.6869,0.0937,GREEN,48,Bengaluru
CLM0031252,BEN_07850,Electronic City,2025-12-20,11,0,0,0,0,0,0,0,1,0,0.0,0.007976,0,1.0,0,418,4,4,0.8174,0.2347,GREEN,27,Bengaluru
CLM0031253,BEN_03786,Jayanagar,2025-09-27,10,0,0,0,1,1,1,1,1,1,1.0,1.0,0,0.0,1,5,4,18,0.1699,0.0019,GREEN,45,Bengaluru
CLM0031254,BEN_05187,Electronic City,2024-09-24,15,0,0,0,0,0,0,0,1,0,0.0,0.061943,0,0.0,0,18,0,0,0.7516,0.1889,GREEN,57,Bengaluru
CLM0031255,BEN_09009,BTM Layout,2016-06-26,13,0,0,0,0,0,0,0,0,0,0.0,0.180347,0,0.0,0,367,4,3,0.4374,0.0115,GREEN,18,Bengaluru
CLM0031256,BEN_02762,Rajajinagar,2021-08-16,10,0,0,0,1,1,1,1,0,0,0.0,0.0,0,0.0,1,26,0,18,0.289,0.0553,GREEN,65,Bengaluru
CLM0031257,BEN_04381,Indiranagar,2017-05-31,13,0,0,0,0,0,0,1,0,0,1.0,1.0,0,1.0,0,197,2,4,0.8179,0.0898,GREEN,30,Bengaluru
CLM0031258,BEN_04774,Indiranagar,2018-11-10,17,0,0,0,0,0,0,0,0,1,0.0,0.265947,0,1.0,0,331,2,4,0.863,0.1699,GREEN,32,Bengaluru
CLM0031259,BEN_07254,BTM Layout,2020-11-12,21,1,0,0,0,0,0,0,0,0,0.0,0.463956,0,0.0,0,405,4,0,0.92,0.0,GREEN,57,Bengaluru
CLM0031260,BEN_07171,Yelahanka,2022-10-24,10,0,0,0,0,0,0,0,0,0,0.0,0.13857,0,0.0,0,420,2,2,0.6995,0.0,GREEN,28,Bengaluru
CLM0031261,BEN_04797,BTM Layout,2019-10-16,18,0,0,0,0,0,0,0,0,0,0.0,0.35392,1,1.0,0,170,1,6,0.682,0.0,GREEN,27,Bengaluru
CLM0031262,BEN_05135,HSR Layout,2024-11-15,14,0,0,0,0,0,0,0,0,0,0.0,0.9617,0,0.0,0,187,1,4,0.1592,0.0213,GREEN,40,Bengaluru
CLM0031263,BEN_09114,Jayanagar,2022-12-22,17,0,0,0,0,0,0,0,1,0,0.0,0.223863,0,0.0,0,101,3,2,0.5557,0.0,GREEN,60,Bengaluru
CLM0031264,BEN_07280,Marathahalli,2025-08-17,16,0,0,0,0,0,0,0,0,0,0.0,0.332175,0,0.0,0,246,0,1,0.7764,0.01,GREEN,62,Bengaluru
CLM0031265,BEN_05703,HSR Layout,2021-06-14,17,0,0,0,0,0,0,0,1,0,0.0,0.198558,0,0.0,0,361,2,2,0.05,0.0,GREEN,50,Bengaluru
CLM0031266,BEN_02848,Jayanagar,2022-08-18,10,0,0,0,0,0,0,0,0,0,0.0,0.111669,0,0.0,0,420,4,3,0.6304,0.0944,GREEN,58,Bengaluru
CLM0031267,BEN_01613,BTM Layout,2025-08-05,21,0,0,0,0,0,0,0,0,0,0.0,0.980181,0,1.0,0,231,4,3,0.4757,0.0,GREEN,44,Bengaluru
CLM0031268,BEN_01390,Whitefield,2022-08-30,13,0,0,0,0,0,0,0,0,0,0.0,0.149189,0,0.0,0,420,3,0,0.1121,0.0,GREEN,50,Bengaluru
CLM0031269,BEN_07888,Yelahanka,2019-04-12,20,0,0,0,0,0,0,0,0,0,0.0,0.21422,0,0.0,0,288,0,0,0.9071,0.0,GREEN,40,Bengaluru
CLM0031270,BEN_01851,Jayanagar,2020-03-19,9,0,0,0,0,0,0,0,0,0,1.0,0.0,0,0.0,0,131,3,3,0.1137,0.0891,GREEN,53,Bengaluru
CLM0031271,BEN_05132,Whitefield,2024-08-22,12,0,0,0,0,0,0,1,0,0,0.0,0.241394,0,0.0,0,420,3,4,0.8922,0.0061,GREEN,25,Bengaluru
CLM0031272,BEN_08068,Jayanagar,2018-01-10,15,0,0,0,0,0,0,0,0,0,0.0,0.071699,0,0.0,0,420,4,2,0.7082,0.0,GREEN,44,Bengaluru
CLM0031273,BEN_04276,Indiranagar,2025-03-02,14,0,0,0,0,0,0,0,0,0,0.0,0.046116,0,0.0,0,74,0,1,0.6399,0.0118,GREEN,40,Bengaluru
CLM0031274,BEN_09071,BTM Layout,2021-12-02,14,0,0,0,0,0,0,0,0,1,0.0,0.359837,0,0.0,0,249,2,0,0.633,0.0556,GREEN,36,Bengaluru
CLM0031275,BEN_09723,Yelahanka,2019-12-28,14,0,1,1,0,0,0,0,0,1,1.0,0.153328,0,0.0,0,78,2,2,0.2966,0.1328,GREEN,36,Bengaluru
CLM0031276,BEN_00400,Jayanagar,2020-04-07,14,0,0,0,0,0,0,0,0,0,0.0,0.349388,0,0.0,0,420,0,0,0.6409,0.0,GREEN,37,Bengaluru
CLM0031277,BEN_01524,Whitefield,2025-06-17,7,0,0,0,1,0,0,0,0,0,0.0,0.933771,0,0.0,0,420,2,5,0.1381,0.1409,GREEN,33,Bengaluru
CLM0031278,BEN_07739,Electronic City,2025-10-06,16,0,0,0,0,1,0,0,0,0,0.0,0.968341,0,0.0,0,373,2,5,0.725,0.1915,GREEN,23,Bengaluru
CLM0031279,BEN_02753,Koramangala,2025-05-31,12,0,0,0,0,0,1,0,0,0,0.0,1.0,0,0.0,0,55,1,5,0.259,0.0,GREEN,49,Bengaluru
CLM0031280,BEN_01586,Indiranagar,2025-11-05,10,0,1,1,0,0,0,0,0,0,0.0,0.111663,0,0.0,0,123,1,1,0.9527,0.0,GREEN,36,Bengaluru
CLM0031281,BEN_02311,Yelahanka,2023-10-02,10,0,0,0,0,0,0,0,0,0,0.0,0.36604,0,0.0,0,376,2,2,0.2191,0.0926,GREEN,51,Bengaluru
CLM0031282,BEN_02023,Whitefield,2024-05-11,7,0,0,0,0,0,0,0,0,0,0.0,0.130351,0,0.0,1,420,3,4,0.5512,0.0967,GREEN,40,Bengaluru
CLM0031283,BEN_07611,Whitefield,2024-08-20,18,0,0,0,0,0,0,0,0,0,0.0,0.417314,0,0.0,0,281,2,4,0.8693,0.0402,GREEN,42,Bengaluru
CLM0031284,BEN_07249,Yelahanka,2024-06-09,7,0,0,0,1,0,0,0,0,0,0.0,0.364787,1,0.0,0,420,2,2,0.8262,0.2031,GREEN,51,Bengaluru
CLM0031285,BEN_05264,BTM Layout,2023-02-15,14,0,0,0,1,1,0,0,0,0,0.0,0.052793,0,0.0,0,112,4,2,0.8305,0.3128,YELLOW,41,Bengaluru
CLM0031286,BEN_09628,Rajajinagar,2024-07-23,11,0,0,0,0,0,0,1,0,0,0.0,0.287701,0,0.0,0,177,1,6,0.8981,0.0181,GREEN,45,Bengaluru
CLM0031287,BEN_07009,HSR Layout,2023-04-28,12,0,1,1,0,0,0,0,0,0,0.0,0.163281,0,0.0,0,144,2,0,0.6591,0.0,GREEN,55,Bengaluru
CLM0031288,BEN_08929,Indiranagar,2025-02-18,11,0,0,0,0,0,0,0,0,0,0.0,0.180876,1,0.0,0,122,0,0,0.7711,0.0643,GREEN,61,Bengaluru
CLM0031289,BEN_08853,Yelahanka,2022-02-02,20,0,0,0,1,0,0,1,1,0,0.0,0.121917,0,0.0,0,116,3,2,0.6283,0.349,YELLOW,43,Bengaluru
CLM0031290,BEN_09628,Rajajinagar,2024-03-07,7,0,0,0,0,0,0,0,0,0,0.0,0.256318,0,0.0,0,117,0,2,0.6768,0.0,GREEN,45,Bengaluru
CLM0031291,BEN_09368,Yelahanka,2023-10-02,11,0,0,0,0,1,0,0,0,0,0.0,1.0,0,0.0,0,107,0,0,0.7463,0.1505,GREEN,45,Bengaluru
CLM0031292,BEN_08537,Rajajinagar,2023-11-15,12,0,0,0,0,0,1,0,0,0,0.0,0.359069,0,1.0,0,284,0,4,0.8698,0.1453,GREEN,44,Bengaluru
CLM0031293,BEN_00718,Rajajinagar,2023-03-29,21,0,0,0,0,0,0,0,0,0,0.0,0.246066,0,0.0,0,420,0,3,0.8155,0.0314,GREEN,61,Bengaluru
CLM0031294,BEN_03230,Yelahanka,2024-07-28,13,0,0,0,0,0,1,1,0,0,0.0,0.311361,0,0.0,0,420,1,0,0.6152,0.1903,GREEN,42,Bengaluru
CLM0031295,BEN_00883,Koramangala,2021-05-28,7,0,0,0,0,0,0,0,0,0,0.0,0.389847,0,0.0,0,248,0,4,0.8095,0.0421,GREEN,31,Bengaluru
CLM0031296,BEN_08185,Marathahalli,2024-07-05,9,0,0,0,0,0,0,0,1,0,0.0,0.345967,0,0.0,0,342,0,2,0.2443,0.1312,GREEN,53,Bengaluru
CLM0031297,BEN_08031,Whitefield,2023-07-15,10,0,0,0,0,0,0,0,0,0,0.0,0.290729,0,0.0,0,420,0,0,0.7899,0.1242,GREEN,50,Bengaluru
CLM0031298,BEN_01783,Whitefield,2022-06-24,11,0,1,1,0,0,0,0,0,0,0.0,0.127028,0,0.0,0,154,1,0,0.1237,0.0045,GREEN,23,Bengaluru
CLM0031299,BEN_06908,Yelahanka,2024-02-06,21,0,0,0,0,0,0,1,0,0,0.0,0.145621,0,0.0,0,28,2,1,0.8357,0.1042,GREEN,33,Bengaluru
CLM0031300,BEN_08424,BTM Layout,2023-04-02,12,0,0,0,0,0,0,0,0,1,0.0,0.112728,0,0.0,0,300,2,4,0.2058,0.153,GREEN,55,Bengaluru
CLM0031301,BEN_02884,Jayanagar,2025-11-01,19,0,0,0,0,0,0,0,0,0,0.0,0.863021,0,0.0,0,313,0,0,0.6627,0.0029,GREEN,56,Bengaluru
CLM0031302,BEN_03750,Marathahalli,2021-12-26,8,0,1,1,0,0,0,0,0,0,0.0,0.167138,0,0.0,0,120,0,0,0.5914,0.0,GREEN,55,Bengaluru
CLM0031303,BEN_03998,Jayanagar,2022-03-07,12,0,0,0,0,0,0,0,0,0,0.0,0.087577,0,0.0,0,38,3,4,0.7441,0.0273,GREEN,57,Bengaluru
CLM0031304,BEN_06645,Koramangala,2022-09-08,20,0,0,0,0,0,0,0,0,0,0.0,0.330706,0,0.0,0,181,4,3,0.8554,0.0,GREEN,33,Bengaluru
CLM0031305,BEN_00168,Marathahalli,2021-07-05,9,0,0,0,0,0,0,0,0,0,0.0,0.168897,0,0.0,0,418,1,0,0.5268,0.0404,GREEN,43,Bengaluru
CLM0031306,BEN_04467,Yelahanka,2020-11-27,12,0,0,0,0,0,0,0,0,0,0.0,0.257964,0,0.0,0,420,1,8,0.6358,0.0309,GREEN,49,Bengaluru
CLM0031307,BEN_06137,Rajajinagar,2022-05-23,19,0,0,0,0,0,1,0,0,0,0.0,0.099736,1,0.0,0,420,3,0,0.6449,0.1026,GREEN,57,Bengaluru
CLM0031308,BEN_07492,Rajajinagar,2024-08-21,13,0,0,0,0,0,0,0,0,0,0.0,0.087935,0,0.0,0,55,2,2,0.7903,0.0189,GREEN,46,Bengaluru
CLM0031309,BEN_03777,Yelahanka,2023-05-29,13,0,0,0,0,0,0,0,0,0,0.0,0.245644,0,0.0,0,420,0,1,0.7811,0.04,GREEN,53,Bengaluru
CLM0031310,BEN_02930,HSR Layout,2024-12-20,18,0,0,0,0,0,0,0,1,0,0.0,1.0,0,0.0,0,265,2,5,0.8411,0.1155,GREEN,63,Bengaluru
CLM0031311,BEN_07797,BTM Layout,2022-02-15,13,0,0,0,0,0,0,0,0,0,0.0,0.32454,0,0.0,0,420,4,0,0.2177,0.0,GREEN,37,Bengaluru
CLM0031312,BEN_06821,Marathahalli,2023-01-09,7,0,0,0,0,0,0,0,0,0,0.0,0.283597,0,0.0,0,420,2,4,0.8964,0.0,GREEN,53,Bengaluru
CLM0031313,BEN_04810,Rajajinagar,2021-10-06,11,0,1,1,0,0,0,0,1,0,0.0,1.0,0,0.0,0,187,2,3,0.9217,0.1394,GREEN,44,Bengaluru
CLM0031314,BEN_07073,HSR Layout,2025-06-27,16,0,0,0,0,0,0,0,0,0,0.0,0.174945,0,0.0,0,138,4,0,0.2017,0.094,GREEN,61,Bengaluru
CLM0031315,BEN_09670,Indiranagar,2021-10-28,14,0,0,0,0,0,0,0,0,1,1.0,0.161141,0,0.0,0,319,2,4,0.6927,0.1988,GREEN,43,Bengaluru
CLM0031316,BEN_09527,Indiranagar,2025-07-07,9,0,0,0,0,0,0,0,0,0,0.0,0.298761,0,0.0,0,420,1,0,0.843,0.0028,GREEN,30,Bengaluru
CLM0031317,BEN_05749,Electronic City,2025-02-03,11,0,0,0,0,0,0,0,0,0,0.0,0.140827,0,0.0,0,68,1,4,0.05,0.0,GREEN,34,Bengaluru
CLM0031318,BEN_07228,Indiranagar,2024-03-10,20,0,0,0,0,0,0,0,0,0,0.0,0.21302,0,1.0,0,420,3,6,0.6924,0.0613,GREEN,32,Bengaluru
CLM0031319,BEN_06472,BTM Layout,2025-11-05,18,0,1,1,1,1,1,0,0,1,1.0,0.996743,0,0.0,1,27,1,18,0.3394,0.1443,GREEN,64,Bengaluru
CLM0031320,BEN_06994,Indiranagar,2024-05-20,8,0,0,0,0,0,0,0,0,0,0.0,0.048852,0,0.0,0,417,2,3,0.5192,0.0479,GREEN,49,Bengaluru
CLM0031321,BEN_01455,Whitefield,2022-01-29,7,0,0,0,0,0,0,0,0,0,0.0,0.218565,0,0.0,0,235,1,0,0.98,0.0,GREEN,42,Bengaluru
CLM0031322,BEN_06427,Koramangala,2024-10-21,9,0,0,0,0,0,0,0,0,0,0.0,0.956462,0,0.0,0,321,2,1,0.05,0.0311,GREEN,48,Bengaluru
CLM0031323,BEN_08583,Marathahalli,2024-10-24,16,0,0,0,0,1,0,0,0,0,0.0,1.0,0,0.0,0,158,0,4,0.2609,0.1143,GREEN,34,Bengaluru
CLM0031324,BEN_08902,HSR Layout,2025-07-14,18,0,0,0,0,0,0,0,0,0,1.0,1.0,0,1.0,0,105,1,0,0.637,0.0,GREEN,38,Bengaluru
CLM0031325,BEN_02748,Marathahalli,2025-09-15,21,0,0,0,0,1,0,0,0,0,1.0,0.183523,1,0.0,0,403,2,5,0.0937,0.1723,GREEN,50,Bengaluru
CLM0031326,BEN_04715,Rajajinagar,2023-05-14,15,0,0,0,0,0,0,0,1,0,0.0,0.182725,0,0.0,0,128,3,1,0.5558,0.0763,GREEN,50,Bengaluru
CLM0031327,BEN_03548,Rajajinagar,2019-08-10,7,0,0,0,0,0,0,0,0,0,0.0,0.012088,0,0.0,0,236,3,2,0.9327,0.1718,GREEN,55,Bengaluru
CLM0031328,BEN_00513,Koramangala,2022-01-16,17,0,0,0,0,0,0,0,0,0,0.0,0.112478,0,0.0,0,215,2,1,0.8957,0.0346,GREEN,48,Bengaluru
CLM0031329,BEN_03995,Rajajinagar,2020-08-09,15,0,0,0,1,0,0,1,1,1,1.0,0.192793,0,1.0,1,25,0,18,0.0637,0.1254,GREEN,47,Bengaluru
CLM0031330,BEN_01780,Koramangala,2019-03-23,21,0,1,1,0,0,0,0,0,0,0.0,0.398144,0,0.0,0,154,4,2,0.5526,0.0206,GREEN,50,Bengaluru
CLM0031331,BEN_05365,Yelahanka,2020-08-01,11,0,0,0,0,1,0,1,0,1,1.0,0.965534,0,0.0,0,5,2,18,0.1868,0.0,GREEN,39,Bengaluru
CLM0031332,BEN_08569,Koramangala,2024-09-26,12,0,0,0,0,0,0,0,0,0,1.0,0.338926,0,0.0,0,220,0,6,0.6402,0.1713,GREEN,45,Bengaluru
CLM0031333,BEN_05240,Marathahalli,2021-08-16,20,0,0,0,0,0,0,0,1,0,0.0,0.253819,0,0.0,0,53,3,5,0.05,0.1191,GREEN,41,Bengaluru
CLM0031334,BEN_06771,BTM Layout,2023-04-19,17,0,0,0,0,0,0,0,0,0,1.0,0.112763,0,0.0,1,420,4,2,0.1442,0.1096,GREEN,48,Bengaluru
CLM0031335,BEN_07511,Electronic City,2025-06-15,16,0,0,0,0,0,0,0,0,0,0.0,0.216466,1,0.0,0,420,4,0,0.8578,0.0582,GREEN,39,Bengaluru
CLM0031336,BEN_09689,BTM Layout,2024-01-28,21,0,0,0,0,0,0,0,0,0,0.0,0.048806,0,0.0,0,407,4,0,0.4054,0.1659,GREEN,35,Bengaluru
CLM0031337,BEN_07757,Rajajinagar,2023-07-24,8,0,0,0,0,1,1,0,0,0,0.0,0.265879,0,0.0,0,420,4,4,0.8678,0.1663,GREEN,38,Bengaluru
CLM0031338,BEN_02606,Jayanagar,2023-07-20,9,0,0,0,0,0,0,1,0,0,0.0,1.0,0,0.0,0,185,0,2,0.5585,0.0502,GREEN,45,Bengaluru
CLM0031339,BEN_08286,Marathahalli,2023-03-02,7,0,0,0,0,1,0,0,1,0,0.0,0.306638,0,0.0,0,420,2,0,0.1077,0.2295,GREEN,34,Bengaluru
CLM0031340,BEN_06020,BTM Layout,2025-11-03,7,0,0,0,0,0,0,1,0,0,0.0,1.0,0,0.0,0,420,2,3,0.6391,0.1172,GREEN,46,Bengaluru
CLM0031341,BEN_08951,Yelahanka,2025-06-19,19,0,0,0,0,0,0,0,0,0,0.0,0.057342,0,0.0,0,420,2,1,0.9159,0.0,GREEN,26,Bengaluru
CLM0031342,BEN_02274,Electronic City,2025-08-12,7,0,0,0,0,0,1,0,0,0,0.0,0.074882,0,0.0,0,420,1,4,0.667,0.0475,GREEN,48,Bengaluru
CLM0031343,BEN_05204,BTM Layout,2025-07-23,14,0,0,0,0,0,0,0,0,0,0.0,0.322972,0,0.0,0,148,0,5,0.6193,0.0037,GREEN,37,Bengaluru
CLM0031344,BEN_07618,Yelahanka,2025-04-12,10,0,1,1,0,0,0,0,0,0,0.0,0.232266,0,0.0,0,390,0,0,0.9448,0.0,GREEN,46,Bengaluru
CLM0031345,BEN_02595,Electronic City,2025-05-15,16,0,0,0,0,0,0,0,0,0,0.0,0.299464,1,0.0,0,363,0,3,0.6075,0.069,GREEN,29,Bengaluru
CLM0031346,BEN_00488,BTM Layout,2025-07-18,14,0,0,0,0,0,0,0,1,0,0.0,0.1663,1,0.0,0,406,2,0,0.1007,0.1346,GREEN,38,Bengaluru
CLM0031347,BEN_01476,BTM Layout,2025-10-20,16,0,0,0,0,0,0,0,0,0,0.0,0.129887,0,0.0,0,420,4,2,0.9311,0.0005,GREEN,58,Bengaluru
CLM0031348,BEN_05343,Yelahanka,2025-04-28,17,0,0,0,0,0,0,0,0,0,0.0,0.45889,1,0.0,0,24,3,2,0.8795,0.0191,GREEN,46,Bengaluru
CLM0031349,BEN_01419,Yelahanka,2025-03-17,10,0,0,0,0,0,0,0,0,0,1.0,0.241312,0,0.0,0,420,1,0,0.4378,0.1456,GREEN,33,Bengaluru
CLM0031350,BEN_04907,HSR Layout,2022-04-02,21,0,0,0,0,0,0,1,1,0,0.0,0.200175,0,0.0,0,10,2,3,0.5014,0.3407,YELLOW,46,Bengaluru
CLM0031351,BEN_06519,Jayanagar,2021-12-04,20,0,0,0,0,0,0,0,0,0,0.0,0.231794,0,0.0,0,370,1,5,0.9366,0.0,GREEN,42,Bengaluru
CLM0031352,BEN_04432,Koramangala,2024-09-22,8,0,0,0,0,0,0,0,0,0,0.0,0.303756,0,0.0,0,420,4,3,0.6907,0.0,GREEN,41,Bengaluru
CLM0031353,BEN_07400,Whitefield,2025-01-19,20,0,0,0,0,0,0,0,0,0,1.0,0.0,0,0.0,1,145,1,3,0.0934,0.0,GREEN,37,Bengaluru
CLM0031354,BEN_05952,Indiranagar,2025-05-05,9,0,0,0,0,1,0,0,0,0,0.0,0.458563,0,0.0,0,336,3,1,0.9396,0.1744,GREEN,49,Bengaluru
CLM0031355,BEN_00451,Whitefield,2021-05-22,12,0,0,0,0,0,0,0,0,0,0.0,0.102975,0,0.0,0,106,1,1,0.2028,0.0,GREEN,29,Bengaluru
CLM0031356,BEN_05923,Electronic City,2024-10-12,13,0,0,0,0,0,0,0,1,0,0.0,0.391404,0,0.0,0,260,2,3,0.8599,0.0801,GREEN,37,Bengaluru
CLM0031357,BEN_02385,Marathahalli,2021-04-24,21,0,0,0,0,0,0,0,0,0,0.0,0.111179,0,0.0,0,54,3,0,0.5719,0.0,GREEN,26,Bengaluru
CLM0031358,BEN_08170,Indiranagar,2018-01-30,7,0,0,0,0,0,0,0,0,0,0.0,0.253017,0,0.0,0,167,3,1,0.98,0.0256,GREEN,41,Bengaluru
CLM0031359,BEN_09288,Marathahalli,2024-12-23,20,0,0,0,0,0,0,0,0,0,0.0,0.480877,0,0.0,0,5,4,2,0.9072,0.0,GREEN,32,Bengaluru
CLM0031360,BEN_07181,Yelahanka,2024-08-21,15,0,0,0,0,0,1,0,0,0,0.0,0.319647,0,0.0,0,420,2,0,0.9161,0.0,GREEN,29,Bengaluru
CLM0031361,BEN_01998,Jayanagar,2021-10-01,18,0,0,0,0,0,0,0,0,0,0.0,0.221718,0,0.0,0,335,1,3,0.6905,0.0268,GREEN,28,Bengaluru
CLM0031362,BEN_04400,Marathahalli,2022-04-14,18,0,0,0,0,0,0,0,0,0,0.0,0.095681,0,0.0,0,366,3,3,0.6035,0.0,GREEN,34,Bengaluru
CLM0031363,BEN_01689,BTM Layout,2022-12-15,8,0,0,0,0,0,1,0,0,0,0.0,0.307863,0,0.0,0,60,3,0,0.9181,0.0966,GREEN,18,Bengaluru
CLM0031364,BEN_05673,Electronic City,2019-10-18,19,0,0,0,0,0,0,0,0,0,0.0,0.133817,0,0.0,0,315,0,2,0.1579,0.0,GREEN,43,Bengaluru
CLM0031365,BEN_03635,Indiranagar,2023-02-10,8,0,1,1,0,0,0,1,0,0,0.0,0.18424,0,0.0,0,82,3,0,0.5656,0.0688,GREEN,38,Bengaluru
CLM0031366,BEN_02253,Jayanagar,2017-09-09,17,0,0,0,1,0,0,0,0,0,0.0,1.0,0,0.0,0,28,4,1,0.7047,0.0924,GREEN,41,Bengaluru
CLM0031367,BEN_04137,Yelahanka,2019-04-22,12,0,0,0,0,0,1,0,0,0,0.0,0.266655,0,1.0,0,379,0,3,0.5838,0.1007,GREEN,48,Bengaluru
CLM0031368,BEN_07572,BTM Layout,2021-10-10,13,0,0,0,0,0,0,0,0,0,0.0,0.138945,1,0.0,0,233,2,3,0.8653,0.0546,GREEN,47,Bengaluru
CLM0031369,BEN_06624,Marathahalli,2017-12-03,18,0,0,0,0,1,0,1,0,1,1.0,0.362222,0,0.0,0,420,2,0,0.7547,0.3553,YELLOW,30,Bengaluru
CLM0031370,BEN_05055,Rajajinagar,2024-11-21,11,0,1,1,0,0,1,1,0,0,0.0,1.0,1,0.0,1,31,2,18,0.3116,0.3439,YELLOW,37,Bengaluru
CLM0031371,BEN_02477,Whitefield,2024-12-02,15,0,1,1,1,0,0,0,1,1,0.0,0.052841,1,1.0,1,25,1,18,0.7982,0.6257,RED,36,Bengaluru
CLM0031372,BEN_01930,Jayanagar,2020-09-04,19,0,1,1,0,0,0,0,0,0,0.0,0.300208,0,0.0,0,420,2,1,0.948,0.5228,YELLOW,46,Bengaluru
CLM0031373,BEN_06544,Marathahalli,2022-03-20,20,0,1,1,1,0,0,1,1,1,0.0,1.0,0,1.0,1,28,0,15,0.9524,0.7803,RED,52,Bengaluru
CLM0031374,BEN_05897,Koramangala,2025-01-09,14,0,1,1,1,1,0,1,0,0,1.0,1.0,0,0.0,0,27,0,18,0.3185,0.4893,YELLOW,40,Bengaluru
CLM0031375,BEN_07422,Whitefield,2022-12-13,21,1,0,0,0,0,0,0,0,0,0.0,0.057945,0,0.0,0,33,1,1,0.6333,0.0,GREEN,44,Bengaluru
CLM0031376,BEN_06725,Indiranagar,2024-08-08,7,0,0,0,0,0,0,0,0,0,0.0,0.00125,0,0.0,0,239,3,4,0.98,0.0,GREEN,51,Bengaluru
CLM0031377,BEN_02340,Koramangala,2023-10-17,21,0,0,0,0,0,0,0,0,0,0.0,0.393423,0,0.0,0,318,0,1,0.7158,0.0,GREEN,48,Bengaluru
CLM0031378,BEN_07967,Jayanagar,2022-05-26,16,0,0,0,0,0,0,1,0,0,0.0,0.278986,0,0.0,0,46,0,1,0.523,0.0452,GREEN,42,Bengaluru
CLM0031379,BEN_01697,BTM Layout,2023-04-22,16,0,0,0,0,0,0,0,0,0,0.0,0.336237,0,0.0,0,70,4,5,0.9792,0.0158,GREEN,52,Bengaluru
CLM0031380,BEN_05418,HSR Layout,2022-03-02,13,0,0,0,1,0,0,0,1,0,1.0,0.113564,1,0.0,0,138,2,4,0.9399,0.3858,YELLOW,51,Bengaluru
CLM0031381,BEN_03796,Yelahanka,2022-01-17,8,0,0,0,0,0,1,0,0,0,0.0,0.14399,0,0.0,0,420,2,1,0.9516,0.1534,GREEN,47,Bengaluru
CLM0031382,BEN_00024,Koramangala,2022-09-26,16,0,0,0,0,0,1,0,0,1,0.0,0.129489,0,0.0,0,337,1,6,0.8738,0.2397,GREEN,35,Bengaluru
CLM0031383,BEN_04709,HSR Layout,2024-05-22,9,0,0,0,0,0,0,0,0,0,0.0,0.143132,0,0.0,0,224,0,0,0.98,0.0026,GREEN,47,Bengaluru
CLM0031384,BEN_02557,Indiranagar,2017-04-24,21,0,0,0,0,0,0,1,1,0,0.0,0.22196,0,0.0,0,420,2,2,0.696,0.2226,GREEN,49,Bengaluru
CLM0031385,BEN_02010,Whitefield,2025-07-03,13,0,0,0,0,0,0,0,0,0,0.0,0.014672,0,0.0,0,74,4,2,0.6473,0.0,GREEN,46,Bengaluru
CLM0031386,BEN_05810,Koramangala,2018-08-02,8,0,0,0,0,0,0,0,0,0,0.0,0.186614,0,0.0,0,391,3,1,0.6138,0.0,GREEN,43,Bengaluru
CLM0031387,BEN_09018,Electronic City,2018-01-07,20,0,0,0,0,0,0,0,0,0,0.0,0.0,0,0.0,0,420,0,5,0.8191,0.0,GREEN,50,Bengaluru
CLM0031388,BEN_09775,Whitefield,2021-10-09,17,0,0,0,0,0,1,0,0,0,0.0,0.177338,0,1.0,0,177,0,1,0.9187,0.109,GREEN,54,Bengaluru
CLM0031389,BEN_04459,Marathahalli,2024-10-28,21,0,0,0,0,0,0,0,0,0,0.0,0.240619,0,0.0,0,96,2,3,0.116,0.0,GREEN,46,Bengaluru
CLM0031390,BEN_07286,Koramangala,2018-11-23,7,0,0,0,0,0,0,0,0,0,1.0,0.0,0,0.0,0,183,4,0,0.7797,0.0627,GREEN,42,Bengaluru
CLM0031391,BEN_04973,Whitefield,2015-11-19,21,0,0,0,0,0,0,0,0,0,0.0,0.346073,0,0.0,0,315,4,4,0.4032,0.0,GREEN,41,Bengaluru
CLM0031392,BEN_04546,Indiranagar,2020-07-14,17,0,0,0,0,0,0,0,0,0,0.0,0.215098,0,0.0,0,42,0,1,0.5017,0.0,GREEN,18,Bengaluru
CLM0031393,BEN_04769,Rajajinagar,2021-02-15,7,0,0,0,0,0,0,0,1,0,0.0,0.267012,0,0.0,0,242,1,2,0.1688,0.1315,GREEN,60,Bengaluru
CLM0031394,BEN_06647,Whitefield,2020-11-30,12,0,0,0,1,0,0,0,0,0,0.0,0.997639,0,0.0,0,385,1,8,0.0937,0.1525,GREEN,39,Bengaluru
CLM0031395,BEN_02822,Koramangala,2018-06-15,17,0,0,0,0,0,0,0,0,0,1.0,0.129279,0,0.0,0,405,1,1,0.5019,0.0669,GREEN,59,Bengaluru
CLM0031396,BEN_07517,Jayanagar,2023-05-06,10,0,0,0,0,0,0,0,0,0,0.0,0.25316,0,0.0,0,214,2,7,0.98,0.0589,GREEN,19,Bengaluru
CLM0031397,BEN_07822,Marathahalli,2020-03-27,10,0,0,0,0,0,0,0,0,0,0.0,0.225577,0,0.0,0,285,0,2,0.767,0.0,GREEN,59,Bengaluru
CLM0031398,BEN_00261,BTM Layout,2020-12-26,9,0,0,0,0,0,0,0,1,0,0.0,0.431654,0,0.0,0,399,4,6,0.807,0.1204,GREEN,42,Bengaluru
CLM0031399,BEN_09631,Koramangala,2021-05-08,14,0,0,0,1,1,1,1,1,1,1.0,0.99385,0,1.0,1,5,0,18,0.1075,0.1703,GREEN,38,Bengaluru
CLM0031400,BEN_05267,Whitefield,2023-11-07,9,0,0,0,0,0,0,0,0,0,0.0,0.390164,0,0.0,0,381,3,5,0.9028,0.081,GREEN,33,Bengaluru
CLM0031401,BEN_09461,Indiranagar,2023-12-13,15,0,0,0,0,0,0,0,0,0,0.0,0.0,0,0.0,0,73,2,0,0.8904,0.0036,GREEN,26,Bengaluru
CLM0031402,BEN_08528,Jayanagar,2022-06-05,17,0,0,0,1,0,0,0,0,0,0.0,0.040076,0,0.0,0,420,3,4,0.6773,0.0905,GREEN,59,Bengaluru
CLM0031403,BEN_08652,Electronic City,2025-11-04,16,0,0,0,0,0,0,0,0,0,0.0,0.862747,0,0.0,0,162,1,5,0.5567,0.0336,GREEN,35,Bengaluru
CLM0031404,BEN_05498,Koramangala,2023-08-01,20,0,0,0,0,0,0,0,0,0,0.0,0.257676,0,0.0,0,416,1,3,0.7871,0.0477,GREEN,38,Bengaluru
CLM0031405,BEN_02200,Electronic City,2019-08-24,16,0,0,0,0,0,0,0,0,0,0.0,0.282788,0,0.0,1,420,0,1,0.7327,0.0704,GREEN,40,Bengaluru
CLM0031406,BEN_09020,Indiranagar,2023-05-14,17,0,0,0,1,0,1,0,0,0,0.0,0.031721,1,0.0,0,122,0,2,0.98,0.2311,GREEN,48,Bengaluru
CLM0031407,BEN_00329,BTM Layout,2021-12-05,8,1,0,0,0,0,0,0,0,0,0.0,0.036552,0,0.0,1,75,4,5,0.7173,0.0,GREEN,28,Bengaluru
CLM0031408,BEN_07853,Indiranagar,2021-05-31,13,0,1,1,0,0,0,0,0,0,0.0,0.377885,1,0.0,0,186,0,1,0.98,0.1004,GREEN,43,Bengaluru
CLM0031409,BEN_08506,Electronic City,2017-08-29,12,0,0,0,0,0,0,0,0,1,0.0,0.981866,0,0.0,0,344,2,2,0.8838,0.1674,GREEN,29,Bengaluru
CLM0031410,BEN_05550,BTM Layout,2020-01-21,21,0,0,0,0,0,0,0,0,0,0.0,0.906614,0,0.0,0,420,4,0,0.5395,0.0051,GREEN,38,Bengaluru
CLM0031411,BEN_04120,Koramangala,2021-07-12,19,0,0,0,0,0,0,0,0,0,0.0,0.160735,0,0.0,0,325,3,2,0.9005,0.0,GREEN,31,Bengaluru
CLM0031412,BEN_01575,Rajajinagar,2024-02-10,21,0,0,0,0,0,0,0,0,0,0.0,0.0,0,0.0,0,420,2,5,0.5878,0.056,GREEN,67,Bengaluru
CLM0031413,BEN_05883,Rajajinagar,2024-08-29,7,0,0,0,0,0,0,0,0,0,0.0,0.22283,0,0.0,0,420,2,0,0.7963,0.0,GREEN,55,Bengaluru
CLM0031414,BEN_01048,HSR Layout,2025-01-08,16,0,0,0,0,0,0,0,0,0,0.0,0.238822,0,1.0,0,277,2,4,0.8273,0.0567,GREEN,54,Bengaluru
CLM0031415,BEN_05822,Marathahalli,2023-08-02,8,0,0,0,0,1,0,0,0,0,0.0,0.310144,1,1.0,0,148,0,0,0.7178,0.1879,GREEN,41,Bengaluru
CLM0031416,BEN_09965,Koramangala,2020-12-23,12,0,0,0,0,0,0,0,0,0,0.0,0.061464,0,0.0,1,152,4,2,0.8926,0.0477,GREEN,38,Bengaluru
CLM0031417,BEN_04019,HSR Layout,2025-03-02,15,0,0,0,0,0,0,1,0,1,1.0,0.272506,0,0.0,0,243,2,8,0.6896,0.3473,YELLOW,46,Bengaluru
CLM0031418,BEN_09161,Jayanagar,2024-07-11,9,0,0,0,0,0,0,0,0,0,0.0,0.346158,0,0.0,0,269,3,0,0.8139,0.0379,GREEN,34,Bengaluru
CLM0031419,BEN_01588,Jayanagar,2024-09-29,7,0,0,0,0,0,0,0,0,0,1.0,0.225912,0,0.0,0,37,2,0,0.7865,0.0616,GREEN,53,Bengaluru
CLM0031420,BEN_02587,BTM Layout,2021-10-18,10,0,0,0,0,0,0,0,0,1,0.0,0.106705,0,0.0,0,176,2,3,0.0561,0.0639,GREEN,25,Bengaluru
CLM0031421,BEN_08390,BTM Layout,2025-09-28,13,0,0,0,0,0,0,0,0,0,0.0,0.931683,0,0.0,0,420,2,2,0.6809,0.0,GREEN,42,Bengaluru
CLM0031422,BEN_09350,Koramangala,2025-07-25,10,0,0,0,0,0,0,0,0,0,0.0,0.343545,0,0.0,0,202,3,0,0.8663,0.0,GREEN,47,Bengaluru
CLM0031423,BEN_07667,Rajajinagar,2025-10-14,12,0,0,0,0,0,0,0,0,0,0.0,0.397169,0,0.0,0,374,1,1,0.7722,0.0,GREEN,51,Bengaluru
CLM0031424,BEN_00744,Marathahalli,2022-04-03,19,0,0,0,0,0,0,1,0,0,0.0,0.433432,0,1.0,0,420,0,0,0.9524,0.0303,GREEN,42,Bengaluru
CLM0031425,BEN_02930,HSR Layout,2023-07-06,15,0,0,0,0,0,0,0,0,0,0.0,0.434358,1,0.0,0,160,2,0,0.8621,0.0411,GREEN,63,Bengaluru
CLM0031426,BEN_01641,HSR Layout,2023-03-24,7,0,0,0,0,0,1,0,0,0,0.0,0.183254,0,0.0,0,240,2,5,0.8019,0.1358,GREEN,21,Bengaluru
CLM0031427,BEN_04971,Jayanagar,2024-12-22,20,0,0,0,0,0,0,0,0,0,0.0,0.293914,0,0.0,0,414,3,1,0.6986,0.0502,GREEN,51,Bengaluru
CLM0031428,BEN_04319,Whitefield,2024-12-07,21,0,0,0,0,0,0,0,0,0,0.0,0.039452,0,0.0,0,382,2,3,0.6948,0.0,GREEN,30,Bengaluru
CLM0031429,BEN_04727,HSR Layout,2025-02-12,10,0,1,1,1,0,0,0,1,1,1.0,1.0,0,0.0,0,5,4,18,0.2733,0.0559,GREEN,38,Bengaluru
CLM0031430,BEN_02265,Yelahanka,2025-05-21,9,0,0,0,0,0,0,1,1,0,0.0,0.037368,0,0.0,0,236,3,5,0.7119,0.0834,GREEN,37,Bengaluru
CLM0031431,BEN_04639,Rajajinagar,2024-12-31,8,0,0,0,0,0,0,0,0,0,0.0,0.412246,0,0.0,0,82,2,3,0.684,0.0537,GREEN,45,Bengaluru
CLM0031432,BEN_08036,Jayanagar,2024-10-09,12,0,0,0,0,0,0,0,0,0,0.0,1.0,0,0.0,0,189,3,1,0.05,0.0441,GREEN,66,Bengaluru
CLM0031433,BEN_03097,HSR Layout,2025-10-02,15,0,0,0,1,0,0,0,0,0,0.0,0.130249,0,0.0,0,420,3,0,0.7174,0.0729,GREEN,35,Bengaluru
CLM0031434,BEN_08267,Whitefield,2022-04-25,20,0,0,0,0,0,0,1,0,0,0.0,0.235062,0,0.0,0,420,1,2,0.6833,0.0,GREEN,34,Bengaluru
CLM0031435,BEN_04980,HSR Layout,2025-10-30,20,0,0,0,0,0,0,0,0,0,0.0,0.140247,0,0.0,0,198,1,3,0.64,0.0116,GREEN,47,Bengaluru
CLM0031436,BEN_09336,HSR Layout,2023-07-09,16,0,0,0,0,0,0,0,0,0,0.0,0.132759,0,1.0,0,59,1,1,0.739,0.0613,GREEN,44,Bengaluru
CLM0031437,BEN_02187,Rajajinagar,2025-12-28,13,0,0,0,0,0,0,0,0,0,1.0,1.0,0,1.0,0,371,4,3,0.7035,0.0,GREEN,51,Bengaluru
CLM0031438,BEN_06210,Indiranagar,2025-12-11,16,0,0,0,0,0,0,0,0,0,0.0,0.127485,0,0.0,0,125,3,3,0.6532,0.0093,GREEN,40,Bengaluru
CLM0031439,BEN_00297,Jayanagar,2023-08-30,17,0,0,0,0,0,0,0,0,0,0.0,0.133181,0,0.0,0,420,0,5,0.781,0.0,GREEN,18,Bengaluru
CLM0031440,BEN_05487,Electronic City,2022-06-23,21,0,0,0,0,0,0,0,0,0,1.0,0.278952,0,0.0,1,420,4,0,0.8743,0.1653,GREEN,43,Bengaluru
CLM0031441,BEN_08894,Koramangala,2023-04-18,13,0,0,0,0,0,0,0,0,0,0.0,1.0,0,0.0,0,168,2,0,0.8681,0.0665,GREEN,40,Bengaluru
CLM0031442,BEN_06379,Whitefield,2024-12-25,14,0,0,0,0,1,1,0,1,1,0.0,0.072187,1,0.0,0,22,1,18,0.9035,0.0,GREEN,40,Bengaluru
CLM0031443,BEN_06518,BTM Layout,2023-10-03,12,0,0,0,0,0,0,0,0,0,0.0,0.05983,0,0.0,0,65,4,4,0.8766,0.1419,GREEN,52,Bengaluru
CLM0031444,BEN_05835,Yelahanka,2023-12-01,8,0,0,0,1,0,1,1,1,0,1.0,1.0,0,1.0,0,304,1,1,0.6172,0.5832,YELLOW,40,Bengaluru
CLM0031445,BEN_00054,HSR Layout,2025-12-05,9,0,0,0,0,0,0,0,0,0,0.0,0.130403,0,0.0,0,32,4,0,0.867,0.0,GREEN,48,Bengaluru
CLM0031446,BEN_06714,Rajajinagar,2023-03-03,18,0,0,0,0,0,0,0,0,0,0.0,0.461687,0,0.0,0,40,3,2,0.4677,0.1128,GREEN,35,Bengaluru
CLM0031447,BEN_05418,HSR Layout,2025-08-05,9,0,0,0,0,0,0,0,0,0,0.0,0.157003,0,1.0,0,298,0,0,0.6191,0.0,GREEN,51,Bengaluru
CLM0031448,BEN_09151,Yelahanka,2023-02-06,13,0,0,0,0,0,0,0,0,1,0.0,0.144143,0,0.0,0,391,4,1,0.05,0.122,GREEN,46,Bengaluru
CLM0031449,BEN_00091,HSR Layout,2021-04-14,8,0,0,0,0,0,0,0,0,0,1.0,0.446883,0,0.0,0,185,2,3,0.4487,0.137,GREEN,51,Bengaluru
CLM0031450,BEN_02378,Whitefield,2023-04-08,21,0,0,0,0,0,0,0,0,0,0.0,0.967089,0,0.0,0,213,4,0,0.832,0.0,GREEN,36,Bengaluru
CLM0031451,BEN_02826,Rajajinagar,2019-03-01,15,0,0,0,0,0,0,0,0,0,0.0,0.041585,0,0.0,0,97,2,0,0.5484,0.0098,GREEN,41,Bengaluru
CLM0031452,BEN_07690,BTM Layout,2025-01-09,19,0,0,0,0,0,0,0,1,0,0.0,0.255068,0,0.0,0,284,1,0,0.5281,0.0532,GREEN,45,Bengaluru
CLM0031453,BEN_03709,Koramangala,2016-02-06,11,0,1,1,0,0,0,0,0,0,0.0,0.052625,0,0.0,0,215,4,0,0.9616,0.2181,GREEN,44,Bengaluru
CLM0031454,BEN_07204,BTM Layout,2022-08-01,8,0,0,0,0,0,0,0,0,0,0.0,0.259533,0,0.0,0,218,2,1,0.7105,0.0,GREEN,53,Bengaluru
CLM0031455,BEN_00673,Yelahanka,2015-12-13,7,0,1,1,0,0,0,0,0,0,0.0,0.21226,0,0.0,0,192,4,2,0.8847,0.0099,GREEN,52,Bengaluru
CLM0031456,BEN_02607,Rajajinagar,2020-08-03,11,0,0,0,0,0,0,0,0,0,0.0,0.366829,0,0.0,0,127,2,8,0.6875,0.0,GREEN,55,Bengaluru
CLM0031457,BEN_03076,Rajajinagar,2025-12-25,9,0,0,0,0,0,0,0,1,0,0.0,0.13054,0,0.0,0,153,0,4,0.4494,0.0606,GREEN,43,Bengaluru
CLM0031458,BEN_07939,BTM Layout,2023-04-18,19,0,0,0,0,0,0,0,0,0,1.0,1.0,0,1.0,0,384,3,0,0.7634,0.0651,GREEN,59,Bengaluru
CLM0031459,BEN_02554,BTM Layout,2024-08-06,21,0,0,0,1,1,1,0,1,1,0.0,0.944378,0,0.0,1,5,4,18,0.077,0.1538,GREEN,39,Bengaluru
CLM0031460,BEN_09128,Jayanagar,2025-09-21,15,0,0,0,0,0,0,0,0,0,0.0,0.191283,0,0.0,0,268,4,4,0.05,0.0015,GREEN,53,Bengaluru
CLM0031461,BEN_08590,HSR Layout,2023-06-29,16,0,0,0,0,0,0,0,0,0,0.0,0.275666,0,0.0,0,375,4,5,0.8112,0.0,GREEN,52,Bengaluru
CLM0031462,BEN_08148,BTM Layout,2025-01-06,17,0,0,0,0,0,1,0,0,0,0.0,0.450163,0,0.0,0,420,3,0,0.6358,0.0603,GREEN,51,Bengaluru
CLM0031463,BEN_02383,Electronic City,2024-04-11,18,0,0,0,0,0,0,0,0,0,0.0,0.352023,0,0.0,1,104,0,4,0.98,0.0338,GREEN,34,Bengaluru
CLM0031464,BEN_09690,Koramangala,2023-07-27,17,0,0,0,0,0,0,0,1,0,1.0,0.298867,0,1.0,0,336,1,0,0.7985,0.193,GREEN,31,Bengaluru
CLM0031465,BEN_00923,Electronic City,2024-06-22,13,0,0,0,0,0,1,0,0,1,0.0,1.0,1,0.0,0,324,2,1,0.5689,0.3463,YELLOW,52,Bengaluru
CLM0031466,BEN_07711,Indiranagar,2023-10-10,19,0,1,1,0,0,0,0,0,0,0.0,0.044774,1,0.0,0,420,3,3,0.1955,0.0722,GREEN,53,Bengaluru
CLM0031467,BEN_03095,BTM Layout,2023-05-30,21,0,0,0,0,0,0,0,0,0,0.0,0.356085,0,0.0,0,91,0,0,0.8549,0.0,GREEN,58,Bengaluru
CLM0031468,BEN_08866,Jayanagar,2024-08-05,9,0,0,0,0,0,0,1,0,0,0.0,0.208774,0,0.0,0,384,3,0,0.6732,0.0409,GREEN,44,Bengaluru
CLM0031469,BEN_00240,Marathahalli,2025-05-31,11,0,0,0,0,1,0,0,1,0,1.0,0.184602,0,0.0,0,78,1,4,0.7487,0.2275,GREEN,38,Bengaluru
CLM0031470,BEN_00828,Yelahanka,2024-05-13,11,0,0,0,0,0,0,0,0,0,0.0,0.110515,0,0.0,0,10,2,4,0.868,0.0074,GREEN,59,Bengaluru
CLM0031471,BEN_08869,Indiranagar,2024-05-04,10,0,0,0,0,0,0,0,0,0,0.0,0.150717,0,0.0,0,420,1,1,0.7125,0.0066,GREEN,51,Bengaluru
CLM0031472,BEN_03705,Rajajinagar,2024-03-21,12,0,0,0,0,0,0,0,0,0,0.0,0.162552,1,0.0,0,241,0,0,0.2013,0.1378,GREEN,49,Bengaluru
CLM0031473,BEN_05222,Koramangala,2024-11-03,21,0,0,0,0,0,0,0,0,0,1.0,0.070504,0,0.0,0,420,1,5,0.1543,0.0168,GREEN,50,Bengaluru
CLM0031474,BEN_04023,Rajajinagar,2021-04-16,19,0,0,0,0,1,0,1,1,0,1.0,1.0,1,0.0,0,5,3,18,0.4037,0.0,GREEN,43,Bengaluru
CLM0031475,BEN_05155,Jayanagar,2025-08-19,8,0,0,0,0,0,0,0,0,1,0.0,0.342578,0,0.0,0,420,1,0,0.2957,0.0658,GREEN,45,Bengaluru
CLM0031476,BEN_08925,Jayanagar,2021-03-22,8,0,0,0,1,1,1,1,1,0,1.0,1.0,1,0.0,1,7,4,18,0.272,0.1451,GREEN,31,Bengaluru
CLM0031477,BEN_04287,Electronic City,2024-05-30,7,0,0,0,1,0,1,0,0,0,0.0,0.08656,0,0.0,1,116,3,1,0.7173,0.4186,YELLOW,36,Bengaluru
CLM0031478,BEN_03216,Rajajinagar,2025-08-27,7,0,0,0,0,0,0,0,0,0,0.0,0.376095,0,0.0,0,346,4,2,0.0823,0.0005,GREEN,46,Bengaluru
CLM0031479,BEN_01606,Whitefield,2025-02-09,19,0,0,0,0,0,0,0,0,0,0.0,0.052748,1,0.0,0,161,3,1,0.5221,0.2238,GREEN,39,Bengaluru
CLM0031480,BEN_01177,Jayanagar,2025-10-09,10,0,0,0,0,0,0,0,0,0,0.0,0.169133,0,0.0,0,420,1,0,0.5127,0.0,GREEN,49,Bengaluru
CLM0031481,BEN_05030,Koramangala,2024-01-18,14,0,0,0,0,0,0,0,0,0,0.0,0.380091,0,0.0,0,350,2,0,0.6179,0.0091,GREEN,43,Bengaluru
CLM0031482,BEN_02569,BTM Layout,2025-02-20,20,0,0,0,0,0,0,0,0,0,0.0,0.125777,0,0.0,0,225,1,6,0.9457,0.025,GREEN,37,Bengaluru
CLM0031483,BEN_09081,Marathahalli,2024-09-18,19,0,0,0,0,0,0,1,0,0,0.0,0.271433,0,0.0,0,364,3,5,0.6968,0.0,GREEN,52,Bengaluru
CLM0031484,BEN_06717,HSR Layout,2024-12-04,9,0,0,0,1,0,0,0,0,0,0.0,0.128401,0,0.0,0,311,2,0,0.7051,0.1375,GREEN,18,Bengaluru
CLM0031485,BEN_09313,HSR Layout,2024-05-18,14,0,0,0,0,0,0,0,0,0,1.0,0.993625,0,1.0,0,347,2,3,0.8267,0.0,GREEN,39,Bengaluru
CLM0031486,BEN_07206,Whitefield,2025-04-13,13,0,0,0,0,0,0,0,0,0,0.0,0.064438,0,0.0,1,420,0,0,0.9069,0.1012,GREEN,39,Bengaluru
CLM0031487,BEN_00345,Koramangala,2021-05-22,10,0,0,0,0,0,0,0,0,0,0.0,0.416891,0,0.0,0,229,2,5,0.98,0.0,GREEN,27,Bengaluru
CLM0031488,BEN_02822,Koramangala,2025-04-04,15,0,0,0,0,0,0,0,0,0,0.0,0.0,0,0.0,1,169,3,0,0.8858,0.0,GREEN,59,Bengaluru
CLM0031489,BEN_05120,Koramangala,2022-09-10,16,0,0,0,0,0,0,0,0,1,0.0,0.080803,0,1.0,0,337,2,5,0.07,0.1386,GREEN,38,Bengaluru
CLM0031490,BEN_06587,Indiranagar,2025-03-31,8,0,0,0,0,0,1,0,0,0,0.0,0.081926,0,0.0,0,220,4,0,0.9699,0.1891,GREEN,50,Bengaluru
CLM0031491,BEN_00411,Marathahalli,2023-01-02,8,0,0,0,0,0,1,0,0,0,0.0,0.250211,0,0.0,0,420,2,3,0.6322,0.085,GREEN,49,Bengaluru
CLM0031492,BEN_05750,Yelahanka,2025-06-28,18,0,0,0,0,0,0,0,1,0,0.0,0.948402,0,1.0,0,329,2,0,0.7715,0.157,GREEN,63,Bengaluru
CLM0031493,BEN_03287,Jayanagar,2019-11-08,8,0,0,0,0,0,0,0,0,0,0.0,0.366295,0,0.0,0,317,1,0,0.6913,0.0,GREEN,38,Bengaluru
CLM0031494,BEN_05838,HSR Layout,2021-08-31,18,0,0,0,1,0,0,0,0,0,0.0,0.255641,0,0.0,0,420,2,2,0.4997,0.2383,GREEN,39,Bengaluru
CLM0031495,BEN_03257,Whitefield,2018-07-02,10,0,0,0,0,0,0,0,0,0,0.0,0.081033,0,0.0,0,133,2,4,0.8824,0.0428,GREEN,54,Bengaluru
CLM0031496,BEN_07265,HSR Layout,2025-06-06,21,0,0,0,0,0,0,0,0,0,1.0,0.0,0,0.0,0,420,1,1,0.9044,0.0384,GREEN,38,Bengaluru
CLM0031497,BEN_05159,Marathahalli,2021-11-09,21,0,0,0,0,0,0,0,0,0,0.0,0.096023,0,0.0,0,387,3,4,0.98,0.0,GREEN,43,Bengaluru
CLM0031498,BEN_01426,Electronic City,2023-01-14,12,0,0,0,0,0,0,0,0,0,0.0,0.28286,0,0.0,0,328,4,3,0.6487,0.0035,GREEN,45,Bengaluru
CLM0031499,BEN_08729,HSR Layout,2023-04-16,11,0,0,0,0,0,0,0,1,0,0.0,0.230025,0,1.0,0,342,1,0,0.98,0.1544,GREEN,50,Bengaluru
CLM0031500,BEN_06525,Rajajinagar,2020-07-08,8,0,0,0,0,1,0,0,0,0,0.0,0.179139,0,0.0,0,252,4,0,0.7987,0.1183,GREEN,62,Bengaluru
CLM0031501,BEN_06548,Jayanagar,2022-10-24,10,0,0,0,0,0,0,0,0,0,0.0,0.131968,0,0.0,0,420,4,3,0.7597,0.0124,GREEN,39,Bengaluru
CLM0031502,BEN_00151,Indiranagar,2021-07-28,13,0,0,0,0,0,0,0,0,0,0.0,0.001163,0,0.0,1,306,3,0,0.7964,0.0307,GREEN,37,Bengaluru
CLM0031503,BEN_06998,BTM Layout,2022-01-16,14,0,0,0,0,0,0,0,0,0,0.0,0.360307,0,0.0,0,283,1,5,0.1192,0.0169,GREEN,39,Bengaluru
CLM0031504,BEN_00211,Whitefield,2020-03-26,14,0,0,0,0,0,0,0,0,0,0.0,0.420905,0,0.0,0,420,4,5,0.98,0.0135,GREEN,39,Bengaluru
CLM0031505,BEN_05667,Koramangala,2025-03-29,11,0,0,0,0,0,0,0,0,0,0.0,0.250136,0,0.0,0,186,0,1,0.9181,0.0,GREEN,56,Bengaluru
CLM0031506,BEN_04360,Indiranagar,2019-03-19,18,0,0,0,0,0,0,0,0,0,1.0,0.0,0,0.0,0,297,1,3,0.8149,0.0699,GREEN,55,Bengaluru
CLM0031507,BEN_08987,Koramangala,2020-10-08,14,0,0,0,0,0,0,0,0,1,0.0,0.113493,0,0.0,0,292,4,6,0.8727,0.0907,GREEN,36,Bengaluru
CLM0031508,BEN_03100,Rajajinagar,2018-03-16,8,0,0,0,0,1,0,0,0,0,0.0,0.330595,0,0.0,0,151,2,1,0.8015,0.1781,GREEN,56,Bengaluru
CLM0031509,BEN_07151,Electronic City,2023-06-22,15,0,0,0,0,0,0,0,0,0,0.0,0.084376,0,1.0,1,105,3,2,0.7632,0.0552,GREEN,46,Bengaluru
CLM0031510,BEN_00246,Electronic City,2021-12-07,13,0,0,0,0,0,0,0,0,0,0.0,0.216869,0,0.0,0,78,1,1,0.9343,0.0281,GREEN,52,Bengaluru
CLM0031511,BEN_06782,Marathahalli,2021-11-11,9,0,0,0,0,0,0,0,0,0,0.0,0.314497,0,0.0,0,413,4,3,0.6918,0.1096,GREEN,36,Bengaluru
CLM0031512,BEN_00400,Jayanagar,2024-01-12,19,0,0,0,0,0,0,0,1,0,0.0,0.927522,0,0.0,0,48,2,4,0.3882,0.1549,GREEN,37,Bengaluru
CLM0031513,BEN_06240,Koramangala,2024-03-11,8,0,0,0,0,0,0,0,0,0,0.0,0.17095,0,0.0,0,258,2,2,0.98,0.0,GREEN,62,Bengaluru
CLM0031514,BEN_06058,HSR Layout,2024-04-24,15,0,0,0,0,0,0,0,0,0,0.0,0.279749,0,0.0,0,359,4,6,0.0994,0.0,GREEN,30,Bengaluru
CLM0031515,BEN_09133,HSR Layout,2025-04-09,20,0,0,0,0,0,0,0,0,0,0.0,0.392055,0,0.0,0,63,3,0,0.6828,0.0,GREEN,57,Bengaluru
CLM0031516,BEN_02700,Rajajinagar,2025-11-22,13,0,0,0,0,0,1,0,0,0,0.0,0.207116,0,0.0,0,267,4,1,0.5779,0.176,GREEN,67,Bengaluru
CLM0031517,BEN_07571,Rajajinagar,2023-10-10,16,0,0,0,1,0,0,1,0,0,0.0,0.39852,0,0.0,0,183,3,0,0.6756,0.2479,GREEN,55,Bengaluru
CLM0031518,BEN_05939,Koramangala,2025-12-18,14,0,1,1,0,0,1,0,0,0,0.0,0.220132,1,0.0,0,249,1,1,0.8794,0.2393,GREEN,33,Bengaluru
CLM0031519,BEN_06611,Koramangala,2023-06-27,20,0,0,0,0,0,0,0,0,1,0.0,0.246636,0,0.0,0,258,4,4,0.2056,0.152,GREEN,41,Bengaluru
CLM0031520,BEN_04475,BTM Layout,2024-01-18,10,0,0,0,0,0,0,0,0,0,1.0,0.337913,0,0.0,0,68,2,1,0.05,0.1139,GREEN,42,Bengaluru
CLM0031521,BEN_06661,Koramangala,2022-12-26,19,0,0,0,0,0,0,0,0,0,0.0,0.187758,0,0.0,0,219,3,4,0.0565,0.0098,GREEN,18,Bengaluru
CLM0031522,BEN_08245,Electronic City,2023-09-10,11,0,0,0,0,0,0,0,0,0,0.0,0.200783,0,0.0,0,209,0,2,0.8348,0.0,GREEN,37,Bengaluru
CLM0031523,BEN_04198,Jayanagar,2023-07-29,15,0,0,0,0,0,1,0,0,0,0.0,0.010064,0,0.0,0,238,2,3,0.5992,0.1114,GREEN,35,Bengaluru
CLM0031524,BEN_09442,Yelahanka,2025-03-11,10,0,0,0,0,0,0,0,0,0,0.0,0.304704,0,0.0,0,302,4,4,0.4689,0.0,GREEN,42,Bengaluru
CLM0031525,BEN_05939,Koramangala,2021-10-23,20,0,1,1,0,0,0,0,1,0,0.0,0.264192,0,0.0,0,384,3,8,0.7098,0.0164,GREEN,33,Bengaluru
CLM0031526,BEN_01710,Koramangala,2025-06-10,8,0,0,0,0,0,0,0,0,0,0.0,0.182614,0,0.0,0,258,0,4,0.98,0.0,GREEN,36,Bengaluru
CLM0031527,BEN_06339,Yelahanka,2024-10-23,20,0,0,0,0,0,0,0,0,0,0.0,0.947406,0,0.0,0,256,2,0,0.078,0.0641,GREEN,37,Bengaluru
CLM0031528,BEN_04245,Electronic City,2020-05-12,19,0,0,0,0,0,0,0,0,0,0.0,0.436875,0,0.0,0,60,2,3,0.9738,0.0,GREEN,44,Bengaluru
CLM0031529,BEN_00501,Electronic City,2020-02-27,14,0,0,0,0,0,0,0,0,0,0.0,0.38597,0,0.0,0,347,0,7,0.9774,0.0,GREEN,35,Bengaluru
CLM0031530,BEN_08162,Yelahanka,2024-03-23,7,0,0,0,0,0,0,0,0,0,0.0,0.297931,0,0.0,0,208,3,0,0.5128,0.0,GREEN,46,Bengaluru
CLM0031531,BEN_03912,Marathahalli,2024-08-14,15,0,0,0,0,0,0,0,0,1,1.0,0.889543,0,1.0,0,166,0,1,0.8035,0.1227,GREEN,41,Bengaluru
CLM0031532,BEN_07039,BTM Layout,2023-08-22,17,0,0,0,0,0,1,0,0,0,0.0,0.986023,0,0.0,0,386,4,4,0.7164,0.0993,GREEN,40,Bengaluru
CLM0031533,BEN_06322,HSR Layout,2021-01-05,16,0,0,0,0,0,0,0,0,0,0.0,1.0,0,0.0,1,60,4,3,0.707,0.0,GREEN,32,Bengaluru
CLM0031534,BEN_05260,BTM Layout,2021-08-11,16,0,1,1,0,0,1,0,0,0,0.0,0.276802,0,0.0,0,172,3,4,0.5955,0.0386,GREEN,55,Bengaluru
CLM0031535,BEN_05104,Koramangala,2018-05-24,21,0,1,1,0,0,0,0,0,0,0.0,0.325037,0,0.0,0,55,2,0,0.7696,0.0,GREEN,40,Bengaluru
CLM0031536,BEN_01193,Whitefield,2022-08-04,9,0,1,1,0,0,0,0,0,0,0.0,0.384117,0,0.0,0,70,1,0,0.1137,0.0595,GREEN,54,Bengaluru
CLM0031537,BEN_09141,Rajajinagar,2023-09-06,21,0,1,1,1,1,0,1,0,1,1.0,0.902041,0,0.0,0,5,2,18,0.8067,0.7716,RED,56,Bengaluru
CLM0031538,BEN_05933,Jayanagar,2025-07-17,9,0,1,1,1,1,1,0,0,1,1.0,1.0,0,0.0,1,5,1,18,0.2332,0.6091,YELLOW,29,Bengaluru
CLM0031539,BEN_03323,Jayanagar,2023-08-13,12,0,1,1,0,0,0,1,0,1,1.0,0.998024,1,1.0,1,15,2,18,0.0795,0.3473,YELLOW,42,Bengaluru
CLM0031540,BEN_02254,Jayanagar,2025-04-08,12,0,1,1,0,0,0,1,0,1,1.0,0.922596,0,0.0,1,26,0,18,0.4366,0.3596,YELLOW,36,Bengaluru
CLM0031541,BEN_04723,Whitefield,2025-12-13,14,0,1,1,1,1,0,1,1,1,1.0,0.0,0,1.0,1,5,0,18,0.3811,0.7733,RED,41,Bengaluru
CLM0031542,BEN_00945,Indiranagar,2023-11-12,21,0,1,1,1,0,0,1,1,1,0.0,0.196675,0,0.0,0,5,2,18,0.9527,0.6618,RED,52,Bengaluru
CLM0031543,BEN_03760,Whitefield,2024-03-22,16,0,1,1,1,1,1,1,1,0,0.0,0.184,0,0.0,0,5,1,18,0.8438,0.653,RED,55,Bengaluru
CLM0031544,BEN_07351,Yelahanka,2024-02-17,13,0,1,1,1,1,1,1,1,1,1.0,0.911558,0,0.0,1,22,1,18,0.3622,0.8195,RED,44,Bengaluru
CLM0031545,BEN_03761,Yelahanka,2025-10-24,17,0,1,1,1,1,0,1,1,1,0.0,0.223846,1,0.0,0,48,1,18,0.9518,0.7302,RED,50,Bengaluru
CLM0031546,BEN_09473,Marathahalli,2025-07-02,13,0,1,1,0,0,0,0,0,0,0.0,0.177596,0,0.0,0,119,1,5,0.98,0.7541,RED,48,Bengaluru
CLM0031547,BEN_05725,Electronic City,2025-04-19,10,0,1,1,1,1,1,1,1,1,1.0,0.937438,0,1.0,1,23,0,18,0.1299,0.8699,RED,39,Bengaluru
CLM0031548,BEN_09532,BTM Layout,2023-10-22,15,0,0,0,0,0,0,0,0,0,0.0,0.368177,0,0.0,0,301,0,2,0.7661,0.0159,GREEN,53,Bengaluru
CLM0031549,BEN_03209,Koramangala,2025-02-14,17,0,0,0,0,0,0,1,0,0,0.0,0.226807,1,0.0,0,312,1,0,0.111,0.1129,GREEN,39,Bengaluru
CLM0031550,BEN_01488,HSR Layout,2023-06-06,13,0,0,0,0,0,0,0,0,0,0.0,0.085526,0,0.0,0,305,4,0,0.7878,0.0,GREEN,50,Bengaluru
CLM0031551,BEN_05750,Yelahanka,2024-11-02,19,0,0,0,0,0,0,0,0,0,0.0,0.065012,0,0.0,0,120,3,4,0.9487,0.0,GREEN,63,Bengaluru
CLM0031552,BEN_03466,HSR Layout,2022-12-08,13,0,0,0,0,0,0,0,0,0,0.0,0.039599,0,0.0,0,325,1,6,0.6743,0.0813,GREEN,49,Bengaluru
CLM0031553,BEN_08254,Koramangala,2025-11-30,15,0,0,0,0,0,0,0,1,0,0.0,0.974355,0,0.0,0,5,0,4,0.5744,0.0262,GREEN,46,Bengaluru
CLM0031554,BEN_05023,Electronic City,2022-07-07,14,0,0,0,0,0,0,0,0,0,0.0,0.333455,0,0.0,0,89,1,4,0.8345,0.0,GREEN,40,Bengaluru
CLM0031555,BEN_07379,HSR Layout,2023-01-02,20,0,0,0,0,0,0,0,1,0,0.0,0.977069,0,0.0,0,149,1,1,0.9245,0.1391,GREEN,41,Bengaluru
CLM0031556,BEN_03083,Indiranagar,2025-02-16,17,0,0,0,0,0,1,0,0,0,0.0,0.022121,0,0.0,0,177,4,5,0.7745,0.0249,GREEN,32,Bengaluru
CLM0031557,BEN_04156,Marathahalli,2025-09-12,8,0,0,0,0,0,0,0,0,0,0.0,0.243193,0,0.0,0,420,2,2,0.8578,0.0,GREEN,45,Bengaluru
CLM0031558,BEN_08490,Rajajinagar,2023-06-03,18,0,0,0,0,0,0,1,0,0,0.0,0.099431,0,0.0,0,80,2,4,0.8793,0.0445,GREEN,48,Bengaluru
CLM0031559,BEN_03313,Whitefield,2021-07-09,13,0,0,0,0,0,0,0,0,0,0.0,0.0,0,0.0,0,283,0,0,0.7986,0.0975,GREEN,49,Bengaluru
CLM0031560,BEN_05266,Rajajinagar,2024-07-08,17,0,0,0,1,0,1,1,1,1,0.0,0.220774,1,0.0,0,5,3,18,0.8593,0.1327,GREEN,44,Bengaluru
CLM0031561,BEN_03280,Electronic City,2024-07-28,12,0,0,0,0,0,0,0,0,0,0.0,1.0,0,0.0,0,420,1,2,0.8026,0.0,GREEN,55,Bengaluru
CLM0031562,BEN_04902,Rajajinagar,2020-01-20,9,0,0,0,0,0,1,0,0,0,0.0,0.325416,0,0.0,0,167,4,0,0.7678,0.1092,GREEN,54,Bengaluru
CLM0031563,BEN_02817,Indiranagar,2024-01-14,12,0,0,0,0,1,1,1,1,0,1.0,0.556763,1,0.0,1,5,1,18,0.4858,0.3751,YELLOW,47,Bengaluru
CLM0031564,BEN_01879,Koramangala,2019-11-24,10,0,0,0,0,0,0,0,0,0,0.0,0.132387,0,0.0,0,420,4,3,0.7581,0.0,GREEN,35,Bengaluru
CLM0031565,BEN_07149,Indiranagar,2022-10-17,16,0,0,0,0,0,0,0,0,0,1.0,0.043057,0,0.0,0,102,3,2,0.6497,0.0,GREEN,40,Bengaluru
CLM0031566,BEN_09759,Rajajinagar,2022-07-18,9,0,0,0,0,0,0,0,0,0,0.0,0.276434,0,0.0,0,148,4,4,0.6984,0.0,GREEN,47,Bengaluru
CLM0031567,BEN_07804,Electronic City,2023-01-06,19,0,0,0,0,0,0,0,0,0,0.0,0.370185,0,0.0,0,327,4,2,0.9219,0.0,GREEN,25,Bengaluru
CLM0031568,BEN_08991,HSR Layout,2018-12-28,19,0,0,0,0,0,0,0,1,0,1.0,0.952531,0,1.0,1,324,1,2,0.5563,0.1595,GREEN,55,Bengaluru
CLM0031569,BEN_02069,Koramangala,2022-12-24,19,0,0,0,0,0,1,0,0,1,0.0,0.337288,0,0.0,0,343,2,2,0.05,0.1081,GREEN,36,Bengaluru
CLM0031570,BEN_06529,Indiranagar,2020-01-03,21,0,0,0,0,0,1,0,0,0,0.0,0.981227,0,0.0,0,420,3,3,0.8496,0.1596,GREEN,41,Bengaluru
CLM0031571,BEN_06503,Whitefield,2022-05-23,18,0,0,0,0,0,0,0,0,0,0.0,0.398089,0,0.0,0,373,0,0,0.1276,0.0,GREEN,37,Bengaluru
CLM0031572,BEN_04013,Jayanagar,2022-03-23,18,0,0,0,0,0,1,1,0,0,1.0,0.12883,0,0.0,0,306,1,4,0.6409,0.2795,GREEN,66,Bengaluru
CLM0031573,BEN_09275,HSR Layout,2018-09-13,17,0,0,0,0,0,0,0,0,0,0.0,0.0,0,0.0,0,208,3,4,0.7978,0.0047,GREEN,26,Bengaluru
CLM0031574,BEN_05799,Jayanagar,2022-07-22,19,0,0,0,0,0,0,0,0,0,0.0,0.067644,0,0.0,0,71,1,5,0.8834,0.1566,GREEN,50,Bengaluru
CLM0031575,BEN_09948,BTM Layout,2021-11-28,8,0,0,0,0,0,0,1,0,0,0.0,0.343115,0,1.0,1,400,0,2,0.915,0.1534,GREEN,53,Bengaluru
CLM0031576,BEN_03511,Marathahalli,2024-12-12,11,0,0,0,0,0,0,0,0,0,0.0,0.497359,0,0.0,0,420,2,0,0.3093,0.0406,GREEN,36,Bengaluru
CLM0031577,BEN_08453,Rajajinagar,2024-03-22,7,0,0,0,1,0,0,0,0,0,0.0,0.205507,0,0.0,0,366,3,5,0.98,0.14,GREEN,46,Bengaluru
CLM0031578,BEN_08169,Jayanagar,2020-02-18,13,0,0,0,0,0,0,0,0,0,0.0,0.018278,0,0.0,0,75,4,1,0.5883,0.0206,GREEN,36,Bengaluru
CLM0031579,BEN_05404,BTM Layout,2021-08-25,7,0,0,0,0,1,0,0,0,0,0.0,0.0,1,0.0,0,257,0,2,0.5663,0.1853,GREEN,38,Bengaluru
CLM0031580,BEN_05767,Indiranagar,2021-07-21,17,0,0,0,0,0,0,1,1,0,0.0,0.047986,0,0.0,1,25,4,18,0.9439,0.0435,GREEN,29,Bengaluru
CLM0031581,BEN_05061,Indiranagar,2023-01-13,9,0,0,0,0,0,0,0,0,0,0.0,0.279247,0,0.0,0,46,3,0,0.98,0.0383,GREEN,42,Bengaluru
CLM0031582,BEN_08575,Electronic City,2021-11-15,21,0,0,0,0,0,0,0,0,0,0.0,0.875977,0,0.0,0,330,0,0,0.7149,0.0736,GREEN,47,Bengaluru
CLM0031583,BEN_04521,Yelahanka,2021-06-16,17,0,0,0,0,0,0,0,0,0,0.0,0.198736,0,0.0,0,420,2,1,0.6346,0.0,GREEN,43,Bengaluru
CLM0031584,BEN_04061,Indiranagar,2024-02-23,15,0,0,0,1,0,1,0,0,0,0.0,0.05366,1,0.0,0,10,4,18,0.9675,0.0,GREEN,43,Bengaluru
CLM0031585,BEN_08452,Marathahalli,2017-12-07,11,0,0,0,0,0,0,0,1,0,0.0,0.353867,0,0.0,0,420,1,4,0.7468,0.1178,GREEN,62,Bengaluru
CLM0031586,BEN_03549,BTM Layout,2024-04-03,12,0,0,0,0,1,1,0,0,0,1.0,0.231238,0,0.0,0,327,4,3,0.425,0.0,GREEN,35,Bengaluru
CLM0031587,BEN_09479,Rajajinagar,2023-08-27,9,0,0,0,0,0,0,0,0,0,0.0,0.001013,1,0.0,0,383,2,0,0.8544,0.0,GREEN,30,Bengaluru
CLM0031588,BEN_09046,Koramangala,2019-09-17,19,0,0,0,0,0,0,0,0,0,0.0,0.365379,1,0.0,0,9,0,5,0.665,0.0915,GREEN,34,Bengaluru
CLM0031589,BEN_00006,Koramangala,2025-10-29,11,0,0,0,0,0,1,0,0,0,0.0,0.47469,0,0.0,0,420,2,6,0.5797,0.0322,GREEN,56,Bengaluru
CLM0031590,BEN_00271,Marathahalli,2021-12-25,8,0,0,0,0,0,0,0,0,0,0.0,0.428348,0,0.0,0,93,2,4,0.9427,0.1364,GREEN,30,Bengaluru
CLM0031591,BEN_04452,Whitefield,2024-04-08,13,0,0,0,0,0,0,0,1,0,1.0,0.306695,0,0.0,0,243,4,1,0.5686,0.1239,GREEN,25,Bengaluru
CLM0031592,BEN_04258,Whitefield,2019-04-01,9,0,0,0,0,0,0,0,0,0,0.0,0.096533,0,0.0,0,249,0,2,0.5229,0.0248,GREEN,35,Bengaluru
CLM0031593,BEN_04185,Koramangala,2024-12-02,13,0,0,0,0,0,0,0,0,1,0.0,0.245935,1,0.0,0,269,4,1,0.8366,0.1651,GREEN,52,Bengaluru
CLM0031594,BEN_00594,Yelahanka,2019-09-18,21,0,0,0,0,0,0,0,0,0,0.0,0.297255,0,0.0,0,8,2,2,0.6514,0.0,GREEN,30,Bengaluru
CLM0031595,BEN_07223,Marathahalli,2023-02-26,7,0,0,0,0,0,0,0,0,0,0.0,0.052136,0,0.0,0,54,2,0,0.9456,0.0052,GREEN,29,Bengaluru
CLM0031596,BEN_06282,HSR Layout,2023-10-06,9,0,0,0,1,0,1,0,0,0,1.0,0.420102,0,0.0,0,270,3,1,0.6342,0.225,GREEN,32,Bengaluru
CLM0031597,BEN_01943,Marathahalli,2018-11-05,12,0,0,0,0,0,0,0,0,0,0.0,0.213335,0,0.0,0,118,1,0,0.7492,0.0271,GREEN,48,Bengaluru
CLM0031598,BEN_02199,Yelahanka,2017-04-02,18,0,0,0,0,0,0,0,0,0,0.0,0.370357,0,0.0,0,319,0,1,0.8445,0.0,GREEN,47,Bengaluru
CLM0031599,BEN_03961,Koramangala,2020-09-17,15,0,0,0,0,0,0,0,0,0,0.0,0.195486,0,0.0,0,214,1,3,0.0754,0.012,GREEN,51,Bengaluru
CLM0031600,BEN_00119,Jayanagar,2018-03-23,8,0,0,0,0,0,0,0,0,0,0.0,0.0,0,0.0,0,304,0,3,0.8762,0.1029,GREEN,44,Bengaluru
CLM0031601,BEN_08751,Rajajinagar,2019-02-17,13,0,0,0,1,1,0,1,0,1,1.0,1.0,0,0.0,0,34,3,11,0.8652,0.0239,GREEN,34,Bengaluru
CLM0031602,BEN_05397,Yelahanka,2025-07-10,8,0,0,0,0,1,0,0,0,0,0.0,0.324237,0,0.0,0,125,3,2,0.812,0.2605,GREEN,35,Bengaluru
CLM0031603,BEN_03391,Indiranagar,2025-10-17,10,0,0,0,0,0,1,1,0,0,1.0,0.933033,0,1.0,0,363,2,0,0.98,0.1278,GREEN,34,Bengaluru
CLM0031604,BEN_00450,Whitefield,2021-05-10,17,0,0,0,0,0,1,0,0,0,1.0,0.089452,0,0.0,0,275,2,8,0.8882,0.2039,GREEN,38,Bengaluru
CLM0031605,BEN_02116,Yelahanka,2025-09-20,18,0,0,0,0,0,0,0,0,0,0.0,0.018834,0,0.0,0,263,3,4,0.8977,0.0,GREEN,67,Bengaluru
CLM0031606,BEN_08763,HSR Layout,2020-03-12,10,0,0,0,0,0,0,0,0,0,0.0,0.389078,0,1.0,0,237,3,0,0.6111,0.0,GREEN,40,Bengaluru
CLM0031607,BEN_08266,HSR Layout,2021-04-15,13,0,0,0,1,0,0,1,0,0,1.0,0.231039,1,0.0,0,420,4,2,0.7938,0.3489,YELLOW,53,Bengaluru
CLM0031608,BEN_03589,Jayanagar,2025-10-23,7,0,0,0,0,0,0,0,0,0,0.0,0.089739,0,0.0,0,388,3,2,0.6285,0.0,GREEN,38,Bengaluru
CLM0031609,BEN_09034,Rajajinagar,2020-06-30,21,0,0,0,0,1,0,0,1,0,0.0,0.388691,0,0.0,0,123,4,0,0.0876,0.1749,GREEN,46,Bengaluru
CLM0031610,BEN_00358,Whitefield,2025-11-18,8,0,0,0,0,0,0,0,0,0,0.0,0.006113,0,0.0,0,13,3,0,0.1043,0.0363,GREEN,35,Bengaluru
CLM0031611,BEN_08849,Koramangala,2025-06-02,7,0,0,0,0,0,0,0,0,1,0.0,0.031564,0,0.0,0,375,3,1,0.6235,0.1246,GREEN,35,Bengaluru
CLM0031612,BEN_03588,Electronic City,2025-12-16,16,0,0,0,1,0,0,0,0,0,0.0,0.172453,0,0.0,0,329,2,2,0.05,0.1655,GREEN,45,Bengaluru
CLM0031613,BEN_08443,Koramangala,2022-09-03,10,0,1,1,0,0,0,1,0,0,0.0,0.204383,0,0.0,0,420,0,4,0.8832,0.1012,GREEN,42,Bengaluru
CLM0031614,BEN_05154,Koramangala,2023-10-05,15,0,0,0,0,0,0,0,1,0,0.0,0.16607,0,0.0,0,287,2,1,0.05,0.1928,GREEN,29,Bengaluru
CLM0031615,BEN_05546,Yelahanka,2022-10-25,16,0,0,0,0,0,1,0,0,0,0.0,0.353475,0,1.0,0,189,4,4,0.6621,0.1535,GREEN,36,Bengaluru
CLM0031616,BEN_09054,Yelahanka,2025-06-08,13,0,0,0,0,0,0,0,0,0,0.0,0.0,0,0.0,0,156,4,3,0.7758,0.1253,GREEN,43,Bengaluru
CLM0031617,BEN_08462,Marathahalli,2025-03-27,8,0,0,0,0,1,0,0,0,1,0.0,0.0,0,0.0,1,87,2,1,0.6558,0.0691,GREEN,43,Bengaluru
CLM0031618,BEN_08357,Yelahanka,2024-02-15,19,0,0,0,0,0,0,1,0,0,0.0,0.0,0,0.0,0,24,0,2,0.1854,0.1049,GREEN,41,Bengaluru
CLM0031619,BEN_06695,Indiranagar,2024-09-27,21,0,0,0,0,0,0,0,0,0,0.0,0.079012,0,0.0,0,75,2,5,0.98,0.0,GREEN,44,Bengaluru
CLM0031620,BEN_02274,Electronic City,2024-07-31,7,0,0,0,0,0,0,0,0,1,0.0,0.158604,0,0.0,0,191,3,0,0.7885,0.2003,GREEN,48,Bengaluru
CLM0031621,BEN_05370,BTM Layout,2022-12-05,9,0,0,0,0,0,0,0,0,0,0.0,0.072939,0,0.0,1,236,3,1,0.7236,0.0,GREEN,50,Bengaluru
CLM0031622,BEN_03847,Electronic City,2022-12-10,7,0,0,0,0,0,0,0,0,0,1.0,0.133813,0,0.0,0,420,4,0,0.98,0.0,GREEN,62,Bengaluru
CLM0031623,BEN_05210,Jayanagar,2024-04-14,10,0,0,0,0,0,0,0,0,0,0.0,0.3564,0,0.0,0,184,0,3,0.2863,0.0,GREEN,51,Bengaluru
CLM0031624,BEN_06140,Whitefield,2024-03-24,20,0,0,0,1,0,0,1,0,1,0.0,0.113908,0,0.0,1,17,3,18,0.9408,0.0622,GREEN,51,Bengaluru
CLM0031625,BEN_09205,Marathahalli,2023-04-25,19,0,0,0,0,0,0,0,0,0,0.0,0.341295,0,0.0,0,132,4,2,0.6643,0.0801,GREEN,33,Bengaluru
CLM0031626,BEN_08290,Jayanagar,2025-10-16,16,0,0,0,0,0,0,0,0,0,0.0,0.08312,0,0.0,0,137,3,1,0.8664,0.0015,GREEN,43,Bengaluru
CLM0031627,BEN_09502,BTM Layout,2023-11-24,7,0,0,0,0,0,0,0,0,0,0.0,0.409966,0,0.0,0,295,3,5,0.7067,0.0,GREEN,29,Bengaluru
CLM0031628,BEN_08606,Koramangala,2025-01-20,9,0,0,0,0,0,0,0,0,0,0.0,0.208991,0,0.0,0,252,0,2,0.98,0.1278,GREEN,53,Bengaluru
CLM0031629,BEN_07763,Jayanagar,2022-01-18,7,0,0,0,0,0,0,0,0,0,0.0,0.333838,0,0.0,0,249,1,2,0.1066,0.0549,GREEN,42,Bengaluru
CLM0031630,BEN_04814,HSR Layout,2025-12-02,16,0,0,0,0,0,0,0,1,1,0.0,0.19543,0,0.0,0,159,0,2,0.621,0.2477,GREEN,57,Bengaluru
CLM0031631,BEN_05306,BTM Layout,2023-01-08,13,0,0,0,0,0,0,0,0,0,0.0,0.125989,0,0.0,0,209,4,3,0.6124,0.0104,GREEN,44,Bengaluru
CLM0031632,BEN_06956,Whitefield,2023-05-29,7,0,0,0,0,0,0,0,0,0,0.0,0.188888,0,0.0,0,241,0,0,0.05,0.0102,GREEN,55,Bengaluru
CLM0031633,BEN_00851,Whitefield,2024-03-17,18,0,0,0,0,0,0,0,0,0,0.0,0.435305,0,0.0,0,74,1,1,0.6123,0.0575,GREEN,59,Bengaluru
CLM0031634,BEN_08718,Whitefield,2025-12-01,10,0,0,0,0,0,0,0,0,0,0.0,0.11542,0,1.0,0,203,0,3,0.8223,0.1038,GREEN,49,Bengaluru
CLM0031635,BEN_00929,HSR Layout,2025-08-15,15,0,0,0,1,0,0,0,0,0,0.0,0.223376,0,0.0,0,179,2,5,0.8256,0.1816,GREEN,50,Bengaluru
CLM0031636,BEN_01048,HSR Layout,2023-09-09,16,0,0,0,0,0,0,0,0,0,0.0,0.503296,0,0.0,1,346,1,3,0.7208,0.0267,GREEN,54,Bengaluru
CLM0031637,BEN_03409,Indiranagar,2022-05-13,13,0,0,0,0,0,0,1,0,0,0.0,0.208929,0,0.0,0,286,1,5,0.9519,0.0395,GREEN,32,Bengaluru
CLM0031638,BEN_07299,Electronic City,2020-09-27,16,0,0,0,0,0,0,0,0,0,0.0,1.0,0,0.0,0,200,2,0,0.98,0.0,GREEN,43,Bengaluru
CLM0031639,BEN_03089,Yelahanka,2023-06-11,18,0,0,0,0,1,0,0,0,0,1.0,0.205225,0,0.0,0,126,2,1,0.5429,0.1011,GREEN,43,Bengaluru
CLM0031640,BEN_01404,HSR Layout,2023-06-07,8,0,0,0,0,0,0,0,0,0,0.0,0.367286,0,0.0,0,190,1,6,0.98,0.0,GREEN,53,Bengaluru
CLM0031641,BEN_08729,HSR Layout,2021-12-14,14,1,0,0,0,0,0,0,1,0,0.0,0.166387,0,0.0,0,149,3,2,0.98,0.1052,GREEN,50,Bengaluru
CLM0031642,BEN_00476,Electronic City,2024-03-19,13,0,0,0,1,0,0,0,0,0,0.0,0.226473,0,0.0,0,180,1,2,0.5358,0.1733,GREEN,21,Bengaluru
CLM0031643,BEN_03001,Electronic City,2025-03-19,15,0,0,0,0,0,0,0,0,0,0.0,0.02217,0,0.0,0,344,0,5,0.9019,0.0,GREEN,54,Bengaluru
CLM0031644,BEN_07105,Indiranagar,2018-09-15,15,0,0,0,0,0,0,0,0,0,0.0,0.921478,0,0.0,0,291,0,5,0.6682,0.0264,GREEN,42,Bengaluru
CLM0031645,BEN_07825,Koramangala,2019-01-12,9,0,1,1,0,0,0,0,0,0,0.0,0.326717,0,0.0,1,342,2,0,0.9305,0.0057,GREEN,44,Bengaluru
CLM0031646,BEN_04503,Whitefield,2022-05-28,17,0,0,0,0,0,0,0,0,0,0.0,0.9529,0,0.0,0,96,3,0,0.8606,0.0,GREEN,30,Bengaluru
CLM0031647,BEN_02114,Rajajinagar,2024-08-11,16,0,0,0,0,0,0,0,0,0,0.0,0.341669,0,0.0,0,220,0,0,0.9621,0.2125,GREEN,46,Bengaluru
CLM0031648,BEN_02449,Rajajinagar,2024-08-29,19,0,0,0,0,0,0,1,0,0,0.0,0.201608,0,0.0,1,58,1,0,0.8792,0.1144,GREEN,50,Bengaluru
CLM0031649,BEN_06555,BTM Layout,2025-11-15,11,0,0,0,0,0,0,0,0,0,1.0,0.432663,1,1.0,0,158,2,0,0.98,0.1315,GREEN,38,Bengaluru
CLM0031650,BEN_09758,Rajajinagar,2025-04-27,19,0,0,0,0,0,0,0,0,0,0.0,0.098995,0,0.0,0,249,2,2,0.4146,0.0,GREEN,35,Bengaluru
CLM0031651,BEN_03707,BTM Layout,2024-07-21,8,0,0,0,0,0,0,0,0,0,0.0,0.088266,0,0.0,0,387,4,2,0.8747,0.0,GREEN,53,Bengaluru
CLM0031652,BEN_07308,Electronic City,2025-10-07,21,0,0,0,0,0,0,0,0,0,0.0,0.397113,0,0.0,0,420,2,4,0.8532,0.0825,GREEN,47,Bengaluru
CLM0031653,BEN_01785,Whitefield,2019-09-09,12,0,0,0,0,0,0,0,1,0,0.0,0.17729,0,0.0,0,333,1,2,0.05,0.1348,GREEN,40,Bengaluru
CLM0031654,BEN_08857,Indiranagar,2020-08-18,8,0,0,0,0,0,0,0,0,1,0.0,0.180621,0,0.0,0,233,3,0,0.8193,0.1739,GREEN,45,Bengaluru
CLM0031655,BEN_06554,Yelahanka,2024-03-03,19,0,0,0,0,0,0,0,0,0,0.0,0.299894,0,0.0,1,100,3,4,0.6816,0.0758,GREEN,58,Bengaluru
CLM0031656,BEN_06548,Jayanagar,2020-04-04,14,0,1,1,1,1,1,1,0,0,0.0,0.975237,0,0.0,1,8,2,12,0.2505,0.7843,RED,39,Bengaluru
CLM0031657,BEN_07987,Electronic City,2023-12-01,8,0,1,1,1,1,0,1,1,1,1.0,0.213523,0,1.0,1,5,1,18,0.3118,0.8305,RED,58,Bengaluru
CLM0031658,BEN_00932,Marathahalli,2024-09-16,19,0,0,0,0,0,0,0,0,0,0.0,0.359653,0,0.0,0,396,4,1,0.8717,0.0,GREEN,57,Bengaluru
CLM0031659,BEN_08108,Marathahalli,2025-03-12,18,0,1,1,0,1,1,1,1,1,1.0,0.0,0,1.0,1,5,2,18,0.1372,0.0,GREEN,34,Bengaluru
CLM0031660,BEN_08738,Indiranagar,2025-12-15,12,0,0,0,0,0,0,0,0,0,1.0,0.147688,0,0.0,0,205,2,0,0.8607,0.0939,GREEN,50,Bengaluru
CLM0031661,BEN_04020,HSR Layout,2025-01-28,16,0,0,0,0,0,0,0,0,0,0.0,0.1096,0,1.0,0,353,2,5,0.8226,0.1077,GREEN,49,Bengaluru
CLM0031662,BEN_05892,Jayanagar,2025-03-22,18,0,0,0,0,0,0,0,0,0,0.0,0.054643,0,0.0,0,68,0,4,0.9054,0.0776,GREEN,61,Bengaluru
CLM0031663,BEN_06571,Rajajinagar,2025-01-24,17,0,0,0,0,0,0,1,0,1,1.0,0.0707,0,0.0,0,65,1,1,0.6182,0.2087,GREEN,44,Bengaluru
CLM0031664,BEN_09750,Rajajinagar,2024-11-07,10,0,0,0,0,0,0,0,0,1,0.0,0.111131,0,0.0,0,340,0,1,0.7195,0.2111,GREEN,18,Bengaluru
CLM0031665,BEN_05075,Indiranagar,2024-06-19,21,0,0,0,0,0,0,0,0,0,0.0,0.318782,0,0.0,1,126,1,4,0.7859,0.1636,GREEN,36,Bengaluru
CLM0031666,BEN_08236,Marathahalli,2024-11-24,17,0,0,0,0,0,0,0,0,0,1.0,0.162261,0,1.0,0,420,1,0,0.622,0.0233,GREEN,42,Bengaluru
CLM0031667,BEN_03409,Indiranagar,2025-05-20,8,0,0,0,0,0,0,0,1,0,0.0,0.053776,0,0.0,0,237,0,3,0.7368,0.1721,GREEN,32,Bengaluru
CLM0031668,BEN_07251,BTM Layout,2025-03-21,10,0,0,0,0,0,0,0,0,0,0.0,0.969375,0,0.0,1,208,3,2,0.8805,0.0909,GREEN,53,Bengaluru
CLM0031669,BEN_03156,Jayanagar,2025-06-14,20,0,0,0,0,0,0,0,0,0,0.0,0.038073,0,0.0,0,219,0,1,0.4501,0.1339,GREEN,34,Bengaluru
CLM0031670,BEN_00243,Marathahalli,2025-11-24,19,0,1,1,0,0,0,0,0,1,0.0,0.094418,0,0.0,0,49,0,0,0.05,0.1281,GREEN,38,Bengaluru
CLM0031671,BEN_03038,Yelahanka,2025-08-09,7,0,0,0,0,0,0,0,0,0,0.0,0.231905,0,0.0,0,342,4,8,0.8968,0.0261,GREEN,45,Bengaluru
CLM0031672,BEN_07043,Indiranagar,2025-07-27,12,0,0,0,0,0,0,0,0,0,0.0,0.2117,0,0.0,0,300,2,0,0.137,0.0815,GREEN,40,Bengaluru
CLM0031673,BEN_01885,Jayanagar,2023-11-04,17,0,0,0,0,0,0,0,0,0,1.0,0.09163,0,0.0,0,209,0,2,0.5675,0.0,GREEN,24,Bengaluru
CLM0031674,BEN_01472,Jayanagar,2023-05-19,18,0,1,1,0,0,0,0,0,0,0.0,0.216148,0,0.0,0,270,4,2,0.6809,0.0158,GREEN,27,Bengaluru
CLM0031675,BEN_06343,Whitefield,2025-08-06,21,0,0,0,0,0,0,0,0,0,0.0,0.232505,0,0.0,0,188,4,1,0.7245,0.0,GREEN,37,Bengaluru
CLM0031676,BEN_07470,Yelahanka,2024-02-08,16,0,0,0,0,0,0,0,1,0,0.0,0.205963,0,0.0,0,280,2,0,0.2056,0.1319,GREEN,41,Bengaluru
CLM0031677,BEN_00199,Electronic City,2023-08-22,16,0,0,0,0,1,0,0,0,0,0.0,1.0,0,0.0,0,325,4,2,0.762,0.0898,GREEN,45,Bengaluru
CLM0031678,BEN_05026,Whitefield,2023-11-02,8,0,0,0,0,0,0,0,0,0,1.0,0.317278,0,0.0,0,8,3,1,0.7292,0.1266,GREEN,46,Bengaluru
CLM0031679,BEN_05970,Marathahalli,2025-10-19,10,0,0,0,0,0,1,0,0,0,0.0,0.433193,0,0.0,0,210,1,6,0.8772,0.0982,GREEN,38,Bengaluru
CLM0031680,BEN_01658,BTM Layout,2022-01-18,13,0,0,0,0,0,1,0,0,0,0.0,0.135443,0,0.0,0,213,2,1,0.8386,0.1025,GREEN,30,Bengaluru
CLM0031681,BEN_08170,Indiranagar,2024-10-28,13,0,0,0,0,0,0,0,0,0,1.0,0.117853,0,0.0,0,411,4,4,0.7966,0.1285,GREEN,41,Bengaluru
CLM0031682,BEN_03923,BTM Layout,2025-02-04,18,0,0,0,0,0,0,0,0,0,0.0,0.109285,0,0.0,0,238,4,0,0.7749,0.0237,GREEN,43,Bengaluru
CLM0031683,BEN_09138,Marathahalli,2023-02-27,9,0,0,0,0,0,0,0,0,0,0.0,0.923169,0,0.0,0,173,4,2,0.7998,0.0538,GREEN,49,Bengaluru
CLM0031684,BEN_00776,BTM Layout,2024-04-14,16,0,0,0,0,0,0,0,0,0,1.0,0.049415,1,0.0,0,420,3,1,0.6255,0.0765,GREEN,35,Bengaluru
CLM0031685,BEN_03462,Indiranagar,2022-11-30,19,0,0,0,0,0,0,1,0,0,0.0,0.174058,0,0.0,1,50,3,3,0.7818,0.2235,GREEN,70,Bengaluru
CLM0031686,BEN_09160,Marathahalli,2023-05-10,9,0,0,0,0,0,0,0,1,0,0.0,1.0,0,0.0,0,86,0,0,0.2105,0.0145,GREEN,49,Bengaluru
CLM0031687,BEN_04163,Jayanagar,2023-03-16,15,0,0,0,0,0,0,0,0,0,1.0,0.330252,0,0.0,0,387,0,2,0.7916,0.1059,GREEN,33,Bengaluru
CLM0031688,BEN_02070,Yelahanka,2020-08-03,21,0,0,0,0,0,0,0,0,0,0.0,0.127549,0,0.0,0,420,2,2,0.98,0.0916,GREEN,37,Bengaluru
CLM0031689,BEN_06077,Koramangala,2022-05-06,20,0,0,0,0,0,1,0,0,0,0.0,0.246054,0,0.0,0,110,3,2,0.1545,0.0904,GREEN,54,Bengaluru
CLM0031690,BEN_09188,Koramangala,2024-12-06,14,0,0,0,0,0,0,0,0,0,0.0,0.023857,0,0.0,0,420,0,6,0.8736,0.0168,GREEN,18,Bengaluru
CLM0031691,BEN_03667,Marathahalli,2021-04-01,12,0,0,0,0,0,0,0,0,0,0.0,0.186573,0,0.0,0,234,4,0,0.05,0.0266,GREEN,59,Bengaluru
CLM0031692,BEN_09421,Marathahalli,2019-12-22,19,0,0,0,0,0,0,0,0,0,1.0,0.104402,0,0.0,0,221,3,1,0.5814,0.0472,GREEN,57,Bengaluru
CLM0031693,BEN_01085,Jayanagar,2022-01-19,16,0,0,0,0,0,0,0,0,0,0.0,0.150273,0,0.0,0,245,4,0,0.8159,0.0,GREEN,30,Bengaluru
CLM0031694,BEN_07946,Electronic City,2021-08-02,10,0,0,0,0,0,0,0,0,1,0.0,0.178871,0,0.0,0,102,1,0,0.7775,0.0418,GREEN,26,Bengaluru
CLM0031695,BEN_00143,Jayanagar,2020-05-01,12,0,0,0,0,0,0,0,0,0,0.0,0.420811,0,0.0,0,382,2,2,0.6696,0.0,GREEN,36,Bengaluru
CLM0031696,BEN_09488,Marathahalli,2019-05-11,17,0,0,0,0,0,0,0,0,0,0.0,0.194739,0,0.0,0,420,1,6,0.7864,0.07,GREEN,26,Bengaluru
CLM0031697,BEN_07532,Marathahalli,2023-05-23,9,0,0,0,1,0,0,0,0,0,0.0,0.298678,0,0.0,1,400,0,0,0.6635,0.1862,GREEN,47,Bengaluru
CLM0031698,BEN_06612,HSR Layout,2021-11-19,19,0,0,0,0,0,1,0,0,0,0.0,0.0,0,0.0,0,255,0,5,0.5668,0.0515,GREEN,43,Bengaluru
CLM0031699,BEN_02951,Indiranagar,2024-04-15,13,0,0,0,0,0,0,0,0,1,0.0,0.121174,0,0.0,0,420,4,0,0.98,0.0868,GREEN,28,Bengaluru
CLM0031700,BEN_08771,Yelahanka,2019-03-19,16,0,0,0,0,0,0,0,0,1,0.0,0.261333,0,0.0,0,294,1,4,0.7885,0.1654,GREEN,49,Bengaluru
CLM0031701,BEN_04041,Whitefield,2019-08-25,17,0,0,0,0,0,1,0,0,0,0.0,0.304421,0,1.0,0,299,1,4,0.7452,0.0769,GREEN,30,Bengaluru
CLM0031702,BEN_06694,Electronic City,2022-07-12,16,0,0,0,0,0,0,0,0,0,0.0,0.114646,0,0.0,0,406,3,4,0.7807,0.113,GREEN,48,Bengaluru
CLM0031703,BEN_02902,Jayanagar,2020-11-18,16,0,0,0,0,0,0,1,0,0,0.0,0.033039,0,0.0,0,139,4,2,0.8127,0.088,GREEN,36,Bengaluru
CLM0031704,BEN_01944,Koramangala,2025-05-23,11,0,0,0,1,1,0,1,1,1,1.0,1.0,1,1.0,1,5,0,18,0.4763,0.0,GREEN,46,Bengaluru
CLM0031705,BEN_02601,Whitefield,2021-01-18,13,0,1,1,0,0,0,0,0,0,0.0,0.27983,0,0.0,0,68,1,0,0.2224,0.0,GREEN,44,Bengaluru
CLM0031706,BEN_05985,Indiranagar,2020-04-13,12,0,0,0,0,0,0,0,0,0,0.0,0.063897,1,0.0,0,262,0,3,0.0715,0.0,GREEN,53,Bengaluru
CLM0031707,BEN_08401,Indiranagar,2021-12-01,12,0,0,0,0,0,0,0,0,0,0.0,0.349299,0,0.0,0,166,3,6,0.5678,0.0,GREEN,27,Bengaluru
CLM0031708,BEN_06671,Koramangala,2023-03-22,13,0,0,0,0,0,0,0,0,0,0.0,0.145345,0,1.0,0,420,2,1,0.5241,0.058,GREEN,41,Bengaluru
CLM0031709,BEN_03301,Rajajinagar,2023-03-14,15,0,0,0,0,1,0,0,0,0,0.0,0.354182,0,0.0,0,338,3,1,0.5633,0.1352,GREEN,58,Bengaluru
CLM0031710,BEN_02776,Indiranagar,2019-12-14,10,0,0,0,0,0,1,0,0,0,0.0,0.02367,0,0.0,0,186,0,5,0.8177,0.1292,GREEN,38,Bengaluru
CLM0031711,BEN_07151,Electronic City,2020-10-15,11,0,0,0,0,0,0,0,0,0,0.0,1.0,0,0.0,1,79,2,3,0.8802,0.0104,GREEN,46,Bengaluru
CLM0031712,BEN_06779,HSR Layout,2025-01-07,8,0,0,0,0,0,0,0,0,0,1.0,0.174682,0,0.0,0,404,3,2,0.6327,0.1026,GREEN,27,Bengaluru
CLM0031713,BEN_04413,Yelahanka,2021-08-16,19,0,0,0,0,0,1,0,0,0,0.0,0.36772,0,0.0,0,162,0,2,0.8097,0.0842,GREEN,44,Bengaluru
CLM0031714,BEN_08612,Indiranagar,2024-03-29,14,0,0,0,0,0,1,0,0,0,0.0,0.348164,0,0.0,0,78,3,0,0.8293,0.1598,GREEN,25,Bengaluru
CLM0031715,BEN_01404,HSR Layout,2025-12-15,18,0,0,0,0,0,0,0,0,0,1.0,1.0,0,1.0,0,72,0,2,0.5953,0.0359,GREEN,53,Bengaluru
CLM0031716,BEN_03310,Rajajinagar,2021-12-19,15,0,1,1,0,0,0,0,0,0,0.0,0.273221,0,0.0,0,220,1,4,0.7334,0.0,GREEN,34,Bengaluru
CLM0031717,BEN_03469,HSR Layout,2022-10-31,13,0,1,1,0,0,0,0,0,0,0.0,0.314188,0,0.0,0,270,4,0,0.9432,0.031,GREEN,30,Bengaluru
CLM0031718,BEN_07050,BTM Layout,2025-05-30,18,0,0,0,0,0,0,1,0,0,0.0,0.145414,0,0.0,0,178,4,0,0.6479,0.0088,GREEN,35,Bengaluru
CLM0031719,BEN_05539,Indiranagar,2020-01-17,16,0,0,0,0,0,0,1,0,0,0.0,0.056578,0,0.0,1,313,0,5,0.05,0.1661,GREEN,46,Bengaluru
CLM0031720,BEN_05559,Electronic City,2022-01-25,16,0,0,0,0,0,1,0,0,0,0.0,0.011465,0,0.0,0,233,4,2,0.527,0.086,GREEN,31,Bengaluru
CLM0031721,BEN_09672,Indiranagar,2025-08-20,18,0,1,1,0,0,0,0,0,0,1.0,1.0,0,1.0,0,40,4,2,0.8045,0.0,GREEN,33,Bengaluru
CLM0031722,BEN_06983,Koramangala,2018-08-20,13,0,0,0,0,0,0,0,0,0,0.0,0.060167,0,0.0,0,67,0,0,0.5842,0.0001,GREEN,34,Bengaluru
CLM0031723,BEN_07976,Koramangala,2019-06-11,12,0,0,0,0,1,0,0,1,0,0.0,0.383414,0,0.0,0,197,2,0,0.6997,0.1996,GREEN,58,Bengaluru
CLM0031724,BEN_08460,HSR Layout,2024-10-09,21,0,0,0,0,0,0,1,0,0,0.0,0.272909,0,0.0,0,302,2,5,0.6921,0.085,GREEN,56,Bengaluru
CLM0031725,BEN_09556,Yelahanka,2022-12-23,11,0,0,0,0,0,0,0,0,0,0.0,0.419155,0,0.0,0,263,4,1,0.5378,0.0,GREEN,48,Bengaluru
CLM0031726,BEN_06377,BTM Layout,2024-06-07,14,0,0,0,0,0,0,0,0,1,0.0,0.214506,0,0.0,0,420,1,4,0.98,0.0992,GREEN,53,Bengaluru
CLM0031727,BEN_03714,Indiranagar,2024-03-12,14,0,0,0,0,0,0,0,1,0,1.0,0.232605,0,0.0,0,221,2,0,0.182,0.1803,GREEN,54,Bengaluru
CLM0031728,BEN_03402,Rajajinagar,2023-05-12,12,0,0,0,1,0,0,1,0,0,1.0,0.265507,0,0.0,0,172,3,6,0.4856,0.3084,GREEN,51,Bengaluru
CLM0031729,BEN_09907,Koramangala,2020-12-10,9,0,0,0,0,0,0,0,0,0,0.0,1.0,0,0.0,0,187,4,8,0.9685,0.0246,GREEN,32,Bengaluru
CLM0031730,BEN_04745,Indiranagar,2021-01-27,13,0,0,0,0,0,0,0,0,0,0.0,0.341678,0,0.0,0,88,1,5,0.1728,0.0,GREEN,38,Bengaluru
CLM0031731,BEN_03064,Rajajinagar,2020-05-02,15,0,0,0,0,0,0,0,0,0,1.0,1.0,0,1.0,0,420,4,6,0.2229,0.1199,GREEN,25,Bengaluru
CLM0031732,BEN_03061,Marathahalli,2024-08-05,16,0,1,1,0,0,0,0,0,0,1.0,0.012483,0,0.0,0,85,0,6,0.1077,0.1804,GREEN,45,Bengaluru
CLM0031733,BEN_04420,Marathahalli,2024-10-29,15,0,0,0,0,0,0,0,0,0,0.0,0.40532,0,0.0,0,276,4,8,0.3357,0.0,GREEN,41,Bengaluru
CLM0031734,BEN_07065,BTM Layout,2025-08-26,18,0,0,0,0,0,0,0,0,0,0.0,0.337602,0,0.0,0,420,2,6,0.9216,0.0,GREEN,54,Bengaluru
CLM0031735,BEN_01624,Yelahanka,2015-07-26,11,0,0,0,0,0,0,0,0,0,0.0,0.416343,0,0.0,0,59,1,5,0.7156,0.0,GREEN,58,Bengaluru
CLM0031736,BEN_05239,BTM Layout,2024-02-20,19,0,0,0,0,0,0,0,1,0,1.0,0.38309,0,0.0,0,169,4,6,0.05,0.2682,GREEN,35,Bengaluru
CLM0031737,BEN_09785,Indiranagar,2017-06-24,18,0,0,0,0,0,1,0,0,0,0.0,0.290094,0,1.0,0,257,2,1,0.777,0.1404,GREEN,42,Bengaluru
CLM0031738,BEN_01972,Yelahanka,2023-09-15,14,0,0,0,0,0,1,0,0,0,0.0,0.181851,0,0.0,0,420,4,2,0.8287,0.0958,GREEN,36,Bengaluru
CLM0031739,BEN_09161,Jayanagar,2023-07-23,14,0,0,0,0,0,0,0,0,0,0.0,0.424604,0,1.0,0,420,2,3,0.585,0.0679,GREEN,34,Bengaluru
CLM0031740,BEN_04036,BTM Layout,2021-04-20,16,0,0,0,0,0,0,0,0,0,1.0,0.229304,0,0.0,0,420,1,1,0.9013,0.0361,GREEN,58,Bengaluru
CLM0031741,BEN_05027,HSR Layout,2023-05-20,18,0,0,0,0,0,0,1,0,0,0.0,0.183117,0,0.0,0,420,3,3,0.8183,0.0909,GREEN,49,Bengaluru
CLM0031742,BEN_06429,Koramangala,2020-01-03,14,0,0,0,0,0,1,0,0,0,1.0,1.0,0,0.0,0,50,2,5,0.2204,0.2095,GREEN,54,Bengaluru
CLM0031743,BEN_00709,HSR Layout,2024-12-01,20,0,1,1,1,1,1,1,1,1,0.0,0.105689,1,0.0,0,17,0,18,0.8588,0.8799,RED,51,Bengaluru
CLM0031744,BEN_09901,Rajajinagar,2025-07-06,8,0,1,1,0,0,0,0,0,0,0.0,0.390177,0,0.0,0,420,0,5,0.7596,0.5254,YELLOW,22,Bengaluru
CLM0031745,BEN_08289,HSR Layout,2025-01-26,10,0,0,0,0,0,0,0,0,0,0.0,0.0,0,0.0,0,181,2,0,0.9381,0.0,GREEN,47,Bengaluru
CLM0031746,BEN_05890,HSR Layout,2023-07-05,17,0,0,0,0,0,0,0,1,0,0.0,0.117942,0,0.0,0,237,4,5,0.652,0.0787,GREEN,35,Bengaluru
CLM0031747,BEN_08536,BTM Layout,2022-04-14,9,0,0,0,0,0,0,0,0,0,0.0,0.343731,0,0.0,0,73,4,3,0.6948,0.0503,GREEN,41,Bengaluru
CLM0031748,BEN_02274,Electronic City,2025-08-27,19,0,1,1,0,0,1,0,0,0,0.0,0.428855,0,0.0,0,358,2,3,0.7185,0.1621,GREEN,48,Bengaluru
CLM0031749,BEN_01757,Koramangala,2020-02-18,9,0,0,0,0,0,0,0,0,0,0.0,0.131659,0,0.0,0,420,1,0,0.6115,0.0,GREEN,38,Bengaluru
CLM0031750,BEN_00831,Indiranagar,2025-04-19,9,0,0,0,0,0,1,0,0,0,0.0,0.112588,0,0.0,0,90,4,0,0.7675,0.0049,GREEN,53,Bengaluru
CLM0031751,BEN_08061,Yelahanka,2025-07-25,19,0,1,1,0,0,0,0,0,0,0.0,1.0,0,0.0,0,67,4,4,0.1693,0.0322,GREEN,30,Bengaluru
CLM0031752,BEN_08578,Marathahalli,2020-10-07,13,0,0,0,0,0,0,0,0,0,0.0,1.0,0,0.0,0,68,3,0,0.6879,0.0554,GREEN,61,Bengaluru
CLM0031753,BEN_02323,Jayanagar,2018-02-15,9,0,1,1,0,0,0,0,0,0,0.0,0.238328,0,0.0,0,383,2,4,0.4719,0.0,GREEN,39,Bengaluru
CLM0031754,BEN_08721,BTM Layout,2021-08-03,13,0,0,0,0,1,1,0,0,0,0.0,0.089385,0,0.0,0,367,2,3,0.4684,0.3175,YELLOW,45,Bengaluru
CLM0031755,BEN_09903,Rajajinagar,2016-07-15,10,0,0,0,1,0,0,0,0,0,0.0,0.169588,0,0.0,0,139,1,2,0.1615,0.139,GREEN,37,Bengaluru
CLM0031756,BEN_02024,Rajajinagar,2018-06-06,15,0,0,0,0,0,0,0,0,0,0.0,0.247685,0,0.0,0,287,3,1,0.9339,0.0785,GREEN,44,Bengaluru
CLM0031757,BEN_05840,Whitefield,2025-06-05,10,0,0,0,0,0,0,0,1,0,0.0,0.268699,0,0.0,0,420,2,3,0.8538,0.0813,GREEN,54,Bengaluru
CLM0031758,BEN_05981,Jayanagar,2023-04-10,9,0,1,1,0,0,0,0,0,0,0.0,0.350443,0,0.0,0,202,0,0,0.8787,0.073,GREEN,38,Bengaluru
CLM0031759,BEN_06504,Electronic City,2025-01-25,12,0,0,0,0,1,0,0,0,0,0.0,0.327288,0,0.0,0,43,4,0,0.98,0.2424,GREEN,41,Bengaluru
CLM0031760,BEN_03412,Yelahanka,2022-07-16,9,0,0,0,0,0,0,0,0,0,0.0,0.066652,0,0.0,0,219,3,2,0.9646,0.0199,GREEN,41,Bengaluru
CLM0031761,BEN_06781,Whitefield,2022-12-04,17,0,0,0,0,1,0,0,1,0,0.0,0.0,0,1.0,0,357,4,5,0.7785,0.1587,GREEN,45,Bengaluru
CLM0031762,BEN_06488,Rajajinagar,2025-04-09,8,0,0,0,0,0,0,1,0,0,0.0,0.104535,0,0.0,0,210,0,2,0.8604,0.1413,GREEN,46,Bengaluru
CLM0031763,BEN_07642,Whitefield,2024-09-19,11,0,0,0,0,0,0,1,0,0,0.0,0.102851,0,0.0,0,363,2,0,0.9232,0.181,GREEN,39,Bengaluru
CLM0031764,BEN_01702,Koramangala,2025-08-07,12,0,0,0,0,0,0,0,0,0,0.0,0.246377,0,0.0,0,77,1,4,0.7705,0.0,GREEN,53,Bengaluru
CLM0031765,BEN_01908,Electronic City,2024-02-11,11,0,0,0,0,1,1,0,1,0,0.0,0.992791,0,0.0,0,52,1,3,0.6942,0.3208,YELLOW,28,Bengaluru
CLM0031766,BEN_05863,Electronic City,2022-01-09,8,0,1,1,0,1,0,1,0,1,1.0,0.09106,1,0.0,1,31,2,18,0.2938,0.5118,YELLOW,46,Bengaluru
CLM0031767,BEN_06302,Rajajinagar,2025-02-20,13,0,1,1,0,0,0,0,0,0,1.0,1.0,0,1.0,0,420,1,2,0.8452,0.8605,RED,58,Bengaluru
CLM0031768,BEN_04702,HSR Layout,2022-04-15,20,0,1,1,1,0,0,1,0,1,1.0,1.0,1,1.0,1,12,1,18,0.226,0.4752,YELLOW,45,Bengaluru
CLM0031769,BEN_04426,HSR Layout,2025-04-14,8,0,1,1,0,1,1,1,1,0,0.0,0.0,1,0.0,0,5,2,18,0.98,0.5983,YELLOW,35,Bengaluru
CLM0031770,BEN_04972,Marathahalli,2025-09-30,21,0,1,1,1,0,1,1,1,1,0.0,0.111632,1,0.0,0,31,2,18,0.98,0.7633,RED,59,Bengaluru
CLM0031771,BEN_09936,Koramangala,2025-11-14,10,0,1,1,0,0,1,1,0,1,0.0,0.144109,1,0.0,1,5,1,10,0.681,0.5851,YELLOW,32,Bengaluru
CLM0031772,BEN_07490,Indiranagar,2018-07-14,12,0,0,0,0,0,0,0,0,0,0.0,0.030253,0,0.0,0,68,2,1,0.8929,0.0,GREEN,31,Bengaluru
CLM0031773,BEN_02731,Yelahanka,2019-04-22,20,0,0,0,0,0,0,1,0,0,0.0,0.387863,0,0.0,0,125,3,0,0.5376,0.0,GREEN,33,Bengaluru
CLM0031774,BEN_02152,HSR Layout,2023-06-22,17,0,0,0,1,0,1,1,1,1,1.0,0.968263,1,0.0,0,5,2,18,0.2446,0.208,GREEN,36,Bengaluru
CLM0031775,BEN_05785,Electronic City,2021-11-30,12,0,0,0,0,0,0,0,0,0,1.0,0.36829,0,0.0,0,301,3,3,0.9247,0.125,GREEN,41,Bengaluru
CLM0031776,BEN_01804,Electronic City,2021-08-20,13,0,0,0,0,0,0,0,0,0,0.0,0.080928,0,0.0,0,289,4,3,0.5852,0.0006,GREEN,35,Bengaluru
CLM0031777,BEN_06906,Yelahanka,2024-07-20,19,0,0,0,1,1,0,1,1,0,0.0,0.156991,0,0.0,1,26,1,18,0.8696,0.0877,GREEN,52,Bengaluru
CLM0031778,BEN_04673,HSR Layout,2022-01-27,10,0,0,0,0,0,0,0,0,0,0.0,0.0,0,0.0,0,420,1,1,0.5314,0.0004,GREEN,48,Bengaluru
CLM0031779,BEN_09652,Rajajinagar,2023-03-27,19,0,0,0,0,0,0,0,0,0,0.0,0.04859,0,0.0,0,409,2,0,0.8634,0.0,GREEN,58,Bengaluru
CLM0031780,BEN_05095,Electronic City,2023-08-13,11,0,0,0,0,0,1,0,0,0,0.0,0.143188,0,0.0,0,307,0,4,0.9188,0.1857,GREEN,38,Bengaluru
CLM0031781,BEN_04758,Whitefield,2023-12-28,9,0,0,0,0,0,0,0,0,0,0.0,0.236945,0,0.0,0,40,1,0,0.2139,0.0484,GREEN,49,Bengaluru
CLM0031782,BEN_08995,Marathahalli,2023-01-04,7,0,0,0,0,0,0,0,0,0,1.0,0.476406,0,0.0,0,256,3,3,0.0758,0.0,GREEN,70,Bengaluru
CLM0031783,BEN_09554,Indiranagar,2023-08-18,13,0,0,0,0,0,0,0,1,0,0.0,0.016077,0,0.0,0,177,3,2,0.4307,0.0507,GREEN,46,Bengaluru
CLM0031784,BEN_09567,Indiranagar,2024-07-25,10,0,0,0,0,0,0,1,0,0,0.0,0.047108,0,0.0,0,80,4,0,0.8938,0.1165,GREEN,55,Bengaluru
CLM0031785,BEN_04511,Electronic City,2023-10-24,21,0,0,0,0,0,0,0,0,1,0.0,0.913131,0,0.0,0,417,1,2,0.9132,0.2614,GREEN,37,Bengaluru
CLM0031786,BEN_07384,Indiranagar,2023-07-28,14,0,0,0,0,0,1,1,1,1,0.0,0.071053,0,0.0,0,5,3,18,0.98,0.0,GREEN,58,Bengaluru
CLM0031787,BEN_09638,Koramangala,2023-01-21,8,0,0,0,0,0,0,0,0,0,0.0,0.96183,0,0.0,0,115,2,0,0.98,0.0,GREEN,36,Bengaluru
CLM0031788,BEN_07647,HSR Layout,2024-07-29,12,0,0,0,0,0,0,0,0,0,0.0,1.0,0,0.0,0,280,4,2,0.98,0.0096,GREEN,48,Bengaluru
CLM0031789,BEN_01086,Indiranagar,2025-05-15,9,0,0,0,0,0,1,0,1,0,0.0,0.296611,0,0.0,0,160,2,2,0.6303,0.1553,GREEN,50,Bengaluru
CLM0031790,BEN_09324,Electronic City,2024-11-18,20,0,0,0,0,0,0,0,0,0,0.0,1.0,0,0.0,0,367,3,3,0.7296,0.0,GREEN,32,Bengaluru
CLM0031791,BEN_04896,Indiranagar,2024-03-25,14,0,0,0,0,0,0,0,1,0,0.0,0.244707,0,0.0,0,417,1,3,0.547,0.1026,GREEN,39,Bengaluru
CLM0031792,BEN_05750,Yelahanka,2023-05-12,20,0,0,0,0,0,0,0,0,0,1.0,1.0,0,1.0,0,221,1,5,0.5718,0.0,GREEN,63,Bengaluru
CLM0031793,BEN_08159,Jayanagar,2025-07-14,15,0,0,0,0,0,0,0,0,0,0.0,0.073456,0,0.0,0,366,4,5,0.8313,0.0,GREEN,54,Bengaluru
CLM0031794,BEN_01696,Electronic City,2024-10-07,11,0,0,0,0,0,0,0,0,0,0.0,0.001411,0,0.0,0,263,1,7,0.6455,0.0663,GREEN,31,Bengaluru
CLM0031795,BEN_09037,HSR Layout,2024-05-26,20,0,0,0,0,0,0,0,0,0,0.0,0.227657,0,0.0,0,152,4,2,0.0821,0.0,GREEN,33,Bengaluru
CLM0031796,BEN_00302,Rajajinagar,2025-01-16,14,0,0,0,0,0,0,0,0,0,0.0,0.216897,0,0.0,0,338,4,3,0.6414,0.0,GREEN,60,Bengaluru
CLM0031797,BEN_01951,Electronic City,2025-03-21,10,0,0,0,0,0,0,0,0,0,0.0,0.07375,0,0.0,0,342,4,0,0.2316,0.0,GREEN,27,Bengaluru
CLM0031798,BEN_06302,Rajajinagar,2025-08-30,8,0,0,0,0,0,0,0,1,0,0.0,0.392563,1,0.0,0,415,2,1,0.5285,0.1039,GREEN,58,Bengaluru
CLM0031799,BEN_01009,HSR Layout,2024-05-24,19,0,0,0,1,0,0,1,1,1,0.0,0.37142,0,0.0,1,5,4,18,0.3586,0.0611,GREEN,49,Bengaluru
CLM0031800,BEN_05859,Rajajinagar,2024-08-18,10,0,0,0,0,0,0,0,0,0,0.0,0.935838,0,0.0,0,87,2,0,0.8136,0.0168,GREEN,66,Bengaluru
CLM0031801,BEN_05505,HSR Layout,2024-09-10,9,0,0,0,0,1,0,0,0,0,1.0,0.991145,0,1.0,0,319,3,1,0.7518,0.1085,GREEN,44,Bengaluru
CLM0031802,BEN_05296,Koramangala,2025-09-25,13,0,0,0,0,0,0,0,1,0,1.0,0.103089,0,0.0,0,326,1,2,0.6501,0.2297,GREEN,41,Bengaluru
CLM0031803,BEN_06639,Rajajinagar,2024-11-25,21,0,0,0,0,0,0,0,0,0,0.0,0.014697,0,0.0,0,49,2,5,0.7299,0.0,GREEN,33,Bengaluru
CLM0031804,BEN_00384,Electronic City,2024-09-09,11,0,0,0,0,0,0,0,0,0,0.0,0.948441,0,0.0,0,412,2,3,0.4901,0.0527,GREEN,46,Bengaluru
CLM0031805,BEN_05540,Koramangala,2023-12-05,21,0,0,0,1,1,0,0,0,0,0.0,0.0,0,0.0,0,260,4,0,0.2258,0.329,YELLOW,45,Bengaluru
CLM0031806,BEN_02319,Indiranagar,2025-10-31,13,0,0,0,1,0,0,1,0,0,1.0,1.0,0,1.0,0,5,4,17,0.0679,0.0748,GREEN,52,Bengaluru
CLM0031807,BEN_09920,Marathahalli,2022-06-18,18,0,0,0,0,0,0,0,0,0,0.0,0.303201,0,0.0,1,173,2,0,0.9392,0.1215,GREEN,55,Bengaluru
CLM0031808,BEN_02316,Whitefield,2024-03-20,8,0,1,1,1,1,1,1,1,1,1.0,1.0,0,1.0,1,5,3,18,0.7961,0.0,GREEN,32,Bengaluru
CLM0031809,BEN_04024,BTM Layout,2025-09-04,17,0,0,0,0,0,0,1,1,1,1.0,0.379842,0,0.0,0,296,2,0,0.5105,0.3262,YELLOW,61,Bengaluru
CLM0031810,BEN_01774,Rajajinagar,2022-05-01,20,0,0,0,0,0,0,0,0,0,0.0,0.266211,0,0.0,0,400,4,2,0.98,0.0,GREEN,65,Bengaluru
CLM0031811,BEN_08581,HSR Layout,2021-03-29,14,0,0,0,0,0,0,0,0,0,0.0,0.220304,0,0.0,0,420,2,3,0.6636,0.029,GREEN,41,Bengaluru
CLM0031812,BEN_00508,Jayanagar,2024-07-05,15,0,0,0,0,0,0,0,0,0,0.0,0.286425,0,0.0,0,419,1,5,0.8011,0.0,GREEN,23,Bengaluru
CLM0031813,BEN_04368,Whitefield,2022-11-30,18,0,0,0,0,0,0,0,0,0,0.0,0.0,0,0.0,0,420,1,4,0.672,0.0,GREEN,37,Bengaluru
CLM0031814,BEN_06024,Rajajinagar,2021-05-02,7,0,0,0,0,0,0,0,0,0,0.0,0.135963,0,0.0,0,186,0,2,0.1838,0.0,GREEN,48,Bengaluru
CLM0031815,BEN_08505,BTM Layout,2022-09-16,12,0,0,0,0,1,0,1,1,0,0.0,1.0,0,0.0,0,367,3,2,0.7636,0.2642,GREEN,47,Bengaluru
CLM0031816,BEN_06242,Whitefield,2021-04-28,10,0,0,0,0,0,0,0,0,0,0.0,0.069112,0,0.0,0,133,3,4,0.8993,0.1166,GREEN,28,Bengaluru
CLM0031817,BEN_01811,Koramangala,2021-05-17,16,0,0,0,0,0,0,0,0,0,0.0,0.115938,0,0.0,0,319,4,3,0.6909,0.0692,GREEN,55,Bengaluru
CLM0031818,BEN_03570,Yelahanka,2023-02-22,7,0,0,0,0,0,0,0,0,0,0.0,0.105052,0,0.0,0,310,2,0,0.7951,0.0886,GREEN,31,Bengaluru
CLM0031819,BEN_04759,Whitefield,2020-05-04,8,0,0,0,0,0,0,0,0,0,0.0,0.018839,0,0.0,0,388,4,0,0.5762,0.0043,GREEN,47,Bengaluru
CLM0031820,BEN_02676,Marathahalli,2018-03-13,14,0,0,0,0,0,0,1,0,1,0.0,0.243515,0,0.0,0,145,4,4,0.4951,0.2153,GREEN,37,Bengaluru
CLM0031821,BEN_05376,Rajajinagar,2022-08-13,13,0,0,0,0,0,0,1,0,0,0.0,0.347937,0,0.0,0,287,3,0,0.3821,0.0523,GREEN,46,Bengaluru
CLM0031822,BEN_06490,HSR Layout,2017-01-07,16,0,0,0,0,0,0,1,0,0,0.0,0.206309,1,0.0,0,316,4,0,0.7282,0.1197,GREEN,48,Bengaluru
CLM0031823,BEN_00344,Whitefield,2024-09-11,10,0,0,0,0,0,0,0,1,0,0.0,0.313821,0,0.0,0,169,1,2,0.8096,0.1178,GREEN,45,Bengaluru
CLM0031824,BEN_04075,Rajajinagar,2025-09-07,15,0,0,0,0,0,0,0,0,0,0.0,0.145627,0,0.0,0,179,0,3,0.7141,0.0201,GREEN,40,Bengaluru
CLM0031825,BEN_05142,Koramangala,2025-11-02,14,0,0,0,0,0,0,0,1,0,0.0,0.115922,0,0.0,0,420,4,3,0.9292,0.089,GREEN,37,Bengaluru
CLM0031826,BEN_04649,BTM Layout,2024-10-27,12,0,0,0,0,0,0,0,0,0,0.0,0.115756,0,0.0,0,50,0,4,0.5412,0.0,GREEN,40,Bengaluru
CLM0031827,BEN_05394,Yelahanka,2024-11-08,7,0,0,0,0,0,0,0,0,0,0.0,0.317732,1,0.0,0,308,3,0,0.9561,0.0588,GREEN,35,Bengaluru
CLM0031828,BEN_03829,Whitefield,2025-02-23,16,0,0,0,0,0,0,0,0,1,0.0,1.0,0,0.0,0,165,3,0,0.8044,0.1355,GREEN,47,Bengaluru
CLM0031829,BEN_03921,Jayanagar,2024-12-30,8,0,0,0,0,0,0,0,0,0,0.0,0.315712,0,0.0,1,260,4,0,0.9383,0.0422,GREEN,29,Bengaluru
CLM0031830,BEN_02305,HSR Layout,2025-12-16,17,0,0,0,0,0,0,0,0,0,0.0,0.103206,0,0.0,0,420,3,1,0.7786,0.0,GREEN,39,Bengaluru
CLM0031831,BEN_08039,Electronic City,2024-10-14,12,0,0,0,0,0,1,0,0,0,0.0,0.112482,0,0.0,0,342,1,1,0.05,0.118,GREEN,51,Bengaluru
CLM0031832,BEN_01896,BTM Layout,2025-07-23,16,0,0,0,0,0,0,0,0,0,0.0,0.270335,0,0.0,0,420,4,0,0.98,0.0,GREEN,54,Bengaluru
CLM0031833,BEN_04913,Marathahalli,2024-12-11,14,0,0,0,0,0,0,1,0,0,0.0,0.037439,0,0.0,0,387,0,1,0.7133,0.035,GREEN,53,Bengaluru
CLM0031834,BEN_08064,BTM Layout,2025-05-27,11,0,0,0,0,0,0,0,1,0,0.0,0.34318,0,1.0,0,149,1,0,0.9359,0.0173,GREEN,47,Bengaluru
CLM0031835,BEN_06996,Marathahalli,2021-12-12,8,0,0,0,0,0,1,0,0,0,1.0,0.257286,0,0.0,0,192,4,3,0.8135,0.2049,GREEN,58,Bengaluru
CLM0031836,BEN_01137,HSR Layout,2023-03-10,13,0,0,0,0,0,1,0,0,0,0.0,0.265774,0,0.0,1,127,4,0,0.614,0.1632,GREEN,60,Bengaluru
CLM0031837,BEN_00673,Yelahanka,2025-12-19,9,0,0,0,0,1,0,0,0,0,0.0,0.149063,0,0.0,0,204,4,7,0.6582,0.0709,GREEN,52,Bengaluru
CLM0031838,BEN_02885,Indiranagar,2023-03-09,18,0,0,0,0,0,0,0,0,0,0.0,0.26017,0,0.0,0,420,4,6,0.8274,0.0276,GREEN,33,Bengaluru
CLM0031839,BEN_04878,Koramangala,2024-09-17,16,0,0,0,0,0,0,0,0,1,1.0,0.190131,0,0.0,0,38,3,0,0.05,0.1,GREEN,30,Bengaluru
CLM0031840,BEN_02341,HSR Layout,2025-05-07,12,0,0,0,0,0,0,0,1,0,0.0,0.298643,0,1.0,0,276,3,5,0.2474,0.0717,GREEN,55,Bengaluru
CLM0031841,BEN_07627,Whitefield,2024-05-04,15,0,0,0,0,0,0,0,0,0,0.0,0.094203,0,0.0,1,74,0,0,0.8732,0.0,GREEN,39,Bengaluru
CLM0031842,BEN_06860,Electronic City,2025-08-06,7,0,0,0,0,0,0,0,1,0,0.0,0.16513,0,0.0,1,153,0,6,0.9786,0.1336,GREEN,47,Bengaluru
CLM0031843,BEN_00469,Koramangala,2023-07-28,17,0,0,0,0,0,0,0,0,0,0.0,0.068343,0,1.0,0,420,3,2,0.6065,0.0,GREEN,47,Bengaluru
CLM0031844,BEN_00287,Indiranagar,2025-06-04,11,0,0,0,0,0,0,0,0,0,0.0,0.29538,0,0.0,1,332,0,3,0.5378,0.0171,GREEN,44,Bengaluru
CLM0031845,BEN_07883,Indiranagar,2022-12-26,13,0,0,0,0,0,0,0,0,0,0.0,0.046866,0,0.0,1,413,4,0,0.05,0.0152,GREEN,43,Bengaluru
CLM0031846,BEN_05956,Electronic City,2023-06-16,9,0,0,0,0,0,0,0,0,0,0.0,0.363472,0,0.0,0,319,4,3,0.1482,0.0,GREEN,47,Bengaluru
CLM0031847,BEN_00946,Electronic City,2025-06-02,19,0,0,0,0,0,0,1,1,0,0.0,0.102018,0,0.0,0,323,0,3,0.8593,0.1763,GREEN,49,Bengaluru
CLM0031848,BEN_04836,Electronic City,2025-07-02,21,0,0,0,0,0,0,0,1,1,0.0,0.163875,0,0.0,0,420,0,2,0.935,0.1912,GREEN,36,Bengaluru
CLM0031849,BEN_04163,Jayanagar,2023-11-27,16,0,0,0,1,0,0,0,0,0,0.0,1.0,0,0.0,0,285,4,1,0.6562,0.2141,GREEN,33,Bengaluru
CLM0031850,BEN_08011,Marathahalli,2024-08-23,21,0,0,0,0,0,0,0,0,0,0.0,1.0,0,0.0,0,82,4,0,0.1329,0.0,GREEN,38,Bengaluru
CLM0031851,BEN_07560,HSR Layout,2024-12-26,15,0,0,0,0,0,0,1,1,0,0.0,0.101985,0,0.0,0,269,0,0,0.108,0.098,GREEN,42,Bengaluru
CLM0031852,BEN_01342,HSR Layout,2024-08-19,8,0,0,0,1,0,0,0,0,0,0.0,0.314486,0,0.0,0,146,3,4,0.67,0.1119,GREEN,52,Bengaluru
CLM0031853,BEN_01236,Electronic City,2024-11-25,19,0,0,0,0,0,0,0,0,0,0.0,0.225862,0,0.0,0,420,3,0,0.569,0.0,GREEN,55,Bengaluru
CLM0031854,BEN_03095,BTM Layout,2024-09-21,9,0,0,0,0,0,1,0,0,0,0.0,0.196727,0,0.0,0,30,1,6,0.5059,0.0163,GREEN,58,Bengaluru
CLM0031855,BEN_01834,Whitefield,2023-04-08,7,0,0,0,0,0,0,0,0,0,1.0,0.122061,0,0.0,0,287,4,1,0.9026,0.0573,GREEN,35,Bengaluru
CLM0031856,BEN_00356,Indiranagar,2024-05-13,16,0,0,0,0,0,0,0,0,0,0.0,0.188195,0,0.0,0,298,4,3,0.7213,0.021,GREEN,41,Bengaluru
CLM0031857,BEN_09555,Electronic City,2025-07-25,16,0,0,0,0,0,0,0,0,0,0.0,0.329047,1,0.0,0,131,1,3,0.5481,0.0797,GREEN,42,Bengaluru
CLM0031858,BEN_05466,Yelahanka,2024-10-19,11,0,0,0,0,0,0,0,0,0,1.0,0.237081,0,0.0,0,101,4,3,0.1523,0.188,GREEN,36,Bengaluru
CLM0031859,BEN_02429,Rajajinagar,2024-10-29,13,0,0,0,0,0,0,0,0,0,0.0,0.206918,0,0.0,0,262,1,2,0.8873,0.0512,GREEN,39,Bengaluru
CLM0031860,BEN_03907,Koramangala,2021-03-09,15,0,0,0,0,0,0,0,0,0,0.0,0.293164,0,0.0,0,217,3,1,0.98,0.0109,GREEN,35,Bengaluru
CLM0031861,BEN_01095,Jayanagar,2025-08-30,11,0,1,1,0,1,0,0,0,0,0.0,0.227831,0,0.0,0,332,2,4,0.1291,0.0976,GREEN,57,Bengaluru
CLM0031862,BEN_08405,Yelahanka,2024-03-01,7,0,0,0,0,0,0,0,0,0,1.0,0.303759,0,0.0,0,220,3,0,0.648,0.0942,GREEN,39,Bengaluru
CLM0031863,BEN_03811,Marathahalli,2022-10-20,21,0,0,0,0,0,0,0,0,0,1.0,0.0,0,0.0,0,420,2,0,0.98,0.0464,GREEN,57,Bengaluru
CLM0031864,BEN_01957,Rajajinagar,2024-03-08,10,0,0,0,0,0,0,1,0,0,0.0,0.445881,0,0.0,1,329,1,0,0.6163,0.1293,GREEN,60,Bengaluru
CLM0031865,BEN_01336,Electronic City,2022-05-06,7,0,0,0,0,0,0,0,0,0,0.0,0.101779,0,0.0,0,420,3,8,0.9252,0.0,GREEN,51,Bengaluru
CLM0031866,BEN_07916,Whitefield,2024-02-17,16,0,0,0,0,0,0,0,0,0,0.0,0.111636,0,0.0,0,307,4,3,0.9023,0.058,GREEN,28,Bengaluru
CLM0031867,BEN_03599,Jayanagar,2023-02-22,8,0,0,0,0,0,0,0,0,0,0.0,0.975357,0,0.0,0,407,1,4,0.6527,0.0,GREEN,37,Bengaluru
CLM0031868,BEN_08151,Indiranagar,2025-11-01,17,0,0,0,1,0,0,0,0,0,1.0,0.188626,0,0.0,1,275,3,0,0.6468,0.3269,YELLOW,50,Bengaluru
CLM0031869,BEN_04831,Whitefield,2022-08-26,13,0,0,0,0,0,0,0,0,0,0.0,0.5103,0,0.0,0,304,0,7,0.6294,0.0,GREEN,42,Bengaluru
CLM0031870,BEN_04532,Rajajinagar,2022-01-05,8,0,0,0,0,0,0,0,0,0,0.0,0.348441,0,0.0,0,76,1,5,0.9731,0.0,GREEN,44,Bengaluru
CLM0031871,BEN_07690,BTM Layout,2017-09-17,14,0,0,0,0,0,0,0,0,0,0.0,1.0,0,0.0,0,420,4,5,0.8182,0.0242,GREEN,45,Bengaluru
CLM0031872,BEN_06535,Whitefield,2025-05-06,14,0,0,0,0,0,0,0,0,0,0.0,0.070347,0,0.0,0,143,1,6,0.6483,0.0,GREEN,55,Bengaluru
CLM0031873,BEN_05937,Electronic City,2025-07-11,10,0,0,0,0,0,0,0,0,0,0.0,0.274013,0,1.0,0,408,0,1,0.9197,0.1395,GREEN,53,Bengaluru
CLM0031874,BEN_06706,HSR Layout,2025-08-21,11,0,0,0,0,0,0,0,0,0,1.0,0.125885,0,0.0,0,245,0,2,0.7939,0.0201,GREEN,48,Bengaluru
CLM0031875,BEN_04118,Indiranagar,2025-12-05,17,0,0,0,0,0,0,1,1,0,0.0,0.252726,0,0.0,0,420,2,5,0.9178,0.2359,GREEN,47,Bengaluru
CLM0031876,BEN_08853,Yelahanka,2025-01-05,13,0,0,0,0,0,0,0,0,0,0.0,0.0,0,0.0,0,420,0,1,0.98,0.0,GREEN,43,Bengaluru
CLM0031877,BEN_05017,Koramangala,2025-12-15,21,0,0,0,0,0,0,0,1,0,0.0,0.10299,0,0.0,0,366,2,0,0.9719,0.0897,GREEN,49,Bengaluru
CLM0031878,BEN_00300,Jayanagar,2023-08-21,16,0,0,0,0,0,0,0,0,0,0.0,0.078258,0,0.0,0,420,3,3,0.9677,0.0,GREEN,40,Bengaluru
CLM0031879,BEN_06309,BTM Layout,2023-02-22,14,0,0,0,1,0,0,0,0,0,0.0,0.366609,0,0.0,0,238,2,0,0.05,0.1618,GREEN,18,Bengaluru
CLM0031880,BEN_08090,HSR Layout,2023-08-21,13,0,0,0,0,0,0,1,0,0,0.0,0.229193,0,0.0,0,399,3,5,0.6775,0.0043,GREEN,58,Bengaluru
CLM0031881,BEN_00043,Whitefield,2025-02-26,13,0,0,0,1,0,1,1,0,0,0.0,0.429018,1,0.0,0,5,3,18,0.4519,0.0,GREEN,48,Bengaluru
CLM0031882,BEN_09261,Koramangala,2025-07-31,17,0,0,0,0,0,0,0,0,0,0.0,0.076246,0,0.0,0,288,1,4,0.6563,0.0,GREEN,49,Bengaluru
CLM0031883,BEN_04022,Koramangala,2024-06-21,13,0,0,0,0,1,0,0,0,0,0.0,0.265043,0,0.0,0,297,4,3,0.98,0.0795,GREEN,57,Bengaluru
CLM0031884,BEN_02139,Rajajinagar,2023-08-14,16,0,0,0,0,0,0,0,0,0,0.0,0.196525,0,0.0,1,84,2,2,0.2596,0.1122,GREEN,19,Bengaluru
CLM0031885,BEN_09996,Marathahalli,2025-06-30,15,0,0,0,0,0,0,0,0,0,0.0,0.249319,0,0.0,0,358,2,2,0.642,0.0,GREEN,52,Bengaluru
CLM0031886,BEN_08761,BTM Layout,2024-02-20,21,0,0,0,0,0,1,0,1,0,0.0,0.235988,0,0.0,0,374,4,3,0.6462,0.2351,GREEN,42,Bengaluru
CLM0031887,BEN_07678,Indiranagar,2017-06-13,14,0,0,0,0,0,0,0,0,0,0.0,0.164859,0,0.0,0,68,1,1,0.9104,0.0525,GREEN,33,Bengaluru
CLM0031888,BEN_09620,Indiranagar,2020-04-29,8,0,0,0,0,0,0,1,0,0,0.0,0.033074,0,0.0,0,5,4,0,0.6367,0.0,GREEN,44,Bengaluru
CLM0031889,BEN_01029,Marathahalli,2020-12-27,7,0,0,0,0,0,0,0,0,0,0.0,0.005644,0,0.0,0,324,4,4,0.6973,0.056,GREEN,38,Bengaluru
CLM0031890,BEN_01630,Electronic City,2020-11-24,8,0,0,0,0,0,0,0,0,0,1.0,1.0,1,1.0,0,420,3,0,0.98,0.1313,GREEN,35,Bengaluru
CLM0031891,BEN_01744,BTM Layout,2022-06-05,15,0,0,0,0,0,0,0,0,0,1.0,0.107794,0,0.0,0,197,0,0,0.7837,0.0,GREEN,45,Bengaluru
CLM0031892,BEN_04764,Yelahanka,2024-02-13,20,0,0,0,0,0,0,0,0,0,0.0,0.45675,0,0.0,0,291,4,3,0.7606,0.1345,GREEN,49,Bengaluru
CLM0031893,BEN_07463,Koramangala,2021-09-18,8,0,0,0,0,0,0,0,0,0,0.0,0.055146,0,0.0,0,35,4,4,0.8196,0.0403,GREEN,45,Bengaluru
CLM0031894,BEN_03118,Rajajinagar,2022-11-26,20,0,0,0,0,0,0,1,0,0,0.0,0.0,0,0.0,0,267,3,2,0.2186,0.1243,GREEN,39,Bengaluru
CLM0031895,BEN_07914,Indiranagar,2025-06-20,9,0,0,0,0,0,0,0,0,0,0.0,0.343695,0,0.0,0,84,1,3,0.8798,0.0331,GREEN,55,Bengaluru
CLM0031896,BEN_03176,BTM Layout,2021-08-26,12,0,0,0,0,0,0,0,0,0,0.0,0.148837,0,0.0,0,84,3,5,0.8305,0.03,GREEN,40,Bengaluru
CLM0031897,BEN_09942,BTM Layout,2024-02-12,11,0,0,0,0,0,0,0,0,1,1.0,0.943728,0,1.0,0,315,2,0,0.1579,0.1197,GREEN,41,Bengaluru
CLM0031898,BEN_08148,BTM Layout,2019-01-18,7,0,0,0,1,0,1,1,0,1,1.0,0.969784,0,0.0,0,8,1,18,0.7724,0.0863,GREEN,51,Bengaluru
CLM0031899,BEN_03592,Koramangala,2018-10-15,8,0,0,0,0,0,0,0,0,1,0.0,0.203006,0,1.0,0,241,4,1,0.8462,0.1906,GREEN,47,Bengaluru
CLM0031900,BEN_09034,Rajajinagar,2025-05-25,18,0,0,0,0,0,0,0,0,0,0.0,0.209712,0,0.0,0,265,2,0,0.1752,0.045,GREEN,46,Bengaluru
CLM0031901,BEN_09208,Indiranagar,2022-11-14,15,0,0,0,0,0,0,0,0,0,0.0,0.176622,0,0.0,0,376,3,2,0.942,0.0,GREEN,54,Bengaluru
CLM0031902,BEN_01452,HSR Layout,2019-06-04,15,0,1,1,1,1,0,1,1,0,1.0,0.134344,1,1.0,1,7,3,18,0.7192,0.1827,GREEN,30,Bengaluru
CLM0031903,BEN_01679,Indiranagar,2024-05-31,8,0,1,1,0,0,0,0,0,0,1.0,0.030775,0,0.0,0,163,4,3,0.6574,0.0977,GREEN,70,Bengaluru
CLM0031904,BEN_01138,Marathahalli,2019-02-25,7,0,0,0,0,0,0,0,0,0,0.0,0.186586,0,0.0,0,420,3,4,0.7964,0.0,GREEN,42,Bengaluru
CLM0031905,BEN_03107,Koramangala,2024-12-01,17,0,0,0,0,0,0,0,0,0,0.0,0.027365,0,0.0,0,259,4,3,0.7041,0.069,GREEN,55,Bengaluru
CLM0031906,BEN_09048,HSR Layout,2024-09-12,18,0,0,0,0,0,0,0,0,0,0.0,0.307808,0,0.0,0,23,4,1,0.8624,0.0,GREEN,45,Bengaluru
CLM0031907,BEN_08235,Yelahanka,2023-08-26,14,0,0,0,0,0,0,0,0,0,0.0,0.213148,0,0.0,0,420,4,0,0.5665,0.1313,GREEN,42,Bengaluru
CLM0031908,BEN_01289,Marathahalli,2017-03-18,12,0,0,0,0,0,0,0,0,0,0.0,0.494501,0,0.0,0,420,2,2,0.05,0.0,GREEN,43,Bengaluru
CLM0031909,BEN_02377,Yelahanka,2018-03-28,16,0,0,0,0,0,0,0,0,0,0.0,0.129468,0,0.0,0,204,1,3,0.8034,0.0025,GREEN,42,Bengaluru
CLM0031910,BEN_08579,Marathahalli,2019-05-24,10,0,0,0,0,0,0,0,0,0,0.0,0.158555,0,0.0,0,163,0,3,0.1196,0.0333,GREEN,32,Bengaluru
CLM0031911,BEN_07052,BTM Layout,2019-04-08,16,0,0,0,0,0,0,0,0,0,1.0,0.152713,0,0.0,0,113,2,4,0.8845,0.0641,GREEN,50,Bengaluru
CLM0031912,BEN_01318,BTM Layout,2020-09-19,16,0,0,0,0,0,0,0,0,0,0.0,0.245094,0,0.0,0,127,4,3,0.8113,0.003,GREEN,41,Bengaluru
CLM0031913,BEN_08852,Koramangala,2024-11-16,15,0,0,0,1,0,0,0,0,0,0.0,0.320038,0,0.0,0,110,1,4,0.6257,0.1693,GREEN,55,Bengaluru
CLM0031914,BEN_09775,Whitefield,2023-02-23,21,0,0,0,0,0,0,0,0,0,0.0,0.204627,0,0.0,1,161,1,0,0.5373,0.0131,GREEN,54,Bengaluru
CLM0031915,BEN_08393,Marathahalli,2020-03-27,17,0,0,0,0,0,0,0,0,0,0.0,0.200407,0,0.0,0,420,3,1,0.5355,0.0338,GREEN,59,Bengaluru
CLM0031916,BEN_01147,HSR Layout,2020-09-13,11,0,0,0,0,0,0,0,0,0,0.0,0.301973,0,0.0,0,346,1,3,0.2489,0.0,GREEN,45,Bengaluru
CLM0031917,BEN_01698,Electronic City,2020-11-22,15,0,0,0,1,0,0,0,0,0,0.0,0.050863,0,0.0,0,44,1,7,0.7414,0.1479,GREEN,22,Bengaluru
CLM0031918,BEN_05115,Indiranagar,2018-10-16,9,0,0,0,0,0,0,0,0,0,1.0,0.146731,0,0.0,0,318,1,3,0.98,0.158,GREEN,50,Bengaluru
CLM0031919,BEN_07676,Jayanagar,2021-12-14,20,1,0,0,0,0,0,0,0,0,0.0,0.315487,0,0.0,0,420,2,0,0.5856,0.0105,GREEN,51,Bengaluru
CLM0031920,BEN_05886,Yelahanka,2022-03-22,18,0,0,0,0,0,0,0,0,0,0.0,0.157173,0,0.0,0,5,4,6,0.0978,0.0338,GREEN,52,Bengaluru
CLM0031921,BEN_04888,BTM Layout,2025-07-17,16,0,0,0,0,0,0,0,0,0,1.0,0.292211,0,0.0,0,384,4,0,0.7661,0.0525,GREEN,30,Bengaluru
CLM0031922,BEN_01954,Koramangala,2023-11-18,19,0,0,0,0,0,1,0,0,0,1.0,0.9295,0,1.0,0,399,4,1,0.05,0.0523,GREEN,47,Bengaluru
CLM0031923,BEN_03579,Rajajinagar,2025-03-26,8,0,0,0,0,0,0,0,0,0,0.0,0.030949,0,0.0,1,319,2,0,0.6602,0.1267,GREEN,59,Bengaluru
CLM0031924,BEN_09512,HSR Layout,2025-10-14,8,0,0,0,0,0,1,1,0,0,0.0,0.090869,0,0.0,0,228,2,2,0.202,0.1643,GREEN,52,Bengaluru
CLM0031925,BEN_01521,Whitefield,2023-09-04,19,0,0,0,0,0,0,0,0,0,1.0,0.222373,1,0.0,0,420,4,2,0.6903,0.1487,GREEN,49,Bengaluru
CLM0031926,BEN_02910,Whitefield,2022-08-04,16,0,0,0,0,0,0,0,0,0,0.0,0.237758,0,0.0,0,182,1,0,0.596,0.0,GREEN,53,Bengaluru
CLM0031927,BEN_03507,Jayanagar,2023-12-11,20,1,0,0,0,0,0,1,0,0,0.0,0.368109,0,0.0,0,96,2,0,0.318,0.1852,GREEN,24,Bengaluru
CLM0031928,BEN_01562,Electronic City,2022-03-16,14,0,0,0,0,0,0,0,0,0,0.0,0.012949,0,0.0,0,79,1,2,0.7031,0.0,GREEN,36,Bengaluru
CLM0031929,BEN_01854,BTM Layout,2025-02-14,14,0,0,0,0,0,0,0,1,0,0.0,0.181272,0,0.0,0,42,0,2,0.5344,0.2148,GREEN,24,Bengaluru
CLM0031930,BEN_09575,BTM Layout,2021-12-27,12,0,0,0,0,0,1,0,0,0,0.0,0.051019,0,0.0,1,254,1,0,0.6194,0.116,GREEN,49,Bengaluru
CLM0031931,BEN_02924,Whitefield,2025-05-10,15,0,0,0,0,1,0,0,0,0,0.0,0.0,0,0.0,0,305,4,5,0.9463,0.1335,GREEN,23,Bengaluru
CLM0031932,BEN_04390,Whitefield,2023-09-19,12,0,0,0,0,0,1,0,1,0,0.0,0.29901,0,0.0,0,287,3,3,0.5655,0.2157,GREEN,58,Bengaluru
CLM0031933,BEN_08908,Indiranagar,2021-12-01,13,0,1,1,0,0,0,0,0,0,0.0,0.090686,0,0.0,0,206,3,1,0.6566,0.0689,GREEN,32,Bengaluru
CLM0031934,BEN_04674,Whitefield,2022-04-08,19,0,0,0,0,0,0,0,0,0,0.0,0.026521,0,0.0,0,149,2,0,0.5022,0.0027,GREEN,52,Bengaluru
CLM0031935,BEN_07548,Indiranagar,2024-03-28,21,0,0,0,0,0,0,0,0,0,0.0,0.248579,0,0.0,0,320,0,2,0.1119,0.0,GREEN,42,Bengaluru
CLM0031936,BEN_09498,BTM Layout,2024-07-25,8,0,0,0,0,1,0,0,0,1,0.0,0.22588,0,0.0,0,64,2,3,0.6609,0.2402,GREEN,34,Bengaluru
CLM0031937,BEN_03724,BTM Layout,2019-12-24,20,0,1,1,1,0,0,0,0,0,0.0,0.0,0,0.0,1,30,0,18,0.8872,0.3916,YELLOW,53,Bengaluru
CLM0031938,BEN_02697,Indiranagar,2020-08-17,11,0,1,1,0,0,1,1,1,0,0.0,1.0,0,1.0,1,31,1,18,0.1735,0.4651,YELLOW,37,Bengaluru
CLM0031939,BEN_08894,Koramangala,2018-08-17,14,0,1,1,0,0,1,1,1,1,0.0,0.132242,1,0.0,0,5,1,18,0.8763,0.47,YELLOW,40,Bengaluru
CLM0031940,BEN_04326,Marathahalli,2024-04-18,9,0,1,1,1,0,1,1,1,1,0.0,0.06687,1,0.0,1,18,1,18,0.98,0.7294,RED,44,Bengaluru
CLM0031941,BEN_06268,Jayanagar,2024-10-20,10,0,1,1,1,1,0,0,0,0,0.0,1.0,0,0.0,0,13,0,18,0.3144,0.5053,YELLOW,31,Bengaluru
CLM0031942,BEN_07791,Indiranagar,2022-08-18,7,0,1,1,1,1,1,1,1,1,0.0,0.995829,0,1.0,0,5,0,18,0.1718,0.7753,RED,44,Bengaluru
CLM0031943,BEN_00875,Rajajinagar,2023-12-16,7,0,1,1,1,1,1,1,0,0,0.0,0.082121,0,0.0,1,35,2,18,0.2281,0.6463,RED,53,Bengaluru
CLM0031944,BEN_01523,Rajajinagar,2023-09-20,8,0,1,1,0,0,0,0,0,0,0.0,0.25069,0,0.0,0,420,0,2,0.9203,0.4885,YELLOW,61,Bengaluru
CLM0031945,BEN_00347,Indiranagar,2020-12-11,16,0,1,1,0,0,0,0,0,0,1.0,0.048166,0,0.0,0,53,1,3,0.6433,0.7079,RED,50,Bengaluru
CLM0031946,BEN_08365,Koramangala,2024-10-31,17,0,1,1,0,1,0,1,1,1,1.0,1.0,0,1.0,0,5,2,11,0.1623,0.522,YELLOW,38,Bengaluru
CLM0031947,BEN_09871,Whitefield,2025-11-17,17,0,1,1,0,0,0,0,0,0,0.0,0.0355,0,0.0,0,326,0,2,0.708,0.0435,GREEN,44,Bengaluru
CLM0031948,BEN_03299,HSR Layout,2025-04-05,15,0,0,0,0,0,0,0,0,0,0.0,0.173671,0,0.0,0,133,4,2,0.6631,0.0649,GREEN,52,Bengaluru
CLM0031949,BEN_06114,Marathahalli,2024-11-21,15,0,0,0,0,0,0,0,0,0,0.0,0.107763,0,0.0,0,250,1,5,0.8196,0.0125,GREEN,58,Bengaluru
CLM0031950,BEN_08998,Electronic City,2024-12-18,15,0,0,0,0,0,0,0,0,0,0.0,0.180036,0,0.0,0,353,2,2,0.7804,0.0,GREEN,39,Bengaluru
CLM0031951,BEN_05278,Rajajinagar,2025-05-16,8,0,0,0,0,0,1,0,0,0,0.0,0.41505,0,0.0,0,70,3,3,0.0981,0.1289,GREEN,44,Bengaluru
CLM0031952,BEN_02403,Marathahalli,2025-12-25,14,0,0,0,0,0,0,0,0,0,0.0,0.222237,0,0.0,1,420,0,0,0.98,0.0353,GREEN,54,Bengaluru
CLM0031953,BEN_05920,Koramangala,2024-10-08,12,0,0,0,0,0,0,0,0,0,0.0,0.030832,0,0.0,0,211,3,2,0.7477,0.0441,GREEN,53,Bengaluru
CLM0031954,BEN_02361,Yelahanka,2025-04-13,11,0,0,0,0,0,0,0,0,0,0.0,0.049114,0,0.0,0,252,0,0,0.1638,0.0,GREEN,58,Bengaluru
CLM0031955,BEN_03990,Indiranagar,2025-01-08,12,0,0,0,0,0,0,0,0,0,0.0,0.191224,0,0.0,0,277,2,2,0.6779,0.0,GREEN,58,Bengaluru
CLM0031956,BEN_02382,Indiranagar,2025-05-19,11,0,0,0,1,0,0,0,0,0,0.0,0.155942,0,0.0,0,128,3,1,0.5905,0.2277,GREEN,47,Bengaluru
CLM0031957,BEN_04216,Rajajinagar,2024-09-30,15,0,0,0,0,0,0,0,0,0,0.0,0.377624,0,0.0,0,58,0,0,0.7302,0.0,GREEN,47,Bengaluru
CLM0031958,BEN_04236,Yelahanka,2024-10-12,16,0,0,0,0,0,0,0,0,0,0.0,0.035605,0,0.0,0,142,3,1,0.1786,0.1075,GREEN,37,Bengaluru
CLM0031959,BEN_02092,Electronic City,2024-05-06,9,0,0,0,0,0,0,0,0,0,0.0,0.0,0,0.0,0,420,3,0,0.7971,0.0206,GREEN,32,Bengaluru
CLM0031960,BEN_06611,Koramangala,2025-07-16,7,0,0,0,0,0,0,0,0,0,0.0,0.274735,0,0.0,0,366,2,7,0.544,0.1128,GREEN,41,Bengaluru
CLM0031961,BEN_00157,HSR Layout,2023-11-02,16,0,0,0,1,0,0,0,0,0,1.0,0.253442,0,0.0,0,155,0,0,0.98,0.2122,GREEN,36,Bengaluru
CLM0031962,BEN_02736,Indiranagar,2025-01-30,7,0,0,0,0,0,0,0,0,0,1.0,0.143456,0,0.0,0,343,4,0,0.6747,0.0955,GREEN,66,Bengaluru
CLM0031963,BEN_01892,Yelahanka,2024-01-25,13,0,0,0,0,0,0,0,0,0,0.0,0.418269,0,0.0,0,221,0,3,0.6721,0.0,GREEN,27,Bengaluru
CLM0031964,BEN_02105,Marathahalli,2025-10-31,19,0,0,0,0,0,0,0,1,0,0.0,0.977425,0,0.0,0,179,1,1,0.8839,0.1401,GREEN,25,Bengaluru
CLM0031965,BEN_07897,Koramangala,2024-01-01,18,0,0,0,0,0,0,0,0,0,1.0,0.070759,0,0.0,0,139,3,3,0.9034,0.095,GREEN,33,Bengaluru
CLM0031966,BEN_05626,HSR Layout,2025-10-28,21,0,0,0,0,0,0,0,0,0,0.0,0.015966,1,0.0,0,257,3,2,0.062,0.1134,GREEN,59,Bengaluru
CLM0031967,BEN_04926,Jayanagar,2024-01-18,9,0,0,0,0,0,0,0,0,0,0.0,0.106264,0,0.0,0,68,4,5,0.7498,0.0,GREEN,43,Bengaluru
CLM0031968,BEN_02801,HSR Layout,2024-12-08,13,0,0,0,0,0,0,0,1,0,0.0,0.303502,0,0.0,0,112,4,2,0.3577,0.077,GREEN,43,Bengaluru
CLM0031969,BEN_08149,Whitefield,2021-07-20,11,0,0,0,0,0,0,0,1,0,0.0,0.189507,0,1.0,0,420,1,2,0.6934,0.148,GREEN,44,Bengaluru
CLM0031970,BEN_09395,HSR Layout,2021-05-22,14,0,0,0,1,0,0,0,0,0,1.0,0.203379,0,0.0,0,304,3,4,0.6451,0.19,GREEN,52,Bengaluru
CLM0031971,BEN_04312,HSR Layout,2022-10-06,20,0,0,0,0,0,0,0,0,0,0.0,0.452979,0,0.0,0,392,2,1,0.1452,0.1137,GREEN,37,Bengaluru
CLM0031972,BEN_04689,Jayanagar,2020-08-31,17,0,0,0,1,1,0,0,1,1,1.0,0.036505,1,1.0,1,21,4,18,0.8744,0.014,GREEN,47,Bengaluru
CLM0031973,BEN_03130,HSR Layout,2024-11-07,17,0,0,0,0,0,0,0,1,0,0.0,0.381856,0,0.0,0,264,3,4,0.4137,0.1535,GREEN,41,Bengaluru
CLM0031974,BEN_03534,Marathahalli,2025-12-21,18,0,0,0,0,0,0,0,0,0,0.0,0.326945,0,0.0,0,81,1,2,0.68,0.0,GREEN,44,Bengaluru
CLM0031975,BEN_02586,Jayanagar,2018-08-11,7,0,0,0,0,0,0,0,0,0,0.0,0.177413,0,0.0,0,237,3,0,0.636,0.0,GREEN,63,Bengaluru
CLM0031976,BEN_06891,Koramangala,2019-06-10,7,0,0,0,0,0,0,1,0,0,0.0,0.126823,0,0.0,0,420,2,2,0.6071,0.0,GREEN,60,Bengaluru
CLM0031977,BEN_01469,Rajajinagar,2021-11-06,12,0,0,0,0,0,1,0,0,0,0.0,0.036004,0,0.0,0,195,3,3,0.1808,0.0245,GREEN,52,Bengaluru
CLM0031978,BEN_01758,BTM Layout,2021-02-05,14,0,0,0,0,0,0,0,0,0,0.0,0.316958,0,0.0,0,105,2,3,0.6095,0.0,GREEN,43,Bengaluru
CLM0031979,BEN_02331,Rajajinagar,2018-10-22,18,0,0,0,0,0,0,0,0,0,0.0,0.209995,0,0.0,0,125,1,2,0.6938,0.0,GREEN,61,Bengaluru
CLM0031980,BEN_00748,Koramangala,2022-03-14,17,0,0,0,0,0,0,0,0,0,0.0,0.318208,0,0.0,1,170,0,0,0.2738,0.0508,GREEN,45,Bengaluru
CLM0031981,BEN_00282,HSR Layout,2021-09-09,14,0,1,1,0,1,0,0,1,0,1.0,0.198677,0,0.0,0,263,4,4,0.93,0.4235,YELLOW,58,Bengaluru
CLM0031982,BEN_03251,Indiranagar,2019-05-15,7,0,0,0,0,0,0,0,0,0,0.0,0.124622,0,0.0,0,248,1,1,0.8721,0.0872,GREEN,41,Bengaluru
CLM0031983,BEN_06699,Koramangala,2021-05-31,19,0,0,0,0,0,0,0,0,0,0.0,0.290954,0,0.0,0,90,3,0,0.6265,0.0673,GREEN,48,Bengaluru
CLM0031984,BEN_06868,Yelahanka,2025-10-23,21,0,0,0,0,0,0,0,0,0,0.0,0.187357,0,0.0,0,363,0,2,0.4435,0.0847,GREEN,55,Bengaluru
CLM0031985,BEN_04355,HSR Layout,2020-07-14,7,0,0,0,1,0,0,0,0,0,0.0,0.331684,0,0.0,0,199,2,0,0.9286,0.1432,GREEN,33,Bengaluru
CLM0031986,BEN_05120,Koramangala,2018-08-30,8,0,0,0,0,0,0,0,0,1,0.0,0.178513,0,0.0,0,409,3,1,0.5959,0.0981,GREEN,38,Bengaluru
CLM0031987,BEN_08283,Electronic City,2019-04-16,16,0,0,0,0,0,0,0,0,0,0.0,0.018534,0,0.0,1,304,0,0,0.9086,0.1156,GREEN,46,Bengaluru
CLM0031988,BEN_09610,Koramangala,2018-09-07,9,0,0,0,0,0,0,0,0,0,1.0,0.957194,0,0.0,0,127,2,0,0.5097,0.1672,GREEN,58,Bengaluru
CLM0031989,BEN_00846,Koramangala,2019-08-26,7,0,0,0,0,0,0,0,0,1,0.0,0.015809,0,0.0,0,322,3,7,0.8605,0.0518,GREEN,36,Bengaluru
CLM0031990,BEN_07704,Rajajinagar,2019-06-05,15,0,0,0,0,0,0,0,0,0,1.0,0.226516,0,0.0,0,99,1,3,0.7313,0.1131,GREEN,70,Bengaluru
CLM0031991,BEN_05736,Electronic City,2022-12-25,7,0,0,0,0,0,0,0,0,1,0.0,0.959625,0,0.0,0,420,4,4,0.7671,0.0641,GREEN,53,Bengaluru
CLM0031992,BEN_06145,Marathahalli,2025-01-25,12,0,0,0,0,0,0,0,0,0,0.0,0.067626,0,0.0,0,33,4,4,0.5866,0.0293,GREEN,39,Bengaluru
CLM0031993,BEN_01474,Marathahalli,2023-12-21,10,0,0,0,0,0,0,0,0,0,0.0,0.073574,1,1.0,0,338,1,0,0.9737,0.0218,GREEN,39,Bengaluru
CLM0031994,BEN_00634,HSR Layout,2024-02-05,21,0,0,0,0,0,0,0,0,0,0.0,0.961637,0,0.0,0,312,4,0,0.9195,0.0521,GREEN,55,Bengaluru
CLM0031995,BEN_08309,Yelahanka,2024-06-30,21,0,0,0,0,0,0,0,0,0,0.0,0.351242,0,0.0,0,359,1,3,0.8792,0.0,GREEN,36,Bengaluru
CLM0031996,BEN_07340,Whitefield,2025-10-14,16,0,0,0,0,0,0,0,0,0,0.0,0.309496,0,0.0,0,356,4,3,0.98,0.0,GREEN,54,Bengaluru
CLM0031997,BEN_04424,Koramangala,2024-08-05,13,0,0,0,0,1,1,0,0,0,0.0,0.49609,0,0.0,0,7,1,5,0.4785,0.0803,GREEN,38,Bengaluru
CLM0031998,BEN_01823,BTM Layout,2024-10-12,17,0,0,0,0,0,0,0,0,0,0.0,0.0,0,0.0,0,132,2,0,0.98,0.0238,GREEN,54,Bengaluru
CLM0031999,BEN_04191,BTM Layout,2025-05-30,11,0,0,0,0,0,0,1,0,0,0.0,0.0,0,0.0,0,420,1,2,0.98,0.1507,GREEN,36,Bengaluru
CLM0032000,BEN_02896,Rajajinagar,2019-08-09,7,0,0,0,0,0,0,0,0,0,0.0,0.213435,0,0.0,0,33,1,3,0.9311,0.034,GREEN,65,Bengaluru
CLM0032001,BEN_08380,Whitefield,2022-01-28,13,0,0,0,0,0,0,0,0,0,0.0,0.039705,0,0.0,0,281,3,3,0.6823,0.1287,GREEN,38,Bengaluru
CLM0032002,BEN_01571,Marathahalli,2021-04-21,16,0,0,0,0,0,0,0,0,0,0.0,0.313726,0,0.0,0,67,4,4,0.9173,0.0619,GREEN,48,Bengaluru
CLM0032003,BEN_06890,BTM Layout,2019-09-23,11,0,0,0,0,0,1,0,0,0,0.0,0.298892,0,0.0,0,31,0,5,0.6177,0.2043,GREEN,36,Bengaluru
CLM0032004,BEN_05372,Electronic City,2025-05-08,18,0,0,0,0,1,0,0,0,0,0.0,0.012503,0,0.0,0,349,4,0,0.05,0.1229,GREEN,59,Bengaluru
CLM0032005,BEN_02236,Whitefield,2021-11-30,9,0,0,0,0,0,0,0,0,0,0.0,0.411367,0,0.0,0,335,3,3,0.8875,0.0,GREEN,35,Bengaluru
CLM0032006,BEN_02593,Jayanagar,2021-06-08,17,0,0,0,0,0,0,0,0,0,0.0,0.135479,0,0.0,0,420,2,3,0.7669,0.0167,GREEN,53,Bengaluru
CLM0032007,BEN_09011,Indiranagar,2025-01-31,16,0,0,0,0,0,0,0,0,0,0.0,0.294145,0,0.0,0,215,4,3,0.6711,0.0,GREEN,60,Bengaluru
CLM0032008,BEN_08641,Rajajinagar,2020-09-10,13,0,0,0,0,0,1,0,0,0,0.0,0.14468,0,0.0,0,220,3,5,0.6127,0.0768,GREEN,46,Bengaluru
CLM0032009,BEN_09148,Jayanagar,2025-02-25,17,0,0,0,0,0,0,0,1,0,0.0,0.34451,1,0.0,0,237,1,6,0.5417,0.2169,GREEN,46,Bengaluru
CLM0032010,BEN_03455,HSR Layout,2020-06-13,12,0,0,0,0,0,0,0,0,0,0.0,0.0,0,0.0,0,77,1,6,0.0897,0.0,GREEN,19,Bengaluru
CLM0032011,BEN_08379,Marathahalli,2024-10-06,10,0,1,1,1,0,0,0,0,0,0.0,0.282091,0,0.0,0,418,0,4,0.0646,0.4378,YELLOW,39,Bengaluru
CLM0032012,BEN_09468,HSR Layout,2025-10-06,13,0,1,1,1,1,0,0,1,1,1.0,0.07537,1,1.0,1,5,0,18,0.9097,0.8511,RED,36,Bengaluru
CLM0032013,BEN_00693,Indiranagar,2025-11-29,16,0,1,1,1,0,0,1,0,1,1.0,0.100017,0,1.0,0,48,1,18,0.0867,0.5035,YELLOW,51,Bengaluru
CLM0032014,BEN_00369,Indiranagar,2025-05-28,11,0,1,1,1,1,0,1,1,0,1.0,0.322579,0,1.0,1,12,0,18,0.3326,0.527,YELLOW,53,Bengaluru
CLM0032015,BEN_04841,Koramangala,2025-07-13,21,0,1,1,1,0,1,1,0,0,0.0,0.0,1,1.0,0,5,2,18,0.2827,0.6061,YELLOW,46,Bengaluru
CLM0032016,BEN_07358,Jayanagar,2024-12-23,20,0,1,1,0,0,1,1,0,0,1.0,0.171492,0,0.0,0,420,0,6,0.6975,0.7701,RED,47,Bengaluru
CLM0032017,BEN_03999,Jayanagar,2025-09-02,13,0,1,1,1,1,0,0,1,0,0.0,0.078046,0,0.0,0,16,0,18,0.9563,0.5292,YELLOW,32,Bengaluru
CLM0032018,BEN_07295,Electronic City,2024-10-29,11,0,1,1,0,0,1,1,1,1,1.0,0.977611,1,0.0,0,49,1,18,0.1844,0.6078,YELLOW,40,Bengaluru
CLM0032019,BEN_07624,Koramangala,2023-09-14,12,0,0,0,0,0,0,0,0,0,1.0,1.0,0,1.0,0,163,4,0,0.5444,0.0,GREEN,37,Bengaluru
CLM0032020,BEN_09749,Marathahalli,2021-12-29,21,0,0,0,0,0,0,0,0,0,0.0,0.349943,1,0.0,0,247,0,5,0.8181,0.0883,GREEN,41,Bengaluru
CLM0032021,BEN_02789,Koramangala,2025-06-15,12,0,0,0,0,0,1,0,0,0,0.0,0.988481,0,0.0,0,364,0,1,0.8127,0.1566,GREEN,44,Bengaluru
CLM0032022,BEN_00236,Yelahanka,2025-06-05,17,0,0,0,0,0,0,0,0,0,0.0,0.171093,0,0.0,0,141,1,4,0.1093,0.0229,GREEN,31,Bengaluru
CLM0032023,BEN_00424,Rajajinagar,2023-02-19,18,0,0,0,1,0,0,0,0,1,0.0,0.237467,0,0.0,0,148,2,5,0.8339,0.1858,GREEN,39,Bengaluru
CLM0032024,BEN_05426,BTM Layout,2025-12-06,14,0,0,0,0,0,1,0,0,0,1.0,0.305191,0,0.0,0,183,4,2,0.4585,0.2299,GREEN,30,Bengaluru
CLM0032025,BEN_00265,BTM Layout,2025-09-25,17,0,0,0,0,0,0,0,0,0,0.0,0.209524,0,0.0,0,307,0,2,0.8511,0.0,GREEN,47,Bengaluru
CLM0032026,BEN_06592,Electronic City,2025-01-23,18,0,0,0,0,0,0,0,0,0,0.0,0.152104,0,0.0,0,420,3,3,0.8103,0.025,GREEN,43,Bengaluru
CLM0032027,BEN_09788,HSR Layout,2021-05-26,13,0,0,0,0,0,0,0,0,0,0.0,0.396041,0,0.0,0,154,2,7,0.6083,0.0854,GREEN,53,Bengaluru
CLM0032028,BEN_01520,BTM Layout,2025-08-16,18,0,0,0,0,0,0,0,0,0,0.0,0.286755,0,0.0,0,331,2,4,0.753,0.0,GREEN,43,Bengaluru
CLM0032029,BEN_07520,Electronic City,2022-02-04,10,0,0,0,0,0,0,0,0,0,0.0,0.06061,0,0.0,0,420,4,3,0.9377,0.0,GREEN,64,Bengaluru
CLM0032030,BEN_05981,Jayanagar,2022-10-21,12,0,0,0,0,0,0,0,1,0,0.0,0.318702,0,0.0,0,85,4,6,0.7755,0.1091,GREEN,38,Bengaluru
CLM0032031,BEN_02702,BTM Layout,2024-03-18,19,0,0,0,0,0,0,0,0,0,0.0,0.172246,0,0.0,0,191,2,7,0.6295,0.0,GREEN,60,Bengaluru
CLM0032032,BEN_07688,HSR Layout,2024-02-23,20,0,0,0,0,0,0,0,0,1,0.0,0.050995,0,0.0,0,373,4,6,0.98,0.1135,GREEN,48,Bengaluru
CLM0032033,BEN_07189,Koramangala,2023-08-25,18,0,0,0,1,0,0,0,0,0,0.0,0.387559,0,0.0,0,277,3,1,0.8093,0.1289,GREEN,61,Bengaluru
CLM0032034,BEN_06367,HSR Layout,2023-11-13,10,0,0,0,0,0,0,0,1,0,0.0,0.148611,0,0.0,0,129,1,2,0.8488,0.1104,GREEN,43,Bengaluru
CLM0032035,BEN_07645,Whitefield,2024-08-08,19,0,0,0,1,1,0,0,1,1,1.0,0.012718,1,1.0,1,5,2,18,0.6702,0.1005,GREEN,50,Bengaluru
CLM0032036,BEN_01185,Koramangala,2025-11-22,18,0,0,0,0,0,0,0,0,0,0.0,0.243648,0,0.0,0,128,1,2,0.521,0.0,GREEN,51,Bengaluru
CLM0032037,BEN_07550,Marathahalli,2025-01-02,10,0,0,0,0,0,0,0,1,0,0.0,0.279605,0,0.0,0,165,1,2,0.574,0.2012,GREEN,52,Bengaluru
CLM0032038,BEN_05076,Rajajinagar,2020-12-13,18,0,1,1,1,1,1,1,0,1,0.0,0.13603,1,0.0,1,34,0,9,0.8624,0.8308,RED,62,Bengaluru
CLM0032039,BEN_05382,Whitefield,2021-05-27,9,0,1,1,1,0,0,1,1,0,1.0,0.894888,0,1.0,1,6,1,18,0.2269,0.4736,YELLOW,23,Bengaluru
CLM0032040,BEN_04520,Yelahanka,2018-06-05,14,0,1,1,1,1,0,1,0,1,1.0,0.976904,0,1.0,0,6,0,18,0.98,0.7487,RED,37,Bengaluru
CLM0032041,BEN_01789,HSR Layout,2025-01-17,12,0,1,1,0,0,0,0,0,0,0.0,0.191191,0,0.0,0,367,0,0,0.6137,0.7298,RED,47,Bengaluru
CLM0032042,BEN_05065,Rajajinagar,2020-06-09,12,0,1,1,1,1,0,1,1,1,0.0,1.0,0,1.0,0,5,0,18,0.3847,0.7404,RED,39,Bengaluru
CLM0032043,BEN_08829,HSR Layout,2025-05-26,15,0,1,1,1,1,0,1,0,1,0.0,0.092009,0,0.0,0,5,0,18,0.9399,0.5054,YELLOW,44,Bengaluru
CLM0032044,BEN_09385,Jayanagar,2024-01-20,8,0,1,1,1,1,0,1,1,0,0.0,1.0,1,0.0,1,15,2,18,0.05,0.5807,YELLOW,47,Bengaluru
CLM0032045,BEN_01243,Yelahanka,2025-03-03,10,0,0,0,0,0,0,0,0,0,0.0,0.027733,0,0.0,0,86,4,7,0.6519,0.0,GREEN,51,Bengaluru
CLM0032046,BEN_00157,HSR Layout,2024-12-13,10,0,1,1,0,0,1,0,0,0,0.0,0.099838,0,0.0,0,250,1,2,0.1202,0.0696,GREEN,36,Bengaluru
CLM0032047,BEN_03455,HSR Layout,2025-08-11,8,0,0,0,0,0,1,0,0,1,0.0,0.080729,0,0.0,0,164,0,3,0.519,0.2489,GREEN,19,Bengaluru
CLM0032048,BEN_05123,Koramangala,2024-10-28,11,0,0,0,0,0,0,0,0,0,0.0,0.163419,0,0.0,0,420,1,4,0.5995,0.0404,GREEN,39,Bengaluru
CLM0032049,BEN_06658,HSR Layout,2024-04-19,14,0,0,0,0,0,0,1,0,0,0.0,0.0,0,1.0,0,420,1,1,0.8199,0.0,GREEN,30,Bengaluru
CLM0032050,BEN_03768,HSR Layout,2023-06-12,7,0,0,0,0,0,0,0,0,0,0.0,0.119648,0,0.0,0,276,2,0,0.719,0.0818,GREEN,57,Bengaluru
CLM0032051,BEN_01978,Indiranagar,2025-02-15,18,0,0,0,0,0,1,0,0,0,0.0,0.421295,0,0.0,0,96,2,1,0.6391,0.132,GREEN,47,Bengaluru
CLM0032052,BEN_00042,Electronic City,2025-04-08,15,0,0,0,0,0,0,0,0,0,0.0,0.180807,0,0.0,0,313,0,2,0.603,0.0,GREEN,37,Bengaluru
CLM0032053,BEN_01808,Koramangala,2024-08-19,12,0,0,0,0,0,0,1,0,0,0.0,0.331153,0,1.0,0,312,3,1,0.6041,0.11,GREEN,18,Bengaluru
CLM0032054,BEN_00236,Yelahanka,2025-05-15,17,0,0,0,0,0,0,0,0,0,0.0,0.319748,0,0.0,0,71,3,4,0.9718,0.0,GREEN,31,Bengaluru
CLM0032055,BEN_05003,Yelahanka,2024-06-24,7,0,0,0,0,0,0,0,0,0,0.0,0.385708,0,0.0,0,156,3,5,0.8847,0.0,GREEN,37,Bengaluru
CLM0032056,BEN_00301,Jayanagar,2025-04-17,21,0,0,0,0,0,0,0,0,0,0.0,0.078754,0,0.0,0,335,2,0,0.05,0.0,GREEN,37,Bengaluru
CLM0032057,BEN_03927,Whitefield,2025-03-17,7,0,0,0,0,0,1,0,0,0,0.0,0.060187,0,0.0,0,388,3,5,0.9002,0.0791,GREEN,41,Bengaluru
CLM0032058,BEN_09561,Marathahalli,2025-05-13,21,0,0,0,0,0,0,0,0,0,1.0,0.246324,0,0.0,0,186,4,4,0.9586,0.0317,GREEN,34,Bengaluru
CLM0032059,BEN_09269,Marathahalli,2025-01-30,9,0,0,0,0,0,0,0,0,0,0.0,0.292684,0,0.0,0,206,0,5,0.6178,0.0,GREEN,44,Bengaluru
CLM0032060,BEN_04848,Whitefield,2025-05-08,13,0,0,0,0,0,0,0,0,0,1.0,0.188897,0,0.0,0,405,2,4,0.7559,0.0725,GREEN,53,Bengaluru
CLM0032061,BEN_03700,HSR Layout,2025-04-21,13,0,0,0,0,0,1,1,0,0,0.0,0.23589,0,0.0,0,229,3,6,0.5606,0.2133,GREEN,41,Bengaluru
CLM0032062,BEN_05622,Marathahalli,2023-03-13,16,0,0,0,0,0,1,0,0,0,1.0,0.184172,0,0.0,0,375,0,1,0.9613,0.1188,GREEN,60,Bengaluru
CLM0032063,BEN_06356,Jayanagar,2024-02-21,20,0,0,0,0,0,0,0,0,0,0.0,0.268066,0,0.0,0,284,4,2,0.8253,0.0,GREEN,54,Bengaluru
CLM0032064,BEN_03698,Yelahanka,2024-07-16,10,0,0,0,1,0,1,0,0,0,0.0,0.337067,0,0.0,0,420,0,5,0.8839,0.3059,GREEN,42,Bengaluru
CLM0032065,BEN_05714,Yelahanka,2023-04-11,10,0,0,0,0,0,0,0,0,0,0.0,0.109745,0,0.0,0,217,0,4,0.1459,0.0,GREEN,29,Bengaluru
CLM0032066,BEN_08448,Yelahanka,2022-05-24,15,0,0,0,0,0,0,0,0,0,0.0,0.16781,0,0.0,0,248,2,1,0.6809,0.0,GREEN,24,Bengaluru
CLM0032067,BEN_09916,Indiranagar,2025-06-21,16,0,0,0,0,0,0,0,1,0,1.0,0.909617,0,0.0,0,171,0,6,0.8339,0.1448,GREEN,51,Bengaluru
CLM0032068,BEN_09794,Koramangala,2024-04-18,17,0,0,0,0,0,0,0,0,0,0.0,0.988149,0,0.0,0,143,2,5,0.328,0.0273,GREEN,21,Bengaluru
CLM0032069,BEN_02294,HSR Layout,2021-02-02,9,0,0,0,0,0,0,0,0,0,0.0,0.200963,0,0.0,0,54,4,0,0.7174,0.0,GREEN,70,Bengaluru
CLM0032070,BEN_01431,Jayanagar,2019-07-10,21,0,1,1,0,0,1,0,0,0,0.0,1.0,0,0.0,0,251,1,1,0.5778,0.0726,GREEN,18,Bengaluru
CLM0032071,BEN_05270,Marathahalli,2021-11-03,14,0,0,0,0,0,0,0,0,0,0.0,0.28875,0,0.0,0,213,2,2,0.9631,0.0289,GREEN,46,Bengaluru
CLM0032072,BEN_08511,Jayanagar,2020-06-12,19,0,0,0,0,0,0,1,0,0,1.0,1.0,0,1.0,0,227,4,5,0.4132,0.1586,GREEN,46,Bengaluru
CLM0032073,BEN_06379,Whitefield,2025-12-11,17,0,0,0,0,0,1,0,0,0,0.0,0.981713,0,0.0,0,130,1,7,0.719,0.1101,GREEN,40,Bengaluru
CLM0032074,BEN_08069,Whitefield,2024-11-22,12,0,0,0,0,0,1,0,0,0,0.0,0.223875,0,0.0,0,347,0,1,0.7611,0.0185,GREEN,47,Bengaluru
CLM0032075,BEN_00152,BTM Layout,2024-09-14,11,0,0,0,0,0,0,0,0,0,0.0,0.045153,0,0.0,0,280,0,3,0.7177,0.0,GREEN,42,Bengaluru
CLM0032076,BEN_08168,BTM Layout,2025-08-16,15,0,0,0,0,0,1,0,1,0,0.0,0.36649,0,0.0,0,71,2,3,0.05,0.1149,GREEN,39,Bengaluru
CLM0032077,BEN_05944,Koramangala,2019-09-11,8,0,0,0,0,0,0,0,0,0,0.0,0.149072,0,0.0,0,120,4,0,0.3849,0.0459,GREEN,32,Bengaluru
CLM0032078,BEN_02153,Electronic City,2020-08-19,12,0,1,1,0,0,0,0,0,0,0.0,0.37171,0,0.0,1,146,4,3,0.6381,0.0918,GREEN,28,Bengaluru
CLM0032079,BEN_03913,Jayanagar,2025-05-28,15,0,0,0,0,0,0,0,0,0,1.0,0.069399,0,0.0,0,261,4,0,0.4599,0.1105,GREEN,29,Bengaluru
CLM0032080,BEN_08511,Jayanagar,2022-07-03,9,0,0,0,0,0,1,0,0,0,0.0,0.255083,0,0.0,0,5,1,0,0.9447,0.0,GREEN,46,Bengaluru
CLM0032081,BEN_07223,Marathahalli,2024-07-22,10,0,0,0,0,0,0,0,0,0,0.0,0.147689,0,0.0,0,80,2,2,0.85,0.0,GREEN,29,Bengaluru
CLM0032082,BEN_01901,Koramangala,2022-08-05,15,0,0,0,0,0,1,0,0,0,0.0,0.193468,0,0.0,0,16,1,0,0.05,0.0,GREEN,63,Bengaluru
CLM0032083,BEN_02491,Marathahalli,2016-03-02,15,0,0,0,0,0,0,0,0,0,0.0,0.28529,0,1.0,0,371,3,6,0.8989,0.0728,GREEN,49,Bengaluru
CLM0032084,BEN_03602,Marathahalli,2020-07-16,15,0,0,0,0,0,0,0,0,0,0.0,0.417023,0,0.0,0,420,1,0,0.8418,0.0,GREEN,39,Bengaluru
CLM0032085,BEN_02252,Yelahanka,2018-09-15,16,0,0,0,0,0,0,0,0,0,0.0,0.108021,0,0.0,0,239,1,0,0.3151,0.0,GREEN,23,Bengaluru
CLM0032086,BEN_05763,BTM Layout,2024-06-28,20,0,0,0,0,0,0,0,0,0,1.0,0.281423,0,0.0,0,145,0,7,0.601,0.0,GREEN,53,Bengaluru
CLM0032087,BEN_07373,Koramangala,2023-08-11,10,0,0,0,0,0,0,0,0,0,0.0,0.175805,0,0.0,0,99,0,2,0.8405,0.16,GREEN,67,Bengaluru
CLM0032088,BEN_09105,HSR Layout,2021-07-05,9,0,0,0,1,0,0,0,0,0,1.0,0.159869,0,0.0,0,293,4,0,0.586,0.284,GREEN,59,Bengaluru
CLM0032089,BEN_09377,Rajajinagar,2024-11-19,20,0,1,1,0,0,0,0,0,0,0.0,0.120366,0,0.0,0,386,2,2,0.497,0.0712,GREEN,49,Bengaluru
CLM0032090,BEN_06264,Yelahanka,2023-09-01,18,0,0,0,0,0,1,0,0,0,0.0,0.100436,0,0.0,0,397,1,2,0.6266,0.1253,GREEN,40,Bengaluru
CLM0032091,BEN_05365,Yelahanka,2022-03-07,19,0,0,0,1,0,0,0,0,0,1.0,0.367287,0,0.0,0,37,0,6,0.875,0.1774,GREEN,39,Bengaluru
CLM0032092,BEN_07160,Yelahanka,2025-01-07,21,0,0,0,0,0,0,0,0,0,0.0,0.0,0,1.0,0,108,4,3,0.6513,0.0,GREEN,46,Bengaluru
CLM0032093,BEN_08047,Rajajinagar,2023-12-01,18,0,0,0,0,0,0,0,0,0,0.0,0.358865,0,0.0,0,373,3,3,0.494,0.0586,GREEN,25,Bengaluru
CLM0032094,BEN_07993,Whitefield,2025-01-12,12,0,0,0,0,0,0,0,0,0,0.0,0.202557,0,0.0,0,420,1,2,0.6712,0.0765,GREEN,33,Bengaluru
CLM0032095,BEN_00341,Whitefield,2022-03-19,7,0,0,0,0,1,0,0,0,0,0.0,0.29767,0,0.0,0,367,1,2,0.05,0.1176,GREEN,53,Bengaluru
CLM0032096,BEN_06355,Rajajinagar,2023-10-02,17,0,0,0,0,0,0,0,0,0,0.0,0.00493,0,0.0,0,400,1,3,0.05,0.0,GREEN,51,Bengaluru
CLM0032097,BEN_01349,Koramangala,2024-08-20,20,0,0,0,0,0,0,0,0,0,0.0,0.971178,0,0.0,0,420,3,7,0.924,0.0,GREEN,44,Bengaluru
CLM0032098,BEN_00172,Indiranagar,2024-04-15,21,0,1,1,0,0,0,0,0,0,0.0,0.300875,0,0.0,0,57,2,0,0.5586,0.0074,GREEN,46,Bengaluru
CLM0032099,BEN_06031,Koramangala,2021-01-18,10,0,0,0,0,1,0,0,0,0,0.0,0.182589,0,0.0,0,420,3,2,0.2588,0.1058,GREEN,64,Bengaluru
CLM0032100,BEN_05776,Rajajinagar,2018-07-12,19,0,0,0,0,0,1,1,0,0,0.0,0.173937,1,0.0,0,108,4,1,0.2327,0.1888,GREEN,47,Bengaluru
CLM0032101,BEN_02502,Rajajinagar,2019-08-14,8,0,0,0,0,0,1,0,0,0,0.0,0.315851,0,0.0,0,356,1,3,0.8873,0.0848,GREEN,58,Bengaluru
CLM0032102,BEN_03813,BTM Layout,2025-06-16,16,0,0,0,0,0,0,0,0,0,0.0,0.293648,1,0.0,0,138,0,6,0.908,0.0586,GREEN,43,Bengaluru
CLM0032103,BEN_08150,Koramangala,2022-07-30,11,0,0,0,0,0,0,0,0,0,0.0,0.041282,0,0.0,0,72,4,1,0.6616,0.0,GREEN,41,Bengaluru
CLM0032104,BEN_08766,Whitefield,2016-06-01,17,0,0,0,0,0,0,0,0,0,0.0,0.368256,0,1.0,0,113,4,2,0.6197,0.0,GREEN,42,Bengaluru
CLM0032105,BEN_06143,Yelahanka,2023-06-09,16,0,0,0,0,0,0,1,0,0,0.0,0.157759,0,0.0,0,274,2,1,0.05,0.036,GREEN,38,Bengaluru
CLM0032106,BEN_09397,Electronic City,2023-07-16,13,0,0,0,0,0,0,0,0,0,0.0,0.425785,0,0.0,0,178,2,3,0.6262,0.0,GREEN,18,Bengaluru
CLM0032107,BEN_05839,Koramangala,2019-12-04,7,0,0,0,0,0,0,1,0,0,0.0,0.150068,0,0.0,0,111,2,0,0.1431,0.1271,GREEN,51,Bengaluru
CLM0032108,BEN_09565,Whitefield,2021-09-14,8,0,0,0,0,0,1,0,0,1,0.0,0.035012,0,0.0,0,285,2,3,0.6062,0.2961,GREEN,40,Bengaluru
CLM0032109,BEN_04312,HSR Layout,2024-10-02,16,0,0,0,0,0,0,0,0,0,0.0,0.297505,0,0.0,1,324,2,5,0.7603,0.19,GREEN,37,Bengaluru
CLM0032110,BEN_06327,Whitefield,2021-04-02,12,0,0,0,0,0,0,0,0,0,0.0,0.262997,0,0.0,0,370,2,3,0.725,0.0928,GREEN,23,Bengaluru
CLM0032111,BEN_01855,Electronic City,2024-06-05,16,0,0,0,0,0,0,0,0,0,0.0,0.184933,0,0.0,0,279,2,1,0.8784,0.0,GREEN,56,Bengaluru
CLM0032112,BEN_05065,Rajajinagar,2019-10-27,18,0,0,0,0,0,0,0,0,0,1.0,0.347884,0,0.0,0,420,0,2,0.5093,0.074,GREEN,39,Bengaluru
CLM0032113,BEN_06727,HSR Layout,2020-01-18,9,0,0,0,0,0,0,0,0,0,0.0,0.111469,0,0.0,0,403,0,0,0.6491,0.0,GREEN,49,Bengaluru
CLM0032114,BEN_01522,Indiranagar,2018-02-18,21,0,0,0,0,0,0,0,0,0,0.0,0.152321,0,0.0,0,50,4,2,0.6324,0.0,GREEN,43,Bengaluru
CLM0032115,BEN_09825,Jayanagar,2022-10-25,9,0,0,0,0,0,0,0,0,0,0.0,0.294093,0,0.0,0,94,1,0,0.5482,0.0663,GREEN,35,Bengaluru
CLM0032116,BEN_07382,Rajajinagar,2022-11-01,21,0,0,0,0,0,0,0,0,0,0.0,0.241471,0,0.0,0,395,1,2,0.5636,0.0237,GREEN,28,Bengaluru
CLM0032117,BEN_04705,Marathahalli,2025-04-18,21,0,0,0,0,0,1,0,0,0,0.0,0.424406,0,0.0,0,420,0,2,0.3261,0.1513,GREEN,36,Bengaluru
CLM0032118,BEN_06676,BTM Layout,2025-02-02,20,0,0,0,0,0,0,0,0,0,0.0,0.272748,0,0.0,0,420,0,1,0.98,0.0082,GREEN,33,Bengaluru
CLM0032119,BEN_06801,Electronic City,2022-11-16,15,0,0,0,0,0,0,0,0,0,0.0,0.15,1,0.0,0,420,0,5,0.664,0.0978,GREEN,46,Bengaluru
CLM0032120,BEN_07416,HSR Layout,2023-05-22,19,0,0,0,1,0,0,0,0,0,0.0,0.180154,0,0.0,0,355,1,1,0.6635,0.1922,GREEN,28,Bengaluru
CLM0032121,BEN_04879,Jayanagar,2022-01-14,19,0,0,0,0,0,0,0,0,0,0.0,1.0,0,0.0,0,230,3,2,0.7231,0.0,GREEN,41,Bengaluru
CLM0032122,BEN_01070,Indiranagar,2017-08-26,13,0,0,0,0,0,0,0,0,0,0.0,0.4005,0,0.0,0,420,3,3,0.4012,0.0373,GREEN,55,Bengaluru
CLM0032123,BEN_01476,BTM Layout,2024-10-08,9,0,0,0,0,0,0,0,0,0,0.0,0.115369,0,0.0,0,364,4,7,0.3409,0.0221,GREEN,58,Bengaluru
CLM0032124,BEN_05023,Electronic City,2019-03-25,10,0,0,0,0,0,0,0,0,1,0.0,0.13708,0,0.0,0,278,0,0,0.8815,0.1875,GREEN,40,Bengaluru
CLM0032125,BEN_03445,Jayanagar,2025-01-07,10,0,0,0,0,0,0,0,0,0,1.0,0.234409,0,0.0,0,94,2,0,0.6893,0.1119,GREEN,47,Bengaluru
CLM0032126,BEN_00657,Indiranagar,2020-04-29,14,0,0,0,0,0,0,0,0,0,0.0,0.041278,0,0.0,0,333,1,1,0.1083,0.0,GREEN,36,Bengaluru
CLM0032127,BEN_04396,Electronic City,2023-05-01,20,0,0,0,0,0,0,0,0,0,0.0,0.214829,0,1.0,0,112,1,0,0.05,0.0546,GREEN,33,Bengaluru
CLM0032128,BEN_08613,Whitefield,2025-03-24,11,0,0,0,0,0,0,0,1,1,0.0,0.241687,0,1.0,0,335,0,4,0.5331,0.2063,GREEN,28,Bengaluru
CLM0032129,BEN_00737,BTM Layout,2025-03-25,14,0,0,0,0,0,0,1,1,0,1.0,1.0,0,1.0,0,50,2,18,0.2168,0.2318,GREEN,38,Bengaluru
CLM0032130,BEN_09322,Rajajinagar,2024-09-30,20,0,0,0,0,0,1,1,1,1,0.0,0.05855,0,0.0,0,5,1,18,0.8766,0.0,GREEN,24,Bengaluru
CLM0032131,BEN_00324,Koramangala,2025-05-28,20,0,0,0,0,0,0,0,0,0,0.0,0.348636,0,0.0,0,356,4,3,0.5149,0.0674,GREEN,36,Bengaluru
CLM0032132,BEN_00729,BTM Layout,2024-08-18,12,0,0,0,0,0,0,0,0,0,0.0,0.094976,0,0.0,0,397,0,4,0.258,0.0422,GREEN,43,Bengaluru
CLM0032133,BEN_00288,HSR Layout,2025-02-07,20,0,0,0,0,0,0,0,0,0,1.0,0.367519,1,0.0,0,63,2,0,0.8507,0.1551,GREEN,40,Bengaluru
CLM0032134,BEN_07210,Koramangala,2024-03-25,19,0,0,0,0,0,0,0,0,0,1.0,0.9651,0,1.0,0,357,3,6,0.6548,0.0,GREEN,61,Bengaluru
CLM0032135,BEN_06165,BTM Layout,2024-07-11,17,0,0,0,0,0,0,0,0,0,0.0,0.055742,0,0.0,0,24,4,0,0.6148,0.0,GREEN,33,Bengaluru
CLM0032136,BEN_00692,Koramangala,2025-08-24,9,0,0,0,0,0,0,0,0,0,0.0,0.12833,0,0.0,0,232,3,4,0.8255,0.0,GREEN,37,Bengaluru
CLM0032137,BEN_09150,Indiranagar,2024-09-21,9,0,0,0,0,0,0,0,0,0,0.0,0.332673,0,0.0,0,113,3,4,0.9403,0.031,GREEN,30,Bengaluru
CLM0032138,BEN_03493,Rajajinagar,2024-11-06,14,0,0,0,0,0,0,0,0,0,0.0,0.231572,0,0.0,0,405,4,2,0.7501,0.0,GREEN,25,Bengaluru
CLM0032139,BEN_04608,Koramangala,2024-05-24,10,0,0,0,0,0,0,0,0,0,1.0,1.0,0,1.0,0,81,4,4,0.9234,0.0,GREEN,50,Bengaluru
CLM0032140,BEN_04761,Marathahalli,2022-06-11,11,0,0,0,0,0,1,0,0,0,1.0,0.966516,0,0.0,0,209,4,3,0.9103,0.2356,GREEN,26,Bengaluru
CLM0032141,BEN_07960,Electronic City,2021-06-24,7,0,0,0,0,0,0,0,0,0,0.0,0.418865,0,0.0,0,62,3,4,0.702,0.0,GREEN,47,Bengaluru
CLM0032142,BEN_09517,Whitefield,2018-06-28,9,0,0,0,0,1,0,0,0,0,1.0,0.356974,0,0.0,0,367,4,0,0.8885,0.2206,GREEN,35,Bengaluru
CLM0032143,BEN_08116,Electronic City,2020-08-03,20,0,0,0,0,0,0,0,1,0,0.0,0.299944,0,0.0,0,191,4,1,0.6387,0.0213,GREEN,47,Bengaluru
CLM0032144,BEN_07102,Electronic City,2017-03-05,15,0,0,0,0,0,0,1,0,0,1.0,0.371932,0,0.0,0,397,4,0,0.3734,0.1205,GREEN,44,Bengaluru
CLM0032145,BEN_04535,Koramangala,2024-09-03,15,0,0,0,1,0,0,0,0,0,0.0,0.268618,0,0.0,0,170,0,2,0.8382,0.2544,GREEN,49,Bengaluru
CLM0032146,BEN_01503,BTM Layout,2025-02-14,17,0,0,0,1,0,0,0,0,0,0.0,0.103955,0,0.0,0,196,4,0,0.4753,0.1012,GREEN,40,Bengaluru
CLM0032147,BEN_07698,Electronic City,2018-02-07,11,0,0,0,0,1,0,0,0,0,0.0,0.292559,0,0.0,0,172,0,3,0.4785,0.1686,GREEN,62,Bengaluru
CLM0032148,BEN_01751,Rajajinagar,2018-09-01,14,0,0,0,0,0,1,0,0,0,0.0,0.103386,0,0.0,0,396,4,1,0.7661,0.1333,GREEN,39,Bengaluru
CLM0032149,BEN_09366,Whitefield,2024-07-30,16,0,0,0,0,0,0,0,0,0,1.0,1.0,0,1.0,0,416,1,0,0.6671,0.0,GREEN,43,Bengaluru
CLM0032150,BEN_00765,HSR Layout,2022-03-16,13,0,0,0,0,0,0,0,0,0,0.0,0.291112,0,0.0,0,110,2,3,0.569,0.0,GREEN,47,Bengaluru
CLM0032151,BEN_09769,Rajajinagar,2020-10-13,7,0,0,0,0,0,0,0,0,0,0.0,0.149922,0,0.0,0,234,0,0,0.9084,0.0486,GREEN,40,Bengaluru
CLM0032152,BEN_00800,Koramangala,2025-09-09,18,0,0,0,0,0,0,0,0,0,0.0,0.07643,0,0.0,0,208,1,2,0.5678,0.0792,GREEN,34,Bengaluru
CLM0032153,BEN_02440,Whitefield,2020-05-03,17,0,0,0,1,1,0,0,0,0,0.0,0.280898,0,0.0,0,59,2,1,0.1626,0.296,GREEN,40,Bengaluru
CLM0032154,BEN_06388,Koramangala,2016-11-10,13,0,0,0,0,0,1,0,0,0,0.0,0.362413,0,0.0,1,43,1,0,0.7783,0.1683,GREEN,51,Bengaluru
CLM0032155,BEN_03691,BTM Layout,2018-08-30,21,0,0,0,0,0,0,0,0,0,0.0,0.286347,0,0.0,0,141,2,1,0.9032,0.0542,GREEN,54,Bengaluru
CLM0032156,BEN_04617,Jayanagar,2020-07-04,21,0,0,0,0,0,0,0,0,0,0.0,0.875162,0,0.0,0,119,4,4,0.7203,0.0,GREEN,45,Bengaluru
CLM0032157,BEN_08449,Indiranagar,2025-03-15,8,0,0,0,0,0,0,0,0,0,1.0,0.002616,1,0.0,1,390,3,1,0.2119,0.2328,GREEN,60,Bengaluru
CLM0032158,BEN_05371,Jayanagar,2024-06-11,9,0,0,0,0,0,0,0,1,0,0.0,0.070405,0,0.0,0,420,3,3,0.8189,0.066,GREEN,38,Bengaluru
CLM0032159,BEN_00803,Whitefield,2021-08-27,17,0,0,0,0,0,0,0,0,0,0.0,0.299791,0,0.0,0,45,3,1,0.677,0.0,GREEN,67,Bengaluru
CLM0032160,BEN_04334,Jayanagar,2016-06-20,20,0,0,0,0,0,0,0,0,0,0.0,0.20023,0,0.0,1,31,3,5,0.8393,0.0505,GREEN,44,Bengaluru
CLM0032161,BEN_06884,Indiranagar,2016-03-24,14,0,0,0,1,1,0,1,0,0,0.0,0.304962,0,1.0,0,165,1,3,0.05,0.5322,YELLOW,29,Bengaluru
CLM0032162,BEN_05277,Electronic City,2017-03-17,21,0,0,0,0,0,0,0,0,0,0.0,0.2185,0,0.0,0,196,1,1,0.9741,0.0,GREEN,41,Bengaluru
CLM0032163,BEN_05191,Rajajinagar,2024-04-10,10,0,0,0,1,0,0,0,0,0,0.0,1.0,0,0.0,0,120,1,2,0.8012,0.1037,GREEN,51,Bengaluru
CLM0032164,BEN_03277,BTM Layout,2016-08-09,20,0,0,0,0,0,0,0,0,0,0.0,0.242796,0,0.0,0,55,3,2,0.6533,0.0,GREEN,43,Bengaluru
CLM0032165,BEN_01896,BTM Layout,2022-01-11,13,0,0,0,0,0,0,0,0,0,0.0,0.293204,0,0.0,0,206,1,3,0.7952,0.0,GREEN,54,Bengaluru
CLM0032166,BEN_00765,HSR Layout,2023-11-16,11,0,0,0,0,0,0,0,0,0,0.0,0.231559,0,0.0,0,98,0,0,0.8544,0.0,GREEN,47,Bengaluru
CLM0032167,BEN_06148,Whitefield,2024-09-10,14,0,0,0,0,0,0,0,0,0,1.0,0.190533,0,0.0,0,351,3,2,0.7494,0.0964,GREEN,57,Bengaluru
CLM0032168,BEN_05874,Yelahanka,2025-03-10,19,0,0,0,0,0,0,0,0,0,0.0,0.439814,0,1.0,0,420,2,5,0.652,0.0347,GREEN,46,Bengaluru
CLM0032169,BEN_00731,Marathahalli,2021-09-13,14,0,0,0,0,0,1,0,0,0,0.0,0.147671,0,0.0,0,328,4,5,0.2469,0.1883,GREEN,42,Bengaluru
CLM0032170,BEN_05963,HSR Layout,2022-02-06,16,0,0,0,0,0,1,0,0,0,0.0,0.435189,0,0.0,0,342,1,5,0.8218,0.1048,GREEN,44,Bengaluru
CLM0032171,BEN_04220,Marathahalli,2023-06-18,10,0,0,0,0,0,0,0,0,0,0.0,0.222932,0,0.0,1,420,2,3,0.1686,0.0701,GREEN,44,Bengaluru
CLM0032172,BEN_06947,Jayanagar,2021-09-26,17,0,0,0,0,0,1,0,1,0,0.0,0.120899,0,0.0,0,5,2,0,0.98,0.1854,GREEN,18,Bengaluru
CLM0032173,BEN_01224,Electronic City,2022-08-24,17,0,0,0,1,1,0,1,1,1,1.0,1.0,0,1.0,1,5,2,18,0.2004,0.0,GREEN,33,Bengaluru
CLM0032174,BEN_02998,HSR Layout,2025-11-11,21,0,0,0,0,0,0,0,0,0,0.0,1.0,0,0.0,0,174,0,5,0.8451,0.0,GREEN,58,Bengaluru
CLM0032175,BEN_02703,Jayanagar,2024-10-04,7,0,0,0,0,0,0,0,0,0,0.0,1.0,0,0.0,0,420,4,3,0.8716,0.0,GREEN,46,Bengaluru
CLM0032176,BEN_08086,Whitefield,2023-07-21,11,0,0,0,0,0,0,0,1,0,1.0,0.306809,0,0.0,0,265,2,3,0.9221,0.1451,GREEN,53,Bengaluru
CLM0032177,BEN_03453,Rajajinagar,2022-05-25,9,0,0,0,0,0,0,0,0,0,0.0,0.06147,0,0.0,0,61,4,2,0.5373,0.0,GREEN,47,Bengaluru
CLM0032178,BEN_01552,Jayanagar,2025-06-22,10,0,0,0,0,0,0,0,0,1,0.0,0.352997,0,0.0,0,138,4,1,0.6873,0.1697,GREEN,45,Bengaluru
CLM0032179,BEN_00449,Indiranagar,2025-01-03,14,0,0,0,0,0,0,0,0,0,0.0,0.069484,0,0.0,0,176,4,4,0.7462,0.0,GREEN,42,Bengaluru
CLM0032180,BEN_08378,Whitefield,2022-11-11,10,0,0,0,0,0,0,0,0,0,1.0,0.1612,0,0.0,0,114,2,1,0.788,0.063,GREEN,25,Bengaluru
CLM0032181,BEN_05559,Electronic City,2021-07-08,8,0,0,0,0,0,0,0,0,0,1.0,0.293294,0,0.0,0,23,3,2,0.1675,0.0601,GREEN,31,Bengaluru
CLM0032182,BEN_02373,BTM Layout,2024-01-26,20,0,0,0,1,0,1,0,0,0,0.0,0.170506,0,0.0,0,25,3,2,0.7425,0.3455,YELLOW,47,Bengaluru
CLM0032183,BEN_09246,Koramangala,2023-01-13,16,0,0,0,0,0,0,0,0,0,0.0,0.458917,0,0.0,0,144,3,0,0.2447,0.1143,GREEN,24,Bengaluru
CLM0032184,BEN_02548,Rajajinagar,2022-01-28,15,0,0,0,0,0,0,0,0,0,0.0,0.140651,0,0.0,0,382,0,5,0.5709,0.0271,GREEN,37,Bengaluru
CLM0032185,BEN_09013,Jayanagar,2016-08-18,19,0,0,0,0,0,0,0,0,0,0.0,0.139255,0,0.0,0,404,1,6,0.6592,0.0,GREEN,44,Bengaluru
CLM0032186,BEN_02740,Marathahalli,2023-07-19,21,0,0,0,0,0,0,0,0,0,0.0,0.124114,0,0.0,0,116,4,6,0.1939,0.0408,GREEN,39,Bengaluru
CLM0032187,BEN_05908,Whitefield,2015-07-14,14,0,0,0,1,0,1,1,1,0,1.0,0.978234,1,0.0,1,9,2,18,0.2736,0.0881,GREEN,40,Bengaluru
CLM0032188,BEN_02726,Whitefield,2025-09-29,15,0,0,0,0,0,0,0,0,0,0.0,0.09101,0,0.0,0,336,3,2,0.7989,0.0,GREEN,54,Bengaluru
CLM0032189,BEN_08065,Rajajinagar,2024-05-15,15,0,0,0,0,0,0,0,0,0,0.0,0.966494,0,0.0,0,40,3,3,0.77,0.05,GREEN,66,Bengaluru
CLM0032190,BEN_05317,Electronic City,2025-09-09,17,0,0,0,0,1,0,0,0,0,0.0,0.043657,0,0.0,0,119,3,1,0.7993,0.2165,GREEN,39,Bengaluru
CLM0032191,BEN_00129,Electronic City,2021-11-07,7,0,0,0,0,0,0,1,1,0,1.0,1.0,1,0.0,1,5,4,18,0.4551,0.0464,GREEN,56,Bengaluru
CLM0032192,BEN_03823,Electronic City,2023-10-10,21,0,0,0,0,0,0,1,0,0,0.0,1.0,0,0.0,0,420,2,4,0.1407,0.1001,GREEN,18,Bengaluru
CLM0032193,BEN_06542,Yelahanka,2021-05-20,20,0,0,0,0,0,0,0,0,0,0.0,1.0,0,0.0,0,285,1,5,0.6709,0.0328,GREEN,42,Bengaluru
CLM0032194,BEN_00545,Indiranagar,2017-01-16,21,0,0,0,0,0,0,0,1,0,1.0,0.107191,0,0.0,0,141,3,0,0.9314,0.1732,GREEN,44,Bengaluru
CLM0032195,BEN_08064,BTM Layout,2022-08-09,9,0,0,0,0,0,1,1,0,0,0.0,0.0,0,0.0,0,60,1,4,0.8526,0.1315,GREEN,47,Bengaluru
CLM0032196,BEN_06313,Indiranagar,2020-10-13,9,0,0,0,1,0,0,1,0,1,1.0,0.00781,0,1.0,0,22,1,18,0.2311,0.1867,GREEN,39,Bengaluru
CLM0032197,BEN_03858,Whitefield,2022-01-07,15,0,0,0,0,0,0,0,0,0,0.0,0.086635,0,1.0,0,326,2,2,0.8811,0.0313,GREEN,44,Bengaluru
CLM0032198,BEN_06835,Yelahanka,2025-04-08,13,0,0,0,0,1,0,0,1,0,0.0,0.05865,0,0.0,0,54,2,4,0.4545,0.2037,GREEN,55,Bengaluru
CLM0032199,BEN_03952,Indiranagar,2016-04-24,9,0,1,1,0,0,0,0,0,0,0.0,0.144029,0,0.0,0,257,4,0,0.1372,0.0,GREEN,42,Bengaluru
CLM0032200,BEN_05551,Jayanagar,2024-09-22,11,0,0,0,0,0,0,0,0,0,1.0,0.315549,0,0.0,0,103,1,0,0.9364,0.1214,GREEN,33,Bengaluru
CLM0032201,BEN_03292,Electronic City,2024-05-17,18,0,0,0,0,0,0,1,0,0,1.0,0.998431,0,1.0,0,368,3,4,0.8136,0.002,GREEN,22,Bengaluru
CLM0032202,BEN_07916,Whitefield,2022-11-03,15,0,0,0,0,0,0,0,0,0,0.0,0.067233,0,0.0,0,13,4,0,0.7294,0.0,GREEN,28,Bengaluru
CLM0032203,BEN_00423,Whitefield,2023-05-12,10,0,0,0,0,0,0,0,0,0,0.0,0.302602,0,0.0,0,420,1,4,0.7656,0.0592,GREEN,45,Bengaluru
CLM0032204,BEN_09958,Indiranagar,2025-01-01,20,0,0,0,0,0,0,0,0,0,0.0,0.148968,0,0.0,0,278,4,5,0.6929,0.0,GREEN,45,Bengaluru
CLM0032205,BEN_02846,Whitefield,2024-01-01,9,0,0,0,0,0,0,1,0,0,0.0,0.019827,0,0.0,0,5,3,0,0.691,0.0776,GREEN,57,Bengaluru
CLM0032206,BEN_02856,Yelahanka,2025-06-25,19,0,0,0,0,0,0,0,0,0,0.0,0.335965,0,0.0,0,136,2,0,0.8777,0.0,GREEN,56,Bengaluru
CLM0032207,BEN_08692,HSR Layout,2024-11-05,17,0,0,0,0,0,0,0,0,0,1.0,0.298028,0,0.0,0,391,2,4,0.7191,0.0355,GREEN,50,Bengaluru
CLM0032208,BEN_08957,Whitefield,2023-08-22,10,0,0,0,0,0,0,0,0,0,0.0,0.29639,0,0.0,0,113,0,1,0.4959,0.0315,GREEN,50,Bengaluru
CLM0032209,BEN_09416,Rajajinagar,2025-04-08,19,0,0,0,0,0,0,0,1,0,0.0,0.392498,0,0.0,0,319,2,1,0.649,0.147,GREEN,42,Bengaluru
CLM0032210,BEN_07400,Whitefield,2024-09-22,20,0,0,0,0,0,0,0,0,0,0.0,0.151752,0,0.0,0,79,1,5,0.6898,0.0668,GREEN,37,Bengaluru
CLM0032211,BEN_05123,Koramangala,2024-03-07,7,0,0,0,1,0,0,0,0,0,0.0,0.952815,0,0.0,0,369,1,2,0.5669,0.0553,GREEN,39,Bengaluru
CLM0032212,BEN_03146,Electronic City,2024-03-08,11,0,0,0,0,0,0,1,0,0,0.0,0.230463,1,0.0,1,365,4,0,0.581,0.2198,GREEN,33,Bengaluru
CLM0032213,BEN_02598,Yelahanka,2023-09-28,17,0,0,0,0,0,0,0,0,0,0.0,1.0,0,0.0,0,103,0,3,0.7747,0.0,GREEN,45,Bengaluru
CLM0032214,BEN_04290,Koramangala,2023-10-19,18,0,0,0,0,0,0,0,0,0,0.0,0.238703,0,0.0,0,407,3,5,0.9624,0.0331,GREEN,46,Bengaluru
CLM0032215,BEN_03319,Electronic City,2024-07-16,9,0,0,0,0,0,0,0,0,0,1.0,0.941476,0,1.0,0,164,1,4,0.2534,0.133,GREEN,41,Bengaluru
CLM0032216,BEN_04735,Yelahanka,2025-05-17,10,0,0,0,0,0,0,0,0,0,1.0,0.109356,0,0.0,0,249,3,3,0.814,0.0676,GREEN,37,Bengaluru
CLM0032217,BEN_02815,Koramangala,2020-03-28,13,0,0,0,0,0,0,0,0,0,0.0,0.198241,0,0.0,0,305,0,1,0.9079,0.1079,GREEN,49,Bengaluru
CLM0032218,BEN_07075,Indiranagar,2019-09-13,21,0,0,0,0,0,0,0,0,0,0.0,0.195669,0,0.0,0,420,1,2,0.5303,0.0,GREEN,52,Bengaluru
CLM0032219,BEN_04626,Marathahalli,2023-02-17,10,0,0,0,0,0,0,0,0,0,0.0,0.36223,0,0.0,0,358,1,2,0.7853,0.0026,GREEN,50,Bengaluru
CLM0032220,BEN_08634,Yelahanka,2017-01-06,21,0,0,0,0,0,0,0,0,0,0.0,1.0,0,0.0,0,420,2,6,0.795,0.0,GREEN,35,Bengaluru
CLM0032221,BEN_09312,Electronic City,2021-09-04,15,0,0,0,0,0,0,0,1,0,0.0,0.313012,0,0.0,1,147,0,5,0.7839,0.1638,GREEN,44,Bengaluru
CLM0032222,BEN_06310,HSR Layout,2020-06-01,7,0,0,0,0,0,0,0,0,0,0.0,0.98091,0,0.0,0,403,4,2,0.5742,0.0,GREEN,18,Bengaluru
CLM0032223,BEN_07827,BTM Layout,2020-09-20,20,0,0,0,0,0,0,0,0,0,0.0,0.190335,0,0.0,0,156,4,0,0.6376,0.006,GREEN,37,Bengaluru
CLM0032224,BEN_06015,HSR Layout,2024-03-07,14,0,0,0,0,0,0,0,0,0,0.0,1.0,0,0.0,0,171,0,3,0.8666,0.0205,GREEN,40,Bengaluru
CLM0032225,BEN_02632,Yelahanka,2024-02-25,11,0,0,0,0,0,0,0,0,0,0.0,0.075171,0,0.0,0,294,1,1,0.1959,0.0695,GREEN,45,Bengaluru
CLM0032226,BEN_01267,Electronic City,2021-10-02,13,0,0,0,0,0,1,1,0,0,0.0,0.16065,0,0.0,0,175,1,1,0.6877,0.1777,GREEN,44,Bengaluru
CLM0032227,BEN_07612,BTM Layout,2021-06-27,8,0,0,0,0,0,0,0,0,0,0.0,0.105273,0,0.0,0,75,4,0,0.5191,0.0,GREEN,51,Bengaluru
CLM0032228,BEN_03164,Indiranagar,2025-06-25,17,0,0,0,0,0,0,0,0,0,0.0,0.184658,0,0.0,0,207,3,3,0.5006,0.1673,GREEN,42,Bengaluru
CLM0032229,BEN_06010,Indiranagar,2021-01-24,12,0,0,0,0,0,0,0,0,0,0.0,0.421802,0,0.0,0,64,1,1,0.674,0.0174,GREEN,50,Bengaluru
CLM0032230,BEN_08771,Yelahanka,2024-10-11,11,0,0,0,0,0,0,0,0,0,0.0,0.138239,0,0.0,0,201,3,0,0.7152,0.0299,GREEN,49,Bengaluru
CLM0032231,BEN_03411,Jayanagar,2018-08-14,19,0,0,0,0,0,0,0,0,0,0.0,0.197775,0,0.0,0,412,2,0,0.98,0.0,GREEN,47,Bengaluru
CLM0032232,BEN_00856,Rajajinagar,2023-04-02,14,0,0,0,0,0,0,0,0,0,0.0,0.281036,1,0.0,0,105,2,3,0.548,0.0697,GREEN,43,Bengaluru
CLM0032233,BEN_02492,Yelahanka,2025-09-25,16,0,0,0,0,0,1,1,0,0,0.0,0.013504,0,0.0,0,243,4,2,0.6076,0.1121,GREEN,41,Bengaluru
CLM0032234,BEN_09057,Whitefield,2025-07-14,19,0,0,0,0,0,0,1,0,0,0.0,0.369297,0,1.0,0,124,4,3,0.6715,0.1178,GREEN,55,Bengaluru
CLM0032235,BEN_07893,Jayanagar,2024-05-02,17,0,0,0,0,0,0,0,0,1,0.0,0.262942,0,0.0,0,420,3,5,0.6235,0.3334,YELLOW,28,Bengaluru
CLM0032236,BEN_04236,Yelahanka,2023-09-09,15,0,0,0,0,0,0,0,0,0,1.0,0.236818,0,0.0,0,132,0,0,0.98,0.0997,GREEN,37,Bengaluru
CLM0032237,BEN_07823,Electronic City,2020-08-02,7,0,0,0,0,0,0,0,1,0,0.0,0.372065,0,0.0,0,420,3,2,0.9412,0.0134,GREEN,57,Bengaluru
CLM0032238,BEN_08129,Rajajinagar,2024-11-09,12,0,0,0,0,0,0,0,0,1,1.0,0.240776,0,0.0,1,198,2,0,0.6406,0.2714,GREEN,37,Bengaluru
CLM0032239,BEN_08060,Koramangala,2022-01-11,12,0,1,1,0,0,0,0,0,0,0.0,0.302894,0,1.0,0,138,1,0,0.7086,0.0416,GREEN,55,Bengaluru
CLM0032240,BEN_04283,Electronic City,2024-05-12,11,0,0,0,0,1,0,0,0,0,0.0,0.14032,0,0.0,0,29,1,1,0.7662,0.0915,GREEN,39,Bengaluru
CLM0032241,BEN_09805,Marathahalli,2022-01-05,12,0,0,0,0,0,0,0,0,0,1.0,0.0,0,0.0,0,234,4,0,0.5942,0.0644,GREEN,52,Bengaluru
CLM0032242,BEN_08470,HSR Layout,2021-08-23,12,0,0,0,0,0,0,0,1,0,0.0,0.311978,0,0.0,0,24,4,0,0.5221,0.09,GREEN,32,Bengaluru
CLM0032243,BEN_04958,HSR Layout,2017-06-19,15,0,0,0,0,0,0,1,0,0,0.0,0.99865,0,0.0,0,158,3,2,0.8595,0.1728,GREEN,47,Bengaluru
CLM0032244,BEN_01595,BTM Layout,2022-01-09,19,0,0,0,1,0,0,0,1,0,0.0,1.0,0,0.0,0,103,1,3,0.3151,0.3546,YELLOW,36,Bengaluru
CLM0032245,BEN_04711,BTM Layout,2025-03-24,18,0,0,0,0,0,0,0,0,0,0.0,0.088472,0,0.0,0,352,0,4,0.1197,0.1765,GREEN,53,Bengaluru
CLM0032246,BEN_06308,Koramangala,2025-03-07,21,0,0,0,0,0,0,0,0,0,0.0,1.0,0,0.0,0,247,1,3,0.7469,0.0,GREEN,25,Bengaluru
CLM0032247,BEN_04978,Jayanagar,2025-02-01,12,0,0,0,0,0,1,0,0,0,0.0,0.982206,0,1.0,0,38,1,0,0.7851,0.0287,GREEN,29,Bengaluru
CLM0032248,BEN_01900,Electronic City,2025-10-19,8,0,0,0,0,0,0,0,0,1,0.0,0.008064,0,0.0,0,33,2,1,0.7548,0.116,GREEN,47,Bengaluru
CLM0032249,BEN_09730,Jayanagar,2024-11-26,12,0,0,0,0,0,0,0,0,0,0.0,0.052248,0,0.0,0,277,0,0,0.4772,0.1217,GREEN,29,Bengaluru
CLM0032250,BEN_02506,Yelahanka,2025-08-25,13,0,0,0,0,0,0,0,0,0,0.0,0.390558,0,0.0,0,334,1,0,0.9636,0.0,GREEN,48,Bengaluru
CLM0032251,BEN_08216,Indiranagar,2024-12-17,13,0,0,0,0,0,0,0,0,0,0.0,0.203945,0,0.0,0,168,0,3,0.7276,0.0,GREEN,51,Bengaluru
CLM0032252,BEN_01109,Koramangala,2025-12-04,11,0,0,0,0,0,0,0,1,0,0.0,0.288772,0,0.0,0,68,2,0,0.701,0.0926,GREEN,43,Bengaluru
CLM0032253,BEN_01160,BTM Layout,2025-08-20,16,0,0,0,0,0,0,0,0,0,0.0,0.063472,0,0.0,0,122,4,3,0.756,0.0,GREEN,62,Bengaluru
CLM0032254,BEN_00535,Koramangala,2024-11-19,18,0,0,0,0,0,0,0,0,0,0.0,0.382307,0,0.0,0,59,0,0,0.05,0.0219,GREEN,29,Bengaluru
CLM0032255,BEN_01238,Koramangala,2025-06-20,21,0,0,0,0,0,0,0,0,0,0.0,0.956334,0,0.0,0,250,3,0,0.8159,0.1513,GREEN,40,Bengaluru
CLM0032256,BEN_00189,Marathahalli,2024-11-17,12,0,0,0,0,0,0,0,0,0,0.0,0.214865,0,0.0,0,105,4,5,0.856,0.0,GREEN,47,Bengaluru
CLM0032257,BEN_00060,Whitefield,2025-09-20,13,0,0,0,0,0,0,0,0,0,0.0,0.005595,0,0.0,0,290,2,0,0.7252,0.0,GREEN,42,Bengaluru
CLM0032258,BEN_08789,BTM Layout,2024-12-02,16,0,0,0,0,0,0,0,0,0,0.0,0.078357,0,0.0,0,357,2,6,0.6507,0.0,GREEN,36,Bengaluru
CLM0032259,BEN_08511,Jayanagar,2023-10-06,19,0,0,0,1,1,0,1,1,1,1.0,0.184951,0,1.0,1,5,3,18,0.0758,0.1107,GREEN,46,Bengaluru
CLM0032260,BEN_07191,Marathahalli,2024-12-19,11,0,0,0,0,0,0,0,0,0,1.0,1.0,0,0.0,0,241,1,1,0.6087,0.0626,GREEN,37,Bengaluru
CLM0032261,BEN_04967,Rajajinagar,2019-03-01,10,0,0,0,0,0,1,0,0,0,0.0,0.034136,0,0.0,0,132,2,4,0.7243,0.0891,GREEN,58,Bengaluru
CLM0032262,BEN_05922,BTM Layout,2023-01-19,18,0,0,0,0,0,0,0,0,0,0.0,0.219683,0,0.0,0,284,1,1,0.9671,0.0395,GREEN,39,Bengaluru
CLM0032263,BEN_07586,Jayanagar,2019-12-15,11,0,0,0,0,0,0,0,0,0,0.0,0.289111,0,0.0,0,199,3,4,0.7266,0.1468,GREEN,29,Bengaluru
CLM0032264,BEN_09274,Jayanagar,2019-06-06,9,0,0,0,0,0,0,0,0,0,0.0,0.186327,0,0.0,0,85,3,0,0.98,0.1657,GREEN,40,Bengaluru
CLM0032265,BEN_00579,Whitefield,2018-03-11,19,0,0,0,0,0,0,0,0,0,0.0,1.0,0,0.0,0,122,2,2,0.98,0.0593,GREEN,33,Bengaluru
CLM0032266,BEN_07686,Koramangala,2024-11-09,15,0,0,0,0,0,0,0,0,0,0.0,0.121627,1,0.0,0,413,4,0,0.686,0.129,GREEN,38,Bengaluru
CLM0032267,BEN_04772,Electronic City,2020-05-18,16,0,0,0,0,0,1,0,1,0,0.0,0.476894,0,0.0,0,247,3,5,0.2366,0.3835,YELLOW,42,Bengaluru
CLM0032268,BEN_04235,Koramangala,2024-08-15,11,0,0,0,0,0,0,0,0,0,0.0,0.204532,0,0.0,0,5,3,0,0.05,0.0075,GREEN,42,Bengaluru
CLM0032269,BEN_01261,Koramangala,2018-05-21,20,0,0,0,0,0,0,0,0,1,0.0,0.10133,0,0.0,0,286,3,3,0.9676,0.0594,GREEN,43,Bengaluru
CLM0032270,BEN_05044,Marathahalli,2018-08-25,20,0,0,0,0,0,0,0,0,0,1.0,0.371405,0,0.0,0,246,0,0,0.3901,0.0887,GREEN,55,Bengaluru
CLM0032271,BEN_06926,Whitefield,2025-07-22,11,0,0,0,0,0,0,0,0,0,1.0,1.0,0,1.0,0,106,0,2,0.7873,0.0,GREEN,36,Bengaluru
CLM0032272,BEN_04688,Electronic City,2023-01-19,17,0,0,0,0,0,0,0,0,0,0.0,0.184663,0,0.0,0,259,0,1,0.7544,0.0519,GREEN,35,Bengaluru
CLM0032273,BEN_06621,HSR Layout,2022-01-30,13,0,0,0,1,0,1,1,0,1,0.0,0.146576,0,0.0,1,5,4,18,0.9623,0.1083,GREEN,47,Bengaluru
CLM0032274,BEN_03184,Rajajinagar,2021-04-15,21,0,0,0,0,0,1,0,0,0,0.0,0.377892,0,0.0,0,420,1,5,0.0619,0.1618,GREEN,52,Bengaluru
CLM0032275,BEN_05453,Jayanagar,2024-12-17,16,0,0,0,0,0,1,0,0,0,0.0,0.0,0,0.0,0,264,0,5,0.9691,0.1534,GREEN,31,Bengaluru
CLM0032276,BEN_08193,Jayanagar,2023-06-06,20,0,0,0,0,0,0,1,0,0,0.0,0.23764,0,0.0,0,60,4,1,0.0726,0.1019,GREEN,58,Bengaluru
CLM0032277,BEN_03415,Rajajinagar,2023-12-09,14,0,0,0,0,1,0,0,1,0,0.0,0.037004,0,0.0,0,349,4,6,0.05,0.229,GREEN,35,Bengaluru
CLM0032278,BEN_01624,Yelahanka,2024-07-14,13,0,0,0,0,0,0,0,0,0,0.0,0.256826,0,0.0,0,62,4,2,0.7701,0.0,GREEN,58,Bengaluru
CLM0032279,BEN_05784,Yelahanka,2024-08-31,16,0,0,0,0,0,1,0,0,0,0.0,0.216305,0,0.0,0,180,0,3,0.2241,0.1509,GREEN,45,Bengaluru
CLM0032280,BEN_02008,Indiranagar,2022-03-07,8,0,0,0,0,0,0,0,0,0,1.0,1.0,1,1.0,0,370,4,8,0.865,0.2343,GREEN,63,Bengaluru
CLM0032281,BEN_05635,Whitefield,2020-05-20,18,0,0,0,0,0,0,0,0,0,0.0,0.394236,0,0.0,0,225,0,2,0.7002,0.0,GREEN,40,Bengaluru
CLM0032282,BEN_04863,Indiranagar,2025-05-04,19,0,0,0,0,0,1,0,0,0,0.0,0.106528,0,0.0,0,364,2,1,0.7257,0.0804,GREEN,54,Bengaluru
CLM0032283,BEN_01001,Jayanagar,2024-10-15,21,0,0,0,0,0,0,1,0,0,0.0,0.145461,0,0.0,0,16,3,1,0.5672,0.0113,GREEN,35,Bengaluru
CLM0032284,BEN_07568,Whitefield,2017-09-03,8,0,0,0,0,0,0,0,0,0,0.0,0.437642,0,0.0,0,101,4,0,0.7491,0.0009,GREEN,32,Bengaluru
CLM0032285,BEN_03902,Rajajinagar,2025-07-30,15,0,0,0,0,0,0,0,0,0,1.0,0.018114,0,0.0,0,95,3,2,0.6508,0.0715,GREEN,55,Bengaluru
CLM0032286,BEN_02400,HSR Layout,2020-11-25,15,0,0,0,0,0,0,0,1,0,1.0,0.050711,0,0.0,0,212,2,1,0.98,0.0664,GREEN,58,Bengaluru
CLM0032287,BEN_04265,Koramangala,2022-05-06,10,0,0,0,0,0,1,0,0,0,0.0,0.321947,0,0.0,0,353,4,1,0.5747,0.0854,GREEN,52,Bengaluru
CLM0032288,BEN_08527,Yelahanka,2023-07-12,19,0,0,0,0,0,1,0,0,0,0.0,0.122158,0,0.0,0,238,4,3,0.5917,0.0156,GREEN,47,Bengaluru
CLM0032289,BEN_00082,HSR Layout,2025-02-27,18,0,0,0,0,0,0,0,0,0,0.0,1.0,0,0.0,0,226,0,5,0.98,0.0,GREEN,47,Bengaluru
CLM0032290,BEN_00714,BTM Layout,2024-07-13,9,0,0,0,0,0,0,0,0,0,0.0,0.112475,0,0.0,0,420,4,0,0.9481,0.0,GREEN,53,Bengaluru
CLM0032291,BEN_06105,Marathahalli,2022-07-04,18,0,0,0,0,0,1,0,0,0,0.0,0.069942,0,0.0,0,295,4,5,0.05,0.1607,GREEN,63,Bengaluru
CLM0032292,BEN_01767,Marathahalli,2022-04-28,8,0,0,0,1,1,0,1,1,1,1.0,0.0,0,0.0,1,57,3,12,0.1598,0.0077,GREEN,39,Bengaluru
CLM0032293,BEN_03323,Jayanagar,2022-11-18,9,0,0,0,0,0,0,1,0,0,0.0,0.126061,0,0.0,0,420,3,3,0.5481,0.1378,GREEN,42,Bengaluru
CLM0032294,BEN_04706,HSR Layout,2022-05-13,8,0,1,1,0,0,1,0,0,0,1.0,0.175685,0,0.0,0,113,0,0,0.8786,0.0948,GREEN,37,Bengaluru
CLM0032295,BEN_02595,Electronic City,2025-03-22,17,0,0,0,0,0,0,0,0,0,0.0,0.268969,0,0.0,0,47,3,3,0.8979,0.0,GREEN,29,Bengaluru
CLM0032296,BEN_00426,Whitefield,2021-03-21,20,0,0,0,0,0,0,0,0,1,1.0,0.033091,0,0.0,1,46,3,0,0.3338,0.367,YELLOW,51,Bengaluru
CLM0032297,BEN_02306,HSR Layout,2024-04-15,14,0,0,0,0,0,0,0,0,0,0.0,0.310337,0,0.0,0,263,1,6,0.1413,0.0193,GREEN,62,Bengaluru
CLM0032298,BEN_03131,HSR Layout,2025-06-13,7,0,0,0,0,0,0,0,0,1,0.0,0.071352,0,0.0,0,220,1,2,0.98,0.1083,GREEN,52,Bengaluru
CLM0032299,BEN_04083,Koramangala,2024-12-05,20,0,0,0,0,0,0,0,0,0,0.0,0.125003,0,0.0,0,185,2,7,0.8456,0.0,GREEN,43,Bengaluru
CLM0032300,BEN_04357,HSR Layout,2023-06-09,19,0,0,0,0,0,0,0,0,0,0.0,0.381146,0,0.0,0,233,2,3,0.98,0.0959,GREEN,48,Bengaluru
CLM0032301,BEN_03254,Rajajinagar,2020-01-21,19,0,0,0,1,0,0,0,0,0,0.0,0.406635,1,0.0,0,313,1,2,0.6316,0.2213,GREEN,65,Bengaluru
CLM0032302,BEN_00743,HSR Layout,2022-04-19,14,0,0,0,0,0,0,0,0,0,1.0,0.349892,0,0.0,0,245,0,2,0.615,0.0,GREEN,32,Bengaluru
CLM0032303,BEN_06741,Rajajinagar,2020-08-05,21,0,0,0,0,0,0,0,0,0,0.0,0.877847,0,0.0,0,86,1,2,0.601,0.1264,GREEN,43,Bengaluru
CLM0032304,BEN_07242,Marathahalli,2022-11-30,8,0,0,0,0,0,0,0,0,0,0.0,0.0,0,0.0,0,204,2,2,0.7176,0.0,GREEN,45,Bengaluru
CLM0032305,BEN_00295,Whitefield,2024-02-06,20,0,0,0,0,0,0,0,0,0,0.0,0.231857,0,0.0,0,193,4,0,0.6529,0.0458,GREEN,44,Bengaluru
CLM0032306,BEN_02582,HSR Layout,2022-08-14,20,0,0,0,0,1,0,0,0,0,0.0,0.276096,1,0.0,0,334,4,0,0.8584,0.2466,GREEN,33,Bengaluru
CLM0032307,BEN_06103,HSR Layout,2023-04-18,19,0,0,0,0,0,0,0,1,1,1.0,0.031713,0,0.0,0,158,2,1,0.877,0.3144,YELLOW,45,Bengaluru
CLM0032308,BEN_00299,Yelahanka,2021-03-11,16,0,0,0,0,0,0,0,0,0,0.0,0.328304,0,0.0,0,306,0,5,0.6383,0.0,GREEN,45,Bengaluru
CLM0032309,BEN_04708,Indiranagar,2022-04-27,8,0,0,0,0,0,0,0,0,0,0.0,0.300467,0,0.0,0,404,2,5,0.672,0.0501,GREEN,40,Bengaluru
CLM0032310,BEN_03469,HSR Layout,2019-01-30,7,0,0,0,0,0,0,0,0,0,1.0,0.257917,0,0.0,0,279,0,2,0.1819,0.0886,GREEN,30,Bengaluru
CLM0032311,BEN_01433,BTM Layout,2023-02-04,13,0,0,0,0,0,0,0,0,0,0.0,0.207658,0,0.0,0,420,2,4,0.5811,0.0339,GREEN,37,Bengaluru
CLM0032312,BEN_03130,HSR Layout,2023-08-20,13,0,0,0,0,0,0,0,0,0,0.0,0.134405,0,0.0,0,195,2,2,0.6617,0.0362,GREEN,41,Bengaluru
CLM0032313,BEN_00734,Yelahanka,2022-11-15,19,0,0,0,0,1,0,0,0,0,0.0,0.332835,0,0.0,0,420,2,0,0.6339,0.1527,GREEN,43,Bengaluru
CLM0032314,BEN_07798,Rajajinagar,2024-04-28,7,0,0,0,0,0,0,0,0,0,0.0,0.135092,0,0.0,0,115,4,5,0.8557,0.0747,GREEN,55,Bengaluru
CLM0032315,BEN_04575,Koramangala,2021-06-09,15,0,0,0,1,0,0,0,1,1,1.0,1.0,0,0.0,0,5,0,18,0.1506,0.2778,GREEN,39,Bengaluru
CLM0032316,BEN_07401,BTM Layout,2021-12-14,17,1,0,0,0,0,1,0,0,0,0.0,0.222474,0,0.0,0,228,0,0,0.75,0.1138,GREEN,52,Bengaluru
CLM0032317,BEN_02579,Jayanagar,2024-07-27,21,0,0,0,0,0,0,0,0,0,0.0,0.014668,0,0.0,1,82,3,3,0.2536,0.0652,GREEN,29,Bengaluru
CLM0032318,BEN_08602,Electronic City,2023-09-12,16,0,0,0,0,0,0,0,1,0,0.0,0.132917,0,0.0,1,420,2,4,0.2539,0.1455,GREEN,61,Bengaluru
CLM0032319,BEN_06115,Koramangala,2023-04-03,16,0,0,0,0,0,0,0,0,0,1.0,0.0,0,0.0,0,283,2,0,0.05,0.0692,GREEN,48,Bengaluru
CLM0032320,BEN_07368,Koramangala,2025-01-02,14,0,0,0,0,0,0,0,0,0,0.0,0.243925,0,0.0,0,420,3,2,0.8647,0.1062,GREEN,51,Bengaluru
CLM0032321,BEN_09709,Rajajinagar,2025-09-17,11,0,0,0,0,0,0,0,0,0,0.0,0.266357,0,1.0,0,292,4,3,0.05,0.0,GREEN,61,Bengaluru
CLM0032322,BEN_09230,Whitefield,2025-10-09,10,0,0,0,0,1,0,0,0,0,0.0,0.41097,0,0.0,1,332,0,1,0.5879,0.2628,GREEN,26,Bengaluru
CLM0032323,BEN_05261,Electronic City,2020-11-16,16,0,0,0,0,0,0,1,0,0,0.0,0.352692,0,0.0,0,377,3,4,0.6059,0.0309,GREEN,42,Bengaluru
CLM0032324,BEN_03747,Electronic City,2025-01-24,17,0,0,0,0,0,0,0,0,0,0.0,0.0,0,0.0,0,263,0,3,0.6299,0.004,GREEN,46,Bengaluru
CLM0032325,BEN_02147,Marathahalli,2024-11-24,8,0,0,0,0,0,0,0,0,0,0.0,0.263321,0,0.0,0,230,2,2,0.8252,0.0,GREEN,48,Bengaluru
CLM0032326,BEN_05018,Yelahanka,2025-04-03,13,0,0,0,0,0,0,0,0,0,1.0,0.372674,0,1.0,0,300,4,1,0.05,0.0516,GREEN,35,Bengaluru
CLM0032327,BEN_01867,Jayanagar,2025-10-07,13,0,1,1,0,1,0,0,1,0,0.0,0.159536,0,0.0,1,22,2,18,0.7779,0.0737,GREEN,25,Bengaluru
CLM0032328,BEN_02895,Jayanagar,2024-03-09,15,0,0,0,0,0,0,0,0,0,0.0,0.276588,0,0.0,1,282,1,2,0.5475,0.0568,GREEN,47,Bengaluru
CLM0032329,BEN_00190,Marathahalli,2025-03-25,8,0,0,0,0,0,0,0,0,1,1.0,0.244668,0,0.0,1,368,1,0,0.05,0.262,GREEN,65,Bengaluru
CLM0032330,BEN_04613,Yelahanka,2024-12-16,10,0,0,0,0,0,0,0,0,0,0.0,0.383621,0,1.0,0,32,4,0,0.6112,0.0,GREEN,48,Bengaluru
CLM0032331,BEN_03490,Electronic City,2024-07-12,10,0,0,0,0,0,1,0,0,0,0.0,0.03146,0,0.0,0,323,2,1,0.8955,0.0776,GREEN,48,Bengaluru
CLM0032332,BEN_08603,Jayanagar,2025-06-02,7,0,0,0,0,0,0,0,0,0,0.0,0.330149,0,0.0,0,178,0,6,0.7845,0.0,GREEN,54,Bengaluru
CLM0032333,BEN_01654,HSR Layout,2024-09-14,19,0,0,0,0,0,0,0,0,0,1.0,1.0,0,1.0,0,46,4,1,0.9465,0.0,GREEN,32,Bengaluru
CLM0032334,BEN_05708,Rajajinagar,2021-07-18,15,0,0,0,0,0,0,0,0,0,0.0,0.391787,0,0.0,0,420,0,6,0.6047,0.0,GREEN,50,Bengaluru
CLM0032335,BEN_05287,Jayanagar,2020-04-13,15,0,1,1,0,0,0,0,0,0,1.0,0.0,0,0.0,0,250,3,0,0.9421,0.041,GREEN,51,Bengaluru
CLM0032336,BEN_09630,HSR Layout,2021-10-20,16,0,1,1,0,0,0,1,0,1,0.0,0.086331,0,0.0,0,61,3,4,0.923,0.1333,GREEN,54,Bengaluru
CLM0032337,BEN_02328,Indiranagar,2024-06-03,16,0,0,0,0,0,0,0,1,0,0.0,0.972244,1,0.0,0,104,3,4,0.926,0.0807,GREEN,39,Bengaluru
CLM0032338,BEN_05205,Rajajinagar,2022-07-18,11,0,0,0,0,0,0,0,0,0,0.0,0.249212,0,0.0,0,251,3,0,0.6972,0.0969,GREEN,53,Bengaluru
CLM0032339,BEN_07911,HSR Layout,2021-01-29,19,0,0,0,0,0,0,0,0,0,0.0,0.102997,0,1.0,0,84,3,0,0.7257,0.0,GREEN,43,Bengaluru
CLM0032340,BEN_01746,Indiranagar,2020-11-06,19,0,0,0,0,0,0,0,0,0,0.0,0.408645,0,0.0,0,172,1,4,0.967,0.0338,GREEN,55,Bengaluru
CLM0032341,BEN_05625,BTM Layout,2019-12-27,14,0,0,0,0,0,0,0,0,0,0.0,0.02616,0,0.0,0,253,1,1,0.5199,0.0392,GREEN,41,Bengaluru
CLM0032342,BEN_09410,BTM Layout,2020-08-17,11,0,0,0,0,0,0,0,1,0,0.0,1.0,0,0.0,0,420,1,6,0.8534,0.0993,GREEN,38,Bengaluru
CLM0032343,BEN_03177,Whitefield,2025-10-14,17,0,0,0,1,0,0,0,0,0,0.0,0.383953,0,0.0,0,248,2,0,0.98,0.1853,GREEN,47,Bengaluru
CLM0032344,BEN_03519,BTM Layout,2025-10-07,8,0,0,0,1,0,0,0,1,0,0.0,0.09582,0,0.0,0,318,0,1,0.6443,0.2116,GREEN,24,Bengaluru
CLM0032345,BEN_07995,HSR Layout,2025-09-18,15,0,0,0,0,0,0,0,0,0,0.0,0.396226,0,0.0,0,93,0,5,0.2828,0.0241,GREEN,37,Bengaluru
CLM0032346,BEN_03504,Koramangala,2023-08-14,20,0,0,0,0,0,0,0,0,0,1.0,1.0,0,1.0,0,220,4,0,0.7348,0.0,GREEN,43,Bengaluru
CLM0032347,BEN_04366,HSR Layout,2024-05-22,7,0,0,0,0,0,0,0,0,0,0.0,0.206244,0,0.0,0,366,2,2,0.5818,0.0818,GREEN,50,Bengaluru
CLM0032348,BEN_02094,Jayanagar,2024-09-23,19,0,0,0,0,0,0,0,0,0,0.0,0.078244,0,0.0,0,181,0,4,0.755,0.0988,GREEN,43,Bengaluru
CLM0032349,BEN_04146,HSR Layout,2024-05-06,15,0,0,0,0,0,0,0,0,0,0.0,0.195933,0,0.0,0,409,4,0,0.625,0.0508,GREEN,56,Bengaluru
CLM0032350,BEN_00746,Whitefield,2023-06-29,9,0,0,0,0,1,0,0,0,0,0.0,0.08023,0,0.0,0,420,0,4,0.6496,0.0675,GREEN,44,Bengaluru
CLM0032351,BEN_09347,Whitefield,2023-05-17,9,0,0,0,0,0,0,0,0,0,0.0,0.226695,0,0.0,0,105,3,3,0.05,0.0,GREEN,32,Bengaluru
CLM0032352,BEN_08288,Koramangala,2024-05-31,13,0,0,0,0,0,0,0,0,0,0.0,0.403606,0,0.0,1,181,4,4,0.6387,0.0075,GREEN,44,Bengaluru
CLM0032353,BEN_06354,Yelahanka,2025-01-25,13,0,0,0,0,0,0,1,0,0,0.0,0.128634,0,1.0,0,261,4,0,0.6368,0.0218,GREEN,40,Bengaluru
CLM0032354,BEN_04799,Jayanagar,2023-04-11,13,0,1,1,0,0,0,0,0,0,1.0,1.0,0,0.0,0,420,3,7,0.6233,0.1227,GREEN,48,Bengaluru
CLM0032355,BEN_06481,Rajajinagar,2020-05-31,19,0,0,0,0,0,0,0,0,0,0.0,0.183356,1,0.0,0,18,4,2,0.98,0.0745,GREEN,60,Bengaluru
CLM0032356,BEN_09471,Electronic City,2025-06-11,7,0,0,0,0,0,0,1,0,1,0.0,0.105394,0,0.0,0,51,1,5,0.7427,0.1728,GREEN,44,Bengaluru
CLM0032357,BEN_02548,Rajajinagar,2023-04-12,10,0,0,0,0,0,0,0,0,0,0.0,0.111119,0,0.0,0,48,2,6,0.5542,0.0207,GREEN,37,Bengaluru
CLM0032358,BEN_01603,Whitefield,2021-10-15,8,0,0,0,0,0,0,0,0,0,0.0,1.0,0,0.0,0,291,3,6,0.726,0.0182,GREEN,39,Bengaluru
CLM0032359,BEN_04459,Marathahalli,2020-02-25,10,0,0,0,0,0,0,0,0,0,1.0,0.140959,0,0.0,0,172,1,4,0.8815,0.1284,GREEN,46,Bengaluru
CLM0032360,BEN_03768,HSR Layout,2020-01-16,21,0,0,0,0,0,0,0,0,0,0.0,0.195728,0,0.0,0,188,2,5,0.9515,0.0162,GREEN,57,Bengaluru
CLM0032361,BEN_09766,Indiranagar,2017-11-28,21,0,0,0,0,0,0,0,0,0,0.0,0.968422,0,0.0,0,420,3,6,0.6722,0.0,GREEN,52,Bengaluru
CLM0032362,BEN_03434,Marathahalli,2020-03-17,20,0,0,0,0,1,1,0,0,0,1.0,0.373188,0,0.0,0,319,4,0,0.1314,0.224,GREEN,55,Bengaluru
CLM0032363,BEN_03236,Electronic City,2022-10-19,16,0,0,0,0,0,0,0,0,0,0.0,0.094854,0,0.0,0,122,4,0,0.4683,0.0,GREEN,39,Bengaluru
CLM0032364,BEN_06920,Indiranagar,2022-10-23,18,0,0,0,0,0,0,0,0,0,0.0,0.120706,0,0.0,0,420,0,0,0.7528,0.0802,GREEN,43,Bengaluru
CLM0032365,BEN_08889,Whitefield,2025-05-04,17,0,0,0,0,0,0,0,0,0,0.0,0.153771,0,0.0,0,38,3,0,0.805,0.0,GREEN,27,Bengaluru
CLM0032366,BEN_00773,Marathahalli,2022-11-24,14,0,0,0,0,0,0,0,0,0,0.0,0.049169,0,0.0,0,111,0,0,0.5303,0.0067,GREEN,41,Bengaluru
CLM0032367,BEN_05889,Indiranagar,2021-05-05,7,0,0,0,0,0,0,0,0,0,0.0,0.226326,0,0.0,0,420,4,1,0.7371,0.0,GREEN,42,Bengaluru
CLM0032368,BEN_06978,Koramangala,2023-01-30,16,0,0,0,0,0,0,0,1,0,0.0,0.367618,0,0.0,0,254,2,0,0.05,0.0409,GREEN,44,Bengaluru
CLM0032369,BEN_08131,Indiranagar,2023-07-28,16,0,0,0,1,0,1,0,0,0,0.0,0.481309,0,0.0,0,276,1,4,0.9699,0.3381,YELLOW,54,Bengaluru
CLM0032370,BEN_09546,Electronic City,2021-03-07,7,0,0,0,0,0,0,0,0,0,0.0,0.218526,0,0.0,0,354,4,1,0.6446,0.0687,GREEN,54,Bengaluru
CLM0032371,BEN_05324,Whitefield,2024-03-29,7,0,0,0,0,0,0,0,0,0,0.0,0.072912,0,0.0,0,7,2,2,0.1806,0.0693,GREEN,24,Bengaluru
CLM0032372,BEN_08811,Marathahalli,2020-07-21,18,0,0,0,0,0,0,0,0,0,0.0,0.113046,0,0.0,0,412,0,3,0.8994,0.0141,GREEN,52,Bengaluru
CLM0032373,BEN_06452,Koramangala,2021-11-09,9,0,0,0,0,0,0,0,0,0,1.0,0.257033,0,0.0,0,257,2,0,0.5745,0.1856,GREEN,34,Bengaluru
CLM0032374,BEN_07689,Jayanagar,2022-10-15,12,0,0,0,0,0,0,0,0,0,1.0,0.291619,0,0.0,0,159,3,0,0.7829,0.0836,GREEN,34,Bengaluru
CLM0032375,BEN_02155,Marathahalli,2022-05-10,9,0,0,0,1,0,0,0,0,0,0.0,0.125859,0,0.0,0,152,1,0,0.7107,0.1869,GREEN,32,Bengaluru
CLM0032376,BEN_06313,Indiranagar,2024-01-16,12,0,1,1,1,0,0,0,0,0,0.0,0.0,0,0.0,0,137,4,0,0.5748,0.1761,GREEN,39,Bengaluru
CLM0032377,BEN_08396,HSR Layout,2019-11-14,8,0,0,0,0,0,0,0,0,0,0.0,0.101658,0,0.0,0,230,2,4,0.7268,0.0354,GREEN,33,Bengaluru
CLM0032378,BEN_09832,Koramangala,2020-08-19,21,0,0,0,0,0,0,0,0,0,0.0,0.0,0,0.0,0,234,3,3,0.4473,0.0,GREEN,32,Bengaluru
CLM0032379,BEN_09021,Electronic City,2024-02-08,9,0,0,0,0,0,0,1,0,0,0.0,0.880873,0,0.0,0,163,2,6,0.1937,0.0031,GREEN,45,Bengaluru
CLM0032380,BEN_05870,Marathahalli,2019-04-29,8,0,0,0,0,0,0,0,0,0,0.0,0.184551,0,0.0,0,76,4,0,0.86,0.0,GREEN,47,Bengaluru
CLM0032381,BEN_01051,Whitefield,2024-10-02,9,0,0,0,0,0,0,0,0,0,1.0,0.387386,0,0.0,0,34,0,2,0.98,0.0106,GREEN,37,Bengaluru
CLM0032382,BEN_05839,Koramangala,2023-06-26,12,0,0,0,0,0,0,0,0,0,0.0,0.0,0,0.0,0,203,1,1,0.7408,0.0397,GREEN,51,Bengaluru
CLM0032383,BEN_05411,Marathahalli,2017-10-30,16,0,0,0,0,0,0,0,0,0,0.0,0.973004,1,0.0,0,420,3,0,0.1175,0.0512,GREEN,63,Bengaluru
CLM0032384,BEN_09826,BTM Layout,2024-10-23,12,0,0,0,0,0,0,0,0,0,0.0,0.131242,0,0.0,0,78,0,2,0.1182,0.0665,GREEN,42,Bengaluru
CLM0032385,BEN_02383,Electronic City,2022-05-27,17,0,0,0,0,0,0,0,0,1,0.0,0.103388,0,0.0,0,235,3,2,0.8165,0.1527,GREEN,34,Bengaluru
CLM0032386,BEN_00806,Marathahalli,2023-12-25,7,0,0,0,0,0,0,0,0,1,0.0,0.267875,0,0.0,0,91,1,3,0.0811,0.1939,GREEN,47,Bengaluru
CLM0032387,BEN_00027,HSR Layout,2022-03-31,17,0,0,0,0,0,0,0,0,0,0.0,0.0,0,0.0,0,420,2,2,0.6101,0.0,GREEN,43,Bengaluru
CLM0032388,BEN_00303,Koramangala,2022-11-08,16,0,0,0,0,0,0,0,1,0,0.0,0.306708,0,0.0,0,420,3,5,0.6394,0.163,GREEN,54,Bengaluru
CLM0032389,BEN_07294,Koramangala,2022-06-10,8,0,0,0,0,0,0,0,0,0,0.0,0.272954,0,0.0,0,131,3,0,0.796,0.0,GREEN,53,Bengaluru
CLM0032390,BEN_07090,Yelahanka,2022-10-18,9,0,0,0,0,0,0,0,0,0,0.0,0.21724,0,0.0,0,230,0,1,0.98,0.0119,GREEN,33,Bengaluru
CLM0032391,BEN_06165,BTM Layout,2019-08-23,7,0,0,0,0,0,1,0,0,0,0.0,0.321968,0,0.0,1,327,2,4,0.823,0.0844,GREEN,33,Bengaluru
CLM0032392,BEN_08912,Whitefield,2024-08-14,16,0,0,0,0,0,0,0,0,0,0.0,0.267996,0,0.0,0,375,0,4,0.9623,0.0,GREEN,46,Bengaluru
CLM0032393,BEN_02972,Electronic City,2019-10-03,7,0,0,0,0,0,0,0,0,0,0.0,0.28767,0,0.0,0,142,1,4,0.7498,0.1437,GREEN,46,Bengaluru
CLM0032394,BEN_00331,Electronic City,2020-11-16,12,0,0,0,0,0,0,0,0,0,0.0,0.155092,0,1.0,0,171,1,2,0.1285,0.0,GREEN,33,Bengaluru
CLM0032395,BEN_09865,Jayanagar,2025-10-17,9,0,0,0,0,0,0,0,0,0,0.0,0.355041,0,0.0,0,201,0,7,0.4723,0.0,GREEN,65,Bengaluru
CLM0032396,BEN_03841,HSR Layout,2024-02-01,13,0,0,0,0,0,1,1,0,0,0.0,0.033271,0,0.0,0,219,2,0,0.6094,0.1036,GREEN,47,Bengaluru
CLM0032397,BEN_03995,Rajajinagar,2023-09-09,10,0,0,0,0,0,0,0,0,0,0.0,0.093428,0,0.0,0,250,1,0,0.5394,0.0,GREEN,47,Bengaluru
CLM0032398,BEN_00784,Koramangala,2024-09-17,21,0,0,0,0,1,0,0,0,0,0.0,0.396628,0,0.0,0,188,2,0,0.5532,0.1175,GREEN,42,Bengaluru
CLM0032399,BEN_04130,HSR Layout,2024-05-19,20,0,0,0,0,1,1,0,1,0,1.0,1.0,0,0.0,0,60,1,4,0.947,0.2965,GREEN,60,Bengaluru
CLM0032400,BEN_09533,Jayanagar,2023-01-08,9,0,0,0,0,0,0,0,0,1,0.0,0.0,0,0.0,0,220,4,1,0.6752,0.1078,GREEN,36,Bengaluru
CLM0032401,BEN_03736,Yelahanka,2025-11-27,13,0,0,0,0,0,0,0,1,0,0.0,0.046156,0,0.0,0,204,4,3,0.9334,0.14,GREEN,49,Bengaluru
CLM0032402,BEN_06135,HSR Layout,2021-09-06,19,0,0,0,0,0,0,0,0,0,0.0,0.068792,0,0.0,0,240,0,2,0.5939,0.0,GREEN,46,Bengaluru
CLM0032403,BEN_04602,Jayanagar,2021-04-24,9,0,0,0,0,0,1,0,0,0,1.0,0.166423,0,0.0,0,420,1,0,0.7506,0.1321,GREEN,18,Bengaluru
CLM0032404,BEN_09176,Whitefield,2024-02-24,7,0,0,0,0,0,1,0,0,0,0.0,0.227028,0,0.0,1,420,2,6,0.2547,0.1194,GREEN,44,Bengaluru
CLM0032405,BEN_00124,Whitefield,2022-06-05,11,0,0,0,0,0,0,0,0,0,0.0,0.213802,0,0.0,0,238,1,0,0.6751,0.0,GREEN,47,Bengaluru
CLM0032406,BEN_09505,HSR Layout,2023-06-28,11,0,0,0,0,0,0,1,0,0,0.0,0.277198,0,0.0,0,420,0,4,0.6871,0.2522,GREEN,63,Bengaluru
CLM0032407,BEN_05777,Marathahalli,2024-07-23,20,0,0,0,0,0,0,0,0,1,1.0,0.077182,0,0.0,0,150,2,1,0.8111,0.106,GREEN,27,Bengaluru
CLM0032408,BEN_04787,Whitefield,2025-01-04,14,0,0,0,0,0,0,0,0,0,0.0,0.339376,0,0.0,0,343,1,4,0.8972,0.0458,GREEN,44,Bengaluru
CLM0032409,BEN_07058,HSR Layout,2019-02-12,14,0,0,0,0,0,0,0,1,0,1.0,0.272627,0,0.0,0,420,1,5,0.8315,0.0859,GREEN,42,Bengaluru
CLM0032410,BEN_07761,BTM Layout,2025-12-09,12,0,0,0,0,1,0,0,0,1,0.0,0.925827,0,0.0,0,360,2,2,0.6919,0.2656,GREEN,56,Bengaluru
CLM0032411,BEN_04278,Whitefield,2024-09-13,19,0,0,0,0,0,0,0,0,0,0.0,0.222523,0,0.0,0,36,4,0,0.7746,0.0324,GREEN,50,Bengaluru
CLM0032412,BEN_06806,Marathahalli,2022-01-09,17,0,0,0,0,0,0,0,0,1,0.0,0.309122,0,0.0,0,420,2,2,0.7888,0.1315,GREEN,46,Bengaluru
CLM0032413,BEN_00198,Whitefield,2023-02-12,16,0,0,0,0,0,0,0,0,0,0.0,0.077817,0,0.0,0,420,1,1,0.2617,0.0,GREEN,43,Bengaluru
CLM0032414,BEN_06968,Koramangala,2019-03-17,11,0,0,0,1,0,0,0,0,0,1.0,0.150955,1,0.0,0,253,1,0,0.98,0.3628,YELLOW,49,Bengaluru
CLM0032415,BEN_04395,Yelahanka,2024-01-23,21,0,0,0,0,0,0,0,0,0,0.0,0.407912,0,0.0,0,18,0,3,0.7548,0.0,GREEN,37,Bengaluru
CLM0032416,BEN_00928,Rajajinagar,2021-10-16,15,0,0,0,0,0,0,0,0,0,0.0,0.173473,0,0.0,0,420,2,4,0.6711,0.1131,GREEN,67,Bengaluru
CLM0032417,BEN_00027,HSR Layout,2018-08-26,17,0,1,1,0,0,0,0,0,0,1.0,0.073076,0,0.0,0,398,0,1,0.7539,0.1338,GREEN,43,Bengaluru
CLM0032418,BEN_01662,Yelahanka,2021-02-16,14,0,0,0,0,0,0,0,0,0,1.0,1.0,0,1.0,0,420,0,6,0.3039,0.0717,GREEN,27,Bengaluru
CLM0032419,BEN_05532,Yelahanka,2021-02-04,20,0,0,0,0,0,0,1,0,0,0.0,0.421535,0,0.0,0,382,1,1,0.5965,0.0018,GREEN,38,Bengaluru
CLM0032420,BEN_01501,Marathahalli,2021-06-27,12,0,0,0,0,0,0,0,0,0,0.0,0.200653,0,1.0,0,195,4,0,0.6678,0.0,GREEN,48,Bengaluru
CLM0032421,BEN_02134,Koramangala,2025-02-26,11,0,0,0,0,0,0,0,0,0,0.0,0.31818,0,1.0,0,420,2,4,0.98,0.0,GREEN,48,Bengaluru
CLM0032422,BEN_07811,Indiranagar,2017-10-30,18,0,0,0,0,1,0,0,0,1,0.0,0.394551,0,0.0,0,420,2,5,0.6757,0.184,GREEN,47,Bengaluru
CLM0032423,BEN_09192,Indiranagar,2020-02-23,8,0,0,0,0,0,0,0,0,0,0.0,0.252741,0,0.0,0,130,4,3,0.98,0.0,GREEN,26,Bengaluru
CLM0032424,BEN_05234,Electronic City,2024-03-11,16,0,0,0,0,0,0,0,0,0,0.0,0.946474,0,0.0,0,355,1,3,0.3491,0.0739,GREEN,50,Bengaluru
CLM0032425,BEN_09018,Electronic City,2023-10-03,19,0,0,0,0,0,0,0,0,0,0.0,0.25198,0,0.0,0,124,4,3,0.5706,0.0,GREEN,50,Bengaluru
CLM0032426,BEN_06980,Electronic City,2025-05-11,15,0,0,0,0,0,1,0,0,0,1.0,0.967028,0,1.0,0,317,4,0,0.6521,0.0908,GREEN,46,Bengaluru
CLM0032427,BEN_06382,Yelahanka,2022-05-24,7,0,0,0,1,0,0,0,0,0,0.0,0.16688,0,0.0,0,335,1,0,0.7662,0.1821,GREEN,41,Bengaluru
CLM0032428,BEN_04066,Jayanagar,2023-09-30,17,0,0,0,0,0,0,0,0,0,0.0,0.304014,0,0.0,0,403,4,2,0.9685,0.0,GREEN,54,Bengaluru
CLM0032429,BEN_01392,Koramangala,2022-08-13,15,0,0,0,0,0,0,0,0,0,0.0,0.265927,0,0.0,0,27,0,2,0.5492,0.0041,GREEN,52,Bengaluru
CLM0032430,BEN_06305,Jayanagar,2025-04-03,15,0,0,0,0,0,1,0,0,0,0.0,0.41909,0,0.0,1,420,4,3,0.05,0.0669,GREEN,32,Bengaluru
CLM0032431,BEN_06975,Koramangala,2025-06-29,10,0,0,0,0,0,0,0,0,0,0.0,0.356299,0,0.0,0,342,0,4,0.5293,0.0286,GREEN,43,Bengaluru
CLM0032432,BEN_02698,Rajajinagar,2023-01-23,20,0,0,0,0,0,0,0,0,0,0.0,0.291413,0,0.0,0,147,0,6,0.664,0.078,GREEN,38,Bengaluru
CLM0032433,BEN_02872,Yelahanka,2025-02-17,17,0,0,0,0,0,0,0,0,0,0.0,0.133104,0,0.0,0,275,2,2,0.6249,0.0,GREEN,58,Bengaluru
CLM0032434,BEN_04008,Marathahalli,2024-07-06,21,0,0,0,0,0,0,0,0,0,1.0,1.0,0,1.0,0,157,4,0,0.7535,0.103,GREEN,57,Bengaluru
CLM0032435,BEN_01509,Whitefield,2023-06-19,20,0,1,1,0,0,0,0,0,0,0.0,0.362368,0,0.0,0,278,1,2,0.1345,0.0,GREEN,53,Bengaluru
CLM0032436,BEN_04818,Marathahalli,2021-09-16,9,0,1,1,0,1,0,1,0,1,1.0,1.0,0,0.0,0,13,2,18,0.2576,0.2374,GREEN,38,Bengaluru
CLM0032437,BEN_05938,Rajajinagar,2024-12-02,21,0,1,1,1,1,1,0,1,1,0.0,0.135399,1,0.0,0,20,1,18,0.9293,0.8502,RED,56,Bengaluru
CLM0032438,BEN_03834,Marathahalli,2023-03-02,11,0,1,1,0,1,1,1,1,1,1.0,0.948374,0,0.0,0,12,2,18,0.3421,0.706,RED,45,Bengaluru
CLM0032439,BEN_03102,BTM Layout,2021-07-26,21,0,1,1,0,1,0,1,1,1,1.0,1.0,0,0.0,1,5,1,18,0.1291,0.4985,YELLOW,45,Bengaluru
CLM0032440,BEN_09769,Rajajinagar,2023-05-21,10,0,1,1,0,0,0,0,0,0,1.0,0.0,0,0.0,0,354,1,0,0.9367,0.6787,RED,40,Bengaluru
CLM0032441,BEN_04543,BTM Layout,2023-12-31,10,0,1,1,1,1,1,0,1,1,1.0,0.224285,0,1.0,0,22,1,18,0.6132,0.7776,RED,47,Bengaluru
CLM0032442,BEN_03367,Whitefield,2019-08-03,14,0,0,0,0,0,1,0,0,0,0.0,0.0,0,0.0,0,155,1,3,0.0555,0.068,GREEN,43,Bengaluru
CLM0032443,BEN_08982,Jayanagar,2015-05-25,13,0,0,0,0,0,1,1,0,0,0.0,0.968285,0,0.0,1,38,1,0,0.6632,0.1491,GREEN,33,Bengaluru
CLM0032444,BEN_04042,Yelahanka,2016-05-01,15,0,0,0,0,0,0,0,0,0,0.0,0.0,0,0.0,0,92,4,0,0.7149,0.0,GREEN,60,Bengaluru
CLM0032445,BEN_07815,Indiranagar,2024-05-12,11,0,0,0,0,0,0,0,0,0,0.0,0.183593,0,0.0,0,420,3,0,0.7579,0.0,GREEN,42,Bengaluru
CLM0032446,BEN_01411,Jayanagar,2020-04-18,15,0,0,0,0,0,0,0,0,0,0.0,0.294235,0,0.0,0,420,3,3,0.6005,0.0,GREEN,31,Bengaluru
CLM0032447,BEN_07026,Koramangala,2015-09-21,17,0,0,0,0,0,0,0,0,0,0.0,0.166704,0,0.0,0,148,3,7,0.6904,0.0,GREEN,48,Bengaluru
CLM0032448,BEN_04251,Electronic City,2021-12-28,19,0,0,0,0,0,0,0,0,0,0.0,0.167051,0,0.0,0,131,4,3,0.8277,0.0,GREEN,58,Bengaluru
CLM0032449,BEN_04012,Electronic City,2024-10-29,9,0,0,0,1,0,1,0,0,0,0.0,0.0,0,0.0,0,331,0,2,0.2218,0.2358,GREEN,53,Bengaluru
CLM0032450,BEN_03157,Electronic City,2016-10-02,13,0,0,0,1,1,0,0,0,0,0.0,0.135317,0,0.0,0,346,3,2,0.6488,0.2348,GREEN,55,Bengaluru
CLM0032451,BEN_02775,HSR Layout,2025-12-28,7,0,0,0,0,0,1,0,0,0,0.0,0.158031,0,0.0,0,163,4,0,0.1911,0.0,GREEN,38,Bengaluru
CLM0032452,BEN_08852,Koramangala,2024-12-05,20,0,0,0,0,0,0,0,0,1,0.0,0.34946,1,0.0,0,118,1,0,0.1841,0.2419,GREEN,55,Bengaluru
CLM0032453,BEN_02975,Marathahalli,2019-02-18,15,0,0,0,0,0,0,0,0,0,1.0,0.333601,0,0.0,0,288,2,3,0.683,0.0,GREEN,25,Bengaluru
CLM0032454,BEN_04964,Yelahanka,2023-04-09,14,0,0,0,0,0,0,0,0,0,0.0,0.357657,0,0.0,0,156,2,2,0.8593,0.0,GREEN,40,Bengaluru
CLM0032455,BEN_02771,Yelahanka,2016-10-15,16,0,0,0,1,1,0,1,1,0,1.0,0.656636,1,0.0,1,5,0,18,0.0921,0.0901,GREEN,40,Bengaluru
CLM0032456,BEN_09288,Marathahalli,2019-11-19,21,0,0,0,0,0,0,0,0,0,0.0,0.115858,0,0.0,0,358,1,2,0.2736,0.0,GREEN,32,Bengaluru
CLM0032457,BEN_07193,HSR Layout,2019-11-01,18,0,0,0,1,1,1,1,1,1,1.0,0.853443,1,1.0,0,32,2,18,0.2999,0.0,GREEN,30,Bengaluru
CLM0032458,BEN_03776,Marathahalli,2020-10-10,12,0,0,0,0,0,0,0,0,0,1.0,0.185078,0,0.0,1,145,1,0,0.4559,0.1018,GREEN,45,Bengaluru
CLM0032459,BEN_05415,Yelahanka,2025-04-19,9,0,0,0,0,0,0,0,0,0,0.0,0.287754,0,0.0,0,420,2,3,0.6558,0.0134,GREEN,63,Bengaluru
CLM0032460,BEN_05898,Whitefield,2024-05-19,13,0,0,0,0,1,0,0,0,0,0.0,1.0,0,0.0,0,174,1,2,0.05,0.157,GREEN,39,Bengaluru
CLM0032461,BEN_05066,Electronic City,2025-06-03,15,0,0,0,0,0,0,0,0,0,0.0,0.158826,0,0.0,0,420,1,0,0.7688,0.0,GREEN,45,Bengaluru
CLM0032462,BEN_08289,HSR Layout,2024-10-28,19,0,1,1,0,0,0,0,0,0,0.0,0.256066,0,0.0,0,334,2,1,0.7771,0.0892,GREEN,47,Bengaluru
CLM0032463,BEN_00179,Jayanagar,2025-03-24,14,0,1,1,0,0,0,0,0,0,0.0,0.413466,0,0.0,0,119,0,0,0.6273,0.0358,GREEN,53,Bengaluru
CLM0032464,BEN_04558,BTM Layout,2024-06-14,15,0,0,0,0,1,0,0,0,0,0.0,0.054389,0,0.0,0,275,4,0,0.98,0.074,GREEN,18,Bengaluru
CLM0032465,BEN_02389,HSR Layout,2024-08-27,10,0,1,1,0,0,0,1,0,0,0.0,0.331806,0,0.0,0,420,2,3,0.8903,0.055,GREEN,44,Bengaluru
CLM0032466,BEN_08949,Marathahalli,2025-03-11,15,0,0,0,0,1,0,0,0,0,0.0,0.274268,0,0.0,0,420,3,5,0.98,0.2376,GREEN,50,Bengaluru
CLM0032467,BEN_02468,Yelahanka,2025-01-18,18,0,0,0,0,0,0,0,0,0,0.0,1.0,0,0.0,0,420,3,4,0.7805,0.0617,GREEN,53,Bengaluru
CLM0032468,BEN_00671,Indiranagar,2025-09-27,15,0,0,0,0,0,0,0,0,0,0.0,0.377721,0,0.0,0,363,2,2,0.8316,0.0,GREEN,26,Bengaluru
CLM0032469,BEN_00387,Jayanagar,2025-01-20,9,0,0,0,0,0,0,0,1,0,0.0,0.35574,0,0.0,0,420,2,2,0.1039,0.0661,GREEN,47,Bengaluru
CLM0032470,BEN_02421,Koramangala,2024-12-31,12,0,0,0,0,0,0,0,0,1,0.0,1.0,1,1.0,1,28,3,18,0.3958,0.3765,YELLOW,65,Bengaluru
CLM0032471,BEN_04821,HSR Layout,2025-10-19,15,0,0,0,1,0,1,1,1,1,0.0,1.0,1,1.0,1,15,1,18,0.1927,0.1017,GREEN,64,Bengaluru
CLM0032472,BEN_03899,Electronic City,2025-06-22,13,0,0,0,0,0,0,0,0,0,0.0,0.041255,0,0.0,0,384,1,3,0.4424,0.0226,GREEN,46,Bengaluru
CLM0032473,BEN_09988,Koramangala,2025-04-10,10,0,0,0,0,0,0,1,0,0,0.0,0.264936,0,0.0,0,148,0,0,0.7284,0.0702,GREEN,37,Bengaluru
CLM0032474,BEN_06162,Jayanagar,2025-09-04,10,0,0,0,0,0,1,1,0,0,0.0,0.145047,0,0.0,0,420,1,0,0.6274,0.1586,GREEN,35,Bengaluru
CLM0032475,BEN_04901,Koramangala,2025-07-25,18,0,0,0,0,0,0,0,1,0,0.0,0.0,0,0.0,1,420,3,3,0.6021,0.1016,GREEN,60,Bengaluru
CLM0032476,BEN_06786,Indiranagar,2024-12-23,17,0,0,0,0,0,1,0,0,0,0.0,0.186189,0,0.0,0,315,0,0,0.7077,0.2278,GREEN,45,Bengaluru
CLM0032477,BEN_05606,Indiranagar,2025-01-16,18,0,0,0,0,0,0,1,0,1,0.0,0.0,0,0.0,0,295,1,0,0.2485,0.1869,GREEN,32,Bengaluru
CLM0032478,BEN_01185,Koramangala,2025-04-27,9,0,0,0,0,0,0,0,0,0,0.0,0.324723,0,0.0,0,39,4,0,0.05,0.0,GREEN,51,Bengaluru
CLM0032479,BEN_05251,Indiranagar,2025-03-04,18,0,0,0,0,0,0,0,0,0,0.0,0.981302,0,0.0,1,100,4,2,0.05,0.0275,GREEN,42,Bengaluru
CLM0032480,BEN_04459,Marathahalli,2025-03-11,19,0,0,0,0,0,0,0,0,0,0.0,0.020101,0,0.0,0,389,4,1,0.1631,0.0,GREEN,46,Bengaluru
CLM0032481,BEN_03708,Rajajinagar,2025-10-02,8,0,0,0,0,1,0,0,0,0,0.0,0.218789,0,0.0,0,186,0,5,0.8932,0.1397,GREEN,44,Bengaluru
CLM0032482,BEN_00592,Marathahalli,2023-10-10,20,0,0,0,0,0,0,0,0,0,0.0,0.025488,0,0.0,0,343,3,3,0.7935,0.0156,GREEN,46,Bengaluru
CLM0032483,BEN_04083,Koramangala,2019-01-17,10,0,0,0,1,1,0,1,1,1,1.0,0.0,0,0.0,0,5,1,18,0.0688,0.1583,GREEN,43,Bengaluru
CLM0032484,BEN_06710,Koramangala,2025-06-08,9,0,0,0,0,0,0,0,0,0,0.0,0.244521,0,0.0,0,265,0,2,0.8692,0.0,GREEN,61,Bengaluru
CLM0032485,BEN_05848,Jayanagar,2022-10-05,18,0,0,0,0,0,0,0,0,1,1.0,0.230906,0,0.0,0,362,1,1,0.9635,0.2167,GREEN,55,Bengaluru
CLM0032486,BEN_06557,Rajajinagar,2024-12-07,17,0,0,0,0,0,0,0,0,0,1.0,0.103736,1,0.0,0,266,0,1,0.1585,0.1456,GREEN,50,Bengaluru
CLM0032487,BEN_08824,Marathahalli,2024-01-23,15,0,0,0,0,0,0,0,0,0,0.0,0.335519,0,0.0,0,121,3,2,0.7598,0.0,GREEN,57,Bengaluru
CLM0032488,BEN_03380,HSR Layout,2023-06-25,9,0,0,0,0,0,0,0,0,0,0.0,0.154504,0,0.0,0,369,2,0,0.2171,0.0,GREEN,45,Bengaluru
CLM0032489,BEN_00938,Jayanagar,2024-07-19,8,0,0,0,0,0,1,0,0,0,0.0,0.205744,0,1.0,0,112,3,0,0.8444,0.0737,GREEN,52,Bengaluru
CLM0032490,BEN_09237,Electronic City,2025-09-20,7,0,0,0,0,0,0,0,0,0,0.0,0.174179,0,0.0,0,420,2,0,0.8649,0.2016,GREEN,41,Bengaluru
CLM0032491,BEN_05647,BTM Layout,2024-12-15,13,0,0,0,0,0,0,0,0,0,0.0,0.173359,0,0.0,0,119,2,1,0.1759,0.0,GREEN,18,Bengaluru
CLM0032492,BEN_09758,Rajajinagar,2023-12-26,17,0,0,0,1,0,0,0,0,0,0.0,0.157388,0,0.0,0,213,2,0,0.2997,0.1466,GREEN,35,Bengaluru
CLM0032493,BEN_05197,Electronic City,2023-06-19,11,0,0,0,0,0,0,0,0,1,0.0,0.095856,0,0.0,0,76,2,5,0.98,0.0805,GREEN,58,Bengaluru
CLM0032494,BEN_03016,Marathahalli,2024-12-11,15,0,0,0,0,0,1,0,0,0,0.0,0.947914,0,0.0,0,392,4,2,0.7792,0.0447,GREEN,40,Bengaluru
CLM0032495,BEN_08294,Electronic City,2025-11-03,11,0,0,0,0,0,0,0,0,0,0.0,0.268806,0,0.0,0,150,1,0,0.6928,0.0511,GREEN,33,Bengaluru
CLM0032496,BEN_04512,Koramangala,2024-08-27,10,0,0,0,0,0,0,0,0,0,0.0,0.0,0,0.0,0,411,0,0,0.9476,0.0129,GREEN,44,Bengaluru
CLM0032497,BEN_09510,Yelahanka,2023-05-16,7,0,0,0,1,1,1,1,1,0,1.0,1.0,1,1.0,1,5,1,18,0.9769,0.1431,GREEN,49,Bengaluru
CLM0032498,BEN_01612,Marathahalli,2025-02-13,17,0,0,0,0,0,0,1,0,0,0.0,0.313742,0,0.0,0,301,2,0,0.5879,0.0249,GREEN,25,Bengaluru
CLM0032499,BEN_02912,Jayanagar,2022-10-25,17,0,0,0,0,0,0,1,0,0,1.0,0.025607,0,0.0,0,148,4,3,0.98,0.129,GREEN,44,Bengaluru
CLM0032500,BEN_04818,Marathahalli,2022-03-04,12,0,0,0,0,0,0,0,0,0,0.0,0.408854,0,0.0,0,135,1,0,0.8554,0.0597,GREEN,38,Bengaluru
CLM0032501,BEN_02876,BTM Layout,2023-01-21,16,0,1,1,0,1,0,0,0,1,0.0,0.134727,0,0.0,0,271,3,2,0.7861,0.0987,GREEN,51,Bengaluru
CLM0032502,BEN_00835,Electronic City,2022-10-16,21,0,0,0,0,0,0,0,0,0,0.0,0.317637,0,0.0,0,327,2,3,0.5466,0.0336,GREEN,44,Bengaluru
CLM0032503,BEN_09505,HSR Layout,2025-11-17,16,0,0,0,0,1,0,0,0,0,0.0,1.0,0,0.0,0,420,1,4,0.8284,0.1177,GREEN,63,Bengaluru
CLM0032504,BEN_05181,Rajajinagar,2021-01-05,8,0,0,0,1,0,0,0,1,0,0.0,0.479541,1,0.0,0,301,4,1,0.8327,0.2689,GREEN,61,Bengaluru
CLM0032505,BEN_01525,Electronic City,2021-06-26,14,0,0,0,0,0,0,0,0,0,0.0,0.170682,0,0.0,0,168,2,5,0.6048,0.11,GREEN,55,Bengaluru
CLM0032506,BEN_03891,Jayanagar,2024-03-21,21,0,0,0,0,0,0,0,0,0,0.0,0.213167,0,0.0,0,334,3,0,0.3167,0.0,GREEN,21,Bengaluru
CLM0032507,BEN_02367,Rajajinagar,2024-09-17,8,0,0,0,0,0,0,0,0,0,0.0,0.062942,0,0.0,0,175,3,0,0.6882,0.0,GREEN,54,Bengaluru
CLM0032508,BEN_04094,Rajajinagar,2024-04-17,10,0,0,0,0,0,0,0,0,0,0.0,0.946502,0,0.0,0,86,1,2,0.296,0.0538,GREEN,51,Bengaluru
CLM0032509,BEN_05268,Koramangala,2023-04-19,20,0,0,0,0,0,0,0,0,0,0.0,0.429352,0,0.0,0,322,4,3,0.6697,0.0258,GREEN,30,Bengaluru
CLM0032510,BEN_09005,Yelahanka,2022-06-08,13,0,0,0,0,0,0,0,0,0,0.0,0.201728,0,0.0,0,397,3,2,0.9312,0.0245,GREEN,41,Bengaluru
CLM0032511,BEN_02270,Indiranagar,2023-11-27,19,0,0,0,0,0,0,0,0,0,0.0,0.238678,0,0.0,0,57,3,1,0.8514,0.0159,GREEN,56,Bengaluru
CLM0032512,BEN_03987,Indiranagar,2019-06-16,10,0,0,0,0,0,0,1,0,0,1.0,0.026767,0,0.0,0,171,1,0,0.98,0.1645,GREEN,30,Bengaluru
CLM0032513,BEN_07206,Whitefield,2016-12-07,19,0,0,0,0,0,0,0,0,0,0.0,1.0,0,0.0,0,288,4,2,0.7844,0.0,GREEN,39,Bengaluru
CLM0032514,BEN_08939,Whitefield,2019-05-08,13,0,0,0,0,0,0,0,0,0,1.0,0.0,0,0.0,0,323,0,0,0.6168,0.0783,GREEN,44,Bengaluru
CLM0032515,BEN_08128,Yelahanka,2019-09-09,8,0,0,0,0,0,0,0,0,0,0.0,0.884982,0,0.0,1,420,4,3,0.7868,0.1954,GREEN,24,Bengaluru
CLM0032516,BEN_07281,Marathahalli,2018-03-21,14,0,1,1,0,0,0,1,0,0,0.0,0.02685,1,0.0,0,420,3,7,0.7499,0.0554,GREEN,42,Bengaluru
CLM0032517,BEN_01400,Electronic City,2025-09-05,10,0,0,0,0,1,0,0,0,0,0.0,0.259056,0,0.0,1,339,1,0,0.5672,0.1424,GREEN,33,Bengaluru
CLM0032518,BEN_07774,Marathahalli,2018-02-16,19,0,0,0,1,1,0,0,1,0,0.0,0.130947,0,0.0,0,5,4,18,0.8095,0.0355,GREEN,49,Bengaluru
CLM0032519,BEN_09355,Yelahanka,2018-01-18,10,0,0,0,0,0,0,0,0,0,0.0,0.332041,0,0.0,0,55,0,0,0.1006,0.0289,GREEN,28,Bengaluru
CLM0032520,BEN_09372,Indiranagar,2022-11-06,16,0,0,0,1,0,1,1,1,1,1.0,0.09858,1,1.0,0,18,3,18,0.1524,0.1232,GREEN,37,Bengaluru
CLM0032521,BEN_03065,Electronic City,2019-10-25,18,0,0,0,1,0,0,0,0,0,0.0,0.0,0,0.0,0,357,3,4,0.1911,0.1601,GREEN,26,Bengaluru
CLM0032522,BEN_09083,Yelahanka,2024-12-19,12,0,0,0,0,0,0,0,0,0,0.0,0.206835,0,1.0,0,29,1,0,0.8125,0.0742,GREEN,57,Bengaluru
CLM0032523,BEN_03450,Rajajinagar,2024-12-21,11,0,0,0,0,0,0,0,0,0,0.0,0.291869,0,0.0,0,95,0,2,0.2001,0.0588,GREEN,44,Bengaluru
CLM0032524,BEN_03047,Rajajinagar,2019-11-14,18,0,1,1,0,0,1,0,0,0,0.0,0.978202,0,0.0,0,124,1,3,0.788,0.6681,RED,30,Bengaluru
CLM0032525,BEN_03541,Electronic City,2019-06-15,9,0,1,1,0,1,0,1,0,1,1.0,1.0,1,0.0,1,5,0,18,0.4266,0.6203,RED,38,Bengaluru
CLM0032526,BEN_02253,Jayanagar,2015-08-10,17,0,1,1,0,1,1,1,1,1,0.0,0.155663,0,0.0,1,5,2,18,0.9197,0.602,YELLOW,41,Bengaluru
CLM0032527,BEN_09316,Jayanagar,2019-05-09,14,0,1,1,1,0,0,0,0,0,0.0,0.072698,0,0.0,0,273,1,4,0.4981,0.837,RED,47,Bengaluru
CLM0032528,BEN_05448,Electronic City,2021-07-30,7,0,1,1,0,1,0,0,1,1,0.0,0.177251,0,0.0,1,5,1,18,0.7528,0.4691,YELLOW,47,Bengaluru
CLM0032529,BEN_00398,Yelahanka,2024-02-11,15,0,1,1,1,1,0,1,1,0,1.0,1.0,0,0.0,1,31,0,16,0.298,0.7622,RED,41,Bengaluru
CLM0032530,BEN_00998,Electronic City,2017-08-18,17,0,1,1,1,0,0,1,1,1,1.0,1.0,0,1.0,0,5,2,18,0.05,0.5725,YELLOW,44,Bengaluru
CLM0032531,BEN_06121,Jayanagar,2019-12-21,15,0,1,1,0,1,0,1,1,1,0.0,0.964788,0,0.0,1,37,1,18,0.3966,0.5855,YELLOW,28,Bengaluru
CLM0032532,BEN_08734,Whitefield,2025-03-08,7,0,0,0,0,0,0,0,0,0,0.0,1.0,0,1.0,0,416,1,2,0.88,0.199,GREEN,45,Bengaluru
CLM0032533,BEN_03099,Electronic City,2023-08-27,13,0,0,0,0,0,0,0,0,0,0.0,0.976031,0,0.0,0,223,0,1,0.98,0.0222,GREEN,47,Bengaluru
CLM0032534,BEN_03257,Whitefield,2023-01-04,7,0,0,0,0,0,0,0,0,0,1.0,0.449547,0,0.0,0,5,1,2,0.5887,0.0,GREEN,54,Bengaluru
CLM0032535,BEN_00963,HSR Layout,2022-12-29,17,0,0,0,0,0,0,0,0,0,1.0,0.104178,0,0.0,0,180,4,0,0.2858,0.0139,GREEN,54,Bengaluru
CLM0032536,BEN_05070,Marathahalli,2024-01-11,20,0,0,0,0,0,0,0,0,0,1.0,0.32263,0,0.0,0,363,0,5,0.6063,0.044,GREEN,43,Bengaluru
CLM0032537,BEN_02219,Indiranagar,2022-12-27,21,0,0,0,0,0,0,0,0,1,0.0,0.009116,0,0.0,0,107,2,0,0.7491,0.2311,GREEN,53,Bengaluru
CLM0032538,BEN_08277,Marathahalli,2022-05-26,20,0,0,0,0,0,0,0,0,0,0.0,0.043159,0,0.0,0,268,0,7,0.6202,0.0,GREEN,48,Bengaluru
CLM0032539,BEN_00121,Indiranagar,2025-10-14,19,0,1,1,0,0,0,0,0,0,0.0,0.059318,0,0.0,0,299,3,1,0.6629,0.0,GREEN,45,Bengaluru
CLM0032540,BEN_08719,Yelahanka,2020-02-02,11,0,0,0,0,0,0,0,0,0,0.0,0.526619,0,0.0,0,259,4,2,0.1317,0.0401,GREEN,35,Bengaluru
CLM0032541,BEN_05629,Whitefield,2023-01-26,20,0,0,0,0,0,0,0,0,0,0.0,0.266647,0,1.0,0,128,0,4,0.9097,0.0,GREEN,25,Bengaluru
CLM0032542,BEN_06295,Marathahalli,2022-10-09,13,0,0,0,0,0,0,1,0,0,1.0,0.260779,0,0.0,0,420,2,5,0.98,0.1198,GREEN,38,Bengaluru
CLM0032543,BEN_02251,HSR Layout,2025-06-08,18,0,0,0,0,0,0,0,0,0,0.0,0.119873,0,1.0,0,135,2,5,0.6868,0.0,GREEN,44,Bengaluru
CLM0032544,BEN_07609,Marathahalli,2023-01-24,15,0,1,1,0,0,0,0,1,0,0.0,0.320891,0,0.0,1,212,2,4,0.5288,0.1226,GREEN,51,Bengaluru
CLM0032545,BEN_04107,Whitefield,2023-03-30,20,0,0,0,0,0,0,0,0,0,0.0,0.201581,0,1.0,0,223,2,5,0.4467,0.0491,GREEN,46,Bengaluru
CLM0032546,BEN_03362,Whitefield,2022-10-12,20,0,0,0,0,0,0,0,0,0,0.0,0.19692,0,0.0,0,201,1,2,0.7473,0.0,GREEN,33,Bengaluru
CLM0032547,BEN_06319,Indiranagar,2023-11-03,21,0,0,0,0,1,0,0,0,0,0.0,0.302954,0,0.0,0,351,0,5,0.0848,0.065,GREEN,53,Bengaluru
CLM0032548,BEN_05130,Electronic City,2020-08-02,16,0,0,0,0,0,0,1,0,0,1.0,0.298692,0,0.0,0,157,1,2,0.6974,0.1326,GREEN,42,Bengaluru
CLM0032549,BEN_06992,Whitefield,2021-06-12,16,0,0,0,0,0,1,0,0,0,0.0,0.267651,0,0.0,0,159,4,1,0.596,0.0237,GREEN,57,Bengaluru
CLM0032550,BEN_05774,Electronic City,2024-11-07,7,0,0,0,0,0,0,0,0,0,0.0,0.905584,0,0.0,0,406,3,1,0.7164,0.0731,GREEN,18,Bengaluru
CLM0032551,BEN_03746,Indiranagar,2025-03-30,19,0,0,0,0,0,0,0,0,0,0.0,0.386014,0,0.0,0,198,4,4,0.0736,0.0,GREEN,43,Bengaluru
CLM0032552,BEN_09046,Koramangala,2019-12-10,10,0,0,0,1,1,1,1,1,1,0.0,0.106632,1,0.0,0,25,1,18,0.7795,0.019,GREEN,34,Bengaluru
CLM0032553,BEN_07735,Indiranagar,2025-01-16,20,0,1,1,0,0,0,0,0,0,0.0,0.324055,0,0.0,0,139,1,4,0.521,0.0614,GREEN,50,Bengaluru
CLM0032554,BEN_02572,Jayanagar,2024-11-08,8,0,0,0,0,0,0,0,0,0,0.0,0.043214,1,0.0,0,153,1,2,0.061,0.0353,GREEN,55,Bengaluru
CLM0032555,BEN_08181,HSR Layout,2025-06-11,21,0,0,0,0,0,0,0,0,0,0.0,0.038143,0,0.0,0,420,3,0,0.6069,0.0271,GREEN,50,Bengaluru
CLM0032556,BEN_04567,Koramangala,2025-04-16,16,0,0,0,0,0,0,0,1,0,0.0,0.098513,0,0.0,0,420,1,2,0.8399,0.0959,GREEN,48,Bengaluru
CLM0032557,BEN_03536,Rajajinagar,2021-11-26,9,0,0,0,0,0,0,0,0,0,0.0,0.201195,0,0.0,0,69,0,1,0.05,0.0,GREEN,55,Bengaluru
CLM0032558,BEN_09286,Electronic City,2020-12-22,18,0,0,0,0,0,1,0,0,0,0.0,0.110893,0,0.0,0,46,1,4,0.7107,0.2047,GREEN,24,Bengaluru
CLM0032559,BEN_03721,Electronic City,2021-04-11,19,0,0,0,0,0,0,0,0,0,0.0,0.340999,0,0.0,0,161,3,0,0.7823,0.0663,GREEN,40,Bengaluru
CLM0032560,BEN_05940,HSR Layout,2020-09-27,11,0,0,0,0,0,1,0,1,0,0.0,0.336726,0,0.0,0,51,2,2,0.8391,0.1788,GREEN,57,Bengaluru
CLM0032561,BEN_02367,Rajajinagar,2024-02-12,13,0,0,0,0,0,0,0,0,0,0.0,0.101937,0,0.0,0,312,0,4,0.9109,0.0,GREEN,54,Bengaluru
CLM0032562,BEN_05401,Koramangala,2021-06-30,8,0,0,0,0,0,0,0,0,0,0.0,0.320305,0,0.0,0,77,2,3,0.0504,0.0458,GREEN,40,Bengaluru
CLM0032563,BEN_02167,Yelahanka,2020-08-15,10,0,1,1,0,1,0,1,1,0,0.0,0.017559,0,0.0,1,31,0,18,0.98,0.0599,GREEN,39,Bengaluru
CLM0032564,BEN_07938,Yelahanka,2025-07-26,15,0,0,0,0,0,0,0,0,0,0.0,0.335624,0,0.0,0,52,4,2,0.98,0.0,GREEN,47,Bengaluru
CLM0032565,BEN_06262,Whitefield,2022-07-19,17,0,0,0,0,0,0,0,0,0,0.0,0.167096,0,0.0,0,239,4,2,0.7356,0.0,GREEN,55,Bengaluru
CLM0032566,BEN_04033,Electronic City,2025-12-16,7,0,0,0,0,0,0,0,0,0,0.0,0.399665,0,0.0,0,397,4,2,0.0512,0.0,GREEN,51,Bengaluru
CLM0032567,BEN_08724,Rajajinagar,2021-05-07,13,0,0,0,1,1,0,0,1,0,0.0,0.108989,0,0.0,0,33,3,18,0.873,0.0469,GREEN,35,Bengaluru
CLM0032568,BEN_03940,Indiranagar,2022-02-08,13,0,0,0,0,1,0,0,0,0,0.0,0.212579,0,0.0,0,60,2,3,0.6159,0.1363,GREEN,32,Bengaluru
CLM0032569,BEN_07678,Indiranagar,2015-12-31,9,0,0,0,0,0,0,0,0,0,0.0,0.17443,0,0.0,0,110,0,1,0.5585,0.0278,GREEN,33,Bengaluru
CLM0032570,BEN_09395,HSR Layout,2017-01-03,20,0,0,0,0,0,0,0,0,0,0.0,0.256731,0,0.0,0,96,1,6,0.6203,0.0057,GREEN,52,Bengaluru
CLM0032571,BEN_02164,Indiranagar,2015-02-19,10,0,0,0,0,0,0,0,0,0,0.0,0.078324,0,0.0,0,403,4,0,0.9469,0.0,GREEN,41,Bengaluru
CLM0032572,BEN_02299,Marathahalli,2019-06-03,9,0,0,0,0,0,0,0,1,0,1.0,0.277076,0,0.0,0,420,2,3,0.8656,0.1989,GREEN,51,Bengaluru
CLM0032573,BEN_08205,HSR Layout,2018-10-03,20,0,0,0,0,0,0,1,1,0,0.0,0.091299,0,0.0,0,420,2,3,0.98,0.1314,GREEN,49,Bengaluru
CLM0032574,BEN_08252,Electronic City,2023-09-10,16,0,0,0,0,0,0,0,0,0,0.0,0.042092,0,0.0,0,75,2,0,0.98,0.1125,GREEN,44,Bengaluru
CLM0032575,BEN_03949,BTM Layout,2022-12-09,15,0,0,0,1,0,0,0,0,0,0.0,0.106397,0,0.0,0,113,2,3,0.5874,0.115,GREEN,43,Bengaluru
CLM0032576,BEN_03134,Jayanagar,2025-03-01,7,0,0,0,0,0,0,0,0,0,0.0,0.280651,0,0.0,0,354,0,0,0.1412,0.0575,GREEN,45,Bengaluru
CLM0032577,BEN_04710,Indiranagar,2020-01-26,18,0,0,0,0,0,0,0,0,0,0.0,0.127588,0,0.0,0,68,0,4,0.75,0.0,GREEN,32,Bengaluru
CLM0032578,BEN_03168,BTM Layout,2024-12-21,10,0,0,0,1,0,0,0,1,1,1.0,1.0,1,1.0,0,5,3,18,0.1335,0.0,GREEN,57,Bengaluru
CLM0032579,BEN_03862,Whitefield,2024-06-25,16,0,0,0,0,1,0,0,0,0,1.0,0.358065,0,0.0,0,380,2,5,0.7391,0.136,GREEN,53,Bengaluru
CLM0032580,BEN_08683,Marathahalli,2020-03-26,17,0,0,0,0,0,0,0,0,0,0.0,0.237102,0,0.0,0,100,4,3,0.5276,0.0,GREEN,36,Bengaluru
CLM0032581,BEN_03298,Jayanagar,2022-06-10,8,0,0,0,0,0,0,0,0,0,0.0,0.222996,0,1.0,0,420,4,4,0.7407,0.0,GREEN,42,Bengaluru
CLM0032582,BEN_06738,Electronic City,2025-05-11,9,0,0,0,0,0,1,0,0,0,0.0,0.260288,0,0.0,0,378,3,2,0.98,0.1024,GREEN,35,Bengaluru
CLM0032583,BEN_07627,Whitefield,2020-08-19,15,0,0,0,0,0,0,0,0,0,0.0,0.133202,0,0.0,0,141,0,0,0.5095,0.1154,GREEN,39,Bengaluru
CLM0032584,BEN_00759,Koramangala,2020-10-20,17,0,0,0,0,0,0,0,0,0,0.0,0.184917,0,0.0,0,97,4,4,0.5668,0.0051,GREEN,39,Bengaluru
CLM0032585,BEN_03269,Koramangala,2021-07-03,20,0,0,0,0,0,0,0,0,0,0.0,0.063859,0,0.0,0,115,2,3,0.1743,0.111,GREEN,38,Bengaluru
CLM0032586,BEN_08088,Indiranagar,2025-05-09,17,0,0,0,0,0,0,0,0,0,0.0,0.0,1,0.0,0,94,0,4,0.8537,0.0173,GREEN,35,Bengaluru
CLM0032587,BEN_01560,Marathahalli,2025-01-31,8,0,0,0,0,0,0,0,1,0,0.0,0.049829,0,0.0,0,420,4,0,0.1511,0.065,GREEN,30,Bengaluru
CLM0032588,BEN_05870,Marathahalli,2025-06-30,13,0,0,0,0,0,0,0,0,0,0.0,0.178812,0,1.0,0,420,0,1,0.7555,0.0417,GREEN,47,Bengaluru
CLM0032589,BEN_08515,Rajajinagar,2025-08-28,16,0,0,0,0,0,0,0,0,0,0.0,0.089466,0,0.0,0,269,2,3,0.5138,0.0091,GREEN,49,Bengaluru
CLM0032590,BEN_05874,Yelahanka,2025-04-23,21,0,0,0,0,0,0,1,0,0,0.0,0.089686,0,0.0,0,420,4,4,0.6495,0.2785,GREEN,46,Bengaluru
CLM0032591,BEN_03575,Electronic City,2025-05-03,12,0,0,0,0,0,0,0,0,0,0.0,1.0,0,0.0,0,193,0,2,0.7591,0.0,GREEN,37,Bengaluru
CLM0032592,BEN_04377,Marathahalli,2025-02-23,10,0,0,0,1,0,0,0,0,0,0.0,0.014099,0,0.0,0,216,2,4,0.7393,0.1192,GREEN,49,Bengaluru
CLM0032593,BEN_09517,Whitefield,2024-05-11,15,0,0,0,0,0,0,0,1,0,0.0,0.355856,0,0.0,0,120,1,1,0.826,0.1042,GREEN,35,Bengaluru
CLM0032594,BEN_05003,Yelahanka,2023-06-10,21,0,0,0,0,0,1,0,0,0,0.0,0.171627,0,0.0,0,142,2,0,0.9308,0.1392,GREEN,37,Bengaluru
CLM0032595,BEN_01232,Whitefield,2023-05-07,18,0,0,0,0,0,0,0,1,0,0.0,0.245925,0,0.0,0,36,2,3,0.5858,0.074,GREEN,45,Bengaluru
CLM0032596,BEN_05213,Marathahalli,2025-04-27,15,0,0,0,0,0,0,0,0,0,0.0,0.045238,0,0.0,0,278,2,5,0.8969,0.0475,GREEN,40,Bengaluru
CLM0032597,BEN_08001,Marathahalli,2024-03-24,11,0,0,0,0,0,0,0,0,0,0.0,0.019175,0,0.0,0,171,3,2,0.6178,0.0,GREEN,53,Bengaluru
CLM0032598,BEN_05214,Whitefield,2024-02-09,11,0,0,0,0,0,0,0,0,0,0.0,0.33438,0,0.0,1,247,3,4,0.8127,0.2087,GREEN,38,Bengaluru
CLM0032599,BEN_06287,Electronic City,2021-10-06,16,0,0,0,0,1,0,0,0,0,0.0,0.239169,0,0.0,0,348,4,0,0.6969,0.2399,GREEN,30,Bengaluru
CLM0032600,BEN_05869,Electronic City,2025-02-16,17,0,0,0,0,0,1,0,0,0,0.0,0.07348,0,0.0,0,29,2,1,0.4635,0.1928,GREEN,47,Bengaluru
CLM0032601,BEN_06838,Electronic City,2022-01-16,10,0,0,0,0,0,0,0,1,0,0.0,0.086005,0,0.0,0,125,2,2,0.8178,0.0597,GREEN,34,Bengaluru
CLM0032602,BEN_07215,Marathahalli,2023-10-24,21,0,0,0,0,0,0,1,0,0,0.0,0.272576,0,0.0,1,73,0,0,0.6426,0.1593,GREEN,52,Bengaluru
CLM0032603,BEN_03651,Yelahanka,2025-09-22,20,0,0,0,0,0,0,0,0,0,0.0,1.0,0,0.0,0,247,0,4,0.5826,0.0,GREEN,32,Bengaluru
CLM0032604,BEN_06538,Marathahalli,2023-09-21,12,0,0,0,1,0,1,0,0,0,0.0,0.206038,0,1.0,0,22,3,0,0.7039,0.2459,GREEN,59,Bengaluru
CLM0032605,BEN_05545,Whitefield,2022-01-07,9,0,1,1,0,0,0,0,0,0,0.0,0.215413,0,0.0,0,43,3,3,0.2536,0.0043,GREEN,33,Bengaluru
CLM0032606,BEN_07457,Indiranagar,2023-04-09,21,0,0,0,0,0,0,0,0,0,0.0,0.140676,0,0.0,0,420,0,4,0.6177,0.0,GREEN,46,Bengaluru
CLM0032607,BEN_03309,Indiranagar,2023-02-09,18,0,0,0,0,0,0,0,0,1,0.0,0.359324,0,0.0,0,174,1,5,0.6794,0.1893,GREEN,45,Bengaluru
CLM0032608,BEN_09137,Koramangala,2022-11-09,9,0,0,0,0,0,0,0,0,0,0.0,0.161122,0,0.0,0,46,2,2,0.7227,0.0,GREEN,50,Bengaluru
CLM0032609,BEN_00727,Indiranagar,2020-09-18,7,0,0,0,0,0,0,0,0,0,0.0,0.372404,0,0.0,0,316,4,2,0.98,0.0,GREEN,44,Bengaluru
CLM0032610,BEN_08714,HSR Layout,2021-08-28,16,0,0,0,0,0,0,0,0,1,0.0,0.141344,0,0.0,0,13,0,2,0.9606,0.0266,GREEN,57,Bengaluru
CLM0032611,BEN_08003,Yelahanka,2015-12-11,13,0,0,0,0,1,0,0,0,0,0.0,0.083417,0,0.0,0,218,1,1,0.98,0.0758,GREEN,40,Bengaluru
CLM0032612,BEN_01279,Koramangala,2019-01-18,10,0,0,0,0,0,0,0,0,0,0.0,0.275249,0,0.0,0,394,1,2,0.7666,0.0672,GREEN,49,Bengaluru
CLM0032613,BEN_02398,Yelahanka,2020-03-24,7,0,0,0,0,0,1,0,1,0,0.0,0.272683,0,0.0,0,109,2,2,0.1556,0.2383,GREEN,43,Bengaluru
CLM0032614,BEN_02023,Whitefield,2025-11-12,17,0,0,0,0,0,0,0,0,0,0.0,0.044638,0,1.0,0,269,2,4,0.7646,0.0,GREEN,40,Bengaluru
CLM0032615,BEN_06051,Rajajinagar,2025-11-05,14,0,0,0,1,0,0,0,0,0,0.0,0.419714,0,0.0,0,292,4,1,0.8681,0.12,GREEN,44,Bengaluru
CLM0032616,BEN_07084,Indiranagar,2025-03-07,21,0,0,0,0,1,0,0,0,0,0.0,0.268859,0,1.0,0,60,4,4,0.7026,0.0728,GREEN,28,Bengaluru
CLM0032617,BEN_07646,Indiranagar,2025-05-27,21,0,0,0,0,0,0,1,0,0,0.0,0.114026,0,0.0,0,420,4,0,0.8887,0.0465,GREEN,41,Bengaluru
CLM0032618,BEN_04632,HSR Layout,2024-10-07,18,0,0,0,0,0,0,0,0,0,0.0,0.227571,0,0.0,0,281,3,2,0.8211,0.0,GREEN,39,Bengaluru
CLM0032619,BEN_09656,Indiranagar,2025-02-16,18,0,0,0,0,0,0,1,0,0,1.0,0.286456,0,0.0,0,316,1,2,0.98,0.0933,GREEN,44,Bengaluru
CLM0032620,BEN_08337,Rajajinagar,2024-12-31,11,0,0,0,0,0,0,0,1,0,0.0,0.264346,0,0.0,0,63,1,0,0.1564,0.1047,GREEN,64,Bengaluru
CLM0032621,BEN_07404,Indiranagar,2025-09-26,19,0,0,0,0,0,1,0,0,0,0.0,0.261645,0,0.0,0,168,1,4,0.5541,0.1992,GREEN,24,Bengaluru
CLM0032622,BEN_00163,Electronic City,2025-07-30,15,0,0,0,0,0,0,0,0,0,0.0,0.109078,0,0.0,0,82,3,0,0.7421,0.0,GREEN,45,Bengaluru
CLM0032623,BEN_07171,Yelahanka,2025-10-17,20,0,0,0,0,0,1,0,0,1,0.0,0.99196,0,0.0,1,113,0,0,0.8876,0.1886,GREEN,28,Bengaluru
CLM0032624,BEN_00900,Koramangala,2025-07-25,17,0,0,0,0,0,0,0,0,0,0.0,0.0,0,0.0,0,391,3,1,0.7607,0.0,GREEN,48,Bengaluru
CLM0032625,BEN_06369,HSR Layout,2022-11-23,19,0,0,0,0,0,0,0,0,0,0.0,0.249117,0,0.0,0,356,0,2,0.584,0.0406,GREEN,58,Bengaluru
CLM0032626,BEN_06695,Indiranagar,2024-07-10,14,0,0,0,0,0,0,0,0,0,0.0,0.163497,0,0.0,0,414,3,0,0.98,0.0479,GREEN,44,Bengaluru
CLM0032627,BEN_04812,BTM Layout,2023-08-05,8,0,0,0,0,0,0,0,0,0,0.0,0.265002,0,0.0,1,244,2,4,0.7293,0.0671,GREEN,66,Bengaluru
CLM0032628,BEN_06098,Whitefield,2023-03-04,21,0,1,1,0,0,0,0,0,0,0.0,0.05726,0,0.0,0,420,3,5,0.8227,0.062,GREEN,56,Bengaluru
CLM0032629,BEN_00977,Jayanagar,2025-12-09,19,0,0,0,0,0,1,0,1,0,0.0,0.366473,0,0.0,0,248,3,1,0.05,0.1478,GREEN,50,Bengaluru
CLM0032630,BEN_04986,Jayanagar,2024-04-26,7,0,0,0,0,0,0,1,0,0,0.0,0.242933,0,0.0,0,420,2,0,0.9355,0.2288,GREEN,42,Bengaluru
CLM0032631,BEN_09523,Marathahalli,2023-09-20,19,0,0,0,0,0,0,0,0,0,0.0,0.156547,0,0.0,0,418,4,5,0.8913,0.0537,GREEN,46,Bengaluru
CLM0032632,BEN_02465,Jayanagar,2025-02-01,15,0,0,0,0,0,0,0,0,0,0.0,0.047915,0,0.0,0,365,3,3,0.9081,0.0465,GREEN,36,Bengaluru
CLM0032633,BEN_09013,Jayanagar,2025-09-27,19,0,0,0,0,0,0,0,0,0,0.0,0.166653,0,0.0,0,387,3,2,0.7909,0.1103,GREEN,44,Bengaluru
CLM0032634,BEN_08022,Indiranagar,2024-12-17,18,0,0,0,0,0,0,0,0,0,0.0,0.424607,0,0.0,0,177,3,5,0.7636,0.0,GREEN,53,Bengaluru
CLM0032635,BEN_05537,Rajajinagar,2016-08-09,11,0,0,0,0,0,0,0,0,0,0.0,0.124762,0,0.0,0,262,1,0,0.716,0.044,GREEN,54,Bengaluru
CLM0032636,BEN_00722,Yelahanka,2016-11-19,7,0,0,0,0,0,0,0,0,0,1.0,0.24136,0,0.0,0,67,2,5,0.7598,0.0,GREEN,57,Bengaluru
CLM0032637,BEN_06521,Rajajinagar,2018-06-22,17,0,0,0,0,0,0,0,0,0,0.0,0.169346,0,0.0,0,203,4,2,0.2429,0.0,GREEN,37,Bengaluru
CLM0032638,BEN_07163,Jayanagar,2025-02-21,11,0,0,0,0,0,0,0,0,0,0.0,0.325783,0,0.0,0,31,2,0,0.6149,0.0183,GREEN,49,Bengaluru
CLM0032639,BEN_04205,BTM Layout,2024-12-27,19,0,0,0,1,0,0,1,0,0,0.0,0.304096,0,0.0,0,377,1,0,0.6294,0.2348,GREEN,27,Bengaluru
CLM0032640,BEN_01059,HSR Layout,2024-07-24,8,0,0,0,0,0,0,1,1,1,1.0,1.0,0,1.0,1,5,2,18,0.8001,0.1183,GREEN,55,Bengaluru
CLM0032641,BEN_00033,Marathahalli,2024-08-16,14,0,0,0,0,0,0,0,0,0,0.0,0.115873,0,0.0,0,418,0,2,0.6784,0.0434,GREEN,50,Bengaluru
CLM0032642,BEN_08543,Whitefield,2025-08-09,13,0,0,0,0,0,0,0,0,0,0.0,0.0,0,0.0,0,388,2,4,0.6085,0.0,GREEN,38,Bengaluru
CLM0032643,BEN_02858,BTM Layout,2022-05-10,18,0,0,0,0,0,0,0,0,0,0.0,0.341831,0,1.0,1,420,2,4,0.9266,0.1426,GREEN,40,Bengaluru
CLM0032644,BEN_01519,Electronic City,2020-12-03,17,0,0,0,0,0,0,0,1,0,0.0,0.349864,0,0.0,0,338,3,2,0.8922,0.0554,GREEN,43,Bengaluru
CLM0032645,BEN_07814,BTM Layout,2019-12-01,13,0,0,0,0,1,0,1,1,0,0.0,0.087785,0,0.0,0,5,0,18,0.742,0.1301,GREEN,61,Bengaluru
CLM0032646,BEN_08972,Rajajinagar,2021-07-02,9,0,0,0,0,0,0,0,0,0,0.0,0.235492,0,0.0,0,420,0,0,0.2194,0.0262,GREEN,43,Bengaluru
CLM0032647,BEN_06936,Jayanagar,2025-07-29,12,0,0,0,0,0,0,0,1,1,0.0,0.266452,0,0.0,1,184,3,5,0.5299,0.3033,GREEN,48,Bengaluru
CLM0032648,BEN_04601,Jayanagar,2020-10-24,17,0,0,0,0,0,0,0,0,0,0.0,0.41833,1,0.0,0,294,4,1,0.8128,0.0417,GREEN,40,Bengaluru
CLM0032649,BEN_01305,Rajajinagar,2024-07-12,10,0,0,0,0,0,1,0,0,0,0.0,0.235692,0,0.0,0,420,0,4,0.8066,0.1054,GREEN,25,Bengaluru
CLM0032650,BEN_09898,Marathahalli,2024-06-04,12,0,0,0,0,0,0,0,0,0,0.0,0.16009,1,0.0,0,321,2,2,0.6255,0.0363,GREEN,45,Bengaluru
CLM0032651,BEN_08111,Yelahanka,2022-04-20,11,0,0,0,0,0,0,0,1,0,1.0,0.022142,0,0.0,0,420,3,0,0.98,0.1383,GREEN,45,Bengaluru
CLM0032652,BEN_01525,Electronic City,2023-11-02,19,0,0,0,0,1,0,0,0,0,0.0,0.154296,0,0.0,0,420,3,0,0.8649,0.0889,GREEN,55,Bengaluru
CLM0032653,BEN_01436,BTM Layout,2018-07-31,21,0,0,0,0,1,0,1,0,0,0.0,1.0,0,0.0,0,199,4,1,0.9584,0.1749,GREEN,35,Bengaluru
CLM0032654,BEN_09437,Electronic City,2022-06-16,19,0,0,0,0,0,0,0,0,0,0.0,0.223001,0,0.0,0,420,4,3,0.5718,0.0364,GREEN,45,Bengaluru
CLM0032655,BEN_04233,Jayanagar,2020-01-26,21,0,0,0,0,0,0,0,0,0,0.0,0.241231,0,0.0,0,420,1,1,0.05,0.0,GREEN,56,Bengaluru
CLM0032656,BEN_05754,Marathahalli,2018-02-28,11,0,0,0,0,0,0,0,0,0,0.0,0.290103,0,0.0,0,317,4,1,0.8445,0.0029,GREEN,43,Bengaluru
CLM0032657,BEN_07295,Electronic City,2024-08-20,15,0,0,0,0,0,1,0,0,0,0.0,0.144544,0,0.0,0,218,0,0,0.8513,0.0012,GREEN,40,Bengaluru
CLM0032658,BEN_06313,Indiranagar,2022-02-23,21,0,0,0,0,0,0,0,0,0,0.0,1.0,0,0.0,0,345,1,3,0.98,0.0309,GREEN,39,Bengaluru
CLM0032659,BEN_02345,Rajajinagar,2022-02-22,12,0,0,0,0,0,0,0,0,0,0.0,0.284668,1,0.0,0,155,0,0,0.1304,0.1531,GREEN,47,Bengaluru
CLM0032660,BEN_01638,Marathahalli,2023-01-24,20,0,0,0,1,0,0,0,0,0,0.0,0.247234,0,0.0,0,113,2,0,0.2674,0.0667,GREEN,42,Bengaluru
CLM0032661,BEN_05713,Koramangala,2021-02-25,21,0,0,0,0,0,0,1,0,0,0.0,0.078881,0,0.0,0,409,1,2,0.7396,0.0742,GREEN,54,Bengaluru
CLM0032662,BEN_02549,Marathahalli,2022-02-22,8,0,0,0,0,0,0,0,0,0,0.0,1.0,1,0.0,0,32,4,1,0.9233,0.0217,GREEN,54,Bengaluru
CLM0032663,BEN_02418,HSR Layout,2024-10-03,15,0,0,0,0,0,0,0,0,0,0.0,0.204805,0,0.0,1,242,0,2,0.6088,0.0,GREEN,46,Bengaluru
CLM0032664,BEN_06066,Jayanagar,2024-08-20,15,0,0,0,0,0,0,0,0,0,0.0,0.21508,0,0.0,1,337,4,0,0.7278,0.0543,GREEN,55,Bengaluru
CLM0032665,BEN_04575,Koramangala,2023-05-08,14,0,0,0,0,1,1,1,1,1,0.0,0.187929,0,0.0,1,40,3,18,0.8659,0.1209,GREEN,39,Bengaluru
CLM0032666,BEN_03943,BTM Layout,2021-08-23,21,0,0,0,0,0,0,0,0,0,0.0,0.253234,0,0.0,0,21,2,0,0.894,0.0227,GREEN,18,Bengaluru
CLM0032667,BEN_00211,Whitefield,2025-02-17,12,0,0,0,0,0,0,0,0,0,0.0,0.203535,0,0.0,0,227,0,2,0.7204,0.0,GREEN,39,Bengaluru
CLM0032668,BEN_08998,Electronic City,2020-10-18,9,0,0,0,0,0,1,1,0,0,0.0,0.00456,0,0.0,0,326,0,1,0.6968,0.1715,GREEN,39,Bengaluru
CLM0032669,BEN_06976,Rajajinagar,2022-02-16,18,0,0,0,0,0,0,0,0,0,0.0,0.134925,0,0.0,0,290,3,0,0.05,0.0,GREEN,29,Bengaluru
CLM0032670,BEN_07718,Marathahalli,2025-06-19,7,0,0,0,0,0,0,0,0,0,0.0,0.241358,0,1.0,0,420,4,0,0.6757,0.0346,GREEN,47,Bengaluru
CLM0032671,BEN_00412,Marathahalli,2021-07-01,14,0,0,0,0,0,0,0,0,0,0.0,1.0,0,0.0,0,341,4,3,0.98,0.0029,GREEN,37,Bengaluru
CLM0032672,BEN_02287,HSR Layout,2019-05-31,19,0,0,0,0,0,0,0,0,0,0.0,0.164464,0,0.0,0,239,2,0,0.2984,0.0,GREEN,49,Bengaluru
CLM0032673,BEN_07362,Marathahalli,2021-01-23,11,0,0,0,0,1,0,0,0,0,0.0,0.102043,0,0.0,0,96,0,0,0.8939,0.1931,GREEN,44,Bengaluru
CLM0032674,BEN_00840,BTM Layout,2020-01-16,10,0,0,0,0,0,0,0,0,0,0.0,0.125129,0,0.0,0,299,4,7,0.6753,0.0833,GREEN,41,Bengaluru
CLM0032675,BEN_00072,Indiranagar,2018-12-18,13,0,0,0,0,0,0,0,0,0,0.0,0.341463,0,0.0,0,214,3,3,0.6763,0.0214,GREEN,51,Bengaluru
CLM0032676,BEN_06022,Koramangala,2023-05-01,18,0,0,0,1,1,1,0,0,0,0.0,0.922955,0,0.0,0,34,1,3,0.599,0.5172,YELLOW,46,Bengaluru
CLM0032677,BEN_00998,Electronic City,2023-12-22,10,0,0,0,0,0,0,0,0,0,0.0,0.465418,0,0.0,0,115,1,2,0.7704,0.0806,GREEN,44,Bengaluru
CLM0032678,BEN_01520,BTM Layout,2019-05-28,10,0,0,0,0,0,0,0,1,0,0.0,0.213045,0,0.0,1,226,0,8,0.7722,0.2228,GREEN,43,Bengaluru
CLM0032679,BEN_09302,HSR Layout,2023-03-21,13,0,0,0,1,0,0,0,0,0,1.0,0.287529,0,0.0,0,420,1,5,0.05,0.152,GREEN,50,Bengaluru
CLM0032680,BEN_05370,BTM Layout,2022-12-04,8,0,0,0,0,0,1,0,0,0,0.0,1.0,0,0.0,0,101,3,5,0.4284,0.0142,GREEN,50,Bengaluru
CLM0032681,BEN_08977,Koramangala,2023-11-11,10,0,0,0,0,0,0,0,0,0,0.0,0.293782,0,0.0,0,243,3,3,0.98,0.0616,GREEN,63,Bengaluru
CLM0032682,BEN_01820,Marathahalli,2022-07-11,19,0,0,0,1,0,1,0,0,0,1.0,0.270865,0,0.0,0,109,3,5,0.5024,0.322,YELLOW,53,Bengaluru
CLM0032683,BEN_09486,Marathahalli,2018-12-09,10,0,0,0,0,0,0,0,0,0,0.0,0.316985,0,0.0,0,420,3,3,0.8412,0.0,GREEN,61,Bengaluru
CLM0032684,BEN_00715,BTM Layout,2025-08-14,12,0,0,0,0,0,0,0,0,0,0.0,0.200903,0,0.0,0,173,0,0,0.9413,0.1289,GREEN,39,Bengaluru
CLM0032685,BEN_07903,BTM Layout,2024-08-11,16,0,0,0,0,0,0,1,0,0,1.0,0.981962,0,0.0,0,420,3,2,0.9387,0.1452,GREEN,51,Bengaluru
CLM0032686,BEN_04299,Rajajinagar,2024-12-26,13,0,0,0,0,0,0,0,0,0,0.0,0.440874,0,0.0,0,420,4,0,0.2338,0.0477,GREEN,41,Bengaluru
CLM0032687,BEN_04819,HSR Layout,2025-05-02,13,0,0,0,0,0,0,0,0,0,0.0,0.368815,0,0.0,0,348,3,4,0.529,0.0943,GREEN,60,Bengaluru
CLM0032688,BEN_08761,BTM Layout,2025-07-10,16,0,0,0,0,0,0,0,0,1,0.0,0.072834,0,0.0,1,241,0,0,0.98,0.2084,GREEN,42,Bengaluru
CLM0032689,BEN_08495,Jayanagar,2025-02-27,21,0,0,0,1,0,0,0,0,0,0.0,0.060694,0,0.0,0,420,4,1,0.5269,0.2224,GREEN,43,Bengaluru
CLM0032690,BEN_02804,Indiranagar,2024-04-20,12,0,0,0,0,0,0,0,0,1,0.0,0.915099,0,0.0,0,126,1,0,0.7494,0.1672,GREEN,35,Bengaluru
CLM0032691,BEN_04868,Rajajinagar,2023-11-14,12,0,0,0,0,0,0,0,0,0,0.0,0.310146,0,0.0,0,420,2,4,0.5719,0.025,GREEN,29,Bengaluru
CLM0032692,BEN_08543,Whitefield,2024-07-18,14,0,0,0,0,0,0,0,0,0,0.0,0.103394,0,0.0,0,125,3,2,0.05,0.0,GREEN,38,Bengaluru
CLM0032693,BEN_08476,HSR Layout,2025-06-11,11,0,0,0,0,0,0,0,0,0,0.0,0.175686,0,0.0,0,289,4,2,0.9043,0.0,GREEN,32,Bengaluru
CLM0032694,BEN_07495,Electronic City,2020-10-05,11,0,0,0,0,0,0,0,0,0,0.0,0.232701,0,0.0,0,420,2,4,0.98,0.0,GREEN,42,Bengaluru
CLM0032695,BEN_07721,Indiranagar,2024-04-21,10,0,0,0,0,0,0,0,0,0,0.0,0.0,0,0.0,0,215,1,1,0.1192,0.0,GREEN,31,Bengaluru
CLM0032696,BEN_09220,Electronic City,2022-08-29,14,0,0,0,0,0,0,0,0,0,0.0,0.316086,0,0.0,0,238,3,2,0.646,0.0931,GREEN,49,Bengaluru
CLM0032697,BEN_06298,Whitefield,2024-11-06,12,0,0,0,0,0,0,0,0,0,0.0,0.18123,0,1.0,0,420,1,1,0.151,0.0,GREEN,30,Bengaluru
CLM0032698,BEN_07670,Koramangala,2024-05-15,14,0,0,0,0,1,1,0,1,1,1.0,0.994843,1,1.0,0,11,3,16,0.05,0.0063,GREEN,59,Bengaluru
CLM0032699,BEN_08806,Koramangala,2020-05-04,11,0,0,0,0,0,0,0,0,0,1.0,0.940002,0,0.0,0,409,3,3,0.98,0.1076,GREEN,34,Bengaluru
CLM0032700,BEN_01669,Koramangala,2017-10-17,10,0,0,0,0,0,0,0,0,0,0.0,0.227283,0,0.0,0,420,3,2,0.5946,0.0,GREEN,46,Bengaluru
CLM0032701,BEN_01233,Electronic City,2021-06-30,18,0,0,0,0,1,1,0,0,0,0.0,0.257949,0,0.0,0,338,0,0,0.5832,0.2437,GREEN,39,Bengaluru
CLM0032702,BEN_08910,Rajajinagar,2025-04-23,15,0,0,0,0,0,0,0,0,0,0.0,0.144038,0,0.0,0,74,1,3,0.7571,0.0,GREEN,66,Bengaluru
CLM0032703,BEN_09679,Rajajinagar,2025-07-16,9,0,0,0,0,0,0,0,0,0,0.0,0.163063,0,0.0,0,225,2,4,0.7206,0.0,GREEN,49,Bengaluru
CLM0032704,BEN_03605,Marathahalli,2024-10-01,17,0,0,0,0,0,0,0,0,0,0.0,0.358406,0,0.0,0,390,0,5,0.2547,0.0,GREEN,54,Bengaluru
CLM0032705,BEN_01903,Marathahalli,2023-11-07,13,0,0,0,0,0,0,0,0,0,0.0,0.253968,0,0.0,0,125,2,4,0.3905,0.0341,GREEN,47,Bengaluru
CLM0032706,BEN_09446,Electronic City,2021-06-09,10,0,0,0,0,0,0,0,0,0,0.0,0.0,0,0.0,0,420,1,2,0.4816,0.0545,GREEN,59,Bengaluru
CLM0032707,BEN_04160,HSR Layout,2021-11-23,15,0,1,1,0,0,0,0,1,0,0.0,0.199541,0,0.0,0,322,2,0,0.5551,0.0039,GREEN,36,Bengaluru
CLM0032708,BEN_05162,Koramangala,2025-01-22,18,0,0,0,0,0,0,0,0,0,0.0,0.189504,0,0.0,0,167,2,5,0.8636,0.0,GREEN,68,Bengaluru
CLM0032709,BEN_09015,Electronic City,2017-03-15,17,0,0,0,0,0,0,0,0,0,0.0,0.244814,0,0.0,0,321,3,4,0.095,0.1816,GREEN,52,Bengaluru
CLM0032710,BEN_02690,Yelahanka,2023-10-13,10,0,0,0,0,0,0,0,0,0,0.0,0.180165,0,0.0,0,305,4,2,0.5429,0.0253,GREEN,42,Bengaluru
CLM0032711,BEN_01049,Marathahalli,2022-11-29,14,0,1,1,0,0,0,1,0,0,1.0,0.930985,0,1.0,0,420,3,3,0.8939,0.0959,GREEN,45,Bengaluru
CLM0032712,BEN_04552,HSR Layout,2022-02-05,18,0,0,0,0,0,0,0,0,0,1.0,0.0,1,0.0,0,395,1,0,0.9098,0.0867,GREEN,23,Bengaluru
CLM0032713,BEN_01203,Yelahanka,2024-12-16,13,0,0,0,0,0,0,0,0,1,0.0,1.0,0,0.0,0,350,1,3,0.8609,0.0997,GREEN,53,Bengaluru
CLM0032714,BEN_02011,Indiranagar,2024-02-15,13,0,0,0,0,0,0,0,0,0,0.0,0.0,0,0.0,0,66,3,0,0.469,0.0386,GREEN,39,Bengaluru
CLM0032715,BEN_08200,Koramangala,2017-07-19,11,0,0,0,0,0,0,0,0,0,0.0,0.201272,0,0.0,0,420,3,0,0.581,0.008,GREEN,53,Bengaluru
CLM0032716,BEN_03666,BTM Layout,2021-02-18,12,0,0,0,0,0,1,0,0,0,0.0,0.185191,0,0.0,0,69,1,1,0.7261,0.1523,GREEN,45,Bengaluru
CLM0032717,BEN_04514,BTM Layout,2017-01-26,10,0,0,0,0,0,0,0,0,0,0.0,0.32675,0,1.0,0,420,3,2,0.5713,0.0,GREEN,34,Bengaluru
CLM0032718,BEN_03758,Marathahalli,2018-09-08,21,0,0,0,0,0,0,0,0,0,1.0,0.035199,0,0.0,0,399,3,2,0.2274,0.0346,GREEN,49,Bengaluru
CLM0032719,BEN_02256,HSR Layout,2024-02-13,17,0,0,0,0,0,1,0,0,0,0.0,0.043706,0,0.0,0,146,2,3,0.98,0.0469,GREEN,44,Bengaluru
CLM0032720,BEN_06568,Whitefield,2024-01-26,7,0,0,0,0,0,0,1,0,0,0.0,0.305768,0,0.0,0,256,1,4,0.7895,0.0658,GREEN,53,Bengaluru
CLM0032721,BEN_02119,Marathahalli,2025-06-16,9,0,0,0,0,0,0,0,0,0,0.0,0.227028,1,0.0,0,31,0,2,0.9646,0.0873,GREEN,47,Bengaluru
CLM0032722,BEN_00793,Electronic City,2019-03-21,21,0,0,0,1,0,0,0,0,0,0.0,0.293123,0,0.0,0,144,1,3,0.98,0.1303,GREEN,50,Bengaluru
CLM0032723,BEN_08147,Marathahalli,2024-02-21,10,0,0,0,0,0,0,0,0,0,0.0,0.099911,0,0.0,0,87,2,7,0.878,0.0,GREEN,43,Bengaluru
CLM0032724,BEN_07907,Marathahalli,2020-05-03,20,0,0,0,0,0,0,0,0,0,0.0,0.044222,0,0.0,0,367,0,1,0.5198,0.0,GREEN,33,Bengaluru
CLM0032725,BEN_01397,Yelahanka,2019-04-28,17,0,0,0,0,0,0,0,0,0,0.0,0.107703,0,0.0,0,163,1,0,0.4836,0.0,GREEN,57,Bengaluru
CLM0032726,BEN_08855,Jayanagar,2016-09-03,16,0,0,0,0,0,0,1,0,1,0.0,0.262776,0,0.0,0,255,4,1,0.05,0.164,GREEN,52,Bengaluru
CLM0032727,BEN_09201,Indiranagar,2019-12-17,15,0,0,0,0,0,0,0,0,0,0.0,0.165288,0,0.0,0,355,4,1,0.928,0.0209,GREEN,56,Bengaluru
CLM0032728,BEN_01658,BTM Layout,2023-07-12,13,0,0,0,0,0,0,0,0,0,0.0,0.022692,0,0.0,0,286,1,4,0.8329,0.0,GREEN,30,Bengaluru
CLM0032729,BEN_03178,Whitefield,2020-12-05,20,0,0,0,0,0,0,0,0,0,0.0,0.0,0,0.0,0,301,0,0,0.821,0.0562,GREEN,54,Bengaluru
CLM0032730,BEN_07494,Electronic City,2024-03-15,13,0,0,0,0,1,0,0,0,0,0.0,0.302699,0,0.0,0,189,0,4,0.98,0.1887,GREEN,46,Bengaluru
CLM0032731,BEN_01548,Indiranagar,2022-01-19,9,0,0,0,0,0,0,0,0,0,1.0,0.1514,0,0.0,0,357,1,1,0.8595,0.0451,GREEN,44,Bengaluru
CLM0032732,BEN_02296,Indiranagar,2025-01-01,16,0,0,0,0,0,0,0,0,0,0.0,0.161711,0,0.0,0,272,0,1,0.7233,0.0,GREEN,43,Bengaluru
CLM0032733,BEN_01228,BTM Layout,2024-02-18,8,0,0,0,0,0,0,0,0,1,0.0,0.110898,0,0.0,0,309,0,3,0.8269,0.2183,GREEN,60,Bengaluru
CLM0032734,BEN_03441,HSR Layout,2024-07-27,12,0,0,0,0,0,0,0,0,0,0.0,0.067864,0,0.0,0,98,2,3,0.4875,0.0,GREEN,37,Bengaluru
CLM0032735,BEN_05403,Whitefield,2020-04-29,16,0,0,0,0,0,0,0,0,0,0.0,0.070368,0,0.0,1,97,4,0,0.7134,0.1468,GREEN,44,Bengaluru
CLM0032736,BEN_09997,Rajajinagar,2022-03-10,16,0,0,0,0,0,0,0,0,0,0.0,0.344565,0,0.0,0,94,0,0,0.7678,0.0449,GREEN,49,Bengaluru
CLM0032737,BEN_00933,Yelahanka,2022-12-17,12,0,0,0,0,0,1,0,0,0,0.0,0.962399,0,0.0,0,122,1,1,0.7648,0.0298,GREEN,35,Bengaluru
CLM0032738,BEN_02750,Indiranagar,2023-01-04,8,0,0,0,0,0,0,0,0,0,0.0,1.0,0,0.0,0,349,4,0,0.7925,0.0,GREEN,38,Bengaluru
CLM0032739,BEN_00667,Marathahalli,2023-06-03,11,0,0,0,0,0,0,1,0,0,1.0,0.338246,0,0.0,0,420,1,3,0.459,0.1479,GREEN,38,Bengaluru
CLM0032740,BEN_01670,Electronic City,2023-03-03,13,0,0,0,0,0,0,0,0,0,0.0,0.035812,0,0.0,0,154,0,0,0.9444,0.0,GREEN,33,Bengaluru
CLM0032741,BEN_05765,Electronic City,2024-11-19,16,0,0,0,1,0,1,0,0,0,0.0,0.172065,0,0.0,0,293,2,3,0.7457,0.2691,GREEN,46,Bengaluru
CLM0032742,BEN_01817,Yelahanka,2023-03-03,8,0,0,0,0,0,1,0,0,0,0.0,0.074986,0,0.0,0,81,1,0,0.1382,0.0998,GREEN,18,Bengaluru
CLM0032743,BEN_00007,BTM Layout,2023-12-20,21,0,0,0,0,0,1,0,0,1,0.0,0.286098,0,0.0,0,335,4,0,0.3923,0.2883,GREEN,33,Bengaluru
CLM0032744,BEN_01787,Koramangala,2023-10-13,20,0,0,0,0,1,0,1,0,0,1.0,0.164081,0,0.0,0,420,0,6,0.6206,0.2806,GREEN,35,Bengaluru
CLM0032745,BEN_07351,Yelahanka,2021-11-18,18,0,0,0,0,0,1,0,0,0,0.0,0.349004,0,0.0,0,223,4,3,0.8488,0.0397,GREEN,44,Bengaluru
CLM0032746,BEN_05452,Whitefield,2021-05-23,7,0,0,0,0,0,0,0,0,0,0.0,0.329232,0,0.0,1,420,4,5,0.6007,0.0719,GREEN,46,Bengaluru
CLM0032747,BEN_00489,Indiranagar,2021-11-22,21,0,0,0,0,0,0,0,0,0,0.0,0.293506,0,0.0,0,331,1,3,0.8883,0.0,GREEN,45,Bengaluru
CLM0032748,BEN_01840,Indiranagar,2025-04-23,10,0,0,0,0,0,1,0,1,0,0.0,0.138749,0,0.0,0,72,3,0,0.98,0.1914,GREEN,42,Bengaluru
CLM0032749,BEN_00242,Koramangala,2023-04-25,19,0,0,0,0,0,0,0,0,0,0.0,0.301649,0,0.0,0,333,1,0,0.2527,0.0,GREEN,46,Bengaluru
CLM0032750,BEN_05752,Yelahanka,2022-11-23,20,0,0,0,0,0,0,0,0,0,0.0,0.362086,0,0.0,0,342,4,4,0.894,0.0,GREEN,54,Bengaluru
CLM0032751,BEN_01651,Electronic City,2024-09-12,18,0,0,0,0,0,0,0,0,0,0.0,0.951655,1,0.0,0,365,4,2,0.5859,0.1994,GREEN,44,Bengaluru
CLM0032752,BEN_09186,Koramangala,2025-12-19,8,0,0,0,0,0,0,0,0,0,0.0,0.035301,0,0.0,0,420,2,2,0.7756,0.0,GREEN,38,Bengaluru
CLM0032753,BEN_07633,Electronic City,2024-01-23,11,0,0,0,0,0,0,0,0,0,0.0,0.931333,0,0.0,0,350,4,4,0.05,0.0,GREEN,39,Bengaluru
CLM0032754,BEN_08403,Rajajinagar,2025-03-27,21,0,0,0,0,0,0,0,0,0,1.0,0.995409,0,0.0,0,210,4,0,0.668,0.0,GREEN,49,Bengaluru
CLM0032755,BEN_04613,Yelahanka,2022-07-24,7,0,0,0,0,0,0,0,0,0,0.0,0.371403,0,0.0,0,290,0,4,0.966,0.0,GREEN,48,Bengaluru
CLM0032756,BEN_05299,Jayanagar,2025-11-23,14,0,0,0,0,0,0,0,0,0,0.0,0.0,0,0.0,0,15,3,1,0.7123,0.0,GREEN,60,Bengaluru
CLM0032757,BEN_03670,Koramangala,2022-12-18,19,0,0,0,0,0,0,0,0,0,0.0,0.320987,0,0.0,0,143,3,3,0.3265,0.0256,GREEN,43,Bengaluru
CLM0032758,BEN_08441,Yelahanka,2025-08-12,10,0,0,0,0,0,0,0,0,0,0.0,0.266955,0,0.0,0,261,2,0,0.8697,0.0,GREEN,23,Bengaluru
CLM0032759,BEN_03985,Marathahalli,2021-03-29,14,0,0,0,0,1,0,0,0,0,0.0,0.448443,0,0.0,0,241,3,5,0.4821,0.0695,GREEN,60,Bengaluru
CLM0032760,BEN_09595,Marathahalli,2020-08-28,7,0,0,0,0,0,0,0,1,0,0.0,0.992734,0,0.0,0,362,3,0,0.0993,0.1863,GREEN,56,Bengaluru
CLM0032761,BEN_08317,Rajajinagar,2020-04-17,20,0,0,0,0,0,0,0,0,0,1.0,0.299364,0,0.0,0,43,4,3,0.912,0.0109,GREEN,53,Bengaluru
CLM0032762,BEN_05743,Koramangala,2025-12-17,8,0,0,0,0,0,0,0,0,0,0.0,0.129016,0,0.0,0,37,3,4,0.7867,0.0047,GREEN,57,Bengaluru
CLM0032763,BEN_00121,Indiranagar,2025-10-14,11,0,0,0,1,0,0,0,1,0,0.0,0.0,0,0.0,0,185,2,0,0.5441,0.3117,YELLOW,45,Bengaluru
CLM0032764,BEN_07114,Rajajinagar,2024-05-07,10,0,0,0,0,0,0,0,0,0,0.0,0.090209,0,0.0,0,222,3,2,0.98,0.051,GREEN,64,Bengaluru
CLM0032765,BEN_00622,Yelahanka,2025-02-03,20,0,0,0,0,0,0,0,0,0,0.0,0.349395,0,0.0,0,5,4,2,0.98,0.0,GREEN,51,Bengaluru
CLM0032766,BEN_04663,Rajajinagar,2024-06-25,20,0,0,0,0,0,0,0,0,0,0.0,0.005941,0,0.0,0,356,1,4,0.5068,0.0739,GREEN,62,Bengaluru
CLM0032767,BEN_06382,Yelahanka,2025-12-07,11,0,0,0,0,1,0,0,0,0,0.0,0.176621,0,0.0,0,138,0,0,0.98,0.0137,GREEN,41,Bengaluru
CLM0032768,BEN_04813,Electronic City,2018-11-24,15,0,0,0,0,0,0,0,0,0,1.0,0.353374,0,0.0,1,306,0,2,0.8929,0.1607,GREEN,65,Bengaluru
CLM0032769,BEN_03801,Indiranagar,2022-02-20,15,0,0,0,0,0,0,1,1,0,0.0,0.463503,0,0.0,0,230,0,0,0.05,0.0774,GREEN,42,Bengaluru
CLM0032770,BEN_05505,HSR Layout,2020-12-27,20,0,0,0,0,0,0,0,0,0,1.0,1.0,0,1.0,0,393,3,0,0.9472,0.0882,GREEN,44,Bengaluru
CLM0032771,BEN_04647,Jayanagar,2017-04-21,15,0,0,0,0,0,0,0,0,1,0.0,0.320187,0,0.0,0,59,3,4,0.775,0.0895,GREEN,44,Bengaluru
CLM0032772,BEN_00439,Indiranagar,2024-04-06,15,0,0,0,0,0,0,0,0,0,1.0,0.975973,0,1.0,0,28,1,0,0.6243,0.0,GREEN,27,Bengaluru
CLM0032773,BEN_06907,Jayanagar,2020-07-23,10,0,0,0,0,0,0,0,0,0,1.0,0.951854,0,0.0,0,292,4,0,0.5046,0.1474,GREEN,42,Bengaluru
CLM0032774,BEN_07921,Koramangala,2024-06-24,10,0,0,0,0,1,0,0,0,0,0.0,0.903179,0,0.0,0,420,1,3,0.537,0.0958,GREEN,50,Bengaluru
CLM0032775,BEN_00637,BTM Layout,2024-05-16,10,0,0,0,1,0,0,0,0,0,1.0,0.366348,0,0.0,0,420,1,4,0.1182,0.2799,GREEN,53,Bengaluru
CLM0032776,BEN_05117,HSR Layout,2025-05-21,18,0,0,0,0,0,0,0,0,0,0.0,0.104558,0,0.0,0,277,3,1,0.621,0.0035,GREEN,38,Bengaluru
CLM0032777,BEN_06899,Yelahanka,2022-10-19,7,0,0,0,0,0,0,0,0,0,0.0,0.05191,0,0.0,0,170,4,5,0.5883,0.0963,GREEN,40,Bengaluru
CLM0032778,BEN_00541,Marathahalli,2022-06-02,9,0,1,1,0,0,0,0,0,0,0.0,0.313578,0,0.0,0,393,3,6,0.8277,0.0111,GREEN,58,Bengaluru
CLM0032779,BEN_01080,BTM Layout,2023-11-24,17,0,0,0,0,0,1,0,0,0,0.0,0.274782,0,0.0,0,139,4,0,0.7119,0.2286,GREEN,32,Bengaluru
CLM0032780,BEN_02362,Marathahalli,2023-02-27,17,0,0,0,0,0,0,0,0,0,0.0,0.234966,0,0.0,0,131,4,6,0.471,0.1222,GREEN,65,Bengaluru
CLM0032781,BEN_06099,Koramangala,2022-11-15,15,0,0,0,0,1,0,0,0,0,0.0,0.106966,0,0.0,0,396,3,1,0.8333,0.1946,GREEN,53,Bengaluru
CLM0032782,BEN_08039,Electronic City,2023-05-18,10,0,0,0,0,0,0,0,1,0,0.0,0.293175,0,0.0,0,28,4,2,0.8798,0.1253,GREEN,51,Bengaluru
CLM0032783,BEN_00899,Yelahanka,2023-07-20,21,0,0,0,0,0,0,0,0,0,0.0,0.250578,0,0.0,0,419,2,1,0.7502,0.0,GREEN,29,Bengaluru
CLM0032784,BEN_01600,Indiranagar,2025-07-17,20,0,0,0,0,0,1,0,1,0,0.0,0.20394,0,0.0,0,96,4,4,0.6506,0.1991,GREEN,46,Bengaluru
CLM0032785,BEN_04564,Indiranagar,2024-06-17,20,0,0,0,0,0,0,0,0,0,0.0,0.231838,0,0.0,0,274,0,2,0.98,0.0,GREEN,43,Bengaluru
CLM0032786,BEN_09893,Koramangala,2021-06-09,15,0,0,0,0,0,0,0,0,0,0.0,0.170342,0,0.0,0,420,2,2,0.2055,0.0824,GREEN,34,Bengaluru
CLM0032787,BEN_06606,Marathahalli,2023-06-01,12,0,0,0,0,0,0,0,0,0,0.0,0.160234,0,0.0,0,209,3,0,0.7317,0.0,GREEN,40,Bengaluru
CLM0032788,BEN_05090,Rajajinagar,2020-04-23,21,0,0,0,0,0,0,1,0,0,0.0,0.356829,0,0.0,0,403,3,0,0.6311,0.0,GREEN,66,Bengaluru
CLM0032789,BEN_05692,Koramangala,2017-09-14,21,0,0,0,0,0,0,0,0,0,0.0,0.195242,0,0.0,0,330,3,6,0.8582,0.0508,GREEN,38,Bengaluru
CLM0032790,BEN_06861,Rajajinagar,2023-08-21,14,0,1,1,0,0,0,0,0,0,1.0,0.252314,0,1.0,0,217,1,2,0.6801,0.0209,GREEN,41,Bengaluru
CLM0032791,BEN_08515,Rajajinagar,2021-12-24,11,0,0,0,0,0,0,0,0,0,0.0,0.127948,0,0.0,0,202,3,0,0.98,0.0152,GREEN,49,Bengaluru
CLM0032792,BEN_08319,Yelahanka,2022-10-18,14,0,0,0,0,0,0,0,0,0,1.0,0.428404,0,1.0,1,66,1,2,0.0971,0.1466,GREEN,40,Bengaluru
CLM0032793,BEN_06102,HSR Layout,2024-12-13,19,0,0,0,0,0,1,0,1,0,0.0,0.167423,0,0.0,0,420,4,2,0.1696,0.2067,GREEN,38,Bengaluru
CLM0032794,BEN_08768,Rajajinagar,2025-04-17,18,0,0,0,0,0,0,1,0,0,0.0,0.236071,0,0.0,0,162,0,5,0.8956,0.0391,GREEN,38,Bengaluru
CLM0032795,BEN_00605,Electronic City,2024-07-24,15,0,0,0,1,0,1,0,1,1,0.0,0.732513,0,0.0,1,6,1,18,0.8993,0.0361,GREEN,37,Bengaluru
CLM0032796,BEN_07114,Rajajinagar,2019-09-07,14,0,0,0,0,0,0,0,0,0,0.0,0.048281,0,0.0,0,420,4,0,0.9016,0.0082,GREEN,64,Bengaluru
CLM0032797,BEN_06547,Whitefield,2019-05-24,15,0,0,0,0,0,0,0,0,0,0.0,1.0,0,0.0,0,55,4,2,0.7628,0.0116,GREEN,43,Bengaluru
CLM0032798,BEN_06655,Jayanagar,2021-11-23,16,0,0,0,0,0,0,0,0,0,1.0,0.363117,0,0.0,0,243,3,0,0.1107,0.0226,GREEN,37,Bengaluru
CLM0032799,BEN_00946,Electronic City,2025-06-06,8,0,0,0,0,0,0,0,0,0,0.0,0.253332,0,0.0,0,420,3,0,0.905,0.036,GREEN,49,Bengaluru
CLM0032800,BEN_02195,Marathahalli,2025-02-25,11,0,0,0,1,1,1,1,0,0,1.0,1.0,1,1.0,1,14,0,18,0.171,0.038,GREEN,49,Bengaluru
CLM0032801,BEN_04250,BTM Layout,2025-01-03,13,0,0,0,0,0,0,0,0,0,1.0,0.38048,0,0.0,0,358,0,0,0.7954,0.1324,GREEN,50,Bengaluru
CLM0032802,BEN_07583,Jayanagar,2025-05-06,19,0,0,0,0,0,0,1,0,0,0.0,1.0,0,0.0,0,237,3,0,0.581,0.0854,GREEN,41,Bengaluru
CLM0032803,BEN_02801,HSR Layout,2025-04-11,10,0,1,1,0,0,0,0,0,0,0.0,0.192687,0,0.0,0,7,4,0,0.882,0.0499,GREEN,43,Bengaluru
CLM0032804,BEN_02806,HSR Layout,2025-12-30,18,0,0,0,0,0,0,1,0,0,0.0,0.393036,0,0.0,0,35,3,1,0.0948,0.0461,GREEN,41,Bengaluru
CLM0032805,BEN_05567,Koramangala,2025-06-08,20,0,1,1,1,1,0,0,0,1,0.0,0.0,0,0.0,0,5,3,18,0.8585,0.1526,GREEN,57,Bengaluru
CLM0032806,BEN_05189,Jayanagar,2024-10-28,9,0,0,0,0,0,0,0,1,0,0.0,1.0,1,0.0,0,41,0,5,0.4184,0.1365,GREEN,28,Bengaluru
CLM0032807,BEN_03728,Yelahanka,2024-06-02,15,0,1,1,1,0,0,0,0,0,0.0,0.336146,0,0.0,0,420,4,1,0.7615,0.2344,GREEN,44,Bengaluru
CLM0032808,BEN_00115,Marathahalli,2025-12-01,20,0,0,0,0,1,0,0,1,0,0.0,0.374784,0,0.0,0,420,0,7,0.3855,0.204,GREEN,49,Bengaluru
CLM0032809,BEN_01570,Rajajinagar,2021-06-06,8,0,0,0,0,0,0,0,0,0,0.0,0.08213,0,0.0,0,36,1,1,0.7212,0.0207,GREEN,55,Bengaluru
CLM0032810,BEN_00510,Electronic City,2019-03-12,21,0,0,0,0,0,0,0,0,0,0.0,0.022114,0,0.0,0,420,3,4,0.5783,0.0335,GREEN,45,Bengaluru
CLM0032811,BEN_08787,Indiranagar,2022-03-14,11,0,0,0,0,0,0,0,0,0,0.0,1.0,0,0.0,0,5,0,4,0.5867,0.0274,GREEN,34,Bengaluru
CLM0032812,BEN_09441,Marathahalli,2020-06-06,10,0,0,0,1,0,0,0,0,0,1.0,0.925393,0,0.0,0,163,2,0,0.5536,0.2025,GREEN,53,Bengaluru
CLM0032813,BEN_09697,BTM Layout,2020-12-01,14,0,0,0,0,0,1,0,0,0,0.0,0.196232,0,0.0,0,348,1,5,0.6025,0.1109,GREEN,38,Bengaluru
CLM0032814,BEN_00203,Koramangala,2025-02-16,20,0,0,0,0,0,0,0,0,0,0.0,0.212983,0,0.0,0,172,1,2,0.9259,0.0132,GREEN,40,Bengaluru
CLM0032815,BEN_04989,BTM Layout,2017-11-02,14,0,0,0,0,1,0,0,0,0,0.0,0.254123,0,0.0,0,420,2,0,0.5,0.1008,GREEN,38,Bengaluru
CLM0032816,BEN_09083,Yelahanka,2018-07-04,20,0,0,0,1,0,0,0,0,1,0.0,0.154288,0,0.0,1,412,2,1,0.2527,0.4475,YELLOW,57,Bengaluru
CLM0032817,BEN_08275,Jayanagar,2022-07-29,21,0,0,0,1,0,0,0,0,0,0.0,0.221695,0,0.0,1,420,3,0,0.6186,0.2973,GREEN,36,Bengaluru
CLM0032818,BEN_00518,Whitefield,2023-10-13,17,0,0,0,1,0,0,0,1,0,0.0,0.216515,0,1.0,0,221,1,2,0.9164,0.2419,GREEN,43,Bengaluru
CLM0032819,BEN_01147,HSR Layout,2025-01-10,21,0,0,0,0,0,0,0,0,0,0.0,0.326599,0,0.0,0,405,3,2,0.6085,0.0024,GREEN,45,Bengaluru
CLM0032820,BEN_01154,Koramangala,2020-11-29,9,0,0,0,0,0,0,0,0,0,0.0,0.073489,0,0.0,0,135,1,0,0.5481,0.0249,GREEN,27,Bengaluru
CLM0032821,BEN_00239,Jayanagar,2021-04-08,13,0,0,0,0,0,0,0,1,0,0.0,0.409439,0,0.0,0,134,2,1,0.6504,0.0312,GREEN,49,Bengaluru
CLM0032822,BEN_03154,Electronic City,2023-06-24,10,0,0,0,0,1,0,1,0,0,1.0,0.913821,0,1.0,0,420,2,1,0.9403,0.1673,GREEN,58,Bengaluru
CLM0032823,BEN_02128,BTM Layout,2024-02-18,11,0,0,0,1,0,0,0,0,0,0.0,0.425716,1,0.0,0,400,2,4,0.8552,0.2131,GREEN,61,Bengaluru
CLM0032824,BEN_03858,Whitefield,2023-07-04,20,0,0,0,0,0,1,0,0,0,0.0,0.306278,0,0.0,0,95,1,4,0.8135,0.1096,GREEN,44,Bengaluru
CLM0032825,BEN_05816,Rajajinagar,2022-02-13,21,0,0,0,0,0,0,0,1,0,0.0,0.089695,0,0.0,0,318,3,0,0.7015,0.0771,GREEN,38,Bengaluru
CLM0032826,BEN_00081,Indiranagar,2023-03-01,17,0,0,0,0,0,0,0,0,0,0.0,0.432811,1,0.0,0,406,4,3,0.7345,0.1304,GREEN,63,Bengaluru
CLM0032827,BEN_00387,Jayanagar,2024-01-29,11,0,0,0,0,0,0,0,0,0,0.0,0.978131,0,0.0,0,414,0,3,0.98,0.0838,GREEN,47,Bengaluru
CLM0032828,BEN_05173,Jayanagar,2021-12-07,7,0,0,0,0,0,1,0,0,0,0.0,0.177991,0,0.0,0,314,3,7,0.462,0.0955,GREEN,41,Bengaluru
CLM0032829,BEN_02198,Whitefield,2024-10-28,7,0,0,0,0,0,0,0,0,0,0.0,0.418677,0,0.0,0,201,2,3,0.6306,0.1123,GREEN,64,Bengaluru
CLM0032830,BEN_00676,Koramangala,2019-03-25,15,0,0,0,0,0,0,0,1,0,0.0,0.430067,0,0.0,0,163,1,4,0.131,0.2243,GREEN,37,Bengaluru
CLM0032831,BEN_02783,HSR Layout,2022-07-31,9,0,0,0,1,0,0,0,0,0,0.0,1.0,0,1.0,0,208,0,6,0.98,0.1816,GREEN,34,Bengaluru
CLM0032832,BEN_02693,Indiranagar,2020-11-21,12,0,0,0,0,0,1,0,1,0,0.0,0.416201,0,0.0,1,111,2,1,0.98,0.289,GREEN,33,Bengaluru
CLM0032833,BEN_08295,BTM Layout,2023-02-02,9,0,0,0,0,0,0,0,0,0,0.0,0.141388,0,0.0,0,49,3,4,0.7473,0.0146,GREEN,35,Bengaluru
CLM0032834,BEN_04816,HSR Layout,2022-07-17,19,0,0,0,0,1,0,1,1,1,0.0,0.056312,1,0.0,0,5,4,16,0.8701,0.0185,GREEN,39,Bengaluru
CLM0032835,BEN_03333,Whitefield,2024-09-29,11,0,0,0,0,0,0,0,0,0,1.0,0.059662,0,0.0,0,344,3,0,0.7704,0.1568,GREEN,48,Bengaluru
CLM0032836,BEN_06164,Electronic City,2020-06-15,20,0,0,0,0,0,0,0,1,0,0.0,0.210247,0,0.0,0,334,1,3,0.71,0.0915,GREEN,37,Bengaluru
CLM0032837,BEN_01250,HSR Layout,2024-08-28,10,0,0,0,0,0,0,0,0,0,0.0,0.253941,0,0.0,0,225,1,0,0.5386,0.0,GREEN,50,Bengaluru
CLM0032838,BEN_02288,Rajajinagar,2023-02-25,19,0,0,0,0,0,1,0,0,0,0.0,0.166716,0,1.0,0,83,3,0,0.6413,0.134,GREEN,42,Bengaluru
CLM0032839,BEN_04364,HSR Layout,2024-08-27,7,0,1,1,0,0,0,0,0,1,0.0,0.24446,0,0.0,0,420,4,1,0.98,0.1219,GREEN,32,Bengaluru
CLM0032840,BEN_09994,Yelahanka,2024-09-26,13,0,0,0,0,0,0,1,0,0,0.0,0.038871,0,0.0,0,420,4,0,0.8179,0.0376,GREEN,60,Bengaluru
CLM0032841,BEN_02017,Rajajinagar,2024-10-22,21,0,0,0,0,0,0,0,0,0,0.0,0.203703,0,0.0,0,91,2,6,0.538,0.0,GREEN,37,Bengaluru
CLM0032842,BEN_02339,BTM Layout,2025-05-23,9,0,0,0,0,0,0,0,0,0,0.0,0.194888,0,0.0,0,163,2,4,0.6557,0.0012,GREEN,50,Bengaluru
CLM0032843,BEN_08059,Jayanagar,2025-01-26,18,0,0,0,0,0,0,0,0,0,0.0,0.0,0,0.0,0,246,4,0,0.8418,0.1183,GREEN,42,Bengaluru
CLM0032844,BEN_04507,Electronic City,2025-10-22,8,0,0,0,0,0,0,0,0,0,0.0,0.321566,0,1.0,0,420,0,2,0.1607,0.0011,GREEN,36,Bengaluru
CLM0032845,BEN_07160,Yelahanka,2025-02-23,12,0,0,0,0,0,0,0,0,0,0.0,0.26928,0,0.0,0,5,0,0,0.4671,0.0746,GREEN,46,Bengaluru
CLM0032846,BEN_09217,Yelahanka,2024-07-02,9,0,0,0,0,0,0,0,0,0,0.0,0.141239,0,0.0,0,409,4,2,0.98,0.0409,GREEN,40,Bengaluru
CLM0032847,BEN_02873,Marathahalli,2025-11-07,12,0,0,0,0,0,0,0,0,0,0.0,0.379517,0,0.0,0,333,3,4,0.6805,0.0437,GREEN,49,Bengaluru
CLM0032848,BEN_04825,Koramangala,2021-01-29,15,0,0,0,0,0,0,0,0,0,0.0,0.402656,0,0.0,0,213,1,4,0.7907,0.0298,GREEN,27,Bengaluru
CLM0032849,BEN_02421,Koramangala,2024-10-14,14,0,0,0,0,0,0,1,0,0,0.0,0.007243,0,0.0,0,416,3,7,0.7118,0.097,GREEN,65,Bengaluru
CLM0032850,BEN_09209,BTM Layout,2024-05-12,16,0,0,0,0,0,0,0,1,0,0.0,0.3105,0,0.0,0,243,2,0,0.9078,0.0702,GREEN,54,Bengaluru
CLM0032851,BEN_08133,Yelahanka,2024-09-23,16,0,0,0,1,0,0,0,1,0,1.0,0.095235,0,0.0,0,335,4,0,0.5586,0.3101,YELLOW,43,Bengaluru
CLM0032852,BEN_01053,Electronic City,2023-09-10,11,0,0,0,0,0,0,0,0,0,1.0,0.128634,0,0.0,0,319,3,0,0.5849,0.0184,GREEN,54,Bengaluru
CLM0032853,BEN_05401,Koramangala,2021-02-22,9,0,0,0,0,0,0,0,0,0,0.0,0.206618,0,0.0,0,109,0,3,0.7673,0.0798,GREEN,40,Bengaluru
CLM0032854,BEN_02538,Rajajinagar,2023-03-22,19,0,0,0,0,0,0,0,0,0,0.0,0.239198,0,0.0,0,273,2,1,0.5651,0.0,GREEN,50,Bengaluru
CLM0032855,BEN_02654,BTM Layout,2022-03-15,14,0,0,0,0,0,0,0,0,0,1.0,0.409629,0,0.0,0,235,0,4,0.98,0.0099,GREEN,48,Bengaluru
CLM0032856,BEN_06536,Electronic City,2021-01-03,14,0,0,0,1,1,1,1,0,1,1.0,0.901726,1,0.0,1,14,2,18,0.1629,0.1068,GREEN,47,Bengaluru
CLM0032857,BEN_02724,HSR Layout,2025-08-09,14,0,1,1,0,0,0,0,0,0,0.0,0.283194,0,0.0,0,352,0,1,0.1847,0.0,GREEN,58,Bengaluru
CLM0032858,BEN_06332,Yelahanka,2020-09-23,20,0,0,0,0,1,0,0,0,0,0.0,0.310741,0,0.0,0,41,3,1,0.8194,0.2227,GREEN,30,Bengaluru
CLM0032859,BEN_03619,Koramangala,2025-08-17,7,0,0,0,0,0,1,0,0,0,0.0,0.081363,0,0.0,0,114,4,3,0.1717,0.1054,GREEN,32,Bengaluru
CLM0032860,BEN_08826,BTM Layout,2024-11-20,18,0,0,0,0,0,0,0,0,0,0.0,1.0,0,0.0,0,331,1,4,0.6723,0.0252,GREEN,40,Bengaluru
CLM0032861,BEN_09119,HSR Layout,2025-04-11,19,0,0,0,0,0,0,0,0,0,0.0,0.319409,0,0.0,0,14,0,1,0.5914,0.0088,GREEN,32,Bengaluru
CLM0032862,BEN_09981,HSR Layout,2025-07-21,9,0,0,0,0,0,0,0,0,0,0.0,0.296785,0,0.0,0,420,1,0,0.8533,0.0287,GREEN,47,Bengaluru
CLM0032863,BEN_02177,Yelahanka,2021-12-03,15,0,0,0,0,0,1,0,0,0,0.0,0.118222,0,0.0,0,6,2,0,0.7248,0.0,GREEN,38,Bengaluru
CLM0032864,BEN_09041,Indiranagar,2021-03-28,17,0,0,0,0,0,0,0,0,0,0.0,0.252801,0,0.0,0,420,4,0,0.943,0.0398,GREEN,34,Bengaluru
CLM0032865,BEN_09643,Rajajinagar,2025-11-08,20,0,0,0,0,0,0,0,1,0,0.0,0.0,0,0.0,1,300,4,3,0.6109,0.1792,GREEN,50,Bengaluru
CLM0032866,BEN_07232,Electronic City,2019-07-29,10,0,0,0,1,0,0,1,0,0,0.0,0.284676,0,0.0,0,297,0,1,0.93,0.1747,GREEN,29,Bengaluru
CLM0032867,BEN_07559,BTM Layout,2023-10-04,16,0,0,0,0,0,0,0,0,0,0.0,0.242199,0,0.0,0,207,4,3,0.05,0.052,GREEN,25,Bengaluru
CLM0032868,BEN_00914,Jayanagar,2025-08-30,13,0,0,0,0,0,1,0,0,0,0.0,0.025822,0,0.0,0,376,4,1,0.8618,0.1416,GREEN,47,Bengaluru
CLM0032869,BEN_06431,Indiranagar,2025-08-07,18,0,0,0,0,1,1,0,0,0,0.0,0.0,0,0.0,0,109,0,2,0.6619,0.1688,GREEN,45,Bengaluru
CLM0032870,BEN_01842,Yelahanka,2025-06-13,9,0,0,0,0,0,1,0,0,0,0.0,0.195154,0,0.0,0,139,0,1,0.684,0.0249,GREEN,35,Bengaluru
CLM0032871,BEN_08468,Indiranagar,2024-01-27,14,0,0,0,0,0,1,0,0,0,0.0,0.239619,0,0.0,0,360,0,1,0.8724,0.0681,GREEN,50,Bengaluru
CLM0032872,BEN_06286,Whitefield,2021-10-13,12,0,0,0,0,0,0,0,0,1,0.0,0.441953,0,0.0,0,420,2,3,0.578,0.1735,GREEN,49,Bengaluru
CLM0032873,BEN_08519,HSR Layout,2024-05-30,21,0,0,0,0,0,0,0,0,0,0.0,0.067332,0,0.0,0,235,1,1,0.8136,0.0,GREEN,56,Bengaluru
CLM0032874,BEN_03606,HSR Layout,2023-03-17,7,0,0,0,0,0,0,0,0,0,0.0,0.103521,0,0.0,0,420,2,0,0.1426,0.0,GREEN,33,Bengaluru
CLM0032875,BEN_06345,BTM Layout,2022-02-25,13,0,0,0,0,0,0,0,0,0,0.0,0.212736,0,0.0,0,111,4,2,0.6481,0.0,GREEN,52,Bengaluru
CLM0032876,BEN_08240,Whitefield,2022-02-22,10,0,0,0,0,0,0,0,0,0,0.0,0.194937,0,0.0,0,394,2,5,0.05,0.0498,GREEN,56,Bengaluru
CLM0032877,BEN_02751,Indiranagar,2023-05-28,12,0,0,0,0,0,0,0,0,0,0.0,0.157826,0,0.0,1,185,3,2,0.7369,0.0,GREEN,42,Bengaluru
CLM0032878,BEN_02457,Whitefield,2024-12-12,16,0,0,0,0,0,0,0,0,0,1.0,0.0,0,0.0,0,68,3,3,0.8302,0.063,GREEN,44,Bengaluru
CLM0032879,BEN_06212,HSR Layout,2025-08-18,21,0,0,0,0,0,0,0,0,0,0.0,0.39819,1,0.0,0,420,3,0,0.7395,0.2605,GREEN,47,Bengaluru
CLM0032880,BEN_00134,Whitefield,2023-10-03,19,0,0,0,0,0,0,0,1,0,0.0,0.143405,0,0.0,0,420,0,0,0.7567,0.0344,GREEN,45,Bengaluru
CLM0032881,BEN_05607,Yelahanka,2024-11-20,12,0,0,0,0,0,0,0,0,0,1.0,1.0,0,1.0,0,420,3,2,0.6366,0.0582,GREEN,33,Bengaluru
CLM0032882,BEN_06163,Indiranagar,2021-10-24,12,0,0,0,0,0,0,0,0,0,0.0,0.240255,0,0.0,0,40,0,0,0.7134,0.0843,GREEN,48,Bengaluru
CLM0032883,BEN_07035,Jayanagar,2024-10-16,12,0,0,0,0,1,0,0,0,0,0.0,0.107745,0,0.0,1,371,4,5,0.7396,0.2736,GREEN,59,Bengaluru
CLM0032884,BEN_02178,Indiranagar,2025-05-24,21,0,0,0,0,0,0,0,0,0,0.0,0.013303,0,0.0,0,420,2,1,0.803,0.133,GREEN,38,Bengaluru
CLM0032885,BEN_00251,Rajajinagar,2023-05-14,17,0,0,0,0,0,0,0,0,0,0.0,0.0,0,0.0,0,419,4,5,0.8992,0.0167,GREEN,56,Bengaluru
CLM0032886,BEN_09568,Jayanagar,2024-05-31,20,0,0,0,0,0,0,0,0,0,0.0,0.286863,0,0.0,0,420,3,2,0.6031,0.0034,GREEN,63,Bengaluru
CLM0032887,BEN_00921,Jayanagar,2022-04-24,16,0,0,0,0,0,1,0,0,1,0.0,0.97049,0,0.0,0,318,1,1,0.98,0.241,GREEN,38,Bengaluru
CLM0032888,BEN_09077,Rajajinagar,2021-04-23,10,0,0,0,0,0,0,0,0,0,0.0,0.086841,0,0.0,0,282,4,0,0.6928,0.0,GREEN,69,Bengaluru
CLM0032889,BEN_00634,HSR Layout,2023-03-02,16,0,0,0,0,0,0,1,0,0,0.0,0.146111,0,0.0,0,366,2,0,0.207,0.1761,GREEN,55,Bengaluru
CLM0032890,BEN_03960,Yelahanka,2024-03-12,16,0,0,0,0,0,0,1,0,0,0.0,0.0,0,0.0,0,174,3,2,0.6177,0.0,GREEN,51,Bengaluru
CLM0032891,BEN_06246,BTM Layout,2025-02-28,15,0,0,0,0,0,1,0,0,0,1.0,0.177496,0,0.0,0,382,2,1,0.8844,0.1452,GREEN,47,Bengaluru
CLM0032892,BEN_07152,Rajajinagar,2024-01-17,11,0,0,0,0,0,1,0,0,0,0.0,0.263924,1,0.0,0,58,4,0,0.679,0.1458,GREEN,62,Bengaluru
CLM0032893,BEN_08279,Rajajinagar,2023-07-23,12,0,0,0,0,0,0,0,0,1,1.0,0.211067,0,0.0,0,191,2,2,0.9007,0.2353,GREEN,53,Bengaluru
CLM0032894,BEN_04871,Marathahalli,2025-11-05,19,0,0,0,0,0,0,0,0,0,0.0,0.128442,0,0.0,0,342,3,1,0.7336,0.0,GREEN,55,Bengaluru
CLM0032895,BEN_01382,Koramangala,2025-04-12,9,0,1,1,0,0,0,0,0,0,1.0,0.268068,0,0.0,0,60,4,0,0.9126,0.0384,GREEN,36,Bengaluru
CLM0032896,BEN_04286,Jayanagar,2022-12-14,16,0,0,0,0,0,0,0,1,0,0.0,0.321967,0,0.0,0,25,2,1,0.7161,0.0,GREEN,44,Bengaluru
CLM0032897,BEN_06012,Whitefield,2020-11-18,11,0,0,0,0,0,0,0,0,0,0.0,0.12515,0,1.0,0,170,0,1,0.851,0.1609,GREEN,42,Bengaluru
CLM0032898,BEN_00802,Marathahalli,2020-02-26,16,0,0,0,0,0,0,0,0,0,0.0,0.085811,0,0.0,0,89,2,2,0.606,0.0179,GREEN,50,Bengaluru
CLM0032899,BEN_05576,Whitefield,2022-12-10,10,0,0,0,0,0,1,0,0,0,0.0,0.366991,0,0.0,0,193,0,2,0.0802,0.1011,GREEN,54,Bengaluru
CLM0032900,BEN_01237,Jayanagar,2019-05-10,14,0,0,0,0,0,0,0,0,0,0.0,0.264794,0,0.0,0,97,1,2,0.5819,0.0,GREEN,49,Bengaluru
CLM0032901,BEN_01320,BTM Layout,2025-03-25,18,0,0,0,0,0,0,0,0,0,0.0,0.146326,0,0.0,0,219,1,2,0.8784,0.0,GREEN,47,Bengaluru
CLM0032902,BEN_07289,Koramangala,2023-10-20,10,0,0,0,0,0,0,0,0,0,0.0,0.149661,0,0.0,0,350,3,3,0.8052,0.0454,GREEN,58,Bengaluru
CLM0032903,BEN_04645,Electronic City,2021-05-10,16,0,0,0,0,0,0,0,0,0,0.0,0.084232,0,1.0,0,157,1,0,0.743,0.053,GREEN,46,Bengaluru
CLM0032904,BEN_03006,Indiranagar,2020-11-17,17,0,0,0,0,0,0,0,0,0,1.0,0.816414,0,0.0,0,363,1,2,0.98,0.0199,GREEN,39,Bengaluru
CLM0032905,BEN_00312,Electronic City,2025-01-26,11,0,0,0,0,0,0,0,0,0,0.0,0.339323,0,0.0,0,72,0,1,0.2323,0.0329,GREEN,29,Bengaluru
CLM0032906,BEN_06761,Marathahalli,2025-05-29,19,0,0,0,1,0,0,0,0,0,0.0,0.925944,0,0.0,0,349,2,4,0.967,0.0891,GREEN,43,Bengaluru
CLM0032907,BEN_01698,Electronic City,2024-04-05,16,0,0,0,1,0,0,0,0,0,0.0,0.054753,0,0.0,0,269,4,4,0.482,0.16,GREEN,22,Bengaluru
CLM0032908,BEN_06967,Jayanagar,2020-03-03,17,0,0,0,0,0,0,0,1,0,0.0,0.0,0,0.0,0,183,1,0,0.0703,0.0739,GREEN,43,Bengaluru
CLM0032909,BEN_00947,Yelahanka,2025-06-26,14,0,0,0,0,0,0,0,1,0,0.0,0.092162,0,0.0,0,41,4,2,0.7504,0.0718,GREEN,28,Bengaluru
CLM0032910,BEN_09364,Rajajinagar,2020-04-19,13,0,0,0,0,0,0,0,0,0,0.0,0.054976,0,0.0,0,286,0,2,0.8674,0.0032,GREEN,29,Bengaluru
CLM0032911,BEN_02892,BTM Layout,2019-02-02,9,0,0,0,0,0,0,0,0,0,0.0,0.228488,0,0.0,0,420,0,4,0.7693,0.0476,GREEN,41,Bengaluru
CLM0032912,BEN_03869,Jayanagar,2020-07-29,8,0,0,0,0,0,0,0,0,0,0.0,0.215177,0,0.0,0,16,2,1,0.8438,0.0565,GREEN,33,Bengaluru
CLM0032913,BEN_05949,Jayanagar,2024-07-21,9,0,0,0,0,0,0,0,0,0,0.0,1.0,0,0.0,0,273,2,1,0.05,0.0394,GREEN,61,Bengaluru
CLM0032914,BEN_00269,Whitefield,2025-09-25,16,0,0,0,0,0,0,0,0,0,0.0,0.225032,0,0.0,0,131,1,0,0.6354,0.0055,GREEN,37,Bengaluru
CLM0032915,BEN_00638,Koramangala,2025-02-21,16,0,0,0,0,0,0,0,0,0,0.0,0.376315,0,0.0,0,252,0,3,0.6844,0.1379,GREEN,60,Bengaluru
CLM0032916,BEN_05919,Jayanagar,2025-07-19,13,0,0,0,0,0,0,0,0,0,0.0,0.366592,0,1.0,0,404,2,5,0.6704,0.0122,GREEN,40,Bengaluru
CLM0032917,BEN_00017,Koramangala,2025-05-04,12,0,0,0,1,1,0,1,1,0,0.0,0.996222,0,1.0,1,5,0,18,0.7593,0.0345,GREEN,57,Bengaluru
CLM0032918,BEN_01373,Whitefield,2025-12-12,7,0,0,0,0,0,0,0,0,0,0.0,0.391785,0,0.0,0,178,3,4,0.5192,0.0826,GREEN,33,Bengaluru
CLM0032919,BEN_05343,Yelahanka,2025-05-07,14,0,0,0,0,0,0,0,0,0,0.0,0.166452,0,0.0,0,168,4,0,0.129,0.0426,GREEN,46,Bengaluru
CLM0032920,BEN_08302,Indiranagar,2024-11-25,16,0,0,0,0,0,1,0,1,0,0.0,0.077571,0,0.0,0,138,1,4,0.05,0.157,GREEN,58,Bengaluru
CLM0032921,BEN_05387,HSR Layout,2025-05-27,9,0,1,1,1,0,1,0,0,0,1.0,0.015119,0,0.0,0,278,1,3,0.5993,0.2539,GREEN,43,Bengaluru
CLM0032922,BEN_02375,Whitefield,2025-01-27,8,0,0,0,0,0,0,0,0,0,0.0,0.345095,0,0.0,0,205,3,1,0.4769,0.0,GREEN,40,Bengaluru
CLM0032923,BEN_09117,HSR Layout,2022-05-18,17,0,1,1,0,1,0,0,1,1,0.0,0.980586,0,1.0,1,14,2,18,0.0809,0.6403,RED,55,Bengaluru
CLM0032924,BEN_03476,Rajajinagar,2025-02-21,11,0,1,1,1,1,1,1,1,1,1.0,0.943496,0,1.0,1,5,0,18,0.8453,0.7503,RED,41,Bengaluru
CLM0032925,BEN_03703,BTM Layout,2022-09-06,21,0,1,1,1,1,1,1,0,0,0.0,1.0,1,0.0,0,7,1,9,0.3756,0.5961,YELLOW,36,Bengaluru
CLM0032926,BEN_00586,Jayanagar,2024-03-01,7,0,1,1,0,0,0,1,1,0,1.0,1.0,1,0.0,1,34,0,18,0.2987,0.2588,GREEN,36,Bengaluru
CLM0032927,BEN_08858,Yelahanka,2023-09-09,8,0,1,1,0,1,0,1,1,0,1.0,1.0,0,1.0,0,47,1,18,0.2062,0.5156,YELLOW,57,Bengaluru
CLM0032928,BEN_07635,Indiranagar,2025-11-18,19,0,1,1,0,1,1,1,0,0,0.0,0.103946,1,0.0,1,14,2,18,0.8669,0.6392,RED,46,Bengaluru
CLM0032929,BEN_01829,BTM Layout,2023-04-19,11,0,1,1,0,1,0,1,1,1,0.0,0.979918,1,1.0,1,10,0,18,0.05,0.7342,RED,41,Bengaluru
CLM0032930,BEN_04045,Electronic City,2025-04-16,12,0,1,1,0,0,0,0,0,0,0.0,0.258848,0,0.0,0,263,0,2,0.8547,0.0495,GREEN,42,Bengaluru
CLM0032931,BEN_01361,Whitefield,2025-11-15,7,0,0,0,0,0,0,0,0,0,0.0,0.0,0,0.0,0,340,1,3,0.7595,0.0146,GREEN,28,Bengaluru
CLM0032932,BEN_02588,Rajajinagar,2025-07-25,12,0,0,0,0,0,0,0,0,0,0.0,0.25712,0,0.0,0,289,0,6,0.4845,0.0,GREEN,26,Bengaluru
CLM0032933,BEN_09276,Yelahanka,2023-09-07,14,0,1,1,0,0,0,0,0,0,0.0,0.289576,0,0.0,0,78,0,4,0.7356,0.0,GREEN,36,Bengaluru
CLM0032934,BEN_03717,Whitefield,2022-07-08,11,0,0,0,1,1,1,1,1,1,1.0,0.987582,0,1.0,0,5,3,18,0.05,0.1047,GREEN,44,Bengaluru
CLM0032935,BEN_06870,Electronic City,2022-10-14,16,0,0,0,0,0,1,0,0,0,1.0,0.17524,0,0.0,0,203,2,2,0.7116,0.1838,GREEN,57,Bengaluru
CLM0032936,BEN_07519,HSR Layout,2022-09-10,12,0,0,0,0,0,0,0,0,0,0.0,0.01738,0,0.0,0,382,4,2,0.98,0.1297,GREEN,50,Bengaluru
CLM0032937,BEN_09206,Koramangala,2022-04-25,12,0,0,0,0,0,0,0,0,0,0.0,0.191972,0,0.0,0,186,2,1,0.9299,0.0,GREEN,32,Bengaluru
CLM0032938,BEN_04663,Rajajinagar,2024-12-13,13,0,0,0,0,0,0,0,0,0,0.0,0.017517,0,0.0,0,34,3,4,0.5467,0.0508,GREEN,62,Bengaluru
CLM0032939,BEN_02888,Indiranagar,2022-12-02,16,0,0,0,0,0,0,0,0,0,0.0,0.284354,0,0.0,0,269,3,0,0.15,0.0,GREEN,52,Bengaluru
CLM0032940,BEN_02398,Yelahanka,2023-10-16,12,0,0,0,1,0,0,0,0,0,0.0,0.12535,0,0.0,0,285,1,4,0.8591,0.2163,GREEN,43,Bengaluru
CLM0032941,BEN_04262,Jayanagar,2020-07-06,15,0,0,0,0,0,0,0,0,0,0.0,0.078716,1,0.0,0,94,4,0,0.9407,0.1212,GREEN,42,Bengaluru
CLM0032942,BEN_07073,HSR Layout,2019-11-10,12,0,0,0,0,0,0,0,0,0,0.0,0.205357,0,0.0,0,362,2,3,0.7278,0.0,GREEN,61,Bengaluru
CLM0032943,BEN_07422,Whitefield,2021-11-22,17,0,0,0,0,0,0,0,0,0,0.0,0.122877,0,0.0,0,130,4,4,0.7796,0.0,GREEN,44,Bengaluru
CLM0032944,BEN_00307,Whitefield,2019-03-15,10,0,0,0,0,0,0,0,0,0,1.0,0.932333,0,1.0,0,177,0,2,0.8394,0.0,GREEN,48,Bengaluru
CLM0032945,BEN_03568,BTM Layout,2018-01-23,7,0,0,0,0,0,0,0,0,0,0.0,0.447102,0,0.0,1,420,4,6,0.2069,0.0473,GREEN,63,Bengaluru
CLM0032946,BEN_05592,Electronic City,2025-10-01,13,0,0,0,0,0,0,0,0,0,0.0,0.0,0,0.0,0,134,0,2,0.9729,0.0377,GREEN,45,Bengaluru
CLM0032947,BEN_00393,Electronic City,2018-07-13,15,0,0,0,0,0,0,0,0,0,0.0,0.395695,0,0.0,0,229,2,3,0.98,0.1084,GREEN,37,Bengaluru
CLM0032948,BEN_00488,BTM Layout,2023-08-09,15,0,0,0,0,0,1,0,0,0,0.0,0.960571,1,0.0,0,420,0,4,0.9714,0.239,GREEN,38,Bengaluru
CLM0032949,BEN_07913,Rajajinagar,2021-05-09,18,0,0,0,0,0,0,0,0,0,0.0,0.157426,0,0.0,0,420,2,0,0.9438,0.0214,GREEN,49,Bengaluru
CLM0032950,BEN_06049,Marathahalli,2018-10-09,13,0,0,0,0,0,0,0,0,0,0.0,0.535802,0,0.0,0,198,2,3,0.4672,0.0,GREEN,48,Bengaluru
CLM0032951,BEN_08198,Marathahalli,2022-12-10,11,0,0,0,0,0,0,0,0,1,0.0,0.238874,0,0.0,0,308,2,0,0.9344,0.0,GREEN,42,Bengaluru
CLM0032952,BEN_03797,Indiranagar,2024-01-09,18,0,0,0,0,0,0,0,0,0,1.0,0.26623,0,0.0,0,171,2,6,0.7633,0.0582,GREEN,38,Bengaluru
CLM0032953,BEN_08672,Jayanagar,2024-09-29,17,0,0,0,0,0,0,1,0,0,0.0,0.960021,0,0.0,0,277,2,0,0.98,0.0489,GREEN,45,Bengaluru
CLM0032954,BEN_02806,HSR Layout,2025-03-22,19,0,0,0,0,0,0,0,0,0,0.0,0.188542,0,0.0,1,248,0,4,0.8431,0.108,GREEN,41,Bengaluru
CLM0032955,BEN_09662,Indiranagar,2022-10-20,11,0,0,0,0,0,0,0,1,0,0.0,0.301952,0,1.0,0,168,0,1,0.98,0.1232,GREEN,40,Bengaluru
CLM0032956,BEN_01081,Whitefield,2025-09-19,11,0,0,0,0,0,0,0,0,0,0.0,0.017218,0,0.0,1,317,0,5,0.6325,0.0549,GREEN,44,Bengaluru
CLM0032957,BEN_09229,Marathahalli,2024-11-19,19,0,0,0,0,0,1,0,0,0,0.0,0.265835,0,0.0,0,212,3,4,0.1112,0.1288,GREEN,56,Bengaluru
CLM0032958,BEN_07024,HSR Layout,2024-08-14,16,0,0,0,0,0,0,0,0,1,0.0,0.964503,0,0.0,0,327,2,1,0.98,0.2046,GREEN,52,Bengaluru
CLM0032959,BEN_03015,Jayanagar,2020-10-22,19,0,0,0,0,0,0,0,0,0,1.0,0.413829,0,0.0,0,50,0,6,0.6377,0.0647,GREEN,42,Bengaluru
CLM0032960,BEN_03923,BTM Layout,2024-12-08,21,0,0,0,0,0,1,0,0,0,0.0,1.0,0,0.0,0,96,4,3,0.5499,0.1592,GREEN,43,Bengaluru
CLM0032961,BEN_09325,Koramangala,2020-05-06,20,0,0,0,0,0,0,0,0,0,0.0,0.280794,0,0.0,0,77,3,0,0.1286,0.0,GREEN,36,Bengaluru
CLM0032962,BEN_02140,BTM Layout,2019-01-04,8,0,0,0,0,0,0,0,0,0,0.0,0.11727,0,0.0,0,290,4,4,0.5021,0.0,GREEN,45,Bengaluru
CLM0032963,BEN_01907,Electronic City,2020-11-21,17,0,0,0,0,0,0,0,0,0,0.0,0.139528,0,0.0,0,184,4,4,0.6351,0.0319,GREEN,40,Bengaluru
CLM0032964,BEN_08072,Whitefield,2023-10-19,13,0,0,0,0,0,1,0,0,0,0.0,0.404854,0,0.0,0,141,0,3,0.9406,0.0978,GREEN,47,Bengaluru
CLM0032965,BEN_01605,BTM Layout,2018-07-09,13,0,0,0,0,0,0,0,0,0,1.0,0.302417,0,0.0,0,283,2,5,0.8763,0.0,GREEN,41,Bengaluru
CLM0032966,BEN_02767,Electronic City,2024-07-03,13,0,0,0,0,0,0,0,0,0,0.0,0.122458,1,0.0,0,93,1,0,0.7765,0.0791,GREEN,39,Bengaluru
CLM0032967,BEN_05645,Jayanagar,2024-07-16,17,0,0,0,0,0,0,1,0,0,0.0,0.35102,0,0.0,0,269,2,0,0.5224,0.0289,GREEN,18,Bengaluru
CLM0032968,BEN_02920,Yelahanka,2025-10-13,14,0,0,0,0,0,1,0,0,0,0.0,0.021995,0,0.0,0,26,0,2,0.2155,0.1543,GREEN,39,Bengaluru
CLM0032969,BEN_04297,BTM Layout,2015-12-28,12,0,0,0,0,0,1,0,0,0,0.0,0.266113,0,0.0,0,420,3,7,0.3387,0.1616,GREEN,39,Bengaluru
CLM0032970,BEN_00089,Indiranagar,2019-08-30,19,0,1,1,0,0,0,0,0,0,0.0,0.296492,1,0.0,0,397,0,3,0.9515,0.0,GREEN,32,Bengaluru
CLM0032971,BEN_07917,Indiranagar,2021-12-04,12,1,0,0,0,0,0,0,0,0,0.0,0.178613,0,0.0,0,151,4,4,0.5534,0.0204,GREEN,33,Bengaluru
CLM0032972,BEN_04825,Koramangala,2024-03-15,14,0,0,0,0,0,0,0,0,0,0.0,0.07503,0,0.0,0,37,2,0,0.8498,0.0177,GREEN,27,Bengaluru
CLM0032973,BEN_04493,Rajajinagar,2024-03-04,13,0,0,0,0,0,0,0,0,0,0.0,0.209005,0,0.0,0,350,1,1,0.7391,0.0,GREEN,64,Bengaluru
CLM0032974,BEN_06823,Indiranagar,2023-08-09,21,0,0,0,0,0,0,0,0,0,0.0,0.108739,0,0.0,0,386,2,2,0.9589,0.0497,GREEN,45,Bengaluru
CLM0032975,BEN_09899,Koramangala,2023-12-02,19,0,1,1,0,0,1,0,1,0,0.0,0.487394,0,1.0,0,120,3,8,0.7388,0.2196,GREEN,51,Bengaluru
CLM0032976,BEN_05195,Jayanagar,2024-06-02,13,0,0,0,1,1,0,0,0,0,1.0,0.0,0,1.0,0,152,4,0,0.213,0.4034,YELLOW,43,Bengaluru
CLM0032977,BEN_02917,Indiranagar,2025-12-25,17,0,0,0,1,0,0,0,0,0,0.0,0.070692,0,0.0,1,140,3,2,0.7672,0.2532,GREEN,44,Bengaluru
CLM0032978,BEN_04969,Electronic City,2021-08-31,12,0,0,0,0,0,0,0,0,0,0.0,0.0,0,0.0,0,103,2,1,0.8593,0.2003,GREEN,30,Bengaluru
CLM0032979,BEN_04875,Marathahalli,2025-01-17,18,0,0,0,0,0,0,0,0,0,0.0,0.254192,0,0.0,0,420,0,0,0.98,0.0,GREEN,53,Bengaluru
CLM0032980,BEN_09344,Marathahalli,2022-04-07,16,0,0,0,1,0,1,0,1,0,0.0,0.996307,0,0.0,1,147,3,4,0.5481,0.3985,YELLOW,45,Bengaluru
CLM0032981,BEN_04562,Marathahalli,2021-02-03,21,0,0,0,0,0,0,1,0,0,0.0,0.265982,0,0.0,0,420,2,1,0.6549,0.1514,GREEN,50,Bengaluru
CLM0032982,BEN_08750,Koramangala,2025-12-11,12,0,0,0,0,0,0,0,0,0,0.0,0.356245,0,0.0,0,363,3,0,0.98,0.0,GREEN,37,Bengaluru
CLM0032983,BEN_01768,Marathahalli,2021-10-02,17,0,0,0,0,0,0,0,0,0,0.0,0.236596,0,0.0,0,75,3,0,0.6206,0.0215,GREEN,40,Bengaluru
CLM0032984,BEN_06253,Koramangala,2020-12-15,8,0,0,0,0,0,0,0,0,0,0.0,0.10533,0,0.0,0,420,4,1,0.1979,0.0258,GREEN,41,Bengaluru
CLM0032985,BEN_09873,Koramangala,2023-09-06,15,0,1,1,1,1,1,0,1,1,0.0,0.099826,0,0.0,1,35,2,18,0.9704,0.6907,RED,66,Bengaluru
CLM0032986,BEN_02573,Electronic City,2023-11-10,14,0,1,1,1,0,1,1,1,1,0.0,0.058938,1,0.0,0,5,1,18,0.9132,0.6772,RED,51,Bengaluru
CLM0032987,BEN_05382,Whitefield,2025-07-25,7,0,1,1,1,1,1,1,0,0,1.0,0.021016,0,1.0,1,5,1,18,0.2649,0.6059,YELLOW,23,Bengaluru
CLM0032988,BEN_09050,Electronic City,2024-08-28,18,0,1,1,1,1,1,1,1,1,0.0,0.075241,0,0.0,0,28,0,18,0.9284,0.8194,RED,32,Bengaluru
CLM0032989,BEN_03804,Yelahanka,2024-08-05,21,0,1,1,1,1,1,0,0,1,1.0,1.0,1,0.0,1,5,0,18,0.2344,0.7085,RED,57,Bengaluru
CLM0032990,BEN_00695,Rajajinagar,2025-06-20,13,0,1,1,1,1,1,0,1,1,1.0,0.070119,0,1.0,1,22,0,17,0.335,0.8684,RED,59,Bengaluru
CLM0032991,BEN_03240,Rajajinagar,2020-08-29,11,0,0,0,1,0,0,0,0,0,0.0,0.000286,0,0.0,1,354,3,1,0.98,0.2539,GREEN,38,Bengaluru
CLM0032992,BEN_04105,Rajajinagar,2020-09-02,13,0,0,0,0,0,0,0,0,0,0.0,0.382584,0,0.0,0,5,3,0,0.98,0.0,GREEN,55,Bengaluru
CLM0032993,BEN_09914,Marathahalli,2022-03-08,16,0,0,0,0,0,0,0,0,0,0.0,0.105958,0,0.0,0,268,0,1,0.927,0.0615,GREEN,49,Bengaluru
CLM0032994,BEN_04264,Marathahalli,2024-03-28,17,0,0,0,0,1,0,0,0,0,0.0,0.994192,0,0.0,0,134,3,5,0.5449,0.1022,GREEN,37,Bengaluru
CLM0032995,BEN_04704,Yelahanka,2023-11-04,17,0,0,0,0,0,0,0,0,0,0.0,0.324056,0,0.0,0,227,3,3,0.7717,0.0256,GREEN,38,Bengaluru
CLM0032996,BEN_09341,Jayanagar,2022-01-03,10,0,0,0,0,0,0,0,1,1,0.0,0.257839,0,0.0,0,420,0,0,0.8286,0.2482,GREEN,54,Bengaluru
CLM0032997,BEN_08373,Marathahalli,2025-08-10,18,0,0,0,0,0,0,0,0,0,1.0,0.275873,0,0.0,0,391,3,5,0.218,0.0959,GREEN,61,Bengaluru
CLM0032998,BEN_07498,Rajajinagar,2023-10-18,15,0,0,0,0,0,0,0,0,0,0.0,0.380668,0,0.0,0,196,1,5,0.5009,0.1179,GREEN,47,Bengaluru
CLM0032999,BEN_03160,HSR Layout,2025-12-30,7,0,0,0,0,0,0,0,0,0,1.0,0.360468,1,0.0,0,330,3,1,0.1535,0.1171,GREEN,52,Bengaluru
CLM0033000,BEN_01692,BTM Layout,2021-07-11,11,0,0,0,0,0,0,0,0,0,0.0,0.367596,0,0.0,0,39,4,3,0.9272,0.0,GREEN,44,Bengaluru
CLM0033001,BEN_06524,Jayanagar,2025-08-11,19,0,0,0,0,0,0,1,0,0,0.0,0.120319,0,0.0,0,280,3,0,0.1417,0.0081,GREEN,48,Bengaluru
CLM0033002,BEN_01406,Indiranagar,2025-03-27,18,0,0,0,0,0,1,0,0,0,0.0,0.240278,0,0.0,0,420,3,0,0.1408,0.1719,GREEN,29,Bengaluru
CLM0033003,BEN_07035,Jayanagar,2022-08-15,16,0,0,0,0,0,0,0,0,0,0.0,0.091623,0,0.0,0,420,3,2,0.8373,0.0,GREEN,59,Bengaluru
CLM0033004,BEN_02085,Indiranagar,2020-04-18,12,0,0,0,0,0,0,0,0,0,0.0,0.354863,0,0.0,0,286,4,6,0.7572,0.0308,GREEN,39,Bengaluru
CLM0033005,BEN_04840,Marathahalli,2022-07-23,21,0,0,0,0,0,0,0,0,0,0.0,0.241697,0,0.0,0,89,0,1,0.2923,0.0268,GREEN,33,Bengaluru
CLM0033006,BEN_09896,Yelahanka,2025-07-03,10,0,0,0,1,0,0,0,1,0,0.0,0.275026,0,0.0,0,396,0,3,0.8648,0.198,GREEN,28,Bengaluru
CLM0033007,BEN_01433,BTM Layout,2023-06-10,9,0,0,0,0,0,0,0,0,0,0.0,0.037868,0,0.0,0,420,0,1,0.8214,0.067,GREEN,37,Bengaluru
CLM0033008,BEN_05904,HSR Layout,2018-11-22,17,0,0,0,0,0,0,0,0,0,1.0,0.320468,0,0.0,0,308,4,0,0.1335,0.0762,GREEN,27,Bengaluru
CLM0033009,BEN_04216,Rajajinagar,2018-10-06,10,0,0,0,0,0,0,0,0,0,0.0,0.92215,0,1.0,0,314,4,1,0.148,0.0142,GREEN,47,Bengaluru
CLM0033010,BEN_04406,Rajajinagar,2023-08-24,16,0,0,0,0,0,1,0,0,0,0.0,0.283184,0,0.0,0,148,0,0,0.7123,0.1028,GREEN,35,Bengaluru
CLM0033011,BEN_05245,Koramangala,2025-09-10,7,0,0,0,0,1,0,0,0,0,0.0,0.923631,0,0.0,0,29,0,2,0.865,0.0823,GREEN,35,Bengaluru
CLM0033012,BEN_09843,Koramangala,2023-03-27,20,0,0,0,0,0,0,0,0,0,0.0,0.412086,0,0.0,0,5,1,4,0.5754,0.0,GREEN,33,Bengaluru
CLM0033013,BEN_06460,Rajajinagar,2025-09-13,11,0,0,0,0,0,0,0,0,0,0.0,0.315685,0,0.0,0,74,3,5,0.7129,0.0,GREEN,49,Bengaluru
CLM0033014,BEN_03809,Marathahalli,2022-06-19,11,0,0,0,0,0,0,0,0,0,0.0,0.164478,0,0.0,0,288,4,3,0.05,0.0,GREEN,23,Bengaluru
CLM0033015,BEN_08225,Rajajinagar,2024-04-22,9,0,0,0,0,0,1,0,1,0,0.0,0.179507,0,0.0,0,402,2,0,0.98,0.2137,GREEN,53,Bengaluru
CLM0033016,BEN_04334,Jayanagar,2023-05-24,17,0,0,0,0,0,0,0,1,0,0.0,0.225298,0,0.0,0,393,2,3,0.6809,0.2248,GREEN,44,Bengaluru
CLM0033017,BEN_05782,HSR Layout,2023-03-25,8,0,0,0,1,1,0,1,1,0,0.0,0.964096,1,1.0,1,35,1,18,0.05,0.1072,GREEN,53,Bengaluru
CLM0033018,BEN_04356,Rajajinagar,2024-03-14,17,0,0,0,0,0,0,0,0,0,0.0,0.991585,0,0.0,0,8,3,2,0.7236,0.0228,GREEN,46,Bengaluru
CLM0033019,BEN_05600,Yelahanka,2023-12-16,19,0,0,0,0,0,0,0,1,0,0.0,0.149109,0,0.0,0,201,3,6,0.7173,0.0625,GREEN,44,Bengaluru
CLM0033020,BEN_00318,BTM Layout,2024-07-18,12,0,0,0,0,0,0,0,0,0,0.0,0.122767,0,0.0,0,384,4,0,0.6356,0.1262,GREEN,44,Bengaluru
CLM0033021,BEN_00474,Jayanagar,2025-06-22,8,0,0,0,0,0,0,0,0,0,0.0,0.224141,0,0.0,0,195,0,0,0.7233,0.031,GREEN,44,Bengaluru
CLM0033022,BEN_03524,Yelahanka,2018-08-09,10,0,0,0,0,0,0,0,0,0,0.0,0.954298,0,0.0,0,300,4,0,0.5566,0.0,GREEN,51,Bengaluru
CLM0033023,BEN_05346,Jayanagar,2022-01-08,14,0,0,0,0,0,0,0,0,0,0.0,0.154632,0,0.0,0,344,2,1,0.8667,0.0142,GREEN,23,Bengaluru
CLM0033024,BEN_08194,Jayanagar,2023-11-16,14,0,1,1,1,1,0,1,0,0,0.0,1.0,1,1.0,1,5,0,18,0.7691,0.0752,GREEN,38,Bengaluru
CLM0033025,BEN_05329,Yelahanka,2023-10-16,19,0,0,0,0,0,0,0,0,0,0.0,1.0,0,0.0,0,384,4,6,0.885,0.0374,GREEN,37,Bengaluru
CLM0033026,BEN_04739,Koramangala,2024-08-26,19,0,0,0,0,0,0,0,0,0,0.0,0.062211,0,0.0,0,420,0,0,0.6628,0.0,GREEN,54,Bengaluru
CLM0033027,BEN_02606,Jayanagar,2023-05-08,8,0,0,0,0,0,0,0,0,1,0.0,0.239828,0,0.0,0,239,2,0,0.3036,0.0813,GREEN,45,Bengaluru
CLM0033028,BEN_05375,HSR Layout,2022-04-24,18,0,0,0,1,0,0,0,0,0,0.0,0.343237,1,0.0,0,56,1,4,0.4994,0.2332,GREEN,48,Bengaluru
CLM0033029,BEN_09395,HSR Layout,2021-07-22,14,0,0,0,0,0,0,0,0,0,1.0,0.209441,0,0.0,0,202,0,1,0.9437,0.2755,GREEN,52,Bengaluru
CLM0033030,BEN_08296,Whitefield,2022-01-29,10,0,1,1,0,0,0,0,0,0,0.0,0.150472,0,0.0,0,114,0,2,0.2164,0.0,GREEN,57,Bengaluru
CLM0033031,BEN_05866,Indiranagar,2019-12-13,10,0,0,0,0,0,0,0,0,0,0.0,0.13107,0,0.0,0,420,1,1,0.7526,0.1006,GREEN,49,Bengaluru
CLM0033032,BEN_06219,Yelahanka,2023-08-24,8,0,0,0,0,0,0,0,0,0,0.0,0.408551,0,0.0,0,244,2,4,0.518,0.0,GREEN,48,Bengaluru
CLM0033033,BEN_06387,Whitefield,2021-01-05,15,0,0,0,0,0,0,0,0,0,0.0,0.351969,0,1.0,0,295,4,1,0.4734,0.0,GREEN,39,Bengaluru
CLM0033034,BEN_01579,Whitefield,2025-08-01,15,0,0,0,0,0,0,0,0,0,0.0,0.085276,0,0.0,0,184,0,6,0.8309,0.0213,GREEN,43,Bengaluru
CLM0033035,BEN_06534,Indiranagar,2019-04-04,9,0,0,0,0,0,0,0,0,0,0.0,0.291303,0,0.0,0,410,4,1,0.9562,0.0,GREEN,40,Bengaluru
CLM0033036,BEN_00944,BTM Layout,2025-12-15,21,0,0,0,0,0,0,0,0,0,0.0,1.0,0,0.0,0,5,3,0,0.5364,0.0,GREEN,24,Bengaluru
CLM0033037,BEN_02651,Marathahalli,2022-08-12,9,0,0,0,0,0,0,0,0,0,0.0,0.308109,0,0.0,0,213,4,2,0.8129,0.0018,GREEN,39,Bengaluru
CLM0033038,BEN_02632,Yelahanka,2024-09-27,17,0,0,0,0,0,0,0,0,0,0.0,0.005156,0,0.0,0,400,0,2,0.1686,0.0411,GREEN,45,Bengaluru
CLM0033039,BEN_09488,Marathahalli,2020-03-19,19,0,0,0,0,0,0,0,0,0,0.0,0.127762,0,0.0,0,133,2,2,0.4902,0.0,GREEN,26,Bengaluru
CLM0033040,BEN_06875,Koramangala,2020-10-22,13,0,0,0,0,0,0,0,1,0,0.0,0.227027,0,1.0,0,141,3,3,0.6869,0.0826,GREEN,18,Bengaluru
CLM0033041,BEN_00626,Indiranagar,2017-08-17,11,0,0,0,0,0,0,1,0,0,0.0,0.180368,0,0.0,0,365,1,4,0.6384,0.1556,GREEN,49,Bengaluru
CLM0033042,BEN_02020,Rajajinagar,2023-09-19,10,0,0,0,0,0,0,0,0,0,0.0,0.275602,0,0.0,0,327,2,4,0.98,0.0,GREEN,41,Bengaluru
CLM0033043,BEN_06672,Yelahanka,2023-07-13,14,0,0,0,0,0,0,0,0,0,0.0,0.118052,0,0.0,0,348,1,1,0.9392,0.0131,GREEN,34,Bengaluru
CLM0033044,BEN_08797,Marathahalli,2022-07-23,19,0,0,0,0,0,0,0,0,1,0.0,0.152347,0,0.0,0,288,3,0,0.8083,0.1493,GREEN,61,Bengaluru
CLM0033045,BEN_09507,Marathahalli,2018-06-13,12,0,0,0,0,0,0,0,0,0,0.0,0.175023,0,0.0,0,420,4,6,0.694,0.0092,GREEN,46,Bengaluru
CLM0033046,BEN_05359,BTM Layout,2020-08-10,18,0,0,0,0,0,0,0,1,0,0.0,0.384023,0,0.0,0,28,2,3,0.9473,0.1471,GREEN,53,Bengaluru
CLM0033047,BEN_05830,Electronic City,2025-11-22,11,0,0,0,0,0,0,0,0,0,1.0,0.368516,0,0.0,0,307,0,3,0.6992,0.0533,GREEN,39,Bengaluru
CLM0033048,BEN_02617,Koramangala,2025-05-22,9,0,0,0,0,0,0,0,0,0,0.0,0.318862,0,0.0,0,353,3,4,0.4418,0.0215,GREEN,33,Bengaluru
CLM0033049,BEN_09921,Koramangala,2025-04-05,15,0,0,0,0,0,0,0,1,0,0.0,0.367738,0,0.0,0,420,0,1,0.6871,0.0815,GREEN,59,Bengaluru
CLM0033050,BEN_08748,BTM Layout,2023-05-07,12,0,0,0,1,0,0,0,0,0,0.0,0.396794,0,0.0,0,420,2,3,0.5721,0.1981,GREEN,39,Bengaluru
CLM0033051,BEN_06097,Whitefield,2023-11-29,11,0,0,0,0,0,0,1,0,0,1.0,1.0,1,0.0,0,79,0,0,0.7506,0.0822,GREEN,47,Bengaluru
CLM0033052,BEN_09181,Whitefield,2025-06-18,16,0,0,0,0,0,0,0,0,0,0.0,0.066416,0,0.0,0,226,2,3,0.7625,0.0,GREEN,38,Bengaluru
CLM0033053,BEN_07364,Koramangala,2024-06-26,13,0,0,0,0,0,0,0,1,0,1.0,0.958903,0,1.0,0,121,3,3,0.98,0.0554,GREEN,50,Bengaluru
CLM0033054,BEN_04926,Jayanagar,2024-07-31,7,0,0,0,0,0,0,1,0,0,0.0,0.314921,0,0.0,0,357,2,2,0.5926,0.0772,GREEN,43,Bengaluru
CLM0033055,BEN_06853,Whitefield,2023-09-28,20,0,0,0,0,0,0,0,0,0,0.0,0.124082,0,0.0,1,420,1,7,0.8607,0.0669,GREEN,35,Bengaluru
CLM0033056,BEN_00760,Whitefield,2024-01-21,7,0,0,0,0,0,0,0,0,0,0.0,0.380516,0,0.0,0,37,3,1,0.8261,0.0036,GREEN,45,Bengaluru
CLM0033057,BEN_07970,Rajajinagar,2025-11-13,20,0,0,0,0,0,0,0,0,0,0.0,0.186251,0,1.0,1,420,4,5,0.8195,0.0685,GREEN,32,Bengaluru
CLM0033058,BEN_08032,Koramangala,2023-05-20,14,0,1,1,0,1,0,0,0,0,0.0,0.324943,0,0.0,0,137,0,0,0.6433,0.1252,GREEN,43,Bengaluru
CLM0033059,BEN_05636,Rajajinagar,2025-11-23,14,0,0,0,0,0,0,0,0,0,0.0,0.283774,0,0.0,0,382,4,0,0.1039,0.0638,GREEN,61,Bengaluru
CLM0033060,BEN_03129,Yelahanka,2016-02-22,9,0,0,0,0,0,0,0,0,0,0.0,0.0,0,0.0,0,258,1,3,0.7447,0.0,GREEN,43,Bengaluru
CLM0033061,BEN_02464,Indiranagar,2020-01-23,16,0,0,0,0,0,0,0,0,0,0.0,0.278239,0,0.0,0,341,4,5,0.2744,0.0441,GREEN,36,Bengaluru
CLM0033062,BEN_08008,Marathahalli,2016-05-20,10,0,0,0,1,0,1,1,1,1,0.0,0.107605,0,0.0,0,12,3,18,0.98,0.0913,GREEN,41,Bengaluru
CLM0033063,BEN_02411,Jayanagar,2022-09-30,14,0,0,0,0,0,0,0,0,0,0.0,0.190982,0,0.0,0,345,3,6,0.8489,0.0175,GREEN,44,Bengaluru
CLM0033064,BEN_07243,Jayanagar,2022-09-02,16,0,0,0,0,0,0,0,0,1,0.0,0.301564,0,0.0,0,133,0,3,0.7592,0.0987,GREEN,30,Bengaluru
CLM0033065,BEN_07830,HSR Layout,2020-04-12,7,0,0,0,0,0,1,0,0,0,0.0,0.095459,0,0.0,0,83,1,0,0.584,0.1645,GREEN,33,Bengaluru
CLM0033066,BEN_06124,Whitefield,2018-12-02,10,0,0,0,0,0,0,0,0,0,0.0,0.030054,0,0.0,0,125,0,3,0.3468,0.0593,GREEN,49,Bengaluru
CLM0033067,BEN_00727,Indiranagar,2018-05-07,8,0,0,0,0,0,0,1,0,0,0.0,0.070775,0,0.0,0,399,3,0,0.6755,0.1587,GREEN,44,Bengaluru
CLM0033068,BEN_09959,Marathahalli,2019-02-21,8,0,0,0,0,0,0,0,0,0,0.0,0.017537,0,0.0,0,420,1,0,0.05,0.0,GREEN,37,Bengaluru
CLM0033069,BEN_08327,Yelahanka,2024-09-08,20,0,0,0,0,0,0,0,0,0,0.0,0.992304,0,0.0,0,176,0,4,0.8698,0.0,GREEN,48,Bengaluru
CLM0033070,BEN_01887,Jayanagar,2024-01-18,8,0,0,0,0,0,0,0,0,0,1.0,0.950216,0,1.0,0,293,0,2,0.6928,0.0,GREEN,32,Bengaluru
CLM0033071,BEN_00423,Whitefield,2019-04-07,19,0,0,0,0,0,0,0,0,0,0.0,0.04994,0,0.0,0,63,3,2,0.98,0.0,GREEN,45,Bengaluru
CLM0033072,BEN_00851,Whitefield,2025-07-05,10,0,0,0,0,0,0,0,0,0,0.0,0.115238,0,0.0,0,165,1,1,0.98,0.0759,GREEN,59,Bengaluru
CLM0033073,BEN_06802,Whitefield,2024-12-29,11,0,0,0,0,0,0,0,0,0,0.0,0.136517,0,0.0,0,408,0,5,0.5512,0.0,GREEN,32,Bengaluru
CLM0033074,BEN_07247,Koramangala,2024-12-02,20,0,0,0,0,0,0,0,0,0,0.0,0.077228,0,0.0,0,420,3,6,0.5839,0.0,GREEN,31,Bengaluru
CLM0033075,BEN_00964,Whitefield,2024-10-04,8,0,0,0,0,1,0,0,0,0,1.0,0.462576,0,0.0,0,370,3,4,0.58,0.1888,GREEN,45,Bengaluru
CLM0033076,BEN_04503,Whitefield,2022-12-03,19,0,1,1,1,0,0,0,0,0,0.0,0.277029,0,0.0,0,403,0,3,0.98,0.2065,GREEN,30,Bengaluru
CLM0033077,BEN_04233,Jayanagar,2020-04-18,7,0,0,0,0,0,0,0,0,0,0.0,1.0,0,0.0,0,240,2,0,0.6038,0.0,GREEN,56,Bengaluru
CLM0033078,BEN_02015,Rajajinagar,2023-05-24,17,0,0,0,0,0,1,0,0,0,0.0,0.0658,0,0.0,0,415,1,0,0.5877,0.0025,GREEN,37,Bengaluru
CLM0033079,BEN_06952,Marathahalli,2025-07-17,21,0,0,0,0,0,0,0,0,0,0.0,0.224075,0,0.0,0,284,2,3,0.4321,0.0074,GREEN,45,Bengaluru
CLM0033080,BEN_07967,Jayanagar,2024-10-12,21,0,0,0,0,0,0,0,0,1,0.0,1.0,0,0.0,0,130,0,4,0.6262,0.0222,GREEN,42,Bengaluru
CLM0033081,BEN_08576,Whitefield,2022-11-30,10,0,0,0,0,0,0,0,0,0,0.0,0.261941,0,0.0,0,160,1,0,0.4502,0.0,GREEN,47,Bengaluru
CLM0033082,BEN_06725,Indiranagar,2025-01-02,20,0,0,0,0,0,0,0,0,0,0.0,0.428954,0,0.0,0,223,4,2,0.629,0.0535,GREEN,51,Bengaluru
CLM0033083,BEN_02314,Jayanagar,2023-04-01,15,0,0,0,0,0,0,0,0,1,0.0,0.151006,0,1.0,0,420,1,4,0.6808,0.1459,GREEN,41,Bengaluru
CLM0033084,BEN_07227,Electronic City,2022-08-13,11,0,0,0,0,0,0,0,1,0,0.0,0.345424,0,0.0,0,314,2,4,0.9042,0.1132,GREEN,41,Bengaluru
CLM0033085,BEN_03704,Jayanagar,2023-11-15,17,0,0,0,0,0,0,0,0,0,0.0,0.239102,0,0.0,0,420,1,1,0.7653,0.0259,GREEN,47,Bengaluru
CLM0033086,BEN_09428,Marathahalli,2023-01-09,20,0,0,0,0,0,0,0,0,0,0.0,0.199182,0,0.0,0,306,2,0,0.8619,0.0,GREEN,43,Bengaluru
CLM0033087,BEN_09357,HSR Layout,2025-07-04,16,0,0,0,0,0,0,0,0,0,0.0,0.003026,0,0.0,0,127,2,4,0.612,0.0,GREEN,44,Bengaluru
CLM0033088,BEN_08085,Rajajinagar,2021-09-13,8,0,0,0,0,0,0,0,1,0,0.0,0.293683,0,0.0,0,81,4,0,0.6375,0.1457,GREEN,51,Bengaluru
CLM0033089,BEN_03885,Whitefield,2021-07-26,16,0,0,0,0,0,0,0,0,0,0.0,0.083542,0,0.0,0,384,0,5,0.5929,0.0,GREEN,30,Bengaluru
CLM0033090,BEN_03860,Marathahalli,2022-06-20,13,0,0,0,0,0,0,0,0,0,0.0,0.10845,0,0.0,0,190,0,3,0.98,0.0258,GREEN,45,Bengaluru
CLM0033091,BEN_00237,Marathahalli,2022-08-07,8,0,0,0,1,0,1,0,0,1,0.0,0.074781,0,0.0,0,420,3,0,0.5359,0.4127,YELLOW,37,Bengaluru
CLM0033092,BEN_03769,Jayanagar,2020-02-11,14,0,1,1,0,0,0,0,0,0,0.0,0.361233,0,0.0,0,13,1,5,0.6074,0.1035,GREEN,49,Bengaluru
CLM0033093,BEN_05203,Rajajinagar,2019-07-15,9,0,0,0,0,0,0,0,0,0,0.0,0.103458,0,0.0,0,59,3,6,0.6527,0.0426,GREEN,52,Bengaluru
CLM0033094,BEN_09363,Electronic City,2025-02-27,7,0,0,0,0,0,0,0,0,1,0.0,0.369394,0,0.0,0,32,0,2,0.5305,0.1673,GREEN,36,Bengaluru
CLM0033095,BEN_02827,Whitefield,2018-01-04,14,0,0,0,0,0,0,0,0,0,0.0,0.29713,0,0.0,0,420,1,0,0.6404,0.0,GREEN,35,Bengaluru
CLM0033096,BEN_05825,BTM Layout,2025-12-27,16,0,0,0,0,1,0,0,0,0,0.0,0.129511,0,1.0,0,420,2,1,0.6116,0.0724,GREEN,36,Bengaluru
CLM0033097,BEN_05806,Yelahanka,2021-06-24,16,0,0,0,1,1,1,0,1,0,0.0,0.078031,0,0.0,0,5,2,18,0.2626,0.0933,GREEN,50,Bengaluru
CLM0033098,BEN_00241,Yelahanka,2019-02-18,15,0,0,0,0,1,0,0,0,0,0.0,0.991476,0,0.0,0,420,3,6,0.0552,0.0604,GREEN,58,Bengaluru
CLM0033099,BEN_08163,Koramangala,2021-06-04,16,0,0,0,0,0,0,0,0,0,0.0,0.073331,0,0.0,0,420,3,2,0.8038,0.0,GREEN,42,Bengaluru
CLM0033100,BEN_09093,Electronic City,2024-06-23,8,0,0,0,0,0,0,0,1,0,1.0,1.0,0,1.0,0,420,2,3,0.6359,0.0919,GREEN,44,Bengaluru
CLM0033101,BEN_00423,Whitefield,2023-12-09,17,0,0,0,0,1,0,0,1,0,1.0,0.0,1,0.0,0,5,2,18,0.8145,0.0829,GREEN,45,Bengaluru
CLM0033102,BEN_02769,HSR Layout,2024-01-11,11,0,0,0,0,1,0,1,1,0,1.0,1.0,0,0.0,0,5,0,18,0.3313,0.2126,GREEN,52,Bengaluru
CLM0033103,BEN_06649,Whitefield,2021-09-02,18,0,0,0,0,0,0,0,0,0,0.0,0.31734,0,0.0,0,299,4,1,0.1652,0.0,GREEN,49,Bengaluru
CLM0033104,BEN_04211,Whitefield,2025-04-22,20,0,0,0,0,0,0,1,0,0,1.0,0.302808,0,0.0,0,134,4,0,0.9064,0.1965,GREEN,57,Bengaluru
CLM0033105,BEN_04286,Jayanagar,2023-01-21,13,0,0,0,0,0,0,0,0,0,1.0,0.083191,0,0.0,0,251,1,0,0.7695,0.1136,GREEN,44,Bengaluru
CLM0033106,BEN_02590,BTM Layout,2021-06-24,8,0,0,0,0,0,0,0,0,0,0.0,0.989596,0,0.0,0,420,1,1,0.8745,0.0411,GREEN,41,Bengaluru
CLM0033107,BEN_09976,Electronic City,2023-08-02,16,0,0,0,0,1,0,0,0,0,0.0,0.309805,0,0.0,0,261,1,2,0.3948,0.1166,GREEN,42,Bengaluru
CLM0033108,BEN_03785,Jayanagar,2023-07-09,16,0,0,0,0,0,0,0,1,0,0.0,0.128309,0,0.0,0,120,1,6,0.6967,0.0912,GREEN,65,Bengaluru
CLM0033109,BEN_00953,Indiranagar,2025-08-23,16,0,0,0,0,0,0,0,0,0,0.0,0.485307,0,0.0,0,112,0,1,0.7216,0.0,GREEN,55,Bengaluru
CLM0033110,BEN_09243,HSR Layout,2025-12-18,10,0,0,0,0,0,0,0,0,0,0.0,0.318338,0,0.0,1,211,4,1,0.98,0.0476,GREEN,46,Bengaluru
CLM0033111,BEN_08524,Whitefield,2025-08-01,12,0,0,0,0,0,1,0,0,0,0.0,0.08778,0,0.0,0,420,2,4,0.98,0.0739,GREEN,47,Bengaluru
CLM0033112,BEN_03890,Rajajinagar,2025-01-07,10,0,0,0,0,0,0,1,0,0,0.0,1.0,0,0.0,0,6,2,0,0.9047,0.008,GREEN,38,Bengaluru
CLM0033113,BEN_04520,Yelahanka,2024-02-18,19,0,0,0,0,0,0,0,0,0,0.0,0.328056,0,0.0,0,263,1,0,0.6058,0.0565,GREEN,37,Bengaluru
CLM0033114,BEN_08000,Marathahalli,2024-09-28,19,0,0,0,0,0,1,0,0,0,0.0,0.336529,1,0.0,0,104,0,3,0.8933,0.1515,GREEN,53,Bengaluru
CLM0033115,BEN_01792,Jayanagar,2024-02-06,14,0,0,0,0,0,1,0,0,0,0.0,0.031036,0,1.0,0,420,1,2,0.532,0.0892,GREEN,37,Bengaluru
CLM0033116,BEN_01077,Yelahanka,2025-09-01,15,0,0,0,1,1,0,0,1,1,0.0,0.13654,0,0.0,0,5,2,18,0.8669,0.0,GREEN,50,Bengaluru
CLM0033117,BEN_07324,Whitefield,2025-08-31,11,0,0,0,0,0,0,0,0,0,0.0,1.0,0,0.0,0,138,3,0,0.7711,0.2365,GREEN,47,Bengaluru
CLM0033118,BEN_04580,Yelahanka,2023-08-12,11,0,0,0,0,0,0,0,1,0,0.0,0.345238,0,0.0,0,49,4,0,0.6992,0.0935,GREEN,41,Bengaluru
CLM0033119,BEN_04314,Whitefield,2024-12-24,15,0,0,0,1,0,0,0,0,0,0.0,1.0,1,0.0,0,275,2,1,0.5436,0.2661,GREEN,54,Bengaluru
CLM0033120,BEN_01610,Indiranagar,2022-03-26,14,0,0,0,0,0,0,0,0,0,0.0,1.0,0,0.0,0,328,4,1,0.8284,0.0,GREEN,43,Bengaluru
CLM0033121,BEN_05579,Indiranagar,2020-11-08,12,0,0,0,0,0,0,1,0,0,0.0,0.394977,0,0.0,0,412,1,2,0.7474,0.1042,GREEN,65,Bengaluru
CLM0033122,BEN_07139,Whitefield,2019-02-08,21,0,0,0,0,0,0,1,0,0,0.0,0.242302,0,0.0,0,138,1,1,0.8184,0.0,GREEN,47,Bengaluru
CLM0033123,BEN_08817,Indiranagar,2025-07-22,19,0,0,0,0,0,0,0,0,0,1.0,1.0,0,1.0,0,42,0,2,0.98,0.1658,GREEN,30,Bengaluru
CLM0033124,BEN_04155,Jayanagar,2023-08-17,15,0,0,0,0,0,0,0,0,0,0.0,0.255993,0,0.0,0,82,1,2,0.98,0.0869,GREEN,60,Bengaluru
CLM0033125,BEN_02311,Yelahanka,2020-05-02,14,0,0,0,0,0,0,0,0,0,1.0,0.118337,0,0.0,0,420,3,0,0.7216,0.0224,GREEN,51,Bengaluru
CLM0033126,BEN_00718,Rajajinagar,2025-10-14,10,0,0,0,0,0,0,0,0,0,0.0,0.186961,0,0.0,0,412,1,5,0.6468,0.0,GREEN,61,Bengaluru
CLM0033127,BEN_03682,HSR Layout,2023-11-01,16,0,0,0,0,0,0,0,0,0,1.0,0.278644,1,0.0,0,401,0,1,0.98,0.0998,GREEN,36,Bengaluru
CLM0033128,BEN_08920,Whitefield,2019-10-26,12,0,0,0,0,0,0,0,0,1,0.0,0.024249,0,0.0,0,90,4,1,0.6411,0.0556,GREEN,34,Bengaluru
CLM0033129,BEN_03095,BTM Layout,2020-08-25,18,0,0,0,0,0,0,0,0,0,0.0,0.231629,0,0.0,0,325,1,5,0.6647,0.1107,GREEN,58,Bengaluru
CLM0033130,BEN_01247,Yelahanka,2018-10-27,13,0,0,0,0,0,0,0,0,0,0.0,0.405552,0,0.0,0,330,4,4,0.7733,0.033,GREEN,51,Bengaluru
CLM0033131,BEN_01437,Yelahanka,2024-07-18,11,0,0,0,0,0,0,1,1,1,0.0,0.142941,0,0.0,0,5,4,18,0.98,0.0912,GREEN,35,Bengaluru
CLM0033132,BEN_09866,Yelahanka,2024-07-29,21,0,0,0,0,0,0,0,0,0,0.0,0.237361,0,0.0,0,121,4,5,0.4516,0.011,GREEN,38,Bengaluru
CLM0033133,BEN_00895,Rajajinagar,2023-11-09,20,0,0,0,0,0,0,0,0,0,0.0,0.161651,0,0.0,0,104,2,1,0.1802,0.0,GREEN,40,Bengaluru
CLM0033134,BEN_09565,Whitefield,2025-04-16,14,0,0,0,0,0,0,0,0,0,0.0,0.319889,0,0.0,0,349,0,2,0.3874,0.0271,GREEN,40,Bengaluru
CLM0033135,BEN_00652,Marathahalli,2025-07-31,16,0,0,0,0,0,1,0,0,0,0.0,0.154756,0,1.0,0,17,0,0,0.4981,0.1317,GREEN,37,Bengaluru
CLM0033136,BEN_07984,Jayanagar,2022-09-20,12,0,1,1,1,0,0,1,1,1,1.0,1.0,1,1.0,1,39,1,18,0.2107,0.6892,RED,58,Bengaluru
CLM0033137,BEN_08594,Yelahanka,2025-02-28,16,0,1,1,1,1,1,1,1,1,1.0,1.0,0,0.0,1,5,2,18,0.783,0.8357,RED,38,Bengaluru
CLM0033138,BEN_06130,Whitefield,2025-05-01,14,0,1,1,0,1,1,1,1,1,0.0,0.945038,0,1.0,0,31,1,18,0.968,0.6006,YELLOW,45,Bengaluru
CLM0033139,BEN_07203,Whitefield,2021-09-05,10,0,1,1,1,0,0,0,0,0,0.0,0.994633,0,0.0,0,420,1,0,0.0633,0.4973,YELLOW,39,Bengaluru
CLM0033140,BEN_00520,Jayanagar,2021-09-12,14,0,1,1,1,1,1,0,1,0,0.0,0.047228,0,0.0,0,5,2,18,0.3844,0.5014,YELLOW,50,Bengaluru
CLM0033141,BEN_02689,Electronic City,2025-09-25,7,0,1,1,1,1,1,1,0,0,0.0,0.027673,0,0.0,0,5,1,18,0.9529,0.6331,RED,30,Bengaluru
CLM0033142,BEN_03582,Indiranagar,2023-04-15,18,0,1,1,0,1,1,1,1,0,1.0,0.412836,1,0.0,0,5,1,18,0.1904,0.6724,RED,44,Bengaluru
CLM0033143,BEN_03026,Whitefield,2023-01-11,19,0,1,1,1,1,1,1,1,0,0.0,0.098816,1,0.0,1,25,0,18,0.8708,0.6229,RED,29,Bengaluru
CLM0033144,BEN_03250,Marathahalli,2020-03-16,11,0,0,0,0,0,0,0,0,0,0.0,0.900214,1,0.0,0,194,4,4,0.7583,0.1779,GREEN,30,Bengaluru
CLM0033145,BEN_08907,Whitefield,2018-06-30,8,0,0,0,0,0,0,0,0,0,0.0,0.993696,0,0.0,0,405,1,1,0.9676,0.1559,GREEN,35,Bengaluru
CLM0033146,BEN_03896,Marathahalli,2018-07-26,9,0,0,0,1,0,0,0,0,0,0.0,0.09583,0,0.0,0,420,3,0,0.05,0.0892,GREEN,33,Bengaluru
CLM0033147,BEN_06145,Marathahalli,2016-06-14,10,0,0,0,0,0,0,0,0,0,0.0,0.144292,0,0.0,0,334,3,3,0.7062,0.0291,GREEN,39,Bengaluru
CLM0033148,BEN_09844,Marathahalli,2016-06-16,15,0,0,0,0,0,0,0,0,0,0.0,0.276796,0,0.0,0,136,2,4,0.4167,0.0,GREEN,53,Bengaluru
CLM0033149,BEN_05428,HSR Layout,2015-09-05,14,0,0,0,0,0,0,0,0,0,0.0,0.016531,0,0.0,0,239,3,3,0.98,0.0,GREEN,32,Bengaluru
CLM0033150,BEN_06339,Yelahanka,2025-09-14,12,0,0,0,1,0,0,0,1,0,0.0,0.0,0,0.0,0,377,2,4,0.3589,0.2875,GREEN,37,Bengaluru
CLM0033151,BEN_01941,Jayanagar,2024-10-03,19,0,0,0,0,0,0,0,0,0,0.0,1.0,0,0.0,0,265,3,0,0.7436,0.0,GREEN,45,Bengaluru
CLM0033152,BEN_06464,Yelahanka,2023-02-16,7,0,0,0,0,0,0,0,0,0,0.0,0.003106,0,1.0,0,340,1,2,0.8545,0.0882,GREEN,23,Bengaluru
CLM0033153,BEN_01595,BTM Layout,2021-11-26,21,0,0,0,0,0,0,0,0,0,0.0,0.513184,0,0.0,0,351,3,4,0.98,0.0,GREEN,36,Bengaluru
CLM0033154,BEN_04471,Whitefield,2020-12-19,10,0,0,0,0,0,0,0,0,0,0.0,0.978144,0,0.0,0,244,2,0,0.5559,0.0,GREEN,56,Bengaluru
CLM0033155,BEN_00281,Whitefield,2025-09-07,15,0,0,0,1,1,1,0,1,1,0.0,0.066366,1,0.0,0,5,3,18,0.959,0.0,GREEN,38,Bengaluru
CLM0033156,BEN_07515,HSR Layout,2024-11-28,11,0,0,0,0,0,0,0,0,0,0.0,0.890007,0,0.0,0,86,2,1,0.8263,0.0,GREEN,41,Bengaluru
CLM0033157,BEN_05445,Whitefield,2020-11-14,16,0,0,0,0,0,0,0,0,0,0.0,0.900795,0,0.0,0,5,4,0,0.98,0.0826,GREEN,22,Bengaluru
CLM0033158,BEN_02656,Electronic City,2020-12-30,8,0,0,0,0,1,0,1,1,0,1.0,1.0,0,1.0,0,5,1,18,0.7468,0.0637,GREEN,54,Bengaluru
CLM0033159,BEN_08515,Rajajinagar,2024-09-02,8,0,0,0,0,0,0,0,0,0,0.0,0.300147,0,0.0,0,420,2,2,0.8754,0.0,GREEN,49,Bengaluru
CLM0033160,BEN_08197,Electronic City,2022-05-15,20,0,0,0,0,0,0,0,0,0,0.0,0.332506,0,0.0,0,193,0,3,0.0554,0.0775,GREEN,42,Bengaluru
CLM0033161,BEN_03207,Koramangala,2023-03-31,15,0,0,0,0,0,0,0,0,0,0.0,0.030915,0,0.0,0,85,4,2,0.6235,0.0479,GREEN,38,Bengaluru
CLM0033162,BEN_01695,Yelahanka,2024-06-10,14,0,0,0,0,0,1,0,0,0,1.0,0.895726,0,1.0,0,183,1,4,0.7248,0.2488,GREEN,49,Bengaluru
CLM0033163,BEN_04091,BTM Layout,2024-11-09,15,0,0,0,0,0,0,0,0,0,1.0,1.0,0,0.0,0,58,2,0,0.5914,0.1034,GREEN,42,Bengaluru
CLM0033164,BEN_08175,Indiranagar,2023-05-22,11,0,0,0,1,0,0,0,1,0,1.0,0.288196,0,0.0,0,296,4,5,0.8702,0.3888,YELLOW,38,Bengaluru
CLM0033165,BEN_05598,Whitefield,2023-04-19,10,0,0,0,0,0,1,0,0,0,1.0,1.0,0,1.0,0,405,3,4,0.8045,0.1637,GREEN,51,Bengaluru
CLM0033166,BEN_04846,Marathahalli,2024-10-05,15,0,0,0,0,0,0,0,0,0,0.0,0.366311,0,0.0,0,126,4,1,0.98,0.0,GREEN,45,Bengaluru
CLM0033167,BEN_07712,Electronic City,2020-11-18,20,0,0,0,0,0,0,0,0,0,0.0,0.177202,0,0.0,0,415,4,1,0.8411,0.0165,GREEN,44,Bengaluru
CLM0033168,BEN_03522,Koramangala,2020-09-14,11,0,0,0,0,0,0,0,0,0,0.0,0.345548,0,0.0,0,364,2,0,0.5947,0.0,GREEN,44,Bengaluru
CLM0033169,BEN_01085,Jayanagar,2023-02-09,11,0,0,0,1,0,0,0,0,0,0.0,1.0,0,0.0,0,327,1,4,0.9142,0.2595,GREEN,30,Bengaluru
CLM0033170,BEN_01282,BTM Layout,2022-01-18,12,0,0,0,0,0,0,0,0,0,0.0,0.373933,0,0.0,0,173,0,2,0.9089,0.0,GREEN,52,Bengaluru
CLM0033171,BEN_05792,HSR Layout,2021-02-28,20,0,0,0,0,0,0,0,0,0,0.0,0.363412,1,0.0,0,240,1,3,0.6815,0.0,GREEN,49,Bengaluru
CLM0033172,BEN_07092,BTM Layout,2020-06-03,7,0,0,0,0,0,0,0,0,0,0.0,0.154306,0,0.0,0,420,0,1,0.9295,0.0097,GREEN,57,Bengaluru
CLM0033173,BEN_07793,Jayanagar,2024-06-06,18,0,0,0,0,0,0,0,0,0,1.0,0.063839,0,0.0,0,189,4,2,0.98,0.0429,GREEN,44,Bengaluru
CLM0033174,BEN_04915,Yelahanka,2020-04-02,17,0,0,0,0,0,0,0,0,0,0.0,0.242396,0,0.0,0,173,4,6,0.3873,0.0,GREEN,30,Bengaluru
CLM0033175,BEN_05711,Indiranagar,2017-01-01,18,0,0,0,0,0,1,0,0,0,0.0,0.031836,0,0.0,0,420,3,3,0.6641,0.1912,GREEN,40,Bengaluru
CLM0033176,BEN_04303,Electronic City,2024-09-23,16,0,0,0,0,0,0,0,0,0,0.0,0.342258,0,0.0,0,296,2,1,0.4989,0.0554,GREEN,42,Bengaluru
CLM0033177,BEN_05367,Marathahalli,2021-09-03,17,0,0,0,0,0,0,0,0,0,0.0,0.339847,0,0.0,0,112,1,1,0.6922,0.0027,GREEN,54,Bengaluru
CLM0033178,BEN_00960,Yelahanka,2023-06-09,19,0,0,0,0,0,0,0,0,0,0.0,0.272032,0,0.0,0,59,4,0,0.05,0.0026,GREEN,43,Bengaluru
CLM0033179,BEN_01224,Electronic City,2019-09-15,15,0,0,0,0,0,1,0,0,1,0.0,0.131918,0,0.0,0,202,2,1,0.608,0.2425,GREEN,33,Bengaluru
CLM0033180,BEN_02666,Indiranagar,2023-05-05,17,0,0,0,0,0,0,0,0,0,0.0,0.280055,0,0.0,0,167,3,2,0.5028,0.0,GREEN,47,Bengaluru
CLM0033181,BEN_09627,Yelahanka,2021-06-26,11,0,0,0,0,0,0,0,0,0,0.0,0.144507,0,0.0,0,321,0,0,0.7778,0.0,GREEN,36,Bengaluru
CLM0033182,BEN_04513,Indiranagar,2020-11-22,16,0,0,0,0,0,0,0,0,0,0.0,0.261343,0,1.0,0,402,4,4,0.98,0.045,GREEN,33,Bengaluru
CLM0033183,BEN_04028,BTM Layout,2022-11-06,16,0,0,0,1,0,0,0,0,0,0.0,0.971542,0,0.0,0,358,3,0,0.5296,0.1807,GREEN,56,Bengaluru
CLM0033184,BEN_09338,Electronic City,2023-05-03,8,0,0,0,0,0,0,0,1,0,1.0,0.016479,0,0.0,0,420,3,2,0.7809,0.1724,GREEN,32,Bengaluru
CLM0033185,BEN_01771,Rajajinagar,2025-10-04,14,0,0,0,0,0,1,0,0,0,0.0,0.33754,0,0.0,0,420,0,0,0.8627,0.0996,GREEN,54,Bengaluru
CLM0033186,BEN_04637,BTM Layout,2020-04-09,7,0,0,0,0,0,0,0,0,0,0.0,0.0,0,0.0,0,319,1,0,0.9142,0.063,GREEN,46,Bengaluru
CLM0033187,BEN_09285,BTM Layout,2020-04-25,7,0,0,0,0,0,0,0,0,0,0.0,0.236951,0,0.0,0,132,1,0,0.969,0.0,GREEN,33,Bengaluru
CLM0033188,BEN_00283,Koramangala,2023-08-25,9,0,0,0,1,0,0,0,0,0,0.0,0.121443,0,0.0,0,350,3,7,0.8124,0.1501,GREEN,49,Bengaluru
CLM0033189,BEN_05597,HSR Layout,2020-10-19,21,0,0,0,0,0,0,0,0,0,0.0,0.073012,0,0.0,0,212,1,1,0.05,0.0,GREEN,47,Bengaluru
CLM0033190,BEN_05650,HSR Layout,2019-06-26,10,0,0,0,1,0,1,0,0,0,0.0,0.117772,0,0.0,0,420,1,0,0.9629,0.2623,GREEN,30,Bengaluru
CLM0033191,BEN_04841,Koramangala,2024-12-07,9,0,0,0,0,0,0,0,0,0,0.0,0.0,0,0.0,0,350,3,0,0.7637,0.0332,GREEN,46,Bengaluru
CLM0033192,BEN_04989,BTM Layout,2025-09-16,19,0,0,0,0,0,0,0,0,0,0.0,0.917151,0,0.0,0,83,3,3,0.98,0.032,GREEN,38,Bengaluru
CLM0033193,BEN_09919,HSR Layout,2023-12-08,19,0,0,0,0,0,0,0,0,0,0.0,1.0,0,0.0,0,80,0,1,0.98,0.0254,GREEN,38,Bengaluru
CLM0033194,BEN_06796,HSR Layout,2018-11-22,16,0,0,0,1,1,0,1,1,0,1.0,1.0,0,1.0,1,13,3,18,0.1063,0.0839,GREEN,52,Bengaluru
CLM0033195,BEN_03954,Electronic City,2023-03-24,14,0,0,0,0,0,0,0,0,0,0.0,0.0,0,0.0,0,420,0,7,0.5855,0.118,GREEN,26,Bengaluru
CLM0033196,BEN_05579,Indiranagar,2017-10-21,18,0,0,0,0,0,0,0,0,0,0.0,0.215592,0,0.0,0,335,1,0,0.9113,0.0227,GREEN,65,Bengaluru
CLM0033197,BEN_01461,Electronic City,2024-03-25,11,0,0,0,1,0,0,1,1,1,1.0,1.0,1,1.0,1,5,0,18,0.7338,0.1406,GREEN,53,Bengaluru
CLM0033198,BEN_00097,Koramangala,2020-06-12,18,0,0,0,0,1,0,0,0,0,0.0,0.186884,0,0.0,0,420,2,0,0.1705,0.2598,GREEN,53,Bengaluru
CLM0033199,BEN_08794,Whitefield,2023-07-26,17,0,0,0,0,0,0,0,0,0,0.0,0.033273,0,0.0,0,312,1,3,0.9415,0.1206,GREEN,46,Bengaluru
CLM0033200,BEN_01634,Koramangala,2025-01-22,10,0,0,0,0,1,0,1,0,0,0.0,1.0,0,0.0,0,420,3,0,0.6838,0.2196,GREEN,47,Bengaluru
CLM0033201,BEN_00672,Electronic City,2024-12-01,21,0,0,0,0,0,1,0,0,0,1.0,0.407218,0,0.0,0,251,4,4,0.6637,0.1768,GREEN,43,Bengaluru
CLM0033202,BEN_06589,Electronic City,2021-10-08,10,0,0,0,0,0,0,1,0,0,0.0,0.103889,0,0.0,0,301,3,5,0.5477,0.1093,GREEN,32,Bengaluru
CLM0033203,BEN_09902,HSR Layout,2022-05-22,13,0,0,0,0,0,0,0,0,0,0.0,0.351153,0,0.0,0,263,1,1,0.7917,0.0,GREEN,43,Bengaluru
CLM0033204,BEN_00357,Marathahalli,2022-08-06,14,0,0,0,0,0,0,1,0,1,0.0,0.370944,0,0.0,0,133,2,1,0.1672,0.2543,GREEN,49,Bengaluru
CLM0033205,BEN_05525,BTM Layout,2024-12-18,10,0,0,0,0,0,0,1,0,0,0.0,0.345459,0,0.0,0,384,2,1,0.8985,0.0627,GREEN,53,Bengaluru
CLM0033206,BEN_00675,Jayanagar,2022-02-27,13,0,0,0,0,0,0,0,0,0,0.0,0.356558,0,0.0,0,414,4,3,0.4362,0.0,GREEN,53,Bengaluru
CLM0033207,BEN_00375,Whitefield,2024-08-10,20,0,0,0,0,0,0,0,0,0,0.0,0.236361,0,0.0,0,420,4,1,0.5872,0.0998,GREEN,59,Bengaluru
CLM0033208,BEN_08841,Koramangala,2021-12-24,13,0,0,0,0,0,0,0,0,0,0.0,0.23694,0,0.0,0,153,4,2,0.9707,0.0,GREEN,48,Bengaluru
CLM0033209,BEN_08635,Whitefield,2025-07-09,14,0,0,0,0,0,0,0,0,0,0.0,0.399005,0,0.0,0,205,2,0,0.9121,0.0294,GREEN,40,Bengaluru
CLM0033210,BEN_06902,Koramangala,2021-12-21,7,0,0,0,0,0,0,0,0,0,0.0,0.040456,0,0.0,0,244,3,3,0.6001,0.0,GREEN,36,Bengaluru
CLM0033211,BEN_08385,Yelahanka,2021-09-14,13,0,0,0,0,0,0,0,0,0,0.0,0.214353,0,0.0,0,342,1,3,0.7981,0.0,GREEN,48,Bengaluru
CLM0033212,BEN_02237,Rajajinagar,2022-01-30,18,0,0,0,0,0,0,0,0,0,0.0,0.212455,0,0.0,0,388,0,4,0.7405,0.0458,GREEN,36,Bengaluru
CLM0033213,BEN_05183,Whitefield,2025-10-19,9,0,0,0,1,0,0,0,0,0,0.0,0.016645,0,0.0,0,330,3,3,0.7289,0.2585,GREEN,36,Bengaluru
CLM0033214,BEN_06073,Rajajinagar,2024-01-30,9,0,0,0,0,0,0,0,0,0,1.0,0.993163,0,1.0,0,169,2,3,0.7886,0.0,GREEN,45,Bengaluru
CLM0033215,BEN_00445,Indiranagar,2024-11-07,11,0,0,0,0,0,0,0,1,0,0.0,1.0,0,0.0,0,147,0,1,0.1218,0.1309,GREEN,44,Bengaluru
CLM0033216,BEN_04742,HSR Layout,2025-11-06,10,0,0,0,0,0,0,0,0,0,0.0,0.172914,0,0.0,0,339,0,0,0.98,0.0,GREEN,38,Bengaluru
CLM0033217,BEN_03175,Rajajinagar,2024-01-14,7,0,0,0,0,0,0,0,0,0,0.0,0.161336,0,0.0,0,420,2,5,0.6312,0.0,GREEN,47,Bengaluru
CLM0033218,BEN_08899,Marathahalli,2025-02-24,10,0,0,0,0,0,0,0,0,0,0.0,0.122262,0,0.0,0,265,4,4,0.491,0.204,GREEN,42,Bengaluru
CLM0033219,BEN_09443,Koramangala,2023-08-14,14,0,0,0,0,0,0,0,0,0,1.0,0.209681,0,0.0,0,414,3,3,0.7678,0.087,GREEN,47,Bengaluru
CLM0033220,BEN_05333,Indiranagar,2018-03-21,14,0,0,0,0,0,0,0,1,0,0.0,0.20467,0,0.0,0,420,4,6,0.05,0.0306,GREEN,52,Bengaluru
CLM0033221,BEN_07180,Whitefield,2025-07-19,17,0,0,0,0,0,0,0,0,0,0.0,0.155531,0,0.0,0,324,1,0,0.6264,0.0,GREEN,51,Bengaluru
CLM0033222,BEN_01892,Yelahanka,2023-06-30,10,0,0,0,0,0,0,0,0,0,0.0,0.060056,0,0.0,1,336,0,4,0.4499,0.0817,GREEN,27,Bengaluru
CLM0033223,BEN_01628,Indiranagar,2023-12-09,8,0,0,0,0,0,0,0,0,0,0.0,0.170503,0,0.0,0,384,0,2,0.1542,0.0604,GREEN,39,Bengaluru
CLM0033224,BEN_00847,HSR Layout,2025-12-14,17,0,0,0,0,0,0,0,0,0,0.0,0.147563,0,0.0,0,105,3,4,0.88,0.0369,GREEN,47,Bengaluru
CLM0033225,BEN_04511,Electronic City,2023-12-11,9,1,0,0,0,0,0,0,0,0,0.0,0.014885,1,0.0,0,420,4,0,0.7117,0.0,GREEN,37,Bengaluru
CLM0033226,BEN_04804,Marathahalli,2022-03-19,15,0,0,0,0,0,0,0,0,1,0.0,0.448713,0,0.0,0,148,3,3,0.1922,0.169,GREEN,43,Bengaluru
CLM0033227,BEN_07839,Jayanagar,2025-03-24,17,0,0,0,0,0,0,0,0,1,0.0,0.129956,0,0.0,0,131,1,0,0.5937,0.1535,GREEN,45,Bengaluru
CLM0033228,BEN_09698,Jayanagar,2024-07-18,17,0,0,0,0,0,0,0,0,0,0.0,0.875222,0,0.0,0,199,3,0,0.0797,0.011,GREEN,28,Bengaluru
CLM0033229,BEN_07398,Jayanagar,2025-05-20,15,0,0,0,0,0,0,0,0,0,0.0,0.212181,0,0.0,0,268,0,2,0.9276,0.0494,GREEN,46,Bengaluru
CLM0033230,BEN_07486,Whitefield,2025-10-10,15,0,0,0,0,0,0,0,0,0,0.0,1.0,0,1.0,0,175,0,4,0.67,0.0768,GREEN,37,Bengaluru
CLM0033231,BEN_05103,Rajajinagar,2025-08-15,9,0,0,0,0,0,0,0,0,0,0.0,1.0,0,0.0,0,209,4,6,0.9302,0.0,GREEN,52,Bengaluru
CLM0033232,BEN_04788,Marathahalli,2025-06-02,8,0,0,0,0,0,0,0,0,0,0.0,0.08088,0,0.0,0,269,1,1,0.9232,0.0861,GREEN,52,Bengaluru
CLM0033233,BEN_09171,Indiranagar,2024-11-09,20,0,0,0,0,0,0,0,0,0,0.0,0.255118,0,0.0,0,344,3,1,0.98,0.0287,GREEN,43,Bengaluru
CLM0033234,BEN_07852,Koramangala,2025-06-10,19,0,0,0,0,1,0,0,0,0,1.0,0.141166,0,0.0,0,420,1,3,0.98,0.257,GREEN,51,Bengaluru
CLM0033235,BEN_05185,Electronic City,2024-07-06,18,0,0,0,0,0,0,0,0,0,0.0,0.141303,0,0.0,0,115,1,0,0.1062,0.0408,GREEN,31,Bengaluru
CLM0033236,BEN_08285,Whitefield,2025-08-23,19,0,0,0,0,0,0,0,0,0,0.0,0.472384,0,0.0,0,302,4,4,0.6884,0.0,GREEN,40,Bengaluru
CLM0033237,BEN_08378,Whitefield,2025-09-28,9,0,1,1,0,0,0,0,0,0,1.0,1.0,0,1.0,0,420,3,0,0.8787,0.056,GREEN,25,Bengaluru
CLM0033238,BEN_07571,Rajajinagar,2019-08-28,14,0,0,0,0,0,0,0,0,0,0.0,0.097586,0,0.0,0,270,2,0,0.7658,0.0721,GREEN,55,Bengaluru
CLM0033239,BEN_08627,Whitefield,2021-09-16,13,0,0,0,0,0,0,0,1,0,0.0,0.041805,0,0.0,0,420,1,0,0.7643,0.0983,GREEN,48,Bengaluru
CLM0033240,BEN_06523,Marathahalli,2022-10-20,15,0,0,0,0,0,1,0,0,0,0.0,0.306114,0,0.0,0,420,2,3,0.16,0.1654,GREEN,45,Bengaluru
CLM0033241,BEN_04495,Koramangala,2024-05-06,8,0,0,0,1,0,0,0,0,0,0.0,0.376247,1,0.0,0,112,3,0,0.6943,0.2633,GREEN,51,Bengaluru
CLM0033242,BEN_09463,Rajajinagar,2018-11-04,17,0,0,0,0,0,0,0,0,0,1.0,0.347677,0,0.0,0,195,1,2,0.5429,0.1238,GREEN,41,Bengaluru
CLM0033243,BEN_06771,BTM Layout,2019-11-22,19,0,0,0,0,0,0,0,0,0,0.0,0.16031,0,0.0,0,182,4,2,0.5884,0.0,GREEN,48,Bengaluru
CLM0033244,BEN_02835,Jayanagar,2022-04-02,21,0,0,0,0,0,1,0,0,0,0.0,0.059649,0,0.0,0,248,0,4,0.5947,0.069,GREEN,43,Bengaluru
CLM0033245,BEN_03752,Marathahalli,2019-11-11,20,0,0,0,0,0,0,0,0,0,0.0,0.006806,0,0.0,0,401,0,4,0.8195,0.0,GREEN,50,Bengaluru
CLM0033246,BEN_01717,Marathahalli,2020-02-03,17,0,0,0,0,0,0,0,0,0,0.0,0.417474,0,1.0,1,33,3,5,0.8276,0.0128,GREEN,49,Bengaluru
CLM0033247,BEN_06921,BTM Layout,2023-08-06,10,0,0,0,0,0,0,0,0,0,0.0,0.117372,0,0.0,0,190,1,0,0.0611,0.0,GREEN,21,Bengaluru
CLM0033248,BEN_08132,Yelahanka,2022-08-12,21,0,0,0,0,0,0,0,0,0,0.0,0.220475,0,0.0,0,420,3,3,0.2366,0.0,GREEN,35,Bengaluru
CLM0033249,BEN_03816,Electronic City,2022-05-06,11,0,0,0,0,0,0,0,0,0,0.0,0.05911,1,0.0,0,207,3,1,0.7663,0.0477,GREEN,43,Bengaluru
CLM0033250,BEN_05063,Rajajinagar,2022-06-18,21,0,0,0,0,0,0,1,0,0,0.0,0.038901,0,0.0,0,206,1,0,0.9544,0.0619,GREEN,33,Bengaluru
CLM0033251,BEN_05193,Electronic City,2025-01-20,21,0,0,0,0,0,0,0,0,0,0.0,0.382696,0,0.0,0,218,4,2,0.4155,0.0489,GREEN,37,Bengaluru
CLM0033252,BEN_07328,BTM Layout,2018-07-12,18,0,0,0,0,0,0,0,0,0,0.0,0.211937,0,0.0,0,279,1,7,0.6741,0.0,GREEN,40,Bengaluru
CLM0033253,BEN_04428,Electronic City,2019-08-15,10,0,0,0,0,0,0,0,0,0,0.0,0.91546,0,0.0,1,260,0,0,0.6841,0.0025,GREEN,29,Bengaluru
CLM0033254,BEN_07721,Indiranagar,2024-08-02,15,0,0,0,0,0,0,0,0,0,0.0,0.307447,0,0.0,0,77,1,4,0.9373,0.0,GREEN,31,Bengaluru
CLM0033255,BEN_07339,BTM Layout,2023-08-10,21,0,0,0,0,0,0,0,0,0,0.0,0.171856,0,0.0,0,375,1,0,0.5091,0.0709,GREEN,48,Bengaluru
CLM0033256,BEN_07597,Rajajinagar,2025-11-03,21,0,0,0,1,0,0,0,0,0,1.0,0.361063,1,0.0,0,132,2,1,0.7341,0.291,GREEN,63,Bengaluru
CLM0033257,BEN_03024,Koramangala,2021-08-01,13,0,0,0,0,0,0,0,0,1,0.0,0.37108,1,0.0,0,420,2,3,0.6439,0.2678,GREEN,44,Bengaluru
CLM0033258,BEN_02625,Yelahanka,2019-09-12,13,0,0,0,0,0,0,0,0,0,0.0,0.085808,0,1.0,0,397,0,3,0.6844,0.0294,GREEN,54,Bengaluru
CLM0033259,BEN_00761,Whitefield,2021-08-07,8,0,0,0,0,0,0,0,0,0,0.0,0.036014,0,0.0,0,107,1,2,0.6411,0.033,GREEN,28,Bengaluru
CLM0033260,BEN_03328,BTM Layout,2024-01-04,13,0,0,0,0,0,0,0,0,0,1.0,0.06174,0,1.0,0,301,1,1,0.4188,0.0808,GREEN,64,Bengaluru
CLM0033261,BEN_04421,Jayanagar,2023-11-10,9,0,0,0,0,0,0,0,0,0,0.0,0.237537,0,0.0,0,331,3,2,0.6045,0.0,GREEN,47,Bengaluru
CLM0033262,BEN_01909,BTM Layout,2024-03-28,9,0,0,0,0,0,0,0,1,1,0.0,0.368367,1,0.0,0,420,2,5,0.321,0.3544,YELLOW,33,Bengaluru
CLM0033263,BEN_08662,Rajajinagar,2022-08-10,13,0,1,1,0,0,0,0,0,0,0.0,0.171478,0,0.0,0,359,3,3,0.931,0.0,GREEN,56,Bengaluru
CLM0033264,BEN_05409,HSR Layout,2025-10-10,21,0,0,0,0,0,0,0,0,0,0.0,0.363768,0,0.0,0,84,0,5,0.2033,0.0,GREEN,36,Bengaluru
CLM0033265,BEN_09892,Indiranagar,2021-11-19,9,0,1,1,0,0,0,0,0,0,0.0,0.28832,0,0.0,0,420,3,6,0.9782,0.0334,GREEN,29,Bengaluru
CLM0033266,BEN_00759,Koramangala,2023-07-20,9,0,0,0,0,0,0,0,0,0,0.0,0.336676,0,0.0,0,243,2,4,0.3147,0.0,GREEN,39,Bengaluru
CLM0033267,BEN_09029,Whitefield,2019-10-06,11,0,0,0,0,0,0,0,0,0,0.0,1.0,0,0.0,0,420,0,0,0.6895,0.0044,GREEN,30,Bengaluru
CLM0033268,BEN_09087,Jayanagar,2025-01-25,19,0,0,0,0,0,0,0,0,0,0.0,0.0,0,0.0,0,201,1,3,0.98,0.0,GREEN,36,Bengaluru
CLM0033269,BEN_02244,Indiranagar,2021-02-17,11,0,0,0,0,0,1,0,0,0,0.0,0.386944,0,0.0,0,17,3,2,0.7432,0.1623,GREEN,41,Bengaluru
CLM0033270,BEN_01685,HSR Layout,2024-04-21,16,0,0,0,0,0,0,0,0,0,0.0,0.38439,0,0.0,0,229,0,2,0.7469,0.0,GREEN,42,Bengaluru
CLM0033271,BEN_03012,Koramangala,2023-11-22,7,0,0,0,0,0,0,0,0,0,0.0,0.247936,0,0.0,0,401,4,5,0.7027,0.068,GREEN,45,Bengaluru
CLM0033272,BEN_03687,Electronic City,2024-09-04,8,0,0,0,0,0,0,0,0,0,0.0,0.363741,0,0.0,0,420,0,5,0.8657,0.0368,GREEN,42,Bengaluru
CLM0033273,BEN_00604,Koramangala,2017-03-27,11,0,0,0,0,0,0,0,1,0,0.0,0.201977,0,0.0,0,193,0,3,0.8634,0.0701,GREEN,26,Bengaluru
CLM0033274,BEN_06833,Marathahalli,2024-12-18,20,0,0,0,0,0,0,0,1,0,0.0,0.2758,1,0.0,0,237,4,4,0.7292,0.1793,GREEN,45,Bengaluru
CLM0033275,BEN_06509,Whitefield,2017-10-30,7,0,0,0,0,1,0,0,0,0,0.0,0.009954,0,0.0,0,378,2,0,0.6758,0.2126,GREEN,19,Bengaluru
CLM0033276,BEN_01445,Koramangala,2025-07-15,16,0,0,0,0,0,0,0,0,0,0.0,0.220885,0,0.0,0,134,1,3,0.05,0.0,GREEN,36,Bengaluru
CLM0033277,BEN_07891,Whitefield,2021-05-22,11,0,0,0,0,0,0,1,0,0,1.0,0.0,0,0.0,0,127,0,0,0.6527,0.1147,GREEN,18,Bengaluru
CLM0033278,BEN_01409,HSR Layout,2021-05-31,13,0,0,0,0,0,0,0,0,0,0.0,0.089795,0,1.0,0,420,4,2,0.9556,0.0,GREEN,50,Bengaluru
CLM0033279,BEN_03424,Electronic City,2022-10-20,10,0,0,0,0,0,1,0,0,0,0.0,0.0,1,0.0,0,328,1,1,0.5259,0.1203,GREEN,64,Bengaluru
CLM0033280,BEN_03926,Jayanagar,2025-06-04,20,0,0,0,0,0,0,0,1,0,0.0,0.236191,0,0.0,0,284,0,1,0.692,0.0688,GREEN,59,Bengaluru
CLM0033281,BEN_07732,Koramangala,2025-03-31,8,0,0,0,0,0,0,0,0,0,0.0,1.0,0,0.0,0,259,3,0,0.98,0.0,GREEN,51,Bengaluru
CLM0033282,BEN_08004,BTM Layout,2025-06-30,8,0,0,0,0,0,0,0,0,0,0.0,0.079374,0,0.0,0,297,3,2,0.98,0.039,GREEN,56,Bengaluru
CLM0033283,BEN_01317,HSR Layout,2025-05-03,8,0,0,0,0,0,0,0,0,0,0.0,1.0,0,0.0,0,420,0,3,0.8561,0.0718,GREEN,56,Bengaluru
CLM0033284,BEN_07343,Jayanagar,2025-02-22,19,0,0,0,0,0,1,1,1,0,0.0,0.064957,0,0.0,1,5,1,18,0.9792,0.0796,GREEN,63,Bengaluru
CLM0033285,BEN_03374,Marathahalli,2025-04-13,7,0,0,0,0,0,0,0,0,0,0.0,0.119657,0,0.0,0,263,3,2,0.7816,0.0213,GREEN,44,Bengaluru
CLM0033286,BEN_06862,Koramangala,2024-11-30,8,0,0,0,0,0,0,0,0,0,1.0,0.193755,0,0.0,0,200,4,1,0.7515,0.0423,GREEN,55,Bengaluru
CLM0033287,BEN_01770,HSR Layout,2025-10-06,14,0,0,0,1,0,1,0,0,0,0.0,0.899752,0,0.0,0,15,2,18,0.1496,0.0247,GREEN,48,Bengaluru
CLM0033288,BEN_07949,Indiranagar,2025-06-08,16,0,0,0,0,0,0,0,0,0,0.0,0.413068,0,0.0,0,420,0,1,0.9132,0.0,GREEN,33,Bengaluru
CLM0033289,BEN_07992,HSR Layout,2025-10-12,19,0,0,0,0,0,0,0,0,0,0.0,0.27716,1,0.0,0,205,0,0,0.1932,0.0529,GREEN,34,Bengaluru
CLM0033290,BEN_03292,Electronic City,2022-05-11,12,0,0,0,0,0,0,0,0,0,0.0,0.211036,0,1.0,0,194,3,6,0.9705,0.0,GREEN,22,Bengaluru
CLM0033291,BEN_05156,HSR Layout,2019-09-11,19,0,0,0,0,0,0,0,0,0,0.0,0.216945,0,0.0,0,94,4,0,0.7383,0.0055,GREEN,47,Bengaluru
CLM0033292,BEN_09187,Rajajinagar,2018-08-27,21,0,0,0,0,0,0,0,0,0,0.0,0.06064,0,0.0,0,234,3,2,0.2262,0.0,GREEN,49,Bengaluru
CLM0033293,BEN_02022,Yelahanka,2018-09-20,8,0,1,1,1,0,0,0,0,0,0.0,0.278823,0,0.0,0,271,4,2,0.8016,0.1835,GREEN,33,Bengaluru
CLM0033294,BEN_05586,Rajajinagar,2024-10-17,16,0,0,0,0,0,0,1,0,0,0.0,0.049536,0,0.0,0,420,1,2,0.6826,0.0271,GREEN,40,Bengaluru
CLM0033295,BEN_07093,Whitefield,2025-02-08,15,0,0,0,0,0,0,0,0,0,0.0,0.181524,0,0.0,0,109,4,2,0.9624,0.0243,GREEN,36,Bengaluru
CLM0033296,BEN_02133,Whitefield,2025-10-17,16,0,0,0,0,0,0,0,1,0,0.0,0.369034,1,0.0,0,370,1,0,0.05,0.2311,GREEN,51,Bengaluru
CLM0033297,BEN_02973,BTM Layout,2024-11-09,10,0,0,0,0,0,1,0,0,0,0.0,0.201028,0,0.0,0,389,1,3,0.98,0.0417,GREEN,35,Bengaluru
CLM0033298,BEN_05508,Jayanagar,2024-02-16,13,0,0,0,0,0,0,0,0,0,0.0,0.207311,0,0.0,0,309,3,6,0.05,0.0,GREEN,45,Bengaluru
CLM0033299,BEN_01507,Indiranagar,2025-07-18,9,0,0,0,0,0,0,0,0,0,0.0,0.123812,0,0.0,1,420,0,1,0.1141,0.0916,GREEN,45,Bengaluru
CLM0033300,BEN_02847,Yelahanka,2024-09-04,9,0,0,0,0,0,0,0,0,1,0.0,0.124419,0,0.0,0,400,0,5,0.9482,0.1118,GREEN,41,Bengaluru
CLM0033301,BEN_09285,BTM Layout,2023-10-03,19,0,0,0,1,0,0,0,0,0,0.0,0.325633,0,0.0,0,420,2,2,0.9523,0.1001,GREEN,33,Bengaluru
CLM0033302,BEN_05126,Whitefield,2023-04-23,13,0,0,0,1,0,0,0,0,0,0.0,0.144653,0,0.0,0,176,0,2,0.98,0.0845,GREEN,21,Bengaluru
CLM0033303,BEN_06035,Electronic City,2025-06-13,18,0,1,1,0,0,0,0,0,0,0.0,0.203967,0,0.0,0,273,4,3,0.866,0.051,GREEN,53,Bengaluru
CLM0033304,BEN_09661,Electronic City,2025-10-16,18,0,0,0,0,0,0,0,0,0,0.0,0.0,0,0.0,0,359,3,0,0.8231,0.0174,GREEN,45,Bengaluru
CLM0033305,BEN_09618,BTM Layout,2016-09-08,17,0,0,0,1,1,0,1,1,0,1.0,1.0,0,1.0,1,5,2,12,0.8783,0.1474,GREEN,39,Bengaluru
CLM0033306,BEN_06079,Marathahalli,2016-12-08,7,0,0,0,0,0,0,0,0,0,0.0,0.153173,1,0.0,0,420,3,7,0.611,0.1085,GREEN,42,Bengaluru
CLM0033307,BEN_03081,Electronic City,2020-10-14,9,0,0,0,1,0,0,0,0,0,0.0,0.326369,0,0.0,0,410,2,3,0.5627,0.204,GREEN,59,Bengaluru
CLM0033308,BEN_03543,Electronic City,2023-07-28,18,0,0,0,0,0,0,0,0,0,0.0,1.0,0,0.0,0,74,1,1,0.8609,0.0577,GREEN,44,Bengaluru
CLM0033309,BEN_08669,Yelahanka,2021-02-07,19,0,0,0,0,0,0,0,0,0,0.0,0.365352,0,0.0,0,261,1,2,0.7661,0.0,GREEN,44,Bengaluru
CLM0033310,BEN_07304,Electronic City,2022-09-25,7,0,0,0,1,0,0,0,0,1,0.0,0.0,0,0.0,0,248,1,2,0.5338,0.267,GREEN,59,Bengaluru
CLM0033311,BEN_08675,Marathahalli,2024-02-10,14,0,0,0,0,0,0,0,0,0,0.0,0.093315,0,0.0,0,142,1,5,0.9264,0.0382,GREEN,43,Bengaluru
CLM0033312,BEN_00633,HSR Layout,2024-03-07,7,0,0,0,0,1,0,0,0,0,0.0,0.087989,0,0.0,0,54,1,6,0.6823,0.1197,GREEN,50,Bengaluru
CLM0033313,BEN_03196,Marathahalli,2023-07-30,8,0,0,0,0,0,0,0,0,0,0.0,0.117799,0,0.0,0,47,0,0,0.9526,0.0,GREEN,60,Bengaluru
CLM0033314,BEN_00060,Whitefield,2025-01-03,9,0,0,0,0,0,0,0,0,0,0.0,0.128398,0,0.0,0,77,1,4,0.5762,0.0335,GREEN,42,Bengaluru
CLM0033315,BEN_02783,HSR Layout,2022-04-18,12,0,0,0,0,0,0,0,0,0,1.0,0.844268,0,0.0,0,409,1,0,0.98,0.0,GREEN,34,Bengaluru
CLM0033316,BEN_00170,HSR Layout,2024-01-31,17,0,0,0,0,0,0,1,0,0,0.0,0.355317,0,0.0,0,193,1,1,0.7318,0.0924,GREEN,61,Bengaluru
CLM0033317,BEN_00143,Jayanagar,2025-03-23,10,0,0,0,0,0,0,0,0,0,0.0,0.246215,0,0.0,0,420,4,6,0.5458,0.0,GREEN,36,Bengaluru
CLM0033318,BEN_00556,Indiranagar,2024-06-07,20,0,0,0,0,0,0,0,0,0,0.0,1.0,0,0.0,0,324,1,3,0.1315,0.0,GREEN,37,Bengaluru
CLM0033319,BEN_08274,HSR Layout,2025-12-03,15,0,0,0,1,0,0,0,0,0,0.0,0.210354,0,0.0,0,379,1,4,0.9547,0.129,GREEN,52,Bengaluru
CLM0033320,BEN_06071,Jayanagar,2023-03-04,14,0,0,0,1,0,0,0,0,0,0.0,0.023337,0,0.0,0,84,0,2,0.5142,0.2236,GREEN,62,Bengaluru
CLM0033321,BEN_04392,Koramangala,2024-05-27,20,0,1,1,0,0,0,0,0,0,1.0,0.900351,0,1.0,0,221,4,2,0.7168,0.0209,GREEN,53,Bengaluru
CLM0033322,BEN_04085,Electronic City,2024-01-29,12,0,0,0,0,0,0,0,0,0,0.0,0.150224,0,0.0,0,202,0,2,0.8072,0.0438,GREEN,41,Bengaluru
CLM0033323,BEN_03153,HSR Layout,2018-04-24,17,0,0,0,0,0,0,0,0,0,0.0,0.07651,0,0.0,0,353,2,5,0.794,0.0595,GREEN,47,Bengaluru
CLM0033324,BEN_06292,Marathahalli,2021-10-24,21,0,0,0,0,0,0,0,1,0,0.0,0.027171,0,0.0,0,222,1,0,0.6813,0.1423,GREEN,41,Bengaluru
CLM0033325,BEN_00304,HSR Layout,2022-08-12,20,0,0,0,0,0,1,0,0,0,0.0,0.235765,0,0.0,0,73,4,3,0.1145,0.1436,GREEN,43,Bengaluru
CLM0033326,BEN_04602,Jayanagar,2023-06-19,13,0,0,0,0,0,0,0,0,1,0.0,0.339774,0,0.0,0,91,4,3,0.8364,0.1259,GREEN,18,Bengaluru
CLM0033327,BEN_07727,Koramangala,2023-05-28,12,0,0,0,0,0,0,0,0,0,0.0,0.224285,0,0.0,0,321,4,0,0.1779,0.0072,GREEN,53,Bengaluru
CLM0033328,BEN_03718,Whitefield,2024-05-30,14,0,0,0,0,0,0,0,0,0,1.0,1.0,0,1.0,0,63,2,3,0.4,0.0091,GREEN,56,Bengaluru
CLM0033329,BEN_00144,Jayanagar,2025-09-06,14,0,1,1,1,1,1,1,1,1,0.0,0.960019,0,0.0,1,21,0,18,0.1854,0.9064,RED,41,Bengaluru
CLM0033330,BEN_08656,Whitefield,2017-07-25,18,0,1,1,0,0,1,1,1,0,0.0,0.0,0,0.0,1,5,2,18,0.9379,0.5198,YELLOW,41,Bengaluru
CLM0033331,BEN_07555,HSR Layout,2019-06-02,11,0,1,1,1,1,1,1,1,1,1.0,1.0,0,0.0,1,5,1,18,0.1574,0.7828,RED,44,Bengaluru
CLM0033332,BEN_06119,BTM Layout,2017-07-09,21,0,1,1,1,1,0,1,0,1,0.0,0.942908,0,0.0,1,5,0,18,0.8978,0.5471,YELLOW,38,Bengaluru
CLM0033333,BEN_09422,Yelahanka,2021-11-22,12,0,1,1,1,0,0,0,0,1,1.0,0.808404,0,0.0,0,22,2,18,0.3343,0.3935,YELLOW,41,Bengaluru
CLM0033334,BEN_04424,Koramangala,2022-11-24,7,0,1,1,1,0,1,0,1,1,1.0,0.122663,0,0.0,1,16,0,18,0.2013,0.7485,RED,38,Bengaluru
CLM0033335,BEN_00155,Indiranagar,2024-09-15,21,0,1,1,0,0,0,1,0,0,0.0,0.387509,0,0.0,0,5,0,2,0.0824,0.9398,RED,42,Bengaluru
CLM0033336,BEN_07230,Indiranagar,2023-08-29,12,0,0,0,0,0,0,0,0,0,0.0,0.284508,1,0.0,0,317,1,1,0.8785,0.0949,GREEN,29,Bengaluru
CLM0033337,BEN_08072,Whitefield,2023-06-19,14,0,0,0,0,0,1,1,0,0,1.0,0.052285,0,0.0,0,372,4,5,0.7229,0.2992,GREEN,47,Bengaluru
CLM0033338,BEN_03463,Koramangala,2025-11-18,19,0,0,0,0,0,0,1,0,0,0.0,0.301893,0,0.0,0,402,2,1,0.5824,0.0,GREEN,38,Bengaluru
CLM0033339,BEN_09971,BTM Layout,2024-09-06,11,0,0,0,0,0,0,0,0,1,1.0,0.099435,0,0.0,0,71,3,4,0.8822,0.1804,GREEN,36,Bengaluru
CLM0033340,BEN_08999,BTM Layout,2025-08-13,12,0,0,0,0,0,0,0,0,0,0.0,0.140082,0,0.0,0,5,1,0,0.4901,0.0248,GREEN,61,Bengaluru
CLM0033341,BEN_05059,Jayanagar,2025-08-13,9,0,0,0,0,0,0,0,0,1,0.0,0.273377,0,1.0,0,298,3,2,0.05,0.1901,GREEN,21,Bengaluru
CLM0033342,BEN_01488,HSR Layout,2024-02-11,17,0,0,0,0,1,0,0,0,0,0.0,1.0,0,0.0,0,200,3,3,0.6126,0.0405,GREEN,50,Bengaluru
CLM0033343,BEN_00274,Rajajinagar,2024-12-06,20,0,0,0,0,1,1,1,1,1,1.0,1.0,0,1.0,0,36,0,18,0.2325,0.1575,GREEN,28,Bengaluru
CLM0033344,BEN_01973,Whitefield,2025-02-07,18,0,0,0,1,0,0,0,0,0,1.0,0.216941,0,0.0,0,95,0,4,0.9456,0.1374,GREEN,51,Bengaluru
CLM0033345,BEN_02248,Indiranagar,2023-09-23,18,0,1,1,0,0,0,0,0,0,0.0,0.056873,0,0.0,0,407,0,3,0.8309,0.0402,GREEN,47,Bengaluru
CLM0033346,BEN_05786,Electronic City,2025-07-06,13,0,0,0,1,0,0,0,0,0,0.0,0.944523,0,0.0,0,232,3,0,0.9138,0.0985,GREEN,50,Bengaluru
CLM0033347,BEN_04886,BTM Layout,2023-08-05,20,0,0,0,0,0,0,0,1,0,0.0,0.282284,0,0.0,0,286,0,3,0.7539,0.1013,GREEN,39,Bengaluru
CLM0033348,BEN_05799,Jayanagar,2023-03-23,7,0,0,0,0,0,0,0,0,0,0.0,1.0,0,0.0,0,362,4,1,0.4605,0.0523,GREEN,50,Bengaluru
CLM0033349,BEN_08669,Yelahanka,2021-09-03,20,0,0,0,0,0,1,1,0,0,0.0,0.979293,0,0.0,0,294,0,1,0.7697,0.1074,GREEN,44,Bengaluru
CLM0033350,BEN_07082,Jayanagar,2024-07-25,21,0,0,0,0,0,0,0,0,0,0.0,0.238364,0,0.0,0,388,2,2,0.4028,0.034,GREEN,29,Bengaluru
CLM0033351,BEN_04032,Indiranagar,2020-07-27,9,0,0,0,0,0,1,0,0,0,0.0,0.290308,0,0.0,0,76,3,2,0.7396,0.0193,GREEN,44,Bengaluru
CLM0033352,BEN_04328,BTM Layout,2023-11-21,8,0,0,0,0,0,1,0,0,0,0.0,0.1377,0,0.0,0,150,3,5,0.6767,0.0453,GREEN,43,Bengaluru
CLM0033353,BEN_04674,Whitefield,2023-02-15,9,0,0,0,0,0,0,0,0,0,0.0,0.96476,0,0.0,0,332,4,2,0.427,0.0,GREEN,52,Bengaluru
CLM0033354,BEN_02267,Jayanagar,2022-05-12,13,0,0,0,0,0,0,1,0,0,0.0,1.0,1,0.0,0,27,2,0,0.6614,0.181,GREEN,40,Bengaluru
CLM0033355,BEN_02792,Koramangala,2023-12-05,11,0,0,0,0,0,0,0,0,0,0.0,0.169794,0,0.0,0,352,4,5,0.9449,0.0682,GREEN,38,Bengaluru
CLM0033356,BEN_02125,Yelahanka,2022-06-04,12,0,0,0,0,0,0,0,0,0,0.0,0.0,1,0.0,0,385,3,1,0.9618,0.0983,GREEN,44,Bengaluru
CLM0033357,BEN_04338,Whitefield,2024-12-27,18,0,0,0,0,0,0,0,0,1,0.0,0.101495,0,0.0,0,108,2,4,0.1725,0.1387,GREEN,44,Bengaluru
CLM0033358,BEN_03665,Marathahalli,2021-11-11,16,0,0,0,0,0,0,0,0,0,0.0,0.270823,0,0.0,0,420,0,1,0.4978,0.0,GREEN,52,Bengaluru
CLM0033359,BEN_03252,Indiranagar,2022-02-01,8,0,0,0,0,0,0,0,1,0,0.0,0.975114,0,0.0,0,370,4,4,0.958,0.1015,GREEN,55,Bengaluru
CLM0033360,BEN_06892,Electronic City,2023-07-11,9,0,0,0,0,0,0,0,0,0,0.0,0.443664,0,0.0,0,420,3,4,0.4475,0.0176,GREEN,39,Bengaluru
CLM0033361,BEN_09276,Yelahanka,2023-07-21,17,0,0,0,0,1,0,0,0,1,0.0,0.141878,1,0.0,0,407,0,3,0.4761,0.3266,YELLOW,36,Bengaluru
CLM0033362,BEN_01603,Whitefield,2023-12-11,16,1,0,0,0,0,0,0,0,0,0.0,0.120927,0,0.0,0,204,2,5,0.92,0.0098,GREEN,39,Bengaluru
CLM0033363,BEN_03936,HSR Layout,2025-03-17,20,0,0,0,0,0,0,0,0,0,0.0,1.0,0,0.0,0,260,3,1,0.7379,0.0,GREEN,41,Bengaluru
CLM0033364,BEN_09109,Yelahanka,2025-06-27,12,0,0,0,0,0,0,0,0,0,0.0,0.230415,0,0.0,0,94,1,5,0.6848,0.0,GREEN,35,Bengaluru
CLM0033365,BEN_02570,Whitefield,2023-10-03,17,0,0,0,0,0,1,0,0,0,0.0,0.177931,0,0.0,0,59,4,0,0.6218,0.0603,GREEN,35,Bengaluru
CLM0033366,BEN_04068,Koramangala,2021-02-02,13,0,1,1,0,0,1,0,1,0,0.0,0.107143,0,0.0,0,246,1,4,0.8086,0.266,GREEN,54,Bengaluru
CLM0033367,BEN_02543,Whitefield,2021-04-12,20,0,0,0,0,0,0,0,0,0,0.0,0.222508,0,0.0,0,133,1,5,0.855,0.0755,GREEN,47,Bengaluru
CLM0033368,BEN_08587,Yelahanka,2022-02-22,18,0,0,0,1,0,0,0,0,0,1.0,0.370402,0,0.0,0,5,0,1,0.298,0.1118,GREEN,31,Bengaluru
CLM0033369,BEN_03794,BTM Layout,2022-06-11,12,0,0,0,0,0,0,0,1,0,0.0,0.280859,0,0.0,0,86,0,3,0.5247,0.1285,GREEN,29,Bengaluru
CLM0033370,BEN_04300,HSR Layout,2021-07-17,12,0,0,0,0,0,0,1,0,0,0.0,0.051418,0,0.0,0,228,0,2,0.6258,0.1156,GREEN,53,Bengaluru
CLM0033371,BEN_07241,HSR Layout,2024-12-21,14,0,0,0,0,0,0,0,0,0,0.0,0.28722,0,0.0,0,420,4,0,0.7154,0.0,GREEN,56,Bengaluru
CLM0033372,BEN_08580,HSR Layout,2024-01-11,8,0,0,0,0,1,1,0,0,0,0.0,0.184012,0,1.0,0,89,0,5,0.9094,0.1827,GREEN,38,Bengaluru
CLM0033373,BEN_09599,Jayanagar,2020-07-11,16,0,0,0,0,0,0,0,0,0,0.0,0.126248,0,0.0,0,285,3,6,0.9193,0.0276,GREEN,35,Bengaluru
CLM0033374,BEN_06661,Koramangala,2019-08-16,21,0,0,0,0,0,0,0,0,0,0.0,0.222935,0,0.0,0,420,4,6,0.5463,0.0,GREEN,18,Bengaluru
CLM0033375,BEN_02861,Whitefield,2022-08-08,11,0,0,0,1,0,1,0,0,0,0.0,0.428672,0,0.0,0,312,1,2,0.508,0.3355,YELLOW,49,Bengaluru
CLM0033376,BEN_08543,Whitefield,2024-05-26,13,0,0,0,0,0,0,0,1,0,0.0,0.282832,1,0.0,0,420,2,0,0.1381,0.1696,GREEN,38,Bengaluru
CLM0033377,BEN_07996,BTM Layout,2018-08-08,18,0,0,0,0,0,0,0,1,0,0.0,0.320135,0,0.0,0,395,4,5,0.98,0.089,GREEN,21,Bengaluru
CLM0033378,BEN_03117,Electronic City,2018-01-14,10,0,0,0,0,0,0,0,0,0,0.0,0.314391,0,0.0,0,399,0,1,0.98,0.0,GREEN,31,Bengaluru
CLM0033379,BEN_03823,Electronic City,2016-09-05,21,0,0,0,0,0,0,0,0,0,0.0,0.310144,0,0.0,0,236,0,2,0.5187,0.0,GREEN,18,Bengaluru
CLM0033380,BEN_08402,Yelahanka,2018-11-05,21,0,0,0,0,0,0,0,1,0,0.0,0.104078,0,0.0,0,29,2,2,0.7231,0.1228,GREEN,42,Bengaluru
CLM0033381,BEN_01183,Yelahanka,2025-05-12,10,0,1,1,1,0,0,0,0,1,0.0,0.074816,0,0.0,0,420,1,3,0.7001,0.2475,GREEN,44,Bengaluru
CLM0033382,BEN_00743,HSR Layout,2019-04-14,20,0,0,0,0,0,0,0,0,0,1.0,0.184173,0,0.0,0,420,0,1,0.6317,0.0,GREEN,32,Bengaluru
CLM0033383,BEN_05348,Rajajinagar,2022-08-24,18,0,0,0,0,0,1,0,1,0,0.0,0.330001,0,0.0,1,133,0,0,0.7155,0.2607,GREEN,63,Bengaluru
CLM0033384,BEN_04979,Koramangala,2024-07-29,18,0,0,0,0,0,0,0,0,0,0.0,0.13614,0,0.0,0,282,2,0,0.9257,0.0,GREEN,58,Bengaluru
CLM0033385,BEN_09967,HSR Layout,2025-10-30,8,0,0,0,0,0,0,0,0,0,1.0,0.925369,0,1.0,0,337,2,0,0.8356,0.0,GREEN,54,Bengaluru
CLM0033386,BEN_06371,Jayanagar,2025-04-27,10,0,0,0,0,0,0,0,0,0,0.0,0.19075,0,0.0,0,351,4,3,0.6356,0.0,GREEN,36,Bengaluru
CLM0033387,BEN_00541,Marathahalli,2019-09-16,21,0,0,0,0,0,0,0,0,0,0.0,0.321162,0,0.0,0,201,4,4,0.2257,0.0033,GREEN,58,Bengaluru
CLM0033388,BEN_02359,Marathahalli,2022-08-18,18,0,0,0,0,0,0,1,0,1,1.0,0.975866,1,1.0,1,5,2,18,0.1154,0.076,GREEN,48,Bengaluru
CLM0033389,BEN_07701,Jayanagar,2022-05-19,12,0,0,0,0,0,0,0,0,0,0.0,0.0824,0,1.0,0,420,0,0,0.851,0.0,GREEN,64,Bengaluru
CLM0033390,BEN_00067,Marathahalli,2019-08-07,11,0,0,0,0,0,0,0,0,0,0.0,0.078792,1,0.0,0,191,2,0,0.57,0.0249,GREEN,42,Bengaluru
CLM0033391,BEN_06022,Koramangala,2025-06-23,7,0,0,0,0,0,0,0,0,0,0.0,0.366719,0,0.0,0,383,1,2,0.7012,0.0,GREEN,46,Bengaluru
CLM0033392,BEN_08505,BTM Layout,2024-11-27,7,0,0,0,0,0,0,0,0,0,0.0,0.005898,0,0.0,0,420,0,2,0.8261,0.0,GREEN,47,Bengaluru
CLM0033393,BEN_07833,Whitefield,2020-06-16,11,0,0,0,0,1,0,0,1,0,0.0,0.270219,0,0.0,0,292,0,5,0.8676,0.2294,GREEN,44,Bengaluru
CLM0033394,BEN_00358,Whitefield,2018-11-16,16,0,0,0,0,0,0,0,0,0,0.0,0.058829,0,0.0,0,409,2,1,0.1908,0.0354,GREEN,35,Bengaluru
CLM0033395,BEN_09190,Yelahanka,2023-04-28,8,0,0,0,0,0,1,0,0,0,0.0,0.331722,0,0.0,0,136,0,4,0.98,0.1904,GREEN,41,Bengaluru
CLM0033396,BEN_05498,Koramangala,2022-09-15,20,0,0,0,0,0,0,0,0,1,1.0,0.112493,0,0.0,0,178,1,0,0.7517,0.2095,GREEN,38,Bengaluru
CLM0033397,BEN_07120,Koramangala,2025-03-24,11,0,0,0,0,0,0,0,0,0,0.0,0.270149,0,0.0,0,23,4,0,0.8574,0.0,GREEN,55,Bengaluru
CLM0033398,BEN_06975,Koramangala,2019-07-14,21,0,0,0,0,0,0,0,0,1,0.0,0.094806,0,0.0,0,48,0,1,0.597,0.2487,GREEN,43,Bengaluru
CLM0033399,BEN_07856,Whitefield,2019-03-22,11,0,0,0,0,0,0,0,0,0,1.0,0.023424,0,1.0,0,414,0,0,0.8096,0.0926,GREEN,33,Bengaluru
CLM0033400,BEN_09836,Indiranagar,2022-01-20,10,0,0,0,0,0,0,0,0,1,0.0,0.207151,0,0.0,0,382,3,0,0.1144,0.0397,GREEN,43,Bengaluru
CLM0033401,BEN_08880,HSR Layout,2024-07-28,8,0,0,0,0,0,0,0,0,0,0.0,0.293566,0,0.0,0,420,1,1,0.4783,0.0454,GREEN,53,Bengaluru
CLM0033402,BEN_02315,HSR Layout,2020-02-20,9,0,0,0,0,0,1,0,0,0,0.0,0.281186,0,0.0,0,68,0,2,0.5273,0.1395,GREEN,48,Bengaluru
CLM0033403,BEN_00728,Indiranagar,2022-08-16,9,0,0,0,0,0,0,0,0,0,0.0,0.175777,0,0.0,0,224,0,2,0.7175,0.0,GREEN,41,Bengaluru
CLM0033404,BEN_04711,BTM Layout,2021-02-08,17,0,0,0,0,0,0,1,0,0,0.0,0.071123,0,0.0,0,355,4,5,0.6296,0.0126,GREEN,53,Bengaluru
CLM0033405,BEN_00674,Whitefield,2021-06-12,16,0,0,0,0,0,0,0,0,0,0.0,0.462741,0,0.0,0,248,0,6,0.98,0.0,GREEN,60,Bengaluru
CLM0033406,BEN_07688,HSR Layout,2017-08-09,17,0,0,0,0,0,0,0,0,0,0.0,0.224682,0,0.0,0,237,3,5,0.8621,0.0,GREEN,48,Bengaluru
CLM0033407,BEN_03345,Koramangala,2021-09-01,17,0,0,0,0,0,0,0,0,0,0.0,0.2683,0,0.0,0,285,3,3,0.6288,0.0168,GREEN,43,Bengaluru
CLM0033408,BEN_06067,Koramangala,2021-02-10,9,0,0,0,0,0,0,0,0,0,0.0,0.128394,0,1.0,0,297,4,1,0.7711,0.0037,GREEN,52,Bengaluru
CLM0033409,BEN_09732,Yelahanka,2017-07-18,8,0,0,0,0,0,0,0,1,0,0.0,0.173587,0,0.0,0,420,4,0,0.7444,0.0156,GREEN,39,Bengaluru
CLM0033410,BEN_09601,Whitefield,2024-02-20,11,0,0,0,0,1,0,0,0,0,0.0,0.37862,0,0.0,0,117,3,2,0.9378,0.0839,GREEN,52,Bengaluru
CLM0033411,BEN_09958,Indiranagar,2025-08-16,9,0,0,0,0,0,1,0,0,0,0.0,0.0,0,0.0,0,67,3,2,0.7157,0.0116,GREEN,45,Bengaluru
CLM0033412,BEN_00079,Marathahalli,2018-05-24,9,0,0,0,1,1,0,1,1,0,0.0,0.083489,1,0.0,0,32,0,18,0.8646,0.0,GREEN,39,Bengaluru
CLM0033413,BEN_00056,Indiranagar,2017-10-21,8,0,0,0,0,0,0,0,0,0,0.0,0.0,0,1.0,0,191,4,0,0.5454,0.0,GREEN,37,Bengaluru
CLM0033414,BEN_02727,Rajajinagar,2024-10-25,17,0,1,1,0,0,0,0,0,1,1.0,0.233685,0,0.0,0,144,0,5,0.7497,0.209,GREEN,47,Bengaluru
CLM0033415,BEN_06414,Whitefield,2023-11-19,20,0,0,0,0,0,0,0,0,0,1.0,0.979753,1,1.0,0,372,1,4,0.712,0.1396,GREEN,24,Bengaluru
CLM0033416,BEN_07049,BTM Layout,2023-05-30,14,0,0,0,1,0,0,0,0,0,0.0,0.051144,0,0.0,0,348,1,1,0.6383,0.1162,GREEN,50,Bengaluru
CLM0033417,BEN_03235,Koramangala,2023-02-19,7,0,0,0,1,1,1,1,0,1,1.0,0.914987,0,1.0,0,5,0,18,0.2354,0.0,GREEN,37,Bengaluru
CLM0033418,BEN_09057,Whitefield,2024-07-22,13,0,0,0,0,0,0,0,0,0,0.0,0.184366,0,0.0,0,214,1,4,0.8438,0.0,GREEN,55,Bengaluru
CLM0033419,BEN_05055,Rajajinagar,2024-04-25,18,0,0,0,0,0,0,0,0,0,0.0,0.20311,0,0.0,0,100,4,3,0.898,0.0309,GREEN,37,Bengaluru
CLM0033420,BEN_09526,Whitefield,2022-05-15,9,0,0,0,0,0,0,0,0,0,1.0,0.104257,0,0.0,0,80,0,1,0.5013,0.0948,GREEN,50,Bengaluru
CLM0033421,BEN_05115,Indiranagar,2018-02-28,7,0,0,0,0,0,0,0,0,0,0.0,0.049012,1,0.0,0,420,3,2,0.7877,0.1437,GREEN,50,Bengaluru
CLM0033422,BEN_01980,Indiranagar,2025-08-19,15,0,0,0,0,0,0,0,0,0,0.0,0.429533,0,0.0,0,420,3,0,0.65,0.0449,GREEN,25,Bengaluru
CLM0033423,BEN_06810,Yelahanka,2025-11-01,9,0,0,0,0,0,0,0,0,0,0.0,0.285012,0,0.0,0,260,4,0,0.6996,0.0,GREEN,37,Bengaluru
CLM0033424,BEN_07621,Electronic City,2022-05-24,18,0,0,0,1,0,0,0,0,0,0.0,0.102969,0,0.0,0,264,2,3,0.7863,0.1813,GREEN,33,Bengaluru
CLM0033425,BEN_04783,Indiranagar,2022-11-09,7,0,0,0,0,0,0,0,0,0,0.0,0.090912,0,0.0,0,420,0,0,0.4952,0.0558,GREEN,43,Bengaluru
CLM0033426,BEN_03953,Jayanagar,2018-05-15,17,0,0,0,0,0,0,0,0,0,1.0,0.019683,0,0.0,0,420,2,3,0.1112,0.0886,GREEN,42,Bengaluru
CLM0033427,BEN_03057,Whitefield,2020-10-24,16,0,0,0,0,0,0,0,0,0,1.0,0.039171,0,0.0,0,142,3,4,0.8517,0.0631,GREEN,45,Bengaluru
CLM0033428,BEN_01297,Whitefield,2023-07-06,8,0,0,0,0,0,0,0,1,0,0.0,0.175055,0,0.0,0,68,3,0,0.5635,0.0731,GREEN,48,Bengaluru
CLM0033429,BEN_03589,Jayanagar,2024-05-02,19,0,0,0,0,0,0,0,1,0,0.0,0.390989,0,0.0,0,312,0,3,0.7072,0.2127,GREEN,38,Bengaluru
CLM0033430,BEN_08638,Marathahalli,2024-03-15,12,0,0,0,0,0,0,0,0,0,0.0,0.330188,0,0.0,0,420,3,0,0.7277,0.0,GREEN,30,Bengaluru
CLM0033431,BEN_05747,Rajajinagar,2022-11-19,10,0,0,0,0,0,0,0,0,0,0.0,0.256642,0,0.0,0,232,2,2,0.98,0.0099,GREEN,34,Bengaluru
CLM0033432,BEN_00483,Koramangala,2024-08-12,12,0,0,0,0,0,0,0,1,0,0.0,0.057579,0,0.0,0,364,0,3,0.5071,0.1717,GREEN,57,Bengaluru
CLM0033433,BEN_08536,BTM Layout,2025-11-17,19,0,0,0,0,1,0,0,0,0,0.0,0.34035,0,0.0,0,185,2,0,0.6981,0.1031,GREEN,41,Bengaluru
CLM0033434,BEN_05178,HSR Layout,2025-02-14,11,0,0,0,0,0,0,0,0,0,0.0,0.398204,0,0.0,0,274,4,0,0.7631,0.0,GREEN,34,Bengaluru
CLM0033435,BEN_08260,BTM Layout,2023-06-21,16,0,0,0,1,0,0,0,0,0,0.0,0.0,0,0.0,0,242,2,2,0.3531,0.2562,GREEN,51,Bengaluru
CLM0033436,BEN_01390,Whitefield,2021-04-01,10,0,0,0,0,0,0,0,0,1,0.0,0.373509,0,0.0,0,59,3,0,0.8514,0.1578,GREEN,50,Bengaluru
CLM0033437,BEN_04814,HSR Layout,2021-02-17,20,0,0,0,0,0,0,0,0,0,0.0,0.086002,0,0.0,0,89,4,1,0.9374,0.0,GREEN,57,Bengaluru
CLM0033438,BEN_04044,Rajajinagar,2025-09-11,11,0,0,0,0,0,0,0,1,0,0.0,0.272228,0,0.0,0,102,3,2,0.9411,0.131,GREEN,44,Bengaluru
CLM0033439,BEN_04225,Yelahanka,2023-09-30,21,0,0,0,0,0,0,0,0,0,0.0,0.100519,0,0.0,0,302,3,1,0.8904,0.0547,GREEN,45,Bengaluru
CLM0033440,BEN_08039,Electronic City,2024-08-03,20,0,0,0,0,0,0,0,0,0,0.0,0.308912,0,0.0,0,236,3,4,0.6451,0.0,GREEN,51,Bengaluru
CLM0033441,BEN_07616,Rajajinagar,2022-12-17,9,0,0,0,0,0,0,0,0,0,0.0,0.108559,0,0.0,0,190,3,1,0.9228,0.0,GREEN,51,Bengaluru
CLM0033442,BEN_02866,HSR Layout,2022-10-29,14,0,0,0,0,0,0,1,0,0,0.0,0.135848,0,0.0,0,6,0,0,0.9194,0.1796,GREEN,48,Bengaluru
CLM0033443,BEN_09735,Jayanagar,2024-12-03,10,0,0,0,0,0,0,0,0,0,0.0,0.149145,0,0.0,0,239,3,0,0.5101,0.0568,GREEN,28,Bengaluru
CLM0033444,BEN_04504,HSR Layout,2025-07-10,17,0,0,0,0,0,0,0,0,0,0.0,0.235278,0,0.0,0,420,2,4,0.6834,0.0272,GREEN,38,Bengaluru
CLM0033445,BEN_09769,Rajajinagar,2025-02-27,16,0,0,0,0,0,0,0,0,0,0.0,0.374291,0,0.0,0,420,3,1,0.7883,0.0,GREEN,40,Bengaluru
CLM0033446,BEN_01104,Whitefield,2023-06-11,8,0,0,0,0,0,0,0,0,0,0.0,0.030971,0,0.0,0,420,3,4,0.7504,0.0158,GREEN,35,Bengaluru
CLM0033447,BEN_04944,HSR Layout,2022-12-28,8,0,0,0,0,0,0,0,0,0,0.0,0.35311,1,0.0,0,282,0,3,0.6989,0.0145,GREEN,36,Bengaluru
CLM0033448,BEN_01101,HSR Layout,2022-06-24,17,0,0,0,0,0,0,0,0,0,0.0,0.148653,0,0.0,0,388,0,4,0.2304,0.0,GREEN,44,Bengaluru
CLM0033449,BEN_01738,Indiranagar,2024-11-23,13,0,0,0,0,0,0,0,0,0,0.0,0.299266,0,0.0,0,37,2,3,0.6108,0.0,GREEN,39,Bengaluru
CLM0033450,BEN_06806,Marathahalli,2023-09-23,7,0,0,0,0,0,0,0,0,0,0.0,0.045311,0,0.0,0,96,4,0,0.98,0.0157,GREEN,46,Bengaluru
CLM0033451,BEN_05334,Koramangala,2021-10-08,9,0,0,0,0,0,0,0,0,0,0.0,0.93531,0,0.0,0,420,4,1,0.7773,0.052,GREEN,47,Bengaluru
CLM0033452,BEN_03255,Rajajinagar,2025-05-20,11,0,0,0,0,0,0,0,0,0,0.0,0.104258,0,0.0,0,111,4,1,0.7153,0.0797,GREEN,47,Bengaluru
CLM0033453,BEN_02333,Rajajinagar,2025-03-22,13,0,0,0,0,0,0,0,0,0,1.0,0.369994,0,0.0,0,342,1,0,0.541,0.0761,GREEN,45,Bengaluru
CLM0033454,BEN_06958,Rajajinagar,2025-02-01,18,0,0,0,0,1,0,0,0,0,0.0,0.32434,0,0.0,0,173,3,1,0.6781,0.1741,GREEN,34,Bengaluru
CLM0033455,BEN_07085,Electronic City,2025-07-05,20,0,0,0,0,0,0,0,0,0,0.0,0.0,0,0.0,0,109,1,1,0.5546,0.0,GREEN,37,Bengaluru
CLM0033456,BEN_04406,Rajajinagar,2025-03-25,7,0,1,1,1,1,0,1,1,1,1.0,1.0,0,1.0,0,5,1,12,0.8209,0.085,GREEN,35,Bengaluru
CLM0033457,BEN_09230,Whitefield,2025-05-28,17,0,1,1,0,0,0,0,0,1,0.0,0.053425,0,0.0,0,61,0,3,0.8205,0.1598,GREEN,26,Bengaluru
CLM0033458,BEN_08309,Yelahanka,2025-10-21,8,0,0,0,0,0,0,0,0,0,0.0,0.0534,0,0.0,0,272,4,4,0.9541,0.0562,GREEN,36,Bengaluru
CLM0033459,BEN_05082,Electronic City,2019-08-03,10,0,0,0,0,0,0,0,0,0,1.0,0.120979,0,0.0,0,311,4,2,0.05,0.0,GREEN,33,Bengaluru
CLM0033460,BEN_04002,Rajajinagar,2022-03-22,14,0,1,1,0,0,0,0,0,0,0.0,0.32689,0,0.0,0,305,0,2,0.8807,0.0798,GREEN,41,Bengaluru
CLM0033461,BEN_09460,BTM Layout,2025-12-27,12,0,0,0,1,0,0,0,0,0,0.0,0.541517,0,0.0,0,158,0,2,0.98,0.1045,GREEN,37,Bengaluru
CLM0033462,BEN_09445,Indiranagar,2023-01-06,12,0,0,0,0,0,0,1,1,0,0.0,0.388227,0,0.0,0,124,4,0,0.6286,0.13,GREEN,33,Bengaluru
CLM0033463,BEN_05547,Rajajinagar,2018-10-14,18,0,0,0,0,0,0,0,0,1,1.0,0.0,0,0.0,0,159,0,4,0.7004,0.1878,GREEN,61,Bengaluru
CLM0033464,BEN_03980,Whitefield,2019-07-23,20,0,0,0,0,0,0,0,0,0,0.0,0.042245,0,0.0,0,24,3,1,0.2174,0.0006,GREEN,42,Bengaluru
CLM0033465,BEN_02095,Koramangala,2023-03-18,15,0,0,0,0,0,0,0,0,0,0.0,0.368768,0,0.0,0,157,4,1,0.3534,0.0,GREEN,48,Bengaluru
CLM0033466,BEN_06251,Electronic City,2018-02-27,10,0,0,0,0,0,0,0,0,0,0.0,0.078996,0,0.0,0,296,1,3,0.5831,0.1408,GREEN,54,Bengaluru
CLM0033467,BEN_03481,Marathahalli,2023-04-23,13,0,0,0,0,0,0,0,0,0,0.0,0.294219,0,0.0,0,420,0,4,0.5675,0.0454,GREEN,41,Bengaluru
CLM0033468,BEN_06225,HSR Layout,2016-11-07,11,0,0,0,0,0,1,0,0,0,0.0,0.357579,0,0.0,0,167,2,7,0.6001,0.0,GREEN,34,Bengaluru
CLM0033469,BEN_01965,Indiranagar,2018-05-07,10,0,0,0,0,0,0,0,0,0,0.0,0.154199,0,0.0,0,305,3,0,0.6574,0.0202,GREEN,38,Bengaluru
CLM0033470,BEN_08277,Marathahalli,2017-03-19,21,0,0,0,0,0,0,0,0,0,0.0,0.195281,1,0.0,0,335,0,5,0.5861,0.0651,GREEN,48,Bengaluru
CLM0033471,BEN_06217,Jayanagar,2018-03-02,15,0,0,0,0,0,1,0,0,0,0.0,0.361154,0,0.0,0,215,3,0,0.6817,0.0804,GREEN,25,Bengaluru
CLM0033472,BEN_09154,Rajajinagar,2020-09-15,14,0,0,0,0,0,0,0,0,0,0.0,0.137484,0,0.0,0,420,0,3,0.8187,0.0042,GREEN,31,Bengaluru
CLM0033473,BEN_00167,Rajajinagar,2023-11-24,13,0,0,0,0,0,0,0,0,0,0.0,0.26468,0,0.0,0,242,1,8,0.6997,0.0,GREEN,32,Bengaluru
CLM0033474,BEN_06984,Yelahanka,2016-07-03,21,0,0,0,0,0,0,0,0,0,0.0,0.372556,0,0.0,0,171,1,0,0.8363,0.0322,GREEN,45,Bengaluru
CLM0033475,BEN_09785,Indiranagar,2017-09-14,21,0,0,0,0,0,0,0,0,0,0.0,0.240722,0,0.0,0,136,4,3,0.7246,0.0182,GREEN,42,Bengaluru
CLM0033476,BEN_09580,Marathahalli,2017-03-17,20,0,0,0,1,0,0,0,0,0,0.0,0.381052,0,0.0,0,285,1,4,0.5981,0.2428,GREEN,43,Bengaluru
CLM0033477,BEN_05068,BTM Layout,2020-07-14,20,0,1,1,0,0,0,0,0,0,0.0,0.285127,0,0.0,0,395,0,4,0.1506,0.014,GREEN,28,Bengaluru
CLM0033478,BEN_06373,Jayanagar,2021-10-11,9,0,0,0,1,0,0,0,0,0,0.0,0.306857,0,0.0,0,318,2,2,0.075,0.0823,GREEN,50,Bengaluru
CLM0033479,BEN_09855,Koramangala,2017-03-04,18,0,0,0,0,0,0,0,0,0,0.0,0.33966,0,0.0,0,420,2,3,0.7882,0.0696,GREEN,42,Bengaluru
CLM0033480,BEN_00503,Electronic City,2021-02-18,14,0,0,0,1,1,0,1,1,1,1.0,0.991256,1,1.0,0,5,0,18,0.3078,0.2517,GREEN,37,Bengaluru
CLM0033481,BEN_07667,Rajajinagar,2023-06-11,13,0,0,0,0,0,0,0,0,0,0.0,0.165588,0,0.0,0,249,0,5,0.6121,0.1259,GREEN,51,Bengaluru
CLM0033482,BEN_09053,Electronic City,2025-06-27,12,0,0,0,0,0,0,0,0,0,0.0,0.934971,0,0.0,0,420,0,1,0.4251,0.0,GREEN,43,Bengaluru
CLM0033483,BEN_07048,BTM Layout,2024-06-15,14,0,0,0,0,0,0,0,0,0,0.0,0.451329,0,0.0,0,166,2,3,0.98,0.0,GREEN,53,Bengaluru
CLM0033484,BEN_00902,Yelahanka,2022-08-30,16,0,0,0,0,0,0,0,0,0,0.0,0.419667,0,0.0,0,285,4,2,0.814,0.0,GREEN,34,Bengaluru
CLM0033485,BEN_03899,Electronic City,2019-12-24,13,0,0,0,0,0,0,0,0,0,0.0,0.196988,1,0.0,0,420,1,0,0.2468,0.1001,GREEN,46,Bengaluru
CLM0033486,BEN_04656,Koramangala,2022-06-04,8,0,0,0,0,0,0,0,0,0,0.0,0.340396,0,0.0,0,281,4,2,0.5389,0.0,GREEN,48,Bengaluru
CLM0033487,BEN_00640,Koramangala,2024-08-28,20,0,0,0,0,0,0,0,0,0,0.0,0.077376,0,0.0,0,413,2,0,0.05,0.0536,GREEN,37,Bengaluru
CLM0033488,BEN_04271,HSR Layout,2022-05-08,18,0,0,0,0,1,0,0,0,0,1.0,0.38284,0,0.0,0,385,1,3,0.861,0.1398,GREEN,49,Bengaluru
CLM0033489,BEN_04527,BTM Layout,2021-03-18,19,0,0,0,0,0,0,0,0,0,0.0,0.232025,0,0.0,0,24,3,4,0.6819,0.0282,GREEN,40,Bengaluru
CLM0033490,BEN_09405,Yelahanka,2025-10-13,10,0,0,0,0,0,0,0,0,0,0.0,0.968534,0,0.0,0,56,2,1,0.5957,0.0,GREEN,47,Bengaluru
CLM0033491,BEN_07985,Indiranagar,2025-07-31,14,0,1,1,0,0,0,0,0,0,0.0,0.456949,0,0.0,0,420,4,1,0.05,0.0276,GREEN,37,Bengaluru
CLM0033492,BEN_04226,HSR Layout,2021-10-07,17,0,0,0,0,0,0,0,0,0,0.0,0.27412,0,0.0,0,262,4,2,0.9104,0.0,GREEN,27,Bengaluru
CLM0033493,BEN_04145,Marathahalli,2023-07-05,13,0,0,0,0,0,0,0,0,0,0.0,0.310954,0,0.0,0,84,3,0,0.6026,0.0187,GREEN,62,Bengaluru
CLM0033494,BEN_02726,Whitefield,2021-08-09,16,0,0,0,0,0,0,0,0,0,0.0,0.112493,0,0.0,0,360,1,1,0.583,0.0,GREEN,54,Bengaluru
CLM0033495,BEN_00956,Jayanagar,2022-08-04,10,0,0,0,0,0,1,0,0,0,0.0,0.404753,0,0.0,0,52,1,3,0.6537,0.1005,GREEN,50,Bengaluru
CLM0033496,BEN_06135,HSR Layout,2021-04-19,7,0,0,0,0,0,0,0,1,0,0.0,0.0,0,0.0,0,415,1,1,0.7301,0.0629,GREEN,46,Bengaluru
CLM0033497,BEN_09376,Koramangala,2024-03-05,10,0,0,0,0,0,0,0,0,0,0.0,0.10856,0,0.0,0,420,4,4,0.6098,0.0266,GREEN,65,Bengaluru
CLM0033498,BEN_08685,Whitefield,2025-09-02,17,0,0,0,0,0,0,0,0,0,0.0,0.237339,0,0.0,0,232,1,3,0.8807,0.048,GREEN,51,Bengaluru
CLM0033499,BEN_01258,BTM Layout,2025-07-20,20,0,0,0,0,0,1,0,0,0,0.0,0.397624,0,0.0,0,420,4,0,0.8805,0.0496,GREEN,30,Bengaluru
CLM0033500,BEN_01887,Jayanagar,2022-09-07,8,0,0,0,0,0,0,0,0,0,0.0,0.276569,0,0.0,0,194,2,1,0.6333,0.0,GREEN,32,Bengaluru
CLM0033501,BEN_01346,Whitefield,2022-02-25,21,0,0,0,0,1,0,0,0,0,0.0,0.122785,0,0.0,0,420,1,0,0.9355,0.1483,GREEN,49,Bengaluru
CLM0033502,BEN_04475,BTM Layout,2021-02-17,14,0,0,0,0,0,1,0,0,0,0.0,0.0,0,0.0,0,91,1,2,0.549,0.0568,GREEN,42,Bengaluru
CLM0033503,BEN_02730,Whitefield,2024-10-17,10,0,0,0,0,0,0,0,0,0,0.0,0.137407,0,0.0,0,239,3,4,0.8603,0.0481,GREEN,33,Bengaluru
CLM0033504,BEN_03548,Rajajinagar,2022-04-07,15,0,0,0,0,0,0,0,0,0,0.0,1.0,0,0.0,0,400,2,7,0.6395,0.0276,GREEN,55,Bengaluru
CLM0033505,BEN_06931,Whitefield,2024-06-22,8,0,0,0,0,0,0,1,0,0,1.0,1.0,0,0.0,0,383,3,5,0.7834,0.0769,GREEN,39,Bengaluru
CLM0033506,BEN_09232,Marathahalli,2021-10-31,9,0,0,0,0,0,0,0,0,0,0.0,0.364862,0,0.0,0,310,0,1,0.7326,0.1101,GREEN,37,Bengaluru
CLM0033507,BEN_05459,Electronic City,2020-05-16,9,0,0,0,0,0,0,0,0,0,1.0,0.121276,0,0.0,0,331,2,2,0.954,0.0404,GREEN,45,Bengaluru
CLM0033508,BEN_04547,Yelahanka,2021-02-17,18,0,0,0,0,0,0,0,0,0,0.0,0.301494,0,0.0,0,48,0,3,0.5201,0.0569,GREEN,56,Bengaluru
CLM0033509,BEN_09060,Marathahalli,2022-09-25,19,0,0,0,0,0,0,0,0,0,0.0,0.153499,0,0.0,0,91,0,0,0.6216,0.0511,GREEN,53,Bengaluru
CLM0033510,BEN_05315,Whitefield,2023-06-30,11,0,0,0,0,0,0,0,0,0,0.0,0.283507,0,0.0,0,248,1,5,0.05,0.0288,GREEN,31,Bengaluru
CLM0033511,BEN_05882,Whitefield,2023-06-25,17,0,0,0,0,0,0,0,0,0,0.0,0.159556,0,0.0,0,371,1,2,0.7815,0.0292,GREEN,46,Bengaluru
CLM0033512,BEN_04582,Whitefield,2017-10-04,13,0,0,0,0,0,0,0,0,0,0.0,0.227093,0,0.0,0,420,2,6,0.586,0.0564,GREEN,58,Bengaluru
CLM0033513,BEN_01853,Yelahanka,2019-06-29,10,0,0,0,0,0,0,0,0,0,0.0,0.25247,0,0.0,0,139,3,7,0.5763,0.0701,GREEN,52,Bengaluru
CLM0033514,BEN_04413,Yelahanka,2019-05-01,17,0,0,0,0,0,0,0,0,0,0.0,0.311466,0,0.0,0,317,2,3,0.2348,0.0,GREEN,44,Bengaluru
CLM0033515,BEN_00654,Yelahanka,2020-10-15,21,0,0,0,0,0,0,0,0,0,0.0,0.055207,0,0.0,0,318,0,2,0.8722,0.0623,GREEN,53,Bengaluru
CLM0033516,BEN_05189,Jayanagar,2020-12-25,18,0,0,0,1,1,0,0,0,0,0.0,0.000177,0,0.0,0,339,4,1,0.6996,0.368,YELLOW,28,Bengaluru
CLM0033517,BEN_07469,Rajajinagar,2025-08-30,8,0,0,0,0,0,0,0,1,0,0.0,0.296073,0,0.0,0,47,1,2,0.6409,0.001,GREEN,52,Bengaluru
CLM0033518,BEN_08471,HSR Layout,2021-03-29,18,0,0,0,0,0,0,0,0,0,0.0,0.335161,0,0.0,0,174,3,5,0.98,0.0,GREEN,46,Bengaluru
CLM0033519,BEN_08568,Rajajinagar,2024-05-15,11,0,0,0,0,0,0,0,1,0,0.0,0.258997,0,0.0,0,62,3,0,0.1658,0.0469,GREEN,38,Bengaluru
CLM0033520,BEN_03519,BTM Layout,2025-10-03,13,0,0,0,0,0,0,0,0,0,0.0,0.130411,0,0.0,0,344,3,5,0.8963,0.0766,GREEN,24,Bengaluru
CLM0033521,BEN_09024,Electronic City,2022-12-08,21,0,0,0,0,0,0,0,0,0,0.0,0.281623,0,0.0,0,360,3,0,0.9176,0.0,GREEN,53,Bengaluru
CLM0033522,BEN_03558,Indiranagar,2023-07-23,14,0,0,0,0,0,0,0,0,0,0.0,0.058804,0,0.0,1,80,2,0,0.5844,0.097,GREEN,53,Bengaluru
CLM0033523,BEN_04510,Rajajinagar,2021-01-18,18,0,0,0,0,0,0,0,1,0,0.0,0.171493,0,0.0,0,264,4,0,0.6845,0.1651,GREEN,46,Bengaluru
CLM0033524,BEN_05855,HSR Layout,2025-05-10,10,0,0,0,0,0,0,0,0,0,0.0,0.003365,0,0.0,0,13,1,0,0.399,0.0613,GREEN,54,Bengaluru
CLM0033525,BEN_02201,BTM Layout,2021-08-18,19,0,0,0,0,0,0,1,0,0,0.0,0.199744,0,0.0,0,392,2,5,0.8793,0.0582,GREEN,41,Bengaluru
CLM0033526,BEN_03781,Electronic City,2020-11-22,11,0,0,0,0,0,0,1,0,0,0.0,0.054144,0,0.0,0,277,0,0,0.9789,0.2245,GREEN,45,Bengaluru
CLM0033527,BEN_09418,BTM Layout,2022-10-28,8,0,0,0,0,0,1,0,0,0,0.0,0.055718,0,0.0,0,17,1,3,0.6284,0.0727,GREEN,25,Bengaluru
CLM0033528,BEN_04058,HSR Layout,2020-02-15,7,0,0,0,0,0,0,0,0,0,0.0,0.0,0,0.0,0,266,2,3,0.5261,0.0,GREEN,39,Bengaluru
CLM0033529,BEN_06869,Rajajinagar,2020-05-30,16,0,0,0,0,0,0,0,0,0,1.0,0.271438,0,0.0,0,308,3,0,0.6265,0.0734,GREEN,45,Bengaluru
CLM0033530,BEN_06296,Whitefield,2022-09-07,16,0,0,0,0,1,0,0,0,0,0.0,0.049371,0,0.0,0,420,4,4,0.3913,0.1314,GREEN,36,Bengaluru
CLM0033531,BEN_08922,Yelahanka,2025-12-27,16,0,0,0,0,0,0,0,0,0,0.0,0.043338,0,0.0,0,420,1,1,0.3588,0.0,GREEN,30,Bengaluru
CLM0033532,BEN_02174,Whitefield,2024-06-11,20,0,0,0,0,0,0,0,1,0,0.0,0.256147,0,0.0,0,420,3,3,0.98,0.09,GREEN,54,Bengaluru
CLM0033533,BEN_06507,Yelahanka,2025-11-02,21,0,0,0,0,0,0,0,0,0,0.0,0.275033,0,0.0,0,325,1,1,0.6971,0.0,GREEN,59,Bengaluru
CLM0033534,BEN_01472,Jayanagar,2024-10-29,19,0,0,0,0,0,0,0,0,0,0.0,0.356316,0,0.0,0,51,1,6,0.5669,0.0145,GREEN,27,Bengaluru
CLM0033535,BEN_09066,Yelahanka,2024-09-10,9,0,0,0,0,0,0,0,0,1,0.0,0.158964,0,0.0,0,104,3,0,0.0516,0.0947,GREEN,50,Bengaluru
CLM0033536,BEN_05792,HSR Layout,2024-06-02,16,0,0,0,0,1,0,0,0,0,1.0,0.279015,0,0.0,0,402,3,3,0.8889,0.1548,GREEN,49,Bengaluru
CLM0033537,BEN_05241,BTM Layout,2024-03-30,21,0,0,0,0,0,1,0,0,0,0.0,0.41065,0,0.0,0,420,2,7,0.5294,0.0631,GREEN,36,Bengaluru
CLM0033538,BEN_08347,BTM Layout,2025-04-20,13,0,0,0,0,0,1,0,0,1,0.0,0.310495,0,0.0,0,160,1,3,0.9043,0.3214,YELLOW,42,Bengaluru
CLM0033539,BEN_00109,Yelahanka,2024-07-30,7,0,0,0,0,0,0,0,0,0,0.0,0.16769,0,0.0,0,420,0,1,0.98,0.0053,GREEN,47,Bengaluru
CLM0033540,BEN_04766,HSR Layout,2024-12-08,21,0,0,0,0,0,0,1,0,0,0.0,0.0,0,0.0,0,250,3,2,0.8951,0.1325,GREEN,61,Bengaluru
CLM0033541,BEN_08263,HSR Layout,2022-09-06,13,0,0,0,0,0,0,0,0,0,0.0,0.0,0,0.0,0,420,4,2,0.5964,0.0,GREEN,30,Bengaluru
CLM0033542,BEN_09247,Koramangala,2020-02-14,9,0,0,0,0,0,0,0,0,0,0.0,0.123493,0,0.0,0,89,1,3,0.7901,0.0,GREEN,52,Bengaluru
CLM0033543,BEN_09605,Jayanagar,2025-01-01,9,0,0,0,0,0,0,0,0,0,1.0,0.065577,0,0.0,0,18,1,6,0.6844,0.0242,GREEN,40,Bengaluru
CLM0033544,BEN_00020,Rajajinagar,2025-04-01,17,0,0,0,0,0,0,0,0,0,0.0,0.287665,0,0.0,1,176,4,2,0.8644,0.0058,GREEN,60,Bengaluru
CLM0033545,BEN_06694,Electronic City,2019-09-10,11,0,0,0,0,0,0,0,0,0,1.0,0.055533,0,0.0,0,230,4,3,0.98,0.0923,GREEN,48,Bengaluru
CLM0033546,BEN_01772,Marathahalli,2024-10-27,12,0,0,0,0,1,0,0,0,0,0.0,0.221735,0,0.0,0,420,3,4,0.7488,0.0304,GREEN,43,Bengaluru
CLM0033547,BEN_08435,Whitefield,2024-07-21,12,0,0,0,0,0,0,0,0,0,0.0,0.426899,0,0.0,0,198,3,0,0.6733,0.0116,GREEN,43,Bengaluru
CLM0033548,BEN_01655,Koramangala,2024-07-28,16,0,0,0,0,0,0,0,0,0,0.0,0.327639,0,0.0,0,420,2,2,0.92,0.0,GREEN,38,Bengaluru
CLM0033549,BEN_03978,HSR Layout,2024-09-15,9,0,0,0,1,0,0,0,0,0,0.0,0.090398,0,0.0,0,381,1,5,0.7931,0.171,GREEN,43,Bengaluru
CLM0033550,BEN_05107,Koramangala,2024-12-08,21,0,0,0,0,0,0,0,0,0,1.0,1.0,0,1.0,1,128,2,3,0.9491,0.0555,GREEN,58,Bengaluru
CLM0033551,BEN_05058,Koramangala,2023-12-29,10,0,0,0,0,0,0,0,0,0,0.0,0.199379,0,0.0,0,184,3,1,0.2643,0.0,GREEN,61,Bengaluru
CLM0033552,BEN_09435,BTM Layout,2025-03-22,13,0,0,0,0,0,0,0,0,1,0.0,0.0,0,1.0,0,119,3,0,0.8099,0.0995,GREEN,61,Bengaluru
CLM0033553,BEN_08905,Electronic City,2024-04-14,7,0,0,0,0,0,0,0,0,0,0.0,0.217221,0,0.0,0,348,3,6,0.6653,0.11,GREEN,28,Bengaluru
CLM0033554,BEN_01708,BTM Layout,2021-10-23,16,0,0,0,0,0,0,0,1,0,0.0,0.162203,0,0.0,0,89,2,6,0.8605,0.0739,GREEN,41,Bengaluru
CLM0033555,BEN_01380,Marathahalli,2020-12-18,18,0,1,1,0,0,0,0,1,0,0.0,0.973655,0,0.0,0,373,2,6,0.8147,0.0547,GREEN,57,Bengaluru
CLM0033556,BEN_09271,Yelahanka,2019-07-25,20,0,0,0,0,0,0,0,0,0,0.0,0.36052,0,0.0,0,120,4,4,0.7008,0.0,GREEN,49,Bengaluru
CLM0033557,BEN_03726,Yelahanka,2021-09-26,18,0,0,0,0,0,0,0,0,0,0.0,0.398421,0,0.0,0,198,3,0,0.7637,0.0094,GREEN,41,Bengaluru
CLM0033558,BEN_02563,HSR Layout,2023-05-09,17,0,0,0,0,0,0,0,0,0,0.0,0.0,0,0.0,0,225,3,6,0.6339,0.0307,GREEN,44,Bengaluru
CLM0033559,BEN_02317,Yelahanka,2020-07-06,15,0,0,0,0,0,0,0,0,0,0.0,0.279382,0,0.0,0,246,0,0,0.98,0.0,GREEN,42,Bengaluru
CLM0033560,BEN_05383,HSR Layout,2025-02-21,20,0,0,0,0,0,0,0,0,0,0.0,0.013805,0,0.0,0,321,4,4,0.7348,0.0359,GREEN,62,Bengaluru
CLM0033561,BEN_07561,Jayanagar,2025-03-18,19,0,0,0,0,0,0,1,0,0,0.0,0.39939,0,0.0,0,411,1,3,0.2636,0.0755,GREEN,47,Bengaluru
CLM0033562,BEN_09323,Jayanagar,2024-09-16,16,0,0,0,0,0,0,0,0,0,0.0,0.0336,0,0.0,0,364,4,2,0.05,0.0381,GREEN,31,Bengaluru
CLM0033563,BEN_06736,Jayanagar,2025-09-30,13,0,0,0,0,0,0,0,0,0,0.0,0.303895,0,0.0,0,325,4,4,0.98,0.0133,GREEN,57,Bengaluru
CLM0033564,BEN_08187,BTM Layout,2025-06-13,10,0,0,0,0,0,0,0,1,0,0.0,0.323904,0,0.0,0,5,4,3,0.2278,0.2001,GREEN,44,Bengaluru
CLM0033565,BEN_01474,Marathahalli,2025-11-08,19,0,1,1,0,0,0,0,1,0,0.0,0.388201,0,0.0,0,47,0,6,0.6431,0.0649,GREEN,39,Bengaluru
CLM0033566,BEN_07063,Yelahanka,2025-02-21,15,0,1,1,0,0,0,0,0,0,0.0,0.001326,1,0.0,0,78,4,0,0.6299,0.0,GREEN,32,Bengaluru
CLM0033567,BEN_09943,Whitefield,2025-04-24,18,0,0,0,0,0,0,0,0,0,0.0,0.279509,0,0.0,0,225,1,0,0.98,0.0,GREEN,35,Bengaluru
CLM0033568,BEN_00113,Indiranagar,2025-12-18,8,0,0,0,0,0,0,0,0,0,0.0,0.961995,0,0.0,0,42,0,5,0.5758,0.0089,GREEN,41,Bengaluru
CLM0033569,BEN_03964,BTM Layout,2021-11-09,10,0,0,0,0,0,0,0,0,0,0.0,0.302719,0,0.0,0,420,4,1,0.4765,0.0,GREEN,61,Bengaluru
CLM0033570,BEN_07622,Koramangala,2023-09-04,19,0,0,0,0,0,0,0,0,0,0.0,0.293675,0,0.0,1,364,1,1,0.9273,0.0415,GREEN,61,Bengaluru
CLM0033571,BEN_01471,Yelahanka,2020-04-10,9,0,0,0,0,0,0,0,0,0,0.0,0.242628,0,0.0,0,365,4,1,0.8337,0.0355,GREEN,45,Bengaluru
CLM0033572,BEN_02473,Yelahanka,2022-10-27,8,0,0,0,0,0,0,0,0,0,0.0,0.342011,0,0.0,0,391,4,0,0.8957,0.0,GREEN,46,Bengaluru
CLM0033573,BEN_02191,Marathahalli,2022-12-13,9,1,0,0,0,0,0,0,0,0,1.0,0.160992,0,0.0,0,227,4,1,0.98,0.048,GREEN,37,Bengaluru
CLM0033574,BEN_05326,Indiranagar,2021-06-08,16,0,0,0,0,0,0,0,1,0,0.0,0.077872,0,0.0,0,79,1,1,0.1765,0.0321,GREEN,62,Bengaluru
CLM0033575,BEN_08958,Yelahanka,2021-07-26,17,0,0,0,0,0,0,0,1,0,0.0,1.0,0,0.0,0,325,0,2,0.7288,0.1656,GREEN,23,Bengaluru
CLM0033576,BEN_08665,Indiranagar,2024-12-28,8,0,0,0,0,0,0,0,0,0,0.0,0.253183,0,0.0,0,289,0,0,0.3752,0.0477,GREEN,36,Bengaluru
CLM0033577,BEN_04766,HSR Layout,2020-09-05,21,0,0,0,0,0,0,0,0,0,1.0,0.496379,0,0.0,0,119,3,3,0.9403,0.158,GREEN,61,Bengaluru
CLM0033578,BEN_06363,HSR Layout,2021-01-19,7,0,0,0,0,0,0,0,0,0,0.0,0.167298,0,0.0,0,297,2,2,0.9481,0.0,GREEN,51,Bengaluru
CLM0033579,BEN_06257,HSR Layout,2023-10-30,12,0,0,0,0,0,0,0,0,1,0.0,0.06173,0,0.0,0,420,4,5,0.9109,0.1081,GREEN,56,Bengaluru
CLM0033580,BEN_06972,Marathahalli,2025-08-26,20,0,0,0,0,0,0,0,0,0,0.0,0.107815,0,0.0,0,248,3,1,0.7455,0.0857,GREEN,45,Bengaluru
CLM0033581,BEN_00687,HSR Layout,2023-04-27,19,0,0,0,0,0,0,0,0,0,0.0,0.079064,0,0.0,0,258,2,3,0.98,0.0967,GREEN,41,Bengaluru
CLM0033582,BEN_02089,Marathahalli,2023-10-12,18,0,0,0,0,0,0,0,0,0,0.0,0.44224,0,0.0,0,323,2,5,0.9321,0.0186,GREEN,34,Bengaluru
CLM0033583,BEN_03485,HSR Layout,2024-12-17,12,0,0,0,0,0,0,0,0,0,0.0,0.244498,0,0.0,0,420,3,3,0.6894,0.0339,GREEN,38,Bengaluru
CLM0033584,BEN_01113,Electronic City,2021-02-28,9,0,0,0,0,0,0,1,1,0,0.0,0.032313,0,0.0,0,420,1,6,0.6395,0.2102,GREEN,52,Bengaluru
CLM0033585,BEN_03061,Marathahalli,2023-09-25,20,0,0,0,0,0,0,0,0,1,0.0,0.88517,0,0.0,0,5,2,4,0.8418,0.0785,GREEN,45,Bengaluru
CLM0033586,BEN_00865,Marathahalli,2022-09-26,15,0,0,0,0,0,0,0,0,0,0.0,0.0,0,0.0,0,283,1,1,0.8791,0.0136,GREEN,54,Bengaluru
CLM0033587,BEN_05898,Whitefield,2022-08-22,16,0,1,1,0,0,1,0,0,0,0.0,0.945234,0,0.0,0,413,1,1,0.7532,0.1241,GREEN,39,Bengaluru
CLM0033588,BEN_08018,Jayanagar,2023-08-26,15,0,0,0,0,0,0,1,0,0,0.0,0.191856,1,0.0,0,102,4,3,0.0803,0.1454,GREEN,39,Bengaluru
CLM0033589,BEN_03842,Rajajinagar,2024-03-08,16,0,0,0,0,0,0,0,1,0,0.0,0.058401,0,0.0,0,8,2,4,0.457,0.0993,GREEN,50,Bengaluru
CLM0033590,BEN_07530,Marathahalli,2022-04-15,12,0,0,0,0,1,1,0,0,0,1.0,0.110988,0,0.0,0,373,3,1,0.9036,0.2871,GREEN,38,Bengaluru
CLM0033591,BEN_04947,Electronic City,2025-12-07,12,0,0,0,0,0,0,0,0,0,0.0,0.214339,1,0.0,0,171,3,0,0.1237,0.1063,GREEN,48,Bengaluru
CLM0033592,BEN_02872,Yelahanka,2025-08-16,21,0,0,0,0,0,0,0,0,0,0.0,0.313892,0,0.0,0,217,3,4,0.3122,0.0,GREEN,58,Bengaluru
CLM0033593,BEN_03397,Electronic City,2025-11-17,9,0,0,0,0,1,0,0,0,0,1.0,0.318944,0,0.0,0,201,0,6,0.6075,0.3092,GREEN,33,Bengaluru
CLM0033594,BEN_06595,Indiranagar,2025-06-25,13,0,0,0,0,0,0,0,0,0,0.0,0.155255,1,0.0,0,227,1,1,0.5452,0.0855,GREEN,51,Bengaluru
CLM0033595,BEN_06163,Indiranagar,2025-07-27,15,0,0,0,0,0,0,0,0,0,0.0,0.378592,0,0.0,0,205,0,2,0.7031,0.0,GREEN,48,Bengaluru
CLM0033596,BEN_04587,HSR Layout,2025-04-03,11,0,0,0,0,1,0,0,0,0,0.0,0.174148,0,0.0,0,276,1,3,0.8886,0.0931,GREEN,40,Bengaluru
CLM0033597,BEN_09949,BTM Layout,2025-02-24,9,0,0,0,0,0,1,0,0,0,0.0,0.533592,0,0.0,0,308,2,4,0.5636,0.1155,GREEN,47,Bengaluru
CLM0033598,BEN_08647,Whitefield,2025-03-23,13,0,0,0,0,0,0,0,0,0,0.0,0.043943,0,0.0,0,371,1,1,0.8628,0.0501,GREEN,61,Bengaluru
CLM0033599,BEN_03666,BTM Layout,2025-07-29,20,0,0,0,0,0,1,0,0,0,0.0,0.048396,0,0.0,0,406,1,0,0.22,0.2387,GREEN,45,Bengaluru
CLM0033600,BEN_07967,Jayanagar,2024-01-30,20,0,0,0,0,0,0,0,0,0,1.0,0.124417,0,0.0,0,420,0,3,0.98,0.0,GREEN,42,Bengaluru
CLM0033601,BEN_05125,BTM Layout,2025-09-23,7,0,0,0,0,0,0,0,0,0,0.0,0.279234,0,0.0,0,334,1,4,0.8231,0.1818,GREEN,60,Bengaluru
CLM0033602,BEN_06090,Rajajinagar,2023-12-12,19,0,0,0,0,0,0,0,0,0,0.0,0.930127,0,0.0,0,173,0,0,0.7377,0.0,GREEN,47,Bengaluru
CLM0033603,BEN_06878,Indiranagar,2024-01-07,7,0,0,0,0,0,0,0,0,0,0.0,0.026827,0,0.0,0,314,2,1,0.9678,0.0183,GREEN,44,Bengaluru
CLM0033604,BEN_02136,Electronic City,2024-06-18,21,0,0,0,0,0,0,0,1,0,0.0,0.412882,0,0.0,0,420,3,4,0.3266,0.0507,GREEN,37,Bengaluru
CLM0033605,BEN_05421,Whitefield,2023-05-19,14,0,0,0,0,1,1,0,0,0,0.0,0.484249,0,0.0,0,342,1,0,0.9364,0.21,GREEN,41,Bengaluru
CLM0033606,BEN_03647,HSR Layout,2025-12-27,15,0,0,0,0,0,0,0,0,0,0.0,0.107251,0,0.0,0,272,2,0,0.3797,0.0,GREEN,63,Bengaluru
CLM0033607,BEN_06911,Indiranagar,2020-06-14,8,0,0,0,0,0,0,0,0,0,0.0,0.983287,0,0.0,0,420,2,2,0.4428,0.0681,GREEN,37,Bengaluru
CLM0033608,BEN_08748,BTM Layout,2022-04-04,7,0,0,0,0,0,0,0,0,0,1.0,0.247375,0,0.0,0,296,0,6,0.3594,0.0682,GREEN,39,Bengaluru
CLM0033609,BEN_00029,Marathahalli,2016-07-05,9,0,0,0,0,0,1,0,0,0,0.0,0.977796,0,0.0,0,250,0,3,0.9249,0.1517,GREEN,68,Bengaluru
CLM0033610,BEN_05668,Koramangala,2019-08-19,18,0,0,0,1,1,1,0,1,1,1.0,1.0,0,0.0,1,17,1,11,0.7266,0.0481,GREEN,46,Bengaluru
CLM0033611,BEN_06335,Marathahalli,2022-11-29,16,0,0,0,0,0,0,1,0,0,0.0,0.0,0,0.0,0,45,0,4,0.5407,0.0686,GREEN,37,Bengaluru
CLM0033612,BEN_03361,Rajajinagar,2021-06-02,14,0,0,0,0,0,0,0,0,0,0.0,0.360601,0,0.0,0,157,1,2,0.7177,0.0838,GREEN,45,Bengaluru
CLM0033613,BEN_06507,Yelahanka,2021-02-25,21,0,0,0,0,0,0,0,0,0,0.0,1.0,0,0.0,0,409,1,2,0.2672,0.0,GREEN,59,Bengaluru
CLM0033614,BEN_05586,Rajajinagar,2023-01-05,12,0,0,0,0,0,0,0,1,0,0.0,0.287721,0,0.0,0,407,3,3,0.082,0.0425,GREEN,40,Bengaluru
CLM0033615,BEN_02817,Indiranagar,2025-06-25,16,0,0,0,0,0,0,0,0,0,0.0,0.316305,0,0.0,0,261,1,0,0.6682,0.0,GREEN,47,Bengaluru
CLM0033616,BEN_08933,HSR Layout,2022-12-19,19,0,0,0,0,0,0,0,0,0,1.0,0.031551,1,0.0,0,202,4,3,0.4809,0.1481,GREEN,43,Bengaluru
CLM0033617,BEN_09873,Koramangala,2023-02-05,7,0,0,0,0,0,0,0,0,0,0.0,0.243788,0,0.0,0,300,2,3,0.3441,0.0,GREEN,66,Bengaluru
CLM0033618,BEN_02207,Jayanagar,2025-11-29,18,0,0,0,0,0,0,0,0,0,0.0,0.209942,0,1.0,0,19,3,3,0.98,0.0,GREEN,44,Bengaluru
CLM0033619,BEN_05248,Jayanagar,2025-03-31,19,0,0,0,0,0,0,0,0,0,0.0,0.014157,0,0.0,0,406,0,0,0.6265,0.0399,GREEN,51,Bengaluru
CLM0033620,BEN_07617,Indiranagar,2024-05-17,14,0,0,0,0,0,0,0,0,0,0.0,0.32687,0,0.0,0,203,0,0,0.5815,0.0249,GREEN,46,Bengaluru
CLM0033621,BEN_02007,Electronic City,2024-02-26,21,0,0,0,0,0,0,0,0,0,0.0,0.107113,1,0.0,0,350,3,4,0.863,0.0896,GREEN,47,Bengaluru
CLM0033622,BEN_06875,Koramangala,2025-12-05,18,0,0,0,0,0,0,0,0,0,0.0,0.114101,0,0.0,0,381,2,1,0.98,0.0866,GREEN,18,Bengaluru
CLM0033623,BEN_04669,Whitefield,2022-11-26,7,0,1,1,0,0,0,0,0,0,1.0,0.25125,0,0.0,0,313,3,4,0.1757,0.0392,GREEN,33,Bengaluru
CLM0033624,BEN_02516,HSR Layout,2024-10-20,14,0,0,0,0,0,0,0,0,0,0.0,0.239622,0,0.0,0,117,3,3,0.5783,0.1174,GREEN,41,Bengaluru
CLM0033625,BEN_06262,Whitefield,2022-06-27,20,0,0,0,0,0,0,0,0,0,1.0,0.252038,0,0.0,0,392,1,0,0.6908,0.1687,GREEN,55,Bengaluru
CLM0033626,BEN_00100,Indiranagar,2025-06-17,11,0,0,0,1,1,0,1,0,1,0.0,0.085736,1,0.0,1,16,3,18,0.8909,0.0598,GREEN,20,Bengaluru
CLM0033627,BEN_03369,Koramangala,2019-08-04,11,0,0,0,0,0,0,0,0,0,0.0,0.166015,0,0.0,0,420,3,1,0.4429,0.1519,GREEN,37,Bengaluru
CLM0033628,BEN_00248,BTM Layout,2023-08-16,19,0,0,0,1,0,0,0,0,1,1.0,0.2775,0,0.0,0,204,4,0,0.6318,0.2201,GREEN,52,Bengaluru
CLM0033629,BEN_01529,Electronic City,2022-01-30,18,0,0,0,0,0,0,0,0,0,1.0,0.232154,0,0.0,0,420,4,4,0.8915,0.0504,GREEN,42,Bengaluru
CLM0033630,BEN_06702,Electronic City,2023-03-10,18,0,0,0,0,0,0,0,0,0,0.0,0.274926,0,0.0,0,86,1,2,0.5327,0.0426,GREEN,57,Bengaluru
CLM0033631,BEN_00184,Electronic City,2018-11-25,7,0,0,0,0,0,0,0,0,0,0.0,0.108456,0,0.0,0,388,2,3,0.1898,0.0,GREEN,44,Bengaluru
CLM0033632,BEN_05010,Indiranagar,2022-03-18,9,0,0,0,0,0,0,0,0,0,1.0,0.303739,1,0.0,0,344,1,1,0.9241,0.1141,GREEN,61,Bengaluru
CLM0033633,BEN_00219,HSR Layout,2025-05-11,19,0,0,0,0,0,0,0,0,0,0.0,0.89849,0,0.0,0,5,1,0,0.0854,0.0,GREEN,58,Bengaluru
CLM0033634,BEN_01401,Indiranagar,2024-01-07,7,0,0,0,1,0,1,1,0,0,1.0,0.357743,1,0.0,1,5,4,18,0.8364,0.0367,GREEN,46,Bengaluru
CLM0033635,BEN_05821,BTM Layout,2025-01-22,8,0,0,0,0,1,0,0,0,0,0.0,0.0,0,0.0,0,351,2,1,0.9023,0.1646,GREEN,56,Bengaluru
CLM0033636,BEN_08810,Jayanagar,2024-04-05,9,0,0,0,0,0,0,0,1,0,0.0,0.382444,0,0.0,0,299,2,1,0.1482,0.0498,GREEN,34,Bengaluru
CLM0033637,BEN_07334,Koramangala,2021-09-11,17,0,0,0,0,0,0,0,0,0,0.0,0.405376,0,1.0,1,207,1,1,0.8403,0.0671,GREEN,51,Bengaluru
CLM0033638,BEN_03645,HSR Layout,2023-01-21,7,0,0,0,0,0,0,0,0,0,0.0,0.268073,0,0.0,0,202,3,2,0.5465,0.1047,GREEN,40,Bengaluru
CLM0033639,BEN_05349,Whitefield,2024-07-06,15,0,0,0,0,0,0,0,0,0,0.0,0.408567,0,0.0,0,420,0,4,0.618,0.0883,GREEN,41,Bengaluru
CLM0033640,BEN_04852,Whitefield,2025-09-05,11,0,0,0,0,0,0,0,0,0,0.0,0.43381,0,0.0,0,121,0,1,0.7438,0.0,GREEN,45,Bengaluru
CLM0033641,BEN_06302,Rajajinagar,2023-05-10,17,0,0,0,0,1,0,1,1,1,0.0,0.959756,0,1.0,1,5,4,18,0.2538,0.043,GREEN,58,Bengaluru
CLM0033642,BEN_07034,Indiranagar,2025-06-19,13,0,0,0,0,0,0,0,0,0,0.0,0.203747,0,0.0,0,219,1,3,0.05,0.0,GREEN,33,Bengaluru
CLM0033643,BEN_02674,HSR Layout,2023-09-07,16,0,0,0,0,0,0,0,0,0,0.0,0.365872,0,0.0,0,261,0,1,0.848,0.0,GREEN,45,Bengaluru
CLM0033644,BEN_00011,HSR Layout,2023-09-23,13,0,0,0,0,0,0,0,0,0,0.0,0.035958,0,0.0,1,139,1,7,0.6781,0.1061,GREEN,33,Bengaluru
CLM0033645,BEN_04545,HSR Layout,2021-07-06,10,0,0,0,0,0,0,1,0,0,0.0,0.107054,0,0.0,0,145,2,4,0.2235,0.061,GREEN,52,Bengaluru
CLM0033646,BEN_09610,Koramangala,2019-05-03,18,0,0,0,0,0,0,0,0,1,1.0,0.209508,0,0.0,0,415,1,0,0.9737,0.2646,GREEN,58,Bengaluru
CLM0033647,BEN_01625,Whitefield,2018-02-20,21,0,0,0,0,0,0,0,0,0,0.0,0.263401,0,0.0,0,125,2,0,0.4942,0.0007,GREEN,23,Bengaluru
CLM0033648,BEN_00956,Jayanagar,2022-07-31,17,0,1,1,0,0,0,0,0,0,0.0,0.29189,0,0.0,0,420,1,5,0.4758,0.0,GREEN,50,Bengaluru
CLM0033649,BEN_00630,Marathahalli,2019-09-25,10,0,0,0,0,0,0,0,0,0,0.0,0.218105,0,0.0,0,399,3,1,0.827,0.1192,GREEN,49,Bengaluru
CLM0033650,BEN_00108,Rajajinagar,2022-06-06,19,0,1,1,0,0,1,1,0,1,1.0,0.914957,0,1.0,0,5,3,18,0.9096,0.0317,GREEN,49,Bengaluru
CLM0033651,BEN_05033,Jayanagar,2025-05-04,16,0,0,0,0,0,0,0,0,0,0.0,0.126892,0,0.0,0,363,3,3,0.6902,0.0576,GREEN,36,Bengaluru
CLM0033652,BEN_06545,BTM Layout,2021-05-01,12,0,0,0,0,0,0,0,0,0,0.0,0.14214,0,0.0,0,91,4,0,0.7191,0.0027,GREEN,45,Bengaluru
CLM0033653,BEN_04270,Indiranagar,2020-04-01,12,0,0,0,0,0,0,0,0,0,0.0,0.337879,0,0.0,0,147,3,4,0.6938,0.1032,GREEN,28,Bengaluru
CLM0033654,BEN_02659,HSR Layout,2019-08-31,16,0,0,0,0,0,0,0,0,0,0.0,0.112187,0,0.0,0,378,0,6,0.733,0.0,GREEN,26,Bengaluru
CLM0033655,BEN_09674,Rajajinagar,2019-09-20,13,0,0,0,0,0,0,0,0,0,0.0,0.203033,0,0.0,0,336,4,2,0.2264,0.0024,GREEN,32,Bengaluru
CLM0033656,BEN_06913,Koramangala,2021-10-02,12,0,0,0,0,0,0,0,0,0,1.0,0.0,0,0.0,0,188,3,6,0.7146,0.0534,GREEN,53,Bengaluru
CLM0033657,BEN_03107,Koramangala,2018-06-05,13,0,0,0,0,0,0,0,0,0,0.0,0.142477,0,0.0,0,420,0,0,0.8624,0.0,GREEN,55,Bengaluru
CLM0033658,BEN_03017,Indiranagar,2025-01-11,12,0,0,0,0,0,0,0,0,0,0.0,0.13552,0,0.0,0,42,0,0,0.5136,0.0,GREEN,38,Bengaluru
CLM0033659,BEN_09075,Jayanagar,2019-03-03,17,0,0,0,0,1,0,0,0,0,0.0,0.028378,0,0.0,0,385,1,0,0.6259,0.1785,GREEN,51,Bengaluru
CLM0033660,BEN_01620,Koramangala,2018-05-07,17,0,0,0,0,0,0,0,0,0,1.0,0.252035,1,0.0,0,203,2,2,0.4072,0.1296,GREEN,32,Bengaluru
CLM0033661,BEN_04495,Koramangala,2020-01-06,12,0,0,0,1,0,0,0,0,0,0.0,0.338169,0,0.0,0,180,0,4,0.9258,0.2576,GREEN,51,Bengaluru
CLM0033662,BEN_02988,Whitefield,2024-11-27,7,0,0,0,0,0,0,0,0,0,0.0,0.387095,0,0.0,0,420,2,0,0.5998,0.0,GREEN,40,Bengaluru
CLM0033663,BEN_05058,Koramangala,2025-09-19,13,0,0,0,0,0,0,0,1,0,1.0,0.956242,0,0.0,1,5,2,13,0.1902,0.0158,GREEN,61,Bengaluru
CLM0033664,BEN_05283,Electronic City,2024-09-14,9,0,0,0,0,0,1,1,0,0,0.0,0.069705,1,0.0,0,77,4,0,0.8514,0.2898,GREEN,33,Bengaluru
CLM0033665,BEN_07116,Koramangala,2025-12-02,14,0,0,0,0,0,0,0,0,1,0.0,0.057874,0,0.0,0,420,1,0,0.6968,0.1197,GREEN,35,Bengaluru
CLM0033666,BEN_05922,BTM Layout,2025-06-05,16,0,0,0,0,0,0,0,0,0,0.0,0.978755,0,0.0,0,420,2,3,0.98,0.0344,GREEN,39,Bengaluru
CLM0033667,BEN_02711,Electronic City,2024-12-15,10,0,0,0,0,0,0,0,0,0,0.0,0.077857,0,0.0,0,286,1,0,0.5523,0.0,GREEN,50,Bengaluru
CLM0033668,BEN_00350,Whitefield,2025-10-23,17,0,0,0,0,0,0,0,0,0,0.0,0.127646,0,0.0,0,420,0,0,0.5973,0.0196,GREEN,56,Bengaluru
CLM0033669,BEN_08862,Koramangala,2025-04-18,18,0,1,1,0,0,0,0,0,0,0.0,0.0,0,0.0,1,47,3,0,0.4705,0.056,GREEN,46,Bengaluru
CLM0033670,BEN_01568,Jayanagar,2025-04-01,15,0,0,0,0,0,0,0,0,0,0.0,0.204193,0,0.0,0,338,0,2,0.9082,0.0,GREEN,25,Bengaluru
CLM0033671,BEN_07914,Indiranagar,2025-08-27,18,0,0,0,1,0,1,1,1,1,0.0,0.015976,0,0.0,0,5,4,18,0.8591,0.0,GREEN,55,Bengaluru
CLM0033672,BEN_05825,BTM Layout,2022-05-10,7,0,0,0,0,0,0,0,0,0,0.0,0.106086,0,0.0,0,168,3,5,0.98,0.0,GREEN,36,Bengaluru
CLM0033673,BEN_07383,HSR Layout,2021-09-18,17,0,0,0,0,0,0,1,0,0,0.0,0.222237,0,0.0,0,180,0,8,0.9605,0.0861,GREEN,43,Bengaluru
CLM0033674,BEN_03348,Rajajinagar,2025-08-11,20,0,0,0,0,0,0,0,0,0,1.0,0.257472,0,0.0,0,124,4,1,0.7834,0.0361,GREEN,49,Bengaluru
CLM0033675,BEN_05715,Whitefield,2025-05-31,18,0,0,0,0,0,0,0,0,0,0.0,0.13762,0,0.0,0,20,4,3,0.6177,0.0026,GREEN,37,Bengaluru
CLM0033676,BEN_08104,Yelahanka,2016-12-07,10,0,0,0,0,0,0,0,0,0,0.0,0.352711,0,0.0,0,303,1,2,0.5615,0.0012,GREEN,46,Bengaluru
CLM0033677,BEN_09596,BTM Layout,2023-04-27,14,0,0,0,0,0,0,0,1,0,0.0,0.215776,0,0.0,0,114,4,1,0.5334,0.0998,GREEN,30,Bengaluru
CLM0033678,BEN_07603,Marathahalli,2020-04-25,9,0,0,0,0,0,0,0,0,0,0.0,0.953998,0,0.0,0,35,4,0,0.6235,0.042,GREEN,29,Bengaluru
CLM0033679,BEN_02941,Marathahalli,2018-09-06,12,0,0,0,0,0,0,0,0,0,0.0,0.160929,0,0.0,0,420,1,1,0.8445,0.0,GREEN,38,Bengaluru
CLM0033680,BEN_05924,Electronic City,2020-05-20,15,0,0,0,0,1,0,0,0,0,0.0,0.965312,0,0.0,0,296,0,3,0.5701,0.1543,GREEN,41,Bengaluru
CLM0033681,BEN_04365,HSR Layout,2017-10-15,8,0,0,0,0,0,0,0,0,0,0.0,0.097775,0,0.0,0,328,0,5,0.967,0.1,GREEN,62,Bengaluru
CLM0033682,BEN_05074,Rajajinagar,2025-05-03,11,0,0,0,0,0,1,0,0,1,0.0,0.332358,0,0.0,0,31,3,0,0.05,0.2293,GREEN,45,Bengaluru
CLM0033683,BEN_04039,Jayanagar,2022-01-06,16,0,0,0,0,0,0,0,0,0,0.0,0.000162,0,0.0,0,334,2,5,0.5613,0.0436,GREEN,25,Bengaluru
CLM0033684,BEN_00643,Indiranagar,2019-04-04,14,0,0,0,0,0,0,0,0,0,0.0,0.356292,1,0.0,0,187,4,2,0.8463,0.0298,GREEN,54,Bengaluru
CLM0033685,BEN_06889,Jayanagar,2016-10-04,18,0,0,0,0,0,0,0,0,0,0.0,0.110446,0,0.0,0,420,0,2,0.6087,0.0072,GREEN,44,Bengaluru
CLM0033686,BEN_05305,Koramangala,2025-02-25,12,0,0,0,0,0,0,0,1,0,1.0,0.962199,0,1.0,0,62,3,5,0.7995,0.2304,GREEN,63,Bengaluru
CLM0033687,BEN_09261,Koramangala,2025-04-13,14,0,0,0,1,0,0,0,0,0,0.0,0.307458,0,0.0,0,43,1,1,0.8765,0.1194,GREEN,49,Bengaluru
CLM0033688,BEN_07786,Whitefield,2025-08-31,19,0,0,0,0,0,0,0,0,0,0.0,0.351803,0,0.0,0,385,0,2,0.7822,0.0708,GREEN,55,Bengaluru
CLM0033689,BEN_07495,Electronic City,2025-07-25,11,0,0,0,0,1,0,0,0,0,0.0,1.0,0,0.0,0,420,4,5,0.8803,0.0556,GREEN,42,Bengaluru
CLM0033690,BEN_01445,Koramangala,2025-08-26,18,0,0,0,0,0,0,0,0,0,0.0,0.015074,0,0.0,0,208,1,0,0.1395,0.0653,GREEN,36,Bengaluru
CLM0033691,BEN_01593,Jayanagar,2025-06-12,8,0,1,1,0,0,1,0,0,0,1.0,0.22825,0,0.0,0,393,4,3,0.4945,0.1593,GREEN,49,Bengaluru
CLM0033692,BEN_00231,Yelahanka,2025-05-06,16,0,0,0,0,0,0,0,0,0,0.0,0.111611,0,0.0,0,70,4,0,0.8115,0.0942,GREEN,37,Bengaluru
CLM0033693,BEN_04001,Electronic City,2025-08-27,13,0,0,0,0,0,1,0,0,0,0.0,0.294809,0,0.0,0,15,2,5,0.98,0.1016,GREEN,38,Bengaluru
CLM0033694,BEN_05578,BTM Layout,2025-08-16,10,0,0,0,0,0,0,0,0,0,0.0,0.304228,0,0.0,0,127,4,0,0.8015,0.0236,GREEN,19,Bengaluru
CLM0033695,BEN_04464,Electronic City,2025-11-05,12,0,0,0,0,0,1,0,0,0,0.0,0.045617,0,0.0,0,420,1,0,0.6018,0.0381,GREEN,51,Bengaluru
CLM0033696,BEN_07310,Koramangala,2025-03-01,9,0,0,0,0,0,0,0,0,0,0.0,0.253755,0,1.0,0,387,0,0,0.743,0.0118,GREEN,46,Bengaluru
CLM0033697,BEN_00184,Electronic City,2019-12-02,12,0,0,0,0,0,0,0,0,0,0.0,0.0,0,0.0,0,346,1,0,0.6355,0.0632,GREEN,44,Bengaluru
CLM0033698,BEN_05230,Indiranagar,2022-09-07,13,0,0,0,0,0,0,0,0,0,0.0,0.341364,0,0.0,0,336,3,1,0.05,0.0,GREEN,51,Bengaluru
CLM0033699,BEN_08292,Jayanagar,2019-02-24,7,0,0,0,0,0,0,0,0,0,0.0,0.351395,0,0.0,0,420,1,4,0.5073,0.1807,GREEN,19,Bengaluru
CLM0033700,BEN_09759,Rajajinagar,2024-11-06,11,0,0,0,0,0,0,0,0,0,0.0,0.354714,0,0.0,0,110,1,0,0.7954,0.0226,GREEN,47,Bengaluru
CLM0033701,BEN_07227,Electronic City,2025-08-21,8,0,0,0,0,0,0,0,0,1,0.0,0.357219,0,0.0,0,288,0,3,0.98,0.1895,GREEN,41,Bengaluru
CLM0033702,BEN_07841,Jayanagar,2025-02-16,12,0,0,0,0,0,0,0,0,0,0.0,0.945368,0,0.0,0,115,3,4,0.98,0.0582,GREEN,53,Bengaluru
CLM0033703,BEN_06031,Koramangala,2025-03-30,20,0,0,0,0,0,0,0,0,0,1.0,0.094063,1,0.0,0,319,3,3,0.1301,0.1988,GREEN,64,Bengaluru
CLM0033704,BEN_06731,Indiranagar,2024-09-21,21,0,0,0,0,0,0,0,0,0,1.0,1.0,0,0.0,0,155,3,0,0.5984,0.1143,GREEN,45,Bengaluru
CLM0033705,BEN_04342,BTM Layout,2024-05-27,17,0,0,0,0,0,0,0,0,1,0.0,0.002698,0,0.0,0,420,3,0,0.1797,0.1301,GREEN,52,Bengaluru
CLM0033706,BEN_07498,Rajajinagar,2021-01-13,7,0,0,0,0,0,0,0,0,1,0.0,0.1773,0,0.0,0,94,2,0,0.1382,0.1628,GREEN,47,Bengaluru
CLM0033707,BEN_09188,Koramangala,2017-02-18,21,0,1,1,0,0,0,0,0,0,1.0,0.929604,0,1.0,0,142,2,5,0.6121,0.0,GREEN,18,Bengaluru
CLM0033708,BEN_08173,Jayanagar,2019-03-21,19,0,0,0,0,0,0,0,0,0,0.0,0.242044,0,0.0,0,57,2,3,0.05,0.0144,GREEN,48,Bengaluru
CLM0033709,BEN_05676,Yelahanka,2025-01-07,17,0,0,0,0,0,0,1,0,0,0.0,0.280405,0,0.0,0,420,3,3,0.5666,0.0,GREEN,32,Bengaluru
CLM0033710,BEN_04749,Koramangala,2021-09-27,7,0,0,0,1,0,0,0,0,0,0.0,0.238494,0,0.0,0,177,0,0,0.6862,0.1541,GREEN,43,Bengaluru
CLM0033711,BEN_06747,Electronic City,2016-12-21,7,0,0,0,0,0,0,0,1,0,0.0,1.0,0,0.0,0,377,4,3,0.1901,0.2342,GREEN,38,Bengaluru
CLM0033712,BEN_02222,Jayanagar,2020-05-29,16,0,1,1,0,0,0,0,0,0,0.0,0.145586,0,0.0,0,40,4,2,0.7467,0.0294,GREEN,39,Bengaluru
CLM0033713,BEN_03261,Whitefield,2022-05-18,11,0,0,0,0,0,0,0,0,0,1.0,0.533788,0,0.0,0,256,0,4,0.6065,0.0196,GREEN,69,Bengaluru
CLM0033714,BEN_04054,Rajajinagar,2017-09-20,16,0,0,0,0,0,0,0,0,0,0.0,0.213967,0,0.0,0,394,4,5,0.18,0.0,GREEN,57,Bengaluru
CLM0033715,BEN_05501,Rajajinagar,2018-10-07,14,0,0,0,0,0,1,1,0,1,0.0,0.0863,1,0.0,0,31,4,18,0.9126,0.0,GREEN,54,Bengaluru
CLM0033716,BEN_03564,Rajajinagar,2022-01-25,11,0,0,0,0,0,0,0,0,0,0.0,0.133439,0,0.0,1,216,0,3,0.1526,0.1867,GREEN,44,Bengaluru
CLM0033717,BEN_06251,Electronic City,2023-01-02,15,0,0,0,0,0,0,0,0,0,0.0,0.341469,0,0.0,0,52,4,2,0.5482,0.0708,GREEN,54,Bengaluru
CLM0033718,BEN_05472,BTM Layout,2022-10-17,8,0,0,0,0,0,0,0,0,0,0.0,0.130971,0,0.0,0,416,4,6,0.98,0.0,GREEN,57,Bengaluru
CLM0033719,BEN_03071,HSR Layout,2025-02-18,11,0,0,0,0,0,0,0,0,0,0.0,0.275945,0,0.0,1,223,1,1,0.8281,0.0508,GREEN,55,Bengaluru
CLM0033720,BEN_00419,Indiranagar,2025-01-29,14,0,0,0,0,0,0,0,0,0,0.0,1.0,0,0.0,0,347,3,0,0.6837,0.0366,GREEN,40,Bengaluru
CLM0033721,BEN_08385,Yelahanka,2023-04-28,8,0,0,0,0,0,0,0,0,0,0.0,0.032286,0,0.0,0,72,1,1,0.9368,0.0737,GREEN,48,Bengaluru
CLM0033722,BEN_02934,HSR Layout,2023-06-16,11,0,0,0,0,0,0,0,1,0,1.0,0.295522,0,0.0,0,302,1,0,0.6634,0.0607,GREEN,35,Bengaluru
CLM0033723,BEN_00139,Yelahanka,2023-07-06,7,0,0,0,0,0,0,0,0,0,0.0,0.213763,0,0.0,0,285,0,2,0.4716,0.0,GREEN,31,Bengaluru
CLM0033724,BEN_03028,Jayanagar,2025-08-14,9,0,0,0,0,0,0,0,0,0,0.0,0.353265,0,0.0,0,154,2,2,0.959,0.0144,GREEN,44,Bengaluru
CLM0033725,BEN_01057,HSR Layout,2025-04-22,8,0,0,0,0,0,0,0,0,0,0.0,1.0,0,0.0,0,49,2,0,0.6945,0.0037,GREEN,35,Bengaluru
CLM0033726,BEN_07731,Electronic City,2024-06-11,16,0,0,0,0,0,0,0,0,0,0.0,1.0,0,0.0,0,420,2,5,0.935,0.0005,GREEN,18,Bengaluru
CLM0033727,BEN_06347,Electronic City,2025-05-06,10,0,0,0,0,0,1,0,0,0,1.0,0.955981,0,0.0,0,419,0,4,0.98,0.0839,GREEN,56,Bengaluru
CLM0033728,BEN_01306,Whitefield,2025-04-25,12,0,0,0,0,0,0,0,1,1,0.0,0.385138,0,0.0,0,394,0,3,0.6045,0.2162,GREEN,46,Bengaluru
CLM0033729,BEN_05186,Whitefield,2024-11-05,9,0,0,0,0,0,0,0,0,0,0.0,0.087756,0,0.0,0,420,2,3,0.4396,0.0,GREEN,59,Bengaluru
CLM0033730,BEN_06571,Rajajinagar,2024-01-30,15,0,0,0,0,0,0,0,0,0,0.0,0.086042,0,0.0,0,146,0,5,0.9655,0.0,GREEN,44,Bengaluru
CLM0033731,BEN_06631,Jayanagar,2017-02-13,15,0,0,0,0,0,0,0,0,0,0.0,0.170679,0,0.0,0,420,3,3,0.285,0.0,GREEN,44,Bengaluru
CLM0033732,BEN_03630,Rajajinagar,2022-12-24,15,0,0,0,0,0,1,0,0,0,0.0,0.304566,1,0.0,0,205,3,4,0.6141,0.191,GREEN,30,Bengaluru
CLM0033733,BEN_03597,Indiranagar,2023-04-24,8,0,1,1,0,0,1,0,0,0,0.0,0.264866,0,0.0,0,420,1,3,0.726,0.1017,GREEN,21,Bengaluru
CLM0033734,BEN_06594,Indiranagar,2018-08-31,14,0,0,0,0,0,0,0,0,0,0.0,0.135829,0,0.0,0,211,3,4,0.5633,0.0,GREEN,54,Bengaluru
CLM0033735,BEN_04502,Whitefield,2022-09-15,15,0,0,0,0,0,0,0,0,0,0.0,0.0,0,0.0,0,136,4,6,0.3329,0.0307,GREEN,54,Bengaluru
CLM0033736,BEN_09954,Rajajinagar,2022-01-01,12,0,0,0,0,0,0,0,0,0,0.0,0.113591,0,0.0,1,75,2,0,0.8071,0.0116,GREEN,37,Bengaluru
CLM0033737,BEN_08756,Whitefield,2024-05-11,16,0,0,0,0,0,0,1,0,0,0.0,0.021194,0,0.0,0,409,0,0,0.6435,0.1623,GREEN,42,Bengaluru
CLM0033738,BEN_07187,Whitefield,2025-11-20,20,0,0,0,0,0,0,0,0,0,0.0,0.363612,0,0.0,0,362,2,0,0.2971,0.0,GREEN,38,Bengaluru
CLM0033739,BEN_01084,Whitefield,2018-12-19,21,0,0,0,0,0,0,0,1,0,0.0,0.049469,0,0.0,0,334,1,4,0.8757,0.0405,GREEN,51,Bengaluru
CLM0033740,BEN_01393,HSR Layout,2022-11-09,20,0,0,0,0,0,1,0,0,0,0.0,0.026955,0,0.0,0,314,1,2,0.581,0.2588,GREEN,44,Bengaluru
CLM0033741,BEN_03326,Jayanagar,2018-03-01,18,0,0,0,0,0,0,0,0,0,0.0,0.169058,0,0.0,0,337,2,3,0.7369,0.0,GREEN,51,Bengaluru
CLM0033742,BEN_08526,Rajajinagar,2021-08-03,16,0,0,0,0,0,0,0,0,0,0.0,0.073147,0,0.0,0,174,2,3,0.9673,0.0198,GREEN,64,Bengaluru
CLM0033743,BEN_06051,Rajajinagar,2019-01-19,16,0,0,0,0,0,0,0,0,0,0.0,0.29629,0,0.0,0,127,1,3,0.758,0.0512,GREEN,44,Bengaluru
CLM0033744,BEN_05344,Rajajinagar,2025-09-29,20,0,0,0,0,0,1,1,0,0,0.0,0.157107,0,0.0,0,85,2,0,0.2439,0.1463,GREEN,59,Bengaluru
CLM0033745,BEN_03533,BTM Layout,2020-08-23,20,0,0,0,0,0,0,0,0,0,0.0,0.327971,0,0.0,0,283,0,0,0.9733,0.0024,GREEN,43,Bengaluru
CLM0033746,BEN_08074,BTM Layout,2021-01-14,19,0,0,0,0,0,1,0,0,0,0.0,0.31456,0,0.0,0,420,2,3,0.05,0.1182,GREEN,34,Bengaluru
CLM0033747,BEN_09690,Koramangala,2025-08-24,8,0,0,0,0,0,0,0,0,0,0.0,0.239415,0,0.0,0,85,3,1,0.8409,0.0,GREEN,31,Bengaluru
CLM0033748,BEN_05930,Whitefield,2019-06-10,19,0,0,0,0,0,0,0,0,0,0.0,0.242169,0,0.0,0,261,4,0,0.5359,0.0,GREEN,40,Bengaluru
CLM0033749,BEN_07445,Whitefield,2025-06-30,11,0,0,0,0,0,0,0,0,0,1.0,1.0,0,1.0,0,328,1,3,0.5606,0.0,GREEN,49,Bengaluru
CLM0033750,BEN_07507,Yelahanka,2025-08-31,21,0,0,0,0,0,0,0,1,0,1.0,0.238614,0,0.0,0,141,4,3,0.5657,0.2314,GREEN,46,Bengaluru
CLM0033751,BEN_01727,Indiranagar,2022-12-15,16,0,0,0,0,0,0,1,0,0,0.0,0.0,0,0.0,0,414,1,1,0.5101,0.1261,GREEN,40,Bengaluru
CLM0033752,BEN_05014,Marathahalli,2023-07-09,7,0,0,0,0,0,0,0,1,0,0.0,0.270611,0,0.0,0,39,3,0,0.8481,0.1376,GREEN,44,Bengaluru
CLM0033753,BEN_09341,Jayanagar,2022-09-01,16,0,0,0,0,0,0,0,0,0,0.0,0.034665,0,0.0,0,60,2,5,0.98,0.0,GREEN,54,Bengaluru
CLM0033754,BEN_02217,Electronic City,2022-03-20,16,0,0,0,0,0,0,0,0,0,0.0,0.043844,0,0.0,0,264,1,2,0.8606,0.0974,GREEN,52,Bengaluru
CLM0033755,BEN_06075,HSR Layout,2022-10-28,7,0,0,0,0,0,0,0,0,0,1.0,0.257327,0,0.0,0,340,1,3,0.05,0.0,GREEN,34,Bengaluru
CLM0033756,BEN_05831,HSR Layout,2022-08-24,15,0,0,0,0,0,1,0,0,0,0.0,0.173635,0,0.0,0,308,2,6,0.8747,0.0441,GREEN,35,Bengaluru
CLM0033757,BEN_03084,HSR Layout,2023-07-19,13,0,0,0,0,1,0,1,0,0,0.0,0.12945,0,0.0,0,98,0,0,0.5304,0.1696,GREEN,33,Bengaluru
CLM0033758,BEN_03305,Koramangala,2024-03-10,16,0,0,0,0,0,0,0,0,0,0.0,0.950534,0,0.0,0,420,0,7,0.662,0.0,GREEN,43,Bengaluru
CLM0033759,BEN_03259,Marathahalli,2024-05-21,20,0,1,1,0,0,0,0,0,0,0.0,0.014528,0,0.0,0,71,2,3,0.5483,0.0,GREEN,39,Bengaluru
CLM0033760,BEN_04890,Yelahanka,2024-10-07,19,0,1,1,0,0,0,0,0,0,0.0,0.175115,0,0.0,0,350,0,0,0.6956,0.0,GREEN,53,Bengaluru
CLM0033761,BEN_01108,Whitefield,2019-05-08,21,0,1,1,1,0,1,1,0,1,0.0,0.249838,0,0.0,0,420,1,0,0.9254,0.52,YELLOW,51,Bengaluru
CLM0033762,BEN_06234,Electronic City,2020-09-20,7,0,1,1,1,1,1,1,0,1,0.0,0.065885,1,0.0,1,36,0,18,0.98,0.8897,RED,43,Bengaluru
CLM0033763,BEN_04167,Marathahalli,2024-06-18,20,0,1,1,1,0,1,1,0,1,1.0,0.956511,0,0.0,0,5,0,18,0.8236,0.6504,RED,45,Bengaluru
CLM0033764,BEN_06961,Jayanagar,2021-02-09,14,0,1,1,0,0,0,1,1,1,1.0,0.053538,0,0.0,1,5,0,18,0.3391,0.6304,RED,26,Bengaluru
CLM0033765,BEN_07481,Rajajinagar,2022-11-13,18,0,1,1,1,1,1,1,0,0,1.0,0.945018,0,0.0,1,5,1,18,0.1307,0.6778,RED,29,Bengaluru
CLM0033766,BEN_06832,HSR Layout,2020-11-01,17,0,1,1,1,0,0,1,1,0,1.0,1.0,0,0.0,1,5,2,18,0.05,0.3842,YELLOW,54,Bengaluru
CLM0033767,BEN_01512,Jayanagar,2019-05-31,7,0,1,1,1,1,1,1,1,0,1.0,0.99325,0,1.0,0,5,0,18,0.75,0.7588,RED,52,Bengaluru
CLM0033768,BEN_06554,Yelahanka,2019-08-21,9,0,1,1,1,0,1,1,1,0,0.0,0.404031,0,0.0,0,20,0,18,0.0839,0.4835,YELLOW,58,Bengaluru
CLM0033769,BEN_00003,Yelahanka,2024-12-27,10,0,0,0,0,0,1,0,0,0,1.0,0.985882,0,1.0,0,211,3,4,0.6153,0.0494,GREEN,29,Bengaluru
CLM0033770,BEN_02293,Jayanagar,2025-05-10,13,0,0,0,0,0,0,0,1,0,0.0,0.35464,0,0.0,0,74,0,1,0.98,0.1369,GREEN,30,Bengaluru
CLM0033771,BEN_08966,Koramangala,2024-12-19,19,0,0,0,0,0,0,0,0,0,0.0,0.052501,0,1.0,0,420,3,3,0.7518,0.0025,GREEN,44,Bengaluru
CLM0033772,BEN_02971,Indiranagar,2025-07-22,12,0,0,0,0,0,0,0,0,0,0.0,0.330136,0,0.0,0,263,3,2,0.6875,0.0,GREEN,49,Bengaluru
CLM0033773,BEN_04301,Yelahanka,2025-10-23,14,0,0,0,0,0,0,0,0,0,0.0,0.402254,0,0.0,0,420,0,0,0.5352,0.1271,GREEN,51,Bengaluru
CLM0033774,BEN_04588,Koramangala,2025-01-19,18,0,0,0,0,0,0,0,0,0,0.0,0.304918,0,0.0,0,253,1,2,0.6818,0.1569,GREEN,45,Bengaluru
CLM0033775,BEN_08711,Whitefield,2023-12-05,15,0,1,1,0,0,0,0,0,0,0.0,0.422401,0,0.0,0,29,1,4,0.05,0.1039,GREEN,50,Bengaluru
CLM0033776,BEN_09922,Marathahalli,2024-02-09,19,0,0,0,0,0,1,0,0,0,0.0,0.100967,0,0.0,1,315,0,1,0.8696,0.1205,GREEN,39,Bengaluru
CLM0033777,BEN_04102,Whitefield,2023-12-14,17,0,0,0,0,0,0,0,1,0,0.0,0.213903,0,0.0,0,195,1,3,0.7199,0.1587,GREEN,44,Bengaluru
CLM0033778,BEN_07829,Marathahalli,2024-04-19,12,0,0,0,0,0,0,0,0,0,0.0,0.042354,0,0.0,0,233,0,2,0.98,0.0472,GREEN,37,Bengaluru
CLM0033779,BEN_07672,HSR Layout,2024-05-09,16,0,0,0,0,0,0,0,0,0,0.0,1.0,0,0.0,0,132,1,0,0.1642,0.0136,GREEN,32,Bengaluru
CLM0033780,BEN_00163,Electronic City,2025-04-09,21,0,0,0,0,0,0,0,0,0,0.0,0.137075,1,1.0,0,180,4,3,0.6082,0.0,GREEN,45,Bengaluru
CLM0033781,BEN_00835,Electronic City,2025-01-13,15,0,0,0,0,0,0,0,0,0,0.0,0.319705,0,0.0,0,87,1,2,0.074,0.0,GREEN,44,Bengaluru
CLM0033782,BEN_01414,Yelahanka,2024-12-03,17,0,0,0,0,0,0,0,0,0,0.0,0.349126,0,0.0,0,182,4,3,0.67,0.0,GREEN,50,Bengaluru
CLM0033783,BEN_00865,Marathahalli,2025-04-12,7,0,0,0,0,0,0,0,0,0,0.0,0.210891,0,0.0,0,420,1,4,0.7964,0.0246,GREEN,54,Bengaluru
CLM0033784,BEN_01399,Electronic City,2023-12-19,12,0,0,0,0,0,0,0,0,0,0.0,0.24723,0,0.0,0,59,0,0,0.566,0.0,GREEN,46,Bengaluru
CLM0033785,BEN_06549,Rajajinagar,2023-12-30,21,0,0,0,0,0,0,1,0,0,0.0,0.178767,0,0.0,0,212,0,2,0.8959,0.0519,GREEN,45,Bengaluru
CLM0033786,BEN_05579,Indiranagar,2024-10-09,8,0,0,0,0,0,0,0,0,1,0.0,0.0,0,0.0,0,190,1,3,0.9159,0.1791,GREEN,65,Bengaluru
CLM0033787,BEN_07424,HSR Layout,2024-01-13,17,0,0,0,0,0,0,0,0,0,0.0,0.020269,0,0.0,0,420,3,0,0.7203,0.1476,GREEN,47,Bengaluru
CLM0033788,BEN_08194,Jayanagar,2019-04-01,7,0,0,0,0,0,0,0,0,1,0.0,0.223664,0,0.0,0,238,2,0,0.5512,0.1869,GREEN,38,Bengaluru
CLM0033789,BEN_04185,Koramangala,2019-10-05,8,0,0,0,0,0,0,0,0,0,0.0,0.17205,0,0.0,0,131,1,4,0.6353,0.0342,GREEN,52,Bengaluru
CLM0033790,BEN_03726,Yelahanka,2025-07-22,14,0,0,0,0,0,0,0,0,0,0.0,0.152484,0,0.0,0,262,1,5,0.6494,0.0,GREEN,41,Bengaluru
CLM0033791,BEN_08101,Yelahanka,2024-06-19,20,0,0,0,0,0,0,0,0,0,0.0,0.070733,0,0.0,0,420,2,2,0.98,0.0083,GREEN,18,Bengaluru
CLM0033792,BEN_01743,Electronic City,2025-03-14,7,0,0,0,0,0,0,0,0,0,0.0,0.249108,0,0.0,0,20,2,2,0.2994,0.0318,GREEN,42,Bengaluru
CLM0033793,BEN_04795,Marathahalli,2019-08-04,15,0,0,0,0,0,0,0,0,0,0.0,0.322579,0,0.0,0,420,3,5,0.4579,0.0222,GREEN,51,Bengaluru
CLM0033794,BEN_03881,Jayanagar,2023-03-20,14,0,0,0,0,1,1,1,1,1,0.0,0.113155,0,0.0,1,5,4,11,0.9737,0.0,GREEN,30,Bengaluru
CLM0033795,BEN_01790,Koramangala,2025-08-04,16,0,0,0,0,0,0,0,0,0,0.0,0.370619,0,0.0,0,420,1,5,0.1701,0.0,GREEN,31,Bengaluru
CLM0033796,BEN_02942,Rajajinagar,2019-02-16,13,0,0,0,0,0,0,0,0,0,0.0,0.218112,0,0.0,0,420,2,3,0.0556,0.0,GREEN,24,Bengaluru
CLM0033797,BEN_06398,Marathahalli,2025-12-07,11,0,0,0,0,0,1,0,0,0,0.0,0.255405,0,0.0,0,254,2,3,0.875,0.1654,GREEN,46,Bengaluru
CLM0033798,BEN_05220,Indiranagar,2023-11-10,18,0,0,0,0,0,0,0,1,0,0.0,0.048358,0,0.0,0,157,2,7,0.8921,0.134,GREEN,26,Bengaluru
CLM0033799,BEN_07174,Rajajinagar,2022-05-04,18,0,0,0,0,0,0,0,0,0,0.0,0.398238,0,0.0,0,115,0,0,0.7162,0.0173,GREEN,50,Bengaluru
CLM0033800,BEN_02332,Koramangala,2025-09-09,19,0,0,0,0,0,0,1,0,0,0.0,0.112791,0,1.0,0,326,0,5,0.05,0.0744,GREEN,29,Bengaluru
CLM0033801,BEN_08706,Indiranagar,2023-05-03,7,0,0,0,0,0,0,0,0,0,0.0,0.268183,0,0.0,0,353,1,4,0.6381,0.0,GREEN,64,Bengaluru
CLM0033802,BEN_09139,Jayanagar,2022-08-13,17,0,0,0,0,0,0,0,0,1,0.0,0.260599,0,0.0,0,332,2,3,0.7717,0.1567,GREEN,32,Bengaluru
CLM0033803,BEN_06535,Whitefield,2025-01-31,16,0,0,0,0,0,0,0,1,0,0.0,0.351277,0,0.0,0,283,3,0,0.685,0.0895,GREEN,55,Bengaluru
CLM0033804,BEN_09773,BTM Layout,2023-04-30,15,0,0,0,0,0,0,0,0,0,1.0,0.292322,0,0.0,0,5,0,2,0.7436,0.152,GREEN,53,Bengaluru
CLM0033805,BEN_05596,Koramangala,2022-08-13,10,0,0,0,1,1,0,0,0,0,0.0,0.264938,0,0.0,0,420,2,3,0.9279,0.3301,YELLOW,32,Bengaluru
CLM0033806,BEN_06033,Koramangala,2024-03-22,14,0,0,0,0,0,0,0,0,0,0.0,0.024709,0,0.0,0,211,0,3,0.4158,0.0,GREEN,18,Bengaluru
CLM0033807,BEN_06303,Whitefield,2024-01-17,14,0,0,0,0,0,0,0,0,0,0.0,0.311917,0,0.0,0,305,2,5,0.4996,0.0,GREEN,55,Bengaluru
CLM0033808,BEN_06117,Whitefield,2024-07-09,19,0,0,0,0,0,0,0,0,1,0.0,0.080393,0,0.0,0,420,3,4,0.8766,0.0812,GREEN,40,Bengaluru
CLM0033809,BEN_06757,Koramangala,2024-02-07,21,0,0,0,0,0,0,0,0,0,0.0,0.330276,0,0.0,0,27,4,0,0.8148,0.1092,GREEN,44,Bengaluru
CLM0033810,BEN_06141,Marathahalli,2023-08-16,12,0,0,0,0,0,0,0,0,0,0.0,0.130731,0,0.0,0,420,4,4,0.8319,0.0006,GREEN,35,Bengaluru
CLM0033811,BEN_02670,Rajajinagar,2024-02-03,15,0,0,0,0,0,0,0,0,0,0.0,0.017242,0,0.0,0,126,3,4,0.8854,0.0603,GREEN,41,Bengaluru
CLM0033812,BEN_06759,Electronic City,2024-07-23,18,0,0,0,0,0,0,0,0,0,0.0,0.144102,0,0.0,0,144,0,0,0.1358,0.0,GREEN,31,Bengaluru
CLM0033813,BEN_06912,Yelahanka,2024-01-03,11,0,0,0,0,0,0,0,0,0,0.0,0.205264,1,0.0,0,52,2,4,0.6413,0.0893,GREEN,62,Bengaluru
CLM0033814,BEN_04188,Indiranagar,2022-03-11,18,0,0,0,0,0,0,1,0,0,0.0,0.976705,0,0.0,0,208,4,4,0.8202,0.0308,GREEN,51,Bengaluru
CLM0033815,BEN_03639,Jayanagar,2022-07-07,10,0,0,0,0,0,0,0,0,0,0.0,0.295053,0,1.0,0,198,3,1,0.6234,0.0106,GREEN,50,Bengaluru
CLM0033816,BEN_00455,HSR Layout,2024-12-20,10,0,0,0,0,0,0,0,0,0,0.0,0.003783,0,1.0,0,404,2,2,0.812,0.0226,GREEN,50,Bengaluru
CLM0033817,BEN_01205,Yelahanka,2024-07-30,21,0,0,0,0,0,0,0,0,0,0.0,0.081054,0,0.0,0,344,4,3,0.4182,0.0555,GREEN,40,Bengaluru
CLM0033818,BEN_02505,Marathahalli,2021-11-08,21,0,0,0,0,0,0,0,0,0,0.0,0.122662,0,0.0,0,105,1,1,0.776,0.0,GREEN,63,Bengaluru
CLM0033819,BEN_01804,Electronic City,2022-09-26,19,0,0,0,0,0,0,1,0,0,0.0,0.048303,0,0.0,0,155,4,6,0.2686,0.0922,GREEN,35,Bengaluru
CLM0033820,BEN_02188,Marathahalli,2020-08-16,19,0,0,0,0,0,0,0,1,0,0.0,0.291932,0,1.0,0,323,0,0,0.7315,0.1504,GREEN,38,Bengaluru
CLM0033821,BEN_00094,Yelahanka,2017-01-08,21,0,0,0,0,0,1,0,0,0,0.0,0.387503,0,0.0,0,246,4,0,0.965,0.0803,GREEN,37,Bengaluru
CLM0033822,BEN_05458,Electronic City,2022-12-19,11,0,0,0,0,0,1,0,0,0,0.0,0.992625,0,0.0,0,227,1,2,0.6939,0.0834,GREEN,30,Bengaluru
CLM0033823,BEN_06728,HSR Layout,2018-09-04,20,0,0,0,0,0,0,0,0,0,0.0,0.194616,0,0.0,0,364,3,1,0.3429,0.0693,GREEN,32,Bengaluru
CLM0033824,BEN_02842,Jayanagar,2023-09-01,19,0,0,0,0,0,0,0,0,0,0.0,0.906366,0,0.0,0,420,2,0,0.7516,0.0,GREEN,48,Bengaluru
CLM0033825,BEN_02759,HSR Layout,2024-08-03,20,0,0,0,0,0,0,0,0,0,0.0,0.322881,0,0.0,0,323,0,3,0.9797,0.0,GREEN,48,Bengaluru
CLM0033826,BEN_01778,Electronic City,2021-11-01,14,0,0,0,0,0,1,0,0,0,0.0,0.314127,0,0.0,0,187,2,0,0.5281,0.0873,GREEN,23,Bengaluru
CLM0033827,BEN_02615,Yelahanka,2022-07-18,9,0,0,0,0,0,0,0,0,0,0.0,0.392084,0,0.0,0,9,0,1,0.4271,0.0,GREEN,40,Bengaluru
CLM0033828,BEN_00082,HSR Layout,2021-12-02,16,0,0,0,0,0,0,1,0,0,0.0,0.080936,0,0.0,0,186,2,0,0.6569,0.1153,GREEN,47,Bengaluru
CLM0033829,BEN_01097,Indiranagar,2025-07-01,15,0,0,0,0,0,1,0,0,0,1.0,0.309968,0,0.0,0,420,0,2,0.6024,0.1349,GREEN,60,Bengaluru
CLM0033830,BEN_00164,BTM Layout,2020-03-09,13,0,0,0,0,0,0,0,0,0,0.0,1.0,0,0.0,0,149,0,3,0.7466,0.0,GREEN,53,Bengaluru
CLM0033831,BEN_05475,BTM Layout,2022-09-02,7,0,0,0,0,0,0,0,0,0,0.0,1.0,1,1.0,0,334,4,1,0.8445,0.1733,GREEN,55,Bengaluru
CLM0033832,BEN_06424,Marathahalli,2023-08-08,20,0,0,0,0,0,1,1,0,0,0.0,1.0,0,0.0,0,405,3,1,0.5817,0.2214,GREEN,44,Bengaluru
CLM0033833,BEN_03258,Yelahanka,2024-07-31,20,0,0,0,0,0,0,0,1,0,0.0,0.172155,0,1.0,0,368,1,4,0.3788,0.0,GREEN,32,Bengaluru
CLM0033834,BEN_07094,HSR Layout,2022-11-02,20,0,1,1,0,0,0,0,0,0,0.0,0.114358,0,0.0,0,420,4,2,0.7978,0.0,GREEN,31,Bengaluru
CLM0033835,BEN_09401,HSR Layout,2023-10-14,9,0,0,0,0,0,0,0,0,0,0.0,0.411431,0,0.0,0,322,0,0,0.175,0.0543,GREEN,65,Bengaluru
CLM0033836,BEN_06002,Marathahalli,2021-11-04,21,0,0,0,0,0,0,0,0,0,0.0,0.049057,0,0.0,0,227,3,0,0.7365,0.0224,GREEN,52,Bengaluru
CLM0033837,BEN_04415,Electronic City,2025-09-07,11,0,0,0,0,0,0,0,0,0,0.0,0.243225,0,0.0,0,390,4,0,0.8617,0.0416,GREEN,29,Bengaluru
CLM0033838,BEN_01000,BTM Layout,2021-05-23,13,0,0,0,0,0,0,0,0,0,0.0,0.94144,0,0.0,0,409,1,0,0.9642,0.0871,GREEN,45,Bengaluru
CLM0033839,BEN_08839,BTM Layout,2020-08-16,8,0,0,0,0,0,0,0,0,0,0.0,0.256235,0,1.0,0,29,1,2,0.7507,0.053,GREEN,50,Bengaluru
CLM0033840,BEN_03166,Electronic City,2023-10-14,7,0,0,0,0,0,0,0,0,1,0.0,0.030824,0,0.0,1,135,3,2,0.8349,0.1787,GREEN,49,Bengaluru
CLM0033841,BEN_01444,Jayanagar,2023-01-10,7,0,0,0,1,0,0,1,1,0,0.0,0.911889,0,0.0,1,27,2,18,0.3352,0.0321,GREEN,37,Bengaluru
CLM0033842,BEN_05770,Electronic City,2024-02-02,17,0,0,0,0,0,0,0,0,0,0.0,0.136938,0,0.0,0,110,1,0,0.9306,0.0,GREEN,47,Bengaluru
CLM0033843,BEN_04198,Jayanagar,2023-10-22,19,0,0,0,0,0,1,1,1,1,0.0,0.473454,0,1.0,0,18,0,18,0.1712,0.0036,GREEN,35,Bengaluru
CLM0033844,BEN_06469,Marathahalli,2021-02-02,17,0,0,0,0,0,1,0,0,0,0.0,0.233425,0,0.0,0,327,0,0,0.77,0.0919,GREEN,37,Bengaluru
CLM0033845,BEN_02212,BTM Layout,2024-03-28,20,0,0,0,0,0,0,0,0,0,0.0,0.267439,0,0.0,1,372,0,3,0.8532,0.0602,GREEN,59,Bengaluru
CLM0033846,BEN_07440,Whitefield,2025-01-04,19,0,0,0,0,0,0,0,0,0,0.0,0.048144,0,0.0,0,420,4,4,0.2533,0.0306,GREEN,43,Bengaluru
CLM0033847,BEN_02594,Marathahalli,2019-01-29,19,0,0,0,0,0,0,0,0,1,0.0,0.013931,0,0.0,0,420,4,0,0.8496,0.1378,GREEN,53,Bengaluru
CLM0033848,BEN_03143,BTM Layout,2022-04-04,19,0,0,0,0,0,0,0,1,0,0.0,0.983091,0,0.0,0,142,3,0,0.6565,0.145,GREEN,50,Bengaluru
CLM0033849,BEN_07569,Jayanagar,2024-01-23,7,0,0,0,0,0,0,0,0,0,0.0,0.268619,0,0.0,0,117,4,3,0.7947,0.0088,GREEN,43,Bengaluru
CLM0033850,BEN_00456,Rajajinagar,2018-01-25,15,0,0,0,0,0,1,0,1,0,0.0,0.036753,0,0.0,0,382,2,3,0.6006,0.3175,YELLOW,37,Bengaluru
CLM0033851,BEN_05866,Indiranagar,2020-06-04,11,0,0,0,0,0,0,0,0,0,0.0,0.051387,0,0.0,1,55,2,7,0.5736,0.1855,GREEN,49,Bengaluru
CLM0033852,BEN_03765,Electronic City,2019-04-05,20,0,0,0,0,0,0,0,0,0,0.0,0.407696,0,0.0,0,407,1,7,0.8192,0.0206,GREEN,59,Bengaluru
CLM0033853,BEN_08379,Marathahalli,2020-08-27,17,0,0,0,0,0,0,0,0,0,0.0,0.416147,0,0.0,0,198,3,1,0.8265,0.0319,GREEN,39,Bengaluru
CLM0033854,BEN_01392,Koramangala,2023-06-10,13,0,0,0,0,0,0,0,1,0,1.0,0.331147,0,0.0,0,255,1,0,0.6251,0.1536,GREEN,52,Bengaluru
CLM0033855,BEN_07674,Indiranagar,2024-04-24,11,0,0,0,1,0,0,0,0,0,0.0,0.174567,0,0.0,0,175,0,5,0.7387,0.2539,GREEN,60,Bengaluru
CLM0033856,BEN_02615,Yelahanka,2019-03-10,7,0,0,0,0,0,0,0,0,0,0.0,0.448221,0,0.0,0,101,1,2,0.6962,0.0,GREEN,40,Bengaluru
CLM0033857,BEN_05119,Yelahanka,2023-11-17,14,0,0,0,0,0,0,0,0,0,0.0,0.286034,0,0.0,0,237,4,0,0.9047,0.0737,GREEN,59,Bengaluru
CLM0033858,BEN_03335,BTM Layout,2019-10-29,7,0,0,0,0,0,0,0,0,0,0.0,0.079507,0,0.0,0,414,4,4,0.949,0.0357,GREEN,49,Bengaluru
CLM0033859,BEN_02740,Marathahalli,2021-08-21,19,0,0,0,0,1,0,0,0,0,0.0,0.299554,0,0.0,0,88,0,2,0.98,0.1203,GREEN,39,Bengaluru
CLM0033860,BEN_09027,Electronic City,2020-02-10,14,0,0,0,0,0,0,0,0,0,0.0,0.415895,0,0.0,0,420,2,1,0.837,0.0346,GREEN,43,Bengaluru
CLM0033861,BEN_02072,HSR Layout,2020-03-14,15,0,0,0,0,0,0,0,0,0,0.0,0.249536,0,0.0,0,34,2,4,0.8397,0.0568,GREEN,58,Bengaluru
CLM0033862,BEN_01693,Jayanagar,2017-08-28,21,0,0,0,0,1,0,0,0,0,0.0,0.0,0,0.0,0,399,1,1,0.8916,0.0881,GREEN,51,Bengaluru
CLM0033863,BEN_02067,Koramangala,2025-08-20,16,0,0,0,0,0,0,0,0,0,0.0,0.329205,0,0.0,0,256,2,0,0.8056,0.0706,GREEN,57,Bengaluru
CLM0033864,BEN_09905,HSR Layout,2021-05-11,10,0,0,0,0,0,0,0,1,0,0.0,0.227993,0,0.0,0,117,3,2,0.801,0.0595,GREEN,27,Bengaluru
CLM0033865,BEN_08264,Koramangala,2021-02-07,8,0,0,0,0,0,0,0,0,0,0.0,0.238877,0,0.0,0,41,0,4,0.6803,0.0606,GREEN,41,Bengaluru
CLM0033866,BEN_05725,Electronic City,2023-11-18,13,0,0,0,0,0,0,0,0,0,0.0,0.401004,0,0.0,0,83,1,0,0.98,0.0,GREEN,39,Bengaluru
CLM0033867,BEN_02351,Indiranagar,2019-10-19,17,0,0,0,0,0,0,0,0,0,0.0,0.323832,0,0.0,0,420,3,1,0.804,0.0,GREEN,49,Bengaluru
CLM0033868,BEN_07295,Electronic City,2024-06-06,11,0,0,0,0,0,0,0,0,0,0.0,0.29162,0,0.0,0,160,0,0,0.8682,0.0,GREEN,40,Bengaluru
CLM0033869,BEN_01421,HSR Layout,2017-08-30,21,0,0,0,0,0,0,0,1,0,0.0,0.299038,0,0.0,0,420,3,2,0.0896,0.151,GREEN,41,Bengaluru
CLM0033870,BEN_08251,HSR Layout,2022-09-15,17,0,0,0,1,0,0,0,0,0,0.0,0.084663,0,0.0,0,420,3,3,0.9714,0.1268,GREEN,45,Bengaluru
CLM0033871,BEN_01227,Whitefield,2019-08-05,21,0,0,0,0,0,0,0,0,0,0.0,0.908529,0,0.0,0,262,2,4,0.9653,0.0038,GREEN,31,Bengaluru
CLM0033872,BEN_02585,Koramangala,2021-08-04,16,0,0,0,0,0,0,0,0,0,0.0,0.057187,0,0.0,0,147,0,0,0.05,0.0095,GREEN,44,Bengaluru
CLM0033873,BEN_05248,Jayanagar,2022-10-11,7,0,0,0,0,0,0,0,0,0,0.0,0.426615,0,0.0,0,116,4,3,0.0937,0.0145,GREEN,51,Bengaluru
CLM0033874,BEN_00780,Yelahanka,2025-04-26,17,0,0,0,0,0,0,0,0,0,0.0,0.389609,0,0.0,0,177,0,1,0.98,0.0,GREEN,47,Bengaluru
CLM0033875,BEN_03676,Marathahalli,2025-09-15,12,0,0,0,0,0,0,0,1,0,0.0,0.366723,0,0.0,0,420,4,0,0.1793,0.0663,GREEN,51,Bengaluru
CLM0033876,BEN_03893,Koramangala,2022-07-12,13,0,0,0,0,0,0,0,1,0,0.0,0.279187,0,0.0,0,213,0,2,0.5356,0.091,GREEN,28,Bengaluru
CLM0033877,BEN_06473,HSR Layout,2024-12-16,9,0,0,0,0,0,0,0,0,0,0.0,0.282576,0,0.0,0,78,3,5,0.6829,0.0,GREEN,35,Bengaluru
CLM0033878,BEN_03533,BTM Layout,2022-01-12,12,0,0,0,0,1,0,0,0,0,0.0,0.154119,1,0.0,0,207,2,0,0.6076,0.2783,GREEN,43,Bengaluru
CLM0033879,BEN_07382,Rajajinagar,2024-02-15,18,0,0,0,1,0,0,0,0,1,0.0,0.176024,0,0.0,0,71,4,4,0.98,0.4881,YELLOW,28,Bengaluru
CLM0033880,BEN_04693,Indiranagar,2018-07-29,9,0,1,1,0,1,1,0,1,0,0.0,1.0,1,0.0,0,14,1,18,0.3377,0.5964,YELLOW,40,Bengaluru
CLM0033881,BEN_08407,Jayanagar,2023-03-11,10,0,1,1,1,0,0,0,0,0,0.0,0.258192,1,0.0,0,266,1,2,0.5998,0.3164,YELLOW,47,Bengaluru
CLM0033882,BEN_07083,Whitefield,2016-09-11,11,0,1,1,1,0,1,1,1,1,0.0,1.0,1,1.0,1,5,2,18,0.1315,0.8142,RED,26,Bengaluru
CLM0033883,BEN_07063,Yelahanka,2018-05-22,11,0,1,1,1,1,1,1,0,0,1.0,0.427643,0,1.0,1,5,0,18,0.1383,0.6098,YELLOW,32,Bengaluru
CLM0033884,BEN_07135,Yelahanka,2020-03-16,19,0,1,1,0,0,0,0,0,0,0.0,0.409092,0,0.0,0,314,0,2,0.9125,0.8111,RED,43,Bengaluru
CLM0033885,BEN_04167,Marathahalli,2017-09-21,17,0,1,1,1,0,0,1,0,0,1.0,1.0,1,0.0,0,5,2,18,0.1402,0.263,GREEN,45,Bengaluru
CLM0033886,BEN_03639,Jayanagar,2025-08-07,7,0,1,1,1,0,1,1,1,1,0.0,1.0,0,1.0,0,27,0,18,0.1867,0.6869,RED,50,Bengaluru
CLM0033887,BEN_00842,Koramangala,2017-07-30,16,0,1,1,1,1,1,0,0,1,0.0,1.0,0,1.0,0,5,0,18,0.98,0.8252,RED,36,Bengaluru
CLM0033888,BEN_03363,Whitefield,2025-10-08,10,0,1,1,0,0,0,0,0,0,0.0,0.006115,0,0.0,0,275,0,3,0.7077,0.7346,RED,36,Bengaluru
CLM0033889,BEN_02696,Whitefield,2025-05-12,20,0,1,1,0,1,0,1,1,1,1.0,0.247895,0,0.0,0,5,1,18,0.3256,0.4348,YELLOW,49,Bengaluru
CLM0033890,BEN_07037,Marathahalli,2022-04-02,20,0,0,0,0,0,0,0,0,0,0.0,0.108895,0,0.0,0,346,3,4,0.98,0.0688,GREEN,69,Bengaluru
CLM0033891,BEN_02559,Jayanagar,2022-06-25,12,0,1,1,0,0,0,0,0,0,0.0,0.299475,0,0.0,0,208,2,1,0.2147,0.0,GREEN,40,Bengaluru
CLM0033892,BEN_00527,Yelahanka,2025-07-26,19,0,0,0,0,0,0,0,1,0,0.0,0.19959,0,0.0,0,165,1,5,0.7019,0.1006,GREEN,29,Bengaluru
CLM0033893,BEN_02668,BTM Layout,2025-03-02,7,0,0,0,0,0,0,0,0,0,1.0,0.15076,0,0.0,0,420,2,3,0.6568,0.1082,GREEN,24,Bengaluru
CLM0033894,BEN_02808,Electronic City,2022-09-12,19,0,0,0,0,0,0,0,0,0,0.0,0.181996,0,0.0,0,16,4,0,0.6487,0.0567,GREEN,51,Bengaluru
CLM0033895,BEN_07518,Indiranagar,2024-06-14,13,0,1,1,0,0,0,0,0,0,0.0,0.240207,0,0.0,0,420,1,1,0.6898,0.0,GREEN,54,Bengaluru
CLM0033896,BEN_07886,Indiranagar,2024-07-14,14,0,0,0,0,0,0,0,0,0,0.0,0.207477,0,0.0,0,419,4,2,0.6762,0.1291,GREEN,22,Bengaluru
CLM0033897,BEN_09557,Electronic City,2025-03-14,15,0,0,0,0,0,0,0,0,0,0.0,0.384709,0,0.0,0,30,2,0,0.9481,0.0,GREEN,39,Bengaluru
CLM0033898,BEN_00171,Yelahanka,2023-09-20,20,0,0,0,0,0,0,0,0,0,0.0,0.381472,0,0.0,1,187,2,3,0.7312,0.0633,GREEN,51,Bengaluru
CLM0033899,BEN_01335,Jayanagar,2021-10-03,14,0,0,0,0,0,0,0,0,0,0.0,0.200575,0,0.0,0,420,4,2,0.5931,0.0,GREEN,37,Bengaluru
CLM0033900,BEN_09143,Whitefield,2024-05-04,15,0,1,1,0,0,0,0,0,0,0.0,0.300901,0,0.0,0,29,2,0,0.3046,0.0188,GREEN,51,Bengaluru
CLM0033901,BEN_07727,Koramangala,2023-01-16,16,0,0,0,0,0,0,0,0,0,0.0,8.4e-05,0,0.0,0,374,2,6,0.7897,0.0055,GREEN,53,Bengaluru
CLM0033902,BEN_04783,Indiranagar,2024-04-07,18,0,0,0,0,0,0,1,0,0,0.0,0.0031,0,0.0,0,291,2,0,0.57,0.0364,GREEN,43,Bengaluru
CLM0033903,BEN_01932,Marathahalli,2021-04-23,14,0,0,0,0,0,0,0,0,0,0.0,0.285,0,0.0,0,134,4,4,0.5719,0.0221,GREEN,47,Bengaluru
CLM0033904,BEN_08130,Jayanagar,2023-05-13,10,0,0,0,0,1,0,0,0,0,0.0,0.172836,1,0.0,0,259,1,2,0.2545,0.1931,GREEN,40,Bengaluru
CLM0033905,BEN_07487,Koramangala,2024-03-12,15,0,0,0,0,0,1,0,0,0,0.0,0.077376,0,0.0,0,205,4,3,0.2532,0.1235,GREEN,35,Bengaluru
CLM0033906,BEN_04531,Jayanagar,2025-07-24,9,0,0,0,1,0,0,0,0,0,0.0,0.116874,0,0.0,0,420,4,0,0.8847,0.2394,GREEN,55,Bengaluru
CLM0033907,BEN_00593,Yelahanka,2022-01-14,15,0,0,0,0,0,1,0,0,0,0.0,0.232174,0,0.0,1,420,1,4,0.98,0.2344,GREEN,50,Bengaluru
CLM0033908,BEN_03992,Yelahanka,2025-05-16,16,0,0,0,0,0,0,0,0,1,0.0,0.0,0,0.0,0,420,3,5,0.4623,0.0898,GREEN,50,Bengaluru
CLM0033909,BEN_09421,Marathahalli,2021-11-10,7,0,0,0,0,1,1,0,0,0,0.0,0.259835,0,0.0,0,420,0,2,0.7851,0.2026,GREEN,57,Bengaluru
CLM0033910,BEN_00578,Electronic City,2020-09-22,18,0,1,1,0,0,0,0,0,0,0.0,0.305013,0,0.0,1,394,4,3,0.9062,0.085,GREEN,75,Bengaluru
CLM0033911,BEN_04876,Electronic City,2021-01-30,18,0,0,0,0,0,0,0,0,0,0.0,0.284792,0,0.0,0,420,2,1,0.8346,0.0379,GREEN,54,Bengaluru
CLM0033912,BEN_05267,Whitefield,2018-11-21,21,0,1,1,0,0,1,0,1,0,0.0,0.090417,0,0.0,0,74,4,5,0.6376,0.2823,GREEN,33,Bengaluru
CLM0033913,BEN_01178,BTM Layout,2022-06-29,10,0,0,0,1,1,1,1,1,1,1.0,0.960592,0,0.0,1,27,4,18,0.8138,0.1163,GREEN,50,Bengaluru
CLM0033914,BEN_09038,Whitefield,2024-09-14,12,0,0,0,0,0,0,0,0,0,0.0,0.007587,0,0.0,0,119,1,0,0.98,0.0549,GREEN,49,Bengaluru
CLM0033915,BEN_06668,BTM Layout,2022-06-10,21,0,0,0,0,0,0,0,0,0,0.0,0.026746,0,0.0,0,166,0,3,0.7007,0.012,GREEN,50,Bengaluru
CLM0033916,BEN_02141,Rajajinagar,2024-02-04,19,0,0,0,0,1,0,0,0,1,0.0,0.343267,0,0.0,0,254,4,4,0.6103,0.0,GREEN,55,Bengaluru
CLM0033917,BEN_07595,Marathahalli,2024-11-09,19,0,0,0,0,0,0,0,0,0,0.0,0.143689,0,0.0,0,68,4,3,0.98,0.0103,GREEN,45,Bengaluru
CLM0033918,BEN_05473,Marathahalli,2023-02-25,19,0,0,0,0,0,0,0,0,0,0.0,0.0,0,0.0,0,173,0,5,0.9396,0.1212,GREEN,48,Bengaluru
CLM0033919,BEN_01097,Indiranagar,2022-07-11,21,0,0,0,0,0,0,1,0,0,0.0,0.448356,0,1.0,0,349,3,2,0.8796,0.0817,GREEN,60,Bengaluru
CLM0033920,BEN_03103,Indiranagar,2023-04-14,8,0,0,0,0,0,0,0,0,0,0.0,0.341753,0,0.0,0,420,1,3,0.962,0.013,GREEN,44,Bengaluru
CLM0033921,BEN_00463,Koramangala,2022-01-24,17,0,0,0,0,0,0,0,0,0,0.0,1.0,0,0.0,0,366,3,2,0.968,0.0421,GREEN,60,Bengaluru
CLM0033922,BEN_01491,Whitefield,2022-10-05,20,0,0,0,0,0,0,0,0,0,0.0,0.126448,0,0.0,0,65,4,1,0.6579,0.0,GREEN,45,Bengaluru
CLM0033923,BEN_01160,BTM Layout,2024-02-19,10,0,0,0,0,0,0,0,0,1,0.0,0.351467,0,0.0,0,277,4,0,0.2024,0.2354,GREEN,62,Bengaluru
CLM0033924,BEN_07481,Rajajinagar,2022-07-26,20,0,0,0,0,0,0,1,0,0,0.0,0.992227,0,0.0,0,323,2,2,0.4017,0.1084,GREEN,29,Bengaluru
CLM0033925,BEN_00490,Yelahanka,2024-04-01,19,0,0,0,0,0,0,0,0,0,1.0,0.314051,0,0.0,0,121,0,5,0.6107,0.1439,GREEN,38,Bengaluru
CLM0033926,BEN_09498,BTM Layout,2022-02-21,19,0,0,0,1,0,0,0,0,1,1.0,0.116992,0,1.0,1,5,4,18,0.2213,0.1295,GREEN,34,Bengaluru
CLM0033927,BEN_05596,Koramangala,2022-09-13,12,0,0,0,0,0,0,1,0,0,0.0,0.370525,0,0.0,0,213,3,2,0.8333,0.113,GREEN,32,Bengaluru
CLM0033928,BEN_08915,Rajajinagar,2023-06-08,15,0,0,0,0,0,0,1,0,0,0.0,0.022643,1,0.0,0,335,3,0,0.98,0.0968,GREEN,46,Bengaluru
CLM0033929,BEN_06252,Jayanagar,2024-10-11,14,0,0,0,1,1,0,1,1,1,1.0,1.0,1,0.0,1,5,1,18,0.1563,0.058,GREEN,45,Bengaluru
CLM0033930,BEN_00714,BTM Layout,2024-04-12,10,0,0,0,0,0,1,0,0,0,0.0,0.303148,1,0.0,1,377,1,4,0.1945,0.1989,GREEN,53,Bengaluru
CLM0033931,BEN_05867,Whitefield,2025-10-26,18,0,0,0,0,0,0,0,0,0,1.0,0.979804,0,1.0,0,96,1,6,0.8812,0.0337,GREEN,27,Bengaluru
CLM0033932,BEN_07839,Jayanagar,2021-04-20,7,0,0,0,0,0,0,0,0,0,1.0,0.0,0,0.0,0,420,4,6,0.169,0.0359,GREEN,45,Bengaluru
CLM0033933,BEN_01265,HSR Layout,2024-01-24,7,0,0,0,0,0,0,0,0,0,0.0,0.040757,0,0.0,0,220,4,4,0.98,0.0402,GREEN,46,Bengaluru
CLM0033934,BEN_08141,Yelahanka,2023-09-11,18,0,0,0,0,0,0,0,0,0,0.0,1.0,0,0.0,0,420,4,4,0.9423,0.0,GREEN,34,Bengaluru
CLM0033935,BEN_05957,Electronic City,2024-09-11,14,0,0,0,0,0,0,0,0,0,0.0,0.067886,0,0.0,0,369,0,5,0.9783,0.0881,GREEN,26,Bengaluru
CLM0033936,BEN_03283,Yelahanka,2019-06-16,17,0,1,1,0,0,0,1,1,0,0.0,0.076861,1,0.0,0,34,3,18,0.98,0.0,GREEN,45,Bengaluru
CLM0033937,BEN_00399,HSR Layout,2023-12-10,8,0,0,0,0,0,0,0,0,0,0.0,0.056868,0,0.0,0,175,2,1,0.4795,0.0,GREEN,35,Bengaluru
CLM0033938,BEN_05688,HSR Layout,2025-03-20,17,0,0,0,0,0,0,0,0,0,0.0,0.101442,0,0.0,0,220,2,3,0.745,0.0198,GREEN,47,Bengaluru
CLM0033939,BEN_01223,Yelahanka,2022-07-18,11,0,0,0,0,0,0,0,0,0,1.0,0.347983,1,0.0,0,325,1,1,0.8329,0.1195,GREEN,50,Bengaluru
CLM0033940,BEN_08897,Yelahanka,2024-09-13,11,0,0,0,0,0,0,0,0,0,0.0,0.006947,0,0.0,0,317,1,2,0.98,0.0,GREEN,35,Bengaluru
CLM0033941,BEN_00464,Jayanagar,2022-04-25,19,0,0,0,1,1,0,1,1,1,1.0,0.995375,1,1.0,1,8,2,18,0.3022,0.1348,GREEN,41,Bengaluru
CLM0033942,BEN_06023,Indiranagar,2022-03-02,9,0,0,0,0,0,0,1,0,0,0.0,0.310685,0,0.0,0,271,0,0,0.9621,0.0161,GREEN,44,Bengaluru
CLM0033943,BEN_09724,HSR Layout,2021-08-20,15,0,0,0,0,0,0,1,0,0,0.0,1.0,0,0.0,0,267,0,0,0.602,0.1245,GREEN,54,Bengaluru
CLM0033944,BEN_01271,Indiranagar,2023-10-06,12,0,0,0,0,0,0,0,0,0,0.0,0.226167,0,1.0,0,147,2,0,0.6324,0.0,GREEN,36,Bengaluru
CLM0033945,BEN_08150,Koramangala,2021-08-19,14,0,0,0,0,0,0,0,0,0,0.0,0.211175,0,0.0,0,19,1,1,0.9015,0.0252,GREEN,41,Bengaluru
CLM0033946,BEN_00158,Rajajinagar,2024-02-05,20,0,0,0,0,0,0,0,0,0,0.0,0.337053,0,0.0,0,420,3,1,0.9721,0.0404,GREEN,25,Bengaluru
CLM0033947,BEN_09784,Jayanagar,2019-11-11,16,0,0,0,0,0,0,0,0,0,1.0,0.363781,0,0.0,0,203,0,0,0.6685,0.2063,GREEN,40,Bengaluru
CLM0033948,BEN_00376,Rajajinagar,2018-07-30,10,0,1,1,0,0,0,0,0,0,0.0,0.325721,0,0.0,0,285,3,6,0.4575,0.0,GREEN,50,Bengaluru
CLM0033949,BEN_01528,Marathahalli,2018-02-12,14,0,0,0,0,0,0,1,0,0,0.0,0.269747,0,0.0,0,342,1,5,0.98,0.0513,GREEN,61,Bengaluru
CLM0033950,BEN_03994,Koramangala,2023-09-10,18,0,0,0,0,0,0,1,0,0,1.0,0.243149,0,0.0,0,406,0,6,0.6327,0.1704,GREEN,65,Bengaluru
CLM0033951,BEN_02307,Yelahanka,2019-09-14,8,0,0,0,0,0,0,0,0,0,0.0,0.27465,0,0.0,0,197,2,8,0.98,0.0,GREEN,27,Bengaluru
CLM0033952,BEN_01159,Whitefield,2019-06-30,16,0,0,0,0,0,0,0,0,0,0.0,0.0,0,0.0,0,346,0,5,0.0715,0.0,GREEN,55,Bengaluru
CLM0033953,BEN_07366,Koramangala,2020-06-18,10,0,0,0,0,0,0,0,0,0,0.0,0.036455,0,0.0,0,278,1,1,0.2113,0.0,GREEN,35,Bengaluru
CLM0033954,BEN_00385,Yelahanka,2024-01-25,11,0,0,0,0,0,0,0,0,0,0.0,0.021697,0,0.0,0,139,1,0,0.4862,0.0287,GREEN,31,Bengaluru
CLM0033955,BEN_05397,Yelahanka,2021-03-05,7,0,0,0,0,0,0,0,0,0,0.0,0.002807,0,0.0,0,203,0,3,0.9203,0.0,GREEN,35,Bengaluru
CLM0033956,BEN_09764,BTM Layout,2020-04-30,16,0,0,0,0,0,0,1,0,0,0.0,0.210865,0,0.0,0,189,3,3,0.5328,0.0478,GREEN,45,Bengaluru
CLM0033957,BEN_04960,Jayanagar,2024-05-18,15,0,0,0,0,0,0,0,0,0,0.0,0.294981,0,0.0,0,369,4,1,0.7526,0.086,GREEN,34,Bengaluru
CLM0033958,BEN_03757,Indiranagar,2021-08-18,20,0,0,0,0,0,0,0,0,0,0.0,0.461409,0,0.0,0,173,0,0,0.7535,0.0017,GREEN,58,Bengaluru
CLM0033959,BEN_07431,Marathahalli,2020-07-28,17,0,0,0,0,0,1,0,0,0,0.0,0.013175,0,0.0,0,39,0,2,0.6937,0.0676,GREEN,41,Bengaluru
CLM0033960,BEN_00037,Marathahalli,2022-07-06,19,0,0,0,0,1,1,0,0,0,0.0,0.969762,0,0.0,0,348,3,4,0.152,0.1488,GREEN,50,Bengaluru
CLM0033961,BEN_07482,Jayanagar,2020-11-01,15,0,0,0,0,0,0,0,0,0,0.0,0.281512,0,0.0,0,373,2,2,0.2224,0.0792,GREEN,43,Bengaluru
CLM0033962,BEN_08624,Whitefield,2021-07-15,9,0,0,0,0,0,0,0,0,0,0.0,0.095234,0,0.0,0,420,2,2,0.1786,0.0,GREEN,45,Bengaluru
CLM0033963,BEN_02416,Marathahalli,2022-01-05,7,0,0,0,0,0,0,0,0,0,0.0,0.42251,0,0.0,0,56,0,0,0.9586,0.1553,GREEN,64,Bengaluru
CLM0033964,BEN_02291,BTM Layout,2025-12-16,7,0,0,0,0,0,1,0,0,0,0.0,0.210072,0,0.0,0,413,1,0,0.7351,0.1091,GREEN,29,Bengaluru
CLM0033965,BEN_09608,Jayanagar,2020-03-23,8,0,0,0,0,0,0,0,0,0,0.0,0.990974,0,0.0,1,420,1,2,0.4557,0.1406,GREEN,43,Bengaluru
CLM0033966,BEN_04051,HSR Layout,2023-06-15,19,0,0,0,0,1,0,0,0,0,0.0,0.0,0,0.0,0,380,4,1,0.6896,0.1125,GREEN,34,Bengaluru
CLM0033967,BEN_02695,Rajajinagar,2024-10-15,15,0,0,0,1,0,1,0,0,0,0.0,0.188567,0,0.0,0,399,3,2,0.781,0.2702,GREEN,55,Bengaluru
CLM0033968,BEN_04908,Electronic City,2022-01-05,10,0,0,0,0,0,0,0,0,0,0.0,0.241631,0,0.0,0,420,3,0,0.4138,0.0,GREEN,45,Bengaluru
CLM0033969,BEN_05980,Yelahanka,2024-10-03,21,0,0,0,0,0,0,0,0,0,0.0,0.059387,0,0.0,0,207,2,0,0.6598,0.0174,GREEN,18,Bengaluru
CLM0033970,BEN_07481,Rajajinagar,2023-10-02,13,0,0,0,0,0,0,0,0,0,0.0,0.153526,0,0.0,0,5,2,3,0.634,0.0,GREEN,29,Bengaluru
CLM0033971,BEN_08427,HSR Layout,2023-03-15,17,0,0,0,0,0,0,0,0,0,1.0,0.096631,0,0.0,1,78,2,1,0.8522,0.0719,GREEN,52,Bengaluru
CLM0033972,BEN_06426,Yelahanka,2025-10-12,21,0,0,0,0,0,1,1,0,0,0.0,0.214526,0,0.0,0,23,0,5,0.4851,0.1462,GREEN,45,Bengaluru
CLM0033973,BEN_04330,BTM Layout,2024-06-19,8,0,0,0,0,0,0,0,0,0,1.0,0.295025,0,0.0,1,292,3,2,0.1912,0.2015,GREEN,28,Bengaluru
CLM0033974,BEN_01132,Electronic City,2025-10-27,15,0,0,0,0,0,0,0,0,0,0.0,1.0,0,0.0,0,276,2,3,0.6515,0.0423,GREEN,35,Bengaluru
CLM0033975,BEN_06158,Koramangala,2024-08-16,21,0,0,0,0,0,0,0,0,0,0.0,0.180444,0,0.0,0,398,0,1,0.5515,0.0,GREEN,30,Bengaluru
CLM0033976,BEN_00385,Yelahanka,2024-10-04,11,0,0,0,0,0,0,0,0,0,0.0,0.315706,0,0.0,0,420,4,4,0.523,0.0,GREEN,31,Bengaluru
CLM0033977,BEN_01525,Electronic City,2017-06-30,20,0,0,0,0,0,0,0,0,0,0.0,0.177719,0,0.0,0,237,1,2,0.8945,0.0305,GREEN,55,Bengaluru
CLM0033978,BEN_03182,Koramangala,2025-11-13,19,0,0,0,0,0,0,0,0,0,0.0,0.903745,0,0.0,0,253,2,5,0.949,0.0,GREEN,49,Bengaluru
CLM0033979,BEN_09979,BTM Layout,2025-10-13,7,0,0,0,1,0,0,0,0,0,0.0,0.053414,0,1.0,0,5,3,1,0.7428,0.1187,GREEN,70,Bengaluru
CLM0033980,BEN_07731,Electronic City,2022-12-04,7,0,0,0,0,0,1,0,0,0,0.0,0.100896,0,0.0,0,356,3,1,0.6723,0.009,GREEN,18,Bengaluru
CLM0033981,BEN_01937,Jayanagar,2017-06-15,20,0,0,0,0,0,0,1,0,1,0.0,0.361232,0,0.0,0,371,3,0,0.6252,0.2183,GREEN,52,Bengaluru
CLM0033982,BEN_03085,Jayanagar,2018-09-06,19,0,0,0,0,1,0,0,1,0,1.0,0.0,1,0.0,0,5,4,18,0.7885,0.0133,GREEN,49,Bengaluru
CLM0033983,BEN_02718,Whitefield,2025-04-24,7,0,0,0,0,0,0,0,0,0,0.0,0.174521,0,0.0,0,256,0,3,0.5882,0.0559,GREEN,51,Bengaluru
CLM0033984,BEN_03546,Jayanagar,2020-07-26,20,0,0,0,0,0,0,0,0,0,0.0,0.390961,0,0.0,0,72,0,2,0.8412,0.0,GREEN,55,Bengaluru
CLM0033985,BEN_05868,Indiranagar,2018-03-06,15,0,0,0,0,0,0,0,0,0,1.0,0.347776,0,0.0,0,420,3,3,0.6945,0.0305,GREEN,52,Bengaluru
CLM0033986,BEN_02021,Jayanagar,2024-09-05,21,0,0,0,0,0,0,0,0,0,0.0,0.0,0,0.0,0,350,4,0,0.7616,0.0073,GREEN,58,Bengaluru
CLM0033987,BEN_04514,BTM Layout,2020-07-05,15,0,0,0,0,1,0,0,0,0,0.0,0.212283,0,0.0,0,294,4,0,0.1101,0.1771,GREEN,34,Bengaluru
CLM0033988,BEN_05953,Indiranagar,2024-08-12,11,0,1,1,0,0,0,0,0,0,0.0,0.258373,0,0.0,0,32,1,3,0.7849,0.0,GREEN,56,Bengaluru
CLM0033989,BEN_09052,Electronic City,2021-07-24,16,0,0,0,0,0,0,0,0,0,0.0,0.359503,0,0.0,0,216,2,1,0.5335,0.0,GREEN,56,Bengaluru
CLM0033990,BEN_03611,BTM Layout,2019-11-29,14,0,0,0,0,1,0,0,0,0,1.0,0.987316,0,0.0,0,407,2,3,0.8212,0.2461,GREEN,34,Bengaluru
CLM0033991,BEN_09855,Koramangala,2020-11-17,14,0,0,0,0,0,0,0,0,0,0.0,0.090168,0,0.0,0,334,4,5,0.4802,0.0,GREEN,42,Bengaluru
CLM0033992,BEN_08645,Whitefield,2025-07-30,14,0,0,0,0,0,0,0,0,0,1.0,0.267889,0,0.0,0,99,2,2,0.6689,0.0872,GREEN,32,Bengaluru
CLM0033993,BEN_00679,Jayanagar,2022-08-05,15,0,1,1,1,0,0,0,0,0,0.0,0.121171,0,0.0,0,202,1,0,0.7686,0.1814,GREEN,37,Bengaluru
CLM0033994,BEN_02698,Rajajinagar,2018-09-15,16,0,0,0,0,0,0,0,0,0,0.0,0.074731,0,0.0,0,225,1,4,0.8709,0.0,GREEN,38,Bengaluru
CLM0033995,BEN_06279,Koramangala,2025-08-31,8,0,0,0,0,0,0,0,1,0,0.0,0.925745,0,0.0,0,124,2,0,0.98,0.0379,GREEN,40,Bengaluru
CLM0033996,BEN_05013,Indiranagar,2022-05-27,8,0,0,0,0,0,0,0,0,0,0.0,0.209321,0,0.0,0,420,2,5,0.9255,0.1166,GREEN,59,Bengaluru
CLM0033997,BEN_03001,Electronic City,2019-06-22,12,0,0,0,0,0,0,0,0,0,0.0,0.080304,0,0.0,0,106,2,3,0.8866,0.06,GREEN,54,Bengaluru
CLM0033998,BEN_03492,Koramangala,2024-09-04,14,0,0,0,0,0,0,1,0,0,0.0,0.254371,0,0.0,0,232,0,0,0.8112,0.0,GREEN,32,Bengaluru
CLM0033999,BEN_07171,Yelahanka,2019-12-03,11,0,0,0,0,1,0,0,1,0,0.0,0.0,0,0.0,0,401,0,1,0.5463,0.2073,GREEN,28,Bengaluru
CLM0034000,BEN_08620,Electronic City,2024-12-07,20,0,0,0,0,0,0,1,0,0,0.0,0.079095,0,0.0,0,265,3,7,0.7593,0.0,GREEN,44,Bengaluru
CLM0034001,BEN_02037,Whitefield,2022-07-25,9,0,0,0,0,0,0,0,0,0,0.0,0.309675,0,0.0,0,291,0,2,0.7882,0.0241,GREEN,41,Bengaluru
CLM0034002,BEN_01781,HSR Layout,2022-04-08,21,0,0,0,0,0,0,0,1,0,1.0,0.339354,0,0.0,0,197,0,5,0.5943,0.2812,GREEN,40,Bengaluru
CLM0034003,BEN_00118,Indiranagar,2022-06-25,9,0,0,0,0,0,1,0,0,0,0.0,0.0,0,0.0,0,23,1,2,0.1015,0.0935,GREEN,61,Bengaluru
CLM0034004,BEN_02253,Jayanagar,2024-08-26,19,0,0,0,1,0,0,0,1,0,0.0,0.37512,0,0.0,0,192,0,5,0.5408,0.2729,GREEN,41,Bengaluru
CLM0034005,BEN_03703,BTM Layout,2023-02-08,15,0,1,1,0,0,0,0,0,1,0.0,0.449046,0,0.0,0,234,3,2,0.6385,0.0356,GREEN,36,Bengaluru
CLM0034006,BEN_09976,Electronic City,2018-01-03,16,0,0,0,0,1,0,0,0,0,0.0,0.19922,0,1.0,0,236,1,3,0.7575,0.1217,GREEN,42,Bengaluru
CLM0034007,BEN_04571,BTM Layout,2020-11-26,13,0,0,0,0,0,0,0,0,0,0.0,0.355816,0,0.0,0,420,1,1,0.8336,0.0361,GREEN,18,Bengaluru
CLM0034008,BEN_08363,Whitefield,2024-08-27,13,0,0,0,0,0,0,0,0,0,0.0,0.094971,0,0.0,0,330,4,0,0.7204,0.0,GREEN,32,Bengaluru
CLM0034009,BEN_09904,Electronic City,2021-12-21,10,0,0,0,0,0,0,0,0,1,0.0,0.073218,0,0.0,0,420,4,2,0.4293,0.1186,GREEN,43,Bengaluru
CLM0034010,BEN_02923,Rajajinagar,2025-05-09,20,0,0,0,0,0,1,0,0,0,0.0,0.495437,0,0.0,0,420,3,2,0.9134,0.0912,GREEN,55,Bengaluru
CLM0034011,BEN_09460,BTM Layout,2022-04-30,21,0,0,0,0,0,0,0,0,0,0.0,0.195297,0,0.0,0,150,4,3,0.5388,0.0,GREEN,37,Bengaluru
CLM0034012,BEN_05842,Koramangala,2024-03-06,21,0,0,0,0,0,0,0,1,0,0.0,0.183018,0,0.0,0,5,0,1,0.5785,0.1388,GREEN,58,Bengaluru
CLM0034013,BEN_02652,BTM Layout,2023-03-20,9,0,0,0,0,0,0,0,0,0,0.0,0.0,1,0.0,0,209,1,6,0.8405,0.0,GREEN,29,Bengaluru
CLM0034014,BEN_07194,Indiranagar,2024-04-23,7,0,0,0,0,0,0,0,0,0,0.0,0.166356,0,0.0,0,174,2,4,0.7723,0.0128,GREEN,29,Bengaluru
CLM0034015,BEN_06752,Yelahanka,2022-08-23,13,0,0,0,0,0,0,0,0,0,0.0,0.083281,0,0.0,0,215,2,9,0.7159,0.0,GREEN,32,Bengaluru
CLM0034016,BEN_02930,HSR Layout,2024-11-09,19,0,0,0,0,0,0,0,0,0,1.0,0.061551,0,0.0,0,280,2,0,0.2117,0.0502,GREEN,63,Bengaluru
CLM0034017,BEN_01448,Marathahalli,2023-12-23,7,0,0,0,0,0,0,0,0,0,0.0,0.436759,0,0.0,0,420,0,0,0.9286,0.0628,GREEN,47,Bengaluru
CLM0034018,BEN_09102,Whitefield,2022-10-18,21,0,0,0,0,0,0,0,0,0,0.0,0.170689,0,0.0,0,180,4,0,0.8488,0.0,GREEN,48,Bengaluru
CLM0034019,BEN_04847,Whitefield,2021-06-30,10,0,1,1,0,0,0,0,0,0,0.0,0.308524,0,1.0,0,376,0,5,0.98,0.0,GREEN,21,Bengaluru
CLM0034020,BEN_06907,Jayanagar,2024-12-26,12,0,0,0,0,0,0,0,0,0,1.0,0.028732,0,0.0,0,288,0,0,0.5677,0.0796,GREEN,42,Bengaluru
CLM0034021,BEN_00110,Jayanagar,2024-02-28,16,0,0,0,0,0,0,0,0,0,0.0,0.09118,0,0.0,0,69,3,3,0.5047,0.0303,GREEN,37,Bengaluru
CLM0034022,BEN_04807,Yelahanka,2023-04-24,18,0,0,0,0,0,0,0,0,0,0.0,0.45498,0,0.0,0,119,0,1,0.7496,0.1388,GREEN,62,Bengaluru
CLM0034023,BEN_09874,Electronic City,2023-11-02,8,0,0,0,0,0,0,0,0,0,0.0,0.05906,0,1.0,0,393,1,0,0.6609,0.058,GREEN,34,Bengaluru
CLM0034024,BEN_05051,Rajajinagar,2025-02-04,16,0,0,0,0,0,0,0,1,0,0.0,0.036823,1,0.0,0,11,2,0,0.6618,0.0768,GREEN,39,Bengaluru
CLM0034025,BEN_05075,Indiranagar,2025-02-28,18,0,0,0,0,0,0,0,0,0,0.0,0.386802,0,0.0,0,174,3,4,0.9185,0.0951,GREEN,36,Bengaluru
CLM0034026,BEN_06443,Jayanagar,2025-05-01,13,0,0,0,0,1,0,0,0,0,0.0,0.077585,0,0.0,0,335,2,4,0.98,0.1502,GREEN,53,Bengaluru
CLM0034027,BEN_08657,HSR Layout,2024-07-10,8,0,0,0,0,0,0,0,0,0,0.0,0.055462,0,1.0,0,395,3,2,0.7472,0.0,GREEN,29,Bengaluru
CLM0034028,BEN_09503,Indiranagar,2023-08-20,12,0,0,0,0,0,0,0,0,0,0.0,0.408366,1,0.0,0,160,2,2,0.5852,0.0994,GREEN,48,Bengaluru
CLM0034029,BEN_06255,Rajajinagar,2023-01-09,12,0,0,0,0,0,0,0,0,0,0.0,0.167374,0,0.0,0,227,0,0,0.4417,0.065,GREEN,42,Bengaluru
CLM0034030,BEN_08141,Yelahanka,2017-10-06,11,0,0,0,0,0,0,0,0,0,0.0,0.463614,1,0.0,0,413,0,0,0.7084,0.0311,GREEN,34,Bengaluru
CLM0034031,BEN_02127,Electronic City,2023-03-18,8,0,0,0,0,0,0,0,0,0,0.0,0.042859,0,0.0,0,420,0,3,0.1447,0.0,GREEN,29,Bengaluru
CLM0034032,BEN_02442,Whitefield,2020-06-26,8,0,0,0,0,0,0,0,0,0,0.0,0.089804,0,0.0,0,349,0,2,0.7447,0.0,GREEN,42,Bengaluru
CLM0034033,BEN_09826,BTM Layout,2023-06-20,11,0,1,1,0,0,0,0,0,0,0.0,0.132999,0,0.0,0,203,3,1,0.5,0.0085,GREEN,42,Bengaluru
CLM0034034,BEN_06581,Whitefield,2024-01-29,8,0,0,0,0,0,0,0,1,0,1.0,1.0,0,1.0,0,82,2,0,0.6215,0.2479,GREEN,60,Bengaluru
CLM0034035,BEN_05997,Whitefield,2025-01-24,10,0,1,1,0,0,0,0,0,0,0.0,0.101872,0,0.0,0,52,4,2,0.498,0.0,GREEN,45,Bengaluru
CLM0034036,BEN_07601,HSR Layout,2024-09-17,7,0,0,0,0,0,0,0,0,0,0.0,1.0,1,0.0,0,420,1,3,0.8369,0.0,GREEN,45,Bengaluru
CLM0034037,BEN_01475,Koramangala,2023-05-08,16,0,0,0,0,0,0,0,0,0,1.0,0.337535,0,0.0,0,418,1,1,0.05,0.0677,GREEN,46,Bengaluru
CLM0034038,BEN_08305,Indiranagar,2024-11-02,15,0,0,0,0,0,0,0,0,0,0.0,0.226028,0,0.0,0,323,3,0,0.1778,0.0772,GREEN,40,Bengaluru
CLM0034039,BEN_04441,Indiranagar,2025-06-10,19,0,0,0,0,1,0,0,0,0,0.0,0.196385,0,0.0,0,69,0,2,0.7657,0.1794,GREEN,45,Bengaluru
CLM0034040,BEN_03609,Koramangala,2025-09-20,7,0,0,0,0,0,0,0,0,1,0.0,0.306196,0,0.0,0,248,2,5,0.7358,0.1429,GREEN,37,Bengaluru
CLM0034041,BEN_04435,Jayanagar,2025-10-14,18,0,0,0,0,0,0,0,0,0,0.0,0.329162,0,0.0,0,197,3,3,0.803,0.0,GREEN,38,Bengaluru
CLM0034042,BEN_00174,BTM Layout,2024-11-14,20,0,0,0,0,0,0,0,0,0,0.0,0.145759,0,1.0,1,120,0,2,0.8969,0.0856,GREEN,39,Bengaluru
CLM0034043,BEN_08081,Yelahanka,2020-02-08,15,0,0,0,0,0,0,0,0,0,0.0,0.421953,0,0.0,0,256,0,1,0.5834,0.0,GREEN,43,Bengaluru
CLM0034044,BEN_03015,Jayanagar,2024-04-09,11,0,0,0,0,0,0,0,0,0,0.0,0.15152,0,1.0,0,186,1,1,0.765,0.0534,GREEN,42,Bengaluru
CLM0034045,BEN_06040,Whitefield,2025-11-18,21,0,0,0,0,0,0,1,0,0,0.0,0.380688,0,1.0,1,408,2,1,0.5303,0.1589,GREEN,45,Bengaluru
CLM0034046,BEN_05723,Rajajinagar,2020-01-16,17,0,0,0,0,0,0,0,0,0,0.0,0.423697,0,0.0,0,413,4,1,0.296,0.0,GREEN,32,Bengaluru
CLM0034047,BEN_09462,Jayanagar,2016-09-01,21,0,0,0,0,0,1,0,0,0,0.0,0.033731,0,0.0,0,394,4,0,0.6869,0.0463,GREEN,51,Bengaluru
CLM0034048,BEN_04997,Whitefield,2016-07-05,21,0,0,0,0,0,0,0,0,0,1.0,0.081875,0,0.0,0,214,2,4,0.6609,0.1308,GREEN,55,Bengaluru
CLM0034049,BEN_07674,Indiranagar,2020-02-20,7,0,0,0,0,0,0,1,0,0,0.0,0.156834,0,0.0,0,420,2,1,0.8233,0.181,GREEN,60,Bengaluru
CLM0034050,BEN_06444,Whitefield,2025-01-14,11,0,0,0,1,1,0,1,0,1,0.0,0.160874,0,0.0,0,28,4,18,0.9524,0.0441,GREEN,46,Bengaluru
CLM0034051,BEN_00088,HSR Layout,2021-09-16,9,0,0,0,0,1,0,0,0,0,0.0,0.280727,0,0.0,0,420,0,0,0.98,0.0352,GREEN,56,Bengaluru
CLM0034052,BEN_07457,Indiranagar,2021-11-04,13,0,0,0,0,0,0,0,0,0,0.0,0.103152,0,0.0,1,10,2,5,0.7402,0.0563,GREEN,46,Bengaluru
CLM0034053,BEN_01683,Koramangala,2021-06-23,10,0,0,0,0,0,0,0,0,1,0.0,0.291422,0,0.0,0,279,4,0,0.8755,0.1391,GREEN,56,Bengaluru
CLM0034054,BEN_01534,HSR Layout,2015-12-09,14,0,0,0,0,0,1,0,0,1,0.0,0.401017,0,0.0,0,376,1,0,0.5329,0.206,GREEN,30,Bengaluru
CLM0034055,BEN_07892,Koramangala,2022-11-26,15,0,0,0,0,1,0,0,0,0,0.0,0.349974,0,0.0,0,317,3,0,0.05,0.0558,GREEN,45,Bengaluru
CLM0034056,BEN_07160,Yelahanka,2025-11-02,13,0,0,0,1,0,0,0,0,0,0.0,0.0,0,1.0,0,420,3,6,0.4961,0.1436,GREEN,46,Bengaluru
CLM0034057,BEN_03289,HSR Layout,2022-12-07,21,0,0,0,0,0,0,0,0,0,0.0,0.419662,0,0.0,0,258,2,1,0.5992,0.0282,GREEN,42,Bengaluru
CLM0034058,BEN_01565,Koramangala,2025-09-14,9,0,0,0,0,0,1,0,1,0,0.0,0.0,0,0.0,0,241,3,3,0.9349,0.2986,GREEN,47,Bengaluru
CLM0034059,BEN_08170,Indiranagar,2024-12-17,21,0,0,0,0,0,0,0,0,0,0.0,0.256723,0,1.0,0,317,4,0,0.709,0.0458,GREEN,41,Bengaluru
CLM0034060,BEN_04500,BTM Layout,2023-02-15,18,0,0,0,0,0,1,0,0,0,0.0,0.138447,0,0.0,0,122,2,0,0.853,0.1248,GREEN,36,Bengaluru
CLM0034061,BEN_00083,Whitefield,2024-10-05,15,0,1,1,0,0,0,0,0,0,0.0,0.21113,0,0.0,0,105,2,2,0.8044,0.0,GREEN,45,Bengaluru
CLM0034062,BEN_07198,Marathahalli,2022-02-25,19,0,0,0,0,0,0,0,0,0,0.0,0.984366,0,0.0,0,147,0,1,0.9612,0.0,GREEN,57,Bengaluru
CLM0034063,BEN_04906,Marathahalli,2022-03-06,19,0,1,1,0,1,0,0,0,0,0.0,0.095878,0,0.0,0,127,4,0,0.05,0.1674,GREEN,42,Bengaluru
CLM0034064,BEN_04882,Indiranagar,2017-05-18,9,0,0,0,0,0,0,0,0,0,0.0,0.042842,0,0.0,0,189,2,1,0.5892,0.0284,GREEN,42,Bengaluru
CLM0034065,BEN_04958,HSR Layout,2019-04-09,10,0,0,0,1,0,0,0,0,0,0.0,0.392774,0,0.0,0,239,2,0,0.9524,0.1278,GREEN,47,Bengaluru
CLM0034066,BEN_02116,Yelahanka,2022-09-23,15,0,0,0,1,1,0,1,0,1,0.0,0.134438,0,0.0,1,15,1,18,0.2879,0.3993,YELLOW,67,Bengaluru
CLM0034067,BEN_07398,Jayanagar,2017-08-22,17,0,0,0,0,0,0,0,0,0,1.0,0.292811,0,0.0,0,329,0,1,0.648,0.1287,GREEN,46,Bengaluru
CLM0034068,BEN_06095,Koramangala,2021-02-03,9,0,0,0,0,0,0,0,0,0,0.0,0.322027,0,0.0,0,377,0,2,0.05,0.0375,GREEN,56,Bengaluru
CLM0034069,BEN_08296,Whitefield,2018-11-23,17,0,0,0,0,0,0,0,0,0,0.0,0.099726,0,0.0,1,123,4,0,0.803,0.0228,GREEN,57,Bengaluru
CLM0034070,BEN_09196,HSR Layout,2020-01-12,18,0,0,0,0,0,0,0,0,0,0.0,0.0,0,0.0,0,155,0,0,0.4934,0.0359,GREEN,46,Bengaluru
CLM0034071,BEN_03171,BTM Layout,2018-11-18,21,0,0,0,0,0,0,0,0,0,0.0,0.013104,0,0.0,0,168,1,3,0.9792,0.0,GREEN,55,Bengaluru
CLM0034072,BEN_01065,Electronic City,2020-01-08,19,0,0,0,0,0,0,0,0,0,0.0,0.197051,0,0.0,0,332,2,1,0.98,0.0,GREEN,32,Bengaluru
CLM0034073,BEN_03683,Koramangala,2023-06-06,15,0,0,0,0,0,0,0,0,0,0.0,1.0,0,0.0,0,265,4,1,0.7312,0.0277,GREEN,50,Bengaluru
CLM0034074,BEN_08851,Koramangala,2017-06-19,7,0,0,0,0,0,0,0,0,0,0.0,0.000644,0,0.0,0,66,1,6,0.0987,0.0,GREEN,66,Bengaluru
CLM0034075,BEN_03400,Whitefield,2023-09-29,19,0,0,0,0,1,0,1,1,1,0.0,0.077618,0,0.0,1,5,2,18,0.8918,0.0812,GREEN,48,Bengaluru
CLM0034076,BEN_04706,HSR Layout,2020-07-24,15,0,0,0,0,0,0,0,0,0,0.0,0.368792,0,0.0,0,420,3,0,0.6657,0.0,GREEN,37,Bengaluru
CLM0034077,BEN_03956,Whitefield,2019-03-24,16,0,0,0,0,0,1,0,0,0,0.0,0.383139,0,0.0,0,172,4,2,0.7071,0.1199,GREEN,33,Bengaluru
CLM0034078,BEN_03698,Yelahanka,2024-08-06,7,0,0,0,0,0,0,0,0,0,0.0,0.117955,0,0.0,0,229,1,0,0.7111,0.0061,GREEN,42,Bengaluru
CLM0034079,BEN_03741,Marathahalli,2017-02-03,17,0,0,0,0,0,0,1,0,0,0.0,0.411345,0,0.0,0,396,4,1,0.7041,0.1243,GREEN,57,Bengaluru
CLM0034080,BEN_08845,Yelahanka,2025-06-24,15,0,0,0,0,0,0,0,1,0,0.0,0.114569,0,0.0,0,420,4,0,0.8023,0.1456,GREEN,43,Bengaluru
CLM0034081,BEN_03982,Indiranagar,2020-08-25,10,0,0,0,0,0,0,0,0,0,1.0,0.153453,0,0.0,0,195,2,3,0.6614,0.1,GREEN,37,Bengaluru
CLM0034082,BEN_07669,Indiranagar,2021-12-08,14,0,0,0,0,0,0,0,0,0,0.0,0.329075,0,0.0,1,420,0,6,0.819,0.1207,GREEN,57,Bengaluru
CLM0034083,BEN_03215,Rajajinagar,2016-05-21,17,0,0,0,0,0,0,0,0,0,0.0,0.067197,0,0.0,0,314,2,0,0.1638,0.0,GREEN,40,Bengaluru
CLM0034084,BEN_02222,Jayanagar,2021-08-05,20,0,0,0,0,0,0,0,0,0,0.0,0.405628,0,0.0,0,111,1,0,0.8083,0.0,GREEN,39,Bengaluru
CLM0034085,BEN_02505,Marathahalli,2024-12-07,18,0,0,0,0,0,0,0,0,0,0.0,1.0,0,0.0,0,420,3,0,0.9269,0.0,GREEN,63,Bengaluru
CLM0034086,BEN_00339,HSR Layout,2020-05-30,16,0,0,0,0,1,0,0,0,1,0.0,1.0,1,0.0,0,44,0,1,0.6489,0.2458,GREEN,40,Bengaluru
CLM0034087,BEN_03201,Whitefield,2024-08-19,12,0,0,0,1,1,1,1,0,1,1.0,1.0,0,1.0,1,18,3,18,0.1603,0.1604,GREEN,46,Bengaluru
CLM0034088,BEN_09189,Whitefield,2025-08-28,8,0,0,0,0,0,1,0,0,0,0.0,0.153443,0,0.0,1,145,1,2,0.433,0.0957,GREEN,46,Bengaluru
CLM0034089,BEN_04888,BTM Layout,2025-04-14,14,0,0,0,0,1,0,0,0,0,0.0,0.010088,0,0.0,0,50,2,4,0.9386,0.0596,GREEN,30,Bengaluru
CLM0034090,BEN_08087,BTM Layout,2020-03-20,19,0,0,0,0,0,0,0,0,0,0.0,0.110141,0,0.0,0,73,1,1,0.6851,0.0125,GREEN,42,Bengaluru
CLM0034091,BEN_09152,Whitefield,2025-09-07,19,0,0,0,0,0,0,0,0,0,0.0,0.226443,0,0.0,0,146,4,2,0.9383,0.0,GREEN,52,Bengaluru
CLM0034092,BEN_01265,HSR Layout,2025-03-15,15,0,0,0,0,0,0,0,1,0,0.0,0.259654,0,0.0,0,396,0,0,0.815,0.1231,GREEN,46,Bengaluru
CLM0034093,BEN_00310,Koramangala,2025-03-04,17,0,0,0,0,0,0,0,0,0,0.0,0.279845,0,0.0,0,420,2,0,0.1272,0.1511,GREEN,41,Bengaluru
CLM0034094,BEN_02117,Koramangala,2024-08-15,9,0,0,0,0,0,0,0,0,0,1.0,0.223484,0,0.0,0,148,0,0,0.8759,0.0327,GREEN,39,Bengaluru
CLM0034095,BEN_08069,Whitefield,2024-01-31,20,0,0,0,0,0,0,0,0,0,0.0,0.165762,0,0.0,0,272,3,2,0.8782,0.0496,GREEN,47,Bengaluru
CLM0034096,BEN_03683,Koramangala,2025-05-28,8,0,0,0,1,1,1,1,1,0,1.0,0.179861,1,0.0,0,10,1,18,0.2335,0.0914,GREEN,50,Bengaluru
CLM0034097,BEN_01761,HSR Layout,2024-09-26,14,0,0,0,0,0,0,0,0,0,0.0,0.33083,0,0.0,0,201,3,0,0.6148,0.0358,GREEN,42,Bengaluru
CLM0034098,BEN_03072,Yelahanka,2025-01-19,19,0,0,0,0,0,0,0,0,0,0.0,0.196014,0,0.0,0,58,2,0,0.599,0.0432,GREEN,36,Bengaluru
CLM0034099,BEN_00110,Jayanagar,2025-10-11,17,0,0,0,0,0,0,0,0,0,0.0,0.070769,1,0.0,0,93,2,1,0.6681,0.0602,GREEN,37,Bengaluru
CLM0034100,BEN_01538,HSR Layout,2025-05-29,7,0,0,0,0,0,0,0,0,0,0.0,0.406548,0,0.0,0,373,3,2,0.1175,0.1216,GREEN,60,Bengaluru
CLM0034101,BEN_03195,HSR Layout,2025-07-23,16,0,0,0,0,0,0,0,0,0,0.0,0.346155,0,1.0,0,79,2,1,0.1303,0.0,GREEN,42,Bengaluru
CLM0034102,BEN_08299,Rajajinagar,2025-07-18,15,0,0,0,0,0,0,0,1,1,0.0,0.239041,0,0.0,0,326,0,6,0.2073,0.1163,GREEN,59,Bengaluru
CLM0034103,BEN_01492,Marathahalli,2025-11-25,21,0,0,0,0,0,0,0,0,1,0.0,0.174612,0,0.0,0,226,4,2,0.5378,0.2344,GREEN,57,Bengaluru
CLM0034104,BEN_02579,Jayanagar,2025-12-20,10,0,0,0,0,0,0,0,0,0,0.0,0.0,0,0.0,0,107,3,1,0.6871,0.0093,GREEN,29,Bengaluru
CLM0034105,BEN_07332,Jayanagar,2025-11-02,8,0,0,0,0,0,0,0,0,1,1.0,1.0,0,1.0,0,359,2,0,0.7412,0.1243,GREEN,43,Bengaluru
CLM0034106,BEN_00995,Indiranagar,2025-12-24,19,0,0,0,0,0,1,0,0,0,0.0,0.887221,0,0.0,0,418,0,3,0.5837,0.0874,GREEN,47,Bengaluru
CLM0034107,BEN_09557,Electronic City,2024-12-03,8,0,0,0,0,0,0,0,0,0,0.0,0.093631,1,0.0,0,414,0,6,0.1137,0.0861,GREEN,39,Bengaluru
CLM0034108,BEN_04766,HSR Layout,2023-04-09,16,0,0,0,0,0,1,0,0,0,0.0,1.0,0,0.0,0,420,0,0,0.5789,0.083,GREEN,61,Bengaluru
CLM0034109,BEN_07051,Rajajinagar,2025-11-03,14,0,0,0,0,0,0,0,0,1,0.0,0.030563,0,0.0,0,150,4,3,0.8706,0.141,GREEN,63,Bengaluru
CLM0034110,BEN_08450,Indiranagar,2024-05-22,11,0,0,0,0,0,1,0,0,1,0.0,0.925791,0,0.0,0,239,0,1,0.8676,0.2781,GREEN,46,Bengaluru
CLM0034111,BEN_07694,BTM Layout,2025-11-29,11,0,0,0,0,0,0,0,0,0,1.0,1.0,0,1.0,0,295,1,0,0.5736,0.0209,GREEN,49,Bengaluru
CLM0034112,BEN_03527,Marathahalli,2024-12-17,17,0,0,0,0,0,0,0,0,0,0.0,0.0,0,0.0,0,207,2,3,0.8451,0.0619,GREEN,50,Bengaluru
CLM0034113,BEN_04650,Whitefield,2023-06-15,18,0,0,0,0,0,0,0,0,1,0.0,0.045129,0,0.0,0,262,0,4,0.98,0.065,GREEN,25,Bengaluru
CLM0034114,BEN_06613,Indiranagar,2023-09-01,12,0,0,0,0,0,0,0,0,0,0.0,0.012164,0,0.0,0,280,4,1,0.7052,0.0,GREEN,59,Bengaluru
CLM0034115,BEN_08689,Whitefield,2018-06-17,12,0,0,0,0,0,0,0,0,0,0.0,1.0,0,0.0,0,420,2,6,0.9009,0.0061,GREEN,49,Bengaluru
CLM0034116,BEN_06135,HSR Layout,2015-08-03,19,0,0,0,0,0,0,0,0,0,0.0,0.988383,0,0.0,0,323,2,1,0.6905,0.002,GREEN,46,Bengaluru
CLM0034117,BEN_02598,Yelahanka,2020-04-26,18,0,0,0,0,0,0,0,0,0,0.0,0.282614,0,0.0,0,409,4,1,0.9333,0.0,GREEN,45,Bengaluru
CLM0034118,BEN_03030,Marathahalli,2022-02-07,13,0,1,1,0,0,0,0,0,0,0.0,0.155209,0,0.0,0,156,4,4,0.8582,0.0366,GREEN,51,Bengaluru
CLM0034119,BEN_00585,BTM Layout,2023-09-17,12,0,0,0,0,0,0,0,0,0,0.0,0.328371,0,0.0,0,420,0,0,0.3878,0.0,GREEN,44,Bengaluru
CLM0034120,BEN_09686,BTM Layout,2021-12-22,21,0,0,0,0,0,0,0,0,0,0.0,0.347473,0,0.0,1,131,3,1,0.8154,0.0301,GREEN,41,Bengaluru
CLM0034121,BEN_07020,Koramangala,2024-05-30,13,0,0,0,0,0,0,0,0,0,1.0,0.280712,0,0.0,0,379,2,0,0.8101,0.1708,GREEN,45,Bengaluru
CLM0034122,BEN_09713,Indiranagar,2024-02-01,13,0,0,0,0,0,0,0,0,0,0.0,0.382891,1,0.0,0,274,2,0,0.5499,0.0769,GREEN,53,Bengaluru
CLM0034123,BEN_08901,Rajajinagar,2024-04-11,12,0,0,0,1,0,0,0,0,0,1.0,0.280868,0,0.0,0,283,2,6,0.98,0.1567,GREEN,59,Bengaluru
CLM0034124,BEN_01329,Jayanagar,2024-09-05,12,0,0,0,0,1,0,0,0,0,0.0,0.115564,0,0.0,0,350,2,4,0.5421,0.1457,GREEN,45,Bengaluru
CLM0034125,BEN_01133,Yelahanka,2024-04-07,17,0,0,0,0,0,0,0,0,1,0.0,0.305526,1,0.0,0,213,3,3,0.617,0.1891,GREEN,38,Bengaluru
CLM0034126,BEN_02591,Yelahanka,2025-02-22,8,0,0,0,0,0,0,0,0,0,0.0,0.264145,0,0.0,0,419,0,5,0.7701,0.0811,GREEN,45,Bengaluru
CLM0034127,BEN_07195,Marathahalli,2024-03-09,15,0,0,0,0,0,0,0,0,0,0.0,0.05423,0,0.0,0,159,3,3,0.7835,0.0218,GREEN,51,Bengaluru
CLM0034128,BEN_05088,Marathahalli,2024-10-08,10,0,0,0,0,0,0,0,0,0,0.0,0.942481,0,0.0,0,351,1,4,0.0986,0.0,GREEN,55,Bengaluru
CLM0034129,BEN_06288,Yelahanka,2025-02-22,7,0,0,0,0,0,0,0,0,0,0.0,0.082415,0,0.0,0,174,4,2,0.7554,0.0,GREEN,43,Bengaluru
CLM0034130,BEN_08484,Electronic City,2024-03-31,8,0,0,0,0,0,0,0,0,1,0.0,0.209972,0,0.0,0,265,1,0,0.7245,0.1438,GREEN,28,Bengaluru
CLM0034131,BEN_03587,Yelahanka,2024-02-12,16,0,0,0,0,0,0,0,0,0,0.0,0.3656,0,1.0,0,287,4,6,0.6993,0.0,GREEN,43,Bengaluru
CLM0034132,BEN_07737,Jayanagar,2022-09-18,21,0,0,0,0,0,0,0,0,0,0.0,0.069288,0,1.0,1,66,4,3,0.05,0.0948,GREEN,59,Bengaluru
CLM0034133,BEN_02667,Koramangala,2025-12-29,9,0,0,0,0,0,0,0,0,0,0.0,0.425832,0,0.0,0,398,3,2,0.8136,0.0,GREEN,31,Bengaluru
CLM0034134,BEN_00713,Koramangala,2024-05-14,15,0,0,0,0,0,0,0,0,0,0.0,0.431428,0,0.0,0,384,2,1,0.8137,0.0052,GREEN,37,Bengaluru
CLM0034135,BEN_04641,Rajajinagar,2022-08-26,19,0,0,0,0,0,0,0,0,0,1.0,1.0,0,1.0,0,71,3,2,0.8808,0.0888,GREEN,51,Bengaluru
CLM0034136,BEN_01961,BTM Layout,2023-11-11,12,0,0,0,0,0,0,0,0,0,1.0,0.408621,0,0.0,0,420,2,3,0.8722,0.1113,GREEN,38,Bengaluru
CLM0034137,BEN_00596,Jayanagar,2025-11-12,13,0,0,0,1,0,0,0,0,1,1.0,0.219717,0,0.0,0,22,1,4,0.8878,0.261,GREEN,51,Bengaluru
CLM0034138,BEN_02861,Whitefield,2022-09-24,14,0,0,0,0,0,1,0,0,0,0.0,0.113494,0,0.0,0,20,2,2,0.7661,0.1043,GREEN,49,Bengaluru
CLM0034139,BEN_06081,Indiranagar,2022-08-14,18,0,0,0,0,0,0,0,0,0,0.0,0.236804,0,1.0,0,222,1,0,0.7157,0.0,GREEN,34,Bengaluru
CLM0034140,BEN_05713,Koramangala,2022-12-24,7,0,0,0,0,0,0,0,0,0,0.0,0.974471,0,0.0,0,330,1,1,0.2673,0.0,GREEN,54,Bengaluru
CLM0034141,BEN_04957,Whitefield,2025-01-31,8,0,0,0,0,0,0,1,0,0,0.0,0.150099,0,0.0,1,209,0,0,0.4911,0.1183,GREEN,37,Bengaluru
CLM0034142,BEN_00721,Marathahalli,2022-09-29,14,0,0,0,0,0,0,0,0,0,0.0,0.0,0,0.0,0,416,3,1,0.728,0.0369,GREEN,52,Bengaluru
CLM0034143,BEN_04045,Electronic City,2024-04-15,20,0,0,0,0,0,0,0,0,0,0.0,0.185983,0,0.0,0,330,2,1,0.7241,0.0833,GREEN,42,Bengaluru
CLM0034144,BEN_05713,Koramangala,2024-12-08,14,0,0,0,0,0,0,0,1,0,1.0,0.319963,0,0.0,0,112,4,3,0.6285,0.2066,GREEN,54,Bengaluru
CLM0034145,BEN_00875,Rajajinagar,2023-10-02,15,0,0,0,0,0,0,0,0,0,0.0,0.300444,0,0.0,0,169,0,6,0.8727,0.0714,GREEN,53,Bengaluru
CLM0034146,BEN_07609,Marathahalli,2025-08-28,9,0,0,0,0,0,0,0,1,0,0.0,0.313298,0,0.0,0,122,2,0,0.7194,0.2195,GREEN,51,Bengaluru
CLM0034147,BEN_03336,Indiranagar,2023-05-28,21,0,0,0,0,1,0,0,0,0,0.0,0.034005,0,0.0,0,151,3,3,0.6104,0.1475,GREEN,51,Bengaluru
CLM0034148,BEN_08539,Whitefield,2024-12-02,17,0,0,0,0,0,0,0,0,0,0.0,0.164636,0,0.0,0,22,2,6,0.7403,0.0055,GREEN,43,Bengaluru
CLM0034149,BEN_09660,Indiranagar,2025-08-23,16,0,0,0,0,0,0,0,0,0,0.0,0.258401,0,0.0,0,420,2,4,0.6303,0.0368,GREEN,51,Bengaluru
CLM0034150,BEN_00237,Marathahalli,2024-06-06,17,0,0,0,0,0,0,1,1,1,0.0,0.0,0,0.0,0,339,4,2,0.6226,0.2115,GREEN,37,Bengaluru
CLM0034151,BEN_03369,Koramangala,2025-05-05,16,0,0,0,0,0,1,0,0,0,0.0,0.198927,0,0.0,0,350,0,7,0.05,0.087,GREEN,37,Bengaluru
CLM0034152,BEN_08078,Rajajinagar,2020-02-15,14,0,1,1,0,0,0,1,0,0,1.0,0.072619,0,0.0,0,373,1,6,0.9696,0.1145,GREEN,47,Bengaluru
CLM0034153,BEN_04373,Yelahanka,2024-05-10,17,0,0,0,0,1,0,0,0,0,0.0,0.304161,0,0.0,0,235,0,0,0.7371,0.04,GREEN,45,Bengaluru
CLM0034154,BEN_02900,HSR Layout,2025-08-03,12,0,0,0,0,0,0,0,0,0,1.0,1.0,0,1.0,0,286,4,4,0.2333,0.0558,GREEN,56,Bengaluru
CLM0034155,BEN_03903,Jayanagar,2023-10-01,9,0,0,0,0,0,0,0,0,0,0.0,0.386948,0,0.0,0,334,2,5,0.8588,0.0084,GREEN,31,Bengaluru
CLM0034156,BEN_06978,Koramangala,2023-07-20,8,0,0,0,0,0,0,0,0,0,0.0,0.355142,0,0.0,0,93,1,4,0.5042,0.0443,GREEN,44,Bengaluru
CLM0034157,BEN_02840,BTM Layout,2020-11-19,12,0,0,0,1,0,1,0,0,0,0.0,0.37561,0,0.0,0,250,4,0,0.9179,0.2787,GREEN,39,Bengaluru
CLM0034158,BEN_09288,Marathahalli,2023-05-11,10,0,0,0,0,0,0,0,0,0,0.0,0.185252,0,0.0,1,30,2,4,0.5143,0.0872,GREEN,32,Bengaluru
CLM0034159,BEN_02091,Whitefield,2019-09-09,13,0,0,0,0,0,0,0,0,0,0.0,1.0,0,0.0,0,420,3,0,0.5438,0.0,GREEN,18,Bengaluru
CLM0034160,BEN_06171,Koramangala,2024-07-01,15,0,0,0,0,0,0,0,0,0,0.0,0.318632,0,0.0,0,420,3,2,0.2312,0.0073,GREEN,50,Bengaluru
CLM0034161,BEN_05324,Whitefield,2020-02-23,17,0,0,0,0,0,0,0,0,0,1.0,1.0,0,0.0,0,83,0,4,0.7996,0.0234,GREEN,24,Bengaluru
CLM0034162,BEN_08170,Indiranagar,2019-03-14,14,0,0,0,0,1,0,1,1,1,1.0,0.91825,0,1.0,1,5,0,18,0.05,0.0,GREEN,41,Bengaluru
CLM0034163,BEN_04510,Rajajinagar,2016-07-01,17,0,0,0,0,0,0,1,0,0,0.0,0.388201,0,0.0,0,51,4,5,0.9366,0.088,GREEN,46,Bengaluru
CLM0034164,BEN_05842,Koramangala,2025-03-12,17,0,0,0,0,0,0,0,0,0,0.0,0.211921,0,0.0,0,379,3,5,0.8055,0.0,GREEN,58,Bengaluru
CLM0034165,BEN_04973,Whitefield,2018-08-03,17,0,0,0,0,0,0,0,0,1,0.0,0.164877,0,0.0,0,205,0,2,0.5392,0.0897,GREEN,41,Bengaluru
CLM0034166,BEN_07568,Whitefield,2025-11-20,7,0,1,1,0,0,0,0,0,0,0.0,0.200681,0,0.0,0,281,4,5,0.05,0.069,GREEN,32,Bengaluru
CLM0034167,BEN_07672,HSR Layout,2022-09-23,18,0,0,0,0,0,0,1,0,0,0.0,0.155755,0,0.0,0,361,1,1,0.05,0.0809,GREEN,32,Bengaluru
CLM0034168,BEN_00147,Jayanagar,2025-08-06,7,0,0,0,0,0,1,1,0,1,1.0,1.0,0,1.0,0,9,4,18,0.8753,0.0363,GREEN,52,Bengaluru
CLM0034169,BEN_01274,Electronic City,2024-06-13,20,0,0,0,0,0,0,0,1,0,0.0,0.189367,0,0.0,0,206,4,1,0.0996,0.0,GREEN,39,Bengaluru
CLM0034170,BEN_06565,Koramangala,2022-09-16,18,0,0,0,0,0,0,0,0,1,0.0,0.0,0,0.0,0,420,4,0,0.5542,0.0768,GREEN,42,Bengaluru
CLM0034171,BEN_06756,Electronic City,2023-01-12,18,0,0,0,0,0,1,0,0,0,0.0,0.03228,0,0.0,0,318,4,6,0.9096,0.0687,GREEN,45,Bengaluru
CLM0034172,BEN_03742,Whitefield,2025-03-11,9,0,0,0,0,0,0,0,0,0,0.0,0.281323,0,0.0,0,42,3,0,0.05,0.0098,GREEN,49,Bengaluru
CLM0034173,BEN_06119,BTM Layout,2022-10-29,7,0,0,0,0,0,0,0,0,0,0.0,0.120596,0,1.0,0,193,3,2,0.8101,0.0,GREEN,38,Bengaluru
CLM0034174,BEN_05430,Indiranagar,2022-08-28,14,0,0,0,0,0,0,1,0,0,0.0,0.313373,0,1.0,0,53,4,2,0.1915,0.0806,GREEN,52,Bengaluru
CLM0034175,BEN_08045,Whitefield,2023-07-31,21,0,0,0,0,0,0,0,1,0,0.0,0.127678,0,0.0,0,420,3,0,0.8238,0.0662,GREEN,35,Bengaluru
CLM0034176,BEN_03715,HSR Layout,2025-05-02,17,0,0,0,0,0,0,0,0,1,0.0,0.164105,0,0.0,0,263,0,1,0.8552,0.1303,GREEN,54,Bengaluru
CLM0034177,BEN_01246,Jayanagar,2025-08-18,12,0,0,0,0,0,0,0,0,0,0.0,0.34498,0,0.0,0,267,4,2,0.5523,0.0787,GREEN,26,Bengaluru
CLM0034178,BEN_04092,Jayanagar,2023-05-02,17,0,0,0,0,0,0,0,0,0,0.0,0.411848,0,0.0,0,222,4,2,0.5744,0.1462,GREEN,38,Bengaluru
CLM0034179,BEN_00874,Rajajinagar,2023-05-04,12,0,0,0,0,0,0,0,0,0,0.0,0.21235,0,0.0,0,131,3,0,0.98,0.1883,GREEN,46,Bengaluru
CLM0034180,BEN_00715,BTM Layout,2020-02-08,21,0,0,0,0,0,0,0,0,0,1.0,0.383198,0,0.0,0,304,0,2,0.7768,0.0195,GREEN,39,Bengaluru
CLM0034181,BEN_05165,Jayanagar,2022-08-25,12,0,0,0,0,0,0,0,0,0,0.0,0.045912,0,0.0,1,51,2,2,0.8643,0.0815,GREEN,45,Bengaluru
CLM0034182,BEN_04025,Electronic City,2022-05-20,21,0,0,0,0,0,0,0,1,0,0.0,0.231118,1,0.0,0,259,1,0,0.5823,0.0868,GREEN,37,Bengaluru
CLM0034183,BEN_05124,Yelahanka,2022-07-23,7,0,0,0,0,0,0,0,0,0,0.0,0.136406,0,0.0,0,146,4,0,0.98,0.0276,GREEN,61,Bengaluru
CLM0034184,BEN_00423,Whitefield,2018-09-10,13,0,0,0,0,0,1,0,0,0,0.0,0.151454,0,0.0,0,366,0,0,0.6411,0.0804,GREEN,45,Bengaluru
CLM0034185,BEN_03736,Yelahanka,2023-10-21,8,0,0,0,0,0,1,0,0,0,0.0,0.249248,0,0.0,0,420,3,6,0.1297,0.0256,GREEN,49,Bengaluru
CLM0034186,BEN_07870,HSR Layout,2020-08-06,9,0,0,0,0,0,0,0,0,0,1.0,0.358759,0,0.0,0,334,1,6,0.632,0.0847,GREEN,47,Bengaluru
CLM0034187,BEN_08728,Rajajinagar,2023-11-20,14,0,0,0,0,0,1,0,0,0,0.0,0.06682,1,0.0,0,420,0,1,0.05,0.0673,GREEN,41,Bengaluru
CLM0034188,BEN_08516,Whitefield,2018-01-08,8,0,0,0,0,0,0,0,0,0,0.0,0.0776,0,0.0,0,320,0,1,0.6562,0.0,GREEN,47,Bengaluru
CLM0034189,BEN_05800,Koramangala,2020-06-19,9,0,0,0,0,0,0,0,0,0,0.0,0.403779,0,0.0,0,420,2,2,0.6563,0.0283,GREEN,37,Bengaluru
CLM0034190,BEN_08205,HSR Layout,2018-08-11,15,0,0,0,0,0,0,0,1,0,0.0,0.288024,0,0.0,0,376,0,4,0.1182,0.0271,GREEN,49,Bengaluru
CLM0034191,BEN_02305,HSR Layout,2021-12-25,16,0,0,0,0,0,0,0,0,0,0.0,0.110863,0,0.0,1,115,2,0,0.4597,0.0956,GREEN,39,Bengaluru
CLM0034192,BEN_04991,Indiranagar,2021-11-10,8,0,0,0,0,0,0,0,0,0,0.0,0.125352,0,1.0,0,40,4,3,0.544,0.0,GREEN,56,Bengaluru
CLM0034193,BEN_02860,HSR Layout,2021-04-21,21,0,0,0,0,0,0,0,0,0,1.0,0.126857,0,0.0,0,235,4,3,0.8055,0.0897,GREEN,66,Bengaluru
CLM0034194,BEN_08906,Koramangala,2024-04-15,21,0,1,1,0,0,0,0,0,0,0.0,0.16269,0,0.0,0,165,4,3,0.1827,0.0,GREEN,48,Bengaluru
CLM0034195,BEN_03132,BTM Layout,2018-07-22,19,0,0,0,1,0,1,0,0,1,1.0,1.0,1,1.0,1,9,1,18,0.265,0.1202,GREEN,47,Bengaluru
CLM0034196,BEN_02792,Koramangala,2023-04-14,7,0,0,0,0,0,0,0,0,0,0.0,0.239765,0,0.0,0,63,2,1,0.9276,0.0908,GREEN,38,Bengaluru
CLM0034197,BEN_02963,Koramangala,2025-03-04,17,0,0,0,0,0,0,0,0,0,0.0,1.0,0,0.0,0,420,2,0,0.1701,0.0476,GREEN,46,Bengaluru
CLM0034198,BEN_02883,Whitefield,2025-03-27,14,0,0,0,0,0,0,0,0,0,0.0,0.326194,0,0.0,0,173,1,2,0.8998,0.0749,GREEN,23,Bengaluru
CLM0034199,BEN_08743,Yelahanka,2022-06-26,13,0,0,0,0,0,0,0,0,0,0.0,0.037973,0,1.0,0,418,3,1,0.7941,0.0,GREEN,18,Bengaluru
CLM0034200,BEN_05715,Whitefield,2023-01-24,11,0,0,0,0,1,0,0,1,0,0.0,0.059085,0,0.0,0,330,0,3,0.9195,0.1477,GREEN,37,Bengaluru
CLM0034201,BEN_08042,Koramangala,2024-12-13,20,0,0,0,0,0,0,0,0,0,0.0,0.971685,0,0.0,1,420,2,5,0.6858,0.1256,GREEN,43,Bengaluru
CLM0034202,BEN_05854,HSR Layout,2022-06-27,15,0,0,0,0,0,0,0,0,0,0.0,0.450578,0,0.0,0,420,0,0,0.6668,0.0374,GREEN,55,Bengaluru
CLM0034203,BEN_05150,Electronic City,2025-05-20,10,0,0,0,0,0,0,0,0,0,0.0,1.0,0,0.0,0,275,0,2,0.6599,0.0317,GREEN,42,Bengaluru
CLM0034204,BEN_04534,Indiranagar,2024-08-30,9,0,0,0,1,0,0,1,1,1,1.0,0.432735,0,1.0,0,5,3,18,0.4425,0.0,GREEN,47,Bengaluru
CLM0034205,BEN_02813,HSR Layout,2023-07-05,15,0,0,0,0,0,0,0,0,0,0.0,0.214588,0,0.0,0,92,1,4,0.5244,0.0,GREEN,24,Bengaluru
CLM0034206,BEN_09027,Electronic City,2023-06-27,10,0,0,0,0,0,0,0,0,0,0.0,0.274806,0,0.0,0,420,1,4,0.3916,0.0967,GREEN,43,Bengaluru
CLM0034207,BEN_02388,Electronic City,2024-08-15,13,0,0,0,1,1,0,1,1,0,1.0,1.0,0,1.0,1,5,4,18,0.05,0.0,GREEN,21,Bengaluru
CLM0034208,BEN_01542,Marathahalli,2023-10-24,14,0,0,0,0,0,0,0,0,0,0.0,0.309841,0,0.0,0,124,1,1,0.6522,0.0,GREEN,52,Bengaluru
CLM0034209,BEN_07338,Koramangala,2023-01-16,15,0,0,0,0,0,0,1,0,0,0.0,0.449145,0,0.0,0,306,1,4,0.2049,0.1213,GREEN,61,Bengaluru
CLM0034210,BEN_08519,HSR Layout,2024-05-11,21,0,0,0,0,0,1,0,0,0,0.0,0.081747,0,0.0,0,420,3,2,0.2025,0.0574,GREEN,56,Bengaluru
CLM0034211,BEN_03145,Marathahalli,2025-08-20,21,0,1,1,0,0,0,0,0,0,0.0,0.299356,0,0.0,0,314,2,2,0.7789,0.6812,RED,47,Bengaluru
CLM0034212,BEN_09797,Yelahanka,2025-09-23,12,0,1,1,1,1,0,1,1,1,1.0,1.0,0,1.0,0,14,1,18,0.1381,0.7944,RED,42,Bengaluru
CLM0034213,BEN_05329,Yelahanka,2025-04-09,11,0,1,1,0,0,0,0,0,0,0.0,0.277036,0,0.0,0,357,1,2,0.4401,0.5311,YELLOW,37,Bengaluru
CLM0034214,BEN_06914,Jayanagar,2025-12-16,13,0,1,1,0,1,0,1,0,1,0.0,0.142223,0,1.0,1,5,2,18,0.6939,0.5875,YELLOW,60,Bengaluru
CLM0034215,BEN_00294,Electronic City,2024-07-20,8,0,0,0,0,1,0,0,0,0,1.0,0.266203,0,0.0,0,179,4,2,0.98,0.1436,GREEN,34,Bengaluru
CLM0034216,BEN_08681,Koramangala,2024-03-31,19,0,0,0,0,0,0,0,0,0,0.0,0.176932,0,0.0,0,420,3,2,0.8527,0.0,GREEN,52,Bengaluru
CLM0034217,BEN_09255,Koramangala,2024-11-15,15,0,0,0,0,0,0,0,0,0,0.0,0.133641,0,1.0,0,67,3,4,0.6431,0.0003,GREEN,56,Bengaluru
CLM0034218,BEN_01543,HSR Layout,2025-03-19,19,0,0,0,0,0,0,0,0,0,0.0,0.072117,0,0.0,0,406,2,3,0.3292,0.0,GREEN,44,Bengaluru
CLM0034219,BEN_02066,Koramangala,2025-10-18,14,0,0,0,0,0,0,0,0,0,0.0,0.150209,0,0.0,0,52,0,0,0.5357,0.0,GREEN,28,Bengaluru
CLM0034220,BEN_05600,Yelahanka,2016-11-27,9,0,0,0,0,0,0,0,0,0,0.0,0.017928,0,0.0,0,231,0,0,0.9648,0.0108,GREEN,44,Bengaluru
CLM0034221,BEN_04810,Rajajinagar,2021-01-10,20,0,0,0,0,0,0,1,1,0,0.0,0.315638,0,0.0,0,211,4,5,0.5855,0.1345,GREEN,44,Bengaluru
CLM0034222,BEN_05291,HSR Layout,2022-10-14,20,0,0,0,0,0,0,0,0,0,0.0,0.270305,0,0.0,0,160,0,1,0.061,0.0978,GREEN,41,Bengaluru
CLM0034223,BEN_03919,Yelahanka,2023-09-09,19,0,0,0,1,1,1,1,0,0,0.0,0.934866,1,0.0,0,5,4,11,0.5469,0.1301,GREEN,34,Bengaluru
CLM0034224,BEN_04236,Yelahanka,2022-07-28,13,0,0,0,0,0,0,0,0,0,0.0,0.378826,0,0.0,0,316,3,2,0.7355,0.1689,GREEN,37,Bengaluru
CLM0034225,BEN_04498,Jayanagar,2021-12-18,20,0,0,0,0,0,0,0,0,0,0.0,0.400835,0,0.0,0,336,1,0,0.6584,0.0318,GREEN,33,Bengaluru
CLM0034226,BEN_06419,Electronic City,2022-10-28,20,0,0,0,0,0,0,0,0,0,0.0,0.266953,0,0.0,0,168,0,5,0.6643,0.0,GREEN,21,Bengaluru
CLM0034227,BEN_00314,Rajajinagar,2016-09-21,14,0,0,0,1,0,1,0,0,0,0.0,0.361559,0,0.0,0,119,0,2,0.7864,0.2966,GREEN,44,Bengaluru
CLM0034228,BEN_03834,Marathahalli,2024-06-03,20,0,0,0,0,0,0,0,0,0,0.0,0.298621,0,0.0,0,215,2,0,0.6413,0.032,GREEN,45,Bengaluru
CLM0034229,BEN_08692,HSR Layout,2016-09-04,10,0,0,0,0,0,0,0,0,0,0.0,0.063572,0,0.0,0,259,1,2,0.6429,0.0,GREEN,50,Bengaluru
CLM0034230,BEN_07043,Indiranagar,2024-09-03,18,0,0,0,0,0,0,0,0,0,0.0,0.23899,0,0.0,0,124,4,1,0.5641,0.0406,GREEN,40,Bengaluru
CLM0034231,BEN_06749,Whitefield,2019-09-16,19,0,0,0,0,0,0,0,0,0,0.0,0.302191,0,0.0,0,92,4,2,0.9285,0.0,GREEN,28,Bengaluru
CLM0034232,BEN_01955,Jayanagar,2023-02-26,10,0,0,0,0,0,0,1,1,1,0.0,0.240898,0,0.0,0,63,3,4,0.98,0.2667,GREEN,50,Bengaluru
CLM0034233,BEN_06673,Jayanagar,2022-08-21,21,0,0,0,0,0,0,0,0,0,1.0,0.380899,0,0.0,0,420,3,1,0.7947,0.0624,GREEN,46,Bengaluru
CLM0034234,BEN_00462,Electronic City,2021-07-08,18,0,0,0,0,0,0,0,0,0,0.0,0.192305,0,0.0,0,226,1,0,0.6586,0.0222,GREEN,59,Bengaluru
CLM0034235,BEN_04255,HSR Layout,2024-07-25,21,0,0,0,0,0,0,0,0,0,0.0,0.0,0,0.0,0,281,3,2,0.3145,0.0106,GREEN,29,Bengaluru
CLM0034236,BEN_04741,Jayanagar,2025-03-27,18,0,0,0,0,0,0,0,0,0,0.0,0.07924,0,0.0,0,293,0,0,0.598,0.0245,GREEN,49,Bengaluru
CLM0034237,BEN_07361,Rajajinagar,2022-03-30,7,0,0,0,0,0,0,0,0,0,0.0,0.42266,0,0.0,0,370,3,4,0.6095,0.0,GREEN,24,Bengaluru
CLM0034238,BEN_08134,HSR Layout,2022-06-19,7,0,0,0,0,0,0,1,0,0,0.0,0.181231,0,0.0,0,389,1,3,0.2282,0.1144,GREEN,48,Bengaluru
CLM0034239,BEN_02525,Jayanagar,2021-05-21,7,0,0,0,0,0,0,0,0,0,0.0,0.0,0,0.0,0,188,2,5,0.9468,0.0,GREEN,52,Bengaluru
CLM0034240,BEN_02913,Jayanagar,2020-07-16,16,0,0,0,0,0,0,0,0,0,0.0,0.0,0,0.0,0,120,2,5,0.2019,0.0,GREEN,37,Bengaluru
CLM0034241,BEN_04336,Jayanagar,2021-04-19,10,0,0,0,0,0,0,0,0,0,0.0,0.316991,0,0.0,0,304,3,0,0.3634,0.0,GREEN,39,Bengaluru
CLM0034242,BEN_08480,HSR Layout,2022-03-03,18,0,0,0,0,0,1,0,0,0,0.0,0.07433,0,0.0,0,395,1,4,0.6647,0.1015,GREEN,28,Bengaluru
CLM0034243,BEN_09245,Rajajinagar,2025-05-15,14,0,0,0,0,0,0,0,0,0,0.0,0.16329,0,0.0,0,420,2,3,0.6021,0.1038,GREEN,46,Bengaluru
CLM0034244,BEN_03178,Whitefield,2020-08-12,12,0,0,0,0,0,0,0,0,0,0.0,0.004646,0,0.0,0,102,2,6,0.7967,0.0,GREEN,54,Bengaluru
CLM0034245,BEN_09834,Marathahalli,2023-09-18,20,0,0,0,0,0,0,0,0,0,1.0,1.0,0,0.0,0,275,3,1,0.7109,0.0908,GREEN,32,Bengaluru
CLM0034246,BEN_09600,HSR Layout,2019-02-12,16,0,0,0,0,0,1,0,0,0,0.0,0.009113,0,0.0,0,61,4,2,0.6196,0.0603,GREEN,52,Bengaluru
CLM0034247,BEN_08609,HSR Layout,2023-05-21,7,0,0,0,0,0,0,1,0,0,0.0,0.132364,0,0.0,0,181,1,2,0.9603,0.0754,GREEN,61,Bengaluru
CLM0034248,BEN_09161,Jayanagar,2021-07-31,20,0,0,0,0,0,0,0,0,0,0.0,0.311512,0,0.0,0,192,3,1,0.98,0.0486,GREEN,34,Bengaluru
CLM0034249,BEN_07632,Rajajinagar,2022-07-06,11,0,0,0,0,1,0,0,0,0,0.0,0.042693,0,0.0,0,350,0,3,0.6675,0.0727,GREEN,34,Bengaluru
CLM0034250,BEN_02526,Indiranagar,2022-08-05,18,0,0,0,0,0,0,0,0,0,0.0,0.057418,0,0.0,0,302,1,2,0.8735,0.0,GREEN,58,Bengaluru
CLM0034251,BEN_04873,Yelahanka,2024-10-07,8,0,0,0,0,0,0,0,1,0,0.0,0.184209,0,0.0,0,292,4,4,0.1863,0.1115,GREEN,51,Bengaluru
CLM0034252,BEN_05727,Rajajinagar,2016-04-21,17,0,0,0,0,0,0,0,1,0,0.0,0.002697,0,0.0,0,17,3,0,0.98,0.1018,GREEN,45,Bengaluru
CLM0034253,BEN_05733,Whitefield,2024-11-26,13,0,0,0,0,0,0,0,0,0,0.0,0.089915,0,0.0,0,420,2,0,0.8465,0.1215,GREEN,51,Bengaluru
CLM0034254,BEN_09767,Jayanagar,2017-02-15,8,0,0,0,0,0,0,1,1,1,0.0,0.165847,0,0.0,0,363,4,4,0.6401,0.3185,YELLOW,39,Bengaluru
CLM0034255,BEN_02299,Marathahalli,2020-04-27,19,0,0,0,0,0,0,0,0,0,0.0,0.06893,0,0.0,0,38,3,2,0.7866,0.0273,GREEN,51,Bengaluru
CLM0034256,BEN_09717,Indiranagar,2020-09-07,19,0,0,0,0,0,0,0,0,0,0.0,0.23706,0,0.0,0,420,3,2,0.8803,0.0,GREEN,40,Bengaluru
CLM0034257,BEN_02701,Koramangala,2025-12-29,10,0,0,0,0,1,0,0,0,0,0.0,0.373921,0,0.0,0,30,1,3,0.6903,0.1405,GREEN,38,Bengaluru
CLM0034258,BEN_05356,Yelahanka,2023-05-16,13,0,0,0,0,0,0,0,0,0,1.0,0.144615,0,0.0,0,62,4,6,0.5712,0.0,GREEN,57,Bengaluru
CLM0034259,BEN_06530,Koramangala,2019-05-30,11,0,0,0,0,0,0,0,0,0,0.0,0.139591,0,0.0,0,78,3,4,0.8906,0.0,GREEN,35,Bengaluru
CLM0034260,BEN_00171,Yelahanka,2022-01-03,21,0,0,0,1,1,1,1,1,0,1.0,1.0,0,1.0,0,13,1,18,0.7841,0.0,GREEN,51,Bengaluru
CLM0034261,BEN_01844,HSR Layout,2023-08-08,19,0,0,0,0,0,0,0,0,1,1.0,0.265829,0,0.0,0,5,4,3,0.5056,0.3519,YELLOW,57,Bengaluru
CLM0034262,BEN_00141,Yelahanka,2019-05-23,12,0,0,0,0,0,0,0,0,0,1.0,0.360467,0,0.0,0,196,3,0,0.9,0.0583,GREEN,41,Bengaluru
CLM0034263,BEN_03775,Jayanagar,2019-03-08,7,0,0,0,0,0,0,0,0,0,0.0,0.285859,0,0.0,0,5,0,4,0.663,0.0,GREEN,39,Bengaluru
CLM0034264,BEN_05241,BTM Layout,2025-08-23,18,0,0,0,0,0,0,0,0,0,0.0,0.189233,0,0.0,0,219,3,0,0.5642,0.0,GREEN,36,Bengaluru
CLM0034265,BEN_01854,BTM Layout,2024-01-26,18,0,0,0,0,0,0,0,1,0,0.0,0.335791,0,0.0,0,131,4,0,0.98,0.0,GREEN,24,Bengaluru
CLM0034266,BEN_04781,Whitefield,2024-11-13,14,0,0,0,0,0,0,0,0,0,0.0,0.012275,0,1.0,0,368,1,3,0.964,0.0391,GREEN,31,Bengaluru
CLM0034267,BEN_04049,Electronic City,2025-07-22,9,0,0,0,0,0,0,0,0,0,0.0,0.272718,0,0.0,0,297,1,1,0.8293,0.0622,GREEN,39,Bengaluru
CLM0034268,BEN_05155,Jayanagar,2024-05-26,9,0,0,0,0,0,0,0,0,0,1.0,0.828336,0,1.0,0,420,3,0,0.98,0.0132,GREEN,45,Bengaluru
CLM0034269,BEN_08675,Marathahalli,2023-04-18,10,0,0,0,0,0,0,0,0,0,0.0,0.110981,0,0.0,0,212,4,6,0.976,0.0,GREEN,43,Bengaluru
CLM0034270,BEN_07410,Jayanagar,2023-09-11,15,0,0,0,0,0,0,1,0,0,1.0,0.142011,0,0.0,1,237,3,0,0.5769,0.1954,GREEN,32,Bengaluru
CLM0034271,BEN_01058,Marathahalli,2023-09-26,15,0,0,0,0,0,0,0,0,0,0.0,0.983252,0,0.0,0,413,3,0,0.6107,0.0,GREEN,29,Bengaluru
CLM0034272,BEN_09334,Jayanagar,2023-12-10,9,0,0,0,0,0,0,0,1,0,0.0,0.097127,0,0.0,0,75,4,2,0.0863,0.1437,GREEN,25,Bengaluru
CLM0034273,BEN_06568,Whitefield,2024-06-15,21,0,0,0,0,0,1,0,0,0,0.0,0.437207,0,1.0,0,105,2,5,0.7319,0.0777,GREEN,53,Bengaluru
CLM0034274,BEN_04329,Indiranagar,2025-02-21,7,0,0,0,0,0,0,0,0,0,0.0,0.265928,0,0.0,0,398,1,2,0.6261,0.0046,GREEN,42,Bengaluru
CLM0034275,BEN_05720,HSR Layout,2025-08-15,21,0,0,0,0,0,0,0,0,0,1.0,0.364984,0,0.0,0,388,3,3,0.463,0.0429,GREEN,46,Bengaluru
CLM0034276,BEN_03296,Electronic City,2024-07-11,19,0,0,0,0,0,0,1,0,0,0.0,0.127052,0,0.0,0,420,3,0,0.8437,0.1409,GREEN,41,Bengaluru
CLM0034277,BEN_01800,HSR Layout,2023-06-10,21,0,0,0,0,0,0,0,0,0,0.0,0.965779,0,0.0,0,420,4,2,0.8541,0.0728,GREEN,55,Bengaluru
CLM0034278,BEN_06151,Rajajinagar,2025-12-13,9,0,1,1,0,0,0,0,0,0,0.0,0.211191,0,0.0,0,323,4,3,0.05,0.0021,GREEN,19,Bengaluru
CLM0034279,BEN_00675,Jayanagar,2022-11-02,18,0,0,0,0,0,0,0,0,0,1.0,0.03588,0,0.0,0,227,1,1,0.1369,0.1706,GREEN,53,Bengaluru
CLM0034280,BEN_09378,Electronic City,2025-09-05,10,0,0,0,0,0,0,0,1,0,0.0,0.195454,0,0.0,0,420,4,4,0.6431,0.1726,GREEN,29,Bengaluru
CLM0034281,BEN_06713,Rajajinagar,2024-10-09,11,0,0,0,0,0,0,1,0,0,0.0,0.308218,0,0.0,0,420,3,1,0.8092,0.0,GREEN,48,Bengaluru
CLM0034282,BEN_05742,Electronic City,2025-11-27,17,0,0,0,0,1,0,0,0,0,0.0,0.35674,0,0.0,0,232,2,0,0.9206,0.0969,GREEN,27,Bengaluru
CLM0034283,BEN_07790,Koramangala,2025-05-23,13,0,0,0,0,0,0,0,1,0,0.0,0.130934,0,0.0,0,304,1,2,0.7897,0.0647,GREEN,37,Bengaluru
CLM0034284,BEN_05500,Rajajinagar,2025-07-09,7,0,0,0,0,0,0,1,0,0,0.0,0.204647,0,0.0,0,283,1,1,0.6894,0.0921,GREEN,40,Bengaluru
CLM0034285,BEN_06441,Yelahanka,2024-11-01,17,0,0,0,1,0,1,1,0,1,1.0,0.903582,0,0.0,1,11,1,18,0.192,0.0,GREEN,50,Bengaluru
CLM0034286,BEN_07374,Marathahalli,2025-12-11,7,0,0,0,0,0,0,0,1,0,0.0,0.881525,0,0.0,0,420,4,1,0.9782,0.1101,GREEN,38,Bengaluru
CLM0034287,BEN_04507,Electronic City,2025-08-15,13,0,0,0,1,0,0,0,0,0,0.0,0.306501,1,0.0,0,145,0,0,0.2007,0.1564,GREEN,36,Bengaluru
CLM0034288,BEN_05209,Jayanagar,2023-04-15,10,0,1,1,1,0,1,0,1,1,1.0,0.242951,0,0.0,1,11,0,18,0.05,0.7825,RED,37,Bengaluru
CLM0034289,BEN_03170,Yelahanka,2025-06-11,12,0,1,1,1,0,0,1,1,1,1.0,1.0,1,0.0,1,21,1,18,0.05,0.7079,RED,38,Bengaluru
CLM0034290,BEN_08099,Marathahalli,2023-12-04,17,0,1,1,0,1,0,0,0,1,0.0,0.018813,0,0.0,1,147,0,0,0.527,0.4996,YELLOW,51,Bengaluru
CLM0034291,BEN_06374,Rajajinagar,2024-01-10,9,0,1,1,0,0,0,0,0,0,0.0,0.310911,0,1.0,0,126,0,2,0.864,0.5971,YELLOW,52,Bengaluru
CLM0034292,BEN_09635,Marathahalli,2019-11-22,18,0,1,1,0,0,0,0,0,1,0.0,0.179652,0,0.0,0,394,0,0,0.4676,0.1496,GREEN,65,Bengaluru
CLM0034293,BEN_07237,Electronic City,2015-09-24,8,0,0,0,0,0,0,1,0,0,0.0,0.090016,0,0.0,0,400,2,5,0.0588,0.0238,GREEN,37,Bengaluru
CLM0034294,BEN_00290,Indiranagar,2023-11-29,19,0,1,1,0,0,0,0,0,0,1.0,0.055554,0,0.0,0,290,3,0,0.786,0.1008,GREEN,47,Bengaluru
CLM0034295,BEN_06744,Yelahanka,2017-05-01,9,0,0,0,0,0,0,0,0,1,0.0,0.350976,1,0.0,0,420,4,1,0.6847,0.2589,GREEN,41,Bengaluru
CLM0034296,BEN_06379,Whitefield,2025-05-04,14,0,0,0,0,0,0,0,0,0,0.0,0.220581,0,0.0,0,420,4,4,0.8681,0.0,GREEN,40,Bengaluru
CLM0034297,BEN_07518,Indiranagar,2025-01-11,11,0,0,0,0,0,0,1,0,1,1.0,0.923089,0,1.0,0,64,1,0,0.98,0.2513,GREEN,54,Bengaluru
CLM0034298,BEN_02469,Electronic City,2021-03-09,16,0,0,0,0,0,0,0,0,1,1.0,0.184346,0,0.0,0,354,1,2,0.5587,0.1517,GREEN,49,Bengaluru
CLM0034299,BEN_08437,Marathahalli,2019-03-08,12,0,0,0,0,0,0,0,0,0,0.0,0.183849,0,0.0,0,377,2,0,0.7784,0.033,GREEN,50,Bengaluru
CLM0034300,BEN_07181,Yelahanka,2024-08-19,16,0,0,0,0,0,1,0,1,1,0.0,0.094459,0,0.0,0,234,0,3,0.98,0.4251,YELLOW,29,Bengaluru
CLM0034301,BEN_07775,HSR Layout,2024-12-17,10,0,0,0,0,0,0,1,0,0,0.0,0.344922,0,0.0,0,420,1,4,0.98,0.1312,GREEN,38,Bengaluru
CLM0034302,BEN_09363,Electronic City,2024-07-25,21,0,0,0,0,0,0,0,0,0,0.0,0.08926,0,0.0,0,244,0,0,0.7457,0.0755,GREEN,36,Bengaluru
CLM0034303,BEN_01223,Yelahanka,2024-07-22,17,0,0,0,0,0,0,0,0,0,0.0,0.368803,0,0.0,0,362,2,0,0.8979,0.0022,GREEN,50,Bengaluru
CLM0034304,BEN_01424,Jayanagar,2024-03-30,18,0,0,0,0,0,0,1,0,0,0.0,0.055613,0,0.0,1,136,4,2,0.681,0.1515,GREEN,45,Bengaluru
CLM0034305,BEN_04467,Yelahanka,2025-06-11,13,0,0,0,0,0,0,0,0,0,0.0,0.04181,0,0.0,0,408,0,3,0.8121,0.0139,GREEN,49,Bengaluru
CLM0034306,BEN_01587,BTM Layout,2024-06-25,21,0,0,0,0,0,0,0,0,0,0.0,0.071928,0,0.0,0,420,0,2,0.98,0.0,GREEN,44,Bengaluru
CLM0034307,BEN_06931,Whitefield,2025-09-18,21,0,0,0,0,0,0,0,0,0,0.0,0.280837,0,0.0,0,332,1,4,0.8879,0.089,GREEN,39,Bengaluru
CLM0034308,BEN_05090,Rajajinagar,2024-03-26,7,0,0,0,1,0,1,0,0,0,0.0,1.0,0,0.0,0,251,4,1,0.4197,0.1968,GREEN,66,Bengaluru
CLM0034309,BEN_09437,Electronic City,2018-07-02,20,0,0,0,0,0,0,0,0,0,0.0,0.494083,0,0.0,0,212,2,8,0.4916,0.0574,GREEN,45,Bengaluru
CLM0034310,BEN_03085,Jayanagar,2018-11-13,12,1,0,0,0,0,1,0,0,0,0.0,0.265692,0,0.0,0,420,3,6,0.5994,0.0595,GREEN,49,Bengaluru
CLM0034311,BEN_07673,Rajajinagar,2021-02-07,11,0,0,0,0,0,0,0,0,0,1.0,0.358347,0,0.0,0,327,4,2,0.6285,0.1645,GREEN,53,Bengaluru
CLM0034312,BEN_05067,Indiranagar,2023-07-20,12,0,0,0,0,0,0,0,1,0,1.0,0.260259,0,0.0,0,420,2,2,0.3663,0.1545,GREEN,42,Bengaluru
CLM0034313,BEN_07921,Koramangala,2021-09-22,19,0,0,0,0,0,0,0,0,0,0.0,0.903967,0,0.0,0,203,2,5,0.7297,0.0,GREEN,50,Bengaluru
CLM0034314,BEN_03694,HSR Layout,2024-06-15,18,0,0,0,0,0,0,0,0,0,0.0,0.208813,0,0.0,0,373,4,3,0.98,0.0584,GREEN,56,Bengaluru
CLM0034315,BEN_08022,Indiranagar,2024-08-27,15,0,0,0,0,0,0,0,0,0,0.0,0.327772,0,0.0,0,420,4,4,0.2979,0.0597,GREEN,53,Bengaluru
CLM0034316,BEN_03019,Electronic City,2024-11-26,9,0,0,0,0,0,0,0,0,0,0.0,0.221267,0,0.0,0,420,3,0,0.8893,0.0031,GREEN,37,Bengaluru
CLM0034317,BEN_04339,HSR Layout,2025-10-08,10,0,0,0,0,0,0,0,0,0,0.0,0.009043,0,0.0,0,420,4,2,0.92,0.0155,GREEN,28,Bengaluru
CLM0034318,BEN_03310,Rajajinagar,2024-05-12,21,0,1,1,0,0,0,0,1,0,0.0,0.059109,0,0.0,0,420,0,3,0.0536,0.1165,GREEN,34,Bengaluru
CLM0034319,BEN_06886,Marathahalli,2024-05-05,19,0,0,0,0,0,1,0,0,0,0.0,0.155035,0,0.0,0,228,3,2,0.8509,0.1337,GREEN,49,Bengaluru
CLM0034320,BEN_03554,Yelahanka,2024-06-25,11,0,0,0,0,0,0,0,0,0,0.0,0.275721,0,0.0,0,420,4,0,0.7392,0.0437,GREEN,45,Bengaluru
CLM0034321,BEN_06605,Whitefield,2024-08-19,7,0,1,1,0,0,0,0,0,0,0.0,0.970605,0,0.0,0,394,3,4,0.98,0.0,GREEN,63,Bengaluru
CLM0034322,BEN_00238,Jayanagar,2025-05-07,9,0,0,0,0,0,0,0,0,0,1.0,0.911084,0,1.0,0,111,1,5,0.5981,0.0,GREEN,43,Bengaluru
CLM0034323,BEN_07282,BTM Layout,2024-12-18,17,0,0,0,0,0,0,0,0,0,0.0,0.271556,0,0.0,0,410,2,1,0.9616,0.0,GREEN,53,Bengaluru
CLM0034324,BEN_09110,Whitefield,2025-10-13,10,0,0,0,0,0,0,0,0,0,0.0,0.242779,0,0.0,0,87,4,0,0.6916,0.0,GREEN,30,Bengaluru
CLM0034325,BEN_05316,BTM Layout,2021-11-15,9,0,0,0,1,0,0,0,1,1,0.0,0.015689,1,1.0,1,5,4,18,0.9723,0.0719,GREEN,41,Bengaluru
CLM0034326,BEN_04875,Marathahalli,2019-07-15,14,0,0,0,0,0,0,0,0,0,0.0,0.108104,0,0.0,1,60,1,1,0.98,0.042,GREEN,53,Bengaluru
CLM0034327,BEN_02774,Yelahanka,2022-06-27,15,0,0,0,0,0,0,0,0,0,0.0,0.240913,0,0.0,0,279,0,0,0.812,0.0,GREEN,39,Bengaluru
CLM0034328,BEN_03273,Jayanagar,2021-07-30,16,0,0,0,1,1,0,1,1,0,0.0,0.059026,0,0.0,1,5,3,18,0.9611,0.0745,GREEN,29,Bengaluru
CLM0034329,BEN_01069,BTM Layout,2023-01-18,8,0,0,0,0,0,0,0,0,0,0.0,0.153928,0,0.0,0,420,4,4,0.98,0.0,GREEN,57,Bengaluru
CLM0034330,BEN_07757,Rajajinagar,2024-10-23,9,0,0,0,0,0,0,0,0,0,0.0,0.06129,0,0.0,0,54,3,7,0.762,0.0375,GREEN,38,Bengaluru
CLM0034331,BEN_02503,Rajajinagar,2021-02-05,21,0,0,0,1,1,0,1,1,1,0.0,0.097687,0,0.0,1,37,0,18,0.8202,0.0,GREEN,47,Bengaluru
CLM0034332,BEN_08767,Koramangala,2025-03-04,13,0,0,0,1,0,0,1,1,1,1.0,1.0,0,1.0,0,21,4,18,0.062,0.0825,GREEN,42,Bengaluru
CLM0034333,BEN_07636,HSR Layout,2023-10-01,21,0,0,0,0,0,0,0,1,0,0.0,0.301269,0,0.0,0,177,4,3,0.2422,0.1534,GREEN,58,Bengaluru
CLM0034334,BEN_06304,Whitefield,2020-01-17,12,0,1,1,0,0,0,0,0,1,0.0,0.430053,0,0.0,0,311,3,4,0.8323,0.2148,GREEN,47,Bengaluru
CLM0034335,BEN_00027,HSR Layout,2025-02-25,13,0,0,0,0,0,0,0,0,0,0.0,0.402077,0,0.0,0,118,4,0,0.8237,0.0218,GREEN,43,Bengaluru
CLM0034336,BEN_01097,Indiranagar,2021-08-15,18,0,0,0,0,0,0,0,0,0,0.0,0.19721,0,0.0,0,126,4,7,0.3998,0.0698,GREEN,60,Bengaluru
CLM0034337,BEN_01250,HSR Layout,2023-10-23,8,0,1,1,0,0,1,0,0,0,0.0,0.094191,0,0.0,0,5,1,1,0.6773,0.6131,RED,50,Bengaluru
CLM0034338,BEN_03773,Yelahanka,2025-06-19,8,0,1,1,1,0,1,1,1,1,0.0,0.107172,0,0.0,1,5,0,18,0.8924,0.6244,RED,65,Bengaluru
CLM0034339,BEN_08346,Yelahanka,2024-01-31,19,0,1,1,0,0,0,0,0,1,0.0,0.991511,1,1.0,1,9,2,18,0.2281,0.4761,YELLOW,23,Bengaluru
CLM0034340,BEN_08038,Koramangala,2023-06-02,17,0,1,1,0,0,0,0,0,0,1.0,0.049444,0,0.0,0,105,2,2,0.6044,0.7411,RED,50,Bengaluru
CLM0034341,BEN_02431,Rajajinagar,2025-11-08,16,0,1,1,1,1,0,1,0,1,0.0,0.037556,0,0.0,0,5,2,14,0.9249,0.5531,YELLOW,51,Bengaluru
CLM0034342,BEN_00995,Indiranagar,2025-03-31,16,0,1,1,0,1,0,1,1,0,1.0,1.0,0,0.0,0,5,1,18,0.2947,0.5484,YELLOW,47,Bengaluru
CLM0034343,BEN_04239,Yelahanka,2025-08-17,19,0,1,1,1,1,0,1,1,1,1.0,1.0,1,1.0,1,10,2,18,0.7591,0.8974,RED,38,Bengaluru
CLM0034344,BEN_01397,Yelahanka,2022-11-30,12,0,1,1,0,1,0,1,1,0,0.0,0.973339,0,0.0,0,9,0,9,0.1799,0.4033,YELLOW,57,Bengaluru
CLM0034345,BEN_09148,Jayanagar,2024-09-10,11,0,1,1,1,0,1,1,0,1,0.0,0.114238,0,0.0,0,28,2,18,0.923,0.6706,RED,46,Bengaluru
CLM0034346,BEN_08407,Jayanagar,2017-05-17,17,0,0,0,0,0,0,0,0,0,0.0,0.197943,0,1.0,0,185,1,4,0.552,0.021,GREEN,47,Bengaluru
CLM0034347,BEN_01783,Whitefield,2022-04-07,19,0,0,0,0,0,0,0,0,0,0.0,0.226827,0,0.0,0,408,3,1,0.2218,0.0228,GREEN,23,Bengaluru
CLM0034348,BEN_01615,BTM Layout,2022-08-02,9,0,0,0,0,0,0,0,1,0,1.0,0.013501,0,0.0,0,354,1,3,0.05,0.2834,GREEN,42,Bengaluru
CLM0034349,BEN_00968,HSR Layout,2020-12-26,17,0,0,0,0,0,0,0,1,0,0.0,0.424977,0,0.0,0,308,3,2,0.1126,0.1084,GREEN,38,Bengaluru
CLM0034350,BEN_02133,Whitefield,2020-08-24,18,0,0,0,0,0,0,0,0,0,0.0,0.0,0,0.0,0,56,1,0,0.98,0.0693,GREEN,51,Bengaluru
CLM0034351,BEN_04531,Jayanagar,2025-04-05,20,0,0,0,0,0,1,0,0,0,0.0,0.181837,0,0.0,0,58,1,2,0.6427,0.0799,GREEN,55,Bengaluru
CLM0034352,BEN_02561,HSR Layout,2022-05-08,11,0,0,0,0,0,0,0,0,0,0.0,0.278471,0,0.0,0,420,3,2,0.7122,0.0011,GREEN,43,Bengaluru
CLM0034353,BEN_04590,Whitefield,2022-10-27,10,0,0,0,0,0,0,1,0,0,0.0,0.391273,0,0.0,0,297,1,4,0.6354,0.0673,GREEN,45,Bengaluru
CLM0034354,BEN_02427,Rajajinagar,2023-02-20,8,0,0,0,0,0,0,0,0,0,1.0,0.141343,0,0.0,0,26,2,5,0.092,0.1267,GREEN,39,Bengaluru
CLM0034355,BEN_05357,Whitefield,2022-10-30,12,0,0,0,0,0,0,0,0,0,0.0,0.306404,0,0.0,0,217,2,2,0.8073,0.0304,GREEN,47,Bengaluru
CLM0034356,BEN_09390,Yelahanka,2024-04-22,15,0,0,0,0,0,1,0,0,0,0.0,0.09998,0,0.0,0,99,2,0,0.706,0.2578,GREEN,38,Bengaluru
CLM0034357,BEN_04456,Indiranagar,2024-04-11,14,0,0,0,0,0,0,0,0,0,0.0,0.200355,0,0.0,0,406,0,6,0.8259,0.0,GREEN,47,Bengaluru
CLM0034358,BEN_04719,Indiranagar,2023-06-19,21,0,0,0,0,0,0,1,0,0,0.0,0.202189,0,0.0,0,91,4,3,0.9073,0.071,GREEN,44,Bengaluru
CLM0034359,BEN_03500,Koramangala,2022-04-03,20,0,0,0,0,0,0,0,0,0,0.0,0.198059,0,0.0,0,420,0,4,0.98,0.0,GREEN,44,Bengaluru
CLM0034360,BEN_08054,BTM Layout,2024-09-17,9,0,0,0,0,0,0,0,0,0,0.0,0.350356,0,0.0,0,220,4,3,0.092,0.0,GREEN,53,Bengaluru
CLM0034361,BEN_00470,Indiranagar,2022-06-20,21,0,0,0,0,0,0,0,0,0,0.0,0.0,0,0.0,0,337,0,3,0.98,0.055,GREEN,52,Bengaluru
CLM0034362,BEN_05372,Electronic City,2025-08-05,7,0,0,0,0,0,0,0,0,0,0.0,0.20129,0,0.0,0,73,2,3,0.7509,0.0477,GREEN,59,Bengaluru
CLM0034363,BEN_05217,BTM Layout,2024-09-15,7,0,0,0,0,0,0,0,0,0,0.0,0.378051,0,0.0,0,325,0,3,0.5871,0.0383,GREEN,59,Bengaluru
CLM0034364,BEN_00137,HSR Layout,2025-04-03,15,0,0,0,1,0,0,1,0,0,0.0,0.215562,1,0.0,0,77,0,3,0.282,0.3079,GREEN,53,Bengaluru
CLM0034365,BEN_01212,HSR Layout,2025-01-10,20,0,0,0,0,0,0,0,0,0,0.0,0.16251,0,0.0,0,91,0,4,0.915,0.0,GREEN,37,Bengaluru
CLM0034366,BEN_02077,HSR Layout,2025-02-12,20,0,0,0,1,0,0,0,0,0,0.0,0.300638,0,0.0,0,393,0,2,0.5581,0.1092,GREEN,36,Bengaluru
CLM0034367,BEN_04426,HSR Layout,2024-12-08,21,0,0,0,0,0,0,0,0,0,0.0,0.362313,0,0.0,0,395,4,4,0.9334,0.0,GREEN,35,Bengaluru
CLM0034368,BEN_09425,Jayanagar,2021-01-01,20,0,0,0,0,0,1,1,1,1,0.0,0.234237,0,1.0,0,9,4,18,0.2759,0.0696,GREEN,40,Bengaluru
CLM0034369,BEN_08981,BTM Layout,2023-12-08,19,0,0,0,0,0,0,0,0,0,1.0,0.18707,0,0.0,0,5,2,3,0.98,0.1707,GREEN,42,Bengaluru
CLM0034370,BEN_02783,HSR Layout,2022-02-11,16,0,0,0,0,0,0,0,0,0,0.0,0.952848,0,0.0,0,223,1,1,0.6461,0.0,GREEN,34,Bengaluru
CLM0034371,BEN_06931,Whitefield,2024-08-31,17,0,0,0,0,0,0,0,0,0,0.0,0.18536,0,0.0,0,306,1,4,0.4942,0.0,GREEN,39,Bengaluru
CLM0034372,BEN_04595,Electronic City,2025-01-23,13,0,0,0,0,0,0,0,0,0,0.0,0.374875,0,0.0,0,123,0,0,0.5979,0.0336,GREEN,40,Bengaluru
CLM0034373,BEN_05633,Rajajinagar,2021-05-13,16,0,0,0,0,0,0,0,0,0,0.0,0.068029,0,0.0,0,32,0,0,0.7349,0.0,GREEN,22,Bengaluru
CLM0034374,BEN_08115,Marathahalli,2024-09-03,7,0,0,0,0,0,1,0,0,0,0.0,0.910421,0,1.0,0,106,3,3,0.1009,0.0434,GREEN,29,Bengaluru
CLM0034375,BEN_08856,Jayanagar,2023-11-25,16,0,0,0,0,0,0,0,0,0,0.0,0.280713,0,0.0,0,172,3,0,0.7158,0.0145,GREEN,49,Bengaluru
CLM0034376,BEN_04969,Electronic City,2025-08-24,16,0,0,0,1,1,1,0,1,0,0.0,0.084942,1,0.0,0,5,2,18,0.98,0.0,GREEN,30,Bengaluru
CLM0034377,BEN_04077,Whitefield,2025-10-24,21,0,0,0,0,0,0,0,0,0,0.0,0.322352,0,1.0,0,108,2,1,0.9274,0.0146,GREEN,51,Bengaluru
CLM0034378,BEN_01367,Electronic City,2025-05-27,13,0,0,0,0,0,0,0,0,0,0.0,0.890875,0,0.0,0,379,1,6,0.4883,0.0,GREEN,47,Bengaluru
CLM0034379,BEN_01864,Marathahalli,2023-12-30,12,0,0,0,0,0,0,0,0,0,0.0,0.226143,0,0.0,0,181,0,0,0.1653,0.0,GREEN,43,Bengaluru
CLM0034380,BEN_03714,Indiranagar,2024-11-08,17,0,0,0,0,0,0,0,0,0,0.0,1.0,0,0.0,0,27,4,3,0.7875,0.0681,GREEN,54,Bengaluru
CLM0034381,BEN_07408,Rajajinagar,2019-12-04,8,0,0,0,0,0,1,1,1,1,1.0,0.278338,0,0.0,0,27,3,18,0.9778,0.0037,GREEN,45,Bengaluru
CLM0034382,BEN_01253,Rajajinagar,2020-10-20,20,0,0,0,0,0,0,0,0,0,0.0,0.367564,0,0.0,0,377,1,5,0.8469,0.0,GREEN,44,Bengaluru
CLM0034383,BEN_09298,Indiranagar,2022-03-19,16,0,0,0,0,0,0,0,0,0,0.0,0.321125,0,0.0,0,243,0,3,0.9445,0.1892,GREEN,29,Bengaluru
CLM0034384,BEN_03969,HSR Layout,2023-01-31,20,0,0,0,0,0,0,0,0,0,1.0,0.035222,1,0.0,1,318,1,4,0.3034,0.2368,GREEN,29,Bengaluru
CLM0034385,BEN_08632,Marathahalli,2024-12-01,18,0,0,0,0,0,0,0,0,0,0.0,0.488377,0,0.0,0,205,2,4,0.9475,0.0373,GREEN,33,Bengaluru
CLM0034386,BEN_06294,BTM Layout,2022-01-23,12,0,0,0,0,0,0,0,0,0,1.0,0.261576,0,0.0,0,420,1,4,0.9616,0.0291,GREEN,60,Bengaluru
CLM0034387,BEN_06640,Indiranagar,2023-12-10,7,0,0,0,0,0,0,1,0,0,0.0,1.0,0,0.0,0,65,4,7,0.7714,0.0327,GREEN,29,Bengaluru
CLM0034388,BEN_05690,BTM Layout,2022-04-23,15,0,0,0,0,0,0,0,0,1,0.0,0.138729,0,0.0,0,199,4,2,0.7611,0.2446,GREEN,49,Bengaluru
CLM0034389,BEN_01833,Jayanagar,2023-11-03,18,0,0,0,0,0,0,0,0,0,0.0,0.142708,0,0.0,0,420,2,0,0.6602,0.0,GREEN,29,Bengaluru
CLM0034390,BEN_09177,BTM Layout,2019-07-30,14,0,0,0,0,0,1,0,0,0,0.0,0.293965,0,0.0,0,126,2,4,0.98,0.0,GREEN,60,Bengaluru
CLM0034391,BEN_01333,Jayanagar,2022-04-10,8,0,0,0,0,0,0,0,0,0,0.0,0.265486,0,0.0,0,218,3,2,0.8399,0.0185,GREEN,33,Bengaluru
CLM0034392,BEN_07256,Whitefield,2022-07-26,13,0,0,0,0,0,0,0,0,0,1.0,0.050594,0,0.0,0,420,3,2,0.05,0.0614,GREEN,29,Bengaluru
CLM0034393,BEN_09309,Rajajinagar,2025-04-21,10,0,0,0,1,0,0,0,1,0,1.0,0.970701,0,1.0,0,23,1,3,0.1961,0.2777,GREEN,22,Bengaluru
CLM0034394,BEN_02644,Yelahanka,2022-09-25,15,0,0,0,1,1,1,1,1,0,0.0,0.120634,0,1.0,0,31,3,18,0.0938,0.0902,GREEN,31,Bengaluru
CLM0034395,BEN_01890,BTM Layout,2022-11-11,18,0,0,0,0,0,0,0,0,0,0.0,0.370992,0,0.0,0,80,1,2,0.5514,0.0,GREEN,29,Bengaluru
CLM0034396,BEN_06090,Rajajinagar,2025-05-16,8,0,0,0,0,0,0,0,0,0,0.0,0.938431,0,0.0,0,129,2,3,0.98,0.0,GREEN,47,Bengaluru
CLM0034397,BEN_04028,BTM Layout,2025-04-19,13,0,0,0,0,0,0,0,0,0,0.0,0.058365,0,0.0,0,420,2,1,0.8772,0.1265,GREEN,56,Bengaluru
CLM0034398,BEN_08226,Indiranagar,2023-02-13,15,0,0,0,0,0,0,0,0,0,0.0,0.14325,0,0.0,1,302,0,1,0.98,0.0318,GREEN,37,Bengaluru
CLM0034399,BEN_04403,Whitefield,2019-01-25,13,0,0,0,0,0,1,0,1,0,0.0,0.042033,0,0.0,0,72,0,0,0.7115,0.1308,GREEN,43,Bengaluru
CLM0034400,BEN_01849,Yelahanka,2024-05-16,21,0,0,0,0,0,0,0,0,0,0.0,0.0,0,0.0,0,348,4,3,0.0954,0.051,GREEN,33,Bengaluru
CLM0034401,BEN_04043,Yelahanka,2019-10-09,17,0,0,0,0,0,0,0,0,0,1.0,0.173614,0,0.0,0,306,3,5,0.98,0.141,GREEN,38,Bengaluru
CLM0034402,BEN_02036,BTM Layout,2019-11-28,12,0,0,0,0,0,0,0,0,0,1.0,0.239945,0,0.0,0,183,3,6,0.8014,0.0805,GREEN,64,Bengaluru
CLM0034403,BEN_04009,HSR Layout,2023-09-30,8,0,0,0,0,0,0,0,0,0,1.0,0.172178,0,0.0,0,243,4,1,0.7573,0.0117,GREEN,46,Bengaluru
CLM0034404,BEN_06198,BTM Layout,2025-04-09,11,0,0,0,0,0,0,0,0,0,0.0,0.198431,0,0.0,0,36,0,0,0.9422,0.0133,GREEN,33,Bengaluru
CLM0034405,BEN_06350,Rajajinagar,2020-02-20,15,0,0,0,0,0,1,0,0,0,1.0,0.339021,0,1.0,0,173,4,0,0.672,0.1025,GREEN,28,Bengaluru
CLM0034406,BEN_09812,Whitefield,2022-06-02,16,0,0,0,0,0,1,0,0,0,0.0,0.168354,0,0.0,0,420,2,1,0.5503,0.0,GREEN,47,Bengaluru
CLM0034407,BEN_07707,Rajajinagar,2022-02-23,18,0,0,0,0,0,0,0,0,1,0.0,0.315295,0,0.0,0,216,1,2,0.8408,0.1532,GREEN,62,Bengaluru
CLM0034408,BEN_04772,Electronic City,2017-04-17,12,0,0,0,0,0,0,0,0,0,1.0,0.011582,0,0.0,0,142,3,0,0.8878,0.0153,GREEN,42,Bengaluru
CLM0034409,BEN_04160,HSR Layout,2023-07-14,16,0,0,0,1,1,0,1,1,0,1.0,1.0,0,1.0,1,6,4,13,0.7884,0.0705,GREEN,36,Bengaluru
CLM0034410,BEN_04778,Whitefield,2024-08-02,19,0,0,0,0,1,0,0,0,0,0.0,0.361144,0,0.0,0,88,3,0,0.8919,0.0806,GREEN,51,Bengaluru
CLM0034411,BEN_00497,Yelahanka,2024-08-10,13,0,0,0,0,0,0,0,0,0,0.0,0.031239,0,0.0,0,162,3,2,0.6325,0.0,GREEN,47,Bengaluru
CLM0034412,BEN_06814,HSR Layout,2025-06-02,8,0,0,0,0,0,0,0,0,0,1.0,0.961803,0,0.0,0,19,3,1,0.5267,0.0824,GREEN,45,Bengaluru
CLM0034413,BEN_05685,Rajajinagar,2024-04-08,11,0,0,0,0,0,0,0,0,1,1.0,0.24393,0,0.0,0,420,0,4,0.9166,0.2343,GREEN,18,Bengaluru
CLM0034414,BEN_06599,Electronic City,2020-12-22,8,0,0,0,0,0,0,0,0,0,0.0,0.20798,0,0.0,0,322,0,0,0.5883,0.0,GREEN,40,Bengaluru
CLM0034415,BEN_09235,Yelahanka,2023-10-04,17,0,0,0,1,0,0,0,0,0,0.0,0.363698,0,0.0,0,420,4,2,0.8162,0.1153,GREEN,32,Bengaluru
CLM0034416,BEN_04798,Indiranagar,2021-05-01,10,0,0,0,0,0,0,0,0,1,0.0,0.152781,0,0.0,0,181,4,6,0.5779,0.1848,GREEN,37,Bengaluru
CLM0034417,BEN_08597,HSR Layout,2019-11-20,13,0,1,1,0,0,0,0,0,1,0.0,0.138192,0,0.0,0,71,3,5,0.5769,0.161,GREEN,37,Bengaluru
CLM0034418,BEN_04953,Jayanagar,2023-03-23,19,0,0,0,0,0,0,0,0,0,1.0,0.429667,0,0.0,0,12,1,1,0.5186,0.019,GREEN,46,Bengaluru
CLM0034419,BEN_02952,HSR Layout,2022-05-11,20,0,0,0,0,0,0,1,0,0,1.0,0.125187,0,0.0,0,228,4,6,0.5709,0.0981,GREEN,37,Bengaluru
CLM0034420,BEN_08670,Rajajinagar,2022-01-03,18,0,0,0,0,0,0,1,0,0,0.0,0.079068,0,0.0,0,324,1,4,0.5253,0.0,GREEN,46,Bengaluru
CLM0034421,BEN_01410,Koramangala,2018-10-22,19,0,0,0,0,0,0,0,0,1,0.0,1.0,0,0.0,0,385,2,0,0.8438,0.141,GREEN,57,Bengaluru
CLM0034422,BEN_06597,Marathahalli,2019-07-09,15,0,1,1,0,0,0,0,0,1,0.0,0.353121,0,0.0,0,47,2,3,0.8662,0.146,GREEN,29,Bengaluru
CLM0034423,BEN_06890,BTM Layout,2020-04-26,14,0,0,0,0,0,0,0,0,0,0.0,0.198408,0,0.0,0,179,4,1,0.05,0.0,GREEN,36,Bengaluru
CLM0034424,BEN_04689,Jayanagar,2021-05-18,12,0,0,0,0,0,1,0,0,0,0.0,0.103967,0,0.0,0,194,0,3,0.6384,0.0642,GREEN,47,Bengaluru
CLM0034425,BEN_03908,Jayanagar,2021-10-30,11,0,0,0,1,0,0,0,0,0,0.0,0.331986,0,0.0,0,108,1,6,0.6103,0.2922,GREEN,45,Bengaluru
CLM0034426,BEN_04306,BTM Layout,2024-05-23,12,0,0,0,0,0,0,0,1,0,0.0,0.300952,0,0.0,0,195,0,0,0.8108,0.0873,GREEN,35,Bengaluru
CLM0034427,BEN_06296,Whitefield,2017-09-20,10,0,0,0,0,0,0,0,0,0,0.0,0.169913,0,1.0,0,103,2,0,0.7521,0.0541,GREEN,36,Bengaluru
CLM0034428,BEN_09495,Electronic City,2015-10-16,7,0,0,0,0,0,0,0,1,0,0.0,0.379454,0,0.0,0,334,4,1,0.7298,0.0,GREEN,30,Bengaluru
CLM0034429,BEN_06633,Whitefield,2025-07-29,16,0,0,0,0,0,0,0,0,0,0.0,0.08442,0,0.0,0,148,3,5,0.8404,0.0,GREEN,21,Bengaluru
CLM0034430,BEN_08897,Yelahanka,2021-05-22,21,0,0,0,0,0,0,0,0,0,0.0,0.315028,0,0.0,0,305,3,3,0.98,0.0259,GREEN,35,Bengaluru
CLM0034431,BEN_04679,BTM Layout,2023-02-11,7,0,0,0,0,0,0,0,0,0,0.0,0.103282,1,0.0,0,14,0,1,0.5866,0.0329,GREEN,28,Bengaluru
CLM0034432,BEN_03696,Marathahalli,2019-01-17,11,0,0,0,0,0,0,0,0,0,0.0,0.128196,0,0.0,0,55,4,0,0.3522,0.0019,GREEN,32,Bengaluru
CLM0034433,BEN_08503,Rajajinagar,2023-12-20,17,0,0,0,0,1,1,1,1,0,0.0,0.0,1,0.0,0,5,1,18,0.8847,0.0,GREEN,24,Bengaluru
CLM0034434,BEN_00317,Marathahalli,2025-12-20,9,0,0,0,0,0,0,0,0,0,0.0,0.268107,0,0.0,0,420,0,0,0.2587,0.0529,GREEN,27,Bengaluru
CLM0034435,BEN_08638,Marathahalli,2025-04-09,14,0,0,0,0,0,0,0,0,0,0.0,1.0,0,0.0,0,232,0,2,0.5164,0.0561,GREEN,30,Bengaluru
CLM0034436,BEN_07282,BTM Layout,2019-04-11,17,0,0,0,0,0,0,0,0,0,0.0,0.959238,0,0.0,0,114,4,1,0.6462,0.0563,GREEN,53,Bengaluru
CLM0034437,BEN_05179,Koramangala,2022-12-28,16,0,0,0,0,0,0,0,0,1,0.0,0.0,0,0.0,1,420,1,3,0.2906,0.205,GREEN,22,Bengaluru
CLM0034438,BEN_09729,Indiranagar,2020-11-21,19,0,1,1,1,0,0,0,0,0,0.0,0.440462,0,0.0,0,152,2,5,0.6343,0.1622,GREEN,53,Bengaluru
CLM0034439,BEN_05684,Rajajinagar,2022-08-02,21,0,0,0,0,0,0,0,0,1,0.0,0.080767,0,0.0,0,52,2,0,0.05,0.2253,GREEN,36,Bengaluru
CLM0034440,BEN_04829,Koramangala,2016-06-08,14,0,0,0,0,0,0,1,0,0,0.0,0.251069,0,0.0,0,313,1,3,0.8318,0.0932,GREEN,52,Bengaluru
CLM0034441,BEN_05530,Jayanagar,2022-10-17,13,0,0,0,0,0,0,0,0,0,0.0,0.0,0,0.0,0,408,4,0,0.8278,0.0,GREEN,41,Bengaluru
CLM0034442,BEN_01857,Jayanagar,2015-07-25,14,0,0,0,0,0,0,0,0,0,0.0,0.43278,0,0.0,0,78,0,2,0.98,0.0102,GREEN,53,Bengaluru
CLM0034443,BEN_02330,Rajajinagar,2024-01-17,13,0,0,0,0,0,0,0,0,0,0.0,0.366921,0,0.0,0,130,4,1,0.7654,0.0592,GREEN,51,Bengaluru
CLM0034444,BEN_04968,BTM Layout,2017-06-04,12,0,0,0,0,0,0,1,0,0,0.0,0.076689,0,0.0,0,122,3,1,0.7891,0.1284,GREEN,43,Bengaluru
CLM0034445,BEN_01122,Electronic City,2023-07-24,13,0,0,0,0,0,0,1,0,0,0.0,0.012947,0,0.0,0,236,0,0,0.9024,0.0899,GREEN,40,Bengaluru
CLM0034446,BEN_08987,Koramangala,2020-02-25,19,0,0,0,0,0,1,0,0,0,0.0,0.407671,0,0.0,0,420,3,1,0.7152,0.1143,GREEN,36,Bengaluru
CLM0034447,BEN_00414,Jayanagar,2024-07-10,20,0,0,0,0,0,0,0,0,0,0.0,0.0,0,0.0,0,346,4,0,0.98,0.0019,GREEN,34,Bengaluru
CLM0034448,BEN_07618,Yelahanka,2015-11-10,19,0,0,0,0,0,0,0,0,0,0.0,0.068678,0,0.0,0,316,3,4,0.6768,0.0,GREEN,46,Bengaluru
CLM0034449,BEN_07225,Jayanagar,2018-06-05,15,0,0,0,0,0,0,0,0,1,0.0,0.263205,1,0.0,0,220,4,4,0.6572,0.2924,GREEN,25,Bengaluru
CLM0034450,BEN_08181,HSR Layout,2021-05-22,9,0,0,0,0,0,0,0,0,0,0.0,0.282776,0,0.0,1,314,0,4,0.837,0.0393,GREEN,50,Bengaluru
CLM0034451,BEN_00893,Marathahalli,2021-02-28,21,0,0,0,0,0,0,0,0,0,0.0,0.254284,0,0.0,0,420,0,1,0.7927,0.1407,GREEN,29,Bengaluru
CLM0034452,BEN_08575,Electronic City,2021-05-21,16,0,0,0,0,0,0,0,0,0,0.0,0.348302,0,0.0,0,420,1,3,0.9214,0.0,GREEN,47,Bengaluru
CLM0034453,BEN_02854,BTM Layout,2022-08-31,8,0,0,0,0,0,1,0,0,0,0.0,0.198221,0,1.0,0,47,3,0,0.98,0.0884,GREEN,50,Bengaluru
CLM0034454,BEN_02188,Marathahalli,2022-09-27,9,0,0,0,0,0,0,0,0,0,0.0,0.334305,0,1.0,0,137,4,4,0.71,0.0206,GREEN,38,Bengaluru
CLM0034455,BEN_09148,Jayanagar,2021-07-19,14,0,0,0,0,0,0,0,0,1,0.0,0.154419,0,0.0,0,339,2,6,0.05,0.1274,GREEN,46,Bengaluru
CLM0034456,BEN_05804,Marathahalli,2024-05-23,11,0,0,0,0,0,0,0,0,0,0.0,0.313379,0,0.0,0,36,2,2,0.6338,0.0,GREEN,38,Bengaluru
CLM0034457,BEN_06989,Whitefield,2023-11-14,19,0,0,0,0,0,0,0,0,0,0.0,0.391904,0,0.0,0,329,1,3,0.6927,0.0,GREEN,50,Bengaluru
CLM0034458,BEN_06288,Yelahanka,2024-02-08,12,0,0,0,0,0,0,0,0,0,0.0,1.0,0,0.0,0,180,1,5,0.6084,0.0008,GREEN,43,Bengaluru
CLM0034459,BEN_08988,Whitefield,2025-09-03,10,0,0,0,0,0,1,0,0,0,0.0,0.412965,0,0.0,0,241,4,5,0.7194,0.0971,GREEN,46,Bengaluru
CLM0034460,BEN_09984,Whitefield,2023-08-05,11,0,0,0,0,0,0,0,0,0,0.0,0.179553,0,0.0,0,123,3,3,0.6664,0.1154,GREEN,44,Bengaluru
CLM0034461,BEN_02059,HSR Layout,2024-05-15,21,0,0,0,0,0,0,0,0,0,0.0,0.326803,0,0.0,0,371,3,0,0.5817,0.0,GREEN,45,Bengaluru
CLM0034462,BEN_05984,Whitefield,2022-05-28,17,0,0,0,0,0,1,0,0,0,0.0,0.223766,0,0.0,0,154,1,7,0.1984,0.0844,GREEN,39,Bengaluru
CLM0034463,BEN_07933,Whitefield,2023-09-19,20,0,0,0,0,0,0,0,1,0,0.0,0.073671,0,0.0,0,408,4,0,0.9244,0.0898,GREEN,36,Bengaluru
CLM0034464,BEN_04510,Rajajinagar,2025-07-13,15,0,0,0,0,0,0,0,0,0,0.0,0.083084,0,0.0,0,393,3,0,0.6004,0.0496,GREEN,46,Bengaluru
CLM0034465,BEN_07759,Electronic City,2021-12-02,8,0,0,0,1,0,0,0,0,0,0.0,1.0,0,0.0,1,225,2,0,0.672,0.2294,GREEN,35,Bengaluru
CLM0034466,BEN_06729,Rajajinagar,2021-06-30,20,0,0,0,0,0,1,0,0,0,1.0,0.091678,0,0.0,0,345,1,1,0.8759,0.2026,GREEN,54,Bengaluru
CLM0034467,BEN_02654,BTM Layout,2021-07-20,12,0,0,0,0,0,0,0,0,0,0.0,0.258638,0,0.0,0,125,4,6,0.5546,0.0091,GREEN,48,Bengaluru
CLM0034468,BEN_07265,HSR Layout,2025-03-29,11,0,0,0,0,0,0,0,0,0,0.0,0.169603,0,0.0,0,201,3,3,0.98,0.0,GREEN,38,Bengaluru
CLM0034469,BEN_04184,BTM Layout,2024-03-23,9,0,0,0,0,0,0,0,0,0,0.0,0.447536,0,0.0,0,229,2,2,0.8995,0.0,GREEN,30,Bengaluru
CLM0034470,BEN_03306,BTM Layout,2021-06-30,7,0,0,0,0,0,0,0,0,0,0.0,0.369757,0,0.0,0,118,1,6,0.1361,0.0694,GREEN,39,Bengaluru
CLM0034471,BEN_04027,Whitefield,2025-02-07,10,0,0,0,0,0,0,0,0,0,0.0,0.061002,0,0.0,0,334,0,2,0.4518,0.1483,GREEN,22,Bengaluru
CLM0034472,BEN_00329,BTM Layout,2024-09-24,19,0,0,0,0,0,0,0,0,0,0.0,0.164432,0,0.0,1,27,3,0,0.6692,0.1419,GREEN,28,Bengaluru
CLM0034473,BEN_05074,Rajajinagar,2022-09-27,15,0,0,0,0,0,0,0,0,0,0.0,0.338632,0,0.0,0,332,3,2,0.833,0.0129,GREEN,45,Bengaluru
CLM0034474,BEN_08011,Marathahalli,2024-10-04,16,0,0,0,0,0,0,0,1,1,0.0,0.077109,0,1.0,0,292,1,6,0.623,0.2154,GREEN,38,Bengaluru
CLM0034475,BEN_03532,Koramangala,2021-10-12,10,0,0,0,0,0,0,0,0,1,0.0,0.100026,0,0.0,1,420,2,0,0.9123,0.2744,GREEN,57,Bengaluru
CLM0034476,BEN_02000,BTM Layout,2024-04-15,12,0,0,0,0,0,1,0,0,0,0.0,0.269575,0,0.0,0,420,2,1,0.8738,0.0895,GREEN,46,Bengaluru
CLM0034477,BEN_02380,Whitefield,2024-03-16,12,0,0,0,0,0,0,0,0,0,0.0,0.147232,0,0.0,0,288,4,0,0.8406,0.0,GREEN,40,Bengaluru
CLM0034478,BEN_06060,Indiranagar,2024-03-05,16,0,0,0,0,0,0,0,0,0,0.0,0.383568,0,0.0,0,283,1,0,0.1608,0.0,GREEN,46,Bengaluru
CLM0034479,BEN_09018,Electronic City,2015-10-27,9,0,0,0,0,0,0,0,0,0,0.0,0.362898,0,0.0,0,152,0,1,0.05,0.0598,GREEN,50,Bengaluru
CLM0034480,BEN_06015,HSR Layout,2018-10-13,21,0,0,0,0,0,0,0,0,0,0.0,1.0,0,0.0,0,246,3,0,0.9075,0.0033,GREEN,40,Bengaluru
CLM0034481,BEN_00974,BTM Layout,2017-02-28,17,0,0,0,0,0,0,0,0,0,0.0,0.136041,0,0.0,0,296,2,6,0.9372,0.0,GREEN,41,Bengaluru
CLM0034482,BEN_05072,Marathahalli,2018-05-14,15,0,0,0,0,0,1,0,0,0,0.0,0.436684,0,0.0,0,235,0,0,0.1088,0.1,GREEN,39,Bengaluru
CLM0034483,BEN_06891,Koramangala,2019-01-10,9,0,0,0,0,0,1,0,0,1,0.0,0.199616,0,0.0,0,416,3,1,0.1534,0.1389,GREEN,60,Bengaluru
CLM0034484,BEN_00565,Electronic City,2023-10-19,8,0,0,0,0,0,0,0,0,0,0.0,0.388262,1,0.0,1,148,1,1,0.0953,0.1499,GREEN,48,Bengaluru
CLM0034485,BEN_05064,Indiranagar,2020-03-29,12,0,0,0,0,0,0,0,0,0,0.0,0.0,0,0.0,0,420,2,1,0.1572,0.0,GREEN,61,Bengaluru
CLM0034486,BEN_03655,Whitefield,2023-09-04,15,0,0,0,0,0,0,0,0,0,0.0,0.055571,1,0.0,0,420,2,2,0.9178,0.1035,GREEN,46,Bengaluru
CLM0034487,BEN_08704,Koramangala,2024-07-17,11,0,0,0,0,0,0,0,0,0,0.0,0.363475,0,0.0,0,387,3,4,0.98,0.0,GREEN,28,Bengaluru
CLM0034488,BEN_04708,Indiranagar,2022-04-08,20,0,0,0,0,0,1,0,0,0,0.0,0.392021,0,0.0,1,420,2,4,0.5139,0.1827,GREEN,40,Bengaluru
CLM0034489,BEN_09428,Marathahalli,2022-11-24,15,0,0,0,0,0,1,0,0,0,0.0,0.012946,0,1.0,0,29,2,6,0.8196,0.114,GREEN,43,Bengaluru
CLM0034490,BEN_07247,Koramangala,2023-05-16,12,0,0,0,0,0,0,0,0,0,0.0,0.15123,1,0.0,0,241,4,4,0.6405,0.0,GREEN,31,Bengaluru
CLM0034491,BEN_00017,Koramangala,2024-12-13,18,0,0,0,0,0,1,0,0,1,0.0,1.0,0,0.0,0,310,3,6,0.8251,0.2834,GREEN,57,Bengaluru
CLM0034492,BEN_05611,Electronic City,2022-07-11,12,0,0,0,0,0,1,0,0,0,0.0,0.328384,0,0.0,1,40,4,4,0.6506,0.1468,GREEN,18,Bengaluru
CLM0034493,BEN_09828,Rajajinagar,2024-07-20,18,0,0,0,0,0,1,0,0,0,0.0,0.283289,0,0.0,0,420,1,3,0.7212,0.0802,GREEN,48,Bengaluru
CLM0034494,BEN_00652,Marathahalli,2023-03-19,11,0,0,0,0,0,0,1,0,0,0.0,0.312111,0,0.0,0,269,4,1,0.8385,0.0464,GREEN,37,Bengaluru
CLM0034495,BEN_08522,HSR Layout,2025-03-24,10,0,0,0,0,0,0,0,0,0,0.0,0.393191,0,0.0,0,119,0,0,0.6479,0.0601,GREEN,47,Bengaluru
CLM0034496,BEN_02983,Yelahanka,2024-12-16,20,0,0,0,0,0,0,0,0,0,0.0,0.396286,0,0.0,0,170,4,0,0.6468,0.0802,GREEN,29,Bengaluru
CLM0034497,BEN_03765,Electronic City,2024-09-03,8,0,0,0,0,1,0,0,0,0,0.0,0.108524,0,1.0,0,105,0,0,0.53,0.0839,GREEN,59,Bengaluru
CLM0034498,BEN_03123,Electronic City,2025-06-15,7,0,0,0,0,0,0,0,0,0,0.0,1.0,0,0.0,0,215,0,0,0.4381,0.0087,GREEN,33,Bengaluru
CLM0034499,BEN_02243,Indiranagar,2025-04-13,20,0,0,0,0,0,0,0,0,0,0.0,0.267097,0,0.0,0,313,3,0,0.7208,0.1048,GREEN,45,Bengaluru
CLM0034500,BEN_07152,Rajajinagar,2025-06-10,9,0,0,0,0,0,0,0,0,0,0.0,0.241287,0,0.0,0,420,4,0,0.6415,0.1255,GREEN,62,Bengaluru
CLM0034501,BEN_07012,HSR Layout,2024-03-15,13,0,0,0,0,0,0,0,0,0,0.0,0.183227,0,0.0,0,94,4,4,0.428,0.0,GREEN,63,Bengaluru
CLM0034502,BEN_04460,Koramangala,2025-03-12,8,0,0,0,0,0,0,0,0,0,1.0,0.075549,0,0.0,0,271,4,3,0.6576,0.0817,GREEN,29,Bengaluru
CLM0034503,BEN_04805,Koramangala,2024-06-19,19,0,0,0,0,0,0,1,0,0,0.0,0.964664,0,0.0,1,263,1,1,0.6053,0.1354,GREEN,56,Bengaluru
CLM0034504,BEN_02218,Marathahalli,2025-12-04,9,0,0,0,0,0,0,0,1,0,0.0,0.386607,1,0.0,0,359,4,1,0.6263,0.2168,GREEN,49,Bengaluru
CLM0034505,BEN_04857,Jayanagar,2024-08-06,19,0,0,0,0,0,0,0,0,0,1.0,1.0,0,1.0,0,259,1,4,0.6439,0.0326,GREEN,42,Bengaluru
CLM0034506,BEN_05379,Indiranagar,2025-11-01,12,0,0,0,0,0,0,0,0,0,0.0,1.0,0,0.0,0,212,1,0,0.4756,0.0243,GREEN,37,Bengaluru
CLM0034507,BEN_07033,Koramangala,2025-11-23,15,0,0,0,0,0,0,0,0,0,0.0,0.193187,0,0.0,0,420,0,2,0.6724,0.0,GREEN,52,Bengaluru
CLM0034508,BEN_03626,Yelahanka,2015-11-25,19,0,0,0,0,0,0,0,0,0,0.0,0.140455,0,0.0,0,42,0,3,0.1191,0.0,GREEN,48,Bengaluru
CLM0034509,BEN_04410,BTM Layout,2020-02-22,18,0,0,0,0,0,0,0,0,1,0.0,0.104317,0,0.0,0,35,4,5,0.5772,0.118,GREEN,46,Bengaluru
CLM0034510,BEN_06589,Electronic City,2022-05-02,9,0,0,0,0,0,1,0,0,0,0.0,0.170578,0,0.0,0,168,1,0,0.6669,0.105,GREEN,32,Bengaluru
CLM0034511,BEN_01689,BTM Layout,2016-02-17,18,0,0,0,0,0,1,0,1,0,0.0,0.08268,0,0.0,0,420,3,0,0.9432,0.2333,GREEN,18,Bengaluru
CLM0034512,BEN_03943,BTM Layout,2023-04-22,12,0,0,0,0,0,0,0,0,0,0.0,0.357422,0,0.0,0,265,3,0,0.98,0.0,GREEN,18,Bengaluru
CLM0034513,BEN_08730,Marathahalli,2024-12-17,21,0,0,0,0,0,0,0,0,0,0.0,0.255993,0,0.0,0,25,1,1,0.6937,0.1095,GREEN,34,Bengaluru
CLM0034514,BEN_08271,Jayanagar,2020-08-28,15,0,0,0,0,0,1,0,0,0,0.0,0.197091,0,0.0,0,420,2,0,0.6868,0.0621,GREEN,46,Bengaluru
CLM0034515,BEN_09951,Jayanagar,2018-09-11,14,0,0,0,0,1,0,0,0,0,0.0,0.329317,0,0.0,0,38,3,3,0.943,0.1416,GREEN,27,Bengaluru
CLM0034516,BEN_08199,Yelahanka,2021-03-10,18,0,0,0,0,0,0,0,0,0,0.0,0.406328,0,0.0,0,161,0,0,0.7186,0.1057,GREEN,46,Bengaluru
CLM0034517,BEN_03467,Koramangala,2024-01-13,7,0,0,0,0,0,0,0,0,0,0.0,0.090239,1,0.0,0,378,3,6,0.6133,0.1302,GREEN,52,Bengaluru
CLM0034518,BEN_05497,HSR Layout,2025-09-24,20,0,0,0,0,0,0,0,0,0,1.0,0.0,0,1.0,0,275,1,3,0.7197,0.0944,GREEN,38,Bengaluru
CLM0034519,BEN_02061,Yelahanka,2020-10-02,15,0,0,0,0,0,0,0,0,0,0.0,0.082892,0,0.0,0,280,3,2,0.6524,0.0,GREEN,30,Bengaluru
CLM0034520,BEN_00164,BTM Layout,2023-11-22,8,0,0,0,0,0,0,0,0,0,1.0,1.0,0,0.0,0,29,1,4,0.9096,0.0,GREEN,53,Bengaluru
CLM0034521,BEN_01592,BTM Layout,2020-06-16,16,0,0,0,0,0,0,0,0,0,0.0,0.216718,0,0.0,0,125,0,1,0.7836,0.0,GREEN,26,Bengaluru
CLM0034522,BEN_09861,Rajajinagar,2021-01-31,18,0,0,0,0,0,0,0,0,0,0.0,0.377822,0,0.0,0,151,3,0,0.8238,0.0,GREEN,53,Bengaluru
CLM0034523,BEN_05761,Koramangala,2020-12-31,16,0,0,0,0,0,0,0,0,0,0.0,0.307655,0,0.0,0,367,4,0,0.6005,0.0,GREEN,31,Bengaluru
CLM0034524,BEN_03547,Whitefield,2025-06-14,16,0,0,0,0,0,0,0,1,0,0.0,0.130804,0,0.0,0,145,2,0,0.5943,0.109,GREEN,52,Bengaluru
CLM0034525,BEN_04283,Electronic City,2025-01-12,15,0,0,0,1,0,0,1,0,0,0.0,0.0,0,0.0,0,365,2,3,0.8317,0.2524,GREEN,39,Bengaluru
CLM0034526,BEN_03367,Whitefield,2024-08-16,7,0,0,0,0,0,1,0,0,0,0.0,0.160434,0,0.0,0,328,4,2,0.8278,0.1886,GREEN,43,Bengaluru
CLM0034527,BEN_03240,Rajajinagar,2021-12-03,17,0,0,0,0,0,0,0,0,0,0.0,0.973926,0,0.0,0,286,0,0,0.8608,0.022,GREEN,38,Bengaluru
CLM0034528,BEN_04038,Marathahalli,2024-09-01,16,0,0,0,0,0,0,1,0,0,0.0,0.323467,0,0.0,0,96,3,0,0.725,0.0663,GREEN,52,Bengaluru
CLM0034529,BEN_01840,Indiranagar,2020-11-30,10,0,0,0,0,0,0,0,0,0,0.0,0.350983,0,0.0,0,295,4,3,0.05,0.0242,GREEN,42,Bengaluru
CLM0034530,BEN_09098,BTM Layout,2024-11-29,12,0,0,0,0,0,0,0,0,0,0.0,0.297463,0,0.0,0,322,0,4,0.8724,0.0,GREEN,60,Bengaluru
CLM0034531,BEN_01515,BTM Layout,2025-04-09,19,0,0,0,0,0,1,1,0,0,0.0,0.159838,1,0.0,1,5,3,18,0.98,0.0068,GREEN,50,Bengaluru
CLM0034532,BEN_06329,Marathahalli,2020-08-07,11,0,0,0,0,0,0,0,0,0,0.0,0.234659,0,0.0,0,177,3,3,0.98,0.0669,GREEN,44,Bengaluru
CLM0034533,BEN_06894,Rajajinagar,2023-04-28,13,0,0,0,0,0,0,0,0,0,0.0,0.108112,0,0.0,0,322,3,3,0.5789,0.0,GREEN,49,Bengaluru
CLM0034534,BEN_06490,HSR Layout,2024-06-19,15,0,0,0,0,0,0,0,0,0,0.0,1.0,0,0.0,0,23,4,2,0.673,0.0237,GREEN,48,Bengaluru
CLM0034535,BEN_04195,Yelahanka,2023-09-04,18,0,0,0,0,0,0,0,0,0,0.0,0.0,0,0.0,0,386,0,1,0.9347,0.1708,GREEN,27,Bengaluru
CLM0034536,BEN_05086,Rajajinagar,2023-10-18,10,0,0,0,0,0,0,0,0,0,0.0,0.075247,0,0.0,0,413,1,1,0.1554,0.0,GREEN,44,Bengaluru
CLM0034537,BEN_02717,Whitefield,2025-07-11,10,0,0,0,0,0,0,0,0,0,1.0,0.1701,1,0.0,0,275,3,1,0.5645,0.1603,GREEN,58,Bengaluru
CLM0034538,BEN_06446,Indiranagar,2023-10-17,14,0,0,0,0,0,0,0,1,0,0.0,0.226461,0,0.0,0,420,2,4,0.7044,0.1203,GREEN,43,Bengaluru
CLM0034539,BEN_09861,Rajajinagar,2025-01-08,12,0,0,0,0,0,0,0,0,0,0.0,0.006978,0,0.0,0,285,4,0,0.9349,0.1805,GREEN,53,Bengaluru
CLM0034540,BEN_09522,Koramangala,2024-02-17,10,0,0,0,0,0,0,0,0,0,0.0,0.110963,0,1.0,0,375,1,3,0.05,0.0,GREEN,39,Bengaluru
CLM0034541,BEN_03125,Jayanagar,2023-02-11,9,0,0,0,0,0,0,0,0,0,0.0,0.082798,0,0.0,0,86,2,2,0.8043,0.0,GREEN,26,Bengaluru
CLM0034542,BEN_08840,Whitefield,2024-04-21,11,0,0,0,1,0,0,0,1,0,1.0,1.0,0,0.0,1,5,0,18,0.05,0.1421,GREEN,46,Bengaluru
CLM0034543,BEN_06457,Indiranagar,2025-12-22,15,0,0,0,0,0,0,1,0,0,0.0,0.180366,0,0.0,0,48,1,0,0.4915,0.1551,GREEN,60,Bengaluru
CLM0034544,BEN_08884,Koramangala,2024-01-16,14,0,0,0,0,0,0,0,0,0,0.0,0.070619,0,0.0,0,251,2,0,0.6731,0.0302,GREEN,51,Bengaluru
CLM0034545,BEN_07686,Koramangala,2023-04-17,13,0,0,0,0,0,0,0,0,0,1.0,0.0,0,0.0,0,306,2,1,0.7044,0.0824,GREEN,38,Bengaluru
CLM0034546,BEN_03936,HSR Layout,2025-12-03,18,0,1,1,0,0,0,0,0,0,0.0,0.371618,0,0.0,0,403,4,0,0.8008,0.1052,GREEN,41,Bengaluru
CLM0034547,BEN_02236,Whitefield,2023-05-22,11,0,0,0,0,0,0,0,0,0,0.0,0.24569,0,0.0,0,377,2,2,0.7629,0.0,GREEN,35,Bengaluru
CLM0034548,BEN_03496,Whitefield,2024-04-13,14,0,0,0,1,1,1,1,1,0,1.0,0.595035,0,1.0,0,5,0,18,0.301,0.0072,GREEN,50,Bengaluru
CLM0034549,BEN_02131,Marathahalli,2025-05-29,20,0,0,0,0,0,0,0,0,0,0.0,1.0,1,0.0,0,146,3,4,0.2653,0.0016,GREEN,47,Bengaluru
CLM0034550,BEN_04858,Marathahalli,2025-06-30,10,0,0,0,0,0,0,0,0,0,0.0,0.047335,0,0.0,0,170,4,2,0.7199,0.0971,GREEN,36,Bengaluru
CLM0034551,BEN_06254,Koramangala,2025-05-27,16,0,0,0,0,0,0,1,0,0,0.0,1.0,0,0.0,0,194,2,3,0.6217,0.1671,GREEN,37,Bengaluru
CLM0034552,BEN_07038,Marathahalli,2022-06-12,21,0,0,0,0,0,0,0,0,0,0.0,0.150995,0,0.0,0,394,2,1,0.5277,0.0056,GREEN,45,Bengaluru
CLM0034553,BEN_08006,Koramangala,2023-01-29,8,0,0,0,0,0,0,0,0,0,0.0,0.346848,0,0.0,0,228,3,0,0.7436,0.0,GREEN,38,Bengaluru
CLM0034554,BEN_04172,Jayanagar,2023-02-03,16,0,0,0,0,0,0,0,0,0,1.0,0.392127,0,1.0,0,212,2,3,0.5504,0.0248,GREEN,48,Bengaluru
CLM0034555,BEN_00256,Yelahanka,2023-07-17,21,0,0,0,1,1,0,0,1,1,1.0,0.503846,0,1.0,1,5,3,18,0.138,0.1203,GREEN,49,Bengaluru
CLM0034556,BEN_09547,BTM Layout,2023-12-31,9,0,0,0,0,1,0,0,0,0,0.0,0.0,0,0.0,0,268,3,5,0.7813,0.1118,GREEN,41,Bengaluru
CLM0034557,BEN_06110,Whitefield,2022-02-08,11,0,0,0,0,0,0,1,0,0,0.0,0.238127,0,0.0,0,420,0,1,0.403,0.0,GREEN,56,Bengaluru
CLM0034558,BEN_07934,BTM Layout,2025-09-21,14,0,0,0,0,0,0,1,0,0,0.0,0.137131,0,0.0,0,181,3,1,0.98,0.0,GREEN,47,Bengaluru
CLM0034559,BEN_09492,BTM Layout,2025-06-02,9,0,0,0,0,0,0,0,0,0,1.0,0.943027,0,0.0,0,177,1,4,0.7649,0.0657,GREEN,52,Bengaluru
CLM0034560,BEN_07109,Yelahanka,2025-04-24,17,0,0,0,0,0,0,0,0,0,1.0,0.946665,0,1.0,0,420,4,4,0.98,0.0096,GREEN,27,Bengaluru
CLM0034561,BEN_07814,BTM Layout,2025-10-22,11,0,0,0,0,1,0,1,0,0,0.0,0.282538,0,0.0,0,174,0,1,0.9432,0.1569,GREEN,61,Bengaluru
CLM0034562,BEN_07641,BTM Layout,2024-07-08,17,0,0,0,0,0,1,0,0,0,0.0,0.191498,0,0.0,0,232,1,6,0.0966,0.007,GREEN,61,Bengaluru
CLM0034563,BEN_01790,Koramangala,2024-06-30,15,0,0,0,0,0,0,0,0,0,0.0,0.293471,0,0.0,0,420,4,4,0.4884,0.0228,GREEN,31,Bengaluru
CLM0034564,BEN_09321,Indiranagar,2025-07-19,14,0,0,0,0,0,0,0,0,0,0.0,0.152496,0,0.0,0,111,3,0,0.7956,0.0307,GREEN,40,Bengaluru
CLM0034565,BEN_07529,Marathahalli,2025-01-27,18,0,0,0,0,0,1,0,0,0,0.0,0.200897,0,0.0,0,413,2,3,0.6917,0.0,GREEN,51,Bengaluru
CLM0034566,BEN_01403,Jayanagar,2024-05-23,8,0,0,0,0,0,0,0,0,1,0.0,0.164271,0,0.0,0,17,3,2,0.8974,0.1048,GREEN,63,Bengaluru
CLM0034567,BEN_06770,Whitefield,2024-04-02,21,0,0,0,0,0,0,0,0,0,0.0,0.146341,0,0.0,0,154,4,0,0.8979,0.0,GREEN,64,Bengaluru
CLM0034568,BEN_07987,Electronic City,2025-03-28,14,0,0,0,0,0,0,0,0,0,0.0,0.200338,0,0.0,0,420,0,4,0.98,0.0,GREEN,58,Bengaluru
CLM0034569,BEN_04619,Indiranagar,2022-03-24,15,0,0,0,0,0,0,0,1,0,0.0,0.0,0,0.0,0,317,2,4,0.8245,0.0996,GREEN,44,Bengaluru
CLM0034570,BEN_00651,Marathahalli,2023-02-04,18,0,0,0,0,0,0,0,0,0,0.0,0.319258,0,0.0,0,155,0,1,0.6702,0.0021,GREEN,56,Bengaluru
CLM0034571,BEN_09655,Whitefield,2021-04-26,19,0,0,0,0,0,0,0,0,0,0.0,0.175585,0,0.0,0,273,1,1,0.7575,0.2558,GREEN,36,Bengaluru
CLM0034572,BEN_06372,Jayanagar,2018-08-03,13,0,0,0,0,0,0,0,0,0,0.0,0.205538,0,0.0,0,324,0,1,0.6186,0.0,GREEN,52,Bengaluru
CLM0034573,BEN_04307,Rajajinagar,2025-08-17,11,0,0,0,1,0,0,0,0,0,1.0,0.315125,0,0.0,1,302,1,2,0.6932,0.1709,GREEN,43,Bengaluru
CLM0034574,BEN_08460,HSR Layout,2020-03-18,18,0,0,0,0,0,0,0,0,0,0.0,0.245429,0,0.0,0,420,2,4,0.6665,0.0888,GREEN,56,Bengaluru
CLM0034575,BEN_01338,Yelahanka,2024-12-20,19,0,0,0,0,0,0,0,0,0,0.0,0.394674,0,0.0,0,247,4,0,0.6472,0.044,GREEN,41,Bengaluru
CLM0034576,BEN_07172,Yelahanka,2025-11-01,16,0,0,0,0,0,0,0,0,0,0.0,0.0,0,0.0,0,326,1,3,0.9047,0.0,GREEN,30,Bengaluru
CLM0034577,BEN_08945,Electronic City,2023-03-05,15,0,0,0,0,0,0,0,0,0,0.0,1.0,0,0.0,0,24,0,3,0.3633,0.0,GREEN,44,Bengaluru
CLM0034578,BEN_05467,HSR Layout,2022-05-08,19,0,0,0,0,0,0,1,0,1,1.0,0.081054,0,0.0,0,31,3,6,0.7394,0.0751,GREEN,59,Bengaluru
CLM0034579,BEN_03489,Yelahanka,2024-04-21,18,0,0,0,0,0,0,0,0,0,1.0,0.106188,0,0.0,0,420,3,1,0.6069,0.0,GREEN,36,Bengaluru
CLM0034580,BEN_01465,HSR Layout,2023-03-14,9,0,0,0,0,0,0,0,0,0,0.0,0.94133,0,0.0,0,340,2,2,0.7621,0.0862,GREEN,54,Bengaluru
CLM0034581,BEN_05002,Indiranagar,2023-12-03,11,0,0,0,0,0,0,0,0,0,0.0,0.083212,0,0.0,0,10,4,0,0.0557,0.0,GREEN,50,Bengaluru
CLM0034582,BEN_04399,Electronic City,2025-05-29,17,0,0,0,0,0,0,0,0,0,0.0,0.022574,0,0.0,0,420,0,1,0.8203,0.0,GREEN,54,Bengaluru
CLM0034583,BEN_07601,HSR Layout,2020-09-26,20,0,1,1,0,0,0,0,0,0,0.0,0.317687,0,0.0,0,137,1,1,0.98,0.1065,GREEN,45,Bengaluru
CLM0034584,BEN_06482,Whitefield,2024-04-06,10,0,0,0,0,0,0,0,0,0,0.0,0.444166,0,0.0,0,153,3,6,0.05,0.0,GREEN,45,Bengaluru
CLM0034585,BEN_02643,BTM Layout,2023-08-26,9,0,0,0,0,0,0,0,0,0,0.0,0.162751,0,1.0,0,53,2,3,0.7063,0.0,GREEN,45,Bengaluru
CLM0034586,BEN_07022,Indiranagar,2023-05-15,16,0,0,0,0,0,0,0,0,0,0.0,0.351816,0,0.0,1,392,0,0,0.6712,0.2202,GREEN,43,Bengaluru
CLM0034587,BEN_00917,Yelahanka,2023-11-19,9,0,0,0,0,0,0,0,0,1,0.0,0.0,0,0.0,0,299,4,1,0.9677,0.1616,GREEN,46,Bengaluru
CLM0034588,BEN_08272,Marathahalli,2025-02-21,8,0,0,0,1,1,0,1,1,0,1.0,0.847667,0,0.0,0,5,4,18,0.7508,0.0699,GREEN,48,Bengaluru
CLM0034589,BEN_08375,Marathahalli,2025-04-04,12,0,0,0,0,1,0,0,0,0,0.0,0.170703,0,0.0,0,353,1,0,0.607,0.0998,GREEN,51,Bengaluru
CLM0034590,BEN_07042,Indiranagar,2025-02-17,9,0,0,0,0,0,1,0,0,0,0.0,0.28283,0,0.0,0,209,2,0,0.05,0.1348,GREEN,40,Bengaluru
CLM0034591,BEN_06481,Rajajinagar,2021-06-28,14,0,0,0,0,0,0,0,0,0,0.0,0.049552,0,0.0,0,410,2,0,0.05,0.0119,GREEN,60,Bengaluru
CLM0034592,BEN_01244,Koramangala,2025-02-08,15,0,0,0,0,0,0,0,1,0,0.0,0.070866,0,0.0,0,390,2,0,0.9146,0.2,GREEN,34,Bengaluru
CLM0034593,BEN_03066,BTM Layout,2021-03-23,19,0,0,0,0,0,0,0,0,1,0.0,0.465221,0,0.0,0,65,4,6,0.5284,0.15,GREEN,53,Bengaluru
CLM0034594,BEN_07650,Yelahanka,2024-01-14,7,0,0,0,0,0,0,0,0,0,0.0,0.11311,0,0.0,0,228,1,0,0.2183,0.0104,GREEN,47,Bengaluru
CLM0034595,BEN_05319,BTM Layout,2025-08-01,16,0,0,0,0,0,0,0,1,0,0.0,0.041658,0,0.0,0,249,2,4,0.4253,0.1214,GREEN,51,Bengaluru
CLM0034596,BEN_03463,Koramangala,2022-08-23,19,0,0,0,0,0,0,0,0,0,1.0,0.159286,0,1.0,0,398,2,4,0.7649,0.1264,GREEN,38,Bengaluru
CLM0034597,BEN_02837,Marathahalli,2025-05-25,12,0,0,0,0,0,0,0,0,0,0.0,0.268197,0,0.0,0,371,0,3,0.8253,0.0966,GREEN,31,Bengaluru
CLM0034598,BEN_00946,Electronic City,2023-11-14,9,0,0,0,0,0,0,1,0,0,1.0,0.082624,0,0.0,0,169,0,0,0.5631,0.1,GREEN,49,Bengaluru
CLM0034599,BEN_08848,BTM Layout,2025-05-02,13,0,0,0,0,0,0,0,0,0,0.0,0.207235,0,0.0,0,306,4,2,0.5808,0.0152,GREEN,42,Bengaluru
CLM0034600,BEN_05823,Marathahalli,2024-09-22,12,0,0,0,0,0,0,0,0,0,0.0,0.220886,0,0.0,0,420,3,1,0.656,0.0,GREEN,45,Bengaluru
CLM0034601,BEN_08398,Jayanagar,2024-04-15,12,0,0,0,0,0,0,0,0,0,0.0,0.274615,0,0.0,0,420,0,0,0.8073,0.0381,GREEN,30,Bengaluru
CLM0034602,BEN_00738,Jayanagar,2023-04-26,14,0,0,0,0,0,0,0,0,0,1.0,1.0,0,0.0,0,187,0,2,0.7476,0.0681,GREEN,34,Bengaluru
CLM0034603,BEN_01289,Marathahalli,2025-07-31,18,0,0,0,0,0,1,0,0,0,0.0,0.214895,0,0.0,0,101,3,0,0.968,0.0323,GREEN,43,Bengaluru
CLM0034604,BEN_08860,Rajajinagar,2024-08-18,16,0,0,0,0,0,1,0,0,0,1.0,0.980526,0,0.0,0,95,4,0,0.05,0.1941,GREEN,58,Bengaluru
CLM0034605,BEN_08634,Yelahanka,2023-05-10,11,0,0,0,0,1,0,1,0,0,0.0,0.129512,0,0.0,0,60,3,0,0.9331,0.1418,GREEN,35,Bengaluru
CLM0034606,BEN_08677,Koramangala,2022-09-21,12,0,0,0,0,0,0,0,0,0,0.0,0.045525,0,0.0,0,420,0,2,0.679,0.0425,GREEN,32,Bengaluru
CLM0034607,BEN_09474,Jayanagar,2022-10-06,15,0,0,0,0,0,0,0,0,1,1.0,0.397888,0,0.0,0,276,2,7,0.98,0.1381,GREEN,27,Bengaluru
CLM0034608,BEN_08910,Rajajinagar,2019-02-12,9,0,0,0,0,0,0,0,0,0,1.0,0.395015,0,0.0,0,158,0,8,0.6719,0.0,GREEN,66,Bengaluru
CLM0034609,BEN_04862,Rajajinagar,2020-06-15,20,0,0,0,1,0,0,0,0,0,0.0,0.323083,0,0.0,0,67,4,4,0.5117,0.1362,GREEN,42,Bengaluru
CLM0034610,BEN_04254,HSR Layout,2025-10-25,21,0,0,0,0,0,0,1,0,1,1.0,0.402886,0,1.0,0,347,3,4,0.4241,0.1553,GREEN,48,Bengaluru
CLM0034611,BEN_03337,Koramangala,2023-03-17,14,0,0,0,0,0,0,0,0,0,0.0,0.326752,0,0.0,0,277,4,4,0.98,0.0004,GREEN,44,Bengaluru
CLM0034612,BEN_09790,Indiranagar,2025-05-09,11,0,0,0,0,0,0,0,0,0,0.0,0.074081,0,0.0,0,63,1,3,0.7907,0.0119,GREEN,51,Bengaluru
CLM0034613,BEN_03559,BTM Layout,2021-05-11,15,0,0,0,0,0,0,0,0,0,0.0,0.097075,0,0.0,0,420,0,5,0.771,0.0,GREEN,47,Bengaluru
CLM0034614,BEN_07063,Yelahanka,2021-12-01,17,0,0,0,0,0,0,0,1,0,0.0,0.984399,0,0.0,0,41,2,0,0.5465,0.1152,GREEN,32,Bengaluru
CLM0034615,BEN_04805,Koramangala,2025-09-03,11,0,0,0,0,0,0,0,1,0,0.0,0.198158,0,0.0,1,174,0,2,0.6676,0.1436,GREEN,56,Bengaluru
CLM0034616,BEN_07998,Yelahanka,2017-11-10,7,0,0,0,0,0,0,0,0,0,0.0,0.111539,0,0.0,0,144,0,5,0.3099,0.0,GREEN,41,Bengaluru
CLM0034617,BEN_06742,Rajajinagar,2020-01-31,16,0,0,0,0,0,0,0,0,0,1.0,1.0,0,1.0,0,158,3,1,0.8666,0.0,GREEN,24,Bengaluru
CLM0034618,BEN_07678,Indiranagar,2017-09-06,10,0,0,0,0,0,0,1,0,0,0.0,0.264345,0,0.0,0,373,1,0,0.4389,0.0185,GREEN,33,Bengaluru
CLM0034619,BEN_01334,Whitefield,2020-05-14,8,0,0,0,0,0,0,1,0,0,0.0,0.396544,0,0.0,0,112,4,5,0.2519,0.0924,GREEN,46,Bengaluru
CLM0034620,BEN_06682,HSR Layout,2016-08-08,11,0,0,0,0,0,0,0,0,0,0.0,0.257821,0,0.0,0,337,4,0,0.5435,0.0,GREEN,62,Bengaluru
CLM0034621,BEN_07683,Indiranagar,2024-05-14,7,0,0,0,0,0,0,0,0,0,0.0,0.334155,0,0.0,0,322,3,3,0.8784,0.0,GREEN,31,Bengaluru
CLM0034622,BEN_02806,HSR Layout,2024-10-09,16,0,0,0,1,0,0,0,0,0,0.0,0.218558,0,0.0,0,244,1,2,0.5519,0.1015,GREEN,41,Bengaluru
CLM0034623,BEN_04071,Rajajinagar,2018-02-08,17,0,0,0,0,0,0,0,0,0,1.0,0.161136,0,0.0,0,28,1,4,0.98,0.1561,GREEN,40,Bengaluru
CLM0034624,BEN_06806,Marathahalli,2020-06-08,21,0,0,0,0,0,0,0,0,0,0.0,0.285828,0,0.0,1,101,1,0,0.8783,0.0,GREEN,46,Bengaluru
CLM0034625,BEN_01672,Rajajinagar,2017-07-19,12,0,0,0,0,0,0,0,0,0,0.0,0.110153,0,0.0,0,216,0,0,0.6292,0.0,GREEN,36,Bengaluru
CLM0034626,BEN_09764,BTM Layout,2022-09-27,12,0,0,0,0,0,0,0,0,1,0.0,0.105937,0,0.0,0,417,0,1,0.9713,0.066,GREEN,45,Bengaluru
CLM0034627,BEN_07850,Electronic City,2023-01-10,9,0,0,0,0,0,1,0,0,0,0.0,1.0,0,0.0,0,323,2,1,0.8581,0.0414,GREEN,27,Bengaluru
CLM0034628,BEN_07934,BTM Layout,2022-05-17,21,0,0,0,0,0,1,0,0,0,0.0,0.240164,0,0.0,0,420,1,2,0.928,0.0981,GREEN,47,Bengaluru
CLM0034629,BEN_01116,Rajajinagar,2017-11-06,15,0,0,0,0,0,0,0,0,0,0.0,0.375775,0,0.0,0,34,0,3,0.8917,0.0392,GREEN,31,Bengaluru
CLM0034630,BEN_08533,Whitefield,2021-07-02,8,0,0,0,0,0,0,0,0,0,0.0,0.105846,0,0.0,0,285,1,0,0.8935,0.0448,GREEN,62,Bengaluru
CLM0034631,BEN_09369,Koramangala,2022-03-21,19,0,0,0,0,0,0,0,0,0,0.0,0.12066,0,0.0,0,420,0,1,0.4423,0.0,GREEN,45,Bengaluru
CLM0034632,BEN_09597,Electronic City,2023-10-27,8,0,0,0,0,0,0,0,0,0,0.0,0.394941,0,0.0,0,92,1,7,0.6347,0.0672,GREEN,44,Bengaluru
CLM0034633,BEN_00187,Marathahalli,2016-05-31,10,0,0,0,0,0,0,0,0,0,0.0,0.0,1,0.0,0,198,4,0,0.671,0.0304,GREEN,50,Bengaluru
CLM0034634,BEN_08353,Whitefield,2019-06-23,11,0,0,0,0,0,0,0,0,0,0.0,1.0,0,0.0,1,286,3,3,0.6372,0.0282,GREEN,53,Bengaluru
CLM0034635,BEN_06838,Electronic City,2021-01-20,13,0,0,0,0,0,1,0,0,0,0.0,0.985754,0,0.0,0,271,1,5,0.8776,0.0694,GREEN,34,Bengaluru
CLM0034636,BEN_03955,Rajajinagar,2023-03-19,11,0,0,0,0,0,0,0,0,0,0.0,0.329488,0,0.0,0,386,2,1,0.5113,0.0,GREEN,35,Bengaluru
CLM0034637,BEN_06226,Whitefield,2019-06-29,7,0,0,0,0,0,0,0,0,0,0.0,0.24307,0,0.0,0,222,0,0,0.8197,0.0241,GREEN,44,Bengaluru
CLM0034638,BEN_09572,HSR Layout,2024-02-28,15,0,0,0,0,0,0,0,0,0,0.0,0.00547,0,0.0,0,101,3,2,0.6296,0.0122,GREEN,52,Bengaluru
CLM0034639,BEN_02698,Rajajinagar,2019-02-12,14,0,0,0,0,0,0,0,0,0,0.0,0.1955,0,0.0,0,415,3,0,0.4209,0.0,GREEN,38,Bengaluru
CLM0034640,BEN_01276,Koramangala,2023-08-19,13,0,0,0,0,0,0,0,0,0,0.0,0.09564,0,0.0,1,201,2,0,0.4394,0.1225,GREEN,59,Bengaluru
CLM0034641,BEN_06715,Whitefield,2020-01-10,17,0,0,0,0,0,0,0,0,0,0.0,0.334136,1,0.0,0,168,1,3,0.9421,0.1855,GREEN,48,Bengaluru
CLM0034642,BEN_07505,Indiranagar,2022-06-16,15,0,0,0,0,0,0,0,0,0,0.0,0.217435,1,0.0,0,129,3,5,0.9545,0.0529,GREEN,51,Bengaluru
CLM0034643,BEN_02514,Marathahalli,2022-01-30,7,0,0,0,0,0,0,0,0,0,0.0,0.246626,0,0.0,0,420,1,2,0.05,0.0,GREEN,28,Bengaluru
CLM0034644,BEN_08895,BTM Layout,2024-06-10,13,0,0,0,0,0,0,0,0,0,0.0,0.12152,0,0.0,0,202,2,0,0.964,0.0,GREEN,41,Bengaluru
CLM0034645,BEN_01921,Yelahanka,2020-08-29,15,0,0,0,0,0,0,0,1,0,0.0,0.179277,1,0.0,0,266,1,1,0.5043,0.0,GREEN,50,Bengaluru
CLM0034646,BEN_07950,Whitefield,2022-06-01,13,0,0,0,0,0,0,0,0,0,0.0,0.981178,0,0.0,0,14,2,0,0.7177,0.1824,GREEN,47,Bengaluru
CLM0034647,BEN_01890,BTM Layout,2024-12-19,11,0,0,0,0,0,0,0,0,0,0.0,0.384567,0,0.0,0,360,4,4,0.7512,0.1116,GREEN,29,Bengaluru
CLM0034648,BEN_06144,Yelahanka,2024-06-09,8,0,0,0,0,0,0,0,0,0,0.0,1.0,0,0.0,0,365,2,0,0.938,0.0401,GREEN,54,Bengaluru
CLM0034649,BEN_03686,Yelahanka,2021-05-28,15,0,0,0,0,1,0,0,0,0,0.0,0.223258,0,0.0,0,334,1,3,0.0696,0.0476,GREEN,46,Bengaluru
CLM0034650,BEN_03485,HSR Layout,2018-11-03,18,0,0,0,0,0,0,0,0,0,0.0,0.181519,0,0.0,0,311,4,2,0.5152,0.001,GREEN,38,Bengaluru
CLM0034651,BEN_01153,Koramangala,2020-02-10,18,0,0,0,0,0,0,0,0,0,0.0,0.362047,1,0.0,0,420,1,1,0.677,0.0323,GREEN,35,Bengaluru
CLM0034652,BEN_09380,Koramangala,2018-11-06,20,0,0,0,0,0,0,0,1,0,0.0,0.276382,0,0.0,0,255,3,1,0.667,0.0543,GREEN,42,Bengaluru
CLM0034653,BEN_02660,Yelahanka,2018-08-01,19,0,0,0,0,0,0,0,1,0,0.0,0.097198,0,0.0,0,141,4,2,0.6457,0.0718,GREEN,48,Bengaluru
CLM0034654,BEN_07450,Indiranagar,2019-06-22,9,0,0,0,0,0,0,0,0,0,0.0,0.299631,0,0.0,0,361,3,1,0.6,0.0427,GREEN,61,Bengaluru
CLM0034655,BEN_06372,Jayanagar,2024-08-26,8,0,0,0,0,0,0,0,0,0,0.0,0.261911,0,0.0,0,96,0,1,0.98,0.0,GREEN,52,Bengaluru
CLM0034656,BEN_07943,Jayanagar,2020-12-07,15,0,0,0,0,0,0,0,1,0,0.0,0.354186,0,0.0,0,287,2,3,0.6723,0.0857,GREEN,53,Bengaluru
CLM0034657,BEN_07836,Whitefield,2020-09-16,10,0,0,0,0,0,0,0,0,0,0.0,0.35897,0,0.0,1,80,0,1,0.8715,0.1362,GREEN,52,Bengaluru
CLM0034658,BEN_09844,Marathahalli,2025-09-09,18,0,0,0,1,0,1,0,0,0,0.0,0.272527,0,0.0,0,175,4,5,0.1114,0.2672,GREEN,53,Bengaluru
CLM0034659,BEN_01665,Indiranagar,2025-02-26,9,0,0,0,1,0,0,0,0,0,0.0,0.385399,0,0.0,0,420,0,5,0.6405,0.1379,GREEN,57,Bengaluru
CLM0034660,BEN_07423,Yelahanka,2025-10-10,9,0,1,1,0,0,0,0,0,0,0.0,0.167057,0,0.0,0,420,3,2,0.86,0.1266,GREEN,51,Bengaluru
CLM0034661,BEN_07639,Jayanagar,2024-08-19,13,0,0,0,0,0,0,0,1,0,0.0,0.107351,0,0.0,0,335,0,3,0.8095,0.1447,GREEN,29,Bengaluru
CLM0034662,BEN_04050,Koramangala,2024-11-03,11,0,0,0,0,0,0,0,0,0,0.0,0.948139,0,0.0,0,183,2,1,0.5206,0.1265,GREEN,30,Bengaluru
CLM0034663,BEN_07249,Yelahanka,2025-06-23,15,0,0,0,0,0,0,0,0,0,0.0,0.376006,0,0.0,0,99,0,3,0.9637,0.0174,GREEN,51,Bengaluru
CLM0034664,BEN_05398,Rajajinagar,2024-11-10,12,0,0,0,0,0,0,0,0,0,0.0,1.0,0,0.0,0,276,4,7,0.7558,0.0883,GREEN,38,Bengaluru
CLM0034665,BEN_03575,Electronic City,2020-10-10,8,0,0,0,0,0,0,0,0,0,0.0,0.309012,0,0.0,0,44,0,2,0.1127,0.0,GREEN,37,Bengaluru
CLM0034666,BEN_07093,Whitefield,2023-03-01,10,0,1,1,0,0,0,0,0,0,0.0,0.092348,0,0.0,0,420,2,1,0.8023,0.0,GREEN,36,Bengaluru
CLM0034667,BEN_01703,Whitefield,2023-04-24,12,0,0,0,0,0,0,1,0,0,0.0,0.139186,0,0.0,0,385,1,3,0.98,0.1479,GREEN,28,Bengaluru
CLM0034668,BEN_03204,Yelahanka,2020-01-31,7,0,0,0,0,0,0,0,1,0,0.0,0.352736,0,0.0,0,44,0,1,0.6952,0.0484,GREEN,42,Bengaluru
CLM0034669,BEN_04018,Koramangala,2023-08-25,16,0,0,0,0,0,0,0,0,0,0.0,0.085194,0,0.0,0,336,0,1,0.9075,0.0316,GREEN,47,Bengaluru
CLM0034670,BEN_01336,Electronic City,2021-08-24,11,0,0,0,0,0,1,1,0,0,0.0,0.309762,0,0.0,0,151,3,3,0.3923,0.1023,GREEN,51,Bengaluru
CLM0034671,BEN_01050,Indiranagar,2024-06-05,9,0,1,1,0,0,0,0,0,0,1.0,1.0,0,1.0,0,132,1,5,0.9237,0.0,GREEN,46,Bengaluru
CLM0034672,BEN_04041,Whitefield,2025-08-14,7,0,0,0,0,0,0,0,0,0,0.0,0.227691,0,0.0,0,193,0,2,0.9446,0.0458,GREEN,30,Bengaluru
CLM0034673,BEN_05121,Marathahalli,2024-06-18,15,0,0,0,0,0,0,0,0,0,0.0,0.426305,0,0.0,0,420,0,0,0.681,0.0,GREEN,32,Bengaluru
CLM0034674,BEN_01641,HSR Layout,2024-02-19,21,0,0,0,0,0,0,0,0,0,0.0,0.286666,0,0.0,0,144,2,4,0.6542,0.0508,GREEN,21,Bengaluru
CLM0034675,BEN_08802,Rajajinagar,2024-12-22,16,0,0,0,0,0,0,0,0,0,0.0,0.313675,0,0.0,0,402,4,2,0.9128,0.0,GREEN,18,Bengaluru
CLM0034676,BEN_07568,Whitefield,2024-04-12,21,0,0,0,0,0,0,0,1,0,0.0,0.171838,1,0.0,0,223,2,3,0.1896,0.1364,GREEN,32,Bengaluru
CLM0034677,BEN_06898,Whitefield,2024-08-13,17,0,0,0,0,0,1,0,0,0,0.0,0.117923,0,0.0,0,210,3,5,0.05,0.0816,GREEN,38,Bengaluru
CLM0034678,BEN_08210,Koramangala,2024-12-25,16,0,0,0,0,0,0,0,0,1,0.0,0.383643,0,0.0,0,320,4,0,0.7011,0.0255,GREEN,45,Bengaluru
CLM0034679,BEN_00083,Whitefield,2024-09-02,7,0,0,0,0,0,0,0,0,0,0.0,0.3248,0,0.0,0,368,0,0,0.2525,0.0,GREEN,45,Bengaluru
CLM0034680,BEN_02159,Indiranagar,2022-06-25,20,0,0,0,0,0,1,0,0,0,0.0,0.309821,0,0.0,0,174,4,0,0.98,0.1194,GREEN,31,Bengaluru
CLM0034681,BEN_07078,Jayanagar,2025-03-02,8,0,0,0,0,0,0,0,0,0,0.0,1.0,0,0.0,0,420,1,2,0.1317,0.0,GREEN,47,Bengaluru
CLM0034682,BEN_03136,HSR Layout,2022-09-12,20,0,0,0,0,0,1,0,0,0,1.0,0.11617,0,0.0,0,331,0,0,0.7914,0.0732,GREEN,58,Bengaluru
CLM0034683,BEN_04500,BTM Layout,2022-01-01,19,0,0,0,0,0,0,0,0,0,0.0,0.370687,0,0.0,0,335,1,3,0.05,0.0977,GREEN,36,Bengaluru
CLM0034684,BEN_04074,Electronic City,2024-12-17,8,0,0,0,0,0,0,0,0,0,1.0,0.423438,0,0.0,0,67,4,0,0.7141,0.0185,GREEN,30,Bengaluru
CLM0034685,BEN_00548,Yelahanka,2024-12-21,21,0,1,1,0,1,0,1,1,1,0.0,0.995418,1,0.0,1,13,4,18,0.05,0.0,GREEN,49,Bengaluru
CLM0034686,BEN_03976,Indiranagar,2023-11-21,7,0,0,0,1,1,0,1,0,1,0.0,0.104472,0,0.0,1,17,0,18,0.2484,0.0,GREEN,35,Bengaluru
CLM0034687,BEN_08193,Jayanagar,2022-02-23,11,0,0,0,0,0,0,0,0,0,1.0,1.0,0,0.0,0,34,4,3,0.4483,0.0452,GREEN,58,Bengaluru
CLM0034688,BEN_07828,HSR Layout,2021-04-13,12,0,0,0,0,0,0,0,0,0,0.0,0.415318,0,0.0,0,228,0,3,0.8536,0.0272,GREEN,45,Bengaluru
CLM0034689,BEN_09557,Electronic City,2023-10-08,18,0,0,0,0,0,0,0,0,0,0.0,1.0,0,0.0,0,156,1,1,0.7078,0.0,GREEN,39,Bengaluru
CLM0034690,BEN_08752,HSR Layout,2024-07-21,11,0,0,0,0,0,0,0,0,0,0.0,0.073046,0,0.0,0,69,2,4,0.7933,0.0,GREEN,66,Bengaluru
CLM0034691,BEN_05063,Rajajinagar,2020-08-13,7,0,0,0,0,0,0,0,0,0,0.0,0.346896,0,0.0,0,370,1,5,0.8642,0.0023,GREEN,33,Bengaluru
CLM0034692,BEN_09672,Indiranagar,2021-11-26,12,0,0,0,0,0,0,0,0,0,0.0,1.0,0,0.0,1,218,4,4,0.4782,0.0092,GREEN,33,Bengaluru
CLM0034693,BEN_03575,Electronic City,2016-07-04,10,0,0,0,0,0,0,0,0,0,0.0,1.0,0,0.0,1,304,1,2,0.6657,0.0241,GREEN,37,Bengaluru
CLM0034694,BEN_04556,Electronic City,2017-06-21,13,0,0,0,0,0,0,0,0,0,0.0,0.383073,0,0.0,0,13,0,1,0.7575,0.0527,GREEN,28,Bengaluru
CLM0034695,BEN_07864,Indiranagar,2023-01-11,10,0,0,0,0,0,0,0,0,0,0.0,0.104501,0,0.0,0,420,3,4,0.8378,0.1055,GREEN,49,Bengaluru
CLM0034696,BEN_02850,Indiranagar,2019-11-08,15,0,0,0,0,0,0,0,0,0,0.0,0.10149,0,1.0,0,229,4,2,0.6697,0.0543,GREEN,52,Bengaluru
CLM0034697,BEN_04246,Indiranagar,2020-01-01,12,0,0,0,1,1,1,1,1,1,0.0,0.058879,1,0.0,0,5,1,18,0.8018,0.0,GREEN,35,Bengaluru
CLM0034698,BEN_02221,Electronic City,2022-08-10,9,0,0,0,0,0,0,1,0,0,0.0,0.489087,0,0.0,0,245,2,0,0.7748,0.1056,GREEN,57,Bengaluru
CLM0034699,BEN_03059,Jayanagar,2019-10-21,13,0,0,0,0,0,0,0,0,0,0.0,0.047959,0,0.0,0,144,1,4,0.8085,0.0,GREEN,33,Bengaluru
CLM0034700,BEN_08285,Whitefield,2025-08-22,16,0,0,0,0,0,0,0,0,0,0.0,0.375497,0,0.0,0,345,1,1,0.5945,0.0,GREEN,40,Bengaluru
CLM0034701,BEN_07433,Rajajinagar,2023-04-10,19,0,0,0,1,0,1,1,1,0,0.0,0.052926,0,1.0,1,5,4,18,0.98,0.2754,GREEN,28,Bengaluru
CLM0034702,BEN_00481,Koramangala,2023-06-29,17,0,1,1,0,0,0,1,0,0,0.0,0.173128,0,0.0,1,420,3,5,0.05,0.1793,GREEN,57,Bengaluru
CLM0034703,BEN_00826,Jayanagar,2019-12-22,7,0,0,0,0,0,0,0,0,0,0.0,0.325471,0,0.0,0,420,3,4,0.6114,0.0,GREEN,28,Bengaluru
CLM0034704,BEN_03173,Marathahalli,2025-02-12,9,0,0,0,0,0,0,0,1,0,1.0,0.209607,0,0.0,0,186,4,2,0.05,0.2746,GREEN,54,Bengaluru
CLM0034705,BEN_08728,Rajajinagar,2022-08-16,11,0,0,0,0,0,0,0,0,0,0.0,0.349916,0,0.0,0,245,0,1,0.943,0.0711,GREEN,41,Bengaluru
CLM0034706,BEN_01371,Jayanagar,2024-10-24,11,0,0,0,0,0,0,0,0,0,0.0,0.324079,0,0.0,0,382,4,0,0.9526,0.0,GREEN,46,Bengaluru
CLM0034707,BEN_01505,Yelahanka,2022-01-15,17,0,0,0,0,0,0,0,0,0,0.0,0.453953,0,0.0,0,396,0,2,0.7074,0.0,GREEN,41,Bengaluru
CLM0034708,BEN_01790,Koramangala,2024-01-18,7,0,0,0,0,0,1,0,0,0,0.0,0.297244,0,0.0,0,157,1,4,0.98,0.0219,GREEN,31,Bengaluru
CLM0034709,BEN_09495,Electronic City,2024-09-05,15,0,0,0,0,1,0,1,0,0,0.0,0.0,0,0.0,0,342,0,4,0.9433,0.3687,YELLOW,30,Bengaluru
CLM0034710,BEN_09354,Marathahalli,2023-09-02,15,0,0,0,0,0,1,0,0,0,0.0,0.288087,0,0.0,0,179,4,0,0.7265,0.1345,GREEN,37,Bengaluru
CLM0034711,BEN_03780,Jayanagar,2025-09-16,10,0,0,0,0,0,0,0,1,0,0.0,0.30747,0,0.0,1,280,4,2,0.7865,0.1478,GREEN,38,Bengaluru
CLM0034712,BEN_02121,Marathahalli,2023-11-15,20,0,0,0,0,0,0,0,0,0,0.0,0.075849,1,0.0,0,34,3,2,0.6742,0.0806,GREEN,44,Bengaluru
CLM0034713,BEN_03417,Koramangala,2023-02-02,8,0,0,0,0,0,0,0,0,0,1.0,0.289492,0,0.0,0,369,3,0,0.8152,0.0662,GREEN,45,Bengaluru
CLM0034714,BEN_07178,Electronic City,2024-08-11,20,0,0,0,0,0,0,0,0,0,0.0,0.403133,0,0.0,1,181,3,0,0.6477,0.0952,GREEN,41,Bengaluru
CLM0034715,BEN_00142,Electronic City,2023-03-20,19,0,0,0,0,0,0,0,0,0,0.0,0.015979,0,0.0,0,75,4,0,0.4727,0.0,GREEN,59,Bengaluru
CLM0034716,BEN_08385,Yelahanka,2025-01-24,21,0,1,1,0,0,0,0,0,0,0.0,0.177181,0,0.0,0,74,0,0,0.835,0.0,GREEN,48,Bengaluru
CLM0034717,BEN_05519,Jayanagar,2023-07-16,16,0,0,0,0,0,0,0,0,0,0.0,0.211667,0,0.0,0,86,2,1,0.8433,0.0653,GREEN,37,Bengaluru
CLM0034718,BEN_07452,Electronic City,2024-03-10,11,0,0,0,0,0,0,0,0,0,0.0,0.183512,0,0.0,0,371,0,3,0.8266,0.0616,GREEN,52,Bengaluru
CLM0034719,BEN_01052,Marathahalli,2024-11-25,16,0,0,0,0,0,0,0,0,0,0.0,0.381357,0,0.0,0,104,4,4,0.9634,0.0726,GREEN,44,Bengaluru
CLM0034720,BEN_09713,Indiranagar,2020-01-05,16,0,0,0,1,0,0,0,0,0,0.0,0.0,1,1.0,0,214,2,3,0.751,0.3728,YELLOW,53,Bengaluru
CLM0034721,BEN_03166,Electronic City,2018-03-23,21,0,0,0,0,0,0,1,0,0,0.0,0.372756,1,0.0,0,16,0,0,0.638,0.134,GREEN,49,Bengaluru
CLM0034722,BEN_05308,Indiranagar,2025-06-18,19,0,0,0,0,0,0,0,0,0,0.0,1.0,0,0.0,0,289,1,6,0.8289,0.0414,GREEN,42,Bengaluru
CLM0034723,BEN_06605,Whitefield,2025-07-29,13,0,0,0,0,0,0,0,0,0,0.0,0.134482,0,0.0,0,310,1,2,0.4714,0.0,GREEN,63,Bengaluru
CLM0034724,BEN_03099,Electronic City,2024-04-10,16,0,0,0,1,0,0,0,0,0,0.0,0.172302,0,0.0,0,364,2,1,0.6411,0.1911,GREEN,47,Bengaluru
CLM0034725,BEN_08927,Electronic City,2024-07-22,15,0,0,0,0,0,0,0,0,0,0.0,0.131422,0,0.0,0,390,4,0,0.9457,0.0,GREEN,42,Bengaluru
CLM0034726,BEN_02337,Electronic City,2023-08-27,12,0,0,0,0,0,0,0,0,0,0.0,0.082982,0,0.0,0,368,3,3,0.6489,0.042,GREEN,51,Bengaluru
CLM0034727,BEN_01863,HSR Layout,2023-06-13,15,0,0,0,0,0,1,0,0,0,0.0,0.202486,0,0.0,0,110,4,3,0.7365,0.067,GREEN,44,Bengaluru
CLM0034728,BEN_04170,Whitefield,2025-06-12,15,0,0,0,0,0,0,0,0,1,0.0,0.051822,0,0.0,0,267,4,4,0.4617,0.2092,GREEN,52,Bengaluru
CLM0034729,BEN_08807,HSR Layout,2025-08-03,11,0,0,0,0,0,0,0,0,0,0.0,0.374834,0,0.0,0,420,0,8,0.7574,0.0,GREEN,23,Bengaluru
CLM0034730,BEN_02578,BTM Layout,2023-04-15,8,0,0,0,0,0,1,1,0,0,0.0,0.180633,0,0.0,0,343,2,4,0.5944,0.177,GREEN,61,Bengaluru
CLM0034731,BEN_08711,Whitefield,2018-01-17,14,0,1,1,1,0,0,0,0,0,0.0,0.136676,0,0.0,0,177,3,2,0.6962,0.1182,GREEN,50,Bengaluru
CLM0034732,BEN_07237,Electronic City,2020-11-20,18,0,0,0,0,0,0,0,0,0,0.0,0.026155,0,0.0,0,414,3,1,0.1049,0.0105,GREEN,37,Bengaluru
CLM0034733,BEN_08104,Yelahanka,2023-08-26,16,0,0,0,0,0,0,0,0,0,0.0,0.326086,0,0.0,0,383,0,4,0.9136,0.0098,GREEN,46,Bengaluru
CLM0034734,BEN_06323,Jayanagar,2019-05-05,14,0,0,0,0,0,0,0,0,0,0.0,0.139836,0,0.0,0,319,3,0,0.7909,0.021,GREEN,46,Bengaluru
CLM0034735,BEN_08510,Electronic City,2021-03-06,13,0,0,0,0,0,0,0,0,0,0.0,0.257694,0,0.0,0,294,0,5,0.5326,0.0,GREEN,52,Bengaluru
CLM0034736,BEN_05488,Whitefield,2024-10-22,14,0,0,0,0,0,0,0,0,0,0.0,0.015862,0,1.0,0,321,3,4,0.98,0.0,GREEN,59,Bengaluru
CLM0034737,BEN_04905,Marathahalli,2025-10-18,16,0,0,0,0,0,0,0,0,0,0.0,0.341323,0,0.0,0,420,1,0,0.9634,0.1301,GREEN,50,Bengaluru
CLM0034738,BEN_01496,Jayanagar,2019-04-08,17,0,0,0,0,0,0,0,0,0,0.0,0.188686,0,0.0,0,23,0,0,0.513,0.0542,GREEN,31,Bengaluru
CLM0034739,BEN_03865,HSR Layout,2022-09-26,16,0,0,0,0,0,1,0,0,0,0.0,0.235915,0,0.0,0,420,3,2,0.6488,0.1266,GREEN,27,Bengaluru
CLM0034740,BEN_04901,Koramangala,2025-03-14,18,0,0,0,0,0,0,0,0,0,0.0,0.886866,0,0.0,0,142,1,2,0.5501,0.0231,GREEN,60,Bengaluru
CLM0034741,BEN_06065,Koramangala,2022-12-20,14,0,0,0,0,0,1,0,0,0,1.0,0.08629,0,0.0,0,34,4,3,0.8169,0.1313,GREEN,44,Bengaluru
CLM0034742,BEN_06271,BTM Layout,2023-09-09,19,0,0,0,1,0,0,0,1,0,1.0,0.237529,0,0.0,0,365,4,1,0.8025,0.375,YELLOW,56,Bengaluru
CLM0034743,BEN_03231,Electronic City,2017-08-13,7,0,0,0,0,0,0,0,0,0,1.0,1.0,0,0.0,0,420,1,0,0.1573,0.0,GREEN,50,Bengaluru
CLM0034744,BEN_09148,Jayanagar,2023-11-08,18,0,0,0,0,0,0,0,1,0,1.0,0.064951,0,0.0,0,420,4,7,0.05,0.1831,GREEN,46,Bengaluru
CLM0034745,BEN_06866,HSR Layout,2017-01-28,8,0,0,0,0,0,0,0,0,0,0.0,0.0,0,0.0,0,184,3,1,0.6203,0.0658,GREEN,59,Bengaluru
CLM0034746,BEN_00027,HSR Layout,2019-11-07,12,0,0,0,0,0,0,0,0,0,0.0,0.165541,0,0.0,0,406,2,1,0.6623,0.0,GREEN,43,Bengaluru
CLM0034747,BEN_04135,Whitefield,2024-03-16,9,0,0,0,0,0,0,0,0,0,0.0,0.308708,0,0.0,0,64,4,2,0.8792,0.0,GREEN,54,Bengaluru
CLM0034748,BEN_06230,Marathahalli,2024-04-09,11,0,0,0,1,0,0,0,0,0,1.0,0.045489,0,0.0,0,375,3,0,0.7851,0.2302,GREEN,26,Bengaluru
CLM0034749,BEN_03835,Yelahanka,2024-02-20,17,0,0,0,0,0,0,0,0,0,0.0,0.234349,0,0.0,0,420,3,4,0.6263,0.0,GREEN,25,Bengaluru
CLM0034750,BEN_05361,Koramangala,2024-07-19,12,0,0,0,0,0,0,0,1,0,0.0,0.968797,0,0.0,1,362,0,3,0.1424,0.1809,GREEN,45,Bengaluru
CLM0034751,BEN_00931,Indiranagar,2024-06-28,19,0,0,0,0,0,0,0,0,0,0.0,0.024573,0,0.0,0,420,4,2,0.9372,0.0453,GREEN,39,Bengaluru
CLM0034752,BEN_00156,Whitefield,2025-08-23,16,0,0,0,0,0,0,0,0,1,0.0,0.088427,1,0.0,0,39,1,3,0.7499,0.1422,GREEN,52,Bengaluru
CLM0034753,BEN_04751,Indiranagar,2023-08-14,8,0,0,0,0,0,0,0,0,0,0.0,0.188418,0,0.0,0,42,1,3,0.4471,0.0,GREEN,33,Bengaluru
CLM0034754,BEN_03361,Rajajinagar,2023-01-13,8,0,0,0,1,0,0,0,0,0,0.0,0.0,1,0.0,0,251,2,1,0.7351,0.1572,GREEN,45,Bengaluru
CLM0034755,BEN_05003,Yelahanka,2025-06-03,17,0,0,0,0,0,0,0,0,0,0.0,0.874772,0,0.0,1,420,4,0,0.8197,0.0416,GREEN,37,Bengaluru
CLM0034756,BEN_01972,Yelahanka,2025-03-25,21,0,0,0,0,0,0,0,0,0,0.0,0.233696,0,0.0,0,72,0,4,0.7699,0.0,GREEN,36,Bengaluru
CLM0034757,BEN_01508,Whitefield,2022-08-17,18,0,0,0,0,0,0,0,0,0,0.0,0.193668,0,0.0,1,205,1,2,0.7424,0.0267,GREEN,44,Bengaluru
CLM0034758,BEN_07656,BTM Layout,2023-02-03,11,0,0,0,0,0,0,0,0,0,0.0,0.232907,0,0.0,0,420,3,0,0.8282,0.0,GREEN,44,Bengaluru
CLM0034759,BEN_08409,Whitefield,2023-08-14,8,0,0,0,0,0,0,1,0,0,1.0,1.0,0,1.0,0,150,1,4,0.8528,0.0494,GREEN,39,Bengaluru
CLM0034760,BEN_01251,Rajajinagar,2025-10-26,14,0,0,0,0,0,0,1,0,0,0.0,0.347147,0,1.0,0,133,2,0,0.5518,0.0514,GREEN,31,Bengaluru
CLM0034761,BEN_06600,Indiranagar,2025-11-20,7,0,0,0,0,0,0,0,0,1,0.0,0.958003,0,0.0,0,331,2,1,0.7739,0.1102,GREEN,18,Bengaluru
CLM0034762,BEN_09194,Marathahalli,2023-12-12,11,0,0,0,0,0,0,0,0,0,0.0,0.113959,0,0.0,0,275,2,0,0.5797,0.0189,GREEN,43,Bengaluru
CLM0034763,BEN_05080,Rajajinagar,2022-07-15,20,0,1,1,1,0,0,0,0,0,0.0,0.09021,0,0.0,0,112,2,1,0.8273,0.1096,GREEN,43,Bengaluru
CLM0034764,BEN_07570,Jayanagar,2024-04-20,7,0,1,1,1,0,0,0,0,0,0.0,0.090871,0,0.0,0,113,2,0,0.8428,0.1983,GREEN,43,Bengaluru
CLM0034765,BEN_03142,Yelahanka,2024-04-29,17,0,0,0,0,0,0,0,0,0,1.0,0.45784,0,0.0,1,349,4,0,0.5486,0.1521,GREEN,48,Bengaluru
CLM0034766,BEN_08662,Rajajinagar,2025-01-14,20,0,0,0,0,0,0,1,0,0,0.0,0.183879,0,0.0,0,420,2,0,0.6674,0.0621,GREEN,56,Bengaluru
CLM0034767,BEN_03645,HSR Layout,2024-12-23,13,0,0,0,0,0,0,0,0,0,0.0,0.40538,0,0.0,0,172,3,0,0.9001,0.0045,GREEN,40,Bengaluru
CLM0034768,BEN_08626,Marathahalli,2022-12-15,13,0,0,0,0,0,0,0,0,0,0.0,0.971563,0,0.0,0,420,0,0,0.7445,0.0,GREEN,43,Bengaluru
CLM0034769,BEN_01867,Jayanagar,2022-06-23,13,0,0,0,0,0,0,0,0,0,0.0,0.090988,0,0.0,0,371,4,0,0.2235,0.0317,GREEN,25,Bengaluru
CLM0034770,BEN_08629,Whitefield,2025-04-17,7,0,0,0,0,0,0,1,0,0,0.0,0.216517,0,0.0,0,80,3,4,0.6306,0.1027,GREEN,37,Bengaluru
CLM0034771,BEN_02291,BTM Layout,2022-01-16,13,0,0,0,0,0,0,0,0,0,0.0,0.248456,0,0.0,0,165,4,8,0.7782,0.0431,GREEN,29,Bengaluru
CLM0034772,BEN_08269,Indiranagar,2024-05-01,14,0,0,0,0,0,1,0,0,0,0.0,0.008909,0,0.0,1,405,4,1,0.5323,0.1463,GREEN,18,Bengaluru
CLM0034773,BEN_02864,Rajajinagar,2023-01-29,16,0,0,0,0,0,0,0,0,0,0.0,0.386351,0,0.0,0,38,2,1,0.9733,0.0,GREEN,50,Bengaluru
CLM0034774,BEN_09747,HSR Layout,2020-09-15,10,0,0,0,0,0,0,0,0,0,1.0,0.171457,0,0.0,0,55,3,0,0.9124,0.0322,GREEN,50,Bengaluru
CLM0034775,BEN_09293,Yelahanka,2022-03-25,15,0,0,0,0,0,0,0,0,1,0.0,0.383213,0,0.0,0,184,1,0,0.7844,0.1427,GREEN,56,Bengaluru
CLM0034776,BEN_06568,Whitefield,2023-09-18,14,0,0,0,0,0,0,0,0,0,0.0,0.253984,0,0.0,0,44,1,0,0.98,0.0681,GREEN,53,Bengaluru
CLM0034777,BEN_04437,Indiranagar,2023-11-25,7,0,0,0,0,0,0,0,0,0,0.0,0.02479,0,0.0,0,373,3,0,0.2082,0.1046,GREEN,50,Bengaluru
CLM0034778,BEN_00938,Jayanagar,2025-11-20,21,0,0,0,0,0,0,0,0,0,0.0,0.135233,0,0.0,0,313,2,2,0.7643,0.0,GREEN,52,Bengaluru
CLM0034779,BEN_04116,Marathahalli,2021-01-20,16,0,0,0,0,1,0,0,0,0,0.0,0.121086,0,0.0,0,123,4,2,0.98,0.1349,GREEN,49,Bengaluru
CLM0034780,BEN_08707,Indiranagar,2024-11-21,12,0,0,0,0,0,0,0,0,0,0.0,0.084685,1,0.0,0,298,2,2,0.2689,0.0435,GREEN,40,Bengaluru
CLM0034781,BEN_06834,Whitefield,2023-11-27,17,0,0,0,0,0,0,0,0,0,0.0,0.134374,0,0.0,0,171,0,3,0.2734,0.0,GREEN,37,Bengaluru
CLM0034782,BEN_02101,Rajajinagar,2023-08-22,17,0,0,0,0,0,0,0,0,0,0.0,0.045796,0,0.0,0,323,2,6,0.8875,0.0428,GREEN,50,Bengaluru
CLM0034783,BEN_04536,Whitefield,2025-04-12,9,0,0,0,0,0,0,0,0,0,0.0,0.471231,0,0.0,0,244,0,1,0.7017,0.0,GREEN,21,Bengaluru
CLM0034784,BEN_04097,Indiranagar,2024-10-22,14,0,0,0,0,0,0,0,0,0,1.0,0.139719,0,1.0,0,85,0,0,0.6724,0.0542,GREEN,57,Bengaluru
CLM0034785,BEN_02334,Jayanagar,2025-04-14,13,0,0,0,0,0,0,0,0,0,0.0,0.398834,0,0.0,0,253,4,4,0.4726,0.0363,GREEN,39,Bengaluru
CLM0034786,BEN_00497,Yelahanka,2024-02-19,20,0,0,0,0,0,0,0,0,0,0.0,0.046052,0,0.0,0,394,0,3,0.756,0.0875,GREEN,47,Bengaluru
CLM0034787,BEN_02862,HSR Layout,2023-09-06,16,0,0,0,0,0,0,0,0,0,0.0,0.0,0,0.0,0,420,3,1,0.3315,0.0,GREEN,48,Bengaluru
CLM0034788,BEN_08921,Whitefield,2025-01-03,9,0,1,1,0,0,0,0,1,0,1.0,0.964363,0,1.0,0,161,3,3,0.6155,0.0552,GREEN,41,Bengaluru
CLM0034789,BEN_00384,Electronic City,2023-07-07,19,0,0,0,0,0,0,0,0,0,0.0,0.080952,0,0.0,0,409,2,5,0.9034,0.0921,GREEN,46,Bengaluru
CLM0034790,BEN_06832,HSR Layout,2024-04-14,10,0,0,0,0,0,1,0,0,0,0.0,0.174406,0,0.0,1,420,4,6,0.7571,0.1765,GREEN,54,Bengaluru
CLM0034791,BEN_09577,Rajajinagar,2025-06-19,7,0,0,0,0,0,0,0,0,0,1.0,0.249886,0,0.0,0,167,0,0,0.756,0.1795,GREEN,34,Bengaluru
CLM0034792,BEN_07631,Rajajinagar,2025-08-14,21,0,0,0,0,0,0,0,1,0,0.0,0.0,0,0.0,0,420,4,0,0.5549,0.0444,GREEN,48,Bengaluru
CLM0034793,BEN_09561,Marathahalli,2025-05-11,7,0,0,0,0,0,0,0,0,0,0.0,0.189686,0,0.0,0,265,1,1,0.8312,0.0112,GREEN,34,Bengaluru
CLM0034794,BEN_03517,Marathahalli,2025-06-12,15,0,0,0,0,0,0,0,0,0,1.0,0.184716,0,0.0,0,95,2,4,0.8024,0.0948,GREEN,61,Bengaluru
CLM0034795,BEN_04710,Indiranagar,2025-05-20,17,0,0,0,0,0,0,0,0,0,0.0,0.137146,0,0.0,0,420,1,1,0.9207,0.0465,GREEN,32,Bengaluru
CLM0034796,BEN_09446,Electronic City,2023-03-14,9,0,0,0,0,0,0,0,0,0,0.0,0.271357,0,0.0,0,412,1,3,0.6858,0.0376,GREEN,59,Bengaluru
CLM0034797,BEN_01790,Koramangala,2025-04-18,17,0,0,0,0,0,0,0,0,0,0.0,0.022833,0,0.0,0,420,4,3,0.7432,0.0414,GREEN,31,Bengaluru
CLM0034798,BEN_03861,Indiranagar,2025-04-08,17,0,0,0,0,0,0,0,0,0,0.0,0.165926,1,0.0,0,411,2,1,0.9197,0.1105,GREEN,36,Bengaluru
CLM0034799,BEN_01800,HSR Layout,2024-01-19,20,0,0,0,0,0,0,1,1,0,0.0,0.978432,0,0.0,0,385,4,2,0.7326,0.1276,GREEN,55,Bengaluru
CLM0034800,BEN_05872,Marathahalli,2024-09-10,19,0,0,0,0,0,0,0,0,0,1.0,0.209601,0,0.0,0,149,4,3,0.6904,0.0815,GREEN,38,Bengaluru
CLM0034801,BEN_04433,Whitefield,2023-07-16,16,0,0,0,0,0,0,0,0,0,1.0,1.0,0,1.0,0,378,2,3,0.6035,0.0,GREEN,25,Bengaluru
CLM0034802,BEN_06290,Jayanagar,2024-12-24,17,0,0,0,0,0,0,0,1,0,0.0,0.312591,0,0.0,1,216,2,1,0.6717,0.1457,GREEN,43,Bengaluru
CLM0034803,BEN_00253,BTM Layout,2024-01-16,14,0,0,0,1,0,1,1,1,1,0.0,0.005747,1,0.0,1,23,2,13,0.8172,0.0588,GREEN,58,Bengaluru
CLM0034804,BEN_02525,Jayanagar,2024-01-09,13,0,1,1,1,1,1,1,0,0,0.0,1.0,0,1.0,1,5,1,9,0.3303,0.6748,RED,52,Bengaluru
CLM0034805,BEN_08598,Rajajinagar,2021-01-26,20,0,1,1,1,1,1,1,0,1,1.0,0.997272,0,1.0,0,30,1,18,0.4029,0.8002,RED,70,Bengaluru
CLM0034806,BEN_09196,HSR Layout,2025-06-11,17,0,1,1,1,0,1,1,1,1,0.0,0.061722,0,0.0,1,5,1,18,0.9532,0.8237,RED,46,Bengaluru
CLM0034807,BEN_03229,Rajajinagar,2024-06-04,13,0,0,0,0,0,0,0,0,0,0.0,0.260163,0,0.0,0,382,2,2,0.9372,0.0276,GREEN,69,Bengaluru
CLM0034808,BEN_07360,Jayanagar,2017-09-07,10,0,0,0,0,0,0,0,0,0,0.0,0.935924,0,0.0,0,217,2,3,0.5964,0.0943,GREEN,45,Bengaluru
CLM0034809,BEN_07042,Indiranagar,2022-10-13,11,0,0,0,0,0,0,0,0,0,0.0,0.012895,0,0.0,0,165,4,1,0.6711,0.0,GREEN,40,Bengaluru
CLM0034810,BEN_05449,Marathahalli,2017-09-11,11,0,0,0,0,0,0,0,0,0,1.0,0.214556,0,0.0,0,304,1,0,0.4132,0.1124,GREEN,46,Bengaluru
CLM0034811,BEN_08391,HSR Layout,2017-03-04,10,0,0,0,0,0,0,0,0,0,0.0,0.23417,0,0.0,0,243,2,0,0.5202,0.179,GREEN,58,Bengaluru
CLM0034812,BEN_09434,Yelahanka,2024-10-14,19,0,0,0,0,1,1,1,1,1,1.0,0.950101,0,1.0,0,14,2,18,0.1305,0.2078,GREEN,59,Bengaluru
CLM0034813,BEN_06186,BTM Layout,2019-10-22,11,0,0,0,0,0,0,0,0,0,1.0,0.256228,0,0.0,0,420,4,3,0.9713,0.0644,GREEN,46,Bengaluru
CLM0034814,BEN_01595,BTM Layout,2021-06-24,19,0,0,0,0,0,1,0,0,0,0.0,0.226032,0,1.0,0,273,2,0,0.663,0.1469,GREEN,36,Bengaluru
CLM0034815,BEN_05479,Rajajinagar,2016-10-18,9,0,0,0,0,0,0,0,0,0,0.0,0.283543,0,0.0,0,420,0,2,0.05,0.0,GREEN,52,Bengaluru
CLM0034816,BEN_00918,HSR Layout,2021-06-15,17,0,0,0,0,0,0,0,0,0,0.0,0.046595,0,0.0,0,420,4,3,0.6151,0.1759,GREEN,38,Bengaluru
CLM0034817,BEN_02276,Marathahalli,2021-12-19,11,0,0,0,0,0,0,0,0,0,0.0,0.40556,0,0.0,0,361,1,0,0.7324,0.0,GREEN,32,Bengaluru
CLM0034818,BEN_00409,HSR Layout,2022-07-25,20,0,0,0,0,0,1,0,0,0,0.0,0.0,0,0.0,0,54,4,3,0.9747,0.0799,GREEN,31,Bengaluru
CLM0034819,BEN_00946,Electronic City,2025-04-28,15,0,0,0,1,0,0,1,0,0,1.0,1.0,0,1.0,0,5,4,15,0.1907,0.0,GREEN,49,Bengaluru
CLM0034820,BEN_04815,Marathahalli,2023-07-06,7,0,0,0,0,0,0,0,0,0,0.0,0.088918,0,0.0,0,420,0,0,0.6727,0.0578,GREEN,62,Bengaluru
CLM0034821,BEN_07852,Koramangala,2022-08-17,21,0,0,0,0,0,0,0,0,0,0.0,0.371837,0,0.0,0,290,4,3,0.8686,0.0275,GREEN,51,Bengaluru
CLM0034822,BEN_00580,Rajajinagar,2025-04-14,19,0,0,0,0,0,0,0,0,0,0.0,0.26367,0,0.0,0,77,1,3,0.8587,0.0,GREEN,46,Bengaluru
CLM0034823,BEN_05290,Indiranagar,2023-06-19,15,0,0,0,0,0,0,0,0,0,0.0,0.210195,0,0.0,0,204,0,0,0.8739,0.0174,GREEN,39,Bengaluru
CLM0034824,BEN_02954,Whitefield,2021-09-01,7,0,0,0,0,0,0,0,0,0,0.0,0.398807,0,0.0,0,369,0,0,0.889,0.0867,GREEN,44,Bengaluru
CLM0034825,BEN_04713,HSR Layout,2024-05-01,15,0,0,0,0,0,0,0,1,0,0.0,0.007877,0,0.0,0,131,0,4,0.5339,0.0261,GREEN,42,Bengaluru
CLM0034826,BEN_04288,Marathahalli,2023-11-20,18,0,0,0,0,1,1,0,1,0,0.0,0.023104,0,0.0,0,317,0,2,0.5998,0.3376,YELLOW,34,Bengaluru
CLM0034827,BEN_02136,Electronic City,2025-07-03,12,0,0,0,0,0,0,0,0,0,0.0,0.110124,0,0.0,0,144,3,3,0.9638,0.0148,GREEN,37,Bengaluru
CLM0034828,BEN_01797,BTM Layout,2025-02-25,15,0,0,0,0,0,1,0,0,0,0.0,0.16942,0,0.0,0,420,1,1,0.1269,0.0837,GREEN,44,Bengaluru
CLM0034829,BEN_01182,Electronic City,2025-10-18,17,0,0,0,0,0,0,0,0,0,0.0,0.10502,0,0.0,0,420,2,1,0.98,0.1336,GREEN,26,Bengaluru
CLM0034830,BEN_08147,Marathahalli,2024-03-12,15,0,0,0,0,0,0,0,0,0,0.0,0.204174,0,0.0,0,357,4,0,0.7847,0.0413,GREEN,43,Bengaluru
CLM0034831,BEN_06982,BTM Layout,2025-08-31,19,0,0,0,0,0,0,0,0,0,0.0,0.433711,0,0.0,0,274,2,0,0.5765,0.0,GREEN,42,Bengaluru
CLM0034832,BEN_06023,Indiranagar,2025-12-25,19,0,0,0,0,0,0,0,0,0,0.0,0.408331,0,0.0,0,375,1,1,0.6954,0.1181,GREEN,44,Bengaluru
CLM0034833,BEN_08280,BTM Layout,2025-01-04,19,0,0,0,0,0,0,0,0,0,0.0,0.987314,1,0.0,0,53,1,0,0.6218,0.1293,GREEN,37,Bengaluru
CLM0034834,BEN_01568,Jayanagar,2025-06-06,15,0,0,0,0,1,0,0,0,0,0.0,0.286975,0,0.0,0,156,4,2,0.6593,0.0998,GREEN,25,Bengaluru
CLM0034835,BEN_00596,Jayanagar,2025-02-09,16,0,1,1,0,0,0,0,1,0,1.0,0.988731,0,1.0,0,83,3,4,0.9272,0.0234,GREEN,51,Bengaluru
CLM0034836,BEN_02383,Electronic City,2024-04-30,12,0,0,0,0,0,0,0,0,0,0.0,0.173323,0,0.0,0,133,0,2,0.7023,0.0092,GREEN,34,Bengaluru
CLM0034837,BEN_05803,Yelahanka,2022-06-24,20,0,0,0,0,0,0,0,0,0,0.0,0.414556,0,0.0,0,420,1,1,0.6641,0.0,GREEN,18,Bengaluru
CLM0034838,BEN_08036,Jayanagar,2025-12-12,12,0,0,0,0,0,0,0,0,0,0.0,0.326368,0,0.0,1,222,3,0,0.6225,0.0695,GREEN,66,Bengaluru
CLM0034839,BEN_00724,Koramangala,2025-01-08,9,0,0,0,0,0,0,0,0,0,0.0,0.120932,0,0.0,0,130,2,3,0.98,0.0297,GREEN,57,Bengaluru
CLM0034840,BEN_03702,BTM Layout,2020-12-30,8,0,0,0,0,0,0,0,0,0,1.0,1.0,0,0.0,0,391,1,1,0.8222,0.0698,GREEN,44,Bengaluru
CLM0034841,BEN_01522,Indiranagar,2025-07-26,11,0,0,0,0,0,0,0,0,0,0.0,0.185582,0,0.0,0,122,0,5,0.1444,0.0907,GREEN,43,Bengaluru
CLM0034842,BEN_08183,Koramangala,2023-08-17,19,0,0,0,0,0,0,0,0,0,0.0,0.214381,0,0.0,0,203,4,2,0.9192,0.1397,GREEN,46,Bengaluru
CLM0034843,BEN_01916,Marathahalli,2024-01-09,15,0,0,0,0,0,0,0,0,0,0.0,0.068037,0,0.0,0,409,4,6,0.8526,0.0143,GREEN,51,Bengaluru
CLM0034844,BEN_05446,Yelahanka,2019-11-04,16,0,0,0,0,0,0,0,0,0,0.0,0.0,0,0.0,0,277,2,4,0.8955,0.1183,GREEN,46,Bengaluru
CLM0034845,BEN_06099,Koramangala,2023-11-30,17,0,0,0,0,0,1,0,0,0,1.0,0.155741,0,0.0,0,243,4,0,0.7362,0.1478,GREEN,53,Bengaluru
CLM0034846,BEN_04532,Rajajinagar,2025-02-15,11,0,0,0,0,0,0,0,0,0,0.0,0.126153,1,0.0,0,197,0,0,0.507,0.1066,GREEN,44,Bengaluru
CLM0034847,BEN_06276,Jayanagar,2020-11-10,19,0,0,0,0,0,0,0,0,0,0.0,0.318372,0,0.0,0,331,2,2,0.8312,0.0819,GREEN,37,Bengaluru
CLM0034848,BEN_02328,Indiranagar,2021-11-10,8,0,0,0,0,0,0,0,0,0,0.0,0.366547,0,0.0,0,369,3,0,0.5753,0.0048,GREEN,39,Bengaluru
CLM0034849,BEN_08810,Jayanagar,2023-09-11,17,0,0,0,0,0,0,0,0,0,0.0,0.111106,0,0.0,0,60,0,0,0.6345,0.0,GREEN,34,Bengaluru
CLM0034850,BEN_05153,Marathahalli,2024-03-09,19,0,0,0,0,0,1,1,1,1,0.0,0.126353,0,0.0,0,5,4,18,0.98,0.0241,GREEN,53,Bengaluru
CLM0034851,BEN_09385,Jayanagar,2022-04-30,12,0,0,0,0,0,0,0,0,0,0.0,0.317813,0,1.0,0,129,0,1,0.6245,0.0924,GREEN,47,Bengaluru
CLM0034852,BEN_01158,HSR Layout,2025-02-12,12,0,0,0,0,0,0,0,0,0,0.0,0.0,0,0.0,0,420,2,3,0.6324,0.0571,GREEN,60,Bengaluru
CLM0034853,BEN_05161,Marathahalli,2023-05-28,20,0,0,0,0,0,0,1,0,0,0.0,0.349581,0,0.0,0,410,2,0,0.7546,0.1179,GREEN,38,Bengaluru
CLM0034854,BEN_08368,Marathahalli,2025-10-26,14,0,0,0,0,0,1,0,0,0,0.0,0.05135,0,0.0,0,247,4,2,0.5842,0.2269,GREEN,33,Bengaluru
CLM0034855,BEN_08050,BTM Layout,2024-04-28,17,0,0,0,0,0,0,0,0,0,0.0,0.444122,1,0.0,0,266,4,5,0.7954,0.0,GREEN,44,Bengaluru
CLM0034856,BEN_05520,Whitefield,2023-10-13,10,0,0,0,1,0,0,0,0,0,0.0,1.0,0,0.0,0,29,1,1,0.9566,0.172,GREEN,35,Bengaluru
CLM0034857,BEN_03786,Jayanagar,2023-07-09,13,0,0,0,1,0,1,1,1,1,0.0,0.059911,0,0.0,1,22,0,18,0.9303,0.0538,GREEN,45,Bengaluru
CLM0034858,BEN_03489,Yelahanka,2025-03-08,17,0,0,0,0,0,0,0,0,0,0.0,0.018807,0,0.0,0,313,1,5,0.9262,0.0,GREEN,36,Bengaluru
CLM0034859,BEN_06596,BTM Layout,2023-12-11,8,1,0,0,0,0,0,0,0,0,0.0,0.253386,0,0.0,0,418,4,2,0.444,0.0,GREEN,53,Bengaluru
CLM0034860,BEN_07249,Yelahanka,2024-12-19,19,0,0,0,0,0,0,0,1,0,0.0,0.168374,0,0.0,0,420,0,4,0.0799,0.1852,GREEN,51,Bengaluru
CLM0034861,BEN_08535,Jayanagar,2023-04-18,15,0,0,0,0,0,0,0,0,0,0.0,0.0,0,0.0,0,420,3,0,0.6638,0.0701,GREEN,36,Bengaluru
CLM0034862,BEN_05676,Yelahanka,2023-06-15,12,0,0,0,0,0,0,0,0,0,0.0,0.287259,1,0.0,0,420,3,4,0.98,0.1259,GREEN,32,Bengaluru
CLM0034863,BEN_01386,Electronic City,2025-07-15,20,0,0,0,0,0,0,0,0,0,0.0,0.128941,0,0.0,0,77,4,4,0.5094,0.0,GREEN,32,Bengaluru
CLM0034864,BEN_03837,Marathahalli,2023-06-29,8,0,0,0,1,1,0,1,1,0,0.0,1.0,1,1.0,1,16,0,18,0.0964,0.1711,GREEN,55,Bengaluru
CLM0034865,BEN_08925,Jayanagar,2024-01-05,21,0,0,0,0,0,0,1,0,1,0.0,0.186928,0,0.0,0,330,2,3,0.7365,0.1848,GREEN,31,Bengaluru
CLM0034866,BEN_07956,BTM Layout,2022-04-26,15,0,0,0,0,0,0,0,0,0,0.0,0.202864,0,0.0,0,415,2,3,0.3102,0.0,GREEN,26,Bengaluru
CLM0034867,BEN_09582,HSR Layout,2023-12-16,19,0,0,0,0,0,0,0,0,0,0.0,0.389612,0,0.0,0,280,1,4,0.7462,0.0251,GREEN,44,Bengaluru
CLM0034868,BEN_06802,Whitefield,2025-05-25,14,0,0,0,0,0,0,0,0,0,0.0,0.206794,0,0.0,0,420,4,6,0.5903,0.0119,GREEN,32,Bengaluru
CLM0034869,BEN_05934,Indiranagar,2024-03-10,18,0,0,0,0,0,0,0,0,1,0.0,0.281857,0,0.0,0,54,1,2,0.2477,0.192,GREEN,49,Bengaluru
CLM0034870,BEN_02477,Whitefield,2023-12-20,19,0,0,0,0,0,0,0,0,0,0.0,0.318336,0,1.0,0,420,3,3,0.8948,0.0572,GREEN,36,Bengaluru
CLM0034871,BEN_08707,Indiranagar,2022-11-07,10,0,0,0,0,0,0,1,0,0,0.0,0.270815,0,1.0,0,313,3,1,0.8226,0.0784,GREEN,40,Bengaluru
CLM0034872,BEN_01519,Electronic City,2025-09-11,20,0,0,0,0,1,0,0,0,0,0.0,0.081602,0,0.0,0,420,0,3,0.5944,0.1489,GREEN,43,Bengaluru
CLM0034873,BEN_06321,HSR Layout,2023-02-06,7,0,0,0,0,0,0,0,0,0,0.0,0.173951,0,0.0,0,420,1,4,0.9116,0.0537,GREEN,58,Bengaluru
CLM0034874,BEN_05645,Jayanagar,2024-12-12,19,0,0,0,0,0,0,1,0,0,0.0,0.088879,0,0.0,0,300,2,3,0.1443,0.0403,GREEN,18,Bengaluru
CLM0034875,BEN_00800,Koramangala,2024-10-15,19,0,0,0,0,0,0,0,1,0,0.0,1.0,0,0.0,0,311,2,5,0.6477,0.1859,GREEN,34,Bengaluru
CLM0034876,BEN_04622,Marathahalli,2023-10-22,7,0,0,0,0,0,1,0,0,0,0.0,0.019134,0,0.0,0,277,4,3,0.7352,0.0964,GREEN,49,Bengaluru
CLM0034877,BEN_08436,Rajajinagar,2025-03-17,10,0,0,0,0,0,0,1,1,0,0.0,0.327102,1,0.0,0,374,4,0,0.1073,0.2142,GREEN,34,Bengaluru
CLM0034878,BEN_08814,Rajajinagar,2019-10-25,14,0,0,0,1,0,1,1,1,0,1.0,1.0,0,1.0,1,8,2,18,0.98,0.0037,GREEN,32,Bengaluru
CLM0034879,BEN_02426,Yelahanka,2018-05-21,10,0,0,0,0,0,0,0,0,0,0.0,0.270188,0,0.0,0,28,1,0,0.05,0.1093,GREEN,38,Bengaluru
CLM0034880,BEN_06565,Koramangala,2021-04-11,13,0,0,0,0,0,0,0,0,0,0.0,0.008792,0,0.0,0,216,1,1,0.6144,0.0,GREEN,42,Bengaluru
CLM0034881,BEN_02759,HSR Layout,2020-06-03,13,0,0,0,0,0,0,0,0,0,0.0,0.0,0,0.0,0,288,3,0,0.8263,0.0211,GREEN,48,Bengaluru
CLM0034882,BEN_05957,Electronic City,2024-09-09,14,0,0,0,0,0,0,0,0,0,0.0,0.277665,0,0.0,0,74,2,3,0.5815,0.0,GREEN,26,Bengaluru
CLM0034883,BEN_09961,BTM Layout,2015-10-16,7,0,0,0,0,0,1,0,1,0,0.0,1.0,0,0.0,0,241,2,2,0.9347,0.2367,GREEN,27,Bengaluru
CLM0034884,BEN_06254,Koramangala,2017-05-08,20,0,0,0,0,0,0,0,0,0,0.0,0.394831,0,0.0,0,324,1,4,0.1573,0.0,GREEN,37,Bengaluru
CLM0034885,BEN_09063,Koramangala,2016-01-27,13,0,0,0,0,0,0,0,0,0,0.0,0.183441,0,0.0,0,408,0,1,0.4071,0.0678,GREEN,55,Bengaluru
CLM0034886,BEN_00123,HSR Layout,2022-03-25,10,0,0,0,0,0,0,0,0,0,0.0,0.040437,0,0.0,0,337,2,1,0.98,0.0,GREEN,18,Bengaluru
CLM0034887,BEN_08759,Whitefield,2022-03-02,14,0,0,0,0,0,0,1,0,0,0.0,0.297728,0,0.0,0,418,4,2,0.8863,0.036,GREEN,24,Bengaluru
CLM0034888,BEN_07410,Jayanagar,2021-03-14,17,0,0,0,0,0,0,0,0,0,0.0,1.0,0,0.0,0,348,2,2,0.6468,0.0,GREEN,32,Bengaluru
CLM0034889,BEN_08971,Whitefield,2025-11-03,10,0,0,0,0,0,0,0,0,0,0.0,0.910945,0,0.0,0,286,2,5,0.7232,0.0,GREEN,41,Bengaluru
CLM0034890,BEN_08151,Indiranagar,2018-02-24,15,0,0,0,0,0,0,0,0,0,0.0,0.968305,0,0.0,0,420,4,2,0.8251,0.0,GREEN,50,Bengaluru
CLM0034891,BEN_05226,BTM Layout,2021-12-30,8,0,0,0,0,1,0,0,0,0,0.0,0.009285,0,0.0,0,70,0,0,0.9017,0.1311,GREEN,61,Bengaluru
CLM0034892,BEN_09133,HSR Layout,2019-12-29,12,0,1,1,0,0,0,0,0,0,0.0,0.00977,0,0.0,0,92,1,0,0.7123,0.0625,GREEN,57,Bengaluru
CLM0034893,BEN_01413,Koramangala,2021-11-23,21,0,0,0,0,0,0,1,0,0,0.0,0.0,0,1.0,0,360,3,4,0.8179,0.0,GREEN,42,Bengaluru
CLM0034894,BEN_01087,Rajajinagar,2017-06-05,12,0,1,1,1,0,1,1,1,1,0.0,0.927782,1,1.0,0,19,2,18,0.0761,0.6978,RED,31,Bengaluru
CLM0034895,BEN_05957,Electronic City,2017-06-16,7,0,1,1,1,1,1,1,1,1,1.0,1.0,0,0.0,0,5,0,18,0.8328,0.6938,RED,26,Bengaluru
CLM0034896,BEN_03269,Koramangala,2019-05-14,17,0,1,1,0,1,0,1,1,1,1.0,1.0,0,0.0,1,18,1,18,0.4159,0.6879,RED,38,Bengaluru
CLM0034897,BEN_08078,Rajajinagar,2025-02-10,13,0,1,1,0,0,0,1,0,0,0.0,0.014671,0,0.0,0,142,1,0,0.0915,0.5067,YELLOW,47,Bengaluru
CLM0034898,BEN_08148,BTM Layout,2024-01-16,18,0,1,1,0,1,0,1,1,1,0.0,1.0,1,0.0,1,32,0,18,0.05,0.7773,RED,51,Bengaluru
CLM0034899,BEN_09306,Indiranagar,2017-02-13,8,0,1,1,1,1,1,1,0,1,1.0,1.0,1,0.0,0,5,1,18,0.1063,0.7414,RED,36,Bengaluru
CLM0034900,BEN_04676,Yelahanka,2021-06-24,21,0,1,1,1,1,1,1,1,1,0.0,0.208982,0,0.0,0,10,1,18,0.05,0.9522,RED,35,Bengaluru
CLM0034901,BEN_00880,Whitefield,2024-02-21,13,0,0,0,0,0,0,0,0,0,0.0,0.313275,0,0.0,0,54,1,1,0.8775,0.0674,GREEN,31,Bengaluru
CLM0034902,BEN_07058,HSR Layout,2025-12-04,18,0,0,0,0,0,0,0,0,0,0.0,0.342546,0,0.0,0,420,3,5,0.8441,0.0,GREEN,42,Bengaluru
CLM0034903,BEN_03900,Rajajinagar,2025-01-30,13,0,0,0,0,0,0,0,0,1,0.0,0.149534,0,0.0,0,420,4,0,0.845,0.1586,GREEN,61,Bengaluru
CLM0034904,BEN_06452,Koramangala,2024-07-05,14,0,0,0,0,0,0,0,0,1,0.0,0.302768,1,0.0,0,420,1,4,0.7538,0.1598,GREEN,34,Bengaluru
CLM0034905,BEN_05770,Electronic City,2025-05-12,11,0,0,0,0,0,1,0,1,0,0.0,0.294396,1,0.0,0,420,3,2,0.98,0.1963,GREEN,47,Bengaluru
CLM0034906,BEN_02458,HSR Layout,2017-06-18,16,0,0,0,0,0,0,0,1,0,0.0,0.111421,0,0.0,0,420,1,0,0.7331,0.0337,GREEN,38,Bengaluru
CLM0034907,BEN_02538,Rajajinagar,2021-03-01,19,0,0,0,0,0,0,1,0,0,0.0,0.016675,0,0.0,0,329,4,2,0.9214,0.0883,GREEN,50,Bengaluru
CLM0034908,BEN_03093,HSR Layout,2020-03-09,18,0,0,0,0,0,0,0,0,0,1.0,0.140187,0,0.0,0,412,2,2,0.8888,0.0768,GREEN,39,Bengaluru
CLM0034909,BEN_03166,Electronic City,2023-12-20,14,0,0,0,0,0,0,0,0,0,0.0,0.108051,0,0.0,0,297,4,7,0.6457,0.067,GREEN,49,Bengaluru
CLM0034910,BEN_09198,Marathahalli,2025-01-16,19,0,0,0,0,0,0,0,0,0,0.0,0.328433,0,0.0,0,197,1,3,0.9364,0.0,GREEN,70,Bengaluru
CLM0034911,BEN_05424,Electronic City,2021-08-05,7,0,0,0,0,0,0,0,0,0,0.0,0.300396,0,0.0,0,170,3,1,0.7871,0.0,GREEN,65,Bengaluru
CLM0034912,BEN_01069,BTM Layout,2024-03-08,21,0,0,0,0,0,0,0,0,0,0.0,0.071045,0,0.0,0,261,2,0,0.7708,0.0,GREEN,57,Bengaluru
CLM0034913,BEN_08711,Whitefield,2023-06-03,21,0,0,0,0,0,0,0,0,0,0.0,0.148062,0,0.0,0,367,1,6,0.05,0.0052,GREEN,50,Bengaluru
CLM0034914,BEN_06544,Marathahalli,2019-07-23,7,0,0,0,0,1,0,0,0,0,0.0,0.074092,0,0.0,0,367,2,2,0.1442,0.1313,GREEN,52,Bengaluru
CLM0034915,BEN_03955,Rajajinagar,2019-12-01,12,0,0,0,0,0,0,0,0,0,0.0,0.028476,0,0.0,0,283,1,0,0.5847,0.0854,GREEN,35,Bengaluru
CLM0034916,BEN_02831,Rajajinagar,2019-12-18,16,0,0,0,0,0,0,0,0,0,1.0,0.181387,0,0.0,0,420,1,1,0.5467,0.0522,GREEN,50,Bengaluru
CLM0034917,BEN_01121,Jayanagar,2017-10-20,11,0,0,0,0,0,0,0,0,0,0.0,0.116674,0,0.0,0,375,0,3,0.5651,0.0,GREEN,36,Bengaluru
CLM0034918,BEN_00756,Yelahanka,2019-05-07,19,0,0,0,0,1,0,0,0,0,0.0,0.148827,0,0.0,0,110,2,4,0.9226,0.0746,GREEN,53,Bengaluru
CLM0034919,BEN_05631,BTM Layout,2024-03-13,14,0,0,0,0,0,0,0,0,0,0.0,0.122595,0,0.0,0,318,0,4,0.6401,0.0664,GREEN,47,Bengaluru
CLM0034920,BEN_02048,Jayanagar,2024-02-21,12,0,1,1,0,0,0,0,0,0,0.0,0.156676,0,0.0,0,200,0,0,0.7513,0.0,GREEN,34,Bengaluru
CLM0034921,BEN_08912,Whitefield,2021-03-01,17,0,0,0,0,0,0,0,0,0,0.0,0.163755,0,0.0,0,49,1,8,0.966,0.0,GREEN,46,Bengaluru
CLM0034922,BEN_00773,Marathahalli,2019-03-26,10,0,0,0,0,0,0,0,0,0,0.0,0.164024,0,0.0,0,298,2,1,0.8101,0.0,GREEN,41,Bengaluru
CLM0034923,BEN_00273,HSR Layout,2025-05-14,8,0,0,0,0,0,0,0,0,0,0.0,0.079345,0,0.0,0,237,2,3,0.6345,0.0002,GREEN,50,Bengaluru
CLM0034924,BEN_06682,HSR Layout,2022-10-12,18,0,0,0,0,0,0,0,1,0,0.0,0.177947,0,0.0,0,154,0,4,0.5691,0.0463,GREEN,62,Bengaluru
CLM0034925,BEN_01612,Marathahalli,2024-08-02,7,0,1,1,0,0,0,0,0,0,0.0,0.0,0,0.0,0,382,4,2,0.98,0.0762,GREEN,25,Bengaluru
CLM0034926,BEN_07403,BTM Layout,2024-02-13,20,0,1,1,0,0,0,0,1,0,0.0,0.308218,0,0.0,0,117,0,0,0.6014,0.1185,GREEN,48,Bengaluru
CLM0034927,BEN_07765,HSR Layout,2025-01-16,19,0,0,0,0,0,0,0,0,0,0.0,0.018794,0,0.0,0,135,0,5,0.9736,0.0,GREEN,42,Bengaluru
CLM0034928,BEN_02704,HSR Layout,2024-07-26,20,0,0,0,1,0,0,0,1,1,1.0,1.0,1,0.0,1,16,1,18,0.8175,0.1734,GREEN,40,Bengaluru
CLM0034929,BEN_00687,HSR Layout,2024-02-14,14,0,0,0,0,1,0,0,0,0,0.0,0.064973,0,1.0,0,420,4,0,0.7588,0.0415,GREEN,41,Bengaluru
CLM0034930,BEN_05132,Whitefield,2024-04-09,14,0,0,0,0,0,0,0,0,0,0.0,0.176733,0,0.0,0,420,0,4,0.98,0.041,GREEN,25,Bengaluru
CLM0034931,BEN_05839,Koramangala,2019-04-20,15,0,0,0,0,0,0,0,0,0,0.0,0.302749,0,0.0,0,63,4,4,0.8094,0.0246,GREEN,51,Bengaluru
CLM0034932,BEN_08460,HSR Layout,2020-07-27,9,0,0,0,0,0,0,1,0,0,1.0,0.213519,0,0.0,0,136,2,1,0.8704,0.1199,GREEN,56,Bengaluru
CLM0034933,BEN_05128,HSR Layout,2023-03-13,21,0,1,1,0,0,1,1,0,0,1.0,0.385609,0,0.0,0,174,4,0,0.1142,0.254,GREEN,30,Bengaluru
CLM0034934,BEN_08979,Electronic City,2017-09-22,8,0,0,0,0,0,0,0,0,0,1.0,0.978071,0,1.0,0,353,1,5,0.4497,0.094,GREEN,39,Bengaluru
CLM0034935,BEN_08270,HSR Layout,2024-10-28,9,0,0,0,1,1,0,1,1,0,0.0,0.0,0,0.0,1,5,0,18,0.8597,0.0,GREEN,31,Bengaluru
CLM0034936,BEN_00757,BTM Layout,2022-07-29,17,0,0,0,0,0,0,0,0,0,0.0,0.376496,0,0.0,0,177,1,2,0.5485,0.0,GREEN,40,Bengaluru
CLM0034937,BEN_00772,Koramangala,2015-04-11,13,0,0,0,0,0,0,0,0,0,0.0,0.062768,0,0.0,0,232,3,0,0.2543,0.0318,GREEN,43,Bengaluru
CLM0034938,BEN_06676,BTM Layout,2017-10-26,7,0,0,0,0,0,1,0,0,0,0.0,0.24983,0,0.0,0,205,3,2,0.7231,0.1704,GREEN,33,Bengaluru
CLM0034939,BEN_01146,Koramangala,2025-07-05,15,0,0,0,1,0,0,0,1,0,0.0,0.993061,0,0.0,0,353,4,1,0.9513,0.0225,GREEN,49,Bengaluru
CLM0034940,BEN_08612,Indiranagar,2022-02-24,16,0,0,0,0,0,0,0,0,0,0.0,0.177893,0,0.0,0,299,3,0,0.5013,0.0409,GREEN,25,Bengaluru
CLM0034941,BEN_00939,Koramangala,2021-11-09,10,0,0,0,0,0,1,0,0,0,0.0,0.27121,0,0.0,0,420,0,3,0.5302,0.0716,GREEN,37,Bengaluru
CLM0034942,BEN_08922,Yelahanka,2025-09-29,18,0,0,0,1,0,0,0,0,0,0.0,0.048499,0,0.0,0,420,4,2,0.8054,0.1503,GREEN,30,Bengaluru
CLM0034943,BEN_01672,Rajajinagar,2025-05-28,20,0,0,0,0,0,0,0,0,0,0.0,0.0,0,0.0,1,203,3,1,0.1766,0.0484,GREEN,36,Bengaluru
CLM0034944,BEN_06005,Rajajinagar,2025-04-25,7,0,0,0,0,0,0,0,0,0,1.0,0.45412,0,0.0,0,215,0,2,0.8911,0.0719,GREEN,37,Bengaluru
CLM0034945,BEN_03735,Rajajinagar,2025-05-15,10,0,0,0,0,1,0,0,0,0,0.0,0.085575,0,0.0,0,145,0,3,0.1003,0.0965,GREEN,43,Bengaluru
CLM0034946,BEN_08260,BTM Layout,2025-07-05,21,0,0,0,0,1,0,0,0,0,1.0,0.101764,0,0.0,0,162,4,3,0.5544,0.1859,GREEN,51,Bengaluru
CLM0034947,BEN_02510,Rajajinagar,2025-07-03,13,0,0,0,0,0,0,0,0,0,1.0,0.176835,0,0.0,0,420,4,0,0.9525,0.1019,GREEN,18,Bengaluru
CLM0034948,BEN_07970,Rajajinagar,2025-08-17,7,0,0,0,0,0,0,0,0,0,0.0,0.047207,0,0.0,0,370,2,3,0.2698,0.0586,GREEN,32,Bengaluru
CLM0034949,BEN_06563,Rajajinagar,2025-09-06,12,0,0,0,0,0,0,1,0,0,0.0,0.0,0,0.0,0,182,0,4,0.5814,0.0,GREEN,52,Bengaluru
CLM0034950,BEN_06724,Koramangala,2025-06-28,14,0,0,0,0,0,0,0,0,0,0.0,0.047642,0,0.0,0,323,4,0,0.9499,0.0333,GREEN,54,Bengaluru
CLM0034951,BEN_08532,Jayanagar,2025-01-04,19,0,0,0,1,0,0,0,0,0,0.0,0.217063,0,0.0,0,420,1,2,0.5179,0.1173,GREEN,48,Bengaluru
CLM0034952,BEN_02376,Koramangala,2025-03-13,13,0,0,0,0,0,1,0,1,0,0.0,0.179585,0,0.0,0,16,2,0,0.5797,0.1877,GREEN,43,Bengaluru
CLM0034953,BEN_07681,Marathahalli,2025-06-07,7,0,0,0,0,0,0,0,1,0,0.0,0.386359,0,0.0,0,363,3,3,0.9342,0.1041,GREEN,28,Bengaluru
CLM0034954,BEN_05136,Marathahalli,2025-10-25,9,0,0,0,0,0,0,0,0,0,0.0,0.110917,0,0.0,0,250,2,1,0.8269,0.0,GREEN,44,Bengaluru
CLM0034955,BEN_04795,Marathahalli,2025-02-19,15,0,0,0,0,0,0,0,0,0,0.0,0.264823,0,0.0,0,60,0,6,0.6674,0.0162,GREEN,51,Bengaluru
CLM0034956,BEN_06968,Koramangala,2025-11-24,7,0,0,0,0,0,1,1,0,0,1.0,0.10165,0,0.0,0,379,1,1,0.4741,0.045,GREEN,49,Bengaluru
CLM0034957,BEN_07718,Marathahalli,2025-03-14,18,0,0,0,0,0,0,1,0,0,0.0,1.0,0,0.0,0,40,1,0,0.05,0.0,GREEN,47,Bengaluru
CLM0034958,BEN_01687,Whitefield,2025-02-14,16,0,0,0,0,0,0,0,0,0,0.0,0.363223,0,0.0,0,222,1,0,0.98,0.0018,GREEN,51,Bengaluru
CLM0034959,BEN_09696,Marathahalli,2024-12-26,8,0,0,0,0,0,0,0,0,1,0.0,0.399289,0,0.0,0,395,2,0,0.0935,0.1284,GREEN,38,Bengaluru
CLM0034960,BEN_02812,Yelahanka,2024-09-06,19,0,0,0,0,0,0,0,0,0,0.0,0.140877,0,0.0,1,14,4,0,0.562,0.0,GREEN,47,Bengaluru
CLM0034961,BEN_06668,BTM Layout,2025-05-29,20,0,0,0,1,1,0,1,0,1,0.0,0.1502,0,0.0,0,5,1,18,0.9256,0.0861,GREEN,50,Bengaluru
CLM0034962,BEN_07560,HSR Layout,2024-08-14,21,0,0,0,0,0,1,0,0,0,0.0,0.316394,0,0.0,0,272,0,0,0.6156,0.0611,GREEN,42,Bengaluru
CLM0034963,BEN_03064,Rajajinagar,2024-08-05,8,0,0,0,0,0,0,0,0,0,0.0,0.33663,0,1.0,0,135,0,2,0.98,0.0017,GREEN,25,Bengaluru
CLM0034964,BEN_07844,Rajajinagar,2025-08-03,15,0,0,0,0,0,0,0,0,0,0.0,0.07421,0,0.0,0,420,2,6,0.05,0.0592,GREEN,33,Bengaluru
CLM0034965,BEN_06517,Marathahalli,2025-01-30,14,0,0,0,0,0,0,0,0,0,0.0,0.199662,1,0.0,0,420,4,1,0.2662,0.0386,GREEN,54,Bengaluru
CLM0034966,BEN_07340,Whitefield,2024-06-22,18,0,0,0,0,0,0,0,0,0,0.0,0.322545,0,0.0,0,88,2,4,0.5711,0.0224,GREEN,54,Bengaluru
CLM0034967,BEN_03325,Marathahalli,2024-02-13,11,0,0,0,0,0,0,0,0,0,0.0,1.0,0,0.0,0,73,0,0,0.2858,0.0862,GREEN,30,Bengaluru
CLM0034968,BEN_00605,Electronic City,2025-05-05,8,0,0,0,0,0,0,1,0,0,1.0,0.312974,0,0.0,0,396,0,2,0.7512,0.1203,GREEN,37,Bengaluru
CLM0034969,BEN_02512,Marathahalli,2023-07-17,11,0,0,0,0,0,0,0,0,0,0.0,0.35818,0,0.0,0,182,3,5,0.05,0.0,GREEN,32,Bengaluru
CLM0034970,BEN_09137,Koramangala,2023-10-30,15,0,0,0,0,0,0,0,0,0,0.0,0.101789,0,0.0,0,78,3,4,0.5269,0.0,GREEN,50,Bengaluru
CLM0034971,BEN_05460,Indiranagar,2023-09-05,14,0,0,0,0,0,0,0,0,0,0.0,0.299488,1,0.0,0,412,1,1,0.8973,0.1169,GREEN,48,Bengaluru
CLM0034972,BEN_06533,HSR Layout,2020-09-09,20,0,0,0,0,0,1,0,0,0,0.0,0.0,0,0.0,0,98,2,5,0.3419,0.0079,GREEN,52,Bengaluru
CLM0034973,BEN_05156,HSR Layout,2023-10-16,12,0,0,0,0,0,0,0,0,0,0.0,0.251404,0,0.0,0,420,4,2,0.9523,0.0,GREEN,47,Bengaluru
CLM0034974,BEN_00606,Electronic City,2022-09-09,8,0,0,0,0,0,0,1,0,1,0.0,0.292321,0,0.0,0,193,0,0,0.4653,0.1772,GREEN,58,Bengaluru
CLM0034975,BEN_08035,HSR Layout,2024-05-27,7,0,0,0,0,0,0,0,0,0,0.0,0.137354,0,0.0,0,194,0,0,0.699,0.0,GREEN,55,Bengaluru
CLM0034976,BEN_09285,BTM Layout,2023-04-20,21,0,0,0,0,0,0,0,0,0,0.0,0.245322,0,0.0,0,396,0,3,0.7472,0.0538,GREEN,33,Bengaluru
CLM0034977,BEN_09095,Whitefield,2025-04-17,21,0,0,0,0,0,1,0,1,0,0.0,0.368263,0,0.0,0,259,4,4,0.8379,0.1981,GREEN,35,Bengaluru
CLM0034978,BEN_06321,HSR Layout,2020-06-15,16,0,0,0,0,0,0,0,1,0,0.0,0.012331,0,0.0,0,351,4,5,0.05,0.2366,GREEN,58,Bengaluru
CLM0034979,BEN_09108,Koramangala,2022-07-02,9,0,0,0,0,0,0,0,0,0,1.0,0.894313,0,0.0,0,216,3,3,0.915,0.104,GREEN,35,Bengaluru
CLM0034980,BEN_04374,Rajajinagar,2025-05-03,8,0,0,0,0,0,0,0,0,0,0.0,0.0,0,0.0,0,349,4,0,0.5105,0.0377,GREEN,43,Bengaluru
CLM0034981,BEN_08054,BTM Layout,2025-06-25,18,0,0,0,1,0,1,0,1,1,1.0,0.125156,0,0.0,1,7,2,18,0.05,0.1361,GREEN,53,Bengaluru
CLM0034982,BEN_01881,Koramangala,2023-12-29,15,0,0,0,0,0,0,0,0,0,1.0,0.288218,0,0.0,0,420,3,2,0.6259,0.2242,GREEN,34,Bengaluru
CLM0034983,BEN_01074,Whitefield,2021-07-08,21,0,0,0,0,0,0,0,0,0,0.0,0.178727,0,0.0,0,309,0,3,0.2233,0.0,GREEN,48,Bengaluru
CLM0034984,BEN_07224,Yelahanka,2025-06-26,11,0,0,0,0,0,0,1,0,0,0.0,0.102246,0,0.0,1,387,1,2,0.5843,0.2378,GREEN,55,Bengaluru
CLM0034985,BEN_08556,Yelahanka,2023-12-12,13,0,0,0,0,0,0,0,0,0,0.0,0.268112,0,0.0,0,150,2,1,0.6918,0.0,GREEN,46,Bengaluru
CLM0034986,BEN_09127,Jayanagar,2021-09-14,15,0,1,1,0,0,0,0,0,0,1.0,0.875982,0,0.0,0,283,2,3,0.8507,0.0,GREEN,42,Bengaluru
CLM0034987,BEN_00039,Yelahanka,2023-08-09,11,0,0,0,0,0,0,0,0,0,0.0,0.020176,0,0.0,0,137,1,7,0.763,0.0,GREEN,24,Bengaluru
CLM0034988,BEN_05299,Jayanagar,2021-02-25,15,0,0,0,0,0,0,0,0,0,0.0,0.127567,0,0.0,0,420,1,2,0.5199,0.0,GREEN,60,Bengaluru
CLM0034989,BEN_01326,Koramangala,2022-06-20,16,0,0,0,0,0,0,0,0,0,0.0,0.16674,0,0.0,0,332,2,3,0.6551,0.0,GREEN,45,Bengaluru
CLM0034990,BEN_07155,Indiranagar,2023-07-05,11,0,0,0,0,0,0,0,0,0,0.0,0.427795,0,0.0,0,163,3,2,0.6936,0.0,GREEN,39,Bengaluru
CLM0034991,BEN_09715,HSR Layout,2025-07-13,17,0,0,0,0,0,0,0,0,0,0.0,0.968098,0,0.0,0,224,4,6,0.3055,0.0,GREEN,33,Bengaluru
CLM0034992,BEN_03825,Electronic City,2025-03-17,7,0,0,0,0,0,0,0,0,0,0.0,0.0,0,0.0,0,115,3,5,0.7329,0.0,GREEN,24,Bengaluru
CLM0034993,BEN_09303,Electronic City,2021-10-01,21,0,0,0,0,0,0,0,0,0,0.0,0.35704,0,0.0,0,363,1,0,0.7694,0.0703,GREEN,61,Bengaluru
CLM0034994,BEN_03634,Marathahalli,2018-10-13,13,0,0,0,1,1,1,1,0,0,1.0,1.0,1,1.0,1,8,4,18,0.9245,0.0417,GREEN,47,Bengaluru
CLM0034995,BEN_01473,Whitefield,2016-11-04,12,0,0,0,0,1,0,0,0,0,0.0,0.941045,1,0.0,0,218,0,0,0.6991,0.1701,GREEN,32,Bengaluru
CLM0034996,BEN_06235,Rajajinagar,2022-11-30,12,0,1,1,0,0,0,0,0,0,0.0,0.96434,0,0.0,0,295,1,2,0.98,0.0084,GREEN,55,Bengaluru
CLM0034997,BEN_02256,HSR Layout,2024-05-13,10,0,0,0,0,0,0,0,0,0,0.0,0.321557,0,0.0,0,200,3,3,0.05,0.0,GREEN,44,Bengaluru
CLM0034998,BEN_02338,Rajajinagar,2017-06-08,13,0,0,0,0,0,0,0,0,0,0.0,1.0,0,0.0,0,56,3,2,0.8128,0.0197,GREEN,42,Bengaluru
CLM0034999,BEN_05602,Koramangala,2022-07-23,16,0,0,0,0,0,0,0,0,0,0.0,0.277427,0,0.0,0,420,0,0,0.98,0.0,GREEN,47,Bengaluru
CLM0035000,BEN_05026,Whitefield,2019-02-08,17,0,0,0,0,0,0,0,0,0,0.0,0.0,1,0.0,0,342,0,0,0.9769,0.1025,GREEN,46,Bengaluru
CLM0035001,BEN_00402,Koramangala,2016-06-11,21,0,0,0,0,0,0,0,0,0,0.0,0.338596,0,0.0,0,186,1,2,0.604,0.0,GREEN,34,Bengaluru
CLM0035002,BEN_05554,Jayanagar,2020-08-05,8,0,0,0,0,0,0,0,0,0,0.0,0.186737,0,0.0,0,375,1,2,0.8936,0.0119,GREEN,55,Bengaluru
CLM0035003,BEN_05360,Whitefield,2024-03-07,20,0,1,1,0,0,0,1,0,0,0.0,0.050806,0,0.0,0,337,0,4,0.6125,0.0956,GREEN,37,Bengaluru
CLM0035004,BEN_02104,HSR Layout,2023-10-09,18,0,0,0,0,0,0,0,0,0,0.0,0.008943,0,0.0,0,418,2,2,0.5346,0.0,GREEN,34,Bengaluru
CLM0035005,BEN_03061,Marathahalli,2024-02-18,16,0,0,0,0,0,0,0,0,0,0.0,0.319889,0,0.0,1,101,0,4,0.8892,0.1042,GREEN,45,Bengaluru
CLM0035006,BEN_04641,Rajajinagar,2024-05-07,9,0,0,0,0,0,0,0,0,0,0.0,0.931153,0,0.0,0,101,2,0,0.98,0.0249,GREEN,51,Bengaluru
CLM0035007,BEN_04984,Rajajinagar,2023-05-27,8,0,0,0,0,0,0,0,0,0,0.0,0.275128,0,0.0,0,302,3,3,0.9761,0.0,GREEN,41,Bengaluru
CLM0035008,BEN_02830,Yelahanka,2025-10-05,15,0,0,0,0,0,0,0,0,1,0.0,0.11901,0,0.0,0,85,3,2,0.3236,0.1406,GREEN,44,Bengaluru
CLM0035009,BEN_00513,Koramangala,2020-01-31,17,0,1,1,0,0,0,0,1,0,0.0,0.963899,0,0.0,0,108,0,0,0.7933,0.1019,GREEN,48,Bengaluru
CLM0035010,BEN_01288,Indiranagar,2024-09-13,12,0,0,0,0,0,0,0,0,0,0.0,0.03315,0,0.0,0,420,3,2,0.98,0.0254,GREEN,46,Bengaluru
CLM0035011,BEN_09420,Electronic City,2025-09-16,20,0,0,0,0,0,1,0,0,0,0.0,0.18392,0,0.0,0,74,2,3,0.1978,0.0801,GREEN,58,Bengaluru
CLM0035012,BEN_08761,BTM Layout,2020-01-16,14,0,0,0,0,0,0,0,0,0,0.0,0.273656,0,0.0,1,166,4,5,0.8943,0.1394,GREEN,42,Bengaluru
CLM0035013,BEN_04172,Jayanagar,2020-12-11,10,0,0,0,0,0,0,0,0,0,0.0,0.224976,0,0.0,0,217,4,0,0.7624,0.0166,GREEN,48,Bengaluru
CLM0035014,BEN_01140,BTM Layout,2021-07-16,15,0,0,0,0,0,0,0,0,0,0.0,0.270732,0,0.0,0,165,3,4,0.1017,0.0678,GREEN,37,Bengaluru
CLM0035015,BEN_06332,Yelahanka,2021-11-13,11,0,0,0,0,0,0,0,0,0,1.0,0.249501,0,0.0,0,353,4,0,0.5072,0.1097,GREEN,30,Bengaluru
CLM0035016,BEN_06318,Rajajinagar,2021-05-10,12,0,0,0,0,0,0,0,0,0,0.0,0.17282,0,0.0,0,165,1,0,0.6009,0.0,GREEN,46,Bengaluru
CLM0035017,BEN_07843,Jayanagar,2021-01-20,13,0,0,0,0,0,0,0,1,0,0.0,0.248925,0,0.0,0,251,3,3,0.6229,0.0969,GREEN,29,Bengaluru
CLM0035018,BEN_08230,HSR Layout,2023-12-05,10,0,0,0,0,0,0,1,0,0,0.0,0.149544,0,0.0,0,280,2,4,0.5558,0.0494,GREEN,38,Bengaluru
CLM0035019,BEN_06185,Electronic City,2020-02-21,18,0,0,0,0,0,0,0,0,0,0.0,0.293132,0,0.0,0,106,0,0,0.3048,0.0258,GREEN,26,Bengaluru
CLM0035020,BEN_05905,HSR Layout,2020-05-04,14,0,0,0,0,0,0,0,0,0,1.0,1.0,1,1.0,0,79,1,0,0.1439,0.0817,GREEN,28,Bengaluru
CLM0035021,BEN_01542,Marathahalli,2020-06-03,13,0,0,0,0,0,0,0,1,0,0.0,0.299148,0,0.0,0,58,0,2,0.8973,0.0863,GREEN,52,Bengaluru
CLM0035022,BEN_00584,Electronic City,2024-01-09,17,0,0,0,0,0,0,0,0,0,0.0,1.0,0,1.0,0,304,2,0,0.5523,0.0,GREEN,23,Bengaluru
CLM0035023,BEN_06929,Indiranagar,2022-08-07,17,0,0,0,0,1,1,1,0,0,0.0,0.172292,0,0.0,0,199,3,0,0.5682,0.2837,GREEN,50,Bengaluru
CLM0035024,BEN_00505,Koramangala,2020-04-10,20,0,0,0,0,0,0,0,0,0,0.0,0.239737,0,0.0,0,420,2,0,0.1252,0.0,GREEN,44,Bengaluru
CLM0035025,BEN_07018,Electronic City,2020-05-18,12,0,0,0,0,0,1,0,0,1,0.0,0.386618,0,0.0,0,267,2,1,0.9185,0.1962,GREEN,33,Bengaluru
CLM0035026,BEN_00656,BTM Layout,2020-07-09,20,0,0,0,0,0,0,0,0,0,0.0,0.185798,0,0.0,0,420,4,1,0.8816,0.086,GREEN,28,Bengaluru
CLM0035027,BEN_00892,Whitefield,2019-05-02,16,0,0,0,0,0,1,1,0,0,0.0,0.381137,0,0.0,0,242,1,1,0.98,0.1296,GREEN,43,Bengaluru
CLM0035028,BEN_08393,Marathahalli,2020-12-29,12,0,0,0,0,0,1,1,0,0,1.0,0.13892,0,0.0,0,420,4,4,0.6572,0.2207,GREEN,59,Bengaluru
CLM0035029,BEN_03246,Whitefield,2021-04-04,18,0,0,0,0,0,0,0,0,0,1.0,0.373282,0,0.0,0,307,0,2,0.8508,0.1097,GREEN,57,Bengaluru
CLM0035030,BEN_00144,Jayanagar,2024-06-02,17,0,0,0,0,0,0,0,0,1,0.0,0.207629,0,0.0,0,347,0,1,0.5611,0.1665,GREEN,41,Bengaluru
CLM0035031,BEN_03490,Electronic City,2025-09-29,17,0,0,0,0,0,0,0,0,0,0.0,0.229901,0,0.0,0,404,1,5,0.6216,0.2499,GREEN,48,Bengaluru
CLM0035032,BEN_02191,Marathahalli,2022-05-06,14,0,0,0,0,0,0,0,0,0,0.0,0.213125,0,0.0,0,376,0,4,0.7438,0.0582,GREEN,37,Bengaluru
CLM0035033,BEN_01944,Koramangala,2018-01-03,9,0,1,1,1,1,1,1,1,0,1.0,1.0,1,1.0,1,5,1,18,0.9395,0.0,GREEN,46,Bengaluru
CLM0035034,BEN_01305,Rajajinagar,2025-08-13,9,0,0,0,0,0,0,0,0,1,0.0,0.379995,0,0.0,0,318,0,2,0.6542,0.109,GREEN,25,Bengaluru
CLM0035035,BEN_08548,Whitefield,2019-10-19,9,0,0,0,1,1,0,0,0,1,0.0,0.145227,0,0.0,0,420,0,1,0.5861,0.3577,YELLOW,23,Bengaluru
CLM0035036,BEN_08773,Koramangala,2024-01-23,11,0,0,0,0,0,0,0,0,0,0.0,0.016612,0,0.0,0,303,2,1,0.9788,0.0,GREEN,47,Bengaluru
CLM0035037,BEN_00351,Whitefield,2024-06-11,21,0,0,0,1,0,0,0,1,0,0.0,0.0,0,0.0,0,346,1,0,0.5713,0.3048,GREEN,47,Bengaluru
CLM0035038,BEN_07877,Rajajinagar,2025-12-15,7,0,0,0,0,0,0,0,0,0,1.0,0.080011,0,0.0,0,246,1,0,0.7817,0.1366,GREEN,42,Bengaluru
CLM0035039,BEN_06006,Whitefield,2021-12-27,17,0,0,0,0,0,0,0,0,0,0.0,0.164043,0,0.0,1,221,0,1,0.252,0.0199,GREEN,50,Bengaluru
CLM0035040,BEN_07311,Electronic City,2025-08-22,16,0,0,0,0,0,0,0,0,1,0.0,0.348206,0,0.0,0,287,1,4,0.5906,0.126,GREEN,41,Bengaluru
CLM0035041,BEN_09284,Indiranagar,2022-09-25,11,0,0,0,1,1,1,1,1,1,1.0,0.96406,0,0.0,0,18,2,18,0.903,0.0849,GREEN,45,Bengaluru
CLM0035042,BEN_07955,Rajajinagar,2025-10-12,19,0,0,0,0,0,0,0,0,0,1.0,0.951133,0,1.0,0,87,1,2,0.2087,0.0787,GREEN,58,Bengaluru
CLM0035043,BEN_05309,Whitefield,2021-09-28,11,0,0,0,0,0,0,0,1,0,0.0,0.380095,0,0.0,0,203,3,2,0.8626,0.0056,GREEN,57,Bengaluru
CLM0035044,BEN_04057,BTM Layout,2022-03-01,16,0,0,0,0,0,0,0,0,0,0.0,0.243448,0,0.0,0,71,2,0,0.0857,0.0451,GREEN,23,Bengaluru
CLM0035045,BEN_04764,Yelahanka,2023-10-19,10,0,0,0,0,0,0,0,1,0,0.0,0.130866,0,0.0,0,120,3,4,0.5638,0.0778,GREEN,49,Bengaluru
CLM0035046,BEN_00329,BTM Layout,2024-08-10,12,0,0,0,0,0,0,0,0,0,0.0,0.0,0,0.0,0,135,1,4,0.853,0.0471,GREEN,28,Bengaluru
CLM0035047,BEN_09115,Yelahanka,2024-05-03,20,0,0,0,0,0,0,0,0,0,1.0,0.050805,0,0.0,0,129,0,2,0.6315,0.1328,GREEN,40,Bengaluru
CLM0035048,BEN_08997,Marathahalli,2025-02-25,10,0,0,0,0,0,0,0,0,0,0.0,0.346197,0,0.0,0,47,1,1,0.7593,0.0,GREEN,35,Bengaluru
CLM0035049,BEN_07453,Marathahalli,2024-12-01,11,0,0,0,1,0,1,0,0,1,1.0,0.988324,0,0.0,1,5,1,18,0.174,0.0932,GREEN,32,Bengaluru
CLM0035050,BEN_07616,Rajajinagar,2023-12-22,14,0,0,0,0,1,0,0,0,1,0.0,0.326671,0,0.0,0,248,1,5,0.5218,0.0,GREEN,51,Bengaluru
CLM0035051,BEN_00917,Yelahanka,2024-07-12,14,0,0,0,0,0,0,0,0,0,0.0,0.195081,0,0.0,0,420,1,3,0.7623,0.0,GREEN,46,Bengaluru
CLM0035052,BEN_07389,Whitefield,2024-08-27,14,0,0,0,1,0,1,0,0,0,0.0,0.395945,0,0.0,0,385,2,0,0.7736,0.1908,GREEN,48,Bengaluru
CLM0035053,BEN_03805,BTM Layout,2025-04-11,16,0,1,1,0,0,0,0,0,0,1.0,0.968446,0,0.0,0,420,0,3,0.1401,0.1122,GREEN,45,Bengaluru
CLM0035054,BEN_01125,Koramangala,2021-01-14,7,0,0,0,1,0,0,0,0,1,0.0,0.046109,0,0.0,0,158,4,3,0.7288,0.2172,GREEN,38,Bengaluru
CLM0035055,BEN_09209,BTM Layout,2021-02-13,17,0,0,0,1,0,0,1,0,0,0.0,0.256419,0,0.0,0,60,2,2,0.4776,0.2409,GREEN,54,Bengaluru
CLM0035056,BEN_08885,Whitefield,2025-11-07,16,0,0,0,0,0,0,0,0,0,1.0,0.384637,0,0.0,0,92,3,4,0.7562,0.0837,GREEN,38,Bengaluru
CLM0035057,BEN_05078,Rajajinagar,2024-10-11,7,0,0,0,0,0,0,0,0,0,0.0,1.0,1,0.0,0,364,2,4,0.8396,0.041,GREEN,59,Bengaluru
CLM0035058,BEN_05663,Yelahanka,2020-03-28,20,0,0,0,0,0,0,1,0,0,0.0,0.301774,0,0.0,1,278,0,2,0.89,0.0924,GREEN,59,Bengaluru
CLM0035059,BEN_00260,HSR Layout,2020-01-27,21,0,0,0,0,0,0,0,0,0,0.0,0.368056,0,1.0,0,403,0,2,0.05,0.0253,GREEN,21,Bengaluru
CLM0035060,BEN_03507,Jayanagar,2022-10-26,7,0,0,0,0,0,1,0,0,0,0.0,0.125095,0,0.0,0,336,2,4,0.8597,0.244,GREEN,24,Bengaluru
CLM0035061,BEN_02314,Jayanagar,2025-12-22,19,0,0,0,0,0,0,0,0,0,0.0,0.215933,0,0.0,0,170,0,1,0.4804,0.0612,GREEN,41,Bengaluru
CLM0035062,BEN_09638,Koramangala,2024-05-01,16,0,0,0,0,0,0,0,0,0,0.0,0.244761,0,0.0,0,28,3,5,0.8044,0.1089,GREEN,36,Bengaluru
CLM0035063,BEN_04179,Koramangala,2024-01-22,13,0,0,0,0,0,0,0,0,0,1.0,0.331472,0,0.0,0,359,2,5,0.7314,0.1436,GREEN,52,Bengaluru
CLM0035064,BEN_07589,Rajajinagar,2024-01-14,7,0,0,0,0,0,0,0,0,0,0.0,0.087681,0,0.0,0,420,0,2,0.98,0.0336,GREEN,39,Bengaluru
CLM0035065,BEN_05817,Koramangala,2022-11-20,18,0,0,0,0,0,0,0,0,0,0.0,0.174724,0,0.0,0,214,4,1,0.4084,0.0905,GREEN,49,Bengaluru
CLM0035066,BEN_07466,Marathahalli,2024-02-18,12,0,0,0,0,0,0,0,0,0,0.0,0.001415,0,0.0,0,373,0,3,0.3608,0.1925,GREEN,45,Bengaluru
CLM0035067,BEN_01281,Yelahanka,2025-03-18,9,0,0,0,0,0,0,0,0,0,0.0,0.218978,0,0.0,0,417,1,0,0.5862,0.0322,GREEN,58,Bengaluru
CLM0035068,BEN_06886,Marathahalli,2025-09-06,11,0,0,0,0,0,0,0,0,0,0.0,0.282453,0,0.0,0,420,3,1,0.9296,0.0632,GREEN,49,Bengaluru
CLM0035069,BEN_03104,Jayanagar,2025-10-05,17,0,0,0,0,0,0,0,0,0,0.0,0.107147,0,0.0,0,394,2,0,0.1864,0.1222,GREEN,42,Bengaluru
CLM0035070,BEN_05697,Koramangala,2025-11-28,21,0,0,0,0,0,0,0,0,0,0.0,0.042046,0,0.0,1,108,4,3,0.9368,0.096,GREEN,61,Bengaluru
CLM0035071,BEN_07802,Indiranagar,2024-08-26,19,0,0,0,0,0,0,0,0,0,0.0,0.213054,0,0.0,0,140,3,2,0.7613,0.0,GREEN,61,Bengaluru
CLM0035072,BEN_05713,Koramangala,2024-05-24,10,0,0,0,0,0,0,0,0,1,0.0,0.093194,0,0.0,0,335,0,0,0.9213,0.1342,GREEN,54,Bengaluru
CLM0035073,BEN_03054,Marathahalli,2024-11-29,13,0,0,0,0,0,0,0,0,0,1.0,0.980674,1,1.0,0,197,0,4,0.7365,0.0628,GREEN,49,Bengaluru
CLM0035074,BEN_07263,Koramangala,2025-03-18,16,0,0,0,0,0,0,0,1,0,0.0,0.327636,0,0.0,0,409,3,1,0.05,0.1261,GREEN,40,Bengaluru
CLM0035075,BEN_08191,Marathahalli,2024-08-13,18,0,0,0,1,0,0,0,0,0,0.0,0.298346,0,0.0,0,420,2,0,0.6465,0.2322,GREEN,37,Bengaluru
CLM0035076,BEN_01173,Indiranagar,2025-04-29,15,0,0,0,0,0,0,0,0,0,0.0,0.166959,0,0.0,1,73,0,3,0.6934,0.1408,GREEN,51,Bengaluru
CLM0035077,BEN_03080,HSR Layout,2024-05-17,11,0,0,0,0,0,0,0,0,0,0.0,0.224089,0,0.0,1,126,2,1,0.8883,0.0561,GREEN,53,Bengaluru
CLM0035078,BEN_06269,Marathahalli,2025-09-21,7,0,0,0,0,0,0,0,1,0,0.0,0.996308,0,0.0,0,127,0,3,0.8441,0.1231,GREEN,69,Bengaluru
CLM0035079,BEN_06744,Yelahanka,2024-11-01,20,0,0,0,0,0,0,0,0,0,0.0,0.092708,0,0.0,0,372,2,7,0.4603,0.0584,GREEN,41,Bengaluru
CLM0035080,BEN_07241,HSR Layout,2025-07-25,20,0,1,1,0,0,0,0,0,0,0.0,0.071894,0,0.0,0,176,0,3,0.3278,0.0988,GREEN,56,Bengaluru
CLM0035081,BEN_05304,Electronic City,2025-03-24,18,0,1,1,0,0,0,0,0,0,0.0,0.21025,0,0.0,0,418,0,1,0.6107,0.013,GREEN,57,Bengaluru
CLM0035082,BEN_06046,Koramangala,2025-03-12,14,0,0,0,0,0,0,0,0,0,0.0,0.105564,0,0.0,1,420,2,1,0.7901,0.125,GREEN,53,Bengaluru
CLM0035083,BEN_04920,BTM Layout,2024-01-19,20,0,0,0,0,0,0,0,0,0,0.0,0.0,0,0.0,0,262,4,1,0.5595,0.0,GREEN,43,Bengaluru
CLM0035084,BEN_06605,Whitefield,2025-09-04,18,0,0,0,0,0,0,0,0,0,0.0,0.134563,0,0.0,0,297,0,4,0.8417,0.0,GREEN,63,Bengaluru
CLM0035085,BEN_05439,Electronic City,2025-10-30,16,0,0,0,1,0,1,1,1,1,1.0,0.889789,0,0.0,0,35,1,18,0.1193,0.0433,GREEN,23,Bengaluru
CLM0035086,BEN_00546,BTM Layout,2024-04-09,15,0,0,0,0,0,0,1,1,0,0.0,0.022411,0,0.0,0,30,4,2,0.7169,0.1981,GREEN,34,Bengaluru
CLM0035087,BEN_04719,Indiranagar,2023-06-17,16,0,0,0,0,0,0,1,0,0,0.0,0.212347,0,0.0,0,220,0,6,0.698,0.0522,GREEN,44,Bengaluru
CLM0035088,BEN_01102,Koramangala,2024-09-18,13,0,0,0,0,0,0,0,0,0,0.0,0.281882,0,0.0,0,420,3,0,0.98,0.0194,GREEN,39,Bengaluru
CLM0035089,BEN_00127,Rajajinagar,2023-08-17,13,0,0,0,0,0,0,0,0,0,0.0,0.215956,1,0.0,0,413,3,4,0.9663,0.0,GREEN,59,Bengaluru
CLM0035090,BEN_00285,Koramangala,2023-07-23,16,0,0,0,0,0,0,0,0,0,0.0,0.282622,0,0.0,0,420,2,4,0.6596,0.0039,GREEN,38,Bengaluru
CLM0035091,BEN_01599,Yelahanka,2023-07-11,11,0,0,0,0,0,0,0,0,0,0.0,0.034204,0,0.0,0,203,0,5,0.6515,0.0116,GREEN,40,Bengaluru
CLM0035092,BEN_07188,HSR Layout,2025-09-07,13,0,0,0,0,0,0,0,1,0,0.0,0.0,0,0.0,0,79,4,6,0.6209,0.0422,GREEN,48,Bengaluru
CLM0035093,BEN_08580,HSR Layout,2025-01-08,12,0,0,0,0,0,0,0,0,0,0.0,0.953136,1,0.0,0,420,3,0,0.8606,0.0799,GREEN,38,Bengaluru
CLM0035094,BEN_02236,Whitefield,2023-11-12,18,0,0,0,0,0,0,0,1,0,0.0,0.987692,1,0.0,0,261,0,1,0.6452,0.0385,GREEN,35,Bengaluru
CLM0035095,BEN_03734,Indiranagar,2025-05-15,19,0,0,0,0,0,0,0,0,0,0.0,0.195762,0,0.0,0,156,1,6,0.8741,0.0217,GREEN,39,Bengaluru
CLM0035096,BEN_09518,HSR Layout,2020-09-19,19,0,0,0,0,0,0,0,0,0,0.0,0.309398,0,0.0,0,190,4,1,0.98,0.0406,GREEN,45,Bengaluru
CLM0035097,BEN_06257,HSR Layout,2023-10-09,10,0,0,0,0,0,0,0,0,0,0.0,0.486966,0,0.0,0,160,1,1,0.5586,0.0576,GREEN,56,Bengaluru
CLM0035098,BEN_04455,HSR Layout,2019-01-09,18,0,0,0,0,0,0,0,0,0,0.0,0.980008,0,0.0,0,76,4,1,0.55,0.0522,GREEN,50,Bengaluru
CLM0035099,BEN_00070,Indiranagar,2019-07-06,13,0,0,0,0,0,0,0,0,0,0.0,0.339379,1,0.0,0,368,1,0,0.8881,0.0335,GREEN,33,Bengaluru
CLM0035100,BEN_04599,BTM Layout,2020-03-18,17,0,0,0,0,0,0,0,0,0,1.0,0.969882,0,1.0,0,420,1,1,0.6057,0.0311,GREEN,59,Bengaluru
CLM0035101,BEN_02894,BTM Layout,2023-05-02,8,0,1,1,0,0,0,0,0,1,0.0,0.351531,0,0.0,0,112,0,3,0.5046,0.0593,GREEN,56,Bengaluru
CLM0035102,BEN_05025,Marathahalli,2025-09-25,17,0,0,0,0,0,0,0,1,0,0.0,0.148852,0,0.0,0,397,4,4,0.7722,0.0989,GREEN,49,Bengaluru
CLM0035103,BEN_01859,BTM Layout,2023-11-07,20,0,0,0,0,0,1,0,0,0,0.0,0.255294,0,0.0,0,29,2,0,0.8535,0.0701,GREEN,45,Bengaluru
CLM0035104,BEN_02687,BTM Layout,2018-03-25,11,0,0,0,0,0,1,0,1,0,0.0,0.290989,0,1.0,0,420,3,2,0.6865,0.1927,GREEN,35,Bengaluru
CLM0035105,BEN_06655,Jayanagar,2025-06-17,13,0,0,0,0,0,0,1,0,0,0.0,0.200288,0,0.0,0,327,2,3,0.6107,0.1487,GREEN,37,Bengaluru
CLM0035106,BEN_09081,Marathahalli,2024-11-27,9,0,0,0,1,0,0,1,0,0,0.0,0.465192,0,0.0,0,420,0,1,0.4081,0.3285,YELLOW,52,Bengaluru
CLM0035107,BEN_06191,Whitefield,2023-10-05,14,0,0,0,0,0,0,0,0,0,0.0,0.316045,0,0.0,0,319,0,1,0.98,0.075,GREEN,53,Bengaluru
CLM0035108,BEN_05584,Electronic City,2024-05-13,12,0,0,0,0,0,0,0,0,0,0.0,0.227536,0,0.0,0,58,2,2,0.98,0.0968,GREEN,48,Bengaluru
CLM0035109,BEN_07623,Marathahalli,2025-05-12,7,0,0,0,0,0,0,1,0,0,0.0,0.074949,0,0.0,0,234,3,0,0.5017,0.1693,GREEN,37,Bengaluru
CLM0035110,BEN_02184,Electronic City,2025-09-17,10,0,0,0,0,0,1,1,0,0,0.0,0.299937,0,1.0,0,159,2,0,0.1541,0.2509,GREEN,42,Bengaluru
CLM0035111,BEN_04787,Whitefield,2025-02-14,19,0,0,0,0,0,0,0,1,0,0.0,0.221057,0,0.0,0,420,3,3,0.9294,0.1239,GREEN,44,Bengaluru
CLM0035112,BEN_06415,BTM Layout,2024-11-06,20,0,0,0,0,0,0,0,0,0,0.0,0.256971,0,0.0,0,118,2,2,0.764,0.0,GREEN,61,Bengaluru
CLM0035113,BEN_06294,BTM Layout,2025-01-28,14,0,0,0,0,0,0,0,0,0,0.0,0.106839,0,0.0,0,406,2,2,0.6952,0.1007,GREEN,60,Bengaluru
CLM0035114,BEN_04633,Koramangala,2025-06-24,12,0,0,0,1,0,0,0,1,0,0.0,0.346325,1,0.0,0,393,4,3,0.8688,0.3717,YELLOW,53,Bengaluru
CLM0035115,BEN_03439,Electronic City,2024-09-09,11,0,0,0,1,1,0,1,1,0,0.0,0.323346,1,1.0,0,5,1,18,0.5987,0.0744,GREEN,44,Bengaluru
CLM0035116,BEN_09135,Indiranagar,2024-01-19,13,0,0,0,0,0,0,0,0,0,0.0,0.051003,0,0.0,0,225,0,6,0.1383,0.0158,GREEN,54,Bengaluru
CLM0035117,BEN_07613,BTM Layout,2024-07-20,20,0,0,0,0,0,1,0,0,0,0.0,1.0,0,0.0,0,414,3,4,0.6321,0.1211,GREEN,45,Bengaluru
CLM0035118,BEN_07536,Marathahalli,2024-04-23,9,0,0,0,0,0,0,0,0,0,1.0,0.282215,0,0.0,0,324,3,5,0.7831,0.087,GREEN,30,Bengaluru
CLM0035119,BEN_00732,Marathahalli,2025-08-13,11,0,0,0,0,0,0,0,0,0,0.0,1.0,0,0.0,0,233,2,0,0.5417,0.0,GREEN,29,Bengaluru
CLM0035120,BEN_09872,Yelahanka,2024-02-01,16,0,0,0,0,0,1,1,0,1,0.0,0.113231,0,0.0,0,356,1,0,0.9634,0.2201,GREEN,34,Bengaluru
CLM0035121,BEN_04363,BTM Layout,2024-12-08,21,0,0,0,0,0,0,0,0,0,0.0,0.193509,0,0.0,0,72,4,6,0.98,0.0774,GREEN,40,Bengaluru
CLM0035122,BEN_04552,HSR Layout,2024-07-28,11,0,0,0,0,0,0,0,1,0,0.0,0.308033,0,0.0,0,420,2,3,0.1306,0.0855,GREEN,23,Bengaluru
CLM0035123,BEN_06516,Whitefield,2024-03-26,14,0,0,0,0,0,0,0,1,0,0.0,0.045691,0,0.0,0,67,4,4,0.6131,0.1066,GREEN,46,Bengaluru
CLM0035124,BEN_01531,Yelahanka,2023-04-29,8,0,0,0,1,0,1,0,0,0,0.0,0.065711,0,0.0,0,409,4,7,0.4943,0.1764,GREEN,50,Bengaluru
CLM0035125,BEN_08180,HSR Layout,2019-08-25,11,0,0,0,0,0,0,0,0,0,0.0,0.038289,0,0.0,0,186,1,5,0.7319,0.0595,GREEN,43,Bengaluru
CLM0035126,BEN_02271,Jayanagar,2022-11-09,15,0,0,0,0,0,0,0,0,0,0.0,0.241188,0,0.0,0,323,0,5,0.8858,0.0,GREEN,45,Bengaluru
CLM0035127,BEN_04327,Electronic City,2024-11-11,14,1,0,0,0,0,0,0,0,0,0.0,0.01985,0,0.0,0,389,3,5,0.6644,0.136,GREEN,60,Bengaluru
CLM0035128,BEN_03181,HSR Layout,2019-08-21,13,0,0,0,0,0,0,0,0,0,0.0,0.965037,0,0.0,0,409,3,1,0.9583,0.0051,GREEN,45,Bengaluru
CLM0035129,BEN_09762,Marathahalli,2017-04-02,16,0,0,0,0,0,0,0,0,0,0.0,0.023915,0,1.0,0,420,0,5,0.98,0.0,GREEN,27,Bengaluru
CLM0035130,BEN_09621,Koramangala,2025-05-17,14,0,0,0,0,0,0,0,0,0,0.0,0.366963,0,0.0,0,21,1,3,0.6379,0.0,GREEN,18,Bengaluru
CLM0035131,BEN_02936,Whitefield,2022-03-26,19,0,0,0,1,0,0,0,0,0,0.0,0.295383,0,0.0,0,420,1,1,0.9393,0.0566,GREEN,50,Bengaluru
CLM0035132,BEN_09311,Whitefield,2020-04-26,8,0,0,0,0,0,0,0,0,0,0.0,0.329575,0,0.0,0,250,4,0,0.8969,0.0718,GREEN,51,Bengaluru
CLM0035133,BEN_03011,Electronic City,2016-11-20,7,0,0,0,0,0,1,0,0,0,0.0,0.124207,0,0.0,0,332,1,4,0.527,0.0919,GREEN,59,Bengaluru
CLM0035134,BEN_08133,Yelahanka,2021-06-02,14,0,0,0,0,0,0,0,0,0,0.0,0.231983,0,0.0,1,282,1,2,0.4622,0.0178,GREEN,43,Bengaluru
CLM0035135,BEN_09517,Whitefield,2019-04-28,21,0,0,0,0,0,0,0,0,0,0.0,0.334839,0,0.0,0,180,4,1,0.05,0.0,GREEN,35,Bengaluru
CLM0035136,BEN_03781,Electronic City,2022-08-03,7,0,0,0,0,0,0,0,0,0,0.0,0.144721,0,0.0,0,75,2,1,0.8427,0.0,GREEN,45,Bengaluru
CLM0035137,BEN_05486,Koramangala,2025-08-30,15,0,0,0,0,0,0,0,0,0,1.0,0.022672,0,0.0,0,112,1,5,0.3163,0.1154,GREEN,55,Bengaluru
CLM0035138,BEN_01594,Jayanagar,2021-03-21,20,0,0,0,0,0,0,0,0,0,0.0,0.038354,0,0.0,0,196,1,2,0.98,0.0307,GREEN,45,Bengaluru
CLM0035139,BEN_04782,Whitefield,2025-02-03,19,0,0,0,0,0,0,0,0,0,0.0,0.997318,1,0.0,0,347,2,0,0.5209,0.0714,GREEN,45,Bengaluru
CLM0035140,BEN_09371,Marathahalli,2016-02-28,12,0,0,0,0,0,0,0,0,0,0.0,0.232399,0,0.0,0,349,1,2,0.8444,0.0313,GREEN,50,Bengaluru
CLM0035141,BEN_05166,BTM Layout,2020-06-22,18,0,1,1,0,0,0,0,0,1,0.0,0.338565,0,0.0,0,267,3,0,0.7487,0.1301,GREEN,37,Bengaluru
CLM0035142,BEN_02710,Marathahalli,2021-01-07,17,0,0,0,0,0,0,0,0,0,0.0,0.374015,0,0.0,0,420,0,6,0.5953,0.0262,GREEN,64,Bengaluru
CLM0035143,BEN_00015,Electronic City,2018-08-13,19,0,0,0,0,0,0,0,1,0,0.0,0.367757,0,0.0,0,214,1,2,0.358,0.2145,GREEN,52,Bengaluru
CLM0035144,BEN_09703,Electronic City,2021-03-05,11,0,0,0,1,0,0,1,1,0,0.0,0.132933,0,0.0,0,44,2,18,0.9623,0.0576,GREEN,25,Bengaluru
CLM0035145,BEN_02602,Electronic City,2025-12-21,19,0,0,0,0,0,0,0,0,0,0.0,0.309692,0,0.0,0,109,4,4,0.0859,0.0,GREEN,44,Bengaluru
CLM0035146,BEN_02510,Rajajinagar,2025-07-17,17,0,1,1,0,0,0,0,0,0,0.0,0.0,0,0.0,0,45,3,6,0.98,0.1614,GREEN,18,Bengaluru
CLM0035147,BEN_08135,Jayanagar,2023-01-30,9,0,0,0,0,0,0,0,1,0,0.0,0.019024,0,0.0,0,68,1,6,0.8884,0.1353,GREEN,28,Bengaluru
CLM0035148,BEN_09056,Indiranagar,2021-09-30,9,0,0,0,0,0,0,0,0,0,0.0,0.307742,0,0.0,0,69,3,5,0.6262,0.0,GREEN,33,Bengaluru
CLM0035149,BEN_02475,Koramangala,2023-11-17,10,0,0,0,0,0,0,0,0,0,0.0,0.192508,0,0.0,0,177,4,0,0.8139,0.0382,GREEN,59,Bengaluru
CLM0035150,BEN_05999,Whitefield,2025-10-09,21,0,0,0,0,0,0,0,0,0,0.0,0.331585,0,0.0,0,420,1,1,0.6827,0.0426,GREEN,29,Bengaluru
CLM0035151,BEN_07565,Jayanagar,2025-04-03,14,0,0,0,0,0,0,0,0,0,0.0,0.0,0,0.0,0,160,0,5,0.6746,0.0,GREEN,49,Bengaluru
CLM0035152,BEN_07959,Indiranagar,2025-01-29,12,0,0,0,0,0,0,0,0,0,0.0,0.110949,0,0.0,0,283,2,8,0.7889,0.136,GREEN,59,Bengaluru
CLM0035153,BEN_03411,Jayanagar,2024-06-12,9,0,0,0,0,0,0,0,0,0,0.0,0.355629,0,0.0,0,329,1,0,0.7676,0.0231,GREEN,47,Bengaluru
CLM0035154,BEN_06332,Yelahanka,2018-01-12,9,0,0,0,0,0,1,0,0,0,0.0,0.361229,0,0.0,0,105,3,2,0.98,0.0918,GREEN,30,Bengaluru
CLM0035155,BEN_09650,Electronic City,2024-03-29,13,0,0,0,0,0,0,0,0,0,0.0,0.392701,0,1.0,0,374,3,3,0.1147,0.0,GREEN,43,Bengaluru
CLM0035156,BEN_06475,Marathahalli,2022-05-23,9,0,0,0,0,0,0,0,0,0,0.0,0.0,0,0.0,0,246,1,5,0.825,0.0918,GREEN,29,Bengaluru
CLM0035157,BEN_09826,BTM Layout,2020-10-03,11,0,0,0,0,0,0,0,0,0,0.0,0.077602,0,0.0,0,420,0,5,0.7345,0.0,GREEN,42,Bengaluru
CLM0035158,BEN_08182,Yelahanka,2024-01-31,15,0,0,0,0,0,0,0,1,0,1.0,1.0,0,1.0,0,166,2,2,0.7695,0.2353,GREEN,55,Bengaluru
CLM0035159,BEN_09067,Indiranagar,2019-07-23,13,0,0,0,0,0,0,0,0,0,0.0,0.999368,0,0.0,0,196,1,1,0.5837,0.0605,GREEN,43,Bengaluru
CLM0035160,BEN_02474,Marathahalli,2024-01-17,14,0,0,0,0,0,0,0,0,1,0.0,0.104879,0,0.0,0,322,1,3,0.5923,0.1702,GREEN,27,Bengaluru
CLM0035161,BEN_09121,HSR Layout,2018-07-27,14,0,0,0,0,0,0,0,0,0,1.0,0.251302,0,0.0,0,420,1,7,0.317,0.0432,GREEN,61,Bengaluru
CLM0035162,BEN_07322,HSR Layout,2018-02-26,8,0,0,0,0,0,0,0,0,0,0.0,0.087495,0,1.0,0,299,4,3,0.9627,0.0172,GREEN,54,Bengaluru
CLM0035163,BEN_03621,Electronic City,2025-01-03,14,0,0,0,0,0,0,0,0,0,0.0,1.0,0,0.0,0,85,1,5,0.2108,0.0023,GREEN,40,Bengaluru
CLM0035164,BEN_00525,Koramangala,2019-10-03,13,0,0,0,0,0,0,0,0,0,0.0,0.059512,0,0.0,0,183,2,2,0.9279,0.1132,GREEN,45,Bengaluru
CLM0035165,BEN_08374,Koramangala,2018-10-11,7,0,0,0,0,0,0,0,0,0,0.0,0.450083,0,0.0,0,248,0,2,0.6937,0.0,GREEN,61,Bengaluru
CLM0035166,BEN_01933,Whitefield,2023-03-16,9,0,0,0,0,0,0,0,0,0,1.0,0.04174,0,0.0,0,420,3,2,0.9012,0.0565,GREEN,46,Bengaluru
CLM0035167,BEN_07586,Jayanagar,2018-06-17,20,0,0,0,0,0,0,0,0,0,0.0,0.254421,0,1.0,0,263,4,1,0.98,0.0,GREEN,29,Bengaluru
CLM0035168,BEN_04831,Whitefield,2023-06-10,9,0,0,0,0,0,0,0,0,0,0.0,0.183171,1,0.0,1,101,2,5,0.5637,0.1568,GREEN,42,Bengaluru
CLM0035169,BEN_07634,Yelahanka,2022-07-30,8,0,0,0,0,1,0,1,0,0,0.0,0.064706,0,0.0,0,326,3,2,0.7736,0.1637,GREEN,51,Bengaluru
CLM0035170,BEN_01808,Koramangala,2023-11-19,11,0,0,0,1,0,1,0,0,0,0.0,0.24491,0,0.0,0,420,2,0,0.05,0.2469,GREEN,18,Bengaluru
CLM0035171,BEN_05547,Rajajinagar,2022-07-22,15,0,0,0,0,0,1,0,0,0,0.0,0.298341,0,0.0,0,179,3,7,0.1215,0.1277,GREEN,61,Bengaluru
CLM0035172,BEN_08529,Rajajinagar,2021-07-20,15,0,1,1,0,0,0,0,0,0,0.0,0.218748,0,0.0,0,99,2,2,0.8417,0.0,GREEN,23,Bengaluru
CLM0035173,BEN_04600,HSR Layout,2019-09-09,7,0,0,0,0,0,0,0,1,0,0.0,0.171069,0,0.0,0,420,2,6,0.9608,0.1382,GREEN,33,Bengaluru
CLM0035174,BEN_06960,Rajajinagar,2023-07-20,13,0,0,0,0,0,1,0,0,0,0.0,0.167881,0,0.0,0,306,2,0,0.4699,0.0363,GREEN,59,Bengaluru
CLM0035175,BEN_06050,Electronic City,2021-08-12,7,0,0,0,0,0,0,0,0,0,0.0,0.153355,0,0.0,1,370,2,3,0.7851,0.195,GREEN,38,Bengaluru
CLM0035176,BEN_04924,Whitefield,2024-01-10,10,0,0,0,0,0,0,0,0,0,0.0,0.376398,0,0.0,1,420,4,0,0.8664,0.0,GREEN,48,Bengaluru
CLM0035177,BEN_03427,HSR Layout,2025-12-20,9,0,0,0,0,0,1,0,0,0,0.0,0.114904,0,0.0,0,228,0,0,0.6136,0.1442,GREEN,28,Bengaluru
CLM0035178,BEN_05670,Yelahanka,2021-05-02,9,0,0,0,0,0,0,0,0,0,0.0,0.163608,0,0.0,0,233,2,0,0.8701,0.081,GREEN,44,Bengaluru
CLM0035179,BEN_02952,HSR Layout,2025-09-09,11,0,0,0,0,0,0,0,0,0,0.0,0.31735,0,0.0,0,283,4,4,0.7956,0.0,GREEN,37,Bengaluru
CLM0035180,BEN_05575,Jayanagar,2023-07-02,15,0,0,0,0,0,0,0,0,0,0.0,0.358471,0,0.0,0,154,1,0,0.8745,0.0,GREEN,45,Bengaluru
CLM0035181,BEN_09093,Electronic City,2023-05-18,13,0,0,0,0,0,0,0,1,0,1.0,0.006183,0,0.0,0,320,2,3,0.6434,0.2645,GREEN,44,Bengaluru
CLM0035182,BEN_06500,Marathahalli,2020-05-01,11,0,1,1,1,0,0,0,0,0,0.0,0.122264,0,0.0,0,420,2,2,0.98,0.1775,GREEN,33,Bengaluru
CLM0035183,BEN_06889,Jayanagar,2020-08-23,17,0,0,0,0,0,0,0,0,0,0.0,0.328251,0,0.0,0,266,2,5,0.2557,0.0953,GREEN,44,Bengaluru
CLM0035184,BEN_09201,Indiranagar,2021-02-17,15,0,0,0,0,0,0,0,0,0,1.0,0.201445,0,0.0,0,151,3,2,0.98,0.1374,GREEN,56,Bengaluru
CLM0035185,BEN_04284,Marathahalli,2023-01-13,12,0,0,0,0,1,0,1,1,1,1.0,1.0,0,0.0,1,5,0,18,0.2069,0.0,GREEN,61,Bengaluru
CLM0035186,BEN_01534,HSR Layout,2022-06-09,13,0,0,0,0,0,0,0,0,0,0.0,0.20262,0,0.0,0,117,4,1,0.8518,0.0911,GREEN,30,Bengaluru
CLM0035187,BEN_02559,Jayanagar,2024-07-30,16,0,0,0,0,0,0,0,0,0,0.0,0.097752,0,0.0,1,420,3,0,0.05,0.0555,GREEN,40,Bengaluru
CLM0035188,BEN_07332,Jayanagar,2021-01-16,14,0,0,0,0,0,0,0,0,0,1.0,0.22717,1,0.0,0,120,1,5,0.1315,0.1043,GREEN,43,Bengaluru
CLM0035189,BEN_00831,Indiranagar,2017-06-30,12,0,0,0,0,0,0,0,0,0,0.0,0.211763,0,0.0,0,136,3,5,0.9684,0.0,GREEN,53,Bengaluru
CLM0035190,BEN_08057,Yelahanka,2024-06-02,12,0,0,0,0,0,0,0,1,0,1.0,0.200121,0,0.0,0,262,0,3,0.6586,0.1882,GREEN,49,Bengaluru
CLM0035191,BEN_03393,Electronic City,2023-04-07,20,0,0,0,0,0,0,0,0,0,1.0,0.175248,0,0.0,1,237,4,7,0.6364,0.0858,GREEN,45,Bengaluru
CLM0035192,BEN_02295,Marathahalli,2021-03-21,10,0,0,0,0,0,0,0,0,0,0.0,0.0,0,0.0,0,36,4,3,0.98,0.0,GREEN,46,Bengaluru
CLM0035193,BEN_01659,Yelahanka,2020-01-10,7,0,0,0,1,0,0,0,0,0,0.0,0.175682,0,0.0,0,242,0,4,0.8752,0.1398,GREEN,41,Bengaluru
CLM0035194,BEN_01768,Marathahalli,2019-03-05,21,0,0,0,0,0,0,0,0,0,0.0,0.229276,0,0.0,0,306,1,4,0.6956,0.0058,GREEN,40,Bengaluru
CLM0035195,BEN_00139,Yelahanka,2023-01-14,9,0,0,0,0,0,0,0,0,0,0.0,0.375484,0,1.0,0,112,3,2,0.2742,0.0187,GREEN,31,Bengaluru
CLM0035196,BEN_05828,Whitefield,2023-06-02,11,0,0,0,0,0,0,0,0,0,0.0,0.288429,0,0.0,0,420,4,5,0.98,0.0,GREEN,50,Bengaluru
CLM0035197,BEN_02992,Jayanagar,2025-01-28,18,0,0,0,0,0,0,1,0,0,0.0,0.426466,0,0.0,0,280,0,3,0.1666,0.0859,GREEN,59,Bengaluru
CLM0035198,BEN_05401,Koramangala,2025-11-22,7,0,0,0,0,0,0,0,0,1,0.0,0.105908,0,0.0,0,104,1,0,0.7911,0.0576,GREEN,40,Bengaluru
CLM0035199,BEN_05856,Rajajinagar,2024-10-14,11,0,0,0,0,0,0,0,0,0,1.0,0.310605,0,0.0,0,324,2,0,0.6257,0.0768,GREEN,60,Bengaluru
CLM0035200,BEN_03718,Whitefield,2025-09-05,16,0,0,0,0,0,0,0,1,0,1.0,0.091187,0,0.0,0,381,2,2,0.6718,0.1584,GREEN,56,Bengaluru
CLM0035201,BEN_02269,Indiranagar,2022-12-11,8,0,0,0,1,0,0,0,0,0,0.0,1.0,0,0.0,0,361,4,4,0.6852,0.1774,GREEN,46,Bengaluru
CLM0035202,BEN_06920,Indiranagar,2024-12-02,15,0,0,0,0,0,0,0,1,0,0.0,0.196403,0,0.0,0,137,2,2,0.6637,0.1792,GREEN,43,Bengaluru
CLM0035203,BEN_04634,Electronic City,2023-12-13,15,0,0,0,0,0,0,0,0,0,0.0,0.265847,0,1.0,1,355,0,2,0.6893,0.0556,GREEN,38,Bengaluru
CLM0035204,BEN_08016,Marathahalli,2025-05-05,20,0,0,0,0,0,0,0,0,0,0.0,0.31257,0,0.0,0,322,3,0,0.7555,0.0301,GREEN,18,Bengaluru
CLM0035205,BEN_02947,Electronic City,2018-10-06,16,0,1,1,1,0,0,0,0,1,1.0,0.193131,0,1.0,1,5,0,18,0.2315,0.3055,GREEN,42,Bengaluru
CLM0035206,BEN_01531,Yelahanka,2019-04-09,21,0,1,1,0,0,0,0,0,0,1.0,0.320848,1,0.0,0,345,0,3,0.792,0.6157,RED,50,Bengaluru
CLM0035207,BEN_03555,Electronic City,2023-07-20,13,0,1,1,0,0,0,0,0,0,0.0,1.0,0,0.0,0,114,2,8,0.7845,0.4966,YELLOW,55,Bengaluru
CLM0035208,BEN_03984,Koramangala,2019-06-13,10,0,1,1,1,1,0,1,1,0,0.0,0.125947,0,0.0,1,5,1,18,0.9314,0.6656,RED,35,Bengaluru
CLM0035209,BEN_08681,Koramangala,2019-05-29,8,0,1,1,1,0,0,1,0,1,0.0,0.102172,0,0.0,1,5,1,18,0.8229,0.557,YELLOW,52,Bengaluru
CLM0035210,BEN_06465,BTM Layout,2021-04-20,15,0,0,0,0,0,0,0,0,0,0.0,0.148932,0,0.0,0,180,0,2,0.6701,0.0426,GREEN,31,Bengaluru
CLM0035211,BEN_05662,Rajajinagar,2020-03-26,8,0,0,0,0,0,0,0,0,0,0.0,0.413475,0,0.0,0,152,1,2,0.6502,0.0,GREEN,63,Bengaluru
CLM0035212,BEN_07169,Koramangala,2023-07-11,12,0,0,0,0,0,0,0,0,0,0.0,1.0,1,0.0,0,238,1,4,0.98,0.0,GREEN,50,Bengaluru
CLM0035213,BEN_00667,Marathahalli,2017-06-23,13,0,0,0,0,0,0,0,0,0,0.0,0.276875,0,0.0,0,99,4,3,0.8108,0.0006,GREEN,38,Bengaluru
CLM0035214,BEN_06875,Koramangala,2024-01-18,11,0,0,0,0,1,0,0,0,1,0.0,0.236226,0,0.0,0,76,3,2,0.723,0.21,GREEN,18,Bengaluru
CLM0035215,BEN_01003,Indiranagar,2018-06-30,17,0,0,0,0,0,0,0,0,0,0.0,0.401503,0,0.0,0,111,4,1,0.9257,0.0169,GREEN,31,Bengaluru
CLM0035216,BEN_05512,Koramangala,2017-02-12,20,0,0,0,0,0,1,0,0,0,0.0,0.349019,0,0.0,0,292,1,0,0.0643,0.1632,GREEN,43,Bengaluru
CLM0035217,BEN_06813,Whitefield,2017-01-20,20,0,0,0,0,0,0,0,0,0,0.0,0.265867,0,0.0,0,65,1,3,0.9221,0.0311,GREEN,42,Bengaluru
CLM0035218,BEN_07850,Electronic City,2025-10-03,20,0,0,0,0,1,0,1,0,1,1.0,0.975945,0,0.0,0,5,1,18,0.1942,0.3239,YELLOW,27,Bengaluru
CLM0035219,BEN_09280,Marathahalli,2022-04-23,8,0,0,0,0,0,0,0,0,0,0.0,0.326797,0,0.0,0,7,3,4,0.6726,0.0,GREEN,38,Bengaluru
CLM0035220,BEN_02906,BTM Layout,2023-06-16,14,0,0,0,0,0,1,0,0,1,0.0,0.373877,0,0.0,0,218,0,4,0.9576,0.216,GREEN,59,Bengaluru
CLM0035221,BEN_04663,Rajajinagar,2022-11-09,9,0,0,0,0,1,0,0,0,0,0.0,1.0,0,0.0,0,420,2,0,0.7233,0.2307,GREEN,62,Bengaluru
CLM0035222,BEN_04239,Yelahanka,2024-06-08,18,0,0,0,0,0,0,0,1,0,0.0,0.482066,0,0.0,0,420,3,1,0.1927,0.0,GREEN,38,Bengaluru
CLM0035223,BEN_09479,Rajajinagar,2024-06-12,16,0,0,0,0,0,0,0,0,0,0.0,0.170454,0,0.0,0,273,1,4,0.4284,0.0084,GREEN,30,Bengaluru
CLM0035224,BEN_09695,BTM Layout,2023-02-25,15,0,0,0,1,0,0,0,0,0,0.0,1.0,0,0.0,0,342,2,0,0.4893,0.0719,GREEN,39,Bengaluru
CLM0035225,BEN_07712,Electronic City,2025-10-14,7,0,0,0,0,0,0,0,0,0,0.0,0.132202,0,1.0,0,420,0,0,0.9581,0.0,GREEN,44,Bengaluru
CLM0035226,BEN_00998,Electronic City,2024-07-16,17,0,0,0,1,1,1,0,1,0,0.0,0.088544,1,0.0,0,5,4,18,0.8109,0.0,GREEN,44,Bengaluru
CLM0035227,BEN_08073,Rajajinagar,2023-10-15,9,0,0,0,0,0,1,0,0,0,0.0,0.051454,0,0.0,0,413,3,2,0.4488,0.1092,GREEN,47,Bengaluru
CLM0035228,BEN_07615,Jayanagar,2025-12-18,11,0,0,0,0,0,0,0,0,0,0.0,0.161369,0,0.0,0,360,1,3,0.2344,0.0437,GREEN,28,Bengaluru
CLM0035229,BEN_08750,Koramangala,2021-10-10,21,0,0,0,0,0,0,1,1,0,0.0,0.114262,1,0.0,0,32,2,18,0.7834,0.0809,GREEN,37,Bengaluru
CLM0035230,BEN_02445,Whitefield,2023-11-19,7,0,0,0,0,0,0,1,0,0,0.0,0.040191,0,0.0,1,254,3,3,0.8584,0.1248,GREEN,49,Bengaluru
CLM0035231,BEN_06220,Marathahalli,2025-07-20,19,0,1,1,0,0,0,0,0,1,0.0,0.057231,0,0.0,0,418,0,0,0.9083,0.1397,GREEN,45,Bengaluru
CLM0035232,BEN_00090,Indiranagar,2025-08-18,18,0,0,0,0,0,0,1,0,0,0.0,0.327293,0,0.0,0,60,0,1,0.5828,0.0322,GREEN,52,Bengaluru
CLM0035233,BEN_07515,HSR Layout,2025-01-02,21,0,0,0,1,0,0,0,1,1,0.0,0.094947,1,0.0,0,21,3,18,0.98,0.0585,GREEN,41,Bengaluru
CLM0035234,BEN_03748,Indiranagar,2025-04-09,16,0,0,0,0,0,0,1,1,0,0.0,0.0,0,0.0,0,234,4,0,0.6902,0.1684,GREEN,48,Bengaluru
CLM0035235,BEN_01248,Yelahanka,2025-03-22,7,0,0,0,0,0,0,0,0,0,1.0,0.884084,1,1.0,1,298,2,1,0.8507,0.1106,GREEN,50,Bengaluru
CLM0035236,BEN_00447,Yelahanka,2025-03-10,15,0,0,0,0,0,0,0,0,0,0.0,0.12777,1,0.0,0,57,4,7,0.98,0.0573,GREEN,63,Bengaluru
CLM0035237,BEN_03038,Yelahanka,2025-03-16,10,0,1,1,0,0,0,0,0,0,0.0,0.451858,0,0.0,0,420,0,0,0.3409,0.76,RED,45,Bengaluru
CLM0035238,BEN_05916,BTM Layout,2023-06-06,12,0,1,1,0,0,0,0,0,0,0.0,0.153253,0,0.0,0,45,0,5,0.7279,0.7443,RED,43,Bengaluru
CLM0035239,BEN_05513,Indiranagar,2023-12-20,16,0,1,1,1,1,1,1,1,1,1.0,1.0,0,0.0,1,5,0,18,0.05,0.9539,RED,36,Bengaluru
CLM0035240,BEN_02920,Yelahanka,2024-01-27,7,0,1,1,1,1,0,1,0,1,1.0,0.901113,1,1.0,0,5,0,18,0.9048,0.6507,RED,39,Bengaluru
CLM0035241,BEN_03206,BTM Layout,2024-06-07,20,0,0,0,0,0,0,0,0,0,0.0,0.054601,0,0.0,0,420,3,3,0.9255,0.0,GREEN,44,Bengaluru
CLM0035242,BEN_00984,HSR Layout,2024-12-06,11,0,0,0,0,0,0,0,1,0,0.0,0.366999,0,0.0,0,414,4,0,0.6521,0.0542,GREEN,58,Bengaluru
CLM0035243,BEN_02195,Marathahalli,2020-01-20,13,0,0,0,0,0,0,0,0,0,0.0,0.252075,0,0.0,0,173,3,4,0.7807,0.0092,GREEN,49,Bengaluru
CLM0035244,BEN_01815,Koramangala,2023-02-11,20,0,0,0,0,0,0,0,0,0,0.0,0.055131,0,0.0,0,389,0,2,0.98,0.0,GREEN,73,Bengaluru
CLM0035245,BEN_01174,BTM Layout,2018-07-09,16,0,1,1,0,0,0,0,0,0,0.0,0.213302,0,0.0,0,277,2,0,0.8019,0.0,GREEN,29,Bengaluru
CLM0035246,BEN_02864,Rajajinagar,2017-06-02,16,0,1,1,0,0,0,0,0,0,0.0,0.072343,0,0.0,0,130,4,1,0.2371,0.0804,GREEN,50,Bengaluru
CLM0035247,BEN_00167,Rajajinagar,2023-02-08,18,0,0,0,0,0,0,0,0,0,0.0,0.314456,0,0.0,0,151,3,4,0.63,0.0,GREEN,32,Bengaluru
CLM0035248,BEN_02423,Yelahanka,2023-10-11,21,0,0,0,0,0,0,0,0,0,1.0,0.339588,0,0.0,0,141,0,0,0.9034,0.0305,GREEN,43,Bengaluru
CLM0035249,BEN_07710,Whitefield,2017-12-26,10,0,0,0,0,0,0,0,0,0,0.0,0.0,0,0.0,0,131,3,1,0.6165,0.0649,GREEN,43,Bengaluru
CLM0035250,BEN_01301,HSR Layout,2025-12-11,15,0,0,0,0,0,0,0,0,0,0.0,0.117302,0,0.0,0,135,4,3,0.1557,0.0,GREEN,38,Bengaluru
CLM0035251,BEN_00633,HSR Layout,2024-02-03,9,0,0,0,0,0,0,0,0,0,0.0,0.272445,0,0.0,0,405,1,4,0.8579,0.0565,GREEN,50,Bengaluru
CLM0035252,BEN_00343,Whitefield,2017-11-03,18,0,0,0,0,0,1,0,0,0,0.0,0.130493,0,0.0,0,238,2,5,0.8362,0.1962,GREEN,54,Bengaluru
CLM0035253,BEN_07678,Indiranagar,2020-03-27,17,0,0,0,0,0,0,0,1,0,0.0,0.05368,0,0.0,0,369,1,0,0.104,0.1699,GREEN,33,Bengaluru
CLM0035254,BEN_01158,HSR Layout,2022-05-05,12,0,0,0,0,0,0,0,0,0,0.0,0.188065,0,0.0,0,376,0,2,0.6061,0.1041,GREEN,60,Bengaluru
CLM0035255,BEN_06894,Rajajinagar,2015-09-22,14,0,0,0,0,0,0,0,0,0,0.0,0.271578,0,0.0,0,59,3,3,0.0945,0.0,GREEN,49,Bengaluru
CLM0035256,BEN_00594,Yelahanka,2018-05-31,14,0,0,0,0,0,0,1,1,0,0.0,0.000387,0,0.0,0,93,3,1,0.5726,0.1904,GREEN,30,Bengaluru
CLM0035257,BEN_06166,HSR Layout,2021-04-15,19,0,0,0,0,0,0,1,0,0,0.0,0.403068,0,0.0,0,330,4,3,0.5355,0.0404,GREEN,33,Bengaluru
CLM0035258,BEN_00305,Electronic City,2024-08-20,20,0,0,0,0,0,0,0,1,0,0.0,0.005004,0,1.0,0,386,3,5,0.3152,0.094,GREEN,60,Bengaluru
CLM0035259,BEN_02626,Whitefield,2020-11-11,8,0,0,0,0,0,0,1,1,0,0.0,0.18755,0,0.0,0,141,0,6,0.655,0.1207,GREEN,42,Bengaluru
CLM0035260,BEN_04479,Jayanagar,2024-08-04,8,0,0,0,0,0,0,0,0,0,0.0,0.212123,0,0.0,0,67,2,2,0.7686,0.1088,GREEN,55,Bengaluru
CLM0035261,BEN_03691,BTM Layout,2017-02-11,18,0,0,0,0,0,0,0,0,0,1.0,0.194001,0,0.0,0,209,4,0,0.5952,0.0977,GREEN,54,Bengaluru
CLM0035262,BEN_00484,Koramangala,2022-07-31,9,0,0,0,0,0,0,0,0,0,1.0,0.281533,0,0.0,0,420,3,4,0.05,0.0078,GREEN,28,Bengaluru
CLM0035263,BEN_03480,Jayanagar,2024-08-06,21,0,0,0,0,0,0,0,0,0,0.0,0.321234,0,0.0,0,280,3,0,0.05,0.0,GREEN,46,Bengaluru
CLM0035264,BEN_06960,Rajajinagar,2024-11-05,17,0,0,0,0,0,0,0,0,0,0.0,0.241229,0,0.0,0,120,4,0,0.9552,0.0,GREEN,59,Bengaluru
CLM0035265,BEN_06621,HSR Layout,2019-06-01,12,0,0,0,0,0,0,0,0,0,0.0,0.422926,0,0.0,0,226,2,0,0.9509,0.0,GREEN,47,Bengaluru
CLM0035266,BEN_09375,Marathahalli,2019-01-28,15,0,0,0,0,0,0,0,0,0,0.0,0.285756,0,0.0,0,88,4,0,0.7074,0.0084,GREEN,35,Bengaluru
CLM0035267,BEN_04971,Jayanagar,2019-07-25,8,0,0,0,0,0,1,0,0,0,0.0,0.079309,0,1.0,0,372,2,3,0.7311,0.0549,GREEN,51,Bengaluru
CLM0035268,BEN_04150,Rajajinagar,2024-01-09,19,0,0,0,0,0,0,0,0,0,0.0,0.254288,0,0.0,0,259,4,1,0.5751,0.0,GREEN,37,Bengaluru
CLM0035269,BEN_08280,BTM Layout,2020-09-03,8,0,0,0,0,0,0,0,0,0,0.0,0.147002,0,0.0,0,403,0,2,0.9311,0.0143,GREEN,37,Bengaluru
CLM0035270,BEN_09002,BTM Layout,2020-12-17,16,0,0,0,0,0,0,0,0,0,0.0,0.260603,0,0.0,0,371,4,4,0.603,0.0,GREEN,48,Bengaluru
CLM0035271,BEN_09203,Yelahanka,2020-10-16,19,0,0,0,0,0,0,0,0,0,0.0,0.900109,0,0.0,0,214,4,0,0.0964,0.0,GREEN,27,Bengaluru
CLM0035272,BEN_05535,Indiranagar,2025-09-15,7,0,0,0,0,0,0,0,0,0,0.0,0.256464,0,0.0,0,88,2,1,0.261,0.0,GREEN,51,Bengaluru
CLM0035273,BEN_09443,Koramangala,2022-06-17,17,0,0,0,0,0,0,1,0,0,0.0,0.208908,0,0.0,0,30,4,5,0.76,0.0392,GREEN,47,Bengaluru
CLM0035274,BEN_02206,Yelahanka,2025-12-26,19,0,0,0,0,0,0,0,0,0,0.0,0.25821,0,0.0,0,151,0,5,0.575,0.0384,GREEN,31,Bengaluru
CLM0035275,BEN_09848,Jayanagar,2021-01-03,11,0,0,0,0,0,0,0,0,0,0.0,0.109412,0,0.0,0,72,4,3,0.2326,0.0,GREEN,65,Bengaluru
CLM0035276,BEN_08871,Whitefield,2025-09-15,20,0,0,0,0,0,0,0,0,0,0.0,0.078239,0,0.0,0,81,0,3,0.4115,0.037,GREEN,45,Bengaluru
CLM0035277,BEN_08440,Koramangala,2021-09-06,8,0,0,0,0,1,0,0,0,0,0.0,0.277813,1,0.0,0,328,0,4,0.5402,0.1518,GREEN,47,Bengaluru
CLM0035278,BEN_08999,BTM Layout,2021-06-04,10,0,0,0,0,1,1,1,0,0,0.0,0.187972,1,0.0,1,14,1,18,0.8043,0.0329,GREEN,61,Bengaluru
CLM0035279,BEN_02132,Indiranagar,2018-12-23,13,0,0,0,0,0,0,0,0,0,0.0,0.190466,0,0.0,0,336,1,3,0.937,0.0199,GREEN,34,Bengaluru
CLM0035280,BEN_06891,Koramangala,2022-11-14,15,0,0,0,0,0,1,0,0,0,0.0,0.177527,0,0.0,0,279,2,2,0.2353,0.2063,GREEN,60,Bengaluru
CLM0035281,BEN_05181,Rajajinagar,2024-10-15,18,0,0,0,0,0,0,0,0,0,0.0,0.084895,0,1.0,0,243,3,4,0.9417,0.0505,GREEN,61,Bengaluru
CLM0035282,BEN_00065,Jayanagar,2018-11-23,16,0,0,0,0,0,0,0,1,0,0.0,0.148848,0,0.0,0,301,0,1,0.5479,0.2106,GREEN,32,Bengaluru
CLM0035283,BEN_09634,Marathahalli,2022-02-18,14,0,0,0,0,0,0,0,0,0,0.0,0.960277,0,0.0,0,260,3,1,0.3995,0.0,GREEN,35,Bengaluru
CLM0035284,BEN_09469,Whitefield,2021-05-19,14,0,0,0,0,1,0,0,0,0,0.0,0.371233,0,0.0,0,316,3,3,0.9061,0.0761,GREEN,18,Bengaluru
CLM0035285,BEN_08349,Rajajinagar,2024-06-21,14,0,0,0,0,0,0,0,0,0,0.0,0.163163,0,1.0,0,367,2,2,0.7469,0.0,GREEN,55,Bengaluru
CLM0035286,BEN_02441,Marathahalli,2025-07-19,12,0,0,0,0,0,1,0,0,0,0.0,0.173626,0,0.0,0,67,4,0,0.6015,0.0454,GREEN,48,Bengaluru
CLM0035287,BEN_05429,Electronic City,2021-05-21,19,0,0,0,0,0,0,0,0,0,0.0,0.126874,0,0.0,0,79,0,0,0.0623,0.0,GREEN,36,Bengaluru
CLM0035288,BEN_03167,Marathahalli,2024-09-23,12,0,0,0,0,0,1,0,0,0,0.0,0.040323,0,0.0,0,61,0,6,0.4607,0.0427,GREEN,60,Bengaluru
CLM0035289,BEN_00923,Electronic City,2025-11-23,19,0,0,0,0,0,0,0,0,0,0.0,0.121966,0,0.0,0,52,2,1,0.7767,0.0087,GREEN,52,Bengaluru
CLM0035290,BEN_08588,Yelahanka,2024-06-12,17,0,0,0,0,0,0,0,0,0,0.0,0.157333,0,0.0,0,386,4,0,0.7772,0.0,GREEN,42,Bengaluru
CLM0035291,BEN_05594,Electronic City,2023-01-04,7,0,0,0,0,0,0,0,0,0,0.0,0.143048,0,0.0,0,420,4,2,0.5377,0.0006,GREEN,35,Bengaluru
CLM0035292,BEN_08961,Yelahanka,2025-11-19,14,0,0,0,0,0,0,1,0,0,0.0,0.349577,0,0.0,0,272,0,0,0.4546,0.0082,GREEN,51,Bengaluru
CLM0035293,BEN_04543,BTM Layout,2024-03-20,10,0,0,0,0,0,0,0,0,0,0.0,0.139276,0,0.0,0,37,3,4,0.8529,0.0626,GREEN,47,Bengaluru
CLM0035294,BEN_00951,BTM Layout,2025-09-17,10,0,1,1,0,1,1,0,0,0,0.0,0.25483,0,0.0,0,420,2,2,0.7046,0.2671,GREEN,60,Bengaluru
CLM0035295,BEN_09717,Indiranagar,2025-11-30,15,0,0,0,0,0,0,0,0,0,0.0,0.38406,0,1.0,0,408,1,1,0.05,0.0,GREEN,40,Bengaluru
CLM0035296,BEN_01465,HSR Layout,2025-09-10,16,0,0,0,0,0,0,0,0,0,0.0,0.252324,0,1.0,1,133,3,3,0.05,0.032,GREEN,54,Bengaluru
CLM0035297,BEN_07224,Yelahanka,2025-08-15,8,0,0,0,0,0,0,0,0,0,0.0,0.28168,0,0.0,0,382,3,5,0.6656,0.0025,GREEN,55,Bengaluru
CLM0035298,BEN_01511,Koramangala,2019-04-20,7,0,0,0,0,0,0,0,0,0,0.0,0.288505,0,0.0,0,420,3,1,0.5651,0.1667,GREEN,26,Bengaluru
CLM0035299,BEN_01915,Koramangala,2025-02-26,18,0,0,0,0,0,0,1,0,0,0.0,0.164141,0,0.0,0,278,0,3,0.5154,0.0057,GREEN,41,Bengaluru
CLM0035300,BEN_06685,Rajajinagar,2019-03-23,10,0,0,0,0,0,0,0,0,0,0.0,0.16228,0,0.0,0,80,0,1,0.05,0.0853,GREEN,51,Bengaluru
CLM0035301,BEN_07077,Marathahalli,2021-10-27,9,0,0,0,0,0,0,0,0,1,1.0,0.4059,0,1.0,1,41,1,0,0.98,0.2312,GREEN,63,Bengaluru
CLM0035302,BEN_01557,Rajajinagar,2025-11-23,8,0,0,0,0,0,0,0,0,0,0.0,0.267672,0,0.0,0,183,4,1,0.687,0.0104,GREEN,40,Bengaluru
CLM0035303,BEN_04085,Electronic City,2025-03-04,20,0,0,0,0,0,0,0,0,0,0.0,0.459452,0,0.0,0,244,0,3,0.8313,0.0,GREEN,41,Bengaluru
CLM0035304,BEN_05113,BTM Layout,2022-08-09,13,0,0,0,0,0,0,0,0,0,0.0,0.209867,0,0.0,0,119,4,1,0.5235,0.0,GREEN,40,Bengaluru
CLM0035305,BEN_05694,Rajajinagar,2025-08-12,21,0,0,0,0,0,1,0,0,0,1.0,0.881974,0,1.0,0,342,3,4,0.05,0.1448,GREEN,38,Bengaluru
CLM0035306,BEN_05123,Koramangala,2018-04-09,10,0,0,0,1,0,0,0,0,0,0.0,0.074261,0,0.0,1,157,1,4,0.9043,0.2248,GREEN,39,Bengaluru
CLM0035307,BEN_07542,Jayanagar,2021-02-09,14,0,0,0,0,0,1,0,0,0,0.0,0.170481,0,0.0,0,420,3,4,0.6661,0.1091,GREEN,43,Bengaluru
CLM0035308,BEN_05107,Koramangala,2021-03-27,15,0,0,0,0,0,0,0,0,0,0.0,0.964743,0,0.0,0,84,0,0,0.98,0.0,GREEN,58,Bengaluru
CLM0035309,BEN_09784,Jayanagar,2024-12-31,11,0,0,0,0,1,0,0,0,0,0.0,0.04585,0,0.0,0,285,2,2,0.1581,0.2362,GREEN,40,Bengaluru
CLM0035310,BEN_00739,HSR Layout,2024-02-02,8,0,0,0,0,0,0,0,0,0,1.0,0.174863,0,0.0,0,353,0,3,0.779,0.0995,GREEN,49,Bengaluru
CLM0035311,BEN_07358,Jayanagar,2025-03-30,15,0,0,0,1,0,1,0,0,1,0.0,0.148371,0,0.0,0,111,2,2,0.5829,0.3752,YELLOW,47,Bengaluru
CLM0035312,BEN_07433,Rajajinagar,2024-06-11,11,0,0,0,0,0,0,0,0,1,1.0,0.01704,0,0.0,0,420,0,0,0.4914,0.1059,GREEN,28,Bengaluru
CLM0035313,BEN_00527,Yelahanka,2025-04-05,11,0,0,0,0,0,0,1,0,0,1.0,0.131678,0,0.0,0,8,0,0,0.5608,0.2098,GREEN,29,Bengaluru
CLM0035314,BEN_07181,Yelahanka,2024-02-26,12,0,0,0,0,0,0,0,0,0,0.0,0.308629,0,0.0,0,420,2,3,0.8315,0.0536,GREEN,29,Bengaluru
CLM0035315,BEN_03693,Indiranagar,2021-05-09,19,0,0,0,0,0,0,0,1,0,0.0,0.213836,0,0.0,0,163,0,5,0.6721,0.0919,GREEN,52,Bengaluru
CLM0035316,BEN_05544,Yelahanka,2019-01-02,9,0,0,0,1,0,0,0,0,0,0.0,0.3248,0,0.0,0,57,3,0,0.7622,0.2751,GREEN,57,Bengaluru
CLM0035317,BEN_05095,Electronic City,2024-05-11,16,0,0,0,0,0,0,0,0,0,0.0,1.0,0,0.0,0,52,1,6,0.9725,0.0334,GREEN,38,Bengaluru
CLM0035318,BEN_08664,Indiranagar,2018-05-22,9,0,0,0,0,0,0,0,0,0,0.0,0.121898,0,0.0,0,390,0,8,0.8313,0.0379,GREEN,42,Bengaluru
CLM0035319,BEN_08617,Yelahanka,2019-09-13,13,0,0,0,0,0,0,0,0,0,0.0,0.455105,0,0.0,0,420,1,1,0.7402,0.0827,GREEN,45,Bengaluru
CLM0035320,BEN_01390,Whitefield,2018-08-21,18,0,1,1,0,0,0,0,0,0,1.0,0.388276,0,0.0,0,36,4,1,0.5389,0.0,GREEN,50,Bengaluru
CLM0035321,BEN_09947,HSR Layout,2025-02-01,15,0,0,0,0,0,0,0,0,0,0.0,0.193335,0,0.0,0,253,0,3,0.98,0.0468,GREEN,42,Bengaluru
CLM0035322,BEN_01415,Yelahanka,2019-12-21,11,0,0,0,0,0,0,0,0,0,0.0,0.108711,0,0.0,1,420,3,5,0.6988,0.0591,GREEN,50,Bengaluru
CLM0035323,BEN_03453,Rajajinagar,2023-03-03,21,0,0,0,1,0,0,0,0,0,0.0,0.363007,0,0.0,0,326,4,0,0.7966,0.1452,GREEN,47,Bengaluru
CLM0035324,BEN_08355,Marathahalli,2022-05-26,11,0,0,0,0,0,0,0,0,1,0.0,0.312864,0,0.0,0,210,1,2,0.5569,0.1549,GREEN,60,Bengaluru
CLM0035325,BEN_09479,Rajajinagar,2018-08-14,16,0,0,0,0,0,0,0,0,0,0.0,0.080137,0,0.0,0,300,2,2,0.98,0.025,GREEN,30,Bengaluru
CLM0035326,BEN_03731,Jayanagar,2019-02-17,21,0,0,0,0,0,0,0,0,0,0.0,0.175253,0,0.0,0,314,2,3,0.7295,0.0651,GREEN,30,Bengaluru
CLM0035327,BEN_02599,Marathahalli,2016-12-12,15,0,0,0,0,0,0,0,0,0,0.0,0.094523,0,0.0,0,329,4,0,0.6773,0.0,GREEN,52,Bengaluru
CLM0035328,BEN_08037,Jayanagar,2024-02-26,10,0,0,0,0,1,0,0,0,0,1.0,0.329556,0,0.0,0,211,0,3,0.068,0.1115,GREEN,35,Bengaluru
CLM0035329,BEN_00901,Electronic City,2020-03-14,15,0,0,0,0,0,0,1,0,0,0.0,0.241383,0,0.0,0,350,0,1,0.8781,0.0827,GREEN,63,Bengaluru
CLM0035330,BEN_03713,Koramangala,2020-11-08,8,0,0,0,0,0,1,0,0,0,0.0,0.161063,0,0.0,0,33,4,1,0.2379,0.0645,GREEN,56,Bengaluru
CLM0035331,BEN_07527,Jayanagar,2020-06-27,19,0,1,1,0,0,0,0,1,0,1.0,0.04128,0,0.0,0,266,4,4,0.2995,0.1216,GREEN,54,Bengaluru
CLM0035332,BEN_09309,Rajajinagar,2024-01-14,20,0,0,0,0,0,0,0,0,0,0.0,0.024602,0,0.0,0,219,1,2,0.05,0.2309,GREEN,22,Bengaluru
CLM0035333,BEN_04841,Koramangala,2024-03-27,8,0,0,0,0,0,0,0,0,0,0.0,0.42874,0,0.0,0,420,2,2,0.9296,0.0,GREEN,46,Bengaluru
CLM0035334,BEN_01530,HSR Layout,2021-02-21,8,0,0,0,0,0,0,0,0,0,0.0,0.901971,0,0.0,0,401,1,2,0.7317,0.0524,GREEN,52,Bengaluru
CLM0035335,BEN_00507,Yelahanka,2022-08-12,19,0,0,0,0,0,0,0,0,0,0.0,0.16481,0,0.0,0,302,4,0,0.98,0.0,GREEN,47,Bengaluru
CLM0035336,BEN_04818,Marathahalli,2022-09-28,19,0,0,0,0,0,0,0,0,0,0.0,0.261533,0,0.0,0,392,2,1,0.2342,0.0865,GREEN,38,Bengaluru
CLM0035337,BEN_07148,Electronic City,2021-03-21,8,0,0,0,0,0,0,1,0,0,0.0,0.117729,0,0.0,0,382,0,0,0.7104,0.0641,GREEN,40,Bengaluru
CLM0035338,BEN_06390,Koramangala,2022-05-30,19,0,0,0,0,0,0,0,0,0,0.0,0.256721,0,0.0,0,334,0,1,0.7324,0.0,GREEN,43,Bengaluru
CLM0035339,BEN_03256,Yelahanka,2021-09-25,12,0,0,0,0,0,0,0,0,0,0.0,0.141984,0,0.0,0,398,4,7,0.743,0.0878,GREEN,55,Bengaluru
CLM0035340,BEN_09330,Yelahanka,2024-10-26,10,0,0,0,0,1,0,0,1,0,1.0,0.029113,0,0.0,0,182,4,0,0.8905,0.2684,GREEN,41,Bengaluru
CLM0035341,BEN_07807,Jayanagar,2025-01-09,15,0,0,0,0,1,0,0,0,0,1.0,0.206249,0,0.0,0,206,0,4,0.98,0.1476,GREEN,56,Bengaluru
CLM0035342,BEN_05341,Marathahalli,2024-11-15,18,0,0,0,0,0,0,0,0,0,0.0,0.389388,0,0.0,1,148,4,8,0.05,0.0341,GREEN,33,Bengaluru
CLM0035343,BEN_09972,HSR Layout,2023-04-12,20,0,0,0,0,0,0,0,1,0,0.0,0.0,0,0.0,0,420,1,1,0.7579,0.1608,GREEN,21,Bengaluru
CLM0035344,BEN_06308,Koramangala,2022-11-07,10,0,0,0,0,0,1,0,0,0,0.0,0.181213,0,0.0,0,112,0,1,0.6908,0.1137,GREEN,25,Bengaluru
CLM0035345,BEN_01334,Whitefield,2023-04-11,7,0,0,0,0,0,0,0,0,0,0.0,0.409991,0,0.0,0,420,0,0,0.98,0.0,GREEN,46,Bengaluru
CLM0035346,BEN_08846,BTM Layout,2025-08-30,7,0,0,0,0,0,0,0,0,0,0.0,0.251562,0,0.0,0,193,1,0,0.9211,0.0558,GREEN,38,Bengaluru
CLM0035347,BEN_08471,HSR Layout,2025-08-25,13,0,0,0,0,0,0,0,0,0,0.0,0.131957,0,0.0,0,294,0,0,0.4024,0.0,GREEN,46,Bengaluru
CLM0035348,BEN_00352,HSR Layout,2023-05-30,16,0,0,0,1,0,0,1,0,0,0.0,0.156491,0,0.0,0,325,4,2,0.98,0.221,GREEN,52,Bengaluru
CLM0035349,BEN_01012,BTM Layout,2023-05-06,7,0,0,0,0,0,0,0,0,0,0.0,1.0,0,0.0,0,186,4,3,0.7118,0.0,GREEN,50,Bengaluru
CLM0035350,BEN_06753,Marathahalli,2022-09-29,7,0,0,0,0,0,0,0,0,0,0.0,0.069764,0,0.0,0,420,4,2,0.5588,0.0689,GREEN,57,Bengaluru
CLM0035351,BEN_03107,Koramangala,2025-03-08,15,0,0,0,0,0,0,0,0,0,0.0,0.117858,0,0.0,0,420,3,6,0.7033,0.0,GREEN,55,Bengaluru
CLM0035352,BEN_05193,Electronic City,2025-01-26,16,0,1,1,0,1,0,0,0,0,0.0,0.017332,0,0.0,0,420,0,4,0.812,0.2982,GREEN,37,Bengaluru
CLM0035353,BEN_03251,Indiranagar,2023-04-22,9,0,0,0,0,0,0,0,0,0,1.0,0.072548,0,0.0,0,416,3,3,0.4049,0.0632,GREEN,41,Bengaluru
CLM0035354,BEN_06745,HSR Layout,2025-07-23,7,0,0,0,1,0,1,1,1,1,0.0,0.967903,0,0.0,1,5,0,18,0.05,0.0,GREEN,29,Bengaluru
CLM0035355,BEN_07333,Koramangala,2024-10-12,14,0,0,0,1,0,1,1,1,0,0.0,0.02797,0,0.0,1,5,0,18,0.8103,0.0,GREEN,40,Bengaluru
CLM0035356,BEN_02037,Whitefield,2018-04-26,11,0,0,0,0,1,0,1,0,1,0.0,0.135039,0,1.0,1,32,0,18,0.7388,0.0227,GREEN,41,Bengaluru
CLM0035357,BEN_02415,Yelahanka,2019-05-26,12,0,0,0,0,0,0,0,0,0,0.0,0.420521,0,0.0,0,307,3,1,0.98,0.0,GREEN,27,Bengaluru
CLM0035358,BEN_05730,Indiranagar,2023-05-29,14,0,0,0,1,0,0,0,0,0,1.0,0.157292,0,0.0,0,187,0,3,0.6315,0.3626,YELLOW,42,Bengaluru
CLM0035359,BEN_08523,BTM Layout,2019-01-08,7,0,0,0,0,0,0,0,0,0,0.0,0.237874,0,0.0,1,180,2,2,0.1986,0.0749,GREEN,35,Bengaluru
CLM0035360,BEN_03923,BTM Layout,2024-09-09,8,0,0,0,0,0,0,0,0,0,0.0,0.036571,0,0.0,0,420,4,2,0.7125,0.0902,GREEN,43,Bengaluru
CLM0035361,BEN_05629,Whitefield,2017-06-12,13,0,0,0,0,0,0,0,0,0,0.0,0.185696,0,0.0,0,209,3,5,0.8964,0.0,GREEN,25,Bengaluru
CLM0035362,BEN_01985,Indiranagar,2019-07-26,20,1,0,0,0,0,0,1,1,0,0.0,0.337604,0,0.0,0,336,4,1,0.7808,0.2363,GREEN,47,Bengaluru
CLM0035363,BEN_01653,Jayanagar,2021-05-11,21,0,0,0,0,0,0,0,0,0,0.0,0.32225,0,0.0,0,420,3,0,0.8783,0.0,GREEN,45,Bengaluru
CLM0035364,BEN_06257,HSR Layout,2017-09-25,18,0,0,0,0,0,0,0,0,0,0.0,0.182499,0,0.0,0,374,3,2,0.8348,0.0,GREEN,56,Bengaluru
CLM0035365,BEN_09932,Indiranagar,2024-07-05,7,0,0,0,0,0,0,0,0,0,0.0,0.120815,0,0.0,0,286,2,5,0.6143,0.0,GREEN,52,Bengaluru
CLM0035366,BEN_07095,Electronic City,2023-02-14,9,0,0,0,0,0,0,0,1,0,0.0,0.204297,0,1.0,0,130,1,1,0.9405,0.1507,GREEN,36,Bengaluru
CLM0035367,BEN_08011,Marathahalli,2022-10-13,15,0,0,0,0,0,0,0,0,0,0.0,0.206648,0,0.0,0,80,4,2,0.9524,0.0054,GREEN,38,Bengaluru
CLM0035368,BEN_07057,Marathahalli,2022-12-20,13,0,0,0,0,0,0,1,0,0,0.0,0.08917,1,0.0,0,379,0,0,0.98,0.196,GREEN,38,Bengaluru
CLM0035369,BEN_05925,Marathahalli,2025-04-26,20,0,0,0,0,0,0,0,0,0,0.0,0.111032,0,0.0,0,295,4,3,0.8829,0.0,GREEN,52,Bengaluru
CLM0035370,BEN_00635,BTM Layout,2020-11-19,11,0,1,1,1,1,0,1,1,0,1.0,0.525773,1,1.0,1,5,2,18,0.05,0.0,GREEN,60,Bengaluru
CLM0035371,BEN_01482,HSR Layout,2022-07-03,8,0,0,0,0,0,0,0,0,0,0.0,0.422747,0,0.0,0,185,3,0,0.05,0.0,GREEN,54,Bengaluru
CLM0035372,BEN_03175,Rajajinagar,2024-08-06,17,0,0,0,0,0,0,0,0,0,0.0,0.395226,0,0.0,0,124,0,3,0.98,0.0509,GREEN,47,Bengaluru
CLM0035373,BEN_03072,Yelahanka,2023-12-24,7,0,0,0,0,0,0,0,0,0,0.0,0.159015,0,1.0,0,380,1,1,0.9519,0.0016,GREEN,36,Bengaluru
CLM0035374,BEN_02715,Electronic City,2023-11-28,14,0,0,0,0,0,0,0,0,1,0.0,1.0,0,0.0,0,396,1,1,0.5835,0.0099,GREEN,53,Bengaluru
CLM0035375,BEN_00108,Rajajinagar,2021-10-17,12,0,0,0,0,0,0,0,0,0,0.0,0.231706,0,0.0,0,420,0,4,0.8931,0.0076,GREEN,49,Bengaluru
CLM0035376,BEN_07628,HSR Layout,2020-03-13,21,0,0,0,0,0,0,0,0,0,0.0,0.012167,0,0.0,0,420,1,0,0.5477,0.0,GREEN,43,Bengaluru
CLM0035377,BEN_02234,Rajajinagar,2022-02-11,21,0,0,0,0,0,0,0,1,0,0.0,0.304978,0,1.0,0,420,3,1,0.55,0.0748,GREEN,44,Bengaluru
CLM0035378,BEN_06296,Whitefield,2025-03-13,15,0,0,0,0,0,0,0,0,0,0.0,0.27264,0,1.0,0,363,3,4,0.8071,0.0085,GREEN,36,Bengaluru
CLM0035379,BEN_05593,BTM Layout,2025-08-09,10,0,0,0,0,0,0,0,0,0,1.0,0.286284,0,0.0,0,321,4,0,0.8036,0.1288,GREEN,25,Bengaluru
CLM0035380,BEN_00188,Yelahanka,2015-10-06,12,0,0,0,0,0,0,0,0,0,0.0,0.062798,0,0.0,0,420,1,1,0.5263,0.0418,GREEN,53,Bengaluru
CLM0035381,BEN_03833,Electronic City,2021-05-18,18,0,0,0,0,1,0,0,0,0,1.0,1.0,0,0.0,1,100,4,5,0.8094,0.3279,YELLOW,51,Bengaluru
CLM0035382,BEN_03612,Electronic City,2022-10-13,8,0,0,0,0,0,0,0,0,1,0.0,0.264454,0,0.0,0,174,3,0,0.6633,0.0754,GREEN,36,Bengaluru
CLM0035383,BEN_08678,Jayanagar,2022-03-06,11,0,0,0,0,0,0,0,0,0,0.0,1.0,0,0.0,0,28,2,5,0.9756,0.0419,GREEN,50,Bengaluru
CLM0035384,BEN_02144,Rajajinagar,2023-04-18,19,0,0,0,0,0,0,1,1,0,1.0,0.427031,0,0.0,0,420,4,3,0.696,0.3429,YELLOW,44,Bengaluru
CLM0035385,BEN_01343,Rajajinagar,2025-12-19,21,0,0,0,0,0,0,0,0,0,0.0,0.166094,0,0.0,0,420,1,0,0.942,0.0,GREEN,31,Bengaluru
CLM0035386,BEN_02344,Electronic City,2022-03-16,9,0,0,0,0,0,0,0,0,0,0.0,0.0,0,0.0,0,276,3,0,0.3911,0.0912,GREEN,51,Bengaluru
CLM0035387,BEN_09466,HSR Layout,2022-11-25,11,0,0,0,0,0,0,0,0,0,0.0,0.208908,0,0.0,0,236,0,0,0.6817,0.0617,GREEN,42,Bengaluru
CLM0035388,BEN_01386,Electronic City,2022-09-03,12,0,0,0,0,0,0,0,0,0,0.0,0.331093,0,0.0,0,395,3,1,0.6805,0.0376,GREEN,32,Bengaluru
CLM0035389,BEN_07600,HSR Layout,2017-01-08,20,0,0,0,0,0,0,0,0,0,0.0,0.284236,0,0.0,0,189,0,1,0.8911,0.0,GREEN,33,Bengaluru
CLM0035390,BEN_02901,Whitefield,2024-07-21,9,0,0,0,0,0,1,0,0,0,1.0,0.277191,0,0.0,0,215,0,4,0.7557,0.1251,GREEN,45,Bengaluru
CLM0035391,BEN_04178,Jayanagar,2024-12-04,13,0,0,0,0,1,0,0,0,0,0.0,0.429993,1,0.0,0,173,4,2,0.8513,0.0129,GREEN,36,Bengaluru
CLM0035392,BEN_09861,Rajajinagar,2024-01-09,12,0,0,0,0,0,0,0,0,0,0.0,0.063153,0,0.0,0,152,4,3,0.7868,0.0,GREEN,53,Bengaluru
CLM0035393,BEN_09229,Marathahalli,2025-11-02,21,0,0,0,0,0,0,0,0,0,1.0,0.038259,0,0.0,0,389,3,1,0.6111,0.0343,GREEN,56,Bengaluru
CLM0035394,BEN_03567,Marathahalli,2025-02-04,9,0,0,0,0,0,0,0,1,0,0.0,0.177521,0,0.0,0,148,3,4,0.7321,0.1191,GREEN,36,Bengaluru
CLM0035395,BEN_08124,HSR Layout,2024-07-03,7,0,0,0,0,0,0,0,0,0,0.0,1.0,0,0.0,0,87,2,3,0.7146,0.0,GREEN,59,Bengaluru
CLM0035396,BEN_05383,HSR Layout,2024-02-26,7,0,0,0,0,0,0,0,0,0,0.0,0.056086,0,0.0,0,283,3,0,0.7799,0.1339,GREEN,62,Bengaluru
CLM0035397,BEN_00728,Indiranagar,2025-03-28,10,0,0,0,0,0,0,0,0,0,0.0,0.354731,0,0.0,0,58,3,1,0.9643,0.0062,GREEN,41,Bengaluru
CLM0035398,BEN_07658,Electronic City,2025-05-17,10,0,0,0,0,0,0,0,0,0,0.0,0.232681,0,0.0,0,15,1,5,0.623,0.0,GREEN,49,Bengaluru
CLM0035399,BEN_02389,HSR Layout,2025-10-06,17,0,0,0,1,0,0,0,1,0,0.0,0.337101,0,0.0,0,384,3,0,0.7574,0.2017,GREEN,44,Bengaluru
CLM0035400,BEN_05335,Jayanagar,2025-04-02,17,0,0,0,0,0,0,0,0,0,0.0,0.035579,0,0.0,0,413,4,1,0.6788,0.0,GREEN,28,Bengaluru
CLM0035401,BEN_00044,Yelahanka,2025-05-24,21,0,0,0,0,1,0,0,0,0,0.0,0.084372,0,0.0,0,177,4,5,0.8346,0.2161,GREEN,33,Bengaluru
CLM0035402,BEN_03380,HSR Layout,2025-04-28,13,0,0,0,0,0,0,0,0,0,0.0,0.281649,0,0.0,0,205,2,2,0.6348,0.0,GREEN,45,Bengaluru
CLM0035403,BEN_08234,Rajajinagar,2025-11-01,14,0,0,0,0,0,0,0,0,0,0.0,0.384545,0,0.0,0,59,0,0,0.65,0.0769,GREEN,45,Bengaluru
CLM0035404,BEN_08632,Marathahalli,2025-06-27,19,0,0,0,0,0,0,0,0,0,0.0,0.029597,0,0.0,0,89,4,0,0.1204,0.031,GREEN,33,Bengaluru
CLM0035405,BEN_07890,Jayanagar,2025-09-11,12,0,0,0,0,0,0,0,0,0,0.0,0.394169,0,0.0,0,381,0,0,0.2233,0.1023,GREEN,53,Bengaluru
CLM0035406,BEN_04765,Indiranagar,2024-11-02,7,0,0,0,0,0,0,0,0,0,0.0,0.270379,0,0.0,0,420,4,2,0.4063,0.0,GREEN,38,Bengaluru
CLM0035407,BEN_01389,Indiranagar,2025-07-28,8,0,0,0,0,0,0,0,0,0,0.0,0.337297,0,0.0,0,420,2,0,0.7532,0.0028,GREEN,56,Bengaluru
CLM0035408,BEN_03267,Jayanagar,2025-08-09,13,0,0,0,0,0,0,0,0,0,0.0,0.166905,0,0.0,0,25,4,2,0.5288,0.0676,GREEN,43,Bengaluru
CLM0035409,BEN_04921,Electronic City,2025-06-11,19,0,0,0,0,0,1,0,0,0,0.0,0.168298,0,0.0,0,327,0,0,0.966,0.1385,GREEN,36,Bengaluru
CLM0035410,BEN_06108,Jayanagar,2023-02-10,10,0,0,0,1,0,0,0,0,0,0.0,0.395701,0,0.0,0,345,1,0,0.5084,0.1195,GREEN,62,Bengaluru
CLM0035411,BEN_06227,HSR Layout,2024-11-22,15,0,0,0,0,0,0,0,0,0,0.0,0.139398,0,0.0,0,322,4,1,0.05,0.0,GREEN,40,Bengaluru
CLM0035412,BEN_09394,Rajajinagar,2024-09-13,11,0,0,0,0,0,0,0,0,0,1.0,0.110149,0,0.0,0,387,2,0,0.1678,0.0,GREEN,46,Bengaluru
CLM0035413,BEN_02978,Yelahanka,2025-11-28,19,0,0,0,0,0,0,0,0,0,0.0,0.058382,0,1.0,0,163,2,0,0.7356,0.0235,GREEN,45,Bengaluru
CLM0035414,BEN_07453,Marathahalli,2022-09-21,13,0,0,0,0,0,0,0,0,0,0.0,0.190683,0,0.0,0,274,0,2,0.7669,0.0,GREEN,32,Bengaluru
CLM0035415,BEN_04792,Electronic City,2022-10-02,14,0,0,0,0,0,0,0,0,0,0.0,0.225899,0,1.0,0,389,1,2,0.8101,0.0,GREEN,55,Bengaluru
CLM0035416,BEN_09638,Koramangala,2024-04-22,13,0,0,0,0,0,0,0,0,0,0.0,0.391208,0,0.0,0,352,0,4,0.8804,0.0943,GREEN,36,Bengaluru
CLM0035417,BEN_08195,Koramangala,2023-04-27,18,0,0,0,0,0,0,0,0,0,0.0,0.015257,0,0.0,1,134,0,2,0.8232,0.109,GREEN,46,Bengaluru
CLM0035418,BEN_03929,Indiranagar,2023-07-13,13,0,0,0,0,0,0,0,0,0,0.0,0.213509,0,0.0,0,394,4,2,0.923,0.0,GREEN,44,Bengaluru
CLM0035419,BEN_02512,Marathahalli,2023-02-06,12,0,0,0,0,0,0,0,0,0,0.0,0.422637,0,0.0,0,420,4,3,0.5181,0.0194,GREEN,32,Bengaluru
CLM0035420,BEN_06574,Indiranagar,2025-03-17,8,0,0,0,0,0,0,0,0,0,0.0,0.0,1,0.0,0,50,4,3,0.8816,0.023,GREEN,51,Bengaluru
CLM0035421,BEN_00153,BTM Layout,2024-07-20,12,0,0,0,0,0,0,0,0,0,0.0,0.0,0,0.0,0,100,3,2,0.98,0.0,GREEN,49,Bengaluru
CLM0035422,BEN_04143,HSR Layout,2024-04-19,17,0,0,0,0,0,0,0,0,0,0.0,0.428497,0,0.0,0,77,2,3,0.7379,0.0372,GREEN,39,Bengaluru
CLM0035423,BEN_08119,HSR Layout,2024-05-20,17,0,0,0,0,0,0,0,0,0,0.0,0.388452,0,0.0,0,214,4,6,0.9411,0.1123,GREEN,30,Bengaluru
CLM0035424,BEN_07222,BTM Layout,2024-01-30,13,0,0,0,0,0,0,0,0,0,0.0,0.363439,0,0.0,0,376,0,0,0.7866,0.0,GREEN,36,Bengaluru
CLM0035425,BEN_09321,Indiranagar,2025-12-27,8,0,0,0,0,0,0,0,0,0,0.0,0.125738,0,0.0,0,420,0,5,0.7405,0.0311,GREEN,40,Bengaluru
CLM0035426,BEN_00567,Electronic City,2024-09-03,15,0,0,0,0,0,0,0,0,0,0.0,0.162169,0,0.0,0,36,3,1,0.8167,0.1004,GREEN,41,Bengaluru
CLM0035427,BEN_07190,Jayanagar,2021-10-23,9,0,0,0,0,0,0,0,0,0,0.0,1.0,0,0.0,0,189,2,0,0.98,0.0065,GREEN,50,Bengaluru
CLM0035428,BEN_00464,Jayanagar,2022-09-02,21,0,0,0,0,0,0,0,0,0,0.0,0.317439,0,0.0,0,40,2,2,0.9743,0.0,GREEN,41,Bengaluru
CLM0035429,BEN_00276,Whitefield,2025-04-17,15,0,0,0,0,0,0,0,0,0,0.0,0.078143,0,0.0,0,312,1,1,0.4738,0.0,GREEN,53,Bengaluru
CLM0035430,BEN_03770,Whitefield,2021-10-22,9,0,0,0,0,0,0,0,1,0,0.0,0.289564,1,0.0,0,371,3,1,0.98,0.1284,GREEN,43,Bengaluru
CLM0035431,BEN_01847,Yelahanka,2017-09-27,10,0,0,0,0,0,0,0,0,0,0.0,0.201062,0,0.0,0,271,4,2,0.5744,0.0,GREEN,47,Bengaluru
CLM0035432,BEN_07562,Indiranagar,2018-09-28,15,0,0,0,0,0,0,0,1,0,0.0,0.997994,0,0.0,0,5,3,3,0.5125,0.1699,GREEN,46,Bengaluru
CLM0035433,BEN_07655,Indiranagar,2021-06-23,8,0,0,0,0,0,0,0,0,0,0.0,0.083044,0,0.0,0,210,3,2,0.6948,0.0939,GREEN,48,Bengaluru
CLM0035434,BEN_06162,Jayanagar,2020-09-01,18,0,0,0,0,0,0,0,1,0,1.0,0.073904,0,0.0,0,123,3,2,0.6835,0.1189,GREEN,35,Bengaluru
CLM0035435,BEN_08905,Electronic City,2017-08-22,12,0,0,0,0,0,0,0,0,0,1.0,0.28708,0,0.0,0,355,1,0,0.5467,0.0335,GREEN,28,Bengaluru
CLM0035436,BEN_05050,Yelahanka,2019-09-13,20,0,0,0,0,0,0,0,0,0,0.0,0.114424,0,0.0,0,420,2,4,0.7923,0.0,GREEN,25,Bengaluru
CLM0035437,BEN_04039,Jayanagar,2020-05-27,20,0,0,0,0,0,0,0,0,0,1.0,1.0,0,1.0,0,241,1,2,0.5898,0.0,GREEN,25,Bengaluru
CLM0035438,BEN_07803,Koramangala,2019-03-13,10,0,0,0,0,0,0,1,0,0,0.0,0.008486,0,1.0,0,380,4,2,0.5111,0.1177,GREEN,47,Bengaluru
CLM0035439,BEN_08223,Rajajinagar,2025-05-03,18,0,0,0,0,0,0,0,0,0,0.0,0.391568,0,0.0,0,322,4,0,0.7635,0.0276,GREEN,44,Bengaluru
CLM0035440,BEN_08527,Yelahanka,2024-03-15,14,0,0,0,0,1,0,0,0,0,0.0,0.177126,0,0.0,0,420,2,4,0.8287,0.084,GREEN,47,Bengaluru
CLM0035441,BEN_07389,Whitefield,2023-07-10,19,0,0,0,0,0,0,0,0,0,0.0,0.266506,0,0.0,0,389,3,2,0.5763,0.0407,GREEN,48,Bengaluru
CLM0035442,BEN_00221,Jayanagar,2022-08-05,15,0,0,0,0,0,0,0,0,0,0.0,0.110002,0,1.0,0,302,3,4,0.8386,0.0,GREEN,35,Bengaluru
CLM0035443,BEN_02635,Yelahanka,2022-12-17,12,0,0,0,0,0,0,0,0,0,0.0,0.274102,0,0.0,0,420,0,0,0.5892,0.0,GREEN,43,Bengaluru
CLM0035444,BEN_06781,Whitefield,2025-03-20,8,0,0,0,0,0,0,0,1,0,0.0,0.24915,0,0.0,1,26,0,0,0.745,0.1817,GREEN,45,Bengaluru
CLM0035445,BEN_09390,Yelahanka,2024-03-12,8,0,0,0,0,0,0,0,0,0,1.0,0.194094,0,0.0,1,5,1,2,0.8762,0.2193,GREEN,38,Bengaluru
CLM0035446,BEN_09797,Yelahanka,2024-09-06,7,0,0,0,0,0,0,1,0,0,0.0,0.967668,0,0.0,0,242,3,1,0.8472,0.118,GREEN,42,Bengaluru
CLM0035447,BEN_08132,Yelahanka,2025-04-27,11,0,0,0,0,0,0,0,0,0,1.0,0.206361,0,0.0,0,218,2,3,0.98,0.0,GREEN,35,Bengaluru
CLM0035448,BEN_07037,Marathahalli,2023-10-20,9,0,0,0,0,0,1,1,0,0,0.0,0.428804,0,0.0,0,251,4,0,0.6588,0.1509,GREEN,69,Bengaluru
CLM0035449,BEN_01268,Electronic City,2025-10-07,7,0,0,0,0,0,0,0,0,0,0.0,0.0,0,0.0,0,420,0,0,0.3461,0.0611,GREEN,28,Bengaluru
CLM0035450,BEN_05573,HSR Layout,2025-01-08,20,0,0,0,0,0,0,0,0,0,0.0,0.301369,0,0.0,0,420,1,0,0.7059,0.0,GREEN,55,Bengaluru
CLM0035451,BEN_03593,Jayanagar,2023-01-22,20,0,0,0,0,0,0,0,0,0,0.0,0.36379,1,0.0,0,420,2,1,0.98,0.0667,GREEN,33,Bengaluru
CLM0035452,BEN_05983,HSR Layout,2024-04-25,9,0,0,0,0,0,0,0,0,0,0.0,0.310251,0,1.0,0,350,1,4,0.4589,0.0399,GREEN,44,Bengaluru
CLM0035453,BEN_08932,Whitefield,2023-05-12,11,0,0,0,0,0,0,0,0,0,0.0,0.228713,0,0.0,0,218,2,5,0.2424,0.2093,GREEN,69,Bengaluru
CLM0035454,BEN_02708,Koramangala,2025-09-14,12,0,0,0,0,0,0,0,0,0,0.0,1.0,0,0.0,0,420,1,4,0.9234,0.0,GREEN,32,Bengaluru
CLM0035455,BEN_05729,Yelahanka,2016-12-29,21,0,0,0,0,0,0,0,0,0,0.0,0.297445,0,0.0,0,278,1,0,0.98,0.0,GREEN,37,Bengaluru
CLM0035456,BEN_09430,Electronic City,2022-10-14,20,0,0,0,0,0,0,0,0,0,0.0,1.0,0,0.0,0,17,4,2,0.7026,0.1072,GREEN,41,Bengaluru
CLM0035457,BEN_00245,Rajajinagar,2015-07-09,19,0,0,0,0,0,0,0,0,0,0.0,0.433033,0,0.0,0,407,1,1,0.5567,0.0116,GREEN,22,Bengaluru
CLM0035458,BEN_01014,Indiranagar,2019-10-13,15,0,0,0,0,1,0,0,0,0,0.0,0.045127,0,0.0,0,257,1,2,0.15,0.1157,GREEN,64,Bengaluru
CLM0035459,BEN_04091,BTM Layout,2023-01-09,19,0,0,0,0,0,0,0,0,0,0.0,0.011025,0,0.0,0,91,4,3,0.8759,0.0,GREEN,42,Bengaluru
CLM0035460,BEN_06146,Marathahalli,2018-09-04,16,0,0,0,0,0,0,0,0,0,0.0,0.36331,0,0.0,0,315,4,0,0.8892,0.0833,GREEN,42,Bengaluru
CLM0035461,BEN_06804,Electronic City,2022-11-15,8,0,1,1,0,1,0,0,0,0,1.0,0.157812,0,0.0,1,133,4,0,0.05,0.2701,GREEN,52,Bengaluru
CLM0035462,BEN_09882,HSR Layout,2023-12-18,8,0,0,0,0,0,0,0,0,1,1.0,0.972763,0,1.0,0,64,3,4,0.6369,0.136,GREEN,47,Bengaluru
CLM0035463,BEN_06112,Whitefield,2025-06-28,10,0,0,0,0,0,0,0,0,0,0.0,0.246218,0,0.0,0,174,4,3,0.9132,0.0066,GREEN,47,Bengaluru
CLM0035464,BEN_04846,Marathahalli,2018-04-18,9,0,0,0,0,0,0,0,0,0,0.0,0.367293,0,0.0,0,204,1,6,0.965,0.0,GREEN,45,Bengaluru
CLM0035465,BEN_06357,Yelahanka,2018-09-20,14,0,0,0,0,0,0,0,0,0,0.0,0.178981,0,0.0,0,231,0,0,0.6756,0.0078,GREEN,43,Bengaluru
CLM0035466,BEN_07410,Jayanagar,2018-07-12,14,0,0,0,0,0,0,0,1,0,0.0,0.977288,0,0.0,0,237,1,0,0.8365,0.0763,GREEN,32,Bengaluru
CLM0035467,BEN_01494,Jayanagar,2024-12-12,13,0,0,0,0,0,0,0,1,1,0.0,0.139578,0,0.0,0,142,3,2,0.9629,0.2627,GREEN,23,Bengaluru
CLM0035468,BEN_07717,Whitefield,2020-11-04,20,0,0,0,1,0,0,1,1,1,1.0,0.153767,0,1.0,1,34,3,18,0.0831,0.0,GREEN,42,Bengaluru
CLM0035469,BEN_00706,Koramangala,2020-07-29,20,0,0,0,0,0,0,0,0,0,0.0,0.133534,0,0.0,0,282,2,3,0.4405,0.0059,GREEN,39,Bengaluru
CLM0035470,BEN_06420,Whitefield,2024-07-15,14,0,0,0,0,0,0,0,0,0,0.0,0.23336,0,0.0,0,352,0,3,0.9289,0.016,GREEN,48,Bengaluru
CLM0035471,BEN_02281,Electronic City,2019-05-20,7,0,0,0,0,0,0,0,0,0,0.0,0.062844,0,0.0,0,167,4,4,0.6326,0.0,GREEN,52,Bengaluru
CLM0035472,BEN_06815,Electronic City,2022-03-31,19,0,0,0,0,0,1,0,0,0,0.0,0.080881,0,0.0,0,340,3,7,0.8354,0.0654,GREEN,55,Bengaluru
CLM0035473,BEN_03558,Indiranagar,2022-06-03,19,0,0,0,0,0,0,0,0,0,0.0,0.172307,0,0.0,0,406,4,3,0.57,0.0,GREEN,53,Bengaluru
CLM0035474,BEN_03952,Indiranagar,2023-03-02,20,0,0,0,0,0,0,0,1,0,0.0,0.299576,0,0.0,0,65,4,0,0.833,0.103,GREEN,42,Bengaluru
CLM0035475,BEN_08378,Whitefield,2025-02-20,15,0,0,0,0,0,0,0,0,0,0.0,0.234313,1,0.0,0,264,0,4,0.5888,0.0541,GREEN,25,Bengaluru
CLM0035476,BEN_05554,Jayanagar,2024-02-11,8,0,0,0,1,1,0,1,0,1,0.0,0.965214,0,1.0,1,5,1,18,0.2781,0.1248,GREEN,55,Bengaluru
CLM0035477,BEN_01055,Electronic City,2022-10-09,13,0,0,0,1,0,1,1,1,1,0.0,0.15276,0,0.0,1,25,2,10,0.98,0.0687,GREEN,21,Bengaluru
CLM0035478,BEN_09740,Rajajinagar,2025-07-03,17,0,0,0,0,1,0,0,0,0,0.0,0.127703,0,1.0,0,58,4,8,0.0817,0.1081,GREEN,41,Bengaluru
CLM0035479,BEN_00078,Marathahalli,2022-03-30,17,0,0,0,0,0,0,0,0,0,0.0,0.317,0,0.0,0,202,0,6,0.808,0.0484,GREEN,46,Bengaluru
CLM0035480,BEN_07138,Marathahalli,2025-11-17,8,0,1,1,1,1,1,1,1,0,1.0,0.606117,0,1.0,0,5,3,18,0.1318,0.2209,GREEN,54,Bengaluru
CLM0035481,BEN_09288,Marathahalli,2022-01-15,15,0,0,0,0,0,0,0,0,0,0.0,0.340784,1,0.0,0,160,0,5,0.6884,0.0776,GREEN,32,Bengaluru
CLM0035482,BEN_09734,BTM Layout,2023-10-15,9,0,0,0,0,0,0,0,0,0,0.0,1.0,0,0.0,0,281,3,4,0.613,0.0,GREEN,45,Bengaluru
CLM0035483,BEN_05070,Marathahalli,2024-06-20,13,0,0,0,0,0,0,0,0,0,0.0,0.977914,0,1.0,0,245,2,2,0.536,0.0156,GREEN,43,Bengaluru
CLM0035484,BEN_00255,Indiranagar,2025-04-16,20,0,0,0,0,0,0,0,0,0,0.0,0.445576,0,0.0,0,420,3,5,0.7636,0.0,GREEN,49,Bengaluru
CLM0035485,BEN_00545,Indiranagar,2023-08-01,13,0,0,0,0,0,1,1,1,1,1.0,0.948608,0,0.0,1,7,4,18,0.3241,0.0908,GREEN,44,Bengaluru
CLM0035486,BEN_03847,Electronic City,2023-12-04,7,0,0,0,0,0,0,0,0,0,0.0,0.254059,0,0.0,1,334,4,0,0.6797,0.0477,GREEN,62,Bengaluru
CLM0035487,BEN_01704,Jayanagar,2024-05-31,7,0,0,0,0,0,0,0,0,0,0.0,0.282698,0,0.0,1,346,1,2,0.7253,0.1073,GREEN,47,Bengaluru
CLM0035488,BEN_08439,Marathahalli,2024-08-20,13,0,0,0,0,0,0,0,0,0,0.0,0.344752,0,0.0,0,314,1,3,0.9486,0.0,GREEN,53,Bengaluru
CLM0035489,BEN_06447,Electronic City,2025-05-24,14,0,0,0,0,0,0,1,0,0,0.0,0.400795,0,0.0,0,329,4,0,0.6205,0.0,GREEN,54,Bengaluru
CLM0035490,BEN_04126,Whitefield,2023-12-05,18,0,0,0,0,0,0,0,0,0,0.0,0.220184,0,0.0,0,5,3,0,0.7927,0.0,GREEN,64,Bengaluru
CLM0035491,BEN_06014,Marathahalli,2024-01-19,7,0,0,0,0,0,0,0,0,0,0.0,0.166227,0,0.0,0,350,2,1,0.0651,0.0466,GREEN,57,Bengaluru
CLM0035492,BEN_02675,Jayanagar,2024-02-06,11,0,0,0,0,0,0,0,0,0,0.0,0.299534,0,0.0,0,247,2,2,0.8555,0.0084,GREEN,63,Bengaluru
CLM0035493,BEN_04002,Rajajinagar,2024-03-26,13,0,0,0,0,0,0,0,0,0,0.0,0.249006,0,0.0,0,420,4,2,0.5756,0.1208,GREEN,41,Bengaluru
CLM0035494,BEN_04360,Indiranagar,2023-12-24,9,0,0,0,1,0,0,0,1,0,0.0,0.052401,0,0.0,0,401,1,1,0.0931,0.2096,GREEN,55,Bengaluru
CLM0035495,BEN_08556,Yelahanka,2024-02-19,18,0,0,0,0,0,0,0,0,0,0.0,0.188313,0,0.0,0,175,0,7,0.5969,0.0425,GREEN,46,Bengaluru
CLM0035496,BEN_06272,Indiranagar,2016-08-27,14,0,0,0,0,0,0,0,0,1,1.0,0.175662,0,0.0,0,32,2,1,0.9333,0.2074,GREEN,55,Bengaluru
CLM0035497,BEN_08054,BTM Layout,2018-03-07,18,0,0,0,0,0,0,0,0,0,0.0,0.282242,0,0.0,0,305,4,1,0.05,0.041,GREEN,53,Bengaluru
CLM0035498,BEN_08172,Indiranagar,2024-06-01,20,0,0,0,0,0,0,0,0,0,1.0,0.99625,0,1.0,0,116,4,0,0.9426,0.0527,GREEN,39,Bengaluru
CLM0035499,BEN_01287,Whitefield,2022-02-28,19,0,0,0,0,0,0,0,0,0,0.0,0.0,0,0.0,1,44,4,2,0.7335,0.0,GREEN,39,Bengaluru
CLM0035500,BEN_07111,Marathahalli,2022-10-01,17,0,0,0,0,0,1,0,1,0,0.0,0.048963,0,0.0,0,379,2,1,0.7171,0.0874,GREEN,48,Bengaluru
CLM0035501,BEN_02526,Indiranagar,2021-03-11,17,0,0,0,0,0,0,0,0,1,0.0,0.310583,0,0.0,0,420,3,4,0.98,0.2427,GREEN,58,Bengaluru
CLM0035502,BEN_03900,Rajajinagar,2024-01-18,16,0,0,0,0,0,0,0,0,0,0.0,0.065968,0,0.0,0,420,0,3,0.05,0.0327,GREEN,61,Bengaluru
CLM0035503,BEN_04305,Rajajinagar,2025-05-11,13,0,0,0,1,0,0,0,0,0,0.0,0.177573,0,0.0,0,152,1,0,0.6067,0.2638,GREEN,57,Bengaluru
CLM0035504,BEN_09262,BTM Layout,2021-11-28,10,0,0,0,0,0,0,1,0,0,0.0,0.193027,0,0.0,0,378,0,4,0.9569,0.0371,GREEN,45,Bengaluru
CLM0035505,BEN_09212,Jayanagar,2022-10-01,13,0,0,0,0,0,0,0,0,0,0.0,0.126886,0,0.0,0,134,0,3,0.6615,0.0828,GREEN,18,Bengaluru
CLM0035506,BEN_02061,Yelahanka,2025-02-21,20,0,0,0,0,0,0,1,0,0,0.0,0.309866,0,0.0,0,420,1,3,0.5365,0.0748,GREEN,30,Bengaluru
CLM0035507,BEN_03472,BTM Layout,2023-09-18,14,0,0,0,0,1,0,1,0,1,0.0,1.0,1,1.0,1,23,4,12,0.6231,0.0,GREEN,32,Bengaluru
CLM0035508,BEN_09986,Indiranagar,2023-05-30,8,0,1,1,0,0,0,0,1,0,0.0,0.375287,1,0.0,0,264,3,5,0.8897,0.2324,GREEN,54,Bengaluru
CLM0035509,BEN_03384,Whitefield,2021-03-24,21,0,0,0,1,0,0,0,0,0,0.0,0.216874,0,0.0,0,368,0,2,0.98,0.1699,GREEN,53,Bengaluru
CLM0035510,BEN_09133,HSR Layout,2024-05-12,15,0,0,0,0,0,0,0,0,0,0.0,0.1676,0,0.0,0,306,2,4,0.6782,0.0,GREEN,57,Bengaluru
CLM0035511,BEN_04851,Koramangala,2022-01-14,18,0,0,0,0,0,0,0,0,1,0.0,0.341152,0,0.0,0,188,4,1,0.98,0.0,GREEN,58,Bengaluru
CLM0035512,BEN_03584,Rajajinagar,2024-01-02,9,0,0,0,0,0,0,1,1,0,0.0,0.121923,0,0.0,0,136,2,5,0.6955,0.1348,GREEN,56,Bengaluru
CLM0035513,BEN_04060,Electronic City,2021-05-05,19,0,0,0,0,1,0,0,1,0,0.0,0.243656,0,0.0,0,419,0,2,0.854,0.3275,YELLOW,56,Bengaluru
CLM0035514,BEN_00720,Yelahanka,2022-06-17,10,0,0,0,0,0,0,0,0,0,0.0,0.065998,0,0.0,0,219,4,0,0.8635,0.035,GREEN,61,Bengaluru
CLM0035515,BEN_07647,HSR Layout,2024-06-25,9,0,0,0,0,0,0,1,0,0,0.0,0.486782,0,0.0,0,420,1,3,0.5262,0.0,GREEN,48,Bengaluru
CLM0035516,BEN_05194,Marathahalli,2021-03-29,19,0,0,0,0,0,0,0,0,0,0.0,0.022124,0,0.0,0,84,3,0,0.8672,0.0,GREEN,42,Bengaluru
CLM0035517,BEN_03381,Marathahalli,2025-03-26,10,0,0,0,0,0,0,0,0,0,0.0,0.191641,0,0.0,0,153,4,1,0.8024,0.0506,GREEN,55,Bengaluru
CLM0035518,BEN_02172,Electronic City,2024-12-14,9,0,0,0,0,0,0,0,0,0,0.0,0.082683,0,0.0,0,364,4,3,0.8906,0.0141,GREEN,43,Bengaluru
CLM0035519,BEN_08699,Yelahanka,2022-09-16,12,0,0,0,0,0,0,0,0,0,0.0,0.06758,0,0.0,0,5,1,0,0.774,0.0168,GREEN,49,Bengaluru
CLM0035520,BEN_02639,Whitefield,2025-11-25,13,0,0,0,0,0,0,1,0,0,0.0,0.010175,0,0.0,0,140,3,1,0.6605,0.125,GREEN,31,Bengaluru
CLM0035521,BEN_05805,Marathahalli,2023-06-15,19,0,0,0,0,1,1,1,1,1,1.0,1.0,0,1.0,0,5,1,18,0.8161,0.0652,GREEN,41,Bengaluru
CLM0035522,BEN_00286,Jayanagar,2024-01-06,19,0,0,0,0,0,0,0,0,0,0.0,0.066928,0,0.0,0,270,2,7,0.98,0.0,GREEN,61,Bengaluru
CLM0035523,BEN_08387,Yelahanka,2019-10-20,21,0,0,0,0,0,0,0,0,1,0.0,0.0,0,0.0,0,349,1,0,0.8261,0.1489,GREEN,34,Bengaluru
CLM0035524,BEN_00640,Koramangala,2024-08-19,16,0,0,0,0,0,0,0,0,0,0.0,0.198211,0,0.0,0,420,2,0,0.7399,0.08,GREEN,37,Bengaluru
CLM0035525,BEN_03537,Whitefield,2023-04-24,16,0,0,0,0,1,0,0,0,0,0.0,0.223625,0,0.0,0,315,1,6,0.6858,0.0329,GREEN,52,Bengaluru
CLM0035526,BEN_04706,HSR Layout,2025-07-22,21,0,0,0,0,0,0,0,0,0,0.0,0.006506,0,0.0,0,420,1,1,0.98,0.0002,GREEN,37,Bengaluru
CLM0035527,BEN_01736,Indiranagar,2023-11-27,20,0,0,0,0,0,0,0,0,0,0.0,0.422246,0,0.0,0,148,1,3,0.5612,0.0,GREEN,57,Bengaluru
CLM0035528,BEN_07623,Marathahalli,2019-05-30,11,0,0,0,0,0,0,0,0,0,0.0,0.993644,0,0.0,0,236,4,1,0.535,0.1391,GREEN,37,Bengaluru
CLM0035529,BEN_09178,Koramangala,2023-10-11,21,0,0,0,0,0,0,0,1,0,0.0,0.065893,0,0.0,0,420,2,3,0.7787,0.096,GREEN,40,Bengaluru
CLM0035530,BEN_09875,HSR Layout,2023-01-26,8,0,0,0,0,0,0,0,1,0,0.0,0.328537,0,0.0,0,227,0,3,0.5172,0.1874,GREEN,24,Bengaluru
CLM0035531,BEN_04620,Indiranagar,2020-08-14,10,0,0,0,0,0,0,0,0,0,0.0,0.288363,0,0.0,0,364,2,6,0.842,0.0588,GREEN,37,Bengaluru
CLM0035532,BEN_07683,Indiranagar,2023-02-16,16,0,0,0,0,0,0,0,0,0,0.0,0.230734,0,0.0,0,344,4,7,0.2626,0.0,GREEN,31,Bengaluru
CLM0035533,BEN_07090,Yelahanka,2024-12-13,16,0,0,0,0,0,0,0,0,0,0.0,0.250469,0,1.0,0,119,1,2,0.9323,0.0,GREEN,33,Bengaluru
CLM0035534,BEN_08323,Whitefield,2018-05-17,11,0,0,0,0,0,0,0,1,0,0.0,0.282486,0,1.0,0,295,2,0,0.7158,0.0735,GREEN,40,Bengaluru
CLM0035535,BEN_03524,Yelahanka,2024-06-12,8,0,0,0,0,0,0,0,0,0,0.0,0.493327,0,0.0,0,315,4,5,0.6558,0.026,GREEN,51,Bengaluru
CLM0035536,BEN_07771,Rajajinagar,2025-07-19,10,0,0,0,0,0,0,0,0,0,0.0,0.373055,0,0.0,0,119,1,4,0.532,0.0,GREEN,66,Bengaluru
CLM0035537,BEN_07801,Koramangala,2025-03-01,13,0,0,0,0,0,0,0,0,0,0.0,0.477813,0,0.0,0,276,3,2,0.6238,0.0383,GREEN,54,Bengaluru
CLM0035538,BEN_03858,Whitefield,2022-01-20,20,0,0,0,0,0,0,0,0,0,0.0,0.262236,0,0.0,0,84,3,0,0.7549,0.0227,GREEN,44,Bengaluru
CLM0035539,BEN_00259,Rajajinagar,2025-11-26,16,0,1,1,0,0,1,0,0,0,0.0,0.329961,0,0.0,0,341,0,3,0.5029,0.1132,GREEN,52,Bengaluru
CLM0035540,BEN_06596,BTM Layout,2024-04-12,10,0,0,0,0,0,0,0,0,0,0.0,0.336692,0,0.0,0,185,1,4,0.98,0.0,GREEN,53,Bengaluru
CLM0035541,BEN_06534,Indiranagar,2025-11-13,9,0,0,0,0,0,0,0,0,0,0.0,0.432989,0,0.0,0,94,4,1,0.9793,0.0,GREEN,40,Bengaluru
CLM0035542,BEN_03503,Marathahalli,2022-12-10,10,0,0,0,0,0,0,0,0,0,0.0,0.011146,0,0.0,0,420,2,0,0.1968,0.0,GREEN,54,Bengaluru
CLM0035543,BEN_08479,HSR Layout,2021-08-30,17,0,0,0,0,0,0,1,0,0,0.0,0.125336,0,0.0,0,354,0,4,0.0606,0.1223,GREEN,46,Bengaluru
CLM0035544,BEN_03199,Electronic City,2024-01-25,10,0,0,0,0,0,0,0,0,0,1.0,0.133919,0,0.0,0,214,0,7,0.4518,0.1062,GREEN,34,Bengaluru
CLM0035545,BEN_01360,Yelahanka,2021-12-15,10,0,0,0,0,0,0,0,0,0,0.0,0.124685,0,0.0,0,184,2,2,0.8043,0.0944,GREEN,38,Bengaluru
CLM0035546,BEN_01794,HSR Layout,2024-06-15,14,0,0,0,0,0,0,0,0,0,0.0,0.295575,0,0.0,0,381,2,2,0.9691,0.0,GREEN,40,Bengaluru
CLM0035547,BEN_09641,Electronic City,2024-04-11,12,0,0,0,0,0,0,0,0,0,0.0,0.252492,0,0.0,0,420,2,2,0.6934,0.0,GREEN,49,Bengaluru
CLM0035548,BEN_03476,Rajajinagar,2022-03-03,7,0,1,1,0,0,0,0,0,0,0.0,1.0,0,0.0,0,76,1,2,0.8087,0.0526,GREEN,41,Bengaluru
CLM0035549,BEN_05478,Koramangala,2021-06-08,18,0,0,0,0,0,0,0,0,0,1.0,0.200011,0,1.0,0,420,4,0,0.6768,0.0,GREEN,42,Bengaluru
CLM0035550,BEN_00708,HSR Layout,2024-11-04,12,0,0,0,0,0,1,0,1,0,0.0,0.05901,0,0.0,0,135,1,6,0.8529,0.2606,GREEN,41,Bengaluru
CLM0035551,BEN_08538,HSR Layout,2021-09-17,15,0,0,0,0,0,0,0,1,0,0.0,0.331909,0,0.0,0,420,3,0,0.2221,0.0884,GREEN,34,Bengaluru
CLM0035552,BEN_08307,Jayanagar,2025-01-11,15,0,0,0,0,0,0,0,0,0,0.0,0.408564,0,0.0,0,359,1,0,0.6672,0.0,GREEN,24,Bengaluru
CLM0035553,BEN_04723,Whitefield,2022-10-18,15,0,0,0,0,0,1,1,1,0,0.0,0.155703,0,0.0,1,5,4,18,0.8055,0.0,GREEN,41,Bengaluru
CLM0035554,BEN_09367,Indiranagar,2025-11-22,18,0,0,0,0,0,0,0,0,0,0.0,0.199657,0,0.0,0,49,0,2,0.05,0.0474,GREEN,52,Bengaluru
CLM0035555,BEN_09885,Jayanagar,2023-09-25,19,0,0,0,0,0,0,0,0,0,0.0,0.362749,0,0.0,0,108,4,3,0.1342,0.0001,GREEN,31,Bengaluru
CLM0035556,BEN_07347,Electronic City,2023-01-10,17,0,0,0,0,0,0,0,0,0,0.0,0.228052,1,0.0,0,207,1,6,0.9055,0.02,GREEN,37,Bengaluru
CLM0035557,BEN_01632,Whitefield,2022-07-19,12,0,0,0,0,0,0,0,0,0,1.0,0.359485,0,0.0,0,420,1,2,0.8135,0.1117,GREEN,40,Bengaluru
CLM0035558,BEN_08739,HSR Layout,2021-09-27,19,0,0,0,0,0,1,0,0,0,0.0,0.000402,0,0.0,0,286,4,0,0.5146,0.1779,GREEN,36,Bengaluru
CLM0035559,BEN_04829,Koramangala,2020-11-08,13,0,0,0,0,0,0,0,0,0,0.0,0.113162,0,0.0,0,241,3,3,0.5682,0.0,GREEN,52,Bengaluru
CLM0035560,BEN_03882,HSR Layout,2021-05-29,18,0,0,0,0,0,0,0,0,0,0.0,0.288646,0,0.0,0,100,1,2,0.6597,0.1802,GREEN,34,Bengaluru
CLM0035561,BEN_08652,Electronic City,2018-11-16,19,0,0,0,0,0,0,0,0,0,0.0,0.075748,0,1.0,0,384,0,4,0.6097,0.0968,GREEN,35,Bengaluru
CLM0035562,BEN_07958,Rajajinagar,2020-03-19,9,0,0,0,0,0,0,0,0,0,0.0,0.266654,0,0.0,0,381,2,1,0.9087,0.0681,GREEN,65,Bengaluru
CLM0035563,BEN_06927,Jayanagar,2022-06-07,18,0,0,0,0,0,0,0,0,0,1.0,0.288012,0,0.0,0,237,2,5,0.6779,0.0865,GREEN,18,Bengaluru
CLM0035564,BEN_05722,Jayanagar,2020-12-17,10,0,0,0,0,0,0,0,1,0,0.0,0.895692,0,0.0,0,41,4,5,0.81,0.1301,GREEN,40,Bengaluru
CLM0035565,BEN_05276,BTM Layout,2025-10-29,13,0,0,0,0,0,1,0,0,0,1.0,1.0,0,1.0,0,52,4,2,0.1192,0.097,GREEN,52,Bengaluru
CLM0035566,BEN_08001,Marathahalli,2020-05-04,13,0,0,0,0,0,1,0,0,0,0.0,0.365884,0,1.0,0,420,1,3,0.7325,0.0279,GREEN,53,Bengaluru
CLM0035567,BEN_08792,Jayanagar,2024-07-31,7,0,0,0,0,1,0,0,1,0,0.0,0.355238,0,0.0,0,420,0,5,0.5429,0.2557,GREEN,46,Bengaluru
CLM0035568,BEN_08285,Whitefield,2016-12-02,10,0,0,0,0,0,1,0,0,0,1.0,0.083928,0,0.0,0,199,4,4,0.5871,0.1338,GREEN,40,Bengaluru
CLM0035569,BEN_02884,Jayanagar,2021-01-23,20,0,0,0,0,0,0,0,0,1,0.0,0.444395,0,0.0,0,99,3,6,0.7433,0.0248,GREEN,56,Bengaluru
CLM0035570,BEN_03961,Koramangala,2021-02-09,13,0,0,0,1,1,0,1,1,1,1.0,0.997638,1,1.0,1,42,0,18,0.1606,0.037,GREEN,51,Bengaluru
CLM0035571,BEN_06233,HSR Layout,2020-08-26,12,0,0,0,0,0,0,0,0,0,0.0,0.321234,0,0.0,0,183,1,3,0.7406,0.0,GREEN,49,Bengaluru
CLM0035572,BEN_03457,Yelahanka,2022-01-17,11,0,0,0,0,0,1,0,1,0,0.0,0.207536,0,0.0,0,231,1,3,0.8363,0.2133,GREEN,33,Bengaluru
CLM0035573,BEN_01720,HSR Layout,2023-09-28,21,0,0,0,1,0,0,0,0,0,1.0,0.051597,0,1.0,0,198,3,6,0.179,0.2306,GREEN,47,Bengaluru
CLM0035574,BEN_03222,Yelahanka,2023-01-20,15,0,1,1,0,0,0,0,0,0,0.0,0.278061,0,1.0,0,420,0,2,0.7112,0.0,GREEN,41,Bengaluru
CLM0035575,BEN_01040,Rajajinagar,2021-12-17,11,0,0,0,1,0,0,0,0,0,0.0,0.431448,0,0.0,0,98,2,1,0.2243,0.16,GREEN,40,Bengaluru
CLM0035576,BEN_07580,Jayanagar,2024-07-15,17,0,0,0,1,0,1,1,1,1,0.0,0.025895,0,0.0,0,5,0,18,0.3337,0.0012,GREEN,47,Bengaluru
CLM0035577,BEN_01432,Jayanagar,2025-11-07,16,0,0,0,0,0,0,1,0,0,0.0,0.114898,0,0.0,0,390,3,1,0.98,0.033,GREEN,49,Bengaluru
CLM0035578,BEN_08335,Yelahanka,2024-11-11,7,1,0,0,1,0,0,0,0,0,0.0,0.355443,0,0.0,0,41,2,4,0.4409,0.1205,GREEN,32,Bengaluru
CLM0035579,BEN_01675,Marathahalli,2025-08-31,13,0,0,0,1,0,0,0,1,0,0.0,1.0,0,0.0,0,397,3,3,0.5114,0.2128,GREEN,38,Bengaluru
CLM0035580,BEN_03820,Yelahanka,2025-07-06,12,0,0,0,0,0,0,0,0,0,0.0,0.129527,0,0.0,0,369,0,0,0.8969,0.0114,GREEN,56,Bengaluru
CLM0035581,BEN_08333,Electronic City,2025-10-13,9,0,0,0,0,0,1,0,0,0,0.0,0.0241,0,0.0,0,288,4,1,0.688,0.0332,GREEN,43,Bengaluru
CLM0035582,BEN_04830,Marathahalli,2023-11-03,18,0,0,0,0,0,0,0,0,0,0.0,0.310044,0,0.0,0,193,0,0,0.9739,0.0,GREEN,58,Bengaluru
CLM0035583,BEN_07013,Yelahanka,2023-06-20,12,0,0,0,0,0,0,0,0,0,0.0,0.265379,0,0.0,0,344,2,3,0.9076,0.0,GREEN,66,Bengaluru
CLM0035584,BEN_06274,BTM Layout,2019-06-02,7,0,0,0,0,0,0,0,0,1,1.0,0.169852,0,0.0,0,41,3,0,0.7453,0.1476,GREEN,50,Bengaluru
CLM0035585,BEN_04221,Jayanagar,2019-11-16,21,0,0,0,0,0,1,0,0,0,0.0,0.994174,0,0.0,0,410,1,3,0.9637,0.0296,GREEN,51,Bengaluru
CLM0035586,BEN_08446,Jayanagar,2017-06-18,9,0,0,0,1,0,0,0,0,0,0.0,0.0,0,0.0,0,87,4,3,0.6495,0.1983,GREEN,48,Bengaluru
CLM0035587,BEN_01465,HSR Layout,2021-07-27,15,0,0,0,0,0,0,1,0,0,0.0,0.243223,0,0.0,0,106,4,2,0.8189,0.0816,GREEN,54,Bengaluru
CLM0035588,BEN_08993,Indiranagar,2025-10-22,19,0,0,0,1,0,0,0,0,1,1.0,0.002707,0,0.0,0,21,2,18,0.05,0.0,GREEN,36,Bengaluru
CLM0035589,BEN_06314,Koramangala,2019-03-10,8,0,0,0,0,0,0,0,0,0,0.0,0.99766,0,0.0,0,191,1,3,0.7866,0.0042,GREEN,41,Bengaluru
CLM0035590,BEN_03643,Electronic City,2024-01-06,16,0,0,0,0,0,0,0,1,0,0.0,0.343439,0,0.0,0,301,4,3,0.6013,0.1093,GREEN,36,Bengaluru
CLM0035591,BEN_00622,Yelahanka,2016-08-05,19,0,0,0,0,0,1,0,0,0,0.0,0.12968,0,0.0,0,87,4,4,0.6721,0.1188,GREEN,51,Bengaluru
CLM0035592,BEN_03073,HSR Layout,2023-12-21,15,0,0,0,0,0,0,0,0,0,0.0,0.044614,0,0.0,0,119,2,5,0.6293,0.0006,GREEN,51,Bengaluru
CLM0035593,BEN_02939,Marathahalli,2024-12-08,11,0,0,0,0,0,1,0,0,0,0.0,0.293296,0,0.0,0,31,2,2,0.3326,0.0584,GREEN,59,Bengaluru
CLM0035594,BEN_00505,Koramangala,2021-05-20,8,0,0,0,0,0,0,0,0,0,0.0,0.446028,0,0.0,0,166,1,6,0.7761,0.0569,GREEN,44,Bengaluru
CLM0035595,BEN_03792,Yelahanka,2021-05-27,18,0,0,0,0,0,0,0,0,0,0.0,0.249654,0,0.0,0,420,2,0,0.6234,0.0,GREEN,50,Bengaluru
CLM0035596,BEN_03754,Marathahalli,2022-08-24,17,0,0,0,0,0,0,1,0,0,0.0,0.018792,0,0.0,0,420,4,0,0.8417,0.0409,GREEN,46,Bengaluru
CLM0035597,BEN_05127,Koramangala,2016-12-25,9,0,0,0,0,0,0,0,0,0,0.0,0.008383,0,0.0,0,225,1,0,0.7462,0.0,GREEN,47,Bengaluru
CLM0035598,BEN_08249,Indiranagar,2024-10-27,16,0,0,0,0,0,0,0,0,0,1.0,0.967265,0,1.0,0,346,3,4,0.5834,0.0,GREEN,45,Bengaluru
CLM0035599,BEN_09067,Indiranagar,2022-01-02,13,0,0,0,0,0,0,1,0,0,0.0,0.409011,0,0.0,0,231,1,1,0.7212,0.0816,GREEN,43,Bengaluru
CLM0035600,BEN_06817,Rajajinagar,2025-01-24,15,0,0,0,0,0,0,0,1,0,0.0,0.125321,0,0.0,0,420,0,2,0.2173,0.097,GREEN,45,Bengaluru
CLM0035601,BEN_02838,Jayanagar,2023-07-16,20,0,0,0,0,0,0,0,0,0,0.0,0.052092,0,0.0,0,420,1,5,0.762,0.0,GREEN,63,Bengaluru
CLM0035602,BEN_06268,Jayanagar,2023-05-13,21,0,0,0,0,0,1,0,0,0,0.0,0.097649,0,0.0,0,420,0,3,0.8141,0.0,GREEN,31,Bengaluru
CLM0035603,BEN_04720,Jayanagar,2025-10-12,13,0,0,0,0,0,1,0,0,1,0.0,0.17526,0,0.0,0,215,4,0,0.98,0.1677,GREEN,51,Bengaluru
CLM0035604,BEN_02874,HSR Layout,2022-01-04,14,0,0,0,0,1,0,0,0,0,1.0,0.246937,0,0.0,1,180,0,0,0.9586,0.2746,GREEN,58,Bengaluru
CLM0035605,BEN_07553,BTM Layout,2025-08-17,18,0,0,0,0,0,0,0,1,0,0.0,0.089157,0,0.0,0,274,0,5,0.561,0.0637,GREEN,58,Bengaluru
CLM0035606,BEN_09463,Rajajinagar,2024-05-27,16,0,0,0,0,0,0,1,0,0,1.0,0.342208,0,0.0,1,388,2,3,0.7353,0.282,GREEN,41,Bengaluru
CLM0035607,BEN_07239,Electronic City,2020-08-06,13,0,0,0,0,0,0,0,0,0,0.0,0.941988,0,0.0,0,337,4,8,0.05,0.0255,GREEN,28,Bengaluru
CLM0035608,BEN_03405,Indiranagar,2018-09-29,10,0,0,0,1,1,1,1,1,1,1.0,0.963607,0,1.0,1,5,0,18,0.05,0.1037,GREEN,46,Bengaluru
CLM0035609,BEN_07215,Marathahalli,2021-07-03,11,0,0,0,0,0,0,0,0,0,0.0,0.415011,0,0.0,0,116,3,3,0.9371,0.0,GREEN,52,Bengaluru
CLM0035610,BEN_02984,Whitefield,2023-07-18,15,0,0,0,0,0,0,0,0,0,0.0,0.0,0,0.0,0,189,0,3,0.6934,0.0309,GREEN,41,Bengaluru
CLM0035611,BEN_03673,Indiranagar,2020-09-06,14,0,0,0,1,0,0,0,0,0,1.0,0.167203,0,0.0,0,187,0,1,0.5232,0.2187,GREEN,40,Bengaluru
CLM0035612,BEN_02588,Rajajinagar,2023-07-26,15,0,0,0,0,0,1,0,0,0,0.0,0.23647,0,0.0,0,420,0,0,0.365,0.1261,GREEN,26,Bengaluru
CLM0035613,BEN_08286,Marathahalli,2022-09-15,11,0,0,0,0,0,0,0,0,0,1.0,0.230069,0,0.0,0,122,4,1,0.8587,0.069,GREEN,34,Bengaluru
CLM0035614,BEN_01496,Jayanagar,2020-09-23,10,0,0,0,0,0,0,0,0,0,0.0,0.920775,0,0.0,0,348,4,0,0.8901,0.0726,GREEN,31,Bengaluru
CLM0035615,BEN_00332,Yelahanka,2020-07-19,11,0,0,0,0,0,0,0,0,0,1.0,0.43123,0,0.0,0,22,2,1,0.9292,0.1435,GREEN,54,Bengaluru
CLM0035616,BEN_02404,Marathahalli,2024-05-05,7,0,0,0,0,0,1,0,0,0,0.0,0.133672,0,0.0,0,19,4,1,0.1251,0.1437,GREEN,33,Bengaluru
CLM0035617,BEN_00766,Koramangala,2022-10-22,9,0,0,0,0,0,0,0,0,0,0.0,0.221115,0,0.0,0,322,3,0,0.8019,0.0071,GREEN,43,Bengaluru
CLM0035618,BEN_00874,Rajajinagar,2024-07-29,15,0,0,0,0,0,0,1,1,0,1.0,0.339557,0,0.0,0,418,2,2,0.761,0.2132,GREEN,46,Bengaluru
CLM0035619,BEN_03692,Indiranagar,2020-08-26,18,0,0,0,0,0,0,0,0,0,0.0,0.387463,0,0.0,0,104,1,4,0.2303,0.0,GREEN,39,Bengaluru
CLM0035620,BEN_03631,Jayanagar,2020-03-06,11,0,0,0,0,0,0,0,1,0,0.0,0.217526,0,0.0,0,48,3,0,0.6902,0.1121,GREEN,45,Bengaluru
CLM0035621,BEN_07487,Koramangala,2019-10-06,14,0,0,0,0,0,0,0,0,0,0.0,0.969379,0,0.0,0,18,1,1,0.4687,0.0,GREEN,35,Bengaluru
CLM0035622,BEN_06978,Koramangala,2019-04-09,10,0,0,0,0,0,0,1,0,0,0.0,0.094692,0,0.0,0,328,2,2,0.6947,0.1569,GREEN,44,Bengaluru
CLM0035623,BEN_07368,Koramangala,2022-05-04,11,0,0,0,0,0,0,0,0,0,0.0,0.147691,0,0.0,0,396,0,5,0.7945,0.0238,GREEN,51,Bengaluru
CLM0035624,BEN_08499,Indiranagar,2022-06-12,15,0,0,0,0,1,0,0,0,0,0.0,0.1757,0,0.0,0,400,1,0,0.8266,0.1942,GREEN,25,Bengaluru
CLM0035625,BEN_00765,HSR Layout,2022-03-30,7,0,0,0,0,0,0,0,0,0,0.0,0.333104,0,0.0,0,420,3,4,0.6957,0.0,GREEN,47,Bengaluru
CLM0035626,BEN_00852,BTM Layout,2025-01-19,8,0,0,0,0,0,1,0,0,0,0.0,0.218099,0,0.0,1,400,3,0,0.2243,0.1342,GREEN,38,Bengaluru
CLM0035627,BEN_07678,Indiranagar,2017-11-03,20,0,0,0,0,0,0,0,0,0,0.0,0.32811,0,0.0,0,58,0,3,0.7752,0.0612,GREEN,33,Bengaluru
CLM0035628,BEN_04344,Rajajinagar,2024-06-18,10,0,0,0,0,0,0,0,0,0,0.0,0.269459,0,0.0,0,252,3,5,0.0564,0.0,GREEN,59,Bengaluru
CLM0035629,BEN_00977,Jayanagar,2023-07-19,8,0,0,0,0,0,1,0,0,0,0.0,0.097458,0,0.0,0,291,1,0,0.7986,0.0418,GREEN,50,Bengaluru
CLM0035630,BEN_08179,Yelahanka,2021-03-03,16,0,0,0,0,0,0,0,0,0,0.0,0.107337,0,0.0,0,420,4,2,0.6324,0.0374,GREEN,28,Bengaluru
CLM0035631,BEN_04062,Marathahalli,2018-06-24,8,0,0,0,0,0,1,0,0,0,0.0,0.342757,1,0.0,0,277,0,1,0.98,0.1533,GREEN,36,Bengaluru
CLM0035632,BEN_06316,Koramangala,2019-08-11,8,0,0,0,0,0,0,0,0,0,0.0,0.0,0,0.0,0,206,0,6,0.9644,0.0,GREEN,39,Bengaluru
CLM0035633,BEN_05627,Yelahanka,2023-03-04,12,0,0,0,0,0,0,0,0,0,0.0,1.0,0,0.0,1,420,3,2,0.8654,0.0857,GREEN,39,Bengaluru
CLM0035634,BEN_08063,Whitefield,2018-04-17,16,0,0,0,0,0,0,0,1,0,0.0,1.0,0,1.0,0,340,4,1,0.8586,0.0709,GREEN,60,Bengaluru
CLM0035635,BEN_07888,Yelahanka,2017-12-29,19,0,0,0,1,0,0,0,0,0,0.0,0.257093,0,0.0,0,172,4,3,0.98,0.1129,GREEN,40,Bengaluru
CLM0035636,BEN_03840,Whitefield,2022-03-05,10,0,0,0,0,0,0,0,1,0,0.0,0.248999,0,0.0,0,161,1,4,0.9179,0.0218,GREEN,61,Bengaluru
CLM0035637,BEN_02824,Whitefield,2025-07-22,14,0,0,0,0,0,0,0,0,0,0.0,0.175908,0,0.0,0,81,1,4,0.9508,0.0,GREEN,45,Bengaluru
CLM0035638,BEN_01526,Jayanagar,2020-01-30,16,0,0,0,0,0,0,0,0,1,0.0,0.218752,0,0.0,0,97,3,4,0.8012,0.066,GREEN,38,Bengaluru
CLM0035639,BEN_02507,Marathahalli,2017-08-26,20,0,0,0,0,0,0,1,0,0,0.0,0.171053,0,1.0,0,203,4,0,0.8976,0.0564,GREEN,44,Bengaluru
CLM0035640,BEN_07994,Indiranagar,2017-07-04,8,0,0,0,0,0,0,0,0,0,0.0,0.066082,0,0.0,0,416,0,0,0.05,0.0,GREEN,36,Bengaluru
CLM0035641,BEN_07296,Jayanagar,2020-07-24,12,0,0,0,0,0,1,0,1,0,0.0,0.319617,0,0.0,0,216,1,3,0.6054,0.1514,GREEN,42,Bengaluru
CLM0035642,BEN_05592,Electronic City,2021-06-16,8,0,0,0,0,0,0,0,0,0,0.0,0.390419,0,0.0,0,51,2,5,0.98,0.0,GREEN,45,Bengaluru
CLM0035643,BEN_04912,Koramangala,2021-08-05,17,0,0,0,0,0,0,0,0,1,0.0,0.156306,0,0.0,0,398,0,0,0.6432,0.1207,GREEN,27,Bengaluru
CLM0035644,BEN_03312,Rajajinagar,2019-11-14,11,0,0,0,0,0,0,0,0,0,0.0,0.167553,0,0.0,0,154,1,3,0.1899,0.0,GREEN,56,Bengaluru
CLM0035645,BEN_03472,BTM Layout,2019-12-17,21,0,0,0,0,0,0,0,1,0,0.0,0.299658,0,0.0,0,65,0,1,0.6456,0.1475,GREEN,32,Bengaluru
CLM0035646,BEN_03255,Rajajinagar,2018-05-12,13,0,0,0,0,0,0,0,0,0,0.0,0.156285,0,0.0,0,274,3,0,0.1893,0.0,GREEN,47,Bengaluru
CLM0035647,BEN_04049,Electronic City,2024-01-22,21,0,0,0,0,0,0,0,1,0,0.0,0.080392,0,0.0,0,381,2,0,0.5982,0.2344,GREEN,39,Bengaluru
CLM0035648,BEN_04005,Yelahanka,2023-12-26,12,0,0,0,0,0,0,0,0,0,0.0,0.253863,0,0.0,0,289,4,3,0.5603,0.0393,GREEN,39,Bengaluru
CLM0035649,BEN_09570,HSR Layout,2025-07-01,11,0,0,0,0,1,0,0,0,0,0.0,0.145344,0,0.0,0,289,4,0,0.98,0.0986,GREEN,40,Bengaluru
CLM0035650,BEN_06198,BTM Layout,2023-12-22,7,0,1,1,0,0,0,0,0,0,0.0,0.109369,0,0.0,0,407,3,3,0.98,0.0,GREEN,33,Bengaluru
CLM0035651,BEN_07201,BTM Layout,2025-11-27,15,0,0,0,0,0,0,0,0,0,1.0,0.207023,0,0.0,0,202,1,0,0.98,0.0396,GREEN,53,Bengaluru
CLM0035652,BEN_04060,Electronic City,2025-05-21,19,0,0,0,1,0,0,1,1,0,0.0,1.0,0,1.0,1,5,3,10,0.7756,0.1239,GREEN,56,Bengaluru
CLM0035653,BEN_03189,Marathahalli,2025-02-07,7,0,0,0,0,0,0,0,0,0,0.0,0.181813,0,0.0,0,394,2,1,0.7586,0.0488,GREEN,45,Bengaluru
CLM0035654,BEN_02255,Electronic City,2022-09-17,19,0,0,0,0,1,0,0,0,0,0.0,0.0,0,0.0,0,420,4,2,0.7223,0.1367,GREEN,45,Bengaluru
CLM0035655,BEN_03083,Indiranagar,2023-06-25,20,0,0,0,0,0,0,0,0,0,0.0,0.276264,0,0.0,0,249,4,2,0.8508,0.0527,GREEN,32,Bengaluru
CLM0035656,BEN_07770,BTM Layout,2020-05-24,18,0,0,0,1,0,0,0,0,1,0.0,0.163868,0,0.0,0,234,3,0,0.4686,0.2265,GREEN,48,Bengaluru
CLM0035657,BEN_03196,Marathahalli,2020-06-16,17,0,0,0,0,0,0,0,0,0,0.0,0.441826,0,0.0,0,420,2,1,0.2898,0.0,GREEN,60,Bengaluru
CLM0035658,BEN_02807,Yelahanka,2023-08-23,21,0,0,0,1,1,0,1,1,1,1.0,0.0,0,0.0,1,17,3,12,0.2666,0.0,GREEN,49,Bengaluru
CLM0035659,BEN_07980,Rajajinagar,2025-04-17,12,0,0,0,1,0,1,0,1,1,0.0,0.113076,1,0.0,1,42,0,18,0.8936,0.0,GREEN,35,Bengaluru
CLM0035660,BEN_01590,Jayanagar,2022-08-31,13,0,0,0,0,1,0,0,0,0,0.0,0.316163,0,0.0,0,252,0,4,0.7276,0.1127,GREEN,59,Bengaluru
CLM0035661,BEN_04481,Whitefield,2021-06-12,8,0,0,0,0,0,0,0,0,0,1.0,0.969233,1,1.0,0,420,2,0,0.5332,0.0176,GREEN,48,Bengaluru
CLM0035662,BEN_01617,Marathahalli,2024-11-22,21,0,0,0,0,0,1,0,0,0,0.0,0.344984,0,0.0,0,38,3,5,0.9788,0.12,GREEN,41,Bengaluru
CLM0035663,BEN_02119,Marathahalli,2024-03-28,7,0,0,0,0,0,0,0,1,0,1.0,0.119673,0,0.0,0,132,1,2,0.6426,0.2063,GREEN,47,Bengaluru
CLM0035664,BEN_07780,BTM Layout,2025-03-22,21,0,0,0,0,0,1,0,0,1,0.0,0.160883,0,0.0,0,407,3,2,0.8879,0.1881,GREEN,41,Bengaluru
CLM0035665,BEN_09416,Rajajinagar,2024-11-29,17,0,0,0,0,0,0,0,0,0,0.0,0.995736,0,0.0,0,277,2,1,0.4556,0.0,GREEN,42,Bengaluru
CLM0035666,BEN_07516,Whitefield,2025-07-25,20,0,0,0,0,0,0,0,0,0,0.0,0.125704,0,0.0,0,420,4,3,0.1793,0.0708,GREEN,40,Bengaluru
CLM0035667,BEN_08308,Yelahanka,2023-11-18,15,0,0,0,0,0,0,0,0,0,0.0,0.033089,0,0.0,1,36,2,4,0.4917,0.0991,GREEN,49,Bengaluru
CLM0035668,BEN_05931,Rajajinagar,2024-02-22,11,0,0,0,0,0,0,0,0,0,0.0,0.203284,0,0.0,0,420,2,4,0.9091,0.0,GREEN,51,Bengaluru
CLM0035669,BEN_03357,Jayanagar,2024-02-04,18,0,0,0,0,0,0,0,0,0,0.0,0.036518,0,0.0,0,391,1,1,0.8622,0.0441,GREEN,45,Bengaluru
CLM0035670,BEN_03125,Jayanagar,2025-09-07,7,0,0,0,0,0,0,0,0,0,0.0,0.238769,0,0.0,0,412,2,1,0.9263,0.0,GREEN,26,Bengaluru
CLM0035671,BEN_09233,Rajajinagar,2024-04-12,17,0,0,0,1,0,0,1,1,1,0.0,0.937246,1,0.0,1,17,3,18,0.9782,0.2131,GREEN,41,Bengaluru
CLM0035672,BEN_00344,Whitefield,2025-05-05,15,0,0,0,0,0,0,0,0,0,0.0,0.014052,0,0.0,0,86,3,0,0.9103,0.0182,GREEN,45,Bengaluru
CLM0035673,BEN_08675,Marathahalli,2020-04-12,20,0,0,0,0,0,0,0,0,0,0.0,0.080631,0,0.0,0,141,0,3,0.8252,0.0,GREEN,43,Bengaluru
CLM0035674,BEN_00332,Yelahanka,2022-09-18,18,0,0,0,0,0,0,0,0,1,0.0,0.042932,0,0.0,0,249,4,0,0.777,0.2231,GREEN,54,Bengaluru
CLM0035675,BEN_04689,Jayanagar,2025-08-23,9,0,0,0,0,0,0,0,0,0,0.0,1.0,0,0.0,0,419,3,3,0.3926,0.0,GREEN,47,Bengaluru
CLM0035676,BEN_01391,Electronic City,2022-04-19,15,0,0,0,0,0,0,0,0,0,1.0,0.966836,0,1.0,0,420,1,3,0.7784,0.0,GREEN,26,Bengaluru
CLM0035677,BEN_00508,Jayanagar,2023-02-12,10,0,0,0,0,0,0,0,0,0,0.0,0.141678,0,0.0,0,298,0,4,0.8129,0.0041,GREEN,23,Bengaluru
CLM0035678,BEN_05683,Marathahalli,2020-09-09,13,0,0,0,0,0,1,1,1,1,0.0,0.384766,1,0.0,1,6,3,18,0.0822,0.0,GREEN,51,Bengaluru
CLM0035679,BEN_03417,Koramangala,2018-03-13,17,0,0,0,0,0,1,0,1,0,0.0,0.26321,0,0.0,0,343,0,3,0.0948,0.1585,GREEN,45,Bengaluru
CLM0035680,BEN_06035,Electronic City,2019-05-14,9,0,0,0,0,0,0,0,0,0,0.0,0.0,0,0.0,1,420,2,5,0.1623,0.0,GREEN,53,Bengaluru
CLM0035681,BEN_04028,BTM Layout,2024-09-10,18,0,0,0,1,0,0,1,0,0,0.0,0.094843,1,0.0,0,420,4,5,0.05,0.284,GREEN,56,Bengaluru
CLM0035682,BEN_05626,HSR Layout,2017-10-20,14,0,0,0,0,0,0,0,0,0,1.0,0.097275,0,0.0,0,39,4,4,0.7065,0.0,GREEN,59,Bengaluru
CLM0035683,BEN_06710,Koramangala,2018-12-07,14,0,0,0,1,0,0,0,0,0,0.0,0.0,0,0.0,0,40,2,1,0.6439,0.0683,GREEN,61,Bengaluru
CLM0035684,BEN_09896,Yelahanka,2019-07-10,16,0,0,0,0,0,0,0,0,0,0.0,0.249499,0,0.0,0,26,4,4,0.8274,0.1358,GREEN,28,Bengaluru
CLM0035685,BEN_08728,Rajajinagar,2019-09-27,19,0,0,0,0,0,0,0,1,0,0.0,0.016431,0,1.0,0,420,1,0,0.05,0.0616,GREEN,41,Bengaluru
CLM0035686,BEN_05719,Rajajinagar,2020-06-17,21,0,0,0,0,0,0,0,0,0,0.0,0.014797,0,0.0,0,60,1,0,0.6869,0.0,GREEN,58,Bengaluru
CLM0035687,BEN_06860,Electronic City,2019-02-13,7,0,0,0,0,0,0,0,0,0,1.0,0.021989,0,0.0,0,46,2,8,0.7821,0.1288,GREEN,47,Bengaluru
CLM0035688,BEN_02949,Electronic City,2025-12-04,12,0,0,0,0,0,0,0,0,0,0.0,0.295167,0,0.0,0,230,0,2,0.8561,0.0,GREEN,46,Bengaluru
CLM0035689,BEN_02835,Jayanagar,2020-04-18,17,0,0,0,0,0,0,0,0,0,0.0,0.0,0,0.0,0,283,4,0,0.9393,0.0295,GREEN,43,Bengaluru
CLM0035690,BEN_03751,Yelahanka,2021-10-18,11,0,0,0,0,0,0,0,0,0,1.0,0.364022,0,0.0,0,136,1,3,0.05,0.0869,GREEN,49,Bengaluru
CLM0035691,BEN_04339,HSR Layout,2023-10-19,19,0,0,0,0,0,0,0,0,1,0.0,0.264147,0,0.0,0,93,0,0,0.2972,0.1358,GREEN,28,Bengaluru
CLM0035692,BEN_03709,Koramangala,2023-08-02,11,0,1,1,0,0,0,0,0,0,0.0,0.20423,0,0.0,0,210,1,1,0.6316,0.0,GREEN,44,Bengaluru
CLM0035693,BEN_05642,Jayanagar,2021-09-25,20,0,0,0,0,0,0,0,0,0,0.0,0.124115,0,0.0,0,410,2,2,0.98,0.0388,GREEN,41,Bengaluru
CLM0035694,BEN_02014,Indiranagar,2022-09-09,19,0,0,0,0,0,0,0,1,0,1.0,0.19704,0,0.0,0,346,0,0,0.8147,0.1862,GREEN,43,Bengaluru
CLM0035695,BEN_01660,HSR Layout,2021-12-05,16,1,0,0,0,0,0,0,0,0,0.0,0.228946,0,0.0,0,263,3,0,0.7503,0.0418,GREEN,48,Bengaluru
CLM0035696,BEN_05611,Electronic City,2025-01-01,14,0,0,0,0,0,0,0,0,0,1.0,0.206018,0,0.0,0,420,4,1,0.7843,0.0,GREEN,18,Bengaluru
CLM0035697,BEN_07110,Marathahalli,2025-05-18,12,0,0,0,0,0,0,0,0,0,0.0,0.065837,0,0.0,0,8,4,4,0.3652,0.0,GREEN,44,Bengaluru
CLM0035698,BEN_01759,Yelahanka,2023-06-29,7,0,0,0,0,1,0,0,0,0,0.0,0.188347,0,0.0,0,333,2,0,0.98,0.1673,GREEN,35,Bengaluru
CLM0035699,BEN_04891,HSR Layout,2022-04-03,12,0,0,0,0,0,0,0,0,0,0.0,0.124482,0,0.0,0,60,3,2,0.6311,0.0249,GREEN,50,Bengaluru
CLM0035700,BEN_05208,Whitefield,2022-03-29,14,0,0,0,0,0,0,0,1,0,0.0,0.25524,0,1.0,0,392,1,6,0.9137,0.1718,GREEN,35,Bengaluru
CLM0035701,BEN_09924,Rajajinagar,2022-12-03,20,0,1,1,0,0,0,0,0,0,0.0,0.251665,0,0.0,0,420,4,0,0.98,0.0,GREEN,60,Bengaluru
CLM0035702,BEN_01194,Yelahanka,2018-03-26,18,0,0,0,0,0,0,0,0,0,0.0,0.364955,0,0.0,0,283,3,0,0.7925,0.0089,GREEN,46,Bengaluru
CLM0035703,BEN_04615,Rajajinagar,2019-07-23,10,0,0,0,0,0,0,0,0,0,0.0,0.406276,0,0.0,1,70,2,0,0.4885,0.0449,GREEN,40,Bengaluru
CLM0035704,BEN_02306,HSR Layout,2024-04-29,9,0,0,0,0,0,0,0,0,0,0.0,0.241395,0,0.0,0,420,4,1,0.98,0.0,GREEN,62,Bengaluru
CLM0035705,BEN_03273,Jayanagar,2023-03-26,15,0,0,0,0,0,0,0,0,0,1.0,0.946988,0,1.0,0,116,0,3,0.7161,0.1224,GREEN,29,Bengaluru
CLM0035706,BEN_07564,Rajajinagar,2020-04-14,11,0,0,0,0,0,0,0,0,0,0.0,0.248418,0,0.0,0,150,3,3,0.6513,0.0077,GREEN,38,Bengaluru
CLM0035707,BEN_04762,Electronic City,2022-10-13,10,0,0,0,0,0,0,0,0,0,0.0,0.303102,0,0.0,0,61,0,0,0.846,0.0,GREEN,47,Bengaluru
CLM0035708,BEN_05176,Electronic City,2019-12-25,13,0,0,0,0,0,0,0,0,0,0.0,0.209033,0,0.0,0,315,2,2,0.7647,0.0,GREEN,38,Bengaluru
CLM0035709,BEN_00091,HSR Layout,2024-09-17,20,0,0,0,0,0,0,0,0,0,1.0,0.222254,0,0.0,0,251,0,3,0.6592,0.0261,GREEN,51,Bengaluru
CLM0035710,BEN_08967,Rajajinagar,2025-02-20,16,0,0,0,0,0,0,0,0,0,0.0,1.0,0,0.0,0,212,3,5,0.6972,0.0,GREEN,51,Bengaluru
CLM0035711,BEN_05746,HSR Layout,2022-10-26,10,0,0,0,0,0,0,0,0,0,0.0,0.194027,0,0.0,1,230,0,2,0.98,0.0,GREEN,63,Bengaluru
CLM0035712,BEN_09671,Rajajinagar,2025-04-25,19,0,0,0,0,0,0,0,0,0,0.0,0.0,0,0.0,0,377,0,0,0.577,0.0,GREEN,64,Bengaluru
CLM0035713,BEN_04358,Electronic City,2024-05-17,17,0,0,0,0,0,0,0,0,0,0.0,0.180456,0,0.0,0,278,3,0,0.7899,0.0,GREEN,39,Bengaluru
CLM0035714,BEN_04006,Koramangala,2023-03-24,14,0,1,1,0,0,0,0,0,1,0.0,0.324983,0,0.0,0,420,3,3,0.104,0.0747,GREEN,48,Bengaluru
CLM0035715,BEN_04232,Jayanagar,2024-04-05,10,0,0,0,0,0,0,0,0,0,0.0,0.212649,0,0.0,0,420,4,5,0.98,0.0,GREEN,46,Bengaluru
CLM0035716,BEN_04154,Marathahalli,2023-09-30,9,0,0,0,0,0,0,0,0,0,0.0,0.0,0,0.0,0,340,3,0,0.7378,0.0,GREEN,34,Bengaluru
CLM0035717,BEN_09783,Jayanagar,2024-12-10,20,0,0,0,0,0,0,0,0,0,0.0,0.968289,1,0.0,0,199,0,2,0.5628,0.0,GREEN,52,Bengaluru
CLM0035718,BEN_05316,BTM Layout,2025-10-18,15,0,0,0,1,0,0,1,0,0,0.0,0.343638,0,0.0,0,260,3,3,0.9671,0.2003,GREEN,41,Bengaluru
CLM0035719,BEN_01820,Marathahalli,2024-12-30,7,0,0,0,0,0,0,0,0,0,0.0,0.334898,1,0.0,0,51,3,0,0.1497,0.0532,GREEN,53,Bengaluru
CLM0035720,BEN_04315,BTM Layout,2025-04-02,16,0,0,0,1,0,0,0,1,0,0.0,0.202813,0,0.0,0,350,2,1,0.8541,0.2686,GREEN,36,Bengaluru
CLM0035721,BEN_07083,Whitefield,2025-05-14,14,0,0,0,0,0,0,0,0,0,0.0,0.147231,0,0.0,0,243,3,4,0.0826,0.0,GREEN,26,Bengaluru
CLM0035722,BEN_02706,Jayanagar,2025-09-22,15,0,0,0,0,0,1,0,0,0,0.0,0.122256,0,0.0,0,170,1,0,0.2183,0.0627,GREEN,62,Bengaluru
CLM0035723,BEN_07999,Indiranagar,2025-09-23,7,0,0,0,0,0,0,0,0,0,0.0,0.0,0,0.0,0,420,3,3,0.7162,0.0212,GREEN,30,Bengaluru
CLM0035724,BEN_06228,Marathahalli,2025-05-01,10,0,0,0,0,0,1,0,0,0,0.0,0.48011,0,1.0,0,262,2,5,0.5866,0.0242,GREEN,51,Bengaluru
CLM0035725,BEN_03110,HSR Layout,2025-09-16,20,0,0,0,0,0,0,0,0,0,0.0,1.0,0,0.0,0,45,0,0,0.944,0.01,GREEN,40,Bengaluru
CLM0035726,BEN_07058,HSR Layout,2025-05-16,12,0,0,0,0,0,0,0,0,0,0.0,0.386225,0,0.0,0,349,2,4,0.788,0.0,GREEN,42,Bengaluru
CLM0035727,BEN_08527,Yelahanka,2018-08-20,21,0,0,0,0,0,0,0,0,0,0.0,0.140299,0,0.0,0,232,1,3,0.2514,0.0,GREEN,47,Bengaluru
CLM0035728,BEN_01338,Yelahanka,2018-02-09,10,0,0,0,0,0,1,1,1,1,0.0,0.232469,0,1.0,0,5,1,18,0.2891,0.0,GREEN,41,Bengaluru
CLM0035729,BEN_01181,Indiranagar,2023-03-31,21,0,0,0,0,0,0,0,0,0,0.0,0.206506,0,0.0,0,420,3,0,0.8877,0.0812,GREEN,35,Bengaluru
CLM0035730,BEN_05925,Marathahalli,2017-09-30,11,0,0,0,0,0,0,0,0,0,0.0,0.200108,0,0.0,0,411,3,4,0.8112,0.0294,GREEN,52,Bengaluru
CLM0035731,BEN_03447,Jayanagar,2023-01-08,14,0,0,0,0,0,1,0,0,0,0.0,0.143984,0,0.0,0,108,0,7,0.5339,0.0576,GREEN,47,Bengaluru
CLM0035732,BEN_04500,BTM Layout,2020-08-08,15,0,0,0,1,0,0,0,0,0,1.0,0.350286,0,0.0,0,389,0,0,0.6911,0.2677,GREEN,36,Bengaluru
CLM0035733,BEN_09114,Jayanagar,2019-08-25,9,0,0,0,0,0,0,0,1,0,1.0,1.0,0,1.0,0,212,4,2,0.2236,0.1636,GREEN,60,Bengaluru
CLM0035734,BEN_07929,BTM Layout,2025-08-01,15,0,0,0,0,0,0,0,0,0,0.0,0.1198,1,0.0,0,214,2,0,0.9244,0.2029,GREEN,45,Bengaluru
CLM0035735,BEN_04895,BTM Layout,2019-05-08,20,0,0,0,0,0,0,0,0,0,0.0,1.0,0,0.0,0,22,0,4,0.8276,0.0,GREEN,47,Bengaluru
CLM0035736,BEN_03414,Rajajinagar,2023-04-24,13,0,0,0,0,0,1,0,0,0,0.0,0.138481,0,0.0,0,248,2,3,0.8435,0.101,GREEN,41,Bengaluru
CLM0035737,BEN_04004,HSR Layout,2022-09-18,12,0,0,0,0,0,0,0,0,0,0.0,0.183849,0,0.0,0,333,3,3,0.7373,0.0069,GREEN,35,Bengaluru
CLM0035738,BEN_07233,BTM Layout,2022-09-05,16,0,0,0,0,0,0,0,0,0,0.0,0.098479,0,0.0,0,354,3,3,0.666,0.0122,GREEN,50,Bengaluru
CLM0035739,BEN_08995,Marathahalli,2018-01-08,8,0,0,0,1,0,0,0,0,0,0.0,0.0,0,0.0,0,53,2,0,0.6229,0.0909,GREEN,70,Bengaluru
CLM0035740,BEN_08419,Koramangala,2022-12-26,15,0,0,0,0,0,0,0,0,0,0.0,0.393733,0,0.0,0,376,0,2,0.7841,0.0,GREEN,29,Bengaluru
CLM0035741,BEN_02730,Whitefield,2019-07-01,15,0,0,0,0,0,0,0,0,0,0.0,0.008813,0,0.0,0,121,0,2,0.0584,0.0422,GREEN,33,Bengaluru
CLM0035742,BEN_03816,Electronic City,2019-01-07,15,0,0,0,1,0,0,0,0,0,0.0,0.099909,0,1.0,0,420,1,1,0.8681,0.1439,GREEN,43,Bengaluru
CLM0035743,BEN_09061,Rajajinagar,2017-01-29,19,0,0,0,0,0,0,0,0,0,0.0,0.008899,0,0.0,0,420,2,3,0.8049,0.0,GREEN,49,Bengaluru
CLM0035744,BEN_09891,Indiranagar,2021-06-09,16,0,0,0,0,0,0,0,0,0,0.0,0.398858,0,0.0,0,298,4,1,0.6423,0.0,GREEN,46,Bengaluru
CLM0035745,BEN_05981,Jayanagar,2020-10-25,15,0,0,0,1,0,0,0,0,0,0.0,0.334589,0,0.0,0,76,2,8,0.98,0.1068,GREEN,38,Bengaluru
CLM0035746,BEN_04202,BTM Layout,2016-09-30,10,0,0,0,0,0,1,0,0,0,0.0,0.356315,0,0.0,0,200,0,0,0.6047,0.107,GREEN,46,Bengaluru
CLM0035747,BEN_02184,Electronic City,2024-12-09,7,0,0,0,0,0,0,1,0,0,0.0,0.996412,0,0.0,0,178,0,0,0.6315,0.0767,GREEN,42,Bengaluru
CLM0035748,BEN_02475,Koramangala,2023-04-14,12,0,0,0,0,0,0,0,0,0,0.0,0.237202,0,0.0,0,420,4,1,0.1111,0.0484,GREEN,59,Bengaluru
CLM0035749,BEN_07611,Whitefield,2022-05-29,7,0,0,0,0,1,0,0,0,0,0.0,0.066447,0,0.0,0,57,4,1,0.683,0.1027,GREEN,42,Bengaluru
CLM0035750,BEN_07289,Koramangala,2023-03-19,9,0,0,0,0,0,0,0,0,0,0.0,0.349111,0,0.0,0,238,3,3,0.8945,0.0021,GREEN,58,Bengaluru
CLM0035751,BEN_04269,Whitefield,2025-07-04,13,0,0,0,0,0,0,0,0,0,0.0,0.100101,0,0.0,0,177,4,3,0.98,0.0761,GREEN,42,Bengaluru
CLM0035752,BEN_01426,Electronic City,2023-10-25,11,0,0,0,0,0,0,0,0,0,0.0,0.38627,0,0.0,0,412,0,3,0.8128,0.0295,GREEN,45,Bengaluru
CLM0035753,BEN_05897,Koramangala,2025-01-28,8,0,0,0,0,0,0,1,0,0,0.0,0.303658,0,0.0,0,146,4,0,0.665,0.1146,GREEN,40,Bengaluru
CLM0035754,BEN_08137,BTM Layout,2020-08-18,18,0,0,0,0,0,0,0,0,0,0.0,0.323937,0,0.0,0,14,4,4,0.5254,0.0008,GREEN,45,Bengaluru
CLM0035755,BEN_02162,Yelahanka,2025-10-23,12,0,0,0,0,0,0,0,1,0,0.0,0.283524,0,0.0,0,297,4,0,0.8585,0.1134,GREEN,40,Bengaluru
CLM0035756,BEN_08089,Jayanagar,2025-04-29,12,0,0,0,0,0,0,0,0,0,0.0,0.063763,0,0.0,0,420,4,0,0.3514,0.0061,GREEN,40,Bengaluru
CLM0035757,BEN_01846,Electronic City,2022-04-23,13,0,0,0,0,0,0,0,0,0,0.0,0.079123,0,0.0,0,420,1,1,0.6245,0.0,GREEN,43,Bengaluru
CLM0035758,BEN_00254,HSR Layout,2025-10-26,15,0,0,0,0,0,0,1,0,0,0.0,0.1448,0,0.0,0,373,2,3,0.98,0.0616,GREEN,46,Bengaluru
CLM0035759,BEN_02870,Koramangala,2025-04-25,19,0,0,0,0,0,1,0,0,0,0.0,0.963397,0,0.0,0,420,0,2,0.7879,0.1003,GREEN,47,Bengaluru
CLM0035760,BEN_05076,Rajajinagar,2021-12-12,7,0,0,0,1,0,0,0,0,1,0.0,0.338304,0,0.0,0,87,4,7,0.9197,0.2569,GREEN,62,Bengaluru
CLM0035761,BEN_04143,HSR Layout,2020-06-12,14,0,0,0,0,0,1,1,0,0,0.0,0.116382,0,0.0,0,420,3,2,0.6693,0.1581,GREEN,39,Bengaluru
CLM0035762,BEN_05846,Jayanagar,2022-06-10,17,0,0,0,0,0,0,0,0,0,1.0,0.343778,0,0.0,0,107,2,5,0.7406,0.1309,GREEN,53,Bengaluru
CLM0035763,BEN_01971,HSR Layout,2016-11-05,18,0,0,0,0,0,0,0,0,0,0.0,0.497237,0,0.0,0,266,3,0,0.6994,0.0,GREEN,37,Bengaluru
CLM0035764,BEN_03929,Indiranagar,2023-06-21,11,0,0,0,1,0,1,0,1,1,0.0,0.881269,0,1.0,0,27,1,18,0.3542,0.3074,GREEN,44,Bengaluru
CLM0035765,BEN_04761,Marathahalli,2021-03-08,18,0,0,0,0,0,0,0,0,0,0.0,0.114873,0,0.0,0,75,2,0,0.5297,0.0049,GREEN,26,Bengaluru
CLM0035766,BEN_03898,Marathahalli,2019-06-21,11,0,0,0,0,0,0,0,0,0,0.0,1.0,1,0.0,0,420,2,1,0.4252,0.0501,GREEN,54,Bengaluru
CLM0035767,BEN_04389,Electronic City,2025-04-14,21,0,0,0,0,0,0,0,0,0,0.0,0.00319,0,0.0,0,97,2,3,0.8206,0.0078,GREEN,45,Bengaluru
CLM0035768,BEN_05141,HSR Layout,2022-11-24,19,0,0,0,0,0,0,0,0,0,0.0,0.310418,1,0.0,0,263,2,2,0.7775,0.0844,GREEN,39,Bengaluru
CLM0035769,BEN_02887,Whitefield,2023-06-23,10,0,0,0,0,0,0,0,0,0,0.0,0.255616,0,0.0,0,96,2,0,0.6558,0.0,GREEN,52,Bengaluru
CLM0035770,BEN_01728,Rajajinagar,2025-06-06,12,0,0,0,0,0,0,0,0,0,1.0,0.308673,0,0.0,0,342,4,1,0.98,0.0429,GREEN,65,Bengaluru
CLM0035771,BEN_00467,BTM Layout,2023-07-31,20,0,0,0,0,0,1,0,0,0,0.0,0.13924,0,0.0,0,396,3,3,0.7693,0.2124,GREEN,48,Bengaluru
CLM0035772,BEN_07926,Indiranagar,2023-11-13,17,0,0,0,0,1,0,0,0,0,0.0,0.347348,0,0.0,0,80,2,0,0.6413,0.073,GREEN,53,Bengaluru
CLM0035773,BEN_03761,Yelahanka,2024-01-17,17,0,0,0,0,0,0,0,0,0,0.0,0.935781,0,0.0,0,143,3,5,0.9086,0.0506,GREEN,50,Bengaluru
CLM0035774,BEN_01598,Jayanagar,2024-03-01,14,0,0,0,0,0,0,1,0,0,0.0,0.339779,0,0.0,0,149,1,6,0.8404,0.0332,GREEN,36,Bengaluru
CLM0035775,BEN_09228,HSR Layout,2025-07-23,15,0,0,0,0,0,1,0,0,0,0.0,0.280367,0,0.0,0,117,1,3,0.8808,0.0969,GREEN,30,Bengaluru
CLM0035776,BEN_03735,Rajajinagar,2025-03-31,14,0,0,0,0,0,0,0,0,0,0.0,1.0,0,0.0,0,87,0,1,0.8978,0.0,GREEN,43,Bengaluru
CLM0035777,BEN_09687,Koramangala,2025-08-05,7,0,0,0,1,0,1,0,1,1,0.0,0.963729,0,1.0,0,7,0,18,0.3951,0.041,GREEN,52,Bengaluru
CLM0035778,BEN_06125,HSR Layout,2024-05-06,10,0,0,0,0,0,1,0,1,0,1.0,0.390706,0,0.0,0,420,1,1,0.5366,0.3259,YELLOW,34,Bengaluru
CLM0035779,BEN_09389,Koramangala,2025-11-29,14,0,0,0,0,0,0,0,0,0,1.0,0.125661,0,0.0,0,401,3,2,0.05,0.0828,GREEN,42,Bengaluru
CLM0035780,BEN_08188,Indiranagar,2022-06-12,18,0,1,1,0,0,1,0,0,0,1.0,0.097462,0,0.0,0,364,0,3,0.5753,0.112,GREEN,29,Bengaluru
CLM0035781,BEN_07702,Yelahanka,2022-07-06,7,0,0,0,0,0,0,1,0,0,0.0,0.227811,0,0.0,0,60,0,1,0.7746,0.0278,GREEN,40,Bengaluru
CLM0035782,BEN_06921,BTM Layout,2022-05-16,15,0,0,0,0,0,0,0,0,0,0.0,0.223266,0,0.0,0,206,4,2,0.05,0.0497,GREEN,21,Bengaluru
CLM0035783,BEN_03348,Rajajinagar,2024-07-03,14,0,0,0,1,0,0,0,0,0,0.0,0.0,0,0.0,0,420,2,6,0.9628,0.1034,GREEN,49,Bengaluru
CLM0035784,BEN_04397,Electronic City,2023-08-05,17,0,0,0,1,1,1,1,1,1,1.0,0.892186,0,0.0,1,5,4,18,0.2872,0.0357,GREEN,46,Bengaluru
CLM0035785,BEN_04500,BTM Layout,2022-10-20,7,0,0,0,0,0,0,0,0,0,0.0,0.258663,0,0.0,0,138,4,0,0.777,0.0794,GREEN,36,Bengaluru
CLM0035786,BEN_06521,Rajajinagar,2018-07-04,7,0,0,0,0,0,0,0,0,0,0.0,0.275435,0,0.0,1,251,1,5,0.767,0.0088,GREEN,37,Bengaluru
CLM0035787,BEN_08090,HSR Layout,2019-11-29,17,0,0,0,0,0,0,0,0,0,0.0,0.477615,0,1.0,0,264,0,2,0.4451,0.0013,GREEN,58,Bengaluru
CLM0035788,BEN_01627,BTM Layout,2019-04-05,17,0,0,0,0,0,0,0,0,0,0.0,0.42701,0,0.0,0,420,1,0,0.2616,0.0249,GREEN,61,Bengaluru
CLM0035789,BEN_09197,Yelahanka,2022-03-07,17,0,0,0,0,0,0,1,0,0,0.0,0.16614,0,0.0,0,234,1,6,0.6805,0.0404,GREEN,50,Bengaluru
CLM0035790,BEN_05620,Whitefield,2025-12-07,16,0,0,0,0,0,0,0,0,0,0.0,0.483178,0,0.0,0,351,1,8,0.9055,0.1007,GREEN,45,Bengaluru
CLM0035791,BEN_03554,Yelahanka,2017-11-01,15,0,0,0,0,0,0,0,0,0,0.0,0.215195,0,0.0,0,76,0,0,0.8521,0.0265,GREEN,45,Bengaluru
CLM0035792,BEN_09054,Yelahanka,2024-10-03,17,0,0,0,0,0,0,0,0,0,0.0,0.068333,0,0.0,0,420,1,0,0.6212,0.0384,GREEN,43,Bengaluru
CLM0035793,BEN_07618,Yelahanka,2020-05-03,21,0,0,0,0,0,0,0,0,0,0.0,0.39407,0,0.0,0,352,1,7,0.1531,0.0,GREEN,46,Bengaluru
CLM0035794,BEN_08995,Marathahalli,2017-04-18,19,0,0,0,1,1,0,1,1,1,0.0,0.212339,1,0.0,0,5,3,18,0.8938,0.0836,GREEN,70,Bengaluru
CLM0035795,BEN_07350,Yelahanka,2024-04-18,21,0,0,0,0,0,0,0,1,0,0.0,0.067009,0,0.0,0,215,1,0,0.8179,0.0846,GREEN,29,Bengaluru
CLM0035796,BEN_06159,Marathahalli,2020-08-22,7,0,1,1,0,0,1,0,0,0,0.0,0.219212,0,0.0,0,141,1,0,0.9273,0.0883,GREEN,60,Bengaluru
CLM0035797,BEN_09854,Electronic City,2018-04-02,11,0,0,0,0,0,0,0,0,0,0.0,0.045672,0,0.0,0,76,1,1,0.6268,0.0583,GREEN,50,Bengaluru
CLM0035798,BEN_02393,Marathahalli,2017-11-13,19,0,0,0,0,0,0,0,0,0,0.0,0.971276,0,0.0,0,329,4,7,0.98,0.0403,GREEN,39,Bengaluru
CLM0035799,BEN_09964,Electronic City,2019-05-28,20,0,0,0,0,0,0,0,0,0,0.0,0.288995,1,1.0,1,255,4,2,0.1615,0.1652,GREEN,18,Bengaluru
CLM0035800,BEN_07810,Yelahanka,2023-03-29,9,0,0,0,0,0,1,0,0,0,0.0,0.097797,0,0.0,0,217,2,3,0.887,0.0354,GREEN,57,Bengaluru
CLM0035801,BEN_05807,HSR Layout,2023-06-01,20,0,1,1,0,0,0,0,0,0,0.0,0.254085,0,0.0,0,420,3,1,0.8205,0.0,GREEN,45,Bengaluru
CLM0035802,BEN_01869,HSR Layout,2022-08-15,21,0,0,0,0,0,0,0,0,0,0.0,0.293462,0,0.0,0,34,4,2,0.8714,0.0,GREEN,36,Bengaluru
CLM0035803,BEN_00530,Indiranagar,2025-01-28,20,0,0,0,0,0,0,0,1,1,0.0,0.0,0,0.0,0,374,3,0,0.0744,0.3049,GREEN,53,Bengaluru
CLM0035804,BEN_05379,Indiranagar,2025-02-10,15,0,0,0,0,0,0,0,0,0,1.0,1.0,0,0.0,0,292,2,4,0.6209,0.014,GREEN,37,Bengaluru
CLM0035805,BEN_00384,Electronic City,2025-01-15,18,0,0,0,0,0,0,0,0,0,0.0,0.245262,0,0.0,0,298,1,0,0.5396,0.0,GREEN,46,Bengaluru
CLM0035806,BEN_01348,Indiranagar,2024-07-17,13,0,0,0,0,1,0,1,1,1,1.0,0.922647,0,0.0,1,5,0,18,0.2807,0.0298,GREEN,56,Bengaluru
CLM0035807,BEN_09691,HSR Layout,2021-11-27,8,0,1,1,0,0,0,0,0,0,0.0,0.34017,0,0.0,0,310,1,2,0.9381,0.0659,GREEN,44,Bengaluru
CLM0035808,BEN_02673,Whitefield,2021-06-06,15,0,0,0,1,0,0,0,0,0,0.0,0.04744,0,0.0,0,348,3,1,0.5054,0.0726,GREEN,40,Bengaluru
CLM0035809,BEN_07794,Marathahalli,2025-06-21,10,0,0,0,0,0,0,0,0,0,0.0,0.161753,0,0.0,0,269,0,1,0.7891,0.0,GREEN,50,Bengaluru
CLM0035810,BEN_07155,Indiranagar,2025-08-20,17,0,0,0,0,0,0,0,0,0,1.0,0.952641,0,1.0,0,420,1,2,0.9146,0.1096,GREEN,39,Bengaluru
CLM0035811,BEN_03849,Electronic City,2024-04-23,13,0,0,0,0,0,0,0,0,0,0.0,0.110507,0,0.0,0,420,3,2,0.9578,0.0535,GREEN,52,Bengaluru
CLM0035812,BEN_04141,Koramangala,2025-05-03,16,0,0,0,0,0,0,0,0,0,0.0,0.077516,0,0.0,0,245,3,1,0.5165,0.0017,GREEN,33,Bengaluru
CLM0035813,BEN_02826,Rajajinagar,2022-05-16,11,0,0,0,0,0,0,1,1,0,0.0,0.40047,0,0.0,0,89,3,4,0.8244,0.255,GREEN,41,Bengaluru
CLM0035814,BEN_01635,HSR Layout,2025-04-08,13,0,0,0,0,0,0,0,0,0,0.0,0.327749,0,0.0,0,161,3,0,0.8615,0.017,GREEN,39,Bengaluru
CLM0035815,BEN_08270,HSR Layout,2025-01-26,18,0,0,0,0,0,0,0,0,0,0.0,0.152315,0,0.0,0,382,4,5,0.4699,0.0,GREEN,31,Bengaluru
CLM0035816,BEN_01901,Koramangala,2022-11-03,15,0,0,0,0,1,0,0,0,0,0.0,0.180811,0,0.0,0,420,3,2,0.601,0.0853,GREEN,63,Bengaluru
CLM0035817,BEN_01367,Electronic City,2023-05-13,8,0,0,0,1,0,0,0,0,0,0.0,0.420028,0,0.0,0,141,3,4,0.0737,0.143,GREEN,47,Bengaluru
CLM0035818,BEN_03420,Indiranagar,2023-12-19,9,0,0,0,0,0,0,0,0,0,0.0,0.261591,0,0.0,0,420,2,3,0.7454,0.0,GREEN,54,Bengaluru
CLM0035819,BEN_01751,Rajajinagar,2023-07-07,20,0,0,0,0,0,1,0,1,0,0.0,0.008457,0,0.0,0,256,2,3,0.8657,0.1962,GREEN,39,Bengaluru
CLM0035820,BEN_04942,Rajajinagar,2019-01-03,7,0,0,0,0,0,0,0,0,0,0.0,0.222105,0,0.0,0,316,2,1,0.98,0.0,GREEN,21,Bengaluru
CLM0035821,BEN_05834,Yelahanka,2017-02-22,13,0,0,0,0,0,0,0,1,0,0.0,0.145814,0,1.0,0,420,2,1,0.7042,0.1337,GREEN,36,Bengaluru
CLM0035822,BEN_09732,Yelahanka,2019-06-14,11,0,0,0,0,0,0,0,0,0,0.0,0.993191,0,0.0,0,136,2,5,0.2077,0.0284,GREEN,39,Bengaluru
CLM0035823,BEN_09821,Jayanagar,2020-12-18,20,0,0,0,0,0,0,0,0,0,1.0,0.059908,0,0.0,0,420,0,2,0.8499,0.0512,GREEN,47,Bengaluru
CLM0035824,BEN_03536,Rajajinagar,2019-11-26,8,0,0,0,0,0,0,0,0,0,0.0,0.23044,0,0.0,0,286,0,2,0.9453,0.0143,GREEN,55,Bengaluru
CLM0035825,BEN_00913,Jayanagar,2018-12-01,15,0,0,0,0,0,0,0,0,0,0.0,0.328166,0,0.0,0,160,3,4,0.4643,0.0034,GREEN,38,Bengaluru
CLM0035826,BEN_07692,Marathahalli,2022-10-10,10,0,0,0,0,0,0,0,0,0,0.0,0.983278,0,0.0,0,360,0,3,0.9373,0.0,GREEN,44,Bengaluru
CLM0035827,BEN_09262,BTM Layout,2021-08-18,17,0,0,0,1,1,0,0,0,0,0.0,0.947336,0,0.0,0,420,0,4,0.8334,0.3285,YELLOW,45,Bengaluru
CLM0035828,BEN_07942,Koramangala,2024-02-02,21,0,0,0,0,0,0,0,0,0,0.0,0.226782,1,0.0,0,420,2,2,0.0986,0.1361,GREEN,38,Bengaluru
CLM0035829,BEN_02230,Electronic City,2023-09-25,7,0,0,0,1,0,0,0,0,0,1.0,0.067582,0,0.0,0,208,3,2,0.1294,0.2488,GREEN,42,Bengaluru
CLM0035830,BEN_09378,Electronic City,2020-09-14,15,0,0,0,0,0,0,0,0,0,0.0,0.065542,0,1.0,0,83,1,0,0.8769,0.1436,GREEN,29,Bengaluru
CLM0035831,BEN_07676,Jayanagar,2022-05-03,13,0,0,0,0,0,0,0,0,0,0.0,0.066148,0,0.0,0,420,1,2,0.98,0.0059,GREEN,51,Bengaluru
CLM0035832,BEN_07143,BTM Layout,2024-09-30,10,0,0,0,0,0,1,0,0,0,1.0,0.361008,0,0.0,0,420,3,0,0.98,0.2013,GREEN,54,Bengaluru
CLM0035833,BEN_09604,BTM Layout,2025-12-01,14,0,0,0,0,0,0,0,0,0,0.0,0.08629,0,0.0,0,377,4,6,0.98,0.0452,GREEN,42,Bengaluru
CLM0035834,BEN_08310,Jayanagar,2024-11-21,10,0,0,0,0,0,0,0,0,0,1.0,0.262704,0,0.0,0,263,4,2,0.5583,0.0204,GREEN,46,Bengaluru
CLM0035835,BEN_08984,Indiranagar,2024-11-27,16,0,0,0,0,0,0,0,0,0,0.0,0.181472,0,0.0,0,198,1,1,0.8349,0.0,GREEN,50,Bengaluru
CLM0035836,BEN_02027,Jayanagar,2025-03-22,7,0,0,0,0,0,0,0,0,0,0.0,0.136669,0,0.0,0,420,4,2,0.7079,0.0,GREEN,46,Bengaluru
CLM0035837,BEN_00787,Electronic City,2025-04-30,19,0,0,0,0,0,0,0,0,0,0.0,0.501582,0,0.0,0,230,4,2,0.7698,0.0174,GREEN,48,Bengaluru
CLM0035838,BEN_06609,Marathahalli,2025-02-12,13,0,1,1,0,0,0,0,0,0,0.0,0.390042,0,0.0,0,420,4,2,0.645,0.0,GREEN,45,Bengaluru
CLM0035839,BEN_06807,Marathahalli,2020-04-29,20,0,0,0,0,0,0,0,0,0,0.0,0.085154,0,0.0,0,282,2,2,0.1791,0.0,GREEN,40,Bengaluru
CLM0035840,BEN_05905,HSR Layout,2022-11-29,15,0,0,0,0,0,1,0,0,0,0.0,0.379976,0,0.0,0,13,3,0,0.9275,0.1177,GREEN,28,Bengaluru
CLM0035841,BEN_03897,Marathahalli,2020-01-24,19,0,0,0,0,0,0,0,0,0,0.0,0.964531,0,0.0,0,168,1,0,0.518,0.0,GREEN,51,Bengaluru
CLM0035842,BEN_00017,Koramangala,2022-11-17,9,0,0,0,0,0,0,0,0,0,0.0,1.0,0,0.0,0,227,3,6,0.555,0.0167,GREEN,57,Bengaluru
CLM0035843,BEN_02349,Whitefield,2022-12-17,19,0,0,0,0,0,0,0,0,0,0.0,0.0,0,0.0,0,254,4,3,0.98,0.0,GREEN,50,Bengaluru
CLM0035844,BEN_02222,Jayanagar,2025-05-15,10,0,0,0,1,0,0,0,0,0,0.0,0.146083,0,0.0,0,420,0,0,0.605,0.1692,GREEN,39,Bengaluru
CLM0035845,BEN_04959,Marathahalli,2019-06-23,21,0,0,0,0,0,0,0,0,0,0.0,0.319903,0,0.0,0,420,4,1,0.9189,0.0033,GREEN,58,Bengaluru
CLM0035846,BEN_00044,Yelahanka,2023-05-17,18,0,0,0,0,0,1,0,0,0,0.0,0.333286,0,1.0,0,339,1,0,0.05,0.1952,GREEN,33,Bengaluru
CLM0035847,BEN_02875,Yelahanka,2022-07-23,17,0,0,0,0,0,0,0,0,0,0.0,0.270321,0,0.0,0,363,2,0,0.2656,0.0,GREEN,57,Bengaluru
CLM0035848,BEN_02041,Rajajinagar,2021-12-07,14,0,0,0,0,0,0,0,0,0,1.0,0.972203,0,0.0,0,322,2,0,0.2201,0.0374,GREEN,52,Bengaluru
CLM0035849,BEN_04570,Yelahanka,2020-08-25,19,0,0,0,0,0,0,1,1,0,0.0,0.970317,0,0.0,0,383,0,2,0.5599,0.2184,GREEN,45,Bengaluru
CLM0035850,BEN_02497,HSR Layout,2023-08-17,20,0,0,0,0,0,1,0,0,0,0.0,0.134504,0,0.0,0,192,2,3,0.0881,0.0701,GREEN,52,Bengaluru
CLM0035851,BEN_04841,Koramangala,2022-01-01,11,0,0,0,0,0,0,0,0,0,0.0,1.0,0,0.0,0,243,2,3,0.98,0.0968,GREEN,46,Bengaluru
CLM0035852,BEN_03054,Marathahalli,2018-07-27,13,0,0,0,0,0,0,0,0,0,0.0,0.0,0,0.0,0,361,4,1,0.7339,0.0603,GREEN,49,Bengaluru
CLM0035853,BEN_00482,HSR Layout,2021-12-30,21,0,0,0,0,0,0,0,0,0,0.0,0.98215,0,0.0,0,420,2,0,0.7944,0.0436,GREEN,56,Bengaluru
CLM0035854,BEN_00473,Electronic City,2018-06-29,16,0,0,0,0,0,0,0,0,0,0.0,0.047562,0,0.0,0,251,3,2,0.5891,0.0,GREEN,46,Bengaluru
CLM0035855,BEN_08633,Yelahanka,2019-05-25,9,0,0,0,0,0,0,0,0,0,0.0,0.418552,0,0.0,0,12,2,3,0.704,0.0,GREEN,28,Bengaluru
CLM0035856,BEN_06924,HSR Layout,2017-04-08,12,0,0,0,0,0,0,0,0,0,1.0,0.155107,1,0.0,0,158,2,5,0.9305,0.0685,GREEN,58,Bengaluru
CLM0035857,BEN_00227,Rajajinagar,2023-03-12,12,0,0,0,0,0,0,0,0,0,0.0,0.2446,0,0.0,0,55,4,6,0.1733,0.0382,GREEN,39,Bengaluru
CLM0035858,BEN_01971,HSR Layout,2022-09-05,21,0,0,0,0,0,0,0,1,0,1.0,0.122148,0,0.0,0,293,1,1,0.9388,0.2406,GREEN,37,Bengaluru
CLM0035859,BEN_09279,Yelahanka,2017-07-03,19,0,0,0,0,0,0,0,0,1,0.0,0.295179,0,0.0,0,223,0,0,0.901,0.1633,GREEN,24,Bengaluru
CLM0035860,BEN_09177,BTM Layout,2020-10-27,7,0,0,0,0,0,0,0,0,1,0.0,0.016987,0,0.0,1,365,3,0,0.8393,0.2249,GREEN,60,Bengaluru
CLM0035861,BEN_00887,Yelahanka,2017-03-30,18,0,0,0,0,0,0,1,0,0,0.0,0.123735,0,0.0,0,418,2,4,0.7013,0.0164,GREEN,44,Bengaluru
CLM0035862,BEN_05752,Yelahanka,2023-10-17,9,0,0,0,1,0,0,0,0,0,0.0,0.310834,0,0.0,0,13,4,0,0.7889,0.3561,YELLOW,54,Bengaluru
CLM0035863,BEN_08599,Marathahalli,2023-12-04,11,0,0,0,0,0,1,1,0,0,0.0,0.295418,0,0.0,0,49,4,3,0.9039,0.1704,GREEN,42,Bengaluru
CLM0035864,BEN_07974,Marathahalli,2025-05-23,19,0,0,0,0,0,0,0,0,0,0.0,0.32586,0,0.0,0,284,0,0,0.8414,0.0,GREEN,32,Bengaluru
CLM0035865,BEN_01898,Electronic City,2024-06-25,17,0,0,0,0,0,0,0,0,0,0.0,0.13039,0,0.0,0,420,4,0,0.1943,0.0,GREEN,51,Bengaluru
CLM0035866,BEN_00862,Jayanagar,2025-06-23,10,0,0,0,0,0,0,0,0,0,1.0,0.375155,0,0.0,0,395,3,3,0.6518,0.0966,GREEN,54,Bengaluru
CLM0035867,BEN_05573,HSR Layout,2021-09-02,8,0,0,0,0,0,0,0,0,0,0.0,0.307587,0,0.0,0,420,2,7,0.0672,0.0,GREEN,55,Bengaluru
CLM0035868,BEN_06767,Yelahanka,2023-12-05,11,0,0,0,0,0,0,0,0,0,0.0,0.362506,0,0.0,0,113,3,6,0.9708,0.0,GREEN,52,Bengaluru
CLM0035869,BEN_00539,Jayanagar,2020-05-26,8,0,0,0,1,1,1,1,0,0,1.0,0.098799,0,1.0,1,23,2,16,0.2113,0.2492,GREEN,59,Bengaluru
CLM0035870,BEN_06122,Whitefield,2023-10-18,11,0,0,0,0,0,1,0,0,0,0.0,0.090683,0,0.0,0,420,0,3,0.6996,0.1075,GREEN,47,Bengaluru
CLM0035871,BEN_01302,Yelahanka,2018-04-24,17,0,0,0,0,0,0,0,0,0,0.0,0.022858,0,0.0,0,135,1,1,0.2676,0.0,GREEN,41,Bengaluru
CLM0035872,BEN_09483,Electronic City,2023-09-16,19,0,0,0,0,0,0,0,0,0,0.0,0.322713,0,0.0,0,88,4,1,0.8546,0.0,GREEN,48,Bengaluru
CLM0035873,BEN_05569,Rajajinagar,2023-10-06,21,0,0,0,0,0,0,0,0,0,0.0,0.172092,0,0.0,0,222,4,0,0.817,0.1328,GREEN,49,Bengaluru
CLM0035874,BEN_00353,HSR Layout,2018-03-23,20,0,1,1,0,0,0,0,0,0,0.0,1.0,0,0.0,0,286,4,3,0.5943,0.0,GREEN,56,Bengaluru
CLM0035875,BEN_02868,Electronic City,2025-12-07,12,0,0,0,0,0,0,0,0,0,0.0,0.29276,0,0.0,0,289,0,3,0.8977,0.0863,GREEN,48,Bengaluru
CLM0035876,BEN_09577,Rajajinagar,2020-09-09,17,0,0,0,0,0,0,0,0,0,0.0,0.333809,0,0.0,0,67,1,4,0.05,0.0,GREEN,34,Bengaluru
CLM0035877,BEN_02022,Yelahanka,2019-02-08,15,0,0,0,0,0,0,0,0,0,0.0,0.203717,0,0.0,0,243,3,1,0.6403,0.0744,GREEN,33,Bengaluru
CLM0035878,BEN_07932,Yelahanka,2023-10-19,11,0,1,1,0,0,0,0,1,0,0.0,0.303072,0,0.0,0,356,4,0,0.8888,0.0032,GREEN,37,Bengaluru
CLM0035879,BEN_03054,Marathahalli,2025-12-13,7,0,0,0,1,0,0,1,1,0,1.0,0.934461,0,1.0,1,5,2,18,0.48,0.0,GREEN,49,Bengaluru
CLM0035880,BEN_09876,Jayanagar,2022-04-17,8,0,0,0,0,0,0,0,0,0,0.0,0.370317,0,0.0,0,189,1,0,0.2124,0.0,GREEN,55,Bengaluru
CLM0035881,BEN_08899,Marathahalli,2022-12-11,21,0,0,0,0,0,0,1,0,1,1.0,0.096365,0,0.0,0,54,2,5,0.7513,0.0,GREEN,42,Bengaluru
CLM0035882,BEN_01295,Koramangala,2022-09-01,13,0,0,0,0,0,0,0,0,0,0.0,0.086965,0,0.0,0,381,3,5,0.6444,0.0181,GREEN,62,Bengaluru
CLM0035883,BEN_04519,Yelahanka,2022-12-15,16,0,0,0,0,0,0,0,0,0,0.0,0.211829,0,0.0,0,420,3,0,0.8632,0.0762,GREEN,60,Bengaluru
CLM0035884,BEN_08604,Indiranagar,2022-12-19,9,0,0,0,1,0,0,1,0,0,0.0,0.109098,0,0.0,0,159,2,3,0.8208,0.2509,GREEN,50,Bengaluru
CLM0035885,BEN_07925,Marathahalli,2023-12-18,8,0,0,0,0,0,0,0,0,1,0.0,0.285032,1,0.0,0,322,1,2,0.6827,0.2438,GREEN,61,Bengaluru
CLM0035886,BEN_09257,BTM Layout,2025-05-11,17,0,1,1,0,0,0,0,0,0,0.0,0.188026,0,1.0,0,349,1,2,0.5532,0.0,GREEN,56,Bengaluru
CLM0035887,BEN_06495,Jayanagar,2024-07-18,8,0,0,0,0,0,0,0,0,0,0.0,0.026244,0,0.0,0,93,0,0,0.9786,0.0,GREEN,44,Bengaluru
CLM0035888,BEN_06158,Koramangala,2023-03-10,21,0,0,0,0,0,0,0,0,0,0.0,0.0,1,0.0,0,203,4,3,0.98,0.0855,GREEN,30,Bengaluru
CLM0035889,BEN_00435,Marathahalli,2021-01-27,7,0,0,0,0,0,0,0,0,0,0.0,0.04916,0,0.0,0,359,1,3,0.0854,0.0,GREEN,46,Bengaluru
CLM0035890,BEN_00865,Marathahalli,2020-12-09,20,0,0,0,0,0,0,0,0,0,1.0,0.0,0,0.0,0,354,4,0,0.98,0.0671,GREEN,54,Bengaluru
CLM0035891,BEN_05091,Koramangala,2021-10-01,19,0,0,0,0,0,0,0,0,0,0.0,0.340663,0,0.0,0,225,0,1,0.897,0.0,GREEN,39,Bengaluru
CLM0035892,BEN_03042,Electronic City,2022-01-29,16,0,0,0,0,0,0,1,0,0,0.0,0.316007,0,0.0,0,342,2,2,0.1358,0.0471,GREEN,37,Bengaluru
CLM0035893,BEN_04838,Yelahanka,2025-12-02,10,0,1,1,0,0,0,1,0,0,0.0,0.045839,0,0.0,0,215,1,3,0.6774,0.1295,GREEN,30,Bengaluru
CLM0035894,BEN_06871,Rajajinagar,2024-12-16,12,0,0,0,0,0,0,0,0,0,0.0,0.0,0,0.0,0,176,3,1,0.2366,0.0,GREEN,47,Bengaluru
CLM0035895,BEN_02175,Jayanagar,2025-01-04,19,0,1,1,0,0,0,0,0,0,0.0,0.264896,0,0.0,0,125,0,6,0.7086,0.0898,GREEN,48,Bengaluru
CLM0035896,BEN_03467,Koramangala,2020-04-21,12,0,0,0,0,0,0,0,1,0,0.0,0.307756,0,0.0,0,317,2,0,0.2677,0.0895,GREEN,52,Bengaluru
CLM0035897,BEN_05016,Indiranagar,2023-05-17,19,0,0,0,0,0,0,0,0,0,0.0,0.284217,1,0.0,0,229,4,4,0.5335,0.0896,GREEN,47,Bengaluru
CLM0035898,BEN_04722,HSR Layout,2021-08-19,7,0,0,0,0,0,0,0,0,0,1.0,0.046457,0,0.0,0,420,0,5,0.8642,0.1124,GREEN,45,Bengaluru
CLM0035899,BEN_05100,Marathahalli,2017-03-04,17,0,0,0,0,0,0,0,0,0,0.0,0.18,0,0.0,0,380,1,5,0.6151,0.0,GREEN,47,Bengaluru
CLM0035900,BEN_03090,Jayanagar,2016-03-24,12,0,0,0,0,0,0,0,0,0,1.0,0.150005,0,0.0,0,375,0,6,0.7142,0.1636,GREEN,50,Bengaluru
CLM0035901,BEN_07095,Electronic City,2024-05-23,17,0,0,0,0,0,0,0,0,0,0.0,0.397689,0,0.0,0,420,3,2,0.9563,0.0,GREEN,36,Bengaluru
CLM0035902,BEN_09528,HSR Layout,2025-06-22,13,0,0,0,0,0,0,0,0,0,0.0,0.253262,0,0.0,0,420,2,1,0.8236,0.0,GREEN,52,Bengaluru
CLM0035903,BEN_07265,HSR Layout,2022-09-06,12,0,0,0,0,0,0,0,0,0,0.0,0.965442,0,0.0,0,40,0,0,0.8604,0.0243,GREEN,38,Bengaluru
CLM0035904,BEN_01149,Indiranagar,2019-10-29,8,0,0,0,0,0,0,1,1,1,0.0,0.080398,0,0.0,1,21,1,17,0.8991,0.0265,GREEN,49,Bengaluru
CLM0035905,BEN_08693,Marathahalli,2022-08-14,12,0,0,0,0,0,0,0,0,0,0.0,0.349793,0,0.0,0,213,3,5,0.7163,0.1278,GREEN,59,Bengaluru
CLM0035906,BEN_09096,Whitefield,2024-06-16,11,0,0,0,1,0,0,0,0,0,0.0,0.111464,0,0.0,0,225,3,4,0.7519,0.2193,GREEN,39,Bengaluru
CLM0035907,BEN_01359,Yelahanka,2016-04-03,10,0,0,0,0,0,1,0,0,0,1.0,0.381378,0,0.0,0,261,2,5,0.8403,0.1357,GREEN,18,Bengaluru
CLM0035908,BEN_03389,BTM Layout,2020-08-23,21,0,0,0,0,0,1,0,0,0,0.0,0.0,0,0.0,0,420,1,3,0.7936,0.151,GREEN,40,Bengaluru
CLM0035909,BEN_06818,Koramangala,2020-01-22,10,0,0,0,0,0,0,0,0,0,0.0,0.264513,0,0.0,0,420,3,0,0.8685,0.0,GREEN,43,Bengaluru
CLM0035910,BEN_02990,Jayanagar,2022-06-27,7,0,0,0,1,0,0,0,0,0,0.0,0.052309,0,0.0,0,131,4,2,0.7326,0.193,GREEN,27,Bengaluru
CLM0035911,BEN_02781,Marathahalli,2021-07-17,16,0,0,0,0,0,1,0,0,0,0.0,0.227626,0,0.0,0,116,3,3,0.7094,0.1747,GREEN,42,Bengaluru
CLM0035912,BEN_08682,Electronic City,2020-01-05,16,0,0,0,0,0,0,0,0,0,0.0,0.246117,0,0.0,0,27,4,0,0.6346,0.0365,GREEN,37,Bengaluru
CLM0035913,BEN_07472,Marathahalli,2019-06-13,21,0,0,0,0,1,0,0,0,0,0.0,0.152696,0,0.0,0,206,4,3,0.6114,0.0876,GREEN,54,Bengaluru
CLM0035914,BEN_00130,HSR Layout,2025-05-21,21,0,0,0,0,0,0,0,0,0,0.0,0.042675,0,0.0,0,202,0,7,0.4527,0.0,GREEN,33,Bengaluru
CLM0035915,BEN_00299,Yelahanka,2025-04-03,7,0,1,1,1,0,0,1,0,0,0.0,0.044957,0,0.0,0,420,1,3,0.98,0.3034,GREEN,45,Bengaluru
CLM0035916,BEN_06322,HSR Layout,2024-08-04,15,0,0,0,0,0,0,0,0,0,0.0,0.074597,0,0.0,0,191,3,2,0.9441,0.0644,GREEN,32,Bengaluru
CLM0035917,BEN_07103,HSR Layout,2024-01-31,21,0,0,0,0,1,0,1,1,0,1.0,0.976849,1,0.0,0,5,3,18,0.4275,0.0,GREEN,47,Bengaluru
CLM0035918,BEN_08995,Marathahalli,2019-10-04,12,0,0,0,0,0,0,1,0,0,0.0,0.0,0,0.0,0,58,3,0,0.7448,0.0478,GREEN,70,Bengaluru
CLM0035919,BEN_05834,Yelahanka,2021-12-19,20,0,0,0,0,0,0,0,0,0,0.0,0.030146,0,0.0,0,350,2,3,0.708,0.0509,GREEN,36,Bengaluru
CLM0035920,BEN_04309,HSR Layout,2022-11-08,16,0,0,0,0,0,0,0,0,0,0.0,0.201378,0,0.0,0,290,2,4,0.6781,0.0,GREEN,47,Bengaluru
CLM0035921,BEN_00479,Marathahalli,2019-10-11,10,0,0,0,0,0,0,0,0,0,0.0,0.092176,1,0.0,0,147,4,4,0.6382,0.0558,GREEN,41,Bengaluru
CLM0035922,BEN_04860,Electronic City,2020-02-19,19,0,0,0,0,0,0,0,0,0,0.0,0.055774,0,0.0,0,354,3,1,0.98,0.0,GREEN,59,Bengaluru
CLM0035923,BEN_05652,Koramangala,2021-12-30,12,0,0,0,0,0,0,0,0,0,0.0,0.221705,0,0.0,1,309,0,0,0.5678,0.0804,GREEN,48,Bengaluru
CLM0035924,BEN_03754,Marathahalli,2020-03-04,14,0,0,0,0,0,0,0,0,0,0.0,0.034283,1,0.0,0,249,0,5,0.7143,0.0913,GREEN,46,Bengaluru
CLM0035925,BEN_06267,Marathahalli,2025-11-20,7,0,1,1,1,0,0,0,0,0,0.0,0.313049,0,0.0,0,240,2,2,0.05,0.1878,GREEN,32,Bengaluru
CLM0035926,BEN_09849,Rajajinagar,2016-01-19,17,0,0,0,0,0,1,0,0,0,1.0,0.392636,0,0.0,0,200,0,1,0.6953,0.1143,GREEN,37,Bengaluru
CLM0035927,BEN_01925,Whitefield,2021-06-05,19,0,0,0,0,0,0,0,0,0,0.0,0.173984,0,0.0,0,324,0,1,0.5842,0.0,GREEN,45,Bengaluru
CLM0035928,BEN_06713,Rajajinagar,2019-07-22,19,0,0,0,0,0,1,0,1,0,0.0,0.489179,0,0.0,0,109,1,2,0.5381,0.2142,GREEN,48,Bengaluru
CLM0035929,BEN_04989,BTM Layout,2024-01-19,17,0,0,0,1,0,1,1,1,1,0.0,0.139587,1,0.0,0,22,3,13,0.9332,0.3595,YELLOW,38,Bengaluru
CLM0035930,BEN_02328,Indiranagar,2019-06-17,8,0,0,0,0,0,0,0,0,1,0.0,0.250206,0,0.0,0,310,1,0,0.7938,0.1705,GREEN,39,Bengaluru
CLM0035931,BEN_01811,Koramangala,2025-02-06,20,0,0,0,0,0,0,0,0,0,0.0,0.231678,0,1.0,0,104,2,2,0.8636,0.0558,GREEN,55,Bengaluru
CLM0035932,BEN_04885,Jayanagar,2023-07-06,15,0,0,0,0,0,0,0,0,0,0.0,0.247827,0,0.0,0,210,3,1,0.5693,0.0759,GREEN,49,Bengaluru
CLM0035933,BEN_01548,Indiranagar,2022-05-16,15,0,0,0,0,0,1,0,1,0,0.0,0.016929,1,0.0,0,382,4,4,0.6352,0.2723,GREEN,44,Bengaluru
CLM0035934,BEN_08039,Electronic City,2025-11-15,8,0,0,0,0,1,1,0,0,0,0.0,0.160088,0,0.0,0,420,4,0,0.98,0.2689,GREEN,51,Bengaluru
CLM0035935,BEN_03642,HSR Layout,2021-05-31,17,0,0,0,0,0,0,0,0,0,0.0,0.008005,0,0.0,0,88,0,6,0.7268,0.0471,GREEN,48,Bengaluru
CLM0035936,BEN_05533,Marathahalli,2021-08-07,18,0,0,0,0,0,0,0,0,0,0.0,0.200993,0,0.0,0,152,4,0,0.8697,0.0137,GREEN,28,Bengaluru
CLM0035937,BEN_01601,Indiranagar,2021-03-18,10,0,0,0,0,0,0,0,0,0,0.0,0.191393,0,0.0,0,127,4,0,0.9088,0.0,GREEN,25,Bengaluru
CLM0035938,BEN_09808,Yelahanka,2023-11-04,18,0,0,0,0,0,0,0,0,0,0.0,0.133254,0,0.0,1,229,2,6,0.7671,0.0451,GREEN,52,Bengaluru
CLM0035939,BEN_08441,Yelahanka,2022-08-11,21,0,0,0,0,0,0,0,0,0,0.0,0.182019,0,0.0,0,141,1,1,0.2225,0.0761,GREEN,23,Bengaluru
CLM0035940,BEN_07961,Jayanagar,2019-11-01,9,0,0,0,0,0,1,0,0,0,0.0,0.91937,0,0.0,0,420,1,5,0.2252,0.1625,GREEN,32,Bengaluru
CLM0035941,BEN_02591,Yelahanka,2024-03-10,18,0,0,0,0,0,0,0,0,0,0.0,0.110392,1,0.0,0,211,2,2,0.5788,0.107,GREEN,45,Bengaluru
CLM0035942,BEN_01985,Indiranagar,2025-11-10,19,0,0,0,0,0,0,0,0,0,0.0,0.145287,1,0.0,1,77,0,0,0.6014,0.0766,GREEN,47,Bengaluru
CLM0035943,BEN_06640,Indiranagar,2020-03-30,18,0,0,0,0,0,0,1,0,0,0.0,0.0,0,0.0,0,274,4,2,0.7745,0.0037,GREEN,29,Bengaluru
CLM0035944,BEN_05359,BTM Layout,2022-01-07,20,0,0,0,1,0,0,0,0,0,0.0,0.40893,0,0.0,0,223,3,7,0.2321,0.0917,GREEN,53,Bengaluru
CLM0035945,BEN_02351,Indiranagar,2021-10-11,20,0,0,0,0,0,0,0,0,1,0.0,0.287563,0,0.0,0,61,2,4,0.9025,0.1865,GREEN,49,Bengaluru
CLM0035946,BEN_04969,Electronic City,2022-12-02,11,0,0,0,0,0,0,0,0,0,0.0,0.189818,0,0.0,0,309,2,4,0.6315,0.0,GREEN,30,Bengaluru
CLM0035947,BEN_02560,HSR Layout,2018-09-04,21,0,0,0,0,0,0,1,0,0,0.0,0.299684,0,0.0,0,125,1,0,0.6034,0.0612,GREEN,57,Bengaluru
CLM0035948,BEN_01846,Electronic City,2019-11-19,19,0,0,0,1,0,1,0,0,0,0.0,0.336661,0,0.0,0,166,0,3,0.677,0.2264,GREEN,43,Bengaluru
CLM0035949,BEN_06962,Koramangala,2018-02-22,20,0,0,0,0,0,0,0,0,0,0.0,0.377508,0,0.0,0,158,0,3,0.98,0.0,GREEN,41,Bengaluru
CLM0035950,BEN_07661,Whitefield,2019-04-23,15,0,0,0,0,0,0,0,0,0,1.0,0.377143,0,0.0,0,343,4,2,0.6781,0.0728,GREEN,44,Bengaluru
CLM0035951,BEN_09769,Rajajinagar,2020-07-08,20,0,1,1,0,0,0,0,0,0,0.0,0.327996,0,0.0,0,180,0,1,0.8279,0.0791,GREEN,40,Bengaluru
CLM0035952,BEN_06190,Jayanagar,2016-09-18,12,0,0,0,0,0,0,0,0,0,0.0,0.390783,0,1.0,0,240,3,5,0.8889,0.0176,GREEN,41,Bengaluru
CLM0035953,BEN_04065,BTM Layout,2025-11-24,14,0,0,0,0,0,0,1,0,0,0.0,0.166774,0,0.0,0,335,4,0,0.9651,0.0432,GREEN,44,Bengaluru
CLM0035954,BEN_04688,Electronic City,2024-07-22,14,0,0,0,0,0,0,0,1,0,0.0,0.0,0,0.0,0,159,4,0,0.4804,0.1218,GREEN,35,Bengaluru
CLM0035955,BEN_02625,Yelahanka,2024-02-02,11,0,0,0,1,0,0,0,0,0,0.0,0.050736,0,0.0,0,420,4,6,0.98,0.1117,GREEN,54,Bengaluru
CLM0035956,BEN_08087,BTM Layout,2020-08-28,17,0,0,0,0,0,1,1,0,0,1.0,1.0,0,0.0,1,19,3,18,0.3527,0.1401,GREEN,42,Bengaluru
CLM0035957,BEN_07123,Koramangala,2022-09-05,21,0,0,0,0,0,0,0,0,0,0.0,0.381544,0,0.0,0,252,2,3,0.9306,0.0308,GREEN,41,Bengaluru
CLM0035958,BEN_03243,Yelahanka,2020-04-11,7,0,0,0,1,0,0,0,0,0,0.0,0.366016,0,0.0,0,294,3,3,0.2191,0.1991,GREEN,29,Bengaluru
CLM0035959,BEN_03099,Electronic City,2019-07-14,15,0,0,0,0,0,0,0,0,0,0.0,0.246789,0,0.0,0,420,1,4,0.5506,0.1118,GREEN,47,Bengaluru
CLM0035960,BEN_05800,Koramangala,2024-10-16,15,0,0,0,0,0,0,0,0,0,0.0,0.488746,0,0.0,0,420,1,3,0.8519,0.0,GREEN,37,Bengaluru
CLM0035961,BEN_03531,Koramangala,2025-02-10,14,0,0,0,0,0,0,0,0,1,0.0,0.299316,0,0.0,0,231,3,6,0.7296,0.1559,GREEN,42,Bengaluru
CLM0035962,BEN_05893,Indiranagar,2024-06-26,17,0,0,0,1,0,0,1,1,0,0.0,1.0,1,1.0,0,5,3,18,0.8381,0.0289,GREEN,46,Bengaluru
CLM0035963,BEN_05535,Indiranagar,2024-12-08,20,0,0,0,0,0,0,0,0,0,0.0,0.000785,0,0.0,1,365,2,3,0.797,0.0169,GREEN,51,Bengaluru
CLM0035964,BEN_08782,HSR Layout,2021-03-02,17,0,0,0,1,0,0,0,0,0,0.0,0.952523,0,0.0,0,283,0,2,0.0709,0.1275,GREEN,51,Bengaluru
CLM0035965,BEN_06706,HSR Layout,2019-12-24,20,0,0,0,0,0,1,0,0,0,0.0,0.268495,0,0.0,0,19,4,5,0.7425,0.1277,GREEN,48,Bengaluru
CLM0035966,BEN_02129,Indiranagar,2022-06-02,11,0,0,0,0,0,0,0,0,0,0.0,1.0,0,0.0,0,125,1,0,0.98,0.0067,GREEN,42,Bengaluru
CLM0035967,BEN_01305,Rajajinagar,2025-05-02,7,0,1,1,0,1,1,0,0,0,0.0,0.053304,0,0.0,0,120,4,3,0.6758,0.2748,GREEN,25,Bengaluru
CLM0035968,BEN_02368,Marathahalli,2023-07-14,11,0,0,0,0,0,0,0,1,0,0.0,0.043884,0,1.0,0,116,4,0,0.8743,0.134,GREEN,43,Bengaluru
CLM0035969,BEN_07793,Jayanagar,2019-08-18,21,0,0,0,0,0,0,0,0,0,0.0,0.960326,1,0.0,0,373,1,3,0.6873,0.148,GREEN,44,Bengaluru
CLM0035970,BEN_07810,Yelahanka,2019-10-16,20,0,0,0,0,0,0,0,0,0,0.0,0.191833,0,0.0,0,372,2,0,0.0913,0.0,GREEN,57,Bengaluru
CLM0035971,BEN_02331,Rajajinagar,2024-03-06,21,0,0,0,1,0,0,0,0,0,0.0,0.408925,0,0.0,0,282,3,2,0.6746,0.1559,GREEN,61,Bengaluru
CLM0035972,BEN_04824,Electronic City,2025-03-02,13,0,0,0,0,0,0,0,0,0,0.0,0.155777,0,0.0,0,26,0,2,0.5089,0.0,GREEN,51,Bengaluru
CLM0035973,BEN_02941,Marathahalli,2024-06-28,13,0,0,0,0,0,0,0,1,1,0.0,0.349901,0,0.0,0,70,4,5,0.6423,0.2292,GREEN,38,Bengaluru
CLM0035974,BEN_01124,HSR Layout,2023-06-06,10,0,0,0,0,0,0,0,0,0,0.0,0.103163,0,0.0,1,178,4,1,0.9004,0.0,GREEN,18,Bengaluru
CLM0035975,BEN_08709,BTM Layout,2025-10-31,9,0,0,0,1,0,0,0,0,0,0.0,0.403183,0,0.0,0,131,0,0,0.7127,0.1296,GREEN,55,Bengaluru
CLM0035976,BEN_03308,Electronic City,2023-12-15,8,0,0,0,0,0,0,0,0,0,0.0,0.283371,0,0.0,0,178,1,2,0.5136,0.1514,GREEN,34,Bengaluru
CLM0035977,BEN_02666,Indiranagar,2023-06-03,14,0,0,0,0,0,0,0,0,0,1.0,0.372059,1,0.0,0,263,0,6,0.5815,0.189,GREEN,47,Bengaluru
CLM0035978,BEN_07707,Rajajinagar,2024-10-21,14,0,0,0,0,0,0,1,0,0,0.0,0.201414,0,1.0,0,128,2,2,0.8937,0.0997,GREEN,62,Bengaluru
CLM0035979,BEN_08811,Marathahalli,2024-03-04,16,0,0,0,1,1,0,1,1,0,1.0,0.106259,1,1.0,1,5,1,18,0.1623,0.1336,GREEN,52,Bengaluru
CLM0035980,BEN_03089,Yelahanka,2024-01-26,19,0,0,0,0,0,0,0,0,0,0.0,0.178873,0,0.0,0,420,2,3,0.7997,0.0064,GREEN,43,Bengaluru
CLM0035981,BEN_05092,Indiranagar,2025-07-03,17,0,0,0,0,0,0,0,0,0,0.0,0.155688,0,0.0,0,314,1,4,0.0617,0.0826,GREEN,48,Bengaluru
CLM0035982,BEN_06259,Whitefield,2025-08-02,9,0,0,0,0,0,1,0,0,0,0.0,0.279536,0,0.0,0,142,2,4,0.7728,0.037,GREEN,47,Bengaluru
CLM0035983,BEN_07990,Electronic City,2024-10-28,7,0,1,1,0,0,0,0,0,0,0.0,0.039003,0,0.0,0,162,1,0,0.7497,0.005,GREEN,51,Bengaluru
CLM0035984,BEN_01107,Electronic City,2025-02-12,18,0,0,0,0,0,0,0,0,0,0.0,0.042437,0,0.0,0,224,1,5,0.98,0.0,GREEN,32,Bengaluru
CLM0035985,BEN_01559,Indiranagar,2025-10-04,16,0,0,0,0,0,0,0,0,0,0.0,0.366521,0,0.0,0,58,3,6,0.3746,0.0273,GREEN,26,Bengaluru
CLM0035986,BEN_00627,Yelahanka,2025-06-23,19,0,0,0,0,0,0,0,0,0,1.0,0.032376,1,0.0,0,329,3,5,0.8838,0.1564,GREEN,40,Bengaluru
CLM0035987,BEN_06868,Yelahanka,2025-06-07,19,0,0,0,0,0,0,0,0,0,0.0,0.274035,0,0.0,0,206,4,5,0.589,0.0,GREEN,55,Bengaluru
CLM0035988,BEN_02310,Marathahalli,2024-09-26,18,0,1,1,0,1,0,1,1,0,0.0,1.0,0,0.0,0,5,0,18,0.373,0.5376,YELLOW,42,Bengaluru
CLM0035989,BEN_04622,Marathahalli,2022-08-22,15,0,1,1,1,1,1,1,0,1,1.0,1.0,1,0.0,1,38,1,18,0.3611,0.7229,RED,49,Bengaluru
CLM0035990,BEN_07731,Electronic City,2025-03-20,11,0,1,1,1,1,0,1,1,0,1.0,0.159657,1,1.0,1,5,1,18,0.2118,0.7148,RED,18,Bengaluru
CLM0035991,BEN_05922,BTM Layout,2020-10-05,19,0,1,1,0,1,0,1,1,0,1.0,1.0,0,1.0,0,31,1,18,0.9528,0.3242,YELLOW,39,Bengaluru
CLM0035992,BEN_03014,Electronic City,2021-04-27,14,0,1,1,1,1,0,1,1,0,1.0,0.628003,1,1.0,1,41,0,18,0.05,0.5422,YELLOW,40,Bengaluru
CLM0035993,BEN_08688,Electronic City,2022-03-30,20,0,1,1,0,1,1,1,0,1,0.0,0.980701,0,1.0,1,14,0,18,0.05,0.7589,RED,47,Bengaluru
CLM0035994,BEN_05470,Indiranagar,2021-07-29,7,0,1,1,1,1,0,0,0,1,0.0,0.111001,0,0.0,0,5,2,18,0.9013,0.5264,YELLOW,49,Bengaluru
CLM0035995,BEN_09288,Marathahalli,2022-11-29,16,0,1,1,0,1,1,1,0,1,0.0,0.079408,0,0.0,1,17,2,18,0.8328,0.6885,RED,32,Bengaluru
CLM0035996,BEN_09037,HSR Layout,2020-07-31,20,0,0,0,0,0,0,0,0,0,0.0,0.021517,1,0.0,0,145,2,3,0.6536,0.0207,GREEN,33,Bengaluru
CLM0035997,BEN_09094,Marathahalli,2017-02-01,17,0,0,0,0,0,0,0,0,0,1.0,0.059307,0,0.0,1,412,3,1,0.9586,0.2274,GREEN,39,Bengaluru
CLM0035998,BEN_08836,Whitefield,2020-12-10,20,0,0,0,0,0,0,0,0,0,0.0,0.210983,0,0.0,0,42,2,6,0.9261,0.0,GREEN,49,Bengaluru
CLM0035999,BEN_07820,Yelahanka,2024-04-28,20,0,0,0,0,0,0,0,0,0,0.0,0.08329,0,0.0,0,372,3,6,0.5808,0.0,GREEN,22,Bengaluru
CLM0036000,BEN_06616,Indiranagar,2020-06-17,7,0,0,0,0,0,0,0,0,0,0.0,0.228248,0,0.0,0,72,0,1,0.8488,0.0636,GREEN,60,Bengaluru
CLM0036001,BEN_00716,HSR Layout,2018-03-18,13,0,1,1,0,0,0,0,0,0,0.0,0.220574,0,0.0,0,193,4,4,0.3092,0.0261,GREEN,51,Bengaluru
CLM0036002,BEN_07939,BTM Layout,2021-08-15,11,0,0,0,0,0,0,0,0,0,0.0,0.025119,0,0.0,0,69,4,0,0.8989,0.0506,GREEN,59,Bengaluru
CLM0036003,BEN_01304,Electronic City,2022-10-27,10,0,0,0,0,0,0,0,0,1,1.0,0.141417,0,0.0,0,394,3,4,0.98,0.1578,GREEN,49,Bengaluru
CLM0036004,BEN_04912,Koramangala,2023-12-09,8,0,1,1,0,0,1,0,1,0,1.0,0.0,0,1.0,1,19,0,18,0.123,0.036,GREEN,27,Bengaluru
CLM0036005,BEN_09318,Rajajinagar,2024-01-29,19,0,0,0,0,0,0,0,0,0,0.0,0.130923,0,0.0,0,401,2,0,0.98,0.0,GREEN,51,Bengaluru
CLM0036006,BEN_06943,Electronic City,2025-06-25,8,0,0,0,0,0,0,0,0,0,0.0,1.0,0,0.0,0,401,2,2,0.889,0.0582,GREEN,49,Bengaluru
CLM0036007,BEN_01924,Marathahalli,2022-11-01,9,0,0,0,0,0,0,0,0,0,0.0,0.266728,1,0.0,0,287,4,1,0.6032,0.0224,GREEN,50,Bengaluru
CLM0036008,BEN_08300,HSR Layout,2021-09-22,10,0,0,0,0,0,0,0,0,0,0.0,0.982607,0,0.0,0,22,3,1,0.5216,0.0961,GREEN,46,Bengaluru
CLM0036009,BEN_00560,Electronic City,2020-09-02,14,0,0,0,0,0,0,0,0,0,0.0,0.202653,0,0.0,0,157,4,2,0.8176,0.0783,GREEN,32,Bengaluru
CLM0036010,BEN_06250,Whitefield,2025-02-25,16,0,0,0,0,0,0,0,0,0,0.0,0.024566,0,0.0,0,195,3,3,0.2154,0.0,GREEN,26,Bengaluru
CLM0036011,BEN_04163,Jayanagar,2020-06-21,11,0,0,0,0,0,0,1,0,0,0.0,0.447329,0,0.0,0,81,2,0,0.5999,0.0096,GREEN,33,Bengaluru
CLM0036012,BEN_03762,Marathahalli,2021-02-06,17,0,0,0,0,0,0,0,0,0,0.0,0.367208,0,0.0,0,140,4,0,0.05,0.1144,GREEN,26,Bengaluru
CLM0036013,BEN_06984,Yelahanka,2024-04-01,7,0,0,0,0,0,0,0,0,0,0.0,0.269288,0,0.0,0,207,1,5,0.5172,0.1079,GREEN,45,Bengaluru
CLM0036014,BEN_05268,Koramangala,2021-09-16,11,0,1,1,1,1,0,1,0,0,0.0,0.08673,0,0.0,0,5,4,18,0.98,0.082,GREEN,30,Bengaluru
CLM0036015,BEN_08046,Rajajinagar,2025-05-03,14,0,0,0,1,1,1,1,1,0,0.0,0.132188,0,1.0,0,5,3,18,0.155,0.0607,GREEN,31,Bengaluru
CLM0036016,BEN_03282,HSR Layout,2022-03-03,14,0,0,0,0,0,0,0,0,0,0.0,0.909952,0,0.0,0,312,2,2,0.6264,0.1095,GREEN,39,Bengaluru
CLM0036017,BEN_07386,Jayanagar,2025-06-21,13,0,0,0,0,0,0,0,0,0,0.0,0.320362,0,0.0,0,420,3,0,0.6874,0.1091,GREEN,39,Bengaluru
CLM0036018,BEN_08328,Koramangala,2024-03-06,15,0,0,0,0,0,0,0,0,0,0.0,0.212564,0,0.0,0,361,3,3,0.6736,0.0,GREEN,33,Bengaluru
CLM0036019,BEN_04600,HSR Layout,2021-03-04,20,0,0,0,0,1,0,0,0,0,0.0,0.146711,0,0.0,0,394,4,0,0.549,0.1945,GREEN,33,Bengaluru
CLM0036020,BEN_03506,Whitefield,2022-12-03,9,0,0,0,0,0,0,0,0,0,0.0,0.320858,1,0.0,0,313,0,4,0.98,0.0687,GREEN,37,Bengaluru
CLM0036021,BEN_04887,Rajajinagar,2022-03-28,7,0,0,0,0,0,0,0,0,0,0.0,0.275716,0,1.0,0,233,0,1,0.9686,0.0,GREEN,49,Bengaluru
CLM0036022,BEN_08793,Marathahalli,2021-10-25,15,0,0,0,0,0,0,0,0,0,0.0,0.142989,0,0.0,0,30,2,1,0.9224,0.0204,GREEN,18,Bengaluru
CLM0036023,BEN_08586,Jayanagar,2022-06-08,17,0,0,0,0,0,0,1,0,0,0.0,0.185053,0,0.0,0,43,0,1,0.68,0.0477,GREEN,51,Bengaluru
CLM0036024,BEN_05030,Koramangala,2025-10-12,13,0,0,0,0,0,0,0,0,0,0.0,0.333383,0,0.0,1,420,2,7,0.8938,0.0899,GREEN,43,Bengaluru
CLM0036025,BEN_06984,Yelahanka,2024-09-06,12,0,0,0,0,0,1,0,0,0,0.0,0.99968,0,0.0,0,403,4,1,0.8982,0.1556,GREEN,45,Bengaluru
CLM0036026,BEN_05954,Indiranagar,2025-11-04,21,0,0,0,0,0,0,0,0,0,0.0,0.370194,0,0.0,0,143,0,1,0.7928,0.0,GREEN,43,Bengaluru
CLM0036027,BEN_04171,Yelahanka,2024-12-07,19,0,0,0,0,0,0,0,0,0,0.0,0.0,0,0.0,0,420,4,4,0.98,0.0179,GREEN,46,Bengaluru
CLM0036028,BEN_09090,BTM Layout,2024-02-08,13,0,0,0,0,0,0,0,0,1,0.0,0.941254,0,0.0,0,420,4,3,0.2482,0.1069,GREEN,41,Bengaluru
CLM0036029,BEN_05615,Whitefield,2020-12-17,21,0,0,0,0,0,1,0,0,0,0.0,0.412821,0,0.0,0,420,1,0,0.7548,0.061,GREEN,50,Bengaluru
CLM0036030,BEN_02986,HSR Layout,2019-01-30,10,0,0,0,0,0,0,1,0,0,0.0,0.382329,0,0.0,0,80,3,0,0.6132,0.0501,GREEN,30,Bengaluru
CLM0036031,BEN_05350,Electronic City,2024-04-28,18,0,0,0,0,0,0,0,0,0,0.0,1.0,0,0.0,0,420,1,0,0.7308,0.0571,GREEN,42,Bengaluru
CLM0036032,BEN_05324,Whitefield,2021-03-04,16,0,0,0,0,0,0,0,0,0,0.0,0.192465,0,0.0,0,370,2,3,0.872,0.0,GREEN,24,Bengaluru
CLM0036033,BEN_02712,Indiranagar,2025-01-02,21,0,0,0,0,0,1,0,0,0,0.0,0.218148,0,0.0,0,366,4,4,0.2648,0.139,GREEN,39,Bengaluru
CLM0036034,BEN_09588,Whitefield,2022-05-13,14,0,0,0,0,0,0,0,0,0,0.0,0.233199,0,1.0,0,137,1,1,0.7005,0.0,GREEN,52,Bengaluru
CLM0036035,BEN_01278,Rajajinagar,2025-02-03,18,0,0,0,0,0,0,0,0,0,0.0,0.219504,0,0.0,0,420,1,0,0.5892,0.0545,GREEN,40,Bengaluru
CLM0036036,BEN_05583,Indiranagar,2022-08-20,21,0,0,0,0,1,0,0,0,0,0.0,0.322267,0,0.0,0,79,1,0,0.8066,0.0944,GREEN,34,Bengaluru
CLM0036037,BEN_03108,HSR Layout,2019-04-10,13,0,0,0,1,0,1,0,0,0,0.0,0.163617,0,0.0,0,142,1,7,0.7699,0.2419,GREEN,45,Bengaluru
CLM0036038,BEN_09066,Yelahanka,2018-04-01,16,0,0,0,0,0,1,0,1,0,1.0,0.232058,0,0.0,0,402,4,1,0.6136,0.3025,GREEN,50,Bengaluru
CLM0036039,BEN_02461,Electronic City,2022-07-08,16,0,0,0,0,0,0,0,0,0,0.0,0.204832,0,0.0,0,386,0,4,0.6237,0.0127,GREEN,42,Bengaluru
CLM0036040,BEN_09987,Jayanagar,2023-08-06,7,0,0,0,0,0,1,0,1,0,0.0,0.153832,0,0.0,0,215,2,0,0.7256,0.1663,GREEN,30,Bengaluru
CLM0036041,BEN_03189,Marathahalli,2018-03-20,8,0,0,0,0,0,1,0,0,0,0.0,0.141706,0,0.0,0,331,4,1,0.05,0.0522,GREEN,45,Bengaluru
CLM0036042,BEN_07277,BTM Layout,2023-01-20,18,0,0,0,1,0,0,0,0,0,0.0,0.046941,0,0.0,0,278,2,0,0.6957,0.0892,GREEN,33,Bengaluru
CLM0036043,BEN_03073,HSR Layout,2018-09-13,16,0,0,0,0,0,0,0,1,0,0.0,0.16146,0,0.0,0,47,2,3,0.7205,0.1356,GREEN,51,Bengaluru
CLM0036044,BEN_00288,HSR Layout,2021-01-25,16,0,0,0,0,0,0,0,0,0,0.0,0.071768,0,0.0,0,384,1,5,0.53,0.0,GREEN,40,Bengaluru
CLM0036045,BEN_08877,Whitefield,2025-08-20,21,0,0,0,0,0,1,0,0,0,0.0,0.046554,0,0.0,0,7,1,18,0.8421,0.179,GREEN,48,Bengaluru
CLM0036046,BEN_00594,Yelahanka,2016-11-24,17,0,0,0,0,0,0,0,0,0,1.0,1.0,0,1.0,0,349,2,0,0.8301,0.0371,GREEN,30,Bengaluru
CLM0036047,BEN_07490,Indiranagar,2021-06-29,15,0,0,0,0,0,1,0,0,0,0.0,0.461312,0,0.0,0,275,4,4,0.843,0.1478,GREEN,31,Bengaluru
CLM0036048,BEN_01285,Marathahalli,2021-09-20,11,0,0,0,0,0,0,0,0,0,0.0,0.15106,0,0.0,0,144,3,2,0.98,0.0274,GREEN,48,Bengaluru
CLM0036049,BEN_01765,HSR Layout,2025-06-23,16,0,0,0,0,0,0,1,0,0,0.0,0.354477,0,0.0,0,420,1,1,0.155,0.149,GREEN,66,Bengaluru
CLM0036050,BEN_06313,Indiranagar,2025-03-18,20,0,1,1,0,0,0,0,0,0,0.0,0.404949,0,0.0,0,420,1,1,0.774,0.0,GREEN,39,Bengaluru
CLM0036051,BEN_01486,Electronic City,2023-12-09,19,0,0,0,0,0,0,0,0,0,0.0,0.426158,0,0.0,0,191,2,0,0.9497,0.0732,GREEN,47,Bengaluru
CLM0036052,BEN_02737,Jayanagar,2025-06-02,13,0,0,0,0,0,0,1,0,0,1.0,0.434081,0,0.0,1,106,2,2,0.6273,0.2699,GREEN,41,Bengaluru
CLM0036053,BEN_03094,Jayanagar,2022-07-17,14,0,0,0,0,0,0,0,0,0,0.0,0.120829,0,0.0,0,420,0,0,0.46,0.0344,GREEN,42,Bengaluru
CLM0036054,BEN_07909,Electronic City,2023-10-06,13,0,0,0,1,0,0,0,0,0,0.0,0.118125,0,0.0,0,187,0,1,0.9487,0.1548,GREEN,42,Bengaluru
CLM0036055,BEN_02268,Marathahalli,2022-12-19,9,0,0,0,0,0,0,0,0,0,0.0,0.195132,0,0.0,0,343,2,0,0.9053,0.0455,GREEN,49,Bengaluru
CLM0036056,BEN_01402,Koramangala,2024-12-18,8,0,0,0,0,0,0,0,0,0,0.0,0.192106,0,1.0,0,353,0,4,0.6595,0.0,GREEN,46,Bengaluru
CLM0036057,BEN_08565,Electronic City,2024-11-13,16,0,0,0,0,0,0,0,0,0,0.0,0.284023,0,0.0,0,420,2,2,0.6715,0.0312,GREEN,49,Bengaluru
CLM0036058,BEN_03686,Yelahanka,2022-10-31,14,0,0,0,1,0,0,0,0,0,1.0,0.432463,0,0.0,0,365,0,3,0.5918,0.2804,GREEN,46,Bengaluru
CLM0036059,BEN_05681,Jayanagar,2024-10-18,16,0,0,0,0,0,1,0,0,0,0.0,0.174275,0,0.0,0,420,2,1,0.6792,0.0871,GREEN,26,Bengaluru
CLM0036060,BEN_00655,HSR Layout,2025-03-03,14,0,0,0,0,0,0,0,0,0,0.0,0.249424,0,0.0,0,175,0,6,0.8965,0.0,GREEN,40,Bengaluru
CLM0036061,BEN_04666,Whitefield,2025-02-14,14,0,0,0,0,0,0,0,0,0,1.0,0.102048,0,0.0,1,359,0,2,0.6433,0.2358,GREEN,31,Bengaluru
CLM0036062,BEN_04082,BTM Layout,2025-11-10,20,0,0,0,0,0,0,0,0,0,0.0,0.216814,0,0.0,0,101,0,3,0.05,0.0353,GREEN,34,Bengaluru
CLM0036063,BEN_07885,BTM Layout,2024-09-27,9,0,0,0,0,0,0,0,0,0,0.0,0.227048,0,0.0,0,90,0,1,0.5707,0.0,GREEN,48,Bengaluru
CLM0036064,BEN_06939,Yelahanka,2024-03-15,10,0,0,0,0,0,0,0,0,0,0.0,1.0,0,0.0,0,420,2,0,0.98,0.0001,GREEN,24,Bengaluru
CLM0036065,BEN_08480,HSR Layout,2025-05-12,10,0,0,0,0,0,0,1,1,0,0.0,0.229872,0,0.0,0,156,4,1,0.7787,0.1661,GREEN,28,Bengaluru
CLM0036066,BEN_03785,Jayanagar,2024-05-28,10,0,0,0,0,0,0,0,0,0,0.0,0.054678,0,0.0,0,187,1,2,0.7014,0.0,GREEN,65,Bengaluru
CLM0036067,BEN_02702,BTM Layout,2025-07-03,14,0,0,0,0,0,0,0,0,0,0.0,0.454892,0,0.0,1,190,0,2,0.5799,0.1338,GREEN,60,Bengaluru
CLM0036068,BEN_00790,Marathahalli,2023-10-31,14,0,0,0,0,0,0,0,0,0,0.0,0.344535,0,0.0,0,120,3,2,0.2508,0.0,GREEN,39,Bengaluru
CLM0036069,BEN_05393,Electronic City,2024-10-27,11,0,0,0,0,0,0,0,0,0,0.0,0.145681,0,0.0,0,388,3,6,0.0717,0.0482,GREEN,51,Bengaluru
CLM0036070,BEN_03206,BTM Layout,2025-02-08,7,0,0,0,0,1,0,0,0,0,0.0,0.152715,0,0.0,0,329,1,0,0.533,0.1765,GREEN,44,Bengaluru
CLM0036071,BEN_04010,HSR Layout,2025-07-29,14,0,0,0,0,0,1,0,0,0,0.0,0.0,0,0.0,0,420,2,2,0.8196,0.1485,GREEN,48,Bengaluru
CLM0036072,BEN_00821,HSR Layout,2023-04-27,7,0,0,0,0,0,0,0,0,0,0.0,0.245298,0,0.0,0,420,0,3,0.6024,0.0,GREEN,51,Bengaluru
CLM0036073,BEN_06820,Koramangala,2022-10-14,16,0,0,0,1,0,0,0,0,1,1.0,0.104208,0,1.0,1,5,2,18,0.1674,0.0683,GREEN,20,Bengaluru
CLM0036074,BEN_08578,Marathahalli,2025-01-21,14,0,1,1,0,0,0,0,0,0,0.0,0.077177,0,0.0,1,252,3,0,0.98,0.0687,GREEN,61,Bengaluru
CLM0036075,BEN_09270,Yelahanka,2019-01-15,16,0,0,0,0,1,0,0,0,0,1.0,0.06417,0,0.0,0,91,0,5,0.7746,0.1992,GREEN,35,Bengaluru
CLM0036076,BEN_02380,Whitefield,2022-03-08,17,0,0,0,0,1,1,1,1,0,1.0,0.525463,1,0.0,0,5,2,18,0.261,0.0973,GREEN,40,Bengaluru
CLM0036077,BEN_02836,Whitefield,2025-11-10,19,0,0,0,0,0,0,0,0,0,0.0,0.118821,1,0.0,0,324,4,2,0.1522,0.0,GREEN,48,Bengaluru
CLM0036078,BEN_03779,Electronic City,2023-04-23,9,0,0,0,0,0,0,0,1,0,0.0,0.060291,0,0.0,0,341,1,3,0.4861,0.0781,GREEN,44,Bengaluru
CLM0036079,BEN_01916,Marathahalli,2024-01-29,20,0,0,0,0,0,0,0,0,0,0.0,1.0,0,0.0,0,373,1,5,0.7391,0.0226,GREEN,51,Bengaluru
CLM0036080,BEN_04206,HSR Layout,2025-03-15,9,0,0,0,0,0,0,0,0,0,0.0,0.104854,0,0.0,0,56,2,0,0.6548,0.0085,GREEN,52,Bengaluru
CLM0036081,BEN_05078,Rajajinagar,2017-10-30,21,0,0,0,0,0,0,0,0,0,1.0,0.304506,0,1.0,0,385,2,3,0.8996,0.0912,GREEN,59,Bengaluru
CLM0036082,BEN_07823,Electronic City,2022-08-21,17,0,0,0,0,0,0,0,0,0,0.0,0.13066,0,0.0,0,241,0,5,0.9558,0.0,GREEN,57,Bengaluru
CLM0036083,BEN_01271,Indiranagar,2023-07-08,14,0,1,1,0,0,0,0,0,0,0.0,0.045071,0,0.0,0,132,0,5,0.8672,0.4222,YELLOW,36,Bengaluru
CLM0036084,BEN_07377,Jayanagar,2022-03-14,20,0,1,1,1,0,1,1,1,1,1.0,0.124496,0,1.0,1,32,1,18,0.231,0.7879,RED,18,Bengaluru
CLM0036085,BEN_01250,HSR Layout,2022-09-19,13,0,1,1,1,1,0,1,1,1,1.0,0.0,1,0.0,0,19,0,18,0.05,0.8011,RED,50,Bengaluru
CLM0036086,BEN_04681,Koramangala,2024-07-27,9,0,1,1,0,0,0,0,0,0,0.0,0.264666,0,0.0,0,277,2,0,0.7424,0.8068,RED,57,Bengaluru
CLM0036087,BEN_02609,Yelahanka,2022-06-30,19,0,1,1,0,0,0,0,1,0,0.0,0.199054,0,0.0,0,94,2,1,0.5959,0.5149,YELLOW,36,Bengaluru
CLM0036088,BEN_07934,BTM Layout,2025-07-06,7,0,1,1,0,0,0,1,1,1,0.0,0.95554,0,1.0,1,5,2,18,0.4313,0.4266,YELLOW,47,Bengaluru
CLM0036089,BEN_02503,Rajajinagar,2021-10-28,19,0,0,0,0,0,0,0,0,0,0.0,0.314194,0,0.0,0,234,1,2,0.5116,0.0515,GREEN,47,Bengaluru
CLM0036090,BEN_03294,Marathahalli,2021-01-04,9,0,0,0,0,0,0,0,0,0,0.0,1.0,0,0.0,0,420,4,4,0.98,0.0731,GREEN,27,Bengaluru
CLM0036091,BEN_03452,BTM Layout,2023-10-16,15,0,0,0,0,0,0,0,0,0,0.0,0.082556,0,0.0,0,420,2,2,0.7475,0.0217,GREEN,33,Bengaluru
CLM0036092,BEN_04234,HSR Layout,2024-07-07,15,0,0,0,1,0,1,0,0,0,0.0,0.200894,0,0.0,0,98,2,5,0.4643,0.229,GREEN,25,Bengaluru
CLM0036093,BEN_05170,Rajajinagar,2019-09-23,12,0,0,0,0,0,0,0,0,0,0.0,0.33606,0,0.0,0,325,1,0,0.1855,0.0022,GREEN,31,Bengaluru
CLM0036094,BEN_04742,HSR Layout,2025-04-11,10,0,0,0,0,0,0,0,0,0,0.0,1.0,0,0.0,0,41,3,0,0.4881,0.0,GREEN,38,Bengaluru
CLM0036095,BEN_07890,Jayanagar,2024-02-10,13,0,0,0,0,0,0,0,0,0,0.0,0.0,0,0.0,0,284,4,8,0.719,0.0186,GREEN,53,Bengaluru
CLM0036096,BEN_02285,Indiranagar,2025-02-14,17,0,0,0,0,0,0,0,0,0,0.0,0.237744,0,0.0,0,414,3,6,0.738,0.1012,GREEN,39,Bengaluru
CLM0036097,BEN_01240,BTM Layout,2022-01-11,7,0,0,0,0,0,0,0,0,0,0.0,0.238473,0,0.0,0,420,4,0,0.6622,0.0,GREEN,47,Bengaluru
CLM0036098,BEN_08302,Indiranagar,2020-08-11,10,0,0,0,0,0,0,0,0,0,0.0,0.072074,0,0.0,0,250,1,4,0.8752,0.0,GREEN,58,Bengaluru
CLM0036099,BEN_09403,Koramangala,2024-01-07,8,0,0,0,0,0,0,0,0,0,0.0,0.328871,0,0.0,0,420,2,4,0.1359,0.0,GREEN,48,Bengaluru
CLM0036100,BEN_00733,BTM Layout,2024-05-21,21,0,1,1,0,1,0,0,0,0,0.0,0.073679,0,0.0,0,37,2,2,0.5832,0.1176,GREEN,56,Bengaluru
CLM0036101,BEN_07701,Jayanagar,2024-12-15,11,0,0,0,0,0,0,0,0,0,0.0,0.318883,0,0.0,0,292,4,4,0.7786,0.0,GREEN,64,Bengaluru
CLM0036102,BEN_02075,Rajajinagar,2022-08-31,15,0,0,0,0,0,0,0,0,0,0.0,0.31526,0,0.0,0,214,4,7,0.6682,0.071,GREEN,37,Bengaluru
CLM0036103,BEN_02279,Yelahanka,2017-04-19,21,0,0,0,0,0,1,1,0,0,0.0,0.041822,1,0.0,0,420,4,0,0.98,0.3077,GREEN,41,Bengaluru
CLM0036104,BEN_01998,Jayanagar,2016-02-17,20,0,0,0,0,0,0,0,0,0,0.0,0.343924,0,0.0,0,28,4,5,0.5998,0.0,GREEN,28,Bengaluru
CLM0036105,BEN_01894,Koramangala,2016-01-18,13,0,0,0,0,0,0,0,0,0,0.0,0.072965,0,0.0,0,310,3,2,0.98,0.0682,GREEN,31,Bengaluru
CLM0036106,BEN_02249,Marathahalli,2023-12-28,18,0,0,0,0,0,0,1,0,0,0.0,0.973535,0,1.0,0,334,2,4,0.2423,0.1305,GREEN,39,Bengaluru
CLM0036107,BEN_00124,Whitefield,2023-05-30,18,0,0,0,0,0,0,0,0,0,0.0,0.225653,0,0.0,0,206,2,4,0.98,0.0035,GREEN,47,Bengaluru
CLM0036108,BEN_09822,Whitefield,2023-05-02,14,0,0,0,0,0,0,0,0,0,0.0,0.099594,0,0.0,0,291,3,2,0.181,0.0257,GREEN,42,Bengaluru
CLM0036109,BEN_05847,Marathahalli,2021-04-05,13,0,0,0,0,0,0,0,0,0,0.0,0.171812,0,0.0,0,223,4,5,0.7516,0.0,GREEN,40,Bengaluru
CLM0036110,BEN_08174,Whitefield,2021-02-08,8,0,0,0,0,0,0,0,0,0,0.0,0.238372,0,0.0,0,39,2,4,0.8831,0.0,GREEN,44,Bengaluru
CLM0036111,BEN_02585,Koramangala,2019-11-04,11,0,0,0,0,0,0,0,1,0,0.0,0.237803,0,0.0,0,132,2,0,0.0617,0.0546,GREEN,44,Bengaluru
CLM0036112,BEN_04161,Yelahanka,2024-08-08,8,0,0,0,0,0,1,0,0,0,0.0,0.15952,0,0.0,0,51,3,0,0.8613,0.1441,GREEN,40,Bengaluru
CLM0036113,BEN_03355,Rajajinagar,2024-07-26,7,0,0,0,0,0,1,0,0,0,0.0,0.341126,0,0.0,0,335,4,4,0.189,0.1182,GREEN,39,Bengaluru
CLM0036114,BEN_02868,Electronic City,2025-03-06,17,0,0,0,1,0,0,0,0,0,0.0,0.261461,0,0.0,0,193,4,2,0.9597,0.1515,GREEN,48,Bengaluru
CLM0036115,BEN_05770,Electronic City,2024-09-12,7,0,0,0,0,0,0,0,0,0,1.0,0.247987,0,0.0,0,138,2,6,0.5387,0.077,GREEN,47,Bengaluru
CLM0036116,BEN_07965,BTM Layout,2025-03-04,14,0,0,0,0,0,0,0,0,0,0.0,0.307177,0,0.0,0,29,4,5,0.7412,0.0111,GREEN,53,Bengaluru
CLM0036117,BEN_09409,Rajajinagar,2025-05-03,12,0,0,0,0,0,1,0,0,0,0.0,0.156585,1,0.0,0,293,1,1,0.367,0.1143,GREEN,35,Bengaluru
CLM0036118,BEN_09315,Indiranagar,2025-02-01,8,0,0,0,0,0,0,0,0,0,0.0,0.097564,0,1.0,0,420,4,2,0.6635,0.0,GREEN,33,Bengaluru
CLM0036119,BEN_02528,HSR Layout,2025-07-15,12,0,0,0,0,0,0,0,0,0,0.0,0.196632,0,0.0,0,232,4,4,0.6838,0.0029,GREEN,34,Bengaluru
CLM0036120,BEN_08673,Marathahalli,2025-07-29,11,0,0,0,0,0,0,0,0,0,1.0,0.216035,0,0.0,0,420,3,4,0.3779,0.0651,GREEN,44,Bengaluru
CLM0036121,BEN_09785,Indiranagar,2025-05-21,19,0,0,0,0,0,0,0,0,0,0.0,0.992842,0,0.0,0,157,0,0,0.5075,0.0,GREEN,42,Bengaluru
CLM0036122,BEN_03402,Rajajinagar,2023-10-21,7,0,0,0,0,0,0,0,0,0,0.0,0.271924,0,0.0,0,420,3,2,0.98,0.0,GREEN,51,Bengaluru
CLM0036123,BEN_01613,BTM Layout,2025-10-28,19,0,0,0,0,0,0,0,0,0,0.0,1.0,0,0.0,0,93,3,5,0.889,0.0476,GREEN,44,Bengaluru
CLM0036124,BEN_07184,Yelahanka,2020-07-25,8,0,0,0,0,0,0,0,0,0,0.0,1.0,0,0.0,0,14,3,4,0.3165,0.0,GREEN,47,Bengaluru
CLM0036125,BEN_05608,Marathahalli,2023-11-15,12,0,0,0,0,0,0,0,0,0,0.0,0.265659,0,0.0,0,217,4,2,0.455,0.0189,GREEN,48,Bengaluru
CLM0036126,BEN_05775,Jayanagar,2024-06-29,9,0,0,0,0,0,1,1,1,1,0.0,0.0,0,0.0,1,41,4,18,0.8871,0.0,GREEN,41,Bengaluru
CLM0036127,BEN_06494,Koramangala,2024-10-01,15,0,0,0,0,0,0,0,0,0,0.0,0.071829,0,0.0,1,192,0,2,0.2652,0.0115,GREEN,27,Bengaluru
CLM0036128,BEN_05593,BTM Layout,2022-03-14,14,0,0,0,0,0,0,0,1,0,0.0,0.032257,0,0.0,0,140,2,3,0.788,0.1208,GREEN,25,Bengaluru
CLM0036129,BEN_00224,Electronic City,2023-11-06,13,0,0,0,0,0,0,0,0,0,0.0,0.0,0,0.0,0,380,3,6,0.7353,0.0641,GREEN,35,Bengaluru
CLM0036130,BEN_07058,HSR Layout,2023-01-08,9,0,0,0,0,0,1,1,1,1,1.0,1.0,1,0.0,0,5,0,18,0.2268,0.0,GREEN,42,Bengaluru
CLM0036131,BEN_07031,Yelahanka,2025-03-12,16,0,0,0,0,0,0,0,0,0,0.0,0.250232,0,1.0,0,213,2,3,0.5026,0.0269,GREEN,41,Bengaluru
CLM0036132,BEN_02227,HSR Layout,2025-07-09,7,0,0,0,0,1,0,0,0,1,1.0,0.062454,0,0.0,0,25,2,6,0.05,0.365,YELLOW,43,Bengaluru
CLM0036133,BEN_04142,BTM Layout,2024-08-03,16,0,0,0,0,0,0,0,1,0,0.0,0.224662,0,0.0,0,387,0,0,0.7022,0.138,GREEN,31,Bengaluru
CLM0036134,BEN_01716,Koramangala,2024-10-21,19,0,0,0,0,1,0,0,0,0,0.0,0.336861,0,0.0,0,324,4,5,0.5796,0.2896,GREEN,37,Bengaluru
CLM0036135,BEN_07838,Whitefield,2023-07-20,15,0,0,0,0,0,0,0,0,0,0.0,0.343738,0,0.0,0,420,0,3,0.98,0.086,GREEN,37,Bengaluru
CLM0036136,BEN_08639,Electronic City,2025-01-05,15,0,0,0,0,0,0,0,0,0,0.0,1.0,0,0.0,0,223,3,0,0.7442,0.0,GREEN,46,Bengaluru
CLM0036137,BEN_01810,Jayanagar,2025-05-24,21,0,0,0,0,0,0,1,0,0,0.0,0.476611,0,0.0,0,394,3,2,0.7548,0.0642,GREEN,48,Bengaluru
CLM0036138,BEN_07763,Jayanagar,2022-11-22,17,0,1,1,0,0,0,0,0,0,0.0,0.095958,0,0.0,0,109,0,3,0.9266,0.1246,GREEN,42,Bengaluru
CLM0036139,BEN_06926,Whitefield,2025-10-27,9,0,0,0,0,0,0,0,0,0,0.0,0.290218,0,0.0,0,420,2,1,0.711,0.0,GREEN,36,Bengaluru
CLM0036140,BEN_00846,Koramangala,2024-02-20,9,0,0,0,0,0,0,0,0,0,0.0,0.146758,0,0.0,0,420,1,2,0.98,0.0,GREEN,36,Bengaluru
CLM0036141,BEN_09854,Electronic City,2022-09-23,13,0,0,0,0,0,0,0,0,0,0.0,0.254894,0,0.0,0,133,4,3,0.7163,0.0031,GREEN,50,Bengaluru
CLM0036142,BEN_01752,BTM Layout,2025-10-29,10,0,0,0,0,0,0,0,0,0,0.0,0.458771,0,0.0,0,330,1,0,0.5783,0.0,GREEN,53,Bengaluru
CLM0036143,BEN_03435,Rajajinagar,2025-06-05,12,0,0,0,0,0,0,0,0,0,0.0,0.241508,0,0.0,0,83,2,0,0.7383,0.055,GREEN,44,Bengaluru
CLM0036144,BEN_07799,Koramangala,2025-10-19,17,0,0,0,0,0,0,0,0,1,0.0,0.260476,0,0.0,0,248,0,4,0.6637,0.1236,GREEN,44,Bengaluru
CLM0036145,BEN_00190,Marathahalli,2024-01-31,10,0,0,0,0,0,0,0,0,0,0.0,0.128889,0,0.0,0,247,3,1,0.8541,0.009,GREEN,65,Bengaluru
CLM0036146,BEN_06038,Rajajinagar,2023-05-09,16,0,0,0,0,0,1,0,0,0,0.0,0.152011,0,0.0,0,8,3,18,0.8799,0.2733,GREEN,66,Bengaluru
CLM0036147,BEN_04453,Marathahalli,2024-07-21,21,0,0,0,1,1,1,1,1,1,0.0,0.005023,0,0.0,1,5,4,18,0.8601,0.0,GREEN,40,Bengaluru
CLM0036148,BEN_07689,Jayanagar,2024-06-11,7,0,0,0,0,0,0,0,0,0,0.0,0.0,0,0.0,0,109,0,6,0.534,0.0,GREEN,34,Bengaluru
CLM0036149,BEN_09864,Marathahalli,2024-10-30,14,0,0,0,0,0,0,0,0,0,0.0,0.146341,0,0.0,0,15,4,3,0.4829,0.0,GREEN,55,Bengaluru
CLM0036150,BEN_02937,BTM Layout,2023-07-23,17,0,0,0,0,0,0,0,0,0,0.0,0.15431,0,0.0,0,413,3,3,0.7194,0.0,GREEN,29,Bengaluru
CLM0036151,BEN_02768,Marathahalli,2019-02-02,7,0,0,0,0,0,1,0,0,0,1.0,1.0,0,0.0,0,420,0,0,0.8082,0.1518,GREEN,63,Bengaluru
CLM0036152,BEN_09281,Indiranagar,2023-11-11,13,0,0,0,0,0,0,0,1,0,0.0,0.886544,0,0.0,0,418,1,2,0.7136,0.1249,GREEN,61,Bengaluru
CLM0036153,BEN_00257,Whitefield,2021-07-23,13,0,0,0,0,0,0,0,0,0,0.0,0.344799,0,0.0,0,373,4,0,0.9592,0.1031,GREEN,40,Bengaluru
CLM0036154,BEN_07751,Marathahalli,2025-07-15,8,0,0,0,0,0,1,0,0,0,0.0,0.124825,0,0.0,0,15,0,2,0.517,0.1037,GREEN,46,Bengaluru
CLM0036155,BEN_07358,Jayanagar,2020-11-12,13,0,0,0,1,1,1,1,1,1,0.0,0.090803,0,0.0,1,5,0,18,0.8073,0.0535,GREEN,47,Bengaluru
CLM0036156,BEN_04629,Jayanagar,2024-05-16,19,0,0,0,0,0,0,0,0,0,1.0,0.074193,0,0.0,0,133,1,0,0.935,0.0465,GREEN,32,Bengaluru
CLM0036157,BEN_05236,HSR Layout,2020-09-23,15,0,0,0,0,0,0,1,0,1,0.0,0.84992,0,0.0,0,280,3,0,0.8984,0.3687,YELLOW,51,Bengaluru
CLM0036158,BEN_03411,Jayanagar,2025-11-08,20,0,0,0,1,0,0,0,0,0,0.0,0.0,0,0.0,0,51,2,5,0.9073,0.3097,GREEN,47,Bengaluru
CLM0036159,BEN_02778,Yelahanka,2021-05-15,13,0,0,0,0,1,1,0,0,0,1.0,0.242917,1,1.0,0,302,0,4,0.9343,0.3121,YELLOW,37,Bengaluru
CLM0036160,BEN_08672,Jayanagar,2023-07-28,7,0,0,0,0,0,0,0,1,0,0.0,0.063261,0,0.0,0,248,4,0,0.7883,0.1003,GREEN,45,Bengaluru
CLM0036161,BEN_03248,Yelahanka,2025-10-17,7,0,0,0,0,0,0,0,0,0,0.0,0.2133,0,0.0,0,105,0,0,0.9742,0.0,GREEN,38,Bengaluru
CLM0036162,BEN_03598,HSR Layout,2022-04-15,9,0,0,0,0,0,0,0,1,0,0.0,0.0,0,0.0,0,77,1,3,0.2994,0.0989,GREEN,42,Bengaluru
CLM0036163,BEN_01014,Indiranagar,2025-02-26,14,0,0,0,0,0,0,0,0,0,0.0,0.224871,0,0.0,0,106,2,0,0.8775,0.0,GREEN,64,Bengaluru
CLM0036164,BEN_00671,Indiranagar,2024-12-15,16,0,1,1,0,0,0,0,0,0,0.0,0.244407,0,1.0,0,223,0,5,0.6439,0.7094,RED,26,Bengaluru
CLM0036165,BEN_04032,Indiranagar,2024-02-07,8,0,1,1,1,1,1,1,0,1,1.0,0.864274,1,0.0,1,15,2,18,0.2125,0.6399,RED,44,Bengaluru
CLM0036166,BEN_03770,Whitefield,2016-11-30,11,0,1,1,1,1,1,1,1,1,0.0,0.082649,1,0.0,0,8,1,18,0.9242,1.0,RED,43,Bengaluru
CLM0036167,BEN_06826,Whitefield,2018-11-13,13,1,1,0,1,1,0,1,0,0,1.0,0.024783,0,0.0,0,5,1,18,0.8237,0.4808,YELLOW,57,Bengaluru
CLM0036168,BEN_00230,Koramangala,2022-06-16,12,0,1,1,0,1,0,0,0,1,0.0,0.116272,0,0.0,0,290,0,0,0.98,0.7819,RED,44,Bengaluru
CLM0036169,BEN_02204,Yelahanka,2020-01-19,12,0,1,1,1,1,1,1,1,0,0.0,0.066476,1,0.0,1,6,0,18,0.9399,0.8324,RED,48,Bengaluru
CLM0036170,BEN_00506,BTM Layout,2022-09-17,18,0,1,1,0,0,1,1,1,1,1.0,1.0,0,0.0,1,5,2,18,0.05,0.5059,YELLOW,54,Bengaluru
CLM0036171,BEN_08266,HSR Layout,2018-12-11,19,0,1,1,1,0,0,1,1,0,0.0,1.0,1,1.0,0,6,2,18,0.8776,0.5886,YELLOW,53,Bengaluru
CLM0036172,BEN_00139,Yelahanka,2020-02-07,18,0,1,1,1,1,0,1,0,0,0.0,0.127965,0,0.0,0,30,2,18,0.8693,0.4968,YELLOW,31,Bengaluru
CLM0036173,BEN_02723,Rajajinagar,2023-09-03,12,0,1,1,1,0,1,1,0,0,0.0,0.171672,0,0.0,0,5,0,12,0.9766,0.5791,YELLOW,58,Bengaluru
CLM0036174,BEN_08358,Yelahanka,2015-06-26,19,0,1,1,1,0,1,1,1,1,0.0,0.964044,0,0.0,1,5,2,18,0.05,0.6162,RED,35,Bengaluru
CLM0036175,BEN_06144,Yelahanka,2025-10-25,20,0,0,0,0,0,0,0,0,0,1.0,0.38575,0,0.0,0,163,3,4,0.6927,0.044,GREEN,54,Bengaluru
CLM0036176,BEN_05444,HSR Layout,2024-11-15,13,0,0,0,0,0,0,0,0,0,0.0,0.0,0,0.0,0,385,3,3,0.98,0.0523,GREEN,50,Bengaluru
CLM0036177,BEN_08397,Koramangala,2021-01-08,20,0,0,0,0,0,0,0,0,0,0.0,0.045926,0,0.0,0,129,2,0,0.8927,0.0648,GREEN,43,Bengaluru
CLM0036178,BEN_00901,Electronic City,2024-10-02,12,0,0,0,0,0,0,0,0,0,0.0,0.045406,0,0.0,0,362,4,0,0.8458,0.0,GREEN,63,Bengaluru
CLM0036179,BEN_07138,Marathahalli,2023-08-07,17,0,0,0,0,1,0,0,0,0,0.0,0.405757,0,0.0,0,242,4,5,0.7318,0.0992,GREEN,54,Bengaluru
CLM0036180,BEN_04150,Rajajinagar,2020-08-29,7,0,0,0,0,0,0,0,0,1,0.0,0.26926,0,0.0,0,420,3,2,0.2287,0.0995,GREEN,37,Bengaluru
CLM0036181,BEN_05981,Jayanagar,2018-09-26,13,0,1,1,0,0,1,0,0,0,0.0,0.309396,0,0.0,0,397,2,2,0.5867,0.0343,GREEN,38,Bengaluru
CLM0036182,BEN_09754,Rajajinagar,2025-08-11,15,0,0,0,0,0,0,0,0,0,0.0,0.194724,0,0.0,0,159,0,3,0.5891,0.0,GREEN,53,Bengaluru
CLM0036183,BEN_08153,HSR Layout,2017-02-26,11,0,0,0,0,0,0,0,0,0,0.0,0.334301,0,0.0,0,154,2,1,0.8933,0.0,GREEN,42,Bengaluru
CLM0036184,BEN_06485,Marathahalli,2020-06-19,12,0,0,0,0,0,0,0,1,0,0.0,0.137597,0,0.0,0,237,4,2,0.9515,0.1046,GREEN,49,Bengaluru
CLM0036185,BEN_03986,Koramangala,2024-11-20,16,0,0,0,0,0,0,0,0,0,0.0,0.283846,0,0.0,0,301,0,1,0.2829,0.0,GREEN,34,Bengaluru
CLM0036186,BEN_05664,HSR Layout,2021-01-15,16,0,0,0,0,0,0,0,0,0,0.0,1.0,0,0.0,0,217,4,5,0.7931,0.1437,GREEN,50,Bengaluru
CLM0036187,BEN_05609,Yelahanka,2024-02-28,17,0,0,0,0,0,0,0,0,0,0.0,1.0,0,0.0,0,420,2,4,0.98,0.0,GREEN,49,Bengaluru
CLM0036188,BEN_01787,Koramangala,2018-05-23,19,0,0,0,0,0,0,0,0,0,1.0,0.049003,0,0.0,0,393,1,0,0.5059,0.0857,GREEN,35,Bengaluru
CLM0036189,BEN_05829,HSR Layout,2025-12-09,19,0,0,0,0,0,0,0,0,0,0.0,0.22871,0,1.0,0,420,1,5,0.5637,0.0,GREEN,50,Bengaluru
CLM0036190,BEN_03983,Marathahalli,2024-01-14,12,0,0,0,0,0,0,0,1,0,0.0,0.149653,0,0.0,0,420,4,0,0.6677,0.032,GREEN,56,Bengaluru
CLM0036191,BEN_09781,BTM Layout,2023-12-21,19,0,0,0,0,0,0,0,1,0,0.0,0.175373,1,0.0,0,420,2,2,0.125,0.1004,GREEN,50,Bengaluru
CLM0036192,BEN_00433,Electronic City,2024-11-01,9,0,1,1,0,0,0,0,0,0,0.0,0.211828,0,0.0,0,418,0,5,0.7234,0.0,GREEN,49,Bengaluru
CLM0036193,BEN_01867,Jayanagar,2024-12-09,21,0,0,0,0,0,0,0,0,0,0.0,0.071803,0,0.0,0,167,0,5,0.7402,0.0,GREEN,25,Bengaluru
CLM0036194,BEN_05324,Whitefield,2022-08-18,11,0,1,1,0,0,0,0,0,0,0.0,0.401182,0,0.0,0,229,0,2,0.8201,0.0,GREEN,24,Bengaluru
CLM0036195,BEN_06983,Koramangala,2021-08-02,20,0,0,0,0,0,0,0,0,1,0.0,0.19693,0,0.0,0,300,0,1,0.622,0.155,GREEN,34,Bengaluru
CLM0036196,BEN_01832,Jayanagar,2022-12-20,11,0,0,0,0,1,0,0,0,0,0.0,0.195408,0,0.0,0,221,2,3,0.4237,0.1888,GREEN,25,Bengaluru
CLM0036197,BEN_08361,Marathahalli,2021-06-19,17,0,0,0,0,0,0,0,0,0,0.0,1.0,0,0.0,0,29,2,0,0.8996,0.0,GREEN,27,Bengaluru
CLM0036198,BEN_03841,HSR Layout,2021-04-29,15,0,0,0,0,0,0,1,0,0,0.0,0.151989,0,0.0,0,134,0,0,0.5989,0.017,GREEN,47,Bengaluru
CLM0036199,BEN_01163,Whitefield,2023-01-27,21,0,0,0,0,0,0,0,0,0,0.0,0.223412,0,0.0,1,241,3,6,0.3937,0.1109,GREEN,34,Bengaluru
CLM0036200,BEN_08405,Yelahanka,2025-08-27,13,0,0,0,0,0,0,0,0,0,0.0,0.369005,0,0.0,0,119,2,3,0.5551,0.0,GREEN,39,Bengaluru
CLM0036201,BEN_05356,Yelahanka,2015-06-07,19,0,0,0,0,0,0,0,0,1,0.0,0.183005,0,0.0,0,118,4,3,0.4398,0.234,GREEN,57,Bengaluru
CLM0036202,BEN_09606,Indiranagar,2021-06-14,21,0,0,0,0,0,0,1,0,0,0.0,0.203501,1,0.0,0,420,3,0,0.5878,0.1258,GREEN,45,Bengaluru
CLM0036203,BEN_09089,Koramangala,2024-04-22,19,0,0,0,0,0,0,0,0,1,0.0,1.0,0,0.0,0,220,4,0,0.8609,0.0554,GREEN,30,Bengaluru
CLM0036204,BEN_01283,BTM Layout,2017-01-21,10,0,0,0,0,0,0,0,0,0,1.0,0.296807,1,0.0,0,205,0,5,0.3479,0.1078,GREEN,34,Bengaluru
CLM0036205,BEN_00137,HSR Layout,2023-06-11,20,0,0,0,0,0,0,0,0,0,0.0,0.052453,0,0.0,0,151,2,1,0.98,0.0014,GREEN,53,Bengaluru
CLM0036206,BEN_04448,Marathahalli,2018-08-25,12,0,0,0,0,0,0,0,0,0,0.0,0.024825,0,0.0,0,342,0,0,0.7334,0.0,GREEN,55,Bengaluru
CLM0036207,BEN_09723,Yelahanka,2016-08-19,8,0,0,0,0,0,0,0,0,0,1.0,0.183108,0,1.0,0,313,1,4,0.7007,0.0028,GREEN,36,Bengaluru
CLM0036208,BEN_05782,HSR Layout,2025-06-18,20,0,0,0,0,0,0,0,0,0,0.0,1.0,0,0.0,0,147,3,7,0.7519,0.0,GREEN,53,Bengaluru
CLM0036209,BEN_04439,Yelahanka,2020-01-14,10,0,0,0,0,0,0,0,0,0,0.0,0.342113,0,0.0,0,360,0,0,0.98,0.0,GREEN,44,Bengaluru
CLM0036210,BEN_05763,BTM Layout,2024-05-14,9,0,0,0,0,0,0,0,0,0,0.0,0.34031,0,0.0,0,282,4,5,0.4435,0.0,GREEN,53,Bengaluru
CLM0036211,BEN_01611,Marathahalli,2020-09-08,8,0,0,0,0,0,0,0,0,0,0.0,0.013897,0,0.0,0,420,3,2,0.843,0.0548,GREEN,57,Bengaluru
CLM0036212,BEN_06972,Marathahalli,2021-07-08,20,0,1,1,0,0,0,1,0,0,0.0,0.100228,0,0.0,0,25,2,1,0.212,0.1791,GREEN,45,Bengaluru
CLM0036213,BEN_08144,Indiranagar,2021-12-30,16,0,0,0,0,0,0,1,0,0,0.0,0.333981,0,0.0,0,385,0,2,0.5411,0.1438,GREEN,30,Bengaluru
CLM0036214,BEN_01718,Marathahalli,2024-04-24,15,0,0,0,0,0,0,0,0,1,0.0,0.360171,1,0.0,0,128,4,2,0.9,0.2788,GREEN,37,Bengaluru
CLM0036215,BEN_03369,Koramangala,2025-03-14,19,0,0,0,0,0,0,0,0,0,0.0,0.408461,0,0.0,0,420,2,0,0.8017,0.0,GREEN,37,Bengaluru
CLM0036216,BEN_02598,Yelahanka,2025-03-07,17,0,0,0,0,0,0,0,0,0,0.0,1.0,0,0.0,0,420,4,4,0.9555,0.0756,GREEN,45,Bengaluru
CLM0036217,BEN_07148,Electronic City,2024-08-07,7,0,0,0,0,0,0,0,0,0,0.0,0.335803,0,0.0,0,361,4,5,0.8323,0.0,GREEN,40,Bengaluru
CLM0036218,BEN_06510,Yelahanka,2022-12-16,21,0,0,0,0,0,0,0,0,0,0.0,0.34851,0,0.0,0,240,2,3,0.645,0.0,GREEN,49,Bengaluru
CLM0036219,BEN_01372,Whitefield,2025-01-21,13,0,0,0,0,0,0,0,0,0,0.0,0.169519,0,0.0,0,300,0,3,0.8882,0.0,GREEN,40,Bengaluru
CLM0036220,BEN_00525,Koramangala,2021-05-22,14,0,0,0,1,0,0,0,0,0,1.0,0.340085,0,0.0,0,420,1,4,0.9289,0.1767,GREEN,45,Bengaluru
CLM0036221,BEN_04084,Marathahalli,2020-09-21,9,0,0,0,0,0,0,0,0,0,0.0,0.183867,0,0.0,0,182,0,5,0.6967,0.0,GREEN,45,Bengaluru
CLM0036222,BEN_01655,Koramangala,2022-08-01,8,0,0,0,0,0,0,1,0,0,0.0,0.032905,0,0.0,0,199,2,0,0.9109,0.1729,GREEN,38,Bengaluru
CLM0036223,BEN_08919,Marathahalli,2020-06-23,12,0,0,0,0,0,0,0,1,0,0.0,0.173955,0,0.0,0,420,0,3,0.98,0.0752,GREEN,39,Bengaluru
CLM0036224,BEN_08105,BTM Layout,2021-12-05,20,1,0,0,0,0,0,0,0,0,0.0,0.101284,0,0.0,0,101,1,4,0.9405,0.0,GREEN,35,Bengaluru
CLM0036225,BEN_05241,BTM Layout,2023-12-23,7,0,0,0,0,0,0,0,0,0,0.0,0.377757,0,0.0,0,278,2,2,0.7949,0.0236,GREEN,36,Bengaluru
CLM0036226,BEN_08251,HSR Layout,2025-10-29,12,0,0,0,0,0,0,0,1,0,0.0,0.267073,0,0.0,0,353,3,3,0.8864,0.087,GREEN,45,Bengaluru
CLM0036227,BEN_06431,Indiranagar,2022-02-05,8,0,0,0,1,0,0,0,0,0,0.0,0.261921,0,0.0,0,309,3,2,0.7702,0.2138,GREEN,45,Bengaluru
CLM0036228,BEN_03245,Indiranagar,2021-09-24,19,0,0,0,0,0,0,0,0,0,0.0,0.234336,0,0.0,0,298,0,4,0.8997,0.028,GREEN,42,Bengaluru
CLM0036229,BEN_06158,Koramangala,2022-02-17,17,0,0,0,0,1,1,0,0,0,0.0,0.234796,0,0.0,0,322,2,0,0.6979,0.255,GREEN,30,Bengaluru
CLM0036230,BEN_03200,Koramangala,2021-12-16,8,0,0,0,0,1,0,0,1,0,0.0,0.209406,0,0.0,0,420,0,3,0.1174,0.2564,GREEN,51,Bengaluru
CLM0036231,BEN_04878,Koramangala,2025-05-26,15,0,0,0,0,0,0,0,0,0,0.0,0.355875,0,0.0,0,151,0,2,0.744,0.0434,GREEN,30,Bengaluru
CLM0036232,BEN_06719,Indiranagar,2020-12-24,14,0,0,0,1,0,0,0,0,0,0.0,0.196255,0,0.0,1,59,1,0,0.7069,0.2235,GREEN,43,Bengaluru
CLM0036233,BEN_04572,Indiranagar,2022-03-15,9,0,0,0,0,0,0,0,1,0,0.0,0.342287,0,0.0,0,47,1,5,0.5665,0.2233,GREEN,52,Bengaluru
CLM0036234,BEN_09961,BTM Layout,2021-08-03,11,0,0,0,0,0,0,0,0,0,0.0,0.139864,0,0.0,0,420,0,0,0.9092,0.0864,GREEN,27,Bengaluru
CLM0036235,BEN_09203,Yelahanka,2025-01-05,17,0,0,0,0,0,0,0,0,0,0.0,0.143383,0,0.0,0,293,1,3,0.98,0.0,GREEN,27,Bengaluru
CLM0036236,BEN_03598,HSR Layout,2019-09-12,7,0,0,0,1,1,0,1,1,1,1.0,0.946101,0,1.0,0,22,2,18,0.1452,0.1017,GREEN,42,Bengaluru
CLM0036237,BEN_09175,BTM Layout,2022-01-17,19,0,1,1,0,0,0,0,0,0,1.0,1.0,0,1.0,0,120,1,2,0.7325,0.0687,GREEN,57,Bengaluru
CLM0036238,BEN_00016,Jayanagar,2025-06-14,11,0,0,0,0,0,0,0,0,0,0.0,0.152963,0,0.0,0,368,2,0,0.1535,0.0347,GREEN,61,Bengaluru
CLM0036239,BEN_03670,Koramangala,2024-10-05,15,0,0,0,0,0,0,0,0,0,0.0,0.171162,0,0.0,0,420,1,0,0.05,0.0,GREEN,43,Bengaluru
CLM0036240,BEN_07481,Rajajinagar,2024-01-08,10,0,0,0,0,0,0,0,0,0,0.0,0.054512,0,0.0,0,420,0,0,0.98,0.0,GREEN,29,Bengaluru
CLM0036241,BEN_08759,Whitefield,2025-05-23,15,0,0,0,0,0,0,0,0,0,1.0,0.485,0,0.0,0,323,1,0,0.8976,0.0938,GREEN,24,Bengaluru
CLM0036242,BEN_03010,Electronic City,2023-03-14,12,0,0,0,0,0,0,0,0,0,0.0,1.0,0,0.0,0,420,0,2,0.98,0.0,GREEN,47,Bengaluru
CLM0036243,BEN_03699,Electronic City,2019-08-06,21,0,0,0,0,0,0,0,0,0,1.0,1.0,0,0.0,0,420,4,0,0.6811,0.0397,GREEN,45,Bengaluru
CLM0036244,BEN_08424,BTM Layout,2024-07-11,14,0,0,0,0,0,0,0,0,0,0.0,0.240111,0,0.0,0,340,4,0,0.5522,0.0,GREEN,55,Bengaluru
CLM0036245,BEN_04320,Indiranagar,2020-08-02,15,0,0,0,0,0,0,0,0,0,0.0,0.166646,0,0.0,0,311,4,1,0.6028,0.0465,GREEN,43,Bengaluru
CLM0036246,BEN_09301,BTM Layout,2022-05-02,20,0,0,0,0,0,0,0,0,0,0.0,0.248999,0,0.0,0,116,2,0,0.1388,0.0,GREEN,30,Bengaluru
CLM0036247,BEN_07359,HSR Layout,2024-10-02,18,0,0,0,0,0,0,0,0,0,0.0,0.295872,0,0.0,0,401,1,0,0.473,0.02,GREEN,65,Bengaluru
CLM0036248,BEN_04953,Jayanagar,2020-02-24,20,0,0,0,0,0,0,0,0,0,0.0,0.051722,0,0.0,0,320,4,4,0.98,0.0,GREEN,46,Bengaluru
CLM0036249,BEN_08339,Koramangala,2023-07-08,15,0,0,0,0,0,0,0,0,0,1.0,0.061022,0,0.0,0,413,1,2,0.8999,0.0272,GREEN,33,Bengaluru
CLM0036250,BEN_05228,HSR Layout,2024-06-13,11,0,0,0,0,0,0,0,0,0,0.0,0.521626,0,0.0,0,420,4,4,0.8775,0.0,GREEN,44,Bengaluru
CLM0036251,BEN_02507,Marathahalli,2024-03-26,17,0,0,0,0,0,0,0,1,0,0.0,0.317832,0,0.0,0,224,2,0,0.6538,0.1244,GREEN,44,Bengaluru
CLM0036252,BEN_03143,BTM Layout,2020-03-12,10,0,0,0,0,0,0,0,1,0,0.0,0.269368,0,0.0,0,138,3,4,0.6984,0.1769,GREEN,50,Bengaluru
CLM0036253,BEN_04042,Yelahanka,2024-08-24,11,0,0,0,0,0,0,0,0,0,0.0,0.079375,0,0.0,1,174,4,1,0.8931,0.1246,GREEN,60,Bengaluru
CLM0036254,BEN_08202,Yelahanka,2018-07-03,9,0,0,0,0,0,0,0,0,0,0.0,0.251963,0,0.0,0,268,3,6,0.0922,0.0,GREEN,52,Bengaluru
CLM0036255,BEN_06627,Indiranagar,2021-01-08,21,0,0,0,1,0,0,0,0,0,0.0,0.159982,0,0.0,0,358,4,2,0.5015,0.11,GREEN,42,Bengaluru
CLM0036256,BEN_07034,Indiranagar,2025-11-21,17,0,0,0,0,0,0,0,0,0,0.0,0.243848,0,0.0,0,109,2,0,0.0652,0.0899,GREEN,33,Bengaluru
CLM0036257,BEN_09907,Koramangala,2019-11-27,19,0,0,0,0,0,0,0,0,0,0.0,0.141906,0,0.0,0,318,1,7,0.8344,0.0,GREEN,32,Bengaluru
CLM0036258,BEN_05173,Jayanagar,2021-06-29,21,0,0,0,0,0,0,0,0,0,0.0,0.27727,0,0.0,0,420,4,2,0.8095,0.0035,GREEN,41,Bengaluru
CLM0036259,BEN_02638,BTM Layout,2025-03-13,12,0,1,1,0,0,0,0,0,0,0.0,0.403441,0,0.0,0,172,2,0,0.7801,0.068,GREEN,41,Bengaluru
CLM0036260,BEN_07636,HSR Layout,2020-10-02,8,0,0,0,0,0,1,0,0,0,0.0,0.106995,0,0.0,0,312,2,1,0.8703,0.0345,GREEN,58,Bengaluru
CLM0036261,BEN_06319,Indiranagar,2025-08-06,11,0,0,0,0,0,0,0,0,0,1.0,0.352179,0,0.0,0,316,3,2,0.98,0.0445,GREEN,53,Bengaluru
CLM0036262,BEN_05433,BTM Layout,2024-02-22,10,0,0,0,0,0,0,0,0,0,0.0,0.270081,0,0.0,0,287,2,0,0.0816,0.0,GREEN,38,Bengaluru
CLM0036263,BEN_01702,Koramangala,2022-03-22,14,0,0,0,0,0,0,0,0,0,0.0,0.20299,0,0.0,0,194,1,3,0.7587,0.0,GREEN,53,Bengaluru
CLM0036264,BEN_06259,Whitefield,2019-02-25,13,0,0,0,0,0,0,0,0,0,0.0,0.212521,0,0.0,1,408,4,1,0.821,0.129,GREEN,47,Bengaluru
CLM0036265,BEN_02653,HSR Layout,2025-06-25,9,0,0,0,0,1,0,0,0,0,0.0,0.275423,0,0.0,0,5,2,2,0.98,0.2011,GREEN,36,Bengaluru
CLM0036266,BEN_01241,Electronic City,2025-08-02,15,0,0,0,0,0,0,0,0,0,0.0,0.172879,0,0.0,0,110,3,0,0.05,0.0625,GREEN,37,Bengaluru
CLM0036267,BEN_01258,BTM Layout,2023-11-23,10,0,0,0,0,0,0,0,0,0,0.0,0.0,0,0.0,0,370,4,3,0.8284,0.045,GREEN,30,Bengaluru
CLM0036268,BEN_03509,Koramangala,2025-08-08,14,0,0,0,0,0,0,0,0,0,0.0,0.347283,0,0.0,0,110,1,0,0.5968,0.0,GREEN,58,Bengaluru
CLM0036269,BEN_08330,HSR Layout,2023-11-12,18,0,0,0,0,0,0,0,0,0,0.0,0.314349,0,0.0,0,77,3,0,0.05,0.0,GREEN,18,Bengaluru
CLM0036270,BEN_02651,Marathahalli,2025-08-21,17,0,0,0,0,0,1,0,0,0,0.0,0.222212,0,0.0,0,237,0,0,0.2864,0.0181,GREEN,39,Bengaluru
CLM0036271,BEN_03157,Electronic City,2024-06-15,7,0,0,0,0,0,0,0,0,0,0.0,0.327724,0,0.0,0,217,2,3,0.919,0.0278,GREEN,55,Bengaluru
CLM0036272,BEN_00054,HSR Layout,2024-05-08,20,0,0,0,1,0,1,0,0,1,0.0,0.162589,0,0.0,0,57,2,4,0.9075,0.2881,GREEN,48,Bengaluru
CLM0036273,BEN_02563,HSR Layout,2025-05-08,7,0,0,0,0,0,0,0,0,0,1.0,0.385669,0,0.0,0,416,1,0,0.7746,0.0069,GREEN,44,Bengaluru
CLM0036274,BEN_06191,Whitefield,2025-04-17,7,0,0,0,0,0,0,0,0,0,0.0,0.027434,0,0.0,0,420,3,5,0.1937,0.0493,GREEN,53,Bengaluru
CLM0036275,BEN_07090,Yelahanka,2023-12-27,7,0,0,0,0,0,0,0,0,0,1.0,0.194804,0,0.0,1,174,1,1,0.8208,0.1531,GREEN,33,Bengaluru
CLM0036276,BEN_03865,HSR Layout,2024-03-14,9,0,0,0,0,0,0,0,0,0,0.0,0.187635,0,0.0,0,28,4,0,0.6335,0.0,GREEN,27,Bengaluru
CLM0036277,BEN_02190,BTM Layout,2016-06-01,15,0,0,0,0,0,0,0,0,0,0.0,0.3441,0,0.0,0,410,1,3,0.8361,0.0444,GREEN,47,Bengaluru
CLM0036278,BEN_00062,Indiranagar,2018-08-18,7,0,0,0,0,1,0,0,0,0,0.0,0.081179,0,0.0,0,384,0,0,0.6952,0.1739,GREEN,59,Bengaluru
CLM0036279,BEN_07574,Yelahanka,2021-03-17,20,0,0,0,0,0,1,0,0,0,0.0,0.360578,0,0.0,0,40,4,3,0.6457,0.0952,GREEN,58,Bengaluru
CLM0036280,BEN_01652,Indiranagar,2018-05-04,11,0,0,0,0,0,0,0,0,0,1.0,0.965634,0,1.0,0,363,1,0,0.7275,0.0,GREEN,51,Bengaluru
CLM0036281,BEN_08093,Electronic City,2019-10-17,18,0,0,0,1,0,0,0,0,0,1.0,0.136515,0,0.0,0,163,4,3,0.5773,0.2561,GREEN,18,Bengaluru
CLM0036282,BEN_02555,Whitefield,2021-12-22,12,0,0,0,0,0,0,0,1,1,0.0,0.166717,0,1.0,0,193,3,4,0.6331,0.2773,GREEN,44,Bengaluru
CLM0036283,BEN_01405,Jayanagar,2023-05-11,7,0,0,0,0,0,0,0,0,0,0.0,0.0,0,0.0,0,349,1,0,0.6787,0.0,GREEN,38,Bengaluru
CLM0036284,BEN_08677,Koramangala,2024-10-21,17,0,0,0,0,0,0,0,0,1,0.0,0.347396,0,0.0,0,411,0,7,0.6489,0.1054,GREEN,32,Bengaluru
CLM0036285,BEN_09759,Rajajinagar,2025-04-21,21,0,0,0,0,0,0,0,0,0,0.0,0.125104,0,0.0,0,280,4,3,0.0617,0.0013,GREEN,47,Bengaluru
CLM0036286,BEN_06850,Marathahalli,2024-12-15,19,0,0,0,1,1,1,0,1,1,1.0,1.0,0,0.0,1,25,4,11,0.6651,0.1315,GREEN,55,Bengaluru
CLM0036287,BEN_07399,Rajajinagar,2022-03-24,18,0,0,0,1,0,0,0,0,0,1.0,0.029305,0,0.0,0,350,3,2,0.8845,0.2083,GREEN,41,Bengaluru
CLM0036288,BEN_01610,Indiranagar,2024-05-04,9,0,0,0,0,0,0,0,0,0,0.0,1.0,0,0.0,0,383,1,1,0.574,0.0117,GREEN,43,Bengaluru
CLM0036289,BEN_02163,Indiranagar,2023-08-24,11,0,0,0,0,0,0,0,0,0,0.0,0.083407,0,0.0,0,322,0,4,0.5917,0.0,GREEN,26,Bengaluru
CLM0036290,BEN_08293,Rajajinagar,2017-01-12,12,0,0,0,0,0,0,0,0,0,0.0,0.219201,0,0.0,0,152,4,2,0.8095,0.0162,GREEN,60,Bengaluru
CLM0036291,BEN_00189,Marathahalli,2023-10-28,9,0,0,0,0,0,0,0,1,0,0.0,0.24402,0,0.0,0,98,0,0,0.98,0.1937,GREEN,47,Bengaluru
CLM0036292,BEN_07798,Rajajinagar,2018-02-25,7,0,0,0,0,0,0,0,0,1,0.0,0.989929,0,0.0,0,60,2,3,0.9696,0.1648,GREEN,55,Bengaluru
CLM0036293,BEN_02671,BTM Layout,2018-05-29,13,0,0,0,0,0,0,0,0,0,0.0,0.157419,0,0.0,0,162,4,2,0.9167,0.0738,GREEN,35,Bengaluru
CLM0036294,BEN_02595,Electronic City,2024-01-24,16,0,0,0,0,0,0,0,0,0,0.0,0.266123,0,0.0,0,420,1,5,0.4045,0.0,GREEN,29,Bengaluru
CLM0036295,BEN_08353,Whitefield,2024-06-11,18,0,0,0,0,0,0,0,0,0,0.0,0.231991,0,0.0,0,28,4,1,0.7301,0.0045,GREEN,53,Bengaluru
CLM0036296,BEN_02482,Electronic City,2020-06-17,19,0,0,0,0,0,0,0,0,0,0.0,0.145997,0,0.0,0,372,1,4,0.9247,0.0,GREEN,36,Bengaluru
CLM0036297,BEN_09835,Indiranagar,2022-12-06,17,0,0,0,0,0,1,0,0,0,0.0,0.276702,0,0.0,0,51,1,2,0.7808,0.0828,GREEN,32,Bengaluru
CLM0036298,BEN_04739,Koramangala,2022-11-22,17,0,0,0,1,0,0,0,0,0,1.0,0.0,0,0.0,0,91,0,3,0.2184,0.2304,GREEN,54,Bengaluru
CLM0036299,BEN_06657,HSR Layout,2024-09-16,13,0,0,0,0,1,0,0,0,0,0.0,0.32875,0,0.0,0,43,3,5,0.7151,0.1478,GREEN,46,Bengaluru
CLM0036300,BEN_08781,Rajajinagar,2023-10-09,19,0,0,0,0,0,0,0,0,0,0.0,0.063961,0,0.0,0,94,0,4,0.9013,0.0,GREEN,50,Bengaluru
CLM0036301,BEN_08732,Jayanagar,2021-02-15,11,0,0,0,0,0,0,0,0,0,0.0,0.365028,0,0.0,0,175,0,1,0.6714,0.0,GREEN,33,Bengaluru
CLM0036302,BEN_00196,Indiranagar,2023-06-04,13,0,0,0,0,0,1,0,0,0,0.0,0.991713,0,0.0,0,206,4,5,0.6872,0.14,GREEN,33,Bengaluru
CLM0036303,BEN_01078,Electronic City,2020-02-24,7,0,0,0,0,0,0,0,0,0,0.0,0.317532,0,0.0,0,34,4,5,0.1166,0.1093,GREEN,47,Bengaluru
CLM0036304,BEN_00652,Marathahalli,2024-11-04,20,1,0,0,0,0,0,0,0,0,0.0,0.0,0,0.0,0,405,4,5,0.7196,0.0244,GREEN,37,Bengaluru
CLM0036305,BEN_00047,Rajajinagar,2024-06-14,19,0,0,0,0,0,0,0,0,0,1.0,0.191454,0,0.0,0,420,2,1,0.98,0.0667,GREEN,44,Bengaluru
CLM0036306,BEN_03017,Indiranagar,2025-03-11,10,0,0,0,0,1,0,0,0,1,0.0,0.349715,0,0.0,0,420,3,0,0.7841,0.2611,GREEN,38,Bengaluru
CLM0036307,BEN_05611,Electronic City,2025-02-12,9,0,0,0,0,0,0,0,0,0,0.0,0.304954,0,0.0,0,98,0,4,0.9583,0.0946,GREEN,18,Bengaluru
CLM0036308,BEN_07206,Whitefield,2023-11-24,20,0,0,0,0,0,0,0,1,1,1.0,0.978268,0,1.0,0,420,2,5,0.1391,0.0662,GREEN,39,Bengaluru
CLM0036309,BEN_00222,Koramangala,2025-06-09,10,0,0,0,0,1,0,0,0,0,0.0,0.025821,0,0.0,0,420,2,0,0.8492,0.2101,GREEN,58,Bengaluru
CLM0036310,BEN_01378,Marathahalli,2024-07-07,12,0,0,0,0,0,0,0,0,0,0.0,0.029789,0,0.0,0,41,1,0,0.7363,0.0279,GREEN,44,Bengaluru
CLM0036311,BEN_02266,Koramangala,2025-04-26,15,0,0,0,0,0,0,0,0,0,0.0,0.224767,1,0.0,0,420,1,1,0.6739,0.0863,GREEN,18,Bengaluru
CLM0036312,BEN_09306,Indiranagar,2025-08-03,13,0,0,0,0,0,0,0,0,0,1.0,0.0,0,0.0,0,379,1,6,0.8219,0.0,GREEN,36,Bengaluru
CLM0036313,BEN_00223,Yelahanka,2025-09-27,12,0,0,0,0,0,0,0,0,0,0.0,0.175721,0,0.0,0,87,0,6,0.723,0.0556,GREEN,39,Bengaluru
CLM0036314,BEN_08497,Jayanagar,2025-09-21,15,0,0,0,1,0,0,0,0,0,0.0,0.101825,0,0.0,0,91,4,2,0.98,0.2153,GREEN,35,Bengaluru
CLM0036315,BEN_05172,BTM Layout,2025-03-23,12,0,0,0,0,0,0,0,0,0,0.0,0.19608,0,0.0,1,310,4,0,0.1376,0.0209,GREEN,43,Bengaluru
CLM0036316,BEN_00820,HSR Layout,2025-07-02,12,0,0,0,0,0,0,0,0,0,0.0,0.0,0,0.0,0,420,0,0,0.5897,0.0,GREEN,26,Bengaluru
CLM0036317,BEN_09652,Rajajinagar,2025-07-17,21,0,0,0,0,0,0,0,1,1,0.0,0.403987,0,0.0,0,330,1,3,0.7454,0.1635,GREEN,58,Bengaluru
CLM0036318,BEN_01215,BTM Layout,2025-01-16,10,0,0,0,1,0,0,0,0,0,0.0,0.294093,0,0.0,0,325,2,4,0.1065,0.1348,GREEN,28,Bengaluru
CLM0036319,BEN_03927,Whitefield,2025-06-13,21,0,0,0,0,0,0,1,0,0,0.0,0.272819,0,0.0,0,309,1,2,0.511,0.0717,GREEN,41,Bengaluru
CLM0036320,BEN_04118,Indiranagar,2023-03-05,17,0,0,0,0,0,0,0,0,0,0.0,0.391511,0,0.0,0,212,4,1,0.7494,0.0329,GREEN,47,Bengaluru
CLM0036321,BEN_06238,HSR Layout,2023-03-09,9,0,0,0,1,0,1,1,0,1,0.0,0.02465,0,0.0,1,5,0,18,0.804,0.0245,GREEN,34,Bengaluru
CLM0036322,BEN_05799,Jayanagar,2022-01-20,19,0,0,0,0,0,1,0,0,0,0.0,0.176917,0,0.0,0,95,3,0,0.7839,0.177,GREEN,50,Bengaluru
CLM0036323,BEN_07980,Rajajinagar,2022-12-06,8,0,0,0,0,0,0,0,0,0,0.0,0.356006,0,0.0,0,420,2,0,0.9125,0.0538,GREEN,35,Bengaluru
CLM0036324,BEN_03421,Indiranagar,2024-10-02,20,0,0,0,0,0,0,0,1,0,0.0,0.09766,0,0.0,0,304,0,0,0.7206,0.0075,GREEN,50,Bengaluru
CLM0036325,BEN_07267,Indiranagar,2020-01-17,7,0,0,0,0,0,0,0,0,0,0.0,0.178751,0,0.0,0,420,4,3,0.0609,0.0,GREEN,54,Bengaluru
CLM0036326,BEN_00025,Koramangala,2021-08-30,21,0,0,0,0,0,0,0,0,0,0.0,0.059896,0,0.0,0,420,1,3,0.732,0.0,GREEN,23,Bengaluru
CLM0036327,BEN_03186,Jayanagar,2019-04-27,14,0,0,0,0,0,0,0,0,0,0.0,0.352588,0,0.0,0,215,3,3,0.5692,0.0693,GREEN,25,Bengaluru
CLM0036328,BEN_09920,Marathahalli,2020-09-01,16,0,0,0,0,0,1,1,1,0,0.0,1.0,1,0.0,1,31,1,18,0.3288,0.0841,GREEN,55,Bengaluru
CLM0036329,BEN_02704,HSR Layout,2023-10-25,17,0,0,0,0,0,0,0,0,0,0.0,0.107835,0,0.0,1,105,4,2,0.8103,0.0,GREEN,40,Bengaluru
CLM0036330,BEN_09108,Koramangala,2020-12-22,13,0,0,0,0,0,0,0,0,0,0.0,1.0,0,0.0,0,109,2,3,0.6418,0.0417,GREEN,35,Bengaluru
CLM0036331,BEN_09275,HSR Layout,2025-08-12,18,0,0,0,1,0,0,0,0,1,0.0,0.024654,0,0.0,0,380,2,0,0.1793,0.3568,YELLOW,26,Bengaluru
CLM0036332,BEN_09878,Rajajinagar,2023-10-02,19,0,0,0,0,0,0,0,0,0,0.0,0.282762,0,0.0,0,262,2,3,0.9435,0.0,GREEN,61,Bengaluru
CLM0036333,BEN_02489,BTM Layout,2025-04-25,10,0,0,0,0,0,0,1,0,0,1.0,0.376577,0,0.0,0,420,1,1,0.6845,0.1683,GREEN,62,Bengaluru
CLM0036334,BEN_05933,Jayanagar,2023-08-21,12,0,1,1,0,0,0,0,0,1,0.0,0.318139,0,0.0,0,193,4,2,0.9387,0.076,GREEN,29,Bengaluru
CLM0036335,BEN_05205,Rajajinagar,2024-11-05,18,0,0,0,0,1,0,0,0,0,1.0,0.301276,0,0.0,0,220,1,3,0.8236,0.1234,GREEN,53,Bengaluru
CLM0036336,BEN_05513,Indiranagar,2024-08-15,19,0,0,0,0,0,1,0,0,0,0.0,0.121172,0,0.0,0,379,4,3,0.8825,0.1671,GREEN,36,Bengaluru
CLM0036337,BEN_02407,Electronic City,2023-09-30,14,0,0,0,0,0,0,1,0,0,0.0,0.927642,0,0.0,0,420,2,5,0.7915,0.0168,GREEN,46,Bengaluru
CLM0036338,BEN_08071,Yelahanka,2025-01-01,15,0,0,0,1,0,0,0,0,0,0.0,0.0,0,0.0,0,344,2,0,0.6031,0.1394,GREEN,46,Bengaluru
CLM0036339,BEN_01607,Koramangala,2023-03-03,14,0,0,0,0,0,0,0,0,0,0.0,1.0,0,0.0,0,148,2,0,0.8095,0.0209,GREEN,34,Bengaluru
CLM0036340,BEN_07247,Koramangala,2024-11-07,17,0,0,0,0,0,0,0,0,0,1.0,0.209941,0,0.0,0,148,0,2,0.98,0.0959,GREEN,31,Bengaluru
CLM0036341,BEN_06739,Indiranagar,2023-08-01,13,0,0,0,0,0,0,0,0,0,0.0,0.0,0,0.0,0,14,0,2,0.6488,0.0031,GREEN,44,Bengaluru
CLM0036342,BEN_08556,Yelahanka,2021-07-24,12,0,0,0,0,0,0,0,0,0,0.0,0.095613,0,0.0,0,17,4,0,0.5437,0.0,GREEN,46,Bengaluru
CLM0036343,BEN_07620,Yelahanka,2021-10-12,9,0,0,0,0,0,1,0,0,0,0.0,0.011301,0,0.0,0,89,1,6,0.7278,0.1189,GREEN,35,Bengaluru
CLM0036344,BEN_03742,Whitefield,2019-09-18,13,0,0,0,0,0,0,0,0,0,0.0,0.038481,0,0.0,0,201,1,2,0.7002,0.0,GREEN,49,Bengaluru
CLM0036345,BEN_06197,Marathahalli,2018-04-24,19,0,0,0,0,0,1,0,0,0,1.0,0.098667,0,0.0,0,216,0,1,0.6057,0.1463,GREEN,44,Bengaluru
CLM0036346,BEN_09281,Indiranagar,2024-04-25,19,0,0,0,0,0,0,0,0,0,1.0,0.140952,0,0.0,0,67,2,0,0.2991,0.1008,GREEN,61,Bengaluru
CLM0036347,BEN_00735,Yelahanka,2022-06-12,17,0,0,0,0,0,0,0,0,0,1.0,0.974536,0,1.0,0,297,0,6,0.1556,0.0652,GREEN,48,Bengaluru
CLM0036348,BEN_04412,Electronic City,2023-09-12,11,0,0,0,0,0,0,0,0,0,0.0,0.179499,0,0.0,0,28,3,4,0.7776,0.0,GREEN,34,Bengaluru
CLM0036349,BEN_05623,BTM Layout,2018-12-12,18,0,0,0,1,0,0,0,0,0,0.0,0.0,0,1.0,1,306,4,4,0.6666,0.3165,YELLOW,35,Bengaluru
CLM0036350,BEN_02847,Yelahanka,2023-10-17,19,0,0,0,0,0,0,0,0,1,0.0,0.159641,0,0.0,0,277,2,2,0.0808,0.1559,GREEN,41,Bengaluru
CLM0036351,BEN_02200,Electronic City,2022-10-12,13,0,0,0,0,0,0,0,1,0,0.0,0.226444,0,0.0,1,109,2,7,0.9146,0.2186,GREEN,40,Bengaluru
CLM0036352,BEN_02785,HSR Layout,2023-03-30,17,0,0,0,0,0,0,0,0,0,0.0,0.04579,0,0.0,0,303,1,0,0.5073,0.0671,GREEN,45,Bengaluru
CLM0036353,BEN_02109,Jayanagar,2025-09-24,12,0,0,0,0,0,1,0,0,0,1.0,0.106613,0,0.0,0,285,2,0,0.8094,0.087,GREEN,49,Bengaluru
CLM0036354,BEN_09643,Rajajinagar,2024-12-09,16,0,0,0,0,0,0,1,0,0,0.0,0.175414,0,0.0,0,313,4,7,0.9059,0.0468,GREEN,50,Bengaluru
CLM0036355,BEN_07238,Whitefield,2023-05-14,11,0,0,0,0,0,0,0,1,0,0.0,0.090686,0,0.0,0,420,4,3,0.6841,0.0905,GREEN,46,Bengaluru
CLM0036356,BEN_06690,Indiranagar,2023-02-13,16,0,0,0,0,0,0,0,0,0,0.0,0.112074,0,0.0,0,255,0,2,0.9255,0.031,GREEN,38,Bengaluru
CLM0036357,BEN_04189,Indiranagar,2025-03-26,20,0,0,0,0,0,0,0,0,0,1.0,0.171692,0,0.0,0,175,2,1,0.7416,0.0126,GREEN,47,Bengaluru
CLM0036358,BEN_03303,Whitefield,2025-11-09,20,0,0,0,0,0,0,0,0,0,0.0,0.183561,0,0.0,0,420,2,1,0.6976,0.0,GREEN,35,Bengaluru
CLM0036359,BEN_05842,Koramangala,2025-01-02,16,0,0,0,0,0,0,0,0,1,0.0,0.436489,0,0.0,0,420,1,3,0.8781,0.1707,GREEN,58,Bengaluru
CLM0036360,BEN_02957,Koramangala,2025-08-01,20,0,0,0,0,0,1,0,0,0,0.0,0.354536,0,0.0,0,262,1,2,0.7006,0.0986,GREEN,46,Bengaluru
CLM0036361,BEN_06487,Yelahanka,2025-11-22,15,0,0,0,0,0,0,0,0,0,0.0,0.122245,0,0.0,0,102,3,6,0.7999,0.0417,GREEN,57,Bengaluru
CLM0036362,BEN_09685,Whitefield,2025-06-10,7,0,0,0,0,0,0,0,0,0,0.0,1.0,0,0.0,0,107,0,1,0.6824,0.0088,GREEN,36,Bengaluru
CLM0036363,BEN_07075,Indiranagar,2024-12-15,15,0,0,0,0,0,0,0,0,0,0.0,0.40331,0,0.0,0,405,2,3,0.8002,0.0481,GREEN,52,Bengaluru
CLM0036364,BEN_00008,HSR Layout,2025-06-09,9,0,0,0,0,0,0,0,0,0,0.0,0.160714,0,0.0,0,275,4,0,0.7747,0.0,GREEN,33,Bengaluru
CLM0036365,BEN_00200,Rajajinagar,2025-04-10,16,0,0,0,0,0,0,1,0,0,1.0,0.427578,1,0.0,0,319,4,0,0.7933,0.1774,GREEN,47,Bengaluru
CLM0036366,BEN_01526,Jayanagar,2025-05-27,20,0,0,0,0,0,0,0,0,1,0.0,0.299053,0,0.0,0,191,4,4,0.7377,0.038,GREEN,38,Bengaluru
CLM0036367,BEN_00788,Jayanagar,2021-06-26,21,0,0,0,0,0,0,0,0,0,0.0,0.15699,1,0.0,0,284,4,4,0.7942,0.0308,GREEN,50,Bengaluru
CLM0036368,BEN_01300,Marathahalli,2022-05-13,17,0,0,0,0,0,0,0,0,0,0.0,0.0,0,0.0,0,381,0,2,0.1985,0.0496,GREEN,56,Bengaluru
CLM0036369,BEN_07717,Whitefield,2020-11-05,9,0,0,0,0,0,0,0,0,0,0.0,0.097205,0,0.0,0,85,4,2,0.532,0.0,GREEN,42,Bengaluru
CLM0036370,BEN_03963,BTM Layout,2024-04-30,11,0,0,0,0,0,0,0,1,0,0.0,0.360247,1,0.0,0,225,1,4,0.7483,0.1359,GREEN,64,Bengaluru
CLM0036371,BEN_07045,Indiranagar,2020-12-11,13,0,0,0,0,0,0,0,1,0,0.0,0.16491,0,0.0,0,105,1,2,0.05,0.2204,GREEN,49,Bengaluru
CLM0036372,BEN_05137,Yelahanka,2024-06-18,12,0,0,0,0,0,0,0,0,0,0.0,0.967975,0,0.0,0,95,0,3,0.4191,0.0,GREEN,58,Bengaluru
CLM0036373,BEN_09394,Rajajinagar,2024-08-15,19,0,0,0,0,0,1,0,0,0,0.0,0.166899,0,0.0,0,181,4,4,0.5442,0.0681,GREEN,46,Bengaluru
CLM0036374,BEN_05193,Electronic City,2023-11-03,14,0,0,0,0,0,0,0,0,0,0.0,0.395274,0,0.0,1,317,4,1,0.9596,0.0733,GREEN,37,Bengaluru
CLM0036375,BEN_05841,HSR Layout,2021-08-10,17,0,0,0,0,0,0,1,0,0,0.0,0.323099,0,0.0,0,302,4,5,0.7888,0.0,GREEN,27,Bengaluru
CLM0036376,BEN_08200,Koramangala,2020-02-25,10,0,0,0,0,0,0,0,1,0,0.0,0.011172,0,0.0,0,220,1,4,0.7846,0.0472,GREEN,53,Bengaluru
CLM0036377,BEN_01061,Yelahanka,2020-06-01,7,0,0,0,1,0,0,0,0,0,0.0,0.219493,0,0.0,0,302,0,2,0.7194,0.151,GREEN,47,Bengaluru
CLM0036378,BEN_03465,Whitefield,2025-06-27,20,0,0,0,0,0,0,0,0,0,0.0,0.268842,0,0.0,1,174,3,0,0.5598,0.1075,GREEN,32,Bengaluru
CLM0036379,BEN_00517,HSR Layout,2025-12-12,8,0,0,0,0,1,0,0,0,0,0.0,0.295576,0,0.0,0,387,2,2,0.6551,0.1345,GREEN,48,Bengaluru
CLM0036380,BEN_07843,Jayanagar,2025-10-12,8,0,0,0,0,0,0,0,1,0,0.0,0.258348,0,0.0,0,67,4,0,0.753,0.1084,GREEN,29,Bengaluru
CLM0036381,BEN_09843,Koramangala,2025-05-29,16,0,0,0,0,0,0,0,0,0,1.0,0.144695,0,0.0,0,271,4,3,0.8389,0.0244,GREEN,33,Bengaluru
CLM0036382,BEN_06808,Koramangala,2024-03-18,13,0,0,0,1,0,0,0,0,0,0.0,1.0,0,0.0,0,311,2,4,0.7623,0.1106,GREEN,32,Bengaluru
CLM0036383,BEN_00382,Koramangala,2025-08-17,17,0,0,0,0,0,0,0,0,0,0.0,0.183369,0,0.0,0,420,3,2,0.7716,0.0,GREEN,62,Bengaluru
CLM0036384,BEN_05195,Jayanagar,2024-11-06,10,0,0,0,0,0,0,0,0,0,0.0,0.084252,0,0.0,1,391,1,4,0.9395,0.1454,GREEN,43,Bengaluru
CLM0036385,BEN_02047,Yelahanka,2024-05-25,11,0,0,0,0,0,0,0,0,0,0.0,0.35809,0,0.0,0,85,0,1,0.8819,0.0574,GREEN,38,Bengaluru
CLM0036386,BEN_00023,Jayanagar,2025-11-04,16,0,0,0,0,0,0,0,1,0,0.0,0.158431,0,0.0,1,286,2,3,0.1931,0.1372,GREEN,23,Bengaluru
CLM0036387,BEN_05954,Indiranagar,2025-07-24,16,0,0,0,0,0,0,0,0,0,0.0,0.25165,0,0.0,0,195,4,1,0.6869,0.0602,GREEN,43,Bengaluru
CLM0036388,BEN_02851,Koramangala,2024-01-29,18,0,0,0,0,0,0,0,0,0,0.0,0.932049,0,0.0,0,420,4,2,0.5709,0.0,GREEN,37,Bengaluru
CLM0036389,BEN_01611,Marathahalli,2024-02-01,19,0,0,0,0,0,0,1,0,0,0.0,0.254426,0,1.0,0,379,2,4,0.8798,0.0,GREEN,57,Bengaluru
CLM0036390,BEN_04054,Rajajinagar,2020-03-28,18,0,0,0,0,0,0,0,0,0,0.0,0.15801,0,0.0,0,59,2,8,0.667,0.0,GREEN,57,Bengaluru
CLM0036391,BEN_06453,BTM Layout,2017-05-04,7,0,0,0,0,0,0,0,0,0,0.0,0.134074,0,0.0,0,309,2,0,0.937,0.0271,GREEN,33,Bengaluru
CLM0036392,BEN_02946,Whitefield,2019-01-19,14,0,0,0,0,0,0,0,0,0,0.0,0.128391,0,0.0,0,155,0,2,0.05,0.0,GREEN,33,Bengaluru
CLM0036393,BEN_02264,Koramangala,2020-10-29,20,0,0,0,1,0,0,0,0,0,1.0,0.244012,0,0.0,0,399,4,0,0.9101,0.3263,YELLOW,40,Bengaluru
CLM0036394,BEN_01129,Jayanagar,2025-09-21,17,0,0,0,0,0,0,0,0,0,0.0,0.030809,0,0.0,0,245,4,4,0.8683,0.0254,GREEN,18,Bengaluru
CLM0036395,BEN_06529,Indiranagar,2021-12-20,19,0,0,0,0,0,0,0,0,0,0.0,0.164348,0,0.0,0,237,0,0,0.5905,0.0,GREEN,41,Bengaluru
CLM0036396,BEN_07587,Koramangala,2020-09-18,8,0,0,0,0,0,0,0,0,0,0.0,0.203178,1,0.0,0,399,2,3,0.8504,0.1101,GREEN,59,Bengaluru
CLM0036397,BEN_06068,HSR Layout,2020-09-22,11,0,0,0,0,0,0,0,0,0,0.0,0.210466,1,0.0,1,131,2,3,0.6309,0.1591,GREEN,48,Bengaluru
CLM0036398,BEN_03083,Indiranagar,2024-07-11,20,0,0,0,0,0,1,0,0,0,1.0,0.136727,0,0.0,0,420,4,2,0.5593,0.1757,GREEN,32,Bengaluru
CLM0036399,BEN_05104,Koramangala,2025-04-07,21,0,1,1,1,0,0,0,0,0,1.0,0.391831,0,0.0,0,38,0,3,0.537,0.2655,GREEN,40,Bengaluru
CLM0036400,BEN_06232,Rajajinagar,2024-09-18,17,0,0,0,0,1,0,0,0,0,0.0,0.945841,0,0.0,0,65,0,5,0.05,0.1211,GREEN,39,Bengaluru
CLM0036401,BEN_02737,Jayanagar,2024-01-20,16,0,0,0,0,0,1,0,1,0,0.0,0.179267,0,0.0,0,420,4,3,0.2082,0.1572,GREEN,41,Bengaluru
CLM0036402,BEN_05946,Marathahalli,2024-06-08,10,0,0,0,0,0,0,0,0,0,0.0,0.165773,0,0.0,0,293,4,1,0.093,0.1087,GREEN,60,Bengaluru
CLM0036403,BEN_03024,Koramangala,2023-04-17,7,0,1,1,0,0,0,0,0,0,0.0,0.155166,0,0.0,0,343,3,2,0.6335,0.0,GREEN,44,Bengaluru
CLM0036404,BEN_02238,Koramangala,2021-09-04,17,0,0,0,0,0,0,0,0,0,0.0,0.207952,0,0.0,0,108,4,1,0.05,0.0693,GREEN,57,Bengaluru
CLM0036405,BEN_06854,Jayanagar,2023-02-11,12,0,0,0,0,0,0,0,0,0,0.0,0.337819,0,0.0,0,9,0,0,0.6127,0.0224,GREEN,38,Bengaluru
CLM0036406,BEN_03091,Electronic City,2025-07-08,21,0,0,0,0,0,0,0,0,0,0.0,0.18269,0,0.0,0,420,4,6,0.7546,0.0988,GREEN,39,Bengaluru
CLM0036407,BEN_01276,Koramangala,2025-04-15,18,0,0,0,0,0,0,0,0,0,0.0,0.360135,0,0.0,0,420,3,1,0.855,0.027,GREEN,59,Bengaluru
CLM0036408,BEN_03031,Yelahanka,2023-10-24,16,0,1,1,0,0,1,0,0,0,0.0,0.125853,0,0.0,0,26,0,2,0.8492,0.1014,GREEN,53,Bengaluru
CLM0036409,BEN_06376,HSR Layout,2025-07-03,18,0,0,0,0,0,0,1,0,0,0.0,0.30933,0,0.0,0,12,0,1,0.8799,0.0853,GREEN,54,Bengaluru
CLM0036410,BEN_04607,HSR Layout,2024-03-04,10,0,1,1,0,0,0,0,0,0,1.0,0.171349,0,0.0,1,420,1,4,0.5442,0.0326,GREEN,44,Bengaluru
CLM0036411,BEN_06008,Yelahanka,2021-10-27,15,0,0,0,0,0,0,0,0,0,0.0,0.442899,0,0.0,0,420,2,2,0.837,0.0517,GREEN,52,Bengaluru
CLM0036412,BEN_05589,BTM Layout,2022-03-04,16,0,0,0,0,0,0,0,0,0,0.0,0.111167,0,0.0,0,420,4,3,0.6716,0.0466,GREEN,40,Bengaluru
CLM0036413,BEN_09791,Electronic City,2025-02-22,12,0,0,0,0,0,0,0,0,0,0.0,0.008448,0,0.0,0,273,4,2,0.8583,0.0,GREEN,36,Bengaluru
CLM0036414,BEN_02309,Whitefield,2020-10-27,13,0,0,0,0,0,0,1,0,1,0.0,0.253237,0,0.0,0,260,2,3,0.1751,0.2227,GREEN,54,Bengaluru
CLM0036415,BEN_01411,Jayanagar,2023-03-11,16,0,0,0,0,0,0,0,0,0,0.0,0.149726,0,0.0,0,47,3,2,0.8001,0.092,GREEN,31,Bengaluru
CLM0036416,BEN_02115,Whitefield,2020-06-04,7,0,0,0,0,0,0,0,0,0,0.0,0.187363,0,0.0,0,420,1,2,0.6204,0.0,GREEN,29,Bengaluru
CLM0036417,BEN_00052,Jayanagar,2024-06-15,19,0,0,0,0,0,0,0,0,0,0.0,0.010009,0,0.0,0,191,0,3,0.6261,0.0739,GREEN,52,Bengaluru
CLM0036418,BEN_01124,HSR Layout,2019-09-21,16,0,0,0,0,0,1,0,0,0,0.0,0.032916,0,0.0,0,420,4,1,0.7846,0.1731,GREEN,18,Bengaluru
CLM0036419,BEN_05630,Koramangala,2020-10-23,16,0,0,0,0,0,0,0,0,0,0.0,0.419648,0,0.0,0,287,2,2,0.131,0.1816,GREEN,48,Bengaluru
CLM0036420,BEN_02589,Electronic City,2019-10-08,9,0,0,0,0,0,0,0,0,0,0.0,0.029418,0,0.0,0,117,0,2,0.98,0.0451,GREEN,51,Bengaluru
CLM0036421,BEN_09852,Koramangala,2021-11-06,7,0,0,0,0,0,0,0,0,0,0.0,0.125187,0,0.0,0,101,4,0,0.98,0.1388,GREEN,35,Bengaluru
CLM0036422,BEN_03303,Whitefield,2024-03-25,20,0,0,0,0,0,0,0,1,0,0.0,0.145732,0,0.0,0,401,3,0,0.1252,0.1659,GREEN,35,Bengaluru
CLM0036423,BEN_02211,Rajajinagar,2025-12-11,14,0,0,0,0,0,0,0,0,0,0.0,0.305513,0,0.0,0,212,3,2,0.98,0.0,GREEN,43,Bengaluru
CLM0036424,BEN_00781,Koramangala,2024-03-21,16,0,0,0,0,0,0,0,0,0,0.0,0.341102,0,0.0,0,304,2,3,0.8324,0.0,GREEN,45,Bengaluru
CLM0036425,BEN_05924,Electronic City,2024-10-02,15,0,0,0,0,0,0,1,0,0,0.0,0.341951,1,0.0,0,200,1,5,0.5101,0.2117,GREEN,41,Bengaluru
CLM0036426,BEN_00844,BTM Layout,2025-04-24,15,0,0,0,0,0,0,0,0,0,0.0,0.219134,0,0.0,0,31,4,1,0.798,0.0,GREEN,30,Bengaluru
CLM0036427,BEN_08295,BTM Layout,2024-10-10,18,0,0,0,0,0,0,0,0,0,0.0,0.119126,0,0.0,0,249,0,4,0.7243,0.0532,GREEN,35,Bengaluru
CLM0036428,BEN_01398,Indiranagar,2023-12-19,10,0,0,0,0,0,0,0,0,0,0.0,0.909726,0,0.0,0,224,3,3,0.1406,0.0,GREEN,49,Bengaluru
CLM0036429,BEN_04839,HSR Layout,2023-07-18,15,0,0,0,0,0,0,1,0,1,0.0,0.135834,0,0.0,0,122,3,2,0.609,0.1465,GREEN,64,Bengaluru
CLM0036430,BEN_00561,Yelahanka,2024-09-14,11,0,1,1,1,1,0,1,0,0,1.0,1.0,0,0.0,0,5,2,12,0.05,0.5137,YELLOW,53,Bengaluru
CLM0036431,BEN_01225,Yelahanka,2020-05-23,21,0,1,1,1,0,1,0,0,1,1.0,1.0,1,1.0,1,20,2,18,0.1124,0.5534,YELLOW,40,Bengaluru
CLM0036432,BEN_07418,Koramangala,2021-07-08,21,0,1,1,0,0,0,0,0,0,0.0,0.215524,0,0.0,0,284,0,6,0.0569,0.5192,YELLOW,64,Bengaluru
CLM0036433,BEN_08604,Indiranagar,2023-05-23,14,0,1,1,1,1,0,1,1,0,0.0,0.945341,0,0.0,0,27,0,18,0.4122,0.582,YELLOW,50,Bengaluru
CLM0036434,BEN_01530,HSR Layout,2017-03-28,20,0,1,1,0,0,0,0,0,0,0.0,0.344507,0,0.0,0,229,2,3,0.4712,0.7282,RED,52,Bengaluru
CLM0036435,BEN_09139,Jayanagar,2020-09-05,19,0,1,1,1,1,0,1,0,1,0.0,0.207143,0,0.0,0,29,1,18,0.8651,0.6135,RED,32,Bengaluru
CLM0036436,BEN_08597,HSR Layout,2018-08-04,9,0,1,1,0,0,0,0,0,0,0.0,0.226669,0,0.0,0,358,2,2,0.7326,0.7996,RED,37,Bengaluru
CLM0036437,BEN_09505,HSR Layout,2019-11-03,8,0,0,0,0,0,0,0,0,0,0.0,0.314266,0,0.0,0,254,1,1,0.2248,0.0579,GREEN,63,Bengaluru
CLM0036438,BEN_06917,Indiranagar,2019-03-20,21,0,0,0,0,0,0,0,0,0,0.0,0.340086,0,0.0,0,22,4,3,0.6012,0.0132,GREEN,43,Bengaluru
CLM0036439,BEN_07245,Electronic City,2019-01-21,15,0,0,0,0,0,0,0,0,0,0.0,0.038507,0,0.0,0,38,1,3,0.9255,0.0819,GREEN,53,Bengaluru
CLM0036440,BEN_08573,Yelahanka,2016-10-11,16,0,0,0,0,0,0,0,0,0,0.0,1.0,0,0.0,0,252,0,0,0.9325,0.0462,GREEN,51,Bengaluru
CLM0036441,BEN_07877,Rajajinagar,2025-10-03,10,0,0,0,1,0,0,0,0,0,1.0,0.278237,0,0.0,0,69,1,0,0.9602,0.3242,YELLOW,42,Bengaluru
CLM0036442,BEN_05574,Yelahanka,2021-05-05,16,0,0,0,0,0,0,0,0,0,1.0,1.0,0,0.0,0,420,0,1,0.9697,0.1941,GREEN,53,Bengaluru
CLM0036443,BEN_02514,Marathahalli,2018-05-04,14,0,0,0,1,1,0,1,1,0,0.0,0.878794,0,0.0,0,5,0,18,0.4138,0.0572,GREEN,28,Bengaluru
CLM0036444,BEN_01531,Yelahanka,2024-07-06,11,0,0,0,1,0,0,0,0,1,1.0,0.137544,0,0.0,0,31,1,0,0.6926,0.3092,GREEN,50,Bengaluru
CLM0036445,BEN_04010,HSR Layout,2020-06-11,13,0,0,0,0,0,0,0,0,0,0.0,0.053032,0,0.0,0,233,2,6,0.98,0.0125,GREEN,48,Bengaluru
CLM0036446,BEN_01489,Koramangala,2025-08-29,17,0,0,0,0,0,0,0,1,0,0.0,0.205341,1,0.0,0,85,4,0,0.5718,0.0726,GREEN,43,Bengaluru
CLM0036447,BEN_01583,Marathahalli,2020-08-24,21,0,0,0,0,0,0,0,0,0,0.0,0.096085,0,0.0,0,194,1,3,0.9794,0.0,GREEN,33,Bengaluru
CLM0036448,BEN_04358,Electronic City,2021-02-04,16,0,0,0,0,0,0,0,1,0,0.0,0.238016,0,0.0,0,340,4,5,0.9324,0.1064,GREEN,39,Bengaluru
CLM0036449,BEN_02152,HSR Layout,2022-05-06,20,0,0,0,0,0,0,0,0,0,0.0,0.17735,0,0.0,0,344,2,0,0.775,0.0127,GREEN,36,Bengaluru
CLM0036450,BEN_08730,Marathahalli,2024-06-03,12,0,0,0,0,0,1,0,0,0,0.0,0.270075,0,0.0,0,420,4,3,0.05,0.1455,GREEN,34,Bengaluru
CLM0036451,BEN_09776,Indiranagar,2019-09-27,21,0,0,0,0,0,0,0,0,0,0.0,0.354733,0,0.0,0,51,2,4,0.2076,0.0881,GREEN,24,Bengaluru
CLM0036452,BEN_02513,HSR Layout,2022-02-13,21,0,0,0,0,0,0,0,0,1,0.0,0.225666,0,0.0,0,125,1,1,0.1552,0.2042,GREEN,53,Bengaluru
CLM0036453,BEN_07723,Whitefield,2025-11-14,15,0,0,0,0,0,0,0,0,1,0.0,0.140898,0,0.0,0,132,0,0,0.232,0.1154,GREEN,47,Bengaluru
CLM0036454,BEN_00740,Koramangala,2024-07-04,18,0,0,0,0,0,1,0,0,0,0.0,1.0,0,1.0,0,187,1,5,0.98,0.1086,GREEN,52,Bengaluru
CLM0036455,BEN_02122,BTM Layout,2020-01-11,15,0,0,0,0,0,0,0,1,0,1.0,0.972748,0,1.0,0,61,4,1,0.5796,0.0902,GREEN,42,Bengaluru
CLM0036456,BEN_08322,Rajajinagar,2025-12-22,20,0,0,0,0,1,0,1,1,0,1.0,0.859942,0,1.0,0,5,0,18,0.1271,0.0,GREEN,60,Bengaluru
CLM0036457,BEN_00216,Electronic City,2021-04-05,8,0,1,1,0,0,0,0,0,0,0.0,0.0,1,0.0,0,420,2,4,0.315,0.1272,GREEN,41,Bengaluru
CLM0036458,BEN_01295,Koramangala,2021-01-09,19,0,0,0,0,0,0,0,0,0,0.0,1.0,0,0.0,0,302,3,3,0.98,0.0,GREEN,62,Bengaluru
CLM0036459,BEN_04552,HSR Layout,2021-02-23,16,0,0,0,0,0,0,0,0,0,0.0,0.118525,0,1.0,0,258,3,0,0.1819,0.0,GREEN,23,Bengaluru
CLM0036460,BEN_04906,Marathahalli,2021-06-19,17,0,0,0,0,0,0,0,0,0,1.0,0.220172,0,0.0,0,412,1,0,0.8359,0.0381,GREEN,42,Bengaluru
CLM0036461,BEN_09805,Marathahalli,2021-11-21,9,0,0,0,0,0,0,0,0,0,1.0,0.3341,0,0.0,0,407,3,1,0.756,0.1488,GREEN,52,Bengaluru
CLM0036462,BEN_05172,BTM Layout,2025-09-24,16,0,0,0,0,0,0,0,0,0,0.0,0.228912,0,0.0,0,420,1,1,0.621,0.0485,GREEN,43,Bengaluru
CLM0036463,BEN_03527,Marathahalli,2024-10-12,16,0,0,0,0,0,0,1,0,0,0.0,0.150688,0,0.0,1,162,2,4,0.1329,0.1493,GREEN,50,Bengaluru
CLM0036464,BEN_05351,Electronic City,2021-09-20,8,0,0,0,0,0,0,0,0,0,0.0,0.999528,0,0.0,0,102,0,5,0.117,0.0,GREEN,36,Bengaluru
CLM0036465,BEN_04803,Whitefield,2025-02-11,10,0,0,0,0,0,0,0,0,0,0.0,0.0,0,0.0,0,420,1,0,0.862,0.0,GREEN,61,Bengaluru
CLM0036466,BEN_02768,Marathahalli,2023-03-27,21,0,0,0,0,0,0,0,0,0,0.0,0.0,0,0.0,0,368,3,6,0.6576,0.0311,GREEN,63,Bengaluru
CLM0036467,BEN_00363,Electronic City,2025-12-25,14,0,0,0,0,0,0,0,0,0,0.0,0.173903,0,1.0,0,317,3,0,0.5671,0.0669,GREEN,32,Bengaluru
CLM0036468,BEN_02196,HSR Layout,2024-09-17,7,0,0,0,0,0,0,0,0,0,0.0,0.244849,0,0.0,0,231,3,3,0.8184,0.0,GREEN,49,Bengaluru
CLM0036469,BEN_04358,Electronic City,2021-03-28,17,0,0,0,0,0,0,1,0,0,0.0,0.901776,0,0.0,0,165,0,9,0.8355,0.0352,GREEN,39,Bengaluru
CLM0036470,BEN_07251,BTM Layout,2018-05-08,8,0,0,0,0,0,1,0,0,0,0.0,0.355911,0,0.0,0,119,1,0,0.8298,0.0274,GREEN,53,Bengaluru
CLM0036471,BEN_09684,BTM Layout,2025-09-10,9,0,0,0,0,0,0,0,0,0,1.0,0.310105,0,0.0,0,420,0,2,0.7064,0.1667,GREEN,34,Bengaluru
CLM0036472,BEN_08828,Koramangala,2019-05-22,21,0,0,0,0,0,0,0,0,0,0.0,0.192567,0,0.0,1,411,1,0,0.8873,0.0966,GREEN,47,Bengaluru
CLM0036473,BEN_06817,Rajajinagar,2024-10-14,10,0,0,0,0,0,0,0,0,0,0.0,0.147116,0,0.0,0,55,3,3,0.7813,0.0267,GREEN,45,Bengaluru
CLM0036474,BEN_07889,BTM Layout,2025-11-30,9,0,0,0,0,0,0,0,0,0,0.0,0.176268,0,0.0,0,212,0,5,0.0885,0.0,GREEN,50,Bengaluru
CLM0036475,BEN_04075,Rajajinagar,2021-11-04,11,0,0,0,0,0,0,0,0,0,0.0,0.078823,0,0.0,0,50,1,3,0.05,0.1156,GREEN,40,Bengaluru
CLM0036476,BEN_04331,Rajajinagar,2023-01-19,21,0,0,0,1,1,1,1,0,1,0.0,0.153026,1,0.0,1,5,1,11,0.7654,0.0067,GREEN,34,Bengaluru
CLM0036477,BEN_05044,Marathahalli,2024-10-12,13,0,0,0,0,0,0,0,0,0,0.0,0.399792,0,0.0,0,420,1,5,0.6601,0.0,GREEN,55,Bengaluru
CLM0036478,BEN_02881,Jayanagar,2024-10-01,10,0,0,0,0,0,0,0,0,0,0.0,0.272574,0,0.0,0,333,0,0,0.1146,0.0421,GREEN,64,Bengaluru
CLM0036479,BEN_06285,Marathahalli,2023-07-27,17,0,0,0,0,0,0,0,0,0,0.0,0.0,0,0.0,0,362,3,1,0.7098,0.0,GREEN,58,Bengaluru
CLM0036480,BEN_00979,HSR Layout,2022-02-20,21,0,0,0,0,0,1,0,0,0,0.0,0.173975,0,0.0,0,207,4,1,0.5643,0.1904,GREEN,36,Bengaluru
CLM0036481,BEN_05314,Rajajinagar,2021-05-28,7,0,0,0,0,0,0,1,0,0,0.0,0.077041,0,0.0,0,420,3,0,0.7332,0.062,GREEN,46,Bengaluru
CLM0036482,BEN_04196,Marathahalli,2025-10-11,7,0,0,0,0,0,0,0,0,0,0.0,0.257723,0,0.0,0,314,4,1,0.7765,0.0291,GREEN,38,Bengaluru
CLM0036483,BEN_05311,Koramangala,2023-12-01,7,0,0,0,0,0,0,0,0,0,0.0,0.074776,0,0.0,0,420,0,2,0.5725,0.0,GREEN,50,Bengaluru
CLM0036484,BEN_08592,Marathahalli,2025-12-29,11,0,0,0,0,0,0,0,0,0,0.0,1.0,0,0.0,0,358,3,0,0.8106,0.0,GREEN,43,Bengaluru
CLM0036485,BEN_02639,Whitefield,2024-03-03,10,0,0,0,0,0,0,0,0,1,0.0,0.151859,0,0.0,0,63,1,2,0.6656,0.0899,GREEN,31,Bengaluru
CLM0036486,BEN_06574,Indiranagar,2025-04-28,7,0,0,0,0,0,0,1,0,0,0.0,0.254478,0,0.0,0,51,1,0,0.05,0.1688,GREEN,51,Bengaluru
CLM0036487,BEN_04192,HSR Layout,2023-12-16,12,0,0,0,0,1,0,0,0,0,0.0,0.288092,1,1.0,0,420,2,5,0.562,0.2153,GREEN,55,Bengaluru
CLM0036488,BEN_05075,Indiranagar,2023-11-04,15,0,0,0,0,0,0,0,0,0,0.0,0.382499,0,0.0,0,401,4,2,0.7876,0.1457,GREEN,36,Bengaluru
CLM0036489,BEN_07315,BTM Layout,2024-09-06,18,0,0,0,0,0,1,0,0,0,0.0,0.39078,0,0.0,0,274,1,6,0.4327,0.0103,GREEN,42,Bengaluru
CLM0036490,BEN_09510,Yelahanka,2025-03-21,14,0,0,0,0,0,0,0,0,0,1.0,0.126831,0,0.0,0,168,3,3,0.905,0.0822,GREEN,49,Bengaluru
CLM0036491,BEN_07878,Whitefield,2024-04-25,18,0,0,0,0,0,0,0,0,0,0.0,0.154073,0,0.0,0,259,3,5,0.81,0.0,GREEN,35,Bengaluru
CLM0036492,BEN_02272,Yelahanka,2025-04-15,8,0,0,0,0,0,0,1,0,0,0.0,0.972847,0,0.0,0,309,4,3,0.3638,0.0,GREEN,45,Bengaluru
CLM0036493,BEN_07171,Yelahanka,2024-12-13,15,0,0,0,0,0,0,0,0,0,0.0,0.956679,0,0.0,0,114,0,5,0.4475,0.0,GREEN,28,Bengaluru
CLM0036494,BEN_01044,BTM Layout,2025-11-13,20,0,0,0,0,0,0,0,0,0,0.0,0.473129,0,0.0,0,205,2,3,0.7028,0.0,GREEN,29,Bengaluru
CLM0036495,BEN_01703,Whitefield,2016-05-31,9,0,0,0,0,0,0,1,1,0,0.0,0.133719,0,0.0,0,304,0,1,0.8466,0.1978,GREEN,28,Bengaluru
CLM0036496,BEN_05673,Electronic City,2015-12-26,11,0,0,0,0,0,0,0,0,0,0.0,0.990242,0,0.0,0,420,3,3,0.5602,0.0,GREEN,43,Bengaluru
CLM0036497,BEN_07303,Koramangala,2025-05-09,8,0,1,1,1,0,0,0,1,0,0.0,0.118261,1,0.0,0,420,2,4,0.5465,0.214,GREEN,47,Bengaluru
CLM0036498,BEN_08454,Koramangala,2024-07-12,7,0,0,0,0,0,0,1,1,0,0.0,0.0,0,0.0,0,244,4,0,0.928,0.1868,GREEN,52,Bengaluru
CLM0036499,BEN_00411,Marathahalli,2024-12-29,13,0,0,0,0,0,0,0,0,0,0.0,0.223075,0,0.0,0,245,3,0,0.4822,0.0,GREEN,49,Bengaluru
CLM0036500,BEN_04357,HSR Layout,2024-10-19,11,0,0,0,0,0,0,0,0,0,1.0,0.0,0,0.0,0,288,4,3,0.6273,0.103,GREEN,48,Bengaluru
CLM0036501,BEN_00966,Indiranagar,2025-04-19,12,0,0,0,0,0,0,0,1,0,0.0,0.158048,0,0.0,0,93,2,3,0.8953,0.0694,GREEN,35,Bengaluru
CLM0036502,BEN_03841,HSR Layout,2025-07-08,18,0,0,0,0,0,0,0,0,0,0.0,0.146553,0,0.0,0,302,0,0,0.7165,0.0201,GREEN,47,Bengaluru
CLM0036503,BEN_04493,Rajajinagar,2025-09-02,7,0,0,0,0,0,0,0,0,0,1.0,1.0,0,1.0,0,282,1,1,0.4709,0.0,GREEN,64,Bengaluru
CLM0036504,BEN_04525,Yelahanka,2025-03-22,17,0,0,0,0,0,0,0,0,0,0.0,0.238322,0,0.0,0,420,4,3,0.619,0.0004,GREEN,51,Bengaluru
CLM0036505,BEN_06343,Whitefield,2025-06-04,16,0,0,0,0,0,0,0,0,0,0.0,0.990734,0,0.0,0,177,4,0,0.98,0.0,GREEN,37,Bengaluru
CLM0036506,BEN_07548,Indiranagar,2024-11-30,17,0,0,0,0,0,0,0,0,0,0.0,1.0,0,0.0,0,48,0,1,0.8204,0.1161,GREEN,42,Bengaluru
CLM0036507,BEN_01721,Marathahalli,2025-01-19,15,0,0,0,0,0,0,0,0,0,0.0,0.098207,0,0.0,0,199,0,7,0.8583,0.0314,GREEN,41,Bengaluru
CLM0036508,BEN_02794,Electronic City,2022-11-13,18,0,0,0,0,0,0,0,0,0,0.0,0.00354,0,0.0,0,420,4,10,0.5661,0.0393,GREEN,29,Bengaluru
CLM0036509,BEN_03711,Electronic City,2020-12-23,15,0,0,0,0,0,0,0,0,0,0.0,0.445144,0,0.0,0,182,4,4,0.7504,0.0,GREEN,47,Bengaluru
CLM0036510,BEN_02712,Indiranagar,2022-04-13,12,0,0,0,0,0,0,0,0,0,0.0,0.062915,0,0.0,0,420,4,4,0.4597,0.0,GREEN,39,Bengaluru
CLM0036511,BEN_01800,HSR Layout,2024-01-17,15,0,0,0,0,0,0,1,0,0,0.0,0.025463,0,0.0,0,380,4,0,0.3651,0.1293,GREEN,55,Bengaluru
CLM0036512,BEN_05827,Indiranagar,2022-11-17,18,0,0,0,0,0,0,0,0,0,0.0,0.305665,0,0.0,0,114,3,0,0.7728,0.1747,GREEN,44,Bengaluru
CLM0036513,BEN_07142,HSR Layout,2023-10-31,7,0,0,0,0,0,0,0,0,0,0.0,0.144529,0,0.0,0,415,0,2,0.834,0.0532,GREEN,50,Bengaluru
CLM0036514,BEN_00011,HSR Layout,2018-10-03,12,0,0,0,0,0,0,1,0,0,0.0,0.994721,0,0.0,0,219,4,1,0.4659,0.0083,GREEN,33,Bengaluru
CLM0036515,BEN_01406,Indiranagar,2023-04-19,9,0,0,0,0,0,0,0,0,0,0.0,0.26588,0,0.0,0,49,3,1,0.4947,0.0,GREEN,29,Bengaluru
CLM0036516,BEN_01809,Yelahanka,2025-12-19,16,0,0,0,0,0,0,0,0,0,0.0,0.253603,0,0.0,0,325,1,4,0.8889,0.0,GREEN,36,Bengaluru
CLM0036517,BEN_01109,Koramangala,2022-05-20,12,0,0,0,0,0,0,1,0,0,0.0,0.168306,0,0.0,0,420,2,0,0.7153,0.0454,GREEN,43,Bengaluru
CLM0036518,BEN_00047,Rajajinagar,2022-01-12,13,0,0,0,0,0,1,0,0,0,0.0,0.251315,0,0.0,0,420,0,3,0.8667,0.0852,GREEN,44,Bengaluru
CLM0036519,BEN_06275,Jayanagar,2025-01-17,21,0,0,0,0,0,0,0,0,0,0.0,0.0,0,0.0,0,195,3,4,0.655,0.0,GREEN,54,Bengaluru
CLM0036520,BEN_06691,Yelahanka,2023-11-17,20,0,0,0,0,0,0,0,0,0,0.0,0.269146,0,0.0,0,60,0,0,0.8635,0.0183,GREEN,50,Bengaluru
CLM0036521,BEN_08261,BTM Layout,2023-04-12,18,0,0,0,0,0,0,0,0,0,1.0,0.216027,0,0.0,0,141,4,1,0.6256,0.0526,GREEN,35,Bengaluru
CLM0036522,BEN_02833,Indiranagar,2025-03-11,11,0,0,0,0,0,0,0,0,0,0.0,0.0,0,0.0,0,197,3,0,0.628,0.0,GREEN,49,Bengaluru
CLM0036523,BEN_06695,Indiranagar,2024-04-28,14,0,0,0,0,0,0,0,0,0,0.0,0.400492,0,0.0,0,420,2,3,0.2801,0.0,GREEN,44,Bengaluru
CLM0036524,BEN_03186,Jayanagar,2023-09-01,15,0,0,0,0,0,0,0,0,0,0.0,0.953424,0,0.0,0,220,1,0,0.521,0.0,GREEN,25,Bengaluru
CLM0036525,BEN_01768,Marathahalli,2023-06-06,18,0,0,0,0,0,0,0,0,0,0.0,0.100862,0,0.0,1,218,2,3,0.1963,0.047,GREEN,40,Bengaluru
CLM0036526,BEN_03280,Electronic City,2023-08-17,16,0,1,1,0,0,0,0,0,0,0.0,0.187528,0,0.0,0,402,2,6,0.2736,0.0,GREEN,55,Bengaluru
CLM0036527,BEN_01219,HSR Layout,2022-12-08,11,0,0,0,0,0,0,0,0,0,0.0,0.028305,0,0.0,0,178,4,0,0.672,0.0,GREEN,45,Bengaluru
CLM0036528,BEN_08874,Electronic City,2023-08-28,9,0,0,0,0,0,0,0,0,0,0.0,0.182808,0,0.0,0,196,3,0,0.7874,0.0,GREEN,51,Bengaluru
CLM0036529,BEN_01005,Electronic City,2022-03-17,7,0,0,0,0,0,0,0,0,0,0.0,0.186916,1,0.0,0,382,3,3,0.5523,0.0786,GREEN,43,Bengaluru
CLM0036530,BEN_01086,Indiranagar,2023-08-29,15,0,0,0,0,0,0,1,0,0,0.0,0.404097,0,0.0,0,257,2,4,0.3729,0.0911,GREEN,50,Bengaluru
CLM0036531,BEN_04306,BTM Layout,2022-01-24,14,0,0,0,0,0,1,0,1,0,0.0,0.0,0,0.0,0,261,1,1,0.5033,0.1158,GREEN,35,Bengaluru
CLM0036532,BEN_04716,Indiranagar,2021-08-14,10,0,0,0,0,0,0,0,0,0,0.0,0.081281,1,0.0,0,420,1,9,0.9721,0.0668,GREEN,18,Bengaluru
CLM0036533,BEN_04679,BTM Layout,2024-03-19,19,0,0,0,0,0,0,0,0,0,1.0,0.325953,0,0.0,0,396,2,2,0.9155,0.0338,GREEN,28,Bengaluru
CLM0036534,BEN_01531,Yelahanka,2022-10-02,7,0,0,0,1,0,0,0,0,0,0.0,0.354281,0,0.0,0,69,4,3,0.98,0.1787,GREEN,50,Bengaluru
CLM0036535,BEN_06016,Koramangala,2021-11-02,15,0,0,0,0,0,0,0,0,0,0.0,0.0,0,0.0,0,241,0,0,0.9065,0.0857,GREEN,44,Bengaluru
CLM0036536,BEN_03515,Marathahalli,2021-03-02,10,0,0,0,0,0,0,0,0,0,0.0,0.964977,0,0.0,1,255,3,3,0.98,0.1336,GREEN,38,Bengaluru
CLM0036537,BEN_09585,Electronic City,2021-06-11,19,0,0,0,0,0,0,1,0,0,0.0,0.427295,0,0.0,0,177,1,2,0.9087,0.0192,GREEN,46,Bengaluru
CLM0036538,BEN_01286,Whitefield,2023-02-28,14,0,0,0,0,0,1,0,0,0,0.0,0.14847,0,0.0,0,420,4,0,0.7796,0.096,GREEN,56,Bengaluru
CLM0036539,BEN_08264,Koramangala,2024-08-23,18,0,0,0,0,0,0,0,0,0,0.0,0.206442,0,0.0,0,353,0,3,0.6964,0.0608,GREEN,41,Bengaluru
CLM0036540,BEN_09699,BTM Layout,2025-11-08,21,0,0,0,0,0,0,0,0,0,0.0,0.305354,0,0.0,0,317,1,0,0.2386,0.0,GREEN,41,Bengaluru
CLM0036541,BEN_06097,Whitefield,2022-06-10,21,0,0,0,0,0,0,0,0,0,1.0,0.283651,0,0.0,0,259,2,0,0.98,0.096,GREEN,47,Bengaluru
CLM0036542,BEN_06626,Koramangala,2023-03-10,19,0,0,0,0,0,0,0,0,1,1.0,0.164502,0,0.0,0,420,3,2,0.6953,0.1999,GREEN,45,Bengaluru
CLM0036543,BEN_08230,HSR Layout,2021-02-26,14,0,0,0,0,0,0,0,0,0,0.0,0.08116,0,0.0,0,420,0,6,0.7781,0.0,GREEN,38,Bengaluru
CLM0036544,BEN_05865,Rajajinagar,2022-01-10,19,0,0,0,0,0,0,0,0,0,0.0,0.260996,0,0.0,0,128,3,0,0.6291,0.1379,GREEN,36,Bengaluru
CLM0036545,BEN_02978,Yelahanka,2023-01-24,15,0,0,0,0,0,0,0,1,0,0.0,0.278059,0,0.0,0,99,2,0,0.8665,0.1558,GREEN,45,Bengaluru
CLM0036546,BEN_08869,Indiranagar,2019-08-22,18,0,0,0,0,0,0,0,0,0,0.0,0.126102,0,0.0,0,420,0,6,0.8991,0.1601,GREEN,51,Bengaluru
CLM0036547,BEN_00083,Whitefield,2020-06-22,15,0,0,0,0,0,0,0,0,0,1.0,0.095376,0,0.0,0,420,0,3,0.527,0.1376,GREEN,45,Bengaluru
CLM0036548,BEN_08661,Rajajinagar,2022-05-24,15,0,0,0,0,0,0,0,1,0,0.0,0.294392,0,0.0,0,290,1,5,0.8752,0.1073,GREEN,28,Bengaluru
CLM0036549,BEN_04015,Electronic City,2024-11-28,21,0,0,0,0,0,1,0,1,0,0.0,0.105749,0,0.0,0,149,3,0,0.6856,0.2325,GREEN,36,Bengaluru
CLM0036550,BEN_02951,Indiranagar,2022-05-03,8,0,0,0,0,0,0,0,0,0,0.0,0.288569,0,1.0,0,343,0,1,0.7998,0.1161,GREEN,28,Bengaluru
CLM0036551,BEN_01750,Jayanagar,2022-03-02,14,0,0,0,1,0,0,0,0,0,0.0,0.133984,0,1.0,0,55,2,3,0.9539,0.2534,GREEN,43,Bengaluru
CLM0036552,BEN_04104,BTM Layout,2022-05-06,10,0,0,0,0,0,0,0,0,0,0.0,0.340734,0,0.0,0,408,1,0,0.694,0.0042,GREEN,31,Bengaluru
CLM0036553,BEN_03682,HSR Layout,2024-12-19,20,0,0,0,0,0,0,1,0,0,0.0,0.239952,0,0.0,0,420,1,2,0.8723,0.0546,GREEN,36,Bengaluru
CLM0036554,BEN_09353,Rajajinagar,2022-06-14,21,0,0,0,0,0,0,0,0,0,0.0,0.96931,0,0.0,0,420,0,3,0.6286,0.0988,GREEN,32,Bengaluru
CLM0036555,BEN_07749,Koramangala,2025-06-24,8,0,0,0,0,0,0,0,0,0,0.0,0.144953,0,0.0,0,82,3,6,0.9707,0.0,GREEN,46,Bengaluru
CLM0036556,BEN_09247,Koramangala,2023-12-09,10,0,0,0,0,0,0,0,0,0,0.0,0.0,0,0.0,0,242,3,1,0.7508,0.0,GREEN,52,Bengaluru
CLM0036557,BEN_04943,Rajajinagar,2021-12-15,21,0,0,0,0,0,0,0,0,0,0.0,0.300258,0,0.0,0,32,2,8,0.4534,0.0,GREEN,61,Bengaluru
CLM0036558,BEN_04848,Whitefield,2021-01-13,18,0,1,1,0,0,0,0,0,0,0.0,0.30532,1,0.0,0,364,0,4,0.5636,0.0782,GREEN,53,Bengaluru
CLM0036559,BEN_07753,Yelahanka,2025-07-18,8,0,0,0,0,0,0,0,0,0,0.0,0.114314,1,0.0,0,275,3,0,0.6165,0.1595,GREEN,48,Bengaluru
CLM0036560,BEN_01794,HSR Layout,2025-01-13,20,0,1,1,0,1,0,0,0,0,0.0,0.215756,0,0.0,0,296,2,3,0.6622,0.1146,GREEN,40,Bengaluru
CLM0036561,BEN_03458,Indiranagar,2025-10-26,16,0,0,0,0,0,0,0,0,0,0.0,0.335764,0,0.0,1,370,1,5,0.98,0.201,GREEN,43,Bengaluru
CLM0036562,BEN_03524,Yelahanka,2023-12-06,16,0,0,0,0,0,0,0,0,0,0.0,0.094714,0,0.0,0,363,1,3,0.1162,0.0,GREEN,51,Bengaluru
CLM0036563,BEN_01383,Yelahanka,2025-01-11,12,0,0,0,0,0,1,0,0,0,0.0,0.360293,0,0.0,0,354,3,3,0.8038,0.1082,GREEN,48,Bengaluru
CLM0036564,BEN_06711,Electronic City,2024-10-13,9,0,0,0,0,0,1,0,0,0,0.0,0.127508,1,0.0,1,15,3,0,0.7999,0.2036,GREEN,48,Bengaluru
CLM0036565,BEN_08600,Electronic City,2025-01-27,12,0,0,0,0,0,0,0,0,0,0.0,0.0,0,0.0,0,409,3,2,0.9578,0.0494,GREEN,46,Bengaluru
CLM0036566,BEN_00040,Electronic City,2023-02-19,13,0,0,0,0,0,1,1,1,0,0.0,0.217529,0,0.0,0,420,3,6,0.2189,0.2863,GREEN,43,Bengaluru
CLM0036567,BEN_08764,Indiranagar,2025-04-06,12,0,0,0,0,0,0,0,0,0,0.0,0.039537,1,0.0,0,293,4,4,0.8056,0.0526,GREEN,19,Bengaluru
CLM0036568,BEN_02272,Yelahanka,2025-01-28,7,0,0,0,0,0,1,0,0,0,0.0,0.302153,0,0.0,0,124,4,0,0.6017,0.134,GREEN,45,Bengaluru
CLM0036569,BEN_05590,Koramangala,2023-10-05,18,0,0,0,1,0,0,0,0,0,0.0,0.314924,0,0.0,0,420,3,2,0.6293,0.1357,GREEN,55,Bengaluru
CLM0036570,BEN_09892,Indiranagar,2024-07-14,20,0,0,0,0,0,0,1,0,0,0.0,0.273931,0,0.0,0,420,2,0,0.3052,0.0492,GREEN,29,Bengaluru
CLM0036571,BEN_02539,Jayanagar,2023-07-14,21,0,0,0,0,0,0,1,0,0,0.0,0.221411,0,0.0,0,217,1,3,0.8536,0.1934,GREEN,40,Bengaluru
CLM0036572,BEN_09847,Koramangala,2025-09-11,15,0,0,0,0,0,0,0,0,0,0.0,0.358784,0,0.0,0,399,4,0,0.9485,0.0,GREEN,51,Bengaluru
CLM0036573,BEN_06267,Marathahalli,2024-10-29,13,0,0,0,1,0,1,1,1,1,0.0,0.109707,1,0.0,0,24,0,18,0.7035,0.291,GREEN,32,Bengaluru
CLM0036574,BEN_07066,Rajajinagar,2023-02-21,14,0,0,0,0,0,0,1,1,0,0.0,0.298679,0,0.0,0,311,2,3,0.7891,0.1578,GREEN,29,Bengaluru
CLM0036575,BEN_01534,HSR Layout,2022-12-25,13,0,0,0,0,0,0,0,0,0,0.0,0.395596,0,0.0,0,142,1,3,0.9633,0.0,GREEN,30,Bengaluru
CLM0036576,BEN_08911,Koramangala,2024-04-27,10,0,0,0,0,0,0,0,0,0,0.0,0.207921,0,0.0,0,248,3,3,0.805,0.0,GREEN,34,Bengaluru
CLM0036577,BEN_04887,Rajajinagar,2023-06-02,20,0,0,0,0,0,0,0,0,0,0.0,0.144619,0,0.0,0,90,3,0,0.8061,0.1323,GREEN,49,Bengaluru
CLM0036578,BEN_09880,Marathahalli,2024-05-18,16,0,0,0,0,0,0,0,0,0,0.0,0.204513,0,0.0,0,174,3,4,0.7186,0.0633,GREEN,59,Bengaluru
CLM0036579,BEN_05239,BTM Layout,2022-04-05,19,0,0,0,0,0,0,0,0,0,0.0,0.047355,0,0.0,0,267,0,3,0.6588,0.1219,GREEN,35,Bengaluru
CLM0036580,BEN_08120,Rajajinagar,2025-01-04,19,0,0,0,0,0,0,0,0,0,0.0,0.107644,0,0.0,0,174,4,2,0.6983,0.0554,GREEN,44,Bengaluru
CLM0036581,BEN_01876,Koramangala,2024-09-26,14,0,0,0,0,0,0,1,0,0,0.0,0.146776,0,0.0,0,49,0,1,0.5056,0.0783,GREEN,45,Bengaluru
CLM0036582,BEN_05245,Koramangala,2021-10-26,8,0,0,0,0,0,0,0,0,0,0.0,0.156435,0,0.0,0,353,3,0,0.9201,0.0,GREEN,35,Bengaluru
CLM0036583,BEN_09976,Electronic City,2025-02-15,17,0,0,0,0,0,0,0,0,0,0.0,0.07087,0,1.0,0,186,2,0,0.7343,0.0,GREEN,42,Bengaluru
CLM0036584,BEN_08826,BTM Layout,2025-12-19,20,0,0,0,0,0,0,0,0,0,0.0,0.302889,0,1.0,0,248,2,5,0.6872,0.0279,GREEN,40,Bengaluru
CLM0036585,BEN_04174,Yelahanka,2025-05-08,13,0,0,0,0,0,0,1,0,0,0.0,0.889255,0,0.0,0,128,4,5,0.6398,0.1508,GREEN,34,Bengaluru
CLM0036586,BEN_03836,Indiranagar,2024-09-13,16,0,1,1,1,0,0,0,0,1,0.0,1.0,0,0.0,0,66,4,7,0.7773,0.3462,YELLOW,38,Bengaluru
CLM0036587,BEN_01802,HSR Layout,2024-04-19,13,0,0,0,0,0,0,0,0,0,1.0,0.353322,0,0.0,0,237,4,7,0.0909,0.0881,GREEN,38,Bengaluru
CLM0036588,BEN_09950,Electronic City,2025-06-27,18,0,0,0,0,0,0,0,0,0,0.0,0.371772,0,0.0,0,66,2,3,0.8244,0.0102,GREEN,67,Bengaluru
CLM0036589,BEN_08345,Electronic City,2023-04-06,18,0,0,0,0,0,0,0,0,0,0.0,0.334407,0,0.0,0,323,0,0,0.8719,0.0259,GREEN,60,Bengaluru
CLM0036590,BEN_03207,Koramangala,2025-01-27,7,0,0,0,0,0,0,0,0,0,0.0,0.047444,0,0.0,1,14,1,0,0.9303,0.065,GREEN,38,Bengaluru
CLM0036591,BEN_07026,Koramangala,2024-09-30,12,0,0,0,0,0,0,0,1,0,0.0,0.102964,0,0.0,1,34,0,0,0.7883,0.2792,GREEN,48,Bengaluru
CLM0036592,BEN_08628,Electronic City,2025-07-11,9,0,0,0,0,0,0,0,0,0,0.0,0.182601,1,0.0,0,420,0,6,0.98,0.0211,GREEN,49,Bengaluru
CLM0036593,BEN_02356,Whitefield,2025-03-31,11,0,0,0,0,0,0,0,0,0,0.0,0.25237,0,0.0,0,176,0,3,0.6245,0.0023,GREEN,46,Bengaluru
CLM0036594,BEN_05112,Yelahanka,2021-06-16,18,0,1,1,1,1,0,1,1,0,1.0,0.6834,1,0.0,1,5,2,18,0.2274,0.6363,RED,43,Bengaluru
CLM0036595,BEN_04296,Electronic City,2019-12-04,16,0,1,1,1,0,1,1,1,0,0.0,0.114618,0,0.0,1,5,2,18,0.8007,0.6915,RED,39,Bengaluru
CLM0036596,BEN_02260,Rajajinagar,2021-02-07,7,0,1,1,1,1,0,1,1,1,1.0,0.930848,0,0.0,1,11,0,18,0.05,0.8015,RED,35,Bengaluru
CLM0036597,BEN_06636,Yelahanka,2022-07-30,20,0,1,1,1,1,1,1,0,1,1.0,1.0,0,1.0,0,48,1,18,0.1174,0.7785,RED,49,Bengaluru
CLM0036598,BEN_04411,Jayanagar,2025-07-01,17,0,1,1,0,0,0,0,0,0,0.0,0.339186,0,0.0,0,404,2,2,0.5713,0.6955,RED,50,Bengaluru
CLM0036599,BEN_07337,Whitefield,2020-12-19,11,0,1,1,0,0,0,0,0,0,0.0,0.256215,0,0.0,0,182,2,0,0.9124,0.7411,RED,24,Bengaluru
CLM0036600,BEN_09398,Marathahalli,2024-07-10,10,0,1,1,1,0,1,1,1,1,0.0,1.0,0,1.0,1,5,2,18,0.9601,0.8025,RED,31,Bengaluru
CLM0036601,BEN_00196,Indiranagar,2025-06-03,20,0,1,1,0,0,0,0,0,0,0.0,0.862602,0,0.0,0,260,0,4,0.2738,0.5953,YELLOW,33,Bengaluru
CLM0036602,BEN_05333,Indiranagar,2018-09-14,20,0,0,0,0,0,0,1,0,0,0.0,0.247565,0,0.0,0,331,3,0,0.05,0.0,GREEN,52,Bengaluru
CLM0036603,BEN_03785,Jayanagar,2018-04-04,19,0,0,0,0,0,0,0,0,0,0.0,0.282615,0,0.0,0,147,0,4,0.8813,0.0,GREEN,65,Bengaluru
CLM0036604,BEN_07513,Marathahalli,2017-07-19,20,0,0,0,0,0,0,0,0,0,1.0,0.332736,0,0.0,0,147,1,3,0.98,0.0986,GREEN,44,Bengaluru
CLM0036605,BEN_06402,Indiranagar,2024-11-02,9,0,0,0,0,0,0,0,0,0,0.0,0.426877,0,0.0,0,96,1,2,0.6696,0.0141,GREEN,48,Bengaluru
CLM0036606,BEN_03862,Whitefield,2016-09-15,9,0,0,0,0,0,0,0,0,0,0.0,0.240103,0,0.0,0,83,1,3,0.6647,0.0,GREEN,53,Bengaluru
CLM0036607,BEN_07636,HSR Layout,2023-07-24,9,0,0,0,0,0,0,0,0,0,1.0,0.393718,0,0.0,0,420,0,2,0.5828,0.0035,GREEN,58,Bengaluru
CLM0036608,BEN_06907,Jayanagar,2019-11-14,8,0,0,0,0,0,0,0,0,0,0.0,0.282195,0,1.0,0,394,3,4,0.98,0.0,GREEN,42,Bengaluru
CLM0036609,BEN_01076,Indiranagar,2018-02-15,12,0,0,0,0,0,1,0,0,0,0.0,0.142409,0,0.0,0,5,4,1,0.6576,0.0459,GREEN,47,Bengaluru
CLM0036610,BEN_05992,Whitefield,2019-11-09,12,0,0,0,1,0,0,0,1,0,0.0,0.306475,0,0.0,0,125,3,5,0.5195,0.2568,GREEN,57,Bengaluru
CLM0036611,BEN_00047,Rajajinagar,2022-11-03,11,0,0,0,0,0,0,0,1,0,0.0,0.0,0,0.0,0,151,4,3,0.8686,0.0152,GREEN,44,Bengaluru
CLM0036612,BEN_03468,Yelahanka,2021-10-29,13,0,1,1,0,0,0,0,0,0,1.0,0.113816,1,0.0,0,53,0,7,0.8447,0.0496,GREEN,36,Bengaluru
CLM0036613,BEN_05434,BTM Layout,2021-03-17,10,0,0,0,0,0,0,0,0,0,0.0,0.424231,0,0.0,0,258,3,6,0.7662,0.0203,GREEN,18,Bengaluru
CLM0036614,BEN_01209,Electronic City,2019-09-25,14,0,0,0,0,0,0,0,0,0,0.0,0.37464,0,0.0,0,148,1,2,0.6074,0.0,GREEN,23,Bengaluru
CLM0036615,BEN_00371,Koramangala,2019-07-01,8,0,0,0,0,0,0,0,0,1,0.0,0.103295,0,0.0,0,420,3,2,0.7086,0.1441,GREEN,42,Bengaluru
CLM0036616,BEN_08652,Electronic City,2025-06-28,7,0,0,0,0,0,0,0,1,0,0.0,0.435059,0,0.0,0,231,3,7,0.4349,0.0948,GREEN,35,Bengaluru
CLM0036617,BEN_01225,Yelahanka,2022-03-22,11,0,0,0,0,0,0,0,0,0,0.0,0.142691,0,0.0,0,147,2,2,0.6533,0.0426,GREEN,40,Bengaluru
CLM0036618,BEN_00699,Indiranagar,2020-11-04,16,0,0,0,0,0,0,0,0,0,1.0,0.090989,0,0.0,0,190,2,1,0.8272,0.0,GREEN,48,Bengaluru
CLM0036619,BEN_09493,Jayanagar,2020-07-19,7,0,0,0,0,0,0,0,0,0,0.0,0.049925,0,0.0,0,25,1,5,0.9482,0.0,GREEN,27,Bengaluru
CLM0036620,BEN_08691,HSR Layout,2020-01-21,8,0,0,0,0,0,0,0,0,0,0.0,0.123652,0,0.0,0,197,2,0,0.236,0.0,GREEN,34,Bengaluru
CLM0036621,BEN_06670,BTM Layout,2024-04-14,7,0,0,0,1,0,0,0,0,0,0.0,0.165912,0,0.0,0,231,0,0,0.2527,0.1451,GREEN,36,Bengaluru
CLM0036622,BEN_00012,Yelahanka,2018-10-25,14,0,0,0,0,1,0,0,0,0,0.0,0.046571,0,0.0,0,342,3,0,0.7705,0.1852,GREEN,46,Bengaluru
CLM0036623,BEN_02758,HSR Layout,2022-10-23,21,0,0,0,1,1,0,0,1,1,0.0,0.143839,0,0.0,0,5,3,18,0.0598,0.1209,GREEN,37,Bengaluru
CLM0036624,BEN_09007,Koramangala,2024-08-29,8,0,0,0,0,0,1,1,1,0,0.0,0.194687,0,0.0,1,5,1,18,0.8132,0.0573,GREEN,39,Bengaluru
CLM0036625,BEN_07491,Electronic City,2021-11-06,12,0,0,0,0,0,0,0,0,0,0.0,0.289572,0,0.0,0,13,2,4,0.4704,0.0,GREEN,56,Bengaluru
CLM0036626,BEN_02331,Rajajinagar,2018-09-14,17,0,0,0,0,0,0,0,0,0,0.0,0.042152,0,0.0,0,273,3,0,0.6104,0.0002,GREEN,61,Bengaluru
CLM0036627,BEN_07157,HSR Layout,2024-09-06,8,0,0,0,0,0,1,0,0,0,0.0,0.190225,0,0.0,0,213,2,4,0.6348,0.1057,GREEN,47,Bengaluru
CLM0036628,BEN_02581,Koramangala,2024-06-22,20,0,0,0,0,0,0,1,0,0,0.0,0.111196,0,0.0,0,52,2,4,0.4483,0.1753,GREEN,65,Bengaluru
CLM0036629,BEN_00799,Koramangala,2024-07-12,13,0,0,0,0,0,0,0,0,0,0.0,0.172015,1,0.0,0,293,0,2,0.686,0.0,GREEN,46,Bengaluru
CLM0036630,BEN_03891,Jayanagar,2024-12-23,8,0,0,0,0,0,0,0,0,0,0.0,0.181292,0,0.0,1,217,2,4,0.5213,0.0663,GREEN,21,Bengaluru
CLM0036631,BEN_06337,BTM Layout,2024-10-19,16,0,0,0,0,0,1,0,0,1,1.0,0.152233,0,0.0,0,83,2,2,0.5547,0.2955,GREEN,37,Bengaluru
CLM0036632,BEN_02531,Koramangala,2024-11-16,14,0,0,0,0,0,0,0,0,0,0.0,0.0,0,0.0,0,259,4,0,0.98,0.0308,GREEN,52,Bengaluru
CLM0036633,BEN_02886,Whitefield,2025-08-08,16,0,0,0,0,0,1,0,0,0,0.0,0.138496,0,0.0,0,98,0,1,0.7144,0.0677,GREEN,47,Bengaluru
CLM0036634,BEN_06609,Marathahalli,2024-12-19,9,0,0,0,0,0,0,0,0,0,0.0,1.0,0,0.0,0,95,2,2,0.6661,0.0,GREEN,45,Bengaluru
CLM0036635,BEN_05419,Rajajinagar,2025-05-15,9,0,0,0,0,0,0,0,0,0,1.0,0.022146,1,0.0,1,400,4,4,0.9753,0.2233,GREEN,26,Bengaluru
CLM0036636,BEN_07848,Whitefield,2025-09-18,7,0,0,0,0,0,0,0,0,0,0.0,0.124503,0,0.0,0,369,4,5,0.7523,0.0209,GREEN,35,Bengaluru
CLM0036637,BEN_01568,Jayanagar,2024-06-18,8,0,0,0,0,0,0,0,0,0,0.0,0.048227,0,1.0,0,224,0,1,0.2106,0.0329,GREEN,25,Bengaluru
CLM0036638,BEN_07992,HSR Layout,2025-01-20,20,0,0,0,0,0,0,0,0,0,0.0,0.323206,0,0.0,0,84,0,4,0.7719,0.0,GREEN,34,Bengaluru
CLM0036639,BEN_04250,BTM Layout,2022-08-16,16,0,0,0,0,0,0,0,1,0,0.0,0.211736,0,0.0,0,148,1,0,0.7035,0.0968,GREEN,50,Bengaluru
CLM0036640,BEN_05505,HSR Layout,2020-03-28,11,0,1,1,0,0,0,0,0,0,0.0,0.209364,0,0.0,0,305,4,4,0.0896,0.0,GREEN,44,Bengaluru
CLM0036641,BEN_00474,Jayanagar,2018-05-13,10,0,0,0,0,0,0,1,1,0,0.0,0.200055,0,0.0,0,302,2,2,0.7776,0.1833,GREEN,44,Bengaluru
CLM0036642,BEN_09819,Indiranagar,2020-11-05,10,0,0,0,0,0,0,0,0,0,0.0,0.129084,0,0.0,0,375,0,0,0.8084,0.0602,GREEN,33,Bengaluru
CLM0036643,BEN_02946,Whitefield,2022-03-16,14,0,0,0,0,0,0,0,0,0,0.0,0.022538,0,0.0,0,272,3,5,0.4553,0.0907,GREEN,33,Bengaluru
CLM0036644,BEN_06859,Rajajinagar,2020-06-15,15,0,0,0,0,0,0,0,0,0,0.0,0.799662,0,0.0,0,290,1,5,0.8981,0.0,GREEN,64,Bengaluru
CLM0036645,BEN_04919,HSR Layout,2025-03-04,15,0,1,1,0,0,1,0,0,1,0.0,0.91082,0,0.0,0,115,1,2,0.7373,0.2325,GREEN,45,Bengaluru
CLM0036646,BEN_08631,BTM Layout,2023-05-13,11,0,0,0,0,0,0,0,1,0,0.0,0.992634,1,0.0,0,301,3,3,0.8535,0.074,GREEN,46,Bengaluru
CLM0036647,BEN_04441,Indiranagar,2024-11-26,20,0,0,0,1,1,1,1,1,1,0.0,0.017596,0,0.0,1,30,2,18,0.8706,0.1437,GREEN,45,Bengaluru
CLM0036648,BEN_07892,Koramangala,2025-02-07,14,0,0,0,0,0,0,0,0,0,0.0,0.382858,0,0.0,0,355,3,4,0.1411,0.0467,GREEN,45,Bengaluru
CLM0036649,BEN_05578,BTM Layout,2021-06-08,20,0,0,0,0,0,0,0,0,0,0.0,0.229365,0,0.0,0,34,3,5,0.645,0.0,GREEN,19,Bengaluru
CLM0036650,BEN_03238,Marathahalli,2025-10-01,18,0,1,1,1,1,1,1,0,1,1.0,0.968874,1,1.0,1,23,1,12,0.3084,0.7191,RED,37,Bengaluru
CLM0036651,BEN_00326,BTM Layout,2025-08-19,13,0,1,1,0,0,1,1,0,0,0.0,0.19917,0,0.0,0,393,0,3,0.6073,0.4829,YELLOW,42,Bengaluru
CLM0036652,BEN_04928,Jayanagar,2024-07-22,19,0,1,1,1,1,1,0,1,0,0.0,1.0,1,1.0,1,5,0,18,0.797,0.6733,RED,53,Bengaluru
CLM0036653,BEN_01462,Indiranagar,2025-07-28,19,0,0,0,0,0,0,0,0,0,0.0,0.052341,0,0.0,0,420,2,3,0.7657,0.0625,GREEN,32,Bengaluru
CLM0036654,BEN_08986,HSR Layout,2024-12-18,12,0,0,0,0,0,0,0,0,0,0.0,0.406221,0,0.0,0,326,0,2,0.9195,0.0536,GREEN,62,Bengaluru
CLM0036655,BEN_07922,Electronic City,2023-05-22,16,0,0,0,0,0,0,0,0,0,1.0,0.870237,0,1.0,0,47,0,0,0.6042,0.0161,GREEN,31,Bengaluru
CLM0036656,BEN_06857,Rajajinagar,2023-06-17,15,0,0,0,0,0,0,0,0,0,0.0,0.01744,0,0.0,0,237,2,4,0.8617,0.0,GREEN,66,Bengaluru
CLM0036657,BEN_02925,Rajajinagar,2022-07-21,12,0,0,0,0,0,0,0,0,0,0.0,0.02497,0,0.0,0,329,2,3,0.5356,0.0,GREEN,58,Bengaluru
CLM0036658,BEN_04749,Koramangala,2022-10-21,18,0,0,0,0,0,0,0,0,1,0.0,0.469708,0,0.0,0,369,3,4,0.9226,0.2762,GREEN,43,Bengaluru
CLM0036659,BEN_06212,HSR Layout,2021-12-05,8,1,0,0,0,0,0,0,0,0,0.0,0.036889,0,0.0,0,52,3,5,0.2223,0.0,GREEN,47,Bengaluru
CLM0036660,BEN_03215,Rajajinagar,2023-12-15,9,0,0,0,0,0,0,0,0,0,0.0,0.378569,0,0.0,0,420,2,6,0.1748,0.0113,GREEN,40,Bengaluru
CLM0036661,BEN_02212,BTM Layout,2024-02-10,15,0,0,0,0,0,0,0,0,0,0.0,0.194555,0,0.0,0,83,4,3,0.9624,0.0,GREEN,59,Bengaluru
CLM0036662,BEN_00468,Indiranagar,2024-05-23,15,0,0,0,0,0,0,0,0,0,1.0,0.105259,0,0.0,0,225,1,2,0.5284,0.1069,GREEN,42,Bengaluru
CLM0036663,BEN_02856,Yelahanka,2024-04-17,20,0,0,0,0,0,0,0,0,0,1.0,0.187299,0,0.0,0,50,3,1,0.8431,0.0468,GREEN,56,Bengaluru
CLM0036664,BEN_01823,BTM Layout,2024-08-01,10,0,0,0,0,0,0,0,0,0,1.0,0.040635,0,0.0,0,253,3,1,0.7057,0.0496,GREEN,54,Bengaluru
CLM0036665,BEN_02708,Koramangala,2025-01-10,12,0,0,0,1,0,1,1,1,1,0.0,0.190763,0,0.0,1,9,2,18,0.829,0.0,GREEN,32,Bengaluru
CLM0036666,BEN_01988,Jayanagar,2024-01-27,18,0,0,0,0,0,0,0,0,0,0.0,0.0269,0,0.0,0,285,1,0,0.1079,0.0,GREEN,48,Bengaluru
CLM0036667,BEN_08118,BTM Layout,2016-07-19,12,0,0,0,0,0,0,0,0,0,0.0,0.188918,0,0.0,0,420,2,1,0.5367,0.0076,GREEN,50,Bengaluru
CLM0036668,BEN_01087,Rajajinagar,2015-09-23,7,0,0,0,0,0,1,0,1,0,0.0,0.071142,0,0.0,0,255,3,4,0.98,0.2116,GREEN,31,Bengaluru
CLM0036669,BEN_04092,Jayanagar,2024-01-24,14,0,0,0,0,0,0,0,0,0,0.0,0.270496,0,0.0,0,252,1,5,0.5959,0.1002,GREEN,38,Bengaluru
CLM0036670,BEN_06751,Rajajinagar,2019-04-17,19,0,0,0,0,0,0,0,0,0,0.0,1.0,0,0.0,1,292,0,4,0.6971,0.1022,GREEN,38,Bengaluru
CLM0036671,BEN_05120,Koramangala,2020-04-10,12,0,0,0,0,0,0,0,0,0,0.0,0.263195,0,0.0,0,187,1,5,0.4808,0.0,GREEN,38,Bengaluru
CLM0036672,BEN_06540,BTM Layout,2024-02-05,13,0,0,0,0,0,0,0,0,0,1.0,0.92374,0,1.0,0,418,0,4,0.8399,0.0,GREEN,49,Bengaluru
CLM0036673,BEN_04613,Yelahanka,2024-05-05,12,0,0,0,0,0,0,0,0,0,0.0,0.069093,0,0.0,0,142,2,0,0.8462,0.0245,GREEN,48,Bengaluru
CLM0036674,BEN_00260,HSR Layout,2018-08-16,14,0,0,0,0,0,0,1,0,0,0.0,0.177216,0,0.0,0,412,4,0,0.6477,0.0979,GREEN,21,Bengaluru
CLM0036675,BEN_05786,Electronic City,2022-04-29,10,0,0,0,0,0,0,0,0,0,0.0,0.0,0,0.0,0,324,4,2,0.69,0.0,GREEN,50,Bengaluru
CLM0036676,BEN_09505,HSR Layout,2024-09-05,17,0,0,0,0,0,0,0,0,0,0.0,0.375311,0,0.0,1,307,4,6,0.1572,0.0628,GREEN,63,Bengaluru
CLM0036677,BEN_06165,BTM Layout,2023-04-21,13,0,0,0,0,0,0,0,0,0,0.0,0.0,0,0.0,0,294,1,2,0.1406,0.0187,GREEN,33,Bengaluru
CLM0036678,BEN_01187,Jayanagar,2022-08-15,17,0,0,0,0,0,0,0,0,0,0.0,0.0,0,0.0,0,283,4,5,0.2157,0.0,GREEN,39,Bengaluru
CLM0036679,BEN_08987,Koramangala,2025-09-29,7,0,0,0,0,0,0,0,0,0,0.0,0.0,0,0.0,0,160,3,2,0.6241,0.0,GREEN,36,Bengaluru
CLM0036680,BEN_05483,Indiranagar,2024-09-23,20,0,1,1,0,0,0,1,0,0,0.0,0.031014,0,0.0,0,131,3,7,0.98,0.0364,GREEN,52,Bengaluru
CLM0036681,BEN_04894,BTM Layout,2025-08-16,12,0,0,0,0,0,0,0,0,0,0.0,0.246523,1,0.0,0,235,2,2,0.6755,0.0,GREEN,46,Bengaluru
CLM0036682,BEN_00991,Indiranagar,2025-11-23,12,0,0,0,0,0,0,0,0,0,0.0,0.123371,0,0.0,0,420,2,5,0.4709,0.0,GREEN,61,Bengaluru
CLM0036683,BEN_09138,Marathahalli,2025-10-23,12,0,0,0,0,0,1,0,1,0,1.0,0.0,0,1.0,1,5,4,18,0.1381,0.14,GREEN,49,Bengaluru
CLM0036684,BEN_04639,Rajajinagar,2023-12-14,7,0,0,0,0,0,0,0,0,0,0.0,0.191993,0,0.0,0,197,1,1,0.98,0.0,GREEN,45,Bengaluru
CLM0036685,BEN_07672,HSR Layout,2024-10-23,17,0,0,0,0,0,0,0,0,0,0.0,1.0,0,0.0,0,65,4,4,0.98,0.0292,GREEN,32,Bengaluru
CLM0036686,BEN_06354,Yelahanka,2025-10-29,10,0,0,0,0,0,0,0,0,0,0.0,0.138646,0,0.0,0,324,3,2,0.685,0.043,GREEN,40,Bengaluru
CLM0036687,BEN_07849,Jayanagar,2024-06-29,10,0,0,0,0,0,0,0,0,0,0.0,0.414662,0,0.0,0,99,3,0,0.0532,0.1268,GREEN,21,Bengaluru
CLM0036688,BEN_04594,Koramangala,2025-02-24,18,0,0,0,0,0,0,0,0,0,0.0,0.352353,1,0.0,0,289,1,4,0.478,0.0728,GREEN,45,Bengaluru
CLM0036689,BEN_08500,Electronic City,2024-09-15,9,0,0,0,0,0,0,0,0,0,0.0,0.222772,0,1.0,0,324,1,0,0.98,0.0665,GREEN,29,Bengaluru
CLM0036690,BEN_03073,HSR Layout,2025-08-06,18,0,0,0,0,0,0,0,0,0,1.0,1.0,0,1.0,0,96,2,0,0.98,0.0,GREEN,51,Bengaluru
CLM0036691,BEN_08423,HSR Layout,2025-07-04,10,0,0,0,0,0,0,0,0,0,0.0,0.334631,0,0.0,0,183,3,3,0.05,0.0,GREEN,34,Bengaluru
CLM0036692,BEN_01270,Koramangala,2024-06-20,18,0,0,0,1,0,1,0,1,1,0.0,0.597912,0,0.0,1,37,1,18,0.8386,0.0303,GREEN,49,Bengaluru
CLM0036693,BEN_06211,Whitefield,2024-10-20,9,0,0,0,0,0,0,0,0,0,0.0,0.180259,0,0.0,0,261,4,3,0.9495,0.0061,GREEN,43,Bengaluru
CLM0036694,BEN_00538,Indiranagar,2018-10-31,13,0,0,0,0,0,0,0,0,0,0.0,0.333248,0,0.0,0,386,4,1,0.6296,0.079,GREEN,56,Bengaluru
CLM0036695,BEN_00367,Indiranagar,2025-10-10,17,0,0,0,0,0,0,0,0,0,0.0,0.0207,0,0.0,0,386,1,2,0.689,0.0862,GREEN,51,Bengaluru
CLM0036696,BEN_05505,HSR Layout,2024-02-25,8,0,0,0,0,0,0,0,0,0,1.0,0.131487,0,0.0,0,71,0,3,0.05,0.1064,GREEN,44,Bengaluru
CLM0036697,BEN_04770,Indiranagar,2021-12-16,15,0,0,0,0,0,0,0,0,1,0.0,0.376178,0,0.0,0,203,2,0,0.6283,0.0333,GREEN,42,Bengaluru
CLM0036698,BEN_09414,HSR Layout,2023-10-26,16,0,0,0,0,0,0,0,0,0,0.0,1.0,0,0.0,0,159,0,1,0.6334,0.0102,GREEN,48,Bengaluru
CLM0036699,BEN_06093,Jayanagar,2017-06-08,13,0,1,1,0,0,0,0,0,0,0.0,0.0,0,0.0,0,5,3,0,0.7114,0.0129,GREEN,50,Bengaluru
CLM0036700,BEN_02268,Marathahalli,2019-03-26,11,0,0,0,0,0,0,0,0,0,0.0,1.0,0,0.0,0,44,3,3,0.7491,0.0302,GREEN,49,Bengaluru
CLM0036701,BEN_07495,Electronic City,2018-01-18,16,0,0,0,0,0,0,0,1,0,0.0,0.148631,0,0.0,0,155,4,1,0.601,0.106,GREEN,42,Bengaluru
CLM0036702,BEN_03834,Marathahalli,2023-07-23,8,0,0,0,0,0,0,0,0,0,0.0,0.120605,0,0.0,0,420,1,0,0.5053,0.0,GREEN,45,Bengaluru
CLM0036703,BEN_06681,Indiranagar,2025-04-30,21,0,0,0,0,0,0,0,0,0,0.0,1.0,0,0.0,0,294,1,1,0.98,0.0072,GREEN,35,Bengaluru
CLM0036704,BEN_08120,Rajajinagar,2020-07-21,20,0,0,0,0,0,0,0,0,0,0.0,0.139924,0,0.0,0,192,2,3,0.7476,0.0,GREEN,44,Bengaluru
CLM0036705,BEN_03733,HSR Layout,2019-11-29,17,0,0,0,0,1,0,0,0,0,0.0,0.235577,0,0.0,0,420,0,5,0.4726,0.0,GREEN,57,Bengaluru
CLM0036706,BEN_07076,Indiranagar,2019-12-04,14,0,0,0,1,0,0,1,0,0,1.0,0.141995,0,0.0,0,127,0,4,0.6305,0.2051,GREEN,37,Bengaluru
CLM0036707,BEN_05988,Electronic City,2022-02-17,8,0,0,0,0,0,0,0,0,0,0.0,0.178979,0,0.0,0,202,0,1,0.8228,0.0,GREEN,36,Bengaluru
CLM0036708,BEN_08485,Jayanagar,2022-06-13,20,0,0,0,0,0,0,0,0,0,0.0,0.0,0,0.0,0,176,0,5,0.6195,0.1406,GREEN,66,Bengaluru
CLM0036709,BEN_07152,Rajajinagar,2023-10-12,20,0,0,0,0,1,1,0,0,0,0.0,0.116345,0,0.0,0,280,0,2,0.778,0.1839,GREEN,62,Bengaluru
CLM0036710,BEN_05226,BTM Layout,2020-04-29,16,0,0,0,0,0,0,0,0,0,0.0,0.266677,0,0.0,0,176,4,0,0.9321,0.0157,GREEN,61,Bengaluru
CLM0036711,BEN_05102,Rajajinagar,2023-06-23,16,0,0,0,0,0,1,0,0,0,0.0,0.007273,0,0.0,0,284,3,0,0.05,0.1337,GREEN,33,Bengaluru
CLM0036712,BEN_02928,Rajajinagar,2023-12-21,14,0,0,0,0,0,0,0,0,0,0.0,0.372071,0,0.0,0,150,3,0,0.7065,0.0,GREEN,51,Bengaluru
CLM0036713,BEN_09839,Jayanagar,2023-09-22,12,0,0,0,0,0,0,0,0,0,0.0,0.256713,0,0.0,0,287,3,0,0.05,0.0,GREEN,40,Bengaluru
CLM0036714,BEN_04736,HSR Layout,2025-05-04,8,0,0,0,0,0,0,1,0,0,1.0,0.380562,0,1.0,0,148,1,0,0.67,0.1614,GREEN,46,Bengaluru
CLM0036715,BEN_03509,Koramangala,2023-08-18,13,0,0,0,0,0,0,0,0,0,0.0,0.972177,0,0.0,0,163,4,1,0.4749,0.1009,GREEN,58,Bengaluru
CLM0036716,BEN_01821,Indiranagar,2025-07-13,12,0,0,0,0,0,0,0,0,0,0.0,0.010124,0,0.0,0,154,0,10,0.1078,0.0,GREEN,42,Bengaluru
CLM0036717,BEN_00247,Koramangala,2023-10-31,13,0,0,0,0,0,0,1,0,0,0.0,0.0,0,0.0,0,137,4,2,0.4882,0.0605,GREEN,33,Bengaluru
CLM0036718,BEN_01089,Electronic City,2023-06-29,20,0,0,0,0,0,0,0,0,0,0.0,0.451644,0,0.0,0,28,2,1,0.2671,0.0316,GREEN,57,Bengaluru
CLM0036719,BEN_01868,Yelahanka,2024-04-22,20,0,0,0,0,0,0,0,0,0,0.0,0.226435,0,0.0,0,108,0,0,0.5483,0.0155,GREEN,31,Bengaluru
CLM0036720,BEN_08684,Rajajinagar,2025-09-14,20,0,0,0,0,0,0,0,0,0,0.0,0.205715,0,0.0,0,312,4,7,0.9021,0.0,GREEN,45,Bengaluru
CLM0036721,BEN_06230,Marathahalli,2020-09-08,7,0,0,0,0,1,0,0,1,0,0.0,0.234128,0,0.0,0,211,1,4,0.5144,0.2275,GREEN,26,Bengaluru
CLM0036722,BEN_05986,Yelahanka,2021-10-14,20,0,0,0,0,0,0,0,0,0,0.0,0.405685,0,0.0,0,317,3,1,0.8234,0.1348,GREEN,35,Bengaluru
CLM0036723,BEN_00786,Yelahanka,2023-11-08,21,0,0,0,0,0,0,0,0,0,0.0,0.326523,0,0.0,0,213,1,6,0.9164,0.132,GREEN,40,Bengaluru
CLM0036724,BEN_03300,Yelahanka,2025-06-14,20,0,0,0,0,0,0,0,0,1,0.0,0.046027,0,0.0,0,44,3,3,0.98,0.1523,GREEN,32,Bengaluru
CLM0036725,BEN_01168,Yelahanka,2023-05-11,7,0,0,0,0,0,0,0,0,0,0.0,0.070433,0,0.0,0,420,1,2,0.8464,0.0217,GREEN,43,Bengaluru
CLM0036726,BEN_01392,Koramangala,2023-10-03,13,0,0,0,1,0,0,0,0,1,0.0,0.116325,0,0.0,0,169,3,6,0.8885,0.334,YELLOW,52,Bengaluru
CLM0036727,BEN_06989,Whitefield,2025-11-18,16,0,0,0,0,0,1,0,0,0,0.0,0.175913,0,0.0,0,21,0,0,0.2011,0.169,GREEN,50,Bengaluru
CLM0036728,BEN_06825,Whitefield,2023-09-14,12,0,0,0,0,0,1,0,0,0,0.0,0.320931,0,0.0,1,374,3,3,0.706,0.2066,GREEN,46,Bengaluru
CLM0036729,BEN_01986,BTM Layout,2020-10-19,18,0,0,0,0,0,0,0,0,0,0.0,0.058404,0,1.0,0,181,3,4,0.5775,0.0595,GREEN,61,Bengaluru
CLM0036730,BEN_04235,Koramangala,2020-02-13,17,0,0,0,0,0,1,0,1,0,0.0,0.404565,0,0.0,0,420,3,1,0.1917,0.2133,GREEN,42,Bengaluru
CLM0036731,BEN_05802,Whitefield,2024-10-25,8,0,0,0,0,0,0,0,0,0,0.0,0.96585,0,0.0,0,406,1,3,0.7858,0.0,GREEN,50,Bengaluru
CLM0036732,BEN_00145,Koramangala,2025-10-21,12,0,0,0,0,0,1,1,0,0,0.0,0.424763,0,0.0,0,420,1,3,0.6175,0.2037,GREEN,38,Bengaluru
CLM0036733,BEN_02747,HSR Layout,2019-09-22,9,0,0,0,0,0,0,0,0,0,0.0,0.17511,0,0.0,0,419,2,2,0.4943,0.1051,GREEN,38,Bengaluru
CLM0036734,BEN_06185,Electronic City,2020-04-16,20,0,0,0,0,0,0,0,0,0,0.0,0.0,0,0.0,0,222,3,6,0.757,0.1229,GREEN,26,Bengaluru
CLM0036735,BEN_00870,Whitefield,2018-11-29,14,0,0,0,0,0,1,0,0,0,0.0,0.281486,0,0.0,0,197,0,2,0.98,0.1766,GREEN,37,Bengaluru
CLM0036736,BEN_03329,Koramangala,2025-01-05,18,0,0,0,0,0,0,0,0,0,1.0,0.283117,0,0.0,0,47,1,0,0.8857,0.1275,GREEN,36,Bengaluru
CLM0036737,BEN_07790,Koramangala,2018-03-30,12,0,0,0,0,0,0,0,1,0,0.0,0.180103,0,0.0,0,349,2,2,0.5823,0.1083,GREEN,37,Bengaluru
CLM0036738,BEN_07680,Marathahalli,2025-05-16,15,0,0,0,0,0,0,0,0,0,0.0,1.0,0,0.0,0,155,4,4,0.98,0.0619,GREEN,32,Bengaluru
CLM0036739,BEN_03204,Yelahanka,2021-05-22,16,0,0,0,0,0,0,0,0,0,0.0,0.092638,0,0.0,0,365,4,1,0.8307,0.0,GREEN,42,Bengaluru
CLM0036740,BEN_05905,HSR Layout,2023-04-26,16,0,0,0,0,0,1,1,0,0,0.0,0.119384,0,0.0,0,408,0,6,0.1282,0.1955,GREEN,28,Bengaluru
CLM0036741,BEN_02323,Jayanagar,2024-02-01,16,0,0,0,0,0,0,0,0,0,0.0,0.072475,0,1.0,0,89,3,2,0.8685,0.0467,GREEN,39,Bengaluru
CLM0036742,BEN_03696,Marathahalli,2019-07-12,13,0,0,0,0,0,0,0,1,0,0.0,0.023956,0,0.0,0,225,4,3,0.8736,0.0645,GREEN,32,Bengaluru
CLM0036743,BEN_03219,Yelahanka,2023-10-14,11,0,0,0,0,0,0,1,0,0,0.0,0.373256,0,0.0,0,171,0,0,0.9383,0.0515,GREEN,59,Bengaluru
CLM0036744,BEN_02315,HSR Layout,2021-11-28,16,0,0,0,0,0,0,0,0,0,0.0,0.965223,0,0.0,0,420,4,0,0.8275,0.0176,GREEN,48,Bengaluru
CLM0036745,BEN_02947,Electronic City,2018-01-18,17,0,0,0,0,0,0,0,0,1,0.0,0.177158,0,0.0,0,385,1,3,0.869,0.1456,GREEN,42,Bengaluru
CLM0036746,BEN_03855,Jayanagar,2025-10-13,16,0,0,0,0,0,0,0,0,0,0.0,0.311376,0,0.0,0,325,2,1,0.6992,0.0429,GREEN,34,Bengaluru
CLM0036747,BEN_05458,Electronic City,2021-03-23,11,0,0,0,0,0,0,0,0,0,0.0,0.298811,0,0.0,0,18,3,0,0.9626,0.0,GREEN,30,Bengaluru
CLM0036748,BEN_00200,Rajajinagar,2023-07-07,11,0,0,0,0,0,0,0,1,0,0.0,0.004025,0,0.0,0,343,0,2,0.8704,0.2228,GREEN,47,Bengaluru
CLM0036749,BEN_01364,Indiranagar,2022-06-29,17,0,0,0,0,0,0,0,0,0,0.0,0.0,0,0.0,0,117,0,0,0.5042,0.0,GREEN,52,Bengaluru
CLM0036750,BEN_01661,Yelahanka,2025-08-05,16,0,0,0,0,0,0,0,1,0,0.0,0.958258,0,0.0,0,211,3,2,0.1768,0.0586,GREEN,53,Bengaluru
CLM0036751,BEN_05853,Electronic City,2023-09-28,7,0,0,0,0,0,0,0,0,1,1.0,0.320608,0,0.0,0,46,0,2,0.5963,0.1735,GREEN,42,Bengaluru
CLM0036752,BEN_03810,BTM Layout,2023-02-04,11,0,0,0,0,0,0,0,0,0,0.0,0.129358,0,0.0,0,42,2,5,0.7452,0.0,GREEN,53,Bengaluru
CLM0036753,BEN_09005,Yelahanka,2024-08-19,17,0,0,0,0,0,0,0,0,0,0.0,0.292408,0,0.0,0,79,2,3,0.7959,0.0,GREEN,41,Bengaluru
CLM0036754,BEN_03244,Jayanagar,2022-11-20,13,0,0,0,0,0,0,0,0,0,0.0,0.113944,0,0.0,0,50,2,4,0.7724,0.0217,GREEN,41,Bengaluru
CLM0036755,BEN_03583,BTM Layout,2020-01-14,13,0,0,0,0,0,0,0,0,0,1.0,1.0,0,0.0,0,420,4,0,0.8948,0.0972,GREEN,47,Bengaluru
CLM0036756,BEN_00984,HSR Layout,2018-02-19,16,0,0,0,1,0,0,0,0,0,0.0,0.146954,0,0.0,0,263,3,4,0.1647,0.1987,GREEN,58,Bengaluru
CLM0036757,BEN_02009,Koramangala,2024-04-06,16,0,0,0,0,0,1,0,0,0,0.0,1.0,0,0.0,0,141,1,1,0.3396,0.0933,GREEN,54,Bengaluru
CLM0036758,BEN_01696,Electronic City,2023-04-20,21,0,0,0,0,0,0,0,0,0,0.0,0.259421,0,0.0,0,52,0,0,0.98,0.0,GREEN,31,Bengaluru
CLM0036759,BEN_06894,Rajajinagar,2021-03-21,11,0,0,0,0,0,0,0,0,0,1.0,0.236548,0,0.0,0,64,0,2,0.5823,0.0019,GREEN,49,Bengaluru
CLM0036760,BEN_09860,HSR Layout,2024-07-19,18,0,0,0,0,0,0,0,0,0,0.0,0.30785,0,0.0,0,14,1,2,0.6041,0.0457,GREEN,49,Bengaluru
CLM0036761,BEN_04912,Koramangala,2017-11-14,21,0,0,0,0,0,0,0,0,0,0.0,0.35806,0,0.0,0,201,3,5,0.4617,0.0409,GREEN,27,Bengaluru
CLM0036762,BEN_02884,Jayanagar,2020-01-25,11,0,0,0,0,1,0,0,0,0,1.0,0.143816,0,0.0,0,60,2,0,0.6078,0.1282,GREEN,56,Bengaluru
CLM0036763,BEN_02733,BTM Layout,2025-12-26,17,0,0,0,1,0,0,0,0,0,0.0,0.013615,0,0.0,0,244,0,1,0.4161,0.1271,GREEN,42,Bengaluru
CLM0036764,BEN_08743,Yelahanka,2022-05-14,9,0,0,0,0,0,0,0,1,0,0.0,0.119864,0,0.0,0,46,0,0,0.7135,0.0,GREEN,18,Bengaluru
CLM0036765,BEN_07572,BTM Layout,2020-04-19,21,0,0,0,0,0,0,0,0,0,0.0,0.348953,0,0.0,0,345,2,0,0.9742,0.0293,GREEN,47,Bengaluru
CLM0036766,BEN_08890,Yelahanka,2020-06-28,14,0,0,0,0,0,0,0,0,0,0.0,0.395624,0,0.0,1,189,1,2,0.713,0.1425,GREEN,35,Bengaluru
CLM0036767,BEN_09613,Marathahalli,2022-06-01,14,0,0,0,0,1,0,0,0,0,0.0,1.0,0,0.0,0,52,1,1,0.8196,0.146,GREEN,41,Bengaluru
CLM0036768,BEN_05959,Electronic City,2024-05-01,19,0,0,0,0,0,0,0,1,0,0.0,0.295406,0,0.0,0,141,3,0,0.5328,0.1055,GREEN,38,Bengaluru
CLM0036769,BEN_06317,Indiranagar,2025-03-06,14,0,0,0,0,0,0,0,0,0,0.0,0.4385,0,0.0,0,385,4,2,0.5493,0.0,GREEN,50,Bengaluru
CLM0036770,BEN_09545,Yelahanka,2022-03-27,11,0,0,0,0,0,0,0,0,0,0.0,0.057691,0,0.0,0,417,0,0,0.3693,0.0,GREEN,52,Bengaluru
CLM0036771,BEN_01958,Yelahanka,2025-08-09,21,0,1,1,0,0,0,0,0,0,0.0,0.059326,0,0.0,0,59,2,0,0.6338,0.0743,GREEN,36,Bengaluru
CLM0036772,BEN_04476,BTM Layout,2022-02-11,17,0,0,0,0,0,0,0,0,0,0.0,0.217736,0,0.0,0,420,1,3,0.473,0.0338,GREEN,52,Bengaluru
CLM0036773,BEN_06188,Yelahanka,2020-09-13,18,0,0,0,1,0,0,0,0,0,1.0,0.05381,0,0.0,0,191,0,1,0.8416,0.2717,GREEN,24,Bengaluru
CLM0036774,BEN_02049,BTM Layout,2019-12-28,16,0,0,0,0,0,0,1,0,0,0.0,0.36629,0,0.0,0,183,4,4,0.98,0.0109,GREEN,36,Bengaluru
CLM0036775,BEN_09549,Marathahalli,2022-09-19,17,0,0,0,0,0,0,0,0,0,0.0,0.209029,0,0.0,0,420,1,0,0.8975,0.0,GREEN,56,Bengaluru
CLM0036776,BEN_07510,Rajajinagar,2020-10-16,20,0,0,0,0,0,0,0,0,0,0.0,0.02386,0,0.0,0,288,3,4,0.6021,0.0,GREEN,55,Bengaluru
CLM0036777,BEN_03859,Electronic City,2022-11-25,21,0,0,0,1,0,0,0,0,0,1.0,0.194344,0,0.0,0,75,2,2,0.7106,0.1464,GREEN,48,Bengaluru
CLM0036778,BEN_09111,HSR Layout,2019-02-11,11,0,0,0,0,0,0,0,0,0,1.0,1.0,0,1.0,0,420,3,1,0.9782,0.0,GREEN,48,Bengaluru
CLM0036779,BEN_02533,HSR Layout,2021-01-08,12,0,0,0,0,0,0,0,1,0,0.0,0.155014,0,1.0,0,76,2,0,0.1775,0.1496,GREEN,59,Bengaluru
CLM0036780,BEN_00847,HSR Layout,2022-12-13,17,1,1,1,0,0,0,0,0,0,0.0,0.123892,0,0.0,0,260,0,0,0.5289,0.0957,GREEN,47,Bengaluru
CLM0036781,BEN_06272,Indiranagar,2019-01-14,14,0,0,0,0,0,1,1,1,0,1.0,0.359197,1,0.0,0,41,3,0,0.05,0.3609,YELLOW,55,Bengaluru
CLM0036782,BEN_07157,HSR Layout,2021-10-10,11,0,0,0,0,0,0,0,0,0,0.0,0.219414,0,0.0,0,368,4,3,0.7077,0.0489,GREEN,47,Bengaluru
CLM0036783,BEN_07164,Whitefield,2024-11-05,16,0,0,0,0,0,0,0,0,1,0.0,0.312477,0,0.0,0,208,0,5,0.8147,0.0962,GREEN,42,Bengaluru
CLM0036784,BEN_05437,HSR Layout,2020-02-04,7,0,0,0,0,0,0,0,0,0,0.0,0.076622,0,0.0,0,235,3,1,0.6095,0.0599,GREEN,33,Bengaluru
CLM0036785,BEN_01109,Koramangala,2023-01-07,10,0,0,0,0,1,0,0,0,0,0.0,0.120867,0,0.0,0,293,1,0,0.7008,0.0686,GREEN,43,Bengaluru
CLM0036786,BEN_03013,Electronic City,2023-12-12,17,0,0,0,0,1,0,0,0,0,0.0,0.332695,0,1.0,0,275,1,1,0.7396,0.1581,GREEN,48,Bengaluru
CLM0036787,BEN_06153,Indiranagar,2018-02-09,20,0,0,0,0,0,0,0,0,0,0.0,0.075182,1,0.0,0,420,2,3,0.98,0.1033,GREEN,25,Bengaluru
CLM0036788,BEN_04773,Koramangala,2024-11-11,12,1,0,0,0,0,0,0,0,1,0.0,0.206727,0,0.0,0,149,3,5,0.5899,0.123,GREEN,41,Bengaluru
CLM0036789,BEN_02661,Indiranagar,2017-10-06,13,0,0,0,0,0,0,0,1,0,0.0,0.438547,0,0.0,0,420,0,3,0.6598,0.0499,GREEN,42,Bengaluru
CLM0036790,BEN_02753,Koramangala,2016-08-19,14,0,0,0,0,0,0,0,0,0,0.0,0.963334,0,0.0,0,60,0,2,0.6339,0.0,GREEN,49,Bengaluru
CLM0036791,BEN_02783,HSR Layout,2017-02-21,15,0,0,0,0,0,1,0,1,0,0.0,0.420124,0,0.0,0,420,4,0,0.05,0.2133,GREEN,34,Bengaluru
CLM0036792,BEN_01245,Jayanagar,2017-09-27,14,0,0,0,0,0,0,0,0,0,0.0,1.0,0,0.0,0,84,0,5,0.7827,0.0,GREEN,42,Bengaluru
CLM0036793,BEN_07245,Electronic City,2025-04-14,20,0,0,0,0,0,0,0,0,0,0.0,1.0,0,0.0,0,252,3,3,0.449,0.0,GREEN,53,Bengaluru
CLM0036794,BEN_04952,Electronic City,2023-06-26,14,0,0,0,0,1,0,0,0,0,0.0,0.225533,1,0.0,0,420,0,2,0.9157,0.2619,GREEN,46,Bengaluru
CLM0036795,BEN_00396,Rajajinagar,2020-07-02,13,0,0,0,0,0,0,0,0,0,0.0,0.175475,1,0.0,0,80,2,0,0.8624,0.1304,GREEN,58,Bengaluru
CLM0036796,BEN_09760,Marathahalli,2017-12-15,11,0,0,0,0,0,0,1,0,0,1.0,0.031647,0,0.0,0,420,0,3,0.0538,0.0964,GREEN,45,Bengaluru
CLM0036797,BEN_03108,HSR Layout,2019-03-31,18,0,0,0,0,0,0,0,0,0,0.0,0.28307,0,0.0,1,398,0,4,0.0516,0.0758,GREEN,45,Bengaluru
CLM0036798,BEN_01854,BTM Layout,2018-10-29,12,0,0,0,0,0,1,0,1,0,1.0,1.0,0,1.0,0,102,1,0,0.4849,0.1371,GREEN,24,Bengaluru
CLM0036799,BEN_00541,Marathahalli,2023-10-16,7,0,0,0,0,0,1,0,0,0,0.0,0.255577,0,0.0,0,288,0,3,0.5309,0.0,GREEN,58,Bengaluru
CLM0036800,BEN_00563,Koramangala,2023-09-04,9,0,0,0,0,0,0,0,1,0,0.0,0.395435,0,0.0,0,420,2,3,0.7347,0.1165,GREEN,46,Bengaluru
CLM0036801,BEN_06858,Koramangala,2024-11-17,14,0,0,0,0,0,0,0,0,0,0.0,0.275997,0,0.0,0,19,2,1,0.98,0.0533,GREEN,41,Bengaluru
CLM0036802,BEN_02951,Indiranagar,2021-10-08,9,0,0,0,0,0,0,0,0,0,0.0,0.095269,0,0.0,0,339,0,7,0.7003,0.0269,GREEN,28,Bengaluru
CLM0036803,BEN_07058,HSR Layout,2022-10-31,17,0,0,0,0,0,0,0,0,0,0.0,0.359686,0,0.0,0,19,1,3,0.6238,0.0096,GREEN,42,Bengaluru
CLM0036804,BEN_09882,HSR Layout,2023-05-22,14,0,0,0,0,0,0,0,0,0,0.0,0.211513,0,0.0,0,170,4,4,0.0915,0.0,GREEN,47,Bengaluru
CLM0036805,BEN_07007,Electronic City,2024-02-16,10,0,0,0,0,1,0,0,0,0,0.0,0.068411,0,0.0,0,222,3,0,0.7608,0.1853,GREEN,39,Bengaluru
CLM0036806,BEN_02663,Electronic City,2024-07-21,8,0,0,0,0,0,1,0,0,0,0.0,0.030429,0,0.0,0,420,0,4,0.6737,0.0947,GREEN,41,Bengaluru
CLM0036807,BEN_03243,Yelahanka,2025-01-01,8,0,0,0,0,0,0,0,0,0,0.0,0.196442,0,0.0,0,154,3,1,0.6456,0.0479,GREEN,29,Bengaluru
CLM0036808,BEN_05276,BTM Layout,2022-05-01,10,0,0,0,0,0,0,0,0,0,0.0,0.220363,0,0.0,0,5,0,3,0.98,0.0,GREEN,52,Bengaluru
CLM0036809,BEN_03494,Jayanagar,2024-03-23,20,0,0,0,0,0,0,0,0,0,0.0,0.437019,0,0.0,0,208,3,5,0.9767,0.0648,GREEN,34,Bengaluru
CLM0036810,BEN_07115,Marathahalli,2023-02-21,10,0,0,0,0,0,0,0,0,0,0.0,0.101708,0,0.0,0,420,2,0,0.1001,0.0746,GREEN,33,Bengaluru
CLM0036811,BEN_05306,BTM Layout,2025-07-21,7,0,0,0,0,0,0,1,0,0,0.0,1.0,0,0.0,0,254,0,1,0.6186,0.0,GREEN,44,Bengaluru
CLM0036812,BEN_08724,Rajajinagar,2022-11-06,21,0,0,0,0,0,1,0,0,0,0.0,0.080634,0,0.0,0,319,4,3,0.2746,0.1597,GREEN,35,Bengaluru
CLM0036813,BEN_02447,Indiranagar,2024-01-27,12,0,0,0,0,0,0,0,0,0,0.0,0.365108,0,0.0,0,294,0,5,0.7689,0.0637,GREEN,31,Bengaluru
CLM0036814,BEN_01834,Whitefield,2024-02-07,13,0,0,0,0,0,0,0,0,0,0.0,0.343653,0,0.0,0,387,0,0,0.4006,0.0377,GREEN,35,Bengaluru
CLM0036815,BEN_08635,Whitefield,2023-08-01,19,0,0,0,0,0,0,0,1,0,0.0,0.389674,0,0.0,0,253,1,0,0.2605,0.0946,GREEN,40,Bengaluru
CLM0036816,BEN_06572,Yelahanka,2024-08-20,20,0,0,0,0,0,0,0,0,0,0.0,0.28274,0,0.0,0,106,0,3,0.5146,0.0,GREEN,38,Bengaluru
CLM0036817,BEN_02615,Yelahanka,2025-07-14,7,0,0,0,0,0,0,1,0,0,0.0,0.076974,0,0.0,0,420,0,3,0.05,0.0066,GREEN,40,Bengaluru
CLM0036818,BEN_02510,Rajajinagar,2023-05-21,14,0,0,0,0,0,0,0,0,0,0.0,0.277008,0,0.0,0,75,0,6,0.6847,0.1346,GREEN,18,Bengaluru
CLM0036819,BEN_00747,Marathahalli,2025-03-09,8,0,0,0,0,0,0,0,0,0,0.0,0.15091,0,0.0,0,420,2,7,0.9247,0.0,GREEN,43,Bengaluru
CLM0036820,BEN_05245,Koramangala,2024-09-26,19,0,0,0,0,0,1,0,0,0,0.0,0.124768,0,0.0,0,261,0,5,0.1793,0.0953,GREEN,35,Bengaluru
CLM0036821,BEN_03319,Electronic City,2024-12-20,17,0,0,0,0,0,0,0,0,0,0.0,0.0,0,0.0,0,280,0,0,0.98,0.0,GREEN,41,Bengaluru
CLM0036822,BEN_04509,Rajajinagar,2024-05-10,14,0,0,0,0,0,0,0,0,0,0.0,0.07033,0,0.0,0,296,4,5,0.9361,0.0,GREEN,56,Bengaluru
CLM0036823,BEN_03726,Yelahanka,2024-02-22,10,0,0,0,0,0,0,0,0,0,0.0,0.092318,0,0.0,0,209,4,0,0.3961,0.0,GREEN,41,Bengaluru
CLM0036824,BEN_06087,Indiranagar,2025-08-31,18,0,0,0,0,0,0,0,0,0,0.0,0.263535,0,0.0,0,420,1,0,0.7519,0.0,GREEN,52,Bengaluru
CLM0036825,BEN_01890,BTM Layout,2025-05-25,15,0,0,0,0,0,1,1,0,1,0.0,0.235873,1,0.0,0,8,0,18,0.9189,0.0594,GREEN,29,Bengaluru
CLM0036826,BEN_04216,Rajajinagar,2025-04-28,9,0,0,0,0,0,0,0,0,0,0.0,0.284307,0,0.0,0,281,4,2,0.821,0.0,GREEN,47,Bengaluru
CLM0036827,BEN_09918,Whitefield,2025-10-06,9,0,0,0,0,1,0,1,1,0,1.0,1.0,0,1.0,0,5,2,18,0.8725,0.0,GREEN,36,Bengaluru
CLM0036828,BEN_06060,Indiranagar,2024-07-05,12,0,0,0,0,0,0,0,1,0,0.0,0.312391,0,0.0,0,199,1,0,0.8568,0.1427,GREEN,46,Bengaluru
CLM0036829,BEN_03793,Koramangala,2025-12-16,19,0,0,0,0,0,0,0,0,0,0.0,0.110325,0,0.0,0,123,3,4,0.7181,0.0558,GREEN,35,Bengaluru
CLM0036830,BEN_02061,Yelahanka,2023-10-15,20,0,0,0,0,0,0,0,0,0,0.0,0.0,0,0.0,0,129,2,3,0.778,0.0,GREEN,30,Bengaluru
CLM0036831,BEN_03759,Marathahalli,2024-09-14,8,0,0,0,0,0,0,0,0,0,0.0,0.207275,0,1.0,0,420,3,5,0.9099,0.0778,GREEN,57,Bengaluru
CLM0036832,BEN_09369,Koramangala,2024-01-24,19,0,0,0,0,0,0,0,0,0,0.0,0.053604,0,0.0,0,65,2,3,0.6014,0.089,GREEN,45,Bengaluru
CLM0036833,BEN_07280,Marathahalli,2024-07-07,14,0,0,0,0,0,0,0,0,0,1.0,1.0,0,0.0,0,210,1,1,0.98,0.1046,GREEN,62,Bengaluru
CLM0036834,BEN_02185,Marathahalli,2021-12-20,9,0,0,0,0,0,0,0,1,0,0.0,0.403215,0,0.0,0,236,3,2,0.1015,0.2554,GREEN,47,Bengaluru
CLM0036835,BEN_04817,Whitefield,2023-03-13,17,0,0,0,0,0,0,0,0,0,0.0,0.165752,0,0.0,0,60,3,1,0.6327,0.0373,GREEN,28,Bengaluru
CLM0036836,BEN_04962,Koramangala,2025-04-01,13,0,0,0,1,0,0,0,0,0,0.0,0.171169,0,0.0,0,238,0,1,0.8265,0.0803,GREEN,18,Bengaluru
CLM0036837,BEN_00230,Koramangala,2019-07-27,8,0,0,0,0,1,0,0,0,0,0.0,0.102534,0,0.0,0,275,4,5,0.2994,0.119,GREEN,44,Bengaluru
CLM0036838,BEN_03206,BTM Layout,2019-06-01,11,0,0,0,0,0,0,0,0,0,0.0,0.058948,0,0.0,0,308,1,3,0.9354,0.0,GREEN,44,Bengaluru
CLM0036839,BEN_00342,Indiranagar,2020-03-07,11,0,0,0,0,0,1,0,0,0,0.0,0.196906,0,0.0,0,292,4,5,0.887,0.0548,GREEN,49,Bengaluru
CLM0036840,BEN_06858,Koramangala,2021-01-24,21,0,0,0,0,0,0,0,0,0,0.0,0.988073,0,0.0,0,152,2,6,0.533,0.016,GREEN,41,Bengaluru
CLM0036841,BEN_09262,BTM Layout,2024-03-31,17,0,0,0,0,0,0,0,0,0,0.0,0.336805,0,0.0,0,420,3,2,0.262,0.1298,GREEN,45,Bengaluru
CLM0036842,BEN_00615,Whitefield,2021-08-14,11,0,0,0,0,0,0,0,0,0,0.0,0.049493,0,0.0,0,154,0,3,0.8175,0.0,GREEN,51,Bengaluru
CLM0036843,BEN_08662,Rajajinagar,2023-03-29,15,0,0,0,0,0,1,0,0,0,0.0,0.158454,0,0.0,0,420,2,5,0.5703,0.0854,GREEN,56,Bengaluru
CLM0036844,BEN_03155,Rajajinagar,2021-07-26,11,0,0,0,0,0,0,0,0,0,1.0,0.0,0,0.0,0,28,3,2,0.2044,0.1639,GREEN,32,Bengaluru
CLM0036845,BEN_07419,Electronic City,2024-07-17,16,0,1,1,0,1,0,0,0,0,0.0,0.059975,0,0.0,0,420,4,6,0.8542,0.1903,GREEN,25,Bengaluru
CLM0036846,BEN_00242,Koramangala,2022-05-24,14,0,1,1,0,0,0,0,0,0,0.0,0.0,0,0.0,0,71,4,0,0.98,0.0,GREEN,46,Bengaluru
CLM0036847,BEN_03109,HSR Layout,2025-10-30,16,0,0,0,0,0,0,1,0,0,1.0,0.0,0,0.0,0,105,4,0,0.8161,0.0923,GREEN,55,Bengaluru
CLM0036848,BEN_03841,HSR Layout,2021-12-12,9,0,0,0,0,0,0,0,0,0,0.0,0.172825,0,0.0,0,420,1,0,0.7264,0.0201,GREEN,47,Bengaluru
CLM0036849,BEN_08559,Jayanagar,2022-08-26,14,0,0,0,1,1,1,1,1,1,0.0,0.024129,0,0.0,1,19,2,18,0.8649,0.0889,GREEN,40,Bengaluru
CLM0036850,BEN_03101,Jayanagar,2022-12-07,15,0,0,0,0,0,0,0,0,0,0.0,0.382883,1,0.0,1,360,1,0,0.2218,0.1384,GREEN,60,Bengaluru
CLM0036851,BEN_04085,Electronic City,2025-08-30,19,0,0,0,0,0,0,1,0,0,0.0,0.161182,0,1.0,0,362,0,0,0.685,0.0969,GREEN,41,Bengaluru
CLM0036852,BEN_06090,Rajajinagar,2023-03-07,9,0,0,0,1,0,0,0,0,0,0.0,0.019442,0,0.0,0,59,0,0,0.5845,0.0369,GREEN,47,Bengaluru
CLM0036853,BEN_05944,Koramangala,2025-02-12,15,0,0,0,0,0,0,0,1,0,0.0,0.356937,0,0.0,0,73,3,0,0.6441,0.1052,GREEN,32,Bengaluru
CLM0036854,BEN_07883,Indiranagar,2024-04-15,15,0,0,0,0,0,0,0,0,0,0.0,0.353717,0,0.0,0,35,2,0,0.98,0.0,GREEN,43,Bengaluru
CLM0036855,BEN_01758,BTM Layout,2025-03-03,9,0,0,0,0,0,0,0,0,0,0.0,0.044336,0,0.0,0,34,3,5,0.4932,0.1025,GREEN,43,Bengaluru
CLM0036856,BEN_02334,Jayanagar,2023-08-13,16,0,0,0,0,0,0,0,0,0,1.0,0.08793,0,0.0,0,182,1,3,0.595,0.1225,GREEN,39,Bengaluru
CLM0036857,BEN_05293,HSR Layout,2024-05-16,17,0,0,0,0,1,0,1,0,0,0.0,0.971934,0,0.0,0,420,4,4,0.9037,0.1845,GREEN,45,Bengaluru
CLM0036858,BEN_03533,BTM Layout,2025-05-14,9,0,0,0,0,0,0,0,0,0,0.0,0.349913,1,0.0,0,306,3,3,0.98,0.1045,GREEN,43,Bengaluru
CLM0036859,BEN_04286,Jayanagar,2025-11-09,7,0,0,0,0,0,0,0,0,0,0.0,0.155513,0,0.0,0,420,1,3,0.8325,0.0168,GREEN,44,Bengaluru
CLM0036860,BEN_07786,Whitefield,2024-10-02,9,0,0,0,0,0,0,0,0,0,0.0,0.129012,0,0.0,0,193,4,6,0.9342,0.0,GREEN,55,Bengaluru
CLM0036861,BEN_04723,Whitefield,2018-10-18,15,0,0,0,0,0,0,1,0,0,0.0,1.0,0,0.0,0,103,0,0,0.9694,0.0211,GREEN,41,Bengaluru
CLM0036862,BEN_06174,Rajajinagar,2018-07-06,16,0,1,1,0,0,0,0,0,0,0.0,0.261774,0,0.0,0,406,3,3,0.1399,0.1534,GREEN,46,Bengaluru
CLM0036863,BEN_08337,Rajajinagar,2018-09-02,13,0,0,0,0,0,0,0,0,0,0.0,0.11986,0,0.0,0,130,1,4,0.3476,0.0349,GREEN,64,Bengaluru
CLM0036864,BEN_09342,Rajajinagar,2024-09-20,9,0,0,0,0,1,0,0,0,0,0.0,0.880306,0,0.0,0,260,4,4,0.9437,0.0928,GREEN,39,Bengaluru
CLM0036865,BEN_04371,Marathahalli,2024-05-22,19,0,0,0,0,0,0,0,0,0,0.0,0.138027,0,0.0,0,92,3,0,0.7053,0.0,GREEN,46,Bengaluru
CLM0036866,BEN_00201,Indiranagar,2024-07-08,18,0,0,0,0,0,1,0,1,0,0.0,0.142522,0,0.0,0,420,1,7,0.05,0.1412,GREEN,52,Bengaluru
CLM0036867,BEN_05038,Jayanagar,2020-10-23,20,0,0,0,0,0,1,1,0,0,0.0,0.161711,0,0.0,0,298,3,2,0.05,0.1321,GREEN,51,Bengaluru
CLM0036868,BEN_08959,Rajajinagar,2023-10-05,8,0,0,0,0,0,0,0,0,0,0.0,0.326594,0,0.0,0,406,4,0,0.7368,0.0717,GREEN,24,Bengaluru
CLM0036869,BEN_08449,Indiranagar,2021-08-15,12,0,0,0,0,0,0,0,0,0,1.0,0.921198,0,0.0,1,207,1,4,0.6425,0.1802,GREEN,60,Bengaluru
CLM0036870,BEN_03553,Marathahalli,2020-12-20,20,0,0,0,0,0,0,0,0,0,0.0,0.257526,0,0.0,0,87,3,4,0.5135,0.0,GREEN,62,Bengaluru
CLM0036871,BEN_02796,Yelahanka,2023-05-12,12,0,0,0,0,0,0,0,0,0,0.0,0.166843,0,0.0,0,255,0,1,0.843,0.0,GREEN,46,Bengaluru
CLM0036872,BEN_08612,Indiranagar,2024-12-08,19,0,0,0,0,0,0,0,0,0,1.0,1.0,0,1.0,0,348,4,8,0.8704,0.0214,GREEN,25,Bengaluru
CLM0036873,BEN_03661,Marathahalli,2020-07-29,21,0,0,0,0,0,0,0,1,0,0.0,0.105331,1,0.0,0,297,2,0,0.6819,0.2924,GREEN,53,Bengaluru
CLM0036874,BEN_06208,Yelahanka,2023-01-07,10,0,0,0,0,0,0,0,0,0,0.0,0.259466,0,0.0,0,32,2,6,0.7508,0.025,GREEN,60,Bengaluru
CLM0036875,BEN_08475,Whitefield,2024-11-18,16,0,0,0,0,0,0,0,0,0,0.0,0.024881,0,1.0,0,11,1,1,0.4096,0.0694,GREEN,48,Bengaluru
CLM0036876,BEN_08533,Whitefield,2025-09-28,21,0,0,0,1,0,0,0,0,0,0.0,0.954246,0,0.0,0,34,1,0,0.8079,0.2111,GREEN,62,Bengaluru
CLM0036877,BEN_07846,HSR Layout,2025-07-01,7,0,0,0,0,0,0,0,0,0,0.0,0.0,0,0.0,0,12,2,0,0.98,0.0,GREEN,49,Bengaluru
CLM0036878,BEN_08896,Koramangala,2025-11-21,12,0,1,1,0,1,0,1,1,1,0.0,0.064539,1,0.0,0,16,2,18,0.8802,0.0339,GREEN,25,Bengaluru
CLM0036879,BEN_02238,Koramangala,2025-03-14,17,0,0,0,0,0,0,0,0,0,0.0,0.238516,0,0.0,0,272,2,1,0.783,0.0226,GREEN,57,Bengaluru
CLM0036880,BEN_00188,Yelahanka,2025-10-05,21,0,0,0,0,1,0,0,0,0,0.0,0.344853,0,0.0,0,420,3,7,0.8691,0.1553,GREEN,53,Bengaluru
CLM0036881,BEN_00545,Indiranagar,2025-09-16,10,0,0,0,0,0,1,0,0,0,0.0,0.259054,0,0.0,0,194,3,7,0.7923,0.0862,GREEN,44,Bengaluru
CLM0036882,BEN_05657,Indiranagar,2024-07-17,8,0,0,0,0,0,0,0,0,0,0.0,0.373185,0,0.0,0,63,4,2,0.4822,0.0081,GREEN,39,Bengaluru
CLM0036883,BEN_09417,Yelahanka,2024-12-05,11,0,0,0,1,0,0,0,0,0,0.0,0.069996,0,0.0,0,97,2,3,0.9516,0.2059,GREEN,49,Bengaluru
CLM0036884,BEN_06263,Indiranagar,2024-06-30,21,0,0,0,0,0,0,0,0,0,0.0,0.10259,0,0.0,0,420,4,1,0.6854,0.0041,GREEN,45,Bengaluru
CLM0036885,BEN_08522,HSR Layout,2025-12-22,13,0,0,0,0,0,0,0,0,0,0.0,0.312925,0,0.0,0,67,1,1,0.7382,0.0,GREEN,47,Bengaluru
CLM0036886,BEN_03454,Jayanagar,2024-09-20,14,0,0,0,0,0,0,0,0,0,0.0,0.251725,0,0.0,0,303,2,2,0.6436,0.0,GREEN,40,Bengaluru
CLM0036887,BEN_04291,BTM Layout,2024-07-23,8,0,0,0,0,0,0,0,0,0,0.0,0.258267,0,0.0,0,365,4,3,0.8408,0.0,GREEN,62,Bengaluru
CLM0036888,BEN_07073,HSR Layout,2024-12-04,21,0,0,0,0,0,0,1,1,0,0.0,0.177456,0,0.0,0,112,4,0,0.98,0.1043,GREEN,61,Bengaluru
CLM0036889,BEN_07246,Yelahanka,2024-02-19,7,0,0,0,0,0,0,0,0,0,0.0,0.408321,1,0.0,0,60,3,4,0.5391,0.051,GREEN,38,Bengaluru
CLM0036890,BEN_04731,Whitefield,2021-05-21,15,0,0,0,0,0,0,0,0,0,1.0,0.968265,0,0.0,0,122,3,2,0.9336,0.0461,GREEN,50,Bengaluru
CLM0036891,BEN_08242,Koramangala,2024-08-19,12,0,0,0,0,0,0,0,0,0,0.0,0.331135,0,0.0,0,420,4,3,0.98,0.0187,GREEN,60,Bengaluru
CLM0036892,BEN_08592,Marathahalli,2024-03-18,9,0,0,0,1,0,0,0,1,0,0.0,0.307587,0,0.0,0,248,0,5,0.6691,0.1943,GREEN,43,Bengaluru
CLM0036893,BEN_05761,Koramangala,2023-03-04,10,0,0,0,0,1,0,0,0,0,1.0,0.990634,0,0.0,0,343,1,5,0.98,0.2486,GREEN,31,Bengaluru
CLM0036894,BEN_08411,Marathahalli,2021-03-10,10,0,0,0,0,0,0,0,0,0,0.0,0.0,0,0.0,0,121,0,0,0.5858,0.1197,GREEN,53,Bengaluru
CLM0036895,BEN_06120,Marathahalli,2025-08-16,16,0,0,0,0,0,0,0,0,0,0.0,0.944263,0,0.0,0,175,4,4,0.6087,0.0978,GREEN,48,Bengaluru
CLM0036896,BEN_06213,Rajajinagar,2024-09-09,21,0,0,0,0,0,0,1,0,0,0.0,0.171029,0,1.0,0,184,2,2,0.4787,0.0598,GREEN,51,Bengaluru
CLM0036897,BEN_07138,Marathahalli,2021-03-29,20,0,0,0,0,0,0,0,0,0,0.0,0.041064,0,0.0,0,225,2,1,0.9346,0.0,GREEN,54,Bengaluru
CLM0036898,BEN_06118,Jayanagar,2023-12-09,14,0,0,0,0,0,0,0,0,0,0.0,0.102944,0,0.0,0,73,0,3,0.7457,0.0453,GREEN,49,Bengaluru
CLM0036899,BEN_09639,Yelahanka,2024-04-20,20,0,1,1,0,0,0,0,0,0,0.0,0.218375,0,0.0,0,381,2,1,0.5908,0.0781,GREEN,38,Bengaluru
CLM0036900,BEN_02973,BTM Layout,2024-05-18,11,0,0,0,0,0,0,1,0,0,0.0,0.127424,0,0.0,0,341,3,1,0.0811,0.0723,GREEN,35,Bengaluru
CLM0036901,BEN_01259,Koramangala,2022-12-21,19,0,0,0,0,0,0,1,0,0,0.0,0.121751,0,0.0,0,171,1,0,0.8452,0.0545,GREEN,48,Bengaluru
CLM0036902,BEN_08535,Jayanagar,2020-04-25,16,0,0,0,1,0,0,1,0,0,0.0,0.100161,0,0.0,0,127,3,0,0.0812,0.1947,GREEN,36,Bengaluru
CLM0036903,BEN_09812,Whitefield,2023-07-12,17,0,0,0,0,0,0,0,0,0,0.0,0.191889,0,0.0,0,49,3,6,0.1414,0.0,GREEN,47,Bengaluru
CLM0036904,BEN_07690,BTM Layout,2017-11-25,20,0,0,0,0,0,0,0,0,0,0.0,0.148577,0,0.0,0,336,0,0,0.4377,0.0172,GREEN,45,Bengaluru
CLM0036905,BEN_09421,Marathahalli,2023-07-14,18,0,0,0,0,0,1,0,1,0,0.0,0.403845,0,0.0,0,390,4,0,0.4922,0.1292,GREEN,57,Bengaluru
CLM0036906,BEN_06903,Whitefield,2017-01-21,20,0,0,0,0,0,0,0,0,0,0.0,0.0,0,0.0,0,85,0,3,0.696,0.0192,GREEN,39,Bengaluru
CLM0036907,BEN_02888,Indiranagar,2024-07-01,9,0,0,0,0,0,0,0,1,0,0.0,0.383443,0,0.0,0,328,0,9,0.6727,0.0841,GREEN,52,Bengaluru
CLM0036908,BEN_00262,Electronic City,2016-01-08,8,0,0,0,0,0,1,0,0,0,0.0,0.141541,0,0.0,0,337,3,2,0.98,0.1558,GREEN,47,Bengaluru
CLM0036909,BEN_06375,Jayanagar,2021-08-06,10,0,0,0,0,1,0,0,0,0,0.0,0.221866,0,0.0,0,169,0,1,0.8444,0.1167,GREEN,54,Bengaluru
CLM0036910,BEN_05990,Yelahanka,2021-11-06,21,0,0,0,0,0,0,0,0,0,0.0,0.950334,0,0.0,0,264,3,5,0.7309,0.0,GREEN,43,Bengaluru
CLM0036911,BEN_00797,Jayanagar,2021-02-28,15,0,0,0,0,0,0,0,0,0,0.0,0.176824,0,0.0,0,137,4,6,0.8933,0.1163,GREEN,48,Bengaluru
CLM0036912,BEN_03363,Whitefield,2023-04-25,11,0,0,0,0,0,0,0,1,0,0.0,0.875995,0,0.0,0,29,4,1,0.1801,0.1907,GREEN,36,Bengaluru
CLM0036913,BEN_07615,Jayanagar,2023-12-09,8,0,0,0,1,1,0,0,0,0,1.0,0.430347,0,0.0,0,236,3,8,0.5351,0.4408,YELLOW,28,Bengaluru
CLM0036914,BEN_01525,Electronic City,2024-12-17,11,0,0,0,0,0,0,0,1,0,0.0,0.0,0,1.0,0,5,4,4,0.5562,0.1653,GREEN,55,Bengaluru
CLM0036915,BEN_08599,Marathahalli,2020-11-20,18,0,0,0,1,0,0,0,0,0,0.0,0.248663,0,0.0,1,155,1,3,0.8392,0.2316,GREEN,42,Bengaluru
CLM0036916,BEN_08378,Whitefield,2024-02-21,11,0,0,0,0,1,0,0,0,0,0.0,0.42785,0,0.0,0,129,4,6,0.6887,0.1502,GREEN,25,Bengaluru
CLM0036917,BEN_06557,Rajajinagar,2022-07-26,8,0,0,0,0,0,0,0,0,0,0.0,0.470254,0,0.0,0,370,4,5,0.8813,0.0252,GREEN,50,Bengaluru
CLM0036918,BEN_07494,Electronic City,2023-07-18,7,0,0,0,0,0,0,0,0,0,0.0,0.295558,0,0.0,0,269,2,3,0.8624,0.0,GREEN,46,Bengaluru
CLM0036919,BEN_09723,Yelahanka,2022-10-22,20,0,0,0,0,0,0,1,0,0,1.0,0.941672,0,1.0,0,185,2,4,0.05,0.0264,GREEN,36,Bengaluru
CLM0036920,BEN_08411,Marathahalli,2023-09-24,19,0,0,0,0,0,0,0,0,0,0.0,0.139101,0,0.0,0,56,2,2,0.8583,0.0442,GREEN,53,Bengaluru
CLM0036921,BEN_02885,Indiranagar,2024-12-17,7,0,0,0,0,0,0,0,0,0,0.0,0.42166,0,0.0,0,397,3,0,0.8291,0.0,GREEN,33,Bengaluru
CLM0036922,BEN_02382,Indiranagar,2023-11-30,18,0,1,1,0,0,0,0,0,0,0.0,0.260833,0,0.0,0,13,4,2,0.7325,0.0,GREEN,47,Bengaluru
CLM0036923,BEN_05319,BTM Layout,2023-02-18,19,0,0,0,0,0,0,0,0,0,0.0,0.176489,1,0.0,0,96,4,0,0.9162,0.047,GREEN,51,Bengaluru
CLM0036924,BEN_00785,HSR Layout,2024-01-03,7,0,0,0,0,0,0,0,0,0,0.0,0.0,0,0.0,0,396,0,0,0.6685,0.0713,GREEN,47,Bengaluru
CLM0036925,BEN_01267,Electronic City,2022-01-16,15,0,0,0,1,0,0,0,0,1,0.0,0.303533,0,0.0,0,404,1,5,0.5518,0.3201,YELLOW,44,Bengaluru
CLM0036926,BEN_03684,Whitefield,2025-03-03,19,0,0,0,0,0,0,0,0,0,0.0,0.250796,0,0.0,0,193,4,3,0.8607,0.0,GREEN,66,Bengaluru
CLM0036927,BEN_02920,Yelahanka,2022-08-21,10,0,0,0,0,0,1,0,0,0,0.0,0.337727,0,0.0,0,79,1,0,0.98,0.0644,GREEN,39,Bengaluru
CLM0036928,BEN_01192,Rajajinagar,2022-05-19,21,0,0,0,0,0,0,0,0,0,0.0,0.140182,0,0.0,0,70,0,1,0.5156,0.034,GREEN,55,Bengaluru
CLM0036929,BEN_09456,Electronic City,2022-11-06,11,0,0,0,0,0,0,0,0,0,0.0,1.0,0,0.0,0,205,3,1,0.98,0.0,GREEN,26,Bengaluru
CLM0036930,BEN_08892,BTM Layout,2025-04-21,10,0,0,0,0,0,0,0,0,0,0.0,0.22046,0,0.0,0,245,3,2,0.6074,0.071,GREEN,58,Bengaluru
CLM0036931,BEN_01719,Rajajinagar,2025-10-16,12,0,0,0,0,0,0,0,1,0,0.0,0.171507,0,0.0,0,219,2,0,0.839,0.1082,GREEN,49,Bengaluru
CLM0036932,BEN_06511,Koramangala,2024-05-07,14,0,0,0,0,0,0,0,0,0,0.0,0.104168,0,0.0,0,198,2,5,0.7137,0.0489,GREEN,41,Bengaluru
CLM0036933,BEN_09784,Jayanagar,2025-04-08,8,0,0,0,0,0,1,0,1,0,0.0,0.010997,0,0.0,0,374,3,5,0.81,0.1471,GREEN,40,Bengaluru
CLM0036934,BEN_00769,Whitefield,2025-03-23,11,0,0,0,0,1,1,0,0,0,0.0,1.0,0,0.0,0,147,1,5,0.98,0.1304,GREEN,43,Bengaluru
CLM0036935,BEN_08567,Yelahanka,2025-01-23,14,0,0,0,0,0,0,0,0,0,0.0,0.013944,0,0.0,0,106,3,4,0.7331,0.0702,GREEN,35,Bengaluru
CLM0036936,BEN_01996,Rajajinagar,2025-06-30,7,0,0,0,0,0,0,0,0,0,0.0,0.357519,0,0.0,0,17,1,4,0.861,0.0,GREEN,46,Bengaluru
CLM0036937,BEN_04820,Yelahanka,2025-10-19,17,0,0,0,0,0,0,0,0,0,0.0,1.0,0,0.0,0,192,4,0,0.7158,0.0251,GREEN,40,Bengaluru
CLM0036938,BEN_07092,BTM Layout,2025-01-08,19,0,0,0,0,0,0,0,0,0,0.0,0.248153,0,0.0,0,207,3,5,0.865,0.045,GREEN,57,Bengaluru
CLM0036939,BEN_01169,Yelahanka,2024-07-21,7,0,0,0,0,0,0,0,0,0,1.0,0.284843,0,0.0,0,228,2,4,0.7488,0.0355,GREEN,39,Bengaluru
CLM0036940,BEN_02898,Whitefield,2021-06-17,19,0,0,0,1,1,0,1,1,1,0.0,0.047837,1,0.0,0,6,1,18,0.98,0.0163,GREEN,51,Bengaluru
CLM0036941,BEN_03032,Koramangala,2024-03-20,10,0,0,0,0,0,1,0,0,1,0.0,0.199346,0,0.0,0,360,1,1,0.4254,0.2618,GREEN,58,Bengaluru
CLM0036942,BEN_07783,Yelahanka,2020-06-07,19,0,0,0,1,0,0,1,1,1,0.0,0.950129,0,1.0,1,5,3,17,0.8532,0.0963,GREEN,45,Bengaluru
CLM0036943,BEN_06838,Electronic City,2023-09-07,8,0,0,0,0,0,0,0,0,0,0.0,0.161106,0,0.0,0,109,4,1,0.1155,0.0278,GREEN,34,Bengaluru
CLM0036944,BEN_06091,Whitefield,2024-01-05,10,0,0,0,0,0,0,1,0,0,0.0,0.195455,0,0.0,1,44,3,3,0.6469,0.0898,GREEN,32,Bengaluru
CLM0036945,BEN_04224,BTM Layout,2023-12-31,21,0,0,0,0,0,0,0,1,0,0.0,1.0,0,0.0,0,123,4,6,0.7988,0.2125,GREEN,24,Bengaluru
CLM0036946,BEN_04523,Rajajinagar,2022-08-23,16,0,0,0,0,0,0,0,1,0,0.0,0.455856,0,0.0,0,192,2,3,0.0898,0.1097,GREEN,48,Bengaluru
CLM0036947,BEN_02404,Marathahalli,2024-04-22,10,0,0,0,0,0,0,0,0,0,0.0,0.25253,0,0.0,0,420,2,5,0.8288,0.0,GREEN,33,Bengaluru
CLM0036948,BEN_06218,Rajajinagar,2020-10-04,19,0,0,0,0,0,0,0,1,0,0.0,0.232848,0,0.0,0,419,0,0,0.4961,0.0908,GREEN,53,Bengaluru
CLM0036949,BEN_05619,Indiranagar,2024-06-02,15,0,0,0,0,0,0,0,0,0,0.0,0.239768,0,0.0,0,352,2,1,0.7519,0.0,GREEN,42,Bengaluru
CLM0036950,BEN_05566,Indiranagar,2024-03-27,16,0,0,0,0,0,0,0,0,0,0.0,0.220031,0,0.0,0,30,4,4,0.1544,0.0,GREEN,48,Bengaluru
CLM0036951,BEN_07824,HSR Layout,2025-09-06,13,0,0,0,0,0,0,0,0,0,0.0,0.089157,0,0.0,0,85,2,2,0.5134,0.0,GREEN,35,Bengaluru
CLM0036952,BEN_06320,HSR Layout,2020-06-29,9,0,0,0,0,0,0,0,0,0,0.0,0.108063,1,0.0,0,420,1,0,0.0611,0.0969,GREEN,36,Bengaluru
CLM0036953,BEN_05403,Whitefield,2017-08-15,11,0,0,0,0,0,0,0,0,0,0.0,0.300198,0,0.0,0,177,4,3,0.5418,0.0343,GREEN,44,Bengaluru
CLM0036954,BEN_08171,Whitefield,2023-05-16,21,0,0,0,0,0,0,0,0,0,0.0,0.167,0,0.0,0,301,1,2,0.8948,0.0925,GREEN,36,Bengaluru
CLM0036955,BEN_00898,Electronic City,2020-09-08,19,0,0,0,1,0,0,0,0,0,0.0,0.283712,0,0.0,0,44,1,4,0.7502,0.0779,GREEN,29,Bengaluru
CLM0036956,BEN_03838,Marathahalli,2023-05-06,14,0,0,0,0,0,0,0,0,0,0.0,0.422351,0,0.0,0,420,0,1,0.98,0.0,GREEN,46,Bengaluru
CLM0036957,BEN_06447,Electronic City,2023-06-07,19,0,0,0,0,0,0,0,0,0,0.0,0.191854,0,0.0,0,139,3,0,0.4718,0.0,GREEN,54,Bengaluru
CLM0036958,BEN_05993,Rajajinagar,2025-03-05,8,0,0,0,0,0,0,0,0,1,0.0,0.03338,0,0.0,0,97,3,0,0.98,0.1551,GREEN,41,Bengaluru
CLM0036959,BEN_03185,Yelahanka,2022-09-13,19,0,1,1,0,0,0,0,0,0,0.0,0.256144,0,0.0,0,257,3,7,0.6239,0.043,GREEN,35,Bengaluru
CLM0036960,BEN_03742,Whitefield,2024-08-28,14,0,0,0,0,0,0,0,0,0,0.0,0.137194,0,0.0,0,27,4,0,0.7266,0.0229,GREEN,49,Bengaluru
CLM0036961,BEN_04176,Marathahalli,2024-07-11,16,0,0,0,0,0,0,0,0,0,0.0,0.245667,0,1.0,0,391,0,2,0.6503,0.0369,GREEN,38,Bengaluru
CLM0036962,BEN_07828,HSR Layout,2023-05-25,7,0,0,0,0,0,0,0,0,0,0.0,0.0,0,0.0,0,353,2,0,0.4515,0.0,GREEN,45,Bengaluru
CLM0036963,BEN_09534,HSR Layout,2024-06-18,7,0,0,0,0,0,0,0,0,0,0.0,0.057971,0,0.0,0,12,2,4,0.505,0.1033,GREEN,54,Bengaluru
CLM0036964,BEN_03102,BTM Layout,2025-03-01,18,0,0,0,0,0,0,0,0,0,0.0,0.23865,0,0.0,1,31,0,0,0.0628,0.0295,GREEN,45,Bengaluru
CLM0036965,BEN_04167,Marathahalli,2024-12-05,19,0,0,0,0,0,0,0,0,0,0.0,0.092744,0,0.0,0,420,1,3,0.7608,0.0152,GREEN,45,Bengaluru
CLM0036966,BEN_03644,Indiranagar,2023-10-08,14,0,0,0,0,0,0,0,0,0,0.0,0.456567,0,0.0,0,63,0,1,0.8906,0.0347,GREEN,43,Bengaluru
CLM0036967,BEN_03885,Whitefield,2023-12-19,21,0,0,0,0,0,0,0,0,0,0.0,0.153151,0,0.0,0,420,0,1,0.05,0.0,GREEN,30,Bengaluru
CLM0036968,BEN_02368,Marathahalli,2024-08-08,17,0,0,0,0,0,0,0,0,0,0.0,1.0,0,0.0,0,420,1,7,0.5454,0.0,GREEN,43,Bengaluru
CLM0036969,BEN_07696,Yelahanka,2024-11-26,20,0,0,0,0,0,1,0,0,0,0.0,0.979573,0,1.0,0,81,0,1,0.4824,0.0697,GREEN,62,Bengaluru
CLM0036970,BEN_08392,Whitefield,2023-08-19,14,0,0,0,0,0,0,0,0,0,0.0,0.450964,0,1.0,0,420,0,0,0.934,0.0882,GREEN,50,Bengaluru
CLM0036971,BEN_03910,Yelahanka,2025-06-27,9,0,0,0,0,0,0,0,1,0,0.0,0.226521,0,0.0,0,229,4,2,0.6941,0.1077,GREEN,65,Bengaluru
CLM0036972,BEN_04804,Marathahalli,2025-07-21,15,0,0,0,0,0,0,0,0,0,0.0,0.989559,0,0.0,0,37,2,0,0.6088,0.0849,GREEN,43,Bengaluru
CLM0036973,BEN_06954,Yelahanka,2024-07-18,20,0,0,0,0,0,0,0,0,0,0.0,0.0,0,0.0,0,199,3,3,0.6696,0.09,GREEN,35,Bengaluru
CLM0036974,BEN_07382,Rajajinagar,2025-08-20,19,0,0,0,0,1,1,0,1,0,0.0,0.890828,0,0.0,0,271,4,3,0.731,0.3215,YELLOW,28,Bengaluru
CLM0036975,BEN_05443,Yelahanka,2020-06-26,11,0,0,0,0,0,0,0,0,0,1.0,0.961996,0,1.0,0,347,4,5,0.5532,0.0188,GREEN,52,Bengaluru
CLM0036976,BEN_08746,HSR Layout,2018-04-27,9,0,0,0,0,0,0,1,0,0,0.0,0.985908,0,0.0,0,362,2,2,0.9418,0.1433,GREEN,37,Bengaluru
CLM0036977,BEN_05811,HSR Layout,2020-10-30,8,0,0,0,0,0,0,0,0,0,0.0,0.197824,0,0.0,0,420,0,5,0.8402,0.0933,GREEN,44,Bengaluru
CLM0036978,BEN_02610,Jayanagar,2020-03-21,15,0,0,0,0,0,0,0,0,1,0.0,0.336741,0,0.0,0,199,2,4,0.1269,0.1221,GREEN,36,Bengaluru
CLM0036979,BEN_07438,Koramangala,2024-10-31,8,0,0,0,0,0,0,0,0,0,0.0,0.091964,0,0.0,0,420,1,2,0.6091,0.0639,GREEN,33,Bengaluru
CLM0036980,BEN_02950,Indiranagar,2021-02-19,13,0,0,0,0,0,0,0,1,0,0.0,0.264543,0,0.0,0,348,4,1,0.6871,0.0026,GREEN,50,Bengaluru
CLM0036981,BEN_04010,HSR Layout,2020-08-11,20,0,0,0,0,0,0,1,0,0,0.0,0.350405,0,1.0,0,32,0,3,0.9376,0.0724,GREEN,48,Bengaluru
CLM0036982,BEN_05896,BTM Layout,2019-02-22,20,0,0,0,0,0,0,1,0,0,0.0,0.095223,0,0.0,0,107,4,5,0.8827,0.0504,GREEN,29,Bengaluru
CLM0036983,BEN_04437,Indiranagar,2023-08-24,21,0,0,0,0,0,0,0,0,0,0.0,0.88755,0,0.0,0,420,1,0,0.615,0.0098,GREEN,50,Bengaluru
CLM0036984,BEN_01447,Yelahanka,2023-12-28,21,0,0,0,0,0,1,0,0,0,0.0,0.316794,0,0.0,0,364,0,2,0.7631,0.0261,GREEN,44,Bengaluru
CLM0036985,BEN_03374,Marathahalli,2019-01-11,9,0,0,0,0,0,0,0,0,1,0.0,0.33676,0,1.0,0,375,4,3,0.8786,0.0994,GREEN,44,Bengaluru
CLM0036986,BEN_08594,Yelahanka,2023-12-19,21,0,0,0,0,0,0,0,0,0,0.0,0.157672,0,0.0,0,320,2,0,0.98,0.0751,GREEN,38,Bengaluru
CLM0036987,BEN_02167,Yelahanka,2021-12-22,14,0,0,0,0,0,0,0,0,0,0.0,0.387856,0,0.0,0,259,2,3,0.1082,0.0,GREEN,39,Bengaluru
CLM0036988,BEN_00182,Whitefield,2025-08-16,10,0,0,0,0,0,0,0,0,0,0.0,0.112861,0,0.0,0,54,0,5,0.8709,0.0,GREEN,29,Bengaluru
CLM0036989,BEN_04981,Indiranagar,2022-12-06,12,0,0,0,0,0,0,0,0,0,0.0,1.0,0,0.0,0,368,3,1,0.6557,0.0607,GREEN,54,Bengaluru
CLM0036990,BEN_03813,BTM Layout,2020-08-13,16,0,0,0,0,1,0,0,0,0,0.0,0.072714,0,1.0,0,412,3,0,0.7836,0.0744,GREEN,43,Bengaluru
CLM0036991,BEN_08890,Yelahanka,2025-12-29,7,0,0,0,1,0,0,0,0,0,0.0,0.292602,0,0.0,0,268,1,1,0.4542,0.2094,GREEN,35,Bengaluru
CLM0036992,BEN_05398,Rajajinagar,2022-10-19,14,0,0,0,0,0,0,0,0,0,0.0,0.960326,0,0.0,0,253,4,1,0.98,0.0257,GREEN,38,Bengaluru
CLM0036993,BEN_07335,Jayanagar,2022-04-02,20,0,1,1,0,0,0,0,0,1,0.0,0.982734,0,0.0,0,420,3,5,0.8837,0.1635,GREEN,36,Bengaluru
CLM0036994,BEN_00582,Electronic City,2023-08-06,21,0,0,0,0,0,1,0,0,0,0.0,0.170321,0,0.0,0,361,2,0,0.8515,0.0,GREEN,53,Bengaluru
CLM0036995,BEN_03966,Marathahalli,2023-09-01,20,0,0,0,0,0,0,1,0,1,1.0,0.95836,1,1.0,1,30,4,18,0.05,0.1154,GREEN,39,Bengaluru
CLM0036996,BEN_01932,Marathahalli,2024-06-16,14,0,0,0,0,0,0,0,0,0,0.0,0.336623,0,0.0,0,368,4,3,0.232,0.0,GREEN,47,Bengaluru
CLM0036997,BEN_01424,Jayanagar,2024-10-17,8,0,0,0,0,0,0,0,0,0,0.0,0.191843,0,0.0,0,176,2,1,0.5796,0.0246,GREEN,45,Bengaluru
CLM0036998,BEN_08565,Electronic City,2024-10-09,13,0,0,0,0,0,0,0,0,0,0.0,0.290822,0,0.0,0,420,3,2,0.8437,0.0,GREEN,49,Bengaluru
CLM0036999,BEN_07999,Indiranagar,2021-06-30,21,0,0,0,0,1,0,0,0,0,0.0,0.312683,0,0.0,0,41,3,6,0.6698,0.1629,GREEN,30,Bengaluru
CLM0037000,BEN_06651,Marathahalli,2022-07-12,18,0,0,0,0,0,0,0,0,0,0.0,0.196468,0,0.0,0,115,2,4,0.1152,0.0613,GREEN,36,Bengaluru
CLM0037001,BEN_05047,BTM Layout,2025-03-05,13,0,0,0,0,0,0,0,0,0,0.0,1.0,0,0.0,0,128,0,1,0.8635,0.0145,GREEN,54,Bengaluru
CLM0037002,BEN_09574,HSR Layout,2023-12-13,18,0,0,0,0,0,1,0,0,0,0.0,0.082459,0,0.0,0,359,3,5,0.5848,0.1058,GREEN,46,Bengaluru
CLM0037003,BEN_01759,Yelahanka,2025-12-20,14,0,0,0,0,0,0,0,0,0,0.0,0.012554,0,1.0,0,105,3,1,0.8246,0.0,GREEN,35,Bengaluru
CLM0037004,BEN_01422,Whitefield,2022-10-21,17,0,0,0,0,0,1,0,0,0,0.0,0.106398,0,0.0,1,182,1,4,0.8536,0.2081,GREEN,25,Bengaluru
CLM0037005,BEN_04188,Indiranagar,2019-03-31,15,0,0,0,0,0,0,0,0,0,0.0,0.169676,0,0.0,0,330,1,2,0.8525,0.0,GREEN,51,Bengaluru
CLM0037006,BEN_01362,Marathahalli,2022-07-24,15,0,0,0,0,1,0,0,0,0,0.0,0.246814,0,0.0,0,157,2,7,0.8428,0.1315,GREEN,37,Bengaluru
CLM0037007,BEN_00881,Jayanagar,2025-09-07,21,0,0,0,0,0,0,0,0,0,0.0,0.434444,0,0.0,0,420,1,2,0.7668,0.0,GREEN,48,Bengaluru
CLM0037008,BEN_03724,BTM Layout,2025-12-10,12,0,0,0,0,0,0,0,1,0,1.0,0.0,0,0.0,1,209,0,5,0.8797,0.2786,GREEN,53,Bengaluru
CLM0037009,BEN_03448,Indiranagar,2025-12-12,8,0,0,0,0,0,0,0,0,0,0.0,0.416443,0,0.0,0,161,2,5,0.696,0.0,GREEN,45,Bengaluru
CLM0037010,BEN_04149,Jayanagar,2025-07-03,16,0,0,0,0,0,0,0,0,0,0.0,0.366948,0,0.0,0,232,0,0,0.8833,0.0,GREEN,60,Bengaluru
CLM0037011,BEN_00495,Jayanagar,2025-05-22,18,0,0,0,0,0,0,0,0,0,0.0,0.963295,0,0.0,0,416,3,1,0.3852,0.027,GREEN,55,Bengaluru
CLM0037012,BEN_09646,Electronic City,2025-05-16,7,0,0,0,0,0,0,0,0,0,0.0,0.233382,0,0.0,0,41,1,0,0.7486,0.0779,GREEN,31,Bengaluru
CLM0037013,BEN_07242,Marathahalli,2025-10-06,7,0,0,0,0,0,0,0,1,0,0.0,0.0,0,0.0,0,231,4,2,0.6473,0.0176,GREEN,45,Bengaluru
CLM0037014,BEN_09659,Marathahalli,2025-05-20,15,0,0,0,0,0,0,0,1,0,0.0,0.316938,0,0.0,0,79,0,1,0.2017,0.15,GREEN,42,Bengaluru
CLM0037015,BEN_03784,HSR Layout,2025-02-20,17,0,0,0,0,0,0,1,1,0,0.0,0.335906,0,0.0,0,242,1,0,0.8939,0.1603,GREEN,55,Bengaluru
CLM0037016,BEN_00915,BTM Layout,2018-12-21,18,0,0,0,0,0,0,0,0,0,0.0,0.333213,0,0.0,0,288,0,1,0.6263,0.0261,GREEN,52,Bengaluru
CLM0037017,BEN_02192,BTM Layout,2021-10-14,12,0,0,0,0,0,0,0,0,0,0.0,0.160672,0,0.0,0,20,2,1,0.5806,0.0432,GREEN,53,Bengaluru
CLM0037018,BEN_06179,Marathahalli,2025-11-10,11,0,0,0,0,0,0,0,0,0,0.0,0.231494,0,0.0,0,47,0,0,0.05,0.0434,GREEN,55,Bengaluru
CLM0037019,BEN_04726,Indiranagar,2022-12-25,11,0,0,0,0,0,0,0,0,0,0.0,0.163849,0,0.0,0,266,4,3,0.5854,0.0,GREEN,58,Bengaluru
CLM0037020,BEN_07482,Jayanagar,2023-01-15,18,0,0,0,1,0,0,0,1,0,0.0,0.079638,0,0.0,1,5,1,18,0.8604,0.0,GREEN,43,Bengaluru
CLM0037021,BEN_01337,Jayanagar,2019-09-25,18,0,0,0,0,0,0,0,0,0,0.0,0.343848,0,0.0,0,308,4,4,0.712,0.0967,GREEN,46,Bengaluru
CLM0037022,BEN_07443,Yelahanka,2025-08-03,20,0,0,0,0,0,0,0,0,0,0.0,0.094849,0,0.0,0,370,4,4,0.8528,0.0,GREEN,33,Bengaluru
CLM0037023,BEN_00511,Koramangala,2019-01-04,8,0,0,0,0,0,0,0,0,0,0.0,0.0,0,0.0,0,74,0,2,0.1107,0.0,GREEN,40,Bengaluru
CLM0037024,BEN_03775,Jayanagar,2023-05-01,7,0,0,0,1,0,1,0,0,0,0.0,0.0,0,0.0,0,420,4,2,0.8238,0.258,GREEN,39,Bengaluru
CLM0037025,BEN_04306,BTM Layout,2024-04-25,14,0,1,1,0,0,0,0,0,0,0.0,1.0,0,0.0,1,36,2,8,0.98,0.05,GREEN,35,Bengaluru
CLM0037026,BEN_05535,Indiranagar,2022-07-16,20,0,0,0,0,0,0,0,0,0,0.0,0.079886,0,0.0,0,283,0,2,0.6911,0.0046,GREEN,51,Bengaluru
CLM0037027,BEN_02771,Yelahanka,2022-03-14,14,0,0,0,1,1,0,1,0,1,0.0,0.071271,1,0.0,1,15,3,18,0.9038,0.1849,GREEN,40,Bengaluru
CLM0037028,BEN_02585,Koramangala,2022-02-02,19,0,0,0,0,0,0,0,0,0,0.0,0.095682,0,0.0,0,171,3,1,0.7607,0.0,GREEN,44,Bengaluru
CLM0037029,BEN_07638,Jayanagar,2022-05-29,21,0,0,0,0,0,0,0,0,0,0.0,0.352796,0,0.0,0,235,3,0,0.5911,0.0534,GREEN,44,Bengaluru
CLM0037030,BEN_06592,Electronic City,2020-04-04,20,0,0,0,1,1,0,0,0,1,0.0,0.311781,0,0.0,0,420,4,1,0.8973,0.3979,YELLOW,43,Bengaluru
CLM0037031,BEN_08594,Yelahanka,2024-05-11,21,0,0,0,0,0,1,0,0,0,0.0,1.0,1,0.0,0,403,2,0,0.7324,0.1002,GREEN,38,Bengaluru
CLM0037032,BEN_03944,Jayanagar,2023-09-20,14,0,0,0,0,0,0,0,0,0,0.0,0.055588,0,0.0,0,403,2,5,0.8253,0.0,GREEN,54,Bengaluru
CLM0037033,BEN_02975,Marathahalli,2025-07-02,16,0,0,0,0,0,1,0,0,0,0.0,0.3007,0,0.0,0,417,2,7,0.8154,0.1533,GREEN,25,Bengaluru
CLM0037034,BEN_05425,Jayanagar,2024-07-17,18,0,0,0,0,0,0,0,0,0,0.0,0.198966,0,0.0,0,211,1,0,0.8882,0.1296,GREEN,40,Bengaluru
CLM0037035,BEN_00146,Indiranagar,2025-07-28,14,0,0,0,0,0,0,0,0,0,0.0,0.02529,0,0.0,0,168,1,2,0.98,0.1206,GREEN,46,Bengaluru
CLM0037036,BEN_04894,BTM Layout,2023-11-17,9,0,1,1,1,0,0,0,0,0,0.0,0.253004,0,0.0,0,36,2,2,0.8175,0.1067,GREEN,46,Bengaluru
CLM0037037,BEN_02869,Rajajinagar,2025-01-12,21,0,0,0,0,0,0,0,0,1,0.0,0.479816,0,0.0,0,58,3,3,0.8951,0.1915,GREEN,53,Bengaluru
CLM0037038,BEN_04780,Marathahalli,2020-12-09,11,0,0,0,0,0,0,1,0,0,0.0,1.0,0,0.0,0,420,2,1,0.7683,0.0,GREEN,19,Bengaluru
CLM0037039,BEN_07715,Indiranagar,2022-07-14,15,0,0,0,1,0,0,0,0,0,1.0,0.55699,0,0.0,0,5,1,6,0.98,0.205,GREEN,48,Bengaluru
CLM0037040,BEN_04159,Marathahalli,2023-12-30,12,0,0,0,1,0,0,0,0,0,0.0,0.978761,0,0.0,0,420,2,0,0.5288,0.201,GREEN,43,Bengaluru
CLM0037041,BEN_04922,Indiranagar,2023-05-24,13,0,0,0,0,0,0,0,0,0,0.0,0.134081,0,0.0,1,420,1,2,0.9694,0.0661,GREEN,64,Bengaluru
CLM0037042,BEN_03362,Whitefield,2025-10-13,8,0,0,0,0,0,0,0,0,0,0.0,1.0,0,0.0,0,420,4,5,0.059,0.0644,GREEN,33,Bengaluru
CLM0037043,BEN_03046,HSR Layout,2022-07-08,11,0,0,0,0,0,1,0,0,0,0.0,0.381199,0,0.0,1,390,1,0,0.98,0.2443,GREEN,48,Bengaluru
CLM0037044,BEN_08300,HSR Layout,2023-03-20,14,0,0,0,0,0,1,0,0,0,1.0,0.125153,0,0.0,0,373,2,0,0.6561,0.1418,GREEN,46,Bengaluru
CLM0037045,BEN_07508,Marathahalli,2022-12-28,15,0,0,0,0,0,0,0,0,0,0.0,0.231816,0,0.0,0,401,1,5,0.7736,0.0076,GREEN,51,Bengaluru
CLM0037046,BEN_09190,Yelahanka,2024-01-20,8,0,0,0,0,0,0,1,0,0,0.0,1.0,0,0.0,0,51,2,1,0.1126,0.1026,GREEN,41,Bengaluru
CLM0037047,BEN_05915,HSR Layout,2025-03-30,14,0,0,0,0,0,1,0,0,0,0.0,0.076002,0,0.0,0,129,4,3,0.8229,0.0516,GREEN,50,Bengaluru
CLM0037048,BEN_09250,Indiranagar,2022-10-16,17,0,0,0,0,0,0,0,0,0,0.0,0.0,0,0.0,0,18,2,3,0.9139,0.0527,GREEN,50,Bengaluru
CLM0037049,BEN_03309,Indiranagar,2023-08-02,20,0,0,0,0,0,0,0,0,0,0.0,0.288609,0,0.0,0,314,2,0,0.1959,0.0269,GREEN,45,Bengaluru
CLM0037050,BEN_06567,Jayanagar,2024-04-26,11,0,0,0,0,0,0,0,0,0,0.0,0.153948,0,0.0,0,78,3,0,0.6582,0.0,GREEN,44,Bengaluru
CLM0037051,BEN_05931,Rajajinagar,2022-11-21,9,0,0,0,0,0,1,0,1,0,0.0,0.306828,0,0.0,0,224,1,3,0.7951,0.1596,GREEN,51,Bengaluru
CLM0037052,BEN_00746,Whitefield,2021-06-08,14,0,0,0,0,0,0,1,0,0,0.0,0.295462,0,0.0,0,420,1,1,0.9349,0.0989,GREEN,44,Bengaluru
CLM0037053,BEN_08260,BTM Layout,2025-07-27,11,0,0,0,0,0,0,0,0,0,0.0,0.235573,0,0.0,0,420,2,0,0.8277,0.0781,GREEN,51,Bengaluru
CLM0037054,BEN_01363,Marathahalli,2023-11-17,13,0,0,0,0,0,1,0,0,0,0.0,0.102765,0,0.0,0,31,3,0,0.6937,0.1047,GREEN,33,Bengaluru
CLM0037055,BEN_09374,Whitefield,2025-07-14,8,0,0,0,0,0,0,0,1,0,0.0,0.247224,0,0.0,0,114,3,1,0.8426,0.123,GREEN,43,Bengaluru
CLM0037056,BEN_04426,HSR Layout,2025-07-25,13,0,0,0,0,0,0,0,0,0,0.0,0.0,0,0.0,0,354,0,1,0.8092,0.0561,GREEN,35,Bengaluru
CLM0037057,BEN_08621,Yelahanka,2023-01-04,14,0,0,0,1,0,0,0,0,0,0.0,0.114211,0,0.0,1,368,0,0,0.8044,0.161,GREEN,39,Bengaluru
CLM0037058,BEN_02766,Electronic City,2024-12-08,14,0,0,0,0,0,0,0,0,0,0.0,0.219221,0,0.0,0,72,0,4,0.5632,0.0,GREEN,42,Bengaluru
CLM0037059,BEN_04763,Indiranagar,2022-12-25,18,0,0,0,0,0,0,0,0,0,0.0,0.017146,0,1.0,0,156,4,2,0.5421,0.0113,GREEN,43,Bengaluru
CLM0037060,BEN_00557,Rajajinagar,2022-06-04,18,0,0,0,0,0,0,0,0,0,0.0,0.0,0,1.0,0,419,1,2,0.4183,0.0,GREEN,32,Bengaluru
CLM0037061,BEN_03207,Koramangala,2022-04-05,8,0,0,0,0,0,1,0,0,1,0.0,0.175585,0,0.0,0,35,0,1,0.6526,0.3142,YELLOW,38,Bengaluru
CLM0037062,BEN_04859,Indiranagar,2022-06-16,16,0,0,0,0,0,0,0,0,0,0.0,0.174541,0,0.0,0,331,0,0,0.4213,0.0,GREEN,50,Bengaluru
CLM0037063,BEN_00128,Rajajinagar,2022-05-29,17,0,0,0,0,0,0,0,0,0,0.0,0.219114,0,0.0,0,78,0,1,0.8919,0.1178,GREEN,48,Bengaluru
CLM0037064,BEN_07560,HSR Layout,2024-12-23,15,0,1,1,1,1,0,1,1,1,1.0,0.051879,0,1.0,1,24,2,18,0.1162,0.024,GREEN,42,Bengaluru
CLM0037065,BEN_05163,BTM Layout,2025-07-20,20,0,0,0,0,0,0,0,0,0,0.0,0.026527,1,0.0,0,344,1,0,0.6327,0.1386,GREEN,49,Bengaluru
CLM0037066,BEN_06338,Whitefield,2023-07-27,10,0,0,0,0,0,0,0,0,0,1.0,0.136657,0,0.0,0,23,3,3,0.8512,0.128,GREEN,39,Bengaluru
CLM0037067,BEN_06120,Marathahalli,2025-08-28,13,0,0,0,1,0,1,0,1,1,0.0,1.0,0,1.0,0,6,0,18,0.329,0.0792,GREEN,48,Bengaluru
CLM0037068,BEN_02675,Jayanagar,2023-10-26,16,0,0,0,0,0,0,0,1,0,0.0,1.0,0,0.0,0,131,2,3,0.05,0.1282,GREEN,63,Bengaluru
CLM0037069,BEN_09190,Yelahanka,2023-01-06,9,0,1,1,0,0,0,0,0,1,0.0,0.343133,1,0.0,0,207,3,0,0.4403,0.1954,GREEN,41,Bengaluru
CLM0037070,BEN_04194,Indiranagar,2024-08-14,12,0,0,0,0,0,0,0,0,0,0.0,0.318788,0,0.0,0,331,4,4,0.3254,0.0152,GREEN,38,Bengaluru
CLM0037071,BEN_08710,Indiranagar,2025-07-12,19,0,0,0,0,0,0,0,0,0,0.0,0.165221,0,0.0,0,333,0,5,0.9078,0.0784,GREEN,24,Bengaluru
CLM0037072,BEN_01664,Yelahanka,2023-03-18,19,0,0,0,1,0,0,1,0,1,0.0,0.0,0,0.0,1,5,4,18,0.9327,0.0,GREEN,64,Bengaluru
CLM0037073,BEN_09376,Koramangala,2023-01-09,10,0,0,0,0,0,0,0,0,1,0.0,0.209941,0,0.0,0,232,0,2,0.6581,0.0715,GREEN,65,Bengaluru
CLM0037074,BEN_01803,Rajajinagar,2023-02-28,7,0,0,0,0,0,0,0,0,0,0.0,0.38706,0,0.0,0,288,2,6,0.9462,0.0093,GREEN,31,Bengaluru
CLM0037075,BEN_03749,BTM Layout,2017-01-13,15,0,0,0,0,0,0,0,0,0,0.0,0.01111,0,0.0,0,362,4,1,0.6131,0.0,GREEN,54,Bengaluru
CLM0037076,BEN_06916,Yelahanka,2017-07-14,13,0,0,0,0,0,0,0,0,0,0.0,0.344589,0,0.0,0,252,1,5,0.9405,0.0546,GREEN,29,Bengaluru
CLM0037077,BEN_09602,Whitefield,2021-03-13,21,0,0,0,0,0,0,0,0,1,0.0,0.342957,0,0.0,0,420,3,0,0.81,0.1105,GREEN,61,Bengaluru
CLM0037078,BEN_09809,Marathahalli,2018-11-06,15,0,0,0,0,0,0,0,0,0,0.0,0.358124,1,0.0,0,204,2,3,0.6615,0.0939,GREEN,44,Bengaluru
CLM0037079,BEN_06447,Electronic City,2023-09-11,15,0,0,0,0,0,0,0,0,0,0.0,0.016633,0,0.0,0,373,4,3,0.6119,0.068,GREEN,54,Bengaluru
CLM0037080,BEN_05415,Yelahanka,2017-10-12,19,0,0,0,0,0,0,0,0,0,0.0,0.386873,0,0.0,0,420,4,0,0.8549,0.1389,GREEN,63,Bengaluru
CLM0037081,BEN_03057,Whitefield,2017-01-24,7,0,0,0,0,0,0,0,0,0,0.0,0.372014,0,1.0,0,146,3,0,0.7758,0.0482,GREEN,45,Bengaluru
CLM0037082,BEN_06022,Koramangala,2017-06-24,20,0,0,0,0,0,0,1,0,0,0.0,0.019261,0,0.0,0,420,0,2,0.9796,0.1178,GREEN,46,Bengaluru
CLM0037083,BEN_07672,HSR Layout,2022-04-26,8,0,0,0,0,0,0,0,0,0,0.0,0.351581,0,0.0,0,148,0,5,0.7231,0.0,GREEN,32,Bengaluru
CLM0037084,BEN_09584,Rajajinagar,2018-11-02,7,0,1,1,0,0,1,0,0,0,1.0,0.021225,0,0.0,0,266,4,4,0.9102,0.1327,GREEN,46,Bengaluru
CLM0037085,BEN_07204,BTM Layout,2025-12-07,8,0,0,0,0,0,0,0,0,0,0.0,0.274132,0,0.0,0,167,1,4,0.6003,0.0511,GREEN,53,Bengaluru
CLM0037086,BEN_06648,Yelahanka,2020-10-13,12,0,0,0,0,0,0,0,1,0,0.0,0.0,0,0.0,0,420,0,1,0.98,0.1239,GREEN,48,Bengaluru
CLM0037087,BEN_09606,Indiranagar,2024-11-08,14,0,0,0,0,0,0,0,0,0,0.0,0.094753,0,1.0,0,120,2,3,0.98,0.0617,GREEN,45,Bengaluru
CLM0037088,BEN_09377,Rajajinagar,2017-05-28,12,0,1,1,0,0,0,0,0,0,1.0,0.285364,0,1.0,0,183,4,0,0.5343,0.0533,GREEN,49,Bengaluru
CLM0037089,BEN_05030,Koramangala,2021-07-19,14,0,0,0,0,0,1,0,1,0,0.0,0.153835,0,0.0,0,393,0,4,0.7541,0.1613,GREEN,43,Bengaluru
CLM0037090,BEN_03326,Jayanagar,2020-11-01,9,0,0,0,0,0,1,1,0,0,0.0,0.194431,0,0.0,0,343,3,6,0.5043,0.1773,GREEN,51,Bengaluru
CLM0037091,BEN_05307,Indiranagar,2021-05-22,11,0,0,0,0,0,0,0,0,0,0.0,0.019867,0,0.0,0,228,0,2,0.6864,0.0157,GREEN,41,Bengaluru
CLM0037092,BEN_02629,Electronic City,2020-03-26,10,0,0,0,0,0,0,0,0,0,1.0,0.263566,1,0.0,0,403,4,4,0.8937,0.2198,GREEN,45,Bengaluru
CLM0037093,BEN_07359,HSR Layout,2023-02-13,13,0,0,0,0,0,0,0,0,0,1.0,0.0,0,0.0,0,408,4,0,0.8243,0.1789,GREEN,65,Bengaluru
CLM0037094,BEN_03579,Rajajinagar,2023-04-12,10,0,0,0,0,0,0,0,0,0,0.0,0.284822,0,0.0,0,123,1,4,0.7379,0.0388,GREEN,59,Bengaluru
CLM0037095,BEN_07049,BTM Layout,2023-01-09,9,0,0,0,0,0,0,0,0,0,0.0,0.172474,0,0.0,0,175,3,2,0.712,0.0434,GREEN,50,Bengaluru
CLM0037096,BEN_08247,Rajajinagar,2023-02-11,18,0,0,0,0,1,1,1,1,1,0.0,0.0,0,0.0,1,5,2,18,0.9068,0.0,GREEN,46,Bengaluru
CLM0037097,BEN_05143,Yelahanka,2025-04-29,9,0,0,0,0,0,0,0,0,0,0.0,0.239111,0,0.0,0,420,1,1,0.3123,0.0529,GREEN,37,Bengaluru
CLM0037098,BEN_06611,Koramangala,2025-08-14,8,0,0,0,0,0,0,0,0,0,0.0,0.240597,0,0.0,0,264,3,1,0.9627,0.087,GREEN,41,Bengaluru
CLM0037099,BEN_08601,Jayanagar,2023-09-06,20,0,0,0,0,0,0,0,0,0,0.0,1.0,0,0.0,0,41,4,1,0.2892,0.0,GREEN,51,Bengaluru
CLM0037100,BEN_02015,Rajajinagar,2025-08-27,14,0,0,0,0,0,0,0,0,0,0.0,0.963412,0,0.0,0,188,3,0,0.3326,0.0,GREEN,37,Bengaluru
CLM0037101,BEN_03881,Jayanagar,2023-07-16,17,0,0,0,0,0,0,0,0,0,0.0,0.446355,0,0.0,0,420,3,6,0.6012,0.0173,GREEN,30,Bengaluru
CLM0037102,BEN_03645,HSR Layout,2024-05-29,9,0,0,0,0,0,0,0,0,0,0.0,0.27143,0,0.0,0,420,0,3,0.9276,0.0531,GREEN,40,Bengaluru
CLM0037103,BEN_04283,Electronic City,2024-11-22,12,0,0,0,0,0,0,0,0,0,0.0,0.987826,0,0.0,0,416,4,7,0.9674,0.0,GREEN,39,Bengaluru
CLM0037104,BEN_09318,Rajajinagar,2023-06-14,18,0,0,0,0,0,0,0,0,0,0.0,0.423222,0,0.0,0,181,0,1,0.7878,0.0,GREEN,51,Bengaluru
CLM0037105,BEN_05518,Indiranagar,2024-04-16,19,0,0,0,0,0,0,0,0,0,0.0,0.059918,0,0.0,0,338,4,2,0.7481,0.0,GREEN,37,Bengaluru
CLM0037106,BEN_08207,Whitefield,2024-09-26,17,0,0,0,0,0,0,0,0,0,0.0,1.0,0,0.0,0,122,1,0,0.5244,0.0193,GREEN,62,Bengaluru
CLM0037107,BEN_07410,Jayanagar,2025-02-18,11,0,0,0,0,1,0,0,0,0,1.0,0.067206,0,0.0,0,420,4,4,0.5438,0.1973,GREEN,32,Bengaluru
CLM0037108,BEN_04176,Marathahalli,2025-10-28,8,0,0,0,0,0,0,0,0,1,0.0,0.0,0,0.0,0,387,2,0,0.7379,0.1463,GREEN,38,Bengaluru
CLM0037109,BEN_06141,Marathahalli,2024-05-15,11,0,0,0,0,0,0,0,1,0,0.0,0.261289,0,0.0,0,212,3,3,0.98,0.1115,GREEN,35,Bengaluru
CLM0037110,BEN_00211,Whitefield,2025-02-08,14,0,0,0,0,0,0,0,0,0,1.0,0.067351,0,0.0,0,61,3,0,0.3864,0.1436,GREEN,39,Bengaluru
CLM0037111,BEN_03491,Jayanagar,2024-08-01,20,0,0,0,0,0,0,0,0,1,1.0,0.15844,0,0.0,0,420,2,1,0.98,0.2045,GREEN,36,Bengaluru
CLM0037112,BEN_03863,Electronic City,2024-04-22,11,0,0,0,0,0,0,1,0,0,1.0,0.189096,1,0.0,0,183,3,1,0.08,0.1815,GREEN,42,Bengaluru
CLM0037113,BEN_01531,Yelahanka,2025-10-27,14,0,0,0,1,0,0,0,0,0,0.0,0.18607,0,0.0,0,392,1,5,0.4935,0.1742,GREEN,50,Bengaluru
CLM0037114,BEN_03801,Indiranagar,2024-07-17,14,0,0,0,1,0,1,0,0,0,0.0,0.284815,0,0.0,0,404,0,1,0.7688,0.3163,YELLOW,42,Bengaluru
CLM0037115,BEN_02644,Yelahanka,2025-02-16,20,0,0,0,0,0,0,0,0,1,0.0,0.083864,0,0.0,0,378,0,0,0.6122,0.124,GREEN,31,Bengaluru
CLM0037116,BEN_07974,Marathahalli,2025-03-21,12,0,0,0,0,0,0,0,0,0,0.0,0.109873,0,0.0,0,16,1,6,0.7758,0.0,GREEN,32,Bengaluru
CLM0037117,BEN_00650,Indiranagar,2022-11-08,7,0,0,0,0,0,0,0,0,0,0.0,0.296015,0,0.0,0,113,4,2,0.9462,0.0,GREEN,30,Bengaluru
CLM0037118,BEN_08247,Rajajinagar,2021-04-12,12,0,0,0,0,0,0,0,0,0,0.0,0.118885,0,0.0,0,420,0,2,0.98,0.0,GREEN,46,Bengaluru
CLM0037119,BEN_00494,Indiranagar,2020-05-25,16,0,0,0,0,0,0,1,0,0,0.0,0.220349,1,0.0,0,420,4,5,0.5875,0.1474,GREEN,46,Bengaluru
CLM0037120,BEN_06556,Marathahalli,2019-02-01,8,0,0,0,0,0,0,0,0,0,0.0,0.065623,0,0.0,0,406,3,3,0.7992,0.0432,GREEN,40,Bengaluru
CLM0037121,BEN_05140,Whitefield,2023-09-12,18,0,0,0,0,0,0,0,1,0,0.0,0.919299,0,0.0,0,420,0,7,0.7198,0.1168,GREEN,44,Bengaluru
CLM0037122,BEN_09749,Marathahalli,2024-04-05,18,0,0,0,1,1,1,1,1,1,0.0,0.252495,0,0.0,1,11,1,18,0.1761,0.0,GREEN,41,Bengaluru
CLM0037123,BEN_02350,Electronic City,2024-08-05,8,0,0,0,0,0,0,0,0,0,0.0,0.009266,0,0.0,0,330,4,0,0.7399,0.0,GREEN,60,Bengaluru
CLM0037124,BEN_00378,Yelahanka,2020-04-08,18,0,0,0,0,0,0,0,0,0,0.0,0.249967,0,0.0,0,145,4,3,0.05,0.0243,GREEN,46,Bengaluru
CLM0037125,BEN_02441,Marathahalli,2024-06-18,9,0,0,0,0,0,1,0,0,0,0.0,0.117285,0,0.0,0,276,0,2,0.4992,0.0628,GREEN,48,Bengaluru
CLM0037126,BEN_00250,Indiranagar,2019-08-18,11,0,0,0,0,0,1,0,0,0,0.0,1.0,0,0.0,0,179,3,0,0.98,0.1513,GREEN,53,Bengaluru
CLM0037127,BEN_05961,HSR Layout,2025-06-23,10,0,0,0,0,0,1,0,0,0,0.0,0.423776,0,0.0,0,420,4,0,0.8463,0.1388,GREEN,40,Bengaluru
CLM0037128,BEN_02132,Indiranagar,2022-08-17,17,0,0,0,0,0,0,0,0,0,0.0,0.296604,0,0.0,0,12,4,3,0.835,0.0,GREEN,34,Bengaluru
CLM0037129,BEN_03774,Rajajinagar,2022-10-03,7,0,0,0,0,1,0,0,0,0,0.0,0.075034,0,0.0,0,61,4,2,0.98,0.1072,GREEN,41,Bengaluru
CLM0037130,BEN_08091,Koramangala,2024-06-26,21,0,0,0,0,0,0,0,0,0,0.0,0.24421,0,0.0,0,47,4,0,0.6753,0.0,GREEN,66,Bengaluru
CLM0037131,BEN_09402,Marathahalli,2022-06-27,21,0,0,0,0,0,0,0,0,0,1.0,0.025923,0,0.0,0,215,0,2,0.746,0.1049,GREEN,38,Bengaluru
CLM0037132,BEN_00413,Marathahalli,2024-10-03,16,0,1,1,0,0,0,0,0,0,0.0,0.152816,0,0.0,0,420,2,2,0.6439,0.0339,GREEN,40,Bengaluru
CLM0037133,BEN_02537,Yelahanka,2025-01-07,20,0,0,0,0,0,0,0,0,0,0.0,0.260954,0,0.0,0,368,3,4,0.98,0.0744,GREEN,40,Bengaluru
CLM0037134,BEN_00963,HSR Layout,2025-07-08,14,0,0,0,0,0,0,0,0,0,0.0,0.102286,0,0.0,0,145,2,0,0.9325,0.0245,GREEN,54,Bengaluru
CLM0037135,BEN_01099,HSR Layout,2023-09-08,11,0,0,0,0,1,0,0,0,0,0.0,0.292723,0,0.0,0,319,2,3,0.7763,0.053,GREEN,25,Bengaluru
CLM0037136,BEN_08827,Marathahalli,2021-06-23,14,0,0,0,0,0,0,0,0,0,0.0,0.307792,1,0.0,0,158,2,4,0.877,0.0666,GREEN,35,Bengaluru
CLM0037137,BEN_06498,Marathahalli,2022-12-24,17,0,1,1,0,0,0,0,0,0,0.0,0.159513,0,0.0,0,261,3,0,0.9397,0.0287,GREEN,56,Bengaluru
CLM0037138,BEN_04172,Jayanagar,2024-05-07,17,0,0,0,0,0,0,0,0,1,0.0,0.094834,0,0.0,0,159,1,1,0.5932,0.091,GREEN,48,Bengaluru
CLM0037139,BEN_07776,HSR Layout,2022-11-20,11,0,0,0,0,0,0,0,0,0,0.0,0.370817,1,0.0,0,311,0,4,0.9342,0.1169,GREEN,50,Bengaluru
CLM0037140,BEN_04127,Indiranagar,2024-10-31,11,0,0,0,0,0,0,0,0,0,0.0,0.998954,0,0.0,0,196,2,4,0.6601,0.0,GREEN,40,Bengaluru
CLM0037141,BEN_02424,Marathahalli,2024-05-21,18,0,0,0,0,0,1,0,1,0,0.0,0.962704,0,0.0,0,401,1,1,0.459,0.3264,YELLOW,46,Bengaluru
CLM0037142,BEN_02481,Electronic City,2024-01-23,16,0,0,0,0,0,0,0,0,0,0.0,0.115277,0,0.0,0,420,1,4,0.98,0.0,GREEN,45,Bengaluru
CLM0037143,BEN_01292,Jayanagar,2025-08-04,7,0,0,0,0,0,0,0,1,0,0.0,0.126942,0,0.0,0,29,3,0,0.5544,0.1578,GREEN,51,Bengaluru
CLM0037144,BEN_02533,HSR Layout,2025-11-05,17,0,0,0,1,0,0,0,0,0,0.0,0.29301,0,0.0,0,144,0,0,0.8485,0.1728,GREEN,59,Bengaluru
CLM0037145,BEN_07300,Electronic City,2024-09-05,9,0,0,0,0,0,0,0,0,0,0.0,0.188387,0,0.0,0,336,0,3,0.978,0.0,GREEN,43,Bengaluru
CLM0037146,BEN_02124,BTM Layout,2024-01-26,10,0,0,0,0,0,0,0,0,0,0.0,0.245222,0,0.0,0,363,1,3,0.5886,0.0,GREEN,42,Bengaluru
CLM0037147,BEN_05339,Yelahanka,2025-01-02,17,0,0,0,0,0,0,0,0,0,0.0,1.0,0,0.0,0,420,0,3,0.98,0.0,GREEN,46,Bengaluru
CLM0037148,BEN_01884,Jayanagar,2024-11-28,11,0,0,0,0,0,0,0,0,0,0.0,0.0,0,0.0,0,239,0,0,0.98,0.1051,GREEN,35,Bengaluru
CLM0037149,BEN_00365,Yelahanka,2024-08-19,7,0,0,0,0,0,0,0,0,0,0.0,0.268848,0,0.0,0,5,0,5,0.5477,0.0918,GREEN,54,Bengaluru
CLM0037150,BEN_07626,Rajajinagar,2024-09-13,10,0,0,0,0,0,0,0,0,0,0.0,0.28974,0,0.0,0,195,4,4,0.1647,0.0067,GREEN,52,Bengaluru
CLM0037151,BEN_06434,Jayanagar,2024-02-05,10,0,1,1,0,0,0,0,1,0,0.0,0.186251,0,0.0,0,325,2,1,0.882,0.0143,GREEN,61,Bengaluru
CLM0037152,BEN_07463,Koramangala,2025-07-11,13,0,0,0,0,0,0,0,0,0,0.0,0.236523,0,1.0,0,420,4,0,0.9029,0.0301,GREEN,45,Bengaluru
CLM0037153,BEN_04446,Whitefield,2024-10-12,20,0,0,0,0,0,0,0,0,0,0.0,0.061443,0,0.0,0,98,4,4,0.5716,0.0,GREEN,65,Bengaluru
CLM0037154,BEN_09583,BTM Layout,2024-01-15,11,0,0,0,0,0,0,0,0,0,0.0,0.012522,1,0.0,0,310,2,0,0.7372,0.0478,GREEN,38,Bengaluru
CLM0037155,BEN_00468,Indiranagar,2025-06-05,8,0,1,1,0,0,0,0,0,0,0.0,0.212415,0,0.0,0,60,3,3,0.8017,0.0478,GREEN,42,Bengaluru
CLM0037156,BEN_04622,Marathahalli,2024-01-26,15,0,0,0,0,0,0,1,0,0,0.0,0.038561,0,0.0,1,35,0,4,0.058,0.1494,GREEN,49,Bengaluru
CLM0037157,BEN_00375,Whitefield,2024-10-07,9,0,0,0,0,0,0,0,0,0,0.0,0.989692,0,0.0,0,420,4,1,0.8168,0.0326,GREEN,59,Bengaluru
CLM0037158,BEN_01127,BTM Layout,2025-09-24,19,0,0,0,0,0,0,0,0,1,1.0,0.081999,0,0.0,0,410,2,3,0.1502,0.2286,GREEN,41,Bengaluru
CLM0037159,BEN_03459,Yelahanka,2024-08-17,8,0,0,0,0,0,0,0,0,1,0.0,0.0,0,0.0,0,144,0,5,0.54,0.3083,GREEN,51,Bengaluru
CLM0037160,BEN_07933,Whitefield,2020-04-25,14,0,0,0,0,0,0,0,0,0,0.0,0.352729,0,0.0,0,137,1,3,0.6633,0.0,GREEN,36,Bengaluru
CLM0037161,BEN_02649,Rajajinagar,2021-11-17,12,0,0,0,0,0,0,0,0,0,0.0,0.1985,0,0.0,0,116,0,0,0.2772,0.07,GREEN,42,Bengaluru
CLM0037162,BEN_07817,Jayanagar,2022-04-19,7,0,0,0,0,0,1,0,0,0,1.0,0.354494,0,0.0,0,420,2,0,0.5133,0.3315,YELLOW,53,Bengaluru
CLM0037163,BEN_09964,Electronic City,2019-11-05,17,0,0,0,0,0,0,0,0,0,0.0,0.206276,0,0.0,0,355,1,0,0.7144,0.0204,GREEN,18,Bengaluru
CLM0037164,BEN_09059,Jayanagar,2024-10-22,19,0,0,0,0,0,0,0,1,0,0.0,0.081254,0,0.0,1,51,0,0,0.98,0.161,GREEN,39,Bengaluru
CLM0037165,BEN_01957,Rajajinagar,2025-04-23,17,0,1,1,0,0,1,0,0,0,0.0,0.3133,0,0.0,0,420,2,0,0.7655,0.0446,GREEN,60,Bengaluru
CLM0037166,BEN_02863,Electronic City,2019-10-20,8,0,0,0,1,0,0,0,0,0,0.0,0.196737,0,0.0,0,185,2,2,0.5105,0.2054,GREEN,50,Bengaluru
CLM0037167,BEN_05721,Jayanagar,2025-09-24,14,0,0,0,0,0,0,0,0,1,0.0,0.056885,0,0.0,0,165,0,0,0.8877,0.1585,GREEN,33,Bengaluru
CLM0037168,BEN_06274,BTM Layout,2023-07-01,12,0,0,0,0,0,0,0,0,0,0.0,0.310578,0,0.0,0,171,0,1,0.6463,0.0317,GREEN,50,Bengaluru
CLM0037169,BEN_09296,Yelahanka,2020-07-27,10,0,0,0,0,0,0,0,0,0,0.0,0.04322,0,0.0,0,31,4,0,0.5828,0.0029,GREEN,38,Bengaluru
CLM0037170,BEN_00948,Koramangala,2025-09-06,15,0,0,0,0,0,0,0,0,0,0.0,0.287637,0,0.0,0,306,0,6,0.5526,0.0,GREEN,34,Bengaluru
CLM0037171,BEN_05281,Rajajinagar,2020-02-22,9,0,0,0,0,0,0,0,0,0,0.0,0.150401,0,1.0,0,360,0,3,0.7155,0.0,GREEN,51,Bengaluru
CLM0037172,BEN_04259,BTM Layout,2020-02-24,10,0,0,0,1,1,1,1,1,1,1.0,0.923548,0,0.0,1,5,1,18,0.7888,0.2878,GREEN,59,Bengaluru
CLM0037173,BEN_04830,Marathahalli,2023-03-09,14,0,0,0,0,0,0,0,0,0,0.0,0.107753,0,0.0,0,101,3,3,0.7428,0.1693,GREEN,58,Bengaluru
CLM0037174,BEN_05190,BTM Layout,2019-11-29,10,0,0,0,0,0,0,0,0,0,0.0,0.129623,0,0.0,0,204,4,3,0.5418,0.026,GREEN,44,Bengaluru
CLM0037175,BEN_00731,Marathahalli,2025-05-23,13,0,0,0,0,0,0,0,0,0,0.0,0.110465,0,0.0,0,420,2,4,0.8258,0.0,GREEN,42,Bengaluru
CLM0037176,BEN_00233,HSR Layout,2025-10-06,16,0,0,0,0,0,1,1,0,0,0.0,0.2182,0,0.0,0,420,0,3,0.5809,0.0695,GREEN,31,Bengaluru
CLM0037177,BEN_00104,Koramangala,2024-05-19,14,0,0,0,0,0,0,0,0,0,0.0,0.177007,0,0.0,0,345,3,5,0.98,0.0135,GREEN,32,Bengaluru
CLM0037178,BEN_00489,Indiranagar,2021-01-16,18,0,0,0,0,0,0,0,0,0,0.0,0.196511,0,0.0,0,309,3,1,0.7091,0.0,GREEN,45,Bengaluru
CLM0037179,BEN_08095,Electronic City,2024-02-05,12,0,0,0,0,0,0,0,1,0,0.0,0.862379,0,0.0,0,167,2,6,0.6927,0.1575,GREEN,29,Bengaluru
CLM0037180,BEN_03214,HSR Layout,2025-11-03,12,0,0,0,0,0,0,0,0,0,1.0,0.406562,0,0.0,0,420,4,2,0.2628,0.1127,GREEN,47,Bengaluru
CLM0037181,BEN_04178,Jayanagar,2025-03-13,19,0,0,0,0,0,0,0,1,0,0.0,0.091423,0,0.0,0,97,3,1,0.6423,0.1337,GREEN,36,Bengaluru
CLM0037182,BEN_04780,Marathahalli,2023-05-19,13,0,0,0,0,0,0,0,0,0,0.0,0.054324,0,0.0,0,420,1,4,0.686,0.0776,GREEN,19,Bengaluru
CLM0037183,BEN_07136,Yelahanka,2025-08-18,10,0,0,0,1,0,0,0,0,0,0.0,0.211325,0,0.0,0,130,2,2,0.1755,0.1766,GREEN,50,Bengaluru
CLM0037184,BEN_00381,Yelahanka,2023-01-27,12,0,0,0,0,0,1,0,0,0,0.0,0.139518,0,0.0,0,226,1,2,0.6958,0.0501,GREEN,43,Bengaluru
CLM0037185,BEN_02194,Whitefield,2025-11-10,9,0,0,0,0,0,0,0,0,0,0.0,0.166729,0,0.0,0,342,0,4,0.5394,0.0,GREEN,43,Bengaluru
CLM0037186,BEN_08864,BTM Layout,2025-07-27,17,0,0,0,0,0,0,0,0,0,0.0,0.195997,0,0.0,0,341,2,4,0.5623,0.0,GREEN,66,Bengaluru
CLM0037187,BEN_03572,Marathahalli,2025-11-08,15,0,0,0,0,0,0,0,0,1,0.0,0.18458,0,0.0,0,282,1,3,0.8277,0.1466,GREEN,46,Bengaluru
CLM0037188,BEN_05589,BTM Layout,2025-11-16,18,0,0,0,0,0,0,0,0,0,0.0,1.0,0,1.0,0,420,3,3,0.05,0.0387,GREEN,40,Bengaluru
CLM0037189,BEN_01295,Koramangala,2017-04-18,11,0,0,0,1,0,0,0,0,1,1.0,0.172247,0,1.0,1,20,3,18,0.2207,0.1072,GREEN,62,Bengaluru
CLM0037190,BEN_08321,Rajajinagar,2018-01-22,19,0,0,0,1,0,0,0,0,0,0.0,0.036189,0,0.0,0,420,4,3,0.6141,0.1943,GREEN,44,Bengaluru
CLM0037191,BEN_06010,Indiranagar,2021-04-28,7,0,0,0,0,0,0,0,0,0,0.0,0.292909,0,0.0,0,420,3,4,0.6923,0.0396,GREEN,50,Bengaluru
CLM0037192,BEN_09152,Whitefield,2024-04-02,21,0,0,0,0,0,0,0,0,0,0.0,0.111174,0,0.0,0,358,4,1,0.6489,0.0,GREEN,52,Bengaluru
CLM0037193,BEN_03311,BTM Layout,2022-02-14,20,0,0,0,0,0,0,0,0,0,0.0,0.12636,0,0.0,0,420,1,0,0.5095,0.0171,GREEN,30,Bengaluru
CLM0037194,BEN_09446,Electronic City,2022-11-27,7,0,0,0,0,0,0,0,0,1,0.0,0.165258,0,0.0,0,49,4,0,0.9522,0.3077,GREEN,59,Bengaluru
CLM0037195,BEN_03337,Koramangala,2016-07-30,20,0,0,0,1,1,0,1,1,1,1.0,0.958213,0,0.0,0,15,0,17,0.1531,0.0,GREEN,44,Bengaluru
CLM0037196,BEN_04148,Yelahanka,2018-05-02,21,0,0,0,0,0,0,0,0,0,0.0,0.003126,0,0.0,0,140,0,2,0.7944,0.1077,GREEN,44,Bengaluru
CLM0037197,BEN_09351,Yelahanka,2025-01-31,7,0,0,0,0,0,1,0,1,0,0.0,0.390928,0,0.0,0,177,1,0,0.9134,0.1435,GREEN,29,Bengaluru
CLM0037198,BEN_05191,Rajajinagar,2025-10-22,12,0,0,0,0,0,0,1,0,0,0.0,0.131912,0,0.0,0,420,4,0,0.9362,0.0675,GREEN,51,Bengaluru
CLM0037199,BEN_05705,Rajajinagar,2021-02-23,20,0,0,0,0,0,0,0,0,1,0.0,0.360052,1,1.0,0,376,4,3,0.7947,0.1779,GREEN,20,Bengaluru
CLM0037200,BEN_01023,Jayanagar,2024-12-08,9,0,0,0,0,0,0,0,0,0,0.0,0.143711,0,0.0,0,116,4,0,0.6979,0.0552,GREEN,48,Bengaluru
CLM0037201,BEN_05483,Indiranagar,2024-12-09,19,0,0,0,0,0,0,0,0,0,0.0,0.308718,0,0.0,0,158,0,1,0.7849,0.1722,GREEN,52,Bengaluru
CLM0037202,BEN_03491,Jayanagar,2025-04-13,14,0,0,0,0,0,0,0,0,0,0.0,0.206392,0,0.0,0,211,2,1,0.05,0.0125,GREEN,36,Bengaluru
CLM0037203,BEN_09990,Electronic City,2024-05-08,9,0,0,0,1,0,0,0,0,0,0.0,0.308692,0,0.0,0,386,3,2,0.7529,0.2544,GREEN,38,Bengaluru
CLM0037204,BEN_04908,Electronic City,2025-10-04,14,0,0,0,0,0,0,0,0,0,0.0,0.150842,0,0.0,0,128,1,3,0.7162,0.049,GREEN,45,Bengaluru
CLM0037205,BEN_03011,Electronic City,2025-08-27,21,0,0,0,0,0,0,0,1,0,0.0,0.40031,0,0.0,0,121,3,0,0.98,0.1931,GREEN,59,Bengaluru
CLM0037206,BEN_00065,Jayanagar,2024-10-25,11,0,0,0,0,0,0,1,0,0,0.0,0.264466,0,0.0,0,65,0,5,0.7525,0.1351,GREEN,32,Bengaluru
CLM0037207,BEN_09985,Electronic City,2025-10-09,9,0,0,0,0,0,0,0,0,0,1.0,0.251739,0,0.0,0,420,0,5,0.1103,0.0385,GREEN,28,Bengaluru
CLM0037208,BEN_03844,Rajajinagar,2020-09-25,15,0,1,1,1,1,1,1,1,1,1.0,0.15309,0,1.0,0,5,0,18,0.2755,0.8331,RED,56,Bengaluru
CLM0037209,BEN_03733,HSR Layout,2025-02-01,11,0,1,1,1,1,1,1,1,0,1.0,0.940233,1,0.0,1,25,1,18,0.1648,0.8701,RED,57,Bengaluru
CLM0037210,BEN_09966,Jayanagar,2021-11-02,14,0,1,1,1,0,1,0,0,1,1.0,1.0,0,0.0,1,5,0,18,0.1322,0.6525,RED,35,Bengaluru
CLM0037211,BEN_02503,Rajajinagar,2021-04-03,15,0,1,1,1,1,1,1,0,1,0.0,0.114928,0,1.0,1,18,2,18,0.05,0.8419,RED,47,Bengaluru
CLM0037212,BEN_09644,Marathahalli,2024-08-08,13,0,1,1,0,0,0,1,1,1,0.0,0.273336,0,0.0,0,12,2,18,0.9026,0.4354,YELLOW,49,Bengaluru
CLM0037213,BEN_09767,Jayanagar,2023-11-27,17,0,1,1,0,0,1,1,1,0,0.0,0.936223,1,0.0,1,17,1,18,0.2055,0.6586,RED,39,Bengaluru
CLM0037214,BEN_01631,Rajajinagar,2022-08-24,14,0,1,1,1,0,1,1,1,0,1.0,0.934988,1,0.0,1,35,2,18,0.244,0.6869,RED,37,Bengaluru
CLM0037215,BEN_04749,Koramangala,2024-02-13,16,0,1,1,1,0,1,0,1,1,0.0,0.305204,1,1.0,0,5,2,18,0.05,0.6963,RED,43,Bengaluru
CLM0037216,BEN_02966,BTM Layout,2025-10-29,20,0,1,1,0,0,1,1,0,0,0.0,0.320661,0,0.0,0,420,1,5,0.4944,0.3479,YELLOW,47,Bengaluru
CLM0037217,BEN_07365,Koramangala,2021-01-03,14,0,1,1,1,1,1,0,0,0,0.0,0.418243,1,0.0,1,5,0,18,0.1845,0.7078,RED,42,Bengaluru
CLM0037218,BEN_07077,Marathahalli,2020-01-06,13,0,1,1,1,1,0,1,0,0,0.0,0.125337,1,0.0,0,5,1,15,0.7231,0.4709,YELLOW,63,Bengaluru
CLM0037219,BEN_03047,Rajajinagar,2023-06-09,21,0,1,1,0,1,1,1,1,1,0.0,0.205939,0,0.0,1,5,0,7,0.9017,0.7167,RED,30,Bengaluru
CLM0037220,BEN_03429,Jayanagar,2024-06-21,13,0,0,0,0,0,0,0,0,0,0.0,0.099679,0,1.0,0,67,3,0,0.1352,0.0084,GREEN,44,Bengaluru
CLM0037221,BEN_02726,Whitefield,2025-05-06,17,0,0,0,0,0,0,0,0,0,0.0,0.105998,0,0.0,0,420,1,1,0.8219,0.0,GREEN,54,Bengaluru
CLM0037222,BEN_01625,Whitefield,2025-09-29,12,0,0,0,0,0,0,0,0,0,0.0,0.452596,0,0.0,0,357,0,1,0.8031,0.0095,GREEN,23,Bengaluru
CLM0037223,BEN_03512,Marathahalli,2025-01-13,8,0,0,0,0,0,0,0,0,0,0.0,0.408753,0,0.0,0,125,3,1,0.7786,0.0,GREEN,41,Bengaluru
CLM0037224,BEN_09971,BTM Layout,2025-06-03,9,0,0,0,0,0,0,0,1,0,0.0,0.141341,0,0.0,0,152,2,2,0.7343,0.2108,GREEN,36,Bengaluru
CLM0037225,BEN_01027,Rajajinagar,2025-02-23,17,0,0,0,0,1,1,0,0,0,0.0,0.0,0,0.0,0,420,2,3,0.5522,0.0674,GREEN,59,Bengaluru
CLM0037226,BEN_00493,BTM Layout,2025-04-12,18,0,0,0,0,0,0,0,0,0,0.0,0.026775,0,0.0,0,43,3,1,0.8936,0.0,GREEN,47,Bengaluru
CLM0037227,BEN_04381,Indiranagar,2025-10-15,17,0,0,0,0,0,0,0,0,0,0.0,0.035399,0,0.0,0,175,1,3,0.05,0.0112,GREEN,30,Bengaluru
CLM0037228,BEN_07552,Jayanagar,2017-12-18,10,0,0,0,1,0,0,0,0,0,0.0,0.944166,0,0.0,0,115,4,2,0.9578,0.2445,GREEN,54,Bengaluru
CLM0037229,BEN_06021,Indiranagar,2017-08-20,21,0,0,0,0,0,0,0,1,0,0.0,0.332268,0,0.0,0,147,3,0,0.8786,0.1466,GREEN,40,Bengaluru
CLM0037230,BEN_09824,Rajajinagar,2019-04-24,9,0,0,0,0,0,0,0,0,1,0.0,0.057439,1,0.0,0,367,4,0,0.9441,0.1381,GREEN,42,Bengaluru
CLM0037231,BEN_07999,Indiranagar,2020-05-13,11,0,0,0,1,0,0,0,0,0,0.0,0.354296,0,0.0,0,91,2,3,0.8053,0.1563,GREEN,30,Bengaluru
CLM0037232,BEN_08599,Marathahalli,2025-04-28,15,0,0,0,0,0,0,0,0,0,1.0,0.295551,0,0.0,0,224,3,0,0.241,0.0487,GREEN,42,Bengaluru
CLM0037233,BEN_01216,Whitefield,2019-07-16,7,0,0,0,0,0,0,0,0,0,0.0,0.192802,0,0.0,0,19,0,4,0.0947,0.0,GREEN,46,Bengaluru
CLM0037234,BEN_01803,Rajajinagar,2021-11-07,8,0,0,0,0,0,0,0,0,0,0.0,0.11988,0,0.0,0,139,3,3,0.05,0.0,GREEN,31,Bengaluru
CLM0037235,BEN_00648,Koramangala,2019-05-24,11,0,0,0,0,0,0,0,1,0,0.0,0.210338,0,0.0,0,55,0,2,0.98,0.096,GREEN,56,Bengaluru
CLM0037236,BEN_09737,Yelahanka,2025-11-18,8,0,0,0,0,1,0,0,0,0,0.0,0.060113,0,0.0,0,358,1,4,0.98,0.1053,GREEN,34,Bengaluru
CLM0037237,BEN_08572,Yelahanka,2025-05-03,17,0,0,0,0,0,1,0,0,0,0.0,0.339514,0,0.0,0,360,4,6,0.2663,0.0349,GREEN,43,Bengaluru
CLM0037238,BEN_02245,Rajajinagar,2024-08-06,10,0,0,0,0,0,0,0,0,0,0.0,1.0,0,0.0,0,254,4,0,0.6584,0.0,GREEN,40,Bengaluru
CLM0037239,BEN_08082,HSR Layout,2024-08-11,17,0,0,0,0,0,0,0,0,0,0.0,0.972608,0,1.0,0,64,1,5,0.3239,0.0,GREEN,46,Bengaluru
CLM0037240,BEN_01782,Jayanagar,2024-10-08,9,0,0,0,0,0,0,0,0,1,0.0,0.187757,0,0.0,0,150,0,2,0.6384,0.0866,GREEN,47,Bengaluru
CLM0037241,BEN_00195,Rajajinagar,2025-04-09,7,0,0,0,1,0,0,0,0,0,1.0,1.0,0,1.0,0,84,4,3,0.8954,0.1002,GREEN,55,Bengaluru
CLM0037242,BEN_05311,Koramangala,2025-12-25,7,0,0,0,0,0,0,0,1,0,0.0,0.108738,0,0.0,0,137,2,4,0.9789,0.0,GREEN,50,Bengaluru
CLM0037243,BEN_05544,Yelahanka,2024-04-21,17,0,0,0,0,0,0,0,0,0,1.0,0.317725,0,0.0,0,364,2,4,0.5061,0.0571,GREEN,57,Bengaluru
CLM0037244,BEN_01520,BTM Layout,2024-10-24,18,0,0,0,0,0,0,0,0,0,0.0,0.965896,0,0.0,0,52,4,2,0.8097,0.0,GREEN,43,Bengaluru
CLM0037245,BEN_05891,Indiranagar,2025-07-15,17,0,0,0,0,0,0,0,0,0,0.0,0.025076,1,0.0,0,420,4,5,0.05,0.1403,GREEN,53,Bengaluru
CLM0037246,BEN_02895,Jayanagar,2023-07-19,10,0,0,0,1,0,0,0,0,0,0.0,0.02253,0,0.0,0,73,0,4,0.6185,0.1388,GREEN,47,Bengaluru
CLM0037247,BEN_06291,Koramangala,2024-02-19,20,0,0,0,0,0,0,0,0,0,0.0,0.200716,1,0.0,0,144,1,5,0.8191,0.0652,GREEN,47,Bengaluru
CLM0037248,BEN_03043,HSR Layout,2024-05-07,17,0,0,0,1,0,0,0,0,0,0.0,0.243063,0,0.0,0,420,1,1,0.6926,0.16,GREEN,53,Bengaluru
CLM0037249,BEN_07763,Jayanagar,2023-08-19,18,0,0,0,0,0,0,0,0,0,0.0,0.297078,0,0.0,0,268,4,0,0.5251,0.0062,GREEN,42,Bengaluru
CLM0037250,BEN_02325,Jayanagar,2025-11-06,9,0,0,0,0,0,0,1,1,1,0.0,0.082911,0,0.0,0,420,2,0,0.6546,0.311,YELLOW,39,Bengaluru
CLM0037251,BEN_08814,Rajajinagar,2023-01-17,14,0,0,0,0,0,0,0,0,0,0.0,0.932304,0,0.0,0,140,3,2,0.6427,0.0,GREEN,32,Bengaluru
CLM0037252,BEN_05011,Indiranagar,2025-12-25,17,0,0,0,1,0,0,0,0,0,0.0,0.055057,0,0.0,0,218,2,2,0.7559,0.0806,GREEN,47,Bengaluru
CLM0037253,BEN_00422,BTM Layout,2025-08-28,14,0,0,0,0,0,0,0,0,1,0.0,0.068552,0,0.0,0,68,4,1,0.1264,0.1228,GREEN,46,Bengaluru
CLM0037254,BEN_08967,Rajajinagar,2024-01-04,18,0,0,0,1,0,1,0,0,0,0.0,0.39877,0,0.0,0,420,2,6,0.8183,0.2369,GREEN,51,Bengaluru
CLM0037255,BEN_05781,Jayanagar,2025-05-04,11,0,0,0,0,1,0,0,0,0,0.0,0.178245,0,0.0,0,84,3,3,0.8438,0.2099,GREEN,47,Bengaluru
CLM0037256,BEN_03068,Whitefield,2022-10-24,15,0,0,0,0,0,0,0,0,0,0.0,0.304998,0,0.0,0,66,1,4,0.0881,0.0834,GREEN,32,Bengaluru
CLM0037257,BEN_07499,BTM Layout,2022-06-01,20,0,0,0,1,1,0,1,1,1,1.0,0.247044,0,1.0,0,5,0,18,0.2634,0.0474,GREEN,53,Bengaluru
CLM0037258,BEN_01874,Indiranagar,2021-12-21,9,0,0,0,0,0,1,0,0,0,0.0,0.204794,0,0.0,0,420,1,7,0.7376,0.0,GREEN,24,Bengaluru
CLM0037259,BEN_04303,Electronic City,2025-11-14,14,0,0,0,0,0,0,0,0,0,0.0,0.324609,0,1.0,0,262,0,0,0.98,0.0112,GREEN,42,Bengaluru
CLM0037260,BEN_03292,Electronic City,2024-12-14,14,0,0,0,0,0,0,0,1,0,0.0,0.250421,0,0.0,0,237,2,1,0.6506,0.0797,GREEN,22,Bengaluru
CLM0037261,BEN_03633,Whitefield,2025-02-18,8,0,0,0,0,0,0,0,0,0,0.0,0.413166,0,0.0,0,420,1,3,0.98,0.0,GREEN,62,Bengaluru
CLM0037262,BEN_04396,Electronic City,2025-11-20,11,0,0,0,0,0,0,0,0,0,0.0,0.280902,1,0.0,0,139,4,0,0.289,0.0088,GREEN,33,Bengaluru
CLM0037263,BEN_07329,Electronic City,2025-06-23,13,0,0,0,1,0,0,0,0,0,0.0,0.128283,0,0.0,0,36,0,2,0.9251,0.2478,GREEN,41,Bengaluru
CLM0037264,BEN_00660,Whitefield,2024-05-03,14,0,0,0,0,0,0,0,0,0,0.0,0.038042,0,0.0,0,420,1,0,0.05,0.0,GREEN,28,Bengaluru
CLM0037265,BEN_09430,Electronic City,2021-01-16,17,0,0,0,0,0,0,0,0,0,1.0,0.0,0,0.0,0,99,3,2,0.9035,0.0797,GREEN,41,Bengaluru
CLM0037266,BEN_01025,BTM Layout,2025-08-25,20,0,0,0,0,0,0,0,0,0,0.0,0.109209,0,0.0,0,258,2,2,0.967,0.0,GREEN,31,Bengaluru
CLM0037267,BEN_04233,Jayanagar,2021-08-19,20,0,0,0,0,0,0,0,0,0,0.0,0.062227,0,0.0,0,125,1,3,0.9087,0.0,GREEN,56,Bengaluru
CLM0037268,BEN_09176,Whitefield,2024-02-01,9,0,0,0,0,0,0,1,0,0,0.0,0.24061,0,0.0,0,340,0,4,0.0846,0.0424,GREEN,44,Bengaluru
CLM0037269,BEN_00002,Electronic City,2022-08-12,20,0,0,0,0,0,0,0,0,0,0.0,0.284763,0,0.0,0,420,3,3,0.7361,0.0222,GREEN,44,Bengaluru
CLM0037270,BEN_07803,Koramangala,2024-01-30,9,0,0,0,0,0,1,0,0,0,0.0,0.184564,0,0.0,0,86,3,3,0.0935,0.105,GREEN,47,Bengaluru
CLM0037271,BEN_00898,Electronic City,2021-03-04,20,0,0,0,0,0,0,0,0,0,0.0,0.307096,0,0.0,0,253,0,1,0.5938,0.0258,GREEN,29,Bengaluru
CLM0037272,BEN_07302,Whitefield,2021-09-07,7,0,0,0,0,0,0,0,0,0,0.0,0.040407,0,0.0,0,263,1,6,0.6902,0.0,GREEN,34,Bengaluru
CLM0037273,BEN_02477,Whitefield,2017-10-11,8,0,0,0,0,0,0,0,0,0,0.0,0.274249,0,0.0,0,326,4,3,0.8845,0.0,GREEN,36,Bengaluru
CLM0037274,BEN_03064,Rajajinagar,2019-02-04,11,0,0,0,0,0,1,0,0,0,0.0,0.396736,0,0.0,0,341,3,0,0.5294,0.0401,GREEN,25,Bengaluru
CLM0037275,BEN_08584,Whitefield,2023-03-03,21,0,0,0,0,0,0,0,0,0,0.0,0.250008,0,0.0,0,234,4,1,0.7393,0.0934,GREEN,41,Bengaluru
CLM0037276,BEN_01476,BTM Layout,2017-07-15,21,0,0,0,0,0,1,1,0,0,0.0,0.42165,0,0.0,0,408,0,4,0.5992,0.2407,GREEN,58,Bengaluru
CLM0037277,BEN_03296,Electronic City,2024-12-25,18,0,0,0,0,0,0,0,0,0,0.0,0.103777,0,0.0,0,82,3,4,0.7073,0.1155,GREEN,41,Bengaluru
CLM0037278,BEN_03918,Marathahalli,2016-03-30,13,0,0,0,0,0,0,1,0,0,1.0,0.225915,0,0.0,0,207,1,0,0.8487,0.1489,GREEN,49,Bengaluru
CLM0037279,BEN_09366,Whitefield,2016-01-28,21,0,0,0,0,0,0,0,1,0,0.0,0.095264,0,0.0,0,118,0,1,0.8937,0.0834,GREEN,43,Bengaluru
CLM0037280,BEN_00655,HSR Layout,2025-08-21,7,0,0,0,0,0,0,0,1,0,0.0,0.237544,0,0.0,0,259,4,4,0.1083,0.1048,GREEN,40,Bengaluru
CLM0037281,BEN_01439,BTM Layout,2020-01-30,10,0,0,0,0,0,0,0,0,0,1.0,0.400834,0,0.0,0,410,4,1,0.5681,0.1152,GREEN,40,Bengaluru
CLM0037282,BEN_05068,BTM Layout,2020-01-06,18,0,0,0,0,1,0,0,0,1,0.0,0.0,0,0.0,1,129,1,0,0.5383,0.0243,GREEN,28,Bengaluru
CLM0037283,BEN_03395,Rajajinagar,2022-07-19,19,0,0,0,0,0,0,0,0,0,0.0,0.397983,0,0.0,0,283,0,0,0.466,0.0017,GREEN,26,Bengaluru
CLM0037284,BEN_07859,Whitefield,2025-04-15,14,0,1,1,0,0,0,0,0,0,0.0,0.985417,0,0.0,0,277,0,6,0.7774,0.0732,GREEN,32,Bengaluru
CLM0037285,BEN_01634,Koramangala,2021-03-06,13,0,0,0,0,0,0,0,1,0,0.0,0.204002,0,0.0,0,420,3,4,0.6822,0.098,GREEN,47,Bengaluru
CLM0037286,BEN_00030,Whitefield,2022-02-14,12,0,0,0,0,0,1,0,0,0,0.0,0.098329,1,0.0,0,420,3,0,0.8593,0.2013,GREEN,37,Bengaluru
CLM0037287,BEN_07433,Rajajinagar,2021-01-15,17,0,0,0,0,0,0,1,0,0,0.0,0.0,0,0.0,0,87,1,3,0.4218,0.1411,GREEN,28,Bengaluru
CLM0037288,BEN_03663,Koramangala,2020-06-20,19,0,0,0,0,0,0,0,0,0,1.0,0.381405,0,0.0,0,222,3,0,0.4739,0.0,GREEN,56,Bengaluru
CLM0037289,BEN_03085,Jayanagar,2024-08-29,10,0,0,0,0,0,0,0,0,0,0.0,0.291143,0,0.0,0,121,1,2,0.9104,0.0207,GREEN,49,Bengaluru
CLM0037290,BEN_05497,HSR Layout,2020-12-20,15,0,0,0,1,1,0,1,1,1,1.0,0.942426,0,0.0,0,9,0,18,0.1173,0.3286,YELLOW,38,Bengaluru
CLM0037291,BEN_05193,Electronic City,2025-08-09,12,0,0,0,0,0,0,0,0,0,0.0,0.096169,0,1.0,0,156,1,7,0.8016,0.0,GREEN,37,Bengaluru
CLM0037292,BEN_02598,Yelahanka,2024-12-31,7,0,0,0,0,0,0,0,0,0,0.0,0.41024,0,0.0,0,216,3,3,0.5509,0.0471,GREEN,45,Bengaluru
CLM0037293,BEN_00326,BTM Layout,2025-05-08,21,0,0,0,0,0,0,0,0,0,0.0,0.295006,0,0.0,0,404,0,1,0.5367,0.0111,GREEN,42,Bengaluru
CLM0037294,BEN_00583,HSR Layout,2025-03-05,18,0,0,0,0,0,0,0,1,0,0.0,0.407062,0,0.0,0,11,1,0,0.5104,0.1475,GREEN,45,Bengaluru
CLM0037295,BEN_09109,Yelahanka,2022-06-19,21,0,1,1,0,0,0,0,0,0,0.0,0.22673,0,0.0,0,24,2,5,0.8525,0.0,GREEN,35,Bengaluru
CLM0037296,BEN_02617,Koramangala,2024-07-18,20,0,1,1,0,0,0,0,0,0,0.0,0.0,0,0.0,0,183,0,4,0.6973,0.0194,GREEN,33,Bengaluru
CLM0037297,BEN_08474,HSR Layout,2022-07-05,8,0,0,0,0,0,0,1,0,0,0.0,0.433618,1,0.0,0,420,3,3,0.8419,0.1147,GREEN,38,Bengaluru
CLM0037298,BEN_06173,Yelahanka,2024-05-06,17,0,0,0,0,0,0,0,0,0,0.0,0.237663,0,0.0,0,83,2,2,0.8048,0.0358,GREEN,48,Bengaluru
CLM0037299,BEN_07515,HSR Layout,2023-02-04,9,0,1,1,0,0,0,0,0,0,1.0,0.144216,0,1.0,0,398,4,1,0.6179,0.0634,GREEN,41,Bengaluru
CLM0037300,BEN_05774,Electronic City,2023-10-17,7,0,0,0,0,0,0,0,1,0,1.0,0.032255,0,0.0,0,420,0,2,0.98,0.2862,GREEN,18,Bengaluru
CLM0037301,BEN_06352,Rajajinagar,2025-08-28,17,0,0,0,0,0,0,0,0,0,0.0,0.249973,0,0.0,0,112,2,1,0.8475,0.0,GREEN,43,Bengaluru
CLM0037302,BEN_03949,BTM Layout,2022-03-16,17,0,0,0,0,0,0,0,1,0,0.0,1.0,0,0.0,0,265,0,2,0.9385,0.1577,GREEN,43,Bengaluru
CLM0037303,BEN_04252,Koramangala,2025-06-27,17,0,0,0,0,0,0,0,0,0,0.0,0.372916,0,0.0,0,420,2,6,0.5928,0.0,GREEN,50,Bengaluru
CLM0037304,BEN_07471,BTM Layout,2024-08-12,12,0,0,0,0,0,0,0,0,0,0.0,0.213125,0,0.0,0,188,2,3,0.8089,0.0,GREEN,32,Bengaluru
CLM0037305,BEN_05279,Koramangala,2024-12-10,14,0,0,0,0,0,0,0,0,0,0.0,0.357244,0,0.0,0,125,3,3,0.5763,0.0594,GREEN,40,Bengaluru
CLM0037306,BEN_05739,BTM Layout,2024-06-07,16,0,0,0,0,0,0,0,0,0,0.0,0.249524,0,1.0,0,407,4,5,0.3362,0.098,GREEN,50,Bengaluru
CLM0037307,BEN_00539,Jayanagar,2025-01-25,14,0,0,0,0,0,0,0,0,0,0.0,0.176277,0,0.0,0,72,3,1,0.8641,0.0,GREEN,59,Bengaluru
CLM0037308,BEN_01484,BTM Layout,2024-09-21,12,0,0,0,0,0,1,1,0,0,0.0,0.078568,0,0.0,0,371,1,4,0.5874,0.0374,GREEN,25,Bengaluru
CLM0037309,BEN_04414,BTM Layout,2023-12-05,13,0,0,0,0,0,1,0,0,0,0.0,0.120233,0,0.0,0,28,1,2,0.05,0.1207,GREEN,29,Bengaluru
CLM0037310,BEN_08883,Jayanagar,2024-09-24,10,0,0,0,0,0,1,0,0,1,0.0,1.0,0,0.0,0,248,3,0,0.8795,0.1884,GREEN,18,Bengaluru
CLM0037311,BEN_04559,Jayanagar,2025-11-06,18,0,0,0,0,0,0,0,0,0,0.0,0.396289,0,0.0,0,420,1,5,0.5485,0.0,GREEN,47,Bengaluru
CLM0037312,BEN_01261,Koramangala,2025-01-31,12,0,0,0,0,0,0,0,0,0,0.0,0.122993,0,1.0,0,357,3,0,0.7309,0.0679,GREEN,43,Bengaluru
CLM0037313,BEN_06231,HSR Layout,2025-05-25,21,0,0,0,0,0,0,0,0,1,0.0,0.098234,0,0.0,0,308,2,4,0.5879,0.168,GREEN,45,Bengaluru
CLM0037314,BEN_09011,Indiranagar,2025-12-08,16,0,1,1,0,0,0,0,0,0,0.0,1.0,1,0.0,0,420,2,0,0.6214,0.1397,GREEN,60,Bengaluru
CLM0037315,BEN_03748,Indiranagar,2025-01-14,14,0,0,0,0,0,0,0,0,0,0.0,0.0,0,0.0,0,297,3,1,0.8342,0.0,GREEN,48,Bengaluru
CLM0037316,BEN_04699,BTM Layout,2024-12-26,17,0,0,0,0,0,0,0,0,0,0.0,0.023394,1,0.0,0,420,1,0,0.9412,0.0194,GREEN,41,Bengaluru
CLM0037317,BEN_00675,Jayanagar,2025-11-17,7,0,0,0,0,0,0,1,0,1,0.0,1.0,0,0.0,1,5,2,18,0.7285,0.0,GREEN,53,Bengaluru
CLM0037318,BEN_02399,Indiranagar,2025-02-20,14,0,0,0,0,0,0,0,0,0,0.0,0.012228,0,0.0,0,389,2,5,0.9057,0.0,GREEN,32,Bengaluru
CLM0037319,BEN_03965,Koramangala,2024-11-09,19,0,0,0,0,0,0,0,1,0,0.0,0.042822,0,0.0,0,317,3,0,0.7418,0.0672,GREEN,38,Bengaluru
CLM0037320,BEN_03570,Yelahanka,2020-11-04,8,0,0,0,0,0,0,0,1,0,0.0,0.323743,0,0.0,0,420,1,5,0.98,0.0705,GREEN,31,Bengaluru
CLM0037321,BEN_00386,Electronic City,2022-02-05,10,0,0,0,1,0,0,0,0,0,0.0,0.33685,0,0.0,0,103,2,4,0.6096,0.106,GREEN,27,Bengaluru
CLM0037322,BEN_07480,Koramangala,2024-08-04,11,0,0,0,0,0,0,0,0,0,0.0,0.287738,0,1.0,0,325,2,2,0.767,0.0222,GREEN,47,Bengaluru
CLM0037323,BEN_03865,HSR Layout,2020-05-30,20,0,0,0,0,0,0,0,0,0,0.0,0.264961,0,0.0,0,260,2,0,0.7733,0.2016,GREEN,27,Bengaluru
CLM0037324,BEN_07637,Jayanagar,2021-03-30,19,0,0,0,0,0,0,0,0,0,0.0,0.034405,0,0.0,0,309,4,1,0.6299,0.0,GREEN,51,Bengaluru
CLM0037325,BEN_03898,Marathahalli,2024-06-23,10,0,0,0,0,0,0,0,1,0,0.0,0.361068,0,0.0,0,160,2,2,0.8158,0.129,GREEN,54,Bengaluru
CLM0037326,BEN_05030,Koramangala,2021-12-15,8,0,0,0,1,1,1,0,0,1,1.0,0.313628,0,0.0,1,5,1,18,0.872,0.0209,GREEN,43,Bengaluru
CLM0037327,BEN_05792,HSR Layout,2024-11-29,19,0,0,0,0,1,0,0,0,0,1.0,0.972979,0,0.0,0,243,3,0,0.9071,0.272,GREEN,49,Bengaluru
CLM0037328,BEN_09269,Marathahalli,2023-12-30,7,0,0,0,0,0,0,0,0,0,0.0,1.0,0,0.0,0,420,4,1,0.9178,0.0054,GREEN,44,Bengaluru
CLM0037329,BEN_05709,Marathahalli,2021-06-30,11,0,0,0,0,0,1,0,0,0,0.0,0.164519,0,0.0,0,134,0,0,0.7726,0.1005,GREEN,51,Bengaluru
CLM0037330,BEN_03364,HSR Layout,2022-12-18,21,0,0,0,0,0,0,0,0,0,0.0,0.014159,1,0.0,0,379,1,2,0.4676,0.2147,GREEN,62,Bengaluru
CLM0037331,BEN_03952,Indiranagar,2024-08-16,15,0,0,0,0,0,0,0,0,0,0.0,0.17784,0,0.0,0,119,2,3,0.05,0.0,GREEN,42,Bengaluru
CLM0037332,BEN_06307,Koramangala,2021-01-30,15,0,0,0,0,0,0,0,0,0,0.0,0.12661,0,0.0,0,318,4,3,0.7985,0.0,GREEN,43,Bengaluru
CLM0037333,BEN_08192,Indiranagar,2021-09-20,20,0,1,1,0,0,0,0,0,0,0.0,0.18818,0,0.0,0,420,0,4,0.98,0.0,GREEN,46,Bengaluru
CLM0037334,BEN_03726,Yelahanka,2022-12-26,8,0,0,0,0,0,0,0,0,0,0.0,1.0,0,0.0,0,181,2,2,0.9424,0.0,GREEN,41,Bengaluru
CLM0037335,BEN_01248,Yelahanka,2021-12-22,10,0,0,0,0,0,1,0,0,0,0.0,1.0,0,0.0,0,344,1,0,0.828,0.0826,GREEN,50,Bengaluru
CLM0037336,BEN_06240,Koramangala,2022-12-21,9,0,0,0,0,0,0,0,1,0,0.0,0.045595,0,0.0,0,279,2,7,0.9426,0.1211,GREEN,62,Bengaluru
CLM0037337,BEN_06293,Whitefield,2025-10-01,16,0,0,0,0,0,0,0,0,0,0.0,0.029847,0,0.0,0,341,2,4,0.05,0.0656,GREEN,62,Bengaluru
CLM0037338,BEN_08875,Marathahalli,2024-11-12,20,0,0,0,0,0,1,0,0,0,1.0,0.107809,0,0.0,0,11,1,5,0.98,0.152,GREEN,45,Bengaluru
CLM0037339,BEN_02333,Rajajinagar,2025-11-10,16,0,0,0,0,0,0,0,0,0,0.0,0.222506,0,0.0,0,420,4,2,0.9187,0.0,GREEN,45,Bengaluru
CLM0037340,BEN_05198,Jayanagar,2023-09-27,15,0,0,0,0,0,0,0,0,0,0.0,1.0,0,0.0,0,314,3,1,0.8459,0.0,GREEN,65,Bengaluru
CLM0037341,BEN_08262,Koramangala,2023-10-11,20,0,0,0,0,0,0,0,0,0,0.0,0.340954,0,0.0,0,325,3,2,0.7036,0.0077,GREEN,49,Bengaluru
CLM0037342,BEN_01649,Electronic City,2021-10-21,7,0,0,0,0,0,0,0,1,0,0.0,0.066995,0,0.0,0,331,3,8,0.98,0.0487,GREEN,31,Bengaluru
CLM0037343,BEN_03559,BTM Layout,2016-05-04,8,0,1,1,0,0,0,0,0,0,0.0,0.199235,0,0.0,0,420,3,4,0.6735,0.0,GREEN,47,Bengaluru
CLM0037344,BEN_01161,Whitefield,2024-02-13,14,0,0,0,0,0,0,0,0,0,0.0,0.518252,0,0.0,0,347,4,0,0.904,0.03,GREEN,56,Bengaluru
CLM0037345,BEN_01031,Whitefield,2023-07-12,17,0,0,0,0,1,0,0,0,0,0.0,0.052656,0,0.0,1,114,0,3,0.5609,0.1403,GREEN,44,Bengaluru
CLM0037346,BEN_08967,Rajajinagar,2016-05-06,7,0,0,0,0,0,0,0,0,0,0.0,0.194855,0,0.0,0,84,2,1,0.7599,0.0,GREEN,51,Bengaluru
CLM0037347,BEN_07809,Electronic City,2021-12-01,17,0,0,0,0,0,0,0,0,0,0.0,0.242841,0,0.0,0,78,0,0,0.8276,0.0,GREEN,40,Bengaluru
CLM0037348,BEN_04065,BTM Layout,2023-12-24,10,0,0,0,0,0,0,0,0,0,1.0,0.369057,0,0.0,1,53,4,3,0.6179,0.292,GREEN,44,Bengaluru
CLM0037349,BEN_05172,BTM Layout,2022-09-06,21,0,0,0,0,0,0,0,0,0,1.0,0.027591,0,0.0,0,125,3,0,0.05,0.0461,GREEN,43,Bengaluru
CLM0037350,BEN_08119,HSR Layout,2025-10-14,8,0,0,0,0,0,0,1,0,0,0.0,0.344605,0,0.0,0,396,4,5,0.63,0.124,GREEN,30,Bengaluru
CLM0037351,BEN_06411,Yelahanka,2025-10-25,14,0,1,1,1,0,0,0,1,0,0.0,0.308598,0,1.0,0,420,0,9,0.628,0.2662,GREEN,51,Bengaluru
CLM0037352,BEN_01960,Marathahalli,2023-06-30,11,0,0,0,0,0,0,0,0,0,0.0,0.315851,0,0.0,0,351,0,0,0.6501,0.0874,GREEN,55,Bengaluru
CLM0037353,BEN_09151,Yelahanka,2024-03-05,8,0,0,0,0,0,0,0,0,0,0.0,0.225933,0,0.0,0,335,0,2,0.8077,0.0,GREEN,46,Bengaluru
CLM0037354,BEN_04045,Electronic City,2025-12-27,7,0,0,0,0,0,1,0,0,0,0.0,0.263418,0,0.0,0,420,4,0,0.7896,0.1538,GREEN,42,Bengaluru
CLM0037355,BEN_07917,Indiranagar,2023-03-13,12,0,0,0,0,0,0,0,1,0,0.0,0.047551,0,0.0,0,405,0,0,0.1085,0.0871,GREEN,33,Bengaluru
CLM0037356,BEN_08133,Yelahanka,2020-10-05,10,0,0,0,0,0,1,0,0,0,0.0,0.175624,0,0.0,1,59,0,2,0.0763,0.2057,GREEN,43,Bengaluru
CLM0037357,BEN_04400,Marathahalli,2022-05-24,8,0,0,0,0,0,0,0,0,0,1.0,1.0,0,1.0,0,134,3,5,0.7247,0.1189,GREEN,34,Bengaluru
CLM0037358,BEN_08413,Whitefield,2024-02-09,15,0,0,0,0,0,0,0,1,0,0.0,0.252071,0,0.0,0,230,0,2,0.6169,0.1139,GREEN,39,Bengaluru
CLM0037359,BEN_09411,Jayanagar,2024-05-28,19,0,0,0,0,0,0,0,0,0,0.0,0.318323,0,0.0,0,146,4,0,0.6325,0.0717,GREEN,35,Bengaluru
CLM0037360,BEN_05872,Marathahalli,2024-02-29,17,0,0,0,0,0,0,0,0,0,0.0,0.363623,0,0.0,0,360,4,2,0.98,0.0564,GREEN,38,Bengaluru
CLM0037361,BEN_09566,Electronic City,2023-06-09,11,0,0,0,0,0,0,0,0,1,0.0,0.023508,0,0.0,0,227,1,0,0.9559,0.0633,GREEN,47,Bengaluru
CLM0037362,BEN_06139,Yelahanka,2025-09-10,21,0,0,0,0,0,0,0,0,0,0.0,0.414689,0,0.0,0,420,1,3,0.1386,0.0205,GREEN,36,Bengaluru
CLM0037363,BEN_09216,Indiranagar,2023-12-06,16,0,0,0,0,0,0,0,0,0,0.0,0.378089,0,0.0,0,193,4,1,0.8424,0.0,GREEN,36,Bengaluru
CLM0037364,BEN_06449,HSR Layout,2018-11-04,20,0,0,0,1,1,0,1,1,0,0.0,1.0,1,0.0,1,5,2,18,0.0555,0.0155,GREEN,62,Bengaluru
CLM0037365,BEN_08499,Indiranagar,2021-11-03,8,0,0,0,0,0,0,0,0,0,0.0,0.356824,0,0.0,0,303,1,0,0.587,0.0,GREEN,25,Bengaluru
CLM0037366,BEN_09153,Rajajinagar,2020-02-24,14,0,0,0,0,0,0,0,0,0,1.0,0.195017,0,0.0,0,303,3,1,0.8064,0.0192,GREEN,51,Bengaluru
CLM0037367,BEN_01245,Jayanagar,2024-12-06,16,0,0,0,0,0,0,0,0,0,1.0,0.358604,0,0.0,0,317,0,2,0.7133,0.1029,GREEN,42,Bengaluru
CLM0037368,BEN_09730,Jayanagar,2020-05-21,21,0,0,0,0,0,0,0,0,0,0.0,0.33817,0,0.0,0,14,3,0,0.688,0.0363,GREEN,29,Bengaluru
CLM0037369,BEN_07754,Electronic City,2019-12-14,20,0,0,0,0,0,0,0,0,0,0.0,0.248433,0,0.0,0,126,2,0,0.9453,0.0821,GREEN,45,Bengaluru
CLM0037370,BEN_08875,Marathahalli,2023-07-08,14,0,0,0,1,1,0,0,0,0,0.0,0.0,0,0.0,0,369,4,3,0.887,0.3219,YELLOW,45,Bengaluru
CLM0037371,BEN_04636,HSR Layout,2025-02-20,10,0,0,0,0,0,0,0,0,0,0.0,1.0,0,0.0,0,69,2,0,0.5473,0.0,GREEN,59,Bengaluru
CLM0037372,BEN_07183,BTM Layout,2023-10-20,8,0,0,0,0,0,0,1,0,0,0.0,0.903438,0,0.0,0,386,3,0,0.98,0.0377,GREEN,41,Bengaluru
CLM0037373,BEN_05411,Marathahalli,2023-03-13,16,0,0,0,0,0,0,0,0,0,0.0,0.944055,0,0.0,0,44,0,3,0.0954,0.0053,GREEN,63,Bengaluru
CLM0037374,BEN_01366,Electronic City,2025-10-29,17,0,1,1,0,0,0,1,0,0,0.0,0.149194,0,0.0,0,127,1,6,0.4461,0.0612,GREEN,54,Bengaluru
CLM0037375,BEN_06806,Marathahalli,2023-02-22,16,0,0,0,0,0,0,0,0,0,0.0,0.330119,0,0.0,0,110,1,5,0.1611,0.0042,GREEN,46,Bengaluru
CLM0037376,BEN_01061,Yelahanka,2024-07-30,16,0,0,0,0,0,0,0,0,0,0.0,0.0,0,0.0,0,409,0,2,0.9594,0.0,GREEN,47,Bengaluru
CLM0037377,BEN_00620,Jayanagar,2025-06-23,7,0,0,0,0,0,0,0,0,0,1.0,0.027894,0,0.0,0,101,4,4,0.842,0.0708,GREEN,43,Bengaluru
CLM0037378,BEN_00479,Marathahalli,2017-07-12,21,0,0,0,0,0,0,0,0,0,0.0,0.056878,0,0.0,0,195,1,3,0.7116,0.0,GREEN,41,Bengaluru
CLM0037379,BEN_09632,Indiranagar,2023-09-04,16,0,0,0,0,0,0,0,0,0,0.0,0.0,0,0.0,0,371,3,0,0.9795,0.0,GREEN,45,Bengaluru
CLM0037380,BEN_00053,Yelahanka,2021-02-05,8,0,0,0,0,0,0,0,0,0,0.0,0.161642,0,0.0,0,418,4,0,0.8645,0.069,GREEN,60,Bengaluru
CLM0037381,BEN_06853,Whitefield,2017-04-25,16,0,0,0,0,0,0,0,0,0,0.0,0.392497,1,0.0,0,420,0,3,0.8497,0.0631,GREEN,35,Bengaluru
CLM0037382,BEN_06525,Rajajinagar,2022-04-06,20,0,0,0,0,0,0,0,0,0,0.0,0.953843,0,0.0,0,420,4,2,0.1919,0.0,GREEN,62,Bengaluru
CLM0037383,BEN_06958,Rajajinagar,2025-12-14,11,0,0,0,0,0,0,0,0,1,1.0,0.070668,0,0.0,0,90,3,2,0.9395,0.1963,GREEN,34,Bengaluru
CLM0037384,BEN_02730,Whitefield,2018-04-25,8,0,0,0,0,0,0,0,0,0,0.0,1.0,0,0.0,0,103,4,4,0.05,0.0014,GREEN,33,Bengaluru
CLM0037385,BEN_02395,BTM Layout,2016-09-23,18,0,0,0,0,0,0,0,0,0,0.0,0.340233,0,0.0,0,420,1,4,0.4645,0.0,GREEN,49,Bengaluru
CLM0037386,BEN_07813,Yelahanka,2019-03-25,16,0,0,0,0,0,0,0,0,0,1.0,0.076604,0,0.0,0,398,1,0,0.7622,0.0907,GREEN,40,Bengaluru
CLM0037387,BEN_06341,Marathahalli,2023-10-18,11,0,0,0,0,0,0,1,0,0,0.0,0.319434,0,0.0,0,140,2,4,0.8056,0.0871,GREEN,49,Bengaluru
CLM0037388,BEN_05185,Electronic City,2023-10-09,10,0,0,0,0,0,1,0,0,0,0.0,0.21756,0,0.0,0,402,2,2,0.6083,0.017,GREEN,31,Bengaluru
CLM0037389,BEN_00767,Rajajinagar,2017-05-23,9,0,0,0,0,0,0,0,0,0,0.0,0.283777,0,0.0,1,245,2,6,0.98,0.0472,GREEN,39,Bengaluru
CLM0037390,BEN_09517,Whitefield,2021-08-04,14,0,0,0,0,0,0,0,0,0,0.0,0.0,0,0.0,0,231,4,2,0.98,0.0574,GREEN,35,Bengaluru
CLM0037391,BEN_08561,Electronic City,2021-01-21,8,0,0,0,0,0,0,0,0,0,0.0,0.297631,0,0.0,0,420,2,5,0.5924,0.0302,GREEN,46,Bengaluru
CLM0037392,BEN_03672,Electronic City,2017-01-26,21,0,0,0,0,0,0,0,0,0,0.0,0.451585,0,0.0,0,146,2,1,0.0753,0.0336,GREEN,60,Bengaluru
CLM0037393,BEN_01544,Whitefield,2021-11-27,11,0,0,0,0,0,1,0,0,0,0.0,0.0,0,0.0,0,420,4,4,0.6072,0.2386,GREEN,49,Bengaluru
CLM0037394,BEN_08169,Jayanagar,2019-06-14,15,0,0,0,0,0,0,0,0,0,0.0,0.290011,0,0.0,1,286,2,0,0.5844,0.0089,GREEN,36,Bengaluru
CLM0037395,BEN_07334,Koramangala,2024-09-15,7,0,0,0,0,0,0,0,0,0,0.0,0.202298,0,0.0,0,420,3,3,0.6249,0.0,GREEN,51,Bengaluru
CLM0037396,BEN_05048,Whitefield,2025-12-18,16,0,1,1,0,0,0,0,0,0,0.0,0.121938,0,0.0,0,64,1,1,0.7996,0.0,GREEN,24,Bengaluru
CLM0037397,BEN_06274,BTM Layout,2025-11-19,10,0,0,0,0,0,0,0,0,0,1.0,0.300753,0,0.0,0,348,0,4,0.98,0.1842,GREEN,50,Bengaluru
CLM0037398,BEN_02075,Rajajinagar,2025-06-26,19,0,0,0,0,0,1,0,1,0,0.0,1.0,0,0.0,0,327,1,2,0.7714,0.215,GREEN,37,Bengaluru
CLM0037399,BEN_07101,Rajajinagar,2025-04-18,21,0,0,0,0,1,0,0,0,0,0.0,0.433297,1,0.0,0,162,3,3,0.7392,0.0,GREEN,66,Bengaluru
CLM0037400,BEN_02842,Jayanagar,2023-07-22,9,0,0,0,0,0,0,0,0,0,0.0,1.0,0,0.0,0,61,0,5,0.6529,0.0,GREEN,48,Bengaluru
CLM0037401,BEN_09239,Indiranagar,2025-10-12,20,0,0,0,0,0,0,0,0,1,0.0,0.251048,0,0.0,0,326,4,5,0.614,0.0677,GREEN,39,Bengaluru
CLM0037402,BEN_02431,Rajajinagar,2021-06-30,20,0,0,0,0,0,0,0,0,0,0.0,0.317156,0,0.0,0,102,1,6,0.6516,0.0,GREEN,51,Bengaluru
CLM0037403,BEN_04841,Koramangala,2023-02-08,10,0,0,0,0,0,0,0,0,0,0.0,0.279022,0,0.0,0,98,4,3,0.7874,0.02,GREEN,46,Bengaluru
CLM0037404,BEN_05285,Jayanagar,2017-05-21,11,0,0,0,0,0,0,0,0,0,0.0,0.236576,0,0.0,0,234,1,0,0.98,0.0,GREEN,53,Bengaluru
CLM0037405,BEN_03781,Electronic City,2016-01-19,16,0,0,0,0,0,0,0,1,0,0.0,1.0,0,0.0,0,380,3,4,0.8884,0.0118,GREEN,45,Bengaluru
CLM0037406,BEN_05978,Yelahanka,2019-10-31,16,0,0,0,0,0,0,0,0,0,1.0,0.960346,0,0.0,0,350,0,7,0.4564,0.1438,GREEN,52,Bengaluru
CLM0037407,BEN_02433,BTM Layout,2021-10-15,11,0,0,0,0,0,0,0,0,0,0.0,0.178045,0,0.0,0,169,4,2,0.6336,0.1044,GREEN,58,Bengaluru
CLM0037408,BEN_01067,Whitefield,2023-01-09,21,0,0,0,0,0,0,0,0,0,0.0,0.205559,0,0.0,0,191,3,4,0.8112,0.0,GREEN,40,Bengaluru
CLM0037409,BEN_00096,Marathahalli,2020-01-18,9,0,0,0,0,0,0,0,0,0,0.0,0.224261,0,0.0,0,401,1,5,0.8585,0.0461,GREEN,42,Bengaluru
CLM0037410,BEN_02874,HSR Layout,2022-06-19,19,0,0,0,0,0,0,0,0,0,0.0,0.385157,0,0.0,0,69,2,4,0.5126,0.0467,GREEN,58,Bengaluru
CLM0037411,BEN_00045,Rajajinagar,2022-08-30,21,0,0,0,0,0,0,0,0,1,0.0,0.361025,0,0.0,0,128,0,6,0.05,0.0457,GREEN,49,Bengaluru
CLM0037412,BEN_00321,Indiranagar,2016-09-24,8,0,0,0,0,0,0,0,0,0,0.0,0.236876,0,0.0,1,297,3,4,0.7532,0.1047,GREEN,41,Bengaluru
CLM0037413,BEN_01816,Whitefield,2019-01-21,17,0,0,0,0,0,0,0,0,0,0.0,0.129091,0,0.0,0,320,4,0,0.8527,0.0,GREEN,42,Bengaluru
CLM0037414,BEN_08370,BTM Layout,2020-12-29,12,0,0,0,0,0,0,0,0,0,0.0,0.095736,0,0.0,0,148,2,2,0.8367,0.0,GREEN,27,Bengaluru
CLM0037415,BEN_09788,HSR Layout,2024-06-15,19,0,0,0,0,0,0,0,0,0,1.0,1.0,0,0.0,0,65,1,0,0.6447,0.0878,GREEN,53,Bengaluru
CLM0037416,BEN_08093,Electronic City,2018-03-10,18,0,0,0,0,0,0,0,0,0,0.0,0.929706,0,0.0,0,420,1,1,0.7551,0.0229,GREEN,18,Bengaluru
CLM0037417,BEN_07654,Koramangala,2021-04-25,20,0,0,0,0,0,0,0,0,1,0.0,0.331081,0,1.0,0,57,2,7,0.9086,0.1233,GREEN,51,Bengaluru
CLM0037418,BEN_01754,Electronic City,2016-09-07,10,0,0,0,0,0,0,0,0,0,0.0,0.344218,0,0.0,0,420,2,6,0.0963,0.0,GREEN,49,Bengaluru
CLM0037419,BEN_00315,BTM Layout,2019-05-24,17,0,0,0,0,1,0,0,0,0,0.0,0.134464,0,0.0,0,372,3,0,0.05,0.1309,GREEN,52,Bengaluru
CLM0037420,BEN_05139,Marathahalli,2022-06-23,14,0,1,1,0,0,0,1,1,0,0.0,0.046075,0,0.0,0,257,4,4,0.2143,0.2406,GREEN,37,Bengaluru
CLM0037421,BEN_00817,Koramangala,2022-06-18,14,0,0,0,0,0,0,0,0,0,0.0,0.016953,1,0.0,1,420,1,5,0.8624,0.1437,GREEN,42,Bengaluru
CLM0037422,BEN_06519,Jayanagar,2020-03-15,18,0,0,0,0,0,0,0,1,0,0.0,0.268734,0,0.0,0,130,4,0,0.4314,0.0784,GREEN,42,Bengaluru
CLM0037423,BEN_02990,Jayanagar,2020-07-24,13,0,1,1,1,0,0,1,0,0,0.0,0.262631,0,0.0,0,169,4,3,0.9358,0.2282,GREEN,27,Bengaluru
CLM0037424,BEN_05699,Rajajinagar,2024-12-14,9,0,0,0,0,0,0,0,1,0,0.0,0.109045,0,0.0,0,15,0,0,0.8389,0.0751,GREEN,45,Bengaluru
CLM0037425,BEN_03136,HSR Layout,2018-08-25,17,0,0,0,0,0,0,0,0,0,1.0,0.179022,0,0.0,0,374,4,3,0.4102,0.0868,GREEN,58,Bengaluru
CLM0037426,BEN_04231,Indiranagar,2018-09-29,11,0,0,0,0,0,0,0,0,0,0.0,0.303044,0,1.0,0,142,3,0,0.4755,0.0513,GREEN,39,Bengaluru
CLM0037427,BEN_03078,Whitefield,2023-03-24,8,0,0,0,0,0,0,1,0,0,0.0,0.0,0,0.0,0,155,1,0,0.7002,0.0189,GREEN,50,Bengaluru
CLM0037428,BEN_02588,Rajajinagar,2021-08-09,16,0,0,0,1,0,0,0,0,0,0.0,0.099914,0,0.0,0,86,4,4,0.9674,0.1156,GREEN,26,Bengaluru
CLM0037429,BEN_02142,BTM Layout,2020-02-19,17,0,0,0,0,0,0,0,1,0,0.0,1.0,0,0.0,0,32,1,0,0.7401,0.0685,GREEN,41,Bengaluru
CLM0037430,BEN_02991,Rajajinagar,2022-06-25,9,0,0,0,0,0,0,0,0,0,0.0,0.419083,0,0.0,0,420,2,0,0.3177,0.0,GREEN,51,Bengaluru
CLM0037431,BEN_05000,BTM Layout,2024-12-07,20,0,0,0,0,0,0,0,0,0,0.0,0.0,0,0.0,0,420,2,4,0.9089,0.0,GREEN,18,Bengaluru
CLM0037432,BEN_04204,BTM Layout,2022-06-07,9,0,0,0,0,0,0,0,0,0,0.0,0.147227,0,0.0,0,379,1,0,0.7665,0.0265,GREEN,48,Bengaluru
CLM0037433,BEN_03258,Yelahanka,2024-12-18,17,0,1,1,0,0,0,0,0,0,1.0,1.0,0,1.0,0,310,3,3,0.7406,0.0607,GREEN,32,Bengaluru
CLM0037434,BEN_05525,BTM Layout,2021-08-04,17,0,0,0,0,0,0,0,0,0,0.0,1.0,0,0.0,0,93,2,0,0.0953,0.0664,GREEN,53,Bengaluru
CLM0037435,BEN_03230,Yelahanka,2024-01-20,10,0,0,0,0,0,0,0,1,0,0.0,0.115822,0,0.0,0,136,1,3,0.5261,0.1181,GREEN,42,Bengaluru
CLM0037436,BEN_08855,Jayanagar,2023-10-11,21,0,0,0,0,0,0,0,0,0,0.0,0.977599,1,0.0,0,418,4,0,0.616,0.0755,GREEN,52,Bengaluru
CLM0037437,BEN_00137,HSR Layout,2025-08-24,19,0,0,0,0,0,0,1,0,1,0.0,0.134268,0,0.0,0,283,3,5,0.7758,0.2293,GREEN,53,Bengaluru
CLM0037438,BEN_09806,Yelahanka,2025-06-24,10,0,0,0,1,0,0,1,1,1,1.0,0.365207,1,1.0,1,14,4,18,0.1608,0.1679,GREEN,58,Bengaluru
CLM0037439,BEN_00678,Indiranagar,2022-02-02,11,0,0,0,0,0,0,0,0,0,0.0,0.294535,0,0.0,0,282,0,0,0.9728,0.0041,GREEN,54,Bengaluru
CLM0037440,BEN_08780,Jayanagar,2024-04-11,10,0,0,0,1,0,0,1,1,0,0.0,0.202725,0,1.0,0,5,4,18,0.4925,0.0,GREEN,54,Bengaluru
CLM0037441,BEN_00270,Electronic City,2024-05-27,21,0,0,0,0,0,0,0,0,0,0.0,0.304204,0,0.0,0,236,1,0,0.9768,0.0,GREEN,34,Bengaluru
CLM0037442,BEN_00801,Electronic City,2022-11-19,15,0,0,0,0,0,0,0,0,0,1.0,0.225112,0,0.0,0,378,0,2,0.5507,0.2121,GREEN,44,Bengaluru
CLM0037443,BEN_04246,Indiranagar,2023-10-02,17,0,0,0,1,0,0,1,1,0,1.0,1.0,0,1.0,0,227,2,0,0.7047,0.28,GREEN,35,Bengaluru
CLM0037444,BEN_07930,Indiranagar,2021-05-11,17,0,0,0,0,0,0,0,0,0,0.0,0.295934,1,0.0,0,264,4,3,0.7399,0.0129,GREEN,56,Bengaluru
CLM0037445,BEN_06088,Jayanagar,2019-04-03,21,0,0,0,0,0,1,0,0,0,0.0,0.127624,0,0.0,0,420,2,1,0.9305,0.1155,GREEN,52,Bengaluru
CLM0037446,BEN_00670,BTM Layout,2023-07-19,12,0,0,0,0,1,0,0,0,0,0.0,0.248108,0,0.0,0,141,2,3,0.9015,0.1487,GREEN,45,Bengaluru
CLM0037447,BEN_04363,BTM Layout,2020-02-12,10,0,0,0,0,0,0,0,0,0,0.0,0.402894,0,0.0,0,5,1,2,0.6479,0.0457,GREEN,40,Bengaluru
CLM0037448,BEN_03365,Electronic City,2023-12-10,11,0,1,1,0,0,0,0,0,0,0.0,0.2322,0,0.0,0,420,2,4,0.5268,0.0,GREEN,50,Bengaluru
CLM0037449,BEN_02480,Electronic City,2025-06-09,19,0,0,0,0,0,0,0,0,0,0.0,0.11762,0,0.0,1,274,0,1,0.98,0.0837,GREEN,47,Bengaluru
CLM0037450,BEN_03158,Jayanagar,2021-02-09,15,0,0,0,0,0,0,0,0,0,0.0,0.967172,0,0.0,0,319,1,7,0.6804,0.0522,GREEN,38,Bengaluru
CLM0037451,BEN_07438,Koramangala,2023-08-07,14,0,0,0,0,0,0,0,0,0,1.0,0.951806,0,1.0,0,149,4,3,0.8653,0.0,GREEN,33,Bengaluru
CLM0037452,BEN_03534,Marathahalli,2024-08-02,21,0,0,0,0,0,0,0,0,0,0.0,0.276978,0,0.0,0,274,3,3,0.2482,0.0,GREEN,44,Bengaluru
CLM0037453,BEN_09636,Yelahanka,2023-09-02,11,0,0,0,0,0,0,1,0,0,0.0,0.140553,0,0.0,0,420,0,4,0.6873,0.1257,GREEN,45,Bengaluru
CLM0037454,BEN_05916,BTM Layout,2024-04-07,7,0,0,0,0,0,0,0,0,0,0.0,0.004718,0,0.0,0,203,3,4,0.61,0.0092,GREEN,43,Bengaluru
CLM0037455,BEN_04304,Marathahalli,2022-08-12,12,0,0,0,0,0,0,0,0,0,0.0,0.320285,0,0.0,0,25,0,2,0.98,0.0,GREEN,45,Bengaluru
CLM0037456,BEN_04742,HSR Layout,2025-02-13,10,0,0,0,0,0,0,0,0,0,0.0,0.080999,0,0.0,0,412,0,1,0.7741,0.0,GREEN,38,Bengaluru
CLM0037457,BEN_02501,HSR Layout,2025-11-27,10,0,0,0,0,0,0,0,0,0,0.0,0.122791,0,0.0,0,188,2,6,0.1803,0.0408,GREEN,44,Bengaluru
CLM0037458,BEN_09715,HSR Layout,2024-03-07,14,0,0,0,0,0,0,0,0,0,0.0,0.364658,0,0.0,0,197,2,1,0.8684,0.0,GREEN,33,Bengaluru
CLM0037459,BEN_04986,Jayanagar,2024-09-08,12,0,0,0,0,0,0,0,1,0,0.0,0.263186,0,0.0,0,415,1,3,0.4855,0.0801,GREEN,42,Bengaluru
CLM0037460,BEN_08887,Yelahanka,2025-05-09,16,0,0,0,0,0,0,0,0,0,0.0,0.340889,0,0.0,0,141,4,7,0.05,0.0,GREEN,41,Bengaluru
CLM0037461,BEN_02137,Marathahalli,2022-09-23,15,0,0,0,0,0,0,0,0,0,0.0,0.24902,0,0.0,0,81,2,4,0.7846,0.0,GREEN,49,Bengaluru
CLM0037462,BEN_07610,Rajajinagar,2025-03-25,11,0,0,0,0,0,0,0,0,0,1.0,0.259683,0,0.0,0,371,0,0,0.05,0.0486,GREEN,50,Bengaluru
CLM0037463,BEN_00999,Whitefield,2025-02-13,14,0,0,0,0,0,0,1,0,0,0.0,0.414918,0,0.0,0,420,2,3,0.821,0.0756,GREEN,47,Bengaluru
CLM0037464,BEN_06412,HSR Layout,2023-01-23,19,0,0,0,0,0,0,0,0,0,0.0,0.020971,1,0.0,0,350,0,5,0.7467,0.0011,GREEN,45,Bengaluru
CLM0037465,BEN_06549,Rajajinagar,2023-01-06,21,0,0,0,0,0,0,0,0,0,0.0,0.032964,0,0.0,0,231,0,0,0.8966,0.0015,GREEN,45,Bengaluru
CLM0037466,BEN_01062,Electronic City,2025-05-22,8,0,0,0,1,0,0,1,0,0,0.0,0.987076,0,0.0,0,305,0,4,0.98,0.198,GREEN,40,Bengaluru
CLM0037467,BEN_09460,BTM Layout,2025-06-26,8,0,0,0,0,0,0,0,0,0,1.0,0.44244,0,0.0,0,347,0,1,0.8464,0.0269,GREEN,37,Bengaluru
CLM0037468,BEN_08823,HSR Layout,2022-10-15,18,0,0,0,0,0,0,0,0,0,0.0,0.057342,0,0.0,0,324,1,2,0.9169,0.1026,GREEN,54,Bengaluru
CLM0037469,BEN_00611,Yelahanka,2023-08-30,17,0,1,1,0,0,0,0,0,0,0.0,0.186847,0,0.0,0,195,4,4,0.8363,0.064,GREEN,42,Bengaluru
CLM0037470,BEN_08047,Rajajinagar,2023-01-30,12,0,0,0,0,0,0,0,1,0,0.0,0.020718,0,0.0,0,229,4,5,0.8766,0.0948,GREEN,25,Bengaluru
CLM0037471,BEN_01175,Koramangala,2022-05-19,7,0,0,0,0,0,1,0,0,0,0.0,0.45813,0,0.0,0,332,3,2,0.6922,0.0443,GREEN,60,Bengaluru
CLM0037472,BEN_07613,BTM Layout,2024-06-11,12,0,0,0,0,0,0,0,0,0,0.0,0.091016,0,0.0,0,23,2,1,0.8625,0.0,GREEN,45,Bengaluru
CLM0037473,BEN_08134,HSR Layout,2025-08-20,21,0,1,1,0,1,1,1,1,1,1.0,1.0,0,1.0,1,5,2,18,0.05,0.0019,GREEN,48,Bengaluru
CLM0037474,BEN_00869,HSR Layout,2024-11-20,21,0,0,0,0,0,0,0,0,0,0.0,0.399801,0,0.0,0,283,0,4,0.5888,0.1505,GREEN,49,Bengaluru
CLM0037475,BEN_02898,Whitefield,2025-09-17,20,0,0,0,0,0,0,0,0,0,0.0,0.015469,0,0.0,0,420,2,0,0.6602,0.0583,GREEN,51,Bengaluru
CLM0037476,BEN_00970,HSR Layout,2021-11-08,8,0,0,0,0,0,0,0,0,0,0.0,0.266126,0,0.0,0,219,1,0,0.2652,0.0,GREEN,65,Bengaluru
CLM0037477,BEN_04458,Koramangala,2024-06-14,12,0,0,0,0,0,0,0,0,0,1.0,0.168415,1,0.0,0,82,3,3,0.6028,0.0801,GREEN,41,Bengaluru
CLM0037478,BEN_03196,Marathahalli,2023-09-20,9,0,0,0,0,0,0,0,0,0,0.0,0.052012,0,0.0,0,189,1,2,0.5712,0.0281,GREEN,60,Bengaluru
CLM0037479,BEN_00529,Marathahalli,2021-07-26,11,0,0,0,0,0,0,0,0,0,0.0,0.066867,0,0.0,0,175,2,6,0.4325,0.0,GREEN,29,Bengaluru
CLM0037480,BEN_04646,Rajajinagar,2021-05-08,16,0,0,0,0,0,0,0,1,0,0.0,0.185754,0,0.0,0,116,0,0,0.9158,0.1341,GREEN,28,Bengaluru
CLM0037481,BEN_05777,Marathahalli,2021-11-16,12,0,0,0,0,0,0,0,0,0,0.0,0.105298,0,0.0,0,118,1,2,0.5809,0.1258,GREEN,27,Bengaluru
CLM0037482,BEN_06940,Electronic City,2019-12-18,12,0,0,0,0,0,1,0,0,0,0.0,1.0,0,0.0,0,370,3,4,0.6803,0.0066,GREEN,63,Bengaluru
CLM0037483,BEN_07619,Marathahalli,2020-04-13,17,0,0,0,0,0,0,0,0,0,0.0,0.18141,0,0.0,0,51,2,1,0.7223,0.0072,GREEN,48,Bengaluru
CLM0037484,BEN_09360,Whitefield,2024-11-08,21,0,0,0,0,0,0,0,0,0,1.0,0.103103,0,0.0,0,113,0,2,0.7959,0.0906,GREEN,49,Bengaluru
CLM0037485,BEN_01473,Whitefield,2019-11-03,17,0,0,0,0,0,1,0,0,0,0.0,0.286474,0,0.0,0,405,4,0,0.1607,0.1343,GREEN,32,Bengaluru
CLM0037486,BEN_04706,HSR Layout,2023-09-05,15,0,0,0,0,0,0,0,0,0,0.0,0.410021,0,0.0,0,411,0,4,0.2688,0.0,GREEN,37,Bengaluru
CLM0037487,BEN_09788,HSR Layout,2021-04-22,14,0,1,1,0,0,0,0,0,0,1.0,0.066902,0,0.0,0,420,2,3,0.7348,0.1512,GREEN,53,Bengaluru
CLM0037488,BEN_00869,HSR Layout,2022-10-05,21,0,0,0,0,0,1,0,0,0,0.0,0.0,0,0.0,0,325,4,3,0.9089,0.1386,GREEN,49,Bengaluru
CLM0037489,BEN_00985,Whitefield,2021-11-28,11,0,0,0,0,0,0,0,0,0,0.0,0.039017,0,0.0,0,113,1,0,0.6702,0.0064,GREEN,52,Bengaluru
CLM0037490,BEN_04265,Koramangala,2025-08-06,17,0,0,0,0,0,0,0,0,0,0.0,0.427994,0,0.0,0,420,3,3,0.7866,0.0,GREEN,52,Bengaluru
CLM0037491,BEN_09507,Marathahalli,2021-09-03,21,0,0,0,0,0,1,1,1,1,0.0,0.409938,0,1.0,0,5,2,18,0.05,0.0066,GREEN,46,Bengaluru
CLM0037492,BEN_06181,Rajajinagar,2021-04-27,10,0,0,0,0,0,0,1,0,0,0.0,0.114457,0,0.0,0,306,3,3,0.8992,0.0894,GREEN,50,Bengaluru
CLM0037493,BEN_03167,Marathahalli,2022-10-21,20,0,0,0,0,0,0,0,0,0,0.0,0.150539,0,0.0,1,188,3,3,0.05,0.0,GREEN,60,Bengaluru
CLM0037494,BEN_06432,Electronic City,2018-01-23,13,0,0,0,0,0,0,0,0,0,0.0,0.229346,0,0.0,0,420,3,5,0.7274,0.0377,GREEN,58,Bengaluru
CLM0037495,BEN_06204,Indiranagar,2024-09-11,13,0,0,0,0,0,0,0,1,0,0.0,0.274079,0,0.0,0,349,2,3,0.1027,0.1111,GREEN,60,Bengaluru
CLM0037496,BEN_07857,HSR Layout,2024-07-31,15,0,0,0,0,0,0,0,0,0,0.0,0.151281,0,0.0,0,380,2,0,0.6178,0.057,GREEN,52,Bengaluru
CLM0037497,BEN_00159,Electronic City,2024-12-13,19,0,0,0,0,0,0,0,1,0,0.0,0.07645,0,0.0,0,104,2,0,0.98,0.1309,GREEN,50,Bengaluru
CLM0037498,BEN_04148,Yelahanka,2025-11-20,20,0,0,0,1,0,1,0,0,0,0.0,0.999858,0,0.0,0,420,3,4,0.717,0.1982,GREEN,44,Bengaluru
CLM0037499,BEN_07452,Electronic City,2024-01-09,12,0,1,1,0,0,0,0,0,0,0.0,0.25137,1,0.0,0,384,4,0,0.6923,0.0,GREEN,52,Bengaluru
CLM0037500,BEN_00241,Yelahanka,2025-09-15,10,0,0,0,0,0,0,0,0,0,0.0,0.24738,0,0.0,0,185,1,4,0.6346,0.0,GREEN,58,Bengaluru
CLM0037501,BEN_04929,Whitefield,2024-03-11,7,0,0,0,0,0,0,0,0,0,0.0,0.058815,1,0.0,0,415,0,0,0.839,0.1149,GREEN,61,Bengaluru
CLM0037502,BEN_06383,Marathahalli,2023-05-03,18,0,0,0,0,0,0,0,0,0,1.0,0.376613,1,0.0,0,291,3,1,0.7613,0.3096,GREEN,26,Bengaluru
CLM0037503,BEN_01615,BTM Layout,2025-08-05,8,0,0,0,0,0,0,0,0,0,0.0,0.203555,0,0.0,0,420,0,1,0.8368,0.0336,GREEN,42,Bengaluru
CLM0037504,BEN_06493,Yelahanka,2025-05-08,21,0,0,0,0,0,0,0,0,0,0.0,0.25509,0,0.0,0,162,1,3,0.6353,0.1029,GREEN,34,Bengaluru
CLM0037505,BEN_01516,Yelahanka,2025-11-28,19,0,0,0,0,0,0,0,0,0,0.0,0.410073,0,0.0,0,314,1,5,0.3171,0.0,GREEN,52,Bengaluru
CLM0037506,BEN_03967,BTM Layout,2018-01-23,16,0,0,0,1,0,0,0,0,0,0.0,0.307752,0,0.0,0,131,3,1,0.526,0.1797,GREEN,48,Bengaluru
CLM0037507,BEN_05796,Indiranagar,2023-06-14,13,0,0,0,0,1,1,0,0,0,0.0,0.0,0,0.0,0,174,4,0,0.7378,0.4029,YELLOW,43,Bengaluru
CLM0037508,BEN_04316,BTM Layout,2019-08-24,15,0,0,0,0,0,0,0,0,1,1.0,0.089372,0,0.0,0,5,0,0,0.8042,0.103,GREEN,46,Bengaluru
CLM0037509,BEN_06043,HSR Layout,2025-05-17,7,0,0,0,0,0,0,0,0,0,0.0,0.41752,0,0.0,0,400,2,2,0.6904,0.0651,GREEN,50,Bengaluru
CLM0037510,BEN_07644,Jayanagar,2024-07-18,8,0,0,0,0,0,0,0,0,0,0.0,0.200285,0,0.0,0,118,2,4,0.2647,0.0,GREEN,62,Bengaluru
CLM0037511,BEN_02233,BTM Layout,2025-04-13,21,0,0,0,0,0,1,1,0,0,0.0,0.126161,0,0.0,0,96,1,2,0.98,0.0,GREEN,30,Bengaluru
CLM0037512,BEN_05160,Rajajinagar,2024-09-26,18,0,0,0,0,0,0,1,1,1,1.0,0.425298,1,0.0,1,5,0,18,0.05,0.0405,GREEN,39,Bengaluru
CLM0037513,BEN_08612,Indiranagar,2025-09-11,18,0,0,0,0,0,1,1,0,0,0.0,1.0,0,0.0,0,50,4,1,0.511,0.0661,GREEN,25,Bengaluru
CLM0037514,BEN_02219,Indiranagar,2024-09-04,15,0,1,1,0,0,0,0,0,0,0.0,0.102397,0,0.0,0,128,1,0,0.4657,0.0,GREEN,53,Bengaluru
CLM0037515,BEN_01821,Indiranagar,2024-08-30,17,0,0,0,0,0,0,0,0,0,0.0,0.340002,0,0.0,0,384,1,4,0.5791,0.0,GREEN,42,Bengaluru
CLM0037516,BEN_03571,Rajajinagar,2024-11-19,12,0,0,0,0,0,0,0,0,0,0.0,0.104676,0,0.0,0,50,1,2,0.9483,0.0413,GREEN,61,Bengaluru
CLM0037517,BEN_08753,Rajajinagar,2025-07-16,7,0,0,0,0,0,0,0,1,0,0.0,0.142403,0,1.0,0,409,1,0,0.7479,0.2111,GREEN,31,Bengaluru
CLM0037518,BEN_04071,Rajajinagar,2025-03-09,15,0,0,0,0,0,0,0,0,0,0.0,0.183613,0,0.0,0,420,3,2,0.6977,0.0,GREEN,40,Bengaluru
CLM0037519,BEN_07300,Electronic City,2024-11-06,14,0,0,0,0,0,0,0,0,0,0.0,0.403233,0,0.0,0,165,3,0,0.2057,0.0,GREEN,43,Bengaluru
CLM0037520,BEN_00023,Jayanagar,2025-06-10,11,0,0,0,0,0,1,0,0,0,0.0,0.0,0,0.0,0,374,1,0,0.7552,0.0848,GREEN,23,Bengaluru
CLM0037521,BEN_06865,Yelahanka,2024-10-13,10,0,0,0,0,0,0,0,0,0,0.0,1.0,0,0.0,0,420,0,0,0.1136,0.0,GREEN,33,Bengaluru
CLM0037522,BEN_06442,Yelahanka,2024-10-25,14,0,0,0,0,0,0,0,0,0,1.0,0.211937,0,0.0,0,208,1,0,0.5291,0.0128,GREEN,50,Bengaluru
CLM0037523,BEN_04467,Yelahanka,2025-10-08,14,0,0,0,0,0,0,0,1,1,1.0,0.0,0,0.0,1,8,3,18,0.1207,0.0,GREEN,49,Bengaluru
CLM0037524,BEN_01913,Electronic City,2025-02-05,7,0,0,0,0,0,0,0,0,0,1.0,0.139118,0,0.0,0,74,1,5,0.7996,0.1559,GREEN,58,Bengaluru
CLM0037525,BEN_09530,Electronic City,2025-05-02,9,0,0,0,1,0,0,0,1,0,0.0,0.044387,0,0.0,0,270,3,3,0.6443,0.2845,GREEN,34,Bengaluru
CLM0037526,BEN_06498,Marathahalli,2025-01-01,12,0,0,0,0,0,0,0,0,0,0.0,0.201682,0,1.0,0,45,0,5,0.7458,0.0,GREEN,56,Bengaluru
CLM0037527,BEN_01408,Jayanagar,2024-12-13,21,0,0,0,0,0,0,1,0,0,1.0,0.177423,0,0.0,0,285,2,1,0.5321,0.007,GREEN,36,Bengaluru
CLM0037528,BEN_08001,Marathahalli,2023-07-02,18,0,1,1,1,0,1,1,0,0,0.0,0.388513,1,0.0,0,5,1,18,0.2162,0.4757,YELLOW,53,Bengaluru
CLM0037529,BEN_06515,Electronic City,2025-10-29,10,0,1,1,1,1,1,1,1,1,0.0,0.05405,0,0.0,1,5,0,18,0.8184,0.9184,RED,53,Bengaluru
CLM0037530,BEN_02226,Whitefield,2022-04-03,19,0,1,1,1,0,1,1,1,1,0.0,0.149639,1,0.0,1,22,1,18,0.8201,0.8622,RED,35,Bengaluru
CLM0037531,BEN_03010,Electronic City,2022-07-17,10,0,1,1,1,1,0,1,1,1,1.0,0.066191,0,0.0,0,5,0,18,0.2332,0.6606,RED,47,Bengaluru
CLM0037532,BEN_06232,Rajajinagar,2022-10-21,12,0,1,1,1,0,0,0,1,0,1.0,0.01689,1,0.0,1,5,2,18,0.1795,0.5891,YELLOW,39,Bengaluru
CLM0037533,BEN_03642,HSR Layout,2025-03-06,20,0,1,1,0,0,0,0,0,0,0.0,0.0,0,0.0,1,420,0,4,0.8637,0.5161,YELLOW,48,Bengaluru
CLM0037534,BEN_07094,HSR Layout,2025-10-21,10,0,1,1,1,0,0,0,0,0,1.0,0.299718,0,0.0,0,420,1,2,0.9674,0.4696,YELLOW,31,Bengaluru
CLM0037535,BEN_06247,Rajajinagar,2022-03-04,7,0,1,1,1,0,0,1,1,1,1.0,0.942383,1,1.0,1,26,1,18,0.8444,0.6538,RED,44,Bengaluru
CLM0037536,BEN_02519,Electronic City,2020-03-22,14,0,1,1,0,1,0,0,1,0,0.0,0.083674,0,0.0,1,12,0,18,0.98,0.4176,YELLOW,46,Bengaluru
CLM0037537,BEN_02791,Indiranagar,2020-10-07,14,0,1,1,1,1,1,0,1,1,0.0,0.895877,0,0.0,1,5,1,17,0.2424,0.8004,RED,52,Bengaluru
CLM0037538,BEN_04876,Electronic City,2022-08-28,7,0,1,1,1,0,1,1,0,0,1.0,0.997376,0,1.0,1,34,2,18,0.2125,0.5314,YELLOW,54,Bengaluru
CLM0037539,BEN_05374,Indiranagar,2025-03-22,20,0,1,1,1,0,0,1,1,0,1.0,1.0,1,0.0,1,5,1,18,0.05,0.5501,YELLOW,55,Bengaluru
CLM0037540,BEN_01142,BTM Layout,2024-08-23,14,0,0,0,0,0,0,0,0,0,0.0,0.123297,0,0.0,0,138,1,1,0.7944,0.0639,GREEN,35,Bengaluru
CLM0037541,BEN_07195,Marathahalli,2024-05-05,17,0,0,0,0,0,1,1,0,1,1.0,0.901751,0,1.0,0,13,1,18,0.8479,0.0483,GREEN,51,Bengaluru
CLM0037542,BEN_02609,Yelahanka,2025-04-22,7,0,0,0,0,0,0,0,0,0,0.0,0.920806,0,0.0,0,420,1,0,0.8333,0.0696,GREEN,36,Bengaluru
CLM0037543,BEN_00791,Electronic City,2024-05-01,12,0,0,0,0,0,0,1,1,0,0.0,0.024202,0,0.0,0,63,4,0,0.85,0.2238,GREEN,38,Bengaluru
CLM0037544,BEN_07812,Marathahalli,2025-05-22,12,0,0,0,0,0,0,0,0,0,0.0,0.093835,0,0.0,0,247,0,0,0.9513,0.0514,GREEN,50,Bengaluru
CLM0037545,BEN_05446,Yelahanka,2025-12-10,12,0,0,0,0,0,0,0,0,0,0.0,0.287438,1,1.0,0,340,3,5,0.2128,0.0021,GREEN,46,Bengaluru
CLM0037546,BEN_00585,BTM Layout,2025-01-17,9,0,0,0,0,0,0,0,0,0,0.0,0.263567,0,0.0,0,279,4,0,0.6102,0.0532,GREEN,44,Bengaluru
CLM0037547,BEN_00484,Koramangala,2025-02-18,15,0,0,0,0,0,0,0,0,0,1.0,1.0,0,1.0,0,295,1,3,0.6873,0.0,GREEN,28,Bengaluru
CLM0037548,BEN_04599,BTM Layout,2025-07-01,13,0,0,0,0,0,0,0,0,0,0.0,0.162563,0,0.0,0,107,2,6,0.49,0.0,GREEN,59,Bengaluru
CLM0037549,BEN_05466,Yelahanka,2018-08-09,7,0,0,0,0,0,1,0,0,0,0.0,0.399256,0,0.0,0,260,4,4,0.6947,0.1049,GREEN,36,Bengaluru
CLM0037550,BEN_08031,Whitefield,2025-07-05,19,0,0,0,0,0,0,0,0,0,0.0,0.0,0,0.0,0,420,4,3,0.05,0.0211,GREEN,50,Bengaluru
CLM0037551,BEN_05142,Koramangala,2019-11-20,19,0,0,0,0,0,0,0,0,0,0.0,0.045305,0,0.0,0,420,0,5,0.8437,0.0,GREEN,37,Bengaluru
CLM0037552,BEN_05241,BTM Layout,2021-05-14,12,0,0,0,0,0,0,0,0,0,0.0,0.317265,0,0.0,0,79,0,5,0.8811,0.0,GREEN,36,Bengaluru
CLM0037553,BEN_03178,Whitefield,2024-06-20,20,0,0,0,0,0,0,0,1,0,1.0,0.0,0,0.0,0,369,3,3,0.6373,0.1489,GREEN,54,Bengaluru
CLM0037554,BEN_09588,Whitefield,2024-09-07,12,0,0,0,0,0,0,0,0,0,0.0,0.340131,1,0.0,0,129,0,0,0.98,0.0,GREEN,52,Bengaluru
CLM0037555,BEN_05438,Jayanagar,2023-12-25,9,0,0,0,0,0,0,1,0,0,0.0,0.026484,0,0.0,0,20,1,0,0.7567,0.0,GREEN,69,Bengaluru
CLM0037556,BEN_09344,Marathahalli,2019-01-21,7,0,0,0,0,0,0,0,0,0,1.0,0.991529,1,1.0,0,90,2,0,0.9518,0.0322,GREEN,45,Bengaluru
CLM0037557,BEN_09614,Whitefield,2019-03-19,18,0,0,0,0,0,0,0,0,0,0.0,0.321565,0,0.0,0,218,0,2,0.3346,0.0205,GREEN,33,Bengaluru
CLM0037558,BEN_08007,Rajajinagar,2018-07-22,15,0,0,0,0,0,0,0,1,1,0.0,0.247037,0,0.0,0,216,2,1,0.6023,0.2684,GREEN,45,Bengaluru
CLM0037559,BEN_08380,Whitefield,2023-06-08,17,0,0,0,0,0,1,0,0,0,0.0,0.259958,0,0.0,0,328,1,1,0.7606,0.0495,GREEN,38,Bengaluru
CLM0037560,BEN_03808,BTM Layout,2025-06-01,19,0,0,0,0,0,0,0,0,0,1.0,0.177939,0,0.0,0,420,3,4,0.966,0.0533,GREEN,47,Bengaluru
CLM0037561,BEN_06185,Electronic City,2023-05-22,15,0,0,0,0,0,0,0,0,0,0.0,0.148562,0,0.0,0,245,0,0,0.5175,0.0,GREEN,26,Bengaluru
CLM0037562,BEN_00608,Electronic City,2023-08-17,14,0,1,1,0,0,0,0,0,0,0.0,0.258424,0,0.0,0,405,2,5,0.6239,0.0,GREEN,30,Bengaluru
CLM0037563,BEN_00081,Indiranagar,2024-10-02,21,0,0,0,1,0,0,0,1,0,1.0,1.0,0,1.0,0,420,4,7,0.6709,0.236,GREEN,63,Bengaluru
CLM0037564,BEN_06528,BTM Layout,2022-05-01,19,0,0,0,0,0,0,0,0,0,0.0,1.0,0,0.0,0,221,4,3,0.7989,0.0,GREEN,61,Bengaluru
CLM0037565,BEN_08129,Rajajinagar,2023-10-01,10,0,0,0,0,0,0,1,0,0,0.0,0.148194,0,0.0,0,88,0,2,0.433,0.1459,GREEN,37,Bengaluru
CLM0037566,BEN_06234,Electronic City,2024-11-16,14,0,0,0,0,0,0,0,0,0,0.0,0.104355,0,0.0,0,121,1,5,0.7458,0.1504,GREEN,43,Bengaluru
CLM0037567,BEN_02094,Jayanagar,2023-12-10,17,0,1,1,0,0,0,0,0,0,0.0,0.126806,0,0.0,0,230,2,4,0.2802,0.0514,GREEN,43,Bengaluru
CLM0037568,BEN_08608,Jayanagar,2024-03-08,8,0,0,0,0,0,0,0,0,0,0.0,0.329502,0,0.0,0,57,2,6,0.5723,0.0409,GREEN,54,Bengaluru
CLM0037569,BEN_01081,Whitefield,2022-10-11,7,0,0,0,0,0,0,0,0,0,0.0,0.117835,0,0.0,0,420,3,2,0.695,0.0,GREEN,44,Bengaluru
CLM0037570,BEN_07387,Whitefield,2025-04-03,21,0,1,1,0,0,0,0,0,0,0.0,0.14107,0,0.0,0,331,3,4,0.7445,0.0,GREEN,31,Bengaluru
CLM0037571,BEN_04145,Marathahalli,2024-08-07,8,0,0,0,0,0,0,0,0,0,0.0,1.0,0,0.0,1,420,3,0,0.845,0.1128,GREEN,62,Bengaluru
CLM0037572,BEN_01934,Marathahalli,2023-09-03,15,0,0,0,0,0,0,0,0,0,1.0,1.0,1,1.0,0,75,1,1,0.8005,0.1366,GREEN,49,Bengaluru
CLM0037573,BEN_03097,HSR Layout,2022-04-18,15,0,0,0,1,0,0,0,0,0,0.0,0.331621,0,1.0,0,420,4,4,0.0712,0.2528,GREEN,35,Bengaluru
CLM0037574,BEN_01710,Koramangala,2025-10-23,18,0,0,0,0,0,0,0,0,0,0.0,0.0,0,1.0,0,154,3,6,0.7374,0.1173,GREEN,36,Bengaluru
CLM0037575,BEN_07703,HSR Layout,2023-12-22,17,0,0,0,0,0,0,0,0,0,0.0,0.204647,0,0.0,0,395,2,2,0.6025,0.1255,GREEN,48,Bengaluru
CLM0037576,BEN_06886,Marathahalli,2024-09-05,17,0,0,0,0,0,0,0,0,1,0.0,0.270267,0,0.0,0,27,2,3,0.627,0.1782,GREEN,49,Bengaluru
CLM0037577,BEN_07438,Koramangala,2022-07-03,10,0,1,1,0,0,0,0,0,0,0.0,0.0,0,1.0,0,256,3,0,0.9235,0.0,GREEN,33,Bengaluru
CLM0037578,BEN_03350,Rajajinagar,2025-03-24,20,0,0,0,0,0,0,0,0,0,0.0,0.238009,0,0.0,0,232,1,3,0.628,0.1968,GREEN,56,Bengaluru
CLM0037579,BEN_07146,Yelahanka,2024-01-12,13,0,1,1,0,0,0,0,1,0,0.0,1.0,0,0.0,0,376,3,1,0.2216,0.0152,GREEN,18,Bengaluru
CLM0037580,BEN_08508,Electronic City,2023-08-11,18,0,0,0,0,0,0,0,0,0,0.0,0.114328,0,0.0,0,420,0,2,0.98,0.0068,GREEN,41,Bengaluru
CLM0037581,BEN_08470,HSR Layout,2023-02-23,7,0,0,0,0,0,0,0,0,0,0.0,0.232286,0,0.0,0,255,4,4,0.5324,0.0,GREEN,32,Bengaluru
CLM0037582,BEN_07449,Yelahanka,2024-02-21,8,0,0,0,0,0,0,0,0,0,0.0,0.994743,0,0.0,0,393,4,1,0.8974,0.0294,GREEN,46,Bengaluru
CLM0037583,BEN_00998,Electronic City,2023-06-27,8,0,0,0,0,0,0,0,0,0,0.0,0.262093,0,0.0,0,420,4,4,0.6104,0.0,GREEN,44,Bengaluru
CLM0037584,BEN_07818,HSR Layout,2025-04-18,9,0,0,0,0,0,0,0,0,0,1.0,0.171329,0,1.0,0,205,2,1,0.578,0.0,GREEN,48,Bengaluru
CLM0037585,BEN_08391,HSR Layout,2024-08-22,13,0,0,0,0,0,0,0,1,0,0.0,0.039499,0,0.0,0,292,1,3,0.8378,0.118,GREEN,58,Bengaluru
CLM0037586,BEN_02744,BTM Layout,2022-09-21,20,0,0,0,1,1,1,1,1,1,1.0,0.950292,1,1.0,0,5,4,18,0.1763,0.1587,GREEN,40,Bengaluru
CLM0037587,BEN_03459,Yelahanka,2022-10-26,10,0,0,0,0,0,1,0,0,0,0.0,0.238679,0,0.0,0,59,3,0,0.511,0.2367,GREEN,51,Bengaluru
CLM0037588,BEN_04567,Koramangala,2020-10-14,13,0,0,0,0,0,1,0,0,0,0.0,0.317435,0,0.0,0,200,4,0,0.9795,0.0356,GREEN,48,Bengaluru
CLM0037589,BEN_06632,Whitefield,2024-01-10,18,0,0,0,0,0,0,0,0,1,0.0,0.183601,0,0.0,0,255,4,5,0.8642,0.0351,GREEN,29,Bengaluru
CLM0037590,BEN_07446,BTM Layout,2023-04-03,21,0,1,1,0,0,1,0,0,0,0.0,0.120903,0,0.0,0,151,4,0,0.5366,0.0348,GREEN,58,Bengaluru
CLM0037591,BEN_07602,Indiranagar,2021-05-18,19,0,0,0,0,0,0,0,0,0,0.0,0.332691,0,1.0,0,243,0,1,0.7746,0.0,GREEN,51,Bengaluru
CLM0037592,BEN_09039,Yelahanka,2016-08-19,15,0,0,0,0,0,0,0,0,0,0.0,0.047073,0,0.0,0,108,1,0,0.4072,0.0244,GREEN,41,Bengaluru
CLM0037593,BEN_02267,Jayanagar,2015-10-25,15,0,0,0,0,0,0,0,0,0,0.0,0.205299,0,0.0,0,415,4,3,0.5107,0.0,GREEN,40,Bengaluru
CLM0037594,BEN_05385,HSR Layout,2025-08-03,12,0,0,0,0,0,0,0,0,0,0.0,0.091111,0,0.0,0,225,3,2,0.6035,0.0467,GREEN,36,Bengaluru
CLM0037595,BEN_01893,Marathahalli,2021-05-06,7,0,0,0,0,0,0,0,0,0,0.0,0.05801,0,0.0,0,420,1,3,0.2865,0.0,GREEN,52,Bengaluru
CLM0037596,BEN_07279,Koramangala,2018-07-08,18,0,0,0,0,0,0,0,1,0,0.0,1.0,0,0.0,0,285,2,4,0.7774,0.0388,GREEN,35,Bengaluru
CLM0037597,BEN_03992,Yelahanka,2020-10-31,18,0,0,0,0,0,0,0,0,0,0.0,0.225557,0,0.0,0,108,3,4,0.8886,0.0,GREEN,50,Bengaluru
CLM0037598,BEN_03702,BTM Layout,2024-06-02,7,0,0,0,1,0,1,0,1,0,0.0,0.140701,0,0.0,1,283,4,0,0.0938,0.4718,YELLOW,44,Bengaluru
CLM0037599,BEN_03983,Marathahalli,2015-07-21,7,0,0,0,0,0,0,1,0,0,0.0,0.363188,0,0.0,0,220,4,2,0.8739,0.1006,GREEN,56,Bengaluru
CLM0037600,BEN_06880,Marathahalli,2024-01-07,13,0,0,0,1,0,0,0,0,0,0.0,0.326104,1,0.0,0,347,4,7,0.2271,0.1517,GREEN,41,Bengaluru
CLM0037601,BEN_08586,Jayanagar,2021-09-13,21,0,0,0,0,0,0,1,0,0,1.0,0.938681,0,1.0,0,56,1,0,0.6867,0.1467,GREEN,51,Bengaluru
CLM0037602,BEN_04259,BTM Layout,2023-04-14,10,0,0,0,0,0,0,0,0,0,0.0,0.26342,0,0.0,0,297,4,0,0.6185,0.0241,GREEN,59,Bengaluru
CLM0037603,BEN_06191,Whitefield,2024-03-23,21,0,0,0,0,0,0,0,0,0,0.0,0.243862,0,0.0,0,420,0,1,0.5491,0.0,GREEN,53,Bengaluru
CLM0037604,BEN_04141,Koramangala,2024-10-02,18,0,0,0,1,1,1,1,0,0,0.0,0.091664,1,0.0,0,7,3,13,0.9107,0.023,GREEN,33,Bengaluru
CLM0037605,BEN_04097,Indiranagar,2017-08-23,11,0,0,0,0,0,0,1,0,0,0.0,0.334084,0,0.0,0,115,1,3,0.732,0.1269,GREEN,57,Bengaluru
CLM0037606,BEN_09053,Electronic City,2024-09-07,12,0,0,0,0,0,0,0,0,0,1.0,0.09977,0,0.0,0,296,4,2,0.5162,0.0051,GREEN,43,Bengaluru
CLM0037607,BEN_06337,BTM Layout,2022-10-02,13,0,0,0,0,1,0,0,0,0,1.0,0.257689,0,0.0,0,243,4,2,0.7537,0.117,GREEN,37,Bengaluru
CLM0037608,BEN_04314,Whitefield,2020-10-01,15,0,0,0,0,0,0,0,0,1,1.0,0.212168,0,1.0,0,420,1,0,0.9604,0.1418,GREEN,54,Bengaluru
CLM0037609,BEN_01095,Jayanagar,2025-12-21,18,0,0,0,0,0,0,0,0,0,0.0,0.0,0,0.0,0,298,3,1,0.9115,0.0077,GREEN,57,Bengaluru
CLM0037610,BEN_09857,Koramangala,2020-11-12,16,1,0,0,0,0,0,1,0,0,0.0,0.094332,0,0.0,0,168,3,9,0.956,0.1643,GREEN,43,Bengaluru
CLM0037611,BEN_09130,Rajajinagar,2023-11-07,9,0,0,0,0,0,0,0,0,0,0.0,1.0,0,0.0,0,418,2,0,0.5961,0.0118,GREEN,24,Bengaluru
CLM0037612,BEN_04613,Yelahanka,2017-11-14,7,0,0,0,0,0,0,0,0,0,0.0,0.0,0,0.0,0,119,4,1,0.7168,0.1374,GREEN,48,Bengaluru
CLM0037613,BEN_07021,Koramangala,2025-08-03,10,0,0,0,0,0,0,0,0,0,0.0,0.207519,0,0.0,0,186,0,0,0.118,0.0197,GREEN,47,Bengaluru
CLM0037614,BEN_06652,Koramangala,2023-05-04,9,0,1,1,0,0,0,0,0,0,0.0,0.133587,0,0.0,0,13,4,4,0.067,0.0142,GREEN,56,Bengaluru
CLM0037615,BEN_08342,Koramangala,2024-12-12,13,0,0,0,0,0,0,0,0,0,0.0,0.127922,0,0.0,0,243,2,5,0.6444,0.0255,GREEN,39,Bengaluru
CLM0037616,BEN_03868,Indiranagar,2024-07-31,17,0,0,0,0,0,0,0,0,0,0.0,0.0,0,1.0,0,348,4,1,0.05,0.0349,GREEN,48,Bengaluru
CLM0037617,BEN_09103,Jayanagar,2024-04-22,19,0,0,0,0,0,0,0,0,0,0.0,1.0,0,0.0,0,282,4,6,0.6155,0.0,GREEN,42,Bengaluru
CLM0037618,BEN_02708,Koramangala,2023-10-01,19,0,0,0,0,0,0,0,0,1,1.0,1.0,0,1.0,0,238,1,8,0.5356,0.1248,GREEN,32,Bengaluru
CLM0037619,BEN_09767,Jayanagar,2020-10-05,18,0,0,0,0,0,1,1,0,0,0.0,0.203826,0,0.0,0,168,0,3,0.8582,0.1926,GREEN,39,Bengaluru
CLM0037620,BEN_02051,Jayanagar,2025-03-16,19,0,0,0,1,1,0,1,1,1,1.0,0.85743,1,1.0,0,5,4,18,0.2274,0.133,GREEN,47,Bengaluru
CLM0037621,BEN_07569,Jayanagar,2023-01-25,14,0,0,0,0,0,0,0,0,0,0.0,0.439862,0,0.0,0,413,4,0,0.7917,0.0,GREEN,43,Bengaluru
CLM0037622,BEN_02304,Jayanagar,2025-10-06,7,0,0,0,0,1,0,0,0,0,0.0,0.0,0,0.0,0,274,1,6,0.8456,0.0753,GREEN,52,Bengaluru
CLM0037623,BEN_03808,BTM Layout,2021-11-17,17,0,0,0,0,0,0,0,0,0,0.0,0.258624,0,0.0,0,301,3,3,0.2949,0.0016,GREEN,47,Bengaluru
CLM0037624,BEN_06798,Indiranagar,2024-09-13,10,0,1,1,0,0,1,0,0,1,0.0,0.363538,0,0.0,0,336,0,7,0.6736,0.2084,GREEN,32,Bengaluru
CLM0037625,BEN_09449,Whitefield,2024-03-10,20,0,0,0,1,0,0,1,0,0,1.0,0.289807,0,1.0,0,420,2,6,0.0848,0.369,YELLOW,44,Bengaluru
CLM0037626,BEN_06763,HSR Layout,2022-08-16,14,0,0,0,0,0,0,0,0,0,0.0,0.317813,0,0.0,0,258,3,4,0.6653,0.0,GREEN,58,Bengaluru
CLM0037627,BEN_05435,Indiranagar,2025-04-25,14,0,0,0,0,0,0,0,0,0,0.0,0.317351,0,0.0,0,281,0,3,0.2018,0.0,GREEN,58,Bengaluru
CLM0037628,BEN_03017,Indiranagar,2023-12-01,8,0,0,0,0,0,0,0,0,0,1.0,0.994487,1,1.0,0,55,4,0,0.6477,0.162,GREEN,38,Bengaluru
CLM0037629,BEN_07924,Whitefield,2024-11-25,20,0,0,0,0,0,0,0,0,0,1.0,0.015262,0,0.0,1,364,4,1,0.7214,0.0939,GREEN,48,Bengaluru
CLM0037630,BEN_06511,Koramangala,2025-06-26,17,0,0,0,0,0,1,0,0,0,0.0,1.0,0,0.0,1,60,0,1,0.83,0.2665,GREEN,41,Bengaluru
CLM0037631,BEN_02191,Marathahalli,2024-04-06,8,0,0,0,0,0,0,0,0,0,0.0,0.320013,0,0.0,0,28,3,0,0.1828,0.0,GREEN,37,Bengaluru
CLM0037632,BEN_03486,Jayanagar,2025-04-24,11,0,0,0,0,0,0,0,0,0,0.0,0.214839,0,0.0,0,420,1,0,0.6715,0.0,GREEN,36,Bengaluru
CLM0037633,BEN_03309,Indiranagar,2024-01-16,7,0,0,0,0,0,1,0,0,0,0.0,0.363208,0,0.0,0,267,4,0,0.7058,0.1136,GREEN,45,Bengaluru
CLM0037634,BEN_08793,Marathahalli,2025-01-05,21,0,0,0,0,0,0,0,0,0,0.0,0.35789,0,0.0,0,420,2,0,0.98,0.0016,GREEN,18,Bengaluru
CLM0037635,BEN_01895,Whitefield,2025-10-10,18,0,0,0,0,0,0,0,0,0,0.0,0.038499,0,0.0,0,27,0,0,0.7843,0.0,GREEN,49,Bengaluru
CLM0037636,BEN_07252,Electronic City,2025-06-25,16,0,0,0,0,0,0,0,0,0,1.0,0.243441,0,0.0,0,148,4,3,0.5235,0.0739,GREEN,46,Bengaluru
CLM0037637,BEN_09962,Yelahanka,2024-03-02,16,0,0,0,0,0,0,0,0,0,0.0,0.340794,0,0.0,1,420,3,3,0.98,0.0592,GREEN,45,Bengaluru
CLM0037638,BEN_00224,Electronic City,2025-12-25,19,0,0,0,0,0,0,0,0,0,0.0,0.41093,0,0.0,0,224,3,0,0.9339,0.0385,GREEN,35,Bengaluru
CLM0037639,BEN_05736,Electronic City,2022-01-30,19,0,0,0,0,0,0,0,0,0,0.0,0.338948,0,0.0,0,393,4,0,0.5945,0.0,GREEN,53,Bengaluru
CLM0037640,BEN_06541,HSR Layout,2025-07-06,7,0,0,0,0,1,1,0,1,0,0.0,0.879397,1,0.0,0,5,0,18,0.1857,0.0946,GREEN,59,Bengaluru
CLM0037641,BEN_03769,Jayanagar,2023-08-22,10,0,0,0,0,0,1,0,0,0,0.0,0.414565,0,0.0,0,167,0,4,0.5389,0.0615,GREEN,49,Bengaluru
CLM0037642,BEN_05495,Yelahanka,2022-03-28,9,0,0,0,0,0,0,0,0,0,0.0,0.173709,0,0.0,0,347,0,0,0.9163,0.0969,GREEN,18,Bengaluru
CLM0037643,BEN_05449,Marathahalli,2024-10-03,7,0,0,0,0,0,0,0,0,0,0.0,0.083919,0,0.0,0,409,3,0,0.908,0.0,GREEN,46,Bengaluru
CLM0037644,BEN_09382,Marathahalli,2025-10-17,16,0,0,0,1,0,0,0,0,0,0.0,0.165825,0,0.0,0,68,3,3,0.5978,0.1488,GREEN,47,Bengaluru
CLM0037645,BEN_01468,Jayanagar,2024-08-16,14,0,0,0,0,0,1,1,0,1,0.0,0.215476,1,0.0,0,20,0,18,0.98,0.0844,GREEN,41,Bengaluru
CLM0037646,BEN_05439,Electronic City,2024-03-08,17,0,0,0,0,1,0,0,0,0,0.0,0.345789,0,0.0,0,62,3,3,0.4155,0.0983,GREEN,23,Bengaluru
CLM0037647,BEN_01016,Electronic City,2024-09-06,18,0,0,0,1,1,1,0,1,1,0.0,0.119498,1,0.0,0,33,3,18,0.8056,0.1369,GREEN,34,Bengaluru
CLM0037648,BEN_05162,Koramangala,2024-09-25,19,0,0,0,0,0,0,0,1,0,0.0,0.946353,0,0.0,0,380,2,0,0.5092,0.0898,GREEN,68,Bengaluru
CLM0037649,BEN_03620,Rajajinagar,2025-10-02,17,0,0,0,0,0,1,0,0,0,0.0,0.104806,0,0.0,0,96,0,2,0.826,0.0794,GREEN,60,Bengaluru
CLM0037650,BEN_07501,Marathahalli,2024-09-23,20,0,0,0,0,0,0,0,0,0,0.0,0.263699,0,0.0,0,146,3,0,0.1807,0.0,GREEN,52,Bengaluru
CLM0037651,BEN_09206,Koramangala,2025-07-08,13,0,0,0,0,0,0,0,1,0,0.0,0.109359,0,1.0,0,420,3,4,0.9654,0.1702,GREEN,32,Bengaluru
CLM0037652,BEN_08803,Electronic City,2024-05-26,19,0,0,0,0,0,0,0,0,0,0.0,0.364388,0,0.0,0,293,4,4,0.9607,0.0183,GREEN,50,Bengaluru
CLM0037653,BEN_06091,Whitefield,2020-05-01,8,0,0,0,0,0,0,0,1,0,1.0,0.0,1,0.0,0,207,4,3,0.9118,0.2396,GREEN,32,Bengaluru
CLM0037654,BEN_05735,Whitefield,2018-04-30,19,0,0,0,0,0,0,0,0,0,1.0,0.259176,0,0.0,0,420,4,0,0.7758,0.0136,GREEN,32,Bengaluru
CLM0037655,BEN_06118,Jayanagar,2017-02-16,9,0,0,0,0,0,0,0,0,0,1.0,0.075258,0,0.0,0,191,3,5,0.1717,0.1066,GREEN,49,Bengaluru
CLM0037656,BEN_02491,Marathahalli,2024-09-26,13,0,0,0,0,0,0,0,0,0,0.0,0.255161,0,0.0,1,420,0,2,0.5086,0.0,GREEN,49,Bengaluru
CLM0037657,BEN_03203,Indiranagar,2019-03-28,21,0,1,1,0,0,0,1,0,0,0.0,0.16081,0,0.0,0,38,2,5,0.5274,0.0366,GREEN,55,Bengaluru
CLM0037658,BEN_05907,Koramangala,2018-05-09,7,0,0,0,1,1,0,1,1,1,1.0,0.425083,0,1.0,0,5,2,18,0.2793,0.0403,GREEN,51,Bengaluru
CLM0037659,BEN_00999,Whitefield,2024-11-24,14,0,0,0,0,0,1,0,0,0,1.0,0.946031,0,1.0,0,174,2,1,0.7459,0.0829,GREEN,47,Bengaluru
CLM0037660,BEN_06027,Jayanagar,2023-02-26,13,0,0,0,0,0,0,0,1,0,0.0,0.188419,0,1.0,0,420,1,3,0.6642,0.1307,GREEN,44,Bengaluru
CLM0037661,BEN_01553,Rajajinagar,2020-01-31,18,0,0,0,0,0,0,0,0,0,0.0,0.091186,0,0.0,0,5,0,6,0.64,0.0,GREEN,49,Bengaluru
CLM0037662,BEN_07313,Whitefield,2022-05-26,15,0,0,0,0,0,0,0,0,0,0.0,1.0,0,0.0,0,384,4,0,0.9253,0.0157,GREEN,38,Bengaluru
CLM0037663,BEN_03117,Electronic City,2018-04-21,10,0,0,0,0,0,0,0,0,0,0.0,0.144174,1,0.0,0,63,1,5,0.5969,0.127,GREEN,31,Bengaluru
CLM0037664,BEN_05706,HSR Layout,2024-08-19,15,0,0,0,0,0,0,0,1,0,0.0,0.059122,0,0.0,0,346,4,0,0.6132,0.1934,GREEN,31,Bengaluru
CLM0037665,BEN_08337,Rajajinagar,2022-06-19,12,0,0,0,0,0,0,0,0,0,0.0,0.30716,0,0.0,0,269,1,4,0.5462,0.0,GREEN,64,Bengaluru
CLM0037666,BEN_03398,Whitefield,2021-10-01,19,0,0,0,0,0,0,0,0,0,0.0,0.383321,0,0.0,0,145,2,6,0.5913,0.0399,GREEN,43,Bengaluru
CLM0037667,BEN_03340,Yelahanka,2025-12-21,20,0,0,0,0,0,0,0,0,0,0.0,0.083982,0,0.0,0,91,4,3,0.7095,0.0525,GREEN,54,Bengaluru
CLM0037668,BEN_04928,Jayanagar,2024-07-29,20,0,0,0,0,0,0,0,0,0,0.0,0.319878,0,0.0,0,152,1,4,0.6017,0.0,GREEN,53,Bengaluru
CLM0037669,BEN_02294,HSR Layout,2025-02-21,12,0,0,0,0,1,0,0,0,0,0.0,0.304107,0,0.0,0,255,2,3,0.8792,0.0641,GREEN,70,Bengaluru
CLM0037670,BEN_02075,Rajajinagar,2021-05-30,18,0,0,0,0,0,1,0,0,0,0.0,0.208752,0,0.0,0,355,0,0,0.6807,0.1396,GREEN,37,Bengaluru
CLM0037671,BEN_03363,Whitefield,2024-01-03,20,0,0,0,0,0,0,0,1,0,0.0,0.447711,0,0.0,1,314,4,2,0.1984,0.3041,GREEN,36,Bengaluru
CLM0037672,BEN_02768,Marathahalli,2023-04-16,21,0,0,0,0,0,0,1,0,0,0.0,0.369462,0,0.0,0,351,3,1,0.7743,0.0616,GREEN,63,Bengaluru
CLM0037673,BEN_08502,Yelahanka,2025-05-02,7,0,0,0,0,0,0,0,0,0,0.0,0.414593,0,0.0,0,420,3,1,0.5527,0.0892,GREEN,50,Bengaluru
CLM0037674,BEN_04092,Jayanagar,2025-02-03,20,0,0,0,0,0,0,0,0,1,0.0,0.331737,0,0.0,0,420,4,0,0.5227,0.2234,GREEN,38,Bengaluru
CLM0037675,BEN_06417,Marathahalli,2024-12-08,11,0,0,0,0,0,0,0,0,0,0.0,0.90086,0,0.0,0,254,4,2,0.98,0.0396,GREEN,41,Bengaluru
CLM0037676,BEN_06332,Yelahanka,2023-12-20,11,0,0,0,0,0,0,0,0,0,0.0,0.160444,0,0.0,0,420,4,1,0.6061,0.06,GREEN,30,Bengaluru
CLM0037677,BEN_08081,Yelahanka,2023-11-02,11,0,0,0,0,0,0,0,0,0,0.0,0.392131,0,0.0,0,420,3,5,0.1448,0.0906,GREEN,43,Bengaluru
CLM0037678,BEN_06065,Koramangala,2025-08-22,12,0,0,0,0,0,0,0,0,0,0.0,0.148051,0,0.0,0,120,0,0,0.0966,0.0,GREEN,44,Bengaluru
CLM0037679,BEN_00199,Electronic City,2019-12-07,8,0,0,0,0,0,0,0,0,0,0.0,0.137439,0,0.0,0,418,1,5,0.6122,0.0138,GREEN,45,Bengaluru
CLM0037680,BEN_01845,Marathahalli,2017-04-03,16,0,0,0,0,0,1,0,0,0,0.0,0.184876,0,0.0,0,322,4,4,0.8685,0.0881,GREEN,32,Bengaluru
CLM0037681,BEN_05161,Marathahalli,2021-04-21,20,0,0,0,0,0,0,0,0,0,0.0,1.0,0,0.0,0,420,1,3,0.7093,0.0,GREEN,38,Bengaluru
CLM0037682,BEN_06381,Electronic City,2019-04-06,17,0,0,0,0,0,0,0,0,0,0.0,0.0,0,1.0,0,107,2,2,0.7604,0.0,GREEN,31,Bengaluru
CLM0037683,BEN_07611,Whitefield,2016-05-26,7,0,0,0,0,0,0,0,0,0,0.0,0.337501,0,0.0,0,143,3,1,0.9219,0.0592,GREEN,42,Bengaluru
CLM0037684,BEN_07917,Indiranagar,2019-02-06,12,0,0,0,0,1,0,0,0,0,0.0,0.307579,0,0.0,0,149,1,3,0.8073,0.1435,GREEN,33,Bengaluru
CLM0037685,BEN_08037,Jayanagar,2017-06-17,15,0,0,0,0,0,0,0,0,0,0.0,0.212739,0,0.0,0,264,0,0,0.98,0.0665,GREEN,35,Bengaluru
CLM0037686,BEN_02100,Yelahanka,2017-06-04,8,0,0,0,0,0,0,0,0,0,0.0,0.164073,0,0.0,0,56,1,5,0.98,0.0083,GREEN,32,Bengaluru
CLM0037687,BEN_08920,Whitefield,2024-08-07,14,0,0,0,0,0,0,0,1,0,0.0,0.974387,0,0.0,0,420,2,3,0.8312,0.0509,GREEN,34,Bengaluru
CLM0037688,BEN_07809,Electronic City,2023-08-17,10,0,0,0,0,0,0,1,0,0,0.0,0.391556,0,0.0,0,51,2,4,0.9094,0.0886,GREEN,40,Bengaluru
CLM0037689,BEN_08582,Whitefield,2024-12-18,15,0,1,1,0,1,1,0,1,0,1.0,1.0,1,1.0,0,5,1,18,0.05,0.0567,GREEN,44,Bengaluru
CLM0037690,BEN_02049,BTM Layout,2023-02-18,10,0,0,0,0,1,0,1,1,1,1.0,0.230415,0,0.0,0,13,4,18,0.2688,0.0,GREEN,36,Bengaluru
CLM0037691,BEN_05966,HSR Layout,2023-02-02,17,0,0,0,0,0,0,0,0,0,1.0,0.107498,0,0.0,0,327,0,5,0.8586,0.0723,GREEN,41,Bengaluru
CLM0037692,BEN_07578,HSR Layout,2024-02-28,16,0,0,0,0,0,0,0,0,0,0.0,0.276576,0,0.0,0,246,4,8,0.8592,0.0,GREEN,56,Bengaluru
CLM0037693,BEN_02793,BTM Layout,2024-02-15,10,0,0,0,0,0,0,0,0,0,0.0,0.263044,0,0.0,0,17,1,3,0.7862,0.0401,GREEN,48,Bengaluru
CLM0037694,BEN_02778,Yelahanka,2024-01-25,9,0,0,0,0,0,0,0,0,0,0.0,0.187288,0,0.0,1,293,3,2,0.474,0.0194,GREEN,37,Bengaluru
CLM0037695,BEN_01780,Koramangala,2023-04-11,19,0,0,0,0,0,0,0,0,0,0.0,0.269338,0,0.0,0,164,4,0,0.6371,0.0,GREEN,50,Bengaluru
CLM0037696,BEN_05570,Rajajinagar,2023-03-20,9,0,0,0,0,0,0,0,0,0,0.0,0.118054,0,0.0,1,155,4,0,0.6711,0.1088,GREEN,45,Bengaluru
CLM0037697,BEN_05737,Marathahalli,2018-06-24,20,0,0,0,0,0,1,0,0,0,0.0,0.226959,0,0.0,0,42,2,3,0.98,0.0704,GREEN,43,Bengaluru
CLM0037698,BEN_02538,Rajajinagar,2019-01-27,12,0,0,0,0,0,0,0,0,0,0.0,0.267289,0,0.0,0,343,4,0,0.6578,0.0055,GREEN,50,Bengaluru
CLM0037699,BEN_01787,Koramangala,2020-04-21,13,0,0,0,0,0,0,0,0,0,0.0,0.150002,0,0.0,0,317,0,1,0.05,0.0282,GREEN,35,Bengaluru
CLM0037700,BEN_09315,Indiranagar,2022-09-07,7,0,0,0,1,1,0,0,0,1,0.0,0.422531,0,0.0,0,135,4,2,0.6444,0.3946,YELLOW,33,Bengaluru
CLM0037701,BEN_04806,Electronic City,2024-11-26,15,0,1,1,0,0,0,0,0,0,1.0,0.888083,0,0.0,0,46,0,1,0.6994,0.0888,GREEN,40,Bengaluru
CLM0037702,BEN_00291,Rajajinagar,2022-02-12,13,0,0,0,0,0,0,0,0,0,0.0,0.138857,0,0.0,0,268,3,0,0.98,0.0,GREEN,56,Bengaluru
CLM0037703,BEN_01436,BTM Layout,2025-11-25,7,0,1,1,1,1,0,0,0,1,1.0,0.951285,1,1.0,1,25,0,14,0.2006,0.6547,RED,35,Bengaluru
CLM0037704,BEN_09813,HSR Layout,2025-05-25,17,0,1,1,1,1,0,1,0,1,0.0,0.076331,1,0.0,1,5,2,16,0.8944,0.7836,RED,40,Bengaluru
CLM0037705,BEN_05088,Marathahalli,2024-09-07,13,0,1,1,1,1,0,1,1,1,1.0,0.345109,0,1.0,0,7,0,18,0.3269,0.6563,RED,55,Bengaluru
CLM0037706,BEN_06438,Yelahanka,2023-11-25,8,0,1,1,1,1,1,1,1,1,1.0,0.112556,0,0.0,1,5,0,18,0.05,0.9117,RED,50,Bengaluru
CLM0037707,BEN_06817,Rajajinagar,2025-11-08,12,0,1,1,0,0,0,1,1,0,1.0,1.0,0,1.0,0,5,1,18,0.0765,0.2014,GREEN,45,Bengaluru
CLM0037708,BEN_03745,Indiranagar,2025-06-03,16,0,1,1,0,1,0,1,1,0,1.0,0.940005,1,1.0,1,5,2,18,0.0967,0.5683,YELLOW,30,Bengaluru
CLM0037709,BEN_03554,Yelahanka,2023-09-01,16,0,1,1,1,1,1,1,1,0,1.0,0.708139,0,1.0,0,5,1,18,0.1175,0.6279,RED,45,Bengaluru
CLM0037710,BEN_09662,Indiranagar,2025-01-02,19,0,1,1,0,0,0,0,0,0,0.0,0.370944,0,0.0,0,420,2,0,0.8898,0.4347,YELLOW,40,Bengaluru
CLM0037711,BEN_06265,BTM Layout,2021-12-16,17,0,0,0,0,0,0,0,0,0,0.0,0.294401,0,0.0,0,348,2,3,0.05,0.0811,GREEN,48,Bengaluru
CLM0037712,BEN_05663,Yelahanka,2024-08-23,8,0,0,0,0,0,0,0,0,0,0.0,0.0,0,0.0,0,294,2,1,0.7877,0.0,GREEN,59,Bengaluru
CLM0037713,BEN_00131,Electronic City,2025-05-21,17,0,0,0,1,0,1,1,1,1,1.0,0.925821,0,0.0,0,38,3,18,0.1756,0.2827,GREEN,44,Bengaluru
CLM0037714,BEN_09052,Electronic City,2025-10-11,15,0,0,0,1,0,0,0,0,0,0.0,0.14547,0,0.0,0,293,0,0,0.9711,0.1642,GREEN,56,Bengaluru
CLM0037715,BEN_00747,Marathahalli,2024-09-19,13,0,0,0,0,0,0,0,1,0,0.0,1.0,0,0.0,0,420,3,0,0.9678,0.0504,GREEN,43,Bengaluru
CLM0037716,BEN_04349,Whitefield,2024-08-17,11,0,0,0,0,0,0,0,0,1,0.0,0.985848,0,0.0,0,43,0,1,0.9433,0.1251,GREEN,38,Bengaluru
CLM0037717,BEN_09240,Whitefield,2023-12-23,21,0,0,0,0,0,0,0,0,0,0.0,0.249044,0,0.0,0,15,1,5,0.1386,0.0,GREEN,41,Bengaluru
CLM0037718,BEN_05780,Whitefield,2022-11-20,9,0,0,0,0,0,0,0,0,0,0.0,0.027928,0,0.0,0,45,4,3,0.7937,0.0154,GREEN,46,Bengaluru
CLM0037719,BEN_05785,Electronic City,2022-09-14,20,0,0,0,0,0,0,0,0,0,0.0,0.153699,0,0.0,0,263,3,3,0.1454,0.0126,GREEN,41,Bengaluru
CLM0037720,BEN_07081,BTM Layout,2023-10-25,8,0,0,0,0,0,0,0,0,0,0.0,0.043194,0,0.0,0,71,0,4,0.7066,0.0497,GREEN,33,Bengaluru
CLM0037721,BEN_07935,Indiranagar,2021-11-15,8,0,0,0,0,0,0,0,0,0,0.0,0.027264,0,0.0,0,253,2,3,0.05,0.0228,GREEN,39,Bengaluru
CLM0037722,BEN_03421,Indiranagar,2019-03-09,10,0,0,0,0,0,0,0,0,0,0.0,0.160537,0,0.0,0,217,1,4,0.8774,0.0,GREEN,50,Bengaluru
CLM0037723,BEN_06560,Yelahanka,2017-12-28,15,0,0,0,0,0,0,0,0,0,0.0,0.367477,0,0.0,0,206,1,2,0.5593,0.0863,GREEN,71,Bengaluru
CLM0037724,BEN_01034,Electronic City,2024-06-23,8,0,0,0,0,0,0,0,0,1,1.0,1.0,0,0.0,0,5,0,4,0.8318,0.1297,GREEN,53,Bengaluru
CLM0037725,BEN_05753,Electronic City,2018-03-21,21,0,0,0,0,0,0,0,0,0,0.0,0.040949,0,0.0,0,79,2,0,0.2371,0.0029,GREEN,39,Bengaluru
CLM0037726,BEN_00553,Jayanagar,2024-05-25,17,0,0,0,0,0,0,0,0,0,0.0,0.236818,0,0.0,1,90,3,2,0.6041,0.0026,GREEN,43,Bengaluru
CLM0037727,BEN_06324,Rajajinagar,2019-10-02,11,0,0,0,0,0,1,0,0,0,0.0,0.25776,0,0.0,0,363,4,2,0.5976,0.014,GREEN,48,Bengaluru
CLM0037728,BEN_09956,Marathahalli,2023-07-03,20,0,0,0,0,0,0,0,1,0,0.0,0.294075,0,0.0,0,352,1,5,0.8402,0.0936,GREEN,46,Bengaluru
CLM0037729,BEN_05715,Whitefield,2020-11-11,19,0,0,0,0,0,0,0,0,0,0.0,0.191188,0,0.0,0,5,1,1,0.1155,0.0017,GREEN,37,Bengaluru
CLM0037730,BEN_05886,Yelahanka,2024-05-18,14,0,0,0,0,0,0,0,0,0,0.0,1.0,0,0.0,0,420,1,0,0.4754,0.0443,GREEN,52,Bengaluru
CLM0037731,BEN_05879,Marathahalli,2021-07-23,15,0,0,0,0,0,0,0,0,0,1.0,0.998191,0,1.0,0,270,1,0,0.5243,0.0,GREEN,35,Bengaluru
CLM0037732,BEN_00584,Electronic City,2019-08-21,16,0,0,0,0,0,0,0,0,0,0.0,0.207746,0,0.0,0,340,3,2,0.727,0.0,GREEN,23,Bengaluru
CLM0037733,BEN_09583,BTM Layout,2025-03-03,18,0,0,0,0,0,1,0,0,0,0.0,0.332964,0,0.0,0,232,2,1,0.5525,0.1849,GREEN,38,Bengaluru
CLM0037734,BEN_02007,Electronic City,2022-02-01,10,0,0,0,0,0,0,0,0,0,0.0,0.307715,0,0.0,0,279,2,0,0.136,0.1115,GREEN,47,Bengaluru
CLM0037735,BEN_00985,Whitefield,2018-12-14,17,0,0,0,0,0,1,0,0,0,0.0,0.219281,0,0.0,0,200,2,5,0.1765,0.101,GREEN,52,Bengaluru
CLM0037736,BEN_02998,HSR Layout,2019-08-04,12,0,0,0,0,0,0,0,1,0,0.0,0.108026,0,0.0,0,235,2,0,0.8332,0.0688,GREEN,58,Bengaluru
CLM0037737,BEN_00507,Yelahanka,2023-04-17,17,0,0,0,1,1,0,0,0,0,1.0,0.96361,0,1.0,0,383,1,1,0.98,0.2779,GREEN,47,Bengaluru
CLM0037738,BEN_02948,BTM Layout,2022-07-04,12,0,0,0,0,0,0,0,1,0,0.0,0.246161,0,0.0,0,114,3,0,0.8074,0.0964,GREEN,26,Bengaluru
CLM0037739,BEN_02028,Yelahanka,2022-05-04,15,0,0,0,0,0,0,0,0,0,0.0,0.965066,1,0.0,0,230,4,5,0.7018,0.1338,GREEN,47,Bengaluru
CLM0037740,BEN_04812,BTM Layout,2017-03-05,14,0,1,1,0,0,0,0,0,0,0.0,0.265714,1,0.0,0,307,3,3,0.2812,0.0001,GREEN,66,Bengaluru
CLM0037741,BEN_01275,Yelahanka,2023-07-13,11,0,0,0,0,0,0,0,0,0,0.0,0.09357,0,0.0,0,224,3,4,0.8646,0.0085,GREEN,44,Bengaluru
CLM0037742,BEN_05098,BTM Layout,2022-08-01,8,0,0,0,0,0,0,1,0,0,1.0,0.255048,0,0.0,0,378,1,4,0.3212,0.1058,GREEN,38,Bengaluru
CLM0037743,BEN_09066,Yelahanka,2021-06-05,8,0,0,0,0,0,0,1,0,0,0.0,0.224307,0,0.0,0,21,4,3,0.5216,0.051,GREEN,50,Bengaluru
CLM0037744,BEN_06713,Rajajinagar,2025-01-22,13,0,0,0,1,0,0,0,1,1,1.0,0.893663,1,1.0,0,27,2,18,0.3677,0.039,GREEN,48,Bengaluru
CLM0037745,BEN_03728,Yelahanka,2023-11-19,17,0,0,0,0,1,0,0,1,0,1.0,0.223377,0,0.0,0,330,2,4,0.5853,0.2576,GREEN,44,Bengaluru
CLM0037746,BEN_07941,Electronic City,2025-07-06,7,0,0,0,0,0,0,0,0,0,0.0,0.375857,0,0.0,0,127,0,5,0.5049,0.0188,GREEN,50,Bengaluru
CLM0037747,BEN_02095,Koramangala,2023-06-09,16,0,0,0,0,0,0,0,0,0,0.0,0.094279,0,0.0,0,32,0,2,0.8066,0.0,GREEN,48,Bengaluru
CLM0037748,BEN_04837,Rajajinagar,2022-12-22,17,0,0,0,0,0,0,0,0,1,0.0,0.066553,0,0.0,0,392,1,3,0.05,0.111,GREEN,66,Bengaluru
CLM0037749,BEN_05751,Marathahalli,2024-10-18,7,0,0,0,0,0,0,0,1,0,0.0,0.301706,0,0.0,0,213,4,3,0.7303,0.0596,GREEN,34,Bengaluru
CLM0037750,BEN_04916,Electronic City,2025-08-26,17,0,0,0,0,0,1,0,0,1,0.0,0.132835,0,0.0,0,260,3,2,0.6692,0.3208,YELLOW,45,Bengaluru
CLM0037751,BEN_02802,Rajajinagar,2024-04-13,9,0,0,0,0,0,0,0,1,0,0.0,0.292785,0,0.0,0,407,0,2,0.7114,0.0958,GREEN,32,Bengaluru
CLM0037752,BEN_03807,Yelahanka,2018-03-20,9,0,0,0,0,0,0,0,0,1,0.0,0.194745,0,1.0,0,197,4,4,0.6772,0.0869,GREEN,45,Bengaluru
CLM0037753,BEN_07053,Koramangala,2024-03-13,19,0,0,0,0,0,0,0,0,0,0.0,0.40778,0,0.0,1,193,3,3,0.2491,0.0254,GREEN,41,Bengaluru
CLM0037754,BEN_06398,Marathahalli,2019-05-29,11,0,0,0,0,0,0,1,1,0,0.0,0.413853,0,1.0,0,87,1,1,0.6883,0.1161,GREEN,46,Bengaluru
CLM0037755,BEN_07301,HSR Layout,2019-08-13,16,0,0,0,0,0,1,0,0,0,0.0,0.171205,0,0.0,0,265,0,0,0.8314,0.2098,GREEN,20,Bengaluru
CLM0037756,BEN_03848,Jayanagar,2022-10-21,10,0,0,0,0,0,0,0,0,0,0.0,0.330144,0,0.0,0,334,1,2,0.3044,0.0,GREEN,50,Bengaluru
CLM0037757,BEN_07474,Koramangala,2023-05-14,21,0,0,0,0,0,0,1,0,0,0.0,0.068519,0,0.0,0,184,1,6,0.331,0.0711,GREEN,25,Bengaluru
CLM0037758,BEN_05994,Rajajinagar,2020-03-18,8,0,0,0,0,0,0,0,0,0,0.0,0.274792,1,0.0,0,156,3,2,0.9591,0.0167,GREEN,36,Bengaluru
CLM0037759,BEN_04896,Indiranagar,2025-01-16,8,0,0,0,0,0,0,0,0,0,0.0,0.340413,0,0.0,0,196,3,1,0.8078,0.0,GREEN,39,Bengaluru
CLM0037760,BEN_09901,Rajajinagar,2021-10-11,18,0,0,0,0,0,0,0,0,0,0.0,0.295566,0,0.0,0,420,2,3,0.7098,0.0043,GREEN,22,Bengaluru
CLM0037761,BEN_00854,HSR Layout,2017-10-10,19,0,0,0,0,0,0,0,0,0,1.0,0.918824,0,0.0,0,420,0,1,0.8691,0.075,GREEN,43,Bengaluru
CLM0037762,BEN_05325,BTM Layout,2024-11-09,21,0,0,0,0,0,0,0,0,0,0.0,0.391892,0,0.0,0,207,0,5,0.9509,0.0337,GREEN,40,Bengaluru
CLM0037763,BEN_04524,Jayanagar,2022-06-27,14,0,0,0,0,0,0,0,0,0,0.0,0.254969,0,0.0,0,17,0,6,0.9588,0.1077,GREEN,51,Bengaluru
CLM0037764,BEN_04848,Whitefield,2025-04-20,17,0,0,0,0,0,1,0,0,0,0.0,0.275846,0,0.0,0,294,0,5,0.5345,0.0805,GREEN,53,Bengaluru
CLM0037765,BEN_09284,Indiranagar,2018-04-25,8,0,0,0,0,0,0,1,0,0,0.0,1.0,0,0.0,0,287,1,3,0.7507,0.0922,GREEN,45,Bengaluru
CLM0037766,BEN_05865,Rajajinagar,2017-04-16,20,0,0,0,1,0,1,0,1,1,1.0,0.131527,0,0.0,1,10,0,18,0.318,0.0,GREEN,36,Bengaluru
CLM0037767,BEN_03311,BTM Layout,2022-01-13,9,0,0,0,0,0,1,0,0,0,0.0,0.315147,0,0.0,0,116,0,0,0.7898,0.0929,GREEN,30,Bengaluru
CLM0037768,BEN_01893,Marathahalli,2023-11-29,11,0,0,0,0,0,0,0,0,0,0.0,0.135349,0,0.0,0,243,3,0,0.8549,0.0,GREEN,52,Bengaluru
CLM0037769,BEN_04518,Indiranagar,2024-01-24,12,0,0,0,0,0,0,0,0,0,0.0,0.189446,0,1.0,0,381,2,6,0.5347,0.07,GREEN,53,Bengaluru
CLM0037770,BEN_08240,Whitefield,2022-09-06,15,0,0,0,0,0,0,0,0,0,0.0,0.223221,0,0.0,0,51,2,4,0.624,0.0676,GREEN,56,Bengaluru
CLM0037771,BEN_05467,HSR Layout,2025-02-13,15,0,0,0,0,1,0,0,1,0,0.0,0.228676,0,0.0,0,91,4,0,0.734,0.09,GREEN,59,Bengaluru
CLM0037772,BEN_08981,BTM Layout,2024-11-19,16,0,0,0,0,0,0,0,0,0,0.0,0.052723,0,0.0,0,420,2,0,0.7024,0.0,GREEN,42,Bengaluru
CLM0037773,BEN_05871,Indiranagar,2022-10-27,14,0,0,0,1,0,0,0,0,0,0.0,0.024209,0,0.0,0,43,1,0,0.822,0.1357,GREEN,60,Bengaluru
CLM0037774,BEN_02800,BTM Layout,2023-12-11,16,1,0,0,0,0,0,0,0,0,0.0,0.110876,0,0.0,0,58,3,0,0.9745,0.0364,GREEN,43,Bengaluru
CLM0037775,BEN_04064,Jayanagar,2022-10-21,14,0,0,0,0,0,1,0,0,0,0.0,0.122855,0,0.0,0,245,2,0,0.5069,0.0684,GREEN,58,Bengaluru
CLM0037776,BEN_09738,Jayanagar,2025-06-16,12,0,1,1,0,0,0,0,0,0,0.0,0.080728,0,0.0,0,374,2,3,0.05,0.0083,GREEN,37,Bengaluru
CLM0037777,BEN_02333,Rajajinagar,2022-05-29,10,0,1,1,0,1,0,0,0,0,0.0,0.358395,0,0.0,0,255,4,3,0.7982,0.1681,GREEN,45,Bengaluru
CLM0037778,BEN_06432,Electronic City,2021-09-17,19,0,0,0,0,0,0,0,0,0,0.0,0.057506,0,0.0,1,138,2,2,0.98,0.1093,GREEN,58,Bengaluru
CLM0037779,BEN_08329,Rajajinagar,2020-02-03,19,0,0,0,0,0,0,0,0,0,0.0,0.415063,0,0.0,0,198,2,3,0.087,0.0395,GREEN,50,Bengaluru
CLM0037780,BEN_02763,HSR Layout,2019-09-02,18,0,0,0,0,0,0,0,0,0,0.0,0.391168,0,0.0,1,57,2,4,0.9287,0.1693,GREEN,47,Bengaluru
CLM0037781,BEN_02112,Jayanagar,2024-06-27,9,0,0,0,0,0,0,0,0,0,1.0,0.183699,0,0.0,0,59,1,0,0.677,0.1273,GREEN,33,Bengaluru
CLM0037782,BEN_01148,Rajajinagar,2025-03-18,12,0,0,0,0,0,0,0,1,0,0.0,0.324138,0,0.0,0,112,3,3,0.1709,0.0331,GREEN,44,Bengaluru
CLM0037783,BEN_04213,Jayanagar,2022-01-08,10,0,0,0,1,0,0,0,1,0,0.0,0.027356,0,0.0,1,188,2,2,0.98,0.3233,YELLOW,31,Bengaluru
CLM0037784,BEN_08252,Electronic City,2018-08-13,7,0,0,0,0,0,0,0,0,0,0.0,0.245269,0,0.0,0,160,1,5,0.0756,0.0234,GREEN,44,Bengaluru
CLM0037785,BEN_04037,Koramangala,2018-11-10,11,0,0,0,0,0,0,0,0,0,0.0,0.350889,0,0.0,0,325,0,2,0.9057,0.026,GREEN,40,Bengaluru
CLM0037786,BEN_08687,Marathahalli,2020-11-01,9,0,0,0,0,0,0,1,0,0,0.0,0.330148,0,1.0,0,189,1,0,0.7594,0.03,GREEN,34,Bengaluru
CLM0037787,BEN_08440,Koramangala,2022-04-06,9,0,0,0,0,0,0,0,0,0,0.0,0.972561,0,0.0,0,186,2,3,0.972,0.0632,GREEN,47,Bengaluru
CLM0037788,BEN_08233,Indiranagar,2022-03-31,18,0,0,0,1,1,0,1,1,1,1.0,0.981884,0,0.0,0,9,3,16,0.2556,0.1283,GREEN,38,Bengaluru
CLM0037789,BEN_05872,Marathahalli,2017-06-18,12,0,0,0,0,0,0,0,0,0,0.0,0.109525,0,0.0,0,119,0,0,0.5131,0.0331,GREEN,38,Bengaluru
CLM0037790,BEN_06443,Jayanagar,2024-02-22,9,0,1,1,0,0,0,0,0,0,0.0,0.400182,0,0.0,0,61,0,0,0.05,0.0369,GREEN,53,Bengaluru
CLM0037791,BEN_03481,Marathahalli,2022-11-25,9,0,0,0,0,0,0,0,0,0,0.0,0.023567,0,0.0,0,420,0,1,0.5052,0.0,GREEN,41,Bengaluru
CLM0037792,BEN_08461,Jayanagar,2022-11-14,17,0,0,0,0,0,0,0,0,0,0.0,0.202728,0,0.0,0,364,2,4,0.5394,0.0,GREEN,61,Bengaluru
CLM0037793,BEN_08320,Electronic City,2023-04-23,7,0,0,0,0,0,0,0,1,0,0.0,0.1689,0,0.0,0,232,3,4,0.6525,0.0773,GREEN,34,Bengaluru
CLM0037794,BEN_05368,Indiranagar,2020-02-23,9,0,0,0,0,1,1,0,0,0,1.0,0.100133,0,0.0,0,207,0,1,0.4616,0.2211,GREEN,47,Bengaluru
CLM0037795,BEN_04976,Whitefield,2017-12-14,11,0,0,0,0,0,0,0,0,0,1.0,0.201843,0,0.0,0,420,1,0,0.4132,0.0491,GREEN,44,Bengaluru
CLM0037796,BEN_08393,Marathahalli,2019-07-01,16,0,0,0,0,0,0,0,1,0,0.0,0.117202,0,0.0,0,290,2,0,0.7455,0.0121,GREEN,59,Bengaluru
CLM0037797,BEN_04370,Indiranagar,2023-12-27,8,0,0,0,0,0,0,0,0,0,0.0,0.248723,0,0.0,0,279,0,4,0.7445,0.1035,GREEN,61,Bengaluru
CLM0037798,BEN_06131,Jayanagar,2023-04-01,13,0,0,0,0,0,0,0,1,0,0.0,0.943941,0,0.0,0,261,4,0,0.4847,0.1434,GREEN,40,Bengaluru
CLM0037799,BEN_04273,Electronic City,2025-08-10,13,0,0,0,0,0,1,0,0,0,0.0,0.24212,0,0.0,0,310,3,4,0.86,0.0644,GREEN,64,Bengaluru
CLM0037800,BEN_04885,Jayanagar,2025-11-30,16,0,0,0,0,0,0,0,0,0,0.0,0.245911,0,0.0,0,93,2,1,0.8465,0.0,GREEN,49,Bengaluru
CLM0037801,BEN_05896,BTM Layout,2025-11-18,16,0,0,0,0,0,1,0,0,0,0.0,0.130778,1,0.0,0,131,2,0,0.7078,0.2213,GREEN,29,Bengaluru
CLM0037802,BEN_03586,Electronic City,2025-02-16,13,0,1,1,0,0,0,0,0,1,0.0,0.274738,0,0.0,0,276,3,2,0.1667,0.1425,GREEN,44,Bengaluru
CLM0037803,BEN_05151,Jayanagar,2025-09-24,19,0,1,1,0,0,0,0,0,1,0.0,0.315228,0,0.0,0,420,2,0,0.05,0.159,GREEN,52,Bengaluru
CLM0037804,BEN_01919,Marathahalli,2025-07-16,19,0,0,0,0,0,0,0,0,0,0.0,0.250796,0,0.0,0,420,3,1,0.846,0.0426,GREEN,55,Bengaluru
CLM0037805,BEN_06268,Jayanagar,2025-07-16,9,0,0,0,0,0,0,0,0,0,0.0,0.028492,0,0.0,0,420,4,0,0.7287,0.0636,GREEN,31,Bengaluru
CLM0037806,BEN_00588,Jayanagar,2022-05-09,19,0,0,0,0,0,1,0,0,0,0.0,0.954348,0,0.0,0,166,2,6,0.8919,0.0784,GREEN,28,Bengaluru
CLM0037807,BEN_04660,Koramangala,2023-11-19,21,0,0,0,0,0,0,0,0,0,0.0,0.282524,0,0.0,0,78,0,1,0.5508,0.0429,GREEN,43,Bengaluru
CLM0037808,BEN_08363,Whitefield,2021-05-03,20,0,1,1,1,0,0,0,1,0,0.0,0.320098,0,0.0,0,46,2,0,0.05,0.1949,GREEN,32,Bengaluru
CLM0037809,BEN_09384,Electronic City,2022-01-06,15,0,0,0,0,0,0,0,0,0,0.0,0.134736,0,0.0,0,181,2,2,0.8885,0.0106,GREEN,68,Bengaluru
CLM0037810,BEN_01661,Yelahanka,2024-01-23,21,0,0,0,0,0,1,0,0,0,0.0,0.169845,0,0.0,0,142,2,5,0.5666,0.1202,GREEN,53,Bengaluru
CLM0037811,BEN_01969,Indiranagar,2021-04-11,14,0,0,0,0,0,0,0,0,0,0.0,0.096863,0,0.0,0,115,1,5,0.8574,0.0,GREEN,40,Bengaluru
CLM0037812,BEN_01494,Jayanagar,2023-09-23,18,0,0,0,0,0,0,0,0,0,0.0,0.311426,0,0.0,0,302,0,3,0.98,0.0,GREEN,23,Bengaluru
CLM0037813,BEN_02864,Rajajinagar,2023-05-19,15,0,0,0,0,0,0,0,0,0,0.0,0.0,0,0.0,0,251,3,0,0.9271,0.0666,GREEN,50,Bengaluru
CLM0037814,BEN_02380,Whitefield,2024-05-02,11,0,0,0,0,0,0,0,0,0,0.0,0.421168,0,0.0,1,268,1,4,0.7201,0.102,GREEN,40,Bengaluru
CLM0037815,BEN_09643,Rajajinagar,2023-06-25,15,0,0,0,0,0,0,0,1,0,0.0,0.003712,0,0.0,0,156,4,0,0.5778,0.1458,GREEN,50,Bengaluru
CLM0037816,BEN_07715,Indiranagar,2024-04-03,10,0,0,0,0,0,0,0,0,0,1.0,0.427326,0,0.0,1,88,2,0,0.061,0.1627,GREEN,48,Bengaluru
CLM0037817,BEN_06614,Rajajinagar,2023-10-23,17,0,0,0,0,1,0,0,0,0,0.0,0.097135,0,0.0,0,420,0,6,0.8497,0.1307,GREEN,33,Bengaluru
CLM0037818,BEN_07368,Koramangala,2024-09-22,13,0,0,0,0,0,0,0,0,0,0.0,0.118931,0,0.0,0,121,0,6,0.6951,0.0,GREEN,51,Bengaluru
CLM0037819,BEN_07956,BTM Layout,2023-06-23,18,0,0,0,1,1,0,1,1,0,1.0,1.0,0,1.0,1,5,1,11,0.8992,0.0452,GREEN,26,Bengaluru
CLM0037820,BEN_00505,Koramangala,2024-01-11,14,0,0,0,0,0,0,0,0,0,1.0,1.0,0,1.0,0,336,3,0,0.8984,0.0198,GREEN,44,Bengaluru
CLM0037821,BEN_05974,Indiranagar,2024-02-10,7,0,0,0,0,0,0,0,0,0,0.0,0.409712,0,0.0,0,269,4,3,0.8342,0.0073,GREEN,36,Bengaluru
CLM0037822,BEN_03776,Marathahalli,2025-08-31,20,0,0,0,0,0,0,0,0,1,0.0,0.1369,0,0.0,0,364,1,2,0.5318,0.1186,GREEN,45,Bengaluru
CLM0037823,BEN_03194,Whitefield,2025-11-16,8,0,0,0,0,0,1,0,0,0,0.0,0.037901,0,0.0,0,364,2,2,0.7339,0.1151,GREEN,38,Bengaluru
CLM0037824,BEN_01284,Jayanagar,2024-12-23,21,0,0,0,0,0,0,0,0,1,0.0,0.386466,0,0.0,0,271,2,3,0.98,0.1239,GREEN,47,Bengaluru
CLM0037825,BEN_02526,Indiranagar,2024-02-03,15,0,0,0,1,0,0,0,0,0,0.0,0.148119,1,0.0,0,346,4,0,0.4443,0.2344,GREEN,58,Bengaluru
CLM0037826,BEN_02662,Marathahalli,2025-10-28,19,0,0,0,1,0,0,0,0,0,0.0,0.0,0,0.0,0,210,0,5,0.8357,0.1799,GREEN,52,Bengaluru
CLM0037827,BEN_08059,Jayanagar,2020-01-01,7,0,0,0,1,0,0,0,0,0,1.0,1.0,0,1.0,0,395,4,4,0.9233,0.1374,GREEN,42,Bengaluru
CLM0037828,BEN_05263,Koramangala,2019-03-07,12,0,0,0,0,0,0,0,1,0,0.0,0.141859,0,0.0,0,215,0,3,0.6637,0.0747,GREEN,46,Bengaluru
CLM0037829,BEN_07868,HSR Layout,2020-08-20,17,0,0,0,0,0,1,0,0,0,0.0,0.332853,0,0.0,0,50,1,0,0.2741,0.1373,GREEN,52,Bengaluru
CLM0037830,BEN_09973,Koramangala,2024-12-24,13,0,0,0,0,0,0,0,0,0,0.0,0.0,0,0.0,0,8,4,2,0.7461,0.0,GREEN,42,Bengaluru
CLM0037831,BEN_06770,Whitefield,2023-08-31,9,0,0,0,0,0,0,0,1,0,0.0,0.294354,0,0.0,0,56,0,3,0.6742,0.1666,GREEN,64,Bengaluru
CLM0037832,BEN_07684,Indiranagar,2017-12-10,16,0,0,0,0,0,0,1,0,0,0.0,0.191184,0,0.0,0,420,1,4,0.3093,0.0903,GREEN,42,Bengaluru
CLM0037833,BEN_04362,Electronic City,2022-09-06,20,0,0,0,1,0,0,0,0,0,0.0,0.038922,0,1.0,0,101,3,3,0.749,0.1464,GREEN,23,Bengaluru
CLM0037834,BEN_00822,Electronic City,2023-11-28,9,0,1,1,0,0,0,0,0,0,1.0,0.215798,0,0.0,1,221,4,4,0.6247,0.1721,GREEN,37,Bengaluru
CLM0037835,BEN_05891,Indiranagar,2025-10-21,19,0,0,0,0,0,0,0,0,0,0.0,0.971709,0,0.0,1,61,2,1,0.6752,0.0,GREEN,53,Bengaluru
CLM0037836,BEN_01012,BTM Layout,2024-01-25,15,0,0,0,0,0,0,0,0,0,0.0,0.240383,0,0.0,0,388,3,0,0.8339,0.0604,GREEN,50,Bengaluru
CLM0037837,BEN_05141,HSR Layout,2023-02-25,20,0,0,0,0,0,1,0,0,0,0.0,0.073152,0,0.0,0,20,2,4,0.1851,0.0845,GREEN,39,Bengaluru
CLM0037838,BEN_00345,Koramangala,2019-08-05,15,0,0,0,0,1,0,1,0,0,0.0,0.089745,0,0.0,0,339,0,2,0.6307,0.2706,GREEN,27,Bengaluru
CLM0037839,BEN_03274,Electronic City,2025-08-23,19,0,0,0,0,0,0,0,0,0,1.0,1.0,0,1.0,0,420,3,1,0.0686,0.0373,GREEN,43,Bengaluru
CLM0037840,BEN_07577,BTM Layout,2025-10-27,18,0,0,0,1,0,0,1,1,1,0.0,0.124616,0,0.0,1,5,4,18,0.8349,0.0,GREEN,33,Bengaluru
CLM0037841,BEN_01139,Electronic City,2022-12-18,19,0,0,0,0,0,0,0,0,0,0.0,0.159558,0,0.0,0,420,3,4,0.601,0.0,GREEN,58,Bengaluru
CLM0037842,BEN_03268,BTM Layout,2023-03-06,8,0,0,0,0,0,0,0,1,0,0.0,0.139526,0,0.0,0,328,0,0,0.868,0.0445,GREEN,48,Bengaluru
CLM0037843,BEN_00954,Electronic City,2024-02-18,13,0,0,0,0,0,0,0,0,0,0.0,1.0,0,0.0,0,317,1,1,0.6008,0.0639,GREEN,39,Bengaluru
CLM0037844,BEN_00581,HSR Layout,2024-03-30,14,0,0,0,0,0,1,0,0,1,0.0,0.0,0,0.0,0,298,0,2,0.8869,0.2251,GREEN,35,Bengaluru
CLM0037845,BEN_03510,Whitefield,2020-08-16,7,0,0,0,0,0,0,0,0,0,0.0,0.17763,0,0.0,0,155,3,4,0.8334,0.0,GREEN,39,Bengaluru
CLM0037846,BEN_03114,Koramangala,2022-05-28,8,0,0,0,0,0,0,0,0,0,0.0,0.226867,0,0.0,0,420,2,3,0.8576,0.0607,GREEN,52,Bengaluru
CLM0037847,BEN_05302,Jayanagar,2024-06-17,7,0,0,0,0,0,0,0,0,0,0.0,0.122885,0,0.0,0,358,4,1,0.8146,0.0,GREEN,38,Bengaluru
CLM0037848,BEN_07644,Jayanagar,2022-12-09,20,0,0,0,0,0,0,0,0,0,0.0,0.187144,1,0.0,0,355,4,3,0.8191,0.094,GREEN,62,Bengaluru
CLM0037849,BEN_05429,Electronic City,2017-12-29,7,0,0,0,0,1,0,0,0,0,0.0,0.10236,0,1.0,0,189,4,1,0.7582,0.0987,GREEN,36,Bengaluru
CLM0037850,BEN_06015,HSR Layout,2024-12-24,15,0,0,0,0,0,1,0,0,0,1.0,0.274849,0,0.0,0,161,3,1,0.8991,0.1189,GREEN,40,Bengaluru
CLM0037851,BEN_08719,Yelahanka,2015-05-21,16,0,0,0,0,0,1,1,0,0,0.0,0.307608,0,0.0,0,105,2,6,0.5932,0.2128,GREEN,35,Bengaluru
CLM0037852,BEN_07107,Rajajinagar,2022-12-11,8,0,0,0,0,0,0,0,0,0,0.0,0.124717,0,0.0,0,72,0,3,0.8794,0.0,GREEN,46,Bengaluru
CLM0037853,BEN_02415,Yelahanka,2022-12-25,12,0,0,0,0,0,0,0,1,0,1.0,0.048153,0,0.0,0,420,0,1,0.7919,0.0443,GREEN,27,Bengaluru
CLM0037854,BEN_08165,Whitefield,2023-07-10,13,0,0,0,0,0,0,0,0,0,0.0,0.066044,0,0.0,0,420,0,6,0.7198,0.0,GREEN,63,Bengaluru
CLM0037855,BEN_09757,HSR Layout,2021-08-06,19,0,0,0,0,0,0,0,0,0,0.0,0.260222,0,0.0,0,413,2,6,0.7814,0.0583,GREEN,50,Bengaluru
CLM0037856,BEN_06858,Koramangala,2022-05-29,8,0,0,0,0,0,1,0,0,0,0.0,0.134708,0,0.0,0,394,4,1,0.1499,0.154,GREEN,41,Bengaluru
CLM0037857,BEN_07031,Yelahanka,2022-10-19,8,0,0,0,0,0,0,0,0,0,0.0,0.289743,0,0.0,0,289,2,4,0.9635,0.0072,GREEN,41,Bengaluru
CLM0037858,BEN_01562,Electronic City,2021-01-29,17,0,0,0,1,1,1,0,1,0,0.0,0.019565,1,0.0,0,20,4,18,0.98,0.0726,GREEN,36,Bengaluru
CLM0037859,BEN_02481,Electronic City,2024-05-14,15,0,0,0,0,0,0,0,0,0,0.0,0.116277,0,0.0,0,345,1,3,0.7353,0.0,GREEN,45,Bengaluru
CLM0037860,BEN_06573,Yelahanka,2019-03-20,20,0,0,0,0,0,0,0,0,0,0.0,0.029046,0,0.0,0,285,1,0,0.0629,0.0,GREEN,57,Bengaluru
CLM0037861,BEN_00355,Rajajinagar,2018-07-23,12,0,0,0,1,1,0,1,1,0,0.0,1.0,1,0.0,1,18,4,18,0.05,0.1942,GREEN,46,Bengaluru
CLM0037862,BEN_03969,HSR Layout,2019-11-28,10,0,0,0,0,0,0,0,0,0,0.0,0.358849,1,0.0,0,245,1,0,0.7499,0.0851,GREEN,29,Bengaluru
CLM0037863,BEN_05816,Rajajinagar,2018-11-23,12,0,0,0,0,0,0,0,0,0,0.0,0.200251,0,0.0,0,213,0,2,0.9449,0.0224,GREEN,38,Bengaluru
CLM0037864,BEN_01209,Electronic City,2025-10-21,20,0,0,0,0,0,0,0,0,0,0.0,0.098245,0,0.0,0,129,0,1,0.6233,0.0,GREEN,23,Bengaluru
CLM0037865,BEN_05408,Electronic City,2025-01-12,19,0,0,0,0,0,0,0,0,0,1.0,0.40059,0,0.0,0,183,4,3,0.8267,0.0,GREEN,43,Bengaluru
CLM0037866,BEN_05409,HSR Layout,2025-06-25,9,0,0,0,0,0,0,0,0,0,0.0,0.33709,0,0.0,0,99,0,0,0.8296,0.0315,GREEN,36,Bengaluru
CLM0037867,BEN_08579,Marathahalli,2025-05-11,10,0,0,0,0,0,0,0,0,0,0.0,0.124797,0,0.0,0,336,1,2,0.8499,0.0333,GREEN,32,Bengaluru
CLM0037868,BEN_09453,Whitefield,2016-09-15,8,0,1,1,0,1,0,1,1,0,0.0,0.195485,0,0.0,1,5,2,18,0.7612,0.3117,YELLOW,28,Bengaluru
CLM0037869,BEN_05833,HSR Layout,2022-06-11,11,0,1,1,0,0,0,0,0,0,0.0,0.02671,0,1.0,0,380,2,1,0.9504,0.6959,RED,39,Bengaluru
CLM0037870,BEN_07790,Koramangala,2024-10-20,13,0,1,1,1,1,0,1,1,1,1.0,0.960053,0,0.0,0,5,2,18,0.2537,0.6785,RED,37,Bengaluru
CLM0037871,BEN_04452,Whitefield,2025-08-23,10,0,1,1,0,0,0,1,1,0,0.0,0.149978,0,0.0,1,5,0,18,0.7787,0.4047,YELLOW,25,Bengaluru
CLM0037872,BEN_04175,Yelahanka,2020-01-05,20,0,1,1,0,1,0,1,1,0,1.0,0.156413,0,1.0,1,26,2,18,0.4157,0.37,YELLOW,36,Bengaluru
CLM0037873,BEN_02538,Rajajinagar,2025-04-13,12,0,1,1,1,1,1,1,1,0,0.0,1.0,1,1.0,1,44,1,18,0.3232,0.7156,RED,50,Bengaluru
CLM0037874,BEN_06877,Marathahalli,2023-11-30,9,0,1,1,1,0,0,1,1,1,0.0,0.975764,0,0.0,1,5,0,18,0.0702,0.6264,RED,40,Bengaluru
CLM0037875,BEN_07588,HSR Layout,2023-01-25,7,0,1,1,1,0,0,0,0,1,1.0,0.00457,0,0.0,0,5,0,18,0.2213,0.4012,YELLOW,58,Bengaluru
CLM0037876,BEN_01623,Electronic City,2018-10-13,20,0,1,1,1,1,1,1,1,0,1.0,0.147901,1,0.0,0,5,0,18,0.2952,0.6985,RED,43,Bengaluru
CLM0037877,BEN_03863,Electronic City,2025-02-15,19,0,1,1,0,0,0,1,0,1,0.0,0.180118,0,0.0,0,29,1,18,0.925,0.2301,GREEN,42,Bengaluru
CLM0037878,BEN_07340,Whitefield,2019-07-06,16,0,1,1,1,0,0,0,1,1,1.0,0.860461,0,0.0,0,11,2,18,0.3476,0.6899,RED,54,Bengaluru
CLM0037879,BEN_00105,HSR Layout,2025-12-04,8,0,0,0,0,0,0,1,1,0,0.0,0.306326,0,0.0,0,361,0,3,0.863,0.2306,GREEN,28,Bengaluru
CLM0037880,BEN_09516,Koramangala,2024-10-10,19,0,0,0,0,0,1,0,0,0,0.0,0.495302,0,0.0,0,320,2,4,0.9741,0.2282,GREEN,27,Bengaluru
CLM0037881,BEN_05470,Indiranagar,2025-05-01,17,0,0,0,0,0,0,0,0,0,0.0,0.055431,0,0.0,1,123,1,4,0.8281,0.0,GREEN,49,Bengaluru
CLM0037882,BEN_00336,Rajajinagar,2025-11-22,21,0,0,0,0,0,0,0,0,0,0.0,0.11829,0,0.0,0,200,2,2,0.5254,0.0069,GREEN,60,Bengaluru
CLM0037883,BEN_04913,Marathahalli,2024-06-13,13,0,0,0,0,0,0,0,0,0,0.0,0.235224,0,0.0,0,25,2,5,0.6111,0.0076,GREEN,53,Bengaluru
CLM0037884,BEN_04386,Electronic City,2024-03-22,21,0,0,0,0,0,1,0,0,0,0.0,0.181255,0,0.0,0,124,0,1,0.5008,0.0931,GREEN,46,Bengaluru
CLM0037885,BEN_08602,Electronic City,2024-02-22,7,0,0,0,0,0,0,0,1,0,0.0,0.329658,0,0.0,0,40,1,0,0.7352,0.0996,GREEN,61,Bengaluru
CLM0037886,BEN_07902,Indiranagar,2019-02-28,17,0,0,0,0,0,0,0,0,0,0.0,0.926456,0,0.0,0,420,4,4,0.9418,0.0,GREEN,57,Bengaluru
CLM0037887,BEN_00642,HSR Layout,2019-11-07,10,0,0,0,0,0,0,1,0,0,0.0,0.076713,0,0.0,0,420,0,5,0.05,0.1346,GREEN,35,Bengaluru
CLM0037888,BEN_09957,Marathahalli,2019-02-20,15,0,0,0,0,0,0,0,0,0,0.0,0.071056,0,0.0,0,420,4,0,0.9341,0.0,GREEN,57,Bengaluru
CLM0037889,BEN_03529,Koramangala,2020-03-07,21,0,0,0,0,0,0,0,0,1,0.0,0.330352,0,0.0,0,199,0,2,0.6083,0.1186,GREEN,44,Bengaluru
CLM0037890,BEN_09248,Electronic City,2023-03-10,16,0,0,0,0,0,0,0,0,0,0.0,0.105147,0,0.0,0,420,1,4,0.5611,0.0,GREEN,38,Bengaluru
CLM0037891,BEN_01624,Yelahanka,2020-10-03,21,0,0,0,0,0,0,0,0,0,0.0,0.153814,0,0.0,1,420,0,3,0.0673,0.0963,GREEN,58,Bengaluru
CLM0037892,BEN_07800,Koramangala,2018-08-06,13,0,0,0,0,0,0,0,0,0,0.0,0.062687,0,0.0,0,354,4,0,0.8218,0.0,GREEN,49,Bengaluru
CLM0037893,BEN_07261,Jayanagar,2023-03-20,17,0,0,0,0,1,0,0,0,0,0.0,0.388778,0,0.0,0,334,2,5,0.7943,0.0179,GREEN,32,Bengaluru
CLM0037894,BEN_02612,Electronic City,2018-07-27,11,0,0,0,0,0,0,0,0,0,0.0,0.085642,0,0.0,0,194,4,2,0.98,0.0,GREEN,55,Bengaluru
CLM0037895,BEN_07842,Whitefield,2023-11-20,7,0,1,1,1,0,0,0,1,1,1.0,0.997846,1,1.0,0,5,0,18,0.05,0.4736,YELLOW,65,Bengaluru
CLM0037896,BEN_04614,Marathahalli,2024-06-20,20,0,1,1,0,1,1,1,1,1,1.0,1.0,0,1.0,1,47,0,18,0.05,0.844,RED,59,Bengaluru
CLM0037897,BEN_07079,BTM Layout,2020-09-20,20,0,1,1,1,1,0,1,1,0,0.0,1.0,0,1.0,1,5,2,18,0.8063,0.6885,RED,54,Bengaluru
CLM0037898,BEN_08809,Yelahanka,2019-10-22,9,0,1,1,1,0,0,1,1,1,0.0,0.177838,0,0.0,1,5,1,18,0.7352,0.5862,YELLOW,43,Bengaluru
CLM0037899,BEN_01807,Yelahanka,2021-04-17,20,0,1,1,0,0,1,1,0,1,1.0,1.0,0,0.0,1,16,0,18,0.203,0.6194,RED,44,Bengaluru
CLM0037900,BEN_08168,BTM Layout,2025-06-24,11,0,1,1,1,0,1,0,1,1,0.0,1.0,0,0.0,1,5,0,18,0.3806,0.6117,RED,39,Bengaluru
CLM0037901,BEN_04677,Yelahanka,2020-11-18,8,0,1,1,0,1,0,0,0,1,0.0,0.383497,0,0.0,0,235,2,1,0.6187,0.592,YELLOW,44,Bengaluru
CLM0037902,BEN_02648,Jayanagar,2022-10-26,7,0,1,1,1,1,0,1,0,1,0.0,1.0,0,1.0,1,24,1,18,0.2144,0.7122,RED,27,Bengaluru
CLM0037903,BEN_08237,Jayanagar,2020-01-12,15,0,1,1,0,0,0,0,0,0,0.0,1.0,1,0.0,0,385,2,2,0.6335,0.3995,YELLOW,40,Bengaluru
CLM0037904,BEN_09897,Electronic City,2021-05-28,20,0,0,0,0,0,0,0,0,0,0.0,0.087679,0,0.0,0,361,3,3,0.4773,0.0895,GREEN,23,Bengaluru
CLM0037905,BEN_03677,Marathahalli,2024-06-12,13,0,0,0,0,0,1,0,1,0,1.0,0.253872,1,0.0,1,210,1,0,0.5807,0.3229,YELLOW,59,Bengaluru
CLM0037906,BEN_02712,Indiranagar,2024-08-12,21,0,0,0,1,1,0,1,1,1,0.0,0.129337,1,0.0,0,23,3,18,0.7634,0.0,GREEN,39,Bengaluru
CLM0037907,BEN_04653,BTM Layout,2021-07-07,16,0,0,0,0,0,0,0,1,0,0.0,0.232397,0,0.0,0,73,1,3,0.5355,0.0,GREEN,54,Bengaluru
CLM0037908,BEN_02465,Jayanagar,2022-06-11,15,0,0,0,0,0,0,0,0,1,0.0,0.222183,0,0.0,0,297,3,2,0.7406,0.1407,GREEN,36,Bengaluru
CLM0037909,BEN_03943,BTM Layout,2025-01-19,17,0,0,0,0,0,0,0,0,0,0.0,0.256914,0,0.0,0,144,4,1,0.7364,0.0,GREEN,18,Bengaluru
CLM0037910,BEN_07895,Electronic City,2024-11-26,8,0,0,0,0,0,0,0,0,0,0.0,0.128543,0,0.0,0,82,4,1,0.5927,0.0,GREEN,57,Bengaluru
CLM0037911,BEN_00911,Koramangala,2025-06-25,15,0,0,0,0,0,0,0,0,0,0.0,0.062464,1,0.0,0,338,2,0,0.5645,0.0,GREEN,49,Bengaluru
CLM0037912,BEN_04729,Jayanagar,2023-08-07,20,0,0,0,0,0,0,0,1,0,0.0,0.141825,0,0.0,0,220,3,4,0.2389,0.0642,GREEN,48,Bengaluru
CLM0037913,BEN_09016,Indiranagar,2024-06-25,13,0,0,0,0,0,0,0,0,0,0.0,0.355384,0,0.0,0,342,1,5,0.7766,0.0,GREEN,37,Bengaluru
CLM0037914,BEN_04669,Whitefield,2022-02-24,13,0,0,0,0,0,0,1,1,1,0.0,0.270175,0,0.0,0,381,0,6,0.1687,0.2042,GREEN,33,Bengaluru
CLM0037915,BEN_04826,Rajajinagar,2023-08-31,16,0,0,0,0,0,0,0,0,0,0.0,0.127418,0,0.0,0,420,2,0,0.98,0.0,GREEN,29,Bengaluru
CLM0037916,BEN_09967,HSR Layout,2024-04-22,12,0,0,0,0,0,0,0,0,0,0.0,0.045384,0,0.0,0,47,2,0,0.98,0.098,GREEN,54,Bengaluru
CLM0037917,BEN_05578,BTM Layout,2025-06-11,7,0,0,0,0,0,0,0,1,0,0.0,0.075159,0,0.0,0,210,2,7,0.8297,0.0568,GREEN,19,Bengaluru
CLM0037918,BEN_02642,Electronic City,2023-01-23,10,0,0,0,1,0,0,0,0,0,0.0,0.100944,0,0.0,0,244,4,1,0.7668,0.0955,GREEN,29,Bengaluru
CLM0037919,BEN_03688,Koramangala,2022-11-07,14,0,0,0,0,0,0,1,0,0,0.0,0.201482,0,0.0,0,258,4,3,0.6135,0.0989,GREEN,52,Bengaluru
CLM0037920,BEN_07950,Whitefield,2025-03-05,17,0,0,0,0,0,1,0,0,0,0.0,0.981363,0,0.0,0,402,4,1,0.6536,0.0965,GREEN,47,Bengaluru
CLM0037921,BEN_08882,Jayanagar,2022-04-02,21,0,0,0,0,1,0,0,0,0,0.0,0.116289,0,0.0,0,114,1,3,0.7001,0.0756,GREEN,32,Bengaluru
CLM0037922,BEN_07408,Rajajinagar,2022-01-15,8,0,0,0,0,0,0,0,1,0,1.0,0.375762,0,0.0,0,420,0,0,0.9524,0.1989,GREEN,45,Bengaluru
CLM0037923,BEN_04827,Electronic City,2020-05-27,14,0,0,0,0,0,1,0,0,0,0.0,0.068889,0,0.0,0,342,0,0,0.6577,0.076,GREEN,40,Bengaluru
CLM0037924,BEN_03492,Koramangala,2021-12-13,12,0,0,0,0,0,0,0,0,0,0.0,0.344091,0,0.0,0,66,0,1,0.8546,0.0036,GREEN,32,Bengaluru
CLM0037925,BEN_00376,Rajajinagar,2023-07-02,9,0,0,0,0,0,0,0,0,1,0.0,0.092986,0,0.0,0,394,3,2,0.2161,0.1925,GREEN,50,Bengaluru
CLM0037926,BEN_08524,Whitefield,2025-08-02,14,0,0,0,0,0,0,0,0,0,0.0,0.059545,0,0.0,0,189,4,0,0.811,0.0,GREEN,47,Bengaluru
CLM0037927,BEN_09759,Rajajinagar,2019-05-20,19,0,0,0,0,0,0,1,0,0,0.0,0.334654,0,0.0,0,14,3,1,0.8406,0.1199,GREEN,47,Bengaluru
CLM0037928,BEN_00708,HSR Layout,2024-06-02,10,0,0,0,1,0,0,1,0,0,0.0,0.095111,0,0.0,0,420,0,0,0.98,0.2903,GREEN,41,Bengaluru
CLM0037929,BEN_00442,Indiranagar,2017-06-16,10,0,0,0,0,0,0,0,0,0,0.0,0.3858,0,0.0,0,63,4,4,0.5617,0.014,GREEN,56,Bengaluru
CLM0037930,BEN_00588,Jayanagar,2019-05-07,15,0,0,0,0,0,0,0,0,0,0.0,0.402061,0,0.0,0,420,4,3,0.2173,0.0387,GREEN,28,Bengaluru
CLM0037931,BEN_06160,Jayanagar,2025-12-06,9,0,0,0,0,0,0,0,0,0,0.0,0.43329,0,0.0,0,103,3,4,0.1583,0.0,GREEN,39,Bengaluru
CLM0037932,BEN_09149,Whitefield,2018-12-17,7,0,0,0,0,0,0,0,0,0,0.0,0.392892,1,0.0,0,330,4,5,0.9321,0.0,GREEN,48,Bengaluru
CLM0037933,BEN_07032,BTM Layout,2024-10-28,7,0,0,0,0,0,0,0,0,0,0.0,0.051778,0,0.0,0,183,1,0,0.8464,0.0,GREEN,42,Bengaluru
CLM0037934,BEN_04218,BTM Layout,2025-11-10,17,0,0,0,0,0,0,0,0,0,0.0,0.262702,0,1.0,0,273,2,2,0.4915,0.0048,GREEN,33,Bengaluru
CLM0037935,BEN_09984,Whitefield,2024-05-16,19,0,0,0,0,0,0,0,0,0,0.0,0.3154,0,0.0,0,342,4,1,0.6794,0.0,GREEN,44,Bengaluru
CLM0037936,BEN_09816,HSR Layout,2025-07-10,16,0,1,1,1,0,0,0,0,0,0.0,0.115879,0,0.0,0,55,2,5,0.9534,0.1938,GREEN,46,Bengaluru
CLM0037937,BEN_02823,Jayanagar,2023-04-01,8,0,0,0,1,0,0,0,1,0,0.0,0.315303,0,0.0,0,184,0,4,0.8533,0.2377,GREEN,39,Bengaluru
CLM0037938,BEN_08514,Electronic City,2023-05-12,8,0,0,0,1,0,1,0,0,0,0.0,0.200704,0,1.0,0,393,2,2,0.782,0.2689,GREEN,52,Bengaluru
CLM0037939,BEN_01444,Jayanagar,2023-09-14,12,0,0,0,0,0,0,0,0,0,0.0,0.397318,0,0.0,0,110,0,2,0.5646,0.0,GREEN,37,Bengaluru
CLM0037940,BEN_07960,Electronic City,2024-06-16,12,0,0,0,0,0,0,0,1,0,0.0,0.202676,1,0.0,0,30,1,1,0.5811,0.0756,GREEN,47,Bengaluru
CLM0037941,BEN_07998,Yelahanka,2022-11-01,8,0,0,0,0,0,0,0,0,0,0.0,0.100953,0,0.0,0,420,1,6,0.7755,0.0,GREEN,41,Bengaluru
CLM0037942,BEN_02799,BTM Layout,2023-11-09,11,0,0,0,0,1,0,0,0,0,0.0,0.454858,1,0.0,0,119,3,3,0.8197,0.1719,GREEN,51,Bengaluru
CLM0037943,BEN_08895,BTM Layout,2024-07-27,18,0,0,0,0,0,0,0,0,0,0.0,0.281802,0,1.0,0,22,2,3,0.7849,0.0133,GREEN,41,Bengaluru
CLM0037944,BEN_09939,Rajajinagar,2021-10-05,17,0,0,0,0,0,0,0,0,0,0.0,0.189054,0,0.0,0,128,2,3,0.4584,0.0,GREEN,54,Bengaluru
CLM0037945,BEN_01266,Yelahanka,2024-09-30,21,0,0,0,1,0,0,0,0,0,0.0,0.060559,0,0.0,0,268,4,0,0.9368,0.2228,GREEN,42,Bengaluru
CLM0037946,BEN_03648,Rajajinagar,2022-09-21,20,0,0,0,0,0,1,1,1,0,1.0,0.990738,0,1.0,0,242,1,1,0.1254,0.2582,GREEN,52,Bengaluru
CLM0037947,BEN_09377,Rajajinagar,2024-02-23,21,0,0,0,0,0,0,0,0,0,0.0,0.079865,0,0.0,0,290,4,4,0.05,0.0,GREEN,49,Bengaluru
CLM0037948,BEN_06959,BTM Layout,2022-10-11,21,0,0,0,0,0,1,0,0,0,1.0,0.231159,0,0.0,0,420,2,2,0.5867,0.238,GREEN,47,Bengaluru
CLM0037949,BEN_00940,Electronic City,2024-12-04,18,0,0,0,0,0,0,0,0,0,0.0,0.39021,0,0.0,0,285,2,3,0.5712,0.0148,GREEN,45,Bengaluru
CLM0037950,BEN_02177,Yelahanka,2023-10-28,21,0,0,0,1,0,1,1,1,1,0.0,0.023496,1,0.0,1,35,2,18,0.98,0.0118,GREEN,38,Bengaluru
CLM0037951,BEN_09181,Whitefield,2024-06-20,12,0,0,0,0,0,0,0,0,0,0.0,0.13663,0,0.0,0,22,4,4,0.7435,0.0,GREEN,38,Bengaluru
CLM0037952,BEN_01036,HSR Layout,2024-08-21,8,0,0,0,0,0,1,0,0,0,1.0,0.0,0,0.0,0,59,3,0,0.05,0.1067,GREEN,37,Bengaluru
CLM0037953,BEN_07970,Rajajinagar,2023-04-11,12,0,0,0,0,0,0,0,1,0,0.0,0.21845,0,0.0,0,420,0,4,0.652,0.0777,GREEN,32,Bengaluru
CLM0037954,BEN_04386,Electronic City,2023-05-14,11,0,0,0,0,0,0,0,0,0,0.0,0.213732,0,0.0,0,420,3,0,0.9093,0.0,GREEN,46,Bengaluru
CLM0037955,BEN_05780,Whitefield,2022-12-25,11,0,0,0,0,0,0,0,0,0,0.0,0.016063,0,0.0,0,84,4,2,0.9329,0.0662,GREEN,46,Bengaluru
CLM0037956,BEN_02827,Whitefield,2021-05-17,19,0,0,0,0,0,0,0,0,0,0.0,0.287268,0,0.0,0,323,3,5,0.9046,0.0,GREEN,35,Bengaluru
CLM0037957,BEN_01815,Koramangala,2019-09-27,11,0,0,0,0,0,0,0,0,0,0.0,0.211935,0,0.0,0,91,1,1,0.8594,0.0877,GREEN,73,Bengaluru
CLM0037958,BEN_05376,Rajajinagar,2020-01-18,16,0,1,1,0,0,1,0,0,0,0.0,0.037785,0,0.0,0,337,3,1,0.4861,0.0327,GREEN,46,Bengaluru
CLM0037959,BEN_02951,Indiranagar,2019-08-18,11,0,0,0,0,0,0,0,0,1,0.0,0.900958,0,0.0,0,112,2,0,0.5979,0.1068,GREEN,28,Bengaluru
CLM0037960,BEN_01501,Marathahalli,2021-08-29,10,0,0,0,0,0,0,0,0,0,1.0,0.125937,0,0.0,0,183,2,3,0.6027,0.0968,GREEN,48,Bengaluru
CLM0037961,BEN_04222,Indiranagar,2017-09-19,16,0,0,0,0,0,0,0,0,0,0.0,0.014693,0,0.0,0,266,0,1,0.5346,0.0377,GREEN,42,Bengaluru
CLM0037962,BEN_05591,Jayanagar,2025-02-09,18,0,0,0,0,0,0,0,0,0,0.0,0.253853,0,0.0,0,199,0,2,0.7645,0.0,GREEN,31,Bengaluru
CLM0037963,BEN_04412,Electronic City,2022-03-10,20,0,0,0,0,0,0,0,0,0,1.0,0.0,0,0.0,0,32,2,0,0.8523,0.1108,GREEN,34,Bengaluru
CLM0037964,BEN_06053,Koramangala,2024-03-11,19,0,0,0,0,0,0,0,0,0,0.0,0.148043,0,0.0,0,72,0,2,0.6881,0.0,GREEN,53,Bengaluru
CLM0037965,BEN_00240,Marathahalli,2024-03-19,15,0,0,0,0,0,0,0,0,0,0.0,0.110445,0,0.0,0,35,3,0,0.7262,0.1085,GREEN,38,Bengaluru
CLM0037966,BEN_00091,HSR Layout,2024-07-05,10,0,0,0,0,0,0,0,0,0,1.0,0.061666,0,0.0,0,420,4,5,0.9108,0.0851,GREEN,51,Bengaluru
CLM0037967,BEN_09824,Rajajinagar,2024-11-22,11,0,0,0,0,0,0,0,0,0,0.0,0.382174,0,1.0,0,255,4,2,0.8389,0.0,GREEN,42,Bengaluru
CLM0037968,BEN_09132,Jayanagar,2024-04-29,9,0,1,1,1,1,0,0,1,1,1.0,0.43698,0,1.0,1,5,1,18,0.2097,0.7064,RED,47,Bengaluru
CLM0037969,BEN_09883,Marathahalli,2024-05-24,10,0,1,1,0,1,1,1,0,1,1.0,1.0,1,0.0,1,13,0,18,0.3865,0.6568,RED,48,Bengaluru
CLM0037970,BEN_08084,HSR Layout,2024-10-09,18,0,1,1,0,1,0,1,1,0,0.0,0.938262,1,1.0,0,5,2,18,0.8132,0.4705,YELLOW,57,Bengaluru
CLM0037971,BEN_09336,HSR Layout,2019-02-10,16,0,1,1,0,0,0,0,0,0,0.0,0.994477,0,0.0,0,420,2,4,0.3841,0.4508,YELLOW,44,Bengaluru
CLM0037972,BEN_00619,Electronic City,2018-11-28,21,0,1,1,1,1,1,0,1,1,1.0,0.22126,0,0.0,0,5,0,18,0.8642,0.8376,RED,38,Bengaluru
CLM0037973,BEN_01975,Electronic City,2019-10-26,19,0,1,1,1,0,0,1,1,0,0.0,0.181464,0,0.0,0,40,2,18,0.8937,0.5212,YELLOW,40,Bengaluru
CLM0037974,BEN_02350,Electronic City,2025-01-24,21,0,0,0,0,0,1,0,1,0,0.0,0.475238,0,0.0,1,164,2,0,0.788,0.2443,GREEN,60,Bengaluru
CLM0037975,BEN_03547,Whitefield,2025-07-17,17,0,0,0,1,0,0,0,1,0,1.0,0.233667,0,0.0,0,412,1,5,0.21,0.263,GREEN,52,Bengaluru
CLM0037976,BEN_04930,Rajajinagar,2024-12-08,19,0,0,0,0,0,0,0,0,0,0.0,0.949185,0,0.0,0,235,0,5,0.2114,0.0,GREEN,31,Bengaluru
CLM0037977,BEN_05551,Jayanagar,2025-01-05,11,0,0,0,1,0,0,1,0,0,0.0,0.200953,0,1.0,0,18,3,4,0.7172,0.2431,GREEN,33,Bengaluru
CLM0037978,BEN_05884,Whitefield,2024-07-06,20,0,0,0,0,0,0,0,0,0,0.0,0.043987,0,0.0,0,283,0,0,0.5218,0.0562,GREEN,33,Bengaluru
CLM0037979,BEN_03565,Whitefield,2023-10-12,14,0,0,0,0,0,0,0,0,1,0.0,0.358379,0,0.0,0,321,4,3,0.6486,0.1426,GREEN,51,Bengaluru
CLM0037980,BEN_01573,Whitefield,2025-03-19,15,0,0,0,0,0,0,0,0,0,0.0,0.013814,0,0.0,0,84,4,2,0.8087,0.0,GREEN,29,Bengaluru
CLM0037981,BEN_00843,Koramangala,2025-05-03,18,0,0,0,0,0,0,0,0,0,0.0,0.083796,0,0.0,0,85,0,0,0.8519,0.0,GREEN,55,Bengaluru
CLM0037982,BEN_02861,Whitefield,2023-12-28,13,0,0,0,0,0,0,0,1,0,0.0,0.377814,0,0.0,0,256,0,0,0.5221,0.1268,GREEN,49,Bengaluru
CLM0037983,BEN_06774,Electronic City,2023-03-28,8,0,0,0,0,0,0,0,0,0,0.0,0.269477,0,0.0,0,211,3,0,0.7572,0.1283,GREEN,51,Bengaluru
CLM0037984,BEN_00469,Koramangala,2025-02-18,12,0,0,0,0,0,0,0,0,0,1.0,0.298296,0,0.0,0,153,1,0,0.6282,0.0713,GREEN,47,Bengaluru
CLM0037985,BEN_01988,Jayanagar,2025-10-11,7,0,0,0,0,0,0,0,0,1,0.0,0.055296,0,0.0,0,319,0,1,0.8188,0.1175,GREEN,48,Bengaluru
CLM0037986,BEN_02052,Indiranagar,2022-09-19,21,0,0,0,0,0,0,0,0,0,0.0,0.223832,0,0.0,0,275,0,1,0.8855,0.0604,GREEN,57,Bengaluru
CLM0037987,BEN_00844,BTM Layout,2022-06-06,8,0,0,0,0,0,0,0,0,0,0.0,0.121708,0,0.0,0,244,2,2,0.6273,0.0,GREEN,30,Bengaluru
CLM0037988,BEN_09104,Koramangala,2023-08-27,20,0,0,0,0,0,0,0,0,0,0.0,0.086905,0,0.0,0,106,2,6,0.6801,0.0,GREEN,34,Bengaluru
CLM0037989,BEN_04700,Yelahanka,2025-12-20,9,0,0,0,0,0,0,0,0,0,0.0,0.413394,0,0.0,0,51,1,0,0.6376,0.0,GREEN,45,Bengaluru
CLM0037990,BEN_00713,Koramangala,2025-08-15,19,0,0,0,0,0,0,0,0,0,0.0,0.262553,0,0.0,1,420,3,2,0.6736,0.085,GREEN,37,Bengaluru
CLM0037991,BEN_07179,Rajajinagar,2024-11-06,21,0,0,0,0,0,0,0,0,1,0.0,0.348258,1,0.0,1,420,4,0,0.4599,0.1556,GREEN,39,Bengaluru
CLM0037992,BEN_02791,Indiranagar,2022-07-03,8,0,0,0,0,0,0,0,0,0,0.0,0.318255,0,0.0,0,215,4,4,0.05,0.0,GREEN,52,Bengaluru
CLM0037993,BEN_02447,Indiranagar,2025-05-05,17,0,0,0,0,0,0,0,0,0,0.0,0.305544,0,0.0,0,318,1,2,0.4987,0.0335,GREEN,31,Bengaluru
CLM0037994,BEN_09975,Electronic City,2023-11-30,19,0,0,0,1,1,0,1,1,1,1.0,0.946793,0,0.0,1,5,0,18,0.05,0.096,GREEN,50,Bengaluru
CLM0037995,BEN_07784,BTM Layout,2022-09-29,9,0,0,0,0,0,1,0,0,0,0.0,0.0,0,0.0,0,199,0,1,0.5146,0.1369,GREEN,41,Bengaluru
CLM0037996,BEN_09721,Indiranagar,2024-04-04,12,0,1,1,0,0,0,0,0,0,0.0,0.332134,0,0.0,0,286,2,0,0.7295,0.0,GREEN,40,Bengaluru
CLM0037997,BEN_08398,Jayanagar,2024-01-07,19,0,0,0,0,1,0,0,0,0,0.0,0.157261,0,0.0,0,395,1,2,0.5796,0.1027,GREEN,30,Bengaluru
CLM0037998,BEN_02137,Marathahalli,2023-12-21,11,0,0,0,0,0,0,0,0,0,0.0,0.129419,0,0.0,0,56,2,1,0.8078,0.0,GREEN,49,Bengaluru
CLM0037999,BEN_07826,Jayanagar,2023-09-21,7,0,0,0,0,0,0,0,0,0,0.0,0.0,0,0.0,0,184,3,1,0.8403,0.0,GREEN,55,Bengaluru
CLM0038000,BEN_02616,Electronic City,2017-03-17,21,0,0,0,0,0,1,0,0,0,0.0,0.0,0,0.0,0,230,0,0,0.863,0.087,GREEN,43,Bengaluru
CLM0038001,BEN_02805,Electronic City,2024-11-01,20,0,0,0,0,0,0,0,0,0,0.0,0.45339,0,0.0,0,201,2,0,0.7726,0.0,GREEN,39,Bengaluru
CLM0038002,BEN_04166,Koramangala,2017-04-29,11,0,0,0,0,0,1,1,0,0,0.0,0.182848,0,0.0,0,171,1,3,0.9366,0.1722,GREEN,57,Bengaluru
CLM0038003,BEN_09475,Whitefield,2020-03-16,18,0,0,0,0,0,0,0,1,0,1.0,0.317064,0,0.0,0,338,3,0,0.98,0.3156,YELLOW,60,Bengaluru
CLM0038004,BEN_03947,Yelahanka,2023-12-24,16,0,0,0,0,0,0,0,0,0,0.0,1.0,0,0.0,0,132,4,0,0.814,0.0,GREEN,56,Bengaluru
CLM0038005,BEN_02949,Electronic City,2016-06-07,20,0,0,0,0,0,0,0,0,0,0.0,0.03396,0,0.0,0,155,4,2,0.7344,0.0684,GREEN,46,Bengaluru
CLM0038006,BEN_06275,Jayanagar,2016-04-10,11,0,0,0,0,0,0,0,0,0,0.0,0.119129,0,0.0,0,420,2,1,0.3034,0.0,GREEN,54,Bengaluru
CLM0038007,BEN_04487,Whitefield,2022-03-14,17,0,0,0,0,0,0,0,0,0,0.0,0.35768,0,0.0,0,38,4,3,0.9574,0.0308,GREEN,40,Bengaluru
CLM0038008,BEN_04872,Rajajinagar,2023-01-20,16,0,0,0,0,0,0,0,0,0,0.0,0.125264,0,0.0,0,40,0,4,0.9132,0.0,GREEN,51,Bengaluru
CLM0038009,BEN_05951,Indiranagar,2025-06-14,12,0,0,0,0,0,1,0,0,0,0.0,0.204911,0,0.0,0,379,1,0,0.6501,0.1667,GREEN,40,Bengaluru
CLM0038010,BEN_07071,Jayanagar,2021-09-09,8,0,1,1,0,0,1,0,0,0,0.0,0.159769,1,0.0,0,207,4,2,0.6276,0.2221,GREEN,38,Bengaluru
CLM0038011,BEN_09755,Electronic City,2024-01-09,9,0,0,0,0,0,0,0,0,0,0.0,0.052274,0,0.0,0,272,1,1,0.98,0.0242,GREEN,50,Bengaluru
CLM0038012,BEN_09602,Whitefield,2025-10-26,10,0,0,0,0,0,0,0,0,0,0.0,0.162429,1,0.0,0,420,0,1,0.737,0.1144,GREEN,61,Bengaluru
CLM0038013,BEN_05828,Whitefield,2022-11-19,20,0,0,0,0,0,0,0,0,0,0.0,0.187545,0,0.0,0,15,0,1,0.9459,0.0791,GREEN,50,Bengaluru
CLM0038014,BEN_03178,Whitefield,2022-10-08,14,0,0,0,0,0,0,0,0,0,0.0,0.027659,0,0.0,0,250,3,3,0.9654,0.0112,GREEN,54,Bengaluru
CLM0038015,BEN_05334,Koramangala,2018-07-16,15,0,0,0,0,0,0,1,0,0,0.0,0.291924,0,0.0,0,420,1,3,0.6582,0.0,GREEN,47,Bengaluru
CLM0038016,BEN_05412,HSR Layout,2017-06-07,15,0,0,0,0,0,0,0,0,0,0.0,0.0,0,0.0,0,420,0,4,0.793,0.0341,GREEN,44,Bengaluru
CLM0038017,BEN_06503,Whitefield,2016-05-12,17,0,0,0,0,0,0,0,0,0,0.0,0.269811,0,0.0,1,420,1,2,0.8584,0.0664,GREEN,37,Bengaluru
CLM0038018,BEN_00173,Yelahanka,2020-06-14,11,0,0,0,0,0,0,0,0,0,0.0,0.392497,0,0.0,0,60,1,2,0.1247,0.0,GREEN,41,Bengaluru
CLM0038019,BEN_08787,Indiranagar,2024-03-27,16,0,0,0,0,0,0,1,1,0,0.0,0.35632,0,0.0,0,420,1,0,0.5722,0.1112,GREEN,34,Bengaluru
CLM0038020,BEN_05769,Electronic City,2024-04-30,20,0,0,0,0,0,0,0,0,0,0.0,0.35627,0,1.0,0,327,4,1,0.8998,0.0,GREEN,46,Bengaluru
CLM0038021,BEN_00888,Koramangala,2025-01-24,14,0,0,0,0,0,0,0,0,0,0.0,0.208186,0,0.0,0,107,4,3,0.578,0.0,GREEN,45,Bengaluru
CLM0038022,BEN_09059,Jayanagar,2019-11-02,18,1,0,0,0,0,0,0,1,0,0.0,0.951068,0,0.0,0,71,0,3,0.6027,0.1107,GREEN,39,Bengaluru
CLM0038023,BEN_04831,Whitefield,2021-03-24,7,0,0,0,1,1,1,1,1,0,0.0,1.0,1,0.0,1,10,1,18,0.0869,0.0,GREEN,42,Bengaluru
CLM0038024,BEN_04314,Whitefield,2019-12-27,7,0,1,1,0,0,0,0,0,0,0.0,0.022064,0,0.0,0,127,1,4,0.9675,0.0,GREEN,54,Bengaluru
CLM0038025,BEN_06919,Rajajinagar,2024-03-15,13,0,0,0,0,0,0,0,0,0,1.0,0.342543,0,0.0,0,385,3,1,0.05,0.1502,GREEN,33,Bengaluru
CLM0038026,BEN_02181,Koramangala,2022-07-11,20,0,0,0,0,0,1,0,0,0,0.0,0.0,0,0.0,0,396,4,1,0.629,0.0662,GREEN,22,Bengaluru
CLM0038027,BEN_03838,Marathahalli,2025-04-27,19,0,0,0,0,0,0,0,0,0,1.0,0.058791,0,0.0,0,73,0,0,0.5759,0.1503,GREEN,46,Bengaluru
CLM0038028,BEN_00084,Jayanagar,2024-09-23,9,0,0,0,0,0,0,0,1,0,0.0,0.275438,0,0.0,0,114,3,0,0.05,0.0512,GREEN,52,Bengaluru
CLM0038029,BEN_09572,HSR Layout,2022-12-01,7,0,0,0,0,0,0,0,0,0,0.0,0.249201,0,0.0,0,420,2,5,0.7967,0.0204,GREEN,52,Bengaluru
CLM0038030,BEN_02657,Electronic City,2024-06-29,16,0,0,0,0,0,0,0,0,0,0.0,0.135696,0,0.0,0,420,4,5,0.9064,0.0,GREEN,27,Bengaluru
CLM0038031,BEN_03660,BTM Layout,2023-05-08,21,0,0,0,0,0,0,0,0,0,0.0,0.139582,0,0.0,0,244,3,2,0.05,0.0308,GREEN,53,Bengaluru
CLM0038032,BEN_07099,Yelahanka,2024-05-23,10,0,0,0,0,0,1,0,0,0,0.0,0.269474,0,0.0,0,9,0,0,0.7952,0.0785,GREEN,42,Bengaluru
CLM0038033,BEN_03046,HSR Layout,2024-09-22,7,0,0,0,0,0,0,0,0,0,0.0,0.390297,0,0.0,0,329,4,0,0.7534,0.0,GREEN,48,Bengaluru
CLM0038034,BEN_03049,Whitefield,2023-07-20,11,0,0,0,0,0,0,0,0,0,0.0,0.412504,0,0.0,0,384,3,3,0.6525,0.1057,GREEN,39,Bengaluru
CLM0038035,BEN_09925,Koramangala,2023-01-12,13,0,0,0,0,0,0,0,0,0,0.0,0.067293,0,0.0,0,139,0,2,0.98,0.0,GREEN,54,Bengaluru
CLM0038036,BEN_09889,Electronic City,2024-12-23,7,0,0,0,0,0,1,1,0,0,0.0,0.345625,0,0.0,0,420,3,0,0.98,0.1994,GREEN,53,Bengaluru
CLM0038037,BEN_06285,Marathahalli,2021-01-07,21,0,0,0,0,0,0,1,0,0,0.0,1.0,0,0.0,0,343,4,1,0.8633,0.1631,GREEN,58,Bengaluru
CLM0038038,BEN_09603,Marathahalli,2024-12-14,11,0,0,0,0,0,1,0,0,0,1.0,0.92221,1,1.0,0,317,1,6,0.9204,0.1693,GREEN,34,Bengaluru
CLM0038039,BEN_09546,Electronic City,2025-08-18,17,0,0,0,0,0,0,0,0,0,0.0,0.071719,0,0.0,0,324,2,3,0.8575,0.0,GREEN,54,Bengaluru
CLM0038040,BEN_08864,BTM Layout,2021-06-22,15,0,0,0,0,0,0,0,0,0,1.0,0.112651,0,0.0,0,5,1,2,0.3359,0.0,GREEN,66,Bengaluru
CLM0038041,BEN_08631,BTM Layout,2018-03-23,8,0,0,0,0,0,0,0,0,0,0.0,0.043324,0,0.0,0,250,0,0,0.6285,0.1763,GREEN,46,Bengaluru
CLM0038042,BEN_03367,Whitefield,2018-06-26,13,0,0,0,0,0,0,0,0,0,0.0,0.238194,0,0.0,0,114,1,5,0.6681,0.033,GREEN,43,Bengaluru
CLM0038043,BEN_01217,Marathahalli,2023-11-14,9,0,0,0,0,0,0,0,1,0,0.0,0.26004,0,1.0,0,420,2,2,0.98,0.1457,GREEN,49,Bengaluru
CLM0038044,BEN_03555,Electronic City,2021-11-26,12,0,0,0,0,1,0,0,0,0,0.0,0.256115,0,0.0,0,143,1,1,0.6936,0.0077,GREEN,55,Bengaluru
CLM0038045,BEN_01000,BTM Layout,2020-06-23,15,0,0,0,0,0,1,0,0,0,0.0,0.131829,0,0.0,0,301,1,0,0.4178,0.067,GREEN,45,Bengaluru
CLM0038046,BEN_06715,Whitefield,2025-12-18,16,0,0,0,1,0,0,0,0,0,0.0,0.158566,0,0.0,0,303,3,2,0.6691,0.1708,GREEN,48,Bengaluru
CLM0038047,BEN_03446,BTM Layout,2019-10-21,9,0,0,0,0,0,0,0,0,1,0.0,0.380687,0,0.0,0,303,1,3,0.7128,0.1366,GREEN,55,Bengaluru
CLM0038048,BEN_02772,HSR Layout,2019-02-26,10,0,0,0,0,0,0,0,0,0,0.0,0.266028,0,1.0,1,415,3,0,0.9248,0.1047,GREEN,30,Bengaluru
CLM0038049,BEN_06994,Indiranagar,2022-01-15,20,0,0,0,0,0,0,0,0,0,0.0,0.898805,0,0.0,0,296,3,6,0.6892,0.1156,GREEN,49,Bengaluru
CLM0038050,BEN_05393,Electronic City,2023-10-31,21,0,0,0,0,0,0,0,0,0,0.0,0.246098,0,0.0,0,272,0,1,0.7624,0.0,GREEN,51,Bengaluru
CLM0038051,BEN_04647,Jayanagar,2024-01-03,11,0,0,0,0,0,0,0,0,0,0.0,0.297386,0,0.0,0,140,2,1,0.8127,0.0093,GREEN,44,Bengaluru
CLM0038052,BEN_08094,Rajajinagar,2021-03-21,14,0,0,0,0,0,0,0,0,0,0.0,0.12042,0,0.0,0,282,0,3,0.9632,0.0,GREEN,29,Bengaluru
CLM0038053,BEN_07323,Rajajinagar,2025-12-27,17,0,0,0,0,0,0,0,1,0,0.0,0.35256,0,0.0,0,50,2,2,0.6404,0.2199,GREEN,31,Bengaluru
CLM0038054,BEN_02535,Whitefield,2025-10-26,13,0,0,0,0,0,0,1,0,0,0.0,0.030182,0,0.0,0,365,1,3,0.5198,0.0704,GREEN,47,Bengaluru
CLM0038055,BEN_09491,Indiranagar,2022-11-13,16,0,0,0,0,0,0,0,0,0,0.0,0.0,0,0.0,0,75,4,1,0.4194,0.082,GREEN,43,Bengaluru
CLM0038056,BEN_09514,Indiranagar,2023-07-30,9,0,0,0,0,0,0,0,0,0,0.0,0.256168,0,0.0,0,420,4,3,0.8699,0.0194,GREEN,41,Bengaluru
CLM0038057,BEN_06806,Marathahalli,2024-07-21,8,0,0,0,0,0,0,0,0,0,1.0,0.281608,0,0.0,0,372,0,0,0.8146,0.0549,GREEN,46,Bengaluru
CLM0038058,BEN_09516,Koramangala,2022-08-12,19,0,0,0,0,0,0,0,0,0,0.0,0.278355,0,0.0,0,44,3,5,0.9308,0.0385,GREEN,27,Bengaluru
CLM0038059,BEN_01855,Electronic City,2024-01-14,8,0,0,0,0,0,0,0,0,0,0.0,0.369275,1,0.0,0,190,1,3,0.6536,0.0982,GREEN,56,Bengaluru
CLM0038060,BEN_04773,Koramangala,2019-01-05,11,0,0,0,0,0,1,0,0,0,0.0,0.444866,0,0.0,0,248,0,6,0.6548,0.15,GREEN,41,Bengaluru
CLM0038061,BEN_07607,Yelahanka,2021-11-26,10,0,0,0,1,1,0,1,0,1,0.0,1.0,0,1.0,1,19,2,18,0.3552,0.0111,GREEN,42,Bengaluru
CLM0038062,BEN_09416,Rajajinagar,2023-02-25,13,0,0,0,0,0,0,0,0,0,1.0,0.15151,0,0.0,0,14,4,2,0.6525,0.0238,GREEN,42,Bengaluru
CLM0038063,BEN_07224,Yelahanka,2022-08-10,20,0,0,0,0,1,0,0,0,0,0.0,0.220213,0,0.0,0,407,4,0,0.5464,0.1044,GREEN,55,Bengaluru
CLM0038064,BEN_00951,BTM Layout,2025-12-18,18,0,0,0,0,0,0,0,0,0,0.0,0.131365,0,0.0,0,287,0,0,0.4378,0.0,GREEN,60,Bengaluru
CLM0038065,BEN_04520,Yelahanka,2016-03-07,10,0,0,0,0,0,0,0,0,0,0.0,0.949282,0,0.0,0,215,0,2,0.4879,0.0282,GREEN,37,Bengaluru
CLM0038066,BEN_04879,Jayanagar,2022-10-04,16,0,0,0,0,1,0,0,0,1,1.0,1.0,1,0.0,1,12,2,18,0.124,0.0,GREEN,41,Bengaluru
CLM0038067,BEN_02305,HSR Layout,2025-05-19,21,0,0,0,0,0,0,0,0,0,0.0,0.028191,0,0.0,0,131,4,2,0.6147,0.0042,GREEN,39,Bengaluru
CLM0038068,BEN_01771,Rajajinagar,2019-05-05,12,0,0,0,1,0,0,0,0,0,0.0,0.105426,0,0.0,0,147,1,4,0.6745,0.2471,GREEN,54,Bengaluru
CLM0038069,BEN_06523,Marathahalli,2019-09-13,11,0,0,0,0,0,0,0,0,0,1.0,1.0,0,1.0,0,420,4,0,0.6625,0.0668,GREEN,45,Bengaluru
CLM0038070,BEN_06125,HSR Layout,2019-01-26,18,0,0,0,0,0,0,0,0,1,0.0,0.274248,0,0.0,0,413,3,1,0.9667,0.1042,GREEN,34,Bengaluru
CLM0038071,BEN_08346,Yelahanka,2024-02-26,9,0,0,0,0,0,0,0,0,0,0.0,0.28784,1,0.0,0,327,3,4,0.4812,0.0977,GREEN,23,Bengaluru
CLM0038072,BEN_05132,Whitefield,2019-02-18,10,0,0,0,0,0,0,0,0,0,1.0,0.415184,0,1.0,0,111,3,1,0.4912,0.2364,GREEN,25,Bengaluru
CLM0038073,BEN_00789,Indiranagar,2023-04-06,11,0,0,0,0,1,0,0,0,0,0.0,0.272204,0,0.0,0,226,2,5,0.8826,0.1223,GREEN,45,Bengaluru
CLM0038074,BEN_07513,Marathahalli,2021-02-07,17,0,0,0,0,0,0,0,0,0,1.0,0.407168,0,0.0,0,223,3,0,0.8974,0.0935,GREEN,44,Bengaluru
CLM0038075,BEN_00923,Electronic City,2021-04-04,19,0,0,0,0,0,0,0,0,0,0.0,0.19795,0,0.0,0,364,2,2,0.6051,0.0972,GREEN,52,Bengaluru
CLM0038076,BEN_09880,Marathahalli,2025-03-22,15,0,0,0,0,0,0,0,0,0,0.0,0.002962,0,0.0,0,420,4,7,0.6397,0.0,GREEN,59,Bengaluru
CLM0038077,BEN_00314,Rajajinagar,2022-06-01,14,0,0,0,0,0,0,0,0,1,0.0,0.114096,0,0.0,0,387,0,4,0.4211,0.1701,GREEN,44,Bengaluru
CLM0038078,BEN_03864,Indiranagar,2021-10-06,20,0,0,0,0,0,0,0,0,0,0.0,0.384969,0,0.0,0,420,3,4,0.9654,0.0,GREEN,44,Bengaluru
CLM0038079,BEN_03238,Marathahalli,2023-04-07,19,0,0,0,0,0,0,0,0,0,0.0,0.103124,0,0.0,0,420,0,3,0.98,0.0,GREEN,37,Bengaluru
CLM0038080,BEN_07304,Electronic City,2021-01-03,10,0,0,0,0,0,0,0,0,0,0.0,0.024503,0,1.0,0,79,4,4,0.167,0.0587,GREEN,59,Bengaluru
CLM0038081,BEN_06897,Marathahalli,2020-08-29,18,0,0,0,0,0,0,0,0,0,0.0,0.94951,0,0.0,0,324,2,3,0.5277,0.0439,GREEN,38,Bengaluru
CLM0038082,BEN_05527,Electronic City,2018-10-02,9,0,0,0,0,0,0,0,0,0,0.0,0.215269,0,0.0,0,88,2,5,0.8104,0.0516,GREEN,38,Bengaluru
CLM0038083,BEN_04032,Indiranagar,2023-03-30,11,0,0,0,0,0,0,0,0,0,0.0,0.239384,0,0.0,0,80,2,4,0.7508,0.0579,GREEN,44,Bengaluru
CLM0038084,BEN_04588,Koramangala,2025-05-19,14,0,0,0,0,1,0,0,0,0,0.0,0.380315,0,0.0,0,36,4,0,0.9155,0.2153,GREEN,45,Bengaluru
CLM0038085,BEN_05097,Rajajinagar,2024-06-09,21,0,0,0,0,0,1,0,0,0,0.0,0.041778,0,0.0,0,420,3,2,0.6347,0.0576,GREEN,67,Bengaluru
CLM0038086,BEN_00810,Marathahalli,2024-05-05,8,0,0,0,0,0,1,0,0,0,0.0,0.188051,0,0.0,0,132,0,2,0.5931,0.0835,GREEN,42,Bengaluru
CLM0038087,BEN_04036,BTM Layout,2024-05-20,16,0,0,0,0,0,1,0,0,0,1.0,0.0,0,0.0,0,420,1,6,0.4898,0.1736,GREEN,58,Bengaluru
CLM0038088,BEN_04972,Marathahalli,2023-07-15,17,0,0,0,0,0,0,0,1,0,0.0,0.016563,0,0.0,0,154,0,0,0.8362,0.104,GREEN,59,Bengaluru
CLM0038089,BEN_06630,Koramangala,2023-01-30,12,0,0,0,0,0,0,0,0,0,0.0,0.14438,0,0.0,0,351,0,3,0.98,0.0849,GREEN,42,Bengaluru
CLM0038090,BEN_04324,BTM Layout,2023-04-13,16,0,0,0,0,0,0,0,0,1,0.0,0.221776,1,0.0,0,157,4,3,0.05,0.1722,GREEN,53,Bengaluru
CLM0038091,BEN_09677,Indiranagar,2023-03-09,9,0,0,0,0,0,0,1,1,0,0.0,0.309935,0,0.0,0,63,3,3,0.8317,0.1906,GREEN,48,Bengaluru
CLM0038092,BEN_00300,Jayanagar,2018-02-10,15,0,0,0,0,1,0,1,1,0,1.0,1.0,0,1.0,0,16,1,18,0.0738,0.0073,GREEN,40,Bengaluru
CLM0038093,BEN_09188,Koramangala,2021-12-31,7,0,0,0,0,0,0,0,0,0,0.0,0.300782,0,0.0,0,290,3,0,0.5664,0.082,GREEN,18,Bengaluru
CLM0038094,BEN_02997,Jayanagar,2017-10-23,15,0,0,0,0,0,0,0,0,0,0.0,0.075622,0,0.0,0,420,2,3,0.8503,0.0,GREEN,27,Bengaluru
CLM0038095,BEN_09308,HSR Layout,2016-04-11,14,0,0,0,0,0,0,0,0,0,0.0,0.315908,0,0.0,0,381,0,2,0.6626,0.0764,GREEN,40,Bengaluru
CLM0038096,BEN_03083,Indiranagar,2022-05-16,7,0,0,0,0,0,0,0,0,0,1.0,0.333558,0,0.0,0,420,3,1,0.8004,0.0,GREEN,32,Bengaluru
CLM0038097,BEN_06321,HSR Layout,2015-09-20,11,0,0,0,0,0,0,0,0,0,0.0,0.102609,0,0.0,0,420,4,1,0.6682,0.0312,GREEN,58,Bengaluru
CLM0038098,BEN_03244,Jayanagar,2017-08-22,19,0,0,0,0,0,1,0,0,0,0.0,0.12127,0,0.0,0,298,0,2,0.5007,0.0189,GREEN,41,Bengaluru
CLM0038099,BEN_07500,Whitefield,2016-09-20,13,0,1,1,0,0,0,0,0,0,0.0,0.19223,0,0.0,0,420,3,4,0.9383,0.0,GREEN,39,Bengaluru
CLM0038100,BEN_09459,Yelahanka,2018-09-18,15,0,0,0,0,0,0,0,0,0,0.0,1.0,0,0.0,0,110,0,4,0.8442,0.0396,GREEN,37,Bengaluru
CLM0038101,BEN_07472,Marathahalli,2022-07-06,12,0,0,0,0,0,0,0,0,0,0.0,1.0,0,0.0,0,339,0,5,0.9231,0.0,GREEN,54,Bengaluru
CLM0038102,BEN_01551,Yelahanka,2020-09-12,20,0,0,0,0,0,0,0,0,0,0.0,0.117374,0,0.0,0,161,4,0,0.7944,0.0,GREEN,38,Bengaluru
CLM0038103,BEN_04362,Electronic City,2019-08-21,18,0,0,0,0,0,0,0,0,0,0.0,0.347641,0,0.0,0,77,1,3,0.5143,0.0,GREEN,23,Bengaluru
CLM0038104,BEN_03689,HSR Layout,2024-10-10,17,0,0,0,0,0,1,0,0,0,0.0,0.294199,0,0.0,0,364,1,1,0.9445,0.1975,GREEN,45,Bengaluru
CLM0038105,BEN_01627,BTM Layout,2021-04-01,15,0,0,0,0,0,0,0,0,0,0.0,0.228498,0,0.0,0,133,0,0,0.9687,0.1089,GREEN,61,Bengaluru
CLM0038106,BEN_08418,Yelahanka,2022-03-09,7,0,1,1,0,0,0,0,0,0,0.0,0.514946,0,0.0,0,420,3,5,0.6674,0.018,GREEN,46,Bengaluru
CLM0038107,BEN_00792,Jayanagar,2025-01-15,12,0,0,0,0,0,0,0,0,0,0.0,0.413718,0,0.0,0,145,1,3,0.98,0.0322,GREEN,49,Bengaluru
CLM0038108,BEN_09669,Rajajinagar,2025-01-08,11,0,0,0,0,0,0,0,0,0,0.0,0.160461,0,0.0,0,6,0,4,0.9062,0.0,GREEN,53,Bengaluru
CLM0038109,BEN_09702,Yelahanka,2022-01-24,11,0,0,0,0,0,0,0,0,0,0.0,0.073542,0,0.0,0,79,2,0,0.117,0.0234,GREEN,40,Bengaluru
CLM0038110,BEN_08264,Koramangala,2025-10-06,19,0,0,0,0,0,0,0,0,0,1.0,0.254737,0,0.0,0,94,0,3,0.7762,0.1148,GREEN,41,Bengaluru
CLM0038111,BEN_06371,Jayanagar,2020-07-15,17,0,0,0,0,0,0,0,0,0,0.0,0.480237,0,0.0,0,112,0,0,0.9189,0.0,GREEN,36,Bengaluru
CLM0038112,BEN_05432,Rajajinagar,2024-11-18,18,0,0,0,0,0,0,0,0,0,0.0,0.289335,1,0.0,0,121,0,4,0.8875,0.088,GREEN,30,Bengaluru
CLM0038113,BEN_01554,Whitefield,2021-07-19,12,0,0,0,0,0,0,0,0,0,0.0,0.051643,0,0.0,0,322,0,4,0.5283,0.0247,GREEN,34,Bengaluru
CLM0038114,BEN_09005,Yelahanka,2024-09-22,14,0,0,0,0,0,0,0,0,0,0.0,0.380616,0,0.0,0,156,0,6,0.587,0.0662,GREEN,41,Bengaluru
CLM0038115,BEN_06098,Whitefield,2025-12-25,9,0,0,0,0,0,0,0,0,1,0.0,0.020899,0,0.0,0,129,4,0,0.7274,0.0389,GREEN,56,Bengaluru
CLM0038116,BEN_07095,Electronic City,2021-09-20,11,0,0,0,0,0,0,0,0,0,0.0,0.159522,0,0.0,0,161,2,3,0.6463,0.0038,GREEN,36,Bengaluru
CLM0038117,BEN_02527,Jayanagar,2023-05-27,21,0,0,0,0,0,0,0,0,0,0.0,0.188189,0,0.0,0,348,3,4,0.652,0.0906,GREEN,28,Bengaluru
CLM0038118,BEN_01818,Koramangala,2024-08-13,18,0,0,0,0,0,0,1,1,0,0.0,0.253934,0,1.0,0,391,4,0,0.1559,0.3139,YELLOW,40,Bengaluru
CLM0038119,BEN_03135,Whitefield,2025-03-29,8,0,1,1,0,0,0,0,0,0,0.0,0.0,0,0.0,1,176,4,3,0.5429,0.0207,GREEN,40,Bengaluru
CLM0038120,BEN_04483,Yelahanka,2024-11-24,18,0,1,1,0,0,0,0,0,0,0.0,0.22983,0,0.0,0,420,1,0,0.7681,0.0368,GREEN,50,Bengaluru
CLM0038121,BEN_04754,BTM Layout,2021-06-05,14,0,0,0,0,0,0,0,0,0,0.0,0.264929,0,0.0,0,101,0,5,0.5228,0.1252,GREEN,58,Bengaluru
CLM0038122,BEN_09725,Rajajinagar,2022-10-25,14,0,0,0,1,0,0,0,0,0,0.0,0.0,0,0.0,0,250,1,3,0.177,0.1979,GREEN,44,Bengaluru
CLM0038123,BEN_01917,Yelahanka,2022-03-22,12,0,0,0,0,1,0,0,0,0,0.0,0.951272,0,0.0,0,274,3,4,0.8935,0.148,GREEN,42,Bengaluru
CLM0038124,BEN_05598,Whitefield,2024-07-24,12,0,0,0,0,0,0,0,0,0,1.0,0.174385,0,0.0,0,420,4,6,0.9373,0.0631,GREEN,51,Bengaluru
CLM0038125,BEN_02397,Whitefield,2024-08-27,17,0,0,0,0,0,0,0,0,0,1.0,1.0,0,1.0,0,300,1,1,0.5642,0.0171,GREEN,50,Bengaluru
CLM0038126,BEN_07279,Koramangala,2025-01-15,13,0,1,1,0,0,0,1,1,1,0.0,0.069472,0,0.0,0,7,0,18,0.806,0.4052,YELLOW,35,Bengaluru
CLM0038127,BEN_08154,Jayanagar,2024-04-18,9,0,1,1,1,0,0,0,0,0,0.0,0.320045,0,0.0,0,383,1,1,0.6402,0.7619,RED,42,Bengaluru
CLM0038128,BEN_00684,Rajajinagar,2025-09-25,19,0,1,1,0,0,0,0,0,1,0.0,0.313093,0,0.0,0,350,2,4,0.98,0.7299,RED,50,Bengaluru
CLM0038129,BEN_06728,HSR Layout,2023-11-20,14,0,0,0,0,0,0,0,0,0,0.0,0.011178,0,0.0,0,5,0,3,0.98,0.0302,GREEN,32,Bengaluru
CLM0038130,BEN_01536,Marathahalli,2025-06-24,17,0,0,0,0,0,1,1,0,1,0.0,0.415444,0,0.0,0,29,3,0,0.9616,0.2574,GREEN,44,Bengaluru
CLM0038131,BEN_05550,BTM Layout,2022-08-10,10,0,0,0,0,0,0,0,0,0,0.0,0.378172,0,0.0,0,355,1,1,0.2232,0.0111,GREEN,38,Bengaluru
CLM0038132,BEN_03171,BTM Layout,2023-03-06,11,0,0,0,0,0,0,0,0,0,0.0,0.067603,0,0.0,0,265,1,4,0.5892,0.0167,GREEN,55,Bengaluru
CLM0038133,BEN_00227,Rajajinagar,2023-09-01,19,0,0,0,1,0,0,0,0,0,0.0,0.378376,0,0.0,0,333,4,0,0.6169,0.2046,GREEN,39,Bengaluru
CLM0038134,BEN_09999,Electronic City,2024-02-16,15,0,0,0,0,0,0,1,0,0,0.0,0.300891,0,0.0,0,420,1,0,0.444,0.0002,GREEN,43,Bengaluru
CLM0038135,BEN_05857,Electronic City,2025-10-24,13,0,0,0,0,0,0,0,0,0,0.0,0.911759,0,0.0,0,420,2,1,0.6388,0.0,GREEN,62,Bengaluru
CLM0038136,BEN_09498,BTM Layout,2025-07-22,13,0,0,0,0,0,0,0,0,0,0.0,0.221468,0,0.0,0,312,3,0,0.8265,0.0024,GREEN,34,Bengaluru
CLM0038137,BEN_08870,Electronic City,2020-01-19,16,0,0,0,0,0,0,0,1,0,0.0,0.348431,0,0.0,0,420,1,4,0.5833,0.0105,GREEN,35,Bengaluru
CLM0038138,BEN_08231,Jayanagar,2025-11-16,8,0,0,0,0,0,0,0,0,0,0.0,0.039411,0,0.0,0,89,1,0,0.8596,0.0542,GREEN,40,Bengaluru
CLM0038139,BEN_08658,Indiranagar,2022-03-01,18,0,0,0,0,0,0,0,0,0,0.0,0.371197,0,0.0,0,306,1,2,0.98,0.0,GREEN,44,Bengaluru
CLM0038140,BEN_00911,Koramangala,2023-08-30,14,0,0,0,0,0,1,0,0,1,0.0,0.061535,0,0.0,0,239,0,0,0.319,0.2182,GREEN,49,Bengaluru
CLM0038141,BEN_02069,Koramangala,2024-12-01,8,0,0,0,0,1,0,0,0,0,0.0,0.412893,0,0.0,0,121,0,6,0.9773,0.1799,GREEN,36,Bengaluru
CLM0038142,BEN_01529,Electronic City,2022-12-31,19,0,0,0,0,0,0,0,0,0,0.0,1.0,0,0.0,0,71,0,1,0.7066,0.0,GREEN,42,Bengaluru
CLM0038143,BEN_09550,Jayanagar,2018-10-29,7,0,0,0,0,1,0,0,0,0,0.0,0.068144,0,0.0,0,420,1,4,0.7077,0.0666,GREEN,54,Bengaluru
CLM0038144,BEN_07394,Whitefield,2021-03-02,11,0,1,1,1,0,0,0,0,0,0.0,0.961968,0,0.0,0,160,0,1,0.5545,0.2502,GREEN,41,Bengaluru
CLM0038145,BEN_07542,Jayanagar,2023-06-26,21,0,0,0,0,0,0,0,0,0,0.0,0.195878,0,0.0,0,420,2,0,0.7826,0.0,GREEN,43,Bengaluru
CLM0038146,BEN_05437,HSR Layout,2025-06-04,20,0,0,0,0,1,0,1,0,0,0.0,0.364678,0,0.0,0,294,2,1,0.861,0.0653,GREEN,33,Bengaluru
CLM0038147,BEN_05803,Yelahanka,2024-05-18,7,0,0,0,0,0,0,0,0,0,0.0,0.108025,0,0.0,0,345,3,1,0.824,0.0544,GREEN,18,Bengaluru
CLM0038148,BEN_01380,Marathahalli,2021-02-14,11,0,0,0,0,0,0,0,1,0,0.0,0.045077,0,0.0,0,420,2,2,0.762,0.0795,GREEN,57,Bengaluru
CLM0038149,BEN_08958,Yelahanka,2023-09-25,7,0,0,0,0,0,0,0,0,0,0.0,0.328432,0,0.0,0,324,2,3,0.9281,0.0854,GREEN,23,Bengaluru
CLM0038150,BEN_09577,Rajajinagar,2023-05-22,16,0,1,1,0,0,0,1,0,0,0.0,0.135826,0,0.0,1,403,4,0,0.713,0.1554,GREEN,34,Bengaluru
CLM0038151,BEN_06700,HSR Layout,2022-02-25,13,0,1,1,0,0,0,0,0,0,0.0,0.269939,0,0.0,0,30,2,3,0.5772,0.038,GREEN,57,Bengaluru
CLM0038152,BEN_06145,Marathahalli,2022-05-02,15,0,1,1,0,0,0,0,0,0,0.0,0.188879,0,0.0,0,194,0,4,0.2375,0.0,GREEN,39,Bengaluru
CLM0038153,BEN_00932,Marathahalli,2019-10-25,15,0,0,0,0,0,0,0,0,0,0.0,0.396007,1,0.0,0,420,4,4,0.7826,0.0,GREEN,57,Bengaluru
CLM0038154,BEN_07772,HSR Layout,2025-06-01,20,0,0,0,0,0,0,0,0,0,0.0,0.087761,0,0.0,0,420,3,1,0.6182,0.0152,GREEN,41,Bengaluru
CLM0038155,BEN_01356,Electronic City,2025-11-03,16,0,0,0,0,0,0,0,0,0,0.0,0.445225,0,0.0,0,402,2,0,0.9461,0.111,GREEN,40,Bengaluru
CLM0038156,BEN_06774,Electronic City,2024-10-14,15,0,0,0,0,1,0,0,0,0,0.0,1.0,0,0.0,0,91,4,1,0.619,0.1591,GREEN,51,Bengaluru
CLM0038157,BEN_04569,BTM Layout,2024-06-11,9,0,0,0,0,0,0,0,0,0,0.0,0.374579,0,0.0,0,322,3,1,0.6026,0.0,GREEN,43,Bengaluru
CLM0038158,BEN_08395,Jayanagar,2020-08-09,15,0,0,0,0,0,0,0,0,0,0.0,0.016636,0,0.0,0,407,2,1,0.4954,0.0656,GREEN,31,Bengaluru
CLM0038159,BEN_03357,Jayanagar,2025-02-24,8,0,1,1,0,0,0,0,0,0,0.0,0.440496,0,0.0,0,420,1,0,0.6012,0.1219,GREEN,45,Bengaluru
CLM0038160,BEN_02096,BTM Layout,2025-11-04,20,0,0,0,0,0,0,1,0,0,0.0,0.306788,0,0.0,0,157,1,4,0.1364,0.1966,GREEN,61,Bengaluru
CLM0038161,BEN_05318,Electronic City,2025-05-01,20,0,0,0,0,0,1,0,0,0,0.0,0.306468,0,0.0,0,167,1,0,0.8156,0.0112,GREEN,47,Bengaluru
CLM0038162,BEN_08280,BTM Layout,2025-06-19,20,0,0,0,0,0,0,0,1,1,1.0,0.036571,0,0.0,0,226,0,3,0.554,0.241,GREEN,37,Bengaluru
CLM0038163,BEN_06195,HSR Layout,2025-04-04,19,0,0,0,0,0,1,0,1,0,0.0,0.174835,0,0.0,0,392,0,1,0.9518,0.1459,GREEN,33,Bengaluru
CLM0038164,BEN_04558,BTM Layout,2025-09-06,16,0,0,0,1,0,0,0,0,0,0.0,0.028246,0,0.0,0,273,4,1,0.8166,0.1761,GREEN,18,Bengaluru
CLM0038165,BEN_00702,Rajajinagar,2025-11-27,16,0,0,0,0,0,0,0,0,0,0.0,0.044149,0,0.0,0,162,2,1,0.8285,0.0107,GREEN,46,Bengaluru
CLM0038166,BEN_03557,BTM Layout,2025-08-29,7,0,0,0,0,0,0,0,1,0,0.0,0.264741,1,0.0,0,275,1,0,0.5014,0.0,GREEN,58,Bengaluru
CLM0038167,BEN_05842,Koramangala,2025-02-27,16,0,0,0,0,0,1,0,0,0,1.0,0.328458,0,1.0,0,5,4,1,0.5613,0.2172,GREEN,58,Bengaluru
CLM0038168,BEN_07689,Jayanagar,2025-01-17,21,0,0,0,0,0,0,0,0,0,1.0,0.936701,0,1.0,0,286,0,0,0.5553,0.0882,GREEN,34,Bengaluru
CLM0038169,BEN_03285,Koramangala,2025-12-18,8,0,0,0,0,0,0,0,0,0,0.0,0.0,0,0.0,0,420,2,0,0.2404,0.0538,GREEN,32,Bengaluru
CLM0038170,BEN_09376,Koramangala,2017-02-19,15,0,0,0,0,0,1,0,0,0,0.0,0.201357,0,0.0,0,420,3,2,0.6815,0.1061,GREEN,65,Bengaluru
CLM0038171,BEN_07728,Marathahalli,2019-11-26,16,0,0,0,0,0,0,0,0,0,0.0,0.287406,0,0.0,0,307,1,1,0.6764,0.0758,GREEN,50,Bengaluru
CLM0038172,BEN_02239,HSR Layout,2025-07-12,20,0,0,0,0,0,0,0,0,0,0.0,0.003436,0,1.0,0,408,2,3,0.0812,0.0,GREEN,32,Bengaluru
CLM0038173,BEN_06646,Jayanagar,2016-03-23,7,0,0,0,0,0,0,0,0,1,0.0,0.443792,0,0.0,0,108,4,2,0.5874,0.2169,GREEN,37,Bengaluru
CLM0038174,BEN_06837,Whitefield,2021-02-18,19,0,0,0,0,0,0,0,0,0,0.0,0.057019,0,0.0,0,420,1,4,0.8568,0.0341,GREEN,39,Bengaluru
CLM0038175,BEN_04766,HSR Layout,2020-05-13,19,0,0,0,0,1,0,1,1,0,1.0,1.0,0,0.0,0,5,3,18,0.3195,0.0416,GREEN,61,Bengaluru
CLM0038176,BEN_02136,Electronic City,2025-09-28,11,0,0,0,0,0,0,0,0,0,1.0,0.304359,0,0.0,0,48,2,2,0.4319,0.0,GREEN,37,Bengaluru
CLM0038177,BEN_05915,HSR Layout,2025-12-12,7,0,0,0,0,0,1,0,0,0,0.0,0.0,0,0.0,0,348,4,2,0.7915,0.1569,GREEN,50,Bengaluru
CLM0038178,BEN_03813,BTM Layout,2024-07-02,18,0,0,0,0,1,1,0,1,0,0.0,0.155036,0,0.0,0,171,3,5,0.673,0.3274,YELLOW,43,Bengaluru
CLM0038179,BEN_09032,Jayanagar,2025-05-14,18,0,0,0,0,0,0,0,0,0,0.0,0.255944,0,0.0,0,199,1,0,0.98,0.0264,GREEN,43,Bengaluru
CLM0038180,BEN_01465,HSR Layout,2020-03-27,10,0,0,0,0,0,0,0,0,0,0.0,0.0,0,0.0,0,420,0,1,0.5553,0.0,GREEN,54,Bengaluru
CLM0038181,BEN_09970,Electronic City,2021-12-11,19,0,0,0,0,0,0,0,0,0,0.0,0.193768,0,1.0,0,100,2,0,0.8284,0.0,GREEN,31,Bengaluru
CLM0038182,BEN_05335,Jayanagar,2025-06-10,8,0,0,0,0,0,0,0,0,0,1.0,0.290906,0,0.0,0,323,2,0,0.8796,0.039,GREEN,28,Bengaluru
CLM0038183,BEN_03688,Koramangala,2018-12-14,21,0,0,0,0,0,0,0,0,0,0.0,0.403748,0,0.0,0,169,1,2,0.3507,0.0,GREEN,52,Bengaluru
CLM0038184,BEN_06692,Electronic City,2024-12-27,17,0,0,0,1,0,0,0,0,0,0.0,0.082144,0,0.0,0,76,1,2,0.98,0.1886,GREEN,45,Bengaluru
CLM0038185,BEN_04604,Whitefield,2019-09-10,7,0,0,0,0,0,0,0,1,0,0.0,0.216979,0,0.0,0,219,0,4,0.9753,0.0287,GREEN,30,Bengaluru
CLM0038186,BEN_09558,Rajajinagar,2025-05-12,21,0,0,0,0,0,0,0,0,0,0.0,0.298052,0,0.0,0,107,1,1,0.785,0.123,GREEN,32,Bengaluru
CLM0038187,BEN_06347,Electronic City,2019-01-29,10,0,0,0,0,0,0,0,0,1,0.0,0.0,0,0.0,1,244,0,8,0.7829,0.1094,GREEN,56,Bengaluru
CLM0038188,BEN_09889,Electronic City,2019-12-26,7,0,0,0,0,0,0,0,0,0,0.0,0.070388,0,0.0,0,420,1,1,0.5564,0.0,GREEN,53,Bengaluru
CLM0038189,BEN_04055,Yelahanka,2022-05-07,12,0,0,0,0,0,0,0,0,0,0.0,0.122028,0,0.0,0,420,1,2,0.8649,0.0089,GREEN,26,Bengaluru
CLM0038190,BEN_01088,Koramangala,2020-10-19,12,0,0,0,0,0,0,0,0,0,0.0,0.061916,1,0.0,0,416,4,0,0.5833,0.1608,GREEN,49,Bengaluru
CLM0038191,BEN_08150,Koramangala,2020-12-14,14,0,0,0,0,0,1,0,0,0,0.0,0.0,0,0.0,0,321,4,5,0.7329,0.1128,GREEN,41,Bengaluru
CLM0038192,BEN_08580,HSR Layout,2019-02-26,21,0,0,0,0,1,0,0,0,0,0.0,0.46857,0,0.0,0,84,3,0,0.8523,0.0748,GREEN,38,Bengaluru
CLM0038193,BEN_08757,Electronic City,2024-10-14,20,0,0,0,0,0,0,0,0,0,0.0,0.206231,0,0.0,0,109,2,0,0.8489,0.0,GREEN,55,Bengaluru
CLM0038194,BEN_03275,HSR Layout,2025-06-06,15,0,0,0,0,0,0,0,0,0,0.0,0.087331,0,0.0,1,337,2,2,0.5387,0.1947,GREEN,68,Bengaluru
CLM0038195,BEN_05501,Rajajinagar,2025-05-21,15,0,0,0,0,0,0,0,0,0,0.0,0.138242,0,0.0,0,162,4,3,0.3988,0.0,GREEN,54,Bengaluru
CLM0038196,BEN_00646,Indiranagar,2025-02-08,20,0,0,0,0,0,0,0,0,0,0.0,0.035622,0,0.0,0,420,4,1,0.5382,0.0139,GREEN,36,Bengaluru
CLM0038197,BEN_08973,Marathahalli,2025-03-29,15,0,0,0,0,0,0,0,0,0,0.0,0.264988,0,0.0,0,359,0,0,0.8255,0.0906,GREEN,59,Bengaluru
CLM0038198,BEN_06755,HSR Layout,2024-04-22,11,0,0,0,0,0,0,0,0,0,0.0,0.218682,1,0.0,0,117,2,5,0.05,0.0927,GREEN,36,Bengaluru
CLM0038199,BEN_06994,Indiranagar,2024-07-18,21,0,0,0,0,0,0,0,0,0,0.0,0.339907,0,1.0,0,14,0,1,0.8197,0.0,GREEN,49,Bengaluru
CLM0038200,BEN_03496,Whitefield,2025-01-19,19,0,0,0,0,0,0,0,0,0,0.0,0.0,0,0.0,0,149,1,0,0.4134,0.0,GREEN,50,Bengaluru
CLM0038201,BEN_09461,Indiranagar,2025-10-01,15,0,0,0,0,0,0,0,0,0,0.0,0.097987,0,0.0,1,88,3,3,0.9625,0.0,GREEN,26,Bengaluru
CLM0038202,BEN_07004,Whitefield,2025-02-09,13,0,0,0,0,0,0,0,0,0,0.0,0.226278,0,1.0,0,420,0,1,0.7655,0.0,GREEN,32,Bengaluru
CLM0038203,BEN_05495,Yelahanka,2018-09-21,20,0,0,0,0,0,0,0,0,0,1.0,0.091367,0,0.0,0,52,0,1,0.5846,0.0327,GREEN,18,Bengaluru
CLM0038204,BEN_04180,Koramangala,2017-10-14,11,0,0,0,0,0,0,1,0,0,0.0,0.0,0,0.0,0,171,0,1,0.441,0.0,GREEN,29,Bengaluru
CLM0038205,BEN_06274,BTM Layout,2023-09-18,8,0,0,0,0,0,0,0,0,0,0.0,0.12583,0,0.0,0,420,0,6,0.9344,0.0,GREEN,50,Bengaluru
CLM0038206,BEN_09456,Electronic City,2018-04-09,20,0,0,0,0,0,0,0,0,0,0.0,0.046252,0,0.0,0,225,4,4,0.1909,0.0,GREEN,26,Bengaluru
CLM0038207,BEN_00838,Koramangala,2020-11-06,21,0,0,0,0,0,0,0,0,0,1.0,0.329263,0,0.0,0,121,4,1,0.6125,0.1463,GREEN,56,Bengaluru
CLM0038208,BEN_05198,Jayanagar,2018-12-10,8,0,0,0,0,0,0,0,0,0,0.0,0.352994,0,0.0,0,243,3,5,0.5723,0.0,GREEN,65,Bengaluru
CLM0038209,BEN_05958,Whitefield,2020-12-08,16,0,0,0,0,0,1,0,0,1,0.0,0.250702,0,0.0,0,250,3,2,0.8969,0.1936,GREEN,37,Bengaluru
CLM0038210,BEN_04837,Rajajinagar,2021-06-09,18,0,0,0,1,0,0,0,0,0,0.0,0.285189,0,0.0,0,147,2,1,0.0569,0.1314,GREEN,66,Bengaluru
CLM0038211,BEN_06870,Electronic City,2017-10-25,18,0,0,0,0,0,0,0,0,0,0.0,0.272915,0,0.0,0,420,0,2,0.8203,0.0587,GREEN,57,Bengaluru
CLM0038212,BEN_09382,Marathahalli,2025-05-13,15,0,0,0,0,0,0,0,0,0,0.0,0.246207,0,0.0,0,227,2,2,0.05,0.1492,GREEN,47,Bengaluru
CLM0038213,BEN_09991,Koramangala,2023-05-17,20,0,0,0,0,0,0,0,0,0,0.0,0.308518,0,0.0,0,304,3,7,0.7407,0.0,GREEN,41,Bengaluru
CLM0038214,BEN_00156,Whitefield,2018-08-24,7,0,0,0,0,0,0,0,0,0,0.0,0.21779,1,0.0,0,420,4,0,0.9103,0.0161,GREEN,52,Bengaluru
CLM0038215,BEN_00966,Indiranagar,2019-07-14,8,0,0,0,0,0,1,0,0,0,0.0,0.417568,0,0.0,0,46,4,2,0.455,0.0915,GREEN,35,Bengaluru
CLM0038216,BEN_06409,BTM Layout,2019-06-23,8,0,0,0,0,1,0,0,1,0,1.0,0.061658,1,0.0,1,5,2,18,0.1705,0.1195,GREEN,41,Bengaluru
CLM0038217,BEN_05522,Whitefield,2018-06-15,20,0,0,0,0,0,0,0,0,0,0.0,0.299043,0,1.0,0,167,0,1,0.8638,0.0,GREEN,45,Bengaluru
CLM0038218,BEN_04346,Whitefield,2020-09-08,7,0,0,0,0,0,0,0,0,0,0.0,0.48574,0,0.0,0,211,3,3,0.7991,0.0,GREEN,33,Bengaluru
CLM0038219,BEN_07333,Koramangala,2018-10-13,11,0,0,0,0,0,0,0,0,0,0.0,0.453341,0,0.0,0,10,1,3,0.8592,0.0,GREEN,40,Bengaluru
CLM0038220,BEN_05703,HSR Layout,2020-02-03,12,0,0,0,0,0,0,1,0,0,0.0,0.314696,0,1.0,0,191,3,3,0.4954,0.0832,GREEN,50,Bengaluru
CLM0038221,BEN_00381,Yelahanka,2025-05-18,7,0,0,0,0,0,0,0,0,0,0.0,0.151583,0,0.0,0,420,4,5,0.7892,0.0,GREEN,43,Bengaluru
CLM0038222,BEN_07228,Indiranagar,2023-07-06,16,0,0,0,0,0,0,1,0,1,0.0,0.302929,0,0.0,0,420,4,2,0.0606,0.2616,GREEN,32,Bengaluru
CLM0038223,BEN_00874,Rajajinagar,2017-01-25,16,0,0,0,0,0,0,0,0,0,0.0,0.05455,0,0.0,1,179,1,0,0.6136,0.0,GREEN,46,Bengaluru
CLM0038224,BEN_00991,Indiranagar,2021-03-18,12,0,0,0,0,0,0,0,0,0,0.0,0.173107,1,0.0,0,349,4,0,0.7773,0.139,GREEN,61,Bengaluru
CLM0038225,BEN_04560,Indiranagar,2024-10-08,7,0,0,0,0,0,0,0,0,0,0.0,0.101135,0,0.0,0,6,4,0,0.8085,0.1023,GREEN,33,Bengaluru
CLM0038226,BEN_00075,Marathahalli,2024-05-02,8,0,0,0,0,0,0,0,0,0,1.0,0.253205,0,0.0,0,62,4,5,0.8896,0.0674,GREEN,42,Bengaluru
CLM0038227,BEN_06922,Marathahalli,2025-07-29,12,0,0,0,0,0,0,0,0,0,0.0,0.426227,0,0.0,0,80,2,1,0.8365,0.0,GREEN,51,Bengaluru
CLM0038228,BEN_06214,BTM Layout,2022-05-10,18,0,0,0,0,0,0,0,0,0,0.0,0.260319,0,0.0,0,327,2,1,0.9518,0.0,GREEN,33,Bengaluru
CLM0038229,BEN_06662,Marathahalli,2018-10-22,14,0,0,0,0,0,0,0,0,0,0.0,0.293291,0,0.0,0,420,4,0,0.98,0.0167,GREEN,52,Bengaluru
CLM0038230,BEN_09243,HSR Layout,2017-07-13,13,0,0,0,0,0,0,0,0,0,0.0,0.105842,0,0.0,0,376,2,0,0.5862,0.0,GREEN,46,Bengaluru
CLM0038231,BEN_08611,Yelahanka,2017-11-08,16,0,1,1,0,0,0,0,0,0,0.0,0.213631,0,0.0,0,194,2,1,0.6155,0.0545,GREEN,23,Bengaluru
CLM0038232,BEN_05918,Koramangala,2021-09-09,15,0,0,0,0,0,0,0,1,0,0.0,0.094763,1,0.0,0,54,0,3,0.7088,0.1367,GREEN,44,Bengaluru
CLM0038233,BEN_08889,Whitefield,2019-03-19,12,0,0,0,0,0,0,0,0,0,0.0,0.005306,0,0.0,0,288,1,1,0.98,0.0948,GREEN,27,Bengaluru
CLM0038234,BEN_05063,Rajajinagar,2019-01-31,12,0,0,0,0,0,0,0,1,0,0.0,0.422047,0,0.0,0,61,4,3,0.8724,0.0187,GREEN,33,Bengaluru
CLM0038235,BEN_05226,BTM Layout,2016-09-09,13,0,0,0,0,0,0,0,0,0,1.0,0.257227,0,0.0,0,391,0,1,0.0924,0.0737,GREEN,61,Bengaluru
CLM0038236,BEN_05704,Electronic City,2025-02-19,20,0,0,0,0,0,0,0,0,0,0.0,0.0,0,0.0,0,420,1,5,0.98,0.0446,GREEN,23,Bengaluru
CLM0038237,BEN_05036,BTM Layout,2025-02-25,21,0,0,0,0,0,0,0,0,0,0.0,0.347406,0,1.0,0,229,3,0,0.0947,0.0,GREEN,55,Bengaluru
CLM0038238,BEN_08737,Indiranagar,2025-01-24,7,0,0,0,0,0,0,0,0,0,0.0,0.900894,0,0.0,0,407,4,2,0.6754,0.0,GREEN,47,Bengaluru
CLM0038239,BEN_00024,Koramangala,2025-05-01,11,0,0,0,0,0,1,1,0,0,1.0,0.177959,0,0.0,0,362,3,7,0.7146,0.1034,GREEN,35,Bengaluru
CLM0038240,BEN_08054,BTM Layout,2025-01-24,7,0,0,0,0,0,0,0,0,0,1.0,0.061486,0,0.0,0,393,3,2,0.7444,0.0228,GREEN,53,Bengaluru
CLM0038241,BEN_02913,Jayanagar,2025-08-14,21,0,0,0,0,0,0,0,0,0,0.0,0.036397,0,0.0,0,284,0,2,0.0772,0.0951,GREEN,37,Bengaluru
CLM0038242,BEN_05368,Indiranagar,2023-08-25,17,0,1,1,0,0,0,0,1,0,0.0,0.168448,0,0.0,0,21,1,2,0.1768,0.0966,GREEN,47,Bengaluru
CLM0038243,BEN_02010,Whitefield,2023-12-04,10,0,0,0,0,0,0,0,0,0,0.0,0.459509,0,0.0,0,152,4,0,0.753,0.0,GREEN,46,Bengaluru
CLM0038244,BEN_07130,Jayanagar,2023-09-21,9,0,0,0,0,0,0,0,0,0,0.0,0.126224,0,0.0,0,420,3,2,0.8766,0.0,GREEN,45,Bengaluru
CLM0038245,BEN_08518,Jayanagar,2024-01-05,20,0,0,0,0,0,0,0,0,0,0.0,0.319689,0,0.0,0,51,3,3,0.7432,0.0,GREEN,31,Bengaluru
CLM0038246,BEN_01272,Jayanagar,2025-03-31,18,0,0,0,0,1,0,0,0,0,0.0,0.392769,0,0.0,0,269,4,4,0.98,0.2376,GREEN,45,Bengaluru
CLM0038247,BEN_04304,Marathahalli,2022-07-07,19,0,0,0,0,0,0,0,0,0,0.0,0.383936,0,0.0,0,378,3,0,0.8961,0.0069,GREEN,45,Bengaluru
CLM0038248,BEN_07381,Yelahanka,2023-01-30,10,0,0,0,0,0,1,0,0,1,0.0,0.337484,0,0.0,0,199,0,1,0.1417,0.2336,GREEN,35,Bengaluru
CLM0038249,BEN_05038,Jayanagar,2025-10-17,20,0,0,0,0,0,0,1,0,0,0.0,0.297247,0,0.0,0,383,0,3,0.3861,0.0761,GREEN,51,Bengaluru
CLM0038250,BEN_04468,BTM Layout,2025-03-18,18,0,0,0,0,0,0,0,0,0,0.0,0.281075,0,0.0,0,420,3,3,0.5976,0.0,GREEN,30,Bengaluru
CLM0038251,BEN_00949,Jayanagar,2020-09-19,13,0,0,0,0,0,0,1,0,0,0.0,0.104864,0,0.0,0,143,4,1,0.734,0.0997,GREEN,39,Bengaluru
CLM0038252,BEN_09083,Yelahanka,2024-01-23,15,0,0,0,0,0,0,0,0,0,0.0,0.110526,0,0.0,0,245,4,2,0.4368,0.0,GREEN,57,Bengaluru
CLM0038253,BEN_03306,BTM Layout,2019-04-09,13,0,0,0,0,0,0,0,0,0,0.0,0.274218,0,0.0,0,24,4,3,0.8463,0.0796,GREEN,39,Bengaluru
CLM0038254,BEN_03383,BTM Layout,2022-05-05,13,0,0,0,0,0,0,0,0,0,0.0,0.379313,0,0.0,0,302,1,3,0.6441,0.0704,GREEN,57,Bengaluru
CLM0038255,BEN_08515,Rajajinagar,2019-06-08,17,0,0,0,0,0,0,0,0,0,1.0,0.281599,0,0.0,0,290,4,7,0.3615,0.1022,GREEN,49,Bengaluru
CLM0038256,BEN_09212,Jayanagar,2021-01-13,8,0,0,0,0,0,0,0,0,0,0.0,0.269163,0,0.0,0,306,4,6,0.4706,0.0274,GREEN,18,Bengaluru
CLM0038257,BEN_05983,HSR Layout,2020-07-18,9,0,0,0,0,0,0,0,0,0,0.0,0.472758,0,0.0,0,97,4,5,0.9513,0.0,GREEN,44,Bengaluru
CLM0038258,BEN_01905,Indiranagar,2023-05-19,7,0,0,0,0,0,0,0,0,0,0.0,0.301676,0,0.0,0,30,0,1,0.5264,0.0732,GREEN,49,Bengaluru
CLM0038259,BEN_08397,Koramangala,2022-10-23,16,0,1,1,0,0,1,0,0,0,0.0,0.0,0,0.0,0,60,3,0,0.2136,0.0417,GREEN,43,Bengaluru
CLM0038260,BEN_02820,BTM Layout,2023-09-29,15,0,0,0,0,0,0,0,0,0,0.0,0.10253,0,0.0,0,12,0,3,0.9246,0.0,GREEN,28,Bengaluru
CLM0038261,BEN_05543,Indiranagar,2024-08-17,8,0,1,1,0,0,0,0,0,0,0.0,0.240249,0,0.0,0,326,0,1,0.8372,0.0,GREEN,50,Bengaluru
CLM0038262,BEN_03042,Electronic City,2025-04-26,13,0,0,0,0,0,0,0,0,0,0.0,0.0,0,0.0,0,155,2,2,0.8787,0.0,GREEN,37,Bengaluru
CLM0038263,BEN_08195,Koramangala,2023-06-05,9,0,0,0,0,0,0,0,0,0,0.0,0.99303,0,0.0,0,420,4,0,0.7265,0.0456,GREEN,46,Bengaluru
CLM0038264,BEN_05876,Yelahanka,2020-03-05,8,0,0,0,0,0,0,0,1,0,0.0,0.192965,0,0.0,0,309,3,6,0.5924,0.1572,GREEN,50,Bengaluru
CLM0038265,BEN_00336,Rajajinagar,2019-10-05,8,0,0,0,0,0,0,0,1,0,0.0,0.036012,0,0.0,0,417,0,2,0.1708,0.1123,GREEN,60,Bengaluru
CLM0038266,BEN_05156,HSR Layout,2024-11-18,18,0,0,0,0,0,0,0,0,0,0.0,0.408539,1,0.0,0,348,4,6,0.8979,0.1021,GREEN,47,Bengaluru
CLM0038267,BEN_08378,Whitefield,2023-12-24,13,0,0,0,0,0,0,0,0,0,0.0,0.077359,0,0.0,0,354,0,4,0.8075,0.0,GREEN,25,Bengaluru
CLM0038268,BEN_01277,Yelahanka,2024-01-25,17,0,0,0,0,0,0,0,1,0,1.0,0.24897,0,0.0,0,177,2,2,0.5466,0.2269,GREEN,25,Bengaluru
CLM0038269,BEN_01415,Yelahanka,2024-07-26,10,0,0,0,0,0,1,0,0,0,0.0,0.053351,0,1.0,0,420,0,1,0.873,0.0354,GREEN,50,Bengaluru
CLM0038270,BEN_09856,BTM Layout,2023-08-15,8,0,0,0,0,0,0,0,0,0,0.0,0.246577,0,1.0,0,228,0,2,0.7013,0.1161,GREEN,45,Bengaluru
CLM0038271,BEN_05584,Electronic City,2024-05-24,18,0,0,0,0,1,1,0,0,0,0.0,0.097913,0,0.0,0,420,2,0,0.7241,0.2997,GREEN,48,Bengaluru
CLM0038272,BEN_05470,Indiranagar,2025-08-20,14,0,0,0,0,1,0,0,1,0,0.0,0.269248,0,0.0,0,121,0,0,0.6615,0.2059,GREEN,49,Bengaluru
CLM0038273,BEN_06794,Yelahanka,2022-05-13,8,0,0,0,0,0,0,0,0,0,0.0,0.226987,0,0.0,0,228,4,3,0.6631,0.0736,GREEN,35,Bengaluru
CLM0038274,BEN_09250,Indiranagar,2025-07-03,7,0,0,0,0,0,0,0,0,0,0.0,0.259444,0,0.0,0,288,0,5,0.913,0.0084,GREEN,50,Bengaluru
CLM0038275,BEN_02500,BTM Layout,2024-01-05,14,0,0,0,0,1,0,0,0,0,0.0,0.226061,0,0.0,0,301,1,0,0.6422,0.1546,GREEN,39,Bengaluru
CLM0038276,BEN_04645,Electronic City,2025-01-21,12,0,0,0,0,0,0,0,0,0,0.0,0.263337,0,0.0,0,82,0,0,0.1057,0.0221,GREEN,46,Bengaluru
CLM0038277,BEN_03414,Rajajinagar,2024-05-27,20,0,0,0,0,0,0,0,0,0,0.0,0.2919,0,0.0,0,356,3,0,0.6349,0.0802,GREEN,41,Bengaluru
CLM0038278,BEN_07451,Rajajinagar,2022-11-20,10,0,0,0,0,0,0,0,0,0,0.0,0.205497,0,0.0,0,270,0,3,0.6959,0.0,GREEN,33,Bengaluru
CLM0038279,BEN_08402,Yelahanka,2023-06-08,21,0,0,0,0,0,0,1,0,0,0.0,0.535951,0,0.0,0,382,3,1,0.98,0.0893,GREEN,42,Bengaluru
CLM0038280,BEN_00610,Koramangala,2022-10-21,13,0,0,0,0,0,0,0,0,0,0.0,0.107814,0,0.0,0,218,1,3,0.4777,0.0,GREEN,39,Bengaluru
CLM0038281,BEN_03646,Marathahalli,2025-01-18,17,0,0,0,0,0,1,1,0,0,0.0,0.182762,0,0.0,0,295,3,1,0.05,0.1426,GREEN,47,Bengaluru
CLM0038282,BEN_09654,Marathahalli,2020-05-22,8,0,0,0,0,0,1,0,0,1,0.0,0.008996,0,0.0,0,202,2,8,0.9658,0.1829,GREEN,64,Bengaluru
CLM0038283,BEN_08009,Electronic City,2021-11-25,13,0,0,0,0,0,0,0,0,1,0.0,0.176749,0,0.0,0,252,4,1,0.891,0.0978,GREEN,31,Bengaluru
CLM0038284,BEN_02588,Rajajinagar,2025-03-31,16,0,0,0,0,0,0,0,0,0,0.0,0.155667,0,0.0,0,159,0,5,0.5929,0.0,GREEN,26,Bengaluru
CLM0038285,BEN_04283,Electronic City,2024-05-06,18,0,0,0,0,0,0,0,0,0,0.0,0.303889,0,0.0,0,247,1,4,0.05,0.0,GREEN,39,Bengaluru
CLM0038286,BEN_07145,Yelahanka,2022-09-25,7,0,0,0,0,0,0,0,0,0,0.0,0.340182,0,0.0,0,139,2,4,0.6935,0.0,GREEN,53,Bengaluru
CLM0038287,BEN_03478,Electronic City,2024-08-31,14,0,0,0,0,0,0,0,0,0,0.0,0.227229,0,0.0,0,169,0,3,0.6794,0.0,GREEN,43,Bengaluru
CLM0038288,BEN_02786,HSR Layout,2024-06-23,14,0,0,0,0,0,0,0,0,0,0.0,0.056395,0,0.0,0,267,3,1,0.7881,0.0,GREEN,42,Bengaluru
CLM0038289,BEN_08812,BTM Layout,2025-01-28,12,0,0,0,0,0,0,0,0,0,0.0,0.265632,0,0.0,0,342,1,2,0.1005,0.0621,GREEN,44,Bengaluru
CLM0038290,BEN_01525,Electronic City,2025-06-08,20,0,0,0,0,0,0,0,0,0,1.0,0.067457,0,0.0,0,416,3,0,0.779,0.065,GREEN,55,Bengaluru
CLM0038291,BEN_06848,Jayanagar,2025-05-24,17,0,0,0,0,0,0,0,0,0,0.0,0.156001,0,0.0,0,418,4,2,0.8028,0.1351,GREEN,60,Bengaluru
CLM0038292,BEN_07766,Marathahalli,2025-09-21,10,0,0,0,0,0,0,0,0,0,0.0,0.124454,0,0.0,0,295,0,5,0.3443,0.0489,GREEN,43,Bengaluru
CLM0038293,BEN_05011,Indiranagar,2025-11-10,11,0,0,0,0,0,0,1,0,0,0.0,0.326092,0,0.0,0,420,3,0,0.8001,0.1609,GREEN,47,Bengaluru
CLM0038294,BEN_05034,Koramangala,2024-04-13,16,0,0,0,0,0,0,0,0,0,0.0,0.316713,0,0.0,0,120,1,3,0.366,0.0,GREEN,49,Bengaluru
CLM0038295,BEN_06930,Whitefield,2024-09-06,14,0,0,0,0,0,0,0,0,0,0.0,0.038871,0,0.0,0,420,0,1,0.8839,0.0,GREEN,48,Bengaluru
CLM0038296,BEN_07307,Marathahalli,2025-02-17,13,0,0,0,0,0,0,0,0,0,0.0,0.991702,0,0.0,1,199,0,1,0.5706,0.0912,GREEN,46,Bengaluru
CLM0038297,BEN_00986,Yelahanka,2024-11-27,21,0,0,0,1,0,0,0,0,0,0.0,0.122873,0,0.0,0,420,4,0,0.9148,0.2693,GREEN,49,Bengaluru
CLM0038298,BEN_04506,Koramangala,2025-02-23,9,0,0,0,0,0,0,0,0,0,0.0,0.071026,0,0.0,0,36,2,1,0.9298,0.0768,GREEN,38,Bengaluru
CLM0038299,BEN_05419,Rajajinagar,2023-09-18,8,0,0,0,0,0,0,0,0,0,0.0,0.232358,0,0.0,0,420,4,3,0.9091,0.0287,GREEN,26,Bengaluru
CLM0038300,BEN_07057,Marathahalli,2024-09-11,13,0,0,0,0,0,0,0,0,0,0.0,0.337613,0,0.0,0,106,0,4,0.05,0.0891,GREEN,38,Bengaluru
CLM0038301,BEN_02366,Indiranagar,2024-06-28,18,0,0,0,1,0,0,0,0,0,0.0,0.370813,0,0.0,1,126,1,3,0.7576,0.1763,GREEN,56,Bengaluru
CLM0038302,BEN_07773,Marathahalli,2023-06-10,18,0,0,0,0,0,1,0,0,0,0.0,0.388678,0,0.0,0,369,4,3,0.05,0.1202,GREEN,32,Bengaluru
CLM0038303,BEN_00385,Yelahanka,2024-09-30,19,0,0,0,0,0,0,1,0,0,0.0,0.159542,0,0.0,0,415,1,2,0.4637,0.0911,GREEN,31,Bengaluru
CLM0038304,BEN_07336,Whitefield,2025-03-08,21,0,0,0,0,0,0,0,0,0,0.0,0.343637,0,0.0,0,420,3,0,0.9036,0.032,GREEN,24,Bengaluru
CLM0038305,BEN_01916,Marathahalli,2024-01-15,9,0,0,0,0,0,0,0,0,0,0.0,0.161466,0,0.0,0,185,3,1,0.98,0.0,GREEN,51,Bengaluru
CLM0038306,BEN_07936,HSR Layout,2024-02-17,7,0,0,0,0,0,0,0,0,0,0.0,0.104585,0,1.0,0,70,3,2,0.8483,0.0594,GREEN,46,Bengaluru
CLM0038307,BEN_08747,Whitefield,2024-03-25,16,0,0,0,0,0,1,1,0,0,0.0,0.208025,0,0.0,0,270,1,0,0.4729,0.1569,GREEN,38,Bengaluru
CLM0038308,BEN_01112,Jayanagar,2025-04-06,12,0,1,1,0,0,0,0,0,0,0.0,0.271457,0,0.0,0,97,4,4,0.0727,0.0,GREEN,55,Bengaluru
CLM0038309,BEN_02578,BTM Layout,2023-12-13,19,0,1,1,0,0,0,0,1,0,0.0,0.180153,0,0.0,0,261,4,4,0.9108,0.1111,GREEN,61,Bengaluru
CLM0038310,BEN_08769,Marathahalli,2025-12-04,8,0,0,0,0,0,1,1,1,0,0.0,0.245675,0,0.0,0,390,3,4,0.4273,0.1902,GREEN,42,Bengaluru
CLM0038311,BEN_08398,Jayanagar,2025-07-20,14,0,0,0,0,0,0,1,0,0,0.0,0.257092,0,0.0,0,395,0,1,0.1499,0.0798,GREEN,30,Bengaluru
CLM0038312,BEN_05051,Rajajinagar,2020-11-27,9,0,0,0,0,0,0,0,0,0,0.0,0.290522,0,0.0,0,297,3,3,0.5851,0.0,GREEN,39,Bengaluru
CLM0038313,BEN_05479,Rajajinagar,2020-11-11,15,0,0,0,0,0,0,0,0,0,0.0,1.0,0,0.0,0,420,0,1,0.7435,0.0,GREEN,52,Bengaluru
CLM0038314,BEN_01368,Whitefield,2018-11-18,10,0,0,0,0,0,0,0,0,1,0.0,0.188893,0,0.0,0,126,4,4,0.7423,0.2094,GREEN,55,Bengaluru
CLM0038315,BEN_05205,Rajajinagar,2017-12-11,20,0,0,0,0,0,0,0,0,0,0.0,0.347876,0,0.0,0,150,3,5,0.637,0.0283,GREEN,53,Bengaluru
CLM0038316,BEN_09208,Indiranagar,2025-04-22,16,0,1,1,1,0,0,0,0,0,0.0,0.249853,0,0.0,0,420,1,3,0.6924,0.1827,GREEN,54,Bengaluru
CLM0038317,BEN_06498,Marathahalli,2025-02-15,10,0,0,0,0,0,0,0,0,0,0.0,0.208165,0,0.0,0,420,2,2,0.7667,0.1059,GREEN,56,Bengaluru
CLM0038318,BEN_01537,Whitefield,2021-08-20,17,0,0,0,0,0,0,0,0,0,0.0,0.30428,0,1.0,0,279,3,2,0.5355,0.0816,GREEN,50,Bengaluru
CLM0038319,BEN_00609,Electronic City,2023-10-12,9,0,0,0,0,0,0,0,0,1,0.0,0.050761,0,0.0,0,253,4,8,0.9176,0.1022,GREEN,24,Bengaluru
CLM0038320,BEN_09507,Marathahalli,2023-01-09,13,0,0,0,0,0,0,0,0,0,0.0,0.101984,0,0.0,0,420,4,3,0.7654,0.0,GREEN,46,Bengaluru
CLM0038321,BEN_05766,Rajajinagar,2022-10-12,11,0,0,0,0,0,0,0,0,0,0.0,0.263884,0,0.0,0,250,2,4,0.5715,0.0,GREEN,24,Bengaluru
CLM0038322,BEN_08462,Marathahalli,2018-11-30,14,0,0,0,1,0,0,0,0,0,0.0,0.425299,0,0.0,0,357,0,0,0.1638,0.1728,GREEN,43,Bengaluru
CLM0038323,BEN_04983,Yelahanka,2021-06-24,7,0,0,0,0,0,0,0,0,0,0.0,0.315701,0,0.0,0,339,1,2,0.931,0.0232,GREEN,42,Bengaluru
CLM0038324,BEN_02376,Koramangala,2023-11-29,18,0,0,0,0,0,1,0,0,0,0.0,0.226976,0,0.0,0,311,3,0,0.7236,0.0897,GREEN,43,Bengaluru
CLM0038325,BEN_01495,Whitefield,2024-04-20,7,0,0,0,0,0,0,0,0,0,0.0,0.130324,0,0.0,0,101,1,0,0.6254,0.0014,GREEN,33,Bengaluru
CLM0038326,BEN_05736,Electronic City,2025-12-06,14,0,0,0,0,0,0,0,0,0,0.0,0.19642,0,0.0,0,30,4,2,0.8146,0.0664,GREEN,53,Bengaluru
CLM0038327,BEN_00776,BTM Layout,2021-10-12,8,0,0,0,0,0,0,0,0,0,1.0,1.0,0,1.0,0,420,1,3,0.5094,0.1504,GREEN,35,Bengaluru
CLM0038328,BEN_05782,HSR Layout,2020-10-29,18,0,0,0,0,0,0,0,0,0,1.0,0.268158,0,0.0,0,334,3,2,0.8086,0.0448,GREEN,53,Bengaluru
CLM0038329,BEN_00025,Koramangala,2025-07-11,11,0,0,0,0,0,0,0,0,0,0.0,0.353213,0,0.0,0,420,3,2,0.4385,0.1277,GREEN,23,Bengaluru
CLM0038330,BEN_05953,Indiranagar,2025-07-18,7,0,0,0,0,0,0,0,0,0,0.0,0.161253,0,0.0,0,420,3,2,0.6466,0.0403,GREEN,56,Bengaluru
CLM0038331,BEN_04035,Whitefield,2024-03-25,19,0,0,0,0,0,0,0,0,1,0.0,1.0,0,0.0,0,420,3,0,0.05,0.0845,GREEN,49,Bengaluru
CLM0038332,BEN_04368,Whitefield,2025-09-03,18,0,0,0,0,0,0,0,0,0,0.0,0.285392,0,0.0,0,420,1,1,0.9379,0.0,GREEN,37,Bengaluru
CLM0038333,BEN_04970,BTM Layout,2025-07-06,13,0,0,0,0,0,0,0,0,0,0.0,0.974776,0,0.0,0,87,0,2,0.8957,0.0033,GREEN,40,Bengaluru
CLM0038334,BEN_06228,Marathahalli,2024-07-01,18,0,0,0,0,0,0,0,0,0,0.0,0.050886,0,0.0,0,318,0,4,0.6092,0.0061,GREEN,51,Bengaluru
CLM0038335,BEN_07415,Marathahalli,2024-07-09,21,0,0,0,0,0,0,0,0,0,0.0,0.244773,0,0.0,0,319,4,2,0.521,0.0531,GREEN,49,Bengaluru
CLM0038336,BEN_01959,HSR Layout,2025-08-15,13,0,0,0,0,0,0,0,0,0,0.0,0.14369,0,0.0,0,140,2,5,0.9572,0.0,GREEN,46,Bengaluru
CLM0038337,BEN_03148,Whitefield,2025-04-27,12,0,0,0,0,0,0,0,0,0,0.0,0.073414,0,0.0,1,104,2,0,0.5171,0.0558,GREEN,54,Bengaluru
CLM0038338,BEN_07265,HSR Layout,2025-10-02,9,0,0,0,0,0,0,0,1,0,0.0,0.952733,0,0.0,1,340,1,4,0.5638,0.203,GREEN,38,Bengaluru
CLM0038339,BEN_05007,Indiranagar,2024-12-19,16,0,0,0,0,0,0,0,0,0,0.0,0.074662,0,0.0,0,240,4,0,0.5245,0.0,GREEN,39,Bengaluru
CLM0038340,BEN_04581,Jayanagar,2022-05-29,21,0,0,0,0,0,0,0,1,0,0.0,0.216996,0,0.0,0,416,2,2,0.9508,0.0565,GREEN,50,Bengaluru
CLM0038341,BEN_07195,Marathahalli,2023-02-21,12,0,0,0,0,0,0,0,0,0,0.0,0.054305,0,0.0,0,253,2,3,0.7251,0.0014,GREEN,51,Bengaluru
CLM0038342,BEN_07944,Marathahalli,2025-05-15,10,0,0,0,0,1,0,0,0,0,0.0,0.160775,0,0.0,0,139,3,1,0.7824,0.0561,GREEN,54,Bengaluru
CLM0038343,BEN_07043,Indiranagar,2025-03-11,16,0,0,0,0,0,1,1,0,0,0.0,0.308905,0,1.0,0,215,4,1,0.8153,0.1474,GREEN,40,Bengaluru
CLM0038344,BEN_03673,Indiranagar,2025-10-24,7,0,0,0,0,0,0,0,0,0,0.0,0.231914,0,0.0,0,417,3,7,0.8244,0.0,GREEN,40,Bengaluru
CLM0038345,BEN_04131,Whitefield,2025-12-12,11,0,0,0,0,0,1,0,0,0,0.0,0.0,0,0.0,0,317,1,0,0.05,0.048,GREEN,44,Bengaluru
CLM0038346,BEN_08850,Jayanagar,2025-09-03,7,0,0,0,0,0,0,0,0,0,0.0,0.031542,0,0.0,0,61,0,3,0.7878,0.0578,GREEN,42,Bengaluru
CLM0038347,BEN_05930,Whitefield,2025-08-07,8,0,0,0,0,0,0,0,0,0,0.0,0.26828,0,0.0,0,346,1,8,0.9443,0.0,GREEN,40,Bengaluru
CLM0038348,BEN_05993,Rajajinagar,2025-09-08,10,0,0,0,0,0,1,0,0,0,0.0,0.43257,0,0.0,0,294,1,0,0.2939,0.1006,GREEN,41,Bengaluru
CLM0038349,BEN_04812,BTM Layout,2025-11-02,15,0,0,0,0,0,0,0,0,0,0.0,0.171855,0,0.0,0,146,3,5,0.6326,0.0411,GREEN,66,Bengaluru
CLM0038350,BEN_05363,BTM Layout,2025-03-24,19,0,1,1,0,0,0,0,0,0,0.0,0.0,0,0.0,1,420,2,4,0.5822,0.0414,GREEN,58,Bengaluru
CLM0038351,BEN_07191,Marathahalli,2025-01-02,16,0,0,0,1,0,0,0,1,0,0.0,0.451029,0,1.0,0,157,1,0,0.9535,0.2554,GREEN,37,Bengaluru
CLM0038352,BEN_06658,HSR Layout,2024-12-20,19,0,0,0,0,0,0,1,0,0,0.0,0.0,0,0.0,0,340,3,3,0.5227,0.0684,GREEN,30,Bengaluru
CLM0038353,BEN_06149,HSR Layout,2025-10-19,13,0,0,0,0,0,1,0,0,0,0.0,0.35369,1,0.0,0,420,1,0,0.7334,0.1628,GREEN,27,Bengaluru
CLM0038354,BEN_00488,BTM Layout,2020-05-17,17,0,0,0,0,0,0,0,0,0,0.0,0.26984,0,0.0,0,53,2,5,0.5363,0.0,GREEN,38,Bengaluru
CLM0038355,BEN_02730,Whitefield,2022-08-16,7,0,0,0,0,0,0,0,0,0,1.0,0.140912,0,0.0,0,396,4,1,0.4978,0.1176,GREEN,33,Bengaluru
CLM0038356,BEN_05615,Whitefield,2022-02-23,10,0,0,0,1,0,1,1,1,0,1.0,1.0,0,1.0,1,5,3,18,0.9383,0.0451,GREEN,50,Bengaluru
CLM0038357,BEN_05230,Indiranagar,2024-04-23,21,0,0,0,0,0,1,0,0,0,0.0,0.284361,0,0.0,0,214,1,5,0.5832,0.0981,GREEN,51,Bengaluru
CLM0038358,BEN_02650,Jayanagar,2019-03-31,10,0,1,1,0,0,0,1,0,0,0.0,0.033172,0,0.0,0,99,2,2,0.8866,0.0761,GREEN,44,Bengaluru
CLM0038359,BEN_04394,BTM Layout,2025-11-28,16,0,1,1,0,0,0,0,0,0,1.0,0.234144,0,0.0,0,213,3,0,0.5435,0.0405,GREEN,44,Bengaluru
CLM0038360,BEN_06578,Whitefield,2019-08-18,13,0,1,1,0,0,0,0,0,0,0.0,0.983815,0,0.0,0,253,0,1,0.98,0.0191,GREEN,42,Bengaluru
CLM0038361,BEN_06294,BTM Layout,2024-10-03,14,0,0,0,0,0,0,0,0,0,0.0,0.208441,0,0.0,0,129,4,3,0.1329,0.0,GREEN,60,Bengaluru
CLM0038362,BEN_00008,HSR Layout,2022-10-07,7,0,0,0,0,0,0,0,0,0,0.0,0.323997,0,0.0,0,143,1,2,0.7817,0.0128,GREEN,33,Bengaluru
CLM0038363,BEN_05006,Yelahanka,2023-02-28,19,0,0,0,1,0,0,0,0,0,0.0,0.297074,0,0.0,0,87,0,0,0.1139,0.0839,GREEN,57,Bengaluru
CLM0038364,BEN_01223,Yelahanka,2025-08-26,9,0,0,0,0,1,1,0,0,0,1.0,0.182007,0,0.0,0,343,0,1,0.1434,0.0113,GREEN,50,Bengaluru
CLM0038365,BEN_03238,Marathahalli,2023-10-08,16,0,0,0,1,0,0,0,1,0,0.0,1.0,0,0.0,0,301,1,6,0.084,0.2244,GREEN,37,Bengaluru
CLM0038366,BEN_09376,Koramangala,2022-09-14,14,0,0,0,0,0,0,0,0,0,0.0,0.957665,0,0.0,0,140,1,2,0.7915,0.0823,GREEN,65,Bengaluru
CLM0038367,BEN_03715,HSR Layout,2025-02-12,10,0,0,0,0,0,0,0,0,0,0.0,0.07115,0,0.0,0,261,1,5,0.2341,0.0,GREEN,54,Bengaluru
CLM0038368,BEN_08975,Whitefield,2017-03-14,13,0,0,0,0,0,0,0,0,0,0.0,0.261714,0,0.0,0,346,4,3,0.6796,0.0,GREEN,40,Bengaluru
CLM0038369,BEN_07707,Rajajinagar,2022-01-03,15,0,0,0,0,0,0,0,0,0,0.0,0.282777,0,0.0,0,114,4,5,0.6305,0.0,GREEN,62,Bengaluru
CLM0038370,BEN_05392,Rajajinagar,2020-08-21,17,0,0,0,0,0,0,0,0,1,0.0,0.067791,0,0.0,0,420,2,0,0.6233,0.0667,GREEN,34,Bengaluru
CLM0038371,BEN_08092,Rajajinagar,2024-07-06,9,0,0,0,0,0,0,0,0,0,0.0,0.293611,0,0.0,0,164,1,2,0.7508,0.0,GREEN,52,Bengaluru
CLM0038372,BEN_08787,Indiranagar,2025-12-17,9,0,0,0,0,0,0,0,0,0,0.0,0.081531,0,0.0,0,56,2,6,0.725,0.0,GREEN,34,Bengaluru
CLM0038373,BEN_07965,BTM Layout,2024-07-15,15,0,1,1,0,0,0,0,0,0,1.0,0.940835,0,1.0,0,145,4,3,0.9211,0.0356,GREEN,53,Bengaluru
CLM0038374,BEN_09580,Marathahalli,2025-03-14,21,0,0,0,0,0,1,0,0,0,0.0,0.034838,0,0.0,0,388,2,1,0.763,0.1762,GREEN,43,Bengaluru
CLM0038375,BEN_02260,Rajajinagar,2024-01-17,11,0,0,0,0,0,0,0,1,0,0.0,0.238876,0,1.0,0,395,0,3,0.7337,0.1934,GREEN,35,Bengaluru
CLM0038376,BEN_08006,Koramangala,2025-01-29,16,0,0,0,0,0,0,0,0,1,0.0,0.29472,0,0.0,0,367,2,2,0.05,0.0809,GREEN,38,Bengaluru
CLM0038377,BEN_00662,Electronic City,2024-12-08,11,0,0,0,1,0,0,0,0,0,0.0,0.088684,0,0.0,0,157,1,3,0.05,0.2114,GREEN,43,Bengaluru
CLM0038378,BEN_06733,BTM Layout,2025-01-10,7,0,0,0,0,0,1,0,0,0,0.0,0.337046,0,0.0,0,92,0,6,0.9147,0.1465,GREEN,42,Bengaluru
CLM0038379,BEN_00656,BTM Layout,2024-04-05,18,0,0,0,0,0,0,1,0,1,0.0,0.295131,0,1.0,0,420,1,3,0.05,0.1204,GREEN,28,Bengaluru
CLM0038380,BEN_07833,Whitefield,2019-11-08,21,0,0,0,0,0,0,0,0,0,0.0,0.950792,0,0.0,0,159,3,3,0.6335,0.0872,GREEN,44,Bengaluru
CLM0038381,BEN_00177,Whitefield,2025-05-23,16,0,0,0,0,0,1,0,0,0,0.0,0.311241,0,0.0,0,93,0,2,0.9579,0.1307,GREEN,51,Bengaluru
CLM0038382,BEN_08418,Yelahanka,2025-07-28,12,0,0,0,0,0,0,0,0,0,0.0,0.310009,0,0.0,0,105,3,5,0.1396,0.0,GREEN,46,Bengaluru
CLM0038383,BEN_03766,HSR Layout,2021-03-28,16,0,0,0,0,0,0,0,0,0,0.0,0.197061,0,0.0,0,420,1,3,0.4769,0.0,GREEN,52,Bengaluru
CLM0038384,BEN_05895,Yelahanka,2022-08-22,19,0,0,0,0,0,0,0,0,0,0.0,1.0,0,0.0,0,169,4,0,0.7631,0.0865,GREEN,49,Bengaluru
CLM0038385,BEN_08021,Yelahanka,2022-12-28,12,0,0,0,0,1,0,0,0,0,0.0,0.098575,0,0.0,0,178,4,0,0.5831,0.1076,GREEN,31,Bengaluru
CLM0038386,BEN_04260,Rajajinagar,2017-10-19,18,0,0,0,0,0,0,0,0,0,0.0,0.002479,0,0.0,0,151,2,1,0.98,0.0,GREEN,50,Bengaluru
CLM0038387,BEN_06395,Whitefield,2017-04-16,16,0,0,0,0,0,0,0,0,0,0.0,0.0,0,0.0,0,134,1,1,0.8831,0.0,GREEN,66,Bengaluru
CLM0038388,BEN_03541,Electronic City,2019-06-26,12,0,0,0,0,0,0,0,1,0,0.0,0.174265,0,0.0,1,397,1,0,0.9707,0.0739,GREEN,38,Bengaluru
CLM0038389,BEN_03880,Electronic City,2018-12-29,21,0,0,0,0,0,0,0,0,0,0.0,0.248052,0,0.0,0,65,2,0,0.551,0.0,GREEN,40,Bengaluru
CLM0038390,BEN_08319,Yelahanka,2023-06-07,20,0,0,0,0,0,0,0,0,0,0.0,0.0,0,0.0,0,293,3,7,0.4836,0.0,GREEN,40,Bengaluru
CLM0038391,BEN_04935,Electronic City,2025-10-10,8,0,0,0,0,0,0,1,0,0,0.0,0.256197,0,0.0,0,306,0,2,0.7959,0.0567,GREEN,44,Bengaluru
CLM0038392,BEN_01381,BTM Layout,2019-07-28,16,0,0,0,1,1,1,1,1,1,1.0,1.0,0,0.0,1,32,0,18,0.05,0.0502,GREEN,59,Bengaluru
CLM0038393,BEN_03482,HSR Layout,2023-04-18,7,0,0,0,0,0,1,0,0,0,0.0,0.286955,0,0.0,0,420,3,1,0.478,0.0881,GREEN,42,Bengaluru
CLM0038394,BEN_00549,Electronic City,2021-07-23,10,0,0,0,0,0,0,0,0,0,0.0,0.358424,0,0.0,0,23,2,0,0.5249,0.0,GREEN,39,Bengaluru
CLM0038395,BEN_03537,Whitefield,2021-10-21,10,0,0,0,0,0,0,0,0,0,0.0,0.223869,0,0.0,0,102,0,2,0.4916,0.0126,GREEN,52,Bengaluru
CLM0038396,BEN_09445,Indiranagar,2022-01-08,17,0,0,0,0,0,0,0,0,0,0.0,0.237848,0,0.0,0,420,1,4,0.1279,0.0557,GREEN,33,Bengaluru
CLM0038397,BEN_04543,BTM Layout,2023-01-15,10,0,0,0,0,0,0,0,0,0,1.0,0.087344,0,0.0,1,58,0,0,0.7162,0.1581,GREEN,47,Bengaluru
CLM0038398,BEN_05243,BTM Layout,2020-12-30,13,0,0,0,0,0,0,0,0,0,0.0,0.137178,0,0.0,0,99,2,1,0.6675,0.0,GREEN,51,Bengaluru
CLM0038399,BEN_07666,Koramangala,2021-10-10,21,0,0,0,0,0,0,0,0,0,0.0,0.156718,0,0.0,0,5,0,1,0.5588,0.0,GREEN,42,Bengaluru
CLM0038400,BEN_05023,Electronic City,2019-03-26,12,0,0,0,1,0,0,0,0,0,0.0,0.0,0,0.0,0,223,1,4,0.7463,0.1344,GREEN,40,Bengaluru
CLM0038401,BEN_06510,Yelahanka,2019-05-12,20,0,0,0,0,0,0,0,0,0,0.0,0.213664,0,0.0,0,186,2,3,0.9135,0.0,GREEN,49,Bengaluru
CLM0038402,BEN_00145,Koramangala,2020-06-24,13,0,0,0,0,0,1,0,0,0,0.0,0.146789,0,0.0,0,257,2,3,0.2939,0.149,GREEN,38,Bengaluru
CLM0038403,BEN_02460,Indiranagar,2019-05-10,14,0,0,0,0,0,1,0,0,0,1.0,1.0,0,0.0,0,102,4,3,0.6595,0.1855,GREEN,53,Bengaluru
CLM0038404,BEN_06225,HSR Layout,2019-11-18,12,0,0,0,0,0,0,0,1,0,0.0,0.16807,0,0.0,0,178,2,1,0.98,0.2132,GREEN,34,Bengaluru
CLM0038405,BEN_06407,Whitefield,2025-10-11,12,0,0,0,0,0,0,0,0,0,0.0,0.31107,0,0.0,0,95,4,1,0.7155,0.0055,GREEN,55,Bengaluru
CLM0038406,BEN_01503,BTM Layout,2021-07-08,17,0,0,0,0,0,0,0,0,0,0.0,0.125883,0,0.0,0,142,0,3,0.98,0.0382,GREEN,40,Bengaluru
CLM0038407,BEN_02151,Indiranagar,2023-12-02,14,0,0,0,0,0,0,0,0,0,0.0,0.923438,0,0.0,0,91,0,3,0.6502,0.0381,GREEN,36,Bengaluru
CLM0038408,BEN_07067,HSR Layout,2023-06-28,9,0,0,0,0,0,0,0,0,0,0.0,0.038069,0,0.0,0,420,1,5,0.5885,0.023,GREEN,59,Bengaluru
CLM0038409,BEN_08834,Indiranagar,2025-04-20,17,0,0,0,0,0,0,1,0,0,0.0,0.05178,0,0.0,0,130,0,1,0.734,0.0787,GREEN,51,Bengaluru
CLM0038410,BEN_00202,Electronic City,2024-01-28,10,0,0,0,0,0,0,0,0,0,0.0,0.304009,0,0.0,0,307,0,4,0.6542,0.0,GREEN,32,Bengaluru
CLM0038411,BEN_06153,Indiranagar,2024-03-31,7,0,0,0,0,0,0,0,0,0,0.0,0.026631,0,0.0,0,401,2,3,0.8623,0.0877,GREEN,25,Bengaluru
CLM0038412,BEN_05959,Electronic City,2024-10-30,10,0,0,0,0,1,0,0,0,0,0.0,0.209424,0,0.0,0,151,3,3,0.8714,0.1636,GREEN,38,Bengaluru
CLM0038413,BEN_08003,Yelahanka,2025-01-30,11,0,0,0,0,0,0,0,0,0,0.0,0.451573,1,0.0,0,420,4,7,0.9668,0.1422,GREEN,40,Bengaluru
CLM0038414,BEN_04428,Electronic City,2024-01-21,10,0,0,0,0,0,0,0,0,1,0.0,0.162434,0,0.0,0,126,0,4,0.5133,0.1317,GREEN,29,Bengaluru
CLM0038415,BEN_00352,HSR Layout,2025-05-01,19,0,0,0,0,0,0,0,0,0,0.0,0.192143,0,0.0,0,123,3,4,0.5791,0.0,GREEN,52,Bengaluru
CLM0038416,BEN_07798,Rajajinagar,2025-07-11,12,0,0,0,0,0,0,1,0,0,0.0,0.259137,0,0.0,0,420,2,2,0.5961,0.0331,GREEN,55,Bengaluru
CLM0038417,BEN_09170,Whitefield,2025-12-01,16,0,0,0,0,0,0,0,0,0,0.0,0.0,0,0.0,0,276,0,0,0.8656,0.0178,GREEN,37,Bengaluru
CLM0038418,BEN_04537,Koramangala,2018-12-17,20,0,0,0,0,0,0,0,0,0,0.0,0.927951,0,0.0,0,385,4,2,0.604,0.0567,GREEN,34,Bengaluru
CLM0038419,BEN_08593,Marathahalli,2020-10-14,20,0,0,0,0,0,0,0,0,0,0.0,0.285745,0,0.0,0,113,1,2,0.8911,0.0605,GREEN,41,Bengaluru
CLM0038420,BEN_05546,Yelahanka,2025-04-18,10,0,0,0,0,0,0,0,0,0,0.0,0.159635,0,0.0,0,391,1,6,0.4413,0.0,GREEN,36,Bengaluru
CLM0038421,BEN_04914,HSR Layout,2021-02-08,20,0,0,0,0,0,0,0,0,0,0.0,0.942283,0,0.0,0,420,0,4,0.0657,0.0064,GREEN,53,Bengaluru
CLM0038422,BEN_04390,Whitefield,2025-06-24,17,0,0,0,0,0,0,0,0,0,0.0,0.254013,0,0.0,0,333,3,1,0.4917,0.0512,GREEN,58,Bengaluru
CLM0038423,BEN_02011,Indiranagar,2022-08-05,15,0,0,0,1,1,1,1,1,1,1.0,1.0,0,1.0,1,5,2,18,0.0579,0.1042,GREEN,39,Bengaluru
CLM0038424,BEN_08671,HSR Layout,2021-07-29,13,0,0,0,0,0,0,0,0,0,1.0,0.103223,0,1.0,0,356,2,1,0.8023,0.1375,GREEN,33,Bengaluru
CLM0038425,BEN_07378,Rajajinagar,2023-05-18,7,0,0,0,0,0,0,0,0,0,0.0,0.156312,0,0.0,0,420,3,2,0.6169,0.0249,GREEN,60,Bengaluru
CLM0038426,BEN_04732,Yelahanka,2023-11-18,19,0,0,0,0,0,0,0,0,0,0.0,0.172927,0,0.0,0,340,1,0,0.8164,0.0199,GREEN,38,Bengaluru
CLM0038427,BEN_03776,Marathahalli,2021-09-09,14,0,0,0,0,0,0,0,0,0,0.0,0.250073,0,0.0,0,420,1,3,0.7749,0.0,GREEN,45,Bengaluru
CLM0038428,BEN_02922,Electronic City,2025-01-18,18,0,0,0,0,0,0,0,0,0,0.0,0.034195,0,0.0,0,420,3,1,0.8423,0.0141,GREEN,44,Bengaluru
CLM0038429,BEN_05969,Koramangala,2023-01-29,8,0,0,0,0,0,0,0,0,0,0.0,0.198353,0,0.0,1,94,1,3,0.4936,0.0684,GREEN,28,Bengaluru
CLM0038430,BEN_05761,Koramangala,2022-04-05,7,0,0,0,0,0,1,0,0,0,0.0,0.0,0,0.0,0,45,2,2,0.1578,0.0,GREEN,31,Bengaluru
CLM0038431,BEN_09460,BTM Layout,2019-12-25,10,1,0,0,0,0,0,0,0,0,0.0,0.237669,0,0.0,0,214,3,0,0.5875,0.0648,GREEN,37,Bengaluru
CLM0038432,BEN_04868,Rajajinagar,2024-11-21,21,0,0,0,0,0,0,1,0,0,0.0,0.425352,0,1.0,0,71,3,5,0.8976,0.0645,GREEN,29,Bengaluru
CLM0038433,BEN_01008,HSR Layout,2025-12-29,7,0,0,0,0,0,1,0,0,0,0.0,0.991472,0,0.0,0,256,0,3,0.3107,0.1101,GREEN,36,Bengaluru
CLM0038434,BEN_02328,Indiranagar,2024-11-09,13,0,0,0,0,1,0,0,0,1,0.0,0.087603,0,0.0,0,11,0,0,0.5451,0.1662,GREEN,39,Bengaluru
CLM0038435,BEN_04740,BTM Layout,2024-12-17,16,0,0,0,0,0,1,0,0,0,0.0,0.1399,0,0.0,0,99,3,5,0.8323,0.0726,GREEN,29,Bengaluru
CLM0038436,BEN_06932,Koramangala,2024-07-24,11,0,0,0,0,0,0,0,0,0,0.0,1.0,0,0.0,0,403,3,1,0.8408,0.1348,GREEN,53,Bengaluru
CLM0038437,BEN_06464,Yelahanka,2025-06-15,9,0,0,0,0,0,0,0,0,0,0.0,0.322414,1,1.0,0,269,2,0,0.5886,0.1507,GREEN,23,Bengaluru
CLM0038438,BEN_05952,Indiranagar,2024-11-19,15,0,0,0,0,0,0,0,0,0,0.0,0.159151,0,0.0,0,420,2,7,0.4343,0.0347,GREEN,49,Bengaluru
CLM0038439,BEN_01560,Marathahalli,2025-04-10,20,0,0,0,0,0,0,0,0,0,0.0,0.055045,0,0.0,0,146,2,4,0.4747,0.0,GREEN,30,Bengaluru
CLM0038440,BEN_04207,Marathahalli,2024-07-17,16,0,0,0,0,0,0,0,0,0,0.0,0.293209,0,0.0,0,409,3,0,0.98,0.0243,GREEN,54,Bengaluru
CLM0038441,BEN_02090,Electronic City,2025-01-16,9,0,0,0,0,0,0,1,0,0,0.0,0.004533,0,0.0,0,288,0,3,0.9141,0.0751,GREEN,49,Bengaluru
CLM0038442,BEN_00131,Electronic City,2025-02-28,10,0,0,0,0,0,0,0,0,0,0.0,0.245698,0,0.0,0,258,0,0,0.0823,0.0899,GREEN,44,Bengaluru
CLM0038443,BEN_08823,HSR Layout,2025-07-05,20,0,0,0,0,0,0,0,0,0,0.0,0.163619,0,0.0,0,173,1,3,0.5452,0.0352,GREEN,54,Bengaluru
CLM0038444,BEN_08720,Rajajinagar,2024-09-10,16,0,0,0,0,0,0,0,0,0,1.0,0.3655,0,0.0,0,309,0,0,0.6424,0.1471,GREEN,53,Bengaluru
CLM0038445,BEN_08361,Marathahalli,2021-11-24,18,0,0,0,0,0,0,0,0,0,1.0,0.133513,1,0.0,0,49,4,4,0.647,0.1411,GREEN,27,Bengaluru
CLM0038446,BEN_08610,HSR Layout,2021-04-26,11,0,0,0,0,0,0,0,1,0,0.0,0.373318,0,0.0,0,130,1,2,0.0771,0.0066,GREEN,39,Bengaluru
CLM0038447,BEN_05524,Whitefield,2022-04-04,10,0,0,0,0,0,0,0,0,0,1.0,0.202272,0,0.0,0,215,3,2,0.6427,0.0205,GREEN,33,Bengaluru
CLM0038448,BEN_06487,Yelahanka,2024-05-27,14,0,0,0,0,0,1,0,0,0,0.0,0.261299,0,0.0,0,420,1,2,0.6826,0.0341,GREEN,57,Bengaluru
CLM0038449,BEN_03455,HSR Layout,2022-12-27,21,0,0,0,0,0,0,0,0,0,0.0,0.518632,0,0.0,0,129,0,1,0.6424,0.0,GREEN,19,Bengaluru
CLM0038450,BEN_05679,BTM Layout,2023-08-26,10,0,0,0,0,0,0,0,0,0,0.0,0.986046,0,0.0,0,77,0,3,0.1878,0.0,GREEN,44,Bengaluru
CLM0038451,BEN_00059,Jayanagar,2024-10-21,18,0,0,0,0,0,0,0,0,0,0.0,0.0,0,0.0,0,234,4,1,0.7108,0.0,GREEN,38,Bengaluru
CLM0038452,BEN_01497,Whitefield,2024-06-26,11,0,0,0,0,1,0,0,0,0,0.0,1.0,1,0.0,0,420,4,1,0.98,0.2088,GREEN,23,Bengaluru
CLM0038453,BEN_01779,Marathahalli,2024-05-24,8,0,0,0,0,0,0,0,0,0,0.0,0.32629,0,0.0,0,420,3,0,0.9252,0.0222,GREEN,42,Bengaluru
CLM0038454,BEN_08773,Koramangala,2022-07-11,16,0,0,0,0,1,0,0,0,0,0.0,0.317482,0,0.0,0,381,1,5,0.7488,0.1029,GREEN,47,Bengaluru
CLM0038455,BEN_07823,Electronic City,2025-10-05,10,0,0,0,0,0,0,1,0,0,1.0,0.310355,0,0.0,0,420,4,0,0.8972,0.129,GREEN,57,Bengaluru
CLM0038456,BEN_02659,HSR Layout,2022-03-23,11,0,0,0,0,0,0,0,0,0,0.0,0.288439,0,0.0,0,95,4,4,0.4303,0.0,GREEN,26,Bengaluru
CLM0038457,BEN_08804,Koramangala,2022-10-22,20,0,0,0,0,0,0,0,0,0,0.0,0.122184,0,0.0,0,160,4,4,0.7548,0.0,GREEN,44,Bengaluru
CLM0038458,BEN_07731,Electronic City,2024-11-19,10,0,0,0,0,0,0,0,0,0,0.0,0.047051,0,0.0,0,420,4,3,0.98,0.0462,GREEN,18,Bengaluru
CLM0038459,BEN_02244,Indiranagar,2024-03-01,9,0,0,0,0,0,0,0,0,0,0.0,1.0,0,0.0,0,386,3,2,0.9421,0.093,GREEN,41,Bengaluru
CLM0038460,BEN_07702,Yelahanka,2025-08-04,19,0,0,0,0,0,0,0,0,0,0.0,0.240538,0,0.0,0,420,4,7,0.7988,0.0,GREEN,40,Bengaluru
CLM0038461,BEN_08798,Koramangala,2024-09-13,10,0,1,1,0,0,1,0,0,0,0.0,1.0,0,0.0,0,157,0,2,0.8336,0.1364,GREEN,39,Bengaluru
CLM0038462,BEN_02336,Electronic City,2025-12-21,20,0,0,0,0,0,0,0,0,0,0.0,0.043046,0,0.0,0,10,0,2,0.5869,0.0069,GREEN,50,Bengaluru
CLM0038463,BEN_04172,Jayanagar,2024-01-31,14,0,0,0,0,0,0,1,0,0,0.0,0.35969,0,0.0,0,287,3,3,0.2949,0.1207,GREEN,48,Bengaluru
CLM0038464,BEN_04157,Electronic City,2025-03-27,10,0,0,0,0,0,0,0,0,0,0.0,0.012427,0,0.0,0,194,0,2,0.7503,0.0095,GREEN,40,Bengaluru
CLM0038465,BEN_00853,Koramangala,2025-05-27,8,0,0,0,0,0,0,0,0,0,0.0,0.088401,0,0.0,0,420,1,0,0.476,0.0171,GREEN,60,Bengaluru
CLM0038466,BEN_09458,BTM Layout,2024-07-24,7,0,0,0,0,0,1,0,0,1,0.0,0.216177,0,0.0,0,333,3,3,0.8231,0.3231,YELLOW,19,Bengaluru
CLM0038467,BEN_04619,Indiranagar,2025-12-27,17,0,0,0,0,0,0,0,1,0,0.0,0.935043,0,0.0,0,309,4,0,0.8569,0.0,GREEN,44,Bengaluru
CLM0038468,BEN_07776,HSR Layout,2023-11-29,10,0,0,0,0,0,0,0,0,0,1.0,0.0,0,0.0,0,396,0,2,0.9454,0.0655,GREEN,50,Bengaluru
CLM0038469,BEN_06669,Rajajinagar,2025-09-09,14,0,0,0,0,0,0,0,0,0,0.0,1.0,0,0.0,0,401,1,1,0.1677,0.0,GREEN,35,Bengaluru
CLM0038470,BEN_09498,BTM Layout,2025-02-21,20,0,0,0,0,0,0,0,0,0,0.0,0.391186,0,0.0,0,336,2,5,0.1395,0.0356,GREEN,34,Bengaluru
CLM0038471,BEN_05315,Whitefield,2025-04-05,13,0,0,0,0,0,0,0,1,0,0.0,0.19888,0,0.0,0,420,3,4,0.5719,0.2014,GREEN,31,Bengaluru
CLM0038472,BEN_09857,Koramangala,2024-09-19,10,0,0,0,0,0,0,0,1,0,0.0,0.509487,0,0.0,0,74,1,0,0.5842,0.1464,GREEN,43,Bengaluru
CLM0038473,BEN_02606,Jayanagar,2024-09-13,13,0,0,0,0,0,0,0,0,0,0.0,0.119062,0,0.0,0,304,4,1,0.6315,0.0,GREEN,45,Bengaluru
CLM0038474,BEN_02841,HSR Layout,2025-06-07,14,0,0,0,0,0,0,0,0,0,0.0,0.0,0,0.0,0,420,1,3,0.1101,0.0219,GREEN,42,Bengaluru
CLM0038475,BEN_01412,Rajajinagar,2025-10-20,14,0,0,0,0,0,0,0,0,0,0.0,0.0,0,0.0,0,420,3,1,0.855,0.0032,GREEN,59,Bengaluru
CLM0038476,BEN_08580,HSR Layout,2024-09-07,9,0,0,0,0,0,0,0,0,0,0.0,0.27844,0,0.0,0,122,1,3,0.6009,0.0,GREEN,38,Bengaluru
CLM0038477,BEN_01046,Yelahanka,2025-01-19,7,0,0,0,1,1,0,1,0,1,1.0,1.0,1,1.0,0,5,0,18,0.7425,0.0351,GREEN,49,Bengaluru
CLM0038478,BEN_01835,Rajajinagar,2025-12-09,14,0,0,0,0,1,0,0,1,0,0.0,1.0,0,0.0,0,48,0,6,0.5684,0.1271,GREEN,47,Bengaluru
CLM0038479,BEN_05595,BTM Layout,2025-08-15,16,0,0,0,1,0,0,0,0,0,1.0,1.0,0,1.0,0,173,4,0,0.825,0.1656,GREEN,45,Bengaluru
CLM0038480,BEN_06257,HSR Layout,2025-04-18,19,0,0,0,0,0,0,0,0,0,0.0,0.226848,0,0.0,0,374,3,1,0.822,0.0,GREEN,56,Bengaluru
CLM0038481,BEN_06007,HSR Layout,2022-11-11,17,0,0,0,0,0,0,0,0,0,0.0,0.109178,0,0.0,0,74,4,0,0.8805,0.0,GREEN,53,Bengaluru
CLM0038482,BEN_01173,Indiranagar,2017-12-09,9,0,0,0,0,0,1,0,0,1,0.0,0.304324,0,0.0,0,420,1,1,0.6631,0.2318,GREEN,51,Bengaluru
CLM0038483,BEN_02895,Jayanagar,2023-05-18,18,0,0,0,0,0,0,0,0,0,0.0,0.166458,0,0.0,0,273,1,8,0.6803,0.0476,GREEN,47,Bengaluru
CLM0038484,BEN_01509,Whitefield,2016-03-23,19,0,0,0,0,0,0,0,0,0,0.0,0.183077,0,0.0,0,239,0,2,0.9086,0.0012,GREEN,53,Bengaluru
CLM0038485,BEN_02362,Marathahalli,2021-06-05,14,0,0,0,1,0,0,1,0,0,0.0,0.242222,0,0.0,1,76,2,4,0.911,0.1966,GREEN,65,Bengaluru
CLM0038486,BEN_04942,Rajajinagar,2019-01-18,12,0,0,0,0,0,1,0,0,0,1.0,0.053472,0,0.0,0,99,4,0,0.0756,0.2043,GREEN,21,Bengaluru
CLM0038487,BEN_08114,Koramangala,2020-02-25,21,0,0,0,0,0,0,0,0,0,0.0,0.385639,0,0.0,0,225,0,3,0.8231,0.0,GREEN,57,Bengaluru
CLM0038488,BEN_05360,Whitefield,2017-11-18,21,0,0,0,0,0,0,0,0,0,0.0,0.267016,0,0.0,0,132,4,5,0.6234,0.0,GREEN,37,Bengaluru
CLM0038489,BEN_09651,Indiranagar,2023-12-08,13,0,0,0,0,0,0,0,1,0,0.0,0.375214,0,0.0,0,127,1,4,0.69,0.0746,GREEN,52,Bengaluru
CLM0038490,BEN_09665,Electronic City,2025-06-04,11,0,0,0,0,0,1,1,0,0,0.0,0.095762,0,0.0,0,242,4,2,0.9167,0.1855,GREEN,61,Bengaluru
CLM0038491,BEN_03467,Koramangala,2018-12-10,14,0,0,0,0,0,0,0,0,0,0.0,0.02238,0,0.0,0,164,3,5,0.7025,0.0,GREEN,52,Bengaluru
CLM0038492,BEN_06144,Yelahanka,2020-04-30,8,0,0,0,0,0,1,1,1,0,0.0,1.0,0,0.0,1,34,1,18,0.7024,0.0,GREEN,54,Bengaluru
CLM0038493,BEN_04731,Whitefield,2024-08-27,13,0,0,0,0,0,0,0,0,0,0.0,0.384028,0,1.0,0,197,4,3,0.6457,0.0243,GREEN,50,Bengaluru
CLM0038494,BEN_04793,Whitefield,2022-03-09,8,0,0,0,0,0,1,0,0,0,0.0,0.0,0,0.0,0,240,1,3,0.5864,0.1221,GREEN,35,Bengaluru
CLM0038495,BEN_07914,Indiranagar,2018-11-30,15,0,0,0,0,0,0,0,0,0,0.0,0.417933,0,0.0,0,420,4,4,0.4268,0.0029,GREEN,55,Bengaluru
CLM0038496,BEN_08365,Koramangala,2019-03-06,20,0,0,0,0,0,0,0,0,0,0.0,0.381898,0,0.0,0,158,1,4,0.6155,0.0641,GREEN,38,Bengaluru
CLM0038497,BEN_08167,Whitefield,2022-09-22,19,0,0,0,0,0,1,0,0,1,0.0,0.079557,0,0.0,0,148,1,5,0.779,0.293,GREEN,27,Bengaluru
CLM0038498,BEN_09277,Indiranagar,2018-02-15,19,0,0,0,0,0,0,1,0,0,0.0,0.318058,0,0.0,0,356,1,4,0.7531,0.0,GREEN,53,Bengaluru
CLM0038499,BEN_06811,Indiranagar,2019-03-28,17,0,1,1,0,0,0,0,0,0,0.0,0.108078,0,0.0,1,9,4,5,0.5813,0.0626,GREEN,46,Bengaluru
CLM0038500,BEN_07284,HSR Layout,2025-04-12,15,0,0,0,0,0,0,0,0,0,1.0,0.188549,0,0.0,0,323,3,1,0.4248,0.2022,GREEN,50,Bengaluru
CLM0038501,BEN_00775,HSR Layout,2022-05-25,20,0,0,0,0,0,0,0,0,0,0.0,1.0,0,1.0,0,62,2,0,0.5618,0.0309,GREEN,48,Bengaluru
CLM0038502,BEN_07562,Indiranagar,2022-03-25,19,0,1,1,0,0,0,0,1,0,1.0,0.24638,0,0.0,1,285,4,0,0.4115,0.1784,GREEN,46,Bengaluru
CLM0038503,BEN_02805,Electronic City,2021-07-14,21,0,1,1,0,0,0,0,0,0,0.0,0.304395,0,0.0,0,122,0,1,0.6265,0.0,GREEN,39,Bengaluru
CLM0038504,BEN_02125,Yelahanka,2025-05-14,14,0,0,0,0,0,0,0,0,0,0.0,0.090701,0,0.0,0,420,1,5,0.1079,0.0881,GREEN,44,Bengaluru
CLM0038505,BEN_07359,HSR Layout,2023-09-04,13,0,0,0,0,0,0,0,0,0,0.0,0.932725,0,0.0,0,342,4,2,0.143,0.0368,GREEN,65,Bengaluru
CLM0038506,BEN_09995,Whitefield,2021-02-28,8,0,0,0,1,1,0,1,1,0,0.0,0.334571,1,1.0,0,5,0,18,0.2848,0.0732,GREEN,42,Bengaluru
CLM0038507,BEN_08018,Jayanagar,2022-10-08,17,0,0,0,0,0,0,1,0,0,0.0,0.285594,0,0.0,0,362,1,1,0.5791,0.0,GREEN,39,Bengaluru
CLM0038508,BEN_02284,Rajajinagar,2019-11-01,15,0,1,1,1,1,0,1,0,1,0.0,0.891813,0,0.0,1,5,4,18,0.3122,0.0,GREEN,47,Bengaluru
CLM0038509,BEN_09086,BTM Layout,2019-08-10,14,0,0,0,0,0,0,0,0,0,0.0,0.313857,0,0.0,0,26,1,3,0.8257,0.0,GREEN,40,Bengaluru
CLM0038510,BEN_02105,Marathahalli,2025-12-06,16,0,0,0,0,0,1,0,0,0,0.0,0.441878,0,0.0,0,121,4,3,0.1993,0.0983,GREEN,25,Bengaluru
CLM0038511,BEN_05407,BTM Layout,2021-07-25,18,0,0,0,0,0,0,0,0,0,0.0,0.85034,0,0.0,0,343,1,6,0.05,0.0333,GREEN,48,Bengaluru
CLM0038512,BEN_06454,Jayanagar,2020-02-21,15,0,0,0,0,0,0,0,0,0,1.0,0.505658,0,0.0,0,395,4,6,0.797,0.0878,GREEN,28,Bengaluru
CLM0038513,BEN_01911,BTM Layout,2025-06-01,20,0,0,0,0,0,0,0,0,0,0.0,0.337807,0,0.0,0,98,2,4,0.6018,0.0,GREEN,41,Bengaluru
CLM0038514,BEN_05718,Indiranagar,2018-07-14,8,0,0,0,0,0,0,0,1,0,0.0,0.138664,0,0.0,0,238,2,2,0.7829,0.0918,GREEN,51,Bengaluru
CLM0038515,BEN_01513,HSR Layout,2019-04-06,10,0,0,0,0,0,0,0,0,0,0.0,0.33951,0,1.0,0,120,1,0,0.1195,0.0384,GREEN,44,Bengaluru
CLM0038516,BEN_03300,Yelahanka,2021-08-27,8,0,0,0,1,0,0,0,0,0,0.0,0.099982,0,0.0,0,420,4,2,0.98,0.1322,GREEN,32,Bengaluru
CLM0038517,BEN_00895,Rajajinagar,2024-11-26,15,0,0,0,0,0,0,0,0,0,0.0,0.938588,0,0.0,0,323,3,5,0.98,0.0,GREEN,40,Bengaluru
CLM0038518,BEN_02683,Koramangala,2023-10-13,10,0,0,0,0,1,0,0,0,0,0.0,0.0,0,0.0,0,347,3,8,0.593,0.1435,GREEN,30,Bengaluru
CLM0038519,BEN_04561,Yelahanka,2022-02-02,18,0,0,0,0,0,0,0,0,0,0.0,0.229617,0,0.0,0,420,0,4,0.8952,0.0084,GREEN,35,Bengaluru
CLM0038520,BEN_01744,BTM Layout,2023-04-05,9,0,0,0,0,0,0,0,0,0,1.0,0.956705,0,0.0,0,388,1,4,0.6197,0.1102,GREEN,45,Bengaluru
CLM0038521,BEN_01643,HSR Layout,2025-11-13,8,0,0,0,0,0,1,0,0,0,0.0,0.184689,0,0.0,0,27,1,3,0.05,0.024,GREEN,54,Bengaluru
CLM0038522,BEN_06558,Whitefield,2021-02-20,16,0,0,0,0,0,0,0,0,0,0.0,0.146157,0,0.0,0,148,2,4,0.6272,0.0693,GREEN,44,Bengaluru
CLM0038523,BEN_03594,Indiranagar,2023-01-18,16,0,0,0,0,0,0,0,0,0,0.0,0.040349,0,0.0,0,256,4,1,0.0898,0.0055,GREEN,38,Bengaluru
CLM0038524,BEN_02625,Yelahanka,2021-09-17,7,0,1,1,0,0,0,0,0,0,0.0,0.133533,0,0.0,0,97,4,3,0.807,0.0,GREEN,54,Bengaluru
CLM0038525,BEN_05067,Indiranagar,2025-01-15,15,0,1,1,0,0,0,0,0,0,0.0,0.087047,0,0.0,0,420,4,1,0.8534,0.0298,GREEN,42,Bengaluru
CLM0038526,BEN_04218,BTM Layout,2023-12-03,10,0,0,0,0,0,0,0,0,0,0.0,0.403718,0,0.0,0,219,1,0,0.6628,0.0516,GREEN,33,Bengaluru
CLM0038527,BEN_03175,Rajajinagar,2023-04-12,12,0,0,0,0,0,0,0,1,0,0.0,0.252286,0,0.0,0,420,3,5,0.8049,0.0975,GREEN,47,Bengaluru
CLM0038528,BEN_08382,Indiranagar,2023-01-03,16,0,0,0,0,0,0,0,0,0,0.0,0.140017,0,0.0,1,118,4,4,0.98,0.0,GREEN,43,Bengaluru
CLM0038529,BEN_00854,HSR Layout,2024-01-22,15,0,0,0,0,0,0,0,0,0,0.0,0.254816,0,0.0,0,140,2,1,0.2931,0.0,GREEN,43,Bengaluru
CLM0038530,BEN_01105,Yelahanka,2024-07-13,15,0,0,0,0,0,0,0,0,0,0.0,0.414392,0,0.0,1,420,4,5,0.5558,0.0729,GREEN,43,Bengaluru
CLM0038531,BEN_02142,BTM Layout,2024-03-01,20,0,1,1,1,1,0,1,0,0,1.0,0.347712,0,1.0,1,29,0,18,0.2147,0.0759,GREEN,41,Bengaluru
CLM0038532,BEN_02596,Yelahanka,2024-03-23,20,0,1,1,0,0,0,0,0,0,0.0,0.124652,0,0.0,0,258,2,0,0.154,0.0004,GREEN,44,Bengaluru
CLM0038533,BEN_01393,HSR Layout,2024-04-07,17,0,0,0,0,0,0,0,0,0,0.0,0.198027,0,0.0,0,241,3,2,0.3175,0.0,GREEN,44,Bengaluru
CLM0038534,BEN_06120,Marathahalli,2021-07-23,17,0,0,0,1,0,1,0,0,0,0.0,0.313956,0,0.0,0,128,1,0,0.7617,0.264,GREEN,48,Bengaluru
CLM0038535,BEN_05841,HSR Layout,2019-03-21,8,0,0,0,1,0,0,0,0,1,1.0,0.0,0,0.0,0,5,0,18,0.0926,0.1266,GREEN,27,Bengaluru
CLM0038536,BEN_09934,Marathahalli,2020-03-20,16,0,0,0,0,0,0,0,0,1,0.0,0.087744,0,0.0,0,56,3,0,0.6285,0.1269,GREEN,46,Bengaluru
CLM0038537,BEN_03782,Koramangala,2016-03-07,21,0,0,0,0,0,1,0,0,0,0.0,0.207752,0,0.0,0,420,3,0,0.6391,0.0185,GREEN,49,Bengaluru
CLM0038538,BEN_04128,Electronic City,2024-10-09,15,0,0,0,0,0,0,0,0,0,1.0,1.0,1,1.0,0,317,3,4,0.707,0.1155,GREEN,41,Bengaluru
CLM0038539,BEN_05093,Jayanagar,2025-06-13,17,0,0,0,0,0,0,0,1,0,0.0,0.120646,0,0.0,0,174,2,4,0.7724,0.1989,GREEN,50,Bengaluru
CLM0038540,BEN_04655,Marathahalli,2024-10-20,14,0,0,0,0,0,0,0,0,0,0.0,0.149404,0,0.0,0,28,3,1,0.7783,0.0,GREEN,57,Bengaluru
CLM0038541,BEN_01006,Yelahanka,2025-07-04,16,0,0,0,0,1,0,0,0,0,0.0,0.244265,0,0.0,0,206,0,0,0.7466,0.2616,GREEN,38,Bengaluru
CLM0038542,BEN_00188,Yelahanka,2025-03-10,9,0,0,0,0,0,0,0,0,0,0.0,0.155659,0,0.0,0,256,3,2,0.7317,0.0973,GREEN,53,Bengaluru
CLM0038543,BEN_07910,Electronic City,2024-08-12,11,0,0,0,0,0,1,0,1,0,0.0,0.058093,0,0.0,1,203,2,0,0.8725,0.2452,GREEN,27,Bengaluru
CLM0038544,BEN_09850,Indiranagar,2024-11-06,13,0,0,0,0,0,0,0,0,0,0.0,0.358514,0,0.0,0,406,2,2,0.7205,0.0994,GREEN,45,Bengaluru
CLM0038545,BEN_00038,Marathahalli,2025-07-26,16,0,0,0,1,0,1,1,1,1,0.0,0.047353,0,0.0,1,5,2,18,0.9,0.0,GREEN,48,Bengaluru
CLM0038546,BEN_00826,Jayanagar,2024-08-27,14,0,0,0,0,0,0,0,0,0,0.0,0.326187,0,0.0,0,420,0,2,0.6342,0.0,GREEN,28,Bengaluru
CLM0038547,BEN_02495,Indiranagar,2025-06-26,10,0,0,0,0,0,0,0,0,0,0.0,0.251129,0,0.0,0,184,0,2,0.8844,0.0981,GREEN,30,Bengaluru
CLM0038548,BEN_09905,HSR Layout,2024-07-13,17,0,1,1,0,0,0,0,0,0,0.0,0.05842,1,0.0,0,383,1,2,0.2199,0.0869,GREEN,27,Bengaluru
CLM0038549,BEN_01829,BTM Layout,2020-09-21,20,0,0,0,0,0,0,0,0,1,0.0,0.171401,0,0.0,0,50,1,2,0.2392,0.1015,GREEN,41,Bengaluru
CLM0038550,BEN_07227,Electronic City,2025-05-06,14,0,0,0,0,0,0,0,0,0,1.0,0.0,0,0.0,0,156,4,0,0.6461,0.0094,GREEN,41,Bengaluru
CLM0038551,BEN_08959,Rajajinagar,2023-01-09,11,0,0,0,1,0,0,0,0,0,1.0,0.164812,0,0.0,0,171,2,0,0.9546,0.1742,GREEN,24,Bengaluru
CLM0038552,BEN_09153,Rajajinagar,2025-06-16,19,0,0,0,0,0,0,0,0,0,0.0,0.214432,0,0.0,0,240,4,0,0.1023,0.0012,GREEN,51,Bengaluru
CLM0038553,BEN_02860,HSR Layout,2021-04-07,17,0,0,0,0,0,1,0,0,0,0.0,0.203914,0,0.0,0,331,0,0,0.4208,0.1177,GREEN,66,Bengaluru
CLM0038554,BEN_02789,Koramangala,2021-06-30,15,0,0,0,0,0,0,0,1,0,0.0,0.897846,0,0.0,0,420,0,0,0.781,0.0716,GREEN,44,Bengaluru
CLM0038555,BEN_04428,Electronic City,2018-02-24,15,0,0,0,1,0,0,0,0,0,0.0,0.30367,0,0.0,0,420,2,6,0.5221,0.2243,GREEN,29,Bengaluru
CLM0038556,BEN_01669,Koramangala,2023-09-09,16,0,0,0,0,1,0,0,0,0,0.0,0.108584,0,0.0,0,275,4,2,0.9228,0.0974,GREEN,46,Bengaluru
CLM0038557,BEN_06759,Electronic City,2017-10-26,14,0,0,0,0,0,0,0,0,0,0.0,0.139362,0,0.0,0,163,3,0,0.6744,0.0,GREEN,31,Bengaluru
CLM0038558,BEN_08192,Indiranagar,2018-01-25,16,0,0,0,0,0,0,0,1,0,0.0,0.165653,0,0.0,0,420,4,3,0.6984,0.1859,GREEN,46,Bengaluru
CLM0038559,BEN_01769,HSR Layout,2024-10-13,7,0,0,0,0,0,0,0,0,0,0.0,0.0,0,0.0,0,387,2,1,0.8039,0.0,GREEN,44,Bengaluru
CLM0038560,BEN_05686,Marathahalli,2024-07-22,12,0,0,0,0,0,0,0,0,1,0.0,0.353138,0,0.0,0,189,2,2,0.5799,0.0904,GREEN,60,Bengaluru
CLM0038561,BEN_06134,Rajajinagar,2019-06-19,21,0,0,0,0,0,1,0,1,0,0.0,0.0,0,0.0,0,389,1,5,0.7568,0.129,GREEN,42,Bengaluru
CLM0038562,BEN_07097,Rajajinagar,2025-04-29,19,0,0,0,0,0,0,0,0,0,0.0,0.309531,0,0.0,0,335,4,3,0.7464,0.0,GREEN,44,Bengaluru
CLM0038563,BEN_06729,Rajajinagar,2024-10-10,17,0,0,0,0,0,0,0,0,0,0.0,0.160038,0,0.0,0,271,0,7,0.557,0.0,GREEN,54,Bengaluru
CLM0038564,BEN_04170,Whitefield,2025-09-28,15,0,0,0,0,0,1,0,0,0,0.0,0.896104,0,0.0,0,295,4,7,0.184,0.107,GREEN,52,Bengaluru
CLM0038565,BEN_04152,Jayanagar,2022-12-18,14,0,0,0,0,0,0,0,0,0,0.0,0.179813,0,0.0,0,204,1,4,0.5804,0.0247,GREEN,55,Bengaluru
CLM0038566,BEN_00463,Koramangala,2023-02-25,19,0,0,0,0,0,0,0,0,0,0.0,0.503843,0,0.0,0,189,3,0,0.2576,0.0103,GREEN,60,Bengaluru
CLM0038567,BEN_06227,HSR Layout,2021-11-07,17,0,0,0,0,0,0,0,0,0,0.0,0.102763,0,0.0,0,405,2,1,0.634,0.0535,GREEN,40,Bengaluru
CLM0038568,BEN_00953,Indiranagar,2025-01-28,8,0,0,0,0,0,0,0,0,0,0.0,0.036295,0,0.0,0,407,1,5,0.5687,0.0058,GREEN,55,Bengaluru
CLM0038569,BEN_00827,Indiranagar,2024-01-23,12,0,0,0,0,0,1,0,0,0,0.0,0.294932,0,0.0,0,411,0,0,0.9322,0.0887,GREEN,31,Bengaluru
CLM0038570,BEN_09432,Jayanagar,2023-03-18,7,0,0,0,0,0,0,1,0,0,0.0,0.055022,0,0.0,0,122,2,1,0.8008,0.0699,GREEN,43,Bengaluru
CLM0038571,BEN_01222,Rajajinagar,2025-01-27,9,0,0,0,0,1,0,0,0,0,0.0,0.0,0,0.0,0,264,3,2,0.9554,0.067,GREEN,41,Bengaluru
CLM0038572,BEN_05031,Marathahalli,2025-06-27,19,0,0,0,0,0,0,0,0,0,0.0,0.973988,0,0.0,0,230,1,2,0.8225,0.002,GREEN,36,Bengaluru
CLM0038573,BEN_02415,Yelahanka,2023-07-21,9,0,0,0,0,0,1,0,0,0,0.0,0.394686,0,1.0,0,354,1,2,0.1548,0.0785,GREEN,27,Bengaluru
CLM0038574,BEN_08443,Koramangala,2025-03-31,10,0,0,0,0,0,0,0,0,0,1.0,0.045636,0,0.0,0,297,3,2,0.5779,0.0,GREEN,42,Bengaluru
CLM0038575,BEN_03479,Jayanagar,2024-12-02,12,0,0,0,0,0,0,0,0,0,0.0,0.153281,0,0.0,0,196,2,3,0.7353,0.0146,GREEN,45,Bengaluru
CLM0038576,BEN_06451,Electronic City,2025-06-25,9,0,0,0,0,0,0,0,0,0,0.0,0.383721,0,0.0,0,235,1,0,0.4169,0.0,GREEN,65,Bengaluru
CLM0038577,BEN_07196,Whitefield,2023-07-23,17,0,0,0,1,0,0,1,1,1,0.0,0.102503,0,0.0,0,42,1,18,0.8196,0.1299,GREEN,37,Bengaluru
CLM0038578,BEN_07993,Whitefield,2018-08-09,18,0,0,0,0,0,0,0,0,0,0.0,0.063691,0,0.0,1,21,2,0,0.1463,0.0369,GREEN,33,Bengaluru
CLM0038579,BEN_05052,Jayanagar,2020-08-08,14,0,0,0,0,0,0,0,0,0,0.0,0.337369,0,0.0,0,19,2,2,0.7876,0.0135,GREEN,36,Bengaluru
CLM0038580,BEN_09753,HSR Layout,2024-09-03,10,0,0,0,1,1,0,0,0,0,0.0,0.197755,1,0.0,0,87,2,2,0.98,0.2821,GREEN,45,Bengaluru
CLM0038581,BEN_09161,Jayanagar,2024-05-17,11,0,0,0,0,0,0,0,0,0,0.0,0.152485,0,0.0,0,153,3,2,0.98,0.0,GREEN,34,Bengaluru
CLM0038582,BEN_07541,Whitefield,2024-12-08,7,0,0,0,0,0,0,0,0,0,0.0,0.0,0,0.0,0,73,4,2,0.7531,0.0,GREEN,30,Bengaluru
CLM0038583,BEN_04401,Whitefield,2024-03-19,8,0,0,0,0,0,0,0,0,0,1.0,1.0,0,1.0,0,76,4,2,0.7525,0.0,GREEN,51,Bengaluru
CLM0038584,BEN_08526,Rajajinagar,2024-02-09,7,0,0,0,0,0,0,0,0,0,0.0,1.0,0,0.0,0,420,2,6,0.6161,0.0108,GREEN,64,Bengaluru
CLM0038585,BEN_09316,Jayanagar,2023-12-21,18,0,0,0,0,0,0,0,0,0,0.0,0.189595,0,0.0,0,387,3,2,0.7114,0.0007,GREEN,47,Bengaluru
CLM0038586,BEN_01624,Yelahanka,2024-10-23,15,0,0,0,0,0,0,0,0,0,0.0,0.155519,0,0.0,0,418,0,4,0.5004,0.0,GREEN,58,Bengaluru
CLM0038587,BEN_01609,Electronic City,2023-03-13,16,0,0,0,0,0,0,0,0,0,0.0,1.0,0,0.0,0,340,4,2,0.3203,0.085,GREEN,27,Bengaluru
CLM0038588,BEN_06491,Marathahalli,2023-10-07,8,0,0,0,1,0,0,0,0,0,1.0,1.0,0,1.0,0,420,2,3,0.05,0.1149,GREEN,48,Bengaluru
CLM0038589,BEN_02326,Whitefield,2023-05-18,12,0,0,0,0,0,1,0,0,0,0.0,0.905439,0,0.0,0,198,1,3,0.9528,0.0239,GREEN,40,Bengaluru
CLM0038590,BEN_08695,Koramangala,2024-07-24,15,0,0,0,0,0,0,0,0,0,0.0,0.283644,0,0.0,0,180,2,4,0.268,0.0335,GREEN,44,Bengaluru
CLM0038591,BEN_09056,Indiranagar,2022-07-21,21,0,1,1,0,0,0,0,0,0,0.0,0.361419,0,0.0,0,152,3,5,0.5267,0.0786,GREEN,33,Bengaluru
CLM0038592,BEN_02571,Whitefield,2023-02-11,16,0,0,0,0,0,0,0,0,0,0.0,0.345424,0,0.0,0,352,1,5,0.918,0.0,GREEN,56,Bengaluru
CLM0038593,BEN_00189,Marathahalli,2024-10-04,9,0,0,0,0,0,0,0,0,0,0.0,0.438633,0,0.0,0,309,2,0,0.8305,0.0,GREEN,47,Bengaluru
CLM0038594,BEN_08890,Yelahanka,2025-11-02,17,0,0,0,0,0,0,0,0,0,0.0,0.186649,0,0.0,0,166,3,2,0.565,0.0344,GREEN,35,Bengaluru
CLM0038595,BEN_04444,Rajajinagar,2019-10-07,13,0,0,0,0,0,0,0,0,0,1.0,0.144296,0,0.0,0,352,0,5,0.9125,0.0172,GREEN,47,Bengaluru
CLM0038596,BEN_00148,Rajajinagar,2025-11-30,13,0,0,0,0,0,0,0,0,0,0.0,0.277148,0,0.0,0,125,0,0,0.8365,0.1327,GREEN,58,Bengaluru
CLM0038597,BEN_07801,Koramangala,2022-09-21,18,0,0,0,0,0,0,0,0,0,0.0,0.022603,0,0.0,0,361,2,0,0.4597,0.0251,GREEN,54,Bengaluru
CLM0038598,BEN_06094,Koramangala,2024-06-18,15,0,0,0,0,0,0,0,0,0,0.0,0.102412,0,0.0,0,284,1,1,0.7807,0.0072,GREEN,53,Bengaluru
CLM0038599,BEN_06996,Marathahalli,2022-02-04,9,0,0,0,0,0,0,0,0,0,0.0,0.211164,0,0.0,0,148,3,2,0.4901,0.0678,GREEN,58,Bengaluru
CLM0038600,BEN_02751,Indiranagar,2022-12-28,13,0,0,0,0,0,0,0,0,1,0.0,0.224218,0,0.0,0,145,2,2,0.6175,0.1481,GREEN,42,Bengaluru
CLM0038601,BEN_01600,Indiranagar,2017-10-10,18,0,0,0,0,0,0,0,0,0,0.0,0.199613,0,0.0,0,250,0,4,0.6392,0.0,GREEN,46,Bengaluru
CLM0038602,BEN_06501,HSR Layout,2021-01-23,20,0,0,0,0,0,0,0,1,0,0.0,0.092566,0,0.0,0,103,2,4,0.05,0.049,GREEN,44,Bengaluru
CLM0038603,BEN_00628,Yelahanka,2016-06-24,16,0,0,0,0,0,1,0,0,0,0.0,0.093175,0,0.0,0,113,1,2,0.8925,0.0387,GREEN,54,Bengaluru
CLM0038604,BEN_09950,Electronic City,2024-07-04,12,0,0,0,0,0,0,1,0,0,0.0,0.295697,0,0.0,0,141,2,0,0.7103,0.1212,GREEN,67,Bengaluru
CLM0038605,BEN_05219,Indiranagar,2024-10-09,11,0,0,0,0,0,0,0,0,0,0.0,0.192095,0,0.0,0,178,1,2,0.7728,0.0878,GREEN,46,Bengaluru
CLM0038606,BEN_06169,Marathahalli,2021-06-01,11,0,0,0,0,0,0,0,0,0,0.0,0.075021,0,0.0,0,112,3,4,0.7515,0.0,GREEN,51,Bengaluru
CLM0038607,BEN_04747,Jayanagar,2024-05-08,15,0,0,0,0,0,0,1,0,0,0.0,0.103822,0,1.0,0,26,2,8,0.8855,0.0433,GREEN,43,Bengaluru
CLM0038608,BEN_06818,Koramangala,2018-12-03,21,0,0,0,0,0,0,1,0,0,0.0,0.072846,0,0.0,0,298,4,0,0.7271,0.056,GREEN,43,Bengaluru
CLM0038609,BEN_07651,Koramangala,2020-11-28,12,0,0,0,0,0,0,0,0,0,0.0,0.363044,0,0.0,0,365,2,4,0.5046,0.0,GREEN,56,Bengaluru
CLM0038610,BEN_08091,Koramangala,2020-09-18,12,0,0,0,0,0,0,0,0,1,0.0,0.223094,0,0.0,0,142,4,0,0.1474,0.0886,GREEN,66,Bengaluru
CLM0038611,BEN_00778,HSR Layout,2024-09-22,15,0,0,0,0,0,1,0,0,0,0.0,0.946605,0,0.0,0,346,3,0,0.6847,0.0616,GREEN,35,Bengaluru
CLM0038612,BEN_08639,Electronic City,2024-08-02,21,0,0,0,0,0,0,0,0,0,0.0,0.952568,0,0.0,0,69,1,0,0.9037,0.0593,GREEN,46,Bengaluru
CLM0038613,BEN_09179,Indiranagar,2019-04-12,7,0,0,0,0,0,0,0,0,0,0.0,0.40385,0,0.0,0,352,0,2,0.723,0.0,GREEN,47,Bengaluru
CLM0038614,BEN_06769,Rajajinagar,2024-10-03,8,0,0,0,0,0,0,0,0,0,0.0,0.0,0,0.0,0,420,3,0,0.4551,0.0431,GREEN,64,Bengaluru
CLM0038615,BEN_01216,Whitefield,2021-11-12,13,0,0,0,0,0,0,0,0,0,0.0,0.31659,0,0.0,0,420,0,3,0.4687,0.0,GREEN,46,Bengaluru
CLM0038616,BEN_09054,Yelahanka,2025-08-14,15,0,0,0,0,0,0,0,0,0,1.0,0.166948,0,0.0,0,420,1,0,0.98,0.0769,GREEN,43,Bengaluru
CLM0038617,BEN_01455,Whitefield,2024-10-05,15,0,0,0,0,0,0,0,0,0,0.0,0.138971,0,0.0,0,333,1,1,0.6729,0.0023,GREEN,42,Bengaluru
CLM0038618,BEN_01601,Indiranagar,2025-11-27,11,0,0,0,0,0,0,0,0,0,0.0,0.399184,0,1.0,0,198,3,4,0.2559,0.0063,GREEN,25,Bengaluru
CLM0038619,BEN_08117,Jayanagar,2022-08-23,21,0,0,0,0,1,0,0,0,0,0.0,0.344816,0,0.0,0,118,1,0,0.4936,0.1611,GREEN,45,Bengaluru
CLM0038620,BEN_07291,Rajajinagar,2023-02-20,18,0,0,0,0,0,0,0,0,0,0.0,0.091472,0,0.0,0,77,2,2,0.6501,0.0,GREEN,44,Bengaluru
CLM0038621,BEN_07065,BTM Layout,2022-05-07,14,0,0,0,0,0,0,0,0,0,1.0,0.365198,0,0.0,0,420,2,4,0.05,0.121,GREEN,54,Bengaluru
CLM0038622,BEN_04317,Electronic City,2022-07-23,20,0,0,0,0,0,0,0,0,0,0.0,0.047064,0,0.0,0,386,1,0,0.8576,0.0,GREEN,37,Bengaluru
CLM0038623,BEN_02989,Jayanagar,2024-07-21,15,0,0,0,0,1,0,0,0,0,0.0,0.39806,0,0.0,0,348,0,3,0.5398,0.1771,GREEN,69,Bengaluru
CLM0038624,BEN_03291,Rajajinagar,2021-03-05,11,0,0,0,0,0,1,0,0,0,0.0,0.232487,0,0.0,0,62,0,1,0.8262,0.0523,GREEN,50,Bengaluru
CLM0038625,BEN_04543,BTM Layout,2021-11-03,16,0,0,0,0,0,0,0,0,0,0.0,0.085094,0,0.0,0,360,4,1,0.1457,0.0,GREEN,47,Bengaluru
CLM0038626,BEN_07832,HSR Layout,2023-12-01,8,0,0,0,0,0,0,0,0,0,0.0,0.133973,0,0.0,0,420,1,4,0.1707,0.0,GREEN,28,Bengaluru
CLM0038627,BEN_00197,Marathahalli,2023-05-08,9,0,0,0,0,0,0,0,0,0,0.0,0.0,0,0.0,0,129,1,0,0.935,0.0118,GREEN,52,Bengaluru
CLM0038628,BEN_08218,Indiranagar,2023-07-15,11,0,0,0,0,0,0,0,0,0,0.0,0.287043,0,0.0,0,69,2,3,0.8526,0.0387,GREEN,40,Bengaluru
CLM0038629,BEN_06744,Yelahanka,2018-12-28,9,0,0,0,0,0,0,0,0,0,0.0,0.068428,0,0.0,0,201,4,1,0.8898,0.0166,GREEN,41,Bengaluru
CLM0038630,BEN_01734,Electronic City,2017-07-22,9,0,0,0,0,0,0,0,1,0,0.0,0.084296,0,0.0,0,303,1,3,0.1644,0.0415,GREEN,37,Bengaluru
CLM0038631,BEN_02422,BTM Layout,2025-10-07,13,0,0,0,0,0,0,0,1,0,0.0,0.304207,0,0.0,0,49,4,0,0.8521,0.073,GREEN,41,Bengaluru
CLM0038632,BEN_04735,Yelahanka,2015-10-01,21,0,0,0,0,0,0,0,1,0,0.0,0.138445,0,0.0,0,420,4,4,0.7579,0.0274,GREEN,37,Bengaluru
CLM0038633,BEN_03166,Electronic City,2019-10-27,13,0,0,0,0,0,0,0,0,0,0.0,0.0,0,1.0,0,364,3,1,0.649,0.0465,GREEN,49,Bengaluru
CLM0038634,BEN_04172,Jayanagar,2021-01-29,8,0,0,0,0,0,0,0,1,0,0.0,0.200478,0,0.0,0,151,0,2,0.8063,0.0693,GREEN,48,Bengaluru
CLM0038635,BEN_02491,Marathahalli,2018-06-12,14,0,0,0,0,0,0,0,0,0,1.0,0.880382,0,1.0,0,320,0,1,0.7743,0.0361,GREEN,49,Bengaluru
CLM0038636,BEN_07838,Whitefield,2017-09-03,7,0,0,0,0,0,0,0,0,0,0.0,0.328138,0,0.0,0,338,2,0,0.5708,0.0,GREEN,37,Bengaluru
CLM0038637,BEN_08575,Electronic City,2017-06-23,10,0,0,0,0,0,0,0,0,0,0.0,0.241322,0,0.0,0,65,2,2,0.7483,0.0829,GREEN,47,Bengaluru
CLM0038638,BEN_07206,Whitefield,2024-10-25,10,0,0,0,0,0,0,1,0,0,0.0,0.118696,0,0.0,0,134,4,1,0.98,0.013,GREEN,39,Bengaluru
CLM0038639,BEN_07613,BTM Layout,2025-07-14,8,0,0,0,0,0,0,0,0,0,0.0,0.159901,1,0.0,0,353,2,4,0.1832,0.0898,GREEN,45,Bengaluru
CLM0038640,BEN_05065,Rajajinagar,2024-01-25,11,0,0,0,0,0,0,0,0,0,0.0,0.188915,0,0.0,0,135,4,5,0.0922,0.0,GREEN,39,Bengaluru
CLM0038641,BEN_04006,Koramangala,2024-01-17,15,0,0,0,1,1,0,1,1,1,0.0,0.228546,1,0.0,1,23,3,18,0.1546,0.0255,GREEN,48,Bengaluru
CLM0038642,BEN_05691,HSR Layout,2024-12-18,11,0,0,0,0,0,0,0,0,0,0.0,0.255247,0,0.0,0,401,0,1,0.9498,0.0,GREEN,21,Bengaluru
CLM0038643,BEN_08782,HSR Layout,2023-11-17,19,0,0,0,0,0,0,0,0,0,0.0,0.315354,1,0.0,0,420,2,9,0.05,0.0744,GREEN,51,Bengaluru
CLM0038644,BEN_03315,Whitefield,2024-09-04,20,0,0,0,0,0,0,0,0,0,0.0,0.175892,0,0.0,0,216,3,0,0.3127,0.0,GREEN,42,Bengaluru
CLM0038645,BEN_01089,Electronic City,2022-08-04,21,0,0,0,0,0,0,1,0,0,0.0,0.229996,0,0.0,0,351,1,0,0.3316,0.044,GREEN,57,Bengaluru
CLM0038646,BEN_00342,Indiranagar,2024-06-07,15,0,0,0,0,0,0,1,0,0,0.0,0.115974,0,0.0,0,335,3,3,0.05,0.0,GREEN,49,Bengaluru
CLM0038647,BEN_05344,Rajajinagar,2022-11-16,10,0,0,0,0,0,0,0,0,0,0.0,0.306085,0,0.0,1,86,4,2,0.2966,0.0,GREEN,59,Bengaluru
CLM0038648,BEN_09820,Koramangala,2025-05-19,10,0,0,0,1,1,1,0,1,0,0.0,0.0,1,0.0,0,21,0,18,0.8311,0.0,GREEN,47,Bengaluru
CLM0038649,BEN_03692,Indiranagar,2023-12-02,11,0,0,0,1,1,0,1,0,1,1.0,1.0,1,1.0,0,37,3,18,0.9634,0.1781,GREEN,39,Bengaluru
CLM0038650,BEN_07598,Electronic City,2023-09-14,18,0,0,0,0,0,0,0,0,0,0.0,0.110823,0,0.0,0,371,4,1,0.9074,0.0,GREEN,32,Bengaluru
CLM0038651,BEN_02512,Marathahalli,2024-04-11,12,0,1,1,1,0,0,0,0,0,0.0,0.080589,0,0.0,0,354,3,0,0.98,0.227,GREEN,32,Bengaluru
CLM0038652,BEN_01408,Jayanagar,2022-08-03,12,0,0,0,0,0,0,0,0,0,0.0,0.256013,0,0.0,0,350,4,0,0.6967,0.0591,GREEN,36,Bengaluru
CLM0038653,BEN_00035,Electronic City,2019-02-22,9,0,0,0,1,1,0,1,0,0,0.0,0.062234,1,0.0,1,5,3,14,0.9186,0.3113,YELLOW,20,Bengaluru
CLM0038654,BEN_05310,Yelahanka,2019-11-05,7,0,0,0,0,1,0,0,0,0,0.0,0.270028,1,0.0,0,220,4,4,0.7195,0.2024,GREEN,39,Bengaluru
CLM0038655,BEN_04489,Koramangala,2025-04-25,11,0,0,0,0,0,0,0,0,0,0.0,0.289707,0,0.0,0,112,0,3,0.7298,0.0,GREEN,48,Bengaluru
CLM0038656,BEN_09975,Electronic City,2023-06-23,16,0,0,0,0,0,0,0,0,0,0.0,0.298586,0,0.0,0,235,3,5,0.3037,0.0759,GREEN,50,Bengaluru
CLM0038657,BEN_02202,Rajajinagar,2015-04-05,8,0,0,0,0,1,0,0,0,0,1.0,0.210514,0,0.0,0,335,2,1,0.9182,0.1858,GREEN,54,Bengaluru
CLM0038658,BEN_05059,Jayanagar,2020-01-10,14,0,1,1,0,0,1,0,0,0,0.0,0.211193,0,0.0,0,420,0,0,0.4667,0.1753,GREEN,21,Bengaluru
CLM0038659,BEN_09815,BTM Layout,2020-04-02,20,0,0,0,0,0,0,0,0,0,0.0,0.27052,0,0.0,0,52,0,0,0.2839,0.0,GREEN,37,Bengaluru
CLM0038660,BEN_00138,Koramangala,2021-12-31,21,0,0,0,0,0,0,0,0,0,0.0,0.046927,0,0.0,0,420,4,1,0.6624,0.0,GREEN,28,Bengaluru
CLM0038661,BEN_07172,Yelahanka,2022-08-19,11,0,0,0,1,0,0,0,0,0,0.0,1.0,0,0.0,0,99,3,4,0.2943,0.1216,GREEN,30,Bengaluru
CLM0038662,BEN_04761,Marathahalli,2019-11-01,19,0,0,0,0,0,0,0,0,0,0.0,0.248278,1,0.0,0,249,4,6,0.153,0.1547,GREEN,26,Bengaluru
CLM0038663,BEN_06923,Rajajinagar,2023-08-05,8,0,0,0,0,0,0,0,0,0,0.0,0.147154,0,0.0,0,411,2,0,0.6328,0.0,GREEN,48,Bengaluru
CLM0038664,BEN_08106,HSR Layout,2024-07-09,11,0,0,0,0,0,0,0,0,0,0.0,0.302163,0,0.0,0,275,2,5,0.7925,0.0,GREEN,36,Bengaluru
CLM0038665,BEN_04419,Marathahalli,2021-10-18,14,0,0,0,0,0,0,1,0,0,0.0,1.0,0,0.0,0,98,2,2,0.7907,0.0798,GREEN,56,Bengaluru
CLM0038666,BEN_05444,HSR Layout,2024-12-25,21,0,0,0,0,0,0,0,0,0,0.0,0.102053,0,0.0,0,134,4,4,0.8567,0.0513,GREEN,50,Bengaluru
CLM0038667,BEN_09304,Rajajinagar,2024-09-04,20,0,1,1,0,0,0,0,0,0,1.0,1.0,0,1.0,0,38,1,0,0.9297,0.0,GREEN,46,Bengaluru
CLM0038668,BEN_02196,HSR Layout,2025-11-08,15,0,0,0,0,0,0,0,0,0,0.0,1.0,0,0.0,0,194,2,1,0.98,0.001,GREEN,49,Bengaluru
CLM0038669,BEN_03710,HSR Layout,2025-10-29,11,0,0,0,0,0,0,0,0,0,0.0,0.103744,0,0.0,0,306,1,0,0.2238,0.0,GREEN,35,Bengaluru
CLM0038670,BEN_04607,HSR Layout,2025-05-02,17,0,0,0,0,0,1,0,1,0,0.0,0.30384,0,0.0,0,122,1,4,0.98,0.286,GREEN,44,Bengaluru
CLM0038671,BEN_03139,Indiranagar,2024-01-25,9,0,0,0,0,0,0,0,0,0,0.0,0.177715,0,0.0,0,369,3,1,0.0963,0.0,GREEN,37,Bengaluru
CLM0038672,BEN_07334,Koramangala,2025-02-16,9,0,0,0,0,1,0,0,0,0,0.0,0.183427,0,0.0,0,24,4,2,0.4668,0.173,GREEN,51,Bengaluru
CLM0038673,BEN_05838,HSR Layout,2020-06-17,8,0,0,0,0,1,0,1,0,0,1.0,0.351695,0,0.0,0,391,0,0,0.8673,0.178,GREEN,39,Bengaluru
CLM0038674,BEN_09206,Koramangala,2025-04-06,18,0,0,0,0,0,0,0,0,0,0.0,0.394657,0,0.0,0,344,4,2,0.1114,0.0232,GREEN,32,Bengaluru
CLM0038675,BEN_02802,Rajajinagar,2022-04-27,13,0,0,0,0,0,0,0,0,0,0.0,0.069836,0,0.0,0,122,4,0,0.98,0.0226,GREEN,32,Bengaluru
CLM0038676,BEN_06596,BTM Layout,2019-10-17,11,0,0,0,0,0,0,0,0,0,0.0,0.269539,0,0.0,0,284,0,3,0.7725,0.0,GREEN,53,Bengaluru
CLM0038677,BEN_05534,Koramangala,2025-06-11,9,0,0,0,1,1,0,1,0,1,0.0,0.129152,0,0.0,0,32,4,18,0.8667,0.0,GREEN,65,Bengaluru
CLM0038678,BEN_05861,BTM Layout,2020-08-07,14,0,0,0,0,0,0,0,0,0,1.0,0.048045,0,0.0,0,330,2,3,0.8455,0.0201,GREEN,52,Bengaluru
CLM0038679,BEN_09367,Indiranagar,2020-02-13,9,0,0,0,0,0,0,0,0,0,0.0,0.214281,0,0.0,0,115,4,0,0.05,0.0225,GREEN,52,Bengaluru
CLM0038680,BEN_08448,Yelahanka,2025-07-12,8,0,0,0,0,0,0,0,0,0,0.0,1.0,0,0.0,0,82,3,3,0.9668,0.0156,GREEN,24,Bengaluru
CLM0038681,BEN_08260,BTM Layout,2024-04-01,18,0,0,0,0,0,0,0,0,0,0.0,0.447564,0,0.0,0,5,2,0,0.6109,0.0,GREEN,51,Bengaluru
CLM0038682,BEN_03407,Indiranagar,2020-03-31,12,0,0,0,0,0,0,0,0,0,1.0,0.906879,0,0.0,0,205,3,0,0.8726,0.0979,GREEN,41,Bengaluru
CLM0038683,BEN_00271,Marathahalli,2020-07-14,14,0,0,0,0,0,0,0,0,0,0.0,0.351495,0,1.0,0,420,2,7,0.806,0.2069,GREEN,30,Bengaluru
CLM0038684,BEN_00951,BTM Layout,2023-12-19,11,0,0,0,0,0,1,0,0,0,0.0,0.052421,0,0.0,0,327,2,1,0.34,0.097,GREEN,60,Bengaluru
CLM0038685,BEN_06956,Whitefield,2023-09-30,7,0,0,0,0,0,0,0,0,0,0.0,0.28591,0,0.0,0,378,0,1,0.1717,0.0,GREEN,55,Bengaluru
CLM0038686,BEN_05154,Koramangala,2025-11-12,7,0,0,0,0,0,0,0,0,0,1.0,0.296415,0,0.0,0,420,0,5,0.9176,0.0471,GREEN,29,Bengaluru
CLM0038687,BEN_00759,Koramangala,2023-06-16,8,0,1,1,0,0,0,0,1,0,1.0,0.020167,0,0.0,0,344,1,0,0.6141,0.0782,GREEN,39,Bengaluru
CLM0038688,BEN_00145,Koramangala,2018-04-24,21,0,0,0,0,0,1,0,0,0,0.0,0.0,1,0.0,0,203,1,2,0.462,0.1599,GREEN,38,Bengaluru
CLM0038689,BEN_04729,Jayanagar,2016-04-16,10,0,0,0,0,0,0,0,0,0,0.0,0.117596,0,0.0,0,311,3,2,0.2214,0.0062,GREEN,48,Bengaluru
CLM0038690,BEN_03977,Jayanagar,2022-06-17,16,0,1,1,0,0,0,0,0,0,0.0,0.952356,0,0.0,0,87,3,0,0.1417,0.0,GREEN,40,Bengaluru
CLM0038691,BEN_00774,HSR Layout,2024-09-24,11,0,0,0,0,0,0,0,0,0,1.0,0.286799,0,0.0,0,192,1,1,0.6804,0.0522,GREEN,36,Bengaluru
CLM0038692,BEN_01860,Jayanagar,2021-03-12,15,0,0,0,0,0,0,0,0,0,0.0,0.931812,0,0.0,0,245,0,2,0.0992,0.0038,GREEN,36,Bengaluru
CLM0038693,BEN_08450,Indiranagar,2023-03-04,7,0,0,0,0,0,0,0,0,0,0.0,0.016054,0,0.0,0,420,1,4,0.8486,0.0,GREEN,46,Bengaluru
CLM0038694,BEN_08220,Whitefield,2017-10-24,12,0,0,0,0,0,0,0,0,0,0.0,1.0,0,0.0,0,394,0,5,0.8527,0.0,GREEN,53,Bengaluru
CLM0038695,BEN_02177,Yelahanka,2023-05-03,19,0,0,0,0,0,0,0,0,0,1.0,0.040075,0,0.0,0,96,3,3,0.8649,0.0224,GREEN,38,Bengaluru
CLM0038696,BEN_02216,HSR Layout,2024-12-26,13,0,0,0,0,0,0,0,0,0,0.0,0.975911,0,1.0,0,381,4,8,0.8323,0.0,GREEN,57,Bengaluru
CLM0038697,BEN_09712,HSR Layout,2024-08-09,18,0,0,0,0,0,1,0,0,0,0.0,0.182004,0,0.0,0,100,1,1,0.1269,0.0117,GREEN,42,Bengaluru
CLM0038698,BEN_01979,Yelahanka,2025-02-22,18,0,0,0,0,0,1,0,0,0,0.0,0.276218,0,0.0,0,104,3,1,0.9417,0.0522,GREEN,54,Bengaluru
CLM0038699,BEN_09377,Rajajinagar,2025-11-14,19,0,0,0,0,0,0,0,0,0,0.0,0.09434,0,0.0,0,197,3,2,0.8408,0.0022,GREEN,49,Bengaluru
CLM0038700,BEN_02878,HSR Layout,2024-08-13,17,0,0,0,0,0,0,0,0,0,0.0,0.0,0,0.0,0,165,4,3,0.5906,0.0244,GREEN,40,Bengaluru
CLM0038701,BEN_07239,Electronic City,2025-10-11,7,0,0,0,0,0,0,1,0,0,0.0,0.07493,0,0.0,0,420,2,4,0.7546,0.0955,GREEN,28,Bengaluru
CLM0038702,BEN_09534,HSR Layout,2025-08-05,7,0,0,0,1,0,0,0,1,0,0.0,0.382579,0,0.0,0,334,4,4,0.2872,0.1716,GREEN,54,Bengaluru
CLM0038703,BEN_01115,Indiranagar,2024-07-15,18,0,1,1,1,1,0,1,0,0,0.0,1.0,0,1.0,0,12,1,18,0.1018,0.667,RED,53,Bengaluru
CLM0038704,BEN_04263,Marathahalli,2018-12-07,11,0,1,1,1,1,1,0,1,1,1.0,0.943407,0,0.0,1,28,0,18,0.3419,0.863,RED,41,Bengaluru
CLM0038705,BEN_02852,HSR Layout,2019-06-17,21,0,1,1,1,0,0,1,1,1,0.0,1.0,1,0.0,1,5,0,18,0.98,0.6835,RED,32,Bengaluru
CLM0038706,BEN_01020,Koramangala,2024-04-25,8,0,1,1,1,1,0,1,1,0,0.0,0.013973,0,0.0,1,5,2,18,0.8773,0.6858,RED,47,Bengaluru
CLM0038707,BEN_02620,Rajajinagar,2021-09-20,17,0,0,0,0,1,0,1,1,0,0.0,0.036024,0,0.0,0,28,0,5,0.5485,0.1842,GREEN,45,Bengaluru
CLM0038708,BEN_04662,Marathahalli,2023-03-03,8,0,0,0,0,0,0,0,0,0,0.0,0.316661,0,0.0,0,65,4,3,0.6445,0.0,GREEN,44,Bengaluru
CLM0038709,BEN_09536,Rajajinagar,2021-01-19,17,0,0,0,0,0,0,0,0,0,1.0,0.127946,0,0.0,0,188,1,1,0.6108,0.0127,GREEN,50,Bengaluru
CLM0038710,BEN_09146,Koramangala,2023-02-17,7,0,0,0,0,0,0,0,0,0,0.0,0.108632,0,1.0,0,349,2,2,0.3252,0.0,GREEN,56,Bengaluru
CLM0038711,BEN_03835,Yelahanka,2023-12-29,8,0,0,0,0,0,0,0,0,1,0.0,0.083806,0,0.0,1,359,3,3,0.5636,0.1846,GREEN,25,Bengaluru
CLM0038712,BEN_04884,Yelahanka,2020-12-06,8,0,0,0,1,0,1,0,0,0,0.0,0.049169,1,0.0,0,13,3,5,0.7983,0.247,GREEN,36,Bengaluru
CLM0038713,BEN_03001,Electronic City,2024-08-05,19,0,0,0,0,0,0,0,0,0,1.0,1.0,0,0.0,0,305,4,0,0.8105,0.0314,GREEN,54,Bengaluru
CLM0038714,BEN_08389,BTM Layout,2024-07-06,11,0,0,0,1,1,1,1,0,1,1.0,1.0,0,0.0,0,15,2,18,0.1041,0.0,GREEN,42,Bengaluru
CLM0038715,BEN_03270,Yelahanka,2023-12-18,15,0,0,0,0,0,1,0,0,0,0.0,1.0,0,0.0,0,370,2,4,0.98,0.0,GREEN,37,Bengaluru
CLM0038716,BEN_01361,Whitefield,2025-10-29,8,0,0,0,1,0,0,1,0,0,0.0,0.999131,0,0.0,0,201,2,4,0.6793,0.2029,GREEN,28,Bengaluru
CLM0038717,BEN_05319,BTM Layout,2023-11-02,21,0,0,0,0,0,0,0,0,1,0.0,0.077937,0,0.0,0,114,4,1,0.8344,0.1558,GREEN,51,Bengaluru
CLM0038718,BEN_04963,Rajajinagar,2025-05-23,21,0,0,0,0,0,0,0,0,0,0.0,0.236551,0,0.0,0,420,1,3,0.3782,0.0,GREEN,39,Bengaluru
CLM0038719,BEN_06139,Yelahanka,2020-08-15,10,0,0,0,1,0,1,1,0,0,0.0,0.172955,0,1.0,0,307,4,2,0.6547,0.2413,GREEN,36,Bengaluru
CLM0038720,BEN_01967,Indiranagar,2024-05-04,8,0,0,0,0,0,0,1,0,0,0.0,0.0,0,0.0,0,255,0,0,0.7881,0.14,GREEN,51,Bengaluru
CLM0038721,BEN_07280,Marathahalli,2020-01-09,8,0,0,0,0,0,0,0,0,0,0.0,0.147786,0,0.0,0,275,0,3,0.8075,0.0,GREEN,62,Bengaluru
CLM0038722,BEN_08434,Indiranagar,2020-12-07,15,0,0,0,0,0,0,0,0,0,0.0,0.103167,0,0.0,0,236,0,1,0.1598,0.0,GREEN,37,Bengaluru
CLM0038723,BEN_08223,Rajajinagar,2024-09-25,17,0,0,0,0,0,0,1,0,0,0.0,0.0,0,0.0,0,12,0,1,0.174,0.0752,GREEN,44,Bengaluru
CLM0038724,BEN_00734,Yelahanka,2024-06-30,12,0,0,0,0,0,0,0,0,0,1.0,1.0,0,1.0,0,360,4,1,0.4769,0.0238,GREEN,43,Bengaluru
CLM0038725,BEN_07242,Marathahalli,2024-06-20,15,0,0,0,0,0,0,1,0,0,0.0,0.265077,0,0.0,0,107,3,1,0.8389,0.0935,GREEN,45,Bengaluru
CLM0038726,BEN_07026,Koramangala,2025-07-28,18,0,0,0,0,0,1,0,0,0,0.0,0.0,0,0.0,0,66,3,7,0.8417,0.1049,GREEN,48,Bengaluru
CLM0038727,BEN_07265,HSR Layout,2024-08-11,13,0,0,0,0,0,0,0,0,1,1.0,1.0,0,1.0,0,139,0,0,0.6535,0.1027,GREEN,38,Bengaluru
CLM0038728,BEN_00502,Koramangala,2025-09-27,19,0,0,0,0,1,0,1,0,0,1.0,0.245031,0,0.0,0,125,0,2,0.7789,0.1625,GREEN,45,Bengaluru
CLM0038729,BEN_04716,Indiranagar,2024-07-15,12,0,0,0,0,0,0,0,0,0,1.0,1.0,0,1.0,0,420,0,2,0.4068,0.0,GREEN,18,Bengaluru
CLM0038730,BEN_08819,Whitefield,2025-04-08,7,0,0,0,0,0,0,0,0,0,0.0,0.206792,0,0.0,0,244,3,2,0.3558,0.0,GREEN,49,Bengaluru
CLM0038731,BEN_06816,Indiranagar,2024-11-13,20,0,0,0,0,0,0,0,0,0,0.0,0.078775,0,0.0,0,37,1,2,0.5167,0.003,GREEN,39,Bengaluru
CLM0038732,BEN_03514,HSR Layout,2024-06-19,11,0,0,0,0,0,0,0,0,0,0.0,0.983642,1,0.0,0,400,4,3,0.6147,0.0432,GREEN,52,Bengaluru
CLM0038733,BEN_02178,Indiranagar,2025-12-30,13,0,0,0,0,0,0,1,1,0,0.0,1.0,0,0.0,0,122,2,3,0.1422,0.237,GREEN,38,Bengaluru
CLM0038734,BEN_00530,Indiranagar,2025-04-08,8,0,0,0,0,0,0,0,0,0,0.0,0.145198,0,0.0,0,161,3,2,0.9593,0.0,GREEN,53,Bengaluru
CLM0038735,BEN_02006,BTM Layout,2025-05-09,9,0,0,0,0,0,0,0,0,0,1.0,1.0,0,1.0,0,129,3,0,0.8744,0.0561,GREEN,46,Bengaluru
CLM0038736,BEN_06436,Indiranagar,2025-09-10,7,0,0,0,0,0,0,0,0,0,1.0,0.424025,0,0.0,0,411,0,3,0.5314,0.0388,GREEN,44,Bengaluru
CLM0038737,BEN_05147,Whitefield,2025-10-17,15,0,0,0,0,0,0,0,1,0,0.0,1.0,0,0.0,0,420,4,4,0.8577,0.0857,GREEN,48,Bengaluru
CLM0038738,BEN_06312,Marathahalli,2023-09-29,14,0,0,0,0,0,0,0,0,0,0.0,0.245495,0,0.0,0,59,3,0,0.722,0.073,GREEN,41,Bengaluru
CLM0038739,BEN_01125,Koramangala,2025-05-18,17,0,0,0,0,0,0,0,0,0,0.0,0.352699,0,0.0,0,269,1,4,0.5218,0.0466,GREEN,38,Bengaluru
CLM0038740,BEN_05726,Rajajinagar,2024-06-07,9,0,0,0,0,0,0,0,0,0,0.0,0.348712,0,0.0,0,420,2,3,0.6829,0.0671,GREEN,48,Bengaluru
CLM0038741,BEN_06075,HSR Layout,2024-12-25,18,0,0,0,0,0,0,0,1,0,0.0,0.267208,0,0.0,0,272,0,1,0.98,0.1278,GREEN,34,Bengaluru
CLM0038742,BEN_02976,Whitefield,2025-11-27,21,0,0,0,0,0,0,1,0,0,0.0,0.147631,0,0.0,0,418,0,0,0.1905,0.151,GREEN,33,Bengaluru
CLM0038743,BEN_01485,Rajajinagar,2019-07-27,18,0,0,0,1,1,0,1,1,1,1.0,0.000672,0,0.0,1,7,3,10,0.1712,0.0464,GREEN,45,Bengaluru
CLM0038744,BEN_00080,Electronic City,2019-10-06,14,0,0,0,0,0,0,0,0,0,0.0,0.290891,0,0.0,0,310,2,2,0.6879,0.1052,GREEN,40,Bengaluru
CLM0038745,BEN_09157,Indiranagar,2019-09-23,9,0,0,0,0,0,0,0,0,0,0.0,0.076434,0,0.0,0,269,0,6,0.4531,0.0,GREEN,47,Bengaluru
CLM0038746,BEN_01033,Rajajinagar,2023-01-17,14,0,0,0,1,0,0,1,1,0,1.0,1.0,0,0.0,1,11,3,18,0.0508,0.1157,GREEN,55,Bengaluru
CLM0038747,BEN_08723,Koramangala,2025-08-23,16,0,0,0,0,0,0,0,1,0,0.0,0.116036,0,0.0,0,402,0,8,0.9423,0.2399,GREEN,49,Bengaluru
CLM0038748,BEN_01264,Indiranagar,2018-08-05,12,0,0,0,0,0,0,0,1,0,0.0,1.0,0,0.0,0,131,3,2,0.4401,0.0351,GREEN,44,Bengaluru
CLM0038749,BEN_00848,Marathahalli,2025-11-26,21,0,0,0,0,0,0,0,0,0,0.0,0.0,0,0.0,0,232,4,0,0.1378,0.0,GREEN,61,Bengaluru
CLM0038750,BEN_05021,BTM Layout,2025-10-27,16,0,0,0,0,0,0,0,0,0,0.0,0.162145,0,0.0,0,403,1,2,0.6067,0.0,GREEN,47,Bengaluru
CLM0038751,BEN_03688,Koramangala,2018-07-26,18,0,0,0,0,0,1,0,1,0,1.0,0.387854,0,0.0,0,182,2,4,0.8171,0.2052,GREEN,52,Bengaluru
CLM0038752,BEN_05871,Indiranagar,2025-12-15,9,0,0,0,0,0,0,0,0,0,0.0,0.042303,0,0.0,1,243,0,0,0.8482,0.0204,GREEN,60,Bengaluru
CLM0038753,BEN_00535,Koramangala,2025-06-14,21,0,0,0,0,0,0,0,0,0,0.0,0.155742,0,0.0,0,28,1,3,0.865,0.0111,GREEN,29,Bengaluru
CLM0038754,BEN_07592,BTM Layout,2020-05-05,17,0,0,0,0,0,0,0,0,0,0.0,0.304277,0,0.0,0,420,4,6,0.631,0.0,GREEN,38,Bengaluru
CLM0038755,BEN_06036,Koramangala,2023-02-28,9,0,0,0,0,0,0,0,0,0,0.0,0.134867,0,0.0,0,281,0,1,0.1074,0.1397,GREEN,32,Bengaluru
CLM0038756,BEN_09028,Koramangala,2021-06-03,11,0,0,0,0,0,0,0,0,0,0.0,0.285202,0,0.0,0,260,3,0,0.9019,0.1111,GREEN,35,Bengaluru
CLM0038757,BEN_01574,Yelahanka,2020-06-09,13,0,0,0,0,0,1,0,0,0,0.0,0.923207,0,0.0,0,106,0,1,0.7768,0.0628,GREEN,46,Bengaluru
CLM0038758,BEN_04416,HSR Layout,2024-03-04,9,0,0,0,0,0,0,0,0,0,0.0,0.298047,0,0.0,0,226,0,5,0.8589,0.0,GREEN,28,Bengaluru
CLM0038759,BEN_09602,Whitefield,2023-11-23,8,0,0,0,0,0,0,0,0,0,1.0,0.067105,0,0.0,0,352,4,6,0.2772,0.0412,GREEN,61,Bengaluru
CLM0038760,BEN_01736,Indiranagar,2018-08-29,16,0,0,0,0,0,0,0,0,0,0.0,0.162898,0,0.0,0,12,1,2,0.4865,0.0,GREEN,57,Bengaluru
CLM0038761,BEN_01867,Jayanagar,2021-04-15,13,0,0,0,0,0,0,0,0,0,0.0,0.297639,0,0.0,0,415,2,4,0.7579,0.1344,GREEN,25,Bengaluru
CLM0038762,BEN_03044,Indiranagar,2025-06-30,21,0,0,0,1,0,0,0,0,0,0.0,1.0,0,0.0,0,105,2,3,0.0688,0.096,GREEN,39,Bengaluru
CLM0038763,BEN_09122,Koramangala,2018-06-08,17,0,0,0,0,0,0,1,0,0,0.0,0.094033,0,0.0,0,226,3,5,0.8735,0.1095,GREEN,41,Bengaluru
CLM0038764,BEN_01508,Whitefield,2023-03-14,10,0,0,0,0,0,0,0,0,0,0.0,1.0,0,0.0,0,34,2,4,0.1193,0.0897,GREEN,44,Bengaluru
CLM0038765,BEN_06609,Marathahalli,2024-07-31,19,0,0,0,1,0,0,0,0,0,0.0,0.330241,0,1.0,0,183,3,0,0.05,0.1294,GREEN,45,Bengaluru
CLM0038766,BEN_00794,HSR Layout,2018-10-29,16,0,0,0,0,0,1,0,0,0,0.0,0.168399,0,0.0,0,234,4,2,0.7856,0.1059,GREEN,47,Bengaluru
CLM0038767,BEN_04523,Rajajinagar,2018-06-12,20,0,0,0,0,0,0,0,0,0,0.0,1.0,1,0.0,0,236,2,4,0.8605,0.0777,GREEN,48,Bengaluru
CLM0038768,BEN_05295,BTM Layout,2020-01-04,21,0,0,0,0,0,0,0,0,0,0.0,0.337154,0,0.0,0,361,2,6,0.4472,0.0593,GREEN,41,Bengaluru
CLM0038769,BEN_00435,Marathahalli,2022-07-26,13,0,0,0,0,0,0,0,0,0,1.0,0.105053,0,0.0,0,358,2,4,0.8148,0.0,GREEN,46,Bengaluru
CLM0038770,BEN_08977,Koramangala,2022-08-20,19,0,0,0,0,0,0,0,1,0,0.0,0.348827,0,0.0,0,280,4,5,0.2182,0.2121,GREEN,63,Bengaluru
CLM0038771,BEN_00245,Rajajinagar,2023-06-17,17,0,0,0,0,0,1,0,0,0,1.0,0.264677,0,0.0,0,420,4,0,0.98,0.0783,GREEN,22,Bengaluru
CLM0038772,BEN_01571,Marathahalli,2016-12-01,12,0,0,0,0,0,0,0,0,0,0.0,1.0,0,0.0,0,267,1,4,0.676,0.0392,GREEN,48,Bengaluru
CLM0038773,BEN_07100,Jayanagar,2019-08-11,20,0,0,0,0,0,0,0,0,0,0.0,0.959354,0,0.0,0,420,1,3,0.8101,0.0,GREEN,37,Bengaluru
CLM0038774,BEN_06363,HSR Layout,2024-08-14,14,0,1,1,0,0,0,0,0,0,0.0,0.0,0,0.0,0,143,2,5,0.8264,0.0561,GREEN,51,Bengaluru
CLM0038775,BEN_07127,Yelahanka,2017-10-04,13,0,1,1,0,0,0,0,0,0,0.0,0.51123,0,0.0,0,420,0,1,0.6329,0.0,GREEN,29,Bengaluru
CLM0038776,BEN_00678,Indiranagar,2020-12-04,8,0,0,0,0,0,0,0,0,0,0.0,0.070267,1,0.0,0,236,0,0,0.7902,0.119,GREEN,54,Bengaluru
CLM0038777,BEN_08800,Koramangala,2022-11-14,9,0,0,0,0,0,0,0,0,0,0.0,0.168151,0,0.0,0,286,0,5,0.05,0.0157,GREEN,47,Bengaluru
CLM0038778,BEN_05597,HSR Layout,2019-11-05,18,0,0,0,1,0,0,0,0,0,0.0,0.280126,0,0.0,0,420,2,4,0.6237,0.2443,GREEN,47,Bengaluru
CLM0038779,BEN_05220,Indiranagar,2016-08-29,17,0,0,0,0,0,0,0,0,0,0.0,0.185702,0,0.0,0,170,2,0,0.6822,0.0,GREEN,26,Bengaluru
CLM0038780,BEN_09923,Jayanagar,2024-01-10,16,0,0,0,0,0,0,0,0,0,1.0,0.023551,0,0.0,0,214,3,3,0.7917,0.0584,GREEN,53,Bengaluru
CLM0038781,BEN_09647,Koramangala,2021-12-04,20,0,0,0,0,0,0,0,0,0,0.0,0.249545,0,0.0,0,233,2,3,0.5488,0.0,GREEN,43,Bengaluru
CLM0038782,BEN_04305,Rajajinagar,2019-01-29,12,0,0,0,0,0,0,0,0,0,0.0,0.976683,0,0.0,0,403,2,2,0.6347,0.0656,GREEN,57,Bengaluru
CLM0038783,BEN_00571,BTM Layout,2019-05-10,8,0,0,0,0,0,0,0,1,0,0.0,0.231172,0,0.0,0,87,3,4,0.8015,0.0755,GREEN,46,Bengaluru
CLM0038784,BEN_09069,HSR Layout,2020-02-18,17,0,0,0,1,0,0,0,1,0,0.0,0.320026,0,0.0,0,113,3,0,0.4777,0.2164,GREEN,51,Bengaluru
CLM0038785,BEN_02387,Rajajinagar,2020-01-27,18,0,0,0,0,0,0,0,0,0,0.0,0.165386,0,0.0,0,237,4,0,0.9292,0.0348,GREEN,62,Bengaluru
CLM0038786,BEN_06303,Whitefield,2021-09-26,16,0,0,0,0,0,0,0,0,0,0.0,0.231906,0,0.0,0,231,4,0,0.98,0.0532,GREEN,55,Bengaluru
CLM0038787,BEN_03249,Whitefield,2018-09-22,14,0,0,0,0,0,0,0,0,0,0.0,0.315615,0,0.0,0,296,3,4,0.7509,0.0,GREEN,39,Bengaluru
CLM0038788,BEN_07034,Indiranagar,2018-04-13,20,0,0,0,0,0,0,0,1,0,0.0,0.190975,0,0.0,0,136,2,3,0.9178,0.0186,GREEN,33,Bengaluru
CLM0038789,BEN_04558,BTM Layout,2025-11-27,15,0,0,0,0,0,0,0,0,0,0.0,0.289029,0,0.0,0,420,4,4,0.1836,0.0613,GREEN,18,Bengaluru
CLM0038790,BEN_08781,Rajajinagar,2017-12-15,14,0,0,0,0,0,0,0,0,0,0.0,0.281801,0,0.0,0,355,4,0,0.6633,0.0,GREEN,50,Bengaluru
CLM0038791,BEN_05533,Marathahalli,2025-01-30,18,0,0,0,1,0,0,1,1,1,0.0,0.125456,0,0.0,1,44,4,18,0.7969,0.0404,GREEN,28,Bengaluru
CLM0038792,BEN_03560,Electronic City,2021-09-20,7,0,0,0,0,0,0,0,0,0,0.0,0.0,0,1.0,0,103,0,2,0.7296,0.0929,GREEN,42,Bengaluru
CLM0038793,BEN_03237,Koramangala,2018-03-12,18,0,0,0,0,0,0,0,1,0,0.0,0.374744,0,1.0,0,420,3,0,0.9446,0.1428,GREEN,46,Bengaluru
CLM0038794,BEN_07866,Jayanagar,2018-12-17,12,0,0,0,0,0,0,0,0,0,0.0,0.275354,0,0.0,0,35,3,4,0.9702,0.0,GREEN,36,Bengaluru
CLM0038795,BEN_05486,Koramangala,2025-04-03,18,0,0,0,0,0,0,0,0,0,0.0,0.088569,0,1.0,0,140,0,5,0.5623,0.0492,GREEN,55,Bengaluru
CLM0038796,BEN_03121,Whitefield,2018-07-20,15,0,0,0,0,0,0,0,1,0,0.0,0.086632,0,0.0,0,345,1,3,0.6164,0.0928,GREEN,40,Bengaluru
CLM0038797,BEN_01045,Whitefield,2020-12-03,7,0,0,0,0,0,0,0,0,1,0.0,0.021202,0,0.0,0,188,2,4,0.8084,0.1892,GREEN,52,Bengaluru
CLM0038798,BEN_04266,BTM Layout,2020-12-17,21,0,0,0,0,0,0,0,0,0,1.0,0.045135,0,0.0,0,420,2,2,0.673,0.0767,GREEN,49,Bengaluru
CLM0038799,BEN_06915,Yelahanka,2020-10-27,11,0,0,0,0,0,0,0,0,0,0.0,0.090289,0,0.0,0,184,2,4,0.05,0.0481,GREEN,38,Bengaluru
CLM0038800,BEN_02241,Rajajinagar,2023-05-31,14,0,0,0,0,0,0,0,0,0,0.0,0.211056,0,0.0,0,346,1,1,0.98,0.0781,GREEN,38,Bengaluru
CLM0038801,BEN_04715,Rajajinagar,2024-03-15,8,0,0,0,0,0,0,1,0,0,0.0,0.031241,0,0.0,0,190,4,3,0.1816,0.0394,GREEN,50,Bengaluru
CLM0038802,BEN_00776,BTM Layout,2016-11-12,21,0,0,0,0,0,0,0,1,0,1.0,0.250505,0,0.0,0,260,2,4,0.8194,0.0982,GREEN,35,Bengaluru
CLM0038803,BEN_00062,Indiranagar,2018-05-22,21,0,0,0,0,0,0,1,1,0,0.0,0.3039,0,0.0,0,214,4,1,0.6114,0.1755,GREEN,59,Bengaluru
CLM0038804,BEN_00933,Yelahanka,2017-04-20,11,0,0,0,0,0,0,0,1,0,0.0,0.311158,0,0.0,0,83,4,3,0.6598,0.0941,GREEN,35,Bengaluru
CLM0038805,BEN_06466,Whitefield,2025-12-19,9,0,0,0,0,0,0,0,1,0,0.0,0.335643,0,0.0,1,328,2,1,0.6554,0.1655,GREEN,38,Bengaluru
CLM0038806,BEN_02422,BTM Layout,2025-11-09,14,0,0,0,0,0,0,0,0,0,0.0,0.29387,0,0.0,0,191,2,1,0.8603,0.0161,GREEN,41,Bengaluru
CLM0038807,BEN_07841,Jayanagar,2021-10-29,12,0,0,0,0,0,1,0,1,1,0.0,0.152284,0,1.0,0,86,3,1,0.9413,0.2943,GREEN,53,Bengaluru
CLM0038808,BEN_05357,Whitefield,2020-12-24,21,0,0,0,0,0,0,1,0,0,0.0,0.247989,0,0.0,0,373,3,0,0.8996,0.0594,GREEN,47,Bengaluru
CLM0038809,BEN_04907,HSR Layout,2019-08-15,7,0,0,0,0,0,0,0,0,0,0.0,0.024804,0,0.0,0,420,0,0,0.6887,0.0579,GREEN,46,Bengaluru
CLM0038810,BEN_01609,Electronic City,2016-06-22,7,0,0,0,1,0,1,0,1,1,1.0,0.062747,0,0.0,1,5,1,18,0.1777,0.0522,GREEN,27,Bengaluru
CLM0038811,BEN_07324,Whitefield,2024-05-10,9,0,1,1,1,1,1,1,1,0,0.0,1.0,0,1.0,1,5,4,18,0.2326,0.1858,GREEN,47,Bengaluru
CLM0038812,BEN_03958,Koramangala,2018-01-07,12,0,0,0,1,0,0,0,0,0,0.0,0.235557,0,1.0,0,23,1,0,0.6929,0.1583,GREEN,56,Bengaluru
CLM0038813,BEN_02526,Indiranagar,2017-05-17,9,0,1,1,0,0,0,0,0,0,1.0,0.060984,0,0.0,0,189,2,0,0.7167,0.2045,GREEN,58,Bengaluru
CLM0038814,BEN_04102,Whitefield,2017-10-26,11,0,0,0,0,0,0,0,0,0,1.0,0.195462,0,1.0,0,420,4,1,0.2669,0.1191,GREEN,44,Bengaluru
CLM0038815,BEN_03034,Marathahalli,2019-08-10,10,0,0,0,0,0,0,0,0,0,0.0,0.350064,0,0.0,0,247,1,5,0.1223,0.0471,GREEN,30,Bengaluru
CLM0038816,BEN_00271,Marathahalli,2018-09-07,19,0,0,0,0,0,0,0,0,0,0.0,0.951616,0,0.0,0,420,0,1,0.8105,0.0,GREEN,30,Bengaluru
CLM0038817,BEN_00044,Yelahanka,2018-07-05,16,0,0,0,1,0,0,0,0,0,0.0,0.045348,0,0.0,0,149,2,5,0.5208,0.1165,GREEN,33,Bengaluru
CLM0038818,BEN_01946,Electronic City,2025-08-06,9,0,0,0,0,0,1,0,0,0,0.0,0.198902,0,0.0,0,303,4,0,0.1607,0.2142,GREEN,51,Bengaluru
CLM0038819,BEN_05254,Yelahanka,2023-02-27,19,0,0,0,0,0,0,0,0,0,0.0,0.269385,0,0.0,0,371,1,1,0.9066,0.0183,GREEN,42,Bengaluru
CLM0038820,BEN_09818,Koramangala,2020-04-15,13,0,0,0,0,0,0,0,1,0,0.0,0.034407,0,0.0,0,420,4,2,0.866,0.0492,GREEN,48,Bengaluru
CLM0038821,BEN_07396,HSR Layout,2020-05-07,18,0,0,0,0,0,0,0,0,0,0.0,0.027956,0,0.0,0,277,3,0,0.4325,0.0,GREEN,30,Bengaluru
CLM0038822,BEN_02359,Marathahalli,2024-08-02,11,0,0,0,0,0,0,0,0,1,0.0,0.164704,0,0.0,0,5,3,0,0.6096,0.0784,GREEN,48,Bengaluru
CLM0038823,BEN_01970,BTM Layout,2020-11-11,7,0,0,0,0,0,1,0,0,1,0.0,0.259485,0,0.0,0,420,4,3,0.2968,0.1573,GREEN,42,Bengaluru
CLM0038824,BEN_04370,Indiranagar,2025-04-01,12,0,0,0,0,0,0,0,0,1,0.0,0.194556,0,0.0,0,369,0,4,0.9548,0.1371,GREEN,61,Bengaluru
CLM0038825,BEN_00963,HSR Layout,2024-12-02,16,0,0,0,0,0,0,0,1,0,0.0,0.242776,0,0.0,0,38,2,1,0.7599,0.0547,GREEN,54,Bengaluru
CLM0038826,BEN_07995,HSR Layout,2025-05-11,19,0,0,0,0,0,0,0,1,0,0.0,0.103955,0,0.0,0,342,4,1,0.7373,0.1463,GREEN,37,Bengaluru
CLM0038827,BEN_03812,BTM Layout,2024-12-31,21,0,0,0,0,0,0,0,1,0,0.0,0.249696,0,0.0,0,44,1,0,0.5037,0.0,GREEN,61,Bengaluru
CLM0038828,BEN_08214,Marathahalli,2025-01-23,10,0,0,0,0,0,0,0,0,0,1.0,0.178718,0,0.0,0,381,3,1,0.6835,0.0926,GREEN,53,Bengaluru
CLM0038829,BEN_00094,Yelahanka,2025-12-03,13,0,0,0,0,0,0,0,0,0,0.0,0.360309,0,0.0,1,234,2,0,0.7696,0.0455,GREEN,37,Bengaluru
CLM0038830,BEN_00642,HSR Layout,2022-10-01,8,0,1,1,1,0,0,1,0,0,1.0,0.959485,0,1.0,0,12,2,17,0.056,0.3202,YELLOW,35,Bengaluru
CLM0038831,BEN_04232,Jayanagar,2019-12-21,13,0,1,1,1,1,0,0,1,1,1.0,0.379736,0,0.0,0,17,2,18,0.3278,0.5666,YELLOW,46,Bengaluru
CLM0038832,BEN_08270,HSR Layout,2022-04-26,10,0,1,1,1,0,0,0,1,1,1.0,1.0,1,1.0,0,5,2,18,0.2572,0.5986,YELLOW,31,Bengaluru
CLM0038833,BEN_01884,Jayanagar,2022-04-07,7,0,1,1,0,0,1,1,1,0,0.0,1.0,1,1.0,1,5,1,18,0.9062,0.6463,RED,35,Bengaluru
CLM0038834,BEN_04378,Electronic City,2021-01-29,18,0,1,1,0,0,1,0,1,1,1.0,1.0,1,0.0,0,5,1,18,0.0962,0.5685,YELLOW,41,Bengaluru
CLM0038835,BEN_00229,BTM Layout,2019-04-20,20,0,1,1,1,1,1,1,0,1,1.0,1.0,0,0.0,0,5,0,18,0.2188,0.6229,RED,47,Bengaluru
CLM0038836,BEN_03120,Koramangala,2018-11-24,8,0,1,1,1,1,0,1,1,1,1.0,0.050259,0,0.0,1,16,0,13,0.2341,0.6482,RED,43,Bengaluru
CLM0038837,BEN_01158,HSR Layout,2019-03-27,8,0,1,1,1,1,0,0,0,0,0.0,0.048928,1,0.0,0,8,1,18,0.6784,0.3751,YELLOW,60,Bengaluru
CLM0038838,BEN_02892,BTM Layout,2023-03-21,20,0,1,1,0,0,0,0,0,0,0.0,0.349127,0,0.0,0,420,2,2,0.7677,0.6622,RED,41,Bengaluru
CLM0038839,BEN_03120,Koramangala,2023-09-03,13,0,0,0,0,0,0,0,0,0,0.0,0.362826,0,0.0,0,157,3,0,0.7923,0.0,GREEN,43,Bengaluru
CLM0038840,BEN_08463,Indiranagar,2024-04-13,19,0,0,0,0,0,0,0,0,1,0.0,0.098478,0,0.0,0,311,2,0,0.5372,0.1109,GREEN,48,Bengaluru
CLM0038841,BEN_01646,Electronic City,2021-10-28,10,0,0,0,0,0,0,0,0,0,0.0,0.051737,0,1.0,0,229,3,3,0.5865,0.0013,GREEN,48,Bengaluru
CLM0038842,BEN_01163,Whitefield,2020-06-05,8,0,0,0,0,0,0,0,0,0,0.0,0.278782,0,1.0,0,417,3,5,0.7375,0.0,GREEN,34,Bengaluru
CLM0038843,BEN_06099,Koramangala,2022-02-08,16,0,0,0,0,0,1,0,0,0,0.0,0.0,0,0.0,0,302,4,3,0.4246,0.1952,GREEN,53,Bengaluru
CLM0038844,BEN_09251,Electronic City,2022-03-26,8,0,0,0,0,0,0,0,0,0,0.0,0.324945,0,0.0,0,292,0,3,0.5352,0.0,GREEN,37,Bengaluru
CLM0038845,BEN_05991,Indiranagar,2021-03-13,16,0,0,0,0,0,0,0,0,0,0.0,0.177327,0,0.0,0,111,1,1,0.8488,0.0,GREEN,59,Bengaluru
CLM0038846,BEN_00394,HSR Layout,2021-12-08,16,0,0,0,0,0,0,0,0,0,0.0,0.0,0,0.0,0,5,0,5,0.98,0.0,GREEN,40,Bengaluru
CLM0038847,BEN_07913,Rajajinagar,2023-10-14,18,0,0,0,0,0,0,0,0,0,0.0,0.336828,0,0.0,0,298,3,1,0.8081,0.0,GREEN,49,Bengaluru
CLM0038848,BEN_08505,BTM Layout,2020-02-24,7,0,0,0,0,0,1,1,0,0,0.0,0.122879,0,0.0,0,420,1,0,0.6077,0.1496,GREEN,47,Bengaluru
CLM0038849,BEN_04265,Koramangala,2025-04-12,14,0,0,0,0,0,0,0,0,0,0.0,1.0,0,0.0,0,31,3,3,0.4859,0.0,GREEN,52,Bengaluru
CLM0038850,BEN_04991,Indiranagar,2021-11-24,12,0,0,0,0,0,0,0,0,0,0.0,0.144002,0,0.0,0,420,3,2,0.6486,0.0659,GREEN,56,Bengaluru
CLM0038851,BEN_03059,Jayanagar,2023-08-25,12,0,0,0,1,0,0,0,0,0,0.0,0.056243,0,0.0,0,50,0,3,0.5802,0.168,GREEN,33,Bengaluru
CLM0038852,BEN_04095,Jayanagar,2024-06-09,11,0,1,1,0,0,1,1,1,1,1.0,1.0,1,0.0,0,5,3,18,0.1772,0.1483,GREEN,18,Bengaluru
CLM0038853,BEN_01679,Indiranagar,2024-10-30,19,0,0,0,0,0,0,0,0,0,0.0,0.012517,0,0.0,0,99,3,3,0.5605,0.0147,GREEN,70,Bengaluru
CLM0038854,BEN_03097,HSR Layout,2022-10-10,7,0,0,0,0,1,0,0,1,1,0.0,0.122655,0,0.0,1,5,2,18,0.9117,0.0,GREEN,35,Bengaluru
CLM0038855,BEN_02196,HSR Layout,2024-03-16,14,0,0,0,0,0,0,0,0,0,0.0,0.090294,0,0.0,0,162,2,2,0.2258,0.005,GREEN,49,Bengaluru
CLM0038856,BEN_07293,Jayanagar,2023-03-31,11,0,0,0,0,0,1,0,0,0,0.0,0.066744,0,0.0,0,164,1,0,0.3267,0.0817,GREEN,40,Bengaluru
CLM0038857,BEN_06024,Rajajinagar,2022-11-23,16,0,0,0,0,1,0,0,1,0,0.0,0.406713,0,0.0,0,236,1,1,0.6748,0.2086,GREEN,48,Bengaluru
CLM0038858,BEN_00177,Whitefield,2023-10-24,7,0,0,0,0,0,0,0,0,0,0.0,0.858513,0,0.0,0,111,1,5,0.6498,0.0,GREEN,51,Bengaluru
CLM0038859,BEN_02260,Rajajinagar,2023-09-14,13,0,0,0,0,0,1,1,0,0,0.0,1.0,0,0.0,0,128,3,5,0.4744,0.1599,GREEN,35,Bengaluru
CLM0038860,BEN_02190,BTM Layout,2015-06-26,21,0,0,0,0,0,0,0,1,0,0.0,0.986398,0,0.0,0,230,1,1,0.8294,0.1416,GREEN,47,Bengaluru
CLM0038861,BEN_01437,Yelahanka,2022-05-26,14,0,0,0,0,0,0,0,0,0,0.0,0.421322,0,0.0,0,81,1,2,0.8535,0.0868,GREEN,35,Bengaluru
CLM0038862,BEN_05597,HSR Layout,2015-07-14,9,0,0,0,0,0,0,0,0,0,0.0,0.221176,0,0.0,0,420,2,5,0.6497,0.0,GREEN,47,Bengaluru
CLM0038863,BEN_06595,Indiranagar,2023-01-28,15,0,0,0,0,0,0,1,0,0,0.0,0.383003,0,0.0,0,91,2,1,0.7611,0.1212,GREEN,51,Bengaluru
CLM0038864,BEN_03222,Yelahanka,2019-10-25,16,0,0,0,1,1,1,1,1,0,0.0,0.12417,0,0.0,1,5,0,18,0.98,0.1004,GREEN,41,Bengaluru
CLM0038865,BEN_03561,BTM Layout,2020-03-05,16,0,0,0,0,0,0,0,0,0,0.0,0.205805,0,0.0,0,420,3,0,0.9732,0.0288,GREEN,38,Bengaluru
CLM0038866,BEN_09911,Indiranagar,2022-02-22,20,0,0,0,0,0,0,0,1,0,1.0,1.0,0,1.0,0,219,4,0,0.0538,0.0989,GREEN,18,Bengaluru
CLM0038867,BEN_06368,Yelahanka,2024-07-12,17,0,0,0,0,0,0,0,0,0,1.0,0.438153,0,0.0,0,49,4,5,0.98,0.0148,GREEN,39,Bengaluru
CLM0038868,BEN_00389,Electronic City,2021-08-04,21,0,0,0,0,0,0,0,0,0,0.0,0.052671,0,0.0,0,88,2,2,0.7948,0.0,GREEN,62,Bengaluru
CLM0038869,BEN_06241,Jayanagar,2021-09-14,7,0,0,0,0,0,0,0,0,0,0.0,0.335405,0,0.0,0,399,1,4,0.684,0.1481,GREEN,51,Bengaluru
CLM0038870,BEN_01377,Koramangala,2021-03-09,8,0,0,0,0,0,0,0,0,0,0.0,0.044711,0,0.0,0,217,1,8,0.9334,0.0239,GREEN,54,Bengaluru
CLM0038871,BEN_06640,Indiranagar,2025-08-17,9,0,0,0,0,0,1,0,1,0,0.0,0.024072,0,0.0,0,420,4,5,0.916,0.2035,GREEN,29,Bengaluru
CLM0038872,BEN_02684,Indiranagar,2022-06-28,12,0,1,1,1,0,1,0,0,0,0.0,0.393967,0,0.0,0,34,4,4,0.6078,0.3316,YELLOW,53,Bengaluru
CLM0038873,BEN_02151,Indiranagar,2025-08-10,9,0,0,0,0,0,0,1,0,0,0.0,0.403051,0,0.0,0,234,0,5,0.5511,0.0425,GREEN,36,Bengaluru
CLM0038874,BEN_06329,Marathahalli,2025-08-12,7,0,0,0,0,0,0,0,0,0,1.0,0.0,0,0.0,0,368,4,4,0.9228,0.1522,GREEN,44,Bengaluru
CLM0038875,BEN_07605,BTM Layout,2025-04-06,18,0,0,0,0,1,0,0,1,0,0.0,0.028591,0,0.0,0,420,2,1,0.98,0.2365,GREEN,44,Bengaluru
CLM0038876,BEN_06958,Rajajinagar,2025-10-18,12,0,0,0,0,0,0,0,0,0,0.0,0.242606,0,0.0,0,313,1,3,0.7836,0.0,GREEN,34,Bengaluru
CLM0038877,BEN_00663,Indiranagar,2025-02-27,16,0,0,0,0,0,0,0,0,0,0.0,0.303199,0,0.0,0,156,4,0,0.6664,0.0107,GREEN,40,Bengaluru
CLM0038878,BEN_06537,Electronic City,2025-12-17,18,0,0,0,0,0,0,0,0,0,0.0,0.146908,0,0.0,0,180,4,1,0.5501,0.0,GREEN,42,Bengaluru
CLM0038879,BEN_02011,Indiranagar,2025-03-24,8,0,0,0,0,0,0,0,0,0,1.0,0.0,0,0.0,1,59,3,2,0.8466,0.0784,GREEN,39,Bengaluru
CLM0038880,BEN_08539,Whitefield,2025-08-23,19,0,0,0,0,0,0,0,0,0,0.0,0.423815,0,0.0,0,106,0,2,0.0649,0.0,GREEN,43,Bengaluru
CLM0038881,BEN_08875,Marathahalli,2025-11-05,10,0,0,0,0,0,0,0,0,0,0.0,0.041502,0,0.0,0,326,3,4,0.6254,0.0,GREEN,45,Bengaluru
CLM0038882,BEN_09331,Marathahalli,2024-06-26,16,0,0,0,0,0,0,0,0,0,0.0,0.086553,0,0.0,0,267,4,3,0.4215,0.1217,GREEN,33,Bengaluru
CLM0038883,BEN_05022,Electronic City,2023-09-11,13,0,0,0,0,0,0,0,0,0,0.0,0.074479,0,0.0,0,242,3,1,0.9369,0.0737,GREEN,50,Bengaluru
CLM0038884,BEN_00753,BTM Layout,2024-12-15,12,0,0,0,0,0,0,0,1,0,0.0,0.017014,0,0.0,0,30,4,4,0.219,0.1448,GREEN,39,Bengaluru
CLM0038885,BEN_05692,Koramangala,2025-08-31,10,0,1,1,0,0,0,0,0,0,0.0,0.192116,0,0.0,0,420,2,0,0.966,0.0,GREEN,38,Bengaluru
CLM0038886,BEN_08317,Rajajinagar,2024-11-07,19,0,0,0,0,0,0,0,0,0,0.0,0.190555,1,0.0,0,420,2,1,0.5212,0.0301,GREEN,53,Bengaluru
CLM0038887,BEN_02118,Marathahalli,2024-10-17,20,0,0,0,0,0,0,0,0,0,0.0,0.189045,0,0.0,0,102,1,0,0.885,0.0,GREEN,34,Bengaluru
CLM0038888,BEN_07051,Rajajinagar,2024-01-30,18,0,0,0,0,0,0,0,0,0,0.0,0.217036,0,0.0,0,171,1,3,0.624,0.0,GREEN,63,Bengaluru
CLM0038889,BEN_09993,Koramangala,2024-08-10,18,0,0,0,0,0,0,0,0,0,0.0,0.081087,0,0.0,0,291,4,5,0.98,0.0029,GREEN,51,Bengaluru
CLM0038890,BEN_05218,Rajajinagar,2025-10-19,17,0,0,0,1,0,0,0,0,0,0.0,0.316103,0,0.0,0,404,3,2,0.152,0.0919,GREEN,18,Bengaluru
CLM0038891,BEN_01554,Whitefield,2017-11-28,16,0,0,0,0,0,0,0,0,0,0.0,0.972175,0,0.0,1,81,4,0,0.5797,0.1199,GREEN,34,Bengaluru
CLM0038892,BEN_00026,HSR Layout,2018-07-17,18,0,0,0,0,0,0,0,0,0,0.0,0.07495,0,0.0,0,137,2,1,0.8432,0.0657,GREEN,32,Bengaluru
CLM0038893,BEN_01485,Rajajinagar,2020-04-11,15,0,0,0,0,0,0,0,0,0,0.0,0.072708,0,0.0,0,185,1,5,0.8547,0.0,GREEN,45,Bengaluru
CLM0038894,BEN_02776,Indiranagar,2021-09-24,19,0,0,0,0,0,0,0,0,0,0.0,0.282362,0,0.0,0,134,1,5,0.9712,0.0,GREEN,38,Bengaluru
CLM0038895,BEN_01707,Whitefield,2018-01-10,20,0,0,0,0,0,1,0,0,0,1.0,0.346129,0,0.0,0,143,2,6,0.8968,0.1648,GREEN,46,Bengaluru
CLM0038896,BEN_02712,Indiranagar,2023-11-07,15,0,0,0,0,0,0,0,1,0,0.0,0.229126,1,0.0,0,398,3,1,0.8704,0.2628,GREEN,39,Bengaluru
CLM0038897,BEN_09883,Marathahalli,2023-02-15,10,0,0,0,0,1,0,0,0,0,0.0,0.292473,1,0.0,0,124,2,1,0.73,0.0919,GREEN,48,Bengaluru
CLM0038898,BEN_06498,Marathahalli,2023-09-05,9,0,0,0,0,0,0,0,1,0,0.0,0.0,0,0.0,0,407,2,2,0.4421,0.1775,GREEN,56,Bengaluru
CLM0038899,BEN_00966,Indiranagar,2024-04-19,8,0,0,0,0,0,0,0,1,0,0.0,0.363195,0,0.0,0,144,0,4,0.6478,0.0799,GREEN,35,Bengaluru
CLM0038900,BEN_06858,Koramangala,2023-10-19,15,0,0,0,0,0,0,0,0,0,0.0,0.129695,0,0.0,0,155,2,5,0.7392,0.0976,GREEN,41,Bengaluru
CLM0038901,BEN_04011,Marathahalli,2023-11-12,13,0,0,0,0,0,0,0,0,0,0.0,0.188625,0,0.0,0,420,4,3,0.9528,0.0,GREEN,51,Bengaluru
CLM0038902,BEN_08557,Koramangala,2025-02-06,15,0,0,0,0,0,0,0,0,0,1.0,0.257037,0,0.0,0,420,2,2,0.8042,0.0135,GREEN,44,Bengaluru
CLM0038903,BEN_08417,Indiranagar,2024-10-24,19,0,0,0,0,0,0,0,0,0,0.0,0.0,0,1.0,0,168,1,0,0.8729,0.0257,GREEN,55,Bengaluru
CLM0038904,BEN_01473,Whitefield,2024-06-29,16,0,0,0,0,0,0,0,0,0,0.0,0.187212,0,0.0,0,12,1,1,0.5979,0.0,GREEN,32,Bengaluru
CLM0038905,BEN_01609,Electronic City,2023-03-14,18,0,1,1,1,0,0,0,0,0,0.0,0.116316,0,0.0,0,298,0,0,0.8223,0.1936,GREEN,27,Bengaluru
CLM0038906,BEN_09304,Rajajinagar,2023-01-23,13,0,0,0,0,0,0,0,0,0,0.0,0.316822,0,0.0,1,18,1,1,0.7319,0.1317,GREEN,46,Bengaluru
CLM0038907,BEN_05916,BTM Layout,2024-11-14,8,0,0,0,0,0,0,0,0,0,0.0,0.209601,0,0.0,0,175,2,3,0.7014,0.0,GREEN,43,Bengaluru
CLM0038908,BEN_04306,BTM Layout,2025-04-09,13,0,0,0,0,0,0,0,0,0,0.0,0.254901,1,0.0,0,91,1,4,0.98,0.0435,GREEN,35,Bengaluru
CLM0038909,BEN_06252,Jayanagar,2025-12-26,7,0,1,1,0,0,1,0,1,0,0.0,0.093307,0,0.0,0,420,3,0,0.9019,0.1865,GREEN,45,Bengaluru
CLM0038910,BEN_08315,Koramangala,2024-11-20,7,0,0,0,0,0,0,0,0,0,0.0,0.197151,0,0.0,0,332,4,0,0.7591,0.0,GREEN,44,Bengaluru
CLM0038911,BEN_09228,HSR Layout,2024-10-16,16,0,0,0,0,0,0,0,0,0,0.0,0.527322,0,0.0,0,58,1,0,0.7495,0.0195,GREEN,30,Bengaluru
CLM0038912,BEN_03076,Rajajinagar,2025-12-26,16,0,0,0,0,0,1,0,1,0,0.0,0.258953,0,0.0,0,308,0,7,0.5914,0.1711,GREEN,43,Bengaluru
CLM0038913,BEN_09741,Whitefield,2025-07-16,14,0,0,0,0,0,0,0,0,0,0.0,0.212522,0,0.0,0,212,1,1,0.6713,0.0,GREEN,57,Bengaluru
CLM0038914,BEN_06266,BTM Layout,2021-01-27,12,0,0,0,0,0,0,0,0,0,0.0,0.003352,0,0.0,0,331,0,0,0.6046,0.0,GREEN,37,Bengaluru
CLM0038915,BEN_00462,Electronic City,2023-04-12,21,0,0,0,0,0,0,0,0,0,0.0,0.066772,0,0.0,0,311,2,2,0.98,0.1107,GREEN,59,Bengaluru
CLM0038916,BEN_06702,Electronic City,2022-06-25,11,0,0,0,1,1,0,1,1,0,1.0,1.0,1,1.0,1,5,0,18,0.1803,0.046,GREEN,57,Bengaluru
CLM0038917,BEN_00788,Jayanagar,2023-01-18,10,0,0,0,0,0,0,0,0,0,0.0,0.207635,0,1.0,0,148,4,2,0.1562,0.0584,GREEN,50,Bengaluru
CLM0038918,BEN_00142,Electronic City,2024-02-04,12,0,0,0,0,0,1,0,0,0,0.0,0.28673,0,0.0,0,420,1,1,0.4814,0.165,GREEN,59,Bengaluru
CLM0038919,BEN_01399,Electronic City,2025-09-26,16,0,0,0,0,0,0,0,0,0,0.0,0.4276,0,0.0,0,277,2,3,0.6933,0.0,GREEN,46,Bengaluru
CLM0038920,BEN_05317,Electronic City,2025-05-16,7,0,0,0,1,1,1,1,1,0,0.0,1.0,1,0.0,1,5,2,18,0.2759,0.0,GREEN,39,Bengaluru
CLM0038921,BEN_07870,HSR Layout,2025-02-11,20,0,0,0,0,0,0,0,0,0,0.0,0.223986,0,0.0,0,301,1,4,0.7496,0.0,GREEN,47,Bengaluru
CLM0038922,BEN_03978,HSR Layout,2019-02-08,15,0,0,0,1,0,0,0,0,0,0.0,0.381749,0,0.0,0,54,2,2,0.5337,0.1074,GREEN,43,Bengaluru
CLM0038923,BEN_06076,BTM Layout,2021-01-25,18,0,0,0,1,0,0,1,1,0,0.0,0.167302,0,1.0,0,5,0,18,0.2062,0.1312,GREEN,39,Bengaluru
CLM0038924,BEN_06807,Marathahalli,2021-11-19,12,0,0,0,0,0,0,0,0,0,0.0,1.0,0,0.0,0,242,3,6,0.3657,0.047,GREEN,40,Bengaluru
CLM0038925,BEN_01165,Indiranagar,2024-08-23,7,0,0,0,0,0,0,0,0,0,0.0,0.319264,0,0.0,0,418,4,2,0.6739,0.1416,GREEN,41,Bengaluru
CLM0038926,BEN_07348,Indiranagar,2019-01-31,19,0,0,0,0,0,0,0,0,0,0.0,0.057627,0,0.0,0,308,0,2,0.7465,0.0,GREEN,45,Bengaluru
CLM0038927,BEN_09041,Indiranagar,2021-05-09,19,0,0,0,0,0,1,0,0,0,0.0,0.169847,0,0.0,0,215,3,3,0.508,0.0555,GREEN,34,Bengaluru
CLM0038928,BEN_04070,Koramangala,2022-09-01,8,0,0,0,0,0,0,0,0,0,0.0,0.138757,0,0.0,0,420,4,1,0.9037,0.0675,GREEN,52,Bengaluru
CLM0038929,BEN_08986,HSR Layout,2023-06-13,13,0,0,0,0,0,0,0,0,0,0.0,0.184198,0,0.0,0,56,3,5,0.733,0.0436,GREEN,62,Bengaluru
CLM0038930,BEN_08535,Jayanagar,2024-02-03,16,0,0,0,0,0,0,0,0,0,0.0,0.129265,0,0.0,0,172,4,1,0.7754,0.0,GREEN,36,Bengaluru
CLM0038931,BEN_02637,Yelahanka,2022-06-10,17,0,0,0,0,0,0,0,0,0,0.0,0.167642,0,0.0,0,223,4,6,0.98,0.0,GREEN,18,Bengaluru
CLM0038932,BEN_09694,Rajajinagar,2024-08-22,15,0,1,1,0,0,0,0,1,0,0.0,0.027152,0,0.0,0,121,2,1,0.5436,0.2082,GREEN,21,Bengaluru
CLM0038933,BEN_01087,Rajajinagar,2024-09-12,20,0,0,0,0,0,0,1,0,0,1.0,0.208924,0,0.0,0,21,4,1,0.6833,0.1214,GREEN,31,Bengaluru
CLM0038934,BEN_08617,Yelahanka,2023-01-02,7,0,0,0,0,0,0,0,0,0,0.0,0.454459,0,0.0,0,408,0,5,0.814,0.0541,GREEN,45,Bengaluru
CLM0038935,BEN_02962,HSR Layout,2021-11-26,20,0,0,0,0,0,0,0,0,0,0.0,0.368767,0,0.0,0,133,1,0,0.4326,0.1055,GREEN,44,Bengaluru
CLM0038936,BEN_05170,Rajajinagar,2018-08-10,8,0,0,0,0,0,0,0,0,0,0.0,0.289606,0,0.0,0,82,3,3,0.6459,0.0,GREEN,31,Bengaluru
CLM0038937,BEN_07567,Indiranagar,2023-11-23,14,0,0,0,0,0,0,0,0,0,0.0,0.026636,0,0.0,0,375,2,2,0.7789,0.0531,GREEN,51,Bengaluru
CLM0038938,BEN_09901,Rajajinagar,2018-07-08,11,0,0,0,0,0,0,0,0,0,0.0,0.0,0,1.0,0,296,3,6,0.98,0.0,GREEN,22,Bengaluru
CLM0038939,BEN_01788,Rajajinagar,2020-04-25,18,0,0,0,0,0,0,0,0,0,0.0,0.111127,0,0.0,0,420,2,3,0.804,0.0,GREEN,48,Bengaluru
CLM0038940,BEN_00677,Yelahanka,2023-06-11,10,0,1,1,0,0,0,0,0,0,0.0,0.238089,0,0.0,0,113,2,3,0.8761,0.0,GREEN,40,Bengaluru
CLM0038941,BEN_06437,HSR Layout,2021-09-26,13,0,0,0,0,0,0,0,0,0,0.0,0.262198,0,0.0,0,418,2,4,0.8531,0.0,GREEN,30,Bengaluru
CLM0038942,BEN_03972,Indiranagar,2022-03-10,14,0,0,0,0,0,0,0,0,0,0.0,0.134354,0,0.0,0,227,1,1,0.6632,0.0175,GREEN,41,Bengaluru
CLM0038943,BEN_04576,Koramangala,2022-09-17,20,0,0,0,0,0,0,0,0,0,0.0,0.3987,0,0.0,0,273,3,2,0.5249,0.004,GREEN,56,Bengaluru
CLM0038944,BEN_06922,Marathahalli,2024-07-25,13,0,0,0,0,0,1,0,0,0,0.0,0.073509,0,0.0,0,340,1,3,0.788,0.2071,GREEN,51,Bengaluru
CLM0038945,BEN_03512,Marathahalli,2024-05-16,9,0,0,0,0,0,0,0,0,0,1.0,0.218096,0,0.0,0,242,4,5,0.8243,0.0632,GREEN,41,Bengaluru
CLM0038946,BEN_03548,Rajajinagar,2023-11-14,10,0,0,0,1,0,0,0,0,0,0.0,0.404627,0,0.0,0,420,4,6,0.4905,0.1283,GREEN,55,Bengaluru
CLM0038947,BEN_07254,BTM Layout,2019-04-17,9,0,0,0,0,0,0,0,0,0,0.0,0.278286,0,0.0,0,35,4,1,0.2186,0.0131,GREEN,57,Bengaluru
CLM0038948,BEN_02612,Electronic City,2024-09-05,16,0,0,0,0,0,0,0,0,0,0.0,0.357544,0,0.0,0,291,3,1,0.98,0.0126,GREEN,55,Bengaluru
CLM0038949,BEN_07806,Rajajinagar,2025-03-11,20,0,0,0,0,0,0,0,0,0,0.0,0.391026,0,0.0,0,391,2,1,0.8733,0.0263,GREEN,36,Bengaluru
CLM0038950,BEN_08493,Jayanagar,2018-10-04,21,0,0,0,0,0,0,0,0,0,1.0,0.288859,0,0.0,0,215,3,2,0.8517,0.1064,GREEN,43,Bengaluru
CLM0038951,BEN_01269,BTM Layout,2018-09-26,15,0,0,0,0,0,0,0,1,0,0.0,0.371202,0,1.0,0,83,0,6,0.805,0.1197,GREEN,62,Bengaluru
CLM0038952,BEN_08993,Indiranagar,2020-09-15,13,0,0,0,0,0,0,0,0,0,0.0,0.183259,0,0.0,0,189,1,2,0.8268,0.0575,GREEN,36,Bengaluru
CLM0038953,BEN_07496,BTM Layout,2022-01-10,9,0,0,0,1,1,1,1,1,1,1.0,1.0,0,1.0,1,30,0,18,0.05,0.0862,GREEN,51,Bengaluru
CLM0038954,BEN_09587,Whitefield,2020-04-23,9,0,0,0,0,0,0,0,0,0,0.0,0.339232,0,1.0,0,125,4,1,0.98,0.2002,GREEN,42,Bengaluru
CLM0038955,BEN_05577,Whitefield,2021-02-23,12,0,0,0,0,0,0,0,0,0,0.0,0.230687,0,0.0,0,351,2,3,0.8165,0.0,GREEN,42,Bengaluru
CLM0038956,BEN_04686,Marathahalli,2024-11-21,9,0,0,0,0,0,0,0,1,0,1.0,0.233712,0,0.0,0,94,4,0,0.2394,0.1643,GREEN,53,Bengaluru
CLM0038957,BEN_07749,Koramangala,2018-08-22,13,0,0,0,0,0,0,0,0,0,0.0,0.963804,0,0.0,0,259,4,5,0.8457,0.0,GREEN,46,Bengaluru
CLM0038958,BEN_01849,Yelahanka,2018-06-10,20,0,0,0,0,0,0,0,0,0,0.0,0.132038,0,0.0,0,420,1,1,0.5855,0.0,GREEN,33,Bengaluru
CLM0038959,BEN_04191,BTM Layout,2018-06-27,20,0,0,0,0,0,0,0,0,0,0.0,0.095639,1,0.0,0,262,3,2,0.8281,0.0931,GREEN,36,Bengaluru
CLM0038960,BEN_05883,Rajajinagar,2023-06-29,9,0,0,0,0,0,0,0,0,0,0.0,0.379428,0,0.0,1,420,1,2,0.0522,0.0466,GREEN,55,Bengaluru
CLM0038961,BEN_06851,Indiranagar,2021-01-19,15,0,0,0,0,0,1,0,0,0,0.0,1.0,0,0.0,0,237,4,2,0.5136,0.1042,GREEN,38,Bengaluru
CLM0038962,BEN_07187,Whitefield,2021-10-13,13,0,0,0,0,0,0,0,0,0,0.0,1.0,0,0.0,0,40,4,4,0.4441,0.0,GREEN,38,Bengaluru
CLM0038963,BEN_02093,Koramangala,2020-03-01,19,0,0,0,0,0,0,1,0,0,0.0,0.0,0,0.0,0,5,0,4,0.98,0.0002,GREEN,39,Bengaluru
CLM0038964,BEN_02698,Rajajinagar,2023-10-17,15,0,0,0,1,1,0,1,1,0,1.0,1.0,0,1.0,1,17,4,18,0.3362,0.0,GREEN,38,Bengaluru
CLM0038965,BEN_04221,Jayanagar,2023-02-14,7,0,0,0,0,0,0,0,0,0,1.0,0.066042,0,0.0,0,174,1,1,0.2265,0.2241,GREEN,51,Bengaluru
CLM0038966,BEN_06662,Marathahalli,2024-11-06,18,0,0,0,0,0,0,0,0,0,0.0,0.260828,0,0.0,0,91,0,4,0.735,0.0,GREEN,52,Bengaluru
CLM0038967,BEN_08867,BTM Layout,2020-03-25,9,0,0,0,0,0,0,0,0,0,0.0,0.084449,0,0.0,0,225,4,5,0.98,0.031,GREEN,50,Bengaluru
CLM0038968,BEN_05375,HSR Layout,2023-07-31,9,0,0,0,0,0,1,0,0,0,0.0,0.146623,0,0.0,0,155,1,2,0.9174,0.2359,GREEN,48,Bengaluru
CLM0038969,BEN_04434,Koramangala,2022-09-14,8,0,0,0,0,0,0,0,1,0,0.0,0.0,0,0.0,0,229,0,2,0.2056,0.1823,GREEN,38,Bengaluru
CLM0038970,BEN_03212,HSR Layout,2024-12-03,18,0,0,0,0,0,0,0,1,0,0.0,1.0,1,0.0,0,96,1,1,0.7142,0.2031,GREEN,48,Bengaluru
CLM0038971,BEN_07460,Indiranagar,2024-11-10,15,0,0,0,0,0,0,0,1,0,0.0,0.282893,0,0.0,0,99,4,2,0.6843,0.1613,GREEN,45,Bengaluru
CLM0038972,BEN_06657,HSR Layout,2023-02-02,8,0,1,1,0,0,0,0,1,0,0.0,0.417259,1,0.0,0,246,1,6,0.1041,0.1205,GREEN,46,Bengaluru
CLM0038973,BEN_06710,Koramangala,2022-05-22,8,0,0,0,0,0,1,0,0,0,1.0,0.925777,0,1.0,0,272,4,6,0.893,0.0837,GREEN,61,Bengaluru
CLM0038974,BEN_01655,Koramangala,2023-05-20,10,0,0,0,0,0,0,0,0,0,0.0,0.971569,0,0.0,0,189,3,0,0.5709,0.0,GREEN,38,Bengaluru
CLM0038975,BEN_03114,Koramangala,2023-12-25,9,0,0,0,0,0,0,0,0,0,0.0,1.0,0,0.0,0,238,1,6,0.6277,0.0436,GREEN,52,Bengaluru
CLM0038976,BEN_06412,HSR Layout,2025-10-29,19,0,0,0,0,0,0,0,0,0,0.0,0.314139,0,0.0,1,164,2,1,0.8661,0.1054,GREEN,45,Bengaluru
CLM0038977,BEN_01880,Koramangala,2022-04-12,18,0,0,0,0,0,0,0,0,0,0.0,0.292506,0,1.0,0,411,1,4,0.84,0.06,GREEN,72,Bengaluru
CLM0038978,BEN_07241,HSR Layout,2025-08-14,7,0,0,0,0,0,0,0,0,0,1.0,0.280963,0,0.0,0,420,4,1,0.4924,0.0465,GREEN,56,Bengaluru
CLM0038979,BEN_05001,BTM Layout,2021-05-12,21,0,0,0,0,0,0,0,0,0,0.0,0.155627,0,0.0,0,45,0,1,0.7,0.0143,GREEN,41,Bengaluru
CLM0038980,BEN_03227,Whitefield,2023-03-01,18,0,0,0,0,0,0,0,0,0,0.0,0.164618,0,0.0,0,210,0,4,0.9197,0.0415,GREEN,37,Bengaluru
CLM0038981,BEN_05743,Koramangala,2021-10-17,18,0,0,0,1,0,0,0,0,0,0.0,0.131928,0,0.0,0,386,1,2,0.6638,0.1096,GREEN,57,Bengaluru
CLM0038982,BEN_05632,Koramangala,2025-04-30,18,0,0,0,0,0,0,0,0,0,0.0,0.087445,0,0.0,0,8,3,0,0.8861,0.0807,GREEN,27,Bengaluru
CLM0038983,BEN_01583,Marathahalli,2025-09-17,9,0,0,0,0,1,0,0,0,0,1.0,0.208419,0,0.0,0,74,4,2,0.7499,0.181,GREEN,33,Bengaluru
CLM0038984,BEN_03063,Electronic City,2025-02-10,17,0,0,0,0,0,0,0,0,0,0.0,0.248963,0,0.0,0,393,0,5,0.8552,0.0028,GREEN,41,Bengaluru
CLM0038985,BEN_03737,Marathahalli,2024-02-24,11,0,1,1,0,0,0,0,0,0,1.0,0.329456,0,0.0,0,371,4,3,0.8539,0.0707,GREEN,35,Bengaluru
CLM0038986,BEN_05181,Rajajinagar,2025-09-27,12,0,0,0,0,0,0,0,1,0,0.0,0.0,0,0.0,0,67,1,0,0.8312,0.1227,GREEN,61,Bengaluru
CLM0038987,BEN_05290,Indiranagar,2025-10-21,7,0,0,0,0,0,0,0,0,0,0.0,0.246317,0,0.0,0,336,1,4,0.98,0.0041,GREEN,39,Bengaluru
CLM0038988,BEN_09995,Whitefield,2024-04-27,8,0,0,0,0,0,1,0,1,0,0.0,0.193648,0,0.0,0,356,4,0,0.05,0.1765,GREEN,42,Bengaluru
CLM0038989,BEN_04245,Electronic City,2024-11-02,14,0,0,0,0,0,0,0,0,0,0.0,0.0,0,0.0,0,126,3,5,0.7612,0.0,GREEN,44,Bengaluru
CLM0038990,BEN_05081,BTM Layout,2025-04-09,16,0,0,0,0,0,0,0,0,0,0.0,0.164896,0,0.0,0,259,3,0,0.5406,0.0,GREEN,34,Bengaluru
CLM0038991,BEN_01342,HSR Layout,2024-04-09,13,0,0,0,0,0,0,0,0,0,0.0,0.114527,0,0.0,0,355,3,3,0.6436,0.0585,GREEN,52,Bengaluru
CLM0038992,BEN_09086,BTM Layout,2023-09-16,7,0,0,0,0,0,0,0,0,0,0.0,0.257228,0,0.0,0,296,0,6,0.98,0.0097,GREEN,40,Bengaluru
CLM0038993,BEN_07504,Indiranagar,2022-11-19,7,0,0,0,0,0,0,0,0,0,0.0,0.028962,0,0.0,0,268,2,3,0.8161,0.0,GREEN,61,Bengaluru
CLM0038994,BEN_07286,Koramangala,2025-06-09,9,0,0,0,0,0,0,0,0,0,0.0,0.038307,0,0.0,0,420,4,5,0.5889,0.0016,GREEN,42,Bengaluru
CLM0038995,BEN_05939,Koramangala,2020-05-21,15,0,1,1,0,0,0,0,0,0,0.0,0.141046,0,0.0,0,90,3,2,0.8428,0.0,GREEN,33,Bengaluru
CLM0038996,BEN_02746,BTM Layout,2018-04-27,13,0,0,0,0,0,1,0,0,1,0.0,0.309452,0,0.0,0,412,4,1,0.7904,0.3145,YELLOW,24,Bengaluru
CLM0038997,BEN_06089,Marathahalli,2019-04-13,7,0,0,0,0,0,0,0,0,0,0.0,0.325434,0,0.0,0,420,4,3,0.05,0.0,GREEN,62,Bengaluru
CLM0038998,BEN_08610,HSR Layout,2025-07-08,13,0,0,0,0,1,0,0,0,0,0.0,0.041603,0,0.0,1,290,0,0,0.2837,0.1479,GREEN,39,Bengaluru
CLM0038999,BEN_04498,Jayanagar,2019-02-26,10,0,0,0,0,0,0,0,0,0,1.0,0.28321,0,0.0,0,194,0,7,0.6684,0.0661,GREEN,33,Bengaluru
CLM0039000,BEN_04349,Whitefield,2025-04-23,12,0,0,0,0,0,1,0,0,0,0.0,0.357747,0,0.0,0,251,4,4,0.8522,0.1313,GREEN,38,Bengaluru
CLM0039001,BEN_02533,HSR Layout,2024-02-24,21,0,1,1,0,0,0,0,0,0,0.0,0.048086,0,0.0,0,290,0,1,0.7516,0.0944,GREEN,59,Bengaluru
CLM0039002,BEN_04329,Indiranagar,2025-07-14,9,0,0,0,0,0,0,0,0,0,0.0,0.046666,0,0.0,0,420,0,0,0.2916,0.0868,GREEN,42,Bengaluru
CLM0039003,BEN_08775,Koramangala,2018-01-20,15,0,0,0,0,0,0,0,0,0,0.0,0.050435,0,0.0,0,237,4,3,0.1771,0.0222,GREEN,51,Bengaluru
CLM0039004,BEN_00328,Electronic City,2025-09-12,11,0,0,0,0,0,0,0,0,0,0.0,0.218862,0,0.0,0,290,4,0,0.1856,0.0,GREEN,29,Bengaluru
CLM0039005,BEN_04867,Jayanagar,2020-04-08,19,0,0,0,0,0,0,0,1,0,0.0,0.325853,0,0.0,0,52,1,3,0.8715,0.0168,GREEN,29,Bengaluru
CLM0039006,BEN_07311,Electronic City,2019-09-28,13,0,0,0,0,0,0,0,0,0,0.0,0.336701,0,0.0,0,338,0,0,0.8456,0.0531,GREEN,41,Bengaluru
CLM0039007,BEN_07334,Koramangala,2024-07-14,20,0,0,0,1,0,0,0,0,1,0.0,0.207226,0,0.0,0,366,4,5,0.7881,0.2132,GREEN,51,Bengaluru
CLM0039008,BEN_09645,Marathahalli,2023-02-08,12,0,0,0,0,0,0,1,0,0,0.0,0.22368,0,0.0,0,271,4,1,0.9102,0.0442,GREEN,50,Bengaluru
CLM0039009,BEN_06239,Electronic City,2023-07-07,9,0,0,0,0,0,0,0,0,0,1.0,0.97844,0,1.0,0,420,2,1,0.6353,0.008,GREEN,44,Bengaluru
CLM0039010,BEN_03596,Whitefield,2020-03-03,13,0,0,0,0,0,0,0,0,0,0.0,0.130476,0,0.0,0,60,3,3,0.6133,0.0,GREEN,57,Bengaluru
CLM0039011,BEN_00660,Whitefield,2025-04-01,21,0,0,0,1,0,0,0,0,0,0.0,0.219055,1,0.0,0,261,0,7,0.5995,0.0386,GREEN,28,Bengaluru
CLM0039012,BEN_08474,HSR Layout,2022-01-10,11,0,0,0,0,0,0,0,0,0,0.0,1.0,0,0.0,0,420,1,1,0.5633,0.0033,GREEN,38,Bengaluru
CLM0039013,BEN_05908,Whitefield,2025-07-08,11,0,0,0,0,0,0,0,0,0,1.0,0.953442,0,1.0,0,284,0,2,0.7946,0.0,GREEN,40,Bengaluru
CLM0039014,BEN_01026,BTM Layout,2025-07-25,10,0,0,0,0,0,0,0,1,0,0.0,0.319481,0,0.0,0,212,0,2,0.2292,0.0432,GREEN,46,Bengaluru
CLM0039015,BEN_09902,HSR Layout,2024-05-06,16,0,0,0,0,1,1,0,0,0,0.0,0.960472,0,0.0,0,295,3,1,0.0683,0.2444,GREEN,43,Bengaluru
CLM0039016,BEN_03094,Jayanagar,2025-09-22,13,0,0,0,0,0,1,1,0,1,0.0,0.014647,1,0.0,0,5,0,18,0.9136,0.1237,GREEN,42,Bengaluru
CLM0039017,BEN_09093,Electronic City,2024-07-23,9,0,0,0,1,1,0,0,0,1,1.0,0.529557,0,1.0,0,5,0,17,0.1853,0.0818,GREEN,44,Bengaluru
CLM0039018,BEN_04791,Electronic City,2024-09-11,17,0,0,0,0,0,0,0,0,0,0.0,1.0,0,0.0,0,206,4,4,0.9734,0.0,GREEN,25,Bengaluru
CLM0039019,BEN_04692,Marathahalli,2025-03-25,10,0,0,0,0,1,0,0,0,0,0.0,0.310092,0,0.0,0,420,1,1,0.05,0.1757,GREEN,66,Bengaluru
CLM0039020,BEN_05065,Rajajinagar,2025-07-11,10,0,0,0,1,0,0,0,0,0,0.0,0.23242,0,0.0,0,420,0,0,0.2521,0.0382,GREEN,39,Bengaluru
CLM0039021,BEN_04740,BTM Layout,2025-01-09,9,0,1,1,0,0,0,0,0,0,0.0,0.108331,0,0.0,0,299,3,5,0.6652,0.0,GREEN,29,Bengaluru
CLM0039022,BEN_03924,Yelahanka,2025-09-17,13,0,0,0,0,0,0,0,0,0,0.0,0.181004,0,0.0,0,107,2,0,0.8261,0.0,GREEN,41,Bengaluru
CLM0039023,BEN_01638,Marathahalli,2025-10-17,15,0,1,1,1,1,1,1,1,1,1.0,0.159271,0,1.0,0,35,2,18,0.944,0.868,RED,42,Bengaluru
CLM0039024,BEN_04088,HSR Layout,2021-11-29,20,0,1,1,1,1,0,0,1,1,1.0,0.938704,0,0.0,0,5,0,18,0.0692,0.6315,RED,42,Bengaluru
CLM0039025,BEN_07509,Indiranagar,2024-07-27,17,0,1,1,0,0,0,0,0,0,0.0,0.0,0,0.0,0,397,1,0,0.9782,0.6393,RED,52,Bengaluru
CLM0039026,BEN_09323,Jayanagar,2024-03-28,18,0,1,1,0,1,0,1,1,1,0.0,0.889744,0,0.0,1,5,1,12,0.2484,0.5441,YELLOW,31,Bengaluru
CLM0039027,BEN_07685,Rajajinagar,2023-01-30,16,0,1,1,0,0,0,0,0,0,0.0,0.138771,0,0.0,0,22,2,0,0.2603,0.6498,RED,54,Bengaluru
CLM0039028,BEN_09501,HSR Layout,2022-05-20,7,0,1,1,1,0,1,1,0,1,0.0,0.075308,0,0.0,1,5,0,18,0.8726,0.6892,RED,40,Bengaluru
CLM0039029,BEN_08558,HSR Layout,2020-07-13,20,0,1,1,1,0,0,0,1,0,0.0,0.96274,0,0.0,0,416,1,1,0.8487,0.5326,YELLOW,40,Bengaluru
CLM0039030,BEN_05209,Jayanagar,2023-06-03,12,0,1,1,0,0,0,0,0,0,0.0,0.259627,0,0.0,0,67,1,2,0.839,0.2536,GREEN,37,Bengaluru
CLM0039031,BEN_08170,Indiranagar,2023-04-21,7,0,1,1,1,0,1,1,1,1,1.0,1.0,0,0.0,1,13,2,17,0.05,0.7647,RED,41,Bengaluru
CLM0039032,BEN_00285,Koramangala,2024-01-20,7,0,1,1,1,1,0,0,1,1,0.0,0.07902,0,0.0,0,5,0,18,0.1132,0.6759,RED,38,Bengaluru
CLM0039033,BEN_04288,Marathahalli,2025-03-30,12,0,1,1,0,0,0,0,0,0,0.0,0.346512,0,0.0,0,248,0,0,0.1202,0.0964,GREEN,34,Bengaluru
CLM0039034,BEN_00901,Electronic City,2024-12-15,19,0,0,0,1,0,0,0,0,0,0.0,0.086391,0,0.0,0,219,1,0,0.8941,0.0823,GREEN,63,Bengaluru
CLM0039035,BEN_06891,Koramangala,2025-11-20,18,0,0,0,0,1,0,0,0,0,1.0,1.0,0,0.0,0,420,4,7,0.8955,0.2477,GREEN,60,Bengaluru
CLM0039036,BEN_04692,Marathahalli,2025-10-27,21,0,0,0,0,0,0,0,0,0,0.0,1.0,0,0.0,0,135,3,9,0.505,0.0716,GREEN,66,Bengaluru
CLM0039037,BEN_09700,Indiranagar,2022-12-20,17,0,0,0,0,1,1,0,0,0,0.0,0.0,0,0.0,0,420,4,1,0.1934,0.2079,GREEN,41,Bengaluru
CLM0039038,BEN_05659,Jayanagar,2025-12-30,16,0,1,1,0,0,0,0,0,0,0.0,0.265649,0,0.0,0,227,0,6,0.7606,0.0,GREEN,45,Bengaluru
CLM0039039,BEN_06428,Electronic City,2025-07-03,21,0,0,0,0,0,0,0,0,0,0.0,0.220316,0,0.0,1,136,0,0,0.7746,0.0619,GREEN,64,Bengaluru
CLM0039040,BEN_09564,Whitefield,2023-08-07,10,0,0,0,0,0,0,0,0,0,1.0,1.0,0,0.0,0,313,4,4,0.5383,0.0945,GREEN,35,Bengaluru
CLM0039041,BEN_01910,BTM Layout,2021-11-07,9,0,0,0,1,0,0,1,0,0,0.0,0.041003,0,0.0,0,94,4,3,0.9006,0.1821,GREEN,45,Bengaluru
CLM0039042,BEN_05649,Koramangala,2021-01-03,19,0,0,0,1,1,1,1,1,1,1.0,1.0,0,1.0,1,5,0,18,0.2235,0.2804,GREEN,48,Bengaluru
CLM0039043,BEN_07822,Marathahalli,2023-10-05,11,0,0,0,0,0,0,0,0,0,0.0,0.180547,0,0.0,0,54,2,4,0.5115,0.0,GREEN,59,Bengaluru
CLM0039044,BEN_02743,Marathahalli,2025-10-25,17,0,0,0,0,0,0,0,0,0,0.0,0.10692,0,0.0,1,216,4,1,0.615,0.0266,GREEN,30,Bengaluru
CLM0039045,BEN_04217,Electronic City,2021-08-22,7,0,0,0,0,0,0,0,0,0,0.0,1.0,0,0.0,0,238,3,1,0.715,0.0,GREEN,56,Bengaluru
CLM0039046,BEN_06959,BTM Layout,2020-11-27,8,0,0,0,0,0,0,0,0,0,0.0,0.394308,0,0.0,0,420,2,1,0.3167,0.0076,GREEN,47,Bengaluru
CLM0039047,BEN_07879,Yelahanka,2021-12-30,7,0,0,0,0,0,0,0,0,0,0.0,0.268164,0,0.0,0,374,2,5,0.98,0.0364,GREEN,39,Bengaluru
CLM0039048,BEN_01442,Jayanagar,2023-11-17,21,0,0,0,0,0,0,1,0,0,0.0,0.0,0,0.0,0,182,0,3,0.8226,0.157,GREEN,52,Bengaluru
CLM0039049,BEN_04823,Electronic City,2023-09-22,21,0,0,0,0,0,0,0,0,0,0.0,0.31254,0,0.0,0,420,3,2,0.7222,0.0788,GREEN,38,Bengaluru
CLM0039050,BEN_08334,HSR Layout,2020-11-26,15,0,0,0,0,0,0,0,0,0,0.0,0.35219,0,0.0,0,283,0,1,0.8295,0.0232,GREEN,59,Bengaluru
CLM0039051,BEN_01790,Koramangala,2021-01-22,19,0,0,0,0,0,1,0,0,0,0.0,0.0,0,0.0,0,420,3,0,0.7308,0.0572,GREEN,31,Bengaluru
CLM0039052,BEN_02271,Jayanagar,2024-07-02,13,0,0,0,1,0,0,0,0,0,1.0,0.394647,0,0.0,0,80,2,2,0.98,0.2401,GREEN,45,Bengaluru
CLM0039053,BEN_07469,Rajajinagar,2025-03-31,21,0,0,0,0,1,0,0,0,0,0.0,0.174588,0,0.0,0,272,2,2,0.98,0.1207,GREEN,52,Bengaluru
CLM0039054,BEN_07668,Indiranagar,2020-02-25,9,0,0,0,0,0,0,0,1,0,0.0,0.310064,0,0.0,0,418,3,4,0.8042,0.1953,GREEN,40,Bengaluru
CLM0039055,BEN_07956,BTM Layout,2025-03-07,14,0,0,0,1,0,0,0,0,0,0.0,0.260894,0,0.0,0,193,3,0,0.6554,0.1384,GREEN,26,Bengaluru
CLM0039056,BEN_08342,Koramangala,2019-10-31,14,0,1,1,0,0,0,0,0,0,1.0,0.064565,0,0.0,0,40,0,8,0.1011,0.1631,GREEN,39,Bengaluru
CLM0039057,BEN_09752,Yelahanka,2021-04-16,14,0,0,0,0,0,0,0,0,0,0.0,0.33815,0,0.0,0,412,1,1,0.5121,0.0112,GREEN,33,Bengaluru
CLM0039058,BEN_06909,Jayanagar,2024-10-12,15,0,0,0,0,0,0,0,0,0,1.0,0.364651,0,0.0,0,120,2,3,0.6877,0.1769,GREEN,40,Bengaluru
CLM0039059,BEN_06581,Whitefield,2021-02-13,16,0,0,0,0,0,0,0,0,0,0.0,0.052368,0,0.0,0,420,2,2,0.8911,0.1848,GREEN,60,Bengaluru
CLM0039060,BEN_03183,Indiranagar,2024-06-26,8,0,0,0,0,0,0,0,0,0,0.0,0.013553,0,0.0,1,71,2,2,0.9781,0.0815,GREEN,40,Bengaluru
CLM0039061,BEN_03130,HSR Layout,2024-12-20,10,0,0,0,0,0,0,0,0,1,0.0,0.374695,0,0.0,0,23,1,4,0.8016,0.1657,GREEN,41,Bengaluru
CLM0039062,BEN_03188,Koramangala,2020-06-30,11,0,0,0,0,0,0,0,0,0,0.0,0.388174,0,0.0,0,420,2,0,0.4207,0.0015,GREEN,37,Bengaluru
CLM0039063,BEN_03965,Koramangala,2022-08-22,17,0,1,1,0,0,0,0,0,0,0.0,1.0,0,0.0,0,286,1,5,0.2268,0.0102,GREEN,38,Bengaluru
CLM0039064,BEN_04309,HSR Layout,2023-08-04,18,0,0,0,0,0,1,0,1,0,0.0,0.159033,0,0.0,0,420,3,4,0.7815,0.1858,GREEN,47,Bengaluru
CLM0039065,BEN_02407,Electronic City,2025-04-19,15,0,0,0,0,1,0,0,0,0,0.0,0.177637,0,0.0,0,388,0,3,0.4763,0.1461,GREEN,46,Bengaluru
CLM0039066,BEN_08694,Koramangala,2020-05-03,15,0,0,0,0,0,0,0,1,0,0.0,0.033361,0,0.0,0,140,1,5,0.6333,0.0692,GREEN,49,Bengaluru
CLM0039067,BEN_06665,BTM Layout,2021-11-06,8,0,0,0,1,0,0,0,1,0,0.0,0.372328,0,0.0,0,117,1,3,0.1125,0.1773,GREEN,37,Bengaluru
CLM0039068,BEN_07605,BTM Layout,2024-07-19,15,0,0,0,0,1,0,0,0,0,0.0,0.241367,0,0.0,0,420,3,2,0.0547,0.1486,GREEN,44,Bengaluru
CLM0039069,BEN_08817,Indiranagar,2021-08-05,11,0,0,0,0,0,0,0,0,0,1.0,0.461815,0,0.0,0,405,0,5,0.9554,0.1062,GREEN,30,Bengaluru
CLM0039070,BEN_03092,Koramangala,2017-08-12,8,0,0,0,0,0,0,0,1,0,0.0,0.069264,0,0.0,0,335,1,5,0.739,0.2168,GREEN,41,Bengaluru
CLM0039071,BEN_07765,HSR Layout,2019-10-15,15,0,0,0,0,0,0,0,0,0,0.0,0.46528,0,0.0,0,417,1,4,0.98,0.0174,GREEN,42,Bengaluru
CLM0039072,BEN_04935,Electronic City,2024-03-29,14,0,0,0,0,0,0,0,0,0,0.0,0.347601,0,0.0,0,375,4,1,0.8185,0.0,GREEN,44,Bengaluru
CLM0039073,BEN_09547,BTM Layout,2024-06-23,17,0,0,0,0,0,0,0,0,0,0.0,0.316927,0,0.0,0,299,4,0,0.5438,0.0931,GREEN,41,Bengaluru
CLM0039074,BEN_03816,Electronic City,2018-09-08,19,0,0,0,0,0,0,0,0,0,0.0,0.328092,0,0.0,0,129,1,2,0.8243,0.0288,GREEN,43,Bengaluru
CLM0039075,BEN_05311,Koramangala,2025-08-06,19,0,0,0,0,0,0,0,1,0,0.0,0.27483,0,0.0,0,162,1,4,0.59,0.1259,GREEN,50,Bengaluru
CLM0039076,BEN_05758,HSR Layout,2025-01-21,13,0,0,0,0,0,0,0,0,0,0.0,0.131709,0,0.0,0,197,2,2,0.5831,0.0143,GREEN,40,Bengaluru
CLM0039077,BEN_00969,Marathahalli,2025-04-27,9,0,0,0,0,0,0,0,0,0,0.0,0.099061,0,0.0,0,389,2,2,0.7721,0.0317,GREEN,43,Bengaluru
CLM0039078,BEN_04405,Electronic City,2025-12-01,16,0,0,0,0,0,0,0,0,0,1.0,0.903303,0,0.0,0,336,1,1,0.7877,0.0762,GREEN,18,Bengaluru
CLM0039079,BEN_03397,Electronic City,2025-06-17,9,0,0,0,0,0,1,0,0,0,0.0,0.0,0,0.0,0,48,4,5,0.9651,0.1404,GREEN,33,Bengaluru
CLM0039080,BEN_06127,BTM Layout,2024-10-22,16,0,0,0,0,0,1,0,0,0,0.0,0.07591,0,0.0,0,20,3,18,0.8653,0.0,GREEN,58,Bengaluru
CLM0039081,BEN_01239,BTM Layout,2025-10-24,21,0,0,0,0,0,1,0,0,0,0.0,0.155324,0,0.0,0,269,3,3,0.9155,0.124,GREEN,30,Bengaluru
CLM0039082,BEN_09270,Yelahanka,2025-02-25,8,0,0,0,0,0,0,0,0,0,0.0,0.041446,0,0.0,0,293,0,0,0.6502,0.0326,GREEN,35,Bengaluru
CLM0039083,BEN_06976,Rajajinagar,2024-11-28,19,0,0,0,0,0,0,0,0,0,0.0,0.01909,0,0.0,0,169,4,2,0.8744,0.0108,GREEN,29,Bengaluru
CLM0039084,BEN_05195,Jayanagar,2024-09-09,18,0,0,0,0,0,0,0,0,0,0.0,0.238801,0,0.0,0,390,2,5,0.6815,0.0,GREEN,43,Bengaluru
CLM0039085,BEN_02746,BTM Layout,2025-10-08,18,0,0,0,0,0,0,0,1,0,0.0,0.40299,0,0.0,1,245,3,0,0.7956,0.0322,GREEN,24,Bengaluru
CLM0039086,BEN_01685,HSR Layout,2024-11-04,17,1,0,0,0,0,1,0,0,0,0.0,0.12167,0,0.0,1,377,1,5,0.6812,0.1364,GREEN,42,Bengaluru
CLM0039087,BEN_09678,Koramangala,2024-10-22,17,0,0,0,0,0,0,0,0,0,1.0,0.355025,0,0.0,0,341,4,5,0.944,0.0724,GREEN,50,Bengaluru
CLM0039088,BEN_07127,Yelahanka,2025-08-31,19,0,1,1,0,0,0,0,1,1,0.0,0.32391,0,1.0,0,176,4,5,0.362,0.2395,GREEN,29,Bengaluru
CLM0039089,BEN_04569,BTM Layout,2025-04-22,21,0,0,0,0,0,0,0,0,0,0.0,1.0,0,0.0,0,43,1,0,0.8954,0.0291,GREEN,43,Bengaluru
CLM0039090,BEN_03715,HSR Layout,2024-03-01,10,0,0,0,0,0,1,0,0,0,0.0,0.240321,0,0.0,0,138,2,7,0.725,0.2508,GREEN,54,Bengaluru
CLM0039091,BEN_04291,BTM Layout,2025-06-13,11,0,0,0,0,0,0,0,0,0,0.0,0.178454,0,0.0,0,158,0,1,0.482,0.0263,GREEN,62,Bengaluru
CLM0039092,BEN_01762,BTM Layout,2025-02-02,10,0,0,0,0,0,0,0,0,0,0.0,0.277127,0,0.0,0,404,1,0,0.5547,0.0,GREEN,37,Bengaluru
CLM0039093,BEN_09946,Koramangala,2024-12-10,11,0,0,0,0,0,0,0,0,0,0.0,0.123631,0,0.0,0,295,3,3,0.4748,0.0302,GREEN,50,Bengaluru
CLM0039094,BEN_09718,Marathahalli,2025-08-24,11,0,0,0,1,1,0,1,0,1,0.0,0.092165,1,0.0,1,19,0,18,0.8737,0.0,GREEN,49,Bengaluru
CLM0039095,BEN_04872,Rajajinagar,2024-10-10,20,0,0,0,0,0,0,0,0,0,0.0,0.211582,0,0.0,0,420,1,3,0.207,0.0519,GREEN,51,Bengaluru
CLM0039096,BEN_00376,Rajajinagar,2023-11-18,15,0,0,0,1,1,1,1,0,0,1.0,0.954247,0,0.0,1,11,1,18,0.05,0.2294,GREEN,50,Bengaluru
CLM0039097,BEN_00987,Rajajinagar,2025-05-13,17,0,0,0,0,1,1,1,1,1,0.0,0.939336,0,1.0,0,15,3,18,0.05,0.2853,GREEN,37,Bengaluru
CLM0039098,BEN_05915,HSR Layout,2023-10-31,15,0,0,0,0,0,0,1,0,0,0.0,0.268937,0,0.0,0,420,3,2,0.6425,0.0618,GREEN,50,Bengaluru
CLM0039099,BEN_07732,Koramangala,2024-04-25,11,0,0,0,0,0,0,0,0,0,1.0,1.0,0,0.0,0,117,4,7,0.5931,0.0832,GREEN,51,Bengaluru
CLM0039100,BEN_01444,Jayanagar,2022-08-29,18,0,0,0,0,0,0,0,0,0,0.0,0.380215,0,0.0,0,367,3,0,0.4066,0.0,GREEN,37,Bengaluru
CLM0039101,BEN_04790,BTM Layout,2022-12-12,11,0,0,0,0,0,0,0,0,0,0.0,0.247916,0,0.0,1,148,1,2,0.5325,0.05,GREEN,34,Bengaluru
CLM0039102,BEN_08661,Rajajinagar,2024-07-04,13,0,0,0,0,0,0,0,0,0,0.0,0.248699,0,0.0,0,369,2,1,0.5542,0.0268,GREEN,28,Bengaluru
CLM0039103,BEN_00424,Rajajinagar,2024-11-10,8,0,0,0,0,0,0,0,0,0,0.0,0.318291,0,0.0,0,94,1,0,0.6894,0.0,GREEN,39,Bengaluru
CLM0039104,BEN_07660,BTM Layout,2022-03-31,10,0,0,0,0,0,0,0,0,0,0.0,0.147373,0,0.0,0,329,3,3,0.7101,0.0128,GREEN,38,Bengaluru
CLM0039105,BEN_01931,Electronic City,2024-02-25,17,0,1,1,1,1,1,0,0,0,0.0,0.049181,0,0.0,0,420,4,2,0.773,0.3925,YELLOW,43,Bengaluru
CLM0039106,BEN_05379,Indiranagar,2025-09-19,21,0,0,0,0,0,0,0,1,1,0.0,0.15424,0,0.0,0,154,3,1,0.8085,0.19,GREEN,37,Bengaluru
CLM0039107,BEN_07480,Koramangala,2025-11-10,11,0,1,1,0,0,0,0,0,1,0.0,0.383868,0,0.0,0,350,1,2,0.9362,0.0525,GREEN,47,Bengaluru
CLM0039108,BEN_09504,Rajajinagar,2022-10-21,17,0,1,1,0,0,0,0,1,0,0.0,0.139429,0,0.0,0,163,0,4,0.9657,0.2,GREEN,55,Bengaluru
CLM0039109,BEN_02688,Yelahanka,2025-05-11,12,0,0,0,1,0,0,1,0,0,0.0,1.0,0,0.0,0,229,2,6,0.05,0.1807,GREEN,33,Bengaluru
CLM0039110,BEN_04370,Indiranagar,2023-05-02,19,0,0,0,0,0,0,0,0,0,0.0,0.015005,0,0.0,0,420,0,1,0.9541,0.0,GREEN,61,Bengaluru
CLM0039111,BEN_02703,Jayanagar,2024-08-06,17,0,0,0,0,0,0,0,0,0,0.0,0.32184,0,0.0,0,45,2,5,0.8126,0.0593,GREEN,46,Bengaluru
CLM0039112,BEN_01915,Koramangala,2019-07-04,11,0,0,0,0,0,0,0,0,0,0.0,0.24721,0,0.0,0,295,0,2,0.4632,0.0002,GREEN,41,Bengaluru
CLM0039113,BEN_07829,Marathahalli,2020-08-10,8,0,0,0,0,0,0,1,0,0,0.0,0.325551,0,0.0,0,420,1,7,0.4773,0.0,GREEN,37,Bengaluru
CLM0039114,BEN_00672,Electronic City,2015-11-01,16,0,0,0,0,0,0,0,0,0,0.0,0.153993,0,0.0,0,74,2,1,0.6143,0.0,GREEN,43,Bengaluru
CLM0039115,BEN_09765,Koramangala,2025-02-27,21,0,0,0,0,0,0,0,0,0,1.0,0.203512,0,0.0,0,95,1,3,0.5539,0.0895,GREEN,63,Bengaluru
CLM0039116,BEN_01915,Koramangala,2024-10-08,15,0,0,0,0,0,0,0,1,0,0.0,0.327375,0,0.0,0,53,4,4,0.562,0.1955,GREEN,41,Bengaluru
CLM0039117,BEN_06373,Jayanagar,2025-02-22,19,0,0,0,0,0,0,0,0,0,0.0,0.217603,0,0.0,0,174,3,3,0.6035,0.0,GREEN,50,Bengaluru
CLM0039118,BEN_06620,Koramangala,2025-10-25,9,0,0,0,0,0,0,0,0,0,1.0,0.0,0,0.0,0,262,3,0,0.779,0.1037,GREEN,28,Bengaluru
CLM0039119,BEN_05046,HSR Layout,2021-11-15,15,0,0,0,0,0,0,0,0,0,0.0,0.0,1,0.0,0,420,1,1,0.8299,0.1528,GREEN,39,Bengaluru
CLM0039120,BEN_05170,Rajajinagar,2023-02-01,20,0,0,0,0,0,0,0,0,0,0.0,0.096633,0,0.0,0,420,2,8,0.8949,0.0713,GREEN,31,Bengaluru
CLM0039121,BEN_06193,Jayanagar,2024-07-11,7,0,0,0,1,0,0,0,1,0,0.0,0.21705,0,0.0,0,154,2,1,0.7573,0.2296,GREEN,39,Bengaluru
CLM0039122,BEN_08446,Jayanagar,2023-12-13,10,0,0,0,0,0,0,0,0,0,0.0,0.175753,0,0.0,0,72,4,3,0.57,0.0,GREEN,48,Bengaluru
CLM0039123,BEN_04624,Indiranagar,2025-12-25,20,0,0,0,0,0,0,0,0,0,0.0,0.278507,0,0.0,0,295,4,2,0.0788,0.07,GREEN,47,Bengaluru
CLM0039124,BEN_04831,Whitefield,2025-08-12,13,0,0,0,0,0,0,1,0,0,0.0,0.226839,0,0.0,1,295,1,6,0.7382,0.053,GREEN,42,Bengaluru
CLM0039125,BEN_05130,Electronic City,2023-10-28,9,0,0,0,0,0,0,0,1,0,0.0,0.0,0,0.0,0,258,2,0,0.0703,0.0889,GREEN,42,Bengaluru
CLM0039126,BEN_04180,Koramangala,2018-05-08,18,0,0,0,0,0,0,0,0,0,0.0,0.073064,0,0.0,0,262,1,6,0.1846,0.0,GREEN,29,Bengaluru
CLM0039127,BEN_05716,Rajajinagar,2017-02-17,18,0,0,0,0,0,1,0,0,0,1.0,1.0,0,1.0,0,241,3,7,0.5811,0.2204,GREEN,44,Bengaluru
CLM0039128,BEN_07088,Electronic City,2020-07-23,13,0,0,0,0,0,0,0,0,0,0.0,0.257493,0,0.0,0,320,3,3,0.7173,0.0,GREEN,54,Bengaluru
CLM0039129,BEN_06458,Whitefield,2017-04-20,15,0,0,0,0,0,0,0,0,0,0.0,0.328478,0,1.0,0,338,2,2,0.6081,0.0845,GREEN,52,Bengaluru
CLM0039130,BEN_05714,Yelahanka,2022-10-13,7,0,0,0,0,0,0,0,0,0,0.0,1.0,0,0.0,0,92,0,8,0.2925,0.0,GREEN,29,Bengaluru
CLM0039131,BEN_03209,Koramangala,2025-03-05,20,0,0,0,0,0,0,0,0,0,0.0,0.356878,0,1.0,0,353,4,1,0.6936,0.0,GREEN,39,Bengaluru
CLM0039132,BEN_06817,Rajajinagar,2018-11-24,16,0,0,0,0,0,0,0,0,0,0.0,0.368227,0,0.0,0,262,1,2,0.98,0.0,GREEN,45,Bengaluru
CLM0039133,BEN_03264,Indiranagar,2023-04-09,20,0,1,1,0,0,0,0,0,0,1.0,1.0,0,1.0,0,361,1,1,0.8822,0.1529,GREEN,54,Bengaluru
CLM0039134,BEN_03971,Rajajinagar,2022-02-21,12,0,0,0,0,0,0,0,0,0,1.0,0.046459,0,1.0,0,251,3,1,0.8916,0.0491,GREEN,32,Bengaluru
CLM0039135,BEN_05325,BTM Layout,2022-08-28,8,0,0,0,0,0,0,0,0,0,0.0,0.044161,0,0.0,0,420,3,0,0.9372,0.1677,GREEN,40,Bengaluru
CLM0039136,BEN_05165,Jayanagar,2023-08-15,12,0,0,0,0,0,0,1,0,0,0.0,0.223661,0,0.0,0,319,1,3,0.5685,0.1134,GREEN,45,Bengaluru
CLM0039137,BEN_01137,HSR Layout,2023-03-28,18,0,0,0,0,0,1,0,0,0,0.0,0.9817,0,0.0,0,37,4,0,0.4994,0.1211,GREEN,60,Bengaluru
CLM0039138,BEN_08329,Rajajinagar,2023-06-02,12,0,0,0,0,0,0,0,0,0,0.0,0.99908,0,0.0,0,420,3,4,0.9339,0.0141,GREEN,50,Bengaluru
CLM0039139,BEN_07456,Jayanagar,2021-12-27,8,0,0,0,0,0,0,0,0,0,0.0,0.16059,1,0.0,0,183,2,0,0.5549,0.018,GREEN,51,Bengaluru
CLM0039140,BEN_00267,Jayanagar,2025-05-24,21,0,0,0,0,0,0,0,0,0,0.0,0.305041,0,0.0,0,141,3,2,0.9387,0.0,GREEN,56,Bengaluru
CLM0039141,BEN_06941,Rajajinagar,2021-12-01,7,0,0,0,0,0,0,0,0,0,0.0,0.0,0,0.0,1,51,3,0,0.6981,0.1157,GREEN,45,Bengaluru
CLM0039142,BEN_05935,HSR Layout,2023-04-24,17,0,0,0,0,0,0,1,0,0,0.0,0.266628,0,0.0,1,420,1,2,0.6557,0.0555,GREEN,33,Bengaluru
CLM0039143,BEN_09537,Marathahalli,2025-02-06,19,0,0,0,0,0,0,0,0,0,1.0,0.319279,0,0.0,0,364,2,0,0.5775,0.0887,GREEN,58,Bengaluru
CLM0039144,BEN_06655,Jayanagar,2022-06-04,8,0,0,0,0,0,0,0,0,0,0.0,0.372528,0,0.0,0,90,0,1,0.899,0.0231,GREEN,37,Bengaluru
CLM0039145,BEN_05811,HSR Layout,2023-09-17,19,0,0,0,0,0,0,0,0,0,0.0,0.101324,0,0.0,0,121,3,2,0.5427,0.0,GREEN,44,Bengaluru
CLM0039146,BEN_00002,Electronic City,2025-05-07,20,0,0,0,0,0,1,1,0,0,0.0,0.409658,0,0.0,0,131,2,5,0.1889,0.1789,GREEN,44,Bengaluru
CLM0039147,BEN_00932,Marathahalli,2024-11-30,20,0,0,0,0,0,0,0,0,0,0.0,0.176512,0,0.0,0,57,4,0,0.8117,0.1259,GREEN,57,Bengaluru
CLM0039148,BEN_05745,Koramangala,2024-10-07,19,0,0,0,0,0,0,0,0,0,0.0,0.060721,0,0.0,0,320,2,1,0.2818,0.0,GREEN,46,Bengaluru
CLM0039149,BEN_03984,Koramangala,2025-09-17,10,0,0,0,0,0,0,0,0,0,0.0,1.0,0,0.0,0,378,2,2,0.456,0.0,GREEN,35,Bengaluru
CLM0039150,BEN_09292,Yelahanka,2025-07-12,9,0,0,0,0,0,0,0,0,1,0.0,0.035181,0,0.0,0,95,4,5,0.6899,0.0548,GREEN,31,Bengaluru
CLM0039151,BEN_07791,Indiranagar,2025-04-16,16,0,0,0,0,0,0,0,0,0,0.0,0.171397,0,1.0,0,130,3,4,0.6425,0.0,GREEN,44,Bengaluru
CLM0039152,BEN_08176,Marathahalli,2025-10-16,20,0,0,0,0,0,0,0,0,0,0.0,0.351926,0,0.0,0,138,2,1,0.98,0.0522,GREEN,34,Bengaluru
CLM0039153,BEN_02694,HSR Layout,2025-01-25,20,0,0,0,0,0,0,0,0,0,1.0,0.183914,0,0.0,0,356,1,6,0.7172,0.1162,GREEN,48,Bengaluru
CLM0039154,BEN_02110,Jayanagar,2025-09-27,18,0,0,0,0,0,0,0,0,0,1.0,1.0,0,0.0,0,277,2,4,0.4761,0.0266,GREEN,37,Bengaluru
CLM0039155,BEN_08948,BTM Layout,2024-06-06,20,0,0,0,0,0,0,0,0,0,1.0,0.240791,1,0.0,0,373,4,1,0.7767,0.0964,GREEN,58,Bengaluru
CLM0039156,BEN_05959,Electronic City,2025-11-30,13,0,0,0,0,0,0,0,0,1,0.0,0.443163,0,0.0,0,355,0,0,0.8998,0.1602,GREEN,38,Bengaluru
CLM0039157,BEN_05856,Rajajinagar,2024-12-05,14,0,0,0,1,0,0,0,0,0,0.0,0.345439,0,0.0,1,127,4,3,0.723,0.143,GREEN,60,Bengaluru
CLM0039158,BEN_01420,HSR Layout,2024-10-04,12,0,0,0,0,0,0,0,0,0,0.0,0.076892,0,0.0,0,314,1,1,0.5028,0.1246,GREEN,60,Bengaluru
CLM0039159,BEN_03059,Jayanagar,2025-12-08,13,0,0,0,0,0,0,0,0,0,0.0,0.414083,0,0.0,0,251,3,4,0.5146,0.0,GREEN,33,Bengaluru
CLM0039160,BEN_03885,Whitefield,2025-02-09,15,0,0,0,0,0,0,1,0,0,0.0,0.300996,0,0.0,0,253,3,3,0.9059,0.0587,GREEN,30,Bengaluru
CLM0039161,BEN_03752,Marathahalli,2024-11-29,16,0,0,0,0,0,0,0,0,0,0.0,0.140121,0,0.0,0,252,1,3,0.98,0.0,GREEN,50,Bengaluru
CLM0039162,BEN_05353,Rajajinagar,2024-08-10,21,0,0,0,0,0,0,0,0,0,0.0,0.242195,0,0.0,0,335,3,3,0.8464,0.02,GREEN,37,Bengaluru
CLM0039163,BEN_05673,Electronic City,2024-05-27,18,0,1,1,0,0,0,0,0,0,0.0,0.12473,0,0.0,0,44,2,3,0.5628,0.0098,GREEN,43,Bengaluru
CLM0039164,BEN_07349,Marathahalli,2023-07-10,20,0,0,0,0,0,1,0,0,0,0.0,0.0,0,0.0,0,179,4,5,0.9012,0.1219,GREEN,49,Bengaluru
CLM0039165,BEN_08460,HSR Layout,2024-11-20,17,0,0,0,0,0,1,0,0,0,0.0,0.151613,0,0.0,0,297,3,3,0.8335,0.0914,GREEN,56,Bengaluru
CLM0039166,BEN_02385,Marathahalli,2023-10-17,11,0,0,0,0,0,0,0,0,0,0.0,0.154048,0,1.0,0,176,0,4,0.9028,0.0183,GREEN,26,Bengaluru
CLM0039167,BEN_09074,BTM Layout,2024-10-03,20,0,0,0,0,0,0,0,0,0,0.0,0.051344,0,0.0,0,152,3,4,0.5296,0.0369,GREEN,39,Bengaluru
CLM0039168,BEN_04738,Yelahanka,2022-02-04,11,0,0,0,0,0,1,0,0,0,0.0,0.008042,0,0.0,0,420,1,5,0.2798,0.1103,GREEN,49,Bengaluru
CLM0039169,BEN_03687,Electronic City,2025-06-30,11,0,1,1,0,1,0,0,0,0,0.0,0.310074,0,0.0,0,237,1,0,0.4786,0.137,GREEN,42,Bengaluru
CLM0039170,BEN_01144,Indiranagar,2021-12-30,19,0,1,1,0,1,0,0,1,0,0.0,0.224156,0,0.0,0,291,0,2,0.7047,0.2365,GREEN,26,Bengaluru
CLM0039171,BEN_02168,Whitefield,2023-04-14,20,0,0,0,0,0,0,0,0,0,0.0,0.469933,0,0.0,0,420,0,1,0.742,0.0133,GREEN,55,Bengaluru
CLM0039172,BEN_00978,BTM Layout,2025-02-17,13,0,0,0,0,0,0,0,0,0,0.0,0.049673,0,0.0,0,76,3,0,0.05,0.0,GREEN,33,Bengaluru
CLM0039173,BEN_03476,Rajajinagar,2024-12-03,17,0,0,0,0,1,0,1,0,0,1.0,0.0,0,0.0,0,25,3,4,0.6669,0.2704,GREEN,41,Bengaluru
CLM0039174,BEN_04204,BTM Layout,2025-08-10,18,0,0,0,0,0,0,0,0,0,0.0,0.403814,0,0.0,0,14,2,5,0.1231,0.0357,GREEN,48,Bengaluru
CLM0039175,BEN_07851,Indiranagar,2025-02-17,19,0,0,0,0,0,0,0,0,0,0.0,0.23561,0,0.0,0,296,2,5,0.7675,0.0492,GREEN,41,Bengaluru
CLM0039176,BEN_03438,Indiranagar,2025-09-26,12,0,0,0,0,0,0,0,0,0,0.0,0.28701,0,0.0,0,407,2,0,0.748,0.0,GREEN,43,Bengaluru
CLM0039177,BEN_02150,Jayanagar,2025-04-10,13,0,0,0,0,0,0,0,0,0,0.0,0.411295,0,0.0,0,420,3,4,0.5363,0.0,GREEN,38,Bengaluru
CLM0039178,BEN_05395,Electronic City,2025-12-02,19,0,0,0,0,0,0,0,0,0,0.0,0.067312,0,0.0,0,217,4,2,0.0687,0.0,GREEN,41,Bengaluru
CLM0039179,BEN_08419,Koramangala,2025-10-05,18,0,0,0,0,0,0,0,0,0,0.0,0.105105,0,0.0,0,136,4,1,0.5025,0.0,GREEN,29,Bengaluru
CLM0039180,BEN_06097,Whitefield,2024-06-06,12,0,0,0,1,0,0,0,0,0,0.0,0.308546,0,0.0,0,346,3,4,0.5197,0.2721,GREEN,47,Bengaluru
CLM0039181,BEN_07171,Yelahanka,2024-10-22,7,0,0,0,0,0,0,0,0,0,0.0,0.067621,0,0.0,0,304,4,0,0.98,0.0283,GREEN,28,Bengaluru
CLM0039182,BEN_02575,Koramangala,2025-07-07,10,0,0,0,0,0,0,0,0,0,0.0,0.193109,0,0.0,0,374,3,1,0.6026,0.0,GREEN,60,Bengaluru
CLM0039183,BEN_01754,Electronic City,2021-11-05,12,0,0,0,0,0,0,0,0,0,0.0,0.305748,0,0.0,0,243,1,2,0.8828,0.0002,GREEN,49,Bengaluru
CLM0039184,BEN_02362,Marathahalli,2024-06-28,11,0,0,0,0,0,0,0,0,0,0.0,0.036206,0,0.0,0,420,0,0,0.8434,0.0,GREEN,65,Bengaluru
CLM0039185,BEN_06312,Marathahalli,2024-09-30,11,0,0,0,0,0,0,0,0,1,0.0,0.258229,0,0.0,0,420,1,3,0.7977,0.1102,GREEN,41,Bengaluru
CLM0039186,BEN_09443,Koramangala,2024-08-17,11,0,0,0,0,0,0,0,1,0,0.0,0.17915,0,0.0,0,420,0,6,0.6109,0.0417,GREEN,47,Bengaluru
CLM0039187,BEN_07252,Electronic City,2025-01-10,21,0,1,1,0,1,0,1,1,1,0.0,0.100668,1,0.0,0,17,1,18,0.98,0.5283,YELLOW,46,Bengaluru
CLM0039188,BEN_04649,BTM Layout,2024-04-22,11,0,1,1,1,1,1,1,1,1,1.0,0.937342,1,1.0,1,5,0,18,0.3987,0.8809,RED,40,Bengaluru
CLM0039189,BEN_01196,Jayanagar,2024-11-19,13,0,0,0,0,0,0,0,0,0,0.0,0.21551,0,0.0,0,415,4,4,0.9001,0.0,GREEN,29,Bengaluru
CLM0039190,BEN_00951,BTM Layout,2024-07-15,13,0,0,0,0,0,0,1,0,0,0.0,0.214182,0,0.0,0,296,3,1,0.98,0.1308,GREEN,60,Bengaluru
CLM0039191,BEN_07713,Indiranagar,2024-06-29,20,0,0,0,0,0,1,1,0,0,0.0,0.384493,0,0.0,0,200,1,3,0.1237,0.2008,GREEN,44,Bengaluru
CLM0039192,BEN_00267,Jayanagar,2025-05-24,10,0,0,0,0,0,1,0,1,0,0.0,0.189394,0,0.0,0,410,3,4,0.9151,0.2003,GREEN,56,Bengaluru
CLM0039193,BEN_00521,Indiranagar,2025-10-08,11,0,0,0,0,0,0,0,0,0,0.0,0.301098,0,0.0,0,152,3,2,0.5049,0.0751,GREEN,23,Bengaluru
CLM0039194,BEN_01029,Marathahalli,2024-08-26,17,0,0,0,0,0,1,0,0,0,0.0,0.296288,0,0.0,0,180,0,1,0.6093,0.0129,GREEN,38,Bengaluru
CLM0039195,BEN_03253,Marathahalli,2025-12-18,16,0,0,0,0,0,0,0,0,0,0.0,0.084647,0,0.0,0,315,3,2,0.4947,0.0,GREEN,43,Bengaluru
CLM0039196,BEN_00753,BTM Layout,2024-09-03,18,0,0,0,0,0,0,0,0,0,0.0,0.0,0,0.0,0,121,2,3,0.5141,0.0,GREEN,39,Bengaluru
CLM0039197,BEN_08235,Yelahanka,2025-11-29,7,0,0,0,0,0,0,0,0,0,0.0,0.017095,0,0.0,0,85,4,4,0.8852,0.0,GREEN,42,Bengaluru
CLM0039198,BEN_00294,Electronic City,2025-10-17,8,0,0,0,0,0,0,1,0,1,0.0,0.07383,0,0.0,0,420,4,3,0.6018,0.3014,GREEN,34,Bengaluru
CLM0039199,BEN_05064,Indiranagar,2024-08-04,16,0,0,0,0,0,0,0,0,0,0.0,0.190005,0,0.0,0,263,3,0,0.9047,0.0531,GREEN,61,Bengaluru
CLM0039200,BEN_02707,Yelahanka,2024-01-22,7,0,0,0,0,0,0,0,0,0,0.0,0.235151,0,0.0,0,420,0,1,0.7976,0.1059,GREEN,49,Bengaluru
CLM0039201,BEN_06178,HSR Layout,2025-05-28,15,0,0,0,0,0,0,0,0,0,0.0,0.36792,0,0.0,0,388,0,1,0.1878,0.0,GREEN,45,Bengaluru
CLM0039202,BEN_04528,BTM Layout,2025-12-03,16,0,0,0,1,0,1,0,1,1,0.0,0.962718,0,0.0,0,12,4,11,0.2537,0.0,GREEN,29,Bengaluru
CLM0039203,BEN_08965,HSR Layout,2024-11-22,17,0,0,0,0,0,0,0,1,0,1.0,0.051833,1,0.0,0,264,3,1,0.6164,0.1492,GREEN,48,Bengaluru
CLM0039204,BEN_00784,Koramangala,2025-07-11,18,0,0,0,0,0,0,0,0,0,1.0,0.453445,0,0.0,0,180,2,2,0.6908,0.0615,GREEN,42,Bengaluru
CLM0039205,BEN_02682,HSR Layout,2025-06-24,9,0,0,0,0,0,0,0,0,0,1.0,0.191437,0,0.0,0,324,4,4,0.8122,0.1075,GREEN,51,Bengaluru
CLM0039206,BEN_09647,Koramangala,2022-10-10,11,0,0,0,1,0,0,0,0,0,0.0,0.03697,0,0.0,0,411,4,2,0.718,0.1637,GREEN,43,Bengaluru
CLM0039207,BEN_07901,Marathahalli,2023-05-28,14,0,0,0,0,0,0,0,0,0,0.0,0.0,0,0.0,0,93,2,2,0.9689,0.0756,GREEN,42,Bengaluru
CLM0039208,BEN_08672,Jayanagar,2020-10-04,10,0,0,0,0,0,0,0,1,0,0.0,0.343777,0,0.0,0,420,4,2,0.1324,0.0787,GREEN,45,Bengaluru
CLM0039209,BEN_01904,Marathahalli,2023-03-04,19,0,0,0,0,0,0,0,0,1,0.0,0.236856,0,0.0,0,118,1,5,0.7353,0.1289,GREEN,48,Bengaluru
CLM0039210,BEN_05907,Koramangala,2023-04-01,20,0,0,0,0,0,0,0,0,0,0.0,0.256717,0,1.0,0,415,2,0,0.601,0.161,GREEN,51,Bengaluru
CLM0039211,BEN_08446,Jayanagar,2023-10-28,12,0,0,0,1,0,0,0,0,0,0.0,0.463253,0,0.0,0,297,2,5,0.4767,0.0651,GREEN,48,Bengaluru
CLM0039212,BEN_07253,Jayanagar,2023-07-25,20,0,0,0,0,0,0,0,1,0,0.0,0.284164,0,0.0,0,337,1,2,0.5424,0.0331,GREEN,53,Bengaluru
CLM0039213,BEN_02961,Rajajinagar,2021-09-11,19,0,1,1,0,0,0,0,0,0,0.0,0.249523,0,0.0,0,284,2,4,0.1214,0.0,GREEN,49,Bengaluru
CLM0039214,BEN_00149,Koramangala,2022-10-24,11,0,0,0,0,0,1,0,0,0,0.0,1.0,0,0.0,0,397,0,0,0.9078,0.0544,GREEN,42,Bengaluru
CLM0039215,BEN_08409,Whitefield,2022-04-14,10,0,0,0,0,0,0,0,0,0,0.0,0.339512,1,0.0,0,420,3,7,0.7731,0.0582,GREEN,39,Bengaluru
CLM0039216,BEN_02297,HSR Layout,2021-11-17,21,0,0,0,1,0,1,0,0,0,0.0,0.044611,0,0.0,0,175,3,4,0.8825,0.2673,GREEN,40,Bengaluru
CLM0039217,BEN_01249,Electronic City,2023-01-03,10,0,0,0,0,0,1,0,1,0,0.0,0.25564,0,0.0,0,265,4,2,0.6301,0.146,GREEN,53,Bengaluru
CLM0039218,BEN_02956,Koramangala,2024-09-26,20,0,0,0,0,0,0,0,0,0,0.0,0.186617,0,0.0,0,22,1,0,0.9699,0.0,GREEN,45,Bengaluru
CLM0039219,BEN_03676,Marathahalli,2024-11-03,12,0,0,0,0,0,0,0,0,0,0.0,0.236077,0,0.0,0,159,0,3,0.6867,0.0,GREEN,51,Bengaluru
CLM0039220,BEN_09318,Rajajinagar,2022-08-15,14,0,0,0,1,1,0,1,1,1,0.0,0.998582,0,1.0,0,19,1,18,0.1504,0.0,GREEN,51,Bengaluru
CLM0039221,BEN_05271,BTM Layout,2025-03-03,20,0,0,0,0,0,0,0,0,0,1.0,0.205363,0,0.0,0,36,4,1,0.4184,0.0255,GREEN,52,Bengaluru
CLM0039222,BEN_07859,Whitefield,2022-09-12,11,0,0,0,0,0,0,0,0,0,0.0,0.112974,1,0.0,0,152,2,0,0.82,0.0584,GREEN,32,Bengaluru
CLM0039223,BEN_02004,Rajajinagar,2022-09-06,12,0,0,0,0,1,0,0,0,0,0.0,0.344484,0,0.0,0,59,1,2,0.9429,0.1016,GREEN,35,Bengaluru
CLM0039224,BEN_04548,Indiranagar,2023-08-25,21,0,0,0,0,0,0,0,0,0,0.0,0.266329,0,0.0,0,420,0,1,0.7625,0.0054,GREEN,42,Bengaluru
CLM0039225,BEN_05972,Whitefield,2020-06-19,18,0,0,0,0,1,0,1,1,0,1.0,1.0,1,1.0,1,5,2,18,0.11,0.0,GREEN,36,Bengaluru
CLM0039226,BEN_04739,Koramangala,2022-05-08,18,0,0,0,1,1,0,1,0,1,0.0,0.156963,0,0.0,0,43,4,14,0.86,0.0251,GREEN,54,Bengaluru
CLM0039227,BEN_09416,Rajajinagar,2025-10-05,14,0,0,0,0,1,0,0,0,0,0.0,0.249096,0,0.0,0,420,3,0,0.7858,0.1085,GREEN,42,Bengaluru
CLM0039228,BEN_08235,Yelahanka,2023-04-19,19,0,0,0,0,0,0,0,0,0,0.0,0.291869,0,0.0,0,5,4,6,0.7227,0.0,GREEN,42,Bengaluru
CLM0039229,BEN_02234,Rajajinagar,2023-01-06,17,0,0,0,0,0,0,0,0,0,0.0,0.098536,0,0.0,0,5,4,0,0.4295,0.03,GREEN,44,Bengaluru
CLM0039230,BEN_05966,HSR Layout,2024-11-27,8,0,1,1,0,0,0,0,0,0,0.0,0.304724,0,0.0,0,420,3,6,0.8086,0.0605,GREEN,41,Bengaluru
CLM0039231,BEN_02137,Marathahalli,2021-12-20,21,0,0,0,0,0,1,0,0,0,0.0,0.379318,0,0.0,0,382,4,4,0.7428,0.1704,GREEN,49,Bengaluru
CLM0039232,BEN_05010,Indiranagar,2022-01-05,16,0,0,0,0,0,0,0,1,0,0.0,0.18294,0,0.0,0,420,4,1,0.7379,0.2622,GREEN,61,Bengaluru
CLM0039233,BEN_01564,Marathahalli,2023-04-16,7,0,0,0,0,0,0,0,0,0,1.0,0.345596,0,0.0,0,23,3,1,0.1372,0.0725,GREEN,56,Bengaluru
CLM0039234,BEN_05110,Koramangala,2023-02-06,10,0,0,0,0,0,0,1,0,0,0.0,0.226406,0,0.0,0,409,4,0,0.4433,0.0,GREEN,41,Bengaluru
CLM0039235,BEN_08422,HSR Layout,2025-01-14,11,0,0,0,1,1,1,1,1,1,0.0,0.133316,0,1.0,0,23,0,14,0.8991,0.2451,GREEN,72,Bengaluru
CLM0039236,BEN_00348,Yelahanka,2019-01-31,13,0,0,0,0,0,0,0,0,0,1.0,0.39306,0,0.0,0,225,0,3,0.8063,0.1034,GREEN,44,Bengaluru
CLM0039237,BEN_09369,Koramangala,2023-03-30,14,0,1,1,0,0,0,0,0,0,0.0,0.240274,0,0.0,0,99,2,2,0.6508,0.0,GREEN,45,Bengaluru
CLM0039238,BEN_05301,Electronic City,2020-05-29,18,0,0,0,0,0,0,0,1,0,0.0,0.975318,0,0.0,0,90,0,0,0.5831,0.1178,GREEN,45,Bengaluru
CLM0039239,BEN_09381,Jayanagar,2021-04-25,20,0,1,1,0,0,0,0,0,0,0.0,0.267933,0,0.0,0,420,2,7,0.5762,0.0,GREEN,31,Bengaluru
CLM0039240,BEN_05219,Indiranagar,2022-04-03,15,0,0,0,0,0,1,0,0,0,0.0,0.299733,0,0.0,0,357,1,4,0.5135,0.0901,GREEN,46,Bengaluru
CLM0039241,BEN_03264,Indiranagar,2025-11-28,12,0,0,0,0,0,0,0,0,0,0.0,0.253362,0,0.0,0,104,1,3,0.4791,0.0,GREEN,54,Bengaluru
CLM0039242,BEN_07259,Jayanagar,2025-01-09,7,0,0,0,0,0,0,0,1,0,0.0,0.107764,0,0.0,0,379,3,0,0.05,0.0839,GREEN,35,Bengaluru
CLM0039243,BEN_03095,BTM Layout,2024-09-06,8,0,0,0,0,0,0,0,0,0,0.0,0.234234,0,0.0,0,332,3,3,0.8778,0.0,GREEN,58,Bengaluru
CLM0039244,BEN_04777,Jayanagar,2024-06-18,18,0,0,0,0,0,0,0,0,0,0.0,0.131656,0,0.0,0,420,4,3,0.464,0.0459,GREEN,49,Bengaluru
CLM0039245,BEN_08398,Jayanagar,2021-01-13,9,0,0,0,0,0,0,0,1,0,0.0,0.310679,0,0.0,1,420,2,2,0.5059,0.1271,GREEN,30,Bengaluru
CLM0039246,BEN_01253,Rajajinagar,2021-06-28,10,0,0,0,0,0,0,1,0,0,0.0,0.174135,0,0.0,0,291,3,3,0.98,0.1013,GREEN,44,Bengaluru
CLM0039247,BEN_06832,HSR Layout,2024-06-11,10,0,0,0,0,0,0,0,1,0,0.0,0.192874,0,0.0,0,150,3,0,0.98,0.0592,GREEN,54,Bengaluru
CLM0039248,BEN_01851,Jayanagar,2022-10-12,8,0,0,0,0,0,0,0,0,0,1.0,0.981583,0,1.0,0,132,4,1,0.98,0.0815,GREEN,53,Bengaluru
CLM0039249,BEN_03400,Whitefield,2024-08-01,12,0,0,0,0,0,0,0,0,0,0.0,0.067543,1,0.0,0,373,4,0,0.8339,0.0912,GREEN,48,Bengaluru
CLM0039250,BEN_00150,Indiranagar,2023-11-07,13,0,0,0,0,0,0,0,0,0,0.0,0.300652,0,1.0,0,409,2,3,0.5335,0.0,GREEN,34,Bengaluru
CLM0039251,BEN_06785,Marathahalli,2018-09-13,12,0,0,0,0,0,0,0,0,0,0.0,0.170632,0,0.0,0,5,4,3,0.401,0.0456,GREEN,39,Bengaluru
CLM0039252,BEN_05816,Rajajinagar,2024-04-16,11,0,0,0,0,0,0,0,0,1,1.0,0.0,0,0.0,0,420,0,2,0.7282,0.1814,GREEN,38,Bengaluru
CLM0039253,BEN_05427,Whitefield,2024-08-05,9,0,0,0,0,0,0,1,1,0,1.0,0.975695,1,0.0,1,20,3,18,0.4567,0.0538,GREEN,39,Bengaluru
CLM0039254,BEN_06540,BTM Layout,2022-06-01,7,0,0,0,0,0,0,0,0,0,0.0,0.140871,0,0.0,0,420,1,7,0.5042,0.0,GREEN,49,Bengaluru
CLM0039255,BEN_09647,Koramangala,2022-11-03,17,0,0,0,0,0,0,0,0,0,0.0,0.05982,0,0.0,0,219,1,2,0.5665,0.0,GREEN,43,Bengaluru
CLM0039256,BEN_06167,BTM Layout,2022-03-31,16,0,0,0,0,0,0,0,0,0,0.0,0.086995,0,0.0,1,78,2,3,0.6597,0.0894,GREEN,53,Bengaluru
CLM0039257,BEN_00276,Whitefield,2023-01-25,17,0,0,0,0,0,0,0,1,0,0.0,0.234585,0,1.0,0,366,2,1,0.98,0.0623,GREEN,53,Bengaluru
CLM0039258,BEN_04816,HSR Layout,2024-05-11,9,0,0,0,0,1,0,0,0,0,0.0,1.0,0,0.0,0,345,4,0,0.3222,0.1953,GREEN,39,Bengaluru
CLM0039259,BEN_08731,BTM Layout,2024-02-14,8,0,0,0,0,0,0,1,1,0,0.0,0.349751,0,0.0,0,164,1,4,0.3433,0.156,GREEN,27,Bengaluru
CLM0039260,BEN_06917,Indiranagar,2022-03-08,14,0,0,0,0,0,0,0,0,1,0.0,0.126508,1,0.0,1,230,0,5,0.5625,0.2653,GREEN,43,Bengaluru
CLM0039261,BEN_08068,Jayanagar,2022-02-14,16,0,0,0,0,0,0,0,0,0,0.0,0.074981,0,0.0,0,223,0,0,0.7815,0.0,GREEN,44,Bengaluru
CLM0039262,BEN_09084,HSR Layout,2024-11-23,14,0,0,0,0,0,0,0,0,0,0.0,0.0,0,0.0,0,196,3,2,0.0864,0.0,GREEN,53,Bengaluru
CLM0039263,BEN_09869,BTM Layout,2025-07-03,20,0,0,0,0,0,0,0,0,0,0.0,0.245393,0,0.0,0,345,1,5,0.8416,0.0,GREEN,30,Bengaluru
CLM0039264,BEN_07995,HSR Layout,2020-07-15,14,0,0,0,0,0,0,0,1,0,0.0,0.890334,0,0.0,0,56,4,2,0.8013,0.1825,GREEN,37,Bengaluru
CLM0039265,BEN_06624,Marathahalli,2025-05-27,19,0,0,0,0,0,0,0,0,1,0.0,0.046701,0,0.0,0,153,2,5,0.8472,0.1236,GREEN,30,Bengaluru
CLM0039266,BEN_04766,HSR Layout,2023-11-21,13,0,0,0,0,0,0,0,0,0,0.0,0.3519,0,0.0,0,325,3,0,0.4033,0.0,GREEN,61,Bengaluru
CLM0039267,BEN_03864,Indiranagar,2024-03-16,15,0,0,0,0,0,0,0,0,0,0.0,0.208398,0,0.0,0,408,4,0,0.5619,0.0,GREEN,44,Bengaluru
CLM0039268,BEN_01771,Rajajinagar,2020-06-15,17,0,0,0,0,1,0,0,0,0,0.0,0.334777,0,0.0,0,113,2,3,0.8953,0.1087,GREEN,54,Bengaluru
CLM0039269,BEN_08372,BTM Layout,2024-02-01,20,0,0,0,0,0,0,0,0,0,1.0,0.22163,0,0.0,0,381,2,3,0.7355,0.0502,GREEN,32,Bengaluru
CLM0039270,BEN_03934,Yelahanka,2017-12-14,16,0,0,0,0,0,0,0,0,0,0.0,0.23999,0,0.0,0,67,3,4,0.8046,0.067,GREEN,38,Bengaluru
CLM0039271,BEN_06420,Whitefield,2022-09-08,10,0,0,0,0,0,0,0,0,0,0.0,0.24256,0,0.0,0,261,4,0,0.0536,0.0484,GREEN,48,Bengaluru
CLM0039272,BEN_06670,BTM Layout,2020-06-18,17,0,0,0,0,1,1,0,0,0,0.0,0.134781,0,0.0,0,358,0,2,0.98,0.2311,GREEN,36,Bengaluru
CLM0039273,BEN_01385,HSR Layout,2021-02-07,7,0,0,0,0,0,0,0,0,0,0.0,0.961168,0,0.0,0,420,2,9,0.4762,0.0226,GREEN,49,Bengaluru
CLM0039274,BEN_04062,Marathahalli,2015-10-20,19,0,0,0,0,0,0,0,0,0,0.0,0.12673,0,0.0,0,174,2,1,0.98,0.0913,GREEN,36,Bengaluru
CLM0039275,BEN_01658,BTM Layout,2024-06-08,8,0,1,1,0,0,0,0,0,0,0.0,1.0,0,0.0,1,50,3,1,0.5017,0.144,GREEN,30,Bengaluru
CLM0039276,BEN_05854,HSR Layout,2017-09-26,19,0,0,0,0,0,0,1,0,0,0.0,0.21953,0,0.0,0,275,3,6,0.6201,0.0271,GREEN,55,Bengaluru
CLM0039277,BEN_08938,Jayanagar,2025-05-03,19,0,0,0,0,0,0,0,0,0,1.0,1.0,0,0.0,0,289,2,3,0.6906,0.0798,GREEN,45,Bengaluru
CLM0039278,BEN_05086,Rajajinagar,2024-12-21,20,0,0,0,0,0,0,0,0,1,0.0,0.0,0,0.0,0,316,3,0,0.8077,0.0692,GREEN,44,Bengaluru
CLM0039279,BEN_07217,HSR Layout,2024-10-21,7,0,0,0,0,0,0,0,0,0,0.0,0.272524,1,0.0,0,420,3,0,0.8557,0.0793,GREEN,35,Bengaluru
CLM0039280,BEN_08489,Whitefield,2025-10-24,14,0,0,0,0,0,0,0,0,0,0.0,0.259664,0,0.0,0,192,2,3,0.3131,0.0,GREEN,50,Bengaluru
CLM0039281,BEN_06289,Rajajinagar,2022-08-24,17,0,0,0,0,0,0,1,0,0,0.0,0.0,0,0.0,0,47,4,0,0.98,0.1361,GREEN,43,Bengaluru
CLM0039282,BEN_03157,Electronic City,2024-06-25,9,0,0,0,0,0,0,0,0,0,0.0,0.302759,0,0.0,0,150,1,0,0.98,0.0,GREEN,55,Bengaluru
CLM0039283,BEN_00150,Indiranagar,2024-08-02,15,0,0,0,0,0,1,0,0,0,0.0,0.286682,0,0.0,0,94,3,0,0.7828,0.0941,GREEN,34,Bengaluru
CLM0039284,BEN_06208,Yelahanka,2024-06-09,18,0,0,0,0,0,1,0,0,1,0.0,0.18674,0,0.0,0,355,3,1,0.591,0.2703,GREEN,60,Bengaluru
CLM0039285,BEN_07474,Koramangala,2025-11-10,21,0,0,0,0,0,0,0,0,0,0.0,0.916689,0,0.0,0,24,4,0,0.8073,0.0,GREEN,25,Bengaluru
CLM0039286,BEN_06421,BTM Layout,2021-08-10,15,0,0,0,0,0,0,1,1,0,1.0,1.0,1,1.0,0,5,3,18,0.2627,0.0,GREEN,33,Bengaluru
CLM0039287,BEN_09332,Whitefield,2023-01-13,14,0,0,0,0,0,0,0,0,0,0.0,0.333144,0,0.0,0,262,1,2,0.5252,0.0,GREEN,41,Bengaluru
CLM0039288,BEN_06899,Yelahanka,2022-02-19,10,0,0,0,0,1,0,0,0,0,0.0,0.05858,0,0.0,0,420,0,3,0.2641,0.1587,GREEN,40,Bengaluru
CLM0039289,BEN_08186,Electronic City,2020-10-28,13,1,0,0,0,0,1,0,0,0,0.0,0.121811,0,0.0,0,163,0,5,0.6474,0.1609,GREEN,62,Bengaluru
CLM0039290,BEN_04929,Whitefield,2023-06-13,16,0,0,0,0,0,1,0,0,0,0.0,0.42985,0,0.0,0,318,0,5,0.8952,0.1829,GREEN,61,Bengaluru
CLM0039291,BEN_09881,Koramangala,2023-07-18,8,0,1,1,0,0,0,0,0,0,0.0,0.32642,0,0.0,0,281,2,0,0.9233,0.8825,RED,40,Bengaluru
CLM0039292,BEN_09051,Electronic City,2025-03-03,14,0,1,1,1,0,0,1,1,1,1.0,0.992811,1,0.0,0,5,2,18,0.2262,0.7094,RED,35,Bengaluru
CLM0039293,BEN_00980,Electronic City,2025-11-19,14,0,1,1,1,1,0,1,0,1,1.0,0.941042,0,1.0,0,9,0,18,0.3989,0.6669,RED,36,Bengaluru
CLM0039294,BEN_05601,BTM Layout,2023-01-26,17,0,1,1,0,0,1,0,0,0,0.0,0.390233,0,0.0,0,352,2,1,0.758,0.6326,RED,54,Bengaluru
CLM0039295,BEN_01743,Electronic City,2024-05-26,7,0,1,1,0,1,0,1,1,1,0.0,0.188428,1,0.0,0,11,0,18,0.9216,0.6225,RED,42,Bengaluru
CLM0039296,BEN_06076,BTM Layout,2025-10-24,11,0,0,0,0,1,0,0,0,0,0.0,0.306267,0,0.0,0,347,0,1,0.05,0.1191,GREEN,39,Bengaluru
CLM0039297,BEN_02206,Yelahanka,2025-12-07,12,0,0,0,0,0,0,0,0,0,0.0,0.105184,1,0.0,0,387,4,3,0.7151,0.0272,GREEN,31,Bengaluru
CLM0039298,BEN_08659,Rajajinagar,2023-08-20,7,0,0,0,0,0,0,0,0,0,0.0,0.371477,0,0.0,0,75,1,0,0.05,0.0649,GREEN,25,Bengaluru
CLM0039299,BEN_07584,Electronic City,2023-12-03,16,0,0,0,0,0,0,0,0,0,0.0,0.396811,1,0.0,0,420,2,2,0.8143,0.125,GREEN,43,Bengaluru
CLM0039300,BEN_09842,Indiranagar,2024-02-06,10,0,0,0,1,0,0,0,0,0,0.0,0.313661,0,0.0,1,420,0,5,0.8564,0.1747,GREEN,58,Bengaluru
CLM0039301,BEN_00040,Electronic City,2024-02-27,16,0,0,0,0,0,0,0,0,0,0.0,0.067525,0,0.0,0,229,1,1,0.6805,0.0143,GREEN,43,Bengaluru
CLM0039302,BEN_09576,Electronic City,2023-02-22,11,0,0,0,0,0,1,0,0,0,1.0,1.0,0,1.0,0,420,1,4,0.98,0.1023,GREEN,51,Bengaluru
CLM0039303,BEN_02493,Electronic City,2023-04-05,10,0,0,0,0,0,0,0,0,0,0.0,0.309008,0,0.0,0,367,0,4,0.7866,0.0877,GREEN,44,Bengaluru
CLM0039304,BEN_00596,Jayanagar,2024-08-11,16,0,0,0,0,0,0,0,1,0,0.0,0.0,0,0.0,0,198,3,5,0.5983,0.0108,GREEN,51,Bengaluru
CLM0039305,BEN_07687,Rajajinagar,2025-12-06,19,0,0,0,0,0,0,0,0,0,0.0,0.067376,0,0.0,0,420,1,1,0.4289,0.0,GREEN,37,Bengaluru
CLM0039306,BEN_03804,Yelahanka,2025-12-27,16,0,0,0,0,0,0,0,0,0,0.0,0.116276,0,0.0,0,265,3,6,0.0903,0.0,GREEN,57,Bengaluru
CLM0039307,BEN_00665,Whitefield,2023-02-14,20,0,0,0,0,0,0,0,0,0,0.0,0.933023,0,0.0,0,282,1,0,0.7072,0.1377,GREEN,41,Bengaluru
CLM0039308,BEN_08753,Rajajinagar,2020-08-31,14,0,0,0,0,0,0,0,0,0,1.0,0.275778,0,0.0,0,272,3,7,0.4535,0.1394,GREEN,31,Bengaluru
CLM0039309,BEN_03197,Jayanagar,2018-10-15,11,0,0,0,0,0,0,0,0,0,0.0,0.128276,1,0.0,0,378,1,1,0.8882,0.0674,GREEN,47,Bengaluru
CLM0039310,BEN_02814,HSR Layout,2021-01-15,16,0,0,0,0,0,0,0,0,0,0.0,1.0,0,0.0,0,113,2,3,0.9311,0.0328,GREEN,47,Bengaluru
CLM0039311,BEN_07291,Rajajinagar,2018-10-09,8,0,0,0,0,0,0,0,0,0,0.0,0.14143,0,0.0,1,420,4,0,0.6572,0.0159,GREEN,44,Bengaluru
CLM0039312,BEN_04691,Yelahanka,2024-12-08,19,0,0,0,0,1,0,1,0,0,0.0,0.06012,0,0.0,0,97,3,0,0.6951,0.2755,GREEN,45,Bengaluru
CLM0039313,BEN_09807,Rajajinagar,2020-09-30,17,0,0,0,0,0,0,0,0,1,0.0,0.029823,0,0.0,0,249,3,3,0.6872,0.1379,GREEN,48,Bengaluru
CLM0039314,BEN_00805,HSR Layout,2020-04-16,18,0,0,0,1,0,0,0,0,0,0.0,0.134116,0,0.0,0,60,3,1,0.9342,0.1979,GREEN,43,Bengaluru
CLM0039315,BEN_02269,Indiranagar,2019-06-14,12,0,0,0,0,0,0,0,0,0,0.0,0.216414,1,1.0,0,330,3,0,0.4865,0.088,GREEN,46,Bengaluru
CLM0039316,BEN_03679,Marathahalli,2024-11-07,11,0,0,0,0,1,0,0,0,0,0.0,0.0,1,0.0,0,274,1,3,0.8811,0.1466,GREEN,54,Bengaluru
CLM0039317,BEN_06478,Electronic City,2024-02-18,16,0,0,0,0,1,0,1,1,0,0.0,0.931499,1,1.0,0,24,1,18,0.7753,0.0992,GREEN,27,Bengaluru
CLM0039318,BEN_02656,Electronic City,2022-10-17,21,0,0,0,0,0,0,0,0,0,0.0,0.244461,0,0.0,0,175,3,1,0.6128,0.0,GREEN,54,Bengaluru
CLM0039319,BEN_08774,Electronic City,2024-04-10,15,0,0,0,1,0,0,0,0,1,0.0,0.985452,0,0.0,0,60,3,4,0.8222,0.3481,YELLOW,42,Bengaluru
CLM0039320,BEN_03350,Rajajinagar,2023-08-10,19,0,0,0,0,0,0,0,0,0,0.0,0.177741,0,0.0,0,412,3,7,0.5115,0.0329,GREEN,56,Bengaluru
CLM0039321,BEN_09975,Electronic City,2017-02-24,16,0,0,0,0,0,0,0,0,0,0.0,0.351705,0,0.0,0,350,4,4,0.6153,0.009,GREEN,50,Bengaluru
CLM0039322,BEN_08735,BTM Layout,2023-03-25,20,0,0,0,0,0,0,0,0,0,0.0,0.056866,0,0.0,0,299,4,7,0.7192,0.0301,GREEN,55,Bengaluru
CLM0039323,BEN_01782,Jayanagar,2016-12-07,11,0,0,0,0,0,1,0,0,0,0.0,0.049368,0,0.0,0,366,3,3,0.832,0.1326,GREEN,47,Bengaluru
CLM0039324,BEN_07694,BTM Layout,2022-08-12,11,0,0,0,0,0,1,1,0,0,0.0,0.02394,0,0.0,0,406,4,2,0.1287,0.1445,GREEN,49,Bengaluru
CLM0039325,BEN_00739,HSR Layout,2024-09-16,10,0,0,0,0,0,0,0,0,0,0.0,0.051694,0,0.0,0,305,3,0,0.7448,0.0018,GREEN,49,Bengaluru
CLM0039326,BEN_04778,Whitefield,2023-12-01,17,0,0,0,0,0,0,0,0,0,0.0,0.374609,0,0.0,0,40,1,0,0.0931,0.0723,GREEN,51,Bengaluru
CLM0039327,BEN_02754,Whitefield,2024-03-03,8,0,0,0,0,0,0,0,1,0,0.0,0.161986,0,0.0,0,230,3,2,0.6623,0.0896,GREEN,34,Bengaluru
CLM0039328,BEN_06896,Whitefield,2019-04-15,11,0,1,1,0,0,0,0,0,1,1.0,1.0,0,1.0,0,75,2,3,0.9799,0.2692,GREEN,42,Bengaluru
CLM0039329,BEN_08159,Jayanagar,2024-12-24,21,0,0,0,0,0,0,0,0,0,1.0,0.395228,0,0.0,0,300,2,0,0.9294,0.0872,GREEN,54,Bengaluru
CLM0039330,BEN_00689,Indiranagar,2025-10-18,17,0,0,0,0,0,0,0,0,0,0.0,0.418981,0,0.0,0,284,3,3,0.2287,0.0741,GREEN,35,Bengaluru
CLM0039331,BEN_00208,Yelahanka,2025-10-16,9,1,0,0,0,0,0,0,0,0,0.0,0.151712,0,0.0,0,102,0,4,0.9394,0.0505,GREEN,40,Bengaluru
CLM0039332,BEN_02698,Rajajinagar,2025-04-25,11,0,0,0,0,0,0,0,0,0,0.0,0.2995,0,0.0,0,154,2,2,0.9449,0.1666,GREEN,38,Bengaluru
CLM0039333,BEN_03753,Jayanagar,2020-06-01,7,0,1,1,0,1,1,0,0,0,1.0,0.316225,0,0.0,0,353,1,0,0.247,0.419,YELLOW,51,Bengaluru
CLM0039334,BEN_07313,Whitefield,2025-07-03,18,0,1,1,0,0,1,1,1,1,0.0,0.928307,1,0.0,1,5,2,18,0.05,0.7286,RED,38,Bengaluru
CLM0039335,BEN_01412,Rajajinagar,2024-01-02,20,0,1,1,0,0,0,0,0,0,0.0,0.036338,0,0.0,0,376,0,0,0.2592,0.7695,RED,59,Bengaluru
CLM0039336,BEN_05614,Electronic City,2020-04-30,10,0,1,1,1,0,0,0,0,0,0.0,0.0,0,0.0,0,372,0,4,0.7188,0.3928,YELLOW,53,Bengaluru
CLM0039337,BEN_06323,Jayanagar,2015-12-25,13,0,1,1,1,1,1,0,0,1,1.0,0.396483,0,0.0,1,5,0,18,0.8894,0.737,RED,46,Bengaluru
CLM0039338,BEN_05467,HSR Layout,2021-01-28,20,0,0,0,0,0,0,0,0,0,0.0,0.201103,0,0.0,0,255,3,0,0.5437,0.0,GREEN,59,Bengaluru
CLM0039339,BEN_07256,Whitefield,2020-02-23,15,0,0,0,0,1,0,0,0,0,0.0,0.054672,0,0.0,0,327,0,5,0.6786,0.0694,GREEN,29,Bengaluru
CLM0039340,BEN_01630,Electronic City,2024-12-12,14,0,0,0,0,0,0,0,0,0,0.0,1.0,0,0.0,1,397,4,0,0.05,0.0566,GREEN,35,Bengaluru
CLM0039341,BEN_02022,Yelahanka,2020-06-14,16,0,0,0,0,0,0,1,1,0,1.0,0.430724,0,0.0,0,420,0,0,0.8504,0.1533,GREEN,33,Bengaluru
CLM0039342,BEN_08902,HSR Layout,2018-07-03,9,0,0,0,0,0,0,1,0,0,0.0,0.252599,0,0.0,0,173,4,1,0.7103,0.0,GREEN,38,Bengaluru
CLM0039343,BEN_03672,Electronic City,2020-09-11,19,0,0,0,0,0,0,0,0,0,0.0,0.126509,0,0.0,0,75,3,2,0.6801,0.0,GREEN,60,Bengaluru
CLM0039344,BEN_07013,Yelahanka,2025-05-25,11,0,0,0,0,0,0,0,0,0,0.0,0.288508,0,1.0,0,337,0,4,0.7655,0.0,GREEN,66,Bengaluru
CLM0039345,BEN_06619,Jayanagar,2021-01-12,12,0,0,0,0,0,0,0,0,0,0.0,0.924804,0,1.0,0,102,1,7,0.516,0.0,GREEN,49,Bengaluru
CLM0039346,BEN_04027,Whitefield,2022-01-01,21,0,0,0,0,0,0,0,0,0,0.0,0.271656,0,0.0,0,407,0,1,0.8313,0.0719,GREEN,22,Bengaluru
CLM0039347,BEN_09754,Rajajinagar,2024-05-21,11,0,0,0,0,0,0,1,0,0,0.0,0.116737,0,0.0,0,220,0,3,0.8267,0.0631,GREEN,53,Bengaluru
CLM0039348,BEN_01595,BTM Layout,2015-08-23,13,0,0,0,0,0,0,0,0,0,0.0,0.148695,0,0.0,0,96,3,0,0.5954,0.0363,GREEN,36,Bengaluru
CLM0039349,BEN_06658,HSR Layout,2023-07-10,13,0,0,0,0,0,1,0,0,0,0.0,0.138057,1,0.0,0,127,2,3,0.6566,0.1964,GREEN,30,Bengaluru
CLM0039350,BEN_02491,Marathahalli,2025-04-20,17,0,0,0,0,0,0,0,0,0,0.0,0.341603,0,0.0,0,420,1,6,0.5238,0.0,GREEN,49,Bengaluru
CLM0039351,BEN_01403,Jayanagar,2021-05-07,19,0,0,0,1,0,0,0,0,0,0.0,0.406768,0,0.0,0,48,2,1,0.9717,0.3305,YELLOW,63,Bengaluru
CLM0039352,BEN_00503,Electronic City,2025-08-29,15,0,0,0,0,1,0,0,0,0,0.0,0.129852,0,0.0,0,114,4,3,0.2609,0.0042,GREEN,37,Bengaluru
CLM0039353,BEN_01264,Indiranagar,2019-05-26,19,0,0,0,0,0,0,0,1,0,0.0,0.0,0,0.0,0,217,3,0,0.8425,0.0776,GREEN,44,Bengaluru
CLM0039354,BEN_01656,Rajajinagar,2021-05-01,12,0,0,0,0,0,0,0,0,0,1.0,0.103505,0,0.0,0,44,4,3,0.4998,0.1278,GREEN,44,Bengaluru
CLM0039355,BEN_04399,Electronic City,2016-11-26,17,0,0,0,0,0,0,0,0,0,0.0,0.248818,0,0.0,0,361,3,6,0.7385,0.0854,GREEN,54,Bengaluru
CLM0039356,BEN_05270,Marathahalli,2021-07-03,10,0,0,0,0,0,0,1,0,0,1.0,0.197171,0,0.0,0,280,1,3,0.696,0.1323,GREEN,46,Bengaluru
CLM0039357,BEN_07239,Electronic City,2021-03-06,17,0,0,0,0,0,0,0,0,0,0.0,0.303696,0,0.0,0,420,2,7,0.6731,0.077,GREEN,28,Bengaluru
CLM0039358,BEN_00618,Electronic City,2024-03-06,14,0,0,0,0,0,1,0,0,0,0.0,0.018408,0,0.0,0,218,2,0,0.4239,0.0468,GREEN,52,Bengaluru
CLM0039359,BEN_03217,Yelahanka,2025-02-15,10,0,0,0,0,0,0,0,0,0,0.0,0.0,0,0.0,0,184,3,1,0.98,0.0,GREEN,45,Bengaluru
CLM0039360,BEN_05050,Yelahanka,2023-11-15,18,0,0,0,0,0,0,0,0,0,0.0,1.0,0,0.0,0,124,3,0,0.9144,0.1406,GREEN,25,Bengaluru
CLM0039361,BEN_04382,BTM Layout,2016-11-01,21,0,1,1,1,1,0,1,1,1,0.0,1.0,0,1.0,0,13,4,18,0.0688,0.0654,GREEN,46,Bengaluru
CLM0039362,BEN_08017,HSR Layout,2020-06-04,14,0,0,0,0,0,0,0,0,0,0.0,0.171529,0,0.0,0,260,2,2,0.6151,0.0,GREEN,53,Bengaluru
CLM0039363,BEN_01913,Electronic City,2017-01-04,18,0,0,0,0,0,0,0,0,0,0.0,0.095658,0,0.0,0,139,2,1,0.7247,0.0202,GREEN,58,Bengaluru
CLM0039364,BEN_03861,Indiranagar,2025-01-06,10,0,0,0,0,0,0,0,0,0,0.0,0.052973,0,0.0,0,263,1,4,0.6311,0.0274,GREEN,36,Bengaluru
CLM0039365,BEN_02933,Yelahanka,2022-01-22,18,0,0,0,0,0,0,0,0,0,0.0,0.0,0,0.0,0,193,2,1,0.8722,0.1875,GREEN,42,Bengaluru
CLM0039366,BEN_02557,Indiranagar,2022-09-23,12,0,0,0,0,0,0,0,0,0,0.0,0.038242,0,1.0,0,392,1,2,0.9652,0.0,GREEN,49,Bengaluru
CLM0039367,BEN_03635,Indiranagar,2018-08-14,19,0,0,0,0,0,0,0,1,1,0.0,0.312838,0,0.0,0,335,1,3,0.6184,0.1804,GREEN,38,Bengaluru
CLM0039368,BEN_02664,Jayanagar,2017-05-05,20,0,0,0,0,0,0,0,0,0,0.0,0.131135,0,0.0,0,111,4,4,0.062,0.0787,GREEN,36,Bengaluru
CLM0039369,BEN_05161,Marathahalli,2022-05-13,10,0,0,0,1,0,0,0,0,1,0.0,0.186501,0,0.0,0,303,2,3,0.98,0.3025,GREEN,38,Bengaluru
CLM0039370,BEN_07766,Marathahalli,2023-07-14,10,0,0,0,0,0,0,0,0,0,0.0,0.238383,0,0.0,0,45,4,2,0.6054,0.0,GREEN,43,Bengaluru
CLM0039371,BEN_08052,Electronic City,2022-01-14,13,0,0,0,0,0,0,0,0,0,0.0,0.100258,0,0.0,0,223,2,4,0.7242,0.0,GREEN,50,Bengaluru
CLM0039372,BEN_04223,Electronic City,2019-05-06,20,0,0,0,0,0,0,0,0,0,0.0,0.095359,0,0.0,0,241,2,0,0.4658,0.0,GREEN,49,Bengaluru
CLM0039373,BEN_02266,Koramangala,2023-11-04,10,0,0,0,0,0,0,0,0,0,1.0,0.998689,0,1.0,0,149,0,1,0.9423,0.0,GREEN,18,Bengaluru
CLM0039374,BEN_06868,Yelahanka,2024-12-31,19,0,0,0,0,0,0,0,0,0,1.0,0.989902,0,1.0,0,117,3,1,0.651,0.0294,GREEN,55,Bengaluru
CLM0039375,BEN_06806,Marathahalli,2024-11-06,19,0,0,0,0,0,0,0,0,0,0.0,0.406858,0,0.0,0,193,0,3,0.5607,0.0394,GREEN,46,Bengaluru
CLM0039376,BEN_02116,Yelahanka,2022-12-15,20,0,0,0,0,1,0,0,0,0,0.0,0.197362,0,0.0,0,269,3,1,0.2083,0.121,GREEN,67,Bengaluru
CLM0039377,BEN_06253,Koramangala,2024-10-27,18,0,0,0,1,0,0,1,1,0,1.0,1.0,0,0.0,1,5,1,14,0.0982,0.0088,GREEN,41,Bengaluru
CLM0039378,BEN_05751,Marathahalli,2024-04-24,7,0,0,0,0,0,0,0,0,0,0.0,0.049329,1,0.0,0,279,1,3,0.8042,0.1232,GREEN,34,Bengaluru
CLM0039379,BEN_01799,Whitefield,2022-07-28,21,0,0,0,0,0,1,0,0,0,0.0,0.351904,0,0.0,0,163,4,0,0.1652,0.1545,GREEN,50,Bengaluru
CLM0039380,BEN_02911,Electronic City,2025-03-08,16,0,1,1,0,0,0,0,0,0,1.0,0.169782,0,0.0,0,279,1,4,0.4873,0.0601,GREEN,50,Bengaluru
CLM0039381,BEN_04606,Whitefield,2022-12-19,14,0,0,0,0,0,0,0,0,0,0.0,0.958361,0,0.0,0,25,4,0,0.9335,0.0571,GREEN,63,Bengaluru
CLM0039382,BEN_02532,Yelahanka,2025-05-07,9,0,0,0,0,1,0,0,0,0,0.0,0.099112,0,1.0,0,344,0,3,0.8779,0.1546,GREEN,40,Bengaluru
CLM0039383,BEN_09409,Rajajinagar,2024-06-29,20,0,0,0,0,0,0,0,0,0,0.0,0.323435,0,0.0,0,234,1,4,0.7621,0.0,GREEN,35,Bengaluru
CLM0039384,BEN_02225,Yelahanka,2025-05-22,10,0,0,0,0,0,0,0,0,0,0.0,0.03017,0,0.0,0,406,0,1,0.7553,0.0354,GREEN,31,Bengaluru
CLM0039385,BEN_02374,Electronic City,2025-04-18,13,0,0,0,0,1,0,0,0,0,1.0,0.06737,0,0.0,0,209,0,3,0.5678,0.1591,GREEN,44,Bengaluru
CLM0039386,BEN_01857,Jayanagar,2021-10-22,21,0,0,0,0,0,0,0,1,0,0.0,0.30262,0,0.0,0,420,2,3,0.8812,0.0352,GREEN,53,Bengaluru
CLM0039387,BEN_01702,Koramangala,2024-09-26,11,0,0,0,0,0,1,0,0,0,0.0,0.0,0,0.0,1,384,0,0,0.3948,0.1795,GREEN,53,Bengaluru
CLM0039388,BEN_08269,Indiranagar,2022-05-15,19,0,0,0,0,0,0,0,0,0,0.0,0.111211,0,0.0,0,420,4,0,0.5115,0.0797,GREEN,18,Bengaluru
CLM0039389,BEN_06089,Marathahalli,2024-01-20,9,0,0,0,0,0,0,0,0,0,0.0,0.203101,0,0.0,0,54,1,1,0.1501,0.0,GREEN,62,Bengaluru
CLM0039390,BEN_02906,BTM Layout,2021-12-09,20,0,0,0,0,0,1,0,0,0,0.0,1.0,0,0.0,0,165,2,5,0.98,0.0701,GREEN,59,Bengaluru
CLM0039391,BEN_08108,Marathahalli,2019-11-20,16,0,0,0,0,0,0,1,0,0,1.0,0.36043,0,0.0,0,202,2,1,0.6045,0.3189,YELLOW,34,Bengaluru
CLM0039392,BEN_01261,Koramangala,2024-09-02,12,0,0,0,0,0,1,0,0,0,0.0,0.08274,0,0.0,0,279,0,2,0.2458,0.1906,GREEN,43,Bengaluru
CLM0039393,BEN_03120,Koramangala,2019-08-03,14,0,0,0,0,0,0,0,0,0,0.0,0.065391,0,0.0,0,18,2,2,0.5785,0.0,GREEN,43,Bengaluru
CLM0039394,BEN_02255,Electronic City,2024-06-06,19,0,0,0,0,0,0,0,0,0,1.0,0.100948,1,0.0,0,284,2,1,0.1271,0.0479,GREEN,45,Bengaluru
CLM0039395,BEN_09955,Rajajinagar,2023-12-19,17,0,0,0,0,0,0,0,0,0,0.0,0.137701,0,0.0,0,399,2,2,0.8849,0.0,GREEN,41,Bengaluru
CLM0039396,BEN_08129,Rajajinagar,2023-12-15,13,0,0,0,0,0,0,0,1,0,0.0,0.186509,0,0.0,0,84,1,2,0.7714,0.0619,GREEN,37,Bengaluru
CLM0039397,BEN_02437,Whitefield,2018-11-18,11,0,0,0,0,0,0,0,0,0,0.0,0.119075,0,0.0,0,236,0,4,0.1293,0.0121,GREEN,36,Bengaluru
CLM0039398,BEN_01757,Koramangala,2025-07-23,15,0,0,0,0,0,0,0,0,0,0.0,0.141151,0,0.0,0,254,3,0,0.5576,0.0967,GREEN,38,Bengaluru
CLM0039399,BEN_03963,BTM Layout,2020-11-27,10,0,0,0,0,1,1,1,0,0,0.0,0.149729,0,0.0,0,390,3,4,0.1586,0.2527,GREEN,64,Bengaluru
CLM0039400,BEN_06034,Jayanagar,2024-02-21,16,0,0,0,0,0,0,0,0,0,1.0,0.984226,0,0.0,0,250,3,4,0.934,0.0118,GREEN,42,Bengaluru
CLM0039401,BEN_00843,Koramangala,2018-05-07,18,0,0,0,0,0,0,0,0,0,0.0,0.170728,0,0.0,0,362,4,0,0.98,0.0,GREEN,55,Bengaluru
CLM0039402,BEN_08446,Jayanagar,2022-06-12,8,0,0,0,0,0,0,0,0,0,0.0,0.044023,0,0.0,0,104,2,1,0.8587,0.0,GREEN,48,Bengaluru
CLM0039403,BEN_08847,BTM Layout,2024-10-14,18,0,0,0,0,0,0,0,0,0,0.0,0.019739,0,0.0,0,143,0,1,0.98,0.0,GREEN,53,Bengaluru
CLM0039404,BEN_01737,Electronic City,2017-10-13,13,0,0,0,0,0,0,0,0,0,0.0,0.387904,0,0.0,0,76,3,2,0.6419,0.0486,GREEN,46,Bengaluru
CLM0039405,BEN_05461,Jayanagar,2021-01-21,12,0,0,0,0,0,0,0,0,0,0.0,0.191732,0,0.0,0,361,4,0,0.6531,0.0,GREEN,39,Bengaluru
CLM0039406,BEN_08839,BTM Layout,2021-02-17,7,0,0,0,0,0,0,0,0,0,0.0,0.0497,0,0.0,0,250,2,0,0.4751,0.0739,GREEN,50,Bengaluru
CLM0039407,BEN_00529,Marathahalli,2024-12-31,18,0,0,0,0,0,0,0,0,0,0.0,0.353221,0,0.0,0,420,0,1,0.6191,0.0,GREEN,29,Bengaluru
CLM0039408,BEN_09207,Yelahanka,2020-08-07,18,0,1,1,1,0,0,0,0,0,0.0,0.245981,0,0.0,0,16,0,2,0.9071,0.1523,GREEN,34,Bengaluru
CLM0039409,BEN_02563,HSR Layout,2020-12-13,8,0,0,0,0,0,0,0,0,0,0.0,0.0,0,0.0,0,48,4,0,0.2871,0.0229,GREEN,44,Bengaluru
CLM0039410,BEN_04028,BTM Layout,2020-07-07,14,0,0,0,0,0,0,0,0,0,0.0,0.426666,0,0.0,0,420,0,4,0.05,0.0,GREEN,56,Bengaluru
CLM0039411,BEN_03052,Indiranagar,2024-02-01,18,0,0,0,0,0,0,0,0,0,0.0,0.246873,0,0.0,0,403,0,5,0.98,0.0708,GREEN,54,Bengaluru
CLM0039412,BEN_08389,BTM Layout,2024-04-20,19,0,0,0,1,1,1,1,0,1,1.0,0.961023,1,1.0,1,9,3,10,0.5408,0.0267,GREEN,42,Bengaluru
CLM0039413,BEN_03562,Jayanagar,2023-11-25,14,0,0,0,0,0,1,0,0,0,0.0,0.366768,0,0.0,0,376,1,0,0.9552,0.1897,GREEN,52,Bengaluru
CLM0039414,BEN_04556,Electronic City,2021-06-08,14,0,0,0,0,0,0,0,1,0,0.0,0.293013,0,0.0,0,168,3,0,0.8086,0.063,GREEN,28,Bengaluru
CLM0039415,BEN_00139,Yelahanka,2025-02-24,14,0,0,0,0,0,0,0,0,0,0.0,0.12661,0,0.0,0,75,1,3,0.6855,0.0,GREEN,31,Bengaluru
CLM0039416,BEN_08083,HSR Layout,2025-05-13,21,0,1,1,0,0,0,0,0,0,0.0,0.04798,0,0.0,0,70,2,0,0.8127,0.0321,GREEN,58,Bengaluru
CLM0039417,BEN_04418,Electronic City,2024-11-11,17,1,0,0,0,0,0,0,0,1,0.0,1.0,0,0.0,0,52,4,0,0.8318,0.1109,GREEN,27,Bengaluru
CLM0039418,BEN_00767,Rajajinagar,2024-02-05,19,0,0,0,0,0,0,1,1,0,1.0,0.283793,0,0.0,0,138,4,0,0.6448,0.1998,GREEN,39,Bengaluru
CLM0039419,BEN_02061,Yelahanka,2025-11-30,9,0,0,0,0,0,0,1,0,1,0.0,0.455004,0,0.0,0,165,2,6,0.7033,0.1702,GREEN,30,Bengaluru
CLM0039420,BEN_00831,Indiranagar,2024-08-29,8,0,0,0,0,0,0,0,0,0,0.0,0.017229,0,0.0,0,52,1,0,0.4491,0.0,GREEN,53,Bengaluru
CLM0039421,BEN_00820,HSR Layout,2021-10-11,15,0,1,1,0,0,0,0,0,0,0.0,0.273486,0,0.0,0,405,2,5,0.6888,0.0429,GREEN,26,Bengaluru
CLM0039422,BEN_06829,Marathahalli,2023-03-27,17,0,0,0,0,0,0,0,0,0,0.0,0.957867,0,0.0,0,224,1,0,0.574,0.0,GREEN,34,Bengaluru
CLM0039423,BEN_08870,Electronic City,2022-05-12,19,0,0,0,0,0,0,0,0,0,0.0,0.033085,0,0.0,0,76,3,0,0.8219,0.0749,GREEN,35,Bengaluru
CLM0039424,BEN_07137,Electronic City,2023-11-01,21,0,0,0,0,0,0,0,0,0,0.0,0.319482,0,0.0,0,71,0,3,0.3656,0.0,GREEN,46,Bengaluru
CLM0039425,BEN_01287,Whitefield,2023-11-15,7,0,0,0,0,0,0,0,0,0,0.0,0.158159,0,0.0,0,420,3,0,0.8084,0.0191,GREEN,39,Bengaluru
CLM0039426,BEN_00640,Koramangala,2023-09-01,19,0,0,0,0,0,0,0,0,0,0.0,0.163775,0,0.0,0,380,2,0,0.6955,0.0546,GREEN,37,Bengaluru
CLM0039427,BEN_00924,Yelahanka,2023-01-13,19,0,0,0,0,0,0,0,0,0,0.0,0.162699,0,1.0,0,202,1,3,0.695,0.0552,GREEN,57,Bengaluru
CLM0039428,BEN_06720,Yelahanka,2023-09-22,8,0,0,0,1,1,1,1,1,0,1.0,1.0,1,0.0,1,5,3,18,0.1799,0.0,GREEN,28,Bengaluru
CLM0039429,BEN_09943,Whitefield,2023-02-03,10,0,0,0,0,0,1,1,0,0,1.0,0.0,0,0.0,0,194,2,3,0.5818,0.229,GREEN,35,Bengaluru
CLM0039430,BEN_09623,Marathahalli,2025-07-23,7,0,0,0,0,0,1,0,0,0,0.0,0.256276,0,0.0,0,396,1,4,0.98,0.031,GREEN,43,Bengaluru
CLM0039431,BEN_05646,Koramangala,2020-11-01,7,0,0,0,0,0,0,0,0,0,0.0,0.275666,0,0.0,0,386,3,1,0.5747,0.1051,GREEN,40,Bengaluru
CLM0039432,BEN_04459,Marathahalli,2024-09-30,17,0,0,0,0,0,0,0,0,0,0.0,1.0,0,0.0,0,73,3,3,0.6712,0.1484,GREEN,46,Bengaluru
CLM0039433,BEN_07088,Electronic City,2020-08-12,17,0,0,0,0,1,0,0,0,0,0.0,0.309117,0,0.0,0,119,4,4,0.6147,0.0574,GREEN,54,Bengaluru
CLM0039434,BEN_06574,Indiranagar,2024-11-01,15,0,0,0,0,0,0,0,0,0,0.0,0.380061,0,0.0,0,197,4,5,0.8151,0.0,GREEN,51,Bengaluru
CLM0039435,BEN_00425,Rajajinagar,2024-11-21,9,0,0,0,0,0,0,0,0,0,0.0,0.071463,0,0.0,0,381,4,4,0.7039,0.0,GREEN,37,Bengaluru
CLM0039436,BEN_07867,HSR Layout,2024-08-11,18,0,0,0,0,0,0,0,0,0,0.0,1.0,0,0.0,0,294,3,0,0.5183,0.0296,GREEN,62,Bengaluru
CLM0039437,BEN_05899,Electronic City,2023-11-23,11,0,0,0,0,0,0,0,0,0,0.0,0.937504,0,0.0,0,420,1,1,0.8639,0.0,GREEN,39,Bengaluru
CLM0039438,BEN_08157,HSR Layout,2024-03-13,16,0,0,0,0,0,0,0,0,0,0.0,0.130848,1,0.0,0,401,2,0,0.9506,0.0397,GREEN,58,Bengaluru
CLM0039439,BEN_00552,Jayanagar,2025-05-25,15,0,0,0,1,0,0,0,1,0,0.0,0.291549,0,0.0,0,420,4,3,0.4733,0.2025,GREEN,45,Bengaluru
CLM0039440,BEN_03677,Marathahalli,2024-04-03,16,0,0,0,0,0,1,0,0,0,1.0,0.370372,0,0.0,0,300,1,1,0.5665,0.2519,GREEN,59,Bengaluru
CLM0039441,BEN_05308,Indiranagar,2024-08-12,17,0,0,0,0,0,0,0,0,0,0.0,0.381786,0,0.0,0,95,0,0,0.6913,0.0221,GREEN,42,Bengaluru
CLM0039442,BEN_02085,Indiranagar,2024-07-27,7,0,0,0,0,0,0,0,0,0,0.0,0.469699,1,0.0,0,92,3,1,0.8318,0.0765,GREEN,39,Bengaluru
CLM0039443,BEN_05642,Jayanagar,2023-12-07,12,0,0,0,0,0,0,0,0,0,0.0,0.304408,0,0.0,0,284,2,4,0.6819,0.0274,GREEN,41,Bengaluru
CLM0039444,BEN_05126,Whitefield,2025-02-17,20,0,0,0,0,0,1,0,0,0,0.0,0.295102,0,0.0,0,420,3,0,0.8561,0.0232,GREEN,21,Bengaluru
CLM0039445,BEN_07000,Yelahanka,2023-09-16,16,0,0,0,0,0,0,0,0,0,0.0,0.135186,0,0.0,0,128,0,3,0.2901,0.0163,GREEN,73,Bengaluru
CLM0039446,BEN_03975,Electronic City,2024-10-07,20,0,0,0,0,0,1,1,0,0,0.0,0.148556,1,0.0,1,7,4,16,0.9121,0.3307,YELLOW,50,Bengaluru
CLM0039447,BEN_09551,Rajajinagar,2022-02-07,10,0,0,0,0,1,0,0,1,0,0.0,0.316345,0,0.0,0,420,2,1,0.2086,0.2555,GREEN,32,Bengaluru
CLM0039448,BEN_05211,Electronic City,2023-09-19,12,0,0,0,0,0,1,0,0,0,0.0,0.360386,0,0.0,0,420,3,3,0.5898,0.0906,GREEN,56,Bengaluru
CLM0039449,BEN_08761,BTM Layout,2023-02-20,18,0,0,0,0,0,0,0,0,0,1.0,0.325232,0,0.0,0,377,1,4,0.2113,0.2017,GREEN,42,Bengaluru
CLM0039450,BEN_07611,Whitefield,2021-10-15,10,0,0,0,0,0,0,0,1,0,0.0,0.119572,0,0.0,0,126,1,0,0.05,0.088,GREEN,42,Bengaluru
CLM0039451,BEN_00587,Koramangala,2024-05-14,17,0,0,0,0,0,1,0,0,0,1.0,0.436282,0,0.0,0,420,2,4,0.8895,0.1678,GREEN,38,Bengaluru
CLM0039452,BEN_02902,Jayanagar,2025-02-27,11,0,0,0,0,0,0,1,0,0,0.0,0.32578,0,0.0,0,122,0,0,0.5667,0.0538,GREEN,36,Bengaluru
CLM0039453,BEN_09433,Marathahalli,2023-08-13,17,0,0,0,0,0,0,0,1,0,0.0,0.098102,0,0.0,0,368,3,0,0.6385,0.1403,GREEN,47,Bengaluru
CLM0039454,BEN_05352,Electronic City,2023-08-01,7,0,0,0,0,0,0,0,0,1,0.0,0.0,0,1.0,0,141,0,0,0.6466,0.1745,GREEN,31,Bengaluru
CLM0039455,BEN_00667,Marathahalli,2025-03-06,12,0,0,0,0,0,0,0,0,0,0.0,0.249537,0,0.0,0,196,4,1,0.9226,0.0457,GREEN,38,Bengaluru
CLM0039456,BEN_03088,Marathahalli,2025-10-11,20,0,0,0,0,0,0,0,0,0,0.0,0.030626,0,0.0,0,328,2,4,0.6155,0.0,GREEN,32,Bengaluru
CLM0039457,BEN_08601,Jayanagar,2024-03-23,8,0,0,0,0,0,0,0,0,0,0.0,0.077275,0,0.0,0,420,0,7,0.3017,0.0,GREEN,51,Bengaluru
CLM0039458,BEN_00223,Yelahanka,2025-10-26,12,0,1,1,0,1,0,1,1,1,1.0,1.0,0,0.0,0,25,1,18,0.2854,0.5162,YELLOW,39,Bengaluru
CLM0039459,BEN_09620,Indiranagar,2024-06-01,17,0,1,1,1,1,0,1,0,1,0.0,0.081121,0,0.0,1,7,2,18,0.9489,0.6078,YELLOW,44,Bengaluru
CLM0039460,BEN_05350,Electronic City,2024-08-03,11,0,1,1,1,1,0,1,1,1,1.0,0.997532,1,0.0,1,43,2,18,0.1783,0.7284,RED,42,Bengaluru
CLM0039461,BEN_03978,HSR Layout,2023-06-21,20,0,1,1,1,1,0,0,1,1,0.0,0.137392,0,0.0,0,5,0,18,0.7606,0.6029,YELLOW,43,Bengaluru
CLM0039462,BEN_06318,Rajajinagar,2024-11-10,19,0,1,1,0,0,0,1,1,1,0.0,0.041011,0,0.0,1,5,2,18,0.9405,0.6269,RED,46,Bengaluru
CLM0039463,BEN_07303,Koramangala,2025-04-23,21,0,1,1,0,1,1,0,1,1,0.0,0.322533,0,1.0,1,16,0,18,0.2612,0.7927,RED,47,Bengaluru
CLM0039464,BEN_02573,Electronic City,2023-12-17,14,0,1,1,1,1,1,0,1,0,0.0,0.102918,1,0.0,0,13,1,18,0.9535,0.6812,RED,51,Bengaluru
CLM0039465,BEN_00311,Koramangala,2025-10-20,18,0,1,1,0,1,0,1,1,1,1.0,0.020509,0,1.0,0,5,1,18,0.3641,0.6357,RED,39,Bengaluru
CLM0039466,BEN_07178,Electronic City,2025-01-20,8,0,1,1,0,1,0,1,1,0,0.0,0.079289,0,0.0,0,10,2,18,0.8266,0.3838,YELLOW,41,Bengaluru
CLM0039467,BEN_01786,BTM Layout,2023-06-17,15,0,1,1,0,0,1,1,1,1,0.0,0.018031,0,0.0,0,19,1,18,0.9163,0.6061,YELLOW,50,Bengaluru
CLM0039468,BEN_09816,HSR Layout,2023-12-31,8,0,1,1,1,0,0,1,1,0,0.0,0.101182,0,0.0,0,5,0,18,0.8164,0.4062,YELLOW,46,Bengaluru
CLM0039469,BEN_06950,Whitefield,2022-10-10,16,0,0,0,0,0,0,0,0,0,0.0,0.993016,0,0.0,1,383,2,1,0.1429,0.03,GREEN,43,Bengaluru
CLM0039470,BEN_06781,Whitefield,2023-01-15,15,0,0,0,1,1,0,1,1,1,1.0,1.0,0,0.0,0,5,1,17,0.2934,0.1457,GREEN,45,Bengaluru
CLM0039471,BEN_09978,Rajajinagar,2023-08-15,18,0,0,0,0,0,0,0,0,0,0.0,0.072364,0,0.0,0,286,0,1,0.0516,0.0431,GREEN,33,Bengaluru
CLM0039472,BEN_04707,Jayanagar,2020-04-07,19,0,0,0,1,0,0,0,0,0,0.0,0.215876,0,0.0,0,54,4,3,0.727,0.2059,GREEN,31,Bengaluru
CLM0039473,BEN_04337,BTM Layout,2025-07-19,7,0,0,0,0,0,0,0,0,0,1.0,0.081711,0,0.0,0,73,3,0,0.98,0.0468,GREEN,53,Bengaluru
CLM0039474,BEN_04540,Electronic City,2022-07-23,18,0,0,0,0,0,0,0,0,0,0.0,0.221362,0,0.0,0,350,4,6,0.6463,0.0,GREEN,37,Bengaluru
CLM0039475,BEN_05388,Marathahalli,2022-09-01,15,0,0,0,0,0,0,0,0,0,0.0,1.0,0,0.0,0,420,0,7,0.2724,0.0,GREEN,32,Bengaluru
CLM0039476,BEN_01230,Whitefield,2020-02-06,13,0,0,0,0,0,0,0,0,0,0.0,0.322348,0,0.0,0,89,3,2,0.6133,0.0,GREEN,34,Bengaluru
CLM0039477,BEN_06193,Jayanagar,2020-07-25,14,0,0,0,0,0,0,0,0,0,0.0,0.16372,0,0.0,0,119,3,3,0.8414,0.0,GREEN,39,Bengaluru
CLM0039478,BEN_08497,Jayanagar,2023-10-29,17,0,0,0,0,1,0,1,1,0,0.0,1.0,1,1.0,0,8,0,18,0.7144,0.0496,GREEN,35,Bengaluru
CLM0039479,BEN_00156,Whitefield,2020-05-25,20,0,0,0,0,0,1,0,0,0,0.0,0.196953,0,0.0,0,140,1,4,0.8221,0.0887,GREEN,52,Bengaluru
CLM0039480,BEN_09176,Whitefield,2021-05-02,13,0,0,0,1,0,0,0,0,0,0.0,0.379095,0,0.0,0,233,1,0,0.6335,0.2063,GREEN,44,Bengaluru
CLM0039481,BEN_06259,Whitefield,2022-03-30,14,0,0,0,0,1,0,0,1,0,0.0,0.26939,0,0.0,0,299,3,0,0.7718,0.2835,GREEN,47,Bengaluru
CLM0039482,BEN_05884,Whitefield,2025-07-12,17,0,0,0,0,0,0,0,0,0,0.0,0.249002,0,0.0,0,40,3,3,0.521,0.0,GREEN,33,Bengaluru
CLM0039483,BEN_03046,HSR Layout,2018-09-18,12,0,0,0,0,0,0,0,0,0,0.0,0.003783,0,0.0,0,420,4,1,0.8733,0.0,GREEN,48,Bengaluru
CLM0039484,BEN_02839,Yelahanka,2024-11-24,18,0,0,0,0,0,0,0,0,0,0.0,0.114326,0,0.0,0,329,1,4,0.2369,0.0767,GREEN,40,Bengaluru
CLM0039485,BEN_07223,Marathahalli,2024-12-18,19,0,0,0,0,0,0,0,0,0,0.0,0.286072,0,0.0,0,283,0,0,0.98,0.0403,GREEN,29,Bengaluru
CLM0039486,BEN_02540,HSR Layout,2022-11-23,14,0,0,0,0,0,0,0,0,0,0.0,0.20224,0,0.0,0,385,3,0,0.05,0.0125,GREEN,38,Bengaluru
CLM0039487,BEN_07668,Indiranagar,2016-11-13,16,0,0,0,0,1,0,0,1,0,0.0,0.0,0,0.0,0,197,4,2,0.8733,0.1612,GREEN,40,Bengaluru
CLM0039488,BEN_09972,HSR Layout,2017-05-09,14,0,0,0,0,0,0,0,0,0,0.0,0.12447,0,1.0,0,279,4,2,0.6124,0.0099,GREEN,21,Bengaluru
CLM0039489,BEN_09679,Rajajinagar,2022-12-07,18,0,0,0,0,0,0,0,1,0,0.0,0.224886,0,0.0,0,420,0,0,0.7283,0.1064,GREEN,49,Bengaluru
CLM0039490,BEN_00755,Jayanagar,2017-10-13,11,0,0,0,0,0,1,1,1,1,0.0,0.441082,0,1.0,0,5,1,18,0.2581,0.1773,GREEN,37,Bengaluru
CLM0039491,BEN_03120,Koramangala,2025-11-16,13,0,0,0,0,0,0,0,0,0,0.0,0.199109,0,0.0,0,168,3,0,0.5639,0.0385,GREEN,43,Bengaluru
CLM0039492,BEN_06882,HSR Layout,2025-08-15,13,0,0,0,0,0,0,0,0,0,0.0,0.214308,0,1.0,0,226,3,1,0.3826,0.0,GREEN,46,Bengaluru
CLM0039493,BEN_06552,HSR Layout,2025-04-07,11,0,0,0,0,0,0,0,0,0,0.0,0.174423,0,0.0,0,370,1,4,0.9183,0.0107,GREEN,54,Bengaluru
CLM0039494,BEN_02283,Whitefield,2024-10-15,13,0,0,0,0,0,0,0,0,0,0.0,1.0,0,0.0,0,152,3,5,0.7983,0.0705,GREEN,51,Bengaluru
CLM0039495,BEN_00886,BTM Layout,2024-06-12,9,0,0,0,0,0,0,0,0,0,0.0,0.323074,0,0.0,0,71,3,0,0.6452,0.0126,GREEN,47,Bengaluru
CLM0039496,BEN_06179,Marathahalli,2025-02-07,11,0,0,0,1,0,0,0,0,0,0.0,0.27359,0,0.0,0,82,3,0,0.6707,0.1509,GREEN,55,Bengaluru
CLM0039497,BEN_00580,Rajajinagar,2025-03-20,10,0,0,0,0,1,0,1,0,1,0.0,0.206328,0,1.0,1,15,2,18,0.9546,0.209,GREEN,46,Bengaluru
CLM0039498,BEN_01025,BTM Layout,2025-04-19,9,0,0,0,0,0,1,0,0,0,0.0,0.956624,0,0.0,0,321,0,0,0.4403,0.142,GREEN,31,Bengaluru
CLM0039499,BEN_09523,Marathahalli,2025-07-06,14,0,1,1,0,0,0,0,0,0,0.0,0.190984,0,0.0,0,394,1,3,0.6719,0.0432,GREEN,46,Bengaluru
CLM0039500,BEN_08783,Marathahalli,2025-06-04,21,0,0,0,0,0,0,0,0,0,1.0,1.0,0,1.0,0,365,0,4,0.4962,0.1166,GREEN,52,Bengaluru
CLM0039501,BEN_04092,Jayanagar,2024-05-12,16,0,0,0,0,0,1,0,0,0,0.0,0.037986,0,0.0,0,396,2,1,0.98,0.0887,GREEN,38,Bengaluru
CLM0039502,BEN_04513,Indiranagar,2025-12-29,9,0,0,0,0,0,0,0,0,0,1.0,0.237193,0,0.0,0,362,4,3,0.2115,0.0489,GREEN,33,Bengaluru
CLM0039503,BEN_03516,Marathahalli,2025-05-01,16,0,0,0,0,0,0,0,0,0,0.0,0.182924,0,0.0,0,317,3,4,0.7961,0.0,GREEN,31,Bengaluru
CLM0039504,BEN_07371,HSR Layout,2025-05-20,21,0,0,0,0,0,0,0,0,0,0.0,0.31915,0,0.0,0,238,1,1,0.8292,0.0207,GREEN,54,Bengaluru
CLM0039505,BEN_03809,Marathahalli,2024-09-24,13,0,0,0,0,0,0,0,0,0,0.0,0.164638,0,0.0,0,321,2,2,0.98,0.0,GREEN,23,Bengaluru
CLM0039506,BEN_05925,Marathahalli,2025-09-16,13,0,0,0,0,1,0,0,0,0,0.0,0.339468,0,0.0,0,5,3,0,0.9279,0.1469,GREEN,52,Bengaluru
CLM0039507,BEN_02456,HSR Layout,2025-09-11,7,0,0,0,0,0,0,0,0,0,0.0,1.0,0,0.0,0,147,2,0,0.5583,0.0023,GREEN,50,Bengaluru
CLM0039508,BEN_04709,HSR Layout,2025-07-26,15,0,0,0,0,0,0,1,0,0,0.0,0.438682,0,0.0,0,27,0,0,0.6018,0.0405,GREEN,47,Bengaluru
CLM0039509,BEN_04027,Whitefield,2020-03-15,13,0,0,0,0,0,0,0,0,0,0.0,1.0,0,0.0,0,420,2,0,0.8006,0.0,GREEN,22,Bengaluru
CLM0039510,BEN_08695,Koramangala,2020-05-30,20,0,0,0,0,1,0,1,0,1,0.0,1.0,0,1.0,1,21,3,18,0.9577,0.0911,GREEN,44,Bengaluru
CLM0039511,BEN_06830,BTM Layout,2019-01-28,14,0,0,0,0,0,0,0,0,0,0.0,0.218959,0,0.0,0,420,3,3,0.6968,0.0,GREEN,47,Bengaluru
CLM0039512,BEN_09393,Indiranagar,2023-06-27,7,0,0,0,0,0,0,0,0,0,0.0,0.264375,0,0.0,0,409,0,2,0.614,0.0,GREEN,43,Bengaluru
CLM0039513,BEN_05553,BTM Layout,2018-05-12,13,0,0,0,0,0,0,0,0,0,0.0,0.313212,0,0.0,1,207,3,2,0.8658,0.1112,GREEN,45,Bengaluru
CLM0039514,BEN_03794,BTM Layout,2024-01-09,11,0,0,0,0,0,0,0,0,0,0.0,0.35604,0,0.0,0,92,4,2,0.5651,0.0,GREEN,29,Bengaluru
CLM0039515,BEN_01088,Koramangala,2018-12-19,15,0,0,0,0,0,1,0,0,0,0.0,0.0,0,0.0,0,378,1,2,0.6001,0.1698,GREEN,49,Bengaluru
CLM0039516,BEN_05980,Yelahanka,2021-04-11,16,0,0,0,0,1,0,0,0,0,0.0,1.0,0,0.0,0,420,4,3,0.7831,0.064,GREEN,18,Bengaluru
CLM0039517,BEN_06119,BTM Layout,2022-07-15,14,0,0,0,0,0,1,0,0,0,0.0,0.057079,0,0.0,0,419,4,3,0.264,0.1826,GREEN,38,Bengaluru
CLM0039518,BEN_07645,Whitefield,2025-05-26,14,0,0,0,0,0,0,0,1,0,0.0,0.464356,0,1.0,0,383,2,4,0.6676,0.134,GREEN,50,Bengaluru
CLM0039519,BEN_04287,Electronic City,2024-02-18,9,0,0,0,0,0,1,0,0,0,0.0,0.102832,0,0.0,0,374,0,0,0.594,0.1652,GREEN,36,Bengaluru
CLM0039520,BEN_04796,Jayanagar,2025-06-06,20,0,0,0,1,0,0,0,0,0,0.0,0.250663,0,0.0,0,139,0,3,0.05,0.2309,GREEN,47,Bengaluru
CLM0039521,BEN_00003,Yelahanka,2025-03-13,13,0,0,0,0,0,0,0,0,0,0.0,0.402325,0,0.0,0,99,2,2,0.6635,0.2096,GREEN,29,Bengaluru
CLM0039522,BEN_07768,Electronic City,2022-04-03,11,0,0,0,0,0,1,0,0,0,0.0,0.262,0,0.0,0,279,3,0,0.8951,0.0897,GREEN,38,Bengaluru
CLM0039523,BEN_05850,BTM Layout,2025-04-20,15,0,0,0,0,0,1,0,0,0,0.0,0.232414,0,1.0,0,307,1,0,0.98,0.0736,GREEN,45,Bengaluru
CLM0039524,BEN_03198,Yelahanka,2025-12-09,9,0,0,0,0,0,0,0,0,0,1.0,0.206374,0,1.0,0,362,2,3,0.831,0.0305,GREEN,36,Bengaluru
CLM0039525,BEN_07485,Yelahanka,2021-03-08,18,0,0,0,0,0,0,0,0,0,0.0,0.084315,0,0.0,0,32,2,0,0.7545,0.0,GREEN,54,Bengaluru
CLM0039526,BEN_00405,Indiranagar,2023-04-05,15,0,0,0,1,1,0,1,0,1,0.0,0.068139,0,0.0,1,5,0,18,0.8621,0.0,GREEN,31,Bengaluru
CLM0039527,BEN_05434,BTM Layout,2023-03-17,10,0,0,0,0,0,0,0,0,0,0.0,0.237523,1,0.0,0,382,0,1,0.5055,0.1362,GREEN,18,Bengaluru
CLM0039528,BEN_00009,Marathahalli,2023-06-20,12,0,0,0,0,0,1,0,0,0,0.0,0.163592,0,0.0,0,420,0,6,0.7118,0.0394,GREEN,47,Bengaluru
CLM0039529,BEN_08555,HSR Layout,2025-01-06,13,0,1,1,0,0,1,0,0,0,0.0,0.203695,0,0.0,0,118,3,5,0.7805,0.1309,GREEN,35,Bengaluru
CLM0039530,BEN_08580,HSR Layout,2025-04-03,8,0,0,0,0,0,0,0,1,1,0.0,0.104994,0,0.0,0,288,1,9,0.5539,0.2124,GREEN,38,Bengaluru
CLM0039531,BEN_03816,Electronic City,2024-10-15,11,0,0,0,0,0,0,0,0,0,0.0,0.360863,0,0.0,1,12,1,0,0.7163,0.1481,GREEN,43,Bengaluru
CLM0039532,BEN_03979,Yelahanka,2025-10-08,20,0,0,0,0,0,0,0,0,0,0.0,0.306177,0,0.0,0,174,1,0,0.8076,0.0,GREEN,41,Bengaluru
CLM0039533,BEN_04495,Koramangala,2025-10-12,20,0,0,0,0,0,0,0,0,1,0.0,0.907555,0,0.0,0,304,2,1,0.05,0.0567,GREEN,51,Bengaluru
CLM0039534,BEN_03944,Jayanagar,2024-07-04,12,0,0,0,1,1,0,1,1,0,0.0,1.0,1,1.0,1,16,4,18,0.1264,0.0,GREEN,54,Bengaluru
CLM0039535,BEN_06726,BTM Layout,2024-09-23,16,0,0,0,1,0,0,1,1,0,1.0,0.208576,0,0.0,0,350,4,0,0.826,0.3552,YELLOW,48,Bengaluru
CLM0039536,BEN_02252,Yelahanka,2025-07-17,15,0,0,0,0,0,0,0,0,0,0.0,0.980197,0,0.0,0,292,1,5,0.7491,0.0264,GREEN,23,Bengaluru
CLM0039537,BEN_02103,Jayanagar,2025-02-19,13,0,0,0,0,0,0,0,0,0,0.0,1.0,0,0.0,0,133,4,0,0.5793,0.0,GREEN,40,Bengaluru
CLM0039538,BEN_04384,Whitefield,2022-07-09,15,0,0,0,0,0,0,0,0,0,0.0,0.291256,0,0.0,0,6,1,5,0.0507,0.0,GREEN,32,Bengaluru
CLM0039539,BEN_04547,Yelahanka,2019-02-26,8,0,1,1,1,1,0,1,1,0,1.0,0.239965,1,1.0,1,5,2,18,0.1131,0.0,GREEN,56,Bengaluru
CLM0039540,BEN_03474,BTM Layout,2018-07-09,15,0,0,0,0,0,0,0,0,0,0.0,1.0,0,0.0,0,288,3,3,0.3812,0.0,GREEN,52,Bengaluru
CLM0039541,BEN_04650,Whitefield,2024-03-20,17,0,0,0,0,0,0,0,0,0,0.0,0.499419,0,0.0,0,176,0,4,0.7598,0.0879,GREEN,25,Bengaluru
CLM0039542,BEN_01842,Yelahanka,2023-12-09,16,0,0,0,0,0,0,0,0,0,0.0,0.355348,0,0.0,0,420,4,0,0.27,0.0737,GREEN,35,Bengaluru
CLM0039543,BEN_06558,Whitefield,2019-11-21,12,0,0,0,0,0,0,0,0,0,0.0,0.326294,0,0.0,0,420,0,2,0.8688,0.0538,GREEN,44,Bengaluru
CLM0039544,BEN_08810,Jayanagar,2020-04-16,16,0,0,0,0,0,0,0,1,1,0.0,0.286803,0,0.0,0,253,1,0,0.5914,0.1805,GREEN,34,Bengaluru
CLM0039545,BEN_06032,Jayanagar,2020-01-10,12,0,0,0,0,0,0,0,0,0,1.0,0.228974,0,0.0,0,420,3,2,0.5942,0.0824,GREEN,24,Bengaluru
CLM0039546,BEN_03256,Yelahanka,2021-08-15,11,0,0,0,0,0,0,0,0,0,0.0,0.108741,0,0.0,0,108,3,2,0.803,0.0613,GREEN,55,Bengaluru
CLM0039547,BEN_08090,HSR Layout,2015-12-18,15,0,0,0,0,0,0,0,0,0,0.0,0.224662,0,0.0,0,158,3,2,0.8255,0.0049,GREEN,58,Bengaluru
CLM0039548,BEN_05070,Marathahalli,2022-12-28,19,0,0,0,0,0,0,0,0,0,0.0,0.151513,0,0.0,0,420,2,4,0.7175,0.0089,GREEN,43,Bengaluru
CLM0039549,BEN_01103,Electronic City,2025-01-28,16,0,0,0,0,0,0,0,0,0,0.0,0.083245,0,1.0,0,329,3,3,0.9569,0.1179,GREEN,61,Bengaluru
CLM0039550,BEN_00263,BTM Layout,2023-07-20,15,0,0,0,0,0,0,0,0,0,0.0,0.384172,0,0.0,0,88,4,1,0.05,0.0344,GREEN,62,Bengaluru
CLM0039551,BEN_09462,Jayanagar,2020-05-31,15,0,0,0,0,0,0,1,0,0,0.0,1.0,0,0.0,0,374,4,4,0.7886,0.1169,GREEN,51,Bengaluru
CLM0039552,BEN_05530,Jayanagar,2019-11-23,11,0,0,0,0,0,0,0,0,0,0.0,0.012537,0,0.0,0,265,2,8,0.5168,0.0125,GREEN,41,Bengaluru
CLM0039553,BEN_00305,Electronic City,2023-11-23,14,0,1,1,0,0,0,0,0,0,0.0,0.141324,0,0.0,0,361,1,5,0.3996,0.0,GREEN,60,Bengaluru
CLM0039554,BEN_07231,BTM Layout,2016-03-06,19,0,0,0,0,0,0,0,0,0,0.0,0.363896,0,0.0,0,317,0,0,0.8932,0.0863,GREEN,55,Bengaluru
CLM0039555,BEN_07660,BTM Layout,2025-06-26,16,0,0,0,0,0,0,0,0,0,0.0,0.410261,0,0.0,0,420,1,6,0.7327,0.0,GREEN,38,Bengaluru
CLM0039556,BEN_02229,Electronic City,2020-08-21,7,0,0,0,0,0,0,1,0,0,0.0,0.0,0,0.0,0,222,4,4,0.636,0.0259,GREEN,65,Bengaluru
CLM0039557,BEN_09233,Rajajinagar,2019-02-17,11,0,0,0,0,0,0,1,0,0,1.0,0.259084,0,1.0,0,207,4,2,0.8946,0.0698,GREEN,41,Bengaluru
CLM0039558,BEN_05212,Electronic City,2020-10-24,10,0,0,0,0,0,0,0,0,0,0.0,0.217613,0,0.0,0,33,1,4,0.5822,0.2806,GREEN,18,Bengaluru
CLM0039559,BEN_05651,Whitefield,2019-01-30,18,0,0,0,0,0,0,0,0,0,0.0,0.18441,0,1.0,0,95,2,0,0.8884,0.0572,GREEN,31,Bengaluru
CLM0039560,BEN_07290,Marathahalli,2017-12-15,15,0,0,0,0,0,0,0,0,0,0.0,0.121194,0,0.0,0,324,4,3,0.5756,0.0,GREEN,44,Bengaluru
CLM0039561,BEN_07302,Whitefield,2024-01-02,21,0,0,0,0,0,0,0,0,0,0.0,0.222481,0,0.0,0,420,1,2,0.8358,0.0,GREEN,34,Bengaluru
CLM0039562,BEN_08011,Marathahalli,2025-06-19,16,0,0,0,0,0,0,0,1,0,0.0,0.185382,0,0.0,0,398,0,2,0.6554,0.0,GREEN,38,Bengaluru
CLM0039563,BEN_00781,Koramangala,2024-08-14,11,0,0,0,0,0,0,1,0,0,0.0,0.909013,0,0.0,0,30,2,2,0.9771,0.0545,GREEN,45,Bengaluru
CLM0039564,BEN_00300,Jayanagar,2023-08-15,11,0,0,0,0,0,0,0,1,0,0.0,0.301633,0,0.0,0,335,2,1,0.7381,0.1981,GREEN,40,Bengaluru
CLM0039565,BEN_09076,HSR Layout,2024-01-31,17,0,0,0,0,0,0,0,0,0,0.0,0.212125,0,0.0,0,99,1,2,0.5263,0.0,GREEN,55,Bengaluru
CLM0039566,BEN_07192,BTM Layout,2023-08-18,14,0,0,0,0,0,0,0,0,0,0.0,0.282119,0,0.0,1,213,3,5,0.6664,0.0,GREEN,59,Bengaluru
CLM0039567,BEN_05618,HSR Layout,2023-03-15,12,0,0,0,0,0,0,1,0,0,0.0,0.250576,0,0.0,0,247,0,4,0.6279,0.1418,GREEN,18,Bengaluru
CLM0039568,BEN_06477,Koramangala,2024-08-13,10,0,0,0,0,0,0,1,0,0,0.0,0.277393,0,0.0,0,254,1,1,0.5801,0.1787,GREEN,29,Bengaluru
CLM0039569,BEN_02620,Rajajinagar,2025-01-29,14,0,0,0,0,0,0,0,0,0,0.0,0.314452,0,0.0,0,55,4,0,0.6196,0.0,GREEN,45,Bengaluru
CLM0039570,BEN_04721,Jayanagar,2025-05-17,7,0,0,0,0,0,0,0,0,0,0.0,0.0,0,0.0,0,380,4,4,0.6802,0.0,GREEN,23,Bengaluru
CLM0039571,BEN_03010,Electronic City,2024-01-30,21,0,0,0,0,0,0,0,1,0,0.0,0.151776,0,0.0,0,142,2,2,0.2045,0.1163,GREEN,47,Bengaluru
CLM0039572,BEN_05819,Whitefield,2022-01-29,10,0,0,0,0,0,0,0,0,0,0.0,0.237175,0,0.0,0,213,1,3,0.705,0.0,GREEN,39,Bengaluru
CLM0039573,BEN_00685,Electronic City,2021-02-08,9,0,0,0,0,0,0,0,0,0,1.0,1.0,0,1.0,0,420,0,2,0.9186,0.1553,GREEN,42,Bengaluru
CLM0039574,BEN_04018,Koramangala,2020-10-14,19,0,0,0,0,0,0,0,1,0,0.0,0.33304,0,0.0,0,211,0,4,0.4753,0.1071,GREEN,47,Bengaluru
CLM0039575,BEN_00976,HSR Layout,2022-06-15,19,0,0,0,0,0,0,0,0,0,0.0,0.193462,0,0.0,0,420,0,2,0.8344,0.0452,GREEN,32,Bengaluru
CLM0039576,BEN_07947,Koramangala,2024-05-15,17,0,1,1,0,0,0,0,0,0,0.0,0.318216,0,0.0,0,348,1,3,0.8309,0.0531,GREEN,54,Bengaluru
CLM0039577,BEN_07347,Electronic City,2023-07-03,14,0,0,0,0,0,0,0,0,0,1.0,0.959197,0,1.0,0,388,2,3,0.6987,0.0075,GREEN,37,Bengaluru
CLM0039578,BEN_08602,Electronic City,2020-07-05,14,0,0,0,0,0,0,0,0,0,0.0,0.043205,0,0.0,0,420,2,0,0.5925,0.0001,GREEN,61,Bengaluru
CLM0039579,BEN_07929,BTM Layout,2020-10-03,11,0,0,0,0,0,1,0,0,0,1.0,0.118888,0,0.0,0,348,2,2,0.6335,0.1893,GREEN,45,Bengaluru
CLM0039580,BEN_05308,Indiranagar,2023-05-30,7,0,0,0,0,0,0,0,0,0,0.0,0.915455,0,0.0,0,76,1,3,0.3905,0.0,GREEN,42,Bengaluru
CLM0039581,BEN_05108,Yelahanka,2016-06-18,9,0,0,0,0,0,0,0,0,0,0.0,0.221144,1,0.0,0,79,1,0,0.3787,0.062,GREEN,44,Bengaluru
CLM0039582,BEN_00338,BTM Layout,2022-01-10,15,0,0,0,0,0,0,0,0,0,0.0,0.248781,0,0.0,0,420,2,0,0.9062,0.1073,GREEN,51,Bengaluru
CLM0039583,BEN_00904,Rajajinagar,2018-12-23,13,0,0,0,0,1,1,1,1,1,1.0,0.0,0,1.0,1,10,4,18,0.1668,0.0362,GREEN,60,Bengaluru
CLM0039584,BEN_05390,Electronic City,2016-11-19,17,0,0,0,0,0,0,0,0,0,0.0,0.044888,0,0.0,0,344,0,0,0.5424,0.1434,GREEN,48,Bengaluru
CLM0039585,BEN_03786,Jayanagar,2024-04-21,12,0,0,0,0,0,0,0,0,0,0.0,0.04444,0,0.0,0,223,3,4,0.98,0.0296,GREEN,45,Bengaluru
CLM0039586,BEN_05501,Rajajinagar,2020-04-20,7,0,0,0,0,0,0,0,0,0,0.0,0.061827,0,0.0,0,245,0,2,0.7585,0.0,GREEN,54,Bengaluru
CLM0039587,BEN_07476,Whitefield,2021-09-02,11,0,0,0,0,0,0,0,0,0,0.0,0.095925,0,0.0,0,419,0,0,0.98,0.0,GREEN,37,Bengaluru
CLM0039588,BEN_08629,Whitefield,2021-01-19,15,0,0,0,0,0,0,0,0,0,0.0,0.226333,0,0.0,0,193,4,2,0.6099,0.0148,GREEN,37,Bengaluru
CLM0039589,BEN_02741,Electronic City,2019-09-18,21,0,0,0,0,0,0,0,0,0,0.0,0.241836,0,0.0,0,74,4,3,0.9048,0.0381,GREEN,51,Bengaluru
CLM0039590,BEN_03961,Koramangala,2017-12-30,9,0,0,0,0,0,0,0,0,0,0.0,0.416517,0,0.0,0,310,3,0,0.605,0.0,GREEN,51,Bengaluru
CLM0039591,BEN_05927,BTM Layout,2020-09-16,10,0,0,0,0,0,0,0,0,0,0.0,0.331368,0,0.0,0,420,0,5,0.978,0.0,GREEN,43,Bengaluru
CLM0039592,BEN_03740,Marathahalli,2018-07-17,20,0,0,0,0,0,0,0,0,0,0.0,0.39997,0,0.0,0,420,0,1,0.6132,0.0,GREEN,35,Bengaluru
CLM0039593,BEN_09687,Koramangala,2018-04-24,18,0,0,0,0,0,0,0,0,0,0.0,0.036631,0,0.0,0,420,3,0,0.4697,0.0059,GREEN,52,Bengaluru
CLM0039594,BEN_07330,Electronic City,2024-09-01,19,0,0,0,1,0,0,0,0,0,1.0,1.0,0,1.0,0,420,4,2,0.8484,0.2003,GREEN,41,Bengaluru
CLM0039595,BEN_02009,Koramangala,2024-03-17,21,0,0,0,0,0,0,1,1,0,1.0,1.0,1,1.0,0,7,0,18,0.223,0.1803,GREEN,54,Bengaluru
CLM0039596,BEN_08559,Jayanagar,2025-12-08,12,0,0,0,0,0,0,0,0,0,1.0,0.144265,0,0.0,0,93,4,0,0.9685,0.1058,GREEN,40,Bengaluru
CLM0039597,BEN_07134,Electronic City,2023-04-03,9,0,0,0,0,0,0,0,0,0,0.0,0.22583,0,0.0,0,396,1,0,0.4354,0.0111,GREEN,48,Bengaluru
CLM0039598,BEN_02087,Yelahanka,2023-08-15,11,0,0,0,0,0,0,0,0,0,0.0,0.071915,0,0.0,1,226,3,3,0.3219,0.0896,GREEN,43,Bengaluru
CLM0039599,BEN_02689,Electronic City,2022-02-12,17,0,0,0,0,0,0,0,0,0,0.0,0.166041,0,0.0,0,224,2,0,0.5691,0.0,GREEN,30,Bengaluru
CLM0039600,BEN_04148,Yelahanka,2025-01-16,12,0,0,0,0,0,0,0,0,0,1.0,0.397209,0,0.0,0,165,0,3,0.6031,0.1055,GREEN,44,Bengaluru
CLM0039601,BEN_00959,BTM Layout,2022-01-21,18,0,0,0,0,0,0,0,0,0,1.0,0.0,0,1.0,0,214,1,1,0.98,0.0316,GREEN,38,Bengaluru
CLM0039602,BEN_03312,Rajajinagar,2024-09-23,16,0,0,0,0,0,0,0,0,0,0.0,0.429605,0,0.0,0,295,1,3,0.05,0.0,GREEN,56,Bengaluru
CLM0039603,BEN_08275,Jayanagar,2022-11-05,21,0,0,0,0,0,0,0,0,0,0.0,0.137541,0,0.0,0,251,0,3,0.2741,0.0,GREEN,36,Bengaluru
CLM0039604,BEN_06171,Koramangala,2023-09-11,14,0,0,0,1,0,0,0,0,0,0.0,0.385541,0,0.0,0,420,1,0,0.98,0.1593,GREEN,50,Bengaluru
CLM0039605,BEN_02589,Electronic City,2024-07-31,21,0,0,0,0,0,0,0,0,0,0.0,0.194038,0,0.0,0,219,2,5,0.6759,0.1536,GREEN,51,Bengaluru
CLM0039606,BEN_03225,Indiranagar,2025-06-10,18,0,0,0,0,0,1,0,0,0,0.0,0.000769,0,0.0,1,289,1,1,0.2392,0.2556,GREEN,30,Bengaluru
CLM0039607,BEN_00575,Marathahalli,2022-03-02,12,0,0,0,0,0,0,0,0,0,0.0,0.101571,0,0.0,0,161,1,4,0.7644,0.0,GREEN,41,Bengaluru
CLM0039608,BEN_00676,Koramangala,2025-07-27,20,0,1,1,0,0,0,0,0,0,0.0,0.07806,0,0.0,0,293,4,6,0.7332,0.0978,GREEN,37,Bengaluru
CLM0039609,BEN_05312,Rajajinagar,2020-12-12,10,0,0,0,0,0,0,0,0,0,0.0,0.319231,0,0.0,0,155,4,0,0.98,0.0,GREEN,34,Bengaluru
CLM0039610,BEN_09524,HSR Layout,2024-04-17,11,0,0,0,0,0,0,0,0,0,1.0,0.10885,1,0.0,0,190,4,7,0.5448,0.1453,GREEN,37,Bengaluru
CLM0039611,BEN_07703,HSR Layout,2019-09-13,15,0,0,0,0,1,0,0,0,0,0.0,0.350938,0,0.0,0,420,1,2,0.05,0.2072,GREEN,48,Bengaluru
CLM0039612,BEN_00276,Whitefield,2023-01-16,8,0,0,0,0,0,0,0,0,0,1.0,0.24044,0,0.0,0,251,3,1,0.6898,0.2427,GREEN,53,Bengaluru
CLM0039613,BEN_08371,Rajajinagar,2023-01-28,15,0,0,0,0,0,0,0,0,0,0.0,0.245358,0,0.0,1,115,3,6,0.815,0.0,GREEN,53,Bengaluru
CLM0039614,BEN_00301,Jayanagar,2024-12-05,16,0,0,0,0,0,0,0,0,0,0.0,0.099826,0,0.0,0,132,0,0,0.98,0.0662,GREEN,37,Bengaluru
CLM0039615,BEN_04999,BTM Layout,2024-12-29,18,0,1,1,0,0,1,0,0,0,0.0,0.219645,0,0.0,0,385,2,3,0.1667,0.163,GREEN,43,Bengaluru
CLM0039616,BEN_01583,Marathahalli,2024-08-16,10,0,0,0,0,0,0,0,0,0,0.0,0.317929,0,0.0,0,277,3,5,0.9303,0.0,GREEN,33,Bengaluru
CLM0039617,BEN_04961,Electronic City,2025-09-08,9,0,0,0,0,0,0,0,1,0,0.0,0.966041,0,0.0,0,280,0,0,0.98,0.0747,GREEN,30,Bengaluru
CLM0039618,BEN_02126,Jayanagar,2023-07-16,21,0,0,0,0,0,0,0,0,0,0.0,0.0,0,0.0,0,281,3,5,0.8461,0.0,GREEN,36,Bengaluru
CLM0039619,BEN_05710,Electronic City,2025-02-06,11,0,0,0,0,0,0,0,0,0,0.0,0.974991,1,0.0,0,287,2,3,0.5333,0.0787,GREEN,42,Bengaluru
CLM0039620,BEN_05763,BTM Layout,2025-02-27,14,0,0,0,0,0,0,0,0,0,0.0,0.328742,0,0.0,0,99,2,4,0.98,0.0618,GREEN,53,Bengaluru
CLM0039621,BEN_07839,Jayanagar,2024-05-16,17,0,0,0,0,0,0,0,0,0,1.0,0.319095,0,0.0,0,203,0,0,0.7071,0.001,GREEN,45,Bengaluru
CLM0039622,BEN_01396,Yelahanka,2018-04-03,18,0,0,0,0,0,0,0,0,0,0.0,0.230802,0,0.0,0,54,4,0,0.2161,0.0708,GREEN,56,Bengaluru
CLM0039623,BEN_07537,Jayanagar,2023-12-26,12,0,0,0,0,0,0,0,0,0,0.0,0.087258,0,0.0,0,106,3,3,0.9061,0.0236,GREEN,62,Bengaluru
CLM0039624,BEN_08406,Koramangala,2025-01-27,10,0,0,0,0,0,0,0,0,0,0.0,0.338246,0,1.0,1,150,1,3,0.6644,0.042,GREEN,34,Bengaluru
CLM0039625,BEN_07531,Rajajinagar,2025-05-15,15,0,1,1,1,0,0,0,0,0,1.0,0.296111,0,0.0,0,43,1,0,0.219,0.1899,GREEN,58,Bengaluru
CLM0039626,BEN_04008,Marathahalli,2020-04-24,8,0,0,0,0,0,0,0,0,0,1.0,1.0,0,1.0,0,420,1,3,0.6289,0.1158,GREEN,57,Bengaluru
CLM0039627,BEN_02170,Whitefield,2018-11-19,21,0,0,0,0,0,0,0,0,0,0.0,0.0,0,0.0,0,324,0,4,0.2835,0.165,GREEN,42,Bengaluru
CLM0039628,BEN_04119,Marathahalli,2021-09-16,21,0,0,0,0,0,0,0,0,0,0.0,0.423979,0,0.0,0,412,4,3,0.98,0.0,GREEN,45,Bengaluru
CLM0039629,BEN_07769,Jayanagar,2023-04-13,13,0,0,0,0,0,0,0,0,0,0.0,0.345125,1,0.0,0,233,4,2,0.6563,0.0763,GREEN,58,Bengaluru
CLM0039630,BEN_02623,BTM Layout,2018-11-01,11,0,0,0,0,0,0,0,0,0,0.0,0.202595,0,0.0,0,145,4,1,0.2156,0.0,GREEN,30,Bengaluru
CLM0039631,BEN_04485,Indiranagar,2025-09-02,15,0,1,1,0,0,0,0,0,0,0.0,0.327426,0,0.0,0,5,4,3,0.7496,0.0,GREEN,51,Bengaluru
CLM0039632,BEN_08185,Marathahalli,2023-09-05,18,0,0,0,0,0,0,0,0,0,0.0,0.0,0,0.0,0,53,3,3,0.933,0.0403,GREEN,53,Bengaluru
CLM0039633,BEN_01775,Indiranagar,2025-09-05,13,0,0,0,0,0,0,0,0,0,0.0,0.260461,0,0.0,1,419,3,2,0.9501,0.0,GREEN,55,Bengaluru
CLM0039634,BEN_07323,Rajajinagar,2024-04-09,20,0,0,0,0,0,0,0,0,0,0.0,0.181248,0,1.0,0,71,4,1,0.98,0.0506,GREEN,31,Bengaluru
CLM0039635,BEN_07591,HSR Layout,2020-02-26,15,0,0,0,0,0,0,0,0,0,0.0,0.247099,0,0.0,0,279,3,1,0.7884,0.0022,GREEN,54,Bengaluru
CLM0039636,BEN_03805,BTM Layout,2023-01-21,13,0,0,0,0,0,0,0,0,0,0.0,0.277751,0,0.0,0,417,3,3,0.8523,0.0628,GREEN,45,Bengaluru
CLM0039637,BEN_07260,Yelahanka,2020-06-24,20,0,0,0,0,0,0,0,0,0,0.0,0.236123,0,0.0,0,373,3,6,0.5844,0.0997,GREEN,28,Bengaluru
CLM0039638,BEN_09924,Rajajinagar,2023-04-01,15,0,0,0,0,0,0,0,0,0,0.0,0.068442,0,0.0,0,179,4,0,0.8351,0.0601,GREEN,60,Bengaluru
CLM0039639,BEN_05924,Electronic City,2021-06-23,18,0,0,0,0,0,0,0,0,0,0.0,0.316753,0,0.0,0,153,2,5,0.736,0.0164,GREEN,41,Bengaluru
CLM0039640,BEN_09935,Whitefield,2019-04-09,19,0,0,0,0,0,0,0,0,0,0.0,0.266729,0,0.0,0,159,4,0,0.6945,0.0,GREEN,34,Bengaluru
CLM0039641,BEN_04159,Marathahalli,2023-04-19,9,0,0,0,0,0,0,0,1,0,0.0,0.114971,0,0.0,0,286,2,0,0.7878,0.092,GREEN,43,Bengaluru
CLM0039642,BEN_09185,Jayanagar,2025-06-29,10,0,0,0,0,0,0,0,0,0,0.0,0.484692,0,0.0,0,30,1,1,0.1641,0.0,GREEN,41,Bengaluru
CLM0039643,BEN_04263,Marathahalli,2023-08-30,19,0,0,0,1,0,0,0,0,0,0.0,0.998186,0,0.0,0,55,2,5,0.7356,0.066,GREEN,41,Bengaluru
CLM0039644,BEN_01143,Indiranagar,2023-08-02,16,0,0,0,0,0,0,0,0,0,0.0,0.045758,0,0.0,0,42,0,0,0.4107,0.0105,GREEN,37,Bengaluru
CLM0039645,BEN_02907,Rajajinagar,2020-04-25,9,0,0,0,0,0,0,0,0,0,0.0,0.411351,0,1.0,0,420,3,0,0.98,0.0,GREEN,33,Bengaluru
CLM0039646,BEN_09016,Indiranagar,2024-08-12,11,0,0,0,0,0,1,0,0,0,0.0,0.315959,0,0.0,0,364,2,3,0.7042,0.0688,GREEN,37,Bengaluru
CLM0039647,BEN_06574,Indiranagar,2015-06-18,20,0,0,0,0,0,0,1,0,0,0.0,0.361212,0,0.0,0,420,3,4,0.7432,0.0077,GREEN,51,Bengaluru
CLM0039648,BEN_00307,Whitefield,2018-06-08,21,0,0,0,0,0,0,0,0,0,0.0,0.363018,0,0.0,0,271,2,5,0.7446,0.044,GREEN,48,Bengaluru
CLM0039649,BEN_06601,Jayanagar,2023-07-22,11,0,1,1,1,0,0,1,1,1,1.0,0.249001,1,1.0,1,5,4,18,0.1123,0.074,GREEN,35,Bengaluru
CLM0039650,BEN_07328,BTM Layout,2023-11-24,17,0,0,0,0,0,1,0,0,0,0.0,0.0,0,0.0,0,420,3,0,0.8377,0.0445,GREEN,40,Bengaluru
CLM0039651,BEN_03024,Koramangala,2022-01-29,16,0,0,0,0,0,0,0,0,0,0.0,0.312979,0,0.0,0,143,2,3,0.973,0.2447,GREEN,44,Bengaluru
CLM0039652,BEN_05297,HSR Layout,2020-03-12,18,0,0,0,0,0,1,0,1,0,0.0,0.250798,0,1.0,0,105,2,5,0.8575,0.1852,GREEN,44,Bengaluru
CLM0039653,BEN_04266,BTM Layout,2020-07-17,12,0,0,0,0,0,0,0,0,0,0.0,0.245942,0,0.0,0,420,2,1,0.7882,0.0168,GREEN,49,Bengaluru
CLM0039654,BEN_02999,Whitefield,2019-03-29,11,0,0,0,0,0,0,0,0,0,0.0,0.282948,0,0.0,0,251,2,4,0.0758,0.0,GREEN,50,Bengaluru
CLM0039655,BEN_02269,Indiranagar,2024-04-13,20,0,0,0,0,0,0,0,0,0,0.0,0.046309,0,0.0,0,52,1,5,0.8192,0.0,GREEN,46,Bengaluru
CLM0039656,BEN_00767,Rajajinagar,2018-04-26,15,0,0,0,0,1,0,0,0,0,0.0,1.0,0,0.0,0,65,0,0,0.8389,0.2341,GREEN,39,Bengaluru
CLM0039657,BEN_03303,Whitefield,2024-02-22,9,0,0,0,0,1,0,0,0,0,0.0,0.351636,1,0.0,0,157,3,4,0.7642,0.2283,GREEN,35,Bengaluru
CLM0039658,BEN_00413,Marathahalli,2018-08-25,12,0,0,0,0,0,0,0,0,0,0.0,0.304641,0,0.0,0,45,1,1,0.7289,0.0,GREEN,40,Bengaluru
CLM0039659,BEN_02898,Whitefield,2024-11-23,7,0,1,1,0,0,0,1,0,0,0.0,1.0,0,0.0,0,219,2,7,0.8643,0.1233,GREEN,51,Bengaluru
CLM0039660,BEN_02690,Yelahanka,2024-06-08,11,0,0,0,0,0,0,0,0,0,0.0,0.084788,0,1.0,0,325,3,2,0.7776,0.0,GREEN,42,Bengaluru
CLM0039661,BEN_02831,Rajajinagar,2019-11-13,13,0,1,1,0,0,0,0,0,0,0.0,0.170148,0,0.0,0,211,1,2,0.2356,0.0,GREEN,50,Bengaluru
CLM0039662,BEN_07666,Koramangala,2023-05-15,13,0,0,0,0,0,0,0,0,0,0.0,0.392531,1,0.0,0,88,4,4,0.98,0.0773,GREEN,42,Bengaluru
CLM0039663,BEN_01977,Rajajinagar,2020-04-09,7,0,0,0,0,0,0,0,0,0,1.0,0.0,0,0.0,0,126,3,5,0.9028,0.1231,GREEN,33,Bengaluru
CLM0039664,BEN_03528,Koramangala,2025-06-30,20,0,0,0,0,0,0,0,0,0,0.0,0.251603,0,0.0,0,304,1,2,0.977,0.0514,GREEN,64,Bengaluru
CLM0039665,BEN_06739,Indiranagar,2025-10-17,12,0,0,0,0,0,0,0,0,1,0.0,0.251112,0,0.0,0,183,2,2,0.9245,0.1063,GREEN,44,Bengaluru
CLM0039666,BEN_09830,Jayanagar,2021-06-30,16,0,0,0,0,0,0,0,0,1,0.0,0.070368,0,0.0,0,420,1,0,0.9381,0.2718,GREEN,45,Bengaluru
CLM0039667,BEN_03914,Jayanagar,2024-05-05,16,0,0,0,0,0,0,0,0,0,0.0,0.128982,0,0.0,1,127,2,5,0.7392,0.1123,GREEN,27,Bengaluru
CLM0039668,BEN_08111,Yelahanka,2025-10-29,11,0,0,0,0,0,1,0,0,0,0.0,0.377356,0,0.0,0,54,4,0,0.05,0.1514,GREEN,45,Bengaluru
CLM0039669,BEN_01905,Indiranagar,2022-10-09,19,0,0,0,0,0,0,0,0,0,0.0,0.160192,0,0.0,0,231,2,2,0.9288,0.0,GREEN,49,Bengaluru
CLM0039670,BEN_08940,Koramangala,2021-04-22,20,0,0,0,1,0,0,0,0,0,0.0,0.061057,0,0.0,0,340,2,6,0.6483,0.0813,GREEN,51,Bengaluru
CLM0039671,BEN_05270,Marathahalli,2021-06-22,18,0,0,0,0,0,0,0,0,0,0.0,0.326505,0,0.0,0,420,3,5,0.6667,0.0,GREEN,46,Bengaluru
CLM0039672,BEN_01849,Yelahanka,2021-10-09,11,0,0,0,1,0,1,1,1,0,0.0,0.215738,0,0.0,0,5,2,18,0.9108,0.0,GREEN,33,Bengaluru
CLM0039673,BEN_01746,Indiranagar,2022-12-05,14,0,0,0,0,0,1,0,0,0,0.0,0.253419,0,0.0,0,56,3,4,0.8797,0.1911,GREEN,55,Bengaluru
CLM0039674,BEN_08302,Indiranagar,2021-04-15,16,0,0,0,0,0,0,0,0,0,0.0,0.301154,0,1.0,0,381,2,6,0.05,0.0,GREEN,58,Bengaluru
CLM0039675,BEN_00084,Jayanagar,2021-09-06,19,0,0,0,1,0,0,0,0,0,0.0,0.376272,0,0.0,0,420,4,3,0.7153,0.1045,GREEN,52,Bengaluru
CLM0039676,BEN_01486,Electronic City,2024-06-18,16,0,0,0,0,0,0,0,0,0,1.0,1.0,0,0.0,0,313,1,1,0.8243,0.0,GREEN,47,Bengaluru
CLM0039677,BEN_03683,Koramangala,2021-08-10,17,0,0,0,0,0,0,1,0,0,0.0,1.0,0,0.0,0,241,2,2,0.893,0.108,GREEN,50,Bengaluru
CLM0039678,BEN_00131,Electronic City,2024-04-14,13,0,0,0,1,0,0,1,0,0,0.0,0.06927,0,1.0,0,162,4,0,0.8911,0.2168,GREEN,44,Bengaluru
CLM0039679,BEN_05690,BTM Layout,2022-07-10,19,0,1,1,0,0,1,0,0,0,0.0,0.355881,0,0.0,0,71,1,3,0.8738,0.139,GREEN,49,Bengaluru
CLM0039680,BEN_06758,Marathahalli,2023-05-11,11,0,0,0,0,0,0,0,0,0,0.0,0.293093,0,1.0,0,383,2,0,0.5705,0.0044,GREEN,65,Bengaluru
CLM0039681,BEN_05391,Koramangala,2025-08-23,21,0,0,0,0,0,0,0,0,0,0.0,1.0,0,0.0,0,18,4,2,0.8639,0.0,GREEN,60,Bengaluru
CLM0039682,BEN_01179,Whitefield,2023-03-05,8,0,0,0,0,0,0,0,0,0,0.0,0.148706,0,0.0,0,130,3,3,0.7371,0.0298,GREEN,26,Bengaluru
CLM0039683,BEN_08358,Yelahanka,2024-04-19,10,0,0,0,0,0,0,0,0,0,0.0,0.188823,0,0.0,0,96,0,2,0.7339,0.0,GREEN,35,Bengaluru
CLM0039684,BEN_00020,Rajajinagar,2018-04-19,16,0,0,0,0,0,0,0,0,0,0.0,0.16115,0,0.0,0,339,4,6,0.98,0.0055,GREEN,60,Bengaluru
CLM0039685,BEN_02701,Koramangala,2017-05-22,10,0,0,0,0,0,0,0,1,0,0.0,0.331812,0,0.0,1,420,3,0,0.6444,0.147,GREEN,38,Bengaluru
CLM0039686,BEN_06800,Marathahalli,2024-08-04,10,0,0,0,0,0,0,0,1,0,0.0,0.22755,0,0.0,0,334,0,2,0.5195,0.1008,GREEN,46,Bengaluru
CLM0039687,BEN_01453,Marathahalli,2023-12-30,11,0,0,0,0,0,0,0,0,0,0.0,0.456655,0,0.0,0,407,2,5,0.5294,0.0,GREEN,59,Bengaluru
CLM0039688,BEN_01232,Whitefield,2017-01-13,9,0,0,0,0,0,0,0,0,0,0.0,0.102369,0,0.0,0,330,4,0,0.6695,0.0592,GREEN,45,Bengaluru
CLM0039689,BEN_06731,Indiranagar,2022-06-16,13,0,0,0,0,0,0,0,0,0,0.0,0.381762,0,0.0,1,34,4,5,0.8053,0.1102,GREEN,45,Bengaluru
CLM0039690,BEN_03475,Jayanagar,2018-11-26,14,0,0,0,0,0,0,0,0,0,0.0,0.116674,0,0.0,0,194,4,0,0.9756,0.0,GREEN,53,Bengaluru
CLM0039691,BEN_06371,Jayanagar,2020-06-01,14,0,0,0,0,0,0,0,0,0,0.0,0.125766,0,0.0,0,62,2,1,0.8524,0.0605,GREEN,36,Bengaluru
CLM0039692,BEN_03937,Jayanagar,2022-07-13,14,0,0,0,0,0,0,0,0,0,0.0,0.237794,0,0.0,0,344,1,5,0.2367,0.0,GREEN,47,Bengaluru
CLM0039693,BEN_07411,Indiranagar,2015-11-06,18,0,0,0,0,0,0,0,0,0,0.0,0.400491,1,0.0,0,320,4,0,0.9556,0.057,GREEN,36,Bengaluru
CLM0039694,BEN_06436,Indiranagar,2025-08-09,21,0,0,0,0,0,0,0,0,0,0.0,0.400344,0,0.0,0,345,2,5,0.9048,0.0203,GREEN,44,Bengaluru
CLM0039695,BEN_08623,Marathahalli,2018-12-29,14,0,0,0,0,0,0,0,0,0,1.0,0.0,0,0.0,0,420,0,2,0.98,0.0235,GREEN,42,Bengaluru
CLM0039696,BEN_01270,Koramangala,2025-03-30,15,0,0,0,0,0,0,0,0,1,0.0,0.239758,0,0.0,0,357,1,3,0.6972,0.109,GREEN,49,Bengaluru
CLM0039697,BEN_00305,Electronic City,2019-06-17,17,0,0,0,0,1,0,0,0,0,0.0,0.397923,0,0.0,0,346,2,5,0.9462,0.0466,GREEN,60,Bengaluru
CLM0039698,BEN_08423,HSR Layout,2020-10-01,16,0,0,0,0,0,0,0,0,1,0.0,0.315364,0,0.0,0,413,4,0,0.7522,0.0527,GREEN,34,Bengaluru
CLM0039699,BEN_03012,Koramangala,2023-06-16,15,0,0,0,0,1,0,0,0,0,0.0,0.271683,0,0.0,0,91,1,4,0.5493,0.1516,GREEN,45,Bengaluru
CLM0039700,BEN_08773,Koramangala,2025-09-07,11,0,1,1,1,0,0,0,0,0,0.0,0.936098,0,0.0,0,140,4,5,0.5942,0.1789,GREEN,47,Bengaluru
CLM0039701,BEN_08482,Jayanagar,2024-12-04,18,0,0,0,0,0,0,0,0,0,0.0,0.13678,0,0.0,0,321,3,8,0.1611,0.0648,GREEN,23,Bengaluru
CLM0039702,BEN_07695,Electronic City,2023-04-02,13,0,0,0,0,0,0,0,0,0,0.0,0.105645,0,0.0,0,139,2,7,0.98,0.1267,GREEN,38,Bengaluru
CLM0039703,BEN_04142,BTM Layout,2021-10-04,7,0,0,0,0,0,1,0,0,1,0.0,0.080482,0,0.0,0,420,4,2,0.7106,0.2046,GREEN,31,Bengaluru
CLM0039704,BEN_02094,Jayanagar,2025-09-27,16,0,1,1,0,0,0,0,0,0,0.0,0.297621,0,0.0,0,333,4,0,0.7049,0.0,GREEN,43,Bengaluru
CLM0039705,BEN_07318,Rajajinagar,2019-06-21,12,0,0,0,0,0,0,0,0,0,0.0,0.038418,0,1.0,0,183,3,4,0.5907,0.0,GREEN,47,Bengaluru
CLM0039706,BEN_04507,Electronic City,2024-03-10,17,0,0,0,0,0,0,0,0,0,0.0,1.0,0,0.0,0,322,4,2,0.7551,0.0,GREEN,36,Bengaluru
CLM0039707,BEN_09752,Yelahanka,2025-09-27,7,0,0,0,0,0,0,0,0,0,0.0,0.320729,0,0.0,0,5,2,1,0.1349,0.0281,GREEN,33,Bengaluru
CLM0039708,BEN_00820,HSR Layout,2025-09-22,7,0,0,0,0,0,0,0,0,0,1.0,1.0,0,0.0,0,420,4,0,0.157,0.0329,GREEN,26,Bengaluru
CLM0039709,BEN_01985,Indiranagar,2023-08-01,17,0,0,0,0,0,0,0,0,0,0.0,0.126154,0,0.0,0,420,1,0,0.2808,0.0,GREEN,47,Bengaluru
CLM0039710,BEN_00786,Yelahanka,2022-05-29,12,0,0,0,0,0,0,0,0,0,0.0,0.341533,0,0.0,0,75,1,4,0.05,0.0,GREEN,40,Bengaluru
CLM0039711,BEN_03881,Jayanagar,2021-10-30,18,0,0,0,0,0,0,1,0,0,0.0,0.133851,0,0.0,0,299,2,0,0.6676,0.0668,GREEN,30,Bengaluru
CLM0039712,BEN_07451,Rajajinagar,2025-08-28,17,0,0,0,0,0,0,1,0,0,0.0,0.4061,0,0.0,1,420,1,3,0.0939,0.1679,GREEN,33,Bengaluru
CLM0039713,BEN_06036,Koramangala,2025-08-06,18,0,0,0,0,0,0,0,1,0,0.0,0.251779,0,0.0,0,139,0,3,0.6452,0.0728,GREEN,32,Bengaluru
CLM0039714,BEN_05373,Yelahanka,2023-02-10,17,0,0,0,0,0,0,0,0,0,0.0,0.225684,1,0.0,0,318,1,0,0.4403,0.1692,GREEN,47,Bengaluru
CLM0039715,BEN_08544,Koramangala,2025-02-01,14,0,0,0,0,1,0,0,0,0,0.0,0.244678,1,0.0,0,23,1,18,0.8429,0.066,GREEN,47,Bengaluru
CLM0039716,BEN_06571,Rajajinagar,2021-07-22,12,0,0,0,0,0,0,0,0,0,0.0,0.103801,0,0.0,0,190,2,0,0.5536,0.0058,GREEN,44,Bengaluru
CLM0039717,BEN_08276,Indiranagar,2025-12-26,10,0,0,0,1,0,0,0,0,0,0.0,0.069219,0,0.0,0,254,3,0,0.5766,0.1864,GREEN,43,Bengaluru
CLM0039718,BEN_03480,Jayanagar,2025-03-10,8,0,0,0,1,0,1,1,0,0,0.0,0.040338,0,0.0,0,6,2,15,0.98,0.0548,GREEN,46,Bengaluru
CLM0039719,BEN_01570,Rajajinagar,2020-12-18,8,0,0,0,1,0,0,0,0,0,1.0,1.0,0,1.0,0,332,3,0,0.6487,0.2317,GREEN,55,Bengaluru
CLM0039720,BEN_09812,Whitefield,2023-05-07,18,0,1,1,1,0,0,1,1,0,0.0,1.0,0,1.0,1,5,1,10,0.6704,0.5547,YELLOW,47,Bengaluru
CLM0039721,BEN_01685,HSR Layout,2022-07-20,10,0,1,1,1,0,1,1,0,1,0.0,0.221983,1,0.0,1,35,0,18,0.3231,0.6355,RED,42,Bengaluru
CLM0039722,BEN_02356,Whitefield,2023-12-13,9,0,1,1,0,0,1,1,1,0,0.0,0.066998,0,0.0,1,5,2,18,0.78,0.5452,YELLOW,46,Bengaluru
CLM0039723,BEN_08072,Whitefield,2025-02-16,11,0,1,1,0,0,1,1,0,1,1.0,0.701674,1,1.0,0,5,1,18,0.4631,0.6991,RED,47,Bengaluru
CLM0039724,BEN_05743,Koramangala,2024-04-03,12,0,0,0,0,0,0,0,0,0,0.0,0.902692,0,0.0,0,262,4,2,0.98,0.0,GREEN,57,Bengaluru
CLM0039725,BEN_05686,Marathahalli,2025-06-20,12,0,0,0,0,0,0,0,0,0,0.0,0.321139,0,1.0,0,403,4,2,0.98,0.0,GREEN,60,Bengaluru
CLM0039726,BEN_04380,Electronic City,2020-08-10,20,0,0,0,0,0,0,0,0,0,0.0,0.056293,0,0.0,0,163,1,2,0.9005,0.0562,GREEN,38,Bengaluru
CLM0039727,BEN_08165,Whitefield,2020-10-12,18,0,0,0,0,0,0,0,0,0,0.0,0.349037,0,0.0,0,380,3,2,0.8342,0.0105,GREEN,63,Bengaluru
CLM0039728,BEN_06431,Indiranagar,2021-12-19,20,0,0,0,0,0,1,0,0,0,0.0,0.359058,0,0.0,0,55,0,3,0.975,0.0613,GREEN,45,Bengaluru
CLM0039729,BEN_09000,BTM Layout,2021-02-10,11,0,0,0,0,0,0,0,0,0,0.0,0.370037,0,0.0,0,278,4,1,0.7831,0.0,GREEN,55,Bengaluru
CLM0039730,BEN_09593,Koramangala,2022-02-12,20,0,0,0,0,0,0,1,0,0,1.0,1.0,0,1.0,0,206,0,3,0.98,0.0565,GREEN,43,Bengaluru
CLM0039731,BEN_05790,Electronic City,2020-12-11,9,0,1,1,0,0,0,0,1,0,0.0,0.0,0,0.0,0,194,1,4,0.7621,0.1137,GREEN,61,Bengaluru
CLM0039732,BEN_04197,Whitefield,2019-09-15,19,0,0,0,0,0,0,0,0,0,0.0,0.259083,0,0.0,0,275,2,3,0.7412,0.0474,GREEN,41,Bengaluru
CLM0039733,BEN_00373,Rajajinagar,2022-11-05,21,0,0,0,0,0,0,0,0,0,0.0,0.265532,0,0.0,0,169,3,1,0.5087,0.0,GREEN,49,Bengaluru
CLM0039734,BEN_05187,Electronic City,2020-02-04,18,0,0,0,0,0,0,1,0,0,0.0,0.10213,0,0.0,0,253,0,4,0.4724,0.0371,GREEN,57,Bengaluru
CLM0039735,BEN_04573,Indiranagar,2023-07-25,9,0,0,0,0,0,0,0,0,0,0.0,0.122953,0,0.0,0,420,4,0,0.6729,0.0,GREEN,25,Bengaluru
CLM0039736,BEN_01614,Rajajinagar,2020-08-14,11,0,0,0,0,0,0,0,0,0,0.0,0.25891,0,0.0,0,420,0,5,0.9267,0.0,GREEN,72,Bengaluru
CLM0039737,BEN_04146,HSR Layout,2023-06-23,13,0,0,0,0,0,0,0,0,0,0.0,0.0,1,0.0,0,350,2,0,0.98,0.0,GREEN,56,Bengaluru
CLM0039738,BEN_06702,Electronic City,2016-05-19,10,0,0,0,0,0,0,0,0,0,0.0,0.351342,0,0.0,1,39,2,2,0.4237,0.049,GREEN,57,Bengaluru
CLM0039739,BEN_09578,Whitefield,2018-03-08,15,0,0,0,0,0,0,0,0,0,1.0,0.28415,1,0.0,0,301,3,0,0.684,0.143,GREEN,42,Bengaluru
CLM0039740,BEN_00801,Electronic City,2018-09-09,12,0,0,0,0,1,0,0,0,0,0.0,0.174643,0,1.0,0,380,1,4,0.928,0.0983,GREEN,44,Bengaluru
CLM0039741,BEN_05950,Koramangala,2024-05-26,15,0,0,0,0,0,0,0,0,0,0.0,0.364119,0,0.0,0,182,4,3,0.7765,0.1218,GREEN,47,Bengaluru
CLM0039742,BEN_06853,Whitefield,2017-09-24,10,0,0,0,1,1,1,0,0,0,0.0,0.309738,0,0.0,0,420,1,5,0.4837,0.3329,YELLOW,35,Bengaluru
CLM0039743,BEN_00572,Yelahanka,2023-01-05,19,0,0,0,0,0,1,0,0,0,0.0,0.220219,0,0.0,0,420,1,0,0.7283,0.0706,GREEN,33,Bengaluru
CLM0039744,BEN_04696,BTM Layout,2022-08-05,14,0,0,0,0,0,0,0,0,0,0.0,0.453032,0,0.0,0,119,4,1,0.7784,0.0,GREEN,52,Bengaluru
CLM0039745,BEN_08219,Rajajinagar,2025-12-28,19,0,0,0,0,0,0,0,0,0,0.0,0.130197,0,0.0,0,174,1,1,0.6842,0.0551,GREEN,53,Bengaluru
CLM0039746,BEN_05772,Yelahanka,2021-08-21,14,0,0,0,0,0,0,0,0,0,0.0,0.38898,0,0.0,0,202,1,7,0.8071,0.012,GREEN,31,Bengaluru
CLM0039747,BEN_01010,Rajajinagar,2022-09-06,7,0,0,0,0,0,0,0,0,0,0.0,0.070167,0,0.0,0,391,1,2,0.5515,0.0,GREEN,48,Bengaluru
CLM0039748,BEN_04891,HSR Layout,2024-11-29,7,0,0,0,0,0,0,0,0,0,0.0,0.195625,0,0.0,0,347,1,3,0.6882,0.0,GREEN,50,Bengaluru
CLM0039749,BEN_05856,Rajajinagar,2022-08-22,17,0,0,0,0,0,0,0,0,0,0.0,0.104555,0,0.0,0,392,2,0,0.5716,0.0,GREEN,60,Bengaluru
CLM0039750,BEN_00653,HSR Layout,2022-08-28,8,0,0,0,0,0,0,0,0,0,0.0,1.0,0,0.0,0,311,2,2,0.2291,0.0,GREEN,35,Bengaluru
CLM0039751,BEN_07722,Koramangala,2025-10-10,12,0,0,0,0,0,0,0,0,0,0.0,0.345468,0,0.0,0,46,4,0,0.05,0.0,GREEN,47,Bengaluru
CLM0039752,BEN_04216,Rajajinagar,2025-08-06,18,0,0,0,0,0,0,0,0,0,0.0,0.220374,0,0.0,0,102,4,2,0.7802,0.0,GREEN,47,Bengaluru
CLM0039753,BEN_02028,Yelahanka,2022-01-10,12,0,0,0,0,0,0,1,1,0,0.0,0.183954,0,0.0,0,40,3,0,0.7248,0.1597,GREEN,47,Bengaluru
CLM0039754,BEN_08168,BTM Layout,2025-10-08,10,0,0,0,0,0,1,0,0,0,0.0,0.229514,0,0.0,0,420,3,1,0.7819,0.0,GREEN,39,Bengaluru
CLM0039755,BEN_06576,Marathahalli,2025-08-10,13,0,0,0,0,0,0,0,0,0,0.0,0.013849,0,0.0,0,93,3,0,0.789,0.0548,GREEN,47,Bengaluru
CLM0039756,BEN_05890,HSR Layout,2021-09-02,7,0,0,0,0,0,0,0,0,1,0.0,0.138226,0,0.0,0,420,3,4,0.9585,0.0748,GREEN,35,Bengaluru
CLM0039757,BEN_01485,Rajajinagar,2021-10-04,12,0,0,0,0,0,0,0,0,0,0.0,0.240236,0,0.0,0,420,3,4,0.6898,0.0,GREEN,45,Bengaluru
CLM0039758,BEN_03752,Marathahalli,2018-04-07,21,0,0,0,0,0,0,0,0,0,0.0,0.427207,0,0.0,0,405,4,4,0.582,0.0,GREEN,50,Bengaluru
CLM0039759,BEN_06963,Yelahanka,2020-03-05,14,0,0,0,0,0,0,0,0,0,0.0,0.386611,0,0.0,0,420,4,2,0.5365,0.0,GREEN,33,Bengaluru
CLM0039760,BEN_05391,Koramangala,2022-05-09,16,0,1,1,0,0,0,0,0,1,0.0,1.0,0,0.0,0,125,2,1,0.5175,0.1624,GREEN,60,Bengaluru
CLM0039761,BEN_03347,Jayanagar,2020-06-26,17,0,0,0,1,0,0,0,0,0,0.0,0.335781,0,0.0,0,420,4,0,0.775,0.1553,GREEN,58,Bengaluru
CLM0039762,BEN_04359,Jayanagar,2025-02-21,7,0,0,0,0,0,0,0,1,0,0.0,0.30068,0,0.0,0,26,2,4,0.8211,0.1989,GREEN,48,Bengaluru
CLM0039763,BEN_04684,Electronic City,2020-06-26,18,0,0,0,0,0,0,0,0,0,0.0,0.041734,0,0.0,0,376,0,3,0.7755,0.0,GREEN,50,Bengaluru
CLM0039764,BEN_06725,Indiranagar,2025-11-11,16,0,0,0,0,0,0,0,0,0,0.0,0.063675,0,0.0,0,219,4,5,0.5866,0.0,GREEN,51,Bengaluru
CLM0039765,BEN_08481,Koramangala,2025-12-09,11,0,0,0,0,0,0,0,0,0,0.0,0.242635,0,0.0,0,420,0,0,0.98,0.1001,GREEN,45,Bengaluru
CLM0039766,BEN_09698,Jayanagar,2025-12-26,20,0,0,0,0,0,0,1,0,0,0.0,0.172968,0,0.0,0,207,0,2,0.7106,0.0907,GREEN,28,Bengaluru
CLM0039767,BEN_07147,Indiranagar,2023-08-11,7,0,0,0,0,0,0,0,0,0,0.0,0.34626,0,0.0,0,142,1,5,0.542,0.0429,GREEN,53,Bengaluru
CLM0039768,BEN_02019,Electronic City,2024-06-26,21,0,1,1,0,0,0,0,0,0,1.0,0.100797,0,0.0,0,407,0,1,0.7624,0.0271,GREEN,25,Bengaluru
CLM0039769,BEN_04484,Koramangala,2022-11-18,15,0,0,0,0,0,1,0,0,0,0.0,0.986121,0,1.0,0,189,4,0,0.9782,0.0542,GREEN,33,Bengaluru
CLM0039770,BEN_07227,Electronic City,2025-09-09,18,0,1,1,0,0,0,1,0,0,0.0,0.071806,0,0.0,0,90,1,1,0.05,0.0206,GREEN,41,Bengaluru
CLM0039771,BEN_01721,Marathahalli,2025-10-19,14,0,0,0,0,1,0,0,1,0,0.0,0.34145,0,0.0,0,161,1,2,0.8039,0.2462,GREEN,41,Bengaluru
CLM0039772,BEN_03585,Marathahalli,2025-07-05,11,0,0,0,0,0,0,0,0,0,1.0,1.0,0,1.0,0,214,1,4,0.8369,0.0,GREEN,38,Bengaluru
CLM0039773,BEN_03785,Jayanagar,2025-06-28,14,0,0,0,1,0,0,0,0,0,0.0,0.16143,0,0.0,0,63,2,4,0.6107,0.2332,GREEN,65,Bengaluru
CLM0039774,BEN_09618,BTM Layout,2023-11-30,7,0,0,0,0,0,0,0,0,0,0.0,0.0,0,0.0,0,387,3,5,0.1459,0.0017,GREEN,39,Bengaluru
CLM0039775,BEN_03387,Rajajinagar,2023-03-10,18,0,0,0,1,0,1,1,0,1,0.0,0.133906,0,0.0,0,6,3,18,0.7939,0.2467,GREEN,48,Bengaluru
CLM0039776,BEN_04064,Jayanagar,2021-07-17,7,0,0,0,0,0,1,0,0,0,0.0,0.0,0,1.0,0,360,4,1,0.1108,0.0797,GREEN,58,Bengaluru
CLM0039777,BEN_01904,Marathahalli,2021-06-20,9,0,0,0,0,0,0,0,0,0,1.0,0.995828,0,1.0,0,399,0,2,0.6476,0.0271,GREEN,48,Bengaluru
CLM0039778,BEN_07709,Jayanagar,2024-04-23,7,0,0,0,0,0,1,0,0,0,0.0,0.2602,0,0.0,0,268,1,4,0.5854,0.1256,GREEN,49,Bengaluru
CLM0039779,BEN_08267,Whitefield,2022-01-03,7,0,0,0,0,0,0,0,0,0,1.0,0.0,0,0.0,0,5,1,1,0.8661,0.0833,GREEN,34,Bengaluru
CLM0039780,BEN_01952,Marathahalli,2021-04-16,11,0,0,0,0,0,0,0,0,1,1.0,0.033815,0,0.0,0,231,0,0,0.743,0.1431,GREEN,62,Bengaluru
CLM0039781,BEN_06284,Marathahalli,2025-03-25,10,0,0,0,0,1,0,0,0,0,0.0,0.116441,0,0.0,0,394,1,3,0.6883,0.1506,GREEN,68,Bengaluru
CLM0039782,BEN_08663,Rajajinagar,2024-09-11,10,0,0,0,0,0,0,0,0,0,0.0,0.238207,1,0.0,0,5,0,9,0.7107,0.0145,GREEN,31,Bengaluru
CLM0039783,BEN_05066,Electronic City,2023-09-23,18,0,0,0,0,0,0,0,0,0,0.0,0.213107,0,0.0,0,420,2,0,0.7732,0.0,GREEN,45,Bengaluru
CLM0039784,BEN_00951,BTM Layout,2021-08-23,11,0,0,0,0,0,0,0,0,0,0.0,0.0,0,0.0,0,89,2,7,0.787,0.1279,GREEN,60,Bengaluru
CLM0039785,BEN_09592,Whitefield,2021-10-09,18,0,0,0,0,0,0,0,0,0,1.0,0.184322,0,0.0,0,97,4,3,0.2541,0.0082,GREEN,33,Bengaluru
CLM0039786,BEN_07946,Electronic City,2021-02-12,20,0,0,0,0,0,0,0,0,0,1.0,0.319455,0,0.0,0,420,1,1,0.7275,0.0,GREEN,26,Bengaluru
CLM0039787,BEN_02214,HSR Layout,2020-03-15,11,0,0,0,0,0,0,0,0,0,0.0,0.263622,0,0.0,0,57,0,5,0.8294,0.0266,GREEN,56,Bengaluru
CLM0039788,BEN_01853,Yelahanka,2021-03-03,15,0,0,0,0,0,0,0,0,0,1.0,0.971826,0,0.0,0,116,2,4,0.7333,0.1065,GREEN,52,Bengaluru
CLM0039789,BEN_02346,Indiranagar,2025-04-10,10,0,0,0,0,0,0,0,0,0,0.0,0.219139,0,0.0,0,315,2,0,0.0925,0.104,GREEN,55,Bengaluru
CLM0039790,BEN_05508,Jayanagar,2025-09-10,17,0,0,0,0,1,0,0,0,1,0.0,0.258618,0,0.0,0,359,0,4,0.5098,0.2044,GREEN,45,Bengaluru
CLM0039791,BEN_05318,Electronic City,2023-08-30,8,0,0,0,0,1,0,0,0,0,0.0,0.166329,0,0.0,0,238,2,4,0.8418,0.0901,GREEN,47,Bengaluru
CLM0039792,BEN_06159,Marathahalli,2016-04-02,15,0,0,0,0,0,0,0,0,0,0.0,0.959641,0,0.0,0,420,0,2,0.7212,0.0,GREEN,60,Bengaluru
CLM0039793,BEN_00609,Electronic City,2020-12-23,13,0,0,0,0,0,0,1,0,0,1.0,0.227654,0,0.0,1,195,4,3,0.7755,0.2212,GREEN,24,Bengaluru
CLM0039794,BEN_09604,BTM Layout,2017-05-26,16,0,0,0,0,0,0,0,0,0,0.0,0.135796,0,0.0,0,241,4,0,0.9002,0.0,GREEN,42,Bengaluru
CLM0039795,BEN_01749,Koramangala,2023-09-07,19,0,0,0,0,0,0,0,0,0,0.0,0.135266,0,0.0,0,420,3,3,0.0904,0.0388,GREEN,44,Bengaluru
CLM0039796,BEN_05801,Electronic City,2020-09-28,19,0,0,0,0,0,0,0,0,0,0.0,0.168494,0,0.0,0,345,3,2,0.7115,0.0166,GREEN,43,Bengaluru
CLM0039797,BEN_06991,Rajajinagar,2016-01-22,21,0,0,0,0,0,0,0,0,0,0.0,0.986382,0,0.0,0,267,2,3,0.6706,0.0,GREEN,56,Bengaluru
CLM0039798,BEN_04908,Electronic City,2025-11-21,18,0,0,0,0,0,0,0,0,0,0.0,0.127017,0,0.0,0,62,0,2,0.8927,0.0744,GREEN,45,Bengaluru
CLM0039799,BEN_00179,Jayanagar,2023-06-24,8,0,0,0,0,0,1,0,0,0,0.0,0.305159,0,0.0,0,226,2,0,0.9199,0.1065,GREEN,53,Bengaluru
CLM0039800,BEN_06243,Rajajinagar,2023-02-06,7,0,0,0,0,0,0,0,0,0,0.0,0.383167,0,0.0,0,326,1,1,0.7173,0.0,GREEN,35,Bengaluru
CLM0039801,BEN_04260,Rajajinagar,2025-04-03,16,0,0,0,0,0,0,0,1,0,0.0,0.297401,0,1.0,0,248,0,4,0.861,0.0669,GREEN,50,Bengaluru
CLM0039802,BEN_09015,Electronic City,2019-08-19,15,0,0,0,0,0,0,0,0,0,0.0,0.094325,0,0.0,0,346,2,2,0.6974,0.061,GREEN,52,Bengaluru
CLM0039803,BEN_00515,Yelahanka,2021-10-13,10,0,0,0,0,0,0,1,0,0,0.0,0.152914,0,0.0,0,332,0,0,0.8376,0.0307,GREEN,42,Bengaluru
CLM0039804,BEN_06477,Koramangala,2023-02-18,21,0,0,0,0,0,0,0,0,0,0.0,0.43416,0,0.0,0,338,3,4,0.98,0.0,GREEN,29,Bengaluru
CLM0039805,BEN_00711,Jayanagar,2023-02-13,11,0,1,1,0,0,0,0,0,0,0.0,0.229705,0,0.0,0,148,3,6,0.8818,0.0,GREEN,38,Bengaluru
CLM0039806,BEN_01018,Marathahalli,2025-04-11,12,0,0,0,0,0,0,1,0,0,0.0,0.204929,0,0.0,0,420,2,4,0.8985,0.0405,GREEN,51,Bengaluru
CLM0039807,BEN_04548,Indiranagar,2023-09-10,8,0,0,0,0,1,0,1,1,0,0.0,0.0,1,0.0,0,240,2,4,0.8378,0.3244,YELLOW,42,Bengaluru
CLM0039808,BEN_02265,Yelahanka,2022-01-24,19,0,0,0,0,0,0,0,0,1,1.0,0.010968,0,0.0,0,178,4,4,0.9243,0.1259,GREEN,37,Bengaluru
CLM0039809,BEN_05377,Indiranagar,2022-05-11,16,0,0,0,0,0,0,0,0,0,0.0,0.054647,0,0.0,0,153,0,0,0.5708,0.0586,GREEN,59,Bengaluru
CLM0039810,BEN_09508,Yelahanka,2024-11-23,19,0,0,0,0,0,0,0,0,0,0.0,0.311993,0,0.0,0,51,2,3,0.2024,0.0,GREEN,29,Bengaluru
CLM0039811,BEN_08312,Rajajinagar,2023-03-23,12,0,0,0,1,0,0,0,0,0,0.0,0.406195,0,0.0,0,182,1,4,0.6544,0.1284,GREEN,44,Bengaluru
CLM0039812,BEN_04994,Yelahanka,2022-12-17,17,0,0,0,0,0,0,0,1,0,0.0,0.068518,1,0.0,0,172,1,0,0.05,0.1233,GREEN,50,Bengaluru
CLM0039813,BEN_05889,Indiranagar,2018-10-24,8,0,0,0,0,0,0,0,0,0,0.0,0.242626,0,0.0,0,188,3,3,0.688,0.0386,GREEN,42,Bengaluru
CLM0039814,BEN_05695,HSR Layout,2021-09-18,18,0,0,0,0,0,0,0,1,0,0.0,1.0,0,0.0,0,360,1,5,0.8044,0.1143,GREEN,30,Bengaluru
CLM0039815,BEN_07670,Koramangala,2019-03-15,9,0,0,0,0,0,1,0,0,0,1.0,0.410599,0,0.0,0,420,1,5,0.8383,0.138,GREEN,59,Bengaluru
CLM0039816,BEN_00406,Electronic City,2022-04-18,20,0,0,0,0,0,0,0,0,0,0.0,0.268437,0,0.0,0,207,4,4,0.7399,0.0199,GREEN,50,Bengaluru
CLM0039817,BEN_02360,Koramangala,2019-06-21,20,0,0,0,0,0,0,0,0,0,0.0,0.087507,0,0.0,0,420,0,5,0.4886,0.0,GREEN,37,Bengaluru
CLM0039818,BEN_06673,Jayanagar,2023-03-11,7,0,0,0,0,0,0,0,0,0,0.0,0.345648,1,0.0,0,346,1,0,0.6018,0.0528,GREEN,46,Bengaluru
CLM0039819,BEN_00636,Rajajinagar,2024-02-15,16,0,0,0,0,0,0,0,1,0,0.0,0.10983,0,0.0,0,179,4,0,0.8854,0.0622,GREEN,42,Bengaluru
CLM0039820,BEN_01280,Rajajinagar,2024-05-20,16,0,0,0,0,0,1,0,0,0,0.0,0.086698,0,0.0,0,214,2,3,0.6541,0.0572,GREEN,47,Bengaluru
CLM0039821,BEN_05538,HSR Layout,2025-12-07,14,0,0,0,0,0,0,0,0,0,0.0,0.00969,0,0.0,0,420,3,5,0.4753,0.0,GREEN,27,Bengaluru
CLM0039822,BEN_09853,BTM Layout,2023-12-08,18,0,0,0,0,0,1,0,0,0,0.0,0.168455,0,0.0,0,320,4,1,0.5841,0.1244,GREEN,36,Bengaluru
CLM0039823,BEN_07717,Whitefield,2025-05-13,14,0,0,0,0,0,0,1,0,0,0.0,0.100787,0,0.0,0,160,0,2,0.7245,0.044,GREEN,42,Bengaluru
CLM0039824,BEN_02620,Rajajinagar,2025-01-22,13,0,0,0,0,1,0,0,1,0,0.0,0.24719,0,0.0,0,150,1,1,0.6299,0.1934,GREEN,45,Bengaluru
CLM0039825,BEN_01767,Marathahalli,2022-06-16,21,0,0,0,0,0,0,1,0,0,0.0,0.312675,0,0.0,0,336,4,6,0.6831,0.0243,GREEN,39,Bengaluru
CLM0039826,BEN_05975,Jayanagar,2025-11-02,19,0,1,1,0,0,0,0,0,0,0.0,0.258333,0,0.0,0,346,2,0,0.9137,0.0,GREEN,46,Bengaluru
CLM0039827,BEN_09490,Marathahalli,2025-05-29,17,0,0,0,0,0,0,0,0,0,0.0,0.342257,1,0.0,0,391,0,2,0.6022,0.0515,GREEN,32,Bengaluru
CLM0039828,BEN_00256,Yelahanka,2025-07-17,10,0,0,0,0,1,0,0,1,0,0.0,0.399283,0,0.0,0,268,0,0,0.7619,0.2377,GREEN,49,Bengaluru
CLM0039829,BEN_04685,Indiranagar,2025-03-27,9,0,0,0,0,0,0,0,0,0,0.0,0.952109,0,0.0,0,406,0,3,0.5822,0.0,GREEN,39,Bengaluru
CLM0039830,BEN_08171,Whitefield,2020-08-01,8,0,1,1,0,0,0,0,0,0,0.0,0.432014,0,0.0,0,167,0,0,0.2729,0.7413,RED,36,Bengaluru
CLM0039831,BEN_08905,Electronic City,2018-09-28,16,0,1,1,1,0,1,1,1,0,1.0,0.184589,0,0.0,0,14,0,18,0.3386,0.5075,YELLOW,28,Bengaluru
CLM0039832,BEN_09367,Indiranagar,2023-08-05,16,0,0,0,0,0,0,1,0,0,0.0,0.23061,0,0.0,0,128,2,0,0.5302,0.054,GREEN,52,Bengaluru
CLM0039833,BEN_09511,Yelahanka,2024-02-28,10,0,0,0,0,1,0,0,0,0,0.0,0.295592,0,0.0,0,408,2,3,0.05,0.0528,GREEN,40,Bengaluru
CLM0039834,BEN_03638,Whitefield,2021-11-12,20,0,1,1,0,0,0,0,0,0,0.0,0.219918,0,0.0,0,420,2,2,0.3563,0.0179,GREEN,47,Bengaluru
CLM0039835,BEN_02592,Koramangala,2025-09-27,10,0,0,0,0,0,0,0,1,0,0.0,0.082477,0,0.0,0,334,0,6,0.6895,0.1253,GREEN,46,Bengaluru
CLM0039836,BEN_08025,HSR Layout,2025-09-29,11,0,0,0,0,0,0,0,0,0,1.0,0.856509,0,1.0,0,260,2,5,0.7743,0.0,GREEN,39,Bengaluru
CLM0039837,BEN_00421,Rajajinagar,2024-10-28,14,0,0,0,0,0,0,0,0,0,0.0,1.0,0,1.0,0,420,1,2,0.861,0.0613,GREEN,33,Bengaluru
CLM0039838,BEN_04419,Marathahalli,2025-11-20,20,0,1,1,0,0,0,0,0,0,0.0,0.451056,1,0.0,0,203,4,3,0.8634,0.0684,GREEN,56,Bengaluru
CLM0039839,BEN_05221,Koramangala,2025-07-12,18,0,0,0,0,0,0,1,0,0,0.0,0.135079,0,0.0,0,203,3,2,0.8606,0.0969,GREEN,54,Bengaluru
CLM0039840,BEN_00111,Yelahanka,2025-01-10,10,0,0,0,0,0,0,0,0,0,0.0,0.222396,0,0.0,0,285,1,1,0.8702,0.0089,GREEN,32,Bengaluru
CLM0039841,BEN_04725,Whitefield,2025-05-28,18,0,0,0,0,0,0,0,0,0,0.0,0.333645,0,0.0,0,237,1,0,0.625,0.0,GREEN,55,Bengaluru
CLM0039842,BEN_00244,Electronic City,2025-04-17,17,0,0,0,0,0,0,0,0,0,0.0,0.250832,0,0.0,0,69,1,5,0.786,0.07,GREEN,18,Bengaluru
CLM0039843,BEN_01983,Electronic City,2024-08-23,13,0,0,0,1,0,0,0,0,0,0.0,0.304785,0,0.0,0,76,1,5,0.9227,0.0809,GREEN,63,Bengaluru
CLM0039844,BEN_09331,Marathahalli,2025-12-01,18,0,0,0,0,0,0,0,0,0,0.0,0.314377,0,0.0,0,100,1,5,0.1059,0.0,GREEN,33,Bengaluru
CLM0039845,BEN_08191,Marathahalli,2019-09-23,8,0,0,0,0,0,0,0,0,0,0.0,0.973132,1,0.0,0,420,0,6,0.1298,0.0661,GREEN,37,Bengaluru
CLM0039846,BEN_07540,Indiranagar,2021-06-29,16,0,0,0,0,0,0,0,0,0,0.0,0.0,0,0.0,0,278,0,2,0.8323,0.0,GREEN,43,Bengaluru
CLM0039847,BEN_07535,Indiranagar,2023-07-08,16,0,0,0,0,0,0,0,0,0,0.0,0.251341,0,0.0,0,78,2,1,0.51,0.0775,GREEN,30,Bengaluru
CLM0039848,BEN_06090,Rajajinagar,2023-02-17,14,0,0,0,0,0,0,0,0,0,1.0,1.0,0,1.0,0,330,1,0,0.7811,0.0,GREEN,47,Bengaluru
CLM0039849,BEN_09686,BTM Layout,2018-01-15,18,0,0,0,0,0,1,0,1,0,0.0,0.275396,0,0.0,0,253,0,0,0.98,0.1841,GREEN,41,Bengaluru
CLM0039850,BEN_09072,Jayanagar,2021-11-15,8,0,0,0,0,0,0,0,0,0,0.0,0.120931,0,0.0,0,420,0,0,0.8213,0.0,GREEN,57,Bengaluru
CLM0039851,BEN_05146,Electronic City,2025-04-26,11,0,0,0,0,0,0,0,0,0,0.0,0.18406,0,0.0,0,261,4,0,0.2937,0.0,GREEN,30,Bengaluru
CLM0039852,BEN_04879,Jayanagar,2025-09-05,7,0,0,0,0,0,0,1,0,0,0.0,0.46596,1,0.0,0,157,0,2,0.05,0.0649,GREEN,41,Bengaluru
CLM0039853,BEN_05505,HSR Layout,2025-02-15,12,0,0,0,0,0,0,0,1,0,1.0,0.0,0,0.0,0,420,2,3,0.05,0.2343,GREEN,44,Bengaluru
CLM0039854,BEN_09350,Koramangala,2023-05-20,14,0,0,0,0,0,0,0,0,0,0.0,0.372585,0,0.0,0,390,4,3,0.4762,0.0,GREEN,47,Bengaluru
CLM0039855,BEN_08311,BTM Layout,2024-12-13,19,0,1,1,0,0,0,0,0,0,0.0,0.279888,0,0.0,0,245,1,1,0.5949,0.0,GREEN,44,Bengaluru
CLM0039856,BEN_03116,Yelahanka,2024-12-02,14,0,0,0,0,0,0,0,0,0,0.0,0.180901,0,0.0,0,255,3,2,0.05,0.0,GREEN,35,Bengaluru
CLM0039857,BEN_00594,Yelahanka,2024-09-16,7,0,0,0,0,0,0,0,0,0,0.0,0.444851,0,0.0,0,420,0,2,0.6132,0.0,GREEN,30,Bengaluru
CLM0039858,BEN_06562,Rajajinagar,2024-02-01,7,0,0,0,0,0,0,0,0,0,0.0,0.108039,0,0.0,0,71,2,0,0.9118,0.0,GREEN,34,Bengaluru
CLM0039859,BEN_05352,Electronic City,2019-01-17,17,0,0,0,0,0,0,0,0,0,0.0,0.277304,1,0.0,0,420,2,1,0.8394,0.1514,GREEN,31,Bengaluru
CLM0039860,BEN_00734,Yelahanka,2022-10-17,13,0,0,0,0,0,0,0,0,0,1.0,0.978867,0,1.0,0,420,2,6,0.542,0.1869,GREEN,43,Bengaluru
CLM0039861,BEN_05731,Jayanagar,2021-11-09,10,0,0,0,0,0,0,0,0,1,0.0,0.332319,0,0.0,0,420,0,5,0.2243,0.2386,GREEN,39,Bengaluru
CLM0039862,BEN_09473,Marathahalli,2025-03-01,8,0,1,1,0,0,1,0,1,0,0.0,0.12229,0,1.0,0,120,2,2,0.0906,0.1796,GREEN,48,Bengaluru
CLM0039863,BEN_08360,Jayanagar,2020-02-27,11,0,0,0,0,0,0,0,0,0,1.0,0.313918,0,0.0,0,420,0,0,0.7568,0.0969,GREEN,47,Bengaluru
CLM0039864,BEN_09808,Yelahanka,2025-03-17,13,0,0,0,0,0,0,0,0,0,0.0,0.459341,0,0.0,0,58,3,1,0.654,0.0,GREEN,52,Bengaluru
CLM0039865,BEN_09641,Electronic City,2025-02-02,18,0,0,0,0,0,0,0,0,0,0.0,0.135354,0,0.0,0,91,1,3,0.05,0.0,GREEN,49,Bengaluru
CLM0039866,BEN_06423,BTM Layout,2023-03-24,21,0,0,0,0,0,1,0,0,0,0.0,0.30831,0,0.0,0,388,1,2,0.5427,0.0882,GREEN,38,Bengaluru
CLM0039867,BEN_04451,Yelahanka,2020-06-27,20,0,0,0,1,1,1,0,0,1,1.0,1.0,0,0.0,1,28,4,18,0.0668,0.0,GREEN,43,Bengaluru
CLM0039868,BEN_05822,Marathahalli,2021-10-14,15,0,0,0,0,0,0,0,0,0,0.0,0.15563,0,0.0,0,100,3,0,0.6669,0.005,GREEN,41,Bengaluru
CLM0039869,BEN_09092,Yelahanka,2021-05-11,18,0,0,0,0,0,0,0,0,0,0.0,0.298255,0,0.0,0,86,2,6,0.05,0.0,GREEN,62,Bengaluru
CLM0039870,BEN_03572,Marathahalli,2020-12-04,11,0,0,0,0,0,0,0,0,0,0.0,0.000816,0,0.0,0,41,2,4,0.1554,0.113,GREEN,46,Bengaluru
CLM0039871,BEN_04853,Whitefield,2021-11-28,10,0,0,0,0,0,0,0,0,0,0.0,0.286649,0,0.0,0,5,2,2,0.7055,0.0192,GREEN,51,Bengaluru
CLM0039872,BEN_03852,Jayanagar,2023-12-24,10,0,0,0,0,0,0,0,0,0,0.0,0.054077,0,0.0,0,55,4,0,0.819,0.0095,GREEN,21,Bengaluru
CLM0039873,BEN_07715,Indiranagar,2023-08-05,18,0,0,0,0,0,0,0,0,0,0.0,0.0,0,0.0,0,15,2,0,0.1324,0.0536,GREEN,48,Bengaluru
CLM0039874,BEN_09649,Yelahanka,2022-03-24,14,0,0,0,0,0,0,0,0,0,0.0,0.244597,1,0.0,0,420,3,5,0.98,0.1024,GREEN,37,Bengaluru
CLM0039875,BEN_01256,Yelahanka,2023-09-22,14,0,0,0,0,0,0,0,0,0,0.0,0.993905,0,0.0,0,141,3,2,0.6806,0.1112,GREEN,28,Bengaluru
CLM0039876,BEN_03601,Indiranagar,2023-09-06,13,0,0,0,0,0,0,0,0,0,0.0,0.238433,0,0.0,0,323,1,4,0.9186,0.0,GREEN,60,Bengaluru
CLM0039877,BEN_06507,Yelahanka,2021-05-18,19,0,0,0,0,0,0,0,0,0,0.0,0.03631,0,0.0,0,72,1,0,0.2444,0.0105,GREEN,59,Bengaluru
CLM0039878,BEN_09565,Whitefield,2021-03-07,10,0,0,0,0,0,0,0,0,0,0.0,0.0,0,0.0,0,255,2,4,0.8539,0.0731,GREEN,40,Bengaluru
CLM0039879,BEN_03411,Jayanagar,2024-01-08,7,0,0,0,0,0,0,0,0,0,0.0,0.194852,0,0.0,0,31,4,6,0.98,0.0269,GREEN,47,Bengaluru
CLM0039880,BEN_08075,Whitefield,2023-12-05,19,0,0,0,0,0,0,0,0,0,0.0,0.0,0,0.0,0,241,2,0,0.5622,0.025,GREEN,24,Bengaluru
CLM0039881,BEN_04657,Marathahalli,2019-10-22,19,0,0,0,0,0,0,0,1,0,0.0,0.224709,0,0.0,0,420,3,0,0.8311,0.0982,GREEN,48,Bengaluru
CLM0039882,BEN_03394,Marathahalli,2020-01-29,13,0,0,0,0,0,0,0,0,0,1.0,0.031387,0,0.0,0,317,3,5,0.6344,0.0163,GREEN,48,Bengaluru
CLM0039883,BEN_05555,Rajajinagar,2021-11-22,12,0,1,1,0,0,1,0,1,0,0.0,0.328114,0,0.0,0,389,3,6,0.82,0.1642,GREEN,63,Bengaluru
CLM0039884,BEN_08224,BTM Layout,2018-11-22,11,0,0,0,0,0,1,0,0,0,0.0,0.237136,0,0.0,0,149,4,5,0.7636,0.0203,GREEN,39,Bengaluru
CLM0039885,BEN_09568,Jayanagar,2020-04-20,7,0,0,0,0,0,0,0,0,0,0.0,0.076706,0,0.0,0,372,4,5,0.8126,0.0,GREEN,63,Bengaluru
CLM0039886,BEN_08630,Electronic City,2024-08-07,7,0,0,0,0,0,1,0,0,0,0.0,0.0,0,0.0,1,16,0,0,0.9285,0.1615,GREEN,55,Bengaluru
CLM0039887,BEN_09178,Koramangala,2025-06-26,14,0,0,0,0,0,0,0,0,0,1.0,0.0,0,0.0,0,154,3,2,0.6832,0.1358,GREEN,40,Bengaluru
CLM0039888,BEN_05902,BTM Layout,2024-02-19,21,0,0,0,1,0,0,0,0,0,0.0,0.122874,0,0.0,0,325,3,3,0.6461,0.2515,GREEN,33,Bengaluru
CLM0039889,BEN_09235,Yelahanka,2024-06-23,19,0,0,0,0,0,1,0,0,0,0.0,0.182801,0,0.0,0,163,4,0,0.6782,0.1181,GREEN,32,Bengaluru
CLM0039890,BEN_06481,Rajajinagar,2025-11-06,12,0,0,0,0,0,0,0,0,0,0.0,0.343953,0,0.0,0,191,0,3,0.8805,0.1174,GREEN,60,Bengaluru
CLM0039891,BEN_04391,Koramangala,2025-07-19,10,0,0,0,0,0,0,0,0,0,0.0,0.165927,0,0.0,0,117,0,1,0.9546,0.0,GREEN,63,Bengaluru
CLM0039892,BEN_07068,Whitefield,2019-08-16,17,0,0,0,0,0,0,0,0,0,1.0,0.076848,0,0.0,0,211,0,2,0.8744,0.0758,GREEN,34,Bengaluru
CLM0039893,BEN_02445,Whitefield,2024-04-01,11,0,0,0,0,0,0,0,0,1,0.0,0.261483,0,0.0,0,405,2,4,0.671,0.0755,GREEN,49,Bengaluru
CLM0039894,BEN_03403,BTM Layout,2023-05-19,16,0,0,0,0,0,0,0,1,0,1.0,0.935313,0,1.0,0,112,0,3,0.98,0.0036,GREEN,71,Bengaluru
CLM0039895,BEN_04606,Whitefield,2019-10-19,12,0,0,0,1,1,0,1,1,1,0.0,0.229681,1,0.0,1,21,2,18,0.2391,0.0432,GREEN,63,Bengaluru
CLM0039896,BEN_02699,Marathahalli,2025-09-18,21,0,0,0,0,0,0,0,0,0,0.0,0.290345,1,0.0,0,420,3,1,0.213,0.0,GREEN,57,Bengaluru
CLM0039897,BEN_01337,Jayanagar,2022-12-07,7,0,0,0,0,0,0,0,1,0,0.0,0.019777,0,0.0,0,391,2,1,0.8736,0.2111,GREEN,46,Bengaluru
CLM0039898,BEN_07174,Rajajinagar,2024-09-12,7,0,0,0,0,0,0,0,0,0,0.0,0.3006,0,0.0,0,420,2,3,0.2528,0.0221,GREEN,50,Bengaluru
CLM0039899,BEN_03991,Electronic City,2021-02-25,20,0,0,0,0,0,0,0,0,0,0.0,0.182272,1,0.0,0,286,4,2,0.98,0.0716,GREEN,36,Bengaluru
CLM0039900,BEN_05251,Indiranagar,2021-05-04,7,0,0,0,0,0,0,0,0,0,0.0,0.211156,0,0.0,0,343,2,3,0.6647,0.0369,GREEN,42,Bengaluru
CLM0039901,BEN_01778,Electronic City,2019-06-05,12,0,0,0,0,0,0,0,0,0,0.0,0.073548,1,0.0,0,247,4,0,0.9545,0.0,GREEN,23,Bengaluru
CLM0039902,BEN_05048,Whitefield,2022-04-17,10,0,0,0,0,0,0,0,0,0,0.0,0.069154,0,0.0,0,420,4,5,0.05,0.1397,GREEN,24,Bengaluru
CLM0039903,BEN_04548,Indiranagar,2024-01-27,11,0,0,0,0,0,0,0,0,0,0.0,0.229551,0,0.0,0,5,0,0,0.2359,0.0121,GREEN,42,Bengaluru
CLM0039904,BEN_09606,Indiranagar,2025-09-11,19,0,0,0,0,0,0,0,0,0,0.0,0.0,0,0.0,0,420,0,1,0.6287,0.0545,GREEN,45,Bengaluru
CLM0039905,BEN_02648,Jayanagar,2024-09-05,12,0,0,0,0,0,1,0,0,0,0.0,0.22381,0,0.0,0,392,2,4,0.6468,0.0503,GREEN,27,Bengaluru
CLM0039906,BEN_04498,Jayanagar,2021-08-16,18,0,0,0,0,0,0,0,0,0,0.0,0.0,0,0.0,0,420,0,3,0.7118,0.1655,GREEN,33,Bengaluru
CLM0039907,BEN_08692,HSR Layout,2021-02-14,21,0,0,0,0,0,1,0,0,0,0.0,0.305555,0,0.0,0,420,2,0,0.8376,0.133,GREEN,50,Bengaluru
CLM0039908,BEN_08009,Electronic City,2024-04-06,16,0,0,0,0,0,0,0,0,0,0.0,0.036132,0,0.0,0,159,1,2,0.7512,0.0014,GREEN,31,Bengaluru
CLM0039909,BEN_01059,HSR Layout,2021-09-21,12,0,0,0,0,0,0,0,0,0,0.0,0.364356,0,0.0,0,129,2,2,0.9489,0.0311,GREEN,55,Bengaluru
CLM0039910,BEN_04538,Rajajinagar,2022-01-04,11,0,0,0,0,0,0,1,0,0,0.0,0.122157,0,0.0,0,420,2,0,0.1225,0.0273,GREEN,61,Bengaluru
CLM0039911,BEN_00646,Indiranagar,2024-06-28,20,0,0,0,0,0,0,0,0,0,0.0,0.320512,0,0.0,0,170,1,1,0.6519,0.0,GREEN,36,Bengaluru
CLM0039912,BEN_07442,Electronic City,2021-10-11,7,0,0,0,0,0,0,0,0,0,0.0,0.167528,1,0.0,0,272,1,2,0.7217,0.0241,GREEN,43,Bengaluru
CLM0039913,BEN_00966,Indiranagar,2024-11-23,7,0,0,0,0,0,0,0,0,0,1.0,0.049435,0,0.0,0,361,4,0,0.98,0.1676,GREEN,35,Bengaluru
CLM0039914,BEN_06100,Electronic City,2023-09-05,18,0,0,0,0,0,1,1,0,0,0.0,0.211807,0,0.0,0,395,2,0,0.6525,0.1636,GREEN,41,Bengaluru
CLM0039915,BEN_02333,Rajajinagar,2024-07-13,8,0,0,0,0,0,0,0,0,0,0.0,0.100688,0,0.0,0,63,0,0,0.6294,0.0,GREEN,45,Bengaluru
CLM0039916,BEN_00348,Yelahanka,2022-09-09,11,0,0,0,0,0,1,0,0,0,0.0,0.151048,0,1.0,0,93,4,1,0.681,0.1319,GREEN,44,Bengaluru
CLM0039917,BEN_08158,Whitefield,2020-02-14,15,0,0,0,0,0,0,0,1,0,0.0,0.097582,0,0.0,0,75,3,2,0.5832,0.082,GREEN,41,Bengaluru
CLM0039918,BEN_02831,Rajajinagar,2020-09-11,21,0,0,0,0,0,0,0,0,0,0.0,0.333688,0,0.0,0,420,4,6,0.6157,0.0317,GREEN,50,Bengaluru
CLM0039919,BEN_09274,Jayanagar,2023-04-13,17,0,0,0,0,0,0,0,0,0,1.0,0.075457,0,0.0,0,339,1,2,0.6941,0.0205,GREEN,40,Bengaluru
CLM0039920,BEN_04457,BTM Layout,2017-11-20,12,0,0,0,0,0,0,0,0,0,0.0,0.240814,0,0.0,0,116,3,3,0.5098,0.0652,GREEN,39,Bengaluru
CLM0039921,BEN_00572,Yelahanka,2019-10-17,9,0,0,0,0,0,0,0,0,0,0.0,0.335305,0,0.0,0,336,0,0,0.7887,0.0,GREEN,33,Bengaluru
CLM0039922,BEN_03600,BTM Layout,2016-08-09,7,0,0,0,0,0,0,1,0,1,1.0,1.0,1,1.0,1,5,2,18,0.1131,0.0552,GREEN,57,Bengaluru
CLM0039923,BEN_03452,BTM Layout,2016-05-03,17,0,0,0,0,0,0,0,0,0,0.0,1.0,1,0.0,0,408,3,8,0.7333,0.0481,GREEN,33,Bengaluru
CLM0039924,BEN_09241,Electronic City,2016-08-21,8,0,0,0,1,1,1,1,1,1,1.0,1.0,0,1.0,1,23,2,18,0.1252,0.0,GREEN,60,Bengaluru
CLM0039925,BEN_02024,Rajajinagar,2018-06-07,15,0,0,0,0,0,1,0,0,0,1.0,1.0,0,0.0,0,219,1,3,0.7972,0.0354,GREEN,44,Bengaluru
CLM0039926,BEN_06432,Electronic City,2020-11-01,9,0,0,0,0,0,0,0,0,0,0.0,0.177984,0,1.0,0,387,1,2,0.98,0.0527,GREEN,58,Bengaluru
CLM0039927,BEN_08619,Electronic City,2024-07-16,19,0,0,0,0,0,0,0,0,0,0.0,0.105788,0,0.0,0,420,2,2,0.5866,0.0456,GREEN,44,Bengaluru
CLM0039928,BEN_09763,Yelahanka,2023-08-28,13,0,0,0,0,0,0,0,0,1,0.0,0.138214,0,0.0,0,420,3,3,0.8325,0.2835,GREEN,46,Bengaluru
CLM0039929,BEN_01553,Rajajinagar,2018-05-15,17,0,0,0,0,0,0,0,0,0,0.0,0.095172,0,0.0,0,164,1,3,0.5041,0.0,GREEN,49,Bengaluru
CLM0039930,BEN_03773,Yelahanka,2023-08-30,7,0,0,0,0,0,0,0,0,0,0.0,0.019045,0,0.0,0,5,3,2,0.9023,0.0147,GREEN,65,Bengaluru
CLM0039931,BEN_06631,Jayanagar,2023-10-06,20,0,0,0,0,1,0,0,1,0,0.0,0.09515,0,0.0,0,420,4,6,0.98,0.4354,YELLOW,44,Bengaluru
CLM0039932,BEN_02185,Marathahalli,2025-07-07,20,0,0,0,0,0,0,0,1,0,0.0,0.184677,0,0.0,0,61,2,0,0.9424,0.1118,GREEN,47,Bengaluru
CLM0039933,BEN_01563,Yelahanka,2024-02-02,21,0,1,1,1,0,0,0,0,0,1.0,0.208951,0,0.0,0,365,2,5,0.7443,0.1923,GREEN,33,Bengaluru
CLM0039934,BEN_02251,HSR Layout,2025-09-25,19,0,0,0,0,0,0,0,0,0,0.0,0.04223,1,0.0,0,406,2,3,0.4711,0.0736,GREEN,44,Bengaluru
CLM0039935,BEN_03987,Indiranagar,2025-06-04,7,0,0,0,0,0,0,0,0,0,0.0,0.319712,0,0.0,0,391,0,1,0.5093,0.0392,GREEN,30,Bengaluru
CLM0039936,BEN_02329,Indiranagar,2025-10-22,12,0,0,0,0,0,0,0,0,0,1.0,1.0,0,1.0,0,255,2,2,0.8187,0.0,GREEN,45,Bengaluru
CLM0039937,BEN_02984,Whitefield,2023-11-02,11,0,0,0,0,0,0,0,0,0,0.0,0.106899,0,0.0,0,87,1,1,0.737,0.0079,GREEN,41,Bengaluru
CLM0039938,BEN_05856,Rajajinagar,2023-02-15,15,0,0,0,0,1,0,0,0,0,0.0,0.080838,1,0.0,0,140,3,5,0.98,0.1378,GREEN,60,Bengaluru
CLM0039939,BEN_04404,Yelahanka,2024-04-16,17,0,0,0,0,0,0,0,0,0,0.0,0.0,0,0.0,0,179,2,0,0.4745,0.0475,GREEN,47,Bengaluru
CLM0039940,BEN_00222,Koramangala,2022-09-01,12,0,0,0,1,0,0,1,0,1,0.0,0.281457,0,0.0,0,368,1,2,0.4603,0.3501,YELLOW,58,Bengaluru
CLM0039941,BEN_08916,Whitefield,2021-12-20,8,0,0,0,0,0,0,0,0,0,0.0,0.056336,0,0.0,0,208,3,7,0.2004,0.0395,GREEN,41,Bengaluru
CLM0039942,BEN_00430,Rajajinagar,2022-05-24,10,0,0,0,0,0,1,0,0,0,0.0,0.260048,0,0.0,0,420,4,0,0.9691,0.082,GREEN,50,Bengaluru
CLM0039943,BEN_00719,Jayanagar,2020-09-27,11,0,0,0,0,0,1,0,0,0,0.0,0.386076,0,0.0,0,266,0,5,0.6059,0.0448,GREEN,48,Bengaluru
CLM0039944,BEN_04001,Electronic City,2025-11-30,11,0,0,0,1,1,1,1,0,1,1.0,1.0,0,1.0,0,8,0,18,0.3792,0.0,GREEN,38,Bengaluru
CLM0039945,BEN_07377,Jayanagar,2022-01-13,11,0,0,0,0,0,0,0,0,0,0.0,0.344623,0,0.0,0,420,4,5,0.05,0.0,GREEN,18,Bengaluru
CLM0039946,BEN_09193,Rajajinagar,2019-04-02,16,0,0,0,0,0,0,0,1,0,1.0,0.988612,0,1.0,0,394,3,3,0.8693,0.0587,GREEN,70,Bengaluru
CLM0039947,BEN_01146,Koramangala,2021-07-13,11,0,0,0,1,0,0,0,1,0,0.0,0.287385,0,1.0,0,251,1,3,0.9304,0.2502,GREEN,49,Bengaluru
CLM0039948,BEN_02657,Electronic City,2023-11-11,17,0,0,0,0,0,0,0,0,0,1.0,0.157515,0,0.0,0,159,4,5,0.2615,0.0428,GREEN,27,Bengaluru
CLM0039949,BEN_09006,Rajajinagar,2024-05-24,20,0,0,0,0,0,0,0,0,0,0.0,0.273751,0,0.0,0,420,2,1,0.878,0.0457,GREEN,42,Bengaluru
CLM0039950,BEN_08713,Whitefield,2025-01-13,10,0,0,0,0,0,0,0,0,0,0.0,0.0,0,0.0,0,309,3,2,0.6703,0.0,GREEN,50,Bengaluru
CLM0039951,BEN_09062,Indiranagar,2022-04-06,21,0,0,0,0,0,0,0,0,0,1.0,0.110605,0,0.0,0,174,2,0,0.6091,0.0,GREEN,46,Bengaluru
CLM0039952,BEN_02936,Whitefield,2020-06-27,20,0,0,0,0,0,0,0,0,0,0.0,0.382082,0,0.0,0,412,0,0,0.8857,0.0,GREEN,50,Bengaluru
CLM0039953,BEN_03220,HSR Layout,2024-06-13,8,0,1,1,0,0,0,0,1,0,0.0,0.012807,0,0.0,0,72,3,0,0.9791,0.1228,GREEN,56,Bengaluru
CLM0039954,BEN_04202,BTM Layout,2021-09-18,12,0,0,0,0,0,0,0,0,0,0.0,0.232056,0,0.0,0,328,4,0,0.6565,0.0,GREEN,46,Bengaluru
CLM0039955,BEN_08621,Yelahanka,2019-12-10,18,0,0,0,0,0,0,1,0,0,1.0,1.0,0,0.0,1,420,3,5,0.8362,0.2573,GREEN,39,Bengaluru
CLM0039956,BEN_07596,BTM Layout,2020-05-22,18,0,0,0,0,0,0,0,0,0,0.0,0.422875,0,0.0,1,200,4,1,0.5286,0.0,GREEN,53,Bengaluru
CLM0039957,BEN_01523,Rajajinagar,2022-05-21,21,0,1,1,0,0,0,0,0,0,1.0,0.05891,0,0.0,0,386,0,4,0.7546,0.062,GREEN,61,Bengaluru
CLM0039958,BEN_03898,Marathahalli,2025-09-02,17,0,0,0,0,0,0,0,0,1,1.0,0.912934,0,1.0,0,420,2,5,0.6226,0.0538,GREEN,54,Bengaluru
CLM0039959,BEN_07674,Indiranagar,2023-08-04,19,0,0,0,0,0,0,0,1,0,0.0,0.160207,0,1.0,0,96,2,0,0.4795,0.1577,GREEN,60,Bengaluru
CLM0039960,BEN_00584,Electronic City,2025-01-23,17,0,0,0,0,0,1,0,0,0,0.0,0.076537,0,0.0,0,101,2,3,0.7964,0.1848,GREEN,23,Bengaluru
CLM0039961,BEN_05080,Rajajinagar,2023-04-03,21,0,0,0,0,0,0,0,0,0,0.0,0.157854,0,0.0,0,396,1,3,0.7477,0.0,GREEN,43,Bengaluru
CLM0039962,BEN_07628,HSR Layout,2025-06-05,21,0,0,0,0,0,0,0,0,0,1.0,0.30619,0,0.0,0,108,0,3,0.9162,0.0942,GREEN,43,Bengaluru
CLM0039963,BEN_00854,HSR Layout,2022-02-13,10,0,0,0,0,0,1,0,0,0,0.0,0.389646,0,0.0,0,9,1,3,0.7188,0.0866,GREEN,43,Bengaluru
CLM0039964,BEN_03579,Rajajinagar,2024-06-18,19,0,0,0,0,0,0,0,0,0,0.0,0.407212,0,0.0,0,206,4,5,0.9072,0.0,GREEN,59,Bengaluru
CLM0039965,BEN_04019,HSR Layout,2022-04-10,21,0,0,0,0,0,0,0,0,1,0.0,1.0,0,0.0,0,289,0,7,0.7565,0.0552,GREEN,46,Bengaluru
CLM0039966,BEN_05346,Jayanagar,2025-09-14,20,0,0,0,0,1,0,0,0,1,0.0,0.105012,0,0.0,0,373,4,1,0.05,0.3188,YELLOW,23,Bengaluru
CLM0039967,BEN_03070,Yelahanka,2025-07-08,8,0,0,0,0,0,0,0,0,0,0.0,0.308,0,0.0,0,356,4,2,0.05,0.0,GREEN,26,Bengaluru
CLM0039968,BEN_09538,HSR Layout,2025-07-04,20,0,0,0,0,0,0,0,0,0,1.0,0.160966,0,0.0,0,202,4,1,0.7508,0.0,GREEN,49,Bengaluru
CLM0039969,BEN_00394,HSR Layout,2025-12-08,9,0,0,0,0,0,1,0,0,0,1.0,0.311303,0,0.0,0,265,2,2,0.0976,0.1258,GREEN,40,Bengaluru
CLM0039970,BEN_08336,Marathahalli,2025-01-26,8,0,0,0,0,0,0,0,0,0,0.0,0.088397,0,0.0,0,145,3,0,0.5932,0.0393,GREEN,41,Bengaluru
CLM0039971,BEN_02430,Jayanagar,2024-06-10,15,0,0,0,0,1,0,0,0,0,0.0,0.975143,0,0.0,0,384,0,3,0.3005,0.0,GREEN,46,Bengaluru
CLM0039972,BEN_05377,Indiranagar,2024-04-10,12,0,0,0,0,0,1,1,1,1,0.0,0.083787,0,0.0,1,5,0,12,0.8419,0.0,GREEN,59,Bengaluru
CLM0039973,BEN_03993,Marathahalli,2024-07-21,18,0,0,0,0,0,0,0,0,0,0.0,0.449814,1,0.0,0,270,2,0,0.6283,0.1493,GREEN,67,Bengaluru
CLM0039974,BEN_01384,Indiranagar,2024-05-25,7,0,0,0,0,0,0,0,0,1,0.0,0.145799,0,0.0,0,109,0,4,0.8264,0.1438,GREEN,48,Bengaluru
CLM0039975,BEN_07335,Jayanagar,2024-03-07,15,0,0,0,0,0,0,0,0,0,0.0,0.274988,0,0.0,0,420,3,0,0.8025,0.0,GREEN,36,Bengaluru
CLM0039976,BEN_06944,BTM Layout,2025-10-06,13,0,0,0,0,0,0,0,0,0,0.0,0.114704,0,0.0,0,385,3,2,0.6179,0.0169,GREEN,49,Bengaluru
CLM0039977,BEN_01224,Electronic City,2024-06-09,21,0,0,0,0,0,0,1,0,0,0.0,0.230707,0,0.0,0,296,1,2,0.7195,0.0056,GREEN,33,Bengaluru
CLM0039978,BEN_03563,Koramangala,2024-09-18,16,0,0,0,0,0,0,0,0,0,0.0,0.196187,0,0.0,0,420,1,0,0.2514,0.1048,GREEN,34,Bengaluru
CLM0039979,BEN_03102,BTM Layout,2025-07-07,15,0,0,0,0,0,0,0,1,0,1.0,0.0,0,0.0,0,127,0,4,0.7594,0.1198,GREEN,45,Bengaluru
CLM0039980,BEN_04258,Whitefield,2024-12-14,9,0,0,0,0,0,0,0,0,0,0.0,0.193712,0,0.0,0,419,0,4,0.2716,0.0084,GREEN,35,Bengaluru
CLM0039981,BEN_04727,HSR Layout,2025-11-06,17,0,0,0,0,0,1,0,0,0,1.0,0.0,0,1.0,0,317,2,2,0.8155,0.1568,GREEN,38,Bengaluru
CLM0039982,BEN_02733,BTM Layout,2025-10-09,17,0,1,1,0,0,0,0,0,0,1.0,0.436766,0,0.0,0,331,2,0,0.6556,0.1049,GREEN,42,Bengaluru
CLM0039983,BEN_05597,HSR Layout,2024-10-17,20,0,0,0,0,0,1,0,0,0,0.0,0.339515,0,0.0,1,409,4,3,0.9152,0.1109,GREEN,47,Bengaluru
CLM0039984,BEN_05844,Whitefield,2024-09-21,16,0,0,0,1,0,0,0,0,0,0.0,0.374463,0,0.0,0,420,4,5,0.615,0.2138,GREEN,45,Bengaluru
CLM0039985,BEN_00315,BTM Layout,2022-09-16,7,0,0,0,0,0,0,0,0,0,0.0,0.194262,0,0.0,0,208,4,2,0.7945,0.0209,GREEN,52,Bengaluru
CLM0039986,BEN_04885,Jayanagar,2020-07-23,7,0,1,1,1,1,0,1,1,0,0.0,1.0,1,1.0,1,10,2,18,0.05,0.682,RED,49,Bengaluru
CLM0039987,BEN_02242,Marathahalli,2025-02-05,10,0,1,1,1,1,0,0,1,0,1.0,0.966931,1,0.0,1,16,1,18,0.4391,0.7498,RED,40,Bengaluru
CLM0039988,BEN_05220,Indiranagar,2020-02-15,9,0,1,1,0,0,0,0,0,0,0.0,0.0,0,1.0,0,101,1,0,0.7694,0.4482,YELLOW,26,Bengaluru
CLM0039989,BEN_02918,BTM Layout,2022-06-26,12,0,1,1,0,1,0,1,1,1,1.0,0.12307,0,0.0,1,5,2,18,0.547,0.5816,YELLOW,47,Bengaluru
CLM0039990,BEN_08281,Yelahanka,2024-04-18,15,0,0,0,0,0,0,0,0,0,1.0,0.928788,0,1.0,0,420,1,0,0.8547,0.0126,GREEN,47,Bengaluru
CLM0039991,BEN_03580,BTM Layout,2025-09-11,14,0,0,0,0,0,0,0,0,0,0.0,0.211193,0,0.0,0,354,3,0,0.6636,0.0,GREEN,51,Bengaluru
CLM0039992,BEN_00489,Indiranagar,2023-08-02,14,0,0,0,0,0,0,0,0,0,0.0,0.115997,0,0.0,0,420,3,1,0.05,0.0,GREEN,45,Bengaluru
CLM0039993,BEN_02652,BTM Layout,2023-09-02,21,0,0,0,0,0,0,0,0,0,0.0,0.148298,0,0.0,0,184,3,0,0.5112,0.0,GREEN,29,Bengaluru
CLM0039994,BEN_08634,Yelahanka,2023-08-22,19,0,0,0,0,0,0,0,0,0,0.0,0.395214,0,0.0,0,331,4,7,0.8336,0.0476,GREEN,35,Bengaluru
CLM0039995,BEN_09563,Yelahanka,2024-03-31,17,0,0,0,0,0,1,0,0,0,0.0,0.016024,0,0.0,0,200,0,2,0.8412,0.0916,GREEN,43,Bengaluru
CLM0039996,BEN_09209,BTM Layout,2024-04-10,11,0,0,0,0,0,0,0,0,0,0.0,0.02148,0,0.0,0,353,2,2,0.8988,0.0,GREEN,54,Bengaluru
CLM0039997,BEN_09337,Rajajinagar,2025-06-02,12,0,0,0,0,0,0,0,0,0,0.0,0.10022,0,0.0,0,271,3,2,0.9214,0.0,GREEN,36,Bengaluru
CLM0039998,BEN_05914,Whitefield,2016-01-21,7,0,0,0,0,0,0,0,0,0,0.0,0.209202,0,0.0,0,379,1,0,0.7762,0.0176,GREEN,44,Bengaluru
CLM0039999,BEN_05434,BTM Layout,2024-07-04,20,0,0,0,0,0,0,0,0,0,0.0,0.286593,0,1.0,0,159,0,0,0.9242,0.1691,GREEN,18,Bengaluru
CLM0040000,BEN_07806,Rajajinagar,2015-11-15,8,0,0,0,0,0,0,0,0,0,0.0,0.217902,0,0.0,0,397,2,3,0.9212,0.0368,GREEN,36,Bengaluru
CLM0040001,BEN_07144,Jayanagar,2024-03-04,18,0,0,0,1,0,0,1,0,1,1.0,0.0,0,1.0,0,5,1,18,0.1559,0.0,GREEN,30,Bengaluru
CLM0040002,BEN_09679,Rajajinagar,2023-12-28,16,0,0,0,0,0,0,0,0,0,0.0,0.015887,0,0.0,1,55,3,5,0.8077,0.0676,GREEN,49,Bengaluru
CLM0040003,BEN_00229,BTM Layout,2023-10-16,20,0,0,0,0,0,0,0,0,0,0.0,0.198655,0,0.0,0,103,0,0,0.98,0.0225,GREEN,47,Bengaluru
CLM0040004,BEN_09966,Jayanagar,2023-08-30,16,0,0,0,0,0,0,0,0,0,1.0,0.335276,0,0.0,0,298,0,2,0.8274,0.2112,GREEN,35,Bengaluru
CLM0040005,BEN_04349,Whitefield,2025-04-09,20,0,0,0,0,0,0,0,0,0,0.0,0.0,0,0.0,0,191,3,1,0.2696,0.0,GREEN,38,Bengaluru
CLM0040006,BEN_08578,Marathahalli,2023-10-02,20,0,0,0,0,0,0,0,0,0,0.0,0.032517,0,0.0,0,420,1,1,0.98,0.0557,GREEN,61,Bengaluru
CLM0040007,BEN_02361,Yelahanka,2022-05-17,21,0,0,0,0,0,0,0,1,0,0.0,0.141875,0,0.0,1,249,0,1,0.2111,0.143,GREEN,58,Bengaluru
CLM0040008,BEN_08982,Jayanagar,2025-01-29,13,0,0,0,0,0,0,0,0,0,1.0,0.308566,0,0.0,0,300,4,3,0.7469,0.0,GREEN,33,Bengaluru
CLM0040009,BEN_07614,Whitefield,2023-05-27,9,0,0,0,0,0,0,0,1,0,0.0,0.17371,0,0.0,0,317,3,0,0.7034,0.0293,GREEN,40,Bengaluru
CLM0040010,BEN_05882,Whitefield,2023-08-22,7,0,0,0,0,0,0,0,0,0,1.0,0.170354,0,0.0,0,56,1,0,0.7743,0.1445,GREEN,46,Bengaluru
CLM0040011,BEN_00119,Jayanagar,2024-09-08,13,0,0,0,0,0,0,0,0,0,0.0,0.221757,0,0.0,0,17,3,4,0.6694,0.0,GREEN,44,Bengaluru
CLM0040012,BEN_04758,Whitefield,2024-09-15,14,0,0,0,0,0,0,0,0,0,0.0,0.431733,0,0.0,0,169,0,0,0.734,0.0455,GREEN,49,Bengaluru
CLM0040013,BEN_02070,Yelahanka,2021-07-14,13,0,0,0,1,0,1,0,0,0,1.0,0.0,0,0.0,0,224,1,1,0.3593,0.3218,YELLOW,37,Bengaluru
CLM0040014,BEN_08491,Whitefield,2023-08-11,14,0,0,0,0,0,0,0,0,0,0.0,1.0,0,0.0,0,59,4,0,0.8968,0.0,GREEN,42,Bengaluru
CLM0040015,BEN_00112,Whitefield,2022-07-05,16,0,0,0,0,0,0,0,0,0,0.0,1.0,0,0.0,0,100,4,0,0.656,0.0429,GREEN,40,Bengaluru
CLM0040016,BEN_07005,Rajajinagar,2020-09-14,20,0,0,0,0,0,0,0,0,0,1.0,0.152275,0,0.0,0,260,4,5,0.9561,0.0251,GREEN,52,Bengaluru
CLM0040017,BEN_05918,Koramangala,2021-12-04,15,0,0,0,0,0,0,0,0,0,0.0,0.866161,0,0.0,0,405,4,2,0.617,0.0,GREEN,44,Bengaluru
CLM0040018,BEN_06467,Rajajinagar,2025-10-13,15,0,0,0,0,0,0,0,0,0,0.0,0.245687,0,0.0,1,294,0,1,0.05,0.1088,GREEN,55,Bengaluru
CLM0040019,BEN_01882,Yelahanka,2018-12-11,21,0,0,0,0,0,0,0,0,1,0.0,0.263013,0,0.0,0,420,3,0,0.1612,0.1194,GREEN,27,Bengaluru
CLM0040020,BEN_05589,BTM Layout,2017-04-16,17,0,0,0,0,1,1,0,0,0,0.0,0.4313,1,0.0,0,310,3,0,0.9331,0.2046,GREEN,40,Bengaluru
CLM0040021,BEN_05601,BTM Layout,2018-10-31,19,0,0,0,0,0,0,0,0,0,1.0,0.318639,0,0.0,0,200,4,3,0.05,0.1024,GREEN,54,Bengaluru
CLM0040022,BEN_02226,Whitefield,2018-02-24,19,0,0,0,0,1,1,0,1,1,0.0,0.093247,1,0.0,0,28,3,18,0.8363,0.0239,GREEN,35,Bengaluru
CLM0040023,BEN_07898,Marathahalli,2017-10-19,8,0,0,0,0,0,0,0,0,0,0.0,0.28294,0,0.0,0,420,1,5,0.1073,0.0601,GREEN,43,Bengaluru
CLM0040024,BEN_01078,Electronic City,2024-10-12,20,0,0,0,0,0,0,0,0,0,0.0,0.971763,0,0.0,0,70,4,0,0.8748,0.0394,GREEN,47,Bengaluru
CLM0040025,BEN_06300,Marathahalli,2022-02-13,13,0,0,0,0,0,0,0,0,0,0.0,0.102174,0,0.0,0,131,4,3,0.362,0.0,GREEN,52,Bengaluru
CLM0040026,BEN_06137,Rajajinagar,2023-05-24,13,0,0,0,0,0,1,0,0,0,0.0,0.29342,0,0.0,0,216,2,5,0.6934,0.0503,GREEN,57,Bengaluru
CLM0040027,BEN_01231,Indiranagar,2023-04-14,20,0,0,0,0,0,0,0,0,0,0.0,0.376324,0,0.0,0,136,2,2,0.651,0.0072,GREEN,37,Bengaluru
CLM0040028,BEN_05587,Electronic City,2022-09-16,8,0,0,0,0,0,0,0,0,0,0.0,0.293311,0,0.0,0,103,0,4,0.7278,0.0,GREEN,27,Bengaluru
CLM0040029,BEN_07081,BTM Layout,2019-11-23,14,0,0,0,0,0,0,0,0,0,0.0,0.275593,0,0.0,0,85,1,2,0.98,0.0,GREEN,33,Bengaluru
CLM0040030,BEN_07785,Rajajinagar,2021-10-10,12,0,1,1,0,0,0,1,1,0,0.0,0.062059,0,0.0,0,130,4,3,0.2569,0.1736,GREEN,45,Bengaluru
CLM0040031,BEN_05833,HSR Layout,2016-10-04,19,0,0,0,1,0,0,0,0,0,0.0,0.342336,0,0.0,0,420,1,3,0.98,0.0965,GREEN,39,Bengaluru
CLM0040032,BEN_08437,Marathahalli,2019-02-12,20,0,0,0,0,0,0,0,1,0,0.0,0.126088,0,0.0,0,420,4,3,0.7283,0.0498,GREEN,50,Bengaluru
CLM0040033,BEN_05380,Indiranagar,2016-04-08,13,0,0,0,0,0,0,0,0,0,0.0,0.312991,0,0.0,0,239,4,1,0.8983,0.0759,GREEN,45,Bengaluru
CLM0040034,BEN_07291,Rajajinagar,2025-12-04,9,0,1,1,0,0,1,1,1,0,0.0,0.24181,0,1.0,0,411,0,0,0.8396,0.2644,GREEN,44,Bengaluru
CLM0040035,BEN_04909,HSR Layout,2018-05-19,19,0,0,0,0,0,0,0,0,0,0.0,0.198345,0,0.0,0,46,0,1,0.7828,0.0114,GREEN,39,Bengaluru
CLM0040036,BEN_02822,Koramangala,2024-08-04,8,0,0,0,0,0,0,0,0,0,0.0,0.120356,0,0.0,0,90,0,5,0.6441,0.0,GREEN,59,Bengaluru
CLM0040037,BEN_01145,Rajajinagar,2024-07-08,14,0,0,0,0,0,0,0,0,0,0.0,0.271102,0,1.0,0,308,3,2,0.4023,0.091,GREEN,41,Bengaluru
CLM0040038,BEN_02712,Indiranagar,2025-11-07,14,0,0,0,0,0,0,0,0,0,0.0,1.0,0,0.0,0,133,0,0,0.9486,0.049,GREEN,39,Bengaluru
CLM0040039,BEN_00144,Jayanagar,2025-09-14,15,0,0,0,1,0,0,0,1,0,0.0,0.005926,0,0.0,0,278,1,4,0.3096,0.2456,GREEN,41,Bengaluru
CLM0040040,BEN_09249,Whitefield,2024-08-15,18,0,0,0,0,0,0,0,0,0,0.0,0.042971,0,0.0,0,236,0,4,0.3112,0.0268,GREEN,24,Bengaluru
CLM0040041,BEN_05428,HSR Layout,2025-12-18,8,0,0,0,0,0,0,0,0,0,0.0,0.324222,0,0.0,0,10,4,3,0.2168,0.0,GREEN,32,Bengaluru
CLM0040042,BEN_06871,Rajajinagar,2025-11-05,13,0,0,0,0,0,0,0,0,0,0.0,0.02272,0,0.0,0,109,4,8,0.8286,0.0819,GREEN,47,Bengaluru
CLM0040043,BEN_08707,Indiranagar,2025-04-21,9,0,0,0,0,0,1,0,0,0,0.0,0.090949,0,0.0,0,251,0,0,0.8782,0.1082,GREEN,40,Bengaluru
CLM0040044,BEN_03472,BTM Layout,2025-07-19,14,0,0,0,0,0,1,0,0,0,0.0,0.288533,0,0.0,1,365,4,0,0.5894,0.1384,GREEN,32,Bengaluru
CLM0040045,BEN_00476,Electronic City,2025-03-03,9,0,0,0,0,0,0,0,0,0,0.0,0.221702,0,0.0,0,420,3,0,0.8888,0.0,GREEN,21,Bengaluru
CLM0040046,BEN_00687,HSR Layout,2024-07-01,15,0,0,0,1,0,0,0,0,0,1.0,0.316977,0,0.0,0,146,3,1,0.8165,0.2137,GREEN,41,Bengaluru
CLM0040047,BEN_09957,Marathahalli,2025-05-21,16,0,0,0,0,1,0,0,0,0,0.0,0.152304,0,0.0,0,333,2,2,0.7558,0.1639,GREEN,57,Bengaluru
CLM0040048,BEN_03072,Yelahanka,2021-03-07,10,0,0,0,0,0,0,0,0,0,0.0,0.112584,0,0.0,0,43,0,1,0.765,0.1353,GREEN,36,Bengaluru
CLM0040049,BEN_06280,Marathahalli,2019-11-26,19,0,0,0,0,0,1,0,0,0,0.0,0.306589,0,0.0,1,420,0,0,0.98,0.1212,GREEN,47,Bengaluru
CLM0040050,BEN_06507,Yelahanka,2022-12-08,16,0,0,0,0,0,0,0,0,0,0.0,0.201989,0,0.0,0,302,4,7,0.8808,0.0,GREEN,59,Bengaluru
CLM0040051,BEN_00250,Indiranagar,2019-12-28,17,0,0,0,0,0,1,0,0,0,0.0,0.445454,0,0.0,0,175,4,2,0.7437,0.1157,GREEN,53,Bengaluru
CLM0040052,BEN_01589,Koramangala,2018-05-13,16,0,0,0,0,0,0,0,0,0,0.0,0.004139,0,0.0,0,96,1,3,0.6817,0.1445,GREEN,64,Bengaluru
CLM0040053,BEN_05976,Jayanagar,2025-10-12,11,0,0,0,0,0,0,0,0,0,0.0,0.359728,0,0.0,0,117,2,2,0.7741,0.0,GREEN,33,Bengaluru
CLM0040054,BEN_05101,Marathahalli,2017-06-28,9,0,0,0,0,0,0,0,1,0,0.0,0.289096,0,0.0,0,350,3,0,0.9186,0.0293,GREEN,26,Bengaluru
CLM0040055,BEN_03315,Whitefield,2017-11-16,16,0,0,0,0,0,0,0,0,0,1.0,0.283823,0,0.0,0,333,3,1,0.7305,0.0063,GREEN,42,Bengaluru
CLM0040056,BEN_08660,BTM Layout,2025-01-09,20,0,0,0,0,0,0,0,0,0,0.0,0.188677,0,0.0,0,165,1,3,0.2338,0.0,GREEN,27,Bengaluru
CLM0040057,BEN_09542,Indiranagar,2019-02-22,14,0,0,0,0,0,0,0,0,0,0.0,0.212486,0,0.0,0,354,2,0,0.8999,0.1593,GREEN,51,Bengaluru
CLM0040058,BEN_02203,Koramangala,2021-01-30,12,0,0,0,0,0,0,0,0,0,1.0,0.025239,0,0.0,0,112,0,3,0.9636,0.0384,GREEN,58,Bengaluru
CLM0040059,BEN_04456,Indiranagar,2019-04-10,15,0,1,1,1,0,1,1,1,1,1.0,0.968749,0,0.0,1,5,0,18,0.0924,0.7241,RED,47,Bengaluru
CLM0040060,BEN_09445,Indiranagar,2016-11-28,19,0,1,1,0,0,0,0,0,1,0.0,0.301025,0,0.0,0,386,0,2,0.98,0.6182,RED,33,Bengaluru
CLM0040061,BEN_07637,Jayanagar,2025-03-08,16,0,1,1,1,0,1,1,1,1,1.0,1.0,0,1.0,0,15,2,18,0.3019,0.5819,YELLOW,51,Bengaluru
CLM0040062,BEN_03342,HSR Layout,2019-11-20,16,0,1,1,0,1,1,1,1,1,0.0,0.955107,0,1.0,0,5,2,18,0.0571,0.6706,RED,42,Bengaluru
CLM0040063,BEN_00644,Koramangala,2016-09-18,14,0,1,1,1,1,1,1,1,1,0.0,0.257387,0,0.0,1,24,2,18,0.2988,0.8014,RED,41,Bengaluru
CLM0040064,BEN_01238,Koramangala,2024-03-01,17,0,1,1,1,1,0,0,0,1,0.0,0.293443,0,0.0,0,5,1,18,0.2054,0.5789,YELLOW,40,Bengaluru
CLM0040065,BEN_00127,Rajajinagar,2019-10-18,19,0,1,1,0,1,1,0,1,1,0.0,0.089171,1,0.0,0,5,0,18,0.9522,0.6113,RED,59,Bengaluru
CLM0040066,BEN_03309,Indiranagar,2023-03-10,17,0,1,1,0,1,0,0,0,1,1.0,0.922166,1,0.0,1,18,2,18,0.2888,0.4868,YELLOW,45,Bengaluru
CLM0040067,BEN_04359,Jayanagar,2021-01-22,17,0,1,1,1,1,0,1,0,1,0.0,0.928362,0,0.0,1,6,0,18,0.1537,0.7781,RED,48,Bengaluru
CLM0040068,BEN_08651,Electronic City,2015-11-15,18,0,1,1,1,0,1,0,1,1,0.0,0.094404,0,0.0,1,5,0,18,0.8471,0.6219,RED,54,Bengaluru
CLM0040069,BEN_06295,Marathahalli,2024-12-13,18,0,0,0,0,0,1,0,0,0,1.0,0.290163,0,1.0,0,212,0,4,0.05,0.1381,GREEN,38,Bengaluru
CLM0040070,BEN_05390,Electronic City,2020-07-01,17,0,1,1,0,0,0,0,0,0,0.0,0.099658,0,0.0,0,77,2,1,0.793,0.0921,GREEN,48,Bengaluru
CLM0040071,BEN_08672,Jayanagar,2023-03-07,11,0,0,0,0,0,0,0,0,0,0.0,0.177833,0,0.0,0,338,4,0,0.4434,0.0206,GREEN,45,Bengaluru
CLM0040072,BEN_08572,Yelahanka,2021-04-20,9,0,0,0,0,0,0,0,0,0,1.0,0.296381,0,0.0,0,49,0,6,0.9573,0.0353,GREEN,43,Bengaluru
CLM0040073,BEN_03673,Indiranagar,2021-01-12,12,0,0,0,0,0,1,0,0,0,0.0,0.014858,0,0.0,0,39,3,6,0.6309,0.1142,GREEN,40,Bengaluru
CLM0040074,BEN_03253,Marathahalli,2023-04-27,13,0,0,0,0,0,0,0,0,0,0.0,0.184709,0,1.0,0,366,0,3,0.7686,0.0031,GREEN,43,Bengaluru
CLM0040075,BEN_08756,Whitefield,2020-11-20,13,0,0,0,0,0,0,0,0,0,0.0,0.201884,0,0.0,0,218,1,6,0.7909,0.1066,GREEN,42,Bengaluru
CLM0040076,BEN_03712,Electronic City,2023-01-18,13,0,0,0,0,0,0,0,0,0,0.0,1.0,0,0.0,0,220,0,1,0.6603,0.0,GREEN,44,Bengaluru
CLM0040077,BEN_07924,Whitefield,2025-07-08,9,0,0,0,0,0,0,0,0,0,0.0,0.3235,0,0.0,0,369,3,0,0.536,0.0,GREEN,48,Bengaluru
CLM0040078,BEN_03847,Electronic City,2023-05-26,11,0,0,0,0,0,0,0,0,0,0.0,1.0,0,0.0,0,316,3,4,0.7153,0.0226,GREEN,62,Bengaluru
CLM0040079,BEN_06469,Marathahalli,2022-06-25,11,0,0,0,0,0,1,0,0,0,0.0,0.292867,0,0.0,0,73,0,0,0.7616,0.0537,GREEN,37,Bengaluru
CLM0040080,BEN_03702,BTM Layout,2023-03-29,17,0,0,0,0,0,1,0,0,0,0.0,1.0,0,0.0,0,156,3,1,0.7341,0.1454,GREEN,44,Bengaluru
CLM0040081,BEN_09809,Marathahalli,2020-10-21,21,0,0,0,0,0,1,0,1,0,0.0,0.116903,0,1.0,1,220,2,3,0.5414,0.228,GREEN,44,Bengaluru
CLM0040082,BEN_01819,Rajajinagar,2021-10-03,9,0,0,0,0,0,0,0,0,0,0.0,0.314847,0,0.0,0,420,2,1,0.7303,0.0,GREEN,46,Bengaluru
CLM0040083,BEN_07582,Indiranagar,2019-05-18,20,0,0,0,0,0,0,0,0,0,1.0,0.259665,0,0.0,0,222,3,1,0.9078,0.0711,GREEN,43,Bengaluru
CLM0040084,BEN_04296,Electronic City,2019-07-09,12,0,0,0,0,0,0,0,0,0,1.0,0.393153,0,0.0,0,186,1,3,0.6421,0.0145,GREEN,39,Bengaluru
CLM0040085,BEN_01777,Yelahanka,2023-07-25,19,0,0,0,0,0,0,0,0,0,0.0,0.301274,0,0.0,0,287,1,3,0.7457,0.0877,GREEN,34,Bengaluru
CLM0040086,BEN_06323,Jayanagar,2025-11-04,17,0,0,0,0,0,0,0,0,0,0.0,0.004677,0,0.0,0,235,0,5,0.898,0.0221,GREEN,46,Bengaluru
CLM0040087,BEN_02205,Indiranagar,2023-05-04,16,0,0,0,1,0,1,1,1,1,0.0,0.181543,0,0.0,0,5,0,18,0.9005,0.1218,GREEN,30,Bengaluru
CLM0040088,BEN_06453,BTM Layout,2023-04-24,13,0,0,0,0,0,0,0,0,0,0.0,0.0,0,0.0,0,414,2,2,0.1112,0.027,GREEN,33,Bengaluru
CLM0040089,BEN_07454,Indiranagar,2024-08-08,8,0,0,0,0,0,0,0,0,1,0.0,0.285616,0,0.0,0,142,0,0,0.8073,0.0807,GREEN,57,Bengaluru
CLM0040090,BEN_01820,Marathahalli,2025-02-08,13,0,0,0,0,0,0,0,0,0,0.0,0.016614,0,0.0,0,360,4,0,0.8492,0.0043,GREEN,53,Bengaluru
CLM0040091,BEN_04620,Indiranagar,2025-03-06,20,0,0,0,0,0,0,1,0,1,0.0,0.44324,0,0.0,0,155,4,0,0.5398,0.2098,GREEN,37,Bengaluru
CLM0040092,BEN_06045,Koramangala,2025-04-04,13,0,0,0,0,1,0,0,0,0,0.0,0.0,0,0.0,0,110,1,0,0.8392,0.1456,GREEN,24,Bengaluru
CLM0040093,BEN_03604,Koramangala,2025-02-28,14,0,0,0,0,0,0,0,0,0,0.0,0.0,0,0.0,0,219,1,4,0.6651,0.105,GREEN,46,Bengaluru
CLM0040094,BEN_05683,Marathahalli,2017-06-17,19,0,0,0,0,0,0,0,1,0,0.0,0.324074,0,0.0,0,162,3,1,0.7327,0.0551,GREEN,51,Bengaluru
CLM0040095,BEN_03344,Indiranagar,2018-03-05,11,0,0,0,0,0,0,1,0,1,0.0,0.144922,0,0.0,0,413,4,2,0.8942,0.254,GREEN,49,Bengaluru
CLM0040096,BEN_07514,Yelahanka,2024-12-21,20,0,0,0,0,0,1,0,0,0,0.0,0.960215,0,0.0,0,241,3,0,0.9018,0.1225,GREEN,34,Bengaluru
CLM0040097,BEN_06809,Koramangala,2022-08-20,18,0,0,0,0,0,0,0,0,1,0.0,0.224531,0,0.0,0,144,0,3,0.98,0.1409,GREEN,50,Bengaluru
CLM0040098,BEN_04844,Indiranagar,2018-03-22,9,0,0,0,0,0,0,0,0,0,0.0,0.350318,0,0.0,0,420,2,1,0.6276,0.0,GREEN,43,Bengaluru
CLM0040099,BEN_04938,Yelahanka,2018-04-06,12,0,0,0,0,0,0,0,0,0,0.0,0.166198,0,0.0,0,112,2,2,0.6802,0.0,GREEN,54,Bengaluru
CLM0040100,BEN_08618,Koramangala,2025-08-03,9,0,0,0,0,0,0,0,0,0,0.0,1.0,0,0.0,0,228,1,0,0.5519,0.0289,GREEN,38,Bengaluru
CLM0040101,BEN_04868,Rajajinagar,2023-04-07,17,0,0,0,1,0,1,0,0,0,0.0,0.031474,0,0.0,0,44,1,0,0.8122,0.2886,GREEN,29,Bengaluru
CLM0040102,BEN_08075,Whitefield,2017-09-28,18,0,0,0,0,0,0,0,0,0,0.0,0.220302,0,0.0,0,343,2,0,0.7605,0.0389,GREEN,24,Bengaluru
CLM0040103,BEN_02659,HSR Layout,2025-08-23,7,0,0,0,0,1,0,0,0,0,0.0,0.07784,0,0.0,0,271,3,2,0.98,0.15,GREEN,26,Bengaluru
CLM0040104,BEN_09732,Yelahanka,2025-09-29,13,0,0,0,0,0,0,0,0,0,0.0,0.195536,0,0.0,0,176,3,1,0.98,0.0269,GREEN,39,Bengaluru
CLM0040105,BEN_08430,Jayanagar,2022-07-29,7,0,0,0,0,0,0,0,0,0,0.0,0.062992,0,0.0,0,77,4,0,0.5547,0.0136,GREEN,36,Bengaluru
CLM0040106,BEN_06265,BTM Layout,2023-11-29,12,0,0,0,0,0,1,0,0,0,0.0,0.397811,0,1.0,0,339,4,2,0.6673,0.1371,GREEN,48,Bengaluru
CLM0040107,BEN_07640,HSR Layout,2024-04-19,7,0,0,0,0,0,0,0,0,0,0.0,0.230905,0,0.0,0,81,1,4,0.8653,0.0261,GREEN,59,Bengaluru
CLM0040108,BEN_03289,HSR Layout,2025-03-25,12,0,0,0,0,1,0,0,0,0,0.0,0.309085,0,0.0,0,106,3,4,0.6942,0.1012,GREEN,42,Bengaluru
CLM0040109,BEN_04929,Whitefield,2025-10-04,20,0,0,0,0,0,0,0,0,0,0.0,0.155477,0,1.0,0,222,3,1,0.6531,0.0382,GREEN,61,Bengaluru
CLM0040110,BEN_02888,Indiranagar,2025-05-19,19,0,0,0,0,0,0,0,0,0,0.0,0.171703,0,0.0,0,82,0,1,0.8503,0.0,GREEN,52,Bengaluru
CLM0040111,BEN_07720,Koramangala,2024-12-12,13,0,0,0,0,0,0,0,0,0,0.0,0.105144,0,0.0,0,160,2,1,0.8242,0.0046,GREEN,59,Bengaluru
CLM0040112,BEN_00495,Jayanagar,2024-08-02,21,0,1,1,0,0,0,1,0,0,0.0,0.171734,0,0.0,0,330,2,1,0.2817,0.0852,GREEN,55,Bengaluru
CLM0040113,BEN_09356,HSR Layout,2025-02-03,17,0,0,0,0,0,0,0,0,0,0.0,0.084383,0,0.0,0,173,4,0,0.6438,0.0,GREEN,58,Bengaluru
CLM0040114,BEN_05758,HSR Layout,2025-12-18,9,0,0,0,0,1,0,1,0,0,0.0,0.025894,0,0.0,0,287,1,0,0.2362,0.166,GREEN,40,Bengaluru
CLM0040115,BEN_09226,Jayanagar,2025-12-16,13,0,0,0,0,0,0,0,0,0,1.0,0.998489,0,0.0,0,177,1,1,0.7091,0.0226,GREEN,48,Bengaluru
CLM0040116,BEN_04749,Koramangala,2022-04-15,12,0,0,0,0,0,0,1,0,0,0.0,0.0,0,0.0,0,420,4,4,0.98,0.0427,GREEN,43,Bengaluru
CLM0040117,BEN_04091,BTM Layout,2024-09-30,21,0,0,0,0,0,0,0,0,0,0.0,0.016636,0,0.0,0,209,0,0,0.7716,0.0617,GREEN,42,Bengaluru
CLM0040118,BEN_02089,Marathahalli,2024-10-11,17,0,0,0,0,0,0,0,0,0,0.0,0.251596,0,0.0,0,136,2,0,0.7946,0.085,GREEN,34,Bengaluru
CLM0040119,BEN_00759,Koramangala,2022-09-22,9,0,0,0,0,0,0,1,0,0,0.0,0.335684,1,0.0,0,52,1,0,0.5183,0.0737,GREEN,39,Bengaluru
CLM0040120,BEN_01141,Electronic City,2021-05-23,8,0,0,0,0,1,0,0,0,0,0.0,0.005677,0,0.0,0,387,0,1,0.98,0.1942,GREEN,41,Bengaluru
CLM0040121,BEN_01814,Yelahanka,2022-12-21,12,0,0,0,0,0,0,0,0,0,0.0,0.35739,0,0.0,1,330,1,5,0.98,0.1567,GREEN,54,Bengaluru
CLM0040122,BEN_07264,BTM Layout,2021-07-06,21,0,0,0,0,0,0,0,1,0,1.0,0.0,0,0.0,0,215,0,6,0.05,0.1388,GREEN,45,Bengaluru
CLM0040123,BEN_10000,Koramangala,2021-11-08,15,0,0,0,0,0,0,0,0,0,0.0,0.499255,0,0.0,0,264,2,5,0.05,0.0039,GREEN,39,Bengaluru
CLM0040124,BEN_06302,Rajajinagar,2023-03-12,20,0,0,0,0,0,0,0,0,0,0.0,0.161233,1,0.0,0,39,1,4,0.977,0.055,GREEN,58,Bengaluru
CLM0040125,BEN_01331,Jayanagar,2023-07-18,10,0,0,0,0,0,0,0,0,0,0.0,1.0,0,0.0,0,420,0,0,0.737,0.0,GREEN,33,Bengaluru
CLM0040126,BEN_09395,HSR Layout,2023-11-23,12,0,0,0,0,0,0,0,0,0,0.0,0.23605,0,0.0,0,420,4,1,0.5512,0.004,GREEN,52,Bengaluru
CLM0040127,BEN_02652,BTM Layout,2021-01-04,13,0,0,0,0,0,0,0,0,0,0.0,0.166598,0,0.0,0,324,1,0,0.264,0.0712,GREEN,29,Bengaluru
CLM0040128,BEN_04189,Indiranagar,2025-03-06,14,0,0,0,0,0,0,0,0,0,0.0,0.181178,0,0.0,1,398,4,3,0.4734,0.1296,GREEN,47,Bengaluru
CLM0040129,BEN_01779,Marathahalli,2023-11-25,8,0,0,0,1,0,0,0,1,0,0.0,0.181936,0,0.0,0,296,1,2,0.05,0.2821,GREEN,42,Bengaluru
CLM0040130,BEN_02326,Whitefield,2025-11-12,13,0,0,0,0,0,1,0,0,0,1.0,0.366064,0,0.0,0,364,0,4,0.6069,0.1726,GREEN,40,Bengaluru
CLM0040131,BEN_04398,Yelahanka,2024-12-07,18,0,0,0,0,0,0,0,0,0,0.0,0.287115,0,0.0,0,225,2,6,0.6481,0.056,GREEN,43,Bengaluru
CLM0040132,BEN_06667,HSR Layout,2024-07-16,17,0,0,0,0,0,0,0,0,0,0.0,0.347545,0,0.0,0,5,0,2,0.6508,0.0,GREEN,38,Bengaluru
CLM0040133,BEN_08681,Koramangala,2023-03-02,18,0,0,0,0,0,0,0,0,0,0.0,0.417921,0,0.0,0,133,2,2,0.8197,0.0168,GREEN,52,Bengaluru
CLM0040134,BEN_04778,Whitefield,2022-04-03,18,0,0,0,0,0,0,0,0,0,0.0,0.037091,0,0.0,0,51,3,5,0.8455,0.0,GREEN,51,Bengaluru
CLM0040135,BEN_06051,Rajajinagar,2023-09-23,12,0,0,0,0,0,0,0,0,0,0.0,1.0,0,0.0,0,148,3,1,0.296,0.0769,GREEN,44,Bengaluru
CLM0040136,BEN_00344,Whitefield,2024-08-01,17,0,0,0,0,0,0,0,0,0,0.0,0.048693,0,0.0,0,411,3,2,0.98,0.0,GREEN,45,Bengaluru
CLM0040137,BEN_07581,Yelahanka,2022-02-18,11,0,0,0,0,0,0,0,0,0,0.0,0.070184,0,0.0,0,401,2,7,0.6146,0.0,GREEN,53,Bengaluru
CLM0040138,BEN_03177,Whitefield,2021-03-04,17,0,1,1,0,0,0,0,0,0,0.0,0.06063,0,0.0,0,253,0,0,0.8605,0.4978,YELLOW,47,Bengaluru
CLM0040139,BEN_06890,BTM Layout,2023-07-01,9,0,1,1,0,0,1,1,0,0,1.0,0.291672,0,1.0,1,5,1,18,0.3794,0.303,GREEN,36,Bengaluru
CLM0040140,BEN_07784,BTM Layout,2025-12-30,19,0,0,0,0,1,0,0,0,1,0.0,0.423837,0,0.0,1,201,4,0,0.98,0.3036,GREEN,41,Bengaluru
CLM0040141,BEN_02538,Rajajinagar,2023-07-31,7,0,1,1,0,0,0,0,1,0,1.0,0.3015,0,0.0,0,420,3,4,0.3843,0.1008,GREEN,50,Bengaluru
CLM0040142,BEN_09379,Yelahanka,2024-10-25,13,0,0,0,0,0,0,0,1,0,0.0,0.344083,0,0.0,0,204,2,3,0.7923,0.1403,GREEN,39,Bengaluru
CLM0040143,BEN_02628,Indiranagar,2024-05-05,20,0,0,0,1,1,0,1,0,0,1.0,0.382092,0,1.0,1,5,3,18,0.2811,0.0,GREEN,53,Bengaluru
CLM0040144,BEN_05269,Marathahalli,2024-01-16,7,0,0,0,0,0,0,0,0,0,0.0,0.407445,0,1.0,0,147,1,0,0.9349,0.0,GREEN,50,Bengaluru
CLM0040145,BEN_02830,Yelahanka,2025-12-15,13,0,0,0,0,0,0,0,0,0,1.0,0.431896,0,0.0,0,127,1,4,0.98,0.1367,GREEN,44,Bengaluru
CLM0040146,BEN_09513,Indiranagar,2024-10-15,13,0,0,0,0,0,0,0,0,0,0.0,0.007099,0,1.0,0,278,1,4,0.2343,0.0,GREEN,60,Bengaluru
CLM0040147,BEN_03674,Yelahanka,2025-11-13,14,0,0,0,0,0,1,0,0,0,0.0,0.240064,0,0.0,0,318,1,4,0.4854,0.0818,GREEN,40,Bengaluru
CLM0040148,BEN_03308,Electronic City,2025-04-21,18,0,0,0,0,0,0,0,0,0,0.0,0.091246,0,0.0,0,111,4,3,0.0915,0.0448,GREEN,34,Bengaluru
CLM0040149,BEN_06296,Whitefield,2019-12-28,13,0,0,0,0,0,0,0,0,0,1.0,0.304424,0,0.0,1,29,3,3,0.8737,0.0342,GREEN,36,Bengaluru
CLM0040150,BEN_05871,Indiranagar,2020-08-26,21,0,0,0,0,0,0,0,0,0,0.0,0.285219,0,0.0,0,167,1,0,0.7123,0.0681,GREEN,60,Bengaluru
CLM0040151,BEN_08372,BTM Layout,2025-08-15,11,0,0,0,0,0,0,0,0,0,0.0,0.0,0,0.0,1,31,3,0,0.4724,0.0939,GREEN,32,Bengaluru
CLM0040152,BEN_07848,Whitefield,2025-08-04,17,0,0,0,0,0,0,0,0,0,0.0,0.047987,0,0.0,0,47,3,4,0.8917,0.0,GREEN,35,Bengaluru
CLM0040153,BEN_05868,Indiranagar,2025-07-04,19,0,0,0,0,0,0,0,0,0,1.0,1.0,0,0.0,0,384,2,1,0.2936,0.0609,GREEN,52,Bengaluru
CLM0040154,BEN_06716,BTM Layout,2025-08-10,21,0,0,0,0,0,0,0,0,0,0.0,0.15235,0,0.0,0,173,4,1,0.1123,0.0376,GREEN,43,Bengaluru
CLM0040155,BEN_03819,Koramangala,2025-12-09,20,0,0,0,0,0,0,0,0,1,0.0,0.331649,0,0.0,0,420,3,3,0.8703,0.0553,GREEN,32,Bengaluru
CLM0040156,BEN_05085,HSR Layout,2024-09-01,9,0,0,0,0,0,0,0,0,0,0.0,0.041841,0,0.0,0,185,0,6,0.8342,0.0,GREEN,37,Bengaluru
CLM0040157,BEN_04153,Yelahanka,2022-12-10,13,0,0,0,0,0,0,1,0,0,0.0,0.190127,0,0.0,0,286,2,3,0.6298,0.0493,GREEN,55,Bengaluru
CLM0040158,BEN_05379,Indiranagar,2025-10-24,17,0,0,0,0,0,0,0,0,0,0.0,0.13864,0,0.0,0,325,2,3,0.8926,0.0,GREEN,37,Bengaluru
CLM0040159,BEN_00933,Yelahanka,2024-04-05,19,0,0,0,0,0,1,0,0,0,0.0,0.05968,1,0.0,0,184,1,9,0.6881,0.2298,GREEN,35,Bengaluru
CLM0040160,BEN_01725,Rajajinagar,2021-08-18,7,0,0,0,0,0,0,0,1,0,0.0,0.031152,0,0.0,1,420,4,3,0.6827,0.11,GREEN,54,Bengaluru
CLM0040161,BEN_08943,Rajajinagar,2019-04-13,10,0,0,0,0,0,0,0,0,0,0.0,0.917017,0,0.0,0,170,2,3,0.05,0.0,GREEN,29,Bengaluru
CLM0040162,BEN_03716,Indiranagar,2024-11-02,18,0,0,0,0,0,0,0,0,0,0.0,1.0,0,0.0,0,378,1,2,0.8132,0.042,GREEN,51,Bengaluru
CLM0040163,BEN_03989,Electronic City,2021-06-01,14,0,0,0,0,0,0,0,0,0,0.0,0.430564,0,0.0,0,196,0,0,0.861,0.0,GREEN,30,Bengaluru
CLM0040164,BEN_05507,Electronic City,2020-08-25,20,0,0,0,1,0,0,0,0,0,0.0,0.137487,0,0.0,0,389,4,3,0.8354,0.1447,GREEN,23,Bengaluru
CLM0040165,BEN_07068,Whitefield,2024-06-09,20,0,0,0,1,0,0,0,0,0,0.0,0.243768,1,0.0,0,282,0,3,0.5802,0.0,GREEN,34,Bengaluru
CLM0040166,BEN_09593,Koramangala,2024-08-12,13,0,0,0,0,0,0,1,0,0,0.0,0.05419,0,0.0,0,206,3,5,0.9732,0.1425,GREEN,43,Bengaluru
CLM0040167,BEN_05138,Indiranagar,2025-08-03,21,0,0,0,0,0,0,0,1,0,1.0,0.090493,0,0.0,0,392,2,0,0.728,0.1386,GREEN,47,Bengaluru
CLM0040168,BEN_05200,Koramangala,2025-12-22,21,0,0,0,0,0,0,0,0,0,0.0,0.057769,0,0.0,0,344,1,0,0.2425,0.0712,GREEN,56,Bengaluru
CLM0040169,BEN_09640,Electronic City,2024-05-12,17,0,0,0,0,0,0,1,0,0,1.0,0.07904,0,0.0,0,321,2,2,0.9158,0.1445,GREEN,55,Bengaluru
CLM0040170,BEN_01669,Koramangala,2024-08-07,8,0,0,0,1,0,0,0,0,0,0.0,0.355832,0,0.0,0,195,4,0,0.98,0.2598,GREEN,46,Bengaluru
CLM0040171,BEN_07743,Yelahanka,2023-09-25,8,0,0,0,0,0,0,0,0,0,0.0,0.026411,0,0.0,0,95,1,6,0.764,0.0145,GREEN,39,Bengaluru
CLM0040172,BEN_08050,BTM Layout,2024-05-22,10,0,1,1,0,0,0,0,0,0,1.0,0.180745,0,0.0,0,55,2,0,0.9632,0.0243,GREEN,44,Bengaluru
CLM0040173,BEN_04890,Yelahanka,2025-07-09,12,0,0,0,0,0,0,0,0,0,1.0,1.0,0,1.0,0,92,4,0,0.8215,0.0382,GREEN,53,Bengaluru
CLM0040174,BEN_06708,Whitefield,2023-08-29,15,0,0,0,0,0,1,0,0,0,0.0,0.212843,0,0.0,0,81,3,3,0.4502,0.0873,GREEN,40,Bengaluru
CLM0040175,BEN_04868,Rajajinagar,2024-12-10,11,0,0,0,0,0,1,0,1,0,0.0,0.172747,0,0.0,0,385,1,3,0.209,0.1527,GREEN,29,Bengaluru
CLM0040176,BEN_05360,Whitefield,2023-08-06,13,0,0,0,0,0,0,1,0,0,0.0,0.234785,0,0.0,0,420,1,5,0.3422,0.1232,GREEN,37,Bengaluru
CLM0040177,BEN_00824,Indiranagar,2025-12-26,9,0,0,0,0,0,0,0,0,0,0.0,0.975323,0,0.0,0,420,0,2,0.2257,0.0,GREEN,52,Bengaluru
CLM0040178,BEN_04425,Marathahalli,2021-12-07,9,0,1,1,0,0,1,0,0,0,0.0,0.0,1,0.0,0,139,4,0,0.6493,0.1562,GREEN,59,Bengaluru
CLM0040179,BEN_04593,BTM Layout,2023-12-07,10,0,0,0,0,0,0,0,0,0,0.0,0.177963,0,0.0,0,23,2,6,0.6894,0.0267,GREEN,35,Bengaluru
CLM0040180,BEN_07929,BTM Layout,2021-06-18,19,0,0,0,0,0,0,0,0,0,0.0,0.0,1,0.0,0,402,0,3,0.6348,0.0607,GREEN,45,Bengaluru
CLM0040181,BEN_03069,Yelahanka,2023-06-24,14,0,0,0,0,0,0,1,0,0,0.0,0.150992,0,0.0,0,47,4,3,0.6196,0.0,GREEN,41,Bengaluru
CLM0040182,BEN_06355,Rajajinagar,2023-09-21,16,0,0,0,0,0,0,1,0,0,0.0,0.277746,0,0.0,0,128,4,2,0.8109,0.0929,GREEN,51,Bengaluru
CLM0040183,BEN_02113,Electronic City,2019-07-22,12,0,0,0,0,0,0,0,0,0,0.0,0.376831,0,0.0,0,237,0,2,0.174,0.0092,GREEN,59,Bengaluru
CLM0040184,BEN_06416,BTM Layout,2023-03-15,18,0,0,0,0,0,0,0,0,0,0.0,0.063378,0,0.0,0,143,1,1,0.1029,0.0478,GREEN,59,Bengaluru
CLM0040185,BEN_05246,Koramangala,2024-08-24,10,0,0,0,0,0,1,0,0,0,0.0,0.0,0,0.0,0,420,1,2,0.4847,0.1191,GREEN,61,Bengaluru
CLM0040186,BEN_04285,Electronic City,2020-09-01,20,0,0,0,0,0,0,0,0,0,0.0,0.0962,0,0.0,0,50,2,0,0.785,0.0,GREEN,56,Bengaluru
CLM0040187,BEN_04934,Whitefield,2023-04-21,9,0,0,0,0,0,0,0,0,0,1.0,0.42048,0,0.0,0,372,0,4,0.8035,0.0,GREEN,45,Bengaluru
CLM0040188,BEN_05361,Koramangala,2023-10-30,10,0,0,0,0,1,0,0,0,0,0.0,0.124992,0,0.0,0,25,2,4,0.6692,0.1772,GREEN,45,Bengaluru
CLM0040189,BEN_03127,Whitefield,2025-05-13,18,0,0,0,0,0,0,0,0,0,0.0,0.127488,0,0.0,0,163,2,4,0.5198,0.0,GREEN,38,Bengaluru
CLM0040190,BEN_08971,Whitefield,2024-03-09,16,0,0,0,0,0,0,0,0,1,0.0,0.0,0,0.0,0,420,2,6,0.9475,0.0816,GREEN,41,Bengaluru
CLM0040191,BEN_00978,BTM Layout,2025-08-30,16,0,0,0,0,0,0,0,0,0,0.0,0.284278,0,0.0,1,187,0,0,0.274,0.0,GREEN,33,Bengaluru
CLM0040192,BEN_08586,Jayanagar,2023-11-04,10,0,0,0,0,0,1,0,0,1,0.0,0.097816,0,0.0,0,420,0,0,0.6365,0.2347,GREEN,51,Bengaluru
CLM0040193,BEN_03586,Electronic City,2023-07-01,11,0,0,0,0,0,0,0,0,0,1.0,0.115588,0,0.0,0,420,0,0,0.7332,0.1355,GREEN,44,Bengaluru
CLM0040194,BEN_07393,Jayanagar,2025-09-22,8,0,0,0,0,0,0,0,0,0,0.0,0.190239,0,0.0,0,225,1,2,0.592,0.089,GREEN,36,Bengaluru
CLM0040195,BEN_03761,Yelahanka,2025-11-03,20,0,0,0,0,0,0,0,0,0,0.0,0.23614,0,0.0,0,420,4,2,0.869,0.0,GREEN,50,Bengaluru
CLM0040196,BEN_02358,Yelahanka,2025-03-14,15,0,0,0,0,0,1,0,0,0,0.0,0.142705,0,0.0,0,413,3,3,0.5387,0.1261,GREEN,49,Bengaluru
CLM0040197,BEN_09565,Whitefield,2025-07-03,18,0,0,0,0,0,0,0,0,0,0.0,0.452466,0,0.0,0,85,2,2,0.8491,0.0806,GREEN,40,Bengaluru
CLM0040198,BEN_03410,Indiranagar,2025-12-29,16,0,0,0,0,0,0,0,0,0,0.0,0.383563,1,0.0,0,72,1,4,0.5685,0.0083,GREEN,33,Bengaluru
CLM0040199,BEN_08300,HSR Layout,2025-02-24,12,0,0,0,0,0,0,0,0,0,0.0,0.194343,0,0.0,0,420,2,6,0.7716,0.0986,GREEN,46,Bengaluru
CLM0040200,BEN_05625,BTM Layout,2025-05-07,21,0,0,0,0,0,0,0,0,0,0.0,0.377785,0,0.0,1,170,0,2,0.7621,0.0678,GREEN,41,Bengaluru
CLM0040201,BEN_00220,BTM Layout,2025-07-09,11,0,0,0,0,0,0,0,0,0,1.0,0.340215,0,0.0,0,245,1,2,0.8527,0.07,GREEN,52,Bengaluru
CLM0040202,BEN_07521,Yelahanka,2025-12-18,19,0,0,0,0,0,0,0,0,0,0.0,0.109895,1,0.0,0,420,3,2,0.7537,0.094,GREEN,32,Bengaluru
CLM0040203,BEN_04768,Electronic City,2025-03-16,17,0,0,0,0,0,0,0,0,0,1.0,0.164755,0,0.0,0,363,2,0,0.7296,0.0739,GREEN,45,Bengaluru
CLM0040204,BEN_06240,Koramangala,2025-10-23,11,0,0,0,0,0,0,0,0,0,0.0,0.224284,0,0.0,0,93,2,5,0.7517,0.0,GREEN,62,Bengaluru
CLM0040205,BEN_07345,Indiranagar,2025-06-07,13,0,0,0,0,0,0,1,0,0,1.0,0.292168,0,0.0,0,48,2,0,0.6528,0.1512,GREEN,41,Bengaluru
CLM0040206,BEN_00119,Jayanagar,2024-08-03,21,0,1,1,0,0,0,0,0,0,0.0,0.206246,1,0.0,0,227,0,2,0.79,0.0827,GREEN,44,Bengaluru
CLM0040207,BEN_04142,BTM Layout,2025-05-07,17,0,0,0,0,0,0,0,0,0,1.0,0.371311,0,0.0,1,79,2,0,0.761,0.1217,GREEN,31,Bengaluru
CLM0040208,BEN_03666,BTM Layout,2025-12-01,16,0,1,1,0,0,0,0,0,0,0.0,0.466764,0,0.0,0,393,3,0,0.3384,0.0,GREEN,45,Bengaluru
CLM0040209,BEN_00399,HSR Layout,2025-01-05,12,0,0,0,0,0,0,0,0,0,0.0,0.121737,0,0.0,0,345,0,2,0.8373,0.0353,GREEN,35,Bengaluru
CLM0040210,BEN_01977,Rajajinagar,2025-10-06,7,0,0,0,0,0,0,0,1,0,0.0,0.169833,0,0.0,0,5,0,2,0.7714,0.0479,GREEN,33,Bengaluru
CLM0040211,BEN_02996,HSR Layout,2023-12-02,13,0,0,0,0,0,1,1,0,0,0.0,0.234919,0,0.0,0,313,3,0,0.414,0.1451,GREEN,30,Bengaluru
CLM0040212,BEN_06114,Marathahalli,2024-05-16,14,0,0,0,0,0,0,0,0,0,0.0,0.362959,0,0.0,0,85,2,0,0.8013,0.0528,GREEN,58,Bengaluru
CLM0040213,BEN_00237,Marathahalli,2025-01-16,14,0,0,0,0,0,1,0,0,0,0.0,0.147239,0,0.0,0,371,1,0,0.8264,0.0888,GREEN,37,Bengaluru
CLM0040214,BEN_08405,Yelahanka,2023-05-15,16,0,0,0,0,0,0,0,0,0,0.0,0.98656,0,0.0,0,420,4,3,0.8594,0.1985,GREEN,39,Bengaluru
CLM0040215,BEN_03598,HSR Layout,2021-10-29,8,0,0,0,0,0,0,0,0,0,0.0,0.010066,0,0.0,1,64,3,3,0.2895,0.1115,GREEN,42,Bengaluru
CLM0040216,BEN_02098,HSR Layout,2025-01-17,15,0,0,0,0,0,0,0,0,0,1.0,0.084396,0,0.0,0,387,1,3,0.6629,0.1258,GREEN,34,Bengaluru
CLM0040217,BEN_03164,Indiranagar,2024-12-10,16,0,0,0,0,0,0,0,0,0,0.0,0.116154,0,1.0,1,360,2,4,0.98,0.0,GREEN,42,Bengaluru
CLM0040218,BEN_05696,BTM Layout,2025-02-10,15,0,0,0,0,0,0,0,0,0,0.0,0.046552,0,0.0,0,258,0,2,0.1709,0.0331,GREEN,56,Bengaluru
CLM0040219,BEN_09549,Marathahalli,2024-04-13,14,0,0,0,1,0,0,0,0,0,0.0,0.110326,0,0.0,0,420,4,3,0.3015,0.194,GREEN,56,Bengaluru
CLM0040220,BEN_08861,HSR Layout,2025-12-01,9,0,0,0,0,0,0,0,0,0,0.0,0.403446,0,0.0,0,165,0,2,0.7656,0.0841,GREEN,50,Bengaluru
CLM0040221,BEN_06626,Koramangala,2024-10-25,9,0,1,1,0,0,0,0,1,0,0.0,0.123735,0,0.0,0,33,1,0,0.4345,0.0803,GREEN,45,Bengaluru
CLM0040222,BEN_04655,Marathahalli,2020-05-09,9,0,0,0,0,0,0,0,0,0,0.0,0.077423,0,0.0,0,80,4,1,0.7429,0.0,GREEN,57,Bengaluru
CLM0040223,BEN_00415,Jayanagar,2018-12-23,11,0,0,0,0,0,0,0,0,0,1.0,0.220844,0,0.0,0,49,3,4,0.4751,0.073,GREEN,34,Bengaluru
CLM0040224,BEN_01988,Jayanagar,2025-05-11,15,0,0,0,0,0,0,0,1,0,0.0,0.231039,0,0.0,0,389,3,0,0.7656,0.0667,GREEN,48,Bengaluru
CLM0040225,BEN_09638,Koramangala,2018-03-08,17,0,0,0,0,0,0,0,0,1,0.0,0.232638,0,0.0,0,199,3,3,0.6175,0.1205,GREEN,36,Bengaluru
CLM0040226,BEN_04832,Koramangala,2019-05-13,8,0,0,0,0,0,0,0,0,0,0.0,0.235767,0,0.0,0,420,2,2,0.7951,0.0,GREEN,44,Bengaluru
CLM0040227,BEN_08974,Indiranagar,2025-02-14,17,0,0,0,0,0,0,1,0,0,0.0,0.049592,0,0.0,0,74,2,0,0.6857,0.0788,GREEN,41,Bengaluru
CLM0040228,BEN_05288,Whitefield,2025-10-13,19,0,0,0,0,0,0,0,0,0,1.0,0.071907,1,0.0,0,57,1,4,0.5878,0.1325,GREEN,51,Bengaluru
CLM0040229,BEN_02708,Koramangala,2025-11-01,17,0,0,0,0,0,0,0,0,0,1.0,0.191476,0,0.0,0,264,2,1,0.6932,0.0956,GREEN,32,Bengaluru
CLM0040230,BEN_08542,Indiranagar,2024-09-22,16,0,0,0,0,0,1,0,1,0,0.0,0.977783,0,0.0,0,215,0,1,0.7977,0.172,GREEN,18,Bengaluru
CLM0040231,BEN_03895,Indiranagar,2025-07-31,20,0,0,0,0,0,0,0,0,0,0.0,0.174175,0,0.0,0,280,4,0,0.8682,0.0,GREEN,61,Bengaluru
CLM0040232,BEN_00756,Yelahanka,2025-06-15,21,0,0,0,0,0,0,0,0,0,0.0,0.940286,0,0.0,0,306,0,4,0.8911,0.0,GREEN,53,Bengaluru
CLM0040233,BEN_01112,Jayanagar,2021-04-05,10,0,0,0,0,0,1,0,0,0,0.0,0.960957,0,0.0,0,166,2,1,0.5084,0.1005,GREEN,55,Bengaluru
CLM0040234,BEN_08664,Indiranagar,2020-01-21,17,0,0,0,0,0,1,0,0,0,0.0,0.165862,0,0.0,0,195,3,5,0.8487,0.1838,GREEN,42,Bengaluru
CLM0040235,BEN_03421,Indiranagar,2025-07-16,16,0,0,0,0,0,0,0,0,0,0.0,0.047487,0,0.0,1,103,4,7,0.5752,0.0592,GREEN,50,Bengaluru
CLM0040236,BEN_07403,BTM Layout,2022-04-27,16,0,0,0,0,0,0,0,0,0,0.0,0.034259,0,0.0,0,420,2,0,0.9124,0.0631,GREEN,48,Bengaluru
CLM0040237,BEN_08160,Indiranagar,2021-08-22,20,0,0,0,0,0,1,0,0,0,0.0,0.174913,0,0.0,0,420,0,1,0.98,0.059,GREEN,54,Bengaluru
CLM0040238,BEN_01333,Jayanagar,2021-11-25,20,0,0,0,0,0,0,0,0,0,1.0,0.0,0,0.0,0,369,3,6,0.6541,0.0498,GREEN,33,Bengaluru
CLM0040239,BEN_04332,Indiranagar,2020-02-16,14,0,0,0,1,1,0,1,1,1,1.0,0.339859,0,1.0,0,41,1,18,0.1919,0.0188,GREEN,40,Bengaluru
CLM0040240,BEN_06610,Marathahalli,2020-10-25,19,0,0,0,0,0,0,0,0,0,0.0,0.417251,0,0.0,0,32,3,0,0.7678,0.0,GREEN,43,Bengaluru
CLM0040241,BEN_02456,HSR Layout,2019-10-06,21,0,0,0,0,0,0,0,0,0,0.0,0.276252,0,0.0,0,46,3,2,0.6767,0.0841,GREEN,50,Bengaluru
CLM0040242,BEN_07318,Rajajinagar,2024-06-09,9,0,0,0,0,0,0,0,0,0,0.0,0.214548,0,0.0,1,249,3,0,0.8007,0.0147,GREEN,47,Bengaluru
CLM0040243,BEN_08633,Yelahanka,2022-08-24,7,0,0,0,0,0,1,0,0,0,0.0,0.252826,0,0.0,0,420,2,2,0.8652,0.1662,GREEN,28,Bengaluru
CLM0040244,BEN_09403,Koramangala,2025-05-18,21,0,0,0,0,0,0,0,0,1,0.0,0.289534,0,0.0,0,110,0,6,0.5852,0.1843,GREEN,48,Bengaluru
CLM0040245,BEN_07315,BTM Layout,2025-08-05,9,0,0,0,0,1,0,0,0,0,0.0,0.270369,0,0.0,0,159,4,4,0.6197,0.1092,GREEN,42,Bengaluru
CLM0040246,BEN_02042,Indiranagar,2023-10-23,11,0,0,0,0,0,0,0,0,0,0.0,0.44383,0,0.0,0,278,0,0,0.3937,0.0,GREEN,44,Bengaluru
CLM0040247,BEN_04479,Jayanagar,2022-10-27,10,0,0,0,0,0,0,0,0,0,0.0,0.31703,0,0.0,1,18,2,3,0.735,0.0078,GREEN,55,Bengaluru
CLM0040248,BEN_01499,Whitefield,2024-07-18,10,0,0,0,0,0,0,0,0,0,0.0,0.056856,0,0.0,0,420,2,3,0.756,0.0108,GREEN,58,Bengaluru
CLM0040249,BEN_03920,Yelahanka,2025-06-25,10,0,0,0,0,1,1,0,0,0,0.0,0.094003,0,0.0,0,208,1,3,0.2535,0.332,YELLOW,32,Bengaluru
CLM0040250,BEN_01966,Jayanagar,2023-01-25,11,0,0,0,0,0,0,0,0,0,1.0,1.0,0,1.0,0,270,2,2,0.6861,0.0305,GREEN,31,Bengaluru
CLM0040251,BEN_02545,Koramangala,2025-02-06,19,0,0,0,0,0,0,0,0,0,0.0,0.229891,0,0.0,0,218,4,1,0.2201,0.0,GREEN,47,Bengaluru
CLM0040252,BEN_00781,Koramangala,2023-08-11,21,0,0,0,0,0,0,0,0,0,1.0,0.348947,0,1.0,0,420,4,6,0.7138,0.0992,GREEN,45,Bengaluru
CLM0040253,BEN_03845,BTM Layout,2024-02-27,7,0,0,0,0,0,0,0,0,0,0.0,0.348124,0,0.0,0,276,2,2,0.5351,0.0021,GREEN,34,Bengaluru
CLM0040254,BEN_09000,BTM Layout,2021-07-22,20,0,0,0,0,0,0,0,0,0,0.0,0.447198,0,0.0,0,370,2,6,0.8718,0.0804,GREEN,55,Bengaluru
CLM0040255,BEN_00013,BTM Layout,2024-05-16,15,0,0,0,0,0,0,0,0,0,0.0,0.285328,0,0.0,0,420,1,0,0.6308,0.059,GREEN,64,Bengaluru
CLM0040256,BEN_03586,Electronic City,2024-12-31,7,0,0,0,1,0,0,0,0,0,0.0,0.334759,0,0.0,0,103,0,2,0.6337,0.1913,GREEN,44,Bengaluru
CLM0040257,BEN_09798,HSR Layout,2025-06-14,11,0,0,0,0,0,0,0,0,0,0.0,0.369996,0,0.0,0,213,0,2,0.7275,0.0,GREEN,49,Bengaluru
CLM0040258,BEN_06020,BTM Layout,2022-12-15,15,0,0,0,0,0,0,0,1,0,0.0,0.360939,0,0.0,0,420,0,1,0.7682,0.0,GREEN,46,Bengaluru
CLM0040259,BEN_06293,Whitefield,2023-03-12,19,0,0,0,0,0,0,0,0,0,0.0,0.336839,0,0.0,0,420,1,3,0.7617,0.0499,GREEN,62,Bengaluru
CLM0040260,BEN_04430,Rajajinagar,2025-01-19,18,0,0,0,1,0,0,0,0,0,0.0,0.013775,0,0.0,0,405,0,5,0.7635,0.0087,GREEN,44,Bengaluru
CLM0040261,BEN_09943,Whitefield,2024-09-10,15,0,0,0,0,0,0,0,0,0,1.0,0.294551,0,0.0,0,205,3,4,0.1001,0.0,GREEN,35,Bengaluru
CLM0040262,BEN_05233,BTM Layout,2023-12-28,12,0,1,1,0,0,0,0,1,0,0.0,0.303059,0,0.0,0,132,3,3,0.7936,0.0,GREEN,48,Bengaluru
CLM0040263,BEN_00008,HSR Layout,2022-12-27,12,0,0,0,0,0,0,0,0,1,0.0,0.277302,0,0.0,0,325,4,4,0.9546,0.1588,GREEN,33,Bengaluru
CLM0040264,BEN_06803,BTM Layout,2024-06-13,12,0,0,0,0,0,0,0,1,0,0.0,0.398385,0,0.0,0,237,4,3,0.6581,0.0805,GREEN,48,Bengaluru
CLM0040265,BEN_02981,BTM Layout,2025-01-13,12,0,0,0,0,0,0,0,0,0,0.0,0.336622,0,0.0,0,11,1,2,0.6951,0.0,GREEN,43,Bengaluru
CLM0040266,BEN_06104,Whitefield,2022-07-09,7,0,0,0,0,0,0,0,0,0,0.0,0.10178,0,0.0,0,201,1,1,0.7646,0.0781,GREEN,19,Bengaluru
CLM0040267,BEN_03217,Yelahanka,2025-04-10,9,0,0,0,0,0,0,0,0,0,0.0,0.353634,1,0.0,0,386,0,0,0.6423,0.1099,GREEN,45,Bengaluru
CLM0040268,BEN_01206,Jayanagar,2024-08-11,19,0,0,0,0,0,0,0,0,0,0.0,0.304582,0,0.0,0,125,4,4,0.8832,0.0301,GREEN,48,Bengaluru
CLM0040269,BEN_01969,Indiranagar,2023-08-14,21,0,0,0,0,0,0,0,0,0,0.0,0.247703,0,0.0,0,395,2,1,0.5556,0.098,GREEN,40,Bengaluru
CLM0040270,BEN_01937,Jayanagar,2024-09-30,20,0,0,0,0,0,0,0,1,0,0.0,0.197565,0,0.0,0,420,3,4,0.0565,0.096,GREEN,52,Bengaluru
CLM0040271,BEN_02167,Yelahanka,2023-08-30,14,0,0,0,0,0,0,0,0,0,1.0,0.312319,1,0.0,0,416,0,2,0.4425,0.0707,GREEN,39,Bengaluru
CLM0040272,BEN_03419,Koramangala,2023-08-19,10,0,0,0,0,0,0,0,0,0,0.0,0.366124,0,0.0,0,186,3,0,0.98,0.1124,GREEN,41,Bengaluru
CLM0040273,BEN_05631,BTM Layout,2024-06-19,7,0,1,1,0,0,1,0,0,0,0.0,1.0,0,0.0,0,254,1,2,0.0684,0.0846,GREEN,47,Bengaluru
CLM0040274,BEN_07032,BTM Layout,2025-12-13,20,0,0,0,0,0,0,0,0,0,1.0,0.173267,0,0.0,0,154,2,0,0.8947,0.1364,GREEN,42,Bengaluru
CLM0040275,BEN_04731,Whitefield,2021-10-14,14,0,0,0,0,0,0,0,0,0,0.0,1.0,0,0.0,0,232,0,3,0.0729,0.0,GREEN,50,Bengaluru
CLM0040276,BEN_02542,Electronic City,2021-10-27,14,0,0,0,0,0,0,0,0,0,0.0,0.212712,0,0.0,0,356,4,1,0.5693,0.0244,GREEN,62,Bengaluru
CLM0040277,BEN_05567,Koramangala,2023-03-06,11,0,0,0,0,0,0,0,0,0,0.0,0.095792,0,0.0,0,420,4,5,0.6181,0.0448,GREEN,57,Bengaluru
CLM0040278,BEN_03158,Jayanagar,2025-05-10,16,0,0,0,0,1,0,0,0,0,0.0,0.080494,0,0.0,0,384,1,2,0.809,0.1825,GREEN,38,Bengaluru
CLM0040279,BEN_01251,Rajajinagar,2023-10-09,13,0,0,0,0,0,0,0,0,0,0.0,0.987529,0,0.0,0,305,4,4,0.6595,0.0,GREEN,31,Bengaluru
CLM0040280,BEN_03925,Whitefield,2025-10-10,20,0,0,0,0,0,0,1,0,0,0.0,1.0,0,0.0,0,193,0,4,0.1398,0.0565,GREEN,39,Bengaluru
CLM0040281,BEN_04247,HSR Layout,2024-09-16,9,0,0,0,0,0,0,0,0,0,0.0,0.106139,0,0.0,0,256,2,5,0.9422,0.0323,GREEN,59,Bengaluru
CLM0040282,BEN_05153,Marathahalli,2024-07-16,20,0,0,0,0,0,0,0,0,0,1.0,0.24701,0,0.0,0,261,4,0,0.9674,0.0912,GREEN,53,Bengaluru
CLM0040283,BEN_01787,Koramangala,2024-07-14,13,0,0,0,0,0,0,0,1,0,0.0,0.138161,0,0.0,0,5,2,3,0.98,0.0708,GREEN,35,Bengaluru
CLM0040284,BEN_00550,Jayanagar,2023-03-01,13,0,0,0,0,0,0,0,0,0,0.0,0.0,0,1.0,0,276,2,2,0.98,0.1131,GREEN,35,Bengaluru
CLM0040285,BEN_03521,Jayanagar,2023-06-29,17,0,0,0,0,0,0,0,0,0,1.0,0.416947,0,0.0,0,420,1,3,0.625,0.0362,GREEN,33,Bengaluru
CLM0040286,BEN_06139,Yelahanka,2025-10-07,21,0,0,0,1,0,0,0,1,0,0.0,1.0,0,1.0,0,123,0,4,0.509,0.2495,GREEN,36,Bengaluru
CLM0040287,BEN_02048,Jayanagar,2024-01-05,21,0,0,0,0,0,0,0,0,0,0.0,0.0,0,0.0,0,228,0,0,0.7666,0.0025,GREEN,34,Bengaluru
CLM0040288,BEN_05689,BTM Layout,2025-04-10,16,0,0,0,0,0,1,0,0,0,0.0,0.265991,0,0.0,0,420,4,6,0.6974,0.0748,GREEN,41,Bengaluru
CLM0040289,BEN_01560,Marathahalli,2019-11-03,15,0,0,0,1,0,0,0,0,0,0.0,0.222594,0,0.0,0,409,3,1,0.98,0.102,GREEN,30,Bengaluru
CLM0040290,BEN_08694,Koramangala,2024-03-19,17,0,0,0,0,0,0,0,0,1,0.0,0.0154,0,0.0,0,241,1,1,0.7713,0.1119,GREEN,49,Bengaluru
CLM0040291,BEN_05508,Jayanagar,2021-06-06,7,0,0,0,1,0,1,0,0,0,0.0,0.275449,0,0.0,0,368,1,7,0.6508,0.2731,GREEN,45,Bengaluru
CLM0040292,BEN_05966,HSR Layout,2017-08-29,14,0,1,1,1,0,0,0,0,0,0.0,1.0,0,0.0,0,369,2,4,0.9636,0.2092,GREEN,41,Bengaluru
CLM0040293,BEN_08799,Rajajinagar,2025-12-28,18,0,0,0,0,0,1,0,0,0,0.0,0.277625,0,0.0,0,323,4,0,0.7398,0.0892,GREEN,43,Bengaluru
CLM0040294,BEN_05361,Koramangala,2025-04-01,20,0,0,0,1,0,0,0,0,0,0.0,0.11809,0,0.0,0,46,4,0,0.9721,0.2475,GREEN,45,Bengaluru
CLM0040295,BEN_02574,Whitefield,2022-06-26,14,0,0,0,1,1,0,1,0,1,1.0,0.910078,0,1.0,0,53,1,18,0.3303,0.0358,GREEN,49,Bengaluru
CLM0040296,BEN_01134,Marathahalli,2019-01-28,12,0,0,0,0,0,0,0,1,0,0.0,0.293172,0,0.0,0,397,1,0,0.9301,0.0735,GREEN,44,Bengaluru
CLM0040297,BEN_07695,Electronic City,2024-10-04,13,0,0,0,0,0,0,0,0,0,0.0,0.217883,0,0.0,0,420,0,3,0.679,0.0129,GREEN,38,Bengaluru
CLM0040298,BEN_00756,Yelahanka,2019-06-24,10,0,1,1,0,0,0,0,0,0,1.0,0.538677,0,0.0,0,188,4,3,0.6762,0.0584,GREEN,53,Bengaluru
CLM0040299,BEN_04513,Indiranagar,2023-03-28,10,0,0,0,0,0,0,1,0,0,0.0,0.133682,0,0.0,0,42,2,5,0.7592,0.0466,GREEN,33,Bengaluru
CLM0040300,BEN_04986,Jayanagar,2023-07-04,20,0,0,0,0,0,0,0,1,1,1.0,0.389588,0,1.0,0,420,2,1,0.7575,0.2319,GREEN,42,Bengaluru
CLM0040301,BEN_07358,Jayanagar,2021-10-26,16,0,0,0,0,0,0,0,0,0,0.0,0.360764,0,0.0,0,27,0,0,0.8736,0.0,GREEN,47,Bengaluru
CLM0040302,BEN_08269,Indiranagar,2022-04-27,7,0,1,1,0,0,0,0,0,0,0.0,0.15519,0,0.0,0,323,1,7,0.6331,0.0838,GREEN,18,Bengaluru
CLM0040303,BEN_07269,Marathahalli,2018-11-01,15,0,0,0,0,0,0,0,1,0,1.0,0.0,0,0.0,0,299,2,4,0.8175,0.256,GREEN,33,Bengaluru
CLM0040304,BEN_08650,Yelahanka,2020-11-22,20,0,0,0,0,0,0,0,0,0,0.0,0.241558,0,0.0,0,37,2,4,0.1255,0.0234,GREEN,21,Bengaluru
CLM0040305,BEN_03575,Electronic City,2025-02-04,20,0,0,0,0,1,0,0,0,0,0.0,0.396088,0,0.0,0,414,1,0,0.1606,0.257,GREEN,37,Bengaluru
CLM0040306,BEN_05004,Electronic City,2023-08-07,20,0,0,0,0,0,0,0,0,0,0.0,0.008684,0,0.0,0,68,4,0,0.5343,0.0117,GREEN,32,Bengaluru
CLM0040307,BEN_01372,Whitefield,2024-12-08,17,0,0,0,0,0,1,0,0,0,0.0,0.058927,0,0.0,0,342,1,2,0.5406,0.0321,GREEN,40,Bengaluru
CLM0040308,BEN_09298,Indiranagar,2024-05-16,13,0,0,0,0,1,0,0,0,0,0.0,0.346955,0,0.0,0,397,1,0,0.5863,0.0944,GREEN,29,Bengaluru
CLM0040309,BEN_06178,HSR Layout,2021-06-13,17,0,0,0,0,0,0,0,0,0,0.0,0.431444,0,0.0,0,307,3,3,0.9417,0.0,GREEN,45,Bengaluru
CLM0040310,BEN_07123,Koramangala,2020-07-15,20,0,0,0,1,0,1,1,0,0,0.0,0.078935,1,0.0,0,186,0,4,0.1538,0.4776,YELLOW,41,Bengaluru
CLM0040311,BEN_08609,HSR Layout,2025-05-31,15,0,0,0,0,0,1,0,0,0,0.0,0.215395,1,0.0,0,330,0,2,0.05,0.2372,GREEN,61,Bengaluru
CLM0040312,BEN_00245,Rajajinagar,2022-07-07,7,0,0,0,0,0,1,0,0,0,0.0,0.182876,0,0.0,0,96,4,0,0.8634,0.1081,GREEN,22,Bengaluru
CLM0040313,BEN_09767,Jayanagar,2025-01-26,16,0,0,0,0,0,0,0,0,0,0.0,0.319046,0,0.0,0,183,4,3,0.2958,0.0052,GREEN,39,Bengaluru
CLM0040314,BEN_01521,Whitefield,2024-09-30,9,0,0,0,1,0,0,0,1,0,1.0,1.0,0,1.0,1,25,0,4,0.98,0.4196,YELLOW,49,Bengaluru
CLM0040315,BEN_02261,BTM Layout,2023-02-03,7,0,0,0,0,0,0,0,0,0,0.0,0.281625,1,0.0,0,246,0,5,0.5137,0.0905,GREEN,48,Bengaluru
CLM0040316,BEN_02454,Indiranagar,2024-10-27,8,0,1,1,0,1,1,1,1,0,1.0,0.923835,1,1.0,1,5,0,17,0.2852,0.6709,RED,18,Bengaluru
CLM0040317,BEN_09005,Yelahanka,2023-07-25,12,0,1,1,0,0,1,1,0,0,0.0,0.09686,1,0.0,1,30,2,18,0.8744,0.4769,YELLOW,41,Bengaluru
CLM0040318,BEN_09365,Marathahalli,2024-10-28,20,0,1,1,1,1,0,1,1,1,1.0,0.917326,0,1.0,1,33,2,18,0.3827,0.8049,RED,55,Bengaluru
CLM0040319,BEN_01530,HSR Layout,2023-09-30,21,0,1,1,1,0,1,1,1,1,0.0,0.105538,1,0.0,0,5,0,13,0.9785,0.6972,RED,52,Bengaluru
CLM0040320,BEN_09611,HSR Layout,2025-11-29,17,0,1,1,0,0,1,1,1,1,0.0,0.066371,1,0.0,0,6,0,9,0.867,0.5048,YELLOW,44,Bengaluru
CLM0040321,BEN_05377,Indiranagar,2023-11-13,7,0,1,1,1,1,1,0,1,1,1.0,0.946944,0,0.0,1,5,1,18,0.0782,0.7303,RED,59,Bengaluru
CLM0040322,BEN_05076,Rajajinagar,2024-08-12,21,0,1,1,1,1,0,1,1,0,0.0,0.975143,1,0.0,1,5,0,18,0.0627,0.5594,YELLOW,62,Bengaluru
CLM0040323,BEN_06971,HSR Layout,2024-01-25,13,0,1,1,1,1,1,1,1,0,1.0,1.0,0,0.0,1,5,2,18,0.0926,0.6927,RED,47,Bengaluru
CLM0040324,BEN_00270,Electronic City,2024-06-25,9,0,1,1,0,1,1,0,0,1,1.0,0.612682,0,1.0,0,25,0,18,0.7954,0.4459,YELLOW,34,Bengaluru
CLM0040325,BEN_09528,HSR Layout,2024-11-01,20,0,1,1,0,1,0,1,1,1,1.0,0.903272,0,0.0,1,5,1,18,0.3212,0.5456,YELLOW,52,Bengaluru
CLM0040326,BEN_04357,HSR Layout,2024-03-01,18,0,1,1,1,1,0,1,1,1,0.0,0.970554,0,0.0,0,11,2,18,0.98,0.6128,RED,48,Bengaluru
CLM0040327,BEN_01175,Koramangala,2023-10-13,17,0,0,0,0,0,0,0,0,0,0.0,0.396301,0,0.0,0,275,3,4,0.6854,0.0,GREEN,60,Bengaluru
CLM0040328,BEN_08492,Yelahanka,2020-08-02,7,0,0,0,0,0,0,0,0,0,1.0,0.17235,1,0.0,0,188,3,4,0.7826,0.1452,GREEN,41,Bengaluru
CLM0040329,BEN_05002,Indiranagar,2022-10-19,21,0,0,0,0,0,0,0,0,0,0.0,0.326833,0,0.0,0,280,4,0,0.9616,0.0102,GREEN,50,Bengaluru
CLM0040330,BEN_07927,Electronic City,2021-11-18,16,0,0,0,0,0,0,1,1,0,0.0,0.070344,0,0.0,0,420,0,0,0.7613,0.1642,GREEN,55,Bengaluru
CLM0040331,BEN_04162,Marathahalli,2025-09-03,7,0,0,0,0,0,0,0,0,0,0.0,0.030318,0,0.0,0,160,4,4,0.9421,0.0017,GREEN,22,Bengaluru
CLM0040332,BEN_08277,Marathahalli,2020-05-19,8,0,0,0,0,0,0,0,0,0,0.0,0.164142,0,0.0,0,43,3,4,0.4522,0.0,GREEN,48,Bengaluru
CLM0040333,BEN_03733,HSR Layout,2023-06-18,20,0,0,0,0,0,0,0,0,0,0.0,0.048712,0,0.0,0,420,3,5,0.8556,0.0486,GREEN,57,Bengaluru
CLM0040334,BEN_06032,Jayanagar,2020-03-23,18,0,0,0,0,0,0,0,1,1,0.0,0.300149,0,0.0,0,420,0,4,0.8077,0.2172,GREEN,24,Bengaluru
CLM0040335,BEN_09196,HSR Layout,2022-12-23,7,0,0,0,0,0,0,0,1,0,0.0,0.136498,0,0.0,0,420,0,4,0.7109,0.1158,GREEN,46,Bengaluru
CLM0040336,BEN_00171,Yelahanka,2015-08-17,19,0,0,0,0,0,0,0,1,0,1.0,0.178175,0,0.0,0,336,0,0,0.7063,0.1604,GREEN,51,Bengaluru
CLM0040337,BEN_09073,Koramangala,2025-01-31,12,0,0,0,0,0,1,1,0,0,1.0,0.28885,0,0.0,0,65,0,3,0.7894,0.1738,GREEN,52,Bengaluru
CLM0040338,BEN_03058,Jayanagar,2023-12-23,11,0,0,0,0,0,0,0,0,0,1.0,0.942328,0,1.0,0,103,3,2,0.9023,0.0194,GREEN,41,Bengaluru
CLM0040339,BEN_09716,Electronic City,2015-02-23,14,0,1,1,0,0,0,1,0,0,0.0,0.267228,1,0.0,0,201,2,5,0.5853,0.2152,GREEN,49,Bengaluru
CLM0040340,BEN_00554,Jayanagar,2015-02-13,19,0,0,0,0,0,0,0,0,0,0.0,0.101288,0,0.0,0,387,3,3,0.6451,0.0606,GREEN,63,Bengaluru
CLM0040341,BEN_08491,Whitefield,2022-04-13,7,0,0,0,1,0,0,0,0,0,0.0,1.0,0,0.0,0,68,3,0,0.8042,0.074,GREEN,42,Bengaluru
CLM0040342,BEN_07211,Electronic City,2023-07-27,16,0,0,0,0,0,1,0,0,0,0.0,0.215532,0,0.0,0,171,0,2,0.1857,0.1257,GREEN,55,Bengaluru
CLM0040343,BEN_07928,Indiranagar,2025-10-28,11,0,0,0,0,0,0,0,1,0,0.0,0.417995,0,0.0,0,420,3,5,0.7328,0.0837,GREEN,46,Bengaluru
CLM0040344,BEN_05980,Yelahanka,2021-08-23,12,0,0,0,0,0,0,0,0,0,0.0,0.151382,0,0.0,0,201,4,3,0.7817,0.0319,GREEN,18,Bengaluru
CLM0040345,BEN_08120,Rajajinagar,2020-03-23,16,0,0,0,0,0,0,0,0,0,0.0,0.194027,0,0.0,0,389,4,3,0.2126,0.0,GREEN,44,Bengaluru
CLM0040346,BEN_04493,Rajajinagar,2024-01-30,21,0,0,0,0,0,0,0,0,0,0.0,0.929967,0,0.0,0,58,1,1,0.3495,0.0187,GREEN,64,Bengaluru
CLM0040347,BEN_08027,Whitefield,2022-01-24,11,0,0,0,0,0,0,0,1,0,0.0,0.322916,0,0.0,0,266,1,5,0.6512,0.0119,GREEN,56,Bengaluru
CLM0040348,BEN_07111,Marathahalli,2025-02-02,12,0,0,0,0,0,0,0,0,0,0.0,0.0,0,0.0,0,251,2,0,0.3119,0.0,GREEN,48,Bengaluru
CLM0040349,BEN_03984,Koramangala,2025-01-29,18,0,0,0,0,0,0,0,0,0,0.0,0.454394,0,1.0,0,261,2,0,0.6023,0.0,GREEN,35,Bengaluru
CLM0040350,BEN_06789,Koramangala,2017-12-18,16,0,0,0,0,0,0,0,0,0,0.0,1.0,0,0.0,0,331,2,0,0.7496,0.0,GREEN,55,Bengaluru
CLM0040351,BEN_00713,Koramangala,2016-09-05,10,0,0,0,1,0,1,1,0,0,1.0,0.458994,1,0.0,1,5,0,18,0.98,0.2216,GREEN,37,Bengaluru
CLM0040352,BEN_07780,BTM Layout,2022-03-10,16,0,0,0,0,1,0,0,0,0,0.0,0.310692,0,1.0,0,152,4,4,0.937,0.2171,GREEN,41,Bengaluru
CLM0040353,BEN_04312,HSR Layout,2021-05-05,11,0,0,0,1,0,0,0,0,0,0.0,0.158678,0,0.0,0,69,1,1,0.6992,0.1362,GREEN,37,Bengaluru
CLM0040354,BEN_04002,Rajajinagar,2024-06-15,11,0,0,0,0,0,1,0,0,0,0.0,1.0,0,0.0,0,32,0,3,0.8411,0.0,GREEN,41,Bengaluru
CLM0040355,BEN_08413,Whitefield,2023-06-24,16,0,0,0,0,0,0,0,0,0,0.0,0.493734,0,0.0,0,306,4,1,0.8444,0.0,GREEN,39,Bengaluru
CLM0040356,BEN_09100,Whitefield,2023-07-22,12,0,1,1,0,0,0,0,0,0,0.0,0.270551,0,0.0,0,364,3,0,0.7731,0.0,GREEN,63,Bengaluru
CLM0040357,BEN_05117,HSR Layout,2025-01-23,10,0,0,0,0,0,0,0,0,0,0.0,0.190748,0,0.0,0,223,0,5,0.5901,0.0614,GREEN,38,Bengaluru
CLM0040358,BEN_03204,Yelahanka,2023-09-30,8,0,0,0,0,1,0,0,0,0,0.0,0.2046,0,0.0,0,223,3,2,0.98,0.1249,GREEN,42,Bengaluru
CLM0040359,BEN_02059,HSR Layout,2025-04-25,14,0,0,0,1,1,0,0,0,0,0.0,0.154835,0,0.0,0,253,4,0,0.6107,0.2712,GREEN,45,Bengaluru
CLM0040360,BEN_02249,Marathahalli,2024-11-21,7,0,0,0,1,0,0,0,0,1,0.0,0.253127,0,0.0,0,202,2,2,0.4555,0.3529,YELLOW,39,Bengaluru
CLM0040361,BEN_00916,Whitefield,2023-01-20,11,0,0,0,0,0,0,0,0,0,0.0,0.047927,0,0.0,0,393,4,1,0.6746,0.1332,GREEN,43,Bengaluru
CLM0040362,BEN_04191,BTM Layout,2017-07-03,20,0,0,0,0,0,0,0,0,0,0.0,0.142508,0,0.0,0,397,1,5,0.05,0.0814,GREEN,36,Bengaluru
CLM0040363,BEN_04045,Electronic City,2024-08-09,15,0,0,0,0,0,0,0,0,0,0.0,0.060725,0,0.0,0,261,4,1,0.5525,0.0,GREEN,42,Bengaluru
CLM0040364,BEN_07335,Jayanagar,2018-11-24,14,0,0,0,0,0,0,0,0,0,0.0,0.313021,0,0.0,0,420,2,6,0.9265,0.0,GREEN,36,Bengaluru
CLM0040365,BEN_05931,Rajajinagar,2016-04-07,20,0,0,0,0,0,0,0,0,0,0.0,1.0,0,0.0,0,420,1,2,0.572,0.0,GREEN,51,Bengaluru
CLM0040366,BEN_05674,Koramangala,2017-07-11,11,0,0,0,0,0,0,0,1,0,0.0,0.15248,1,0.0,0,131,3,0,0.7665,0.2129,GREEN,40,Bengaluru
CLM0040367,BEN_01774,Rajajinagar,2018-08-15,11,0,0,0,0,1,0,0,0,0,0.0,0.154322,0,0.0,0,238,1,1,0.8706,0.0794,GREEN,65,Bengaluru
CLM0040368,BEN_04335,Electronic City,2025-01-23,9,0,0,0,0,0,0,0,0,0,0.0,0.045799,0,0.0,0,313,3,2,0.2253,0.0556,GREEN,52,Bengaluru
CLM0040369,BEN_02593,Jayanagar,2017-06-19,7,0,0,0,0,0,0,0,0,1,0.0,0.095339,0,0.0,0,185,1,2,0.7806,0.0,GREEN,53,Bengaluru
CLM0040370,BEN_07513,Marathahalli,2020-06-06,11,0,0,0,0,0,0,0,0,0,0.0,0.11047,0,0.0,0,420,4,4,0.2874,0.0,GREEN,44,Bengaluru
CLM0040371,BEN_09754,Rajajinagar,2025-01-25,7,0,0,0,0,0,0,0,0,0,0.0,0.356201,0,0.0,0,365,2,1,0.98,0.114,GREEN,53,Bengaluru
CLM0040372,BEN_02158,Jayanagar,2022-12-26,7,0,0,0,0,0,0,0,0,0,0.0,0.947376,0,0.0,0,420,4,4,0.8514,0.0284,GREEN,31,Bengaluru
CLM0040373,BEN_06082,Indiranagar,2023-12-16,13,0,0,0,0,0,0,1,0,0,0.0,0.228687,0,0.0,0,5,0,1,0.1956,0.0765,GREEN,40,Bengaluru
CLM0040374,BEN_08420,Whitefield,2024-08-19,9,0,0,0,0,0,0,1,0,0,0.0,0.390158,0,0.0,0,420,3,0,0.8452,0.0002,GREEN,53,Bengaluru
CLM0040375,BEN_08477,Jayanagar,2022-07-19,13,0,0,0,0,0,0,0,0,0,1.0,0.419763,0,0.0,0,337,1,1,0.9068,0.1656,GREEN,53,Bengaluru
CLM0040376,BEN_07777,Marathahalli,2021-03-14,10,0,0,0,0,0,0,0,0,0,0.0,0.291258,0,0.0,0,409,0,3,0.9423,0.0,GREEN,26,Bengaluru
CLM0040377,BEN_05574,Yelahanka,2023-07-17,15,0,0,0,0,0,0,0,0,0,0.0,0.265908,0,0.0,0,420,3,2,0.7189,0.0626,GREEN,53,Bengaluru
CLM0040378,BEN_01652,Indiranagar,2024-07-22,20,0,0,0,0,0,0,0,0,0,0.0,0.398765,0,0.0,0,375,4,2,0.8762,0.0449,GREEN,51,Bengaluru
CLM0040379,BEN_01606,Whitefield,2024-03-18,11,0,0,0,0,0,0,0,0,0,0.0,0.24956,0,0.0,0,248,1,2,0.6934,0.0731,GREEN,39,Bengaluru
CLM0040380,BEN_05932,Koramangala,2023-03-23,8,0,0,0,0,0,0,0,0,0,0.0,0.004927,0,0.0,0,160,1,0,0.7139,0.0079,GREEN,37,Bengaluru
CLM0040381,BEN_03208,BTM Layout,2024-05-24,19,0,0,0,0,0,0,0,1,0,0.0,1.0,0,0.0,1,126,3,0,0.05,0.1359,GREEN,61,Bengaluru
CLM0040382,BEN_02811,HSR Layout,2025-06-01,10,0,0,0,0,0,0,0,0,0,0.0,0.240257,0,0.0,0,420,0,2,0.8519,0.0,GREEN,40,Bengaluru
CLM0040383,BEN_03096,Electronic City,2021-07-25,8,0,1,1,0,0,0,1,0,0,0.0,0.394668,0,0.0,0,420,3,5,0.9115,0.0775,GREEN,35,Bengaluru
CLM0040384,BEN_01828,HSR Layout,2024-01-02,13,0,0,0,0,0,0,0,1,0,0.0,0.97785,0,0.0,0,133,3,1,0.98,0.0355,GREEN,64,Bengaluru
CLM0040385,BEN_00551,Jayanagar,2021-10-17,8,0,1,1,0,0,0,0,1,0,0.0,0.121156,0,0.0,0,299,2,5,0.98,0.1672,GREEN,32,Bengaluru
CLM0040386,BEN_06955,Rajajinagar,2022-08-19,17,0,0,0,0,0,0,0,0,0,0.0,0.242043,0,0.0,1,244,3,0,0.7888,0.0,GREEN,62,Bengaluru
CLM0040387,BEN_05236,HSR Layout,2025-05-23,19,0,0,0,0,0,0,0,0,0,0.0,0.284681,0,0.0,0,60,3,3,0.6328,0.0,GREEN,51,Bengaluru
CLM0040388,BEN_08260,BTM Layout,2021-07-03,7,0,0,0,0,0,0,1,1,0,0.0,0.274117,0,0.0,0,296,3,1,0.4212,0.1393,GREEN,51,Bengaluru
CLM0040389,BEN_00006,Koramangala,2021-06-03,11,0,0,0,0,0,0,0,0,0,0.0,0.217147,0,0.0,0,101,1,1,0.8131,0.0378,GREEN,56,Bengaluru
CLM0040390,BEN_08751,Rajajinagar,2023-01-08,16,0,0,0,0,0,0,0,0,0,0.0,1.0,0,0.0,0,420,4,3,0.5117,0.0,GREEN,34,Bengaluru
CLM0040391,BEN_00638,Koramangala,2022-05-06,19,0,0,0,0,0,0,0,0,0,0.0,0.094852,0,0.0,0,420,3,0,0.7517,0.0199,GREEN,60,Bengaluru
CLM0040392,BEN_07965,BTM Layout,2018-08-02,12,0,0,0,1,0,0,0,0,0,1.0,0.400484,0,0.0,0,342,4,0,0.7203,0.3122,YELLOW,53,Bengaluru
CLM0040393,BEN_02618,Koramangala,2019-05-13,10,0,0,0,0,0,0,0,0,0,1.0,0.091593,0,0.0,0,37,3,1,0.8072,0.0523,GREEN,32,Bengaluru
CLM0040394,BEN_05128,HSR Layout,2018-05-05,7,0,0,0,0,0,0,0,0,0,0.0,0.284764,0,0.0,1,384,2,0,0.05,0.0542,GREEN,30,Bengaluru
CLM0040395,BEN_01139,Electronic City,2022-06-09,15,0,0,0,0,0,0,0,0,0,1.0,0.896332,0,1.0,0,61,1,3,0.7699,0.1002,GREEN,58,Bengaluru
CLM0040396,BEN_09349,Indiranagar,2025-08-07,13,0,0,0,0,0,1,0,0,0,0.0,0.417029,0,0.0,0,420,2,1,0.8027,0.124,GREEN,62,Bengaluru
CLM0040397,BEN_00587,Koramangala,2025-10-11,15,0,0,0,0,0,1,0,0,0,0.0,0.192518,0,0.0,0,33,4,1,0.05,0.0783,GREEN,38,Bengaluru
CLM0040398,BEN_02018,Jayanagar,2024-02-19,15,0,0,0,1,1,0,1,1,0,0.0,1.0,0,1.0,1,5,4,18,0.4315,0.006,GREEN,52,Bengaluru
CLM0040399,BEN_08652,Electronic City,2018-10-07,9,0,0,0,1,0,0,0,0,0,0.0,0.241722,0,0.0,0,311,0,1,0.5809,0.1507,GREEN,35,Bengaluru
CLM0040400,BEN_03888,Indiranagar,2023-10-05,20,0,0,0,0,0,0,0,0,0,0.0,0.312178,0,0.0,0,328,3,0,0.5275,0.0,GREEN,47,Bengaluru
CLM0040401,BEN_00126,Koramangala,2023-11-04,17,0,0,0,0,0,0,1,0,0,0.0,0.250037,0,0.0,0,415,2,3,0.2488,0.131,GREEN,45,Bengaluru
CLM0040402,BEN_02775,HSR Layout,2025-07-03,8,0,0,0,0,0,0,0,0,0,0.0,0.0,0,0.0,0,420,1,2,0.314,0.0,GREEN,38,Bengaluru
CLM0040403,BEN_00758,Whitefield,2024-08-18,14,0,0,0,0,0,0,0,0,0,0.0,0.172632,0,0.0,0,215,0,2,0.9518,0.1698,GREEN,45,Bengaluru
CLM0040404,BEN_08788,Rajajinagar,2023-05-15,8,0,1,1,0,0,1,0,0,0,1.0,0.14677,0,0.0,0,324,1,2,0.487,0.1329,GREEN,47,Bengaluru
CLM0040405,BEN_07855,Rajajinagar,2024-05-27,7,0,1,1,0,0,0,0,0,0,0.0,0.25951,0,0.0,0,103,0,4,0.05,0.0,GREEN,38,Bengaluru
CLM0040406,BEN_07293,Jayanagar,2025-12-26,9,0,0,0,0,0,1,0,0,0,0.0,0.155474,0,0.0,0,324,2,4,0.2751,0.0485,GREEN,40,Bengaluru
CLM0040407,BEN_08361,Marathahalli,2023-02-23,16,0,0,0,0,0,0,0,0,0,0.0,0.149251,1,0.0,0,162,1,2,0.9257,0.0186,GREEN,27,Bengaluru
CLM0040408,BEN_08291,Electronic City,2024-02-04,8,0,0,0,0,0,1,0,0,0,0.0,0.302448,0,0.0,0,250,2,4,0.1669,0.0909,GREEN,43,Bengaluru
CLM0040409,BEN_08021,Yelahanka,2022-10-28,13,0,0,0,0,0,0,0,0,0,1.0,0.089192,0,0.0,0,297,3,2,0.8997,0.0097,GREEN,31,Bengaluru
CLM0040410,BEN_04172,Jayanagar,2025-01-19,18,0,0,0,0,0,0,0,0,0,0.0,0.104348,0,0.0,0,261,4,4,0.5142,0.0,GREEN,48,Bengaluru
CLM0040411,BEN_06541,HSR Layout,2025-01-17,12,0,0,0,0,0,0,0,0,0,0.0,0.219223,0,0.0,0,341,2,6,0.6474,0.0,GREEN,59,Bengaluru
CLM0040412,BEN_06230,Marathahalli,2025-09-24,12,0,0,0,0,0,0,0,0,0,0.0,0.9203,0,0.0,0,289,0,4,0.7422,0.0,GREEN,26,Bengaluru
CLM0040413,BEN_02539,Jayanagar,2024-09-22,14,0,0,0,1,1,1,0,1,0,0.0,0.044724,0,0.0,1,24,4,18,0.8682,0.0863,GREEN,40,Bengaluru
CLM0040414,BEN_09065,Koramangala,2022-05-11,10,0,0,0,0,0,0,0,0,0,0.0,0.304028,0,1.0,0,199,3,0,0.98,0.0343,GREEN,47,Bengaluru
CLM0040415,BEN_07572,BTM Layout,2021-10-30,13,0,0,0,0,0,0,1,0,0,0.0,0.287827,0,0.0,0,160,1,4,0.6227,0.0,GREEN,47,Bengaluru
CLM0040416,BEN_07975,Jayanagar,2024-01-07,10,0,0,0,0,0,0,1,0,0,0.0,0.926572,0,0.0,0,420,3,5,0.6492,0.0229,GREEN,46,Bengaluru
CLM0040417,BEN_06819,Whitefield,2024-02-12,15,0,1,1,0,1,1,0,0,0,0.0,0.084779,0,0.0,0,216,4,2,0.8516,0.2573,GREEN,52,Bengaluru
CLM0040418,BEN_02168,Whitefield,2024-10-08,14,0,0,0,0,0,0,0,0,0,1.0,0.330331,0,0.0,0,420,1,1,0.98,0.1036,GREEN,55,Bengaluru
CLM0040419,BEN_03745,Indiranagar,2021-04-29,15,0,0,0,0,0,0,0,0,1,0.0,0.328715,0,0.0,0,420,4,3,0.6999,0.1064,GREEN,30,Bengaluru
CLM0040420,BEN_00373,Rajajinagar,2022-09-08,15,0,0,0,0,0,0,0,0,0,0.0,0.217607,0,0.0,0,103,2,4,0.6546,0.0503,GREEN,49,Bengaluru
CLM0040421,BEN_00071,Electronic City,2022-12-04,8,0,0,0,0,0,0,0,0,0,0.0,0.139579,0,0.0,0,412,2,4,0.5165,0.0416,GREEN,52,Bengaluru
CLM0040422,BEN_01052,Marathahalli,2024-11-21,15,0,0,0,0,0,0,0,0,0,0.0,0.173091,0,0.0,0,420,4,2,0.1475,0.0,GREEN,44,Bengaluru
CLM0040423,BEN_05378,Electronic City,2023-11-11,21,0,0,0,0,0,0,0,0,0,0.0,0.190659,0,0.0,0,276,0,4,0.7089,0.0127,GREEN,47,Bengaluru
CLM0040424,BEN_00605,Electronic City,2025-07-07,10,0,0,0,0,0,0,0,0,0,0.0,0.099585,0,0.0,0,146,3,3,0.6296,0.0,GREEN,37,Bengaluru
CLM0040425,BEN_02471,Koramangala,2024-07-30,7,0,0,0,0,0,0,0,0,0,0.0,0.280199,1,0.0,0,136,4,3,0.4241,0.0153,GREEN,52,Bengaluru
CLM0040426,BEN_04511,Electronic City,2025-11-19,19,0,0,0,0,0,0,0,0,0,1.0,0.199534,0,0.0,0,318,0,4,0.9706,0.1267,GREEN,37,Bengaluru
CLM0040427,BEN_08332,Electronic City,2022-11-26,16,0,0,0,0,1,0,0,0,0,0.0,1.0,0,0.0,0,306,0,0,0.6902,0.1194,GREEN,42,Bengaluru
CLM0040428,BEN_01280,Rajajinagar,2025-01-08,9,0,0,0,0,0,0,0,0,0,0.0,1.0,0,0.0,0,284,0,4,0.8382,0.0088,GREEN,47,Bengaluru
CLM0040429,BEN_00826,Jayanagar,2024-06-21,20,0,0,0,0,0,0,0,0,0,0.0,0.971889,0,0.0,0,241,3,0,0.7187,0.0,GREEN,28,Bengaluru
CLM0040430,BEN_06388,Koramangala,2023-03-25,11,0,0,0,0,0,0,1,0,0,1.0,0.269087,0,0.0,0,141,1,8,0.5694,0.1844,GREEN,51,Bengaluru
CLM0040431,BEN_05641,Electronic City,2019-04-18,16,0,0,0,0,0,0,0,0,0,0.0,0.239465,0,0.0,0,420,3,1,0.653,0.0115,GREEN,63,Bengaluru
CLM0040432,BEN_01465,HSR Layout,2023-06-18,13,0,0,0,1,0,0,0,1,0,0.0,0.038196,0,0.0,0,388,2,0,0.6039,0.2006,GREEN,54,Bengaluru
CLM0040433,BEN_08781,Rajajinagar,2019-11-21,21,0,0,0,0,0,0,0,0,0,0.0,0.237087,0,0.0,0,254,3,4,0.4564,0.0055,GREEN,50,Bengaluru
CLM0040434,BEN_00992,Whitefield,2025-04-19,19,0,0,0,0,0,0,1,0,0,0.0,0.198817,0,0.0,0,420,3,5,0.587,0.1006,GREEN,29,Bengaluru
CLM0040435,BEN_06948,Yelahanka,2022-12-14,20,0,1,1,1,1,0,1,0,1,1.0,0.972822,0,0.0,1,5,0,18,0.6611,0.6878,RED,44,Bengaluru
CLM0040436,BEN_00610,Koramangala,2024-02-08,19,0,1,1,1,1,0,1,0,1,1.0,0.999635,0,0.0,0,5,0,10,0.8796,0.6919,RED,39,Bengaluru
CLM0040437,BEN_09811,Jayanagar,2022-04-25,20,0,1,1,0,1,0,1,1,1,0.0,0.955249,0,1.0,1,5,1,18,0.0989,0.6489,RED,30,Bengaluru
CLM0040438,BEN_08730,Marathahalli,2022-10-20,10,0,1,1,1,1,0,1,1,0,1.0,0.898515,0,1.0,1,18,2,7,0.7457,0.6032,YELLOW,34,Bengaluru
CLM0040439,BEN_02294,HSR Layout,2015-12-19,20,0,1,1,1,1,0,0,0,1,1.0,0.987474,1,1.0,0,11,2,18,0.4089,0.5911,YELLOW,70,Bengaluru
CLM0040440,BEN_00010,Electronic City,2025-01-06,21,0,1,1,1,1,0,1,1,1,1.0,1.0,0,1.0,1,5,1,18,0.2598,0.7537,RED,60,Bengaluru
CLM0040441,BEN_04388,Koramangala,2024-02-25,18,0,0,0,0,0,0,0,0,0,0.0,0.288945,0,0.0,0,90,2,3,0.8397,0.0,GREEN,54,Bengaluru
CLM0040442,BEN_08641,Rajajinagar,2025-04-26,20,0,0,0,0,0,0,0,1,0,0.0,0.282462,0,0.0,0,127,1,2,0.5554,0.1181,GREEN,46,Bengaluru
CLM0040443,BEN_01867,Jayanagar,2024-12-21,13,0,0,0,0,0,0,0,0,0,0.0,0.23161,0,0.0,0,170,0,2,0.6314,0.0744,GREEN,25,Bengaluru
CLM0040444,BEN_07623,Marathahalli,2023-09-29,17,0,0,0,0,0,0,0,0,0,0.0,0.340173,0,0.0,0,275,0,4,0.4736,0.0,GREEN,37,Bengaluru
CLM0040445,BEN_04815,Marathahalli,2023-01-29,21,0,0,0,0,0,0,0,0,0,1.0,0.136769,0,0.0,0,395,3,0,0.4958,0.0446,GREEN,62,Bengaluru
CLM0040446,BEN_04352,Yelahanka,2025-06-15,16,0,0,0,0,0,0,0,0,0,0.0,0.057652,0,0.0,0,110,4,4,0.7989,0.0,GREEN,58,Bengaluru
CLM0040447,BEN_09197,Yelahanka,2025-08-28,7,0,0,0,0,0,0,0,0,0,0.0,0.140643,0,0.0,0,32,1,1,0.9029,0.0449,GREEN,50,Bengaluru
CLM0040448,BEN_05399,HSR Layout,2021-02-24,12,0,0,0,0,0,0,0,0,0,0.0,0.342249,0,0.0,0,300,3,6,0.5554,0.0,GREEN,65,Bengaluru
CLM0040449,BEN_01942,Whitefield,2023-04-08,16,0,0,0,0,0,1,0,1,0,0.0,0.211107,1,0.0,0,13,2,2,0.8252,0.2578,GREEN,44,Bengaluru
CLM0040450,BEN_01916,Marathahalli,2024-01-27,21,0,1,1,0,0,0,0,0,0,0.0,0.076496,0,0.0,0,396,0,0,0.5112,0.0388,GREEN,51,Bengaluru
CLM0040451,BEN_07141,Indiranagar,2023-07-21,10,0,0,0,0,0,0,0,0,0,0.0,0.405464,0,0.0,0,183,4,0,0.98,0.051,GREEN,38,Bengaluru
CLM0040452,BEN_07362,Marathahalli,2020-02-19,14,0,0,0,0,1,0,0,0,0,0.0,0.101211,0,0.0,0,239,0,6,0.858,0.126,GREEN,44,Bengaluru
CLM0040453,BEN_05959,Electronic City,2025-09-04,21,0,0,0,0,0,0,0,1,0,0.0,0.125495,0,0.0,0,353,0,0,0.05,0.1527,GREEN,38,Bengaluru
CLM0040454,BEN_09154,Rajajinagar,2023-09-04,11,0,0,0,0,0,0,0,1,0,0.0,0.105059,0,0.0,0,248,3,2,0.1045,0.1344,GREEN,31,Bengaluru
CLM0040455,BEN_02223,Indiranagar,2020-12-26,7,0,0,0,0,0,1,0,0,0,0.0,0.041026,1,0.0,0,420,1,4,0.8481,0.1156,GREEN,21,Bengaluru
CLM0040456,BEN_08254,Koramangala,2025-06-07,15,0,0,0,0,0,1,0,0,0,0.0,0.018057,0,0.0,0,85,4,3,0.05,0.1221,GREEN,46,Bengaluru
CLM0040457,BEN_04943,Rajajinagar,2023-01-15,20,0,0,0,0,0,0,0,0,0,0.0,0.218332,0,0.0,0,90,1,1,0.5443,0.058,GREEN,61,Bengaluru
CLM0040458,BEN_09699,BTM Layout,2021-08-22,12,0,0,0,0,0,0,0,0,0,0.0,0.192778,0,0.0,0,147,3,0,0.5241,0.037,GREEN,41,Bengaluru
CLM0040459,BEN_08775,Koramangala,2024-12-31,13,0,0,0,0,0,0,0,0,0,0.0,0.239982,0,0.0,0,420,3,0,0.05,0.0,GREEN,51,Bengaluru
CLM0040460,BEN_08356,Yelahanka,2024-07-21,9,0,0,0,0,0,0,0,0,0,0.0,0.084793,0,1.0,0,222,2,0,0.7354,0.0358,GREEN,44,Bengaluru
CLM0040461,BEN_05321,HSR Layout,2025-08-25,20,0,0,0,0,0,0,0,1,0,0.0,0.398225,0,0.0,0,267,3,5,0.7766,0.0676,GREEN,34,Bengaluru
CLM0040462,BEN_01626,Rajajinagar,2022-10-29,7,0,0,0,0,0,0,0,0,0,0.0,0.325431,0,0.0,0,220,2,2,0.4947,0.0,GREEN,43,Bengaluru
CLM0040463,BEN_00287,Indiranagar,2024-06-24,16,0,0,0,0,0,0,0,0,0,0.0,0.969816,0,0.0,0,420,0,2,0.1056,0.0574,GREEN,44,Bengaluru
CLM0040464,BEN_00879,HSR Layout,2021-09-06,11,0,0,0,0,0,0,0,1,0,0.0,0.383707,0,0.0,0,356,2,0,0.5735,0.1186,GREEN,28,Bengaluru
CLM0040465,BEN_09950,Electronic City,2022-02-03,7,0,0,0,0,0,0,0,0,0,0.0,0.040909,0,0.0,0,135,0,3,0.52,0.0006,GREEN,67,Bengaluru
CLM0040466,BEN_09838,Indiranagar,2024-12-13,13,0,0,0,0,0,0,0,0,0,0.0,0.005107,0,0.0,0,231,4,2,0.4923,0.0196,GREEN,35,Bengaluru
CLM0040467,BEN_08364,Jayanagar,2022-02-26,14,0,0,0,0,0,0,0,0,0,1.0,1.0,0,1.0,0,124,3,0,0.7955,0.0,GREEN,27,Bengaluru
CLM0040468,BEN_09238,Jayanagar,2021-06-08,11,0,0,0,0,0,0,0,0,0,0.0,0.104022,0,0.0,0,311,2,3,0.6205,0.0224,GREEN,18,Bengaluru
CLM0040469,BEN_09665,Electronic City,2023-07-28,14,0,0,0,0,0,0,0,0,0,0.0,0.194087,0,0.0,0,298,2,1,0.9336,0.0325,GREEN,61,Bengaluru
CLM0040470,BEN_01626,Rajajinagar,2024-12-31,13,0,0,0,0,0,0,0,0,0,0.0,0.261092,0,0.0,0,385,0,4,0.7115,0.0,GREEN,43,Bengaluru
CLM0040471,BEN_00612,Yelahanka,2023-05-07,17,0,0,0,0,0,0,0,0,0,0.0,0.0,0,0.0,0,154,2,4,0.6716,0.0429,GREEN,39,Bengaluru
CLM0040472,BEN_03662,Electronic City,2020-12-03,9,0,0,0,1,1,0,1,1,1,0.0,1.0,0,1.0,0,12,4,14,0.3652,0.0,GREEN,35,Bengaluru
CLM0040473,BEN_05434,BTM Layout,2023-07-22,14,0,0,0,0,0,0,0,0,0,0.0,0.428302,0,0.0,0,90,4,0,0.8899,0.0,GREEN,18,Bengaluru
CLM0040474,BEN_05316,BTM Layout,2023-12-06,11,0,0,0,0,0,0,1,0,0,1.0,0.282623,0,0.0,0,123,0,3,0.7703,0.1625,GREEN,41,Bengaluru
CLM0040475,BEN_01413,Koramangala,2023-03-20,13,0,0,0,0,0,0,0,0,0,0.0,0.171993,0,0.0,0,6,2,1,0.903,0.0402,GREEN,42,Bengaluru
CLM0040476,BEN_04977,Yelahanka,2022-12-31,11,0,0,0,0,0,0,0,0,0,0.0,0.325876,0,0.0,0,407,2,0,0.8236,0.0336,GREEN,28,Bengaluru
CLM0040477,BEN_02847,Yelahanka,2023-04-30,19,0,0,0,1,0,1,1,1,1,0.0,0.12974,0,0.0,1,13,3,11,0.9033,0.0,GREEN,41,Bengaluru
CLM0040478,BEN_09452,Jayanagar,2024-07-28,9,0,0,0,0,0,0,0,0,0,1.0,0.077017,0,0.0,0,361,1,3,0.82,0.0745,GREEN,35,Bengaluru
CLM0040479,BEN_02809,BTM Layout,2023-07-07,14,0,0,0,0,0,1,0,0,0,0.0,0.182098,0,0.0,0,420,1,0,0.1698,0.1579,GREEN,31,Bengaluru
CLM0040480,BEN_04682,Indiranagar,2025-06-20,19,0,0,0,0,0,1,0,0,0,0.0,0.240805,0,1.0,0,355,2,2,0.8681,0.1057,GREEN,47,Bengaluru
CLM0040481,BEN_03315,Whitefield,2023-04-07,12,0,1,1,0,0,0,0,0,0,0.0,0.882424,0,0.0,0,287,3,0,0.895,0.0,GREEN,42,Bengaluru
CLM0040482,BEN_04329,Indiranagar,2025-12-21,19,0,0,0,0,0,0,0,0,0,0.0,1.0,0,0.0,0,150,0,3,0.98,0.0261,GREEN,42,Bengaluru
CLM0040483,BEN_08143,Marathahalli,2023-06-20,16,0,0,0,0,0,0,0,1,0,1.0,0.330389,0,0.0,0,387,2,0,0.6027,0.2407,GREEN,60,Bengaluru
CLM0040484,BEN_07561,Jayanagar,2025-04-07,7,0,0,0,0,0,0,0,0,0,0.0,0.260644,0,0.0,0,420,1,0,0.9413,0.0,GREEN,47,Bengaluru
CLM0040485,BEN_04055,Yelahanka,2025-06-12,18,0,0,0,0,0,0,1,0,0,0.0,0.182514,0,0.0,0,420,0,6,0.9647,0.0228,GREEN,26,Bengaluru
CLM0040486,BEN_04885,Jayanagar,2020-07-24,11,0,0,0,0,0,0,0,0,0,0.0,0.434627,0,0.0,1,366,1,3,0.7154,0.0929,GREEN,49,Bengaluru
CLM0040487,BEN_01200,Rajajinagar,2020-04-07,21,0,0,0,0,0,0,0,0,0,0.0,0.05597,0,0.0,0,308,2,1,0.6169,0.0466,GREEN,42,Bengaluru
CLM0040488,BEN_00410,Yelahanka,2025-12-22,9,0,0,0,0,0,0,0,1,0,0.0,0.017471,0,0.0,0,124,3,3,0.0923,0.1145,GREEN,43,Bengaluru
CLM0040489,BEN_02678,BTM Layout,2021-04-10,20,0,0,0,0,0,0,0,0,0,0.0,0.305879,0,0.0,0,235,0,4,0.3422,0.0299,GREEN,42,Bengaluru
CLM0040490,BEN_07181,Yelahanka,2022-10-10,7,0,0,0,0,0,0,0,0,0,0.0,0.067689,0,1.0,0,204,0,0,0.9402,0.0,GREEN,29,Bengaluru
CLM0040491,BEN_04696,BTM Layout,2020-05-06,13,0,0,0,0,0,1,0,0,0,0.0,0.324496,0,0.0,0,50,0,5,0.3343,0.0791,GREEN,52,Bengaluru
CLM0040492,BEN_04544,Yelahanka,2022-01-22,11,0,1,1,0,0,0,0,0,0,0.0,0.336326,0,0.0,1,330,1,3,0.05,0.2358,GREEN,47,Bengaluru
CLM0040493,BEN_09182,Electronic City,2025-06-14,10,0,0,0,0,0,0,0,1,0,0.0,0.006139,0,0.0,0,313,4,1,0.98,0.2097,GREEN,36,Bengaluru
CLM0040494,BEN_02149,HSR Layout,2024-10-19,20,0,0,0,0,0,1,0,0,0,0.0,0.086965,0,0.0,0,420,0,2,0.9758,0.0628,GREEN,33,Bengaluru
CLM0040495,BEN_05618,HSR Layout,2023-05-12,21,0,0,0,1,1,1,1,1,0,0.0,0.102228,1,0.0,1,5,2,18,0.9556,0.0,GREEN,18,Bengaluru
CLM0040496,BEN_02117,Koramangala,2023-11-02,11,0,0,0,0,0,0,1,1,0,0.0,0.043675,0,0.0,0,235,1,1,0.2159,0.12,GREEN,39,Bengaluru
CLM0040497,BEN_01009,HSR Layout,2020-12-22,10,0,0,0,0,0,0,0,1,0,0.0,0.0,0,0.0,0,292,0,0,0.8707,0.0678,GREEN,49,Bengaluru
CLM0040498,BEN_02877,HSR Layout,2019-07-15,20,0,0,0,0,0,0,0,0,0,0.0,0.137365,0,0.0,0,221,0,5,0.8294,0.0492,GREEN,39,Bengaluru
CLM0040499,BEN_06987,Jayanagar,2020-06-14,20,0,0,0,0,0,0,0,0,0,0.0,0.0,0,0.0,1,343,2,2,0.2787,0.0,GREEN,41,Bengaluru
CLM0040500,BEN_03871,Yelahanka,2021-06-21,8,0,1,1,1,0,1,1,1,1,0.0,0.092683,1,0.0,1,9,1,18,0.9136,0.7841,RED,56,Bengaluru
CLM0040501,BEN_03036,Jayanagar,2025-03-05,16,0,1,1,1,0,0,0,1,0,1.0,1.0,0,0.0,1,21,0,18,0.269,0.4948,YELLOW,40,Bengaluru
CLM0040502,BEN_03700,HSR Layout,2022-01-31,13,0,1,1,1,1,0,1,1,1,1.0,1.0,1,1.0,0,24,1,18,0.2656,0.7921,RED,41,Bengaluru
CLM0040503,BEN_04620,Indiranagar,2025-08-20,20,0,1,1,0,1,1,1,1,0,1.0,0.983906,1,1.0,0,21,0,18,0.0624,0.6112,RED,37,Bengaluru
CLM0040504,BEN_03099,Electronic City,2021-03-29,19,0,1,1,1,0,1,0,0,0,0.0,1.0,0,0.0,0,5,0,18,0.3395,0.5242,YELLOW,47,Bengaluru
CLM0040505,BEN_07499,BTM Layout,2022-08-20,13,0,1,1,1,1,1,1,1,0,0.0,1.0,1,0.0,1,5,0,18,0.325,0.7468,RED,53,Bengaluru
CLM0040506,BEN_03599,Jayanagar,2023-01-31,16,0,1,1,0,1,1,1,0,0,0.0,0.180071,1,0.0,1,5,2,18,0.98,0.4069,YELLOW,37,Bengaluru
CLM0040507,BEN_04440,Electronic City,2024-11-25,9,0,1,1,0,1,0,0,0,0,0.0,0.098748,1,0.0,0,5,2,18,0.7113,0.4094,YELLOW,32,Bengaluru
CLM0040508,BEN_03246,Whitefield,2025-02-23,21,0,0,0,0,0,0,0,0,0,0.0,0.131566,0,0.0,1,230,1,3,0.9418,0.0525,GREEN,57,Bengaluru
CLM0040509,BEN_09482,HSR Layout,2025-10-28,21,0,0,0,0,0,0,0,0,0,0.0,0.438666,0,0.0,0,192,1,1,0.901,0.0,GREEN,38,Bengaluru
CLM0040510,BEN_00496,Indiranagar,2024-04-02,16,0,0,0,0,0,0,0,0,0,0.0,0.181628,0,0.0,0,309,1,4,0.7483,0.0361,GREEN,32,Bengaluru
CLM0040511,BEN_08973,Marathahalli,2025-01-29,7,0,0,0,0,0,0,0,0,0,1.0,0.303862,0,0.0,1,420,4,3,0.8939,0.1501,GREEN,59,Bengaluru
CLM0040512,BEN_06169,Marathahalli,2023-10-22,20,0,0,0,0,0,0,0,0,0,0.0,0.157881,0,0.0,0,254,2,0,0.98,0.1042,GREEN,51,Bengaluru
CLM0040513,BEN_06659,Whitefield,2024-03-05,19,0,0,0,0,0,1,0,0,0,0.0,0.357749,0,1.0,0,151,0,0,0.2003,0.1246,GREEN,44,Bengaluru
CLM0040514,BEN_03219,Yelahanka,2024-11-26,7,0,0,0,0,0,0,1,0,0,0.0,0.428813,0,0.0,0,59,2,5,0.7055,0.0342,GREEN,59,Bengaluru
CLM0040515,BEN_05760,BTM Layout,2016-05-20,7,0,0,0,1,0,0,0,0,0,1.0,0.316862,0,0.0,0,420,0,0,0.83,0.0,GREEN,54,Bengaluru
CLM0040516,BEN_09285,BTM Layout,2016-09-28,17,0,0,0,0,0,0,0,0,0,0.0,0.097033,0,1.0,0,366,4,3,0.891,0.0,GREEN,33,Bengaluru
CLM0040517,BEN_00017,Koramangala,2018-07-16,7,0,0,0,0,0,1,0,0,0,0.0,0.999501,0,0.0,0,174,1,5,0.4834,0.1233,GREEN,57,Bengaluru
CLM0040518,BEN_05706,HSR Layout,2020-02-27,19,0,0,0,0,0,0,0,0,0,0.0,1.0,1,0.0,0,415,4,0,0.5084,0.0179,GREEN,31,Bengaluru
CLM0040519,BEN_09017,Yelahanka,2019-03-21,17,0,0,0,0,0,0,1,1,0,1.0,0.074951,0,0.0,0,129,0,0,0.8881,0.2281,GREEN,42,Bengaluru
CLM0040520,BEN_05416,Electronic City,2018-01-21,16,0,0,0,0,0,0,0,1,0,0.0,0.0,0,0.0,0,85,2,3,0.98,0.2205,GREEN,52,Bengaluru
CLM0040521,BEN_07298,Koramangala,2024-02-01,11,0,0,0,0,0,0,0,1,0,0.0,0.416372,0,0.0,0,195,3,1,0.9182,0.1537,GREEN,37,Bengaluru
CLM0040522,BEN_09248,Electronic City,2019-04-27,18,0,0,0,0,0,0,0,1,0,0.0,0.036053,0,0.0,0,420,1,3,0.6913,0.0654,GREEN,38,Bengaluru
CLM0040523,BEN_08982,Jayanagar,2023-07-05,21,0,0,0,0,0,0,0,0,0,0.0,0.142753,1,0.0,0,138,0,2,0.9088,0.0493,GREEN,33,Bengaluru
CLM0040524,BEN_05256,Whitefield,2021-01-29,20,0,0,0,0,0,1,0,0,0,0.0,0.352165,0,0.0,0,346,4,3,0.656,0.2537,GREEN,40,Bengaluru
CLM0040525,BEN_05745,Koramangala,2017-03-14,18,0,0,0,0,0,0,0,0,0,0.0,0.36714,0,0.0,0,148,0,0,0.8329,0.0,GREEN,46,Bengaluru
CLM0040526,BEN_05165,Jayanagar,2020-07-05,18,0,0,0,0,0,0,1,0,0,0.0,0.009253,0,0.0,0,181,0,0,0.6204,0.0781,GREEN,45,Bengaluru
CLM0040527,BEN_00179,Jayanagar,2016-06-28,20,0,0,0,0,0,0,0,0,0,0.0,0.096135,0,0.0,0,289,1,1,0.7244,0.0336,GREEN,53,Bengaluru
CLM0040528,BEN_03919,Yelahanka,2025-11-30,12,0,0,0,0,0,0,0,0,0,0.0,0.997275,0,0.0,0,105,0,3,0.2313,0.0084,GREEN,34,Bengaluru
CLM0040529,BEN_08079,Marathahalli,2024-05-17,9,0,0,0,0,0,0,0,0,0,1.0,0.347085,0,0.0,0,10,0,2,0.0624,0.0877,GREEN,58,Bengaluru
CLM0040530,BEN_04392,Koramangala,2024-04-09,9,0,0,0,0,0,0,0,0,0,0.0,0.252035,0,0.0,0,406,2,2,0.5148,0.1097,GREEN,53,Bengaluru
CLM0040531,BEN_05468,Whitefield,2020-06-30,12,0,0,0,0,0,1,0,0,0,0.0,0.97405,0,0.0,0,260,4,0,0.6477,0.2529,GREEN,42,Bengaluru
CLM0040532,BEN_02842,Jayanagar,2021-07-27,17,0,0,0,0,0,0,0,0,1,0.0,0.353522,0,0.0,0,388,0,0,0.871,0.1066,GREEN,48,Bengaluru
CLM0040533,BEN_07432,Yelahanka,2024-11-19,14,0,0,0,0,0,1,0,0,1,0.0,0.445079,0,1.0,0,163,3,3,0.4914,0.2594,GREEN,41,Bengaluru
CLM0040534,BEN_07218,Jayanagar,2025-06-08,8,0,0,0,0,0,0,0,0,0,0.0,0.024351,0,0.0,0,211,0,2,0.9404,0.0709,GREEN,38,Bengaluru
CLM0040535,BEN_05839,Koramangala,2024-04-01,7,0,0,0,0,0,0,0,0,0,0.0,0.101144,0,0.0,0,163,3,1,0.1606,0.0298,GREEN,51,Bengaluru
CLM0040536,BEN_02855,Yelahanka,2025-01-03,19,0,0,0,0,1,0,0,0,0,0.0,0.294546,0,0.0,0,121,4,0,0.6502,0.1265,GREEN,46,Bengaluru
CLM0040537,BEN_04042,Yelahanka,2024-03-26,8,0,0,0,0,0,0,0,0,1,0.0,0.288997,0,0.0,0,236,3,3,0.98,0.1575,GREEN,60,Bengaluru
CLM0040538,BEN_01849,Yelahanka,2022-11-13,13,0,0,0,0,0,0,0,0,0,0.0,0.08414,0,0.0,0,305,4,2,0.7455,0.0061,GREEN,33,Bengaluru
CLM0040539,BEN_05405,BTM Layout,2022-02-06,20,0,0,0,0,0,0,0,0,0,0.0,0.245415,0,0.0,0,420,0,1,0.8475,0.0711,GREEN,50,Bengaluru
CLM0040540,BEN_01945,HSR Layout,2023-01-27,20,0,0,0,0,0,0,0,0,0,0.0,0.222644,0,0.0,0,279,3,0,0.7302,0.0,GREEN,39,Bengaluru
CLM0040541,BEN_04025,Electronic City,2025-02-27,8,0,0,0,0,1,0,1,1,1,1.0,0.023836,0,0.0,1,5,4,18,0.2619,0.2198,GREEN,37,Bengaluru
CLM0040542,BEN_02378,Whitefield,2023-12-17,11,0,0,0,0,0,0,0,0,0,0.0,0.151789,0,0.0,0,145,1,3,0.8779,0.0,GREEN,36,Bengaluru
CLM0040543,BEN_04531,Jayanagar,2018-06-27,20,0,0,0,0,0,0,0,0,0,0.0,0.198231,0,0.0,0,282,0,0,0.7756,0.0681,GREEN,55,Bengaluru
CLM0040544,BEN_05690,BTM Layout,2024-12-01,9,0,0,0,0,0,0,0,0,0,0.0,0.312382,0,0.0,0,205,4,2,0.9145,0.0,GREEN,49,Bengaluru
CLM0040545,BEN_09264,Indiranagar,2022-06-17,20,0,0,0,0,0,0,0,0,0,0.0,0.142588,0,0.0,0,420,4,5,0.9538,0.0418,GREEN,52,Bengaluru
CLM0040546,BEN_03638,Whitefield,2015-08-21,20,0,0,0,0,0,0,0,0,0,0.0,0.366015,0,0.0,0,382,2,0,0.9623,0.0,GREEN,47,Bengaluru
CLM0040547,BEN_05816,Rajajinagar,2024-01-09,7,0,0,0,0,0,0,0,0,0,0.0,0.276969,0,0.0,0,406,1,5,0.7207,0.0,GREEN,38,Bengaluru
CLM0040548,BEN_03045,BTM Layout,2025-09-29,20,0,0,0,0,0,0,0,0,0,0.0,0.479787,0,0.0,0,94,1,5,0.98,0.0,GREEN,41,Bengaluru
CLM0040549,BEN_07425,Electronic City,2023-06-28,20,0,0,0,0,0,0,0,0,0,0.0,0.374442,0,0.0,0,286,4,1,0.7952,0.0,GREEN,36,Bengaluru
CLM0040550,BEN_03802,Whitefield,2022-11-22,16,0,0,0,0,0,0,0,0,0,0.0,0.412736,1,0.0,1,264,4,1,0.7387,0.1203,GREEN,38,Bengaluru
CLM0040551,BEN_08846,BTM Layout,2025-05-26,9,0,0,0,0,0,0,0,0,0,0.0,0.227844,0,0.0,0,348,0,0,0.8964,0.085,GREEN,38,Bengaluru
CLM0040552,BEN_01965,Indiranagar,2024-02-11,18,0,0,0,0,0,0,0,0,0,0.0,0.225261,0,0.0,0,166,0,4,0.98,0.0221,GREEN,38,Bengaluru
CLM0040553,BEN_00717,Jayanagar,2022-11-22,10,0,0,0,0,0,0,0,0,0,0.0,0.13417,0,0.0,0,376,0,2,0.9441,0.0,GREEN,36,Bengaluru
CLM0040554,BEN_02779,Jayanagar,2022-12-09,20,0,0,0,0,1,0,0,0,0,0.0,0.103111,0,0.0,0,71,2,1,0.7283,0.1746,GREEN,41,Bengaluru
CLM0040555,BEN_01440,Indiranagar,2023-11-06,12,0,0,0,0,0,0,0,0,1,0.0,0.181365,0,0.0,0,359,3,0,0.8635,0.1164,GREEN,24,Bengaluru
CLM0040556,BEN_02079,Marathahalli,2024-02-16,7,0,0,0,0,0,0,0,1,0,0.0,0.154058,1,0.0,0,19,3,4,0.7936,0.1489,GREEN,46,Bengaluru
CLM0040557,BEN_05827,Indiranagar,2022-01-13,18,0,0,0,0,0,0,0,0,0,0.0,0.246827,0,0.0,0,230,2,0,0.7506,0.0999,GREEN,44,Bengaluru
CLM0040558,BEN_09530,Electronic City,2022-08-22,21,0,0,0,0,0,0,0,0,1,1.0,0.0015,0,0.0,0,72,4,4,0.922,0.1652,GREEN,34,Bengaluru
CLM0040559,BEN_08846,BTM Layout,2022-12-28,8,0,0,0,0,0,0,0,0,1,0.0,0.289595,0,0.0,0,388,2,5,0.05,0.2171,GREEN,38,Bengaluru
CLM0040560,BEN_06976,Rajajinagar,2021-12-29,13,0,0,0,0,0,0,0,0,0,0.0,0.109513,0,0.0,0,92,3,3,0.7669,0.0486,GREEN,29,Bengaluru
CLM0040561,BEN_04859,Indiranagar,2024-09-18,7,0,0,0,0,0,0,0,0,0,0.0,0.186898,0,0.0,0,132,2,6,0.8679,0.0881,GREEN,50,Bengaluru
CLM0040562,BEN_02904,Yelahanka,2018-10-13,13,0,0,0,0,0,0,0,0,0,1.0,0.263862,0,0.0,0,278,3,4,0.98,0.0413,GREEN,43,Bengaluru
CLM0040563,BEN_05346,Jayanagar,2019-02-07,15,0,0,0,0,0,0,1,0,1,0.0,0.099667,0,1.0,1,390,1,1,0.8,0.2661,GREEN,23,Bengaluru
CLM0040564,BEN_09117,HSR Layout,2024-12-24,12,0,0,0,1,0,0,0,0,0,0.0,0.411651,1,0.0,0,299,4,0,0.0501,0.2464,GREEN,55,Bengaluru
CLM0040565,BEN_06568,Whitefield,2019-10-16,10,0,0,0,1,0,0,0,0,0,0.0,0.344036,0,0.0,0,402,2,2,0.2748,0.1531,GREEN,53,Bengaluru
CLM0040566,BEN_07895,Electronic City,2019-04-27,21,0,0,0,0,0,0,0,0,0,0.0,0.34199,0,0.0,0,299,1,2,0.4997,0.0,GREEN,57,Bengaluru
CLM0040567,BEN_07960,Electronic City,2020-05-15,12,0,0,0,0,0,0,0,0,0,0.0,0.1619,1,0.0,0,360,4,4,0.7422,0.0417,GREEN,47,Bengaluru
CLM0040568,BEN_05495,Yelahanka,2019-07-05,17,0,0,0,0,0,0,0,0,0,0.0,0.06292,0,0.0,0,244,3,3,0.8683,0.0549,GREEN,18,Bengaluru
CLM0040569,BEN_04998,Rajajinagar,2016-06-05,11,0,0,0,0,0,0,0,0,0,0.0,0.045768,0,0.0,0,161,3,0,0.98,0.129,GREEN,45,Bengaluru
CLM0040570,BEN_08307,Jayanagar,2020-05-26,10,0,0,0,0,0,0,0,1,0,0.0,0.0,0,0.0,0,98,0,0,0.6163,0.0837,GREEN,24,Bengaluru
CLM0040571,BEN_05236,HSR Layout,2017-02-10,18,0,0,0,0,0,0,0,1,0,0.0,0.396713,0,0.0,0,108,4,4,0.8389,0.1127,GREEN,51,Bengaluru
CLM0040572,BEN_07545,Yelahanka,2020-07-03,14,0,1,1,0,0,0,0,0,0,0.0,0.313711,0,0.0,0,420,3,3,0.8128,0.0,GREEN,37,Bengaluru
CLM0040573,BEN_09182,Electronic City,2022-03-09,14,0,1,1,1,1,1,1,1,1,1.0,0.986684,0,1.0,0,39,1,18,0.05,0.7599,RED,36,Bengaluru
CLM0040574,BEN_03562,Jayanagar,2020-06-26,15,0,1,1,0,0,0,0,0,0,0.0,1.0,0,0.0,0,100,0,2,0.8325,0.5222,YELLOW,52,Bengaluru
CLM0040575,BEN_02531,Koramangala,2024-12-20,20,0,1,1,1,0,1,1,1,1,1.0,1.0,0,0.0,0,5,0,18,0.0675,0.6908,RED,52,Bengaluru
CLM0040576,BEN_01506,Electronic City,2019-02-14,7,0,1,1,1,1,1,1,1,1,0.0,0.913804,0,0.0,1,5,0,18,0.05,0.8418,RED,40,Bengaluru
CLM0040577,BEN_02578,BTM Layout,2018-01-17,13,0,1,1,0,1,0,0,1,0,0.0,1.0,1,1.0,1,23,2,18,0.2182,0.5012,YELLOW,61,Bengaluru
CLM0040578,BEN_01207,BTM Layout,2024-03-21,9,0,1,1,0,1,1,0,1,0,1.0,0.989012,1,1.0,0,7,2,18,0.1163,0.3955,YELLOW,42,Bengaluru
CLM0040579,BEN_05283,Electronic City,2019-01-27,17,0,1,1,0,0,0,0,0,0,0.0,0.978268,0,0.0,0,410,0,1,0.9155,0.6167,RED,33,Bengaluru
CLM0040580,BEN_00245,Rajajinagar,2021-04-07,19,0,1,1,1,1,0,1,1,1,0.0,0.988844,0,0.0,0,19,2,18,0.1751,0.7231,RED,22,Bengaluru
CLM0040581,BEN_06309,BTM Layout,2019-08-17,12,0,1,1,1,1,1,1,1,1,1.0,1.0,1,0.0,0,5,0,18,0.05,0.6918,RED,18,Bengaluru
CLM0040582,BEN_08766,Whitefield,2023-11-19,9,0,1,1,0,0,1,1,0,1,1.0,1.0,0,1.0,0,17,2,18,0.5589,0.4465,YELLOW,42,Bengaluru
CLM0040583,BEN_08519,HSR Layout,2017-06-11,10,0,1,1,1,1,0,1,1,1,0.0,0.786777,0,0.0,1,31,1,18,0.3288,0.6963,RED,56,Bengaluru
CLM0040584,BEN_00694,Indiranagar,2024-10-28,14,0,1,1,1,1,0,1,1,1,1.0,0.931579,0,0.0,0,5,2,18,0.4073,0.7614,RED,61,Bengaluru
CLM0040585,BEN_01424,Jayanagar,2024-11-13,18,0,0,0,1,0,0,0,0,0,1.0,1.0,0,1.0,0,233,3,0,0.8217,0.1023,GREEN,45,Bengaluru
CLM0040586,BEN_08581,HSR Layout,2017-04-04,17,0,0,0,0,0,0,0,0,0,1.0,1.0,0,1.0,0,84,0,0,0.8741,0.0232,GREEN,41,Bengaluru
CLM0040587,BEN_06615,Indiranagar,2019-01-31,17,0,0,0,0,0,0,0,0,0,0.0,0.229485,0,0.0,0,73,2,0,0.05,0.0,GREEN,52,Bengaluru
CLM0040588,BEN_04079,Yelahanka,2019-02-24,14,0,0,0,0,0,0,0,0,0,0.0,0.156166,0,1.0,0,420,0,3,0.8408,0.1018,GREEN,45,Bengaluru
CLM0040589,BEN_09350,Koramangala,2025-11-20,19,0,1,1,0,0,0,0,0,0,0.0,0.368555,0,0.0,0,420,0,3,0.512,0.7436,RED,47,Bengaluru
CLM0040590,BEN_05336,Yelahanka,2019-04-21,15,0,1,1,1,1,1,1,0,1,1.0,0.908866,0,1.0,1,26,2,18,0.1707,0.7115,RED,49,Bengaluru
CLM0040591,BEN_07230,Indiranagar,2022-02-23,19,0,1,1,0,0,0,0,1,0,0.0,0.164648,1,0.0,0,263,0,0,0.7056,0.6516,RED,29,Bengaluru
CLM0040592,BEN_05704,Electronic City,2018-01-17,9,0,1,1,1,0,0,0,1,1,1.0,1.0,1,0.0,1,20,0,18,0.9354,0.7326,RED,23,Bengaluru
CLM0040593,BEN_01430,Indiranagar,2024-02-21,12,0,1,1,0,1,1,1,1,0,1.0,0.526093,1,0.0,1,5,0,18,0.3507,0.6684,RED,58,Bengaluru
CLM0040594,BEN_05856,Rajajinagar,2023-07-28,9,0,1,1,0,0,0,1,1,0,0.0,0.0,1,0.0,0,7,1,18,0.9732,0.3312,YELLOW,60,Bengaluru
CLM0040595,BEN_03618,Indiranagar,2021-12-28,13,0,1,1,0,0,1,1,1,1,0.0,0.20571,1,0.0,1,5,2,18,0.1102,0.6976,RED,47,Bengaluru
CLM0040596,BEN_08124,HSR Layout,2017-11-23,19,0,1,1,0,1,0,1,1,1,1.0,0.974473,0,1.0,1,7,1,18,0.7312,0.7125,RED,59,Bengaluru
CLM0040597,BEN_03736,Yelahanka,2020-07-27,21,0,1,1,0,0,0,0,0,0,0.0,0.116295,0,0.0,0,261,2,0,0.57,0.5916,YELLOW,49,Bengaluru
CLM0040598,BEN_08471,HSR Layout,2017-12-28,18,0,1,1,1,1,0,1,0,1,0.0,0.247452,0,0.0,1,7,2,18,0.349,0.7603,RED,46,Bengaluru
CLM0040599,BEN_07742,Whitefield,2024-10-27,16,0,1,1,1,0,1,1,1,1,0.0,0.111653,0,0.0,1,5,2,18,0.8363,0.7305,RED,55,Bengaluru
CLM0040600,BEN_06321,HSR Layout,2024-01-07,10,0,1,1,1,0,1,1,1,0,0.0,0.113246,0,0.0,0,5,2,18,0.98,0.6563,RED,58,Bengaluru
CLM0040601,BEN_03279,BTM Layout,2023-01-23,11,0,0,0,1,0,1,0,0,0,0.0,0.233856,0,0.0,0,47,2,0,0.6061,0.2656,GREEN,42,Bengaluru
CLM0040602,BEN_07054,BTM Layout,2025-03-20,13,0,0,0,0,0,0,0,0,0,0.0,0.223908,0,0.0,0,163,3,2,0.9439,0.0,GREEN,50,Bengaluru
CLM0040603,BEN_01778,Electronic City,2024-10-13,13,0,0,0,0,0,0,0,0,1,0.0,0.395087,0,0.0,0,106,4,1,0.4861,0.1018,GREEN,23,Bengaluru
CLM0040604,BEN_06635,Marathahalli,2023-09-02,18,0,0,0,0,0,0,0,0,0,0.0,0.192893,0,0.0,0,267,0,1,0.98,0.0077,GREEN,56,Bengaluru
CLM0040605,BEN_06630,Koramangala,2025-10-17,17,0,0,0,0,0,0,0,0,0,0.0,1.0,0,0.0,0,24,0,0,0.6331,0.0,GREEN,42,Bengaluru
CLM0040606,BEN_03394,Marathahalli,2024-07-07,14,0,0,0,0,0,0,0,0,0,0.0,0.096984,0,0.0,0,321,2,5,0.7808,0.0827,GREEN,48,Bengaluru
CLM0040607,BEN_02134,Koramangala,2025-08-17,14,0,0,0,0,0,0,0,0,0,0.0,0.120211,0,0.0,0,68,1,0,0.2324,0.0,GREEN,48,Bengaluru
CLM0040608,BEN_09701,Jayanagar,2022-10-08,10,0,0,0,0,0,0,0,0,0,0.0,0.183905,0,0.0,0,101,1,0,0.7831,0.0,GREEN,56,Bengaluru
CLM0040609,BEN_06421,BTM Layout,2025-01-20,16,0,0,0,0,0,1,0,0,0,1.0,0.98765,0,0.0,0,292,0,3,0.9552,0.262,GREEN,33,Bengaluru
CLM0040610,BEN_07728,Marathahalli,2022-07-30,21,0,0,0,0,0,0,0,0,0,0.0,0.231639,0,0.0,0,420,3,2,0.7529,0.1597,GREEN,50,Bengaluru
CLM0040611,BEN_09713,Indiranagar,2024-02-03,20,0,0,0,0,0,0,0,0,0,0.0,0.351204,0,0.0,0,271,1,0,0.2219,0.227,GREEN,53,Bengaluru
CLM0040612,BEN_05074,Rajajinagar,2024-05-24,11,0,0,0,1,0,1,0,1,1,0.0,1.0,0,1.0,0,5,1,18,0.5297,0.0101,GREEN,45,Bengaluru
CLM0040613,BEN_09065,Koramangala,2020-12-30,18,0,0,0,0,0,1,0,0,0,0.0,0.287629,0,0.0,0,323,1,1,0.05,0.066,GREEN,47,Bengaluru
CLM0040614,BEN_00739,HSR Layout,2024-04-17,8,0,0,0,0,0,0,0,0,0,0.0,0.226373,0,0.0,0,316,2,2,0.9242,0.0,GREEN,49,Bengaluru
CLM0040615,BEN_05028,HSR Layout,2021-09-02,19,0,0,0,1,0,0,0,0,0,0.0,0.289736,0,0.0,0,420,0,5,0.8839,0.196,GREEN,54,Bengaluru
CLM0040616,BEN_00112,Whitefield,2024-06-09,15,0,0,0,0,0,1,0,0,0,0.0,0.028201,0,0.0,0,249,0,0,0.8543,0.1525,GREEN,40,Bengaluru
CLM0040617,BEN_08360,Jayanagar,2021-02-27,10,0,0,0,0,0,0,0,0,0,0.0,0.054871,0,0.0,0,162,3,0,0.553,0.0062,GREEN,47,Bengaluru
CLM0040618,BEN_02086,Indiranagar,2023-08-24,13,0,0,0,0,0,0,0,1,0,0.0,0.252698,0,0.0,0,125,0,4,0.9265,0.1423,GREEN,48,Bengaluru
CLM0040619,BEN_00157,HSR Layout,2020-10-09,14,0,0,0,1,0,0,0,1,0,0.0,0.142661,0,0.0,0,370,2,4,0.3141,0.2278,GREEN,36,Bengaluru
CLM0040620,BEN_09428,Marathahalli,2019-06-05,13,0,0,0,0,0,0,0,0,0,0.0,0.26748,0,0.0,0,329,2,1,0.4955,0.071,GREEN,43,Bengaluru
CLM0040621,BEN_07044,Koramangala,2024-05-22,14,0,0,0,0,0,0,0,0,0,0.0,0.558794,0,0.0,0,394,1,1,0.614,0.0,GREEN,36,Bengaluru
CLM0040622,BEN_04055,Yelahanka,2018-06-05,19,0,0,0,0,0,0,0,0,0,0.0,0.140015,0,0.0,0,307,2,0,0.5904,0.0,GREEN,26,Bengaluru
CLM0040623,BEN_09090,BTM Layout,2019-05-17,18,0,0,0,0,0,0,0,0,0,0.0,0.198394,0,0.0,0,392,1,5,0.9698,0.0,GREEN,41,Bengaluru
CLM0040624,BEN_08956,Indiranagar,2023-06-03,16,0,0,0,0,1,0,1,1,0,0.0,1.0,0,0.0,0,5,0,18,0.2477,0.068,GREEN,43,Bengaluru
CLM0040625,BEN_03306,BTM Layout,2017-12-15,11,0,0,0,0,0,0,0,0,0,0.0,0.236813,0,0.0,0,116,3,2,0.5802,0.0353,GREEN,39,Bengaluru
CLM0040626,BEN_06893,HSR Layout,2021-04-05,14,0,0,0,0,0,0,0,0,0,0.0,0.053202,0,0.0,0,420,2,3,0.7766,0.0391,GREEN,52,Bengaluru
CLM0040627,BEN_05749,Electronic City,2021-09-11,11,0,0,0,0,0,0,0,0,0,0.0,0.325525,0,0.0,0,128,0,0,0.9021,0.0133,GREEN,34,Bengaluru
CLM0040628,BEN_04675,Jayanagar,2018-05-24,15,0,0,0,0,0,0,0,0,0,0.0,0.170287,0,0.0,0,405,4,3,0.0782,0.0,GREEN,42,Bengaluru
CLM0040629,BEN_01880,Koramangala,2025-10-24,8,0,0,0,0,0,0,0,0,0,0.0,0.404883,0,0.0,0,56,4,5,0.9172,0.0,GREEN,72,Bengaluru
CLM0040630,BEN_06747,Electronic City,2024-08-30,18,0,0,0,0,0,0,0,0,0,0.0,0.169932,0,0.0,0,282,4,0,0.9706,0.0155,GREEN,38,Bengaluru
CLM0040631,BEN_08212,Marathahalli,2025-02-21,11,0,0,0,1,0,1,0,0,0,0.0,0.075032,0,0.0,0,133,3,0,0.7043,0.3291,YELLOW,33,Bengaluru
CLM0040632,BEN_08036,Jayanagar,2024-12-06,16,0,0,0,0,1,0,0,0,0,0.0,0.307636,0,0.0,0,381,1,4,0.8066,0.1428,GREEN,66,Bengaluru
CLM0040633,BEN_01887,Jayanagar,2019-09-05,15,0,0,0,0,1,1,1,1,1,0.0,0.985974,0,1.0,0,29,1,18,0.0932,0.0856,GREEN,32,Bengaluru
CLM0040634,BEN_00592,Marathahalli,2023-09-16,20,0,0,0,0,0,0,1,0,0,0.0,0.26336,0,0.0,0,357,0,4,0.7979,0.0,GREEN,46,Bengaluru
CLM0040635,BEN_07623,Marathahalli,2023-02-05,11,0,0,0,0,0,0,0,0,0,0.0,0.934341,0,0.0,0,384,0,3,0.56,0.0279,GREEN,37,Bengaluru
CLM0040636,BEN_05213,Marathahalli,2021-03-06,19,0,0,0,0,0,0,0,0,0,0.0,0.508454,0,0.0,0,207,0,1,0.0756,0.0,GREEN,40,Bengaluru
CLM0040637,BEN_09691,HSR Layout,2025-06-09,19,0,0,0,1,0,0,0,0,0,0.0,0.0,0,0.0,0,211,2,2,0.6407,0.2244,GREEN,44,Bengaluru
CLM0040638,BEN_00214,Jayanagar,2024-12-15,14,0,0,0,0,0,0,0,0,0,1.0,0.219598,0,0.0,0,94,0,2,0.8547,0.1626,GREEN,27,Bengaluru
CLM0040639,BEN_00578,Electronic City,2020-08-26,10,0,0,0,0,0,0,0,0,0,0.0,0.050983,0,0.0,0,384,2,1,0.5829,0.0301,GREEN,75,Bengaluru
CLM0040640,BEN_00886,BTM Layout,2024-07-19,21,0,0,0,0,0,1,1,0,1,0.0,0.151036,0,0.0,1,290,3,3,0.98,0.2226,GREEN,47,Bengaluru
CLM0040641,BEN_09390,Yelahanka,2023-07-24,12,0,0,0,0,0,0,0,0,0,1.0,0.217374,0,0.0,0,191,2,6,0.5831,0.0752,GREEN,38,Bengaluru
CLM0040642,BEN_03637,HSR Layout,2025-02-08,14,0,1,1,0,0,0,0,0,0,1.0,0.178344,0,0.0,0,273,0,1,0.7309,0.7266,RED,30,Bengaluru
CLM0040643,BEN_03039,Jayanagar,2025-01-13,12,0,1,1,1,1,0,1,1,1,1.0,0.953461,1,1.0,1,26,1,18,0.4259,0.893,RED,49,Bengaluru
CLM0040644,BEN_02613,Indiranagar,2025-07-13,11,0,1,1,1,0,1,0,1,1,0.0,0.87009,0,0.0,0,13,1,12,0.1551,0.5187,YELLOW,30,Bengaluru
CLM0040645,BEN_09828,Rajajinagar,2025-07-05,18,0,1,1,0,0,0,1,1,1,1.0,0.247647,0,1.0,1,5,2,18,0.7692,0.5635,YELLOW,48,Bengaluru
CLM0040646,BEN_09988,Koramangala,2024-04-07,12,0,1,1,0,0,0,0,0,0,0.0,0.124626,0,0.0,0,420,2,3,0.8315,0.8888,RED,37,Bengaluru
CLM0040647,BEN_04817,Whitefield,2025-02-09,15,0,0,0,0,0,0,0,0,0,0.0,0.257976,0,0.0,0,312,0,2,0.9595,0.0,GREEN,28,Bengaluru
CLM0040648,BEN_05781,Jayanagar,2018-11-27,21,0,0,0,0,0,0,0,0,0,0.0,0.168023,0,0.0,0,308,1,0,0.8948,0.0,GREEN,47,Bengaluru
CLM0040649,BEN_04153,Yelahanka,2021-11-30,11,0,0,0,0,0,0,0,0,0,1.0,0.46884,0,0.0,1,213,3,0,0.5557,0.1207,GREEN,55,Bengaluru
CLM0040650,BEN_03736,Yelahanka,2019-05-22,11,0,0,0,0,0,0,0,0,0,0.0,0.087173,0,0.0,0,285,1,2,0.7458,0.1209,GREEN,49,Bengaluru
CLM0040651,BEN_06745,HSR Layout,2025-12-20,15,0,0,0,0,0,0,0,0,0,0.0,0.144502,1,0.0,0,349,1,1,0.8606,0.1492,GREEN,29,Bengaluru
CLM0040652,BEN_01473,Whitefield,2025-01-09,17,0,0,0,0,0,0,0,0,0,0.0,0.180515,0,0.0,0,420,0,2,0.1966,0.0,GREEN,32,Bengaluru
CLM0040653,BEN_09788,HSR Layout,2024-01-23,9,0,0,0,0,0,0,0,0,0,0.0,0.817229,0,0.0,0,420,0,2,0.98,0.0,GREEN,53,Bengaluru
CLM0040654,BEN_08305,Indiranagar,2023-12-07,21,0,0,0,0,0,0,0,0,0,0.0,0.232781,0,0.0,1,132,1,4,0.6807,0.0459,GREEN,40,Bengaluru
CLM0040655,BEN_09401,HSR Layout,2022-08-18,8,0,0,0,0,0,0,0,0,0,0.0,0.292857,0,0.0,0,122,1,4,0.3878,0.0,GREEN,65,Bengaluru
CLM0040656,BEN_08009,Electronic City,2020-03-24,13,0,0,0,0,0,1,0,0,0,0.0,0.306957,0,0.0,0,121,4,5,0.0739,0.1001,GREEN,31,Bengaluru
CLM0040657,BEN_08425,Electronic City,2017-08-12,21,0,0,0,0,0,0,0,1,0,0.0,0.252379,0,0.0,0,373,2,0,0.6325,0.0678,GREEN,41,Bengaluru
CLM0040658,BEN_07501,Marathahalli,2019-11-12,7,0,0,0,0,0,0,1,1,0,0.0,0.433653,0,0.0,0,57,0,4,0.6764,0.1676,GREEN,52,Bengaluru
CLM0040659,BEN_02336,Electronic City,2023-12-10,21,0,0,0,0,0,0,0,0,0,1.0,0.369341,0,0.0,0,420,3,0,0.7353,0.0823,GREEN,50,Bengaluru
CLM0040660,BEN_05779,Jayanagar,2025-05-06,17,0,0,0,0,0,0,0,0,0,0.0,0.035983,0,0.0,0,309,4,3,0.5696,0.0445,GREEN,45,Bengaluru
CLM0040661,BEN_08154,Jayanagar,2024-05-19,14,0,0,0,0,0,1,0,0,0,0.0,0.18489,0,0.0,0,96,2,1,0.967,0.1493,GREEN,42,Bengaluru
CLM0040662,BEN_09607,Marathahalli,2025-07-19,13,0,0,0,0,0,0,0,0,0,0.0,0.318473,0,0.0,0,367,1,3,0.98,0.0345,GREEN,43,Bengaluru
CLM0040663,BEN_03487,Yelahanka,2025-05-06,14,0,0,0,0,1,0,0,0,0,0.0,0.0,0,0.0,0,44,0,3,0.98,0.2409,GREEN,58,Bengaluru
CLM0040664,BEN_05278,Rajajinagar,2024-10-31,20,0,0,0,0,0,0,0,0,0,1.0,0.254511,0,0.0,0,309,3,4,0.2111,0.1167,GREEN,44,Bengaluru
CLM0040665,BEN_07536,Marathahalli,2025-04-28,20,0,0,0,1,0,0,0,0,0,0.0,0.264417,0,0.0,0,420,0,1,0.98,0.1293,GREEN,30,Bengaluru
CLM0040666,BEN_08789,BTM Layout,2025-04-03,13,0,0,0,0,0,0,0,0,0,0.0,0.05684,0,0.0,0,283,3,0,0.5764,0.0757,GREEN,36,Bengaluru
CLM0040667,BEN_01983,Electronic City,2024-08-20,17,0,0,0,0,0,0,0,0,0,0.0,0.212062,0,0.0,0,24,0,5,0.9462,0.0021,GREEN,63,Bengaluru
CLM0040668,BEN_08183,Koramangala,2024-03-24,15,0,1,1,0,0,0,1,0,0,0.0,0.210772,0,0.0,0,174,4,0,0.98,0.1006,GREEN,46,Bengaluru
CLM0040669,BEN_08889,Whitefield,2023-05-27,13,0,0,0,0,0,0,0,0,0,0.0,0.034067,0,0.0,0,239,1,5,0.98,0.0208,GREEN,27,Bengaluru
CLM0040670,BEN_00097,Koramangala,2024-09-15,16,0,0,0,0,0,0,0,0,0,0.0,0.0,0,0.0,0,419,0,4,0.1404,0.0,GREEN,53,Bengaluru
CLM0040671,BEN_07286,Koramangala,2017-12-04,18,0,0,0,0,0,0,0,0,0,0.0,0.86523,0,0.0,0,420,0,3,0.5967,0.0,GREEN,42,Bengaluru
CLM0040672,BEN_03299,HSR Layout,2025-02-25,7,0,0,0,0,0,0,0,0,0,1.0,0.369826,1,0.0,0,420,0,6,0.8049,0.1129,GREEN,52,Bengaluru
CLM0040673,BEN_09174,Yelahanka,2019-01-31,7,0,0,0,1,1,0,1,1,1,0.0,0.066999,1,0.0,0,5,2,18,0.7555,0.0467,GREEN,36,Bengaluru
CLM0040674,BEN_02393,Marathahalli,2016-05-17,14,0,0,0,0,0,0,0,0,0,0.0,0.128279,0,0.0,0,120,0,1,0.5247,0.0172,GREEN,39,Bengaluru
CLM0040675,BEN_09608,Jayanagar,2019-01-10,17,0,1,1,0,0,0,0,0,0,0.0,0.058703,0,0.0,0,142,0,2,0.6769,0.0025,GREEN,43,Bengaluru
CLM0040676,BEN_01356,Electronic City,2017-05-07,14,0,0,0,0,0,0,0,0,1,0.0,0.396314,0,0.0,0,380,1,0,0.64,0.1727,GREEN,40,Bengaluru
CLM0040677,BEN_06173,Yelahanka,2024-12-16,13,0,0,0,0,0,0,0,1,0,0.0,0.116297,0,0.0,0,337,1,1,0.5903,0.0151,GREEN,48,Bengaluru
CLM0040678,BEN_08516,Whitefield,2021-03-09,17,0,0,0,0,0,0,0,0,0,0.0,0.98749,0,0.0,0,337,3,4,0.4736,0.0074,GREEN,47,Bengaluru
CLM0040679,BEN_01638,Marathahalli,2025-12-26,9,0,0,0,0,0,0,0,0,0,0.0,0.308071,0,0.0,0,396,0,9,0.8998,0.0,GREEN,42,Bengaluru
CLM0040680,BEN_03462,Indiranagar,2025-04-29,16,0,0,0,0,0,1,0,0,0,0.0,0.974616,0,0.0,0,275,0,4,0.8173,0.1038,GREEN,70,Bengaluru
CLM0040681,BEN_04290,Koramangala,2025-11-30,12,0,0,0,0,0,0,0,0,0,0.0,0.249929,0,0.0,0,344,1,5,0.7278,0.0,GREEN,46,Bengaluru
CLM0040682,BEN_04637,BTM Layout,2024-12-28,14,0,0,0,0,0,0,0,0,0,0.0,0.362154,0,0.0,1,370,3,2,0.9582,0.1246,GREEN,46,Bengaluru
CLM0040683,BEN_03904,Whitefield,2025-03-08,11,0,0,0,0,0,0,1,0,0,1.0,0.37315,0,0.0,0,88,4,3,0.1457,0.1028,GREEN,25,Bengaluru
CLM0040684,BEN_09334,Jayanagar,2025-12-16,17,0,0,0,0,0,0,0,0,0,0.0,1.0,0,0.0,0,122,2,4,0.8184,0.0661,GREEN,25,Bengaluru
CLM0040685,BEN_05936,Koramangala,2025-07-21,19,0,0,0,0,0,0,0,0,0,0.0,0.102075,0,0.0,0,420,3,0,0.8205,0.0,GREEN,49,Bengaluru
CLM0040686,BEN_02358,Yelahanka,2025-05-04,16,0,0,0,0,0,1,0,0,0,0.0,0.261536,0,0.0,0,393,1,1,0.6228,0.0425,GREEN,49,Bengaluru
CLM0040687,BEN_00055,HSR Layout,2025-02-28,12,0,0,0,0,0,0,0,0,0,0.0,0.974952,0,0.0,0,253,1,3,0.562,0.2073,GREEN,50,Bengaluru
CLM0040688,BEN_08424,BTM Layout,2025-01-21,14,0,0,0,0,0,0,0,0,0,0.0,0.206907,0,0.0,0,5,2,0,0.7902,0.0518,GREEN,55,Bengaluru
CLM0040689,BEN_00527,Yelahanka,2024-12-17,12,0,0,0,0,0,0,0,0,0,1.0,0.086294,0,0.0,0,14,1,0,0.05,0.0699,GREEN,29,Bengaluru
CLM0040690,BEN_03873,Jayanagar,2020-01-24,16,0,0,0,0,0,0,0,0,0,0.0,0.2159,0,0.0,0,344,0,3,0.7358,0.0933,GREEN,44,Bengaluru
CLM0040691,BEN_00240,Marathahalli,2023-05-05,7,0,0,0,0,0,1,0,0,0,0.0,0.177077,0,0.0,0,338,2,4,0.66,0.0796,GREEN,38,Bengaluru
CLM0040692,BEN_00082,HSR Layout,2024-04-01,18,0,0,0,0,0,0,0,0,0,0.0,0.136281,0,0.0,1,35,4,4,0.7043,0.0882,GREEN,47,Bengaluru
CLM0040693,BEN_06215,Whitefield,2025-05-03,20,0,0,0,0,0,0,0,0,0,0.0,0.057894,0,0.0,0,420,4,0,0.9034,0.0,GREEN,64,Bengaluru
CLM0040694,BEN_04093,Jayanagar,2019-01-29,12,0,0,0,0,0,0,0,0,0,0.0,0.120784,0,0.0,0,420,2,1,0.167,0.0808,GREEN,42,Bengaluru
CLM0040695,BEN_08539,Whitefield,2020-06-04,15,0,0,0,0,0,0,0,0,0,0.0,0.229865,0,0.0,0,138,2,0,0.0927,0.0457,GREEN,43,Bengaluru
CLM0040696,BEN_00862,Jayanagar,2019-03-02,19,0,0,0,0,0,0,0,0,0,0.0,0.009507,0,0.0,0,237,0,2,0.8888,0.0229,GREEN,54,Bengaluru
CLM0040697,BEN_06882,HSR Layout,2020-09-01,10,0,0,0,0,0,0,0,0,0,0.0,0.240763,0,0.0,0,420,2,0,0.6235,0.0,GREEN,46,Bengaluru
CLM0040698,BEN_02973,BTM Layout,2023-04-08,15,0,0,0,1,0,0,0,0,0,0.0,0.961167,0,0.0,0,352,2,3,0.98,0.1355,GREEN,35,Bengaluru
CLM0040699,BEN_00364,Electronic City,2023-11-16,13,0,0,0,0,0,0,0,0,0,0.0,0.153459,0,0.0,0,420,2,2,0.6408,0.0632,GREEN,51,Bengaluru
CLM0040700,BEN_05114,Jayanagar,2024-05-03,21,0,1,1,0,1,0,0,1,0,0.0,1.0,0,0.0,0,256,4,5,0.98,0.2331,GREEN,58,Bengaluru
CLM0040701,BEN_01958,Yelahanka,2025-06-19,12,0,0,0,0,0,0,0,0,0,0.0,1.0,0,0.0,0,336,0,0,0.0652,0.0156,GREEN,36,Bengaluru
CLM0040702,BEN_07228,Indiranagar,2024-04-05,17,0,0,0,0,0,0,0,0,1,0.0,0.889671,0,0.0,0,420,3,1,0.6756,0.1075,GREEN,32,Bengaluru
CLM0040703,BEN_04991,Indiranagar,2025-08-08,11,0,0,0,0,0,0,0,0,0,0.0,0.13124,0,0.0,0,358,3,2,0.98,0.0819,GREEN,56,Bengaluru
CLM0040704,BEN_06152,Jayanagar,2018-08-19,9,0,0,0,0,0,1,1,0,0,0.0,0.265955,0,0.0,0,419,3,1,0.7569,0.137,GREEN,59,Bengaluru
CLM0040705,BEN_09472,Jayanagar,2024-11-19,15,0,0,0,0,0,1,0,0,0,0.0,0.316366,0,0.0,1,347,0,3,0.7532,0.1398,GREEN,28,Bengaluru
CLM0040706,BEN_02139,Rajajinagar,2022-10-31,8,0,0,0,0,0,0,0,0,0,0.0,0.347534,0,0.0,0,328,2,6,0.7274,0.0538,GREEN,19,Bengaluru
CLM0040707,BEN_07845,Whitefield,2025-12-21,14,0,0,0,0,0,0,0,0,0,1.0,0.988071,0,1.0,0,333,1,4,0.1526,0.0039,GREEN,42,Bengaluru
CLM0040708,BEN_03504,Koramangala,2023-02-13,9,0,0,0,0,0,0,0,0,0,0.0,0.108699,0,0.0,0,420,3,1,0.5889,0.0322,GREEN,43,Bengaluru
CLM0040709,BEN_09782,Marathahalli,2022-03-21,14,0,0,0,0,0,0,0,0,0,0.0,0.0,0,0.0,0,133,1,3,0.745,0.0,GREEN,23,Bengaluru
CLM0040710,BEN_06744,Yelahanka,2019-09-11,9,0,0,0,0,0,1,0,0,0,1.0,0.157617,0,0.0,0,420,2,6,0.8196,0.0364,GREEN,41,Bengaluru
CLM0040711,BEN_05959,Electronic City,2017-05-05,7,0,0,0,0,0,0,0,0,0,0.0,0.159598,0,0.0,0,164,1,2,0.5968,0.0,GREEN,38,Bengaluru
CLM0040712,BEN_08157,HSR Layout,2017-03-27,17,0,0,0,0,0,0,0,0,0,0.0,0.419179,0,0.0,0,320,1,7,0.7086,0.0,GREEN,58,Bengaluru
CLM0040713,BEN_03903,Jayanagar,2023-09-24,20,0,0,0,0,0,0,0,0,0,0.0,0.218315,0,0.0,0,246,4,2,0.4954,0.0,GREEN,31,Bengaluru
CLM0040714,BEN_09928,Marathahalli,2025-04-23,10,0,0,0,0,0,1,0,0,0,0.0,0.098334,0,1.0,0,58,2,1,0.7788,0.1173,GREEN,42,Bengaluru
CLM0040715,BEN_01413,Koramangala,2025-11-09,7,0,0,0,1,0,1,1,1,0,0.0,0.051314,0,1.0,1,35,0,18,0.9695,0.0394,GREEN,42,Bengaluru
CLM0040716,BEN_05860,Marathahalli,2025-11-07,9,0,0,0,0,0,0,0,0,0,0.0,0.930829,0,0.0,0,339,3,0,0.7575,0.0125,GREEN,41,Bengaluru
CLM0040717,BEN_06959,BTM Layout,2025-04-07,7,0,0,0,0,0,0,0,0,0,1.0,0.140282,0,0.0,0,420,0,0,0.7548,0.0313,GREEN,47,Bengaluru
CLM0040718,BEN_06876,HSR Layout,2024-05-19,10,0,0,0,0,0,0,0,0,0,0.0,1.0,0,0.0,0,420,4,6,0.7828,0.1124,GREEN,45,Bengaluru
CLM0040719,BEN_07382,Rajajinagar,2025-05-02,17,0,0,0,0,0,0,0,0,1,0.0,0.105476,0,0.0,0,368,0,0,0.5853,0.1013,GREEN,28,Bengaluru
CLM0040720,BEN_01105,Yelahanka,2025-01-07,8,0,0,0,0,0,0,1,0,0,0.0,0.993331,0,0.0,0,211,3,7,0.6581,0.0174,GREEN,43,Bengaluru
CLM0040721,BEN_00097,Koramangala,2024-12-16,16,0,0,0,0,0,0,1,0,0,0.0,0.437483,0,0.0,0,231,4,0,0.6703,0.2412,GREEN,53,Bengaluru
CLM0040722,BEN_05952,Indiranagar,2021-09-22,9,0,1,1,1,0,1,0,1,0,1.0,1.0,0,1.0,1,5,2,18,0.4119,0.564,YELLOW,49,Bengaluru
CLM0040723,BEN_06705,Yelahanka,2021-11-15,16,0,1,1,0,1,0,1,1,1,0.0,0.010667,0,0.0,1,23,2,18,0.98,0.7059,RED,59,Bengaluru
CLM0040724,BEN_04886,BTM Layout,2024-03-27,17,0,1,1,1,0,0,1,0,1,1.0,1.0,0,1.0,0,5,1,18,0.1121,0.4967,YELLOW,39,Bengaluru
CLM0040725,BEN_08507,Electronic City,2022-05-30,9,0,1,1,1,0,1,1,1,1,1.0,0.94121,0,0.0,1,16,2,17,0.2503,0.6986,RED,46,Bengaluru
CLM0040726,BEN_02293,Jayanagar,2024-03-12,9,0,1,1,0,1,1,1,1,1,1.0,0.666485,0,0.0,1,5,2,18,0.3562,0.7008,RED,30,Bengaluru
CLM0040727,BEN_01244,Koramangala,2022-12-25,10,0,1,1,1,1,0,1,1,1,1.0,0.922174,0,1.0,0,11,0,18,0.1637,0.6575,RED,34,Bengaluru
CLM0040728,BEN_07278,Whitefield,2021-10-07,10,0,1,1,1,1,1,1,1,0,0.0,0.216491,0,1.0,0,21,0,18,0.1271,0.7368,RED,23,Bengaluru
CLM0040729,BEN_09865,Jayanagar,2023-05-15,9,0,1,1,1,1,1,1,0,1,0.0,0.08084,1,0.0,0,9,1,18,0.8437,0.6055,YELLOW,65,Bengaluru
CLM0040730,BEN_00545,Indiranagar,2025-07-15,16,0,1,1,1,0,0,1,1,0,0.0,1.0,0,1.0,1,29,1,18,0.4355,0.448,YELLOW,44,Bengaluru
CLM0040731,BEN_08507,Electronic City,2024-07-21,8,0,1,1,0,0,1,1,0,0,1.0,0.931392,0,0.0,1,8,1,18,0.3277,0.4373,YELLOW,46,Bengaluru
CLM0040732,BEN_03128,Yelahanka,2023-07-05,16,0,1,1,1,1,1,1,1,1,1.0,0.979781,0,0.0,1,12,1,18,0.216,0.9416,RED,35,Bengaluru
CLM0040733,BEN_06550,Indiranagar,2020-03-30,19,0,1,1,1,1,0,1,1,1,0.0,0.967628,0,1.0,1,25,2,18,0.8701,0.8513,RED,38,Bengaluru
CLM0040734,BEN_02395,BTM Layout,2020-02-26,20,0,1,1,1,1,1,1,0,0,1.0,0.98887,0,0.0,0,10,1,18,0.2018,0.556,YELLOW,49,Bengaluru
CLM0040735,BEN_07971,Whitefield,2024-03-24,14,0,1,1,1,0,1,1,1,1,0.0,0.033859,0,0.0,0,29,0,18,0.9307,0.7951,RED,43,Bengaluru
CLM0040736,BEN_06464,Yelahanka,2018-05-31,21,0,0,0,0,0,0,0,0,1,0.0,0.144503,0,0.0,1,420,2,7,0.7779,0.285,GREEN,23,Bengaluru
CLM0040737,BEN_08343,Yelahanka,2018-03-06,10,0,0,0,0,0,0,0,0,0,0.0,0.013272,0,0.0,0,333,3,2,0.8869,0.0,GREEN,55,Bengaluru
CLM0040738,BEN_06981,Marathahalli,2023-11-30,10,0,0,0,0,1,1,0,0,0,0.0,0.276214,0,0.0,0,192,1,0,0.928,0.1797,GREEN,46,Bengaluru
CLM0040739,BEN_01507,Indiranagar,2019-04-05,13,0,0,0,0,0,0,1,0,0,0.0,0.09259,0,0.0,0,420,3,3,0.5365,0.1231,GREEN,45,Bengaluru
CLM0040740,BEN_04499,Jayanagar,2022-08-28,17,0,0,0,0,0,0,0,0,0,0.0,0.0,0,0.0,0,389,3,4,0.449,0.0081,GREEN,55,Bengaluru
CLM0040741,BEN_06095,Koramangala,2022-08-24,14,0,0,0,0,0,0,0,0,0,0.0,0.127289,0,0.0,0,126,3,3,0.6626,0.0918,GREEN,56,Bengaluru
CLM0040742,BEN_01331,Jayanagar,2020-04-16,8,0,0,0,0,0,0,0,0,0,0.0,0.223467,1,0.0,0,225,4,3,0.9662,0.0697,GREEN,33,Bengaluru
CLM0040743,BEN_05099,Jayanagar,2021-04-20,19,0,1,1,0,0,0,0,0,1,0.0,0.942343,0,0.0,0,78,3,3,0.8345,0.0976,GREEN,44,Bengaluru
CLM0040744,BEN_05335,Jayanagar,2023-04-12,14,0,0,0,0,0,1,0,0,0,0.0,0.177681,0,0.0,0,420,4,5,0.586,0.0087,GREEN,28,Bengaluru
CLM0040745,BEN_07589,Rajajinagar,2023-10-28,21,0,0,0,0,0,0,0,0,0,0.0,0.960688,0,1.0,0,420,1,1,0.2466,0.0255,GREEN,39,Bengaluru
CLM0040746,BEN_07142,HSR Layout,2023-09-02,15,0,0,0,1,1,0,1,1,1,1.0,0.996155,0,1.0,0,5,3,10,0.7221,0.1821,GREEN,50,Bengaluru
CLM0040747,BEN_01948,Koramangala,2022-12-28,20,0,0,0,0,0,0,1,0,0,0.0,0.072198,0,0.0,0,420,1,3,0.6934,0.1501,GREEN,47,Bengaluru
CLM0040748,BEN_08277,Marathahalli,2018-10-31,20,0,0,0,0,0,0,0,0,0,0.0,0.0,0,0.0,1,174,3,3,0.1199,0.0448,GREEN,48,Bengaluru
CLM0040749,BEN_03752,Marathahalli,2024-03-28,14,0,0,0,0,0,0,0,0,0,0.0,0.378793,0,0.0,0,125,0,1,0.6081,0.0,GREEN,50,Bengaluru
CLM0040750,BEN_04499,Jayanagar,2019-06-10,21,0,0,0,0,0,0,0,0,0,0.0,0.052252,0,0.0,0,400,0,0,0.6754,0.0,GREEN,55,Bengaluru
CLM0040751,BEN_07261,Jayanagar,2018-07-19,8,0,0,0,0,0,0,0,1,0,0.0,0.167753,1,0.0,0,353,2,0,0.6646,0.1401,GREEN,32,Bengaluru
CLM0040752,BEN_06910,Electronic City,2018-04-30,10,0,0,0,0,0,0,0,1,0,0.0,0.078743,0,0.0,0,376,3,2,0.8863,0.1699,GREEN,61,Bengaluru
CLM0040753,BEN_05631,BTM Layout,2022-11-01,16,0,0,0,0,0,0,0,0,0,0.0,0.087134,0,0.0,0,324,4,4,0.2311,0.0,GREEN,47,Bengaluru
CLM0040754,BEN_01019,Jayanagar,2024-05-01,8,0,1,1,0,0,0,0,1,0,0.0,0.229298,0,0.0,0,359,4,3,0.8387,0.1081,GREEN,39,Bengaluru
CLM0040755,BEN_09057,Whitefield,2022-08-25,19,0,0,0,0,0,0,0,0,0,0.0,0.142122,0,0.0,0,420,1,5,0.9223,0.0154,GREEN,55,Bengaluru
CLM0040756,BEN_05778,Electronic City,2024-01-19,19,0,0,0,0,0,0,0,1,0,0.0,0.922386,0,0.0,0,293,3,0,0.1833,0.0704,GREEN,47,Bengaluru
CLM0040757,BEN_04244,Yelahanka,2017-08-19,15,0,0,0,0,0,0,0,0,0,0.0,0.116536,0,0.0,0,316,3,4,0.98,0.0,GREEN,51,Bengaluru
CLM0040758,BEN_01481,Electronic City,2020-05-12,19,0,0,0,0,0,0,0,0,0,0.0,0.427278,0,0.0,0,197,4,3,0.5259,0.0315,GREEN,27,Bengaluru
CLM0040759,BEN_08766,Whitefield,2025-10-15,11,0,0,0,0,0,0,0,0,0,0.0,0.236598,0,0.0,0,322,2,5,0.9323,0.0155,GREEN,42,Bengaluru
CLM0040760,BEN_05891,Indiranagar,2024-11-23,18,0,0,0,0,0,0,0,0,0,0.0,0.045521,0,0.0,0,161,4,1,0.4159,0.0504,GREEN,53,Bengaluru
CLM0040761,BEN_04433,Whitefield,2025-10-21,9,0,0,0,0,0,0,0,0,0,0.0,0.380394,1,0.0,0,420,3,0,0.315,0.0896,GREEN,25,Bengaluru
CLM0040762,BEN_05637,Marathahalli,2023-02-05,8,0,0,0,0,0,1,0,0,0,0.0,0.30013,0,0.0,0,180,1,3,0.98,0.2178,GREEN,48,Bengaluru
CLM0040763,BEN_09317,BTM Layout,2024-05-13,15,0,0,0,0,0,0,1,0,1,0.0,0.083041,1,0.0,0,290,1,0,0.694,0.1623,GREEN,40,Bengaluru
CLM0040764,BEN_03098,Whitefield,2022-05-11,21,0,0,0,1,1,0,0,0,1,0.0,0.335232,0,0.0,0,323,1,1,0.877,0.4376,YELLOW,44,Bengaluru
CLM0040765,BEN_08519,HSR Layout,2018-08-04,21,0,0,0,0,0,0,0,0,0,0.0,0.245944,0,0.0,0,213,3,0,0.7577,0.0,GREEN,56,Bengaluru
CLM0040766,BEN_02217,Electronic City,2025-09-27,21,0,0,0,1,0,0,0,0,0,0.0,0.273203,0,0.0,0,151,0,4,0.0864,0.0957,GREEN,52,Bengaluru
CLM0040767,BEN_02349,Whitefield,2024-03-29,10,0,0,0,0,0,1,0,0,0,0.0,0.921277,0,0.0,0,37,4,0,0.6019,0.1177,GREEN,50,Bengaluru
CLM0040768,BEN_00151,Indiranagar,2023-03-13,17,0,1,1,1,0,0,1,1,0,0.0,0.128515,0,0.0,1,8,2,18,0.811,0.4848,YELLOW,37,Bengaluru
CLM0040769,BEN_05794,BTM Layout,2021-11-19,14,0,1,1,0,0,0,1,0,0,0.0,0.209499,1,0.0,0,47,1,18,0.98,0.301,GREEN,49,Bengaluru
CLM0040770,BEN_01485,Rajajinagar,2023-04-02,11,0,0,0,0,0,0,0,0,1,1.0,0.028568,0,0.0,0,390,1,0,0.5315,0.1139,GREEN,45,Bengaluru
CLM0040771,BEN_01769,HSR Layout,2019-08-30,14,0,0,0,0,0,0,0,0,0,0.0,0.041319,0,0.0,0,417,2,0,0.7105,0.0043,GREEN,44,Bengaluru
CLM0040772,BEN_05820,Jayanagar,2020-12-02,18,0,0,0,0,0,1,1,0,0,0.0,0.182774,0,0.0,1,420,2,3,0.6169,0.3045,GREEN,47,Bengaluru
CLM0040773,BEN_04545,HSR Layout,2024-07-13,17,0,0,0,0,0,0,0,0,0,0.0,0.12,0,0.0,0,156,4,5,0.661,0.0355,GREEN,52,Bengaluru
CLM0040774,BEN_02554,BTM Layout,2024-04-24,9,0,0,0,0,0,0,0,0,0,0.0,0.349143,0,0.0,0,208,4,0,0.4684,0.0248,GREEN,39,Bengaluru
CLM0040775,BEN_06220,Marathahalli,2020-03-08,10,0,0,0,0,0,0,0,0,0,0.0,0.213971,0,0.0,0,420,3,0,0.3006,0.0284,GREEN,45,Bengaluru
CLM0040776,BEN_08204,BTM Layout,2019-05-18,16,0,0,0,0,0,0,0,0,0,0.0,0.325092,0,0.0,0,139,3,5,0.6613,0.0706,GREEN,50,Bengaluru
CLM0040777,BEN_08775,Koramangala,2018-11-04,13,0,0,0,1,0,1,1,1,1,0.0,0.104403,1,0.0,0,16,0,18,0.8294,0.0615,GREEN,51,Bengaluru
CLM0040778,BEN_03587,Yelahanka,2020-11-18,16,0,0,0,0,0,0,0,0,0,0.0,0.141797,0,0.0,1,420,3,2,0.8462,0.17,GREEN,43,Bengaluru
CLM0040779,BEN_09065,Koramangala,2024-08-02,19,0,0,0,0,0,0,0,1,0,1.0,0.925753,0,1.0,0,407,4,0,0.4388,0.1403,GREEN,47,Bengaluru
CLM0040780,BEN_04842,Jayanagar,2021-01-22,20,0,0,0,1,0,0,0,0,0,0.0,0.280824,0,0.0,0,95,0,8,0.8614,0.0685,GREEN,38,Bengaluru
CLM0040781,BEN_03816,Electronic City,2023-09-18,14,0,0,0,0,0,0,0,0,0,1.0,0.194294,0,0.0,0,312,3,3,0.98,0.1318,GREEN,43,Bengaluru
CLM0040782,BEN_06487,Yelahanka,2022-11-02,12,0,0,0,0,1,0,0,0,0,0.0,0.200955,0,0.0,0,353,3,1,0.9435,0.2546,GREEN,57,Bengaluru
CLM0040783,BEN_06866,HSR Layout,2022-09-08,15,0,0,0,0,0,0,0,1,1,0.0,0.111182,0,0.0,0,420,4,2,0.7038,0.2387,GREEN,59,Bengaluru
CLM0040784,BEN_06164,Electronic City,2020-03-22,21,0,0,0,0,0,0,0,0,0,1.0,1.0,0,1.0,0,219,3,0,0.9278,0.1029,GREEN,37,Bengaluru
CLM0040785,BEN_06540,BTM Layout,2024-11-06,15,0,0,0,0,0,0,0,0,0,0.0,0.205988,0,0.0,0,410,0,5,0.05,0.0,GREEN,49,Bengaluru
CLM0040786,BEN_02155,Marathahalli,2025-01-25,18,0,0,0,0,0,0,0,0,0,1.0,0.155863,0,0.0,0,116,2,2,0.98,0.0513,GREEN,32,Bengaluru
CLM0040787,BEN_00699,Indiranagar,2021-11-17,12,0,0,0,0,0,0,0,1,1,0.0,0.181606,0,0.0,0,420,4,4,0.98,0.2221,GREEN,48,Bengaluru
CLM0040788,BEN_05079,Marathahalli,2025-01-07,12,0,0,0,0,0,0,0,1,0,0.0,0.117212,0,0.0,0,420,3,5,0.3287,0.1013,GREEN,43,Bengaluru
CLM0040789,BEN_01328,Whitefield,2023-04-28,15,0,0,0,1,1,0,1,1,0,1.0,0.581626,1,1.0,1,5,3,18,0.05,0.181,GREEN,52,Bengaluru
CLM0040790,BEN_07997,Koramangala,2023-11-28,17,0,0,0,0,0,0,0,0,0,0.0,0.407021,0,0.0,0,420,2,2,0.05,0.0496,GREEN,58,Bengaluru
CLM0040791,BEN_07602,Indiranagar,2024-07-28,9,0,0,0,0,0,0,0,0,0,0.0,0.013043,0,0.0,0,325,2,1,0.8727,0.0325,GREEN,51,Bengaluru
CLM0040792,BEN_02946,Whitefield,2025-10-20,8,0,0,0,0,0,0,1,0,0,0.0,0.144213,0,0.0,0,54,4,0,0.8205,0.0599,GREEN,33,Bengaluru
CLM0040793,BEN_05154,Koramangala,2021-04-17,14,0,0,0,0,0,0,0,0,1,0.0,0.09679,0,0.0,0,420,2,6,0.6095,0.1354,GREEN,29,Bengaluru
CLM0040794,BEN_03723,HSR Layout,2024-12-05,14,0,0,0,0,0,0,0,0,1,0.0,0.1398,0,0.0,0,309,0,0,0.6624,0.1944,GREEN,60,Bengaluru
CLM0040795,BEN_08244,Whitefield,2023-12-09,21,0,0,0,0,0,0,0,0,0,0.0,0.388779,0,0.0,0,412,4,3,0.608,0.0,GREEN,46,Bengaluru
CLM0040796,BEN_00450,Whitefield,2025-03-30,15,0,0,0,0,1,0,1,0,0,0.0,0.264899,0,0.0,0,420,0,0,0.7551,0.1158,GREEN,38,Bengaluru
CLM0040797,BEN_09496,Indiranagar,2025-10-21,13,0,0,0,0,0,0,0,0,0,0.0,0.26949,0,0.0,0,249,3,1,0.7433,0.0185,GREEN,32,Bengaluru
CLM0040798,BEN_04337,BTM Layout,2024-07-14,7,0,1,1,0,0,0,0,0,0,0.0,0.351812,0,0.0,0,420,2,6,0.9614,0.0,GREEN,53,Bengaluru
CLM0040799,BEN_02698,Rajajinagar,2020-08-11,15,0,0,0,0,0,0,0,0,0,0.0,0.262299,0,0.0,0,171,0,3,0.8463,0.0106,GREEN,38,Bengaluru
CLM0040800,BEN_09927,Electronic City,2022-10-01,14,0,0,0,0,0,0,0,0,0,0.0,0.216653,0,0.0,0,222,3,3,0.9784,0.0391,GREEN,48,Bengaluru
CLM0040801,BEN_01002,Yelahanka,2021-09-10,20,0,0,0,0,0,0,0,0,0,0.0,0.204995,0,0.0,0,164,3,4,0.5474,0.0342,GREEN,33,Bengaluru
CLM0040802,BEN_04412,Electronic City,2024-11-11,14,1,0,0,0,0,0,0,0,0,0.0,0.287401,0,0.0,0,384,2,4,0.9048,0.0329,GREEN,34,Bengaluru
CLM0040803,BEN_03231,Electronic City,2023-04-30,11,0,0,0,0,0,0,0,0,0,1.0,0.166533,0,0.0,0,356,4,0,0.7651,0.1029,GREEN,50,Bengaluru
CLM0040804,BEN_04925,Electronic City,2023-06-27,12,0,0,0,0,1,0,0,0,0,0.0,0.237141,0,0.0,0,139,0,3,0.8736,0.0249,GREEN,61,Bengaluru
CLM0040805,BEN_09369,Koramangala,2024-06-16,14,0,0,0,0,0,0,0,0,0,1.0,0.164786,0,0.0,0,420,2,3,0.05,0.0,GREEN,45,Bengaluru
CLM0040806,BEN_03744,BTM Layout,2024-01-24,18,0,0,0,0,0,1,0,0,0,0.0,0.272784,0,0.0,1,420,3,1,0.1396,0.0931,GREEN,41,Bengaluru
CLM0040807,BEN_06212,HSR Layout,2025-11-20,7,0,0,0,0,0,1,0,0,0,0.0,0.060153,0,0.0,0,288,1,5,0.6313,0.1099,GREEN,47,Bengaluru
CLM0040808,BEN_07277,BTM Layout,2020-11-01,8,0,0,0,1,1,0,1,0,1,0.0,0.108856,0,0.0,1,15,0,18,0.8289,0.0716,GREEN,33,Bengaluru
CLM0040809,BEN_07485,Yelahanka,2025-07-07,17,0,0,0,0,0,0,0,0,0,0.0,0.209564,0,0.0,0,254,2,3,0.7246,0.0,GREEN,54,Bengaluru
CLM0040810,BEN_08246,Koramangala,2019-02-06,16,0,0,0,0,0,0,0,0,0,0.0,0.108991,0,0.0,0,66,4,5,0.8997,0.188,GREEN,35,Bengaluru
CLM0040811,BEN_04658,Whitefield,2022-12-17,15,0,0,0,0,0,0,0,0,0,1.0,0.417527,1,0.0,0,296,1,3,0.7501,0.0,GREEN,42,Bengaluru
CLM0040812,BEN_05377,Indiranagar,2022-08-31,16,0,0,0,0,0,0,0,1,0,0.0,0.292156,0,1.0,0,108,2,0,0.1758,0.0793,GREEN,59,Bengaluru
CLM0040813,BEN_03674,Yelahanka,2023-11-01,14,0,0,0,0,0,0,0,1,0,0.0,0.282628,0,0.0,0,145,0,5,0.8074,0.0443,GREEN,40,Bengaluru
CLM0040814,BEN_04235,Koramangala,2023-05-20,7,0,0,0,0,0,0,0,0,0,0.0,0.137119,0,0.0,0,35,1,2,0.8436,0.0872,GREEN,42,Bengaluru
CLM0040815,BEN_08972,Rajajinagar,2025-05-18,17,0,0,0,0,0,1,0,0,0,0.0,0.921979,0,0.0,0,156,3,2,0.6438,0.0005,GREEN,43,Bengaluru
CLM0040816,BEN_09857,Koramangala,2025-07-24,16,0,0,0,0,0,0,0,0,0,0.0,0.0,0,0.0,0,38,0,0,0.941,0.0,GREEN,43,Bengaluru
CLM0040817,BEN_02360,Koramangala,2025-02-26,10,0,0,0,0,0,0,0,0,0,0.0,0.157161,0,0.0,0,90,4,2,0.8063,0.0069,GREEN,37,Bengaluru
CLM0040818,BEN_09178,Koramangala,2024-07-24,7,0,0,0,0,0,1,0,0,0,0.0,0.118788,0,0.0,0,266,1,3,0.5717,0.0774,GREEN,40,Bengaluru
CLM0040819,BEN_05926,Rajajinagar,2024-12-13,17,0,0,0,0,0,0,0,0,0,0.0,0.38089,0,0.0,0,420,2,0,0.9281,0.0,GREEN,61,Bengaluru
CLM0040820,BEN_07702,Yelahanka,2025-11-10,8,0,0,0,0,1,0,0,0,1,1.0,0.963287,1,0.0,1,29,1,18,0.43,0.2038,GREEN,40,Bengaluru
CLM0040821,BEN_06470,Koramangala,2024-03-15,18,0,0,0,0,0,0,0,0,0,0.0,0.175549,0,0.0,0,178,2,5,0.4157,0.0,GREEN,35,Bengaluru
CLM0040822,BEN_06596,BTM Layout,2023-10-24,15,0,0,0,0,0,0,0,0,0,0.0,0.349671,0,0.0,0,226,0,1,0.98,0.0,GREEN,53,Bengaluru
CLM0040823,BEN_03691,BTM Layout,2024-06-18,17,0,0,0,0,0,0,0,0,0,0.0,0.08077,0,0.0,0,186,1,2,0.6713,0.0,GREEN,54,Bengaluru
CLM0040824,BEN_02287,HSR Layout,2025-05-05,18,0,0,0,0,0,0,0,0,0,0.0,0.979301,0,0.0,0,387,3,3,0.907,0.0,GREEN,49,Bengaluru
CLM0040825,BEN_00836,Yelahanka,2021-02-12,19,0,0,0,0,0,0,0,0,0,0.0,0.232401,0,0.0,0,395,2,5,0.4729,0.0662,GREEN,40,Bengaluru
CLM0040826,BEN_01391,Electronic City,2025-04-17,15,0,0,0,0,0,0,0,0,0,0.0,0.238039,0,0.0,0,243,2,3,0.779,0.0,GREEN,26,Bengaluru
CLM0040827,BEN_09779,Marathahalli,2023-11-17,20,0,0,0,0,0,0,0,0,0,0.0,0.150435,0,0.0,0,71,1,3,0.8077,0.1404,GREEN,59,Bengaluru
CLM0040828,BEN_08613,Whitefield,2025-11-21,8,0,0,0,0,0,0,0,0,0,1.0,0.023141,0,0.0,0,355,4,5,0.6188,0.0638,GREEN,28,Bengaluru
CLM0040829,BEN_05166,BTM Layout,2021-11-18,12,0,0,0,0,0,0,0,0,0,0.0,0.105243,0,0.0,1,280,2,2,0.9421,0.0733,GREEN,37,Bengaluru
CLM0040830,BEN_06142,HSR Layout,2021-02-26,16,0,0,0,0,0,0,0,0,0,0.0,0.429098,0,0.0,0,82,3,2,0.9204,0.0,GREEN,23,Bengaluru
CLM0040831,BEN_05158,Whitefield,2023-10-11,21,0,0,0,0,0,0,0,0,1,0.0,0.38935,0,0.0,0,420,1,0,0.7551,0.0681,GREEN,23,Bengaluru
CLM0040832,BEN_02911,Electronic City,2021-12-08,14,0,0,0,1,0,0,0,0,0,0.0,0.235732,0,0.0,0,316,3,2,0.0625,0.0987,GREEN,50,Bengaluru
CLM0040833,BEN_09920,Marathahalli,2021-05-30,11,0,0,0,0,0,0,0,0,0,0.0,0.256382,0,0.0,0,364,1,3,0.7698,0.013,GREEN,55,Bengaluru
CLM0040834,BEN_06241,Jayanagar,2019-11-23,7,0,0,0,0,0,0,1,0,0,0.0,0.045928,0,0.0,0,107,1,5,0.7015,0.0086,GREEN,51,Bengaluru
CLM0040835,BEN_00677,Yelahanka,2021-06-22,21,0,0,0,0,0,0,1,0,0,0.0,1.0,0,0.0,0,284,1,3,0.557,0.1275,GREEN,40,Bengaluru
CLM0040836,BEN_05143,Yelahanka,2021-10-15,18,0,0,0,0,0,0,0,1,0,0.0,0.33393,0,0.0,0,178,0,4,0.5976,0.0931,GREEN,37,Bengaluru
CLM0040837,BEN_09906,Koramangala,2022-03-12,19,0,0,0,0,0,0,0,0,1,0.0,0.213831,0,0.0,0,79,2,1,0.8369,0.2277,GREEN,51,Bengaluru
CLM0040838,BEN_07442,Electronic City,2025-03-30,19,0,0,0,0,0,0,0,0,0,0.0,0.132922,0,0.0,1,65,0,0,0.98,0.0685,GREEN,43,Bengaluru
CLM0040839,BEN_09099,Rajajinagar,2021-03-26,11,0,0,0,0,0,0,0,0,0,0.0,0.037799,0,0.0,1,214,4,4,0.9473,0.0705,GREEN,41,Bengaluru
CLM0040840,BEN_04389,Electronic City,2023-08-26,10,0,0,0,0,0,0,0,0,0,0.0,1.0,0,0.0,0,228,1,2,0.8978,0.0153,GREEN,45,Bengaluru
CLM0040841,BEN_01189,Whitefield,2025-10-04,20,0,0,0,0,0,0,0,0,0,0.0,0.027574,0,0.0,0,219,2,0,0.691,0.0712,GREEN,32,Bengaluru
CLM0040842,BEN_09908,Koramangala,2024-01-20,19,0,0,0,0,0,0,1,0,0,0.0,0.383006,0,0.0,0,378,4,5,0.9406,0.0,GREEN,54,Bengaluru
CLM0040843,BEN_00076,Rajajinagar,2022-12-14,11,0,0,0,0,0,0,0,0,0,0.0,0.242458,0,0.0,0,420,3,0,0.695,0.0,GREEN,31,Bengaluru
CLM0040844,BEN_05682,Koramangala,2025-12-24,21,0,0,0,0,0,0,0,0,0,0.0,0.103179,1,0.0,0,106,4,7,0.8972,0.082,GREEN,46,Bengaluru
CLM0040845,BEN_08595,Koramangala,2020-10-15,13,0,0,0,0,0,0,0,0,0,0.0,0.30928,0,0.0,0,388,0,0,0.7593,0.0,GREEN,42,Bengaluru
CLM0040846,BEN_08817,Indiranagar,2022-01-12,16,0,0,0,0,0,1,0,0,0,0.0,0.350598,0,0.0,0,413,3,1,0.7228,0.0574,GREEN,30,Bengaluru
CLM0040847,BEN_03670,Koramangala,2024-06-02,9,0,0,0,0,0,0,0,1,0,0.0,0.98634,0,0.0,0,15,3,0,0.6505,0.2008,GREEN,43,Bengaluru
CLM0040848,BEN_04432,Koramangala,2021-11-08,10,0,0,0,0,0,0,0,0,0,0.0,0.217316,0,0.0,0,392,2,3,0.6615,0.0,GREEN,41,Bengaluru
CLM0040849,BEN_03428,Rajajinagar,2023-12-28,14,0,0,0,0,0,0,0,1,0,0.0,0.19942,0,1.0,0,281,4,1,0.05,0.0481,GREEN,35,Bengaluru
CLM0040850,BEN_03736,Yelahanka,2024-08-21,8,0,0,0,0,0,1,0,0,0,0.0,0.198515,0,0.0,0,199,0,1,0.7644,0.0552,GREEN,49,Bengaluru
CLM0040851,BEN_00113,Indiranagar,2023-04-14,15,0,0,0,0,0,0,0,0,0,0.0,0.447058,0,0.0,0,264,1,2,0.05,0.0431,GREEN,41,Bengaluru
CLM0040852,BEN_02501,HSR Layout,2021-05-24,14,0,0,0,0,1,0,0,0,0,0.0,0.062991,0,0.0,0,420,1,4,0.5355,0.2173,GREEN,44,Bengaluru
CLM0040853,BEN_03817,Yelahanka,2025-02-15,11,0,0,0,0,0,0,0,0,0,0.0,0.0,0,0.0,0,256,3,4,0.7736,0.0871,GREEN,45,Bengaluru
CLM0040854,BEN_08586,Jayanagar,2022-10-29,9,0,0,0,0,1,0,0,0,0,0.0,0.106461,0,0.0,0,284,3,1,0.5091,0.1437,GREEN,51,Bengaluru
CLM0040855,BEN_03845,BTM Layout,2023-03-06,20,0,0,0,0,0,0,0,0,0,1.0,0.228744,0,0.0,0,252,0,0,0.6935,0.0338,GREEN,34,Bengaluru
CLM0040856,BEN_05256,Whitefield,2023-04-21,20,0,0,0,0,0,0,0,0,0,0.0,0.485076,0,0.0,0,199,1,3,0.8261,0.0,GREEN,40,Bengaluru
CLM0040857,BEN_06937,Rajajinagar,2025-05-01,14,0,0,0,0,0,0,0,1,0,0.0,0.02564,0,0.0,0,142,4,1,0.7504,0.0759,GREEN,52,Bengaluru
CLM0040858,BEN_04420,Marathahalli,2023-07-16,17,0,0,0,0,0,0,0,0,1,0.0,0.229725,0,0.0,0,370,2,4,0.7008,0.1421,GREEN,41,Bengaluru
CLM0040859,BEN_01742,BTM Layout,2024-03-06,9,0,0,0,0,0,0,0,0,0,0.0,0.122035,0,0.0,0,82,2,3,0.7517,0.0,GREEN,35,Bengaluru
CLM0040860,BEN_02725,Whitefield,2022-09-24,14,0,0,0,0,0,0,0,0,0,0.0,0.339718,0,0.0,0,220,1,2,0.4808,0.0,GREEN,49,Bengaluru
CLM0040861,BEN_09579,Yelahanka,2025-10-01,21,0,0,0,0,0,1,1,0,0,0.0,0.0,0,0.0,0,420,3,0,0.5568,0.2161,GREEN,31,Bengaluru
CLM0040862,BEN_08061,Yelahanka,2023-03-29,17,0,0,0,0,0,0,0,0,0,0.0,0.154254,0,0.0,1,44,3,0,0.6575,0.125,GREEN,30,Bengaluru
CLM0040863,BEN_08683,Marathahalli,2019-12-24,12,0,0,0,0,0,0,0,0,0,0.0,0.292144,0,0.0,0,197,0,4,0.6438,0.0,GREEN,36,Bengaluru
CLM0040864,BEN_04485,Indiranagar,2020-02-08,12,0,0,0,0,1,0,0,0,0,1.0,0.0,0,0.0,0,395,3,0,0.6601,0.2021,GREEN,51,Bengaluru
CLM0040865,BEN_03667,Marathahalli,2025-08-24,10,0,0,0,0,0,0,0,0,0,0.0,0.332057,0,0.0,0,416,4,0,0.98,0.0,GREEN,59,Bengaluru
CLM0040866,BEN_05829,HSR Layout,2019-08-08,8,0,0,0,0,0,0,0,0,0,0.0,0.367921,0,0.0,0,169,2,4,0.5831,0.0072,GREEN,50,Bengaluru
CLM0040867,BEN_01968,Whitefield,2016-06-30,17,0,0,0,0,0,0,0,0,0,0.0,0.305312,0,0.0,0,202,1,4,0.1085,0.0002,GREEN,41,Bengaluru
CLM0040868,BEN_01027,Rajajinagar,2025-04-17,7,0,0,0,0,0,0,0,0,0,0.0,0.328338,0,0.0,0,115,4,0,0.9443,0.0,GREEN,59,Bengaluru
CLM0040869,BEN_05780,Whitefield,2024-11-19,14,0,0,0,0,0,0,0,0,0,0.0,0.323704,0,0.0,0,53,1,3,0.7652,0.0,GREEN,46,Bengaluru
CLM0040870,BEN_05903,BTM Layout,2020-01-25,20,0,0,0,0,0,0,0,1,0,0.0,0.086506,0,0.0,1,271,1,3,0.98,0.0987,GREEN,40,Bengaluru
CLM0040871,BEN_08992,Indiranagar,2019-07-12,10,0,0,0,0,0,0,0,0,0,0.0,0.0,0,0.0,0,346,1,6,0.5519,0.2188,GREEN,48,Bengaluru
CLM0040872,BEN_07908,Electronic City,2025-08-03,14,0,0,0,0,0,0,0,0,0,0.0,0.292149,0,0.0,0,152,2,0,0.921,0.0556,GREEN,42,Bengaluru
CLM0040873,BEN_07745,Koramangala,2020-11-12,11,1,0,0,0,0,0,0,0,0,0.0,1.0,0,1.0,0,420,1,4,0.2756,0.0,GREEN,39,Bengaluru
CLM0040874,BEN_09413,Jayanagar,2016-06-28,7,0,0,0,0,0,0,1,0,1,0.0,0.25685,0,0.0,0,273,0,0,0.3817,0.173,GREEN,36,Bengaluru
CLM0040875,BEN_03966,Marathahalli,2019-04-11,12,0,0,0,0,0,0,0,0,0,0.0,0.271468,0,0.0,0,5,1,3,0.4216,0.0,GREEN,39,Bengaluru
CLM0040876,BEN_03901,Yelahanka,2019-04-21,7,0,0,0,0,0,0,1,1,0,0.0,0.286405,0,0.0,0,306,4,0,0.7409,0.1138,GREEN,42,Bengaluru
CLM0040877,BEN_06049,Marathahalli,2021-09-23,13,0,0,0,0,0,0,0,1,0,0.0,0.095211,0,0.0,0,246,0,6,0.7104,0.1618,GREEN,48,Bengaluru
CLM0040878,BEN_09150,Indiranagar,2025-05-11,16,0,0,0,0,0,0,0,0,1,0.0,0.164627,0,0.0,0,271,0,4,0.8421,0.094,GREEN,30,Bengaluru
CLM0040879,BEN_05806,Yelahanka,2025-04-21,14,0,0,0,0,0,0,0,1,0,1.0,1.0,0,1.0,0,417,0,5,0.5552,0.0407,GREEN,50,Bengaluru
CLM0040880,BEN_06996,Marathahalli,2024-10-21,13,0,0,0,0,0,0,0,0,0,0.0,0.035352,0,0.0,0,420,3,2,0.7459,0.0,GREEN,58,Bengaluru
CLM0040881,BEN_08809,Yelahanka,2024-04-24,10,0,0,0,0,0,0,0,0,0,0.0,0.270162,1,0.0,0,120,2,0,0.6426,0.0,GREEN,43,Bengaluru
CLM0040882,BEN_05321,HSR Layout,2024-01-08,11,0,0,0,0,0,0,0,1,0,0.0,0.394431,0,0.0,0,175,1,4,0.6639,0.037,GREEN,34,Bengaluru
CLM0040883,BEN_03109,HSR Layout,2024-11-30,9,0,0,0,0,0,0,0,1,0,0.0,0.197918,0,0.0,0,30,2,0,0.98,0.0253,GREEN,55,Bengaluru
CLM0040884,BEN_04972,Marathahalli,2024-02-03,10,0,0,0,0,0,0,0,0,0,0.0,0.216426,0,0.0,0,362,4,3,0.6328,0.086,GREEN,59,Bengaluru
CLM0040885,BEN_03627,Koramangala,2025-07-23,18,0,0,0,0,0,0,0,0,0,0.0,0.074551,0,0.0,0,396,2,5,0.9713,0.0,GREEN,47,Bengaluru
CLM0040886,BEN_01458,Rajajinagar,2023-07-22,12,0,0,0,0,0,1,0,0,0,0.0,0.207052,0,0.0,0,190,0,4,0.5861,0.1438,GREEN,35,Bengaluru
CLM0040887,BEN_09958,Indiranagar,2024-01-06,17,0,0,0,0,0,0,0,0,0,0.0,0.354609,0,0.0,0,52,1,7,0.8238,0.0,GREEN,45,Bengaluru
CLM0040888,BEN_01258,BTM Layout,2025-01-08,20,0,0,0,0,0,0,0,0,0,0.0,0.181771,0,0.0,0,133,2,7,0.5127,0.0,GREEN,30,Bengaluru
CLM0040889,BEN_01440,Indiranagar,2024-11-06,15,0,1,1,1,1,0,1,1,1,0.0,0.086055,0,0.0,1,5,0,15,0.7861,0.8971,RED,24,Bengaluru
CLM0040890,BEN_00922,BTM Layout,2025-02-09,14,0,1,1,0,0,0,1,0,0,1.0,0.37277,0,1.0,0,152,0,0,0.7097,0.6672,RED,33,Bengaluru
CLM0040891,BEN_04559,Jayanagar,2025-03-11,14,0,1,1,0,0,0,0,0,0,0.0,0.01564,0,0.0,0,420,0,5,0.5984,0.6814,RED,47,Bengaluru
CLM0040892,BEN_07538,Marathahalli,2025-06-02,10,0,1,1,1,1,1,0,1,1,0.0,0.129764,1,0.0,0,11,2,18,0.9434,0.8913,RED,49,Bengaluru
CLM0040893,BEN_03752,Marathahalli,2024-01-13,21,0,1,1,1,1,1,1,1,1,0.0,0.213376,0,0.0,0,5,2,18,0.8227,0.9276,RED,50,Bengaluru
CLM0040894,BEN_03269,Koramangala,2025-01-06,8,0,1,1,0,0,0,0,1,0,0.0,0.159149,0,0.0,0,420,2,0,0.7821,0.6821,RED,38,Bengaluru
CLM0040895,BEN_03745,Indiranagar,2023-09-28,19,0,0,0,0,0,0,0,0,0,0.0,0.285386,0,0.0,0,420,1,0,0.4813,0.0308,GREEN,30,Bengaluru
CLM0040896,BEN_00290,Indiranagar,2023-06-04,21,0,0,0,0,0,0,0,0,0,0.0,0.0,0,0.0,0,158,1,2,0.8908,0.0002,GREEN,47,Bengaluru
CLM0040897,BEN_04129,Whitefield,2025-01-27,8,0,0,0,1,0,0,0,1,1,0.0,0.082269,1,0.0,0,5,1,18,0.8365,0.1969,GREEN,36,Bengaluru
CLM0040898,BEN_01295,Koramangala,2024-06-25,14,0,0,0,0,0,0,0,1,0,0.0,0.309057,0,0.0,0,90,3,4,0.05,0.0882,GREEN,62,Bengaluru
CLM0040899,BEN_06223,Koramangala,2020-11-19,8,0,0,0,0,0,0,0,0,0,0.0,0.246142,0,0.0,0,249,4,6,0.3407,0.0877,GREEN,61,Bengaluru
CLM0040900,BEN_07659,Yelahanka,2021-07-01,13,0,0,0,0,0,0,0,0,0,0.0,0.174849,0,0.0,0,168,1,6,0.5708,0.041,GREEN,51,Bengaluru
CLM0040901,BEN_01386,Electronic City,2022-06-01,9,0,0,0,0,0,0,0,0,0,0.0,0.45563,0,0.0,0,124,2,4,0.98,0.0,GREEN,32,Bengaluru
CLM0040902,BEN_09716,Electronic City,2025-04-10,13,0,0,0,0,0,0,0,0,0,0.0,0.242948,0,0.0,0,222,1,2,0.4753,0.0,GREEN,49,Bengaluru
CLM0040903,BEN_00567,Electronic City,2025-01-11,16,0,0,0,0,0,0,0,0,1,0.0,0.28918,0,0.0,0,350,4,7,0.4916,0.1153,GREEN,41,Bengaluru
CLM0040904,BEN_05599,Marathahalli,2025-11-02,16,0,0,0,0,0,0,0,0,0,0.0,0.115381,0,1.0,0,241,2,0,0.8937,0.0,GREEN,46,Bengaluru
CLM0040905,BEN_00057,Whitefield,2024-12-06,14,0,1,1,0,0,0,0,0,0,0.0,0.083029,0,0.0,0,211,4,3,0.4893,0.0,GREEN,40,Bengaluru
CLM0040906,BEN_02826,Rajajinagar,2025-08-11,12,0,0,0,0,0,0,0,0,0,0.0,0.18014,0,0.0,0,228,4,0,0.8737,0.0,GREEN,41,Bengaluru
CLM0040907,BEN_04953,Jayanagar,2024-08-07,9,0,0,0,1,0,0,0,0,0,0.0,0.307229,1,0.0,0,420,3,0,0.05,0.2672,GREEN,46,Bengaluru
CLM0040908,BEN_09376,Koramangala,2024-08-24,16,0,0,0,0,0,1,0,0,0,0.0,0.205607,0,0.0,1,218,2,5,0.6888,0.1768,GREEN,65,Bengaluru
CLM0040909,BEN_06961,Jayanagar,2024-08-23,20,0,0,0,0,0,0,1,0,0,0.0,0.224029,0,0.0,0,209,2,0,0.873,0.0783,GREEN,26,Bengaluru
CLM0040910,BEN_09487,Jayanagar,2024-07-30,17,0,0,0,1,0,0,1,0,0,0.0,0.016031,0,0.0,0,44,3,0,0.05,0.2874,GREEN,43,Bengaluru
CLM0040911,BEN_08776,HSR Layout,2024-11-28,9,0,1,1,0,0,0,0,0,0,1.0,0.0,0,0.0,0,235,3,4,0.9622,0.0583,GREEN,37,Bengaluru
CLM0040912,BEN_00220,BTM Layout,2025-05-15,21,0,0,0,0,0,0,0,0,0,0.0,0.93796,0,0.0,0,226,4,0,0.7375,0.0,GREEN,52,Bengaluru
CLM0040913,BEN_02831,Rajajinagar,2025-06-08,7,0,0,0,0,0,1,0,0,0,0.0,0.219126,0,0.0,0,261,3,0,0.7714,0.085,GREEN,50,Bengaluru
CLM0040914,BEN_09934,Marathahalli,2020-03-31,11,0,0,0,0,0,0,0,0,0,0.0,0.29476,0,0.0,0,249,2,2,0.4845,0.087,GREEN,46,Bengaluru
CLM0040915,BEN_06747,Electronic City,2021-02-20,13,0,0,0,0,0,1,0,0,0,1.0,0.366824,0,0.0,0,110,2,0,0.0895,0.0633,GREEN,38,Bengaluru
CLM0040916,BEN_08424,BTM Layout,2020-03-24,11,0,0,0,0,0,0,0,0,0,0.0,0.325463,0,0.0,0,420,4,2,0.796,0.0,GREEN,55,Bengaluru
CLM0040917,BEN_04375,Marathahalli,2021-07-03,13,0,0,0,0,0,0,1,0,0,0.0,0.043003,0,0.0,0,152,0,3,0.6025,0.1224,GREEN,48,Bengaluru
CLM0040918,BEN_09608,Jayanagar,2021-10-31,7,0,0,0,0,0,0,1,0,0,0.0,0.35559,0,0.0,0,420,1,4,0.6902,0.1377,GREEN,43,Bengaluru
CLM0040919,BEN_09235,Yelahanka,2023-09-04,7,0,0,0,0,0,0,0,0,0,0.0,0.199201,0,1.0,0,271,4,2,0.05,0.0,GREEN,32,Bengaluru
CLM0040920,BEN_03016,Marathahalli,2018-11-02,8,0,0,0,0,0,0,0,1,1,0.0,0.170309,0,0.0,0,240,2,6,0.7204,0.285,GREEN,40,Bengaluru
CLM0040921,BEN_09640,Electronic City,2025-05-19,8,0,0,0,0,0,0,0,0,0,0.0,0.290061,0,0.0,0,263,0,1,0.5446,0.0,GREEN,55,Bengaluru
CLM0040922,BEN_07968,Jayanagar,2022-06-22,9,0,0,0,0,0,0,0,0,0,0.0,0.284735,0,0.0,0,140,4,4,0.5901,0.0,GREEN,33,Bengaluru
CLM0040923,BEN_07887,BTM Layout,2020-07-29,18,0,0,0,0,0,0,0,0,0,0.0,0.00763,0,0.0,0,304,1,3,0.6529,0.0,GREEN,37,Bengaluru
CLM0040924,BEN_00397,BTM Layout,2020-04-23,17,0,0,0,0,0,1,0,0,0,0.0,0.150872,0,0.0,0,420,0,6,0.5183,0.0574,GREEN,18,Bengaluru
CLM0040925,BEN_04993,Jayanagar,2024-12-01,9,0,0,0,0,0,0,1,0,0,0.0,1.0,0,0.0,0,170,1,2,0.8741,0.0858,GREEN,57,Bengaluru
CLM0040926,BEN_01807,Yelahanka,2025-11-01,17,0,0,0,0,0,0,0,0,1,0.0,0.159725,0,0.0,0,152,2,0,0.5664,0.1677,GREEN,44,Bengaluru
CLM0040927,BEN_07570,Jayanagar,2025-02-24,8,0,0,0,0,0,0,0,0,0,0.0,0.313645,0,0.0,0,420,1,0,0.5921,0.0622,GREEN,43,Bengaluru
CLM0040928,BEN_02395,BTM Layout,2025-04-18,15,0,0,0,0,0,0,1,0,1,0.0,0.060221,0,0.0,0,100,1,3,0.1479,0.2076,GREEN,49,Bengaluru
CLM0040929,BEN_07732,Koramangala,2025-07-04,17,0,0,0,1,1,0,1,1,0,0.0,0.109474,0,0.0,1,20,4,18,0.98,0.0,GREEN,51,Bengaluru
CLM0040930,BEN_00734,Yelahanka,2024-12-15,21,0,0,0,0,0,0,0,0,0,0.0,0.305657,0,0.0,0,415,1,3,0.1687,0.0632,GREEN,43,Bengaluru
CLM0040931,BEN_00164,BTM Layout,2024-12-02,7,0,0,0,0,0,0,0,0,0,0.0,0.299998,0,0.0,0,316,2,0,0.9489,0.0,GREEN,53,Bengaluru
CLM0040932,BEN_00039,Yelahanka,2024-11-02,12,0,0,0,0,0,0,0,0,0,0.0,0.251704,0,0.0,0,151,2,3,0.5485,0.0,GREEN,24,Bengaluru
CLM0040933,BEN_01250,HSR Layout,2022-05-02,9,0,0,0,0,0,0,1,0,0,1.0,1.0,0,0.0,0,355,0,2,0.1845,0.1957,GREEN,50,Bengaluru
CLM0040934,BEN_01382,Koramangala,2025-12-20,10,0,0,0,0,0,0,0,0,0,0.0,0.193481,0,0.0,0,420,0,8,0.8951,0.0396,GREEN,36,Bengaluru
CLM0040935,BEN_07771,Rajajinagar,2022-11-17,16,0,0,0,0,0,0,0,0,0,0.0,0.303987,0,0.0,0,336,0,0,0.709,0.0231,GREEN,66,Bengaluru
CLM0040936,BEN_01831,Whitefield,2024-06-22,20,0,0,0,0,0,0,0,0,0,1.0,0.34904,0,1.0,0,146,0,6,0.98,0.1304,GREEN,23,Bengaluru
CLM0040937,BEN_02846,Whitefield,2020-09-05,13,0,0,0,0,0,0,0,0,0,0.0,0.079711,0,0.0,0,84,0,3,0.9081,0.0566,GREEN,57,Bengaluru
CLM0040938,BEN_02596,Yelahanka,2021-05-04,21,0,0,0,0,0,0,0,0,0,0.0,0.413699,0,0.0,0,311,1,0,0.6655,0.0164,GREEN,44,Bengaluru
CLM0040939,BEN_06803,BTM Layout,2023-11-02,18,0,0,0,0,0,0,0,0,0,0.0,0.158571,0,1.0,0,87,2,0,0.5981,0.0,GREEN,48,Bengaluru
CLM0040940,BEN_05276,BTM Layout,2021-10-14,16,0,0,0,0,1,1,1,1,1,1.0,1.0,0,0.0,0,21,0,18,0.2175,0.0743,GREEN,52,Bengaluru
CLM0040941,BEN_06072,Rajajinagar,2024-06-05,14,0,0,0,0,0,0,0,0,0,0.0,0.977345,0,0.0,0,420,3,4,0.9158,0.0755,GREEN,48,Bengaluru
CLM0040942,BEN_08430,Jayanagar,2025-01-21,13,0,0,0,0,0,0,0,0,0,0.0,0.954867,0,0.0,0,345,1,5,0.8589,0.0078,GREEN,36,Bengaluru
CLM0040943,BEN_00887,Yelahanka,2020-07-17,14,0,0,0,1,0,0,0,0,0,0.0,0.268582,0,0.0,0,344,4,3,0.1375,0.1597,GREEN,44,Bengaluru
CLM0040944,BEN_04768,Electronic City,2022-11-01,11,0,0,0,0,0,0,0,0,0,0.0,0.04582,0,0.0,0,273,4,3,0.8491,0.058,GREEN,45,Bengaluru
CLM0040945,BEN_06201,Rajajinagar,2022-08-06,12,0,0,0,0,0,0,1,0,0,0.0,0.107994,0,0.0,0,70,2,6,0.5955,0.1204,GREEN,33,Bengaluru
CLM0040946,BEN_00573,Rajajinagar,2020-07-27,16,0,0,0,0,0,0,0,0,0,0.0,0.099152,1,0.0,0,99,3,2,0.8473,0.0134,GREEN,38,Bengaluru
CLM0040947,BEN_06999,HSR Layout,2024-08-10,11,0,0,0,0,0,0,0,0,0,0.0,0.032582,0,0.0,0,410,4,6,0.05,0.0,GREEN,70,Bengaluru
CLM0040948,BEN_05850,BTM Layout,2021-04-15,18,0,1,1,0,0,1,0,0,0,1.0,0.923604,0,1.0,0,403,0,3,0.5463,0.1246,GREEN,45,Bengaluru
CLM0040949,BEN_03795,BTM Layout,2025-01-31,17,0,1,1,0,0,0,0,1,0,0.0,0.133232,0,0.0,0,29,1,3,0.9182,0.0,GREEN,32,Bengaluru
CLM0040950,BEN_01402,Koramangala,2022-03-17,17,0,1,1,0,0,1,0,0,0,0.0,0.229372,0,0.0,0,23,3,2,0.5465,0.078,GREEN,46,Bengaluru
CLM0040951,BEN_07542,Jayanagar,2025-08-12,8,0,0,0,0,0,0,0,0,0,0.0,0.304927,0,0.0,0,124,0,2,0.3595,0.0,GREEN,43,Bengaluru
CLM0040952,BEN_05562,BTM Layout,2024-04-06,19,0,0,0,0,0,0,0,0,0,0.0,1.0,0,0.0,0,326,3,3,0.671,0.1079,GREEN,34,Bengaluru
CLM0040953,BEN_06491,Marathahalli,2025-05-13,11,0,0,0,0,0,0,0,0,0,1.0,0.195109,1,0.0,0,157,2,2,0.5934,0.136,GREEN,48,Bengaluru
CLM0040954,BEN_02194,Whitefield,2025-06-29,21,0,0,0,0,0,0,0,0,0,0.0,0.059404,0,0.0,0,420,1,3,0.7059,0.0221,GREEN,43,Bengaluru
CLM0040955,BEN_08927,Electronic City,2025-01-09,21,0,0,0,0,0,1,0,0,0,1.0,0.191998,0,0.0,0,114,0,4,0.8096,0.0785,GREEN,42,Bengaluru
CLM0040956,BEN_04452,Whitefield,2025-12-08,20,0,0,0,0,0,0,0,0,0,0.0,0.198609,0,0.0,0,420,3,3,0.1518,0.0,GREEN,25,Bengaluru
CLM0040957,BEN_05863,Electronic City,2025-09-14,9,0,0,0,0,0,0,1,0,0,0.0,0.347313,0,0.0,0,265,3,0,0.6247,0.0823,GREEN,46,Bengaluru
CLM0040958,BEN_00873,Indiranagar,2025-01-26,12,0,0,0,0,0,0,0,0,0,1.0,0.21677,0,0.0,0,368,1,4,0.9028,0.0616,GREEN,31,Bengaluru
CLM0040959,BEN_07858,Indiranagar,2024-11-18,10,0,0,0,0,0,0,0,0,0,1.0,0.368519,0,0.0,0,145,3,3,0.7458,0.0397,GREEN,38,Bengaluru
CLM0040960,BEN_09644,Marathahalli,2025-07-24,18,0,0,0,0,0,0,0,0,1,0.0,0.373366,0,0.0,0,5,0,2,0.7374,0.1468,GREEN,49,Bengaluru
CLM0040961,BEN_09372,Indiranagar,2024-09-11,11,0,0,0,0,0,0,0,0,0,0.0,0.269781,0,0.0,0,420,2,0,0.8555,0.0401,GREEN,37,Bengaluru
CLM0040962,BEN_05348,Rajajinagar,2025-07-06,13,0,0,0,0,0,1,0,0,1,0.0,0.364275,0,0.0,0,56,0,4,0.7269,0.1974,GREEN,63,Bengaluru
CLM0040963,BEN_01641,HSR Layout,2022-01-25,9,0,0,0,0,0,0,0,0,0,0.0,0.277944,0,0.0,0,420,4,0,0.5619,0.0028,GREEN,21,Bengaluru
CLM0040964,BEN_04496,Indiranagar,2024-07-23,15,0,0,0,0,0,0,0,0,0,0.0,0.495083,0,0.0,0,420,4,2,0.6363,0.0,GREEN,44,Bengaluru
CLM0040965,BEN_09388,Jayanagar,2021-07-18,12,0,0,0,0,0,0,0,0,0,1.0,0.361639,0,0.0,0,144,3,2,0.8204,0.232,GREEN,36,Bengaluru
CLM0040966,BEN_06145,Marathahalli,2023-04-22,17,0,0,0,0,1,0,0,0,0,0.0,0.22747,0,0.0,0,312,1,5,0.9485,0.1962,GREEN,39,Bengaluru
CLM0040967,BEN_09959,Marathahalli,2021-02-23,15,0,0,0,0,0,0,0,1,0,0.0,0.400316,0,0.0,0,204,1,4,0.9086,0.1229,GREEN,37,Bengaluru
CLM0040968,BEN_06820,Koramangala,2019-09-09,11,0,0,0,0,0,0,0,0,0,0.0,0.26095,0,0.0,0,70,1,3,0.98,0.0,GREEN,20,Bengaluru
CLM0040969,BEN_06996,Marathahalli,2020-02-10,16,0,0,0,0,0,1,0,0,0,0.0,0.349067,0,0.0,0,87,3,1,0.8205,0.2608,GREEN,58,Bengaluru
CLM0040970,BEN_01470,BTM Layout,2020-10-02,12,0,0,0,0,0,0,0,0,0,0.0,0.154226,0,0.0,0,420,3,4,0.68,0.0418,GREEN,44,Bengaluru
CLM0040971,BEN_04647,Jayanagar,2025-09-25,19,0,0,0,0,0,0,0,0,0,0.0,1.0,0,0.0,0,420,2,3,0.9281,0.1079,GREEN,44,Bengaluru
CLM0040972,BEN_02350,Electronic City,2022-03-12,17,0,0,0,0,0,0,0,0,0,0.0,0.235261,0,0.0,0,359,4,2,0.6594,0.0,GREEN,60,Bengaluru
CLM0040973,BEN_01559,Indiranagar,2025-08-22,10,0,0,0,0,0,0,0,0,0,0.0,0.255868,0,0.0,0,80,4,4,0.874,0.0,GREEN,26,Bengaluru
CLM0040974,BEN_06144,Yelahanka,2025-01-11,15,0,0,0,0,0,0,1,0,0,0.0,0.20394,0,0.0,0,244,3,4,0.9066,0.0,GREEN,54,Bengaluru
CLM0040975,BEN_05311,Koramangala,2024-12-03,19,0,0,0,0,0,0,0,0,0,0.0,0.174865,0,0.0,0,319,0,4,0.756,0.0,GREEN,50,Bengaluru
CLM0040976,BEN_03568,BTM Layout,2025-11-28,19,0,0,0,0,0,0,0,0,0,0.0,0.331954,0,0.0,0,362,3,0,0.837,0.0,GREEN,63,Bengaluru
CLM0040977,BEN_05158,Whitefield,2025-12-22,9,0,0,0,0,0,0,0,0,0,0.0,0.191472,0,0.0,0,115,3,1,0.2596,0.1157,GREEN,23,Bengaluru
CLM0040978,BEN_06920,Indiranagar,2025-04-13,12,0,0,0,0,0,1,0,0,0,0.0,0.11846,0,0.0,0,420,2,2,0.05,0.1615,GREEN,43,Bengaluru
CLM0040979,BEN_00852,BTM Layout,2024-12-26,21,0,0,0,0,0,0,0,0,0,1.0,0.273369,0,0.0,0,215,0,2,0.5773,0.0172,GREEN,38,Bengaluru
CLM0040980,BEN_02242,Marathahalli,2025-05-28,21,0,0,0,0,0,0,0,0,0,0.0,0.162703,0,0.0,0,276,3,4,0.6189,0.0264,GREEN,40,Bengaluru
CLM0040981,BEN_08006,Koramangala,2024-11-17,10,0,0,0,0,0,0,0,0,0,0.0,0.140113,1,0.0,1,174,4,3,0.98,0.0501,GREEN,38,Bengaluru
CLM0040982,BEN_05067,Indiranagar,2025-05-24,17,0,0,0,0,0,0,0,0,0,0.0,1.0,0,1.0,0,56,4,2,0.05,0.0045,GREEN,42,Bengaluru
CLM0040983,BEN_04164,BTM Layout,2024-12-14,21,0,0,0,0,0,0,0,0,0,0.0,0.418684,0,0.0,0,149,3,0,0.8178,0.0955,GREEN,40,Bengaluru
CLM0040984,BEN_06381,Electronic City,2025-11-01,19,0,0,0,0,0,1,0,0,0,0.0,0.038851,0,0.0,1,151,0,0,0.747,0.074,GREEN,31,Bengaluru
CLM0040985,BEN_07194,Indiranagar,2022-12-16,8,0,0,0,0,0,1,0,0,0,1.0,0.165195,0,0.0,0,266,4,2,0.9704,0.0852,GREEN,29,Bengaluru
CLM0040986,BEN_04311,BTM Layout,2022-02-12,12,0,0,0,0,0,0,0,0,0,0.0,0.130341,0,0.0,0,341,0,3,0.864,0.0,GREEN,62,Bengaluru
CLM0040987,BEN_07846,HSR Layout,2025-01-08,8,0,1,1,0,0,0,1,1,0,1.0,0.983459,0,1.0,0,206,1,2,0.5919,0.1931,GREEN,49,Bengaluru
CLM0040988,BEN_01321,Rajajinagar,2025-01-02,18,0,0,0,0,1,0,0,1,0,0.0,0.572439,0,0.0,1,5,0,18,0.0885,0.0571,GREEN,39,Bengaluru
CLM0040989,BEN_06255,Rajajinagar,2024-09-15,17,0,0,0,0,0,0,0,0,0,0.0,0.196493,0,0.0,0,370,0,4,0.98,0.0,GREEN,42,Bengaluru
CLM0040990,BEN_00378,Yelahanka,2022-09-16,7,0,0,0,1,0,0,0,0,0,0.0,0.260008,0,0.0,0,420,2,4,0.05,0.213,GREEN,46,Bengaluru
CLM0040991,BEN_00959,BTM Layout,2024-04-08,11,0,0,0,0,0,0,0,0,0,0.0,0.403101,0,0.0,0,221,0,0,0.6012,0.0,GREEN,38,Bengaluru
CLM0040992,BEN_02412,Indiranagar,2025-07-18,7,0,0,0,0,0,0,1,0,0,0.0,0.045556,1,0.0,0,191,2,3,0.943,0.2208,GREEN,42,Bengaluru
CLM0040993,BEN_05694,Rajajinagar,2024-06-20,13,0,0,0,0,0,0,0,0,1,0.0,0.236185,0,0.0,0,267,0,6,0.7827,0.1445,GREEN,38,Bengaluru
CLM0040994,BEN_06617,Rajajinagar,2025-06-09,11,0,0,0,0,0,0,0,1,0,1.0,0.343474,0,0.0,0,49,3,2,0.194,0.1294,GREEN,46,Bengaluru
CLM0040995,BEN_07173,Yelahanka,2022-03-29,9,0,0,0,1,1,0,1,1,0,1.0,0.085089,1,1.0,1,38,2,18,0.8495,0.0,GREEN,45,Bengaluru
CLM0040996,BEN_06751,Rajajinagar,2025-10-08,15,0,0,0,1,0,0,0,0,0,0.0,0.209658,0,0.0,0,55,0,5,0.8465,0.2705,GREEN,38,Bengaluru
CLM0040997,BEN_03691,BTM Layout,2025-12-27,20,0,0,0,0,0,0,0,0,0,0.0,0.860068,0,0.0,0,76,0,2,0.2033,0.0,GREEN,54,Bengaluru
CLM0040998,BEN_04572,Indiranagar,2016-03-17,9,0,0,0,0,0,0,1,0,0,0.0,0.014138,0,0.0,0,59,2,4,0.8123,0.1865,GREEN,52,Bengaluru
CLM0040999,BEN_07222,BTM Layout,2019-10-09,15,0,0,0,0,0,0,0,0,0,0.0,1.0,0,0.0,0,420,2,3,0.2345,0.0,GREEN,36,Bengaluru
CLM0041000,BEN_06318,Rajajinagar,2025-06-21,13,0,0,0,0,0,0,0,1,0,1.0,0.082087,0,0.0,0,199,2,4,0.7866,0.1421,GREEN,46,Bengaluru
CLM0041001,BEN_04248,Koramangala,2018-11-21,16,0,0,0,0,0,0,0,0,0,0.0,0.302065,0,0.0,0,420,3,1,0.0712,0.1091,GREEN,55,Bengaluru
CLM0041002,BEN_00318,BTM Layout,2023-09-14,17,0,0,0,0,0,0,0,0,0,1.0,0.318837,0,0.0,1,14,4,2,0.8002,0.1097,GREEN,44,Bengaluru
CLM0041003,BEN_04702,HSR Layout,2020-09-19,13,0,0,0,0,0,0,0,0,0,1.0,0.355939,1,0.0,0,127,4,3,0.5614,0.2164,GREEN,45,Bengaluru
CLM0041004,BEN_03071,HSR Layout,2018-05-02,14,0,0,0,0,0,1,0,0,0,1.0,0.323971,0,0.0,0,9,3,0,0.1027,0.1445,GREEN,55,Bengaluru
CLM0041005,BEN_02886,Whitefield,2022-07-18,15,0,0,0,1,1,1,1,1,1,1.0,0.987772,0,0.0,0,18,4,18,0.98,0.0293,GREEN,47,Bengaluru
CLM0041006,BEN_03733,HSR Layout,2025-12-14,10,0,0,0,0,0,1,0,0,0,0.0,0.343143,0,0.0,0,206,2,3,0.5432,0.1104,GREEN,57,Bengaluru
CLM0041007,BEN_05514,BTM Layout,2021-09-23,17,0,0,0,0,0,0,0,0,0,0.0,0.387559,0,0.0,0,127,0,0,0.8425,0.0,GREEN,35,Bengaluru
CLM0041008,BEN_07529,Marathahalli,2025-12-20,13,0,0,0,1,0,0,0,0,0,0.0,0.154833,0,0.0,0,107,0,7,0.7693,0.2148,GREEN,51,Bengaluru
CLM0041009,BEN_07682,Whitefield,2018-01-19,21,0,0,0,1,0,0,1,1,1,0.0,1.0,1,0.0,1,5,3,18,0.9287,0.0,GREEN,44,Bengaluru
CLM0041010,BEN_07828,HSR Layout,2024-07-27,18,0,0,0,0,0,0,0,0,0,0.0,0.39743,0,0.0,0,313,4,7,0.5878,0.0,GREEN,45,Bengaluru
CLM0041011,BEN_01047,Indiranagar,2025-05-18,7,0,0,0,0,0,0,0,0,0,1.0,0.140555,0,0.0,0,420,2,0,0.7034,0.0309,GREEN,59,Bengaluru
CLM0041012,BEN_01664,Yelahanka,2025-07-01,14,0,0,0,0,0,0,0,0,0,0.0,0.0,1,1.0,0,171,3,4,0.8688,0.067,GREEN,64,Bengaluru
CLM0041013,BEN_06038,Rajajinagar,2023-04-18,17,0,0,0,0,0,0,0,0,0,0.0,0.167956,0,0.0,0,138,2,5,0.6359,0.0,GREEN,66,Bengaluru
CLM0041014,BEN_09298,Indiranagar,2025-05-04,18,0,0,0,1,0,1,1,0,1,0.0,0.240181,0,0.0,0,420,4,1,0.9741,0.1404,GREEN,29,Bengaluru
CLM0041015,BEN_08187,BTM Layout,2025-11-21,13,0,0,0,0,0,0,0,0,0,1.0,0.25672,0,1.0,0,390,0,1,0.6545,0.1035,GREEN,44,Bengaluru
CLM0041016,BEN_06339,Yelahanka,2023-02-20,19,0,0,0,1,0,0,0,0,0,0.0,0.280724,0,0.0,0,259,3,3,0.9006,0.1256,GREEN,37,Bengaluru
CLM0041017,BEN_01341,Indiranagar,2024-08-16,15,0,0,0,0,0,1,0,1,0,1.0,1.0,0,0.0,0,234,2,5,0.9107,0.2153,GREEN,37,Bengaluru
CLM0041018,BEN_00694,Indiranagar,2019-03-24,13,0,0,0,0,0,0,1,0,0,0.0,0.046775,0,0.0,0,216,2,1,0.951,0.0939,GREEN,61,Bengaluru
CLM0041019,BEN_00413,Marathahalli,2023-04-30,20,0,0,0,0,0,0,0,0,0,0.0,0.419942,1,0.0,0,18,4,1,0.98,0.088,GREEN,40,Bengaluru
CLM0041020,BEN_09124,Yelahanka,2021-11-27,7,0,0,0,0,0,0,0,0,0,0.0,0.169931,1,1.0,0,88,1,2,0.6157,0.2148,GREEN,52,Bengaluru
CLM0041021,BEN_05472,BTM Layout,2023-07-29,18,0,0,0,0,0,0,0,1,0,0.0,0.332906,0,0.0,0,20,2,6,0.8726,0.0498,GREEN,57,Bengaluru
CLM0041022,BEN_06617,Rajajinagar,2025-08-01,7,0,0,0,0,0,1,0,0,0,1.0,1.0,1,1.0,1,382,2,1,0.7715,0.2454,GREEN,46,Bengaluru
CLM0041023,BEN_08234,Rajajinagar,2020-01-26,18,0,0,0,1,0,0,0,0,0,0.0,0.151913,0,0.0,0,386,0,3,0.7464,0.1614,GREEN,45,Bengaluru
CLM0041024,BEN_08766,Whitefield,2019-10-05,16,0,0,0,0,0,0,0,0,0,0.0,0.164074,0,0.0,0,316,0,0,0.7737,0.0,GREEN,42,Bengaluru
CLM0041025,BEN_07357,Whitefield,2023-07-15,9,0,1,1,0,1,0,0,0,0,0.0,0.101309,0,0.0,0,295,4,1,0.4637,0.1379,GREEN,18,Bengaluru
CLM0041026,BEN_06738,Electronic City,2022-08-25,16,0,0,0,0,0,0,0,0,0,0.0,0.0,0,0.0,0,75,2,3,0.05,0.0,GREEN,35,Bengaluru
CLM0041027,BEN_01119,Marathahalli,2025-12-27,19,0,0,0,0,0,0,0,0,0,0.0,0.202327,0,0.0,0,115,4,0,0.221,0.0,GREEN,47,Bengaluru
CLM0041028,BEN_07722,Koramangala,2022-06-13,19,0,0,0,0,0,0,0,0,0,0.0,0.213783,0,0.0,0,262,3,5,0.05,0.0,GREEN,47,Bengaluru
CLM0041029,BEN_03908,Jayanagar,2024-06-23,17,0,0,0,0,0,0,0,0,0,0.0,0.896656,0,0.0,0,145,2,2,0.8003,0.0,GREEN,45,Bengaluru
CLM0041030,BEN_09206,Koramangala,2023-12-16,21,0,0,0,0,0,0,1,0,0,0.0,0.0,0,0.0,0,75,1,0,0.3999,0.1436,GREEN,32,Bengaluru
CLM0041031,BEN_00417,Yelahanka,2025-05-10,14,0,0,0,0,0,0,0,0,0,0.0,0.015892,0,0.0,0,289,4,5,0.0924,0.0,GREEN,31,Bengaluru
CLM0041032,BEN_06771,BTM Layout,2024-07-25,9,0,0,0,0,0,0,0,0,0,0.0,0.304072,0,0.0,0,290,2,4,0.4857,0.1003,GREEN,48,Bengaluru
CLM0041033,BEN_07339,BTM Layout,2021-10-19,13,0,0,0,0,0,0,0,0,1,0.0,0.231891,0,0.0,0,305,1,2,0.6066,0.0116,GREEN,48,Bengaluru
CLM0041034,BEN_02479,HSR Layout,2021-10-04,20,0,0,0,0,0,0,0,0,0,0.0,0.327308,0,0.0,0,420,3,1,0.8093,0.0,GREEN,55,Bengaluru
CLM0041035,BEN_07039,BTM Layout,2024-05-21,7,0,0,0,0,0,0,0,0,0,0.0,0.357737,0,0.0,0,115,2,1,0.2353,0.0285,GREEN,40,Bengaluru
CLM0041036,BEN_03053,Whitefield,2023-06-03,10,0,0,0,0,0,0,0,0,0,0.0,0.014091,0,0.0,0,12,4,2,0.9271,0.0,GREEN,31,Bengaluru
CLM0041037,BEN_06004,BTM Layout,2022-04-04,8,0,0,0,0,0,0,0,0,0,0.0,0.165602,0,0.0,0,219,1,1,0.6552,0.0,GREEN,63,Bengaluru
CLM0041038,BEN_05555,Rajajinagar,2025-04-18,20,0,0,0,0,0,0,0,0,0,0.0,0.355221,0,0.0,0,323,4,6,0.6439,0.0392,GREEN,63,Bengaluru
CLM0041039,BEN_01250,HSR Layout,2019-11-10,7,0,0,0,0,0,0,0,0,0,0.0,0.315184,0,0.0,0,420,0,1,0.7784,0.0,GREEN,50,Bengaluru
CLM0041040,BEN_01062,Electronic City,2019-10-30,10,0,0,0,0,0,0,0,1,0,0.0,0.300711,1,0.0,0,420,3,0,0.98,0.1029,GREEN,40,Bengaluru
CLM0041041,BEN_07450,Indiranagar,2019-12-28,19,0,1,1,0,0,0,0,0,0,0.0,0.406306,0,0.0,0,149,1,3,0.3248,0.0824,GREEN,61,Bengaluru
CLM0041042,BEN_01485,Rajajinagar,2022-08-07,12,0,0,0,0,0,0,0,0,0,0.0,0.177977,0,0.0,1,420,1,6,0.9091,0.0635,GREEN,45,Bengaluru
CLM0041043,BEN_04684,Electronic City,2025-03-13,18,0,0,0,1,0,1,1,1,0,0.0,0.050307,0,0.0,1,5,0,18,0.7911,0.0183,GREEN,50,Bengaluru
CLM0041044,BEN_09190,Yelahanka,2025-05-03,18,0,0,0,0,0,0,0,0,1,0.0,0.015031,0,0.0,0,316,4,4,0.9174,0.1592,GREEN,41,Bengaluru
CLM0041045,BEN_06821,Marathahalli,2020-09-24,10,0,0,0,0,0,0,0,0,0,0.0,0.410951,0,0.0,0,189,2,4,0.5189,0.0257,GREEN,53,Bengaluru
CLM0041046,BEN_06159,Marathahalli,2025-03-26,10,0,0,0,0,0,0,0,0,0,0.0,0.448956,0,0.0,0,305,2,0,0.3832,0.0,GREEN,60,Bengaluru
CLM0041047,BEN_09659,Marathahalli,2020-12-20,13,0,0,0,0,0,0,0,0,0,0.0,0.075916,0,0.0,0,290,1,5,0.7549,0.0,GREEN,42,Bengaluru
CLM0041048,BEN_01982,Jayanagar,2019-10-15,12,0,0,0,1,0,1,0,1,1,0.0,0.956715,0,0.0,0,5,4,12,0.2037,0.1404,GREEN,50,Bengaluru
CLM0041049,BEN_02337,Electronic City,2021-10-11,13,0,0,0,0,0,0,0,0,0,0.0,0.163334,0,0.0,0,420,3,2,0.7306,0.0,GREEN,51,Bengaluru
CLM0041050,BEN_02090,Electronic City,2024-12-13,11,0,0,0,0,0,0,0,0,0,0.0,0.017924,0,0.0,0,138,2,1,0.05,0.0,GREEN,49,Bengaluru
CLM0041051,BEN_01056,BTM Layout,2022-10-14,11,0,0,0,0,0,0,0,0,0,0.0,0.352247,0,0.0,0,51,4,3,0.7509,0.0,GREEN,33,Bengaluru
CLM0041052,BEN_04702,HSR Layout,2024-11-28,19,0,0,0,0,0,0,0,1,0,0.0,0.189734,0,1.0,0,353,4,5,0.2611,0.0725,GREEN,45,Bengaluru
CLM0041053,BEN_07449,Yelahanka,2020-07-08,10,0,0,0,0,0,1,0,0,0,0.0,0.411373,0,0.0,0,420,4,0,0.6071,0.0401,GREEN,46,Bengaluru
CLM0041054,BEN_04590,Whitefield,2023-11-20,19,0,0,0,0,0,0,0,0,0,0.0,0.126292,0,0.0,0,227,1,6,0.3337,0.0178,GREEN,45,Bengaluru
CLM0041055,BEN_06298,Whitefield,2024-01-24,19,0,0,0,0,0,0,0,0,0,0.0,0.079625,0,0.0,0,363,0,0,0.5537,0.0396,GREEN,30,Bengaluru
CLM0041056,BEN_01125,Koramangala,2022-09-28,17,0,0,0,0,0,0,0,0,0,0.0,0.30447,0,0.0,0,369,2,4,0.3894,0.0,GREEN,38,Bengaluru
CLM0041057,BEN_02901,Whitefield,2019-12-28,15,0,0,0,0,0,0,0,0,0,0.0,0.215037,0,0.0,0,175,2,4,0.8721,0.0007,GREEN,45,Bengaluru
CLM0041058,BEN_02914,Koramangala,2018-05-27,17,0,0,0,0,0,0,1,0,0,0.0,0.091699,0,0.0,1,48,2,4,0.7622,0.1698,GREEN,48,Bengaluru
CLM0041059,BEN_06908,Yelahanka,2024-07-20,7,0,0,0,0,0,0,0,0,0,0.0,0.112259,0,0.0,0,420,1,0,0.7634,0.0,GREEN,33,Bengaluru
CLM0041060,BEN_06799,Electronic City,2015-04-10,10,0,0,0,1,1,0,1,1,0,0.0,0.00935,0,0.0,1,5,3,18,0.7972,0.0,GREEN,22,Bengaluru
CLM0041061,BEN_06752,Yelahanka,2025-07-21,12,0,0,0,0,0,0,0,0,0,0.0,0.302991,0,0.0,0,403,3,1,0.4725,0.1111,GREEN,32,Bengaluru
CLM0041062,BEN_08282,Koramangala,2024-08-13,19,0,0,0,0,0,0,0,0,0,0.0,0.343086,0,0.0,0,35,4,0,0.7938,0.0764,GREEN,44,Bengaluru
CLM0041063,BEN_01297,Whitefield,2020-06-21,17,0,1,1,1,0,0,0,1,0,0.0,0.984181,0,0.0,0,385,0,2,0.9139,0.2938,GREEN,48,Bengaluru
CLM0041064,BEN_06948,Yelahanka,2023-01-04,16,0,0,0,0,0,0,0,0,0,0.0,0.31798,0,0.0,1,420,4,0,0.05,0.0,GREEN,44,Bengaluru
CLM0041065,BEN_05637,Marathahalli,2024-07-13,9,0,0,0,0,0,0,0,0,1,0.0,0.212334,0,0.0,0,193,1,0,0.6859,0.0338,GREEN,48,Bengaluru
CLM0041066,BEN_01147,HSR Layout,2025-02-15,13,0,0,0,0,0,0,0,0,0,0.0,0.133507,1,0.0,0,5,4,5,0.5958,0.0396,GREEN,45,Bengaluru
CLM0041067,BEN_09452,Jayanagar,2024-11-29,18,0,1,1,0,0,0,0,0,0,0.0,0.149768,0,1.0,0,142,2,2,0.7406,0.1586,GREEN,35,Bengaluru
CLM0041068,BEN_05371,Jayanagar,2016-09-10,7,0,0,0,0,0,0,0,0,0,1.0,0.256949,1,0.0,0,382,0,2,0.1712,0.0251,GREEN,38,Bengaluru
CLM0041069,BEN_00033,Marathahalli,2018-08-24,15,0,0,0,0,0,0,0,0,0,0.0,0.240303,0,0.0,0,420,2,4,0.9575,0.0,GREEN,50,Bengaluru
CLM0041070,BEN_07823,Electronic City,2022-09-03,20,0,0,0,0,0,0,0,0,0,0.0,0.071189,0,0.0,0,221,4,4,0.5792,0.0,GREEN,57,Bengaluru
CLM0041071,BEN_09592,Whitefield,2023-05-27,10,0,0,0,0,0,0,0,1,0,0.0,0.988539,0,0.0,0,74,3,3,0.9023,0.0681,GREEN,33,Bengaluru
CLM0041072,BEN_07126,Yelahanka,2025-03-04,16,0,0,0,1,0,0,0,0,0,0.0,0.030919,0,0.0,0,281,1,1,0.05,0.108,GREEN,34,Bengaluru
CLM0041073,BEN_03093,HSR Layout,2017-09-30,7,0,0,0,0,0,1,0,0,0,0.0,0.392559,0,0.0,0,418,3,0,0.6537,0.0531,GREEN,39,Bengaluru
CLM0041074,BEN_00976,HSR Layout,2025-09-10,12,0,0,0,0,0,0,0,0,0,0.0,0.081505,0,0.0,0,140,1,4,0.8247,0.0239,GREEN,32,Bengaluru
CLM0041075,BEN_08900,Jayanagar,2020-02-01,18,0,0,0,0,0,0,0,0,0,0.0,0.297225,0,0.0,1,124,3,1,0.4035,0.0486,GREEN,42,Bengaluru
CLM0041076,BEN_07936,HSR Layout,2020-09-17,15,0,0,0,0,0,0,0,0,0,0.0,0.239491,0,0.0,1,394,2,6,0.976,0.0,GREEN,46,Bengaluru
CLM0041077,BEN_07322,HSR Layout,2021-07-14,20,0,0,0,0,0,0,0,0,0,0.0,0.184948,0,0.0,0,337,4,2,0.8206,0.0,GREEN,54,Bengaluru
CLM0041078,BEN_01703,Whitefield,2024-10-16,21,0,0,0,0,0,0,0,0,0,0.0,0.370793,0,0.0,0,5,0,0,0.8621,0.0166,GREEN,28,Bengaluru
CLM0041079,BEN_08571,Yelahanka,2024-02-07,11,0,0,0,0,0,0,0,0,0,0.0,0.008022,0,0.0,0,252,0,2,0.5417,0.0,GREEN,32,Bengaluru
CLM0041080,BEN_02310,Marathahalli,2023-12-27,19,0,0,0,0,0,0,0,0,0,1.0,0.982328,0,0.0,1,187,0,2,0.5903,0.1925,GREEN,42,Bengaluru
CLM0041081,BEN_04930,Rajajinagar,2025-07-11,18,0,0,0,0,0,0,0,0,0,0.0,0.03984,0,0.0,0,129,2,5,0.98,0.0435,GREEN,31,Bengaluru
CLM0041082,BEN_08525,Rajajinagar,2025-08-29,21,0,0,0,0,0,0,0,0,0,0.0,0.206165,0,0.0,0,141,3,3,0.5872,0.0157,GREEN,36,Bengaluru
CLM0041083,BEN_07268,Rajajinagar,2025-09-29,9,0,0,0,0,0,0,0,0,0,0.0,1.0,0,0.0,0,368,2,2,0.6951,0.0026,GREEN,48,Bengaluru
CLM0041084,BEN_01899,Electronic City,2025-06-09,16,0,1,1,0,1,0,0,0,0,0.0,0.042273,0,0.0,0,198,3,7,0.9407,0.0829,GREEN,59,Bengaluru
CLM0041085,BEN_04894,BTM Layout,2025-01-21,17,0,0,0,0,0,0,0,0,0,0.0,0.445009,0,0.0,0,336,1,0,0.713,0.0824,GREEN,46,Bengaluru
CLM0041086,BEN_05077,Electronic City,2025-05-02,20,0,0,0,1,0,1,1,0,1,1.0,1.0,0,1.0,1,5,1,18,0.1889,0.0,GREEN,41,Bengaluru
CLM0041087,BEN_01250,HSR Layout,2022-05-05,10,0,0,0,0,0,0,0,0,0,0.0,1.0,0,0.0,0,223,1,4,0.98,0.0,GREEN,50,Bengaluru
CLM0041088,BEN_07843,Jayanagar,2023-11-22,7,0,0,0,0,0,1,0,0,0,0.0,0.220669,0,0.0,0,51,1,4,0.7166,0.0728,GREEN,29,Bengaluru
CLM0041089,BEN_08677,Koramangala,2023-01-15,20,0,0,0,1,1,1,1,0,1,1.0,1.0,1,0.0,0,6,2,18,0.0809,0.2697,GREEN,32,Bengaluru
CLM0041090,BEN_03524,Yelahanka,2025-03-12,17,0,0,0,0,0,0,0,1,0,0.0,0.225353,0,0.0,0,420,1,4,0.952,0.1543,GREEN,51,Bengaluru
CLM0041091,BEN_07860,Indiranagar,2025-02-08,12,0,0,0,0,0,0,0,0,0,0.0,0.351252,0,0.0,0,31,0,1,0.9378,0.0013,GREEN,34,Bengaluru
CLM0041092,BEN_03611,BTM Layout,2023-05-17,16,0,0,0,0,0,0,0,0,0,0.0,0.19667,0,0.0,0,193,4,6,0.8704,0.0,GREEN,34,Bengaluru
CLM0041093,BEN_02967,HSR Layout,2023-11-28,15,0,0,0,1,1,0,1,1,1,0.0,1.0,0,0.0,0,9,4,18,0.2041,0.0,GREEN,49,Bengaluru
CLM0041094,BEN_00685,Electronic City,2022-06-09,21,0,0,0,0,0,0,0,1,1,0.0,0.32852,0,0.0,0,389,4,0,0.8522,0.2028,GREEN,42,Bengaluru
CLM0041095,BEN_01582,Whitefield,2022-03-23,16,0,0,0,1,1,0,1,1,0,1.0,0.97869,1,1.0,1,5,0,18,0.05,0.0,GREEN,24,Bengaluru
CLM0041096,BEN_02376,Koramangala,2021-10-30,13,0,0,0,0,0,0,0,0,0,0.0,0.149963,0,0.0,1,420,0,3,0.6943,0.1462,GREEN,43,Bengaluru
CLM0041097,BEN_07317,Indiranagar,2021-01-12,15,0,0,0,0,0,1,0,0,0,0.0,0.282436,0,0.0,0,159,0,2,0.2807,0.0693,GREEN,64,Bengaluru
CLM0041098,BEN_07262,Jayanagar,2025-02-01,19,0,0,0,0,0,0,0,0,0,0.0,0.359674,0,1.0,0,420,4,2,0.5586,0.0,GREEN,55,Bengaluru
CLM0041099,BEN_04166,Koramangala,2025-12-11,7,0,0,0,0,0,0,0,0,0,0.0,0.230444,0,0.0,0,84,2,0,0.4,0.0,GREEN,57,Bengaluru
CLM0041100,BEN_05665,Jayanagar,2025-04-08,8,0,0,0,0,0,0,0,0,0,0.0,1.0,0,0.0,1,303,0,3,0.5641,0.0913,GREEN,42,Bengaluru
CLM0041101,BEN_07424,HSR Layout,2024-08-21,7,0,0,0,0,0,1,0,0,0,0.0,0.321949,0,0.0,0,420,1,0,0.3347,0.0092,GREEN,47,Bengaluru
CLM0041102,BEN_08960,BTM Layout,2020-12-09,10,0,0,0,0,0,0,1,0,0,0.0,0.096806,0,0.0,0,420,0,4,0.7032,0.0328,GREEN,27,Bengaluru
CLM0041103,BEN_03590,BTM Layout,2025-02-15,8,0,0,0,0,0,0,0,0,0,0.0,0.009126,0,1.0,0,398,0,1,0.7495,0.0,GREEN,46,Bengaluru
CLM0041104,BEN_06271,BTM Layout,2025-11-27,16,0,0,0,0,0,0,0,0,0,0.0,0.079801,0,0.0,0,196,3,3,0.5856,0.0,GREEN,56,Bengaluru
CLM0041105,BEN_06178,HSR Layout,2023-09-28,7,0,0,0,0,0,0,0,0,0,0.0,0.0,0,0.0,0,116,1,3,0.0846,0.0087,GREEN,45,Bengaluru
CLM0041106,BEN_03425,Yelahanka,2023-08-10,19,0,0,0,0,0,0,0,0,0,0.0,0.268754,0,0.0,0,369,2,2,0.8137,0.0896,GREEN,31,Bengaluru
CLM0041107,BEN_03178,Whitefield,2023-07-31,9,0,0,0,0,0,0,0,0,0,0.0,0.054881,1,0.0,0,363,1,3,0.9447,0.0395,GREEN,54,Bengaluru
CLM0041108,BEN_08271,Jayanagar,2025-11-24,18,0,0,0,0,0,0,0,0,0,0.0,0.058455,0,0.0,1,60,3,1,0.5052,0.1045,GREEN,46,Bengaluru
CLM0041109,BEN_01973,Whitefield,2024-10-20,19,0,1,1,1,0,0,1,0,0,0.0,1.0,0,0.0,0,58,2,4,0.6352,0.179,GREEN,51,Bengaluru
CLM0041110,BEN_05787,Indiranagar,2025-05-09,15,0,0,0,0,1,0,0,0,0,0.0,0.361734,0,0.0,0,292,4,5,0.2298,0.2135,GREEN,33,Bengaluru
CLM0041111,BEN_02751,Indiranagar,2024-11-30,9,0,0,0,0,0,0,0,0,0,0.0,0.242049,0,0.0,0,336,4,1,0.6784,0.0421,GREEN,42,Bengaluru
CLM0041112,BEN_03195,HSR Layout,2025-02-25,12,0,0,0,0,0,0,0,1,0,0.0,0.327245,1,0.0,0,283,2,1,0.7532,0.1923,GREEN,42,Bengaluru
CLM0041113,BEN_01952,Marathahalli,2024-11-01,11,0,0,0,0,0,0,0,0,0,1.0,0.332363,0,0.0,0,27,4,0,0.877,0.095,GREEN,62,Bengaluru
CLM0041114,BEN_02021,Jayanagar,2024-11-27,19,0,0,0,0,0,0,0,0,0,0.0,0.075256,0,0.0,0,111,1,0,0.633,0.0,GREEN,58,Bengaluru
CLM0041115,BEN_01876,Koramangala,2025-10-16,13,0,0,0,0,1,0,0,0,1,0.0,0.33408,1,1.0,0,36,4,4,0.98,0.2196,GREEN,45,Bengaluru
CLM0041116,BEN_01345,Whitefield,2025-02-13,13,0,0,0,0,0,0,0,0,0,0.0,0.119134,0,0.0,0,56,3,1,0.7606,0.0,GREEN,35,Bengaluru
CLM0041117,BEN_02487,Jayanagar,2023-12-17,18,0,0,0,0,0,0,0,0,0,1.0,0.080732,0,0.0,1,420,2,5,0.8089,0.1416,GREEN,37,Bengaluru
CLM0041118,BEN_06687,BTM Layout,2021-01-11,7,0,0,0,0,0,0,0,0,0,0.0,0.153819,0,0.0,0,163,1,4,0.1656,0.027,GREEN,56,Bengaluru
CLM0041119,BEN_05826,Indiranagar,2021-09-22,8,0,0,0,0,0,0,0,0,0,0.0,0.021541,1,0.0,0,420,2,3,0.6708,0.0628,GREEN,33,Bengaluru
CLM0041120,BEN_01774,Rajajinagar,2024-10-28,12,0,0,0,1,0,0,0,0,0,0.0,0.091227,0,0.0,0,84,0,2,0.4499,0.2449,GREEN,65,Bengaluru
CLM0041121,BEN_01910,BTM Layout,2024-11-09,13,0,0,0,0,0,0,0,0,0,0.0,0.199907,0,0.0,0,287,0,2,0.1473,0.0363,GREEN,45,Bengaluru
CLM0041122,BEN_00234,Yelahanka,2021-11-23,17,0,0,0,0,0,0,0,0,0,0.0,0.211471,0,0.0,0,407,4,0,0.9696,0.0063,GREEN,39,Bengaluru
CLM0041123,BEN_03555,Electronic City,2024-06-11,14,0,0,0,0,0,0,0,0,0,0.0,0.035293,0,0.0,0,79,1,1,0.7333,0.0,GREEN,55,Bengaluru
CLM0041124,BEN_00281,Whitefield,2023-12-31,16,0,0,0,0,0,0,0,1,0,0.0,0.187837,0,0.0,0,234,4,0,0.9142,0.0445,GREEN,38,Bengaluru
CLM0041125,BEN_08036,Jayanagar,2021-12-02,8,0,1,1,0,0,0,0,0,0,0.0,0.325702,0,1.0,0,160,4,2,0.919,0.0,GREEN,66,Bengaluru
CLM0041126,BEN_03155,Rajajinagar,2020-12-25,16,0,0,0,0,0,1,0,0,0,0.0,0.309767,0,1.0,0,368,2,1,0.6706,0.0391,GREEN,32,Bengaluru
CLM0041127,BEN_03624,Koramangala,2025-08-11,7,0,0,0,0,0,0,0,0,0,0.0,0.1019,0,0.0,0,220,0,5,0.2745,0.0184,GREEN,52,Bengaluru
CLM0041128,BEN_01349,Koramangala,2018-04-12,12,0,0,0,0,0,0,0,0,0,0.0,0.266803,0,0.0,0,394,4,0,0.8766,0.0606,GREEN,44,Bengaluru
CLM0041129,BEN_03101,Jayanagar,2024-07-06,21,0,0,0,0,0,1,0,0,0,0.0,0.252635,0,0.0,1,234,3,3,0.1183,0.1925,GREEN,60,Bengaluru
CLM0041130,BEN_00084,Jayanagar,2025-05-10,11,0,0,0,0,0,0,1,0,0,1.0,0.28149,1,0.0,1,338,4,0,0.8627,0.1915,GREEN,52,Bengaluru
CLM0041131,BEN_08147,Marathahalli,2019-10-31,9,0,0,0,1,0,1,1,0,0,0.0,0.036211,0,0.0,0,9,2,12,0.9299,0.0026,GREEN,43,Bengaluru
CLM0041132,BEN_00960,Yelahanka,2021-02-24,9,0,0,0,0,0,0,0,0,0,0.0,0.182469,0,0.0,0,394,3,1,0.2869,0.0,GREEN,43,Bengaluru
CLM0041133,BEN_03210,Rajajinagar,2018-03-13,9,0,0,0,1,1,0,1,1,0,0.0,1.0,0,1.0,1,5,3,18,0.9389,0.0287,GREEN,48,Bengaluru
CLM0041134,BEN_08444,Whitefield,2023-06-23,11,0,0,0,0,0,0,0,0,0,0.0,0.99549,1,0.0,0,399,1,0,0.5784,0.0045,GREEN,44,Bengaluru
CLM0041135,BEN_06436,Indiranagar,2023-11-11,9,0,0,0,0,0,1,0,0,0,0.0,0.235131,0,0.0,0,420,3,3,0.7077,0.1132,GREEN,44,Bengaluru
CLM0041136,BEN_06119,BTM Layout,2022-12-23,14,0,0,0,0,0,0,0,1,0,0.0,0.038196,0,0.0,0,221,4,1,0.4984,0.0696,GREEN,38,Bengaluru
CLM0041137,BEN_05446,Yelahanka,2023-06-29,13,0,0,0,0,0,0,0,0,0,0.0,0.031706,1,0.0,0,310,1,4,0.7644,0.0273,GREEN,46,Bengaluru
CLM0041138,BEN_08887,Yelahanka,2024-08-15,21,0,0,0,0,0,0,0,0,0,0.0,0.352992,0,1.0,0,393,1,2,0.98,0.0,GREEN,41,Bengaluru
CLM0041139,BEN_02554,BTM Layout,2024-09-21,18,0,0,0,1,1,0,1,1,0,0.0,0.112733,1,0.0,0,15,1,18,0.8401,0.0656,GREEN,39,Bengaluru
CLM0041140,BEN_08246,Koramangala,2025-11-13,11,0,0,0,0,0,1,0,0,0,0.0,0.228609,0,0.0,0,420,2,1,0.8403,0.0873,GREEN,35,Bengaluru
CLM0041141,BEN_01179,Whitefield,2024-02-28,18,0,0,0,0,0,0,0,0,0,1.0,0.453765,0,0.0,0,290,3,4,0.7396,0.0,GREEN,26,Bengaluru
CLM0041142,BEN_06325,Electronic City,2025-12-03,11,0,0,0,0,0,0,0,0,0,1.0,0.125243,0,0.0,0,69,2,2,0.5953,0.0608,GREEN,58,Bengaluru
CLM0041143,BEN_01507,Indiranagar,2025-04-30,18,0,0,0,0,0,0,0,0,0,0.0,0.162256,0,0.0,0,273,2,4,0.4375,0.0525,GREEN,45,Bengaluru
CLM0041144,BEN_10000,Koramangala,2025-07-12,20,0,0,0,0,0,0,0,0,0,0.0,0.354145,0,0.0,0,420,2,0,0.0926,0.0,GREEN,39,Bengaluru
CLM0041145,BEN_07854,Electronic City,2025-06-11,20,0,0,0,0,0,0,0,0,0,0.0,0.154164,0,0.0,0,409,3,4,0.7226,0.0,GREEN,46,Bengaluru
CLM0041146,BEN_01977,Rajajinagar,2025-10-22,11,0,0,0,0,0,0,0,1,0,0.0,0.193903,0,1.0,0,255,4,0,0.5454,0.0855,GREEN,33,Bengaluru
CLM0041147,BEN_05910,HSR Layout,2025-11-09,19,0,1,1,0,0,0,0,0,0,0.0,0.30492,0,0.0,0,380,4,4,0.3341,0.0,GREEN,44,Bengaluru
CLM0041148,BEN_08073,Rajajinagar,2024-10-26,14,0,0,0,0,0,1,0,0,0,0.0,0.016093,1,0.0,0,182,0,7,0.98,0.14,GREEN,47,Bengaluru
CLM0041149,BEN_07861,HSR Layout,2024-12-19,10,0,0,0,0,0,0,0,0,0,0.0,0.109575,0,0.0,0,157,1,3,0.6659,0.0596,GREEN,24,Bengaluru
CLM0041150,BEN_00772,Koramangala,2025-01-22,19,0,1,1,0,0,0,0,1,0,0.0,0.19934,0,0.0,0,339,4,7,0.5671,0.0271,GREEN,43,Bengaluru
CLM0041151,BEN_06261,Yelahanka,2025-03-20,8,0,0,0,0,0,0,0,0,0,1.0,0.912453,0,1.0,0,398,1,4,0.5601,0.0102,GREEN,18,Bengaluru
CLM0041152,BEN_03734,Indiranagar,2024-12-23,8,0,1,1,0,0,0,0,0,0,0.0,0.225998,0,0.0,0,401,4,0,0.5174,0.0,GREEN,39,Bengaluru
CLM0041153,BEN_09560,Jayanagar,2023-05-31,12,0,0,0,0,0,1,0,0,0,0.0,0.123882,0,1.0,0,143,2,3,0.1769,0.1242,GREEN,34,Bengaluru
CLM0041154,BEN_09797,Yelahanka,2025-02-24,21,0,0,0,0,0,0,0,0,0,0.0,0.257283,0,0.0,0,420,4,0,0.8973,0.0,GREEN,42,Bengaluru
CLM0041155,BEN_06919,Rajajinagar,2022-09-14,8,0,0,0,0,0,0,0,0,0,0.0,0.12311,0,0.0,0,339,1,0,0.5632,0.0067,GREEN,33,Bengaluru
CLM0041156,BEN_04443,HSR Layout,2025-08-07,14,0,0,0,0,0,0,1,0,0,1.0,0.339449,0,1.0,0,9,3,0,0.748,0.042,GREEN,61,Bengaluru
CLM0041157,BEN_04734,Marathahalli,2021-12-04,19,0,0,0,1,1,1,1,1,0,1.0,1.0,1,1.0,1,25,3,18,0.4094,0.0,GREEN,43,Bengaluru
CLM0041158,BEN_08646,Whitefield,2024-08-25,7,0,0,0,0,0,0,0,0,0,0.0,0.12916,0,0.0,0,25,1,0,0.8259,0.0275,GREEN,40,Bengaluru
CLM0041159,BEN_00128,Rajajinagar,2024-04-29,14,0,0,0,1,0,0,0,0,0,0.0,0.310685,0,0.0,0,393,4,0,0.5926,0.1932,GREEN,48,Bengaluru
CLM0041160,BEN_03796,Yelahanka,2021-08-07,12,0,0,0,0,0,0,0,0,0,0.0,0.313211,0,0.0,0,377,2,1,0.9401,0.1375,GREEN,47,Bengaluru
CLM0041161,BEN_08831,Yelahanka,2023-09-10,18,0,0,0,0,0,1,0,0,0,0.0,0.405863,0,0.0,0,246,0,2,0.6256,0.0039,GREEN,52,Bengaluru
CLM0041162,BEN_09879,BTM Layout,2024-12-05,18,0,0,0,0,0,0,0,0,0,1.0,0.264646,0,0.0,0,358,4,4,0.6261,0.057,GREEN,39,Bengaluru
CLM0041163,BEN_08553,BTM Layout,2024-03-06,19,0,0,0,1,0,1,0,0,0,0.0,0.0,0,0.0,0,307,3,1,0.6424,0.2672,GREEN,52,Bengaluru
CLM0041164,BEN_06981,Marathahalli,2025-10-24,18,0,0,0,0,0,1,0,0,0,0.0,0.9738,0,0.0,0,121,0,4,0.695,0.1354,GREEN,46,Bengaluru
CLM0041165,BEN_06271,BTM Layout,2024-06-21,21,0,0,0,0,0,0,1,1,0,1.0,1.0,1,0.0,1,5,3,18,0.4907,0.0102,GREEN,56,Bengaluru
CLM0041166,BEN_06299,Electronic City,2025-05-26,7,0,0,0,0,0,0,0,0,0,0.0,0.270136,0,0.0,0,163,2,4,0.8368,0.0163,GREEN,48,Bengaluru
CLM0041167,BEN_00883,Koramangala,2025-12-16,8,0,0,0,1,0,0,1,0,0,0.0,0.135792,0,0.0,0,275,2,1,0.7718,0.2282,GREEN,31,Bengaluru
CLM0041168,BEN_07594,BTM Layout,2024-11-04,12,1,0,0,0,0,0,0,0,0,0.0,0.0,1,0.0,0,420,0,4,0.6452,0.0782,GREEN,37,Bengaluru
CLM0041169,BEN_05612,HSR Layout,2025-06-04,14,0,0,0,0,0,0,0,0,0,0.0,0.13589,0,0.0,0,100,4,0,0.6278,0.0,GREEN,50,Bengaluru
CLM0041170,BEN_08674,Koramangala,2025-12-08,7,0,0,0,0,0,0,0,0,0,0.0,0.072862,0,0.0,0,419,2,1,0.6302,0.0,GREEN,44,Bengaluru
CLM0041171,BEN_06066,Jayanagar,2025-07-16,8,0,0,0,1,0,0,0,0,0,0.0,0.104995,0,0.0,0,257,1,2,0.98,0.1568,GREEN,55,Bengaluru
CLM0041172,BEN_02956,Koramangala,2024-08-27,11,0,0,0,0,0,0,0,0,0,0.0,0.150381,0,0.0,1,307,0,1,0.7038,0.097,GREEN,45,Bengaluru
CLM0041173,BEN_08224,BTM Layout,2018-03-03,7,0,0,0,0,0,0,0,0,0,0.0,0.029494,0,0.0,0,257,0,6,0.9323,0.008,GREEN,39,Bengaluru
CLM0041174,BEN_05186,Whitefield,2015-11-26,14,0,0,0,0,0,0,0,0,0,0.0,0.074824,0,0.0,0,87,0,6,0.9186,0.0206,GREEN,59,Bengaluru
CLM0041175,BEN_06846,Jayanagar,2016-08-13,11,0,0,0,0,0,0,0,0,0,0.0,0.434897,0,0.0,0,331,4,4,0.3952,0.0402,GREEN,38,Bengaluru
CLM0041176,BEN_09287,Jayanagar,2024-01-01,14,0,1,1,0,0,0,0,0,0,0.0,0.256007,0,0.0,0,386,1,6,0.98,0.0497,GREEN,36,Bengaluru
CLM0041177,BEN_03984,Koramangala,2016-06-10,14,0,0,0,1,0,0,0,0,0,1.0,0.978554,0,0.0,0,333,4,3,0.98,0.2455,GREEN,35,Bengaluru
CLM0041178,BEN_09907,Koramangala,2025-02-17,17,0,0,0,1,0,0,0,0,0,0.0,0.337804,0,0.0,0,420,0,0,0.4336,0.1106,GREEN,32,Bengaluru
CLM0041179,BEN_02562,Rajajinagar,2018-08-01,8,0,0,0,1,0,0,0,0,0,0.0,0.165675,0,1.0,0,154,3,0,0.7633,0.1591,GREEN,43,Bengaluru
CLM0041180,BEN_09604,BTM Layout,2019-06-21,21,0,0,0,0,0,0,0,0,0,0.0,0.0,1,0.0,0,323,3,1,0.0932,0.0762,GREEN,42,Bengaluru
CLM0041181,BEN_05453,Jayanagar,2019-02-10,18,0,0,0,0,0,0,0,0,0,0.0,0.264733,0,0.0,0,124,4,1,0.5753,0.0105,GREEN,31,Bengaluru
CLM0041182,BEN_09984,Whitefield,2023-05-25,16,0,0,0,0,0,0,0,0,0,0.0,0.040519,1,0.0,0,205,4,0,0.7662,0.036,GREEN,44,Bengaluru
CLM0041183,BEN_05471,Electronic City,2022-01-29,21,0,0,0,1,0,1,1,1,1,0.0,0.134333,1,0.0,1,8,4,18,0.98,0.0758,GREEN,40,Bengaluru
CLM0041184,BEN_06069,Jayanagar,2019-06-17,13,0,0,0,0,0,0,0,0,0,0.0,0.118727,0,0.0,0,81,2,4,0.5703,0.0,GREEN,57,Bengaluru
CLM0041185,BEN_05652,Koramangala,2020-07-15,14,0,0,0,0,0,0,0,0,0,0.0,0.21108,0,0.0,0,64,1,1,0.98,0.0,GREEN,48,Bengaluru
CLM0041186,BEN_03927,Whitefield,2025-10-22,12,0,0,0,0,0,0,0,0,1,0.0,1.0,0,0.0,0,124,0,3,0.8991,0.1777,GREEN,41,Bengaluru
CLM0041187,BEN_08057,Yelahanka,2020-07-18,15,0,1,1,0,0,0,0,0,0,0.0,1.0,0,0.0,0,278,2,1,0.7396,0.0038,GREEN,49,Bengaluru
CLM0041188,BEN_01067,Whitefield,2025-07-10,17,0,0,0,0,0,0,0,0,0,0.0,0.208225,0,0.0,0,54,4,5,0.7635,0.0,GREEN,40,Bengaluru
CLM0041189,BEN_01412,Rajajinagar,2023-03-25,15,0,0,0,0,0,0,0,0,0,0.0,0.105995,0,0.0,0,187,2,0,0.8473,0.0058,GREEN,59,Bengaluru
CLM0041190,BEN_04961,Electronic City,2021-05-13,18,0,0,0,0,0,0,0,0,0,0.0,0.19327,0,0.0,0,185,1,0,0.6526,0.0,GREEN,30,Bengaluru
CLM0041191,BEN_06097,Whitefield,2022-01-03,20,0,0,0,0,0,0,0,0,0,0.0,0.920236,0,1.0,0,359,4,5,0.4093,0.1028,GREEN,47,Bengaluru
CLM0041192,BEN_07356,Koramangala,2025-03-22,14,0,0,0,0,0,0,0,1,0,0.0,0.146312,0,0.0,1,167,1,0,0.5734,0.2585,GREEN,41,Bengaluru
CLM0041193,BEN_00254,HSR Layout,2023-09-30,17,0,1,1,0,0,1,0,0,0,1.0,0.209087,0,0.0,0,282,1,0,0.9664,0.0865,GREEN,46,Bengaluru
CLM0041194,BEN_09546,Electronic City,2025-10-13,19,0,0,0,0,0,0,0,0,0,0.0,0.254929,0,0.0,0,329,1,1,0.4395,0.0,GREEN,54,Bengaluru
CLM0041195,BEN_08272,Marathahalli,2022-12-07,18,0,0,0,0,0,0,0,0,0,1.0,0.235529,0,0.0,0,260,2,0,0.6584,0.1089,GREEN,48,Bengaluru
CLM0041196,BEN_09817,Jayanagar,2024-03-06,14,0,0,0,0,0,0,0,1,0,0.0,0.430899,0,0.0,0,352,2,0,0.98,0.1124,GREEN,35,Bengaluru
CLM0041197,BEN_05507,Electronic City,2023-09-09,9,0,0,0,0,0,0,0,0,0,0.0,0.096067,0,0.0,0,193,2,0,0.7433,0.0457,GREEN,23,Bengaluru
CLM0041198,BEN_05256,Whitefield,2024-02-14,13,0,0,0,1,1,1,1,1,1,1.0,0.088414,0,1.0,0,15,2,18,0.05,0.0005,GREEN,40,Bengaluru
CLM0041199,BEN_07061,Rajajinagar,2023-06-04,13,0,0,0,0,0,0,0,0,0,0.0,0.146229,0,0.0,0,337,3,7,0.6426,0.0,GREEN,18,Bengaluru
CLM0041200,BEN_03220,HSR Layout,2018-07-16,19,0,0,0,0,0,0,0,0,0,0.0,0.203401,0,0.0,0,420,4,5,0.8571,0.0,GREEN,56,Bengaluru
CLM0041201,BEN_09326,Electronic City,2025-07-11,8,0,0,0,0,0,1,0,0,0,0.0,0.298881,0,0.0,0,35,2,2,0.5846,0.2314,GREEN,33,Bengaluru
CLM0041202,BEN_01473,Whitefield,2018-10-25,15,0,0,0,0,0,0,0,0,0,1.0,0.334192,0,0.0,0,222,3,2,0.05,0.1026,GREEN,32,Bengaluru
CLM0041203,BEN_02765,Indiranagar,2024-06-27,8,0,0,0,0,0,0,0,0,0,0.0,0.196975,0,0.0,0,420,2,0,0.8329,0.0,GREEN,52,Bengaluru
CLM0041204,BEN_00489,Indiranagar,2022-12-15,11,0,0,0,0,0,0,0,0,0,0.0,0.127235,0,0.0,0,42,3,1,0.7182,0.0,GREEN,45,Bengaluru
CLM0041205,BEN_03294,Marathahalli,2023-01-15,12,0,0,0,0,0,0,0,0,1,0.0,0.992337,0,1.0,0,92,1,2,0.7244,0.1776,GREEN,27,Bengaluru
CLM0041206,BEN_07205,HSR Layout,2025-01-14,20,0,0,0,0,0,0,0,0,0,0.0,0.166102,0,0.0,0,89,0,3,0.5386,0.0,GREEN,35,Bengaluru
CLM0041207,BEN_07016,Indiranagar,2025-08-03,18,0,0,0,0,0,0,0,0,0,0.0,0.222529,0,0.0,0,116,4,7,0.9205,0.0136,GREEN,25,Bengaluru
CLM0041208,BEN_08479,HSR Layout,2025-04-16,10,0,0,0,0,0,0,0,0,0,0.0,0.054071,0,0.0,0,37,2,1,0.1491,0.0834,GREEN,46,Bengaluru
CLM0041209,BEN_05572,BTM Layout,2025-08-22,10,0,0,0,0,0,0,0,0,0,0.0,0.09675,0,0.0,0,161,4,3,0.8406,0.0,GREEN,41,Bengaluru
CLM0041210,BEN_07697,Electronic City,2025-03-21,13,0,0,0,0,0,0,0,0,0,0.0,0.987229,0,0.0,0,412,2,0,0.98,0.0904,GREEN,49,Bengaluru
CLM0041211,BEN_04427,Indiranagar,2025-02-21,16,0,0,0,0,0,0,0,0,0,0.0,0.32506,0,0.0,0,420,4,3,0.05,0.0,GREEN,40,Bengaluru
CLM0041212,BEN_06150,Yelahanka,2025-01-29,17,0,0,0,1,0,0,0,0,0,0.0,0.937323,0,0.0,1,251,3,4,0.5518,0.2878,GREEN,27,Bengaluru
CLM0041213,BEN_09396,BTM Layout,2025-01-07,14,0,0,0,0,0,0,0,0,0,1.0,0.979694,0,1.0,0,134,0,4,0.7284,0.021,GREEN,43,Bengaluru
CLM0041214,BEN_05572,BTM Layout,2025-03-21,15,0,0,0,0,0,0,0,1,0,1.0,0.991931,0,1.0,0,42,1,1,0.7478,0.1799,GREEN,41,Bengaluru
CLM0041215,BEN_08976,Rajajinagar,2025-12-10,8,0,0,0,0,0,0,0,0,0,0.0,0.143412,0,0.0,0,83,4,6,0.1386,0.092,GREEN,28,Bengaluru
CLM0041216,BEN_08486,Jayanagar,2025-08-05,18,0,0,0,0,1,0,0,0,0,0.0,0.091437,0,0.0,0,420,4,0,0.8453,0.1455,GREEN,52,Bengaluru
CLM0041217,BEN_07492,Rajajinagar,2023-10-13,11,0,0,0,0,0,0,0,0,0,0.0,0.350101,0,0.0,0,103,3,2,0.8066,0.0,GREEN,46,Bengaluru
CLM0041218,BEN_01970,BTM Layout,2022-12-12,18,0,0,0,0,0,0,0,0,0,0.0,0.119989,0,0.0,0,96,0,3,0.6485,0.0,GREEN,42,Bengaluru
CLM0041219,BEN_05371,Jayanagar,2025-11-08,15,0,0,0,0,0,0,0,0,0,1.0,0.106873,0,0.0,0,415,2,2,0.9135,0.0743,GREEN,38,Bengaluru
CLM0041220,BEN_07814,BTM Layout,2021-12-01,17,0,0,0,0,0,1,1,0,0,0.0,0.061332,0,0.0,0,115,1,1,0.517,0.1047,GREEN,61,Bengaluru
CLM0041221,BEN_04238,Koramangala,2022-12-04,9,0,1,1,0,0,0,0,0,0,0.0,0.135854,0,0.0,0,279,1,5,0.748,0.0,GREEN,36,Bengaluru
CLM0041222,BEN_08665,Indiranagar,2021-08-12,21,0,0,0,0,0,0,0,1,0,0.0,0.271272,0,0.0,0,293,1,3,0.8468,0.1927,GREEN,36,Bengaluru
CLM0041223,BEN_05090,Rajajinagar,2024-03-30,19,0,0,0,0,0,0,0,0,0,0.0,0.102169,0,0.0,1,301,2,1,0.677,0.0712,GREEN,66,Bengaluru
CLM0041224,BEN_00432,Rajajinagar,2025-10-11,12,0,0,0,0,0,1,0,0,0,0.0,0.355377,0,0.0,0,409,0,0,0.7899,0.1122,GREEN,57,Bengaluru
CLM0041225,BEN_00741,Yelahanka,2024-05-21,13,0,0,0,0,0,0,0,0,0,0.0,0.17087,0,0.0,0,75,1,0,0.98,0.009,GREEN,48,Bengaluru
CLM0041226,BEN_07860,Indiranagar,2024-12-16,12,0,0,0,0,0,0,1,0,0,0.0,0.036843,0,0.0,0,294,4,0,0.4303,0.1014,GREEN,34,Bengaluru
CLM0041227,BEN_03351,Marathahalli,2024-07-06,10,0,0,0,0,0,0,0,0,0,0.0,0.020846,0,0.0,0,143,1,2,0.6128,0.0,GREEN,50,Bengaluru
CLM0041228,BEN_07381,Yelahanka,2025-12-19,11,0,0,0,0,0,0,0,0,1,0.0,0.113205,0,0.0,0,317,3,2,0.4841,0.1046,GREEN,35,Bengaluru
CLM0041229,BEN_02389,HSR Layout,2019-01-19,10,0,0,0,0,0,0,1,0,0,0.0,0.077672,0,0.0,0,239,0,3,0.2618,0.0004,GREEN,44,Bengaluru
CLM0041230,BEN_08645,Whitefield,2024-11-28,13,0,0,0,0,0,0,0,0,0,0.0,0.173754,0,0.0,0,328,0,3,0.6355,0.0175,GREEN,32,Bengaluru
CLM0041231,BEN_01034,Electronic City,2019-03-29,13,0,0,0,0,0,0,0,0,0,1.0,0.317941,0,0.0,1,420,1,4,0.8185,0.1895,GREEN,53,Bengaluru
CLM0041232,BEN_01924,Marathahalli,2022-04-14,7,0,0,0,0,0,0,0,0,0,0.0,0.0,0,0.0,0,261,2,0,0.357,0.0106,GREEN,50,Bengaluru
CLM0041233,BEN_05079,Marathahalli,2021-09-29,10,0,0,0,0,0,0,0,1,0,0.0,0.170245,0,0.0,0,386,1,5,0.7793,0.1344,GREEN,43,Bengaluru
CLM0041234,BEN_01121,Jayanagar,2025-04-06,7,0,0,0,0,0,0,0,0,0,0.0,0.096633,0,0.0,0,275,4,0,0.5088,0.0031,GREEN,36,Bengaluru
CLM0041235,BEN_01262,BTM Layout,2025-06-28,17,0,0,0,0,0,0,0,0,0,0.0,0.2011,1,0.0,0,96,2,0,0.7489,0.0354,GREEN,42,Bengaluru
CLM0041236,BEN_07213,HSR Layout,2023-10-28,11,0,0,0,1,1,1,1,1,0,1.0,0.954172,1,1.0,1,5,1,18,0.2169,0.0737,GREEN,48,Bengaluru
CLM0041237,BEN_00749,Yelahanka,2024-02-02,12,0,0,0,0,0,0,0,0,0,0.0,0.274415,0,0.0,0,227,2,0,0.569,0.0,GREEN,18,Bengaluru
CLM0041238,BEN_08074,BTM Layout,2025-10-26,18,0,0,0,0,1,0,0,0,0,0.0,0.223174,0,0.0,0,420,4,4,0.8759,0.2006,GREEN,34,Bengaluru
CLM0041239,BEN_00820,HSR Layout,2020-04-19,19,0,0,0,0,1,0,1,1,1,0.0,0.12557,1,0.0,0,5,0,17,0.8687,0.0465,GREEN,26,Bengaluru
CLM0041240,BEN_04232,Jayanagar,2025-04-28,7,0,0,0,0,0,0,0,0,0,0.0,0.032004,0,0.0,0,417,0,4,0.5773,0.0,GREEN,46,Bengaluru
CLM0041241,BEN_02044,Rajajinagar,2019-10-13,12,0,0,0,0,0,0,0,0,0,0.0,0.271589,0,0.0,0,175,4,3,0.6179,0.0,GREEN,43,Bengaluru
CLM0041242,BEN_06208,Yelahanka,2023-07-31,14,0,0,0,0,0,0,0,0,0,0.0,0.195329,0,0.0,0,337,4,3,0.9139,0.0343,GREEN,60,Bengaluru
CLM0041243,BEN_00165,Jayanagar,2019-01-30,21,0,0,0,0,0,1,0,0,0,0.0,0.199402,1,0.0,0,341,4,5,0.5508,0.2266,GREEN,26,Bengaluru
CLM0041244,BEN_05106,Yelahanka,2023-06-14,13,0,0,0,0,0,0,0,0,0,0.0,0.259423,0,0.0,0,420,3,0,0.8152,0.0939,GREEN,39,Bengaluru
CLM0041245,BEN_05544,Yelahanka,2025-10-16,8,1,0,0,0,0,0,0,0,0,0.0,0.256952,0,0.0,0,369,2,4,0.1599,0.0539,GREEN,57,Bengaluru
CLM0041246,BEN_02171,Whitefield,2023-10-04,10,0,0,0,0,0,0,0,0,1,1.0,0.211409,0,0.0,0,306,3,4,0.761,0.1328,GREEN,31,Bengaluru
CLM0041247,BEN_09879,BTM Layout,2020-10-09,7,0,0,0,0,0,0,1,0,0,0.0,0.066566,1,0.0,0,274,1,0,0.9496,0.1482,GREEN,39,Bengaluru
CLM0041248,BEN_02987,Marathahalli,2024-11-10,9,0,0,0,0,0,0,0,1,0,0.0,0.252855,0,1.0,0,206,1,3,0.9617,0.1985,GREEN,49,Bengaluru
CLM0041249,BEN_00362,BTM Layout,2020-09-07,15,0,0,0,0,0,0,0,0,0,0.0,0.07804,0,1.0,0,361,1,5,0.6406,0.0,GREEN,31,Bengaluru
CLM0041250,BEN_05596,Koramangala,2025-03-23,9,0,0,0,0,0,0,0,0,0,0.0,0.041505,0,0.0,0,370,4,0,0.4601,0.0,GREEN,32,Bengaluru
CLM0041251,BEN_04357,HSR Layout,2023-08-19,16,0,0,0,0,0,0,0,0,0,0.0,0.197824,0,0.0,0,420,2,1,0.3376,0.0,GREEN,48,Bengaluru
CLM0041252,BEN_05611,Electronic City,2024-10-23,18,0,0,0,0,0,0,0,0,0,1.0,1.0,0,1.0,0,198,3,0,0.8608,0.0044,GREEN,18,Bengaluru
CLM0041253,BEN_01537,Whitefield,2024-05-19,19,0,0,0,0,0,0,0,0,0,0.0,0.328586,0,0.0,0,384,2,4,0.8221,0.083,GREEN,50,Bengaluru
CLM0041254,BEN_03671,Electronic City,2025-09-24,17,0,1,1,0,0,0,0,0,0,0.0,0.0,0,0.0,0,67,4,4,0.8043,0.0,GREEN,41,Bengaluru
CLM0041255,BEN_08166,Jayanagar,2025-06-15,21,0,0,0,0,0,0,1,0,0,0.0,0.338445,0,0.0,0,98,1,2,0.7696,0.0473,GREEN,44,Bengaluru
CLM0041256,BEN_08371,Rajajinagar,2024-02-24,14,0,0,0,0,0,0,0,0,0,0.0,0.461575,0,1.0,0,148,1,1,0.98,0.0743,GREEN,53,Bengaluru
CLM0041257,BEN_03471,Indiranagar,2025-05-28,20,0,0,0,0,0,0,0,0,0,0.0,0.445412,0,0.0,0,390,3,2,0.4961,0.0,GREEN,24,Bengaluru
CLM0041258,BEN_09196,HSR Layout,2023-12-13,20,0,1,1,0,0,0,0,0,0,0.0,0.09345,0,0.0,0,257,3,1,0.1753,0.0767,GREEN,46,Bengaluru
CLM0041259,BEN_00833,BTM Layout,2023-09-06,9,0,0,0,0,0,0,0,0,0,0.0,0.14264,0,0.0,0,326,2,3,0.6956,0.0,GREEN,63,Bengaluru
CLM0041260,BEN_03781,Electronic City,2024-10-10,14,0,0,0,0,0,0,0,0,0,0.0,0.332561,1,0.0,0,141,4,0,0.6309,0.0297,GREEN,45,Bengaluru
CLM0041261,BEN_00906,BTM Layout,2023-01-05,7,0,0,0,0,0,0,0,1,0,0.0,0.334994,0,0.0,0,146,4,1,0.8072,0.1504,GREEN,58,Bengaluru
CLM0041262,BEN_08732,Jayanagar,2021-01-18,12,0,0,0,1,0,0,0,0,0,0.0,0.18531,0,0.0,0,328,0,0,0.5317,0.1642,GREEN,33,Bengaluru
CLM0041263,BEN_07989,BTM Layout,2017-01-19,13,0,0,0,0,0,0,0,0,0,0.0,0.181878,1,0.0,0,170,3,5,0.8153,0.0893,GREEN,44,Bengaluru
CLM0041264,BEN_02410,Koramangala,2020-11-28,7,0,0,0,0,0,0,0,0,0,0.0,0.217474,0,0.0,0,412,2,1,0.7036,0.0,GREEN,46,Bengaluru
CLM0041265,BEN_04227,Jayanagar,2022-04-29,15,0,0,0,0,0,0,0,0,0,0.0,0.270629,0,1.0,0,420,1,1,0.6745,0.0467,GREEN,22,Bengaluru
CLM0041266,BEN_00581,HSR Layout,2021-10-02,19,0,0,0,0,0,0,0,0,0,0.0,0.323296,0,0.0,0,294,4,0,0.215,0.0,GREEN,35,Bengaluru
CLM0041267,BEN_02479,HSR Layout,2022-02-18,16,0,0,0,0,0,0,0,0,0,1.0,0.435059,0,0.0,0,114,2,3,0.6371,0.1036,GREEN,55,Bengaluru
CLM0041268,BEN_00450,Whitefield,2017-05-05,7,0,0,0,0,1,0,0,0,0,0.0,0.174088,0,0.0,0,260,2,4,0.6507,0.1545,GREEN,38,Bengaluru
CLM0041269,BEN_04336,Jayanagar,2024-11-12,16,0,0,0,0,0,0,0,0,0,0.0,0.101204,0,0.0,0,117,2,1,0.3491,0.0072,GREEN,39,Bengaluru
CLM0041270,BEN_01797,BTM Layout,2024-02-27,7,0,0,0,0,1,0,0,0,0,0.0,0.207595,0,0.0,0,85,3,0,0.8005,0.108,GREEN,44,Bengaluru
CLM0041271,BEN_01848,Koramangala,2022-05-10,21,0,0,0,0,0,0,0,0,0,0.0,0.300074,0,0.0,0,420,4,2,0.6281,0.0009,GREEN,37,Bengaluru
CLM0041272,BEN_04019,HSR Layout,2023-06-28,7,0,0,0,0,1,0,0,0,0,0.0,0.28763,0,0.0,0,114,1,3,0.7987,0.2531,GREEN,46,Bengaluru
CLM0041273,BEN_06670,BTM Layout,2023-10-21,18,0,0,0,0,0,0,0,0,0,0.0,0.112925,0,0.0,0,420,2,3,0.2896,0.0,GREEN,36,Bengaluru
CLM0041274,BEN_00208,Yelahanka,2020-01-20,10,0,0,0,1,0,1,0,0,0,0.0,0.271527,0,0.0,0,311,0,1,0.6123,0.2214,GREEN,40,Bengaluru
CLM0041275,BEN_06090,Rajajinagar,2021-03-18,11,0,0,0,0,0,0,0,0,0,0.0,0.11289,0,1.0,0,359,1,1,0.5363,0.0,GREEN,47,Bengaluru
CLM0041276,BEN_03523,Yelahanka,2021-04-11,21,0,0,0,0,0,0,0,0,0,0.0,0.358584,0,0.0,0,147,3,0,0.6341,0.044,GREEN,35,Bengaluru
CLM0041277,BEN_01835,Rajajinagar,2021-06-28,9,0,0,0,0,0,0,0,1,0,0.0,0.37895,0,0.0,0,117,3,4,0.5201,0.0557,GREEN,47,Bengaluru
CLM0041278,BEN_02702,BTM Layout,2020-12-08,12,0,0,0,0,0,0,0,0,0,0.0,0.108707,0,0.0,0,135,2,3,0.0655,0.0,GREEN,60,Bengaluru
CLM0041279,BEN_09970,Electronic City,2023-06-14,18,0,0,0,0,0,0,1,0,0,0.0,0.26451,0,0.0,0,139,0,1,0.8595,0.1755,GREEN,31,Bengaluru
CLM0041280,BEN_06048,Koramangala,2021-02-05,11,0,0,0,0,0,0,0,0,0,0.0,0.302009,0,0.0,0,97,4,0,0.284,0.0,GREEN,44,Bengaluru
CLM0041281,BEN_00187,Marathahalli,2021-07-12,20,1,0,0,0,0,0,0,0,0,0.0,0.176276,0,0.0,0,379,1,6,0.1482,0.0,GREEN,50,Bengaluru
CLM0041282,BEN_00782,Electronic City,2022-07-11,14,0,0,0,0,0,0,0,0,0,0.0,0.105899,0,0.0,0,315,3,0,0.7859,0.0477,GREEN,33,Bengaluru
CLM0041283,BEN_08020,Yelahanka,2025-06-22,9,0,0,0,0,0,0,0,0,0,0.0,0.293713,0,0.0,0,196,3,2,0.7556,0.0056,GREEN,37,Bengaluru
CLM0041284,BEN_01961,BTM Layout,2025-03-10,20,0,0,0,0,0,0,0,0,0,0.0,0.332671,0,0.0,0,394,0,6,0.6572,0.0,GREEN,38,Bengaluru
CLM0041285,BEN_02848,Jayanagar,2022-04-23,13,0,0,0,0,0,0,0,1,0,0.0,1.0,0,0.0,0,365,3,3,0.5753,0.1268,GREEN,58,Bengaluru
CLM0041286,BEN_09752,Yelahanka,2022-09-08,11,0,0,0,0,1,0,0,0,0,0.0,0.391899,1,0.0,0,63,3,0,0.98,0.2734,GREEN,33,Bengaluru
CLM0041287,BEN_06518,BTM Layout,2023-12-01,19,0,0,0,0,0,0,0,0,0,0.0,0.375991,1,0.0,0,300,3,1,0.4492,0.0245,GREEN,52,Bengaluru
CLM0041288,BEN_01192,Rajajinagar,2023-11-10,12,0,0,0,0,0,0,0,0,0,0.0,0.417182,0,0.0,0,133,1,1,0.6818,0.1584,GREEN,55,Bengaluru
CLM0041289,BEN_04209,Electronic City,2023-07-04,20,0,0,0,0,0,0,0,0,0,0.0,0.427991,0,0.0,0,199,3,4,0.85,0.068,GREEN,45,Bengaluru
CLM0041290,BEN_09474,Jayanagar,2024-02-20,12,0,0,0,0,1,0,0,0,0,0.0,0.179571,0,0.0,0,70,3,5,0.6954,0.0272,GREEN,27,Bengaluru
CLM0041291,BEN_01221,Yelahanka,2024-10-29,8,0,0,0,0,0,1,0,1,0,0.0,0.377065,0,0.0,0,307,0,4,0.8374,0.1901,GREEN,35,Bengaluru
CLM0041292,BEN_04892,Marathahalli,2024-05-06,21,0,0,0,0,0,0,0,0,1,0.0,0.978709,0,0.0,0,14,1,8,0.7476,0.1462,GREEN,49,Bengaluru
CLM0041293,BEN_04123,Jayanagar,2024-12-02,18,0,0,0,1,0,0,1,0,1,1.0,1.0,0,1.0,0,5,0,18,0.0995,0.0583,GREEN,46,Bengaluru
CLM0041294,BEN_07338,Koramangala,2024-06-16,7,0,0,0,0,0,1,0,0,0,0.0,0.065528,0,0.0,0,104,3,5,0.6079,0.134,GREEN,61,Bengaluru
CLM0041295,BEN_02734,Yelahanka,2024-06-19,19,0,0,0,0,0,0,0,0,0,0.0,0.042151,0,0.0,0,313,4,1,0.5876,0.1026,GREEN,46,Bengaluru
CLM0041296,BEN_09541,Indiranagar,2022-02-27,19,0,0,0,0,0,0,0,0,0,0.0,0.19119,0,0.0,0,5,3,0,0.7969,0.0,GREEN,36,Bengaluru
CLM0041297,BEN_01865,Whitefield,2025-05-06,11,0,0,0,0,0,0,0,0,0,0.0,1.0,0,0.0,0,19,4,2,0.8632,0.0,GREEN,57,Bengaluru
CLM0041298,BEN_00963,HSR Layout,2021-11-25,21,0,0,0,0,0,0,0,0,0,0.0,0.202681,0,0.0,0,266,3,1,0.2668,0.0,GREEN,54,Bengaluru
CLM0041299,BEN_09845,Rajajinagar,2024-07-02,20,0,0,0,0,0,0,0,0,0,0.0,0.143713,0,0.0,0,59,3,1,0.7426,0.0508,GREEN,28,Bengaluru
CLM0041300,BEN_00746,Whitefield,2025-07-21,19,0,0,0,0,0,1,0,0,0,0.0,0.228484,0,0.0,0,383,0,0,0.6382,0.0309,GREEN,44,Bengaluru
CLM0041301,BEN_01319,Marathahalli,2021-04-23,10,0,0,0,0,0,0,0,1,1,0.0,0.089954,0,0.0,0,305,0,3,0.2837,0.1765,GREEN,45,Bengaluru
CLM0041302,BEN_06757,Koramangala,2025-09-15,13,0,0,0,0,0,0,0,0,0,1.0,0.055313,0,0.0,0,420,0,1,0.05,0.1327,GREEN,44,Bengaluru
CLM0041303,BEN_08534,BTM Layout,2024-05-28,12,0,0,0,0,0,0,0,0,0,0.0,0.290467,0,1.0,0,420,2,2,0.9353,0.042,GREEN,37,Bengaluru
CLM0041304,BEN_06448,Jayanagar,2019-11-09,15,0,0,0,0,0,0,0,0,0,0.0,0.155061,0,0.0,0,391,0,3,0.98,0.0943,GREEN,37,Bengaluru
CLM0041305,BEN_03157,Electronic City,2019-08-03,21,0,0,0,0,0,0,0,0,0,1.0,0.199631,0,1.0,0,267,3,0,0.7354,0.0239,GREEN,55,Bengaluru
CLM0041306,BEN_05018,Yelahanka,2025-04-09,15,0,0,0,0,0,1,0,0,0,0.0,0.357362,0,0.0,0,381,2,5,0.784,0.1094,GREEN,35,Bengaluru
CLM0041307,BEN_06552,HSR Layout,2024-05-03,15,0,0,0,0,0,0,0,0,0,0.0,0.227337,0,0.0,0,255,2,0,0.5653,0.0617,GREEN,54,Bengaluru
CLM0041308,BEN_05700,Marathahalli,2024-10-12,19,0,0,0,0,0,0,0,0,0,0.0,0.235074,0,0.0,0,306,2,7,0.5618,0.0,GREEN,27,Bengaluru
CLM0041309,BEN_02190,BTM Layout,2024-05-22,20,0,0,0,0,0,0,0,0,0,0.0,0.372265,0,0.0,0,304,3,5,0.1549,0.0075,GREEN,47,Bengaluru
CLM0041310,BEN_09023,Electronic City,2022-07-25,9,0,0,0,1,0,0,0,1,0,1.0,0.355558,0,0.0,0,420,3,2,0.304,0.244,GREEN,55,Bengaluru
CLM0041311,BEN_05105,Whitefield,2021-11-02,14,0,0,0,0,0,0,0,0,0,0.0,0.182684,1,0.0,0,385,2,1,0.7572,0.0369,GREEN,18,Bengaluru
CLM0041312,BEN_00574,Electronic City,2022-09-30,12,0,0,0,0,0,1,1,1,1,0.0,1.0,1,0.0,1,25,2,18,0.2334,0.0,GREEN,41,Bengaluru
CLM0041313,BEN_04978,Jayanagar,2022-02-01,7,0,0,0,0,0,0,0,0,0,1.0,0.157054,0,0.0,0,340,0,0,0.5236,0.0943,GREEN,29,Bengaluru
CLM0041314,BEN_02714,Electronic City,2023-07-15,17,0,0,0,0,0,0,0,0,0,0.0,0.0,0,0.0,0,378,0,0,0.4809,0.0914,GREEN,59,Bengaluru
CLM0041315,BEN_09731,HSR Layout,2025-06-08,8,0,0,0,0,1,0,0,0,0,0.0,0.208344,0,0.0,0,420,0,0,0.6109,0.2342,GREEN,36,Bengaluru
CLM0041316,BEN_08562,Indiranagar,2023-01-16,21,0,0,0,0,0,0,0,0,0,0.0,0.24898,0,0.0,0,420,3,2,0.2431,0.0,GREEN,52,Bengaluru
CLM0041317,BEN_03393,Electronic City,2025-02-20,18,0,0,0,0,0,0,0,0,0,0.0,0.467048,0,0.0,0,321,1,4,0.502,0.0771,GREEN,45,Bengaluru
CLM0041318,BEN_03486,Jayanagar,2023-04-18,20,0,0,0,1,1,0,1,0,0,0.0,0.997098,1,1.0,1,5,1,18,0.884,0.0663,GREEN,36,Bengaluru
CLM0041319,BEN_00732,Marathahalli,2024-12-14,11,0,0,0,0,0,0,0,0,0,0.0,0.032339,0,1.0,0,367,3,4,0.891,0.063,GREEN,29,Bengaluru
CLM0041320,BEN_09757,HSR Layout,2023-12-30,7,0,0,0,0,0,0,0,0,0,0.0,0.181329,0,0.0,0,20,3,3,0.864,0.0,GREEN,50,Bengaluru
CLM0041321,BEN_06441,Yelahanka,2025-10-25,13,0,0,0,0,0,0,0,0,0,1.0,0.405022,0,0.0,0,268,2,2,0.1803,0.044,GREEN,50,Bengaluru
CLM0041322,BEN_07677,BTM Layout,2025-04-22,21,0,0,0,0,0,0,0,0,0,1.0,0.222266,0,0.0,0,79,1,1,0.7443,0.0916,GREEN,34,Bengaluru
CLM0041323,BEN_05089,Electronic City,2023-02-05,7,0,0,0,0,0,0,0,0,0,0.0,0.128836,0,0.0,0,141,4,3,0.6122,0.0571,GREEN,65,Bengaluru
CLM0041324,BEN_07125,HSR Layout,2025-11-10,20,0,0,0,0,0,0,0,0,0,0.0,0.332651,0,0.0,0,420,4,0,0.638,0.0161,GREEN,28,Bengaluru
CLM0041325,BEN_04757,Electronic City,2024-12-17,20,0,0,0,0,0,1,0,0,0,0.0,1.0,1,0.0,1,278,1,6,0.6929,0.1677,GREEN,52,Bengaluru
CLM0041326,BEN_03426,Rajajinagar,2025-12-30,12,0,0,0,0,0,0,0,0,0,0.0,0.282327,0,0.0,0,420,0,0,0.5697,0.0,GREEN,50,Bengaluru
CLM0041327,BEN_06317,Indiranagar,2025-10-09,9,0,0,0,0,0,0,0,0,0,1.0,0.24813,0,0.0,0,63,4,0,0.8404,0.09,GREEN,50,Bengaluru
CLM0041328,BEN_00951,BTM Layout,2025-02-16,8,0,0,0,0,0,1,0,0,0,0.0,1.0,0,0.0,0,91,4,1,0.5814,0.0703,GREEN,60,Bengaluru
CLM0041329,BEN_00601,BTM Layout,2025-12-26,7,0,0,0,0,0,0,0,0,0,0.0,0.299477,0,0.0,0,420,0,1,0.5153,0.0897,GREEN,40,Bengaluru
CLM0041330,BEN_03807,Yelahanka,2025-08-23,10,0,0,0,1,1,1,1,1,0,0.0,0.154416,0,1.0,0,10,0,18,0.2386,0.0228,GREEN,45,Bengaluru
CLM0041331,BEN_03379,Marathahalli,2024-07-24,17,0,0,0,0,0,1,0,0,0,1.0,0.248801,0,0.0,0,130,1,3,0.6981,0.1953,GREEN,47,Bengaluru
CLM0041332,BEN_00232,Rajajinagar,2024-07-25,18,0,0,0,0,0,0,0,0,0,0.0,0.059208,0,0.0,0,420,4,2,0.6891,0.0598,GREEN,36,Bengaluru
CLM0041333,BEN_07214,Rajajinagar,2025-02-03,7,0,0,0,0,0,0,0,0,0,0.0,0.34032,0,0.0,0,393,3,0,0.182,0.0315,GREEN,40,Bengaluru
CLM0041334,BEN_05612,HSR Layout,2024-10-25,11,0,0,0,0,0,0,1,0,0,0.0,0.130078,0,0.0,0,303,2,0,0.4872,0.1045,GREEN,50,Bengaluru
CLM0041335,BEN_02760,Yelahanka,2025-02-03,18,0,0,0,0,0,1,0,0,0,0.0,0.04773,0,1.0,0,325,2,0,0.7246,0.0563,GREEN,46,Bengaluru
CLM0041336,BEN_02547,Koramangala,2025-08-06,9,0,0,0,0,0,0,0,0,0,0.0,0.414546,0,0.0,0,27,1,2,0.6595,0.001,GREEN,54,Bengaluru
CLM0041337,BEN_07840,BTM Layout,2024-10-09,19,0,0,0,0,0,0,0,0,0,0.0,0.09781,0,0.0,0,134,0,0,0.98,0.0,GREEN,49,Bengaluru
CLM0041338,BEN_02290,Jayanagar,2024-06-06,21,0,0,0,0,0,1,0,0,0,0.0,0.071661,1,0.0,0,304,4,8,0.7063,0.1398,GREEN,45,Bengaluru
CLM0041339,BEN_05080,Rajajinagar,2024-03-26,16,0,0,0,0,0,0,0,0,0,0.0,0.304788,0,0.0,0,416,2,3,0.4247,0.0,GREEN,43,Bengaluru
CLM0041340,BEN_07786,Whitefield,2025-10-29,15,0,0,0,0,0,0,0,0,0,0.0,0.168603,0,0.0,1,377,1,1,0.05,0.0439,GREEN,55,Bengaluru
CLM0041341,BEN_05202,Rajajinagar,2023-12-31,8,0,0,0,0,0,0,0,0,0,0.0,0.192352,0,0.0,0,26,2,1,0.7996,0.0323,GREEN,27,Bengaluru
CLM0041342,BEN_04168,Marathahalli,2024-08-11,8,0,0,0,0,0,1,0,0,0,0.0,0.42811,0,0.0,0,191,1,4,0.7246,0.0529,GREEN,51,Bengaluru
CLM0041343,BEN_02908,Rajajinagar,2025-06-29,10,0,0,0,0,0,0,0,0,0,0.0,0.302028,0,0.0,0,306,0,5,0.05,0.1031,GREEN,28,Bengaluru
CLM0041344,BEN_05055,Rajajinagar,2025-01-16,20,0,1,1,0,0,0,0,0,0,0.0,0.063909,0,0.0,0,273,4,0,0.8232,0.0,GREEN,37,Bengaluru
CLM0041345,BEN_09627,Yelahanka,2025-05-10,19,0,0,0,0,0,0,1,0,0,0.0,0.289074,0,0.0,0,188,3,4,0.8697,0.0377,GREEN,36,Bengaluru
CLM0041346,BEN_09269,Marathahalli,2025-09-24,21,0,0,0,0,0,0,0,0,0,0.0,0.338133,0,0.0,0,73,3,5,0.6737,0.0,GREEN,44,Bengaluru
CLM0041347,BEN_00289,Jayanagar,2022-09-13,20,0,0,0,0,1,0,0,0,0,0.0,0.05282,0,0.0,0,183,1,0,0.6211,0.093,GREEN,37,Bengaluru
CLM0041348,BEN_02973,BTM Layout,2023-03-16,8,0,0,0,1,0,1,0,0,0,0.0,0.297515,0,0.0,0,180,0,3,0.98,0.3286,YELLOW,35,Bengaluru
CLM0041349,BEN_08707,Indiranagar,2024-01-29,14,0,0,0,0,0,0,0,0,1,0.0,0.049279,1,0.0,0,420,3,4,0.2416,0.2352,GREEN,40,Bengaluru
CLM0041350,BEN_01935,Koramangala,2022-12-29,7,0,0,0,0,0,1,0,0,0,0.0,0.025346,0,0.0,0,198,3,1,0.9028,0.1215,GREEN,51,Bengaluru
CLM0041351,BEN_08051,Indiranagar,2022-12-23,17,0,0,0,0,0,0,0,0,0,1.0,1.0,0,1.0,0,166,1,5,0.8983,0.0,GREEN,51,Bengaluru
CLM0041352,BEN_06322,HSR Layout,2025-09-10,20,0,0,0,0,1,0,0,0,0,0.0,0.325965,0,0.0,0,193,3,5,0.9044,0.1098,GREEN,32,Bengaluru
CLM0041353,BEN_07357,Whitefield,2022-06-25,18,0,0,0,0,0,0,0,0,0,0.0,1.0,0,0.0,0,39,0,2,0.0968,0.0617,GREEN,18,Bengaluru
CLM0041354,BEN_04250,BTM Layout,2024-10-19,9,0,0,0,0,0,0,0,0,0,1.0,0.0,0,0.0,0,420,0,2,0.2059,0.1478,GREEN,50,Bengaluru
CLM0041355,BEN_01243,Yelahanka,2025-11-08,20,0,0,0,1,1,0,0,0,1,1.0,0.539196,0,1.0,0,5,3,18,0.1606,0.126,GREEN,51,Bengaluru
CLM0041356,BEN_07172,Yelahanka,2023-06-20,17,0,0,0,0,0,1,0,0,0,0.0,0.205311,0,0.0,0,420,2,3,0.7789,0.2047,GREEN,30,Bengaluru
CLM0041357,BEN_03217,Yelahanka,2025-08-11,15,0,1,1,0,0,0,1,1,0,0.0,0.331527,0,0.0,0,238,1,3,0.5583,0.1698,GREEN,45,Bengaluru
CLM0041358,BEN_08867,BTM Layout,2025-04-09,14,0,0,0,0,0,0,0,0,0,0.0,0.325829,0,0.0,0,314,2,0,0.8819,0.0,GREEN,50,Bengaluru
CLM0041359,BEN_06981,Marathahalli,2025-12-23,21,0,0,0,0,0,0,0,0,0,0.0,0.13476,0,0.0,1,76,1,1,0.6268,0.0609,GREEN,46,Bengaluru
CLM0041360,BEN_06942,Yelahanka,2025-02-03,14,0,0,0,0,0,0,0,0,0,0.0,0.17587,0,0.0,0,266,1,6,0.5991,0.0473,GREEN,25,Bengaluru
CLM0041361,BEN_07599,Electronic City,2025-08-20,21,0,0,0,0,0,0,0,0,0,0.0,0.078594,0,0.0,0,88,4,0,0.8372,0.0149,GREEN,45,Bengaluru
CLM0041362,BEN_09164,Indiranagar,2025-07-12,13,0,0,0,0,0,0,0,0,0,0.0,0.054177,0,0.0,0,420,1,1,0.7905,0.0051,GREEN,31,Bengaluru
CLM0041363,BEN_05728,Yelahanka,2024-12-29,10,0,0,0,0,0,1,1,1,1,1.0,0.901046,0,0.0,1,30,2,18,0.1829,0.0097,GREEN,53,Bengaluru
CLM0041364,BEN_02655,BTM Layout,2025-08-29,13,0,0,0,0,0,0,0,0,0,0.0,0.252862,0,0.0,0,277,2,3,0.7017,0.0619,GREEN,49,Bengaluru
CLM0041365,BEN_09179,Indiranagar,2025-06-10,14,0,0,0,0,0,0,0,0,0,1.0,0.114661,0,0.0,0,116,4,4,0.7256,0.0809,GREEN,47,Bengaluru
CLM0041366,BEN_04917,Jayanagar,2025-03-07,19,0,0,0,0,0,1,0,0,0,0.0,0.378681,0,0.0,0,395,2,1,0.8688,0.1075,GREEN,44,Bengaluru
CLM0041367,BEN_08357,Yelahanka,2025-10-27,17,0,0,0,0,0,0,0,0,0,1.0,0.918214,0,0.0,0,418,0,1,0.5068,0.1123,GREEN,41,Bengaluru
CLM0041368,BEN_01125,Koramangala,2024-12-25,13,0,0,0,0,0,0,0,0,0,0.0,0.127197,0,0.0,0,410,1,0,0.5544,0.0149,GREEN,38,Bengaluru
CLM0041369,BEN_00258,Yelahanka,2025-06-25,7,0,0,0,0,0,0,0,0,0,0.0,0.013416,0,0.0,0,401,2,4,0.815,0.052,GREEN,51,Bengaluru
CLM0041370,BEN_07200,Indiranagar,2025-09-14,19,0,0,0,0,0,0,0,1,0,0.0,0.127314,0,0.0,0,262,0,2,0.98,0.0831,GREEN,52,Bengaluru
CLM0041371,BEN_04399,Electronic City,2025-01-08,16,0,0,0,0,0,0,0,0,1,0.0,0.313287,0,0.0,0,46,0,3,0.734,0.1212,GREEN,54,Bengaluru
CLM0041372,BEN_06975,Koramangala,2023-11-24,9,0,0,0,0,0,1,0,0,0,0.0,0.933893,0,0.0,0,291,2,3,0.98,0.0401,GREEN,43,Bengaluru
CLM0041373,BEN_03900,Rajajinagar,2024-05-06,13,0,0,0,0,1,0,0,0,1,0.0,0.15383,0,0.0,0,30,4,4,0.98,0.2638,GREEN,61,Bengaluru
CLM0041374,BEN_03665,Marathahalli,2024-01-22,9,0,0,0,0,0,0,0,0,0,0.0,0.203349,0,0.0,0,147,3,2,0.7132,0.0709,GREEN,52,Bengaluru
CLM0041375,BEN_09680,HSR Layout,2023-10-14,8,0,0,0,0,0,0,1,0,0,0.0,0.24499,0,0.0,0,103,2,0,0.8666,0.0012,GREEN,39,Bengaluru
CLM0041376,BEN_02730,Whitefield,2024-12-12,21,0,0,0,0,0,0,0,0,0,0.0,0.307249,0,0.0,0,160,1,1,0.5737,0.0,GREEN,33,Bengaluru
CLM0041377,BEN_00854,HSR Layout,2023-09-18,16,0,0,0,1,0,0,1,0,0,0.0,0.17481,0,0.0,0,420,3,3,0.6593,0.2104,GREEN,43,Bengaluru
CLM0041378,BEN_01990,BTM Layout,2022-07-08,17,0,0,0,0,0,0,0,0,0,0.0,0.349229,1,0.0,0,268,0,4,0.7832,0.0565,GREEN,66,Bengaluru
CLM0041379,BEN_01135,Indiranagar,2019-04-12,13,0,1,1,0,0,0,0,0,1,0.0,0.089544,0,0.0,0,143,1,4,0.6127,0.0729,GREEN,30,Bengaluru
CLM0041380,BEN_03342,HSR Layout,2018-01-27,8,0,0,0,0,1,1,0,0,0,0.0,0.158211,0,0.0,0,282,1,2,0.9342,0.2278,GREEN,42,Bengaluru
CLM0041381,BEN_04449,BTM Layout,2023-12-13,14,0,1,1,0,0,0,0,0,0,0.0,0.228544,0,0.0,0,40,4,3,0.98,0.0,GREEN,44,Bengaluru
CLM0041382,BEN_03905,Indiranagar,2023-06-10,21,0,0,0,0,0,0,0,1,0,0.0,0.038009,0,1.0,0,55,4,2,0.6479,0.1064,GREEN,44,Bengaluru
CLM0041383,BEN_03745,Indiranagar,2023-02-15,10,0,0,0,0,0,1,0,0,0,0.0,0.168041,0,0.0,0,140,0,0,0.5599,0.1546,GREEN,30,Bengaluru
CLM0041384,BEN_09480,Indiranagar,2023-12-31,15,0,0,0,0,0,1,0,0,0,0.0,0.203203,0,0.0,0,52,4,0,0.6388,0.0999,GREEN,36,Bengaluru
CLM0041385,BEN_07457,Indiranagar,2023-03-10,12,0,0,0,0,0,0,0,0,0,0.0,1.0,0,0.0,0,108,4,1,0.2238,0.0798,GREEN,46,Bengaluru
CLM0041386,BEN_04981,Indiranagar,2024-01-06,14,0,0,0,0,0,0,0,0,0,0.0,0.364861,0,0.0,0,420,0,0,0.8058,0.0135,GREEN,54,Bengaluru
CLM0041387,BEN_05874,Yelahanka,2025-11-09,7,0,0,0,1,0,0,0,0,0,0.0,0.076543,0,0.0,0,11,0,2,0.9143,0.1411,GREEN,46,Bengaluru
CLM0041388,BEN_08820,Whitefield,2023-12-31,9,0,0,0,0,0,0,0,0,0,0.0,0.419688,0,0.0,0,343,4,1,0.5018,0.1168,GREEN,38,Bengaluru
CLM0041389,BEN_06927,Jayanagar,2024-10-12,13,0,0,0,0,0,0,0,0,0,0.0,0.269615,0,0.0,0,75,4,4,0.98,0.0,GREEN,18,Bengaluru
CLM0041390,BEN_07680,Marathahalli,2023-08-04,20,0,0,0,0,0,0,0,0,0,0.0,0.172063,0,0.0,0,314,0,3,0.979,0.0,GREEN,32,Bengaluru
CLM0041391,BEN_01727,Indiranagar,2025-12-01,21,0,0,0,0,0,0,0,0,0,0.0,0.0,0,0.0,0,165,0,2,0.9288,0.0,GREEN,40,Bengaluru
CLM0041392,BEN_06546,Yelahanka,2023-09-25,8,0,0,0,0,0,0,0,0,0,0.0,0.30784,0,0.0,0,305,3,0,0.7997,0.0137,GREEN,38,Bengaluru
CLM0041393,BEN_06681,Indiranagar,2025-09-19,21,0,0,0,0,0,0,0,0,0,0.0,0.240759,0,0.0,1,358,1,0,0.4359,0.1053,GREEN,35,Bengaluru
CLM0041394,BEN_08271,Jayanagar,2022-09-13,15,0,0,0,0,0,1,0,0,0,0.0,0.341936,0,1.0,0,321,4,0,0.7829,0.2316,GREEN,46,Bengaluru
CLM0041395,BEN_05707,Rajajinagar,2021-08-20,16,0,0,0,0,0,0,0,0,1,0.0,0.164186,0,1.0,0,420,0,3,0.1561,0.1991,GREEN,21,Bengaluru
CLM0041396,BEN_05702,Koramangala,2024-12-08,17,0,0,0,1,0,0,0,0,0,0.0,0.049571,0,0.0,0,241,1,3,0.1936,0.1822,GREEN,47,Bengaluru
CLM0041397,BEN_02834,Electronic City,2023-01-15,16,0,0,0,0,0,1,0,1,0,0.0,0.281071,0,0.0,0,170,0,0,0.8348,0.1369,GREEN,43,Bengaluru
CLM0041398,BEN_01190,Koramangala,2018-10-09,13,0,0,0,0,0,0,0,0,0,0.0,0.295331,1,0.0,0,186,2,6,0.3849,0.0785,GREEN,50,Bengaluru
CLM0041399,BEN_09825,Jayanagar,2023-06-28,18,0,0,0,0,0,0,1,0,1,0.0,0.280191,0,0.0,0,76,0,3,0.061,0.1992,GREEN,35,Bengaluru
CLM0041400,BEN_04919,HSR Layout,2020-11-10,14,0,0,0,0,0,0,0,0,0,0.0,0.327343,0,0.0,0,75,0,5,0.0782,0.1257,GREEN,45,Bengaluru
CLM0041401,BEN_09419,Indiranagar,2025-01-24,14,0,0,0,0,0,1,0,0,0,0.0,0.248641,0,0.0,0,420,3,4,0.415,0.2831,GREEN,33,Bengaluru
CLM0041402,BEN_06538,Marathahalli,2017-06-21,7,0,0,0,0,0,0,0,0,0,0.0,0.233468,0,0.0,0,319,0,1,0.0763,0.0819,GREEN,59,Bengaluru
CLM0041403,BEN_00288,HSR Layout,2019-05-07,10,0,0,0,0,0,0,0,0,0,0.0,0.248703,0,0.0,0,88,3,0,0.4801,0.1337,GREEN,40,Bengaluru
CLM0041404,BEN_08012,BTM Layout,2024-07-05,9,0,0,0,0,0,0,0,0,0,0.0,0.0,0,0.0,0,59,2,1,0.7197,0.0522,GREEN,37,Bengaluru
CLM0041405,BEN_02052,Indiranagar,2025-09-10,14,0,0,0,0,0,0,0,0,0,0.0,0.130153,0,0.0,0,420,3,1,0.4552,0.0167,GREEN,57,Bengaluru
CLM0041406,BEN_00241,Yelahanka,2023-07-19,14,0,0,0,0,0,0,0,0,0,0.0,0.334896,0,0.0,0,417,2,1,0.8496,0.0818,GREEN,58,Bengaluru
CLM0041407,BEN_06302,Rajajinagar,2023-01-20,12,0,0,0,0,0,0,0,0,0,0.0,0.216323,0,0.0,0,20,0,5,0.6959,0.0072,GREEN,58,Bengaluru
CLM0041408,BEN_02112,Jayanagar,2023-02-25,12,0,0,0,0,0,0,0,0,0,0.0,0.235679,0,0.0,0,174,4,1,0.6714,0.0,GREEN,33,Bengaluru
CLM0041409,BEN_02936,Whitefield,2023-05-05,19,0,1,1,0,0,0,0,0,0,0.0,0.0,0,0.0,0,420,2,7,0.8378,0.0,GREEN,50,Bengaluru
CLM0041410,BEN_06626,Koramangala,2023-12-27,18,0,0,0,0,0,0,0,0,0,0.0,0.0,0,0.0,0,420,3,5,0.759,0.08,GREEN,45,Bengaluru
CLM0041411,BEN_02051,Jayanagar,2023-04-03,8,0,0,0,0,0,0,0,0,0,1.0,0.986071,0,1.0,0,120,2,3,0.527,0.0167,GREEN,47,Bengaluru
CLM0041412,BEN_07033,Koramangala,2022-08-02,7,0,0,0,0,0,0,0,1,0,0.0,0.320646,0,0.0,0,378,2,4,0.7094,0.0996,GREEN,52,Bengaluru
CLM0041413,BEN_08148,BTM Layout,2025-12-27,8,0,0,0,0,0,0,0,0,0,1.0,0.089337,0,0.0,0,194,1,1,0.6964,0.0306,GREEN,51,Bengaluru
CLM0041414,BEN_09618,BTM Layout,2022-10-27,8,0,0,0,1,1,0,0,0,0,0.0,0.0,0,0.0,0,104,0,4,0.8062,0.3546,YELLOW,39,Bengaluru
CLM0041415,BEN_01271,Indiranagar,2019-06-26,12,0,0,0,0,0,0,0,0,0,0.0,0.248533,0,0.0,0,174,2,2,0.7404,0.0,GREEN,36,Bengaluru
CLM0041416,BEN_03818,Jayanagar,2019-11-22,10,0,0,0,0,0,0,0,0,0,1.0,0.087665,0,0.0,0,50,3,0,0.5786,0.0712,GREEN,30,Bengaluru
CLM0041417,BEN_01161,Whitefield,2022-05-06,12,0,0,0,0,0,0,0,0,0,0.0,0.221004,0,0.0,0,420,4,2,0.56,0.0889,GREEN,56,Bengaluru
CLM0041418,BEN_03362,Whitefield,2022-02-08,21,0,0,0,0,0,0,0,0,0,0.0,0.226658,0,0.0,0,420,0,1,0.98,0.0,GREEN,33,Bengaluru
CLM0041419,BEN_04046,Indiranagar,2019-02-01,20,0,0,0,0,0,0,0,0,0,0.0,0.0,0,0.0,0,290,4,4,0.6775,0.0208,GREEN,42,Bengaluru
CLM0041420,BEN_03820,Yelahanka,2024-11-29,7,0,0,0,0,0,0,0,0,0,0.0,0.155801,0,0.0,0,240,2,0,0.7534,0.0,GREEN,56,Bengaluru
CLM0041421,BEN_06651,Marathahalli,2021-02-16,17,0,0,0,0,0,0,0,0,0,0.0,0.037349,0,0.0,0,26,3,5,0.98,0.0405,GREEN,36,Bengaluru
CLM0041422,BEN_09475,Whitefield,2018-05-31,8,0,0,0,0,0,0,1,0,0,0.0,0.068689,0,0.0,1,111,2,6,0.9481,0.1541,GREEN,60,Bengaluru
CLM0041423,BEN_03080,HSR Layout,2019-03-03,14,0,0,0,0,0,0,0,0,0,1.0,0.312256,0,0.0,0,306,1,3,0.7221,0.0936,GREEN,53,Bengaluru
CLM0041424,BEN_07208,Rajajinagar,2021-12-20,7,0,0,0,0,0,0,0,0,0,0.0,0.23974,1,0.0,0,263,1,4,0.5025,0.098,GREEN,48,Bengaluru
CLM0041425,BEN_08574,Indiranagar,2020-09-04,10,0,0,0,0,0,0,0,0,0,0.0,0.025013,0,0.0,0,194,0,4,0.6739,0.0492,GREEN,41,Bengaluru
CLM0041426,BEN_00201,Indiranagar,2024-04-09,20,0,0,0,0,0,0,0,0,0,0.0,0.040229,0,0.0,0,233,2,4,0.4141,0.0,GREEN,52,Bengaluru
CLM0041427,BEN_00513,Koramangala,2024-05-08,9,0,0,0,0,0,0,0,0,0,0.0,0.073349,0,0.0,0,248,1,4,0.05,0.0432,GREEN,48,Bengaluru
CLM0041428,BEN_02061,Yelahanka,2022-10-22,20,0,0,0,0,0,1,0,0,0,0.0,0.390795,0,0.0,0,92,0,0,0.7281,0.1999,GREEN,30,Bengaluru
CLM0041429,BEN_03231,Electronic City,2022-03-15,10,0,0,0,0,0,0,0,0,0,0.0,0.364158,0,0.0,0,177,3,2,0.0826,0.0418,GREEN,50,Bengaluru
CLM0041430,BEN_03551,BTM Layout,2022-12-25,13,0,0,0,0,0,0,1,0,0,0.0,1.0,0,0.0,0,286,4,0,0.9121,0.11,GREEN,56,Bengaluru
CLM0041431,BEN_02723,Rajajinagar,2021-12-20,17,0,0,0,0,0,0,0,0,0,0.0,0.068229,0,0.0,1,210,0,4,0.6048,0.0,GREEN,58,Bengaluru
CLM0041432,BEN_05633,Rajajinagar,2020-09-12,12,0,0,0,0,0,0,0,0,0,0.0,0.336472,0,0.0,1,143,2,1,0.6794,0.1565,GREEN,22,Bengaluru
CLM0041433,BEN_04843,Indiranagar,2024-10-08,10,0,0,0,0,0,0,0,0,0,0.0,0.443373,0,1.0,0,162,3,2,0.5659,0.0509,GREEN,43,Bengaluru
CLM0041434,BEN_08790,Koramangala,2025-08-03,14,0,0,0,0,0,0,1,0,0,0.0,0.070209,0,0.0,0,195,3,3,0.2059,0.029,GREEN,42,Bengaluru
CLM0041435,BEN_05637,Marathahalli,2025-08-09,18,0,0,0,0,0,0,0,0,0,0.0,0.303344,0,0.0,0,60,1,7,0.8051,0.0247,GREEN,48,Bengaluru
CLM0041436,BEN_07825,Koramangala,2020-02-10,12,0,0,0,0,0,0,0,0,0,0.0,0.985721,1,0.0,0,23,1,4,0.646,0.0925,GREEN,44,Bengaluru
CLM0041437,BEN_03034,Marathahalli,2020-06-05,9,0,0,0,0,0,0,0,0,0,0.0,0.163911,0,0.0,0,420,3,0,0.9046,0.0,GREEN,30,Bengaluru
CLM0041438,BEN_06809,Koramangala,2024-03-08,10,0,0,0,0,0,0,0,0,0,0.0,0.054267,0,0.0,0,420,1,5,0.05,0.0416,GREEN,50,Bengaluru
CLM0041439,BEN_06073,Rajajinagar,2021-10-24,9,0,0,0,0,0,0,0,0,0,0.0,0.015625,0,0.0,0,331,2,7,0.05,0.0076,GREEN,45,Bengaluru
CLM0041440,BEN_03779,Electronic City,2021-02-22,18,0,0,0,0,0,0,0,0,0,0.0,0.261587,0,0.0,0,289,3,2,0.7699,0.0811,GREEN,44,Bengaluru
CLM0041441,BEN_00683,BTM Layout,2022-08-24,9,0,0,0,0,0,0,0,0,0,0.0,0.335568,0,0.0,0,5,4,0,0.7079,0.0421,GREEN,41,Bengaluru
CLM0041442,BEN_09100,Whitefield,2025-12-05,20,0,0,0,0,0,0,0,1,0,0.0,0.250903,0,0.0,0,32,1,5,0.8459,0.0529,GREEN,63,Bengaluru
CLM0041443,BEN_00162,Rajajinagar,2022-12-02,17,0,0,0,0,0,0,0,0,0,0.0,0.324178,0,0.0,0,420,1,4,0.753,0.0247,GREEN,43,Bengaluru
CLM0041444,BEN_03761,Yelahanka,2024-01-13,12,0,0,0,0,0,0,1,0,0,0.0,0.0,0,0.0,0,420,3,2,0.98,0.043,GREEN,50,Bengaluru
CLM0041445,BEN_02436,HSR Layout,2025-11-27,18,0,0,0,0,0,0,0,0,0,0.0,0.16413,0,0.0,0,70,3,0,0.9115,0.0905,GREEN,20,Bengaluru
CLM0041446,BEN_09178,Koramangala,2020-01-17,12,0,0,0,0,0,0,0,0,0,0.0,0.289682,0,0.0,0,117,1,0,0.7889,0.0,GREEN,40,Bengaluru
CLM0041447,BEN_01042,HSR Layout,2020-05-04,19,0,0,0,0,0,0,0,0,0,0.0,0.363976,0,0.0,0,420,3,8,0.692,0.0,GREEN,64,Bengaluru
CLM0041448,BEN_01894,Koramangala,2024-07-17,8,0,0,0,0,0,0,0,0,0,0.0,0.386131,0,0.0,0,272,4,0,0.4319,0.0653,GREEN,31,Bengaluru
CLM0041449,BEN_06980,Electronic City,2020-05-25,7,0,0,0,0,0,0,0,0,0,0.0,0.314439,0,0.0,0,27,1,0,0.9629,0.024,GREEN,46,Bengaluru
CLM0041450,BEN_08257,Whitefield,2022-02-24,14,0,0,0,1,0,0,0,0,0,0.0,0.368933,0,0.0,0,26,0,4,0.7041,0.1794,GREEN,29,Bengaluru
CLM0041451,BEN_03956,Whitefield,2023-02-09,12,0,0,0,0,0,0,0,0,0,0.0,0.122367,0,0.0,0,420,1,1,0.98,0.0457,GREEN,33,Bengaluru
CLM0041452,BEN_03109,HSR Layout,2023-01-25,11,0,0,0,1,1,1,1,0,1,1.0,1.0,1,0.0,0,14,4,18,0.184,0.0649,GREEN,55,Bengaluru
CLM0041453,BEN_03450,Rajajinagar,2025-03-07,13,0,0,0,0,0,0,0,0,0,0.0,0.418515,0,0.0,0,321,0,1,0.9073,0.0,GREEN,44,Bengaluru
CLM0041454,BEN_04140,Whitefield,2022-06-27,8,0,0,0,0,0,0,0,0,0,0.0,0.263945,0,0.0,0,321,1,0,0.8609,0.0979,GREEN,49,Bengaluru
CLM0041455,BEN_07915,Indiranagar,2023-07-23,10,0,0,0,0,0,0,0,0,0,0.0,0.378774,0,0.0,0,72,2,3,0.2913,0.0085,GREEN,46,Bengaluru
CLM0041456,BEN_00779,Marathahalli,2022-06-26,14,0,0,0,0,0,0,0,0,0,0.0,0.296691,0,0.0,0,420,0,0,0.9795,0.0812,GREEN,46,Bengaluru
CLM0041457,BEN_09573,HSR Layout,2024-03-17,7,0,0,0,0,0,0,0,1,0,0.0,0.226177,0,0.0,0,420,4,1,0.645,0.0809,GREEN,33,Bengaluru
CLM0041458,BEN_02788,Marathahalli,2025-01-22,13,0,0,0,0,0,0,0,0,0,0.0,0.027558,0,0.0,0,271,3,3,0.7227,0.0,GREEN,36,Bengaluru
CLM0041459,BEN_09882,HSR Layout,2024-04-21,16,0,0,0,0,0,0,0,0,0,0.0,0.14781,0,0.0,0,404,3,3,0.6655,0.0293,GREEN,47,Bengaluru
CLM0041460,BEN_06715,Whitefield,2023-07-27,21,0,0,0,0,0,0,0,1,0,1.0,0.210794,0,0.0,0,113,4,1,0.1782,0.1468,GREEN,48,Bengaluru
CLM0041461,BEN_08713,Whitefield,2025-06-22,7,0,0,0,0,1,0,0,0,0,0.0,0.32267,0,0.0,0,173,4,1,0.1642,0.2403,GREEN,50,Bengaluru
CLM0041462,BEN_02686,Electronic City,2024-10-23,11,0,0,0,0,0,0,0,0,0,0.0,0.154814,0,0.0,0,283,1,1,0.5534,0.0,GREEN,49,Bengaluru
CLM0041463,BEN_04716,Indiranagar,2025-03-28,15,0,0,0,0,1,0,0,0,0,0.0,0.063315,0,0.0,0,211,4,1,0.4441,0.0941,GREEN,18,Bengaluru
CLM0041464,BEN_05666,Jayanagar,2025-03-06,19,0,0,0,0,0,0,0,0,1,1.0,0.101147,1,0.0,0,387,0,4,0.7709,0.2454,GREEN,40,Bengaluru
CLM0041465,BEN_07090,Yelahanka,2025-04-10,8,0,0,0,0,0,0,0,1,0,0.0,0.0,0,0.0,0,167,0,1,0.8678,0.0657,GREEN,33,Bengaluru
CLM0041466,BEN_03212,HSR Layout,2025-10-28,13,0,0,0,1,0,0,0,0,0,0.0,0.162049,0,0.0,0,94,2,4,0.4917,0.194,GREEN,48,Bengaluru
CLM0041467,BEN_04725,Whitefield,2025-01-13,9,0,0,0,0,0,1,0,0,0,1.0,0.887062,0,1.0,0,41,4,4,0.9141,0.2206,GREEN,55,Bengaluru
CLM0041468,BEN_00784,Koramangala,2022-11-19,8,0,0,0,0,0,0,0,0,0,0.0,0.983089,0,1.0,0,288,3,1,0.98,0.071,GREEN,42,Bengaluru
CLM0041469,BEN_07020,Koramangala,2022-01-06,11,0,0,0,0,1,0,0,0,0,0.0,0.218464,0,0.0,0,36,1,6,0.8774,0.1532,GREEN,45,Bengaluru
CLM0041470,BEN_08674,Koramangala,2021-11-30,17,0,0,0,0,0,0,0,0,1,0.0,0.36623,0,0.0,0,265,3,0,0.1047,0.1656,GREEN,44,Bengaluru
CLM0041471,BEN_00200,Rajajinagar,2024-05-22,13,0,0,0,1,1,0,1,1,1,1.0,0.397305,0,1.0,0,18,3,18,0.3661,0.0811,GREEN,47,Bengaluru
CLM0041472,BEN_08682,Electronic City,2022-02-22,21,0,0,0,0,0,0,1,0,0,0.0,0.332559,0,0.0,0,51,1,0,0.8829,0.0,GREEN,37,Bengaluru
CLM0041473,BEN_09653,Yelahanka,2025-08-09,11,0,0,0,0,0,0,0,0,0,0.0,0.27991,0,0.0,0,167,3,3,0.6979,0.0,GREEN,40,Bengaluru
CLM0041474,BEN_01064,Indiranagar,2023-06-19,7,0,0,0,0,0,0,0,0,0,1.0,0.022145,0,0.0,0,243,3,3,0.8296,0.0313,GREEN,40,Bengaluru
CLM0041475,BEN_02147,Marathahalli,2019-02-08,8,0,0,0,0,0,0,0,0,0,0.0,0.95222,0,0.0,0,100,0,0,0.98,0.0127,GREEN,48,Bengaluru
CLM0041476,BEN_09778,Koramangala,2022-04-29,18,0,0,0,0,0,0,1,0,0,0.0,0.049639,0,0.0,0,351,4,2,0.6128,0.0105,GREEN,31,Bengaluru
CLM0041477,BEN_01520,BTM Layout,2023-10-04,7,0,0,0,0,0,0,0,1,0,0.0,0.324818,0,0.0,0,420,3,1,0.98,0.0581,GREEN,43,Bengaluru
CLM0041478,BEN_03101,Jayanagar,2021-05-24,19,0,0,0,0,0,0,0,0,0,1.0,0.04893,0,0.0,0,420,2,5,0.7831,0.0836,GREEN,60,Bengaluru
CLM0041479,BEN_04514,BTM Layout,2024-09-26,18,0,0,0,1,0,0,0,0,0,0.0,0.067098,0,0.0,0,255,0,5,0.6313,0.1295,GREEN,34,Bengaluru
CLM0041480,BEN_06861,Rajajinagar,2024-10-24,20,0,0,0,1,0,0,0,0,0,0.0,0.223048,0,0.0,0,79,2,5,0.98,0.1949,GREEN,41,Bengaluru
CLM0041481,BEN_01108,Whitefield,2024-09-23,15,0,0,0,1,0,0,1,0,0,0.0,1.0,0,0.0,0,369,1,0,0.881,0.2099,GREEN,51,Bengaluru
CLM0041482,BEN_01247,Yelahanka,2025-01-07,18,0,0,0,0,0,0,0,0,0,1.0,0.064723,1,0.0,0,420,3,1,0.5287,0.1224,GREEN,51,Bengaluru
CLM0041483,BEN_08985,Rajajinagar,2025-10-03,11,0,0,0,0,0,0,0,0,0,0.0,0.326076,0,0.0,0,102,3,0,0.5651,0.0349,GREEN,47,Bengaluru
CLM0041484,BEN_09520,Jayanagar,2024-11-21,21,0,0,0,0,0,0,0,0,0,0.0,0.064513,0,0.0,0,47,4,3,0.81,0.0051,GREEN,40,Bengaluru
CLM0041485,BEN_04221,Jayanagar,2023-10-23,16,0,0,0,0,0,0,0,0,0,0.0,0.238499,0,0.0,0,122,1,0,0.98,0.0,GREEN,51,Bengaluru
CLM0041486,BEN_01054,Koramangala,2024-07-04,11,0,0,0,1,1,0,1,0,1,1.0,0.904143,0,0.0,1,5,4,18,0.774,0.0,GREEN,42,Bengaluru
CLM0041487,BEN_09313,HSR Layout,2024-09-26,12,0,0,0,0,0,0,0,0,0,0.0,0.02262,0,0.0,0,69,0,1,0.777,0.0,GREEN,39,Bengaluru
CLM0041488,BEN_00402,Koramangala,2024-10-08,15,0,1,1,0,0,0,0,0,0,0.0,0.338366,0,0.0,0,420,0,1,0.2241,0.0592,GREEN,34,Bengaluru
CLM0041489,BEN_05481,Electronic City,2024-05-27,20,0,0,0,0,0,0,0,0,0,0.0,0.261771,0,0.0,0,34,0,2,0.5031,0.0,GREEN,32,Bengaluru
CLM0041490,BEN_01040,Rajajinagar,2025-04-17,15,0,0,0,1,1,0,0,0,0,0.0,0.053137,0,0.0,0,70,0,3,0.8887,0.2391,GREEN,40,Bengaluru
CLM0041491,BEN_06085,Yelahanka,2025-04-25,9,0,0,0,0,0,0,0,0,0,0.0,0.073971,0,0.0,0,140,2,3,0.8813,0.0,GREEN,37,Bengaluru
CLM0041492,BEN_09662,Indiranagar,2025-08-22,11,0,0,0,0,0,1,0,0,0,0.0,0.261917,0,0.0,0,420,0,4,0.7143,0.0453,GREEN,40,Bengaluru
CLM0041493,BEN_04095,Jayanagar,2024-04-02,19,0,0,0,0,0,0,0,0,0,0.0,0.0,0,0.0,0,272,3,4,0.4528,0.0511,GREEN,18,Bengaluru
CLM0041494,BEN_05102,Rajajinagar,2023-07-26,12,0,0,0,0,0,0,0,0,0,0.0,0.134951,0,0.0,0,383,1,0,0.7502,0.0,GREEN,33,Bengaluru
CLM0041495,BEN_02295,Marathahalli,2023-04-24,15,0,0,0,0,0,0,0,0,0,0.0,0.192459,0,1.0,0,119,0,1,0.9701,0.0459,GREEN,46,Bengaluru
CLM0041496,BEN_05289,Rajajinagar,2023-07-24,7,0,0,0,0,0,0,0,0,0,0.0,0.993503,0,1.0,0,151,0,0,0.9458,0.019,GREEN,42,Bengaluru
CLM0041497,BEN_04741,Jayanagar,2025-07-29,16,0,0,0,0,0,0,0,0,0,0.0,0.151504,0,0.0,0,152,4,4,0.8358,0.0,GREEN,49,Bengaluru
CLM0041498,BEN_03603,Koramangala,2024-01-23,11,0,1,1,0,0,0,1,0,0,0.0,1.0,0,0.0,0,143,4,1,0.8495,0.0,GREEN,18,Bengaluru
CLM0041499,BEN_06225,HSR Layout,2024-08-18,10,0,1,1,0,1,1,1,1,1,1.0,1.0,0,1.0,0,5,2,18,0.0909,0.6585,RED,34,Bengaluru
CLM0041500,BEN_06311,Yelahanka,2023-03-02,16,0,1,1,0,0,0,0,0,0,0.0,0.16763,0,0.0,0,44,2,3,0.673,0.4098,YELLOW,63,Bengaluru
CLM0041501,BEN_07403,BTM Layout,2023-08-30,20,0,1,1,1,0,0,1,1,1,0.0,0.073175,1,0.0,0,9,1,18,0.9143,0.6731,RED,48,Bengaluru
CLM0041502,BEN_08471,HSR Layout,2025-07-26,8,0,1,1,1,1,1,1,0,0,1.0,0.982439,1,1.0,1,15,1,18,0.9069,0.6306,RED,46,Bengaluru
CLM0041503,BEN_04937,Whitefield,2021-08-30,19,0,1,1,1,0,1,1,1,1,1.0,0.098758,1,1.0,0,5,0,18,0.0662,0.7882,RED,41,Bengaluru
CLM0041504,BEN_05854,HSR Layout,2022-08-18,10,0,1,1,1,0,1,0,1,1,0.0,0.669779,0,0.0,1,5,0,18,0.7057,0.6695,RED,55,Bengaluru
CLM0041505,BEN_06492,Yelahanka,2021-09-17,13,0,1,1,1,0,1,1,1,0,0.0,0.155541,1,0.0,1,13,2,18,0.98,0.7376,RED,50,Bengaluru
CLM0041506,BEN_09968,HSR Layout,2023-04-04,10,0,1,1,1,0,1,1,1,0,0.0,0.082396,0,0.0,0,5,0,18,0.9575,0.5505,YELLOW,49,Bengaluru
CLM0041507,BEN_01540,Marathahalli,2025-04-22,17,0,1,1,0,0,0,0,0,0,0.0,0.095799,0,0.0,0,139,1,1,0.5512,0.3093,GREEN,42,Bengaluru
CLM0041508,BEN_02730,Whitefield,2024-02-25,14,0,1,1,0,0,1,1,1,0,0.0,0.093044,1,0.0,1,5,1,14,0.9359,0.5398,YELLOW,33,Bengaluru
CLM0041509,BEN_07006,Rajajinagar,2025-10-08,14,0,1,1,1,1,1,1,1,0,1.0,1.0,1,1.0,1,5,1,18,0.8655,0.8785,RED,45,Bengaluru
CLM0041510,BEN_01022,HSR Layout,2025-04-16,19,0,1,1,1,0,0,0,1,1,0.0,0.057874,1,0.0,0,24,2,18,0.942,0.5501,YELLOW,30,Bengaluru
CLM0041511,BEN_09045,Indiranagar,2019-07-29,12,0,1,1,1,1,0,1,1,0,1.0,1.0,0,1.0,1,5,1,18,0.2219,0.6288,RED,62,Bengaluru
CLM0041512,BEN_03300,Yelahanka,2023-10-28,12,0,1,1,1,1,0,1,1,0,0.0,0.142075,1,0.0,1,6,0,18,0.8313,0.7864,RED,32,Bengaluru
CLM0041513,BEN_09586,Whitefield,2024-06-19,20,0,0,0,1,1,1,1,1,0,0.0,1.0,1,0.0,1,5,4,18,0.1499,0.0743,GREEN,24,Bengaluru
CLM0041514,BEN_05283,Electronic City,2024-06-18,13,0,0,0,0,0,1,0,1,0,0.0,0.12281,0,0.0,0,420,1,5,0.4476,0.1981,GREEN,33,Bengaluru
CLM0041515,BEN_03403,BTM Layout,2023-09-15,16,0,0,0,0,0,0,0,0,0,0.0,0.253028,0,0.0,0,277,0,2,0.6965,0.0,GREEN,71,Bengaluru
CLM0041516,BEN_08707,Indiranagar,2025-02-09,12,0,0,0,0,0,0,0,0,0,0.0,0.099966,0,0.0,0,267,4,1,0.7483,0.0043,GREEN,40,Bengaluru
CLM0041517,BEN_02658,Electronic City,2023-05-17,16,0,0,0,0,0,0,0,0,0,0.0,0.1664,0,1.0,0,262,0,5,0.1061,0.0,GREEN,41,Bengaluru
CLM0041518,BEN_04091,BTM Layout,2024-02-19,15,0,0,0,1,1,1,1,0,0,0.0,0.0,0,0.0,1,5,0,18,0.4045,0.3413,YELLOW,42,Bengaluru
CLM0041519,BEN_03996,Indiranagar,2024-11-26,21,0,0,0,0,0,0,0,0,0,0.0,0.219104,0,0.0,0,113,4,7,0.7116,0.0,GREEN,22,Bengaluru
CLM0041520,BEN_09351,Yelahanka,2024-02-28,21,0,0,0,0,1,0,0,0,0,1.0,0.140226,0,0.0,0,282,3,2,0.9302,0.1859,GREEN,29,Bengaluru
CLM0041521,BEN_03121,Whitefield,2024-03-30,12,0,0,0,0,0,0,0,0,1,0.0,0.125096,0,0.0,0,132,3,6,0.8441,0.1691,GREEN,40,Bengaluru
CLM0041522,BEN_03343,Electronic City,2024-07-04,10,0,0,0,0,0,0,0,0,0,0.0,0.299421,0,0.0,0,210,1,2,0.1662,0.0,GREEN,41,Bengaluru
CLM0041523,BEN_03963,BTM Layout,2024-06-07,21,0,0,0,0,0,0,0,0,0,0.0,0.312533,0,0.0,0,46,1,2,0.4632,0.0144,GREEN,64,Bengaluru
CLM0041524,BEN_02486,Marathahalli,2025-11-29,10,0,0,0,0,0,0,1,0,0,0.0,0.0,0,0.0,0,77,0,4,0.98,0.1671,GREEN,47,Bengaluru
CLM0041525,BEN_03051,Electronic City,2025-03-23,18,0,0,0,0,0,0,0,0,0,0.0,0.15177,0,0.0,0,420,1,0,0.8379,0.0,GREEN,36,Bengaluru
CLM0041526,BEN_05134,Whitefield,2025-02-14,20,0,0,0,0,0,0,0,0,0,0.0,0.076082,0,0.0,0,410,3,1,0.8518,0.0337,GREEN,66,Bengaluru
CLM0041527,BEN_07174,Rajajinagar,2024-04-28,10,0,0,0,0,0,0,0,0,0,0.0,0.460119,0,0.0,0,126,1,0,0.825,0.0,GREEN,50,Bengaluru
CLM0041528,BEN_07662,Jayanagar,2025-04-27,9,0,0,0,1,1,0,0,1,1,1.0,0.092419,1,1.0,1,5,4,18,0.7192,0.2903,GREEN,39,Bengaluru
CLM0041529,BEN_00437,Indiranagar,2018-02-10,19,0,0,0,0,0,0,0,0,0,1.0,0.17204,0,0.0,0,116,0,2,0.9777,0.0637,GREEN,40,Bengaluru
CLM0041530,BEN_02022,Yelahanka,2018-03-19,12,0,0,0,0,0,0,0,0,0,0.0,0.145413,0,0.0,0,377,3,1,0.7597,0.0146,GREEN,33,Bengaluru
CLM0041531,BEN_09309,Rajajinagar,2020-05-15,10,0,0,0,0,0,1,0,0,0,0.0,0.157591,0,0.0,0,296,4,0,0.5588,0.1406,GREEN,22,Bengaluru
CLM0041532,BEN_05223,Jayanagar,2023-07-09,14,0,1,1,0,0,0,0,0,0,0.0,0.338215,0,0.0,0,121,4,2,0.5951,0.0458,GREEN,45,Bengaluru
CLM0041533,BEN_08109,HSR Layout,2018-08-13,21,0,0,0,0,0,0,0,0,0,0.0,0.097444,0,0.0,0,257,1,1,0.7163,0.0245,GREEN,57,Bengaluru
CLM0041534,BEN_03070,Yelahanka,2016-09-13,9,0,0,0,0,0,0,0,0,0,0.0,0.253506,0,0.0,0,194,3,5,0.4182,0.0,GREEN,26,Bengaluru
CLM0041535,BEN_03733,HSR Layout,2025-12-22,11,0,0,0,0,0,0,0,0,1,0.0,0.237568,0,0.0,0,420,3,0,0.9402,0.1358,GREEN,57,Bengaluru
CLM0041536,BEN_01073,HSR Layout,2019-03-17,7,0,1,1,0,0,0,0,0,0,0.0,0.345553,0,0.0,0,148,1,0,0.2731,0.0492,GREEN,67,Bengaluru
CLM0041537,BEN_08929,Indiranagar,2019-05-04,16,0,0,0,0,0,0,1,0,0,0.0,0.440259,0,0.0,0,117,1,2,0.663,0.0779,GREEN,61,Bengaluru
CLM0041538,BEN_03809,Marathahalli,2021-09-28,16,0,0,0,0,0,0,1,1,0,0.0,0.320968,0,0.0,0,420,0,6,0.4637,0.1222,GREEN,23,Bengaluru
CLM0041539,BEN_05691,HSR Layout,2025-09-30,11,0,0,0,0,0,0,1,1,0,0.0,0.303134,0,0.0,0,124,2,8,0.6965,0.1328,GREEN,21,Bengaluru
CLM0041540,BEN_05891,Indiranagar,2021-09-01,14,0,0,0,0,0,0,0,0,0,0.0,0.165508,0,0.0,0,91,2,0,0.6685,0.0132,GREEN,53,Bengaluru
CLM0041541,BEN_00414,Jayanagar,2024-02-09,7,0,0,0,0,0,0,0,0,0,0.0,0.363455,0,0.0,0,159,0,4,0.5829,0.0,GREEN,34,Bengaluru
CLM0041542,BEN_02573,Electronic City,2020-02-01,7,0,0,0,0,0,0,0,0,0,0.0,0.304831,1,0.0,1,268,3,3,0.834,0.2425,GREEN,51,Bengaluru
CLM0041543,BEN_08683,Marathahalli,2019-04-19,13,0,1,1,0,0,0,0,0,0,0.0,0.088315,0,0.0,0,293,2,0,0.2641,0.0,GREEN,36,Bengaluru
CLM0041544,BEN_06563,Rajajinagar,2025-05-31,20,0,0,0,0,0,0,0,0,0,0.0,0.186528,0,0.0,0,259,1,0,0.5741,0.0737,GREEN,52,Bengaluru
CLM0041545,BEN_03449,Yelahanka,2025-06-05,7,0,0,0,0,0,0,0,0,0,0.0,0.313482,0,0.0,0,341,4,3,0.9573,0.1028,GREEN,48,Bengaluru
CLM0041546,BEN_05631,BTM Layout,2020-05-19,16,0,0,0,0,0,0,0,1,0,0.0,0.087559,0,0.0,0,391,2,0,0.9354,0.1531,GREEN,47,Bengaluru
CLM0041547,BEN_07188,HSR Layout,2018-07-14,15,0,0,0,0,0,0,0,0,0,0.0,0.187625,0,0.0,0,196,0,1,0.18,0.0725,GREEN,48,Bengaluru
CLM0041548,BEN_02092,Electronic City,2020-10-01,12,0,0,0,0,0,0,1,0,0,0.0,1.0,0,0.0,0,272,3,2,0.7549,0.0021,GREEN,32,Bengaluru
CLM0041549,BEN_05953,Indiranagar,2024-04-09,17,0,0,0,0,0,0,0,1,0,0.0,0.091627,0,0.0,0,420,4,3,0.4985,0.2016,GREEN,56,Bengaluru
CLM0041550,BEN_02152,HSR Layout,2025-01-01,7,0,0,0,0,0,0,0,0,0,0.0,0.463659,0,0.0,0,280,4,0,0.2829,0.0134,GREEN,36,Bengaluru
CLM0041551,BEN_01339,HSR Layout,2025-12-16,19,0,0,0,1,1,0,1,1,1,0.0,0.157061,1,0.0,0,5,1,18,0.9035,0.0,GREEN,39,Bengaluru
CLM0041552,BEN_02259,Indiranagar,2024-02-25,16,0,0,0,0,0,0,0,0,0,0.0,0.143333,0,0.0,0,93,3,4,0.6363,0.0304,GREEN,44,Bengaluru
CLM0041553,BEN_01727,Indiranagar,2022-11-08,18,0,0,0,0,0,0,0,0,0,0.0,0.148182,0,0.0,0,410,2,1,0.7958,0.1005,GREEN,40,Bengaluru
CLM0041554,BEN_04899,Rajajinagar,2022-09-12,21,0,0,0,0,0,0,0,0,0,1.0,0.421991,0,0.0,0,227,4,2,0.98,0.1022,GREEN,53,Bengaluru
CLM0041555,BEN_08716,BTM Layout,2018-03-12,19,0,0,0,0,0,0,0,0,0,0.0,0.227087,0,0.0,0,20,2,0,0.5086,0.0694,GREEN,54,Bengaluru
CLM0041556,BEN_01890,BTM Layout,2025-08-27,18,0,0,0,0,0,0,0,1,0,0.0,0.40198,0,0.0,0,16,3,0,0.7354,0.1539,GREEN,29,Bengaluru
CLM0041557,BEN_04114,Indiranagar,2023-04-25,21,0,0,0,1,0,0,0,0,0,0.0,0.0,0,1.0,0,364,3,2,0.0991,0.0639,GREEN,53,Bengaluru
CLM0041558,BEN_05638,Rajajinagar,2023-10-30,15,0,0,0,0,0,0,0,0,0,0.0,0.331441,0,0.0,0,299,2,0,0.7535,0.1117,GREEN,53,Bengaluru
CLM0041559,BEN_01282,BTM Layout,2023-11-24,8,0,0,0,0,0,0,0,1,0,0.0,0.208401,0,0.0,0,171,0,4,0.8415,0.1043,GREEN,52,Bengaluru
CLM0041560,BEN_01277,Yelahanka,2021-10-31,9,0,0,0,0,0,0,0,0,0,0.0,0.127492,0,0.0,0,189,2,1,0.5228,0.0004,GREEN,25,Bengaluru
CLM0041561,BEN_08178,HSR Layout,2023-09-12,11,0,0,0,0,1,0,1,0,1,0.0,1.0,1,1.0,1,7,2,15,0.6667,0.0661,GREEN,45,Bengaluru
CLM0041562,BEN_00147,Jayanagar,2021-06-15,17,0,0,0,0,0,0,0,0,0,0.0,0.053278,0,1.0,0,420,3,2,0.6799,0.064,GREEN,52,Bengaluru
CLM0041563,BEN_09074,BTM Layout,2023-01-12,11,0,0,0,0,0,0,0,0,0,0.0,0.067009,0,0.0,0,420,1,5,0.7283,0.0172,GREEN,39,Bengaluru
CLM0041564,BEN_00453,Rajajinagar,2025-04-13,12,0,0,0,0,0,0,0,0,0,0.0,0.10956,0,0.0,0,115,4,0,0.8751,0.0,GREEN,29,Bengaluru
CLM0041565,BEN_02667,Koramangala,2025-05-30,16,0,0,0,0,0,0,0,0,0,0.0,0.0,0,0.0,0,166,4,4,0.5308,0.0,GREEN,31,Bengaluru
CLM0041566,BEN_05242,Electronic City,2024-11-03,7,0,0,0,0,0,0,0,1,0,0.0,0.0,0,0.0,0,161,4,1,0.8617,0.1133,GREEN,43,Bengaluru
CLM0041567,BEN_07305,Jayanagar,2025-03-19,9,0,0,0,0,0,0,0,0,0,0.0,0.011697,0,0.0,0,146,2,0,0.5758,0.1267,GREEN,53,Bengaluru
CLM0041568,BEN_04878,Koramangala,2025-06-06,17,0,0,0,0,0,0,0,0,0,0.0,0.155025,0,0.0,0,85,4,1,0.7379,0.0254,GREEN,30,Bengaluru
CLM0041569,BEN_08202,Yelahanka,2024-05-02,12,0,0,0,0,0,0,0,0,0,0.0,0.116363,0,0.0,0,108,3,2,0.8012,0.0,GREEN,52,Bengaluru
CLM0041570,BEN_00338,BTM Layout,2025-09-02,10,0,0,0,0,0,1,0,0,0,0.0,0.0,0,0.0,0,340,4,4,0.8093,0.1256,GREEN,51,Bengaluru
CLM0041571,BEN_08039,Electronic City,2023-12-06,19,0,0,0,0,0,1,0,0,0,0.0,0.306369,0,0.0,0,40,3,1,0.7906,0.0291,GREEN,51,Bengaluru
CLM0041572,BEN_09851,Indiranagar,2025-02-08,9,0,0,0,0,0,1,0,0,0,0.0,0.043673,0,0.0,0,130,0,4,0.9584,0.0143,GREEN,34,Bengaluru
CLM0041573,BEN_06689,Marathahalli,2024-07-30,20,0,1,1,1,0,0,0,0,0,0.0,0.14245,0,0.0,0,262,1,3,0.1424,0.0901,GREEN,59,Bengaluru
CLM0041574,BEN_08830,Koramangala,2025-11-09,12,0,0,0,0,0,0,0,0,0,1.0,1.0,0,1.0,0,323,4,0,0.6496,0.0,GREEN,26,Bengaluru
CLM0041575,BEN_02614,Jayanagar,2025-08-11,19,0,0,0,0,0,0,0,0,0,0.0,0.0,0,0.0,0,125,1,0,0.849,0.0181,GREEN,53,Bengaluru
CLM0041576,BEN_01096,Indiranagar,2024-01-01,8,0,0,0,0,0,0,0,0,0,0.0,0.104731,0,0.0,0,99,4,3,0.1227,0.0741,GREEN,36,Bengaluru
CLM0041577,BEN_07985,Indiranagar,2021-01-27,20,0,0,0,0,0,0,0,0,0,0.0,0.042604,0,0.0,0,197,4,2,0.05,0.0,GREEN,37,Bengaluru
CLM0041578,BEN_09690,Koramangala,2025-11-22,20,0,0,0,0,0,0,0,0,0,0.0,0.206574,0,0.0,0,420,4,0,0.6693,0.0115,GREEN,31,Bengaluru
CLM0041579,BEN_07822,Marathahalli,2019-03-31,9,0,0,0,0,0,0,1,1,0,0.0,0.195735,0,0.0,0,129,3,2,0.9372,0.0923,GREEN,59,Bengaluru
CLM0041580,BEN_04382,BTM Layout,2020-04-10,21,0,0,0,1,0,0,0,0,0,0.0,0.207668,0,0.0,0,27,0,0,0.05,0.1186,GREEN,46,Bengaluru
CLM0041581,BEN_04199,Rajajinagar,2025-04-23,11,0,0,0,0,0,0,0,0,0,1.0,1.0,0,1.0,0,420,4,3,0.5478,0.0,GREEN,56,Bengaluru
CLM0041582,BEN_00679,Jayanagar,2024-03-17,9,0,0,0,0,0,0,0,1,0,0.0,0.392883,0,0.0,0,361,3,8,0.7016,0.1106,GREEN,37,Bengaluru
CLM0041583,BEN_09245,Rajajinagar,2018-12-15,18,0,0,0,0,0,0,0,0,0,0.0,0.110951,0,1.0,0,401,0,3,0.6455,0.0,GREEN,46,Bengaluru
CLM0041584,BEN_03494,Jayanagar,2022-07-31,17,0,0,0,0,0,0,0,0,0,0.0,0.343657,0,0.0,0,77,3,0,0.737,0.0,GREEN,34,Bengaluru
CLM0041585,BEN_05140,Whitefield,2023-05-18,21,0,0,0,0,0,1,0,0,0,0.0,0.96618,0,0.0,0,420,3,6,0.7611,0.0785,GREEN,44,Bengaluru
CLM0041586,BEN_06685,Rajajinagar,2018-10-12,20,0,0,0,0,0,0,0,0,0,0.0,0.083428,0,0.0,0,161,4,4,0.4917,0.0016,GREEN,51,Bengaluru
CLM0041587,BEN_05067,Indiranagar,2023-04-21,15,0,0,0,0,0,0,0,0,0,0.0,0.046498,0,0.0,0,68,1,4,0.791,0.0,GREEN,42,Bengaluru
CLM0041588,BEN_01575,Rajajinagar,2023-11-07,12,0,0,0,0,0,1,0,0,0,0.0,0.081569,0,1.0,0,97,1,0,0.9103,0.1768,GREEN,67,Bengaluru
CLM0041589,BEN_01763,Rajajinagar,2021-04-12,17,0,0,0,0,0,0,0,1,0,0.0,0.24348,0,0.0,0,420,1,0,0.98,0.1019,GREEN,54,Bengaluru
CLM0041590,BEN_05210,Jayanagar,2020-03-19,18,0,0,0,0,0,0,0,0,0,0.0,0.344137,0,0.0,0,334,0,1,0.5447,0.0121,GREEN,51,Bengaluru
CLM0041591,BEN_02123,Koramangala,2023-05-02,9,0,1,1,1,0,0,0,0,0,0.0,0.143554,0,0.0,0,389,3,0,0.1526,0.2319,GREEN,48,Bengaluru
CLM0041592,BEN_00762,Yelahanka,2021-04-10,17,0,0,0,1,1,1,1,1,1,1.0,0.954069,0,1.0,0,13,0,18,0.05,0.0329,GREEN,53,Bengaluru
CLM0041593,BEN_05524,Whitefield,2025-03-20,7,0,0,0,0,0,0,0,0,0,0.0,0.014999,0,0.0,1,386,4,0,0.9164,0.0,GREEN,33,Bengaluru
CLM0041594,BEN_09550,Jayanagar,2025-06-02,13,0,0,0,0,0,0,0,0,0,0.0,0.136131,0,0.0,0,148,3,4,0.98,0.0,GREEN,54,Bengaluru
CLM0041595,BEN_05848,Jayanagar,2025-04-01,14,0,1,1,0,0,0,0,0,0,1.0,0.167731,0,0.0,1,420,1,0,0.2033,0.0903,GREEN,55,Bengaluru
CLM0041596,BEN_03263,Jayanagar,2025-12-05,7,0,0,0,0,1,0,0,0,0,0.0,0.401337,0,0.0,0,420,0,0,0.7013,0.1753,GREEN,48,Bengaluru
CLM0041597,BEN_03208,BTM Layout,2024-06-04,9,0,0,0,0,1,1,0,1,1,0.0,0.197769,0,0.0,0,19,0,1,0.9089,0.5417,YELLOW,61,Bengaluru
CLM0041598,BEN_05912,Yelahanka,2025-10-10,20,0,0,0,0,0,0,0,0,0,0.0,0.405136,0,0.0,0,314,1,2,0.9138,0.0,GREEN,53,Bengaluru
CLM0041599,BEN_05103,Rajajinagar,2024-07-09,18,0,0,0,0,0,0,0,0,0,0.0,0.056948,1,0.0,0,230,1,1,0.4609,0.108,GREEN,52,Bengaluru
CLM0041600,BEN_09195,Electronic City,2024-12-12,21,0,0,0,0,0,1,0,0,0,0.0,0.360242,0,0.0,0,279,2,2,0.5908,0.0906,GREEN,33,Bengaluru
CLM0041601,BEN_06695,Indiranagar,2020-02-15,13,0,0,0,0,0,0,0,0,0,0.0,0.376018,0,0.0,0,64,1,5,0.6586,0.0652,GREEN,44,Bengaluru
CLM0041602,BEN_00609,Electronic City,2025-05-21,9,0,0,0,0,0,0,0,0,0,0.0,0.288774,0,0.0,0,420,0,0,0.7722,0.0,GREEN,24,Bengaluru
CLM0041603,BEN_07521,Yelahanka,2021-10-27,19,0,0,0,0,0,0,0,0,0,0.0,0.969051,0,0.0,0,401,4,2,0.3564,0.1221,GREEN,32,Bengaluru
CLM0041604,BEN_06609,Marathahalli,2023-07-20,15,0,0,0,0,0,1,0,0,0,0.0,0.190534,0,0.0,0,420,4,0,0.5403,0.0741,GREEN,45,Bengaluru
CLM0041605,BEN_02886,Whitefield,2017-12-29,12,0,0,0,0,0,0,0,0,0,0.0,0.402801,0,0.0,0,191,3,1,0.4267,0.0,GREEN,47,Bengaluru
CLM0041606,BEN_00331,Electronic City,2017-12-18,10,0,1,1,0,0,0,0,0,0,0.0,0.244695,0,0.0,1,292,1,3,0.9633,0.0503,GREEN,33,Bengaluru
CLM0041607,BEN_06475,Marathahalli,2023-12-15,19,0,0,0,0,0,0,0,0,0,0.0,0.96466,0,0.0,0,420,3,0,0.9258,0.0,GREEN,29,Bengaluru
CLM0041608,BEN_06230,Marathahalli,2025-05-30,9,0,0,0,0,0,0,0,0,0,0.0,0.351894,0,0.0,0,12,1,0,0.05,0.0463,GREEN,26,Bengaluru
CLM0041609,BEN_04086,Yelahanka,2025-06-22,15,0,0,0,0,0,0,0,0,0,0.0,0.183853,0,0.0,0,244,4,3,0.2874,0.0,GREEN,41,Bengaluru
CLM0041610,BEN_08782,HSR Layout,2024-01-06,14,0,0,0,0,0,0,0,0,0,0.0,0.124132,0,0.0,0,175,1,4,0.6933,0.0094,GREEN,51,Bengaluru
CLM0041611,BEN_03422,Marathahalli,2021-10-22,12,0,0,0,0,0,0,0,0,1,1.0,1.0,0,1.0,0,329,1,1,0.3559,0.0981,GREEN,61,Bengaluru
CLM0041612,BEN_05273,Yelahanka,2024-08-18,9,0,0,0,0,0,0,0,1,0,0.0,0.087789,0,0.0,0,107,0,0,0.5204,0.0604,GREEN,59,Bengaluru
CLM0041613,BEN_08126,Koramangala,2017-11-26,20,0,0,0,0,0,0,0,0,0,0.0,0.185589,0,0.0,0,342,2,4,0.591,0.0,GREEN,28,Bengaluru
CLM0041614,BEN_00845,Rajajinagar,2021-11-20,19,0,0,0,0,0,0,0,0,0,0.0,1.0,0,0.0,0,209,0,3,0.858,0.044,GREEN,50,Bengaluru
CLM0041615,BEN_05765,Electronic City,2017-06-29,19,0,0,0,0,0,0,0,0,0,0.0,0.283504,0,0.0,0,420,0,6,0.8301,0.0314,GREEN,46,Bengaluru
CLM0041616,BEN_03200,Koramangala,2017-02-03,19,0,0,0,0,0,0,1,0,0,0.0,0.264738,0,1.0,0,153,2,1,0.6424,0.0681,GREEN,51,Bengaluru
CLM0041617,BEN_05106,Yelahanka,2019-09-27,10,0,0,0,0,0,0,0,0,1,0.0,0.251144,1,1.0,1,420,2,2,0.3451,0.2166,GREEN,39,Bengaluru
CLM0041618,BEN_00989,HSR Layout,2021-02-13,15,0,0,0,1,1,0,1,1,0,0.0,0.042994,0,0.0,1,5,1,18,0.8682,0.0689,GREEN,39,Bengaluru
CLM0041619,BEN_01563,Yelahanka,2025-06-24,12,0,0,0,0,0,0,0,0,0,0.0,0.463813,0,0.0,0,257,2,0,0.7525,0.0778,GREEN,33,Bengaluru
CLM0041620,BEN_06646,Jayanagar,2024-12-21,16,0,0,0,0,0,0,0,0,0,0.0,0.140551,0,0.0,0,182,2,0,0.0673,0.0166,GREEN,37,Bengaluru
CLM0041621,BEN_05946,Marathahalli,2025-06-16,16,0,0,0,0,1,0,0,0,0,0.0,1.0,0,0.0,0,209,4,2,0.8422,0.0438,GREEN,60,Bengaluru
CLM0041622,BEN_05545,Whitefield,2021-01-08,7,0,0,0,1,0,0,0,0,0,0.0,0.401528,0,0.0,0,267,4,0,0.7947,0.1647,GREEN,33,Bengaluru
CLM0041623,BEN_00022,HSR Layout,2023-10-29,21,0,0,0,0,0,0,0,0,0,1.0,0.348961,0,0.0,0,420,0,3,0.1497,0.0571,GREEN,52,Bengaluru
CLM0041624,BEN_03998,Jayanagar,2020-11-08,10,0,0,0,0,0,0,0,0,0,1.0,0.375142,0,0.0,0,245,4,0,0.1528,0.0387,GREEN,57,Bengaluru
CLM0041625,BEN_08340,Koramangala,2018-04-26,18,0,0,0,0,0,0,0,0,0,0.0,0.310633,0,0.0,0,205,0,0,0.5582,0.0176,GREEN,49,Bengaluru
CLM0041626,BEN_03172,Indiranagar,2025-12-13,13,0,0,0,0,0,0,0,0,0,0.0,0.04089,0,0.0,1,349,0,2,0.8059,0.0566,GREEN,37,Bengaluru
CLM0041627,BEN_09249,Whitefield,2017-07-23,16,0,0,0,0,0,0,0,0,0,0.0,0.15329,0,0.0,0,420,3,4,0.7631,0.0647,GREEN,24,Bengaluru
CLM0041628,BEN_06013,Whitefield,2016-08-25,11,0,0,0,0,0,1,0,0,0,0.0,0.384547,0,0.0,0,34,0,0,0.461,0.0567,GREEN,50,Bengaluru
CLM0041629,BEN_07625,Yelahanka,2024-05-14,16,0,0,0,0,0,0,0,0,0,0.0,0.143744,0,0.0,0,420,2,4,0.5801,0.0145,GREEN,32,Bengaluru
CLM0041630,BEN_03309,Indiranagar,2023-11-06,17,0,0,0,0,0,1,0,0,1,0.0,0.318143,0,0.0,0,177,3,1,0.05,0.1136,GREEN,45,Bengaluru
CLM0041631,BEN_07001,Electronic City,2025-07-08,11,0,0,0,0,0,0,0,1,0,0.0,0.09057,0,0.0,0,402,2,0,0.7957,0.0533,GREEN,28,Bengaluru
CLM0041632,BEN_05197,Electronic City,2018-01-10,10,0,0,0,0,0,0,0,0,0,1.0,1.0,0,1.0,0,303,4,0,0.373,0.0114,GREEN,58,Bengaluru
CLM0041633,BEN_03383,BTM Layout,2021-09-27,10,0,0,0,0,0,0,1,0,0,1.0,0.365593,0,0.0,0,378,3,3,0.7805,0.1576,GREEN,57,Bengaluru
CLM0041634,BEN_02459,Koramangala,2019-11-10,10,0,0,0,0,0,0,0,0,0,0.0,1.0,0,0.0,0,152,2,5,0.8442,0.0,GREEN,44,Bengaluru
CLM0041635,BEN_02959,Whitefield,2021-01-11,7,0,0,0,0,0,0,0,0,0,0.0,0.996406,0,0.0,0,301,0,0,0.605,0.0,GREEN,45,Bengaluru
CLM0041636,BEN_06771,BTM Layout,2018-09-20,21,0,0,0,0,0,1,0,0,0,1.0,1.0,0,0.0,0,420,4,6,0.5646,0.2926,GREEN,48,Bengaluru
CLM0041637,BEN_06236,Koramangala,2023-03-31,7,0,0,0,0,0,0,0,0,0,0.0,0.0,0,0.0,0,162,3,0,0.928,0.0,GREEN,51,Bengaluru
CLM0041638,BEN_01286,Whitefield,2021-01-24,15,0,0,0,0,0,0,1,0,0,0.0,0.0,0,0.0,0,327,2,5,0.8094,0.0434,GREEN,56,Bengaluru
CLM0041639,BEN_00549,Electronic City,2019-05-31,7,0,0,0,1,1,0,0,0,0,1.0,0.204266,0,0.0,0,44,1,0,0.98,0.3678,YELLOW,39,Bengaluru
CLM0041640,BEN_06688,Indiranagar,2018-03-11,15,0,0,0,0,0,0,0,0,0,0.0,0.240769,0,0.0,0,420,1,3,0.9405,0.0608,GREEN,54,Bengaluru
CLM0041641,BEN_01792,Jayanagar,2022-01-10,19,0,0,0,0,0,0,0,0,0,0.0,0.162351,0,0.0,0,10,1,3,0.2372,0.0043,GREEN,37,Bengaluru
CLM0041642,BEN_00826,Jayanagar,2020-12-02,7,0,0,0,0,0,0,0,0,0,0.0,0.370944,0,0.0,0,206,1,8,0.05,0.0,GREEN,28,Bengaluru
CLM0041643,BEN_08176,Marathahalli,2025-04-25,20,0,0,0,0,0,0,0,0,1,0.0,0.92042,0,0.0,0,75,4,6,0.6917,0.0927,GREEN,34,Bengaluru
CLM0041644,BEN_06978,Koramangala,2022-11-21,14,0,0,0,1,0,0,0,0,0,0.0,0.259279,0,0.0,0,223,3,0,0.7363,0.1734,GREEN,44,Bengaluru
CLM0041645,BEN_03207,Koramangala,2025-04-01,15,0,0,0,0,0,0,0,0,0,0.0,0.349174,0,0.0,0,63,2,2,0.749,0.1424,GREEN,38,Bengaluru
CLM0041646,BEN_06236,Koramangala,2021-01-07,17,0,0,0,0,0,0,0,0,0,0.0,0.271273,0,0.0,0,420,1,0,0.961,0.0,GREEN,51,Bengaluru
CLM0041647,BEN_07722,Koramangala,2022-04-08,21,0,0,0,0,0,0,0,0,0,0.0,0.0,0,0.0,0,243,1,3,0.7743,0.0383,GREEN,47,Bengaluru
CLM0041648,BEN_06432,Electronic City,2021-01-13,18,0,0,0,0,0,0,0,0,0,1.0,1.0,0,0.0,0,114,1,0,0.753,0.1133,GREEN,58,Bengaluru
CLM0041649,BEN_07508,Marathahalli,2025-06-09,10,0,0,0,0,0,1,0,0,0,0.0,0.165588,0,0.0,0,294,3,0,0.6734,0.0198,GREEN,51,Bengaluru
CLM0041650,BEN_06527,Electronic City,2019-02-23,20,0,0,0,0,0,0,0,0,0,0.0,0.389174,0,0.0,0,370,3,0,0.7142,0.0,GREEN,56,Bengaluru
CLM0041651,BEN_03170,Yelahanka,2020-11-15,20,0,0,0,0,0,0,0,0,0,0.0,0.988676,0,0.0,0,82,4,0,0.4979,0.0541,GREEN,38,Bengaluru
CLM0041652,BEN_06137,Rajajinagar,2024-03-10,11,0,0,0,0,0,0,0,0,0,0.0,0.355918,0,0.0,0,175,4,1,0.5828,0.0001,GREEN,57,Bengaluru
CLM0041653,BEN_06333,Koramangala,2022-09-28,20,0,0,0,0,0,0,0,0,0,0.0,0.075309,0,1.0,0,416,3,2,0.8793,0.0274,GREEN,26,Bengaluru
CLM0041654,BEN_02969,Koramangala,2020-06-18,12,0,0,0,0,0,0,0,0,0,0.0,0.169919,0,0.0,0,376,4,1,0.6112,0.0805,GREEN,59,Bengaluru
CLM0041655,BEN_05859,Rajajinagar,2019-01-23,9,0,0,0,0,0,1,1,0,0,0.0,0.402732,0,0.0,0,194,2,2,0.6481,0.188,GREEN,66,Bengaluru
CLM0041656,BEN_01860,Jayanagar,2021-11-23,18,0,0,0,0,0,0,0,0,0,0.0,0.357992,0,0.0,0,246,4,1,0.8078,0.0,GREEN,36,Bengaluru
CLM0041657,BEN_05351,Electronic City,2019-08-18,9,0,0,0,0,0,0,0,0,0,1.0,0.319678,0,0.0,0,155,4,2,0.6335,0.0113,GREEN,36,Bengaluru
CLM0041658,BEN_00533,Whitefield,2018-06-06,13,0,1,1,0,0,0,0,0,0,0.0,0.991652,0,0.0,0,228,2,0,0.1501,0.0532,GREEN,56,Bengaluru
CLM0041659,BEN_00806,Marathahalli,2019-01-02,10,0,0,0,0,0,0,0,0,0,0.0,0.193144,0,0.0,0,420,3,1,0.05,0.0,GREEN,47,Bengaluru
CLM0041660,BEN_01892,Yelahanka,2018-09-21,8,0,0,0,0,0,0,0,0,0,0.0,0.200511,0,1.0,0,212,4,0,0.5282,0.0537,GREEN,27,Bengaluru
CLM0041661,BEN_05855,HSR Layout,2021-02-17,20,0,0,0,0,0,0,0,0,0,0.0,0.248082,0,0.0,0,200,4,0,0.4912,0.1114,GREEN,54,Bengaluru
CLM0041662,BEN_05570,Rajajinagar,2019-12-23,7,0,0,0,0,0,0,0,0,0,1.0,0.208394,0,0.0,0,94,2,3,0.6957,0.1076,GREEN,45,Bengaluru
CLM0041663,BEN_05001,BTM Layout,2023-05-11,14,0,0,0,0,0,0,0,0,0,0.0,0.203872,0,0.0,0,108,0,0,0.8599,0.1288,GREEN,41,Bengaluru
CLM0041664,BEN_07825,Koramangala,2020-12-15,8,0,0,0,0,0,0,0,0,0,1.0,0.118927,0,0.0,0,82,2,2,0.7715,0.0022,GREEN,44,Bengaluru
CLM0041665,BEN_01401,Indiranagar,2023-08-13,13,0,0,0,0,0,0,0,0,0,0.0,0.027458,0,0.0,0,32,1,3,0.9523,0.0929,GREEN,46,Bengaluru
CLM0041666,BEN_01767,Marathahalli,2020-05-22,20,0,0,0,0,0,0,0,1,0,0.0,0.296377,0,0.0,0,420,0,5,0.7494,0.0811,GREEN,39,Bengaluru
CLM0041667,BEN_06076,BTM Layout,2025-12-17,16,0,0,0,0,0,0,0,1,0,0.0,0.404581,0,0.0,0,420,2,2,0.7372,0.032,GREEN,39,Bengaluru
CLM0041668,BEN_07099,Yelahanka,2022-10-24,19,0,0,0,0,0,0,0,1,0,0.0,0.198895,1,0.0,0,52,3,2,0.55,0.3349,YELLOW,42,Bengaluru
CLM0041669,BEN_06207,HSR Layout,2025-04-28,21,0,0,0,0,0,0,0,0,0,0.0,0.284433,0,0.0,0,418,4,3,0.5486,0.0,GREEN,47,Bengaluru
CLM0041670,BEN_04134,Rajajinagar,2025-02-08,16,0,0,0,0,0,0,0,1,0,0.0,0.374191,0,0.0,0,320,2,5,0.1908,0.0798,GREEN,49,Bengaluru
CLM0041671,BEN_09311,Whitefield,2024-02-14,10,0,0,0,0,0,0,0,0,1,0.0,0.037833,0,0.0,0,102,4,2,0.7137,0.212,GREEN,51,Bengaluru
CLM0041672,BEN_05208,Whitefield,2024-02-04,16,0,0,0,0,0,0,0,1,0,0.0,0.378656,0,0.0,0,374,4,3,0.8401,0.0871,GREEN,35,Bengaluru
CLM0041673,BEN_07234,Marathahalli,2022-04-13,9,0,0,0,0,0,0,0,0,0,0.0,0.363466,0,0.0,0,264,4,0,0.5328,0.0479,GREEN,47,Bengaluru
CLM0041674,BEN_09181,Whitefield,2024-03-12,9,0,0,0,0,0,0,0,0,0,0.0,0.345408,0,0.0,0,420,3,0,0.7826,0.0252,GREEN,38,Bengaluru
CLM0041675,BEN_09191,Electronic City,2023-04-26,8,0,0,0,0,0,0,0,0,0,0.0,0.017145,0,0.0,0,238,2,0,0.2057,0.0005,GREEN,30,Bengaluru
CLM0041676,BEN_02074,Electronic City,2024-04-30,9,0,0,0,0,0,1,0,0,0,1.0,0.172956,0,1.0,0,57,2,2,0.633,0.162,GREEN,39,Bengaluru
CLM0041677,BEN_07060,Yelahanka,2024-05-25,14,0,0,0,1,0,0,1,1,0,0.0,1.0,0,1.0,1,5,0,8,0.7087,0.005,GREEN,31,Bengaluru
CLM0041678,BEN_03158,Jayanagar,2025-03-28,7,0,0,0,0,0,0,0,0,0,0.0,0.138736,0,0.0,0,332,2,1,0.6165,0.0034,GREEN,38,Bengaluru
CLM0041679,BEN_09635,Marathahalli,2025-03-20,7,0,0,0,0,0,0,0,0,0,0.0,0.0,0,1.0,0,113,2,1,0.9695,0.1048,GREEN,65,Bengaluru
CLM0041680,BEN_05066,Electronic City,2025-11-05,10,0,0,0,0,0,0,0,0,0,0.0,0.05968,0,0.0,0,213,0,2,0.6425,0.0458,GREEN,45,Bengaluru
CLM0041681,BEN_07046,Electronic City,2025-03-19,10,0,0,0,0,0,0,1,0,0,0.0,0.285758,0,0.0,0,341,3,5,0.7789,0.002,GREEN,45,Bengaluru
CLM0041682,BEN_03308,Electronic City,2023-12-30,19,0,0,0,0,0,1,0,0,0,0.0,0.189974,0,0.0,0,177,4,0,0.7335,0.1628,GREEN,34,Bengaluru
CLM0041683,BEN_06259,Whitefield,2024-12-01,20,0,0,0,1,0,0,0,0,0,0.0,0.426994,0,0.0,0,420,2,3,0.7779,0.269,GREEN,47,Bengaluru
CLM0041684,BEN_02640,Rajajinagar,2025-10-08,19,0,0,0,0,0,0,0,0,0,0.0,0.188115,0,0.0,0,282,0,3,0.8649,0.006,GREEN,42,Bengaluru
CLM0041685,BEN_03633,Whitefield,2024-05-27,10,0,0,0,0,0,0,0,1,0,0.0,0.199407,0,0.0,0,110,0,2,0.9133,0.0782,GREEN,62,Bengaluru
CLM0041686,BEN_06393,Whitefield,2025-10-29,14,0,0,0,0,0,0,0,0,0,0.0,0.001978,0,0.0,0,420,3,3,0.8914,0.014,GREEN,32,Bengaluru
CLM0041687,BEN_06513,HSR Layout,2024-12-19,10,0,0,0,0,0,1,0,1,0,0.0,0.35687,0,0.0,0,287,1,2,0.8304,0.2082,GREEN,46,Bengaluru
CLM0041688,BEN_03523,Yelahanka,2025-06-17,21,0,0,0,0,0,0,0,0,0,0.0,0.446646,0,0.0,0,274,3,0,0.9222,0.0397,GREEN,35,Bengaluru
CLM0041689,BEN_03229,Rajajinagar,2025-05-24,16,0,0,0,1,0,0,0,0,0,0.0,0.12631,0,0.0,0,155,4,0,0.898,0.1254,GREEN,69,Bengaluru
CLM0041690,BEN_04993,Jayanagar,2025-01-20,12,0,0,0,0,0,0,0,0,0,0.0,0.147242,0,0.0,0,195,3,0,0.1423,0.0,GREEN,57,Bengaluru
CLM0041691,BEN_04708,Indiranagar,2025-11-02,14,0,0,0,0,0,0,0,0,0,1.0,0.348679,0,0.0,0,345,1,2,0.8057,0.193,GREEN,40,Bengaluru
CLM0041692,BEN_03056,Marathahalli,2024-03-20,21,0,0,0,0,0,0,0,0,0,0.0,0.378696,0,0.0,0,104,4,0,0.98,0.0131,GREEN,35,Bengaluru
CLM0041693,BEN_00377,Yelahanka,2025-02-17,13,0,0,0,0,0,0,0,0,0,0.0,0.97246,0,0.0,0,8,3,4,0.7915,0.0958,GREEN,50,Bengaluru
CLM0041694,BEN_09132,Jayanagar,2024-06-11,10,0,0,0,0,1,0,0,0,1,0.0,0.122988,0,0.0,0,398,2,2,0.5017,0.2569,GREEN,47,Bengaluru
CLM0041695,BEN_07513,Marathahalli,2025-12-10,21,0,0,0,0,0,0,1,0,0,0.0,0.352456,0,0.0,0,82,2,1,0.9134,0.041,GREEN,44,Bengaluru
CLM0041696,BEN_06793,Electronic City,2023-11-06,14,0,0,0,0,0,1,0,0,0,0.0,0.215525,1,0.0,0,99,1,0,0.9386,0.1911,GREEN,36,Bengaluru
CLM0041697,BEN_04075,Rajajinagar,2025-05-29,20,0,0,0,0,0,0,0,0,1,0.0,0.150809,0,0.0,0,68,1,3,0.965,0.1032,GREEN,40,Bengaluru
CLM0041698,BEN_04910,Koramangala,2021-03-04,9,0,0,0,0,0,0,0,0,0,0.0,0.219958,0,0.0,0,26,3,1,0.8294,0.0,GREEN,23,Bengaluru
CLM0041699,BEN_02008,Indiranagar,2024-03-19,8,0,0,0,0,0,0,0,0,0,0.0,0.166807,0,0.0,1,69,1,7,0.05,0.0152,GREEN,63,Bengaluru
CLM0041700,BEN_02209,BTM Layout,2022-02-20,8,0,0,0,0,0,0,0,0,0,0.0,0.416165,0,0.0,0,161,1,2,0.9403,0.0,GREEN,32,Bengaluru
CLM0041701,BEN_01533,Yelahanka,2023-01-06,18,0,0,0,0,0,0,0,0,0,0.0,0.284976,0,0.0,0,142,0,8,0.5522,0.0,GREEN,33,Bengaluru
CLM0041702,BEN_06369,HSR Layout,2024-01-21,8,0,1,1,0,1,0,0,0,1,0.0,0.159698,0,0.0,0,420,3,1,0.98,0.1908,GREEN,58,Bengaluru
CLM0041703,BEN_06031,Koramangala,2024-10-08,14,0,0,0,0,0,0,0,0,0,0.0,0.170316,0,0.0,0,420,0,4,0.6823,0.0,GREEN,64,Bengaluru
CLM0041704,BEN_01774,Rajajinagar,2023-08-07,9,0,0,0,0,0,0,0,0,0,0.0,0.129282,0,0.0,0,194,4,4,0.4868,0.0,GREEN,65,Bengaluru
CLM0041705,BEN_04705,Marathahalli,2025-09-09,7,0,0,0,0,0,0,0,1,0,0.0,1.0,0,0.0,0,107,0,6,0.1153,0.1314,GREEN,36,Bengaluru
CLM0041706,BEN_03090,Jayanagar,2023-08-28,17,0,0,0,0,0,1,0,0,0,0.0,0.32418,0,0.0,0,420,2,0,0.9438,0.1571,GREEN,50,Bengaluru
CLM0041707,BEN_08943,Rajajinagar,2024-12-07,8,0,0,0,0,1,0,0,0,0,0.0,0.350799,0,0.0,0,387,3,3,0.7941,0.1074,GREEN,29,Bengaluru
CLM0041708,BEN_09869,BTM Layout,2025-04-19,18,0,0,0,1,0,0,1,1,0,0.0,1.0,0,1.0,1,5,3,18,0.3185,0.1262,GREEN,30,Bengaluru
CLM0041709,BEN_00360,Marathahalli,2025-06-22,18,0,0,0,0,0,0,0,0,0,0.0,0.040663,0,0.0,0,288,1,3,0.7872,0.0,GREEN,39,Bengaluru
CLM0041710,BEN_08876,Marathahalli,2025-08-14,16,0,1,1,1,0,0,1,0,1,0.0,1.0,1,1.0,1,5,0,18,0.4377,0.5821,YELLOW,55,Bengaluru
CLM0041711,BEN_02404,Marathahalli,2025-06-14,12,0,1,1,1,0,1,1,0,1,1.0,1.0,0,1.0,1,5,2,18,0.2116,0.5179,YELLOW,33,Bengaluru
CLM0041712,BEN_00743,HSR Layout,2025-07-08,7,0,1,1,0,0,0,0,1,0,1.0,1.0,0,0.0,1,5,0,14,0.1809,0.3486,YELLOW,32,Bengaluru
CLM0041713,BEN_04540,Electronic City,2025-03-14,14,0,1,1,1,1,0,1,0,0,0.0,0.10838,1,0.0,1,5,1,8,0.8602,0.7025,RED,37,Bengaluru
CLM0041714,BEN_06139,Yelahanka,2024-03-26,16,0,1,1,1,0,0,1,1,1,0.0,0.447885,0,0.0,1,14,0,18,0.3772,0.616,RED,36,Bengaluru
CLM0041715,BEN_05060,Rajajinagar,2024-03-14,21,0,1,1,0,0,0,1,0,0,0.0,1.0,0,0.0,0,244,2,3,0.42,0.9169,RED,46,Bengaluru
CLM0041716,BEN_02943,Indiranagar,2025-09-12,17,0,1,1,1,0,1,0,1,1,0.0,0.506371,0,0.0,0,111,1,5,0.7695,0.6622,RED,42,Bengaluru
CLM0041717,BEN_00006,Koramangala,2025-06-27,10,0,1,1,0,1,1,1,1,1,1.0,1.0,0,1.0,0,12,0,18,0.6378,0.772,RED,56,Bengaluru
CLM0041718,BEN_01330,HSR Layout,2024-09-02,17,0,1,1,1,0,1,1,1,0,0.0,0.18561,0,0.0,1,29,1,18,0.98,0.6116,RED,56,Bengaluru
CLM0041719,BEN_02754,Whitefield,2022-01-25,20,0,1,1,1,0,1,1,1,0,1.0,0.976667,1,1.0,0,5,1,18,0.1741,0.6318,RED,34,Bengaluru
CLM0041720,BEN_01346,Whitefield,2022-10-23,10,0,1,1,1,1,1,1,0,0,1.0,0.978489,1,1.0,1,17,1,18,0.1309,0.7606,RED,49,Bengaluru
CLM0041721,BEN_04544,Yelahanka,2024-10-21,19,0,1,1,0,0,0,0,1,1,1.0,1.0,0,0.0,1,38,1,18,0.8375,0.375,YELLOW,47,Bengaluru
CLM0041722,BEN_09002,BTM Layout,2021-02-03,16,0,1,1,1,0,0,1,1,0,1.0,1.0,0,0.0,1,6,2,16,0.05,0.5378,YELLOW,48,Bengaluru
CLM0041723,BEN_07530,Marathahalli,2024-01-18,21,0,1,1,1,0,1,1,1,1,0.0,0.221714,1,0.0,0,6,2,18,0.8229,0.8122,RED,38,Bengaluru
CLM0041724,BEN_00095,Marathahalli,2025-06-23,20,0,1,1,1,1,0,1,1,1,1.0,0.982615,0,1.0,1,5,1,18,0.3788,0.8335,RED,36,Bengaluru
CLM0041725,BEN_01760,Indiranagar,2020-08-07,11,0,1,1,0,0,1,0,0,0,0.0,0.03756,0,0.0,0,35,1,0,0.1853,0.7994,RED,48,Bengaluru
CLM0041726,BEN_05711,Indiranagar,2021-07-06,20,0,1,1,1,1,1,1,0,1,1.0,1.0,1,1.0,0,5,1,18,0.2944,0.8166,RED,40,Bengaluru
CLM0041727,BEN_02262,BTM Layout,2020-07-30,9,0,1,1,0,0,1,1,1,1,0.0,0.58459,0,1.0,0,37,2,18,0.05,0.5246,YELLOW,33,Bengaluru
CLM0041728,BEN_09255,Koramangala,2025-07-13,14,0,1,1,1,1,1,1,1,1,1.0,0.992264,0,0.0,1,5,2,18,0.4106,0.7465,RED,56,Bengaluru
CLM0041729,BEN_02084,Whitefield,2020-07-23,21,0,1,1,0,1,1,1,1,1,0.0,0.121104,0,0.0,1,5,0,18,0.7457,0.7611,RED,32,Bengaluru
CLM0041730,BEN_00357,Marathahalli,2016-04-19,9,0,0,0,0,0,0,1,0,0,0.0,1.0,0,0.0,0,326,3,0,0.9248,0.0579,GREEN,49,Bengaluru
CLM0041731,BEN_07903,BTM Layout,2021-01-23,17,0,0,0,0,0,0,1,0,0,0.0,0.288541,0,0.0,1,281,3,4,0.5039,0.0696,GREEN,51,Bengaluru
CLM0041732,BEN_00780,Yelahanka,2024-09-21,19,0,0,0,0,0,0,0,0,0,0.0,0.128683,0,0.0,0,212,4,1,0.2939,0.0,GREEN,47,Bengaluru
CLM0041733,BEN_04078,Jayanagar,2023-10-12,10,0,0,0,0,0,1,0,0,0,0.0,0.143986,1,0.0,0,396,1,2,0.05,0.0997,GREEN,46,Bengaluru
CLM0041734,BEN_03338,Marathahalli,2023-07-12,16,0,0,0,1,0,1,0,1,1,0.0,0.376071,0,0.0,0,142,3,6,0.7292,0.4433,YELLOW,60,Bengaluru
CLM0041735,BEN_05388,Marathahalli,2025-05-24,14,0,0,0,0,1,0,0,0,0,0.0,0.189499,0,0.0,0,5,0,0,0.8206,0.0663,GREEN,32,Bengaluru
CLM0041736,BEN_01454,Marathahalli,2020-01-22,20,0,0,0,0,0,0,0,0,0,0.0,0.314847,0,0.0,1,293,3,4,0.7946,0.1026,GREEN,52,Bengaluru
CLM0041737,BEN_08894,Koramangala,2025-03-28,21,0,0,0,0,0,0,0,0,0,1.0,0.106318,0,0.0,0,176,1,1,0.7486,0.1598,GREEN,40,Bengaluru
CLM0041738,BEN_01202,BTM Layout,2023-02-17,20,0,0,0,1,1,1,1,1,1,1.0,0.970162,0,0.0,1,7,2,18,0.2243,0.0778,GREEN,38,Bengaluru
CLM0041739,BEN_07883,Indiranagar,2016-04-25,18,0,0,0,0,0,1,0,0,0,0.0,0.322926,0,0.0,1,81,3,3,0.98,0.2247,GREEN,43,Bengaluru
CLM0041740,BEN_03073,HSR Layout,2023-08-22,7,0,0,0,0,0,0,0,1,0,1.0,0.283986,0,0.0,0,392,2,3,0.911,0.0661,GREEN,51,Bengaluru
CLM0041741,BEN_02155,Marathahalli,2017-09-24,20,0,0,0,0,0,0,0,0,0,0.0,0.313437,0,0.0,0,153,1,4,0.7546,0.0,GREEN,32,Bengaluru
CLM0041742,BEN_03298,Jayanagar,2018-05-03,17,0,0,0,0,0,0,1,0,0,1.0,1.0,0,1.0,0,218,4,0,0.662,0.1122,GREEN,42,Bengaluru
CLM0041743,BEN_00801,Electronic City,2018-10-30,13,0,0,0,0,0,0,0,0,0,0.0,0.172717,0,0.0,0,57,4,0,0.9268,0.023,GREEN,44,Bengaluru
CLM0041744,BEN_07006,Rajajinagar,2016-09-21,16,0,0,0,0,0,0,0,0,0,0.0,0.248592,0,0.0,0,104,1,2,0.3786,0.0709,GREEN,45,Bengaluru
CLM0041745,BEN_00904,Rajajinagar,2021-11-12,17,0,0,0,1,0,0,0,1,0,0.0,0.0,0,0.0,0,318,0,5,0.8641,0.2015,GREEN,60,Bengaluru
CLM0041746,BEN_06473,HSR Layout,2022-02-21,15,0,0,0,0,1,0,1,1,1,1.0,0.998326,0,1.0,0,25,4,13,0.1246,0.0,GREEN,35,Bengaluru
CLM0041747,BEN_04197,Whitefield,2022-03-05,14,0,0,0,0,0,0,0,1,0,1.0,1.0,0,0.0,1,8,2,13,0.2022,0.2288,GREEN,41,Bengaluru
CLM0041748,BEN_00588,Jayanagar,2022-01-06,14,0,1,1,0,1,0,0,0,0,0.0,0.930729,0,1.0,0,420,2,3,0.0916,0.3421,YELLOW,28,Bengaluru
CLM0041749,BEN_03802,Whitefield,2024-05-03,8,0,0,0,0,0,0,0,0,0,0.0,1.0,0,0.0,0,420,1,1,0.978,0.0,GREEN,38,Bengaluru
CLM0041750,BEN_06715,Whitefield,2023-12-14,11,0,0,0,0,0,0,0,0,0,0.0,0.077465,0,0.0,0,420,2,5,0.7852,0.023,GREEN,48,Bengaluru
CLM0041751,BEN_08551,Rajajinagar,2022-07-07,14,0,0,0,0,0,0,0,0,0,1.0,0.133688,0,0.0,0,416,3,4,0.98,0.0,GREEN,35,Bengaluru
CLM0041752,BEN_01547,Whitefield,2025-07-30,8,0,0,0,0,0,0,0,0,0,0.0,0.266255,0,0.0,0,144,4,0,0.2772,0.012,GREEN,40,Bengaluru
CLM0041753,BEN_03027,Electronic City,2024-04-30,19,0,0,0,0,0,0,0,0,0,0.0,0.319265,0,0.0,0,420,1,2,0.6714,0.0109,GREEN,39,Bengaluru
CLM0041754,BEN_09304,Rajajinagar,2025-03-07,13,0,1,1,0,0,0,0,0,0,0.0,0.053633,0,1.0,0,127,0,3,0.8033,0.0,GREEN,46,Bengaluru
CLM0041755,BEN_06717,HSR Layout,2025-07-05,18,0,0,0,1,0,0,0,0,0,0.0,0.0,0,0.0,0,420,1,4,0.6671,0.1919,GREEN,18,Bengaluru
CLM0041756,BEN_07161,HSR Layout,2025-03-16,12,0,1,1,0,0,0,0,0,0,0.0,0.34728,0,0.0,1,303,0,1,0.103,0.0948,GREEN,33,Bengaluru
CLM0041757,BEN_09102,Whitefield,2023-05-03,16,0,0,0,1,0,0,0,0,0,0.0,0.0,0,0.0,0,122,4,5,0.5244,0.1516,GREEN,48,Bengaluru
CLM0041758,BEN_04260,Rajajinagar,2023-09-11,17,0,0,0,0,0,0,0,0,0,0.0,0.305369,0,0.0,0,43,4,0,0.4697,0.0365,GREEN,50,Bengaluru
CLM0041759,BEN_09165,BTM Layout,2023-08-18,9,0,0,0,0,0,0,0,0,0,0.0,0.042984,0,0.0,0,420,0,0,0.9144,0.0,GREEN,65,Bengaluru
CLM0041760,BEN_02208,Whitefield,2018-03-24,7,0,0,0,0,0,0,0,1,0,0.0,0.235656,0,0.0,0,270,3,2,0.1522,0.1367,GREEN,76,Bengaluru
CLM0041761,BEN_03962,HSR Layout,2016-07-12,20,0,0,0,0,0,0,0,0,0,0.0,1.0,0,0.0,0,420,4,2,0.86,0.0661,GREEN,40,Bengaluru
CLM0041762,BEN_09578,Whitefield,2020-09-30,9,0,0,0,0,0,0,0,0,0,0.0,0.288179,0,0.0,0,420,1,2,0.8463,0.0377,GREEN,42,Bengaluru
CLM0041763,BEN_07265,HSR Layout,2017-03-24,7,0,0,0,0,0,0,0,0,0,0.0,0.232769,0,0.0,0,420,3,3,0.7146,0.0,GREEN,38,Bengaluru
CLM0041764,BEN_01555,BTM Layout,2021-08-28,21,0,0,0,0,0,0,0,0,0,0.0,0.037493,0,0.0,0,273,4,3,0.98,0.0,GREEN,45,Bengaluru
CLM0041765,BEN_00676,Koramangala,2016-08-03,16,0,0,0,1,1,1,1,0,0,1.0,0.447295,0,1.0,1,17,2,18,0.05,0.0531,GREEN,37,Bengaluru
CLM0041766,BEN_06088,Jayanagar,2023-02-17,20,0,0,0,0,0,0,0,0,1,0.0,0.262341,0,0.0,1,403,3,1,0.8343,0.1565,GREEN,52,Bengaluru
CLM0041767,BEN_06371,Jayanagar,2025-10-25,12,0,0,0,0,0,0,0,0,0,0.0,0.507045,0,0.0,0,95,2,3,0.0509,0.1264,GREEN,36,Bengaluru
CLM0041768,BEN_08307,Jayanagar,2024-11-25,11,0,0,0,0,0,0,0,0,0,1.0,1.0,0,0.0,0,417,3,2,0.4976,0.0812,GREEN,24,Bengaluru
CLM0041769,BEN_07878,Whitefield,2025-10-14,8,0,0,0,0,0,1,0,0,0,0.0,0.054568,0,0.0,0,317,4,3,0.8024,0.1142,GREEN,35,Bengaluru
CLM0041770,BEN_00508,Jayanagar,2025-04-16,14,0,0,0,0,0,0,0,0,0,0.0,0.240724,0,0.0,0,185,4,0,0.9181,0.0,GREEN,23,Bengaluru
CLM0041771,BEN_06115,Koramangala,2025-07-21,10,0,0,0,0,0,0,0,0,0,0.0,0.124632,0,0.0,0,371,1,0,0.8601,0.0,GREEN,48,Bengaluru
CLM0041772,BEN_05134,Whitefield,2024-05-20,18,0,0,0,0,0,0,0,0,0,0.0,0.351699,0,0.0,0,43,2,4,0.8913,0.0884,GREEN,66,Bengaluru
CLM0041773,BEN_00109,Yelahanka,2024-11-02,19,0,0,0,0,0,0,0,0,0,0.0,0.27738,0,0.0,0,149,1,3,0.8572,0.108,GREEN,47,Bengaluru
CLM0041774,BEN_01846,Electronic City,2024-11-20,7,0,1,1,0,0,0,0,0,0,0.0,0.150396,0,1.0,0,235,2,4,0.1714,0.0,GREEN,43,Bengaluru
CLM0041775,BEN_05793,Yelahanka,2025-12-29,11,0,0,0,1,0,0,0,0,0,0.0,0.270548,0,0.0,0,220,1,3,0.98,0.1432,GREEN,41,Bengaluru
CLM0041776,BEN_01485,Rajajinagar,2024-03-11,18,0,1,1,0,0,0,1,0,1,0.0,0.091717,0,0.0,0,6,3,18,0.98,0.0743,GREEN,45,Bengaluru
CLM0041777,BEN_00314,Rajajinagar,2025-10-28,15,0,0,0,0,0,0,0,0,0,1.0,0.162466,0,0.0,1,199,0,3,0.8807,0.1114,GREEN,44,Bengaluru
CLM0041778,BEN_08922,Yelahanka,2024-10-13,19,0,1,1,0,0,0,0,1,0,0.0,0.221323,0,0.0,0,420,4,0,0.8285,0.1409,GREEN,30,Bengaluru
CLM0041779,BEN_05777,Marathahalli,2024-11-22,21,0,0,0,0,1,1,0,0,0,0.0,0.178809,0,0.0,0,29,4,2,0.6672,0.1653,GREEN,27,Bengaluru
CLM0041780,BEN_03943,BTM Layout,2024-04-15,10,0,0,0,0,0,0,0,0,0,0.0,0.235502,0,0.0,0,38,0,4,0.8966,0.0352,GREEN,18,Bengaluru
CLM0041781,BEN_04061,Indiranagar,2019-05-03,14,0,0,0,0,0,0,0,0,1,0.0,0.196453,1,0.0,0,76,2,0,0.5835,0.0991,GREEN,43,Bengaluru
CLM0041782,BEN_02639,Whitefield,2023-08-04,9,0,0,0,0,0,0,0,0,1,1.0,0.334767,0,0.0,0,228,4,0,0.4471,0.1638,GREEN,31,Bengaluru
CLM0041783,BEN_03042,Electronic City,2025-09-30,10,0,1,1,1,0,0,0,0,0,0.0,0.301824,0,0.0,0,381,4,1,0.8325,0.1217,GREEN,37,Bengaluru
CLM0041784,BEN_01942,Whitefield,2022-02-14,14,0,0,0,0,0,0,0,0,0,0.0,0.179573,1,1.0,0,341,1,0,0.7862,0.018,GREEN,44,Bengaluru
CLM0041785,BEN_05148,Jayanagar,2019-08-13,14,0,0,0,0,0,0,0,0,0,0.0,0.404425,0,0.0,0,282,2,0,0.7128,0.0208,GREEN,32,Bengaluru
CLM0041786,BEN_06944,BTM Layout,2024-04-18,18,0,0,0,1,0,0,0,0,0,0.0,0.222034,0,0.0,0,420,1,0,0.3138,0.1051,GREEN,49,Bengaluru
CLM0041787,BEN_07780,BTM Layout,2022-11-07,20,0,1,1,1,1,1,1,1,1,0.0,1.0,0,0.0,1,5,3,18,0.2181,0.1171,GREEN,41,Bengaluru
CLM0041788,BEN_02081,Koramangala,2022-03-27,8,0,0,0,0,0,0,0,0,0,0.0,0.14577,0,0.0,0,70,2,7,0.4011,0.0,GREEN,42,Bengaluru
CLM0041789,BEN_08043,Whitefield,2024-05-02,11,0,0,0,0,0,0,0,0,0,0.0,0.189472,0,0.0,0,200,2,3,0.3623,0.0041,GREEN,61,Bengaluru
CLM0041790,BEN_04715,Rajajinagar,2024-08-26,13,0,0,0,0,1,0,0,0,0,0.0,0.215435,0,0.0,1,78,4,2,0.05,0.1365,GREEN,50,Bengaluru
CLM0041791,BEN_00889,BTM Layout,2024-05-04,13,0,0,0,0,1,0,0,0,0,0.0,0.137706,0,0.0,0,250,4,4,0.2607,0.0611,GREEN,59,Bengaluru
CLM0041792,BEN_05939,Koramangala,2024-11-18,8,0,0,0,0,0,0,0,0,0,0.0,0.09076,0,1.0,0,420,4,0,0.5436,0.0318,GREEN,33,Bengaluru
CLM0041793,BEN_05213,Marathahalli,2025-01-21,13,0,0,0,0,0,0,1,0,0,0.0,0.159549,0,0.0,1,177,0,5,0.6756,0.2045,GREEN,40,Bengaluru
CLM0041794,BEN_02586,Jayanagar,2025-11-16,13,0,0,0,0,0,0,0,0,0,0.0,0.013807,0,0.0,0,420,2,0,0.7228,0.0945,GREEN,63,Bengaluru
CLM0041795,BEN_07624,Koramangala,2024-03-28,17,0,0,0,0,0,1,0,1,0,0.0,0.102736,0,0.0,0,347,1,5,0.98,0.3084,GREEN,37,Bengaluru
CLM0041796,BEN_06720,Yelahanka,2025-07-01,12,0,0,0,0,0,0,0,0,0,0.0,0.10456,1,0.0,0,79,1,0,0.6349,0.0771,GREEN,28,Bengaluru
CLM0041797,BEN_02169,Rajajinagar,2024-05-11,17,0,0,0,0,0,0,0,0,0,1.0,0.251691,0,0.0,0,119,3,4,0.8306,0.0237,GREEN,26,Bengaluru
CLM0041798,BEN_01292,Jayanagar,2025-01-04,15,0,0,0,0,0,0,0,0,0,0.0,0.418657,0,0.0,0,98,3,1,0.8138,0.0,GREEN,51,Bengaluru
CLM0041799,BEN_05712,Rajajinagar,2025-08-13,20,0,0,0,0,0,0,0,0,0,1.0,1.0,0,0.0,0,420,1,0,0.8298,0.1388,GREEN,63,Bengaluru
CLM0041800,BEN_02351,Indiranagar,2025-09-07,20,0,0,0,0,0,0,0,0,0,0.0,0.315334,0,0.0,0,339,0,0,0.5923,0.0636,GREEN,49,Bengaluru
CLM0041801,BEN_03260,Rajajinagar,2016-11-15,18,0,0,0,0,0,0,0,0,0,1.0,0.339573,0,0.0,0,365,3,6,0.7189,0.0863,GREEN,42,Bengaluru
CLM0041802,BEN_09328,Yelahanka,2025-01-06,13,0,0,0,0,0,0,0,1,0,0.0,0.0,0,0.0,0,144,1,0,0.98,0.1637,GREEN,55,Bengaluru
CLM0041803,BEN_03004,BTM Layout,2025-10-12,13,0,0,0,0,0,0,0,0,0,0.0,0.059991,0,0.0,0,259,3,0,0.5126,0.0,GREEN,45,Bengaluru
CLM0041804,BEN_09876,Jayanagar,2021-05-10,9,0,0,0,0,0,0,0,0,0,0.0,0.999204,0,0.0,0,244,3,3,0.0621,0.0,GREEN,55,Bengaluru
CLM0041805,BEN_01310,Jayanagar,2025-08-24,19,0,0,0,0,0,0,0,0,0,0.0,0.033488,0,0.0,0,105,0,1,0.808,0.0514,GREEN,47,Bengaluru
CLM0041806,BEN_06410,Jayanagar,2025-03-30,12,0,0,0,1,0,0,0,0,0,1.0,0.37198,0,0.0,0,420,0,2,0.8087,0.2414,GREEN,41,Bengaluru
CLM0041807,BEN_01039,Jayanagar,2023-07-22,11,0,0,0,1,0,0,0,0,0,0.0,0.437202,1,0.0,0,248,0,3,0.8404,0.2241,GREEN,37,Bengaluru
CLM0041808,BEN_08086,Whitefield,2018-06-28,8,0,0,0,0,0,0,0,0,0,0.0,0.18714,0,0.0,0,48,3,4,0.6095,0.1423,GREEN,53,Bengaluru
CLM0041809,BEN_05015,BTM Layout,2025-07-27,18,0,0,0,0,0,0,0,0,0,0.0,0.38799,0,0.0,1,248,4,1,0.4435,0.05,GREEN,21,Bengaluru
CLM0041810,BEN_05124,Yelahanka,2020-01-03,16,0,0,0,0,0,0,0,0,0,0.0,0.236304,0,0.0,0,187,2,4,0.7461,0.0557,GREEN,61,Bengaluru
CLM0041811,BEN_06801,Electronic City,2023-08-03,14,0,0,0,1,1,0,1,0,0,1.0,0.968445,0,0.0,0,5,3,9,0.1925,0.0,GREEN,46,Bengaluru
CLM0041812,BEN_01060,Yelahanka,2024-02-10,14,0,0,0,0,0,0,0,0,0,0.0,0.012829,0,0.0,0,293,3,7,0.98,0.0057,GREEN,40,Bengaluru
CLM0041813,BEN_07233,BTM Layout,2025-09-22,15,0,0,0,0,0,0,0,1,0,0.0,0.335625,0,0.0,0,123,3,4,0.05,0.0359,GREEN,50,Bengaluru
CLM0041814,BEN_08372,BTM Layout,2024-07-04,19,0,0,0,0,0,0,0,1,0,0.0,0.255636,0,0.0,0,420,4,1,0.6203,0.1198,GREEN,32,Bengaluru
CLM0041815,BEN_05661,Marathahalli,2025-07-31,15,0,0,0,1,1,0,0,0,0,0.0,0.112869,0,0.0,0,98,1,0,0.6189,0.1835,GREEN,69,Bengaluru
CLM0041816,BEN_05108,Yelahanka,2024-12-28,7,0,0,0,0,0,0,0,0,0,0.0,0.063831,0,0.0,0,400,4,4,0.7512,0.0,GREEN,44,Bengaluru
CLM0041817,BEN_01727,Indiranagar,2023-01-25,19,0,0,0,0,0,0,0,0,0,0.0,0.266096,0,0.0,0,420,2,0,0.8889,0.1227,GREEN,40,Bengaluru
CLM0041818,BEN_05653,Marathahalli,2022-05-10,14,0,0,0,0,0,0,0,0,0,0.0,0.326224,0,0.0,0,377,2,0,0.6561,0.0,GREEN,43,Bengaluru
CLM0041819,BEN_05800,Koramangala,2020-12-10,20,0,0,0,0,0,0,1,0,0,0.0,0.319998,0,0.0,0,82,0,2,0.4633,0.0896,GREEN,37,Bengaluru
CLM0041820,BEN_02407,Electronic City,2021-05-18,13,0,0,0,0,0,0,0,0,0,0.0,0.367666,0,0.0,0,355,3,3,0.8519,0.0584,GREEN,46,Bengaluru
CLM0041821,BEN_03986,Koramangala,2023-01-08,12,0,0,0,1,0,0,0,0,0,1.0,0.171644,0,0.0,0,415,0,1,0.7344,0.2463,GREEN,34,Bengaluru
CLM0041822,BEN_06540,BTM Layout,2021-04-20,11,0,0,0,0,0,0,0,0,0,0.0,0.288982,0,0.0,0,290,4,2,0.1671,0.0483,GREEN,49,Bengaluru
CLM0041823,BEN_05528,Yelahanka,2020-03-29,14,0,0,0,0,0,0,0,0,0,0.0,0.261108,0,0.0,0,379,4,3,0.8749,0.0047,GREEN,56,Bengaluru
CLM0041824,BEN_06248,Koramangala,2022-04-18,12,0,0,0,0,0,0,0,0,0,0.0,0.400352,0,0.0,0,74,1,4,0.2646,0.0,GREEN,19,Bengaluru
CLM0041825,BEN_03742,Whitefield,2023-10-15,9,0,0,0,0,0,0,0,0,0,0.0,0.305496,0,0.0,0,85,1,0,0.05,0.0,GREEN,49,Bengaluru
CLM0041826,BEN_03407,Indiranagar,2024-04-20,11,0,0,0,0,0,0,0,0,0,0.0,1.0,0,0.0,0,224,3,0,0.98,0.0,GREEN,41,Bengaluru
CLM0041827,BEN_09670,Indiranagar,2024-03-09,12,0,0,0,0,0,0,0,0,0,0.0,1.0,0,0.0,0,44,0,4,0.3008,0.0,GREEN,43,Bengaluru
CLM0041828,BEN_03956,Whitefield,2024-12-03,9,0,0,0,0,0,0,0,0,0,0.0,0.410311,0,0.0,0,323,0,1,0.7513,0.0401,GREEN,33,Bengaluru
CLM0041829,BEN_01833,Jayanagar,2024-01-04,19,0,1,1,0,0,0,0,0,0,0.0,0.994581,0,0.0,0,159,4,0,0.4883,0.0,GREEN,29,Bengaluru
CLM0041830,BEN_07265,HSR Layout,2023-12-10,18,0,0,0,0,0,0,0,0,0,0.0,0.0,0,0.0,0,334,1,0,0.4794,0.0,GREEN,38,Bengaluru
CLM0041831,BEN_08427,HSR Layout,2024-12-29,19,0,0,0,0,0,0,0,0,0,0.0,0.244003,0,0.0,0,201,3,1,0.7288,0.0,GREEN,52,Bengaluru
CLM0041832,BEN_05485,HSR Layout,2024-09-20,7,0,0,0,0,0,0,0,0,0,0.0,0.194615,0,0.0,0,22,1,0,0.98,0.223,GREEN,37,Bengaluru
CLM0041833,BEN_05216,BTM Layout,2025-10-03,11,0,0,0,0,0,1,0,0,0,0.0,0.118527,0,0.0,0,420,2,2,0.9497,0.1751,GREEN,18,Bengaluru
CLM0041834,BEN_01523,Rajajinagar,2024-11-21,15,0,0,0,0,0,0,0,0,0,0.0,0.998178,0,0.0,0,420,0,4,0.9403,0.1946,GREEN,61,Bengaluru
CLM0041835,BEN_08827,Marathahalli,2025-09-12,9,0,0,0,0,0,0,0,0,0,0.0,0.0,0,0.0,0,100,0,1,0.6569,0.0669,GREEN,35,Bengaluru
CLM0041836,BEN_01798,Koramangala,2024-09-03,17,0,0,0,0,0,0,0,0,0,0.0,0.043335,0,0.0,0,72,3,2,0.1603,0.0032,GREEN,45,Bengaluru
CLM0041837,BEN_05712,Rajajinagar,2019-07-08,12,0,0,0,0,0,0,0,0,0,0.0,0.23246,0,0.0,0,79,2,0,0.507,0.0,GREEN,63,Bengaluru
CLM0041838,BEN_02333,Rajajinagar,2021-09-29,11,0,0,0,0,0,0,0,0,0,0.0,0.162138,0,0.0,0,346,3,3,0.7356,0.0,GREEN,45,Bengaluru
CLM0041839,BEN_03777,Yelahanka,2019-10-06,20,0,0,0,0,0,0,0,0,0,0.0,0.217543,0,0.0,0,417,0,2,0.0555,0.0204,GREEN,53,Bengaluru
CLM0041840,BEN_09338,Electronic City,2021-06-10,21,0,0,0,0,0,0,0,1,0,0.0,0.221075,0,0.0,0,114,3,4,0.8334,0.1195,GREEN,32,Bengaluru
CLM0041841,BEN_07471,BTM Layout,2021-07-11,21,0,0,0,0,0,0,0,0,0,1.0,0.087126,0,0.0,0,420,4,0,0.6789,0.1321,GREEN,32,Bengaluru
CLM0041842,BEN_04968,BTM Layout,2024-12-08,9,0,0,0,0,0,0,0,0,0,0.0,0.019084,0,0.0,0,104,4,0,0.7209,0.0,GREEN,43,Bengaluru
CLM0041843,BEN_07039,BTM Layout,2015-12-03,7,0,0,0,0,0,1,0,0,0,0.0,0.168667,0,0.0,0,336,2,0,0.8404,0.1385,GREEN,40,Bengaluru
CLM0041844,BEN_01568,Jayanagar,2015-07-05,19,0,0,0,0,1,0,0,0,0,0.0,0.38487,0,0.0,0,146,4,2,0.98,0.0502,GREEN,25,Bengaluru
CLM0041845,BEN_07550,Marathahalli,2020-08-31,9,0,0,0,0,0,0,0,0,0,0.0,0.399839,0,0.0,0,285,0,4,0.7975,0.1125,GREEN,52,Bengaluru
CLM0041846,BEN_00653,HSR Layout,2018-05-20,18,0,0,0,0,1,0,0,0,0,0.0,0.193381,0,0.0,0,239,2,1,0.7864,0.1035,GREEN,35,Bengaluru
CLM0041847,BEN_02017,Rajajinagar,2018-03-01,16,0,0,0,0,0,0,0,0,0,0.0,0.0,0,0.0,0,196,0,1,0.5754,0.0384,GREEN,37,Bengaluru
CLM0041848,BEN_02411,Jayanagar,2018-07-04,18,0,0,0,0,0,0,0,1,0,0.0,0.24053,0,0.0,0,368,1,0,0.461,0.015,GREEN,44,Bengaluru
CLM0041849,BEN_07318,Rajajinagar,2020-03-31,16,0,0,0,0,0,0,0,0,0,0.0,1.0,0,0.0,0,198,1,5,0.6032,0.1103,GREEN,47,Bengaluru
CLM0041850,BEN_07671,Rajajinagar,2023-10-06,10,0,1,1,1,1,1,1,1,0,0.0,0.159453,0,0.0,1,16,0,18,0.98,0.6287,RED,59,Bengaluru
CLM0041851,BEN_09084,HSR Layout,2025-01-02,21,0,1,1,0,0,1,1,1,1,0.0,0.181692,0,0.0,1,11,0,18,0.98,0.4432,YELLOW,53,Bengaluru
CLM0041852,BEN_05410,Rajajinagar,2018-09-27,15,0,1,1,1,0,0,1,1,1,1.0,0.525414,0,1.0,0,10,1,18,0.2322,0.414,YELLOW,51,Bengaluru
CLM0041853,BEN_03584,Rajajinagar,2016-06-24,11,0,1,1,0,1,0,0,0,1,0.0,0.300543,0,0.0,1,186,0,0,0.98,0.3358,YELLOW,56,Bengaluru
CLM0041854,BEN_04658,Whitefield,2020-08-07,9,0,1,1,0,0,1,0,1,0,1.0,0.0,0,1.0,1,5,1,18,0.1342,0.5471,YELLOW,42,Bengaluru
CLM0041855,BEN_04732,Yelahanka,2021-01-04,14,0,1,1,0,0,1,0,0,0,0.0,0.350519,0,0.0,0,420,1,0,0.7539,0.3603,YELLOW,38,Bengaluru
CLM0041856,BEN_01787,Koramangala,2020-03-08,8,0,1,1,0,0,0,0,0,0,0.0,0.899707,0,0.0,0,164,0,1,0.98,0.7569,RED,35,Bengaluru
CLM0041857,BEN_08332,Electronic City,2024-12-11,12,0,1,1,0,1,1,0,1,1,0.0,0.117897,0,0.0,1,8,0,12,0.8506,0.661,RED,42,Bengaluru
CLM0041858,BEN_01004,Yelahanka,2018-04-18,20,0,1,1,0,0,0,1,1,0,1.0,0.992319,1,1.0,0,47,0,18,0.2899,0.2591,GREEN,28,Bengaluru
CLM0041859,BEN_07275,Yelahanka,2018-12-19,7,0,1,1,0,0,1,1,1,1,0.0,0.27285,0,1.0,0,5,1,18,0.2001,0.4242,YELLOW,50,Bengaluru
CLM0041860,BEN_05510,HSR Layout,2025-06-13,10,0,0,0,0,0,0,0,0,0,0.0,0.137363,0,0.0,0,308,4,3,0.6063,0.0,GREEN,34,Bengaluru
CLM0041861,BEN_03683,Koramangala,2024-02-05,19,0,0,0,0,0,0,0,0,0,0.0,0.15601,0,0.0,0,117,2,7,0.6542,0.0,GREEN,50,Bengaluru
CLM0041862,BEN_00303,Koramangala,2025-08-24,20,0,0,0,0,0,0,1,0,1,0.0,0.327159,0,0.0,0,31,1,1,0.9623,0.1488,GREEN,54,Bengaluru
CLM0041863,BEN_09144,Rajajinagar,2023-03-02,12,0,0,0,0,0,0,0,0,0,0.0,0.126893,0,0.0,0,106,2,3,0.5658,0.0,GREEN,47,Bengaluru
CLM0041864,BEN_04002,Rajajinagar,2024-05-16,17,0,0,0,0,0,0,0,1,0,0.0,0.373242,0,0.0,0,306,2,0,0.7364,0.0622,GREEN,41,Bengaluru
CLM0041865,BEN_02113,Electronic City,2024-03-22,12,0,0,0,0,0,0,0,0,0,0.0,0.197375,0,0.0,1,282,2,1,0.666,0.1119,GREEN,59,Bengaluru
CLM0041866,BEN_03944,Jayanagar,2023-06-15,17,0,0,0,0,0,0,0,0,0,0.0,0.18009,0,0.0,0,270,4,4,0.5446,0.0,GREEN,54,Bengaluru
CLM0041867,BEN_03754,Marathahalli,2018-05-10,10,0,0,0,0,0,0,0,1,0,0.0,0.386237,0,0.0,0,321,3,4,0.737,0.1375,GREEN,46,Bengaluru
CLM0041868,BEN_09689,BTM Layout,2025-02-19,10,0,0,0,0,0,0,0,0,0,0.0,0.152837,0,0.0,1,200,0,3,0.9174,0.0573,GREEN,35,Bengaluru
CLM0041869,BEN_01486,Electronic City,2024-09-14,15,0,0,0,0,0,1,0,1,0,0.0,0.0,0,0.0,0,81,0,4,0.8735,0.2343,GREEN,47,Bengaluru
CLM0041870,BEN_02615,Yelahanka,2018-04-18,17,0,0,0,0,1,0,0,0,0,0.0,0.061595,0,0.0,0,420,2,0,0.1025,0.0878,GREEN,40,Bengaluru
CLM0041871,BEN_02293,Jayanagar,2024-11-28,14,0,0,0,0,0,0,0,0,0,0.0,0.320717,0,0.0,0,420,2,0,0.9072,0.0376,GREEN,30,Bengaluru
CLM0041872,BEN_03501,Yelahanka,2022-09-27,11,0,0,0,1,1,0,1,0,1,1.0,1.0,1,1.0,0,5,2,18,0.8898,0.1773,GREEN,18,Bengaluru
CLM0041873,BEN_06894,Rajajinagar,2021-05-13,21,0,0,0,1,1,1,1,0,0,0.0,0.026851,0,0.0,1,5,4,18,0.2628,0.0954,GREEN,49,Bengaluru
CLM0041874,BEN_03559,BTM Layout,2021-12-18,13,0,0,0,0,0,0,0,0,0,0.0,0.162553,0,0.0,0,141,1,0,0.8337,0.0,GREEN,47,Bengaluru
CLM0041875,BEN_06246,BTM Layout,2020-07-20,11,0,0,0,0,0,0,0,0,0,0.0,0.009091,0,0.0,0,309,2,0,0.9714,0.0264,GREEN,47,Bengaluru
CLM0041876,BEN_07418,Koramangala,2020-09-20,12,0,0,0,0,0,0,0,1,0,0.0,0.1284,0,0.0,0,76,1,1,0.1563,0.0371,GREEN,64,Bengaluru
CLM0041877,BEN_03939,Marathahalli,2025-06-23,21,0,0,0,1,0,0,0,0,0,0.0,1.0,0,0.0,0,325,2,1,0.7874,0.2004,GREEN,47,Bengaluru
CLM0041878,BEN_07711,Indiranagar,2021-04-16,18,0,0,0,1,0,0,0,0,0,0.0,0.123206,0,0.0,0,420,0,5,0.7961,0.2299,GREEN,53,Bengaluru
CLM0041879,BEN_09116,BTM Layout,2024-04-07,11,0,0,0,0,0,0,0,0,0,0.0,0.241546,0,0.0,0,28,2,3,0.9558,0.0101,GREEN,21,Bengaluru
CLM0041880,BEN_05066,Electronic City,2020-04-26,9,0,0,0,0,0,0,0,0,0,0.0,0.32381,0,0.0,0,18,2,0,0.7106,0.027,GREEN,45,Bengaluru
CLM0041881,BEN_07170,Rajajinagar,2018-11-26,8,0,0,0,1,0,1,0,1,0,0.0,0.327899,0,0.0,0,213,2,2,0.5341,0.4261,YELLOW,53,Bengaluru
CLM0041882,BEN_01320,BTM Layout,2020-08-24,18,0,0,0,0,1,0,1,1,1,0.0,0.860783,1,1.0,1,21,1,18,0.05,0.0169,GREEN,47,Bengaluru
CLM0041883,BEN_02070,Yelahanka,2018-07-11,18,0,0,0,0,1,0,0,0,0,0.0,0.264401,0,0.0,0,163,2,4,0.5356,0.0911,GREEN,37,Bengaluru
CLM0041884,BEN_05166,BTM Layout,2022-11-08,12,0,0,0,0,0,0,0,0,0,0.0,0.127947,0,0.0,0,5,2,1,0.8695,0.0,GREEN,37,Bengaluru
CLM0041885,BEN_05208,Whitefield,2024-08-28,9,0,0,0,0,0,0,0,0,0,0.0,0.281073,0,0.0,0,133,1,1,0.4943,0.0309,GREEN,35,Bengaluru
CLM0041886,BEN_02377,Yelahanka,2020-02-01,7,0,0,0,0,0,1,0,0,0,0.0,0.098777,0,0.0,0,420,1,1,0.8787,0.0813,GREEN,42,Bengaluru
CLM0041887,BEN_00297,Jayanagar,2024-04-06,21,0,0,0,0,0,0,0,0,0,0.0,0.33054,0,0.0,0,280,0,3,0.6076,0.02,GREEN,18,Bengaluru
CLM0041888,BEN_07681,Marathahalli,2021-09-23,12,0,0,0,0,0,0,0,0,0,0.0,0.160341,0,0.0,0,420,1,6,0.9598,0.0141,GREEN,28,Bengaluru
CLM0041889,BEN_05766,Rajajinagar,2024-04-26,19,0,0,0,0,0,0,0,0,0,0.0,0.235569,0,0.0,0,303,2,5,0.7017,0.0621,GREEN,24,Bengaluru
CLM0041890,BEN_02435,HSR Layout,2025-02-26,15,0,0,0,0,0,0,0,0,0,0.0,0.321346,0,0.0,0,420,2,0,0.4743,0.0576,GREEN,35,Bengaluru
CLM0041891,BEN_05703,HSR Layout,2017-12-31,20,0,0,0,0,0,0,1,1,0,0.0,0.180176,0,0.0,0,311,1,3,0.6341,0.1616,GREEN,50,Bengaluru
CLM0041892,BEN_05138,Indiranagar,2018-03-18,8,0,1,1,0,0,0,0,0,0,0.0,0.16109,0,0.0,0,106,2,1,0.7566,0.0099,GREEN,47,Bengaluru
CLM0041893,BEN_05915,HSR Layout,2022-03-23,17,0,0,0,0,0,0,0,0,0,0.0,0.344567,0,0.0,0,274,1,0,0.5815,0.0,GREEN,50,Bengaluru
CLM0041894,BEN_02761,Jayanagar,2021-03-16,21,0,0,0,0,0,0,0,1,0,0.0,0.118732,0,0.0,0,366,4,0,0.5936,0.0449,GREEN,46,Bengaluru
CLM0041895,BEN_07037,Marathahalli,2025-04-06,12,0,0,0,0,0,0,0,0,0,0.0,0.271235,0,0.0,0,64,1,8,0.98,0.1005,GREEN,69,Bengaluru
CLM0041896,BEN_04904,Electronic City,2021-12-27,8,0,0,0,0,0,0,1,0,0,0.0,1.0,0,0.0,0,420,4,4,0.6402,0.0,GREEN,33,Bengaluru
CLM0041897,BEN_03193,Whitefield,2024-05-03,16,0,0,0,0,0,0,0,0,0,0.0,0.069731,0,0.0,0,420,4,4,0.7597,0.038,GREEN,42,Bengaluru
CLM0041898,BEN_05246,Koramangala,2019-10-10,19,0,0,0,0,0,0,1,0,0,0.0,1.0,0,0.0,0,314,3,4,0.8693,0.0662,GREEN,61,Bengaluru
CLM0041899,BEN_01849,Yelahanka,2025-11-04,14,0,0,0,0,0,0,1,0,0,0.0,0.425079,0,0.0,0,373,1,1,0.0834,0.0224,GREEN,33,Bengaluru
CLM0041900,BEN_05049,Whitefield,2017-07-24,13,0,0,0,0,1,0,1,1,1,1.0,1.0,0,1.0,1,21,2,18,0.05,0.056,GREEN,48,Bengaluru
CLM0041901,BEN_04038,Marathahalli,2018-01-09,8,0,0,0,0,0,0,0,0,0,0.0,0.205496,0,0.0,0,113,3,6,0.7564,0.1213,GREEN,52,Bengaluru
CLM0041902,BEN_06100,Electronic City,2024-05-06,7,0,0,0,0,0,0,0,0,0,0.0,0.331835,1,0.0,0,404,3,7,0.05,0.1539,GREEN,41,Bengaluru
CLM0041903,BEN_07630,Electronic City,2023-03-18,18,0,0,0,0,0,0,0,0,0,0.0,0.956352,0,0.0,0,56,2,0,0.4394,0.0403,GREEN,44,Bengaluru
CLM0041904,BEN_08658,Indiranagar,2018-10-23,10,0,0,0,0,0,0,1,0,0,0.0,0.028397,0,0.0,0,266,4,3,0.8753,0.0646,GREEN,44,Bengaluru
CLM0041905,BEN_03292,Electronic City,2019-06-02,18,0,0,0,0,0,0,0,0,1,0.0,0.208862,0,0.0,0,157,1,0,0.8478,0.1687,GREEN,22,Bengaluru
CLM0041906,BEN_02229,Electronic City,2022-05-24,12,0,0,0,0,0,1,1,0,0,0.0,0.089472,0,1.0,0,146,1,4,0.9418,0.1783,GREEN,65,Bengaluru
CLM0041907,BEN_02946,Whitefield,2025-03-29,14,0,0,0,0,0,0,0,0,0,0.0,0.108371,0,0.0,0,379,1,0,0.5343,0.0102,GREEN,33,Bengaluru
CLM0041908,BEN_09956,Marathahalli,2025-06-28,11,0,0,0,0,0,1,0,1,0,1.0,0.982533,0,1.0,0,319,1,6,0.6208,0.1306,GREEN,46,Bengaluru
CLM0041909,BEN_02450,Yelahanka,2021-01-13,21,0,0,0,0,0,0,0,0,0,0.0,0.264996,0,1.0,0,172,1,0,0.6689,0.0543,GREEN,41,Bengaluru
CLM0041910,BEN_02675,Jayanagar,2021-11-08,11,0,0,0,0,0,0,0,0,0,0.0,0.372566,0,0.0,0,188,3,6,0.7079,0.0255,GREEN,63,Bengaluru
CLM0041911,BEN_05621,Electronic City,2025-04-25,21,0,0,0,0,0,0,0,0,0,0.0,0.220716,0,0.0,0,95,2,0,0.1026,0.0,GREEN,60,Bengaluru
CLM0041912,BEN_07128,Whitefield,2023-04-27,9,0,1,1,0,0,1,1,0,0,0.0,0.0,0,0.0,0,417,0,2,0.8697,0.1868,GREEN,41,Bengaluru
CLM0041913,BEN_08202,Yelahanka,2024-02-12,8,0,0,0,0,0,0,0,0,0,0.0,0.122453,1,0.0,0,128,0,2,0.7331,0.0,GREEN,52,Bengaluru
CLM0041914,BEN_00117,Rajajinagar,2021-10-31,16,0,0,0,0,0,0,0,0,0,0.0,1.0,0,0.0,0,176,1,0,0.98,0.025,GREEN,35,Bengaluru
CLM0041915,BEN_01033,Rajajinagar,2024-05-28,19,0,0,0,0,0,0,0,0,0,0.0,0.080396,0,1.0,0,373,0,2,0.98,0.0389,GREEN,55,Bengaluru
CLM0041916,BEN_05941,Koramangala,2024-07-30,8,0,0,0,0,0,0,0,0,0,0.0,0.234464,0,0.0,0,420,3,3,0.7958,0.0,GREEN,34,Bengaluru
CLM0041917,BEN_08695,Koramangala,2025-03-25,14,0,0,0,0,0,0,0,0,0,0.0,0.228746,0,0.0,0,81,1,1,0.8099,0.0908,GREEN,44,Bengaluru
CLM0041918,BEN_08204,BTM Layout,2025-04-11,18,0,0,0,0,0,0,0,0,0,0.0,0.110617,0,0.0,0,336,1,1,0.5404,0.052,GREEN,50,Bengaluru
CLM0041919,BEN_05440,Jayanagar,2021-08-16,7,0,0,0,0,0,0,0,0,1,0.0,0.172719,0,0.0,0,129,1,3,0.6658,0.0969,GREEN,51,Bengaluru
CLM0041920,BEN_02699,Marathahalli,2021-04-01,20,0,0,0,0,0,0,0,0,0,0.0,0.0,0,0.0,0,147,2,3,0.9774,0.065,GREEN,57,Bengaluru
CLM0041921,BEN_04580,Yelahanka,2020-11-13,12,0,0,0,1,1,0,1,1,0,1.0,0.549101,1,1.0,1,5,4,18,0.0706,0.0012,GREEN,41,Bengaluru
CLM0041922,BEN_00223,Yelahanka,2023-03-04,17,0,0,0,0,0,0,0,0,0,1.0,0.168079,0,0.0,0,396,0,4,0.5639,0.082,GREEN,39,Bengaluru
CLM0041923,BEN_03810,BTM Layout,2021-05-30,19,0,0,0,0,0,0,0,0,0,0.0,0.000863,0,0.0,0,420,2,0,0.8854,0.0,GREEN,53,Bengaluru
CLM0041924,BEN_04790,BTM Layout,2021-08-29,15,0,0,0,0,0,0,0,0,0,0.0,0.14456,0,0.0,0,315,1,5,0.8145,0.0,GREEN,34,Bengaluru
CLM0041925,BEN_06797,Koramangala,2021-09-10,20,0,0,0,1,1,0,1,1,1,0.0,0.239562,1,0.0,1,5,0,18,0.2459,0.1003,GREEN,40,Bengaluru
CLM0041926,BEN_00532,BTM Layout,2021-03-07,19,0,0,0,0,0,0,0,0,0,0.0,0.136739,0,0.0,0,87,1,3,0.9062,0.0,GREEN,56,Bengaluru
CLM0041927,BEN_07673,Rajajinagar,2021-01-18,14,0,0,0,1,1,0,1,0,1,0.0,0.977374,0,0.0,1,21,2,18,0.3512,0.0335,GREEN,53,Bengaluru
CLM0041928,BEN_02780,Rajajinagar,2019-11-19,15,0,0,0,0,0,0,0,0,0,0.0,0.206252,0,0.0,1,5,3,4,0.5781,0.0,GREEN,54,Bengaluru
CLM0041929,BEN_06471,Jayanagar,2018-09-27,12,0,0,0,1,1,0,0,0,0,0.0,0.029357,0,0.0,0,230,1,0,0.6461,0.2583,GREEN,38,Bengaluru
CLM0041930,BEN_09505,HSR Layout,2020-07-07,13,0,0,0,0,0,0,0,0,0,0.0,0.155161,0,0.0,0,219,4,2,0.8831,0.0,GREEN,63,Bengaluru
CLM0041931,BEN_06378,Koramangala,2018-06-09,21,0,0,0,0,0,0,0,0,0,0.0,0.0,0,0.0,0,276,4,3,0.1699,0.0,GREEN,40,Bengaluru
CLM0041932,BEN_09242,Marathahalli,2016-07-23,7,0,0,0,0,0,0,0,0,1,0.0,0.977014,0,0.0,0,105,3,0,0.9203,0.1244,GREEN,48,Bengaluru
CLM0041933,BEN_07450,Indiranagar,2025-06-17,10,0,0,0,0,1,1,0,0,0,0.0,0.352465,0,0.0,0,189,4,5,0.98,0.2515,GREEN,61,Bengaluru
CLM0041934,BEN_09337,Rajajinagar,2023-11-28,9,0,0,0,0,0,0,0,0,1,0.0,0.266289,0,0.0,0,227,0,2,0.1366,0.0975,GREEN,36,Bengaluru
CLM0041935,BEN_06308,Koramangala,2016-10-14,17,0,0,0,0,1,0,0,1,0,0.0,0.113348,0,0.0,0,124,4,5,0.98,0.2077,GREEN,25,Bengaluru
CLM0041936,BEN_01921,Yelahanka,2023-01-29,13,0,0,0,0,0,0,0,0,0,0.0,0.058599,0,0.0,0,128,4,2,0.5633,0.0,GREEN,50,Bengaluru
CLM0041937,BEN_08707,Indiranagar,2024-02-23,10,0,0,0,0,0,0,0,0,0,0.0,0.083017,0,0.0,0,209,2,6,0.9781,0.0,GREEN,40,Bengaluru
CLM0041938,BEN_07287,Koramangala,2016-08-06,10,0,0,0,0,0,0,0,0,0,0.0,0.0,1,0.0,0,67,4,3,0.8365,0.0528,GREEN,49,Bengaluru
CLM0041939,BEN_01175,Koramangala,2020-07-29,15,0,0,0,0,0,0,0,0,0,0.0,0.252472,0,0.0,0,110,4,3,0.859,0.0,GREEN,60,Bengaluru
CLM0041940,BEN_04761,Marathahalli,2025-04-28,17,0,0,0,0,0,0,0,0,0,0.0,0.361953,0,0.0,0,152,4,4,0.8977,0.0532,GREEN,26,Bengaluru
CLM0041941,BEN_09457,Rajajinagar,2022-11-01,11,0,0,0,0,0,0,0,1,0,0.0,0.068809,0,0.0,0,217,3,1,0.628,0.0,GREEN,44,Bengaluru
CLM0041942,BEN_04740,BTM Layout,2025-02-11,15,0,0,0,0,0,0,0,0,0,0.0,0.955127,0,0.0,0,131,2,2,0.05,0.0,GREEN,29,Bengaluru
CLM0041943,BEN_02276,Marathahalli,2025-05-16,7,0,0,0,0,0,0,0,0,0,0.0,1.0,0,0.0,0,243,0,0,0.3216,0.0,GREEN,32,Bengaluru
CLM0041944,BEN_02790,BTM Layout,2025-12-09,21,0,0,0,0,0,0,0,0,0,1.0,0.027179,0,0.0,0,420,3,5,0.05,0.0592,GREEN,48,Bengaluru
CLM0041945,BEN_04253,Koramangala,2024-07-23,13,0,0,0,0,0,0,0,0,0,0.0,0.0,0,0.0,0,410,4,3,0.7178,0.0112,GREEN,48,Bengaluru
CLM0041946,BEN_03876,Marathahalli,2019-08-27,8,0,1,1,0,0,0,0,0,0,0.0,0.113187,0,0.0,0,79,0,2,0.9341,0.0,GREEN,55,Bengaluru
CLM0041947,BEN_04667,Yelahanka,2021-12-10,7,0,0,0,0,0,0,0,0,0,0.0,0.113931,0,0.0,0,362,0,0,0.341,0.0,GREEN,53,Bengaluru
CLM0041948,BEN_07633,Electronic City,2021-06-06,11,0,0,0,0,0,0,0,0,0,0.0,0.306577,0,0.0,0,420,0,1,0.756,0.0,GREEN,39,Bengaluru
CLM0041949,BEN_06205,Koramangala,2025-10-06,15,0,0,0,0,0,0,0,0,0,0.0,0.166287,0,0.0,0,335,1,2,0.5473,0.022,GREEN,31,Bengaluru
CLM0041950,BEN_06282,HSR Layout,2021-10-17,7,0,0,0,0,0,0,0,0,0,0.0,0.24911,0,0.0,0,420,0,6,0.05,0.0076,GREEN,32,Bengaluru
CLM0041951,BEN_09309,Rajajinagar,2025-03-02,21,0,0,0,0,0,0,0,0,0,0.0,0.004743,0,0.0,0,59,2,2,0.9133,0.042,GREEN,22,Bengaluru
CLM0041952,BEN_08116,Electronic City,2022-06-30,17,0,0,0,0,0,0,0,0,0,0.0,0.035234,0,0.0,0,188,3,1,0.8844,0.0771,GREEN,47,Bengaluru
CLM0041953,BEN_01671,HSR Layout,2019-05-07,11,0,0,0,1,0,0,0,0,0,0.0,0.029687,0,0.0,0,400,4,0,0.6919,0.1662,GREEN,41,Bengaluru
CLM0041954,BEN_05099,Jayanagar,2024-11-24,21,0,0,0,1,0,0,0,0,0,0.0,0.087568,0,0.0,0,217,4,8,0.6767,0.1544,GREEN,44,Bengaluru
CLM0041955,BEN_02580,HSR Layout,2022-11-27,18,0,0,0,1,0,0,1,0,0,0.0,0.136399,0,0.0,0,307,1,0,0.965,0.1829,GREEN,56,Bengaluru
CLM0041956,BEN_00572,Yelahanka,2024-12-14,13,0,0,0,0,0,0,0,0,0,0.0,1.0,0,0.0,0,339,0,6,0.6013,0.0064,GREEN,33,Bengaluru
CLM0041957,BEN_08335,Yelahanka,2025-09-21,14,0,0,0,0,0,0,0,0,0,0.0,0.092117,0,0.0,0,247,3,2,0.7954,0.0,GREEN,32,Bengaluru
CLM0041958,BEN_08724,Rajajinagar,2024-12-18,10,0,0,0,0,1,1,0,0,0,0.0,0.238374,0,0.0,0,263,4,5,0.6392,0.1988,GREEN,35,Bengaluru
CLM0041959,BEN_00589,Whitefield,2023-12-18,13,0,0,0,0,0,0,0,0,0,0.0,0.30084,0,0.0,0,155,3,1,0.8889,0.0,GREEN,45,Bengaluru
CLM0041960,BEN_01795,Electronic City,2022-10-16,20,0,0,0,1,0,0,1,1,1,0.0,0.0,0,0.0,1,27,1,18,0.801,0.0852,GREEN,56,Bengaluru
CLM0041961,BEN_00478,Koramangala,2024-10-06,12,0,0,0,1,0,0,0,0,0,0.0,0.300491,0,0.0,0,167,1,4,0.2014,0.0496,GREEN,35,Bengaluru
CLM0041962,BEN_03677,Marathahalli,2022-10-03,17,0,0,0,0,0,0,0,0,0,0.0,0.291176,0,0.0,0,261,4,2,0.6553,0.0486,GREEN,59,Bengaluru
CLM0041963,BEN_07631,Rajajinagar,2023-09-17,11,0,0,0,0,0,0,0,0,0,0.0,0.172044,0,0.0,0,51,1,1,0.9785,0.0,GREEN,48,Bengaluru
CLM0041964,BEN_05910,HSR Layout,2023-09-29,9,0,0,0,0,0,0,1,0,0,0.0,0.312737,0,0.0,0,78,4,1,0.8744,0.1319,GREEN,44,Bengaluru
CLM0041965,BEN_08636,Koramangala,2025-07-10,18,0,0,0,0,0,0,0,0,0,0.0,0.241212,0,1.0,0,112,1,2,0.7767,0.0622,GREEN,54,Bengaluru
CLM0041966,BEN_03999,Jayanagar,2024-12-05,9,0,0,0,0,0,0,0,0,0,0.0,0.44062,0,0.0,0,270,2,3,0.8444,0.0,GREEN,32,Bengaluru
CLM0041967,BEN_08525,Rajajinagar,2024-11-24,16,0,0,0,0,0,0,0,0,0,0.0,0.032063,0,0.0,0,26,4,0,0.5878,0.0,GREEN,36,Bengaluru
CLM0041968,BEN_08965,HSR Layout,2025-05-22,7,0,0,0,0,0,0,0,0,0,0.0,0.258353,1,0.0,1,125,0,4,0.933,0.0881,GREEN,48,Bengaluru
CLM0041969,BEN_06104,Whitefield,2025-05-03,17,0,0,0,0,0,1,0,0,0,0.0,1.0,0,0.0,0,377,0,7,0.8129,0.0686,GREEN,19,Bengaluru
CLM0041970,BEN_09990,Electronic City,2025-02-23,13,0,0,0,0,0,0,0,1,0,0.0,0.443006,0,0.0,0,178,3,4,0.6441,0.1159,GREEN,38,Bengaluru
CLM0041971,BEN_01788,Rajajinagar,2025-02-08,12,0,0,0,0,0,1,1,0,0,0.0,0.087317,0,0.0,0,320,3,0,0.6844,0.1434,GREEN,48,Bengaluru
CLM0041972,BEN_05434,BTM Layout,2025-12-14,15,0,0,0,0,0,0,0,0,1,1.0,1.0,0,0.0,0,99,0,1,0.7045,0.1476,GREEN,18,Bengaluru
CLM0041973,BEN_07639,Jayanagar,2024-10-26,8,0,0,0,0,0,0,0,1,0,0.0,0.899487,0,0.0,0,420,1,0,0.98,0.0094,GREEN,29,Bengaluru
CLM0041974,BEN_03135,Whitefield,2024-05-22,7,0,0,0,0,0,0,0,0,0,0.0,0.934077,0,0.0,0,88,4,2,0.6334,0.0,GREEN,40,Bengaluru
CLM0041975,BEN_04088,HSR Layout,2022-08-02,21,0,0,0,0,0,0,0,0,0,0.0,0.387976,0,0.0,0,420,3,2,0.8262,0.0,GREEN,42,Bengaluru
CLM0041976,BEN_00636,Rajajinagar,2024-04-30,8,0,0,0,0,0,0,0,0,1,0.0,1.0,0,0.0,0,267,4,5,0.8657,0.1732,GREEN,42,Bengaluru
CLM0041977,BEN_09606,Indiranagar,2025-11-17,11,0,0,0,0,0,1,1,0,0,0.0,0.362005,0,0.0,0,420,3,2,0.98,0.1192,GREEN,45,Bengaluru
CLM0041978,BEN_02213,Yelahanka,2023-09-03,20,0,0,0,0,0,0,0,0,0,0.0,0.228248,1,0.0,0,263,2,2,0.6171,0.1352,GREEN,39,Bengaluru
CLM0041979,BEN_09884,Yelahanka,2021-06-13,8,0,0,0,0,0,0,0,0,0,0.0,0.0786,0,0.0,0,91,2,2,0.8675,0.038,GREEN,40,Bengaluru
CLM0041980,BEN_09828,Rajajinagar,2022-06-12,17,0,0,0,0,0,0,0,0,0,0.0,0.397666,0,0.0,0,420,4,0,0.2268,0.0168,GREEN,48,Bengaluru
CLM0041981,BEN_04711,BTM Layout,2021-10-28,14,0,0,0,0,0,0,0,0,0,0.0,0.894549,0,0.0,0,309,3,0,0.6827,0.0,GREEN,53,Bengaluru
CLM0041982,BEN_08655,Indiranagar,2021-08-20,10,0,0,0,0,0,0,0,0,0,0.0,0.363307,0,0.0,0,159,2,3,0.6533,0.0059,GREEN,35,Bengaluru
CLM0041983,BEN_06378,Koramangala,2024-12-14,10,0,0,0,0,0,0,0,0,0,0.0,0.080981,0,1.0,0,208,2,3,0.9242,0.0,GREEN,40,Bengaluru
CLM0041984,BEN_07022,Indiranagar,2021-09-23,10,0,0,0,0,0,0,1,0,0,1.0,0.064318,0,0.0,0,361,2,0,0.8156,0.1296,GREEN,43,Bengaluru
CLM0041985,BEN_02349,Whitefield,2024-03-03,8,0,1,1,0,0,0,0,0,0,0.0,0.038848,0,0.0,0,22,3,5,0.638,0.0,GREEN,50,Bengaluru
CLM0041986,BEN_00662,Electronic City,2022-02-03,18,0,0,0,0,1,0,0,0,0,0.0,0.181325,0,0.0,0,420,4,2,0.8014,0.135,GREEN,43,Bengaluru
CLM0041987,BEN_07122,HSR Layout,2024-08-22,19,0,0,0,0,0,0,0,0,0,0.0,0.160249,0,0.0,1,151,1,2,0.9746,0.0623,GREEN,44,Bengaluru
CLM0041988,BEN_09903,Rajajinagar,2024-01-06,14,0,0,0,0,0,0,0,0,0,0.0,0.223028,0,0.0,0,362,3,3,0.6181,0.2014,GREEN,37,Bengaluru
CLM0041989,BEN_01108,Whitefield,2025-12-23,13,0,0,0,1,1,1,0,1,1,0.0,1.0,0,0.0,1,9,3,18,0.1902,0.0,GREEN,51,Bengaluru
CLM0041990,BEN_03638,Whitefield,2025-02-04,16,0,0,0,0,0,0,0,0,0,1.0,0.092872,0,0.0,0,297,1,1,0.678,0.1071,GREEN,47,Bengaluru
CLM0041991,BEN_02792,Koramangala,2019-07-04,19,0,0,0,1,0,0,0,0,0,0.0,0.351244,0,0.0,0,369,2,4,0.7278,0.1831,GREEN,38,Bengaluru
CLM0041992,BEN_05184,Yelahanka,2023-03-05,11,0,0,0,0,0,0,0,0,0,0.0,0.397645,0,0.0,0,420,4,6,0.7337,0.021,GREEN,32,Bengaluru
CLM0041993,BEN_06915,Yelahanka,2023-06-02,20,0,0,0,0,0,0,0,0,0,0.0,0.324533,0,0.0,0,265,0,1,0.5734,0.0429,GREEN,38,Bengaluru
CLM0041994,BEN_08763,HSR Layout,2024-02-29,21,0,0,0,0,0,0,0,0,0,0.0,0.158117,0,0.0,0,224,1,4,0.7893,0.0,GREEN,40,Bengaluru
CLM0041995,BEN_02298,Marathahalli,2025-09-06,8,0,0,0,0,0,0,1,0,0,0.0,0.333604,0,0.0,0,420,1,4,0.3953,0.0,GREEN,49,Bengaluru
CLM0041996,BEN_01722,Yelahanka,2025-12-07,19,0,0,0,0,0,0,0,0,0,0.0,0.187069,0,0.0,0,45,1,4,0.5817,0.0095,GREEN,42,Bengaluru
CLM0041997,BEN_03652,Koramangala,2024-04-17,7,0,0,0,0,0,0,0,0,0,1.0,0.056277,0,0.0,0,77,0,2,0.6788,0.1748,GREEN,30,Bengaluru
CLM0041998,BEN_02080,Marathahalli,2025-10-17,19,0,1,1,0,0,0,0,0,0,0.0,0.268099,0,0.0,0,420,1,0,0.8975,0.0411,GREEN,50,Bengaluru
CLM0041999,BEN_07496,BTM Layout,2025-08-29,16,0,0,0,0,0,0,0,0,0,0.0,0.332056,0,0.0,0,420,3,5,0.05,0.0234,GREEN,51,Bengaluru
CLM0042000,BEN_08475,Whitefield,2025-03-31,12,0,0,0,0,1,0,1,0,0,1.0,0.076389,0,0.0,0,223,2,4,0.4992,0.2851,GREEN,48,Bengaluru
CLM0042001,BEN_04940,Marathahalli,2023-06-12,11,0,0,0,0,0,0,0,1,0,0.0,0.367585,0,0.0,0,420,4,4,0.6263,0.1077,GREEN,18,Bengaluru
CLM0042002,BEN_03823,Electronic City,2018-05-10,8,0,0,0,0,0,0,1,0,0,1.0,1.0,0,1.0,0,420,2,5,0.4501,0.1533,GREEN,18,Bengaluru
CLM0042003,BEN_06207,HSR Layout,2024-03-11,9,0,0,0,0,0,1,0,0,0,0.0,0.190999,0,0.0,0,347,0,2,0.9025,0.1433,GREEN,47,Bengaluru
CLM0042004,BEN_01936,Rajajinagar,2018-02-25,20,0,0,0,0,1,0,0,0,0,0.0,0.010428,0,0.0,0,352,1,1,0.4542,0.1034,GREEN,27,Bengaluru
CLM0042005,BEN_02918,BTM Layout,2024-10-16,14,0,0,0,0,0,0,0,0,0,0.0,0.0,0,0.0,0,40,1,3,0.9061,0.0218,GREEN,47,Bengaluru
CLM0042006,BEN_05870,Marathahalli,2022-08-29,12,0,0,0,0,0,0,0,0,0,0.0,0.23963,0,0.0,0,292,3,3,0.913,0.0617,GREEN,47,Bengaluru
CLM0042007,BEN_06625,Yelahanka,2025-07-02,21,0,0,0,0,0,1,0,0,0,0.0,0.338991,0,0.0,0,362,3,0,0.081,0.1185,GREEN,32,Bengaluru
CLM0042008,BEN_04567,Koramangala,2025-04-22,18,0,0,0,0,0,0,1,0,0,0.0,0.241689,0,0.0,0,161,4,3,0.5601,0.0131,GREEN,48,Bengaluru
CLM0042009,BEN_01805,Marathahalli,2021-10-27,19,0,0,0,0,0,0,0,0,0,1.0,0.038575,0,0.0,0,40,4,3,0.8869,0.1259,GREEN,36,Bengaluru
CLM0042010,BEN_03325,Marathahalli,2020-10-03,8,0,0,0,0,0,0,1,0,0,0.0,0.0,0,0.0,0,311,0,5,0.6939,0.019,GREEN,30,Bengaluru
CLM0042011,BEN_00613,Jayanagar,2019-10-17,11,0,0,0,1,0,0,0,0,0,0.0,0.022191,0,0.0,0,223,1,0,0.7091,0.1365,GREEN,42,Bengaluru
CLM0042012,BEN_06682,HSR Layout,2022-08-14,10,0,0,0,1,0,1,1,1,0,0.0,0.142861,0,0.0,1,5,3,18,0.9,0.0854,GREEN,62,Bengaluru
CLM0042013,BEN_03192,HSR Layout,2023-02-25,8,0,0,0,0,0,1,0,0,0,1.0,0.137951,0,0.0,0,302,3,2,0.5431,0.2769,GREEN,57,Bengaluru
CLM0042014,BEN_02068,Rajajinagar,2018-05-11,10,0,0,0,0,0,0,0,0,0,0.0,0.091777,0,0.0,0,355,4,4,0.5555,0.0314,GREEN,47,Bengaluru
CLM0042015,BEN_04036,BTM Layout,2017-05-13,13,0,0,0,1,0,0,1,0,0,0.0,0.255842,0,0.0,0,130,0,2,0.8057,0.2042,GREEN,58,Bengaluru
CLM0042016,BEN_01385,HSR Layout,2022-07-20,8,0,0,0,0,0,0,0,0,0,0.0,0.396876,0,0.0,0,42,4,1,0.9317,0.0,GREEN,49,Bengaluru
CLM0042017,BEN_03170,Yelahanka,2024-09-18,10,0,0,0,0,1,0,1,0,0,0.0,0.153091,0,0.0,0,400,0,5,0.98,0.175,GREEN,38,Bengaluru
CLM0042018,BEN_01689,BTM Layout,2017-04-22,21,0,0,0,0,0,0,0,0,0,0.0,0.011877,0,0.0,0,181,1,2,0.9438,0.1332,GREEN,18,Bengaluru
CLM0042019,BEN_04163,Jayanagar,2023-04-25,20,0,0,0,0,0,0,0,0,0,0.0,0.195751,0,0.0,0,236,3,0,0.8229,0.0438,GREEN,33,Bengaluru
CLM0042020,BEN_05388,Marathahalli,2022-01-11,17,0,0,0,0,0,0,0,0,0,0.0,0.282507,0,0.0,0,420,4,1,0.5556,0.0134,GREEN,32,Bengaluru
CLM0042021,BEN_01587,BTM Layout,2021-06-26,12,0,0,0,0,1,0,0,0,0,0.0,0.0,0,0.0,0,402,4,4,0.0606,0.1477,GREEN,44,Bengaluru
CLM0042022,BEN_05414,Koramangala,2024-01-09,12,0,0,0,0,0,0,1,0,0,0.0,0.032732,0,0.0,1,55,0,0,0.6175,0.1394,GREEN,37,Bengaluru
CLM0042023,BEN_09297,Koramangala,2021-04-26,19,0,0,0,0,0,1,0,0,0,0.0,0.200303,0,0.0,0,405,4,1,0.766,0.2506,GREEN,35,Bengaluru
CLM0042024,BEN_06170,Rajajinagar,2025-07-29,18,0,0,0,0,0,0,0,0,0,0.0,0.218929,0,0.0,0,402,0,5,0.05,0.0014,GREEN,56,Bengaluru
CLM0042025,BEN_00486,Indiranagar,2019-06-17,17,0,0,0,0,0,0,0,0,0,0.0,0.347736,0,0.0,0,366,2,0,0.068,0.0328,GREEN,41,Bengaluru
CLM0042026,BEN_07349,Marathahalli,2023-01-18,21,0,0,0,0,0,0,0,0,0,0.0,0.319596,0,0.0,0,279,4,3,0.9277,0.0,GREEN,49,Bengaluru
CLM0042027,BEN_08115,Marathahalli,2021-03-15,12,0,0,0,0,0,0,1,0,0,0.0,0.089669,0,0.0,0,263,2,3,0.9465,0.0373,GREEN,29,Bengaluru
CLM0042028,BEN_04787,Whitefield,2025-06-07,20,0,0,0,0,0,0,1,0,0,0.0,0.417465,0,0.0,0,50,3,1,0.5538,0.0574,GREEN,44,Bengaluru
CLM0042029,BEN_03447,Jayanagar,2020-02-22,16,0,0,0,0,0,0,0,1,0,0.0,0.314823,0,0.0,0,420,2,5,0.7932,0.1629,GREEN,47,Bengaluru
CLM0042030,BEN_09921,Koramangala,2021-05-19,18,0,0,0,0,0,0,0,1,0,1.0,0.184723,0,0.0,0,420,4,5,0.7099,0.2121,GREEN,59,Bengaluru
CLM0042031,BEN_08648,Indiranagar,2019-07-29,12,0,0,0,0,0,0,0,0,0,1.0,0.054801,0,0.0,0,187,0,3,0.6032,0.0879,GREEN,57,Bengaluru
CLM0042032,BEN_09309,Rajajinagar,2019-10-08,20,0,0,0,0,0,0,0,0,0,1.0,1.0,0,1.0,1,258,4,0,0.7303,0.1783,GREEN,22,Bengaluru
CLM0042033,BEN_06115,Koramangala,2024-12-08,10,0,0,0,0,0,0,0,0,0,0.0,0.325055,0,0.0,0,190,4,6,0.3642,0.0441,GREEN,48,Bengaluru
CLM0042034,BEN_08688,Electronic City,2024-12-29,17,0,0,0,0,0,0,0,1,0,0.0,0.032473,0,0.0,0,21,4,0,0.8065,0.113,GREEN,47,Bengaluru
CLM0042035,BEN_06050,Electronic City,2018-08-21,11,0,0,0,0,0,0,0,0,0,0.0,1.0,0,0.0,0,295,4,1,0.6278,0.025,GREEN,38,Bengaluru
CLM0042036,BEN_07010,Koramangala,2022-12-23,19,0,0,0,0,0,0,0,0,0,0.0,0.39288,0,0.0,0,303,4,2,0.05,0.0,GREEN,42,Bengaluru
CLM0042037,BEN_06638,HSR Layout,2018-01-25,14,0,0,0,0,0,0,0,0,0,0.0,0.205424,0,0.0,0,317,4,2,0.1778,0.0988,GREEN,50,Bengaluru
CLM0042038,BEN_05359,BTM Layout,2019-08-30,19,0,0,0,0,0,0,0,1,0,0.0,0.117338,1,0.0,0,186,4,2,0.7157,0.2604,GREEN,53,Bengaluru
CLM0042039,BEN_00286,Jayanagar,2019-02-28,18,0,0,0,0,0,0,0,0,0,0.0,0.0,0,0.0,0,383,0,0,0.8395,0.0,GREEN,61,Bengaluru
CLM0042040,BEN_05860,Marathahalli,2022-04-20,7,0,0,0,0,0,0,0,0,0,0.0,1.0,0,0.0,0,420,1,0,0.7655,0.0,GREEN,41,Bengaluru
CLM0042041,BEN_01992,Electronic City,2021-09-29,19,0,0,0,0,0,0,0,1,0,0.0,0.221519,0,0.0,0,403,0,8,0.5302,0.083,GREEN,38,Bengaluru
CLM0042042,BEN_05177,BTM Layout,2024-09-04,19,0,0,0,0,0,0,0,1,0,0.0,0.03219,0,1.0,0,342,2,5,0.659,0.106,GREEN,34,Bengaluru
CLM0042043,BEN_09764,BTM Layout,2025-05-04,9,0,0,0,0,0,0,0,0,0,0.0,0.116196,0,0.0,0,357,2,5,0.2161,0.0873,GREEN,45,Bengaluru
CLM0042044,BEN_01307,Marathahalli,2020-10-02,9,0,0,0,1,0,0,0,1,0,0.0,0.226503,0,0.0,0,420,1,4,0.7179,0.3289,YELLOW,40,Bengaluru
CLM0042045,BEN_04274,Electronic City,2020-08-05,12,0,0,0,0,0,0,0,0,0,0.0,0.289366,0,0.0,0,151,1,1,0.7958,0.0992,GREEN,36,Bengaluru
CLM0042046,BEN_09201,Indiranagar,2020-06-14,17,0,1,1,0,0,0,0,0,0,0.0,0.027374,0,0.0,1,121,3,4,0.6797,0.0214,GREEN,56,Bengaluru
CLM0042047,BEN_08480,HSR Layout,2025-08-05,10,0,0,0,0,0,0,0,0,0,0.0,0.231405,0,0.0,0,151,4,6,0.8963,0.0303,GREEN,28,Bengaluru
CLM0042048,BEN_09144,Rajajinagar,2018-06-15,17,0,0,0,0,0,0,0,0,0,0.0,0.290549,0,0.0,0,407,2,4,0.8551,0.0,GREEN,47,Bengaluru
CLM0042049,BEN_08796,HSR Layout,2025-07-05,10,0,0,0,0,0,1,0,0,0,1.0,0.00841,0,0.0,0,259,3,0,0.9151,0.1614,GREEN,51,Bengaluru
CLM0042050,BEN_04411,Jayanagar,2020-04-19,19,0,0,0,0,0,0,0,0,0,0.0,0.006764,0,0.0,0,125,3,5,0.9071,0.0,GREEN,50,Bengaluru
CLM0042051,BEN_04295,Marathahalli,2019-05-24,15,0,0,0,0,0,0,0,0,0,0.0,0.391296,0,0.0,0,328,3,2,0.7224,0.034,GREEN,53,Bengaluru
CLM0042052,KOL_05243,Esplanade,2024-01-10,16,0,0,0,0,0,0,0,0,0,0.0,0.173734,0,0.0,0,143,2,0,0.1667,0.0241,GREEN,36,Kolkata
CLM0042053,KOL_06007,Park Street,2018-03-16,14,0,0,0,0,0,1,0,0,0,0.0,0.370285,0,0.0,0,156,4,0,0.6618,0.0555,GREEN,36,Kolkata
CLM0042054,KOL_00601,Salt Lake,2025-12-26,10,0,0,0,0,0,0,1,0,0,0.0,0.209963,0,0.0,0,96,2,0,0.7294,0.0285,GREEN,28,Kolkata
CLM0042055,KOL_02687,New Town,2021-09-30,13,0,0,0,0,0,0,0,0,1,0.0,0.096697,0,0.0,0,190,3,3,0.9201,0.1547,GREEN,30,Kolkata
CLM0042056,KOL_02177,Park Street,2025-01-27,7,0,0,0,0,0,0,0,0,0,0.0,0.027575,0,0.0,0,42,0,4,0.7536,0.0209,GREEN,43,Kolkata
CLM0042057,KOL_08704,Tollygunge,2025-12-12,18,0,0,0,0,0,0,1,0,0,0.0,0.355219,0,0.0,0,330,1,0,0.9359,0.0296,GREEN,18,Kolkata
CLM0042058,KOL_07638,Behala,2022-05-03,9,0,0,0,1,0,0,1,1,0,0.0,1.0,0,0.0,1,18,4,18,0.3176,0.0,GREEN,32,Kolkata
CLM0042059,KOL_02094,Garia,2023-10-04,20,0,0,0,0,0,0,0,0,0,0.0,0.007238,0,0.0,0,246,0,2,0.05,0.0,GREEN,29,Kolkata
CLM0042060,KOL_07741,Behala,2018-08-05,9,0,0,0,0,1,1,0,0,0,1.0,1.0,0,1.0,0,150,3,4,0.4544,0.2302,GREEN,26,Kolkata
CLM0042061,KOL_08807,Garia,2019-09-11,17,0,0,0,0,0,0,0,0,0,0.0,0.184078,0,0.0,0,236,2,5,0.7824,0.0,GREEN,18,Kolkata
CLM0042062,KOL_09734,Behala,2025-03-19,20,0,0,0,0,0,0,0,0,0,0.0,0.242321,0,0.0,0,18,4,2,0.7633,0.0472,GREEN,32,Kolkata
CLM0042063,KOL_06814,Esplanade,2022-09-03,15,0,0,0,0,0,0,0,1,0,0.0,0.128065,0,0.0,0,103,1,3,0.8711,0.0765,GREEN,40,Kolkata
CLM0042064,KOL_01074,Sealdah,2021-12-09,9,0,0,0,0,1,0,0,0,0,0.0,0.354066,0,0.0,0,211,0,0,0.9438,0.1563,GREEN,45,Kolkata
CLM0042065,KOL_02716,Park Street,2021-10-14,20,0,0,0,0,0,0,0,0,0,0.0,0.205146,0,0.0,0,230,0,3,0.4606,0.0,GREEN,38,Kolkata
CLM0042066,KOL_00210,Garia,2023-01-14,8,0,0,0,0,0,0,0,0,0,0.0,0.309124,0,0.0,0,56,3,0,0.7181,0.0,GREEN,34,Kolkata
CLM0042067,KOL_07707,Esplanade,2024-04-08,17,0,0,0,0,0,0,0,0,0,0.0,0.975966,0,0.0,0,373,2,1,0.8988,0.0703,GREEN,52,Kolkata
CLM0042068,KOL_06936,Garia,2021-01-08,21,0,0,0,0,0,0,0,0,0,0.0,1.0,0,0.0,1,242,2,0,0.5455,0.0597,GREEN,34,Kolkata
CLM0042069,KOL_02638,Sealdah,2023-08-23,10,0,0,0,0,0,0,0,0,0,0.0,0.096134,0,0.0,0,411,3,5,0.3004,0.0232,GREEN,31,Kolkata
CLM0042070,KOL_01922,Salt Lake,2024-07-05,7,0,0,0,0,0,1,0,1,0,0.0,0.441477,0,0.0,0,96,0,1,0.6224,0.1479,GREEN,40,Kolkata
CLM0042071,KOL_09106,Behala,2022-01-06,11,0,0,0,0,0,0,0,0,0,0.0,0.083896,0,0.0,0,420,2,1,0.8689,0.0,GREEN,34,Kolkata
CLM0042072,KOL_00176,Esplanade,2020-10-10,21,0,0,0,0,0,0,0,0,0,0.0,0.358383,0,0.0,0,258,3,0,0.05,0.0,GREEN,42,Kolkata
CLM0042073,KOL_02816,Salt Lake,2025-03-13,20,0,0,0,0,0,0,0,0,0,0.0,0.306654,0,0.0,0,251,3,0,0.7722,0.0255,GREEN,41,Kolkata
CLM0042074,KOL_00603,Dum Dum,2021-10-05,12,0,0,0,0,0,0,0,0,0,0.0,0.259677,0,0.0,0,195,0,2,0.6462,0.0,GREEN,41,Kolkata
CLM0042075,KOL_04255,Salt Lake,2018-08-05,19,0,0,0,0,0,0,0,0,0,0.0,0.234388,0,0.0,0,60,2,4,0.1376,0.0358,GREEN,34,Kolkata
CLM0042076,KOL_04951,Salt Lake,2020-01-06,14,0,0,0,0,0,0,0,0,0,0.0,0.0,0,0.0,0,186,0,2,0.7112,0.0037,GREEN,19,Kolkata
CLM0042077,KOL_02836,Park Street,2017-05-23,20,0,0,0,0,0,0,0,1,0,0.0,0.146591,0,0.0,0,127,0,0,0.1862,0.0883,GREEN,44,Kolkata
CLM0042078,KOL_06687,Salt Lake,2020-12-02,19,0,0,0,0,0,1,0,0,0,0.0,0.188234,1,0.0,0,420,4,0,0.86,0.1084,GREEN,51,Kolkata
CLM0042079,KOL_06396,Sealdah,2018-11-10,19,0,0,0,0,0,0,0,0,0,0.0,0.130903,0,0.0,0,231,4,3,0.9368,0.047,GREEN,28,Kolkata
CLM0042080,KOL_02176,Garia,2021-10-02,13,0,0,0,0,0,0,0,0,0,0.0,0.139069,0,0.0,0,300,3,1,0.8477,0.0815,GREEN,32,Kolkata
CLM0042081,KOL_00004,Salt Lake,2024-01-05,10,0,0,0,1,0,1,0,0,0,0.0,0.483922,0,1.0,0,420,4,6,0.6546,0.255,GREEN,27,Kolkata
CLM0042082,KOL_03056,Park Street,2021-06-28,9,0,0,0,0,0,0,0,0,0,0.0,0.983668,0,0.0,0,104,4,6,0.6342,0.1133,GREEN,25,Kolkata
CLM0042083,KOL_05126,Behala,2021-09-30,17,0,0,0,0,0,0,0,0,0,0.0,1.0,0,0.0,0,360,3,3,0.6076,0.0,GREEN,18,Kolkata
CLM0042084,KOL_09088,Dum Dum,2022-12-28,8,0,0,0,0,0,0,1,1,0,1.0,0.04986,0,0.0,0,46,4,1,0.5562,0.2185,GREEN,51,Kolkata
CLM0042085,KOL_06344,Park Street,2025-04-26,16,0,0,0,0,0,0,0,0,0,0.0,0.234211,0,0.0,0,359,4,2,0.98,0.1357,GREEN,36,Kolkata
CLM0042086,KOL_00375,Park Street,2025-01-29,7,0,0,0,0,0,0,0,0,0,1.0,0.201169,0,0.0,0,27,2,1,0.7947,0.0464,GREEN,43,Kolkata
CLM0042087,KOL_01941,New Town,2019-09-08,18,0,1,1,1,0,0,1,1,0,0.0,0.1345,0,1.0,0,5,1,18,0.2269,0.3926,YELLOW,27,Kolkata
CLM0042088,KOL_06523,Howrah,2017-10-15,17,0,1,1,0,1,0,1,1,0,1.0,0.947051,1,0.0,0,39,2,18,0.3312,0.4424,YELLOW,37,Kolkata
CLM0042089,KOL_06729,Tollygunge,2020-08-08,21,0,1,1,1,1,0,1,1,1,0.0,0.233491,1,0.0,1,9,1,18,0.4085,0.7837,RED,45,Kolkata
CLM0042090,KOL_00200,Esplanade,2020-07-06,8,0,1,1,1,1,0,1,0,1,0.0,1.0,0,1.0,1,9,1,18,0.2601,0.7978,RED,44,Kolkata
CLM0042091,KOL_01473,Sealdah,2025-02-26,19,0,1,1,1,0,1,0,1,1,0.0,1.0,0,1.0,0,34,2,18,0.2322,0.5976,YELLOW,33,Kolkata
CLM0042092,KOL_02840,Park Street,2025-06-23,14,0,1,1,1,0,1,1,1,1,0.0,0.122861,0,0.0,0,5,0,18,0.4441,0.721,RED,31,Kolkata
CLM0042093,KOL_06487,New Town,2022-10-14,13,0,1,1,1,1,0,1,0,0,1.0,0.321122,0,1.0,1,12,2,18,0.323,0.5171,YELLOW,51,Kolkata
CLM0042094,KOL_04097,New Town,2023-08-01,11,0,1,1,0,0,0,0,0,0,0.0,0.196704,0,0.0,0,20,1,3,0.8163,0.7345,RED,43,Kolkata
CLM0042095,KOL_06849,Howrah,2023-07-25,20,0,1,1,1,1,1,0,1,1,0.0,0.171304,1,0.0,0,5,2,18,0.9332,0.8056,RED,39,Kolkata
CLM0042096,KOL_08976,Park Street,2024-02-28,19,0,0,0,0,0,0,0,0,0,0.0,0.320042,0,0.0,1,268,4,0,0.98,0.1312,GREEN,23,Kolkata
CLM0042097,KOL_01233,Dum Dum,2025-08-07,7,0,0,0,0,0,0,0,0,0,0.0,0.297408,0,0.0,0,110,3,0,0.4687,0.0,GREEN,32,Kolkata
CLM0042098,KOL_06905,Garia,2024-01-02,14,0,0,0,0,0,0,1,0,0,0.0,0.060513,0,0.0,0,137,0,0,0.7428,0.1448,GREEN,49,Kolkata
CLM0042099,KOL_08346,Garia,2024-06-20,20,0,0,0,0,0,0,0,1,0,0.0,0.194791,0,0.0,0,81,4,1,0.6163,0.1217,GREEN,31,Kolkata
CLM0042100,KOL_02839,Garia,2025-08-10,8,0,0,0,0,0,0,0,0,0,0.0,0.042118,0,0.0,0,79,2,0,0.836,0.0436,GREEN,31,Kolkata
CLM0042101,KOL_08484,Esplanade,2024-05-14,15,0,0,0,0,0,0,0,0,0,0.0,0.971627,0,0.0,0,80,0,0,0.6957,0.1233,GREEN,31,Kolkata
CLM0042102,KOL_06021,Dum Dum,2025-11-20,20,0,0,0,0,0,0,0,0,0,0.0,0.0,0,0.0,0,251,2,4,0.6116,0.0,GREEN,34,Kolkata
CLM0042103,KOL_08387,Tollygunge,2025-09-07,12,0,0,0,0,0,0,0,0,0,1.0,0.068697,0,0.0,0,169,0,0,0.6166,0.0137,GREEN,32,Kolkata
CLM0042104,KOL_05849,Howrah,2023-09-06,8,0,1,1,0,0,0,0,0,0,0.0,0.201089,0,0.0,0,324,3,1,0.4546,0.1148,GREEN,40,Kolkata
CLM0042105,KOL_08554,Tollygunge,2025-01-11,7,0,0,0,0,0,0,0,0,0,0.0,0.107122,0,0.0,0,289,3,2,0.6455,0.0,GREEN,45,Kolkata
CLM0042106,KOL_09917,Park Street,2024-08-27,7,0,0,0,0,0,0,0,0,0,0.0,0.222762,0,0.0,0,100,0,0,0.98,0.0132,GREEN,45,Kolkata
CLM0042107,KOL_09699,Behala,2025-08-10,17,0,0,0,0,0,0,1,0,0,0.0,0.991784,0,0.0,0,420,4,1,0.9781,0.1354,GREEN,33,Kolkata
CLM0042108,KOL_06570,Park Street,2025-11-19,18,0,0,0,0,1,0,0,0,0,0.0,0.373634,1,0.0,0,164,1,3,0.6579,0.1581,GREEN,30,Kolkata
CLM0042109,KOL_04178,Esplanade,2022-09-16,14,0,0,0,0,0,0,0,1,0,0.0,0.0,0,0.0,0,400,2,5,0.884,0.1635,GREEN,28,Kolkata
CLM0042110,KOL_07943,Salt Lake,2024-03-22,16,0,0,0,0,1,0,0,1,0,0.0,0.205016,0,0.0,0,307,2,3,0.5762,0.224,GREEN,43,Kolkata
CLM0042111,KOL_09253,Sealdah,2023-11-07,18,0,0,0,0,0,0,0,0,0,0.0,0.266882,0,1.0,0,420,2,1,0.9056,0.021,GREEN,48,Kolkata
CLM0042112,KOL_01522,Salt Lake,2024-10-19,15,0,0,0,0,0,0,0,0,0,0.0,0.037612,0,0.0,0,121,3,0,0.5988,0.0,GREEN,47,Kolkata
CLM0042113,KOL_00280,New Town,2024-08-15,16,0,0,0,0,0,0,0,0,0,0.0,0.257833,0,0.0,0,420,1,6,0.3886,0.0561,GREEN,22,Kolkata
CLM0042114,KOL_09897,New Town,2023-01-06,10,0,0,0,0,1,1,1,1,1,1.0,1.0,0,1.0,0,5,1,18,0.196,0.0386,GREEN,18,Kolkata
CLM0042115,KOL_05055,Salt Lake,2023-09-09,13,0,0,0,0,0,0,1,0,0,0.0,1.0,0,0.0,0,420,3,1,0.9458,0.0473,GREEN,36,Kolkata
CLM0042116,KOL_07631,Sealdah,2025-08-02,12,0,0,0,0,0,0,0,0,0,0.0,0.318845,0,0.0,0,269,1,0,0.1678,0.0,GREEN,38,Kolkata
CLM0042117,KOL_04810,Sealdah,2022-06-08,7,0,0,0,1,0,0,1,1,1,0.0,0.16443,0,0.0,1,13,3,18,0.8584,0.0634,GREEN,34,Kolkata
CLM0042118,KOL_05323,Esplanade,2025-07-02,19,0,0,0,0,0,0,0,0,0,0.0,0.223093,0,0.0,0,247,2,5,0.6064,0.1446,GREEN,41,Kolkata
CLM0042119,KOL_08096,Sealdah,2021-04-24,17,0,0,0,0,0,0,1,0,0,0.0,0.420186,1,0.0,0,420,3,3,0.6322,0.2464,GREEN,50,Kolkata
CLM0042120,KOL_01695,Park Street,2024-09-07,7,0,0,0,0,0,0,0,0,1,0.0,0.099182,0,0.0,0,217,3,1,0.7965,0.147,GREEN,42,Kolkata
CLM0042121,KOL_08461,Behala,2021-07-23,11,0,0,0,0,0,0,0,0,0,0.0,0.296506,0,0.0,0,18,3,1,0.9655,0.1012,GREEN,46,Kolkata
CLM0042122,KOL_07340,Dum Dum,2022-08-11,17,0,0,0,0,0,0,0,1,0,0.0,0.919037,0,0.0,0,145,3,1,0.8193,0.0316,GREEN,40,Kolkata
CLM0042123,KOL_09623,Garia,2023-11-23,7,0,0,0,0,0,0,0,1,0,0.0,0.393667,0,0.0,0,242,2,0,0.88,0.0,GREEN,19,Kolkata
CLM0042124,KOL_06773,Garia,2018-09-13,7,0,0,0,0,0,0,0,0,0,0.0,0.485097,0,0.0,0,223,3,5,0.8454,0.0,GREEN,18,Kolkata
CLM0042125,KOL_00868,Behala,2019-01-25,15,0,0,0,0,0,0,0,0,0,0.0,0.0464,0,0.0,0,223,2,0,0.7431,0.0,GREEN,31,Kolkata
CLM0042126,KOL_06690,New Town,2018-10-01,15,0,0,0,0,0,0,0,0,0,0.0,0.333434,0,0.0,0,247,0,3,0.8652,0.0106,GREEN,35,Kolkata
CLM0042127,KOL_02744,New Town,2021-02-07,14,0,0,0,0,0,0,0,0,0,0.0,0.007473,0,0.0,0,118,3,0,0.9447,0.0144,GREEN,38,Kolkata
CLM0042128,KOL_07032,Esplanade,2018-10-02,20,0,0,0,0,0,0,0,0,0,0.0,0.384611,0,0.0,0,121,4,1,0.6063,0.0,GREEN,44,Kolkata
CLM0042129,KOL_00870,Tollygunge,2019-02-17,12,0,0,0,0,0,0,0,0,0,0.0,0.291604,0,0.0,0,168,4,2,0.2875,0.0,GREEN,29,Kolkata
CLM0042130,KOL_01309,Sealdah,2018-12-24,21,0,0,0,0,0,0,0,0,0,0.0,0.211407,0,0.0,0,356,0,0,0.7066,0.0802,GREEN,45,Kolkata
CLM0042131,KOL_04406,Dum Dum,2025-09-15,19,0,0,0,0,0,0,0,0,0,0.0,0.348236,0,0.0,0,117,4,2,0.98,0.0,GREEN,18,Kolkata
CLM0042132,KOL_04247,Dum Dum,2019-02-16,14,0,0,0,0,0,0,0,0,0,0.0,0.995619,0,0.0,0,192,2,0,0.7695,0.0461,GREEN,39,Kolkata
CLM0042133,KOL_01114,Tollygunge,2021-12-05,9,1,0,0,1,0,0,0,0,0,0.0,0.09771,0,0.0,0,420,4,3,0.6195,0.2236,GREEN,43,Kolkata
CLM0042134,KOL_00876,Behala,2023-03-29,14,0,0,0,0,0,0,1,0,0,0.0,0.342949,0,0.0,0,194,2,3,0.8651,0.1083,GREEN,45,Kolkata
CLM0042135,KOL_06066,Tollygunge,2021-05-19,9,0,0,0,0,1,0,0,0,0,1.0,0.984439,0,1.0,0,5,2,6,0.8757,0.1684,GREEN,43,Kolkata
CLM0042136,KOL_00967,Salt Lake,2023-07-08,16,0,0,0,0,0,0,0,0,0,0.0,0.258513,0,0.0,0,338,2,4,0.5229,0.0,GREEN,35,Kolkata
CLM0042137,KOL_02314,Dum Dum,2025-09-29,12,0,0,0,0,0,0,0,0,0,0.0,0.0,0,0.0,0,331,3,4,0.0642,0.0727,GREEN,32,Kolkata
CLM0042138,KOL_03336,Garia,2021-12-03,20,0,0,0,0,0,0,0,1,0,0.0,0.057552,0,0.0,0,295,1,0,0.6368,0.0489,GREEN,43,Kolkata
CLM0042139,KOL_04718,Esplanade,2024-05-20,21,0,0,0,0,0,0,0,0,0,1.0,0.0,0,0.0,0,411,0,6,0.6536,0.0615,GREEN,30,Kolkata
CLM0042140,KOL_05874,Salt Lake,2025-04-17,14,0,0,0,1,1,1,1,0,1,1.0,1.0,0,1.0,0,5,1,18,0.0802,0.0958,GREEN,46,Kolkata
CLM0042141,KOL_05596,Salt Lake,2022-05-21,10,0,0,0,0,0,1,0,0,0,0.0,0.169637,0,0.0,0,69,4,1,0.6006,0.0822,GREEN,27,Kolkata
CLM0042142,KOL_04194,Garia,2021-02-27,18,0,0,0,1,1,0,1,1,0,1.0,0.61609,0,1.0,1,5,4,18,0.9343,0.0079,GREEN,41,Kolkata
CLM0042143,KOL_09643,Sealdah,2022-03-25,8,0,0,0,0,0,0,0,0,0,0.0,0.314978,0,0.0,0,370,0,0,0.3269,0.0,GREEN,36,Kolkata
CLM0042144,KOL_03972,Dum Dum,2023-11-04,7,0,0,0,0,0,0,0,1,0,0.0,0.071463,0,0.0,0,420,0,0,0.8312,0.0488,GREEN,31,Kolkata
CLM0042145,KOL_00282,Tollygunge,2024-09-07,11,0,0,0,0,0,0,0,0,0,0.0,0.119551,0,0.0,0,287,4,3,0.9458,0.0505,GREEN,39,Kolkata
CLM0042146,KOL_05705,Salt Lake,2024-01-05,12,0,0,0,0,0,0,1,0,0,0.0,0.29056,0,0.0,0,102,3,0,0.4727,0.0475,GREEN,18,Kolkata
CLM0042147,KOL_00023,Behala,2024-05-05,9,0,0,0,0,0,0,0,0,0,0.0,0.166509,0,0.0,0,223,1,0,0.2776,0.1486,GREEN,18,Kolkata
CLM0042148,KOL_05583,Sealdah,2025-01-23,15,0,0,0,0,0,0,0,0,0,0.0,0.151688,0,0.0,0,174,4,1,0.6541,0.0,GREEN,40,Kolkata
CLM0042149,KOL_00362,Dum Dum,2022-05-27,16,0,0,0,0,0,0,0,0,0,0.0,0.107266,0,0.0,0,194,0,1,0.4481,0.0387,GREEN,25,Kolkata
CLM0042150,KOL_07544,Salt Lake,2023-06-20,18,0,0,0,1,0,1,0,1,1,0.0,1.0,0,1.0,0,5,1,18,0.3666,0.1732,GREEN,52,Kolkata
CLM0042151,KOL_01257,Salt Lake,2023-07-25,19,0,0,0,0,0,0,0,0,0,0.0,0.281295,0,0.0,0,260,0,0,0.1349,0.1081,GREEN,31,Kolkata
CLM0042152,KOL_09868,Esplanade,2025-02-06,7,0,0,0,0,0,0,0,1,0,0.0,0.0,0,0.0,0,420,0,1,0.6524,0.0561,GREEN,26,Kolkata
CLM0042153,KOL_07829,New Town,2018-12-27,8,0,0,0,0,0,0,0,0,0,0.0,0.069416,0,0.0,0,271,0,4,0.7799,0.0,GREEN,34,Kolkata
CLM0042154,KOL_04007,Park Street,2024-09-27,8,0,0,0,0,0,0,0,0,0,1.0,0.253046,0,0.0,0,420,2,2,0.7675,0.1048,GREEN,26,Kolkata
CLM0042155,KOL_09922,Behala,2025-01-04,8,0,0,0,0,0,0,0,0,0,0.0,0.077524,0,0.0,0,324,1,6,0.4428,0.0132,GREEN,31,Kolkata
CLM0042156,KOL_04336,New Town,2022-11-27,21,0,0,0,0,0,0,0,0,0,0.0,0.218982,0,0.0,0,299,0,6,0.6619,0.017,GREEN,30,Kolkata
CLM0042157,KOL_06314,Tollygunge,2021-04-18,8,0,0,0,0,0,0,0,0,0,1.0,0.332112,0,0.0,0,30,0,0,0.7359,0.11,GREEN,27,Kolkata
CLM0042158,KOL_09502,Garia,2019-09-15,18,0,1,1,0,0,0,0,0,0,0.0,0.025414,0,0.0,0,358,0,3,0.532,0.0,GREEN,25,Kolkata
CLM0042159,KOL_02719,New Town,2022-10-14,8,0,0,0,0,0,0,0,0,0,0.0,0.338147,0,0.0,0,67,3,0,0.7667,0.0813,GREEN,41,Kolkata
CLM0042160,KOL_03493,Behala,2023-02-26,12,0,1,1,0,0,0,0,0,0,1.0,0.217517,0,0.0,0,250,3,3,0.98,0.0292,GREEN,18,Kolkata
CLM0042161,KOL_02935,Behala,2020-05-15,17,0,0,0,0,1,0,0,0,0,0.0,0.09728,0,0.0,0,297,2,4,0.6809,0.1592,GREEN,41,Kolkata
CLM0042162,KOL_03472,Behala,2024-01-08,9,0,0,0,0,0,0,0,0,0,0.0,0.260849,0,0.0,0,370,3,3,0.665,0.1258,GREEN,28,Kolkata
CLM0042163,KOL_03649,Sealdah,2025-11-28,18,0,0,0,0,0,0,0,0,0,0.0,0.177997,0,0.0,0,263,2,0,0.8244,0.0,GREEN,22,Kolkata
CLM0042164,KOL_07154,Park Street,2023-09-15,20,0,0,0,0,0,0,0,0,0,0.0,0.323306,1,1.0,0,84,2,1,0.05,0.1232,GREEN,42,Kolkata
CLM0042165,KOL_06994,Tollygunge,2022-03-11,12,0,1,1,0,0,0,0,0,0,0.0,0.068012,0,0.0,0,420,0,0,0.741,0.0371,GREEN,41,Kolkata
CLM0042166,KOL_02797,Salt Lake,2024-03-08,20,0,0,0,0,0,1,0,0,0,0.0,0.035231,0,0.0,0,68,2,0,0.662,0.1775,GREEN,32,Kolkata
CLM0042167,KOL_07030,Dum Dum,2022-07-11,13,0,0,0,0,0,0,0,0,0,0.0,0.313029,0,0.0,0,420,0,0,0.8439,0.0128,GREEN,32,Kolkata
CLM0042168,KOL_06169,Garia,2024-04-28,10,0,0,0,0,0,1,0,0,0,0.0,1.0,0,0.0,0,159,1,1,0.6876,0.0593,GREEN,52,Kolkata
CLM0042169,KOL_02082,New Town,2025-12-17,11,0,0,0,0,0,0,0,0,0,0.0,0.120454,0,0.0,0,207,3,0,0.94,0.0,GREEN,49,Kolkata
CLM0042170,KOL_05849,Howrah,2024-05-22,18,0,0,0,0,0,0,0,0,0,0.0,0.341219,0,0.0,0,274,2,1,0.8578,0.019,GREEN,40,Kolkata
CLM0042171,KOL_02496,Garia,2025-06-25,19,0,0,0,0,0,0,0,1,0,0.0,0.195092,0,0.0,0,75,2,2,0.8246,0.0893,GREEN,25,Kolkata
CLM0042172,KOL_01962,Howrah,2022-12-20,15,0,0,0,1,0,0,0,0,0,0.0,0.158018,0,0.0,0,420,0,4,0.7772,0.2264,GREEN,42,Kolkata
CLM0042173,KOL_00287,New Town,2024-08-22,19,0,0,0,0,0,0,0,0,0,0.0,0.204496,0,0.0,0,197,2,2,0.05,0.0067,GREEN,36,Kolkata
CLM0042174,KOL_04768,Salt Lake,2025-01-30,18,0,0,0,0,0,1,0,0,0,0.0,0.170674,0,0.0,0,397,1,0,0.7966,0.1463,GREEN,47,Kolkata
CLM0042175,KOL_00975,Sealdah,2024-10-11,13,0,0,0,0,0,0,0,0,0,1.0,1.0,0,1.0,0,420,0,1,0.8344,0.0,GREEN,21,Kolkata
CLM0042176,KOL_00022,Sealdah,2023-07-30,8,0,0,0,0,0,0,0,0,1,0.0,0.215112,0,0.0,0,324,3,2,0.6926,0.1328,GREEN,55,Kolkata
CLM0042177,KOL_03908,Behala,2017-12-20,9,0,0,0,0,0,0,0,1,0,0.0,0.271175,0,0.0,0,259,0,3,0.98,0.1395,GREEN,40,Kolkata
CLM0042178,KOL_06322,Sealdah,2023-03-20,20,0,0,0,0,0,0,0,0,0,0.0,0.424158,0,0.0,0,14,4,6,0.9076,0.0,GREEN,22,Kolkata
CLM0042179,KOL_07116,Garia,2015-09-03,20,0,0,0,0,0,0,0,1,0,0.0,0.21963,0,0.0,0,222,4,3,0.5502,0.0468,GREEN,33,Kolkata
CLM0042180,KOL_01906,Esplanade,2018-12-22,12,0,0,0,0,1,0,0,0,0,0.0,1.0,0,0.0,0,280,0,6,0.5597,0.0495,GREEN,38,Kolkata
CLM0042181,KOL_07253,Sealdah,2023-06-16,15,0,0,0,0,0,0,1,0,0,0.0,0.180888,0,0.0,0,140,4,0,0.4336,0.1439,GREEN,47,Kolkata
CLM0042182,KOL_01333,Sealdah,2025-07-21,15,0,0,0,1,0,0,0,0,0,0.0,0.420864,0,0.0,0,42,4,0,0.9388,0.2427,GREEN,31,Kolkata
CLM0042183,KOL_08060,Behala,2021-04-25,18,0,0,0,0,0,0,0,0,0,0.0,0.231814,0,0.0,0,420,1,1,0.7974,0.039,GREEN,40,Kolkata
CLM0042184,KOL_02278,Howrah,2021-11-27,19,0,0,0,0,0,0,0,0,0,0.0,0.012006,0,0.0,0,5,4,3,0.1844,0.0619,GREEN,26,Kolkata
CLM0042185,KOL_08208,Sealdah,2023-05-28,10,0,0,0,0,0,0,1,0,0,0.0,1.0,0,0.0,0,118,1,5,0.7187,0.0351,GREEN,30,Kolkata
CLM0042186,KOL_04039,Garia,2022-04-01,14,0,0,0,0,1,0,0,0,0,0.0,0.982774,0,0.0,0,101,4,2,0.98,0.1005,GREEN,18,Kolkata
CLM0042187,KOL_05970,Park Street,2018-10-06,14,0,0,0,0,0,0,0,0,0,0.0,0.384597,0,0.0,0,66,2,1,0.6577,0.0,GREEN,35,Kolkata
CLM0042188,KOL_02673,New Town,2024-07-31,8,0,0,0,0,0,0,1,0,1,0.0,0.393136,0,0.0,0,420,4,6,0.7153,0.0815,GREEN,41,Kolkata
CLM0042189,KOL_00718,Salt Lake,2018-10-26,11,0,0,0,0,0,0,0,0,0,0.0,1.0,0,0.0,0,180,0,1,0.8276,0.0238,GREEN,59,Kolkata
CLM0042190,KOL_01904,New Town,2022-01-06,10,0,0,0,0,0,0,0,0,0,0.0,0.16688,0,0.0,0,186,1,5,0.6774,0.0,GREEN,45,Kolkata
CLM0042191,KOL_06029,Behala,2020-09-16,19,0,0,0,1,0,1,0,0,0,0.0,1.0,0,0.0,0,13,4,18,0.1651,0.1522,GREEN,49,Kolkata
CLM0042192,KOL_09598,Salt Lake,2023-05-14,9,0,1,1,0,0,0,0,0,0,0.0,0.0,1,0.0,0,17,1,3,0.6759,0.0175,GREEN,18,Kolkata
CLM0042193,KOL_08768,Dum Dum,2023-06-04,20,0,0,0,0,0,0,0,0,0,0.0,0.091581,0,0.0,0,420,0,0,0.6368,0.0,GREEN,33,Kolkata
CLM0042194,KOL_06563,Esplanade,2023-01-11,19,0,0,0,0,0,0,0,0,0,0.0,0.958241,0,0.0,0,376,3,1,0.5718,0.0647,GREEN,49,Kolkata
CLM0042195,KOL_07329,Behala,2023-05-05,13,0,0,0,0,0,0,0,0,0,0.0,0.202968,0,0.0,0,288,4,5,0.6727,0.0437,GREEN,37,Kolkata
CLM0042196,KOL_08949,New Town,2023-07-13,15,0,0,0,0,0,0,0,0,0,0.0,0.214905,0,0.0,0,418,0,3,0.6116,0.0707,GREEN,34,Kolkata
CLM0042197,KOL_06170,Park Street,2025-08-18,16,0,0,0,0,0,0,0,0,0,0.0,0.118567,0,0.0,0,359,4,5,0.6626,0.0,GREEN,41,Kolkata
CLM0042198,KOL_02248,Behala,2023-03-21,14,0,0,0,0,0,1,0,0,0,0.0,0.0,0,0.0,0,391,1,1,0.9067,0.0,GREEN,31,Kolkata
CLM0042199,KOL_09315,New Town,2022-06-04,20,0,0,0,0,0,0,0,0,0,0.0,0.387854,0,0.0,0,270,2,3,0.7249,0.0,GREEN,33,Kolkata
CLM0042200,KOL_02504,Salt Lake,2024-10-09,17,0,0,0,0,0,0,0,0,0,0.0,0.066605,0,0.0,0,332,0,5,0.7996,0.0419,GREEN,41,Kolkata
CLM0042201,KOL_00191,Howrah,2022-01-16,9,0,0,0,0,0,0,0,0,0,0.0,0.092471,0,0.0,0,420,4,0,0.6674,0.0,GREEN,47,Kolkata
CLM0042202,KOL_06776,Salt Lake,2025-10-26,17,0,0,0,0,0,0,0,0,0,1.0,0.09181,0,0.0,0,56,1,0,0.5817,0.0082,GREEN,54,Kolkata
CLM0042203,KOL_09388,Park Street,2021-04-02,18,0,0,0,0,0,0,0,0,0,0.0,0.152294,0,0.0,0,167,1,5,0.6273,0.0536,GREEN,33,Kolkata
CLM0042204,KOL_09329,Dum Dum,2020-10-20,9,0,0,0,0,1,1,1,1,1,1.0,0.907529,0,1.0,1,5,1,18,0.195,0.1622,GREEN,64,Kolkata
CLM0042205,KOL_07033,New Town,2025-11-26,15,0,0,0,0,0,0,0,0,0,0.0,0.340643,0,0.0,0,47,4,3,0.6166,0.0,GREEN,29,Kolkata
CLM0042206,KOL_04533,Behala,2020-10-31,20,0,0,0,0,0,1,1,1,0,0.0,0.103957,1,0.0,0,234,2,0,0.676,0.3292,YELLOW,42,Kolkata
CLM0042207,KOL_01872,Tollygunge,2024-12-09,21,0,0,0,0,0,0,0,0,0,0.0,0.115345,0,0.0,0,172,3,3,0.98,0.0186,GREEN,40,Kolkata
CLM0042208,KOL_00176,Esplanade,2025-04-11,19,0,0,0,0,0,0,0,0,0,0.0,0.363884,0,0.0,0,282,1,2,0.2187,0.056,GREEN,42,Kolkata
CLM0042209,KOL_04355,Park Street,2025-03-11,19,0,0,0,0,0,0,0,0,0,0.0,0.052192,0,0.0,0,372,4,2,0.4185,0.0098,GREEN,26,Kolkata
CLM0042210,KOL_02495,Garia,2023-02-27,9,0,0,0,0,0,0,0,0,0,0.0,0.305183,0,0.0,0,187,0,2,0.1582,0.0,GREEN,31,Kolkata
CLM0042211,KOL_07325,Salt Lake,2022-08-13,19,0,0,0,0,0,0,0,0,0,0.0,0.212474,0,0.0,0,278,1,5,0.5548,0.0,GREEN,52,Kolkata
CLM0042212,KOL_00019,Salt Lake,2020-07-15,18,0,0,0,0,0,0,0,0,0,0.0,0.448039,0,0.0,0,379,2,6,0.1879,0.0,GREEN,42,Kolkata
CLM0042213,KOL_02417,Tollygunge,2019-09-07,8,0,0,0,1,0,0,0,0,0,0.0,0.0,0,0.0,0,5,0,1,0.6487,0.1341,GREEN,33,Kolkata
CLM0042214,KOL_05991,Sealdah,2019-08-11,9,0,0,0,0,0,0,1,0,1,0.0,0.264626,0,0.0,0,209,3,5,0.9328,0.1269,GREEN,44,Kolkata
CLM0042215,KOL_05555,Howrah,2019-11-22,17,0,0,0,0,0,0,0,0,0,0.0,0.354847,0,0.0,0,266,4,0,0.8446,0.0752,GREEN,46,Kolkata
CLM0042216,KOL_01330,Salt Lake,2023-04-09,13,0,0,0,0,0,1,0,0,0,0.0,0.312485,0,0.0,0,60,4,0,0.6001,0.1928,GREEN,46,Kolkata
CLM0042217,KOL_07764,Esplanade,2022-07-14,17,0,0,0,0,0,0,0,0,0,1.0,0.303354,0,1.0,0,322,2,4,0.5387,0.0759,GREEN,41,Kolkata
CLM0042218,KOL_06382,Sealdah,2025-02-06,19,0,0,0,0,0,0,0,0,0,1.0,0.0,0,1.0,0,53,2,0,0.1393,0.0555,GREEN,35,Kolkata
CLM0042219,KOL_09279,Garia,2021-06-16,15,0,0,0,0,0,0,0,0,0,0.0,0.194795,0,0.0,0,186,4,6,0.89,0.0108,GREEN,18,Kolkata
CLM0042220,KOL_09268,Garia,2019-05-19,15,0,0,0,0,0,1,0,0,0,0.0,0.345511,0,0.0,0,420,0,0,0.7665,0.0,GREEN,48,Kolkata
CLM0042221,KOL_03084,Howrah,2020-02-19,7,0,0,0,0,1,0,0,0,0,0.0,0.379921,0,0.0,0,420,3,2,0.1073,0.1155,GREEN,23,Kolkata
CLM0042222,KOL_03017,Behala,2025-10-30,9,0,0,0,0,0,0,1,0,0,0.0,0.219521,0,0.0,0,152,3,5,0.5441,0.1121,GREEN,23,Kolkata
CLM0042223,KOL_08212,Howrah,2024-11-27,14,0,0,0,0,0,0,0,0,0,0.0,0.234036,0,0.0,0,274,0,5,0.185,0.0396,GREEN,30,Kolkata
CLM0042224,KOL_09705,Behala,2025-12-28,16,0,0,0,0,0,0,0,0,0,0.0,0.294018,0,0.0,0,282,3,0,0.8295,0.0,GREEN,33,Kolkata
CLM0042225,KOL_02838,Tollygunge,2024-06-19,7,0,0,0,0,0,0,0,0,0,0.0,0.314232,0,1.0,0,135,0,0,0.8845,0.0,GREEN,61,Kolkata
CLM0042226,KOL_09841,Esplanade,2024-08-01,13,0,0,0,0,0,0,0,0,0,0.0,0.303107,0,0.0,0,195,2,0,0.98,0.086,GREEN,48,Kolkata
CLM0042227,KOL_09950,Tollygunge,2025-11-13,7,0,0,0,0,0,0,0,0,0,0.0,0.98803,0,0.0,0,113,0,0,0.5473,0.0186,GREEN,59,Kolkata
CLM0042228,KOL_05259,Tollygunge,2024-04-10,11,0,0,0,0,0,0,0,0,0,0.0,0.256035,0,0.0,0,94,3,1,0.5439,0.0062,GREEN,40,Kolkata
CLM0042229,KOL_05075,Dum Dum,2025-12-10,12,0,1,1,0,0,0,0,0,0,1.0,0.176544,0,0.0,0,150,2,2,0.98,0.0416,GREEN,30,Kolkata
CLM0042230,KOL_02942,Sealdah,2020-11-12,9,1,0,0,0,0,0,0,0,0,0.0,0.071506,0,0.0,0,78,0,0,0.9657,0.0174,GREEN,19,Kolkata
CLM0042231,KOL_08329,Howrah,2022-10-15,10,0,0,0,0,0,0,0,0,0,0.0,0.0,0,0.0,0,360,2,4,0.1281,0.0897,GREEN,38,Kolkata
CLM0042232,KOL_06299,Dum Dum,2016-10-16,8,0,0,0,0,0,0,0,0,0,0.0,0.334209,0,0.0,0,183,1,1,0.3581,0.0594,GREEN,53,Kolkata
CLM0042233,KOL_08758,New Town,2023-11-28,14,0,0,0,0,0,0,0,0,0,0.0,0.215995,0,0.0,0,264,3,0,0.7918,0.0604,GREEN,47,Kolkata
CLM0042234,KOL_07460,Park Street,2019-01-07,11,0,0,0,0,0,0,1,0,0,0.0,0.0,0,0.0,0,305,0,6,0.7718,0.1385,GREEN,42,Kolkata
CLM0042235,KOL_02148,Behala,2017-04-27,11,0,0,0,0,0,0,0,0,0,0.0,1.0,0,0.0,0,164,4,4,0.8332,0.0232,GREEN,28,Kolkata
CLM0042236,KOL_04569,Dum Dum,2025-03-08,9,0,0,0,0,0,0,0,0,0,1.0,0.006379,0,0.0,0,255,4,4,0.5767,0.0985,GREEN,30,Kolkata
CLM0042237,KOL_06292,Howrah,2018-10-25,14,0,0,0,0,0,0,0,0,0,0.0,0.037863,0,0.0,0,420,4,0,0.1621,0.0,GREEN,33,Kolkata
CLM0042238,KOL_06813,Park Street,2024-02-20,11,0,0,0,0,0,0,0,0,0,0.0,0.307036,0,0.0,0,377,3,1,0.7471,0.0411,GREEN,44,Kolkata
CLM0042239,KOL_08506,Howrah,2023-07-05,19,0,0,0,0,0,0,0,0,0,1.0,0.234397,0,0.0,0,148,2,4,0.9134,0.0177,GREEN,29,Kolkata
CLM0042240,KOL_06251,Behala,2025-07-04,21,0,0,0,0,0,0,0,0,0,0.0,0.23051,1,0.0,0,420,1,2,0.98,0.0114,GREEN,48,Kolkata
CLM0042241,KOL_02538,Esplanade,2021-02-07,20,0,0,0,0,0,0,0,0,0,0.0,0.091595,0,0.0,0,420,4,2,0.0678,0.0212,GREEN,44,Kolkata
CLM0042242,KOL_04891,Garia,2024-02-26,7,0,0,0,0,0,0,0,1,0,1.0,0.928488,0,1.0,0,275,0,3,0.1848,0.0584,GREEN,36,Kolkata
CLM0042243,KOL_09611,Tollygunge,2025-10-08,9,0,0,0,0,0,0,0,0,0,0.0,0.0,0,0.0,0,234,3,1,0.8624,0.0169,GREEN,37,Kolkata
CLM0042244,KOL_09555,Salt Lake,2018-07-02,13,0,0,0,0,1,0,0,1,0,1.0,0.456278,0,0.0,0,137,1,1,0.1838,0.3199,YELLOW,39,Kolkata
CLM0042245,KOL_03660,Garia,2024-07-27,8,0,0,0,0,0,0,0,0,0,1.0,0.156376,0,0.0,0,294,0,1,0.578,0.1206,GREEN,54,Kolkata
CLM0042246,KOL_08803,Behala,2025-08-25,18,0,0,0,0,0,0,0,0,0,0.0,0.45726,0,0.0,0,155,1,5,0.6831,0.0966,GREEN,44,Kolkata
CLM0042247,KOL_05153,New Town,2023-08-02,10,0,0,0,0,0,0,0,0,0,0.0,0.96274,0,0.0,0,247,3,1,0.447,0.0266,GREEN,40,Kolkata
CLM0042248,KOL_03372,Behala,2018-11-23,15,0,0,0,0,1,0,1,1,0,1.0,0.059707,0,1.0,1,5,3,18,0.3349,0.16,GREEN,32,Kolkata
CLM0042249,KOL_00627,New Town,2019-08-17,18,0,0,0,0,0,0,0,0,0,0.0,0.333533,0,1.0,0,129,2,1,0.9452,0.0216,GREEN,32,Kolkata
CLM0042250,KOL_02845,Sealdah,2019-07-27,21,0,0,0,0,0,0,0,0,0,0.0,0.329278,0,0.0,0,258,3,1,0.5675,0.0841,GREEN,36,Kolkata
CLM0042251,KOL_02717,Esplanade,2018-03-04,10,0,0,0,0,0,1,0,0,0,1.0,0.964821,0,1.0,0,242,4,5,0.7701,0.0204,GREEN,40,Kolkata
CLM0042252,KOL_06523,Howrah,2023-11-02,19,0,0,0,0,0,0,0,0,0,0.0,0.195483,0,0.0,0,420,0,1,0.085,0.0,GREEN,37,Kolkata
CLM0042253,KOL_01386,New Town,2023-01-14,11,0,0,0,0,0,0,0,0,0,0.0,0.916721,0,0.0,1,420,2,3,0.1074,0.0415,GREEN,31,Kolkata
CLM0042254,KOL_03607,Dum Dum,2022-10-14,7,0,0,0,0,0,0,0,0,0,0.0,0.0,0,0.0,0,150,0,3,0.05,0.0,GREEN,41,Kolkata
CLM0042255,KOL_02679,Park Street,2024-01-02,21,0,0,0,0,0,0,0,0,0,0.0,0.091876,0,0.0,0,420,3,1,0.5832,0.0,GREEN,32,Kolkata
CLM0042256,KOL_09557,Sealdah,2025-02-15,8,0,0,0,0,0,1,0,0,0,0.0,0.187126,0,0.0,0,84,4,3,0.1289,0.2398,GREEN,35,Kolkata
CLM0042257,KOL_08412,New Town,2024-10-19,10,0,0,0,0,0,0,0,0,0,0.0,0.892844,0,0.0,0,102,2,3,0.7758,0.0676,GREEN,31,Kolkata
CLM0042258,KOL_09629,Salt Lake,2025-01-07,8,0,0,0,0,0,0,0,0,0,0.0,0.142887,0,0.0,0,167,4,4,0.98,0.0249,GREEN,46,Kolkata
CLM0042259,KOL_08383,Garia,2025-10-06,13,0,0,0,0,0,0,0,0,0,0.0,0.239543,0,0.0,0,371,4,0,0.9691,0.0,GREEN,18,Kolkata
CLM0042260,KOL_05040,Dum Dum,2024-10-17,16,0,0,0,0,1,0,0,0,0,0.0,0.373506,0,0.0,0,215,0,1,0.7146,0.0879,GREEN,34,Kolkata
CLM0042261,KOL_06123,Howrah,2025-07-26,18,0,0,0,0,0,1,0,1,0,0.0,0.950527,0,0.0,0,186,4,0,0.9666,0.224,GREEN,43,Kolkata
CLM0042262,KOL_07075,Tollygunge,2024-11-28,7,0,0,0,0,0,0,0,0,0,0.0,0.232457,0,0.0,1,326,0,0,0.8204,0.0293,GREEN,34,Kolkata
CLM0042263,KOL_01692,New Town,2025-03-24,9,0,0,0,0,0,0,1,1,0,0.0,0.410271,0,0.0,0,203,2,0,0.6602,0.188,GREEN,29,Kolkata
CLM0042264,KOL_02535,Tollygunge,2021-09-01,11,0,0,0,0,0,1,0,0,0,0.0,0.192257,0,0.0,0,350,2,1,0.2242,0.0842,GREEN,38,Kolkata
CLM0042265,KOL_06463,New Town,2025-08-29,10,0,0,0,0,0,1,1,0,0,0.0,1.0,0,0.0,0,343,3,6,0.1633,0.226,GREEN,42,Kolkata
CLM0042266,KOL_05200,Esplanade,2021-10-04,9,0,0,0,0,0,0,0,0,0,0.0,0.383171,0,0.0,0,198,1,0,0.753,0.0,GREEN,51,Kolkata
CLM0042267,KOL_03747,Esplanade,2021-10-07,16,0,0,0,0,0,0,0,1,0,0.0,0.017174,1,0.0,0,135,0,2,0.6387,0.1641,GREEN,37,Kolkata
CLM0042268,KOL_06658,Sealdah,2025-08-02,20,0,0,0,0,0,0,0,0,0,0.0,0.418106,0,0.0,0,306,0,0,0.9411,0.0,GREEN,18,Kolkata
CLM0042269,KOL_04579,Garia,2025-12-08,21,0,0,0,0,0,1,0,1,0,0.0,0.195125,0,0.0,0,15,3,0,0.8112,0.201,GREEN,43,Kolkata
CLM0042270,KOL_03286,Park Street,2021-01-24,8,0,0,0,0,0,0,0,0,0,0.0,0.331105,0,0.0,0,276,3,1,0.5239,0.0476,GREEN,46,Kolkata
CLM0042271,KOL_01308,Salt Lake,2024-12-08,16,0,0,0,0,0,0,0,0,0,0.0,0.231659,0,0.0,0,319,0,2,0.7905,0.0,GREEN,36,Kolkata
CLM0042272,KOL_05544,Salt Lake,2025-07-03,18,0,0,0,0,0,0,0,0,0,0.0,0.169246,0,0.0,0,50,2,6,0.2622,0.0,GREEN,57,Kolkata
CLM0042273,KOL_09270,New Town,2018-07-28,18,0,0,0,0,0,0,0,1,0,0.0,1.0,0,0.0,0,420,3,3,0.98,0.1011,GREEN,30,Kolkata
CLM0042274,KOL_02957,Tollygunge,2022-04-19,13,0,0,0,0,0,0,0,0,0,0.0,0.010923,1,0.0,0,269,3,2,0.5606,0.0402,GREEN,36,Kolkata
CLM0042275,KOL_04514,Dum Dum,2020-01-04,13,0,0,0,0,0,0,0,0,0,0.0,0.178505,0,0.0,0,82,4,0,0.3677,0.0,GREEN,25,Kolkata
CLM0042276,KOL_06821,Dum Dum,2025-11-12,12,0,0,0,0,0,0,0,0,0,0.0,0.072294,0,0.0,0,402,0,2,0.969,0.0366,GREEN,44,Kolkata
CLM0042277,KOL_03499,Tollygunge,2022-02-11,21,0,0,0,0,0,0,0,0,0,0.0,0.290968,1,0.0,0,212,1,0,0.98,0.0632,GREEN,45,Kolkata
CLM0042278,KOL_06845,Behala,2019-10-01,8,0,0,0,0,0,0,0,0,0,0.0,0.0,0,0.0,0,202,1,3,0.5613,0.0132,GREEN,36,Kolkata
CLM0042279,KOL_06497,Garia,2022-09-18,21,0,0,0,0,0,0,0,0,1,0.0,0.981228,0,0.0,0,50,4,0,0.98,0.1189,GREEN,32,Kolkata
CLM0042280,KOL_03828,Dum Dum,2023-04-09,18,0,1,1,1,0,1,1,1,1,0.0,0.141472,1,0.0,1,5,2,18,0.7309,0.7446,RED,52,Kolkata
CLM0042281,KOL_09267,Tollygunge,2025-06-13,17,0,1,1,1,0,0,0,1,0,1.0,0.170415,0,0.0,0,405,0,0,0.6921,0.5925,YELLOW,32,Kolkata
CLM0042282,KOL_04582,Esplanade,2022-04-18,7,0,1,1,1,1,0,1,1,1,0.0,0.072448,0,0.0,1,5,1,18,0.9292,0.7436,RED,50,Kolkata
CLM0042283,KOL_04945,Garia,2021-10-01,11,0,1,1,1,1,1,0,1,1,1.0,0.975175,0,0.0,1,5,2,12,0.6267,0.7177,RED,56,Kolkata
CLM0042284,KOL_09581,Howrah,2022-04-05,10,0,1,1,1,0,1,1,1,0,0.0,0.0,0,1.0,1,5,1,18,0.9346,0.4475,YELLOW,43,Kolkata
CLM0042285,KOL_04486,Behala,2023-09-20,18,0,1,1,0,0,0,0,0,0,0.0,0.415971,0,0.0,0,160,1,5,0.7854,0.8161,RED,24,Kolkata
CLM0042286,KOL_06968,Sealdah,2022-07-13,18,0,1,1,0,1,1,0,1,0,0.0,0.043825,0,0.0,1,5,2,18,0.8927,0.5784,YELLOW,41,Kolkata
CLM0042287,KOL_09854,New Town,2024-04-09,14,0,1,1,0,1,0,1,1,1,1.0,0.879227,0,1.0,1,5,0,18,0.0567,0.5923,YELLOW,54,Kolkata
CLM0042288,KOL_02522,Howrah,2022-10-25,21,0,1,1,0,0,0,0,1,0,0.0,0.966428,0,0.0,0,420,2,4,0.7189,0.5126,YELLOW,30,Kolkata
CLM0042289,KOL_08106,Sealdah,2023-02-14,15,0,1,1,0,0,0,0,1,0,0.0,0.23184,0,1.0,0,364,2,7,0.3191,0.4587,YELLOW,28,Kolkata
CLM0042290,KOL_03947,Salt Lake,2023-08-06,17,0,1,1,0,1,0,1,0,1,0.0,0.909956,1,1.0,1,10,0,18,0.783,0.6912,RED,39,Kolkata
CLM0042291,KOL_02135,Park Street,2022-09-15,16,0,0,0,0,1,0,0,0,0,0.0,0.0,0,0.0,0,335,1,1,0.172,0.1032,GREEN,28,Kolkata
CLM0042292,KOL_04263,Esplanade,2021-05-03,21,0,0,0,0,0,0,0,0,0,1.0,0.158183,0,0.0,0,5,3,1,0.56,0.0125,GREEN,34,Kolkata
CLM0042293,KOL_08679,Tollygunge,2019-05-02,13,0,0,0,0,0,0,0,0,0,0.0,0.090573,0,0.0,0,420,4,3,0.5175,0.0051,GREEN,61,Kolkata
CLM0042294,KOL_02790,New Town,2020-12-16,11,0,0,0,0,0,0,0,0,0,0.0,0.015027,0,0.0,0,176,0,3,0.6392,0.0488,GREEN,31,Kolkata
CLM0042295,KOL_05559,Salt Lake,2020-05-27,16,0,0,0,0,0,0,0,0,0,0.0,0.345324,0,0.0,0,379,0,3,0.7471,0.0939,GREEN,26,Kolkata
CLM0042296,KOL_01641,Tollygunge,2022-03-14,15,0,0,0,0,0,0,1,0,0,0.0,0.298972,0,0.0,0,420,4,0,0.9348,0.2002,GREEN,23,Kolkata
CLM0042297,KOL_09885,Salt Lake,2020-04-26,20,0,0,0,0,0,0,0,0,0,0.0,0.212734,0,1.0,0,173,3,4,0.7703,0.0412,GREEN,21,Kolkata
CLM0042298,KOL_03356,Dum Dum,2016-03-29,19,0,0,0,0,0,0,0,0,0,0.0,0.120069,0,0.0,0,299,3,3,0.183,0.0,GREEN,49,Kolkata
CLM0042299,KOL_07090,Esplanade,2018-12-24,16,0,0,0,0,1,0,0,0,0,0.0,0.410879,0,1.0,0,226,2,1,0.5937,0.115,GREEN,18,Kolkata
CLM0042300,KOL_06764,Esplanade,2025-01-24,13,0,0,0,0,0,0,0,0,0,0.0,0.250725,0,0.0,0,305,3,3,0.6579,0.0,GREEN,45,Kolkata
CLM0042301,KOL_04110,Howrah,2022-10-30,17,0,0,0,0,0,0,0,0,0,0.0,0.221144,0,0.0,0,126,1,3,0.8132,0.0,GREEN,26,Kolkata
CLM0042302,KOL_04907,Salt Lake,2024-03-02,13,0,0,0,0,0,0,0,0,0,0.0,0.175492,0,0.0,1,61,0,0,0.5825,0.0792,GREEN,25,Kolkata
CLM0042303,KOL_02787,Esplanade,2022-08-17,12,0,0,0,0,0,0,0,0,0,0.0,0.07316,1,0.0,0,315,2,1,0.98,0.1533,GREEN,36,Kolkata
CLM0042304,KOL_02777,Behala,2025-06-19,21,0,0,0,0,0,0,0,0,0,0.0,0.163061,0,0.0,0,186,4,2,0.98,0.0,GREEN,48,Kolkata
CLM0042305,KOL_07072,Garia,2021-09-25,12,0,0,0,0,0,0,0,0,0,0.0,0.151227,0,0.0,0,324,4,4,0.7489,0.0,GREEN,32,Kolkata
CLM0042306,KOL_06188,Dum Dum,2024-02-04,19,0,0,0,0,0,0,0,0,0,0.0,0.208204,0,0.0,0,230,0,2,0.7046,0.0,GREEN,18,Kolkata
CLM0042307,KOL_02864,Salt Lake,2025-03-11,7,0,0,0,0,0,0,0,0,0,0.0,0.162162,1,0.0,0,406,0,4,0.5374,0.145,GREEN,43,Kolkata
CLM0042308,KOL_01392,Salt Lake,2023-09-26,14,0,0,0,1,0,0,1,1,0,1.0,1.0,0,0.0,1,23,2,16,0.1215,0.0,GREEN,36,Kolkata
CLM0042309,KOL_00318,Tollygunge,2022-07-13,14,0,0,0,0,0,0,1,0,0,0.0,1.0,0,0.0,0,420,0,0,0.9088,0.1453,GREEN,38,Kolkata
CLM0042310,KOL_00486,Sealdah,2022-03-13,15,0,0,0,1,0,0,1,0,0,0.0,0.956934,0,1.0,0,408,3,3,0.5447,0.2187,GREEN,33,Kolkata
CLM0042311,KOL_06629,Esplanade,2018-03-30,18,0,0,0,1,1,1,1,0,1,1.0,0.992862,1,0.0,0,27,1,12,0.4482,0.1634,GREEN,37,Kolkata
CLM0042312,KOL_01509,Sealdah,2024-10-13,9,0,0,0,0,0,0,0,0,0,1.0,0.0,0,1.0,0,230,4,2,0.8891,0.0608,GREEN,42,Kolkata
CLM0042313,KOL_08168,Sealdah,2017-08-19,18,0,0,0,0,0,0,0,0,0,0.0,0.244695,0,0.0,0,40,0,1,0.1499,0.0493,GREEN,33,Kolkata
CLM0042314,KOL_01683,Behala,2023-04-03,8,0,0,0,0,0,0,1,0,0,0.0,0.225932,0,0.0,0,111,1,2,0.7703,0.0272,GREEN,40,Kolkata
CLM0042315,KOL_00697,Behala,2018-05-29,13,0,0,0,0,0,0,0,0,0,0.0,1.0,0,0.0,0,165,3,3,0.8442,0.0114,GREEN,28,Kolkata
CLM0042316,KOL_06884,Salt Lake,2024-04-27,21,0,0,0,0,0,0,0,0,0,1.0,0.285006,0,0.0,0,171,1,4,0.8656,0.151,GREEN,26,Kolkata
CLM0042317,KOL_01055,Behala,2024-07-10,21,0,0,0,0,0,0,1,0,0,0.0,0.500136,0,0.0,0,98,2,0,0.1048,0.195,GREEN,24,Kolkata
CLM0042318,KOL_06731,Sealdah,2022-10-12,7,0,0,0,0,1,0,0,0,0,0.0,0.233462,0,0.0,0,392,3,2,0.2765,0.1327,GREEN,45,Kolkata
CLM0042319,KOL_01106,Garia,2024-04-23,9,0,0,0,0,0,1,0,1,0,0.0,0.170338,0,0.0,0,25,4,0,0.0637,0.1856,GREEN,29,Kolkata
CLM0042320,KOL_04171,New Town,2024-11-04,19,1,0,0,0,0,0,0,0,0,0.0,0.343553,0,0.0,0,225,2,0,0.1165,0.0617,GREEN,34,Kolkata
CLM0042321,KOL_07006,Park Street,2020-01-31,12,0,0,0,0,0,0,0,0,0,0.0,0.344811,0,0.0,0,388,3,4,0.2846,0.0,GREEN,36,Kolkata
CLM0042322,KOL_01418,Park Street,2018-11-06,13,0,0,0,0,0,0,0,0,0,0.0,0.201103,0,0.0,0,420,0,1,0.8779,0.0573,GREEN,41,Kolkata
CLM0042323,KOL_02162,Howrah,2025-03-22,21,0,0,0,1,1,1,1,1,1,1.0,1.0,0,0.0,1,6,2,18,0.3635,0.0268,GREEN,22,Kolkata
CLM0042324,KOL_05423,Sealdah,2022-11-03,13,0,0,0,0,0,1,0,0,1,0.0,0.952094,0,0.0,0,420,1,1,0.781,0.1476,GREEN,33,Kolkata
CLM0042325,KOL_05916,Salt Lake,2023-01-24,12,0,0,0,0,0,0,0,0,0,0.0,0.0,0,0.0,0,192,1,2,0.98,0.0574,GREEN,38,Kolkata
CLM0042326,KOL_04932,New Town,2021-08-24,7,0,0,0,0,0,0,0,0,1,0.0,0.987376,0,0.0,0,12,3,4,0.868,0.0767,GREEN,23,Kolkata
CLM0042327,KOL_07551,Sealdah,2021-04-17,13,0,0,0,0,0,0,0,0,0,0.0,0.12522,0,0.0,0,308,2,5,0.9638,0.0614,GREEN,29,Kolkata
CLM0042328,KOL_06496,Tollygunge,2023-08-08,21,0,0,0,0,0,0,0,0,1,0.0,0.0,1,0.0,0,180,3,3,0.7451,0.0633,GREEN,36,Kolkata
CLM0042329,KOL_07715,Dum Dum,2021-04-17,15,0,0,0,0,0,0,0,0,0,0.0,0.226706,0,0.0,0,214,0,4,0.9219,0.0,GREEN,38,Kolkata
CLM0042330,KOL_03337,Sealdah,2024-08-27,12,0,0,0,0,0,0,0,0,0,0.0,0.301762,0,0.0,1,95,2,4,0.575,0.2456,GREEN,21,Kolkata
CLM0042331,KOL_08711,Tollygunge,2020-07-16,18,0,0,0,0,1,0,0,0,0,0.0,0.204987,1,0.0,0,64,3,2,0.6977,0.1321,GREEN,44,Kolkata
CLM0042332,KOL_04474,Sealdah,2025-04-22,13,0,0,0,0,0,0,0,0,0,0.0,0.262944,0,0.0,0,292,2,5,0.9008,0.0,GREEN,45,Kolkata
CLM0042333,KOL_04373,Sealdah,2024-09-25,12,0,0,0,0,0,0,0,1,0,0.0,0.346561,0,0.0,0,5,0,2,0.9064,0.1698,GREEN,37,Kolkata
CLM0042334,KOL_01991,Howrah,2021-06-07,15,0,0,0,0,0,0,1,0,0,0.0,0.228847,0,0.0,0,29,1,8,0.966,0.0404,GREEN,39,Kolkata
CLM0042335,KOL_06914,New Town,2024-08-13,10,0,0,0,0,0,0,0,0,0,0.0,0.380778,0,0.0,0,420,4,0,0.5958,0.0,GREEN,42,Kolkata
CLM0042336,KOL_06205,Sealdah,2025-10-14,19,0,0,0,0,0,0,0,0,0,0.0,0.199211,0,0.0,1,130,1,0,0.8473,0.0691,GREEN,27,Kolkata
CLM0042337,KOL_08683,Howrah,2023-12-27,18,0,0,0,0,1,0,0,0,0,1.0,0.094203,0,0.0,0,5,4,5,0.7136,0.2158,GREEN,28,Kolkata
CLM0042338,KOL_01206,Tollygunge,2023-10-01,21,0,0,0,0,0,0,0,0,1,0.0,0.889672,0,1.0,0,365,4,1,0.8412,0.1499,GREEN,37,Kolkata
CLM0042339,KOL_05738,Garia,2023-11-05,20,0,0,0,0,0,0,0,0,0,0.0,0.155617,0,0.0,0,235,1,4,0.05,0.0626,GREEN,52,Kolkata
CLM0042340,KOL_09456,Park Street,2024-11-16,8,0,0,0,0,0,0,0,0,0,0.0,0.323673,0,0.0,0,59,2,2,0.3019,0.0226,GREEN,18,Kolkata
CLM0042341,KOL_06985,Behala,2020-08-07,20,0,0,0,0,0,0,1,0,0,0.0,0.0,0,0.0,0,160,3,5,0.6762,0.1223,GREEN,41,Kolkata
CLM0042342,KOL_01584,Howrah,2025-09-16,11,0,0,0,0,0,1,0,0,0,0.0,0.155984,0,0.0,0,275,2,3,0.9209,0.0596,GREEN,47,Kolkata
CLM0042343,KOL_02174,Tollygunge,2023-06-07,20,0,0,0,0,0,0,0,0,0,0.0,0.022662,0,0.0,0,403,4,6,0.8648,0.0172,GREEN,46,Kolkata
CLM0042344,KOL_07847,Salt Lake,2025-07-07,8,0,0,0,0,0,0,0,0,0,0.0,0.247869,0,0.0,1,179,0,1,0.5588,0.0093,GREEN,27,Kolkata
CLM0042345,KOL_06359,Park Street,2023-05-06,15,0,0,0,0,0,0,0,0,0,0.0,0.310075,0,0.0,0,306,4,2,0.9366,0.0,GREEN,53,Kolkata
CLM0042346,KOL_06146,Howrah,2024-01-07,11,0,0,0,0,1,0,0,0,0,0.0,0.095213,0,0.0,0,395,2,1,0.8659,0.1362,GREEN,30,Kolkata
CLM0042347,KOL_02295,Sealdah,2025-12-05,19,0,0,0,0,0,0,0,0,0,0.0,0.04188,1,0.0,0,282,3,3,0.5653,0.1848,GREEN,39,Kolkata
CLM0042348,KOL_07687,Garia,2025-09-08,20,0,0,0,1,0,0,0,0,0,0.0,0.12617,0,0.0,1,148,4,5,0.5982,0.2793,GREEN,27,Kolkata
CLM0042349,KOL_09639,New Town,2024-05-18,11,0,0,0,0,0,0,0,0,0,0.0,0.108301,0,1.0,0,59,1,2,0.98,0.0,GREEN,37,Kolkata
CLM0042350,KOL_02951,Garia,2024-02-23,14,0,0,0,0,0,0,0,0,0,0.0,0.294495,0,0.0,0,372,2,2,0.6276,0.0341,GREEN,27,Kolkata
CLM0042351,KOL_01588,Garia,2023-06-16,8,0,1,1,0,0,0,0,0,0,1.0,0.294661,0,0.0,0,407,1,2,0.5513,0.0,GREEN,46,Kolkata
CLM0042352,KOL_07577,Esplanade,2025-03-18,16,0,0,0,0,0,1,0,0,0,0.0,0.160816,0,0.0,0,408,1,3,0.6918,0.1009,GREEN,27,Kolkata
CLM0042353,KOL_01215,New Town,2021-12-02,19,0,0,0,0,0,1,0,0,0,0.0,0.378396,0,0.0,1,98,3,0,0.6145,0.1669,GREEN,27,Kolkata
CLM0042354,KOL_09850,Garia,2024-11-07,7,0,0,0,0,0,0,0,0,0,0.0,0.305913,0,0.0,0,290,1,6,0.2078,0.015,GREEN,46,Kolkata
CLM0042355,KOL_02478,Garia,2024-10-26,18,0,0,0,0,0,0,0,0,0,0.0,0.155754,0,0.0,0,115,4,0,0.6073,0.0,GREEN,35,Kolkata
CLM0042356,KOL_00541,New Town,2023-06-15,17,0,0,0,0,0,0,0,0,0,0.0,0.152737,0,0.0,0,272,0,6,0.6447,0.0327,GREEN,44,Kolkata
CLM0042357,KOL_02000,Park Street,2025-10-29,9,0,0,0,0,0,0,0,0,0,0.0,0.211004,0,0.0,0,146,0,3,0.6457,0.0,GREEN,42,Kolkata
CLM0042358,KOL_03081,Behala,2019-10-12,9,0,0,0,0,0,0,0,0,0,0.0,0.157669,0,0.0,0,81,2,5,0.606,0.0,GREEN,45,Kolkata
CLM0042359,KOL_06885,Howrah,2024-10-13,12,0,0,0,0,0,0,0,0,0,0.0,0.069726,0,0.0,0,420,0,0,0.5298,0.017,GREEN,38,Kolkata
CLM0042360,KOL_05121,Garia,2025-07-25,7,0,0,0,0,0,0,0,0,0,1.0,0.0,0,0.0,0,230,2,6,0.7115,0.0843,GREEN,22,Kolkata
CLM0042361,KOL_01234,Behala,2024-10-12,14,0,0,0,0,0,1,0,0,0,0.0,0.342288,0,0.0,0,349,1,3,0.7714,0.156,GREEN,31,Kolkata
CLM0042362,KOL_06748,Behala,2024-07-18,19,0,0,0,0,0,0,0,0,0,0.0,0.118004,0,0.0,0,398,4,1,0.8273,0.0275,GREEN,40,Kolkata
CLM0042363,KOL_03164,New Town,2017-11-25,8,0,0,0,0,0,1,0,0,0,0.0,0.30137,0,0.0,0,197,4,1,0.6185,0.1112,GREEN,30,Kolkata
CLM0042364,KOL_00464,Park Street,2021-03-21,13,0,0,0,0,1,0,0,0,0,0.0,0.993462,0,0.0,0,5,0,3,0.7285,0.1565,GREEN,39,Kolkata
CLM0042365,KOL_01349,Dum Dum,2021-10-12,14,0,0,0,1,1,0,0,1,1,1.0,0.820831,0,0.0,0,10,4,18,0.0709,0.0,GREEN,42,Kolkata
CLM0042366,KOL_02149,Dum Dum,2017-12-16,12,0,0,0,0,0,1,0,0,0,0.0,0.313563,0,0.0,0,371,4,1,0.6174,0.219,GREEN,22,Kolkata
CLM0042367,KOL_02418,Salt Lake,2018-02-23,20,0,0,0,0,0,0,0,1,0,0.0,0.137096,0,0.0,0,383,0,1,0.8269,0.0591,GREEN,29,Kolkata
CLM0042368,KOL_09556,Howrah,2017-04-18,19,0,0,0,0,0,0,0,0,0,0.0,1.0,0,0.0,0,134,3,0,0.7967,0.0,GREEN,27,Kolkata
CLM0042369,KOL_05551,Howrah,2021-07-25,7,0,0,0,0,0,0,0,1,0,0.0,0.0,0,0.0,0,75,3,4,0.9784,0.042,GREEN,31,Kolkata
CLM0042370,KOL_02080,Salt Lake,2024-01-04,16,0,0,0,0,0,0,0,0,0,0.0,0.423883,0,0.0,0,50,0,1,0.5986,0.0,GREEN,39,Kolkata
CLM0042371,KOL_00143,Sealdah,2022-01-16,14,0,0,0,0,0,0,0,0,0,0.0,0.154261,0,0.0,0,37,1,5,0.8,0.0274,GREEN,26,Kolkata
CLM0042372,KOL_06972,Sealdah,2023-08-16,21,0,0,0,0,0,1,0,0,0,0.0,0.365334,0,0.0,0,420,0,0,0.9431,0.0677,GREEN,31,Kolkata
CLM0042373,KOL_05214,Sealdah,2023-05-03,18,0,0,0,0,0,0,0,0,0,0.0,1.0,0,0.0,1,265,3,0,0.6978,0.1047,GREEN,33,Kolkata
CLM0042374,KOL_09563,Park Street,2022-03-10,17,0,0,0,0,0,0,0,0,0,0.0,0.1603,0,0.0,0,259,2,2,0.9729,0.0017,GREEN,36,Kolkata
CLM0042375,KOL_07576,Sealdah,2025-06-24,11,0,0,0,1,1,1,1,1,1,1.0,0.983767,1,1.0,0,5,0,18,0.1752,0.0,GREEN,37,Kolkata
CLM0042376,KOL_04500,Dum Dum,2022-04-12,17,0,0,0,0,0,1,0,0,0,0.0,0.0,0,0.0,0,348,1,5,0.8883,0.0952,GREEN,43,Kolkata
CLM0042377,KOL_00795,Tollygunge,2025-04-12,12,0,0,0,1,1,0,0,0,0,0.0,0.285879,1,0.0,0,237,3,5,0.98,0.3586,YELLOW,40,Kolkata
CLM0042378,KOL_01124,Esplanade,2025-02-04,20,0,0,0,0,0,1,0,0,0,0.0,0.0,0,0.0,0,195,4,1,0.4573,0.0852,GREEN,18,Kolkata
CLM0042379,KOL_01044,Esplanade,2024-05-26,15,0,0,0,0,0,0,0,0,0,0.0,0.30137,0,0.0,0,16,2,2,0.7004,0.0194,GREEN,18,Kolkata
CLM0042380,KOL_01365,Salt Lake,2025-05-02,17,0,0,0,0,0,0,0,0,0,0.0,0.105398,0,0.0,0,353,1,2,0.4057,0.0,GREEN,49,Kolkata
CLM0042381,KOL_07935,Park Street,2021-09-12,10,0,0,0,0,0,0,0,0,0,0.0,0.192882,0,0.0,0,93,4,1,0.8005,0.1484,GREEN,36,Kolkata
CLM0042382,KOL_07518,Park Street,2023-05-16,18,0,0,0,0,0,0,0,0,0,0.0,0.0,1,0.0,0,420,3,5,0.685,0.1276,GREEN,38,Kolkata
CLM0042383,KOL_09631,Sealdah,2023-08-18,10,0,0,0,0,0,0,0,0,0,0.0,0.241273,0,0.0,0,251,4,0,0.874,0.0928,GREEN,31,Kolkata
CLM0042384,KOL_08828,Dum Dum,2025-03-15,14,0,0,0,0,0,0,0,0,1,0.0,0.055709,0,0.0,0,332,1,6,0.5322,0.0803,GREEN,42,Kolkata
CLM0042385,KOL_00264,Garia,2025-06-03,11,0,0,0,0,0,0,1,0,0,0.0,0.33893,0,0.0,0,134,4,0,0.4767,0.0,GREEN,27,Kolkata
CLM0042386,KOL_05326,Esplanade,2021-04-21,12,0,0,0,1,0,0,0,0,0,0.0,0.47689,0,0.0,0,420,0,2,0.542,0.1728,GREEN,50,Kolkata
CLM0042387,KOL_09322,Howrah,2021-04-17,19,0,0,0,0,0,0,0,0,0,0.0,0.216606,0,0.0,1,113,3,4,0.7659,0.0112,GREEN,19,Kolkata
CLM0042388,KOL_09293,Howrah,2023-07-22,13,0,0,0,0,0,0,0,0,0,0.0,0.187901,0,0.0,0,294,3,0,0.5997,0.0,GREEN,41,Kolkata
CLM0042389,KOL_05644,Park Street,2025-12-27,15,0,1,1,0,0,0,0,1,0,0.0,0.467447,0,0.0,0,365,3,0,0.3946,0.1051,GREEN,30,Kolkata
CLM0042390,KOL_02023,Behala,2024-01-14,14,0,0,0,0,0,0,0,0,1,0.0,0.191694,0,0.0,1,196,0,2,0.8548,0.1611,GREEN,26,Kolkata
CLM0042391,KOL_00807,Dum Dum,2022-05-29,19,0,0,0,0,0,0,0,0,0,0.0,0.061872,0,0.0,0,299,1,3,0.05,0.0,GREEN,36,Kolkata
CLM0042392,KOL_07703,Garia,2021-02-22,20,0,0,0,0,0,0,0,0,0,0.0,0.139036,0,0.0,0,419,1,2,0.7671,0.0,GREEN,40,Kolkata
CLM0042393,KOL_08549,Garia,2021-11-20,21,0,0,0,0,0,0,0,1,0,0.0,0.27776,0,0.0,0,320,3,4,0.7775,0.0587,GREEN,45,Kolkata
CLM0042394,KOL_05039,New Town,2023-07-02,11,0,0,0,0,0,0,0,1,0,1.0,0.235709,0,0.0,0,280,2,3,0.6974,0.1529,GREEN,24,Kolkata
CLM0042395,KOL_09107,Howrah,2020-02-25,15,0,0,0,0,0,1,1,0,0,0.0,0.383612,0,0.0,0,321,1,0,0.9058,0.0862,GREEN,26,Kolkata
CLM0042396,KOL_05045,Esplanade,2022-07-04,15,0,0,0,0,0,0,0,0,0,0.0,0.143979,0,0.0,0,420,4,6,0.7222,0.053,GREEN,37,Kolkata
CLM0042397,KOL_01598,Tollygunge,2024-12-27,11,0,0,0,0,0,0,0,0,0,0.0,0.103174,0,0.0,0,420,1,4,0.5693,0.0991,GREEN,33,Kolkata
CLM0042398,KOL_05195,Esplanade,2018-01-16,19,0,0,0,0,1,0,0,0,0,0.0,0.097452,0,0.0,0,45,2,6,0.7312,0.1635,GREEN,39,Kolkata
CLM0042399,KOL_02560,Dum Dum,2023-05-20,21,0,0,0,0,0,0,0,0,0,0.0,0.283187,0,0.0,0,277,4,5,0.98,0.0197,GREEN,52,Kolkata
CLM0042400,KOL_02056,Salt Lake,2022-02-13,11,0,0,0,0,0,0,1,0,0,0.0,0.187572,0,0.0,0,420,3,0,0.6824,0.1384,GREEN,40,Kolkata
CLM0042401,KOL_04146,Dum Dum,2024-07-23,21,0,0,0,0,0,0,0,0,0,0.0,0.028016,0,0.0,0,174,1,2,0.4912,0.0253,GREEN,45,Kolkata
CLM0042402,KOL_02768,Salt Lake,2021-06-29,10,0,0,0,0,0,1,0,0,0,0.0,0.0,0,0.0,0,8,2,4,0.9586,0.0949,GREEN,38,Kolkata
CLM0042403,KOL_00478,Salt Lake,2019-10-25,9,0,0,0,0,0,0,0,0,0,1.0,0.454381,1,0.0,0,48,4,3,0.6785,0.1234,GREEN,23,Kolkata
CLM0042404,KOL_07940,Tollygunge,2016-11-28,18,0,0,0,0,0,0,1,0,0,0.0,0.00146,0,0.0,0,420,1,5,0.8371,0.0885,GREEN,46,Kolkata
CLM0042405,KOL_01255,Park Street,2018-04-11,12,0,0,0,0,1,0,0,0,0,0.0,0.086458,0,0.0,0,396,1,0,0.4609,0.1716,GREEN,21,Kolkata
CLM0042406,KOL_06705,New Town,2023-02-16,9,0,0,0,0,0,0,0,0,0,0.0,0.136435,0,0.0,0,187,3,1,0.5042,0.0107,GREEN,54,Kolkata
CLM0042407,KOL_04483,Park Street,2024-04-28,20,0,0,0,0,0,1,0,0,0,0.0,0.041535,0,0.0,0,383,1,7,0.1669,0.0719,GREEN,46,Kolkata
CLM0042408,KOL_03572,Behala,2020-09-26,14,0,0,0,0,0,0,1,0,0,0.0,0.319201,0,0.0,0,279,1,4,0.281,0.0175,GREEN,40,Kolkata
CLM0042409,KOL_00615,Garia,2020-09-02,20,0,0,0,0,1,0,0,0,0,0.0,0.327297,0,0.0,0,101,0,0,0.6074,0.1385,GREEN,47,Kolkata
CLM0042410,KOL_04394,Dum Dum,2022-01-07,15,0,1,1,0,0,0,1,0,0,0.0,0.261266,0,0.0,0,166,0,3,0.98,0.0909,GREEN,40,Kolkata
CLM0042411,KOL_03285,Tollygunge,2023-04-02,11,0,0,0,0,0,0,0,0,0,1.0,0.317797,0,0.0,0,387,2,3,0.5748,0.057,GREEN,35,Kolkata
CLM0042412,KOL_05214,Sealdah,2022-04-13,14,0,0,0,0,0,0,0,0,0,0.0,0.131686,0,0.0,0,248,2,0,0.2577,0.0891,GREEN,33,Kolkata
CLM0042413,KOL_04003,Howrah,2019-11-09,7,0,0,0,0,0,0,0,0,0,0.0,0.356076,0,0.0,0,332,0,1,0.6036,0.028,GREEN,33,Kolkata
CLM0042414,KOL_09590,Dum Dum,2022-01-08,12,0,0,0,0,0,0,0,1,0,0.0,0.387609,0,1.0,0,302,4,2,0.4479,0.1582,GREEN,18,Kolkata
CLM0042415,KOL_00665,Park Street,2022-03-26,13,0,0,0,0,0,0,0,0,0,0.0,0.219067,0,0.0,0,304,3,7,0.8712,0.0,GREEN,34,Kolkata
CLM0042416,KOL_07174,Garia,2022-04-08,9,0,0,0,0,0,0,0,1,0,0.0,0.396504,0,0.0,0,307,1,3,0.98,0.1089,GREEN,43,Kolkata
CLM0042417,KOL_06765,Dum Dum,2023-11-18,20,0,0,0,0,0,0,0,1,0,0.0,1.0,0,0.0,0,269,4,6,0.5991,0.1422,GREEN,40,Kolkata
CLM0042418,KOL_02347,New Town,2025-04-05,8,0,0,0,0,0,0,0,0,0,1.0,0.386317,0,0.0,0,115,2,0,0.98,0.0401,GREEN,37,Kolkata
CLM0042419,KOL_08612,Howrah,2025-01-30,10,0,0,0,0,0,0,0,0,0,0.0,0.0,0,0.0,1,5,1,2,0.1855,0.0847,GREEN,18,Kolkata
CLM0042420,KOL_00842,Park Street,2025-03-27,15,0,0,0,0,1,1,0,0,0,0.0,0.36344,1,1.0,0,298,0,1,0.5215,0.2626,GREEN,30,Kolkata
CLM0042421,KOL_04045,Tollygunge,2025-07-22,13,0,0,0,0,0,1,0,1,0,0.0,0.081266,0,0.0,0,106,1,0,0.8663,0.1989,GREEN,37,Kolkata
CLM0042422,KOL_06228,Esplanade,2025-01-31,13,0,0,0,0,0,0,0,0,0,0.0,0.292806,0,0.0,0,200,0,0,0.7084,0.0,GREEN,36,Kolkata
CLM0042423,KOL_04153,Park Street,2023-10-09,12,0,0,0,0,0,0,0,0,0,0.0,0.387969,0,0.0,0,100,2,3,0.8112,0.0,GREEN,41,Kolkata
CLM0042424,KOL_08308,New Town,2024-06-29,7,0,0,0,0,0,0,0,0,0,1.0,0.305516,0,0.0,0,394,4,2,0.6787,0.0733,GREEN,31,Kolkata
CLM0042425,KOL_00672,Garia,2024-06-20,10,0,0,0,0,0,0,0,0,0,0.0,0.043068,0,0.0,0,255,4,0,0.8465,0.154,GREEN,41,Kolkata
CLM0042426,KOL_08624,Tollygunge,2025-05-20,10,0,0,0,0,0,0,1,0,0,0.0,0.292191,0,0.0,0,214,0,6,0.9328,0.0267,GREEN,39,Kolkata
CLM0042427,KOL_07075,Tollygunge,2023-12-21,12,0,0,0,0,0,0,0,1,0,0.0,0.3392,0,0.0,0,420,1,2,0.7881,0.117,GREEN,34,Kolkata
CLM0042428,KOL_01880,Behala,2023-10-02,7,0,0,0,0,0,1,0,0,0,0.0,0.238667,0,0.0,0,384,3,0,0.6117,0.1653,GREEN,59,Kolkata
CLM0042429,KOL_00048,Dum Dum,2016-10-28,9,0,0,0,0,1,0,0,0,0,0.0,0.418465,0,0.0,0,195,1,4,0.98,0.1412,GREEN,40,Kolkata
CLM0042430,KOL_01674,Park Street,2025-09-20,8,0,0,0,0,0,0,0,0,0,0.0,0.35767,0,0.0,0,409,2,1,0.812,0.0015,GREEN,41,Kolkata
CLM0042431,KOL_05790,Park Street,2022-03-12,21,0,0,0,1,0,0,1,1,0,1.0,0.992028,1,0.0,1,52,4,18,0.0863,0.0,GREEN,57,Kolkata
CLM0042432,KOL_01579,Garia,2022-08-06,18,0,0,0,0,0,0,0,0,0,0.0,0.205498,0,0.0,0,388,3,2,0.8347,0.0273,GREEN,33,Kolkata
CLM0042433,KOL_02921,Park Street,2021-11-26,15,0,0,0,0,0,0,0,0,0,0.0,0.246122,0,0.0,0,224,3,0,0.5006,0.0,GREEN,43,Kolkata
CLM0042434,KOL_04390,Esplanade,2024-01-01,14,0,0,0,0,0,0,0,0,1,1.0,0.350454,0,0.0,0,49,4,0,0.8426,0.1892,GREEN,50,Kolkata
CLM0042435,KOL_02192,Behala,2016-03-27,14,0,0,0,0,0,1,0,0,0,0.0,0.3753,0,0.0,0,420,3,1,0.7755,0.0677,GREEN,51,Kolkata
CLM0042436,KOL_06345,New Town,2021-04-03,8,0,0,0,0,0,0,0,0,0,0.0,0.021686,0,0.0,0,47,0,0,0.6576,0.0,GREEN,47,Kolkata
CLM0042437,KOL_00156,Tollygunge,2022-04-30,17,0,0,0,0,0,0,0,0,0,0.0,0.049032,0,0.0,0,108,2,2,0.8469,0.0521,GREEN,48,Kolkata
CLM0042438,KOL_08287,Esplanade,2016-07-13,10,0,0,0,0,0,0,0,0,0,0.0,0.117609,0,0.0,0,110,1,2,0.98,0.0,GREEN,22,Kolkata
CLM0042439,KOL_09280,Dum Dum,2024-04-23,21,0,0,0,0,0,0,0,0,0,0.0,0.173641,0,0.0,0,123,1,3,0.5761,0.0312,GREEN,33,Kolkata
CLM0042440,KOL_06604,Park Street,2022-02-28,16,0,0,0,0,0,0,0,0,0,0.0,0.329436,0,0.0,0,55,4,2,0.9223,0.084,GREEN,43,Kolkata
CLM0042441,KOL_04000,New Town,2018-06-14,8,0,0,0,0,0,0,0,0,0,0.0,0.339777,0,0.0,0,420,2,5,0.7019,0.0,GREEN,43,Kolkata
CLM0042442,KOL_05636,Esplanade,2021-01-16,14,0,0,0,1,1,1,1,1,1,0.0,0.063069,1,0.0,0,18,0,18,0.9298,0.1015,GREEN,56,Kolkata
CLM0042443,KOL_01322,Esplanade,2023-11-26,21,0,0,0,0,0,0,0,0,0,0.0,0.065082,0,0.0,0,318,1,4,0.98,0.0289,GREEN,30,Kolkata
CLM0042444,KOL_07024,Salt Lake,2017-12-20,13,0,0,0,0,0,0,0,0,0,0.0,0.428719,0,0.0,0,105,0,4,0.7795,0.0,GREEN,43,Kolkata
CLM0042445,KOL_03948,Salt Lake,2023-12-25,14,0,0,0,0,0,0,0,0,0,0.0,0.120788,0,0.0,0,178,3,3,0.6113,0.0403,GREEN,20,Kolkata
CLM0042446,KOL_05000,Sealdah,2022-11-14,16,0,0,0,0,0,0,0,0,0,0.0,0.039281,0,0.0,0,97,1,7,0.705,0.0,GREEN,18,Kolkata
CLM0042447,KOL_08839,Tollygunge,2024-06-21,17,0,0,0,0,0,0,0,0,0,0.0,0.087264,0,0.0,0,369,3,5,0.8506,0.0355,GREEN,40,Kolkata
CLM0042448,KOL_06061,Esplanade,2025-03-06,12,0,0,0,0,0,0,0,0,0,0.0,0.271528,0,0.0,0,346,0,1,0.98,0.0502,GREEN,47,Kolkata
CLM0042449,KOL_07193,New Town,2023-04-10,10,0,0,0,1,0,0,1,1,0,1.0,1.0,1,0.0,1,5,4,18,0.05,0.1332,GREEN,18,Kolkata
CLM0042450,KOL_07211,Garia,2022-11-30,21,0,0,0,0,0,0,0,0,0,0.0,1.0,0,0.0,0,420,1,0,0.98,0.0081,GREEN,46,Kolkata
CLM0042451,KOL_01104,Dum Dum,2017-11-27,16,0,0,0,0,0,0,0,0,0,0.0,0.080969,0,0.0,0,360,1,7,0.8675,0.0,GREEN,38,Kolkata
CLM0042452,KOL_08947,Sealdah,2017-04-16,21,0,0,0,0,0,0,0,0,0,0.0,0.380107,0,0.0,0,420,2,1,0.8662,0.0,GREEN,39,Kolkata
CLM0042453,KOL_07195,Garia,2017-07-17,17,0,0,0,0,0,0,1,0,1,0.0,0.158646,0,0.0,0,200,2,1,0.8415,0.1574,GREEN,32,Kolkata
CLM0042454,KOL_08678,Garia,2025-03-21,19,0,0,0,0,0,0,0,0,0,0.0,0.196191,0,0.0,0,116,1,1,0.6443,0.106,GREEN,48,Kolkata
CLM0042455,KOL_00211,Howrah,2025-11-14,8,0,0,0,0,0,0,0,0,0,0.0,0.129026,0,0.0,0,99,3,4,0.6886,0.0394,GREEN,33,Kolkata
CLM0042456,KOL_04423,Sealdah,2020-12-03,12,0,0,0,0,0,0,0,1,0,0.0,0.138511,0,0.0,0,59,3,4,0.1629,0.0659,GREEN,35,Kolkata
CLM0042457,KOL_00240,Park Street,2024-07-20,18,0,0,0,0,0,0,0,1,0,0.0,0.298814,0,0.0,0,318,1,4,0.05,0.141,GREEN,25,Kolkata
CLM0042458,KOL_07111,Dum Dum,2023-06-04,10,0,0,0,0,0,0,0,0,0,0.0,0.382073,0,0.0,0,169,4,1,0.6192,0.0046,GREEN,39,Kolkata
CLM0042459,KOL_01842,Sealdah,2021-09-15,7,0,0,0,0,0,0,0,1,0,0.0,0.140432,0,0.0,0,326,4,3,0.9602,0.2088,GREEN,29,Kolkata
CLM0042460,KOL_03586,Esplanade,2025-04-07,18,0,0,0,0,0,0,0,0,0,0.0,0.312345,0,0.0,0,283,2,0,0.98,0.0121,GREEN,43,Kolkata
CLM0042461,KOL_07807,Salt Lake,2025-04-17,14,0,0,0,0,0,0,0,0,0,1.0,0.175063,0,0.0,0,420,3,1,0.0616,0.0,GREEN,52,Kolkata
CLM0042462,KOL_07999,New Town,2021-02-06,18,0,0,0,0,0,0,0,0,0,0.0,0.400209,0,0.0,0,206,2,1,0.7091,0.1213,GREEN,24,Kolkata
CLM0042463,KOL_02394,New Town,2024-09-03,9,0,0,0,0,0,0,0,0,0,0.0,0.0,0,0.0,0,420,0,0,0.9678,0.0,GREEN,39,Kolkata
CLM0042464,KOL_05979,Park Street,2019-08-02,14,0,0,0,1,0,1,0,0,1,0.0,0.056694,0,0.0,1,166,4,2,0.6222,0.4633,YELLOW,20,Kolkata
CLM0042465,KOL_07906,Behala,2024-01-25,10,0,0,0,0,0,0,0,0,0,0.0,0.184899,0,0.0,0,167,2,2,0.98,0.0679,GREEN,28,Kolkata
CLM0042466,KOL_00841,Esplanade,2020-11-18,14,0,0,0,0,0,1,0,0,0,0.0,0.306186,0,0.0,0,32,0,2,0.8155,0.1179,GREEN,50,Kolkata
CLM0042467,KOL_09865,Behala,2019-08-26,14,0,0,0,0,0,0,0,0,0,0.0,0.254769,0,0.0,0,321,0,1,0.7766,0.0485,GREEN,55,Kolkata
CLM0042468,KOL_04801,Park Street,2021-12-15,15,0,0,0,0,0,0,0,0,0,1.0,0.313572,0,0.0,0,312,4,6,0.8495,0.0324,GREEN,39,Kolkata
CLM0042469,KOL_04404,Garia,2020-06-21,7,0,0,0,0,0,0,0,0,0,0.0,0.289838,0,1.0,0,394,1,4,0.7454,0.0107,GREEN,40,Kolkata
CLM0042470,KOL_07017,Dum Dum,2025-03-06,8,0,0,0,0,0,0,0,0,0,0.0,0.281076,0,0.0,0,128,4,2,0.7719,0.0171,GREEN,18,Kolkata
CLM0042471,KOL_07769,New Town,2023-01-30,10,0,0,0,0,0,0,0,0,0,0.0,0.014807,0,0.0,0,65,3,3,0.2332,0.0314,GREEN,50,Kolkata
CLM0042472,KOL_03510,Sealdah,2025-11-29,10,0,0,0,0,0,0,0,1,0,0.0,0.23013,0,0.0,0,212,3,3,0.05,0.0833,GREEN,38,Kolkata
CLM0042473,KOL_08149,New Town,2022-10-24,21,0,0,0,0,0,0,0,0,0,0.0,0.290319,0,0.0,0,170,3,1,0.7488,0.0,GREEN,37,Kolkata
CLM0042474,KOL_00635,Park Street,2021-07-25,20,0,0,0,0,0,0,0,0,0,0.0,0.959501,0,0.0,0,420,2,4,0.167,0.0,GREEN,50,Kolkata
CLM0042475,KOL_01081,Esplanade,2023-10-18,17,0,0,0,0,0,0,0,0,0,0.0,0.461944,0,0.0,0,247,0,0,0.551,0.0055,GREEN,36,Kolkata
CLM0042476,KOL_05490,Salt Lake,2025-05-24,8,0,0,0,0,0,0,0,0,0,0.0,0.165705,0,0.0,0,144,1,5,0.8957,0.0,GREEN,32,Kolkata
CLM0042477,KOL_00201,Dum Dum,2022-09-14,12,0,0,0,0,0,0,0,0,0,1.0,0.124005,0,0.0,0,150,0,3,0.7602,0.0,GREEN,35,Kolkata
CLM0042478,KOL_07432,Dum Dum,2023-01-06,21,0,0,0,0,0,1,0,1,0,0.0,0.161445,0,0.0,0,66,4,4,0.9712,0.167,GREEN,34,Kolkata
CLM0042479,KOL_02021,Salt Lake,2022-06-13,10,0,0,0,0,0,0,0,1,0,0.0,0.339812,0,0.0,0,142,0,4,0.2509,0.2239,GREEN,50,Kolkata
CLM0042480,KOL_00025,Garia,2023-11-23,17,0,0,0,0,0,0,0,1,0,0.0,0.085381,0,0.0,0,214,3,5,0.8938,0.0149,GREEN,18,Kolkata
CLM0042481,KOL_02868,Sealdah,2023-04-15,9,0,0,0,0,0,0,0,0,0,0.0,0.336526,0,0.0,1,296,0,1,0.9211,0.1011,GREEN,33,Kolkata
CLM0042482,KOL_00658,Dum Dum,2021-09-15,20,0,1,1,0,1,1,1,1,0,0.0,0.079841,1,0.0,0,5,4,18,0.9766,0.0,GREEN,51,Kolkata
CLM0042483,KOL_04392,Garia,2021-08-01,8,0,0,0,0,0,1,0,0,1,0.0,0.079608,0,0.0,0,364,2,2,0.9111,0.1142,GREEN,45,Kolkata
CLM0042484,KOL_01641,Tollygunge,2021-12-03,9,0,0,0,0,0,0,0,1,0,0.0,0.224331,0,0.0,1,414,0,3,0.98,0.116,GREEN,23,Kolkata
CLM0042485,KOL_04240,Tollygunge,2020-06-29,8,0,0,0,0,0,0,0,0,1,0.0,0.163669,0,0.0,1,76,0,0,0.6078,0.2754,GREEN,24,Kolkata
CLM0042486,KOL_04719,Tollygunge,2023-04-13,11,0,0,0,0,0,0,1,0,0,0.0,0.308348,1,0.0,0,363,0,5,0.7554,0.1522,GREEN,45,Kolkata
CLM0042487,KOL_08156,Sealdah,2021-06-09,11,0,0,0,0,0,0,0,0,0,0.0,0.095867,1,0.0,0,259,3,1,0.6261,0.0644,GREEN,20,Kolkata
CLM0042488,KOL_03099,Garia,2023-08-13,15,0,0,0,0,0,0,0,0,1,0.0,0.179564,0,0.0,0,153,1,4,0.8869,0.0748,GREEN,47,Kolkata
CLM0042489,KOL_02323,Esplanade,2022-10-22,8,0,0,0,0,0,0,0,0,0,0.0,0.069109,0,0.0,0,125,3,5,0.9084,0.0217,GREEN,25,Kolkata
CLM0042490,KOL_02827,New Town,2022-09-03,20,0,0,0,0,0,0,0,1,0,0.0,0.379839,0,0.0,0,136,1,3,0.5722,0.1035,GREEN,25,Kolkata
CLM0042491,KOL_01586,Park Street,2024-02-14,21,0,0,0,0,0,0,0,0,0,0.0,0.0,0,0.0,0,196,1,0,0.912,0.0,GREEN,31,Kolkata
CLM0042492,KOL_09556,Howrah,2023-02-08,8,0,0,0,0,0,0,0,0,0,0.0,0.044098,0,0.0,0,303,4,2,0.3431,0.0,GREEN,27,Kolkata
CLM0042493,KOL_01472,New Town,2024-07-19,14,0,0,0,0,0,0,0,0,0,0.0,0.266062,0,0.0,0,67,0,1,0.9647,0.0,GREEN,25,Kolkata
CLM0042494,KOL_09098,Dum Dum,2023-09-26,10,0,0,0,0,0,0,0,0,0,0.0,0.413059,0,0.0,0,145,3,3,0.8488,0.0,GREEN,43,Kolkata
CLM0042495,KOL_09623,Garia,2023-01-03,20,0,0,0,0,0,0,0,0,0,0.0,0.278021,0,0.0,0,291,2,0,0.7537,0.0,GREEN,19,Kolkata
CLM0042496,KOL_01515,Park Street,2025-04-19,18,0,0,0,0,0,1,1,1,1,0.0,0.008864,0,0.0,1,23,2,18,0.7693,0.1687,GREEN,40,Kolkata
CLM0042497,KOL_02709,New Town,2025-10-27,8,0,0,0,1,0,0,0,1,0,0.0,0.224158,0,0.0,0,136,1,5,0.8607,0.2588,GREEN,43,Kolkata
CLM0042498,KOL_02856,Salt Lake,2023-01-21,11,0,0,0,0,0,1,0,0,0,0.0,0.262434,0,0.0,0,420,1,1,0.8641,0.0507,GREEN,51,Kolkata
CLM0042499,KOL_08274,Howrah,2025-03-30,12,0,0,0,1,1,1,0,0,1,1.0,0.984637,1,0.0,1,5,3,18,0.3947,0.1275,GREEN,33,Kolkata
CLM0042500,KOL_07411,Tollygunge,2024-01-20,18,0,0,0,0,0,0,0,1,0,1.0,0.377846,0,0.0,0,413,4,3,0.6922,0.2651,GREEN,21,Kolkata
CLM0042501,KOL_01589,Howrah,2021-05-09,19,0,0,0,0,0,0,0,0,0,0.0,0.312084,0,0.0,0,262,3,3,0.9656,0.0,GREEN,41,Kolkata
CLM0042502,KOL_06578,Salt Lake,2025-10-17,21,0,0,0,0,0,0,0,0,0,0.0,1.0,0,0.0,0,145,1,2,0.7744,0.0,GREEN,36,Kolkata
CLM0042503,KOL_09879,Garia,2025-12-23,15,0,0,0,0,0,0,0,0,0,0.0,0.367226,1,0.0,0,374,1,2,0.3423,0.1481,GREEN,34,Kolkata
CLM0042504,KOL_03850,Behala,2020-07-02,19,0,0,0,0,0,1,0,0,0,0.0,0.0,0,0.0,0,404,0,4,0.7316,0.1917,GREEN,48,Kolkata
CLM0042505,KOL_07315,Park Street,2020-07-28,16,0,0,0,0,0,0,1,0,0,1.0,0.171338,0,0.0,0,187,0,1,0.6268,0.0144,GREEN,32,Kolkata
CLM0042506,KOL_01357,Behala,2023-08-25,12,0,0,0,0,0,0,0,0,0,1.0,0.958976,0,0.0,0,420,2,0,0.7203,0.0,GREEN,56,Kolkata
CLM0042507,KOL_01346,Sealdah,2023-11-23,18,0,0,0,0,0,0,0,0,0,0.0,0.283823,0,0.0,0,420,2,3,0.6777,0.0,GREEN,42,Kolkata
CLM0042508,KOL_09267,Tollygunge,2025-07-03,21,0,0,0,0,0,0,0,0,0,0.0,0.065313,0,0.0,0,168,4,0,0.6852,0.0,GREEN,32,Kolkata
CLM0042509,KOL_03063,Garia,2020-07-05,8,0,0,0,0,0,0,0,0,0,0.0,0.135098,0,0.0,0,321,4,1,0.1092,0.0,GREEN,39,Kolkata
CLM0042510,KOL_02558,Howrah,2019-12-20,12,0,0,0,0,0,0,1,0,0,1.0,0.308211,0,0.0,0,306,2,0,0.888,0.1688,GREEN,26,Kolkata
CLM0042511,KOL_08771,Behala,2020-08-01,15,0,0,0,1,0,0,0,0,0,0.0,0.355221,0,0.0,0,100,3,5,0.98,0.1136,GREEN,36,Kolkata
CLM0042512,KOL_01568,Salt Lake,2023-11-17,20,0,0,0,0,0,0,0,0,0,0.0,0.316137,1,0.0,0,280,1,1,0.5272,0.0375,GREEN,20,Kolkata
CLM0042513,KOL_08506,Howrah,2024-08-11,19,0,0,0,0,0,0,1,0,0,0.0,0.039703,0,0.0,0,176,2,1,0.05,0.1012,GREEN,29,Kolkata
CLM0042514,KOL_08289,Garia,2016-12-08,7,0,0,0,0,0,0,0,0,0,0.0,0.203434,0,0.0,0,88,2,3,0.98,0.1092,GREEN,35,Kolkata
CLM0042515,KOL_08691,Esplanade,2024-05-04,20,0,0,0,0,0,0,0,1,0,0.0,0.022745,0,0.0,0,151,4,1,0.8553,0.0739,GREEN,25,Kolkata
CLM0042516,KOL_09498,Tollygunge,2025-02-08,13,0,0,0,0,0,0,1,0,0,0.0,0.138317,1,0.0,0,5,2,18,0.8759,0.032,GREEN,25,Kolkata
CLM0042517,KOL_03196,Howrah,2025-09-09,18,0,0,0,0,0,0,0,0,0,0.0,0.024241,0,0.0,0,106,0,2,0.0787,0.0448,GREEN,45,Kolkata
CLM0042518,KOL_03283,New Town,2017-03-24,14,0,0,0,0,0,0,0,0,0,0.0,0.196143,1,0.0,0,5,0,0,0.6261,0.0623,GREEN,38,Kolkata
CLM0042519,KOL_07910,New Town,2022-02-16,9,0,0,0,0,0,0,0,0,0,0.0,0.278504,0,0.0,0,88,1,4,0.2722,0.0064,GREEN,28,Kolkata
CLM0042520,KOL_04350,Tollygunge,2023-01-27,12,0,0,0,0,0,0,0,1,0,0.0,0.278747,0,0.0,0,420,2,0,0.4866,0.2734,GREEN,31,Kolkata
CLM0042521,KOL_03207,Esplanade,2018-06-24,10,0,1,1,0,0,0,0,0,1,0.0,0.075561,0,0.0,0,90,1,2,0.8155,0.1217,GREEN,26,Kolkata
CLM0042522,KOL_06083,Esplanade,2021-01-01,15,0,0,0,0,0,0,0,0,1,0.0,0.249959,0,0.0,0,260,4,3,0.8493,0.2267,GREEN,22,Kolkata
CLM0042523,KOL_04664,New Town,2016-01-27,10,0,0,0,0,0,0,0,0,0,0.0,0.323707,0,0.0,0,317,4,1,0.9777,0.0,GREEN,55,Kolkata
CLM0042524,KOL_06636,Esplanade,2022-06-09,19,0,0,0,0,1,0,0,0,0,0.0,0.948984,0,0.0,0,132,0,1,0.5945,0.1803,GREEN,46,Kolkata
CLM0042525,KOL_04907,Salt Lake,2024-08-19,14,0,0,0,0,0,1,0,0,1,1.0,0.195581,0,0.0,0,327,1,2,0.2458,0.2714,GREEN,25,Kolkata
CLM0042526,KOL_05471,Salt Lake,2020-05-13,17,0,0,0,0,0,1,0,0,0,1.0,0.216324,0,0.0,0,195,1,4,0.98,0.1782,GREEN,39,Kolkata
CLM0042527,KOL_09836,Dum Dum,2023-04-07,18,0,0,0,0,0,0,0,0,0,0.0,0.18505,0,0.0,0,107,4,0,0.2007,0.0,GREEN,39,Kolkata
CLM0042528,KOL_06500,Dum Dum,2021-10-29,13,0,0,0,0,0,0,0,0,0,0.0,0.421958,1,0.0,0,284,0,7,0.98,0.0807,GREEN,28,Kolkata
CLM0042529,KOL_08233,Salt Lake,2019-11-24,19,0,0,0,0,0,0,0,0,0,0.0,0.095296,1,0.0,1,144,1,0,0.8812,0.2199,GREEN,23,Kolkata
CLM0042530,KOL_05512,New Town,2019-11-14,7,0,0,0,0,0,1,0,1,0,0.0,0.398651,0,0.0,0,414,2,4,0.7589,0.144,GREEN,35,Kolkata
CLM0042531,KOL_00139,Dum Dum,2024-06-28,16,0,0,0,0,0,0,0,0,0,0.0,0.052834,0,0.0,0,420,0,7,0.6917,0.0,GREEN,31,Kolkata
CLM0042532,KOL_04256,Dum Dum,2022-12-06,10,0,0,0,0,0,0,1,0,0,0.0,0.345213,0,0.0,0,60,1,8,0.5426,0.0723,GREEN,28,Kolkata
CLM0042533,KOL_00299,Tollygunge,2021-09-30,9,0,0,0,0,0,0,0,0,0,0.0,0.0,0,0.0,0,220,0,7,0.7979,0.0,GREEN,36,Kolkata
CLM0042534,KOL_06203,Dum Dum,2025-02-23,12,0,0,0,0,0,0,0,0,0,0.0,0.21184,0,1.0,0,55,1,0,0.4456,0.1709,GREEN,42,Kolkata
CLM0042535,KOL_05850,Behala,2020-03-10,15,0,0,0,0,0,0,0,1,0,0.0,0.08402,0,0.0,0,130,4,5,0.8227,0.0368,GREEN,50,Kolkata
CLM0042536,KOL_00013,Salt Lake,2021-05-17,16,0,0,0,0,0,0,0,0,0,0.0,0.350542,0,0.0,0,420,0,1,0.8658,0.0045,GREEN,52,Kolkata
CLM0042537,KOL_04617,Tollygunge,2019-03-28,14,0,0,0,0,0,0,0,0,0,0.0,0.134383,0,0.0,0,294,4,4,0.98,0.0666,GREEN,39,Kolkata
CLM0042538,KOL_01006,New Town,2019-03-08,15,0,0,0,0,0,0,0,0,0,0.0,0.273326,0,0.0,0,420,3,4,0.439,0.0,GREEN,41,Kolkata
CLM0042539,KOL_00640,Esplanade,2023-03-20,7,0,0,0,0,0,0,0,0,0,0.0,0.235474,0,1.0,0,160,4,1,0.98,0.0,GREEN,26,Kolkata
CLM0042540,KOL_07654,Sealdah,2021-08-31,15,0,0,0,1,0,0,0,0,0,0.0,0.378113,0,0.0,0,42,2,0,0.6256,0.1429,GREEN,45,Kolkata
CLM0042541,KOL_04930,Tollygunge,2021-12-28,13,0,0,0,0,0,0,0,0,0,0.0,0.313255,1,0.0,0,98,2,4,0.9335,0.0529,GREEN,24,Kolkata
CLM0042542,KOL_05803,Salt Lake,2021-11-14,12,0,0,0,0,0,0,0,0,0,0.0,1.0,0,0.0,0,53,3,0,0.7587,0.0408,GREEN,18,Kolkata
CLM0042543,KOL_03715,Salt Lake,2025-09-22,14,0,0,0,0,0,1,1,0,0,0.0,0.364131,0,0.0,0,302,4,4,0.4399,0.2028,GREEN,48,Kolkata
CLM0042544,KOL_07170,Sealdah,2025-01-31,19,0,0,0,0,0,0,0,0,0,0.0,0.136313,0,0.0,0,112,2,4,0.8502,0.1119,GREEN,45,Kolkata
CLM0042545,KOL_07378,Garia,2025-02-02,12,0,0,0,1,0,0,0,0,0,0.0,0.174815,1,0.0,0,160,2,7,0.3827,0.1972,GREEN,37,Kolkata
CLM0042546,KOL_09841,Esplanade,2019-05-17,16,0,0,0,1,0,0,1,0,1,1.0,0.961148,0,1.0,0,5,0,18,0.0918,0.0252,GREEN,48,Kolkata
CLM0042547,KOL_00287,New Town,2018-12-31,16,0,0,0,0,0,0,0,0,0,0.0,0.32484,0,0.0,0,420,0,4,0.8904,0.0,GREEN,36,Kolkata
CLM0042548,KOL_06569,Tollygunge,2022-03-28,21,0,0,0,0,0,1,0,0,0,0.0,0.973543,0,0.0,0,118,1,0,0.7678,0.1906,GREEN,41,Kolkata
CLM0042549,KOL_01140,Park Street,2021-01-12,20,0,0,0,0,0,0,0,1,0,0.0,0.197062,0,0.0,0,73,3,2,0.9596,0.0908,GREEN,32,Kolkata
CLM0042550,KOL_04398,Salt Lake,2022-10-27,12,0,0,0,0,0,0,0,0,0,1.0,0.172474,0,0.0,0,193,2,1,0.9155,0.0458,GREEN,41,Kolkata
CLM0042551,KOL_02789,Behala,2025-11-07,13,0,0,0,0,0,1,0,0,0,0.0,1.0,1,0.0,0,420,4,1,0.4789,0.1512,GREEN,32,Kolkata
CLM0042552,KOL_06530,Tollygunge,2022-05-09,19,0,0,0,0,0,0,0,0,0,0.0,0.001725,0,0.0,1,46,4,1,0.881,0.07,GREEN,21,Kolkata
CLM0042553,KOL_08582,Tollygunge,2023-05-31,19,0,0,0,0,0,0,0,0,0,0.0,0.169509,0,0.0,0,420,4,3,0.98,0.0859,GREEN,32,Kolkata
CLM0042554,KOL_03389,Garia,2021-10-10,10,0,0,0,0,0,0,0,1,0,0.0,0.23106,0,0.0,0,283,3,0,0.2723,0.0999,GREEN,39,Kolkata
CLM0042555,KOL_01475,Esplanade,2023-08-15,7,0,0,0,0,0,0,0,0,1,0.0,0.031931,0,0.0,1,291,0,6,0.4087,0.186,GREEN,32,Kolkata
CLM0042556,KOL_08820,Sealdah,2020-04-29,7,0,0,0,0,0,0,0,1,0,0.0,0.209696,0,0.0,1,420,3,0,0.1588,0.2242,GREEN,33,Kolkata
CLM0042557,KOL_07165,Esplanade,2019-08-21,9,0,0,0,0,0,0,0,0,0,0.0,0.420088,0,0.0,0,261,4,5,0.9093,0.0404,GREEN,48,Kolkata
CLM0042558,KOL_01546,Garia,2021-11-06,7,0,0,0,0,0,0,0,0,0,0.0,0.369062,0,0.0,0,126,4,6,0.98,0.067,GREEN,45,Kolkata
CLM0042559,KOL_07962,Howrah,2022-01-23,12,0,0,0,0,0,0,0,0,0,0.0,0.061559,0,0.0,0,388,0,4,0.8167,0.0248,GREEN,42,Kolkata
CLM0042560,KOL_05311,Howrah,2022-12-01,16,0,0,0,0,0,0,0,0,0,0.0,0.189492,0,0.0,0,252,4,2,0.8593,0.0,GREEN,28,Kolkata
CLM0042561,KOL_00465,New Town,2025-04-20,19,0,0,0,0,0,0,0,0,0,0.0,0.085025,0,1.0,0,420,0,0,0.7453,0.0,GREEN,18,Kolkata
CLM0042562,KOL_03884,Garia,2024-10-16,13,0,0,0,0,0,0,0,0,1,0.0,0.312694,0,0.0,0,307,3,1,0.7479,0.1347,GREEN,19,Kolkata
CLM0042563,KOL_08886,Esplanade,2021-08-18,17,0,0,0,0,0,0,0,0,0,1.0,0.309209,0,0.0,0,420,1,2,0.6048,0.1263,GREEN,40,Kolkata
CLM0042564,KOL_06931,Park Street,2021-05-10,15,0,0,0,0,0,0,0,0,0,0.0,0.138788,0,0.0,0,327,0,0,0.5253,0.0659,GREEN,34,Kolkata
CLM0042565,KOL_09773,Esplanade,2021-06-25,20,0,0,0,0,0,0,0,0,0,0.0,0.197316,0,0.0,0,265,1,4,0.9241,0.0824,GREEN,41,Kolkata
CLM0042566,KOL_02735,Garia,2025-09-05,19,0,0,0,0,0,0,0,0,0,0.0,0.234788,0,0.0,0,188,4,2,0.782,0.0446,GREEN,29,Kolkata
CLM0042567,KOL_07926,Salt Lake,2022-01-06,9,0,0,0,0,0,0,0,0,0,0.0,0.070189,0,0.0,0,24,1,0,0.9575,0.0498,GREEN,52,Kolkata
CLM0042568,KOL_00595,Sealdah,2025-04-28,13,0,0,0,0,0,0,0,0,0,0.0,0.363833,0,0.0,0,382,1,2,0.8139,0.0,GREEN,43,Kolkata
CLM0042569,KOL_02235,Sealdah,2022-10-16,7,0,0,0,0,0,0,0,0,0,0.0,0.154247,0,0.0,0,288,2,4,0.776,0.0,GREEN,30,Kolkata
CLM0042570,KOL_03309,Behala,2024-05-30,10,0,0,0,0,0,0,0,0,0,0.0,0.382762,0,0.0,0,239,3,2,0.317,0.0,GREEN,28,Kolkata
CLM0042571,KOL_02861,Esplanade,2023-07-18,14,0,0,0,1,1,0,1,0,1,1.0,1.0,0,0.0,0,5,4,18,0.8029,0.0,GREEN,35,Kolkata
CLM0042572,KOL_06190,Park Street,2023-02-27,7,0,0,0,0,0,0,0,0,0,0.0,0.0,0,1.0,0,326,3,0,0.7445,0.0333,GREEN,33,Kolkata
CLM0042573,KOL_08469,Garia,2023-02-01,12,0,0,0,0,0,0,0,0,1,0.0,0.135634,0,0.0,0,345,4,0,0.2333,0.1539,GREEN,47,Kolkata
CLM0042574,KOL_04191,Park Street,2024-05-22,11,0,0,0,0,0,0,0,0,1,1.0,0.073533,0,0.0,0,420,3,0,0.9626,0.2054,GREEN,20,Kolkata
CLM0042575,KOL_06470,Behala,2022-07-30,17,0,0,0,0,0,0,0,0,0,0.0,0.43473,0,0.0,1,420,4,2,0.916,0.0059,GREEN,26,Kolkata
CLM0042576,KOL_02289,Salt Lake,2024-12-07,12,0,0,0,0,0,0,0,0,0,0.0,0.0,0,0.0,0,385,4,1,0.852,0.038,GREEN,35,Kolkata
CLM0042577,KOL_06283,Garia,2025-07-26,16,0,0,0,0,0,0,0,0,0,0.0,0.226306,0,0.0,0,29,3,3,0.8646,0.035,GREEN,33,Kolkata
CLM0042578,KOL_00667,Dum Dum,2023-11-25,15,0,0,0,1,0,0,0,0,0,0.0,0.281174,0,0.0,0,228,1,1,0.905,0.1358,GREEN,18,Kolkata
CLM0042579,KOL_08233,Salt Lake,2025-11-29,14,0,0,0,0,0,0,0,0,1,0.0,0.217516,0,0.0,0,312,4,2,0.7126,0.178,GREEN,23,Kolkata
CLM0042580,KOL_05199,Garia,2018-01-14,16,0,0,0,0,0,0,0,0,1,0.0,0.332946,1,0.0,0,420,4,1,0.8063,0.233,GREEN,18,Kolkata
CLM0042581,KOL_04083,Garia,2015-09-20,20,0,0,0,0,0,0,0,0,0,0.0,0.058697,0,0.0,0,420,3,1,0.8015,0.0286,GREEN,29,Kolkata
CLM0042582,KOL_05975,Park Street,2021-08-04,10,0,0,0,0,0,0,0,1,0,0.0,0.0,0,0.0,1,40,0,0,0.0797,0.1333,GREEN,37,Kolkata
CLM0042583,KOL_04001,Garia,2017-06-13,21,0,0,0,0,0,1,0,0,0,0.0,0.275651,0,0.0,0,420,4,2,0.8227,0.0667,GREEN,38,Kolkata
CLM0042584,KOL_07938,Park Street,2019-11-06,20,0,0,0,0,0,0,0,0,0,0.0,0.121459,0,0.0,0,346,1,1,0.05,0.1525,GREEN,41,Kolkata
CLM0042585,KOL_03922,Howrah,2025-07-03,15,0,0,0,0,1,0,0,0,0,0.0,0.329371,0,0.0,0,195,4,0,0.5101,0.144,GREEN,46,Kolkata
CLM0042586,KOL_07778,Garia,2024-01-25,11,0,0,0,0,0,0,0,1,0,0.0,0.314206,0,0.0,0,371,4,1,0.0763,0.1595,GREEN,25,Kolkata
CLM0042587,KOL_00821,Behala,2022-05-27,13,0,0,0,0,0,0,0,0,0,0.0,0.037727,0,0.0,0,119,0,0,0.7829,0.0,GREEN,38,Kolkata
CLM0042588,KOL_04600,Salt Lake,2024-02-21,7,0,0,0,0,0,0,0,0,0,0.0,0.255497,0,1.0,0,337,4,2,0.8688,0.0,GREEN,38,Kolkata
CLM0042589,KOL_08388,Behala,2023-03-04,8,0,0,0,1,0,0,0,0,0,0.0,0.990331,0,0.0,0,339,1,3,0.3433,0.1201,GREEN,42,Kolkata
CLM0042590,KOL_09745,Behala,2025-11-04,12,0,0,0,0,0,0,1,1,0,0.0,0.102518,0,0.0,0,420,4,0,0.71,0.1908,GREEN,23,Kolkata
CLM0042591,KOL_06973,Sealdah,2025-12-21,15,0,0,0,0,0,0,1,0,0,0.0,0.378525,0,0.0,0,128,4,7,0.5752,0.0512,GREEN,34,Kolkata
CLM0042592,KOL_00984,Esplanade,2021-07-05,11,0,0,0,0,0,0,0,0,0,0.0,0.399543,0,0.0,0,143,0,0,0.6778,0.0188,GREEN,41,Kolkata
CLM0042593,KOL_03007,Salt Lake,2021-02-11,20,0,0,0,0,0,0,0,0,1,0.0,0.199674,0,0.0,0,47,4,3,0.6228,0.0264,GREEN,30,Kolkata
CLM0042594,KOL_03986,Sealdah,2021-06-14,17,0,0,0,0,0,0,0,0,0,1.0,1.0,0,1.0,0,358,3,0,0.8934,0.0814,GREEN,23,Kolkata
CLM0042595,KOL_07812,Tollygunge,2022-03-10,11,0,0,0,0,0,0,0,0,0,0.0,0.0,0,0.0,0,336,0,1,0.4682,0.0,GREEN,31,Kolkata
CLM0042596,KOL_00304,Esplanade,2021-11-19,14,0,0,0,0,0,0,0,0,0,0.0,0.517494,0,0.0,0,380,3,3,0.5561,0.0275,GREEN,37,Kolkata
CLM0042597,KOL_08145,New Town,2020-05-26,14,0,0,0,0,0,0,0,0,0,0.0,0.438494,0,0.0,0,324,1,2,0.4184,0.0193,GREEN,30,Kolkata
CLM0042598,KOL_01731,Dum Dum,2020-03-25,16,0,0,0,0,0,0,0,1,0,0.0,0.20812,0,0.0,0,236,2,0,0.8317,0.1819,GREEN,45,Kolkata
CLM0042599,KOL_08878,Dum Dum,2022-09-21,14,0,0,0,0,0,0,0,0,0,1.0,0.185121,0,0.0,1,53,1,5,0.6573,0.0697,GREEN,33,Kolkata
CLM0042600,KOL_02995,Tollygunge,2023-12-22,11,0,0,0,0,0,0,0,0,0,0.0,0.306361,0,0.0,0,386,0,4,0.7751,0.0755,GREEN,27,Kolkata
CLM0042601,KOL_02763,Howrah,2021-07-22,21,0,0,0,0,0,0,0,0,0,0.0,0.037014,0,0.0,0,289,2,1,0.3605,0.0019,GREEN,30,Kolkata
CLM0042602,KOL_09273,Dum Dum,2024-10-04,8,0,0,0,0,0,0,0,0,0,0.0,0.145298,0,0.0,0,414,2,1,0.7604,0.0122,GREEN,44,Kolkata
CLM0042603,KOL_05967,Esplanade,2022-12-18,21,0,0,0,1,0,0,1,0,0,0.0,1.0,0,0.0,0,299,4,0,0.5735,0.1366,GREEN,19,Kolkata
CLM0042604,KOL_07620,Garia,2020-10-13,11,0,0,0,0,0,0,0,1,0,0.0,0.087665,0,0.0,0,384,1,2,0.7642,0.0244,GREEN,27,Kolkata
CLM0042605,KOL_04935,New Town,2021-03-29,10,0,0,0,0,0,0,0,0,0,0.0,0.065209,0,0.0,0,392,4,0,0.7419,0.0,GREEN,44,Kolkata
CLM0042606,KOL_05606,Tollygunge,2020-12-24,14,0,0,0,0,1,1,0,0,1,1.0,0.64583,0,1.0,0,11,1,18,0.7337,0.1208,GREEN,25,Kolkata
CLM0042607,KOL_09823,Salt Lake,2025-09-23,21,0,0,0,1,1,0,1,1,0,1.0,0.753951,1,0.0,1,16,0,18,0.2188,0.0,GREEN,34,Kolkata
CLM0042608,KOL_07194,Dum Dum,2023-12-09,18,0,0,0,0,0,0,0,0,0,1.0,1.0,0,1.0,0,420,0,5,0.4018,0.0829,GREEN,18,Kolkata
CLM0042609,KOL_00720,Sealdah,2021-07-30,19,0,1,1,0,0,0,0,0,0,0.0,0.195703,0,0.0,0,420,0,5,0.6235,0.0682,GREEN,56,Kolkata
CLM0042610,KOL_00745,Salt Lake,2025-03-28,10,0,0,0,0,0,0,0,0,0,0.0,0.094729,0,0.0,0,64,2,0,0.98,0.0143,GREEN,43,Kolkata
CLM0042611,KOL_04412,Sealdah,2025-12-02,16,0,0,0,0,0,0,0,0,0,0.0,1.0,0,0.0,0,67,4,2,0.9497,0.0462,GREEN,18,Kolkata
CLM0042612,KOL_04703,Behala,2024-04-18,7,0,0,0,0,0,0,0,0,0,0.0,0.296381,0,0.0,0,420,1,4,0.98,0.0,GREEN,52,Kolkata
CLM0042613,KOL_03181,Sealdah,2024-11-30,7,0,0,0,0,0,0,0,0,1,0.0,0.088458,0,0.0,0,355,0,4,0.8348,0.0422,GREEN,30,Kolkata
CLM0042614,KOL_08169,Tollygunge,2025-06-27,21,0,0,0,0,0,1,0,0,0,0.0,1.0,0,0.0,0,96,1,0,0.8403,0.1023,GREEN,36,Kolkata
CLM0042615,KOL_04123,Behala,2023-12-06,19,0,0,0,1,0,0,0,0,0,0.0,0.136744,0,0.0,0,319,0,0,0.7178,0.203,GREEN,41,Kolkata
CLM0042616,KOL_00363,Park Street,2024-05-06,11,0,0,0,0,0,0,0,0,0,1.0,0.183854,0,0.0,0,170,3,0,0.645,0.0323,GREEN,30,Kolkata
CLM0042617,KOL_06849,Howrah,2023-03-16,13,0,0,0,0,0,0,0,0,0,0.0,0.127131,0,0.0,0,81,4,3,0.7159,0.0,GREEN,39,Kolkata
CLM0042618,KOL_06029,Behala,2024-03-09,17,0,0,0,0,0,0,0,0,0,0.0,0.388977,0,0.0,0,353,0,4,0.5384,0.0,GREEN,49,Kolkata
CLM0042619,KOL_08223,New Town,2019-05-03,9,0,0,0,0,0,0,0,0,1,0.0,0.104594,0,0.0,0,386,4,0,0.8614,0.1471,GREEN,40,Kolkata
CLM0042620,KOL_04561,Garia,2022-07-07,7,0,0,0,1,0,0,0,0,0,0.0,0.411801,0,0.0,0,169,0,3,0.9109,0.2004,GREEN,18,Kolkata
CLM0042621,KOL_05281,Esplanade,2022-02-24,13,0,0,0,0,0,0,1,0,0,0.0,0.229908,0,1.0,0,247,4,1,0.436,0.18,GREEN,46,Kolkata
CLM0042622,KOL_02025,Esplanade,2020-06-06,11,0,0,0,0,0,0,0,1,0,0.0,0.0,0,0.0,0,37,0,0,0.9125,0.0918,GREEN,47,Kolkata
CLM0042623,KOL_08244,Esplanade,2022-11-29,13,0,0,0,0,0,0,0,0,0,0.0,0.155934,0,0.0,0,352,1,3,0.7388,0.0,GREEN,33,Kolkata
CLM0042624,KOL_03097,Dum Dum,2024-11-04,14,0,1,1,0,0,0,0,1,0,0.0,0.065092,0,0.0,0,121,1,4,0.8602,0.1332,GREEN,25,Kolkata
CLM0042625,KOL_07353,Salt Lake,2021-03-12,8,0,0,0,0,0,0,1,0,0,0.0,0.904605,0,0.0,0,165,0,4,0.3138,0.0187,GREEN,40,Kolkata
CLM0042626,KOL_04109,Park Street,2024-11-18,11,0,0,0,0,0,0,0,0,0,0.0,0.0,0,1.0,0,375,3,3,0.98,0.1911,GREEN,37,Kolkata
CLM0042627,KOL_01382,Behala,2023-12-25,13,0,1,1,1,0,1,0,0,0,0.0,0.026905,1,0.0,0,5,3,18,0.9315,0.2417,GREEN,23,Kolkata
CLM0042628,KOL_07517,Behala,2023-04-27,19,0,0,0,0,1,0,1,0,0,0.0,0.216307,0,0.0,0,420,3,0,0.6892,0.1502,GREEN,20,Kolkata
CLM0042629,KOL_01557,New Town,2025-06-28,9,0,0,0,0,0,0,0,0,0,0.0,0.340371,0,0.0,0,420,0,2,0.8367,0.0,GREEN,35,Kolkata
CLM0042630,KOL_02594,Park Street,2023-03-17,16,0,0,0,0,0,1,0,0,0,0.0,0.180959,0,0.0,0,76,1,5,0.5362,0.0578,GREEN,31,Kolkata
CLM0042631,KOL_02959,Sealdah,2021-04-16,20,0,0,0,0,0,0,0,0,0,0.0,0.0,0,0.0,0,174,2,1,0.8212,0.0183,GREEN,37,Kolkata
CLM0042632,KOL_00584,Behala,2023-09-21,13,0,0,0,0,0,0,0,0,0,0.0,0.365628,0,0.0,0,82,1,0,0.5832,0.0,GREEN,18,Kolkata
CLM0042633,KOL_00388,Salt Lake,2025-07-09,13,0,0,0,0,0,0,0,0,0,0.0,0.0,0,0.0,0,420,0,2,0.904,0.0473,GREEN,38,Kolkata
CLM0042634,KOL_06381,Howrah,2022-05-11,14,0,0,0,0,0,0,0,0,0,0.0,0.06063,0,0.0,0,127,3,0,0.7749,0.0,GREEN,19,Kolkata
CLM0042635,KOL_02740,Salt Lake,2025-11-16,13,0,0,0,0,0,0,0,0,0,0.0,0.03089,0,0.0,0,317,3,0,0.7048,0.0,GREEN,37,Kolkata
CLM0042636,KOL_07842,Behala,2021-10-05,14,0,0,0,0,0,1,0,0,0,0.0,0.128769,0,0.0,0,94,1,0,0.5356,0.1619,GREEN,50,Kolkata
CLM0042637,KOL_05731,Tollygunge,2017-02-22,13,0,0,0,0,0,1,0,0,0,0.0,0.140027,0,0.0,0,235,0,3,0.3534,0.1433,GREEN,50,Kolkata
CLM0042638,KOL_04911,Sealdah,2018-07-25,16,0,0,0,0,0,0,0,0,0,1.0,0.069058,0,0.0,0,151,1,0,0.6719,0.0836,GREEN,28,Kolkata
CLM0042639,KOL_08330,Salt Lake,2022-05-04,20,0,0,0,0,0,0,0,0,0,0.0,0.301803,0,0.0,0,28,2,5,0.6361,0.0,GREEN,18,Kolkata
CLM0042640,KOL_05028,Howrah,2022-05-27,8,0,0,0,0,1,0,0,0,0,0.0,0.208564,0,0.0,0,94,3,3,0.5944,0.3627,YELLOW,47,Kolkata
CLM0042641,KOL_09271,Dum Dum,2024-08-10,10,0,0,0,0,0,0,0,0,0,0.0,0.442713,0,0.0,1,190,3,2,0.8268,0.0379,GREEN,48,Kolkata
CLM0042642,KOL_00565,Salt Lake,2018-12-05,7,0,0,0,1,0,0,0,0,0,1.0,0.0,0,0.0,0,92,2,2,0.7137,0.1741,GREEN,52,Kolkata
CLM0042643,KOL_07784,Garia,2020-09-20,15,0,0,0,0,0,0,0,0,0,0.0,0.084958,0,0.0,0,344,1,4,0.05,0.0152,GREEN,38,Kolkata
CLM0042644,KOL_00608,Sealdah,2021-01-22,17,0,0,0,0,1,0,0,0,0,0.0,0.272684,0,0.0,0,88,4,3,0.7356,0.0746,GREEN,35,Kolkata
CLM0042645,KOL_00759,Sealdah,2018-07-21,9,0,0,0,0,0,0,0,0,0,0.0,0.090795,0,0.0,0,343,2,3,0.493,0.0,GREEN,41,Kolkata
CLM0042646,KOL_04100,Park Street,2018-12-08,7,0,0,0,0,0,1,0,1,0,0.0,0.998592,0,0.0,0,390,2,0,0.2006,0.1051,GREEN,48,Kolkata
CLM0042647,KOL_01053,Garia,2024-10-24,14,0,0,0,0,0,0,1,0,0,1.0,0.296304,0,0.0,0,16,4,0,0.6534,0.0834,GREEN,46,Kolkata
CLM0042648,KOL_06010,New Town,2024-03-13,13,0,0,0,0,0,0,0,0,0,0.0,1.0,0,0.0,0,307,0,6,0.667,0.1005,GREEN,30,Kolkata
CLM0042649,KOL_02506,Esplanade,2025-11-11,11,0,0,0,0,0,1,0,0,0,0.0,0.098128,0,0.0,0,87,3,6,0.5306,0.1794,GREEN,40,Kolkata
CLM0042650,KOL_02551,Dum Dum,2024-12-02,15,0,0,0,0,0,0,0,0,0,0.0,1.0,0,0.0,0,420,3,0,0.6484,0.0507,GREEN,18,Kolkata
CLM0042651,KOL_09714,New Town,2023-06-24,14,0,0,0,0,0,0,0,1,0,0.0,0.254755,1,1.0,0,247,2,3,0.2167,0.0535,GREEN,41,Kolkata
CLM0042652,KOL_01253,New Town,2022-10-15,19,0,0,0,0,1,0,0,0,0,0.0,0.369804,0,1.0,0,216,2,4,0.5713,0.0173,GREEN,38,Kolkata
CLM0042653,KOL_09221,Sealdah,2020-10-27,11,0,0,0,1,1,1,0,1,1,1.0,0.996036,0,0.0,1,15,2,18,0.1598,0.179,GREEN,29,Kolkata
CLM0042654,KOL_07294,New Town,2021-09-23,9,0,0,0,0,0,0,0,0,0,0.0,0.347202,0,0.0,0,420,2,2,0.4106,0.0,GREEN,39,Kolkata
CLM0042655,KOL_03926,Salt Lake,2023-10-26,15,0,0,0,0,0,0,0,0,0,1.0,0.298044,0,0.0,0,420,4,5,0.7237,0.0467,GREEN,49,Kolkata
CLM0042656,KOL_04945,Garia,2024-11-08,10,0,0,0,0,0,0,0,0,0,0.0,0.209328,0,0.0,0,344,0,4,0.0586,0.0,GREEN,56,Kolkata
CLM0042657,KOL_08933,Dum Dum,2025-03-11,10,0,1,1,0,0,0,0,0,0,0.0,0.250751,0,0.0,0,280,3,3,0.6015,0.0,GREEN,42,Kolkata
CLM0042658,KOL_04343,Howrah,2024-01-28,20,0,0,0,0,0,0,0,0,0,0.0,0.166393,0,0.0,0,237,2,4,0.4565,0.0515,GREEN,62,Kolkata
CLM0042659,KOL_06401,New Town,2022-09-30,12,0,0,0,0,0,1,0,0,0,0.0,0.201645,0,0.0,0,420,4,2,0.955,0.0782,GREEN,18,Kolkata
CLM0042660,KOL_03145,Behala,2020-10-28,11,1,0,0,0,0,0,0,0,0,0.0,0.213833,0,0.0,0,30,0,0,0.1517,0.1619,GREEN,26,Kolkata
CLM0042661,KOL_02274,Tollygunge,2016-08-23,10,0,0,0,1,0,0,0,0,0,0.0,0.183659,0,0.0,0,129,0,1,0.9347,0.1718,GREEN,38,Kolkata
CLM0042662,KOL_07467,Howrah,2018-01-29,11,0,0,0,0,0,0,1,0,0,0.0,0.265137,0,0.0,0,228,4,2,0.6241,0.1253,GREEN,44,Kolkata
CLM0042663,KOL_00337,Garia,2020-06-26,15,0,0,0,0,0,0,0,0,0,0.0,0.045368,0,0.0,0,172,4,5,0.7252,0.0,GREEN,50,Kolkata
CLM0042664,KOL_00503,Garia,2020-07-30,18,0,0,0,0,0,0,0,0,0,0.0,0.240402,0,1.0,0,251,4,1,0.6472,0.0179,GREEN,24,Kolkata
CLM0042665,KOL_01003,New Town,2023-02-22,10,0,0,0,1,1,1,1,1,1,1.0,1.0,0,0.0,1,18,4,18,0.7114,0.1002,GREEN,18,Kolkata
CLM0042666,KOL_09025,Dum Dum,2017-05-21,21,0,0,0,0,1,0,0,1,0,0.0,0.292741,0,0.0,0,208,4,3,0.8143,0.1377,GREEN,36,Kolkata
CLM0042667,KOL_04348,Park Street,2025-02-23,11,0,0,0,0,0,0,0,1,0,0.0,0.361776,0,0.0,0,420,0,1,0.5008,0.067,GREEN,18,Kolkata
CLM0042668,KOL_09035,Howrah,2021-08-31,9,0,0,0,0,0,0,0,1,1,0.0,0.229805,0,0.0,0,321,0,2,0.7352,0.1157,GREEN,38,Kolkata
CLM0042669,KOL_01206,Tollygunge,2019-12-07,18,0,0,0,0,0,0,0,0,0,0.0,0.257707,0,0.0,0,199,2,0,0.5703,0.0,GREEN,37,Kolkata
CLM0042670,KOL_08191,Sealdah,2021-07-22,10,0,0,0,0,0,0,0,0,0,0.0,0.045692,0,0.0,0,173,1,4,0.652,0.1231,GREEN,27,Kolkata
CLM0042671,KOL_04619,Esplanade,2019-02-12,21,0,0,0,0,0,0,0,0,0,0.0,0.091068,0,0.0,0,231,0,0,0.1566,0.0,GREEN,42,Kolkata
CLM0042672,KOL_01410,Tollygunge,2017-12-22,11,0,0,0,0,0,0,0,0,0,0.0,1.0,0,0.0,0,233,0,0,0.5532,0.1162,GREEN,41,Kolkata
CLM0042673,KOL_08743,Howrah,2025-07-17,10,0,0,0,0,0,0,1,0,0,0.0,0.000515,0,0.0,0,252,1,1,0.675,0.1232,GREEN,18,Kolkata
CLM0042674,KOL_09272,Garia,2025-05-28,21,0,0,0,0,0,0,0,0,0,0.0,0.397997,0,0.0,0,41,2,7,0.9361,0.0165,GREEN,42,Kolkata
CLM0042675,KOL_09286,Dum Dum,2020-12-05,12,0,0,0,0,0,0,0,0,0,0.0,0.267997,0,0.0,0,78,2,3,0.6887,0.0,GREEN,18,Kolkata
CLM0042676,KOL_04875,Park Street,2025-03-06,10,0,0,0,0,0,1,0,0,0,0.0,0.316814,0,0.0,0,158,2,0,0.486,0.2231,GREEN,52,Kolkata
CLM0042677,KOL_04110,Howrah,2025-06-03,11,0,0,0,0,0,0,0,0,0,0.0,0.149594,0,0.0,1,95,3,0,0.4595,0.0122,GREEN,26,Kolkata
CLM0042678,KOL_00631,Sealdah,2022-06-27,9,0,0,0,0,0,0,0,0,0,1.0,0.18084,0,0.0,0,284,4,4,0.05,0.0281,GREEN,24,Kolkata
CLM0042679,KOL_03977,New Town,2024-11-21,16,0,0,0,0,0,0,0,0,0,0.0,0.0,0,0.0,0,414,4,4,0.98,0.0,GREEN,39,Kolkata
CLM0042680,KOL_01920,Tollygunge,2024-05-06,8,0,0,0,0,1,0,0,0,0,1.0,0.442501,0,0.0,0,69,0,5,0.9306,0.2393,GREEN,40,Kolkata
CLM0042681,KOL_09516,Sealdah,2016-10-15,20,0,0,0,0,0,0,0,0,0,0.0,0.303021,0,0.0,0,83,1,4,0.7187,0.0,GREEN,31,Kolkata
CLM0042682,KOL_09246,Dum Dum,2017-11-15,9,0,0,0,0,0,0,0,0,0,0.0,0.304172,0,0.0,0,328,0,2,0.7448,0.0319,GREEN,27,Kolkata
CLM0042683,KOL_01510,Park Street,2021-06-21,19,0,0,0,0,1,0,0,0,1,0.0,0.326411,1,0.0,0,390,3,0,0.0517,0.3626,YELLOW,40,Kolkata
CLM0042684,KOL_07662,Dum Dum,2018-05-28,15,0,0,0,0,0,0,0,0,0,0.0,0.0,0,0.0,0,16,2,0,0.98,0.0,GREEN,33,Kolkata
CLM0042685,KOL_01214,Esplanade,2015-12-06,10,0,0,0,0,0,1,0,0,0,0.0,0.330869,0,1.0,0,180,2,5,0.8509,0.0643,GREEN,24,Kolkata
CLM0042686,KOL_09081,New Town,2025-12-29,12,0,0,0,0,0,0,0,0,0,1.0,0.282517,0,0.0,1,158,1,1,0.05,0.0409,GREEN,40,Kolkata
CLM0042687,KOL_04006,Tollygunge,2016-11-15,7,0,0,0,0,0,0,0,0,0,0.0,0.019309,0,0.0,0,420,2,2,0.5197,0.0241,GREEN,42,Kolkata
CLM0042688,KOL_03366,Salt Lake,2025-07-04,17,0,0,0,0,0,0,0,0,0,0.0,0.406711,0,0.0,0,190,3,6,0.9515,0.0783,GREEN,45,Kolkata
CLM0042689,KOL_05681,Howrah,2024-07-14,11,0,0,0,0,0,0,0,0,0,0.0,0.955116,0,0.0,0,159,1,0,0.3043,0.0,GREEN,33,Kolkata
CLM0042690,KOL_09880,Esplanade,2024-12-06,14,0,0,0,0,0,0,0,0,1,0.0,0.265882,0,0.0,0,390,2,1,0.8343,0.0388,GREEN,48,Kolkata
CLM0042691,KOL_02585,New Town,2021-04-23,13,0,0,0,0,0,1,0,0,0,0.0,0.28049,0,0.0,0,273,2,1,0.6574,0.1268,GREEN,50,Kolkata
CLM0042692,KOL_09890,Garia,2021-09-02,12,0,0,0,1,0,1,1,1,0,1.0,0.150359,0,0.0,0,18,3,18,0.3249,0.0339,GREEN,37,Kolkata
CLM0042693,KOL_00892,Garia,2018-07-30,20,0,0,0,0,0,0,0,0,0,0.0,0.286691,0,0.0,0,68,0,4,0.7345,0.027,GREEN,29,Kolkata
CLM0042694,KOL_07273,Salt Lake,2024-05-27,17,0,0,0,0,0,1,0,0,0,0.0,0.118917,0,0.0,0,290,2,5,0.1569,0.073,GREEN,18,Kolkata
CLM0042695,KOL_06094,Dum Dum,2025-12-27,19,0,0,0,0,0,0,0,0,0,0.0,0.309387,0,0.0,0,191,1,4,0.6732,0.0,GREEN,39,Kolkata
CLM0042696,KOL_07069,Behala,2021-01-02,21,0,0,0,0,0,1,1,0,0,1.0,0.125504,0,0.0,0,254,2,1,0.7283,0.1619,GREEN,44,Kolkata
CLM0042697,KOL_00284,Sealdah,2023-02-23,21,0,0,0,0,0,1,0,0,0,0.0,0.360234,0,0.0,0,199,0,2,0.6437,0.0341,GREEN,23,Kolkata
CLM0042698,KOL_06150,Dum Dum,2023-11-01,16,0,0,0,0,0,0,0,0,0,0.0,0.146928,0,0.0,0,189,1,4,0.5725,0.0476,GREEN,30,Kolkata
CLM0042699,KOL_09233,Dum Dum,2022-02-23,10,0,0,0,0,0,0,0,0,0,0.0,0.017928,0,0.0,0,420,4,1,0.7033,0.0,GREEN,35,Kolkata
CLM0042700,KOL_03765,Tollygunge,2025-12-08,18,0,0,0,0,0,0,0,1,0,1.0,4.2e-05,1,0.0,0,153,2,1,0.8552,0.2136,GREEN,47,Kolkata
CLM0042701,KOL_07347,Dum Dum,2020-06-21,10,0,0,0,0,0,0,0,0,0,0.0,0.306266,0,0.0,0,408,2,0,0.5112,0.1197,GREEN,31,Kolkata
CLM0042702,KOL_03387,Garia,2017-12-30,13,0,0,0,0,0,0,1,1,0,1.0,0.014993,0,0.0,0,342,3,0,0.6869,0.2128,GREEN,37,Kolkata
CLM0042703,KOL_02838,Tollygunge,2024-03-02,16,0,0,0,0,0,0,0,0,0,0.0,0.043703,0,0.0,0,409,0,2,0.6954,0.0185,GREEN,61,Kolkata
CLM0042704,KOL_05918,New Town,2024-04-03,9,0,1,1,0,0,0,0,0,0,0.0,0.176361,0,0.0,0,283,4,6,0.2074,0.0033,GREEN,45,Kolkata
CLM0042705,KOL_00154,Howrah,2025-05-06,14,0,0,0,0,0,0,0,0,0,0.0,0.208558,0,0.0,0,113,3,0,0.98,0.0,GREEN,28,Kolkata
CLM0042706,KOL_00904,New Town,2024-09-19,21,0,0,0,0,0,0,0,1,0,0.0,0.33898,0,0.0,0,407,2,1,0.5465,0.1556,GREEN,43,Kolkata
CLM0042707,KOL_05705,Salt Lake,2023-07-19,12,0,1,1,0,0,0,0,0,0,0.0,0.213053,0,0.0,0,20,0,0,0.9072,0.0,GREEN,18,Kolkata
CLM0042708,KOL_07148,Park Street,2020-09-04,12,0,0,0,0,0,0,0,0,0,0.0,1.0,0,0.0,0,420,1,1,0.8507,0.0,GREEN,31,Kolkata
CLM0042709,KOL_08179,New Town,2020-05-16,12,0,0,0,0,0,0,0,0,0,0.0,0.055995,0,0.0,0,410,3,4,0.5692,0.0405,GREEN,28,Kolkata
CLM0042710,KOL_08659,Dum Dum,2023-02-16,18,0,0,0,0,0,0,0,0,0,0.0,0.000602,0,0.0,0,204,1,0,0.1309,0.0,GREEN,18,Kolkata
CLM0042711,KOL_08000,Sealdah,2022-01-23,18,0,0,0,0,1,0,0,0,0,0.0,0.257928,0,0.0,0,81,3,4,0.7538,0.1932,GREEN,64,Kolkata
CLM0042712,KOL_07599,Behala,2025-01-02,10,0,0,0,0,0,0,0,0,0,0.0,0.082648,0,1.0,0,71,2,1,0.8722,0.0569,GREEN,45,Kolkata
CLM0042713,KOL_07527,Sealdah,2025-02-19,10,0,0,0,0,0,0,0,0,0,0.0,0.0,0,0.0,0,98,2,3,0.147,0.0039,GREEN,38,Kolkata
CLM0042714,KOL_05845,Esplanade,2020-10-20,11,0,0,0,0,0,0,0,0,0,0.0,0.00682,0,0.0,0,319,0,0,0.862,0.0455,GREEN,33,Kolkata
CLM0042715,KOL_03569,Park Street,2025-10-09,7,0,0,0,0,0,0,1,0,0,0.0,0.035065,0,0.0,0,159,4,4,0.5425,0.0713,GREEN,38,Kolkata
CLM0042716,KOL_06798,Dum Dum,2024-07-18,19,0,0,0,0,0,0,0,0,0,0.0,0.32101,0,0.0,0,420,0,3,0.6407,0.1904,GREEN,18,Kolkata
CLM0042717,KOL_05656,Tollygunge,2022-03-25,13,0,0,0,0,0,0,0,0,0,1.0,0.076244,0,1.0,0,285,1,4,0.684,0.0535,GREEN,53,Kolkata
CLM0042718,KOL_01824,Esplanade,2019-07-02,9,0,0,0,0,0,0,0,0,0,0.0,0.928551,0,0.0,0,249,4,0,0.0947,0.0631,GREEN,24,Kolkata
CLM0042719,KOL_01664,Garia,2022-11-22,19,0,0,0,1,1,1,1,1,1,1.0,0.872429,0,0.0,1,7,2,18,0.0864,0.0133,GREEN,62,Kolkata
CLM0042720,KOL_06452,Tollygunge,2022-08-18,19,0,0,0,0,0,0,0,0,0,1.0,0.304029,0,0.0,0,420,4,7,0.9722,0.0341,GREEN,33,Kolkata
CLM0042721,KOL_00993,Sealdah,2022-04-07,9,0,0,0,0,0,0,0,0,0,0.0,0.101922,0,0.0,0,83,3,1,0.8365,0.0,GREEN,34,Kolkata
CLM0042722,KOL_06810,Dum Dum,2019-04-09,10,0,0,0,0,0,0,0,0,0,0.0,0.259222,0,0.0,0,50,1,0,0.7779,0.1372,GREEN,38,Kolkata
CLM0042723,KOL_00589,Park Street,2024-10-22,19,0,0,0,0,0,0,0,0,0,0.0,0.983657,0,0.0,0,114,2,3,0.8329,0.0076,GREEN,38,Kolkata
CLM0042724,KOL_05987,Park Street,2023-10-18,8,0,0,0,0,0,0,0,0,0,0.0,0.44476,0,1.0,0,83,0,2,0.8674,0.0524,GREEN,43,Kolkata
CLM0042725,KOL_05456,Sealdah,2025-04-18,13,0,0,0,0,0,0,0,0,0,0.0,0.384598,0,0.0,0,23,0,2,0.5835,0.0,GREEN,36,Kolkata
CLM0042726,KOL_07707,Esplanade,2025-08-09,18,0,0,0,0,1,0,0,0,0,0.0,0.048164,0,0.0,0,118,1,4,0.8497,0.1199,GREEN,52,Kolkata
CLM0042727,KOL_03547,Esplanade,2025-07-17,13,0,0,0,0,0,0,0,0,0,0.0,0.377841,1,0.0,0,420,4,3,0.8711,0.1163,GREEN,33,Kolkata
CLM0042728,KOL_05528,Sealdah,2024-10-14,7,0,0,0,0,0,0,0,0,0,1.0,0.338498,0,0.0,0,157,0,4,0.1062,0.1811,GREEN,31,Kolkata
CLM0042729,KOL_07295,Tollygunge,2024-01-06,16,0,0,0,0,0,0,1,0,0,0.0,0.043567,0,0.0,0,383,3,4,0.9666,0.0651,GREEN,31,Kolkata
CLM0042730,KOL_07020,Howrah,2025-07-09,9,0,0,0,0,0,0,0,0,0,1.0,0.141766,0,0.0,0,42,0,3,0.8441,0.1271,GREEN,29,Kolkata
CLM0042731,KOL_08941,Esplanade,2024-06-09,15,0,0,0,1,0,0,0,0,0,0.0,0.359153,0,0.0,0,307,0,0,0.7767,0.229,GREEN,48,Kolkata
CLM0042732,KOL_02092,Behala,2025-12-23,19,0,0,0,0,0,0,0,0,0,1.0,0.173906,0,0.0,0,420,1,1,0.1096,0.092,GREEN,24,Kolkata
CLM0042733,KOL_08187,Behala,2025-01-26,13,0,0,0,0,0,0,0,0,0,0.0,0.34266,0,0.0,0,396,0,4,0.0998,0.0,GREEN,38,Kolkata
CLM0042734,KOL_00080,Howrah,2024-08-20,11,0,0,0,0,0,1,0,0,0,1.0,0.148926,0,0.0,0,221,0,3,0.4673,0.0724,GREEN,28,Kolkata
CLM0042735,KOL_00271,Sealdah,2025-04-28,18,0,0,0,0,1,0,0,0,0,0.0,0.359701,0,0.0,0,29,0,5,0.6603,0.1658,GREEN,26,Kolkata
CLM0042736,KOL_05466,Dum Dum,2024-08-27,10,0,0,0,0,0,0,0,0,0,0.0,0.0,0,0.0,0,329,4,3,0.8107,0.0676,GREEN,23,Kolkata
CLM0042737,KOL_00282,Tollygunge,2025-09-22,20,0,0,0,1,0,0,0,0,0,0.0,0.197365,0,0.0,0,217,3,3,0.645,0.1389,GREEN,39,Kolkata
CLM0042738,KOL_08047,New Town,2025-08-22,20,0,0,0,0,0,0,0,0,0,0.0,0.286027,0,0.0,0,346,1,6,0.98,0.0,GREEN,18,Kolkata
CLM0042739,KOL_05624,Esplanade,2025-01-22,16,0,0,0,0,0,0,0,0,0,0.0,0.287213,0,0.0,0,420,3,3,0.6116,0.0,GREEN,36,Kolkata
CLM0042740,KOL_05940,New Town,2024-09-09,19,0,0,0,0,0,0,0,1,0,0.0,0.022574,0,0.0,0,420,4,0,0.05,0.0698,GREEN,60,Kolkata
CLM0042741,KOL_01340,New Town,2024-11-07,17,0,0,0,0,0,0,0,1,0,0.0,0.0,0,0.0,0,103,2,1,0.5105,0.0874,GREEN,37,Kolkata
CLM0042742,KOL_05150,Esplanade,2021-09-24,12,0,0,0,0,0,1,0,0,0,0.0,0.060926,0,0.0,0,191,3,0,0.9266,0.0884,GREEN,34,Kolkata
CLM0042743,KOL_01067,Sealdah,2022-03-30,16,0,0,0,0,0,0,0,0,0,0.0,0.038368,0,0.0,0,102,3,2,0.1283,0.0,GREEN,38,Kolkata
CLM0042744,KOL_03434,Behala,2025-12-23,20,0,0,0,0,0,0,0,0,0,0.0,0.307202,0,1.0,0,139,3,0,0.0766,0.1564,GREEN,41,Kolkata
CLM0042745,KOL_02298,Tollygunge,2024-07-10,12,0,0,0,1,0,0,0,0,0,0.0,0.0,0,0.0,0,153,4,4,0.5744,0.1644,GREEN,45,Kolkata
CLM0042746,KOL_08863,Howrah,2018-12-16,20,0,0,0,0,0,0,0,0,0,0.0,0.031659,0,0.0,0,321,3,2,0.7204,0.0,GREEN,30,Kolkata
CLM0042747,KOL_04237,Howrah,2022-11-30,18,0,0,0,0,0,0,0,1,0,0.0,0.454927,0,0.0,0,224,2,0,0.6203,0.1244,GREEN,22,Kolkata
CLM0042748,KOL_03143,New Town,2021-11-08,15,0,0,0,0,0,0,0,0,0,0.0,0.0,0,0.0,0,186,1,0,0.5898,0.0,GREEN,36,Kolkata
CLM0042749,KOL_06929,Garia,2023-08-12,8,0,0,0,0,0,0,0,0,0,0.0,0.172149,0,0.0,0,420,1,5,0.6005,0.0,GREEN,42,Kolkata
CLM0042750,KOL_09563,Park Street,2023-03-23,16,0,0,0,0,0,0,0,0,0,0.0,0.255288,0,0.0,0,367,4,3,0.8336,0.1903,GREEN,36,Kolkata
CLM0042751,KOL_04012,Behala,2024-08-08,8,0,0,0,0,0,1,0,0,0,1.0,0.137212,0,1.0,0,254,4,2,0.8465,0.0852,GREEN,59,Kolkata
CLM0042752,KOL_09275,Park Street,2025-07-31,17,0,0,0,0,1,0,0,0,0,0.0,0.399691,0,0.0,0,420,0,5,0.2962,0.2644,GREEN,18,Kolkata
CLM0042753,KOL_08594,Tollygunge,2025-04-08,17,0,0,0,0,0,0,0,0,0,0.0,0.285579,0,0.0,0,201,2,4,0.5558,0.0,GREEN,39,Kolkata
CLM0042754,KOL_00435,Park Street,2024-02-27,9,0,1,1,1,0,0,0,1,0,1.0,0.936633,0,0.0,1,5,2,18,0.2522,0.1235,GREEN,44,Kolkata
CLM0042755,KOL_05182,Esplanade,2025-04-03,8,0,0,0,1,1,1,1,1,1,1.0,1.0,0,0.0,1,23,4,18,0.2336,0.0283,GREEN,45,Kolkata
CLM0042756,KOL_04557,Behala,2024-09-30,18,0,0,0,1,0,0,1,0,0,0.0,0.324193,0,0.0,0,290,1,4,0.547,0.1133,GREEN,37,Kolkata
CLM0042757,KOL_00986,Tollygunge,2024-04-13,21,0,0,0,1,0,0,0,0,0,0.0,0.13051,0,0.0,0,98,1,3,0.4769,0.2292,GREEN,43,Kolkata
CLM0042758,KOL_08102,Park Street,2025-04-19,21,0,0,0,0,0,0,1,0,0,0.0,0.282576,0,0.0,0,420,2,1,0.3828,0.039,GREEN,55,Kolkata
CLM0042759,KOL_07320,Salt Lake,2024-11-05,20,0,0,0,0,0,0,0,0,0,0.0,0.261173,0,0.0,0,181,4,6,0.848,0.0,GREEN,40,Kolkata
CLM0042760,KOL_09977,Sealdah,2025-07-26,13,0,0,0,0,0,0,0,0,0,1.0,0.145558,0,0.0,0,131,1,3,0.9002,0.0477,GREEN,51,Kolkata
CLM0042761,KOL_08624,Tollygunge,2024-05-03,14,0,0,0,0,0,0,0,0,1,0.0,0.287148,0,0.0,0,398,1,1,0.98,0.1225,GREEN,39,Kolkata
CLM0042762,KOL_09824,Howrah,2023-09-15,8,0,0,0,0,0,0,1,0,1,0.0,0.066188,0,0.0,0,420,0,2,0.665,0.0912,GREEN,32,Kolkata
CLM0042763,KOL_01309,Sealdah,2023-03-31,7,0,0,0,0,0,0,0,0,0,0.0,0.191076,0,0.0,0,81,1,4,0.8679,0.0,GREEN,45,Kolkata
CLM0042764,KOL_08010,Salt Lake,2023-10-23,12,0,0,0,0,0,0,0,0,0,0.0,0.046347,0,0.0,0,310,1,2,0.6389,0.1942,GREEN,39,Kolkata
CLM0042765,KOL_07828,New Town,2024-12-16,7,0,0,0,0,0,0,0,0,0,0.0,0.123184,0,0.0,0,420,0,1,0.4225,0.0465,GREEN,43,Kolkata
CLM0042766,KOL_05831,Park Street,2025-03-10,17,0,0,0,0,1,0,0,0,0,0.0,0.191061,0,0.0,0,240,4,6,0.9093,0.1122,GREEN,19,Kolkata
CLM0042767,KOL_04062,Park Street,2023-09-25,7,0,0,0,0,0,1,0,1,0,0.0,0.10268,0,0.0,0,420,1,3,0.1485,0.1534,GREEN,32,Kolkata
CLM0042768,KOL_09824,Howrah,2024-08-16,14,0,0,0,0,0,0,0,0,0,0.0,0.023128,0,0.0,0,204,2,0,0.3044,0.0,GREEN,32,Kolkata
CLM0042769,KOL_07715,Dum Dum,2024-06-05,12,0,0,0,1,1,1,1,1,1,1.0,0.980644,0,0.0,1,5,2,18,0.1487,0.1862,GREEN,38,Kolkata
CLM0042770,KOL_07033,New Town,2024-10-09,9,0,0,0,1,1,0,1,1,1,0.0,0.199556,0,0.0,1,16,3,18,0.8005,0.0,GREEN,29,Kolkata
CLM0042771,KOL_01652,Garia,2020-11-04,12,0,0,0,0,0,0,0,0,0,1.0,0.04778,0,0.0,0,309,2,0,0.05,0.0167,GREEN,40,Kolkata
CLM0042772,KOL_06169,Garia,2022-09-28,7,0,0,0,0,1,0,1,0,0,0.0,0.0,0,0.0,0,114,0,4,0.3491,0.2252,GREEN,52,Kolkata
CLM0042773,KOL_05798,Tollygunge,2024-03-02,13,0,0,0,0,0,1,0,0,0,0.0,1.0,0,0.0,0,140,2,3,0.5909,0.0537,GREEN,22,Kolkata
CLM0042774,KOL_07260,Behala,2025-02-04,9,0,0,0,0,0,0,0,0,0,0.0,0.17534,0,1.0,0,295,1,4,0.0823,0.0,GREEN,31,Kolkata
CLM0042775,KOL_03821,Behala,2025-12-22,9,0,0,0,0,0,0,0,0,0,0.0,0.371333,0,0.0,0,198,2,5,0.9504,0.0,GREEN,43,Kolkata
CLM0042776,KOL_00735,Howrah,2025-12-04,10,0,0,0,0,0,0,0,0,1,0.0,0.9934,0,0.0,0,263,3,0,0.649,0.0893,GREEN,38,Kolkata
CLM0042777,KOL_00585,Salt Lake,2024-02-25,10,0,0,0,0,0,0,0,0,0,0.0,0.0,0,0.0,0,420,2,2,0.7785,0.0415,GREEN,30,Kolkata
CLM0042778,KOL_09972,Tollygunge,2024-07-16,14,0,0,0,0,0,0,0,0,0,1.0,0.201436,0,0.0,0,420,1,0,0.9529,0.0037,GREEN,18,Kolkata
CLM0042779,KOL_00369,Esplanade,2025-11-29,18,0,0,0,0,0,0,0,0,0,0.0,0.128644,1,0.0,0,343,2,5,0.6435,0.0156,GREEN,47,Kolkata
CLM0042780,KOL_04320,Esplanade,2024-07-13,15,0,0,0,0,0,0,0,0,0,0.0,0.0,0,0.0,0,211,1,5,0.7852,0.001,GREEN,41,Kolkata
CLM0042781,KOL_06614,Sealdah,2024-07-19,15,0,0,0,0,0,0,0,0,0,0.0,1.0,0,1.0,0,395,0,1,0.6539,0.0,GREEN,29,Kolkata
CLM0042782,KOL_08880,Behala,2024-04-12,8,0,0,0,0,1,0,0,0,0,1.0,0.955953,0,0.0,0,323,0,0,0.7902,0.1853,GREEN,42,Kolkata
CLM0042783,KOL_02709,New Town,2025-03-09,20,0,0,0,0,0,0,0,0,0,0.0,0.33604,0,0.0,0,361,2,4,0.6721,0.0,GREEN,43,Kolkata
CLM0042784,KOL_08782,Tollygunge,2023-09-13,13,0,0,0,0,0,0,0,0,0,0.0,0.94802,0,0.0,0,420,3,5,0.7558,0.0,GREEN,47,Kolkata
CLM0042785,KOL_02750,Esplanade,2024-01-29,21,0,0,0,0,0,0,0,0,0,0.0,0.038258,0,0.0,0,26,3,2,0.6072,0.0,GREEN,32,Kolkata
CLM0042786,KOL_06844,Howrah,2024-12-23,21,0,0,0,0,0,1,0,0,0,0.0,0.391471,0,0.0,0,160,0,2,0.7044,0.157,GREEN,24,Kolkata
CLM0042787,KOL_04742,Sealdah,2024-06-26,15,0,0,0,0,0,1,0,0,0,0.0,0.323629,0,0.0,0,265,1,0,0.8863,0.0045,GREEN,30,Kolkata
CLM0042788,KOL_01041,Sealdah,2025-09-05,21,0,0,0,0,0,1,0,0,0,0.0,0.189257,0,0.0,0,420,0,4,0.1524,0.1095,GREEN,43,Kolkata
CLM0042789,KOL_08754,Garia,2021-10-06,14,0,0,0,0,0,0,0,0,0,0.0,0.28792,0,0.0,0,310,1,4,0.9387,0.0467,GREEN,37,Kolkata
CLM0042790,KOL_05723,Howrah,2020-07-09,16,0,0,0,0,0,0,0,0,0,0.0,1.0,0,0.0,0,370,0,3,0.6298,0.0027,GREEN,29,Kolkata
CLM0042791,KOL_06307,Howrah,2021-09-29,17,0,0,0,0,0,1,0,0,0,1.0,0.194568,0,1.0,0,233,3,0,0.8466,0.3131,YELLOW,22,Kolkata
CLM0042792,KOL_05489,Dum Dum,2022-03-03,20,0,0,0,0,1,0,1,0,0,0.0,0.132893,0,0.0,0,151,3,4,0.98,0.1803,GREEN,43,Kolkata
CLM0042793,KOL_05516,Salt Lake,2025-12-25,21,0,0,0,0,0,0,0,0,0,0.0,1.0,0,0.0,0,21,1,3,0.8998,0.0,GREEN,26,Kolkata
CLM0042794,KOL_06748,Behala,2022-08-09,17,0,0,0,0,0,0,0,0,0,0.0,0.056547,0,0.0,0,288,2,2,0.1638,0.0296,GREEN,40,Kolkata
CLM0042795,KOL_06282,Dum Dum,2024-12-03,21,0,0,0,1,1,0,0,0,0,0.0,0.050174,0,0.0,0,407,3,4,0.98,0.3473,YELLOW,24,Kolkata
CLM0042796,KOL_00784,Garia,2020-11-07,13,0,0,0,0,1,0,0,0,0,0.0,0.129105,0,0.0,0,420,1,6,0.8643,0.1234,GREEN,29,Kolkata
CLM0042797,KOL_03666,Park Street,2019-01-08,19,0,0,0,0,0,0,0,0,0,0.0,0.424345,0,0.0,0,420,1,4,0.7266,0.0,GREEN,34,Kolkata
CLM0042798,KOL_02057,Behala,2023-02-01,8,0,0,0,1,0,0,0,0,0,0.0,0.254554,0,0.0,0,52,4,5,0.8243,0.0855,GREEN,22,Kolkata
CLM0042799,KOL_07991,Tollygunge,2020-01-24,19,0,0,0,0,0,0,0,0,0,0.0,0.0,0,0.0,0,127,0,0,0.7736,0.0,GREEN,41,Kolkata
CLM0042800,KOL_03946,New Town,2024-05-27,14,0,0,0,0,0,0,0,0,0,0.0,0.1487,0,0.0,0,221,3,2,0.7322,0.0093,GREEN,45,Kolkata
CLM0042801,KOL_00645,Howrah,2024-08-23,13,0,0,0,0,0,0,0,1,0,1.0,0.940675,0,1.0,0,210,1,0,0.7343,0.0458,GREEN,26,Kolkata
CLM0042802,KOL_07698,Esplanade,2025-06-20,21,0,0,0,0,0,0,0,0,0,0.0,0.084421,0,0.0,0,107,1,2,0.9026,0.0767,GREEN,51,Kolkata
CLM0042803,KOL_08698,Salt Lake,2024-07-05,9,0,0,0,0,1,1,1,0,1,1.0,1.0,1,0.0,1,12,1,18,0.1526,0.0033,GREEN,44,Kolkata
CLM0042804,KOL_02176,Garia,2025-03-17,17,0,0,0,0,0,0,0,0,0,0.0,0.05525,0,0.0,0,420,2,0,0.8043,0.0209,GREEN,32,Kolkata
CLM0042805,KOL_02578,Tollygunge,2023-07-12,20,0,0,0,0,0,0,0,0,0,0.0,0.42964,0,0.0,0,275,4,1,0.7184,0.0,GREEN,38,Kolkata
CLM0042806,KOL_00522,Salt Lake,2023-07-17,15,0,0,0,0,1,0,0,0,0,0.0,0.375357,1,0.0,0,176,1,1,0.7834,0.1586,GREEN,42,Kolkata
CLM0042807,KOL_07684,Salt Lake,2025-05-31,21,0,0,0,0,0,0,0,0,0,0.0,0.295011,0,0.0,0,242,1,3,0.8661,0.0098,GREEN,29,Kolkata
CLM0042808,KOL_08913,Dum Dum,2024-10-11,17,0,1,1,0,0,0,0,0,0,0.0,1.0,0,0.0,0,242,4,1,0.8248,0.0,GREEN,19,Kolkata
CLM0042809,KOL_02467,New Town,2024-03-22,10,0,0,0,0,0,0,0,0,0,1.0,0.276045,0,0.0,0,387,1,0,0.98,0.1061,GREEN,21,Kolkata
CLM0042810,KOL_03885,Behala,2025-05-02,21,0,0,0,0,0,1,0,0,0,0.0,0.297655,0,0.0,0,122,0,0,0.9641,0.1134,GREEN,18,Kolkata
CLM0042811,KOL_03999,Dum Dum,2022-08-08,10,0,1,1,0,0,0,0,0,0,0.0,1.0,0,0.0,0,307,4,0,0.98,0.0031,GREEN,25,Kolkata
CLM0042812,KOL_05168,Salt Lake,2024-08-12,15,0,0,0,0,0,0,0,0,0,1.0,0.231799,0,0.0,0,307,3,0,0.6799,0.1252,GREEN,31,Kolkata
CLM0042813,KOL_09014,Tollygunge,2024-05-10,20,0,0,0,0,0,0,0,0,0,0.0,0.241448,0,0.0,0,5,2,6,0.8293,0.0116,GREEN,19,Kolkata
CLM0042814,KOL_04236,Park Street,2024-09-18,14,0,0,0,0,0,0,0,1,0,0.0,0.106203,0,0.0,0,269,1,1,0.8073,0.2344,GREEN,29,Kolkata
CLM0042815,KOL_07824,Dum Dum,2025-07-05,8,0,0,0,0,0,0,0,0,0,0.0,0.452006,0,0.0,0,315,2,0,0.4034,0.0081,GREEN,37,Kolkata
CLM0042816,KOL_00190,Dum Dum,2025-02-25,13,0,0,0,0,0,0,0,0,0,1.0,0.004129,0,0.0,0,244,0,1,0.7258,0.1133,GREEN,50,Kolkata
CLM0042817,KOL_05143,Esplanade,2025-09-18,21,0,0,0,0,0,0,0,0,0,0.0,0.305859,0,0.0,0,279,0,4,0.7047,0.0,GREEN,34,Kolkata
CLM0042818,KOL_01873,Howrah,2025-05-24,13,0,0,0,0,0,1,0,1,0,0.0,0.095513,0,0.0,0,261,3,1,0.5141,0.1864,GREEN,47,Kolkata
CLM0042819,KOL_07504,Park Street,2022-10-04,13,0,0,0,0,0,0,0,0,0,0.0,0.250898,0,0.0,0,356,2,6,0.8429,0.0,GREEN,35,Kolkata
CLM0042820,KOL_03664,Garia,2025-01-11,20,0,0,0,0,0,0,0,0,0,0.0,0.185242,0,0.0,0,50,4,0,0.1487,0.0132,GREEN,29,Kolkata
CLM0042821,KOL_08395,Park Street,2025-02-11,17,0,0,0,0,0,0,0,1,0,0.0,0.264116,0,0.0,0,35,2,0,0.9156,0.0697,GREEN,29,Kolkata
CLM0042822,KOL_09393,Esplanade,2020-06-20,19,0,0,0,0,0,0,0,0,0,0.0,0.978098,0,0.0,0,188,4,0,0.98,0.0,GREEN,41,Kolkata
CLM0042823,KOL_03032,Sealdah,2021-06-09,10,0,0,0,0,0,0,0,0,0,0.0,0.112639,0,0.0,0,420,3,0,0.7912,0.0728,GREEN,46,Kolkata
CLM0042824,KOL_02482,Sealdah,2022-08-06,13,0,0,0,1,0,1,0,0,0,0.0,0.347592,0,0.0,1,251,3,3,0.964,0.2978,GREEN,35,Kolkata
CLM0042825,KOL_08443,New Town,2024-03-22,21,0,0,0,0,0,0,0,0,0,0.0,0.045116,0,0.0,0,67,4,3,0.5057,0.023,GREEN,44,Kolkata
CLM0042826,KOL_09226,Park Street,2025-05-16,11,0,0,0,0,0,0,0,0,0,0.0,0.013068,1,0.0,0,420,4,1,0.7831,0.1245,GREEN,35,Kolkata
CLM0042827,KOL_05528,Sealdah,2025-07-14,16,0,1,1,1,0,0,0,0,0,0.0,0.307318,0,0.0,0,45,0,3,0.1223,0.2005,GREEN,31,Kolkata
CLM0042828,KOL_02036,Tollygunge,2024-08-19,21,0,0,0,0,0,0,1,0,0,0.0,0.311325,0,0.0,0,420,3,1,0.7261,0.1147,GREEN,63,Kolkata
CLM0042829,KOL_03867,Dum Dum,2025-09-18,21,0,0,0,0,0,0,0,0,0,0.0,0.070144,0,0.0,0,127,0,2,0.7284,0.0,GREEN,36,Kolkata
CLM0042830,KOL_06686,Howrah,2017-02-03,7,0,0,0,0,0,0,0,0,0,0.0,0.126622,0,0.0,0,52,3,2,0.98,0.0246,GREEN,19,Kolkata
CLM0042831,KOL_04242,Salt Lake,2023-01-15,16,0,0,0,0,0,0,1,0,0,1.0,1.0,0,0.0,0,167,0,2,0.5859,0.1042,GREEN,32,Kolkata
CLM0042832,KOL_00281,Howrah,2020-03-03,8,0,0,0,0,0,0,0,0,0,0.0,0.030325,0,0.0,0,417,3,0,0.05,0.0,GREEN,34,Kolkata
CLM0042833,KOL_07875,Howrah,2019-12-02,7,0,0,0,0,0,0,0,0,0,0.0,0.205867,0,0.0,0,383,2,0,0.5914,0.0,GREEN,31,Kolkata
CLM0042834,KOL_09167,Garia,2021-06-13,9,0,0,0,0,0,0,0,0,0,0.0,1.0,0,0.0,0,191,2,0,0.8453,0.0561,GREEN,31,Kolkata
CLM0042835,KOL_09950,Tollygunge,2020-10-15,16,0,0,0,0,0,0,0,0,0,1.0,0.120204,0,0.0,0,420,3,5,0.6281,0.1477,GREEN,59,Kolkata
CLM0042836,KOL_03788,Sealdah,2024-08-30,14,0,0,0,1,0,0,0,0,0,0.0,0.111257,0,0.0,0,336,1,0,0.6348,0.1287,GREEN,54,Kolkata
CLM0042837,KOL_01972,Salt Lake,2017-10-10,18,0,1,1,0,0,0,0,0,0,0.0,0.297101,0,0.0,0,376,4,0,0.6302,0.0088,GREEN,29,Kolkata
CLM0042838,KOL_03388,Salt Lake,2016-12-21,7,0,0,0,1,0,0,0,0,0,0.0,0.306361,1,0.0,0,220,1,2,0.4265,0.2637,GREEN,40,Kolkata
CLM0042839,KOL_06522,Behala,2016-03-30,19,0,0,0,0,0,0,0,0,0,0.0,0.014961,0,0.0,0,121,0,2,0.7435,0.0,GREEN,25,Kolkata
CLM0042840,KOL_01369,Garia,2022-06-27,11,0,0,0,1,0,0,0,0,0,1.0,0.946919,0,1.0,0,406,2,6,0.1792,0.2074,GREEN,35,Kolkata
CLM0042841,KOL_08107,Salt Lake,2024-10-24,20,0,0,0,0,0,0,0,0,0,0.0,0.274456,0,0.0,0,120,3,3,0.9537,0.028,GREEN,42,Kolkata
CLM0042842,KOL_08196,Esplanade,2018-06-28,19,0,0,0,0,0,1,0,0,0,0.0,0.031918,0,0.0,0,341,0,6,0.98,0.0879,GREEN,27,Kolkata
CLM0042843,KOL_06543,Tollygunge,2022-04-28,20,0,1,1,0,0,0,0,0,0,0.0,0.29856,0,0.0,0,108,2,1,0.6726,0.0,GREEN,39,Kolkata
CLM0042844,KOL_07333,Howrah,2018-08-21,8,0,0,0,0,0,0,0,0,0,0.0,0.123801,0,0.0,0,420,2,0,0.1574,0.0,GREEN,27,Kolkata
CLM0042845,KOL_01933,Garia,2018-02-23,9,0,0,0,0,0,1,0,0,0,1.0,0.106327,0,0.0,0,25,4,7,0.7267,0.1776,GREEN,33,Kolkata
CLM0042846,KOL_03829,Dum Dum,2022-10-31,21,0,0,0,0,0,0,1,0,0,0.0,0.151943,0,0.0,0,322,0,1,0.1971,0.1198,GREEN,30,Kolkata
CLM0042847,KOL_05066,Salt Lake,2017-01-28,19,0,0,0,0,0,0,0,0,0,0.0,0.0,0,0.0,0,195,3,3,0.98,0.0,GREEN,32,Kolkata
CLM0042848,KOL_03055,New Town,2022-07-25,14,0,0,0,0,0,0,0,0,0,0.0,1.0,0,0.0,0,221,1,3,0.9435,0.088,GREEN,45,Kolkata
CLM0042849,KOL_02304,New Town,2025-01-20,14,0,0,0,0,0,0,0,0,0,0.0,0.177964,0,0.0,0,130,1,3,0.6609,0.0343,GREEN,46,Kolkata
CLM0042850,KOL_03817,Garia,2016-12-17,21,0,0,0,0,0,0,0,1,0,0.0,0.350062,0,0.0,0,364,2,2,0.8248,0.0355,GREEN,31,Kolkata
CLM0042851,KOL_02863,Dum Dum,2025-02-17,12,0,0,0,0,0,0,0,0,0,1.0,0.164661,0,0.0,0,420,0,2,0.8212,0.0249,GREEN,47,Kolkata
CLM0042852,KOL_00841,Esplanade,2025-04-16,7,0,0,0,0,0,0,0,0,0,0.0,0.098205,0,0.0,0,301,2,4,0.5524,0.026,GREEN,50,Kolkata
CLM0042853,KOL_03412,Tollygunge,2023-08-13,10,0,0,0,0,1,0,0,0,0,0.0,0.056155,1,0.0,0,83,2,0,0.6872,0.1718,GREEN,36,Kolkata
CLM0042854,KOL_00710,Behala,2023-12-09,20,0,0,0,0,0,0,0,0,0,0.0,0.027367,0,0.0,0,349,4,3,0.8996,0.0251,GREEN,35,Kolkata
CLM0042855,KOL_02919,Salt Lake,2025-12-11,20,0,0,0,0,0,0,0,0,0,0.0,0.289528,0,0.0,0,276,2,3,0.5194,0.0,GREEN,39,Kolkata
CLM0042856,KOL_02085,Garia,2024-07-04,20,0,0,0,1,0,0,0,0,0,0.0,0.0,0,0.0,0,380,0,6,0.7166,0.2398,GREEN,33,Kolkata
CLM0042857,KOL_03313,Park Street,2025-05-19,13,0,0,0,0,0,0,0,0,0,0.0,0.372294,0,0.0,0,420,3,0,0.9207,0.0487,GREEN,50,Kolkata
CLM0042858,KOL_01482,Esplanade,2024-05-08,14,0,0,0,0,0,0,0,0,0,0.0,0.354161,0,0.0,0,410,2,0,0.8022,0.1075,GREEN,37,Kolkata
CLM0042859,KOL_07670,New Town,2022-02-02,16,0,0,0,0,0,0,0,0,1,0.0,0.124919,0,1.0,0,381,4,0,0.6516,0.2453,GREEN,44,Kolkata
CLM0042860,KOL_07114,Garia,2025-08-31,13,0,1,1,0,0,0,0,0,0,1.0,0.000989,0,0.0,0,420,4,5,0.5936,0.0,GREEN,50,Kolkata
CLM0042861,KOL_01094,Dum Dum,2018-03-16,20,0,0,0,0,0,0,0,0,0,0.0,0.214262,0,0.0,0,177,3,3,0.6117,0.0,GREEN,29,Kolkata
CLM0042862,KOL_01823,Park Street,2022-05-18,20,0,0,0,0,0,0,0,0,0,0.0,0.228358,0,0.0,0,375,2,2,0.4419,0.0468,GREEN,47,Kolkata
CLM0042863,KOL_06161,Esplanade,2019-07-21,16,0,0,0,0,0,1,1,0,0,0.0,0.151048,0,0.0,0,265,2,2,0.4886,0.2511,GREEN,34,Kolkata
CLM0042864,KOL_03375,Behala,2017-08-02,17,0,0,0,0,0,0,0,0,1,0.0,0.03557,0,0.0,0,80,1,0,0.7995,0.1524,GREEN,40,Kolkata
CLM0042865,KOL_07890,Tollygunge,2022-04-27,9,0,0,0,0,0,0,0,0,0,0.0,0.233815,1,0.0,0,420,0,5,0.593,0.131,GREEN,36,Kolkata
CLM0042866,KOL_02566,Esplanade,2023-12-13,14,0,0,0,0,0,0,0,0,0,0.0,0.086104,0,0.0,0,86,0,0,0.98,0.0309,GREEN,29,Kolkata
CLM0042867,KOL_05263,Salt Lake,2022-12-08,18,0,0,0,0,0,0,1,0,0,0.0,0.243596,0,0.0,0,76,3,5,0.9217,0.0621,GREEN,43,Kolkata
CLM0042868,KOL_00591,Behala,2023-10-08,21,0,0,0,0,0,0,0,0,0,0.0,0.210138,0,0.0,0,286,2,0,0.4871,0.0193,GREEN,42,Kolkata
CLM0042869,KOL_08566,Salt Lake,2024-07-29,19,0,0,0,1,0,0,0,1,0,0.0,0.08366,0,0.0,0,57,0,2,0.98,0.2157,GREEN,25,Kolkata
CLM0042870,KOL_07227,Howrah,2022-04-07,16,0,0,0,0,0,0,0,0,1,0.0,0.191153,0,0.0,1,200,4,3,0.9631,0.1676,GREEN,19,Kolkata
CLM0042871,KOL_03704,Esplanade,2022-06-11,21,0,0,0,0,0,0,0,0,0,0.0,0.206408,0,0.0,0,190,1,0,0.5365,0.0,GREEN,30,Kolkata
CLM0042872,KOL_09463,Howrah,2023-07-23,10,0,0,0,0,0,0,0,0,0,1.0,0.243597,0,0.0,0,298,0,1,0.5875,0.035,GREEN,33,Kolkata
CLM0042873,KOL_04455,New Town,2025-03-28,18,0,0,0,0,0,0,0,0,1,0.0,0.918902,0,0.0,0,26,3,2,0.0777,0.0919,GREEN,34,Kolkata
CLM0042874,KOL_05280,Tollygunge,2023-12-01,17,0,0,0,0,0,0,0,0,0,0.0,0.21395,0,0.0,0,420,0,1,0.8323,0.0617,GREEN,49,Kolkata
CLM0042875,KOL_00717,Sealdah,2022-10-26,11,0,0,0,0,0,1,0,0,0,1.0,0.206405,0,0.0,0,420,3,0,0.98,0.1802,GREEN,28,Kolkata
CLM0042876,KOL_07411,Tollygunge,2018-12-21,20,0,1,1,0,0,0,0,0,0,0.0,0.927351,0,0.0,0,420,1,5,0.5603,0.0,GREEN,21,Kolkata
CLM0042877,KOL_09336,Behala,2019-04-17,20,0,0,0,0,0,0,0,0,0,0.0,0.340133,0,0.0,0,375,4,0,0.9043,0.0263,GREEN,34,Kolkata
CLM0042878,KOL_00206,Esplanade,2025-02-06,16,0,0,0,0,0,0,0,0,1,1.0,0.378081,0,0.0,0,88,2,1,0.6981,0.2025,GREEN,46,Kolkata
CLM0042879,KOL_08658,Tollygunge,2022-09-13,19,0,0,0,0,0,1,0,0,0,0.0,0.029439,0,0.0,0,218,4,5,0.7109,0.0647,GREEN,36,Kolkata
CLM0042880,KOL_09700,Garia,2022-11-06,20,0,0,0,1,0,0,0,1,0,0.0,0.158037,0,0.0,0,75,3,3,0.6355,0.146,GREEN,32,Kolkata
CLM0042881,KOL_05889,Dum Dum,2025-01-26,7,0,0,0,0,0,0,0,0,0,1.0,0.098153,0,0.0,0,271,1,1,0.8784,0.149,GREEN,33,Kolkata
CLM0042882,KOL_01721,Garia,2020-12-19,18,0,0,0,0,0,0,0,0,0,0.0,0.146621,0,0.0,1,356,2,1,0.05,0.0243,GREEN,23,Kolkata
CLM0042883,KOL_00941,Park Street,2025-07-19,9,0,0,0,0,0,1,0,0,0,0.0,0.36747,0,0.0,0,122,0,0,0.1546,0.065,GREEN,54,Kolkata
CLM0042884,KOL_04572,Howrah,2020-12-25,11,0,0,0,0,0,0,1,1,1,0.0,0.117263,0,0.0,0,93,3,0,0.9332,0.2916,GREEN,41,Kolkata
CLM0042885,KOL_03045,Dum Dum,2020-08-15,10,0,0,0,0,0,0,0,0,0,1.0,0.0,0,0.0,0,112,2,0,0.6987,0.1274,GREEN,35,Kolkata
CLM0042886,KOL_03050,Park Street,2023-08-25,14,0,0,0,0,0,0,0,0,0,0.0,0.387904,0,0.0,0,362,0,4,0.6299,0.0,GREEN,48,Kolkata
CLM0042887,KOL_00012,Tollygunge,2025-12-23,17,0,0,0,0,0,0,0,0,0,0.0,0.248955,0,0.0,0,309,3,1,0.4899,0.0752,GREEN,37,Kolkata
CLM0042888,KOL_09640,Howrah,2019-02-01,7,0,0,0,0,0,0,0,0,0,0.0,0.106725,0,0.0,0,172,0,4,0.7994,0.0,GREEN,44,Kolkata
CLM0042889,KOL_03047,Park Street,2025-04-14,18,0,0,0,0,0,1,0,0,0,0.0,0.282956,0,0.0,0,365,3,4,0.4752,0.1103,GREEN,22,Kolkata
CLM0042890,KOL_04062,Park Street,2023-05-27,10,0,0,0,0,0,0,0,1,0,1.0,1.0,0,1.0,0,29,1,4,0.98,0.1892,GREEN,32,Kolkata
CLM0042891,KOL_04150,Tollygunge,2021-10-03,11,0,0,0,0,0,0,0,0,0,0.0,0.24562,0,0.0,0,268,3,0,0.943,0.0,GREEN,37,Kolkata
CLM0042892,KOL_04942,Howrah,2023-03-30,13,0,1,1,0,0,0,0,0,0,0.0,0.141746,0,0.0,0,172,0,0,0.9604,0.0508,GREEN,18,Kolkata
CLM0042893,KOL_08562,Behala,2022-12-01,13,0,0,0,0,0,0,0,0,0,0.0,1.0,0,0.0,0,354,4,0,0.5234,0.0,GREEN,43,Kolkata
CLM0042894,KOL_02584,Behala,2023-02-08,12,0,0,0,1,0,0,0,0,0,0.0,0.069908,0,0.0,0,106,4,4,0.7915,0.1611,GREEN,30,Kolkata
CLM0042895,KOL_00320,Sealdah,2023-10-31,20,0,0,0,0,0,0,1,0,0,0.0,0.126056,0,0.0,0,70,3,1,0.9717,0.1744,GREEN,34,Kolkata
CLM0042896,KOL_05333,Behala,2025-07-21,12,0,0,0,0,0,1,0,0,0,0.0,0.353094,0,0.0,0,80,0,0,0.98,0.0178,GREEN,38,Kolkata
CLM0042897,KOL_03503,Esplanade,2025-05-31,11,0,0,0,0,0,0,0,0,0,0.0,0.336124,0,0.0,0,185,0,0,0.7465,0.0,GREEN,38,Kolkata
CLM0042898,KOL_09712,Tollygunge,2024-10-05,14,0,0,0,0,0,0,0,0,0,0.0,0.172534,0,0.0,0,364,4,5,0.9648,0.0029,GREEN,34,Kolkata
CLM0042899,KOL_05484,Garia,2021-09-17,21,0,0,0,0,0,0,0,1,1,0.0,0.054343,0,0.0,0,266,3,3,0.5194,0.138,GREEN,35,Kolkata
CLM0042900,KOL_08236,Howrah,2024-09-27,16,0,0,0,0,0,0,0,0,0,0.0,0.907449,0,1.0,0,377,4,7,0.6634,0.0592,GREEN,28,Kolkata
CLM0042901,KOL_07340,Dum Dum,2021-03-15,16,0,0,0,0,0,0,0,0,0,1.0,0.899603,0,1.0,0,79,3,5,0.3044,0.0,GREEN,40,Kolkata
CLM0042902,KOL_07060,Salt Lake,2024-08-12,20,0,0,0,0,0,0,0,0,0,0.0,0.200373,0,0.0,0,420,4,4,0.6403,0.0568,GREEN,25,Kolkata
CLM0042903,KOL_06428,Behala,2025-09-16,14,0,0,0,0,0,0,0,0,0,1.0,0.183418,0,0.0,0,250,3,3,0.98,0.0,GREEN,52,Kolkata
CLM0042904,KOL_07541,Esplanade,2023-05-24,19,0,0,0,0,0,1,0,0,0,0.0,0.279999,0,1.0,0,309,4,1,0.4947,0.0885,GREEN,18,Kolkata
CLM0042905,KOL_04576,Esplanade,2021-11-12,16,0,0,0,0,1,0,0,0,0,1.0,0.959967,0,0.0,0,166,3,0,0.7439,0.1508,GREEN,58,Kolkata
CLM0042906,KOL_00524,Park Street,2022-06-21,13,0,0,0,0,0,0,0,0,0,0.0,0.213514,1,0.0,1,420,1,0,0.6876,0.2191,GREEN,32,Kolkata
CLM0042907,KOL_02512,Sealdah,2024-06-11,14,0,0,0,0,0,1,0,0,0,0.0,0.353844,0,0.0,0,50,3,4,0.939,0.0792,GREEN,27,Kolkata
CLM0042908,KOL_03449,Howrah,2022-12-22,17,0,0,0,0,1,0,0,0,0,0.0,0.110281,0,0.0,0,402,2,2,0.3919,0.1181,GREEN,43,Kolkata
CLM0042909,KOL_04796,Garia,2022-12-24,16,0,0,0,0,0,0,0,0,0,0.0,0.326173,0,0.0,0,314,3,2,0.9048,0.0714,GREEN,33,Kolkata
CLM0042910,KOL_00141,New Town,2025-04-20,11,0,0,0,0,0,0,0,0,0,1.0,0.014654,0,0.0,0,335,2,3,0.98,0.0167,GREEN,32,Kolkata
CLM0042911,KOL_00809,Garia,2024-11-25,14,0,0,0,0,0,0,0,0,0,1.0,0.288109,0,0.0,0,277,2,0,0.8245,0.0295,GREEN,29,Kolkata
CLM0042912,KOL_01925,Sealdah,2023-05-12,20,0,0,0,0,0,0,0,0,0,0.0,0.0,0,0.0,0,329,3,5,0.5337,0.0103,GREEN,32,Kolkata
CLM0042913,KOL_01671,Howrah,2025-08-04,11,0,0,0,0,0,0,0,0,0,0.0,1.0,0,0.0,0,420,3,1,0.4792,0.0746,GREEN,34,Kolkata
CLM0042914,KOL_04514,Dum Dum,2022-04-10,9,0,0,0,0,0,0,0,0,0,0.0,0.0,0,0.0,1,85,2,3,0.4378,0.0898,GREEN,25,Kolkata
CLM0042915,KOL_00242,Dum Dum,2020-04-24,15,0,0,0,0,0,0,1,0,0,0.0,0.009812,0,0.0,0,104,3,1,0.566,0.0182,GREEN,31,Kolkata
CLM0042916,KOL_00997,Sealdah,2024-10-30,8,0,0,0,0,0,1,0,0,0,0.0,0.176213,0,0.0,0,236,2,1,0.9182,0.0879,GREEN,30,Kolkata
CLM0042917,KOL_06671,Park Street,2021-04-06,15,0,0,0,0,0,0,0,0,0,0.0,0.191074,0,0.0,0,87,1,2,0.2246,0.0,GREEN,35,Kolkata
CLM0042918,KOL_06741,Sealdah,2020-06-23,16,0,0,0,0,0,0,0,0,0,0.0,0.432666,0,1.0,0,420,2,5,0.5644,0.0084,GREEN,38,Kolkata
CLM0042919,KOL_01342,Sealdah,2020-10-04,13,0,0,0,0,0,0,0,0,0,0.0,0.090408,0,0.0,0,355,0,1,0.98,0.0274,GREEN,46,Kolkata
CLM0042920,KOL_07145,Dum Dum,2019-06-21,16,0,0,0,0,0,0,0,0,0,0.0,0.984661,0,0.0,0,362,0,0,0.7584,0.0,GREEN,43,Kolkata
CLM0042921,KOL_04652,Howrah,2021-07-16,12,0,0,0,0,0,0,0,0,0,0.0,0.006751,0,0.0,0,364,2,1,0.889,0.0265,GREEN,43,Kolkata
CLM0042922,KOL_01030,Tollygunge,2025-07-11,14,0,0,0,0,0,0,0,0,0,0.0,0.340568,0,0.0,0,183,2,2,0.6969,0.0986,GREEN,33,Kolkata
CLM0042923,KOL_03797,Tollygunge,2025-05-03,13,0,0,0,0,0,0,0,0,0,0.0,0.0,0,0.0,0,73,1,0,0.9591,0.0,GREEN,36,Kolkata
CLM0042924,KOL_05871,Dum Dum,2024-09-05,7,0,0,0,0,0,0,1,0,0,0.0,0.11472,0,0.0,0,420,2,3,0.8136,0.0396,GREEN,64,Kolkata
CLM0042925,KOL_02286,Tollygunge,2025-04-25,19,0,0,0,0,0,0,0,0,0,0.0,0.08075,0,0.0,0,66,0,5,0.6818,0.0,GREEN,37,Kolkata
CLM0042926,KOL_07897,Howrah,2025-04-26,21,0,0,0,0,0,0,1,0,0,0.0,0.110905,0,0.0,0,157,1,6,0.6573,0.0307,GREEN,33,Kolkata
CLM0042927,KOL_04305,Salt Lake,2025-10-07,19,0,0,0,0,0,0,0,0,0,0.0,0.306667,0,0.0,0,420,4,2,0.7256,0.01,GREEN,37,Kolkata
CLM0042928,KOL_04652,Howrah,2024-08-02,12,0,0,0,0,0,0,1,0,0,0.0,1.0,0,0.0,0,43,2,4,0.1799,0.1445,GREEN,43,Kolkata
CLM0042929,KOL_09295,Howrah,2025-08-06,13,0,0,0,0,0,0,0,0,0,0.0,0.045696,0,0.0,0,252,1,5,0.974,0.0,GREEN,54,Kolkata
CLM0042930,KOL_05097,Tollygunge,2023-10-01,7,0,0,0,0,0,0,0,0,0,0.0,0.226865,0,0.0,0,420,0,0,0.6218,0.0,GREEN,55,Kolkata
CLM0042931,KOL_06190,Park Street,2024-09-27,20,0,0,0,0,0,0,0,0,0,0.0,0.08712,0,0.0,0,370,4,2,0.98,0.0675,GREEN,33,Kolkata
CLM0042932,KOL_05583,Sealdah,2023-10-21,11,0,0,0,0,0,0,0,0,0,0.0,0.177795,0,0.0,0,304,3,8,0.795,0.1118,GREEN,40,Kolkata
CLM0042933,KOL_08543,Dum Dum,2021-10-05,10,0,0,0,0,0,0,0,1,0,0.0,0.291068,0,0.0,0,420,0,2,0.2171,0.1424,GREEN,28,Kolkata
CLM0042934,KOL_00829,Salt Lake,2019-11-30,13,0,0,0,0,0,1,0,0,0,0.0,0.906026,0,0.0,0,329,2,4,0.7289,0.0789,GREEN,37,Kolkata
CLM0042935,KOL_00433,Dum Dum,2022-08-29,14,0,0,0,0,0,0,0,0,0,0.0,0.346294,0,0.0,0,308,2,0,0.6702,0.0,GREEN,35,Kolkata
CLM0042936,KOL_02775,Tollygunge,2025-11-07,11,0,0,0,0,0,0,0,0,0,0.0,0.063887,0,0.0,0,147,0,4,0.9728,0.0365,GREEN,19,Kolkata
CLM0042937,KOL_00651,Garia,2021-05-22,9,0,0,0,0,0,0,0,0,0,0.0,0.40632,0,0.0,0,195,4,7,0.8996,0.2371,GREEN,45,Kolkata
CLM0042938,KOL_03259,New Town,2025-01-10,7,0,0,0,0,0,0,0,0,0,1.0,0.137746,0,0.0,0,201,3,2,0.1773,0.0822,GREEN,28,Kolkata
CLM0042939,KOL_08720,Behala,2022-11-27,10,0,0,0,0,0,0,0,0,1,0.0,0.094202,0,1.0,0,61,3,2,0.3582,0.1028,GREEN,51,Kolkata
CLM0042940,KOL_01423,Howrah,2020-11-20,20,0,0,0,0,0,0,0,0,1,0.0,0.168345,0,0.0,0,52,3,4,0.8511,0.0449,GREEN,31,Kolkata
CLM0042941,KOL_03796,Dum Dum,2022-04-20,11,0,0,0,0,0,0,0,0,0,0.0,0.209876,0,0.0,0,178,0,3,0.7565,0.0,GREEN,45,Kolkata
CLM0042942,KOL_03415,Sealdah,2023-09-21,13,0,0,0,0,0,0,0,0,0,0.0,0.842135,0,0.0,0,420,4,2,0.797,0.0,GREEN,20,Kolkata
CLM0042943,KOL_08906,Howrah,2025-08-14,12,0,0,0,0,0,0,0,0,0,0.0,0.124878,0,0.0,0,270,3,1,0.9585,0.0,GREEN,30,Kolkata
CLM0042944,KOL_06904,New Town,2024-01-25,12,0,0,0,0,0,0,0,0,0,0.0,0.038981,0,0.0,0,185,4,0,0.9348,0.0,GREEN,31,Kolkata
CLM0042945,KOL_09253,Sealdah,2023-06-11,19,0,0,0,0,0,0,0,0,0,0.0,0.278463,0,0.0,0,291,3,5,0.7816,0.0311,GREEN,48,Kolkata
CLM0042946,KOL_00611,Garia,2024-02-04,16,0,0,0,0,0,0,0,0,0,0.0,1.0,0,0.0,0,26,4,0,0.6859,0.0199,GREEN,33,Kolkata
CLM0042947,KOL_01337,Garia,2024-04-15,9,0,0,0,0,0,0,0,0,0,0.0,0.128626,0,1.0,0,52,4,2,0.6273,0.0096,GREEN,43,Kolkata
CLM0042948,KOL_08597,Salt Lake,2025-07-04,17,0,0,0,0,0,0,0,0,0,0.0,0.438992,0,0.0,0,251,0,4,0.5099,0.0,GREEN,33,Kolkata
CLM0042949,KOL_07421,Esplanade,2025-06-08,14,0,0,0,0,0,1,0,0,0,0.0,0.096321,1,0.0,0,198,3,3,0.5691,0.1937,GREEN,28,Kolkata
CLM0042950,KOL_02034,New Town,2024-07-29,13,0,0,0,0,0,0,0,0,0,0.0,0.360408,0,0.0,0,420,0,0,0.9651,0.1134,GREEN,18,Kolkata
CLM0042951,KOL_01493,New Town,2025-06-27,20,0,0,0,1,1,0,1,1,1,0.0,1.0,1,0.0,0,16,2,18,0.088,0.1454,GREEN,35,Kolkata
CLM0042952,KOL_02439,Dum Dum,2025-07-30,18,0,0,0,0,0,0,0,0,0,0.0,0.152236,0,1.0,0,55,1,2,0.5388,0.0,GREEN,29,Kolkata
CLM0042953,KOL_08826,Behala,2025-11-22,10,0,0,0,0,0,0,0,0,0,0.0,0.014708,0,0.0,0,368,0,2,0.1293,0.0,GREEN,33,Kolkata
CLM0042954,KOL_01684,Behala,2024-09-30,12,0,0,0,0,0,0,0,0,0,0.0,0.093927,0,0.0,0,327,2,2,0.4284,0.0,GREEN,41,Kolkata
CLM0042955,KOL_05114,Esplanade,2024-05-01,13,0,0,0,0,0,0,0,0,0,1.0,0.0,0,1.0,0,89,0,1,0.6018,0.1027,GREEN,47,Kolkata
CLM0042956,KOL_00161,Tollygunge,2025-08-31,17,0,0,0,0,1,0,0,0,0,0.0,0.247436,0,0.0,0,170,3,3,0.6114,0.0945,GREEN,57,Kolkata
CLM0042957,KOL_02123,Howrah,2020-12-01,8,0,0,0,0,0,0,0,0,0,1.0,0.326511,1,0.0,0,183,2,1,0.7313,0.0,GREEN,36,Kolkata
CLM0042958,KOL_06692,Sealdah,2023-10-20,18,0,0,0,0,0,0,0,1,0,1.0,1.0,0,1.0,0,362,1,1,0.4848,0.0,GREEN,45,Kolkata
CLM0042959,KOL_02966,Howrah,2020-12-02,12,0,0,0,1,0,0,0,0,0,0.0,0.0,0,1.0,0,196,1,0,0.6694,0.205,GREEN,45,Kolkata
CLM0042960,KOL_07646,Behala,2022-10-18,17,0,0,0,0,0,0,0,0,0,0.0,0.130815,0,0.0,0,214,1,5,0.7133,0.145,GREEN,33,Kolkata
CLM0042961,KOL_05106,Dum Dum,2022-11-28,10,0,0,0,0,0,1,0,0,0,0.0,0.191646,0,0.0,0,420,4,2,0.6368,0.047,GREEN,33,Kolkata
CLM0042962,KOL_01098,Tollygunge,2021-10-09,12,0,1,1,0,0,0,0,0,0,0.0,1.0,0,0.0,0,35,1,2,0.2625,0.0238,GREEN,25,Kolkata
CLM0042963,KOL_05736,Salt Lake,2024-05-01,13,0,0,0,0,0,0,0,0,0,0.0,0.26459,0,0.0,0,420,0,2,0.98,0.0,GREEN,38,Kolkata
CLM0042964,KOL_03948,Salt Lake,2020-04-16,18,0,0,0,0,0,1,0,0,0,1.0,1.0,0,1.0,0,253,2,0,0.6044,0.1051,GREEN,20,Kolkata
CLM0042965,KOL_01681,Tollygunge,2024-09-10,10,0,0,0,1,0,0,0,0,0,0.0,0.059439,0,0.0,0,274,4,4,0.98,0.0978,GREEN,50,Kolkata
CLM0042966,KOL_04842,Garia,2020-09-24,13,0,0,0,0,0,0,0,0,0,0.0,0.183421,0,0.0,0,257,0,3,0.3621,0.0,GREEN,48,Kolkata
CLM0042967,KOL_07829,New Town,2025-02-20,18,0,0,0,0,0,0,0,0,0,0.0,0.148785,0,0.0,0,74,4,4,0.05,0.126,GREEN,34,Kolkata
CLM0042968,KOL_03416,Behala,2022-04-23,16,0,0,0,0,0,0,0,0,0,0.0,0.0,0,1.0,0,420,2,1,0.05,0.0,GREEN,35,Kolkata
CLM0042969,KOL_00184,Garia,2023-07-11,10,0,0,0,0,0,0,0,0,0,0.0,0.188602,0,0.0,0,347,4,3,0.9372,0.0,GREEN,38,Kolkata
CLM0042970,KOL_05982,Dum Dum,2020-01-18,11,0,0,0,0,0,0,0,0,0,0.0,0.248314,0,0.0,0,420,0,4,0.5808,0.0,GREEN,44,Kolkata
CLM0042971,KOL_04679,Behala,2021-12-15,8,0,0,0,0,0,0,0,0,0,0.0,0.111683,0,0.0,0,171,3,1,0.4665,0.1037,GREEN,18,Kolkata
CLM0042972,KOL_06776,Salt Lake,2018-03-21,9,0,0,0,0,0,1,0,0,0,0.0,0.318479,0,0.0,0,39,1,0,0.05,0.087,GREEN,54,Kolkata
CLM0042973,KOL_06935,Howrah,2018-04-06,21,0,0,0,0,0,0,0,0,0,0.0,0.164809,0,0.0,0,415,1,0,0.8753,0.0,GREEN,29,Kolkata
CLM0042974,KOL_09681,Sealdah,2016-05-18,12,0,0,0,0,0,0,0,0,0,0.0,0.182314,0,0.0,0,277,4,1,0.7908,0.0216,GREEN,47,Kolkata
CLM0042975,KOL_03235,Park Street,2021-04-15,17,0,0,0,0,0,0,0,0,0,0.0,0.248413,0,0.0,0,250,3,2,0.6107,0.0055,GREEN,44,Kolkata
CLM0042976,KOL_00911,Dum Dum,2017-06-27,9,0,0,0,0,0,0,0,0,0,0.0,0.429682,0,0.0,0,92,0,3,0.05,0.0305,GREEN,47,Kolkata
CLM0042977,KOL_04845,New Town,2025-03-13,18,0,0,0,0,0,0,1,0,0,0.0,0.0,0,0.0,0,416,4,4,0.7958,0.0489,GREEN,23,Kolkata
CLM0042978,KOL_03690,Garia,2024-12-26,7,0,0,0,0,0,0,0,0,0,0.0,0.451323,0,1.0,0,325,0,0,0.6835,0.0666,GREEN,51,Kolkata
CLM0042979,KOL_04489,Dum Dum,2024-04-10,11,0,0,0,0,0,0,0,0,0,0.0,0.943014,0,0.0,0,357,2,8,0.681,0.0,GREEN,47,Kolkata
CLM0042980,KOL_08801,Garia,2025-07-14,14,0,0,0,0,0,0,0,0,0,0.0,0.041124,0,0.0,0,177,4,4,0.5211,0.0308,GREEN,41,Kolkata
CLM0042981,KOL_03939,Garia,2023-11-27,21,0,1,1,1,1,1,1,0,0,0.0,0.089703,0,0.0,0,14,2,18,0.9671,0.2618,GREEN,40,Kolkata
CLM0042982,KOL_06290,Tollygunge,2023-11-23,15,0,0,0,0,0,0,0,0,0,1.0,0.031024,0,0.0,0,254,2,5,0.98,0.0205,GREEN,27,Kolkata
CLM0042983,KOL_00531,Tollygunge,2025-10-22,10,0,0,0,0,0,0,0,1,0,0.0,0.200268,0,0.0,0,420,1,2,0.6422,0.1522,GREEN,43,Kolkata
CLM0042984,KOL_02120,Park Street,2025-07-22,12,0,1,1,0,0,1,1,1,1,1.0,0.21161,0,0.0,0,5,0,18,0.98,0.5246,YELLOW,25,Kolkata
CLM0042985,KOL_04326,Behala,2022-04-25,21,0,1,1,1,0,1,1,1,1,0.0,0.023643,0,0.0,0,16,2,18,0.8601,0.6153,RED,26,Kolkata
CLM0042986,KOL_00411,Salt Lake,2021-08-29,12,0,0,0,0,0,0,0,0,0,0.0,0.385117,0,0.0,0,275,4,3,0.7832,0.0238,GREEN,45,Kolkata
CLM0042987,KOL_06417,Salt Lake,2016-11-01,9,0,0,0,0,0,0,1,0,0,0.0,0.120414,0,1.0,0,420,2,3,0.2428,0.0902,GREEN,29,Kolkata
CLM0042988,KOL_02037,Behala,2022-09-04,18,0,0,0,0,0,0,1,0,0,0.0,0.2091,0,0.0,0,311,0,1,0.05,0.0399,GREEN,44,Kolkata
CLM0042989,KOL_08098,Salt Lake,2024-03-05,10,0,0,0,0,0,0,0,0,0,1.0,0.993279,0,1.0,0,204,3,0,0.6909,0.0,GREEN,31,Kolkata
CLM0042990,KOL_03700,Park Street,2019-02-25,17,0,0,0,0,1,0,0,0,0,1.0,0.285301,0,0.0,1,420,0,1,0.7054,0.285,GREEN,28,Kolkata
CLM0042991,KOL_04107,Park Street,2020-08-10,11,0,0,0,0,0,0,0,0,0,0.0,0.225256,0,0.0,0,25,0,0,0.7795,0.0891,GREEN,37,Kolkata
CLM0042992,KOL_08833,Salt Lake,2016-07-25,8,0,0,0,0,0,1,0,0,0,0.0,0.154875,0,0.0,0,43,4,3,0.6964,0.1149,GREEN,33,Kolkata
CLM0042993,KOL_05000,Sealdah,2016-10-03,10,0,0,0,0,0,0,0,0,0,0.0,0.138098,0,0.0,1,200,1,1,0.7693,0.0716,GREEN,18,Kolkata
CLM0042994,KOL_02859,Salt Lake,2019-07-23,17,0,0,0,0,0,0,0,1,0,0.0,0.158805,0,0.0,0,420,1,0,0.5941,0.0912,GREEN,43,Kolkata
CLM0042995,KOL_01049,Behala,2020-08-08,11,0,0,0,0,0,0,0,0,0,0.0,0.195347,0,0.0,0,37,4,1,0.7079,0.0,GREEN,47,Kolkata
CLM0042996,KOL_04450,New Town,2023-06-05,15,0,0,0,0,0,0,0,0,0,1.0,0.907028,0,1.0,0,157,4,0,0.7343,0.0,GREEN,44,Kolkata
CLM0042997,KOL_01609,Esplanade,2023-03-13,19,0,0,0,0,0,0,1,0,0,1.0,0.182536,0,0.0,0,326,1,2,0.98,0.125,GREEN,18,Kolkata
CLM0042998,KOL_01443,Behala,2025-05-20,18,0,0,0,0,0,0,0,0,0,1.0,0.071559,0,0.0,0,268,1,1,0.9784,0.0,GREEN,47,Kolkata
CLM0042999,KOL_01785,Sealdah,2024-11-20,15,0,0,0,0,0,0,0,0,0,0.0,1.0,0,0.0,0,186,3,4,0.8088,0.0,GREEN,41,Kolkata
CLM0043000,KOL_01567,Sealdah,2024-07-26,21,0,0,0,0,0,0,1,0,0,0.0,0.309839,0,0.0,0,168,1,2,0.7095,0.012,GREEN,32,Kolkata
CLM0043001,KOL_02561,Tollygunge,2025-11-22,7,0,0,0,0,0,0,0,0,0,0.0,0.30151,0,0.0,0,288,2,2,0.6472,0.0,GREEN,27,Kolkata
CLM0043002,KOL_04384,Behala,2025-08-04,18,0,0,0,0,0,0,0,0,1,0.0,0.93896,1,1.0,0,31,4,0,0.4823,0.2451,GREEN,24,Kolkata
CLM0043003,KOL_07301,Garia,2023-07-10,11,0,0,0,0,0,0,0,0,0,0.0,0.330016,0,0.0,0,195,4,0,0.98,0.0,GREEN,18,Kolkata
CLM0043004,KOL_06114,Dum Dum,2023-10-17,20,0,0,0,0,0,0,0,0,0,0.0,0.04924,1,0.0,0,420,1,5,0.8696,0.2553,GREEN,49,Kolkata
CLM0043005,KOL_07982,Tollygunge,2023-04-07,20,0,0,0,0,0,0,0,0,1,0.0,0.02965,0,0.0,0,240,2,0,0.9299,0.1338,GREEN,43,Kolkata
CLM0043006,KOL_09126,Dum Dum,2025-02-09,19,0,0,0,0,0,0,0,0,0,1.0,0.932604,0,0.0,0,252,4,3,0.7973,0.1768,GREEN,22,Kolkata
CLM0043007,KOL_03349,Esplanade,2023-11-28,9,0,0,0,0,0,0,0,0,0,0.0,0.0,0,0.0,1,96,4,1,0.5062,0.0,GREEN,55,Kolkata
CLM0043008,KOL_09564,Garia,2023-12-25,7,0,0,0,0,0,0,0,0,0,0.0,0.355071,0,0.0,0,26,2,2,0.6895,0.0,GREEN,26,Kolkata
CLM0043009,KOL_02960,Howrah,2021-04-15,18,0,0,0,0,0,0,0,0,0,0.0,0.248019,0,0.0,0,59,1,1,0.3145,0.0,GREEN,34,Kolkata
CLM0043010,KOL_08248,Tollygunge,2023-03-03,20,0,0,0,0,0,0,0,0,0,0.0,0.362036,0,0.0,0,94,2,4,0.6987,0.0,GREEN,38,Kolkata
CLM0043011,KOL_08497,Behala,2025-08-14,18,0,0,0,0,0,0,0,0,0,0.0,0.243906,0,0.0,1,236,0,6,0.8517,0.0507,GREEN,18,Kolkata
CLM0043012,KOL_04105,Tollygunge,2024-04-15,11,0,0,0,0,0,0,0,1,0,0.0,0.39399,0,0.0,0,355,2,0,0.9131,0.0712,GREEN,49,Kolkata
CLM0043013,KOL_05665,Behala,2024-05-01,15,0,0,0,0,0,0,0,1,1,0.0,1.0,0,0.0,0,113,1,1,0.858,0.2722,GREEN,30,Kolkata
CLM0043014,KOL_06768,Dum Dum,2023-06-02,19,0,0,0,0,0,0,0,0,0,0.0,0.974227,0,0.0,0,348,4,3,0.6631,0.0,GREEN,35,Kolkata
CLM0043015,KOL_06267,Sealdah,2021-07-03,10,0,0,0,0,0,0,0,0,0,0.0,0.178863,0,0.0,0,420,4,1,0.7088,0.0729,GREEN,19,Kolkata
CLM0043016,KOL_04739,New Town,2024-11-28,12,0,0,0,1,0,0,1,1,0,1.0,0.974695,0,1.0,1,36,2,18,0.472,0.0,GREEN,31,Kolkata
CLM0043017,KOL_08435,Tollygunge,2025-04-06,18,0,0,0,0,0,0,0,0,0,1.0,0.952901,0,1.0,0,165,0,0,0.77,0.0,GREEN,37,Kolkata
CLM0043018,KOL_05319,Salt Lake,2024-05-21,10,0,0,0,0,0,0,0,0,0,0.0,0.039604,0,0.0,0,53,0,0,0.628,0.0265,GREEN,23,Kolkata
CLM0043019,KOL_09245,Park Street,2024-05-05,20,0,0,0,0,0,0,0,0,0,0.0,0.219564,0,0.0,0,59,2,0,0.5524,0.0058,GREEN,45,Kolkata
CLM0043020,KOL_06428,Behala,2022-08-24,20,0,0,0,0,0,0,0,0,0,0.0,0.277961,0,1.0,0,231,3,4,0.2989,0.1046,GREEN,52,Kolkata
CLM0043021,KOL_03454,New Town,2025-08-29,12,0,0,0,1,1,1,1,1,1,0.0,0.200381,0,1.0,0,27,0,13,0.7397,0.0367,GREEN,30,Kolkata
CLM0043022,KOL_01985,Tollygunge,2025-07-24,10,0,0,0,0,0,0,0,0,0,1.0,0.054595,0,0.0,0,5,4,4,0.84,0.0,GREEN,42,Kolkata
CLM0043023,KOL_02917,Garia,2024-10-16,12,0,0,0,0,0,1,1,0,0,1.0,0.272243,0,0.0,0,372,4,1,0.8373,0.1418,GREEN,38,Kolkata
CLM0043024,KOL_07863,Salt Lake,2023-12-11,21,0,0,0,0,0,0,0,0,0,0.0,0.052371,0,0.0,0,420,4,4,0.0911,0.0,GREEN,40,Kolkata
CLM0043025,KOL_01321,Dum Dum,2025-12-18,15,0,0,0,0,0,0,0,0,0,0.0,0.183893,0,0.0,0,156,2,0,0.8109,0.0314,GREEN,18,Kolkata
CLM0043026,KOL_08010,Salt Lake,2024-08-12,18,0,0,0,1,0,0,1,0,0,0.0,0.232842,0,1.0,0,401,2,0,0.8326,0.3253,YELLOW,39,Kolkata
CLM0043027,KOL_06865,Esplanade,2021-06-05,15,0,0,0,0,0,0,0,0,0,0.0,0.022875,0,0.0,0,118,0,2,0.8465,0.0,GREEN,30,Kolkata
CLM0043028,KOL_02706,Howrah,2019-08-24,11,0,0,0,1,1,1,1,1,0,0.0,0.168292,0,1.0,0,10,2,18,0.1287,0.0744,GREEN,54,Kolkata
CLM0043029,KOL_07665,Behala,2018-08-30,21,0,1,1,0,0,0,0,0,0,0.0,0.326637,0,0.0,0,339,3,0,0.5283,0.0291,GREEN,43,Kolkata
CLM0043030,KOL_04014,Behala,2023-09-04,11,0,0,0,0,0,0,0,0,0,0.0,0.109785,0,0.0,0,354,1,1,0.7038,0.0,GREEN,31,Kolkata
CLM0043031,KOL_06218,Esplanade,2022-04-19,13,0,0,0,0,0,0,0,0,0,0.0,0.932024,0,0.0,0,373,0,3,0.7402,0.0,GREEN,45,Kolkata
CLM0043032,KOL_02577,Dum Dum,2021-08-29,17,0,0,0,1,0,0,0,0,0,0.0,0.200314,0,0.0,0,280,3,3,0.5643,0.1542,GREEN,26,Kolkata
CLM0043033,KOL_04316,Salt Lake,2022-09-21,12,0,0,0,0,0,0,0,1,0,0.0,0.011929,0,0.0,0,50,1,7,0.7801,0.1006,GREEN,47,Kolkata
CLM0043034,KOL_04379,Behala,2024-08-30,13,0,0,0,0,0,0,0,0,0,0.0,0.938006,0,0.0,0,9,1,0,0.838,0.0637,GREEN,56,Kolkata
CLM0043035,KOL_01075,Howrah,2023-04-14,14,0,0,0,0,1,1,0,0,1,0.0,0.014917,0,0.0,0,276,2,2,0.931,0.4257,YELLOW,30,Kolkata
CLM0043036,KOL_06232,Dum Dum,2024-05-26,8,0,0,0,0,0,0,0,0,0,1.0,0.951444,0,1.0,0,126,0,4,0.5968,0.0,GREEN,28,Kolkata
CLM0043037,KOL_07715,Dum Dum,2024-09-24,7,0,0,0,0,1,0,1,1,0,0.0,0.932812,0,0.0,0,31,1,8,0.4386,0.0,GREEN,38,Kolkata
CLM0043038,KOL_05219,Park Street,2024-09-16,11,0,0,0,0,0,0,0,0,0,0.0,0.039845,0,0.0,0,218,1,3,0.5839,0.0,GREEN,45,Kolkata
CLM0043039,KOL_02116,Park Street,2024-09-12,16,0,0,0,0,0,0,0,0,0,0.0,0.049412,0,0.0,0,230,1,1,0.8539,0.1354,GREEN,58,Kolkata
CLM0043040,KOL_04386,Park Street,2024-08-27,9,0,0,0,0,0,0,0,0,0,0.0,0.107954,0,0.0,0,87,1,0,0.4705,0.0,GREEN,34,Kolkata
CLM0043041,KOL_01321,Dum Dum,2024-09-20,20,0,0,0,0,0,0,0,0,0,0.0,0.983697,0,0.0,1,329,2,5,0.7338,0.0024,GREEN,18,Kolkata
CLM0043042,KOL_08930,New Town,2025-10-04,15,0,0,0,0,0,0,0,0,0,0.0,0.0,0,0.0,0,420,3,0,0.6525,0.0,GREEN,52,Kolkata
CLM0043043,KOL_00565,Salt Lake,2025-11-21,12,0,0,0,0,1,1,0,0,0,1.0,0.24765,0,0.0,0,341,1,0,0.4,0.1391,GREEN,52,Kolkata
CLM0043044,KOL_01221,Sealdah,2023-03-27,7,0,0,0,0,0,0,0,0,0,1.0,1.0,1,0.0,0,158,3,2,0.05,0.1334,GREEN,36,Kolkata
CLM0043045,KOL_06024,Dum Dum,2025-03-31,10,0,1,1,0,0,0,0,1,0,0.0,0.457616,0,0.0,0,388,3,0,0.4114,0.1648,GREEN,38,Kolkata
CLM0043046,KOL_08480,Salt Lake,2025-08-15,20,0,0,0,0,0,0,0,0,0,1.0,0.342679,0,0.0,0,420,0,2,0.0519,0.1166,GREEN,25,Kolkata
CLM0043047,KOL_01718,Howrah,2024-10-30,17,0,0,0,0,0,1,0,0,0,0.0,0.129926,0,0.0,1,338,2,3,0.4993,0.2697,GREEN,33,Kolkata
CLM0043048,KOL_00314,Dum Dum,2025-06-28,20,0,0,0,0,0,0,0,0,0,0.0,0.11562,0,0.0,0,86,4,1,0.7098,0.0247,GREEN,42,Kolkata
CLM0043049,KOL_06194,Sealdah,2024-08-05,16,0,0,0,0,0,0,0,0,0,0.0,0.323473,0,0.0,0,420,2,7,0.5578,0.0812,GREEN,31,Kolkata
CLM0043050,KOL_07173,New Town,2025-04-30,20,0,0,0,0,0,0,0,0,0,0.0,0.0,0,0.0,0,267,4,3,0.7375,0.0,GREEN,23,Kolkata
CLM0043051,KOL_07672,Dum Dum,2024-10-18,12,0,0,0,0,0,0,0,0,0,0.0,0.120229,0,0.0,0,304,0,8,0.9706,0.0,GREEN,26,Kolkata
CLM0043052,KOL_01416,New Town,2024-10-10,10,0,0,0,0,0,0,0,0,0,1.0,0.108318,1,0.0,0,420,2,0,0.951,0.0918,GREEN,40,Kolkata
CLM0043053,KOL_09208,Dum Dum,2017-03-03,13,0,0,0,0,0,0,0,0,0,0.0,0.130929,0,1.0,0,99,3,4,0.7558,0.0,GREEN,40,Kolkata
CLM0043054,KOL_02061,Behala,2021-04-05,21,0,0,0,1,0,1,0,0,0,1.0,0.25329,0,0.0,0,420,3,2,0.7321,0.2809,GREEN,32,Kolkata
CLM0043055,KOL_06353,Tollygunge,2018-11-13,21,1,0,0,0,0,1,0,0,0,0.0,0.006347,0,0.0,1,272,0,3,0.9191,0.2489,GREEN,39,Kolkata
CLM0043056,KOL_07851,Sealdah,2020-09-22,10,0,0,0,0,0,0,0,1,0,0.0,0.262594,0,0.0,0,190,1,2,0.2202,0.1431,GREEN,31,Kolkata
CLM0043057,KOL_03580,Sealdah,2017-11-14,8,0,0,0,0,0,0,0,0,0,0.0,0.147641,0,0.0,0,420,3,5,0.1635,0.0318,GREEN,28,Kolkata
CLM0043058,KOL_02877,Esplanade,2023-09-05,11,0,0,0,0,0,0,0,0,0,0.0,0.139321,0,0.0,1,129,1,0,0.5727,0.0751,GREEN,34,Kolkata
CLM0043059,KOL_02825,Park Street,2021-07-02,20,0,0,0,0,0,0,1,0,0,0.0,0.150587,0,0.0,0,420,2,1,0.8971,0.0098,GREEN,46,Kolkata
CLM0043060,KOL_02993,Esplanade,2018-09-28,7,0,0,0,0,0,0,0,0,0,0.0,0.0,0,1.0,0,5,1,0,0.7666,0.0,GREEN,57,Kolkata
CLM0043061,KOL_01708,Howrah,2021-03-23,19,0,0,0,0,0,0,0,0,1,1.0,0.983421,0,1.0,0,381,0,5,0.5667,0.1232,GREEN,38,Kolkata
CLM0043062,KOL_06451,Garia,2023-03-29,18,0,0,0,0,0,0,0,0,0,0.0,0.326649,0,0.0,0,326,1,0,0.5617,0.0193,GREEN,59,Kolkata
CLM0043063,KOL_06168,Salt Lake,2022-05-02,13,0,0,0,0,0,0,0,0,0,0.0,0.334443,0,0.0,0,420,2,1,0.8861,0.0687,GREEN,20,Kolkata
CLM0043064,KOL_06698,Howrah,2024-11-10,9,0,0,0,1,1,0,1,1,0,1.0,0.577593,0,1.0,1,34,1,17,0.98,0.028,GREEN,49,Kolkata
CLM0043065,KOL_07035,Behala,2024-11-08,18,0,0,0,1,1,1,1,1,1,1.0,1.0,0,1.0,0,5,4,18,0.2854,0.0,GREEN,48,Kolkata
CLM0043066,KOL_04831,Behala,2021-11-27,17,0,0,0,0,0,0,0,1,0,0.0,0.068488,0,0.0,0,420,1,4,0.1365,0.0444,GREEN,34,Kolkata
CLM0043067,KOL_07667,Esplanade,2025-07-26,21,0,0,0,0,0,0,0,0,0,0.0,0.409996,0,0.0,0,324,4,1,0.8878,0.0,GREEN,47,Kolkata
CLM0043068,KOL_05704,Esplanade,2025-03-07,17,0,0,0,0,0,0,0,0,0,0.0,0.057291,0,0.0,0,115,1,4,0.8023,0.0,GREEN,18,Kolkata
CLM0043069,KOL_02072,Tollygunge,2022-04-26,16,0,0,0,0,0,0,0,0,0,0.0,0.016293,0,0.0,0,276,2,4,0.0941,0.0,GREEN,48,Kolkata
CLM0043070,KOL_01413,Howrah,2025-03-22,12,0,0,0,0,0,0,0,0,0,0.0,0.346472,0,0.0,0,14,4,1,0.5679,0.0,GREEN,33,Kolkata
CLM0043071,KOL_05111,Salt Lake,2023-08-07,7,0,0,0,0,1,0,0,0,0,1.0,0.136812,0,0.0,0,65,4,4,0.9587,0.2927,GREEN,41,Kolkata
CLM0043072,KOL_06144,Behala,2019-04-22,16,0,0,0,0,0,1,0,1,1,0.0,0.17986,0,0.0,0,165,4,0,0.4042,0.2695,GREEN,35,Kolkata
CLM0043073,KOL_02388,Garia,2017-09-24,21,0,1,1,0,0,0,1,0,0,0.0,0.229095,0,0.0,0,99,4,0,0.9606,0.0392,GREEN,20,Kolkata
CLM0043074,KOL_00620,Garia,2022-09-24,13,0,0,0,0,0,0,0,0,0,0.0,0.271663,0,0.0,0,45,1,5,0.98,0.0,GREEN,38,Kolkata
CLM0043075,KOL_07074,Sealdah,2019-07-10,14,0,0,0,0,1,0,1,0,0,0.0,0.307034,0,0.0,0,269,2,3,0.9478,0.1244,GREEN,47,Kolkata
CLM0043076,KOL_00347,Tollygunge,2018-10-05,11,0,0,0,0,0,0,1,0,0,1.0,0.11339,0,0.0,0,40,3,2,0.6418,0.1143,GREEN,44,Kolkata
CLM0043077,KOL_07652,Salt Lake,2017-01-09,14,0,0,0,0,0,0,0,0,0,0.0,0.316398,0,0.0,0,23,4,1,0.4953,0.0133,GREEN,26,Kolkata
CLM0043078,KOL_07653,New Town,2021-06-26,7,0,0,0,0,0,0,0,0,0,0.0,0.987266,0,0.0,0,148,4,0,0.6615,0.0203,GREEN,42,Kolkata
CLM0043079,KOL_03635,Sealdah,2018-09-29,14,0,0,0,0,0,1,0,0,0,0.0,0.066638,0,0.0,0,376,3,1,0.5928,0.2159,GREEN,24,Kolkata
CLM0043080,KOL_00647,Esplanade,2021-05-06,17,0,0,0,0,0,0,0,0,0,0.0,0.459829,0,0.0,0,295,1,0,0.9718,0.0,GREEN,41,Kolkata
CLM0043081,KOL_02136,Park Street,2024-03-29,12,0,0,0,1,0,0,0,0,0,0.0,1.0,0,0.0,0,293,0,2,0.8201,0.1157,GREEN,37,Kolkata
CLM0043082,KOL_08322,Park Street,2017-05-07,20,0,0,0,0,0,0,0,0,0,0.0,0.39775,0,0.0,0,183,2,0,0.9566,0.0,GREEN,50,Kolkata
CLM0043083,KOL_04663,New Town,2023-12-15,17,0,0,0,0,0,0,0,1,0,0.0,0.20388,0,0.0,0,174,0,0,0.1806,0.0866,GREEN,52,Kolkata
CLM0043084,KOL_05260,New Town,2023-07-19,10,0,0,0,0,0,0,0,0,0,0.0,0.132709,0,0.0,0,412,1,6,0.98,0.0,GREEN,48,Kolkata
CLM0043085,KOL_04371,Park Street,2022-05-28,11,0,0,0,0,0,0,0,0,0,0.0,0.278518,0,0.0,0,408,1,1,0.5652,0.0,GREEN,34,Kolkata
CLM0043086,KOL_04347,New Town,2023-01-01,9,0,0,0,0,0,0,0,0,0,1.0,1.0,0,1.0,0,420,0,5,0.4297,0.3922,YELLOW,35,Kolkata
CLM0043087,KOL_00840,Garia,2019-05-12,12,0,0,0,0,0,0,0,0,0,0.0,0.027706,0,0.0,0,364,3,5,0.6575,0.0,GREEN,28,Kolkata
CLM0043088,KOL_03825,Behala,2023-05-10,19,0,0,0,0,0,0,0,0,0,0.0,0.144426,1,0.0,0,64,1,2,0.9476,0.0992,GREEN,18,Kolkata
CLM0043089,KOL_06468,Park Street,2016-09-21,9,0,0,0,0,0,0,0,0,0,0.0,0.134797,0,1.0,0,370,4,3,0.8811,0.0,GREEN,34,Kolkata
CLM0043090,KOL_01250,Esplanade,2017-02-28,17,0,0,0,0,0,0,0,0,0,0.0,0.003665,0,0.0,0,420,1,2,0.5137,0.1394,GREEN,37,Kolkata
CLM0043091,KOL_09092,Dum Dum,2023-05-10,15,0,0,0,0,0,0,0,1,0,0.0,0.446477,0,0.0,0,390,2,2,0.5587,0.0,GREEN,39,Kolkata
CLM0043092,KOL_02473,Tollygunge,2021-07-25,8,0,0,0,1,1,1,1,1,1,0.0,0.124473,1,0.0,0,5,0,18,0.8798,0.0,GREEN,27,Kolkata
CLM0043093,KOL_04176,Esplanade,2025-12-10,12,0,0,0,0,0,0,0,0,0,0.0,0.335254,0,0.0,0,184,2,2,0.7395,0.0392,GREEN,31,Kolkata
CLM0043094,KOL_06763,Howrah,2021-07-06,9,0,0,0,0,0,0,0,0,0,0.0,0.319063,0,0.0,0,197,3,4,0.8727,0.0405,GREEN,43,Kolkata
CLM0043095,KOL_00837,Howrah,2018-09-16,13,0,0,0,0,0,0,0,0,0,0.0,0.182062,0,0.0,0,115,2,7,0.6717,0.0,GREEN,19,Kolkata
CLM0043096,KOL_00883,Park Street,2023-04-18,9,0,1,1,0,0,0,0,1,0,0.0,0.078628,1,0.0,0,235,4,3,0.7025,0.1613,GREEN,25,Kolkata
CLM0043097,KOL_05272,New Town,2024-09-15,17,0,0,0,0,0,0,0,0,0,0.0,0.336052,0,0.0,0,104,1,0,0.8775,0.0,GREEN,55,Kolkata
CLM0043098,KOL_00406,Howrah,2019-07-03,15,0,0,0,0,0,0,0,0,0,0.0,0.333651,0,0.0,0,188,2,0,0.6284,0.0,GREEN,47,Kolkata
CLM0043099,KOL_03492,Garia,2025-01-19,13,0,0,0,0,1,0,0,1,0,0.0,0.278241,1,1.0,0,245,0,5,0.766,0.3322,YELLOW,22,Kolkata
CLM0043100,KOL_08528,Garia,2024-10-23,9,0,0,0,0,0,1,0,0,0,0.0,0.899396,0,0.0,0,368,4,2,0.05,0.1647,GREEN,40,Kolkata
CLM0043101,KOL_08943,Park Street,2022-10-15,8,0,0,0,0,0,0,0,0,0,0.0,0.015108,0,0.0,0,185,2,0,0.98,0.0128,GREEN,18,Kolkata
CLM0043102,KOL_04595,New Town,2021-03-27,7,0,0,0,0,0,0,0,0,0,0.0,0.322931,0,0.0,0,15,2,0,0.9608,0.0435,GREEN,30,Kolkata
CLM0043103,KOL_03841,Tollygunge,2020-06-09,21,0,0,0,0,0,0,0,0,0,0.0,0.078018,0,0.0,0,121,4,3,0.7662,0.0,GREEN,49,Kolkata
CLM0043104,KOL_08714,New Town,2020-10-04,17,0,0,0,0,0,0,0,0,0,0.0,0.266621,0,0.0,0,135,3,2,0.7741,0.0891,GREEN,48,Kolkata
CLM0043105,KOL_05025,Esplanade,2023-02-23,7,0,1,1,1,1,0,1,1,0,1.0,0.628239,0,1.0,1,5,1,15,0.8994,0.6955,RED,33,Kolkata
CLM0043106,KOL_05868,Garia,2024-05-11,15,0,1,1,1,1,1,1,1,1,1.0,0.955251,1,1.0,0,5,2,18,0.3098,0.7923,RED,38,Kolkata
CLM0043107,KOL_05902,Dum Dum,2019-01-11,12,0,1,1,1,1,0,1,1,1,1.0,0.132778,0,1.0,1,13,0,18,0.097,0.766,RED,30,Kolkata
CLM0043108,KOL_00228,Garia,2019-10-30,9,0,0,0,0,0,0,0,0,0,0.0,0.203417,0,0.0,1,173,2,4,0.8155,0.1619,GREEN,36,Kolkata
CLM0043109,KOL_05257,Tollygunge,2023-07-29,17,0,0,0,0,0,0,0,0,0,1.0,0.267485,0,0.0,0,404,1,3,0.8051,0.099,GREEN,32,Kolkata
CLM0043110,KOL_02440,Tollygunge,2025-09-22,19,0,0,0,0,0,0,0,0,0,0.0,0.347199,0,0.0,0,273,3,3,0.8757,0.0025,GREEN,35,Kolkata
CLM0043111,KOL_04670,Garia,2019-02-22,18,0,0,0,0,0,0,0,0,0,1.0,0.878994,0,1.0,0,62,3,1,0.7849,0.0223,GREEN,42,Kolkata
CLM0043112,KOL_02828,Behala,2019-01-13,14,0,0,0,0,0,1,0,0,0,0.0,0.372499,0,0.0,0,240,2,1,0.7482,0.0873,GREEN,36,Kolkata
CLM0043113,KOL_05231,Esplanade,2019-05-25,18,0,0,0,0,0,0,0,0,0,0.0,0.258536,0,0.0,0,201,2,3,0.7579,0.0164,GREEN,51,Kolkata
CLM0043114,KOL_09562,Sealdah,2022-10-23,15,0,0,0,0,0,0,0,0,0,0.0,0.115942,0,0.0,0,420,3,3,0.5471,0.0,GREEN,31,Kolkata
CLM0043115,KOL_04094,Garia,2025-10-24,13,0,0,0,0,0,0,0,1,0,0.0,1.0,0,0.0,0,116,0,0,0.8721,0.1643,GREEN,42,Kolkata
CLM0043116,KOL_05018,Sealdah,2023-11-26,11,0,0,0,0,1,0,1,1,1,0.0,0.987053,0,0.0,1,9,2,18,0.2149,0.0385,GREEN,18,Kolkata
CLM0043117,KOL_02122,Esplanade,2019-06-13,21,0,0,0,0,0,0,0,0,1,0.0,0.355314,0,0.0,0,60,4,3,0.6481,0.0975,GREEN,25,Kolkata
CLM0043118,KOL_05854,Esplanade,2024-06-24,15,0,0,0,1,0,0,0,0,0,0.0,0.026641,0,0.0,0,420,3,0,0.6167,0.1116,GREEN,33,Kolkata
CLM0043119,KOL_04123,Behala,2022-04-03,11,0,0,0,0,0,0,0,0,0,0.0,0.167518,0,0.0,1,315,3,2,0.7895,0.1485,GREEN,41,Kolkata
CLM0043120,KOL_07471,Howrah,2018-07-03,20,0,0,0,0,0,0,0,0,0,0.0,0.95523,0,0.0,0,179,2,0,0.6393,0.0,GREEN,22,Kolkata
CLM0043121,KOL_04946,Garia,2024-12-21,11,0,0,0,0,0,0,0,0,0,0.0,0.018778,0,0.0,0,219,3,5,0.8765,0.0752,GREEN,26,Kolkata
CLM0043122,KOL_08375,Garia,2016-01-17,11,0,0,0,0,0,0,0,0,0,0.0,0.254476,0,0.0,0,420,2,0,0.8837,0.0796,GREEN,40,Kolkata
CLM0043123,KOL_03685,Esplanade,2020-09-03,11,0,0,0,0,0,0,0,0,0,0.0,0.29173,0,0.0,0,341,1,0,0.9338,0.0,GREEN,26,Kolkata
CLM0043124,KOL_03373,Howrah,2019-01-02,7,0,0,0,0,0,0,0,0,0,1.0,0.104884,0,0.0,1,280,3,2,0.6277,0.1561,GREEN,23,Kolkata
CLM0043125,KOL_08090,Garia,2020-12-26,16,0,0,0,0,0,0,0,0,0,1.0,0.072888,0,0.0,0,325,0,1,0.1637,0.0817,GREEN,50,Kolkata
CLM0043126,KOL_03719,Park Street,2016-05-30,19,0,0,0,0,0,0,1,0,0,1.0,0.302718,0,0.0,0,49,2,0,0.6747,0.1472,GREEN,36,Kolkata
CLM0043127,KOL_02045,Salt Lake,2016-05-30,17,0,0,0,0,0,0,0,0,0,1.0,0.982391,0,1.0,0,270,2,2,0.8381,0.0,GREEN,41,Kolkata
CLM0043128,KOL_01640,Dum Dum,2023-04-06,12,0,0,0,0,0,0,0,0,0,0.0,0.224315,0,0.0,0,21,0,0,0.8689,0.0,GREEN,29,Kolkata
CLM0043129,KOL_04430,Esplanade,2025-12-03,21,0,0,0,1,0,0,0,0,0,0.0,1.0,0,0.0,0,265,0,2,0.98,0.207,GREEN,33,Kolkata
CLM0043130,KOL_06265,Park Street,2025-02-28,16,0,0,0,0,1,0,1,1,0,1.0,0.944699,1,1.0,1,39,2,18,0.3274,0.1591,GREEN,41,Kolkata
CLM0043131,KOL_08499,Esplanade,2025-04-10,15,0,0,0,0,0,0,0,0,0,0.0,0.205809,0,0.0,0,420,3,1,0.8676,0.0,GREEN,19,Kolkata
CLM0043132,KOL_01119,Behala,2024-11-08,15,0,0,0,0,0,1,0,0,0,0.0,0.056663,0,0.0,0,5,2,0,0.9338,0.0361,GREEN,45,Kolkata
CLM0043133,KOL_09245,Park Street,2025-02-12,13,0,0,0,0,0,0,1,0,0,0.0,0.181582,0,0.0,0,164,2,5,0.8804,0.049,GREEN,45,Kolkata
CLM0043134,KOL_05272,New Town,2025-01-02,8,0,0,0,0,0,0,0,1,0,0.0,0.021504,0,0.0,0,112,1,5,0.5994,0.1941,GREEN,55,Kolkata
CLM0043135,KOL_02326,Sealdah,2025-12-24,18,0,0,0,0,0,0,0,0,0,0.0,0.172446,0,0.0,0,97,3,0,0.8703,0.0176,GREEN,48,Kolkata
CLM0043136,KOL_09245,Park Street,2021-01-27,17,0,0,0,1,0,0,0,0,0,0.0,0.320179,0,0.0,0,415,1,0,0.8507,0.157,GREEN,45,Kolkata
CLM0043137,KOL_08406,Esplanade,2023-11-15,15,0,0,0,0,0,1,0,0,0,1.0,0.099602,0,0.0,1,279,4,1,0.9218,0.2665,GREEN,23,Kolkata
CLM0043138,KOL_08597,Salt Lake,2022-05-02,13,0,0,0,0,0,0,0,0,0,0.0,0.0,0,0.0,1,420,0,1,0.8535,0.1058,GREEN,33,Kolkata
CLM0043139,KOL_06995,Park Street,2023-03-26,8,0,0,0,0,0,0,0,1,0,0.0,0.292317,0,0.0,0,190,2,0,0.8805,0.1166,GREEN,35,Kolkata
CLM0043140,KOL_01140,Park Street,2021-11-17,17,0,0,0,0,0,0,0,0,0,0.0,0.001131,0,0.0,0,266,3,1,0.8157,0.1217,GREEN,32,Kolkata
CLM0043141,KOL_03690,Garia,2021-08-25,10,0,0,0,0,0,0,0,0,0,0.0,0.117031,0,1.0,0,138,0,4,0.7733,0.0,GREEN,51,Kolkata
CLM0043142,KOL_07617,Esplanade,2024-06-17,12,0,0,0,0,0,0,0,0,0,0.0,0.197628,0,0.0,0,420,4,2,0.2792,0.0826,GREEN,36,Kolkata
CLM0043143,KOL_01941,New Town,2017-12-24,19,0,0,0,0,0,1,0,0,0,0.0,0.381361,0,0.0,0,31,4,2,0.6568,0.193,GREEN,27,Kolkata
CLM0043144,KOL_03306,Tollygunge,2020-04-12,20,0,0,0,0,0,0,0,0,0,0.0,0.415175,0,0.0,0,420,4,3,0.4634,0.0,GREEN,33,Kolkata
CLM0043145,KOL_00712,Behala,2018-02-17,10,0,0,0,0,0,0,0,0,0,1.0,0.39638,0,0.0,0,225,2,3,0.7274,0.0,GREEN,31,Kolkata
CLM0043146,KOL_01063,Salt Lake,2025-01-06,13,0,0,0,0,0,0,0,0,0,0.0,0.932954,0,0.0,0,94,3,2,0.9092,0.0,GREEN,29,Kolkata
CLM0043147,KOL_07955,Sealdah,2023-11-03,14,0,1,1,0,1,0,0,0,0,0.0,0.163249,0,0.0,0,420,1,5,0.8365,0.6488,RED,45,Kolkata
CLM0043148,KOL_02724,Garia,2024-12-19,8,0,1,1,1,1,0,1,1,1,0.0,0.126769,1,0.0,0,5,0,18,0.98,0.7568,RED,50,Kolkata
CLM0043149,KOL_01513,New Town,2022-11-29,10,0,1,1,0,0,0,0,0,0,1.0,0.989382,0,0.0,0,197,2,0,0.98,0.8489,RED,48,Kolkata
CLM0043150,KOL_03968,Howrah,2023-04-07,11,0,1,1,0,1,0,1,1,0,1.0,1.0,1,0.0,1,14,1,10,0.0738,0.47,YELLOW,37,Kolkata
CLM0043151,KOL_05341,Garia,2025-06-01,17,0,0,0,1,0,0,0,0,0,0.0,0.02302,0,0.0,0,285,3,4,0.05,0.1998,GREEN,29,Kolkata
CLM0043152,KOL_08204,Esplanade,2020-04-17,8,0,0,0,0,0,0,0,0,0,0.0,0.277361,0,0.0,0,76,0,6,0.8264,0.0062,GREEN,37,Kolkata
CLM0043153,KOL_00843,Sealdah,2024-12-01,12,0,0,0,0,0,1,0,0,0,0.0,0.120527,0,0.0,0,420,2,3,0.5017,0.0618,GREEN,48,Kolkata
CLM0043154,KOL_06914,New Town,2020-11-27,15,0,0,0,1,0,0,0,0,0,0.0,0.396455,0,0.0,0,420,3,0,0.9653,0.1366,GREEN,42,Kolkata
CLM0043155,KOL_02874,Howrah,2023-07-09,19,0,0,0,0,0,0,0,0,0,1.0,0.994974,0,0.0,0,385,0,4,0.8646,0.0358,GREEN,37,Kolkata
CLM0043156,KOL_00571,Sealdah,2017-11-18,21,0,0,0,0,0,0,0,0,0,0.0,0.202515,0,0.0,0,416,1,5,0.6296,0.021,GREEN,38,Kolkata
CLM0043157,KOL_03751,Garia,2024-12-05,19,0,0,0,0,0,0,0,0,0,0.0,0.403449,0,0.0,0,420,3,1,0.6529,0.0,GREEN,42,Kolkata
CLM0043158,KOL_03606,Esplanade,2024-01-02,13,0,0,0,0,0,0,0,0,0,1.0,0.293716,0,0.0,0,420,1,0,0.7887,0.0615,GREEN,19,Kolkata
CLM0043159,KOL_09382,Park Street,2017-05-21,10,0,0,0,0,0,0,0,0,0,0.0,0.134666,0,0.0,0,213,2,5,0.6112,0.0,GREEN,37,Kolkata
CLM0043160,KOL_06533,Dum Dum,2021-07-08,7,0,0,0,0,0,0,0,0,0,0.0,0.337444,0,0.0,0,420,1,3,0.6171,0.0,GREEN,36,Kolkata
CLM0043161,KOL_00261,Howrah,2022-12-09,12,0,0,0,0,1,1,0,0,0,0.0,0.447722,0,0.0,1,392,3,4,0.1789,0.3635,YELLOW,40,Kolkata
CLM0043162,KOL_00355,Sealdah,2019-02-18,11,0,0,0,0,0,0,0,0,0,0.0,0.095145,0,0.0,0,241,0,0,0.4275,0.0,GREEN,45,Kolkata
CLM0043163,KOL_05666,Salt Lake,2018-08-20,11,0,0,0,0,0,0,0,0,0,1.0,0.0,0,0.0,0,420,2,0,0.5049,0.0617,GREEN,37,Kolkata
CLM0043164,KOL_03549,Park Street,2016-03-24,7,0,0,0,0,0,0,0,0,0,0.0,0.355918,1,0.0,0,363,2,4,0.9251,0.2061,GREEN,24,Kolkata
CLM0043165,KOL_09233,Dum Dum,2024-05-09,16,0,0,0,0,1,0,1,1,1,1.0,0.935098,0,1.0,1,6,2,18,0.8043,0.0634,GREEN,35,Kolkata
CLM0043166,KOL_07511,Tollygunge,2020-12-04,7,0,0,0,0,0,0,0,0,0,0.0,0.05314,0,0.0,0,202,4,0,0.7068,0.0,GREEN,31,Kolkata
CLM0043167,KOL_04944,Garia,2019-09-20,8,0,0,0,0,0,0,0,0,0,0.0,0.960894,0,0.0,0,306,2,0,0.05,0.0,GREEN,27,Kolkata
CLM0043168,KOL_05729,New Town,2022-09-28,21,0,0,0,0,0,0,0,1,0,0.0,0.145074,0,0.0,0,60,4,4,0.1317,0.0483,GREEN,33,Kolkata
CLM0043169,KOL_06793,Dum Dum,2017-01-07,18,0,0,0,0,0,0,0,0,0,0.0,0.053138,0,0.0,0,347,0,2,0.7799,0.0034,GREEN,40,Kolkata
CLM0043170,KOL_09953,Sealdah,2024-04-16,18,0,0,0,0,0,0,0,0,0,1.0,0.0,0,0.0,1,58,1,0,0.9157,0.2257,GREEN,29,Kolkata
CLM0043171,KOL_01905,Howrah,2022-04-04,14,0,0,0,0,0,0,0,0,0,0.0,0.418443,0,0.0,0,413,3,4,0.6741,0.0472,GREEN,41,Kolkata
CLM0043172,KOL_03591,Salt Lake,2016-11-28,10,0,0,0,0,0,0,0,0,0,0.0,0.165942,0,0.0,0,278,2,1,0.511,0.0526,GREEN,37,Kolkata
CLM0043173,KOL_03145,Behala,2024-12-04,16,0,0,0,0,0,1,1,0,0,0.0,0.208388,0,0.0,0,420,0,1,0.7978,0.1328,GREEN,26,Kolkata
CLM0043174,KOL_04276,Behala,2021-03-27,12,0,0,0,0,0,0,0,0,0,0.0,0.296739,0,0.0,0,420,1,0,0.5213,0.0,GREEN,29,Kolkata
CLM0043175,KOL_05539,Sealdah,2024-07-05,13,0,0,0,0,0,0,0,0,0,0.0,0.037454,0,0.0,0,124,2,5,0.2521,0.0026,GREEN,43,Kolkata
CLM0043176,KOL_04027,Salt Lake,2021-03-15,15,0,0,0,0,0,0,0,1,0,1.0,0.421231,0,0.0,0,324,4,1,0.5008,0.0873,GREEN,21,Kolkata
CLM0043177,KOL_04442,Esplanade,2024-04-03,11,0,0,0,0,0,0,0,0,0,0.0,0.930876,0,0.0,0,420,0,3,0.98,0.1414,GREEN,24,Kolkata
CLM0043178,KOL_08882,Park Street,2024-02-09,19,0,0,0,0,1,1,0,0,0,0.0,0.352522,0,0.0,0,134,0,1,0.98,0.3527,YELLOW,28,Kolkata
CLM0043179,KOL_05573,Dum Dum,2023-03-15,10,0,0,0,1,0,0,0,0,0,0.0,0.021936,0,0.0,0,306,0,6,0.8427,0.2807,GREEN,37,Kolkata
CLM0043180,KOL_03581,Salt Lake,2023-08-23,13,0,0,0,0,0,0,0,0,0,0.0,0.064712,0,0.0,0,67,1,4,0.836,0.0,GREEN,18,Kolkata
CLM0043181,KOL_02997,Garia,2020-11-19,10,0,0,0,1,0,1,0,1,1,0.0,1.0,0,0.0,1,17,0,18,0.3602,0.0,GREEN,20,Kolkata
CLM0043182,KOL_01444,Howrah,2024-03-09,13,0,0,0,0,0,0,0,0,0,0.0,0.337686,0,0.0,0,398,0,3,0.1198,0.0,GREEN,26,Kolkata
CLM0043183,KOL_01039,Garia,2023-05-14,15,0,0,0,0,0,0,0,0,0,0.0,0.460331,0,0.0,0,52,2,2,0.9468,0.0149,GREEN,20,Kolkata
CLM0043184,KOL_07254,New Town,2021-06-26,11,0,0,0,0,0,0,0,0,0,0.0,0.263755,0,1.0,0,419,2,1,0.7548,0.0175,GREEN,45,Kolkata
CLM0043185,KOL_09962,Sealdah,2017-06-17,20,0,0,0,0,0,0,0,0,0,1.0,0.21618,1,0.0,0,219,1,0,0.7444,0.2655,GREEN,34,Kolkata
CLM0043186,KOL_07606,Garia,2020-06-29,17,0,0,0,0,0,0,0,0,0,0.0,0.086685,0,0.0,0,420,4,0,0.05,0.0174,GREEN,40,Kolkata
CLM0043187,KOL_06383,Park Street,2022-07-18,20,0,0,0,0,0,0,0,0,0,0.0,1.0,0,0.0,0,420,1,2,0.957,0.0,GREEN,18,Kolkata
CLM0043188,KOL_07451,New Town,2023-04-25,7,0,0,0,0,0,0,0,0,0,1.0,0.403596,0,0.0,1,312,2,3,0.68,0.0889,GREEN,20,Kolkata
CLM0043189,KOL_06547,Garia,2018-02-03,14,0,0,0,0,0,0,1,0,0,0.0,0.82416,1,0.0,0,173,4,0,0.6695,0.171,GREEN,38,Kolkata
CLM0043190,KOL_09571,New Town,2025-05-03,8,0,0,0,0,0,0,0,0,0,0.0,0.941973,0,0.0,1,210,1,1,0.6797,0.1183,GREEN,37,Kolkata
CLM0043191,KOL_05529,Dum Dum,2025-09-17,14,0,0,0,0,0,1,0,0,0,0.0,0.347491,0,0.0,0,69,4,0,0.8508,0.1263,GREEN,39,Kolkata
CLM0043192,KOL_09210,New Town,2020-03-20,19,0,0,0,0,0,0,0,0,0,0.0,0.058827,0,0.0,0,198,0,5,0.98,0.0,GREEN,37,Kolkata
CLM0043193,KOL_03570,Park Street,2018-09-06,19,0,0,0,0,0,0,0,0,0,0.0,0.189249,0,0.0,0,190,4,6,0.6289,0.0,GREEN,33,Kolkata
CLM0043194,KOL_01658,Esplanade,2021-09-07,21,0,0,0,0,0,0,0,0,0,0.0,0.19783,0,0.0,0,420,1,2,0.05,0.0282,GREEN,29,Kolkata
CLM0043195,KOL_08942,Sealdah,2018-10-08,21,0,0,0,0,0,0,0,0,0,0.0,0.125235,0,0.0,0,420,4,5,0.3939,0.0,GREEN,50,Kolkata
CLM0043196,KOL_02104,Garia,2020-01-10,9,0,0,0,0,0,0,0,0,0,0.0,0.328596,0,0.0,0,308,3,2,0.98,0.0,GREEN,25,Kolkata
CLM0043197,KOL_05198,New Town,2024-07-03,21,0,0,0,0,0,0,0,0,0,0.0,0.187469,0,0.0,0,393,4,3,0.7092,0.1043,GREEN,43,Kolkata
CLM0043198,KOL_04379,Behala,2025-06-27,7,0,0,0,0,0,1,0,0,0,0.0,0.00225,0,1.0,0,153,3,4,0.05,0.1336,GREEN,56,Kolkata
CLM0043199,KOL_04298,Park Street,2025-05-08,21,0,0,0,0,0,1,1,0,0,1.0,0.046356,0,0.0,1,324,3,0,0.5679,0.2383,GREEN,43,Kolkata
CLM0043200,KOL_03436,Sealdah,2024-09-21,21,0,0,0,0,0,0,0,0,0,0.0,0.122789,0,0.0,0,103,1,0,0.3962,0.0195,GREEN,25,Kolkata
CLM0043201,KOL_04682,Esplanade,2025-10-18,16,0,0,0,0,0,0,0,0,0,0.0,0.264813,0,0.0,0,253,4,4,0.6377,0.0,GREEN,44,Kolkata
CLM0043202,KOL_02824,Tollygunge,2021-06-25,21,0,0,0,0,0,0,0,0,0,1.0,0.077984,0,0.0,0,66,3,5,0.7933,0.0315,GREEN,38,Kolkata
CLM0043203,KOL_09425,Salt Lake,2024-01-12,20,0,0,0,0,1,0,0,0,0,0.0,0.972281,0,0.0,0,291,2,2,0.0921,0.1502,GREEN,37,Kolkata
CLM0043204,KOL_01424,Sealdah,2019-03-17,18,0,0,0,0,0,0,0,0,0,0.0,0.093386,0,0.0,0,328,2,6,0.6151,0.1228,GREEN,39,Kolkata
CLM0043205,KOL_05244,Esplanade,2019-05-07,20,0,0,0,0,0,1,0,0,0,0.0,0.327243,0,0.0,0,355,1,1,0.98,0.233,GREEN,33,Kolkata
CLM0043206,KOL_01430,Sealdah,2024-08-18,18,0,0,0,0,0,0,0,0,0,0.0,0.21681,0,0.0,0,79,0,2,0.98,0.0421,GREEN,30,Kolkata
CLM0043207,KOL_06333,Salt Lake,2024-02-24,14,0,0,0,0,0,0,1,0,0,0.0,0.303618,0,0.0,0,144,0,3,0.0679,0.0902,GREEN,19,Kolkata
CLM0043208,KOL_09653,Tollygunge,2025-08-10,10,0,0,0,0,0,0,0,0,0,0.0,0.166275,0,0.0,0,233,4,5,0.98,0.0666,GREEN,42,Kolkata
CLM0043209,KOL_08364,Tollygunge,2025-10-22,11,0,0,0,0,0,0,0,0,0,1.0,0.107377,0,0.0,0,116,0,0,0.5337,0.1449,GREEN,23,Kolkata
CLM0043210,KOL_06059,Behala,2025-08-03,7,0,0,0,0,0,0,0,0,0,0.0,0.224835,0,0.0,0,119,0,3,0.05,0.0,GREEN,42,Kolkata
CLM0043211,KOL_05693,Tollygunge,2025-11-10,8,0,0,0,0,0,0,0,0,0,0.0,0.0,0,0.0,0,289,2,1,0.7237,0.0,GREEN,45,Kolkata
CLM0043212,KOL_01117,Park Street,2025-03-30,10,0,0,0,0,0,0,1,1,0,0.0,1.0,0,0.0,0,48,4,0,0.9608,0.1639,GREEN,31,Kolkata
CLM0043213,KOL_00339,Behala,2024-11-15,21,0,0,0,0,0,0,0,0,0,1.0,1.0,0,0.0,0,350,3,0,0.9067,0.0577,GREEN,29,Kolkata
CLM0043214,KOL_02657,Esplanade,2021-01-18,14,0,0,0,0,0,0,0,0,0,0.0,0.070646,0,0.0,0,163,0,3,0.8909,0.0,GREEN,19,Kolkata
CLM0043215,KOL_09075,Tollygunge,2022-03-12,21,0,0,0,0,0,0,0,0,0,0.0,1.0,0,0.0,0,283,0,1,0.6222,0.0,GREEN,41,Kolkata
CLM0043216,KOL_01205,New Town,2025-02-25,8,0,0,0,0,0,0,0,0,0,0.0,0.233664,0,0.0,0,99,2,3,0.7459,0.0,GREEN,25,Kolkata
CLM0043217,KOL_08706,Salt Lake,2018-05-20,17,0,0,0,0,0,0,0,0,0,0.0,0.209502,0,0.0,0,231,1,1,0.9717,0.0,GREEN,44,Kolkata
CLM0043218,KOL_08159,Esplanade,2019-01-09,15,0,0,0,0,0,0,0,0,0,0.0,0.039257,1,1.0,0,293,0,4,0.2344,0.0742,GREEN,53,Kolkata
CLM0043219,KOL_08918,Tollygunge,2021-12-11,13,0,0,0,0,0,1,1,1,0,0.0,0.179381,0,0.0,0,397,3,6,0.1314,0.2873,GREEN,57,Kolkata
CLM0043220,KOL_06912,Sealdah,2019-04-17,8,0,0,0,0,0,0,0,1,0,0.0,0.0,1,0.0,0,175,4,4,0.6734,0.3005,GREEN,51,Kolkata
CLM0043221,KOL_07732,Salt Lake,2022-01-14,9,0,0,0,0,0,0,0,0,0,0.0,0.422145,0,0.0,0,224,4,5,0.8928,0.0637,GREEN,40,Kolkata
CLM0043222,KOL_08525,Esplanade,2025-01-04,19,0,0,0,0,0,0,0,0,0,0.0,0.222007,0,1.0,0,242,3,1,0.0907,0.0,GREEN,24,Kolkata
CLM0043223,KOL_01715,Sealdah,2018-05-27,13,0,0,0,0,0,0,0,0,0,0.0,0.332742,0,0.0,0,420,1,0,0.7081,0.0,GREEN,46,Kolkata
CLM0043224,KOL_03034,Dum Dum,2018-09-27,8,0,0,0,0,0,0,0,0,0,0.0,0.390747,0,0.0,1,176,1,1,0.98,0.0101,GREEN,18,Kolkata
CLM0043225,KOL_04544,Park Street,2020-11-10,12,0,0,0,0,0,0,0,0,0,0.0,0.01353,1,0.0,0,125,1,2,0.6136,0.0621,GREEN,37,Kolkata
CLM0043226,KOL_08185,Park Street,2025-07-14,21,0,0,0,0,0,0,0,0,0,0.0,0.191485,0,0.0,0,420,4,2,0.9595,0.0813,GREEN,50,Kolkata
CLM0043227,KOL_03699,Dum Dum,2017-01-25,21,0,0,0,1,0,0,1,1,0,0.0,0.940117,0,0.0,1,14,1,18,0.4892,0.2,GREEN,41,Kolkata
CLM0043228,KOL_02800,Tollygunge,2021-05-13,21,0,0,0,0,0,0,0,0,0,0.0,0.189086,1,0.0,0,420,3,4,0.5759,0.0273,GREEN,27,Kolkata
CLM0043229,KOL_05535,Park Street,2021-12-07,17,0,1,1,0,0,0,0,0,0,0.0,0.37306,0,0.0,0,102,1,1,0.6153,0.0077,GREEN,44,Kolkata
CLM0043230,KOL_08435,Tollygunge,2023-11-25,14,0,0,0,0,0,0,0,0,0,0.0,0.0,0,0.0,0,420,2,6,0.6534,0.0,GREEN,37,Kolkata
CLM0043231,KOL_08493,Howrah,2024-08-13,17,0,0,0,0,0,0,0,0,0,0.0,1.0,0,0.0,0,402,0,2,0.2991,0.0111,GREEN,34,Kolkata
CLM0043232,KOL_09709,Park Street,2022-09-08,16,0,0,0,0,0,0,0,0,0,1.0,0.273463,0,0.0,0,115,1,0,0.5258,0.0461,GREEN,48,Kolkata
CLM0043233,KOL_00582,Dum Dum,2021-04-12,15,0,0,0,0,0,0,0,0,0,0.0,0.9893,0,0.0,0,411,4,4,0.2468,0.0,GREEN,33,Kolkata
CLM0043234,KOL_08859,Howrah,2025-03-28,8,0,0,0,1,0,0,0,0,0,0.0,0.12008,0,0.0,0,420,1,4,0.704,0.1771,GREEN,38,Kolkata
CLM0043235,KOL_08428,Tollygunge,2025-03-07,18,0,0,0,0,0,0,0,0,0,0.0,0.234003,0,0.0,0,349,2,1,0.98,0.0,GREEN,34,Kolkata
CLM0043236,KOL_07817,Dum Dum,2025-05-27,18,0,1,1,1,0,1,1,1,1,1.0,1.0,1,0.0,0,5,0,18,0.2508,0.5936,YELLOW,39,Kolkata
CLM0043237,KOL_04011,Salt Lake,2023-11-11,13,0,1,1,1,1,0,0,0,1,1.0,0.570881,0,1.0,0,11,1,16,0.0649,0.575,YELLOW,35,Kolkata
CLM0043238,KOL_04138,Dum Dum,2024-01-05,19,0,1,1,0,0,0,0,0,0,0.0,0.954897,0,0.0,0,345,0,1,0.5125,0.8363,RED,41,Kolkata
CLM0043239,KOL_00411,Salt Lake,2024-10-21,19,0,1,1,0,0,0,1,1,0,0.0,0.154859,1,0.0,1,24,1,17,0.8867,0.4955,YELLOW,45,Kolkata
CLM0043240,KOL_09979,Tollygunge,2024-10-14,12,0,1,1,0,0,0,1,0,1,0.0,0.973968,0,0.0,1,5,1,18,0.76,0.5138,YELLOW,58,Kolkata
CLM0043241,KOL_01446,Dum Dum,2025-07-10,8,0,1,1,1,1,0,1,1,1,0.0,1.0,1,0.0,0,13,1,18,0.2096,0.6403,RED,40,Kolkata
CLM0043242,KOL_09060,Park Street,2024-06-30,15,0,1,1,0,0,0,0,0,0,0.0,0.301785,0,0.0,0,355,2,0,0.8371,0.6352,RED,44,Kolkata
CLM0043243,KOL_00443,Howrah,2025-04-28,7,0,1,1,1,1,1,1,1,0,1.0,0.994848,0,0.0,0,5,1,18,0.98,0.5656,YELLOW,52,Kolkata
CLM0043244,KOL_02662,Behala,2023-09-07,15,0,1,1,0,0,0,0,0,1,1.0,0.413019,0,1.0,1,74,2,2,0.9115,0.8232,RED,42,Kolkata
CLM0043245,KOL_03418,Dum Dum,2024-08-30,14,0,1,1,1,1,1,1,0,1,1.0,0.996188,1,0.0,0,5,2,18,0.096,0.7789,RED,42,Kolkata
CLM0043246,KOL_06044,Salt Lake,2025-02-21,20,0,1,1,0,0,0,0,0,0,0.0,0.20049,0,0.0,0,397,0,3,0.05,0.5522,YELLOW,35,Kolkata
CLM0043247,KOL_07271,Garia,2024-03-15,17,0,0,0,0,0,0,0,0,0,0.0,0.215139,0,0.0,0,102,4,6,0.7282,0.0,GREEN,50,Kolkata
CLM0043248,KOL_02409,Park Street,2024-02-07,11,0,0,0,0,1,0,0,0,0,0.0,0.936615,0,0.0,0,252,0,2,0.618,0.1543,GREEN,42,Kolkata
CLM0043249,KOL_08248,Tollygunge,2025-10-20,14,0,0,0,0,1,0,0,0,0,0.0,0.33528,0,0.0,0,311,0,1,0.6931,0.1401,GREEN,38,Kolkata
CLM0043250,KOL_02328,Tollygunge,2024-06-23,20,0,0,0,0,0,0,1,1,0,1.0,0.969988,0,1.0,1,391,4,0,0.7267,0.253,GREEN,38,Kolkata
CLM0043251,KOL_02362,New Town,2025-04-20,17,0,0,0,0,0,0,0,0,0,0.0,1.0,0,0.0,0,65,4,5,0.5833,0.0315,GREEN,46,Kolkata
CLM0043252,KOL_05460,Esplanade,2023-11-27,18,0,1,1,0,0,0,0,1,1,0.0,1.0,0,0.0,0,321,1,2,0.5765,0.2524,GREEN,30,Kolkata
CLM0043253,KOL_03593,Tollygunge,2023-10-18,19,0,0,0,0,1,0,0,0,0,0.0,1.0,0,0.0,0,268,1,5,0.4845,0.2207,GREEN,36,Kolkata
CLM0043254,KOL_00385,Sealdah,2023-09-28,14,0,0,0,0,0,0,0,0,1,0.0,0.375245,0,1.0,0,294,3,2,0.7025,0.0679,GREEN,23,Kolkata
CLM0043255,KOL_09184,Salt Lake,2020-08-26,7,0,0,0,0,0,0,0,0,0,0.0,0.36127,0,0.0,0,169,0,2,0.537,0.0,GREEN,43,Kolkata
CLM0043256,KOL_06212,Park Street,2021-09-18,19,0,0,0,0,0,0,0,1,0,0.0,0.290614,0,0.0,0,410,0,0,0.5883,0.0949,GREEN,46,Kolkata
CLM0043257,KOL_09563,Park Street,2022-11-09,21,0,0,0,0,0,0,0,0,0,0.0,0.256963,0,0.0,0,420,2,2,0.8144,0.0192,GREEN,36,Kolkata
CLM0043258,KOL_03068,Park Street,2023-12-25,12,0,0,0,1,0,0,0,0,0,0.0,0.176338,0,0.0,0,286,3,3,0.6817,0.0729,GREEN,33,Kolkata
CLM0043259,KOL_09299,Sealdah,2025-11-22,12,0,0,0,0,0,0,0,0,0,0.0,0.222802,0,0.0,0,129,1,1,0.7336,0.0,GREEN,25,Kolkata
CLM0043260,KOL_03176,Howrah,2025-09-05,15,0,0,0,0,0,0,0,0,0,0.0,0.3275,0,0.0,0,420,2,0,0.769,0.0,GREEN,36,Kolkata
CLM0043261,KOL_05524,Salt Lake,2022-01-27,12,0,0,0,0,0,0,0,1,0,0.0,0.042521,0,0.0,1,414,0,3,0.98,0.2415,GREEN,28,Kolkata
CLM0043262,KOL_02363,Behala,2023-05-17,21,0,0,0,1,1,1,1,1,0,0.0,0.944776,0,1.0,1,5,4,18,0.3357,0.1501,GREEN,27,Kolkata
CLM0043263,KOL_09656,Dum Dum,2020-08-30,15,0,0,0,0,0,0,0,0,0,0.0,0.06447,0,0.0,0,390,4,2,0.5152,0.0217,GREEN,40,Kolkata
CLM0043264,KOL_08610,Park Street,2021-07-18,13,0,0,0,0,0,0,0,1,0,1.0,1.0,0,0.0,0,208,4,1,0.1545,0.2576,GREEN,29,Kolkata
CLM0043265,KOL_02855,Behala,2025-11-06,21,0,0,0,0,0,0,0,0,0,0.0,0.307671,0,0.0,0,123,3,2,0.1154,0.0514,GREEN,38,Kolkata
CLM0043266,KOL_02066,Behala,2021-01-06,16,0,0,0,0,0,0,0,0,0,0.0,0.114184,0,0.0,0,284,4,2,0.6259,0.0441,GREEN,20,Kolkata
CLM0043267,KOL_09036,New Town,2023-01-10,19,0,0,0,0,0,0,0,0,0,1.0,0.123369,0,0.0,0,218,0,1,0.4114,0.1087,GREEN,39,Kolkata
CLM0043268,KOL_09599,Behala,2021-04-21,13,0,0,0,0,0,1,0,0,0,0.0,0.3042,0,0.0,0,420,3,4,0.8026,0.1642,GREEN,24,Kolkata
CLM0043269,KOL_03127,Behala,2022-04-19,20,0,0,0,0,0,0,0,0,0,0.0,0.319541,0,0.0,0,132,1,2,0.8035,0.0034,GREEN,40,Kolkata
CLM0043270,KOL_04206,Tollygunge,2022-10-09,13,0,0,0,0,0,1,0,0,0,0.0,0.428837,0,0.0,0,108,1,1,0.6484,0.0999,GREEN,45,Kolkata
CLM0043271,KOL_06192,New Town,2025-01-03,19,0,0,0,0,0,0,1,0,0,1.0,0.208495,0,0.0,0,420,0,0,0.8031,0.1071,GREEN,22,Kolkata
CLM0043272,KOL_00126,Dum Dum,2024-04-18,20,0,0,0,0,0,0,0,1,0,0.0,0.045785,0,0.0,0,98,4,1,0.597,0.0658,GREEN,45,Kolkata
CLM0043273,KOL_02650,Howrah,2022-10-10,20,0,0,0,0,0,0,0,0,0,0.0,0.055148,0,0.0,0,87,0,2,0.7267,0.0273,GREEN,35,Kolkata
CLM0043274,KOL_04696,Howrah,2023-08-25,13,0,0,0,0,0,0,0,0,0,0.0,0.065831,0,0.0,0,117,3,4,0.05,0.1021,GREEN,38,Kolkata
CLM0043275,KOL_05547,Garia,2024-09-24,12,0,0,0,0,0,0,0,0,1,0.0,0.232731,0,0.0,0,170,2,0,0.5741,0.0957,GREEN,52,Kolkata
CLM0043276,KOL_09804,New Town,2023-07-03,7,0,0,0,1,0,1,1,1,1,0.0,1.0,0,1.0,0,16,2,18,0.2705,0.1108,GREEN,25,Kolkata
CLM0043277,KOL_03209,Esplanade,2024-12-17,18,0,0,0,0,0,0,0,0,0,0.0,0.108084,0,0.0,0,95,2,6,0.7404,0.0,GREEN,35,Kolkata
CLM0043278,KOL_06592,Howrah,2021-03-16,16,0,0,0,1,0,0,0,0,0,0.0,0.40626,0,0.0,0,399,3,0,0.8168,0.0519,GREEN,39,Kolkata
CLM0043279,KOL_02038,Tollygunge,2025-10-31,10,0,0,0,0,0,0,0,0,0,0.0,0.136137,0,0.0,0,317,0,0,0.8781,0.0192,GREEN,18,Kolkata
CLM0043280,KOL_04915,New Town,2024-12-21,12,0,0,0,0,0,0,0,0,0,0.0,0.347141,0,0.0,0,196,0,3,0.5354,0.0951,GREEN,30,Kolkata
CLM0043281,KOL_08920,Salt Lake,2025-04-12,9,0,0,0,0,0,0,0,0,0,0.0,0.142109,0,0.0,0,231,4,5,0.7888,0.04,GREEN,34,Kolkata
CLM0043282,KOL_06352,Park Street,2025-11-07,17,0,0,0,0,0,0,0,0,0,0.0,0.222325,0,0.0,0,26,1,0,0.8273,0.0,GREEN,29,Kolkata
CLM0043283,KOL_05400,Howrah,2024-10-15,19,0,0,0,0,0,1,1,1,0,0.0,0.041553,0,0.0,1,14,1,18,0.8805,0.0,GREEN,22,Kolkata
CLM0043284,KOL_02017,Esplanade,2023-12-30,21,0,0,0,0,0,1,0,0,0,0.0,0.259361,0,0.0,0,366,3,0,0.9054,0.1132,GREEN,29,Kolkata
CLM0043285,KOL_00740,New Town,2024-12-31,11,0,0,0,0,0,0,0,0,0,0.0,0.367244,0,0.0,0,39,2,1,0.05,0.0,GREEN,37,Kolkata
CLM0043286,KOL_00722,Behala,2021-03-15,9,0,0,0,0,0,0,0,0,1,0.0,0.975386,0,0.0,0,65,0,2,0.9526,0.1484,GREEN,42,Kolkata
CLM0043287,KOL_08884,Esplanade,2020-09-30,17,0,0,0,0,0,0,1,0,0,0.0,1.0,0,0.0,1,96,3,1,0.5813,0.1202,GREEN,31,Kolkata
CLM0043288,KOL_05527,Howrah,2021-12-28,19,0,0,0,0,0,0,0,0,0,0.0,0.191379,0,0.0,0,45,0,2,0.2482,0.0,GREEN,35,Kolkata
CLM0043289,KOL_08606,Behala,2022-12-05,16,0,0,0,1,0,0,1,0,1,0.0,0.970431,1,1.0,1,5,3,18,0.2108,0.0525,GREEN,47,Kolkata
CLM0043290,KOL_02870,Behala,2020-02-02,19,0,0,0,0,0,1,0,0,0,0.0,0.956786,0,0.0,0,329,0,1,0.9014,0.0692,GREEN,33,Kolkata
CLM0043291,KOL_02784,Sealdah,2018-02-13,8,0,0,0,0,0,0,0,0,0,1.0,0.15498,0,1.0,0,192,1,5,0.5959,0.0926,GREEN,26,Kolkata
CLM0043292,KOL_05410,Dum Dum,2025-04-04,15,0,0,0,0,0,0,1,0,0,0.0,0.917228,0,0.0,0,51,0,8,0.7309,0.0043,GREEN,40,Kolkata
CLM0043293,KOL_05913,Garia,2021-10-03,17,0,0,0,0,0,0,0,0,0,0.0,0.278097,0,0.0,1,149,4,4,0.5193,0.0132,GREEN,18,Kolkata
CLM0043294,KOL_01688,Dum Dum,2022-03-02,12,0,0,0,0,0,1,0,0,0,0.0,0.090576,0,0.0,0,45,2,0,0.221,0.0392,GREEN,36,Kolkata
CLM0043295,KOL_09948,Park Street,2020-01-02,9,0,0,0,0,0,0,0,0,0,0.0,0.326512,0,0.0,0,136,3,7,0.8343,0.0465,GREEN,50,Kolkata
CLM0043296,KOL_07445,Howrah,2020-02-24,19,0,1,1,0,0,0,0,1,0,0.0,0.306032,1,0.0,0,213,0,0,0.6648,0.3744,YELLOW,43,Kolkata
CLM0043297,KOL_09399,Garia,2021-03-29,20,0,1,1,1,0,1,1,0,0,0.0,0.113152,1,0.0,1,10,0,18,0.6362,0.6393,RED,30,Kolkata
CLM0043298,KOL_08046,Sealdah,2021-06-19,7,0,1,1,1,1,0,1,0,1,1.0,1.0,1,1.0,1,5,0,18,0.05,0.7571,RED,18,Kolkata
CLM0043299,KOL_03982,Park Street,2020-05-20,15,0,1,1,1,1,1,0,1,0,1.0,0.962578,0,1.0,0,5,0,18,0.0586,0.6769,RED,32,Kolkata
CLM0043300,KOL_01945,New Town,2024-12-20,10,0,1,1,1,1,1,0,1,0,0.0,0.133973,0,0.0,1,5,1,18,0.9009,0.7231,RED,41,Kolkata
CLM0043301,KOL_08909,Dum Dum,2021-07-06,21,0,1,1,1,1,0,1,1,1,1.0,0.167619,0,1.0,0,13,0,18,0.5162,0.7735,RED,24,Kolkata
CLM0043302,KOL_06454,New Town,2021-06-19,15,0,1,1,0,0,0,1,0,0,0.0,0.241218,0,0.0,0,404,2,1,0.2639,0.7627,RED,25,Kolkata
CLM0043303,KOL_02339,Dum Dum,2023-12-19,10,0,0,0,0,0,0,0,0,0,1.0,1.0,0,1.0,0,420,1,0,0.8604,0.0015,GREEN,33,Kolkata
CLM0043304,KOL_01626,Howrah,2023-02-16,10,0,0,0,0,0,0,0,0,0,0.0,0.337799,0,0.0,0,316,0,4,0.8324,0.0193,GREEN,43,Kolkata
CLM0043305,KOL_08335,New Town,2021-07-28,10,0,0,0,0,0,0,0,0,0,0.0,0.297717,0,1.0,0,94,2,2,0.4276,0.0,GREEN,26,Kolkata
CLM0043306,KOL_00949,Garia,2022-05-12,18,0,0,0,0,0,0,0,0,0,0.0,0.0,0,1.0,0,263,4,0,0.9697,0.0,GREEN,29,Kolkata
CLM0043307,KOL_03196,Howrah,2025-08-22,8,0,0,0,0,0,0,0,0,0,0.0,0.299572,0,0.0,0,59,1,6,0.7767,0.0364,GREEN,45,Kolkata
CLM0043308,KOL_08066,Howrah,2023-08-03,11,0,0,0,0,0,0,0,1,0,0.0,0.00975,0,0.0,0,420,4,0,0.568,0.0953,GREEN,36,Kolkata
CLM0043309,KOL_09485,Sealdah,2023-02-18,8,0,0,0,0,0,0,0,0,0,0.0,0.277006,1,0.0,0,180,2,4,0.98,0.1119,GREEN,39,Kolkata
CLM0043310,KOL_09488,Dum Dum,2025-01-05,18,0,0,0,0,0,0,0,0,0,0.0,0.426834,0,0.0,0,123,2,6,0.98,0.0075,GREEN,19,Kolkata
CLM0043311,KOL_08194,Garia,2025-03-06,16,0,0,0,0,1,0,0,0,0,1.0,0.267277,0,0.0,0,258,2,6,0.8172,0.1976,GREEN,37,Kolkata
CLM0043312,KOL_05054,Esplanade,2025-01-06,9,0,1,1,0,1,0,0,0,0,0.0,0.354814,1,0.0,0,163,2,3,0.7665,0.7016,RED,44,Kolkata
CLM0043313,KOL_03017,Behala,2021-11-22,15,0,1,1,1,0,0,1,0,1,0.0,0.170744,0,0.0,0,24,0,18,0.8225,0.5494,YELLOW,23,Kolkata
CLM0043314,KOL_05581,Garia,2022-08-23,15,0,1,1,0,0,0,0,0,0,1.0,0.964452,0,1.0,0,420,1,5,0.4762,0.6299,RED,47,Kolkata
CLM0043315,KOL_04390,Esplanade,2021-04-17,20,0,1,1,1,1,0,1,0,1,1.0,0.873827,0,1.0,1,5,1,18,0.1206,0.5895,YELLOW,50,Kolkata
CLM0043316,KOL_01254,Esplanade,2022-08-22,14,0,1,1,1,1,0,1,1,0,1.0,1.0,1,0.0,1,24,2,18,0.1545,0.6002,YELLOW,35,Kolkata
CLM0043317,KOL_05379,Park Street,2021-11-26,13,0,1,1,0,1,0,0,1,0,0.0,0.543532,0,0.0,1,5,2,18,0.1627,0.4564,YELLOW,30,Kolkata
CLM0043318,KOL_09180,Behala,2023-10-19,11,0,1,1,1,1,0,1,1,0,1.0,1.0,1,1.0,1,24,0,18,0.1082,0.6335,RED,40,Kolkata
CLM0043319,KOL_09555,Salt Lake,2020-08-04,16,0,1,1,0,0,0,0,0,0,0.0,0.148065,0,0.0,0,420,2,3,0.8835,0.4095,YELLOW,39,Kolkata
CLM0043320,KOL_05308,Howrah,2021-05-28,16,0,1,1,1,1,0,1,1,0,0.0,0.395466,1,1.0,0,17,2,18,0.5308,0.6226,RED,39,Kolkata
CLM0043321,KOL_01352,Park Street,2017-03-13,9,0,1,1,1,1,1,1,1,1,1.0,1.0,0,1.0,1,5,1,18,0.05,0.9062,RED,51,Kolkata
CLM0043322,KOL_08490,Behala,2023-09-02,10,0,1,1,1,1,0,1,1,1,1.0,0.921934,0,1.0,0,10,0,12,0.7943,0.6777,RED,44,Kolkata
CLM0043323,KOL_01184,Howrah,2017-02-25,10,0,1,1,1,0,0,1,1,1,0.0,1.0,0,0.0,1,5,2,18,0.5155,0.6134,RED,49,Kolkata
CLM0043324,KOL_03655,Howrah,2025-02-10,17,0,0,0,0,0,1,0,0,0,0.0,0.153998,0,0.0,1,249,0,4,0.9559,0.1555,GREEN,45,Kolkata
CLM0043325,KOL_07010,Esplanade,2025-12-17,21,0,0,0,0,0,0,0,0,0,0.0,0.240906,0,0.0,0,420,4,0,0.5259,0.0,GREEN,38,Kolkata
CLM0043326,KOL_06584,Esplanade,2024-11-15,21,0,0,0,0,0,0,0,0,0,0.0,0.159117,0,0.0,0,420,3,4,0.4604,0.0,GREEN,35,Kolkata
CLM0043327,KOL_09537,Salt Lake,2025-03-25,10,0,0,0,0,0,0,0,0,0,0.0,0.016137,0,0.0,0,219,4,0,0.8218,0.0,GREEN,30,Kolkata
CLM0043328,KOL_06782,Dum Dum,2025-09-23,20,0,0,0,0,0,0,0,0,0,0.0,0.437181,0,0.0,0,70,1,3,0.05,0.0869,GREEN,27,Kolkata
CLM0043329,KOL_07409,Park Street,2025-01-16,16,0,0,0,0,0,0,0,0,0,0.0,0.054632,0,0.0,0,57,1,0,0.98,0.0,GREEN,46,Kolkata
CLM0043330,KOL_05772,Garia,2022-08-10,11,0,0,0,0,0,0,0,0,0,1.0,1.0,0,1.0,0,127,0,0,0.7134,0.0233,GREEN,32,Kolkata
CLM0043331,KOL_05282,Sealdah,2024-03-27,14,0,0,0,0,0,0,0,0,0,0.0,0.138441,0,1.0,0,110,2,1,0.5539,0.0,GREEN,18,Kolkata
CLM0043332,KOL_07164,Dum Dum,2023-08-29,7,0,1,1,0,0,0,0,0,0,1.0,0.457332,0,0.0,0,227,3,4,0.8775,0.1176,GREEN,36,Kolkata
CLM0043333,KOL_04433,Park Street,2022-12-06,10,0,0,0,0,0,0,0,0,0,0.0,0.403214,0,0.0,0,169,0,5,0.8397,0.1212,GREEN,21,Kolkata
CLM0043334,KOL_03373,Howrah,2023-07-29,15,0,0,0,0,0,0,0,0,0,0.0,0.151164,0,0.0,0,262,2,1,0.523,0.0874,GREEN,23,Kolkata
CLM0043335,KOL_00966,Behala,2022-02-23,14,0,0,0,0,0,0,1,0,0,0.0,0.117361,0,0.0,0,411,4,1,0.9439,0.1344,GREEN,24,Kolkata
CLM0043336,KOL_04562,Howrah,2024-05-18,18,0,0,0,0,1,0,0,0,0,0.0,0.235063,0,0.0,0,62,3,0,0.7721,0.2202,GREEN,44,Kolkata
CLM0043337,KOL_09820,Esplanade,2025-01-22,18,0,0,0,0,0,1,0,0,0,1.0,1.0,0,1.0,0,420,3,0,0.8803,0.1448,GREEN,37,Kolkata
CLM0043338,KOL_08241,Sealdah,2024-06-24,7,0,0,0,0,0,0,0,0,0,0.0,0.465584,0,0.0,0,415,2,1,0.51,0.0,GREEN,56,Kolkata
CLM0043339,KOL_06694,New Town,2025-09-16,14,0,0,0,0,0,0,0,0,0,0.0,0.327407,0,0.0,0,149,3,6,0.8403,0.0,GREEN,43,Kolkata
CLM0043340,KOL_07374,Park Street,2024-05-20,21,0,0,0,0,0,0,0,1,0,0.0,0.939446,0,0.0,1,82,3,2,0.7231,0.104,GREEN,24,Kolkata
CLM0043341,KOL_01818,Salt Lake,2025-10-03,8,0,0,0,1,0,0,0,0,0,0.0,0.058497,0,0.0,1,396,3,3,0.9329,0.2652,GREEN,26,Kolkata
CLM0043342,KOL_03773,Garia,2024-05-24,18,0,0,0,0,0,0,1,0,0,0.0,0.358241,1,0.0,0,269,3,0,0.5822,0.0574,GREEN,56,Kolkata
CLM0043343,KOL_07686,New Town,2025-04-03,12,0,0,0,0,0,0,0,0,0,0.0,0.382333,0,0.0,1,207,2,0,0.6126,0.0094,GREEN,28,Kolkata
CLM0043344,KOL_07189,Salt Lake,2025-10-15,16,0,0,0,0,0,0,0,0,0,0.0,0.201465,0,0.0,0,407,0,0,0.2835,0.0383,GREEN,38,Kolkata
CLM0043345,KOL_08829,Behala,2025-01-07,15,0,0,0,0,0,0,0,0,0,1.0,0.931012,0,0.0,0,163,1,1,0.919,0.059,GREEN,32,Kolkata
CLM0043346,KOL_09561,Garia,2025-04-25,11,0,0,0,1,0,0,0,0,0,0.0,0.287286,0,0.0,0,383,0,1,0.05,0.1152,GREEN,25,Kolkata
CLM0043347,KOL_02624,Esplanade,2018-02-27,11,0,0,0,0,0,0,0,0,0,0.0,0.430369,0,0.0,0,382,1,1,0.5663,0.0342,GREEN,51,Kolkata
CLM0043348,KOL_01140,Park Street,2025-09-06,11,0,0,0,0,0,1,0,0,0,0.0,1.0,0,0.0,0,381,2,1,0.7848,0.023,GREEN,32,Kolkata
CLM0043349,KOL_09921,Garia,2017-07-14,19,0,0,0,0,0,1,0,0,0,0.0,0.0,0,0.0,0,238,2,2,0.98,0.0516,GREEN,46,Kolkata
CLM0043350,KOL_02955,Behala,2025-10-07,20,0,0,0,0,0,0,0,0,0,1.0,0.161382,0,0.0,0,284,0,0,0.8947,0.0737,GREEN,22,Kolkata
CLM0043351,KOL_05647,Tollygunge,2025-02-02,7,0,0,0,0,1,0,0,0,0,0.0,0.011456,0,1.0,0,258,1,1,0.98,0.1764,GREEN,18,Kolkata
CLM0043352,KOL_06238,Park Street,2021-12-18,17,0,0,0,0,0,0,1,0,0,0.0,0.210226,0,0.0,0,281,0,2,0.98,0.0,GREEN,31,Kolkata
CLM0043353,KOL_09272,Garia,2020-05-24,11,0,0,0,1,0,0,0,0,0,1.0,1.0,0,1.0,0,197,2,2,0.98,0.1646,GREEN,42,Kolkata
CLM0043354,KOL_08591,Esplanade,2023-01-21,12,0,0,0,0,0,0,0,0,0,0.0,0.057486,0,0.0,1,420,1,0,0.2218,0.0833,GREEN,45,Kolkata
CLM0043355,KOL_04234,Park Street,2018-01-10,10,0,0,0,0,0,0,0,0,0,0.0,0.375234,0,0.0,0,202,1,2,0.6419,0.0067,GREEN,23,Kolkata
CLM0043356,KOL_02769,Esplanade,2022-06-23,14,0,0,0,0,0,0,0,0,1,0.0,0.087845,0,0.0,0,420,3,0,0.6314,0.1246,GREEN,46,Kolkata
CLM0043357,KOL_08735,Dum Dum,2024-08-24,16,0,0,0,0,0,0,0,0,0,0.0,0.219343,0,0.0,0,64,2,3,0.9343,0.0,GREEN,47,Kolkata
CLM0043358,KOL_06892,Garia,2025-01-26,17,0,0,0,0,0,0,0,0,0,0.0,0.33253,0,0.0,0,398,3,5,0.98,0.0407,GREEN,34,Kolkata
CLM0043359,KOL_03984,Behala,2024-12-20,12,0,0,0,0,0,1,0,0,0,0.0,0.251394,1,1.0,0,340,4,1,0.6087,0.1758,GREEN,18,Kolkata
CLM0043360,KOL_01924,Dum Dum,2022-12-12,21,0,0,0,0,0,0,0,0,0,0.0,0.336906,0,0.0,0,245,1,3,0.7361,0.1844,GREEN,44,Kolkata
CLM0043361,KOL_01112,Esplanade,2025-10-08,13,0,0,0,0,0,0,0,0,0,0.0,0.402051,0,0.0,0,420,2,1,0.5345,0.0366,GREEN,48,Kolkata
CLM0043362,KOL_05767,Tollygunge,2023-03-12,20,0,0,0,0,0,0,0,0,0,0.0,0.247098,0,0.0,0,216,1,1,0.9467,0.0189,GREEN,31,Kolkata
CLM0043363,KOL_05484,Garia,2022-05-09,12,0,0,0,0,0,0,0,0,0,0.0,0.293731,0,0.0,0,420,3,0,0.3745,0.035,GREEN,35,Kolkata
CLM0043364,KOL_05736,Salt Lake,2021-07-02,13,0,0,0,0,0,0,0,0,0,0.0,0.0,0,0.0,0,112,0,0,0.05,0.0646,GREEN,38,Kolkata
CLM0043365,KOL_04215,Esplanade,2025-10-08,14,0,0,0,0,0,0,0,1,0,0.0,0.198054,0,0.0,0,264,4,3,0.7386,0.0301,GREEN,43,Kolkata
CLM0043366,KOL_05888,Tollygunge,2020-04-08,21,0,0,0,0,0,0,0,0,0,0.0,0.154912,0,0.0,0,44,4,0,0.6307,0.0389,GREEN,40,Kolkata
CLM0043367,KOL_04837,Park Street,2023-02-18,16,0,0,0,0,0,0,0,0,0,0.0,0.340587,1,0.0,0,352,1,1,0.9424,0.1012,GREEN,39,Kolkata
CLM0043368,KOL_07770,Park Street,2023-12-03,17,0,0,0,0,0,1,0,0,0,0.0,1.0,0,0.0,0,196,4,0,0.7882,0.1212,GREEN,42,Kolkata
CLM0043369,KOL_06977,Behala,2021-01-27,15,0,0,0,0,0,0,0,1,0,0.0,0.267246,0,0.0,0,250,1,5,0.7852,0.0515,GREEN,24,Kolkata
CLM0043370,KOL_02730,Sealdah,2022-12-12,20,0,0,0,0,0,0,0,0,0,0.0,0.332134,0,0.0,0,274,1,1,0.5607,0.0023,GREEN,28,Kolkata
CLM0043371,KOL_03195,Behala,2025-04-27,18,0,0,0,0,0,0,0,0,0,0.0,0.181461,0,0.0,0,420,3,0,0.7138,0.0,GREEN,31,Kolkata
CLM0043372,KOL_05666,Salt Lake,2023-06-24,17,0,0,0,0,0,0,0,0,0,0.0,0.410706,0,0.0,0,364,1,0,0.5279,0.0035,GREEN,37,Kolkata
CLM0043373,KOL_01768,Sealdah,2025-05-01,21,0,0,0,0,0,0,0,0,0,1.0,0.060819,0,0.0,0,420,3,1,0.7917,0.0999,GREEN,33,Kolkata
CLM0043374,KOL_08984,Salt Lake,2024-02-09,12,0,1,1,0,0,0,0,0,0,0.0,0.188591,0,0.0,0,372,4,1,0.674,0.0374,GREEN,57,Kolkata
CLM0043375,KOL_05422,Howrah,2021-09-02,21,0,0,0,0,0,0,0,0,0,0.0,0.248538,0,0.0,0,353,1,4,0.7409,0.0258,GREEN,48,Kolkata
CLM0043376,KOL_01489,Sealdah,2021-03-17,18,0,1,1,0,0,1,0,0,1,0.0,0.161512,0,0.0,0,420,3,1,0.2563,0.1925,GREEN,24,Kolkata
CLM0043377,KOL_05056,Tollygunge,2020-02-19,20,0,0,0,0,0,0,0,0,0,0.0,0.314271,0,0.0,0,142,2,1,0.7506,0.0419,GREEN,63,Kolkata
CLM0043378,KOL_05828,New Town,2022-01-12,7,0,0,0,0,0,0,0,0,0,0.0,0.335418,0,0.0,0,400,1,0,0.8742,0.0,GREEN,48,Kolkata
CLM0043379,KOL_03884,Garia,2024-04-25,21,0,0,0,0,0,1,0,0,0,0.0,0.246421,1,0.0,0,121,0,0,0.2821,0.109,GREEN,19,Kolkata
CLM0043380,KOL_04079,Tollygunge,2020-06-09,15,0,0,0,0,0,0,0,0,0,0.0,0.067643,0,0.0,0,238,0,2,0.8495,0.0583,GREEN,30,Kolkata
CLM0043381,KOL_04638,Salt Lake,2024-08-29,21,0,0,0,0,0,0,0,1,0,0.0,0.126487,0,0.0,0,291,2,1,0.08,0.0948,GREEN,34,Kolkata
CLM0043382,KOL_07802,Behala,2024-06-04,7,0,0,0,0,0,0,0,0,0,0.0,0.026452,0,1.0,0,420,4,0,0.5058,0.1268,GREEN,43,Kolkata
CLM0043383,KOL_01197,New Town,2024-05-22,20,0,0,0,0,0,0,0,0,0,0.0,0.172493,1,0.0,0,416,2,0,0.7787,0.1164,GREEN,25,Kolkata
CLM0043384,KOL_05592,Behala,2021-01-16,21,0,0,0,0,0,0,1,0,0,0.0,0.908864,0,0.0,0,112,4,0,0.0844,0.0893,GREEN,41,Kolkata
CLM0043385,KOL_08801,Garia,2023-09-17,12,0,0,0,0,0,1,0,1,0,0.0,0.176622,0,0.0,0,275,1,0,0.833,0.1352,GREEN,41,Kolkata
CLM0043386,KOL_01537,Behala,2024-08-07,17,0,1,1,0,0,0,0,1,0,0.0,0.321743,0,0.0,0,145,1,5,0.7068,0.1337,GREEN,46,Kolkata
CLM0043387,KOL_00575,Esplanade,2024-04-12,15,0,0,0,0,0,0,0,1,0,0.0,0.36825,0,0.0,1,313,0,4,0.9036,0.1475,GREEN,23,Kolkata
CLM0043388,KOL_07497,Howrah,2023-03-18,8,0,0,0,0,0,0,0,0,0,0.0,0.266759,0,0.0,0,420,1,0,0.7417,0.0086,GREEN,44,Kolkata
CLM0043389,KOL_09105,Behala,2024-01-06,7,0,0,0,0,0,1,0,0,0,1.0,1.0,0,1.0,0,206,3,3,0.05,0.0857,GREEN,44,Kolkata
CLM0043390,KOL_00449,Esplanade,2022-04-03,17,0,0,0,0,0,0,0,0,0,0.0,0.122217,0,0.0,0,281,4,3,0.0817,0.0,GREEN,39,Kolkata
CLM0043391,KOL_00152,Salt Lake,2023-04-26,20,0,0,0,0,0,0,0,0,0,1.0,0.183266,0,0.0,0,352,1,4,0.2439,0.048,GREEN,39,Kolkata
CLM0043392,KOL_03594,Park Street,2024-11-27,12,0,0,0,0,0,0,0,0,0,0.0,0.15021,0,0.0,0,283,3,0,0.5731,0.0603,GREEN,42,Kolkata
CLM0043393,KOL_06212,Park Street,2022-05-30,13,0,0,0,0,1,0,0,0,0,0.0,0.186598,0,0.0,0,352,1,1,0.98,0.1789,GREEN,46,Kolkata
CLM0043394,KOL_02919,Salt Lake,2024-05-16,14,0,0,0,0,0,0,0,1,0,1.0,0.389849,0,0.0,0,148,0,5,0.1202,0.1471,GREEN,39,Kolkata
CLM0043395,KOL_05971,Dum Dum,2024-08-06,11,0,0,0,0,0,0,1,0,0,1.0,0.32914,0,0.0,0,364,2,0,0.8794,0.0818,GREEN,36,Kolkata
CLM0043396,KOL_09576,Behala,2021-09-06,12,0,0,0,0,1,0,0,0,0,0.0,0.105599,0,0.0,0,420,3,0,0.6918,0.1908,GREEN,49,Kolkata
CLM0043397,KOL_04511,New Town,2017-04-02,10,0,0,0,0,0,0,0,0,0,0.0,1.0,0,0.0,0,219,1,0,0.6155,0.0001,GREEN,36,Kolkata
CLM0043398,KOL_05392,Salt Lake,2023-06-05,12,0,0,0,0,0,0,0,0,1,0.0,0.436095,0,0.0,0,119,1,5,0.05,0.172,GREEN,23,Kolkata
CLM0043399,KOL_01637,Park Street,2024-03-06,7,0,0,0,0,0,0,0,0,0,0.0,0.01537,0,0.0,0,416,4,6,0.8768,0.0,GREEN,43,Kolkata
CLM0043400,KOL_06037,Howrah,2018-01-04,20,0,0,0,0,0,0,0,0,0,0.0,0.225086,0,0.0,0,420,2,1,0.98,0.0,GREEN,42,Kolkata
CLM0043401,KOL_05060,Salt Lake,2022-05-23,10,0,0,0,0,0,0,0,0,0,0.0,0.06521,0,0.0,0,102,2,0,0.0587,0.0016,GREEN,48,Kolkata
CLM0043402,KOL_08138,Sealdah,2025-09-01,8,0,0,0,0,0,0,0,0,0,0.0,0.032784,1,0.0,0,251,2,2,0.5722,0.0715,GREEN,37,Kolkata
CLM0043403,KOL_01854,Dum Dum,2021-02-14,9,0,0,0,1,0,0,0,0,0,0.0,0.327637,0,0.0,0,357,1,3,0.8686,0.0563,GREEN,18,Kolkata
CLM0043404,KOL_03732,Tollygunge,2018-02-01,11,0,0,0,0,0,0,0,0,0,0.0,0.0,0,0.0,0,420,1,5,0.9372,0.0,GREEN,35,Kolkata
CLM0043405,KOL_03844,Garia,2018-09-07,16,0,0,0,1,0,0,0,0,0,0.0,0.310727,1,0.0,0,273,4,3,0.7178,0.2588,GREEN,46,Kolkata
CLM0043406,KOL_05309,Behala,2019-11-07,8,0,0,0,0,0,0,0,0,0,0.0,0.0,0,0.0,0,300,2,4,0.5898,0.0776,GREEN,51,Kolkata
CLM0043407,KOL_08343,Sealdah,2019-02-18,14,0,0,0,0,0,0,0,0,0,0.0,0.193382,0,0.0,0,129,0,2,0.8651,0.0,GREEN,36,Kolkata
CLM0043408,KOL_03502,Salt Lake,2022-09-16,11,0,0,0,0,0,0,0,0,0,0.0,0.222189,0,0.0,0,270,2,6,0.5223,0.0,GREEN,40,Kolkata
CLM0043409,KOL_01260,New Town,2021-12-08,21,0,0,0,0,0,0,0,1,0,0.0,0.379477,0,0.0,0,420,2,0,0.6791,0.1402,GREEN,41,Kolkata
CLM0043410,KOL_02373,Dum Dum,2021-01-17,13,0,0,0,0,0,0,0,1,0,0.0,0.379392,0,0.0,0,65,1,2,0.98,0.0815,GREEN,31,Kolkata
CLM0043411,KOL_00308,Tollygunge,2024-11-23,12,0,0,0,0,0,0,1,0,0,0.0,0.344707,0,0.0,0,158,2,2,0.941,0.0282,GREEN,39,Kolkata
CLM0043412,KOL_00694,Garia,2021-06-12,14,0,0,0,0,0,0,0,1,0,0.0,0.130727,0,0.0,0,84,2,2,0.6482,0.1146,GREEN,38,Kolkata
CLM0043413,KOL_01329,Esplanade,2020-11-26,12,0,0,0,1,0,1,1,1,0,0.0,0.067417,1,0.0,1,25,4,18,0.98,0.0193,GREEN,47,Kolkata
CLM0043414,KOL_03219,Garia,2021-03-30,18,0,0,0,0,0,0,0,0,0,0.0,1.0,0,0.0,0,403,1,4,0.8616,0.0,GREEN,57,Kolkata
CLM0043415,KOL_03325,Howrah,2020-01-26,17,0,0,0,1,0,0,0,0,0,0.0,0.17663,0,0.0,0,130,1,5,0.98,0.1397,GREEN,33,Kolkata
CLM0043416,KOL_03115,Howrah,2021-11-21,7,0,0,0,0,0,0,0,0,0,0.0,0.03134,0,0.0,0,291,0,0,0.8197,0.0622,GREEN,37,Kolkata
CLM0043417,KOL_01589,Howrah,2021-04-01,20,0,1,1,0,0,0,0,0,0,0.0,0.467453,0,0.0,0,355,4,2,0.7824,0.0553,GREEN,41,Kolkata
CLM0043418,KOL_03285,Tollygunge,2020-12-07,18,0,0,0,0,0,0,0,0,1,0.0,0.198872,0,0.0,0,420,4,0,0.2928,0.2672,GREEN,35,Kolkata
CLM0043419,KOL_07783,Garia,2019-11-06,12,0,0,0,0,0,1,0,0,0,0.0,0.048555,0,0.0,0,170,3,3,0.2495,0.1282,GREEN,26,Kolkata
CLM0043420,KOL_08046,Sealdah,2024-04-29,7,0,0,0,0,0,0,0,0,0,1.0,0.322322,0,0.0,0,420,2,0,0.2447,0.019,GREEN,18,Kolkata
CLM0043421,KOL_09858,Esplanade,2025-11-30,7,0,0,0,0,0,0,0,0,0,0.0,0.138481,0,0.0,0,272,1,1,0.6994,0.0,GREEN,48,Kolkata
CLM0043422,KOL_01077,Sealdah,2021-09-21,13,0,0,0,0,0,0,0,0,0,1.0,1.0,1,1.0,0,43,4,1,0.7891,0.0,GREEN,38,Kolkata
CLM0043423,KOL_09732,Sealdah,2018-12-02,19,0,0,0,0,0,0,0,0,0,0.0,0.085643,0,0.0,0,420,0,1,0.7362,0.0508,GREEN,33,Kolkata
CLM0043424,KOL_03711,New Town,2020-04-21,7,0,0,0,0,0,0,0,0,1,0.0,0.129136,0,0.0,0,168,0,2,0.6102,0.1508,GREEN,43,Kolkata
CLM0043425,KOL_02031,Salt Lake,2025-10-29,14,0,0,0,0,0,0,0,1,0,0.0,0.23643,0,0.0,0,40,4,0,0.98,0.1434,GREEN,32,Kolkata
CLM0043426,KOL_03233,Garia,2020-07-22,10,0,0,0,0,0,0,0,0,0,0.0,0.097591,0,0.0,0,297,1,4,0.9708,0.0,GREEN,45,Kolkata
CLM0043427,KOL_00578,Esplanade,2016-04-07,7,0,0,0,0,0,0,0,0,0,0.0,1.0,0,0.0,0,349,1,1,0.778,0.021,GREEN,60,Kolkata
CLM0043428,KOL_04361,Howrah,2019-03-12,18,0,0,0,0,0,0,0,0,0,0.0,0.080913,0,0.0,0,37,1,7,0.9086,0.0,GREEN,18,Kolkata
CLM0043429,KOL_08587,Garia,2018-07-19,8,0,0,0,0,0,0,1,1,0,0.0,0.040141,0,0.0,0,320,1,0,0.98,0.1534,GREEN,29,Kolkata
CLM0043430,KOL_08460,New Town,2023-03-27,15,0,0,0,0,0,0,0,0,0,0.0,0.0,0,0.0,0,5,0,5,0.813,0.0198,GREEN,33,Kolkata
CLM0043431,KOL_04141,New Town,2022-04-29,13,0,0,0,0,0,0,0,0,0,0.0,0.0,0,0.0,0,420,3,3,0.8952,0.0064,GREEN,38,Kolkata
CLM0043432,KOL_08561,Park Street,2018-05-24,10,0,0,0,0,0,0,0,0,0,0.0,0.05207,0,0.0,0,204,1,1,0.6962,0.046,GREEN,41,Kolkata
CLM0043433,KOL_02350,Garia,2017-10-19,19,0,0,0,0,0,1,0,0,0,0.0,0.332229,0,0.0,0,307,2,0,0.98,0.0,GREEN,50,Kolkata
CLM0043434,KOL_08738,Esplanade,2025-07-26,17,0,1,1,1,1,0,1,0,1,1.0,1.0,0,0.0,1,5,2,18,0.282,0.5727,YELLOW,40,Kolkata
CLM0043435,KOL_07330,Tollygunge,2017-07-13,19,0,1,1,1,0,0,0,1,0,0.0,0.070866,0,0.0,1,16,0,18,0.9577,0.3862,YELLOW,30,Kolkata
CLM0043436,KOL_01036,Behala,2019-02-03,21,0,1,1,0,0,1,1,0,1,0.0,0.149708,1,0.0,0,12,2,18,0.885,0.334,YELLOW,23,Kolkata
CLM0043437,KOL_01266,Park Street,2017-12-20,16,0,1,1,1,1,1,1,1,0,1.0,0.933062,1,1.0,1,7,1,18,0.2121,0.6667,RED,39,Kolkata
CLM0043438,KOL_03591,Salt Lake,2025-05-11,8,0,1,1,0,0,0,0,1,0,0.0,0.362974,0,0.0,0,312,0,1,0.3763,0.8264,RED,37,Kolkata
CLM0043439,KOL_09014,Tollygunge,2022-10-30,12,0,1,1,1,0,0,1,1,0,0.0,1.0,0,0.0,1,5,1,18,0.4468,0.556,YELLOW,19,Kolkata
CLM0043440,KOL_08015,Dum Dum,2024-11-19,8,0,1,1,0,0,0,0,0,0,1.0,0.230583,0,0.0,0,414,2,2,0.6465,0.7137,RED,18,Kolkata
CLM0043441,KOL_02341,Garia,2023-02-12,20,0,0,0,0,0,0,0,0,0,0.0,0.161751,0,0.0,0,254,2,5,0.6463,0.0596,GREEN,49,Kolkata
CLM0043442,KOL_08583,Salt Lake,2023-09-11,7,0,0,0,0,1,0,0,0,0,0.0,0.904455,1,0.0,0,420,0,0,0.8962,0.1212,GREEN,22,Kolkata
CLM0043443,KOL_06336,Tollygunge,2024-02-29,8,0,0,0,0,0,0,0,0,0,0.0,0.133952,0,1.0,0,367,3,3,0.918,0.0967,GREEN,19,Kolkata
CLM0043444,KOL_00295,Dum Dum,2023-05-09,14,0,0,0,0,0,0,0,0,0,0.0,0.07496,0,0.0,0,31,3,0,0.9194,0.0,GREEN,26,Kolkata
CLM0043445,KOL_05167,Esplanade,2025-01-07,9,0,0,0,0,0,0,0,0,0,0.0,0.212785,1,0.0,0,229,3,3,0.8636,0.1425,GREEN,27,Kolkata
CLM0043446,KOL_00189,Esplanade,2016-05-08,11,0,0,0,0,0,0,0,0,0,0.0,0.358924,0,0.0,1,201,1,2,0.8767,0.0636,GREEN,42,Kolkata
CLM0043447,KOL_00936,Sealdah,2021-10-25,21,0,0,0,0,0,0,0,0,0,1.0,0.287928,0,0.0,0,212,4,0,0.933,0.1276,GREEN,40,Kolkata
CLM0043448,KOL_05467,Howrah,2025-08-27,12,0,0,0,0,0,0,0,0,0,0.0,0.305777,0,0.0,0,211,3,0,0.0962,0.0153,GREEN,53,Kolkata
CLM0043449,KOL_08483,Tollygunge,2023-03-23,11,0,0,0,0,0,0,0,1,0,1.0,0.106974,0,0.0,0,327,1,1,0.05,0.0482,GREEN,24,Kolkata
CLM0043450,KOL_05201,Sealdah,2024-03-07,20,0,0,0,0,0,0,0,0,0,0.0,0.108819,0,0.0,0,110,4,2,0.98,0.0691,GREEN,25,Kolkata
CLM0043451,KOL_03675,Sealdah,2022-01-22,11,0,0,0,0,0,0,1,1,1,0.0,0.189403,0,0.0,0,10,0,18,0.9685,0.0759,GREEN,28,Kolkata
CLM0043452,KOL_04654,Howrah,2023-09-04,17,0,0,0,0,1,0,0,0,0,0.0,0.237891,0,0.0,0,420,4,2,0.2364,0.1623,GREEN,56,Kolkata
CLM0043453,KOL_09646,New Town,2022-03-31,16,0,0,0,0,0,0,0,0,0,0.0,0.299197,0,0.0,0,381,0,0,0.05,0.0412,GREEN,32,Kolkata
CLM0043454,KOL_08502,Tollygunge,2023-07-14,20,0,0,0,0,0,0,1,0,0,0.0,0.44586,0,0.0,0,180,3,0,0.6183,0.0105,GREEN,47,Kolkata
CLM0043455,KOL_07496,Howrah,2025-12-02,13,0,1,1,0,0,0,0,0,0,0.0,0.111146,0,0.0,0,91,2,5,0.8461,0.0198,GREEN,51,Kolkata
CLM0043456,KOL_09181,Dum Dum,2024-08-20,15,0,1,1,0,0,1,0,0,0,0.0,0.345192,0,0.0,0,175,3,7,0.8923,0.0479,GREEN,25,Kolkata
CLM0043457,KOL_00055,Dum Dum,2020-03-23,11,0,0,0,0,0,0,0,0,0,0.0,0.285136,0,0.0,0,127,3,2,0.152,0.2487,GREEN,36,Kolkata
CLM0043458,KOL_00095,Esplanade,2025-02-08,16,0,0,0,0,0,0,0,1,0,0.0,0.092655,0,0.0,0,378,4,2,0.05,0.1956,GREEN,28,Kolkata
CLM0043459,KOL_04744,Behala,2024-01-31,13,0,0,0,0,0,0,1,0,0,0.0,0.0,1,0.0,0,231,1,0,0.1027,0.2489,GREEN,31,Kolkata
CLM0043460,KOL_02306,Howrah,2023-03-02,17,0,0,0,0,0,0,0,0,0,0.0,0.34013,0,0.0,0,303,2,3,0.1258,0.0384,GREEN,47,Kolkata
CLM0043461,KOL_08743,Howrah,2020-09-22,14,0,0,0,0,0,0,1,0,0,0.0,0.111494,1,0.0,0,398,3,3,0.8374,0.157,GREEN,18,Kolkata
CLM0043462,KOL_06182,Dum Dum,2021-02-25,7,0,0,0,0,0,0,0,0,0,0.0,0.944855,0,0.0,0,60,2,0,0.5674,0.0443,GREEN,39,Kolkata
CLM0043463,KOL_00940,Tollygunge,2022-03-01,14,0,0,0,0,0,0,0,0,0,0.0,0.260341,0,0.0,0,420,2,2,0.9606,0.0138,GREEN,40,Kolkata
CLM0043464,KOL_07132,Salt Lake,2025-03-09,14,0,0,0,0,0,0,0,0,0,0.0,0.181199,1,0.0,0,290,1,0,0.7521,0.0,GREEN,50,Kolkata
CLM0043465,KOL_05480,Garia,2023-10-29,16,0,0,0,1,0,0,1,0,0,0.0,0.308892,0,0.0,0,260,1,1,0.98,0.2547,GREEN,42,Kolkata
CLM0043466,KOL_06403,Howrah,2020-10-30,21,0,0,0,1,0,1,1,1,1,1.0,0.134865,0,1.0,1,5,0,18,0.3481,0.0654,GREEN,48,Kolkata
CLM0043467,KOL_03905,Park Street,2025-07-26,7,0,0,0,0,0,0,0,0,0,0.0,0.371419,0,0.0,0,192,0,0,0.05,0.0344,GREEN,37,Kolkata
CLM0043468,KOL_06638,Garia,2025-11-06,20,0,0,0,0,0,0,0,1,0,0.0,0.366475,0,0.0,0,305,4,1,0.6321,0.0,GREEN,39,Kolkata
CLM0043469,KOL_02780,Esplanade,2025-09-26,15,0,0,0,0,0,0,0,0,0,0.0,0.003406,0,0.0,0,178,4,1,0.98,0.0529,GREEN,39,Kolkata
CLM0043470,KOL_04406,Dum Dum,2025-08-28,15,0,0,0,0,0,0,0,0,0,0.0,0.383934,0,0.0,0,19,4,7,0.2418,0.0,GREEN,18,Kolkata
CLM0043471,KOL_00351,Howrah,2025-01-31,7,0,0,0,0,0,0,0,0,0,0.0,0.0,0,0.0,0,154,3,4,0.98,0.0,GREEN,35,Kolkata
CLM0043472,KOL_05591,New Town,2025-01-25,8,0,0,0,0,0,0,0,0,0,0.0,0.056221,0,0.0,0,84,0,1,0.8677,0.048,GREEN,18,Kolkata
CLM0043473,KOL_08558,New Town,2025-08-24,11,0,0,0,0,0,0,0,0,0,0.0,0.165986,0,0.0,0,92,2,2,0.5852,0.0502,GREEN,23,Kolkata
CLM0043474,KOL_03646,Salt Lake,2025-01-19,12,0,0,0,0,0,0,0,0,0,0.0,0.042245,0,0.0,0,264,0,3,0.6064,0.0,GREEN,46,Kolkata
CLM0043475,KOL_04947,Tollygunge,2025-07-30,8,0,0,0,0,0,0,0,0,0,0.0,0.177017,0,0.0,0,176,1,0,0.05,0.0237,GREEN,41,Kolkata
CLM0043476,KOL_09439,Garia,2021-10-16,20,0,0,0,0,0,0,0,0,0,0.0,0.0,0,0.0,0,420,2,0,0.791,0.0,GREEN,28,Kolkata
CLM0043477,KOL_05177,Howrah,2022-10-21,12,0,0,0,0,0,0,0,0,0,0.0,0.306398,0,0.0,0,262,3,0,0.7664,0.0735,GREEN,33,Kolkata
CLM0043478,KOL_04070,Sealdah,2021-10-19,8,0,0,0,0,1,0,1,1,1,1.0,1.0,0,0.0,1,19,1,18,0.1608,0.0,GREEN,38,Kolkata
CLM0043479,KOL_05747,Esplanade,2024-03-09,13,0,0,0,0,0,0,1,0,0,0.0,0.022657,0,0.0,0,336,4,4,0.0574,0.017,GREEN,26,Kolkata
CLM0043480,KOL_01331,Dum Dum,2025-03-18,13,0,0,0,0,0,0,0,0,1,0.0,0.171315,0,0.0,0,154,0,0,0.5751,0.0582,GREEN,38,Kolkata
CLM0043481,KOL_02040,Howrah,2020-10-17,17,0,0,0,0,0,0,0,0,0,0.0,0.099762,0,0.0,0,122,1,5,0.05,0.0354,GREEN,36,Kolkata
CLM0043482,KOL_06508,Park Street,2024-04-09,16,0,1,1,0,0,0,0,0,0,0.0,0.418577,0,0.0,0,46,4,5,0.98,0.0187,GREEN,52,Kolkata
CLM0043483,KOL_04211,Tollygunge,2025-08-15,9,0,0,0,0,0,0,0,0,0,0.0,0.062014,0,0.0,0,173,3,0,0.8974,0.0479,GREEN,46,Kolkata
CLM0043484,KOL_09109,Behala,2025-11-20,7,0,0,0,1,0,0,0,1,0,0.0,0.248733,0,0.0,1,188,2,3,0.05,0.2816,GREEN,34,Kolkata
CLM0043485,KOL_03584,Sealdah,2023-08-26,7,0,0,0,0,0,0,0,0,0,0.0,1.0,1,0.0,0,129,1,0,0.4332,0.0795,GREEN,42,Kolkata
CLM0043486,KOL_09371,Esplanade,2025-03-21,13,0,0,0,0,0,0,0,0,1,0.0,0.162628,0,0.0,0,163,4,4,0.957,0.1653,GREEN,32,Kolkata
CLM0043487,KOL_07891,Garia,2024-11-01,10,0,0,0,0,0,0,0,0,0,0.0,0.266854,0,0.0,0,420,2,0,0.7771,0.0086,GREEN,18,Kolkata
CLM0043488,KOL_00944,Park Street,2025-05-23,10,0,0,0,0,0,0,0,1,0,1.0,1.0,0,0.0,0,373,0,2,0.3742,0.284,GREEN,24,Kolkata
CLM0043489,KOL_00065,Garia,2024-02-04,16,0,0,0,0,0,0,0,0,1,0.0,0.293786,0,0.0,0,212,3,0,0.7964,0.1687,GREEN,30,Kolkata
CLM0043490,KOL_04469,Behala,2025-10-20,19,0,0,0,0,1,0,1,1,0,0.0,0.136719,0,0.0,1,39,1,18,0.9747,0.0196,GREEN,39,Kolkata
CLM0043491,KOL_08121,Howrah,2024-12-09,16,0,0,0,0,0,0,0,1,0,1.0,0.238321,0,0.0,0,420,4,0,0.8471,0.2083,GREEN,46,Kolkata
CLM0043492,KOL_06458,Sealdah,2023-07-11,21,0,1,1,0,0,0,0,0,0,0.0,0.169385,0,0.0,0,380,1,3,0.6995,0.0,GREEN,44,Kolkata
CLM0043493,KOL_07658,Garia,2021-07-25,18,0,0,0,0,0,0,0,0,0,0.0,0.101979,0,0.0,0,241,3,1,0.6315,0.0747,GREEN,38,Kolkata
CLM0043494,KOL_06836,Howrah,2020-11-17,21,0,0,0,0,0,0,0,0,0,0.0,0.114835,0,0.0,0,117,3,1,0.9147,0.0326,GREEN,50,Kolkata
CLM0043495,KOL_00082,Garia,2021-02-06,8,0,0,0,0,0,0,0,0,0,0.0,1.0,0,0.0,0,330,0,1,0.6136,0.017,GREEN,38,Kolkata
CLM0043496,KOL_09282,Behala,2020-11-29,19,0,0,0,0,0,0,0,0,0,0.0,1.0,0,0.0,0,171,2,3,0.7153,0.0,GREEN,38,Kolkata
CLM0043497,KOL_04715,Dum Dum,2021-06-08,17,0,0,0,1,0,0,1,0,0,1.0,0.367767,0,0.0,0,169,1,0,0.266,0.1972,GREEN,27,Kolkata
CLM0043498,KOL_05720,Garia,2025-11-17,20,0,0,0,0,0,0,0,0,0,0.0,0.10736,0,0.0,0,184,0,4,0.7385,0.0065,GREEN,29,Kolkata
CLM0043499,KOL_08008,Howrah,2025-08-24,19,0,0,0,0,0,0,1,0,0,0.0,0.998335,0,0.0,0,354,2,0,0.1679,0.0,GREEN,26,Kolkata
CLM0043500,KOL_08977,Garia,2025-09-05,18,0,0,0,0,0,0,0,0,0,0.0,0.326228,0,0.0,0,382,4,4,0.8855,0.0262,GREEN,45,Kolkata
CLM0043501,KOL_01371,Esplanade,2024-04-07,15,0,0,0,0,0,0,0,0,0,0.0,0.109451,0,0.0,0,29,0,1,0.98,0.0,GREEN,38,Kolkata
CLM0043502,KOL_04141,New Town,2024-09-19,11,0,0,0,0,0,0,0,0,1,0.0,0.223843,0,0.0,0,374,1,3,0.1584,0.0636,GREEN,38,Kolkata
CLM0043503,KOL_07196,Salt Lake,2025-10-13,19,0,0,0,0,0,0,0,0,0,0.0,0.300414,0,0.0,0,193,0,0,0.98,0.015,GREEN,34,Kolkata
CLM0043504,KOL_04523,Howrah,2024-09-09,10,0,0,0,0,0,0,0,0,0,0.0,0.0,0,0.0,0,222,0,5,0.5207,0.0637,GREEN,35,Kolkata
CLM0043505,KOL_02318,Park Street,2025-06-19,20,0,0,0,0,0,0,0,0,0,0.0,0.088794,0,0.0,0,166,4,0,0.574,0.0548,GREEN,19,Kolkata
CLM0043506,KOL_05655,Park Street,2024-07-22,8,0,0,0,1,0,0,0,0,0,0.0,0.170848,0,0.0,0,67,3,1,0.6335,0.0926,GREEN,34,Kolkata
CLM0043507,KOL_05496,Howrah,2025-03-26,14,0,0,0,1,0,0,1,0,1,1.0,1.0,0,1.0,0,5,0,18,0.1458,0.0108,GREEN,46,Kolkata
CLM0043508,KOL_03493,Behala,2024-12-24,15,0,0,0,0,0,0,0,0,0,0.0,0.147941,0,0.0,0,11,3,2,0.6247,0.1081,GREEN,18,Kolkata
CLM0043509,KOL_09979,Tollygunge,2024-07-12,12,0,0,0,0,0,0,0,0,0,0.0,0.897367,0,0.0,0,98,2,0,0.757,0.0,GREEN,58,Kolkata
CLM0043510,KOL_00185,Sealdah,2018-07-15,9,0,0,0,0,0,0,0,0,0,0.0,0.382246,0,0.0,0,326,3,2,0.98,0.0089,GREEN,46,Kolkata
CLM0043511,KOL_00528,New Town,2018-02-13,10,0,0,0,0,0,0,0,0,0,0.0,0.984284,0,0.0,0,26,1,4,0.6987,0.0561,GREEN,24,Kolkata
CLM0043512,KOL_09193,Behala,2022-08-17,19,0,0,0,0,0,0,0,0,0,0.0,0.317966,1,0.0,1,420,0,4,0.5695,0.1547,GREEN,54,Kolkata
CLM0043513,KOL_02682,Tollygunge,2022-12-06,16,0,0,0,1,0,0,0,0,0,0.0,0.989814,0,0.0,0,148,3,0,0.5633,0.2061,GREEN,39,Kolkata
CLM0043514,KOL_01350,Dum Dum,2018-11-28,10,0,0,0,0,0,0,0,0,0,0.0,0.311369,0,0.0,0,72,1,6,0.9016,0.0514,GREEN,46,Kolkata
CLM0043515,KOL_04458,Tollygunge,2025-03-15,18,0,0,0,0,1,1,1,1,1,1.0,1.0,0,1.0,0,12,2,18,0.8363,0.0455,GREEN,38,Kolkata
CLM0043516,KOL_07350,New Town,2022-05-24,15,0,0,0,0,0,0,0,0,0,0.0,0.320895,0,0.0,0,246,0,3,0.7247,0.0,GREEN,26,Kolkata
CLM0043517,KOL_05044,Behala,2024-01-15,10,0,0,0,0,0,0,0,0,0,1.0,0.278892,0,0.0,0,108,4,5,0.3104,0.0221,GREEN,43,Kolkata
CLM0043518,KOL_06805,Sealdah,2023-07-22,15,0,0,0,0,0,0,0,0,0,0.0,0.40888,0,0.0,0,355,1,4,0.9648,0.0388,GREEN,36,Kolkata
CLM0043519,KOL_03300,Howrah,2022-02-08,19,0,0,0,0,0,1,0,1,0,0.0,0.179477,0,0.0,0,298,0,2,0.9211,0.1845,GREEN,30,Kolkata
CLM0043520,KOL_04041,Park Street,2025-04-17,14,0,0,0,0,1,0,0,1,0,0.0,0.275806,0,0.0,0,79,3,4,0.9797,0.1384,GREEN,25,Kolkata
CLM0043521,KOL_03536,Behala,2024-05-15,11,0,0,0,0,0,1,0,0,0,0.0,0.270615,0,0.0,0,376,4,3,0.7017,0.1391,GREEN,45,Kolkata
CLM0043522,KOL_05719,Tollygunge,2025-01-24,11,0,1,1,0,1,0,0,0,0,0.0,0.312596,0,0.0,0,408,2,1,0.6991,0.155,GREEN,43,Kolkata
CLM0043523,KOL_02841,Garia,2022-09-17,15,0,0,0,0,0,0,0,0,0,0.0,0.185048,0,1.0,0,346,0,0,0.3677,0.0,GREEN,47,Kolkata
CLM0043524,KOL_06820,Garia,2020-08-20,16,0,0,0,0,0,0,0,0,0,0.0,0.156155,0,0.0,0,418,1,2,0.98,0.0425,GREEN,18,Kolkata
CLM0043525,KOL_02219,Salt Lake,2024-06-22,19,0,0,0,1,0,1,1,1,1,0.0,0.020826,0,0.0,1,5,0,18,0.8405,0.0794,GREEN,50,Kolkata
CLM0043526,KOL_05208,Garia,2024-06-06,10,0,0,0,0,0,0,0,0,1,0.0,0.290133,0,0.0,0,386,1,0,0.9207,0.0,GREEN,31,Kolkata
CLM0043527,KOL_07552,Park Street,2020-09-21,21,0,0,0,0,0,0,0,1,0,0.0,0.04537,0,0.0,0,309,2,0,0.05,0.2229,GREEN,54,Kolkata
CLM0043528,KOL_03825,Behala,2020-01-02,17,0,0,0,0,1,0,0,0,0,0.0,0.09541,0,0.0,0,321,4,0,0.98,0.1148,GREEN,18,Kolkata
CLM0043529,KOL_06259,Park Street,2015-08-14,20,0,0,0,0,0,0,0,0,0,0.0,0.204408,0,0.0,0,75,3,1,0.5465,0.0,GREEN,37,Kolkata
CLM0043530,KOL_00758,Dum Dum,2017-09-20,20,0,0,0,0,1,0,0,1,0,0.0,0.063198,0,0.0,0,420,0,4,0.6507,0.1551,GREEN,42,Kolkata
CLM0043531,KOL_03292,Tollygunge,2015-11-21,13,0,0,0,0,0,0,0,0,1,0.0,0.39678,0,0.0,0,188,2,0,0.98,0.0673,GREEN,24,Kolkata
CLM0043532,KOL_00929,Garia,2021-10-15,13,0,0,0,0,0,0,0,0,0,0.0,0.209575,0,0.0,0,358,0,4,0.05,0.0939,GREEN,40,Kolkata
CLM0043533,KOL_05101,Garia,2022-03-27,8,0,0,0,0,0,0,0,0,0,0.0,1.0,0,0.0,0,265,0,2,0.2062,0.0,GREEN,27,Kolkata
CLM0043534,KOL_00714,Garia,2024-02-26,12,0,0,0,0,0,0,0,0,0,0.0,0.151008,0,0.0,0,270,1,0,0.6389,0.0,GREEN,49,Kolkata
CLM0043535,KOL_01908,Dum Dum,2022-06-16,19,0,0,0,0,0,0,0,0,0,1.0,0.287635,0,0.0,0,49,4,3,0.8358,0.043,GREEN,32,Kolkata
CLM0043536,KOL_01020,Salt Lake,2021-06-16,21,0,0,0,0,1,0,0,0,1,0.0,0.279425,0,0.0,0,164,2,0,0.5937,0.2157,GREEN,41,Kolkata
CLM0043537,KOL_03199,Dum Dum,2025-11-24,21,0,0,0,0,0,0,0,0,0,0.0,0.225813,0,0.0,0,24,3,3,0.2178,0.0239,GREEN,24,Kolkata
CLM0043538,KOL_00182,Park Street,2024-04-18,17,0,0,0,0,0,0,0,0,0,0.0,0.192922,0,0.0,0,420,2,2,0.8023,0.0,GREEN,19,Kolkata
CLM0043539,KOL_07842,Behala,2021-09-28,13,0,0,0,0,0,0,0,0,0,0.0,0.347843,0,0.0,0,420,1,0,0.5375,0.0,GREEN,50,Kolkata
CLM0043540,KOL_03503,Esplanade,2025-04-27,15,0,0,0,0,0,0,0,0,0,0.0,0.277165,0,0.0,0,415,0,6,0.8258,0.0,GREEN,38,Kolkata
CLM0043541,KOL_08823,Park Street,2024-06-29,18,0,0,0,0,0,0,0,0,0,0.0,0.210995,0,0.0,0,242,3,3,0.2899,0.0,GREEN,53,Kolkata
CLM0043542,KOL_08117,Salt Lake,2022-07-24,7,0,0,0,0,0,0,0,0,0,0.0,0.086066,0,0.0,0,280,3,0,0.8616,0.0977,GREEN,40,Kolkata
CLM0043543,KOL_06436,Dum Dum,2022-08-04,8,0,0,0,0,0,0,0,0,0,0.0,0.449947,0,0.0,0,336,2,2,0.6126,0.0104,GREEN,46,Kolkata
CLM0043544,KOL_06822,Tollygunge,2023-02-24,18,0,0,0,0,0,0,0,0,0,0.0,0.40308,0,0.0,0,367,3,1,0.9119,0.0039,GREEN,35,Kolkata
CLM0043545,KOL_03787,Sealdah,2023-07-29,19,0,0,0,0,0,0,0,0,0,0.0,0.113949,0,0.0,0,420,0,0,0.5357,0.0447,GREEN,44,Kolkata
CLM0043546,KOL_07362,Howrah,2023-11-03,21,0,0,0,0,0,0,1,0,0,0.0,0.355543,0,0.0,0,388,1,4,0.9567,0.0834,GREEN,36,Kolkata
CLM0043547,KOL_02303,Tollygunge,2024-12-23,12,0,0,0,1,0,0,0,0,0,0.0,0.388887,0,0.0,0,420,1,1,0.05,0.1078,GREEN,42,Kolkata
CLM0043548,KOL_04602,Salt Lake,2025-10-31,20,0,0,0,0,0,0,0,0,0,0.0,0.291179,0,0.0,0,51,1,1,0.6325,0.0,GREEN,18,Kolkata
CLM0043549,KOL_07051,Dum Dum,2020-06-09,13,0,0,0,0,0,0,0,0,0,0.0,0.339646,0,0.0,0,224,1,2,0.5575,0.0,GREEN,48,Kolkata
CLM0043550,KOL_04042,Dum Dum,2022-07-03,18,0,0,0,0,0,0,0,0,1,0.0,0.160864,0,0.0,0,61,0,6,0.98,0.1255,GREEN,45,Kolkata
CLM0043551,KOL_03389,Garia,2025-07-08,18,0,0,0,0,0,0,0,0,0,0.0,0.233908,0,0.0,0,413,0,5,0.5277,0.1236,GREEN,39,Kolkata
CLM0043552,KOL_08827,Behala,2020-07-29,20,0,0,0,0,0,0,0,0,0,1.0,0.071276,0,0.0,0,214,1,4,0.8732,0.0139,GREEN,34,Kolkata
CLM0043553,KOL_01183,New Town,2022-05-19,17,0,0,0,0,0,0,0,0,0,0.0,0.155726,0,0.0,0,270,2,0,0.4458,0.0,GREEN,36,Kolkata
CLM0043554,KOL_07395,Esplanade,2020-01-07,15,0,0,0,0,0,1,1,1,0,0.0,1.0,1,1.0,1,40,0,18,0.98,0.204,GREEN,19,Kolkata
CLM0043555,KOL_01356,Dum Dum,2021-04-19,20,0,0,0,0,0,0,1,0,0,0.0,0.117039,1,0.0,0,84,0,0,0.2792,0.0926,GREEN,30,Kolkata
CLM0043556,KOL_09791,Salt Lake,2022-05-15,13,0,0,0,0,0,0,0,0,0,0.0,0.341939,0,0.0,0,404,2,4,0.5975,0.0,GREEN,32,Kolkata
CLM0043557,KOL_07339,Sealdah,2020-08-23,19,0,0,0,0,0,1,0,0,0,0.0,0.037763,0,1.0,1,69,2,0,0.8263,0.2169,GREEN,50,Kolkata
CLM0043558,KOL_05441,New Town,2020-12-14,17,0,0,0,0,0,0,0,0,0,0.0,0.276735,0,0.0,0,374,3,2,0.5899,0.0,GREEN,39,Kolkata
CLM0043559,KOL_03565,Dum Dum,2023-09-12,14,0,0,0,0,0,0,0,0,0,0.0,0.961859,0,0.0,0,200,2,1,0.767,0.0581,GREEN,39,Kolkata
CLM0043560,KOL_09907,Dum Dum,2024-01-13,13,0,0,0,0,0,0,0,0,0,1.0,0.023283,0,0.0,0,128,0,4,0.8723,0.0755,GREEN,29,Kolkata
CLM0043561,KOL_07542,Salt Lake,2024-07-02,18,0,0,0,0,0,0,0,0,0,0.0,0.0,0,0.0,0,331,4,3,0.9541,0.0088,GREEN,40,Kolkata
CLM0043562,KOL_00228,Garia,2025-01-20,8,0,0,0,0,0,0,1,0,0,0.0,0.228738,0,0.0,0,420,4,1,0.7025,0.1051,GREEN,36,Kolkata
CLM0043563,KOL_09714,New Town,2025-08-19,9,0,0,0,0,0,0,0,1,0,0.0,0.196757,0,1.0,0,301,4,4,0.7214,0.2958,GREEN,41,Kolkata
CLM0043564,KOL_06156,Howrah,2024-04-14,9,0,0,0,1,0,0,1,1,0,0.0,1.0,0,1.0,1,17,0,8,0.889,0.0175,GREEN,24,Kolkata
CLM0043565,KOL_04867,Howrah,2021-11-24,13,0,0,0,0,0,0,0,0,0,0.0,0.171539,0,0.0,0,420,1,5,0.7016,0.008,GREEN,20,Kolkata
CLM0043566,KOL_05797,Esplanade,2025-08-12,13,0,0,0,0,0,0,0,0,0,0.0,0.266474,0,0.0,0,174,4,2,0.834,0.0,GREEN,24,Kolkata
CLM0043567,KOL_07262,Esplanade,2020-11-27,12,0,0,0,0,0,0,0,0,0,0.0,0.0,0,0.0,0,165,3,1,0.7348,0.0,GREEN,40,Kolkata
CLM0043568,KOL_00970,Salt Lake,2024-11-20,10,0,0,0,0,0,0,1,0,0,0.0,0.129134,0,0.0,0,198,3,6,0.8444,0.1708,GREEN,58,Kolkata
CLM0043569,KOL_00979,Behala,2024-10-04,8,0,0,0,0,0,0,0,0,0,0.0,0.128653,0,0.0,0,231,1,0,0.05,0.0275,GREEN,31,Kolkata
CLM0043570,KOL_09708,Howrah,2023-03-07,15,0,0,0,0,0,0,0,1,0,0.0,0.024895,0,1.0,0,367,1,0,0.9175,0.2185,GREEN,29,Kolkata
CLM0043571,KOL_06940,Sealdah,2023-02-07,17,0,0,0,0,0,0,0,0,0,0.0,0.198449,0,0.0,0,420,4,2,0.7418,0.0,GREEN,61,Kolkata
CLM0043572,KOL_00697,Behala,2023-12-06,19,0,0,0,0,0,0,0,0,0,0.0,0.33588,0,0.0,0,156,4,1,0.9027,0.0,GREEN,28,Kolkata
CLM0043573,KOL_05118,Esplanade,2020-10-21,18,0,0,0,0,0,0,0,0,0,0.0,0.373655,1,0.0,0,66,0,3,0.682,0.1397,GREEN,31,Kolkata
CLM0043574,KOL_00830,Behala,2022-06-23,20,0,0,0,1,0,1,1,1,0,1.0,0.990181,0,1.0,1,34,1,18,0.883,0.0,GREEN,30,Kolkata
CLM0043575,KOL_09949,Tollygunge,2020-10-21,20,0,0,0,0,0,0,0,0,0,0.0,0.367945,0,0.0,0,377,2,2,0.5568,0.0132,GREEN,41,Kolkata
CLM0043576,KOL_01894,Sealdah,2023-12-12,15,0,0,0,0,0,1,0,1,0,0.0,0.310387,0,0.0,0,156,0,1,0.9786,0.2932,GREEN,18,Kolkata
CLM0043577,KOL_04020,Garia,2023-03-09,20,0,0,0,0,0,0,0,0,0,0.0,0.154527,0,1.0,0,156,3,4,0.9123,0.0,GREEN,39,Kolkata
CLM0043578,KOL_07813,Dum Dum,2023-09-16,14,0,0,0,0,0,0,0,0,0,0.0,0.0,0,0.0,0,80,2,5,0.6145,0.0,GREEN,34,Kolkata
CLM0043579,KOL_04665,New Town,2023-08-04,21,0,0,0,0,0,0,0,0,0,0.0,0.293471,0,0.0,0,384,1,1,0.763,0.0017,GREEN,40,Kolkata
CLM0043580,KOL_09152,Esplanade,2019-08-11,19,0,0,0,0,0,0,0,1,0,0.0,0.053909,0,0.0,0,395,1,1,0.8741,0.061,GREEN,37,Kolkata
CLM0043581,KOL_05983,Esplanade,2017-11-20,18,0,1,1,0,0,0,0,0,0,1.0,0.035341,0,0.0,0,7,2,1,0.892,0.0561,GREEN,41,Kolkata
CLM0043582,KOL_09146,Tollygunge,2016-09-20,7,0,0,0,0,0,0,0,0,0,0.0,0.468578,0,0.0,0,168,3,1,0.1252,0.0,GREEN,52,Kolkata
CLM0043583,KOL_09864,Garia,2020-06-16,16,0,0,0,0,0,0,0,0,1,0.0,0.094265,0,0.0,0,420,0,4,0.3796,0.1675,GREEN,39,Kolkata
CLM0043584,KOL_06686,Howrah,2018-02-17,13,0,0,0,0,0,0,0,0,0,0.0,0.073097,0,0.0,0,272,0,2,0.3212,0.009,GREEN,19,Kolkata
CLM0043585,KOL_00142,Howrah,2020-03-02,16,0,0,0,0,0,1,0,0,0,1.0,0.464138,0,0.0,0,326,3,4,0.7266,0.1818,GREEN,50,Kolkata
CLM0043586,KOL_04321,Howrah,2023-10-12,8,0,0,0,0,0,0,0,0,0,0.0,0.125061,0,0.0,0,420,1,3,0.898,0.0,GREEN,45,Kolkata
CLM0043587,KOL_09045,Park Street,2025-12-10,18,0,0,0,0,0,0,0,0,0,0.0,0.247345,0,0.0,0,263,4,0,0.8882,0.006,GREEN,44,Kolkata
CLM0043588,KOL_08851,Dum Dum,2021-06-16,19,0,0,0,0,0,0,0,0,0,0.0,0.003462,0,0.0,0,420,2,0,0.6889,0.0,GREEN,61,Kolkata
CLM0043589,KOL_05198,New Town,2024-03-27,14,0,0,0,1,0,0,0,1,0,0.0,0.215698,0,0.0,0,257,3,3,0.2394,0.2799,GREEN,43,Kolkata
CLM0043590,KOL_01721,Garia,2018-01-24,16,0,0,0,0,0,0,0,0,0,0.0,0.355233,0,0.0,0,420,1,3,0.5197,0.0,GREEN,23,Kolkata
CLM0043591,KOL_09860,Park Street,2020-02-22,14,0,0,0,0,0,1,0,1,0,0.0,0.31395,0,0.0,0,288,2,1,0.6497,0.1916,GREEN,47,Kolkata
CLM0043592,KOL_08647,Tollygunge,2019-04-30,10,0,0,0,0,0,0,0,0,0,0.0,0.046377,0,0.0,0,126,2,2,0.8073,0.022,GREEN,47,Kolkata
CLM0043593,KOL_06188,Dum Dum,2025-02-15,8,0,0,0,0,0,0,1,0,0,0.0,0.178617,0,0.0,0,223,1,4,0.7337,0.0,GREEN,18,Kolkata
CLM0043594,KOL_06131,Garia,2018-11-15,20,0,0,0,0,0,0,0,0,0,0.0,0.230178,0,0.0,0,85,4,0,0.3681,0.1405,GREEN,34,Kolkata
CLM0043595,KOL_02325,Dum Dum,2024-12-05,16,0,0,0,1,0,1,1,0,0,1.0,0.114325,0,0.0,0,126,0,4,0.8289,0.331,YELLOW,36,Kolkata
CLM0043596,KOL_06584,Esplanade,2021-05-21,19,0,0,0,0,0,0,0,0,0,0.0,0.962555,0,0.0,0,57,3,0,0.2331,0.0567,GREEN,35,Kolkata
CLM0043597,KOL_09750,Garia,2025-02-22,12,0,0,0,0,0,0,0,0,0,1.0,0.053927,0,0.0,0,42,1,2,0.8896,0.0883,GREEN,18,Kolkata
CLM0043598,KOL_00320,Sealdah,2021-04-25,21,0,0,0,0,0,0,1,0,0,0.0,0.275312,0,0.0,0,420,1,0,0.9308,0.0658,GREEN,34,Kolkata
CLM0043599,KOL_09230,New Town,2023-09-14,9,0,0,0,0,0,0,0,0,0,0.0,0.464744,1,0.0,0,258,2,5,0.6971,0.0167,GREEN,24,Kolkata
CLM0043600,KOL_08572,Tollygunge,2024-03-16,16,0,0,0,0,0,0,0,0,0,0.0,0.404979,0,0.0,1,399,4,0,0.9091,0.0662,GREEN,40,Kolkata
CLM0043601,KOL_03025,Howrah,2025-12-07,12,0,0,0,0,0,0,0,0,0,0.0,0.472881,0,0.0,0,348,2,1,0.8228,0.0,GREEN,36,Kolkata
CLM0043602,KOL_08703,Tollygunge,2023-11-21,12,0,0,0,0,0,0,0,0,0,0.0,0.369613,0,0.0,0,420,2,0,0.9717,0.1308,GREEN,43,Kolkata
CLM0043603,KOL_05430,Tollygunge,2023-01-12,15,0,0,0,0,0,0,0,0,0,0.0,0.34614,0,0.0,0,243,3,5,0.0653,0.0247,GREEN,32,Kolkata
CLM0043604,KOL_08162,Behala,2020-04-28,13,0,0,0,0,0,0,0,0,0,0.0,0.376841,0,0.0,0,420,0,0,0.2073,0.0,GREEN,39,Kolkata
CLM0043605,KOL_00862,Dum Dum,2020-02-03,18,0,0,0,0,0,0,0,0,1,0.0,0.086847,0,0.0,0,350,3,3,0.2686,0.1734,GREEN,47,Kolkata
CLM0043606,KOL_08838,Tollygunge,2018-12-06,11,0,0,0,0,0,0,0,0,0,1.0,0.227853,0,0.0,0,308,4,1,0.712,0.0664,GREEN,54,Kolkata
CLM0043607,KOL_01661,Howrah,2022-07-24,12,0,0,0,0,0,0,0,0,0,0.0,0.153232,0,0.0,0,339,2,1,0.1849,0.0,GREEN,45,Kolkata
CLM0043608,KOL_06207,Howrah,2022-05-11,20,0,0,0,0,0,0,0,0,0,0.0,0.439802,0,1.0,1,420,3,2,0.98,0.1357,GREEN,29,Kolkata
CLM0043609,KOL_02153,Esplanade,2023-05-28,12,0,0,0,0,0,0,0,0,0,0.0,0.438066,0,0.0,0,420,3,1,0.8575,0.0425,GREEN,34,Kolkata
CLM0043610,KOL_08468,New Town,2023-03-26,17,0,0,0,0,0,1,0,0,0,0.0,0.280784,0,0.0,0,47,2,0,0.073,0.1349,GREEN,39,Kolkata
CLM0043611,KOL_04848,Tollygunge,2025-11-21,17,0,0,0,1,0,0,0,0,0,0.0,0.07643,0,0.0,0,185,0,3,0.5008,0.0957,GREEN,49,Kolkata
CLM0043612,KOL_09088,Dum Dum,2023-10-07,9,0,0,0,0,0,0,0,0,0,0.0,0.338668,0,0.0,0,127,3,3,0.4001,0.0,GREEN,51,Kolkata
CLM0043613,KOL_08529,New Town,2025-12-19,12,0,0,0,0,0,1,0,0,0,0.0,0.0,0,0.0,0,176,0,4,0.4,0.0987,GREEN,19,Kolkata
CLM0043614,KOL_04149,Park Street,2022-12-05,12,0,0,0,1,0,0,0,1,1,1.0,1.0,1,0.0,1,7,3,18,0.929,0.0,GREEN,54,Kolkata
CLM0043615,KOL_07433,Sealdah,2025-04-21,18,0,0,0,1,0,0,0,0,0,0.0,0.29595,0,0.0,0,420,0,3,0.505,0.1629,GREEN,19,Kolkata
CLM0043616,KOL_05167,Esplanade,2023-09-20,9,0,0,0,0,0,0,0,0,0,0.0,0.240695,0,0.0,0,319,0,4,0.6083,0.0826,GREEN,27,Kolkata
CLM0043617,KOL_07210,Salt Lake,2024-04-04,11,0,0,0,0,0,0,1,0,0,0.0,0.415411,0,0.0,0,340,2,2,0.731,0.0767,GREEN,40,Kolkata
CLM0043618,KOL_01450,Park Street,2020-04-03,20,0,0,0,0,0,0,0,1,0,0.0,0.163606,0,0.0,0,233,0,2,0.8523,0.0863,GREEN,42,Kolkata
CLM0043619,KOL_03269,Behala,2021-11-06,11,0,0,0,0,0,0,0,0,0,0.0,0.122656,0,0.0,1,76,2,4,0.8783,0.0446,GREEN,29,Kolkata
CLM0043620,KOL_09264,Salt Lake,2021-02-26,16,0,0,0,0,0,0,0,0,0,0.0,0.134114,0,0.0,0,218,2,4,0.6573,0.0826,GREEN,43,Kolkata
CLM0043621,KOL_09079,Behala,2023-06-22,18,0,0,0,0,0,0,0,0,0,0.0,0.0,0,0.0,0,30,2,6,0.5379,0.1159,GREEN,27,Kolkata
CLM0043622,KOL_06300,Sealdah,2021-10-28,16,0,0,0,0,0,0,1,1,0,0.0,0.484079,0,0.0,0,338,2,3,0.6774,0.1967,GREEN,43,Kolkata
CLM0043623,KOL_09436,Behala,2025-10-06,16,0,0,0,0,1,0,0,0,0,0.0,0.151648,0,0.0,0,420,3,4,0.8397,0.086,GREEN,22,Kolkata
CLM0043624,KOL_08958,Howrah,2020-01-18,19,0,0,0,0,0,0,0,1,0,0.0,0.054356,0,0.0,0,45,2,0,0.7067,0.053,GREEN,25,Kolkata
CLM0043625,KOL_04441,Tollygunge,2023-05-20,18,0,0,0,0,0,0,0,0,1,0.0,0.216172,0,0.0,1,165,4,6,0.337,0.1873,GREEN,28,Kolkata
CLM0043626,KOL_08059,Esplanade,2025-09-12,10,0,0,0,0,0,0,1,0,0,0.0,1.0,0,0.0,0,383,0,1,0.0778,0.0048,GREEN,33,Kolkata
CLM0043627,KOL_07683,Behala,2021-10-26,12,0,0,0,0,0,0,0,0,0,0.0,0.285789,0,0.0,0,12,4,0,0.7797,0.0993,GREEN,33,Kolkata
CLM0043628,KOL_01135,Sealdah,2024-04-15,13,0,0,0,0,0,0,0,0,0,1.0,0.043576,0,0.0,0,229,1,2,0.536,0.0725,GREEN,23,Kolkata
CLM0043629,KOL_06201,Park Street,2021-08-15,10,0,0,0,0,1,0,0,1,0,0.0,0.049576,0,0.0,0,420,1,2,0.9113,0.2488,GREEN,20,Kolkata
CLM0043630,KOL_00464,Park Street,2021-05-12,10,0,0,0,0,0,0,0,0,0,0.0,0.424685,0,0.0,0,307,4,0,0.98,0.0025,GREEN,39,Kolkata
CLM0043631,KOL_04087,Salt Lake,2024-08-10,14,0,0,0,0,0,0,0,0,0,0.0,0.163092,0,0.0,0,187,0,2,0.9361,0.0,GREEN,43,Kolkata
CLM0043632,KOL_03155,Sealdah,2021-05-08,20,0,0,0,0,0,0,0,0,0,0.0,0.240177,0,0.0,0,415,0,3,0.7817,0.1061,GREEN,25,Kolkata
CLM0043633,KOL_03515,Howrah,2024-02-02,21,0,0,0,0,0,0,0,0,0,0.0,0.102848,0,0.0,0,420,0,0,0.8003,0.0,GREEN,28,Kolkata
CLM0043634,KOL_07816,New Town,2023-08-14,11,0,1,1,0,0,0,1,0,0,0.0,0.44692,0,0.0,0,251,1,1,0.7984,0.0,GREEN,42,Kolkata
CLM0043635,KOL_00689,Dum Dum,2022-06-19,11,0,0,0,0,0,0,0,0,0,0.0,0.329493,0,0.0,0,345,4,3,0.6472,0.0325,GREEN,29,Kolkata
CLM0043636,KOL_01106,Garia,2024-08-23,10,0,0,0,0,0,0,0,0,0,0.0,0.116582,0,0.0,0,420,0,5,0.05,0.0019,GREEN,29,Kolkata
CLM0043637,KOL_07213,Garia,2018-12-13,7,0,1,1,1,1,1,1,0,1,1.0,1.0,1,0.0,0,23,1,16,0.3225,0.7754,RED,37,Kolkata
CLM0043638,KOL_05859,Howrah,2020-07-30,15,0,1,1,0,0,1,1,1,0,0.0,0.0,0,0.0,1,12,2,18,0.8989,0.3823,YELLOW,65,Kolkata
CLM0043639,KOL_08257,Garia,2022-06-19,8,0,1,1,1,0,1,1,1,0,1.0,1.0,0,1.0,1,16,1,18,0.7123,0.6206,RED,22,Kolkata
CLM0043640,KOL_04092,Garia,2024-10-31,14,0,1,1,0,0,0,0,1,0,0.0,0.084722,0,0.0,0,48,0,18,0.909,0.3454,YELLOW,35,Kolkata
CLM0043641,KOL_00097,Esplanade,2022-11-08,10,0,1,1,1,1,0,1,0,0,0.0,0.960645,1,1.0,1,5,1,18,0.8688,0.4473,YELLOW,50,Kolkata
CLM0043642,KOL_00719,Garia,2020-04-23,11,0,1,1,1,1,0,1,1,1,1.0,0.943588,0,1.0,0,7,0,13,0.1522,0.753,RED,30,Kolkata
CLM0043643,KOL_02720,Dum Dum,2021-04-13,7,0,1,1,1,0,1,1,0,0,1.0,0.392934,1,0.0,1,16,1,18,0.9717,0.5215,YELLOW,24,Kolkata
CLM0043644,KOL_08739,Tollygunge,2025-06-15,16,0,0,0,0,0,0,0,0,0,0.0,0.081501,0,1.0,0,208,2,0,0.7722,0.0839,GREEN,25,Kolkata
CLM0043645,KOL_00284,Sealdah,2025-09-09,9,0,0,0,0,0,0,0,0,0,0.0,0.178435,0,0.0,0,420,0,1,0.2007,0.0,GREEN,23,Kolkata
CLM0043646,KOL_05640,Park Street,2024-09-08,17,0,0,0,0,0,0,0,0,0,1.0,0.08662,0,0.0,0,126,0,0,0.98,0.0331,GREEN,33,Kolkata
CLM0043647,KOL_01620,Garia,2025-08-06,13,0,0,0,0,0,0,0,0,0,0.0,0.060041,0,0.0,1,59,1,1,0.5861,0.1108,GREEN,22,Kolkata
CLM0043648,KOL_07945,Park Street,2024-09-19,20,0,0,0,0,0,0,0,0,0,0.0,0.0,0,0.0,0,420,3,4,0.8388,0.004,GREEN,38,Kolkata
CLM0043649,KOL_02027,Park Street,2025-08-22,11,0,0,0,0,0,0,0,0,0,0.0,0.050181,0,0.0,0,209,1,6,0.6824,0.0,GREEN,30,Kolkata
CLM0043650,KOL_01568,Salt Lake,2024-07-02,8,0,0,0,0,0,0,0,0,0,0.0,0.162554,0,1.0,0,151,4,0,0.871,0.0459,GREEN,20,Kolkata
CLM0043651,KOL_05942,Dum Dum,2024-12-22,15,0,0,0,0,0,0,0,0,0,0.0,0.191503,0,0.0,0,41,2,1,0.5424,0.0,GREEN,39,Kolkata
CLM0043652,KOL_01815,Salt Lake,2024-03-17,18,0,0,0,0,0,0,0,0,0,0.0,0.2749,0,0.0,0,64,0,4,0.7425,0.0,GREEN,65,Kolkata
CLM0043653,KOL_07773,Howrah,2024-08-10,11,0,0,0,0,0,0,0,0,0,0.0,0.297148,1,0.0,0,234,0,1,0.758,0.0,GREEN,21,Kolkata
CLM0043654,KOL_09228,Sealdah,2024-05-06,7,0,0,0,0,1,0,0,1,0,0.0,1.0,0,0.0,0,256,0,2,0.6256,0.2588,GREEN,19,Kolkata
CLM0043655,KOL_00134,Behala,2024-11-13,12,0,0,0,0,0,0,0,0,0,0.0,0.327605,0,0.0,0,420,2,0,0.6025,0.0995,GREEN,39,Kolkata
CLM0043656,KOL_04399,Sealdah,2024-11-07,14,0,0,0,0,0,0,0,0,1,0.0,0.320937,0,0.0,0,84,0,2,0.2426,0.1653,GREEN,49,Kolkata
CLM0043657,KOL_09839,Tollygunge,2025-02-06,10,0,0,0,0,0,0,0,0,0,0.0,0.354038,0,0.0,1,76,2,1,0.6646,0.0218,GREEN,36,Kolkata
CLM0043658,KOL_01784,New Town,2023-02-05,8,0,0,0,0,0,0,0,0,0,0.0,0.092094,0,0.0,0,420,2,1,0.2119,0.0034,GREEN,32,Kolkata
CLM0043659,KOL_02947,Salt Lake,2024-12-28,19,0,0,0,0,0,0,0,0,0,0.0,0.12897,0,0.0,0,72,2,2,0.8023,0.0,GREEN,31,Kolkata
CLM0043660,KOL_05874,Salt Lake,2022-12-17,9,0,0,0,0,0,0,0,0,0,1.0,0.326349,1,0.0,0,379,4,0,0.8678,0.1566,GREEN,46,Kolkata
CLM0043661,KOL_06557,Sealdah,2021-01-02,21,0,0,0,1,0,0,0,1,0,1.0,1.0,0,1.0,0,191,1,2,0.7856,0.2467,GREEN,30,Kolkata
CLM0043662,KOL_02899,New Town,2020-05-20,18,0,0,0,0,1,0,0,0,0,0.0,0.097412,0,0.0,0,366,1,0,0.1985,0.2403,GREEN,25,Kolkata
CLM0043663,KOL_01196,Park Street,2025-05-27,21,0,0,0,0,0,0,0,0,0,0.0,0.0,0,0.0,1,364,4,2,0.6549,0.0387,GREEN,29,Kolkata
CLM0043664,KOL_01273,Howrah,2024-08-22,16,0,0,0,0,1,0,0,0,0,0.0,0.182765,0,1.0,0,192,2,2,0.6831,0.1969,GREEN,33,Kolkata
CLM0043665,KOL_03792,Park Street,2022-04-05,18,0,0,0,0,0,0,0,0,0,0.0,0.33619,0,0.0,0,282,0,2,0.7602,0.0438,GREEN,43,Kolkata
CLM0043666,KOL_08250,Howrah,2022-09-23,10,0,0,0,0,0,0,0,0,0,0.0,0.925578,0,0.0,0,420,3,0,0.5485,0.0721,GREEN,32,Kolkata
CLM0043667,KOL_00215,Garia,2025-05-14,9,0,0,0,0,0,0,0,0,0,1.0,0.375181,0,0.0,0,80,2,0,0.6852,0.1172,GREEN,34,Kolkata
CLM0043668,KOL_07154,Park Street,2021-06-10,14,0,0,0,0,0,1,0,0,0,0.0,0.23997,0,0.0,0,257,1,1,0.7025,0.0906,GREEN,42,Kolkata
CLM0043669,KOL_04105,Tollygunge,2023-11-26,17,0,0,0,0,0,1,0,0,0,0.0,0.122057,0,1.0,0,276,0,1,0.7351,0.0992,GREEN,49,Kolkata
CLM0043670,KOL_04992,Behala,2025-01-04,9,0,0,0,0,0,0,0,0,0,0.0,0.17642,0,0.0,0,16,2,2,0.9604,0.0682,GREEN,36,Kolkata
CLM0043671,KOL_08286,New Town,2024-12-04,13,0,0,0,0,0,0,0,0,0,0.0,0.0,0,0.0,0,420,3,5,0.9233,0.0346,GREEN,28,Kolkata
CLM0043672,KOL_05407,Garia,2024-04-30,13,0,0,0,0,0,0,0,0,0,0.0,0.413144,0,1.0,0,245,3,7,0.7267,0.0,GREEN,42,Kolkata
CLM0043673,KOL_09410,Behala,2024-08-22,11,0,0,0,0,0,0,0,0,0,0.0,0.262473,0,0.0,0,87,0,2,0.6363,0.0172,GREEN,31,Kolkata
CLM0043674,KOL_02662,Behala,2024-07-23,11,0,0,0,0,0,0,0,0,0,0.0,0.215777,0,0.0,0,343,1,5,0.5182,0.0,GREEN,42,Kolkata
CLM0043675,KOL_03449,Howrah,2021-05-26,20,0,0,0,0,0,0,0,0,0,0.0,0.298975,0,0.0,0,215,1,6,0.5135,0.0,GREEN,43,Kolkata
CLM0043676,KOL_04695,Sealdah,2023-10-28,12,0,0,0,0,0,0,0,0,0,0.0,1.0,0,0.0,0,117,1,5,0.6374,0.0,GREEN,38,Kolkata
CLM0043677,KOL_04248,Howrah,2019-09-09,10,0,0,0,0,0,0,1,0,1,1.0,0.385758,0,0.0,0,244,1,0,0.7674,0.2526,GREEN,47,Kolkata
CLM0043678,KOL_09881,Garia,2017-07-16,11,0,0,0,0,0,0,0,0,0,0.0,0.389193,0,0.0,0,317,3,2,0.6968,0.0,GREEN,39,Kolkata
CLM0043679,KOL_08620,Tollygunge,2019-03-31,18,0,0,0,0,0,0,0,0,0,0.0,0.231408,0,0.0,0,385,0,1,0.9272,0.0,GREEN,47,Kolkata
CLM0043680,KOL_01220,Sealdah,2024-03-16,8,0,0,0,0,1,0,0,0,0,0.0,0.215086,0,1.0,0,420,3,0,0.496,0.217,GREEN,58,Kolkata
CLM0043681,KOL_00001,Esplanade,2018-01-04,10,0,0,0,0,0,0,0,0,0,0.0,0.068366,0,0.0,0,420,1,0,0.5004,0.0,GREEN,36,Kolkata
CLM0043682,KOL_08974,Tollygunge,2019-06-12,13,0,0,0,0,0,0,0,0,0,0.0,0.0,0,0.0,0,23,3,0,0.9019,0.0065,GREEN,42,Kolkata
CLM0043683,KOL_08201,New Town,2015-07-15,20,0,0,0,0,0,0,0,1,0,0.0,0.104742,0,0.0,0,63,3,2,0.7546,0.1739,GREEN,48,Kolkata
CLM0043684,KOL_06150,Dum Dum,2025-12-17,11,0,0,0,0,0,0,0,0,0,0.0,0.209226,0,1.0,0,268,0,0,0.9481,0.1047,GREEN,30,Kolkata
CLM0043685,KOL_02192,Behala,2024-06-29,16,0,0,0,0,0,0,0,0,0,0.0,1.0,0,0.0,0,420,4,2,0.5528,0.0,GREEN,51,Kolkata
CLM0043686,KOL_04386,Park Street,2025-08-12,8,0,0,0,0,0,0,0,0,0,0.0,0.321932,0,0.0,0,363,3,5,0.351,0.0,GREEN,34,Kolkata
CLM0043687,KOL_05877,Howrah,2025-11-10,21,0,0,0,0,0,0,0,0,0,0.0,0.067559,0,0.0,0,269,3,1,0.7572,0.0331,GREEN,26,Kolkata
CLM0043688,KOL_00172,Tollygunge,2024-09-02,11,0,1,1,0,1,1,0,0,0,0.0,0.090684,0,0.0,0,67,0,2,0.7254,0.1557,GREEN,32,Kolkata
CLM0043689,KOL_07476,Park Street,2025-02-01,12,0,0,0,0,0,0,0,0,0,0.0,1.0,0,1.0,0,10,1,3,0.0855,0.0425,GREEN,36,Kolkata
CLM0043690,KOL_08946,Garia,2024-11-13,11,0,0,0,0,0,0,0,0,0,0.0,0.388277,0,0.0,0,353,0,4,0.7241,0.1224,GREEN,49,Kolkata
CLM0043691,KOL_00279,Garia,2025-02-15,18,0,0,0,0,0,0,0,0,0,1.0,0.34848,0,0.0,0,419,1,0,0.2258,0.0963,GREEN,41,Kolkata
CLM0043692,KOL_03149,Sealdah,2024-07-06,19,0,0,0,0,0,1,0,0,0,0.0,0.161525,0,0.0,0,420,0,0,0.694,0.0917,GREEN,43,Kolkata
CLM0043693,KOL_02308,Park Street,2025-08-21,20,0,0,0,0,0,0,1,0,0,0.0,0.276431,0,0.0,0,305,3,3,0.2624,0.053,GREEN,18,Kolkata
CLM0043694,KOL_00268,Sealdah,2020-10-05,18,0,0,0,0,0,0,0,0,0,1.0,0.166074,0,0.0,0,420,1,0,0.8435,0.0936,GREEN,27,Kolkata
CLM0043695,KOL_04797,Park Street,2023-07-14,18,0,0,0,0,0,0,0,0,0,0.0,0.157823,0,0.0,0,117,0,5,0.5774,0.0,GREEN,18,Kolkata
CLM0043696,KOL_04104,Garia,2018-03-30,9,0,0,0,0,0,0,0,1,0,0.0,0.2066,0,0.0,1,51,1,0,0.2135,0.1314,GREEN,32,Kolkata
CLM0043697,KOL_07128,Garia,2018-04-01,8,0,0,0,0,0,0,0,0,0,0.0,0.121836,0,0.0,0,128,0,4,0.6452,0.0139,GREEN,37,Kolkata
CLM0043698,KOL_05169,Tollygunge,2023-01-13,16,0,0,0,0,0,0,0,0,0,0.0,0.0,0,0.0,0,195,3,0,0.9352,0.0334,GREEN,40,Kolkata
CLM0043699,KOL_08107,Salt Lake,2017-09-25,8,0,0,0,0,0,0,0,1,0,1.0,0.287558,0,0.0,0,420,0,1,0.05,0.2243,GREEN,42,Kolkata
CLM0043700,KOL_06386,Tollygunge,2023-09-30,9,0,0,0,0,0,0,0,0,0,1.0,0.911037,0,0.0,0,420,0,1,0.8865,0.1638,GREEN,52,Kolkata
CLM0043701,KOL_08594,Tollygunge,2024-04-30,16,0,0,0,0,0,0,0,0,0,0.0,0.31004,0,0.0,0,105,3,0,0.5154,0.0458,GREEN,39,Kolkata
CLM0043702,KOL_05588,Esplanade,2024-05-31,12,0,0,0,0,0,0,0,0,0,0.0,0.2059,0,0.0,0,166,1,3,0.7349,0.0,GREEN,51,Kolkata
CLM0043703,KOL_08867,Dum Dum,2020-11-14,14,0,0,0,0,0,0,0,0,0,0.0,0.274086,0,0.0,0,97,3,2,0.8477,0.1121,GREEN,40,Kolkata
CLM0043704,KOL_07641,New Town,2022-09-22,21,0,0,0,0,0,0,0,0,1,0.0,0.393622,0,0.0,0,269,3,2,0.6556,0.072,GREEN,44,Kolkata
CLM0043705,KOL_08620,Tollygunge,2024-07-25,15,0,0,0,0,0,1,0,0,1,0.0,0.056413,0,0.0,0,420,2,2,0.5367,0.1333,GREEN,47,Kolkata
CLM0043706,KOL_08390,Howrah,2018-03-20,18,0,0,0,0,0,0,0,0,0,0.0,0.364746,0,0.0,0,123,0,0,0.0608,0.0136,GREEN,37,Kolkata
CLM0043707,KOL_00828,Dum Dum,2020-01-04,10,0,0,0,0,0,0,0,0,0,0.0,0.154436,0,0.0,0,420,1,3,0.642,0.0399,GREEN,60,Kolkata
CLM0043708,KOL_07763,Salt Lake,2023-04-15,15,0,0,0,0,1,0,0,0,0,1.0,0.265248,0,0.0,0,420,1,1,0.4507,0.0991,GREEN,37,Kolkata
CLM0043709,KOL_04152,Behala,2025-10-05,13,0,0,0,0,0,0,0,0,0,1.0,0.866799,0,1.0,0,189,4,3,0.9771,0.0208,GREEN,44,Kolkata
CLM0043710,KOL_01980,Park Street,2023-08-29,15,0,0,0,0,0,1,0,0,0,0.0,0.0,0,0.0,0,59,0,6,0.8266,0.1064,GREEN,20,Kolkata
CLM0043711,KOL_02572,Sealdah,2020-12-10,20,0,0,0,0,0,1,0,0,0,0.0,0.0,0,0.0,0,389,4,2,0.5944,0.0649,GREEN,36,Kolkata
CLM0043712,KOL_03872,Tollygunge,2025-10-15,11,0,0,0,0,0,0,1,0,0,0.0,0.349816,0,0.0,1,226,0,3,0.6071,0.2801,GREEN,43,Kolkata
CLM0043713,KOL_00082,Garia,2020-05-26,9,0,1,1,0,0,0,1,0,0,0.0,0.319967,0,0.0,0,420,3,0,0.8846,0.1387,GREEN,38,Kolkata
CLM0043714,KOL_02106,Salt Lake,2023-05-30,14,0,0,0,1,0,0,0,0,1,1.0,0.055476,0,1.0,1,11,1,18,0.2583,0.0561,GREEN,24,Kolkata
CLM0043715,KOL_05561,Park Street,2019-01-26,14,0,0,0,0,0,0,0,0,0,0.0,0.312822,0,0.0,0,323,1,2,0.9771,0.0166,GREEN,40,Kolkata
CLM0043716,KOL_06142,Howrah,2022-04-27,17,0,0,0,0,0,0,0,0,0,0.0,0.352779,0,0.0,0,96,2,0,0.6757,0.0,GREEN,21,Kolkata
CLM0043717,KOL_05360,Esplanade,2018-07-05,13,0,0,0,0,0,0,0,0,0,0.0,0.170165,0,0.0,0,420,2,4,0.6457,0.0124,GREEN,23,Kolkata
CLM0043718,KOL_04521,Park Street,2023-09-01,20,0,0,0,0,0,0,1,0,0,0.0,0.114122,0,0.0,0,214,1,0,0.8834,0.0,GREEN,45,Kolkata
CLM0043719,KOL_03011,Dum Dum,2020-07-05,15,0,0,0,0,0,0,0,0,0,0.0,0.220211,0,0.0,0,401,4,2,0.745,0.0578,GREEN,67,Kolkata
CLM0043720,KOL_06153,Garia,2022-05-16,15,0,0,0,0,0,0,0,0,0,0.0,0.297435,0,1.0,0,191,4,0,0.6885,0.0,GREEN,20,Kolkata
CLM0043721,KOL_04895,Salt Lake,2025-09-08,15,0,0,0,0,0,0,0,0,0,0.0,0.301727,0,0.0,0,363,0,2,0.98,0.0,GREEN,52,Kolkata
CLM0043722,KOL_01594,Sealdah,2022-04-14,19,0,0,0,0,0,0,0,0,0,0.0,0.157853,0,0.0,0,5,1,1,0.98,0.077,GREEN,38,Kolkata
CLM0043723,KOL_01455,Dum Dum,2025-07-24,20,0,0,0,0,0,0,0,0,0,0.0,0.028301,0,0.0,0,340,1,7,0.6276,0.0003,GREEN,41,Kolkata
CLM0043724,KOL_02839,Garia,2025-06-09,14,0,0,0,0,0,0,0,0,0,0.0,0.454032,0,0.0,0,420,4,0,0.713,0.0,GREEN,31,Kolkata
CLM0043725,KOL_06035,Sealdah,2022-10-28,12,0,0,0,0,0,0,1,0,0,0.0,0.401583,0,0.0,0,163,2,2,0.7929,0.0,GREEN,50,Kolkata
CLM0043726,KOL_08639,Park Street,2022-04-06,9,0,0,0,1,1,0,1,1,1,1.0,0.906923,0,1.0,0,9,2,15,0.4305,0.0,GREEN,33,Kolkata
CLM0043727,KOL_08784,New Town,2023-11-07,8,0,0,0,0,0,0,0,1,0,1.0,1.0,0,0.0,0,420,1,2,0.6073,0.0727,GREEN,66,Kolkata
CLM0043728,KOL_03106,Howrah,2020-12-07,7,0,0,0,0,0,0,0,0,0,0.0,0.019174,0,0.0,0,133,1,2,0.6367,0.0597,GREEN,48,Kolkata
CLM0043729,KOL_06206,New Town,2020-12-31,19,0,0,0,1,0,1,1,1,1,0.0,0.083962,0,0.0,1,16,2,18,0.98,0.0945,GREEN,26,Kolkata
CLM0043730,KOL_00470,Behala,2021-06-14,14,0,0,0,0,0,0,1,0,0,0.0,0.116609,0,0.0,0,360,2,6,0.171,0.0165,GREEN,40,Kolkata
CLM0043731,KOL_01987,Dum Dum,2023-03-06,7,0,1,1,0,0,0,0,0,0,0.0,0.17631,0,1.0,0,123,3,2,0.6974,0.0459,GREEN,42,Kolkata
CLM0043732,KOL_02868,Sealdah,2020-07-07,19,0,0,0,0,0,1,0,0,0,0.0,0.410967,0,0.0,0,100,1,3,0.7978,0.1022,GREEN,33,Kolkata
CLM0043733,KOL_05771,Sealdah,2024-11-24,9,0,0,0,0,0,0,0,0,0,0.0,0.006837,0,0.0,0,400,1,3,0.6006,0.0984,GREEN,35,Kolkata
CLM0043734,KOL_00871,Tollygunge,2022-12-24,10,0,0,0,0,0,1,0,0,0,0.0,0.302069,0,0.0,0,292,4,3,0.9453,0.0541,GREEN,31,Kolkata
CLM0043735,KOL_09363,Sealdah,2020-02-27,21,0,0,0,0,0,0,0,0,0,0.0,0.181849,0,0.0,0,178,4,2,0.5081,0.0327,GREEN,38,Kolkata
CLM0043736,KOL_02507,New Town,2018-02-14,13,0,0,0,0,0,0,0,0,0,0.0,0.030297,0,0.0,0,420,2,3,0.98,0.0587,GREEN,34,Kolkata
CLM0043737,KOL_04732,Garia,2020-08-30,15,0,0,0,0,0,0,0,0,0,0.0,0.339519,0,0.0,1,420,4,5,0.8557,0.0898,GREEN,43,Kolkata
CLM0043738,KOL_05823,Howrah,2023-03-15,14,0,0,0,0,0,0,0,1,0,0.0,0.975284,0,0.0,0,282,3,2,0.7925,0.0,GREEN,32,Kolkata
CLM0043739,KOL_06063,Park Street,2022-12-02,13,0,0,0,0,0,0,0,0,1,0.0,0.363308,0,0.0,0,9,4,0,0.98,0.0695,GREEN,18,Kolkata
CLM0043740,KOL_02913,New Town,2021-02-19,21,0,0,0,0,0,1,0,0,0,0.0,0.297558,0,0.0,0,420,0,3,0.6211,0.0981,GREEN,38,Kolkata
CLM0043741,KOL_09947,Salt Lake,2020-08-13,18,0,0,0,1,1,0,1,1,1,0.0,0.109792,1,0.0,0,5,1,18,0.966,0.0,GREEN,31,Kolkata
CLM0043742,KOL_05362,Tollygunge,2024-01-29,18,0,0,0,0,0,0,0,0,0,0.0,0.176011,0,0.0,0,117,1,1,0.2368,0.0776,GREEN,45,Kolkata
CLM0043743,KOL_06735,Tollygunge,2024-08-25,8,0,0,0,0,0,0,0,0,0,0.0,0.070837,0,0.0,0,420,3,3,0.1255,0.0053,GREEN,52,Kolkata
CLM0043744,KOL_06559,Tollygunge,2024-07-18,21,0,0,0,0,0,0,0,0,0,1.0,0.269522,0,0.0,0,318,2,2,0.9334,0.1151,GREEN,38,Kolkata
CLM0043745,KOL_04919,Dum Dum,2022-05-14,21,0,0,0,0,0,0,0,0,0,0.0,0.036344,0,0.0,0,66,4,1,0.738,0.0026,GREEN,42,Kolkata
CLM0043746,KOL_00014,Tollygunge,2021-03-09,21,0,0,0,0,0,0,0,0,0,0.0,1.0,0,0.0,0,287,1,3,0.6744,0.0322,GREEN,32,Kolkata
CLM0043747,KOL_08517,Dum Dum,2020-08-27,7,0,0,0,0,0,0,0,0,0,0.0,0.300048,0,0.0,0,218,2,0,0.9008,0.1399,GREEN,43,Kolkata
CLM0043748,KOL_08022,Salt Lake,2025-10-31,12,0,0,0,0,0,0,0,0,0,0.0,0.016944,0,0.0,0,224,4,0,0.8215,0.0178,GREEN,55,Kolkata
CLM0043749,KOL_03123,Garia,2025-11-05,19,0,0,0,1,1,0,0,0,1,0.0,0.230558,0,0.0,0,29,2,18,0.1556,0.0,GREEN,32,Kolkata
CLM0043750,KOL_05006,Howrah,2025-07-10,13,0,0,0,0,0,0,0,0,1,0.0,0.917613,0,0.0,1,351,2,1,0.9544,0.1388,GREEN,52,Kolkata
CLM0043751,KOL_04552,New Town,2022-05-14,14,0,0,0,0,0,0,0,0,0,0.0,0.034613,0,0.0,0,143,2,0,0.6426,0.0,GREEN,18,Kolkata
CLM0043752,KOL_03609,Sealdah,2023-05-04,21,0,0,0,0,0,0,0,0,0,0.0,0.028843,0,0.0,0,96,4,3,0.7951,0.0292,GREEN,27,Kolkata
CLM0043753,KOL_05117,Behala,2022-07-26,7,0,0,0,0,0,0,0,0,0,0.0,0.054687,0,0.0,1,420,4,2,0.137,0.033,GREEN,36,Kolkata
CLM0043754,KOL_01914,Esplanade,2021-11-02,17,0,0,0,0,0,0,0,0,1,0.0,0.126658,0,0.0,1,170,0,3,0.2873,0.0626,GREEN,41,Kolkata
CLM0043755,KOL_01086,Sealdah,2023-02-11,17,0,0,0,0,0,0,0,0,0,0.0,0.117953,0,0.0,0,256,3,2,0.5382,0.0623,GREEN,38,Kolkata
CLM0043756,KOL_01687,Salt Lake,2025-10-16,21,0,0,0,0,0,0,0,1,1,0.0,0.241575,0,0.0,0,130,1,0,0.98,0.24,GREEN,38,Kolkata
CLM0043757,KOL_08665,Tollygunge,2023-10-15,13,0,0,0,0,0,0,0,0,0,0.0,0.394462,0,0.0,0,103,1,3,0.9185,0.0,GREEN,32,Kolkata
CLM0043758,KOL_02323,Esplanade,2025-05-29,19,0,0,0,0,0,0,1,0,1,1.0,0.971717,0,1.0,0,314,1,5,0.6935,0.3488,YELLOW,25,Kolkata
CLM0043759,KOL_09315,New Town,2024-12-07,14,0,0,0,0,0,0,0,0,0,0.0,0.373392,0,0.0,0,151,1,0,0.7743,0.0,GREEN,33,Kolkata
CLM0043760,KOL_00898,Garia,2023-07-14,16,0,0,0,0,0,0,0,0,0,0.0,0.390875,0,0.0,0,164,1,0,0.6003,0.0,GREEN,21,Kolkata
CLM0043761,KOL_02253,New Town,2023-09-05,19,0,0,0,0,0,0,0,1,0,0.0,0.03151,0,0.0,0,343,1,6,0.5868,0.1082,GREEN,37,Kolkata
CLM0043762,KOL_09500,Salt Lake,2022-03-07,16,0,0,0,0,0,0,0,0,0,1.0,0.402675,0,0.0,0,420,1,6,0.8173,0.033,GREEN,58,Kolkata
CLM0043763,KOL_07648,Salt Lake,2019-03-19,12,0,0,0,1,0,1,0,1,1,1.0,0.162663,0,0.0,1,5,0,18,0.2361,0.0197,GREEN,52,Kolkata
CLM0043764,KOL_09846,Dum Dum,2022-09-05,7,0,0,0,0,0,0,0,0,0,0.0,0.313604,0,0.0,0,259,4,2,0.5314,0.0,GREEN,19,Kolkata
CLM0043765,KOL_06749,Sealdah,2015-11-27,19,0,0,0,0,0,0,0,0,0,0.0,0.0,0,0.0,0,288,0,0,0.6738,0.0102,GREEN,30,Kolkata
CLM0043766,KOL_08337,New Town,2021-08-06,20,0,0,0,1,0,0,0,0,0,0.0,0.298162,0,0.0,0,28,3,3,0.6532,0.309,GREEN,57,Kolkata
CLM0043767,KOL_04213,Dum Dum,2024-02-15,10,0,0,0,0,0,0,0,0,0,0.0,0.285992,0,0.0,0,420,2,0,0.6152,0.0121,GREEN,32,Kolkata
CLM0043768,KOL_06743,Behala,2020-02-05,8,0,0,0,0,0,0,0,0,0,0.0,0.376977,0,0.0,0,228,0,0,0.8556,0.0142,GREEN,35,Kolkata
CLM0043769,KOL_05024,Esplanade,2016-02-21,16,0,0,0,0,0,1,0,0,0,0.0,0.430021,0,1.0,0,382,0,0,0.7727,0.0931,GREEN,52,Kolkata
CLM0043770,KOL_08900,Tollygunge,2023-11-18,10,0,0,0,0,0,0,0,0,0,0.0,0.0,0,0.0,0,149,3,4,0.1968,0.0,GREEN,28,Kolkata
CLM0043771,KOL_03654,Sealdah,2018-07-27,21,0,0,0,0,0,0,0,0,0,0.0,0.340825,0,0.0,0,108,0,0,0.8237,0.0089,GREEN,49,Kolkata
CLM0043772,KOL_01146,Dum Dum,2016-01-06,12,0,0,0,0,0,1,0,0,0,0.0,0.117208,1,0.0,0,420,4,4,0.8756,0.2148,GREEN,38,Kolkata
CLM0043773,KOL_05148,Salt Lake,2021-06-11,9,0,0,0,0,0,1,0,0,0,0.0,0.073075,0,0.0,0,420,3,0,0.7772,0.0,GREEN,35,Kolkata
CLM0043774,KOL_07512,Sealdah,2021-09-28,10,0,0,0,0,0,0,0,0,0,0.0,0.071202,0,0.0,0,253,1,5,0.9531,0.0565,GREEN,46,Kolkata
CLM0043775,KOL_01723,Howrah,2023-05-19,17,0,0,0,0,0,0,0,0,0,0.0,1.0,0,0.0,0,230,0,1,0.6613,0.0,GREEN,45,Kolkata
CLM0043776,KOL_02314,Dum Dum,2025-03-23,20,0,0,0,0,0,0,0,0,0,0.0,0.386975,0,0.0,0,416,4,4,0.5825,0.0438,GREEN,32,Kolkata
CLM0043777,KOL_04107,Park Street,2022-02-21,9,0,0,0,0,0,0,1,0,0,0.0,0.0,0,0.0,0,123,3,0,0.2113,0.0723,GREEN,37,Kolkata
CLM0043778,KOL_01345,Behala,2022-11-26,10,0,0,0,0,0,0,0,0,0,1.0,0.953408,0,1.0,0,173,1,4,0.631,0.0,GREEN,25,Kolkata
CLM0043779,KOL_02243,New Town,2022-05-28,16,0,0,0,0,0,0,0,1,0,1.0,0.357939,0,0.0,0,411,0,5,0.98,0.1378,GREEN,36,Kolkata
CLM0043780,KOL_08394,Salt Lake,2021-03-14,21,0,0,0,0,0,0,0,0,0,0.0,0.052707,0,0.0,0,420,0,3,0.9194,0.0128,GREEN,41,Kolkata
CLM0043781,KOL_02106,Salt Lake,2025-06-17,14,0,0,0,0,0,0,1,0,0,0.0,0.168428,0,0.0,0,313,0,5,0.4701,0.0464,GREEN,24,Kolkata
CLM0043782,KOL_07257,Tollygunge,2025-03-07,14,0,0,0,0,1,0,0,0,1,0.0,0.19212,0,0.0,0,34,3,2,0.5558,0.2206,GREEN,38,Kolkata
CLM0043783,KOL_01371,Esplanade,2024-08-28,20,0,1,1,0,0,0,0,0,0,0.0,0.8896,0,0.0,0,274,3,4,0.8081,0.0,GREEN,38,Kolkata
CLM0043784,KOL_04620,Garia,2021-09-26,20,0,0,0,0,0,0,0,0,0,0.0,0.204108,0,0.0,0,344,1,2,0.6439,0.0257,GREEN,34,Kolkata
CLM0043785,KOL_01692,New Town,2017-10-15,12,0,0,0,0,0,0,0,1,0,0.0,0.2695,0,0.0,0,420,0,1,0.7358,0.1053,GREEN,29,Kolkata
CLM0043786,KOL_07467,Howrah,2015-07-29,21,0,0,0,0,0,0,0,0,0,0.0,0.030451,0,0.0,0,358,2,4,0.5806,0.0021,GREEN,44,Kolkata
CLM0043787,KOL_07300,Park Street,2022-05-06,15,0,0,0,0,0,0,0,0,0,0.0,0.277667,0,0.0,1,156,2,0,0.7121,0.2232,GREEN,30,Kolkata
CLM0043788,KOL_08493,Howrah,2022-07-12,10,0,0,0,0,0,0,0,0,0,0.0,0.096064,0,0.0,0,295,2,0,0.8365,0.0,GREEN,34,Kolkata
CLM0043789,KOL_08350,Park Street,2021-01-12,8,0,0,0,0,0,0,0,0,0,0.0,0.134992,0,0.0,0,370,4,3,0.9354,0.0728,GREEN,38,Kolkata
CLM0043790,KOL_05759,Dum Dum,2024-01-16,14,0,0,0,0,0,0,0,0,0,0.0,0.113159,0,0.0,0,251,2,3,0.9478,0.0038,GREEN,33,Kolkata
CLM0043791,KOL_09432,Garia,2024-04-01,16,0,0,0,0,0,0,1,0,0,0.0,0.195082,0,0.0,0,58,3,0,0.7493,0.0,GREEN,42,Kolkata
CLM0043792,KOL_01648,Park Street,2024-10-11,7,0,1,1,0,0,0,0,0,0,0.0,0.192551,0,0.0,0,28,0,6,0.5841,0.0,GREEN,22,Kolkata
CLM0043793,KOL_09218,Sealdah,2023-12-10,7,0,0,0,0,0,0,0,0,0,1.0,0.154322,0,0.0,0,201,0,3,0.9541,0.0187,GREEN,46,Kolkata
CLM0043794,KOL_09523,Behala,2025-04-22,12,0,0,0,0,0,0,0,1,0,0.0,0.155878,0,0.0,1,353,1,4,0.9302,0.1563,GREEN,37,Kolkata
CLM0043795,KOL_00774,Tollygunge,2020-12-02,10,0,0,0,0,0,0,0,0,0,0.0,0.295979,0,0.0,0,416,3,0,0.8658,0.0425,GREEN,35,Kolkata
CLM0043796,KOL_01136,Garia,2022-11-29,21,0,0,0,0,0,0,1,0,0,0.0,0.056713,0,1.0,1,358,0,1,0.8079,0.0837,GREEN,30,Kolkata
CLM0043797,KOL_09282,Behala,2022-04-07,8,0,0,0,0,0,0,0,0,0,1.0,0.213545,0,0.0,0,302,2,5,0.8207,0.0746,GREEN,38,Kolkata
CLM0043798,KOL_04660,Dum Dum,2022-04-04,7,0,0,0,0,0,0,0,0,0,0.0,0.11124,0,0.0,0,118,1,1,0.8571,0.0,GREEN,32,Kolkata
CLM0043799,KOL_00547,Sealdah,2021-12-02,7,0,0,0,0,0,0,0,0,0,1.0,0.992084,0,1.0,0,383,3,1,0.1613,0.0383,GREEN,42,Kolkata
CLM0043800,KOL_08988,Park Street,2025-09-17,18,0,0,0,0,0,1,0,0,0,0.0,0.211328,0,0.0,0,12,4,1,0.8019,0.1022,GREEN,42,Kolkata
CLM0043801,KOL_03071,Garia,2022-03-29,8,0,0,0,0,0,0,0,0,0,0.0,0.272581,0,0.0,0,262,4,2,0.7822,0.0,GREEN,49,Kolkata
CLM0043802,KOL_07706,New Town,2024-04-06,21,0,0,0,1,0,0,0,0,0,0.0,0.202931,0,0.0,0,197,2,1,0.98,0.1731,GREEN,40,Kolkata
CLM0043803,KOL_06149,Sealdah,2023-10-12,14,0,0,0,0,1,0,0,0,0,0.0,0.288172,0,0.0,0,398,3,0,0.98,0.1948,GREEN,18,Kolkata
CLM0043804,KOL_07747,Esplanade,2023-10-11,11,0,0,0,0,1,0,0,0,0,1.0,0.20405,0,0.0,0,287,0,2,0.764,0.2026,GREEN,38,Kolkata
CLM0043805,KOL_02054,Esplanade,2023-04-28,8,0,0,0,0,0,0,0,0,0,0.0,1.0,0,0.0,1,412,4,3,0.0988,0.0,GREEN,28,Kolkata
CLM0043806,KOL_05484,Garia,2024-01-16,21,0,1,1,0,0,0,0,0,0,0.0,0.387998,0,0.0,0,275,1,0,0.5899,0.0,GREEN,35,Kolkata
CLM0043807,KOL_01793,Esplanade,2024-06-30,10,0,0,0,0,0,1,0,0,0,0.0,0.448736,0,1.0,0,252,1,2,0.7987,0.0461,GREEN,43,Kolkata
CLM0043808,KOL_05351,Garia,2025-04-09,16,0,0,0,0,0,0,0,0,0,0.0,0.988987,0,0.0,0,193,0,6,0.1911,0.0253,GREEN,20,Kolkata
CLM0043809,KOL_07621,Salt Lake,2024-03-21,14,0,0,0,0,1,0,0,0,1,0.0,0.36851,0,0.0,0,56,0,0,0.4027,0.2556,GREEN,29,Kolkata
CLM0043810,KOL_07619,Sealdah,2025-04-27,15,0,0,0,0,0,0,0,0,0,0.0,0.295049,0,0.0,0,347,4,0,0.691,0.0214,GREEN,40,Kolkata
CLM0043811,KOL_06274,Park Street,2024-03-31,18,0,0,0,0,0,0,0,0,0,1.0,0.310334,0,0.0,0,137,0,0,0.2789,0.0536,GREEN,35,Kolkata
CLM0043812,KOL_05010,Garia,2025-07-20,13,0,0,0,0,0,0,0,0,0,0.0,0.031401,0,0.0,0,68,1,4,0.6778,0.0,GREEN,62,Kolkata
CLM0043813,KOL_09561,Garia,2024-08-02,11,0,0,0,0,0,0,0,0,0,0.0,0.49867,0,0.0,0,350,0,4,0.98,0.049,GREEN,25,Kolkata
CLM0043814,KOL_01507,Garia,2025-08-07,9,0,0,0,1,0,1,0,0,0,0.0,0.259261,0,0.0,0,217,3,3,0.4839,0.2729,GREEN,35,Kolkata
CLM0043815,KOL_00058,Garia,2023-12-19,12,0,0,0,0,0,0,0,0,0,0.0,0.969612,0,0.0,0,365,2,3,0.5756,0.0,GREEN,24,Kolkata
CLM0043816,KOL_08856,Esplanade,2024-01-04,13,0,0,0,0,0,0,0,0,0,0.0,0.078132,0,0.0,0,333,2,0,0.7623,0.0,GREEN,37,Kolkata
CLM0043817,KOL_04948,Behala,2024-05-17,10,0,0,0,0,0,0,0,0,0,0.0,1.0,0,0.0,0,377,3,3,0.8016,0.093,GREEN,34,Kolkata
CLM0043818,KOL_00616,Park Street,2024-03-10,17,0,0,0,0,0,1,0,0,0,0.0,0.414884,0,0.0,0,209,4,3,0.9727,0.1201,GREEN,30,Kolkata
CLM0043819,KOL_00697,Behala,2025-07-28,7,0,0,0,0,0,0,0,0,0,0.0,0.151212,0,0.0,0,145,4,3,0.5458,0.0,GREEN,28,Kolkata
CLM0043820,KOL_05141,Esplanade,2022-05-27,18,0,0,0,0,0,0,0,0,0,0.0,0.112824,0,0.0,0,94,4,3,0.1719,0.0,GREEN,41,Kolkata
CLM0043821,KOL_01864,Sealdah,2022-01-18,21,0,0,0,0,0,0,0,0,0,1.0,0.979206,0,1.0,1,129,0,4,0.8257,0.1446,GREEN,37,Kolkata
CLM0043822,KOL_06526,Howrah,2019-03-05,9,0,0,0,0,0,1,0,0,0,0.0,1.0,0,0.0,0,420,3,0,0.7841,0.2072,GREEN,32,Kolkata
CLM0043823,KOL_01634,Dum Dum,2018-07-05,20,0,0,0,0,0,1,0,0,0,0.0,0.116683,0,0.0,0,25,3,0,0.6839,0.2767,GREEN,38,Kolkata
CLM0043824,KOL_00508,Garia,2022-02-24,10,0,0,0,0,0,0,0,0,0,0.0,0.257391,0,0.0,0,67,3,4,0.8393,0.0115,GREEN,18,Kolkata
CLM0043825,KOL_01931,Esplanade,2018-09-01,7,0,0,0,0,0,0,0,0,0,0.0,0.216198,1,0.0,0,203,3,0,0.8916,0.0301,GREEN,35,Kolkata
CLM0043826,KOL_07275,Esplanade,2021-11-10,11,0,0,0,0,0,1,0,1,0,0.0,0.144051,0,0.0,0,349,0,5,0.7102,0.3634,YELLOW,43,Kolkata
CLM0043827,KOL_06129,Dum Dum,2016-11-25,15,0,0,0,0,0,0,0,0,1,1.0,0.0,0,0.0,0,313,2,4,0.9172,0.1786,GREEN,30,Kolkata
CLM0043828,KOL_01932,Dum Dum,2025-07-29,13,0,0,0,0,0,0,0,0,0,0.0,0.076218,0,0.0,0,420,1,0,0.9419,0.0,GREEN,41,Kolkata
CLM0043829,KOL_04693,Park Street,2023-12-12,7,0,0,0,0,1,0,1,1,1,1.0,1.0,0,1.0,1,29,3,18,0.05,0.0089,GREEN,31,Kolkata
CLM0043830,KOL_00165,Esplanade,2025-04-05,8,0,0,0,0,0,0,0,0,1,0.0,0.368375,0,0.0,0,37,4,0,0.98,0.1499,GREEN,19,Kolkata
CLM0043831,KOL_07084,Esplanade,2025-09-04,12,0,0,0,0,0,0,0,0,0,0.0,0.983125,0,0.0,0,388,0,2,0.8443,0.1121,GREEN,24,Kolkata
CLM0043832,KOL_02644,Garia,2025-01-16,18,0,0,0,1,1,1,0,0,1,1.0,0.377767,0,0.0,1,12,4,18,0.9191,0.2073,GREEN,26,Kolkata
CLM0043833,KOL_08968,Garia,2022-03-06,21,0,0,0,0,0,0,0,0,0,0.0,0.062797,0,0.0,0,75,3,0,0.0512,0.0,GREEN,44,Kolkata
CLM0043834,KOL_02847,Park Street,2025-11-04,8,0,0,0,0,1,0,0,0,0,0.0,0.019649,0,0.0,0,376,3,2,0.882,0.1306,GREEN,47,Kolkata
CLM0043835,KOL_06991,Garia,2024-08-18,12,0,0,0,0,0,0,0,0,0,0.0,0.391268,0,0.0,0,273,3,4,0.7193,0.0,GREEN,33,Kolkata
CLM0043836,KOL_06613,Salt Lake,2017-03-13,17,0,0,0,0,0,0,0,0,0,0.0,0.173869,0,0.0,0,420,2,0,0.6008,0.0313,GREEN,47,Kolkata
CLM0043837,KOL_06641,Garia,2023-07-17,11,0,0,0,0,0,1,0,0,0,0.0,0.041942,0,0.0,0,221,0,0,0.1735,0.0711,GREEN,32,Kolkata
CLM0043838,KOL_03945,Esplanade,2019-10-08,18,0,0,0,0,0,0,0,1,0,0.0,0.197817,0,0.0,0,209,4,3,0.4455,0.1223,GREEN,40,Kolkata
CLM0043839,KOL_07667,Esplanade,2019-04-24,17,0,0,0,0,0,0,1,0,1,1.0,0.183608,0,0.0,0,48,0,3,0.6677,0.0691,GREEN,47,Kolkata
CLM0043840,KOL_07573,New Town,2017-08-31,20,0,0,0,0,1,0,1,0,0,0.0,0.052132,0,1.0,0,420,2,2,0.431,0.1081,GREEN,33,Kolkata
CLM0043841,KOL_01092,Park Street,2021-04-03,7,0,1,1,0,0,0,0,0,0,0.0,0.0,0,0.0,0,420,4,4,0.98,0.0307,GREEN,35,Kolkata
CLM0043842,KOL_05056,Tollygunge,2025-05-29,20,0,0,0,0,0,1,0,0,0,0.0,0.274929,0,0.0,0,420,3,0,0.2922,0.1423,GREEN,63,Kolkata
CLM0043843,KOL_02088,Park Street,2017-05-24,13,0,0,0,0,0,0,0,1,0,0.0,0.907178,0,0.0,0,7,1,4,0.05,0.0368,GREEN,21,Kolkata
CLM0043844,KOL_03563,New Town,2021-10-28,9,0,0,0,0,0,0,0,0,0,0.0,0.102464,0,0.0,0,420,3,0,0.9219,0.0664,GREEN,18,Kolkata
CLM0043845,KOL_09914,New Town,2021-07-15,12,0,0,0,0,0,0,0,0,0,0.0,0.28563,0,0.0,0,174,0,3,0.5873,0.0528,GREEN,46,Kolkata
CLM0043846,KOL_07537,Park Street,2023-01-25,12,0,0,0,0,0,1,0,0,0,0.0,0.36423,0,0.0,0,44,1,0,0.5699,0.0706,GREEN,42,Kolkata
CLM0043847,KOL_05044,Behala,2015-07-28,10,0,0,0,0,0,0,0,1,0,0.0,0.193503,0,0.0,0,138,3,1,0.98,0.0244,GREEN,43,Kolkata
CLM0043848,KOL_04866,Behala,2020-02-28,20,0,0,0,0,0,0,0,0,0,0.0,0.05405,0,0.0,0,376,3,2,0.5613,0.0,GREEN,36,Kolkata
CLM0043849,KOL_08131,Behala,2018-08-02,18,0,0,0,1,0,0,0,0,0,0.0,0.147697,1,0.0,0,114,1,0,0.6346,0.2629,GREEN,39,Kolkata
CLM0043850,KOL_08631,Esplanade,2022-03-25,16,0,0,0,0,0,0,0,0,0,0.0,0.086762,0,0.0,0,295,0,3,0.7077,0.0174,GREEN,44,Kolkata
CLM0043851,KOL_03416,Behala,2021-11-16,9,0,0,0,0,0,0,0,0,0,0.0,0.267648,0,0.0,0,161,2,5,0.05,0.0,GREEN,35,Kolkata
CLM0043852,KOL_03524,New Town,2023-07-19,11,0,0,0,0,0,0,0,0,0,0.0,0.308891,0,0.0,0,98,2,0,0.6463,0.0433,GREEN,38,Kolkata
CLM0043853,KOL_05011,Garia,2021-11-28,17,0,0,0,0,0,1,0,0,0,1.0,0.201677,0,0.0,0,92,1,3,0.9243,0.2106,GREEN,44,Kolkata
CLM0043854,KOL_01229,Park Street,2022-10-06,12,0,0,0,0,1,0,0,0,0,0.0,0.954602,0,0.0,0,400,1,5,0.98,0.0847,GREEN,36,Kolkata
CLM0043855,KOL_06198,Garia,2020-12-02,11,0,0,0,0,0,0,0,0,0,0.0,0.153009,0,0.0,0,385,4,3,0.05,0.0,GREEN,34,Kolkata
CLM0043856,KOL_09244,Behala,2020-12-30,19,0,0,0,0,0,0,0,1,0,0.0,0.194658,0,0.0,0,94,4,0,0.6473,0.0114,GREEN,49,Kolkata
CLM0043857,KOL_08462,Dum Dum,2021-06-14,13,0,0,0,0,0,0,0,0,0,0.0,1.0,0,0.0,0,420,2,0,0.8984,0.0,GREEN,37,Kolkata
CLM0043858,KOL_02878,Tollygunge,2025-04-04,19,0,0,0,0,0,0,0,0,0,0.0,0.13633,0,0.0,0,420,1,2,0.6941,0.04,GREEN,28,Kolkata
CLM0043859,KOL_00864,Sealdah,2023-09-04,11,0,0,0,1,1,0,0,0,1,1.0,1.0,1,1.0,0,5,2,18,0.2738,0.0412,GREEN,18,Kolkata
CLM0043860,KOL_05309,Behala,2022-04-29,16,0,0,0,0,0,0,0,0,0,1.0,1.0,0,0.0,0,209,1,5,0.5244,0.1214,GREEN,51,Kolkata
CLM0043861,KOL_05991,Sealdah,2025-07-06,18,0,0,0,0,1,0,0,0,0,0.0,0.148119,0,0.0,0,333,3,2,0.8616,0.0678,GREEN,44,Kolkata
CLM0043862,KOL_04640,Dum Dum,2025-01-06,9,0,0,0,0,0,0,0,0,0,0.0,0.26925,0,0.0,0,222,4,2,0.5816,0.0296,GREEN,18,Kolkata
CLM0043863,KOL_09823,Salt Lake,2021-04-05,13,0,0,0,0,0,0,0,0,0,0.0,0.118914,0,0.0,0,18,1,0,0.6898,0.0,GREEN,34,Kolkata
CLM0043864,KOL_05983,Esplanade,2023-05-25,20,0,0,0,0,0,0,0,0,0,0.0,0.120118,0,0.0,1,169,1,2,0.7778,0.1127,GREEN,41,Kolkata
CLM0043865,KOL_05046,New Town,2025-04-16,13,0,0,0,0,0,1,1,0,0,0.0,0.212305,1,0.0,0,186,4,2,0.98,0.1147,GREEN,33,Kolkata
CLM0043866,KOL_07027,Salt Lake,2025-12-02,19,0,0,0,0,0,0,0,0,0,1.0,0.242004,0,0.0,0,376,4,0,0.5298,0.1445,GREEN,49,Kolkata
CLM0043867,KOL_07186,Tollygunge,2025-03-18,14,0,0,0,0,0,0,0,0,0,1.0,0.995313,0,1.0,0,176,4,1,0.7562,0.0,GREEN,18,Kolkata
CLM0043868,KOL_04198,Sealdah,2019-09-04,21,0,0,0,1,0,0,0,0,0,0.0,0.218114,0,0.0,0,420,0,3,0.5537,0.1614,GREEN,26,Kolkata
CLM0043869,KOL_07648,Salt Lake,2021-07-22,19,0,0,0,0,0,0,0,0,1,0.0,0.177348,0,0.0,1,359,3,0,0.6912,0.1796,GREEN,52,Kolkata
CLM0043870,KOL_00569,Garia,2025-01-08,7,0,0,0,0,0,0,0,0,0,0.0,0.300381,0,0.0,0,144,0,2,0.4681,0.0,GREEN,20,Kolkata
CLM0043871,KOL_00112,New Town,2025-09-27,8,0,0,0,0,0,0,0,0,0,0.0,0.215555,0,0.0,0,417,3,1,0.8609,0.0,GREEN,21,Kolkata
CLM0043872,KOL_03276,Garia,2020-11-02,11,0,1,1,1,0,0,1,0,0,0.0,0.23039,0,0.0,0,46,4,0,0.8046,0.2714,GREEN,35,Kolkata
CLM0043873,KOL_07278,Dum Dum,2025-12-28,17,0,0,0,0,0,0,0,0,0,0.0,0.97612,0,0.0,0,241,0,0,0.9564,0.0361,GREEN,18,Kolkata
CLM0043874,KOL_02748,Howrah,2025-12-22,8,0,0,0,0,0,0,0,0,0,0.0,0.028718,0,0.0,0,420,4,3,0.5364,0.0198,GREEN,37,Kolkata
CLM0043875,KOL_08060,Behala,2021-04-24,19,0,0,0,0,0,0,0,0,0,0.0,1.0,0,0.0,0,420,0,4,0.4135,0.0,GREEN,40,Kolkata
CLM0043876,KOL_07117,New Town,2025-08-13,14,0,0,0,0,0,0,0,1,0,0.0,0.042816,0,0.0,0,420,3,5,0.748,0.0966,GREEN,28,Kolkata
CLM0043877,KOL_06282,Dum Dum,2023-10-25,18,0,0,0,0,0,0,0,0,0,0.0,0.121085,0,0.0,0,330,1,2,0.7999,0.0,GREEN,24,Kolkata
CLM0043878,KOL_05997,Tollygunge,2024-05-03,13,0,0,0,0,0,1,0,1,0,0.0,0.319452,0,0.0,0,25,4,0,0.8611,0.2601,GREEN,31,Kolkata
CLM0043879,KOL_06828,Behala,2025-01-13,14,0,0,0,0,0,0,0,0,0,0.0,0.054951,0,0.0,0,33,1,1,0.98,0.0524,GREEN,44,Kolkata
CLM0043880,KOL_09742,Tollygunge,2022-11-09,9,0,0,0,0,0,0,0,0,0,0.0,0.326732,0,0.0,0,420,1,2,0.98,0.039,GREEN,31,Kolkata
CLM0043881,KOL_08413,Behala,2023-09-02,12,0,0,0,0,0,0,0,0,0,0.0,0.008324,0,0.0,0,70,2,1,0.5405,0.0,GREEN,23,Kolkata
CLM0043882,KOL_07570,Garia,2025-11-16,10,0,0,0,0,0,1,0,0,0,0.0,0.148876,0,0.0,0,94,3,2,0.9313,0.1622,GREEN,29,Kolkata
CLM0043883,KOL_06070,Behala,2023-01-19,17,0,0,0,0,0,0,0,0,0,0.0,0.195692,0,0.0,0,77,1,0,0.98,0.0134,GREEN,25,Kolkata
CLM0043884,KOL_01032,Dum Dum,2022-09-11,15,0,0,0,0,0,1,1,0,0,0.0,0.019669,0,0.0,0,312,0,1,0.6096,0.1637,GREEN,24,Kolkata
CLM0043885,KOL_05835,Garia,2024-06-15,8,0,0,0,0,0,0,0,0,0,0.0,0.003321,0,0.0,0,143,1,5,0.7417,0.0229,GREEN,35,Kolkata
CLM0043886,KOL_01549,Park Street,2024-10-12,18,0,0,0,0,0,0,0,1,0,0.0,0.280026,0,0.0,0,338,2,2,0.6702,0.0244,GREEN,21,Kolkata
CLM0043887,KOL_09992,New Town,2025-09-15,10,0,0,0,0,0,0,0,0,0,0.0,0.151503,0,0.0,0,420,2,0,0.8772,0.0346,GREEN,26,Kolkata
CLM0043888,KOL_07268,Howrah,2024-05-28,21,0,0,0,0,0,0,0,0,0,0.0,0.377822,0,0.0,0,26,2,3,0.5726,0.1107,GREEN,36,Kolkata
CLM0043889,KOL_00537,Park Street,2022-04-27,7,0,0,0,0,0,0,0,0,0,0.0,0.276825,0,0.0,0,331,0,0,0.5287,0.0,GREEN,52,Kolkata
CLM0043890,KOL_06274,Park Street,2021-07-12,12,0,0,0,0,0,0,0,1,0,1.0,0.982748,0,1.0,0,61,0,1,0.6995,0.0699,GREEN,35,Kolkata
CLM0043891,KOL_05691,Howrah,2021-02-08,17,0,0,0,0,0,0,0,0,0,0.0,0.500906,0,0.0,0,388,1,2,0.7993,0.0552,GREEN,18,Kolkata
CLM0043892,KOL_03802,New Town,2025-06-28,20,0,0,0,0,0,0,0,0,0,0.0,0.043115,0,0.0,0,420,1,4,0.63,0.0115,GREEN,29,Kolkata
CLM0043893,KOL_03027,New Town,2024-09-02,10,0,0,0,0,0,0,0,0,1,0.0,1.0,0,0.0,0,420,2,4,0.9122,0.1013,GREEN,28,Kolkata
CLM0043894,KOL_07955,Sealdah,2023-11-22,11,0,0,0,0,0,0,0,0,0,0.0,0.144551,0,0.0,0,237,1,4,0.5928,0.0,GREEN,45,Kolkata
CLM0043895,KOL_01483,Esplanade,2022-08-18,12,0,0,0,0,0,0,0,0,0,0.0,0.234039,0,0.0,0,54,2,4,0.4508,0.0309,GREEN,28,Kolkata
CLM0043896,KOL_09085,Salt Lake,2022-09-23,17,0,0,0,0,0,0,0,1,0,0.0,0.312452,0,0.0,0,420,2,2,0.8188,0.1728,GREEN,42,Kolkata
CLM0043897,KOL_01202,Sealdah,2017-12-29,14,0,0,0,0,0,0,0,0,0,0.0,0.049354,0,0.0,0,284,1,3,0.7107,0.0,GREEN,24,Kolkata
CLM0043898,KOL_00265,Behala,2018-06-22,16,0,0,0,1,0,0,0,0,0,0.0,0.40118,0,0.0,0,70,2,1,0.05,0.1797,GREEN,43,Kolkata
CLM0043899,KOL_02708,Garia,2025-11-22,15,0,1,1,0,0,0,0,0,0,0.0,0.094643,0,0.0,0,335,4,0,0.9339,0.0475,GREEN,26,Kolkata
CLM0043900,KOL_05376,Sealdah,2017-11-23,15,0,0,0,1,0,0,0,0,0,0.0,0.30706,0,0.0,0,323,2,3,0.7372,0.1119,GREEN,35,Kolkata
CLM0043901,KOL_08700,Howrah,2025-02-04,11,0,0,0,0,0,0,0,0,0,0.0,0.348712,0,0.0,0,372,2,5,0.5971,0.0,GREEN,47,Kolkata
CLM0043902,KOL_05726,Howrah,2016-10-07,18,0,0,0,0,0,0,0,0,0,0.0,0.186972,0,0.0,0,395,1,5,0.7223,0.0,GREEN,25,Kolkata
CLM0043903,KOL_07365,Salt Lake,2024-12-05,10,0,0,0,0,0,0,0,0,0,0.0,0.167381,0,0.0,0,180,0,2,0.7655,0.0709,GREEN,28,Kolkata
CLM0043904,KOL_07503,Howrah,2023-08-30,15,0,0,0,0,0,0,0,0,0,1.0,0.01029,0,0.0,0,117,4,2,0.6125,0.0555,GREEN,35,Kolkata
CLM0043905,KOL_09887,New Town,2018-10-31,14,0,0,0,0,0,0,0,0,0,0.0,0.142197,0,0.0,0,290,4,0,0.05,0.0305,GREEN,27,Kolkata
CLM0043906,KOL_08917,Sealdah,2024-11-03,14,0,0,0,0,0,0,0,0,0,0.0,0.462583,0,0.0,0,420,0,3,0.6633,0.1031,GREEN,37,Kolkata
CLM0043907,KOL_00656,Garia,2025-05-17,7,0,0,0,0,0,0,0,0,0,0.0,0.147477,0,0.0,0,193,4,5,0.7982,0.0315,GREEN,23,Kolkata
CLM0043908,KOL_09610,Howrah,2016-06-30,14,0,0,0,0,0,0,1,0,1,0.0,0.080556,0,0.0,0,420,0,3,0.595,0.1533,GREEN,42,Kolkata
CLM0043909,KOL_03499,Tollygunge,2020-11-26,13,0,0,0,0,0,0,1,0,0,0.0,0.301388,0,0.0,0,175,2,1,0.7126,0.0409,GREEN,45,Kolkata
CLM0043910,KOL_07955,Sealdah,2015-11-11,17,0,0,0,0,1,0,0,0,0,0.0,0.326948,0,0.0,0,414,0,5,0.5039,0.0728,GREEN,45,Kolkata
CLM0043911,KOL_01188,Esplanade,2021-12-11,21,0,0,0,0,0,0,0,0,0,0.0,0.346949,0,0.0,0,8,4,2,0.7479,0.0146,GREEN,49,Kolkata
CLM0043912,KOL_07758,New Town,2024-06-10,10,0,0,0,0,0,1,0,0,0,0.0,0.130176,0,0.0,0,303,2,1,0.6979,0.0407,GREEN,34,Kolkata
CLM0043913,KOL_00360,New Town,2019-06-13,14,0,0,0,0,0,1,0,0,0,0.0,0.340769,0,0.0,0,202,0,0,0.8118,0.0808,GREEN,24,Kolkata
CLM0043914,KOL_00292,New Town,2022-08-11,14,0,0,0,0,0,0,0,1,0,0.0,0.19505,0,0.0,0,31,2,2,0.98,0.1291,GREEN,22,Kolkata
CLM0043915,KOL_06577,Salt Lake,2020-05-11,18,0,0,0,0,0,0,0,0,0,0.0,0.255789,0,0.0,0,355,2,0,0.5174,0.0,GREEN,34,Kolkata
CLM0043916,KOL_04551,Sealdah,2024-07-16,18,0,0,0,0,0,0,0,0,0,0.0,0.2836,0,0.0,0,230,2,4,0.98,0.0,GREEN,45,Kolkata
CLM0043917,KOL_06765,Dum Dum,2022-10-16,8,0,0,0,0,1,0,0,1,0,0.0,0.0,0,0.0,0,239,4,3,0.5206,0.2119,GREEN,40,Kolkata
CLM0043918,KOL_09146,Tollygunge,2017-03-08,18,0,0,0,0,0,0,0,0,0,0.0,1.0,0,0.0,0,219,4,2,0.98,0.0201,GREEN,52,Kolkata
CLM0043919,KOL_00686,Salt Lake,2017-05-17,13,0,0,0,0,0,0,0,0,1,0.0,0.226241,0,0.0,0,420,3,0,0.3931,0.0735,GREEN,48,Kolkata
CLM0043920,KOL_03767,Tollygunge,2025-09-25,21,0,0,0,0,0,0,0,0,0,0.0,1.0,0,0.0,0,197,1,3,0.6239,0.0534,GREEN,50,Kolkata
CLM0043921,KOL_04527,Salt Lake,2025-07-20,14,0,0,0,0,0,0,0,0,0,0.0,0.13312,0,0.0,0,293,0,5,0.7667,0.0618,GREEN,32,Kolkata
CLM0043922,KOL_04065,Garia,2025-12-02,19,0,0,0,0,0,0,0,0,0,0.0,0.974928,0,0.0,0,170,0,0,0.8227,0.0321,GREEN,38,Kolkata
CLM0043923,KOL_09999,Dum Dum,2023-06-29,10,0,0,0,0,0,0,0,1,0,0.0,0.0,0,0.0,0,420,1,0,0.98,0.0702,GREEN,40,Kolkata
CLM0043924,KOL_09079,Behala,2022-10-30,15,0,0,0,0,0,0,0,0,0,0.0,0.194059,0,0.0,0,130,2,6,0.889,0.0747,GREEN,27,Kolkata
CLM0043925,KOL_07496,Howrah,2024-02-08,8,0,0,0,0,0,0,0,1,0,0.0,0.147698,0,1.0,0,318,4,4,0.6453,0.1225,GREEN,51,Kolkata
CLM0043926,KOL_00105,Behala,2025-06-24,18,0,0,0,1,1,1,1,0,1,0.0,0.059087,0,1.0,1,17,4,18,0.1187,0.1213,GREEN,18,Kolkata
CLM0043927,KOL_02821,Salt Lake,2025-09-02,12,0,0,0,0,0,0,0,0,0,0.0,0.098519,0,0.0,0,329,4,0,0.614,0.0,GREEN,25,Kolkata
CLM0043928,KOL_00856,Behala,2022-11-19,18,0,0,0,1,0,0,1,1,0,0.0,0.31941,0,0.0,0,365,4,2,0.1256,0.3845,YELLOW,34,Kolkata
CLM0043929,KOL_02757,Behala,2023-04-18,9,0,0,0,0,0,0,0,0,0,1.0,0.113159,0,0.0,0,270,4,1,0.9019,0.1046,GREEN,24,Kolkata
CLM0043930,KOL_05119,Tollygunge,2023-02-05,20,0,0,0,0,0,1,1,1,0,0.0,0.422283,0,0.0,0,104,4,0,0.5229,0.2672,GREEN,41,Kolkata
CLM0043931,KOL_03945,Esplanade,2023-06-25,18,0,0,0,0,0,0,0,0,0,0.0,0.37097,0,0.0,0,302,1,0,0.7647,0.0242,GREEN,40,Kolkata
CLM0043932,KOL_03833,Esplanade,2025-03-14,13,0,0,0,0,0,0,0,0,0,0.0,0.068973,0,0.0,0,420,3,3,0.4702,0.0,GREEN,39,Kolkata
CLM0043933,KOL_08890,Park Street,2023-10-23,18,0,0,0,0,0,0,0,0,0,0.0,0.29157,0,0.0,0,78,3,3,0.9116,0.0261,GREEN,19,Kolkata
CLM0043934,KOL_03409,Behala,2025-04-04,21,0,0,0,0,0,0,0,0,0,0.0,0.119699,0,1.0,0,67,0,2,0.7104,0.0874,GREEN,27,Kolkata
CLM0043935,KOL_03143,New Town,2025-11-02,11,0,0,0,0,0,0,0,1,0,0.0,0.991917,0,0.0,0,375,2,0,0.81,0.1789,GREEN,36,Kolkata
CLM0043936,KOL_04186,Sealdah,2023-09-21,21,0,0,0,0,0,0,0,0,0,0.0,0.16836,0,0.0,0,5,4,2,0.3062,0.0,GREEN,40,Kolkata
CLM0043937,KOL_00428,Sealdah,2023-11-18,14,0,0,0,0,0,0,0,0,0,0.0,0.226107,0,0.0,0,104,3,4,0.6384,0.0,GREEN,39,Kolkata
CLM0043938,KOL_03980,Garia,2025-08-20,19,1,0,0,0,0,0,0,0,0,0.0,0.085417,0,0.0,0,420,0,2,0.7837,0.0,GREEN,31,Kolkata
CLM0043939,KOL_06218,Esplanade,2025-05-08,7,0,0,0,0,0,0,1,0,0,1.0,0.286375,0,0.0,0,289,3,2,0.5456,0.2153,GREEN,45,Kolkata
CLM0043940,KOL_09695,Dum Dum,2023-04-28,10,0,0,0,0,0,0,0,0,0,0.0,0.998985,0,0.0,0,388,1,0,0.8073,0.0737,GREEN,42,Kolkata
CLM0043941,KOL_05390,Esplanade,2024-07-31,21,0,0,0,0,0,0,0,0,0,0.0,0.323386,0,0.0,0,420,2,5,0.671,0.0077,GREEN,37,Kolkata
CLM0043942,KOL_08811,Park Street,2024-01-15,14,0,0,0,0,0,0,0,0,0,0.0,0.003401,0,0.0,0,274,1,1,0.3667,0.0,GREEN,43,Kolkata
CLM0043943,KOL_09831,Dum Dum,2023-02-20,13,0,0,0,0,0,0,0,0,0,0.0,0.15025,0,0.0,0,161,3,5,0.9563,0.0036,GREEN,34,Kolkata
CLM0043944,KOL_07312,New Town,2023-11-17,16,0,0,0,0,0,0,0,0,0,0.0,0.90625,0,0.0,0,420,2,6,0.6259,0.0357,GREEN,39,Kolkata
CLM0043945,KOL_09010,Esplanade,2025-11-22,11,0,0,0,0,0,0,0,0,0,0.0,0.063735,0,0.0,0,420,3,3,0.6817,0.0,GREEN,32,Kolkata
CLM0043946,KOL_00567,Tollygunge,2024-04-30,13,0,0,0,0,0,0,0,0,0,0.0,0.020893,0,0.0,0,365,0,1,0.093,0.0125,GREEN,33,Kolkata
CLM0043947,KOL_01787,Salt Lake,2021-12-06,17,0,0,0,0,0,0,0,0,0,0.0,0.145635,0,0.0,0,420,2,5,0.8706,0.0,GREEN,38,Kolkata
CLM0043948,KOL_08310,Salt Lake,2022-05-25,20,0,0,0,1,1,0,0,0,1,0.0,0.284061,0,0.0,0,5,0,18,0.3505,0.0,GREEN,37,Kolkata
CLM0043949,KOL_05254,Howrah,2022-12-23,7,0,0,0,0,0,0,1,0,1,1.0,1.0,0,0.0,1,40,1,18,0.4043,0.0364,GREEN,36,Kolkata
CLM0043950,KOL_03888,Sealdah,2023-09-06,21,0,0,0,0,0,0,0,1,0,1.0,0.011765,0,0.0,0,71,1,7,0.7432,0.202,GREEN,45,Kolkata
CLM0043951,KOL_09641,Garia,2023-12-05,12,0,0,0,0,0,0,0,0,0,0.0,0.283494,0,0.0,0,290,4,0,0.6982,0.0,GREEN,46,Kolkata
CLM0043952,KOL_06427,Tollygunge,2025-06-05,12,0,0,0,0,0,0,0,1,0,1.0,0.075958,0,0.0,0,420,1,0,0.9279,0.1817,GREEN,48,Kolkata
CLM0043953,KOL_06679,New Town,2025-04-12,21,0,0,0,0,0,0,0,0,0,1.0,0.893088,1,0.0,0,212,0,0,0.9156,0.0827,GREEN,46,Kolkata
CLM0043954,KOL_09353,Dum Dum,2025-08-13,11,0,0,0,0,0,0,0,0,1,0.0,0.368536,0,0.0,0,99,3,5,0.5869,0.1163,GREEN,32,Kolkata
CLM0043955,KOL_09121,Dum Dum,2024-04-30,13,0,0,0,0,0,0,0,0,0,0.0,0.408041,0,0.0,0,295,1,1,0.1799,0.0,GREEN,46,Kolkata
CLM0043956,KOL_03904,Behala,2024-11-08,15,0,0,0,0,0,0,0,0,0,1.0,0.434577,0,0.0,0,25,4,3,0.2495,0.0245,GREEN,22,Kolkata
CLM0043957,KOL_04154,Tollygunge,2024-04-09,20,0,0,0,0,0,0,0,0,0,0.0,0.286052,0,0.0,0,288,1,5,0.6097,0.047,GREEN,30,Kolkata
CLM0043958,KOL_08425,Sealdah,2023-04-03,16,0,0,0,0,0,0,0,0,0,0.0,0.126681,0,0.0,0,26,1,0,0.98,0.0,GREEN,34,Kolkata
CLM0043959,KOL_04725,New Town,2023-10-03,8,0,0,0,0,0,0,0,1,0,0.0,0.305137,0,0.0,0,82,3,0,0.9687,0.093,GREEN,45,Kolkata
CLM0043960,KOL_04779,Howrah,2021-09-05,9,0,0,0,0,0,0,0,0,0,0.0,0.119418,0,0.0,0,268,4,3,0.2352,0.0582,GREEN,18,Kolkata
CLM0043961,KOL_06711,Salt Lake,2021-06-25,13,0,0,0,0,0,0,0,1,0,0.0,0.103331,1,0.0,0,420,4,4,0.7699,0.1157,GREEN,49,Kolkata
CLM0043962,KOL_08772,Esplanade,2022-09-25,7,0,0,0,0,0,1,0,1,0,0.0,0.193068,0,0.0,0,370,2,3,0.8772,0.1524,GREEN,38,Kolkata
CLM0043963,KOL_06910,Howrah,2025-05-08,20,0,0,0,0,0,0,0,0,0,0.0,0.323183,0,0.0,0,310,0,0,0.5184,0.0025,GREEN,54,Kolkata
CLM0043964,KOL_04171,New Town,2019-02-21,11,0,0,0,0,0,0,0,0,0,0.0,0.248684,0,0.0,0,136,4,3,0.6788,0.0098,GREEN,34,Kolkata
CLM0043965,KOL_03908,Behala,2018-02-17,12,0,0,0,0,0,0,0,0,0,0.0,0.399671,0,0.0,0,246,1,4,0.5074,0.0,GREEN,40,Kolkata
CLM0043966,KOL_07517,Behala,2019-02-24,12,0,0,0,0,1,0,0,0,0,0.0,0.098609,1,0.0,0,97,4,0,0.872,0.1586,GREEN,20,Kolkata
CLM0043967,KOL_02970,Sealdah,2020-05-15,12,0,0,0,0,0,0,0,0,0,0.0,1.0,0,0.0,0,420,4,0,0.8862,0.0,GREEN,18,Kolkata
CLM0043968,KOL_00567,Tollygunge,2024-01-15,14,0,1,1,1,0,1,1,1,0,0.0,0.16227,0,0.0,1,5,2,18,0.8305,0.5901,YELLOW,33,Kolkata
CLM0043969,KOL_05093,Salt Lake,2025-03-08,13,0,1,1,0,0,0,1,0,0,1.0,0.239867,0,0.0,0,303,2,2,0.6955,0.524,YELLOW,48,Kolkata
CLM0043970,KOL_01410,Tollygunge,2025-06-27,19,0,1,1,1,0,1,0,1,1,0.0,0.113637,1,0.0,1,16,1,18,0.8707,0.6841,RED,41,Kolkata
CLM0043971,KOL_02221,Salt Lake,2025-05-20,12,0,1,1,0,0,0,1,0,0,0.0,0.264491,1,0.0,0,420,0,2,0.707,0.7584,RED,44,Kolkata
CLM0043972,KOL_08147,Esplanade,2021-08-23,16,0,0,0,0,0,1,0,0,0,0.0,0.085331,0,0.0,0,237,0,2,0.98,0.0332,GREEN,38,Kolkata
CLM0043973,KOL_07532,Tollygunge,2017-11-21,12,0,0,0,0,0,0,0,0,0,0.0,0.225698,0,0.0,0,229,0,3,0.7395,0.0766,GREEN,35,Kolkata
CLM0043974,KOL_05353,Park Street,2023-09-27,21,0,0,0,0,0,0,0,0,0,0.0,0.072752,0,0.0,0,305,1,3,0.5882,0.1071,GREEN,31,Kolkata
CLM0043975,KOL_00976,Park Street,2021-12-10,13,0,0,0,0,0,0,0,0,0,0.0,0.478286,0,0.0,0,161,2,0,0.556,0.0,GREEN,24,Kolkata
CLM0043976,KOL_04667,New Town,2025-07-25,19,0,0,0,0,0,0,0,0,0,0.0,0.198749,0,0.0,0,420,4,3,0.98,0.0,GREEN,47,Kolkata
CLM0043977,KOL_04581,Sealdah,2019-12-14,14,0,0,0,0,0,1,0,0,0,0.0,0.932825,0,0.0,0,203,2,2,0.6249,0.1047,GREEN,50,Kolkata
CLM0043978,KOL_05108,Dum Dum,2023-10-12,10,0,0,0,0,0,1,0,0,0,1.0,0.364343,0,0.0,0,346,1,2,0.6005,0.1393,GREEN,39,Kolkata
CLM0043979,KOL_08744,Esplanade,2023-08-03,10,0,0,0,0,0,0,0,0,0,0.0,0.233339,0,0.0,0,295,2,2,0.4771,0.0958,GREEN,31,Kolkata
CLM0043980,KOL_01284,Sealdah,2017-12-30,20,0,0,0,0,0,0,0,0,0,1.0,0.425638,0,0.0,0,254,1,5,0.8075,0.0917,GREEN,43,Kolkata
CLM0043981,KOL_06094,Dum Dum,2018-05-16,10,0,0,0,0,1,0,0,0,0,0.0,0.135745,0,0.0,0,332,2,6,0.7134,0.1699,GREEN,39,Kolkata
CLM0043982,KOL_00368,Esplanade,2023-03-24,17,0,0,0,0,0,0,0,0,0,0.0,0.372276,0,0.0,0,154,4,3,0.3906,0.0,GREEN,27,Kolkata
CLM0043983,KOL_03407,Esplanade,2021-12-29,12,0,0,0,0,0,0,0,0,1,0.0,0.295575,0,0.0,0,420,0,0,0.9502,0.2024,GREEN,32,Kolkata
CLM0043984,KOL_09640,Howrah,2017-05-01,11,0,0,0,0,0,0,0,0,0,0.0,0.349459,0,0.0,0,268,1,3,0.7959,0.1542,GREEN,44,Kolkata
CLM0043985,KOL_06155,Behala,2023-08-04,11,0,0,0,0,0,0,0,0,0,0.0,0.12601,0,0.0,0,393,3,2,0.8256,0.0,GREEN,18,Kolkata
CLM0043986,KOL_07973,Park Street,2022-06-16,15,0,0,0,0,0,1,1,0,0,0.0,0.285073,0,0.0,0,78,3,6,0.327,0.1598,GREEN,48,Kolkata
CLM0043987,KOL_08616,Behala,2022-01-15,8,0,0,0,0,0,0,0,1,0,0.0,0.383752,0,0.0,0,242,2,0,0.5461,0.1661,GREEN,34,Kolkata
CLM0043988,KOL_00402,Garia,2022-06-14,13,0,0,0,0,0,0,0,0,0,0.0,0.337445,0,0.0,0,125,4,0,0.6134,0.0,GREEN,32,Kolkata
CLM0043989,KOL_02794,Sealdah,2021-10-04,16,0,0,0,0,0,0,0,1,0,0.0,0.38211,0,0.0,0,140,4,0,0.9042,0.0614,GREEN,28,Kolkata
CLM0043990,KOL_00164,Tollygunge,2023-10-11,21,0,0,0,0,1,0,0,1,0,1.0,1.0,0,1.0,0,387,3,2,0.5721,0.2626,GREEN,37,Kolkata
CLM0043991,KOL_00548,Garia,2024-01-31,9,0,0,0,0,0,0,1,0,1,1.0,0.177187,0,0.0,0,61,2,3,0.9347,0.0733,GREEN,49,Kolkata
CLM0043992,KOL_04727,Esplanade,2024-01-28,9,0,0,0,0,0,0,0,0,0,0.0,0.19271,0,0.0,0,312,1,0,0.644,0.0192,GREEN,23,Kolkata
CLM0043993,KOL_00371,Esplanade,2023-02-21,10,0,0,0,0,0,0,0,0,0,0.0,0.0,0,0.0,0,19,3,0,0.8138,0.0245,GREEN,39,Kolkata
CLM0043994,KOL_06151,Salt Lake,2020-04-25,20,0,0,0,0,0,0,1,0,0,0.0,0.167179,0,0.0,0,35,4,2,0.5581,0.088,GREEN,24,Kolkata
CLM0043995,KOL_04857,Sealdah,2020-02-25,14,0,0,0,0,0,0,0,0,0,0.0,0.263138,0,0.0,0,49,1,3,0.8881,0.0117,GREEN,46,Kolkata
CLM0043996,KOL_09470,Sealdah,2017-08-24,14,0,0,0,1,0,0,0,0,0,0.0,0.08834,0,0.0,0,379,4,4,0.9656,0.1528,GREEN,47,Kolkata
CLM0043997,KOL_08875,New Town,2021-06-15,19,0,0,0,0,0,0,0,0,0,0.0,0.049782,1,0.0,0,9,2,2,0.924,0.094,GREEN,29,Kolkata
CLM0043998,KOL_03894,Salt Lake,2024-04-04,21,0,0,0,0,0,0,1,0,0,0.0,0.334549,0,0.0,0,192,2,3,0.8406,0.0418,GREEN,27,Kolkata
CLM0043999,KOL_04516,Park Street,2025-11-10,13,0,0,0,1,1,0,1,0,1,1.0,1.0,1,1.0,0,39,1,8,0.8697,0.0456,GREEN,40,Kolkata
CLM0044000,KOL_06112,Garia,2024-03-11,13,0,0,0,0,0,0,0,0,0,0.0,0.299799,0,0.0,0,100,4,0,0.6603,0.0,GREEN,37,Kolkata
CLM0044001,KOL_00866,Sealdah,2025-11-12,12,0,0,0,0,0,0,0,0,0,0.0,0.053641,0,0.0,0,374,1,3,0.5605,0.0515,GREEN,37,Kolkata
CLM0044002,KOL_02137,Sealdah,2025-08-21,7,0,0,0,0,0,0,0,0,0,0.0,0.382811,0,0.0,0,364,1,2,0.7515,0.1145,GREEN,40,Kolkata
CLM0044003,KOL_06528,Tollygunge,2023-05-09,14,0,0,0,0,1,0,0,0,0,0.0,0.125533,0,0.0,0,321,3,0,0.5068,0.0339,GREEN,47,Kolkata
CLM0044004,KOL_08991,Sealdah,2023-10-09,18,0,0,0,0,0,1,0,0,0,0.0,0.133231,0,0.0,0,420,0,0,0.7948,0.061,GREEN,57,Kolkata
CLM0044005,KOL_08416,Tollygunge,2023-03-14,10,0,0,0,0,0,1,0,0,0,0.0,0.352509,0,0.0,0,351,0,2,0.8288,0.3312,YELLOW,46,Kolkata
CLM0044006,KOL_06033,Sealdah,2025-09-11,20,0,0,0,0,0,0,0,0,0,0.0,0.203846,0,0.0,0,158,4,1,0.98,0.0484,GREEN,18,Kolkata
CLM0044007,KOL_00829,Salt Lake,2020-04-08,10,0,0,0,0,0,0,0,0,0,0.0,0.361047,0,0.0,0,186,0,7,0.6886,0.0,GREEN,37,Kolkata
CLM0044008,KOL_04716,Park Street,2023-02-21,20,0,0,0,0,0,0,0,1,0,0.0,0.054231,0,0.0,0,353,4,0,0.7058,0.1104,GREEN,18,Kolkata
CLM0044009,KOL_00954,Tollygunge,2022-05-05,16,0,0,0,0,0,0,0,0,0,0.0,0.0,0,0.0,0,288,1,0,0.8565,0.0331,GREEN,36,Kolkata
CLM0044010,KOL_01316,Park Street,2021-11-02,17,0,0,0,0,0,1,0,0,0,1.0,0.939543,0,0.0,0,106,2,1,0.5814,0.2167,GREEN,44,Kolkata
CLM0044011,KOL_08828,Dum Dum,2022-05-09,9,0,0,0,0,0,0,0,1,0,0.0,0.07789,0,0.0,0,222,2,1,0.7189,0.0917,GREEN,42,Kolkata
CLM0044012,KOL_03407,Esplanade,2019-10-14,7,0,0,0,0,0,0,0,0,0,0.0,0.138268,0,0.0,0,48,0,8,0.7916,0.0385,GREEN,32,Kolkata
CLM0044013,KOL_05148,Salt Lake,2023-09-18,7,0,0,0,0,0,0,0,0,0,0.0,0.0,0,0.0,0,267,4,3,0.4688,0.0,GREEN,35,Kolkata
CLM0044014,KOL_05488,Behala,2020-08-06,9,0,1,1,0,1,0,1,0,1,0.0,0.817502,1,1.0,1,42,2,16,0.8739,0.55,YELLOW,45,Kolkata
CLM0044015,KOL_00982,Tollygunge,2025-09-03,11,0,1,1,0,0,0,1,1,1,1.0,1.0,0,1.0,1,5,2,18,0.8865,0.5486,YELLOW,37,Kolkata
CLM0044016,KOL_08497,Behala,2019-07-05,16,0,1,1,1,0,1,1,1,1,1.0,0.387715,1,1.0,1,37,2,16,0.3692,0.8211,RED,18,Kolkata
CLM0044017,KOL_04274,Tollygunge,2022-01-01,10,0,1,1,0,0,1,0,0,0,0.0,0.132913,0,0.0,0,27,1,18,0.9789,0.3661,YELLOW,28,Kolkata
CLM0044018,KOL_08084,New Town,2023-04-25,16,0,1,1,1,0,1,0,0,0,0.0,0.0,1,0.0,0,19,0,18,0.8616,0.6128,RED,42,Kolkata
CLM0044019,KOL_09973,Park Street,2023-08-13,14,0,1,1,0,0,0,0,1,1,1.0,0.0,0,0.0,1,5,1,18,0.122,0.3545,YELLOW,30,Kolkata
CLM0044020,KOL_03657,Tollygunge,2019-09-29,15,0,1,1,1,0,1,1,1,0,0.0,0.000697,0,0.0,1,5,0,18,0.832,0.5545,YELLOW,49,Kolkata
CLM0044021,KOL_00196,Tollygunge,2022-08-02,18,0,1,1,0,0,1,1,1,1,0.0,0.087923,0,0.0,0,5,0,18,0.9655,0.4664,YELLOW,35,Kolkata
CLM0044022,KOL_07135,Tollygunge,2020-04-23,18,0,1,1,0,0,1,1,1,0,0.0,0.062168,0,0.0,1,47,0,18,0.9384,0.5421,YELLOW,45,Kolkata
CLM0044023,KOL_06992,Behala,2025-11-07,18,0,1,1,0,1,0,0,1,0,1.0,0.035607,1,0.0,0,11,0,18,0.8467,0.4319,YELLOW,36,Kolkata
CLM0044024,KOL_05227,Esplanade,2024-01-14,14,0,0,0,0,0,0,0,0,0,0.0,0.110925,0,0.0,0,324,1,0,0.7724,0.0065,GREEN,41,Kolkata
CLM0044025,KOL_06394,Salt Lake,2025-04-10,15,0,0,0,0,0,0,0,0,0,0.0,0.358041,0,0.0,0,339,0,2,0.7546,0.0748,GREEN,26,Kolkata
CLM0044026,KOL_00658,Dum Dum,2023-07-16,20,0,0,0,0,1,0,0,0,0,0.0,0.042425,0,0.0,0,116,2,2,0.05,0.2231,GREEN,51,Kolkata
CLM0044027,KOL_07737,Behala,2024-09-04,10,0,0,0,0,0,1,0,0,0,1.0,0.203648,0,0.0,0,350,1,3,0.0794,0.1309,GREEN,43,Kolkata
CLM0044028,KOL_05974,Tollygunge,2025-08-15,15,0,0,0,0,0,0,0,0,0,0.0,0.165333,0,1.0,0,419,0,3,0.6369,0.0,GREEN,34,Kolkata
CLM0044029,KOL_07355,Park Street,2023-11-26,16,0,0,0,0,0,0,0,0,0,1.0,0.29606,1,0.0,1,362,1,1,0.98,0.1571,GREEN,42,Kolkata
CLM0044030,KOL_08573,Garia,2020-06-05,18,0,0,0,1,0,0,0,0,0,0.0,0.181344,0,0.0,0,282,0,0,0.7243,0.1049,GREEN,54,Kolkata
CLM0044031,KOL_05754,Dum Dum,2017-03-04,14,0,0,0,0,0,0,0,0,0,0.0,0.197773,0,0.0,0,361,4,3,0.5864,0.0047,GREEN,32,Kolkata
CLM0044032,KOL_04007,Park Street,2022-05-30,18,0,0,0,0,0,0,0,0,0,0.0,0.417027,0,0.0,0,40,1,3,0.05,0.0,GREEN,26,Kolkata
CLM0044033,KOL_04882,Garia,2025-02-07,7,0,0,0,0,0,1,0,0,1,0.0,0.047416,0,0.0,0,350,0,0,0.9311,0.224,GREEN,46,Kolkata
CLM0044034,KOL_01580,Sealdah,2021-11-17,16,0,0,0,1,0,0,0,0,0,0.0,0.396304,0,0.0,0,301,4,1,0.6503,0.104,GREEN,34,Kolkata
CLM0044035,KOL_00571,Sealdah,2023-06-08,12,0,0,0,0,0,0,0,0,0,1.0,1.0,0,1.0,0,184,2,2,0.4984,0.0,GREEN,38,Kolkata
CLM0044036,KOL_03825,Behala,2023-08-02,12,0,0,0,0,1,0,0,0,0,0.0,0.212134,0,0.0,0,420,3,2,0.7513,0.11,GREEN,18,Kolkata
CLM0044037,KOL_07716,Behala,2025-10-26,20,0,0,0,0,0,0,0,0,0,0.0,0.231338,0,0.0,0,420,2,2,0.2751,0.0807,GREEN,30,Kolkata
CLM0044038,KOL_03651,Salt Lake,2021-05-09,18,0,0,0,1,0,0,0,0,0,0.0,0.034701,0,0.0,0,50,3,2,0.6636,0.1105,GREEN,26,Kolkata
CLM0044039,KOL_00188,Sealdah,2020-10-07,10,0,0,0,0,0,0,0,1,0,0.0,0.120788,0,0.0,0,93,0,0,0.7993,0.1515,GREEN,40,Kolkata
CLM0044040,KOL_00032,Park Street,2021-01-17,11,0,0,0,0,0,0,0,0,0,1.0,0.089567,0,0.0,0,420,4,4,0.98,0.0485,GREEN,37,Kolkata
CLM0044041,KOL_05032,Garia,2024-06-07,14,0,0,0,0,0,0,0,0,0,0.0,0.042189,0,0.0,0,420,1,0,0.9031,0.0,GREEN,29,Kolkata
CLM0044042,KOL_08990,Howrah,2020-02-01,19,0,0,0,0,0,1,0,0,0,0.0,0.345211,0,0.0,0,191,0,3,0.678,0.0444,GREEN,27,Kolkata
CLM0044043,KOL_09327,Sealdah,2021-04-03,10,0,0,0,0,0,0,0,0,0,0.0,0.008543,0,0.0,0,5,4,5,0.8891,0.0,GREEN,45,Kolkata
CLM0044044,KOL_00569,Garia,2025-03-28,14,0,0,0,0,0,0,0,0,0,0.0,0.30532,0,0.0,0,420,4,3,0.6573,0.0069,GREEN,20,Kolkata
CLM0044045,KOL_07666,Salt Lake,2017-08-13,15,0,0,0,0,0,1,0,0,0,1.0,0.998553,0,0.0,0,114,1,4,0.5523,0.1091,GREEN,34,Kolkata
CLM0044046,KOL_06127,Dum Dum,2018-06-26,10,0,0,0,0,0,0,1,1,0,0.0,0.874795,0,0.0,0,284,4,0,0.2203,0.1734,GREEN,40,Kolkata
CLM0044047,KOL_03184,Behala,2018-07-14,15,0,0,0,0,0,1,0,0,0,1.0,0.052826,0,0.0,0,420,3,2,0.9598,0.186,GREEN,45,Kolkata
CLM0044048,KOL_04526,Tollygunge,2021-08-31,15,0,1,1,0,0,0,0,0,0,0.0,0.260375,0,0.0,0,337,0,0,0.5923,0.0076,GREEN,34,Kolkata
CLM0044049,KOL_07029,Tollygunge,2018-07-21,7,0,0,0,0,0,0,0,0,0,0.0,0.277721,0,0.0,0,104,2,4,0.9063,0.0,GREEN,18,Kolkata
CLM0044050,KOL_02716,Park Street,2025-10-08,20,0,0,0,0,0,0,1,0,0,0.0,0.24996,0,0.0,0,273,3,3,0.7615,0.0792,GREEN,38,Kolkata
CLM0044051,KOL_07643,Sealdah,2025-12-03,9,0,0,0,0,0,0,0,0,0,0.0,0.049715,0,0.0,1,5,4,0,0.5558,0.0411,GREEN,34,Kolkata
CLM0044052,KOL_00847,Howrah,2017-03-09,11,0,0,0,0,0,0,0,0,0,0.0,0.34062,0,0.0,0,332,1,6,0.2554,0.0109,GREEN,40,Kolkata
CLM0044053,KOL_08844,Sealdah,2025-01-21,14,0,0,0,0,0,0,0,0,0,0.0,0.227702,0,0.0,0,164,3,2,0.8631,0.0,GREEN,51,Kolkata
CLM0044054,KOL_07334,Dum Dum,2022-04-12,21,0,0,0,0,0,0,0,0,0,0.0,0.233671,0,0.0,0,289,2,0,0.8208,0.0,GREEN,45,Kolkata
CLM0044055,KOL_09982,Salt Lake,2023-12-08,20,0,0,0,0,0,0,0,0,0,0.0,0.440693,0,0.0,0,244,3,2,0.9327,0.0,GREEN,27,Kolkata
CLM0044056,KOL_02780,Esplanade,2018-10-28,21,0,0,0,0,0,0,0,0,0,1.0,0.267167,0,0.0,0,325,1,3,0.8825,0.1718,GREEN,39,Kolkata
CLM0044057,KOL_08600,Sealdah,2017-10-08,10,0,0,0,0,0,0,0,0,0,0.0,0.186003,0,0.0,0,177,4,0,0.5948,0.1126,GREEN,32,Kolkata
CLM0044058,KOL_01552,Sealdah,2018-01-22,9,0,0,0,0,0,0,0,0,0,1.0,0.012118,0,0.0,0,257,4,4,0.7696,0.1168,GREEN,31,Kolkata
CLM0044059,KOL_04928,Park Street,2022-08-31,13,0,0,0,0,0,0,0,0,0,1.0,0.278241,0,0.0,0,347,4,0,0.4797,0.145,GREEN,40,Kolkata
CLM0044060,KOL_02587,Dum Dum,2018-06-18,10,0,0,0,0,0,0,0,0,0,0.0,0.033372,0,0.0,0,162,0,7,0.8315,0.0163,GREEN,18,Kolkata
CLM0044061,KOL_07364,Sealdah,2020-10-26,19,0,0,0,0,0,0,0,0,0,0.0,0.211793,0,0.0,0,98,4,0,0.7031,0.0,GREEN,44,Kolkata
CLM0044062,KOL_08687,Tollygunge,2015-12-05,21,0,0,0,0,0,0,0,0,1,0.0,0.048211,0,0.0,0,381,1,1,0.98,0.0668,GREEN,24,Kolkata
CLM0044063,KOL_04177,Behala,2017-08-27,11,0,0,0,0,0,1,0,0,0,0.0,0.240624,0,0.0,0,366,4,3,0.5446,0.0972,GREEN,43,Kolkata
CLM0044064,KOL_07706,New Town,2017-08-17,14,0,0,0,0,1,0,1,1,0,0.0,0.364752,0,0.0,0,201,2,2,0.2177,0.2693,GREEN,40,Kolkata
CLM0044065,KOL_02219,Salt Lake,2017-12-15,10,0,0,0,0,0,0,1,0,0,0.0,0.389065,0,0.0,0,202,2,0,0.7286,0.1062,GREEN,50,Kolkata
CLM0044066,KOL_07993,Howrah,2021-01-30,19,0,0,0,0,0,0,0,0,0,1.0,0.357314,0,0.0,0,420,1,7,0.6059,0.0189,GREEN,27,Kolkata
CLM0044067,KOL_09982,Salt Lake,2022-10-31,16,0,0,0,0,0,0,0,0,0,0.0,0.036085,1,0.0,0,420,3,0,0.1828,0.165,GREEN,27,Kolkata
CLM0044068,KOL_01102,Garia,2025-01-11,19,0,0,0,0,0,0,1,0,0,0.0,0.141014,0,0.0,0,366,3,4,0.8029,0.0661,GREEN,28,Kolkata
CLM0044069,KOL_09751,New Town,2018-04-02,10,0,0,0,0,0,0,0,0,0,0.0,0.189561,0,0.0,0,128,3,3,0.2709,0.006,GREEN,30,Kolkata
CLM0044070,KOL_00391,Tollygunge,2024-03-28,11,0,0,0,1,0,0,0,0,0,0.0,0.05278,0,0.0,0,225,2,4,0.6271,0.1523,GREEN,36,Kolkata
CLM0044071,KOL_05636,Esplanade,2019-03-30,18,0,0,0,0,0,0,0,0,0,0.0,0.055673,0,1.0,0,121,3,3,0.2503,0.051,GREEN,56,Kolkata
CLM0044072,KOL_02836,Park Street,2023-05-24,21,0,0,0,1,0,0,0,1,0,0.0,0.27508,0,0.0,0,325,4,5,0.5371,0.2703,GREEN,44,Kolkata
CLM0044073,KOL_09008,Behala,2025-07-09,12,0,0,0,0,0,0,0,0,0,0.0,0.331736,0,0.0,0,241,0,2,0.5444,0.0425,GREEN,31,Kolkata
CLM0044074,KOL_02135,Park Street,2025-11-24,16,0,0,0,0,1,0,0,0,0,0.0,0.134123,1,1.0,0,330,0,5,0.7473,0.1922,GREEN,28,Kolkata
CLM0044075,KOL_09161,Garia,2025-02-02,12,0,0,0,1,0,0,0,0,0,0.0,0.237591,0,0.0,0,414,1,0,0.9621,0.2048,GREEN,37,Kolkata
CLM0044076,KOL_09997,Howrah,2024-10-16,10,0,0,0,0,0,0,0,0,0,0.0,0.539309,0,0.0,0,416,4,0,0.9417,0.0771,GREEN,45,Kolkata
CLM0044077,KOL_01767,Garia,2023-07-24,16,0,0,0,0,0,0,0,0,0,0.0,0.307417,0,0.0,0,212,0,4,0.6332,0.0,GREEN,35,Kolkata
CLM0044078,KOL_05419,Sealdah,2016-01-11,13,0,0,0,0,0,0,1,0,0,0.0,0.0,0,0.0,1,420,2,0,0.05,0.1194,GREEN,18,Kolkata
CLM0044079,KOL_09955,Garia,2024-04-02,18,0,0,0,0,0,0,0,0,1,0.0,0.186089,0,0.0,0,22,4,3,0.7945,0.1087,GREEN,32,Kolkata
CLM0044080,KOL_04520,Salt Lake,2025-06-13,14,0,0,0,0,0,0,0,0,0,0.0,0.365173,0,0.0,0,91,0,0,0.8409,0.1184,GREEN,35,Kolkata
CLM0044081,KOL_05431,Behala,2023-12-15,13,0,0,0,0,0,0,0,0,0,1.0,0.060397,0,0.0,0,171,1,0,0.933,0.1687,GREEN,48,Kolkata
CLM0044082,KOL_07219,Esplanade,2022-07-14,21,0,0,0,0,0,0,0,0,0,1.0,0.929796,0,0.0,0,253,0,4,0.9176,0.0,GREEN,32,Kolkata
CLM0044083,KOL_00574,Park Street,2024-02-17,19,0,0,0,0,0,0,0,0,0,0.0,1.0,0,0.0,0,81,4,0,0.1823,0.0,GREEN,36,Kolkata
CLM0044084,KOL_08581,Behala,2020-01-04,19,0,0,0,0,0,0,0,0,0,0.0,0.306825,0,0.0,0,326,4,4,0.8652,0.0795,GREEN,31,Kolkata
CLM0044085,KOL_05717,Salt Lake,2023-12-09,15,0,0,0,0,0,0,0,0,0,0.0,0.087475,0,0.0,0,154,3,0,0.8391,0.03,GREEN,47,Kolkata
CLM0044086,KOL_02527,Behala,2023-06-04,11,0,0,0,0,0,0,0,0,0,0.0,0.205937,0,0.0,0,198,4,2,0.812,0.0,GREEN,21,Kolkata
CLM0044087,KOL_07264,Tollygunge,2017-05-15,10,0,0,0,0,0,0,0,0,0,0.0,0.925695,0,0.0,0,420,4,4,0.7053,0.0237,GREEN,37,Kolkata
CLM0044088,KOL_07405,Dum Dum,2017-01-07,15,0,0,0,0,0,0,0,0,0,0.0,0.0,0,0.0,0,337,1,3,0.8483,0.1339,GREEN,43,Kolkata
CLM0044089,KOL_01179,Howrah,2022-11-09,7,0,0,0,0,0,0,0,0,0,0.0,0.099793,0,0.0,0,168,1,0,0.9448,0.0116,GREEN,18,Kolkata
CLM0044090,KOL_00690,Howrah,2025-06-19,19,0,0,0,1,0,0,0,0,0,0.0,0.209331,0,0.0,0,378,0,6,0.98,0.2348,GREEN,32,Kolkata
CLM0044091,KOL_01597,Dum Dum,2020-11-20,18,0,0,0,0,0,0,0,1,1,0.0,0.0,0,0.0,0,406,4,1,0.7998,0.2254,GREEN,42,Kolkata
CLM0044092,KOL_01484,Behala,2020-12-03,10,0,0,0,1,0,0,1,0,0,0.0,0.305635,0,0.0,0,110,3,3,0.6817,0.0971,GREEN,23,Kolkata
CLM0044093,KOL_02102,Esplanade,2022-08-22,9,0,0,0,0,0,0,1,0,1,0.0,0.901125,1,0.0,0,227,0,0,0.6474,0.2793,GREEN,42,Kolkata
CLM0044094,KOL_05930,Park Street,2024-10-07,16,0,0,0,0,0,1,0,0,0,0.0,0.0,0,0.0,0,371,3,1,0.6667,0.0962,GREEN,30,Kolkata
CLM0044095,KOL_05912,Behala,2025-08-26,16,0,0,0,0,0,0,0,1,0,0.0,0.379278,0,0.0,0,71,2,0,0.5857,0.0698,GREEN,42,Kolkata
CLM0044096,KOL_00036,Behala,2024-09-09,7,0,0,0,0,0,0,0,0,0,0.0,0.378449,0,0.0,0,203,1,5,0.9751,0.0197,GREEN,19,Kolkata
CLM0044097,KOL_08953,Howrah,2025-08-11,7,0,0,0,0,0,0,0,0,0,0.0,0.070519,0,0.0,0,346,4,0,0.6287,0.0,GREEN,51,Kolkata
CLM0044098,KOL_02767,Tollygunge,2025-11-12,7,0,0,0,0,0,1,0,0,0,0.0,0.345147,0,0.0,0,95,2,1,0.6998,0.0888,GREEN,25,Kolkata
CLM0044099,KOL_01394,Behala,2025-06-01,9,0,0,0,0,0,0,0,0,0,0.0,0.316917,0,0.0,0,420,1,5,0.8364,0.0016,GREEN,51,Kolkata
CLM0044100,KOL_01574,Park Street,2024-03-14,17,0,0,0,0,0,0,0,0,0,0.0,1.0,0,0.0,0,420,2,0,0.8588,0.1023,GREEN,51,Kolkata
CLM0044101,KOL_08046,Sealdah,2022-10-12,16,0,0,0,0,1,0,0,0,0,0.0,0.345952,0,1.0,0,208,0,0,0.8233,0.0724,GREEN,18,Kolkata
CLM0044102,KOL_00096,Tollygunge,2024-08-01,16,0,0,0,0,0,0,0,0,0,0.0,0.28827,0,0.0,0,55,0,0,0.8193,0.0,GREEN,36,Kolkata
CLM0044103,KOL_03181,Sealdah,2023-08-25,17,0,0,0,0,0,0,0,0,0,0.0,0.213781,0,0.0,0,176,1,0,0.5945,0.0384,GREEN,30,Kolkata
CLM0044104,KOL_06529,Park Street,2025-02-28,11,0,1,1,0,0,1,0,0,0,0.0,0.122588,0,0.0,0,176,3,1,0.8312,0.1836,GREEN,27,Kolkata
CLM0044105,KOL_07230,Behala,2024-05-27,7,0,0,0,0,0,0,0,0,0,0.0,0.043571,0,0.0,0,23,1,3,0.7621,0.0597,GREEN,19,Kolkata
CLM0044106,KOL_08494,New Town,2025-04-24,12,0,0,0,0,0,0,0,0,0,0.0,1.0,0,0.0,0,198,4,5,0.98,0.0198,GREEN,54,Kolkata
CLM0044107,KOL_06043,New Town,2024-11-24,19,0,0,0,0,0,0,0,0,0,0.0,1.0,0,0.0,0,420,3,4,0.8587,0.0675,GREEN,42,Kolkata
CLM0044108,KOL_00755,Tollygunge,2025-07-19,10,0,0,0,0,0,0,0,0,0,1.0,0.214348,0,0.0,0,74,0,5,0.9488,0.044,GREEN,37,Kolkata
CLM0044109,KOL_06754,Tollygunge,2024-03-29,10,0,0,0,0,0,0,0,0,0,0.0,0.176721,0,0.0,0,412,4,0,0.7883,0.0,GREEN,29,Kolkata
CLM0044110,KOL_03613,Salt Lake,2023-07-18,17,0,0,0,0,0,0,0,0,0,0.0,0.30241,0,0.0,0,220,3,2,0.4486,0.0044,GREEN,40,Kolkata
CLM0044111,KOL_06643,Sealdah,2025-11-30,10,0,0,0,0,0,0,0,0,0,0.0,0.247155,0,0.0,0,191,2,4,0.5855,0.0603,GREEN,43,Kolkata
CLM0044112,KOL_09906,Esplanade,2024-06-04,17,0,0,0,0,0,0,0,0,0,0.0,0.055567,0,0.0,1,168,1,0,0.5343,0.1008,GREEN,50,Kolkata
CLM0044113,KOL_07089,Park Street,2025-08-21,20,0,0,0,0,0,0,0,0,0,0.0,0.0,0,0.0,0,417,0,5,0.98,0.0,GREEN,20,Kolkata
CLM0044114,KOL_02753,Tollygunge,2023-10-10,21,0,0,0,0,0,0,0,0,0,0.0,0.053352,0,0.0,0,349,3,1,0.7841,0.2225,GREEN,31,Kolkata
CLM0044115,KOL_03392,Garia,2025-12-28,17,0,0,0,0,1,0,0,0,0,0.0,0.005047,0,0.0,0,90,4,0,0.9343,0.1768,GREEN,35,Kolkata
CLM0044116,KOL_04502,Park Street,2024-06-27,8,0,0,0,0,0,0,0,1,0,1.0,1.0,0,0.0,0,78,0,0,0.7558,0.1564,GREEN,37,Kolkata
CLM0044117,KOL_03034,Dum Dum,2021-05-09,21,0,0,0,0,0,0,0,1,0,1.0,0.000997,0,0.0,0,420,0,2,0.98,0.1195,GREEN,18,Kolkata
CLM0044118,KOL_01444,Howrah,2025-04-14,20,0,0,0,0,0,0,0,0,0,0.0,0.990168,0,0.0,0,15,4,1,0.7352,0.0,GREEN,26,Kolkata
CLM0044119,KOL_08653,Behala,2019-05-20,9,0,0,0,0,0,0,0,0,0,0.0,0.130372,0,0.0,0,238,0,1,0.5471,0.0122,GREEN,27,Kolkata
CLM0044120,KOL_09064,Esplanade,2020-05-29,11,0,0,0,1,0,1,1,1,1,0.0,0.103172,0,0.0,1,12,1,18,0.98,0.0077,GREEN,38,Kolkata
CLM0044121,KOL_05166,Tollygunge,2020-06-12,17,0,0,0,0,0,0,0,1,0,1.0,0.194725,0,0.0,0,420,3,0,0.6176,0.1459,GREEN,26,Kolkata
CLM0044122,KOL_07533,Tollygunge,2019-04-06,10,0,0,0,0,0,0,0,0,0,0.0,0.21596,0,0.0,0,369,3,7,0.8178,0.0,GREEN,30,Kolkata
CLM0044123,KOL_00314,Dum Dum,2025-07-06,20,0,0,0,0,0,0,0,0,0,0.0,0.174137,0,0.0,0,362,1,4,0.615,0.0,GREEN,42,Kolkata
CLM0044124,KOL_01699,Park Street,2022-02-09,13,0,0,0,1,0,1,1,1,0,1.0,0.132622,0,0.0,0,43,3,18,0.2526,0.0373,GREEN,36,Kolkata
CLM0044125,KOL_02031,Salt Lake,2022-12-26,20,0,0,0,0,0,0,0,0,0,0.0,1.0,0,0.0,0,306,1,4,0.5545,0.0683,GREEN,32,Kolkata
CLM0044126,KOL_02184,Tollygunge,2023-09-10,21,0,0,0,0,0,1,0,0,1,0.0,0.140494,0,0.0,0,36,4,4,0.8901,0.1991,GREEN,36,Kolkata
CLM0044127,KOL_02280,Dum Dum,2020-06-09,21,0,0,0,0,0,0,1,0,0,1.0,0.381376,0,1.0,0,204,4,0,0.5564,0.1046,GREEN,29,Kolkata
CLM0044128,KOL_09690,Behala,2023-09-29,19,0,0,0,0,0,0,0,0,1,0.0,0.939676,0,0.0,0,276,0,3,0.7381,0.1182,GREEN,21,Kolkata
CLM0044129,KOL_00811,Tollygunge,2019-01-31,15,0,0,0,0,0,0,0,0,0,0.0,0.354928,0,0.0,0,31,4,0,0.6122,0.0,GREEN,37,Kolkata
CLM0044130,KOL_01812,Dum Dum,2018-02-22,18,0,1,1,1,0,0,1,0,1,0.0,1.0,1,1.0,1,5,1,18,0.1829,0.5646,YELLOW,30,Kolkata
CLM0044131,KOL_03189,New Town,2020-06-07,20,0,1,1,1,1,0,1,1,0,0.0,0.082832,1,0.0,0,5,2,18,0.8796,0.5701,YELLOW,38,Kolkata
CLM0044132,KOL_07362,Howrah,2016-08-29,10,0,1,1,0,1,1,0,1,1,1.0,1.0,1,1.0,0,5,1,10,0.0802,0.7279,RED,36,Kolkata
CLM0044133,KOL_09195,Esplanade,2024-05-02,8,0,1,1,0,0,0,0,0,0,0.0,0.175448,0,0.0,0,301,0,4,0.1568,0.6707,RED,24,Kolkata
CLM0044134,KOL_07029,Tollygunge,2024-12-26,20,0,1,1,0,0,0,0,0,0,0.0,0.976287,0,0.0,0,228,0,1,0.7275,0.7223,RED,18,Kolkata
CLM0044135,KOL_01845,New Town,2024-02-03,15,0,0,0,1,0,0,0,0,0,0.0,0.30862,0,0.0,0,420,2,0,0.6938,0.088,GREEN,20,Kolkata
CLM0044136,KOL_07279,Behala,2025-07-22,18,0,0,0,0,0,0,0,0,0,0.0,0.303768,1,0.0,0,262,4,1,0.7535,0.0717,GREEN,25,Kolkata
CLM0044137,KOL_08899,Behala,2025-02-28,13,0,0,0,0,0,0,0,0,0,0.0,0.258918,0,0.0,0,392,4,4,0.9271,0.0266,GREEN,31,Kolkata
CLM0044138,KOL_07938,Park Street,2021-03-28,12,0,0,0,0,0,0,0,0,0,0.0,0.20157,0,0.0,0,420,3,2,0.5906,0.0907,GREEN,41,Kolkata
CLM0044139,KOL_08784,New Town,2025-06-30,21,0,0,0,0,0,0,0,0,0,0.0,1.0,0,0.0,0,62,3,0,0.05,0.0329,GREEN,66,Kolkata
CLM0044140,KOL_07094,Sealdah,2023-03-31,12,0,0,0,0,0,0,0,0,0,0.0,1.0,0,0.0,0,358,0,3,0.98,0.027,GREEN,22,Kolkata
CLM0044141,KOL_08006,Esplanade,2023-06-22,10,0,0,0,0,0,0,0,0,0,0.0,0.0,0,0.0,0,238,2,2,0.8973,0.0,GREEN,22,Kolkata
CLM0044142,KOL_07473,Howrah,2020-03-21,15,0,0,0,0,0,0,0,0,0,0.0,0.12721,0,0.0,0,419,2,3,0.05,0.1373,GREEN,41,Kolkata
CLM0044143,KOL_07345,Garia,2023-01-06,13,0,0,0,0,0,0,0,0,0,1.0,0.108185,0,0.0,0,420,1,0,0.5086,0.1125,GREEN,32,Kolkata
CLM0044144,KOL_07938,Park Street,2021-08-31,8,0,0,0,0,0,0,0,0,0,0.0,0.127911,0,0.0,0,203,1,3,0.4557,0.0,GREEN,41,Kolkata
CLM0044145,KOL_09226,Park Street,2021-11-24,16,0,0,0,0,0,0,0,0,0,1.0,0.0,0,0.0,0,100,0,1,0.05,0.0661,GREEN,35,Kolkata
CLM0044146,KOL_03919,New Town,2024-12-27,13,0,0,0,0,0,0,0,0,0,0.0,0.8727,0,0.0,0,91,4,0,0.8898,0.0292,GREEN,18,Kolkata
CLM0044147,KOL_09855,Esplanade,2025-06-04,9,0,0,0,0,0,1,0,1,0,0.0,0.042049,0,0.0,0,420,0,2,0.6249,0.2347,GREEN,32,Kolkata
CLM0044148,KOL_09990,New Town,2022-04-18,16,0,0,0,0,0,0,0,0,0,1.0,0.077393,0,0.0,0,158,4,5,0.98,0.0763,GREEN,33,Kolkata
CLM0044149,KOL_02142,Garia,2021-09-23,14,0,0,0,0,0,1,0,0,0,0.0,0.0,0,0.0,0,65,2,2,0.0857,0.0604,GREEN,39,Kolkata
CLM0044150,KOL_09872,New Town,2021-09-22,18,0,0,0,0,0,1,0,0,0,0.0,0.114801,0,0.0,0,218,1,0,0.9276,0.0605,GREEN,28,Kolkata
CLM0044151,KOL_07160,Behala,2025-07-29,11,0,0,0,0,0,0,1,1,0,0.0,0.186945,0,1.0,0,39,1,7,0.7091,0.0781,GREEN,44,Kolkata
CLM0044152,KOL_06406,Salt Lake,2025-01-04,16,0,0,0,0,0,1,0,0,0,0.0,1.0,0,0.0,0,13,0,1,0.9398,0.0156,GREEN,35,Kolkata
CLM0044153,KOL_04647,Sealdah,2023-01-07,11,0,0,0,0,0,0,0,1,0,0.0,0.398306,0,0.0,0,74,0,1,0.7005,0.0727,GREEN,37,Kolkata
CLM0044154,KOL_07162,New Town,2022-02-26,12,0,0,0,0,0,0,0,1,0,0.0,0.289624,0,0.0,0,123,4,2,0.7753,0.1924,GREEN,20,Kolkata
CLM0044155,KOL_04505,Dum Dum,2021-09-29,21,0,0,0,0,0,0,0,0,0,0.0,0.124827,0,0.0,0,185,1,4,0.8214,0.0,GREEN,50,Kolkata
CLM0044156,KOL_05754,Dum Dum,2019-03-27,7,0,0,0,0,0,0,0,0,0,0.0,0.152042,0,0.0,0,299,2,6,0.2383,0.0,GREEN,32,Kolkata
CLM0044157,KOL_07948,Dum Dum,2019-08-10,17,0,0,0,0,0,0,0,0,0,0.0,0.290999,0,0.0,0,420,3,0,0.8974,0.0421,GREEN,47,Kolkata
CLM0044158,KOL_07995,Behala,2017-11-11,20,0,0,0,0,0,0,0,0,0,0.0,0.144136,0,1.0,0,374,3,0,0.7923,0.0,GREEN,38,Kolkata
CLM0044159,KOL_04466,Park Street,2015-09-24,11,0,0,0,0,0,0,0,0,0,0.0,0.251419,0,0.0,0,420,3,3,0.4809,0.132,GREEN,48,Kolkata
CLM0044160,KOL_02483,Salt Lake,2024-01-30,10,0,0,0,0,0,0,0,0,0,0.0,0.268377,0,0.0,0,99,1,5,0.7507,0.0,GREEN,38,Kolkata
CLM0044161,KOL_00663,Garia,2024-07-11,12,0,0,0,0,0,0,1,0,0,0.0,1.0,0,0.0,0,5,4,3,0.3,0.0,GREEN,39,Kolkata
CLM0044162,KOL_02540,Salt Lake,2019-08-11,14,0,0,0,1,0,0,0,0,0,0.0,0.945396,0,0.0,0,420,1,0,0.05,0.1883,GREEN,20,Kolkata
CLM0044163,KOL_06702,Esplanade,2020-01-29,12,0,0,0,0,0,0,0,0,1,0.0,0.222374,0,0.0,0,299,0,1,0.1597,0.1476,GREEN,56,Kolkata
CLM0044164,KOL_00029,Salt Lake,2016-01-13,12,0,0,0,0,0,0,0,0,0,0.0,0.978069,0,0.0,0,39,0,4,0.3375,0.1091,GREEN,50,Kolkata
CLM0044165,KOL_09449,Garia,2025-09-23,14,0,0,0,0,0,0,0,0,1,0.0,0.312845,0,0.0,0,33,1,1,0.8475,0.0535,GREEN,45,Kolkata
CLM0044166,KOL_03038,Park Street,2024-12-06,9,0,0,0,0,0,0,0,0,0,0.0,0.384861,0,0.0,0,289,3,6,0.98,0.0145,GREEN,43,Kolkata
CLM0044167,KOL_03790,Sealdah,2025-04-09,15,0,0,0,0,0,0,1,0,0,0.0,0.183308,0,0.0,0,96,4,0,0.7571,0.0627,GREEN,18,Kolkata
CLM0044168,KOL_01220,Sealdah,2025-12-09,10,0,0,0,0,0,0,0,0,0,0.0,0.383455,0,0.0,0,6,3,4,0.1503,0.0801,GREEN,58,Kolkata
CLM0044169,KOL_00502,Dum Dum,2023-07-26,16,0,0,0,1,0,0,1,1,0,0.0,1.0,0,0.0,1,5,1,18,0.3752,0.1038,GREEN,40,Kolkata
CLM0044170,KOL_03041,Park Street,2023-03-09,8,0,0,0,0,0,0,0,0,0,1.0,0.117278,0,0.0,0,46,4,0,0.8171,0.146,GREEN,28,Kolkata
CLM0044171,KOL_01827,Park Street,2024-01-20,8,0,0,0,0,0,0,1,0,0,1.0,0.061635,0,0.0,0,406,2,0,0.7626,0.1651,GREEN,24,Kolkata
CLM0044172,KOL_03730,Park Street,2021-11-24,11,0,0,0,0,1,0,1,0,0,0.0,0.939856,0,0.0,0,221,3,2,0.9337,0.1686,GREEN,36,Kolkata
CLM0044173,KOL_09927,Esplanade,2020-12-27,20,0,0,0,0,0,0,0,0,0,0.0,0.241416,0,0.0,0,257,1,0,0.98,0.0,GREEN,39,Kolkata
CLM0044174,KOL_04115,Tollygunge,2020-09-04,21,0,0,0,0,0,0,0,0,0,0.0,0.096918,0,0.0,0,405,1,4,0.1478,0.0085,GREEN,42,Kolkata
CLM0044175,KOL_05743,Tollygunge,2018-12-12,21,0,0,0,1,0,0,0,0,0,0.0,0.176886,0,0.0,0,84,1,2,0.5078,0.2273,GREEN,54,Kolkata
CLM0044176,KOL_01958,Dum Dum,2025-07-18,10,0,0,0,0,0,0,0,1,0,0.0,0.158547,0,0.0,0,348,0,2,0.6509,0.0939,GREEN,19,Kolkata
CLM0044177,KOL_09384,Park Street,2025-04-12,9,0,0,0,0,0,1,0,0,0,0.0,0.055811,0,0.0,0,131,1,3,0.6595,0.0428,GREEN,59,Kolkata
CLM0044178,KOL_02813,Park Street,2025-09-12,13,0,0,0,0,0,0,0,0,0,0.0,0.449415,0,0.0,1,5,2,0,0.913,0.0,GREEN,18,Kolkata
CLM0044179,KOL_04988,Garia,2025-01-09,20,0,0,0,0,0,0,0,0,0,0.0,0.064602,0,0.0,0,266,1,1,0.8954,0.008,GREEN,33,Kolkata
CLM0044180,KOL_08660,Howrah,2025-01-05,16,0,0,0,0,0,0,0,0,0,0.0,0.242105,0,0.0,0,5,4,0,0.5238,0.0,GREEN,18,Kolkata
CLM0044181,KOL_07529,New Town,2025-08-06,14,0,0,0,0,0,0,1,0,0,0.0,0.371976,0,0.0,0,66,2,2,0.1311,0.1041,GREEN,38,Kolkata
CLM0044182,KOL_02048,New Town,2025-11-10,21,0,0,0,0,0,0,0,0,0,0.0,0.027059,0,0.0,0,342,3,6,0.0521,0.0,GREEN,21,Kolkata
CLM0044183,KOL_09508,Park Street,2024-11-13,19,0,0,0,0,0,0,0,0,0,1.0,0.323904,0,0.0,1,41,3,2,0.6588,0.0,GREEN,20,Kolkata
CLM0044184,KOL_04061,New Town,2023-06-17,10,0,0,0,0,0,0,1,0,0,1.0,0.298631,1,0.0,0,281,3,4,0.1021,0.3047,GREEN,40,Kolkata
CLM0044185,KOL_07533,Tollygunge,2019-03-08,16,0,0,0,0,0,0,0,0,0,0.0,0.167981,0,0.0,0,329,2,2,0.7802,0.2513,GREEN,30,Kolkata
CLM0044186,KOL_01867,Salt Lake,2025-03-16,9,0,0,0,0,0,0,0,0,0,0.0,0.17934,0,0.0,0,420,2,6,0.495,0.0973,GREEN,18,Kolkata
CLM0044187,KOL_08179,New Town,2024-02-14,17,0,0,0,0,0,0,0,0,0,0.0,0.413697,0,0.0,0,384,1,3,0.7169,0.0264,GREEN,28,Kolkata
CLM0044188,KOL_02909,Esplanade,2022-04-26,18,0,0,0,0,0,0,0,0,0,0.0,1.0,0,0.0,0,222,4,0,0.98,0.0,GREEN,19,Kolkata
CLM0044189,KOL_08885,Sealdah,2025-09-01,17,0,0,0,0,0,0,0,0,0,0.0,0.02518,0,0.0,0,305,0,3,0.2189,0.0032,GREEN,38,Kolkata
CLM0044190,KOL_04580,Salt Lake,2020-12-14,19,0,0,0,0,0,0,0,0,0,0.0,0.156137,0,0.0,0,352,1,4,0.8993,0.1109,GREEN,30,Kolkata
CLM0044191,KOL_07870,Park Street,2016-09-21,21,0,1,1,0,0,0,0,0,0,0.0,0.066109,0,0.0,0,105,3,0,0.2976,0.0986,GREEN,28,Kolkata
CLM0044192,KOL_09981,Howrah,2020-11-03,8,0,0,0,0,0,0,0,1,0,0.0,0.4118,0,0.0,0,420,4,0,0.6608,0.0918,GREEN,44,Kolkata
CLM0044193,KOL_07319,Park Street,2021-07-07,9,0,1,1,0,0,0,0,0,0,0.0,0.431262,0,0.0,0,202,1,2,0.6522,0.0,GREEN,47,Kolkata
CLM0044194,KOL_09215,Howrah,2021-03-26,11,0,0,0,0,0,0,0,0,0,0.0,0.053334,0,0.0,0,420,0,0,0.7589,0.0,GREEN,30,Kolkata
CLM0044195,KOL_05031,Tollygunge,2024-11-14,8,0,0,0,0,0,0,0,0,0,0.0,0.379159,0,0.0,0,395,2,2,0.6398,0.0,GREEN,28,Kolkata
CLM0044196,KOL_07378,Garia,2025-11-17,16,0,0,0,0,0,0,0,0,0,0.0,0.245866,0,0.0,0,202,4,3,0.9099,0.0,GREEN,37,Kolkata
CLM0044197,KOL_04758,Behala,2024-09-05,18,0,0,0,0,0,0,0,0,0,0.0,0.099368,0,0.0,0,76,2,2,0.4958,0.0,GREEN,44,Kolkata
CLM0044198,KOL_01452,New Town,2025-01-12,11,0,0,0,0,0,1,0,0,0,1.0,0.266318,1,0.0,0,420,1,1,0.2145,0.1651,GREEN,28,Kolkata
CLM0044199,KOL_02088,Park Street,2025-09-24,7,0,0,0,0,0,0,0,0,0,0.0,0.1374,0,1.0,0,420,4,1,0.98,0.0511,GREEN,21,Kolkata
CLM0044200,KOL_08395,Park Street,2023-06-29,18,0,0,0,0,0,0,0,0,0,0.0,0.193152,0,0.0,0,281,3,1,0.5804,0.0,GREEN,29,Kolkata
CLM0044201,KOL_04724,Park Street,2025-11-30,21,0,0,0,0,0,1,0,1,0,0.0,0.267189,0,0.0,0,321,3,0,0.7302,0.1615,GREEN,38,Kolkata
CLM0044202,KOL_07214,Tollygunge,2021-07-25,14,0,0,0,1,0,0,0,0,0,0.0,0.04956,0,0.0,0,269,1,5,0.5989,0.009,GREEN,29,Kolkata
CLM0044203,KOL_07645,Esplanade,2021-04-12,15,0,0,0,0,0,0,0,0,0,0.0,0.458082,0,0.0,0,420,2,0,0.9052,0.0214,GREEN,41,Kolkata
CLM0044204,KOL_06521,Sealdah,2025-08-04,21,0,0,0,0,0,0,0,0,0,0.0,0.024914,0,0.0,0,268,0,0,0.6127,0.0,GREEN,36,Kolkata
CLM0044205,KOL_01035,Behala,2024-11-28,10,0,0,0,0,0,0,0,0,0,0.0,0.230365,0,0.0,0,149,2,0,0.0666,0.0,GREEN,37,Kolkata
CLM0044206,KOL_01474,Behala,2017-12-19,9,0,0,0,0,0,0,0,0,0,0.0,0.273096,0,0.0,0,58,1,2,0.7116,0.0143,GREEN,27,Kolkata
CLM0044207,KOL_01750,Garia,2020-01-28,7,0,0,0,0,0,0,0,0,1,0.0,0.0,0,1.0,0,54,4,0,0.4801,0.0129,GREEN,32,Kolkata
CLM0044208,KOL_02837,New Town,2021-05-19,15,0,0,0,0,0,0,0,0,0,0.0,0.345507,0,0.0,0,320,0,3,0.7746,0.0957,GREEN,28,Kolkata
CLM0044209,KOL_00797,Howrah,2025-04-01,10,0,0,0,0,0,0,0,0,0,1.0,1.0,0,0.0,0,205,0,0,0.8553,0.0465,GREEN,24,Kolkata
CLM0044210,KOL_08436,Salt Lake,2021-04-20,12,0,0,0,0,0,1,0,0,0,0.0,0.069339,0,0.0,0,415,4,3,0.5417,0.2333,GREEN,32,Kolkata
CLM0044211,KOL_01140,Park Street,2025-08-02,8,0,0,0,0,0,0,0,0,0,0.0,0.427707,0,0.0,0,317,0,4,0.6369,0.0,GREEN,32,Kolkata
CLM0044212,KOL_00876,Behala,2024-03-05,8,0,0,0,0,0,0,0,0,0,0.0,0.175981,0,0.0,0,155,2,1,0.7286,0.0498,GREEN,45,Kolkata
CLM0044213,KOL_05358,Dum Dum,2020-11-14,19,0,0,0,0,0,0,0,0,0,0.0,0.102681,0,0.0,0,137,2,3,0.98,0.0027,GREEN,33,Kolkata
CLM0044214,KOL_02065,Esplanade,2025-02-20,16,0,0,0,0,0,0,0,0,0,0.0,1.0,0,0.0,0,248,0,1,0.2176,0.0,GREEN,40,Kolkata
CLM0044215,KOL_05026,Howrah,2023-03-24,18,0,0,0,0,0,0,0,0,0,0.0,0.962388,0,0.0,0,120,4,6,0.8132,0.0,GREEN,42,Kolkata
CLM0044216,KOL_07295,Tollygunge,2021-12-20,8,0,0,0,0,0,0,0,1,0,1.0,0.337736,0,0.0,0,201,0,6,0.95,0.0907,GREEN,31,Kolkata
CLM0044217,KOL_02379,Behala,2021-12-27,13,0,0,0,0,0,0,0,0,0,0.0,0.928202,0,0.0,0,242,3,5,0.98,0.0,GREEN,38,Kolkata
CLM0044218,KOL_00207,Tollygunge,2023-07-11,8,0,0,0,0,0,0,0,0,0,0.0,0.044863,0,0.0,0,184,1,4,0.0907,0.0088,GREEN,27,Kolkata
CLM0044219,KOL_00296,Esplanade,2024-03-16,9,0,0,0,0,0,0,0,0,0,0.0,0.137972,0,0.0,0,321,4,4,0.9684,0.1702,GREEN,34,Kolkata
CLM0044220,KOL_04147,New Town,2022-12-02,21,0,0,0,0,0,0,0,0,0,1.0,0.249372,0,0.0,0,420,4,5,0.8523,0.0857,GREEN,36,Kolkata
CLM0044221,KOL_01450,Park Street,2025-12-22,16,0,0,0,0,0,0,0,0,0,0.0,0.133428,0,0.0,0,136,4,5,0.4926,0.0,GREEN,42,Kolkata
CLM0044222,KOL_06995,Park Street,2025-06-20,11,0,0,0,0,0,0,0,0,0,1.0,0.148117,0,0.0,0,416,2,0,0.98,0.0676,GREEN,35,Kolkata
CLM0044223,KOL_00158,New Town,2024-08-24,18,0,0,0,0,0,0,0,1,0,0.0,0.145984,0,0.0,0,275,4,0,0.5494,0.0791,GREEN,26,Kolkata
CLM0044224,KOL_00933,Esplanade,2024-08-19,13,0,0,0,0,0,0,0,0,0,1.0,0.21009,0,0.0,0,108,1,1,0.5665,0.1005,GREEN,27,Kolkata
CLM0044225,KOL_01451,Park Street,2025-01-04,15,0,1,1,0,1,0,0,0,0,0.0,0.243433,0,0.0,0,420,0,1,0.6716,0.0775,GREEN,45,Kolkata
CLM0044226,KOL_08511,Garia,2025-12-13,18,0,0,0,0,0,0,0,0,0,0.0,0.23995,0,0.0,0,221,3,4,0.2677,0.0189,GREEN,40,Kolkata
CLM0044227,KOL_01257,Salt Lake,2020-08-12,10,0,0,0,0,0,0,0,0,0,1.0,0.134243,1,0.0,0,420,1,3,0.8189,0.1325,GREEN,31,Kolkata
CLM0044228,KOL_02444,Tollygunge,2023-08-26,18,0,0,0,0,0,0,0,0,0,1.0,0.226539,0,1.0,0,258,1,4,0.2337,0.0,GREEN,55,Kolkata
CLM0044229,KOL_02932,Dum Dum,2023-07-21,13,0,0,0,0,0,1,0,0,0,0.0,0.184846,0,0.0,0,251,4,1,0.6816,0.1323,GREEN,50,Kolkata
CLM0044230,KOL_04275,Tollygunge,2018-12-04,12,0,0,0,0,0,0,0,0,1,0.0,0.205032,0,0.0,0,412,3,1,0.1124,0.1307,GREEN,41,Kolkata
CLM0044231,KOL_07297,Dum Dum,2025-11-16,17,0,0,0,0,0,0,0,0,0,1.0,0.135596,0,0.0,0,420,1,0,0.9607,0.0993,GREEN,25,Kolkata
CLM0044232,KOL_04081,Tollygunge,2024-09-10,16,0,0,0,0,0,0,0,0,0,0.0,0.111107,0,0.0,0,227,3,4,0.7291,0.0,GREEN,19,Kolkata
CLM0044233,KOL_02093,Garia,2024-11-09,12,0,0,0,0,0,0,0,0,0,1.0,0.362625,0,0.0,0,291,1,1,0.98,0.1079,GREEN,35,Kolkata
CLM0044234,KOL_08330,Salt Lake,2024-04-08,9,0,0,0,0,0,0,1,1,0,0.0,0.12598,0,0.0,0,59,0,4,0.4942,0.2695,GREEN,18,Kolkata
CLM0044235,KOL_08222,Salt Lake,2024-09-11,19,0,0,0,0,0,0,0,0,0,0.0,0.303926,0,0.0,0,354,4,3,0.6626,0.0106,GREEN,19,Kolkata
CLM0044236,KOL_02930,Tollygunge,2016-10-21,7,0,0,0,1,0,0,0,0,0,0.0,1.0,0,0.0,0,420,3,2,0.5246,0.152,GREEN,43,Kolkata
CLM0044237,KOL_05197,Dum Dum,2019-12-29,13,0,0,0,0,0,0,0,0,0,0.0,0.141335,0,0.0,0,357,1,0,0.282,0.0472,GREEN,59,Kolkata
CLM0044238,KOL_05478,Behala,2025-05-04,12,0,0,0,0,0,0,0,0,0,0.0,0.968539,0,1.0,0,139,1,3,0.9133,0.0,GREEN,39,Kolkata
CLM0044239,KOL_01899,Esplanade,2016-08-06,16,0,0,0,0,0,0,0,0,0,0.0,0.155592,0,0.0,0,187,2,1,0.05,0.0082,GREEN,37,Kolkata
CLM0044240,KOL_05516,Salt Lake,2022-08-01,15,0,0,0,0,0,1,0,0,0,0.0,0.072727,0,0.0,0,249,1,0,0.8171,0.1409,GREEN,26,Kolkata
CLM0044241,KOL_01784,New Town,2016-05-20,15,0,0,0,0,0,0,0,0,0,0.0,0.256453,0,0.0,0,299,3,4,0.9619,0.0,GREEN,32,Kolkata
CLM0044242,KOL_09979,Tollygunge,2018-01-18,9,0,0,0,1,0,0,0,0,0,0.0,0.0,0,0.0,0,320,1,0,0.156,0.2107,GREEN,58,Kolkata
CLM0044243,KOL_08707,Salt Lake,2018-06-18,15,0,0,0,0,0,0,0,0,1,0.0,0.910204,0,0.0,0,46,0,0,0.7807,0.0878,GREEN,40,Kolkata
CLM0044244,KOL_03161,New Town,2025-09-21,7,0,0,0,0,0,0,0,0,0,0.0,0.09184,0,0.0,0,255,3,0,0.2497,0.0142,GREEN,38,Kolkata
CLM0044245,KOL_00254,Howrah,2019-06-03,10,0,0,0,0,0,0,0,0,1,0.0,0.186244,0,0.0,0,31,1,0,0.6801,0.1639,GREEN,31,Kolkata
CLM0044246,KOL_05175,Sealdah,2022-12-21,18,0,0,0,0,0,0,0,0,0,0.0,0.304234,0,0.0,0,420,3,0,0.9366,0.0313,GREEN,40,Kolkata
CLM0044247,KOL_01123,Garia,2023-10-29,11,0,0,0,0,0,0,0,0,0,0.0,0.009037,0,0.0,0,393,0,2,0.7492,0.0,GREEN,35,Kolkata
CLM0044248,KOL_04971,Behala,2025-02-10,10,0,0,0,0,0,0,0,0,0,0.0,0.145952,0,0.0,0,253,4,2,0.9004,0.0,GREEN,33,Kolkata
CLM0044249,KOL_09899,Garia,2025-02-06,15,0,0,0,1,0,1,0,0,0,0.0,0.2833,0,0.0,0,346,3,0,0.05,0.282,GREEN,45,Kolkata
CLM0044250,KOL_09441,Tollygunge,2025-11-30,15,0,0,0,1,0,0,0,0,0,0.0,0.332226,0,0.0,0,129,2,0,0.7777,0.1677,GREEN,59,Kolkata
CLM0044251,KOL_04234,Park Street,2025-05-25,19,0,1,1,0,0,1,0,0,0,0.0,0.15081,0,0.0,0,420,1,5,0.0961,0.0517,GREEN,23,Kolkata
CLM0044252,KOL_01728,Park Street,2025-02-26,17,0,0,0,0,0,1,0,0,0,0.0,0.43135,0,1.0,0,295,1,2,0.7712,0.2466,GREEN,58,Kolkata
CLM0044253,KOL_00948,Sealdah,2023-09-13,11,0,0,0,0,0,1,0,0,0,1.0,1.0,0,1.0,0,177,3,6,0.8442,0.1037,GREEN,18,Kolkata
CLM0044254,KOL_06523,Howrah,2024-05-27,17,0,0,0,0,0,0,0,0,0,0.0,0.907402,0,0.0,0,29,2,5,0.1874,0.0,GREEN,37,Kolkata
CLM0044255,KOL_00458,Sealdah,2019-05-01,19,0,0,0,0,0,0,0,0,0,0.0,0.365038,0,0.0,0,420,2,1,0.7455,0.0,GREEN,43,Kolkata
CLM0044256,KOL_09153,Garia,2019-08-10,9,0,0,0,0,1,1,1,1,0,0.0,0.2626,1,0.0,0,169,0,0,0.98,0.3864,YELLOW,35,Kolkata
CLM0044257,KOL_00991,Sealdah,2022-01-16,15,0,0,0,0,0,0,0,1,1,0.0,0.250061,0,0.0,0,120,4,1,0.4523,0.3619,YELLOW,44,Kolkata
CLM0044258,KOL_05521,Tollygunge,2023-10-24,13,0,0,0,0,0,0,0,0,0,0.0,0.29844,0,0.0,1,408,4,0,0.9107,0.0,GREEN,24,Kolkata
CLM0044259,KOL_02023,Behala,2021-06-19,13,0,0,0,0,0,0,0,0,0,0.0,0.31924,0,0.0,0,86,3,5,0.5587,0.0,GREEN,26,Kolkata
CLM0044260,KOL_04501,Howrah,2024-12-23,19,0,0,0,0,0,0,0,0,0,0.0,0.972572,0,0.0,0,74,2,0,0.7812,0.0,GREEN,18,Kolkata
CLM0044261,KOL_05974,Tollygunge,2020-08-04,19,0,0,0,0,1,0,0,0,0,0.0,0.892913,0,0.0,1,277,3,1,0.6898,0.2686,GREEN,34,Kolkata
CLM0044262,KOL_05542,Esplanade,2023-07-23,8,0,0,0,0,1,0,0,1,0,0.0,0.900615,0,0.0,0,46,0,0,0.5409,0.1152,GREEN,33,Kolkata
CLM0044263,KOL_01468,Behala,2020-01-28,18,0,0,0,0,0,0,1,1,0,0.0,0.053323,0,0.0,0,167,1,0,0.4325,0.1597,GREEN,29,Kolkata
CLM0044264,KOL_09417,Salt Lake,2025-01-10,20,0,0,0,0,0,0,0,0,0,0.0,0.968926,0,0.0,0,345,4,0,0.98,0.0,GREEN,41,Kolkata
CLM0044265,KOL_00996,Tollygunge,2021-03-07,7,0,0,0,0,0,1,0,0,0,0.0,0.134356,0,0.0,0,155,1,1,0.3053,0.186,GREEN,34,Kolkata
CLM0044266,KOL_02967,Garia,2018-04-08,20,0,0,0,0,0,0,1,0,0,0.0,0.260505,0,0.0,0,76,2,4,0.8254,0.0262,GREEN,32,Kolkata
CLM0044267,KOL_04048,Garia,2018-09-28,16,0,0,0,0,0,0,0,0,0,0.0,0.016037,0,0.0,0,285,4,1,0.7315,0.0653,GREEN,41,Kolkata
CLM0044268,KOL_02069,Sealdah,2025-12-07,17,0,0,0,0,0,0,0,0,0,0.0,0.213168,0,0.0,0,211,2,1,0.4868,0.0667,GREEN,40,Kolkata
CLM0044269,KOL_02562,Behala,2025-01-23,14,0,0,0,0,0,0,0,0,0,0.0,0.122749,0,0.0,0,188,1,1,0.8837,0.0,GREEN,31,Kolkata
CLM0044270,KOL_03671,New Town,2021-04-11,8,0,0,0,0,0,0,0,0,0,0.0,1.0,0,0.0,0,420,1,3,0.0538,0.0,GREEN,41,Kolkata
CLM0044271,KOL_08248,Tollygunge,2024-11-06,16,0,0,0,0,0,1,0,0,0,0.0,0.20839,0,0.0,0,149,2,4,0.8676,0.135,GREEN,38,Kolkata
CLM0044272,KOL_09537,Salt Lake,2025-03-23,21,0,0,0,0,0,1,0,0,0,0.0,0.20584,0,0.0,0,420,1,2,0.4104,0.1702,GREEN,30,Kolkata
CLM0044273,KOL_01746,Dum Dum,2025-01-14,15,0,0,0,0,0,0,0,0,0,0.0,1.0,0,0.0,0,22,2,0,0.6667,0.0305,GREEN,37,Kolkata
CLM0044274,KOL_01734,Sealdah,2024-11-02,21,0,0,0,0,0,0,0,0,0,0.0,0.215288,0,0.0,0,376,0,1,0.8485,0.0,GREEN,31,Kolkata
CLM0044275,KOL_04588,Garia,2025-05-06,14,0,0,0,0,0,0,0,0,0,0.0,0.990636,1,0.0,0,196,4,3,0.05,0.1247,GREEN,41,Kolkata
CLM0044276,KOL_09251,Esplanade,2023-06-28,20,0,0,0,0,0,0,0,0,0,0.0,0.325757,0,0.0,0,353,2,3,0.9541,0.1262,GREEN,33,Kolkata
CLM0044277,KOL_06698,Howrah,2025-03-27,15,0,0,0,0,0,1,0,0,0,0.0,0.276176,0,0.0,0,205,1,2,0.7291,0.096,GREEN,49,Kolkata
CLM0044278,KOL_06323,Sealdah,2024-11-12,13,0,0,0,1,1,1,1,1,1,1.0,0.090729,0,1.0,0,5,4,18,0.8994,0.0622,GREEN,45,Kolkata
CLM0044279,KOL_01827,Park Street,2024-07-27,16,0,0,0,0,1,0,0,0,0,0.0,0.185474,0,0.0,0,137,3,4,0.6555,0.0441,GREEN,24,Kolkata
CLM0044280,KOL_07349,New Town,2024-01-27,18,0,0,0,0,0,1,0,0,0,0.0,0.0,0,0.0,0,420,2,0,0.5104,0.1046,GREEN,40,Kolkata
CLM0044281,KOL_03821,Behala,2020-07-02,10,0,0,0,0,0,1,0,0,0,0.0,0.432202,0,0.0,0,420,4,3,0.7669,0.0125,GREEN,43,Kolkata
CLM0044282,KOL_06329,Garia,2020-05-25,8,0,0,0,0,0,0,0,0,0,0.0,0.306374,0,0.0,0,329,2,0,0.6454,0.0996,GREEN,40,Kolkata
CLM0044283,KOL_04158,Sealdah,2021-08-28,20,0,0,0,0,0,0,0,0,0,0.0,0.297203,0,0.0,0,181,2,1,0.8843,0.0077,GREEN,38,Kolkata
CLM0044284,KOL_01437,Behala,2021-01-10,12,0,0,0,0,0,0,0,0,0,0.0,0.214253,0,0.0,0,420,4,1,0.6122,0.0114,GREEN,31,Kolkata
CLM0044285,KOL_04931,New Town,2021-12-16,11,0,0,0,0,0,0,0,0,0,0.0,0.163315,0,0.0,1,191,1,3,0.6619,0.0988,GREEN,45,Kolkata
CLM0044286,KOL_08134,Howrah,2023-09-24,8,0,0,0,0,0,0,0,1,0,0.0,0.088862,0,0.0,0,120,3,0,0.6877,0.0823,GREEN,43,Kolkata
CLM0044287,KOL_01792,New Town,2024-05-11,8,0,0,0,1,0,0,0,0,0,0.0,0.974581,0,0.0,0,420,4,4,0.5163,0.0972,GREEN,32,Kolkata
CLM0044288,KOL_08877,Garia,2025-12-16,14,0,0,0,0,0,0,0,0,0,0.0,0.46088,0,0.0,0,420,1,1,0.4626,0.0,GREEN,28,Kolkata
CLM0044289,KOL_05228,Park Street,2020-07-27,15,0,0,0,0,0,0,0,0,0,0.0,0.594924,0,0.0,0,49,3,1,0.8697,0.0,GREEN,37,Kolkata
CLM0044290,KOL_05320,Tollygunge,2024-01-09,8,0,0,0,0,0,0,0,0,0,0.0,0.010173,0,0.0,0,89,0,0,0.3196,0.0,GREEN,39,Kolkata
CLM0044291,KOL_02824,Tollygunge,2024-02-19,12,0,0,0,0,0,0,0,0,0,0.0,0.164982,0,0.0,0,36,4,0,0.98,0.0,GREEN,38,Kolkata
CLM0044292,KOL_09889,Esplanade,2021-02-19,15,0,0,0,1,0,0,1,1,1,1.0,1.0,1,1.0,1,6,1,18,0.0849,0.0,GREEN,41,Kolkata
CLM0044293,KOL_09535,Esplanade,2023-03-07,12,0,0,0,0,0,0,0,0,0,0.0,0.37736,0,1.0,0,320,1,3,0.1364,0.1192,GREEN,44,Kolkata
CLM0044294,KOL_04599,Garia,2025-06-24,21,0,0,0,0,0,0,0,0,0,0.0,0.166961,0,0.0,0,166,0,6,0.6139,0.0,GREEN,42,Kolkata
CLM0044295,KOL_04940,Dum Dum,2023-08-13,21,0,0,0,0,0,0,0,0,0,0.0,0.189678,0,0.0,0,419,0,0,0.98,0.0,GREEN,18,Kolkata
CLM0044296,KOL_04193,Dum Dum,2024-08-28,14,0,0,0,0,0,0,0,0,0,0.0,0.0,0,0.0,0,420,3,2,0.7899,0.0214,GREEN,53,Kolkata
CLM0044297,KOL_08263,Tollygunge,2023-11-18,14,0,0,0,0,0,0,0,0,0,0.0,0.24743,0,0.0,0,289,2,2,0.7832,0.0,GREEN,20,Kolkata
CLM0044298,KOL_05191,Howrah,2022-10-09,21,0,0,0,0,0,0,0,0,1,0.0,0.36033,0,1.0,0,420,0,2,0.5802,0.0689,GREEN,37,Kolkata
CLM0044299,KOL_09977,Sealdah,2020-02-05,12,0,0,0,0,0,0,1,0,0,0.0,0.032904,1,0.0,1,277,4,0,0.9192,0.2783,GREEN,51,Kolkata
CLM0044300,KOL_04963,Behala,2023-01-12,18,0,0,0,0,0,1,1,1,1,0.0,0.469215,0,1.0,0,12,4,18,0.05,0.0,GREEN,26,Kolkata
CLM0044301,KOL_04987,Sealdah,2025-03-08,13,0,1,1,1,1,1,1,0,1,0.0,0.141338,1,0.0,1,5,2,18,0.8678,0.0719,GREEN,52,Kolkata
CLM0044302,KOL_01640,Dum Dum,2021-12-27,18,0,0,0,1,0,0,0,0,0,0.0,0.303822,0,0.0,0,53,0,1,0.2341,0.1125,GREEN,29,Kolkata
CLM0044303,KOL_07579,Salt Lake,2022-10-23,13,0,0,0,0,0,0,0,0,0,1.0,0.151342,0,0.0,0,420,3,1,0.6274,0.0,GREEN,20,Kolkata
CLM0044304,KOL_08450,Dum Dum,2022-11-04,14,0,0,0,0,0,1,0,0,0,0.0,0.038983,0,0.0,0,386,4,1,0.618,0.1339,GREEN,26,Kolkata
CLM0044305,KOL_01963,Behala,2020-06-18,18,0,0,0,0,0,0,0,0,0,0.0,0.918329,0,0.0,0,399,0,3,0.5103,0.0,GREEN,52,Kolkata
CLM0044306,KOL_09721,Garia,2021-06-04,13,0,0,0,0,0,0,0,0,0,0.0,0.235502,0,0.0,0,353,4,0,0.6222,0.0583,GREEN,39,Kolkata
CLM0044307,KOL_07063,Howrah,2022-11-27,7,0,0,0,0,0,0,0,0,0,0.0,1.0,0,0.0,0,386,3,4,0.5175,0.0,GREEN,22,Kolkata
CLM0044308,KOL_08941,Esplanade,2020-04-21,11,0,0,0,0,0,1,0,1,0,0.0,0.20046,0,0.0,0,64,3,0,0.9585,0.1635,GREEN,48,Kolkata
CLM0044309,KOL_08297,Garia,2024-06-30,20,0,0,0,0,0,1,0,0,0,0.0,0.225078,0,0.0,0,120,0,5,0.8786,0.2418,GREEN,57,Kolkata
CLM0044310,KOL_09913,Park Street,2020-08-28,21,0,0,0,0,0,0,0,0,0,0.0,0.162797,0,0.0,0,302,2,2,0.7787,0.0195,GREEN,20,Kolkata
CLM0044311,KOL_01648,Park Street,2025-11-08,19,0,0,0,0,0,0,0,0,0,0.0,0.262243,0,0.0,0,420,4,0,0.9768,0.0,GREEN,22,Kolkata
CLM0044312,KOL_07085,Behala,2018-08-17,18,0,0,0,0,0,0,0,0,0,0.0,0.187493,0,0.0,0,154,0,4,0.0887,0.0718,GREEN,33,Kolkata
CLM0044313,KOL_05179,Sealdah,2021-05-07,13,0,0,0,0,0,0,0,0,0,0.0,0.196188,0,0.0,0,232,1,5,0.7698,0.0,GREEN,18,Kolkata
CLM0044314,KOL_05355,New Town,2018-06-11,16,0,0,0,0,0,0,0,0,1,0.0,0.059131,0,0.0,0,420,3,0,0.7496,0.1763,GREEN,40,Kolkata
CLM0044315,KOL_03919,New Town,2018-11-04,8,0,0,0,0,0,0,0,0,0,0.0,0.238115,0,0.0,0,25,3,3,0.98,0.0303,GREEN,18,Kolkata
CLM0044316,KOL_02500,Sealdah,2025-05-08,19,0,0,0,0,0,0,0,0,0,0.0,0.220566,0,0.0,0,420,3,1,0.6335,0.1399,GREEN,42,Kolkata
CLM0044317,KOL_08825,New Town,2022-03-04,16,0,0,0,0,0,0,1,0,0,1.0,0.188606,0,0.0,1,420,0,2,0.7832,0.2669,GREEN,41,Kolkata
CLM0044318,KOL_09676,Esplanade,2024-03-21,9,0,0,0,0,0,0,0,0,0,0.0,0.054184,0,1.0,0,188,4,8,0.6582,0.0028,GREEN,40,Kolkata
CLM0044319,KOL_07766,New Town,2024-03-09,7,0,0,0,0,0,0,0,0,0,0.0,0.129898,0,0.0,0,377,4,2,0.9297,0.0,GREEN,44,Kolkata
CLM0044320,KOL_04510,Park Street,2022-09-08,21,0,0,0,0,0,0,0,1,0,0.0,0.304868,0,0.0,0,32,4,2,0.9631,0.1826,GREEN,36,Kolkata
CLM0044321,KOL_03907,Esplanade,2025-08-28,8,0,0,0,0,0,0,0,0,0,0.0,0.023783,0,0.0,0,319,0,2,0.677,0.0,GREEN,25,Kolkata
CLM0044322,KOL_00608,Sealdah,2019-08-05,12,0,0,0,0,0,0,0,0,0,0.0,0.293334,0,0.0,0,420,0,1,0.753,0.0,GREEN,35,Kolkata
CLM0044323,KOL_08978,Sealdah,2020-01-27,12,0,0,0,0,0,0,0,0,0,0.0,0.275023,0,1.0,0,420,0,0,0.701,0.0,GREEN,31,Kolkata
CLM0044324,KOL_02812,Tollygunge,2019-08-09,16,0,0,0,0,0,0,0,0,0,0.0,0.077809,0,1.0,0,253,0,1,0.7095,0.0,GREEN,39,Kolkata
CLM0044325,KOL_04441,Tollygunge,2023-11-16,13,0,0,0,0,0,0,0,0,0,0.0,0.339988,0,0.0,0,86,3,2,0.858,0.0413,GREEN,28,Kolkata
CLM0044326,KOL_06122,Salt Lake,2021-03-28,18,0,0,0,0,0,0,0,0,1,0.0,1.0,0,0.0,0,420,2,6,0.9403,0.1019,GREEN,58,Kolkata
CLM0044327,KOL_05143,Esplanade,2025-04-12,20,0,0,0,0,0,0,0,0,0,0.0,0.34973,0,0.0,0,420,4,0,0.822,0.0144,GREEN,34,Kolkata
CLM0044328,KOL_09124,Sealdah,2019-02-17,11,0,0,0,0,0,0,0,0,0,0.0,0.405513,0,0.0,0,342,1,0,0.934,0.0,GREEN,42,Kolkata
CLM0044329,KOL_05468,Howrah,2024-07-10,9,0,0,0,0,0,0,0,0,0,1.0,1.0,1,1.0,0,420,4,5,0.8455,0.0239,GREEN,40,Kolkata
CLM0044330,KOL_06481,Howrah,2023-12-28,17,0,0,0,0,0,0,1,0,0,0.0,0.3139,0,0.0,0,384,4,0,0.9665,0.0848,GREEN,39,Kolkata
CLM0044331,KOL_01633,Dum Dum,2025-09-10,16,0,0,0,0,0,0,0,1,0,0.0,0.990108,0,0.0,0,226,0,0,0.6113,0.1871,GREEN,37,Kolkata
CLM0044332,KOL_09536,Garia,2025-03-28,9,0,0,0,0,0,0,0,0,0,0.0,0.222211,0,0.0,0,111,1,1,0.05,0.0,GREEN,37,Kolkata
CLM0044333,KOL_00522,Salt Lake,2025-10-21,7,0,0,0,1,0,0,1,1,0,0.0,0.939003,0,0.0,1,5,2,18,0.3712,0.0487,GREEN,42,Kolkata
CLM0044334,KOL_04049,Sealdah,2025-05-16,8,0,0,0,0,1,0,0,0,0,0.0,0.088855,0,0.0,0,93,2,1,0.8496,0.0981,GREEN,25,Kolkata
CLM0044335,KOL_06453,Esplanade,2024-02-11,20,0,0,0,1,1,0,0,1,1,1.0,0.796086,0,0.0,0,6,0,18,0.1553,0.0318,GREEN,34,Kolkata
CLM0044336,KOL_03515,Howrah,2024-02-16,8,0,0,0,0,0,0,0,0,0,0.0,0.258436,0,0.0,0,362,0,0,0.98,0.0,GREEN,28,Kolkata
CLM0044337,KOL_09112,Garia,2024-09-26,17,0,0,0,0,0,0,0,0,0,0.0,0.108883,0,0.0,0,277,2,0,0.4968,0.0338,GREEN,52,Kolkata
CLM0044338,KOL_04549,Howrah,2025-10-31,15,0,1,1,0,0,1,1,1,0,0.0,0.909575,0,0.0,1,5,2,18,0.6811,0.3638,YELLOW,29,Kolkata
CLM0044339,KOL_04731,Howrah,2018-12-16,17,0,1,1,1,1,1,1,1,0,0.0,0.106296,0,0.0,1,36,0,18,0.8497,0.7463,RED,43,Kolkata
CLM0044340,KOL_09107,Howrah,2025-03-29,15,0,1,1,0,0,1,0,0,0,0.0,0.19937,0,0.0,0,51,1,3,0.605,0.1757,GREEN,26,Kolkata
CLM0044341,KOL_02207,New Town,2016-11-26,19,0,1,1,0,0,0,0,0,0,0.0,0.386842,0,0.0,0,180,0,0,0.774,0.6897,RED,26,Kolkata
CLM0044342,KOL_06834,Park Street,2021-12-08,8,0,1,1,1,1,1,0,0,1,1.0,0.981397,0,0.0,1,5,2,18,0.1704,0.8084,RED,31,Kolkata
CLM0044343,KOL_00238,Tollygunge,2024-06-21,11,0,1,1,1,1,0,1,1,1,0.0,0.043885,1,0.0,1,5,0,18,0.6947,0.722,RED,42,Kolkata
CLM0044344,KOL_03723,Salt Lake,2017-07-13,10,0,1,1,1,0,1,1,1,1,0.0,0.104658,0,0.0,1,13,2,11,0.98,0.6734,RED,36,Kolkata
CLM0044345,KOL_07977,Sealdah,2019-09-03,7,0,1,1,1,0,0,1,1,1,1.0,0.066344,0,1.0,1,14,0,18,0.073,0.6397,RED,23,Kolkata
CLM0044346,KOL_02893,Howrah,2022-04-07,11,0,1,1,0,1,0,0,1,0,1.0,0.01926,1,0.0,1,5,2,18,0.1264,0.5209,YELLOW,20,Kolkata
CLM0044347,KOL_07209,Esplanade,2021-08-04,7,0,1,1,1,0,0,1,0,1,1.0,1.0,0,0.0,0,21,1,18,0.05,0.4097,YELLOW,46,Kolkata
CLM0044348,KOL_07701,Esplanade,2018-06-17,19,0,1,1,0,0,0,1,0,1,1.0,0.104146,0,0.0,0,21,0,5,0.8342,0.6614,RED,48,Kolkata
CLM0044349,KOL_02303,Tollygunge,2024-10-22,18,0,0,0,0,0,0,0,0,0,0.0,0.277546,0,0.0,0,42,1,4,0.2513,0.0803,GREEN,42,Kolkata
CLM0044350,KOL_00171,Salt Lake,2023-07-21,13,0,0,0,0,0,1,0,0,0,0.0,0.410828,0,0.0,0,86,4,4,0.7373,0.1372,GREEN,39,Kolkata
CLM0044351,KOL_01010,Salt Lake,2025-02-13,17,0,0,0,0,0,0,0,0,0,0.0,0.344087,0,0.0,0,295,0,4,0.5968,0.014,GREEN,42,Kolkata
CLM0044352,KOL_08752,Sealdah,2025-06-04,15,0,0,0,0,0,0,0,1,0,0.0,0.0,0,0.0,0,199,4,0,0.98,0.0,GREEN,66,Kolkata
CLM0044353,KOL_06486,Behala,2023-12-18,19,0,0,0,0,0,0,0,0,0,0.0,0.213592,0,0.0,0,420,3,2,0.6579,0.0,GREEN,31,Kolkata
CLM0044354,KOL_02320,Howrah,2021-02-05,16,0,0,0,0,0,0,0,0,0,0.0,0.220844,0,0.0,0,158,4,2,0.1377,0.0251,GREEN,35,Kolkata
CLM0044355,KOL_00226,Salt Lake,2025-12-24,9,0,0,0,0,0,0,0,0,0,1.0,0.0,0,0.0,0,420,0,5,0.8555,0.043,GREEN,36,Kolkata
CLM0044356,KOL_01042,Behala,2022-05-31,19,0,0,0,0,0,1,0,1,0,0.0,0.238107,0,0.0,0,375,0,3,0.8181,0.1201,GREEN,67,Kolkata
CLM0044357,KOL_09996,New Town,2017-12-31,9,0,0,0,0,0,0,0,0,0,0.0,0.1523,0,0.0,0,152,2,0,0.8213,0.1664,GREEN,39,Kolkata
CLM0044358,KOL_05725,Tollygunge,2019-05-17,16,0,0,0,0,0,0,0,0,0,1.0,0.080791,0,0.0,0,170,4,0,0.4076,0.0461,GREEN,41,Kolkata
CLM0044359,KOL_01340,New Town,2025-08-05,19,0,0,0,0,0,0,1,0,0,0.0,1.0,0,0.0,0,393,1,2,0.8959,0.0507,GREEN,37,Kolkata
CLM0044360,KOL_01986,Howrah,2024-07-31,17,0,0,0,0,0,1,0,0,0,0.0,0.009923,0,0.0,1,250,4,5,0.6776,0.2562,GREEN,47,Kolkata
CLM0044361,KOL_03990,Howrah,2023-05-28,15,0,0,0,0,0,0,0,0,0,0.0,0.302917,0,0.0,0,249,0,2,0.9007,0.0,GREEN,46,Kolkata
CLM0044362,KOL_08077,Garia,2025-08-12,13,0,0,0,0,0,0,0,0,0,0.0,0.938987,0,0.0,0,137,0,0,0.633,0.0,GREEN,39,Kolkata
CLM0044363,KOL_05480,Garia,2022-10-20,13,0,0,0,0,0,1,0,0,0,0.0,0.170682,0,0.0,0,398,2,1,0.4334,0.1598,GREEN,42,Kolkata
CLM0044364,KOL_02702,Salt Lake,2023-08-21,10,0,0,0,0,0,0,0,0,0,0.0,0.165663,0,0.0,0,304,1,4,0.7861,0.0252,GREEN,47,Kolkata
CLM0044365,KOL_05780,Sealdah,2025-01-17,19,0,0,0,0,0,0,0,0,0,1.0,0.079064,0,0.0,0,71,1,0,0.6625,0.1387,GREEN,46,Kolkata
CLM0044366,KOL_09997,Howrah,2025-10-04,13,0,0,0,0,0,0,0,0,0,0.0,1.0,0,0.0,0,253,2,2,0.2172,0.0643,GREEN,45,Kolkata
CLM0044367,KOL_02405,Esplanade,2024-09-04,20,0,0,0,0,0,0,0,0,0,0.0,0.346206,0,0.0,0,242,4,1,0.9347,0.0,GREEN,22,Kolkata
CLM0044368,KOL_03328,Garia,2019-03-30,20,0,0,0,0,0,0,0,0,0,0.0,0.085228,0,0.0,0,345,2,0,0.9581,0.12,GREEN,46,Kolkata
CLM0044369,KOL_06700,Dum Dum,2025-08-10,7,0,0,0,0,0,0,0,1,1,0.0,0.143044,0,0.0,0,362,2,0,0.65,0.2329,GREEN,50,Kolkata
CLM0044370,KOL_08432,Behala,2019-02-16,19,0,0,0,0,0,0,0,0,0,0.0,0.157899,0,0.0,0,420,0,0,0.7628,0.0,GREEN,23,Kolkata
CLM0044371,KOL_09517,Salt Lake,2022-06-12,19,0,0,0,0,0,0,0,0,0,0.0,0.239351,0,0.0,0,265,3,1,0.9723,0.0433,GREEN,29,Kolkata
CLM0044372,KOL_02379,Behala,2025-05-08,17,0,0,0,0,0,0,0,0,0,0.0,0.275433,0,0.0,0,420,1,0,0.98,0.0365,GREEN,38,Kolkata
CLM0044373,KOL_07733,Garia,2019-09-07,16,0,0,0,0,0,0,0,0,0,0.0,0.047019,0,0.0,0,372,4,0,0.1365,0.0,GREEN,42,Kolkata
CLM0044374,KOL_01051,Sealdah,2019-06-06,10,0,0,0,0,0,0,0,0,0,0.0,0.081668,0,0.0,0,420,2,4,0.5609,0.0313,GREEN,26,Kolkata
CLM0044375,KOL_09540,Park Street,2021-12-10,21,0,0,0,0,0,0,0,0,0,0.0,0.000223,0,0.0,0,420,2,4,0.2572,0.0587,GREEN,32,Kolkata
CLM0044376,KOL_08438,Tollygunge,2017-11-18,7,0,0,0,0,0,0,1,0,0,0.0,0.06047,1,0.0,0,389,1,6,0.4537,0.0358,GREEN,19,Kolkata
CLM0044377,KOL_07489,Garia,2022-02-02,12,0,0,0,1,0,0,0,1,0,1.0,0.217815,0,0.0,0,363,1,0,0.6701,0.0843,GREEN,41,Kolkata
CLM0044378,KOL_01386,New Town,2020-07-19,13,0,0,0,1,1,1,1,0,1,0.0,0.034948,1,0.0,1,11,0,15,0.8935,0.2179,GREEN,31,Kolkata
CLM0044379,KOL_01927,Dum Dum,2023-09-04,14,0,0,0,0,0,0,0,0,0,0.0,0.954926,0,0.0,0,238,3,5,0.7687,0.0,GREEN,38,Kolkata
CLM0044380,KOL_06662,Garia,2025-02-01,17,0,0,0,0,0,0,0,0,0,0.0,0.04515,0,0.0,0,330,4,2,0.2055,0.0,GREEN,35,Kolkata
CLM0044381,KOL_09047,Esplanade,2025-05-17,16,0,0,0,0,0,0,1,0,0,0.0,0.256761,0,0.0,0,255,0,7,0.1788,0.1202,GREEN,38,Kolkata
CLM0044382,KOL_06595,Howrah,2020-11-25,21,0,0,0,0,0,0,0,0,0,0.0,0.396715,0,0.0,0,333,1,1,0.913,0.0993,GREEN,51,Kolkata
CLM0044383,KOL_03559,Dum Dum,2024-08-11,7,0,0,0,0,0,0,0,0,0,1.0,0.216915,0,0.0,0,416,3,3,0.9528,0.0773,GREEN,38,Kolkata
CLM0044384,KOL_06838,Esplanade,2025-12-25,21,0,0,0,0,0,0,0,0,0,0.0,1.0,0,0.0,0,403,4,1,0.5944,0.0148,GREEN,28,Kolkata
CLM0044385,KOL_01904,New Town,2022-03-22,19,0,0,0,0,0,0,0,0,0,0.0,0.1983,0,0.0,0,344,2,2,0.7237,0.0,GREEN,45,Kolkata
CLM0044386,KOL_09119,Tollygunge,2024-03-04,17,0,0,0,0,1,0,0,0,0,1.0,0.0,0,0.0,0,358,2,0,0.98,0.2027,GREEN,33,Kolkata
CLM0044387,KOL_05733,Sealdah,2022-04-18,18,0,0,0,0,0,0,0,0,0,0.0,0.365982,0,0.0,0,420,3,4,0.6282,0.0287,GREEN,42,Kolkata
CLM0044388,KOL_08734,Dum Dum,2025-09-19,14,0,0,0,0,0,0,0,0,0,0.0,0.287474,0,0.0,0,313,1,4,0.05,0.0,GREEN,32,Kolkata
CLM0044389,KOL_09793,New Town,2025-03-24,17,0,0,0,0,0,0,0,0,0,1.0,0.98322,0,1.0,0,414,1,5,0.9291,0.0299,GREEN,42,Kolkata
CLM0044390,KOL_01377,Dum Dum,2025-04-26,15,0,0,0,0,0,1,0,0,0,0.0,0.036672,0,0.0,0,249,0,3,0.7266,0.0673,GREEN,61,Kolkata
CLM0044391,KOL_01858,Esplanade,2022-05-21,10,0,0,0,0,0,0,1,0,0,0.0,0.058299,0,0.0,0,384,1,4,0.5892,0.0449,GREEN,49,Kolkata
CLM0044392,KOL_07496,Howrah,2025-07-31,13,0,0,0,0,0,0,0,0,0,0.0,0.986685,0,0.0,0,99,0,0,0.5591,0.0,GREEN,51,Kolkata
CLM0044393,KOL_06825,Park Street,2022-10-16,20,0,0,0,0,0,0,0,0,0,0.0,0.149576,0,0.0,0,216,3,4,0.98,0.0941,GREEN,33,Kolkata
CLM0044394,KOL_09073,Salt Lake,2022-05-18,15,0,0,0,0,0,0,0,0,0,0.0,0.188766,0,0.0,0,55,2,3,0.8981,0.0,GREEN,30,Kolkata
CLM0044395,KOL_01261,Esplanade,2025-08-22,15,0,0,0,0,0,0,0,0,0,0.0,0.137655,0,1.0,0,315,4,3,0.98,0.0,GREEN,36,Kolkata
CLM0044396,KOL_02597,Sealdah,2020-03-15,17,0,0,0,0,0,0,0,0,0,0.0,0.0,0,0.0,0,340,3,4,0.8296,0.0,GREEN,50,Kolkata
CLM0044397,KOL_02060,Park Street,2025-02-27,17,0,0,0,0,0,0,0,0,0,0.0,0.292283,0,0.0,0,13,2,4,0.8088,0.0018,GREEN,37,Kolkata
CLM0044398,KOL_05088,Garia,2021-10-02,14,0,0,0,0,0,0,0,0,0,0.0,0.339874,0,0.0,0,25,1,3,0.98,0.0,GREEN,46,Kolkata
CLM0044399,KOL_06524,Dum Dum,2025-03-25,7,0,0,0,0,0,0,0,0,0,0.0,0.268068,0,0.0,0,5,0,0,0.1672,0.0,GREEN,44,Kolkata
CLM0044400,KOL_05625,Garia,2020-07-10,7,0,0,0,1,0,0,0,0,0,0.0,1.0,0,0.0,0,23,0,0,0.98,0.0983,GREEN,35,Kolkata
CLM0044401,KOL_07112,Howrah,2023-02-11,9,0,0,0,1,0,0,0,0,0,0.0,0.32812,0,0.0,0,207,0,4,0.7753,0.0885,GREEN,39,Kolkata
CLM0044402,KOL_02948,Sealdah,2021-08-25,9,0,0,0,0,0,0,1,0,0,0.0,0.312041,0,0.0,0,112,4,1,0.2693,0.0177,GREEN,24,Kolkata
CLM0044403,KOL_06098,Sealdah,2021-03-09,19,0,0,0,0,0,0,0,0,0,0.0,0.020047,0,0.0,0,76,4,2,0.8528,0.0019,GREEN,40,Kolkata
CLM0044404,KOL_04905,Esplanade,2023-05-09,12,0,0,0,0,0,0,0,1,0,0.0,1.0,0,0.0,0,420,0,5,0.6721,0.1628,GREEN,38,Kolkata
CLM0044405,KOL_01342,Sealdah,2025-02-27,16,0,0,0,0,0,1,0,0,0,0.0,0.054166,0,0.0,0,420,3,5,0.0508,0.1687,GREEN,46,Kolkata
CLM0044406,KOL_07589,Park Street,2023-05-26,7,0,0,0,0,0,1,0,0,1,0.0,0.098921,0,0.0,0,70,2,1,0.98,0.1834,GREEN,26,Kolkata
CLM0044407,KOL_05643,New Town,2022-06-10,8,0,0,0,0,0,0,0,0,0,0.0,0.243336,0,0.0,0,60,2,1,0.98,0.0,GREEN,40,Kolkata
CLM0044408,KOL_01450,Park Street,2023-09-19,19,0,0,0,0,0,0,0,0,0,0.0,1.0,0,0.0,0,420,1,3,0.7537,0.0237,GREEN,42,Kolkata
CLM0044409,KOL_01219,Salt Lake,2024-04-17,14,0,0,0,1,0,0,0,0,0,0.0,0.0,0,0.0,0,5,4,1,0.6762,0.1418,GREEN,30,Kolkata
CLM0044410,KOL_03392,Garia,2024-09-28,8,0,0,0,0,0,0,0,0,0,0.0,0.220959,0,0.0,0,318,0,0,0.4401,0.0863,GREEN,35,Kolkata
CLM0044411,KOL_06642,New Town,2025-05-23,18,0,0,0,0,1,0,0,1,0,0.0,0.168923,0,0.0,0,260,2,3,0.547,0.1801,GREEN,43,Kolkata
CLM0044412,KOL_00167,Garia,2020-06-28,21,0,0,0,0,0,0,0,0,0,1.0,0.983449,0,1.0,0,215,4,0,0.98,0.0,GREEN,27,Kolkata
CLM0044413,KOL_01001,Dum Dum,2025-04-09,17,0,0,0,0,0,1,0,0,0,0.0,0.048129,0,0.0,0,49,3,0,0.875,0.1099,GREEN,35,Kolkata
CLM0044414,KOL_00071,Behala,2025-02-26,9,0,0,0,0,0,0,0,0,0,0.0,0.258821,0,0.0,0,173,3,6,0.7235,0.0,GREEN,33,Kolkata
CLM0044415,KOL_04063,New Town,2023-08-10,10,0,0,0,0,0,0,0,1,0,0.0,0.380743,0,0.0,0,355,1,0,0.7324,0.0911,GREEN,50,Kolkata
CLM0044416,KOL_08176,New Town,2024-03-17,9,0,0,0,0,0,1,1,1,0,0.0,1.0,1,0.0,1,36,3,18,0.1223,0.1526,GREEN,28,Kolkata
CLM0044417,KOL_03220,New Town,2022-08-25,13,0,0,0,0,0,0,0,0,0,0.0,0.196166,0,0.0,0,420,2,4,0.2499,0.0,GREEN,44,Kolkata
CLM0044418,KOL_02681,Howrah,2024-10-11,7,0,0,0,0,0,0,0,0,0,0.0,0.936794,0,0.0,0,285,1,2,0.98,0.0,GREEN,44,Kolkata
CLM0044419,KOL_01821,Salt Lake,2025-10-14,18,0,0,0,0,1,0,0,0,0,0.0,0.994597,1,0.0,0,332,4,3,0.6739,0.1721,GREEN,49,Kolkata
CLM0044420,KOL_03396,Howrah,2025-01-06,7,0,1,1,0,0,0,0,0,0,0.0,0.149784,0,0.0,0,197,4,0,0.774,0.0752,GREEN,18,Kolkata
CLM0044421,KOL_09692,Dum Dum,2024-03-04,13,0,0,0,0,0,0,0,0,0,0.0,0.095011,0,0.0,0,243,1,3,0.6637,0.0,GREEN,34,Kolkata
CLM0044422,KOL_07389,Sealdah,2022-12-13,12,0,0,0,0,0,0,0,0,0,0.0,0.0,0,0.0,0,285,1,2,0.5158,0.1094,GREEN,33,Kolkata
CLM0044423,KOL_09107,Howrah,2025-03-06,18,0,0,0,0,0,0,0,0,0,0.0,0.24508,0,0.0,0,420,2,2,0.7506,0.028,GREEN,26,Kolkata
CLM0044424,KOL_03722,Salt Lake,2025-09-21,8,0,0,0,0,0,1,0,0,0,0.0,1.0,0,0.0,0,420,4,3,0.1866,0.0864,GREEN,36,Kolkata
CLM0044425,KOL_05289,Sealdah,2025-02-11,16,0,1,1,0,0,0,0,0,1,0.0,0.449628,0,0.0,0,405,2,2,0.8191,0.0724,GREEN,30,Kolkata
CLM0044426,KOL_03628,Dum Dum,2025-08-14,10,0,0,0,1,0,1,0,0,0,0.0,0.335139,1,0.0,0,289,2,1,0.98,0.2487,GREEN,45,Kolkata
CLM0044427,KOL_02601,New Town,2024-08-23,11,0,0,0,0,1,0,0,0,0,1.0,0.150067,0,0.0,0,386,1,2,0.7211,0.1819,GREEN,38,Kolkata
CLM0044428,KOL_04360,Dum Dum,2025-10-26,21,0,0,0,0,0,0,0,0,0,0.0,0.873585,0,0.0,0,406,1,3,0.98,0.0,GREEN,40,Kolkata
CLM0044429,KOL_01161,New Town,2025-12-26,11,0,0,0,0,1,0,1,1,1,1.0,1.0,0,0.0,1,22,0,18,0.4805,0.0,GREEN,41,Kolkata
CLM0044430,KOL_00504,Dum Dum,2025-03-16,11,0,0,0,0,0,0,0,0,1,1.0,1.0,0,1.0,0,351,4,0,0.8509,0.1302,GREEN,36,Kolkata
CLM0044431,KOL_08266,Garia,2025-11-04,15,0,0,0,0,0,0,1,0,0,0.0,0.19783,0,0.0,0,178,4,0,0.2914,0.0,GREEN,49,Kolkata
CLM0044432,KOL_00211,Howrah,2025-04-23,15,0,0,0,0,0,0,0,0,0,0.0,0.155421,0,0.0,0,404,0,1,0.7029,0.0745,GREEN,33,Kolkata
CLM0044433,KOL_06389,New Town,2022-10-11,15,0,0,0,0,0,1,0,0,0,1.0,0.133427,0,1.0,0,361,3,3,0.5966,0.1566,GREEN,39,Kolkata
CLM0044434,KOL_06028,Park Street,2025-04-02,15,0,0,0,0,0,0,0,0,0,1.0,0.128783,0,1.0,0,291,3,1,0.6882,0.0568,GREEN,27,Kolkata
CLM0044435,KOL_04700,Tollygunge,2023-02-03,7,0,0,0,0,0,0,0,0,0,1.0,1.0,0,1.0,0,40,4,0,0.4136,0.0295,GREEN,31,Kolkata
CLM0044436,KOL_02054,Esplanade,2025-01-06,18,0,0,0,0,0,0,0,0,0,0.0,0.238698,0,0.0,1,42,4,0,0.98,0.1543,GREEN,28,Kolkata
CLM0044437,KOL_05516,Salt Lake,2023-12-22,13,0,0,0,0,0,0,0,0,0,1.0,0.227679,0,0.0,0,251,1,0,0.5486,0.1499,GREEN,26,Kolkata
CLM0044438,KOL_06657,Behala,2022-10-24,18,0,0,0,0,0,0,0,0,0,1.0,0.163151,0,0.0,0,45,3,0,0.383,0.0474,GREEN,24,Kolkata
CLM0044439,KOL_04847,Dum Dum,2024-11-03,8,0,0,0,0,0,0,1,0,0,0.0,0.092482,0,0.0,1,19,4,1,0.8597,0.1202,GREEN,18,Kolkata
CLM0044440,KOL_04012,Behala,2022-07-09,15,0,0,0,0,0,1,0,0,0,1.0,0.142086,0,0.0,0,235,2,0,0.6483,0.0887,GREEN,59,Kolkata
CLM0044441,KOL_06808,New Town,2019-10-02,10,0,0,0,0,0,0,0,0,0,0.0,0.29626,0,0.0,0,252,2,1,0.7136,0.0,GREEN,39,Kolkata
CLM0044442,KOL_00231,Park Street,2024-09-20,16,0,0,0,0,0,0,1,0,0,0.0,0.294037,0,0.0,0,114,2,0,0.6406,0.0826,GREEN,45,Kolkata
CLM0044443,KOL_06189,Behala,2018-10-31,19,0,0,0,0,0,0,0,0,0,0.0,0.085884,0,0.0,0,193,3,0,0.0681,0.0448,GREEN,44,Kolkata
CLM0044444,KOL_06851,Sealdah,2019-03-18,16,0,0,0,0,0,1,0,0,0,0.0,0.133464,0,0.0,0,78,3,3,0.98,0.1706,GREEN,28,Kolkata
CLM0044445,KOL_05965,Dum Dum,2019-02-09,21,0,0,0,0,0,1,1,0,0,0.0,0.090759,0,0.0,0,192,2,2,0.98,0.1628,GREEN,19,Kolkata
CLM0044446,KOL_03941,Howrah,2022-10-28,20,0,0,0,0,0,1,0,0,0,0.0,0.059305,0,0.0,0,164,1,5,0.7962,0.1147,GREEN,41,Kolkata
CLM0044447,KOL_09056,Sealdah,2025-10-09,11,0,0,0,0,0,0,0,0,0,0.0,0.034149,0,0.0,0,54,0,2,0.0519,0.0,GREEN,21,Kolkata
CLM0044448,KOL_04158,Sealdah,2022-04-23,8,0,0,0,0,0,0,0,0,0,0.0,0.008884,0,0.0,0,118,0,0,0.9333,0.1254,GREEN,38,Kolkata
CLM0044449,KOL_04628,Salt Lake,2021-02-26,17,0,0,0,0,0,1,0,0,0,0.0,0.334624,0,0.0,0,253,4,0,0.8741,0.0071,GREEN,23,Kolkata
CLM0044450,KOL_08514,Salt Lake,2019-10-14,13,0,0,0,0,0,0,0,0,0,0.0,0.321796,0,0.0,0,217,4,3,0.6157,0.0,GREEN,45,Kolkata
CLM0044451,KOL_08933,Dum Dum,2025-04-16,8,0,0,0,0,0,0,0,0,0,0.0,0.289657,0,0.0,0,333,4,1,0.7964,0.0501,GREEN,42,Kolkata
CLM0044452,KOL_07303,Salt Lake,2024-08-26,7,0,1,1,0,1,0,1,0,0,0.0,0.349456,0,0.0,0,420,1,4,0.05,0.1609,GREEN,37,Kolkata
CLM0044453,KOL_08340,Howrah,2024-02-01,20,0,0,0,0,0,0,0,0,0,0.0,0.423073,0,0.0,0,420,2,4,0.3962,0.0,GREEN,41,Kolkata
CLM0044454,KOL_01831,Sealdah,2025-08-31,21,0,0,0,1,1,0,1,1,1,1.0,1.0,0,1.0,0,24,0,13,0.2293,0.0015,GREEN,18,Kolkata
CLM0044455,KOL_06142,Howrah,2021-01-08,20,0,0,0,0,0,1,0,0,0,1.0,0.109509,0,0.0,0,321,4,3,0.904,0.1501,GREEN,21,Kolkata
CLM0044456,KOL_07678,Tollygunge,2024-12-30,9,0,0,0,0,0,0,0,0,0,0.0,0.029727,0,0.0,0,72,4,4,0.98,0.0,GREEN,18,Kolkata
CLM0044457,KOL_07290,Esplanade,2020-05-26,11,0,0,0,0,0,0,0,0,0,0.0,0.935448,0,0.0,0,298,3,2,0.6256,0.0,GREEN,44,Kolkata
CLM0044458,KOL_03464,Howrah,2020-01-25,19,0,0,0,0,0,1,0,0,0,0.0,0.347854,0,0.0,0,317,3,7,0.1354,0.0907,GREEN,48,Kolkata
CLM0044459,KOL_05383,Park Street,2022-04-26,8,0,0,0,0,0,1,0,0,0,1.0,0.023331,0,0.0,0,173,4,1,0.3682,0.0996,GREEN,63,Kolkata
CLM0044460,KOL_07732,Salt Lake,2025-10-20,10,0,0,0,0,0,0,0,1,0,1.0,0.096657,1,0.0,0,363,2,0,0.7697,0.2601,GREEN,40,Kolkata
CLM0044461,KOL_08833,Salt Lake,2024-02-16,16,0,0,0,0,0,0,0,0,0,0.0,0.194737,0,0.0,0,420,0,3,0.0754,0.0,GREEN,33,Kolkata
CLM0044462,KOL_07264,Tollygunge,2020-04-04,10,0,0,0,1,1,0,0,0,0,0.0,0.133603,0,0.0,1,420,3,3,0.5073,0.2574,GREEN,37,Kolkata
CLM0044463,KOL_08681,Tollygunge,2022-06-30,11,0,0,0,0,0,0,0,0,0,0.0,0.29529,0,0.0,0,361,1,0,0.98,0.0337,GREEN,29,Kolkata
CLM0044464,KOL_09025,Dum Dum,2023-04-13,18,0,0,0,0,0,0,0,0,0,1.0,1.0,0,1.0,0,165,1,3,0.8962,0.0,GREEN,36,Kolkata
CLM0044465,KOL_04808,Sealdah,2021-12-24,13,0,1,1,0,0,0,1,1,1,1.0,0.419271,1,0.0,1,12,0,18,0.2143,0.6091,YELLOW,30,Kolkata
CLM0044466,KOL_04132,Garia,2021-02-02,21,0,1,1,1,0,1,1,1,1,1.0,0.322778,1,0.0,1,5,0,18,0.05,0.7652,RED,29,Kolkata
CLM0044467,KOL_08433,Esplanade,2020-10-13,12,0,1,1,1,0,0,1,1,1,1.0,0.346352,1,1.0,1,8,1,18,0.1563,0.6775,RED,18,Kolkata
CLM0044468,KOL_03533,Howrah,2022-07-07,20,0,1,1,1,1,0,1,1,1,1.0,1.0,1,0.0,1,5,0,18,0.6501,0.8228,RED,31,Kolkata
CLM0044469,KOL_04983,New Town,2024-09-30,7,0,1,1,1,1,1,1,1,0,0.0,1.0,0,1.0,1,28,0,18,0.05,0.8345,RED,33,Kolkata
CLM0044470,KOL_00766,Sealdah,2022-02-20,20,0,1,1,1,1,1,1,1,1,1.0,0.974506,1,1.0,0,5,1,18,0.2371,0.8878,RED,21,Kolkata
CLM0044471,KOL_09788,Salt Lake,2020-11-08,20,0,1,1,1,1,1,1,1,1,0.0,0.131291,0,0.0,1,5,0,18,0.9552,0.8074,RED,46,Kolkata
CLM0044472,KOL_01585,Behala,2020-04-06,9,0,1,1,0,1,0,1,0,1,1.0,0.993228,0,0.0,0,9,0,18,0.3756,0.3828,YELLOW,34,Kolkata
CLM0044473,KOL_05523,Salt Lake,2020-09-07,11,0,1,1,1,1,1,1,0,0,0.0,0.068444,1,0.0,0,15,0,12,0.9181,0.6514,RED,28,Kolkata
CLM0044474,KOL_03947,Salt Lake,2023-09-13,21,0,0,0,0,0,0,0,0,0,0.0,0.202464,0,0.0,0,48,2,1,0.8381,0.0994,GREEN,39,Kolkata
CLM0044475,KOL_07317,Sealdah,2024-05-20,18,0,0,0,0,0,0,0,0,0,1.0,1.0,0,1.0,0,128,2,2,0.9188,0.0255,GREEN,59,Kolkata
CLM0044476,KOL_01285,Howrah,2025-09-25,9,0,0,0,0,0,0,0,0,0,0.0,0.027831,1,0.0,0,162,3,5,0.9429,0.0699,GREEN,44,Kolkata
CLM0044477,KOL_03047,Park Street,2025-12-10,20,0,0,0,0,1,1,0,0,0,1.0,0.952032,0,0.0,0,374,2,5,0.2118,0.2616,GREEN,22,Kolkata
CLM0044478,KOL_03511,Tollygunge,2025-12-11,16,0,0,0,1,0,0,0,1,0,0.0,0.276099,0,0.0,0,391,1,3,0.7866,0.2593,GREEN,31,Kolkata
CLM0044479,KOL_04849,Esplanade,2025-03-23,13,0,0,0,0,0,0,0,1,0,1.0,0.112164,0,0.0,0,60,3,0,0.6704,0.209,GREEN,18,Kolkata
CLM0044480,KOL_00053,Esplanade,2025-02-27,10,0,0,0,1,0,0,0,0,0,0.0,0.389373,0,0.0,0,420,2,4,0.6482,0.1284,GREEN,51,Kolkata
CLM0044481,KOL_07232,Esplanade,2024-11-14,9,0,0,0,0,0,0,0,0,0,0.0,0.418452,0,0.0,0,376,1,0,0.8301,0.0144,GREEN,26,Kolkata
CLM0044482,KOL_06949,Park Street,2024-09-01,13,0,0,0,0,0,0,0,0,0,0.0,0.336296,0,0.0,0,68,1,2,0.7854,0.0364,GREEN,18,Kolkata
CLM0044483,KOL_00455,Sealdah,2025-07-09,18,0,0,0,1,1,0,0,1,0,0.0,1.0,0,1.0,0,5,2,18,0.2653,0.0507,GREEN,42,Kolkata
CLM0044484,KOL_03537,Tollygunge,2025-03-01,14,0,0,0,0,0,0,0,0,0,0.0,0.143327,0,0.0,0,388,3,6,0.3141,0.035,GREEN,51,Kolkata
CLM0044485,KOL_09949,Tollygunge,2024-06-22,8,0,0,0,0,0,0,0,0,0,0.0,0.018795,0,0.0,0,207,0,2,0.8814,0.0,GREEN,41,Kolkata
CLM0044486,KOL_00914,Behala,2025-03-26,11,0,0,0,0,0,0,0,0,0,1.0,0.011122,0,0.0,1,420,4,4,0.5102,0.184,GREEN,44,Kolkata
CLM0044487,KOL_09587,Howrah,2024-09-21,16,0,0,0,0,0,0,0,0,0,0.0,0.283046,0,0.0,0,330,1,4,0.6854,0.0,GREEN,30,Kolkata
CLM0044488,KOL_07287,Behala,2025-12-02,16,0,0,0,0,0,0,0,0,0,0.0,0.271362,0,0.0,0,390,4,1,0.98,0.0,GREEN,35,Kolkata
CLM0044489,KOL_09959,New Town,2017-05-10,14,0,0,0,0,0,0,0,1,0,0.0,0.289374,0,0.0,0,106,3,3,0.6033,0.0629,GREEN,38,Kolkata
CLM0044490,KOL_09274,Garia,2016-08-27,9,0,0,0,1,1,0,0,0,0,0.0,0.373268,0,0.0,0,420,2,3,0.4865,0.2004,GREEN,31,Kolkata
CLM0044491,KOL_04524,Esplanade,2021-03-05,9,0,0,0,0,0,0,0,0,0,0.0,0.293341,0,0.0,0,192,2,0,0.7963,0.0,GREEN,54,Kolkata
CLM0044492,KOL_05402,Park Street,2025-04-22,20,0,0,0,0,0,0,0,0,0,0.0,0.100068,0,0.0,0,420,2,1,0.9363,0.0,GREEN,31,Kolkata
CLM0044493,KOL_04218,Behala,2018-04-21,19,0,0,0,0,0,0,0,0,0,0.0,0.143426,0,0.0,0,270,0,2,0.5689,0.0,GREEN,31,Kolkata
CLM0044494,KOL_08394,Salt Lake,2025-03-17,13,0,0,0,0,0,1,0,0,0,0.0,0.152064,0,0.0,0,420,4,3,0.5574,0.0741,GREEN,41,Kolkata
CLM0044495,KOL_01089,Tollygunge,2025-01-08,9,0,0,0,0,0,0,0,1,0,0.0,0.209273,0,0.0,0,407,3,1,0.673,0.0504,GREEN,58,Kolkata
CLM0044496,KOL_01331,Dum Dum,2025-08-31,21,0,0,0,0,0,0,1,0,0,0.0,0.083061,0,0.0,0,95,3,0,0.7323,0.0936,GREEN,38,Kolkata
CLM0044497,KOL_01647,Behala,2022-12-13,20,1,0,0,0,0,1,0,0,0,0.0,0.385462,0,0.0,0,219,0,3,0.8573,0.0617,GREEN,27,Kolkata
CLM0044498,KOL_05594,New Town,2021-09-03,7,0,0,0,0,0,0,0,0,1,0.0,0.179274,0,0.0,0,356,1,0,0.98,0.1675,GREEN,44,Kolkata
CLM0044499,KOL_01856,Howrah,2019-11-17,14,0,0,0,0,0,0,0,0,0,0.0,0.127126,0,0.0,0,36,0,0,0.9139,0.0006,GREEN,61,Kolkata
CLM0044500,KOL_04410,New Town,2017-05-16,9,0,0,0,0,0,1,0,0,0,0.0,0.385241,0,0.0,0,116,3,4,0.3809,0.0511,GREEN,46,Kolkata
CLM0044501,KOL_05667,Tollygunge,2023-12-05,14,0,0,0,0,0,0,0,0,0,0.0,0.34382,0,0.0,0,174,4,0,0.98,0.0,GREEN,39,Kolkata
CLM0044502,KOL_07367,Sealdah,2024-06-20,11,0,0,0,0,0,0,0,0,0,0.0,0.314667,0,0.0,0,149,0,0,0.7293,0.0,GREEN,22,Kolkata
CLM0044503,KOL_01044,Esplanade,2023-10-29,16,0,0,0,0,0,0,0,0,0,0.0,0.131869,0,0.0,0,420,0,6,0.6482,0.0,GREEN,18,Kolkata
CLM0044504,KOL_09826,Dum Dum,2024-01-25,18,0,0,0,0,0,0,0,0,0,0.0,0.16732,0,0.0,1,292,1,5,0.8895,0.0766,GREEN,33,Kolkata
CLM0044505,KOL_02823,Salt Lake,2024-11-27,12,0,0,0,0,0,0,0,0,0,0.0,0.985342,0,0.0,0,219,0,0,0.7252,0.043,GREEN,31,Kolkata
CLM0044506,KOL_01685,Tollygunge,2025-11-19,12,0,0,0,0,1,1,1,1,1,0.0,0.169041,0,0.0,1,5,0,18,0.8206,0.1399,GREEN,35,Kolkata
CLM0044507,KOL_06661,Dum Dum,2025-06-20,9,0,0,0,0,0,0,0,0,0,0.0,0.35263,0,0.0,0,387,0,0,0.9375,0.0612,GREEN,18,Kolkata
CLM0044508,KOL_04062,Park Street,2024-12-15,13,0,0,0,0,0,1,0,0,0,0.0,0.243272,0,0.0,0,419,3,2,0.494,0.1649,GREEN,32,Kolkata
CLM0044509,KOL_04440,New Town,2025-12-13,7,0,0,0,0,0,0,0,0,0,0.0,0.351109,0,0.0,0,136,3,2,0.8128,0.1039,GREEN,26,Kolkata
CLM0044510,KOL_08987,Garia,2024-08-02,19,0,0,0,0,0,0,0,0,0,0.0,0.0,0,0.0,0,210,4,0,0.0559,0.0,GREEN,25,Kolkata
CLM0044511,KOL_08039,Garia,2024-04-12,14,0,0,0,0,0,0,0,0,0,0.0,0.351574,0,0.0,0,293,2,3,0.5849,0.046,GREEN,43,Kolkata
CLM0044512,KOL_03789,Garia,2021-05-07,18,0,0,0,1,0,0,1,1,0,0.0,0.073892,0,0.0,0,179,0,0,0.5641,0.2993,GREEN,34,Kolkata
CLM0044513,KOL_03437,New Town,2025-07-31,11,0,0,0,0,0,1,0,0,0,0.0,0.048609,0,0.0,0,200,3,7,0.98,0.0646,GREEN,40,Kolkata
CLM0044514,KOL_05074,Garia,2025-03-09,7,0,0,0,0,0,1,0,0,0,0.0,0.341508,0,0.0,0,150,4,0,0.792,0.127,GREEN,32,Kolkata
CLM0044515,KOL_01312,Behala,2022-07-10,17,0,0,0,0,0,0,1,0,1,1.0,1.0,0,1.0,0,366,1,1,0.708,0.1528,GREEN,38,Kolkata
CLM0044516,KOL_07972,Howrah,2025-11-05,13,0,0,0,0,0,0,0,0,0,0.0,0.409447,0,0.0,0,133,1,3,0.8629,0.0,GREEN,45,Kolkata
CLM0044517,KOL_00541,New Town,2020-06-04,12,0,0,0,1,0,0,0,0,0,0.0,0.290315,0,0.0,0,312,2,1,0.5009,0.122,GREEN,44,Kolkata
CLM0044518,KOL_07533,Tollygunge,2025-09-24,17,0,0,0,0,0,0,0,1,1,0.0,0.12532,0,0.0,0,420,0,0,0.8155,0.2333,GREEN,30,Kolkata
CLM0044519,KOL_03054,New Town,2022-10-25,9,0,0,0,0,0,1,0,0,1,0.0,0.091538,0,0.0,0,50,0,0,0.5221,0.2261,GREEN,36,Kolkata
CLM0044520,KOL_07472,Garia,2025-02-20,13,0,0,0,0,0,0,0,0,0,1.0,0.062663,0,0.0,0,25,2,6,0.811,0.0,GREEN,40,Kolkata
CLM0044521,KOL_05480,Garia,2025-11-07,9,0,0,0,0,0,0,0,0,0,1.0,0.318914,0,0.0,0,53,4,0,0.7631,0.0,GREEN,42,Kolkata
CLM0044522,KOL_09585,Salt Lake,2019-02-18,8,0,0,0,0,0,0,0,0,0,0.0,0.12728,0,0.0,0,5,4,2,0.8174,0.057,GREEN,37,Kolkata
CLM0044523,KOL_02466,Sealdah,2020-06-16,14,0,0,0,0,0,0,0,0,0,0.0,0.049471,1,0.0,0,396,4,3,0.8069,0.1038,GREEN,42,Kolkata
CLM0044524,KOL_01641,Tollygunge,2019-05-28,12,0,0,0,0,1,0,0,0,0,0.0,0.220346,0,0.0,0,109,1,3,0.7444,0.0363,GREEN,23,Kolkata
CLM0044525,KOL_06265,Park Street,2016-03-09,19,0,0,0,0,0,0,0,0,0,0.0,0.239625,0,0.0,0,39,0,0,0.0976,0.0206,GREEN,41,Kolkata
CLM0044526,KOL_03184,Behala,2024-03-29,21,0,0,0,0,0,0,0,0,0,0.0,0.296385,0,0.0,0,62,2,0,0.7307,0.0896,GREEN,45,Kolkata
CLM0044527,KOL_02198,Park Street,2015-08-30,14,0,0,0,0,0,0,0,0,0,0.0,0.160484,0,0.0,0,367,3,0,0.8091,0.1311,GREEN,55,Kolkata
CLM0044528,KOL_07959,Esplanade,2016-03-16,12,0,0,0,0,0,0,0,0,0,0.0,0.07062,0,0.0,0,107,0,2,0.9433,0.179,GREEN,51,Kolkata
CLM0044529,KOL_03786,Sealdah,2016-05-13,12,0,0,0,0,0,0,0,0,0,0.0,0.261897,0,0.0,0,360,1,3,0.2518,0.0253,GREEN,36,Kolkata
CLM0044530,KOL_06218,Esplanade,2024-04-09,18,0,1,1,0,0,0,0,0,0,1.0,0.204736,0,0.0,0,49,4,0,0.4408,0.0545,GREEN,45,Kolkata
CLM0044531,KOL_06212,Park Street,2015-08-10,12,0,0,0,0,0,0,0,0,0,1.0,0.193398,0,0.0,0,420,3,4,0.8235,0.0024,GREEN,46,Kolkata
CLM0044532,KOL_09101,Sealdah,2024-04-21,10,0,0,0,0,0,0,0,0,0,1.0,0.093141,0,0.0,0,420,0,1,0.8249,0.0711,GREEN,19,Kolkata
CLM0044533,KOL_00424,Sealdah,2024-12-03,11,0,0,0,1,0,0,0,0,0,0.0,0.42185,0,0.0,0,156,1,0,0.7272,0.2211,GREEN,34,Kolkata
CLM0044534,KOL_03101,Tollygunge,2024-07-24,11,0,0,0,0,0,0,0,0,0,0.0,0.280089,0,0.0,0,345,3,2,0.8688,0.0707,GREEN,56,Kolkata
CLM0044535,KOL_06517,Garia,2025-07-10,19,0,0,0,0,0,0,0,0,0,0.0,0.093379,0,0.0,0,297,4,1,0.6323,0.0015,GREEN,55,Kolkata
CLM0044536,KOL_03321,Salt Lake,2021-11-06,12,0,0,0,1,0,0,0,0,0,0.0,0.228689,0,0.0,0,179,3,3,0.98,0.1574,GREEN,44,Kolkata
CLM0044537,KOL_08295,Esplanade,2022-11-09,20,0,0,0,1,0,0,0,0,0,0.0,0.26513,0,0.0,1,317,0,1,0.8037,0.2687,GREEN,28,Kolkata
CLM0044538,KOL_09178,Sealdah,2025-10-22,13,0,0,0,1,0,0,0,0,0,1.0,0.080857,0,1.0,0,187,0,5,0.811,0.313,YELLOW,31,Kolkata
CLM0044539,KOL_05794,Esplanade,2024-05-20,10,0,0,0,0,0,0,0,0,0,0.0,0.037757,0,0.0,0,72,4,0,0.9022,0.0,GREEN,46,Kolkata
CLM0044540,KOL_06431,New Town,2023-02-09,21,0,0,0,0,0,0,0,0,0,0.0,0.251726,0,0.0,0,293,4,1,0.98,0.0127,GREEN,39,Kolkata
CLM0044541,KOL_04968,Howrah,2022-05-24,12,0,0,0,0,0,0,0,0,0,0.0,0.112281,0,0.0,0,420,3,0,0.5135,0.1048,GREEN,37,Kolkata
CLM0044542,KOL_05243,Esplanade,2023-07-02,19,0,0,0,0,0,0,0,0,0,0.0,0.062278,0,0.0,0,420,0,2,0.5056,0.0361,GREEN,36,Kolkata
CLM0044543,KOL_09806,Salt Lake,2022-11-05,14,0,0,0,0,0,0,0,0,0,0.0,0.305194,0,0.0,0,106,3,0,0.7414,0.003,GREEN,48,Kolkata
CLM0044544,KOL_08894,Sealdah,2024-07-14,17,0,0,0,0,0,0,1,0,0,0.0,0.111389,0,0.0,0,48,2,0,0.8749,0.0468,GREEN,31,Kolkata
CLM0044545,KOL_06352,Park Street,2023-12-28,8,0,0,0,0,0,0,0,0,0,0.0,0.293145,0,0.0,0,28,0,4,0.05,0.0812,GREEN,29,Kolkata
CLM0044546,KOL_09140,Sealdah,2018-05-29,16,0,0,0,0,0,0,0,0,0,0.0,0.125814,0,0.0,0,270,1,0,0.2324,0.0,GREEN,34,Kolkata
CLM0044547,KOL_01504,Esplanade,2016-04-11,21,0,0,0,0,0,0,1,0,0,1.0,0.0,0,0.0,0,148,2,0,0.5846,0.0897,GREEN,28,Kolkata
CLM0044548,KOL_02939,Howrah,2023-05-28,9,0,0,0,0,0,0,0,0,0,0.0,0.067737,0,0.0,0,149,1,1,0.8121,0.0378,GREEN,38,Kolkata
CLM0044549,KOL_07123,New Town,2017-06-14,17,0,0,0,0,0,0,0,0,0,0.0,0.366222,0,0.0,0,173,1,1,0.9204,0.0457,GREEN,26,Kolkata
CLM0044550,KOL_06629,Esplanade,2019-01-23,10,0,0,0,0,0,0,0,0,0,0.0,0.356606,0,0.0,0,342,1,6,0.5606,0.0763,GREEN,37,Kolkata
CLM0044551,KOL_05455,Howrah,2025-01-06,8,0,0,0,0,0,0,0,0,0,0.0,0.372519,0,0.0,0,137,1,2,0.9647,0.0,GREEN,24,Kolkata
CLM0044552,KOL_04891,Garia,2024-04-01,18,0,0,0,0,0,1,0,0,0,0.0,0.101869,0,0.0,0,264,0,3,0.8424,0.1575,GREEN,36,Kolkata
CLM0044553,KOL_02777,Behala,2024-06-07,21,0,0,0,0,0,1,0,0,1,0.0,0.285063,0,0.0,0,43,3,6,0.1552,0.2049,GREEN,48,Kolkata
CLM0044554,KOL_07058,Salt Lake,2024-01-16,14,0,0,0,0,0,0,0,0,0,0.0,1.0,0,0.0,0,52,2,0,0.5665,0.0,GREEN,29,Kolkata
CLM0044555,KOL_09781,Dum Dum,2024-07-23,7,0,0,0,0,0,0,0,0,0,0.0,0.327059,0,0.0,0,312,2,3,0.9709,0.0,GREEN,45,Kolkata
CLM0044556,KOL_00682,Howrah,2025-07-20,7,0,0,0,0,0,0,0,0,0,0.0,0.126469,0,0.0,0,126,1,1,0.2679,0.0169,GREEN,59,Kolkata
CLM0044557,KOL_03978,Garia,2025-03-23,8,0,0,0,0,1,0,0,0,0,0.0,0.334623,0,0.0,0,143,3,1,0.7449,0.3047,GREEN,28,Kolkata
CLM0044558,KOL_02537,Park Street,2025-04-13,13,0,0,0,0,0,0,1,0,1,0.0,0.0,0,0.0,0,420,2,3,0.539,0.1307,GREEN,28,Kolkata
CLM0044559,KOL_09384,Park Street,2017-08-11,15,0,0,0,0,0,0,1,0,0,0.0,0.032489,0,0.0,1,419,3,5,0.6224,0.1359,GREEN,59,Kolkata
CLM0044560,KOL_05431,Behala,2023-09-20,19,0,0,0,0,0,0,0,0,0,0.0,0.360175,0,0.0,0,360,1,3,0.8948,0.0073,GREEN,48,Kolkata
CLM0044561,KOL_06509,Park Street,2022-12-04,9,0,0,0,0,0,0,0,0,0,0.0,0.0,0,0.0,0,38,4,5,0.8255,0.0065,GREEN,18,Kolkata
CLM0044562,KOL_07566,Howrah,2025-07-18,15,0,0,0,0,0,0,0,0,0,0.0,0.0,0,0.0,0,420,2,0,0.9639,0.0,GREEN,32,Kolkata
CLM0044563,KOL_01365,Salt Lake,2017-11-15,19,0,0,0,0,0,1,0,0,0,1.0,0.292015,0,0.0,0,166,4,1,0.1263,0.2546,GREEN,49,Kolkata
CLM0044564,KOL_00613,Tollygunge,2025-01-02,21,0,0,0,0,0,0,0,0,0,1.0,0.08108,0,0.0,0,291,3,6,0.98,0.0972,GREEN,37,Kolkata
CLM0044565,KOL_04301,Dum Dum,2024-03-14,10,0,0,0,0,0,0,0,0,0,0.0,0.203289,0,0.0,0,203,3,2,0.4667,0.0,GREEN,37,Kolkata
CLM0044566,KOL_02929,Howrah,2025-10-09,7,0,0,0,0,0,0,0,0,0,0.0,0.32011,0,0.0,0,241,2,0,0.2958,0.0,GREEN,41,Kolkata
CLM0044567,KOL_08173,Garia,2024-04-02,10,0,0,0,0,0,1,0,0,0,0.0,0.253843,0,0.0,0,36,4,2,0.0973,0.1327,GREEN,46,Kolkata
CLM0044568,KOL_00833,Esplanade,2023-11-27,9,0,0,0,0,0,0,0,0,0,0.0,0.985801,0,0.0,0,49,3,2,0.9286,0.0,GREEN,41,Kolkata
CLM0044569,KOL_05918,New Town,2023-05-08,19,0,0,0,0,0,0,0,0,0,1.0,1.0,0,0.0,0,191,4,3,0.7859,0.1317,GREEN,45,Kolkata
CLM0044570,KOL_00523,Howrah,2024-11-10,10,0,0,0,0,0,0,0,0,0,1.0,0.148539,0,0.0,0,420,1,3,0.9339,0.0309,GREEN,28,Kolkata
CLM0044571,KOL_04144,Howrah,2025-07-06,14,0,0,0,0,0,0,0,0,0,0.0,0.232002,0,0.0,0,194,1,3,0.7794,0.043,GREEN,18,Kolkata
CLM0044572,KOL_01031,Park Street,2025-09-27,9,0,0,0,0,0,1,0,0,0,0.0,0.275774,0,0.0,0,138,4,0,0.9774,0.03,GREEN,38,Kolkata
CLM0044573,KOL_08181,Behala,2024-03-01,14,0,0,0,0,0,0,0,0,0,0.0,0.439421,0,0.0,0,337,1,3,0.2065,0.0307,GREEN,36,Kolkata
CLM0044574,KOL_05642,Behala,2025-09-26,11,0,0,0,0,1,0,0,0,0,0.0,0.004806,0,0.0,0,279,0,2,0.5076,0.0881,GREEN,43,Kolkata
CLM0044575,KOL_05666,Salt Lake,2024-02-24,18,0,0,0,0,0,1,0,0,0,0.0,0.063243,0,0.0,0,58,2,0,0.9443,0.0859,GREEN,37,Kolkata
CLM0044576,KOL_05454,Dum Dum,2024-04-22,16,0,0,0,0,0,0,0,0,0,0.0,0.241195,0,0.0,0,201,2,0,0.5829,0.0745,GREEN,39,Kolkata
CLM0044577,KOL_07183,Sealdah,2023-11-28,8,0,0,0,0,0,0,1,1,0,0.0,0.188626,0,0.0,0,98,0,6,0.9232,0.12,GREEN,28,Kolkata
CLM0044578,KOL_02016,Dum Dum,2025-01-04,7,0,0,0,0,0,0,0,0,0,0.0,0.31617,0,0.0,0,420,4,2,0.8014,0.092,GREEN,25,Kolkata
CLM0044579,KOL_08943,Park Street,2024-02-16,21,0,0,0,0,0,0,1,0,0,0.0,0.106929,0,0.0,0,330,0,1,0.8648,0.0,GREEN,18,Kolkata
CLM0044580,KOL_03178,Sealdah,2025-09-23,20,0,0,0,0,0,0,0,1,0,0.0,0.927162,0,0.0,0,160,0,1,0.794,0.1775,GREEN,53,Kolkata
CLM0044581,KOL_09601,Garia,2023-01-08,13,0,0,0,0,0,1,0,0,0,0.0,0.265684,0,0.0,0,420,4,3,0.98,0.0928,GREEN,47,Kolkata
CLM0044582,KOL_01567,Sealdah,2025-01-19,17,0,0,0,0,0,0,0,0,0,0.0,0.389827,0,0.0,1,383,4,5,0.8004,0.0,GREEN,32,Kolkata
CLM0044583,KOL_07037,Tollygunge,2025-06-17,20,0,0,0,0,0,0,0,1,0,0.0,0.0,0,0.0,0,172,4,0,0.4951,0.2529,GREEN,58,Kolkata
CLM0044584,KOL_06917,Behala,2024-12-16,11,0,0,0,0,0,0,0,0,0,0.0,0.330888,0,0.0,0,79,1,1,0.2266,0.0,GREEN,26,Kolkata
CLM0044585,KOL_09839,Tollygunge,2025-05-16,7,0,0,0,0,0,0,1,0,0,1.0,0.214105,0,0.0,0,82,0,4,0.6204,0.0869,GREEN,36,Kolkata
CLM0044586,KOL_06499,Behala,2025-12-08,20,0,0,0,0,0,1,0,0,0,0.0,0.042793,0,0.0,0,306,1,3,0.7071,0.1657,GREEN,28,Kolkata
CLM0044587,KOL_07657,Garia,2025-04-09,11,0,0,0,0,0,1,0,0,0,0.0,0.088766,0,0.0,0,414,4,6,0.063,0.0018,GREEN,29,Kolkata
CLM0044588,KOL_09790,New Town,2025-03-13,17,0,0,0,0,0,0,0,0,0,0.0,0.134771,0,0.0,0,5,0,4,0.4413,0.0,GREEN,49,Kolkata
CLM0044589,KOL_05160,Salt Lake,2025-12-21,9,0,0,0,0,0,0,0,0,0,0.0,0.394592,0,0.0,0,420,4,3,0.5714,0.0074,GREEN,24,Kolkata
CLM0044590,KOL_05158,Behala,2025-03-18,12,0,0,0,0,0,0,0,0,0,0.0,0.124301,0,0.0,0,420,0,2,0.8821,0.0,GREEN,18,Kolkata
CLM0044591,KOL_00113,Park Street,2025-02-07,18,0,0,0,0,0,0,0,0,0,0.0,0.248309,0,0.0,0,82,3,2,0.67,0.0,GREEN,32,Kolkata
CLM0044592,KOL_00336,Park Street,2025-04-04,11,0,0,0,0,0,0,0,0,0,0.0,0.097884,0,0.0,0,79,2,0,0.7646,0.0,GREEN,46,Kolkata
CLM0044593,KOL_07371,Dum Dum,2025-08-02,16,0,0,0,1,1,1,1,0,1,1.0,0.96449,0,1.0,0,5,4,18,0.2848,0.1089,GREEN,38,Kolkata
CLM0044594,KOL_09291,Tollygunge,2025-08-08,9,0,0,0,1,1,0,0,0,0,0.0,0.337802,0,0.0,0,286,4,0,0.7952,0.4469,YELLOW,40,Kolkata
CLM0044595,KOL_01446,Dum Dum,2025-12-07,19,0,0,0,0,0,0,0,0,0,0.0,0.199356,0,0.0,0,420,3,3,0.7976,0.0,GREEN,40,Kolkata
CLM0044596,KOL_02297,Sealdah,2022-03-17,11,0,0,0,0,0,0,0,0,0,0.0,0.253432,0,1.0,0,278,2,2,0.98,0.0,GREEN,29,Kolkata
CLM0044597,KOL_06432,Behala,2019-09-20,10,0,0,0,0,0,1,0,0,0,1.0,0.388413,0,0.0,0,42,0,3,0.6956,0.3344,YELLOW,48,Kolkata
CLM0044598,KOL_05862,Garia,2025-09-01,18,0,0,0,0,0,0,0,0,0,0.0,0.123427,0,0.0,0,252,1,0,0.129,0.0149,GREEN,49,Kolkata
CLM0044599,KOL_03249,New Town,2025-01-03,13,0,0,0,0,0,0,0,1,0,0.0,0.233557,0,0.0,1,86,3,2,0.4758,0.1685,GREEN,33,Kolkata
CLM0044600,KOL_02636,Park Street,2018-08-19,9,0,0,0,1,0,0,0,0,0,0.0,0.301699,0,0.0,0,400,1,0,0.5634,0.134,GREEN,35,Kolkata
CLM0044601,KOL_01735,Salt Lake,2022-09-29,17,0,0,0,0,0,0,0,0,1,1.0,0.341588,0,0.0,0,420,2,1,0.98,0.1289,GREEN,41,Kolkata
CLM0044602,KOL_05455,Howrah,2019-07-06,7,0,0,0,0,0,0,0,0,0,0.0,0.045037,0,0.0,0,420,3,4,0.1934,0.0382,GREEN,24,Kolkata
CLM0044603,KOL_08652,Howrah,2024-01-13,9,0,0,0,0,0,0,0,0,0,0.0,0.149353,0,0.0,0,152,3,4,0.05,0.0518,GREEN,24,Kolkata
CLM0044604,KOL_07009,Garia,2016-01-12,21,0,0,0,0,0,0,0,0,0,0.0,0.101246,0,0.0,0,417,0,2,0.2546,0.0139,GREEN,38,Kolkata
CLM0044605,KOL_08892,Garia,2025-10-29,8,0,0,0,0,0,0,0,1,0,1.0,0.0,0,0.0,0,420,3,4,0.8995,0.18,GREEN,57,Kolkata
CLM0044606,KOL_00053,Esplanade,2016-09-28,7,0,0,0,0,0,0,0,0,0,0.0,0.153701,0,0.0,0,277,2,7,0.9021,0.0252,GREEN,51,Kolkata
CLM0044607,KOL_03544,Dum Dum,2025-03-15,18,0,0,0,0,0,1,0,1,0,0.0,0.430666,0,0.0,0,115,2,2,0.8219,0.1347,GREEN,24,Kolkata
CLM0044608,KOL_03802,New Town,2024-10-30,13,0,0,0,0,0,0,0,0,0,1.0,0.20191,1,0.0,0,220,1,1,0.05,0.0498,GREEN,29,Kolkata
CLM0044609,KOL_09225,Behala,2025-07-17,16,0,0,0,0,0,0,0,0,0,0.0,0.0,0,0.0,0,130,1,0,0.9401,0.0707,GREEN,47,Kolkata
CLM0044610,KOL_06684,Tollygunge,2024-05-14,17,0,0,0,0,0,0,1,0,0,0.0,0.958229,0,0.0,0,65,2,3,0.6314,0.0,GREEN,41,Kolkata
CLM0044611,KOL_04831,Behala,2025-10-31,13,0,0,0,0,0,0,0,0,0,1.0,0.178422,0,0.0,0,420,0,0,0.114,0.0451,GREEN,34,Kolkata
CLM0044612,KOL_00147,Sealdah,2025-08-18,9,0,0,0,0,0,0,0,0,0,0.0,1.0,0,0.0,0,131,4,6,0.6197,0.0,GREEN,39,Kolkata
CLM0044613,KOL_02564,Dum Dum,2025-09-24,16,0,0,0,0,0,0,0,0,0,0.0,0.095682,0,0.0,0,312,1,0,0.5095,0.0528,GREEN,40,Kolkata
CLM0044614,KOL_00921,Esplanade,2025-08-21,9,0,0,0,0,0,0,0,0,0,0.0,0.216486,0,0.0,0,420,1,3,0.5784,0.0211,GREEN,36,Kolkata
CLM0044615,KOL_00674,Park Street,2022-11-17,10,0,0,0,0,0,1,0,0,0,0.0,0.342873,0,0.0,0,415,3,1,0.8895,0.2829,GREEN,44,Kolkata
CLM0044616,KOL_04689,Park Street,2023-10-26,14,0,0,0,0,0,0,0,0,1,0.0,0.931393,0,0.0,1,28,2,4,0.9568,0.2112,GREEN,49,Kolkata
CLM0044617,KOL_09937,Dum Dum,2023-01-13,15,0,0,0,0,0,0,0,1,0,1.0,0.31905,0,0.0,0,98,4,0,0.5104,0.0491,GREEN,45,Kolkata
CLM0044618,KOL_08377,Salt Lake,2025-11-25,15,0,0,0,0,0,0,0,0,0,0.0,0.125207,0,0.0,0,288,3,2,0.5368,0.0413,GREEN,38,Kolkata
CLM0044619,KOL_05949,Garia,2025-12-20,20,0,0,0,0,0,0,0,0,0,0.0,1.0,0,0.0,0,290,2,7,0.7776,0.0,GREEN,49,Kolkata
CLM0044620,KOL_04480,Dum Dum,2024-06-17,11,0,0,0,0,0,0,0,1,1,0.0,0.506536,0,0.0,0,411,2,4,0.937,0.1693,GREEN,46,Kolkata
CLM0044621,KOL_07035,Behala,2023-10-12,12,0,0,0,0,0,0,0,0,0,0.0,0.307923,0,0.0,0,239,2,3,0.7,0.0,GREEN,48,Kolkata
CLM0044622,KOL_00236,Howrah,2025-07-06,11,0,0,0,0,0,0,0,0,0,1.0,0.122205,0,0.0,0,101,2,1,0.7694,0.1938,GREEN,30,Kolkata
CLM0044623,KOL_05801,Sealdah,2024-06-01,16,0,0,0,0,0,0,0,0,0,0.0,0.264247,0,0.0,0,358,0,3,0.4894,0.0,GREEN,39,Kolkata
CLM0044624,KOL_01480,New Town,2022-08-16,13,0,0,0,0,0,0,0,0,0,0.0,0.029518,0,0.0,0,316,1,1,0.8769,0.0281,GREEN,32,Kolkata
CLM0044625,KOL_00400,Park Street,2025-06-09,18,0,0,0,0,0,0,0,0,0,0.0,0.093947,0,0.0,0,420,4,1,0.9087,0.0,GREEN,18,Kolkata
CLM0044626,KOL_05078,Behala,2024-11-22,19,0,0,0,0,0,0,0,0,0,0.0,0.292113,0,0.0,0,273,3,2,0.6067,0.0105,GREEN,52,Kolkata
CLM0044627,KOL_06954,Tollygunge,2022-09-15,18,0,0,0,0,0,0,0,0,0,0.0,0.062791,0,0.0,1,404,2,4,0.5763,0.0575,GREEN,22,Kolkata
CLM0044628,KOL_04069,Sealdah,2025-08-08,21,0,0,0,0,0,1,0,0,0,0.0,0.328132,0,0.0,0,330,1,4,0.6239,0.0673,GREEN,38,Kolkata
CLM0044629,KOL_01980,Park Street,2019-10-26,18,0,0,0,0,0,1,0,0,0,1.0,0.324143,0,0.0,0,252,4,3,0.6052,0.139,GREEN,20,Kolkata
CLM0044630,KOL_06826,Park Street,2023-11-29,16,0,0,0,1,1,1,0,0,1,1.0,1.0,0,0.0,1,5,0,18,0.4707,0.0363,GREEN,31,Kolkata
CLM0044631,KOL_01156,Howrah,2022-05-22,21,0,0,0,0,0,0,1,0,0,0.0,0.2552,0,1.0,0,99,0,4,0.9297,0.0851,GREEN,22,Kolkata
CLM0044632,KOL_03554,Tollygunge,2023-10-22,12,0,0,0,0,0,0,0,0,0,0.0,0.170386,0,0.0,0,47,0,0,0.4783,0.0143,GREEN,37,Kolkata
CLM0044633,KOL_03146,Salt Lake,2019-04-15,7,0,0,0,0,0,0,0,1,0,0.0,0.13135,0,0.0,0,232,1,0,0.05,0.0783,GREEN,33,Kolkata
CLM0044634,KOL_07918,New Town,2018-09-18,19,0,0,0,0,0,0,0,0,0,0.0,0.949285,0,0.0,0,57,2,0,0.0793,0.0626,GREEN,37,Kolkata
CLM0044635,KOL_00731,Esplanade,2024-05-10,19,0,0,0,0,0,1,0,0,0,0.0,0.421832,0,0.0,0,420,4,2,0.5972,0.0789,GREEN,33,Kolkata
CLM0044636,KOL_04767,Park Street,2018-07-03,9,0,0,0,0,0,0,0,0,0,0.0,0.330302,0,0.0,0,130,4,5,0.7258,0.0914,GREEN,52,Kolkata
CLM0044637,KOL_09702,Esplanade,2024-09-13,20,0,0,0,0,0,0,0,0,0,0.0,0.223215,0,0.0,0,187,4,0,0.5232,0.0381,GREEN,30,Kolkata
CLM0044638,KOL_02499,Howrah,2024-06-10,16,0,0,0,0,0,0,0,0,0,0.0,0.124534,0,0.0,0,230,2,0,0.9754,0.0871,GREEN,45,Kolkata
CLM0044639,KOL_02859,Salt Lake,2025-04-22,7,0,0,0,0,0,0,0,0,0,0.0,0.323436,0,0.0,0,420,2,0,0.98,0.0288,GREEN,43,Kolkata
CLM0044640,KOL_03370,Esplanade,2025-03-28,20,0,0,0,0,0,0,0,0,0,0.0,0.495019,0,0.0,0,420,2,0,0.7665,0.0615,GREEN,23,Kolkata
CLM0044641,KOL_02436,Dum Dum,2023-06-04,7,0,0,0,0,0,0,0,1,0,0.0,0.137335,0,0.0,1,420,3,5,0.332,0.1221,GREEN,18,Kolkata
CLM0044642,KOL_04060,Howrah,2024-06-29,15,0,0,0,0,0,0,0,0,0,0.0,0.238129,0,0.0,1,355,1,1,0.9337,0.103,GREEN,36,Kolkata
CLM0044643,KOL_03282,Sealdah,2022-03-07,14,0,0,0,0,0,0,0,0,0,0.0,0.299555,0,0.0,0,103,2,2,0.7691,0.0233,GREEN,27,Kolkata
CLM0044644,KOL_03407,Esplanade,2020-08-31,12,0,0,0,0,0,1,0,0,0,0.0,0.083254,0,0.0,0,46,4,0,0.597,0.0973,GREEN,32,Kolkata
CLM0044645,KOL_08018,Sealdah,2024-11-08,12,0,0,0,0,0,0,0,0,0,0.0,0.160752,0,0.0,0,65,1,1,0.7031,0.0229,GREEN,31,Kolkata
CLM0044646,KOL_04035,Salt Lake,2022-05-18,17,0,0,0,0,0,0,0,0,0,0.0,0.216926,0,0.0,0,221,0,1,0.674,0.0484,GREEN,36,Kolkata
CLM0044647,KOL_02754,Esplanade,2021-07-11,8,0,0,0,0,0,0,0,0,0,0.0,0.219484,0,0.0,0,142,3,1,0.7077,0.0277,GREEN,30,Kolkata
CLM0044648,KOL_02635,Park Street,2024-06-26,15,0,0,0,0,1,0,0,0,0,0.0,0.208742,0,0.0,0,314,4,3,0.897,0.0973,GREEN,52,Kolkata
CLM0044649,KOL_06225,Park Street,2025-04-24,13,0,0,0,1,0,0,0,1,0,0.0,0.0,0,0.0,0,340,1,2,0.7889,0.2148,GREEN,26,Kolkata
CLM0044650,KOL_05876,Esplanade,2024-05-28,8,0,0,0,0,0,0,0,0,0,0.0,0.33515,0,1.0,0,260,4,0,0.8199,0.0,GREEN,31,Kolkata
CLM0044651,KOL_06670,Esplanade,2022-10-24,11,0,0,0,0,0,0,0,0,0,0.0,0.0,0,0.0,0,270,0,1,0.7594,0.066,GREEN,33,Kolkata
CLM0044652,KOL_00329,Behala,2021-10-19,21,0,0,0,0,0,0,0,0,0,0.0,0.400883,0,0.0,0,146,3,5,0.204,0.0277,GREEN,20,Kolkata
CLM0044653,KOL_04493,Salt Lake,2023-02-11,8,0,0,0,0,0,0,0,0,0,0.0,0.174156,1,0.0,0,228,3,1,0.481,0.0376,GREEN,52,Kolkata
CLM0044654,KOL_02587,Dum Dum,2021-05-11,14,0,0,0,0,0,0,0,0,0,0.0,1.0,0,0.0,0,172,0,1,0.5518,0.0,GREEN,18,Kolkata
CLM0044655,KOL_04750,Salt Lake,2023-11-18,12,0,0,0,0,0,0,0,1,0,0.0,0.384304,0,0.0,1,175,0,3,0.2999,0.2113,GREEN,59,Kolkata
CLM0044656,KOL_03878,Garia,2023-05-24,8,0,0,0,0,0,0,0,0,0,0.0,0.255505,0,0.0,0,420,0,3,0.5554,0.0113,GREEN,49,Kolkata
CLM0044657,KOL_05798,Tollygunge,2022-03-23,11,0,0,0,0,0,0,1,0,0,0.0,0.095948,0,0.0,0,236,2,3,0.0665,0.0518,GREEN,22,Kolkata
CLM0044658,KOL_04166,Dum Dum,2019-06-25,18,0,0,0,0,1,0,1,0,1,0.0,0.930178,0,1.0,1,5,4,18,0.7936,0.1274,GREEN,52,Kolkata
CLM0044659,KOL_06138,Esplanade,2020-08-17,8,0,0,0,0,0,0,0,1,0,0.0,0.245808,0,0.0,0,414,3,1,0.9,0.1523,GREEN,21,Kolkata
CLM0044660,KOL_01572,Howrah,2024-05-18,8,0,0,0,0,0,0,0,0,0,0.0,1.0,0,0.0,0,112,2,0,0.2535,0.0786,GREEN,37,Kolkata
CLM0044661,KOL_01385,Esplanade,2019-10-31,11,0,0,0,0,0,0,0,0,0,0.0,0.094704,0,0.0,0,177,4,0,0.7226,0.0,GREEN,38,Kolkata
CLM0044662,KOL_02031,Salt Lake,2019-05-17,14,0,0,0,0,0,0,0,0,0,1.0,0.430948,1,0.0,1,155,1,3,0.2213,0.155,GREEN,32,Kolkata
CLM0044663,KOL_09447,Esplanade,2024-04-24,15,0,0,0,1,0,0,1,1,1,0.0,1.0,1,0.0,1,5,0,18,0.98,0.0,GREEN,41,Kolkata
CLM0044664,KOL_07441,Park Street,2020-11-27,7,0,0,0,0,1,1,0,0,0,0.0,0.185798,0,0.0,0,168,0,2,0.6366,0.2172,GREEN,25,Kolkata
CLM0044665,KOL_02850,Park Street,2022-03-08,14,0,0,0,0,0,0,0,0,0,0.0,1.0,0,0.0,1,420,0,3,0.786,0.1183,GREEN,40,Kolkata
CLM0044666,KOL_05478,Behala,2023-01-08,10,0,0,0,0,0,0,0,0,1,0.0,0.023807,0,0.0,0,268,0,4,0.1536,0.1712,GREEN,39,Kolkata
CLM0044667,KOL_04264,Garia,2024-12-06,14,0,0,0,0,0,0,0,0,0,0.0,0.98127,0,0.0,1,173,1,2,0.913,0.0639,GREEN,30,Kolkata
CLM0044668,KOL_05957,Tollygunge,2022-08-25,17,0,0,0,0,0,0,0,0,0,0.0,0.17504,0,0.0,0,190,2,2,0.1253,0.0,GREEN,27,Kolkata
CLM0044669,KOL_02308,Park Street,2023-08-30,9,0,0,0,0,0,1,0,0,0,0.0,0.457383,0,0.0,0,420,2,5,0.6325,0.1448,GREEN,18,Kolkata
CLM0044670,KOL_04466,Park Street,2025-10-29,14,0,0,0,0,0,0,0,0,0,0.0,0.064373,0,0.0,0,153,4,5,0.7508,0.1555,GREEN,48,Kolkata
CLM0044671,KOL_07627,Garia,2020-04-13,15,0,0,0,0,0,0,1,0,0,0.0,0.09436,0,1.0,0,420,1,3,0.8696,0.0145,GREEN,33,Kolkata
CLM0044672,KOL_05103,Sealdah,2024-04-01,15,0,0,0,0,0,0,0,0,0,0.0,1.0,0,0.0,0,420,3,4,0.8095,0.0,GREEN,44,Kolkata
CLM0044673,KOL_09552,New Town,2017-06-05,16,0,0,0,0,0,1,0,0,0,0.0,0.982867,0,0.0,0,150,2,2,0.5629,0.0798,GREEN,18,Kolkata
CLM0044674,KOL_07331,Behala,2022-11-28,19,0,0,0,0,0,0,0,0,0,0.0,0.016817,0,1.0,0,420,4,0,0.5233,0.1044,GREEN,35,Kolkata
CLM0044675,KOL_01936,Park Street,2023-03-13,13,0,0,0,0,0,0,0,0,0,0.0,0.226073,0,0.0,0,76,0,5,0.9047,0.0728,GREEN,18,Kolkata
CLM0044676,KOL_07818,Sealdah,2023-05-10,10,0,0,0,0,0,0,0,0,0,0.0,0.071982,0,0.0,0,129,4,3,0.956,0.0,GREEN,38,Kolkata
CLM0044677,KOL_00625,Garia,2025-09-13,15,0,0,0,0,0,0,0,0,0,0.0,0.422026,0,0.0,0,184,0,0,0.763,0.0185,GREEN,36,Kolkata
CLM0044678,KOL_00828,Dum Dum,2024-03-07,20,0,0,0,0,0,0,0,0,0,0.0,0.0,1,0.0,0,27,0,2,0.9619,0.1744,GREEN,60,Kolkata
CLM0044679,KOL_09079,Behala,2024-02-20,17,0,0,0,0,0,0,0,0,0,0.0,1.0,0,0.0,0,420,2,2,0.5254,0.0,GREEN,27,Kolkata
CLM0044680,KOL_01897,Tollygunge,2023-01-20,12,0,0,0,0,0,0,0,1,0,0.0,0.075368,0,0.0,0,420,0,5,0.76,0.1726,GREEN,43,Kolkata
CLM0044681,KOL_07809,Salt Lake,2025-04-05,10,0,0,0,0,0,0,0,0,0,0.0,0.231054,1,0.0,0,180,1,5,0.6217,0.0905,GREEN,27,Kolkata
CLM0044682,KOL_01811,Park Street,2023-05-21,18,0,0,0,0,0,0,0,0,0,0.0,0.405101,0,0.0,0,227,1,3,0.98,0.0,GREEN,40,Kolkata
CLM0044683,KOL_04123,Behala,2024-03-02,13,0,0,0,0,0,0,0,0,0,0.0,0.282742,0,0.0,0,169,4,3,0.7311,0.0319,GREEN,41,Kolkata
CLM0044684,KOL_05381,Howrah,2023-09-21,21,0,0,0,0,1,0,0,0,0,0.0,0.179168,0,0.0,0,245,0,1,0.5778,0.0717,GREEN,30,Kolkata
CLM0044685,KOL_09847,Howrah,2023-03-30,10,0,0,0,0,0,0,0,0,0,0.0,0.059958,0,0.0,0,238,3,4,0.63,0.0,GREEN,48,Kolkata
CLM0044686,KOL_05162,Sealdah,2019-03-18,17,0,0,0,0,0,0,0,0,0,0.0,0.0,0,0.0,0,420,3,0,0.9564,0.0499,GREEN,55,Kolkata
CLM0044687,KOL_04781,New Town,2021-01-31,18,0,0,0,0,0,0,1,0,0,0.0,0.412355,1,0.0,0,350,1,2,0.98,0.1706,GREEN,21,Kolkata
CLM0044688,KOL_03605,Tollygunge,2024-08-29,8,0,1,1,0,0,0,0,0,0,0.0,0.0,0,0.0,0,95,2,0,0.9178,0.0,GREEN,30,Kolkata
CLM0044689,KOL_07722,Garia,2020-07-26,11,0,0,0,0,0,0,0,0,0,0.0,0.252161,0,0.0,0,312,1,2,0.8451,0.0,GREEN,43,Kolkata
CLM0044690,KOL_06377,Tollygunge,2022-10-30,17,0,1,1,0,0,0,0,0,0,0.0,0.176293,1,0.0,0,218,2,1,0.8781,0.0178,GREEN,38,Kolkata
CLM0044691,KOL_09395,Esplanade,2024-07-21,15,0,0,0,0,0,1,0,0,0,0.0,0.374755,0,0.0,0,43,2,3,0.8126,0.1845,GREEN,44,Kolkata
CLM0044692,KOL_06460,Behala,2021-12-24,11,0,0,0,0,0,0,0,0,0,0.0,0.161682,1,1.0,0,420,4,0,0.5964,0.0794,GREEN,41,Kolkata
CLM0044693,KOL_06249,Sealdah,2019-04-19,10,0,0,0,0,0,0,0,0,0,0.0,0.205314,1,0.0,0,68,4,2,0.6079,0.0958,GREEN,42,Kolkata
CLM0044694,KOL_02552,Dum Dum,2025-09-24,14,0,0,0,0,0,0,0,0,1,0.0,0.345128,0,0.0,1,285,1,2,0.8348,0.2354,GREEN,40,Kolkata
CLM0044695,KOL_04648,Dum Dum,2020-01-01,17,0,0,0,0,1,0,0,0,0,0.0,0.298929,0,0.0,0,101,1,2,0.059,0.2292,GREEN,38,Kolkata
CLM0044696,KOL_06026,Garia,2023-06-28,20,0,0,0,0,0,0,0,1,0,0.0,0.20725,0,0.0,0,407,0,3,0.8601,0.1048,GREEN,42,Kolkata
CLM0044697,KOL_03709,Sealdah,2020-07-15,13,0,0,0,0,0,0,0,0,0,0.0,0.453221,0,0.0,1,415,2,4,0.7813,0.1899,GREEN,40,Kolkata
CLM0044698,KOL_07673,Behala,2020-02-24,11,0,0,0,0,0,0,0,0,0,0.0,0.219886,0,1.0,0,243,3,2,0.8869,0.0133,GREEN,45,Kolkata
CLM0044699,KOL_07124,Salt Lake,2020-01-05,8,0,0,0,0,0,0,0,0,0,0.0,0.260332,0,0.0,0,302,3,4,0.8553,0.0,GREEN,29,Kolkata
CLM0044700,KOL_01258,New Town,2023-07-09,16,0,0,0,0,0,0,0,0,0,0.0,0.0,0,0.0,1,420,0,4,0.1581,0.0769,GREEN,46,Kolkata
CLM0044701,KOL_09592,Howrah,2023-04-30,13,0,0,0,0,0,0,1,0,0,0.0,0.280677,0,0.0,0,22,0,3,0.7784,0.0222,GREEN,20,Kolkata
CLM0044702,KOL_03418,Dum Dum,2019-09-21,14,0,0,0,0,0,0,0,0,0,0.0,0.322179,0,0.0,0,218,1,7,0.6168,0.0793,GREEN,42,Kolkata
CLM0044703,KOL_08967,Behala,2018-02-21,7,0,0,0,0,0,0,0,0,0,0.0,0.0,0,0.0,0,200,2,5,0.5357,0.0,GREEN,35,Kolkata
CLM0044704,KOL_06589,Tollygunge,2018-12-10,15,0,0,0,0,0,0,0,0,0,0.0,0.090764,0,0.0,0,231,4,3,0.8239,0.0,GREEN,47,Kolkata
CLM0044705,KOL_09517,Salt Lake,2023-02-13,19,0,0,0,0,0,1,0,1,0,1.0,0.419034,0,0.0,0,276,0,6,0.5582,0.2835,GREEN,29,Kolkata
CLM0044706,KOL_05642,Behala,2019-10-09,17,0,0,0,1,0,0,1,1,0,0.0,0.067311,0,0.0,0,293,4,4,0.9718,0.238,GREEN,43,Kolkata
CLM0044707,KOL_01932,Dum Dum,2021-04-29,16,0,0,0,0,0,0,0,0,0,0.0,0.286709,0,0.0,0,420,2,2,0.7325,0.0137,GREEN,41,Kolkata
CLM0044708,KOL_01518,Howrah,2025-04-10,13,0,0,0,0,0,1,0,0,0,0.0,0.342434,0,0.0,1,420,0,2,0.7729,0.1305,GREEN,41,Kolkata
CLM0044709,KOL_05663,New Town,2025-03-12,7,0,0,0,0,0,0,0,0,0,0.0,0.116172,0,0.0,0,124,1,0,0.5949,0.0,GREEN,49,Kolkata
CLM0044710,KOL_08601,Dum Dum,2024-08-26,10,0,0,0,0,0,0,0,0,0,0.0,0.234973,0,0.0,0,420,1,1,0.3551,0.0636,GREEN,44,Kolkata
CLM0044711,KOL_05572,Dum Dum,2024-03-06,15,0,0,0,0,0,0,0,0,0,0.0,0.154231,0,1.0,0,19,2,6,0.937,0.0339,GREEN,30,Kolkata
CLM0044712,KOL_00770,Garia,2021-05-28,13,0,0,0,0,0,0,0,0,0,0.0,0.15511,0,0.0,0,26,3,2,0.7271,0.0317,GREEN,63,Kolkata
CLM0044713,KOL_07226,Salt Lake,2018-08-05,17,0,0,0,1,1,1,1,1,0,0.0,0.232885,0,1.0,0,10,1,18,0.2127,0.0,GREEN,24,Kolkata
CLM0044714,KOL_07255,Park Street,2021-03-28,19,0,0,0,0,0,0,0,1,0,0.0,0.386924,0,0.0,0,196,1,2,0.9713,0.0634,GREEN,30,Kolkata
CLM0044715,KOL_08333,Dum Dum,2021-05-30,14,0,0,0,0,0,0,1,0,0,0.0,0.316762,0,1.0,0,23,0,3,0.5968,0.1251,GREEN,29,Kolkata
CLM0044716,KOL_02964,Park Street,2022-12-27,16,0,0,0,0,0,0,1,0,0,0.0,0.0,1,0.0,0,264,2,0,0.8307,0.1939,GREEN,32,Kolkata
CLM0044717,KOL_04621,Salt Lake,2020-09-25,21,0,0,0,0,0,0,0,0,0,0.0,0.303377,0,0.0,0,419,4,0,0.9355,0.0,GREEN,40,Kolkata
CLM0044718,KOL_02437,Dum Dum,2024-03-03,16,0,0,0,0,0,0,0,0,0,0.0,0.167476,0,0.0,0,352,4,1,0.8981,0.0,GREEN,39,Kolkata
CLM0044719,KOL_03496,Park Street,2019-04-24,15,0,0,0,0,0,0,0,0,0,0.0,0.973488,0,0.0,1,193,3,4,0.8442,0.1082,GREEN,46,Kolkata
CLM0044720,KOL_07656,Dum Dum,2025-03-01,12,0,0,0,0,0,0,0,0,0,0.0,0.090416,0,0.0,0,336,3,0,0.4611,0.0091,GREEN,40,Kolkata
CLM0044721,KOL_09964,New Town,2023-02-05,10,0,0,0,0,0,0,0,0,0,0.0,0.184644,0,0.0,0,250,4,1,0.8364,0.0654,GREEN,18,Kolkata
CLM0044722,KOL_04862,Garia,2024-05-09,14,0,0,0,0,0,0,0,0,0,0.0,0.177079,0,0.0,0,222,2,6,0.6552,0.0,GREEN,40,Kolkata
CLM0044723,KOL_09651,New Town,2022-12-03,19,0,0,0,0,0,0,0,0,1,0.0,0.139443,0,0.0,0,313,4,1,0.4849,0.1073,GREEN,44,Kolkata
CLM0044724,KOL_07272,Salt Lake,2023-06-20,18,0,0,0,0,0,0,0,0,0,1.0,0.351904,0,0.0,0,29,1,5,0.734,0.0595,GREEN,30,Kolkata
CLM0044725,KOL_03280,Salt Lake,2023-01-06,18,0,0,0,0,0,0,0,0,0,0.0,1.0,0,0.0,0,420,4,1,0.7444,0.0114,GREEN,43,Kolkata
CLM0044726,KOL_04140,Salt Lake,2023-08-20,12,0,0,0,0,0,0,0,0,0,0.0,0.047672,0,0.0,0,420,4,1,0.6788,0.0,GREEN,45,Kolkata
CLM0044727,KOL_08312,Salt Lake,2024-09-03,8,0,0,0,0,0,1,0,0,0,0.0,0.196152,0,0.0,0,128,1,0,0.5551,0.0678,GREEN,36,Kolkata
CLM0044728,KOL_08410,Garia,2025-10-19,15,0,0,0,1,0,0,0,0,0,0.0,0.197135,0,0.0,0,47,1,4,0.2417,0.1836,GREEN,18,Kolkata
CLM0044729,KOL_00925,Dum Dum,2025-03-28,16,0,0,0,0,0,0,0,0,0,0.0,0.093908,0,0.0,0,93,4,2,0.7045,0.0301,GREEN,43,Kolkata
CLM0044730,KOL_03657,Tollygunge,2025-08-14,9,0,0,0,0,0,1,1,0,0,0.0,0.160449,0,0.0,0,420,4,5,0.6019,0.2355,GREEN,49,Kolkata
CLM0044731,KOL_09936,Behala,2023-05-27,20,0,1,1,0,0,0,0,0,0,0.0,0.000714,0,0.0,0,371,4,2,0.9428,0.0,GREEN,25,Kolkata
CLM0044732,KOL_03462,Sealdah,2023-09-25,9,0,0,0,0,0,0,0,1,0,0.0,0.514413,0,0.0,1,125,4,2,0.8982,0.2044,GREEN,60,Kolkata
CLM0044733,KOL_08424,New Town,2025-05-09,19,0,1,1,0,0,0,0,0,0,0.0,0.315292,0,0.0,0,173,2,0,0.5853,0.0765,GREEN,50,Kolkata
CLM0044734,KOL_00672,Garia,2025-07-29,9,0,0,0,0,0,0,0,0,0,0.0,0.159341,0,0.0,0,420,2,0,0.2765,0.0568,GREEN,41,Kolkata
CLM0044735,KOL_02285,Tollygunge,2024-06-08,18,0,0,0,0,0,1,0,0,0,0.0,0.119339,0,1.0,0,58,1,0,0.9596,0.1449,GREEN,24,Kolkata
CLM0044736,KOL_02638,Sealdah,2024-12-29,21,0,0,0,0,0,0,1,0,0,0.0,0.413925,0,0.0,0,347,1,0,0.05,0.0469,GREEN,31,Kolkata
CLM0044737,KOL_01090,Park Street,2020-07-10,14,0,0,0,0,0,0,0,0,1,0.0,0.994072,0,0.0,0,212,3,0,0.7733,0.1387,GREEN,26,Kolkata
CLM0044738,KOL_09830,Salt Lake,2024-07-06,12,0,0,0,0,0,0,0,0,0,0.0,0.036959,0,0.0,0,420,0,1,0.7465,0.0,GREEN,35,Kolkata
CLM0044739,KOL_09988,Garia,2022-07-10,17,0,0,0,0,0,0,0,0,0,0.0,0.940439,1,0.0,0,300,4,4,0.7883,0.1312,GREEN,28,Kolkata
CLM0044740,KOL_05293,Dum Dum,2022-10-25,12,0,0,0,0,0,0,0,0,0,0.0,0.0,0,0.0,0,338,1,2,0.7927,0.0,GREEN,45,Kolkata
CLM0044741,KOL_05740,Esplanade,2025-10-15,14,0,0,0,0,0,1,0,0,0,0.0,0.106737,0,0.0,0,100,0,2,0.636,0.0255,GREEN,38,Kolkata
CLM0044742,KOL_08086,Esplanade,2025-09-19,8,0,0,0,0,0,0,0,0,0,0.0,0.399985,0,0.0,0,403,3,1,0.9315,0.0436,GREEN,36,Kolkata
CLM0044743,KOL_03055,New Town,2020-01-22,18,0,0,0,0,0,0,0,0,0,0.0,0.325372,0,0.0,0,420,3,1,0.05,0.0,GREEN,45,Kolkata
CLM0044744,KOL_09274,Garia,2024-07-30,19,0,0,0,0,0,0,0,0,0,0.0,0.0,1,0.0,0,140,3,0,0.7611,0.0948,GREEN,31,Kolkata
CLM0044745,KOL_06099,Salt Lake,2023-01-10,20,0,0,0,0,0,0,1,1,1,0.0,1.0,0,1.0,1,25,3,18,0.282,0.0,GREEN,49,Kolkata
CLM0044746,KOL_04420,Tollygunge,2025-08-02,9,0,0,0,0,0,0,0,0,0,0.0,0.290913,0,0.0,0,66,0,2,0.341,0.0693,GREEN,28,Kolkata
CLM0044747,KOL_08207,Salt Lake,2021-10-25,8,0,0,0,0,0,0,0,1,0,0.0,0.323459,0,0.0,0,241,4,1,0.6646,0.0836,GREEN,53,Kolkata
CLM0044748,KOL_07101,Esplanade,2024-12-09,18,0,0,0,0,0,0,1,0,0,0.0,0.25432,0,0.0,0,100,3,5,0.7029,0.0479,GREEN,54,Kolkata
CLM0044749,KOL_01937,Sealdah,2025-04-13,15,0,0,0,0,0,0,0,0,0,0.0,0.13307,0,0.0,0,420,3,4,0.6186,0.0,GREEN,48,Kolkata
CLM0044750,KOL_04360,Dum Dum,2024-06-30,21,0,0,0,0,0,0,0,0,0,0.0,0.369771,0,0.0,0,73,0,4,0.98,0.0,GREEN,40,Kolkata
CLM0044751,KOL_04439,Dum Dum,2025-07-09,21,0,0,0,0,0,0,0,1,0,0.0,0.070386,0,0.0,0,367,0,4,0.7083,0.1288,GREEN,36,Kolkata
CLM0044752,KOL_07547,Garia,2025-02-14,17,0,0,0,0,0,0,0,0,0,0.0,0.971282,0,0.0,0,420,1,0,0.7893,0.1292,GREEN,38,Kolkata
CLM0044753,KOL_01284,Sealdah,2024-06-15,13,0,0,0,0,0,0,0,0,0,0.0,0.060621,0,0.0,0,229,2,0,0.7638,0.0,GREEN,43,Kolkata
CLM0044754,KOL_01311,Behala,2025-07-29,10,0,0,0,0,0,0,0,0,0,0.0,0.360154,0,0.0,0,321,3,0,0.865,0.105,GREEN,32,Kolkata
CLM0044755,KOL_06939,Park Street,2025-06-01,18,0,0,0,0,0,0,0,0,0,0.0,0.984652,0,0.0,1,420,3,4,0.9022,0.1594,GREEN,20,Kolkata
CLM0044756,KOL_05380,Salt Lake,2023-07-04,17,0,0,0,0,0,0,0,0,0,0.0,0.07506,1,0.0,0,39,3,6,0.7213,0.0594,GREEN,37,Kolkata
CLM0044757,KOL_03658,New Town,2022-07-09,20,0,0,0,0,0,0,0,0,0,0.0,0.317205,0,0.0,0,226,3,2,0.1601,0.0678,GREEN,26,Kolkata
CLM0044758,KOL_06709,Garia,2024-06-07,7,0,0,0,0,0,1,0,0,0,0.0,0.070933,0,0.0,1,180,0,0,0.9772,0.0397,GREEN,24,Kolkata
CLM0044759,KOL_07491,Salt Lake,2023-06-28,8,0,0,0,0,0,1,0,0,0,0.0,0.157251,0,0.0,0,420,4,0,0.7589,0.0639,GREEN,47,Kolkata
CLM0044760,KOL_08173,Garia,2025-11-13,14,0,0,0,0,0,0,1,0,0,0.0,0.113065,0,0.0,0,60,4,4,0.98,0.1052,GREEN,46,Kolkata
CLM0044761,KOL_08943,Park Street,2021-08-12,9,0,0,0,0,0,0,0,0,0,0.0,0.228545,1,0.0,1,399,2,2,0.8065,0.0654,GREEN,18,Kolkata
CLM0044762,KOL_04467,Dum Dum,2023-02-25,17,0,0,0,0,0,0,0,0,0,0.0,0.187398,0,0.0,0,420,3,1,0.5495,0.0304,GREEN,31,Kolkata
CLM0044763,KOL_06678,Sealdah,2024-03-26,10,0,0,0,0,0,0,0,0,0,0.0,0.177116,0,0.0,0,420,1,0,0.98,0.0545,GREEN,27,Kolkata
CLM0044764,KOL_07928,Behala,2021-08-20,15,0,1,1,0,0,0,0,0,0,0.0,0.226195,0,0.0,0,272,1,8,0.8206,0.0,GREEN,35,Kolkata
CLM0044765,KOL_01017,Howrah,2022-09-29,21,0,0,0,0,0,0,0,0,0,0.0,0.45291,0,0.0,0,291,3,2,0.3535,0.0413,GREEN,25,Kolkata
CLM0044766,KOL_02763,Howrah,2024-10-19,14,0,0,0,0,0,0,0,0,0,0.0,0.380673,0,0.0,0,8,3,5,0.6087,0.0,GREEN,30,Kolkata
CLM0044767,KOL_06480,Esplanade,2025-10-18,17,0,0,0,0,0,0,0,0,0,0.0,0.978616,0,0.0,0,220,1,1,0.6482,0.0504,GREEN,28,Kolkata
CLM0044768,KOL_07987,Tollygunge,2024-08-25,7,0,0,0,1,0,0,0,0,0,1.0,1.0,0,1.0,0,339,2,0,0.5213,0.1054,GREEN,58,Kolkata
CLM0044769,KOL_05439,Park Street,2022-08-09,14,0,0,0,0,0,0,0,0,0,0.0,0.387202,0,0.0,0,283,1,1,0.98,0.0,GREEN,18,Kolkata
CLM0044770,KOL_02726,Howrah,2022-10-04,16,0,0,0,0,0,0,0,1,0,0.0,0.24542,0,0.0,0,257,2,0,0.7079,0.0795,GREEN,45,Kolkata
CLM0044771,KOL_05612,Dum Dum,2025-02-16,19,0,0,0,0,0,0,1,0,0,0.0,0.207026,0,0.0,0,392,2,4,0.093,0.121,GREEN,42,Kolkata
CLM0044772,KOL_01025,Dum Dum,2024-05-10,12,0,0,0,0,0,0,0,0,0,0.0,0.0,0,0.0,0,420,4,0,0.9386,0.0,GREEN,31,Kolkata
CLM0044773,KOL_02738,Salt Lake,2023-11-20,20,0,0,0,0,0,0,0,0,0,0.0,0.148351,0,0.0,0,317,4,4,0.7261,0.0774,GREEN,40,Kolkata
CLM0044774,KOL_04065,Garia,2025-02-09,8,0,0,0,0,0,1,0,0,0,0.0,0.175594,0,0.0,0,305,3,0,0.6631,0.0602,GREEN,38,Kolkata
CLM0044775,KOL_05985,Esplanade,2024-09-05,18,0,0,0,0,0,0,0,0,0,0.0,1.0,0,1.0,0,420,3,0,0.5069,0.0,GREEN,41,Kolkata
CLM0044776,KOL_03397,Salt Lake,2018-12-13,13,0,0,0,0,0,0,0,0,0,0.0,0.003139,0,0.0,0,416,4,2,0.98,0.0251,GREEN,38,Kolkata
CLM0044777,KOL_08658,Tollygunge,2025-06-01,18,0,0,0,0,0,0,0,0,0,0.0,0.047082,0,0.0,0,353,1,2,0.6239,0.0,GREEN,36,Kolkata
CLM0044778,KOL_07496,Howrah,2020-11-24,15,0,0,0,0,0,0,0,0,0,0.0,0.269073,1,0.0,0,154,3,1,0.7546,0.0435,GREEN,51,Kolkata
CLM0044779,KOL_04235,Tollygunge,2020-09-26,13,0,0,0,0,0,0,1,0,0,1.0,0.953843,0,0.0,0,60,4,2,0.804,0.1179,GREEN,35,Kolkata
CLM0044780,KOL_07221,Park Street,2021-02-27,13,0,0,0,0,0,0,0,0,0,0.0,0.280261,0,0.0,1,98,2,0,0.0588,0.1848,GREEN,56,Kolkata
CLM0044781,KOL_01800,New Town,2025-02-12,10,0,1,1,1,1,0,1,1,1,1.0,0.981821,1,1.0,1,19,0,18,0.3066,0.8206,RED,48,Kolkata
CLM0044782,KOL_05553,Sealdah,2020-09-03,20,0,1,1,1,1,0,1,1,0,1.0,1.0,0,0.0,0,6,2,18,0.7578,0.7441,RED,56,Kolkata
CLM0044783,KOL_02040,Howrah,2022-12-28,8,0,1,1,0,1,1,0,1,1,0.0,0.990267,0,0.0,0,56,0,18,0.249,0.6853,RED,36,Kolkata
CLM0044784,KOL_02346,Salt Lake,2022-09-07,11,0,1,1,1,1,1,1,1,1,0.0,0.051087,0,1.0,0,29,2,13,0.7725,0.8504,RED,47,Kolkata
CLM0044785,KOL_06714,Behala,2016-06-19,20,0,1,1,1,1,0,1,1,0,1.0,0.0,1,1.0,1,5,1,18,0.8751,0.8441,RED,31,Kolkata
CLM0044786,KOL_05963,New Town,2019-02-10,9,0,1,1,0,0,0,0,0,0,0.0,0.053963,0,0.0,0,120,2,2,0.98,0.6508,RED,33,Kolkata
CLM0044787,KOL_07989,Dum Dum,2022-05-19,12,0,1,1,0,0,0,0,0,0,1.0,1.0,0,1.0,0,305,2,4,0.7893,0.8301,RED,46,Kolkata
CLM0044788,KOL_04601,Garia,2016-10-22,10,0,1,1,0,1,1,1,1,1,1.0,1.0,0,1.0,0,5,1,18,0.1586,0.6352,RED,41,Kolkata
CLM0044789,KOL_03993,Dum Dum,2020-01-02,11,0,1,1,1,1,1,1,1,1,1.0,0.931969,0,1.0,1,5,0,18,0.056,0.8148,RED,43,Kolkata
CLM0044790,KOL_05057,Park Street,2022-07-05,20,0,1,1,0,0,1,1,1,1,0.0,0.074766,0,0.0,1,5,1,14,0.98,0.5262,YELLOW,29,Kolkata
CLM0044791,KOL_05102,Behala,2025-05-18,21,0,0,0,0,0,0,0,0,0,0.0,0.472683,0,0.0,0,407,3,4,0.6955,0.0,GREEN,18,Kolkata
CLM0044792,KOL_00594,Salt Lake,2025-02-20,16,0,0,0,0,0,0,0,0,0,0.0,0.119216,0,0.0,0,420,0,0,0.98,0.0208,GREEN,24,Kolkata
CLM0044793,KOL_04322,New Town,2025-07-01,12,0,0,0,0,0,0,0,0,0,1.0,1.0,0,1.0,0,281,1,3,0.2659,0.0,GREEN,26,Kolkata
CLM0044794,KOL_06311,Behala,2023-07-17,13,0,0,0,0,0,0,0,0,0,0.0,0.097762,0,1.0,0,242,0,2,0.4745,0.1089,GREEN,53,Kolkata
CLM0044795,KOL_06801,Behala,2025-08-02,13,0,0,0,0,0,0,0,1,0,0.0,0.124779,0,0.0,0,108,0,2,0.98,0.0,GREEN,38,Kolkata
CLM0044796,KOL_09536,Garia,2023-05-11,20,0,0,0,0,0,0,0,1,0,1.0,0.332943,0,0.0,0,420,4,0,0.6186,0.143,GREEN,37,Kolkata
CLM0044797,KOL_05462,Sealdah,2022-06-28,9,0,0,0,0,0,0,0,0,1,0.0,0.318781,0,0.0,0,148,2,4,0.3189,0.0986,GREEN,47,Kolkata
CLM0044798,KOL_07132,Salt Lake,2021-12-19,19,0,0,0,0,0,0,0,0,0,0.0,0.929116,0,0.0,0,420,2,1,0.8808,0.0564,GREEN,50,Kolkata
CLM0044799,KOL_00141,New Town,2021-05-02,14,0,0,0,0,0,0,0,1,0,0.0,0.437196,0,0.0,0,51,3,3,0.8142,0.1096,GREEN,32,Kolkata
CLM0044800,KOL_03560,Sealdah,2025-08-08,13,0,0,0,0,0,0,0,0,0,0.0,0.22141,1,0.0,0,420,3,5,0.5784,0.0253,GREEN,39,Kolkata
CLM0044801,KOL_01724,Park Street,2025-12-27,20,0,0,0,0,0,0,0,0,0,0.0,0.228285,0,0.0,0,406,4,2,0.5031,0.0437,GREEN,42,Kolkata
CLM0044802,KOL_02483,Salt Lake,2025-10-29,18,0,0,0,0,0,0,0,0,0,1.0,1.0,0,0.0,0,204,4,0,0.98,0.0,GREEN,38,Kolkata
CLM0044803,KOL_06790,Sealdah,2024-05-25,8,0,0,0,0,0,0,0,0,0,1.0,0.199346,0,0.0,0,420,4,2,0.7013,0.0894,GREEN,35,Kolkata
CLM0044804,KOL_09869,Garia,2025-02-13,8,0,0,0,0,0,0,0,0,0,0.0,0.176916,0,0.0,0,358,2,7,0.1294,0.0074,GREEN,27,Kolkata
CLM0044805,KOL_02168,Esplanade,2025-08-11,14,0,0,0,0,0,0,0,0,0,0.0,0.15114,0,0.0,1,420,2,3,0.9293,0.1319,GREEN,43,Kolkata
CLM0044806,KOL_01673,Esplanade,2025-08-06,19,0,0,0,0,0,0,0,0,0,0.0,0.319534,0,0.0,0,357,1,4,0.05,0.0,GREEN,35,Kolkata
CLM0044807,KOL_01833,New Town,2017-09-25,13,0,0,0,0,0,0,0,0,0,0.0,0.254658,0,0.0,0,213,2,2,0.4862,0.0,GREEN,18,Kolkata
CLM0044808,KOL_00198,Park Street,2018-11-01,16,0,0,0,0,0,0,0,0,0,1.0,0.946725,0,0.0,0,19,4,2,0.6727,0.0886,GREEN,33,Kolkata
CLM0044809,KOL_09315,New Town,2020-04-01,17,0,0,0,0,0,0,0,0,0,0.0,0.053405,0,0.0,0,79,3,4,0.4965,0.0569,GREEN,33,Kolkata
CLM0044810,KOL_05221,Sealdah,2022-07-28,19,0,0,0,0,0,0,0,0,0,0.0,0.299873,0,0.0,0,420,0,3,0.98,0.0717,GREEN,45,Kolkata
CLM0044811,KOL_00899,Howrah,2024-04-17,21,0,0,0,0,0,0,1,0,0,1.0,0.310554,0,0.0,0,333,4,3,0.6045,0.1292,GREEN,18,Kolkata
CLM0044812,KOL_04016,Dum Dum,2022-11-13,17,0,0,0,0,0,0,0,0,0,0.0,0.276245,0,0.0,0,420,3,0,0.7225,0.0,GREEN,32,Kolkata
CLM0044813,KOL_08715,Sealdah,2020-10-11,8,0,0,0,1,0,0,1,0,0,1.0,1.0,0,1.0,0,30,2,14,0.122,0.0,GREEN,34,Kolkata
CLM0044814,KOL_00553,Tollygunge,2020-04-29,7,0,0,0,1,0,1,0,0,1,1.0,1.0,0,0.0,1,27,0,18,0.3053,0.1869,GREEN,33,Kolkata
CLM0044815,KOL_06536,New Town,2018-10-25,7,0,0,0,0,0,0,0,0,0,0.0,0.343104,0,0.0,0,256,1,2,0.98,0.0,GREEN,37,Kolkata
CLM0044816,KOL_08196,Esplanade,2022-01-27,21,0,0,0,0,0,0,0,0,1,1.0,0.262156,0,0.0,0,383,4,4,0.9609,0.2327,GREEN,27,Kolkata
CLM0044817,KOL_08349,Park Street,2024-06-02,10,0,0,0,1,0,0,0,0,0,0.0,0.035234,0,0.0,0,138,4,2,0.5671,0.1286,GREEN,39,Kolkata
CLM0044818,KOL_06119,Howrah,2018-08-18,15,0,0,0,0,0,0,0,0,0,0.0,0.233321,0,0.0,0,420,4,1,0.5164,0.0,GREEN,35,Kolkata
CLM0044819,KOL_08776,Park Street,2018-11-24,14,0,0,0,0,0,0,0,0,0,0.0,0.079086,0,0.0,0,245,3,0,0.8021,0.0,GREEN,29,Kolkata
CLM0044820,KOL_06946,Behala,2025-02-18,21,0,0,0,0,0,1,0,0,0,0.0,0.183108,0,0.0,0,420,1,4,0.7888,0.0,GREEN,40,Kolkata
CLM0044821,KOL_07592,New Town,2023-04-15,15,0,0,0,0,1,0,0,0,0,0.0,0.061332,0,0.0,0,420,2,1,0.98,0.1167,GREEN,42,Kolkata
CLM0044822,KOL_00354,Sealdah,2023-11-12,7,0,0,0,0,0,0,0,0,0,0.0,0.972116,0,0.0,0,82,0,3,0.5649,0.0,GREEN,24,Kolkata
CLM0044823,KOL_03891,Sealdah,2024-12-08,21,0,0,0,0,0,0,0,0,0,0.0,0.243632,0,0.0,0,185,1,1,0.3273,0.0,GREEN,18,Kolkata
CLM0044824,KOL_09565,Behala,2025-11-08,12,0,0,0,0,0,0,0,1,0,1.0,0.259357,0,0.0,0,145,0,1,0.8764,0.1786,GREEN,38,Kolkata
CLM0044825,KOL_09193,Behala,2024-11-17,20,0,1,1,1,1,0,1,1,0,1.0,1.0,0,1.0,1,5,1,18,0.0962,0.7524,RED,54,Kolkata
CLM0044826,KOL_02480,Garia,2025-04-03,13,0,1,1,1,1,0,0,1,0,0.0,0.975083,0,1.0,0,5,1,18,0.1336,0.4477,YELLOW,49,Kolkata
CLM0044827,KOL_02512,Sealdah,2025-11-03,15,0,1,1,1,1,0,1,1,1,0.0,1.0,0,1.0,0,14,0,18,0.1246,0.7834,RED,27,Kolkata
CLM0044828,KOL_07490,New Town,2025-07-30,19,0,1,1,0,1,0,0,0,0,0.0,0.500239,0,0.0,0,339,0,2,0.8226,0.5895,YELLOW,27,Kolkata
CLM0044829,KOL_04669,Behala,2025-03-29,18,0,1,1,0,1,0,1,0,1,0.0,1.0,0,1.0,1,9,2,18,0.8523,0.542,YELLOW,27,Kolkata
CLM0044830,KOL_02184,Tollygunge,2025-01-24,19,0,1,1,0,0,0,0,0,0,0.0,0.0,0,0.0,0,383,2,0,0.2391,0.5099,YELLOW,36,Kolkata
CLM0044831,KOL_00963,Esplanade,2024-05-08,18,0,1,1,1,1,0,1,0,1,1.0,0.929574,1,1.0,0,17,2,9,0.7281,0.5853,YELLOW,31,Kolkata
CLM0044832,KOL_09428,Behala,2024-10-19,13,0,1,1,0,0,0,0,0,0,0.0,0.308311,0,0.0,0,167,1,0,0.1163,0.574,YELLOW,33,Kolkata
CLM0044833,KOL_01251,Sealdah,2022-02-07,16,0,1,1,1,0,1,1,0,1,1.0,1.0,0,0.0,1,5,1,18,0.1859,0.6198,RED,18,Kolkata
CLM0044834,KOL_09035,Howrah,2024-12-08,14,0,1,1,0,0,0,0,0,0,0.0,0.365708,0,0.0,0,278,1,4,0.873,0.4164,YELLOW,38,Kolkata
CLM0044835,KOL_09385,Park Street,2022-10-16,13,0,1,1,1,1,0,1,1,0,0.0,0.89624,0,1.0,1,19,1,18,0.4304,0.6552,RED,41,Kolkata
CLM0044836,KOL_09413,Howrah,2025-09-10,14,0,1,1,0,0,0,0,0,0,0.0,0.017858,0,0.0,0,345,0,3,0.1037,0.6333,RED,23,Kolkata
CLM0044837,KOL_04804,Park Street,2020-06-28,15,0,1,1,1,1,1,1,1,1,1.0,1.0,0,1.0,0,5,1,18,0.2777,0.562,YELLOW,25,Kolkata
CLM0044838,KOL_07838,New Town,2019-04-12,12,0,1,1,1,1,0,0,1,0,1.0,0.9842,1,0.0,1,5,1,18,0.2425,0.6323,RED,33,Kolkata
CLM0044839,KOL_02248,Behala,2024-10-19,9,0,1,1,0,1,0,1,1,1,1.0,0.034938,1,1.0,1,5,1,17,0.4462,0.6823,RED,31,Kolkata
CLM0044840,KOL_05505,Howrah,2023-10-14,20,0,1,1,1,0,0,1,1,1,0.0,0.005933,0,0.0,1,17,0,18,0.8545,0.693,RED,34,Kolkata
CLM0044841,KOL_01148,Howrah,2022-12-29,10,0,1,1,0,1,1,1,1,1,1.0,0.0,0,1.0,1,24,2,18,0.306,0.7144,RED,32,Kolkata
CLM0044842,KOL_00180,Park Street,2022-01-05,20,0,1,1,1,0,1,1,0,1,0.0,0.104587,1,0.0,0,5,2,18,0.9797,0.6823,RED,18,Kolkata
CLM0044843,KOL_01648,Park Street,2024-12-26,18,0,1,1,0,1,0,1,1,0,1.0,0.995851,1,1.0,1,27,2,18,0.3002,0.3924,YELLOW,22,Kolkata
CLM0044844,KOL_08780,Park Street,2024-04-18,16,0,0,0,0,0,0,0,0,0,0.0,0.061775,0,0.0,0,56,4,0,0.6412,0.0521,GREEN,37,Kolkata
CLM0044845,KOL_03779,Howrah,2020-07-27,13,0,0,0,0,0,0,0,0,0,0.0,0.0,0,0.0,0,420,0,3,0.64,0.0,GREEN,42,Kolkata
CLM0044846,KOL_00504,Dum Dum,2017-05-15,15,0,0,0,0,1,1,0,0,0,0.0,0.018368,0,0.0,0,117,1,2,0.6938,0.2283,GREEN,36,Kolkata
CLM0044847,KOL_02484,Esplanade,2024-12-30,20,0,0,0,0,0,0,0,0,0,0.0,0.415005,0,1.0,0,99,0,0,0.7233,0.0,GREEN,36,Kolkata
CLM0044848,KOL_03965,New Town,2015-08-05,10,0,0,0,0,0,0,0,1,0,0.0,0.443944,0,0.0,0,298,0,1,0.5946,0.0548,GREEN,39,Kolkata
CLM0044849,KOL_07298,Tollygunge,2018-08-26,20,0,0,0,0,0,0,0,1,0,0.0,0.048034,0,1.0,0,361,2,3,0.4752,0.1568,GREEN,24,Kolkata
CLM0044850,KOL_04643,Dum Dum,2018-04-15,8,0,0,0,1,0,0,1,1,1,1.0,0.931096,1,0.0,0,16,0,18,0.2703,0.0053,GREEN,27,Kolkata
CLM0044851,KOL_05303,Tollygunge,2015-12-08,8,0,0,0,0,0,0,0,1,0,1.0,0.124747,0,0.0,0,420,4,0,0.6351,0.1951,GREEN,37,Kolkata
CLM0044852,KOL_06393,Howrah,2024-11-14,20,0,0,0,0,0,0,0,0,0,0.0,0.202476,0,0.0,0,151,0,1,0.8478,0.0,GREEN,22,Kolkata
CLM0044853,KOL_00970,Salt Lake,2024-07-08,16,0,0,0,0,0,1,0,0,0,0.0,0.304274,0,0.0,0,196,0,0,0.0974,0.1748,GREEN,58,Kolkata
CLM0044854,KOL_02487,New Town,2021-05-15,18,0,0,0,0,1,0,0,0,0,0.0,0.13144,0,0.0,0,173,3,1,0.8922,0.0535,GREEN,33,Kolkata
CLM0044855,KOL_04478,Sealdah,2024-11-07,17,0,0,0,0,0,0,0,0,0,0.0,0.164943,0,0.0,0,220,0,3,0.6613,0.0,GREEN,42,Kolkata
CLM0044856,KOL_04260,New Town,2024-06-11,14,0,0,0,0,0,1,0,0,0,0.0,0.232773,0,0.0,0,68,0,6,0.2938,0.0941,GREEN,28,Kolkata
CLM0044857,KOL_08603,Esplanade,2024-01-27,9,0,0,0,0,0,0,0,0,0,0.0,0.01706,0,0.0,0,388,4,4,0.1781,0.0,GREEN,43,Kolkata
CLM0044858,KOL_07883,Sealdah,2024-09-05,17,0,0,0,0,0,0,1,0,0,1.0,0.393536,1,0.0,0,74,0,0,0.5802,0.1377,GREEN,41,Kolkata
CLM0044859,KOL_01822,Esplanade,2024-07-14,15,0,0,0,0,0,0,0,0,0,0.0,0.092055,0,0.0,0,420,3,3,0.7791,0.0804,GREEN,32,Kolkata
CLM0044860,KOL_09304,Esplanade,2024-12-11,7,0,0,0,0,0,0,0,0,0,0.0,0.061992,0,0.0,0,385,0,3,0.7038,0.0,GREEN,30,Kolkata
CLM0044861,KOL_07653,New Town,2025-08-30,15,0,0,0,0,0,0,0,1,0,0.0,0.273132,0,0.0,0,273,1,0,0.7125,0.1552,GREEN,42,Kolkata
CLM0044862,KOL_06635,Esplanade,2024-03-26,16,0,0,0,0,0,0,0,0,0,0.0,0.122058,0,0.0,0,420,1,3,0.05,0.0834,GREEN,35,Kolkata
CLM0044863,KOL_02897,Sealdah,2024-08-09,19,0,0,0,0,0,0,0,0,0,1.0,0.992239,0,0.0,0,238,1,0,0.4511,0.0527,GREEN,37,Kolkata
CLM0044864,KOL_04969,Sealdah,2024-12-19,18,0,0,0,0,0,0,0,0,0,0.0,0.152623,0,0.0,1,288,2,4,0.05,0.0771,GREEN,31,Kolkata
CLM0044865,KOL_00532,Salt Lake,2022-03-14,14,0,0,0,0,0,0,0,0,0,0.0,0.825541,0,0.0,0,369,3,0,0.5284,0.0,GREEN,43,Kolkata
CLM0044866,KOL_02830,Howrah,2024-06-25,18,0,0,0,0,0,0,0,0,0,0.0,0.084205,0,0.0,0,419,0,6,0.7776,0.0,GREEN,39,Kolkata
CLM0044867,KOL_02979,Park Street,2025-01-23,21,0,0,0,0,0,0,0,0,0,0.0,0.094735,1,0.0,0,58,3,1,0.9077,0.1495,GREEN,36,Kolkata
CLM0044868,KOL_04715,Dum Dum,2016-04-23,20,0,0,0,0,0,1,0,0,0,0.0,0.195269,0,0.0,0,286,2,6,0.481,0.0595,GREEN,27,Kolkata
CLM0044869,KOL_04692,Dum Dum,2019-12-24,11,0,0,0,0,0,0,1,0,0,0.0,0.159679,0,0.0,0,337,1,2,0.2074,0.0388,GREEN,53,Kolkata
CLM0044870,KOL_06337,Howrah,2025-10-23,21,0,0,0,0,0,0,0,1,0,0.0,0.323197,0,0.0,0,143,3,3,0.7616,0.0311,GREEN,31,Kolkata
CLM0044871,KOL_09904,Dum Dum,2018-03-28,9,0,0,0,0,0,0,1,0,1,0.0,0.314966,0,0.0,0,230,1,0,0.8724,0.3222,YELLOW,28,Kolkata
CLM0044872,KOL_01193,New Town,2016-09-26,9,0,0,0,0,0,0,0,0,0,0.0,0.128419,0,0.0,0,38,1,7,0.88,0.0,GREEN,44,Kolkata
CLM0044873,KOL_04092,Garia,2024-03-31,13,0,0,0,0,0,1,0,0,0,0.0,0.341025,0,0.0,0,345,2,2,0.6663,0.1048,GREEN,35,Kolkata
CLM0044874,KOL_07942,Sealdah,2017-03-24,8,0,0,0,0,0,0,0,0,0,0.0,0.27286,0,0.0,0,139,1,2,0.8349,0.0,GREEN,33,Kolkata
CLM0044875,KOL_06185,Behala,2021-12-22,13,0,0,0,0,0,0,0,0,0,0.0,0.316357,0,0.0,0,420,0,0,0.6769,0.0,GREEN,23,Kolkata
CLM0044876,KOL_02346,Salt Lake,2019-07-10,8,0,0,0,0,0,0,0,0,1,0.0,0.198712,0,0.0,0,387,2,5,0.071,0.1096,GREEN,47,Kolkata
CLM0044877,KOL_00942,Tollygunge,2025-05-27,17,0,0,0,0,0,0,0,0,0,0.0,0.09317,0,0.0,0,337,0,0,0.5187,0.0,GREEN,42,Kolkata
CLM0044878,KOL_01789,Park Street,2020-08-24,17,0,0,0,0,1,0,0,0,0,0.0,0.154895,0,0.0,0,203,3,3,0.9542,0.1424,GREEN,38,Kolkata
CLM0044879,KOL_02395,Behala,2022-05-15,10,0,0,0,0,0,0,0,1,0,0.0,0.352889,0,0.0,0,305,2,5,0.9567,0.07,GREEN,39,Kolkata
CLM0044880,KOL_07854,Park Street,2023-09-11,10,0,0,0,0,0,0,0,1,0,0.0,0.921945,0,0.0,0,149,1,2,0.5143,0.1278,GREEN,51,Kolkata
CLM0044881,KOL_01175,Dum Dum,2016-12-15,7,0,0,0,0,0,0,0,0,0,0.0,0.316913,0,1.0,0,311,0,0,0.8761,0.0916,GREEN,43,Kolkata
CLM0044882,KOL_01103,Park Street,2017-03-30,9,0,0,0,0,0,0,0,1,0,0.0,1.0,0,0.0,0,190,4,3,0.8921,0.1522,GREEN,47,Kolkata
CLM0044883,KOL_08371,New Town,2019-12-18,16,0,0,0,1,0,0,0,0,0,0.0,0.068703,0,0.0,0,420,0,1,0.8547,0.2466,GREEN,47,Kolkata
CLM0044884,KOL_07567,Tollygunge,2022-07-02,16,0,0,0,0,1,0,0,1,0,1.0,0.113685,0,0.0,0,420,1,4,0.6264,0.2488,GREEN,39,Kolkata
CLM0044885,KOL_03485,Dum Dum,2024-07-13,13,0,0,0,0,0,0,0,0,0,0.0,0.385536,0,0.0,0,119,3,3,0.1607,0.0,GREEN,39,Kolkata
CLM0044886,KOL_05652,Salt Lake,2023-11-17,16,0,0,0,0,0,0,1,0,0,0.0,0.0,0,0.0,0,420,3,5,0.0829,0.1136,GREEN,50,Kolkata
CLM0044887,KOL_07730,Behala,2025-06-11,21,0,0,0,0,0,0,0,0,0,0.0,0.332234,0,0.0,0,377,4,2,0.98,0.0,GREEN,29,Kolkata
CLM0044888,KOL_00493,Sealdah,2025-04-07,20,0,0,0,0,0,0,0,0,0,0.0,0.375206,1,0.0,0,27,3,4,0.7191,0.049,GREEN,42,Kolkata
CLM0044889,KOL_07459,Behala,2025-08-26,9,0,0,0,0,0,0,0,1,0,0.0,1.0,0,0.0,0,91,1,0,0.5092,0.0885,GREEN,23,Kolkata
CLM0044890,KOL_00819,Esplanade,2023-12-31,19,0,0,0,0,0,0,0,0,0,0.0,0.051292,0,0.0,0,54,1,2,0.8039,0.0,GREEN,40,Kolkata
CLM0044891,KOL_07191,Behala,2024-01-27,19,0,0,0,0,0,1,0,0,0,1.0,0.172758,0,0.0,0,91,2,0,0.6243,0.1306,GREEN,20,Kolkata
CLM0044892,KOL_08999,Howrah,2023-05-03,18,0,0,0,0,0,0,0,0,0,0.0,0.374554,0,0.0,0,420,1,2,0.6872,0.0982,GREEN,55,Kolkata
CLM0044893,KOL_00342,Howrah,2024-11-30,8,0,0,0,0,0,0,0,0,0,0.0,0.22638,0,0.0,0,121,2,3,0.7647,0.0331,GREEN,41,Kolkata
CLM0044894,KOL_05499,Park Street,2023-02-20,12,0,0,0,0,0,0,0,0,0,1.0,0.002269,0,0.0,0,239,1,5,0.7109,0.1059,GREEN,43,Kolkata
CLM0044895,KOL_07501,Dum Dum,2023-10-13,7,0,0,0,0,0,0,0,0,0,0.0,0.0,0,0.0,0,208,3,5,0.6119,0.0384,GREEN,27,Kolkata
CLM0044896,KOL_05251,Tollygunge,2023-06-03,16,0,0,0,0,0,0,0,0,0,0.0,0.217993,0,0.0,0,420,2,3,0.7179,0.0001,GREEN,41,Kolkata
CLM0044897,KOL_05209,New Town,2023-09-26,11,0,0,0,0,0,0,0,0,0,0.0,0.051978,0,0.0,0,414,0,6,0.05,0.0273,GREEN,31,Kolkata
CLM0044898,KOL_06519,Dum Dum,2022-07-27,10,0,0,0,0,0,1,0,0,0,0.0,0.157753,0,0.0,0,120,2,0,0.537,0.0586,GREEN,25,Kolkata
CLM0044899,KOL_07581,Howrah,2023-07-07,18,0,0,0,0,0,0,0,0,0,0.0,0.360979,0,0.0,0,197,3,3,0.2367,0.0664,GREEN,39,Kolkata
CLM0044900,KOL_05484,Garia,2022-10-04,16,0,0,0,0,0,0,0,0,0,1.0,0.099468,0,0.0,0,157,2,0,0.5976,0.0652,GREEN,35,Kolkata
CLM0044901,KOL_06064,Esplanade,2024-03-02,8,0,1,1,0,0,0,0,0,0,0.0,0.313106,0,0.0,0,307,1,4,0.7196,0.0368,GREEN,48,Kolkata
CLM0044902,KOL_02309,Tollygunge,2024-02-14,19,0,0,0,0,0,0,0,0,0,1.0,0.317449,0,0.0,0,419,3,5,0.8874,0.0945,GREEN,43,Kolkata
CLM0044903,KOL_07883,Sealdah,2025-01-20,11,0,0,0,0,0,0,0,0,0,0.0,0.24507,1,0.0,0,420,1,3,0.8901,0.0,GREEN,41,Kolkata
CLM0044904,KOL_03903,Esplanade,2023-05-12,18,0,0,0,0,0,0,0,0,0,0.0,0.311135,0,0.0,0,139,4,7,0.5506,0.0316,GREEN,33,Kolkata
CLM0044905,KOL_02152,Sealdah,2024-09-07,13,0,0,0,0,0,0,0,0,0,0.0,0.039222,0,0.0,0,102,0,5,0.1002,0.0,GREEN,25,Kolkata
CLM0044906,KOL_07919,Esplanade,2024-07-20,8,0,0,0,0,0,0,0,1,0,0.0,0.30133,0,0.0,0,218,4,3,0.845,0.097,GREEN,55,Kolkata
CLM0044907,KOL_02768,Salt Lake,2023-02-14,18,0,0,0,0,0,0,0,0,0,1.0,0.175346,0,0.0,0,255,3,0,0.3275,0.1066,GREEN,38,Kolkata
CLM0044908,KOL_02546,Howrah,2024-04-27,15,0,0,0,0,0,1,0,0,0,0.0,0.046736,0,0.0,0,195,2,5,0.6728,0.0289,GREEN,18,Kolkata
CLM0044909,KOL_02811,Tollygunge,2024-12-14,19,0,0,0,1,0,0,0,0,0,0.0,0.175259,0,0.0,0,308,2,0,0.4818,0.1472,GREEN,31,Kolkata
CLM0044910,KOL_03799,Behala,2023-04-26,10,0,0,0,0,0,0,0,0,0,1.0,0.0,0,1.0,0,420,0,4,0.8328,0.1109,GREEN,25,Kolkata
CLM0044911,KOL_00263,Esplanade,2025-03-17,13,0,0,0,0,0,0,0,0,0,1.0,0.107691,0,0.0,0,420,2,4,0.8159,0.0664,GREEN,42,Kolkata
CLM0044912,KOL_06325,Salt Lake,2023-12-03,8,0,0,0,0,0,0,0,0,0,1.0,0.253361,0,0.0,0,420,3,0,0.6416,0.0559,GREEN,55,Kolkata
CLM0044913,KOL_04398,Salt Lake,2025-02-19,8,0,0,0,0,1,0,0,0,0,0.0,0.186648,0,0.0,0,348,3,3,0.7016,0.1789,GREEN,41,Kolkata
CLM0044914,KOL_09893,Salt Lake,2025-03-22,9,0,0,0,0,0,0,0,0,0,1.0,1.0,0,1.0,0,23,3,3,0.2585,0.0044,GREEN,28,Kolkata
CLM0044915,KOL_07940,Tollygunge,2025-11-23,15,0,0,0,0,0,0,0,0,0,0.0,0.011695,0,0.0,0,161,0,6,0.8617,0.0,GREEN,46,Kolkata
CLM0044916,KOL_02807,New Town,2021-08-12,9,0,0,0,1,0,0,0,0,0,0.0,0.068658,0,0.0,0,12,3,3,0.6892,0.1357,GREEN,35,Kolkata
CLM0044917,KOL_05587,New Town,2024-01-10,10,0,0,0,0,0,0,0,0,0,0.0,0.197243,0,0.0,0,40,1,0,0.1715,0.0147,GREEN,21,Kolkata
CLM0044918,KOL_07170,Sealdah,2021-11-18,8,0,0,0,0,0,0,0,0,0,0.0,0.238586,0,0.0,0,165,1,1,0.98,0.0,GREEN,45,Kolkata
CLM0044919,KOL_08008,Howrah,2021-06-02,7,0,0,0,1,0,0,0,0,0,0.0,0.0,0,0.0,0,234,4,4,0.637,0.1824,GREEN,26,Kolkata
CLM0044920,KOL_04053,Salt Lake,2025-01-25,8,0,0,0,0,0,0,0,0,0,0.0,0.199821,0,0.0,0,194,1,0,0.9643,0.0267,GREEN,31,Kolkata
CLM0044921,KOL_06675,Salt Lake,2024-10-18,12,0,0,0,0,0,0,0,0,0,0.0,0.42246,0,0.0,0,213,3,0,0.5982,0.0,GREEN,28,Kolkata
CLM0044922,KOL_09089,Sealdah,2024-02-10,14,0,0,0,0,0,0,0,0,1,1.0,0.305683,0,0.0,0,128,4,0,0.4093,0.2227,GREEN,41,Kolkata
CLM0044923,KOL_01020,Salt Lake,2025-01-12,8,0,0,0,0,0,0,0,0,0,0.0,0.282438,0,0.0,1,33,4,0,0.7911,0.0849,GREEN,41,Kolkata
CLM0044924,KOL_04546,Tollygunge,2024-09-03,13,0,0,0,0,0,0,0,0,0,0.0,0.179749,1,0.0,0,43,3,3,0.9254,0.0839,GREEN,18,Kolkata
CLM0044925,KOL_00424,Sealdah,2023-10-01,9,0,0,0,1,0,0,0,1,0,0.0,0.274784,0,0.0,0,97,1,1,0.6381,0.1751,GREEN,34,Kolkata
CLM0044926,KOL_09571,New Town,2025-10-15,12,0,0,0,0,0,0,0,0,0,0.0,0.379582,0,0.0,0,44,3,5,0.8281,0.0,GREEN,37,Kolkata
CLM0044927,KOL_08068,New Town,2024-07-04,18,0,0,0,0,0,1,0,0,0,0.0,0.015442,0,0.0,0,126,0,0,0.6335,0.0406,GREEN,34,Kolkata
CLM0044928,KOL_05242,Garia,2023-10-14,9,0,0,0,0,0,0,0,0,0,1.0,0.200017,0,0.0,0,146,0,2,0.9734,0.0726,GREEN,40,Kolkata
CLM0044929,KOL_01311,Behala,2024-04-22,21,0,0,0,0,0,0,0,0,0,0.0,0.10775,0,0.0,0,234,4,2,0.7155,0.0,GREEN,32,Kolkata
CLM0044930,KOL_03469,Garia,2024-02-27,19,0,0,0,0,0,0,0,0,0,1.0,0.40722,0,0.0,0,130,2,1,0.7901,0.0,GREEN,18,Kolkata
CLM0044931,KOL_01251,Sealdah,2025-08-03,11,0,0,0,0,0,0,0,0,0,1.0,0.132576,0,0.0,1,176,1,2,0.9202,0.224,GREEN,18,Kolkata
CLM0044932,KOL_03116,Salt Lake,2025-12-24,20,0,0,0,0,0,0,0,0,0,0.0,0.332617,0,0.0,0,398,1,3,0.6568,0.0312,GREEN,35,Kolkata
CLM0044933,KOL_07578,Park Street,2024-01-09,12,0,0,0,0,0,0,0,1,0,1.0,0.093519,0,0.0,0,235,2,4,0.7543,0.2117,GREEN,43,Kolkata
CLM0044934,KOL_08631,Esplanade,2024-04-15,13,0,0,0,0,0,0,0,0,0,0.0,0.236181,0,0.0,0,420,1,5,0.5976,0.0,GREEN,44,Kolkata
CLM0044935,KOL_01139,Howrah,2024-08-26,9,0,0,0,0,0,0,1,0,1,1.0,0.931171,0,0.0,1,6,1,18,0.3586,0.0588,GREEN,58,Kolkata
CLM0044936,KOL_05084,Park Street,2025-04-21,16,0,0,0,1,0,0,0,0,0,0.0,0.240084,0,0.0,0,392,1,1,0.98,0.148,GREEN,19,Kolkata
CLM0044937,KOL_03782,New Town,2021-10-19,13,0,0,0,0,0,0,0,0,0,0.0,1.0,0,0.0,1,296,2,6,0.9132,0.0073,GREEN,48,Kolkata
CLM0044938,KOL_00808,Sealdah,2024-07-23,13,0,0,0,0,0,0,0,0,0,0.0,0.294579,0,0.0,0,52,4,3,0.1964,0.0,GREEN,29,Kolkata
CLM0044939,KOL_09097,Park Street,2022-07-31,12,0,0,0,0,0,0,0,0,0,0.0,0.235193,0,0.0,0,204,2,4,0.967,0.0383,GREEN,41,Kolkata
CLM0044940,KOL_00365,Behala,2022-12-29,20,0,0,0,0,0,0,0,0,0,0.0,0.268396,0,0.0,1,271,1,9,0.3598,0.1113,GREEN,48,Kolkata
CLM0044941,KOL_01743,Sealdah,2023-07-17,7,0,0,0,1,1,1,1,1,1,1.0,1.0,0,0.0,1,5,3,18,0.2956,0.0,GREEN,38,Kolkata
CLM0044942,KOL_09096,New Town,2024-05-16,13,0,0,0,0,0,0,0,1,0,0.0,0.372623,0,0.0,0,394,3,0,0.5647,0.1504,GREEN,36,Kolkata
CLM0044943,KOL_01850,Esplanade,2023-04-30,21,0,0,0,0,0,0,0,0,0,0.0,0.923531,0,0.0,0,154,0,0,0.05,0.1258,GREEN,29,Kolkata
CLM0044944,KOL_02892,Park Street,2022-06-04,9,0,0,0,0,0,0,0,0,0,0.0,1.0,0,0.0,0,420,4,5,0.7624,0.0,GREEN,33,Kolkata
CLM0044945,KOL_04058,Park Street,2019-02-14,20,0,0,0,1,1,0,0,0,1,0.0,0.136846,0,0.0,0,20,1,18,0.299,0.1138,GREEN,24,Kolkata
CLM0044946,KOL_08825,New Town,2019-10-03,15,0,0,0,0,0,0,0,0,0,0.0,0.33632,1,0.0,0,145,2,5,0.6461,0.0751,GREEN,41,Kolkata
CLM0044947,KOL_00872,Esplanade,2021-01-21,19,0,0,0,1,0,1,1,0,1,0.0,0.168667,0,0.0,0,420,4,4,0.9317,0.4009,YELLOW,21,Kolkata
CLM0044948,KOL_07134,Behala,2017-05-16,12,0,0,0,0,0,0,0,0,0,0.0,0.350533,0,0.0,0,384,1,5,0.7088,0.0,GREEN,29,Kolkata
CLM0044949,KOL_00678,Howrah,2017-12-11,12,0,0,0,0,0,0,0,0,0,0.0,0.291646,0,0.0,0,240,3,5,0.8335,0.0237,GREEN,42,Kolkata
CLM0044950,KOL_07111,Dum Dum,2016-11-04,20,0,0,0,0,0,0,0,0,0,0.0,0.00672,0,0.0,0,376,4,3,0.723,0.0,GREEN,39,Kolkata
CLM0044951,KOL_01672,Tollygunge,2017-04-09,20,0,0,0,0,0,0,0,0,0,0.0,1.0,1,0.0,0,66,2,2,0.5226,0.0,GREEN,30,Kolkata
CLM0044952,KOL_04442,Esplanade,2020-10-25,17,0,1,1,0,0,1,1,0,0,0.0,0.259173,0,0.0,0,317,4,0,0.9509,0.2151,GREEN,24,Kolkata
CLM0044953,KOL_04469,Behala,2025-03-20,16,0,0,0,0,0,1,0,0,0,0.0,0.229464,1,0.0,0,152,1,0,0.9415,0.2301,GREEN,39,Kolkata
CLM0044954,KOL_09128,Behala,2019-03-08,21,0,0,0,0,0,0,0,1,0,0.0,0.185498,0,0.0,0,235,2,4,0.5147,0.1293,GREEN,40,Kolkata
CLM0044955,KOL_02322,Garia,2025-05-23,11,0,0,0,0,0,0,0,0,0,1.0,0.45836,0,0.0,0,30,3,2,0.7468,0.1198,GREEN,32,Kolkata
CLM0044956,KOL_00113,Park Street,2023-10-19,10,0,0,0,0,0,0,1,0,0,0.0,0.163873,0,0.0,0,384,0,2,0.2129,0.105,GREEN,32,Kolkata
CLM0044957,KOL_08364,Tollygunge,2024-07-17,7,0,0,0,0,0,0,0,0,0,0.0,0.060983,0,0.0,1,287,1,3,0.9739,0.056,GREEN,23,Kolkata
CLM0044958,KOL_08949,New Town,2024-08-25,9,0,0,0,0,0,0,1,1,0,0.0,0.942467,0,0.0,0,214,4,2,0.6622,0.1037,GREEN,34,Kolkata
CLM0044959,KOL_00323,Garia,2022-12-04,20,0,1,1,0,0,1,0,0,0,0.0,0.0,0,0.0,0,235,4,0,0.7272,0.0506,GREEN,40,Kolkata
CLM0044960,KOL_01060,Behala,2024-10-25,11,0,0,0,0,0,0,0,0,0,0.0,0.281765,0,0.0,0,25,3,2,0.5832,0.0,GREEN,32,Kolkata
CLM0044961,KOL_03068,Park Street,2025-05-19,10,0,0,0,0,0,0,0,0,0,0.0,0.352413,0,0.0,0,131,1,0,0.7517,0.0,GREEN,33,Kolkata
CLM0044962,KOL_02050,Tollygunge,2023-06-06,19,0,0,0,0,0,1,0,0,0,0.0,0.039776,0,0.0,0,382,4,2,0.6605,0.1162,GREEN,45,Kolkata
CLM0044963,KOL_09174,Dum Dum,2023-01-27,18,0,0,0,0,0,0,0,0,0,0.0,0.285919,0,0.0,0,208,4,3,0.98,0.0,GREEN,36,Kolkata
CLM0044964,KOL_01105,Dum Dum,2025-05-06,19,0,0,0,0,0,0,0,1,0,0.0,0.349805,0,0.0,0,276,1,4,0.98,0.1282,GREEN,37,Kolkata
CLM0044965,KOL_08148,Park Street,2025-02-18,20,0,0,0,0,0,0,0,1,0,0.0,0.049374,0,0.0,0,238,4,0,0.7375,0.0516,GREEN,33,Kolkata
CLM0044966,KOL_03121,Howrah,2016-07-22,9,0,0,0,0,0,1,0,0,0,0.0,0.270277,0,0.0,0,111,3,2,0.98,0.0036,GREEN,43,Kolkata
CLM0044967,KOL_05265,Behala,2017-04-18,16,0,0,0,0,1,0,0,0,0,0.0,0.322041,0,0.0,0,420,2,3,0.8662,0.0292,GREEN,37,Kolkata
CLM0044968,KOL_06994,Tollygunge,2021-01-20,12,0,0,0,1,1,1,1,0,1,1.0,1.0,1,1.0,0,14,0,18,0.1577,0.1166,GREEN,41,Kolkata
CLM0044969,KOL_08294,Salt Lake,2018-06-14,20,0,0,0,0,0,0,0,0,1,0.0,1.0,0,1.0,0,149,0,3,0.6006,0.1214,GREEN,31,Kolkata
CLM0044970,KOL_02315,New Town,2017-02-11,13,0,0,0,0,0,0,0,0,0,0.0,0.21013,0,0.0,0,420,0,1,0.886,0.0747,GREEN,43,Kolkata
CLM0044971,KOL_07508,Sealdah,2016-01-26,18,0,0,0,0,0,0,0,0,0,0.0,0.158241,0,0.0,0,420,0,2,0.9384,0.0,GREEN,33,Kolkata
CLM0044972,KOL_03428,Howrah,2024-01-23,18,0,0,0,0,0,1,0,1,0,0.0,0.067667,0,0.0,0,323,3,1,0.9541,0.1816,GREEN,33,Kolkata
CLM0044973,KOL_09741,Garia,2023-06-19,12,0,1,1,0,0,0,0,0,0,0.0,0.143543,0,0.0,0,278,2,4,0.1312,0.0,GREEN,46,Kolkata
CLM0044974,KOL_03522,New Town,2021-02-16,7,0,0,0,0,0,0,0,0,0,0.0,0.35552,0,1.0,0,420,4,3,0.2226,0.0,GREEN,39,Kolkata
CLM0044975,KOL_02918,Sealdah,2022-04-04,20,0,1,1,0,0,0,0,0,0,0.0,0.251304,0,0.0,0,298,1,0,0.5473,0.073,GREEN,35,Kolkata
CLM0044976,KOL_00437,Park Street,2016-07-14,16,0,0,0,0,0,0,0,0,0,0.0,0.389243,0,0.0,0,420,4,3,0.98,0.0,GREEN,30,Kolkata
CLM0044977,KOL_02084,Dum Dum,2025-09-12,11,0,0,0,0,0,0,0,0,0,0.0,0.405124,0,0.0,0,420,0,5,0.5456,0.0,GREEN,18,Kolkata
CLM0044978,KOL_05208,Garia,2023-05-02,20,0,0,0,0,0,0,0,0,0,0.0,1.0,0,0.0,0,22,4,0,0.7544,0.0617,GREEN,31,Kolkata
CLM0044979,KOL_06764,Esplanade,2020-04-10,15,0,0,0,0,0,0,0,0,1,0.0,0.043928,0,0.0,0,192,3,0,0.883,0.1083,GREEN,45,Kolkata
CLM0044980,KOL_07507,Sealdah,2019-09-23,11,0,0,0,0,0,1,0,1,0,0.0,0.99977,0,0.0,0,270,0,0,0.9554,0.203,GREEN,29,Kolkata
CLM0044981,KOL_09276,Sealdah,2016-04-07,18,0,0,0,0,0,0,0,0,0,0.0,0.162067,0,0.0,1,363,2,1,0.8311,0.1149,GREEN,28,Kolkata
CLM0044982,KOL_07674,New Town,2017-11-28,20,0,0,0,0,0,0,0,1,0,0.0,0.0291,0,0.0,0,259,0,0,0.7251,0.1404,GREEN,39,Kolkata
CLM0044983,KOL_07952,Sealdah,2024-12-03,12,0,0,0,0,0,0,0,0,0,0.0,0.37084,0,0.0,0,87,3,3,0.543,0.0733,GREEN,55,Kolkata
CLM0044984,KOL_05385,Sealdah,2025-09-11,8,0,0,0,0,0,0,0,1,0,0.0,1.0,0,0.0,0,378,0,4,0.084,0.0905,GREEN,28,Kolkata
CLM0044985,KOL_04074,Esplanade,2025-11-09,13,0,0,0,0,1,0,0,0,0,0.0,0.189219,0,0.0,0,189,0,8,0.7897,0.123,GREEN,25,Kolkata
CLM0044986,KOL_09007,Garia,2025-12-12,21,0,0,0,0,0,0,0,0,0,0.0,0.131945,0,0.0,0,420,2,1,0.8258,0.0061,GREEN,34,Kolkata
CLM0044987,KOL_00303,Behala,2025-12-01,14,0,0,0,0,1,0,0,0,0,1.0,0.322287,0,0.0,0,183,4,1,0.9087,0.2193,GREEN,37,Kolkata
CLM0044988,KOL_00896,Howrah,2024-12-26,19,0,0,0,0,0,0,0,0,0,0.0,0.172438,0,0.0,0,420,2,0,0.5151,0.033,GREEN,50,Kolkata
CLM0044989,KOL_03800,Esplanade,2016-05-11,15,0,0,0,0,0,0,0,0,0,0.0,0.969485,0,0.0,0,52,3,0,0.7168,0.0583,GREEN,30,Kolkata
CLM0044990,KOL_08264,Howrah,2023-03-03,11,0,0,0,0,0,0,0,0,0,0.0,0.392292,0,0.0,0,16,3,1,0.9663,0.0,GREEN,38,Kolkata
CLM0044991,KOL_03907,Esplanade,2022-02-11,12,0,0,0,0,0,0,0,0,0,0.0,0.330482,0,0.0,0,331,0,0,0.9639,0.0383,GREEN,25,Kolkata
CLM0044992,KOL_01430,Sealdah,2025-02-20,21,0,0,0,0,1,0,0,0,0,0.0,0.124729,1,0.0,0,121,2,7,0.8967,0.3442,YELLOW,30,Kolkata
CLM0044993,KOL_01276,Garia,2023-03-13,11,0,0,0,0,0,0,0,0,0,0.0,0.0,0,0.0,1,110,1,2,0.05,0.1046,GREEN,40,Kolkata
CLM0044994,KOL_02187,Dum Dum,2024-09-08,9,0,0,0,0,0,0,0,1,0,0.0,0.222541,0,0.0,0,97,3,3,0.8954,0.1378,GREEN,48,Kolkata
CLM0044995,KOL_06882,New Town,2024-08-09,19,0,0,0,0,0,0,0,0,0,0.0,0.20257,0,0.0,0,285,1,2,0.6258,0.0,GREEN,38,Kolkata
CLM0044996,KOL_07459,Behala,2023-12-30,15,0,0,0,0,0,0,0,0,0,0.0,1.0,1,0.0,0,420,2,3,0.503,0.0,GREEN,23,Kolkata
CLM0044997,KOL_04003,Howrah,2024-04-03,19,0,0,0,0,0,0,0,0,0,0.0,0.018619,0,0.0,0,358,3,3,0.7596,0.0,GREEN,33,Kolkata
CLM0044998,KOL_06179,Dum Dum,2019-07-08,12,0,0,0,0,0,0,0,0,0,0.0,0.080564,0,0.0,0,420,0,5,0.8113,0.0763,GREEN,43,Kolkata
CLM0044999,KOL_09976,Tollygunge,2024-07-15,14,0,0,0,0,0,0,0,0,0,0.0,1.0,0,0.0,0,257,1,3,0.9421,0.0,GREEN,35,Kolkata
CLM0045000,KOL_01387,New Town,2019-05-13,17,0,0,0,0,1,1,0,0,0,1.0,0.982127,0,1.0,0,235,1,2,0.5747,0.1823,GREEN,47,Kolkata
CLM0045001,KOL_01381,Salt Lake,2019-05-10,14,0,0,0,1,0,0,0,0,0,1.0,0.315439,0,0.0,0,420,1,3,0.6447,0.0684,GREEN,42,Kolkata
CLM0045002,KOL_05267,Salt Lake,2022-10-22,19,0,1,1,0,0,1,0,0,0,0.0,0.161345,0,0.0,0,15,3,0,0.0991,0.104,GREEN,24,Kolkata
CLM0045003,KOL_04494,Behala,2025-12-28,7,0,0,0,0,0,0,0,0,0,0.0,0.14189,0,0.0,0,237,4,2,0.7681,0.0,GREEN,37,Kolkata
CLM0045004,KOL_07302,Salt Lake,2018-02-04,12,0,0,0,0,0,0,0,0,0,0.0,0.0,0,0.0,0,297,1,1,0.6626,0.0389,GREEN,34,Kolkata
CLM0045005,KOL_07336,Howrah,2025-02-14,14,0,0,0,0,0,0,0,0,0,0.0,0.3156,0,0.0,0,420,4,1,0.9786,0.0262,GREEN,18,Kolkata
CLM0045006,KOL_05879,Garia,2023-05-24,18,0,0,0,0,1,0,0,0,0,0.0,0.007078,0,0.0,0,15,0,3,0.812,0.0381,GREEN,25,Kolkata
CLM0045007,KOL_02593,Howrah,2024-03-04,14,0,0,0,0,0,0,0,0,0,0.0,0.145427,0,0.0,0,350,0,1,0.5726,0.0,GREEN,46,Kolkata
CLM0045008,KOL_04656,Salt Lake,2024-05-10,13,0,0,0,0,0,0,0,0,0,0.0,0.214637,0,0.0,1,345,3,0,0.9092,0.0,GREEN,44,Kolkata
CLM0045009,KOL_02903,New Town,2025-12-27,11,0,0,0,0,0,0,0,0,0,0.0,0.261068,0,0.0,0,214,3,6,0.3617,0.0627,GREEN,54,Kolkata
CLM0045010,KOL_01464,Sealdah,2024-07-31,13,0,0,0,0,0,0,0,0,0,0.0,0.327866,0,0.0,0,387,3,5,0.737,0.0,GREEN,45,Kolkata
CLM0045011,KOL_07827,Sealdah,2025-10-19,16,0,0,0,0,0,0,0,0,0,0.0,0.111695,0,0.0,0,324,4,0,0.8493,0.0,GREEN,27,Kolkata
CLM0045012,KOL_05496,Howrah,2025-11-11,13,0,0,0,0,0,0,0,0,0,1.0,0.108394,0,0.0,0,420,0,1,0.6092,0.0267,GREEN,46,Kolkata
CLM0045013,KOL_06127,Dum Dum,2023-08-29,7,0,0,0,0,0,1,0,0,0,0.0,0.136232,0,0.0,1,420,3,0,0.05,0.1752,GREEN,40,Kolkata
CLM0045014,KOL_07731,Sealdah,2022-03-22,18,0,0,0,0,0,0,0,0,0,1.0,0.362419,0,0.0,0,207,4,2,0.838,0.0731,GREEN,19,Kolkata
CLM0045015,KOL_08783,Tollygunge,2022-04-21,13,0,0,0,0,0,0,0,0,0,0.0,0.163123,0,0.0,0,335,1,4,0.1356,0.0,GREEN,39,Kolkata
CLM0045016,KOL_02926,Dum Dum,2025-02-05,7,0,0,0,0,0,0,0,0,0,0.0,0.178775,0,0.0,0,299,0,3,0.98,0.0,GREEN,45,Kolkata
CLM0045017,KOL_01435,Dum Dum,2022-12-03,13,0,0,0,0,0,0,0,0,0,1.0,0.947471,0,0.0,0,324,4,2,0.7773,0.0923,GREEN,45,Kolkata
CLM0045018,KOL_08308,New Town,2023-03-02,7,0,0,0,0,0,0,0,0,0,0.0,0.385861,0,0.0,0,420,1,0,0.6009,0.1046,GREEN,31,Kolkata
CLM0045019,KOL_06362,Behala,2023-10-26,13,0,0,0,0,1,0,0,0,1,0.0,0.038716,0,0.0,1,132,2,0,0.6167,0.2133,GREEN,26,Kolkata
CLM0045020,KOL_07388,New Town,2022-09-19,13,0,0,0,0,0,0,0,0,0,0.0,0.220255,0,0.0,0,123,4,0,0.2071,0.0,GREEN,41,Kolkata
CLM0045021,KOL_07642,New Town,2022-09-19,8,0,0,0,1,0,0,0,0,0,0.0,0.355527,0,0.0,1,377,3,3,0.8769,0.109,GREEN,29,Kolkata
CLM0045022,KOL_00001,Esplanade,2022-07-15,18,0,0,0,0,0,0,0,0,0,0.0,0.989157,0,0.0,0,72,1,2,0.5385,0.0,GREEN,36,Kolkata
CLM0045023,KOL_05194,New Town,2025-12-23,20,0,0,0,1,1,0,0,1,0,0.0,0.25412,0,1.0,0,420,3,3,0.8393,0.46,YELLOW,41,Kolkata
CLM0045024,KOL_09177,Howrah,2024-12-25,8,0,0,0,0,0,0,0,0,0,0.0,0.295759,0,0.0,0,420,1,2,0.98,0.0816,GREEN,42,Kolkata
CLM0045025,KOL_01303,Park Street,2025-07-31,13,0,0,0,0,0,0,0,0,0,0.0,0.016343,0,0.0,0,294,1,1,0.8966,0.0,GREEN,42,Kolkata
CLM0045026,KOL_00089,Behala,2025-02-13,9,0,0,0,0,0,0,0,0,0,0.0,0.304244,0,0.0,0,177,1,1,0.05,0.0,GREEN,29,Kolkata
CLM0045027,KOL_02457,Park Street,2024-05-29,19,0,0,0,0,0,0,0,1,0,0.0,0.201105,0,0.0,0,403,2,2,0.6683,0.1203,GREEN,37,Kolkata
CLM0045028,KOL_07626,Salt Lake,2024-05-09,10,0,0,0,0,0,0,0,0,0,0.0,0.309386,0,0.0,0,420,1,6,0.517,0.0,GREEN,45,Kolkata
CLM0045029,KOL_07408,Sealdah,2024-12-23,13,0,0,0,0,0,0,0,0,0,0.0,0.080524,0,0.0,0,192,1,0,0.7415,0.0,GREEN,39,Kolkata
CLM0045030,KOL_06055,Dum Dum,2024-03-30,15,0,0,0,0,0,0,0,0,0,0.0,0.345282,0,0.0,0,419,3,1,0.6348,0.0028,GREEN,44,Kolkata
CLM0045031,KOL_01863,Behala,2024-01-18,15,0,0,0,0,0,0,0,0,0,0.0,0.191806,0,0.0,0,420,2,3,0.2363,0.0,GREEN,36,Kolkata
CLM0045032,KOL_07787,Esplanade,2024-07-17,21,0,0,0,1,1,0,0,0,0,0.0,0.109801,1,0.0,0,23,0,18,0.7947,0.0,GREEN,18,Kolkata
CLM0045033,KOL_05902,Dum Dum,2023-07-09,13,0,0,0,0,0,1,0,0,0,0.0,0.165739,0,0.0,0,318,3,1,0.7121,0.1057,GREEN,30,Kolkata
CLM0045034,KOL_05026,Howrah,2023-08-05,21,0,0,0,0,0,0,0,0,0,0.0,0.252485,0,0.0,0,420,1,0,0.7904,0.0337,GREEN,42,Kolkata
CLM0045035,KOL_01511,Behala,2025-11-01,20,0,0,0,0,0,0,0,0,0,0.0,0.072839,0,0.0,0,235,4,7,0.6762,0.0274,GREEN,21,Kolkata
CLM0045036,KOL_00589,Park Street,2025-11-02,7,0,0,0,0,0,0,0,0,1,0.0,0.416755,0,0.0,1,93,3,2,0.6536,0.2129,GREEN,38,Kolkata
CLM0045037,KOL_01702,Behala,2023-01-07,9,0,0,0,0,0,0,0,0,0,0.0,0.076372,0,0.0,0,145,1,2,0.4679,0.0211,GREEN,41,Kolkata
CLM0045038,KOL_07744,Garia,2025-12-19,7,0,0,0,0,0,1,0,0,0,0.0,0.228418,0,0.0,0,150,0,3,0.7707,0.1085,GREEN,41,Kolkata
CLM0045039,KOL_04501,Howrah,2024-02-23,17,0,0,0,0,0,0,0,0,0,0.0,0.268542,0,0.0,0,294,3,0,0.8741,0.0,GREEN,18,Kolkata
CLM0045040,KOL_08220,Dum Dum,2024-03-28,17,0,0,0,0,0,0,0,0,1,0.0,0.19609,0,0.0,0,5,1,2,0.6886,0.1839,GREEN,37,Kolkata
CLM0045041,KOL_08574,Sealdah,2025-01-09,20,0,0,0,1,0,0,0,0,0,0.0,0.2138,0,0.0,0,420,2,0,0.2687,0.1869,GREEN,40,Kolkata
CLM0045042,KOL_03896,Dum Dum,2025-07-04,10,0,0,0,0,0,0,0,1,0,0.0,0.336458,0,0.0,0,420,4,4,0.2113,0.1919,GREEN,34,Kolkata
CLM0045043,KOL_03544,Dum Dum,2025-03-08,11,0,0,0,0,0,0,0,0,0,0.0,0.207778,0,0.0,0,17,2,3,0.597,0.0562,GREEN,24,Kolkata
CLM0045044,KOL_08368,Park Street,2025-12-14,14,0,0,0,0,0,0,0,0,0,0.0,0.286908,0,0.0,0,31,4,0,0.6143,0.0,GREEN,23,Kolkata
CLM0045045,KOL_05698,Tollygunge,2025-06-04,11,0,0,0,0,0,0,0,0,0,1.0,0.305818,0,0.0,0,420,2,5,0.5352,0.0411,GREEN,32,Kolkata
CLM0045046,KOL_08210,Behala,2025-08-22,14,0,0,0,0,0,0,0,0,0,0.0,0.152606,0,0.0,0,85,2,3,0.2384,0.1359,GREEN,35,Kolkata
CLM0045047,KOL_07015,Park Street,2025-06-18,21,0,0,0,0,0,0,1,0,0,0.0,0.080203,0,0.0,0,120,3,2,0.738,0.1183,GREEN,28,Kolkata
CLM0045048,KOL_04628,Salt Lake,2025-09-05,14,0,0,0,0,1,0,0,0,0,0.0,0.062195,0,0.0,0,378,4,2,0.8833,0.0643,GREEN,23,Kolkata
CLM0045049,KOL_02291,Garia,2025-05-31,14,0,0,0,0,0,1,0,1,0,1.0,0.208024,0,0.0,0,351,3,6,0.9074,0.2759,GREEN,26,Kolkata
CLM0045050,KOL_07872,Park Street,2025-10-30,14,0,0,0,0,0,1,0,1,1,0.0,0.276743,0,0.0,0,409,0,4,0.9356,0.338,YELLOW,49,Kolkata
CLM0045051,KOL_00281,Howrah,2025-01-28,7,0,0,0,0,0,0,0,0,0,0.0,0.037349,1,0.0,0,338,0,2,0.88,0.044,GREEN,34,Kolkata
CLM0045052,KOL_06793,Dum Dum,2025-05-30,10,0,0,0,0,0,0,0,1,0,0.0,0.093992,0,0.0,0,84,4,4,0.5197,0.0691,GREEN,40,Kolkata
CLM0045053,KOL_03713,Garia,2025-09-16,12,0,0,0,0,0,0,0,0,0,0.0,0.015087,0,0.0,0,90,2,2,0.5911,0.0,GREEN,55,Kolkata
CLM0045054,KOL_03300,Howrah,2023-12-10,18,0,0,0,0,0,0,0,0,0,1.0,0.214392,1,0.0,0,203,4,6,0.8187,0.1217,GREEN,30,Kolkata
CLM0045055,KOL_00078,Park Street,2023-11-26,12,0,0,0,0,0,0,0,0,0,0.0,0.362049,0,0.0,0,420,1,1,0.98,0.0,GREEN,32,Kolkata
CLM0045056,KOL_06057,Behala,2025-06-07,16,0,0,0,0,0,0,0,1,0,0.0,0.315868,0,0.0,0,172,0,0,0.9483,0.0674,GREEN,21,Kolkata
CLM0045057,KOL_08656,Garia,2025-09-28,20,0,0,0,0,0,0,0,0,0,0.0,0.253425,0,0.0,0,129,3,4,0.893,0.0322,GREEN,32,Kolkata
CLM0045058,KOL_08988,Park Street,2025-10-02,11,0,0,0,0,0,0,0,0,0,0.0,0.259509,0,0.0,0,330,4,5,0.9207,0.0328,GREEN,42,Kolkata
CLM0045059,KOL_01532,Garia,2024-01-25,15,0,0,0,0,0,0,0,0,0,0.0,0.0,0,0.0,0,420,0,1,0.4989,0.0071,GREEN,58,Kolkata
CLM0045060,KOL_02749,Esplanade,2021-06-10,7,0,0,0,0,0,0,0,0,0,1.0,0.223625,0,1.0,0,212,1,4,0.6976,0.077,GREEN,26,Kolkata
CLM0045061,KOL_05342,Salt Lake,2025-03-12,7,0,0,0,0,0,0,0,0,0,1.0,0.100038,1,0.0,0,280,0,0,0.4694,0.1006,GREEN,36,Kolkata
CLM0045062,KOL_00826,Dum Dum,2021-05-30,10,0,0,0,0,0,0,0,0,0,0.0,0.364429,0,1.0,0,94,4,3,0.2813,0.0,GREEN,34,Kolkata
CLM0045063,KOL_06955,Behala,2025-12-18,15,0,0,0,0,0,0,0,0,0,1.0,0.302423,0,1.0,0,86,2,1,0.8786,0.0677,GREEN,41,Kolkata
CLM0045064,KOL_05943,Salt Lake,2024-08-17,16,0,0,0,0,0,0,0,1,0,0.0,0.023191,0,0.0,0,237,0,0,0.6389,0.075,GREEN,36,Kolkata
CLM0045065,KOL_01026,Dum Dum,2022-09-14,21,0,0,0,0,0,1,0,0,0,0.0,0.080109,0,0.0,0,420,1,1,0.8228,0.1286,GREEN,38,Kolkata
CLM0045066,KOL_07532,Tollygunge,2024-02-18,13,0,0,0,0,0,0,0,0,0,0.0,0.145364,0,0.0,0,147,3,3,0.8297,0.0,GREEN,35,Kolkata
CLM0045067,KOL_05346,Esplanade,2023-07-03,8,0,0,0,0,0,0,0,0,0,0.0,0.395044,0,0.0,0,316,2,2,0.173,0.0424,GREEN,18,Kolkata
CLM0045068,KOL_00091,Tollygunge,2025-12-21,10,0,0,0,0,0,0,0,0,0,0.0,0.084629,0,0.0,0,207,4,0,0.98,0.0,GREEN,49,Kolkata
CLM0045069,KOL_06045,Salt Lake,2024-05-22,13,0,0,0,0,0,0,0,0,0,1.0,0.226879,0,0.0,0,323,1,0,0.1568,0.1138,GREEN,18,Kolkata
CLM0045070,KOL_04871,Salt Lake,2022-07-01,9,0,0,0,0,0,0,0,0,0,0.0,0.156921,0,0.0,0,374,3,2,0.8564,0.006,GREEN,44,Kolkata
CLM0045071,KOL_02952,Behala,2023-04-12,12,0,0,0,0,0,0,0,0,0,0.0,0.314284,0,0.0,0,420,2,0,0.0806,0.1591,GREEN,32,Kolkata
CLM0045072,KOL_08397,New Town,2024-07-09,12,0,0,0,0,0,0,0,0,0,0.0,0.186936,0,0.0,0,294,2,0,0.6334,0.0,GREEN,32,Kolkata
CLM0045073,KOL_01436,Esplanade,2025-04-28,12,0,0,0,0,0,0,0,0,0,0.0,0.170364,1,0.0,0,155,3,0,0.9473,0.1068,GREEN,31,Kolkata
CLM0045074,KOL_03335,Park Street,2024-03-05,8,0,0,0,0,0,0,0,0,0,0.0,0.302711,0,0.0,0,320,0,2,0.9223,0.0,GREEN,38,Kolkata
CLM0045075,KOL_04053,Salt Lake,2023-11-21,15,0,0,0,0,0,0,1,0,0,0.0,0.042634,0,0.0,0,108,3,4,0.2794,0.145,GREEN,31,Kolkata
CLM0045076,KOL_04679,Behala,2024-08-17,13,0,0,0,0,0,0,0,0,0,0.0,0.304372,0,0.0,0,193,1,2,0.4377,0.0,GREEN,18,Kolkata
CLM0045077,KOL_03357,Garia,2020-11-03,8,0,0,0,0,0,0,0,0,0,1.0,0.15351,0,0.0,0,63,0,4,0.517,0.079,GREEN,32,Kolkata
CLM0045078,KOL_05878,Garia,2023-10-05,9,0,0,0,0,0,0,0,0,0,0.0,1.0,0,0.0,0,141,1,3,0.5965,0.0,GREEN,30,Kolkata
CLM0045079,KOL_08277,Sealdah,2025-01-14,11,0,0,0,0,0,1,1,0,0,1.0,1.0,0,1.0,0,137,2,3,0.775,0.1971,GREEN,43,Kolkata
CLM0045080,KOL_00607,Salt Lake,2025-02-23,18,0,0,0,0,0,0,0,0,0,0.0,0.206348,0,0.0,0,172,4,1,0.9089,0.0,GREEN,38,Kolkata
CLM0045081,KOL_06171,Dum Dum,2024-07-11,15,0,0,0,0,0,0,1,0,0,1.0,0.112482,0,0.0,0,247,0,4,0.05,0.1639,GREEN,43,Kolkata
CLM0045082,KOL_03515,Howrah,2024-09-07,18,0,0,0,0,0,0,0,0,1,1.0,0.175075,0,0.0,0,420,3,0,0.6997,0.3273,YELLOW,28,Kolkata
CLM0045083,KOL_03865,Park Street,2024-01-24,17,0,0,0,0,0,0,1,0,0,0.0,0.0,0,0.0,0,420,3,2,0.9304,0.0095,GREEN,33,Kolkata
CLM0045084,KOL_03988,Howrah,2024-06-02,14,0,1,1,0,0,0,0,0,0,0.0,0.223654,0,0.0,0,392,2,2,0.9108,0.0793,GREEN,28,Kolkata
CLM0045085,KOL_07190,Park Street,2024-12-09,7,0,0,0,0,0,0,0,0,0,0.0,0.270271,0,0.0,0,129,3,2,0.3292,0.0,GREEN,33,Kolkata
CLM0045086,KOL_01984,Park Street,2024-11-08,8,0,0,0,0,0,0,0,0,0,0.0,0.116801,0,0.0,0,49,2,0,0.713,0.0285,GREEN,38,Kolkata
CLM0045087,KOL_02536,New Town,2024-10-27,17,0,0,0,0,0,0,0,1,0,0.0,0.189605,0,0.0,0,369,3,4,0.6,0.0,GREEN,27,Kolkata
CLM0045088,KOL_05403,Salt Lake,2025-05-06,16,0,0,0,0,0,0,0,0,0,0.0,0.296592,0,0.0,1,304,3,1,0.1612,0.0,GREEN,44,Kolkata
CLM0045089,KOL_08655,Park Street,2025-10-06,20,0,0,0,0,1,0,0,0,0,0.0,0.196636,0,0.0,0,256,3,4,0.6133,0.1,GREEN,35,Kolkata
CLM0045090,KOL_00006,Tollygunge,2024-02-01,11,0,0,0,0,0,0,0,0,0,0.0,0.490636,0,0.0,0,396,2,2,0.6788,0.0,GREEN,54,Kolkata
CLM0045091,KOL_03038,Park Street,2025-04-22,20,0,0,0,0,0,0,0,0,0,0.0,0.188367,0,0.0,0,306,2,4,0.5046,0.082,GREEN,43,Kolkata
CLM0045092,KOL_08000,Sealdah,2023-05-27,21,0,0,0,0,0,1,0,0,0,0.0,1.0,0,0.0,0,216,1,0,0.6896,0.0863,GREEN,64,Kolkata
CLM0045093,KOL_00049,New Town,2023-07-23,13,0,0,0,0,0,0,0,1,0,1.0,0.322516,0,0.0,0,227,2,0,0.3689,0.1917,GREEN,40,Kolkata
CLM0045094,KOL_03635,Sealdah,2023-08-04,13,0,0,0,0,0,0,0,0,0,0.0,0.107443,0,0.0,0,327,3,6,0.9752,0.0009,GREEN,24,Kolkata
CLM0045095,KOL_00163,Dum Dum,2022-07-09,11,0,0,0,0,0,0,0,0,0,0.0,0.141806,0,0.0,0,5,1,2,0.1133,0.0534,GREEN,34,Kolkata
CLM0045096,KOL_00944,Park Street,2016-08-11,9,0,0,0,0,0,0,0,0,0,0.0,0.24593,0,0.0,0,364,3,2,0.9169,0.0,GREEN,24,Kolkata
CLM0045097,KOL_01732,Tollygunge,2022-04-21,19,0,0,0,0,0,0,0,0,0,0.0,0.361248,0,0.0,1,193,1,4,0.4907,0.1262,GREEN,18,Kolkata
CLM0045098,KOL_03573,Esplanade,2019-03-25,21,0,0,0,0,0,0,0,0,0,0.0,0.102851,0,0.0,0,152,3,1,0.1101,0.0,GREEN,30,Kolkata
CLM0045099,KOL_05125,Esplanade,2025-10-30,17,0,0,0,0,0,0,0,0,0,0.0,0.125636,0,0.0,0,314,2,0,0.7163,0.0,GREEN,42,Kolkata
CLM0045100,KOL_03684,Garia,2017-12-08,17,0,0,0,1,0,0,0,0,0,0.0,0.0,0,0.0,0,420,3,4,0.5981,0.2027,GREEN,48,Kolkata
CLM0045101,KOL_09017,Behala,2019-05-10,20,0,0,0,0,0,0,0,0,0,0.0,0.338502,0,0.0,0,218,2,1,0.6231,0.0,GREEN,28,Kolkata
CLM0045102,KOL_04623,Esplanade,2024-12-09,13,0,0,0,0,0,0,0,0,0,0.0,0.266327,0,0.0,0,110,0,0,0.7349,0.0584,GREEN,33,Kolkata
CLM0045103,KOL_07744,Garia,2023-08-29,18,0,0,0,0,0,0,0,1,0,0.0,0.125406,0,0.0,0,115,2,5,0.05,0.123,GREEN,41,Kolkata
CLM0045104,KOL_04003,Howrah,2024-07-27,17,0,0,0,0,0,0,0,1,0,0.0,0.249279,0,0.0,0,420,0,2,0.5655,0.1108,GREEN,33,Kolkata
CLM0045105,KOL_07291,Park Street,2024-04-11,14,0,0,0,0,0,1,0,0,0,0.0,0.281741,0,0.0,0,420,3,0,0.6626,0.1716,GREEN,35,Kolkata
CLM0045106,KOL_00684,Sealdah,2025-12-27,12,0,0,0,0,0,0,0,0,0,0.0,0.402502,0,0.0,0,68,2,3,0.05,0.0468,GREEN,52,Kolkata
CLM0045107,KOL_02454,Dum Dum,2025-09-28,14,0,0,0,0,0,0,0,0,0,0.0,0.150058,0,0.0,1,241,2,3,0.9071,0.0638,GREEN,18,Kolkata
CLM0045108,KOL_00782,Howrah,2024-04-25,15,0,0,0,0,1,0,0,0,0,0.0,0.149742,0,0.0,0,176,0,5,0.7087,0.1704,GREEN,37,Kolkata
CLM0045109,KOL_07205,Park Street,2025-04-25,18,0,0,0,0,0,0,0,0,0,0.0,1.0,0,0.0,0,99,3,0,0.645,0.0,GREEN,35,Kolkata
CLM0045110,KOL_05608,Howrah,2025-09-21,17,0,0,0,0,1,0,0,0,0,0.0,0.208578,0,1.0,0,362,1,0,0.1157,0.0563,GREEN,27,Kolkata
CLM0045111,KOL_00996,Tollygunge,2024-08-18,20,0,0,0,0,0,0,0,0,0,0.0,0.050215,0,0.0,0,206,4,4,0.05,0.0331,GREEN,34,Kolkata
CLM0045112,KOL_05285,Esplanade,2024-04-17,9,0,0,0,0,0,0,0,0,0,0.0,0.091309,0,0.0,0,69,4,3,0.7103,0.1513,GREEN,43,Kolkata
CLM0045113,KOL_01197,New Town,2025-09-02,12,0,0,0,0,0,0,0,0,0,0.0,0.327383,0,0.0,0,420,4,4,0.8141,0.0638,GREEN,25,Kolkata
CLM0045114,KOL_06781,Tollygunge,2024-06-06,18,0,0,0,0,0,0,0,0,0,0.0,0.244298,0,0.0,0,420,3,2,0.6665,0.0,GREEN,44,Kolkata
CLM0045115,KOL_09812,Sealdah,2024-11-15,18,0,0,0,1,0,0,0,1,0,0.0,0.041486,0,0.0,0,277,0,5,0.3922,0.264,GREEN,37,Kolkata
CLM0045116,KOL_00968,Park Street,2025-01-04,12,0,0,0,0,0,0,0,0,0,1.0,0.230788,0,0.0,0,186,2,0,0.8149,0.0792,GREEN,30,Kolkata
CLM0045117,KOL_00462,Dum Dum,2023-08-05,18,0,0,0,0,0,0,0,0,0,1.0,1.0,0,1.0,0,297,1,1,0.98,0.0499,GREEN,43,Kolkata
CLM0045118,KOL_05035,Dum Dum,2024-05-07,14,0,0,0,0,0,0,0,0,0,0.0,0.248375,0,0.0,0,202,4,0,0.9604,0.0,GREEN,38,Kolkata
CLM0045119,KOL_08834,Sealdah,2021-12-26,11,0,0,0,0,0,0,0,0,0,0.0,0.161112,0,0.0,0,156,2,0,0.9106,0.0377,GREEN,41,Kolkata
CLM0045120,KOL_02796,Sealdah,2023-12-09,19,0,0,0,0,0,0,0,0,0,0.0,0.037415,0,0.0,0,84,2,2,0.7741,0.0005,GREEN,40,Kolkata
CLM0045121,KOL_07100,Behala,2024-10-27,9,0,0,0,0,0,0,0,0,0,0.0,0.050461,0,0.0,0,191,0,5,0.8337,0.0,GREEN,28,Kolkata
CLM0045122,KOL_01394,Behala,2024-06-08,17,0,0,0,0,0,0,0,0,0,0.0,0.339236,0,0.0,0,376,2,3,0.1269,0.0096,GREEN,51,Kolkata
CLM0045123,KOL_05855,New Town,2025-05-16,18,0,0,0,0,0,0,0,0,0,0.0,0.30035,0,0.0,0,197,0,2,0.166,0.0373,GREEN,35,Kolkata
CLM0045124,KOL_04634,Esplanade,2017-06-16,19,0,0,0,0,1,0,0,0,0,0.0,0.0,0,0.0,0,382,0,3,0.9513,0.1058,GREEN,36,Kolkata
CLM0045125,KOL_01471,New Town,2025-06-20,20,0,0,0,1,0,1,0,0,0,0.0,0.218548,0,0.0,0,188,0,3,0.7527,0.2574,GREEN,36,Kolkata
CLM0045126,KOL_04016,Dum Dum,2019-03-08,15,0,0,0,0,0,0,0,0,0,0.0,0.0,0,0.0,0,14,2,0,0.98,0.0,GREEN,32,Kolkata
CLM0045127,KOL_09239,Tollygunge,2025-01-10,13,0,0,0,0,1,0,0,0,0,0.0,0.269718,0,1.0,0,340,2,2,0.8373,0.1071,GREEN,18,Kolkata
CLM0045128,KOL_08713,Esplanade,2020-04-02,18,0,0,0,0,0,0,0,0,0,0.0,0.402468,0,0.0,0,190,1,6,0.711,0.0281,GREEN,49,Kolkata
CLM0045129,KOL_08071,Esplanade,2018-04-22,7,0,0,0,0,0,1,0,0,0,0.0,0.267429,0,0.0,0,110,1,0,0.05,0.1071,GREEN,40,Kolkata
CLM0045130,KOL_09263,Behala,2024-12-05,8,0,0,0,0,0,0,1,0,0,1.0,0.15806,0,0.0,0,352,0,6,0.6394,0.1497,GREEN,48,Kolkata
CLM0045131,KOL_00085,Esplanade,2025-08-01,11,0,0,0,0,0,0,0,0,0,1.0,0.114984,0,0.0,0,420,3,1,0.05,0.1546,GREEN,34,Kolkata
CLM0045132,KOL_08398,Tollygunge,2025-12-19,17,0,0,0,0,0,0,0,0,0,0.0,0.019456,0,0.0,0,420,4,0,0.6699,0.0,GREEN,36,Kolkata
CLM0045133,KOL_01326,Salt Lake,2025-11-04,15,0,0,0,0,0,1,0,0,0,0.0,0.378623,0,0.0,0,418,4,1,0.2498,0.0491,GREEN,31,Kolkata
CLM0045134,KOL_07745,Garia,2025-05-13,10,0,0,0,0,0,0,1,0,0,0.0,0.0,0,0.0,0,420,1,2,0.1425,0.0224,GREEN,40,Kolkata
CLM0045135,KOL_02073,Garia,2025-09-09,21,0,0,0,0,0,0,0,0,0,1.0,0.295443,0,0.0,0,420,4,0,0.7576,0.0961,GREEN,39,Kolkata
CLM0045136,KOL_05530,Dum Dum,2025-01-16,7,0,0,0,0,0,1,0,0,0,0.0,0.124779,0,0.0,0,61,2,3,0.2273,0.15,GREEN,42,Kolkata
CLM0045137,KOL_02589,Behala,2024-09-18,8,0,0,0,0,0,0,0,0,0,1.0,0.016508,0,0.0,0,166,4,3,0.174,0.1134,GREEN,39,Kolkata
CLM0045138,KOL_04566,Park Street,2025-09-27,14,0,0,0,0,0,0,0,0,0,0.0,0.252677,0,0.0,0,180,2,0,0.623,0.0,GREEN,44,Kolkata
CLM0045139,KOL_05226,Sealdah,2025-07-23,21,0,0,0,0,0,0,0,0,0,0.0,0.97831,0,0.0,0,246,2,3,0.957,0.0,GREEN,57,Kolkata
CLM0045140,KOL_08375,Garia,2025-08-05,17,0,1,1,0,0,0,0,0,0,0.0,0.12944,0,0.0,0,420,1,3,0.737,0.0,GREEN,40,Kolkata
CLM0045141,KOL_06754,Tollygunge,2021-08-16,18,0,0,0,0,0,0,0,0,0,0.0,0.208223,0,0.0,0,306,0,6,0.5866,0.0,GREEN,29,Kolkata
CLM0045142,KOL_06745,Tollygunge,2020-02-10,13,0,0,0,0,0,0,0,0,0,0.0,0.316015,0,0.0,1,7,1,0,0.6327,0.0281,GREEN,18,Kolkata
CLM0045143,KOL_04226,Tollygunge,2022-10-28,11,0,0,0,0,0,0,0,0,0,0.0,0.0,0,0.0,0,334,0,3,0.5964,0.1092,GREEN,27,Kolkata
CLM0045144,KOL_06274,Park Street,2021-01-13,11,0,0,0,0,0,0,0,0,0,0.0,0.204346,0,0.0,1,181,4,6,0.7205,0.0876,GREEN,35,Kolkata
CLM0045145,KOL_07194,Dum Dum,2023-09-22,21,0,0,0,0,0,0,0,0,0,0.0,0.139456,0,0.0,0,154,0,0,0.5307,0.0,GREEN,18,Kolkata
CLM0045146,KOL_08701,Tollygunge,2024-02-21,8,0,0,0,0,0,0,0,0,0,1.0,1.0,1,0.0,0,153,4,4,0.8201,0.175,GREEN,48,Kolkata
CLM0045147,KOL_07723,Tollygunge,2021-10-25,12,0,0,0,0,1,0,0,0,0,0.0,0.335931,0,0.0,0,312,2,6,0.8154,0.0815,GREEN,43,Kolkata
CLM0045148,KOL_05844,Tollygunge,2021-12-04,19,0,0,0,0,0,0,0,0,1,0.0,0.174409,0,0.0,0,378,3,2,0.7762,0.1632,GREEN,56,Kolkata
CLM0045149,KOL_02811,Tollygunge,2025-01-15,9,0,0,0,1,0,1,1,1,0,0.0,0.095699,0,0.0,0,24,3,18,0.8051,0.1445,GREEN,31,Kolkata
CLM0045150,KOL_06577,Salt Lake,2020-09-30,16,0,0,0,0,1,0,0,0,0,0.0,1.0,0,0.0,0,81,4,0,0.6661,0.2359,GREEN,34,Kolkata
CLM0045151,KOL_01599,Garia,2019-10-24,19,0,0,0,0,0,0,0,0,0,0.0,0.372847,0,0.0,0,253,2,4,0.98,0.016,GREEN,33,Kolkata
CLM0045152,KOL_00570,Behala,2022-06-14,9,0,0,0,0,0,0,0,0,0,0.0,0.413118,0,0.0,0,319,3,4,0.4711,0.0404,GREEN,41,Kolkata
CLM0045153,KOL_09289,Park Street,2018-07-12,21,0,0,0,0,0,0,0,0,0,0.0,0.04128,0,0.0,0,205,4,1,0.1365,0.0371,GREEN,51,Kolkata
CLM0045154,KOL_01487,Tollygunge,2021-10-01,8,0,0,0,0,0,0,0,0,0,0.0,0.208123,0,0.0,0,178,3,3,0.5866,0.0613,GREEN,18,Kolkata
CLM0045155,KOL_06598,Howrah,2024-12-04,15,0,0,0,0,0,0,0,0,0,0.0,0.07782,0,0.0,0,10,3,6,0.8413,0.0,GREEN,49,Kolkata
CLM0045156,KOL_03088,Dum Dum,2020-10-27,10,0,0,0,0,0,0,0,0,0,0.0,0.27756,0,0.0,0,273,1,3,0.9095,0.0,GREEN,19,Kolkata
CLM0045157,KOL_00725,Dum Dum,2020-01-17,9,0,0,0,1,0,0,0,0,0,0.0,0.240973,0,0.0,0,417,4,0,0.5119,0.2061,GREEN,46,Kolkata
CLM0045158,KOL_02748,Howrah,2020-05-11,7,0,0,0,0,0,0,0,0,0,0.0,0.087551,0,0.0,0,28,0,0,0.9267,0.0264,GREEN,37,Kolkata
CLM0045159,KOL_07338,New Town,2023-01-08,20,0,0,0,0,0,0,0,0,0,0.0,1.0,0,0.0,0,100,0,0,0.5729,0.0386,GREEN,57,Kolkata
CLM0045160,KOL_01625,Behala,2018-11-10,7,0,0,0,0,0,0,0,1,0,0.0,0.309382,0,0.0,0,201,4,0,0.9776,0.0591,GREEN,18,Kolkata
CLM0045161,KOL_01286,New Town,2025-03-24,8,0,0,0,0,0,0,0,0,0,0.0,0.98954,0,0.0,0,165,3,5,0.8194,0.0001,GREEN,57,Kolkata
CLM0045162,KOL_08150,Howrah,2025-01-05,12,0,0,0,0,0,1,0,0,0,0.0,0.0,0,0.0,0,368,1,2,0.2394,0.1349,GREEN,31,Kolkata
CLM0045163,KOL_06843,Salt Lake,2024-11-01,19,0,0,0,0,0,0,0,0,0,0.0,0.329785,0,0.0,0,128,0,4,0.7051,0.0,GREEN,54,Kolkata
CLM0045164,KOL_09226,Park Street,2023-11-04,15,0,0,0,0,0,0,0,0,0,0.0,0.08475,0,0.0,0,420,3,3,0.6386,0.0,GREEN,35,Kolkata
CLM0045165,KOL_07802,Behala,2024-07-09,14,0,0,0,0,0,0,0,0,0,0.0,0.211099,0,1.0,0,420,1,0,0.5151,0.029,GREEN,43,Kolkata
CLM0045166,KOL_09562,Sealdah,2020-12-05,10,0,0,0,0,0,0,0,1,0,0.0,0.297417,0,0.0,0,169,4,1,0.4558,0.106,GREEN,31,Kolkata
CLM0045167,KOL_00948,Sealdah,2016-07-23,15,0,0,0,0,0,0,0,0,0,0.0,0.079842,0,0.0,0,120,3,3,0.5608,0.0835,GREEN,18,Kolkata
CLM0045168,KOL_07886,Esplanade,2025-01-26,19,0,1,1,0,0,1,0,0,0,0.0,0.060427,0,1.0,0,98,3,0,0.05,0.1502,GREEN,28,Kolkata
CLM0045169,KOL_00010,Salt Lake,2018-02-13,11,0,0,0,0,0,0,0,1,0,0.0,0.063107,0,0.0,0,62,4,0,0.8135,0.1556,GREEN,49,Kolkata
CLM0045170,KOL_09454,Esplanade,2021-02-07,8,0,0,0,0,0,0,0,1,0,0.0,0.986853,0,0.0,0,30,0,2,0.9659,0.1484,GREEN,49,Kolkata
CLM0045171,KOL_06380,Esplanade,2018-01-03,13,0,0,0,0,0,0,0,0,0,0.0,0.214967,0,0.0,0,225,0,1,0.6597,0.0513,GREEN,53,Kolkata
CLM0045172,KOL_07788,New Town,2016-12-08,21,0,0,0,0,0,0,0,0,0,0.0,0.420251,0,0.0,0,359,4,1,0.8521,0.0305,GREEN,22,Kolkata
CLM0045173,KOL_09539,New Town,2017-07-13,10,0,0,0,0,0,0,0,0,0,0.0,0.0,0,0.0,0,247,1,5,0.8402,0.0155,GREEN,42,Kolkata
CLM0045174,KOL_09337,Salt Lake,2016-07-03,15,0,0,0,0,0,0,0,0,0,0.0,0.355857,0,0.0,0,205,0,2,0.9203,0.0225,GREEN,22,Kolkata
CLM0045175,KOL_08191,Sealdah,2024-09-08,13,0,0,0,0,0,0,1,0,0,0.0,0.152149,0,0.0,0,56,3,4,0.8362,0.0703,GREEN,27,Kolkata
CLM0045176,KOL_07782,Behala,2025-02-26,15,0,0,0,0,0,0,0,0,0,0.0,0.000322,0,0.0,0,385,0,0,0.6185,0.0,GREEN,18,Kolkata
CLM0045177,KOL_02104,Garia,2025-07-24,10,0,0,0,0,1,0,0,0,0,0.0,0.220531,0,0.0,0,331,0,3,0.7207,0.0929,GREEN,25,Kolkata
CLM0045178,KOL_01977,New Town,2025-07-23,18,0,0,0,0,0,0,0,0,0,0.0,0.089511,0,0.0,0,408,3,0,0.8769,0.0158,GREEN,34,Kolkata
CLM0045179,KOL_02695,Garia,2024-10-04,20,0,0,0,0,0,0,0,1,0,0.0,0.2455,0,0.0,0,77,1,3,0.6162,0.1354,GREEN,57,Kolkata
CLM0045180,KOL_04878,Garia,2024-09-23,11,0,0,0,0,0,0,0,1,0,0.0,0.117439,0,0.0,0,334,4,4,0.6089,0.0526,GREEN,23,Kolkata
CLM0045181,KOL_07712,Tollygunge,2025-03-17,10,0,0,0,0,0,0,0,0,0,0.0,0.302438,0,0.0,0,360,4,2,0.7215,0.0,GREEN,41,Kolkata
CLM0045182,KOL_03521,Salt Lake,2024-06-15,8,0,0,0,0,0,0,0,0,0,0.0,0.372887,0,0.0,0,115,4,0,0.5166,0.083,GREEN,27,Kolkata
CLM0045183,KOL_03802,New Town,2025-11-23,18,0,0,0,0,0,1,0,0,1,0.0,0.123286,1,1.0,0,92,3,1,0.1236,0.3074,GREEN,29,Kolkata
CLM0045184,KOL_05678,Garia,2025-10-18,15,0,0,0,0,0,0,0,0,0,0.0,0.26198,0,0.0,0,312,2,8,0.7482,0.0594,GREEN,48,Kolkata
CLM0045185,KOL_05780,Sealdah,2025-06-19,10,0,0,0,0,0,0,0,0,0,0.0,0.049053,0,0.0,0,124,0,2,0.98,0.0,GREEN,46,Kolkata
CLM0045186,KOL_06109,Tollygunge,2024-08-22,7,0,0,0,0,0,0,0,0,0,0.0,0.0,0,0.0,0,5,4,2,0.9156,0.0,GREEN,44,Kolkata
CLM0045187,KOL_05747,Esplanade,2023-04-04,16,0,0,0,0,1,0,0,0,0,0.0,0.0,0,0.0,0,194,4,2,0.0502,0.0473,GREEN,26,Kolkata
CLM0045188,KOL_03006,Garia,2023-03-06,11,0,0,0,0,0,0,1,0,0,0.0,0.332289,0,0.0,0,229,0,3,0.6329,0.0232,GREEN,44,Kolkata
CLM0045189,KOL_00259,Behala,2023-11-05,19,0,0,0,0,1,0,0,0,0,0.0,0.280529,0,0.0,0,381,1,1,0.6163,0.1021,GREEN,48,Kolkata
CLM0045190,KOL_02526,Howrah,2023-09-06,15,0,0,0,0,0,0,0,0,1,0.0,0.259669,0,0.0,0,350,0,0,0.8666,0.2049,GREEN,51,Kolkata
CLM0045191,KOL_03221,Park Street,2024-07-25,21,0,0,0,0,0,0,0,0,1,1.0,0.908796,0,1.0,0,99,0,3,0.4859,0.1332,GREEN,41,Kolkata
CLM0045192,KOL_06674,Park Street,2024-07-15,20,0,0,0,0,0,0,0,0,0,0.0,1.0,0,0.0,0,169,3,2,0.7195,0.0694,GREEN,36,Kolkata
CLM0045193,KOL_03371,Esplanade,2024-08-16,20,0,0,0,0,0,0,0,0,0,0.0,0.309567,0,0.0,0,155,2,0,0.05,0.0132,GREEN,50,Kolkata
CLM0045194,KOL_02553,Sealdah,2025-12-27,18,0,0,0,0,0,0,0,0,0,0.0,1.0,0,0.0,0,311,2,2,0.7652,0.035,GREEN,35,Kolkata
CLM0045195,KOL_03738,Esplanade,2024-05-25,18,0,0,0,0,0,0,0,0,0,0.0,0.404138,0,0.0,0,47,0,1,0.8091,0.0,GREEN,29,Kolkata
CLM0045196,KOL_08312,Salt Lake,2025-05-25,8,0,0,0,0,0,0,0,0,0,0.0,0.24852,0,0.0,0,252,2,4,0.7614,0.0513,GREEN,36,Kolkata
CLM0045197,KOL_09825,New Town,2023-02-05,10,0,0,0,0,0,0,0,1,0,1.0,0.382967,0,0.0,0,29,2,6,0.6431,0.1801,GREEN,36,Kolkata
CLM0045198,KOL_03396,Howrah,2024-08-26,12,0,0,0,0,0,0,1,0,0,0.0,0.096545,0,0.0,1,336,3,1,0.639,0.1345,GREEN,18,Kolkata
CLM0045199,KOL_08452,Howrah,2019-09-20,7,0,0,0,0,0,1,0,0,0,0.0,0.33275,0,1.0,0,84,2,2,0.182,0.09,GREEN,45,Kolkata
CLM0045200,KOL_02516,Howrah,2022-07-28,12,0,0,0,0,0,0,0,0,1,0.0,0.400146,0,0.0,0,420,1,2,0.6133,0.064,GREEN,30,Kolkata
CLM0045201,KOL_07097,Garia,2020-11-03,14,0,0,0,0,0,0,0,0,0,0.0,0.260928,0,0.0,0,420,1,2,0.7204,0.0,GREEN,56,Kolkata
CLM0045202,KOL_06588,Park Street,2022-01-10,16,0,0,0,0,0,0,0,0,1,0.0,0.150565,0,0.0,0,221,4,2,0.8177,0.1104,GREEN,42,Kolkata
CLM0045203,KOL_02340,Dum Dum,2018-11-19,10,0,0,0,0,0,0,0,1,0,0.0,0.0,0,0.0,0,420,2,1,0.7712,0.0759,GREEN,36,Kolkata
CLM0045204,KOL_01156,Howrah,2021-10-04,19,0,0,0,0,0,0,0,0,0,0.0,0.397049,1,0.0,0,139,3,3,0.7109,0.0,GREEN,22,Kolkata
CLM0045205,KOL_02187,Dum Dum,2023-06-02,15,0,0,0,0,0,0,0,0,0,0.0,0.325465,0,0.0,0,400,4,3,0.0876,0.0208,GREEN,48,Kolkata
CLM0045206,KOL_09090,Dum Dum,2018-11-19,13,0,0,0,0,0,0,0,0,0,0.0,0.253297,0,0.0,0,5,1,2,0.8659,0.0459,GREEN,32,Kolkata
CLM0045207,KOL_03168,Sealdah,2025-02-04,10,0,0,0,0,0,0,0,0,0,0.0,0.285276,0,0.0,0,395,4,2,0.7911,0.0901,GREEN,43,Kolkata
CLM0045208,KOL_00991,Sealdah,2025-11-10,21,0,0,0,0,0,0,1,0,0,0.0,0.222956,0,0.0,1,195,1,1,0.7295,0.1542,GREEN,44,Kolkata
CLM0045209,KOL_07705,Esplanade,2025-04-05,15,0,0,0,0,0,0,0,0,0,0.0,0.344635,0,0.0,1,162,2,1,0.6179,0.0488,GREEN,38,Kolkata
CLM0045210,KOL_04648,Dum Dum,2025-11-11,13,0,0,0,0,0,0,0,0,0,0.0,0.062942,1,0.0,0,225,3,2,0.8207,0.108,GREEN,38,Kolkata
CLM0045211,KOL_02629,Park Street,2025-06-13,12,0,0,0,0,1,0,0,0,0,0.0,0.976675,0,0.0,0,163,2,1,0.5743,0.0769,GREEN,52,Kolkata
CLM0045212,KOL_07853,Tollygunge,2025-06-18,9,0,0,0,0,0,0,0,0,0,1.0,0.113012,0,0.0,0,262,0,2,0.6416,0.1247,GREEN,42,Kolkata
CLM0045213,KOL_08979,Tollygunge,2025-04-20,16,0,0,0,0,0,1,0,1,0,0.0,0.082237,0,0.0,0,420,1,2,0.0933,0.1093,GREEN,31,Kolkata
CLM0045214,KOL_00137,Garia,2025-05-06,12,0,0,0,0,0,1,0,0,0,0.0,0.047384,0,0.0,0,420,1,0,0.7271,0.2097,GREEN,44,Kolkata
CLM0045215,KOL_07823,New Town,2025-02-07,12,0,0,0,0,0,0,0,0,0,0.0,0.311348,0,0.0,0,57,2,2,0.7102,0.0,GREEN,45,Kolkata
CLM0045216,KOL_09050,Esplanade,2025-12-30,18,0,0,0,0,0,1,0,0,0,0.0,0.066415,0,0.0,0,420,3,3,0.6027,0.1099,GREEN,27,Kolkata
CLM0045217,KOL_06979,Garia,2025-09-10,15,0,0,0,0,0,0,0,0,0,0.0,0.277872,0,0.0,0,420,1,0,0.8992,0.0,GREEN,42,Kolkata
CLM0045218,KOL_03157,Sealdah,2025-05-18,10,0,0,0,0,0,0,0,0,0,0.0,0.006004,0,0.0,0,75,1,5,0.9008,0.0,GREEN,44,Kolkata
CLM0045219,KOL_05194,New Town,2025-05-26,17,0,0,0,0,0,0,0,0,0,0.0,0.364163,0,0.0,0,265,3,3,0.9592,0.0,GREEN,41,Kolkata
CLM0045220,KOL_00858,Garia,2025-12-11,12,0,0,0,0,0,1,0,0,0,0.0,0.107604,0,0.0,0,389,2,0,0.5309,0.0929,GREEN,38,Kolkata
CLM0045221,KOL_05101,Garia,2024-07-27,10,0,0,0,1,0,0,0,0,0,0.0,0.958926,1,0.0,1,95,1,8,0.684,0.3175,YELLOW,27,Kolkata
CLM0045222,KOL_01303,Park Street,2025-01-07,17,0,0,0,0,0,0,0,0,0,0.0,0.174546,0,0.0,0,5,4,0,0.98,0.1074,GREEN,42,Kolkata
CLM0045223,KOL_02406,Park Street,2024-09-26,12,0,0,0,0,0,0,0,0,0,0.0,0.210716,0,0.0,0,420,3,7,0.865,0.0052,GREEN,24,Kolkata
CLM0045224,KOL_06827,Park Street,2024-07-30,17,0,0,0,0,0,0,0,0,0,0.0,0.074901,0,0.0,0,73,4,0,0.4981,0.0047,GREEN,52,Kolkata
CLM0045225,KOL_04254,Sealdah,2023-10-27,7,0,0,0,0,1,0,0,0,0,0.0,1.0,0,0.0,1,420,1,0,0.5156,0.2132,GREEN,32,Kolkata
CLM0045226,KOL_08576,Garia,2023-05-04,13,0,0,0,0,0,0,0,0,0,1.0,0.118697,0,0.0,0,285,0,4,0.816,0.0607,GREEN,44,Kolkata
CLM0045227,KOL_06793,Dum Dum,2021-12-10,15,0,0,0,0,0,0,0,0,0,0.0,0.139291,0,1.0,0,138,2,0,0.5193,0.026,GREEN,40,Kolkata
CLM0045228,KOL_02240,Tollygunge,2022-06-18,10,0,0,0,1,0,0,0,0,0,0.0,0.113223,0,0.0,0,275,2,0,0.7262,0.1281,GREEN,31,Kolkata
CLM0045229,KOL_03980,Garia,2022-11-24,13,0,0,0,0,0,1,0,0,0,0.0,0.390446,0,0.0,0,89,0,6,0.7638,0.1051,GREEN,31,Kolkata
CLM0045230,KOL_03634,Salt Lake,2025-06-30,18,0,0,0,0,0,0,0,0,0,0.0,0.084009,0,0.0,0,232,1,4,0.5124,0.0806,GREEN,30,Kolkata
CLM0045231,KOL_08797,Sealdah,2023-03-19,17,0,0,0,0,0,0,0,0,0,0.0,0.052456,0,0.0,0,420,1,1,0.7215,0.0408,GREEN,48,Kolkata
CLM0045232,KOL_02847,Park Street,2023-09-03,10,0,0,0,0,0,0,1,0,0,1.0,0.164,0,0.0,0,373,1,0,0.05,0.166,GREEN,47,Kolkata
CLM0045233,KOL_05145,Esplanade,2024-10-26,7,0,0,0,0,0,0,0,0,0,0.0,0.178048,0,0.0,0,372,1,5,0.4378,0.0,GREEN,28,Kolkata
CLM0045234,KOL_03899,Esplanade,2024-12-21,11,0,0,0,0,1,0,0,1,0,0.0,0.255332,0,0.0,0,275,0,2,0.9548,0.3038,GREEN,37,Kolkata
CLM0045235,KOL_03184,Behala,2024-09-26,12,0,0,0,0,0,0,0,1,0,0.0,0.968652,0,0.0,0,235,4,3,0.8681,0.1031,GREEN,45,Kolkata
CLM0045236,KOL_01473,Sealdah,2025-03-07,18,0,0,0,0,1,1,0,0,0,0.0,0.198603,1,0.0,0,212,1,3,0.9627,0.2978,GREEN,33,Kolkata
CLM0045237,KOL_09608,Sealdah,2024-09-02,15,0,0,0,0,0,0,0,0,0,0.0,0.191817,0,0.0,0,126,0,4,0.4349,0.0,GREEN,43,Kolkata
CLM0045238,KOL_06379,Sealdah,2024-04-03,15,0,0,0,0,0,0,0,1,0,0.0,1.0,0,0.0,0,420,2,1,0.8277,0.1412,GREEN,31,Kolkata
CLM0045239,KOL_00845,Garia,2025-04-21,14,0,0,0,0,0,0,0,0,0,0.0,0.107785,1,0.0,0,272,4,2,0.2719,0.0826,GREEN,41,Kolkata
CLM0045240,KOL_02149,Dum Dum,2023-05-17,13,0,0,0,0,0,0,0,1,0,1.0,0.282018,0,0.0,0,399,2,2,0.9568,0.099,GREEN,22,Kolkata
CLM0045241,KOL_07361,Salt Lake,2025-07-14,8,0,0,0,0,0,0,0,0,0,0.0,0.121362,0,0.0,0,118,4,6,0.5271,0.0,GREEN,18,Kolkata
CLM0045242,KOL_09893,Salt Lake,2024-12-20,9,0,0,0,0,0,1,1,1,0,0.0,0.14098,0,0.0,1,7,4,18,0.7687,0.0668,GREEN,28,Kolkata
CLM0045243,KOL_03145,Behala,2025-11-17,12,0,0,0,0,0,1,0,0,0,0.0,0.163718,0,0.0,0,328,2,5,0.323,0.2377,GREEN,26,Kolkata
CLM0045244,KOL_05362,Tollygunge,2024-12-16,11,0,0,0,0,0,0,0,0,0,0.0,0.161595,0,0.0,0,315,4,5,0.98,0.0,GREEN,45,Kolkata
CLM0045245,KOL_09441,Tollygunge,2025-09-16,7,0,0,0,0,0,0,0,0,0,0.0,0.272565,0,0.0,0,225,0,3,0.6816,0.0,GREEN,59,Kolkata
CLM0045246,KOL_08065,Salt Lake,2025-08-28,7,0,0,0,0,0,0,0,0,0,0.0,0.407431,0,0.0,0,183,0,0,0.432,0.0,GREEN,44,Kolkata
CLM0045247,KOL_02024,Howrah,2025-10-15,14,0,0,0,0,0,0,0,0,0,0.0,0.185467,0,0.0,0,268,4,0,0.936,0.0219,GREEN,37,Kolkata
CLM0045248,KOL_03081,Behala,2022-09-21,21,0,0,0,0,1,0,0,1,0,0.0,0.196972,0,0.0,1,125,1,0,0.6421,0.2676,GREEN,45,Kolkata
CLM0045249,KOL_08811,Park Street,2021-04-20,14,0,0,0,0,0,0,0,0,0,1.0,0.453042,0,0.0,0,296,3,2,0.4472,0.1379,GREEN,43,Kolkata
CLM0045250,KOL_02375,Dum Dum,2025-12-29,12,0,0,0,0,0,1,0,0,0,1.0,0.323252,0,0.0,0,420,2,2,0.1336,0.2245,GREEN,39,Kolkata
CLM0045251,KOL_09297,Salt Lake,2025-06-11,12,0,0,0,0,0,0,0,0,0,0.0,1.0,0,0.0,0,176,2,0,0.5527,0.0,GREEN,19,Kolkata
CLM0045252,KOL_07574,Behala,2025-01-11,8,0,0,0,0,1,0,0,0,0,0.0,0.138092,0,0.0,0,24,1,4,0.6403,0.1037,GREEN,40,Kolkata
CLM0045253,KOL_04697,Tollygunge,2023-09-02,14,0,1,1,0,0,1,0,0,0,0.0,0.0,0,0.0,0,5,4,1,0.5684,0.0247,GREEN,39,Kolkata
CLM0045254,KOL_00894,Tollygunge,2019-09-30,13,0,0,0,0,0,0,0,0,0,0.0,0.274205,0,0.0,0,320,1,3,0.8322,0.0263,GREEN,29,Kolkata
CLM0045255,KOL_02965,Tollygunge,2022-05-24,10,0,0,0,0,0,0,1,0,0,0.0,0.0897,0,0.0,0,371,4,1,0.8885,0.0167,GREEN,33,Kolkata
CLM0045256,KOL_07212,Behala,2021-12-13,13,0,0,0,0,0,0,0,0,0,0.0,0.033445,0,0.0,0,319,4,3,0.9402,0.017,GREEN,46,Kolkata
CLM0045257,KOL_09774,Esplanade,2021-10-26,13,0,0,0,0,0,0,0,0,0,0.0,0.0,0,0.0,0,265,0,4,0.05,0.007,GREEN,34,Kolkata
CLM0045258,KOL_09231,New Town,2025-09-25,15,0,0,0,0,0,0,0,0,0,0.0,0.308706,0,0.0,0,304,3,1,0.7963,0.0801,GREEN,42,Kolkata
CLM0045259,KOL_09627,Park Street,2024-08-20,21,0,0,0,0,0,0,0,1,0,0.0,0.945053,0,0.0,0,420,3,4,0.8332,0.1227,GREEN,31,Kolkata
CLM0045260,KOL_08532,Dum Dum,2025-01-13,10,0,0,0,0,0,0,1,0,0,0.0,0.993469,0,0.0,0,278,1,0,0.98,0.0574,GREEN,44,Kolkata
CLM0045261,KOL_02196,Tollygunge,2025-09-15,16,0,0,0,0,0,0,0,0,1,0.0,0.32698,0,0.0,0,215,3,2,0.7264,0.1033,GREEN,33,Kolkata
CLM0045262,KOL_02683,New Town,2025-08-08,16,0,0,0,0,0,0,0,0,0,0.0,0.119468,0,0.0,0,76,2,3,0.8381,0.0203,GREEN,19,Kolkata
CLM0045263,KOL_00609,Garia,2025-12-21,16,0,0,0,0,0,0,0,0,0,0.0,0.400905,0,0.0,0,380,4,0,0.7238,0.0284,GREEN,18,Kolkata
CLM0045264,KOL_08249,Park Street,2025-06-06,8,0,0,0,0,0,0,0,0,0,1.0,1.0,0,1.0,0,199,3,0,0.2706,0.0,GREEN,38,Kolkata
CLM0045265,KOL_03452,New Town,2025-01-07,13,0,0,0,0,0,0,0,0,0,0.0,0.194976,0,0.0,0,8,1,6,0.5143,0.0587,GREEN,21,Kolkata
CLM0045266,KOL_05084,Park Street,2025-01-21,19,0,0,0,0,0,0,0,1,0,0.0,0.394499,0,0.0,0,32,0,6,0.2875,0.0016,GREEN,19,Kolkata
CLM0045267,KOL_03111,Sealdah,2024-09-16,18,0,0,0,0,0,0,0,1,0,1.0,0.288904,0,0.0,0,189,0,0,0.6957,0.1919,GREEN,23,Kolkata
CLM0045268,KOL_03545,Garia,2023-12-17,21,0,0,0,0,0,0,1,0,0,0.0,0.104714,0,0.0,0,420,2,0,0.5834,0.0937,GREEN,28,Kolkata
CLM0045269,KOL_01011,Park Street,2025-12-20,11,0,0,0,0,0,0,0,1,0,0.0,0.0,0,1.0,0,420,4,2,0.6768,0.2347,GREEN,31,Kolkata
CLM0045270,KOL_06786,New Town,2025-09-27,10,0,0,0,1,1,1,1,1,1,1.0,1.0,0,0.0,1,27,4,18,0.2317,0.0019,GREEN,41,Kolkata
CLM0045271,KOL_02631,Park Street,2024-09-24,15,0,0,0,0,0,0,0,1,0,0.0,0.09768,0,0.0,0,5,0,0,0.8117,0.1889,GREEN,36,Kolkata
CLM0045272,KOL_03113,Tollygunge,2016-06-26,13,0,0,0,0,0,0,0,0,0,0.0,0.246472,0,0.0,0,339,4,1,0.5863,0.0115,GREEN,45,Kolkata
CLM0045273,KOL_04209,Salt Lake,2021-08-16,10,0,0,0,1,1,1,1,0,0,0.0,0.033375,0,0.0,1,32,0,18,0.3377,0.0553,GREEN,37,Kolkata
CLM0045274,KOL_05670,Garia,2017-05-31,13,0,0,0,0,0,0,1,0,0,1.0,1.0,0,1.0,0,205,2,5,0.7666,0.0898,GREEN,39,Kolkata
CLM0045275,KOL_09675,Garia,2018-11-10,17,0,0,0,0,0,0,0,0,1,0.0,0.281042,0,1.0,0,326,2,2,0.9599,0.1699,GREEN,25,Kolkata
CLM0045276,KOL_05797,Esplanade,2020-11-12,21,1,0,0,0,0,0,0,0,0,0.0,0.414263,0,0.0,0,382,4,0,0.8097,0.0,GREEN,24,Kolkata
CLM0045277,KOL_02968,Behala,2022-10-24,10,0,0,0,0,0,0,0,0,0,0.0,0.024746,0,0.0,0,420,2,0,0.7456,0.0,GREEN,42,Kolkata
CLM0045278,KOL_03172,Park Street,2019-10-16,18,0,0,0,0,0,0,0,0,0,0.0,0.307159,1,1.0,0,200,1,2,0.4967,0.0,GREEN,31,Kolkata
CLM0045279,KOL_09262,Behala,2024-11-15,14,0,0,0,0,0,0,0,0,0,0.0,0.99448,0,0.0,0,158,1,6,0.1642,0.0213,GREEN,39,Kolkata
CLM0045280,KOL_07925,Garia,2022-12-22,17,0,0,0,0,0,0,0,1,0,0.0,0.20713,0,0.0,0,91,3,0,0.5968,0.0,GREEN,58,Kolkata
CLM0045281,KOL_04259,Salt Lake,2025-08-17,16,0,0,0,0,0,0,0,0,0,0.0,0.263638,0,0.0,0,257,0,2,0.8845,0.01,GREEN,59,Kolkata
CLM0045282,KOL_02162,Howrah,2021-06-14,17,0,0,0,0,0,0,0,1,0,0.0,0.184293,0,0.0,0,348,2,6,0.0622,0.0,GREEN,22,Kolkata
CLM0045283,KOL_01564,Park Street,2022-08-18,10,0,0,0,0,0,0,0,0,0,0.0,0.186838,0,0.0,0,420,4,3,0.6216,0.0944,GREEN,50,Kolkata
CLM0045284,KOL_09035,Howrah,2025-08-05,21,0,0,0,0,0,0,0,0,0,0.0,1.0,0,1.0,0,266,4,7,0.5694,0.0,GREEN,38,Kolkata
CLM0045285,KOL_05596,Salt Lake,2022-08-30,13,0,0,0,0,0,0,0,0,0,0.0,0.14116,0,0.0,0,420,3,0,0.3039,0.0,GREEN,27,Kolkata
CLM0045286,KOL_00443,Howrah,2019-04-12,20,0,0,0,0,0,0,0,0,0,0.0,0.308768,0,0.0,0,272,0,0,0.98,0.0,GREEN,52,Kolkata
CLM0045287,KOL_01189,Howrah,2020-03-19,9,0,0,0,0,0,0,0,0,0,1.0,0.019592,0,0.0,0,108,3,3,0.1524,0.0891,GREEN,22,Kolkata
CLM0045288,KOL_02738,Salt Lake,2024-08-22,12,0,0,0,0,0,0,1,0,0,0.0,0.246039,0,0.0,0,389,3,3,0.8742,0.0061,GREEN,40,Kolkata
CLM0045289,KOL_00198,Park Street,2018-01-10,15,0,0,0,0,0,0,0,0,0,0.0,0.075825,0,0.0,0,420,4,4,0.6014,0.0,GREEN,33,Kolkata
CLM0045290,KOL_05983,Esplanade,2025-03-02,14,0,0,0,0,0,0,0,0,0,0.0,0.0,0,0.0,0,69,0,3,0.6001,0.0118,GREEN,41,Kolkata
CLM0045291,KOL_05507,Esplanade,2021-12-02,14,0,0,0,0,0,0,0,0,1,0.0,0.36589,0,0.0,0,270,2,0,0.7143,0.0556,GREEN,18,Kolkata
CLM0045292,KOL_03687,Howrah,2019-12-28,14,0,0,0,0,0,0,0,0,1,1.0,0.145284,0,0.0,0,51,2,0,0.256,0.1328,GREEN,32,Kolkata
CLM0045293,KOL_09594,New Town,2020-04-07,14,0,0,0,0,0,0,0,0,0,0.0,0.382165,0,0.0,0,420,0,0,0.561,0.0,GREEN,29,Kolkata
CLM0045294,KOL_09772,Tollygunge,2025-06-17,7,0,0,0,1,0,0,0,0,0,0.0,1.0,0,0.0,0,416,2,2,0.3327,0.1409,GREEN,34,Kolkata
CLM0045295,KOL_06537,Garia,2025-10-06,16,0,0,0,0,1,0,0,0,0,0.0,0.935042,0,0.0,0,420,2,5,0.813,0.1915,GREEN,31,Kolkata
CLM0045296,KOL_01514,Howrah,2025-05-31,12,0,0,0,0,0,1,0,0,0,0.0,0.974096,0,0.0,0,50,1,0,0.2883,0.0,GREEN,39,Kolkata
CLM0045297,KOL_06201,Park Street,2025-11-05,10,0,0,0,0,0,0,0,0,0,0.0,0.052912,0,0.0,0,169,1,4,0.8782,0.0,GREEN,20,Kolkata
CLM0045298,KOL_02911,Garia,2023-10-02,10,0,0,0,0,0,0,0,0,0,0.0,0.290624,0,0.0,0,395,2,2,0.0891,0.0926,GREEN,44,Kolkata
CLM0045299,KOL_04331,Sealdah,2024-05-11,7,0,0,0,0,0,0,0,0,0,0.0,0.10207,0,0.0,1,420,3,2,0.6487,0.0967,GREEN,27,Kolkata
CLM0045300,KOL_05027,Park Street,2024-08-20,18,0,0,0,0,0,0,0,0,0,0.0,0.364668,0,0.0,0,310,2,4,0.7923,0.0402,GREEN,34,Kolkata
CLM0045301,KOL_04191,Park Street,2024-06-09,7,0,0,0,1,0,0,0,0,0,0.0,0.340306,1,0.0,0,420,2,6,0.7174,0.2031,GREEN,20,Kolkata
CLM0045302,KOL_01631,Esplanade,2023-02-15,14,0,0,0,1,1,0,0,0,0,0.0,0.0,0,0.0,0,110,4,7,0.9205,0.3128,YELLOW,29,Kolkata
CLM0045303,KOL_04971,Behala,2024-07-23,11,0,0,0,0,0,0,1,0,0,0.0,0.310688,0,0.0,0,164,1,4,0.98,0.0181,GREEN,33,Kolkata
CLM0045304,KOL_04741,Salt Lake,2023-04-28,12,0,0,0,0,0,0,0,0,0,0.0,0.287203,0,0.0,0,144,2,3,0.6135,0.0,GREEN,51,Kolkata
CLM0045305,KOL_01126,Howrah,2025-02-18,11,0,0,0,0,0,0,0,0,0,0.0,0.321583,1,0.0,0,114,0,3,0.6663,0.0643,GREEN,36,Kolkata
CLM0045306,KOL_00776,Tollygunge,2022-02-02,20,0,0,0,1,0,0,1,1,0,0.0,0.08079,0,0.0,0,125,3,0,0.5686,0.349,YELLOW,28,Kolkata
CLM0045307,KOL_04238,Esplanade,2024-03-07,7,0,0,0,0,0,0,0,0,0,0.0,0.353657,0,0.0,0,123,0,3,0.8411,0.0,GREEN,24,Kolkata
CLM0045308,KOL_08777,Dum Dum,2023-10-02,11,0,0,0,0,1,0,0,0,0,0.0,1.0,0,0.0,0,94,0,0,0.7462,0.1505,GREEN,29,Kolkata
CLM0045309,KOL_02267,Salt Lake,2023-11-15,12,0,0,0,0,0,1,0,0,0,0.0,0.304849,0,1.0,0,281,0,3,0.8721,0.1453,GREEN,43,Kolkata
CLM0045310,KOL_01736,New Town,2023-03-29,21,0,0,0,0,0,0,0,0,0,0.0,0.15968,0,0.0,0,420,0,0,0.7631,0.0314,GREEN,54,Kolkata
CLM0045311,KOL_02368,Behala,2024-07-28,13,0,0,0,0,0,1,1,0,0,0.0,0.271372,0,0.0,0,420,1,0,0.8459,0.1903,GREEN,32,Kolkata
CLM0045312,KOL_04423,Sealdah,2021-05-28,7,0,0,0,0,0,0,0,0,0,0.0,0.417126,0,0.0,0,270,0,4,0.715,0.0421,GREEN,35,Kolkata
CLM0045313,KOL_01790,Salt Lake,2024-07-05,9,0,0,0,0,0,0,0,1,0,0.0,0.334562,0,0.0,0,302,0,4,0.2528,0.1312,GREEN,31,Kolkata
CLM0045314,KOL_04336,New Town,2023-07-15,10,0,1,1,0,0,0,0,0,0,0.0,0.191562,0,0.0,0,420,0,3,0.8719,0.1242,GREEN,30,Kolkata
CLM0045315,KOL_08062,Dum Dum,2022-06-24,11,0,0,0,0,0,0,0,0,0,0.0,0.169042,0,0.0,0,118,1,3,0.05,0.0045,GREEN,41,Kolkata
CLM0045316,KOL_06721,Esplanade,2024-02-06,21,0,0,0,0,0,0,1,0,0,0.0,0.120379,0,0.0,0,25,2,4,0.7065,0.1042,GREEN,41,Kolkata
CLM0045317,KOL_02402,Salt Lake,2023-04-02,12,0,0,0,0,0,0,0,0,1,0.0,0.32047,0,0.0,0,282,2,5,0.3309,0.153,GREEN,32,Kolkata
CLM0045318,KOL_04261,Garia,2025-11-01,19,0,1,1,0,0,0,0,0,0,0.0,1.0,0,0.0,0,312,0,0,0.8827,0.0029,GREEN,46,Kolkata
CLM0045319,KOL_07813,Dum Dum,2021-12-26,8,0,0,0,0,0,0,0,0,0,0.0,0.083436,0,0.0,0,101,0,4,0.4614,0.0,GREEN,34,Kolkata
CLM0045320,KOL_09830,Salt Lake,2022-03-07,12,0,0,0,0,0,0,0,0,0,0.0,0.244715,0,0.0,0,40,3,6,0.4988,0.0273,GREEN,35,Kolkata
CLM0045321,KOL_04673,Behala,2022-09-08,20,0,0,0,0,0,0,0,0,0,0.0,0.339328,0,0.0,0,170,4,7,0.98,0.0,GREEN,33,Kolkata
CLM0045322,KOL_01486,Garia,2021-07-05,9,0,0,0,0,0,0,0,0,0,0.0,0.161849,0,0.0,0,346,1,6,0.4721,0.0404,GREEN,33,Kolkata
CLM0045323,KOL_04047,Park Street,2020-11-27,12,0,0,0,0,0,0,0,0,0,0.0,0.314358,0,0.0,0,420,1,3,0.6473,0.0309,GREEN,32,Kolkata
CLM0045324,KOL_09326,Garia,2022-05-23,19,0,0,0,0,0,1,0,0,0,0.0,0.042895,1,0.0,0,420,3,4,0.6924,0.1026,GREEN,19,Kolkata
CLM0045325,KOL_07164,Dum Dum,2024-08-21,13,0,0,0,0,0,0,0,0,0,0.0,0.04839,0,0.0,0,88,2,0,0.5732,0.0189,GREEN,36,Kolkata
CLM0045326,KOL_05377,Behala,2023-05-29,13,0,0,0,0,0,0,0,0,0,0.0,0.318653,0,0.0,0,418,0,0,0.6123,0.04,GREEN,45,Kolkata
CLM0045327,KOL_05345,Garia,2024-12-20,18,0,0,0,0,0,0,0,1,0,0.0,1.0,0,0.0,0,251,2,4,0.9087,0.1155,GREEN,37,Kolkata
CLM0045328,KOL_04391,Howrah,2022-02-15,13,0,0,0,0,0,0,0,0,0,0.0,0.364643,0,0.0,0,420,4,0,0.3067,0.0,GREEN,41,Kolkata
CLM0045329,KOL_01942,Behala,2023-01-09,7,0,0,0,0,0,0,0,0,0,0.0,0.23315,0,0.0,0,420,2,4,0.9212,0.0,GREEN,33,Kolkata
CLM0045330,KOL_07150,Howrah,2021-10-06,11,0,0,0,0,0,0,0,1,0,0.0,0.950845,0,0.0,0,160,2,0,0.8617,0.1394,GREEN,33,Kolkata
CLM0045331,KOL_03832,Garia,2025-06-27,16,0,0,0,0,0,0,0,0,0,0.0,0.011098,0,0.0,0,174,4,1,0.3294,0.094,GREEN,38,Kolkata
CLM0045332,KOL_03752,Dum Dum,2021-10-28,14,0,0,0,0,0,0,0,0,1,1.0,0.057243,0,0.0,0,359,2,3,0.5876,0.1988,GREEN,42,Kolkata
CLM0045333,KOL_00083,New Town,2025-07-07,9,0,0,0,0,0,0,0,0,0,0.0,0.199648,0,0.0,0,420,1,1,0.7615,0.0028,GREEN,33,Kolkata
CLM0045334,KOL_02774,Salt Lake,2025-02-03,11,0,0,0,0,0,0,0,0,0,0.0,0.132106,0,0.0,0,42,1,3,0.05,0.0,GREEN,33,Kolkata
CLM0045335,KOL_05167,Esplanade,2024-03-10,20,0,0,0,0,0,0,0,0,0,0.0,0.265468,0,1.0,0,420,3,6,0.8391,0.0613,GREEN,27,Kolkata
CLM0045336,KOL_00505,Dum Dum,2025-11-05,18,0,0,0,1,1,1,0,0,1,1.0,0.997926,0,0.0,1,5,1,18,0.3195,0.1443,GREEN,26,Kolkata
CLM0045337,KOL_02950,Sealdah,2024-05-20,8,0,0,0,0,0,0,0,0,0,0.0,0.180049,0,0.0,0,420,2,3,0.5823,0.0479,GREEN,42,Kolkata
CLM0045338,KOL_01893,Sealdah,2022-01-29,7,0,0,0,0,0,0,0,0,0,0.0,0.248008,0,0.0,0,253,1,1,0.98,0.0,GREEN,42,Kolkata
CLM0045339,KOL_07416,Salt Lake,2024-10-21,9,0,0,0,0,0,0,0,0,0,0.0,1.0,0,0.0,0,311,2,0,0.05,0.0311,GREEN,27,Kolkata
CLM0045340,KOL_08033,Park Street,2024-10-24,16,0,0,0,0,1,0,0,0,0,0.0,1.0,0,0.0,0,184,0,4,0.1725,0.1143,GREEN,25,Kolkata
CLM0045341,KOL_06381,Howrah,2025-07-14,18,0,0,0,0,0,0,0,0,0,1.0,1.0,0,1.0,0,102,1,0,0.6013,0.0,GREEN,19,Kolkata
CLM0045342,KOL_07290,Esplanade,2025-09-15,21,0,0,0,0,1,0,0,0,0,1.0,0.302616,1,0.0,0,403,2,4,0.1095,0.1723,GREEN,44,Kolkata
CLM0045343,KOL_02309,Tollygunge,2023-05-14,15,0,0,0,0,0,0,0,1,0,0.0,0.060788,0,0.0,0,158,3,2,0.5279,0.0763,GREEN,43,Kolkata
CLM0045344,KOL_05749,Howrah,2019-08-10,7,0,0,0,0,0,0,0,0,0,0.0,0.0,0,0.0,0,263,3,5,0.98,0.1718,GREEN,29,Kolkata
CLM0045345,KOL_06639,Dum Dum,2022-01-16,17,0,0,0,0,0,0,0,0,0,0.0,0.114158,0,0.0,0,172,2,0,0.8344,0.0346,GREEN,26,Kolkata
CLM0045346,KOL_08828,Dum Dum,2020-08-09,15,0,0,0,1,0,0,1,1,1,1.0,0.111727,0,1.0,1,19,0,18,0.0972,0.1254,GREEN,42,Kolkata
CLM0045347,KOL_00702,Dum Dum,2019-03-23,21,0,0,0,0,0,0,0,0,0,0.0,0.433827,0,0.0,0,121,4,0,0.6146,0.0206,GREEN,42,Kolkata
CLM0045348,KOL_07217,Behala,2020-08-01,11,0,0,0,0,1,0,1,0,1,1.0,0.9678,0,0.0,0,6,2,18,0.2398,0.0,GREEN,35,Kolkata
CLM0045349,KOL_06977,Behala,2024-09-26,12,0,0,0,0,0,0,0,0,0,1.0,0.366575,0,0.0,0,227,0,4,0.6555,0.1713,GREEN,24,Kolkata
CLM0045350,KOL_02073,Garia,2021-08-16,20,0,0,0,0,0,0,0,1,0,0.0,0.202511,0,0.0,0,94,3,2,0.0526,0.1191,GREEN,39,Kolkata
CLM0045351,KOL_06304,Tollygunge,2023-04-19,17,0,0,0,0,0,0,0,0,0,1.0,0.021948,0,0.0,1,420,4,3,0.1862,0.1096,GREEN,44,Kolkata
CLM0045352,KOL_05475,Esplanade,2025-06-15,16,0,0,0,0,0,0,0,0,0,0.0,0.14624,1,0.0,0,420,4,3,0.6833,0.0582,GREEN,38,Kolkata
CLM0045353,KOL_09616,Tollygunge,2024-01-28,21,0,0,0,0,0,0,0,0,0,0.0,0.098206,0,0.0,0,420,4,2,0.6331,0.1659,GREEN,26,Kolkata
CLM0045354,KOL_09798,Tollygunge,2023-07-24,8,0,0,0,0,1,1,0,0,0,0.0,0.244689,0,0.0,0,420,4,1,0.7659,0.1663,GREEN,53,Kolkata
CLM0045355,KOL_07756,Salt Lake,2023-07-20,9,0,0,0,0,0,0,1,0,0,0.0,1.0,0,0.0,0,221,0,2,0.5568,0.0502,GREEN,25,Kolkata
CLM0045356,KOL_07074,Sealdah,2023-03-02,7,0,0,0,0,1,0,0,1,0,0.0,0.362358,0,0.0,0,420,2,3,0.2399,0.2295,GREEN,47,Kolkata
CLM0045357,KOL_09076,Esplanade,2025-11-03,7,0,0,0,0,0,0,1,0,0,0.0,1.0,0,0.0,0,420,2,0,0.5084,0.1172,GREEN,52,Kolkata
CLM0045358,KOL_06635,Esplanade,2025-06-19,19,0,0,0,0,0,0,0,0,0,0.0,0.20965,0,0.0,0,420,2,0,0.98,0.0,GREEN,35,Kolkata
CLM0045359,KOL_03199,Dum Dum,2025-08-12,7,0,0,0,0,0,1,0,0,0,0.0,0.125561,0,0.0,0,420,1,5,0.8767,0.0475,GREEN,24,Kolkata
CLM0045360,KOL_06491,New Town,2025-07-23,14,0,0,0,0,0,0,0,0,0,0.0,0.071357,0,0.0,0,161,0,2,0.5013,0.0037,GREEN,37,Kolkata
CLM0045361,KOL_08848,Park Street,2025-04-12,10,0,0,0,0,0,0,0,0,0,0.0,0.178022,0,0.0,0,401,0,3,0.8867,0.0,GREEN,32,Kolkata
CLM0045362,KOL_08760,Park Street,2025-05-15,16,0,0,0,0,0,0,0,0,0,0.0,0.288348,1,0.0,0,349,0,0,0.6362,0.069,GREEN,37,Kolkata
CLM0045363,KOL_07953,Tollygunge,2025-07-18,14,0,0,0,0,0,0,0,1,0,0.0,0.190893,1,0.0,0,376,2,0,0.1821,0.1346,GREEN,30,Kolkata
CLM0045364,KOL_02508,Sealdah,2025-10-20,16,0,0,0,0,0,0,0,0,0,0.0,0.015852,0,0.0,0,420,4,1,0.7669,0.0005,GREEN,35,Kolkata
CLM0045365,KOL_03168,Sealdah,2025-04-28,17,0,0,0,0,0,0,0,0,0,0.0,0.220879,1,0.0,0,58,3,5,0.98,0.0191,GREEN,43,Kolkata
CLM0045366,KOL_02582,Dum Dum,2025-03-17,10,0,0,0,0,0,0,0,0,0,1.0,0.246373,0,0.0,0,420,1,4,0.488,0.1456,GREEN,30,Kolkata
CLM0045367,KOL_02319,Park Street,2022-04-02,21,0,0,0,0,0,0,1,1,0,0.0,0.194471,0,0.0,0,40,2,3,0.5184,0.3407,YELLOW,45,Kolkata
CLM0045368,KOL_05034,Dum Dum,2021-12-04,20,0,0,0,0,0,0,0,0,0,0.0,0.215177,0,0.0,0,317,1,4,0.98,0.0,GREEN,41,Kolkata
CLM0045369,KOL_01236,Howrah,2024-09-22,8,0,0,0,0,0,0,0,0,0,0.0,0.359983,0,0.0,0,420,4,1,0.6643,0.0,GREEN,47,Kolkata
CLM0045370,KOL_09808,New Town,2025-01-19,20,0,0,0,0,0,0,0,0,0,1.0,0.0,0,0.0,1,119,1,2,0.0789,0.0,GREEN,43,Kolkata
CLM0045371,KOL_06238,Park Street,2025-05-05,9,0,0,0,0,1,0,0,0,0,0.0,0.444771,0,0.0,0,378,3,3,0.9431,0.1744,GREEN,31,Kolkata
CLM0045372,KOL_01540,Dum Dum,2021-05-22,12,0,0,0,0,0,0,0,0,0,0.0,0.109391,0,0.0,0,112,1,4,0.05,0.0,GREEN,25,Kolkata
CLM0045373,KOL_03520,Esplanade,2024-10-12,13,0,0,0,0,0,0,0,1,0,0.0,0.445293,0,0.0,0,259,2,3,0.518,0.0801,GREEN,56,Kolkata
CLM0045374,KOL_07220,Howrah,2021-04-24,21,0,0,0,0,0,0,0,0,0,0.0,0.020365,0,0.0,0,37,3,3,0.4198,0.0,GREEN,38,Kolkata
CLM0045375,KOL_03763,Tollygunge,2018-01-30,7,0,0,0,0,0,0,0,0,0,0.0,0.240679,0,0.0,0,174,3,2,0.98,0.0256,GREEN,38,Kolkata
CLM0045376,KOL_08647,Tollygunge,2024-12-23,20,0,0,0,0,0,0,0,0,0,0.0,0.297382,0,0.0,0,15,4,0,0.9518,0.0,GREEN,47,Kolkata
CLM0045377,KOL_02873,Salt Lake,2024-08-21,15,0,0,0,0,0,1,0,0,0,0.0,0.402609,0,0.0,0,420,2,1,0.98,0.0,GREEN,39,Kolkata
CLM0045378,KOL_05563,New Town,2021-10-01,18,0,0,0,0,0,0,0,0,0,0.0,0.262415,0,0.0,0,326,1,6,0.6989,0.0268,GREEN,40,Kolkata
CLM0045379,KOL_01625,Behala,2022-04-14,18,0,0,0,0,0,0,0,0,0,0.0,0.224133,0,0.0,0,395,3,5,0.7114,0.0,GREEN,18,Kolkata
CLM0045380,KOL_04299,Behala,2022-12-15,8,0,0,0,0,0,1,0,0,0,0.0,0.369248,0,0.0,0,119,3,5,0.8757,0.0966,GREEN,49,Kolkata
CLM0045381,KOL_06527,Garia,2019-10-18,19,0,0,0,0,0,0,0,0,0,0.0,0.23916,0,0.0,0,284,0,4,0.05,0.0,GREEN,38,Kolkata
CLM0045382,KOL_04391,Howrah,2023-02-10,8,0,0,0,0,0,0,1,0,0,0.0,0.151498,0,0.0,0,83,3,0,0.551,0.0688,GREEN,41,Kolkata
CLM0045383,KOL_05760,New Town,2017-09-09,17,0,0,0,1,0,0,0,0,0,0.0,1.0,0,0.0,0,5,4,1,0.5944,0.0924,GREEN,46,Kolkata
CLM0045384,KOL_00836,Behala,2019-04-22,12,0,0,0,0,0,1,0,0,0,0.0,0.253479,0,1.0,0,382,0,6,0.7815,0.1007,GREEN,30,Kolkata
CLM0045385,KOL_06918,Esplanade,2021-10-10,13,0,0,0,0,0,0,0,0,0,0.0,0.196116,1,0.0,0,253,2,3,0.8993,0.0546,GREEN,28,Kolkata
CLM0045386,KOL_03263,Tollygunge,2017-12-03,18,0,0,0,0,1,0,1,0,1,1.0,0.307918,0,0.0,0,420,2,3,0.7085,0.3553,YELLOW,25,Kolkata
CLM0045387,KOL_02855,Behala,2024-11-21,11,0,1,1,0,0,1,1,0,0,0.0,1.0,1,0.0,1,14,2,18,0.2782,0.3439,YELLOW,38,Kolkata
CLM0045388,KOL_03617,Dum Dum,2024-12-02,15,0,1,1,1,0,0,0,1,1,0.0,0.0,1,1.0,1,9,1,18,0.9671,0.6257,RED,40,Kolkata
CLM0045389,KOL_09727,New Town,2020-09-04,19,0,1,1,0,0,0,0,0,0,0.0,0.24083,0,0.0,0,420,2,0,0.8964,0.5228,YELLOW,41,Kolkata
CLM0045390,KOL_03821,Behala,2022-03-20,20,0,1,1,1,0,0,1,1,1,0.0,0.976038,0,1.0,1,26,0,13,0.9067,0.7803,RED,43,Kolkata
CLM0045391,KOL_03965,New Town,2025-01-09,14,0,1,1,1,1,0,1,0,0,1.0,1.0,0,0.0,0,16,0,18,0.4476,0.4893,YELLOW,39,Kolkata
CLM0045392,KOL_05682,Garia,2022-12-13,21,1,0,0,0,0,0,0,0,0,0.0,0.116821,0,0.0,0,41,1,0,0.5669,0.0,GREEN,37,Kolkata
CLM0045393,KOL_06410,Howrah,2024-08-08,7,0,0,0,0,0,0,0,0,0,0.0,0.204418,0,0.0,0,161,3,0,0.8653,0.0,GREEN,38,Kolkata
CLM0045394,KOL_06456,Park Street,2023-10-17,21,0,0,0,0,0,0,0,0,0,0.0,0.322145,0,0.0,0,318,0,2,0.6851,0.0,GREEN,18,Kolkata
CLM0045395,KOL_07694,Garia,2022-05-26,16,0,0,0,0,0,0,1,0,0,0.0,0.149413,0,0.0,0,47,0,0,0.6904,0.0452,GREEN,29,Kolkata
CLM0045396,KOL_08650,Tollygunge,2023-04-22,16,0,0,0,0,0,0,0,0,0,0.0,0.309208,0,0.0,0,80,4,7,0.9528,0.0158,GREEN,18,Kolkata
CLM0045397,KOL_08296,Esplanade,2022-03-02,13,0,0,0,1,0,0,0,1,0,1.0,0.124302,1,0.0,0,153,2,8,0.9215,0.3858,YELLOW,42,Kolkata
CLM0045398,KOL_04907,Salt Lake,2022-01-17,8,0,0,0,0,0,1,0,0,0,0.0,0.255327,0,0.0,0,416,2,6,0.8267,0.1534,GREEN,25,Kolkata
CLM0045399,KOL_05306,Behala,2022-09-26,16,0,0,0,0,0,1,0,0,1,0.0,0.183724,0,0.0,0,330,1,2,0.9216,0.2397,GREEN,39,Kolkata
CLM0045400,KOL_00074,New Town,2024-05-22,9,0,0,0,0,0,0,0,0,0,0.0,0.115429,0,0.0,0,243,0,0,0.9222,0.0026,GREEN,53,Kolkata
CLM0045401,KOL_05697,Esplanade,2017-04-24,21,0,0,0,0,0,0,1,1,0,0.0,0.207346,0,0.0,0,398,2,1,0.7384,0.2226,GREEN,52,Kolkata
CLM0045402,KOL_03297,Sealdah,2025-07-03,13,0,0,0,0,0,0,0,0,0,0.0,0.106032,0,0.0,0,72,4,2,0.6487,0.0,GREEN,45,Kolkata
CLM0045403,KOL_09835,Tollygunge,2018-08-02,8,0,0,0,0,0,0,0,0,0,0.0,0.099053,0,0.0,0,344,3,2,0.5127,0.0,GREEN,32,Kolkata
CLM0045404,KOL_05926,New Town,2018-01-07,20,0,0,0,0,0,0,0,0,0,0.0,0.035986,0,0.0,0,420,0,2,0.6979,0.0,GREEN,50,Kolkata
CLM0045405,KOL_05801,Sealdah,2021-10-09,17,0,0,0,0,0,1,0,0,0,0.0,0.196458,0,1.0,0,167,0,1,0.7178,0.109,GREEN,39,Kolkata
CLM0045406,KOL_07900,Esplanade,2024-10-28,21,0,0,0,0,0,0,0,0,0,0.0,0.301864,0,0.0,0,84,2,3,0.3018,0.0,GREEN,45,Kolkata
CLM0045407,KOL_09103,Garia,2018-11-23,7,0,0,0,0,0,0,0,0,0,1.0,0.003963,0,0.0,0,195,4,4,0.8657,0.0627,GREEN,30,Kolkata
CLM0045408,KOL_02984,New Town,2015-11-19,21,0,0,0,0,0,0,0,0,0,0.0,0.212398,0,0.0,0,344,4,6,0.5086,0.0,GREEN,26,Kolkata
CLM0045409,KOL_06608,Sealdah,2020-07-14,17,0,0,0,0,0,0,0,0,0,0.0,0.091482,0,0.0,0,25,0,0,0.4319,0.0,GREEN,31,Kolkata
CLM0045410,KOL_02129,Sealdah,2021-02-15,7,0,0,0,0,0,0,0,1,0,0.0,0.349835,0,0.0,0,217,1,6,0.1625,0.1315,GREEN,37,Kolkata
CLM0045411,KOL_00636,Tollygunge,2020-11-30,12,0,0,0,1,0,0,0,0,0,0.0,0.99901,0,0.0,0,396,1,4,0.168,0.1525,GREEN,33,Kolkata
CLM0045412,KOL_07319,Park Street,2018-06-15,17,0,0,0,0,0,0,0,0,0,1.0,0.142401,0,0.0,0,364,1,2,0.4788,0.0669,GREEN,47,Kolkata
CLM0045413,KOL_06874,Tollygunge,2023-05-06,10,0,0,0,0,0,0,0,0,0,0.0,0.231746,0,0.0,0,188,2,5,0.9452,0.0589,GREEN,34,Kolkata
CLM0045414,KOL_08251,New Town,2020-03-27,10,0,0,0,0,0,0,0,0,0,0.0,0.286101,0,0.0,0,245,0,2,0.8198,0.0,GREEN,42,Kolkata
CLM0045415,KOL_03464,Howrah,2020-12-26,9,0,0,0,0,0,0,0,1,0,0.0,0.294345,0,0.0,0,389,4,3,0.8549,0.1204,GREEN,48,Kolkata
CLM0045416,KOL_09847,Howrah,2021-05-08,14,0,0,0,1,1,1,1,1,1,1.0,1.0,0,1.0,1,5,0,18,0.1632,0.1703,GREEN,48,Kolkata
CLM0045417,KOL_03788,Sealdah,2023-11-07,9,0,0,0,0,0,0,0,0,0,0.0,0.334537,0,0.0,0,389,3,2,0.9587,0.081,GREEN,54,Kolkata
CLM0045418,KOL_09599,Behala,2023-12-13,15,0,0,0,0,0,0,0,0,0,0.0,0.089658,0,0.0,0,89,2,0,0.98,0.0036,GREEN,24,Kolkata
CLM0045419,KOL_01318,Howrah,2022-06-05,17,0,0,0,1,0,0,0,0,0,0.0,0.058802,0,0.0,0,420,3,4,0.7364,0.0905,GREEN,43,Kolkata
CLM0045420,KOL_02088,Park Street,2025-11-04,16,0,0,0,0,0,0,0,0,0,0.0,0.930746,0,0.0,0,117,1,0,0.6135,0.0336,GREEN,21,Kolkata
CLM0045421,KOL_09787,Esplanade,2023-08-01,20,0,0,0,0,0,0,0,0,0,0.0,0.226394,0,0.0,0,414,1,1,0.9469,0.0477,GREEN,25,Kolkata
CLM0045422,KOL_05866,Sealdah,2019-08-24,16,0,0,0,0,0,0,0,0,0,0.0,0.216902,0,0.0,1,420,0,6,0.6944,0.0704,GREEN,36,Kolkata
CLM0045423,KOL_04355,Park Street,2023-05-14,17,0,0,0,1,0,1,0,0,0,0.0,0.17748,1,0.0,0,139,0,0,0.9539,0.2311,GREEN,26,Kolkata
CLM0045424,KOL_07709,Salt Lake,2021-12-05,8,1,0,0,0,0,0,0,0,0,0.0,0.001012,0,0.0,1,84,4,4,0.7157,0.0,GREEN,35,Kolkata
CLM0045425,KOL_04296,Park Street,2021-05-31,13,0,0,0,0,0,0,0,0,0,0.0,0.334778,1,0.0,0,159,0,0,0.9741,0.1004,GREEN,33,Kolkata
CLM0045426,KOL_03295,Park Street,2017-08-29,12,0,0,0,0,0,0,0,0,1,0.0,1.0,0,0.0,0,350,2,0,0.8145,0.1674,GREEN,35,Kolkata
CLM0045427,KOL_05325,Park Street,2020-01-21,21,0,0,0,0,0,0,0,0,0,0.0,1.0,0,0.0,0,420,4,1,0.6164,0.0051,GREEN,39,Kolkata
CLM0045428,KOL_02130,Tollygunge,2021-07-12,19,0,0,0,0,0,0,0,0,0,0.0,0.279872,0,0.0,0,358,3,0,0.8548,0.0,GREEN,38,Kolkata
CLM0045429,KOL_02865,Dum Dum,2024-02-10,21,0,0,0,0,0,0,0,0,0,0.0,0.07792,0,0.0,0,420,2,5,0.6037,0.056,GREEN,33,Kolkata
CLM0045430,KOL_04892,Park Street,2024-08-29,7,0,0,0,0,0,0,0,0,0,0.0,0.300417,0,0.0,0,420,2,1,0.6982,0.0,GREEN,46,Kolkata
CLM0045431,KOL_00016,Salt Lake,2025-01-08,16,0,0,0,0,0,0,0,0,0,0.0,0.324142,0,1.0,0,270,2,6,0.6996,0.0567,GREEN,42,Kolkata
CLM0045432,KOL_04915,New Town,2023-08-02,8,0,0,0,0,1,0,0,0,0,0.0,0.250567,1,1.0,0,154,0,1,0.7407,0.1879,GREEN,30,Kolkata
CLM0045433,KOL_09333,Behala,2020-12-23,12,0,0,0,0,0,0,0,0,0,0.0,0.0,0,0.0,1,174,4,3,0.8286,0.0477,GREEN,32,Kolkata
CLM0045434,KOL_05972,Salt Lake,2025-03-02,15,0,0,0,0,0,0,1,0,1,1.0,0.233062,0,0.0,0,236,2,3,0.6808,0.3473,YELLOW,33,Kolkata
CLM0045435,KOL_06855,Dum Dum,2024-07-11,9,0,0,0,0,0,0,0,0,0,0.0,0.402029,0,0.0,0,251,3,2,0.6027,0.0379,GREEN,18,Kolkata
CLM0045436,KOL_07732,Salt Lake,2024-09-29,7,0,0,0,0,0,0,0,0,0,1.0,0.184384,0,0.0,0,30,2,0,0.8006,0.0616,GREEN,40,Kolkata
CLM0045437,KOL_05568,Esplanade,2021-10-18,10,0,0,0,0,0,0,0,0,1,0.0,0.067243,0,0.0,0,187,2,3,0.195,0.0639,GREEN,36,Kolkata
CLM0045438,KOL_06948,New Town,2025-09-28,13,0,0,0,0,0,0,0,0,0,0.0,1.0,0,0.0,0,420,2,0,0.6467,0.0,GREEN,44,Kolkata
CLM0045439,KOL_05906,Howrah,2025-07-25,10,0,0,0,0,0,0,0,0,0,0.0,0.275939,0,0.0,0,180,3,2,0.8241,0.0,GREEN,39,Kolkata
CLM0045440,KOL_07604,Park Street,2025-10-14,12,0,0,0,0,0,0,0,0,0,0.0,0.349723,0,0.0,0,382,1,2,0.6815,0.0,GREEN,42,Kolkata
CLM0045441,KOL_03532,Park Street,2022-04-03,19,0,0,0,0,0,0,1,0,0,0.0,0.320005,0,1.0,0,401,0,3,0.9626,0.0303,GREEN,40,Kolkata
CLM0045442,KOL_09226,Park Street,2023-07-06,15,0,0,0,0,0,0,0,0,0,0.0,0.308504,1,0.0,0,172,2,0,0.7203,0.0411,GREEN,35,Kolkata
CLM0045443,KOL_07925,Garia,2023-03-24,7,0,0,0,0,0,1,0,0,0,0.0,0.241864,0,0.0,0,243,2,6,0.8637,0.1358,GREEN,58,Kolkata
CLM0045444,KOL_09076,Esplanade,2024-12-22,20,0,0,0,0,0,0,0,0,0,0.0,0.182236,0,0.0,0,420,3,1,0.5842,0.0502,GREEN,52,Kolkata
CLM0045445,KOL_01810,Behala,2024-12-07,21,0,0,0,0,0,0,0,0,0,0.0,0.09868,0,0.0,0,346,2,2,0.6909,0.0,GREEN,51,Kolkata
CLM0045446,KOL_02333,Park Street,2025-02-12,10,0,0,0,1,0,0,0,1,1,1.0,1.0,0,0.0,0,5,4,18,0.2739,0.0559,GREEN,27,Kolkata
CLM0045447,KOL_09153,Garia,2025-05-21,9,0,0,0,0,0,0,1,1,0,0.0,0.175112,0,0.0,0,251,3,2,0.6493,0.0834,GREEN,35,Kolkata
CLM0045448,KOL_03963,New Town,2024-12-31,8,0,0,0,0,0,0,0,0,0,0.0,0.417061,0,0.0,0,89,2,0,0.8078,0.0537,GREEN,50,Kolkata
CLM0045449,KOL_09318,Salt Lake,2024-10-09,12,0,0,0,0,0,0,0,0,0,0.0,0.973348,0,0.0,0,174,3,0,0.1123,0.0441,GREEN,44,Kolkata
CLM0045450,KOL_07161,Dum Dum,2025-10-02,15,0,0,0,1,0,0,0,0,0,0.0,0.304486,0,0.0,0,377,3,3,0.7087,0.0729,GREEN,34,Kolkata
CLM0045451,KOL_06371,Garia,2022-04-25,20,0,0,0,0,0,0,1,0,0,0.0,0.228296,0,0.0,0,420,1,4,0.6732,0.0,GREEN,37,Kolkata
CLM0045452,KOL_05349,Dum Dum,2025-10-30,20,0,0,0,0,0,0,0,0,0,0.0,0.090016,0,0.0,0,205,1,5,0.3458,0.0116,GREEN,33,Kolkata
CLM0045453,KOL_01280,Sealdah,2023-07-09,16,0,0,0,0,0,0,0,0,0,0.0,0.238839,0,1.0,0,52,1,2,0.7532,0.0613,GREEN,34,Kolkata
CLM0045454,KOL_06945,Garia,2025-12-28,13,0,0,0,0,0,0,0,0,0,1.0,0.940273,0,1.0,0,409,4,0,0.773,0.0,GREEN,32,Kolkata
CLM0045455,KOL_00866,Sealdah,2025-12-11,16,0,0,0,0,0,0,0,0,0,0.0,0.064434,0,0.0,0,150,3,4,0.8792,0.0093,GREEN,37,Kolkata
CLM0045456,KOL_01638,Esplanade,2023-08-30,17,0,0,0,0,0,0,0,0,0,0.0,0.249797,0,0.0,0,420,0,2,0.7746,0.0,GREEN,31,Kolkata
CLM0045457,KOL_04874,Tollygunge,2022-06-23,21,0,0,0,0,0,0,0,0,0,1.0,0.312653,0,0.0,1,420,4,0,0.823,0.1653,GREEN,40,Kolkata
CLM0045458,KOL_07788,New Town,2023-04-18,13,0,0,0,0,0,0,0,0,0,0.0,0.930057,0,0.0,0,175,2,0,0.98,0.0665,GREEN,22,Kolkata
CLM0045459,KOL_05547,Garia,2024-12-25,14,0,1,1,0,1,1,0,1,1,0.0,0.148485,1,0.0,0,5,1,18,0.8319,0.0,GREEN,52,Kolkata
CLM0045460,KOL_05636,Esplanade,2023-10-03,12,0,0,0,0,0,0,0,0,0,0.0,0.130728,0,0.0,0,64,4,0,0.8403,0.1419,GREEN,56,Kolkata
CLM0045461,KOL_07378,Garia,2023-12-01,8,0,0,0,1,0,1,1,1,0,1.0,1.0,0,1.0,0,319,1,0,0.7825,0.5832,YELLOW,37,Kolkata
CLM0045462,KOL_08039,Garia,2025-12-05,9,0,0,0,0,0,0,0,0,0,0.0,0.226467,0,0.0,0,22,4,0,0.8224,0.0,GREEN,43,Kolkata
CLM0045463,KOL_02446,Tollygunge,2023-03-03,18,0,0,0,0,0,0,0,0,0,0.0,0.425584,0,0.0,0,33,3,0,0.5378,0.1128,GREEN,37,Kolkata
CLM0045464,KOL_08248,Tollygunge,2025-08-05,9,0,0,0,0,0,0,0,0,0,0.0,0.057861,0,1.0,0,277,0,0,0.5077,0.0,GREEN,38,Kolkata
CLM0045465,KOL_01356,Dum Dum,2023-02-06,13,0,0,0,0,0,0,0,0,1,0.0,0.0,0,0.0,0,391,4,0,0.05,0.122,GREEN,30,Kolkata
CLM0045466,KOL_09013,Dum Dum,2021-04-14,8,0,0,0,0,0,0,0,0,0,1.0,0.378769,0,0.0,0,190,2,2,0.5823,0.137,GREEN,35,Kolkata
CLM0045467,KOL_02657,Esplanade,2023-04-08,21,0,0,0,0,0,0,0,0,0,0.0,0.912374,0,0.0,0,208,4,0,0.7159,0.0,GREEN,19,Kolkata
CLM0045468,KOL_04040,Howrah,2019-03-01,15,0,0,0,0,0,0,0,0,0,0.0,0.087486,0,0.0,0,116,2,0,0.5751,0.0098,GREEN,35,Kolkata
CLM0045469,KOL_01090,Park Street,2025-01-09,19,0,0,0,0,0,0,0,1,0,0.0,0.42547,0,0.0,0,297,1,0,0.6612,0.0532,GREEN,26,Kolkata
CLM0045470,KOL_07182,Howrah,2016-02-06,11,0,0,0,0,0,0,0,0,0,0.0,0.193541,0,0.0,0,211,4,2,0.98,0.2181,GREEN,22,Kolkata
CLM0045471,KOL_09094,Salt Lake,2022-08-01,8,0,0,0,0,0,0,0,0,0,0.0,0.283369,0,0.0,0,237,2,0,0.7062,0.0,GREEN,29,Kolkata
CLM0045472,KOL_01868,Esplanade,2015-12-13,7,0,0,0,0,0,0,0,0,0,0.0,0.14433,0,0.0,0,155,4,3,0.7148,0.0099,GREEN,27,Kolkata
CLM0045473,KOL_04632,Tollygunge,2020-08-03,11,0,0,0,0,0,0,0,0,0,0.0,0.324992,0,0.0,0,107,2,6,0.5837,0.0,GREEN,34,Kolkata
CLM0045474,KOL_05011,Garia,2025-12-25,9,0,1,1,0,0,0,0,1,0,0.0,0.021319,0,0.0,0,147,0,5,0.6802,0.0606,GREEN,44,Kolkata
CLM0045475,KOL_09699,Behala,2023-04-18,19,0,0,0,0,0,0,0,0,0,1.0,0.955517,0,1.0,0,414,3,0,0.6978,0.0651,GREEN,33,Kolkata
CLM0045476,KOL_00545,Tollygunge,2024-08-06,21,0,0,0,1,1,1,0,1,1,0.0,1.0,0,0.0,1,5,4,18,0.05,0.1538,GREEN,32,Kolkata
CLM0045477,KOL_06446,Behala,2025-09-21,15,0,0,0,0,0,0,0,0,0,0.0,0.192094,0,0.0,0,244,4,0,0.116,0.0015,GREEN,44,Kolkata
CLM0045478,KOL_00584,Behala,2023-06-29,16,0,0,0,0,0,0,0,0,0,0.0,0.199078,0,0.0,0,409,4,3,0.5919,0.0,GREEN,18,Kolkata
CLM0045479,KOL_02727,Sealdah,2025-01-06,17,0,0,0,0,0,1,0,0,0,0.0,0.319832,0,0.0,0,420,3,2,0.4658,0.0603,GREEN,35,Kolkata
CLM0045480,KOL_05319,Salt Lake,2024-04-11,18,0,0,0,0,0,0,0,0,0,0.0,0.478858,0,0.0,1,133,0,5,0.9464,0.0338,GREEN,23,Kolkata
CLM0045481,KOL_07386,Howrah,2023-07-27,17,0,0,0,0,0,0,0,1,0,1.0,0.179466,0,1.0,0,381,1,3,0.6931,0.193,GREEN,26,Kolkata
CLM0045482,KOL_07206,Howrah,2024-06-22,13,0,0,0,0,0,1,0,0,1,0.0,1.0,1,0.0,0,336,2,1,0.6118,0.3463,YELLOW,37,Kolkata
CLM0045483,KOL_06331,New Town,2023-10-10,19,0,1,1,0,0,0,0,0,0,0.0,0.0,1,0.0,0,420,3,4,0.1289,0.0722,GREEN,36,Kolkata
CLM0045484,KOL_01871,Salt Lake,2023-05-30,21,0,0,0,0,0,0,0,0,0,0.0,0.417818,0,0.0,0,98,0,0,0.7564,0.0,GREEN,46,Kolkata
CLM0045485,KOL_05937,Dum Dum,2024-08-05,9,0,0,0,0,0,0,1,0,0,0.0,0.172653,0,0.0,0,369,3,1,0.5414,0.0409,GREEN,42,Kolkata
CLM0045486,KOL_08824,Behala,2025-05-31,11,0,0,0,0,1,0,0,1,0,1.0,0.138433,0,0.0,0,112,1,1,0.98,0.2275,GREEN,43,Kolkata
CLM0045487,KOL_03346,Dum Dum,2024-05-13,11,0,0,0,0,0,0,0,0,0,0.0,0.005136,0,0.0,0,34,2,3,0.7372,0.0074,GREEN,36,Kolkata
CLM0045488,KOL_07477,Garia,2024-05-04,10,0,0,0,0,0,0,0,0,0,0.0,0.221747,0,0.0,0,420,1,1,0.5424,0.0066,GREEN,29,Kolkata
CLM0045489,KOL_06876,Park Street,2024-03-21,12,0,0,0,0,0,0,0,0,0,0.0,0.216203,1,0.0,0,227,0,4,0.1072,0.1378,GREEN,38,Kolkata
CLM0045490,KOL_02811,Tollygunge,2024-11-03,21,0,0,0,0,0,0,0,0,0,1.0,0.056544,0,0.0,0,420,1,1,0.2175,0.0168,GREEN,31,Kolkata
CLM0045491,KOL_01538,Dum Dum,2021-04-16,19,0,0,0,0,1,0,1,1,0,1.0,1.0,1,0.0,0,20,3,18,0.449,0.0,GREEN,38,Kolkata
CLM0045492,KOL_08967,Behala,2025-08-19,8,0,0,0,0,0,0,0,0,1,0.0,0.444386,0,0.0,0,420,1,2,0.2438,0.0658,GREEN,35,Kolkata
CLM0045493,KOL_05525,Esplanade,2021-03-22,8,0,0,0,1,1,1,1,1,0,1.0,1.0,1,0.0,1,17,4,18,0.2723,0.1451,GREEN,49,Kolkata
CLM0045494,KOL_05758,New Town,2024-05-30,7,0,0,0,1,0,1,0,0,0,0.0,0.275665,0,0.0,1,111,3,2,0.6743,0.4186,YELLOW,32,Kolkata
CLM0045495,KOL_04266,Salt Lake,2025-08-27,7,0,0,0,0,0,0,0,0,0,0.0,0.431887,0,0.0,0,327,4,1,0.05,0.0005,GREEN,42,Kolkata
CLM0045496,KOL_06060,Sealdah,2025-02-09,19,0,0,0,0,0,0,0,0,0,0.0,0.054235,1,0.0,0,160,3,2,0.5058,0.2238,GREEN,41,Kolkata
CLM0045497,KOL_03365,Howrah,2025-10-09,10,0,0,0,0,0,0,0,0,0,0.0,0.203428,0,0.0,0,420,1,0,0.6019,0.0,GREEN,40,Kolkata
CLM0045498,KOL_09000,Sealdah,2024-01-18,14,0,0,0,0,0,0,0,0,0,0.0,0.23752,0,0.0,0,352,2,1,0.6214,0.0091,GREEN,49,Kolkata
CLM0045499,KOL_04912,Sealdah,2025-02-20,20,0,0,0,0,0,0,0,0,0,0.0,0.151502,0,0.0,0,263,1,4,0.814,0.025,GREEN,22,Kolkata
CLM0045500,KOL_01741,Esplanade,2024-09-18,19,0,0,0,0,0,0,1,0,0,0.0,0.337834,0,0.0,0,398,3,2,0.5538,0.0,GREEN,30,Kolkata
CLM0045501,KOL_05814,Esplanade,2024-12-04,9,0,0,0,1,0,0,0,0,0,0.0,0.125429,0,0.0,0,297,2,0,0.9131,0.1375,GREEN,31,Kolkata
CLM0045502,KOL_07679,Dum Dum,2024-05-18,14,0,0,0,0,0,0,0,0,0,1.0,1.0,0,1.0,0,364,2,5,0.832,0.0,GREEN,32,Kolkata
CLM0045503,KOL_07508,Sealdah,2025-04-13,13,0,0,0,0,0,0,0,0,0,0.0,0.04555,0,0.0,1,420,0,3,0.8598,0.1012,GREEN,33,Kolkata
CLM0045504,KOL_01654,New Town,2021-05-22,10,0,0,0,0,0,0,0,0,0,0.0,0.389391,0,0.0,0,165,2,2,0.934,0.0,GREEN,20,Kolkata
CLM0045505,KOL_01434,Park Street,2025-04-04,15,0,0,0,0,0,0,0,0,0,0.0,0.016222,0,0.0,1,178,3,4,0.9401,0.0,GREEN,22,Kolkata
CLM0045506,KOL_05213,Dum Dum,2022-09-10,16,0,0,0,0,0,0,0,0,1,0.0,0.248907,0,1.0,0,303,2,2,0.0827,0.1386,GREEN,27,Kolkata
CLM0045507,KOL_01906,Esplanade,2025-03-31,8,0,0,0,0,0,1,0,0,0,0.0,0.0,0,0.0,0,242,4,1,0.98,0.1891,GREEN,38,Kolkata
CLM0045508,KOL_09717,New Town,2023-01-02,8,0,0,0,0,0,1,0,0,0,0.0,0.208186,0,0.0,0,420,2,0,0.5862,0.085,GREEN,32,Kolkata
CLM0045509,KOL_00451,New Town,2025-06-28,18,0,0,0,0,0,0,0,1,0,0.0,1.0,0,1.0,0,403,2,2,0.7374,0.157,GREEN,29,Kolkata
CLM0045510,KOL_08594,Tollygunge,2019-11-08,8,0,0,0,0,0,0,0,0,0,0.0,0.309298,0,0.0,0,291,1,1,0.6749,0.0,GREEN,39,Kolkata
CLM0045511,KOL_02810,Dum Dum,2021-08-31,18,0,0,0,1,0,0,0,0,0,0.0,0.160541,0,0.0,0,420,2,3,0.5566,0.2383,GREEN,34,Kolkata
CLM0045512,KOL_03959,Tollygunge,2018-07-02,10,0,1,1,0,0,0,0,0,0,0.0,0.0,0,0.0,0,138,2,2,0.9035,0.0428,GREEN,39,Kolkata
CLM0045513,KOL_05926,New Town,2025-06-06,21,0,0,0,0,0,0,0,0,0,1.0,0.0,0,0.0,0,393,1,2,0.98,0.0384,GREEN,50,Kolkata
CLM0045514,KOL_05606,Tollygunge,2021-11-09,21,0,0,0,0,0,0,0,0,0,0.0,0.179977,0,0.0,0,359,3,6,0.98,0.0,GREEN,25,Kolkata
CLM0045515,KOL_02847,Park Street,2023-01-14,12,0,0,0,0,0,0,0,0,0,0.0,0.258713,0,0.0,0,346,4,4,0.6548,0.0035,GREEN,47,Kolkata
CLM0045516,KOL_05423,Sealdah,2023-04-16,11,0,0,0,0,0,0,0,1,0,0.0,0.321362,0,1.0,0,354,1,0,0.769,0.1544,GREEN,33,Kolkata
CLM0045517,KOL_09624,New Town,2020-07-08,8,0,0,0,0,1,0,0,0,0,0.0,0.056946,0,0.0,0,224,4,0,0.6862,0.1183,GREEN,31,Kolkata
CLM0045518,KOL_08818,Sealdah,2022-10-24,10,0,0,0,0,0,0,0,0,0,0.0,0.245734,0,0.0,0,420,4,2,0.8138,0.0124,GREEN,40,Kolkata
CLM0045519,KOL_05068,Dum Dum,2021-07-28,13,0,0,0,0,0,0,0,0,0,0.0,0.142413,0,0.0,1,300,3,3,0.7096,0.0307,GREEN,27,Kolkata
CLM0045520,KOL_02597,Sealdah,2022-01-16,14,0,0,0,0,0,0,0,0,0,0.0,0.391807,0,0.0,0,233,1,1,0.05,0.0169,GREEN,50,Kolkata
CLM0045521,KOL_09514,Salt Lake,2020-03-26,14,0,0,0,0,0,0,0,0,0,0.0,0.370552,0,0.0,0,420,4,6,0.9505,0.0135,GREEN,37,Kolkata
CLM0045522,KOL_04026,Esplanade,2025-03-29,11,0,0,0,0,0,0,0,0,0,0.0,0.31533,0,0.0,0,130,0,3,0.8233,0.0,GREEN,41,Kolkata
CLM0045523,KOL_09402,Dum Dum,2019-03-19,18,0,0,0,0,0,0,0,0,0,1.0,0.099737,0,0.0,0,293,1,0,0.8408,0.0699,GREEN,19,Kolkata
CLM0045524,KOL_09211,Behala,2020-10-08,14,0,0,0,0,0,0,0,0,1,0.0,0.192513,0,0.0,0,292,4,6,0.9713,0.0907,GREEN,35,Kolkata
CLM0045525,KOL_03991,Tollygunge,2018-03-16,8,0,0,0,0,1,0,0,0,0,0.0,0.439753,0,0.0,0,179,2,5,0.8261,0.1781,GREEN,31,Kolkata
CLM0045526,KOL_00173,Dum Dum,2023-06-22,15,0,0,0,0,0,0,0,0,0,0.0,0.081938,0,1.0,1,104,3,1,0.9415,0.0552,GREEN,35,Kolkata
CLM0045527,KOL_07492,New Town,2021-12-07,13,0,0,0,0,0,0,0,0,0,0.0,0.184784,0,0.0,0,60,1,3,0.8836,0.0281,GREEN,31,Kolkata
CLM0045528,KOL_00872,Esplanade,2021-11-11,9,0,0,0,0,0,0,0,0,0,0.0,0.393031,0,0.0,0,420,4,1,0.7219,0.1096,GREEN,21,Kolkata
CLM0045529,KOL_06467,New Town,2024-01-12,19,0,0,0,0,0,0,0,1,0,0.0,1.0,0,0.0,0,76,2,7,0.3004,0.1549,GREEN,52,Kolkata
CLM0045530,KOL_05801,Sealdah,2024-03-11,8,0,0,0,0,0,0,0,0,0,0.0,0.280536,0,0.0,0,250,2,1,0.9434,0.0,GREEN,39,Kolkata
CLM0045531,KOL_00789,Park Street,2024-04-24,15,0,0,0,0,0,0,0,0,0,0.0,0.187237,0,0.0,0,385,4,6,0.0964,0.0,GREEN,28,Kolkata
CLM0045532,KOL_08229,Tollygunge,2025-04-09,20,0,0,0,0,0,0,0,0,0,0.0,0.358363,0,0.0,0,39,3,0,0.8287,0.0,GREEN,36,Kolkata
CLM0045533,KOL_01429,Park Street,2025-11-22,13,0,0,0,0,0,1,0,0,0,0.0,0.174467,0,0.0,0,273,4,1,0.4675,0.176,GREEN,34,Kolkata
CLM0045534,KOL_09856,Sealdah,2023-10-10,16,0,0,0,1,0,0,1,0,0,0.0,0.306415,0,0.0,0,186,3,0,0.7108,0.2479,GREEN,43,Kolkata
CLM0045535,KOL_02435,Behala,2025-12-18,14,0,0,0,0,0,1,0,0,0,0.0,0.157287,1,0.0,0,250,1,1,0.7841,0.2393,GREEN,31,Kolkata
CLM0045536,KOL_00191,Howrah,2023-06-27,20,0,0,0,0,0,0,0,0,1,0.0,0.180286,0,0.0,0,246,4,4,0.209,0.152,GREEN,47,Kolkata
CLM0045537,KOL_00535,Esplanade,2024-01-18,10,0,0,0,0,0,0,0,0,0,1.0,0.324092,0,0.0,0,59,2,0,0.0613,0.1139,GREEN,19,Kolkata
CLM0045538,KOL_04677,Garia,2022-12-26,19,0,1,1,0,0,0,0,0,0,0.0,0.289349,0,0.0,0,219,3,6,0.258,0.0098,GREEN,50,Kolkata
CLM0045539,KOL_08206,Sealdah,2023-09-10,11,0,0,0,0,0,0,0,0,0,0.0,0.170732,0,0.0,0,164,0,1,0.913,0.0,GREEN,34,Kolkata
CLM0045540,KOL_07670,New Town,2023-07-29,15,0,0,0,0,0,1,0,0,0,0.0,0.0,0,0.0,0,231,2,7,0.6595,0.1114,GREEN,44,Kolkata
CLM0045541,KOL_04531,Howrah,2025-03-11,10,0,0,0,0,0,0,0,0,0,0.0,0.34206,0,0.0,0,303,4,1,0.5786,0.0,GREEN,35,Kolkata
CLM0045542,KOL_05543,Howrah,2021-10-23,20,0,0,0,0,0,0,0,1,0,0.0,0.285207,0,0.0,0,369,3,2,0.6895,0.0164,GREEN,42,Kolkata
CLM0045543,KOL_06380,Esplanade,2025-06-10,8,0,0,0,0,0,0,0,0,0,0.0,0.048134,0,0.0,0,303,0,5,0.9543,0.0,GREEN,53,Kolkata
CLM0045544,KOL_02185,Esplanade,2024-10-23,20,0,0,0,0,0,0,0,0,0,0.0,1.0,0,0.0,0,216,2,2,0.1526,0.0641,GREEN,37,Kolkata
CLM0045545,KOL_08536,New Town,2020-05-12,19,0,0,0,0,0,0,0,0,0,0.0,0.389133,0,0.0,0,41,2,2,0.8173,0.0,GREEN,34,Kolkata
CLM0045546,KOL_04540,Howrah,2020-02-27,14,0,0,0,0,0,0,0,0,0,0.0,0.281216,0,0.0,0,344,0,5,0.8547,0.0,GREEN,18,Kolkata
CLM0045547,KOL_09971,Behala,2024-03-23,7,0,0,0,0,0,0,0,0,0,0.0,0.160559,0,0.0,0,184,3,2,0.515,0.0,GREEN,37,Kolkata
CLM0045548,KOL_03942,Salt Lake,2024-08-14,15,0,0,0,0,0,0,0,0,1,1.0,1.0,0,1.0,0,161,0,5,0.6891,0.1227,GREEN,41,Kolkata
CLM0045549,KOL_07542,Salt Lake,2023-08-22,17,0,0,0,0,0,1,0,0,0,0.0,0.870189,0,0.0,0,368,4,2,0.6756,0.0993,GREEN,40,Kolkata
CLM0045550,KOL_02476,Park Street,2021-01-05,16,0,0,0,0,0,0,0,0,0,0.0,1.0,0,0.0,1,29,4,3,0.8187,0.0,GREEN,49,Kolkata
CLM0045551,KOL_00580,Garia,2021-08-11,16,0,0,0,0,0,1,0,0,0,0.0,0.316851,0,0.0,0,147,3,4,0.6099,0.0386,GREEN,38,Kolkata
CLM0045552,KOL_00722,Behala,2018-05-24,21,0,0,0,0,0,0,0,0,0,0.0,0.228217,0,0.0,0,56,2,0,0.7689,0.0,GREEN,42,Kolkata
CLM0045553,KOL_07794,Salt Lake,2022-08-04,9,0,0,0,0,0,0,0,0,0,0.0,0.324612,0,0.0,0,97,1,3,0.1318,0.0595,GREEN,42,Kolkata
CLM0045554,KOL_03067,Dum Dum,2023-09-06,21,0,1,1,1,1,0,1,0,1,1.0,0.982665,0,0.0,0,5,2,18,0.5538,0.7716,RED,38,Kolkata
CLM0045555,KOL_09575,Sealdah,2025-07-17,9,0,1,1,1,1,1,0,0,1,1.0,1.0,0,0.0,1,5,1,18,0.3472,0.6091,YELLOW,40,Kolkata
CLM0045556,KOL_07981,Dum Dum,2023-08-13,12,0,1,1,0,0,0,1,0,1,1.0,0.992392,1,1.0,1,5,2,18,0.0794,0.3473,YELLOW,42,Kolkata
CLM0045557,KOL_03419,Tollygunge,2025-04-08,12,0,1,1,0,0,0,1,0,1,1.0,0.938918,0,0.0,1,27,0,18,0.3561,0.3596,YELLOW,28,Kolkata
CLM0045558,KOL_02515,Howrah,2025-12-13,14,0,1,1,1,1,0,1,1,1,1.0,0.006458,0,1.0,1,5,0,18,0.3046,0.7733,RED,49,Kolkata
CLM0045559,KOL_00111,Howrah,2023-11-12,21,0,1,1,1,0,0,1,1,1,0.0,0.08402,0,0.0,0,5,2,18,0.9191,0.6618,RED,36,Kolkata
CLM0045560,KOL_09176,Sealdah,2024-03-22,16,0,1,1,1,1,1,1,1,0,0.0,0.016176,0,0.0,0,7,1,18,0.8821,0.653,RED,38,Kolkata
CLM0045561,KOL_00172,Tollygunge,2024-02-17,13,0,1,1,1,1,1,1,1,1,1.0,1.0,0,0.0,1,5,1,18,0.4141,0.8195,RED,32,Kolkata
CLM0045562,KOL_07077,Dum Dum,2025-10-24,17,0,1,1,1,1,0,1,1,1,0.0,0.022651,1,0.0,0,5,1,18,0.8506,0.7302,RED,36,Kolkata
CLM0045563,KOL_07184,Esplanade,2025-07-02,13,0,1,1,0,0,0,0,0,0,0.0,0.284085,0,0.0,0,99,1,2,0.98,0.7541,RED,44,Kolkata
CLM0045564,KOL_06545,Garia,2025-04-19,10,0,1,1,1,1,1,1,1,1,1.0,0.909348,0,1.0,1,22,0,18,0.05,0.8699,RED,34,Kolkata
CLM0045565,KOL_03339,Park Street,2023-10-22,15,0,0,0,0,0,0,0,0,0,0.0,0.340497,0,0.0,0,255,0,2,0.98,0.0159,GREEN,24,Kolkata
CLM0045566,KOL_08544,Garia,2025-02-14,17,0,0,0,0,0,0,1,0,0,0.0,0.244883,1,0.0,0,306,1,2,0.05,0.1129,GREEN,34,Kolkata
CLM0045567,KOL_03283,New Town,2023-06-06,13,0,0,0,0,0,0,0,0,0,0.0,0.105224,0,0.0,0,346,4,3,0.8905,0.0,GREEN,38,Kolkata
CLM0045568,KOL_04318,Dum Dum,2024-11-02,19,0,0,0,0,0,0,0,0,0,0.0,0.0,0,0.0,0,119,3,0,0.98,0.0,GREEN,18,Kolkata
CLM0045569,KOL_06908,Garia,2022-12-08,13,0,0,0,0,0,0,0,0,0,0.0,0.158149,0,0.0,0,331,1,0,0.7316,0.0813,GREEN,23,Kolkata
CLM0045570,KOL_06550,Garia,2025-11-30,15,0,0,0,0,0,0,0,1,0,0.0,1.0,0,0.0,0,39,0,5,0.5139,0.0262,GREEN,30,Kolkata
CLM0045571,KOL_01131,Salt Lake,2022-07-07,14,0,0,0,0,0,0,0,0,0,0.0,0.431334,0,0.0,0,66,1,2,0.7751,0.0,GREEN,47,Kolkata
CLM0045572,KOL_05390,Esplanade,2023-01-02,20,0,0,0,0,0,0,0,1,0,0.0,1.0,0,0.0,0,158,1,1,0.98,0.1391,GREEN,37,Kolkata
CLM0045573,KOL_02520,Tollygunge,2025-02-16,17,0,0,0,0,0,1,0,0,0,0.0,0.232651,0,0.0,0,101,4,3,0.7007,0.0249,GREEN,40,Kolkata
CLM0045574,KOL_00805,Dum Dum,2025-09-12,8,0,0,0,0,0,0,0,0,0,0.0,0.283452,0,0.0,0,420,2,2,0.8562,0.0,GREEN,26,Kolkata
CLM0045575,KOL_00454,Sealdah,2023-06-03,18,0,0,0,0,0,0,1,0,0,0.0,0.084006,0,0.0,0,99,2,3,0.7162,0.0445,GREEN,46,Kolkata
CLM0045576,KOL_00919,Howrah,2021-07-09,13,0,0,0,0,0,0,0,0,0,0.0,0.006706,0,0.0,0,305,0,0,0.6598,0.0975,GREEN,18,Kolkata
CLM0045577,KOL_02525,Behala,2024-07-08,17,0,1,1,1,0,1,1,1,1,0.0,0.005462,1,0.0,0,13,3,18,0.9122,0.1327,GREEN,31,Kolkata
CLM0045578,KOL_05532,Esplanade,2024-07-28,12,0,0,0,0,0,0,0,0,0,0.0,0.983018,0,0.0,0,420,1,0,0.7156,0.0,GREEN,31,Kolkata
CLM0045579,KOL_05345,Garia,2020-01-20,9,0,0,0,0,0,1,0,0,0,0.0,0.168265,0,0.0,0,134,4,4,0.722,0.1092,GREEN,37,Kolkata
CLM0045580,KOL_02233,Tollygunge,2024-01-14,12,0,0,0,0,1,1,1,1,0,1.0,0.611706,1,0.0,1,5,1,18,0.4486,0.3751,YELLOW,29,Kolkata
CLM0045581,KOL_05860,Sealdah,2019-11-24,10,0,0,0,0,0,0,0,0,0,0.0,0.206715,0,0.0,0,420,4,0,0.6686,0.0,GREEN,40,Kolkata
CLM0045582,KOL_08069,New Town,2022-10-17,16,0,0,0,0,0,0,0,0,0,1.0,0.061639,0,0.0,0,94,3,0,0.6622,0.0,GREEN,38,Kolkata
CLM0045583,KOL_08714,New Town,2022-07-18,9,0,0,0,0,0,0,0,0,0,0.0,0.256143,0,0.0,0,165,4,1,0.8598,0.0,GREEN,48,Kolkata
CLM0045584,KOL_04643,Dum Dum,2023-01-06,19,0,0,0,0,0,0,0,0,0,0.0,0.32086,0,0.0,0,369,4,0,0.8257,0.0,GREEN,27,Kolkata
CLM0045585,KOL_09278,New Town,2018-12-28,19,0,1,1,0,0,0,0,1,0,1.0,0.97767,0,1.0,1,325,1,5,0.6715,0.1595,GREEN,21,Kolkata
CLM0045586,KOL_06622,New Town,2022-12-24,19,0,0,0,0,0,1,0,0,1,0.0,0.213683,0,0.0,0,346,2,4,0.05,0.1081,GREEN,55,Kolkata
CLM0045587,KOL_04545,Sealdah,2020-01-03,21,0,0,0,0,0,1,0,0,0,0.0,1.0,0,0.0,0,420,3,5,0.7975,0.1596,GREEN,47,Kolkata
CLM0045588,KOL_04569,Dum Dum,2022-05-23,18,0,0,0,0,0,0,0,0,0,0.0,0.357485,0,0.0,0,362,0,6,0.2032,0.0,GREEN,30,Kolkata
CLM0045589,KOL_01428,Tollygunge,2022-03-23,18,0,0,0,0,0,1,1,0,0,1.0,0.206234,0,0.0,0,355,1,0,0.5124,0.2795,GREEN,18,Kolkata
CLM0045590,KOL_05537,Garia,2018-09-13,17,0,0,0,0,0,0,0,0,0,0.0,0.142025,0,0.0,0,231,3,1,0.8606,0.0047,GREEN,46,Kolkata
CLM0045591,KOL_09588,Garia,2022-07-22,19,0,0,0,0,0,0,0,0,0,0.0,0.020573,0,0.0,0,58,1,3,0.9693,0.1566,GREEN,43,Kolkata
CLM0045592,KOL_02586,Howrah,2021-11-28,8,0,0,0,0,0,0,1,0,0,0.0,0.291177,0,1.0,1,403,0,0,0.98,0.1534,GREEN,62,Kolkata
CLM0045593,KOL_08321,New Town,2024-12-12,11,0,1,1,0,0,0,0,0,0,0.0,0.310395,0,0.0,0,420,2,1,0.3801,0.0406,GREEN,38,Kolkata
CLM0045594,KOL_05142,Sealdah,2024-03-22,7,0,0,0,1,0,0,0,0,0,0.0,0.294177,0,0.0,0,420,3,2,0.9467,0.14,GREEN,36,Kolkata
CLM0045595,KOL_08253,New Town,2020-02-18,13,0,0,0,0,0,0,0,0,0,0.0,0.0,0,0.0,0,46,4,0,0.394,0.0206,GREEN,28,Kolkata
CLM0045596,KOL_07134,Behala,2021-08-25,7,0,0,0,0,1,0,0,0,0,0.0,0.0,1,0.0,0,308,0,2,0.5988,0.1853,GREEN,29,Kolkata
CLM0045597,KOL_04789,Garia,2021-07-21,17,0,0,0,0,0,0,1,1,0,0.0,0.199201,0,0.0,1,5,4,18,0.881,0.0435,GREEN,27,Kolkata
CLM0045598,KOL_08159,Esplanade,2023-01-13,9,0,0,0,0,0,0,0,0,0,0.0,0.25347,0,0.0,0,24,3,2,0.9072,0.0383,GREEN,53,Kolkata
CLM0045599,KOL_09562,Sealdah,2021-11-15,21,0,0,0,0,0,0,0,0,0,0.0,0.953225,0,0.0,0,334,0,0,0.7442,0.0736,GREEN,31,Kolkata
CLM0045600,KOL_08829,Behala,2021-06-16,17,0,0,0,0,0,0,0,0,0,0.0,0.29123,0,0.0,0,420,2,5,0.6502,0.0,GREEN,32,Kolkata
CLM0045601,KOL_04080,Sealdah,2024-02-23,15,0,0,0,1,0,1,0,0,0,0.0,0.074824,1,0.0,0,16,4,18,0.7929,0.0,GREEN,29,Kolkata
CLM0045602,KOL_00312,Behala,2017-12-07,11,0,0,0,0,0,0,0,1,0,0.0,0.348494,0,0.0,0,384,1,0,0.851,0.1178,GREEN,30,Kolkata
CLM0045603,KOL_05773,Howrah,2024-04-03,12,0,0,0,0,1,1,0,0,0,1.0,0.242723,0,0.0,0,322,4,0,0.3404,0.0,GREEN,36,Kolkata
CLM0045604,KOL_01893,Sealdah,2023-08-27,9,0,0,0,0,0,0,0,0,0,0.0,0.071588,1,0.0,0,332,2,0,0.7973,0.0,GREEN,42,Kolkata
CLM0045605,KOL_04231,Behala,2019-09-17,19,0,0,0,0,0,0,0,0,0,0.0,0.425878,1,0.0,0,12,0,1,0.555,0.0915,GREEN,21,Kolkata
CLM0045606,KOL_04333,Garia,2025-10-29,11,0,0,0,0,0,1,0,0,0,0.0,0.382211,0,0.0,0,420,2,1,0.7702,0.0322,GREEN,38,Kolkata
CLM0045607,KOL_04080,Sealdah,2021-12-25,8,0,0,0,0,0,0,0,0,0,0.0,0.3877,0,0.0,0,104,2,6,0.9008,0.1364,GREEN,29,Kolkata
CLM0045608,KOL_02691,New Town,2024-04-08,13,0,0,0,0,0,0,0,1,0,1.0,0.121789,0,0.0,0,274,4,0,0.4983,0.1239,GREEN,37,Kolkata
CLM0045609,KOL_02735,Garia,2019-04-01,9,0,0,0,0,0,0,0,0,0,0.0,0.050287,0,0.0,0,256,0,2,0.4812,0.0248,GREEN,29,Kolkata
CLM0045610,KOL_05657,Park Street,2024-12-02,13,0,0,0,0,0,0,0,0,1,0.0,0.23121,1,0.0,0,261,4,1,0.5967,0.1651,GREEN,36,Kolkata
CLM0045611,KOL_04202,Tollygunge,2019-09-18,21,0,0,0,0,0,0,0,0,0,0.0,0.269216,0,0.0,0,38,2,4,0.8572,0.0,GREEN,44,Kolkata
CLM0045612,KOL_04273,Tollygunge,2023-02-26,7,0,0,0,0,0,0,0,0,0,0.0,0.148526,0,0.0,0,20,2,2,0.98,0.0052,GREEN,54,Kolkata
CLM0045613,KOL_06393,Howrah,2023-10-06,9,0,0,0,1,0,1,0,0,0,1.0,0.45533,0,0.0,0,301,3,4,0.4135,0.225,GREEN,22,Kolkata
CLM0045614,KOL_02570,Garia,2018-11-05,12,0,0,0,0,0,0,0,0,0,0.0,0.255808,0,0.0,0,158,1,4,0.7376,0.0271,GREEN,29,Kolkata
CLM0045615,KOL_07498,Esplanade,2017-04-02,18,0,0,0,0,0,0,0,0,0,0.0,0.367648,0,0.0,0,266,0,0,0.916,0.0,GREEN,36,Kolkata
CLM0045616,KOL_01482,Esplanade,2020-09-17,15,0,0,0,0,0,0,0,0,0,0.0,0.154397,0,0.0,0,175,1,1,0.0906,0.012,GREEN,37,Kolkata
CLM0045617,KOL_02242,Tollygunge,2018-03-23,8,0,0,0,0,0,0,0,0,0,0.0,0.048563,0,0.0,0,311,0,2,0.8207,0.1029,GREEN,47,Kolkata
CLM0045618,KOL_05649,Garia,2019-02-17,13,0,0,0,1,1,0,1,0,1,1.0,0.937152,0,0.0,0,32,3,9,0.98,0.0239,GREEN,36,Kolkata
CLM0045619,KOL_08988,Park Street,2025-07-10,8,0,0,0,0,1,0,0,0,0,0.0,0.282292,0,0.0,0,134,3,2,0.7104,0.2605,GREEN,42,Kolkata
CLM0045620,KOL_03221,Park Street,2025-10-17,10,0,0,0,0,0,1,1,0,0,1.0,0.985475,0,1.0,0,345,2,0,0.98,0.1278,GREEN,41,Kolkata
CLM0045621,KOL_06630,Salt Lake,2021-05-10,17,0,0,0,0,0,1,0,0,0,1.0,0.224934,0,0.0,0,293,2,8,0.7477,0.2039,GREEN,42,Kolkata
CLM0045622,KOL_04590,Tollygunge,2025-09-20,18,0,0,0,0,0,0,0,0,0,0.0,0.100398,0,0.0,0,282,3,4,0.9245,0.0,GREEN,29,Kolkata
CLM0045623,KOL_01356,Dum Dum,2020-03-12,10,0,0,0,0,0,0,0,0,0,0.0,0.450884,0,1.0,0,239,3,4,0.7328,0.0,GREEN,30,Kolkata
CLM0045624,KOL_09171,New Town,2021-04-15,13,0,0,0,1,0,0,1,0,0,1.0,0.13657,1,0.0,0,420,4,0,0.6737,0.3489,YELLOW,33,Kolkata
CLM0045625,KOL_09925,Dum Dum,2025-10-23,7,0,0,0,0,0,0,0,0,0,0.0,0.179885,0,0.0,0,390,3,0,0.756,0.0,GREEN,37,Kolkata
CLM0045626,KOL_05004,Tollygunge,2020-06-30,21,0,0,0,0,1,0,0,1,0,0.0,0.358736,0,0.0,0,86,4,2,0.1025,0.1749,GREEN,33,Kolkata
CLM0045627,KOL_04299,Behala,2025-11-18,8,0,0,0,0,0,0,0,0,0,0.0,0.0,0,0.0,0,7,3,0,0.1933,0.0363,GREEN,49,Kolkata
CLM0045628,KOL_00205,Dum Dum,2025-06-02,7,0,0,0,0,0,0,0,0,1,0.0,0.089818,0,0.0,0,357,3,1,0.6864,0.1246,GREEN,37,Kolkata
CLM0045629,KOL_02923,Park Street,2025-12-16,16,0,0,0,1,0,0,0,0,0,0.0,0.276323,0,0.0,0,336,2,3,0.0942,0.1655,GREEN,43,Kolkata
CLM0045630,KOL_09061,Garia,2022-09-03,10,0,0,0,0,0,0,1,0,0,0.0,0.291641,0,0.0,0,420,0,6,0.98,0.1012,GREEN,36,Kolkata
CLM0045631,KOL_06331,New Town,2023-10-05,15,0,0,0,0,0,0,0,1,0,0.0,0.17224,0,0.0,0,225,2,0,0.05,0.1928,GREEN,36,Kolkata
CLM0045632,KOL_09093,Sealdah,2022-10-25,16,0,1,1,0,0,1,0,0,0,0.0,0.400319,0,1.0,0,166,4,3,0.5832,0.1535,GREEN,27,Kolkata
CLM0045633,KOL_08935,Park Street,2025-06-08,13,0,0,0,0,0,0,0,0,0,0.0,0.063408,0,0.0,0,120,4,4,0.9318,0.1253,GREEN,24,Kolkata
CLM0045634,KOL_07587,Esplanade,2025-03-27,8,0,0,0,0,1,0,0,0,1,0.0,0.0,0,0.0,1,142,2,0,0.4875,0.0691,GREEN,57,Kolkata
CLM0045635,KOL_08138,Sealdah,2024-02-15,19,0,0,0,0,0,0,1,0,0,0.0,0.046087,0,0.0,0,31,0,2,0.2401,0.1049,GREEN,37,Kolkata
CLM0045636,KOL_00410,Garia,2024-09-27,21,0,0,0,0,0,0,0,0,0,0.0,0.022576,0,0.0,0,60,2,3,0.9695,0.0,GREEN,39,Kolkata
CLM0045637,KOL_06695,Garia,2024-07-31,7,0,0,0,0,0,0,0,0,1,0.0,0.088262,0,0.0,0,228,3,0,0.7536,0.2003,GREEN,39,Kolkata
CLM0045638,KOL_05969,Esplanade,2022-12-05,9,0,0,0,0,0,0,0,0,0,0.0,0.0,0,0.0,1,292,3,6,0.7383,0.0,GREEN,18,Kolkata
CLM0045639,KOL_02825,Park Street,2022-12-10,7,0,0,0,0,0,0,0,0,0,1.0,0.261534,0,0.0,0,420,4,0,0.98,0.0,GREEN,46,Kolkata
CLM0045640,KOL_05750,Howrah,2024-04-14,10,0,0,0,0,0,0,0,0,0,0.0,0.279655,0,0.0,0,214,0,2,0.3318,0.0,GREEN,31,Kolkata
CLM0045641,KOL_02833,New Town,2024-03-24,20,0,0,0,1,0,0,1,0,1,0.0,0.209459,0,0.0,1,5,3,18,0.98,0.0622,GREEN,40,Kolkata
CLM0045642,KOL_02402,Salt Lake,2023-04-25,19,0,0,0,0,0,0,0,0,0,0.0,0.261572,0,0.0,0,134,4,1,0.7548,0.0801,GREEN,32,Kolkata
CLM0045643,KOL_00573,Dum Dum,2025-10-16,16,0,0,0,0,0,0,0,0,0,0.0,0.0,0,0.0,0,147,3,0,0.8138,0.0015,GREEN,27,Kolkata
CLM0045644,KOL_04418,Salt Lake,2023-11-24,7,0,0,0,0,0,0,0,0,0,0.0,0.420728,0,0.0,0,270,3,2,0.7405,0.0,GREEN,20,Kolkata
CLM0045645,KOL_01294,Park Street,2025-01-20,9,0,0,0,0,0,0,0,0,0,0.0,0.210908,0,0.0,0,305,0,5,0.9268,0.1278,GREEN,35,Kolkata
CLM0045646,KOL_00897,Salt Lake,2022-01-18,7,0,0,0,0,0,0,0,0,0,0.0,0.275343,0,0.0,0,262,1,1,0.05,0.0549,GREEN,29,Kolkata
CLM0045647,KOL_07275,Esplanade,2025-12-02,16,0,0,0,0,0,0,0,1,1,0.0,0.222116,0,0.0,0,145,0,0,0.5859,0.2477,GREEN,43,Kolkata
CLM0045648,KOL_03296,Esplanade,2023-01-08,13,0,0,0,0,0,0,0,0,0,0.0,0.095913,0,0.0,0,176,4,5,0.6849,0.0104,GREEN,31,Kolkata
CLM0045649,KOL_07904,Behala,2023-05-29,7,0,0,0,0,0,0,0,0,0,0.0,0.233061,0,0.0,0,229,0,0,0.0519,0.0102,GREEN,18,Kolkata
CLM0045650,KOL_03604,Dum Dum,2024-03-17,18,0,0,0,0,0,0,0,0,0,0.0,0.314414,0,0.0,0,128,1,0,0.5091,0.0575,GREEN,25,Kolkata
CLM0045651,KOL_07311,Dum Dum,2025-12-01,10,0,0,0,0,0,0,0,0,0,0.0,0.044201,0,1.0,0,211,0,4,0.8464,0.1038,GREEN,31,Kolkata
CLM0045652,KOL_08080,New Town,2025-08-15,15,0,0,0,1,0,0,0,0,0,0.0,0.311037,0,0.0,0,184,2,3,0.98,0.1816,GREEN,47,Kolkata
CLM0045653,KOL_07947,Garia,2023-09-09,16,0,0,0,0,0,0,0,0,0,0.0,0.432723,0,0.0,1,327,1,4,0.6369,0.0267,GREEN,46,Kolkata
CLM0045654,KOL_04374,Park Street,2022-05-13,13,0,0,0,0,0,0,1,0,0,0.0,0.157788,0,0.0,0,285,1,1,0.98,0.0395,GREEN,36,Kolkata
CLM0045655,KOL_01542,Behala,2020-09-27,16,0,0,0,0,0,0,0,0,0,0.0,1.0,0,0.0,0,223,2,0,0.8825,0.0,GREEN,38,Kolkata
CLM0045656,KOL_00572,Garia,2023-06-11,18,0,0,0,0,1,0,0,0,0,1.0,0.246777,0,0.0,0,140,2,4,0.7108,0.1011,GREEN,24,Kolkata
CLM0045657,KOL_08645,Sealdah,2023-06-07,8,0,0,0,0,0,0,0,0,0,0.0,0.334074,0,0.0,0,212,1,4,0.9756,0.0,GREEN,25,Kolkata
CLM0045658,KOL_01636,Behala,2021-12-14,14,1,0,0,0,0,0,0,1,0,0.0,0.097778,0,0.0,0,154,3,5,0.9182,0.1052,GREEN,22,Kolkata
CLM0045659,KOL_01900,Park Street,2024-03-19,13,0,0,0,1,0,0,0,0,0,0.0,0.138507,0,0.0,0,167,1,3,0.5786,0.1733,GREEN,40,Kolkata
CLM0045660,KOL_03526,Behala,2025-03-19,15,0,0,0,0,0,0,0,0,0,0.0,0.128237,0,0.0,0,338,0,2,0.9042,0.0,GREEN,39,Kolkata
CLM0045661,KOL_01035,Behala,2018-09-15,15,0,0,0,0,0,0,0,0,0,0.0,1.0,0,0.0,0,302,0,3,0.7523,0.0264,GREEN,37,Kolkata
CLM0045662,KOL_03057,Behala,2019-01-12,9,0,0,0,0,0,0,0,0,0,0.0,0.378891,0,0.0,1,318,2,1,0.8945,0.0057,GREEN,32,Kolkata
CLM0045663,KOL_03951,Dum Dum,2022-05-28,17,0,0,0,0,0,0,0,0,0,0.0,0.900119,0,0.0,0,124,3,0,0.8543,0.0,GREEN,54,Kolkata
CLM0045664,KOL_06743,Behala,2024-08-11,16,0,0,0,0,0,0,0,0,0,0.0,0.280714,0,0.0,0,214,0,0,0.9432,0.2125,GREEN,35,Kolkata
CLM0045665,KOL_03079,Behala,2024-08-29,19,0,0,0,0,0,0,1,0,0,0.0,0.234175,0,0.0,1,103,1,1,0.9282,0.1144,GREEN,37,Kolkata
CLM0045666,KOL_02929,Howrah,2025-11-15,11,0,0,0,0,0,0,0,0,0,1.0,0.303337,1,1.0,0,148,2,1,0.856,0.1315,GREEN,41,Kolkata
CLM0045667,KOL_08411,Garia,2025-04-27,19,0,0,0,0,0,0,0,0,0,0.0,0.070813,0,0.0,0,246,2,3,0.4901,0.0,GREEN,35,Kolkata
CLM0045668,KOL_08807,Garia,2024-07-21,8,0,0,0,0,0,0,0,0,0,0.0,0.041832,0,0.0,0,410,4,6,0.8005,0.0,GREEN,18,Kolkata
CLM0045669,KOL_04289,Park Street,2025-10-07,21,0,0,0,0,0,0,0,0,0,0.0,0.360747,0,0.0,0,420,2,4,0.98,0.0825,GREEN,18,Kolkata
CLM0045670,KOL_02023,Behala,2019-09-09,12,0,0,0,0,0,0,0,1,0,0.0,0.166414,0,0.0,0,335,1,1,0.1006,0.1348,GREEN,26,Kolkata
CLM0045671,KOL_08356,Garia,2020-08-18,8,0,0,0,0,0,0,0,0,1,0.0,0.088429,0,0.0,0,244,3,0,0.9247,0.1739,GREEN,22,Kolkata
CLM0045672,KOL_01313,Salt Lake,2024-03-03,19,0,0,0,0,0,0,0,0,0,0.0,0.360045,0,0.0,1,51,3,2,0.5505,0.0758,GREEN,45,Kolkata
CLM0045673,KOL_09233,Dum Dum,2020-04-04,14,0,1,1,1,1,1,1,0,0,0.0,1.0,0,0.0,1,5,2,14,0.1547,0.7843,RED,35,Kolkata
CLM0045674,KOL_02089,Howrah,2023-12-01,8,0,1,1,1,1,0,1,1,1,1.0,0.234314,0,1.0,1,14,1,18,0.3714,0.8305,RED,29,Kolkata
CLM0045675,KOL_05339,Garia,2024-09-16,19,0,0,0,0,0,0,0,0,0,0.0,0.229076,0,0.0,0,383,4,0,0.9104,0.0,GREEN,34,Kolkata
CLM0045676,KOL_09572,Sealdah,2025-03-12,18,0,0,0,0,1,1,1,1,1,1.0,0.053281,0,1.0,1,5,2,18,0.3457,0.0,GREEN,53,Kolkata
CLM0045677,KOL_04647,Sealdah,2025-12-15,12,0,0,0,0,0,0,0,0,0,1.0,0.275001,0,0.0,0,197,2,2,0.7549,0.0939,GREEN,37,Kolkata
CLM0045678,KOL_04329,Howrah,2025-01-28,16,0,0,0,0,0,0,0,0,0,0.0,0.08887,0,1.0,0,345,2,0,0.6324,0.1077,GREEN,35,Kolkata
CLM0045679,KOL_02191,Tollygunge,2025-03-22,18,0,0,0,0,0,0,0,0,0,0.0,0.0,0,0.0,0,80,0,2,0.9102,0.0776,GREEN,38,Kolkata
CLM0045680,KOL_07687,Garia,2025-01-24,17,0,0,0,0,0,0,1,0,1,1.0,0.072137,0,0.0,0,63,1,7,0.7705,0.2087,GREEN,27,Kolkata
CLM0045681,KOL_01815,Salt Lake,2024-11-07,10,0,0,0,0,0,0,0,0,1,0.0,0.095481,0,0.0,0,356,0,0,0.7687,0.2111,GREEN,65,Kolkata
CLM0045682,KOL_04880,Behala,2024-06-19,21,0,0,0,0,0,0,0,0,0,0.0,0.264685,0,0.0,1,114,1,7,0.9238,0.1636,GREEN,23,Kolkata
CLM0045683,KOL_07066,New Town,2024-11-24,17,0,0,0,0,0,0,0,0,0,1.0,0.26332,0,1.0,0,420,1,3,0.4995,0.0233,GREEN,21,Kolkata
CLM0045684,KOL_03236,Tollygunge,2025-05-20,8,0,0,0,0,0,0,0,1,0,0.0,0.257845,0,0.0,0,223,0,2,0.7433,0.1721,GREEN,38,Kolkata
CLM0045685,KOL_07310,New Town,2025-03-21,10,0,0,0,0,0,0,0,0,0,0.0,0.930331,0,0.0,1,219,3,0,0.9439,0.0909,GREEN,32,Kolkata
CLM0045686,KOL_09583,Howrah,2025-06-14,20,0,0,0,0,0,0,0,0,0,0.0,0.0,0,0.0,0,246,0,2,0.5282,0.1339,GREEN,34,Kolkata
CLM0045687,KOL_07866,Tollygunge,2025-11-24,19,0,0,0,0,0,0,0,0,1,0.0,0.214499,0,0.0,0,99,0,4,0.05,0.1281,GREEN,29,Kolkata
CLM0045688,KOL_09552,New Town,2025-08-09,7,0,0,0,0,0,0,0,0,0,0.0,0.078765,0,0.0,0,341,4,4,0.98,0.0261,GREEN,18,Kolkata
CLM0045689,KOL_03310,Tollygunge,2025-07-27,12,0,0,0,0,0,0,0,0,0,0.0,0.348812,0,0.0,0,323,2,0,0.05,0.0815,GREEN,29,Kolkata
CLM0045690,KOL_00738,Dum Dum,2023-11-04,17,0,0,0,0,0,0,0,0,0,1.0,0.120313,0,0.0,0,175,0,0,0.5716,0.0,GREEN,23,Kolkata
CLM0045691,KOL_03483,Howrah,2023-05-19,18,0,0,0,0,0,0,0,0,0,0.0,0.217161,0,0.0,0,232,4,0,0.6544,0.0158,GREEN,18,Kolkata
CLM0045692,KOL_04684,Park Street,2025-08-06,21,0,0,0,0,0,0,0,0,0,0.0,0.243573,0,0.0,0,189,4,2,0.8142,0.0,GREEN,59,Kolkata
CLM0045693,KOL_05969,Esplanade,2024-02-08,16,0,0,0,0,0,0,0,1,0,0.0,0.344786,0,0.0,0,324,2,4,0.1283,0.1319,GREEN,18,Kolkata
CLM0045694,KOL_03943,Behala,2023-08-22,16,0,0,0,0,1,0,0,0,0,0.0,0.910614,0,0.0,0,322,4,0,0.8174,0.0898,GREEN,18,Kolkata
CLM0045695,KOL_03027,New Town,2023-11-02,8,0,0,0,0,0,0,0,0,0,1.0,0.42907,0,0.0,0,21,3,7,0.686,0.1266,GREEN,28,Kolkata
CLM0045696,KOL_01076,Salt Lake,2025-10-19,10,0,0,0,0,0,1,0,0,0,0.0,0.284883,0,0.0,0,246,1,4,0.9673,0.0982,GREEN,36,Kolkata
CLM0045697,KOL_09036,New Town,2022-01-18,13,0,0,0,0,0,1,0,0,0,0.0,0.240426,0,0.0,0,284,2,6,0.8933,0.1025,GREEN,39,Kolkata
CLM0045698,KOL_00975,Sealdah,2024-10-28,13,0,0,0,0,0,0,0,0,0,1.0,0.16317,0,0.0,0,407,4,2,0.9278,0.1285,GREEN,21,Kolkata
CLM0045699,KOL_08910,Dum Dum,2025-02-04,18,0,0,0,0,0,0,0,0,0,0.0,0.017626,0,0.0,0,215,4,0,0.6784,0.0237,GREEN,53,Kolkata
CLM0045700,KOL_03343,Salt Lake,2023-02-27,9,0,0,0,0,0,0,0,0,0,0.0,1.0,0,0.0,0,158,4,3,0.6337,0.0538,GREEN,29,Kolkata
CLM0045701,KOL_01568,Salt Lake,2024-04-14,16,0,0,0,0,0,0,0,0,0,1.0,0.069403,1,0.0,0,420,3,0,0.5353,0.0765,GREEN,20,Kolkata
CLM0045702,KOL_02131,Esplanade,2022-11-30,19,0,0,0,0,0,0,1,0,0,0.0,0.077896,0,0.0,1,74,3,0,0.68,0.2235,GREEN,32,Kolkata
CLM0045703,KOL_05574,New Town,2023-05-10,9,0,0,0,0,0,0,0,1,0,0.0,1.0,0,0.0,0,96,0,2,0.05,0.0145,GREEN,48,Kolkata
CLM0045704,KOL_02397,Esplanade,2023-03-16,15,0,0,0,0,0,0,0,0,0,1.0,0.175429,0,0.0,0,410,0,2,0.9235,0.1059,GREEN,51,Kolkata
CLM0045705,KOL_07470,Esplanade,2020-08-03,21,0,0,0,0,0,0,0,0,0,0.0,0.154404,0,0.0,0,420,2,0,0.98,0.0916,GREEN,39,Kolkata
CLM0045706,KOL_00848,Tollygunge,2022-05-06,20,0,0,0,0,0,1,0,0,0,0.0,0.205221,0,0.0,0,124,3,7,0.2433,0.0904,GREEN,57,Kolkata
CLM0045707,KOL_00768,New Town,2024-12-06,14,0,1,1,0,0,0,0,0,0,0.0,0.042644,0,0.0,0,420,0,1,0.838,0.0168,GREEN,33,Kolkata
CLM0045708,KOL_03470,Howrah,2021-04-01,12,0,0,0,0,0,0,0,0,0,0.0,0.118296,0,0.0,0,263,4,0,0.05,0.0266,GREEN,40,Kolkata
CLM0045709,KOL_04292,Park Street,2019-12-22,19,0,0,0,0,0,0,0,0,0,1.0,0.339542,0,0.0,0,214,3,0,0.7099,0.0472,GREEN,28,Kolkata
CLM0045710,KOL_04134,Tollygunge,2022-01-19,16,0,0,0,0,0,0,0,0,0,0.0,0.046509,0,0.0,0,262,4,0,0.6789,0.0,GREEN,42,Kolkata
CLM0045711,KOL_03614,Park Street,2021-08-02,10,0,0,0,0,0,0,0,0,1,0.0,0.060388,0,0.0,0,98,1,1,0.8004,0.0418,GREEN,23,Kolkata
CLM0045712,KOL_07758,New Town,2020-05-01,12,0,0,0,0,0,0,0,0,0,0.0,0.379759,0,0.0,0,374,2,2,0.5925,0.0,GREEN,34,Kolkata
CLM0045713,KOL_05592,Behala,2019-05-11,17,0,0,0,0,0,0,0,0,0,0.0,0.206522,0,0.0,0,420,1,4,0.8511,0.07,GREEN,41,Kolkata
CLM0045714,KOL_07854,Park Street,2023-05-23,9,0,0,0,1,0,0,0,0,0,0.0,0.26721,0,0.0,1,420,0,3,0.5943,0.1862,GREEN,51,Kolkata
CLM0045715,KOL_03808,Dum Dum,2021-11-19,19,0,0,0,0,0,1,0,0,0,0.0,0.021814,0,0.0,0,304,0,3,0.5534,0.0515,GREEN,37,Kolkata
CLM0045716,KOL_00191,Howrah,2024-04-15,13,0,0,0,0,0,0,0,0,1,0.0,0.128376,0,0.0,0,389,4,0,0.9689,0.0868,GREEN,47,Kolkata
CLM0045717,KOL_07216,Sealdah,2019-03-19,16,0,0,0,0,0,0,0,0,1,0.0,0.126215,0,0.0,0,314,1,2,0.7572,0.1654,GREEN,20,Kolkata
CLM0045718,KOL_09698,Tollygunge,2019-08-25,17,0,0,0,0,0,1,0,0,0,0.0,0.419561,0,1.0,0,259,1,0,0.7223,0.0769,GREEN,32,Kolkata
CLM0045719,KOL_07789,Park Street,2022-07-12,16,0,0,0,0,0,0,0,0,0,0.0,0.051097,0,0.0,0,378,3,4,0.7753,0.113,GREEN,64,Kolkata
CLM0045720,KOL_02016,Dum Dum,2020-11-18,16,0,0,0,0,0,0,1,0,0,0.0,0.110073,0,0.0,0,141,4,0,0.8675,0.088,GREEN,25,Kolkata
CLM0045721,KOL_04202,Tollygunge,2025-05-23,11,0,0,0,1,1,0,1,1,1,1.0,0.968722,1,1.0,1,47,0,18,0.3904,0.0,GREEN,44,Kolkata
CLM0045722,KOL_02614,New Town,2021-01-18,13,0,0,0,0,0,0,0,0,0,0.0,0.210678,0,0.0,0,107,1,5,0.1091,0.0,GREEN,47,Kolkata
CLM0045723,KOL_06273,Dum Dum,2020-04-13,12,0,0,0,0,0,0,0,0,0,0.0,0.205842,1,0.0,0,237,0,0,0.0814,0.0,GREEN,50,Kolkata
CLM0045724,KOL_00498,Esplanade,2021-12-01,12,0,0,0,0,0,0,0,0,0,0.0,0.2074,0,0.0,0,171,3,1,0.3885,0.0,GREEN,36,Kolkata
CLM0045725,KOL_04249,Dum Dum,2023-03-22,13,0,0,0,0,0,0,0,0,0,0.0,0.142583,0,1.0,0,420,2,2,0.677,0.058,GREEN,42,Kolkata
CLM0045726,KOL_03686,Howrah,2023-03-14,15,0,0,0,0,1,0,0,0,0,0.0,0.355654,0,0.0,0,371,3,1,0.6041,0.1352,GREEN,24,Kolkata
CLM0045727,KOL_00983,Salt Lake,2019-12-14,10,0,0,0,0,0,1,0,0,0,0.0,0.135424,0,0.0,0,190,0,6,0.6437,0.1292,GREEN,29,Kolkata
CLM0045728,KOL_07146,New Town,2020-10-15,11,0,0,0,0,0,0,0,0,0,0.0,0.884067,0,0.0,1,80,2,1,0.8551,0.0104,GREEN,23,Kolkata
CLM0045729,KOL_06106,Park Street,2025-01-07,8,0,0,0,0,0,0,0,0,0,1.0,0.161192,0,0.0,0,420,3,1,0.5579,0.1026,GREEN,47,Kolkata
CLM0045730,KOL_00896,Howrah,2021-08-16,19,0,0,0,0,0,1,0,0,0,0.0,0.346827,0,0.0,0,151,0,3,0.7778,0.0842,GREEN,50,Kolkata
CLM0045731,KOL_01471,New Town,2024-03-29,14,0,0,0,0,0,1,0,0,0,0.0,0.377426,0,0.0,0,63,3,3,0.7356,0.1598,GREEN,36,Kolkata
CLM0045732,KOL_07528,Behala,2025-12-15,18,0,0,0,0,0,0,0,0,0,1.0,1.0,0,1.0,0,87,0,1,0.6131,0.0359,GREEN,61,Kolkata
CLM0045733,KOL_05112,Dum Dum,2021-12-19,15,0,0,0,0,0,0,0,0,0,0.0,0.338713,0,0.0,0,189,1,4,0.7214,0.0,GREEN,48,Kolkata
CLM0045734,KOL_09723,Behala,2022-10-31,13,0,0,0,0,0,0,0,0,0,0.0,0.366219,0,0.0,0,295,4,3,0.7968,0.031,GREEN,35,Kolkata
CLM0045735,KOL_09714,New Town,2025-05-30,18,0,0,0,0,0,0,1,0,0,0.0,0.007655,0,0.0,0,139,4,0,0.98,0.0088,GREEN,41,Kolkata
CLM0045736,KOL_01434,Park Street,2020-01-17,16,0,0,0,0,0,0,1,0,0,0.0,0.0,0,0.0,1,307,0,5,0.2815,0.1661,GREEN,22,Kolkata
CLM0045737,KOL_06632,Salt Lake,2022-01-25,16,0,0,0,0,0,1,0,0,0,0.0,0.075772,0,0.0,0,237,4,0,0.7607,0.086,GREEN,18,Kolkata
CLM0045738,KOL_09115,Garia,2025-08-20,18,0,0,0,0,0,0,0,0,0,1.0,0.977466,0,1.0,0,33,4,1,0.7837,0.0,GREEN,27,Kolkata
CLM0045739,KOL_06769,Esplanade,2018-08-20,13,0,0,0,0,0,0,0,0,0,0.0,0.131758,0,0.0,0,109,0,2,0.6456,0.0001,GREEN,52,Kolkata
CLM0045740,KOL_05561,Park Street,2019-06-11,12,0,0,0,0,1,0,0,1,0,0.0,0.383389,0,0.0,0,200,2,0,0.6038,0.1996,GREEN,40,Kolkata
CLM0045741,KOL_07103,New Town,2024-10-09,21,0,0,0,0,0,0,1,0,0,0.0,0.252063,0,0.0,0,282,2,3,0.5261,0.085,GREEN,44,Kolkata
CLM0045742,KOL_09756,Tollygunge,2022-12-23,11,0,0,0,0,0,0,0,0,0,0.0,0.326555,0,0.0,0,277,4,0,0.4794,0.0,GREEN,38,Kolkata
CLM0045743,KOL_09094,Salt Lake,2024-06-07,14,0,0,0,0,0,0,0,0,1,0.0,0.050965,0,0.0,0,420,1,0,0.98,0.0992,GREEN,29,Kolkata
CLM0045744,KOL_05804,Behala,2024-03-12,14,0,0,0,0,0,0,0,1,0,1.0,0.351899,0,0.0,0,240,2,1,0.2578,0.1803,GREEN,25,Kolkata
CLM0045745,KOL_05203,Tollygunge,2023-05-12,12,0,0,0,1,0,0,1,0,0,1.0,0.315478,0,0.0,0,150,3,2,0.5791,0.3084,GREEN,38,Kolkata
CLM0045746,KOL_04584,Garia,2020-12-10,9,0,0,0,0,0,0,0,0,0,0.0,0.966396,0,0.0,0,229,4,2,0.7115,0.0246,GREEN,40,Kolkata
CLM0045747,KOL_04262,Park Street,2021-01-27,13,0,0,0,0,0,0,0,0,0,0.0,0.340081,0,0.0,0,77,1,1,0.1771,0.0,GREEN,39,Kolkata
CLM0045748,KOL_09273,Dum Dum,2020-05-02,15,0,0,0,0,0,0,0,0,0,1.0,0.950344,0,1.0,0,420,4,2,0.2975,0.1199,GREEN,44,Kolkata
CLM0045749,KOL_09641,Garia,2024-08-05,16,0,0,0,0,0,0,0,0,0,1.0,0.0,0,0.0,0,68,0,0,0.05,0.1804,GREEN,46,Kolkata
CLM0045750,KOL_07259,Salt Lake,2024-10-29,15,0,0,0,0,0,0,0,0,0,0.0,0.314189,0,0.0,0,295,4,1,0.1874,0.0,GREEN,28,Kolkata
CLM0045751,KOL_04235,Tollygunge,2025-08-26,18,0,0,0,0,0,0,0,0,0,0.0,0.238158,0,0.0,0,420,2,2,0.8267,0.0,GREEN,35,Kolkata
CLM0045752,KOL_07759,Salt Lake,2015-07-26,11,0,0,0,0,0,0,0,0,0,0.0,0.282287,0,0.0,0,61,1,5,0.643,0.0,GREEN,34,Kolkata
CLM0045753,KOL_01682,Garia,2024-02-20,19,0,0,0,0,0,0,0,1,0,1.0,0.293869,0,0.0,0,163,4,3,0.05,0.2682,GREEN,40,Kolkata
CLM0045754,KOL_00983,Salt Lake,2017-06-24,18,0,0,0,0,0,1,0,0,0,0.0,0.251885,0,1.0,0,240,2,1,0.7873,0.1404,GREEN,29,Kolkata
CLM0045755,KOL_06398,Park Street,2023-09-15,14,0,1,1,0,0,1,0,0,0,0.0,0.34467,0,0.0,0,420,4,0,0.7234,0.0958,GREEN,46,Kolkata
CLM0045756,KOL_01531,Dum Dum,2023-07-23,14,0,0,0,0,0,0,0,0,0,0.0,0.341139,0,1.0,0,420,2,2,0.625,0.0679,GREEN,39,Kolkata
CLM0045757,KOL_09900,Dum Dum,2021-04-20,16,0,0,0,0,0,0,0,0,0,1.0,0.43702,0,0.0,0,420,1,2,0.6483,0.0361,GREEN,37,Kolkata
CLM0045758,KOL_05533,New Town,2023-05-20,18,0,0,0,0,0,0,1,0,0,0.0,0.068123,0,0.0,0,420,3,1,0.6687,0.0909,GREEN,29,Kolkata
CLM0045759,KOL_03093,Behala,2020-01-03,14,0,0,0,0,0,1,0,0,0,1.0,1.0,0,0.0,0,5,2,3,0.2281,0.2095,GREEN,31,Kolkata
CLM0045760,KOL_05085,Tollygunge,2024-12-01,20,0,1,1,1,1,1,1,1,1,0.0,0.015064,1,0.0,0,26,0,18,0.7711,0.8799,RED,31,Kolkata
CLM0045761,KOL_08761,Park Street,2025-07-06,8,0,1,1,0,0,0,0,0,0,0.0,0.397008,0,0.0,0,420,0,5,0.698,0.5254,YELLOW,44,Kolkata
CLM0045762,KOL_09328,Salt Lake,2025-01-26,10,0,0,0,0,0,0,0,0,0,0.0,0.0,0,0.0,0,207,2,1,0.8447,0.0,GREEN,46,Kolkata
CLM0045763,KOL_08261,Howrah,2023-07-05,17,0,0,0,0,0,0,0,1,0,0.0,0.162809,0,0.0,0,262,4,0,0.5632,0.0787,GREEN,24,Kolkata
CLM0045764,KOL_02199,Salt Lake,2022-04-14,9,0,0,0,0,0,0,0,0,0,0.0,0.255067,0,0.0,0,109,4,2,0.8201,0.0503,GREEN,45,Kolkata
CLM0045765,KOL_08105,Behala,2025-08-27,19,0,0,0,0,0,1,0,0,0,0.0,0.291264,0,0.0,0,333,2,1,0.6582,0.1621,GREEN,33,Kolkata
CLM0045766,KOL_02825,Park Street,2020-02-18,9,0,0,0,0,0,0,0,0,0,0.0,0.21052,0,0.0,0,420,1,1,0.5496,0.0,GREEN,46,Kolkata
CLM0045767,KOL_01282,Behala,2025-04-19,9,0,0,0,0,0,1,0,0,0,0.0,0.132637,0,0.0,0,91,4,0,0.6992,0.0049,GREEN,38,Kolkata
CLM0045768,KOL_05604,Esplanade,2025-07-25,19,0,0,0,0,0,0,0,0,0,0.0,0.937287,0,0.0,0,48,4,5,0.2734,0.0322,GREEN,18,Kolkata
CLM0045769,KOL_08889,Howrah,2020-10-07,13,0,0,0,0,0,0,0,0,0,0.0,1.0,0,0.0,0,74,3,0,0.5812,0.0554,GREEN,23,Kolkata
CLM0045770,KOL_02832,Salt Lake,2018-02-15,9,0,0,0,0,0,0,0,0,0,0.0,0.217189,0,0.0,0,373,2,2,0.552,0.0,GREEN,49,Kolkata
CLM0045771,KOL_00550,Garia,2021-08-03,13,0,0,0,0,1,1,0,0,0,0.0,0.065293,0,0.0,0,368,2,2,0.6255,0.3175,YELLOW,29,Kolkata
CLM0045772,KOL_02518,Park Street,2016-07-15,10,0,0,0,1,0,0,0,0,0,0.0,0.239484,0,0.0,0,145,1,4,0.1148,0.139,GREEN,33,Kolkata
CLM0045773,KOL_03899,Esplanade,2018-06-06,15,0,0,0,0,0,0,0,0,0,0.0,0.109438,0,0.0,0,243,3,2,0.892,0.0785,GREEN,37,Kolkata
CLM0045774,KOL_07523,Sealdah,2025-06-05,10,0,0,0,0,0,0,0,1,0,0.0,0.246719,0,0.0,0,420,2,0,0.8944,0.0813,GREEN,44,Kolkata
CLM0045775,KOL_08265,Esplanade,2023-04-10,9,0,0,0,0,0,0,0,0,0,0.0,0.249322,0,0.0,0,205,0,2,0.9188,0.073,GREEN,37,Kolkata
CLM0045776,KOL_00094,Esplanade,2025-01-25,12,0,1,1,0,1,0,0,0,0,0.0,0.360397,0,0.0,0,15,4,0,0.889,0.2424,GREEN,25,Kolkata
CLM0045777,KOL_08286,New Town,2022-07-16,9,0,0,0,0,0,0,0,0,0,0.0,0.03936,0,0.0,0,200,3,0,0.9285,0.0199,GREEN,28,Kolkata
CLM0045778,KOL_08566,Salt Lake,2022-12-04,17,0,0,0,0,1,0,0,1,0,0.0,0.163868,0,1.0,0,362,4,1,0.6803,0.1587,GREEN,25,Kolkata
CLM0045779,KOL_01544,Salt Lake,2025-04-09,8,0,0,0,0,0,0,1,0,0,0.0,0.209331,0,0.0,0,213,0,3,0.8507,0.1413,GREEN,30,Kolkata
CLM0045780,KOL_09690,Behala,2024-09-19,11,0,0,0,0,0,0,1,0,0,0.0,0.031881,0,0.0,0,383,2,1,0.8982,0.181,GREEN,21,Kolkata
CLM0045781,KOL_06895,Sealdah,2025-08-07,12,0,0,0,0,0,0,0,0,0,0.0,0.15941,0,0.0,0,62,1,0,0.6002,0.0,GREEN,38,Kolkata
CLM0045782,KOL_09706,Dum Dum,2024-02-11,11,0,1,1,0,1,1,0,1,0,0.0,1.0,0,0.0,0,87,1,1,0.8391,0.3208,YELLOW,30,Kolkata
CLM0045783,KOL_07660,Tollygunge,2022-01-09,8,0,1,1,0,1,0,1,0,1,1.0,0.157268,1,0.0,1,5,2,18,0.3127,0.5118,YELLOW,32,Kolkata
CLM0045784,KOL_07193,New Town,2025-02-20,13,0,1,1,0,0,0,0,0,0,1.0,0.971453,0,1.0,0,420,1,3,0.8928,0.8605,RED,18,Kolkata
CLM0045785,KOL_06418,Garia,2022-04-15,20,0,1,1,1,0,0,1,0,1,1.0,0.919697,1,1.0,1,21,1,18,0.1426,0.4752,YELLOW,28,Kolkata
CLM0045786,KOL_07484,Sealdah,2025-04-14,8,0,1,1,0,1,1,1,1,0,0.0,0.170699,1,0.0,0,5,2,18,0.7695,0.5983,YELLOW,28,Kolkata
CLM0045787,KOL_05629,Garia,2025-09-30,21,0,1,1,1,0,1,1,1,1,0.0,0.12656,1,0.0,0,5,2,18,0.8695,0.7633,RED,18,Kolkata
CLM0045788,KOL_06990,Behala,2025-11-14,10,0,1,1,0,0,1,1,0,1,0.0,0.196687,1,0.0,1,5,1,11,0.731,0.5851,YELLOW,29,Kolkata
CLM0045789,KOL_03400,Park Street,2018-07-14,12,0,0,0,0,0,0,0,0,0,0.0,0.0,0,0.0,0,80,2,1,0.7897,0.0,GREEN,44,Kolkata
CLM0045790,KOL_03745,Salt Lake,2019-04-22,20,0,0,0,0,0,0,1,0,0,0.0,0.379524,0,0.0,0,110,3,1,0.6169,0.0,GREEN,39,Kolkata
CLM0045791,KOL_07840,Tollygunge,2023-06-22,17,0,0,0,1,0,1,1,1,1,1.0,0.871301,1,0.0,0,5,2,18,0.4451,0.208,GREEN,37,Kolkata
CLM0045792,KOL_08584,Behala,2021-11-30,12,0,0,0,0,0,0,0,0,0,1.0,0.297822,0,0.0,0,307,3,7,0.8088,0.125,GREEN,24,Kolkata
CLM0045793,KOL_05491,Esplanade,2021-08-20,13,0,0,0,0,0,0,0,0,0,0.0,0.17625,0,0.0,0,289,4,4,0.5408,0.0006,GREEN,29,Kolkata
CLM0045794,KOL_04576,Esplanade,2024-07-20,19,0,0,0,1,1,0,1,1,0,0.0,0.029728,0,0.0,1,11,1,18,0.8276,0.0877,GREEN,58,Kolkata
CLM0045795,KOL_08600,Sealdah,2022-01-27,10,0,0,0,0,0,0,0,0,0,0.0,0.103526,0,0.0,0,420,1,2,0.5327,0.0004,GREEN,32,Kolkata
CLM0045796,KOL_03991,Tollygunge,2023-03-27,19,0,0,0,0,0,0,0,0,0,0.0,0.0,0,0.0,0,420,2,0,0.8494,0.0,GREEN,31,Kolkata
CLM0045797,KOL_06537,Garia,2023-08-13,11,0,0,0,0,0,1,0,0,0,0.0,0.177898,0,0.0,0,308,0,1,0.6455,0.1857,GREEN,31,Kolkata
CLM0045798,KOL_07319,Park Street,2023-12-28,9,0,0,0,0,0,0,0,0,0,0.0,0.368061,0,0.0,0,44,1,0,0.2744,0.0484,GREEN,47,Kolkata
CLM0045799,KOL_09185,Salt Lake,2023-01-04,7,0,0,0,0,0,0,0,0,0,1.0,0.418527,0,0.0,0,239,3,5,0.0805,0.0,GREEN,33,Kolkata
CLM0045800,KOL_07043,Dum Dum,2023-08-18,13,0,0,0,0,0,0,0,1,0,0.0,0.062561,0,0.0,0,136,3,1,0.4715,0.0507,GREEN,36,Kolkata
CLM0045801,KOL_08159,Esplanade,2024-07-25,10,0,0,0,0,0,0,1,0,0,0.0,0.042223,0,0.0,0,66,4,4,0.8978,0.1165,GREEN,53,Kolkata
CLM0045802,KOL_03259,New Town,2023-10-24,21,0,0,0,0,0,0,0,0,1,0.0,1.0,0,0.0,0,420,1,3,0.98,0.2614,GREEN,28,Kolkata
CLM0045803,KOL_08994,Salt Lake,2023-07-28,14,0,0,0,0,0,1,1,1,1,0.0,0.0,0,0.0,0,37,3,18,0.7758,0.0,GREEN,32,Kolkata
CLM0045804,KOL_01784,New Town,2023-01-21,8,0,0,0,0,0,0,0,0,0,0.0,0.902734,0,0.0,0,109,2,4,0.8805,0.0,GREEN,32,Kolkata
CLM0045805,KOL_03501,Dum Dum,2024-07-29,12,0,0,0,0,0,0,0,0,0,0.0,1.0,0,0.0,0,223,4,3,0.8966,0.0096,GREEN,18,Kolkata
CLM0045806,KOL_09670,Tollygunge,2025-05-15,9,0,0,0,0,0,1,0,1,0,0.0,0.389685,0,0.0,0,180,2,1,0.6591,0.1553,GREEN,37,Kolkata
CLM0045807,KOL_09684,Esplanade,2024-11-18,20,0,0,0,0,0,0,0,0,0,0.0,0.985183,0,0.0,0,368,3,4,0.578,0.0,GREEN,24,Kolkata
CLM0045808,KOL_06619,Howrah,2024-03-25,14,0,0,0,0,0,0,0,1,0,0.0,0.32321,0,0.0,0,420,1,0,0.5366,0.1026,GREEN,39,Kolkata
CLM0045809,KOL_00396,Dum Dum,2023-05-12,20,0,0,0,0,0,0,0,0,0,1.0,0.911861,0,1.0,0,235,1,1,0.6099,0.0,GREEN,39,Kolkata
CLM0045810,KOL_05955,Howrah,2025-07-14,15,0,0,0,0,0,0,0,0,0,0.0,0.1308,0,0.0,0,347,4,3,0.7456,0.0,GREEN,55,Kolkata
CLM0045811,KOL_04428,Sealdah,2024-10-07,11,0,0,0,0,0,0,0,0,0,0.0,0.104569,0,0.0,0,294,1,4,0.7655,0.0663,GREEN,33,Kolkata
CLM0045812,KOL_01959,Howrah,2024-05-26,20,0,1,1,0,0,0,0,0,0,0.0,0.351792,0,0.0,0,137,4,5,0.2347,0.0,GREEN,44,Kolkata
CLM0045813,KOL_05506,Esplanade,2025-01-16,14,0,0,0,0,0,0,0,0,0,0.0,0.453818,0,0.0,0,347,4,0,0.6122,0.0,GREEN,35,Kolkata
CLM0045814,KOL_05939,Park Street,2025-03-21,10,0,0,0,0,0,0,0,0,0,0.0,0.092166,0,0.0,0,322,4,1,0.1187,0.0,GREEN,27,Kolkata
CLM0045815,KOL_00526,Howrah,2025-08-30,8,0,0,0,0,0,0,0,1,0,0.0,0.332193,1,0.0,0,420,2,3,0.4581,0.1039,GREEN,36,Kolkata
CLM0045816,KOL_01738,New Town,2024-05-24,19,0,0,0,1,0,0,1,1,1,0.0,0.49103,0,0.0,1,57,4,18,0.3453,0.0611,GREEN,29,Kolkata
CLM0045817,KOL_01367,Behala,2024-08-18,10,0,0,0,0,0,0,0,0,0,0.0,1.0,0,0.0,0,122,2,3,0.7449,0.0168,GREEN,37,Kolkata
CLM0045818,KOL_01645,Sealdah,2024-09-10,9,0,0,0,0,1,0,0,0,0,1.0,1.0,0,1.0,0,311,3,4,0.7927,0.1085,GREEN,23,Kolkata
CLM0045819,KOL_04018,Garia,2025-09-25,13,0,0,0,0,0,0,0,1,0,1.0,0.325782,0,0.0,0,298,1,3,0.6576,0.2297,GREEN,45,Kolkata
CLM0045820,KOL_08883,Dum Dum,2024-11-25,21,0,0,0,0,0,0,0,0,0,0.0,0.17524,0,0.0,0,33,2,1,0.7874,0.0,GREEN,18,Kolkata
CLM0045821,KOL_09428,Behala,2024-09-09,11,0,0,0,0,0,0,0,0,0,0.0,0.939082,0,0.0,0,415,2,0,0.581,0.0527,GREEN,33,Kolkata
CLM0045822,KOL_08273,Esplanade,2023-12-05,21,0,0,0,1,1,0,0,0,0,0.0,0.127011,0,0.0,0,256,4,1,0.1177,0.329,YELLOW,18,Kolkata
CLM0045823,KOL_01033,Sealdah,2025-10-31,13,0,0,0,1,0,0,1,0,0,1.0,0.951934,0,1.0,0,11,4,18,0.05,0.0748,GREEN,60,Kolkata
CLM0045824,KOL_00274,Park Street,2022-06-18,18,0,1,1,0,0,0,0,0,0,0.0,0.402958,0,0.0,1,145,2,0,0.9705,0.1215,GREEN,25,Kolkata
CLM0045825,KOL_03720,Park Street,2024-03-20,8,0,0,0,1,1,1,1,1,1,1.0,1.0,0,1.0,1,32,3,18,0.916,0.0,GREEN,51,Kolkata
CLM0045826,KOL_03612,Salt Lake,2025-09-04,17,0,0,0,0,0,0,1,1,1,1.0,0.215494,0,0.0,0,234,2,0,0.4752,0.3262,YELLOW,29,Kolkata
CLM0045827,KOL_06574,Tollygunge,2022-05-01,20,0,0,0,0,0,0,0,0,0,0.0,0.241016,0,0.0,0,420,4,3,0.98,0.0,GREEN,32,Kolkata
CLM0045828,KOL_00519,Sealdah,2021-03-29,14,0,0,0,0,0,0,0,0,0,0.0,0.229557,0,0.0,0,420,2,0,0.5885,0.029,GREEN,34,Kolkata
CLM0045829,KOL_07412,Behala,2024-07-05,15,0,0,0,0,0,0,0,0,0,0.0,0.212795,0,0.0,0,420,1,7,0.98,0.0,GREEN,47,Kolkata
CLM0045830,KOL_03740,Dum Dum,2022-11-30,18,0,0,0,0,0,0,0,0,0,0.0,0.077346,0,0.0,0,420,1,2,0.7462,0.0,GREEN,32,Kolkata
CLM0045831,KOL_00067,Howrah,2021-05-02,7,0,0,0,0,0,0,0,0,0,0.0,0.018922,0,0.0,0,157,0,5,0.2063,0.0,GREEN,38,Kolkata
CLM0045832,KOL_06137,Esplanade,2022-09-16,12,0,0,0,0,1,0,1,1,0,0.0,0.937771,0,0.0,0,348,3,3,0.7282,0.2642,GREEN,42,Kolkata
CLM0045833,KOL_05065,Sealdah,2021-04-28,10,0,0,0,0,0,0,0,0,0,0.0,0.0,0,0.0,0,152,3,3,0.9286,0.1166,GREEN,36,Kolkata
CLM0045834,KOL_06896,Howrah,2021-05-17,16,0,0,0,0,0,0,0,0,0,0.0,0.249815,0,0.0,0,332,4,3,0.8398,0.0692,GREEN,40,Kolkata
CLM0045835,KOL_03217,New Town,2023-02-22,7,0,0,0,0,0,0,0,0,0,0.0,0.228205,0,0.0,0,280,2,0,0.7987,0.0886,GREEN,42,Kolkata
CLM0045836,KOL_07006,Park Street,2020-05-04,8,0,0,0,0,0,0,0,0,0,0.0,0.0,0,0.0,0,370,4,2,0.8314,0.0043,GREEN,36,Kolkata
CLM0045837,KOL_08179,New Town,2018-03-13,14,0,0,0,0,0,0,1,0,1,0.0,0.274305,0,0.0,0,159,4,3,0.5719,0.2153,GREEN,28,Kolkata
CLM0045838,KOL_00148,Garia,2022-08-13,13,0,0,0,0,0,0,1,0,0,0.0,0.244207,0,0.0,0,268,3,0,0.6631,0.0523,GREEN,33,Kolkata
CLM0045839,KOL_05545,Tollygunge,2017-01-07,16,0,0,0,0,0,0,1,0,0,0.0,0.212414,1,0.0,0,311,4,4,0.7495,0.1197,GREEN,31,Kolkata
CLM0045840,KOL_01985,Tollygunge,2024-09-11,10,0,0,0,0,0,0,0,1,0,0.0,0.325115,0,0.0,0,146,1,0,0.7255,0.1178,GREEN,42,Kolkata
CLM0045841,KOL_00932,Esplanade,2025-09-07,15,0,0,0,0,0,0,0,0,0,0.0,0.102952,0,0.0,0,138,0,3,0.6522,0.0201,GREEN,41,Kolkata
CLM0045842,KOL_09937,Dum Dum,2025-11-02,14,0,0,0,0,0,0,0,1,0,0.0,0.029033,0,0.0,0,420,4,4,0.8603,0.089,GREEN,45,Kolkata
CLM0045843,KOL_09712,Tollygunge,2024-10-27,12,0,0,0,0,0,0,0,0,0,0.0,0.168417,0,0.0,0,53,0,6,0.6201,0.0,GREEN,34,Kolkata
CLM0045844,KOL_00897,Salt Lake,2024-11-08,7,0,0,0,0,0,0,0,0,0,0.0,0.24041,1,0.0,0,307,3,2,0.8462,0.0588,GREEN,29,Kolkata
CLM0045845,KOL_05025,Esplanade,2025-02-23,16,0,0,0,0,0,0,0,0,1,0.0,0.944899,0,0.0,0,160,3,2,0.9283,0.1355,GREEN,33,Kolkata
CLM0045846,KOL_01352,Park Street,2024-12-30,8,0,0,0,0,0,0,0,0,0,0.0,0.329201,0,0.0,1,273,4,0,0.7579,0.0422,GREEN,51,Kolkata
CLM0045847,KOL_02524,Garia,2025-12-16,17,0,0,0,0,0,0,0,0,0,0.0,0.14625,0,0.0,0,420,3,0,0.7489,0.0,GREEN,25,Kolkata
CLM0045848,KOL_04299,Behala,2024-10-14,12,0,0,0,0,0,1,0,0,0,0.0,0.234686,0,0.0,0,337,1,3,0.0572,0.118,GREEN,49,Kolkata
CLM0045849,KOL_01987,Dum Dum,2025-07-23,16,0,0,0,0,0,0,0,0,0,0.0,0.249297,0,0.0,0,420,4,0,0.8901,0.0,GREEN,42,Kolkata
CLM0045850,KOL_00712,Behala,2024-12-11,14,0,0,0,0,0,0,1,0,0,0.0,0.033044,0,0.0,0,378,0,1,0.668,0.035,GREEN,31,Kolkata
CLM0045851,KOL_01790,Salt Lake,2025-05-27,11,0,0,0,0,0,0,0,1,0,0.0,0.220522,0,1.0,0,157,1,2,0.6566,0.0173,GREEN,31,Kolkata
CLM0045852,KOL_01441,Garia,2021-12-12,8,0,0,0,0,0,1,0,0,0,1.0,0.371735,0,0.0,0,133,4,7,0.8296,0.2049,GREEN,40,Kolkata
CLM0045853,KOL_01817,Tollygunge,2023-03-10,13,0,0,0,0,0,1,0,0,0,0.0,0.414067,0,0.0,1,149,4,3,0.4737,0.1632,GREEN,23,Kolkata
CLM0045854,KOL_05960,Dum Dum,2025-12-19,9,0,0,0,0,1,0,0,0,0,0.0,0.218706,0,0.0,0,174,4,2,0.5903,0.0709,GREEN,51,Kolkata
CLM0045855,KOL_00914,Behala,2023-03-09,18,0,0,0,0,0,0,0,0,0,0.0,0.332486,0,0.0,0,420,4,3,0.6543,0.0276,GREEN,44,Kolkata
CLM0045856,KOL_02775,Tollygunge,2024-09-17,16,0,0,0,0,0,0,0,0,1,1.0,0.257705,0,0.0,0,34,3,1,0.1326,0.1,GREEN,19,Kolkata
CLM0045857,KOL_09886,Garia,2025-05-07,12,0,0,0,0,0,0,0,1,0,0.0,0.246534,0,1.0,0,300,3,2,0.2354,0.0717,GREEN,41,Kolkata
CLM0045858,KOL_02310,Sealdah,2024-05-04,15,0,0,0,0,0,0,0,0,0,0.0,0.136301,0,0.0,1,90,0,0,0.9371,0.0,GREEN,41,Kolkata
CLM0045859,KOL_01471,New Town,2025-08-06,7,0,0,0,0,0,0,0,1,0,0.0,0.109247,0,0.0,1,153,0,5,0.8615,0.1336,GREEN,36,Kolkata
CLM0045860,KOL_01163,Park Street,2023-07-28,17,0,0,0,0,0,0,0,0,0,0.0,0.040354,0,1.0,0,415,3,4,0.7494,0.0,GREEN,29,Kolkata
CLM0045861,KOL_03763,Tollygunge,2025-06-04,11,0,0,0,0,0,0,0,0,0,0.0,0.289717,0,0.0,1,303,0,3,0.6677,0.0171,GREEN,38,Kolkata
CLM0045862,KOL_00506,Behala,2022-12-26,13,0,0,0,0,0,0,0,0,0,0.0,0.0,0,0.0,1,396,4,0,0.0845,0.0152,GREEN,42,Kolkata
CLM0045863,KOL_07300,Park Street,2023-06-16,9,0,0,0,0,0,0,0,0,0,0.0,0.515004,0,0.0,0,320,4,3,0.05,0.0,GREEN,30,Kolkata
CLM0045864,KOL_02698,Behala,2025-06-02,19,0,0,0,0,0,0,1,1,0,0.0,0.0,0,0.0,0,322,0,1,0.9553,0.1763,GREEN,30,Kolkata
CLM0045865,KOL_08020,New Town,2025-07-02,21,0,0,0,0,0,0,0,1,1,0.0,0.231636,0,0.0,0,420,0,2,0.7473,0.1912,GREEN,27,Kolkata
CLM0045866,KOL_07313,Salt Lake,2023-11-27,16,0,0,0,1,0,0,0,0,0,0.0,0.958318,0,0.0,0,273,4,1,0.4994,0.2141,GREEN,31,Kolkata
CLM0045867,KOL_04784,Sealdah,2024-08-23,21,0,0,0,0,0,0,0,0,0,0.0,1.0,0,0.0,0,76,4,0,0.073,0.0,GREEN,41,Kolkata
CLM0045868,KOL_04210,Dum Dum,2024-12-26,15,0,0,0,0,0,0,1,1,0,0.0,0.142763,0,0.0,0,314,0,1,0.3249,0.098,GREEN,38,Kolkata
CLM0045869,KOL_08688,Garia,2024-08-19,8,0,0,0,1,0,0,0,0,0,0.0,0.347505,0,0.0,0,124,3,4,0.6314,0.1119,GREEN,36,Kolkata
CLM0045870,KOL_03976,Garia,2024-11-25,19,0,0,0,0,0,0,0,0,0,0.0,0.029766,0,0.0,0,420,3,0,0.6233,0.0,GREEN,34,Kolkata
CLM0045871,KOL_04235,Tollygunge,2024-09-21,9,0,1,1,0,0,1,0,0,0,0.0,0.06147,0,0.0,0,6,1,1,0.634,0.0163,GREEN,35,Kolkata
CLM0045872,KOL_03220,New Town,2023-04-08,7,0,0,0,0,0,0,0,0,0,1.0,0.082371,0,0.0,0,331,4,1,0.6601,0.0573,GREEN,44,Kolkata
CLM0045873,KOL_05683,Tollygunge,2024-05-13,16,0,0,0,0,0,0,0,0,0,0.0,0.136678,0,0.0,0,325,4,2,0.8033,0.021,GREEN,48,Kolkata
CLM0045874,KOL_04226,Tollygunge,2025-07-25,16,0,0,0,0,0,0,0,0,0,0.0,0.416283,1,0.0,0,93,1,3,0.5244,0.0797,GREEN,27,Kolkata
CLM0045875,KOL_07201,Salt Lake,2024-10-19,11,0,0,0,0,0,0,0,0,0,1.0,0.182669,0,0.0,0,111,4,4,0.2297,0.188,GREEN,50,Kolkata
CLM0045876,KOL_04747,Esplanade,2024-10-29,13,0,0,0,0,0,0,0,0,0,0.0,0.352849,0,0.0,0,225,1,0,0.845,0.0512,GREEN,39,Kolkata
CLM0045877,KOL_09680,Tollygunge,2021-03-09,15,0,0,0,0,0,0,0,0,0,0.0,0.16074,0,0.0,0,232,3,1,0.9725,0.0109,GREEN,34,Kolkata
CLM0045878,KOL_07447,New Town,2025-08-30,11,0,0,0,0,1,0,0,0,0,0.0,0.224288,0,0.0,0,350,2,4,0.1392,0.0976,GREEN,45,Kolkata
CLM0045879,KOL_06836,Howrah,2024-03-01,7,0,0,0,0,0,0,0,0,0,1.0,0.247681,0,0.0,0,188,3,2,0.7689,0.0942,GREEN,50,Kolkata
CLM0045880,KOL_00608,Sealdah,2022-10-20,21,0,0,0,0,0,0,0,0,0,1.0,0.066956,0,0.0,0,420,2,0,0.6988,0.0464,GREEN,35,Kolkata
CLM0045881,KOL_02218,Salt Lake,2024-03-08,10,0,0,0,0,0,0,1,0,0,0.0,0.296029,0,0.0,1,286,1,0,0.6019,0.1293,GREEN,51,Kolkata
CLM0045882,KOL_04860,Garia,2022-05-06,7,0,0,0,0,0,0,0,0,0,0.0,0.153304,0,0.0,0,403,3,3,0.895,0.0,GREEN,44,Kolkata
CLM0045883,KOL_07176,Dum Dum,2024-02-17,16,0,0,0,0,0,0,0,0,0,0.0,0.07051,0,0.0,0,310,4,0,0.9113,0.058,GREEN,42,Kolkata
CLM0045884,KOL_00711,New Town,2023-02-22,8,0,0,0,0,0,0,0,0,0,0.0,1.0,0,0.0,0,379,1,0,0.4292,0.0,GREEN,32,Kolkata
CLM0045885,KOL_07306,New Town,2025-11-01,17,0,0,0,1,0,0,0,0,0,1.0,0.14315,0,0.0,1,275,3,1,0.8049,0.3269,YELLOW,29,Kolkata
CLM0045886,KOL_09265,Tollygunge,2022-08-26,13,0,0,0,0,0,0,0,0,0,0.0,0.455306,0,0.0,0,287,0,4,0.7405,0.0,GREEN,48,Kolkata
CLM0045887,KOL_03097,Dum Dum,2022-01-05,8,0,0,0,0,0,0,0,0,0,0.0,0.358901,0,0.0,0,44,1,2,0.8246,0.0,GREEN,25,Kolkata
CLM0045888,KOL_09667,Behala,2017-09-17,14,0,0,0,0,0,0,0,0,0,0.0,0.965483,0,0.0,0,420,4,4,0.6124,0.0242,GREEN,27,Kolkata
CLM0045889,KOL_04871,Salt Lake,2025-05-06,14,0,0,0,0,0,0,0,0,0,0.0,0.068157,0,0.0,0,155,1,5,0.98,0.0,GREEN,44,Kolkata
CLM0045890,KOL_02916,Salt Lake,2025-07-11,10,0,0,0,0,0,0,0,0,0,0.0,0.246319,0,1.0,0,390,0,0,0.8874,0.1395,GREEN,21,Kolkata
CLM0045891,KOL_08135,Salt Lake,2025-08-21,11,0,0,0,0,0,0,0,0,0,1.0,0.131451,0,0.0,0,235,0,1,0.8221,0.0201,GREEN,22,Kolkata
CLM0045892,KOL_03036,Behala,2025-12-05,17,0,0,0,0,0,0,1,1,0,0.0,0.410038,0,0.0,0,420,2,3,0.8478,0.2359,GREEN,33,Kolkata
CLM0045893,KOL_02403,Esplanade,2025-01-05,13,0,0,0,0,0,0,0,0,0,0.0,0.087531,0,0.0,0,420,0,0,0.9452,0.0,GREEN,59,Kolkata
CLM0045894,KOL_08064,Dum Dum,2025-12-15,21,0,0,0,0,0,0,0,1,0,0.0,0.0,0,0.0,0,391,2,0,0.8885,0.0897,GREEN,41,Kolkata
CLM0045895,KOL_02528,Sealdah,2023-08-21,16,0,0,0,0,0,0,0,0,0,0.0,0.071584,0,0.0,0,420,3,0,0.9546,0.0,GREEN,27,Kolkata
CLM0045896,KOL_01263,Esplanade,2023-02-22,14,0,0,0,1,0,0,0,0,0,0.0,0.181528,0,0.0,0,191,2,0,0.05,0.1618,GREEN,40,Kolkata
CLM0045897,KOL_04819,Tollygunge,2023-08-21,13,0,0,0,0,0,0,1,0,0,0.0,0.228151,0,0.0,0,386,3,0,0.557,0.0043,GREEN,44,Kolkata
CLM0045898,KOL_09177,Howrah,2025-02-26,13,0,0,0,1,0,1,1,0,0,0.0,0.451691,1,0.0,0,5,3,18,0.2234,0.0,GREEN,42,Kolkata
CLM0045899,KOL_07427,Sealdah,2025-07-31,17,0,0,0,0,0,0,0,0,0,0.0,0.121728,0,0.0,0,299,1,1,0.7489,0.0,GREEN,49,Kolkata
CLM0045900,KOL_07684,Salt Lake,2024-06-21,13,0,0,0,0,1,0,0,0,0,0.0,0.11257,0,0.0,0,272,4,2,0.98,0.0795,GREEN,29,Kolkata
CLM0045901,KOL_05809,Park Street,2023-08-14,16,0,0,0,0,0,0,0,0,0,0.0,0.041344,0,0.0,1,123,2,4,0.0723,0.1122,GREEN,26,Kolkata
CLM0045902,KOL_06166,New Town,2025-06-30,15,0,0,0,0,0,0,0,0,0,0.0,0.103229,0,0.0,0,341,2,3,0.5631,0.0,GREEN,26,Kolkata
CLM0045903,KOL_00839,Esplanade,2024-02-20,21,0,0,0,0,0,1,0,1,0,0.0,0.123033,0,0.0,0,381,4,4,0.5334,0.2351,GREEN,27,Kolkata
CLM0045904,KOL_02181,Sealdah,2017-06-13,14,0,0,0,0,0,0,0,0,0,0.0,0.346887,0,0.0,0,42,1,0,0.7572,0.0525,GREEN,18,Kolkata
CLM0045905,KOL_01903,New Town,2020-04-29,8,0,0,0,0,0,0,1,0,0,0.0,0.066419,0,0.0,0,14,4,0,0.7842,0.0,GREEN,42,Kolkata
CLM0045906,KOL_05016,Tollygunge,2020-12-27,7,0,0,0,0,0,0,0,0,0,0.0,0.0,0,0.0,0,325,4,1,0.7654,0.056,GREEN,46,Kolkata
CLM0045907,KOL_01238,Park Street,2020-11-24,8,0,0,0,0,0,0,0,0,0,1.0,1.0,1,1.0,0,407,3,0,0.98,0.1313,GREEN,34,Kolkata
CLM0045908,KOL_01300,Esplanade,2022-06-05,15,0,0,0,0,0,0,0,0,0,1.0,0.057171,0,0.0,0,215,0,0,0.805,0.0,GREEN,40,Kolkata
CLM0045909,KOL_00148,Garia,2024-02-13,20,0,0,0,0,0,0,0,0,0,0.0,0.475466,0,0.0,0,293,4,3,0.8776,0.1345,GREEN,33,Kolkata
CLM0045910,KOL_04081,Tollygunge,2021-09-18,8,0,0,0,0,0,0,0,0,0,0.0,0.264386,0,0.0,0,37,4,4,0.6854,0.0403,GREEN,19,Kolkata
CLM0045911,KOL_08067,Park Street,2022-11-26,20,0,0,0,0,0,0,1,0,0,0.0,0.083563,0,0.0,0,251,3,3,0.2282,0.1243,GREEN,63,Kolkata
CLM0045912,KOL_00615,Garia,2025-06-20,9,0,0,0,0,0,0,0,0,0,0.0,0.249992,0,0.0,0,102,1,5,0.7506,0.0331,GREEN,47,Kolkata
CLM0045913,KOL_08422,Garia,2021-08-26,12,0,0,0,0,0,0,0,0,0,0.0,0.340841,0,0.0,0,85,3,2,0.9559,0.03,GREEN,56,Kolkata
CLM0045914,KOL_02752,Dum Dum,2024-02-12,11,0,0,0,0,0,0,0,0,1,1.0,1.0,0,1.0,0,275,2,0,0.095,0.1197,GREEN,44,Kolkata
CLM0045915,KOL_03705,Park Street,2019-01-18,7,0,0,0,1,0,1,1,0,1,1.0,1.0,0,0.0,0,5,1,18,0.8183,0.0863,GREEN,33,Kolkata
CLM0045916,KOL_07180,Tollygunge,2018-10-15,8,0,0,0,0,0,0,0,0,1,0.0,0.132085,0,1.0,0,246,4,0,0.8631,0.1906,GREEN,48,Kolkata
CLM0045917,KOL_06561,Esplanade,2025-05-25,18,0,0,0,0,0,0,0,0,0,0.0,0.234044,0,0.0,0,300,2,0,0.3439,0.045,GREEN,18,Kolkata
CLM0045918,KOL_08027,New Town,2022-11-14,15,0,0,0,0,0,0,0,0,0,0.0,0.027924,0,0.0,0,330,3,2,0.9535,0.0,GREEN,49,Kolkata
CLM0045919,KOL_01750,Garia,2019-06-04,15,0,0,0,1,1,0,1,1,0,1.0,0.022954,1,1.0,1,41,3,18,0.9138,0.1827,GREEN,32,Kolkata
CLM0045920,KOL_03800,Esplanade,2024-05-31,8,0,0,0,0,0,0,0,0,0,1.0,0.11858,0,0.0,0,194,4,2,0.7816,0.0977,GREEN,30,Kolkata
CLM0045921,KOL_05037,Sealdah,2019-02-25,7,0,0,0,0,0,0,0,0,0,0.0,0.250714,0,0.0,0,420,3,0,0.7988,0.0,GREEN,44,Kolkata
CLM0045922,KOL_04439,Dum Dum,2024-12-01,17,0,0,0,0,0,0,0,0,0,0.0,0.048144,0,0.0,0,252,4,4,0.6957,0.069,GREEN,36,Kolkata
CLM0045923,KOL_04388,Sealdah,2024-09-12,18,0,0,0,0,0,0,0,0,0,0.0,0.323714,0,0.0,0,43,4,2,0.9108,0.0,GREEN,45,Kolkata
CLM0045924,KOL_01291,Howrah,2023-08-26,14,0,0,0,0,0,0,0,0,0,0.0,0.182298,0,0.0,0,415,4,2,0.5865,0.1313,GREEN,33,Kolkata
CLM0045925,KOL_03670,New Town,2017-03-18,12,0,0,0,0,0,0,0,0,0,0.0,0.447524,0,0.0,0,420,2,0,0.1535,0.0,GREEN,39,Kolkata
CLM0045926,KOL_03216,Park Street,2018-03-28,16,0,0,0,0,0,0,0,0,0,0.0,0.113307,0,0.0,0,219,1,1,0.9359,0.0025,GREEN,35,Kolkata
CLM0045927,KOL_08487,Dum Dum,2019-05-24,10,0,0,0,0,0,0,0,0,0,0.0,0.192098,0,0.0,0,154,0,1,0.05,0.0333,GREEN,41,Kolkata
CLM0045928,KOL_04689,Park Street,2019-04-08,16,0,0,0,0,0,0,0,0,0,1.0,0.015918,0,0.0,0,105,2,0,0.8942,0.0641,GREEN,49,Kolkata
CLM0045929,KOL_01668,Garia,2020-09-19,16,0,0,0,0,0,0,0,0,0,0.0,0.333729,0,0.0,0,138,4,1,0.7629,0.003,GREEN,18,Kolkata
CLM0045930,KOL_03095,New Town,2024-11-16,15,0,0,0,1,0,0,0,0,0,0.0,0.327369,0,0.0,0,131,1,1,0.644,0.1693,GREEN,45,Kolkata
CLM0045931,KOL_09627,Park Street,2023-02-23,21,0,0,0,0,0,0,0,0,0,0.0,0.234218,0,0.0,1,201,1,0,0.5188,0.0131,GREEN,31,Kolkata
CLM0045932,KOL_05837,Behala,2020-03-27,17,0,0,0,0,0,0,0,0,0,0.0,0.151549,0,0.0,0,409,3,3,0.465,0.0338,GREEN,33,Kolkata
CLM0045933,KOL_06056,Park Street,2020-09-13,11,0,0,0,0,0,0,0,0,0,0.0,0.281283,0,0.0,0,328,1,1,0.38,0.0,GREEN,46,Kolkata
CLM0045934,KOL_05276,New Town,2020-11-22,15,0,0,0,1,0,0,0,0,0,0.0,0.20316,0,0.0,0,86,1,3,0.8797,0.1479,GREEN,48,Kolkata
CLM0045935,KOL_09612,Sealdah,2018-10-16,9,0,0,0,0,0,0,0,0,0,1.0,0.297848,0,0.0,0,313,1,2,0.9216,0.158,GREEN,37,Kolkata
CLM0045936,KOL_03073,Salt Lake,2021-12-14,20,1,0,0,0,0,0,0,0,0,0.0,0.226947,0,0.0,0,420,2,2,0.7531,0.0105,GREEN,47,Kolkata
CLM0045937,KOL_06296,Garia,2022-03-22,18,0,0,0,0,0,0,0,0,0,0.0,0.091859,0,0.0,0,30,4,7,0.0705,0.0338,GREEN,22,Kolkata
CLM0045938,KOL_05154,Park Street,2025-07-17,16,0,0,0,0,0,0,0,0,0,1.0,0.119186,0,0.0,0,357,4,0,0.7295,0.0525,GREEN,26,Kolkata
CLM0045939,KOL_07927,New Town,2023-11-18,19,0,0,0,0,0,1,0,0,0,1.0,1.0,0,1.0,0,400,4,2,0.26,0.0523,GREEN,49,Kolkata
CLM0045940,KOL_02583,Behala,2025-03-26,8,0,0,0,0,0,0,0,0,0,0.0,0.041383,0,0.0,1,278,2,4,0.6439,0.1267,GREEN,50,Kolkata
CLM0045941,KOL_04707,Salt Lake,2025-10-14,8,0,0,0,0,0,1,1,0,0,0.0,0.134523,0,0.0,0,185,2,0,0.05,0.1643,GREEN,27,Kolkata
CLM0045942,KOL_04438,New Town,2023-09-04,19,0,1,1,0,0,0,0,0,0,1.0,0.112342,1,0.0,0,420,4,2,0.6984,0.1487,GREEN,45,Kolkata
CLM0045943,KOL_07599,Behala,2022-08-04,16,0,0,0,0,0,0,0,0,0,0.0,0.400618,0,0.0,0,196,1,0,0.6122,0.0,GREEN,45,Kolkata
CLM0045944,KOL_00415,Howrah,2023-12-11,20,1,0,0,0,0,0,1,0,0,0.0,0.200395,0,0.0,0,96,2,2,0.2153,0.1852,GREEN,33,Kolkata
CLM0045945,KOL_04683,Esplanade,2022-03-16,14,0,0,0,0,0,0,0,0,0,0.0,0.118733,0,0.0,0,131,1,0,0.7392,0.0,GREEN,47,Kolkata
CLM0045946,KOL_07217,Behala,2025-02-14,14,0,0,0,0,0,0,0,1,0,0.0,0.182804,0,0.0,0,52,0,3,0.572,0.2148,GREEN,35,Kolkata
CLM0045947,KOL_02709,New Town,2021-12-27,12,0,0,0,0,0,1,0,0,0,0.0,0.013998,0,0.0,1,245,1,0,0.5473,0.116,GREEN,43,Kolkata
CLM0045948,KOL_08594,Tollygunge,2025-05-10,15,0,0,0,0,1,0,0,0,0,0.0,0.045334,0,0.0,0,304,4,5,0.966,0.1335,GREEN,39,Kolkata
CLM0045949,KOL_02351,Sealdah,2023-09-19,12,0,0,0,0,0,1,0,1,0,0.0,0.091995,0,0.0,0,312,3,7,0.6039,0.2157,GREEN,39,Kolkata
CLM0045950,KOL_06940,Sealdah,2021-12-01,13,0,0,0,0,0,0,0,0,0,0.0,0.0,0,0.0,0,220,3,4,0.7249,0.0689,GREEN,61,Kolkata
CLM0045951,KOL_00970,Salt Lake,2022-04-08,19,0,0,0,0,0,0,0,0,0,0.0,0.002606,0,0.0,0,136,2,0,0.5949,0.0027,GREEN,58,Kolkata
CLM0045952,KOL_09165,Howrah,2024-03-28,21,0,0,0,0,0,0,0,0,0,0.0,0.238107,0,0.0,0,345,0,0,0.332,0.0,GREEN,66,Kolkata
CLM0045953,KOL_00632,Sealdah,2024-07-25,8,0,0,0,0,1,0,0,0,1,0.0,0.292689,0,0.0,0,81,2,1,0.5409,0.2402,GREEN,34,Kolkata
CLM0045954,KOL_08242,Howrah,2019-12-24,20,0,1,1,1,0,0,0,0,0,0.0,0.181419,0,0.0,1,11,0,18,0.98,0.3916,YELLOW,52,Kolkata
CLM0045955,KOL_05169,Tollygunge,2020-08-17,11,0,1,1,0,0,1,1,1,0,0.0,1.0,0,1.0,1,22,1,18,0.1677,0.4651,YELLOW,40,Kolkata
CLM0045956,KOL_01963,Behala,2018-08-17,14,0,1,1,0,0,1,1,1,1,0.0,0.075451,1,0.0,0,5,1,18,0.9252,0.47,YELLOW,52,Kolkata
CLM0045957,KOL_05125,Esplanade,2024-04-18,9,0,1,1,1,0,1,1,1,1,0.0,0.101497,1,0.0,1,28,1,18,0.98,0.7294,RED,42,Kolkata
CLM0045958,KOL_04402,New Town,2024-10-20,10,0,1,1,1,1,0,0,0,0,0.0,1.0,0,0.0,0,5,0,18,0.2629,0.5053,YELLOW,43,Kolkata
CLM0045959,KOL_06925,Howrah,2022-08-18,7,0,1,1,1,1,1,1,1,1,0.0,0.921696,0,1.0,0,5,0,18,0.1982,0.7753,RED,31,Kolkata
CLM0045960,KOL_07316,Esplanade,2023-12-16,7,0,1,1,1,1,1,1,0,0,0.0,0.0,0,0.0,1,25,2,18,0.3516,0.6463,RED,39,Kolkata
CLM0045961,KOL_03411,Howrah,2023-09-20,8,0,1,1,0,0,0,0,0,0,0.0,0.361444,0,0.0,0,420,0,4,0.8945,0.4885,YELLOW,41,Kolkata
CLM0045962,KOL_06487,New Town,2020-12-11,16,0,1,1,0,0,0,0,0,0,1.0,0.134189,0,0.0,0,88,1,6,0.8243,0.7079,RED,51,Kolkata
CLM0045963,KOL_05898,Park Street,2024-10-31,17,0,1,1,0,1,0,1,1,1,1.0,0.947992,0,1.0,0,27,2,12,0.2618,0.522,YELLOW,25,Kolkata
CLM0045964,KOL_00180,Park Street,2025-11-17,17,0,0,0,0,0,0,0,0,0,0.0,0.026007,0,0.0,0,310,0,0,0.5028,0.0435,GREEN,18,Kolkata
CLM0045965,KOL_03381,Garia,2025-04-05,15,0,0,0,0,0,0,0,0,0,0.0,0.327776,0,0.0,0,125,4,5,0.795,0.0649,GREEN,36,Kolkata
CLM0045966,KOL_04081,Tollygunge,2024-11-21,15,0,0,0,0,0,0,0,0,0,0.0,0.041453,0,0.0,0,255,1,3,0.7798,0.0125,GREEN,19,Kolkata
CLM0045967,KOL_00744,Tollygunge,2024-12-18,15,0,0,0,0,0,0,0,0,0,0.0,0.020495,0,0.0,0,358,2,1,0.8351,0.0,GREEN,39,Kolkata
CLM0045968,KOL_06299,Dum Dum,2025-05-16,8,0,0,0,0,0,1,0,0,0,0.0,0.45044,0,0.0,0,85,3,0,0.05,0.1289,GREEN,53,Kolkata
CLM0045969,KOL_02729,Howrah,2025-12-25,14,0,0,0,0,0,0,0,0,0,0.0,0.207514,0,0.0,1,420,0,2,0.8472,0.0353,GREEN,18,Kolkata
CLM0045970,KOL_05230,New Town,2024-10-08,12,0,0,0,0,0,0,0,0,0,0.0,0.0,0,0.0,0,190,3,3,0.5979,0.0441,GREEN,48,Kolkata
CLM0045971,KOL_00819,Esplanade,2025-04-13,11,0,0,0,0,0,0,0,0,0,0.0,0.142779,0,0.0,0,237,0,3,0.2481,0.0,GREEN,40,Kolkata
CLM0045972,KOL_06374,Dum Dum,2025-01-08,12,0,0,0,0,0,0,0,0,0,0.0,0.260492,0,0.0,0,271,2,3,0.7613,0.0,GREEN,31,Kolkata
CLM0045973,KOL_04564,Esplanade,2025-05-19,11,0,0,0,1,0,0,0,0,0,0.0,0.178789,0,0.0,0,146,3,0,0.6012,0.2277,GREEN,18,Kolkata
CLM0045974,KOL_03493,Behala,2024-09-30,15,0,0,0,0,0,0,0,0,0,0.0,0.444044,0,0.0,0,26,0,3,0.7824,0.0,GREEN,18,Kolkata
CLM0045975,KOL_05836,Esplanade,2024-10-12,16,0,0,0,0,0,0,0,0,0,0.0,0.244347,0,0.0,0,124,3,3,0.096,0.1075,GREEN,47,Kolkata
CLM0045976,KOL_07946,Behala,2024-05-06,9,0,0,0,0,0,0,0,0,0,0.0,0.087898,0,0.0,0,420,3,4,0.742,0.0206,GREEN,18,Kolkata
CLM0045977,KOL_04043,Dum Dum,2025-07-16,7,0,0,0,0,0,0,0,0,0,0.0,0.264913,0,0.0,0,395,2,2,0.5529,0.1128,GREEN,32,Kolkata
CLM0045978,KOL_01571,Sealdah,2023-11-02,16,0,0,0,1,0,0,0,0,0,1.0,0.242377,0,0.0,0,172,0,1,0.9695,0.2122,GREEN,41,Kolkata
CLM0045979,KOL_06234,Garia,2025-01-30,7,0,0,0,0,0,0,0,0,0,1.0,0.239469,0,0.0,0,296,4,4,0.622,0.0955,GREEN,25,Kolkata
CLM0045980,KOL_08715,Sealdah,2024-01-25,13,0,0,0,0,0,0,0,0,0,0.0,0.399979,0,0.0,0,224,0,3,0.5333,0.0,GREEN,34,Kolkata
CLM0045981,KOL_08127,Park Street,2025-10-31,19,0,0,0,0,0,0,0,1,0,0.0,1.0,0,0.0,0,240,1,0,0.9623,0.1401,GREEN,46,Kolkata
CLM0045982,KOL_05969,Esplanade,2024-01-01,18,0,0,0,0,0,0,0,0,0,1.0,0.044465,0,0.0,0,153,3,6,0.8972,0.095,GREEN,18,Kolkata
CLM0045983,KOL_07648,Salt Lake,2025-10-28,21,0,0,0,0,0,0,0,0,0,0.0,0.042141,1,0.0,0,279,3,3,0.0861,0.1134,GREEN,52,Kolkata
CLM0045984,KOL_06398,Park Street,2024-01-18,9,0,0,0,0,0,0,0,0,0,0.0,0.06625,0,0.0,0,46,4,3,0.5337,0.0,GREEN,46,Kolkata
CLM0045985,KOL_07345,Garia,2024-12-08,13,0,0,0,0,0,0,0,1,0,0.0,0.284262,0,0.0,0,141,4,0,0.5251,0.077,GREEN,32,Kolkata
CLM0045986,KOL_05158,Behala,2021-07-20,11,0,0,0,0,0,0,0,1,0,0.0,0.275417,0,1.0,0,420,1,3,0.6258,0.148,GREEN,18,Kolkata
CLM0045987,KOL_03803,Dum Dum,2021-05-22,14,0,0,0,1,0,0,0,0,0,1.0,0.169252,0,0.0,0,302,3,1,0.7896,0.19,GREEN,18,Kolkata
CLM0045988,KOL_03190,Esplanade,2022-10-06,20,0,0,0,0,0,0,0,0,0,0.0,0.415983,0,0.0,0,392,2,0,0.2017,0.1137,GREEN,18,Kolkata
CLM0045989,KOL_03934,Garia,2020-08-31,17,0,0,0,1,1,0,0,1,1,1.0,0.001438,1,1.0,1,5,4,18,0.9149,0.014,GREEN,35,Kolkata
CLM0045990,KOL_01213,Park Street,2024-11-07,17,0,0,0,0,0,0,0,1,0,0.0,0.341694,0,0.0,0,252,3,4,0.5669,0.1535,GREEN,31,Kolkata
CLM0045991,KOL_09850,Garia,2025-12-21,18,0,0,0,0,0,0,0,0,0,0.0,0.32178,0,0.0,0,82,1,0,0.7483,0.0,GREEN,46,Kolkata
CLM0045992,KOL_02267,Salt Lake,2018-08-11,7,0,0,0,0,0,0,0,0,0,0.0,0.003601,0,0.0,0,221,3,2,0.6214,0.0,GREEN,43,Kolkata
CLM0045993,KOL_08387,Tollygunge,2019-06-10,7,0,0,0,0,0,0,1,0,0,0.0,0.081073,0,0.0,0,420,2,1,0.602,0.0,GREEN,32,Kolkata
CLM0045994,KOL_09665,Salt Lake,2021-11-06,12,0,0,0,0,0,1,0,0,0,0.0,0.0,0,0.0,0,162,3,1,0.3443,0.0245,GREEN,50,Kolkata
CLM0045995,KOL_00882,Park Street,2021-02-05,14,0,0,0,0,0,0,0,0,0,0.0,0.496449,0,0.0,0,116,2,4,0.7089,0.0,GREEN,32,Kolkata
CLM0045996,KOL_09837,Salt Lake,2018-10-22,18,0,0,0,0,0,0,0,0,0,0.0,0.073772,0,0.0,0,122,1,6,0.7705,0.0,GREEN,38,Kolkata
CLM0045997,KOL_02947,Salt Lake,2022-03-14,17,0,0,0,0,0,0,0,0,0,0.0,0.348704,0,0.0,1,189,0,0,0.1464,0.0508,GREEN,31,Kolkata
CLM0045998,KOL_01938,Dum Dum,2021-09-09,14,0,0,0,0,1,0,0,1,0,1.0,0.132863,0,0.0,0,306,4,3,0.7096,0.4235,YELLOW,34,Kolkata
CLM0045999,KOL_04816,Behala,2019-05-15,7,0,0,0,0,0,0,0,0,0,0.0,0.200812,0,0.0,0,272,1,3,0.7842,0.0872,GREEN,35,Kolkata
CLM0046000,KOL_03968,Howrah,2021-05-31,19,0,0,0,0,0,0,0,0,0,0.0,0.164278,0,0.0,0,72,3,3,0.431,0.0673,GREEN,37,Kolkata
CLM0046001,KOL_03309,Behala,2025-10-23,21,0,0,0,0,0,0,0,0,0,0.0,0.227208,0,0.0,0,387,0,3,0.6207,0.0847,GREEN,28,Kolkata
CLM0046002,KOL_08732,Dum Dum,2020-07-14,7,0,0,0,1,0,0,0,0,0,0.0,0.372275,0,0.0,0,197,2,0,0.98,0.1432,GREEN,27,Kolkata
CLM0046003,KOL_06908,Garia,2018-08-30,8,0,0,0,0,0,0,0,0,1,0.0,0.203356,0,0.0,0,345,3,2,0.5337,0.0981,GREEN,23,Kolkata
CLM0046004,KOL_02475,New Town,2019-04-16,16,0,0,0,0,0,0,0,0,0,0.0,0.0,0,0.0,1,311,0,0,0.9481,0.1156,GREEN,46,Kolkata
CLM0046005,KOL_07543,Tollygunge,2018-09-07,9,0,0,0,0,0,0,0,0,0,1.0,0.979269,0,0.0,0,71,2,0,0.6033,0.1672,GREEN,56,Kolkata
CLM0046006,KOL_02109,Dum Dum,2019-08-26,7,0,0,0,0,0,0,0,0,1,0.0,0.069296,0,0.0,0,326,3,3,0.98,0.0518,GREEN,45,Kolkata
CLM0046007,KOL_05497,Esplanade,2019-06-05,15,0,0,0,0,0,0,0,0,0,1.0,0.201215,0,0.0,0,97,1,2,0.7341,0.1131,GREEN,29,Kolkata
CLM0046008,KOL_09054,Park Street,2022-12-25,7,0,0,0,0,0,0,0,0,1,0.0,0.980403,0,0.0,0,420,4,5,0.8344,0.0641,GREEN,41,Kolkata
CLM0046009,KOL_03719,Park Street,2025-01-25,12,0,0,0,0,0,0,0,0,0,0.0,0.186014,0,0.0,0,35,4,3,0.7073,0.0293,GREEN,36,Kolkata
CLM0046010,KOL_01269,Dum Dum,2023-12-21,10,0,0,0,0,0,0,0,0,0,0.0,0.039265,1,1.0,0,325,1,3,0.98,0.0218,GREEN,61,Kolkata
CLM0046011,KOL_07721,Park Street,2024-02-05,21,0,0,0,0,0,0,0,0,0,0.0,1.0,0,0.0,0,313,4,0,0.8104,0.0521,GREEN,22,Kolkata
CLM0046012,KOL_03563,New Town,2024-06-30,21,0,0,0,0,0,0,0,0,0,0.0,0.371012,0,0.0,0,356,1,5,0.8845,0.0,GREEN,18,Kolkata
CLM0046013,KOL_07572,Park Street,2025-10-14,16,0,0,0,0,0,0,0,0,0,0.0,0.235149,0,0.0,0,370,4,4,0.98,0.0,GREEN,36,Kolkata
CLM0046014,KOL_07511,Tollygunge,2024-08-05,13,0,0,0,0,1,1,0,0,0,0.0,0.358352,0,0.0,0,43,1,4,0.5967,0.0803,GREEN,31,Kolkata
CLM0046015,KOL_08908,Esplanade,2024-10-12,17,0,0,0,0,0,0,0,0,0,0.0,0.001055,0,0.0,0,136,2,3,0.7968,0.0238,GREEN,28,Kolkata
CLM0046016,KOL_06983,Park Street,2025-05-30,11,0,0,0,0,0,0,1,0,0,0.0,0.0,0,0.0,0,420,1,1,0.98,0.1507,GREEN,25,Kolkata
CLM0046017,KOL_05096,Howrah,2019-08-09,7,0,0,0,0,0,0,0,0,0,0.0,0.18562,0,0.0,0,10,1,1,0.98,0.034,GREEN,27,Kolkata
CLM0046018,KOL_03405,Dum Dum,2022-01-28,13,0,0,0,0,0,0,0,0,0,0.0,0.053277,0,0.0,0,315,3,2,0.5412,0.1287,GREEN,37,Kolkata
CLM0046019,KOL_05720,Garia,2021-04-21,16,0,0,0,0,0,0,0,0,0,0.0,0.233629,0,0.0,0,106,4,6,0.8407,0.0619,GREEN,29,Kolkata
CLM0046020,KOL_02417,Tollygunge,2019-09-23,11,0,0,0,0,0,1,0,0,0,0.0,0.238515,0,0.0,0,31,0,5,0.5278,0.2043,GREEN,33,Kolkata
CLM0046021,KOL_02853,Howrah,2025-05-08,18,0,0,0,0,1,0,0,0,0,0.0,0.218747,0,0.0,0,365,4,1,0.1521,0.1229,GREEN,45,Kolkata
CLM0046022,KOL_09066,Esplanade,2021-11-30,9,0,0,0,0,0,0,0,0,0,0.0,0.384485,0,0.0,0,343,3,3,0.7793,0.0,GREEN,39,Kolkata
CLM0046023,KOL_01225,Behala,2021-06-08,17,0,0,0,0,0,0,0,0,0,0.0,0.068053,0,0.0,0,420,2,3,0.6748,0.0167,GREEN,18,Kolkata
CLM0046024,KOL_08788,Dum Dum,2025-01-31,16,0,0,0,0,0,0,0,0,0,0.0,0.319078,0,0.0,0,234,4,6,0.7091,0.0,GREEN,33,Kolkata
CLM0046025,KOL_08158,Tollygunge,2020-09-10,13,0,0,0,0,0,1,0,0,0,0.0,0.266866,0,0.0,0,224,3,1,0.601,0.0768,GREEN,34,Kolkata
CLM0046026,KOL_09786,Howrah,2025-02-25,17,0,0,0,0,0,0,0,1,0,0.0,0.197265,1,0.0,0,248,1,6,0.6694,0.2169,GREEN,41,Kolkata
CLM0046027,KOL_08752,Sealdah,2020-06-13,12,0,0,0,0,0,0,0,0,0,0.0,0.0,0,0.0,0,84,1,6,0.0518,0.0,GREEN,66,Kolkata
CLM0046028,KOL_09344,Esplanade,2024-10-06,10,0,1,1,1,0,0,0,0,0,0.0,0.330505,0,0.0,0,407,0,0,0.2932,0.4378,YELLOW,51,Kolkata
CLM0046029,KOL_04052,Salt Lake,2025-10-06,13,0,1,1,1,1,0,0,1,1,1.0,0.010149,1,1.0,1,5,0,18,0.9731,0.8511,RED,47,Kolkata
CLM0046030,KOL_07876,Dum Dum,2025-11-29,16,0,1,1,1,0,0,1,0,1,1.0,0.139163,0,1.0,0,47,1,18,0.1743,0.5035,YELLOW,52,Kolkata
CLM0046031,KOL_03160,Esplanade,2025-05-28,11,0,1,1,1,1,0,1,1,0,1.0,0.254729,0,1.0,1,5,0,18,0.3102,0.527,YELLOW,43,Kolkata
CLM0046032,KOL_06512,Howrah,2025-07-13,21,0,1,1,1,0,1,1,0,0,0.0,0.0,1,1.0,0,6,2,18,0.3108,0.6061,YELLOW,51,Kolkata
CLM0046033,KOL_03415,Sealdah,2024-12-23,20,0,1,1,0,0,1,1,0,0,1.0,0.127982,0,0.0,0,420,0,6,0.7505,0.7701,RED,20,Kolkata
CLM0046034,KOL_01848,Esplanade,2025-09-02,13,0,1,1,1,1,0,0,1,0,0.0,0.13795,0,0.0,0,16,0,18,0.98,0.5292,YELLOW,24,Kolkata
CLM0046035,KOL_04386,Park Street,2024-10-29,11,0,1,1,0,0,1,1,1,1,1.0,0.925005,1,0.0,0,5,1,18,0.2213,0.6078,YELLOW,34,Kolkata
CLM0046036,KOL_09753,Park Street,2023-09-14,12,0,0,0,0,0,0,0,0,0,1.0,0.944338,0,1.0,0,203,4,0,0.7342,0.0,GREEN,36,Kolkata
CLM0046037,KOL_07899,Esplanade,2021-12-29,21,0,0,0,0,0,0,0,0,0,0.0,0.344066,1,0.0,0,267,0,4,0.8196,0.0883,GREEN,32,Kolkata
CLM0046038,KOL_06221,Behala,2025-06-15,12,0,0,0,0,0,1,0,0,0,0.0,0.972819,0,0.0,0,365,0,2,0.7444,0.1566,GREEN,18,Kolkata
CLM0046039,KOL_04726,Park Street,2025-06-05,17,0,0,0,0,0,0,0,0,0,0.0,0.243802,0,0.0,0,116,1,1,0.168,0.0229,GREEN,40,Kolkata
CLM0046040,KOL_04335,Park Street,2023-02-19,18,0,0,0,1,0,0,0,0,1,0.0,0.344536,0,0.0,0,171,2,3,0.874,0.1858,GREEN,41,Kolkata
CLM0046041,KOL_07334,Dum Dum,2025-12-06,14,0,0,0,0,0,1,0,0,0,1.0,0.325991,0,0.0,0,190,4,5,0.5964,0.2299,GREEN,45,Kolkata
CLM0046042,KOL_08998,Howrah,2025-09-25,17,0,0,0,0,0,0,0,0,0,0.0,0.262035,0,0.0,0,303,0,5,0.8337,0.0,GREEN,38,Kolkata
CLM0046043,KOL_00920,Behala,2025-01-23,18,0,0,0,0,0,0,0,0,0,0.0,0.311382,0,0.0,0,420,3,5,0.5509,0.025,GREEN,33,Kolkata
CLM0046044,KOL_02146,Behala,2021-05-26,13,0,0,0,0,0,0,0,0,0,0.0,0.361023,0,0.0,0,124,2,3,0.618,0.0854,GREEN,40,Kolkata
CLM0046045,KOL_09120,Dum Dum,2025-08-16,18,0,0,0,0,0,0,0,0,0,0.0,0.202927,0,0.0,0,308,2,0,0.5599,0.0,GREEN,34,Kolkata
CLM0046046,KOL_01100,New Town,2022-02-04,10,0,0,0,0,0,0,0,0,0,0.0,0.118434,0,0.0,0,415,4,5,0.8713,0.0,GREEN,24,Kolkata
CLM0046047,KOL_02819,Park Street,2022-10-21,12,0,0,0,0,0,0,0,1,0,0.0,0.437422,0,0.0,0,107,4,3,0.7484,0.1091,GREEN,38,Kolkata
CLM0046048,KOL_00835,Park Street,2024-03-18,19,0,0,0,0,0,0,0,0,0,0.0,0.00779,0,0.0,0,223,2,5,0.7331,0.0,GREEN,48,Kolkata
CLM0046049,KOL_05932,New Town,2024-02-23,20,0,0,0,0,0,0,0,0,1,0.0,0.149006,0,0.0,0,350,4,2,0.98,0.1135,GREEN,24,Kolkata
CLM0046050,KOL_02922,Tollygunge,2023-08-25,18,0,0,0,1,0,0,0,0,0,0.0,0.26058,0,0.0,0,269,3,4,0.6462,0.1289,GREEN,44,Kolkata
CLM0046051,KOL_05674,Tollygunge,2023-11-13,10,0,0,0,0,0,0,0,1,0,0.0,0.090078,0,0.0,0,128,1,1,0.7453,0.1104,GREEN,42,Kolkata
CLM0046052,KOL_09744,Dum Dum,2024-08-08,19,0,0,0,1,1,0,0,1,1,1.0,0.058518,1,1.0,1,12,2,18,0.7967,0.1005,GREEN,22,Kolkata
CLM0046053,KOL_01678,Park Street,2025-11-22,18,0,0,0,0,0,0,0,0,0,0.0,0.237394,0,0.0,0,113,1,3,0.6721,0.0,GREEN,43,Kolkata
CLM0046054,KOL_04354,Behala,2025-01-02,10,0,0,0,0,0,0,0,1,0,0.0,0.274579,0,0.0,0,132,1,1,0.5239,0.2012,GREEN,19,Kolkata
CLM0046055,KOL_04072,Sealdah,2020-12-13,18,0,1,1,1,1,1,1,0,1,0.0,0.0,1,0.0,1,6,0,12,0.8709,0.8308,RED,27,Kolkata
CLM0046056,KOL_03227,Salt Lake,2021-05-27,9,0,1,1,1,0,0,1,1,0,1.0,1.0,0,1.0,1,19,1,18,0.2804,0.4736,YELLOW,37,Kolkata
CLM0046057,KOL_08067,Park Street,2018-06-05,14,0,1,1,1,1,0,1,0,1,1.0,0.991075,0,1.0,0,5,0,18,0.9469,0.7487,RED,63,Kolkata
CLM0046058,KOL_05231,Esplanade,2025-01-17,12,0,1,1,0,0,0,0,0,0,0.0,0.19831,0,0.0,0,314,0,1,0.6247,0.7298,RED,51,Kolkata
CLM0046059,KOL_04675,Behala,2020-06-09,12,0,1,1,1,1,0,1,1,1,0.0,1.0,0,1.0,0,24,0,15,0.3578,0.7404,RED,32,Kolkata
CLM0046060,KOL_04059,Park Street,2025-05-26,15,0,1,1,1,1,0,1,0,1,0.0,0.12246,0,0.0,0,17,0,18,0.876,0.5054,YELLOW,18,Kolkata
CLM0046061,KOL_09673,Sealdah,2024-01-20,8,0,1,1,1,1,0,1,1,0,0.0,1.0,1,0.0,1,40,2,18,0.1136,0.5807,YELLOW,47,Kolkata
CLM0046062,KOL_05038,Tollygunge,2025-03-03,10,0,0,0,0,0,0,0,0,0,0.0,0.0,0,0.0,0,84,4,2,0.5991,0.0,GREEN,50,Kolkata
CLM0046063,KOL_03720,Park Street,2024-12-13,10,0,0,0,0,0,1,0,0,0,0.0,0.153106,0,0.0,0,211,1,1,0.0783,0.0696,GREEN,51,Kolkata
CLM0046064,KOL_08223,New Town,2025-08-11,8,0,0,0,0,0,1,0,0,1,0.0,0.127562,0,0.0,0,156,0,1,0.631,0.2489,GREEN,40,Kolkata
CLM0046065,KOL_03383,Howrah,2024-10-28,11,0,0,0,0,0,0,0,0,0,0.0,0.221147,0,0.0,0,420,1,2,0.5615,0.0404,GREEN,55,Kolkata
CLM0046066,KOL_04296,Park Street,2024-04-19,14,0,0,0,0,0,0,1,0,0,0.0,0.173152,0,1.0,0,420,1,0,0.7219,0.0,GREEN,33,Kolkata
CLM0046067,KOL_06237,Behala,2023-06-12,7,0,0,0,0,0,0,0,0,0,0.0,0.112847,0,0.0,0,247,2,1,0.8133,0.0818,GREEN,32,Kolkata
CLM0046068,KOL_08856,Esplanade,2025-02-15,18,0,0,0,0,0,1,0,0,0,0.0,0.474534,0,0.0,0,115,2,0,0.6894,0.132,GREEN,37,Kolkata
CLM0046069,KOL_03329,Esplanade,2025-04-08,15,0,0,0,0,0,0,0,0,0,0.0,0.329206,0,0.0,0,274,0,5,0.5463,0.0,GREEN,28,Kolkata
CLM0046070,KOL_07577,Esplanade,2024-08-19,12,0,0,0,0,0,0,1,0,0,0.0,0.37487,0,1.0,0,266,3,0,0.5475,0.11,GREEN,27,Kolkata
CLM0046071,KOL_03351,Howrah,2025-05-15,17,0,0,0,0,0,0,0,0,0,0.0,0.484602,0,0.0,0,83,3,0,0.9029,0.0,GREEN,38,Kolkata
CLM0046072,KOL_02326,Sealdah,2024-06-24,7,0,0,0,0,0,0,0,0,0,0.0,0.347532,0,0.0,0,94,3,3,0.9278,0.0,GREEN,48,Kolkata
CLM0046073,KOL_04735,Esplanade,2025-04-17,21,0,0,0,0,0,0,0,0,0,0.0,0.086021,0,0.0,0,328,2,3,0.1573,0.0,GREEN,32,Kolkata
CLM0046074,KOL_05584,Tollygunge,2025-03-17,7,0,0,0,0,0,1,0,0,0,0.0,0.2067,0,0.0,0,377,3,0,0.7213,0.0791,GREEN,39,Kolkata
CLM0046075,KOL_02578,Tollygunge,2025-05-13,21,0,0,0,0,0,0,0,0,0,1.0,0.250548,0,0.0,0,165,4,2,0.9238,0.0317,GREEN,38,Kolkata
CLM0046076,KOL_07473,Howrah,2025-01-30,9,0,0,0,0,0,0,0,0,0,0.0,0.189241,0,0.0,0,187,0,5,0.5305,0.0,GREEN,41,Kolkata
CLM0046077,KOL_06475,Behala,2025-05-08,13,0,0,0,0,0,0,0,0,0,1.0,0.153553,0,0.0,0,420,2,5,0.7811,0.0725,GREEN,18,Kolkata
CLM0046078,KOL_01993,Salt Lake,2025-04-21,13,0,0,0,0,0,1,1,0,0,0.0,0.17158,0,0.0,0,261,3,2,0.6939,0.2133,GREEN,50,Kolkata
CLM0046079,KOL_09722,Sealdah,2023-03-13,16,0,0,0,0,0,1,0,0,0,1.0,0.115601,0,0.0,0,354,0,0,0.8672,0.1188,GREEN,28,Kolkata
CLM0046080,KOL_07065,Behala,2024-02-21,20,0,0,0,0,0,0,0,0,0,0.0,0.30917,0,0.0,0,307,4,3,0.9078,0.0,GREEN,56,Kolkata
CLM0046081,KOL_04083,Garia,2024-07-16,10,0,0,0,1,0,1,0,0,0,0.0,0.230377,0,0.0,0,420,0,3,0.8587,0.3059,GREEN,29,Kolkata
CLM0046082,KOL_03913,New Town,2023-04-11,10,0,0,0,0,0,0,0,0,0,0.0,0.270784,0,0.0,0,240,0,0,0.1,0.0,GREEN,27,Kolkata
CLM0046083,KOL_09219,Garia,2022-05-24,15,0,0,0,0,0,0,0,0,0,0.0,0.053507,0,0.0,0,182,2,0,0.7062,0.0,GREEN,37,Kolkata
CLM0046084,KOL_07176,Dum Dum,2025-06-21,16,0,0,0,0,0,0,0,1,0,1.0,1.0,0,0.0,0,164,0,6,0.7816,0.1448,GREEN,42,Kolkata
CLM0046085,KOL_09490,Howrah,2024-04-18,17,0,0,0,0,0,0,0,0,0,0.0,0.987933,0,0.0,0,143,2,3,0.3871,0.0273,GREEN,30,Kolkata
CLM0046086,KOL_09616,Tollygunge,2021-02-02,9,0,0,0,0,0,0,0,0,0,0.0,0.194616,0,0.0,0,32,4,3,0.8209,0.0,GREEN,26,Kolkata
CLM0046087,KOL_01188,Esplanade,2019-07-10,21,0,0,0,0,0,1,0,0,0,0.0,1.0,0,0.0,0,258,1,3,0.622,0.0726,GREEN,49,Kolkata
CLM0046088,KOL_06205,Sealdah,2021-11-03,14,0,0,0,0,0,0,0,0,0,0.0,0.296111,0,0.0,0,201,2,3,0.9243,0.0289,GREEN,27,Kolkata
CLM0046089,KOL_01648,Park Street,2020-06-12,19,0,0,0,0,0,0,1,0,0,1.0,1.0,0,1.0,0,226,4,1,0.6301,0.1586,GREEN,22,Kolkata
CLM0046090,KOL_00148,Garia,2025-12-11,17,0,0,0,0,0,1,0,0,0,0.0,1.0,0,0.0,0,145,1,0,0.8138,0.1101,GREEN,33,Kolkata
CLM0046091,KOL_04761,Park Street,2024-11-22,12,0,0,0,0,0,1,0,0,0,0.0,0.27347,0,0.0,0,350,0,1,0.9037,0.0185,GREEN,20,Kolkata
CLM0046092,KOL_07394,Tollygunge,2024-09-14,11,0,0,0,0,0,0,0,0,0,0.0,0.106956,0,0.0,0,260,0,2,0.9535,0.0,GREEN,35,Kolkata
CLM0046093,KOL_00314,Dum Dum,2025-08-16,15,0,0,0,0,0,1,0,1,0,0.0,0.383321,0,0.0,0,50,2,0,0.0912,0.1149,GREEN,42,Kolkata
CLM0046094,KOL_08713,Esplanade,2019-09-11,8,0,0,0,0,0,0,0,0,0,0.0,0.20305,0,0.0,0,132,4,0,0.269,0.0459,GREEN,49,Kolkata
CLM0046095,KOL_08540,Howrah,2020-08-19,12,0,0,0,0,0,0,0,0,0,0.0,0.381926,0,0.0,1,128,4,1,0.6171,0.0918,GREEN,27,Kolkata
CLM0046096,KOL_09370,Tollygunge,2025-05-28,15,0,0,0,0,0,0,0,0,0,1.0,0.012604,0,0.0,0,223,4,0,0.4801,0.1105,GREEN,42,Kolkata
CLM0046097,KOL_00596,Behala,2022-07-03,9,0,0,0,0,0,1,0,0,0,0.0,0.308887,0,0.0,0,42,1,0,0.9607,0.0,GREEN,49,Kolkata
CLM0046098,KOL_02619,Garia,2024-07-22,10,0,0,0,0,0,0,0,0,0,0.0,0.141394,0,0.0,0,77,2,2,0.98,0.0,GREEN,42,Kolkata
CLM0046099,KOL_06323,Sealdah,2022-08-05,15,0,0,0,0,0,1,0,0,0,0.0,0.103671,0,0.0,0,60,1,2,0.1623,0.0,GREEN,45,Kolkata
CLM0046100,KOL_06645,Salt Lake,2016-03-02,15,0,0,0,0,0,0,0,0,0,0.0,0.248209,0,1.0,0,405,3,4,0.98,0.0728,GREEN,32,Kolkata
CLM0046101,KOL_01581,Tollygunge,2020-07-16,15,0,0,0,0,0,0,0,0,0,0.0,0.349405,0,0.0,0,420,1,0,0.8223,0.0,GREEN,42,Kolkata
CLM0046102,KOL_00902,Salt Lake,2018-09-15,16,0,0,0,0,0,0,0,0,0,0.0,0.01103,0,0.0,0,237,1,2,0.246,0.0,GREEN,38,Kolkata
CLM0046103,KOL_08160,Howrah,2024-06-28,20,0,0,0,0,0,0,0,0,0,1.0,0.313723,0,0.0,0,164,0,1,0.7622,0.0,GREEN,38,Kolkata
CLM0046104,KOL_01806,Tollygunge,2023-08-11,10,0,0,0,0,0,0,0,0,0,0.0,0.210265,0,0.0,0,93,0,0,0.8838,0.16,GREEN,43,Kolkata
CLM0046105,KOL_06775,Garia,2021-07-05,9,0,0,0,1,0,0,0,0,0,1.0,0.233711,0,0.0,0,232,4,5,0.6379,0.284,GREEN,28,Kolkata
CLM0046106,KOL_06243,Sealdah,2024-11-19,20,0,0,0,0,0,0,0,0,0,0.0,0.146538,0,0.0,0,407,2,1,0.4436,0.0712,GREEN,29,Kolkata
CLM0046107,KOL_05841,Sealdah,2023-09-01,18,0,0,0,0,0,1,0,0,0,0.0,0.086034,0,0.0,0,393,1,3,0.482,0.1253,GREEN,26,Kolkata
CLM0046108,KOL_03050,Park Street,2022-03-07,19,0,0,0,1,0,0,0,0,0,1.0,0.382864,0,0.0,0,59,0,2,0.7562,0.1774,GREEN,48,Kolkata
CLM0046109,KOL_02187,Dum Dum,2025-01-07,21,0,0,0,0,0,0,0,0,0,0.0,0.016662,0,1.0,0,74,4,2,0.7371,0.0,GREEN,48,Kolkata
CLM0046110,KOL_06532,Garia,2023-12-01,18,0,0,0,0,0,0,0,0,0,0.0,0.405357,0,0.0,0,384,3,0,0.5755,0.0586,GREEN,35,Kolkata
CLM0046111,KOL_04493,Salt Lake,2025-01-12,12,0,0,0,0,0,0,0,0,0,0.0,0.10739,0,0.0,0,420,1,0,0.6332,0.0765,GREEN,52,Kolkata
CLM0046112,KOL_05189,Garia,2022-03-19,7,0,0,0,0,1,0,0,0,0,0.0,0.319969,0,0.0,0,419,1,1,0.0636,0.1176,GREEN,31,Kolkata
CLM0046113,KOL_07577,Esplanade,2023-10-02,17,0,0,0,0,0,0,0,0,0,0.0,0.034358,0,0.0,0,410,1,6,0.0859,0.0,GREEN,27,Kolkata
CLM0046114,KOL_09667,Behala,2024-08-20,20,0,0,0,0,0,0,0,0,0,0.0,0.904137,0,0.0,0,420,3,3,0.9744,0.0,GREEN,27,Kolkata
CLM0046115,KOL_07035,Behala,2024-04-15,21,0,0,0,0,0,0,0,0,0,0.0,0.423565,0,0.0,0,42,2,1,0.4918,0.0074,GREEN,48,Kolkata
CLM0046116,KOL_02857,New Town,2021-01-18,10,0,0,0,0,1,0,0,0,0,0.0,0.250691,0,0.0,0,416,3,0,0.1381,0.1058,GREEN,41,Kolkata
CLM0046117,KOL_02669,Behala,2018-07-12,19,0,0,0,0,0,1,1,0,0,0.0,0.072,1,0.0,0,92,4,0,0.3039,0.1888,GREEN,33,Kolkata
CLM0046118,KOL_07720,Howrah,2019-08-14,8,0,0,0,0,0,1,0,0,0,0.0,0.326365,0,0.0,0,351,1,2,0.9527,0.0848,GREEN,43,Kolkata
CLM0046119,KOL_01055,Behala,2025-06-16,16,0,0,0,0,0,0,0,0,0,0.0,0.260713,1,0.0,0,155,0,7,0.98,0.0586,GREEN,24,Kolkata
CLM0046120,KOL_07870,Park Street,2022-07-30,11,0,0,0,0,0,0,0,0,0,0.0,0.120163,0,0.0,0,43,4,2,0.5261,0.0,GREEN,28,Kolkata
CLM0046121,KOL_01054,Sealdah,2016-06-01,17,0,0,0,0,0,0,0,0,0,0.0,0.228736,0,1.0,0,119,4,0,0.5258,0.0,GREEN,25,Kolkata
CLM0046122,KOL_02743,Park Street,2023-06-09,16,0,0,0,0,0,0,1,0,0,0.0,0.132433,0,0.0,0,242,2,0,0.0789,0.036,GREEN,27,Kolkata
CLM0046123,KOL_07754,Park Street,2023-07-16,13,0,0,0,0,0,0,0,0,0,0.0,0.272052,0,0.0,0,142,2,5,0.405,0.0,GREEN,39,Kolkata
CLM0046124,KOL_03795,Howrah,2019-12-04,7,0,0,0,0,0,0,1,0,0,0.0,0.238148,0,0.0,0,106,2,2,0.05,0.1271,GREEN,28,Kolkata
CLM0046125,KOL_02760,Garia,2021-09-14,8,0,0,0,0,0,1,0,0,1,0.0,0.138535,0,0.0,0,296,2,2,0.5364,0.2961,GREEN,40,Kolkata
CLM0046126,KOL_05691,Howrah,2024-10-02,16,0,0,0,0,0,0,0,0,0,0.0,0.376006,0,0.0,1,322,2,1,0.5704,0.19,GREEN,18,Kolkata
CLM0046127,KOL_06632,Salt Lake,2021-04-02,12,0,0,0,0,0,0,0,0,0,0.0,0.171664,0,0.0,0,383,2,4,0.8003,0.0928,GREEN,18,Kolkata
CLM0046128,KOL_01170,Dum Dum,2024-06-05,16,0,0,0,0,0,0,0,0,0,0.0,0.272215,0,0.0,0,234,2,3,0.9243,0.0,GREEN,31,Kolkata
CLM0046129,KOL_08099,Salt Lake,2019-10-27,18,0,0,0,0,0,0,0,0,0,1.0,0.317231,0,0.0,0,420,0,4,0.5198,0.074,GREEN,39,Kolkata
CLM0046130,KOL_07087,Tollygunge,2020-01-18,9,0,0,0,0,0,0,0,0,0,0.0,0.059363,0,0.0,0,414,0,3,0.4696,0.0,GREEN,25,Kolkata
CLM0046131,KOL_02656,Dum Dum,2018-02-18,21,0,0,0,0,0,0,0,0,0,0.0,0.045683,0,0.0,0,58,4,0,0.4615,0.0,GREEN,34,Kolkata
CLM0046132,KOL_09453,Esplanade,2022-10-25,9,0,0,0,0,0,0,0,0,0,0.0,0.414676,0,0.0,0,87,1,0,0.4938,0.0663,GREEN,22,Kolkata
CLM0046133,KOL_01671,Howrah,2022-11-01,21,0,0,0,0,0,0,0,0,0,0.0,0.359331,0,0.0,0,365,1,5,0.6756,0.0237,GREEN,34,Kolkata
CLM0046134,KOL_06501,Dum Dum,2025-04-18,21,0,0,0,0,0,1,0,0,0,0.0,0.477449,0,0.0,0,420,0,3,0.2726,0.1513,GREEN,42,Kolkata
CLM0046135,KOL_02202,Dum Dum,2025-02-02,20,0,0,0,0,0,0,0,0,0,0.0,0.236708,0,0.0,0,420,0,3,0.98,0.0082,GREEN,40,Kolkata
CLM0046136,KOL_09235,Sealdah,2022-11-16,15,0,0,0,0,0,0,0,0,0,0.0,0.007665,1,0.0,0,420,0,4,0.7002,0.0978,GREEN,27,Kolkata
CLM0046137,KOL_02839,Garia,2023-05-22,19,0,0,0,1,0,0,0,0,0,0.0,0.085448,0,0.0,0,380,1,1,0.5741,0.1922,GREEN,31,Kolkata
CLM0046138,KOL_02851,Garia,2022-01-14,19,0,0,0,0,0,0,0,0,0,0.0,0.910761,0,0.0,0,204,3,7,0.5509,0.0,GREEN,40,Kolkata
CLM0046139,KOL_00420,Garia,2017-08-26,13,0,0,0,0,0,0,0,0,0,0.0,0.37704,0,0.0,0,420,3,1,0.5202,0.0373,GREEN,50,Kolkata
CLM0046140,KOL_06703,Howrah,2024-10-08,9,0,0,0,0,0,0,0,0,0,0.0,0.021625,0,0.0,0,348,4,4,0.3072,0.0221,GREEN,37,Kolkata
CLM0046141,KOL_00961,Tollygunge,2019-03-25,10,0,0,0,0,0,0,0,0,1,0.0,0.111313,0,0.0,0,322,0,0,0.8678,0.1875,GREEN,47,Kolkata
CLM0046142,KOL_04390,Esplanade,2025-01-07,10,0,0,0,0,0,0,0,0,0,1.0,0.022919,0,0.0,0,85,2,0,0.5885,0.1119,GREEN,50,Kolkata
CLM0046143,KOL_08979,Tollygunge,2020-04-29,14,0,0,0,0,0,0,0,0,0,0.0,0.0,0,0.0,0,351,1,2,0.235,0.0,GREEN,31,Kolkata
CLM0046144,KOL_03779,Howrah,2023-05-01,20,0,0,0,0,0,0,0,0,0,0.0,0.150442,0,1.0,0,101,1,0,0.05,0.0546,GREEN,42,Kolkata
CLM0046145,KOL_06252,Howrah,2025-03-24,11,0,0,0,0,0,0,0,1,1,0.0,0.25645,0,1.0,0,372,0,2,0.5431,0.2063,GREEN,38,Kolkata
CLM0046146,KOL_09086,Tollygunge,2025-03-25,14,0,0,0,0,0,0,1,1,0,1.0,1.0,0,1.0,0,5,2,18,0.099,0.2318,GREEN,45,Kolkata
CLM0046147,KOL_03340,Garia,2024-09-30,20,0,0,0,0,0,1,1,1,1,0.0,0.124864,0,0.0,0,14,1,18,0.8493,0.0,GREEN,45,Kolkata
CLM0046148,KOL_08677,Park Street,2025-05-28,20,0,0,0,0,0,0,0,0,0,0.0,0.375793,0,0.0,0,375,4,4,0.5516,0.0674,GREEN,31,Kolkata
CLM0046149,KOL_05935,Tollygunge,2024-08-18,12,0,0,0,0,0,0,0,0,0,0.0,0.133392,0,0.0,0,346,0,1,0.0662,0.0422,GREEN,30,Kolkata
CLM0046150,KOL_07761,Dum Dum,2025-02-07,20,0,0,0,0,0,0,0,0,0,1.0,0.332928,1,0.0,0,88,2,6,0.6718,0.1551,GREEN,56,Kolkata
CLM0046151,KOL_03022,Behala,2024-03-25,19,0,0,0,0,0,0,0,0,0,1.0,0.990407,0,1.0,0,358,3,2,0.7529,0.0,GREEN,45,Kolkata
CLM0046152,KOL_06352,Park Street,2024-07-11,17,0,0,0,0,0,0,0,0,0,0.0,0.0,0,0.0,0,64,4,4,0.7143,0.0,GREEN,29,Kolkata
CLM0046153,KOL_04643,Dum Dum,2025-08-24,9,0,0,0,0,0,0,0,0,0,0.0,0.154296,0,0.0,0,257,3,0,0.7975,0.0,GREEN,27,Kolkata
CLM0046154,KOL_00325,Salt Lake,2024-09-21,9,0,0,0,0,0,0,0,0,0,0.0,0.265895,0,0.0,0,117,3,0,0.9111,0.031,GREEN,32,Kolkata
CLM0046155,KOL_01364,Salt Lake,2024-11-06,14,0,0,0,0,0,0,0,0,0,0.0,0.231508,0,0.0,0,416,4,2,0.6924,0.0,GREEN,45,Kolkata
CLM0046156,KOL_05334,Garia,2024-05-24,10,0,0,0,0,0,0,0,0,0,1.0,1.0,0,1.0,0,84,4,6,0.9569,0.0,GREEN,44,Kolkata
CLM0046157,KOL_03247,Salt Lake,2022-06-11,11,0,0,0,0,0,1,0,0,0,1.0,0.955092,0,0.0,0,174,4,0,0.98,0.2356,GREEN,43,Kolkata
CLM0046158,KOL_02042,Dum Dum,2021-06-24,7,0,0,0,0,0,0,0,0,0,0.0,0.237828,0,0.0,0,79,3,3,0.6936,0.0,GREEN,42,Kolkata
CLM0046159,KOL_01141,Garia,2018-06-28,9,0,0,0,0,1,0,0,0,0,1.0,0.279343,0,0.0,0,364,4,2,0.98,0.2206,GREEN,31,Kolkata
CLM0046160,KOL_04173,Sealdah,2020-08-03,20,0,0,0,0,0,0,0,1,0,0.0,0.150294,0,0.0,0,229,4,1,0.7248,0.0213,GREEN,38,Kolkata
CLM0046161,KOL_06870,New Town,2017-03-05,15,0,0,0,0,0,0,1,0,0,1.0,0.294257,0,0.0,0,386,4,0,0.4304,0.1205,GREEN,46,Kolkata
CLM0046162,KOL_05672,Esplanade,2024-09-03,15,0,0,0,1,0,0,0,0,0,0.0,0.36593,0,0.0,0,144,0,4,0.8396,0.2544,GREEN,24,Kolkata
CLM0046163,KOL_04135,Dum Dum,2025-02-14,17,0,0,0,1,0,0,0,0,0,0.0,0.0,0,0.0,0,205,4,0,0.4649,0.1012,GREEN,35,Kolkata
CLM0046164,KOL_01397,Tollygunge,2018-02-07,11,0,0,0,0,1,0,0,0,0,0.0,0.334055,0,0.0,0,188,0,1,0.5345,0.1686,GREEN,42,Kolkata
CLM0046165,KOL_06983,Park Street,2018-09-01,14,0,0,0,0,0,1,0,0,0,0.0,0.070787,0,0.0,0,373,4,0,0.7656,0.1333,GREEN,25,Kolkata
CLM0046166,KOL_00385,Sealdah,2024-07-30,16,0,0,0,0,0,0,0,0,0,1.0,0.984086,0,1.0,0,407,1,0,0.7366,0.0,GREEN,23,Kolkata
CLM0046167,KOL_01264,Dum Dum,2022-03-16,13,0,0,0,0,0,0,0,0,0,0.0,0.21809,0,0.0,0,131,2,4,0.4964,0.0,GREEN,38,Kolkata
CLM0046168,KOL_02037,Behala,2020-10-13,7,0,0,0,0,0,0,0,0,0,0.0,0.056637,0,0.0,0,200,0,1,0.9511,0.0486,GREEN,44,Kolkata
CLM0046169,KOL_02426,Behala,2025-09-09,18,0,0,0,0,0,0,0,0,0,0.0,0.01936,0,0.0,0,200,1,3,0.3148,0.0792,GREEN,26,Kolkata
CLM0046170,KOL_05038,Tollygunge,2020-05-03,17,0,0,0,1,1,0,0,0,0,0.0,0.225262,0,0.0,0,79,2,5,0.05,0.296,GREEN,50,Kolkata
CLM0046171,KOL_00533,Park Street,2016-11-10,13,0,0,0,0,0,1,0,0,0,0.0,0.267562,0,0.0,1,5,1,4,0.9133,0.1683,GREEN,40,Kolkata
CLM0046172,KOL_07223,Park Street,2018-08-30,21,0,0,0,0,0,0,0,0,0,0.0,0.269227,0,0.0,0,101,2,6,0.9184,0.0542,GREEN,18,Kolkata
CLM0046173,KOL_00994,Esplanade,2020-07-04,21,0,0,0,0,0,0,0,0,0,0.0,1.0,0,0.0,0,172,4,4,0.7611,0.0,GREEN,33,Kolkata
CLM0046174,KOL_03471,Sealdah,2025-03-15,8,0,0,0,0,0,0,0,0,0,1.0,0.152203,1,0.0,1,402,3,2,0.1942,0.2328,GREEN,22,Kolkata
CLM0046175,KOL_06939,Park Street,2024-06-11,9,0,0,0,0,0,0,0,1,0,0.0,0.218098,0,0.0,0,420,3,4,0.9404,0.066,GREEN,20,Kolkata
CLM0046176,KOL_07264,Tollygunge,2021-08-27,17,0,0,0,0,0,0,0,0,0,0.0,0.359573,0,0.0,0,37,3,3,0.6501,0.0,GREEN,37,Kolkata
CLM0046177,KOL_09700,Garia,2016-06-20,20,0,0,0,0,0,0,0,0,0,0.0,0.132163,0,0.0,1,51,3,1,0.6622,0.0505,GREEN,32,Kolkata
CLM0046178,KOL_08716,Salt Lake,2016-03-24,14,0,0,0,1,1,0,1,0,0,0.0,0.232926,0,1.0,0,153,1,0,0.0522,0.5322,YELLOW,55,Kolkata
CLM0046179,KOL_01909,Behala,2017-03-17,21,0,0,0,0,0,0,0,0,0,0.0,0.089116,0,0.0,0,222,1,4,0.98,0.0,GREEN,36,Kolkata
CLM0046180,KOL_01554,Howrah,2024-04-10,10,0,0,0,1,0,0,0,0,0,0.0,0.978565,0,0.0,0,129,1,3,0.9387,0.1037,GREEN,32,Kolkata
CLM0046181,KOL_06293,Howrah,2016-08-09,20,0,0,0,0,0,0,0,0,0,0.0,0.257379,0,0.0,0,55,3,0,0.619,0.0,GREEN,55,Kolkata
CLM0046182,KOL_02121,Salt Lake,2022-01-11,13,0,0,0,0,0,0,0,0,0,0.0,0.296363,0,0.0,0,205,1,3,0.8693,0.0,GREEN,44,Kolkata
CLM0046183,KOL_01543,Sealdah,2023-11-16,11,0,0,0,0,0,0,0,0,0,0.0,0.224247,0,0.0,0,71,0,2,0.6668,0.0,GREEN,40,Kolkata
CLM0046184,KOL_02685,Salt Lake,2024-09-10,14,0,0,0,0,0,0,0,0,0,1.0,0.074009,0,0.0,0,364,3,2,0.9783,0.0964,GREEN,50,Kolkata
CLM0046185,KOL_02121,Salt Lake,2025-03-10,19,0,0,0,0,0,0,0,0,0,0.0,0.225684,0,1.0,0,420,2,2,0.5752,0.0347,GREEN,44,Kolkata
CLM0046186,KOL_06017,Garia,2021-09-13,14,0,0,0,0,0,1,0,0,0,0.0,0.115942,0,0.0,0,360,4,1,0.2537,0.1883,GREEN,41,Kolkata
CLM0046187,KOL_09275,Park Street,2022-02-06,16,0,0,0,0,0,1,0,0,0,0.0,0.323743,0,0.0,0,327,1,2,0.9573,0.1048,GREEN,18,Kolkata
CLM0046188,KOL_03200,Dum Dum,2023-06-18,10,0,0,0,0,0,0,0,0,0,0.0,0.238246,0,0.0,1,420,2,6,0.3186,0.0701,GREEN,36,Kolkata
CLM0046189,KOL_01140,Park Street,2021-09-26,17,0,0,0,0,0,1,0,1,0,0.0,0.210582,0,0.0,0,51,2,0,0.98,0.1854,GREEN,32,Kolkata
CLM0046190,KOL_03393,Esplanade,2022-08-24,17,0,0,0,1,1,0,1,1,1,1.0,0.96486,0,1.0,1,31,2,18,0.3083,0.0,GREEN,35,Kolkata
CLM0046191,KOL_04548,Salt Lake,2025-11-11,21,0,0,0,0,0,0,0,0,0,0.0,1.0,0,0.0,0,172,0,6,0.98,0.0,GREEN,39,Kolkata
CLM0046192,KOL_02469,Salt Lake,2024-10-04,7,0,0,0,0,0,0,0,0,0,0.0,1.0,0,0.0,0,420,4,2,0.7547,0.0,GREEN,40,Kolkata
CLM0046193,KOL_00938,Tollygunge,2023-07-21,11,0,0,0,0,0,0,0,1,0,1.0,0.209422,0,0.0,0,235,2,0,0.8342,0.1451,GREEN,54,Kolkata
CLM0046194,KOL_00882,Park Street,2022-05-25,9,0,0,0,0,0,0,0,0,0,0.0,0.0,0,0.0,0,65,4,1,0.6117,0.0,GREEN,32,Kolkata
CLM0046195,KOL_00473,New Town,2025-06-22,10,0,0,0,0,0,0,0,0,1,0.0,0.282173,0,0.0,0,150,4,3,0.7127,0.1697,GREEN,46,Kolkata
CLM0046196,KOL_01277,Park Street,2025-01-03,14,0,0,0,0,0,0,0,0,0,0.0,0.115362,0,0.0,0,199,4,0,0.8384,0.0,GREEN,19,Kolkata
CLM0046197,KOL_08646,Behala,2022-11-11,10,0,0,0,0,0,0,0,0,0,1.0,0.002341,0,0.0,0,119,2,3,0.6802,0.063,GREEN,24,Kolkata
CLM0046198,KOL_06508,Park Street,2021-07-08,8,0,0,0,0,0,0,0,0,0,1.0,0.269749,0,0.0,0,28,3,0,0.2952,0.0601,GREEN,52,Kolkata
CLM0046199,KOL_03609,Sealdah,2024-01-26,20,0,0,0,1,0,1,0,0,0,0.0,0.095512,0,0.0,0,81,3,2,0.8648,0.3455,YELLOW,27,Kolkata
CLM0046200,KOL_01199,Esplanade,2023-01-13,16,0,0,0,0,0,0,0,0,0,0.0,0.396811,0,0.0,0,172,3,5,0.05,0.1143,GREEN,28,Kolkata
CLM0046201,KOL_04550,Park Street,2022-01-28,15,0,0,0,0,0,0,0,0,0,0.0,0.202377,0,0.0,0,408,0,3,0.6018,0.0271,GREEN,19,Kolkata
CLM0046202,KOL_09252,Dum Dum,2016-08-18,19,0,0,0,0,0,0,0,0,0,0.0,0.253567,0,0.0,0,420,1,2,0.6512,0.0,GREEN,44,Kolkata
CLM0046203,KOL_07325,Salt Lake,2023-07-19,21,0,0,0,0,0,0,0,0,0,0.0,0.117464,0,0.0,0,99,4,4,0.1018,0.0408,GREEN,52,Kolkata
CLM0046204,KOL_02984,New Town,2015-07-14,14,0,0,0,1,0,1,1,1,0,1.0,1.0,1,0.0,1,5,2,18,0.2568,0.0881,GREEN,26,Kolkata
CLM0046205,KOL_05245,Dum Dum,2025-09-29,15,0,0,0,0,0,0,0,0,0,0.0,0.0,0,0.0,0,379,3,2,0.7679,0.0,GREEN,24,Kolkata
CLM0046206,KOL_01205,New Town,2024-05-15,15,0,0,0,0,0,0,0,0,0,0.0,0.980013,0,0.0,0,80,3,5,0.8728,0.05,GREEN,25,Kolkata
CLM0046207,KOL_01465,Salt Lake,2025-09-09,17,0,0,0,0,1,0,0,0,0,0.0,0.173865,0,0.0,0,128,3,3,0.7564,0.2165,GREEN,49,Kolkata
CLM0046208,KOL_06198,Garia,2021-11-07,7,0,0,0,0,0,0,1,1,0,1.0,0.898505,1,0.0,1,41,4,18,0.4457,0.0464,GREEN,34,Kolkata
CLM0046209,KOL_04672,Tollygunge,2023-10-10,21,0,0,0,0,0,0,1,0,0,0.0,0.940846,0,0.0,0,420,2,0,0.2189,0.1001,GREEN,37,Kolkata
CLM0046210,KOL_08097,Esplanade,2021-05-20,20,0,0,0,0,0,0,0,0,0,0.0,0.946131,0,0.0,0,268,1,4,0.719,0.0328,GREEN,38,Kolkata
CLM0046211,KOL_01830,Park Street,2017-01-16,21,0,0,0,0,0,0,0,1,0,1.0,0.0,0,0.0,0,161,3,1,0.8744,0.1732,GREEN,39,Kolkata
CLM0046212,KOL_04133,Sealdah,2022-08-09,9,0,0,0,0,0,1,1,0,0,0.0,0.0,0,0.0,0,22,1,0,0.7574,0.1315,GREEN,29,Kolkata
CLM0046213,KOL_02564,Dum Dum,2020-10-13,9,0,0,0,1,0,0,1,0,1,1.0,0.061363,0,1.0,0,5,1,18,0.108,0.1867,GREEN,40,Kolkata
CLM0046214,KOL_07179,Howrah,2022-01-07,15,0,0,0,0,0,0,0,0,0,0.0,0.09169,0,1.0,0,336,2,0,0.8167,0.0313,GREEN,21,Kolkata
CLM0046215,KOL_02384,Howrah,2025-04-08,13,0,0,0,0,1,0,0,1,0,0.0,0.054308,0,0.0,0,60,2,4,0.517,0.2037,GREEN,49,Kolkata
CLM0046216,KOL_08873,Sealdah,2016-04-24,9,0,0,0,0,0,0,0,0,0,0.0,0.129155,0,0.0,0,270,4,0,0.0703,0.0,GREEN,26,Kolkata
CLM0046217,KOL_00845,Garia,2024-09-22,11,0,0,0,0,0,0,0,0,0,1.0,0.499864,0,0.0,0,76,1,0,0.98,0.1214,GREEN,41,Kolkata
CLM0046218,KOL_00830,Behala,2024-05-17,18,0,0,0,0,0,0,1,0,0,1.0,1.0,0,1.0,0,333,3,1,0.6235,0.002,GREEN,30,Kolkata
CLM0046219,KOL_03663,Garia,2022-11-03,15,0,0,0,0,0,0,0,0,0,0.0,0.041042,0,0.0,0,18,4,2,0.8635,0.0,GREEN,50,Kolkata
CLM0046220,KOL_03164,New Town,2023-05-12,10,0,0,0,0,0,0,0,0,0,0.0,0.152483,0,0.0,0,409,1,4,0.6791,0.0592,GREEN,30,Kolkata
CLM0046221,KOL_01655,Howrah,2025-01-01,20,0,0,0,0,0,0,0,0,0,0.0,0.171174,0,0.0,0,282,4,3,0.4534,0.0,GREEN,25,Kolkata
CLM0046222,KOL_04169,Garia,2024-01-01,9,0,0,0,0,0,0,1,0,0,0.0,0.0,0,0.0,0,6,3,0,0.5917,0.0776,GREEN,40,Kolkata
CLM0046223,KOL_04097,New Town,2025-06-25,19,0,0,0,0,0,0,0,0,0,0.0,0.298324,0,0.0,0,148,2,0,0.98,0.0,GREEN,43,Kolkata
CLM0046224,KOL_09921,Garia,2024-11-05,17,0,0,0,0,0,0,0,0,0,1.0,0.243224,0,0.0,0,397,2,0,0.6377,0.0355,GREEN,46,Kolkata
CLM0046225,KOL_04739,New Town,2023-08-22,10,0,0,0,0,0,0,0,0,0,0.0,0.298508,0,0.0,0,183,0,4,0.4644,0.0315,GREEN,31,Kolkata
CLM0046226,KOL_01269,Dum Dum,2025-04-08,19,0,0,0,0,0,0,0,1,0,0.0,0.275676,0,0.0,0,312,2,0,0.8026,0.147,GREEN,61,Kolkata
CLM0046227,KOL_03868,Garia,2024-09-22,20,0,0,0,0,0,0,0,0,0,0.0,0.29425,0,0.0,0,51,1,2,0.6097,0.0668,GREEN,42,Kolkata
CLM0046228,KOL_08251,New Town,2024-03-07,7,0,0,0,1,0,0,0,0,0,0.0,0.89496,0,0.0,0,379,1,1,0.6373,0.0553,GREEN,42,Kolkata
CLM0046229,KOL_00216,Park Street,2024-03-08,11,0,0,0,0,0,0,1,0,0,0.0,0.222904,1,0.0,1,388,4,1,0.6388,0.2198,GREEN,35,Kolkata
CLM0046230,KOL_08078,Dum Dum,2023-09-28,17,0,0,0,0,0,0,0,0,0,0.0,1.0,0,0.0,0,137,0,3,0.7456,0.0,GREEN,36,Kolkata
CLM0046231,KOL_07551,Sealdah,2023-10-19,18,0,0,0,0,0,0,0,0,0,0.0,0.301073,0,0.0,0,420,3,3,0.98,0.0331,GREEN,29,Kolkata
CLM0046232,KOL_02782,Dum Dum,2024-07-16,9,0,0,0,0,0,0,0,0,0,1.0,1.0,0,1.0,0,199,1,6,0.1057,0.133,GREEN,23,Kolkata
CLM0046233,KOL_04592,Salt Lake,2025-05-17,10,0,0,0,0,0,0,0,0,0,1.0,0.010555,0,0.0,0,240,3,1,0.5346,0.0676,GREEN,41,Kolkata
CLM0046234,KOL_08438,Tollygunge,2020-03-28,13,0,0,0,0,0,0,0,0,0,0.0,0.099678,0,0.0,0,334,0,3,0.8159,0.1079,GREEN,19,Kolkata
CLM0046235,KOL_06874,Tollygunge,2019-09-13,21,0,0,0,0,0,0,0,0,0,0.0,0.161126,0,0.0,0,420,1,4,0.555,0.0,GREEN,34,Kolkata
CLM0046236,KOL_07501,Dum Dum,2023-02-17,10,0,0,0,0,0,0,0,0,0,0.0,0.257464,0,0.0,0,353,1,0,0.9144,0.0026,GREEN,27,Kolkata
CLM0046237,KOL_06843,Salt Lake,2017-01-06,21,0,0,0,0,0,0,0,0,0,0.0,1.0,0,0.0,0,418,2,4,0.7538,0.0,GREEN,54,Kolkata
CLM0046238,KOL_07096,Behala,2021-09-04,15,0,0,0,0,0,0,0,1,0,0.0,0.349633,0,0.0,1,119,0,5,0.9107,0.1638,GREEN,41,Kolkata
CLM0046239,KOL_04156,Garia,2020-06-01,7,0,0,0,0,0,0,0,0,0,0.0,0.946807,0,0.0,0,409,4,1,0.5484,0.0,GREEN,25,Kolkata
CLM0046240,KOL_00688,Park Street,2020-09-20,20,0,0,0,0,0,0,0,0,0,0.0,0.242678,0,0.0,0,158,4,0,0.5514,0.006,GREEN,32,Kolkata
CLM0046241,KOL_08051,New Town,2024-03-07,14,0,0,0,0,0,0,0,0,0,0.0,0.98351,0,0.0,0,187,0,1,0.8851,0.0205,GREEN,33,Kolkata
CLM0046242,KOL_02939,Howrah,2024-02-25,11,0,0,0,0,0,0,0,0,0,0.0,0.170611,0,0.0,0,308,1,1,0.1934,0.0695,GREEN,38,Kolkata
CLM0046243,KOL_08580,Tollygunge,2021-10-02,13,0,0,0,0,0,1,1,0,0,0.0,0.05184,0,0.0,0,147,1,1,0.6327,0.1777,GREEN,39,Kolkata
CLM0046244,KOL_08688,Garia,2021-06-27,8,0,0,0,0,0,0,0,0,0,0.0,0.100077,0,0.0,0,67,4,0,0.8884,0.0,GREEN,36,Kolkata
CLM0046245,KOL_02893,Howrah,2025-06-25,17,0,0,0,0,0,0,0,0,0,0.0,0.115349,0,0.0,0,215,3,3,0.5474,0.1673,GREEN,20,Kolkata
CLM0046246,KOL_02330,Esplanade,2021-01-24,12,0,0,0,0,0,0,0,0,0,0.0,0.259832,0,0.0,0,77,1,6,0.806,0.0174,GREEN,49,Kolkata
CLM0046247,KOL_05481,Behala,2024-10-11,11,0,0,0,0,0,0,0,0,0,0.0,0.0,0,0.0,0,217,3,2,0.7297,0.0299,GREEN,21,Kolkata
CLM0046248,KOL_05893,New Town,2018-08-14,19,0,0,0,0,0,0,0,0,0,0.0,0.269914,0,0.0,0,395,2,0,0.8684,0.0,GREEN,33,Kolkata
CLM0046249,KOL_04999,Behala,2023-04-02,14,0,0,0,0,0,0,0,0,0,0.0,0.273416,1,0.0,0,101,2,2,0.739,0.0697,GREEN,35,Kolkata
CLM0046250,KOL_02347,New Town,2025-09-25,16,0,0,0,0,0,1,1,0,0,0.0,0.0,0,0.0,0,233,4,0,0.6593,0.1121,GREEN,37,Kolkata
CLM0046251,KOL_05713,Sealdah,2025-07-14,19,0,0,0,0,0,0,1,0,0,0.0,0.416246,0,1.0,0,131,4,1,0.6116,0.1178,GREEN,39,Kolkata
CLM0046252,KOL_08502,Tollygunge,2024-05-02,17,0,0,0,0,0,0,0,0,1,0.0,0.409065,0,0.0,0,420,3,3,0.6668,0.3334,YELLOW,47,Kolkata
CLM0046253,KOL_02983,Behala,2023-09-09,15,0,0,0,0,0,0,0,0,0,1.0,0.26253,0,0.0,0,153,0,4,0.8826,0.0997,GREEN,30,Kolkata
CLM0046254,KOL_04181,Esplanade,2020-08-02,7,0,0,0,0,0,0,0,1,0,0.0,0.348322,0,0.0,0,420,3,6,0.6884,0.0134,GREEN,35,Kolkata
CLM0046255,KOL_04504,Howrah,2024-11-09,12,0,0,0,0,0,0,0,0,1,1.0,0.27181,0,0.0,1,192,2,5,0.6448,0.2714,GREEN,23,Kolkata
CLM0046256,KOL_04248,Howrah,2022-01-11,12,0,0,0,0,0,0,0,0,0,0.0,0.437233,0,1.0,0,133,1,0,0.6824,0.0416,GREEN,47,Kolkata
CLM0046257,KOL_07440,Park Street,2024-05-12,11,0,0,0,0,1,0,0,0,0,0.0,0.041006,0,0.0,0,79,1,0,0.5994,0.0915,GREEN,38,Kolkata
CLM0046258,KOL_08469,Garia,2022-01-05,12,0,0,0,0,0,0,0,0,0,1.0,0.115482,0,0.0,0,253,4,0,0.4661,0.0644,GREEN,47,Kolkata
CLM0046259,KOL_04170,Garia,2021-08-23,12,0,0,0,0,0,0,0,1,0,0.0,0.227654,0,0.0,0,50,4,1,0.5854,0.09,GREEN,47,Kolkata
CLM0046260,KOL_08903,Sealdah,2017-06-19,15,0,1,1,0,0,0,1,0,0,0.0,1.0,0,0.0,0,175,3,1,0.8751,0.1728,GREEN,48,Kolkata
CLM0046261,KOL_06642,New Town,2022-01-09,19,0,0,0,1,0,0,0,1,0,0.0,0.916705,0,0.0,0,155,1,5,0.2466,0.3546,YELLOW,43,Kolkata
CLM0046262,KOL_03082,Dum Dum,2025-03-24,18,0,0,0,0,0,0,0,0,0,0.0,0.049587,0,0.0,0,352,0,0,0.1302,0.1765,GREEN,37,Kolkata
CLM0046263,KOL_07777,Park Street,2025-03-07,21,0,0,0,0,0,0,0,0,0,0.0,1.0,0,0.0,0,243,1,2,0.7036,0.0,GREEN,37,Kolkata
CLM0046264,KOL_04189,Park Street,2025-02-01,12,0,0,0,0,0,1,0,0,0,0.0,1.0,0,1.0,0,22,1,0,0.7835,0.0287,GREEN,42,Kolkata
CLM0046265,KOL_05358,Dum Dum,2025-10-19,8,0,0,0,0,0,0,0,0,1,0.0,0.039396,0,0.0,0,34,2,2,0.7662,0.116,GREEN,33,Kolkata
CLM0046266,KOL_01111,Sealdah,2024-11-26,12,0,0,0,0,0,0,0,0,0,0.0,0.132143,0,0.0,0,268,0,1,0.4393,0.1217,GREEN,25,Kolkata
CLM0046267,KOL_00086,New Town,2025-08-25,13,0,0,0,0,0,0,0,0,0,0.0,0.361693,0,0.0,0,289,1,1,0.7863,0.0,GREEN,38,Kolkata
CLM0046268,KOL_04911,Sealdah,2024-12-17,13,0,0,0,0,0,0,0,0,0,0.0,0.399673,0,0.0,0,148,0,2,0.6877,0.0,GREEN,28,Kolkata
CLM0046269,KOL_03867,Dum Dum,2025-12-04,11,0,0,0,0,0,0,0,1,0,0.0,0.275104,0,0.0,0,46,2,0,0.687,0.0926,GREEN,36,Kolkata
CLM0046270,KOL_00458,Sealdah,2025-08-20,16,0,0,0,0,0,0,0,0,0,0.0,0.083174,0,0.0,0,134,4,5,0.5842,0.0,GREEN,43,Kolkata
CLM0046271,KOL_00899,Howrah,2024-11-19,18,0,0,0,0,0,0,0,0,0,0.0,0.283117,0,0.0,0,80,0,0,0.167,0.0219,GREEN,18,Kolkata
CLM0046272,KOL_03927,Howrah,2025-06-20,21,0,0,0,0,0,0,0,0,0,0.0,1.0,0,0.0,0,230,3,1,0.8501,0.1513,GREEN,29,Kolkata
CLM0046273,KOL_03843,Garia,2024-11-17,12,0,0,0,0,0,0,0,0,0,0.0,0.360501,0,0.0,0,85,4,3,0.7683,0.0,GREEN,31,Kolkata
CLM0046274,KOL_01518,Howrah,2025-09-20,13,0,0,0,0,0,0,0,0,0,0.0,0.0,0,0.0,0,266,2,4,0.5631,0.0,GREEN,41,Kolkata
CLM0046275,KOL_09739,Tollygunge,2024-12-02,16,0,0,0,0,0,0,0,0,0,0.0,0.147238,0,0.0,0,344,2,1,0.5813,0.0,GREEN,32,Kolkata
CLM0046276,KOL_07867,Salt Lake,2023-10-06,19,0,0,0,1,1,0,1,1,1,1.0,0.204797,0,1.0,1,35,3,18,0.0783,0.1107,GREEN,47,Kolkata
CLM0046277,KOL_03223,Esplanade,2024-12-19,11,0,0,0,0,0,0,0,0,0,1.0,1.0,0,0.0,0,239,1,2,0.6298,0.0626,GREEN,27,Kolkata
CLM0046278,KOL_06997,Dum Dum,2019-03-01,10,0,0,0,0,0,1,0,0,0,0.0,0.0,0,0.0,0,144,2,4,0.78,0.0891,GREEN,47,Kolkata
CLM0046279,KOL_01897,Tollygunge,2023-01-19,18,0,1,1,0,0,0,0,0,0,0.0,0.185515,0,0.0,0,301,1,2,0.8633,0.0395,GREEN,43,Kolkata
CLM0046280,KOL_00310,Behala,2019-12-15,11,0,0,0,0,0,0,0,0,0,0.0,0.322155,0,0.0,0,182,3,1,0.577,0.1468,GREEN,25,Kolkata
CLM0046281,KOL_08171,New Town,2019-06-06,9,0,0,0,0,0,0,0,0,0,0.0,0.184152,0,0.0,0,98,3,0,0.9772,0.1657,GREEN,41,Kolkata
CLM0046282,KOL_03333,Sealdah,2018-03-11,19,0,0,0,0,0,0,0,0,0,0.0,1.0,0,0.0,0,166,2,1,0.98,0.0593,GREEN,44,Kolkata
CLM0046283,KOL_09080,Howrah,2024-11-09,15,0,0,0,0,0,0,0,0,0,0.0,0.178137,1,0.0,0,389,4,0,0.6821,0.129,GREEN,29,Kolkata
CLM0046284,KOL_00315,New Town,2020-05-18,16,0,0,0,0,0,1,0,1,0,0.0,0.327002,0,0.0,0,278,3,3,0.376,0.3835,YELLOW,48,Kolkata
CLM0046285,KOL_08647,Tollygunge,2024-08-15,11,0,0,0,0,0,0,0,0,0,0.0,0.245588,0,0.0,0,27,3,0,0.2048,0.0075,GREEN,47,Kolkata
CLM0046286,KOL_04770,Behala,2018-05-21,20,0,0,0,0,0,0,0,0,1,0.0,0.209662,0,0.0,0,298,3,1,0.8689,0.0594,GREEN,38,Kolkata
CLM0046287,KOL_02771,Salt Lake,2018-08-25,20,0,0,0,0,0,0,0,0,0,1.0,0.428397,0,0.0,0,227,0,0,0.4286,0.0887,GREEN,37,Kolkata
CLM0046288,KOL_03384,New Town,2025-07-22,11,0,0,0,0,0,0,0,0,0,1.0,1.0,0,1.0,0,147,0,6,0.8145,0.0,GREEN,42,Kolkata
CLM0046289,KOL_03826,Tollygunge,2023-01-19,17,0,0,0,0,0,0,0,0,0,0.0,0.142734,0,0.0,0,246,0,6,0.8413,0.0519,GREEN,33,Kolkata
CLM0046290,KOL_00961,Tollygunge,2022-01-30,13,0,0,0,1,0,1,1,0,1,0.0,0.079031,0,0.0,1,27,4,18,0.9794,0.1083,GREEN,47,Kolkata
CLM0046291,KOL_02885,Tollygunge,2021-04-15,21,0,0,0,0,0,1,0,0,0,0.0,0.39382,0,0.0,0,420,1,4,0.1859,0.1618,GREEN,32,Kolkata
CLM0046292,KOL_06144,Behala,2024-12-17,16,0,1,1,0,0,1,0,0,0,0.0,0.13975,0,0.0,0,238,0,3,0.7505,0.1534,GREEN,35,Kolkata
CLM0046293,KOL_04262,Park Street,2023-06-06,20,0,0,0,0,0,0,1,0,0,0.0,0.249186,0,0.0,0,36,4,1,0.1639,0.1019,GREEN,39,Kolkata
CLM0046294,KOL_06334,New Town,2023-12-09,14,0,0,0,0,1,0,0,1,0,0.0,0.096162,0,0.0,0,345,4,7,0.05,0.229,GREEN,45,Kolkata
CLM0046295,KOL_02237,Esplanade,2024-07-14,13,0,0,0,0,0,0,0,0,0,0.0,0.298444,0,0.0,0,59,4,5,0.9476,0.0,GREEN,35,Kolkata
CLM0046296,KOL_05968,Park Street,2024-08-31,16,0,0,0,0,0,1,0,0,0,0.0,0.225291,0,0.0,0,143,0,3,0.2177,0.1509,GREEN,37,Kolkata
CLM0046297,KOL_00841,Esplanade,2022-03-07,8,0,0,0,0,0,0,0,0,0,1.0,1.0,1,1.0,0,417,4,3,0.9169,0.2343,GREEN,50,Kolkata
CLM0046298,KOL_02618,Sealdah,2020-05-20,18,0,0,0,0,0,0,0,0,0,0.0,0.240999,0,0.0,0,237,0,7,0.726,0.0,GREEN,44,Kolkata
CLM0046299,KOL_07848,Park Street,2025-05-04,19,0,0,0,0,0,1,0,0,0,0.0,0.0,0,0.0,0,366,2,2,0.7335,0.0804,GREEN,28,Kolkata
CLM0046300,KOL_07589,Park Street,2024-10-15,21,0,0,0,0,0,0,1,0,0,0.0,0.195801,0,0.0,0,14,3,3,0.5612,0.0113,GREEN,26,Kolkata
CLM0046301,KOL_00898,Garia,2017-09-03,8,0,0,0,0,0,0,0,0,0,0.0,0.318231,0,0.0,0,96,4,2,0.7418,0.0009,GREEN,21,Kolkata
CLM0046302,KOL_02762,Salt Lake,2025-07-30,15,0,0,0,0,0,0,0,0,0,1.0,0.100626,0,0.0,0,112,3,0,0.5461,0.0715,GREEN,52,Kolkata
CLM0046303,KOL_03698,New Town,2020-11-25,15,0,0,0,0,0,0,0,1,0,1.0,0.045848,0,0.0,0,213,2,4,0.98,0.0664,GREEN,36,Kolkata
CLM0046304,KOL_09626,Park Street,2022-05-06,10,0,0,0,0,0,1,0,0,0,0.0,0.272501,0,0.0,0,354,4,0,0.5573,0.0854,GREEN,29,Kolkata
CLM0046305,KOL_01480,New Town,2023-07-12,19,0,0,0,0,0,1,0,0,0,0.0,0.315644,0,0.0,0,248,4,3,0.5758,0.0156,GREEN,32,Kolkata
CLM0046306,KOL_04548,Salt Lake,2025-02-27,18,0,0,0,0,0,0,0,0,0,0.0,1.0,0,0.0,0,239,0,1,0.974,0.0,GREEN,39,Kolkata
CLM0046307,KOL_01819,Salt Lake,2024-07-13,9,0,0,0,0,0,0,0,0,0,0.0,0.155723,0,0.0,0,420,4,3,0.9313,0.0,GREEN,45,Kolkata
CLM0046308,KOL_03058,Park Street,2022-07-04,18,0,0,0,0,0,1,0,0,0,0.0,0.203198,0,0.0,0,304,4,1,0.05,0.1607,GREEN,27,Kolkata
CLM0046309,KOL_03662,Salt Lake,2022-04-28,8,0,0,0,1,1,0,1,1,1,1.0,0.0,0,0.0,1,29,3,13,0.1703,0.0077,GREEN,28,Kolkata
CLM0046310,KOL_02984,New Town,2022-11-18,9,0,0,0,0,0,0,1,0,0,0.0,0.216668,0,0.0,0,420,3,0,0.4579,0.1378,GREEN,26,Kolkata
CLM0046311,KOL_08022,Salt Lake,2022-05-13,8,0,0,0,0,0,1,0,0,0,1.0,0.146723,0,0.0,0,111,0,4,0.98,0.0948,GREEN,55,Kolkata
CLM0046312,KOL_00024,Behala,2025-03-22,17,0,0,0,0,0,0,0,0,0,0.0,0.357394,0,0.0,0,15,3,4,0.8868,0.0,GREEN,20,Kolkata
CLM0046313,KOL_07061,Park Street,2021-03-21,20,0,0,0,0,0,0,0,0,1,1.0,0.212047,0,0.0,1,75,3,3,0.2061,0.367,YELLOW,18,Kolkata
CLM0046314,KOL_07694,Garia,2024-04-15,14,0,0,0,0,0,0,0,0,0,0.0,0.301064,0,0.0,0,269,1,4,0.283,0.0193,GREEN,29,Kolkata
CLM0046315,KOL_08605,Park Street,2025-06-13,7,0,0,0,0,0,0,0,0,1,0.0,0.160293,0,0.0,0,225,1,0,0.857,0.1083,GREEN,33,Kolkata
CLM0046316,KOL_04638,Salt Lake,2024-12-05,20,0,0,0,0,0,0,0,0,0,0.0,0.170699,0,0.0,0,200,2,6,0.6378,0.0,GREEN,34,Kolkata
CLM0046317,KOL_02802,Behala,2023-06-09,19,0,0,0,0,0,0,0,0,0,0.0,0.203361,0,0.0,0,247,2,5,0.8156,0.0959,GREEN,19,Kolkata
CLM0046318,KOL_00947,Howrah,2020-01-21,19,0,0,0,1,0,0,0,0,0,0.0,0.279526,1,0.0,0,278,1,3,0.4799,0.2213,GREEN,25,Kolkata
CLM0046319,KOL_02704,Dum Dum,2022-04-19,14,0,0,0,0,0,0,0,0,0,1.0,0.476211,0,0.0,0,222,0,0,0.553,0.0,GREEN,25,Kolkata
CLM0046320,KOL_02124,Salt Lake,2020-08-05,21,0,0,0,0,0,0,0,0,0,0.0,0.960346,0,0.0,0,84,1,2,0.5983,0.1264,GREEN,26,Kolkata
CLM0046321,KOL_02062,Garia,2022-11-30,8,0,0,0,0,0,0,0,0,0,0.0,0.028151,0,0.0,0,214,2,1,0.5999,0.0,GREEN,31,Kolkata
CLM0046322,KOL_06257,Sealdah,2024-02-06,20,0,0,0,0,0,0,0,0,0,0.0,0.213476,0,0.0,0,179,4,3,0.5737,0.0458,GREEN,37,Kolkata
CLM0046323,KOL_06918,Esplanade,2022-08-14,20,0,0,0,0,1,0,0,0,0,0.0,0.17149,1,0.0,0,307,4,3,0.8965,0.2466,GREEN,28,Kolkata
CLM0046324,KOL_09295,Howrah,2023-04-18,19,0,0,0,0,0,0,0,1,1,1.0,0.211151,0,0.0,0,135,2,2,0.97,0.3144,YELLOW,54,Kolkata
CLM0046325,KOL_09473,Garia,2021-03-11,16,0,0,0,0,0,0,0,0,0,0.0,0.371251,0,0.0,0,279,0,6,0.6958,0.0,GREEN,44,Kolkata
CLM0046326,KOL_01720,Dum Dum,2022-04-27,8,0,0,0,0,0,0,0,0,0,0.0,0.270235,0,0.0,0,362,2,0,0.7231,0.0501,GREEN,37,Kolkata
CLM0046327,KOL_08927,New Town,2019-01-30,7,0,0,0,0,0,0,0,0,0,1.0,0.118664,0,0.0,0,273,0,0,0.1073,0.0886,GREEN,32,Kolkata
CLM0046328,KOL_02799,Howrah,2023-02-04,13,0,0,0,0,0,0,0,0,0,0.0,0.208955,0,0.0,0,410,2,0,0.6014,0.0339,GREEN,29,Kolkata
CLM0046329,KOL_04026,Esplanade,2023-08-20,13,0,0,0,0,0,0,0,0,0,0.0,0.092446,0,0.0,0,197,2,3,0.6309,0.0362,GREEN,41,Kolkata
CLM0046330,KOL_02949,Park Street,2022-11-15,19,0,0,0,0,1,0,0,0,0,0.0,0.22374,0,0.0,0,412,2,1,0.5582,0.1527,GREEN,35,Kolkata
CLM0046331,KOL_08264,Howrah,2024-04-28,7,0,0,0,0,0,0,0,0,0,0.0,0.28584,0,0.0,0,112,4,7,0.7586,0.0747,GREEN,38,Kolkata
CLM0046332,KOL_04125,Dum Dum,2021-06-09,15,0,0,0,1,0,0,0,1,1,1.0,0.972227,0,0.0,0,5,0,18,0.2695,0.2778,GREEN,39,Kolkata
CLM0046333,KOL_04531,Howrah,2021-12-14,17,1,0,0,0,0,1,0,0,0,0.0,0.139276,0,0.0,0,264,0,2,0.6744,0.1138,GREEN,35,Kolkata
CLM0046334,KOL_01785,Sealdah,2024-07-27,21,0,0,0,0,0,0,0,0,0,0.0,0.0,0,0.0,1,40,3,5,0.344,0.0652,GREEN,41,Kolkata
CLM0046335,KOL_05364,Howrah,2023-09-12,16,0,0,0,0,0,0,0,1,0,0.0,0.135417,0,0.0,1,420,2,1,0.1717,0.1455,GREEN,31,Kolkata
CLM0046336,KOL_00714,Garia,2023-04-03,16,0,0,0,0,0,0,0,0,0,1.0,0.074652,0,0.0,0,287,2,5,0.05,0.0692,GREEN,49,Kolkata
CLM0046337,KOL_00243,Park Street,2025-01-02,14,0,0,0,0,0,0,0,0,0,0.0,0.254862,0,0.0,0,420,3,1,0.912,0.1062,GREEN,19,Kolkata
CLM0046338,KOL_06256,Esplanade,2025-09-17,11,0,0,0,0,0,0,0,0,0,0.0,0.22991,0,1.0,0,275,4,3,0.05,0.0,GREEN,44,Kolkata
CLM0046339,KOL_00636,Tollygunge,2025-10-09,10,0,0,0,0,1,0,0,0,0,0.0,0.19237,0,0.0,1,326,0,0,0.5198,0.2628,GREEN,33,Kolkata
CLM0046340,KOL_09429,Behala,2020-11-16,16,0,0,0,0,0,0,1,0,0,0.0,0.396385,0,0.0,0,343,3,4,0.5009,0.0309,GREEN,33,Kolkata
CLM0046341,KOL_07247,Dum Dum,2025-01-24,17,0,0,0,0,0,0,0,0,0,0.0,0.0,0,0.0,0,275,0,2,0.4991,0.004,GREEN,24,Kolkata
CLM0046342,KOL_07823,New Town,2024-11-24,8,0,0,0,0,0,0,0,0,0,0.0,0.184579,0,0.0,0,188,2,1,0.7069,0.0,GREEN,45,Kolkata
CLM0046343,KOL_09485,Sealdah,2025-04-03,13,0,0,0,0,0,0,0,0,0,1.0,0.20244,0,1.0,0,286,4,1,0.05,0.0516,GREEN,39,Kolkata
CLM0046344,KOL_06490,Salt Lake,2025-10-07,13,0,0,0,0,1,0,0,1,0,0.0,0.131374,0,0.0,1,34,2,18,0.9504,0.0737,GREEN,42,Kolkata
CLM0046345,KOL_02142,Garia,2024-03-09,15,0,0,0,0,0,0,0,0,0,0.0,0.309718,0,0.0,1,327,1,4,0.5766,0.0568,GREEN,39,Kolkata
CLM0046346,KOL_02536,New Town,2025-03-25,8,0,0,0,0,0,0,0,0,1,1.0,0.19064,0,0.0,1,366,1,3,0.1024,0.262,GREEN,27,Kolkata
CLM0046347,KOL_00943,Park Street,2024-12-16,10,0,0,0,0,0,0,0,0,0,0.0,0.419512,0,1.0,0,29,4,4,0.5745,0.0,GREEN,36,Kolkata
CLM0046348,KOL_09366,Sealdah,2024-07-12,10,0,0,0,0,0,1,0,0,0,0.0,0.073808,0,0.0,0,278,2,3,0.838,0.0776,GREEN,36,Kolkata
CLM0046349,KOL_05583,Sealdah,2025-06-02,7,0,0,0,0,0,0,0,0,0,0.0,0.373126,0,0.0,0,164,0,0,0.9086,0.0,GREEN,40,Kolkata
CLM0046350,KOL_08177,New Town,2024-09-14,19,0,0,0,0,0,0,0,0,0,1.0,0.950739,0,1.0,0,66,4,2,0.7996,0.0,GREEN,49,Kolkata
CLM0046351,KOL_05372,Esplanade,2021-07-18,15,0,0,0,0,0,0,0,0,0,0.0,0.337664,0,0.0,0,408,0,4,0.5919,0.0,GREEN,41,Kolkata
CLM0046352,KOL_02545,Behala,2020-04-13,15,0,0,0,0,0,0,0,0,0,1.0,0.001013,0,0.0,0,223,3,1,0.9033,0.041,GREEN,42,Kolkata
CLM0046353,KOL_08098,Salt Lake,2021-10-20,16,0,0,0,0,0,0,1,0,1,0.0,0.089515,0,0.0,0,74,3,5,0.98,0.1333,GREEN,31,Kolkata
CLM0046354,KOL_02658,Salt Lake,2024-06-03,16,0,0,0,0,0,0,0,1,0,0.0,0.986922,1,0.0,0,113,3,2,0.9407,0.0807,GREEN,31,Kolkata
CLM0046355,KOL_05471,Salt Lake,2022-07-18,11,0,0,0,0,0,0,0,0,0,0.0,0.125713,0,0.0,0,219,3,0,0.4408,0.0969,GREEN,39,Kolkata
CLM0046356,KOL_03218,Garia,2021-01-29,19,0,0,0,0,0,0,0,0,0,0.0,0.030301,0,1.0,0,98,3,1,0.6866,0.0,GREEN,32,Kolkata
CLM0046357,KOL_04591,Tollygunge,2020-11-06,19,0,0,0,0,0,0,0,0,0,0.0,0.33053,0,0.0,0,151,1,3,0.885,0.0338,GREEN,34,Kolkata
CLM0046358,KOL_02663,New Town,2019-12-27,14,0,0,0,0,0,0,0,0,0,0.0,0.108835,0,0.0,0,243,1,5,0.5749,0.0392,GREEN,26,Kolkata
CLM0046359,KOL_05875,Tollygunge,2020-08-17,11,0,0,0,0,0,0,0,1,0,0.0,1.0,0,0.0,0,420,1,6,0.804,0.0993,GREEN,43,Kolkata
CLM0046360,KOL_00257,Behala,2025-10-14,17,0,0,0,1,0,0,0,0,0,0.0,0.461928,0,0.0,0,234,2,2,0.98,0.1853,GREEN,37,Kolkata
CLM0046361,KOL_05498,New Town,2025-10-07,8,0,0,0,1,0,0,0,1,0,0.0,0.078166,0,0.0,0,363,0,4,0.5544,0.2116,GREEN,33,Kolkata
CLM0046362,KOL_01173,Howrah,2025-09-18,15,0,0,0,0,0,0,0,0,0,0.0,0.360549,0,0.0,0,91,0,2,0.249,0.0241,GREEN,45,Kolkata
CLM0046363,KOL_00221,Esplanade,2023-08-14,20,0,0,0,0,0,0,0,0,0,1.0,1.0,0,1.0,0,210,4,0,0.719,0.0,GREEN,19,Kolkata
CLM0046364,KOL_00881,Sealdah,2024-05-22,7,0,0,0,0,0,0,0,0,0,0.0,0.112645,0,0.0,0,385,2,0,0.683,0.0818,GREEN,33,Kolkata
CLM0046365,KOL_04158,Sealdah,2024-09-23,19,0,0,0,0,0,0,0,0,0,0.0,0.03618,0,0.0,0,182,0,3,0.6402,0.0988,GREEN,38,Kolkata
CLM0046366,KOL_09913,Park Street,2024-05-06,15,0,0,0,0,0,0,0,0,0,0.0,0.130574,0,0.0,0,377,4,1,0.7931,0.0508,GREEN,20,Kolkata
CLM0046367,KOL_03645,Dum Dum,2023-06-29,9,0,0,0,0,1,0,0,0,0,0.0,0.107213,0,0.0,0,407,0,3,0.8053,0.0675,GREEN,38,Kolkata
CLM0046368,KOL_08264,Howrah,2023-05-17,9,0,0,0,0,0,0,0,0,0,0.0,0.241608,0,0.0,0,49,3,2,0.0967,0.0,GREEN,38,Kolkata
CLM0046369,KOL_06805,Sealdah,2024-05-31,13,0,0,0,0,0,0,0,0,0,0.0,0.31726,0,0.0,1,196,4,4,0.6137,0.0075,GREEN,36,Kolkata
CLM0046370,KOL_05409,Salt Lake,2025-01-25,13,0,0,0,0,0,0,1,0,0,0.0,0.015917,0,1.0,0,250,4,0,0.65,0.0218,GREEN,33,Kolkata
CLM0046371,KOL_05713,Sealdah,2023-04-11,13,0,0,0,0,0,0,0,0,0,1.0,0.974402,0,0.0,0,407,3,2,0.6106,0.1227,GREEN,39,Kolkata
CLM0046372,KOL_05964,Garia,2020-05-31,19,0,0,0,0,0,0,0,0,0,0.0,0.224709,1,0.0,0,9,4,3,0.98,0.0745,GREEN,50,Kolkata
CLM0046373,KOL_03158,Park Street,2025-06-11,7,0,0,0,0,0,0,1,0,1,0.0,0.198997,0,0.0,0,23,1,1,0.6235,0.1728,GREEN,32,Kolkata
CLM0046374,KOL_02800,Tollygunge,2023-04-12,10,0,0,0,0,0,0,0,0,0,0.0,0.127633,0,0.0,0,40,2,4,0.5467,0.0207,GREEN,27,Kolkata
CLM0046375,KOL_08044,Salt Lake,2021-10-15,8,0,0,0,0,0,0,0,0,0,0.0,0.990019,0,0.0,0,289,3,3,0.8787,0.0182,GREEN,21,Kolkata
CLM0046376,KOL_02517,Park Street,2020-02-25,10,0,0,0,0,0,0,0,0,0,1.0,0.076989,0,0.0,0,141,1,2,0.647,0.1284,GREEN,38,Kolkata
CLM0046377,KOL_06176,Garia,2020-01-16,21,0,0,0,0,0,0,0,0,0,0.0,0.195288,0,0.0,0,219,2,2,0.8558,0.0162,GREEN,38,Kolkata
CLM0046378,KOL_06652,Esplanade,2017-11-28,21,0,0,0,0,0,0,0,0,0,0.0,0.972945,0,0.0,0,420,3,3,0.5795,0.0,GREEN,44,Kolkata
CLM0046379,KOL_09846,Dum Dum,2020-03-17,20,0,0,0,0,1,1,0,0,0,1.0,0.251729,0,0.0,0,356,4,2,0.2184,0.224,GREEN,19,Kolkata
CLM0046380,KOL_03734,Tollygunge,2022-10-19,16,0,0,0,0,0,0,0,0,0,0.0,0.114879,0,0.0,0,142,4,1,0.6283,0.0,GREEN,38,Kolkata
CLM0046381,KOL_08302,Dum Dum,2022-10-23,18,0,0,0,0,0,0,0,0,0,0.0,0.158436,0,0.0,0,420,0,5,0.8752,0.0802,GREEN,46,Kolkata
CLM0046382,KOL_00642,Howrah,2025-05-04,17,0,0,0,0,0,0,0,0,0,0.0,0.178794,0,0.0,0,10,3,3,0.6858,0.0,GREEN,35,Kolkata
CLM0046383,KOL_01829,New Town,2022-11-24,14,0,0,0,0,0,0,0,0,0,0.0,0.084832,0,0.0,0,130,0,3,0.5995,0.0067,GREEN,34,Kolkata
CLM0046384,KOL_01286,New Town,2021-05-05,7,0,0,0,0,0,0,0,0,0,0.0,0.406423,0,0.0,0,420,4,2,0.8857,0.0,GREEN,57,Kolkata
CLM0046385,KOL_07993,Howrah,2023-01-30,16,0,0,0,0,0,0,0,1,0,0.0,0.245516,0,0.0,0,254,2,1,0.0752,0.0409,GREEN,27,Kolkata
CLM0046386,KOL_04294,Behala,2023-07-28,16,0,0,0,1,0,1,0,0,0,0.0,0.384225,0,0.0,0,283,1,3,0.98,0.3381,YELLOW,25,Kolkata
CLM0046387,KOL_08271,Salt Lake,2021-03-07,7,0,0,0,0,0,0,0,0,0,0.0,0.186363,0,0.0,0,347,4,0,0.6114,0.0687,GREEN,51,Kolkata
CLM0046388,KOL_06191,Park Street,2024-03-29,7,0,0,0,0,0,0,0,0,0,0.0,0.198184,0,0.0,0,41,2,3,0.05,0.0693,GREEN,42,Kolkata
CLM0046389,KOL_09041,New Town,2020-07-21,18,0,0,0,0,0,0,0,0,0,0.0,0.088599,0,0.0,0,398,0,4,0.9307,0.0141,GREEN,25,Kolkata
CLM0046390,KOL_01334,New Town,2021-11-09,9,0,0,0,0,0,0,0,0,0,1.0,0.24546,0,0.0,0,312,2,1,0.5581,0.1856,GREEN,43,Kolkata
CLM0046391,KOL_01341,Tollygunge,2022-10-15,12,0,0,0,0,0,0,0,0,0,1.0,0.135341,0,0.0,0,169,3,2,0.8709,0.0836,GREEN,42,Kolkata
CLM0046392,KOL_08244,Esplanade,2022-05-10,9,0,0,0,1,0,0,0,0,0,0.0,0.156507,0,0.0,0,169,1,3,0.8078,0.1869,GREEN,33,Kolkata
CLM0046393,KOL_01502,Esplanade,2024-01-16,12,0,0,0,1,0,0,0,0,0,0.0,0.060954,0,0.0,0,98,4,3,0.5755,0.1761,GREEN,23,Kolkata
CLM0046394,KOL_05156,Behala,2019-11-14,8,0,0,0,0,0,0,0,0,0,0.0,0.154234,0,0.0,0,222,2,3,0.772,0.0354,GREEN,40,Kolkata
CLM0046395,KOL_06966,Howrah,2020-08-19,21,0,0,0,0,0,0,0,0,0,0.0,0.033051,0,0.0,0,271,3,1,0.5699,0.0,GREEN,18,Kolkata
CLM0046396,KOL_00500,Howrah,2024-02-08,9,0,0,0,0,0,0,1,0,0,0.0,1.0,0,0.0,0,187,2,5,0.1649,0.0031,GREEN,41,Kolkata
CLM0046397,KOL_09929,Salt Lake,2019-04-29,8,0,0,0,0,0,0,0,0,0,0.0,0.166051,0,0.0,0,124,4,1,0.8093,0.0,GREEN,46,Kolkata
CLM0046398,KOL_09770,New Town,2024-10-02,9,0,0,0,0,0,0,0,0,0,1.0,0.395838,0,0.0,0,28,0,2,0.98,0.0106,GREEN,53,Kolkata
CLM0046399,KOL_06275,Dum Dum,2023-06-26,12,0,0,0,0,0,0,0,0,0,0.0,0.184704,0,0.0,0,230,1,2,0.6221,0.0397,GREEN,45,Kolkata
CLM0046400,KOL_01971,Behala,2017-10-30,16,0,0,0,0,0,0,0,0,0,0.0,0.953727,1,0.0,0,416,3,0,0.1234,0.0512,GREEN,28,Kolkata
CLM0046401,KOL_00212,Garia,2024-10-23,12,0,0,0,0,0,0,0,0,0,0.0,0.087737,0,0.0,0,40,0,4,0.1861,0.0665,GREEN,42,Kolkata
CLM0046402,KOL_03835,Esplanade,2022-05-27,17,0,0,0,0,0,0,0,0,1,0.0,0.146194,0,0.0,0,235,3,4,0.8813,0.1527,GREEN,18,Kolkata
CLM0046403,KOL_05253,Garia,2023-12-25,7,0,0,0,0,0,0,0,0,1,0.0,0.23085,0,0.0,0,72,1,0,0.1382,0.1939,GREEN,20,Kolkata
CLM0046404,KOL_05172,New Town,2022-03-31,17,0,0,0,0,0,0,0,0,0,0.0,0.004425,0,0.0,0,420,2,3,0.6531,0.0,GREEN,35,Kolkata
CLM0046405,KOL_01099,Esplanade,2022-11-08,16,0,0,0,0,0,0,0,1,0,0.0,0.426156,0,0.0,0,420,3,0,0.7078,0.163,GREEN,18,Kolkata
CLM0046406,KOL_06196,New Town,2022-06-10,8,0,0,0,0,0,0,0,0,0,0.0,0.387928,0,0.0,0,112,3,0,0.8073,0.0,GREEN,37,Kolkata
CLM0046407,KOL_05553,Sealdah,2022-10-18,9,0,0,0,0,0,0,0,0,0,0.0,0.193791,0,0.0,0,192,0,0,0.8491,0.0119,GREEN,56,Kolkata
CLM0046408,KOL_08440,Salt Lake,2019-08-23,7,0,0,0,0,0,1,0,0,0,0.0,0.285603,0,0.0,1,308,2,0,0.8497,0.0844,GREEN,33,Kolkata
CLM0046409,KOL_00121,New Town,2024-08-14,16,0,0,0,0,0,0,0,0,0,0.0,0.268616,0,0.0,0,392,0,7,0.9397,0.0,GREEN,35,Kolkata
CLM0046410,KOL_04707,Salt Lake,2019-10-03,7,0,0,0,0,0,0,0,0,0,0.0,0.472963,0,0.0,0,120,1,1,0.7715,0.1437,GREEN,27,Kolkata
CLM0046411,KOL_07997,Howrah,2020-11-16,12,0,0,0,0,0,0,0,0,0,0.0,0.101843,0,1.0,0,175,1,0,0.2166,0.0,GREEN,48,Kolkata
CLM0046412,KOL_06276,Howrah,2025-10-17,9,0,0,0,0,0,0,0,0,0,0.0,0.306815,0,0.0,0,180,0,6,0.5454,0.0,GREEN,33,Kolkata
CLM0046413,KOL_08259,Salt Lake,2024-02-01,13,0,0,0,0,0,1,1,0,0,0.0,0.090914,0,0.0,0,178,2,0,0.5439,0.1036,GREEN,32,Kolkata
CLM0046414,KOL_02486,Esplanade,2023-09-09,10,0,0,0,0,0,0,0,0,0,0.0,0.124398,0,0.0,0,235,1,1,0.5895,0.0,GREEN,33,Kolkata
CLM0046415,KOL_04713,New Town,2024-09-17,21,0,0,0,0,1,0,0,0,0,0.0,0.335289,0,0.0,0,220,2,2,0.4864,0.1175,GREEN,35,Kolkata
CLM0046416,KOL_05675,Sealdah,2024-05-19,20,0,0,0,0,1,1,0,1,0,1.0,0.886043,0,0.0,0,83,1,1,0.7802,0.2965,GREEN,18,Kolkata
CLM0046417,KOL_08496,New Town,2023-01-08,9,0,0,0,0,0,0,0,0,1,0.0,0.107965,0,0.0,0,195,4,2,0.7069,0.1078,GREEN,38,Kolkata
CLM0046418,KOL_08935,Park Street,2025-11-27,13,0,0,0,0,0,0,0,1,0,0.0,0.04991,0,0.0,0,195,4,0,0.98,0.14,GREEN,24,Kolkata
CLM0046419,KOL_06780,Salt Lake,2021-09-06,19,0,0,0,0,0,0,0,0,0,0.0,0.155223,0,0.0,0,244,0,0,0.7704,0.0,GREEN,33,Kolkata
CLM0046420,KOL_01400,Dum Dum,2021-04-24,9,0,0,0,0,0,1,0,0,0,1.0,0.136352,0,0.0,0,420,1,0,0.7252,0.1321,GREEN,31,Kolkata
CLM0046421,KOL_02638,Sealdah,2024-02-24,7,0,0,0,0,0,1,0,0,0,0.0,0.143287,0,0.0,1,420,2,6,0.3968,0.1194,GREEN,31,Kolkata
CLM0046422,KOL_04508,Dum Dum,2022-06-05,11,0,0,0,0,0,0,0,0,0,0.0,0.106009,0,0.0,0,234,1,0,0.6114,0.0,GREEN,36,Kolkata
CLM0046423,KOL_09479,Behala,2023-06-28,11,0,0,0,0,0,0,1,0,0,0.0,0.21584,0,0.0,0,420,0,3,0.643,0.2522,GREEN,18,Kolkata
CLM0046424,KOL_06111,Garia,2024-07-23,20,0,0,0,0,0,0,0,0,1,1.0,0.102683,0,0.0,0,158,2,1,0.8423,0.106,GREEN,40,Kolkata
CLM0046425,KOL_09561,Garia,2025-01-04,14,0,0,0,0,0,0,0,0,0,0.0,0.383866,0,0.0,0,298,1,6,0.98,0.0458,GREEN,25,Kolkata
CLM0046426,KOL_08896,Tollygunge,2019-02-12,14,0,0,0,0,0,0,0,1,0,1.0,0.253761,0,0.0,0,420,1,3,0.8166,0.0859,GREEN,21,Kolkata
CLM0046427,KOL_05936,Behala,2025-12-09,12,0,0,0,0,1,0,0,0,1,0.0,1.0,0,0.0,0,338,2,3,0.7578,0.2656,GREEN,30,Kolkata
CLM0046428,KOL_03492,Garia,2024-09-13,19,0,0,0,0,0,0,0,0,0,0.0,0.255634,0,0.0,0,47,4,0,0.98,0.0324,GREEN,22,Kolkata
CLM0046429,KOL_07309,Howrah,2022-01-09,17,0,0,0,0,0,0,0,0,1,0.0,0.375117,0,0.0,0,420,2,3,0.7882,0.1315,GREEN,29,Kolkata
CLM0046430,KOL_06472,Sealdah,2023-02-12,16,0,0,0,0,0,0,0,0,0,0.0,0.0,0,0.0,0,420,1,1,0.1983,0.0,GREEN,49,Kolkata
CLM0046431,KOL_01368,Garia,2019-03-17,11,0,0,0,1,0,0,0,0,0,1.0,0.245085,1,0.0,0,294,1,1,0.98,0.3628,YELLOW,42,Kolkata
CLM0046432,KOL_06515,Tollygunge,2024-01-23,21,0,0,0,0,0,0,0,0,0,0.0,0.330175,0,0.0,0,36,0,0,0.7931,0.0,GREEN,46,Kolkata
CLM0046433,KOL_03350,Behala,2021-10-16,15,0,0,0,0,0,0,0,0,0,0.0,0.278946,0,0.0,0,397,2,1,0.7952,0.1131,GREEN,38,Kolkata
CLM0046434,KOL_01396,Salt Lake,2018-08-26,17,0,0,0,0,0,0,0,0,0,1.0,0.079866,0,0.0,0,420,0,3,0.6249,0.1338,GREEN,51,Kolkata
CLM0046435,KOL_04832,Sealdah,2021-02-16,14,0,0,0,0,0,0,0,0,0,1.0,1.0,0,1.0,0,420,0,6,0.2445,0.0717,GREEN,37,Kolkata
CLM0046436,KOL_03568,Tollygunge,2021-02-04,20,0,0,0,0,0,0,1,0,0,0.0,0.319546,0,0.0,0,384,1,7,0.6847,0.0018,GREEN,40,Kolkata
CLM0046437,KOL_00253,Park Street,2021-06-27,12,0,0,0,0,0,0,0,0,0,0.0,0.180091,0,1.0,0,190,4,2,0.633,0.0,GREEN,47,Kolkata
CLM0046438,KOL_08031,Dum Dum,2025-02-26,11,0,0,0,0,0,0,0,0,0,0.0,0.276028,0,1.0,0,420,2,6,0.9164,0.0,GREEN,45,Kolkata
CLM0046439,KOL_02993,Esplanade,2017-10-30,18,0,0,0,0,1,0,0,0,1,0.0,0.386968,0,0.0,0,420,2,4,0.6415,0.184,GREEN,57,Kolkata
CLM0046440,KOL_09969,Behala,2020-02-23,8,0,0,0,0,0,0,0,0,0,0.0,0.241682,0,0.0,0,107,4,4,0.98,0.0,GREEN,24,Kolkata
CLM0046441,KOL_03491,Tollygunge,2024-03-11,16,0,0,0,0,0,0,0,0,0,0.0,1.0,0,0.0,0,323,1,7,0.3581,0.0739,GREEN,32,Kolkata
CLM0046442,KOL_00683,Sealdah,2023-10-03,19,0,0,0,0,0,0,0,0,0,0.0,0.310809,0,0.0,0,140,4,0,0.8177,0.0,GREEN,35,Kolkata
CLM0046443,KOL_02910,Salt Lake,2025-05-11,15,0,0,0,0,0,1,0,0,0,1.0,0.996337,0,1.0,0,332,4,7,0.5894,0.0908,GREEN,40,Kolkata
CLM0046444,KOL_09922,Behala,2022-05-24,7,0,0,0,1,0,0,0,0,0,0.0,0.156262,0,0.0,0,370,1,2,0.9235,0.1821,GREEN,31,Kolkata
CLM0046445,KOL_09560,Tollygunge,2023-09-30,17,0,0,0,0,0,0,0,0,0,0.0,0.316413,0,0.0,0,393,4,3,0.9103,0.0,GREEN,37,Kolkata
CLM0046446,KOL_02661,Esplanade,2022-08-13,15,0,0,0,0,0,0,0,0,0,0.0,0.068933,0,0.0,0,22,0,5,0.7498,0.0041,GREEN,34,Kolkata
CLM0046447,KOL_07327,Tollygunge,2025-04-03,15,0,0,0,0,0,1,0,0,0,0.0,0.367682,0,0.0,1,420,4,1,0.0925,0.0669,GREEN,48,Kolkata
CLM0046448,KOL_07916,New Town,2025-06-29,10,0,0,0,0,0,0,0,0,0,0.0,0.369669,0,0.0,0,346,0,3,0.5645,0.0286,GREEN,23,Kolkata
CLM0046449,KOL_06232,Dum Dum,2023-01-23,20,0,0,0,0,0,0,0,0,0,0.0,0.322093,0,0.0,0,113,0,4,0.7373,0.078,GREEN,28,Kolkata
CLM0046450,KOL_07971,Esplanade,2025-02-17,17,0,0,0,0,0,0,0,0,0,0.0,0.212068,0,0.0,0,284,2,1,0.743,0.0,GREEN,36,Kolkata
CLM0046451,KOL_03637,Sealdah,2024-07-06,21,0,0,0,0,0,0,0,0,0,1.0,1.0,0,1.0,0,204,4,4,0.8599,0.103,GREEN,29,Kolkata
CLM0046452,KOL_07611,Sealdah,2023-06-19,20,0,0,0,0,0,0,0,0,0,0.0,0.194295,0,0.0,0,260,1,5,0.07,0.0,GREEN,29,Kolkata
CLM0046453,KOL_06380,Esplanade,2021-09-16,9,0,1,1,0,1,0,1,0,1,1.0,1.0,0,0.0,0,29,2,18,0.1815,0.2374,GREEN,53,Kolkata
CLM0046454,KOL_02846,Garia,2024-12-02,21,0,1,1,1,1,1,0,1,1,0.0,0.153928,1,0.0,0,9,1,18,0.7693,0.8502,RED,47,Kolkata
CLM0046455,KOL_01105,Dum Dum,2023-03-02,11,0,1,1,0,1,1,1,1,1,1.0,0.999184,0,0.0,0,18,2,18,0.2706,0.706,RED,37,Kolkata
CLM0046456,KOL_02293,Sealdah,2021-07-26,21,0,1,1,0,1,0,1,1,1,1.0,1.0,0,0.0,1,32,1,18,0.2755,0.4985,YELLOW,31,Kolkata
CLM0046457,KOL_06247,New Town,2023-05-21,10,0,1,1,0,0,0,0,0,0,1.0,0.0,0,0.0,0,353,1,1,0.98,0.6787,RED,32,Kolkata
CLM0046458,KOL_04566,Park Street,2023-12-31,10,0,1,1,1,1,1,0,1,1,1.0,0.227398,0,1.0,0,41,1,18,0.8596,0.7776,RED,44,Kolkata
CLM0046459,KOL_08204,Esplanade,2019-08-03,14,0,0,0,0,0,1,0,0,0,0.0,0.044557,0,0.0,0,161,1,0,0.1887,0.068,GREEN,37,Kolkata
CLM0046460,KOL_04725,New Town,2015-05-25,13,0,0,0,0,0,1,1,0,0,0.0,1.0,0,0.0,1,50,1,0,0.6361,0.1491,GREEN,45,Kolkata
CLM0046461,KOL_07006,Park Street,2016-05-01,15,0,0,0,0,0,0,0,0,0,0.0,0.122862,0,0.0,0,103,4,0,0.6809,0.0,GREEN,36,Kolkata
CLM0046462,KOL_07015,Park Street,2024-05-12,11,0,0,0,0,0,0,0,0,0,0.0,0.133346,0,0.0,0,414,3,2,0.7065,0.0,GREEN,28,Kolkata
CLM0046463,KOL_09278,New Town,2020-04-18,15,0,0,0,0,0,0,0,0,0,0.0,0.286079,0,0.0,0,420,3,5,0.7554,0.0,GREEN,21,Kolkata
CLM0046464,KOL_08164,Salt Lake,2015-09-21,17,0,0,0,0,0,0,0,0,0,0.0,0.193145,0,0.0,0,107,3,6,0.8832,0.0,GREEN,59,Kolkata
CLM0046465,KOL_04774,Dum Dum,2021-12-28,19,0,0,0,0,0,0,0,0,0,0.0,0.153676,0,0.0,0,125,4,0,0.782,0.0,GREEN,22,Kolkata
CLM0046466,KOL_02095,Dum Dum,2024-10-29,9,0,0,0,1,0,1,0,0,0,0.0,0.0,0,0.0,0,358,0,2,0.3554,0.2358,GREEN,33,Kolkata
CLM0046467,KOL_07238,Sealdah,2016-10-02,13,0,0,0,1,1,0,0,0,0,0.0,0.099025,0,0.0,0,345,3,3,0.7279,0.2348,GREEN,44,Kolkata
CLM0046468,KOL_09400,Salt Lake,2025-12-28,7,0,0,0,0,0,1,0,0,0,0.0,0.144993,0,0.0,0,178,4,0,0.268,0.0,GREEN,29,Kolkata
CLM0046469,KOL_07761,Dum Dum,2024-12-05,20,0,0,0,0,0,0,0,0,1,0.0,0.32559,1,0.0,0,111,1,2,0.1818,0.2419,GREEN,56,Kolkata
CLM0046470,KOL_05875,Tollygunge,2019-02-18,15,0,0,0,0,0,0,0,0,0,1.0,0.436085,0,0.0,0,293,2,2,0.98,0.0,GREEN,43,Kolkata
CLM0046471,KOL_08606,Behala,2023-04-09,14,0,0,0,0,0,0,0,0,0,0.0,0.378119,0,0.0,0,204,2,3,0.8018,0.0,GREEN,47,Kolkata
CLM0046472,KOL_08336,Dum Dum,2016-10-15,16,0,0,0,1,1,0,1,1,0,1.0,0.69956,1,0.0,1,5,0,18,0.2044,0.0901,GREEN,38,Kolkata
CLM0046473,KOL_06328,Esplanade,2019-11-19,21,0,0,0,0,0,0,0,0,0,0.0,0.130311,0,0.0,0,322,1,3,0.2768,0.0,GREEN,41,Kolkata
CLM0046474,KOL_00404,Tollygunge,2019-11-01,18,0,0,0,1,1,1,1,1,1,1.0,1.0,1,1.0,0,8,2,18,0.3362,0.0,GREEN,40,Kolkata
CLM0046475,KOL_00898,Garia,2020-10-10,12,0,0,0,0,0,0,0,0,0,1.0,0.344448,0,0.0,1,150,1,0,0.519,0.1018,GREEN,21,Kolkata
CLM0046476,KOL_04899,Salt Lake,2025-04-19,9,0,0,0,0,0,0,0,0,0,0.0,0.274107,0,0.0,0,420,2,2,0.7104,0.0134,GREEN,45,Kolkata
CLM0046477,KOL_04323,Tollygunge,2024-05-19,13,0,0,0,0,1,0,0,0,0,0.0,0.908804,0,0.0,0,210,1,5,0.05,0.157,GREEN,24,Kolkata
CLM0046478,KOL_06335,Behala,2025-06-03,15,0,0,0,0,0,0,0,0,0,0.0,0.206697,0,0.0,0,399,1,3,0.7313,0.0,GREEN,22,Kolkata
CLM0046479,KOL_07259,Salt Lake,2024-10-28,19,0,0,0,0,0,0,0,0,0,0.0,0.344378,0,0.0,0,282,2,0,0.8901,0.0892,GREEN,28,Kolkata
CLM0046480,KOL_01752,Dum Dum,2025-03-24,14,0,0,0,0,0,0,0,0,0,0.0,0.381675,0,0.0,0,104,0,1,0.5986,0.0358,GREEN,44,Kolkata
CLM0046481,KOL_05047,Esplanade,2024-06-14,15,0,0,0,0,1,0,0,0,0,0.0,0.078715,0,0.0,0,306,4,0,0.98,0.074,GREEN,47,Kolkata
CLM0046482,KOL_03058,Park Street,2024-08-27,10,0,0,0,0,0,0,1,0,0,0.0,0.403731,0,0.0,0,420,2,2,0.8843,0.055,GREEN,27,Kolkata
CLM0046483,KOL_00817,Esplanade,2025-03-11,15,0,0,0,0,1,0,0,0,0,0.0,0.275382,0,0.0,0,420,3,7,0.98,0.2376,GREEN,38,Kolkata
CLM0046484,KOL_06403,Howrah,2025-01-18,18,0,0,0,0,0,0,0,0,0,0.0,1.0,0,0.0,0,420,3,2,0.9177,0.0617,GREEN,48,Kolkata
CLM0046485,KOL_06338,Sealdah,2025-09-27,15,0,0,0,0,0,0,0,0,0,0.0,0.278575,0,0.0,0,381,2,0,0.8036,0.0,GREEN,37,Kolkata
CLM0046486,KOL_01334,New Town,2025-01-20,9,0,0,0,0,0,0,0,1,0,0.0,0.3644,0,0.0,0,420,2,0,0.1897,0.0661,GREEN,43,Kolkata
CLM0046487,KOL_07981,Dum Dum,2024-12-31,12,0,0,0,0,0,0,0,0,1,0.0,0.978267,1,1.0,1,5,3,18,0.3381,0.3765,YELLOW,42,Kolkata
CLM0046488,KOL_02755,Park Street,2025-10-19,15,0,0,0,1,0,1,1,1,1,0.0,1.0,1,1.0,1,5,1,18,0.1573,0.1017,GREEN,37,Kolkata
CLM0046489,KOL_06427,Tollygunge,2025-06-22,13,0,0,0,0,0,0,0,0,0,0.0,0.079046,0,0.0,0,386,1,0,0.62,0.0226,GREEN,48,Kolkata
CLM0046490,KOL_03608,Esplanade,2025-04-10,10,0,0,0,0,0,0,1,0,0,0.0,0.207041,0,0.0,0,151,0,0,0.6139,0.0702,GREEN,30,Kolkata
CLM0046491,KOL_04203,Garia,2025-09-04,10,0,0,0,0,0,1,1,0,0,0.0,0.024342,0,0.0,0,420,1,0,0.5373,0.1586,GREEN,27,Kolkata
CLM0046492,KOL_06734,Garia,2025-07-25,18,0,0,0,0,0,0,0,1,0,0.0,0.129642,0,0.0,1,420,3,4,0.6277,0.1016,GREEN,27,Kolkata
CLM0046493,KOL_09388,Park Street,2024-12-23,17,0,1,1,0,0,1,0,0,0,0.0,0.2154,0,0.0,0,340,0,3,0.855,0.2278,GREEN,33,Kolkata
CLM0046494,KOL_05643,New Town,2025-01-16,18,0,0,0,0,0,0,1,0,1,0.0,0.000578,0,0.0,0,283,1,0,0.1463,0.1869,GREEN,40,Kolkata
CLM0046495,KOL_00714,Garia,2025-04-27,9,0,0,0,0,0,0,0,0,0,0.0,0.209859,0,0.0,0,58,4,0,0.1044,0.0,GREEN,49,Kolkata
CLM0046496,KOL_01780,Behala,2025-03-04,18,0,0,0,0,0,0,0,0,0,0.0,1.0,0,0.0,1,107,4,0,0.05,0.0275,GREEN,41,Kolkata
CLM0046497,KOL_04757,Dum Dum,2025-03-11,19,0,0,0,0,0,0,0,0,0,0.0,0.144183,0,0.0,0,377,4,0,0.2214,0.0,GREEN,45,Kolkata
CLM0046498,KOL_01971,Behala,2025-10-02,8,0,1,1,0,1,0,0,0,0,0.0,0.168232,0,0.0,0,181,0,4,0.905,0.1397,GREEN,28,Kolkata
CLM0046499,KOL_03508,Sealdah,2023-10-10,20,0,0,0,0,0,0,0,0,0,0.0,0.073377,0,0.0,0,344,3,5,0.9306,0.0156,GREEN,25,Kolkata
CLM0046500,KOL_03434,Behala,2019-01-17,10,0,0,0,1,1,0,1,1,1,1.0,0.074962,0,0.0,0,5,1,18,0.2586,0.1583,GREEN,41,Kolkata
CLM0046501,KOL_04328,Garia,2025-06-08,9,0,0,0,0,0,0,0,0,0,0.0,0.234139,0,0.0,0,258,0,2,0.8609,0.0,GREEN,35,Kolkata
CLM0046502,KOL_07175,Tollygunge,2022-10-05,18,0,0,0,0,0,0,0,0,1,1.0,0.238369,0,0.0,0,360,1,1,0.9071,0.2167,GREEN,30,Kolkata
CLM0046503,KOL_07203,Salt Lake,2024-12-07,17,0,0,0,0,0,0,0,0,0,1.0,0.156497,1,0.0,0,222,0,0,0.1114,0.1456,GREEN,37,Kolkata
CLM0046504,KOL_07662,Dum Dum,2024-01-23,15,0,0,0,0,0,0,0,0,0,0.0,0.203078,0,0.0,0,136,3,2,0.8119,0.0,GREEN,33,Kolkata
CLM0046505,KOL_02000,Park Street,2023-06-25,9,0,0,0,0,0,0,0,0,0,0.0,0.153678,0,0.0,0,356,2,2,0.05,0.0,GREEN,42,Kolkata
CLM0046506,KOL_06471,Tollygunge,2024-07-19,8,0,0,0,0,0,1,0,0,0,0.0,0.249494,0,1.0,0,106,3,0,0.7244,0.0737,GREEN,42,Kolkata
CLM0046507,KOL_01600,Behala,2025-09-20,7,0,0,0,0,0,0,0,0,0,0.0,0.185812,0,0.0,0,420,2,1,0.9493,0.2016,GREEN,47,Kolkata
CLM0046508,KOL_01443,Behala,2024-12-15,13,0,0,0,0,0,0,0,0,0,0.0,0.258084,0,0.0,0,137,2,3,0.2756,0.0,GREEN,47,Kolkata
CLM0046509,KOL_00310,Behala,2023-12-26,17,0,0,0,1,0,0,0,0,0,0.0,0.22874,0,0.0,0,267,2,0,0.309,0.1466,GREEN,25,Kolkata
CLM0046510,KOL_02023,Behala,2023-06-19,11,0,0,0,0,0,0,0,0,1,0.0,0.02611,0,0.0,0,78,2,2,0.98,0.0805,GREEN,26,Kolkata
CLM0046511,KOL_06519,Dum Dum,2024-12-11,15,0,0,0,0,0,1,0,0,0,0.0,1.0,0,0.0,0,379,4,4,0.8303,0.0447,GREEN,25,Kolkata
CLM0046512,KOL_09596,Garia,2025-11-03,11,0,0,0,0,0,0,0,0,0,0.0,0.293937,0,0.0,0,150,1,3,0.7641,0.0511,GREEN,18,Kolkata
CLM0046513,KOL_00882,Park Street,2024-08-27,10,0,0,0,0,0,0,0,0,0,0.0,0.0,0,0.0,0,407,0,0,0.8562,0.0129,GREEN,32,Kolkata
CLM0046514,KOL_05109,Dum Dum,2023-05-16,7,0,0,0,1,1,1,1,1,0,1.0,1.0,1,1.0,1,5,1,18,0.9331,0.1431,GREEN,25,Kolkata
CLM0046515,KOL_03840,Dum Dum,2025-02-13,17,0,0,0,0,0,0,1,0,0,0.0,0.366319,0,0.0,0,298,2,2,0.7122,0.0249,GREEN,49,Kolkata
CLM0046516,KOL_06523,Howrah,2022-10-25,17,0,0,0,0,0,0,1,0,0,1.0,0.148008,0,0.0,0,171,4,3,0.98,0.129,GREEN,37,Kolkata
CLM0046517,KOL_00660,Howrah,2022-03-04,12,0,0,0,0,0,0,0,0,0,0.0,0.304326,0,0.0,0,117,1,3,0.6888,0.0597,GREEN,28,Kolkata
CLM0046518,KOL_07023,Dum Dum,2023-01-21,16,0,1,1,0,1,0,0,0,1,0.0,0.135067,0,0.0,0,311,3,0,0.9181,0.0987,GREEN,42,Kolkata
CLM0046519,KOL_01256,Howrah,2022-10-16,21,0,0,0,0,0,0,0,0,0,0.0,0.372,0,0.0,0,296,2,0,0.5931,0.0336,GREEN,25,Kolkata
CLM0046520,KOL_09122,Tollygunge,2025-11-17,16,0,0,0,0,1,0,0,0,0,0.0,0.983443,0,0.0,0,420,1,1,0.7375,0.1177,GREEN,40,Kolkata
CLM0046521,KOL_08406,Esplanade,2021-01-05,8,0,0,0,1,0,0,0,1,0,0.0,0.411348,1,0.0,0,281,4,0,0.9298,0.2689,GREEN,23,Kolkata
CLM0046522,KOL_04267,Esplanade,2021-06-26,14,0,0,0,0,0,0,0,0,0,0.0,0.180883,0,0.0,0,187,2,6,0.4964,0.11,GREEN,40,Kolkata
CLM0046523,KOL_07293,Tollygunge,2024-03-21,21,0,0,0,0,0,0,0,0,0,0.0,0.276583,0,0.0,0,278,3,0,0.1805,0.0,GREEN,34,Kolkata
CLM0046524,KOL_05474,Garia,2024-09-17,8,0,0,0,0,0,0,0,0,0,0.0,0.119505,0,0.0,0,174,3,2,0.5769,0.0,GREEN,32,Kolkata
CLM0046525,KOL_03969,Park Street,2024-04-17,10,0,0,0,0,0,0,0,0,0,0.0,0.94963,0,0.0,0,72,1,1,0.4036,0.0538,GREEN,30,Kolkata
CLM0046526,KOL_07414,Howrah,2023-04-19,20,0,0,0,0,0,0,0,0,0,0.0,0.21565,0,0.0,0,361,4,4,0.8608,0.0258,GREEN,22,Kolkata
CLM0046527,KOL_04198,Sealdah,2022-06-08,13,0,0,0,0,0,0,0,0,0,0.0,0.166143,0,0.0,0,365,3,2,0.98,0.0245,GREEN,26,Kolkata
CLM0046528,KOL_08301,Park Street,2023-11-27,19,0,0,0,0,0,0,0,0,0,0.0,0.298702,0,0.0,0,56,3,0,0.9283,0.0159,GREEN,20,Kolkata
CLM0046529,KOL_07924,Tollygunge,2019-06-16,10,0,0,0,0,0,0,1,0,0,1.0,0.0,0,0.0,0,169,1,0,0.9579,0.1645,GREEN,36,Kolkata
CLM0046530,KOL_04450,New Town,2016-12-07,19,0,0,0,0,0,0,0,0,0,0.0,0.901374,0,0.0,0,280,4,1,0.8975,0.0,GREEN,44,Kolkata
CLM0046531,KOL_09596,Garia,2019-05-08,13,0,0,0,0,0,0,0,0,0,1.0,0.050723,0,0.0,0,361,0,5,0.861,0.0783,GREEN,18,Kolkata
CLM0046532,KOL_04748,Howrah,2019-09-09,8,0,0,0,0,0,0,0,0,0,0.0,1.0,0,0.0,1,420,4,3,0.8058,0.1954,GREEN,37,Kolkata
CLM0046533,KOL_05886,Park Street,2018-03-21,14,0,0,0,0,0,0,1,0,0,0.0,0.0,1,0.0,0,420,3,6,0.8117,0.0554,GREEN,45,Kolkata
CLM0046534,KOL_06004,Dum Dum,2025-09-05,10,0,0,0,0,1,0,0,0,0,0.0,0.152783,0,0.0,1,318,1,1,0.5562,0.1424,GREEN,48,Kolkata
CLM0046535,KOL_00227,Park Street,2018-02-16,19,0,0,0,1,1,0,0,1,0,0.0,0.106261,0,0.0,0,5,4,18,0.846,0.0355,GREEN,25,Kolkata
CLM0046536,KOL_05394,Esplanade,2018-01-18,10,0,0,0,0,0,0,0,0,0,0.0,0.20188,0,0.0,0,65,0,0,0.0727,0.0289,GREEN,19,Kolkata
CLM0046537,KOL_04704,Dum Dum,2022-11-06,16,0,0,0,1,0,1,1,1,1,1.0,0.149121,1,1.0,0,5,3,18,0.05,0.1232,GREEN,45,Kolkata
CLM0046538,KOL_07732,Salt Lake,2019-10-25,18,0,0,0,1,0,0,0,0,0,0.0,0.14317,0,0.0,0,385,3,7,0.2688,0.1601,GREEN,40,Kolkata
CLM0046539,KOL_07774,Howrah,2024-12-19,12,0,0,0,0,0,0,0,0,0,0.0,0.110732,0,1.0,0,24,1,0,0.8949,0.0742,GREEN,45,Kolkata
CLM0046540,KOL_01414,Sealdah,2024-12-21,11,0,0,0,0,0,0,0,0,0,0.0,0.28696,0,0.0,0,63,0,3,0.1762,0.0588,GREEN,39,Kolkata
CLM0046541,KOL_09208,Dum Dum,2019-11-14,18,0,1,1,0,0,1,0,0,0,0.0,0.996676,0,0.0,0,116,1,2,0.7172,0.6681,RED,40,Kolkata
CLM0046542,KOL_07487,Esplanade,2019-06-15,9,0,1,1,0,1,0,1,0,1,1.0,1.0,1,0.0,1,15,0,18,0.3872,0.6203,RED,43,Kolkata
CLM0046543,KOL_00758,Dum Dum,2015-08-10,17,0,1,1,0,1,1,1,1,1,0.0,0.118499,0,0.0,1,5,2,18,0.925,0.602,YELLOW,42,Kolkata
CLM0046544,KOL_00221,Esplanade,2019-05-09,14,0,1,1,1,0,0,0,0,0,0.0,0.006027,0,0.0,0,254,1,2,0.6377,0.837,RED,19,Kolkata
CLM0046545,KOL_08041,New Town,2021-07-30,7,0,1,1,0,1,0,0,1,1,0.0,0.071294,0,0.0,1,5,1,18,0.9388,0.4691,YELLOW,38,Kolkata
CLM0046546,KOL_09929,Salt Lake,2024-02-11,15,0,1,1,1,1,0,1,1,0,1.0,0.963493,0,0.0,1,5,0,18,0.415,0.7622,RED,46,Kolkata
CLM0046547,KOL_03414,Salt Lake,2017-08-18,17,0,1,1,1,0,0,1,1,1,1.0,1.0,0,1.0,0,5,2,18,0.095,0.5725,YELLOW,39,Kolkata
CLM0046548,KOL_08465,Esplanade,2019-12-21,15,0,1,1,0,1,0,1,1,1,0.0,0.937273,0,0.0,1,5,1,18,0.1736,0.5855,YELLOW,32,Kolkata
CLM0046549,KOL_02487,New Town,2025-03-08,7,0,0,0,0,0,0,0,0,0,0.0,1.0,0,1.0,0,394,1,4,0.7053,0.199,GREEN,33,Kolkata
CLM0046550,KOL_05421,New Town,2023-08-27,13,0,0,0,0,0,0,0,0,0,0.0,1.0,0,0.0,0,235,0,2,0.8745,0.0222,GREEN,39,Kolkata
CLM0046551,KOL_05025,Esplanade,2023-01-04,7,0,0,0,0,0,0,0,0,0,1.0,0.335055,0,0.0,0,32,1,5,0.4915,0.0,GREEN,33,Kolkata
CLM0046552,KOL_07904,Behala,2022-12-29,17,0,0,0,0,0,0,0,0,0,1.0,0.012775,0,0.0,0,211,4,0,0.2478,0.0139,GREEN,18,Kolkata
CLM0046553,KOL_08656,Garia,2024-01-11,20,0,0,0,0,0,0,0,0,0,1.0,0.347886,0,0.0,0,365,0,3,0.6169,0.044,GREEN,32,Kolkata
CLM0046554,KOL_01150,Behala,2022-12-27,21,0,0,0,0,0,0,0,0,1,0.0,0.196849,0,0.0,0,98,2,0,0.5939,0.2311,GREEN,53,Kolkata
CLM0046555,KOL_02327,Esplanade,2022-05-26,20,0,0,0,0,0,0,0,0,0,0.0,0.031848,0,0.0,0,274,0,3,0.794,0.0,GREEN,30,Kolkata
CLM0046556,KOL_07200,Garia,2025-10-14,19,0,0,0,0,0,0,0,0,0,0.0,0.0,0,0.0,0,279,3,5,0.8019,0.0,GREEN,43,Kolkata
CLM0046557,KOL_04008,Howrah,2020-02-02,11,0,0,0,0,0,0,0,0,0,0.0,0.432341,0,0.0,0,290,4,3,0.05,0.0401,GREEN,38,Kolkata
CLM0046558,KOL_05212,Sealdah,2023-01-26,20,0,0,0,0,0,0,0,0,0,0.0,0.120159,0,1.0,0,160,0,2,0.889,0.0,GREEN,18,Kolkata
CLM0046559,KOL_02357,Esplanade,2022-10-09,13,0,0,0,0,0,0,1,0,0,1.0,0.212741,0,0.0,0,420,2,4,0.8281,0.1198,GREEN,25,Kolkata
CLM0046560,KOL_00702,Dum Dum,2025-06-08,18,0,0,0,0,0,0,0,0,0,0.0,0.074626,0,1.0,0,160,2,4,0.7155,0.0,GREEN,42,Kolkata
CLM0046561,KOL_05631,Garia,2023-01-24,15,0,0,0,0,0,0,0,1,0,0.0,0.328134,0,0.0,1,192,2,3,0.5937,0.1226,GREEN,36,Kolkata
CLM0046562,KOL_03925,Park Street,2023-03-30,20,0,0,0,0,0,0,0,0,0,0.0,0.154702,0,1.0,0,213,2,1,0.4777,0.0491,GREEN,41,Kolkata
CLM0046563,KOL_02999,Dum Dum,2022-10-12,20,0,0,0,0,0,0,0,0,0,0.0,0.204461,0,0.0,0,221,1,0,0.5349,0.0,GREEN,44,Kolkata
CLM0046564,KOL_04642,Behala,2023-11-03,21,0,0,0,0,1,0,0,0,0,0.0,0.253914,0,0.0,0,387,0,3,0.05,0.065,GREEN,40,Kolkata
CLM0046565,KOL_01967,Park Street,2020-08-02,16,0,0,0,0,0,0,1,0,0,1.0,0.315663,0,0.0,0,140,1,0,0.7234,0.1326,GREEN,46,Kolkata
CLM0046566,KOL_01476,Dum Dum,2021-06-12,16,0,0,0,0,0,1,0,0,0,0.0,0.237834,0,0.0,0,187,4,8,0.4296,0.0237,GREEN,49,Kolkata
CLM0046567,KOL_03463,Garia,2024-11-07,7,0,0,0,0,0,0,0,0,0,0.0,0.976515,0,0.0,0,420,3,3,0.637,0.0731,GREEN,32,Kolkata
CLM0046568,KOL_04038,Garia,2025-03-30,19,0,0,0,0,0,0,0,0,0,0.0,0.329001,0,0.0,0,170,4,2,0.1844,0.0,GREEN,37,Kolkata
CLM0046569,KOL_08726,New Town,2019-12-10,10,0,0,0,1,1,1,1,1,1,0.0,0.075739,1,0.0,0,5,1,18,0.98,0.019,GREEN,31,Kolkata
CLM0046570,KOL_00692,Sealdah,2025-01-16,20,0,1,1,0,0,0,0,0,0,0.0,0.349314,0,0.0,0,148,1,3,0.5483,0.0614,GREEN,31,Kolkata
CLM0046571,KOL_07712,Tollygunge,2024-11-08,8,0,0,0,0,0,0,0,0,0,0.0,0.135085,1,0.0,0,160,1,2,0.2099,0.0353,GREEN,41,Kolkata
CLM0046572,KOL_07957,Park Street,2025-06-11,21,0,0,0,0,0,0,0,0,0,0.0,0.076816,0,0.0,0,420,3,1,0.472,0.0271,GREEN,45,Kolkata
CLM0046573,KOL_07762,Dum Dum,2025-04-16,16,0,0,0,0,0,0,0,1,0,0.0,0.122539,0,0.0,0,385,1,2,0.6709,0.0959,GREEN,51,Kolkata
CLM0046574,KOL_00734,Tollygunge,2021-11-26,9,0,0,0,0,0,0,0,0,0,0.0,0.192902,0,0.0,0,36,0,1,0.1612,0.0,GREEN,47,Kolkata
CLM0046575,KOL_06911,Howrah,2020-12-22,18,0,0,0,0,0,1,0,0,0,0.0,0.22258,0,0.0,0,39,1,1,0.7011,0.2047,GREEN,21,Kolkata
CLM0046576,KOL_01536,Salt Lake,2021-04-11,19,0,0,0,0,0,0,0,0,0,0.0,0.231076,0,0.0,0,146,3,2,0.6218,0.0663,GREEN,36,Kolkata
CLM0046577,KOL_08880,Behala,2020-09-27,11,0,0,0,0,0,1,0,1,0,0.0,0.289001,0,0.0,0,67,2,1,0.7975,0.1788,GREEN,42,Kolkata
CLM0046578,KOL_05307,Behala,2024-02-12,13,0,0,0,0,0,0,0,0,0,0.0,0.132024,0,0.0,0,340,0,4,0.7868,0.0,GREEN,37,Kolkata
CLM0046579,KOL_02411,Dum Dum,2021-06-30,8,0,0,0,0,0,0,0,0,0,0.0,0.17975,0,0.0,0,78,2,4,0.1543,0.0458,GREEN,46,Kolkata
CLM0046580,KOL_09886,Garia,2020-08-15,10,0,0,0,0,1,0,1,1,0,0.0,0.0,0,0.0,1,30,0,18,0.8342,0.0599,GREEN,41,Kolkata
CLM0046581,KOL_06114,Dum Dum,2025-07-26,15,0,0,0,0,0,0,0,0,0,0.0,0.388689,0,0.0,0,62,4,1,0.9627,0.0,GREEN,49,Kolkata
CLM0046582,KOL_00631,Sealdah,2022-07-19,17,0,0,0,0,0,0,0,0,0,0.0,0.164436,0,0.0,0,238,4,0,0.5621,0.0,GREEN,24,Kolkata
CLM0046583,KOL_00763,Sealdah,2025-12-16,7,0,0,0,0,0,0,0,0,0,0.0,0.316849,0,0.0,0,398,4,4,0.3794,0.0,GREEN,29,Kolkata
CLM0046584,KOL_09868,Esplanade,2021-05-07,13,0,0,0,1,1,0,0,1,0,0.0,0.064382,0,0.0,0,13,3,18,0.9495,0.0469,GREEN,26,Kolkata
CLM0046585,KOL_04668,Salt Lake,2022-02-08,13,0,0,0,0,1,0,0,0,0,0.0,0.280625,0,0.0,0,44,2,2,0.6646,0.1363,GREEN,46,Kolkata
CLM0046586,KOL_01942,Behala,2015-12-31,9,0,0,0,0,0,0,0,0,0,0.0,0.338812,0,0.0,0,114,0,0,0.5433,0.0278,GREEN,33,Kolkata
CLM0046587,KOL_03523,Park Street,2017-01-03,20,0,0,0,0,0,0,0,0,0,0.0,0.176383,0,0.0,0,126,1,0,0.5887,0.0057,GREEN,27,Kolkata
CLM0046588,KOL_03675,Sealdah,2015-02-19,10,0,0,0,0,0,0,0,0,0,0.0,0.002616,0,0.0,0,396,4,0,0.7805,0.0,GREEN,28,Kolkata
CLM0046589,KOL_00968,Park Street,2019-06-03,9,0,0,0,0,0,0,0,1,0,1.0,0.233069,0,0.0,0,420,2,0,0.932,0.1989,GREEN,30,Kolkata
CLM0046590,KOL_06130,Garia,2018-10-03,20,0,0,0,0,0,0,1,1,0,0.0,0.235689,0,0.0,0,420,2,6,0.9235,0.1314,GREEN,30,Kolkata
CLM0046591,KOL_08217,Garia,2023-09-10,16,0,0,0,0,0,0,0,0,0,0.0,0.118802,0,0.0,0,108,2,0,0.847,0.1125,GREEN,31,Kolkata
CLM0046592,KOL_03799,Behala,2022-12-09,15,0,0,0,1,0,0,0,0,0,0.0,0.083861,0,0.0,0,115,2,2,0.7068,0.115,GREEN,25,Kolkata
CLM0046593,KOL_06950,New Town,2025-03-01,7,0,0,0,0,0,0,0,0,0,0.0,0.285192,0,0.0,0,365,0,0,0.145,0.0575,GREEN,32,Kolkata
CLM0046594,KOL_09689,Park Street,2020-01-26,18,0,1,1,0,0,0,0,0,0,0.0,0.0,0,0.0,0,103,0,5,0.9063,0.0,GREEN,34,Kolkata
CLM0046595,KOL_05353,Park Street,2024-12-21,10,0,0,0,1,0,0,0,1,1,1.0,0.944093,1,1.0,0,16,3,18,0.091,0.0,GREEN,31,Kolkata
CLM0046596,KOL_02049,Dum Dum,2024-06-25,16,0,0,0,0,1,0,0,0,0,1.0,0.382749,0,0.0,0,406,2,2,0.6639,0.136,GREEN,29,Kolkata
CLM0046597,KOL_06952,Garia,2020-03-26,17,0,0,0,0,0,0,0,0,0,0.0,0.287137,0,0.0,0,76,4,3,0.6666,0.0,GREEN,31,Kolkata
CLM0046598,KOL_09776,Esplanade,2022-06-10,8,0,0,0,0,0,0,0,0,0,0.0,0.124436,0,1.0,0,420,4,2,0.7521,0.0,GREEN,19,Kolkata
CLM0046599,KOL_01213,Park Street,2025-05-11,9,0,0,0,0,0,1,0,0,0,0.0,0.30249,0,0.0,0,379,3,4,0.98,0.1024,GREEN,31,Kolkata
CLM0046600,KOL_03410,New Town,2020-08-19,15,0,0,0,0,0,0,0,0,0,0.0,0.096657,0,0.0,0,143,0,1,0.368,0.1154,GREEN,33,Kolkata
CLM0046601,KOL_07086,Dum Dum,2020-10-20,17,0,0,0,0,0,0,0,0,0,0.0,0.097546,0,0.0,0,136,4,2,0.4971,0.0051,GREEN,28,Kolkata
CLM0046602,KOL_09336,Behala,2021-07-03,20,0,0,0,0,0,0,0,0,0,0.0,0.0,0,0.0,0,111,2,0,0.3041,0.111,GREEN,34,Kolkata
CLM0046603,KOL_05555,Howrah,2025-05-09,17,0,0,0,0,0,0,0,0,0,0.0,0.046075,1,0.0,0,103,0,5,0.927,0.0173,GREEN,46,Kolkata
CLM0046604,KOL_06135,Behala,2025-01-31,8,0,0,0,0,0,0,0,1,0,0.0,0.005672,0,0.0,0,410,4,0,0.05,0.065,GREEN,44,Kolkata
CLM0046605,KOL_03745,Salt Lake,2025-06-30,13,0,0,0,0,0,0,0,0,0,0.0,0.308492,0,1.0,0,420,0,0,0.7114,0.0417,GREEN,39,Kolkata
CLM0046606,KOL_02099,Esplanade,2025-08-28,16,0,0,0,0,0,0,0,0,0,0.0,0.013653,0,0.0,0,296,2,3,0.7321,0.0091,GREEN,41,Kolkata
CLM0046607,KOL_01092,Park Street,2025-04-23,21,0,0,0,0,0,0,1,0,0,0.0,0.065385,0,0.0,0,420,4,0,0.6575,0.2785,GREEN,35,Kolkata
CLM0046608,KOL_05506,Esplanade,2025-05-03,12,0,0,0,0,0,0,0,0,0,0.0,1.0,0,0.0,0,166,0,1,0.8208,0.0,GREEN,35,Kolkata
CLM0046609,KOL_08514,Salt Lake,2025-02-23,10,0,0,0,1,0,0,0,0,0,0.0,0.165298,0,0.0,0,189,2,3,0.6389,0.1192,GREEN,45,Kolkata
CLM0046610,KOL_02996,Salt Lake,2024-05-11,15,0,0,0,0,0,0,0,1,0,0.0,0.274176,0,0.0,0,78,1,4,0.8605,0.1042,GREEN,34,Kolkata
CLM0046611,KOL_09819,Tollygunge,2023-06-10,21,0,0,0,0,0,1,0,0,0,0.0,0.262837,0,0.0,0,170,2,1,0.8922,0.1392,GREEN,23,Kolkata
CLM0046612,KOL_09393,Esplanade,2023-05-07,18,0,0,0,0,0,0,0,1,0,0.0,0.23544,0,0.0,0,87,2,6,0.582,0.074,GREEN,41,Kolkata
CLM0046613,KOL_07608,Tollygunge,2025-04-27,15,0,0,0,0,0,0,0,0,0,0.0,0.001888,0,0.0,0,311,2,6,0.7281,0.0475,GREEN,18,Kolkata
CLM0046614,KOL_05004,Tollygunge,2024-03-24,11,0,0,0,0,0,0,0,0,0,0.0,0.048708,0,0.0,0,124,3,0,0.6976,0.0,GREEN,33,Kolkata
CLM0046615,KOL_07624,Garia,2024-02-09,11,0,0,0,0,0,0,0,0,0,0.0,0.339581,0,0.0,1,249,3,4,0.801,0.2087,GREEN,29,Kolkata
CLM0046616,KOL_02528,Sealdah,2021-10-06,16,0,0,0,0,1,0,0,0,0,0.0,0.22008,0,0.0,0,327,4,1,0.8612,0.2399,GREEN,27,Kolkata
CLM0046617,KOL_01584,Howrah,2025-02-16,17,0,0,0,0,0,1,0,0,0,0.0,0.098089,0,0.0,0,27,2,1,0.6591,0.1928,GREEN,47,Kolkata
CLM0046618,KOL_06965,Esplanade,2022-01-16,10,0,0,0,0,0,0,0,1,0,0.0,0.041617,0,0.0,0,119,2,0,0.98,0.0597,GREEN,18,Kolkata
CLM0046619,KOL_05970,Park Street,2023-10-24,21,0,0,0,0,0,0,1,0,0,0.0,0.162864,0,0.0,1,44,0,1,0.5379,0.1593,GREEN,35,Kolkata
CLM0046620,KOL_06659,Garia,2025-09-22,20,0,0,0,0,0,0,0,0,0,0.0,1.0,0,0.0,0,265,0,6,0.3964,0.0,GREEN,45,Kolkata
CLM0046621,KOL_04868,New Town,2023-09-21,12,0,0,0,1,0,1,0,0,0,0.0,0.153074,0,1.0,0,5,3,3,0.6689,0.2459,GREEN,22,Kolkata
CLM0046622,KOL_04939,New Town,2022-01-07,9,0,0,0,0,0,0,0,0,0,0.0,0.187318,0,0.0,0,5,3,6,0.05,0.0043,GREEN,44,Kolkata
CLM0046623,KOL_05581,Garia,2023-04-09,21,0,0,0,0,0,0,0,0,0,0.0,0.323293,0,0.0,0,420,0,0,0.5802,0.0,GREEN,47,Kolkata
CLM0046624,KOL_06074,Esplanade,2023-02-09,18,0,0,0,0,0,0,0,0,1,0.0,0.396349,0,0.0,0,184,1,5,0.6277,0.1893,GREEN,39,Kolkata
CLM0046625,KOL_08968,Garia,2022-11-09,9,0,0,0,0,0,0,0,0,0,0.0,0.239374,0,0.0,0,46,2,3,0.7531,0.0,GREEN,44,Kolkata
CLM0046626,KOL_07127,Garia,2020-09-18,7,0,0,0,0,0,0,0,0,0,0.0,0.364075,0,0.0,0,344,4,6,0.9205,0.0,GREEN,30,Kolkata
CLM0046627,KOL_00642,Howrah,2021-08-28,16,0,0,0,0,0,0,0,0,1,0.0,0.213821,0,0.0,0,53,0,1,0.98,0.0266,GREEN,35,Kolkata
CLM0046628,KOL_07910,New Town,2015-12-11,13,0,0,0,0,1,0,0,0,0,0.0,0.181212,0,0.0,0,227,1,0,0.9227,0.0758,GREEN,28,Kolkata
CLM0046629,KOL_02244,Garia,2019-01-18,10,0,0,0,0,0,0,0,0,0,0.0,0.205322,0,0.0,0,412,1,0,0.6042,0.0672,GREEN,35,Kolkata
CLM0046630,KOL_09337,Salt Lake,2020-03-24,7,0,0,0,0,0,1,0,1,0,0.0,0.257137,0,0.0,0,139,2,5,0.0948,0.2383,GREEN,22,Kolkata
CLM0046631,KOL_07336,Howrah,2025-11-12,17,0,0,0,0,0,0,0,0,0,0.0,0.022364,0,1.0,0,279,2,3,0.5299,0.0,GREEN,18,Kolkata
CLM0046632,KOL_08329,Howrah,2025-11-05,14,0,0,0,1,0,0,0,0,0,0.0,0.463461,0,0.0,0,315,4,0,0.98,0.12,GREEN,38,Kolkata
CLM0046633,KOL_07537,Park Street,2025-03-07,21,0,0,0,0,1,0,0,0,0,0.0,0.397286,0,1.0,0,70,4,5,0.7409,0.0728,GREEN,42,Kolkata
CLM0046634,KOL_06425,Garia,2025-05-27,21,0,0,0,0,0,0,1,0,0,0.0,0.081467,0,0.0,0,420,4,0,0.8081,0.0465,GREEN,25,Kolkata
CLM0046635,KOL_05845,Esplanade,2024-10-07,18,0,0,0,0,0,0,0,0,0,0.0,0.259706,0,0.0,0,287,3,3,0.9014,0.0,GREEN,33,Kolkata
CLM0046636,KOL_04268,New Town,2025-02-16,18,0,0,0,0,0,0,1,0,0,1.0,0.273698,0,0.0,0,308,1,1,0.8456,0.0933,GREEN,37,Kolkata
CLM0046637,KOL_08263,Tollygunge,2024-12-31,11,0,0,0,0,0,0,0,1,0,0.0,0.348215,0,0.0,0,15,1,0,0.1714,0.1047,GREEN,20,Kolkata
CLM0046638,KOL_07554,Tollygunge,2025-09-26,19,0,0,0,0,0,1,0,0,0,0.0,0.282914,0,0.0,0,140,1,3,0.7084,0.1992,GREEN,44,Kolkata
CLM0046639,KOL_04678,Garia,2025-07-30,15,0,0,0,0,0,0,0,0,0,0.0,0.018285,0,0.0,0,50,3,2,0.5869,0.0,GREEN,51,Kolkata
CLM0046640,KOL_06366,Park Street,2025-10-17,20,0,0,0,0,0,1,0,0,1,0.0,0.996939,0,0.0,1,111,0,0,0.9613,0.1886,GREEN,42,Kolkata
CLM0046641,KOL_00417,Garia,2025-07-25,17,0,0,0,0,0,0,0,0,0,0.0,0.0,0,0.0,0,374,3,3,0.9341,0.0,GREEN,29,Kolkata
CLM0046642,KOL_01653,Esplanade,2022-11-23,19,0,0,0,0,0,0,0,0,0,0.0,0.210187,0,0.0,0,328,0,2,0.7325,0.0406,GREEN,30,Kolkata
CLM0046643,KOL_09618,Garia,2024-07-10,14,0,0,0,0,0,0,0,0,0,0.0,0.191663,0,0.0,0,404,3,0,0.98,0.0479,GREEN,35,Kolkata
CLM0046644,KOL_07222,Sealdah,2023-08-05,8,0,0,0,0,0,0,0,0,0,0.0,0.219119,0,0.0,1,260,2,4,0.6099,0.0671,GREEN,18,Kolkata
CLM0046645,KOL_07241,Tollygunge,2023-03-04,21,0,0,0,0,0,0,0,0,0,0.0,0.10652,0,0.0,0,420,3,3,0.8674,0.062,GREEN,50,Kolkata
CLM0046646,KOL_09395,Esplanade,2025-12-09,19,0,0,0,0,0,1,0,1,0,0.0,0.168561,0,0.0,0,268,3,0,0.1457,0.1478,GREEN,44,Kolkata
CLM0046647,KOL_00700,Park Street,2024-04-26,7,0,0,0,0,0,0,1,0,0,0.0,0.342544,0,0.0,0,420,2,0,0.98,0.2288,GREEN,33,Kolkata
CLM0046648,KOL_01194,Behala,2023-09-20,19,0,0,0,0,0,0,0,0,0,0.0,0.238942,0,0.0,0,420,4,6,0.9347,0.0537,GREEN,40,Kolkata
CLM0046649,KOL_08192,Sealdah,2025-02-01,15,0,0,0,0,0,0,0,0,0,0.0,0.14317,0,0.0,0,350,3,3,0.98,0.0465,GREEN,38,Kolkata
CLM0046650,KOL_05126,Behala,2025-09-27,19,0,1,1,0,0,0,0,0,0,0.0,0.037446,0,0.0,0,376,3,0,0.9131,0.1103,GREEN,18,Kolkata
CLM0046651,KOL_05092,Salt Lake,2024-12-17,18,0,0,0,0,0,0,0,0,0,0.0,0.513218,0,0.0,0,183,3,3,0.7979,0.0,GREEN,43,Kolkata
CLM0046652,KOL_04094,Garia,2016-08-09,11,0,0,0,0,0,0,0,0,0,0.0,0.14042,0,0.0,0,228,1,0,0.7282,0.044,GREEN,42,Kolkata
CLM0046653,KOL_08301,Park Street,2016-11-19,7,0,0,0,0,0,0,0,0,0,1.0,0.233271,0,0.0,0,73,2,1,0.8647,0.0,GREEN,20,Kolkata
CLM0046654,KOL_01187,Salt Lake,2018-06-22,17,0,0,0,0,0,0,0,0,0,0.0,0.160584,0,0.0,0,188,4,4,0.2697,0.0,GREEN,33,Kolkata
CLM0046655,KOL_08117,Salt Lake,2025-02-21,11,0,0,0,0,0,0,0,0,0,0.0,0.306074,0,0.0,0,41,2,0,0.6002,0.0183,GREEN,40,Kolkata
CLM0046656,KOL_06072,Esplanade,2024-12-27,19,0,0,0,1,0,0,1,0,0,0.0,0.273065,0,0.0,0,368,1,3,0.5096,0.2348,GREEN,28,Kolkata
CLM0046657,KOL_07686,New Town,2024-07-24,8,0,0,0,0,0,0,1,1,1,1.0,1.0,0,1.0,1,8,2,18,0.9207,0.1183,GREEN,28,Kolkata
CLM0046658,KOL_00297,Dum Dum,2024-08-16,14,0,0,0,0,0,0,0,0,0,0.0,0.0,0,0.0,0,420,0,0,0.6334,0.0434,GREEN,18,Kolkata
CLM0046659,KOL_00912,New Town,2025-08-09,13,0,0,0,0,0,0,0,0,0,0.0,0.02303,0,0.0,0,385,2,1,0.7015,0.0,GREEN,27,Kolkata
CLM0046660,KOL_09111,Sealdah,2022-05-10,18,0,0,0,0,0,0,0,0,0,0.0,0.356164,0,1.0,1,420,2,1,0.8794,0.1426,GREEN,36,Kolkata
CLM0046661,KOL_08252,Park Street,2020-12-03,17,0,0,0,0,0,0,0,1,0,0.0,0.255469,0,0.0,0,320,3,0,0.8987,0.0554,GREEN,35,Kolkata
CLM0046662,KOL_02572,Sealdah,2019-12-01,13,0,0,0,0,1,0,1,1,0,0.0,0.080772,0,0.0,0,45,0,18,0.8009,0.1301,GREEN,36,Kolkata
CLM0046663,KOL_00823,Esplanade,2021-07-02,9,0,0,0,0,0,0,0,0,0,0.0,0.315167,0,0.0,0,420,0,2,0.2623,0.0262,GREEN,41,Kolkata
CLM0046664,KOL_07997,Howrah,2025-07-29,12,0,0,0,0,0,0,0,1,1,0.0,0.347759,0,0.0,1,152,3,4,0.4976,0.3033,GREEN,48,Kolkata
CLM0046665,KOL_06555,Park Street,2020-10-24,17,0,0,0,0,0,0,0,0,0,0.0,0.360957,1,0.0,0,330,4,0,0.98,0.0417,GREEN,27,Kolkata
CLM0046666,KOL_06992,Behala,2024-07-12,10,0,0,0,0,0,1,0,0,0,0.0,0.269683,0,0.0,0,420,0,0,0.8008,0.1054,GREEN,36,Kolkata
CLM0046667,KOL_00180,Park Street,2024-06-04,12,0,0,0,0,0,0,0,0,0,0.0,0.133927,1,0.0,0,352,2,0,0.563,0.0363,GREEN,18,Kolkata
CLM0046668,KOL_02460,Salt Lake,2022-04-20,11,0,0,0,0,0,0,0,1,0,1.0,0.020527,0,0.0,0,420,3,2,0.878,0.1383,GREEN,43,Kolkata
CLM0046669,KOL_02635,Park Street,2023-11-02,19,0,0,0,0,1,0,0,0,0,0.0,0.201551,0,0.0,0,420,3,0,0.8452,0.0889,GREEN,52,Kolkata
CLM0046670,KOL_09712,Tollygunge,2018-07-31,21,0,0,0,0,1,0,1,0,0,0.0,0.971074,0,0.0,0,222,4,4,0.98,0.1749,GREEN,34,Kolkata
CLM0046671,KOL_00818,Behala,2022-06-16,19,0,0,0,0,0,0,0,0,0,0.0,0.168414,0,0.0,0,395,4,3,0.5963,0.0364,GREEN,30,Kolkata
CLM0046672,KOL_01698,Behala,2020-01-26,21,0,0,0,0,0,0,0,0,0,0.0,0.108491,0,0.0,0,420,1,1,0.05,0.0,GREEN,18,Kolkata
CLM0046673,KOL_06174,Tollygunge,2018-02-28,11,0,0,0,0,0,0,0,0,0,0.0,0.3494,0,0.0,0,339,4,1,0.8689,0.0029,GREEN,36,Kolkata
CLM0046674,KOL_02830,Howrah,2024-08-20,15,0,0,0,0,0,1,0,0,0,0.0,0.190252,0,0.0,0,215,0,0,0.7218,0.0012,GREEN,39,Kolkata
CLM0046675,KOL_05945,Salt Lake,2022-02-23,21,0,0,0,0,0,0,0,0,0,0.0,1.0,0,0.0,0,365,1,5,0.98,0.0309,GREEN,37,Kolkata
CLM0046676,KOL_00488,Howrah,2022-02-22,12,0,0,0,0,0,0,0,0,0,0.0,0.271103,1,0.0,0,127,0,2,0.1059,0.1531,GREEN,31,Kolkata
CLM0046677,KOL_03264,Behala,2023-01-24,20,0,0,0,1,0,0,0,0,0,0.0,0.235124,0,0.0,0,119,2,2,0.1285,0.0667,GREEN,41,Kolkata
CLM0046678,KOL_00665,Park Street,2021-02-25,21,0,0,0,0,0,0,1,0,0,0.0,0.101692,0,0.0,0,420,1,2,0.7946,0.0742,GREEN,34,Kolkata
CLM0046679,KOL_06544,Howrah,2022-02-22,8,0,0,0,0,0,0,0,0,0,0.0,1.0,1,0.0,0,26,4,0,0.7675,0.0217,GREEN,42,Kolkata
CLM0046680,KOL_09959,New Town,2024-10-03,15,0,0,0,0,0,0,0,0,0,0.0,0.162439,0,0.0,1,224,0,2,0.5813,0.0,GREEN,38,Kolkata
CLM0046681,KOL_03524,New Town,2024-08-20,15,0,0,0,0,0,0,0,0,0,0.0,0.180424,0,0.0,1,338,4,1,0.8002,0.0543,GREEN,38,Kolkata
CLM0046682,KOL_02439,Dum Dum,2023-05-08,14,0,0,0,0,1,1,1,1,1,0.0,0.0,0,0.0,1,5,3,18,0.98,0.1209,GREEN,29,Kolkata
CLM0046683,KOL_08873,Sealdah,2021-08-23,21,0,0,0,0,0,0,0,0,0,0.0,0.285059,0,0.0,0,5,2,0,0.6813,0.0227,GREEN,26,Kolkata
CLM0046684,KOL_03663,Garia,2025-02-17,12,0,0,0,0,0,0,0,0,0,0.0,0.381096,0,0.0,0,191,0,1,0.5345,0.0,GREEN,50,Kolkata
CLM0046685,KOL_07283,Esplanade,2020-10-18,9,0,0,0,0,0,1,1,0,0,0.0,0.086231,0,0.0,0,291,0,0,0.634,0.1715,GREEN,44,Kolkata
CLM0046686,KOL_07170,Sealdah,2022-02-16,18,0,0,0,0,0,0,0,0,0,0.0,0.238346,0,0.0,0,273,3,0,0.0741,0.0,GREEN,45,Kolkata
CLM0046687,KOL_03882,New Town,2025-06-19,7,0,0,0,0,0,0,0,0,0,0.0,0.209915,0,1.0,0,420,4,0,0.7702,0.0346,GREEN,18,Kolkata
CLM0046688,KOL_08903,Sealdah,2021-07-01,14,0,0,0,0,0,0,0,0,0,0.0,0.921512,0,0.0,0,360,4,4,0.98,0.0029,GREEN,48,Kolkata
CLM0046689,KOL_03095,New Town,2019-05-31,19,0,0,0,0,0,0,0,0,0,0.0,0.199985,0,0.0,0,235,2,0,0.2096,0.0,GREEN,45,Kolkata
CLM0046690,KOL_02871,Park Street,2021-01-23,11,0,0,0,0,1,0,0,0,0,0.0,0.188176,0,0.0,0,116,0,0,0.926,0.1931,GREEN,34,Kolkata
CLM0046691,KOL_09752,Esplanade,2020-01-16,10,0,0,0,0,0,0,0,0,0,0.0,0.206471,0,0.0,0,274,4,5,0.5235,0.0833,GREEN,35,Kolkata
CLM0046692,KOL_07309,Howrah,2018-12-18,13,0,0,0,0,0,0,0,0,0,0.0,0.310459,0,0.0,0,173,3,7,0.7197,0.0214,GREEN,29,Kolkata
CLM0046693,KOL_03094,Tollygunge,2023-05-01,18,0,0,0,1,1,1,0,0,0,0.0,1.0,0,0.0,0,26,1,0,0.609,0.5172,YELLOW,26,Kolkata
CLM0046694,KOL_02036,Tollygunge,2023-12-22,10,0,0,0,0,0,0,0,0,0,0.0,0.48295,0,0.0,0,98,1,4,0.7042,0.0806,GREEN,63,Kolkata
CLM0046695,KOL_04781,New Town,2019-05-28,10,0,0,0,0,0,0,0,1,0,0.0,0.279012,0,0.0,1,244,0,3,0.8056,0.2228,GREEN,21,Kolkata
CLM0046696,KOL_08249,Park Street,2023-03-21,13,0,0,0,1,0,0,0,0,0,1.0,0.237429,0,0.0,0,420,1,3,0.2005,0.152,GREEN,38,Kolkata
CLM0046697,KOL_04086,Garia,2022-12-04,8,0,0,0,0,0,1,0,0,0,0.0,1.0,0,0.0,0,102,3,4,0.582,0.0142,GREEN,38,Kolkata
CLM0046698,KOL_02237,Esplanade,2023-11-11,10,0,0,0,0,0,0,0,0,0,0.0,0.297413,0,0.0,0,232,3,0,0.9507,0.0616,GREEN,35,Kolkata
CLM0046699,KOL_05724,Esplanade,2022-07-11,19,0,0,0,1,0,1,0,0,0,1.0,0.358909,0,0.0,0,107,3,4,0.5061,0.322,YELLOW,18,Kolkata
CLM0046700,KOL_05557,Esplanade,2018-12-09,10,0,0,0,0,0,0,0,0,0,0.0,0.16258,0,0.0,0,420,3,5,0.7622,0.0,GREEN,40,Kolkata
CLM0046701,KOL_03360,Howrah,2025-08-14,12,0,0,0,0,0,0,0,0,0,0.0,0.22276,0,0.0,0,162,0,0,0.9106,0.1289,GREEN,36,Kolkata
CLM0046702,KOL_09940,Esplanade,2024-08-11,16,0,0,0,0,0,0,1,0,0,1.0,1.0,0,0.0,0,420,3,0,0.9417,0.1452,GREEN,37,Kolkata
CLM0046703,KOL_00726,Tollygunge,2024-12-26,13,0,0,0,0,0,0,0,0,0,0.0,0.323314,0,0.0,0,420,4,1,0.05,0.0477,GREEN,29,Kolkata
CLM0046704,KOL_08168,Sealdah,2025-05-02,13,0,1,1,0,0,0,0,0,0,0.0,0.290266,0,0.0,0,383,3,7,0.5895,0.0943,GREEN,33,Kolkata
CLM0046705,KOL_07639,Howrah,2025-07-10,16,0,0,0,0,0,0,0,0,1,0.0,0.061818,0,0.0,1,213,0,3,0.98,0.2084,GREEN,26,Kolkata
CLM0046706,KOL_03771,Salt Lake,2025-02-27,21,0,0,0,1,0,0,0,0,0,0.0,0.005632,0,0.0,0,420,4,0,0.6365,0.2224,GREEN,38,Kolkata
CLM0046707,KOL_01501,Garia,2024-04-20,12,0,0,0,0,0,0,0,0,1,0.0,0.929907,0,0.0,0,119,1,0,0.7315,0.1672,GREEN,22,Kolkata
CLM0046708,KOL_00980,Salt Lake,2023-11-14,12,0,0,0,0,0,0,0,0,0,0.0,0.316159,0,0.0,0,420,2,3,0.4639,0.025,GREEN,29,Kolkata
CLM0046709,KOL_05281,Esplanade,2024-07-18,14,0,0,0,0,0,0,0,0,0,0.0,0.0,0,0.0,0,165,3,1,0.0658,0.0,GREEN,46,Kolkata
CLM0046710,KOL_02462,Esplanade,2025-06-11,11,0,0,0,0,0,0,0,0,0,0.0,0.170156,0,0.0,0,275,4,2,0.8456,0.0,GREEN,23,Kolkata
CLM0046711,KOL_07101,Esplanade,2020-10-05,11,0,0,0,0,0,0,0,0,0,0.0,0.291316,0,0.0,0,420,2,2,0.9747,0.0,GREEN,54,Kolkata
CLM0046712,KOL_07543,Tollygunge,2024-04-21,10,0,0,0,0,0,0,0,0,0,0.0,0.051353,0,0.0,0,212,1,0,0.05,0.0,GREEN,56,Kolkata
CLM0046713,KOL_04591,Tollygunge,2022-08-29,14,0,0,0,0,0,0,0,0,0,0.0,0.315894,0,0.0,0,216,3,5,0.6243,0.0931,GREEN,34,Kolkata
CLM0046714,KOL_07312,New Town,2024-11-06,12,0,0,0,0,0,0,0,0,0,0.0,0.037728,0,1.0,0,417,1,1,0.2133,0.0,GREEN,39,Kolkata
CLM0046715,KOL_05185,Sealdah,2024-05-15,14,0,0,0,0,1,1,0,1,1,1.0,0.920504,1,1.0,0,14,3,17,0.0832,0.0063,GREEN,18,Kolkata
CLM0046716,KOL_09982,Salt Lake,2020-05-04,11,0,0,0,0,0,0,0,0,0,1.0,1.0,0,0.0,0,420,3,3,0.98,0.1076,GREEN,27,Kolkata
CLM0046717,KOL_00484,Garia,2017-10-17,10,0,0,0,0,0,0,0,0,0,0.0,0.204762,0,0.0,0,420,3,4,0.6223,0.0,GREEN,31,Kolkata
CLM0046718,KOL_01963,Behala,2021-06-30,18,0,0,0,0,1,1,0,0,0,0.0,0.189332,0,0.0,0,340,0,0,0.6457,0.2437,GREEN,52,Kolkata
CLM0046719,KOL_04546,Tollygunge,2025-04-23,15,0,0,0,0,0,0,0,0,0,0.0,0.127452,0,0.0,0,75,1,4,0.6496,0.0,GREEN,18,Kolkata
CLM0046720,KOL_07226,Salt Lake,2025-07-16,9,0,0,0,0,0,0,0,0,0,0.0,0.227865,0,0.0,0,269,2,2,0.6874,0.0,GREEN,24,Kolkata
CLM0046721,KOL_04999,Behala,2024-10-01,17,0,0,0,0,0,0,0,0,0,0.0,0.352538,0,0.0,0,367,0,4,0.281,0.0,GREEN,35,Kolkata
CLM0046722,KOL_02168,Esplanade,2023-11-07,13,0,0,0,0,0,0,0,0,0,0.0,0.076935,0,0.0,0,101,2,3,0.4927,0.0341,GREEN,43,Kolkata
CLM0046723,KOL_00704,Tollygunge,2021-06-09,10,0,0,0,0,0,0,0,0,0,0.0,0.0,0,0.0,0,420,1,5,0.4587,0.0545,GREEN,35,Kolkata
CLM0046724,KOL_07793,Garia,2021-11-23,15,0,0,0,0,0,0,0,1,0,0.0,0.236979,0,0.0,0,315,2,0,0.7011,0.0039,GREEN,34,Kolkata
CLM0046725,KOL_09045,Park Street,2025-01-22,18,0,0,0,0,0,0,0,0,0,0.0,0.028771,0,0.0,0,156,2,5,0.843,0.0,GREEN,44,Kolkata
CLM0046726,KOL_02666,Esplanade,2017-03-15,17,0,0,0,0,0,0,0,0,0,0.0,0.258169,0,0.0,0,345,3,2,0.2511,0.1816,GREEN,36,Kolkata
CLM0046727,KOL_06327,Garia,2023-10-13,10,0,0,0,0,0,0,0,0,0,0.0,0.235409,0,0.0,0,280,4,1,0.7268,0.0253,GREEN,26,Kolkata
CLM0046728,KOL_07811,Park Street,2022-11-29,14,0,1,1,0,0,0,1,0,0,1.0,0.904082,0,1.0,0,420,3,1,0.8654,0.0959,GREEN,38,Kolkata
CLM0046729,KOL_07946,Behala,2022-02-05,18,0,0,0,0,0,0,0,0,0,1.0,0.014525,1,0.0,0,408,1,0,0.9046,0.0867,GREEN,18,Kolkata
CLM0046730,KOL_05426,Salt Lake,2024-12-16,13,0,0,0,0,0,0,0,0,1,0.0,1.0,0,0.0,0,381,1,0,0.98,0.0997,GREEN,27,Kolkata
CLM0046731,KOL_02528,Sealdah,2024-02-15,13,0,0,0,0,0,0,0,0,0,0.0,0.0,0,0.0,0,89,3,1,0.6236,0.0386,GREEN,27,Kolkata
CLM0046732,KOL_08869,Park Street,2017-07-19,11,0,0,0,0,0,0,0,0,0,0.0,0.205092,0,0.0,0,420,3,0,0.6986,0.008,GREEN,49,Kolkata
CLM0046733,KOL_07372,Salt Lake,2021-02-18,12,0,0,0,0,0,1,0,0,0,0.0,0.203862,0,0.0,0,78,1,0,0.8588,0.1523,GREEN,48,Kolkata
CLM0046734,KOL_07465,Howrah,2017-01-26,10,0,0,0,0,0,0,0,0,0,0.0,0.283173,0,1.0,0,413,3,0,0.5215,0.0,GREEN,32,Kolkata
CLM0046735,KOL_09891,Tollygunge,2018-09-08,21,0,0,0,0,0,0,0,0,0,1.0,0.089855,0,0.0,0,420,3,4,0.2202,0.0346,GREEN,36,Kolkata
CLM0046736,KOL_05023,Salt Lake,2024-02-13,17,0,0,0,0,0,1,0,0,0,0.0,0.0,0,0.0,0,159,2,1,0.98,0.0469,GREEN,44,Kolkata
CLM0046737,KOL_01953,Sealdah,2024-01-26,7,0,0,0,0,0,0,1,0,0,0.0,0.169138,0,0.0,0,209,1,3,0.7464,0.0658,GREEN,34,Kolkata
CLM0046738,KOL_03065,Park Street,2025-06-16,9,0,0,0,0,0,0,0,0,0,0.0,0.031727,1,0.0,0,35,0,3,0.98,0.0873,GREEN,26,Kolkata
CLM0046739,KOL_08121,Howrah,2019-03-21,21,0,0,0,1,0,0,0,0,0,0.0,0.218293,0,0.0,0,157,1,0,0.9057,0.1303,GREEN,46,Kolkata
CLM0046740,KOL_04138,Dum Dum,2024-02-21,10,0,0,0,0,0,0,0,0,0,0.0,0.057097,0,0.0,0,94,2,2,0.8161,0.0,GREEN,41,Kolkata
CLM0046741,KOL_08534,Tollygunge,2020-05-03,20,0,0,0,0,0,0,0,0,0,0.0,0.0,0,0.0,0,391,0,1,0.4039,0.0,GREEN,38,Kolkata
CLM0046742,KOL_06564,Sealdah,2019-04-28,17,0,0,0,0,0,0,0,0,0,0.0,0.284707,0,0.0,0,161,1,1,0.5654,0.0,GREEN,51,Kolkata
CLM0046743,KOL_03023,Esplanade,2016-09-03,16,0,0,0,0,0,0,1,0,1,0.0,0.294448,0,0.0,0,306,4,0,0.1212,0.164,GREEN,39,Kolkata
CLM0046744,KOL_09150,Behala,2019-12-17,15,0,0,0,0,0,0,0,0,0,0.0,0.311017,0,0.0,0,392,4,0,0.8276,0.0209,GREEN,30,Kolkata
CLM0046745,KOL_02567,Salt Lake,2023-07-12,13,0,0,0,0,0,0,0,0,0,0.0,0.026253,0,0.0,0,296,1,2,0.8189,0.0,GREEN,26,Kolkata
CLM0046746,KOL_09782,Howrah,2020-12-05,20,0,0,0,0,0,0,0,0,0,0.0,0.051143,0,0.0,0,270,0,1,0.8898,0.0562,GREEN,20,Kolkata
CLM0046747,KOL_04334,Behala,2024-03-15,13,0,0,0,0,1,0,0,0,0,0.0,0.317994,0,0.0,0,178,0,4,0.953,0.1887,GREEN,22,Kolkata
CLM0046748,KOL_00234,Salt Lake,2022-01-19,9,0,0,0,0,0,0,0,0,0,1.0,0.096584,0,0.0,0,343,1,2,0.9782,0.0451,GREEN,38,Kolkata
CLM0046749,KOL_01496,Salt Lake,2025-01-01,16,0,0,0,0,0,0,0,0,0,0.0,0.355606,0,0.0,0,271,0,3,0.6837,0.0,GREEN,21,Kolkata
CLM0046750,KOL_05509,Garia,2024-02-18,8,0,0,0,0,0,0,0,0,1,0.0,0.1173,0,0.0,0,342,0,0,0.8761,0.2183,GREEN,18,Kolkata
CLM0046751,KOL_00650,Dum Dum,2024-07-27,12,0,0,0,0,0,0,0,0,0,0.0,0.111907,0,0.0,0,117,2,0,0.5024,0.0,GREEN,33,Kolkata
CLM0046752,KOL_00219,Park Street,2020-04-29,16,0,0,0,0,0,0,0,0,0,0.0,0.062977,0,0.0,1,99,4,0,0.893,0.1468,GREEN,52,Kolkata
CLM0046753,KOL_06752,Sealdah,2022-03-10,16,0,0,0,0,0,0,0,0,0,0.0,0.34043,0,0.0,0,70,0,0,0.6301,0.0449,GREEN,33,Kolkata
CLM0046754,KOL_02812,Tollygunge,2022-12-17,12,0,0,0,0,0,1,0,0,0,0.0,0.898041,0,0.0,0,128,1,0,0.7368,0.0298,GREEN,39,Kolkata
CLM0046755,KOL_01057,Behala,2023-01-04,8,0,0,0,0,0,0,0,0,0,0.0,0.825303,0,0.0,0,316,4,3,0.7541,0.0,GREEN,20,Kolkata
CLM0046756,KOL_08226,Salt Lake,2023-06-03,11,0,0,0,0,0,0,1,0,0,1.0,0.361581,0,0.0,0,420,1,2,0.4774,0.1479,GREEN,33,Kolkata
CLM0046757,KOL_05438,Dum Dum,2023-03-03,13,0,0,0,0,0,0,0,0,0,0.0,0.111384,0,0.0,0,127,0,3,0.9231,0.0,GREEN,65,Kolkata
CLM0046758,KOL_04637,Tollygunge,2024-11-19,16,0,0,0,1,0,1,0,0,0,0.0,0.078752,0,0.0,0,302,2,0,0.773,0.2691,GREEN,39,Kolkata
CLM0046759,KOL_09726,Howrah,2023-03-03,8,0,0,0,0,0,1,0,0,0,0.0,0.0,0,0.0,0,96,1,0,0.3698,0.0998,GREEN,46,Kolkata
CLM0046760,KOL_08471,Sealdah,2023-12-20,21,0,0,0,0,0,1,0,0,1,0.0,0.257588,0,0.0,0,327,4,2,0.2566,0.2883,GREEN,29,Kolkata
CLM0046761,KOL_08144,Salt Lake,2023-10-13,20,0,0,0,0,1,0,1,0,0,1.0,0.170743,0,0.0,0,420,0,0,0.6645,0.2806,GREEN,22,Kolkata
CLM0046762,KOL_00857,Tollygunge,2021-11-18,18,0,0,0,0,0,1,0,0,0,0.0,0.333188,0,0.0,0,214,4,5,0.7539,0.0397,GREEN,30,Kolkata
CLM0046763,KOL_02699,Park Street,2021-05-23,7,0,0,0,0,0,0,0,0,0,0.0,0.374971,0,0.0,1,420,4,2,0.6577,0.0719,GREEN,54,Kolkata
CLM0046764,KOL_09994,Howrah,2021-11-22,21,0,0,0,0,0,0,0,0,0,0.0,0.400561,0,0.0,0,313,1,3,0.8821,0.0,GREEN,44,Kolkata
CLM0046765,KOL_07589,Park Street,2025-04-23,10,0,0,0,0,0,1,0,1,0,0.0,0.054263,0,0.0,0,87,3,3,0.9439,0.1914,GREEN,26,Kolkata
CLM0046766,KOL_08548,Sealdah,2023-04-25,19,0,0,0,0,0,0,0,0,0,0.0,0.294635,0,0.0,0,335,1,0,0.1246,0.0,GREEN,21,Kolkata
CLM0046767,KOL_08834,Sealdah,2022-11-23,20,0,0,0,0,0,0,0,0,0,0.0,0.286617,0,0.0,0,320,4,3,0.7665,0.0,GREEN,41,Kolkata
CLM0046768,KOL_02846,Garia,2024-09-12,18,0,0,0,0,0,0,0,0,0,0.0,0.988411,1,0.0,0,319,4,0,0.5011,0.1994,GREEN,47,Kolkata
CLM0046769,KOL_09936,Behala,2025-12-19,8,0,0,0,0,0,0,0,0,0,0.0,0.036632,0,0.0,0,420,2,0,0.6539,0.0,GREEN,25,Kolkata
CLM0046770,KOL_08657,Howrah,2024-01-23,11,0,0,0,0,0,0,0,0,0,0.0,0.961419,0,0.0,0,361,4,4,0.05,0.0,GREEN,24,Kolkata
CLM0046771,KOL_09660,Howrah,2025-03-27,21,0,0,0,0,0,0,0,0,0,1.0,1.0,0,0.0,0,200,4,0,0.7579,0.0,GREEN,37,Kolkata
CLM0046772,KOL_01341,Tollygunge,2022-07-24,7,0,0,0,0,0,0,0,0,0,0.0,0.390388,0,0.0,0,301,0,0,0.8277,0.0,GREEN,42,Kolkata
CLM0046773,KOL_00920,Behala,2025-11-23,14,0,0,0,0,0,0,0,0,0,0.0,0.118765,0,0.0,0,34,3,1,0.8474,0.0,GREEN,33,Kolkata
CLM0046774,KOL_05714,Behala,2022-12-18,19,0,0,0,0,0,0,0,0,0,0.0,0.228609,0,0.0,0,172,3,2,0.2384,0.0256,GREEN,36,Kolkata
CLM0046775,KOL_02291,Garia,2025-08-12,10,0,1,1,0,0,0,0,0,0,0.0,0.267034,0,0.0,0,252,2,1,0.8464,0.0,GREEN,26,Kolkata
CLM0046776,KOL_05964,Garia,2021-03-29,14,0,0,0,0,1,0,0,0,0,0.0,0.223016,0,0.0,0,247,3,0,0.466,0.0695,GREEN,50,Kolkata
CLM0046777,KOL_03371,Esplanade,2020-08-28,7,0,0,0,0,0,0,0,1,0,0.0,0.895344,0,0.0,0,375,3,2,0.223,0.1863,GREEN,50,Kolkata
CLM0046778,KOL_07008,Howrah,2020-04-17,20,0,0,0,0,0,0,0,0,0,1.0,0.264168,0,0.0,0,72,4,0,0.7247,0.0109,GREEN,28,Kolkata
CLM0046779,KOL_09978,Sealdah,2025-12-17,8,0,0,0,0,0,0,0,0,0,0.0,0.051971,0,0.0,0,31,3,1,0.6122,0.0047,GREEN,31,Kolkata
CLM0046780,KOL_01571,Sealdah,2025-10-14,11,0,0,0,1,0,0,0,1,0,0.0,0.061365,0,0.0,0,228,2,0,0.4278,0.3117,YELLOW,41,Kolkata
CLM0046781,KOL_07599,Behala,2024-05-07,10,0,0,0,0,0,0,0,0,0,0.0,0.186535,0,0.0,0,204,3,2,0.98,0.051,GREEN,45,Kolkata
CLM0046782,KOL_07521,New Town,2025-02-03,20,0,0,0,0,0,0,0,0,0,0.0,0.301026,0,0.0,0,26,4,3,0.98,0.0,GREEN,22,Kolkata
CLM0046783,KOL_00678,Howrah,2024-06-25,20,0,0,0,0,0,0,0,0,0,0.0,0.001221,0,0.0,0,301,1,2,0.4845,0.0739,GREEN,42,Kolkata
CLM0046784,KOL_08659,Dum Dum,2025-12-07,11,0,0,0,0,1,0,0,0,0,0.0,0.165428,0,0.0,0,156,0,3,0.98,0.0137,GREEN,18,Kolkata
CLM0046785,KOL_00721,Howrah,2018-11-24,15,0,0,0,0,0,0,0,0,0,1.0,0.292017,0,0.0,1,300,0,4,0.7763,0.1607,GREEN,55,Kolkata
CLM0046786,KOL_09466,Salt Lake,2022-02-20,15,0,0,0,0,0,0,1,1,0,0.0,0.343378,0,0.0,0,238,0,0,0.05,0.0774,GREEN,31,Kolkata
CLM0046787,KOL_07379,Salt Lake,2020-12-27,20,0,0,0,0,0,0,0,0,0,1.0,1.0,0,1.0,0,398,3,0,0.98,0.0882,GREEN,32,Kolkata
CLM0046788,KOL_06265,Park Street,2017-04-21,15,0,0,0,0,0,0,0,0,1,0.0,0.318611,0,0.0,0,90,3,3,0.8062,0.0895,GREEN,41,Kolkata
CLM0046789,KOL_04786,Esplanade,2024-04-06,15,0,0,0,0,0,0,0,0,0,1.0,1.0,0,1.0,0,54,1,0,0.5561,0.0,GREEN,50,Kolkata
CLM0046790,KOL_05488,Behala,2020-07-23,10,0,0,0,0,0,0,0,0,0,1.0,1.0,0,0.0,0,305,4,1,0.4679,0.1474,GREEN,45,Kolkata
CLM0046791,KOL_07052,Dum Dum,2024-06-24,10,0,0,0,0,1,0,0,0,0,0.0,1.0,0,0.0,0,420,1,4,0.447,0.0958,GREEN,33,Kolkata
CLM0046792,KOL_02092,Behala,2024-05-16,10,0,1,1,1,0,0,0,0,0,1.0,0.28927,0,0.0,0,420,1,3,0.1406,0.2799,GREEN,24,Kolkata
CLM0046793,KOL_01361,New Town,2025-05-21,18,0,0,0,0,0,0,0,0,0,0.0,0.125353,0,0.0,0,285,3,2,0.6273,0.0035,GREEN,26,Kolkata
CLM0046794,KOL_05350,Tollygunge,2022-10-19,7,0,0,0,0,0,0,0,0,0,0.0,0.001792,0,0.0,0,191,4,6,0.5891,0.0963,GREEN,41,Kolkata
CLM0046795,KOL_01265,Sealdah,2022-06-02,9,0,0,0,0,0,0,0,0,0,0.0,0.236494,0,0.0,0,401,3,2,0.9604,0.0111,GREEN,31,Kolkata
CLM0046796,KOL_03945,Esplanade,2023-11-24,17,0,0,0,0,0,1,0,0,0,0.0,0.195031,0,0.0,0,142,4,2,0.7362,0.2286,GREEN,40,Kolkata
CLM0046797,KOL_03183,Garia,2023-02-27,17,0,0,0,0,0,0,0,0,0,0.0,0.337252,0,0.0,0,165,4,5,0.6509,0.1222,GREEN,47,Kolkata
CLM0046798,KOL_08035,Park Street,2022-11-15,15,0,0,0,0,1,0,0,0,0,0.0,0.162633,0,0.0,0,393,3,5,0.9107,0.1946,GREEN,46,Kolkata
CLM0046799,KOL_09862,New Town,2023-05-18,10,0,0,0,0,0,0,0,1,0,0.0,0.29082,0,0.0,0,5,4,5,0.9115,0.1253,GREEN,41,Kolkata
CLM0046800,KOL_05438,Dum Dum,2023-07-20,21,0,0,0,0,0,0,0,0,0,0.0,0.166046,0,0.0,0,409,2,1,0.8118,0.0,GREEN,65,Kolkata
CLM0046801,KOL_05030,Dum Dum,2025-07-17,20,0,0,0,0,0,1,0,1,0,0.0,0.381977,0,0.0,0,63,4,5,0.8152,0.1991,GREEN,36,Kolkata
CLM0046802,KOL_09703,Garia,2024-06-17,20,0,0,0,0,0,0,0,0,0,0.0,0.248428,0,0.0,0,312,0,2,0.8563,0.0,GREEN,26,Kolkata
CLM0046803,KOL_08088,Esplanade,2021-06-09,15,0,0,0,0,0,0,0,0,0,0.0,0.160581,0,0.0,0,420,2,2,0.2573,0.0824,GREEN,33,Kolkata
CLM0046804,KOL_08908,Esplanade,2023-06-01,12,0,0,0,0,0,0,0,0,0,0.0,0.144205,0,0.0,0,208,3,0,0.7552,0.0,GREEN,28,Kolkata
CLM0046805,KOL_09769,Dum Dum,2020-04-23,21,0,0,0,0,0,0,1,0,0,0.0,0.459922,0,0.0,0,417,3,0,0.6982,0.0,GREEN,32,Kolkata
CLM0046806,KOL_02131,Esplanade,2017-09-14,21,0,0,0,0,0,0,0,0,0,0.0,0.134497,0,0.0,0,255,3,7,0.9648,0.0508,GREEN,32,Kolkata
CLM0046807,KOL_02298,Tollygunge,2023-08-21,14,0,0,0,0,0,0,0,0,0,1.0,0.234506,0,1.0,0,196,1,0,0.5769,0.0209,GREEN,45,Kolkata
CLM0046808,KOL_09167,Garia,2021-12-24,11,0,0,0,0,0,0,0,0,0,0.0,0.027749,0,0.0,0,206,3,2,0.98,0.0152,GREEN,31,Kolkata
CLM0046809,KOL_03260,New Town,2022-10-18,14,0,0,0,0,0,0,0,0,0,1.0,0.23942,0,1.0,1,54,1,5,0.1818,0.1466,GREEN,37,Kolkata
CLM0046810,KOL_09725,New Town,2024-12-13,19,0,0,0,0,0,1,0,1,0,0.0,0.101921,0,0.0,0,420,4,1,0.2423,0.2067,GREEN,37,Kolkata
CLM0046811,KOL_07346,Garia,2025-04-17,18,0,0,0,0,0,0,1,0,0,0.0,0.255447,0,0.0,0,113,0,2,0.9,0.0391,GREEN,42,Kolkata
CLM0046812,KOL_09761,Behala,2024-07-24,15,0,0,0,1,0,1,0,1,1,0.0,0.507209,0,0.0,1,5,1,18,0.9219,0.0361,GREEN,29,Kolkata
CLM0046813,KOL_03840,Dum Dum,2019-09-07,14,0,0,0,0,0,0,0,0,0,0.0,0.181362,0,0.0,0,420,4,2,0.98,0.0082,GREEN,49,Kolkata
CLM0046814,KOL_09462,Tollygunge,2019-05-24,15,0,0,0,0,0,0,0,0,0,0.0,0.984029,0,0.0,0,71,4,2,0.6275,0.0116,GREEN,39,Kolkata
CLM0046815,KOL_02800,Tollygunge,2021-11-23,16,0,0,0,0,0,0,0,0,0,1.0,0.27466,0,0.0,0,277,3,1,0.05,0.0226,GREEN,27,Kolkata
CLM0046816,KOL_06408,New Town,2025-06-06,8,0,0,0,0,0,0,0,0,0,0.0,0.34983,0,0.0,0,420,3,1,0.9142,0.036,GREEN,27,Kolkata
CLM0046817,KOL_08156,Sealdah,2025-02-25,11,0,0,0,1,1,1,1,0,0,1.0,0.998443,1,1.0,1,5,0,18,0.3253,0.038,GREEN,20,Kolkata
CLM0046818,KOL_04488,Dum Dum,2025-01-03,13,0,0,0,0,0,0,0,0,0,1.0,0.343342,0,0.0,0,357,0,0,0.6797,0.1324,GREEN,31,Kolkata
CLM0046819,KOL_09523,Behala,2025-05-06,19,0,0,0,0,0,0,1,0,0,0.0,0.87543,0,0.0,0,199,3,3,0.6849,0.0854,GREEN,37,Kolkata
CLM0046820,KOL_01254,Esplanade,2025-04-11,10,0,0,0,0,0,0,0,0,0,0.0,0.230612,0,0.0,0,63,4,0,0.8676,0.0499,GREEN,35,Kolkata
CLM0046821,KOL_05449,Behala,2025-12-30,18,0,0,0,0,0,0,1,0,0,0.0,0.446426,0,0.0,0,36,3,2,0.2539,0.0461,GREEN,39,Kolkata
CLM0046822,KOL_09247,Esplanade,2025-06-08,20,0,0,0,1,1,0,0,0,1,0.0,0.056392,0,0.0,0,17,3,18,0.7839,0.1526,GREEN,44,Kolkata
CLM0046823,KOL_01288,Salt Lake,2024-10-28,9,0,0,0,0,0,0,0,1,0,0.0,0.960172,1,0.0,0,60,0,3,0.5966,0.1365,GREEN,25,Kolkata
CLM0046824,KOL_08215,Behala,2024-06-02,15,0,0,0,1,0,0,0,0,0,0.0,0.368396,0,0.0,0,420,4,0,0.9164,0.2344,GREEN,21,Kolkata
CLM0046825,KOL_01797,Garia,2025-12-01,20,0,0,0,0,1,0,0,1,0,0.0,0.316747,0,0.0,0,420,0,4,0.2593,0.204,GREEN,43,Kolkata
CLM0046826,KOL_00314,Dum Dum,2021-06-06,8,0,0,0,0,0,0,0,0,0,0.0,0.245687,0,0.0,0,23,1,1,0.8324,0.0207,GREEN,42,Kolkata
CLM0046827,KOL_04874,Tollygunge,2019-03-12,21,0,0,0,0,0,0,0,0,0,0.0,0.0,0,0.0,0,420,3,1,0.6693,0.0335,GREEN,40,Kolkata
CLM0046828,KOL_05249,Tollygunge,2022-03-14,11,0,0,0,0,0,0,0,0,0,0.0,1.0,0,0.0,0,30,0,0,0.5134,0.0274,GREEN,26,Kolkata
CLM0046829,KOL_09504,Salt Lake,2020-06-06,10,0,0,0,1,0,0,0,0,0,1.0,0.992637,0,0.0,0,162,2,0,0.4737,0.2025,GREEN,44,Kolkata
CLM0046830,KOL_08262,Sealdah,2020-12-01,14,0,0,0,0,0,1,0,0,0,0.0,0.132984,0,0.0,0,312,1,2,0.4852,0.1109,GREEN,38,Kolkata
CLM0046831,KOL_03131,New Town,2025-02-16,20,0,0,0,0,0,0,0,0,0,0.0,0.332816,0,0.0,0,213,1,1,0.857,0.0132,GREEN,49,Kolkata
CLM0046832,KOL_07554,Tollygunge,2017-11-02,14,0,0,0,0,1,0,0,0,0,0.0,0.219371,0,0.0,0,420,2,3,0.7274,0.1008,GREEN,44,Kolkata
CLM0046833,KOL_02801,Dum Dum,2018-07-04,20,0,0,0,1,0,0,0,0,1,0.0,0.141631,0,0.0,1,386,2,3,0.0864,0.4475,YELLOW,37,Kolkata
CLM0046834,KOL_00050,Tollygunge,2022-07-29,21,0,0,0,1,0,0,0,0,0,0.0,0.163149,0,0.0,1,420,3,3,0.6566,0.2973,GREEN,45,Kolkata
CLM0046835,KOL_01044,Esplanade,2023-10-13,17,0,0,0,1,0,0,0,1,0,0.0,0.141375,0,1.0,0,250,1,1,0.8061,0.2419,GREEN,18,Kolkata
CLM0046836,KOL_07959,Esplanade,2025-01-10,21,0,0,0,0,0,0,0,0,0,0.0,0.304382,0,0.0,0,420,3,5,0.6334,0.0024,GREEN,51,Kolkata
CLM0046837,KOL_02166,Esplanade,2020-11-29,9,0,0,0,0,0,0,0,0,0,0.0,0.0,0,0.0,0,90,1,0,0.536,0.0249,GREEN,35,Kolkata
CLM0046838,KOL_02021,Salt Lake,2021-04-08,13,0,0,0,0,0,0,0,1,0,0.0,0.429267,0,0.0,0,75,2,0,0.7015,0.0312,GREEN,50,Kolkata
CLM0046839,KOL_01398,Tollygunge,2023-06-24,10,0,0,0,0,1,0,1,0,0,1.0,0.982927,0,1.0,0,420,2,0,0.8041,0.1673,GREEN,39,Kolkata
CLM0046840,KOL_04210,Dum Dum,2024-02-18,11,0,0,0,1,0,0,0,0,0,0.0,0.392985,1,0.0,0,416,2,3,0.98,0.2131,GREEN,38,Kolkata
CLM0046841,KOL_03615,Salt Lake,2023-07-04,20,0,0,0,0,0,1,0,0,0,0.0,0.315675,0,0.0,0,108,1,5,0.7541,0.1096,GREEN,46,Kolkata
CLM0046842,KOL_06978,Behala,2022-02-13,21,0,0,0,0,0,0,0,1,0,0.0,0.170674,0,0.0,0,287,3,0,0.624,0.0771,GREEN,39,Kolkata
CLM0046843,KOL_05072,Dum Dum,2023-03-01,17,0,0,0,0,0,0,0,0,0,0.0,0.342656,1,0.0,0,420,4,1,0.7313,0.1304,GREEN,44,Kolkata
CLM0046844,KOL_08587,Garia,2024-01-29,11,0,0,0,0,0,0,0,0,0,0.0,0.98986,0,0.0,0,384,0,6,0.98,0.0838,GREEN,29,Kolkata
CLM0046845,KOL_08375,Garia,2021-12-07,7,0,0,0,0,0,1,0,0,0,0.0,0.255753,0,0.0,0,302,3,5,0.4875,0.0955,GREEN,40,Kolkata
CLM0046846,KOL_00328,Esplanade,2024-10-28,7,0,0,0,0,0,0,0,0,0,0.0,0.384226,0,0.0,0,201,2,3,0.574,0.1123,GREEN,20,Kolkata
CLM0046847,KOL_08774,Howrah,2019-03-25,15,0,0,0,0,0,0,0,1,0,0.0,0.398837,0,0.0,0,133,1,2,0.1956,0.2243,GREEN,32,Kolkata
CLM0046848,KOL_09220,Sealdah,2022-07-31,9,0,0,0,1,0,0,0,0,0,0.0,1.0,0,1.0,0,196,0,1,0.9448,0.1816,GREEN,40,Kolkata
CLM0046849,KOL_04701,New Town,2020-11-21,12,0,0,0,0,0,1,0,1,0,0.0,0.351087,0,0.0,1,105,2,4,0.9195,0.289,GREEN,44,Kolkata
CLM0046850,KOL_00041,Park Street,2023-02-02,9,0,0,0,0,0,0,0,0,0,0.0,0.115297,0,0.0,0,46,3,3,0.9154,0.0146,GREEN,23,Kolkata
CLM0046851,KOL_05493,Tollygunge,2022-07-17,19,0,0,0,0,1,0,1,1,1,0.0,0.041603,1,0.0,0,26,4,18,0.8832,0.0185,GREEN,45,Kolkata
CLM0046852,KOL_07652,Salt Lake,2024-09-29,11,0,0,0,0,0,0,0,0,0,1.0,0.030906,0,0.0,0,382,3,0,0.7555,0.1568,GREEN,26,Kolkata
CLM0046853,KOL_08809,Tollygunge,2020-06-15,20,0,0,0,0,0,0,0,1,0,0.0,0.161098,0,0.0,0,362,1,2,0.69,0.0915,GREEN,36,Kolkata
CLM0046854,KOL_05706,Salt Lake,2024-08-28,10,0,0,0,0,0,0,0,0,0,0.0,0.19766,0,0.0,0,244,1,3,0.4853,0.0,GREEN,27,Kolkata
CLM0046855,KOL_05450,Dum Dum,2023-02-25,19,0,0,0,0,0,1,0,0,0,0.0,0.093613,0,1.0,0,58,3,1,0.6208,0.134,GREEN,42,Kolkata
CLM0046856,KOL_05554,Salt Lake,2024-08-27,7,0,0,0,0,0,0,0,0,1,0.0,0.217942,0,0.0,0,386,4,0,0.98,0.1219,GREEN,48,Kolkata
CLM0046857,KOL_07098,New Town,2024-09-26,13,0,0,0,0,0,0,1,0,0,0.0,0.112352,0,0.0,0,420,4,1,0.8077,0.0376,GREEN,28,Kolkata
CLM0046858,KOL_02795,Behala,2024-10-22,21,0,0,0,0,0,0,0,0,0,0.0,0.089931,0,0.0,0,80,2,1,0.5412,0.0,GREEN,21,Kolkata
CLM0046859,KOL_07798,Esplanade,2025-05-23,9,0,0,0,0,0,0,0,0,0,0.0,0.403051,0,0.0,0,174,2,5,0.5994,0.0012,GREEN,45,Kolkata
CLM0046860,KOL_08361,Howrah,2025-01-26,18,0,0,0,0,0,0,0,0,0,0.0,0.027781,0,0.0,0,218,4,1,0.859,0.1183,GREEN,18,Kolkata
CLM0046861,KOL_00112,New Town,2025-10-22,8,0,0,0,0,0,0,0,0,0,0.0,0.384549,0,1.0,0,420,0,5,0.0895,0.0011,GREEN,21,Kolkata
CLM0046862,KOL_09413,Howrah,2025-02-23,12,0,0,0,0,0,0,0,0,0,0.0,0.385979,0,0.0,0,45,0,0,0.633,0.0746,GREEN,23,Kolkata
CLM0046863,KOL_03579,New Town,2024-07-02,9,0,0,0,0,0,0,0,0,0,0.0,0.2699,0,0.0,0,420,4,1,0.9642,0.0409,GREEN,53,Kolkata
CLM0046864,KOL_04352,New Town,2025-11-07,12,0,0,0,0,0,0,0,0,0,0.0,0.474982,0,0.0,0,305,3,0,0.7277,0.0437,GREEN,48,Kolkata
CLM0046865,KOL_08901,Garia,2021-01-29,15,0,0,0,0,0,0,0,0,0,0.0,0.453031,0,0.0,0,202,1,7,0.8416,0.0298,GREEN,39,Kolkata
CLM0046866,KOL_02596,Behala,2024-10-14,14,0,0,0,0,0,0,1,0,0,0.0,0.0,0,0.0,0,416,3,0,0.7521,0.097,GREEN,36,Kolkata
CLM0046867,KOL_04878,Garia,2024-05-12,16,0,0,0,0,0,0,0,1,0,0.0,0.154638,0,0.0,0,206,2,0,0.8718,0.0702,GREEN,23,Kolkata
CLM0046868,KOL_07428,Sealdah,2024-09-23,16,0,0,0,1,0,0,0,1,0,1.0,0.071394,0,0.0,0,355,4,2,0.525,0.3101,YELLOW,41,Kolkata
CLM0046869,KOL_00013,Salt Lake,2023-09-10,11,0,0,0,0,0,0,0,0,0,1.0,0.202017,0,0.0,0,261,3,2,0.5042,0.0184,GREEN,52,Kolkata
CLM0046870,KOL_02778,New Town,2021-02-22,9,0,0,0,0,0,0,0,0,0,0.0,0.259376,0,0.0,0,77,0,2,0.9158,0.0798,GREEN,30,Kolkata
CLM0046871,KOL_08015,Dum Dum,2023-03-22,19,0,0,0,0,0,0,0,0,0,0.0,0.256309,0,0.0,0,235,2,2,0.6957,0.0,GREEN,18,Kolkata
CLM0046872,KOL_09400,Salt Lake,2022-03-15,14,0,0,0,0,0,0,0,0,0,1.0,0.34667,0,0.0,0,238,0,3,0.7275,0.0099,GREEN,29,Kolkata
CLM0046873,KOL_09695,Dum Dum,2021-01-03,14,0,0,0,1,1,1,1,0,1,1.0,0.932508,1,0.0,1,17,2,18,0.05,0.1068,GREEN,42,Kolkata
CLM0046874,KOL_05151,Park Street,2025-08-09,14,0,0,0,0,0,0,0,0,0,0.0,0.260213,0,0.0,0,354,0,0,0.2191,0.0,GREEN,42,Kolkata
CLM0046875,KOL_00305,Behala,2020-09-23,20,0,0,0,0,1,0,0,0,0,0.0,0.281414,0,0.0,0,51,3,0,0.8484,0.2227,GREEN,41,Kolkata
CLM0046876,KOL_06654,Dum Dum,2025-08-17,7,0,0,0,0,0,1,0,0,0,0.0,0.0,0,0.0,0,117,4,5,0.2683,0.1054,GREEN,55,Kolkata
CLM0046877,KOL_05905,Tollygunge,2024-11-20,18,0,1,1,0,0,0,0,0,0,0.0,1.0,0,0.0,0,348,1,3,0.5478,0.0252,GREEN,18,Kolkata
CLM0046878,KOL_00369,Esplanade,2025-04-11,19,0,0,0,0,0,0,0,0,0,0.0,0.122042,0,0.0,0,5,0,0,0.7144,0.0088,GREEN,47,Kolkata
CLM0046879,KOL_00879,Salt Lake,2025-07-21,9,0,0,0,0,0,0,0,0,0,0.0,0.288221,0,0.0,0,420,1,1,0.96,0.0287,GREEN,21,Kolkata
CLM0046880,KOL_06234,Garia,2021-12-03,15,0,0,0,0,0,1,0,0,0,0.0,0.071651,0,0.0,0,28,2,0,0.5757,0.0,GREEN,25,Kolkata
CLM0046881,KOL_02301,Garia,2021-03-28,17,0,0,0,0,0,0,0,0,0,0.0,0.199907,0,0.0,0,420,4,0,0.9554,0.0398,GREEN,46,Kolkata
CLM0046882,KOL_02300,Sealdah,2025-11-08,20,0,0,0,0,0,0,0,1,0,0.0,0.044732,0,0.0,1,301,4,3,0.5525,0.1792,GREEN,32,Kolkata
CLM0046883,KOL_04941,Dum Dum,2019-07-29,10,0,0,0,1,0,0,1,0,0,0.0,0.23037,0,0.0,0,283,0,0,0.8237,0.1747,GREEN,24,Kolkata
CLM0046884,KOL_09222,Garia,2023-10-04,16,0,0,0,0,0,0,0,0,0,0.0,0.171703,0,0.0,0,188,4,2,0.05,0.052,GREEN,28,Kolkata
CLM0046885,KOL_05455,Howrah,2025-08-30,13,0,0,0,0,0,1,0,0,0,0.0,0.102592,0,0.0,0,369,4,0,0.9699,0.1416,GREEN,24,Kolkata
CLM0046886,KOL_03584,Sealdah,2025-08-07,18,0,0,0,0,1,1,0,0,0,0.0,0.0,0,0.0,0,87,0,0,0.6551,0.1688,GREEN,42,Kolkata
CLM0046887,KOL_07431,Sealdah,2025-06-13,9,0,0,0,0,0,1,0,0,0,0.0,0.146027,0,0.0,0,113,0,1,0.7577,0.0249,GREEN,40,Kolkata
CLM0046888,KOL_07618,Sealdah,2024-01-27,14,0,0,0,0,0,1,0,0,0,0.0,0.162587,0,0.0,0,346,0,0,0.8813,0.0681,GREEN,42,Kolkata
CLM0046889,KOL_06882,New Town,2021-10-13,12,0,0,0,0,0,0,0,0,1,0.0,0.323926,0,0.0,0,410,2,6,0.7041,0.1735,GREEN,38,Kolkata
CLM0046890,KOL_06739,Dum Dum,2024-05-30,21,0,0,0,0,0,0,0,0,0,0.0,0.063071,0,0.0,0,203,1,2,0.8609,0.0,GREEN,39,Kolkata
CLM0046891,KOL_02706,Howrah,2023-03-17,7,0,0,0,0,0,0,0,0,0,0.0,0.228657,0,0.0,0,420,2,2,0.3428,0.0,GREEN,54,Kolkata
CLM0046892,KOL_03830,Behala,2022-02-25,13,0,0,0,0,0,0,0,0,0,0.0,0.164231,0,0.0,0,127,4,6,0.6477,0.0,GREEN,39,Kolkata
CLM0046893,KOL_09102,Tollygunge,2022-02-22,10,0,0,0,0,0,0,0,0,0,0.0,0.21515,0,0.0,0,415,2,5,0.1185,0.0498,GREEN,31,Kolkata
CLM0046894,KOL_03948,Salt Lake,2023-05-28,12,0,0,0,0,0,0,0,0,0,0.0,0.10189,0,0.0,1,184,3,1,0.7122,0.0,GREEN,20,Kolkata
CLM0046895,KOL_02889,Garia,2024-12-12,16,0,0,0,0,0,0,0,0,0,1.0,0.053928,0,0.0,0,71,3,1,0.8182,0.063,GREEN,40,Kolkata
CLM0046896,KOL_02870,Behala,2025-08-18,21,0,0,0,0,0,0,0,0,0,0.0,0.353062,1,0.0,0,389,3,0,0.8004,0.2605,GREEN,33,Kolkata
CLM0046897,KOL_03672,Dum Dum,2023-10-03,19,0,0,0,0,0,0,0,1,0,0.0,0.246404,0,0.0,0,420,0,0,0.6845,0.0344,GREEN,45,Kolkata
CLM0046898,KOL_09057,Sealdah,2024-11-20,12,0,0,0,0,0,0,0,0,0,1.0,0.910529,0,1.0,0,420,3,2,0.54,0.0582,GREEN,40,Kolkata
CLM0046899,KOL_05704,Esplanade,2021-10-24,12,0,0,0,0,0,0,0,0,0,0.0,0.186932,0,0.0,0,9,0,2,0.8076,0.0843,GREEN,18,Kolkata
CLM0046900,KOL_01098,Tollygunge,2024-10-16,12,0,0,0,0,1,0,0,0,0,0.0,0.0,0,0.0,1,369,4,4,0.5183,0.2736,GREEN,25,Kolkata
CLM0046901,KOL_03629,Park Street,2025-05-24,21,0,0,0,0,0,0,0,0,0,0.0,0.087771,0,0.0,0,420,2,0,0.8903,0.133,GREEN,38,Kolkata
CLM0046902,KOL_04170,Garia,2023-05-14,17,0,0,0,0,0,0,0,0,0,0.0,0.117831,0,0.0,0,420,4,4,0.8671,0.0167,GREEN,47,Kolkata
CLM0046903,KOL_05143,Esplanade,2024-05-31,20,0,0,0,0,0,0,0,0,0,0.0,0.18326,0,0.0,0,420,3,0,0.544,0.0034,GREEN,34,Kolkata
CLM0046904,KOL_07104,Howrah,2022-04-24,16,0,0,0,0,0,1,0,0,1,0.0,1.0,0,0.0,0,330,1,5,0.9783,0.241,GREEN,20,Kolkata
CLM0046905,KOL_05935,Tollygunge,2021-04-23,10,0,0,0,0,0,0,0,0,0,0.0,0.092591,0,0.0,0,322,4,0,0.6935,0.0,GREEN,30,Kolkata
CLM0046906,KOL_01988,Esplanade,2023-03-02,16,0,0,0,0,0,0,1,0,0,0.0,0.100035,0,0.0,0,355,2,3,0.2952,0.1761,GREEN,34,Kolkata
CLM0046907,KOL_06060,Sealdah,2024-03-12,16,0,0,0,0,0,0,1,0,0,0.0,0.0,0,0.0,0,174,3,3,0.3865,0.0,GREEN,41,Kolkata
CLM0046908,KOL_00798,Park Street,2025-02-28,15,0,0,0,0,0,1,0,0,0,1.0,0.085756,0,0.0,0,386,2,0,0.98,0.1452,GREEN,45,Kolkata
CLM0046909,KOL_02092,Behala,2024-01-17,11,0,0,0,0,0,1,0,0,0,0.0,0.189555,1,0.0,0,44,4,0,0.8607,0.1458,GREEN,24,Kolkata
CLM0046910,KOL_00171,Salt Lake,2023-07-23,12,0,0,0,0,0,0,0,0,1,1.0,0.337766,0,0.0,0,193,2,5,0.9691,0.2353,GREEN,39,Kolkata
CLM0046911,KOL_09216,Sealdah,2025-11-05,19,0,0,0,0,0,0,0,0,0,0.0,0.221747,0,0.0,0,347,3,3,0.7702,0.0,GREEN,31,Kolkata
CLM0046912,KOL_08305,Salt Lake,2025-04-12,9,0,0,0,0,0,0,0,0,0,1.0,0.268278,0,0.0,0,55,4,0,0.8909,0.0384,GREEN,35,Kolkata
CLM0046913,KOL_07689,Esplanade,2022-12-14,16,0,0,0,0,0,0,0,1,0,0.0,0.344558,0,0.0,0,14,2,0,0.6452,0.0,GREEN,32,Kolkata
CLM0046914,KOL_03898,Sealdah,2020-11-18,11,0,0,0,0,0,0,0,0,0,0.0,0.071657,0,1.0,0,194,0,0,0.8754,0.1609,GREEN,39,Kolkata
CLM0046915,KOL_05579,Park Street,2020-02-26,16,0,0,0,0,0,0,0,0,0,0.0,0.104692,0,0.0,0,92,2,4,0.586,0.0179,GREEN,53,Kolkata
CLM0046916,KOL_09322,Howrah,2022-12-10,10,0,0,0,0,0,1,0,0,0,0.0,0.321717,0,0.0,0,184,0,0,0.3471,0.1011,GREEN,19,Kolkata
CLM0046917,KOL_03877,Garia,2019-05-10,14,0,0,0,0,0,0,0,0,0,0.0,0.354324,0,0.0,0,82,1,1,0.8358,0.0,GREEN,38,Kolkata
CLM0046918,KOL_07654,Sealdah,2025-03-25,18,0,0,0,0,0,0,0,0,0,0.0,0.180904,0,0.0,0,241,1,1,0.7638,0.0,GREEN,45,Kolkata
CLM0046919,KOL_00369,Esplanade,2023-10-20,10,0,0,0,0,0,0,0,0,0,0.0,0.136929,0,0.0,0,332,3,4,0.6958,0.0454,GREEN,47,Kolkata
CLM0046920,KOL_09560,Tollygunge,2021-05-10,16,0,0,0,0,0,0,0,0,0,0.0,0.119417,0,1.0,0,97,1,2,0.8258,0.053,GREEN,37,Kolkata
CLM0046921,KOL_01194,Behala,2020-11-17,17,0,0,0,0,0,0,0,0,0,1.0,1.0,0,0.0,0,338,1,6,0.971,0.0199,GREEN,40,Kolkata
CLM0046922,KOL_01566,Tollygunge,2025-01-26,11,0,0,0,0,0,0,0,0,0,0.0,0.42192,0,0.0,0,33,0,6,0.205,0.0329,GREEN,42,Kolkata
CLM0046923,KOL_00460,Park Street,2025-05-29,19,0,0,0,1,0,0,0,0,0,0.0,1.0,0,0.0,0,325,2,4,0.8731,0.0891,GREEN,38,Kolkata
CLM0046924,KOL_04175,Tollygunge,2024-04-05,16,0,0,0,1,0,0,0,0,0,0.0,0.018561,0,0.0,0,273,4,5,0.5234,0.16,GREEN,24,Kolkata
CLM0046925,KOL_04627,Park Street,2020-03-03,17,0,0,0,0,0,0,0,1,0,0.0,0.089975,0,0.0,0,202,1,0,0.3002,0.0739,GREEN,56,Kolkata
CLM0046926,KOL_09992,New Town,2025-06-26,14,0,1,1,0,0,0,0,1,0,0.0,0.072761,0,0.0,0,31,4,1,0.6292,0.0718,GREEN,26,Kolkata
CLM0046927,KOL_05130,Salt Lake,2020-04-19,13,0,0,0,0,0,0,0,0,0,0.0,0.155455,0,0.0,0,259,0,3,0.9712,0.0032,GREEN,41,Kolkata
CLM0046928,KOL_08778,Sealdah,2019-02-02,9,0,0,0,0,0,0,0,0,0,0.0,0.232106,0,0.0,0,420,0,1,0.7421,0.0476,GREEN,33,Kolkata
CLM0046929,KOL_06978,Behala,2020-07-29,8,0,0,0,0,0,0,0,0,0,0.0,0.248914,0,0.0,0,30,2,2,0.7942,0.0565,GREEN,39,Kolkata
CLM0046930,KOL_09090,Dum Dum,2024-07-21,9,0,0,0,0,0,0,0,0,0,0.0,1.0,0,0.0,0,277,2,3,0.05,0.0394,GREEN,32,Kolkata
CLM0046931,KOL_06420,Park Street,2025-09-25,16,0,0,0,0,0,0,0,0,0,0.0,0.319782,0,0.0,0,154,1,1,0.4444,0.0055,GREEN,30,Kolkata
CLM0046932,KOL_09709,Park Street,2025-02-21,16,0,0,0,0,0,0,0,0,0,0.0,0.391322,0,0.0,0,224,0,0,0.7204,0.1379,GREEN,48,Kolkata
CLM0046933,KOL_05987,Park Street,2025-07-19,13,0,0,0,0,0,0,0,0,0,0.0,0.4274,0,1.0,0,362,2,2,0.4955,0.0122,GREEN,43,Kolkata
CLM0046934,KOL_07773,Howrah,2025-05-04,12,0,0,0,1,1,0,1,1,0,0.0,1.0,0,1.0,1,25,0,18,0.8837,0.0345,GREEN,21,Kolkata
CLM0046935,KOL_05039,New Town,2025-12-12,7,0,0,0,0,0,0,0,0,0,0.0,0.396383,0,0.0,0,176,3,3,0.4931,0.0826,GREEN,24,Kolkata
CLM0046936,KOL_07393,Esplanade,2025-05-07,14,0,0,0,0,0,0,0,0,0,0.0,0.193403,0,0.0,0,177,4,0,0.1714,0.0426,GREEN,34,Kolkata
CLM0046937,KOL_05839,Behala,2024-11-25,16,0,0,0,0,0,1,0,1,0,0.0,0.096232,0,0.0,0,126,1,2,0.05,0.157,GREEN,41,Kolkata
CLM0046938,KOL_06154,Garia,2025-05-27,9,0,0,0,1,0,1,0,0,0,1.0,0.0,0,0.0,0,276,1,0,0.6822,0.2539,GREEN,30,Kolkata
CLM0046939,KOL_01448,Tollygunge,2025-01-27,8,0,0,0,0,0,0,0,0,0,0.0,0.387455,0,0.0,0,222,3,2,0.511,0.0,GREEN,45,Kolkata
CLM0046940,KOL_08184,Tollygunge,2022-05-18,17,0,1,1,0,1,0,0,1,1,0.0,1.0,0,1.0,1,6,2,18,0.1461,0.6403,RED,36,Kolkata
CLM0046941,KOL_02198,Park Street,2025-02-21,11,0,1,1,1,1,1,1,1,1,1.0,0.907446,0,1.0,1,5,0,18,0.882,0.7503,RED,55,Kolkata
CLM0046942,KOL_04727,Esplanade,2022-09-06,21,0,1,1,1,1,1,1,0,0,0.0,0.998876,1,0.0,0,33,1,10,0.3537,0.5961,YELLOW,23,Kolkata
CLM0046943,KOL_02648,Sealdah,2024-03-01,7,0,1,1,0,0,0,1,1,0,1.0,1.0,1,0.0,1,27,0,18,0.3393,0.2588,GREEN,19,Kolkata
CLM0046944,KOL_03582,Howrah,2023-09-09,8,0,1,1,0,1,0,1,1,0,1.0,0.976197,0,1.0,0,64,1,18,0.272,0.5156,YELLOW,42,Kolkata
CLM0046945,KOL_05506,Esplanade,2025-11-18,19,0,1,1,0,1,1,1,0,0,0.0,0.096195,1,0.0,1,15,2,18,0.907,0.6392,RED,35,Kolkata
CLM0046946,KOL_07419,Dum Dum,2023-04-19,11,0,1,1,0,1,0,1,1,1,0.0,1.0,1,1.0,1,19,0,18,0.05,0.7342,RED,19,Kolkata
CLM0046947,KOL_02770,Tollygunge,2025-04-16,12,0,0,0,0,0,0,0,0,0,0.0,0.348906,0,0.0,0,248,0,4,0.7216,0.0495,GREEN,32,Kolkata
CLM0046948,KOL_02983,Behala,2025-11-15,7,0,0,0,0,0,0,0,0,0,0.0,0.103894,0,0.0,0,340,1,3,0.7032,0.0146,GREEN,30,Kolkata
CLM0046949,KOL_04485,Behala,2025-07-25,12,0,0,0,0,0,0,0,0,0,0.0,0.469635,0,0.0,0,280,0,2,0.7012,0.0,GREEN,44,Kolkata
CLM0046950,KOL_06553,Sealdah,2023-09-07,14,0,0,0,0,0,0,0,0,0,0.0,0.326003,0,0.0,0,118,0,6,0.5662,0.0,GREEN,25,Kolkata
CLM0046951,KOL_02735,Garia,2022-07-08,11,0,0,0,1,1,1,1,1,1,1.0,0.977684,0,1.0,0,5,3,18,0.2624,0.1047,GREEN,29,Kolkata
CLM0046952,KOL_05564,Garia,2022-10-14,16,0,0,0,0,0,1,0,0,0,1.0,0.137238,0,0.0,0,203,2,1,0.601,0.1838,GREEN,38,Kolkata
CLM0046953,KOL_02032,New Town,2022-09-10,12,0,1,1,0,0,0,0,0,0,0.0,0.047612,0,0.0,0,412,4,0,0.9128,0.1297,GREEN,38,Kolkata
CLM0046954,KOL_09911,Garia,2022-04-25,12,0,0,0,0,0,0,0,0,0,0.0,0.203818,0,0.0,0,149,2,5,0.7158,0.0,GREEN,18,Kolkata
CLM0046955,KOL_06530,Tollygunge,2024-12-13,13,0,0,0,0,0,0,0,0,0,0.0,0.054769,0,0.0,0,71,3,4,0.6581,0.0508,GREEN,21,Kolkata
CLM0046956,KOL_05789,Park Street,2022-12-02,16,0,0,0,0,0,0,0,0,0,0.0,0.238953,0,0.0,0,241,3,0,0.05,0.0,GREEN,18,Kolkata
CLM0046957,KOL_02336,Garia,2023-10-16,12,0,0,0,1,0,0,0,0,0,0.0,0.070659,0,0.0,0,322,1,4,0.7809,0.2163,GREEN,44,Kolkata
CLM0046958,KOL_02048,New Town,2020-07-06,15,0,0,0,0,0,0,0,0,0,0.0,0.067059,1,0.0,0,101,4,0,0.8741,0.1212,GREEN,21,Kolkata
CLM0046959,KOL_01071,Sealdah,2019-11-10,12,0,0,0,0,0,0,0,0,0,0.0,0.185905,0,0.0,0,361,2,5,0.7788,0.0,GREEN,25,Kolkata
CLM0046960,KOL_05420,Sealdah,2021-11-22,17,0,0,0,0,0,0,0,0,0,0.0,0.243723,0,0.0,0,159,4,2,0.7209,0.0,GREEN,49,Kolkata
CLM0046961,KOL_06944,Tollygunge,2019-03-15,10,0,0,0,0,0,0,0,0,0,1.0,1.0,0,1.0,0,199,0,1,0.8123,0.0,GREEN,45,Kolkata
CLM0046962,KOL_05095,Behala,2018-01-23,7,0,1,1,0,0,0,0,0,0,0.0,0.347779,0,0.0,1,420,4,8,0.3383,0.0473,GREEN,41,Kolkata
CLM0046963,KOL_00461,Esplanade,2025-10-01,13,0,0,0,0,0,0,0,0,0,0.0,0.0,0,0.0,0,171,0,1,0.98,0.0377,GREEN,29,Kolkata
CLM0046964,KOL_08466,Behala,2018-07-13,15,0,0,0,0,0,0,0,0,0,0.0,0.39251,0,0.0,0,223,2,1,0.9253,0.1084,GREEN,41,Kolkata
CLM0046965,KOL_00164,Tollygunge,2023-08-09,15,0,0,0,0,0,1,0,0,0,0.0,0.923886,1,0.0,0,420,0,4,0.705,0.239,GREEN,37,Kolkata
CLM0046966,KOL_00257,Behala,2021-05-09,18,0,0,0,0,0,0,0,0,0,0.0,0.04984,0,0.0,0,420,2,4,0.908,0.0214,GREEN,37,Kolkata
CLM0046967,KOL_00061,New Town,2018-10-09,13,0,0,0,0,0,0,0,0,0,0.0,0.394168,0,0.0,0,231,2,0,0.6095,0.0,GREEN,46,Kolkata
CLM0046968,KOL_06491,New Town,2022-12-10,11,0,0,0,0,0,0,0,0,1,0.0,0.288092,0,0.0,0,322,2,1,0.9693,0.0,GREEN,37,Kolkata
CLM0046969,KOL_06369,Park Street,2024-01-09,18,0,0,0,0,0,0,0,0,0,1.0,0.277516,0,0.0,0,184,2,1,0.5307,0.0582,GREEN,40,Kolkata
CLM0046970,KOL_08094,Dum Dum,2024-09-29,17,0,0,0,0,0,0,1,0,0,0.0,0.908455,0,0.0,0,312,2,0,0.9393,0.0489,GREEN,21,Kolkata
CLM0046971,KOL_09081,New Town,2025-03-22,19,0,0,0,0,0,0,0,0,0,0.0,0.112327,0,0.0,1,239,0,6,0.6516,0.108,GREEN,40,Kolkata
CLM0046972,KOL_06188,Dum Dum,2022-10-20,11,0,0,0,0,0,0,0,1,0,0.0,0.311182,0,1.0,0,207,0,0,0.8381,0.1232,GREEN,18,Kolkata
CLM0046973,KOL_01312,Behala,2025-09-19,11,0,0,0,0,0,0,0,0,0,0.0,0.091708,0,0.0,1,323,0,5,0.5705,0.0549,GREEN,38,Kolkata
CLM0046974,KOL_02783,Park Street,2024-11-19,19,0,0,0,0,0,1,0,0,0,0.0,0.312233,0,0.0,0,230,3,1,0.1654,0.1288,GREEN,22,Kolkata
CLM0046975,KOL_09963,Esplanade,2024-08-14,16,0,0,0,0,0,0,0,0,1,0.0,1.0,0,0.0,0,366,2,1,0.9297,0.2046,GREEN,21,Kolkata
CLM0046976,KOL_04405,Behala,2020-10-22,19,0,0,0,0,0,0,0,0,0,1.0,0.24927,0,0.0,0,11,0,2,0.7304,0.0647,GREEN,18,Kolkata
CLM0046977,KOL_05214,Sealdah,2024-12-08,21,0,0,0,0,0,1,0,0,0,0.0,0.983513,0,0.0,0,141,4,0,0.3913,0.1592,GREEN,33,Kolkata
CLM0046978,KOL_09517,Salt Lake,2020-05-06,20,0,0,0,0,0,0,0,0,0,0.0,0.255012,0,0.0,0,65,3,0,0.124,0.0,GREEN,29,Kolkata
CLM0046979,KOL_04532,Garia,2019-01-04,8,0,0,0,0,0,0,0,0,0,0.0,0.161637,0,0.0,0,246,4,3,0.5387,0.0,GREEN,35,Kolkata
CLM0046980,KOL_08466,Behala,2020-11-21,17,0,0,0,0,0,0,0,0,0,0.0,0.07993,0,0.0,0,155,4,6,0.7992,0.0319,GREEN,41,Kolkata
CLM0046981,KOL_07593,New Town,2023-10-19,13,0,0,0,0,0,1,0,0,0,0.0,0.317899,0,0.0,0,126,0,6,0.98,0.0978,GREEN,30,Kolkata
CLM0046982,KOL_04388,Sealdah,2018-07-09,13,0,0,0,0,0,0,0,0,0,1.0,0.250939,0,0.0,0,299,2,5,0.8022,0.0,GREEN,45,Kolkata
CLM0046983,KOL_01820,Garia,2024-07-03,13,0,0,0,0,0,0,0,0,0,0.0,0.148025,1,0.0,0,87,1,0,0.7771,0.0791,GREEN,47,Kolkata
CLM0046984,KOL_02037,Behala,2024-07-16,17,0,0,0,0,0,0,1,0,0,0.0,0.356891,0,0.0,0,258,2,1,0.6279,0.0289,GREEN,44,Kolkata
CLM0046985,KOL_01630,Park Street,2025-10-13,14,0,0,0,0,0,1,0,0,0,0.0,0.0,0,0.0,0,74,0,1,0.1982,0.1543,GREEN,34,Kolkata
CLM0046986,KOL_05382,Howrah,2015-12-28,12,0,0,0,0,0,1,0,0,0,0.0,0.246253,0,0.0,0,420,3,3,0.5827,0.1616,GREEN,18,Kolkata
CLM0046987,KOL_07191,Behala,2019-08-30,19,0,0,0,0,0,0,0,0,0,0.0,0.192048,1,0.0,0,355,0,4,0.8448,0.0,GREEN,20,Kolkata
CLM0046988,KOL_01931,Esplanade,2021-12-04,12,1,0,0,0,0,0,0,0,0,0.0,0.107923,0,0.0,0,134,4,3,0.5449,0.0204,GREEN,35,Kolkata
CLM0046989,KOL_08224,Howrah,2024-03-15,14,0,0,0,0,0,0,0,0,0,0.0,0.16682,0,0.0,0,52,2,0,0.98,0.0177,GREEN,22,Kolkata
CLM0046990,KOL_02412,Dum Dum,2024-03-04,13,0,0,0,0,0,0,0,0,0,0.0,0.339943,0,0.0,0,340,1,0,0.7382,0.0,GREEN,30,Kolkata
CLM0046991,KOL_09299,Sealdah,2023-08-09,21,0,0,0,0,0,0,0,0,0,0.0,0.09298,0,0.0,0,405,2,5,0.98,0.0497,GREEN,25,Kolkata
CLM0046992,KOL_01440,Howrah,2023-12-02,19,0,0,0,0,0,1,0,1,0,0.0,0.418541,0,1.0,0,119,3,2,0.6472,0.2196,GREEN,18,Kolkata
CLM0046993,KOL_05204,Garia,2024-06-02,13,0,0,0,1,1,0,0,0,0,1.0,0.086048,0,1.0,0,151,4,0,0.05,0.4034,YELLOW,37,Kolkata
CLM0046994,KOL_09441,Tollygunge,2025-12-25,17,0,0,0,1,0,0,0,0,0,0.0,0.101723,0,0.0,1,127,3,3,0.98,0.2532,GREEN,59,Kolkata
CLM0046995,KOL_06140,Behala,2021-08-31,12,0,1,1,0,0,0,0,0,0,0.0,0.003435,0,0.0,0,89,2,1,0.7047,0.2003,GREEN,43,Kolkata
CLM0046996,KOL_09883,Garia,2025-01-17,18,0,0,0,0,0,0,0,0,0,0.0,0.378341,0,0.0,0,420,0,2,0.7872,0.0,GREEN,50,Kolkata
CLM0046997,KOL_07176,Dum Dum,2022-04-07,16,0,0,0,1,0,1,0,1,0,0.0,0.969813,0,0.0,1,176,3,4,0.5477,0.3985,YELLOW,42,Kolkata
CLM0046998,KOL_01886,Sealdah,2021-02-03,21,0,0,0,0,0,0,1,0,0,0.0,0.340044,0,0.0,0,420,2,3,0.6304,0.1514,GREEN,35,Kolkata
CLM0046999,KOL_04669,Behala,2025-12-11,12,0,0,0,0,0,0,0,0,0,0.0,0.409261,0,0.0,0,399,3,3,0.9738,0.0,GREEN,27,Kolkata
CLM0047000,KOL_04920,Park Street,2021-10-02,17,0,0,0,0,0,0,0,0,0,0.0,0.224298,0,0.0,0,81,3,1,0.5514,0.0215,GREEN,39,Kolkata
CLM0047001,KOL_03681,Salt Lake,2020-12-15,8,0,0,0,0,0,0,0,0,0,0.0,0.04891,0,0.0,0,420,4,0,0.2446,0.0258,GREEN,37,Kolkata
CLM0047002,KOL_08864,Park Street,2023-09-06,15,0,1,1,1,1,1,0,1,1,0.0,0.13073,0,0.0,1,14,2,18,0.9242,0.6907,RED,55,Kolkata
CLM0047003,KOL_03437,New Town,2023-11-10,14,0,1,1,1,0,1,1,1,1,0.0,0.061293,1,0.0,0,17,1,15,0.98,0.6772,RED,40,Kolkata
CLM0047004,KOL_08239,Dum Dum,2025-07-25,7,0,1,1,1,1,1,1,0,0,1.0,0.029194,0,1.0,1,18,1,18,0.2306,0.6059,YELLOW,50,Kolkata
CLM0047005,KOL_05816,Tollygunge,2024-08-28,18,0,1,1,1,1,1,1,1,1,0.0,0.018741,0,0.0,0,31,0,18,0.9421,0.8194,RED,32,Kolkata
CLM0047006,KOL_05370,Park Street,2024-08-05,21,0,1,1,1,1,1,0,0,1,1.0,1.0,1,0.0,1,5,0,18,0.2316,0.7085,RED,53,Kolkata
CLM0047007,KOL_07236,Howrah,2025-06-20,13,0,1,1,1,1,1,0,1,1,1.0,0.0,0,1.0,1,28,0,18,0.5469,0.8684,RED,43,Kolkata
CLM0047008,KOL_03933,Dum Dum,2020-08-29,11,0,0,0,1,0,0,0,0,0,0.0,0.04689,0,0.0,1,401,3,3,0.7713,0.2539,GREEN,42,Kolkata
CLM0047009,KOL_08171,New Town,2020-09-02,13,0,0,0,0,0,0,0,0,0,0.0,0.262161,0,0.0,0,12,3,3,0.98,0.0,GREEN,41,Kolkata
CLM0047010,KOL_09951,Behala,2022-03-08,16,0,0,0,0,0,0,0,0,0,0.0,0.016774,0,0.0,0,247,0,0,0.8197,0.0615,GREEN,18,Kolkata
CLM0047011,KOL_04772,Salt Lake,2024-03-28,17,0,0,0,0,1,0,0,0,0,0.0,0.97975,0,0.0,0,136,3,3,0.6236,0.1022,GREEN,39,Kolkata
CLM0047012,KOL_00483,Dum Dum,2023-11-04,17,0,0,0,0,0,0,0,0,0,0.0,0.309769,0,0.0,0,211,3,1,0.6712,0.0256,GREEN,48,Kolkata
CLM0047013,KOL_03044,Dum Dum,2022-01-03,10,0,0,0,0,0,0,0,1,1,0.0,0.270978,0,0.0,0,420,0,4,0.6426,0.2482,GREEN,42,Kolkata
CLM0047014,KOL_01826,Salt Lake,2025-08-10,18,0,0,0,0,0,0,0,0,0,1.0,0.260058,0,0.0,0,403,3,3,0.0649,0.0959,GREEN,48,Kolkata
CLM0047015,KOL_03805,Salt Lake,2023-10-18,15,0,0,0,0,0,0,0,0,0,0.0,0.515421,0,0.0,0,191,1,3,0.4659,0.1179,GREEN,44,Kolkata
CLM0047016,KOL_04771,Tollygunge,2025-12-30,7,0,0,0,0,0,0,0,0,0,1.0,0.230006,1,0.0,0,391,3,4,0.2521,0.1171,GREEN,32,Kolkata
CLM0047017,KOL_03688,Garia,2021-07-11,11,0,0,0,0,0,0,0,0,0,0.0,0.29384,0,0.0,0,44,4,3,0.7801,0.0,GREEN,38,Kolkata
CLM0047018,KOL_08239,Dum Dum,2025-08-11,19,0,0,0,0,0,0,1,0,0,0.0,0.157316,0,0.0,0,326,3,5,0.05,0.0081,GREEN,50,Kolkata
CLM0047019,KOL_09556,Howrah,2025-03-27,18,0,0,0,0,0,1,0,0,0,0.0,0.339143,0,0.0,0,420,3,0,0.211,0.1719,GREEN,27,Kolkata
CLM0047020,KOL_02451,Howrah,2022-08-15,16,0,0,0,0,0,0,0,0,0,0.0,0.144392,0,0.0,0,420,3,2,0.6251,0.0,GREEN,40,Kolkata
CLM0047021,KOL_09355,Howrah,2020-04-18,12,0,0,0,0,0,0,0,0,0,0.0,0.357562,0,0.0,0,268,4,4,0.7851,0.0308,GREEN,27,Kolkata
CLM0047022,KOL_02547,Tollygunge,2022-07-23,21,0,0,0,0,0,0,0,0,0,0.0,0.1408,0,0.0,0,41,0,0,0.2365,0.0268,GREEN,48,Kolkata
CLM0047023,KOL_08607,Tollygunge,2025-07-03,10,0,0,0,1,0,0,0,1,0,0.0,0.292076,0,0.0,0,385,0,0,0.9513,0.198,GREEN,42,Kolkata
CLM0047024,KOL_05860,Sealdah,2023-06-10,9,0,1,1,0,0,0,0,0,0,0.0,0.0,0,0.0,0,411,0,1,0.8565,0.067,GREEN,40,Kolkata
CLM0047025,KOL_07367,Sealdah,2018-11-22,17,0,0,0,0,0,0,0,0,0,1.0,0.288571,0,0.0,0,281,4,2,0.1089,0.0762,GREEN,22,Kolkata
CLM0047026,KOL_08362,Behala,2018-10-06,10,0,0,0,0,0,0,0,0,0,0.0,1.0,0,1.0,0,325,4,3,0.0686,0.0142,GREEN,30,Kolkata
CLM0047027,KOL_09078,Howrah,2023-08-24,16,0,0,0,0,0,1,0,0,0,0.0,0.238221,0,0.0,0,122,0,0,0.7752,0.1028,GREEN,36,Kolkata
CLM0047028,KOL_07000,Garia,2025-09-10,7,0,0,0,0,1,0,0,0,0,0.0,0.935976,0,0.0,0,47,0,2,0.7996,0.0823,GREEN,60,Kolkata
CLM0047029,KOL_07007,Sealdah,2023-03-27,20,0,0,0,0,0,0,0,0,0,0.0,0.320792,0,0.0,0,7,1,0,0.6603,0.0,GREEN,36,Kolkata
CLM0047030,KOL_02733,Behala,2025-09-13,11,0,0,0,0,0,0,0,0,0,0.0,0.230347,0,0.0,0,60,3,2,0.6499,0.0,GREEN,32,Kolkata
CLM0047031,KOL_06243,Sealdah,2022-06-19,11,0,0,0,0,0,0,0,0,0,0.0,0.163783,0,0.0,0,303,4,7,0.05,0.0,GREEN,29,Kolkata
CLM0047032,KOL_09072,Park Street,2024-04-22,9,0,0,0,0,0,1,0,1,0,0.0,0.136417,0,0.0,0,420,2,2,0.942,0.2137,GREEN,36,Kolkata
CLM0047033,KOL_04081,Tollygunge,2023-05-24,17,0,0,0,0,0,0,0,1,0,0.0,0.135693,0,0.0,0,325,2,4,0.8789,0.2248,GREEN,19,Kolkata
CLM0047034,KOL_08457,Park Street,2023-03-25,8,0,0,0,1,1,0,1,1,0,0.0,0.940738,1,1.0,1,18,1,18,0.05,0.1072,GREEN,46,Kolkata
CLM0047035,KOL_00652,Tollygunge,2024-03-14,17,0,0,0,0,0,0,0,0,0,0.0,0.970552,0,0.0,0,39,3,5,0.8,0.0228,GREEN,41,Kolkata
CLM0047036,KOL_05394,Esplanade,2023-12-16,19,0,0,0,0,0,0,0,1,0,0.0,0.125738,0,0.0,0,249,3,1,0.7438,0.0625,GREEN,19,Kolkata
CLM0047037,KOL_02201,New Town,2024-07-18,12,0,0,0,0,0,0,0,0,0,0.0,0.181557,0,0.0,0,364,4,0,0.636,0.1262,GREEN,34,Kolkata
CLM0047038,KOL_02190,Tollygunge,2025-06-22,8,0,0,0,0,0,0,0,0,0,0.0,0.191925,0,0.0,0,231,0,0,0.571,0.031,GREEN,38,Kolkata
CLM0047039,KOL_02550,Sealdah,2018-08-09,10,0,0,0,0,0,0,0,0,0,0.0,1.0,0,0.0,0,351,4,0,0.4767,0.0,GREEN,33,Kolkata
CLM0047040,KOL_04190,Dum Dum,2022-01-08,14,0,0,0,0,0,0,0,0,0,0.0,0.100818,0,0.0,0,361,2,0,0.9362,0.0142,GREEN,39,Kolkata
CLM0047041,KOL_08705,Howrah,2023-11-16,14,0,0,0,1,1,0,1,0,0,0.0,1.0,1,1.0,1,5,0,18,0.8186,0.0752,GREEN,37,Kolkata
CLM0047042,KOL_09825,New Town,2023-10-16,19,0,0,0,0,0,0,0,0,0,0.0,0.948207,0,0.0,0,379,4,8,0.791,0.0374,GREEN,36,Kolkata
CLM0047043,KOL_09851,Sealdah,2024-08-26,19,0,0,0,0,0,0,0,0,0,0.0,0.150962,0,0.0,0,420,0,0,0.5805,0.0,GREEN,24,Kolkata
CLM0047044,KOL_08821,Esplanade,2023-05-08,8,0,0,0,0,0,0,0,0,1,0.0,0.34315,0,0.0,0,312,2,3,0.1343,0.0813,GREEN,21,Kolkata
CLM0047045,KOL_09486,Garia,2022-04-24,18,0,0,0,1,0,0,0,0,0,0.0,0.338987,1,0.0,0,26,1,3,0.5156,0.2332,GREEN,38,Kolkata
CLM0047046,KOL_02674,Garia,2021-07-22,14,0,0,0,0,0,0,0,0,0,1.0,0.282333,0,0.0,0,203,0,2,0.8288,0.2755,GREEN,30,Kolkata
CLM0047047,KOL_06703,Howrah,2022-01-29,10,0,0,0,0,0,0,0,0,0,0.0,0.2054,0,0.0,0,88,0,0,0.0953,0.0,GREEN,37,Kolkata
CLM0047048,KOL_08445,Howrah,2019-12-13,10,0,0,0,0,0,0,0,0,0,0.0,0.276396,0,0.0,0,408,1,0,0.6527,0.1006,GREEN,52,Kolkata
CLM0047049,KOL_02472,Howrah,2023-08-24,8,0,0,0,0,0,0,0,0,0,0.0,0.401408,0,0.0,0,225,2,4,0.4226,0.0,GREEN,35,Kolkata
CLM0047050,KOL_03284,Garia,2021-01-05,15,0,0,0,0,0,0,0,0,0,0.0,0.274759,0,1.0,0,284,4,0,0.5818,0.0,GREEN,34,Kolkata
CLM0047051,KOL_09858,Esplanade,2025-08-01,15,0,0,0,0,0,0,0,0,0,0.0,0.115937,0,0.0,0,169,0,0,0.6835,0.0213,GREEN,48,Kolkata
CLM0047052,KOL_09206,Dum Dum,2019-04-04,9,0,0,0,0,0,0,0,0,0,0.0,0.235215,0,0.0,0,387,4,0,0.9017,0.0,GREEN,30,Kolkata
CLM0047053,KOL_07656,Dum Dum,2025-12-15,21,0,0,0,0,0,0,0,0,0,0.0,0.957503,0,0.0,0,48,3,3,0.6298,0.0,GREEN,40,Kolkata
CLM0047054,KOL_08526,Sealdah,2022-08-12,9,0,0,0,0,0,0,0,0,0,0.0,0.267785,0,0.0,0,202,4,2,0.7677,0.0018,GREEN,54,Kolkata
CLM0047055,KOL_07342,Howrah,2024-09-27,17,0,0,0,0,0,0,0,0,0,0.0,0.066798,0,0.0,0,397,0,1,0.286,0.0411,GREEN,39,Kolkata
CLM0047056,KOL_08419,Howrah,2020-03-19,19,0,0,0,0,0,0,0,0,0,0.0,0.253633,0,0.0,0,126,2,3,0.4573,0.0,GREEN,26,Kolkata
CLM0047057,KOL_03351,Howrah,2020-10-22,13,0,0,0,0,0,0,0,1,0,0.0,0.236569,0,1.0,0,140,3,1,0.6918,0.0826,GREEN,38,Kolkata
CLM0047058,KOL_07938,Park Street,2017-08-17,11,0,0,0,0,0,0,1,0,0,0.0,0.0,0,0.0,0,409,1,2,0.8807,0.1556,GREEN,41,Kolkata
CLM0047059,KOL_02142,Garia,2023-09-19,10,0,0,0,0,0,0,0,0,0,0.0,0.335398,0,0.0,0,354,2,5,0.8822,0.0,GREEN,39,Kolkata
CLM0047060,KOL_05679,Howrah,2023-07-13,14,0,0,0,0,0,0,0,0,0,0.0,0.09765,0,0.0,0,346,1,2,0.8877,0.0131,GREEN,31,Kolkata
CLM0047061,KOL_02186,Park Street,2022-07-23,19,0,0,0,0,0,0,0,0,1,0.0,0.016179,0,0.0,0,306,3,0,0.6375,0.1493,GREEN,44,Kolkata
CLM0047062,KOL_01913,Salt Lake,2018-06-13,12,0,0,0,0,0,0,0,0,0,0.0,0.130665,0,0.0,0,420,4,3,0.654,0.0092,GREEN,56,Kolkata
CLM0047063,KOL_07556,Garia,2020-08-10,18,0,0,0,0,0,0,0,1,0,0.0,0.322318,0,0.0,0,36,2,6,0.7761,0.1471,GREEN,35,Kolkata
CLM0047064,KOL_08521,Garia,2025-11-22,11,0,0,0,0,0,0,0,0,0,1.0,0.251842,0,0.0,0,332,0,0,0.5273,0.0533,GREEN,36,Kolkata
CLM0047065,KOL_04573,Sealdah,2025-05-22,9,0,0,0,0,0,0,0,0,0,0.0,0.261444,0,0.0,0,405,3,3,0.4872,0.0215,GREEN,23,Kolkata
CLM0047066,KOL_01729,Howrah,2025-04-05,15,0,0,0,0,0,0,0,1,0,0.0,0.456575,0,0.0,0,420,0,3,0.7396,0.0815,GREEN,37,Kolkata
CLM0047067,KOL_03474,Esplanade,2023-05-07,12,0,0,0,1,0,0,0,0,0,0.0,0.34509,0,0.0,0,411,2,0,0.591,0.1981,GREEN,39,Kolkata
CLM0047068,KOL_04493,Salt Lake,2023-11-29,11,0,0,0,0,0,0,1,0,0,1.0,1.0,1,0.0,0,48,0,0,0.6919,0.0822,GREEN,52,Kolkata
CLM0047069,KOL_09046,Sealdah,2025-06-18,16,0,0,0,0,0,0,0,0,0,0.0,0.060543,0,0.0,0,251,2,1,0.7103,0.0,GREEN,31,Kolkata
CLM0047070,KOL_01189,Howrah,2024-06-26,13,0,0,0,0,0,0,0,1,0,1.0,1.0,0,1.0,0,130,3,5,0.98,0.0554,GREEN,22,Kolkata
CLM0047071,KOL_00210,Garia,2024-07-31,7,0,0,0,0,0,0,1,0,0,0.0,0.255276,0,0.0,0,372,2,2,0.7557,0.0772,GREEN,34,Kolkata
CLM0047072,KOL_05059,Behala,2023-09-28,20,0,0,0,0,0,0,0,0,0,0.0,0.115435,0,0.0,1,420,1,5,0.9293,0.0669,GREEN,22,Kolkata
CLM0047073,KOL_07299,Dum Dum,2024-01-21,7,0,0,0,0,0,0,0,0,0,0.0,0.415276,0,0.0,0,55,3,2,0.7515,0.0036,GREEN,39,Kolkata
CLM0047074,KOL_06327,Garia,2025-11-13,20,0,0,0,0,0,0,0,0,0,0.0,0.093897,0,1.0,1,420,4,2,0.98,0.0685,GREEN,26,Kolkata
CLM0047075,KOL_08876,Sealdah,2023-05-20,14,0,0,0,0,1,0,0,0,0,0.0,0.364337,0,0.0,0,142,0,1,0.7782,0.1252,GREEN,46,Kolkata
CLM0047076,KOL_05985,Esplanade,2025-11-23,14,0,0,0,0,0,0,0,0,0,0.0,0.28171,0,0.0,0,367,4,1,0.2306,0.0638,GREEN,41,Kolkata
CLM0047077,KOL_01429,Park Street,2016-02-22,9,0,0,0,0,0,0,0,0,0,0.0,0.089666,0,0.0,0,229,1,4,0.6364,0.0,GREEN,34,Kolkata
CLM0047078,KOL_05035,Dum Dum,2020-01-23,16,0,0,0,0,0,0,0,0,0,0.0,0.385914,0,0.0,0,337,4,5,0.1439,0.0441,GREEN,38,Kolkata
CLM0047079,KOL_05174,Salt Lake,2016-05-20,10,0,1,1,1,0,1,1,1,1,0.0,0.079587,0,0.0,0,19,3,18,0.98,0.0913,GREEN,45,Kolkata
CLM0047080,KOL_08112,Sealdah,2022-09-30,14,0,0,0,0,0,0,0,0,0,0.0,0.310562,0,0.0,0,330,3,3,0.9052,0.0175,GREEN,44,Kolkata
CLM0047081,KOL_09389,Behala,2022-09-02,16,0,0,0,0,0,0,0,0,1,0.0,0.170248,0,0.0,0,120,0,4,0.5302,0.0987,GREEN,25,Kolkata
CLM0047082,KOL_03207,Esplanade,2020-04-12,7,0,0,0,0,0,1,0,0,0,0.0,0.069011,0,0.0,0,94,1,0,0.614,0.1645,GREEN,26,Kolkata
CLM0047083,KOL_07936,Salt Lake,2018-12-02,10,0,0,0,0,0,0,0,0,0,0.0,0.094823,0,0.0,0,141,0,3,0.1286,0.0593,GREEN,35,Kolkata
CLM0047084,KOL_06958,Park Street,2018-05-07,8,0,0,0,0,0,0,1,0,0,0.0,0.04466,0,0.0,0,358,3,2,0.6561,0.1587,GREEN,34,Kolkata
CLM0047085,KOL_07365,Salt Lake,2019-02-21,8,0,0,0,0,0,0,0,0,0,0.0,0.0,0,0.0,0,420,1,0,0.0583,0.0,GREEN,28,Kolkata
CLM0047086,KOL_07927,New Town,2024-09-08,20,0,0,0,0,0,0,0,0,0,0.0,1.0,0,0.0,0,194,0,4,0.8308,0.0,GREEN,49,Kolkata
CLM0047087,KOL_03790,Sealdah,2024-01-18,8,0,0,0,0,0,0,0,0,0,1.0,1.0,0,1.0,0,294,0,1,0.9295,0.0,GREEN,18,Kolkata
CLM0047088,KOL_04133,Sealdah,2019-04-07,19,0,0,0,0,0,0,0,0,0,0.0,0.005868,0,0.0,0,72,3,0,0.9412,0.0,GREEN,29,Kolkata
CLM0047089,KOL_05617,New Town,2025-07-05,10,0,0,0,0,0,0,0,0,0,0.0,0.244404,0,0.0,0,159,1,3,0.8344,0.0759,GREEN,28,Kolkata
CLM0047090,KOL_01983,Esplanade,2024-12-29,11,0,0,0,0,0,0,0,0,0,0.0,0.063836,0,0.0,0,420,0,5,0.5364,0.0,GREEN,61,Kolkata
CLM0047091,KOL_08649,Garia,2024-12-02,20,0,0,0,0,0,0,0,0,0,0.0,0.180133,0,0.0,0,420,3,3,0.6622,0.0,GREEN,46,Kolkata
CLM0047092,KOL_03618,Tollygunge,2024-10-04,8,0,0,0,0,1,0,0,0,0,1.0,0.394489,0,0.0,0,383,3,0,0.6162,0.1888,GREEN,41,Kolkata
CLM0047093,KOL_08014,New Town,2022-12-03,19,0,0,0,1,0,0,0,0,0,0.0,0.332199,0,0.0,0,410,0,0,0.98,0.2065,GREEN,26,Kolkata
CLM0047094,KOL_03214,Salt Lake,2020-04-18,7,0,1,1,0,0,0,0,0,0,0.0,0.999226,0,0.0,0,205,2,3,0.6836,0.0,GREEN,30,Kolkata
CLM0047095,KOL_08520,Salt Lake,2023-05-24,17,0,0,0,0,0,1,0,0,0,0.0,0.038774,0,0.0,0,416,1,0,0.7488,0.0025,GREEN,57,Kolkata
CLM0047096,KOL_00265,Behala,2025-07-17,21,0,1,1,0,0,0,0,0,0,0.0,0.380061,0,0.0,0,307,2,0,0.6352,0.0074,GREEN,43,Kolkata
CLM0047097,KOL_07374,Park Street,2024-10-12,21,0,0,0,0,0,0,0,0,1,0.0,0.960409,0,0.0,0,177,0,4,0.819,0.0222,GREEN,24,Kolkata
CLM0047098,KOL_08026,Tollygunge,2022-11-30,10,0,0,0,0,0,0,0,0,0,0.0,0.248771,0,0.0,0,194,1,2,0.4613,0.0,GREEN,33,Kolkata
CLM0047099,KOL_09457,Howrah,2025-01-02,20,0,0,0,0,0,0,0,0,0,0.0,0.437769,0,0.0,0,195,4,0,0.8724,0.0535,GREEN,18,Kolkata
CLM0047100,KOL_00553,Tollygunge,2023-04-01,15,0,0,0,0,0,0,0,0,1,0.0,0.078385,0,1.0,0,420,1,6,0.6803,0.1459,GREEN,33,Kolkata
CLM0047101,KOL_03281,Howrah,2022-08-13,11,0,0,0,0,0,0,0,1,0,0.0,0.353144,0,0.0,0,359,2,4,0.98,0.1132,GREEN,51,Kolkata
CLM0047102,KOL_00036,Behala,2023-11-15,17,0,0,0,0,0,0,0,0,0,0.0,0.3494,0,0.0,0,420,1,2,0.98,0.0259,GREEN,19,Kolkata
CLM0047103,KOL_01459,Park Street,2023-01-09,20,0,0,0,0,0,0,0,0,0,0.0,0.223966,0,0.0,0,321,2,0,0.8295,0.0,GREEN,26,Kolkata
CLM0047104,KOL_09783,Salt Lake,2025-07-04,16,0,0,0,0,0,0,0,0,0,0.0,0.0,0,0.0,0,118,2,3,0.517,0.0,GREEN,49,Kolkata
CLM0047105,KOL_03939,Garia,2021-09-13,8,0,0,0,0,0,0,0,1,0,0.0,0.343429,0,0.0,0,60,4,1,0.5196,0.1457,GREEN,40,Kolkata
CLM0047106,KOL_01856,Howrah,2021-07-26,16,0,0,0,0,0,0,0,0,0,0.0,0.194683,0,0.0,0,402,0,3,0.6272,0.0,GREEN,61,Kolkata
CLM0047107,KOL_07021,Salt Lake,2022-06-20,13,0,0,0,0,0,0,0,0,0,0.0,0.0,0,0.0,0,227,0,0,0.8831,0.0258,GREEN,31,Kolkata
CLM0047108,KOL_09681,Sealdah,2022-08-07,8,0,0,0,1,0,1,0,0,1,0.0,0.080984,0,0.0,0,420,3,0,0.6395,0.4127,YELLOW,47,Kolkata
CLM0047109,KOL_08324,Dum Dum,2020-02-11,14,0,0,0,0,0,0,0,0,0,0.0,0.33062,0,0.0,0,12,1,0,0.6186,0.1035,GREEN,34,Kolkata
CLM0047110,KOL_05426,Salt Lake,2019-07-15,9,0,0,0,0,0,0,0,0,0,0.0,0.041236,0,0.0,0,16,3,6,0.513,0.0426,GREEN,27,Kolkata
CLM0047111,KOL_00769,Esplanade,2025-02-27,7,0,0,0,0,0,0,0,0,1,0.0,0.454654,0,0.0,0,29,0,2,0.4984,0.1673,GREEN,25,Kolkata
CLM0047112,KOL_04736,Salt Lake,2018-01-04,14,0,0,0,0,0,0,0,0,0,0.0,0.243055,0,0.0,0,420,1,2,0.7853,0.0,GREEN,42,Kolkata
CLM0047113,KOL_00266,Behala,2025-12-27,16,0,0,0,0,1,0,0,0,0,0.0,0.114473,0,1.0,0,419,2,5,0.7822,0.0724,GREEN,50,Kolkata
CLM0047114,KOL_00647,Esplanade,2021-06-24,16,0,0,0,1,1,1,0,1,0,0.0,0.159563,0,0.0,0,5,2,18,0.493,0.0933,GREEN,41,Kolkata
CLM0047115,KOL_01120,Howrah,2019-02-18,15,0,0,0,0,1,0,0,0,0,0.0,0.929398,0,0.0,0,420,3,1,0.05,0.0604,GREEN,21,Kolkata
CLM0047116,KOL_03182,Tollygunge,2021-06-04,16,0,0,0,0,0,0,0,0,0,0.0,0.181286,0,0.0,0,420,3,1,0.789,0.0,GREEN,51,Kolkata
CLM0047117,KOL_08156,Sealdah,2024-06-23,8,0,0,0,0,0,0,0,1,0,1.0,0.982765,0,1.0,0,420,2,1,0.5875,0.0919,GREEN,20,Kolkata
CLM0047118,KOL_00319,Esplanade,2023-12-09,17,0,1,1,0,1,0,0,1,0,1.0,0.145983,1,0.0,0,11,2,18,0.9258,0.0829,GREEN,25,Kolkata
CLM0047119,KOL_02464,Behala,2024-01-11,11,0,0,0,0,1,0,1,1,0,1.0,0.921023,0,0.0,0,8,0,18,0.5007,0.2126,GREEN,30,Kolkata
CLM0047120,KOL_03786,Sealdah,2021-09-02,18,0,0,0,0,0,0,0,0,0,0.0,0.338591,0,0.0,0,294,4,1,0.0848,0.0,GREEN,36,Kolkata
CLM0047121,KOL_01196,Park Street,2025-04-22,20,0,0,0,0,0,0,1,0,0,1.0,0.248555,0,0.0,0,77,4,1,0.9642,0.1965,GREEN,29,Kolkata
CLM0047122,KOL_05927,Dum Dum,2023-01-21,13,0,0,0,0,0,0,0,0,0,1.0,0.091485,0,0.0,0,273,1,2,0.5823,0.1136,GREEN,30,Kolkata
CLM0047123,KOL_06789,Salt Lake,2021-06-24,8,0,0,0,0,0,0,0,0,0,0.0,0.989284,0,0.0,0,420,1,2,0.8429,0.0411,GREEN,52,Kolkata
CLM0047124,KOL_08716,Salt Lake,2023-08-02,16,0,0,0,0,1,0,0,0,0,0.0,0.372333,0,0.0,0,222,1,0,0.5059,0.1166,GREEN,55,Kolkata
CLM0047125,KOL_05847,Howrah,2023-07-09,16,0,0,0,0,0,0,0,1,0,0.0,0.142044,0,0.0,0,82,1,5,0.6759,0.0912,GREEN,36,Kolkata
CLM0047126,KOL_03332,Dum Dum,2025-08-23,16,0,0,0,0,0,0,0,0,0,0.0,0.359402,0,0.0,0,147,0,2,0.7537,0.0,GREEN,27,Kolkata
CLM0047127,KOL_06354,Sealdah,2025-12-18,10,0,0,0,0,0,0,0,0,0,0.0,0.491621,0,0.0,1,217,4,0,0.98,0.0476,GREEN,29,Kolkata
CLM0047128,KOL_08403,Salt Lake,2025-08-01,12,0,0,0,0,0,1,0,0,0,0.0,0.13978,0,0.0,0,420,2,2,0.7393,0.0739,GREEN,40,Kolkata
CLM0047129,KOL_01800,New Town,2025-01-07,10,0,0,0,0,0,0,1,0,0,0.0,0.906508,0,0.0,0,29,2,0,0.8891,0.008,GREEN,48,Kolkata
CLM0047130,KOL_00009,Salt Lake,2024-02-18,19,0,0,0,0,0,0,0,0,0,0.0,0.258679,0,0.0,0,247,1,0,0.6188,0.0565,GREEN,43,Kolkata
CLM0047131,KOL_01338,Garia,2024-09-28,19,0,0,0,0,0,1,0,0,0,0.0,0.145035,1,0.0,0,69,0,3,0.8383,0.1515,GREEN,24,Kolkata
CLM0047132,KOL_07125,Tollygunge,2024-02-06,14,0,0,0,0,0,1,0,0,0,0.0,0.017175,0,1.0,0,420,1,0,0.3992,0.0892,GREEN,24,Kolkata
CLM0047133,KOL_01497,Park Street,2025-09-01,15,0,0,0,1,1,0,0,1,1,0.0,0.177012,0,0.0,0,20,2,18,0.9212,0.0,GREEN,18,Kolkata
CLM0047134,KOL_07055,Esplanade,2025-08-31,11,0,0,0,0,0,0,0,0,0,0.0,1.0,0,0.0,0,134,3,3,0.9075,0.2365,GREEN,26,Kolkata
CLM0047135,KOL_06577,Salt Lake,2023-08-12,11,0,0,0,0,0,0,0,1,0,0.0,0.246087,0,0.0,0,65,4,2,0.5731,0.0935,GREEN,34,Kolkata
CLM0047136,KOL_09183,Sealdah,2024-12-24,15,0,0,0,1,0,0,0,0,0,0.0,0.925365,1,0.0,0,287,2,0,0.5679,0.2661,GREEN,46,Kolkata
CLM0047137,KOL_03499,Tollygunge,2022-03-26,14,0,0,0,0,0,0,0,0,0,0.0,0.998243,0,0.0,0,282,4,1,0.8311,0.0,GREEN,45,Kolkata
CLM0047138,KOL_03762,Dum Dum,2020-11-08,12,0,0,0,0,0,0,1,0,0,0.0,0.351679,0,0.0,0,417,1,8,0.7155,0.1042,GREEN,18,Kolkata
CLM0047139,KOL_09406,Salt Lake,2019-02-08,21,0,1,1,0,0,0,1,0,0,0.0,0.249667,0,0.0,0,134,1,0,0.98,0.0,GREEN,43,Kolkata
CLM0047140,KOL_01571,Sealdah,2025-07-22,19,0,0,0,0,0,0,0,0,0,1.0,1.0,0,1.0,0,87,0,1,0.98,0.1658,GREEN,41,Kolkata
CLM0047141,KOL_06782,Dum Dum,2023-08-17,15,0,0,0,0,0,0,0,0,0,0.0,0.375957,0,0.0,0,117,1,2,0.8066,0.0869,GREEN,27,Kolkata
CLM0047142,KOL_07171,Park Street,2020-05-02,14,0,0,0,0,0,0,0,0,0,1.0,0.191907,0,0.0,0,420,3,0,0.779,0.0224,GREEN,26,Kolkata
CLM0047143,KOL_01614,Esplanade,2025-10-14,10,0,0,0,0,0,0,0,0,0,0.0,0.432067,0,0.0,0,420,1,4,0.5678,0.0,GREEN,58,Kolkata
CLM0047144,KOL_07408,Sealdah,2023-11-01,16,0,0,0,0,0,0,0,0,0,1.0,0.447017,1,0.0,0,388,0,3,0.98,0.0998,GREEN,39,Kolkata
CLM0047145,KOL_04888,Behala,2019-10-26,12,0,0,0,0,0,0,0,0,1,0.0,0.035109,0,0.0,0,83,4,0,0.5994,0.0556,GREEN,25,Kolkata
CLM0047146,KOL_03266,Garia,2020-08-25,18,0,0,0,0,0,0,0,0,0,0.0,0.238983,0,0.0,0,327,1,1,0.8022,0.1107,GREEN,40,Kolkata
CLM0047147,KOL_04506,Howrah,2018-10-27,13,0,0,0,0,0,0,0,0,0,0.0,0.442925,0,0.0,0,326,4,3,0.9093,0.033,GREEN,28,Kolkata
CLM0047148,KOL_06608,Sealdah,2024-07-18,11,0,0,0,0,0,0,1,1,1,0.0,0.023858,0,0.0,0,29,4,18,0.9515,0.0912,GREEN,31,Kolkata
CLM0047149,KOL_08769,Esplanade,2024-07-29,21,0,0,0,0,0,0,0,0,0,0.0,0.178561,0,0.0,0,119,4,5,0.4658,0.011,GREEN,29,Kolkata
CLM0047150,KOL_06592,Howrah,2023-11-09,20,0,0,0,0,0,0,0,0,0,0.0,0.223773,0,0.0,0,143,2,0,0.3549,0.0,GREEN,39,Kolkata
CLM0047151,KOL_04719,Tollygunge,2025-04-16,14,0,0,0,0,0,0,0,0,0,0.0,0.213084,0,0.0,0,371,0,3,0.6341,0.0271,GREEN,45,Kolkata
CLM0047152,KOL_00780,Salt Lake,2025-07-31,16,0,0,0,0,0,1,0,0,0,0.0,0.117442,0,1.0,0,36,0,4,0.5142,0.1317,GREEN,40,Kolkata
CLM0047153,KOL_08299,Park Street,2022-09-20,12,0,1,1,1,0,0,1,1,1,1.0,1.0,1,1.0,1,12,1,18,0.05,0.6892,RED,46,Kolkata
CLM0047154,KOL_09343,Salt Lake,2025-02-28,16,0,1,1,1,1,1,1,1,1,1.0,0.913838,0,0.0,1,5,2,18,0.5958,0.8357,RED,45,Kolkata
CLM0047155,KOL_02068,Esplanade,2025-05-01,14,0,1,1,0,1,1,1,1,1,0.0,1.0,0,1.0,0,37,1,18,0.8868,0.6006,YELLOW,24,Kolkata
CLM0047156,KOL_06673,Park Street,2021-09-05,10,0,1,1,1,0,0,0,0,0,0.0,1.0,0,0.0,0,420,1,0,0.1549,0.4973,YELLOW,33,Kolkata
CLM0047157,KOL_09920,New Town,2021-09-12,14,0,1,1,1,1,1,0,1,0,0.0,0.0,0,0.0,0,31,2,18,0.3368,0.5014,YELLOW,45,Kolkata
CLM0047158,KOL_07981,Dum Dum,2025-09-25,7,0,1,1,1,1,1,1,0,0,0.0,0.032221,0,0.0,0,5,1,18,0.7826,0.6331,RED,42,Kolkata
CLM0047159,KOL_09478,Dum Dum,2023-04-15,18,0,1,1,0,1,1,1,1,0,1.0,0.415646,1,0.0,0,5,1,18,0.149,0.6724,RED,49,Kolkata
CLM0047160,KOL_02866,Tollygunge,2023-01-11,19,0,1,1,1,1,1,1,1,0,0.0,0.059333,1,0.0,1,5,0,18,0.7912,0.6229,RED,21,Kolkata
CLM0047161,KOL_03402,Dum Dum,2020-03-16,11,0,0,0,0,0,0,0,0,0,0.0,0.964809,1,0.0,0,164,4,5,0.6796,0.1779,GREEN,39,Kolkata
CLM0047162,KOL_02543,Esplanade,2018-06-30,8,0,0,0,0,0,0,0,0,0,0.0,1.0,0,0.0,0,343,1,0,0.98,0.1559,GREEN,41,Kolkata
CLM0047163,KOL_08723,Garia,2018-07-26,9,0,0,0,1,0,0,0,0,0,0.0,0.209171,0,0.0,0,420,3,0,0.05,0.0892,GREEN,45,Kolkata
CLM0047164,KOL_05929,Tollygunge,2016-06-14,10,0,0,0,0,0,0,0,0,0,0.0,0.084591,0,0.0,0,358,3,0,0.5653,0.0291,GREEN,40,Kolkata
CLM0047165,KOL_09061,Garia,2016-06-16,15,0,0,0,0,0,0,0,0,0,0.0,0.340954,0,0.0,0,155,2,2,0.5882,0.0,GREEN,36,Kolkata
CLM0047166,KOL_00788,Behala,2015-09-05,14,0,0,0,0,0,0,0,0,0,0.0,0.092633,0,0.0,0,269,3,3,0.98,0.0,GREEN,41,Kolkata
CLM0047167,KOL_04801,Park Street,2025-09-14,12,0,0,0,1,0,0,0,1,0,0.0,0.18881,0,0.0,0,377,2,2,0.2949,0.2875,GREEN,39,Kolkata
CLM0047168,KOL_07519,Garia,2024-10-03,19,0,1,1,0,0,0,0,0,0,0.0,1.0,0,0.0,0,260,3,0,0.7326,0.0,GREEN,39,Kolkata
CLM0047169,KOL_09550,Esplanade,2023-02-16,7,0,0,0,0,0,0,0,0,0,0.0,0.151923,0,1.0,0,344,1,4,0.98,0.0882,GREEN,45,Kolkata
CLM0047170,KOL_08105,Behala,2021-11-26,21,0,0,0,0,0,0,0,0,0,0.0,0.436979,0,0.0,0,382,3,4,0.98,0.0,GREEN,33,Kolkata
CLM0047171,KOL_09236,Dum Dum,2020-12-19,10,0,0,0,0,0,0,0,0,0,0.0,0.936965,0,0.0,0,271,2,2,0.579,0.0,GREEN,18,Kolkata
CLM0047172,KOL_02454,Dum Dum,2025-09-07,15,0,0,0,1,1,1,0,1,1,0.0,0.069076,1,0.0,0,32,3,18,0.9206,0.0,GREEN,18,Kolkata
CLM0047173,KOL_06173,Park Street,2024-11-28,11,0,0,0,0,0,0,0,0,0,0.0,1.0,0,0.0,0,96,2,3,0.8734,0.0,GREEN,34,Kolkata
CLM0047174,KOL_05446,Esplanade,2020-11-14,16,0,0,0,0,0,0,0,0,0,0.0,0.950221,0,0.0,0,34,4,0,0.8065,0.0826,GREEN,48,Kolkata
CLM0047175,KOL_08641,Park Street,2020-12-30,8,0,0,0,0,1,0,1,1,0,1.0,1.0,0,1.0,0,31,1,18,0.8352,0.0637,GREEN,46,Kolkata
CLM0047176,KOL_05398,New Town,2024-09-02,8,0,0,0,0,0,0,0,0,0,0.0,0.248013,0,0.0,0,420,2,5,0.8628,0.0,GREEN,20,Kolkata
CLM0047177,KOL_01690,New Town,2022-05-15,20,0,0,0,0,0,0,0,0,0,0.0,0.324402,0,0.0,0,228,0,1,0.05,0.0775,GREEN,29,Kolkata
CLM0047178,KOL_01977,New Town,2023-03-31,15,0,0,0,0,0,0,0,0,0,0.0,0.094706,0,0.0,0,72,4,4,0.6596,0.0479,GREEN,34,Kolkata
CLM0047179,KOL_03389,Garia,2024-06-10,14,0,0,0,0,0,1,0,0,0,1.0,1.0,0,1.0,0,139,1,3,0.8076,0.2488,GREEN,39,Kolkata
CLM0047180,KOL_01897,Tollygunge,2024-11-09,15,0,0,0,0,0,0,0,0,0,1.0,1.0,0,0.0,0,77,2,1,0.6037,0.1034,GREEN,43,Kolkata
CLM0047181,KOL_04808,Sealdah,2023-05-22,11,0,0,0,1,0,0,0,1,0,1.0,0.312206,0,0.0,0,298,4,2,0.9106,0.3888,YELLOW,30,Kolkata
CLM0047182,KOL_00711,New Town,2023-04-19,10,0,0,0,0,0,1,0,0,0,1.0,1.0,0,1.0,0,392,3,4,0.7283,0.1637,GREEN,32,Kolkata
CLM0047183,KOL_08904,Howrah,2024-10-05,15,0,0,0,0,0,0,0,0,0,0.0,0.384795,0,0.0,0,156,4,0,0.98,0.0,GREEN,31,Kolkata
CLM0047184,KOL_05277,Dum Dum,2020-11-18,20,0,0,0,0,0,0,0,0,0,0.0,0.225453,0,0.0,0,401,4,0,0.8621,0.0165,GREEN,38,Kolkata
CLM0047185,KOL_00193,Garia,2020-09-14,11,0,0,0,0,0,0,0,0,0,0.0,0.288967,0,0.0,0,381,2,0,0.7499,0.0,GREEN,44,Kolkata
CLM0047186,KOL_04662,Esplanade,2023-02-09,11,0,0,0,1,0,0,0,0,0,0.0,0.911542,0,0.0,0,295,1,1,0.8882,0.2595,GREEN,30,Kolkata
CLM0047187,KOL_07833,Salt Lake,2022-01-18,12,0,0,0,0,0,0,0,0,0,0.0,0.317764,0,0.0,0,215,0,3,0.98,0.0,GREEN,39,Kolkata
CLM0047188,KOL_00413,Tollygunge,2021-02-28,20,0,0,0,0,0,0,0,0,0,0.0,0.402852,1,0.0,0,255,1,1,0.6761,0.0,GREEN,35,Kolkata
CLM0047189,KOL_00453,Salt Lake,2020-06-03,7,0,0,0,0,0,0,0,0,0,0.0,0.148959,0,0.0,0,420,0,0,0.9014,0.0097,GREEN,18,Kolkata
CLM0047190,KOL_09226,Park Street,2024-06-06,18,0,0,0,0,0,0,0,0,0,1.0,0.0,0,0.0,0,187,4,2,0.8927,0.0429,GREEN,35,Kolkata
CLM0047191,KOL_08110,Sealdah,2020-04-02,17,0,0,0,0,0,0,0,0,0,0.0,0.250461,0,0.0,0,198,4,3,0.4968,0.0,GREEN,18,Kolkata
CLM0047192,KOL_04849,Esplanade,2017-01-01,18,0,0,0,0,0,1,0,0,0,0.0,0.020389,0,0.0,0,417,3,0,0.7087,0.1912,GREEN,18,Kolkata
CLM0047193,KOL_03353,Tollygunge,2024-09-23,16,0,0,0,0,0,0,0,0,0,0.0,0.339209,0,0.0,0,338,2,5,0.6419,0.0554,GREEN,26,Kolkata
CLM0047194,KOL_01036,Behala,2021-09-03,17,0,0,0,0,0,0,0,0,0,0.0,0.412258,0,0.0,0,104,1,3,0.6589,0.0027,GREEN,23,Kolkata
CLM0047195,KOL_08104,Howrah,2023-06-09,19,0,0,0,0,0,0,0,0,0,0.0,0.332041,0,0.0,0,72,4,0,0.05,0.0026,GREEN,47,Kolkata
CLM0047196,KOL_04878,Garia,2019-09-15,15,0,0,0,0,0,1,0,0,1,0.0,0.010882,0,0.0,0,198,2,4,0.5884,0.2425,GREEN,23,Kolkata
CLM0047197,KOL_09481,Park Street,2023-05-05,17,0,0,0,0,0,0,0,0,0,0.0,0.366752,0,0.0,0,201,3,2,0.5608,0.0,GREEN,32,Kolkata
CLM0047198,KOL_04507,Behala,2021-06-26,11,0,0,0,0,0,0,0,0,0,0.0,0.333945,0,0.0,0,314,0,3,0.5989,0.0,GREEN,38,Kolkata
CLM0047199,KOL_01501,Garia,2020-11-22,16,0,0,0,0,0,0,0,0,0,0.0,0.161556,0,1.0,0,401,4,5,0.98,0.045,GREEN,22,Kolkata
CLM0047200,KOL_09405,Esplanade,2022-11-06,16,0,0,0,1,0,0,0,0,0,0.0,0.943819,0,0.0,0,326,3,2,0.5346,0.1807,GREEN,45,Kolkata
CLM0047201,KOL_01983,Esplanade,2023-05-03,8,0,0,0,0,0,0,0,1,0,1.0,0.105069,0,0.0,0,420,3,1,0.815,0.1724,GREEN,61,Kolkata
CLM0047202,KOL_00713,Garia,2025-10-04,14,0,0,0,0,0,1,0,0,0,0.0,0.264833,0,0.0,0,420,0,3,0.9786,0.0996,GREEN,25,Kolkata
CLM0047203,KOL_07823,New Town,2020-04-09,7,0,0,0,0,0,0,0,0,0,0.0,0.022109,0,0.0,0,258,1,0,0.888,0.063,GREEN,45,Kolkata
CLM0047204,KOL_08919,Salt Lake,2020-04-25,7,0,0,0,0,0,0,0,0,0,0.0,0.177342,0,0.0,0,151,1,1,0.9403,0.0,GREEN,32,Kolkata
CLM0047205,KOL_08387,Tollygunge,2023-08-25,9,0,0,0,1,0,0,0,0,0,0.0,0.012214,0,0.0,0,371,3,6,0.9441,0.1501,GREEN,32,Kolkata
CLM0047206,KOL_02628,Sealdah,2020-10-19,21,0,0,0,0,0,0,0,0,0,0.0,0.094765,0,0.0,0,235,1,3,0.2203,0.0,GREEN,38,Kolkata
CLM0047207,KOL_02694,Salt Lake,2019-06-26,10,0,0,0,1,0,1,0,0,0,0.0,0.0,0,0.0,0,385,1,1,0.8566,0.2623,GREEN,34,Kolkata
CLM0047208,KOL_00566,Park Street,2024-12-07,9,0,0,0,0,0,0,0,0,0,0.0,0.0,0,0.0,0,354,3,0,0.7807,0.0332,GREEN,48,Kolkata
CLM0047209,KOL_03505,Howrah,2025-09-16,19,0,0,0,0,0,0,0,0,0,0.0,0.950967,0,0.0,0,74,3,0,0.98,0.032,GREEN,26,Kolkata
CLM0047210,KOL_08102,Park Street,2023-12-08,19,0,0,0,0,0,0,0,0,0,0.0,0.986119,0,0.0,0,112,0,3,0.8184,0.0254,GREEN,55,Kolkata
CLM0047211,KOL_00329,Behala,2018-11-22,16,0,0,0,1,1,0,1,1,0,1.0,1.0,0,1.0,1,23,3,18,0.0527,0.0839,GREEN,20,Kolkata
CLM0047212,KOL_01701,Sealdah,2023-03-24,14,0,0,0,0,0,0,0,0,0,0.0,0.0,0,0.0,0,412,0,3,0.6879,0.118,GREEN,33,Kolkata
CLM0047213,KOL_01986,Howrah,2017-10-21,18,0,0,0,0,0,0,0,0,0,0.0,0.301602,0,0.0,0,331,1,3,0.6686,0.0227,GREEN,47,Kolkata
CLM0047214,KOL_08917,Sealdah,2024-03-25,11,0,1,1,1,0,0,1,1,1,1.0,1.0,1,1.0,1,5,0,18,0.7026,0.1406,GREEN,37,Kolkata
CLM0047215,KOL_02846,Garia,2020-06-12,18,0,0,0,0,1,0,0,0,0,0.0,0.257414,0,0.0,0,420,2,1,0.05,0.2598,GREEN,47,Kolkata
CLM0047216,KOL_06577,Salt Lake,2023-07-26,17,0,0,0,0,0,0,0,0,0,0.0,0.065779,0,0.0,0,281,1,6,0.98,0.1206,GREEN,34,Kolkata
CLM0047217,KOL_00030,Esplanade,2025-01-22,10,0,0,0,0,1,0,1,0,0,0.0,1.0,0,0.0,0,366,3,0,0.7499,0.2196,GREEN,24,Kolkata
CLM0047218,KOL_06393,Howrah,2024-12-01,21,0,0,0,0,0,1,0,0,0,1.0,0.418007,0,0.0,0,257,4,5,0.4475,0.1768,GREEN,22,Kolkata
CLM0047219,KOL_01308,Salt Lake,2021-10-08,10,0,0,0,0,0,0,1,0,0,0.0,0.059684,0,0.0,0,259,3,3,0.6034,0.1093,GREEN,36,Kolkata
CLM0047220,KOL_04429,Dum Dum,2022-05-22,13,0,0,0,0,0,0,0,0,0,0.0,0.245133,0,0.0,0,270,1,1,0.9132,0.0,GREEN,32,Kolkata
CLM0047221,KOL_07586,Behala,2022-08-06,14,0,0,0,0,0,0,1,0,1,0.0,0.410517,0,0.0,0,114,2,1,0.273,0.2543,GREEN,18,Kolkata
CLM0047222,KOL_01118,Tollygunge,2024-12-18,10,0,0,0,0,0,0,1,0,0,0.0,0.434723,0,0.0,0,394,2,0,0.864,0.0627,GREEN,50,Kolkata
CLM0047223,KOL_09705,Behala,2022-02-27,13,0,0,0,0,0,0,0,0,0,0.0,0.299827,0,0.0,0,418,4,0,0.5262,0.0,GREEN,33,Kolkata
CLM0047224,KOL_09586,Sealdah,2024-08-10,20,0,0,0,0,0,0,0,0,0,0.0,0.250865,0,0.0,0,420,4,3,0.4342,0.0998,GREEN,18,Kolkata
CLM0047225,KOL_08588,Tollygunge,2021-12-24,13,0,0,0,0,0,0,0,0,0,0.0,0.24581,0,0.0,0,218,4,0,0.9322,0.0,GREEN,42,Kolkata
CLM0047226,KOL_07682,Park Street,2025-07-09,14,0,0,0,0,0,0,0,0,0,0.0,0.295227,0,0.0,0,254,2,0,0.8087,0.0294,GREEN,42,Kolkata
CLM0047227,KOL_07222,Sealdah,2021-12-21,7,0,0,0,0,0,0,0,0,0,0.0,0.0,0,0.0,0,223,3,5,0.547,0.0,GREEN,18,Kolkata
CLM0047228,KOL_06200,Tollygunge,2021-09-14,13,0,0,0,0,0,0,0,0,0,0.0,0.146392,0,0.0,0,303,1,2,0.7205,0.0,GREEN,18,Kolkata
CLM0047229,KOL_07123,New Town,2022-01-30,18,0,0,0,0,0,0,0,0,0,0.0,0.14552,0,0.0,0,389,0,0,0.7854,0.0458,GREEN,26,Kolkata
CLM0047230,KOL_03234,Dum Dum,2025-10-19,9,0,0,0,1,0,0,0,0,0,0.0,0.109817,0,0.0,0,336,3,5,0.7322,0.2585,GREEN,21,Kolkata
CLM0047231,KOL_08980,Howrah,2024-01-30,9,0,0,0,0,0,0,0,0,0,1.0,1.0,0,1.0,0,181,2,2,0.98,0.0,GREEN,44,Kolkata
CLM0047232,KOL_02336,Garia,2024-11-07,11,0,0,0,0,0,0,0,1,0,0.0,0.982834,0,0.0,0,182,0,1,0.05,0.1309,GREEN,44,Kolkata
CLM0047233,KOL_06453,Esplanade,2025-11-06,10,0,0,0,0,0,0,0,0,0,0.0,0.128756,0,0.0,0,340,0,1,0.9087,0.0,GREEN,34,Kolkata
CLM0047234,KOL_02415,Garia,2024-01-14,7,0,0,0,0,0,0,0,0,0,0.0,0.079681,0,0.0,0,420,2,3,0.5518,0.0,GREEN,19,Kolkata
CLM0047235,KOL_05812,Howrah,2025-02-24,10,0,0,0,0,0,0,0,0,0,0.0,0.0,0,0.0,0,305,4,2,0.5745,0.204,GREEN,29,Kolkata
CLM0047236,KOL_01402,Howrah,2023-08-14,14,0,0,0,0,0,0,0,0,0,1.0,0.109073,0,0.0,0,406,3,8,0.7119,0.087,GREEN,43,Kolkata
CLM0047237,KOL_03500,Esplanade,2018-03-21,14,0,0,0,0,0,0,0,1,0,0.0,0.144449,0,0.0,0,420,4,6,0.092,0.0306,GREEN,28,Kolkata
CLM0047238,KOL_06248,Tollygunge,2025-07-19,17,0,0,0,0,0,0,0,0,0,0.0,0.083487,0,0.0,0,308,1,1,0.7896,0.0,GREEN,18,Kolkata
CLM0047239,KOL_01812,Dum Dum,2023-06-30,10,0,0,0,0,0,0,0,0,0,0.0,0.031345,0,0.0,1,318,0,2,0.4519,0.0817,GREEN,30,Kolkata
CLM0047240,KOL_02024,Howrah,2023-12-09,8,0,0,0,0,0,0,0,0,0,0.0,0.172422,0,0.0,0,379,0,1,0.1348,0.0604,GREEN,37,Kolkata
CLM0047241,KOL_08910,Dum Dum,2025-12-14,17,0,0,0,0,0,0,0,0,0,0.0,0.260711,0,0.0,0,116,3,2,0.8865,0.0369,GREEN,53,Kolkata
CLM0047242,KOL_03442,Garia,2023-12-11,9,1,0,0,0,0,0,0,0,0,0.0,0.0,1,0.0,0,420,4,1,0.753,0.0,GREEN,31,Kolkata
CLM0047243,KOL_07649,Garia,2022-03-19,15,0,0,0,0,0,0,0,0,1,0.0,0.41898,0,0.0,0,122,3,1,0.1831,0.169,GREEN,35,Kolkata
CLM0047244,KOL_09091,Esplanade,2025-03-24,17,0,0,0,0,0,0,0,0,1,0.0,0.102371,0,0.0,0,127,1,1,0.5943,0.1535,GREEN,41,Kolkata
CLM0047245,KOL_06888,Esplanade,2024-07-18,17,0,0,0,0,0,0,0,0,0,0.0,0.998691,0,0.0,0,182,3,0,0.05,0.011,GREEN,34,Kolkata
CLM0047246,KOL_05984,Tollygunge,2025-05-20,15,0,0,0,0,0,0,0,0,0,0.0,0.312003,0,0.0,0,266,0,0,0.8902,0.0494,GREEN,35,Kolkata
CLM0047247,KOL_00382,Behala,2025-10-10,15,0,0,0,0,0,0,0,0,0,0.0,1.0,0,1.0,0,201,0,2,0.6721,0.0768,GREEN,53,Kolkata
CLM0047248,KOL_09059,Tollygunge,2025-08-15,9,0,0,0,0,0,0,0,0,0,0.0,0.90786,0,0.0,0,237,4,3,0.7248,0.0,GREEN,43,Kolkata
CLM0047249,KOL_03786,Sealdah,2025-06-02,8,0,0,0,0,0,0,0,0,0,0.0,0.0,0,0.0,0,278,1,1,0.7597,0.0861,GREEN,36,Kolkata
CLM0047250,KOL_05162,Sealdah,2024-11-09,20,0,0,0,0,0,0,0,0,0,0.0,0.221398,0,0.0,0,334,3,0,0.98,0.0287,GREEN,55,Kolkata
CLM0047251,KOL_09988,Garia,2025-06-10,19,0,0,0,0,1,0,0,0,0,1.0,0.190022,0,0.0,0,420,1,0,0.98,0.257,GREEN,28,Kolkata
CLM0047252,KOL_07332,Park Street,2024-07-06,18,0,0,0,0,0,0,0,0,0,0.0,0.137654,0,0.0,0,104,1,1,0.1369,0.0408,GREEN,34,Kolkata
CLM0047253,KOL_05126,Behala,2025-08-23,19,0,0,0,0,0,0,0,0,0,0.0,0.448323,0,0.0,0,290,4,1,0.6936,0.0,GREEN,18,Kolkata
CLM0047254,KOL_09660,Howrah,2025-09-28,9,0,0,0,0,0,0,0,0,0,1.0,1.0,0,1.0,0,420,3,0,0.8559,0.056,GREEN,37,Kolkata
CLM0047255,KOL_09311,Garia,2019-08-28,14,0,0,0,0,0,0,0,0,0,0.0,0.212576,0,0.0,0,231,2,2,0.8026,0.0721,GREEN,43,Kolkata
CLM0047256,KOL_06293,Howrah,2021-09-16,13,0,0,0,0,0,0,0,1,0,0.0,0.10566,0,0.0,0,420,1,0,0.7526,0.0983,GREEN,55,Kolkata
CLM0047257,KOL_05678,Garia,2022-10-20,15,0,0,0,0,0,1,0,0,0,0.0,0.155456,0,0.0,0,420,2,3,0.0972,0.1654,GREEN,48,Kolkata
CLM0047258,KOL_03885,Behala,2024-05-06,8,0,0,0,1,0,0,0,0,0,0.0,0.459007,1,0.0,0,83,3,0,0.7018,0.2633,GREEN,18,Kolkata
CLM0047259,KOL_07134,Behala,2018-11-04,17,0,0,0,0,0,0,0,0,0,1.0,0.368052,0,0.0,0,217,1,1,0.6559,0.1238,GREEN,29,Kolkata
CLM0047260,KOL_08442,Sealdah,2019-11-22,19,0,0,0,0,0,0,0,0,0,0.0,0.027488,0,0.0,0,194,4,0,0.596,0.0,GREEN,45,Kolkata
CLM0047261,KOL_04956,New Town,2022-04-02,21,0,0,0,0,0,1,0,0,0,0.0,0.120128,0,0.0,0,256,0,0,0.5309,0.069,GREEN,39,Kolkata
CLM0047262,KOL_00562,Tollygunge,2019-11-11,20,0,0,0,0,0,0,0,0,0,0.0,0.118537,0,0.0,0,420,0,4,0.6846,0.0,GREEN,47,Kolkata
CLM0047263,KOL_06618,Sealdah,2020-02-03,17,0,0,0,0,0,0,0,0,0,0.0,0.311023,0,1.0,1,83,3,3,0.9798,0.0128,GREEN,44,Kolkata
CLM0047264,KOL_02709,New Town,2023-08-06,10,0,0,0,0,0,0,0,0,0,0.0,0.234001,0,0.0,0,195,1,0,0.0883,0.0,GREEN,43,Kolkata
CLM0047265,KOL_01628,Garia,2022-08-12,21,0,1,1,0,0,0,0,0,0,0.0,0.108033,0,0.0,0,420,3,2,0.1869,0.0,GREEN,37,Kolkata
CLM0047266,KOL_06228,Esplanade,2022-05-06,11,0,0,0,0,0,0,0,0,0,0.0,0.14056,1,0.0,0,204,3,0,0.6459,0.0477,GREEN,36,Kolkata
CLM0047267,KOL_03716,Esplanade,2022-06-18,21,0,0,0,0,0,0,1,0,0,0.0,0.12652,0,0.0,0,218,1,1,0.856,0.0619,GREEN,42,Kolkata
CLM0047268,KOL_09033,Sealdah,2025-01-20,21,0,0,0,0,0,0,0,0,0,0.0,0.443651,0,0.0,0,221,4,3,0.4544,0.0489,GREEN,35,Kolkata
CLM0047269,KOL_05054,Esplanade,2018-07-12,18,0,0,0,0,0,0,0,0,0,0.0,0.08967,0,0.0,0,294,1,2,0.5211,0.0,GREEN,44,Kolkata
CLM0047270,KOL_03625,Esplanade,2019-08-15,10,0,0,0,0,0,0,0,0,0,0.0,0.9371,0,0.0,1,232,0,2,0.6671,0.0025,GREEN,44,Kolkata
CLM0047271,KOL_00837,Howrah,2024-08-02,15,0,0,0,0,0,0,0,0,0,0.0,0.227145,0,0.0,0,64,1,5,0.8743,0.0,GREEN,19,Kolkata
CLM0047272,KOL_02772,Sealdah,2023-08-10,21,0,0,0,0,0,0,0,0,0,0.0,0.278125,0,0.0,0,389,1,0,0.4985,0.0709,GREEN,23,Kolkata
CLM0047273,KOL_03347,Esplanade,2025-11-03,21,0,0,0,1,0,0,0,0,0,1.0,0.215042,1,0.0,0,97,2,3,0.6709,0.291,GREEN,50,Kolkata
CLM0047274,KOL_09896,Behala,2021-08-01,13,0,0,0,0,0,0,0,0,1,0.0,0.23611,1,0.0,0,420,2,7,0.5313,0.2678,GREEN,26,Kolkata
CLM0047275,KOL_04532,Garia,2019-09-12,13,0,0,0,0,0,0,0,0,0,0.0,0.013812,0,1.0,0,397,0,2,0.7356,0.0294,GREEN,35,Kolkata
CLM0047276,KOL_04287,Garia,2021-08-07,8,0,0,0,0,0,0,0,0,0,0.0,0.002501,0,0.0,0,130,1,2,0.7013,0.033,GREEN,33,Kolkata
CLM0047277,KOL_08638,Sealdah,2024-01-04,13,0,0,0,0,0,0,0,0,0,1.0,0.0,0,1.0,0,302,1,2,0.5228,0.0808,GREEN,22,Kolkata
CLM0047278,KOL_01077,Sealdah,2023-11-10,9,0,0,0,0,0,0,0,0,0,0.0,0.295289,0,0.0,0,285,3,1,0.6736,0.0,GREEN,38,Kolkata
CLM0047279,KOL_03155,Sealdah,2024-03-28,9,0,0,0,0,0,0,0,1,1,0.0,0.348481,1,0.0,0,420,2,2,0.3185,0.3544,YELLOW,25,Kolkata
CLM0047280,KOL_08205,Tollygunge,2022-08-10,13,0,0,0,0,0,0,0,0,0,0.0,0.031891,0,0.0,0,342,3,5,0.8961,0.0,GREEN,33,Kolkata
CLM0047281,KOL_01943,Garia,2025-10-10,21,0,0,0,0,0,0,0,0,0,0.0,0.333622,0,0.0,0,78,0,2,0.2821,0.0,GREEN,39,Kolkata
CLM0047282,KOL_01494,Salt Lake,2021-11-19,9,0,0,0,0,0,0,0,0,0,0.0,0.16495,0,0.0,0,420,3,2,0.9107,0.0334,GREEN,18,Kolkata
CLM0047283,KOL_06318,Dum Dum,2023-07-20,9,0,0,0,0,0,0,0,0,0,0.0,0.443023,0,0.0,0,230,2,0,0.2435,0.0,GREEN,38,Kolkata
CLM0047284,KOL_01634,Dum Dum,2019-10-06,11,0,0,0,0,0,0,0,0,0,0.0,1.0,0,0.0,0,420,0,2,0.5722,0.0044,GREEN,38,Kolkata
CLM0047285,KOL_00452,Esplanade,2025-01-25,19,0,0,0,0,0,0,0,0,0,0.0,0.080509,0,0.0,0,192,1,2,0.98,0.0,GREEN,34,Kolkata
CLM0047286,KOL_07932,Park Street,2021-02-17,11,0,0,0,0,0,1,0,0,0,0.0,0.311579,0,0.0,0,5,3,1,0.6872,0.1623,GREEN,41,Kolkata
CLM0047287,KOL_07872,Park Street,2024-04-21,16,0,0,0,0,0,0,0,0,0,0.0,0.389256,0,0.0,0,238,0,4,0.7517,0.0,GREEN,49,Kolkata
CLM0047288,KOL_08943,Park Street,2023-11-22,7,0,0,0,0,0,0,0,0,0,0.0,0.257271,0,0.0,0,382,4,0,0.8074,0.068,GREEN,18,Kolkata
CLM0047289,KOL_03000,New Town,2024-09-04,8,0,0,0,0,0,0,0,0,0,0.0,0.2799,0,0.0,0,420,0,4,0.98,0.0368,GREEN,42,Kolkata
CLM0047290,KOL_04515,Park Street,2017-03-27,11,0,0,0,0,0,0,0,1,0,0.0,0.154167,0,0.0,0,181,0,3,0.98,0.0701,GREEN,43,Kolkata
CLM0047291,KOL_03551,Park Street,2024-12-18,20,0,0,0,0,0,0,0,1,0,0.0,0.241776,1,0.0,0,236,4,2,0.6685,0.1793,GREEN,47,Kolkata
CLM0047292,KOL_04596,Howrah,2017-10-30,7,0,0,0,0,1,0,0,0,0,0.0,0.022827,0,0.0,0,341,2,0,0.6715,0.2126,GREEN,43,Kolkata
CLM0047293,KOL_06625,Dum Dum,2025-07-15,16,0,0,0,0,0,0,0,0,0,0.0,0.250178,0,0.0,0,119,1,5,0.1617,0.0,GREEN,26,Kolkata
CLM0047294,KOL_01277,Park Street,2021-05-22,11,0,0,0,0,0,0,1,0,0,1.0,0.022114,0,0.0,0,135,0,2,0.3926,0.1147,GREEN,19,Kolkata
CLM0047295,KOL_05041,Sealdah,2021-05-31,13,0,0,0,0,0,0,0,0,0,0.0,0.0,0,1.0,0,420,4,0,0.8615,0.0,GREEN,47,Kolkata
CLM0047296,KOL_00919,Howrah,2022-10-20,10,0,0,0,0,0,1,0,0,0,0.0,0.032576,1,0.0,0,375,1,0,0.4006,0.1203,GREEN,18,Kolkata
CLM0047297,KOL_07884,Behala,2025-06-04,20,0,0,0,0,0,0,0,1,0,0.0,0.39626,0,0.0,0,297,0,3,0.7158,0.0688,GREEN,36,Kolkata
CLM0047298,KOL_09251,Esplanade,2025-03-31,8,0,0,0,0,0,0,0,0,0,0.0,0.979218,0,0.0,0,272,3,3,0.9453,0.0,GREEN,33,Kolkata
CLM0047299,KOL_00747,Esplanade,2025-06-30,8,0,0,0,0,0,0,0,0,0,0.0,0.158542,0,0.0,0,304,3,7,0.9159,0.039,GREEN,32,Kolkata
CLM0047300,KOL_00570,Behala,2025-05-03,8,0,1,1,0,0,0,0,0,0,0.0,0.889272,0,0.0,0,420,0,5,0.7725,0.0718,GREEN,41,Kolkata
CLM0047301,KOL_01206,Tollygunge,2025-02-22,19,0,0,0,0,0,1,1,1,0,0.0,0.161262,0,0.0,1,5,1,18,0.98,0.0796,GREEN,37,Kolkata
CLM0047302,KOL_01535,Sealdah,2025-04-13,7,0,0,0,0,0,0,0,0,0,0.0,0.207698,0,0.0,0,272,3,4,0.8249,0.0213,GREEN,24,Kolkata
CLM0047303,KOL_03676,Howrah,2024-11-30,8,0,0,0,0,0,0,0,0,0,1.0,0.159022,0,0.0,0,168,4,0,0.9239,0.0423,GREEN,35,Kolkata
CLM0047304,KOL_05203,Tollygunge,2025-10-06,14,0,0,0,1,0,1,0,0,0,0.0,1.0,0,0.0,0,11,2,18,0.2497,0.0247,GREEN,38,Kolkata
CLM0047305,KOL_04730,Esplanade,2025-06-08,16,0,0,0,0,0,0,0,0,0,0.0,0.389358,0,0.0,0,420,0,1,0.6098,0.0,GREEN,27,Kolkata
CLM0047306,KOL_00339,Behala,2025-10-12,19,0,0,0,0,0,0,0,0,0,0.0,0.19331,1,0.0,0,226,0,2,0.05,0.0529,GREEN,29,Kolkata
CLM0047307,KOL_09348,Tollygunge,2022-05-11,12,0,0,0,0,0,0,0,0,0,0.0,0.131603,0,1.0,0,170,3,6,0.98,0.0,GREEN,18,Kolkata
CLM0047308,KOL_03478,Howrah,2019-09-11,19,0,0,0,0,0,0,0,0,0,0.0,0.335602,0,0.0,0,67,4,1,0.6886,0.0055,GREEN,31,Kolkata
CLM0047309,KOL_03234,Dum Dum,2018-08-27,21,0,0,0,0,0,0,0,0,0,0.0,0.119207,0,0.0,0,227,3,1,0.1699,0.0,GREEN,21,Kolkata
CLM0047310,KOL_09009,Tollygunge,2018-09-20,8,0,0,0,1,0,0,0,0,0,0.0,0.144673,0,0.0,0,284,4,2,0.8632,0.1835,GREEN,18,Kolkata
CLM0047311,KOL_04177,Behala,2024-10-17,16,0,0,0,0,0,0,1,0,0,0.0,0.112391,0,0.0,0,420,1,2,0.7437,0.0271,GREEN,43,Kolkata
CLM0047312,KOL_00754,Dum Dum,2025-02-08,15,0,0,0,0,0,0,0,0,0,0.0,0.169069,0,0.0,0,82,4,0,0.98,0.0243,GREEN,32,Kolkata
CLM0047313,KOL_02615,Salt Lake,2025-10-17,16,0,0,0,0,0,0,0,1,0,0.0,0.419106,1,0.0,0,377,1,0,0.05,0.2311,GREEN,37,Kolkata
CLM0047314,KOL_08375,Garia,2024-11-09,10,0,0,0,0,0,1,0,0,0,0.0,0.186744,0,0.0,0,345,1,0,0.98,0.0417,GREEN,40,Kolkata
CLM0047315,KOL_09923,Esplanade,2024-02-16,13,0,0,0,0,0,0,0,0,0,0.0,0.114113,0,0.0,0,353,3,1,0.05,0.0,GREEN,58,Kolkata
CLM0047316,KOL_07887,Park Street,2025-07-18,9,0,0,0,0,0,0,0,0,0,0.0,0.1028,0,0.0,1,420,0,0,0.05,0.0916,GREEN,30,Kolkata
CLM0047317,KOL_07673,Behala,2024-09-04,9,0,0,0,0,0,0,0,0,1,0.0,0.246831,0,0.0,0,363,0,3,0.98,0.1118,GREEN,45,Kolkata
CLM0047318,KOL_05592,Behala,2023-10-03,19,0,0,0,1,0,0,0,0,0,0.0,0.33277,0,0.0,0,420,2,5,0.98,0.1001,GREEN,41,Kolkata
CLM0047319,KOL_01598,Tollygunge,2023-04-23,13,0,0,0,1,0,0,0,0,0,0.0,0.131749,0,0.0,0,162,0,1,0.98,0.0845,GREEN,33,Kolkata
CLM0047320,KOL_00011,Park Street,2025-06-13,18,0,0,0,0,0,0,0,0,0,0.0,0.340198,0,0.0,0,280,4,0,0.7073,0.051,GREEN,23,Kolkata
CLM0047321,KOL_04709,Sealdah,2025-10-16,18,0,0,0,0,0,0,0,0,0,0.0,0.0,0,0.0,0,355,3,3,0.8429,0.0174,GREEN,34,Kolkata
CLM0047322,KOL_09470,Sealdah,2016-09-08,17,0,0,0,1,1,0,1,1,0,1.0,1.0,0,1.0,1,5,2,15,0.98,0.1474,GREEN,47,Kolkata
CLM0047323,KOL_00428,Sealdah,2016-12-08,7,0,0,0,0,0,0,0,0,0,0.0,0.16799,1,0.0,0,420,3,3,0.7841,0.1085,GREEN,39,Kolkata
CLM0047324,KOL_01895,New Town,2020-10-14,9,0,0,0,1,0,0,0,0,0,0.0,0.325022,0,0.0,0,393,2,2,0.7246,0.204,GREEN,34,Kolkata
CLM0047325,KOL_08403,Salt Lake,2023-07-28,18,0,0,0,0,0,0,0,0,0,0.0,1.0,0,0.0,0,110,1,0,0.8797,0.0577,GREEN,40,Kolkata
CLM0047326,KOL_01379,Park Street,2021-02-07,19,0,0,0,0,0,0,0,0,0,0.0,0.329798,0,0.0,0,279,1,3,0.6751,0.0,GREEN,50,Kolkata
CLM0047327,KOL_03892,Garia,2022-09-25,7,0,0,0,1,0,0,0,0,1,0.0,0.049059,0,0.0,0,228,1,2,0.5156,0.267,GREEN,44,Kolkata
CLM0047328,KOL_02023,Behala,2024-02-10,14,0,0,0,0,0,0,0,0,0,0.0,0.100114,0,0.0,0,99,1,2,0.8771,0.0382,GREEN,26,Kolkata
CLM0047329,KOL_03899,Esplanade,2024-03-07,7,0,0,0,0,1,0,0,0,0,0.0,0.111138,0,0.0,0,46,1,2,0.6557,0.1197,GREEN,37,Kolkata
CLM0047330,KOL_01203,Tollygunge,2023-07-30,8,0,0,0,0,0,0,0,0,0,0.0,0.268983,0,0.0,0,53,0,6,0.98,0.0,GREEN,56,Kolkata
CLM0047331,KOL_07493,Howrah,2025-01-03,9,0,0,0,0,0,0,0,0,0,0.0,0.161397,0,0.0,0,42,1,4,0.6034,0.0335,GREEN,18,Kolkata
CLM0047332,KOL_04701,New Town,2022-04-18,12,0,0,0,0,0,0,0,0,0,1.0,0.982279,0,0.0,0,398,1,0,0.7548,0.0,GREEN,44,Kolkata
CLM0047333,KOL_08301,Park Street,2024-01-31,17,0,0,0,0,0,0,1,0,0,0.0,0.399714,0,0.0,0,209,1,3,0.5658,0.0924,GREEN,20,Kolkata
CLM0047334,KOL_00456,Behala,2025-03-23,10,0,0,0,0,0,0,0,0,0,0.0,0.247372,0,0.0,0,385,4,3,0.7688,0.0,GREEN,29,Kolkata
CLM0047335,KOL_05016,Tollygunge,2024-06-07,20,0,0,0,0,0,0,0,0,0,0.0,1.0,0,0.0,0,305,1,2,0.0914,0.0,GREEN,46,Kolkata
CLM0047336,KOL_09731,Sealdah,2025-12-03,15,0,0,0,1,0,0,0,0,0,0.0,0.117195,0,0.0,0,350,1,6,0.8446,0.129,GREEN,26,Kolkata
CLM0047337,KOL_03183,Garia,2023-03-04,14,0,0,0,1,0,0,0,0,0,0.0,0.001801,0,0.0,0,71,0,5,0.5666,0.2236,GREEN,47,Kolkata
CLM0047338,KOL_04939,New Town,2024-05-27,20,0,0,0,0,0,0,0,0,0,1.0,0.9961,0,1.0,0,239,4,4,0.8568,0.0209,GREEN,44,Kolkata
CLM0047339,KOL_00807,Dum Dum,2024-01-29,12,0,0,0,0,0,0,0,0,0,0.0,0.114049,0,0.0,0,213,0,5,0.834,0.0438,GREEN,36,Kolkata
CLM0047340,KOL_04173,Sealdah,2018-04-24,17,0,0,0,0,0,0,0,0,0,0.0,0.161516,0,0.0,0,324,2,4,0.9386,0.0595,GREEN,38,Kolkata
CLM0047341,KOL_01624,Garia,2021-10-24,21,0,0,0,0,0,0,0,1,0,0.0,0.097946,0,0.0,0,238,1,2,0.6502,0.1423,GREEN,57,Kolkata
CLM0047342,KOL_07111,Dum Dum,2022-08-12,20,0,0,0,0,0,1,0,0,0,0.0,0.286273,0,0.0,0,76,4,1,0.05,0.1436,GREEN,39,Kolkata
CLM0047343,KOL_09762,Esplanade,2023-06-19,13,0,0,0,0,0,0,0,0,1,0.0,0.315432,0,0.0,0,96,4,1,0.8915,0.1259,GREEN,25,Kolkata
CLM0047344,KOL_08595,Behala,2023-05-28,12,0,0,0,0,0,0,0,0,0,0.0,0.29181,0,0.0,0,307,4,0,0.2556,0.0072,GREEN,35,Kolkata
CLM0047345,KOL_06651,Howrah,2024-05-30,14,0,0,0,0,0,0,0,0,0,1.0,0.988188,0,1.0,0,69,2,5,0.564,0.0091,GREEN,26,Kolkata
CLM0047346,KOL_02377,New Town,2025-09-06,14,0,1,1,1,1,1,1,1,1,0.0,1.0,0,0.0,1,5,0,18,0.0628,0.9064,RED,36,Kolkata
CLM0047347,KOL_00410,Garia,2017-07-25,18,0,1,1,0,0,1,1,1,0,0.0,0.177552,0,0.0,1,9,2,18,0.9629,0.5198,YELLOW,39,Kolkata
CLM0047348,KOL_08204,Esplanade,2019-06-02,11,0,1,1,1,1,1,1,1,1,1.0,0.930458,0,0.0,1,5,1,18,0.2343,0.7828,RED,37,Kolkata
CLM0047349,KOL_03671,New Town,2017-07-09,21,0,1,1,1,1,0,1,0,1,0.0,1.0,0,0.0,1,35,0,18,0.8193,0.5471,YELLOW,41,Kolkata
CLM0047350,KOL_02346,Salt Lake,2021-11-22,12,0,1,1,1,0,0,0,0,1,1.0,0.962505,0,0.0,0,7,2,18,0.349,0.3935,YELLOW,47,Kolkata
CLM0047351,KOL_04357,Esplanade,2022-11-24,7,0,1,1,1,0,1,0,1,1,1.0,0.106436,0,0.0,1,11,0,18,0.3015,0.7485,RED,30,Kolkata
CLM0047352,KOL_00683,Sealdah,2024-09-15,21,0,1,1,0,0,0,1,0,0,0.0,0.540408,0,0.0,0,8,0,1,0.1948,0.9398,RED,35,Kolkata
CLM0047353,KOL_02848,Howrah,2023-08-29,12,0,0,0,0,0,0,0,0,0,0.0,0.225137,1,0.0,0,351,1,2,0.7657,0.0949,GREEN,45,Kolkata
CLM0047354,KOL_07654,Sealdah,2023-06-19,14,0,0,0,0,0,1,1,0,0,1.0,0.220609,0,0.0,0,361,4,0,0.643,0.2992,GREEN,45,Kolkata
CLM0047355,KOL_09384,Park Street,2025-11-18,19,0,0,0,0,0,0,1,0,0,0.0,0.349401,0,0.0,0,388,2,2,0.6152,0.0,GREEN,59,Kolkata
CLM0047356,KOL_09415,Dum Dum,2024-09-06,11,0,0,0,0,0,0,0,0,1,1.0,0.070504,0,0.0,0,55,3,0,0.7959,0.1804,GREEN,33,Kolkata
CLM0047357,KOL_09981,Howrah,2025-08-13,12,0,1,1,0,0,0,0,0,0,0.0,0.03416,0,0.0,0,38,1,0,0.6551,0.0248,GREEN,44,Kolkata
CLM0047358,KOL_02316,Dum Dum,2025-08-13,9,0,0,0,0,0,0,0,0,1,0.0,0.29017,0,1.0,0,351,3,0,0.05,0.1901,GREEN,26,Kolkata
CLM0047359,KOL_09406,Salt Lake,2024-02-11,17,0,0,0,0,1,0,0,0,0,0.0,1.0,0,0.0,0,256,3,5,0.4871,0.0405,GREEN,43,Kolkata
CLM0047360,KOL_09530,Esplanade,2024-12-06,20,0,0,0,0,1,1,1,1,1,1.0,1.0,0,1.0,0,5,0,18,0.077,0.1575,GREEN,23,Kolkata
CLM0047361,KOL_07492,New Town,2025-02-07,18,0,0,0,1,0,0,0,0,0,1.0,0.244005,0,0.0,0,122,0,6,0.98,0.1374,GREEN,31,Kolkata
CLM0047362,KOL_05156,Behala,2023-09-23,18,0,0,0,0,0,0,0,0,0,0.0,0.029342,0,0.0,0,383,0,4,0.8549,0.0402,GREEN,40,Kolkata
CLM0047363,KOL_01079,Dum Dum,2025-07-06,13,0,0,0,1,0,0,0,0,0,0.0,1.0,0,0.0,0,225,3,0,0.9697,0.0985,GREEN,36,Kolkata
CLM0047364,KOL_01951,Park Street,2023-08-05,20,0,0,0,0,0,0,0,1,0,0.0,0.248404,0,0.0,0,312,0,2,0.6754,0.1013,GREEN,18,Kolkata
CLM0047365,KOL_01812,Dum Dum,2023-03-23,7,0,0,0,0,0,0,0,0,0,0.0,1.0,0,0.0,0,420,4,1,0.408,0.0523,GREEN,30,Kolkata
CLM0047366,KOL_09732,Sealdah,2021-09-03,20,0,0,0,0,0,1,1,0,0,0.0,1.0,0,0.0,0,296,0,1,0.7695,0.1074,GREEN,33,Kolkata
CLM0047367,KOL_08024,Tollygunge,2024-07-25,21,0,0,0,0,0,0,0,0,0,0.0,0.101276,0,0.0,0,420,2,3,0.6542,0.034,GREEN,68,Kolkata
CLM0047368,KOL_06889,Tollygunge,2020-07-27,9,0,0,0,0,0,1,0,0,0,0.0,0.332247,0,0.0,0,81,3,1,0.8166,0.0193,GREEN,43,Kolkata
CLM0047369,KOL_09888,Sealdah,2023-11-21,8,0,0,0,0,0,1,0,0,0,0.0,0.150764,0,0.0,0,174,3,3,0.6735,0.0453,GREEN,26,Kolkata
CLM0047370,KOL_04663,New Town,2023-02-15,9,0,0,0,0,0,0,0,0,0,0.0,0.882145,0,0.0,0,333,4,0,0.5274,0.0,GREEN,52,Kolkata
CLM0047371,KOL_04281,Howrah,2022-05-12,13,0,0,0,0,0,0,1,0,0,0.0,1.0,1,0.0,0,59,2,0,0.574,0.181,GREEN,23,Kolkata
CLM0047372,KOL_09964,New Town,2023-12-05,11,0,0,0,0,0,0,0,0,0,0.0,0.177906,0,0.0,0,370,4,3,0.7074,0.0682,GREEN,18,Kolkata
CLM0047373,KOL_07406,Behala,2022-06-04,12,0,0,0,0,0,0,0,0,0,0.0,0.113216,1,0.0,0,393,3,0,0.98,0.0983,GREEN,30,Kolkata
CLM0047374,KOL_02910,Salt Lake,2024-12-27,18,0,0,0,0,0,0,0,0,1,0.0,0.121275,0,0.0,0,104,2,4,0.1609,0.1387,GREEN,40,Kolkata
CLM0047375,KOL_00656,Garia,2021-11-11,16,0,0,0,0,0,0,0,0,0,0.0,0.362958,0,0.0,0,420,0,3,0.4081,0.0,GREEN,23,Kolkata
CLM0047376,KOL_08907,Park Street,2022-02-01,8,0,0,0,0,0,0,0,1,0,0.0,1.0,0,0.0,0,379,4,4,0.9135,0.1015,GREEN,40,Kolkata
CLM0047377,KOL_09342,Dum Dum,2023-07-11,9,0,0,0,0,0,0,0,0,0,0.0,0.320924,0,0.0,0,420,3,0,0.4147,0.0176,GREEN,32,Kolkata
CLM0047378,KOL_01319,Salt Lake,2023-07-21,17,0,0,0,0,1,0,0,0,1,0.0,0.0,1,0.0,0,415,0,1,0.6111,0.3266,YELLOW,42,Kolkata
CLM0047379,KOL_07544,Salt Lake,2023-12-11,16,1,0,0,0,0,0,0,0,0,0.0,0.222799,0,0.0,0,194,2,0,0.8126,0.0098,GREEN,52,Kolkata
CLM0047380,KOL_04058,Park Street,2025-03-17,20,0,0,0,0,0,0,0,0,0,0.0,0.95053,0,0.0,0,214,3,2,0.7338,0.0,GREEN,24,Kolkata
CLM0047381,KOL_00887,Esplanade,2025-06-27,12,0,0,0,0,0,0,0,0,0,0.0,0.154913,0,0.0,0,85,1,6,0.6722,0.0,GREEN,30,Kolkata
CLM0047382,KOL_06183,Howrah,2023-10-03,17,0,0,0,0,0,1,0,0,0,0.0,0.149605,0,0.0,0,49,4,0,0.688,0.0603,GREEN,28,Kolkata
CLM0047383,KOL_01682,Garia,2021-02-02,13,0,0,0,0,0,1,0,1,0,0.0,0.0,0,0.0,0,235,1,3,0.6708,0.266,GREEN,40,Kolkata
CLM0047384,KOL_03353,Tollygunge,2021-04-12,20,0,0,0,0,0,0,0,0,0,0.0,0.338904,0,0.0,0,155,1,5,0.9375,0.0755,GREEN,26,Kolkata
CLM0047385,KOL_00729,Behala,2022-02-22,18,0,0,0,1,0,0,0,0,0,1.0,0.303468,0,0.0,0,10,0,0,0.2635,0.1118,GREEN,27,Kolkata
CLM0047386,KOL_05263,Salt Lake,2022-06-11,12,0,0,0,0,0,0,0,1,0,0.0,0.166551,0,0.0,0,76,0,3,0.4847,0.1285,GREEN,43,Kolkata
CLM0047387,KOL_06897,Park Street,2021-07-17,12,0,0,0,0,0,0,1,0,0,0.0,0.075814,0,0.0,0,260,0,3,0.4898,0.1156,GREEN,32,Kolkata
CLM0047388,KOL_08715,Sealdah,2024-12-21,14,0,0,0,0,0,0,0,0,0,0.0,0.413248,0,0.0,0,420,4,0,0.8057,0.0,GREEN,34,Kolkata
CLM0047389,KOL_01459,Park Street,2024-01-11,8,0,0,0,0,1,1,0,0,0,0.0,0.221778,0,1.0,0,101,0,3,0.8266,0.1827,GREEN,26,Kolkata
CLM0047390,KOL_04802,Dum Dum,2020-07-11,16,0,0,0,0,0,0,0,0,0,0.0,0.047923,0,0.0,0,286,3,1,0.8224,0.0276,GREEN,30,Kolkata
CLM0047391,KOL_06498,Howrah,2019-08-16,21,0,0,0,0,0,0,0,0,0,0.0,0.239146,0,0.0,0,420,4,6,0.5302,0.0,GREEN,46,Kolkata
CLM0047392,KOL_09085,Salt Lake,2022-08-08,11,0,0,0,1,0,1,0,0,0,0.0,0.354201,0,0.0,0,264,1,0,0.7137,0.3355,YELLOW,42,Kolkata
CLM0047393,KOL_05912,Behala,2024-05-26,13,0,0,0,0,0,0,0,1,0,0.0,0.334026,1,0.0,0,420,2,0,0.1671,0.1696,GREEN,42,Kolkata
CLM0047394,KOL_08640,Esplanade,2018-08-08,18,0,0,0,0,0,0,0,1,0,0.0,0.282762,0,0.0,0,370,4,5,0.9788,0.089,GREEN,37,Kolkata
CLM0047395,KOL_04782,Park Street,2018-01-14,10,0,0,0,0,0,0,0,0,0,0.0,0.261696,0,0.0,0,417,0,1,0.9246,0.0,GREEN,44,Kolkata
CLM0047396,KOL_06942,Sealdah,2016-09-05,21,0,1,1,0,0,0,0,0,0,0.0,0.410983,0,0.0,0,224,0,3,0.5743,0.0,GREEN,18,Kolkata
CLM0047397,KOL_06110,Tollygunge,2018-11-05,21,0,0,0,0,0,0,0,1,0,0.0,0.212354,0,0.0,0,70,2,1,0.7707,0.1228,GREEN,46,Kolkata
CLM0047398,KOL_08653,Behala,2025-05-12,10,0,0,0,1,0,0,0,0,1,0.0,0.057708,0,0.0,0,420,1,2,0.5495,0.2475,GREEN,27,Kolkata
CLM0047399,KOL_04586,Garia,2019-04-14,20,0,0,0,0,0,0,0,0,0,1.0,0.199404,0,0.0,0,420,0,1,0.834,0.0,GREEN,36,Kolkata
CLM0047400,KOL_05095,Behala,2022-08-24,18,0,0,0,0,0,1,0,1,0,0.0,0.267444,0,0.0,1,150,0,0,0.616,0.2607,GREEN,41,Kolkata
CLM0047401,KOL_04149,Park Street,2024-07-29,18,0,0,0,0,0,0,0,0,0,0.0,0.098218,0,0.0,0,288,2,2,0.911,0.0,GREEN,54,Kolkata
CLM0047402,KOL_04210,Dum Dum,2025-10-30,8,0,0,0,0,0,0,0,0,0,1.0,0.970267,0,1.0,0,292,2,6,0.9334,0.0,GREEN,38,Kolkata
CLM0047403,KOL_07654,Sealdah,2025-04-27,10,0,0,0,0,0,0,0,0,0,0.0,0.008671,0,0.0,0,309,4,3,0.6246,0.0,GREEN,45,Kolkata
CLM0047404,KOL_06146,Howrah,2019-09-16,21,0,0,0,0,0,0,0,0,0,0.0,0.149714,0,0.0,0,196,4,2,0.1743,0.0033,GREEN,30,Kolkata
CLM0047405,KOL_06434,Park Street,2022-08-18,18,0,0,0,0,0,0,1,0,1,1.0,1.0,1,1.0,1,53,2,18,0.1785,0.076,GREEN,38,Kolkata
CLM0047406,KOL_08092,Howrah,2022-05-19,12,0,0,0,0,0,0,0,0,0,0.0,0.177375,0,1.0,0,420,0,4,0.8216,0.0,GREEN,46,Kolkata
CLM0047407,KOL_08758,New Town,2019-08-07,11,0,0,0,0,0,0,0,0,0,0.0,0.044985,1,0.0,0,195,2,1,0.6494,0.0249,GREEN,47,Kolkata
CLM0047408,KOL_07993,Howrah,2025-06-23,7,0,0,0,0,0,0,0,0,0,0.0,0.252762,0,0.0,0,420,1,2,0.5754,0.0,GREEN,27,Kolkata
CLM0047409,KOL_00603,Dum Dum,2024-11-27,7,0,0,0,0,0,0,0,0,0,0.0,0.056126,0,0.0,0,420,0,0,0.8976,0.0,GREEN,41,Kolkata
CLM0047410,KOL_09173,Sealdah,2020-06-16,11,0,0,0,0,1,0,0,1,0,0.0,0.243871,0,0.0,0,301,0,1,0.9391,0.2294,GREEN,37,Kolkata
CLM0047411,KOL_07070,New Town,2018-11-16,16,0,0,0,0,0,0,0,0,0,0.0,0.015496,0,0.0,0,420,2,3,0.3692,0.0354,GREEN,48,Kolkata
CLM0047412,KOL_09453,Esplanade,2023-04-28,8,0,0,0,0,0,1,0,0,0,0.0,0.310014,0,0.0,0,103,0,0,0.9466,0.1904,GREEN,22,Kolkata
CLM0047413,KOL_08478,Howrah,2022-09-15,20,0,0,0,0,0,0,0,0,1,1.0,0.013039,0,0.0,0,161,1,1,0.7484,0.2095,GREEN,41,Kolkata
CLM0047414,KOL_01720,Dum Dum,2025-03-24,11,0,1,1,0,0,0,0,0,0,0.0,0.169789,0,0.0,0,26,4,0,0.96,0.0,GREEN,37,Kolkata
CLM0047415,KOL_08983,Park Street,2019-07-14,21,0,0,0,0,0,0,0,0,1,0.0,0.0,0,0.0,0,57,0,0,0.605,0.2487,GREEN,40,Kolkata
CLM0047416,KOL_09903,Park Street,2019-03-22,11,0,0,0,0,0,0,0,0,0,1.0,0.043661,0,1.0,0,414,0,0,0.6426,0.0926,GREEN,22,Kolkata
CLM0047417,KOL_02185,Esplanade,2022-01-20,10,0,0,0,0,0,0,0,0,1,0.0,0.228321,0,0.0,0,410,3,1,0.05,0.0397,GREEN,37,Kolkata
CLM0047418,KOL_09567,Howrah,2024-07-28,8,0,1,1,0,0,0,0,0,0,0.0,0.188875,0,0.0,0,420,1,6,0.5704,0.0454,GREEN,38,Kolkata
CLM0047419,KOL_02196,Tollygunge,2020-02-20,9,0,0,0,0,0,1,0,0,0,0.0,0.375559,0,0.0,0,39,0,0,0.5133,0.1395,GREEN,33,Kolkata
CLM0047420,KOL_02640,Dum Dum,2022-08-16,9,0,0,0,0,0,0,0,0,0,0.0,0.304693,0,0.0,0,212,0,0,0.6793,0.0,GREEN,21,Kolkata
CLM0047421,KOL_01947,Esplanade,2021-02-08,17,0,0,0,0,0,0,1,0,0,0.0,0.149595,0,0.0,0,313,4,2,0.6865,0.0126,GREEN,45,Kolkata
CLM0047422,KOL_02109,Dum Dum,2021-06-12,16,0,0,0,0,0,0,0,0,0,0.0,0.282356,0,0.0,0,226,0,7,0.9489,0.0,GREEN,45,Kolkata
CLM0047423,KOL_06661,Dum Dum,2017-08-09,17,0,0,0,0,0,0,0,0,0,0.0,0.191145,0,0.0,0,226,3,3,0.8318,0.0,GREEN,18,Kolkata
CLM0047424,KOL_06077,Sealdah,2021-09-01,17,0,0,0,0,0,0,0,0,0,0.0,0.26278,0,0.0,0,275,3,3,0.5659,0.0168,GREEN,47,Kolkata
CLM0047425,KOL_07145,Dum Dum,2021-02-10,9,0,0,0,0,0,0,0,0,0,0.0,0.187914,0,1.0,0,265,4,3,0.6752,0.0037,GREEN,43,Kolkata
CLM0047426,KOL_01879,Garia,2017-07-18,8,0,0,0,0,0,0,0,1,0,0.0,0.119787,0,0.0,0,420,4,6,0.582,0.0156,GREEN,32,Kolkata
CLM0047427,KOL_02644,Garia,2024-02-20,11,0,0,0,0,1,0,0,0,0,0.0,0.196774,0,0.0,0,95,3,2,0.9754,0.0839,GREEN,26,Kolkata
CLM0047428,KOL_05517,New Town,2025-08-16,9,0,0,0,0,0,1,0,0,0,0.0,0.0,0,0.0,0,59,3,6,0.8296,0.0116,GREEN,39,Kolkata
CLM0047429,KOL_03073,Salt Lake,2018-05-24,9,0,0,0,1,1,0,1,1,0,0.0,0.124111,1,0.0,0,35,0,18,0.9373,0.0,GREEN,47,Kolkata
CLM0047430,KOL_00919,Howrah,2017-10-21,8,0,0,0,0,0,0,0,0,0,0.0,0.022785,0,1.0,0,211,4,5,0.5587,0.0,GREEN,18,Kolkata
CLM0047431,KOL_00794,Esplanade,2024-10-25,17,0,0,0,0,0,0,0,0,1,1.0,0.125515,0,0.0,0,141,0,4,0.7716,0.209,GREEN,33,Kolkata
CLM0047432,KOL_04739,New Town,2023-11-19,20,0,0,0,0,0,0,0,0,0,1.0,1.0,1,1.0,0,418,1,4,0.5429,0.1396,GREEN,31,Kolkata
CLM0047433,KOL_03231,Park Street,2023-05-30,14,0,0,0,1,0,0,0,0,0,0.0,0.031351,0,0.0,0,333,1,2,0.5636,0.1162,GREEN,41,Kolkata
CLM0047434,KOL_03639,Tollygunge,2023-02-19,7,0,0,0,1,1,1,1,0,1,1.0,1.0,0,1.0,0,21,0,18,0.1115,0.0,GREEN,33,Kolkata
CLM0047435,KOL_07911,Howrah,2024-07-22,13,0,0,0,0,0,0,0,0,0,0.0,0.07429,0,0.0,0,191,1,6,0.98,0.0,GREEN,22,Kolkata
CLM0047436,KOL_00650,Dum Dum,2024-04-25,18,0,0,0,0,0,0,0,0,0,0.0,0.160564,0,0.0,0,93,4,5,0.8477,0.0309,GREEN,33,Kolkata
CLM0047437,KOL_06482,Park Street,2022-05-15,9,0,0,0,0,0,0,0,0,0,1.0,0.074153,0,0.0,0,113,0,6,0.5313,0.0948,GREEN,50,Kolkata
CLM0047438,KOL_08523,Garia,2018-02-28,7,0,1,1,0,0,0,0,0,0,0.0,0.18485,1,0.0,0,420,3,3,0.98,0.1437,GREEN,30,Kolkata
CLM0047439,KOL_06818,Esplanade,2025-08-19,15,0,0,0,0,0,0,0,0,0,0.0,0.351159,0,0.0,0,392,3,4,0.6002,0.0449,GREEN,33,Kolkata
CLM0047440,KOL_06323,Sealdah,2025-11-01,9,0,0,0,0,0,0,0,0,0,0.0,0.374504,0,0.0,0,240,4,1,0.426,0.0,GREEN,45,Kolkata
CLM0047441,KOL_04626,Howrah,2022-05-24,18,0,0,0,1,0,0,0,0,0,0.0,0.086415,0,0.0,0,248,2,1,0.976,0.1813,GREEN,49,Kolkata
CLM0047442,KOL_01621,Behala,2022-11-09,7,0,0,0,0,0,0,0,0,0,0.0,0.081479,0,0.0,0,414,0,3,0.571,0.0558,GREEN,18,Kolkata
CLM0047443,KOL_04879,Tollygunge,2018-05-15,17,0,0,0,0,0,0,0,0,0,1.0,0.001867,0,0.0,0,420,2,0,0.1133,0.0886,GREEN,39,Kolkata
CLM0047444,KOL_06920,Salt Lake,2020-10-24,16,0,0,0,0,0,0,0,0,0,1.0,0.248797,0,0.0,0,135,3,4,0.8517,0.0631,GREEN,31,Kolkata
CLM0047445,KOL_07914,Salt Lake,2023-07-06,8,0,0,0,0,0,0,0,1,0,0.0,0.098886,0,0.0,0,12,3,3,0.7204,0.0731,GREEN,41,Kolkata
CLM0047446,KOL_06896,Howrah,2024-05-02,19,0,0,0,0,0,0,0,1,0,0.0,0.368978,0,0.0,0,368,0,4,0.8642,0.2127,GREEN,40,Kolkata
CLM0047447,KOL_02141,Esplanade,2024-03-15,12,0,1,1,0,0,0,0,0,0,0.0,0.33947,0,0.0,0,420,3,2,0.5654,0.0,GREEN,52,Kolkata
CLM0047448,KOL_00328,Esplanade,2022-11-19,10,0,0,0,0,0,0,0,0,0,0.0,0.28904,0,0.0,0,238,2,1,0.9503,0.0099,GREEN,20,Kolkata
CLM0047449,KOL_05237,Dum Dum,2024-08-12,12,0,0,0,0,0,0,0,1,0,0.0,0.0,0,0.0,0,335,0,3,0.7606,0.1717,GREEN,51,Kolkata
CLM0047450,KOL_04434,New Town,2025-11-17,19,0,0,0,0,1,0,0,0,0,0.0,0.206799,0,0.0,0,191,2,3,0.7667,0.1031,GREEN,31,Kolkata
CLM0047451,KOL_07489,Garia,2025-02-14,11,0,0,0,0,0,0,0,0,0,0.0,0.416802,0,0.0,0,260,4,2,0.7148,0.0,GREEN,41,Kolkata
CLM0047452,KOL_08866,Howrah,2023-06-21,16,0,0,0,1,0,0,0,0,0,0.0,0.093212,0,0.0,0,209,2,2,0.1347,0.2562,GREEN,30,Kolkata
CLM0047453,KOL_09298,New Town,2021-04-01,10,0,0,0,0,0,0,0,0,1,0.0,0.352728,0,0.0,0,95,3,4,0.7018,0.1578,GREEN,30,Kolkata
CLM0047454,KOL_00399,Salt Lake,2021-02-17,20,0,0,0,0,0,0,0,0,0,0.0,0.110203,0,0.0,0,119,4,0,0.98,0.0,GREEN,31,Kolkata
CLM0047455,KOL_00492,New Town,2025-09-11,11,0,0,0,0,0,0,0,1,0,0.0,0.285106,0,0.0,0,116,3,1,0.9526,0.131,GREEN,31,Kolkata
CLM0047456,KOL_00427,Dum Dum,2023-09-30,21,0,0,0,0,0,0,0,0,0,0.0,0.007035,0,0.0,0,336,3,3,0.9019,0.0547,GREEN,30,Kolkata
CLM0047457,KOL_01958,Dum Dum,2024-08-03,20,0,0,0,0,0,0,0,0,0,0.0,0.221947,0,0.0,0,268,3,0,0.7665,0.0,GREEN,19,Kolkata
CLM0047458,KOL_07289,Park Street,2022-12-17,9,0,0,0,0,0,0,0,0,0,0.0,0.202615,0,0.0,0,206,3,0,0.98,0.0,GREEN,41,Kolkata
CLM0047459,KOL_03514,Salt Lake,2022-10-29,14,0,0,0,0,0,0,1,0,0,0.0,0.26846,0,0.0,0,26,0,5,0.98,0.1796,GREEN,48,Kolkata
CLM0047460,KOL_07236,Howrah,2024-12-03,10,0,0,0,0,0,0,0,0,0,0.0,0.257319,0,0.0,0,269,3,2,0.5311,0.0568,GREEN,43,Kolkata
CLM0047461,KOL_03862,Sealdah,2025-07-10,17,0,0,0,0,0,0,0,0,0,0.0,0.232922,0,0.0,0,420,2,2,0.6665,0.0272,GREEN,47,Kolkata
CLM0047462,KOL_02541,Esplanade,2025-02-27,16,0,0,0,0,0,0,0,0,0,0.0,0.304116,0,0.0,0,420,3,3,0.8309,0.0,GREEN,41,Kolkata
CLM0047463,KOL_04509,Salt Lake,2023-06-11,8,0,0,0,0,0,0,0,0,0,0.0,0.019867,0,0.0,0,420,3,3,0.6258,0.0158,GREEN,44,Kolkata
CLM0047464,KOL_02519,Garia,2022-12-28,8,0,0,0,0,0,0,0,0,0,0.0,0.389239,1,0.0,0,288,0,3,0.7687,0.0145,GREEN,38,Kolkata
CLM0047465,KOL_08359,Howrah,2022-06-24,17,0,1,1,0,0,0,0,0,0,0.0,0.037011,0,0.0,0,420,0,2,0.0532,0.0,GREEN,28,Kolkata
CLM0047466,KOL_01920,Tollygunge,2024-11-23,13,0,0,0,0,0,0,0,0,0,0.0,0.311136,0,0.0,0,12,2,0,0.5686,0.0,GREEN,40,Kolkata
CLM0047467,KOL_08217,Garia,2023-09-23,7,0,0,0,0,0,0,0,0,0,0.0,0.012552,0,0.0,0,45,4,0,0.936,0.0157,GREEN,31,Kolkata
CLM0047468,KOL_02043,Garia,2021-10-08,9,0,0,0,0,0,0,0,0,0,0.0,0.99937,0,0.0,0,420,4,0,0.9143,0.052,GREEN,32,Kolkata
CLM0047469,KOL_05210,Dum Dum,2025-05-20,11,0,0,0,0,0,0,0,0,0,0.0,0.129665,0,0.0,0,90,4,0,0.661,0.0797,GREEN,42,Kolkata
CLM0047470,KOL_09945,Garia,2025-03-22,13,0,0,0,0,0,0,0,0,0,1.0,0.447584,0,0.0,0,338,1,0,0.4083,0.0761,GREEN,33,Kolkata
CLM0047471,KOL_03269,Behala,2025-02-01,18,0,0,0,0,1,0,0,0,0,0.0,0.196874,0,0.0,0,176,3,0,0.9379,0.1741,GREEN,29,Kolkata
CLM0047472,KOL_03822,Dum Dum,2025-07-05,20,0,0,0,0,0,0,0,0,0,0.0,0.0,0,0.0,0,113,1,6,0.4888,0.0,GREEN,42,Kolkata
CLM0047473,KOL_01464,Sealdah,2025-03-25,7,0,0,0,1,1,0,1,1,1,1.0,1.0,0,1.0,0,5,1,9,0.8562,0.085,GREEN,45,Kolkata
CLM0047474,KOL_00002,Salt Lake,2025-05-28,17,0,1,1,0,0,0,0,0,1,0.0,0.081218,0,0.0,0,71,0,0,0.8206,0.1598,GREEN,38,Kolkata
CLM0047475,KOL_09642,Dum Dum,2025-10-21,8,0,0,0,0,0,0,0,0,0,0.0,0.106394,0,0.0,0,282,4,3,0.98,0.0562,GREEN,49,Kolkata
CLM0047476,KOL_05333,Behala,2019-08-03,10,0,0,0,0,0,0,0,0,0,1.0,0.176557,0,0.0,0,311,4,2,0.05,0.0,GREEN,38,Kolkata
CLM0047477,KOL_06328,Esplanade,2022-03-22,14,0,0,0,0,0,0,0,0,0,0.0,0.337329,0,0.0,0,350,0,3,0.7832,0.0798,GREEN,41,Kolkata
CLM0047478,KOL_05444,Dum Dum,2025-12-27,12,0,0,0,1,0,0,0,0,0,0.0,0.365012,0,0.0,0,144,0,2,0.9624,0.1045,GREEN,40,Kolkata
CLM0047479,KOL_03233,Garia,2023-01-06,12,0,0,0,0,0,0,1,1,0,0.0,0.258129,0,0.0,0,92,4,0,0.7063,0.13,GREEN,45,Kolkata
CLM0047480,KOL_03774,Dum Dum,2018-10-14,18,0,1,1,0,0,0,0,0,1,1.0,0.0,0,0.0,0,204,0,1,0.5975,0.1878,GREEN,32,Kolkata
CLM0047481,KOL_05822,Esplanade,2019-07-23,20,0,0,0,0,0,0,0,0,0,0.0,0.093392,0,0.0,0,87,3,2,0.2625,0.0006,GREEN,29,Kolkata
CLM0047482,KOL_06163,Garia,2023-03-18,15,0,0,0,0,0,0,0,0,0,0.0,0.256444,0,0.0,0,116,4,0,0.2916,0.0,GREEN,39,Kolkata
CLM0047483,KOL_03135,Howrah,2018-02-27,10,0,0,0,0,0,0,0,0,0,0.0,0.071135,0,0.0,0,295,1,2,0.6446,0.1408,GREEN,25,Kolkata
CLM0047484,KOL_04278,New Town,2023-04-23,13,0,0,0,0,0,0,0,0,0,0.0,0.386421,0,0.0,0,420,0,5,0.6334,0.0454,GREEN,49,Kolkata
CLM0047485,KOL_05097,Tollygunge,2016-11-07,11,0,0,0,0,0,1,0,0,0,0.0,0.434307,0,0.0,0,140,2,2,0.7882,0.0,GREEN,55,Kolkata
CLM0047486,KOL_04794,Salt Lake,2018-05-07,10,0,0,0,0,0,0,0,0,0,0.0,0.060687,0,0.0,0,329,3,2,0.7917,0.0202,GREEN,39,Kolkata
CLM0047487,KOL_03984,Behala,2017-03-19,21,0,0,0,0,0,0,0,0,0,0.0,0.135724,1,0.0,0,365,0,8,0.5555,0.0651,GREEN,18,Kolkata
CLM0047488,KOL_00254,Howrah,2018-03-02,15,0,0,0,0,0,1,0,0,0,0.0,0.354095,0,0.0,0,221,3,3,0.6964,0.0804,GREEN,31,Kolkata
CLM0047489,KOL_09336,Behala,2020-09-15,14,0,0,0,0,0,0,0,0,0,0.0,0.284089,0,0.0,0,420,0,1,0.783,0.0042,GREEN,34,Kolkata
CLM0047490,KOL_00617,Garia,2023-11-24,13,0,0,0,0,0,0,0,0,0,0.0,0.33558,0,0.0,0,229,1,5,0.7215,0.0,GREEN,28,Kolkata
CLM0047491,KOL_01208,Sealdah,2016-07-03,21,0,0,0,0,0,0,0,0,0,0.0,0.188861,0,0.0,0,127,1,0,0.8988,0.0322,GREEN,54,Kolkata
CLM0047492,KOL_05771,Sealdah,2017-09-14,21,0,0,0,0,0,0,0,0,0,0.0,0.169776,0,0.0,0,143,4,5,0.6457,0.0182,GREEN,35,Kolkata
CLM0047493,KOL_09958,Esplanade,2017-03-17,20,0,0,0,1,0,0,0,0,0,0.0,0.290625,0,0.0,0,280,1,3,0.6085,0.2428,GREEN,40,Kolkata
CLM0047494,KOL_03925,Park Street,2020-07-14,20,0,0,0,0,0,0,0,0,0,0.0,0.339315,0,0.0,0,406,0,2,0.4209,0.014,GREEN,41,Kolkata
CLM0047495,KOL_03529,Dum Dum,2021-10-11,9,0,0,0,1,0,0,0,0,0,0.0,0.288224,0,0.0,0,329,2,0,0.0914,0.0823,GREEN,42,Kolkata
CLM0047496,KOL_03787,Sealdah,2017-03-04,18,0,0,0,0,0,0,0,0,0,0.0,0.236605,0,0.0,0,420,2,3,0.8696,0.0696,GREEN,44,Kolkata
CLM0047497,KOL_02516,Howrah,2021-02-18,14,0,0,0,1,1,0,1,1,1,1.0,1.0,1,1.0,0,5,0,18,0.3109,0.2517,GREEN,30,Kolkata
CLM0047498,KOL_00228,Garia,2023-06-11,13,0,0,0,0,0,0,0,0,0,0.0,0.157464,0,0.0,0,203,0,3,0.4545,0.1259,GREEN,36,Kolkata
CLM0047499,KOL_09566,Park Street,2025-06-27,12,0,0,0,0,0,0,0,0,0,0.0,0.943877,0,0.0,0,420,0,0,0.2749,0.0,GREEN,50,Kolkata
CLM0047500,KOL_08816,Behala,2024-06-15,14,0,0,0,0,0,0,0,0,0,0.0,0.388782,0,0.0,0,204,2,2,0.98,0.0,GREEN,40,Kolkata
CLM0047501,KOL_05565,Howrah,2022-08-30,16,0,0,0,0,0,0,0,0,0,0.0,0.428686,0,0.0,0,296,4,1,0.98,0.0,GREEN,46,Kolkata
CLM0047502,KOL_06883,Salt Lake,2019-12-24,13,0,0,0,0,0,0,0,0,0,0.0,0.116281,1,0.0,0,420,1,0,0.2698,0.1001,GREEN,48,Kolkata
CLM0047503,KOL_02386,Howrah,2022-06-04,8,0,0,0,0,0,0,0,0,0,0.0,0.479113,0,0.0,0,327,4,2,0.616,0.0,GREEN,34,Kolkata
CLM0047504,KOL_00098,Tollygunge,2024-08-28,20,0,0,0,0,0,0,0,0,0,0.0,0.156751,0,0.0,0,405,2,3,0.05,0.0536,GREEN,31,Kolkata
CLM0047505,KOL_01590,Sealdah,2022-05-08,18,0,0,0,0,1,0,0,0,0,1.0,0.384136,0,0.0,0,403,1,3,0.8514,0.1398,GREEN,48,Kolkata
CLM0047506,KOL_06821,Dum Dum,2021-03-18,19,0,0,0,0,0,0,0,0,0,0.0,0.176023,0,0.0,0,27,3,4,0.6946,0.0282,GREEN,44,Kolkata
CLM0047507,KOL_07213,Garia,2025-10-13,10,0,0,0,0,0,0,0,0,0,0.0,1.0,0,0.0,0,44,2,2,0.7365,0.0,GREEN,37,Kolkata
CLM0047508,KOL_03640,Sealdah,2025-07-31,14,0,0,0,0,0,0,0,0,0,0.0,0.245891,0,0.0,0,420,4,3,0.05,0.0276,GREEN,63,Kolkata
CLM0047509,KOL_03945,Esplanade,2021-10-07,17,0,0,0,0,0,0,0,0,0,0.0,0.254887,0,0.0,0,310,4,0,0.919,0.0,GREEN,40,Kolkata
CLM0047510,KOL_01624,Garia,2023-07-05,13,0,0,0,0,0,0,0,0,0,0.0,0.364338,0,0.0,0,51,3,3,0.7841,0.0187,GREEN,57,Kolkata
CLM0047511,KOL_03211,Park Street,2021-08-09,16,0,0,0,0,0,0,0,0,0,0.0,0.182437,0,0.0,0,363,1,2,0.6169,0.0,GREEN,18,Kolkata
CLM0047512,KOL_01427,Garia,2022-08-04,10,0,0,0,0,0,1,0,0,0,0.0,0.328028,0,0.0,0,32,1,0,0.6205,0.1005,GREEN,40,Kolkata
CLM0047513,KOL_02782,Dum Dum,2021-04-19,7,0,0,0,0,0,0,0,1,0,0.0,0.070219,0,0.0,0,381,1,1,0.7945,0.0629,GREEN,23,Kolkata
CLM0047514,KOL_06422,Dum Dum,2024-03-05,10,0,0,0,0,0,0,0,0,0,0.0,0.10382,0,0.0,0,420,4,2,0.5428,0.0266,GREEN,30,Kolkata
CLM0047515,KOL_06266,Howrah,2025-09-02,17,0,0,0,0,0,0,0,0,0,0.0,0.310756,0,0.0,0,252,1,2,0.8866,0.048,GREEN,37,Kolkata
CLM0047516,KOL_06313,Dum Dum,2025-07-20,20,0,0,0,0,0,1,0,0,0,0.0,0.230967,0,0.0,0,420,4,1,0.8093,0.0496,GREEN,26,Kolkata
CLM0047517,KOL_04059,Park Street,2022-09-07,8,0,0,0,0,0,0,0,0,0,0.0,0.407624,0,0.0,0,159,2,0,0.7153,0.0,GREEN,18,Kolkata
CLM0047518,KOL_09209,Tollygunge,2022-02-25,21,0,0,0,0,1,0,0,0,0,0.0,0.069906,0,0.0,0,420,1,0,0.98,0.1483,GREEN,52,Kolkata
CLM0047519,KOL_00349,Behala,2021-02-17,14,0,1,1,0,0,1,0,0,0,0.0,0.078909,0,0.0,0,62,1,4,0.5566,0.0568,GREEN,43,Kolkata
CLM0047520,KOL_06545,Garia,2024-10-17,10,0,0,0,0,0,0,0,0,0,0.0,0.116487,0,0.0,0,243,3,4,0.9134,0.0481,GREEN,34,Kolkata
CLM0047521,KOL_00320,Sealdah,2022-04-07,15,0,0,0,0,0,0,0,0,0,0.0,1.0,0,0.0,0,378,2,0,0.744,0.0276,GREEN,34,Kolkata
CLM0047522,KOL_04746,Park Street,2024-06-22,8,0,0,0,0,0,0,1,0,0,1.0,0.991383,0,0.0,0,369,3,4,0.7222,0.0769,GREEN,34,Kolkata
CLM0047523,KOL_00344,Esplanade,2021-10-31,9,0,0,0,0,0,0,0,0,0,0.0,0.250268,0,0.0,0,292,0,5,0.8336,0.1101,GREEN,42,Kolkata
CLM0047524,KOL_01403,Esplanade,2020-05-16,9,0,0,0,0,0,0,0,0,0,1.0,0.202136,0,0.0,0,311,2,0,0.8959,0.0404,GREEN,57,Kolkata
CLM0047525,KOL_04206,Tollygunge,2021-02-17,18,0,0,0,0,0,0,0,0,0,0.0,0.300707,0,0.0,0,5,0,3,0.535,0.0569,GREEN,45,Kolkata
CLM0047526,KOL_08215,Behala,2022-09-25,19,0,0,0,0,0,0,0,0,0,0.0,0.0,0,0.0,0,33,0,1,0.8743,0.0511,GREEN,21,Kolkata
CLM0047527,KOL_06168,Salt Lake,2023-06-30,11,0,0,0,0,0,0,0,0,0,0.0,0.401384,0,0.0,0,232,1,5,0.2723,0.0288,GREEN,20,Kolkata
CLM0047528,KOL_06836,Howrah,2023-06-25,17,0,0,0,0,0,0,0,0,0,0.0,0.19737,0,0.0,0,375,1,0,0.9025,0.0292,GREEN,50,Kolkata
CLM0047529,KOL_02140,Behala,2017-10-04,13,0,0,0,0,0,0,0,0,0,0.0,0.227982,0,0.0,0,402,2,6,0.5906,0.0564,GREEN,33,Kolkata
CLM0047530,KOL_06000,Esplanade,2019-06-29,10,0,0,0,0,0,0,0,0,0,0.0,0.22852,0,0.0,0,124,3,9,0.5691,0.0701,GREEN,40,Kolkata
CLM0047531,KOL_01272,Dum Dum,2019-05-01,17,0,0,0,0,0,0,0,0,0,0.0,0.341039,0,0.0,0,343,2,0,0.3117,0.0,GREEN,44,Kolkata
CLM0047532,KOL_02576,Tollygunge,2020-10-15,21,0,0,0,0,0,0,0,0,0,0.0,0.040952,0,0.0,0,291,0,4,0.7405,0.0623,GREEN,18,Kolkata
CLM0047533,KOL_06663,Dum Dum,2020-12-25,18,0,0,0,1,1,0,0,0,0,0.0,0.0,0,0.0,0,345,4,3,0.6567,0.368,YELLOW,37,Kolkata
CLM0047534,KOL_03579,New Town,2025-08-30,8,0,0,0,0,0,0,0,1,0,0.0,0.196823,0,0.0,0,52,1,1,0.5595,0.001,GREEN,53,Kolkata
CLM0047535,KOL_00914,Behala,2021-03-29,18,0,0,0,0,0,0,0,0,0,0.0,0.38158,0,0.0,0,199,3,6,0.8362,0.0,GREEN,44,Kolkata
CLM0047536,KOL_03275,Sealdah,2024-05-15,11,0,0,0,0,0,0,0,1,0,0.0,0.328532,0,0.0,0,42,3,5,0.3411,0.0469,GREEN,47,Kolkata
CLM0047537,KOL_06376,New Town,2025-10-03,13,0,0,0,0,0,0,0,0,0,0.0,0.008878,0,0.0,0,354,3,5,0.98,0.0766,GREEN,44,Kolkata
CLM0047538,KOL_09634,Park Street,2022-12-08,21,0,0,0,0,0,0,0,0,0,0.0,0.389226,0,0.0,0,332,3,3,0.9279,0.0,GREEN,24,Kolkata
CLM0047539,KOL_01402,Howrah,2023-07-23,14,0,0,0,0,0,0,0,0,0,0.0,0.031058,0,0.0,1,106,2,7,0.6927,0.097,GREEN,43,Kolkata
CLM0047540,KOL_00047,Park Street,2021-01-18,18,0,0,0,0,0,0,0,1,0,0.0,0.116051,0,0.0,0,276,4,3,0.6959,0.1651,GREEN,36,Kolkata
CLM0047541,KOL_00101,Salt Lake,2025-05-10,10,0,0,0,0,0,0,0,0,0,0.0,0.0,0,0.0,0,24,1,0,0.2694,0.0613,GREEN,42,Kolkata
CLM0047542,KOL_07163,Howrah,2021-08-18,19,0,0,0,0,0,0,1,0,0,0.0,0.342853,0,0.0,0,380,2,3,0.8942,0.0582,GREEN,46,Kolkata
CLM0047543,KOL_03371,Esplanade,2020-11-22,11,0,0,0,0,0,0,1,0,0,0.0,0.140083,0,0.0,0,279,0,1,0.98,0.2245,GREEN,50,Kolkata
CLM0047544,KOL_08836,Howrah,2022-10-28,8,0,0,0,0,0,1,0,0,0,0.0,0.059951,0,0.0,0,26,1,0,0.6416,0.0727,GREEN,43,Kolkata
CLM0047545,KOL_08596,Sealdah,2020-02-15,7,0,0,0,0,0,0,0,0,0,0.0,0.196209,0,0.0,0,254,2,4,0.6096,0.0,GREEN,37,Kolkata
CLM0047546,KOL_08430,Esplanade,2020-05-30,16,0,0,0,0,0,0,0,0,0,1.0,0.253479,0,0.0,0,293,3,0,0.7271,0.0734,GREEN,25,Kolkata
CLM0047547,KOL_02047,Salt Lake,2022-09-07,16,0,0,0,0,1,0,0,0,0,0.0,0.104487,0,0.0,0,420,4,5,0.5661,0.1314,GREEN,39,Kolkata
CLM0047548,KOL_04853,New Town,2025-12-27,16,0,0,0,0,0,0,0,0,0,0.0,0.133123,0,0.0,0,420,1,0,0.6056,0.0,GREEN,49,Kolkata
CLM0047549,KOL_06537,Garia,2024-06-11,20,0,0,0,0,0,0,0,1,0,0.0,0.211745,0,0.0,0,420,3,1,0.7647,0.09,GREEN,31,Kolkata
CLM0047550,KOL_07320,Salt Lake,2025-11-02,21,0,0,0,0,0,0,0,0,0,0.0,0.446608,0,0.0,0,310,1,0,0.773,0.0,GREEN,40,Kolkata
CLM0047551,KOL_00545,Tollygunge,2024-10-29,19,0,1,1,0,0,0,0,0,0,0.0,0.293592,0,0.0,0,52,1,5,0.5186,0.0145,GREEN,32,Kolkata
CLM0047552,KOL_08066,Howrah,2024-09-10,9,0,0,0,0,0,0,0,0,1,0.0,0.141678,0,0.0,0,139,3,2,0.1986,0.0947,GREEN,36,Kolkata
CLM0047553,KOL_02208,Tollygunge,2024-06-02,16,0,0,0,0,1,0,0,0,0,1.0,0.29274,0,0.0,0,367,3,5,0.7968,0.1548,GREEN,66,Kolkata
CLM0047554,KOL_06108,Tollygunge,2024-03-30,21,0,0,0,0,0,1,0,0,0,0.0,0.339335,0,0.0,0,420,2,2,0.4945,0.0631,GREEN,63,Kolkata
CLM0047555,KOL_02278,Howrah,2025-04-20,13,0,0,0,0,0,1,0,0,1,0.0,0.253793,0,0.0,0,150,1,7,0.6855,0.3214,YELLOW,26,Kolkata
CLM0047556,KOL_09549,New Town,2024-07-30,7,0,0,0,0,0,0,0,0,0,0.0,0.168832,0,0.0,0,420,0,0,0.98,0.0053,GREEN,50,Kolkata
CLM0047557,KOL_07674,New Town,2024-12-08,21,0,0,0,0,0,0,1,0,0,0.0,0.063327,0,0.0,0,246,3,0,0.7058,0.1325,GREEN,39,Kolkata
CLM0047558,KOL_08685,Dum Dum,2022-09-06,13,0,0,0,0,0,0,0,0,0,0.0,0.159184,0,0.0,0,420,4,5,0.8243,0.0,GREEN,39,Kolkata
CLM0047559,KOL_09492,Sealdah,2020-02-14,9,0,0,0,0,0,0,0,0,0,0.0,0.250201,0,0.0,0,105,1,1,0.7903,0.0,GREEN,36,Kolkata
CLM0047560,KOL_03908,Behala,2025-01-01,9,0,0,0,0,0,0,0,0,0,1.0,0.073684,0,0.0,0,29,1,1,0.7029,0.0242,GREEN,40,Kolkata
CLM0047561,KOL_01539,New Town,2025-04-01,17,0,0,0,0,0,0,0,0,0,0.0,0.356103,0,0.0,1,215,4,2,0.6997,0.0058,GREEN,41,Kolkata
CLM0047562,KOL_00099,Tollygunge,2019-09-10,11,0,0,0,0,0,0,0,0,0,1.0,0.096855,0,0.0,0,244,4,3,0.8884,0.0923,GREEN,34,Kolkata
CLM0047563,KOL_04202,Tollygunge,2024-10-27,12,0,0,0,0,1,0,0,0,0,0.0,0.136115,0,0.0,0,420,3,0,0.8004,0.0304,GREEN,44,Kolkata
CLM0047564,KOL_06941,Esplanade,2024-07-21,12,0,0,0,0,0,0,0,0,0,0.0,0.314188,0,0.0,0,228,3,0,0.6586,0.0116,GREEN,41,Kolkata
CLM0047565,KOL_06869,Esplanade,2024-07-28,16,0,0,0,0,0,0,0,0,0,0.0,0.379314,0,0.0,0,420,2,4,0.7395,0.0,GREEN,34,Kolkata
CLM0047566,KOL_05164,Garia,2024-09-15,9,0,1,1,1,0,0,0,0,0,0.0,0.04605,0,0.0,0,347,1,0,0.9052,0.171,GREEN,35,Kolkata
CLM0047567,KOL_07661,Howrah,2024-12-08,21,0,0,0,0,0,0,0,0,0,1.0,1.0,0,1.0,1,117,2,0,0.7706,0.0555,GREEN,26,Kolkata
CLM0047568,KOL_09682,Sealdah,2023-12-29,10,0,0,0,0,0,0,0,0,0,0.0,0.10889,0,0.0,0,174,3,5,0.156,0.0,GREEN,65,Kolkata
CLM0047569,KOL_04701,New Town,2025-03-22,13,0,0,0,0,0,0,0,0,1,0.0,0.157895,0,1.0,0,170,3,0,0.7246,0.0995,GREEN,44,Kolkata
CLM0047570,KOL_04018,Garia,2024-04-14,7,0,0,0,0,0,0,0,0,0,0.0,0.176059,0,0.0,0,362,3,4,0.5048,0.11,GREEN,45,Kolkata
CLM0047571,KOL_03421,New Town,2021-10-23,16,0,0,0,0,0,0,0,1,0,0.0,0.191143,0,0.0,0,92,2,7,0.7195,0.0739,GREEN,46,Kolkata
CLM0047572,KOL_01724,Park Street,2020-12-18,18,0,0,0,0,0,0,0,1,0,0.0,1.0,0,0.0,0,420,2,4,0.7622,0.0547,GREEN,42,Kolkata
CLM0047573,KOL_09773,Esplanade,2019-07-25,20,0,0,0,0,0,0,0,0,0,0.0,0.342895,0,0.0,0,110,4,3,0.8673,0.0,GREEN,41,Kolkata
CLM0047574,KOL_08635,Howrah,2021-09-26,18,0,0,0,0,0,0,0,0,0,0.0,0.405538,0,0.0,0,222,3,0,0.697,0.0094,GREEN,26,Kolkata
CLM0047575,KOL_03920,Park Street,2023-05-09,17,0,0,0,0,0,0,0,0,0,0.0,0.014465,0,0.0,0,262,3,2,0.5454,0.0307,GREEN,24,Kolkata
CLM0047576,KOL_03447,Tollygunge,2020-07-06,15,0,0,0,0,0,0,0,0,0,0.0,0.379329,0,0.0,0,263,0,2,0.9319,0.0,GREEN,43,Kolkata
CLM0047577,KOL_06974,Esplanade,2025-02-21,20,0,0,0,0,0,0,0,0,0,0.0,0.072176,0,0.0,0,327,4,0,0.8186,0.0359,GREEN,54,Kolkata
CLM0047578,KOL_09100,Esplanade,2025-03-18,19,0,0,0,0,0,0,1,0,0,0.0,0.367858,0,0.0,0,420,1,3,0.3213,0.0755,GREEN,50,Kolkata
CLM0047579,KOL_09308,Dum Dum,2024-09-16,16,0,0,0,0,0,0,0,0,0,0.0,0.0,0,0.0,0,276,4,2,0.05,0.0381,GREEN,26,Kolkata
CLM0047580,KOL_04468,New Town,2025-09-30,13,0,0,0,0,0,0,0,0,0,0.0,0.403797,0,0.0,0,318,4,5,0.7206,0.0133,GREEN,24,Kolkata
CLM0047581,KOL_07968,Behala,2025-06-13,10,0,0,0,0,0,0,0,1,0,0.0,0.260381,0,0.0,0,5,4,1,0.2607,0.2001,GREEN,25,Kolkata
CLM0047582,KOL_09681,Sealdah,2025-11-08,19,0,0,0,0,0,0,0,1,0,0.0,0.248789,0,0.0,0,24,0,2,0.7321,0.0649,GREEN,47,Kolkata
CLM0047583,KOL_00214,Park Street,2025-02-21,15,0,0,0,0,0,0,0,0,0,0.0,0.106044,1,0.0,0,74,4,0,0.5106,0.0,GREEN,21,Kolkata
CLM0047584,KOL_02936,Sealdah,2025-04-24,18,0,1,1,0,0,0,0,0,0,0.0,0.204196,0,0.0,0,226,1,1,0.9255,0.0,GREEN,43,Kolkata
CLM0047585,KOL_08329,Howrah,2025-12-18,8,0,0,0,0,0,0,0,0,0,0.0,1.0,0,0.0,0,52,0,1,0.4679,0.0089,GREEN,38,Kolkata
CLM0047586,KOL_06596,Esplanade,2021-11-09,10,0,0,0,0,0,0,0,0,0,0.0,0.132742,0,0.0,0,420,4,4,0.6472,0.0,GREEN,41,Kolkata
CLM0047587,KOL_09575,Sealdah,2023-09-04,19,0,0,0,0,0,0,0,0,0,0.0,0.270758,0,0.0,1,365,1,0,0.98,0.0415,GREEN,40,Kolkata
CLM0047588,KOL_03321,Salt Lake,2020-04-10,9,0,0,0,0,0,0,0,0,0,0.0,0.423117,0,0.0,0,354,4,5,0.8246,0.0355,GREEN,44,Kolkata
CLM0047589,KOL_08283,Sealdah,2022-10-27,8,0,0,0,0,0,0,0,0,0,0.0,0.346914,0,0.0,0,363,4,4,0.8865,0.0,GREEN,43,Kolkata
CLM0047590,KOL_01147,Esplanade,2022-12-13,9,1,0,0,0,0,0,0,0,0,1.0,0.255835,0,0.0,0,240,4,3,0.98,0.048,GREEN,43,Kolkata
CLM0047591,KOL_05430,Tollygunge,2021-06-08,16,0,0,0,0,0,0,0,1,0,0.0,0.0,0,0.0,0,70,1,1,0.1464,0.0321,GREEN,32,Kolkata
CLM0047592,KOL_06231,Dum Dum,2021-07-26,17,0,0,0,0,0,0,0,1,0,0.0,1.0,0,0.0,0,264,0,0,0.8813,0.1656,GREEN,23,Kolkata
CLM0047593,KOL_05161,Salt Lake,2024-12-28,8,0,1,1,0,0,0,0,0,0,0.0,0.385049,0,0.0,0,255,0,1,0.5793,0.0477,GREEN,26,Kolkata
CLM0047594,KOL_02851,Garia,2020-09-05,21,0,0,0,0,0,0,0,0,0,1.0,0.438459,0,0.0,0,116,3,0,0.98,0.158,GREEN,40,Kolkata
CLM0047595,KOL_01533,Park Street,2021-01-19,7,0,0,0,0,0,0,0,0,0,0.0,0.165399,0,0.0,0,262,2,0,0.7967,0.0,GREEN,33,Kolkata
CLM0047596,KOL_02132,Garia,2023-10-30,12,0,0,0,0,0,0,0,0,1,0.0,0.0,0,0.0,0,420,4,1,0.972,0.1081,GREEN,37,Kolkata
CLM0047597,KOL_01006,New Town,2025-08-26,20,0,0,0,0,0,0,0,0,0,0.0,0.034004,0,0.0,0,245,3,3,0.8028,0.0857,GREEN,41,Kolkata
CLM0047598,KOL_04936,Dum Dum,2023-04-27,19,0,0,0,0,0,0,0,0,0,0.0,0.252221,0,0.0,0,280,2,2,0.8134,0.0967,GREEN,40,Kolkata
CLM0047599,KOL_06792,Tollygunge,2023-10-12,18,0,0,0,0,0,0,0,0,0,0.0,0.493784,0,0.0,0,338,2,2,0.9415,0.0186,GREEN,35,Kolkata
CLM0047600,KOL_04604,Tollygunge,2024-12-17,12,0,0,0,0,0,0,0,0,0,0.0,0.251783,0,0.0,0,420,3,4,0.6396,0.0339,GREEN,23,Kolkata
CLM0047601,KOL_00707,Garia,2021-02-28,9,0,0,0,0,0,0,1,1,0,0.0,0.052519,0,0.0,0,420,1,1,0.6593,0.2102,GREEN,33,Kolkata
CLM0047602,KOL_04146,Dum Dum,2023-09-25,20,0,0,0,0,0,0,0,0,1,0.0,0.890684,0,0.0,0,22,2,1,0.9026,0.0785,GREEN,45,Kolkata
CLM0047603,KOL_04161,Esplanade,2022-09-26,15,0,0,0,0,0,0,0,0,0,0.0,0.05751,0,0.0,0,268,1,2,0.98,0.0136,GREEN,25,Kolkata
CLM0047604,KOL_01892,Dum Dum,2022-08-22,16,0,0,0,0,0,1,0,0,0,0.0,1.0,0,0.0,0,412,1,1,0.98,0.1241,GREEN,21,Kolkata
CLM0047605,KOL_05278,Salt Lake,2023-08-26,15,0,0,0,0,0,0,1,0,0,0.0,0.236024,1,0.0,0,95,4,2,0.2369,0.1454,GREEN,36,Kolkata
CLM0047606,KOL_00812,Behala,2024-03-08,16,0,1,1,0,0,0,0,1,0,0.0,0.045311,0,0.0,0,14,2,2,0.5761,0.0993,GREEN,26,Kolkata
CLM0047607,KOL_03444,Dum Dum,2022-04-15,12,0,0,0,0,1,1,0,0,0,1.0,0.163051,0,0.0,0,359,3,3,0.6293,0.2871,GREEN,18,Kolkata
CLM0047608,KOL_08903,Sealdah,2025-12-07,12,0,0,0,0,0,0,0,0,0,0.0,0.352681,1,0.0,0,194,3,0,0.1076,0.1063,GREEN,48,Kolkata
CLM0047609,KOL_06469,Esplanade,2025-08-16,21,0,0,0,0,0,0,0,0,0,0.0,0.327037,0,0.0,0,204,3,3,0.2569,0.0,GREEN,19,Kolkata
CLM0047610,KOL_02607,Sealdah,2025-11-17,9,0,0,0,0,1,0,0,0,0,1.0,0.185984,0,0.0,0,188,0,3,0.8344,0.3092,GREEN,36,Kolkata
CLM0047611,KOL_09891,Tollygunge,2025-06-25,13,0,0,0,0,0,0,0,0,0,0.0,0.150299,1,0.0,0,218,1,0,0.5278,0.0855,GREEN,36,Kolkata
CLM0047612,KOL_05314,Tollygunge,2025-07-27,15,0,0,0,0,0,0,0,0,0,0.0,0.338522,0,0.0,0,205,0,2,0.636,0.0,GREEN,41,Kolkata
CLM0047613,KOL_08290,Sealdah,2025-04-03,11,0,0,0,0,1,0,0,0,0,0.0,0.27856,0,0.0,0,241,1,1,0.7877,0.0931,GREEN,43,Kolkata
CLM0047614,KOL_01496,Salt Lake,2025-02-24,9,0,0,0,0,0,1,0,0,0,0.0,0.334273,0,0.0,0,315,2,3,0.6967,0.1155,GREEN,21,Kolkata
CLM0047615,KOL_01852,Salt Lake,2025-03-23,13,0,0,0,0,0,0,0,0,0,0.0,0.10802,0,0.0,0,384,1,2,0.879,0.0501,GREEN,39,Kolkata
CLM0047616,KOL_04141,New Town,2025-07-29,20,0,0,0,0,0,1,0,0,0,0.0,0.099726,0,0.0,0,385,1,5,0.2564,0.2387,GREEN,38,Kolkata
CLM0047617,KOL_02732,Tollygunge,2024-01-30,20,0,0,0,0,0,0,0,0,0,1.0,0.098092,0,0.0,0,420,0,0,0.98,0.0,GREEN,44,Kolkata
CLM0047618,KOL_07744,Garia,2025-09-23,7,0,0,0,0,0,0,0,0,0,0.0,0.381801,0,0.0,0,296,1,0,0.7431,0.1818,GREEN,41,Kolkata
CLM0047619,KOL_00752,Sealdah,2023-12-12,19,0,0,0,0,0,0,0,0,0,0.0,0.965278,0,0.0,0,169,0,0,0.929,0.0,GREEN,38,Kolkata
CLM0047620,KOL_00761,Garia,2024-01-07,7,0,0,0,0,0,0,0,0,0,0.0,0.125448,0,0.0,0,313,2,1,0.6883,0.0183,GREEN,20,Kolkata
CLM0047621,KOL_03335,Park Street,2024-06-18,21,0,0,0,0,0,0,0,1,0,0.0,0.339721,0,0.0,0,420,3,5,0.5099,0.0507,GREEN,38,Kolkata
CLM0047622,KOL_05306,Behala,2023-05-19,14,0,0,0,0,1,1,0,0,0,0.0,0.336379,0,0.0,0,329,1,0,0.98,0.21,GREEN,39,Kolkata
CLM0047623,KOL_08334,Garia,2025-12-27,15,0,0,0,0,0,0,0,0,0,0.0,0.033659,0,0.0,0,266,2,1,0.4924,0.0,GREEN,44,Kolkata
CLM0047624,KOL_06246,Dum Dum,2020-06-14,8,0,0,0,0,0,0,0,0,0,0.0,1.0,0,0.0,0,420,2,4,0.3738,0.0681,GREEN,31,Kolkata
CLM0047625,KOL_00109,Sealdah,2022-04-04,7,0,0,0,0,0,0,0,0,0,1.0,0.298603,0,0.0,0,270,0,4,0.4701,0.0682,GREEN,33,Kolkata
CLM0047626,KOL_00398,Park Street,2016-07-05,9,0,0,0,0,0,1,0,0,0,0.0,0.992843,0,0.0,0,268,0,6,0.98,0.1517,GREEN,35,Kolkata
CLM0047627,KOL_00742,Garia,2019-08-19,18,0,0,0,1,1,1,0,1,1,1.0,0.999432,0,0.0,1,7,1,12,0.7883,0.0481,GREEN,22,Kolkata
CLM0047628,KOL_08759,Behala,2022-11-29,16,0,0,0,0,0,0,1,0,0,0.0,0.074847,0,0.0,0,53,0,0,0.6782,0.0686,GREEN,24,Kolkata
CLM0047629,KOL_08890,Park Street,2021-06-02,14,0,0,0,0,0,0,0,0,0,0.0,0.315941,0,0.0,0,167,1,4,0.7336,0.0838,GREEN,19,Kolkata
CLM0047630,KOL_06145,Tollygunge,2021-02-25,21,0,0,0,0,0,0,0,0,0,0.0,0.98025,0,0.0,0,416,1,3,0.2958,0.0,GREEN,35,Kolkata
CLM0047631,KOL_01573,Park Street,2023-01-05,12,0,0,0,0,0,0,0,1,0,0.0,0.372282,0,0.0,0,394,3,4,0.1324,0.0425,GREEN,18,Kolkata
CLM0047632,KOL_02015,Salt Lake,2025-06-25,16,0,0,0,0,0,0,0,0,0,0.0,0.297387,0,0.0,0,255,1,2,0.6078,0.0,GREEN,31,Kolkata
CLM0047633,KOL_03410,New Town,2022-12-19,19,0,0,0,0,0,0,0,0,0,1.0,0.002514,1,0.0,0,215,4,2,0.6239,0.1481,GREEN,33,Kolkata
CLM0047634,KOL_01196,Park Street,2023-02-05,7,0,0,0,0,0,0,0,0,0,0.0,0.120948,0,0.0,0,320,2,7,0.1906,0.0,GREEN,29,Kolkata
CLM0047635,KOL_09838,Sealdah,2025-11-29,18,0,0,0,0,0,0,0,0,0,0.0,0.283124,0,1.0,0,54,3,4,0.9215,0.0,GREEN,26,Kolkata
CLM0047636,KOL_07717,Tollygunge,2025-03-31,19,0,0,0,0,0,0,0,0,0,0.0,0.044977,0,0.0,0,392,0,1,0.6611,0.0399,GREEN,19,Kolkata
CLM0047637,KOL_03912,New Town,2024-05-17,14,0,0,0,0,0,0,0,0,0,0.0,0.336106,0,0.0,0,208,0,2,0.6544,0.0249,GREEN,25,Kolkata
CLM0047638,KOL_05768,Behala,2024-02-26,21,0,0,0,0,0,0,0,0,0,0.0,0.056104,1,0.0,0,339,3,2,0.9303,0.0896,GREEN,38,Kolkata
CLM0047639,KOL_00630,Howrah,2025-12-05,18,0,0,0,0,0,0,0,0,0,0.0,0.115883,0,0.0,0,406,2,0,0.8993,0.0866,GREEN,29,Kolkata
CLM0047640,KOL_04583,Salt Lake,2022-11-26,7,0,0,0,0,0,0,0,0,0,1.0,0.216545,0,0.0,0,359,3,5,0.2104,0.0392,GREEN,38,Kolkata
CLM0047641,KOL_08427,Sealdah,2024-10-20,14,0,0,0,0,0,0,0,0,0,0.0,0.361524,0,0.0,0,112,3,5,0.5571,0.1174,GREEN,51,Kolkata
CLM0047642,KOL_02232,New Town,2022-06-27,20,0,0,0,0,0,0,0,0,0,1.0,0.173887,0,0.0,0,363,1,0,0.5505,0.1687,GREEN,41,Kolkata
CLM0047643,KOL_07017,Dum Dum,2025-06-17,11,0,0,0,1,1,0,1,0,1,0.0,0.105911,1,0.0,1,19,3,18,0.9297,0.0598,GREEN,18,Kolkata
CLM0047644,KOL_01859,Garia,2019-08-04,11,0,0,0,0,0,0,0,0,0,0.0,0.230528,0,0.0,0,420,3,0,0.717,0.1519,GREEN,38,Kolkata
CLM0047645,KOL_02754,Esplanade,2023-08-16,19,0,0,0,1,0,0,0,0,1,1.0,0.322562,0,0.0,0,175,4,4,0.704,0.2201,GREEN,30,Kolkata
CLM0047646,KOL_07459,Behala,2022-01-30,18,0,0,0,0,0,0,0,0,0,1.0,0.363016,0,0.0,0,420,4,3,0.98,0.0504,GREEN,23,Kolkata
CLM0047647,KOL_03949,Tollygunge,2023-03-10,18,0,0,0,0,0,0,0,0,0,0.0,0.254465,0,0.0,0,41,1,3,0.6268,0.0426,GREEN,29,Kolkata
CLM0047648,KOL_05426,Salt Lake,2018-11-25,7,0,0,0,0,0,0,0,0,0,0.0,0.084641,0,0.0,0,394,2,7,0.1684,0.0,GREEN,27,Kolkata
CLM0047649,KOL_01617,Salt Lake,2022-03-18,9,0,0,0,0,0,0,0,0,0,1.0,0.236141,1,0.0,0,347,1,2,0.9636,0.1141,GREEN,30,Kolkata
CLM0047650,KOL_01509,Sealdah,2025-05-11,19,0,0,0,0,0,0,0,0,0,0.0,1.0,0,0.0,0,12,1,0,0.1751,0.0,GREEN,42,Kolkata
CLM0047651,KOL_04008,Howrah,2024-01-07,7,0,0,0,1,0,1,1,0,0,1.0,0.462452,1,0.0,1,10,4,18,0.98,0.0367,GREEN,38,Kolkata
CLM0047652,KOL_04924,Tollygunge,2025-01-22,8,0,0,0,0,1,0,0,0,0,0.0,0.102909,0,0.0,0,344,2,2,0.9472,0.1646,GREEN,36,Kolkata
CLM0047653,KOL_03604,Dum Dum,2024-04-05,9,0,0,0,0,0,0,0,1,0,0.0,0.383829,0,0.0,0,256,2,0,0.2125,0.0498,GREEN,25,Kolkata
CLM0047654,KOL_00676,Behala,2021-09-11,17,0,0,0,0,0,0,0,0,0,0.0,0.387358,0,1.0,1,210,1,2,0.7986,0.0671,GREEN,34,Kolkata
CLM0047655,KOL_01594,Sealdah,2023-01-21,7,0,0,0,0,0,0,0,0,0,0.0,0.185322,0,0.0,0,241,3,0,0.6549,0.1047,GREEN,38,Kolkata
CLM0047656,KOL_03765,Tollygunge,2024-07-06,15,0,0,0,0,0,0,0,0,0,0.0,0.393656,0,0.0,0,420,0,1,0.8014,0.0883,GREEN,47,Kolkata
CLM0047657,KOL_06714,Behala,2025-09-05,11,0,0,0,0,0,0,0,0,0,0.0,0.237507,0,0.0,0,96,0,4,0.98,0.0,GREEN,31,Kolkata
CLM0047658,KOL_07782,Behala,2023-05-10,17,0,0,0,0,1,0,1,1,1,0.0,1.0,0,1.0,1,9,4,18,0.1067,0.043,GREEN,18,Kolkata
CLM0047659,KOL_01154,New Town,2025-06-19,13,0,0,0,0,0,0,0,0,0,0.0,0.343038,0,0.0,0,201,1,4,0.096,0.0,GREEN,30,Kolkata
CLM0047660,KOL_08979,Tollygunge,2023-09-07,16,0,0,0,0,0,0,0,0,0,0.0,0.406222,0,0.0,0,233,0,0,0.926,0.0,GREEN,31,Kolkata
CLM0047661,KOL_06750,Garia,2023-09-23,13,0,1,1,0,0,0,0,0,0,0.0,0.0,0,0.0,1,165,1,5,0.5882,0.1061,GREEN,35,Kolkata
CLM0047662,KOL_00489,Tollygunge,2021-07-06,10,0,0,0,0,0,0,1,0,0,0.0,0.105237,0,0.0,0,151,2,4,0.2225,0.061,GREEN,46,Kolkata
CLM0047663,KOL_00872,Esplanade,2019-05-03,18,0,0,0,0,0,0,0,0,1,1.0,0.326369,0,0.0,0,394,1,0,0.98,0.2646,GREEN,21,Kolkata
CLM0047664,KOL_03538,Park Street,2018-02-20,21,0,0,0,0,0,0,0,0,0,0.0,0.251181,0,0.0,0,129,2,0,0.6009,0.0007,GREEN,27,Kolkata
CLM0047665,KOL_02911,Garia,2022-07-31,17,0,0,0,0,0,0,0,0,0,0.0,0.117703,0,0.0,0,420,1,3,0.5106,0.0,GREEN,44,Kolkata
CLM0047666,KOL_05861,Behala,2019-09-25,10,0,0,0,0,0,0,0,0,0,0.0,0.385367,0,0.0,0,389,3,3,0.827,0.1192,GREEN,53,Kolkata
CLM0047667,KOL_07912,New Town,2022-06-06,19,0,0,0,0,0,1,1,0,1,1.0,1.0,0,1.0,0,5,3,18,0.7892,0.0317,GREEN,45,Kolkata
CLM0047668,KOL_02278,Howrah,2025-05-04,16,0,0,0,0,0,0,0,0,0,0.0,0.069257,0,0.0,0,350,3,5,0.6728,0.0576,GREEN,26,Kolkata
CLM0047669,KOL_03700,Park Street,2021-05-01,12,0,0,0,0,0,0,0,0,0,0.0,0.211443,0,0.0,0,80,4,2,0.6891,0.0027,GREEN,28,Kolkata
CLM0047670,KOL_00874,Howrah,2020-04-01,12,0,0,0,0,0,0,0,0,0,0.0,0.402024,0,0.0,0,186,3,2,0.6301,0.1032,GREEN,33,Kolkata
CLM0047671,KOL_07691,Behala,2019-08-31,16,0,0,0,0,0,0,0,0,0,0.0,0.168334,0,0.0,0,404,0,4,0.8397,0.0,GREEN,23,Kolkata
CLM0047672,KOL_00737,Tollygunge,2019-09-20,13,0,0,0,0,0,0,0,0,0,0.0,0.213401,0,0.0,0,335,4,4,0.05,0.0024,GREEN,38,Kolkata
CLM0047673,KOL_05245,Dum Dum,2021-10-02,12,0,0,0,0,0,0,0,0,0,1.0,0.0,0,0.0,0,168,3,4,0.7883,0.0534,GREEN,24,Kolkata
CLM0047674,KOL_05845,Esplanade,2018-06-05,13,0,0,0,0,0,0,0,0,0,0.0,0.088383,0,0.0,0,420,0,2,0.8304,0.0,GREEN,33,Kolkata
CLM0047675,KOL_01745,Howrah,2025-01-11,12,0,0,0,0,0,0,0,0,0,0.0,0.116143,0,0.0,0,57,0,0,0.51,0.0,GREEN,52,Kolkata
CLM0047676,KOL_02454,Dum Dum,2019-03-03,17,0,0,0,0,1,0,0,0,0,0.0,0.21709,0,0.0,0,343,1,1,0.6679,0.1785,GREEN,18,Kolkata
CLM0047677,KOL_04655,Behala,2018-05-07,17,0,0,0,0,0,0,0,0,0,1.0,0.308719,1,0.0,0,232,2,3,0.3297,0.1296,GREEN,52,Kolkata
CLM0047678,KOL_01277,Park Street,2020-01-06,12,0,0,0,1,0,0,0,0,0,0.0,0.262231,0,0.0,0,143,0,2,0.9324,0.2576,GREEN,19,Kolkata
CLM0047679,KOL_06156,Howrah,2024-11-27,7,0,0,0,0,0,0,0,0,0,0.0,0.314804,0,0.0,0,420,2,1,0.3937,0.0,GREEN,24,Kolkata
CLM0047680,KOL_01057,Behala,2025-09-19,13,0,0,0,0,0,0,0,1,0,1.0,0.884102,0,0.0,1,16,2,16,0.3967,0.0158,GREEN,20,Kolkata
CLM0047681,KOL_00871,Tollygunge,2024-09-14,9,0,0,0,0,0,1,1,0,0,0.0,0.196307,1,0.0,0,73,4,2,0.9741,0.2898,GREEN,31,Kolkata
CLM0047682,KOL_01100,New Town,2025-12-02,14,0,0,0,0,0,0,0,0,1,0.0,0.068058,0,0.0,0,420,1,2,0.8521,0.1197,GREEN,24,Kolkata
CLM0047683,KOL_02672,Garia,2025-06-05,16,0,0,0,0,0,0,0,0,0,0.0,0.967598,0,0.0,0,420,2,4,0.98,0.0344,GREEN,25,Kolkata
CLM0047684,KOL_01789,Park Street,2024-12-15,10,0,0,0,0,0,0,0,0,0,0.0,0.154139,0,0.0,0,292,1,0,0.7647,0.0,GREEN,38,Kolkata
CLM0047685,KOL_05502,Tollygunge,2025-10-23,17,0,0,0,0,0,0,0,0,0,0.0,0.19887,0,0.0,0,420,0,4,0.6683,0.0196,GREEN,48,Kolkata
CLM0047686,KOL_07293,Tollygunge,2025-04-18,18,0,0,0,0,0,0,0,0,0,0.0,0.138297,0,0.0,1,40,3,5,0.3783,0.056,GREEN,34,Kolkata
CLM0047687,KOL_00928,Tollygunge,2025-04-01,15,0,0,0,0,0,0,0,0,0,0.0,0.277243,0,0.0,0,345,0,1,0.8256,0.0,GREEN,65,Kolkata
CLM0047688,KOL_00813,Sealdah,2025-08-27,18,0,0,0,1,0,1,1,1,1,0.0,0.001835,0,0.0,0,28,4,18,0.9281,0.0,GREEN,33,Kolkata
CLM0047689,KOL_06559,Tollygunge,2022-05-10,7,0,0,0,0,0,0,0,0,0,0.0,0.11815,0,0.0,0,168,3,2,0.8491,0.0,GREEN,38,Kolkata
CLM0047690,KOL_09777,New Town,2021-09-18,17,0,0,0,0,0,0,1,0,0,0.0,0.180286,0,0.0,0,176,0,4,0.8847,0.0861,GREEN,38,Kolkata
CLM0047691,KOL_07118,Howrah,2025-08-11,20,0,0,0,0,0,0,0,0,0,1.0,0.427915,0,0.0,0,142,4,0,0.8128,0.0361,GREEN,33,Kolkata
CLM0047692,KOL_08842,Behala,2025-05-31,18,0,0,0,0,0,0,0,0,0,0.0,0.184603,0,0.0,0,57,4,2,0.5436,0.0026,GREEN,32,Kolkata
CLM0047693,KOL_06911,Howrah,2016-12-07,10,0,0,0,0,0,0,0,0,0,0.0,0.202587,0,0.0,0,332,1,2,0.7666,0.0012,GREEN,21,Kolkata
CLM0047694,KOL_08670,Esplanade,2023-04-27,14,0,0,0,0,0,0,0,1,0,0.0,0.119924,0,0.0,0,102,4,5,0.5931,0.0998,GREEN,33,Kolkata
CLM0047695,KOL_00473,New Town,2020-04-25,9,0,0,0,0,0,0,0,0,0,0.0,1.0,0,0.0,0,86,4,0,0.683,0.042,GREEN,46,Kolkata
CLM0047696,KOL_02798,Behala,2018-09-06,12,0,0,0,0,0,0,0,0,0,0.0,0.150432,0,0.0,0,420,1,0,0.6881,0.0,GREEN,18,Kolkata
CLM0047697,KOL_08365,Salt Lake,2020-05-20,15,0,0,0,0,1,0,0,0,0,0.0,1.0,0,0.0,0,277,0,3,0.4881,0.1543,GREEN,33,Kolkata
CLM0047698,KOL_03208,Sealdah,2017-10-15,8,0,0,0,0,0,0,0,0,0,0.0,0.151362,0,0.0,0,281,0,2,0.98,0.1,GREEN,42,Kolkata
CLM0047699,KOL_05619,Salt Lake,2025-05-03,11,0,0,0,0,0,1,0,0,1,0.0,0.416676,0,0.0,0,68,3,0,0.05,0.2293,GREEN,33,Kolkata
CLM0047700,KOL_09291,Tollygunge,2022-01-06,16,0,0,0,0,0,0,0,0,0,0.0,0.057971,0,0.0,0,288,2,0,0.4795,0.0436,GREEN,40,Kolkata
CLM0047701,KOL_04094,Garia,2019-04-04,14,0,0,0,0,0,0,0,0,0,0.0,0.464795,1,0.0,0,226,4,0,0.9102,0.0298,GREEN,42,Kolkata
CLM0047702,KOL_01103,Park Street,2016-10-04,18,0,0,0,0,0,0,0,0,0,0.0,0.016881,0,0.0,0,419,0,1,0.6212,0.0072,GREEN,47,Kolkata
CLM0047703,KOL_07767,Garia,2025-02-25,12,0,0,0,0,0,0,0,1,0,1.0,0.988702,0,1.0,0,51,3,4,0.7349,0.2304,GREEN,39,Kolkata
CLM0047704,KOL_07863,Salt Lake,2025-04-13,14,0,0,0,1,0,0,0,0,0,0.0,0.273442,0,0.0,0,19,1,0,0.8341,0.1194,GREEN,40,Kolkata
CLM0047705,KOL_01155,Sealdah,2025-08-31,19,0,0,0,0,0,0,0,0,0,0.0,0.318441,0,0.0,0,378,0,6,0.795,0.0708,GREEN,39,Kolkata
CLM0047706,KOL_01747,Sealdah,2025-07-25,11,0,0,0,0,1,0,0,0,0,0.0,0.90317,0,0.0,0,420,4,2,0.9127,0.0556,GREEN,22,Kolkata
CLM0047707,KOL_08200,Tollygunge,2025-08-26,18,0,0,0,0,0,0,0,0,0,0.0,0.141481,0,0.0,0,180,1,1,0.1938,0.0653,GREEN,45,Kolkata
CLM0047708,KOL_09406,Salt Lake,2025-06-12,8,0,0,0,0,0,1,0,0,0,1.0,0.334979,0,0.0,0,368,4,4,0.5796,0.1593,GREEN,43,Kolkata
CLM0047709,KOL_07149,Behala,2025-05-06,16,0,0,0,0,0,0,0,0,0,0.0,0.266212,0,0.0,0,58,4,1,0.8448,0.0942,GREEN,23,Kolkata
CLM0047710,KOL_08750,Salt Lake,2025-08-27,13,0,0,0,0,0,1,0,0,0,0.0,0.267481,0,0.0,0,10,2,1,0.8902,0.1016,GREEN,24,Kolkata
CLM0047711,KOL_00245,Behala,2025-08-16,10,0,0,0,0,0,0,0,0,0,0.0,0.337274,0,0.0,0,115,4,0,0.5723,0.0236,GREEN,18,Kolkata
CLM0047712,KOL_04499,Park Street,2025-11-05,12,0,0,0,0,0,1,0,0,0,0.0,0.004956,0,0.0,0,420,1,0,0.7829,0.0381,GREEN,50,Kolkata
CLM0047713,KOL_00664,Tollygunge,2025-03-01,9,0,0,0,0,0,0,0,0,0,0.0,0.368045,0,1.0,0,388,0,2,0.7063,0.0118,GREEN,43,Kolkata
CLM0047714,KOL_08978,Sealdah,2019-12-02,12,0,0,0,0,0,0,0,0,0,0.0,0.059532,0,0.0,0,392,1,2,0.7758,0.0632,GREEN,31,Kolkata
CLM0047715,KOL_07827,Sealdah,2022-09-07,13,0,0,0,0,0,0,0,0,0,0.0,0.326739,0,0.0,0,335,3,0,0.0599,0.0,GREEN,27,Kolkata
CLM0047716,KOL_04360,Dum Dum,2019-02-24,7,0,0,0,0,0,0,0,0,0,0.0,0.350656,0,0.0,0,420,1,0,0.7166,0.1807,GREEN,40,Kolkata
CLM0047717,KOL_05544,Salt Lake,2024-11-06,11,0,0,0,0,0,0,0,0,0,0.0,0.278729,0,0.0,0,89,1,4,0.98,0.0226,GREEN,57,Kolkata
CLM0047718,KOL_08533,Behala,2025-08-21,8,0,0,0,0,0,0,0,0,1,0.0,0.560955,0,0.0,0,273,0,0,0.98,0.1895,GREEN,44,Kolkata
CLM0047719,KOL_04234,Park Street,2025-02-16,12,0,0,0,0,0,0,0,0,0,0.0,1.0,0,0.0,0,123,3,2,0.98,0.0582,GREEN,23,Kolkata
CLM0047720,KOL_04491,Esplanade,2025-03-30,20,0,0,0,0,0,0,0,0,0,1.0,0.0,1,0.0,0,298,3,4,0.0539,0.1988,GREEN,47,Kolkata
CLM0047721,KOL_06235,Esplanade,2024-09-21,21,0,0,0,0,0,0,0,0,0,1.0,0.95413,0,0.0,0,187,3,0,0.6588,0.1143,GREEN,44,Kolkata
CLM0047722,KOL_02202,Dum Dum,2024-05-27,17,0,0,0,0,0,0,0,0,1,0.0,0.070903,0,0.0,0,420,3,1,0.05,0.1301,GREEN,40,Kolkata
CLM0047723,KOL_09373,Howrah,2021-01-13,7,0,0,0,0,0,0,0,0,1,0.0,0.134652,0,0.0,0,134,2,1,0.3123,0.1628,GREEN,36,Kolkata
CLM0047724,KOL_02828,Behala,2017-02-18,21,0,0,0,0,0,0,0,0,0,1.0,0.977921,0,1.0,0,168,2,3,0.6158,0.0,GREEN,36,Kolkata
CLM0047725,KOL_01345,Behala,2019-03-21,19,0,0,0,0,0,0,0,0,0,0.0,0.204768,0,0.0,0,60,2,2,0.05,0.0144,GREEN,25,Kolkata
CLM0047726,KOL_07137,Howrah,2025-01-07,17,0,0,0,0,0,0,1,0,0,0.0,0.320274,0,0.0,0,420,3,2,0.6781,0.0,GREEN,45,Kolkata
CLM0047727,KOL_01554,Howrah,2021-09-27,7,0,0,0,1,0,0,0,0,0,0.0,0.121376,0,0.0,0,132,0,6,0.7835,0.1541,GREEN,32,Kolkata
CLM0047728,KOL_04069,Sealdah,2016-12-21,7,0,0,0,0,0,0,0,1,0,0.0,1.0,0,0.0,0,360,4,1,0.1201,0.2342,GREEN,38,Kolkata
CLM0047729,KOL_04272,Salt Lake,2020-05-29,16,0,0,0,0,0,0,0,0,0,0.0,0.094364,0,0.0,0,48,4,0,0.6892,0.0294,GREEN,37,Kolkata
CLM0047730,KOL_00442,Park Street,2022-05-18,11,0,0,0,0,0,0,0,0,0,1.0,0.40353,0,0.0,0,253,0,1,0.6685,0.0196,GREEN,35,Kolkata
CLM0047731,KOL_07355,Park Street,2017-09-20,16,0,0,0,0,0,0,0,0,0,0.0,0.167621,0,0.0,0,418,4,6,0.1927,0.0,GREEN,42,Kolkata
CLM0047732,KOL_05944,Tollygunge,2018-10-07,14,0,0,0,0,0,1,1,0,1,0.0,0.171778,1,0.0,0,19,4,18,0.9708,0.0,GREEN,21,Kolkata
CLM0047733,KOL_04137,Esplanade,2022-01-25,11,0,0,0,0,0,0,0,0,0,0.0,0.04831,0,0.0,1,228,0,2,0.2208,0.1867,GREEN,40,Kolkata
CLM0047734,KOL_00138,Park Street,2023-01-02,15,0,0,0,0,0,0,0,0,0,0.0,0.35208,0,0.0,0,57,4,4,0.5759,0.0708,GREEN,21,Kolkata
CLM0047735,KOL_03287,Tollygunge,2022-10-17,8,0,0,0,0,0,0,0,0,0,0.0,0.198777,0,0.0,0,346,4,2,0.8559,0.0,GREEN,30,Kolkata
CLM0047736,KOL_03028,Tollygunge,2025-02-18,11,0,0,0,0,0,0,0,0,0,0.0,0.224839,0,0.0,1,208,1,0,0.8897,0.0508,GREEN,40,Kolkata
CLM0047737,KOL_09157,Dum Dum,2025-01-29,14,0,0,0,0,0,0,0,0,0,0.0,1.0,0,0.0,0,371,3,0,0.6851,0.0366,GREEN,36,Kolkata
CLM0047738,KOL_08092,Howrah,2023-04-28,8,0,0,0,0,0,0,0,0,0,0.0,0.083967,0,0.0,0,78,1,1,0.7269,0.0737,GREEN,46,Kolkata
CLM0047739,KOL_08035,Park Street,2023-06-16,11,0,0,0,0,0,0,0,1,0,1.0,0.344122,0,0.0,0,285,1,0,0.6278,0.0607,GREEN,46,Kolkata
CLM0047740,KOL_06011,Salt Lake,2023-07-06,7,0,0,0,0,0,0,0,0,0,0.0,0.278076,0,0.0,0,260,0,2,0.4185,0.0,GREEN,47,Kolkata
CLM0047741,KOL_04656,Salt Lake,2025-08-14,9,0,0,0,0,0,0,0,0,0,0.0,0.284876,0,0.0,0,177,2,0,0.8065,0.0144,GREEN,44,Kolkata
CLM0047742,KOL_08759,Behala,2025-04-22,8,0,1,1,0,0,0,0,0,0,0.0,0.866736,0,0.0,0,43,2,0,0.7564,0.0037,GREEN,24,Kolkata
CLM0047743,KOL_04873,Esplanade,2024-06-11,16,0,0,0,0,0,0,0,0,0,0.0,0.947441,0,0.0,0,420,2,5,0.98,0.0005,GREEN,42,Kolkata
CLM0047744,KOL_03302,Dum Dum,2025-05-06,10,0,0,0,0,0,1,0,0,0,1.0,1.0,0,0.0,0,416,0,4,0.98,0.0839,GREEN,43,Kolkata
CLM0047745,KOL_00449,Esplanade,2025-04-25,12,0,0,0,0,0,0,0,1,1,0.0,0.369381,0,0.0,0,420,0,2,0.7986,0.2162,GREEN,39,Kolkata
CLM0047746,KOL_06880,Esplanade,2024-11-05,9,0,1,1,0,0,0,0,0,0,0.0,0.0,0,0.0,0,420,2,0,0.466,0.0,GREEN,30,Kolkata
CLM0047747,KOL_08987,Garia,2024-01-30,15,0,0,0,0,0,0,0,0,0,0.0,0.179332,0,0.0,0,149,0,0,0.7824,0.0,GREEN,25,Kolkata
CLM0047748,KOL_03844,Garia,2017-02-13,15,0,0,0,0,0,0,0,0,0,0.0,0.120765,0,0.0,0,420,3,1,0.3877,0.0,GREEN,46,Kolkata
CLM0047749,KOL_05696,Sealdah,2022-12-24,15,0,0,0,0,0,1,0,0,0,0.0,0.312328,1,0.0,0,167,3,2,0.5802,0.191,GREEN,45,Kolkata
CLM0047750,KOL_00270,Behala,2023-04-24,8,0,0,0,0,0,1,0,0,0,0.0,0.400855,0,0.0,0,420,1,2,0.7883,0.1017,GREEN,34,Kolkata
CLM0047751,KOL_04882,Garia,2018-08-31,14,0,0,0,0,0,0,0,0,0,0.0,0.175181,0,0.0,0,226,3,2,0.7316,0.0,GREEN,46,Kolkata
CLM0047752,KOL_02728,New Town,2022-09-15,15,0,0,0,0,0,0,0,0,0,0.0,0.0,0,0.0,0,167,4,2,0.5888,0.0307,GREEN,41,Kolkata
CLM0047753,KOL_08776,Park Street,2022-01-01,12,0,0,0,0,0,0,0,0,0,0.0,0.106263,0,0.0,1,56,2,1,0.7054,0.0116,GREEN,29,Kolkata
CLM0047754,KOL_04561,Garia,2024-05-11,16,0,0,0,0,0,0,1,0,0,0.0,0.012598,0,0.0,0,420,0,3,0.6065,0.1623,GREEN,18,Kolkata
CLM0047755,KOL_05301,Park Street,2025-11-20,20,0,0,0,0,0,0,0,0,0,0.0,0.258005,0,0.0,0,343,2,0,0.3445,0.0,GREEN,39,Kolkata
CLM0047756,KOL_09960,Park Street,2018-12-19,21,0,0,0,0,0,0,0,1,0,0.0,0.075687,0,0.0,0,330,1,4,0.7211,0.0405,GREEN,36,Kolkata
CLM0047757,KOL_07105,Park Street,2022-11-09,20,0,0,0,0,0,1,0,0,0,0.0,0.0,0,0.0,0,357,1,3,0.74,0.2588,GREEN,37,Kolkata
CLM0047758,KOL_00951,Esplanade,2018-03-01,18,0,0,0,0,0,0,0,0,0,0.0,0.1814,0,0.0,0,359,2,5,0.5083,0.0,GREEN,48,Kolkata
CLM0047759,KOL_00434,Esplanade,2021-08-03,16,0,0,0,0,0,0,0,0,0,0.0,0.104993,0,0.0,0,185,2,2,0.7899,0.0198,GREEN,24,Kolkata
CLM0047760,KOL_02001,Dum Dum,2019-01-19,16,0,0,0,0,0,0,0,0,0,0.0,0.394004,0,0.0,0,116,1,7,0.9191,0.0512,GREEN,40,Kolkata
CLM0047761,KOL_07238,Sealdah,2025-09-29,20,0,0,0,0,0,1,1,0,0,0.0,0.112708,0,0.0,0,54,2,1,0.2364,0.1463,GREEN,44,Kolkata
CLM0047762,KOL_09550,Esplanade,2020-08-23,20,0,0,0,0,0,0,0,0,0,0.0,0.340792,0,0.0,0,232,0,1,0.8096,0.0024,GREEN,45,Kolkata
CLM0047763,KOL_09799,Salt Lake,2021-01-14,19,0,0,0,0,0,1,0,0,0,0.0,0.300752,0,0.0,0,404,2,0,0.0748,0.1182,GREEN,27,Kolkata
CLM0047764,KOL_07693,Tollygunge,2025-08-24,8,0,0,0,0,0,0,0,0,0,0.0,0.186702,0,0.0,0,114,3,2,0.9781,0.0,GREEN,32,Kolkata
CLM0047765,KOL_09269,Park Street,2019-06-10,19,0,0,0,0,0,0,0,0,0,0.0,0.232239,0,0.0,0,253,4,1,0.6996,0.0,GREEN,44,Kolkata
CLM0047766,KOL_00723,Howrah,2025-06-30,11,0,0,0,0,0,0,0,0,0,1.0,0.97709,0,1.0,0,327,1,4,0.5741,0.0,GREEN,35,Kolkata
CLM0047767,KOL_03844,Garia,2025-08-31,21,0,0,0,0,0,0,0,1,0,1.0,0.221617,0,0.0,0,150,4,3,0.4033,0.2314,GREEN,46,Kolkata
CLM0047768,KOL_05058,New Town,2022-12-15,16,0,0,0,0,0,0,1,0,0,0.0,0.013562,0,0.0,0,419,1,4,0.4637,0.1261,GREEN,43,Kolkata
CLM0047769,KOL_02521,Dum Dum,2023-07-09,7,0,0,0,0,0,0,0,1,0,0.0,0.320494,0,0.0,0,68,3,2,0.8724,0.1376,GREEN,58,Kolkata
CLM0047770,KOL_08016,Garia,2022-09-01,16,0,0,0,0,0,0,0,0,0,0.0,0.108579,0,0.0,0,75,2,6,0.98,0.0,GREEN,18,Kolkata
CLM0047771,KOL_04578,Sealdah,2022-03-20,16,0,0,0,0,0,0,0,0,0,0.0,0.177457,0,0.0,0,267,1,4,0.6753,0.0974,GREEN,37,Kolkata
CLM0047772,KOL_04304,Tollygunge,2022-10-28,7,0,0,0,0,0,0,0,0,0,1.0,0.090485,0,0.0,0,311,1,2,0.05,0.0,GREEN,26,Kolkata
CLM0047773,KOL_02443,Sealdah,2022-08-24,15,0,0,0,0,0,1,0,0,0,0.0,0.244035,0,0.0,0,277,2,1,0.8365,0.0441,GREEN,34,Kolkata
CLM0047774,KOL_03391,Tollygunge,2023-07-19,13,0,0,0,0,1,0,1,0,0,0.0,0.123987,0,0.0,0,75,0,0,0.7067,0.1696,GREEN,28,Kolkata
CLM0047775,KOL_05206,Tollygunge,2024-03-10,16,0,0,0,0,0,0,0,0,0,0.0,1.0,0,0.0,0,420,0,2,0.7146,0.0,GREEN,36,Kolkata
CLM0047776,KOL_03598,Park Street,2024-05-21,20,0,0,0,0,0,0,0,0,0,0.0,0.095463,0,0.0,0,113,2,2,0.8492,0.0,GREEN,32,Kolkata
CLM0047777,KOL_08088,Esplanade,2024-10-07,19,0,0,0,0,0,0,0,0,0,0.0,0.175785,0,0.0,0,332,0,1,0.7561,0.0,GREEN,33,Kolkata
CLM0047778,KOL_06623,Garia,2019-05-08,21,0,1,1,1,0,1,1,0,1,0.0,0.169806,0,0.0,0,420,1,0,0.9611,0.52,YELLOW,49,Kolkata
CLM0047779,KOL_07862,Garia,2020-09-20,7,0,1,1,1,1,1,1,0,1,0.0,0.06644,1,0.0,1,8,0,18,0.9614,0.8897,RED,51,Kolkata
CLM0047780,KOL_06161,Esplanade,2024-06-18,20,0,1,1,1,0,1,1,0,1,1.0,1.0,0,0.0,0,48,0,18,0.7601,0.6504,RED,34,Kolkata
CLM0047781,KOL_05567,Behala,2021-02-09,14,0,1,1,0,0,0,1,1,1,1.0,0.016261,0,0.0,1,11,0,18,0.3386,0.6304,RED,43,Kolkata
CLM0047782,KOL_01649,Salt Lake,2022-11-13,18,0,1,1,1,1,1,1,0,0,1.0,0.974115,0,0.0,1,18,1,18,0.05,0.6778,RED,35,Kolkata
CLM0047783,KOL_08370,Garia,2020-11-01,17,0,1,1,1,0,0,1,1,0,1.0,1.0,0,0.0,1,5,2,18,0.05,0.3842,YELLOW,29,Kolkata
CLM0047784,KOL_07823,New Town,2019-05-31,7,0,1,1,1,1,1,1,1,0,1.0,0.937659,0,1.0,0,5,0,18,0.8155,0.7588,RED,45,Kolkata
CLM0047785,KOL_09535,Esplanade,2019-08-21,9,0,1,1,1,0,1,1,1,0,0.0,0.386655,0,0.0,0,5,0,18,0.05,0.4835,YELLOW,44,Kolkata
CLM0047786,KOL_00547,Sealdah,2024-12-27,10,0,0,0,0,0,1,0,0,0,1.0,0.988188,0,1.0,0,218,3,4,0.4776,0.0494,GREEN,42,Kolkata
CLM0047787,KOL_08737,Tollygunge,2025-05-10,13,0,0,0,0,0,0,0,1,0,0.0,0.297015,0,0.0,0,54,0,3,0.9025,0.1369,GREEN,33,Kolkata
CLM0047788,KOL_01018,Howrah,2024-12-19,19,0,0,0,0,0,0,0,0,0,0.0,0.143073,0,1.0,0,420,3,3,0.5707,0.0025,GREEN,48,Kolkata
CLM0047789,KOL_09758,Park Street,2025-07-22,12,0,0,0,0,0,0,0,0,0,0.0,0.396961,0,0.0,0,239,3,1,0.8432,0.0,GREEN,30,Kolkata
CLM0047790,KOL_07684,Salt Lake,2025-10-23,14,0,0,0,0,0,0,0,0,0,0.0,0.242952,0,0.0,0,420,0,0,0.4063,0.1271,GREEN,29,Kolkata
CLM0047791,KOL_00195,Howrah,2025-01-19,18,0,0,0,0,0,0,0,0,0,0.0,0.372966,0,0.0,0,281,1,1,0.6818,0.1569,GREEN,50,Kolkata
CLM0047792,KOL_00252,Esplanade,2023-12-05,15,0,0,0,0,0,0,0,0,0,0.0,0.323451,0,0.0,0,54,1,5,0.05,0.1039,GREEN,37,Kolkata
CLM0047793,KOL_04560,Behala,2024-02-09,19,0,0,0,0,0,1,0,0,0,0.0,0.131233,0,0.0,1,325,0,7,0.7071,0.1205,GREEN,24,Kolkata
CLM0047794,KOL_01745,Howrah,2023-12-14,17,0,0,0,0,0,0,0,1,0,0.0,0.133841,0,0.0,0,157,1,4,0.6126,0.1587,GREEN,52,Kolkata
CLM0047795,KOL_06049,Esplanade,2024-04-19,12,0,0,0,0,0,0,0,0,0,0.0,0.027397,0,0.0,0,243,0,3,0.8032,0.0472,GREEN,27,Kolkata
CLM0047796,KOL_04179,Park Street,2024-05-09,16,0,0,0,0,0,0,0,0,0,0.0,0.995117,0,0.0,0,136,1,5,0.1509,0.0136,GREEN,35,Kolkata
CLM0047797,KOL_03778,Behala,2025-04-09,21,0,0,0,0,0,0,0,0,0,0.0,0.132468,1,1.0,0,177,4,2,0.6559,0.0,GREEN,26,Kolkata
CLM0047798,KOL_00033,Park Street,2025-01-13,15,0,0,0,0,0,0,0,0,0,0.0,0.318573,0,0.0,0,87,1,2,0.1719,0.0,GREEN,36,Kolkata
CLM0047799,KOL_06622,New Town,2024-12-03,17,0,0,0,0,0,0,0,0,0,0.0,0.381007,0,0.0,0,191,4,2,0.6577,0.0,GREEN,55,Kolkata
CLM0047800,KOL_07691,Behala,2025-04-12,7,0,0,0,0,0,0,0,0,0,0.0,0.034431,0,0.0,0,420,1,5,0.7361,0.0246,GREEN,23,Kolkata
CLM0047801,KOL_07399,New Town,2023-12-19,12,0,0,0,0,0,0,0,0,0,0.0,0.397008,0,0.0,0,36,0,3,0.572,0.0,GREEN,34,Kolkata
CLM0047802,KOL_02497,Howrah,2023-12-30,21,0,0,0,0,0,0,1,0,0,0.0,0.156308,0,0.0,0,206,0,1,0.7814,0.0519,GREEN,49,Kolkata
CLM0047803,KOL_03156,Garia,2024-10-09,8,0,0,0,0,0,0,0,0,1,0.0,0.064161,0,0.0,0,201,1,0,0.6755,0.1791,GREEN,28,Kolkata
CLM0047804,KOL_04686,Salt Lake,2024-01-13,17,0,0,0,0,0,0,0,0,0,0.0,0.0,0,0.0,0,420,3,0,0.6541,0.1476,GREEN,31,Kolkata
CLM0047805,KOL_00612,Sealdah,2019-04-01,7,0,0,0,0,0,0,0,0,1,0.0,0.20049,0,0.0,0,266,2,3,0.48,0.1869,GREEN,36,Kolkata
CLM0047806,KOL_06738,Dum Dum,2019-10-05,8,0,0,0,0,0,0,0,0,0,0.0,0.246079,0,0.0,0,80,1,3,0.7499,0.0342,GREEN,31,Kolkata
CLM0047807,KOL_03964,Behala,2025-07-22,14,0,0,0,0,0,0,0,0,0,0.0,0.123549,0,0.0,0,261,1,3,0.4015,0.0,GREEN,45,Kolkata
CLM0047808,KOL_05343,Salt Lake,2024-06-19,20,0,0,0,0,0,0,0,0,0,0.0,0.0,0,0.0,0,420,2,1,0.98,0.0083,GREEN,36,Kolkata
CLM0047809,KOL_08880,Behala,2025-03-14,7,0,0,0,0,0,0,0,0,0,0.0,0.168866,0,0.0,0,5,2,3,0.1223,0.0318,GREEN,42,Kolkata
CLM0047810,KOL_08060,Behala,2019-08-04,15,0,0,0,0,0,0,0,0,0,0.0,0.33438,0,0.0,0,420,3,1,0.5475,0.0222,GREEN,40,Kolkata
CLM0047811,KOL_02966,Howrah,2023-03-20,14,0,0,0,0,1,1,1,1,1,0.0,0.133618,0,0.0,1,5,4,11,0.8945,0.0,GREEN,45,Kolkata
CLM0047812,KOL_02757,Behala,2025-08-04,16,0,0,0,0,0,0,0,0,0,0.0,0.217735,0,0.0,0,420,1,2,0.05,0.0,GREEN,24,Kolkata
CLM0047813,KOL_02195,Tollygunge,2019-02-16,13,0,0,0,0,0,0,0,0,0,0.0,0.308795,0,0.0,0,420,2,0,0.1541,0.0,GREEN,44,Kolkata
CLM0047814,KOL_05410,Dum Dum,2025-12-07,11,0,0,0,0,0,1,0,0,0,0.0,0.123906,0,0.0,0,254,2,1,0.7874,0.1654,GREEN,40,Kolkata
CLM0047815,KOL_07460,Park Street,2023-11-10,18,0,0,0,0,0,0,0,1,0,0.0,0.0,0,0.0,0,182,2,7,0.98,0.134,GREEN,42,Kolkata
CLM0047816,KOL_00418,Park Street,2022-05-04,18,0,0,0,0,0,0,0,0,0,0.0,0.308348,0,0.0,0,117,0,2,0.631,0.0173,GREEN,19,Kolkata
CLM0047817,KOL_04216,Tollygunge,2025-09-09,19,0,0,0,0,0,0,1,0,0,0.0,0.217034,0,1.0,0,364,0,2,0.05,0.0744,GREEN,40,Kolkata
CLM0047818,KOL_07719,Park Street,2023-05-03,7,0,0,0,0,0,0,0,0,0,0.0,0.214854,0,0.0,0,343,1,2,0.7221,0.0,GREEN,32,Kolkata
CLM0047819,KOL_07729,Esplanade,2022-08-13,17,0,0,0,0,0,0,0,0,1,0.0,0.381453,0,0.0,0,343,2,0,0.6564,0.1567,GREEN,38,Kolkata
CLM0047820,KOL_04650,Salt Lake,2025-01-31,16,0,0,0,0,0,0,0,1,0,0.0,0.398667,0,0.0,0,298,3,5,0.5887,0.0895,GREEN,19,Kolkata
CLM0047821,KOL_00918,Salt Lake,2023-04-30,15,0,0,0,0,0,0,0,0,0,1.0,0.296923,0,0.0,0,24,0,2,0.5775,0.152,GREEN,28,Kolkata
CLM0047822,KOL_05777,Howrah,2022-08-13,10,0,0,0,1,1,0,0,0,0,0.0,0.343771,0,0.0,0,420,2,4,0.6887,0.3301,YELLOW,29,Kolkata
CLM0047823,KOL_05271,Salt Lake,2024-03-22,14,0,0,0,0,0,0,0,0,0,0.0,0.05754,0,0.0,0,238,0,1,0.5643,0.0,GREEN,43,Kolkata
CLM0047824,KOL_04167,Sealdah,2024-01-17,14,0,0,0,0,0,0,0,0,0,0.0,0.372034,0,0.0,0,286,2,4,0.5299,0.0,GREEN,42,Kolkata
CLM0047825,KOL_04110,Howrah,2024-07-09,19,0,0,0,0,0,0,0,0,1,0.0,0.089381,0,0.0,0,420,3,6,0.8083,0.0812,GREEN,26,Kolkata
CLM0047826,KOL_07694,Garia,2024-02-07,21,0,0,0,0,0,0,0,0,0,0.0,0.224598,0,0.0,0,92,4,2,0.7125,0.1092,GREEN,29,Kolkata
CLM0047827,KOL_09133,Behala,2023-08-16,12,0,0,0,0,0,0,0,0,0,0.0,0.189686,0,0.0,0,420,4,1,0.9504,0.0006,GREEN,52,Kolkata
CLM0047828,KOL_03449,Howrah,2024-02-03,15,0,0,0,0,0,0,0,0,0,0.0,0.010382,0,0.0,0,97,3,5,0.8848,0.0603,GREEN,43,Kolkata
CLM0047829,KOL_00911,Dum Dum,2024-07-23,18,0,0,0,0,0,0,0,0,0,0.0,0.143862,0,0.0,0,117,0,3,0.05,0.0,GREEN,47,Kolkata
CLM0047830,KOL_05031,Tollygunge,2024-01-03,11,0,0,0,0,0,0,0,0,0,0.0,0.328575,1,0.0,0,82,2,4,0.6848,0.0893,GREEN,28,Kolkata
CLM0047831,KOL_03882,New Town,2022-03-11,18,0,0,0,0,0,0,1,0,0,0.0,0.96801,0,0.0,0,197,4,2,0.8607,0.0308,GREEN,18,Kolkata
CLM0047832,KOL_06291,Dum Dum,2022-07-07,10,0,0,0,0,0,0,0,0,0,0.0,0.26159,0,1.0,0,197,3,2,0.6954,0.0106,GREEN,40,Kolkata
CLM0047833,KOL_02214,Howrah,2024-12-20,10,0,0,0,0,0,0,0,0,0,0.0,0.0,0,1.0,0,420,2,0,0.792,0.0226,GREEN,47,Kolkata
CLM0047834,KOL_07214,Tollygunge,2024-07-30,21,0,0,0,0,0,0,0,0,0,0.0,0.0,0,0.0,0,353,4,1,0.4556,0.0555,GREEN,29,Kolkata
CLM0047835,KOL_03959,Tollygunge,2021-11-08,21,0,0,0,0,0,0,0,0,0,0.0,0.1145,0,0.0,0,90,1,3,0.8101,0.0,GREEN,39,Kolkata
CLM0047836,KOL_06461,Esplanade,2022-09-26,19,0,0,0,0,0,0,1,0,0,0.0,0.17519,0,0.0,0,88,4,2,0.2231,0.0922,GREEN,50,Kolkata
CLM0047837,KOL_02226,New Town,2020-08-16,19,0,0,0,0,0,0,0,1,0,0.0,0.314367,0,1.0,0,334,0,1,0.5479,0.1504,GREEN,34,Kolkata
CLM0047838,KOL_02713,Park Street,2017-01-08,21,0,0,0,0,0,1,0,0,0,0.0,0.390044,0,0.0,0,258,4,2,0.8871,0.0803,GREEN,35,Kolkata
CLM0047839,KOL_04533,Behala,2022-12-19,11,0,0,0,0,0,1,0,0,0,0.0,1.0,0,0.0,0,264,1,2,0.5864,0.0834,GREEN,42,Kolkata
CLM0047840,KOL_03917,Sealdah,2018-09-04,20,0,0,0,0,0,0,0,0,0,0.0,0.174836,0,0.0,0,346,3,7,0.3074,0.0693,GREEN,59,Kolkata
CLM0047841,KOL_07382,Dum Dum,2023-09-01,19,0,0,0,0,0,0,0,0,0,0.0,0.93793,0,0.0,0,420,2,2,0.8366,0.0,GREEN,29,Kolkata
CLM0047842,KOL_07347,Dum Dum,2024-08-03,20,0,0,0,0,0,0,0,0,0,0.0,0.374327,0,0.0,0,314,0,4,0.98,0.0,GREEN,31,Kolkata
CLM0047843,KOL_04642,Behala,2021-11-01,14,0,0,0,0,0,1,0,0,0,0.0,0.280718,0,0.0,0,193,2,0,0.5323,0.0873,GREEN,40,Kolkata
CLM0047844,KOL_05109,Dum Dum,2022-07-18,9,0,0,0,0,0,0,0,0,0,0.0,0.290661,0,0.0,0,39,0,4,0.5121,0.0,GREEN,25,Kolkata
CLM0047845,KOL_09355,Howrah,2021-12-02,16,0,0,0,0,0,0,1,0,0,0.0,0.108813,0,0.0,0,160,2,2,0.6314,0.1153,GREEN,27,Kolkata
CLM0047846,KOL_02875,Garia,2025-07-01,15,0,0,0,0,0,1,0,0,0,1.0,0.307744,0,0.0,0,420,0,1,0.7463,0.1349,GREEN,39,Kolkata
CLM0047847,KOL_00746,Dum Dum,2020-03-09,13,0,0,0,0,0,0,0,0,0,0.0,1.0,0,0.0,0,141,0,3,0.9052,0.0,GREEN,35,Kolkata
CLM0047848,KOL_07644,Tollygunge,2022-09-02,7,0,0,0,0,0,0,0,0,0,0.0,0.9995,1,1.0,0,334,4,0,0.968,0.1733,GREEN,48,Kolkata
CLM0047849,KOL_05513,Tollygunge,2023-08-08,20,0,0,0,0,0,1,1,0,0,0.0,0.976654,0,0.0,0,406,3,0,0.58,0.2214,GREEN,34,Kolkata
CLM0047850,KOL_08940,Behala,2024-07-31,20,0,0,0,0,0,0,0,1,0,0.0,0.295978,0,1.0,0,370,1,5,0.2032,0.0,GREEN,37,Kolkata
CLM0047851,KOL_01268,Park Street,2022-11-02,20,0,0,0,0,0,0,0,0,0,0.0,0.045148,0,0.0,0,397,4,0,0.7372,0.0,GREEN,28,Kolkata
CLM0047852,KOL_05514,Behala,2023-10-14,9,0,0,0,0,0,0,0,0,0,0.0,0.306366,0,0.0,0,306,0,2,0.05,0.0543,GREEN,18,Kolkata
CLM0047853,KOL_09847,Howrah,2021-11-04,21,0,0,0,0,0,0,0,0,0,0.0,0.04948,0,0.0,0,203,3,1,0.727,0.0224,GREEN,48,Kolkata
CLM0047854,KOL_09359,Dum Dum,2025-09-07,11,0,0,0,0,0,0,0,0,0,0.0,0.123713,0,0.0,0,330,4,0,0.862,0.0416,GREEN,30,Kolkata
CLM0047855,KOL_06935,Howrah,2021-05-23,13,0,0,0,0,0,0,0,0,0,0.0,1.0,0,0.0,0,420,1,0,0.8967,0.0871,GREEN,29,Kolkata
CLM0047856,KOL_02397,Esplanade,2020-08-16,8,0,0,0,0,0,0,0,0,0,0.0,0.224078,0,1.0,0,58,1,1,0.6956,0.053,GREEN,51,Kolkata
CLM0047857,KOL_04365,Park Street,2023-10-14,7,0,1,1,0,0,0,0,0,1,0.0,0.118832,0,0.0,1,188,3,4,0.9159,0.1787,GREEN,59,Kolkata
CLM0047858,KOL_01551,Garia,2023-01-10,7,0,0,0,1,0,0,1,1,0,0.0,1.0,0,0.0,1,9,2,18,0.4058,0.0321,GREEN,29,Kolkata
CLM0047859,KOL_07311,Dum Dum,2024-02-02,17,0,0,0,0,0,0,0,0,0,0.0,0.164692,0,0.0,0,139,1,0,0.98,0.0,GREEN,31,Kolkata
CLM0047860,KOL_09424,New Town,2023-10-22,19,0,0,0,0,0,1,1,1,1,0.0,0.454911,0,1.0,0,26,0,18,0.2129,0.0036,GREEN,45,Kolkata
CLM0047861,KOL_05498,New Town,2021-02-02,17,0,0,0,0,0,1,0,0,0,0.0,0.154791,0,0.0,0,327,0,0,0.98,0.0919,GREEN,33,Kolkata
CLM0047862,KOL_03571,Howrah,2024-03-28,20,0,0,0,0,0,0,0,0,0,0.0,0.27051,0,0.0,1,338,0,2,0.8209,0.0602,GREEN,49,Kolkata
CLM0047863,KOL_05916,Salt Lake,2025-01-04,19,0,0,0,0,0,0,0,0,0,0.0,0.211818,0,0.0,0,420,4,3,0.2805,0.0306,GREEN,38,Kolkata
CLM0047864,KOL_09927,Esplanade,2019-01-29,19,0,0,0,0,0,0,0,0,1,0.0,0.0,0,0.0,0,420,4,5,0.7788,0.1378,GREEN,39,Kolkata
CLM0047865,KOL_07027,Salt Lake,2022-04-04,19,0,0,0,0,0,0,0,1,0,0.0,0.974541,0,0.0,0,127,3,0,0.8833,0.145,GREEN,49,Kolkata
CLM0047866,KOL_03379,Park Street,2024-01-23,7,0,0,0,0,0,0,0,0,0,0.0,0.31086,0,0.0,0,152,4,0,0.9033,0.0088,GREEN,36,Kolkata
CLM0047867,KOL_00710,Behala,2018-01-25,15,0,0,0,0,0,1,0,1,0,0.0,0.101835,0,0.0,0,416,2,5,0.4216,0.3175,YELLOW,35,Kolkata
CLM0047868,KOL_00082,Garia,2020-06-04,11,0,0,0,0,0,0,0,0,0,0.0,0.025077,0,0.0,1,107,2,5,0.4938,0.1855,GREEN,38,Kolkata
CLM0047869,KOL_04401,Behala,2019-04-05,20,0,0,0,0,0,0,0,0,0,0.0,0.424742,0,0.0,0,420,1,6,0.7831,0.0206,GREEN,48,Kolkata
CLM0047870,KOL_02442,Dum Dum,2020-08-27,17,0,0,0,0,0,0,0,0,0,0.0,0.298528,0,0.0,0,206,3,5,0.8517,0.0319,GREEN,31,Kolkata
CLM0047871,KOL_05718,Esplanade,2023-06-10,13,0,0,0,0,0,0,0,1,0,1.0,0.37421,0,0.0,0,232,1,1,0.8092,0.1536,GREEN,41,Kolkata
CLM0047872,KOL_04193,Dum Dum,2024-04-24,11,0,0,0,1,0,0,0,0,0,0.0,0.284187,0,0.0,0,194,0,2,0.8472,0.2539,GREEN,53,Kolkata
CLM0047873,KOL_08318,Behala,2019-03-10,7,0,0,0,0,0,0,0,0,0,0.0,0.214576,0,0.0,0,80,1,3,0.5988,0.0,GREEN,44,Kolkata
CLM0047874,KOL_01282,Behala,2023-11-17,14,0,0,0,0,0,0,0,0,0,0.0,0.149069,0,0.0,0,186,4,3,0.7601,0.0737,GREEN,38,Kolkata
CLM0047875,KOL_06438,Garia,2019-10-29,7,0,1,1,0,0,0,0,0,0,0.0,0.137527,0,0.0,0,420,4,4,0.8117,0.0357,GREEN,34,Kolkata
CLM0047876,KOL_07744,Garia,2021-08-21,19,0,0,0,0,1,0,0,0,0,0.0,0.338361,0,0.0,0,39,0,2,0.8598,0.1203,GREEN,41,Kolkata
CLM0047877,KOL_00144,Dum Dum,2020-02-10,14,0,0,0,0,0,0,0,0,0,0.0,0.397607,0,0.0,0,400,2,2,0.98,0.0346,GREEN,32,Kolkata
CLM0047878,KOL_01607,Behala,2020-03-14,15,0,0,0,0,0,0,0,0,0,0.0,0.278149,0,0.0,0,19,2,0,0.98,0.0568,GREEN,18,Kolkata
CLM0047879,KOL_05845,Esplanade,2017-08-28,21,0,0,0,0,1,0,0,0,0,0.0,0.098828,0,0.0,0,360,1,1,0.9118,0.0881,GREEN,33,Kolkata
CLM0047880,KOL_03089,Behala,2025-08-20,16,0,0,0,0,0,0,0,0,0,0.0,0.449678,0,0.0,0,284,2,0,0.5501,0.0706,GREEN,28,Kolkata
CLM0047881,KOL_02339,Dum Dum,2021-05-11,10,0,0,0,0,0,0,0,1,0,0.0,0.330522,0,0.0,0,101,3,1,0.8347,0.0595,GREEN,33,Kolkata
CLM0047882,KOL_04163,Park Street,2021-02-07,8,0,0,0,0,0,0,0,0,0,0.0,0.273669,0,0.0,0,32,0,0,0.7508,0.0606,GREEN,20,Kolkata
CLM0047883,KOL_03197,New Town,2023-11-18,13,0,0,0,0,0,0,0,0,0,0.0,0.365681,0,0.0,0,101,1,0,0.98,0.0,GREEN,28,Kolkata
CLM0047884,KOL_01566,Tollygunge,2019-10-19,17,0,0,0,0,0,0,0,0,0,0.0,0.296126,0,0.0,0,420,3,1,0.7525,0.0,GREEN,42,Kolkata
CLM0047885,KOL_08628,Esplanade,2024-06-06,11,0,0,0,0,0,0,0,0,0,0.0,0.387186,0,0.0,0,152,0,5,0.7473,0.0,GREEN,44,Kolkata
CLM0047886,KOL_00662,Howrah,2017-08-30,21,0,0,0,0,0,0,0,1,0,0.0,0.34398,0,0.0,0,420,3,2,0.131,0.151,GREEN,29,Kolkata
CLM0047887,KOL_00023,Behala,2022-09-15,17,0,0,0,1,0,0,0,0,0,0.0,0.043547,0,0.0,0,420,3,0,0.841,0.1268,GREEN,18,Kolkata
CLM0047888,KOL_03492,Garia,2019-08-05,21,0,0,0,0,0,0,0,0,0,0.0,1.0,0,0.0,0,270,2,5,0.8789,0.0038,GREEN,22,Kolkata
CLM0047889,KOL_06364,Park Street,2021-08-04,16,0,0,0,0,0,0,0,0,0,0.0,0.176339,0,0.0,0,117,0,0,0.0672,0.0095,GREEN,29,Kolkata
CLM0047890,KOL_08709,Sealdah,2022-10-11,7,0,0,0,0,0,0,0,0,0,0.0,0.305545,0,0.0,0,150,4,6,0.2447,0.0145,GREEN,35,Kolkata
CLM0047891,KOL_01376,Tollygunge,2025-04-26,17,0,0,0,0,0,0,0,0,0,0.0,0.307365,0,0.0,0,180,0,0,0.9422,0.0,GREEN,35,Kolkata
CLM0047892,KOL_04272,Salt Lake,2025-09-15,12,0,0,0,0,0,0,0,1,0,0.0,0.41029,0,0.0,0,420,4,1,0.1404,0.0663,GREEN,37,Kolkata
CLM0047893,KOL_04129,Sealdah,2022-07-12,13,0,0,0,0,0,0,0,1,0,0.0,0.163398,0,0.0,0,202,0,4,0.628,0.091,GREEN,29,Kolkata
CLM0047894,KOL_07312,New Town,2024-12-16,9,0,0,0,0,0,0,0,0,0,0.0,0.339593,0,0.0,0,113,3,5,0.7779,0.0,GREEN,39,Kolkata
CLM0047895,KOL_08073,Tollygunge,2022-01-12,12,0,0,0,0,1,0,0,0,0,0.0,0.13101,1,0.0,0,227,2,0,0.6254,0.2783,GREEN,41,Kolkata
CLM0047896,KOL_02298,Tollygunge,2024-02-15,18,0,0,0,1,0,0,0,0,1,0.0,0.047585,0,0.0,0,87,4,3,0.98,0.4881,YELLOW,45,Kolkata
CLM0047897,KOL_06687,Salt Lake,2018-07-29,9,0,1,1,0,1,1,0,1,0,0.0,0.973567,1,0.0,0,5,1,18,0.1507,0.5964,YELLOW,51,Kolkata
CLM0047898,KOL_02979,Park Street,2023-03-11,10,0,1,1,1,0,0,0,0,0,0.0,0.322864,1,0.0,0,283,1,7,0.6173,0.3164,YELLOW,36,Kolkata
CLM0047899,KOL_00135,Dum Dum,2016-09-11,11,0,1,1,1,0,1,1,1,1,0.0,0.987691,1,1.0,1,5,2,18,0.2963,0.8142,RED,44,Kolkata
CLM0047900,KOL_06001,New Town,2018-05-22,11,0,1,1,1,1,1,1,0,0,1.0,0.302068,0,1.0,1,5,0,18,0.1691,0.6098,YELLOW,25,Kolkata
CLM0047901,KOL_03983,Esplanade,2020-03-16,19,0,1,1,0,0,0,0,0,0,0.0,0.365479,0,0.0,0,314,0,3,0.7128,0.8111,RED,42,Kolkata
CLM0047902,KOL_07938,Park Street,2017-09-21,17,0,1,1,1,0,0,1,0,0,1.0,0.95464,1,0.0,0,5,2,18,0.335,0.263,GREEN,41,Kolkata
CLM0047903,KOL_09997,Howrah,2025-08-07,7,0,1,1,1,0,1,1,1,1,0.0,0.945972,0,1.0,0,5,0,18,0.2826,0.6869,RED,45,Kolkata
CLM0047904,KOL_04813,Tollygunge,2017-07-30,16,0,1,1,1,1,1,0,0,1,0.0,1.0,0,1.0,0,5,0,18,0.9077,0.8252,RED,54,Kolkata
CLM0047905,KOL_00835,Park Street,2025-10-08,10,0,1,1,0,0,0,0,0,0,0.0,0.192007,0,0.0,0,285,0,3,0.5114,0.7346,RED,48,Kolkata
CLM0047906,KOL_01449,Esplanade,2025-05-12,20,0,1,1,0,1,0,1,1,1,1.0,0.251949,0,0.0,0,8,1,18,0.3394,0.4348,YELLOW,20,Kolkata
CLM0047907,KOL_09698,Tollygunge,2022-04-02,20,0,0,0,0,0,0,0,0,0,0.0,0.094692,0,0.0,0,372,3,2,0.98,0.0688,GREEN,32,Kolkata
CLM0047908,KOL_01247,New Town,2022-06-25,12,0,0,0,0,0,0,0,0,0,0.0,0.386143,0,0.0,0,224,2,3,0.2599,0.0,GREEN,45,Kolkata
CLM0047909,KOL_06318,Dum Dum,2025-07-26,19,0,0,0,0,0,0,0,1,0,0.0,0.299426,0,0.0,0,135,1,4,0.6538,0.1006,GREEN,38,Kolkata
CLM0047910,KOL_06256,Esplanade,2025-03-02,7,0,0,0,0,0,0,0,0,0,1.0,0.117099,0,0.0,0,420,2,2,0.8453,0.1082,GREEN,44,Kolkata
CLM0047911,KOL_07324,Salt Lake,2022-09-12,19,0,0,0,0,0,0,0,0,0,0.0,0.070542,0,0.0,0,22,4,1,0.6212,0.0567,GREEN,47,Kolkata
CLM0047912,KOL_09535,Esplanade,2024-06-14,13,0,0,0,0,0,0,0,0,0,0.0,0.212729,0,0.0,0,392,1,3,0.6397,0.0,GREEN,44,Kolkata
CLM0047913,KOL_04873,Esplanade,2024-07-14,14,0,0,0,0,0,0,0,0,0,0.0,0.240698,0,0.0,0,416,4,0,0.851,0.1291,GREEN,42,Kolkata
CLM0047914,KOL_03708,Howrah,2025-03-14,15,0,0,0,0,0,0,0,0,0,0.0,0.468081,0,0.0,0,15,2,0,0.8468,0.0,GREEN,38,Kolkata
CLM0047915,KOL_01746,Dum Dum,2023-09-20,20,0,0,0,0,0,0,0,0,0,0.0,0.228187,0,0.0,1,105,2,3,0.5568,0.0633,GREEN,37,Kolkata
CLM0047916,KOL_04796,Garia,2021-10-03,14,0,0,0,0,0,0,0,0,0,0.0,0.35846,0,0.0,0,396,4,2,0.6408,0.0,GREEN,33,Kolkata
CLM0047917,KOL_06879,Dum Dum,2024-05-04,15,0,0,0,0,0,0,0,0,0,0.0,0.250537,0,0.0,0,76,2,0,0.2594,0.0188,GREEN,38,Kolkata
CLM0047918,KOL_03937,Garia,2023-01-16,16,0,0,0,0,0,0,0,0,0,0.0,0.078722,0,0.0,0,382,2,1,0.6741,0.0055,GREEN,34,Kolkata
CLM0047919,KOL_03533,Howrah,2024-04-07,18,0,0,0,0,0,0,1,0,0,0.0,0.0,0,0.0,0,281,2,0,0.6805,0.0364,GREEN,31,Kolkata
CLM0047920,KOL_01093,Behala,2021-04-23,14,0,0,0,0,0,0,0,0,0,0.0,0.234857,0,0.0,0,124,4,2,0.4783,0.0221,GREEN,36,Kolkata
CLM0047921,KOL_05296,Garia,2023-05-13,10,0,0,0,0,1,0,0,0,0,0.0,0.287567,1,0.0,0,280,1,5,0.2699,0.1931,GREEN,35,Kolkata
CLM0047922,KOL_02210,New Town,2024-03-12,15,0,0,0,0,0,1,0,0,0,0.0,0.074245,0,0.0,0,237,4,0,0.1776,0.1235,GREEN,24,Kolkata
CLM0047923,KOL_07001,Sealdah,2025-07-24,9,0,0,0,1,0,0,0,0,0,0.0,0.076873,0,0.0,0,420,4,3,0.8718,0.2394,GREEN,23,Kolkata
CLM0047924,KOL_07879,Howrah,2022-01-14,15,0,0,0,0,0,1,0,0,0,0.0,0.09285,0,0.0,1,392,1,9,0.8274,0.2344,GREEN,33,Kolkata
CLM0047925,KOL_09763,Dum Dum,2025-05-16,16,0,0,0,0,0,0,0,0,1,0.0,0.008241,0,0.0,0,420,3,5,0.6898,0.0898,GREEN,42,Kolkata
CLM0047926,KOL_06776,Salt Lake,2021-11-10,7,0,0,0,0,1,1,0,0,0,0.0,0.209465,0,0.0,0,420,0,3,0.8551,0.2026,GREEN,54,Kolkata
CLM0047927,KOL_09566,Park Street,2020-09-22,18,0,0,0,0,0,0,0,0,0,0.0,0.21941,0,0.0,1,353,4,0,0.9235,0.085,GREEN,50,Kolkata
CLM0047928,KOL_08467,Dum Dum,2021-01-30,18,0,0,0,0,0,0,0,0,0,0.0,0.456956,0,0.0,0,420,2,0,0.7786,0.0379,GREEN,35,Kolkata
CLM0047929,KOL_05023,Salt Lake,2018-11-21,21,0,0,0,0,0,1,0,1,0,0.0,0.159955,0,0.0,0,57,4,3,0.7008,0.2823,GREEN,44,Kolkata
CLM0047930,KOL_02843,Salt Lake,2022-06-29,10,0,0,0,1,1,1,1,1,1,1.0,0.9753,0,0.0,1,40,4,18,0.7848,0.1163,GREEN,46,Kolkata
CLM0047931,KOL_04094,Garia,2024-09-14,12,0,0,0,0,0,0,0,0,0,0.0,0.008613,0,0.0,0,153,1,0,0.9752,0.0549,GREEN,42,Kolkata
CLM0047932,KOL_08483,Tollygunge,2022-06-10,21,0,0,0,0,0,0,0,0,0,0.0,0.0,0,0.0,0,115,0,0,0.7661,0.012,GREEN,24,Kolkata
CLM0047933,KOL_04448,Salt Lake,2024-02-04,19,0,0,0,0,1,0,0,0,1,0.0,0.340195,0,0.0,0,254,4,6,0.5029,0.0,GREEN,47,Kolkata
CLM0047934,KOL_05665,Behala,2024-11-09,19,0,0,0,0,0,0,0,0,0,0.0,0.178458,0,0.0,0,34,4,1,0.8437,0.0103,GREEN,30,Kolkata
CLM0047935,KOL_03976,Garia,2023-02-25,19,0,0,0,0,0,0,0,0,0,0.0,0.00806,0,0.0,0,202,0,4,0.8555,0.1212,GREEN,34,Kolkata
CLM0047936,KOL_01347,Tollygunge,2022-07-11,21,0,0,0,0,0,0,1,0,0,0.0,0.301484,0,1.0,0,328,3,3,0.9391,0.0817,GREEN,52,Kolkata
CLM0047937,KOL_04288,Behala,2023-04-14,8,0,0,0,0,0,0,0,0,0,0.0,0.24823,0,0.0,0,420,1,1,0.9092,0.013,GREEN,20,Kolkata
CLM0047938,KOL_02094,Garia,2022-01-24,17,0,0,0,0,0,0,0,0,0,0.0,0.881739,0,0.0,0,357,3,0,0.9405,0.0421,GREEN,29,Kolkata
CLM0047939,KOL_06926,Howrah,2022-10-05,20,0,0,0,0,0,0,0,0,0,0.0,0.191883,0,0.0,0,75,4,0,0.6874,0.0,GREEN,31,Kolkata
CLM0047940,KOL_06335,Behala,2024-02-19,10,0,0,0,0,0,0,0,0,1,0.0,0.388707,0,0.0,0,281,4,0,0.4077,0.2354,GREEN,22,Kolkata
CLM0047941,KOL_06451,Garia,2022-07-26,20,0,0,0,0,0,0,1,0,0,0.0,0.966697,0,0.0,0,310,2,3,0.5468,0.1084,GREEN,59,Kolkata
CLM0047942,KOL_09978,Sealdah,2024-04-01,19,0,0,0,0,0,0,0,0,0,1.0,0.377891,0,0.0,0,130,0,3,0.5345,0.1439,GREEN,31,Kolkata
CLM0047943,KOL_07834,Park Street,2022-02-21,19,0,0,0,1,0,0,0,0,1,1.0,0.033963,0,1.0,1,11,4,18,0.1462,0.1295,GREEN,42,Kolkata
CLM0047944,KOL_05589,Garia,2022-09-13,12,0,0,0,0,0,0,1,0,0,0.0,0.420679,0,0.0,0,204,3,1,0.98,0.113,GREEN,44,Kolkata
CLM0047945,KOL_05749,Howrah,2023-06-08,15,0,0,0,0,0,0,1,0,0,0.0,0.020533,1,0.0,0,330,3,3,0.9149,0.0968,GREEN,29,Kolkata
CLM0047946,KOL_04163,Park Street,2024-10-11,14,0,1,1,1,1,0,1,1,1,1.0,0.909024,1,0.0,1,9,1,18,0.1288,0.058,GREEN,20,Kolkata
CLM0047947,KOL_01458,Howrah,2024-04-12,10,0,0,0,0,0,1,0,0,0,0.0,0.248778,1,0.0,1,362,1,1,0.3446,0.1989,GREEN,34,Kolkata
CLM0047948,KOL_08680,Dum Dum,2025-10-26,18,0,0,0,0,0,0,0,0,0,1.0,1.0,0,1.0,0,110,1,7,0.7873,0.0337,GREEN,30,Kolkata
CLM0047949,KOL_04358,Dum Dum,2021-04-20,7,0,0,0,0,0,0,0,0,0,1.0,0.0,0,0.0,0,413,4,7,0.05,0.0359,GREEN,36,Kolkata
CLM0047950,KOL_00243,Park Street,2024-01-24,7,0,0,0,0,0,0,0,0,0,0.0,0.080598,0,0.0,0,227,4,0,0.875,0.0402,GREEN,19,Kolkata
CLM0047951,KOL_00111,Howrah,2023-09-11,18,0,0,0,0,0,0,0,0,0,0.0,1.0,0,0.0,0,420,4,2,0.8821,0.0,GREEN,36,Kolkata
CLM0047952,KOL_02635,Park Street,2024-09-11,14,0,0,0,0,0,0,0,0,0,0.0,0.08886,0,0.0,0,416,0,4,0.8619,0.0881,GREEN,52,Kolkata
CLM0047953,KOL_07297,Dum Dum,2019-06-16,17,0,0,0,0,0,0,1,1,0,0.0,0.118043,1,0.0,0,36,3,18,0.85,0.0,GREEN,25,Kolkata
CLM0047954,KOL_00155,Behala,2023-12-10,8,0,0,0,0,0,0,0,0,0,0.0,0.081461,0,0.0,0,146,2,0,0.5617,0.0,GREEN,33,Kolkata
CLM0047955,KOL_08168,Sealdah,2025-03-20,17,0,0,0,0,0,0,0,0,0,0.0,0.0,0,0.0,0,259,2,0,0.6809,0.0198,GREEN,33,Kolkata
CLM0047956,KOL_05669,New Town,2022-07-18,11,0,0,0,0,0,0,0,0,0,1.0,0.341021,1,0.0,0,293,1,4,0.9048,0.1195,GREEN,42,Kolkata
CLM0047957,KOL_08957,Dum Dum,2024-09-13,11,0,0,0,0,0,0,0,0,0,0.0,0.109407,0,0.0,0,308,1,2,0.887,0.0,GREEN,47,Kolkata
CLM0047958,KOL_01518,Howrah,2022-04-25,19,0,0,0,1,1,0,1,1,1,1.0,1.0,1,1.0,1,5,2,18,0.3416,0.1348,GREEN,41,Kolkata
CLM0047959,KOL_06615,Salt Lake,2022-03-02,9,0,0,0,0,0,0,1,0,0,0.0,0.275442,0,0.0,0,263,0,2,0.9743,0.0161,GREEN,30,Kolkata
CLM0047960,KOL_09949,Tollygunge,2021-08-20,15,0,0,0,0,0,0,1,0,0,0.0,1.0,0,0.0,0,264,0,0,0.7013,0.1245,GREEN,41,Kolkata
CLM0047961,KOL_07565,Behala,2023-10-06,12,0,0,0,0,0,0,0,0,0,0.0,0.237017,0,1.0,0,164,2,0,0.6575,0.0,GREEN,32,Kolkata
CLM0047962,KOL_00913,Dum Dum,2021-08-19,14,0,0,0,0,0,0,0,0,0,0.0,0.271723,0,0.0,0,22,1,5,0.8469,0.0252,GREEN,38,Kolkata
CLM0047963,KOL_04959,Salt Lake,2024-02-05,20,0,0,0,0,0,0,0,0,0,0.0,0.276139,0,0.0,0,420,3,0,0.98,0.0404,GREEN,45,Kolkata
CLM0047964,KOL_07473,Howrah,2019-11-11,16,0,0,0,0,0,0,0,0,0,1.0,0.155109,0,0.0,0,192,0,2,0.7734,0.2063,GREEN,41,Kolkata
CLM0047965,KOL_01841,Garia,2018-07-30,10,0,0,0,0,0,0,0,0,0,0.0,0.390379,0,0.0,0,289,3,2,0.4725,0.0,GREEN,41,Kolkata
CLM0047966,KOL_01986,Howrah,2018-02-12,14,0,0,0,0,0,0,1,0,0,0.0,0.105379,0,0.0,0,339,1,0,0.8525,0.0513,GREEN,47,Kolkata
CLM0047967,KOL_08400,Garia,2023-09-10,18,0,0,0,0,0,0,1,0,0,1.0,0.4408,0,0.0,0,392,0,3,0.6558,0.1704,GREEN,37,Kolkata
CLM0047968,KOL_03611,Behala,2019-09-14,8,0,0,0,0,0,0,0,0,0,0.0,0.215385,0,0.0,0,168,2,1,0.6812,0.0,GREEN,22,Kolkata
CLM0047969,KOL_04802,Dum Dum,2019-06-30,16,0,0,0,0,0,0,0,0,0,0.0,0.125672,0,0.0,0,355,0,4,0.05,0.0,GREEN,30,Kolkata
CLM0047970,KOL_08105,Behala,2020-06-18,10,0,0,0,0,0,0,0,0,0,0.0,0.0,0,0.0,0,276,1,2,0.2776,0.0,GREEN,33,Kolkata
CLM0047971,KOL_04024,Howrah,2024-01-25,11,0,0,0,0,0,0,0,0,0,0.0,0.089641,0,0.0,0,139,1,0,0.5192,0.0287,GREEN,55,Kolkata
CLM0047972,KOL_01173,Howrah,2021-03-05,7,0,0,0,0,0,0,0,0,0,0.0,0.040633,0,0.0,0,194,0,4,0.7748,0.0,GREEN,45,Kolkata
CLM0047973,KOL_05473,Howrah,2020-04-30,16,0,0,0,0,0,0,1,0,0,0.0,0.138912,0,0.0,0,191,3,2,0.6683,0.0478,GREEN,29,Kolkata
CLM0047974,KOL_08622,Esplanade,2024-05-18,15,0,0,0,0,0,0,0,0,0,0.0,0.393907,0,0.0,0,353,4,2,0.5979,0.086,GREEN,42,Kolkata
CLM0047975,KOL_07312,New Town,2021-08-18,20,0,0,0,0,0,0,0,0,0,0.0,0.382269,0,0.0,0,217,0,2,0.7252,0.0017,GREEN,39,Kolkata
CLM0047976,KOL_05239,New Town,2020-07-28,17,0,0,0,0,0,1,0,0,0,0.0,0.118112,0,0.0,0,33,0,3,0.6441,0.0676,GREEN,28,Kolkata
CLM0047977,KOL_06715,Esplanade,2022-07-06,19,0,0,0,0,1,1,0,0,0,0.0,1.0,0,0.0,0,342,3,5,0.1248,0.1488,GREEN,37,Kolkata
CLM0047978,KOL_05763,Howrah,2020-11-01,15,0,0,0,0,0,0,0,0,0,0.0,0.317943,0,0.0,0,403,2,2,0.2535,0.0792,GREEN,37,Kolkata
CLM0047979,KOL_04414,Park Street,2021-07-15,9,0,0,0,0,0,0,0,0,0,0.0,0.165539,0,0.0,0,417,2,4,0.1783,0.0,GREEN,35,Kolkata
CLM0047980,KOL_03383,Howrah,2022-01-05,7,0,0,0,0,0,0,0,0,0,0.0,0.357211,0,0.0,0,9,0,2,0.98,0.1553,GREEN,55,Kolkata
CLM0047981,KOL_05274,New Town,2025-12-16,7,0,0,0,0,0,1,0,0,0,0.0,0.281985,0,0.0,0,420,1,0,0.6863,0.1091,GREEN,41,Kolkata
CLM0047982,KOL_02778,New Town,2020-03-23,8,0,0,0,0,0,0,0,0,0,0.0,1.0,0,0.0,1,420,1,0,0.6674,0.1406,GREEN,30,Kolkata
CLM0047983,KOL_06990,Behala,2023-06-15,19,0,0,0,0,1,0,0,0,0,0.0,0.102768,0,0.0,0,376,4,3,0.6702,0.1125,GREEN,29,Kolkata
CLM0047984,KOL_03998,Dum Dum,2024-10-15,15,0,0,0,1,0,1,0,0,0,0.0,0.113046,0,0.0,0,398,3,2,0.7553,0.2702,GREEN,41,Kolkata
CLM0047985,KOL_04427,Howrah,2022-01-05,10,0,0,0,0,0,0,0,0,0,0.0,0.304108,0,0.0,0,420,3,0,0.6483,0.0,GREEN,44,Kolkata
CLM0047986,KOL_00907,Dum Dum,2024-10-03,21,0,0,0,0,0,0,0,0,0,0.0,0.029234,0,0.0,0,202,2,4,0.7517,0.0174,GREEN,25,Kolkata
CLM0047987,KOL_07888,Howrah,2023-10-02,13,0,0,0,0,0,0,0,0,0,0.0,0.0,0,0.0,0,5,2,3,0.4495,0.0,GREEN,26,Kolkata
CLM0047988,KOL_01202,Sealdah,2023-03-15,17,0,0,0,0,0,0,0,0,0,1.0,0.031668,0,0.0,1,83,2,0,0.6829,0.0719,GREEN,24,Kolkata
CLM0047989,KOL_07986,Howrah,2025-10-12,21,0,0,0,0,0,1,1,0,0,0.0,0.200408,0,0.0,0,40,0,4,0.5372,0.1462,GREEN,18,Kolkata
CLM0047990,KOL_07516,Park Street,2024-06-19,8,0,0,0,0,0,0,0,0,0,1.0,0.19176,0,0.0,1,279,3,0,0.1515,0.2015,GREEN,35,Kolkata
CLM0047991,KOL_06326,New Town,2025-10-27,15,0,0,0,0,0,0,0,0,0,0.0,0.977144,0,0.0,0,282,2,3,0.7445,0.0423,GREEN,65,Kolkata
CLM0047992,KOL_02994,Howrah,2024-08-16,21,0,0,0,0,0,0,0,0,0,0.0,0.094989,0,0.0,0,350,0,0,0.6127,0.0,GREEN,40,Kolkata
CLM0047993,KOL_09734,Behala,2024-10-04,11,0,0,0,0,0,0,0,0,0,0.0,0.341325,0,0.0,0,408,4,3,0.5353,0.0,GREEN,32,Kolkata
CLM0047994,KOL_05061,Howrah,2017-06-30,20,0,0,0,0,0,0,0,0,0,0.0,0.188924,0,0.0,0,224,1,0,0.947,0.0305,GREEN,33,Kolkata
CLM0047995,KOL_07905,Behala,2025-11-13,19,0,0,0,0,0,0,0,0,0,0.0,0.974861,0,0.0,0,265,2,3,0.98,0.0,GREEN,29,Kolkata
CLM0047996,KOL_03694,Salt Lake,2025-10-13,7,0,0,0,1,0,0,0,0,0,0.0,0.104493,0,1.0,0,32,3,1,0.6919,0.1187,GREEN,53,Kolkata
CLM0047997,KOL_02734,Park Street,2022-12-04,7,0,0,0,0,0,1,0,0,0,0.0,0.056525,0,0.0,0,338,3,2,0.7849,0.009,GREEN,32,Kolkata
CLM0047998,KOL_05165,Sealdah,2017-06-15,20,0,0,0,0,0,0,1,0,1,0.0,0.355895,0,0.0,0,339,3,0,0.6259,0.2183,GREEN,29,Kolkata
CLM0047999,KOL_08057,Behala,2018-09-06,19,0,0,0,0,1,0,0,1,0,1.0,0.079911,1,0.0,0,5,4,18,0.9148,0.0133,GREEN,43,Kolkata
CLM0048000,KOL_01072,Dum Dum,2025-04-24,7,0,0,0,0,0,0,0,0,0,0.0,0.191546,0,0.0,0,277,0,1,0.6639,0.0559,GREEN,40,Kolkata
CLM0048001,KOL_06200,Tollygunge,2020-07-26,20,0,0,0,0,0,0,0,0,0,0.0,0.402665,0,0.0,0,75,0,2,0.6595,0.0,GREEN,18,Kolkata
CLM0048002,KOL_07930,Park Street,2018-03-06,15,0,0,0,0,0,0,0,0,0,1.0,0.392369,0,0.0,0,420,3,4,0.8086,0.0305,GREEN,49,Kolkata
CLM0048003,KOL_08439,Sealdah,2024-09-05,21,0,0,0,0,0,0,0,0,0,0.0,0.15607,0,0.0,0,370,4,1,0.6132,0.0073,GREEN,46,Kolkata
CLM0048004,KOL_07194,Dum Dum,2020-07-05,15,0,0,0,0,1,0,0,0,0,0.0,0.197487,0,0.0,0,270,4,0,0.0518,0.1771,GREEN,18,Kolkata
CLM0048005,KOL_02082,New Town,2024-08-12,11,0,0,0,0,0,0,0,0,0,0.0,0.387424,0,0.0,0,82,1,2,0.5699,0.0,GREEN,49,Kolkata
CLM0048006,KOL_09747,Esplanade,2021-07-24,16,0,0,0,0,0,0,0,0,0,0.0,0.4144,0,0.0,0,198,2,0,0.5718,0.0,GREEN,33,Kolkata
CLM0048007,KOL_01245,Sealdah,2019-11-29,14,0,0,0,0,1,0,0,0,0,1.0,0.902483,0,0.0,0,420,2,2,0.8578,0.2461,GREEN,24,Kolkata
CLM0048008,KOL_07794,Salt Lake,2020-11-17,14,0,0,0,0,0,0,0,0,0,0.0,0.022862,0,0.0,0,370,4,2,0.591,0.0,GREEN,42,Kolkata
CLM0048009,KOL_08779,Park Street,2025-07-30,14,0,0,0,0,0,0,0,0,0,1.0,0.16826,0,0.0,0,103,2,0,0.7415,0.0872,GREEN,31,Kolkata
CLM0048010,KOL_01531,Dum Dum,2022-08-05,15,0,0,0,1,0,0,0,0,0,0.0,0.068854,0,0.0,0,186,1,0,0.557,0.1814,GREEN,39,Kolkata
CLM0048011,KOL_07439,Salt Lake,2018-09-15,16,0,0,0,0,0,0,0,0,0,0.0,0.057874,0,0.0,0,230,1,5,0.8531,0.0,GREEN,36,Kolkata
CLM0048012,KOL_04195,Garia,2025-08-31,8,0,0,0,0,0,0,0,1,0,0.0,0.983513,0,0.0,0,133,2,3,0.98,0.0379,GREEN,19,Kolkata
CLM0048013,KOL_01355,Salt Lake,2022-05-27,8,0,0,0,0,0,0,0,0,0,0.0,0.305585,0,0.0,0,420,2,3,0.9356,0.1166,GREEN,23,Kolkata
CLM0048014,KOL_06266,Howrah,2019-06-22,12,0,0,0,0,0,0,0,0,0,0.0,0.135811,0,0.0,0,91,2,2,0.98,0.06,GREEN,37,Kolkata
CLM0048015,KOL_08766,Dum Dum,2024-09-04,14,0,0,0,0,0,0,1,0,0,0.0,0.197989,0,0.0,0,231,0,2,0.9067,0.0,GREEN,37,Kolkata
CLM0048016,KOL_01076,Salt Lake,2019-12-03,11,0,0,0,0,1,0,0,1,0,0.0,0.053076,0,0.0,0,393,0,0,0.6541,0.2073,GREEN,36,Kolkata
CLM0048017,KOL_02984,New Town,2024-12-07,20,0,0,0,0,0,0,1,0,0,0.0,0.107545,0,0.0,0,260,3,3,0.816,0.0,GREEN,26,Kolkata
CLM0048018,KOL_08578,Salt Lake,2022-07-25,9,0,0,0,0,0,0,0,0,0,0.0,0.320073,0,0.0,0,296,0,1,0.7645,0.0241,GREEN,48,Kolkata
CLM0048019,KOL_00353,New Town,2022-04-08,21,0,0,0,0,0,0,0,1,0,1.0,0.453169,0,0.0,0,216,0,5,0.4729,0.2812,GREEN,42,Kolkata
CLM0048020,KOL_09400,Salt Lake,2022-06-25,9,0,0,0,0,0,1,0,0,0,0.0,0.040348,0,0.0,0,58,1,0,0.0591,0.0935,GREEN,29,Kolkata
CLM0048021,KOL_02616,Sealdah,2024-08-26,19,0,0,0,1,0,0,0,1,0,0.0,0.281303,0,0.0,0,183,0,4,0.6308,0.2729,GREEN,38,Kolkata
CLM0048022,KOL_00451,New Town,2023-02-08,15,0,0,0,0,0,0,0,0,1,0.0,0.25931,0,0.0,0,309,3,0,0.7247,0.0356,GREEN,29,Kolkata
CLM0048023,KOL_02568,Sealdah,2018-01-03,16,0,0,0,0,1,0,0,0,0,0.0,0.264751,0,1.0,0,235,1,1,0.6931,0.1217,GREEN,18,Kolkata
CLM0048024,KOL_04110,Howrah,2020-11-26,13,0,0,0,0,0,0,0,0,0,0.0,0.406508,0,0.0,0,420,1,3,0.8069,0.0361,GREEN,26,Kolkata
CLM0048025,KOL_03760,Garia,2024-08-27,13,0,0,0,0,0,0,0,0,0,0.0,0.13915,0,0.0,0,333,4,1,0.5946,0.0,GREEN,43,Kolkata
CLM0048026,KOL_02160,New Town,2021-12-21,10,0,0,0,0,0,0,0,0,1,0.0,0.047879,0,0.0,0,420,4,0,0.6071,0.1186,GREEN,54,Kolkata
CLM0048027,KOL_01363,Esplanade,2025-05-09,20,0,0,0,0,0,1,0,0,0,0.0,0.461175,0,0.0,0,420,3,2,0.8058,0.0912,GREEN,28,Kolkata
CLM0048028,KOL_05246,Behala,2022-04-30,21,0,0,0,0,0,0,0,0,0,0.0,0.257043,0,0.0,0,122,4,3,0.6165,0.0,GREEN,39,Kolkata
CLM0048029,KOL_09216,Sealdah,2024-03-06,21,0,0,0,0,0,0,0,1,0,0.0,0.030848,0,0.0,0,5,0,0,0.6193,0.1388,GREEN,31,Kolkata
CLM0048030,KOL_02624,Esplanade,2023-03-20,9,0,0,0,0,0,0,0,0,0,0.0,0.012259,1,0.0,0,192,1,5,0.8465,0.0,GREEN,51,Kolkata
CLM0048031,KOL_01539,New Town,2024-04-23,7,0,0,0,0,0,0,0,0,0,0.0,0.084537,0,0.0,0,193,2,0,0.7232,0.0128,GREEN,41,Kolkata
CLM0048032,KOL_03866,Dum Dum,2022-08-23,13,0,0,0,0,0,0,0,0,0,0.0,0.0,0,0.0,0,223,2,8,0.6159,0.0,GREEN,36,Kolkata
CLM0048033,KOL_05347,Salt Lake,2024-11-09,19,0,0,0,0,0,0,0,0,0,1.0,0.050029,0,0.0,0,293,2,0,0.05,0.0502,GREEN,35,Kolkata
CLM0048034,KOL_07402,Garia,2023-12-23,7,0,0,0,0,0,0,0,0,0,0.0,0.406927,0,0.0,0,420,0,7,0.9508,0.0628,GREEN,26,Kolkata
CLM0048035,KOL_00634,Esplanade,2022-10-18,21,0,0,0,0,0,0,0,0,0,0.0,0.019948,0,0.0,0,197,4,0,0.9357,0.0,GREEN,43,Kolkata
CLM0048036,KOL_06851,Sealdah,2021-06-30,10,0,0,0,0,0,0,0,0,0,0.0,0.367143,0,1.0,0,331,0,4,0.8704,0.0,GREEN,28,Kolkata
CLM0048037,KOL_04668,Salt Lake,2024-12-26,12,0,0,0,0,0,0,0,0,0,1.0,0.0,0,0.0,0,341,0,0,0.5042,0.0796,GREEN,46,Kolkata
CLM0048038,KOL_04673,Behala,2024-02-28,16,0,0,0,0,0,0,0,0,0,0.0,0.177564,0,0.0,0,42,3,4,0.6778,0.0303,GREEN,33,Kolkata
CLM0048039,KOL_00883,Park Street,2023-04-24,18,0,0,0,0,0,0,0,0,0,0.0,0.347979,0,0.0,0,172,0,3,0.6882,0.1388,GREEN,25,Kolkata
CLM0048040,KOL_09015,New Town,2023-11-02,8,0,0,0,0,0,0,0,0,0,0.0,0.152796,0,1.0,0,420,1,3,0.5952,0.058,GREEN,32,Kolkata
CLM0048041,KOL_02617,Salt Lake,2025-02-04,16,0,0,0,0,0,0,0,1,0,0.0,0.1867,1,0.0,0,32,2,0,0.6302,0.0768,GREEN,31,Kolkata
CLM0048042,KOL_06419,Esplanade,2025-02-28,18,0,0,0,0,0,0,0,0,0,0.0,0.301856,0,0.0,0,213,3,1,0.8658,0.0951,GREEN,18,Kolkata
CLM0048043,KOL_04295,Tollygunge,2025-05-01,13,0,0,0,0,1,0,0,0,0,0.0,0.086344,0,0.0,0,332,2,8,0.98,0.1502,GREEN,41,Kolkata
CLM0048044,KOL_03017,Behala,2024-07-10,8,0,0,0,0,0,0,0,0,0,0.0,0.041824,0,1.0,0,355,3,5,0.6492,0.0,GREEN,23,Kolkata
CLM0048045,KOL_02987,Dum Dum,2023-08-20,12,0,0,0,0,0,0,0,0,0,0.0,0.47331,1,0.0,0,185,2,0,0.4653,0.0994,GREEN,29,Kolkata
CLM0048046,KOL_08753,Dum Dum,2023-01-09,12,0,0,0,0,0,0,0,0,0,0.0,0.117539,0,0.0,0,226,0,4,0.4396,0.065,GREEN,27,Kolkata
CLM0048047,KOL_02220,Park Street,2017-10-06,11,0,0,0,0,0,0,0,0,0,0.0,0.353674,1,0.0,0,420,0,0,0.5655,0.0311,GREEN,29,Kolkata
CLM0048048,KOL_05820,Behala,2023-03-18,8,0,0,0,0,0,0,0,0,0,0.0,0.081992,0,0.0,0,420,0,0,0.3692,0.0,GREEN,50,Kolkata
CLM0048049,KOL_04347,New Town,2020-06-26,8,0,0,0,0,0,0,0,0,0,0.0,0.107125,0,0.0,0,378,0,2,0.6968,0.0,GREEN,35,Kolkata
CLM0048050,KOL_01101,Behala,2023-06-20,11,0,0,0,0,0,0,0,0,0,0.0,0.153903,0,0.0,0,172,3,0,0.5841,0.0085,GREEN,42,Kolkata
CLM0048051,KOL_01565,Tollygunge,2024-01-29,8,0,0,0,0,0,0,0,1,0,1.0,0.894722,0,1.0,0,70,2,0,0.6565,0.2479,GREEN,35,Kolkata
CLM0048052,KOL_04816,Behala,2025-01-24,10,0,0,0,0,0,0,0,0,0,0.0,0.083436,0,0.0,0,70,4,5,0.5084,0.0,GREEN,35,Kolkata
CLM0048053,KOL_03105,Park Street,2024-09-17,7,0,0,0,0,0,0,0,0,0,0.0,1.0,1,0.0,0,420,1,3,0.9075,0.0,GREEN,28,Kolkata
CLM0048054,KOL_09296,New Town,2023-05-08,16,0,0,0,0,0,0,0,0,0,1.0,0.320496,0,0.0,0,399,1,1,0.2192,0.0677,GREEN,28,Kolkata
CLM0048055,KOL_04508,Dum Dum,2024-11-02,15,0,0,0,0,0,0,0,0,0,0.0,0.19224,0,0.0,0,320,3,3,0.1804,0.0772,GREEN,36,Kolkata
CLM0048056,KOL_01014,Sealdah,2025-06-10,19,0,0,0,0,1,0,0,0,0,0.0,0.294698,0,0.0,0,104,0,0,0.8327,0.1794,GREEN,61,Kolkata
CLM0048057,KOL_07071,Salt Lake,2025-09-20,7,0,0,0,0,0,0,0,0,1,0.0,0.194519,0,0.0,0,205,2,2,0.6167,0.1429,GREEN,34,Kolkata
CLM0048058,KOL_03793,New Town,2025-10-14,18,0,0,0,0,0,0,0,0,0,0.0,0.241326,0,0.0,0,229,3,3,0.7125,0.0,GREEN,25,Kolkata
CLM0048059,KOL_02887,Salt Lake,2024-11-14,20,0,0,0,0,0,0,0,0,0,0.0,0.006955,0,1.0,1,138,0,4,0.9415,0.0856,GREEN,40,Kolkata
CLM0048060,KOL_07075,Tollygunge,2020-02-08,15,0,0,0,0,0,0,0,0,0,0.0,0.283979,0,0.0,0,268,0,4,0.6951,0.0,GREEN,34,Kolkata
CLM0048061,KOL_01798,Howrah,2024-04-09,11,0,0,0,0,0,0,0,0,0,0.0,0.234853,0,1.0,0,188,1,5,0.8375,0.0534,GREEN,19,Kolkata
CLM0048062,KOL_04229,Garia,2025-11-18,21,0,0,0,0,0,0,1,0,0,0.0,0.364012,0,1.0,1,404,2,0,0.4988,0.1589,GREEN,53,Kolkata
CLM0048063,KOL_01267,Esplanade,2020-01-16,17,0,0,0,0,0,0,0,0,0,0.0,0.435571,0,0.0,0,420,4,1,0.1774,0.0,GREEN,37,Kolkata
CLM0048064,KOL_08130,Esplanade,2016-09-01,21,0,1,1,0,0,1,0,0,0,0.0,0.042486,0,0.0,0,364,4,0,0.7386,0.0463,GREEN,28,Kolkata
CLM0048065,KOL_03567,Sealdah,2016-07-05,21,0,0,0,0,0,0,0,0,0,1.0,0.269691,0,0.0,0,221,2,0,0.6376,0.1308,GREEN,20,Kolkata
CLM0048066,KOL_08926,Salt Lake,2020-02-20,7,0,0,0,0,0,0,1,0,0,0.0,0.266842,0,0.0,0,420,2,4,0.8523,0.181,GREEN,40,Kolkata
CLM0048067,KOL_07243,Salt Lake,2025-01-14,11,0,0,0,1,1,0,1,0,1,0.0,0.071954,0,0.0,0,32,4,18,0.9537,0.0441,GREEN,34,Kolkata
CLM0048068,KOL_06268,Sealdah,2021-09-16,9,0,0,0,0,1,0,0,0,0,0.0,0.311392,0,0.0,0,420,0,1,0.7499,0.0352,GREEN,27,Kolkata
CLM0048069,KOL_02008,Sealdah,2021-11-04,13,0,0,0,0,0,0,0,0,0,0.0,0.0,0,0.0,1,28,2,3,0.8085,0.0563,GREEN,48,Kolkata
CLM0048070,KOL_02682,Tollygunge,2021-06-23,10,0,0,0,0,0,0,0,0,1,0.0,0.201057,0,0.0,0,313,4,0,0.9204,0.1391,GREEN,39,Kolkata
CLM0048071,KOL_06242,Tollygunge,2015-12-09,14,0,0,0,0,0,1,0,0,1,0.0,0.362574,0,0.0,0,380,1,1,0.4657,0.206,GREEN,29,Kolkata
CLM0048072,KOL_03615,Salt Lake,2022-11-26,15,0,0,0,0,1,0,0,0,0,0.0,0.345058,0,0.0,0,316,3,0,0.1156,0.0558,GREEN,46,Kolkata
CLM0048073,KOL_06274,Park Street,2025-11-02,13,0,0,0,1,0,0,0,0,0,0.0,0.117131,0,1.0,0,420,3,2,0.5703,0.1436,GREEN,35,Kolkata
CLM0048074,KOL_08131,Behala,2022-12-07,21,0,0,0,0,0,0,0,0,0,0.0,0.399844,0,0.0,0,269,2,0,0.5967,0.0282,GREEN,39,Kolkata
CLM0048075,KOL_09518,Garia,2025-09-14,9,0,0,0,0,0,1,0,1,0,0.0,0.050828,0,0.0,0,247,3,5,0.9555,0.2986,GREEN,36,Kolkata
CLM0048076,KOL_00150,Park Street,2024-12-17,21,0,0,0,0,0,0,0,0,0,0.0,0.298374,0,1.0,0,295,4,0,0.6052,0.0458,GREEN,34,Kolkata
CLM0048077,KOL_01813,Tollygunge,2023-02-15,18,0,0,0,0,0,1,0,0,0,0.0,0.176449,0,0.0,0,131,2,0,0.8963,0.1248,GREEN,64,Kolkata
CLM0048078,KOL_06067,New Town,2024-10-05,15,0,0,0,0,0,0,0,0,0,0.0,0.266229,0,0.0,0,84,2,4,0.7289,0.0,GREEN,37,Kolkata
CLM0048079,KOL_05837,Behala,2022-02-25,19,0,0,0,0,0,0,0,0,0,0.0,1.0,0,0.0,0,185,0,5,0.9115,0.0,GREEN,33,Kolkata
CLM0048080,KOL_06070,Behala,2022-03-06,19,0,0,0,0,1,0,0,0,0,0.0,0.006479,0,0.0,0,75,4,0,0.05,0.1674,GREEN,25,Kolkata
CLM0048081,KOL_07515,Park Street,2017-05-18,9,0,0,0,0,0,0,0,0,0,0.0,0.118479,0,0.0,0,173,2,0,0.5402,0.0284,GREEN,35,Kolkata
CLM0048082,KOL_05970,Park Street,2019-04-09,10,0,0,0,1,0,0,0,0,0,0.0,0.341054,0,0.0,0,216,2,0,0.851,0.1278,GREEN,35,Kolkata
CLM0048083,KOL_09405,Esplanade,2022-09-23,15,0,0,0,1,1,0,1,0,1,0.0,0.235591,0,0.0,1,28,1,18,0.437,0.3993,YELLOW,45,Kolkata
CLM0048084,KOL_03548,Sealdah,2017-08-22,17,0,1,1,0,0,0,0,0,0,1.0,0.182836,0,0.0,0,308,0,3,0.7082,0.1287,GREEN,46,Kolkata
CLM0048085,KOL_01449,Esplanade,2021-02-03,9,0,0,0,0,0,0,0,0,0,0.0,0.26004,0,0.0,0,380,0,3,0.05,0.0375,GREEN,20,Kolkata
CLM0048086,KOL_03945,Esplanade,2018-11-23,17,0,0,0,0,0,0,0,0,0,0.0,0.151054,0,0.0,1,91,4,0,0.7252,0.0228,GREEN,40,Kolkata
CLM0048087,KOL_00711,New Town,2020-01-12,18,0,0,0,0,0,0,0,0,0,0.0,0.0,0,0.0,0,178,0,0,0.714,0.0359,GREEN,32,Kolkata
CLM0048088,KOL_05742,Salt Lake,2018-11-18,21,0,0,0,0,0,0,0,0,0,0.0,0.048853,0,0.0,0,194,1,3,0.8081,0.0,GREEN,18,Kolkata
CLM0048089,KOL_01745,Howrah,2020-01-08,19,0,0,0,0,0,0,0,0,0,0.0,0.221751,0,0.0,0,382,2,0,0.8488,0.0,GREEN,52,Kolkata
CLM0048090,KOL_09523,Behala,2023-06-06,15,0,0,0,0,0,0,0,0,0,0.0,1.0,0,0.0,0,230,4,0,0.6666,0.0277,GREEN,37,Kolkata
CLM0048091,KOL_08692,Dum Dum,2017-06-19,7,0,0,0,0,0,0,0,0,0,0.0,0.0,0,0.0,0,74,1,6,0.05,0.0,GREEN,42,Kolkata
CLM0048092,KOL_05043,Howrah,2023-09-29,19,0,0,0,0,1,0,1,1,1,0.0,0.120368,0,0.0,1,23,2,18,0.8831,0.0812,GREEN,22,Kolkata
CLM0048093,KOL_09374,Salt Lake,2020-07-24,15,0,0,0,0,0,0,0,0,0,0.0,0.217116,0,0.0,0,420,3,0,0.7933,0.0,GREEN,22,Kolkata
CLM0048094,KOL_05761,Esplanade,2019-03-24,16,0,0,0,0,0,1,0,0,0,0.0,0.415167,0,0.0,0,186,4,8,0.6435,0.1199,GREEN,18,Kolkata
CLM0048095,KOL_00264,Garia,2024-08-06,7,0,0,0,0,0,0,0,0,0,0.0,0.109204,0,0.0,0,268,1,0,0.7076,0.0061,GREEN,27,Kolkata
CLM0048096,KOL_05537,Garia,2017-02-03,17,0,0,0,0,0,0,1,0,0,0.0,0.380088,0,0.0,0,407,4,0,0.7375,0.1243,GREEN,46,Kolkata
CLM0048097,KOL_08777,Dum Dum,2025-06-24,15,0,0,0,0,0,0,0,1,0,0.0,0.249905,0,0.0,0,420,4,0,0.98,0.1456,GREEN,29,Kolkata
CLM0048098,KOL_03237,Park Street,2020-08-25,10,0,0,0,0,0,0,0,0,0,1.0,0.154542,0,0.0,0,223,2,4,0.6196,0.1,GREEN,46,Kolkata
CLM0048099,KOL_06249,Sealdah,2021-12-08,14,0,0,0,0,0,0,0,0,0,0.0,0.307336,0,0.0,1,371,0,3,0.7697,0.1207,GREEN,42,Kolkata
CLM0048100,KOL_04745,Garia,2016-05-21,17,0,0,0,0,0,0,0,0,0,0.0,0.164309,0,0.0,0,304,2,0,0.133,0.0,GREEN,35,Kolkata
CLM0048101,KOL_05905,Tollygunge,2021-08-05,20,0,0,0,0,0,0,0,0,0,0.0,0.418434,0,0.0,0,99,1,0,0.5988,0.0,GREEN,18,Kolkata
CLM0048102,KOL_09455,Sealdah,2024-12-07,18,0,0,0,0,0,0,0,0,0,0.0,0.995451,0,0.0,0,411,3,0,0.7636,0.0,GREEN,31,Kolkata
CLM0048103,KOL_08713,Esplanade,2020-05-30,16,0,0,0,0,1,0,0,0,1,0.0,1.0,1,0.0,0,58,0,0,0.5095,0.2458,GREEN,49,Kolkata
CLM0048104,KOL_00609,Garia,2024-08-19,12,0,0,0,1,1,1,1,0,1,1.0,0.999109,0,1.0,1,14,3,18,0.2378,0.1604,GREEN,18,Kolkata
CLM0048105,KOL_08778,Sealdah,2025-08-28,8,0,0,0,0,0,1,0,0,0,0.0,0.235473,0,0.0,1,144,1,2,0.2024,0.0957,GREEN,33,Kolkata
CLM0048106,KOL_02955,Behala,2025-04-14,14,0,0,0,0,1,0,0,0,0,0.0,0.0,0,0.0,0,86,2,4,0.98,0.0596,GREEN,22,Kolkata
CLM0048107,KOL_06521,Sealdah,2020-03-20,19,0,0,0,0,0,0,0,0,0,0.0,0.135354,0,0.0,0,62,1,1,0.6254,0.0125,GREEN,36,Kolkata
CLM0048108,KOL_06745,Tollygunge,2025-09-07,19,0,0,0,0,0,0,0,0,0,0.0,0.331649,0,0.0,0,143,4,3,0.7674,0.0,GREEN,18,Kolkata
CLM0048109,KOL_08203,Sealdah,2025-03-15,15,0,0,0,0,0,0,0,1,0,0.0,0.178998,0,0.0,0,398,0,0,0.8026,0.1231,GREEN,18,Kolkata
CLM0048110,KOL_09000,Sealdah,2025-03-04,17,0,1,1,0,0,0,0,0,0,0.0,0.359514,0,0.0,0,420,2,2,0.05,0.1511,GREEN,49,Kolkata
CLM0048111,KOL_02494,Esplanade,2024-08-15,9,0,0,0,0,0,0,0,0,0,1.0,0.17449,0,0.0,0,168,0,0,0.859,0.0327,GREEN,25,Kolkata
CLM0048112,KOL_05672,Esplanade,2024-01-31,20,0,0,0,0,0,0,0,0,0,0.0,0.04864,0,0.0,0,266,3,3,0.9017,0.0496,GREEN,24,Kolkata
CLM0048113,KOL_05692,Howrah,2025-05-28,8,0,0,0,1,1,1,1,1,0,1.0,0.210047,1,0.0,0,5,1,18,0.2113,0.0914,GREEN,18,Kolkata
CLM0048114,KOL_09760,Howrah,2024-09-26,14,0,0,0,0,0,0,0,0,0,0.0,0.366834,0,0.0,0,195,3,2,0.6829,0.0358,GREEN,36,Kolkata
CLM0048115,KOL_03028,Tollygunge,2025-01-19,19,0,0,0,0,0,0,0,0,0,0.0,0.138591,0,0.0,0,61,2,1,0.6489,0.0432,GREEN,40,Kolkata
CLM0048116,KOL_02566,Esplanade,2025-10-11,17,0,0,0,0,0,0,0,0,0,0.0,0.0,1,0.0,0,81,2,3,0.8153,0.0602,GREEN,29,Kolkata
CLM0048117,KOL_06839,Sealdah,2025-05-29,7,0,0,0,0,0,0,0,0,0,0.0,0.370783,0,0.0,0,377,3,2,0.39,0.1216,GREEN,43,Kolkata
CLM0048118,KOL_07290,Esplanade,2025-07-23,16,0,0,0,0,0,0,0,0,0,0.0,0.346821,0,1.0,0,96,2,1,0.05,0.0,GREEN,44,Kolkata
CLM0048119,KOL_02740,Salt Lake,2025-07-18,15,0,0,0,0,0,0,0,1,1,0.0,0.185249,0,0.0,0,322,0,2,0.0772,0.1163,GREEN,37,Kolkata
CLM0048120,KOL_05510,Garia,2025-11-25,21,0,0,0,0,0,0,0,0,1,0.0,0.2756,0,0.0,0,231,4,2,0.585,0.2344,GREEN,28,Kolkata
CLM0048121,KOL_06990,Behala,2025-12-20,10,0,0,0,0,0,0,0,0,0,0.0,0.075799,0,0.0,0,101,3,0,0.8111,0.0093,GREEN,29,Kolkata
CLM0048122,KOL_04984,Park Street,2025-11-02,8,0,0,0,0,0,0,0,0,1,1.0,0.941617,0,1.0,0,344,2,0,0.5809,0.1243,GREEN,40,Kolkata
CLM0048123,KOL_04509,Salt Lake,2025-12-24,19,0,0,0,0,0,1,0,0,0,0.0,0.907936,0,0.0,0,404,0,6,0.6518,0.0874,GREEN,44,Kolkata
CLM0048124,KOL_09033,Sealdah,2024-12-03,8,0,0,0,0,0,0,0,0,0,0.0,0.109351,1,0.0,0,420,0,3,0.1231,0.0861,GREEN,35,Kolkata
CLM0048125,KOL_05867,Salt Lake,2023-04-09,16,0,0,0,0,0,1,0,0,0,0.0,1.0,0,0.0,0,420,0,4,0.6587,0.083,GREEN,21,Kolkata
CLM0048126,KOL_04172,Tollygunge,2025-11-03,14,0,0,0,0,0,0,0,0,1,0.0,0.208048,0,0.0,0,174,4,0,0.8993,0.141,GREEN,39,Kolkata
CLM0048127,KOL_01959,Howrah,2024-05-22,11,0,0,0,0,0,1,0,0,1,0.0,0.873225,0,0.0,0,204,0,1,0.9366,0.2781,GREEN,44,Kolkata
CLM0048128,KOL_09475,Behala,2025-11-29,11,0,0,0,0,0,0,0,0,0,1.0,0.880961,0,1.0,0,292,1,0,0.5475,0.0209,GREEN,57,Kolkata
CLM0048129,KOL_09352,Esplanade,2024-12-17,17,0,1,1,0,0,0,0,0,0,0.0,0.0,0,0.0,0,121,2,1,0.8078,0.0619,GREEN,35,Kolkata
CLM0048130,KOL_08723,Garia,2023-06-15,18,0,0,0,0,0,0,0,0,1,0.0,0.196618,0,0.0,0,264,0,1,0.7744,0.065,GREEN,45,Kolkata
CLM0048131,KOL_05682,Garia,2023-09-01,12,0,0,0,0,0,0,0,0,0,0.0,0.078187,0,0.0,0,277,4,3,0.8585,0.0,GREEN,37,Kolkata
CLM0048132,KOL_06224,Behala,2018-06-17,12,0,0,0,0,0,0,0,0,0,0.0,0.900389,0,0.0,0,407,2,1,0.9202,0.0061,GREEN,41,Kolkata
CLM0048133,KOL_00075,Garia,2015-08-03,19,0,0,0,0,0,0,0,0,0,0.0,1.0,0,0.0,0,322,2,0,0.6888,0.002,GREEN,36,Kolkata
CLM0048134,KOL_01582,New Town,2020-04-26,18,0,0,0,0,0,0,0,0,0,0.0,0.237178,0,0.0,0,420,4,6,0.98,0.0,GREEN,23,Kolkata
CLM0048135,KOL_09513,Dum Dum,2022-02-07,13,0,0,0,0,0,0,0,0,0,0.0,0.314338,0,0.0,0,157,4,4,0.7151,0.0366,GREEN,43,Kolkata
CLM0048136,KOL_04788,Tollygunge,2023-09-17,12,0,0,0,0,0,0,0,0,0,0.0,0.311421,0,0.0,0,420,0,1,0.6148,0.0,GREEN,40,Kolkata
CLM0048137,KOL_06521,Sealdah,2021-12-22,21,0,0,0,0,0,0,0,0,0,0.0,0.331719,0,0.0,1,138,3,4,0.7982,0.0301,GREEN,36,Kolkata
CLM0048138,KOL_02671,Behala,2024-05-30,13,0,0,0,0,0,0,0,0,0,1.0,0.239664,0,0.0,0,403,2,0,0.8612,0.1708,GREEN,29,Kolkata
CLM0048139,KOL_07911,Howrah,2024-02-01,13,0,0,0,0,0,0,0,0,0,0.0,0.291765,1,0.0,0,277,2,1,0.4018,0.0769,GREEN,22,Kolkata
CLM0048140,KOL_07852,Howrah,2024-04-11,12,0,0,0,1,0,0,0,0,0,1.0,0.228693,0,0.0,0,306,2,1,0.9335,0.1567,GREEN,38,Kolkata
CLM0048141,KOL_02695,Garia,2024-09-05,12,0,0,0,0,1,0,0,0,0,0.0,0.038003,0,0.0,0,298,2,3,0.6309,0.1457,GREEN,57,Kolkata
CLM0048142,KOL_00070,Salt Lake,2024-04-07,17,0,0,0,0,0,0,0,0,1,0.0,0.252205,1,0.0,0,235,3,5,0.5527,0.1891,GREEN,30,Kolkata
CLM0048143,KOL_01721,Garia,2025-02-22,8,0,0,0,0,0,0,0,0,0,0.0,0.101819,0,0.0,0,420,0,4,0.6944,0.0811,GREEN,23,Kolkata
CLM0048144,KOL_00464,Park Street,2024-03-09,15,0,0,0,0,0,0,0,0,0,0.0,0.108063,0,0.0,0,168,3,3,0.839,0.0218,GREEN,39,Kolkata
CLM0048145,KOL_02115,Dum Dum,2024-10-08,10,0,0,0,0,0,0,0,0,0,0.0,1.0,0,0.0,0,331,1,0,0.1864,0.0,GREEN,20,Kolkata
CLM0048146,KOL_04516,Park Street,2025-02-22,7,0,0,0,0,0,0,0,0,0,0.0,0.0,0,0.0,0,176,4,6,0.8117,0.0,GREEN,40,Kolkata
CLM0048147,KOL_06317,New Town,2024-03-31,8,0,0,0,0,0,0,0,0,1,0.0,0.304268,0,0.0,0,245,1,0,0.7207,0.1438,GREEN,35,Kolkata
CLM0048148,KOL_04040,Howrah,2024-02-12,16,0,0,0,0,0,0,0,0,0,0.0,0.403289,0,1.0,0,241,4,4,0.7763,0.0,GREEN,35,Kolkata
CLM0048149,KOL_06098,Sealdah,2022-09-18,21,0,0,0,0,0,0,0,0,0,0.0,0.19093,0,1.0,1,59,4,3,0.05,0.0948,GREEN,40,Kolkata
CLM0048150,KOL_00336,Park Street,2025-12-29,9,0,0,0,0,0,0,0,0,0,0.0,0.31255,0,0.0,0,358,3,1,0.6503,0.0,GREEN,46,Kolkata
CLM0048151,KOL_08789,Howrah,2024-05-14,15,0,0,0,0,0,0,0,0,0,0.0,0.330876,0,0.0,0,390,2,1,0.6935,0.0052,GREEN,30,Kolkata
CLM0048152,KOL_01814,Howrah,2022-08-26,19,0,0,0,0,0,0,0,0,0,1.0,0.981844,0,1.0,0,66,3,0,0.8286,0.0888,GREEN,40,Kolkata
CLM0048153,KOL_05611,Behala,2023-11-11,12,0,0,0,0,0,0,0,0,0,1.0,0.359419,0,0.0,0,420,2,6,0.5091,0.1113,GREEN,18,Kolkata
CLM0048154,KOL_07137,Howrah,2025-11-12,13,0,0,0,1,0,0,0,0,1,1.0,0.202605,0,0.0,0,50,1,6,0.8325,0.261,GREEN,45,Kolkata
CLM0048155,KOL_02707,Garia,2022-09-24,14,0,0,0,0,0,1,0,0,0,0.0,0.194668,0,0.0,0,34,2,0,0.98,0.1043,GREEN,37,Kolkata
CLM0048156,KOL_09783,Salt Lake,2022-08-14,18,0,0,0,0,0,0,0,0,0,0.0,0.205315,0,1.0,0,202,1,6,0.6188,0.0,GREEN,49,Kolkata
CLM0048157,KOL_03902,Howrah,2022-12-24,7,0,0,0,0,0,0,0,0,0,0.0,0.894424,0,0.0,0,362,1,4,0.2693,0.0,GREEN,38,Kolkata
CLM0048158,KOL_09454,Esplanade,2025-01-31,8,0,0,0,0,0,0,1,0,0,0.0,0.193846,0,0.0,1,199,0,0,0.4898,0.1183,GREEN,49,Kolkata
CLM0048159,KOL_07968,Behala,2022-09-29,14,0,0,0,0,0,0,0,0,0,0.0,0.021041,0,0.0,0,420,3,2,0.8118,0.0369,GREEN,25,Kolkata
CLM0048160,KOL_02945,Garia,2024-04-15,20,0,0,0,0,0,0,0,0,0,0.0,0.245079,0,0.0,0,367,2,0,0.5894,0.0833,GREEN,29,Kolkata
CLM0048161,KOL_00120,Garia,2024-12-08,14,0,0,0,0,0,0,0,1,0,1.0,0.318028,0,0.0,0,111,4,3,0.6967,0.2066,GREEN,42,Kolkata
CLM0048162,KOL_03343,Salt Lake,2023-10-02,15,0,1,1,0,0,0,0,0,0,0.0,0.342034,0,0.0,0,144,0,7,0.8297,0.0714,GREEN,29,Kolkata
CLM0048163,KOL_06876,Park Street,2025-08-28,9,0,0,0,0,0,0,0,1,0,0.0,0.40825,0,0.0,0,154,2,0,0.8087,0.2195,GREEN,38,Kolkata
CLM0048164,KOL_06356,Park Street,2023-05-28,21,0,0,0,0,1,0,0,0,0,0.0,0.046943,0,0.0,0,144,3,0,0.5414,0.1475,GREEN,38,Kolkata
CLM0048165,KOL_05280,Tollygunge,2024-12-02,17,0,0,0,0,0,0,0,0,0,0.0,0.297659,0,0.0,0,5,2,5,0.5747,0.0055,GREEN,49,Kolkata
CLM0048166,KOL_06131,Garia,2025-08-23,16,0,0,0,0,0,0,0,0,0,0.0,0.20976,0,0.0,0,420,2,0,0.6815,0.0368,GREEN,34,Kolkata
CLM0048167,KOL_01954,Garia,2024-06-06,17,0,0,0,0,0,0,1,1,1,0.0,0.140008,0,0.0,0,317,4,0,0.7058,0.2115,GREEN,28,Kolkata
CLM0048168,KOL_01930,Sealdah,2025-05-05,16,0,0,0,0,0,1,0,0,0,0.0,0.234805,0,0.0,0,354,0,3,0.0892,0.087,GREEN,28,Kolkata
CLM0048169,KOL_01262,Park Street,2020-02-15,14,0,0,0,0,0,0,1,0,0,1.0,0.122771,0,0.0,0,395,1,5,0.871,0.1145,GREEN,34,Kolkata
CLM0048170,KOL_09888,Sealdah,2024-05-10,17,0,0,0,0,1,0,0,0,0,0.0,0.516991,0,0.0,0,247,0,3,0.8572,0.04,GREEN,26,Kolkata
CLM0048171,KOL_06526,Howrah,2025-08-03,12,0,0,0,0,0,0,0,0,0,1.0,1.0,0,1.0,0,282,4,4,0.3163,0.0558,GREEN,32,Kolkata
CLM0048172,KOL_00564,Park Street,2023-10-01,9,0,0,0,0,0,0,0,0,0,0.0,0.347448,0,0.0,0,309,2,2,0.98,0.0084,GREEN,25,Kolkata
CLM0048173,KOL_08751,Esplanade,2023-07-20,8,0,0,0,0,0,0,0,0,0,0.0,0.369464,0,0.0,0,69,1,5,0.3968,0.0443,GREEN,32,Kolkata
CLM0048174,KOL_07337,Salt Lake,2020-11-19,12,0,0,0,1,0,1,0,0,0,0.0,0.29115,0,0.0,0,243,4,2,0.7198,0.2787,GREEN,20,Kolkata
CLM0048175,KOL_09003,Sealdah,2023-05-11,10,0,0,0,0,0,0,0,0,0,0.0,0.193655,0,0.0,1,64,2,2,0.5715,0.0872,GREEN,38,Kolkata
CLM0048176,KOL_02470,Park Street,2019-09-09,13,0,0,0,0,0,0,0,0,0,0.0,1.0,0,0.0,0,420,3,0,0.7312,0.0,GREEN,36,Kolkata
CLM0048177,KOL_06663,Dum Dum,2024-07-01,15,0,0,0,0,0,0,0,0,0,0.0,0.442012,0,0.0,0,420,3,3,0.0828,0.0073,GREEN,37,Kolkata
CLM0048178,KOL_09767,Sealdah,2020-02-23,17,0,0,0,0,0,0,0,0,0,1.0,0.888222,0,0.0,0,95,0,3,0.9584,0.0234,GREEN,41,Kolkata
CLM0048179,KOL_00422,Howrah,2019-03-14,14,0,1,1,0,1,0,1,1,1,1.0,0.96898,0,1.0,1,8,0,18,0.05,0.0,GREEN,41,Kolkata
CLM0048180,KOL_09329,Dum Dum,2016-07-01,17,0,0,0,0,0,0,1,0,0,0.0,0.367957,0,0.0,0,53,4,1,0.7805,0.088,GREEN,64,Kolkata
CLM0048181,KOL_06190,Park Street,2025-03-12,17,0,0,0,0,0,0,0,0,0,0.0,0.323445,0,0.0,0,387,3,4,0.7724,0.0,GREEN,33,Kolkata
CLM0048182,KOL_08344,Salt Lake,2018-08-03,17,0,0,0,0,0,0,0,0,1,0.0,0.316972,0,0.0,0,198,0,2,0.5553,0.0897,GREEN,33,Kolkata
CLM0048183,KOL_09127,Garia,2025-11-20,7,0,0,0,0,0,0,0,0,0,0.0,0.019961,0,0.0,0,277,4,1,0.05,0.069,GREEN,38,Kolkata
CLM0048184,KOL_06748,Behala,2022-09-23,18,0,0,0,0,0,0,1,0,0,0.0,0.194409,0,0.0,0,357,1,2,0.05,0.0809,GREEN,40,Kolkata
CLM0048185,KOL_05658,Tollygunge,2025-08-06,7,0,0,0,0,0,1,1,0,1,1.0,0.988909,0,1.0,0,5,4,18,0.7791,0.0363,GREEN,41,Kolkata
CLM0048186,KOL_01167,Esplanade,2024-06-13,20,0,0,0,0,0,0,0,1,0,0.0,0.200082,0,0.0,0,207,4,0,0.1292,0.0,GREEN,36,Kolkata
CLM0048187,KOL_05267,Salt Lake,2022-09-16,18,0,0,0,0,0,0,0,0,1,0.0,0.104583,0,0.0,0,376,4,0,0.5707,0.0768,GREEN,24,Kolkata
CLM0048188,KOL_08736,Dum Dum,2023-01-12,18,0,0,0,0,0,1,0,0,0,0.0,0.0,0,0.0,0,324,4,3,0.7164,0.0687,GREEN,44,Kolkata
CLM0048189,KOL_06429,Howrah,2025-03-11,9,0,0,0,0,0,0,0,0,0,0.0,0.279051,0,0.0,0,32,3,0,0.05,0.0098,GREEN,45,Kolkata
CLM0048190,KOL_05759,Dum Dum,2022-10-29,7,0,0,0,0,0,0,0,0,0,0.0,0.042914,0,1.0,0,185,3,0,0.98,0.0,GREEN,33,Kolkata
CLM0048191,KOL_05149,New Town,2022-08-28,14,0,0,0,0,0,0,1,0,0,0.0,0.293375,0,1.0,0,89,4,1,0.0907,0.0806,GREEN,30,Kolkata
CLM0048192,KOL_07868,Dum Dum,2023-07-31,21,0,0,0,0,0,0,0,1,0,0.0,0.234053,0,0.0,0,420,3,1,0.6886,0.0662,GREEN,42,Kolkata
CLM0048193,KOL_04759,Dum Dum,2025-05-02,17,0,0,0,0,0,0,0,0,1,0.0,0.005034,0,0.0,0,234,0,4,0.7999,0.1303,GREEN,32,Kolkata
CLM0048194,KOL_02636,Park Street,2025-08-18,12,0,0,0,0,0,0,0,0,0,0.0,0.446512,0,0.0,0,336,4,1,0.6495,0.0787,GREEN,35,Kolkata
CLM0048195,KOL_07966,Garia,2023-05-02,17,0,0,0,0,0,0,0,0,0,0.0,0.255923,0,0.0,0,215,4,3,0.5706,0.1462,GREEN,32,Kolkata
CLM0048196,KOL_00129,Park Street,2023-05-04,12,0,0,0,0,0,0,0,0,0,0.0,0.306858,0,0.0,0,162,3,1,0.9198,0.1883,GREEN,45,Kolkata
CLM0048197,KOL_07188,Behala,2020-02-08,21,0,0,0,0,0,0,0,0,0,1.0,0.39419,0,0.0,0,300,0,7,0.8412,0.0195,GREEN,38,Kolkata
CLM0048198,KOL_01159,New Town,2022-08-25,12,0,0,0,0,0,0,0,0,0,0.0,0.048675,0,0.0,1,28,2,0,0.8307,0.0815,GREEN,49,Kolkata
CLM0048199,KOL_01763,Salt Lake,2022-05-20,21,0,0,0,0,0,0,0,1,0,0.0,0.099982,1,0.0,0,274,1,0,0.614,0.0868,GREEN,50,Kolkata
CLM0048200,KOL_04895,Salt Lake,2022-07-23,7,0,0,0,0,0,0,0,0,0,0.0,0.066944,0,0.0,0,130,4,0,0.8443,0.0276,GREEN,52,Kolkata
CLM0048201,KOL_06302,Park Street,2018-09-10,13,0,0,0,0,0,1,0,0,0,0.0,0.244187,0,0.0,0,357,0,2,0.6336,0.0804,GREEN,50,Kolkata
CLM0048202,KOL_02189,Tollygunge,2023-10-21,8,0,0,0,0,0,1,0,0,0,0.0,0.28699,0,0.0,0,420,3,3,0.1807,0.0256,GREEN,51,Kolkata
CLM0048203,KOL_01307,Tollygunge,2020-08-06,9,0,0,0,0,0,0,0,0,0,1.0,0.29297,0,0.0,0,318,1,4,0.7487,0.0847,GREEN,30,Kolkata
CLM0048204,KOL_09704,Howrah,2023-11-20,14,0,0,0,0,0,1,0,0,0,0.0,0.080847,1,0.0,0,411,0,2,0.05,0.0673,GREEN,37,Kolkata
CLM0048205,KOL_07876,Dum Dum,2018-01-08,8,0,0,0,0,0,0,0,0,0,0.0,0.24542,0,0.0,0,316,0,0,0.698,0.0,GREEN,52,Kolkata
CLM0048206,KOL_06138,Esplanade,2020-06-19,9,0,0,0,0,0,0,0,0,0,0.0,0.485155,0,0.0,0,420,2,2,0.5414,0.0283,GREEN,21,Kolkata
CLM0048207,KOL_01692,New Town,2018-08-11,15,0,0,0,0,0,0,0,1,0,0.0,0.266231,0,0.0,0,358,0,0,0.1034,0.0271,GREEN,29,Kolkata
CLM0048208,KOL_01999,Park Street,2021-12-25,16,0,0,0,0,0,0,0,0,0,0.0,0.115395,0,0.0,1,79,2,0,0.5307,0.0956,GREEN,41,Kolkata
CLM0048209,KOL_02360,Park Street,2021-11-10,8,0,0,0,0,0,0,0,0,0,0.0,0.219301,0,1.0,0,60,4,1,0.6272,0.0,GREEN,29,Kolkata
CLM0048210,KOL_07829,New Town,2021-04-21,21,0,0,0,0,0,0,0,0,0,1.0,0.044282,0,0.0,0,220,4,0,0.98,0.0897,GREEN,34,Kolkata
CLM0048211,KOL_09760,Howrah,2024-04-15,21,0,0,0,0,0,0,0,0,0,0.0,0.136852,0,0.0,0,167,4,2,0.05,0.0,GREEN,36,Kolkata
CLM0048212,KOL_08484,Esplanade,2018-07-22,19,0,0,0,1,0,1,0,0,1,1.0,0.935541,1,1.0,1,5,1,18,0.1223,0.1202,GREEN,31,Kolkata
CLM0048213,KOL_07970,New Town,2023-04-14,7,0,0,0,0,0,0,0,0,0,0.0,0.256363,0,0.0,0,64,2,0,0.98,0.0908,GREEN,20,Kolkata
CLM0048214,KOL_07367,Sealdah,2025-03-04,17,0,0,0,0,0,0,0,0,0,0.0,1.0,0,0.0,0,420,2,0,0.1226,0.0476,GREEN,22,Kolkata
CLM0048215,KOL_04705,Esplanade,2025-03-27,14,0,0,0,0,0,0,0,0,0,0.0,0.293,0,0.0,0,143,1,1,0.7567,0.0749,GREEN,18,Kolkata
CLM0048216,KOL_03980,Garia,2022-06-26,13,0,0,0,0,0,0,0,0,0,0.0,0.031109,0,1.0,0,395,3,2,0.8696,0.0,GREEN,31,Kolkata
CLM0048217,KOL_03066,Sealdah,2023-01-24,11,0,0,0,0,1,0,0,1,0,0.0,0.033091,0,0.0,0,350,0,2,0.7301,0.1477,GREEN,38,Kolkata
CLM0048218,KOL_02566,Esplanade,2024-12-13,20,0,0,0,0,0,0,0,0,0,0.0,0.994335,0,0.0,1,420,2,3,0.5847,0.1256,GREEN,29,Kolkata
CLM0048219,KOL_07158,Park Street,2022-06-27,15,0,0,0,0,0,0,0,0,0,0.0,0.350661,0,0.0,0,420,0,0,0.7482,0.0374,GREEN,34,Kolkata
CLM0048220,KOL_06924,Esplanade,2025-05-20,10,0,0,0,0,0,0,0,0,0,0.0,1.0,0,0.0,0,258,0,0,0.7744,0.0317,GREEN,38,Kolkata
CLM0048221,KOL_00370,Behala,2024-08-30,9,0,0,0,1,0,0,1,1,1,1.0,0.353425,0,1.0,0,25,3,18,0.4022,0.0,GREEN,38,Kolkata
CLM0048222,KOL_08564,Esplanade,2023-07-05,15,0,0,0,0,0,0,0,0,0,0.0,0.109709,0,0.0,0,125,1,2,0.7283,0.0,GREEN,43,Kolkata
CLM0048223,KOL_05307,Behala,2023-06-27,10,0,0,0,0,0,0,0,0,0,0.0,0.215798,0,0.0,0,420,1,1,0.319,0.0967,GREEN,37,Kolkata
CLM0048224,KOL_09887,New Town,2024-08-15,13,0,0,0,1,1,0,1,1,0,1.0,0.894381,0,1.0,1,5,4,18,0.1077,0.0,GREEN,27,Kolkata
CLM0048225,KOL_04444,Tollygunge,2023-10-24,14,0,0,0,0,0,0,0,0,0,0.0,0.401876,0,0.0,0,149,1,0,0.5394,0.0,GREEN,27,Kolkata
CLM0048226,KOL_02828,Behala,2023-01-16,15,0,0,0,0,0,0,1,0,0,0.0,0.257144,0,0.0,0,351,1,1,0.1362,0.1213,GREEN,36,Kolkata
CLM0048227,KOL_00808,Sealdah,2024-05-11,21,0,0,0,0,0,1,0,0,0,0.0,0.0,0,0.0,0,396,3,3,0.3159,0.0574,GREEN,29,Kolkata
CLM0048228,KOL_08141,Garia,2025-08-20,21,0,1,1,0,0,0,0,0,0,0.0,0.19596,0,0.0,0,328,2,1,0.7902,0.6812,RED,30,Kolkata
CLM0048229,KOL_00975,Sealdah,2025-09-23,12,0,1,1,1,1,0,1,1,1,1.0,1.0,0,1.0,0,17,1,18,0.05,0.7944,RED,21,Kolkata
CLM0048230,KOL_02653,Esplanade,2025-04-09,11,0,1,1,0,0,0,0,0,0,0.0,0.372935,0,0.0,0,341,1,2,0.6396,0.5311,YELLOW,19,Kolkata
CLM0048231,KOL_07961,New Town,2025-12-16,13,0,1,1,0,1,0,1,0,1,0.0,0.278153,0,1.0,1,15,2,18,0.8101,0.5875,YELLOW,20,Kolkata
CLM0048232,KOL_00246,Salt Lake,2024-07-20,8,0,0,0,0,1,0,0,0,0,1.0,0.194689,0,0.0,0,184,4,3,0.8988,0.1436,GREEN,41,Kolkata
CLM0048233,KOL_09117,Dum Dum,2024-03-31,19,0,0,0,0,0,0,0,0,0,0.0,0.111902,0,0.0,0,420,3,0,0.98,0.0,GREEN,49,Kolkata
CLM0048234,KOL_00681,Park Street,2024-11-15,15,0,0,0,0,0,0,0,0,0,0.0,0.246217,0,1.0,0,83,3,0,0.781,0.0003,GREEN,63,Kolkata
CLM0048235,KOL_00163,Dum Dum,2025-03-19,19,0,0,0,0,0,0,0,0,0,0.0,0.045929,0,0.0,0,409,2,2,0.1867,0.0,GREEN,34,Kolkata
CLM0048236,KOL_05368,Sealdah,2025-10-18,14,0,0,0,0,0,0,0,0,0,0.0,0.228235,0,0.0,0,32,0,0,0.6394,0.0,GREEN,37,Kolkata
CLM0048237,KOL_07061,Park Street,2016-11-27,9,0,0,0,0,0,0,0,0,0,0.0,0.0,0,0.0,0,234,0,1,0.8349,0.0108,GREEN,18,Kolkata
CLM0048238,KOL_08452,Howrah,2021-01-10,20,0,0,0,0,0,0,1,1,0,0.0,0.377998,0,0.0,0,214,4,9,0.6459,0.1345,GREEN,45,Kolkata
CLM0048239,KOL_08627,Park Street,2022-10-14,20,0,0,0,0,0,0,0,0,0,0.0,0.303512,0,0.0,0,178,0,1,0.0722,0.0978,GREEN,38,Kolkata
CLM0048240,KOL_08555,New Town,2023-09-09,19,0,0,0,1,1,1,1,0,0,0.0,0.990609,1,0.0,0,9,4,10,0.3342,0.1301,GREEN,36,Kolkata
CLM0048241,KOL_00075,Garia,2022-07-28,13,0,0,0,0,0,0,0,0,0,0.0,0.320882,0,0.0,0,383,3,1,0.7858,0.1689,GREEN,36,Kolkata
CLM0048242,KOL_06055,Dum Dum,2021-12-18,20,0,0,0,0,0,0,0,0,0,0.0,0.265231,0,0.0,0,361,1,1,0.4374,0.0318,GREEN,44,Kolkata
CLM0048243,KOL_07355,Park Street,2022-10-28,20,0,0,0,0,0,0,0,0,0,0.0,0.318486,0,0.0,0,186,0,4,0.5458,0.0,GREEN,42,Kolkata
CLM0048244,KOL_06427,Tollygunge,2016-09-21,14,0,0,0,1,0,1,0,0,0,0.0,0.332544,0,0.0,0,120,0,5,0.98,0.2966,GREEN,48,Kolkata
CLM0048245,KOL_05192,Sealdah,2024-06-03,20,0,0,0,0,0,0,0,0,0,0.0,0.359905,0,0.0,0,217,2,3,0.6559,0.032,GREEN,28,Kolkata
CLM0048246,KOL_00616,Park Street,2016-09-04,10,0,0,0,0,0,0,0,0,0,0.0,0.145929,0,0.0,0,216,1,3,0.6143,0.0,GREEN,30,Kolkata
CLM0048247,KOL_07692,Park Street,2024-09-03,18,0,0,0,0,0,0,0,0,0,0.0,0.198737,0,0.0,0,117,4,0,0.4851,0.0406,GREEN,35,Kolkata
CLM0048248,KOL_09069,Sealdah,2019-09-16,19,0,0,0,0,0,0,0,0,0,0.0,0.220673,0,0.0,0,94,4,0,0.98,0.0,GREEN,41,Kolkata
CLM0048249,KOL_06941,Esplanade,2023-02-26,10,0,0,0,0,0,0,1,1,1,0.0,0.271019,0,0.0,0,28,3,0,0.98,0.2667,GREEN,41,Kolkata
CLM0048250,KOL_01710,Dum Dum,2022-08-21,21,0,0,0,0,0,0,0,0,0,1.0,0.309845,0,0.0,0,420,3,1,0.885,0.0624,GREEN,27,Kolkata
CLM0048251,KOL_07257,Tollygunge,2021-07-08,18,0,0,0,0,0,0,0,0,0,0.0,0.206418,0,0.0,0,222,1,2,0.7933,0.0222,GREEN,38,Kolkata
CLM0048252,KOL_09971,Behala,2024-07-25,21,0,0,0,0,0,0,0,0,0,0.0,0.069441,0,0.0,0,264,3,3,0.123,0.0106,GREEN,37,Kolkata
CLM0048253,KOL_08228,Behala,2025-03-27,18,0,0,0,0,0,0,0,0,0,0.0,0.164702,0,0.0,0,311,0,3,0.6182,0.0245,GREEN,38,Kolkata
CLM0048254,KOL_08809,Tollygunge,2022-03-30,7,0,0,0,0,0,0,0,0,0,0.0,0.277802,0,0.0,0,343,3,4,0.7846,0.0,GREEN,36,Kolkata
CLM0048255,KOL_06833,Behala,2022-06-19,7,0,0,0,0,0,0,1,0,0,0.0,0.08863,0,0.0,0,365,1,2,0.2337,0.1144,GREEN,31,Kolkata
CLM0048256,KOL_04080,Sealdah,2021-05-21,7,0,0,0,0,0,0,0,0,0,0.0,0.001945,0,0.0,0,171,2,0,0.9638,0.0,GREEN,29,Kolkata
CLM0048257,KOL_01694,New Town,2020-07-16,16,0,0,0,0,0,0,0,0,0,0.0,0.205743,0,0.0,0,144,2,2,0.0823,0.0,GREEN,43,Kolkata
CLM0048258,KOL_08188,Esplanade,2021-04-19,10,0,0,0,0,0,0,0,0,0,0.0,0.309531,0,0.0,0,271,3,7,0.5398,0.0,GREEN,22,Kolkata
CLM0048259,KOL_09539,New Town,2022-03-03,18,0,0,0,0,0,1,0,0,0,0.0,0.126381,0,0.0,0,420,1,3,0.6908,0.1015,GREEN,42,Kolkata
CLM0048260,KOL_05228,Park Street,2025-05-15,14,0,1,1,0,0,0,0,0,0,0.0,0.191092,0,0.0,0,420,2,4,0.5318,0.1038,GREEN,37,Kolkata
CLM0048261,KOL_05896,Park Street,2020-08-12,12,0,0,0,0,0,0,0,0,0,0.0,0.112597,0,0.0,0,85,2,3,0.8556,0.0,GREEN,19,Kolkata
CLM0048262,KOL_05905,Tollygunge,2023-09-18,20,0,0,0,0,0,0,0,0,0,1.0,1.0,0,0.0,0,277,3,4,0.7999,0.0908,GREEN,18,Kolkata
CLM0048263,KOL_01414,Sealdah,2019-02-12,16,0,0,0,0,0,1,0,0,0,0.0,0.037352,0,0.0,0,106,4,3,0.6644,0.0603,GREEN,39,Kolkata
CLM0048264,KOL_05933,Esplanade,2023-05-21,7,0,0,0,0,0,0,1,0,0,0.0,0.092704,0,0.0,0,167,1,3,0.98,0.0754,GREEN,23,Kolkata
CLM0048265,KOL_02610,Howrah,2021-07-31,20,0,0,0,0,0,0,0,0,0,0.0,0.198564,0,0.0,0,232,3,1,0.8291,0.0486,GREEN,35,Kolkata
CLM0048266,KOL_00313,Esplanade,2022-07-06,11,0,0,0,0,1,0,0,0,0,0.0,0.105532,0,0.0,0,391,0,1,0.5578,0.0727,GREEN,34,Kolkata
CLM0048267,KOL_07998,New Town,2022-08-05,18,0,0,0,0,0,0,0,0,0,0.0,0.045067,0,0.0,0,300,1,0,0.9109,0.0,GREEN,35,Kolkata
CLM0048268,KOL_05865,Park Street,2024-10-07,8,0,0,0,0,0,0,0,1,0,0.0,0.196396,0,0.0,0,290,4,0,0.1657,0.1115,GREEN,31,Kolkata
CLM0048269,KOL_08612,Howrah,2016-04-21,17,0,0,0,0,0,0,0,1,0,0.0,0.075061,0,0.0,0,10,3,0,0.9514,0.1018,GREEN,18,Kolkata
CLM0048270,KOL_01595,Dum Dum,2024-11-26,13,0,0,0,0,0,0,0,0,0,0.0,0.0,0,0.0,0,420,2,2,0.8821,0.1215,GREEN,25,Kolkata
CLM0048271,KOL_09378,Behala,2017-02-15,8,0,0,0,0,0,0,1,1,1,0.0,0.162888,0,0.0,0,368,4,2,0.5991,0.3185,YELLOW,36,Kolkata
CLM0048272,KOL_00911,Dum Dum,2020-04-27,19,0,0,0,0,0,0,0,0,0,0.0,0.164834,0,0.0,0,72,3,0,0.8512,0.0273,GREEN,47,Kolkata
CLM0048273,KOL_07321,Esplanade,2020-09-07,19,0,0,0,0,0,0,0,0,0,0.0,0.30015,0,0.0,0,420,3,3,0.7226,0.0,GREEN,34,Kolkata
CLM0048274,KOL_04423,Sealdah,2025-12-29,10,0,0,0,0,1,0,0,0,0,0.0,0.448378,0,0.0,0,51,1,2,0.6505,0.1405,GREEN,35,Kolkata
CLM0048275,KOL_08590,Dum Dum,2023-05-16,13,0,0,0,0,0,0,0,0,0,1.0,0.0,0,0.0,0,62,4,3,0.5793,0.0,GREEN,36,Kolkata
CLM0048276,KOL_09640,Howrah,2019-05-30,11,0,0,0,0,0,0,0,0,0,0.0,0.364645,0,0.0,0,86,3,1,0.8292,0.0,GREEN,44,Kolkata
CLM0048277,KOL_09635,New Town,2022-01-03,21,0,0,0,1,1,1,1,1,0,1.0,1.0,0,1.0,0,5,1,18,0.7305,0.0,GREEN,38,Kolkata
CLM0048278,KOL_07761,Dum Dum,2023-08-08,19,0,0,0,0,0,0,0,0,1,1.0,0.221426,0,0.0,0,5,4,5,0.643,0.3519,YELLOW,56,Kolkata
CLM0048279,KOL_06199,Esplanade,2019-05-23,12,0,0,0,0,0,0,0,0,0,1.0,0.417499,0,0.0,0,182,3,0,0.8606,0.0583,GREEN,50,Kolkata
CLM0048280,KOL_05642,Behala,2019-03-08,7,0,0,0,0,0,0,0,0,0,0.0,0.271354,0,0.0,0,74,0,5,0.8443,0.0,GREEN,43,Kolkata
CLM0048281,KOL_00637,Tollygunge,2025-08-23,18,0,0,0,0,0,0,0,0,0,0.0,0.150614,0,0.0,0,256,3,4,0.5965,0.0,GREEN,53,Kolkata
CLM0048282,KOL_02653,Esplanade,2024-01-26,18,0,0,0,0,0,0,0,1,0,0.0,0.336232,0,0.0,0,166,4,2,0.8727,0.0,GREEN,19,Kolkata
CLM0048283,KOL_03821,Behala,2024-11-13,14,0,0,0,0,0,0,0,0,0,0.0,0.0,0,1.0,0,375,1,5,0.98,0.0391,GREEN,43,Kolkata
CLM0048284,KOL_08943,Park Street,2025-07-22,9,0,0,0,0,0,0,0,0,0,0.0,0.35049,0,0.0,0,299,1,5,0.7706,0.0622,GREEN,18,Kolkata
CLM0048285,KOL_04983,New Town,2024-05-26,9,0,0,0,0,0,0,0,0,0,1.0,0.964208,0,1.0,0,420,3,2,0.98,0.0132,GREEN,33,Kolkata
CLM0048286,KOL_03078,Sealdah,2023-04-18,10,0,0,0,0,0,0,0,0,0,0.0,0.242914,0,0.0,0,229,4,1,0.6689,0.0,GREEN,40,Kolkata
CLM0048287,KOL_03772,Park Street,2023-09-11,15,0,0,0,0,0,0,1,0,0,1.0,0.212655,0,0.0,1,262,3,2,0.746,0.1954,GREEN,47,Kolkata
CLM0048288,KOL_02066,Behala,2023-09-26,15,0,0,0,0,0,0,0,0,0,0.0,1.0,0,0.0,0,420,3,0,0.4226,0.0,GREEN,20,Kolkata
CLM0048289,KOL_08459,Behala,2023-12-10,9,0,0,0,0,0,0,0,1,0,0.0,0.021794,0,0.0,0,84,4,1,0.1962,0.1437,GREEN,39,Kolkata
CLM0048290,KOL_07918,New Town,2024-06-15,21,0,0,0,0,0,1,0,0,0,0.0,0.444202,0,1.0,0,136,2,3,0.7085,0.0777,GREEN,37,Kolkata
CLM0048291,KOL_05403,Salt Lake,2025-02-21,7,0,0,0,0,0,0,0,0,0,0.0,0.297287,0,0.0,0,379,1,1,0.8128,0.0046,GREEN,44,Kolkata
CLM0048292,KOL_07728,Behala,2025-08-15,21,0,0,0,0,0,0,0,0,0,1.0,0.324786,0,0.0,0,371,3,7,0.5434,0.0429,GREEN,35,Kolkata
CLM0048293,KOL_01782,Park Street,2024-07-11,19,0,0,0,0,0,0,1,0,0,0.0,0.064499,0,0.0,0,420,3,4,0.8058,0.1409,GREEN,27,Kolkata
CLM0048294,KOL_06249,Sealdah,2023-06-10,21,0,0,0,0,0,0,0,0,0,0.0,1.0,0,0.0,0,420,4,3,0.8407,0.0728,GREEN,42,Kolkata
CLM0048295,KOL_05854,Esplanade,2025-12-13,9,0,0,0,0,0,0,0,0,0,0.0,0.169805,0,0.0,0,339,4,2,0.2045,0.0021,GREEN,33,Kolkata
CLM0048296,KOL_04395,Park Street,2022-11-02,18,0,0,0,0,0,0,0,0,0,1.0,0.095423,0,0.0,0,233,1,0,0.05,0.1706,GREEN,21,Kolkata
CLM0048297,KOL_00914,Behala,2025-09-05,10,0,0,0,0,0,0,0,1,0,0.0,0.174008,0,0.0,0,420,4,4,0.5716,0.1726,GREEN,44,Kolkata
CLM0048298,KOL_04235,Tollygunge,2024-10-09,11,0,0,0,0,0,0,1,0,0,0.0,0.315795,0,0.0,0,420,3,0,0.8484,0.0,GREEN,35,Kolkata
CLM0048299,KOL_04116,Behala,2025-11-27,17,0,0,0,0,1,0,0,0,0,0.0,0.280388,0,0.0,0,235,2,2,0.8522,0.0969,GREEN,43,Kolkata
CLM0048300,KOL_09419,Sealdah,2025-05-23,13,0,0,0,0,0,0,0,1,0,0.0,0.184092,0,0.0,0,279,1,1,0.7647,0.0647,GREEN,37,Kolkata
CLM0048301,KOL_02082,New Town,2025-07-09,7,0,0,0,0,0,0,1,0,0,0.0,0.219272,0,0.0,0,315,1,0,0.773,0.0921,GREEN,49,Kolkata
CLM0048302,KOL_03079,Behala,2024-11-01,17,0,0,0,1,0,1,1,0,1,1.0,0.956371,0,0.0,1,51,1,18,0.183,0.0,GREEN,37,Kolkata
CLM0048303,KOL_09459,Garia,2025-12-11,7,0,0,0,0,0,0,0,1,0,0.0,1.0,0,0.0,0,420,4,0,0.9202,0.1101,GREEN,23,Kolkata
CLM0048304,KOL_04634,Esplanade,2025-08-15,13,0,0,0,1,0,0,0,0,0,0.0,0.242663,1,0.0,0,107,0,0,0.1253,0.1564,GREEN,36,Kolkata
CLM0048305,KOL_07212,Behala,2023-04-15,10,0,1,1,1,0,1,0,1,1,1.0,0.179327,0,0.0,1,5,0,18,0.0659,0.7825,RED,46,Kolkata
CLM0048306,KOL_07812,Tollygunge,2025-06-11,12,0,1,1,1,0,0,1,1,1,1.0,1.0,1,0.0,1,5,1,18,0.0607,0.7079,RED,31,Kolkata
CLM0048307,KOL_05468,Howrah,2023-12-04,17,0,1,1,0,1,0,0,0,1,0.0,0.0,0,0.0,1,115,0,2,0.4657,0.4996,YELLOW,40,Kolkata
CLM0048308,KOL_06790,Sealdah,2024-01-10,9,0,1,1,0,0,0,0,0,0,0.0,0.372246,0,1.0,0,127,0,1,0.98,0.5971,YELLOW,35,Kolkata
CLM0048309,KOL_06013,Howrah,2019-11-22,18,0,0,0,0,0,0,0,0,1,0.0,0.14604,0,0.0,0,383,0,0,0.5702,0.1496,GREEN,33,Kolkata
CLM0048310,KOL_01830,Park Street,2015-09-24,8,0,0,0,0,0,0,1,0,0,0.0,3.4e-05,0,0.0,0,391,2,8,0.1275,0.0238,GREEN,39,Kolkata
CLM0048311,KOL_04755,Behala,2023-11-29,19,0,0,0,0,0,0,0,0,0,1.0,0.0,0,0.0,0,301,3,1,0.7237,0.1008,GREEN,34,Kolkata
CLM0048312,KOL_06210,Tollygunge,2017-05-01,9,0,0,0,0,0,0,0,0,1,0.0,0.433563,1,0.0,0,420,4,5,0.5866,0.2589,GREEN,36,Kolkata
CLM0048313,KOL_08939,Garia,2025-05-04,14,0,0,0,0,0,0,0,0,0,0.0,0.251816,0,0.0,0,420,4,2,0.9331,0.0,GREEN,37,Kolkata
CLM0048314,KOL_08079,Behala,2025-01-11,11,0,1,1,0,0,0,1,0,1,1.0,1.0,0,1.0,0,69,1,0,0.98,0.2513,GREEN,51,Kolkata
CLM0048315,KOL_06551,Howrah,2021-03-09,16,0,0,0,0,0,0,0,0,1,1.0,0.166262,0,0.0,0,347,1,0,0.5034,0.1517,GREEN,33,Kolkata
CLM0048316,KOL_03408,Sealdah,2019-03-08,12,0,0,0,0,0,0,0,0,0,0.0,0.225384,0,0.0,0,397,2,0,0.7403,0.033,GREEN,18,Kolkata
CLM0048317,KOL_06861,Dum Dum,2024-08-19,16,0,0,0,0,0,1,0,1,1,0.0,0.17386,0,0.0,0,217,0,3,0.7925,0.4251,YELLOW,29,Kolkata
CLM0048318,KOL_07018,Park Street,2024-12-17,10,0,0,0,0,0,0,1,0,0,0.0,0.473638,0,0.0,0,420,1,4,0.98,0.1312,GREEN,32,Kolkata
CLM0048319,KOL_00653,Salt Lake,2024-07-25,21,0,0,0,0,0,0,0,0,0,0.0,0.017648,0,0.0,0,265,0,4,0.6431,0.0755,GREEN,32,Kolkata
CLM0048320,KOL_06636,Esplanade,2024-07-22,17,0,0,0,0,0,0,0,0,0,0.0,0.382465,0,0.0,0,407,2,0,0.9786,0.0022,GREEN,46,Kolkata
CLM0048321,KOL_03901,Sealdah,2024-03-30,18,0,0,0,0,0,0,1,0,0,0.0,0.085055,0,0.0,1,122,4,1,0.6343,0.1515,GREEN,30,Kolkata
CLM0048322,KOL_02108,Park Street,2025-06-11,13,0,0,0,0,0,0,0,0,0,0.0,0.081392,0,0.0,0,420,0,1,0.8261,0.0139,GREEN,26,Kolkata
CLM0048323,KOL_03345,Garia,2024-06-25,21,0,0,0,0,0,0,0,0,0,0.0,0.031996,0,0.0,0,420,0,0,0.98,0.0,GREEN,41,Kolkata
CLM0048324,KOL_01205,New Town,2025-09-18,21,0,0,0,0,0,0,0,0,0,0.0,0.305241,0,0.0,0,311,1,2,0.5554,0.089,GREEN,25,Kolkata
CLM0048325,KOL_01827,Park Street,2024-03-26,7,0,0,0,1,0,1,0,0,0,0.0,0.942336,0,0.0,0,278,4,2,0.6634,0.1968,GREEN,24,Kolkata
CLM0048326,KOL_04760,Salt Lake,2018-07-02,20,0,0,0,0,0,0,0,0,0,0.0,0.343974,0,0.0,0,227,2,2,0.5841,0.0574,GREEN,20,Kolkata
CLM0048327,KOL_08218,Esplanade,2018-11-13,12,1,0,0,0,0,1,0,0,0,0.0,0.25942,0,0.0,0,420,3,0,0.6131,0.0595,GREEN,35,Kolkata
CLM0048328,KOL_01558,Tollygunge,2021-02-07,11,0,0,0,0,0,0,0,0,0,1.0,0.225835,0,0.0,0,346,4,4,0.5823,0.1645,GREEN,41,Kolkata
CLM0048329,KOL_09806,Salt Lake,2023-07-20,12,0,0,0,0,0,0,0,1,0,1.0,0.301255,0,0.0,0,420,2,2,0.2098,0.1545,GREEN,48,Kolkata
CLM0048330,KOL_06331,New Town,2021-09-22,19,0,0,0,0,0,0,0,0,0,0.0,1.0,0,0.0,0,223,2,6,0.7438,0.0,GREEN,36,Kolkata
CLM0048331,KOL_00640,Esplanade,2024-06-15,18,0,0,0,0,0,0,0,0,0,0.0,0.319475,0,0.0,0,322,4,4,0.98,0.0584,GREEN,26,Kolkata
CLM0048332,KOL_05762,Salt Lake,2024-08-27,15,0,0,0,0,0,0,0,0,0,0.0,0.276348,0,0.0,0,420,4,3,0.355,0.0597,GREEN,25,Kolkata
CLM0048333,KOL_07491,Salt Lake,2024-11-26,9,0,0,0,0,0,0,0,0,0,0.0,0.25047,0,0.0,0,420,3,0,0.6672,0.0031,GREEN,47,Kolkata
CLM0048334,KOL_00791,Tollygunge,2025-10-08,10,0,0,0,0,0,0,0,0,0,0.0,0.039019,0,0.0,0,420,4,0,0.8181,0.0155,GREEN,33,Kolkata
CLM0048335,KOL_07539,Garia,2024-05-12,21,0,0,0,0,0,0,0,1,0,0.0,0.114338,0,0.0,0,420,0,2,0.2286,0.1165,GREEN,37,Kolkata
CLM0048336,KOL_01680,Sealdah,2024-05-05,19,0,0,0,0,0,1,0,0,0,0.0,0.174679,0,0.0,0,206,3,2,0.7978,0.1337,GREEN,27,Kolkata
CLM0048337,KOL_02614,New Town,2024-06-25,11,0,0,0,0,0,0,0,0,0,0.0,0.43302,0,0.0,0,420,4,1,0.957,0.0437,GREEN,47,Kolkata
CLM0048338,KOL_06879,Dum Dum,2024-08-19,7,0,0,0,0,0,0,0,0,0,0.0,0.983383,0,0.0,0,404,3,3,0.9332,0.0,GREEN,38,Kolkata
CLM0048339,KOL_03778,Behala,2025-05-07,9,0,0,0,0,0,0,0,0,0,1.0,1.0,0,1.0,0,104,1,4,0.5203,0.0,GREEN,26,Kolkata
CLM0048340,KOL_01115,Behala,2024-12-18,17,0,0,0,0,0,0,0,0,0,0.0,0.097037,0,0.0,0,404,2,0,0.9546,0.0,GREEN,46,Kolkata
CLM0048341,KOL_06550,Garia,2025-10-13,10,0,0,0,0,0,0,0,0,0,0.0,0.205691,0,0.0,0,114,4,0,0.5716,0.0,GREEN,30,Kolkata
CLM0048342,KOL_00579,Garia,2021-11-15,9,0,0,0,1,0,0,0,1,1,0.0,0.006061,1,1.0,1,15,4,18,0.9199,0.0719,GREEN,29,Kolkata
CLM0048343,KOL_08433,Esplanade,2019-07-15,14,0,0,0,0,0,0,0,0,0,0.0,0.008892,0,0.0,1,71,1,4,0.8671,0.042,GREEN,18,Kolkata
CLM0048344,KOL_00717,Sealdah,2022-06-27,15,0,0,0,0,0,0,0,0,0,0.0,0.299794,0,0.0,0,289,0,2,0.8337,0.0,GREEN,28,Kolkata
CLM0048345,KOL_02344,Howrah,2021-07-30,16,0,0,0,1,1,0,1,1,0,0.0,0.187241,0,0.0,1,5,3,18,0.8305,0.0745,GREEN,43,Kolkata
CLM0048346,KOL_00395,Garia,2023-01-18,8,0,0,0,0,0,0,0,0,0,0.0,0.122538,0,0.0,0,420,4,3,0.8261,0.0,GREEN,23,Kolkata
CLM0048347,KOL_03213,Garia,2024-10-23,9,0,0,0,0,0,0,0,0,0,0.0,0.174992,0,0.0,0,82,3,3,0.835,0.0375,GREEN,30,Kolkata
CLM0048348,KOL_06696,New Town,2021-02-05,21,0,0,0,1,1,0,1,1,1,0.0,0.078065,0,0.0,1,33,0,18,0.6867,0.0,GREEN,40,Kolkata
CLM0048349,KOL_05089,Esplanade,2025-03-04,13,0,0,0,1,0,0,1,1,1,1.0,0.95677,0,1.0,0,16,4,18,0.05,0.0825,GREEN,53,Kolkata
CLM0048350,KOL_09659,Esplanade,2023-10-01,21,0,0,0,0,0,0,0,1,0,0.0,0.203413,0,0.0,0,163,4,5,0.2743,0.1534,GREEN,39,Kolkata
CLM0048351,KOL_03385,Howrah,2020-01-17,12,0,0,0,0,0,0,0,0,1,0.0,0.349341,0,0.0,0,341,3,2,0.9347,0.2148,GREEN,28,Kolkata
CLM0048352,KOL_03388,Salt Lake,2025-02-25,13,0,0,0,0,0,0,0,0,0,0.0,0.457349,0,0.0,0,96,4,1,0.8471,0.0218,GREEN,40,Kolkata
CLM0048353,KOL_05620,Tollygunge,2021-08-15,18,0,0,0,0,0,0,0,0,0,0.0,0.161295,0,0.0,0,159,4,7,0.4911,0.0698,GREEN,43,Kolkata
CLM0048354,KOL_00546,Dum Dum,2023-10-23,8,0,1,1,0,0,1,0,0,0,0.0,0.091737,0,0.0,0,5,1,0,0.683,0.6131,RED,18,Kolkata
CLM0048355,KOL_03467,Sealdah,2025-06-19,8,0,1,1,1,0,1,1,1,1,0.0,0.131565,0,0.0,1,5,0,18,0.9039,0.6244,RED,46,Kolkata
CLM0048356,KOL_08588,Tollygunge,2024-01-31,19,0,1,1,0,0,0,0,0,1,0.0,0.871155,1,1.0,1,7,2,18,0.3566,0.4761,YELLOW,42,Kolkata
CLM0048357,KOL_02031,Salt Lake,2023-06-02,17,0,1,1,0,0,0,0,0,0,1.0,0.0,0,0.0,0,96,2,0,0.5523,0.7411,RED,32,Kolkata
CLM0048358,KOL_08794,Tollygunge,2025-11-08,16,0,1,1,1,1,0,1,0,1,0.0,0.080502,0,0.0,0,5,2,13,0.8046,0.5531,YELLOW,28,Kolkata
CLM0048359,KOL_07155,Esplanade,2025-03-31,16,0,1,1,0,1,0,1,1,0,1.0,1.0,0,0.0,0,21,1,18,0.4098,0.5484,YELLOW,29,Kolkata
CLM0048360,KOL_03608,Esplanade,2025-08-17,19,0,1,1,1,1,0,1,1,1,1.0,1.0,1,1.0,1,5,2,18,0.8274,0.8974,RED,30,Kolkata
CLM0048361,KOL_04518,Dum Dum,2022-11-30,12,0,1,1,0,1,0,1,1,0,0.0,1.0,0,0.0,0,5,0,9,0.2789,0.4033,YELLOW,39,Kolkata
CLM0048362,KOL_07949,Esplanade,2024-09-10,11,0,1,1,1,0,1,1,0,1,0.0,0.089167,0,0.0,0,5,2,18,0.8468,0.6706,RED,36,Kolkata
CLM0048363,KOL_07848,Park Street,2017-05-17,17,0,0,0,0,0,0,0,0,0,0.0,0.155794,0,1.0,0,181,1,1,0.375,0.021,GREEN,28,Kolkata
CLM0048364,KOL_06325,Salt Lake,2022-04-07,19,0,0,0,0,0,0,0,0,0,0.0,0.25333,0,0.0,0,420,3,1,0.05,0.0228,GREEN,55,Kolkata
CLM0048365,KOL_02071,Park Street,2022-08-02,9,0,0,0,0,0,0,0,1,0,1.0,0.021,0,0.0,0,343,1,0,0.0795,0.2834,GREEN,23,Kolkata
CLM0048366,KOL_06368,Esplanade,2020-12-26,17,0,0,0,0,0,0,0,1,0,0.0,0.414421,0,0.0,0,360,3,4,0.05,0.1084,GREEN,26,Kolkata
CLM0048367,KOL_07837,New Town,2020-08-24,18,0,0,0,0,0,0,0,0,0,0.0,0.001048,0,0.0,0,5,1,1,0.8738,0.0693,GREEN,56,Kolkata
CLM0048368,KOL_01866,Park Street,2025-04-05,20,0,0,0,0,0,1,0,0,0,0.0,0.212144,0,0.0,0,101,1,0,0.803,0.0799,GREEN,35,Kolkata
CLM0048369,KOL_08935,Park Street,2022-05-08,11,0,0,0,0,0,0,0,0,0,0.0,0.221613,0,0.0,0,420,3,1,0.8238,0.0011,GREEN,24,Kolkata
CLM0048370,KOL_01824,Esplanade,2022-10-27,10,0,0,0,0,0,0,1,0,0,0.0,0.409888,0,0.0,0,303,1,4,0.5573,0.0673,GREEN,24,Kolkata
CLM0048371,KOL_03255,Park Street,2023-02-20,8,0,0,0,0,0,0,0,0,0,1.0,0.272658,0,0.0,0,17,2,5,0.0934,0.1267,GREEN,38,Kolkata
CLM0048372,KOL_01765,Garia,2022-10-30,12,0,0,0,0,0,0,0,0,0,0.0,0.194633,0,0.0,0,248,2,3,0.9371,0.0304,GREEN,52,Kolkata
CLM0048373,KOL_08597,Salt Lake,2024-04-22,15,0,0,0,0,0,1,0,0,0,0.0,0.072834,0,0.0,0,104,2,0,0.6041,0.2578,GREEN,33,Kolkata
CLM0048374,KOL_06473,Esplanade,2024-04-11,14,0,0,0,0,0,0,0,0,0,0.0,0.101506,0,0.0,0,391,0,7,0.712,0.0,GREEN,30,Kolkata
CLM0048375,KOL_07473,Howrah,2023-06-19,21,0,0,0,0,0,0,1,0,0,0.0,0.270252,0,0.0,0,117,4,2,0.8121,0.071,GREEN,41,Kolkata
CLM0048376,KOL_03574,Behala,2022-04-03,20,0,0,0,0,0,0,0,0,0,0.0,0.160965,0,0.0,0,420,0,4,0.8874,0.0,GREEN,44,Kolkata
CLM0048377,KOL_06019,Howrah,2024-09-17,9,0,0,0,0,0,0,0,0,0,0.0,0.300058,0,0.0,0,192,4,1,0.05,0.0,GREEN,26,Kolkata
CLM0048378,KOL_08909,Dum Dum,2022-06-20,21,0,0,0,0,0,0,0,0,0,0.0,0.058126,0,0.0,0,341,0,3,0.98,0.055,GREEN,24,Kolkata
CLM0048379,KOL_03312,Behala,2025-08-05,7,0,0,0,0,0,0,0,0,0,0.0,0.034729,0,0.0,0,91,2,3,0.663,0.0477,GREEN,43,Kolkata
CLM0048380,KOL_08115,Dum Dum,2024-09-15,7,0,0,0,0,0,0,0,0,0,0.0,0.385135,0,0.0,0,342,0,5,0.4027,0.0383,GREEN,25,Kolkata
CLM0048381,KOL_07458,Howrah,2025-04-03,15,0,0,0,1,0,0,1,0,0,0.0,0.089092,1,0.0,0,69,0,0,0.3024,0.3079,GREEN,31,Kolkata
CLM0048382,KOL_05559,Salt Lake,2025-01-10,20,0,0,0,0,0,0,0,0,0,0.0,0.27825,0,0.0,0,102,0,3,0.8462,0.0,GREEN,26,Kolkata
CLM0048383,KOL_04383,Garia,2025-02-12,20,0,1,1,1,0,0,0,0,0,0.0,0.291573,0,0.0,0,420,0,3,0.5676,0.1092,GREEN,31,Kolkata
CLM0048384,KOL_06325,Salt Lake,2024-12-08,21,0,0,0,0,0,0,0,0,0,0.0,0.408544,0,0.0,0,373,4,7,0.8082,0.0,GREEN,55,Kolkata
CLM0048385,KOL_01532,Garia,2021-01-01,20,0,1,1,0,0,1,1,1,1,0.0,0.253476,0,1.0,0,5,4,18,0.4025,0.0696,GREEN,58,Kolkata
CLM0048386,KOL_05712,New Town,2023-12-08,19,0,0,0,0,0,0,0,0,0,1.0,0.119424,0,0.0,0,9,2,0,0.98,0.1707,GREEN,49,Kolkata
CLM0048387,KOL_03281,Howrah,2022-02-11,16,0,0,0,0,0,0,0,0,0,0.0,0.990415,0,0.0,0,213,1,1,0.7411,0.0,GREEN,51,Kolkata
CLM0048388,KOL_08566,Salt Lake,2024-08-31,17,0,0,0,0,0,0,0,0,0,0.0,0.205746,0,0.0,0,250,1,1,0.6007,0.0,GREEN,25,Kolkata
CLM0048389,KOL_06998,Salt Lake,2025-01-23,13,0,0,0,0,0,0,0,0,0,0.0,0.194487,0,0.0,0,107,0,4,0.5031,0.0336,GREEN,34,Kolkata
CLM0048390,KOL_09836,Dum Dum,2021-05-13,16,0,0,0,0,0,0,0,0,0,0.0,0.111231,0,0.0,0,53,0,5,0.7451,0.0,GREEN,39,Kolkata
CLM0048391,KOL_07448,Garia,2024-09-03,7,0,0,0,0,0,1,0,0,0,0.0,0.990542,0,1.0,0,128,3,2,0.1603,0.0434,GREEN,38,Kolkata
CLM0048392,KOL_08032,Sealdah,2023-11-25,16,0,0,0,0,0,0,0,0,0,0.0,0.341937,0,0.0,0,156,3,2,0.8017,0.0145,GREEN,38,Kolkata
CLM0048393,KOL_00179,Garia,2025-08-24,16,0,0,0,1,1,1,0,1,0,0.0,0.07095,1,0.0,0,7,2,18,0.7818,0.0,GREEN,40,Kolkata
CLM0048394,KOL_00032,Park Street,2025-10-24,21,0,0,0,0,0,0,0,0,0,0.0,0.325877,0,1.0,0,98,2,5,0.7253,0.0146,GREEN,37,Kolkata
CLM0048395,KOL_07472,Garia,2025-05-27,13,0,0,0,0,0,0,0,0,0,0.0,0.880316,0,0.0,0,356,1,4,0.6524,0.0,GREEN,40,Kolkata
CLM0048396,KOL_05815,Howrah,2023-12-30,12,0,0,0,0,0,0,0,0,0,0.0,0.206869,0,0.0,0,118,0,0,0.1226,0.0,GREEN,31,Kolkata
CLM0048397,KOL_00582,Dum Dum,2024-11-08,17,0,1,1,0,0,0,0,0,0,0.0,1.0,0,0.0,0,5,4,3,0.8275,0.0681,GREEN,33,Kolkata
CLM0048398,KOL_09298,New Town,2019-12-04,8,0,0,0,0,0,1,1,1,1,1.0,0.192426,0,0.0,0,5,3,18,0.98,0.0037,GREEN,30,Kolkata
CLM0048399,KOL_05086,Salt Lake,2020-10-20,20,0,0,0,0,0,0,0,0,0,0.0,0.332074,0,0.0,0,351,1,0,0.8417,0.0,GREEN,37,Kolkata
CLM0048400,KOL_03810,Sealdah,2022-03-19,16,0,0,0,0,0,0,0,0,0,0.0,0.304535,0,0.0,0,217,0,4,0.9367,0.1892,GREEN,46,Kolkata
CLM0048401,KOL_03421,New Town,2023-01-31,20,0,0,0,0,0,0,0,0,0,1.0,0.054372,1,0.0,1,343,1,1,0.3799,0.2368,GREEN,46,Kolkata
CLM0048402,KOL_05146,Tollygunge,2024-12-01,18,0,0,0,0,0,0,0,0,0,0.0,0.443586,0,0.0,0,241,2,2,0.98,0.0373,GREEN,23,Kolkata
CLM0048403,KOL_05872,Esplanade,2022-01-23,12,0,0,0,0,0,0,0,0,0,1.0,0.244,0,0.0,0,420,1,2,0.963,0.0291,GREEN,31,Kolkata
CLM0048404,KOL_08103,Sealdah,2023-12-10,7,0,0,0,0,0,0,1,0,0,0.0,1.0,0,0.0,0,71,4,5,0.8715,0.0327,GREEN,44,Kolkata
CLM0048405,KOL_08314,Dum Dum,2022-04-23,15,0,0,0,0,0,0,0,0,1,0.0,0.12838,0,0.0,0,182,4,2,0.8109,0.2446,GREEN,48,Kolkata
CLM0048406,KOL_04569,Dum Dum,2023-11-03,18,0,0,0,0,0,0,0,0,0,0.0,0.142628,0,0.0,0,420,2,0,0.601,0.0,GREEN,30,Kolkata
CLM0048407,KOL_05298,Esplanade,2019-07-30,14,0,0,0,0,0,1,0,0,0,0.0,0.277325,0,0.0,0,171,2,5,0.98,0.0,GREEN,24,Kolkata
CLM0048408,KOL_05360,Esplanade,2022-04-10,8,0,0,0,0,0,0,0,0,0,0.0,0.267874,0,0.0,0,219,3,5,0.8395,0.0185,GREEN,23,Kolkata
CLM0048409,KOL_09053,Esplanade,2022-07-26,13,0,0,0,0,0,0,0,0,0,1.0,0.014202,0,0.0,0,420,3,1,0.1216,0.0614,GREEN,40,Kolkata
CLM0048410,KOL_08041,New Town,2025-04-21,10,0,0,0,1,0,0,0,1,0,1.0,1.0,0,1.0,0,22,1,3,0.2083,0.2777,GREEN,38,Kolkata
CLM0048411,KOL_09319,Tollygunge,2022-09-25,15,0,0,0,1,1,1,1,1,0,0.0,0.187217,0,1.0,0,5,3,18,0.1232,0.0902,GREEN,18,Kolkata
CLM0048412,KOL_02824,Tollygunge,2022-11-11,18,0,0,0,0,0,0,0,0,0,0.0,0.491049,0,0.0,0,97,1,4,0.6316,0.0,GREEN,38,Kolkata
CLM0048413,KOL_02949,Park Street,2025-05-16,8,0,0,0,0,0,0,0,0,0,0.0,1.0,0,0.0,0,147,2,1,0.8041,0.0,GREEN,35,Kolkata
CLM0048414,KOL_06678,Sealdah,2025-04-19,13,0,0,0,0,0,0,0,0,0,0.0,0.011953,0,0.0,0,420,2,0,0.98,0.1265,GREEN,27,Kolkata
CLM0048415,KOL_07602,Sealdah,2023-02-13,15,0,0,0,0,0,0,0,0,0,0.0,0.188174,0,0.0,1,311,0,2,0.8529,0.0318,GREEN,47,Kolkata
CLM0048416,KOL_07899,Esplanade,2019-01-25,13,0,0,0,0,0,1,0,1,0,0.0,0.046686,0,0.0,0,50,0,4,0.8037,0.1308,GREEN,32,Kolkata
CLM0048417,KOL_06629,Esplanade,2024-05-16,21,0,0,0,0,0,0,0,0,0,0.0,0.0,0,0.0,0,365,4,3,0.05,0.051,GREEN,37,Kolkata
CLM0048418,KOL_02173,Salt Lake,2019-10-09,17,0,0,0,0,0,0,0,0,0,1.0,0.267786,0,0.0,0,320,3,4,0.98,0.141,GREEN,18,Kolkata
CLM0048419,KOL_04182,Behala,2019-11-28,12,0,0,0,0,0,0,0,0,0,1.0,0.268906,0,0.0,0,178,3,5,0.6137,0.0805,GREEN,51,Kolkata
CLM0048420,KOL_09230,New Town,2023-09-30,8,0,0,0,0,0,0,0,0,0,1.0,0.115131,0,0.0,0,219,4,3,0.5869,0.0117,GREEN,24,Kolkata
CLM0048421,KOL_01824,Esplanade,2025-04-09,11,0,0,0,0,0,0,0,0,0,0.0,0.0653,0,0.0,0,53,0,0,0.9195,0.0133,GREEN,24,Kolkata
CLM0048422,KOL_05544,Salt Lake,2020-02-20,15,0,0,0,0,0,1,0,0,0,1.0,0.38875,0,1.0,0,173,4,0,0.5115,0.1025,GREEN,57,Kolkata
CLM0048423,KOL_04137,Esplanade,2022-06-02,16,0,0,0,0,0,1,0,0,0,0.0,0.254512,0,0.0,0,420,2,3,0.6525,0.0,GREEN,40,Kolkata
CLM0048424,KOL_04876,Esplanade,2022-02-23,18,0,0,0,0,0,0,0,0,1,0.0,0.297223,0,0.0,0,189,1,3,0.7165,0.1532,GREEN,47,Kolkata
CLM0048425,KOL_01597,Dum Dum,2017-04-17,12,0,0,0,0,0,0,0,0,0,1.0,0.016935,0,0.0,0,179,3,4,0.7367,0.0153,GREEN,42,Kolkata
CLM0048426,KOL_09780,New Town,2023-07-14,16,0,0,0,1,1,0,1,1,0,1.0,0.955149,0,1.0,1,28,4,10,0.7472,0.0705,GREEN,40,Kolkata
CLM0048427,KOL_09684,Esplanade,2024-08-02,19,0,0,0,0,1,0,0,0,0,0.0,0.337415,0,0.0,0,83,3,0,0.967,0.0806,GREEN,24,Kolkata
CLM0048428,KOL_03960,Behala,2024-08-10,13,0,0,0,0,0,0,0,0,0,0.0,0.156553,0,0.0,0,160,3,1,0.7589,0.0,GREEN,33,Kolkata
CLM0048429,KOL_01603,Garia,2025-06-02,8,0,0,0,0,0,0,0,0,0,1.0,1.0,0,0.0,0,97,3,3,0.602,0.0824,GREEN,31,Kolkata
CLM0048430,KOL_08774,Howrah,2024-04-08,11,0,0,0,0,0,0,0,0,1,1.0,0.273998,0,0.0,0,420,0,5,0.7696,0.2343,GREEN,32,Kolkata
CLM0048431,KOL_02824,Tollygunge,2020-12-22,8,0,0,0,0,0,0,0,0,0,0.0,0.234578,0,0.0,0,266,0,5,0.8429,0.0,GREEN,38,Kolkata
CLM0048432,KOL_01732,Tollygunge,2023-10-04,17,0,0,0,1,0,0,0,0,0,0.0,0.295884,0,0.0,0,420,4,0,0.98,0.1153,GREEN,18,Kolkata
CLM0048433,KOL_01662,Tollygunge,2021-05-01,10,0,0,0,0,0,0,0,0,1,0.0,0.07983,0,0.0,0,167,4,2,0.4756,0.1848,GREEN,30,Kolkata
CLM0048434,KOL_00769,Esplanade,2019-11-20,13,0,0,0,0,0,0,0,0,1,0.0,0.194678,0,0.0,0,45,3,0,0.6675,0.161,GREEN,25,Kolkata
CLM0048435,KOL_02399,Tollygunge,2023-03-23,19,0,0,0,0,0,0,0,0,0,1.0,0.36658,0,0.0,0,31,1,3,0.5277,0.019,GREEN,26,Kolkata
CLM0048436,KOL_05410,Dum Dum,2022-05-11,20,0,0,0,0,0,0,1,0,0,1.0,0.052131,0,0.0,0,212,4,3,0.5349,0.0981,GREEN,40,Kolkata
CLM0048437,KOL_07814,New Town,2022-01-03,18,0,0,0,0,0,0,1,0,0,0.0,0.121055,0,0.0,0,290,1,2,0.6156,0.0,GREEN,47,Kolkata
CLM0048438,KOL_03689,Dum Dum,2018-10-22,19,0,0,0,0,0,0,0,0,1,0.0,1.0,0,0.0,0,411,2,3,0.7519,0.141,GREEN,33,Kolkata
CLM0048439,KOL_02972,Tollygunge,2019-07-09,15,0,0,0,0,0,0,0,0,1,0.0,0.361125,0,0.0,0,57,2,3,0.98,0.146,GREEN,47,Kolkata
CLM0048440,KOL_09576,Behala,2020-04-26,14,0,0,0,0,0,0,0,0,0,0.0,0.107651,0,0.0,0,164,4,3,0.1505,0.0,GREEN,49,Kolkata
CLM0048441,KOL_05929,Tollygunge,2021-05-18,12,0,1,1,0,0,1,0,0,0,0.0,0.079929,0,0.0,0,153,0,3,0.622,0.0642,GREEN,40,Kolkata
CLM0048442,KOL_09396,New Town,2021-10-30,11,0,0,0,1,0,0,0,0,0,0.0,0.203233,0,0.0,0,69,1,5,0.4773,0.2922,GREEN,38,Kolkata
CLM0048443,KOL_01074,Sealdah,2024-05-23,12,0,0,0,0,0,0,0,1,0,0.0,0.364478,0,0.0,0,143,0,3,0.889,0.0873,GREEN,45,Kolkata
CLM0048444,KOL_05007,Garia,2017-09-20,10,0,0,0,0,0,0,0,0,0,0.0,0.286289,0,1.0,0,112,2,0,0.7367,0.0541,GREEN,53,Kolkata
CLM0048445,KOL_09494,Sealdah,2015-10-16,7,0,0,0,0,0,0,0,1,0,0.0,0.347037,0,0.0,0,320,4,0,0.6943,0.0,GREEN,47,Kolkata
CLM0048446,KOL_02471,Salt Lake,2025-07-29,16,0,0,0,0,0,0,0,0,0,0.0,0.099139,0,0.0,0,178,3,2,0.8615,0.0,GREEN,30,Kolkata
CLM0048447,KOL_09822,New Town,2021-05-22,21,0,0,0,0,0,0,0,0,0,0.0,0.24293,0,0.0,0,296,3,3,0.8832,0.0259,GREEN,24,Kolkata
CLM0048448,KOL_06658,Sealdah,2023-02-11,7,0,0,0,0,0,0,0,0,0,0.0,0.428992,1,0.0,0,41,0,0,0.476,0.0329,GREEN,18,Kolkata
CLM0048449,KOL_03889,Howrah,2019-01-17,11,0,0,0,0,0,0,0,0,0,0.0,0.122128,0,0.0,0,46,4,0,0.1191,0.0019,GREEN,18,Kolkata
CLM0048450,KOL_09197,Salt Lake,2023-12-20,17,0,0,0,0,1,1,1,1,0,0.0,0.012837,1,0.0,0,5,1,18,0.98,0.0,GREEN,43,Kolkata
CLM0048451,KOL_08469,Garia,2025-12-20,9,0,0,0,0,0,0,0,0,0,0.0,0.238484,0,0.0,0,420,0,2,0.2595,0.0529,GREEN,47,Kolkata
CLM0048452,KOL_06575,Salt Lake,2025-04-09,14,0,0,0,0,0,0,0,0,0,0.0,1.0,0,0.0,0,276,0,1,0.4739,0.0561,GREEN,31,Kolkata
CLM0048453,KOL_08226,Salt Lake,2019-04-11,17,0,0,0,0,0,0,0,0,0,0.0,0.975156,0,0.0,0,119,4,0,0.6331,0.0563,GREEN,33,Kolkata
CLM0048454,KOL_04879,Tollygunge,2022-12-28,16,0,0,0,0,0,0,0,0,1,0.0,0.108887,0,0.0,1,420,1,0,0.4172,0.205,GREEN,39,Kolkata
CLM0048455,KOL_08573,Garia,2020-11-21,19,0,0,0,1,0,0,0,0,0,0.0,0.322943,0,0.0,0,127,2,6,0.5508,0.1622,GREEN,54,Kolkata
CLM0048456,KOL_09550,Esplanade,2022-08-02,21,0,0,0,0,0,0,0,0,1,0.0,0.098638,0,0.0,0,50,2,0,0.05,0.2253,GREEN,45,Kolkata
CLM0048457,KOL_02177,Park Street,2016-06-08,14,0,0,0,0,0,0,1,0,0,0.0,0.327812,0,0.0,0,345,1,1,0.8845,0.0932,GREEN,43,Kolkata
CLM0048458,KOL_05824,Behala,2022-10-17,13,0,0,0,0,0,0,0,0,0,0.0,0.125102,0,0.0,0,406,4,0,0.7707,0.0,GREEN,39,Kolkata
CLM0048459,KOL_00839,Esplanade,2015-07-25,14,0,0,0,0,0,0,0,0,0,0.0,0.346372,0,0.0,0,46,0,0,0.9244,0.0102,GREEN,27,Kolkata
CLM0048460,KOL_03403,Dum Dum,2024-01-17,13,0,0,0,0,0,0,0,0,0,0.0,0.427501,0,0.0,0,140,4,5,0.7317,0.0592,GREEN,59,Kolkata
CLM0048461,KOL_01233,Dum Dum,2017-06-04,12,0,0,0,0,0,0,1,0,0,0.0,0.138886,0,0.0,0,97,3,3,0.8098,0.1284,GREEN,32,Kolkata
CLM0048462,KOL_02730,Sealdah,2023-07-24,13,0,0,0,0,0,0,1,0,0,0.0,0.0,0,0.0,0,247,0,3,0.8455,0.0899,GREEN,28,Kolkata
CLM0048463,KOL_08670,Esplanade,2020-02-25,19,0,0,0,0,0,1,0,0,0,0.0,0.372409,0,0.0,0,420,3,1,0.5831,0.1143,GREEN,33,Kolkata
CLM0048464,KOL_06588,Park Street,2024-07-10,20,0,0,0,0,0,0,0,0,0,0.0,0.0,0,0.0,0,379,4,0,0.9314,0.0019,GREEN,42,Kolkata
CLM0048465,KOL_08993,Tollygunge,2015-11-10,19,0,0,0,0,0,0,0,0,0,0.0,0.118299,0,0.0,0,307,3,0,0.8249,0.0,GREEN,46,Kolkata
CLM0048466,KOL_03310,Tollygunge,2018-06-05,15,0,0,0,0,0,0,0,0,1,0.0,0.2428,1,0.0,0,188,4,2,0.6876,0.2924,GREEN,29,Kolkata
CLM0048467,KOL_02325,Dum Dum,2021-05-22,9,0,0,0,0,0,0,0,0,0,0.0,0.283391,0,0.0,1,331,0,1,0.98,0.0393,GREEN,36,Kolkata
CLM0048468,KOL_03766,New Town,2021-02-28,21,0,0,0,0,0,0,0,0,0,0.0,0.375017,0,0.0,0,420,0,6,0.7851,0.1407,GREEN,36,Kolkata
CLM0048469,KOL_06162,Tollygunge,2021-05-21,16,0,0,0,0,0,0,0,0,0,0.0,0.302029,0,0.0,0,420,1,4,0.8899,0.0,GREEN,30,Kolkata
CLM0048470,KOL_06364,Park Street,2022-08-31,8,0,0,0,0,0,1,0,0,0,0.0,0.198264,0,1.0,0,56,3,0,0.9393,0.0884,GREEN,29,Kolkata
CLM0048471,KOL_05518,Park Street,2022-09-27,9,0,0,0,0,0,0,0,0,0,0.0,0.243927,0,1.0,0,90,4,2,0.6873,0.0206,GREEN,28,Kolkata
CLM0048472,KOL_02375,Dum Dum,2021-07-19,14,0,0,0,0,0,0,0,0,1,0.0,0.05123,0,0.0,0,345,2,8,0.3061,0.1274,GREEN,39,Kolkata
CLM0048473,KOL_03340,Garia,2024-05-23,11,0,0,0,0,0,0,0,0,0,0.0,0.252105,0,0.0,0,46,2,3,0.4654,0.0,GREEN,45,Kolkata
CLM0048474,KOL_05490,Salt Lake,2023-11-14,19,0,0,0,0,0,0,0,0,0,0.0,0.256027,0,0.0,0,330,1,0,0.7186,0.0,GREEN,32,Kolkata
CLM0048475,KOL_06375,Salt Lake,2024-02-08,12,0,0,0,0,0,0,0,0,0,0.0,1.0,0,0.0,0,164,1,4,0.4754,0.0008,GREEN,46,Kolkata
CLM0048476,KOL_01682,Garia,2025-09-03,10,0,0,0,0,0,1,0,0,0,0.0,0.381608,0,0.0,0,239,4,5,0.5856,0.0971,GREEN,40,Kolkata
CLM0048477,KOL_05188,Salt Lake,2023-08-05,11,0,0,0,0,0,0,0,0,0,0.0,0.159862,0,0.0,0,177,3,1,0.6797,0.1154,GREEN,29,Kolkata
CLM0048478,KOL_09508,Park Street,2024-05-15,21,0,0,0,0,0,0,0,0,0,0.0,0.13266,0,0.0,0,342,3,0,0.7935,0.0,GREEN,20,Kolkata
CLM0048479,KOL_08678,Garia,2022-05-28,17,0,0,0,0,0,1,0,0,0,0.0,0.229988,0,0.0,0,165,1,3,0.2399,0.0844,GREEN,48,Kolkata
CLM0048480,KOL_03209,Esplanade,2023-09-19,20,0,0,0,0,0,0,0,1,0,0.0,0.21165,0,0.0,0,391,4,0,0.9439,0.0898,GREEN,35,Kolkata
CLM0048481,KOL_06756,Esplanade,2025-07-13,15,0,0,0,0,0,0,0,0,0,0.0,0.176943,0,0.0,0,419,3,0,0.4357,0.0496,GREEN,33,Kolkata
CLM0048482,KOL_06210,Tollygunge,2021-12-02,8,0,0,0,1,0,0,0,0,0,0.0,1.0,0,0.0,1,228,2,2,0.6238,0.2294,GREEN,36,Kolkata
CLM0048483,KOL_08872,Dum Dum,2021-06-30,20,0,0,0,0,0,1,0,0,0,1.0,0.036479,0,0.0,0,300,1,0,0.98,0.2026,GREEN,43,Kolkata
CLM0048484,KOL_01934,Esplanade,2021-07-20,12,0,0,0,0,0,0,0,0,0,0.0,0.269601,0,0.0,0,93,4,6,0.5232,0.0091,GREEN,41,Kolkata
CLM0048485,KOL_02084,Dum Dum,2025-03-29,11,0,0,0,0,0,0,0,0,0,0.0,0.226992,0,0.0,0,180,3,6,0.98,0.0,GREEN,18,Kolkata
CLM0048486,KOL_01171,Tollygunge,2024-03-23,9,0,0,0,0,0,0,0,0,0,0.0,0.301733,0,0.0,0,231,2,1,0.9095,0.0,GREEN,42,Kolkata
CLM0048487,KOL_00310,Behala,2021-06-30,7,0,0,0,0,0,0,0,0,0,0.0,0.343963,0,0.0,0,105,1,3,0.1485,0.0694,GREEN,25,Kolkata
CLM0048488,KOL_05553,Sealdah,2025-02-07,10,0,0,0,0,0,0,0,0,0,0.0,0.0,0,0.0,0,315,0,1,0.5423,0.1483,GREEN,56,Kolkata
CLM0048489,KOL_02921,Park Street,2024-09-24,19,0,0,0,0,0,0,0,0,0,0.0,0.147745,0,0.0,1,25,3,6,0.7292,0.1419,GREEN,43,Kolkata
CLM0048490,KOL_07314,Sealdah,2022-09-27,15,0,0,0,0,0,0,0,0,0,0.0,0.31539,0,0.0,0,336,3,1,0.8803,0.0129,GREEN,30,Kolkata
CLM0048491,KOL_00314,Dum Dum,2024-10-04,16,0,0,0,0,0,0,0,1,1,0.0,0.187183,0,1.0,0,263,1,4,0.7618,0.2154,GREEN,42,Kolkata
CLM0048492,KOL_09185,Salt Lake,2021-10-12,10,0,0,0,0,0,0,0,0,1,0.0,0.197283,0,0.0,1,420,2,0,0.9104,0.2744,GREEN,33,Kolkata
CLM0048493,KOL_00961,Tollygunge,2024-04-15,12,0,0,0,0,0,1,0,0,0,0.0,0.12761,0,0.0,0,410,2,4,0.6998,0.0895,GREEN,47,Kolkata
CLM0048494,KOL_05585,Salt Lake,2024-03-16,12,0,0,0,0,0,0,0,0,0,0.0,0.0,0,0.0,0,309,4,3,0.7831,0.0,GREEN,22,Kolkata
CLM0048495,KOL_04290,Tollygunge,2024-03-05,16,0,0,0,0,0,0,0,0,0,0.0,0.471669,0,0.0,0,284,1,0,0.1182,0.0,GREEN,40,Kolkata
CLM0048496,KOL_01725,Behala,2015-10-27,9,0,0,0,0,0,0,0,0,0,0.0,0.386808,0,0.0,0,159,0,0,0.1055,0.0598,GREEN,39,Kolkata
CLM0048497,KOL_07827,Sealdah,2018-10-13,21,0,0,0,0,0,0,0,0,0,0.0,1.0,0,0.0,0,248,3,0,0.9366,0.0033,GREEN,27,Kolkata
CLM0048498,KOL_08961,Howrah,2017-02-28,17,0,0,0,0,0,0,0,0,0,0.0,0.020499,0,0.0,0,301,2,5,0.98,0.0,GREEN,36,Kolkata
CLM0048499,KOL_07881,Garia,2018-05-14,15,0,0,0,0,0,1,0,0,0,0.0,0.383652,0,0.0,0,249,0,0,0.1449,0.1,GREEN,18,Kolkata
CLM0048500,KOL_09301,Dum Dum,2019-01-10,9,0,0,0,0,0,1,0,0,1,0.0,0.243635,0,0.0,0,417,3,4,0.1293,0.1389,GREEN,18,Kolkata
CLM0048501,KOL_01469,Dum Dum,2023-10-19,8,0,0,0,0,0,0,0,0,0,0.0,0.326806,1,0.0,1,148,1,5,0.1949,0.1499,GREEN,47,Kolkata
CLM0048502,KOL_01003,New Town,2020-03-29,12,0,0,0,0,0,0,0,0,0,0.0,0.0,0,0.0,0,420,2,0,0.4174,0.0,GREEN,18,Kolkata
CLM0048503,KOL_06298,Behala,2023-09-04,15,0,0,0,0,0,0,0,0,0,0.0,0.129698,1,0.0,0,420,2,2,0.98,0.1035,GREEN,20,Kolkata
CLM0048504,KOL_04299,Behala,2024-07-17,11,0,0,0,0,0,0,0,0,0,0.0,0.282447,0,0.0,0,371,3,1,0.98,0.0,GREEN,49,Kolkata
CLM0048505,KOL_00110,New Town,2022-04-08,20,0,0,0,0,0,1,0,0,0,0.0,0.405283,0,0.0,1,393,2,0,0.5314,0.1827,GREEN,27,Kolkata
CLM0048506,KOL_06832,Salt Lake,2022-11-24,15,0,0,0,0,0,1,0,0,0,0.0,0.0,0,1.0,0,15,2,2,0.8989,0.114,GREEN,50,Kolkata
CLM0048507,KOL_06856,Esplanade,2023-05-16,12,0,0,0,0,0,0,0,0,0,0.0,0.150431,1,0.0,0,214,4,5,0.7869,0.0,GREEN,18,Kolkata
CLM0048508,KOL_04379,Behala,2024-12-13,18,0,0,0,0,0,1,0,0,1,0.0,1.0,0,0.0,0,290,3,3,0.5606,0.2834,GREEN,56,Kolkata
CLM0048509,KOL_04051,Tollygunge,2022-07-11,12,0,0,0,0,0,1,0,0,0,0.0,0.382729,0,0.0,1,57,4,3,0.5774,0.1468,GREEN,28,Kolkata
CLM0048510,KOL_09465,Dum Dum,2024-07-20,18,0,0,0,0,0,1,0,0,0,0.0,0.266645,0,0.0,0,420,1,0,0.5461,0.0802,GREEN,46,Kolkata
CLM0048511,KOL_03980,Garia,2023-03-19,11,0,0,0,0,0,0,1,0,0,0.0,0.315744,0,0.0,0,250,4,0,0.7831,0.0464,GREEN,31,Kolkata
CLM0048512,KOL_07380,Park Street,2025-03-24,10,0,0,0,0,0,0,0,0,0,0.0,0.112631,0,0.0,0,152,0,0,0.6916,0.0601,GREEN,35,Kolkata
CLM0048513,KOL_03786,Sealdah,2024-12-16,20,0,1,1,0,0,0,0,0,0,0.0,0.336147,0,0.0,0,120,4,2,0.6569,0.0802,GREEN,36,Kolkata
CLM0048514,KOL_06846,Dum Dum,2024-09-03,8,0,0,0,0,1,0,0,0,0,0.0,0.213229,0,1.0,0,132,0,0,0.6109,0.0839,GREEN,26,Kolkata
CLM0048515,KOL_05674,Tollygunge,2025-06-15,7,0,0,0,0,0,0,0,0,0,0.0,0.91231,0,0.0,0,206,0,0,0.4857,0.0087,GREEN,42,Kolkata
CLM0048516,KOL_01790,Salt Lake,2025-04-13,20,0,0,0,0,0,0,0,0,0,0.0,0.445995,0,0.0,0,336,3,2,0.98,0.1048,GREEN,31,Kolkata
CLM0048517,KOL_03680,Garia,2025-06-10,9,0,0,0,0,0,0,0,0,0,0.0,0.2256,0,0.0,0,420,4,4,0.8191,0.1255,GREEN,32,Kolkata
CLM0048518,KOL_09263,Behala,2024-03-15,13,0,0,0,0,0,0,0,0,0,0.0,0.167108,0,0.0,0,69,4,5,0.5258,0.0,GREEN,48,Kolkata
CLM0048519,KOL_06439,Dum Dum,2025-03-12,8,0,0,0,0,0,0,0,0,0,1.0,0.095841,0,0.0,0,283,4,1,0.7305,0.0817,GREEN,37,Kolkata
CLM0048520,KOL_00872,Esplanade,2024-06-19,19,0,0,0,0,0,0,1,0,0,0.0,0.980106,0,0.0,1,231,1,0,0.6827,0.1354,GREEN,21,Kolkata
CLM0048521,KOL_04546,Tollygunge,2025-12-04,9,0,0,0,0,0,0,0,1,0,0.0,0.488351,1,0.0,0,403,4,2,0.5652,0.2168,GREEN,18,Kolkata
CLM0048522,KOL_06688,New Town,2024-08-06,19,0,0,0,0,0,0,0,0,0,1.0,0.980212,0,1.0,0,258,1,1,0.682,0.0326,GREEN,44,Kolkata
CLM0048523,KOL_01839,Salt Lake,2025-11-01,12,0,0,0,0,0,0,0,0,0,0.0,1.0,0,0.0,0,236,1,0,0.3928,0.0243,GREEN,42,Kolkata
CLM0048524,KOL_03089,Behala,2025-11-23,15,0,0,0,0,0,0,0,0,0,0.0,0.161573,0,0.0,0,381,0,2,0.9019,0.0,GREEN,28,Kolkata
CLM0048525,KOL_01560,New Town,2015-11-25,19,0,0,0,0,0,0,0,0,0,0.0,0.091783,0,0.0,0,52,0,4,0.3342,0.0,GREEN,24,Kolkata
CLM0048526,KOL_07296,Park Street,2020-02-22,18,0,0,0,0,0,0,0,0,1,0.0,0.073581,0,0.0,0,61,4,5,0.5125,0.118,GREEN,22,Kolkata
CLM0048527,KOL_03083,Behala,2022-05-02,9,0,0,0,0,0,1,0,0,0,0.0,0.099114,0,0.0,0,145,1,3,0.7535,0.105,GREEN,31,Kolkata
CLM0048528,KOL_07015,Park Street,2016-02-17,18,0,0,0,0,0,1,0,1,0,0.0,0.006596,0,0.0,0,420,3,0,0.9189,0.2333,GREEN,28,Kolkata
CLM0048529,KOL_05850,Behala,2023-04-22,12,0,0,0,0,0,0,0,0,0,0.0,0.332136,0,0.0,0,244,3,3,0.98,0.0,GREEN,50,Kolkata
CLM0048530,KOL_02557,Salt Lake,2024-12-17,21,0,0,0,0,0,0,0,0,0,0.0,0.305816,0,0.0,0,16,1,0,0.7671,0.1095,GREEN,57,Kolkata
CLM0048531,KOL_09873,Sealdah,2020-08-28,15,0,0,0,0,0,1,0,0,0,0.0,0.163244,0,0.0,0,398,2,1,0.6864,0.0621,GREEN,52,Kolkata
CLM0048532,KOL_07234,Sealdah,2018-09-11,14,0,0,0,0,1,0,0,0,0,0.0,0.25505,0,0.0,0,74,3,0,0.98,0.1416,GREEN,34,Kolkata
CLM0048533,KOL_01582,New Town,2021-03-10,18,0,0,0,0,0,0,0,0,0,0.0,0.326995,0,0.0,0,119,0,0,0.5472,0.1057,GREEN,23,Kolkata
CLM0048534,KOL_03445,Esplanade,2024-01-13,7,0,0,0,0,0,0,0,0,0,0.0,0.192296,1,0.0,0,363,3,3,0.6202,0.1302,GREEN,33,Kolkata
CLM0048535,KOL_08582,Tollygunge,2025-09-24,20,0,0,0,0,0,0,0,0,0,1.0,0.019946,0,1.0,0,288,1,4,0.7451,0.0944,GREEN,32,Kolkata
CLM0048536,KOL_05690,Esplanade,2020-10-02,15,0,0,0,0,0,0,0,0,0,0.0,0.078368,0,0.0,0,293,3,2,0.6025,0.0,GREEN,41,Kolkata
CLM0048537,KOL_03720,Park Street,2023-11-22,8,0,1,1,0,0,0,0,0,0,1.0,0.960345,0,0.0,0,32,1,6,0.9014,0.0,GREEN,51,Kolkata
CLM0048538,KOL_09896,Behala,2020-06-16,16,0,0,0,0,0,0,0,0,0,0.0,0.061361,0,0.0,0,155,0,6,0.7092,0.0,GREEN,26,Kolkata
CLM0048539,KOL_00973,Behala,2021-01-31,18,0,0,0,0,0,0,0,0,0,0.0,0.248734,0,0.0,0,180,3,0,0.8971,0.0,GREEN,18,Kolkata
CLM0048540,KOL_06492,Sealdah,2020-12-31,16,0,0,0,0,0,0,0,0,0,0.0,0.181335,0,0.0,0,365,4,3,0.8082,0.0,GREEN,47,Kolkata
CLM0048541,KOL_05196,Behala,2025-06-14,16,0,0,0,0,0,0,0,1,0,0.0,0.110821,0,0.0,0,129,2,2,0.6796,0.109,GREEN,37,Kolkata
CLM0048542,KOL_00273,Sealdah,2025-01-12,15,0,0,0,1,0,0,1,0,0,0.0,0.051221,0,0.0,0,349,2,5,0.9608,0.2524,GREEN,44,Kolkata
CLM0048543,KOL_08387,Tollygunge,2024-08-16,7,0,0,0,0,0,1,0,0,0,0.0,0.166693,0,0.0,0,383,4,0,0.7631,0.1886,GREEN,32,Kolkata
CLM0048544,KOL_09820,Esplanade,2021-12-03,17,0,0,0,0,0,0,0,0,0,0.0,0.99792,0,0.0,0,342,0,0,0.98,0.022,GREEN,37,Kolkata
CLM0048545,KOL_07625,Dum Dum,2024-09-01,16,0,0,0,0,0,0,1,0,0,0.0,0.319518,0,0.0,0,141,3,3,0.6362,0.0663,GREEN,30,Kolkata
CLM0048546,KOL_04937,Sealdah,2020-11-30,10,0,0,0,0,0,0,0,0,0,0.0,0.294578,0,0.0,0,353,4,4,0.05,0.0242,GREEN,34,Kolkata
CLM0048547,KOL_02880,Sealdah,2024-11-29,12,0,0,0,0,0,0,0,0,0,0.0,0.187221,0,0.0,0,331,0,3,0.7451,0.0,GREEN,40,Kolkata
CLM0048548,KOL_02196,Tollygunge,2025-04-09,19,0,0,0,0,0,1,1,0,0,0.0,0.136899,1,0.0,1,8,3,18,0.979,0.0068,GREEN,33,Kolkata
CLM0048549,KOL_04295,Tollygunge,2020-08-07,11,0,0,0,0,0,0,0,0,0,0.0,0.312927,0,0.0,0,180,3,3,0.9426,0.0669,GREEN,41,Kolkata
CLM0048550,KOL_00911,Dum Dum,2023-04-28,13,0,0,0,0,0,0,0,0,0,0.0,0.06377,0,0.0,0,328,3,6,0.6498,0.0,GREEN,47,Kolkata
CLM0048551,KOL_04984,Park Street,2024-06-19,15,0,0,0,0,0,0,0,0,0,0.0,1.0,0,0.0,0,13,4,0,0.6034,0.0237,GREEN,40,Kolkata
CLM0048552,KOL_06454,New Town,2023-09-04,18,0,0,0,0,0,0,0,0,0,0.0,0.0,0,0.0,0,384,0,0,0.98,0.1708,GREEN,25,Kolkata
CLM0048553,KOL_04115,Tollygunge,2023-10-18,10,0,0,0,0,0,0,0,0,0,0.0,0.0,0,0.0,0,393,1,2,0.143,0.0,GREEN,42,Kolkata
CLM0048554,KOL_01407,Dum Dum,2025-07-11,10,0,0,0,0,0,0,0,0,0,1.0,0.010759,1,0.0,0,256,3,0,0.5258,0.1603,GREEN,22,Kolkata
CLM0048555,KOL_06010,New Town,2023-10-17,14,0,0,0,0,0,0,0,1,0,0.0,0.368207,0,0.0,0,417,2,4,0.5117,0.1203,GREEN,30,Kolkata
CLM0048556,KOL_08700,Howrah,2025-01-08,12,0,0,0,0,0,0,0,0,0,0.0,0.032703,0,0.0,0,314,4,2,0.8942,0.1805,GREEN,47,Kolkata
CLM0048557,KOL_05450,Dum Dum,2024-02-17,10,0,0,0,0,0,0,0,0,0,0.0,0.0,0,1.0,0,417,1,2,0.0773,0.0,GREEN,42,Kolkata
CLM0048558,KOL_05320,Tollygunge,2023-02-11,9,0,0,0,0,0,0,0,0,0,0.0,0.014593,0,0.0,0,134,2,3,0.9134,0.0,GREEN,39,Kolkata
CLM0048559,KOL_01059,Dum Dum,2024-04-21,11,0,0,0,1,0,0,0,1,0,1.0,1.0,0,0.0,1,16,0,18,0.05,0.1421,GREEN,44,Kolkata
CLM0048560,KOL_02735,Garia,2025-12-22,15,0,0,0,0,0,0,1,0,0,0.0,0.053052,0,0.0,0,23,1,2,0.6868,0.1551,GREEN,29,Kolkata
CLM0048561,KOL_00065,Garia,2024-01-16,14,0,0,0,0,0,0,0,0,0,0.0,0.008347,0,0.0,0,234,2,2,0.5626,0.0302,GREEN,30,Kolkata
CLM0048562,KOL_09933,Park Street,2023-04-17,13,0,0,0,0,0,0,0,0,0,1.0,0.018744,0,0.0,0,316,2,1,0.6579,0.0824,GREEN,39,Kolkata
CLM0048563,KOL_04493,Salt Lake,2025-12-03,18,0,0,0,0,0,0,0,0,0,0.0,0.375908,0,0.0,0,379,4,1,0.7828,0.1052,GREEN,52,Kolkata
CLM0048564,KOL_00647,Esplanade,2023-05-22,11,0,0,0,0,0,0,0,0,0,0.0,0.211993,0,0.0,0,381,2,1,0.9626,0.0,GREEN,41,Kolkata
CLM0048565,KOL_03029,Garia,2024-04-13,14,0,0,0,1,1,1,1,1,0,1.0,0.658898,0,1.0,0,18,0,18,0.05,0.0072,GREEN,44,Kolkata
CLM0048566,KOL_07717,Tollygunge,2025-05-29,20,0,0,0,0,0,0,0,0,0,0.0,1.0,1,0.0,0,141,3,3,0.2138,0.0016,GREEN,19,Kolkata
CLM0048567,KOL_00465,New Town,2025-06-30,10,0,0,0,0,0,0,0,0,0,0.0,0.145312,0,0.0,0,166,4,1,0.5727,0.0971,GREEN,18,Kolkata
CLM0048568,KOL_06133,New Town,2025-05-27,16,0,0,0,0,0,0,1,0,0,0.0,0.979335,0,0.0,0,206,2,1,0.7129,0.1671,GREEN,18,Kolkata
CLM0048569,KOL_06515,Tollygunge,2022-06-12,21,0,0,0,0,0,0,0,0,0,0.0,0.075373,0,0.0,0,401,2,3,0.5876,0.0056,GREEN,46,Kolkata
CLM0048570,KOL_06901,Sealdah,2023-01-29,8,0,0,0,0,0,0,0,0,0,0.0,0.442328,0,0.0,0,232,3,1,0.8117,0.0,GREEN,26,Kolkata
CLM0048571,KOL_09503,Garia,2023-02-03,16,0,0,0,0,0,0,0,0,0,1.0,0.331481,0,1.0,0,216,2,3,0.6648,0.0248,GREEN,38,Kolkata
CLM0048572,KOL_02146,Behala,2023-07-17,21,0,0,0,1,1,0,0,1,1,1.0,0.414516,0,1.0,1,9,3,18,0.05,0.1203,GREEN,40,Kolkata
CLM0048573,KOL_00190,Dum Dum,2023-12-31,9,0,0,0,0,1,0,0,0,0,0.0,0.0,0,0.0,0,262,3,4,0.7375,0.1118,GREEN,50,Kolkata
CLM0048574,KOL_04497,Howrah,2022-02-08,11,0,0,0,0,0,0,1,0,0,0.0,0.237745,0,0.0,0,420,0,1,0.5034,0.0,GREEN,55,Kolkata
CLM0048575,KOL_02173,Salt Lake,2025-09-21,14,0,0,0,0,0,0,1,0,0,0.0,0.046593,0,0.0,0,204,3,0,0.98,0.0,GREEN,18,Kolkata
CLM0048576,KOL_08890,Park Street,2025-06-02,9,0,0,0,0,0,0,0,0,0,1.0,1.0,0,0.0,0,229,1,6,0.8181,0.0657,GREEN,19,Kolkata
CLM0048577,KOL_03347,Esplanade,2025-04-24,17,0,0,0,0,0,0,0,0,0,1.0,1.0,0,1.0,0,420,4,5,0.98,0.0096,GREEN,50,Kolkata
CLM0048578,KOL_09199,Salt Lake,2025-10-22,11,0,0,0,0,1,0,1,0,0,0.0,0.366431,0,0.0,0,213,0,0,0.6766,0.1569,GREEN,33,Kolkata
CLM0048579,KOL_01380,Tollygunge,2024-07-08,17,0,0,0,0,0,1,0,0,0,0.0,0.129104,0,0.0,0,187,1,6,0.1878,0.007,GREEN,45,Kolkata
CLM0048580,KOL_06977,Behala,2024-06-30,15,0,0,0,0,0,0,0,0,0,0.0,0.19729,0,0.0,0,410,4,5,0.6908,0.0228,GREEN,24,Kolkata
CLM0048581,KOL_09749,Park Street,2025-07-19,14,0,0,0,0,0,0,0,0,0,0.0,0.173899,0,0.0,0,151,3,1,0.7412,0.0307,GREEN,36,Kolkata
CLM0048582,KOL_02939,Howrah,2025-01-27,18,0,0,0,0,0,1,0,0,0,0.0,0.149151,0,0.0,0,401,2,5,0.7466,0.0,GREEN,38,Kolkata
CLM0048583,KOL_05423,Sealdah,2024-05-23,8,0,0,0,0,0,0,0,0,1,0.0,0.228833,0,0.0,0,42,3,4,0.8177,0.1048,GREEN,33,Kolkata
CLM0048584,KOL_02118,Park Street,2024-04-02,21,0,0,0,0,0,0,0,0,0,0.0,0.299864,0,0.0,0,189,4,2,0.98,0.0,GREEN,20,Kolkata
CLM0048585,KOL_02872,Sealdah,2025-03-28,14,0,0,0,0,0,0,0,0,0,0.0,0.108355,0,0.0,0,420,0,2,0.98,0.0,GREEN,44,Kolkata
CLM0048586,KOL_02728,New Town,2022-03-24,15,0,0,0,0,0,0,0,1,0,0.0,0.0,0,0.0,0,313,2,1,0.8244,0.0996,GREEN,41,Kolkata
CLM0048587,KOL_05879,Garia,2023-02-04,18,0,0,0,0,0,0,0,0,0,0.0,0.30748,0,0.0,0,161,0,0,0.8126,0.0021,GREEN,25,Kolkata
CLM0048588,KOL_01234,Behala,2021-04-26,19,0,0,0,0,0,0,0,0,0,0.0,0.140709,0,0.0,0,321,1,1,0.6282,0.2558,GREEN,31,Kolkata
CLM0048589,KOL_00997,Sealdah,2018-08-03,13,0,0,0,0,0,0,0,0,0,0.0,0.24915,0,0.0,0,262,0,3,0.8299,0.0,GREEN,30,Kolkata
CLM0048590,KOL_03630,New Town,2025-08-17,11,0,0,0,1,0,0,0,0,0,1.0,0.229043,0,0.0,1,259,1,1,0.5917,0.1709,GREEN,27,Kolkata
CLM0048591,KOL_05064,Esplanade,2020-03-18,18,0,0,0,0,0,0,0,0,0,0.0,0.18218,0,0.0,0,420,2,2,0.3624,0.0888,GREEN,40,Kolkata
CLM0048592,KOL_05412,Park Street,2024-12-20,19,0,0,0,0,0,0,0,0,0,0.0,0.229945,0,0.0,0,266,4,3,0.6313,0.044,GREEN,32,Kolkata
CLM0048593,KOL_03296,Esplanade,2025-11-01,16,0,0,0,0,0,0,0,0,0,0.0,0.060661,0,0.0,0,264,1,0,0.8962,0.0,GREEN,31,Kolkata
CLM0048594,KOL_04119,New Town,2023-03-05,15,0,0,0,0,0,0,0,0,0,0.0,1.0,0,0.0,0,40,0,0,0.4659,0.0,GREEN,39,Kolkata
CLM0048595,KOL_08723,Garia,2022-05-08,19,0,0,0,0,0,0,1,0,1,1.0,0.170586,0,0.0,0,75,3,5,0.835,0.0751,GREEN,45,Kolkata
CLM0048596,KOL_05815,Howrah,2024-04-21,18,0,0,0,0,0,0,0,0,0,1.0,0.034883,0,0.0,0,420,3,1,0.6427,0.0,GREEN,31,Kolkata
CLM0048597,KOL_02260,Park Street,2023-03-14,9,0,0,0,0,0,0,0,0,0,0.0,1.0,0,0.0,0,390,2,1,0.8831,0.0862,GREEN,26,Kolkata
CLM0048598,KOL_01780,Behala,2023-12-03,11,0,0,0,0,0,0,0,0,0,0.0,0.174425,0,0.0,0,39,4,0,0.2235,0.0,GREEN,41,Kolkata
CLM0048599,KOL_06444,Garia,2025-05-29,17,0,0,0,0,0,0,0,0,0,0.0,0.037923,0,0.0,0,420,0,6,0.8698,0.0,GREEN,37,Kolkata
CLM0048600,KOL_00017,Howrah,2020-09-26,20,0,0,0,0,0,0,0,0,0,0.0,0.37512,0,0.0,0,124,1,2,0.9789,0.1065,GREEN,44,Kolkata
CLM0048601,KOL_07352,Dum Dum,2024-04-06,10,0,0,0,0,0,0,0,0,0,0.0,0.315283,0,0.0,0,154,3,5,0.05,0.0,GREEN,40,Kolkata
CLM0048602,KOL_05196,Behala,2023-08-26,9,0,0,0,0,0,0,0,0,0,0.0,0.06935,0,1.0,0,87,2,2,0.6881,0.0,GREEN,37,Kolkata
CLM0048603,KOL_07887,Park Street,2023-05-15,16,0,0,0,0,0,0,0,0,0,0.0,0.26112,0,0.0,1,402,0,7,0.8963,0.2202,GREEN,30,Kolkata
CLM0048604,KOL_07518,Park Street,2023-11-19,9,0,0,0,0,0,0,0,0,1,0.0,0.075683,0,0.0,0,325,4,6,0.98,0.1616,GREEN,38,Kolkata
CLM0048605,KOL_00122,New Town,2025-02-21,8,0,0,0,1,1,0,1,1,0,1.0,0.987165,0,0.0,0,8,4,18,0.7982,0.0699,GREEN,51,Kolkata
CLM0048606,KOL_04112,Garia,2025-04-04,12,0,0,0,0,1,0,0,0,0,0.0,0.162702,0,0.0,0,325,1,0,0.6622,0.0998,GREEN,31,Kolkata
CLM0048607,KOL_09048,Salt Lake,2025-02-17,9,0,0,0,0,0,1,0,0,0,0.0,0.31515,0,0.0,0,189,2,5,0.05,0.1348,GREEN,30,Kolkata
CLM0048608,KOL_05390,Esplanade,2021-06-28,14,0,0,0,0,0,0,0,0,0,0.0,0.22751,0,0.0,0,406,2,2,0.0831,0.0119,GREEN,37,Kolkata
CLM0048609,KOL_09075,Tollygunge,2025-02-08,15,0,0,0,0,0,0,0,1,0,0.0,0.081154,0,0.0,0,373,2,2,0.9056,0.2,GREEN,41,Kolkata
CLM0048610,KOL_02573,Sealdah,2021-03-23,19,0,0,0,0,0,0,0,0,1,0.0,0.347389,0,0.0,0,73,4,2,0.6214,0.15,GREEN,39,Kolkata
CLM0048611,KOL_06637,Salt Lake,2024-01-14,7,0,0,0,0,0,0,0,0,0,0.0,0.116419,0,0.0,0,191,1,5,0.228,0.0104,GREEN,44,Kolkata
CLM0048612,KOL_07450,Park Street,2025-08-01,16,0,0,0,0,0,0,0,1,0,0.0,0.0,0,0.0,0,255,2,3,0.2705,0.1214,GREEN,48,Kolkata
CLM0048613,KOL_04729,Garia,2022-08-23,19,0,0,0,0,0,0,0,0,0,1.0,0.119635,0,1.0,0,380,2,0,0.9365,0.1264,GREEN,42,Kolkata
CLM0048614,KOL_05285,Esplanade,2025-05-25,12,0,0,0,0,0,0,0,0,0,0.0,0.225282,0,0.0,0,375,0,1,0.98,0.0966,GREEN,43,Kolkata
CLM0048615,KOL_04362,Park Street,2023-11-14,9,0,0,0,0,0,0,1,0,0,1.0,0.0,0,0.0,0,180,0,0,0.5841,0.1,GREEN,18,Kolkata
CLM0048616,KOL_06044,Salt Lake,2025-05-02,13,0,0,0,0,0,0,0,0,0,0.0,0.152563,0,0.0,0,282,4,5,0.6929,0.0152,GREEN,35,Kolkata
CLM0048617,KOL_01295,Park Street,2024-09-22,12,0,0,0,0,0,0,0,0,0,0.0,0.172649,0,0.0,0,420,3,6,0.6145,0.0,GREEN,63,Kolkata
CLM0048618,KOL_07003,Howrah,2024-04-15,12,0,0,0,0,0,0,0,0,0,0.0,0.213401,0,0.0,0,415,0,1,0.7033,0.0381,GREEN,22,Kolkata
CLM0048619,KOL_09385,Park Street,2023-04-26,14,0,0,0,0,0,0,0,0,0,1.0,0.990225,0,0.0,0,179,0,4,0.8345,0.0681,GREEN,41,Kolkata
CLM0048620,KOL_06236,New Town,2025-07-31,18,0,0,0,0,0,1,0,0,0,0.0,0.216864,0,0.0,0,121,3,2,0.9182,0.0323,GREEN,48,Kolkata
CLM0048621,KOL_01110,Howrah,2024-08-18,16,0,0,0,0,0,1,0,0,0,1.0,0.973789,0,0.0,0,113,4,1,0.05,0.1941,GREEN,42,Kolkata
CLM0048622,KOL_00263,Esplanade,2023-05-10,11,0,0,0,0,1,0,1,0,0,0.0,0.241579,0,0.0,0,77,3,0,0.956,0.1418,GREEN,42,Kolkata
CLM0048623,KOL_08994,Salt Lake,2022-09-21,12,0,0,0,0,0,0,0,0,0,0.0,0.0,0,0.0,0,394,0,0,0.6184,0.0425,GREEN,32,Kolkata
CLM0048624,KOL_00311,Park Street,2022-10-06,15,0,0,0,0,0,0,0,0,1,1.0,0.326797,0,0.0,0,294,2,5,0.8284,0.1381,GREEN,29,Kolkata
CLM0048625,KOL_07990,Howrah,2019-02-12,9,0,0,0,0,0,0,0,0,0,1.0,0.313779,0,0.0,0,140,0,4,0.6305,0.0,GREEN,40,Kolkata
CLM0048626,KOL_08946,Garia,2020-06-15,20,0,0,0,1,0,0,0,0,0,0.0,0.351955,0,0.0,0,94,4,4,0.7009,0.1362,GREEN,49,Kolkata
CLM0048627,KOL_07734,New Town,2025-10-25,21,0,0,0,0,0,0,1,0,1,1.0,0.392167,0,1.0,0,303,3,4,0.2432,0.1553,GREEN,38,Kolkata
CLM0048628,KOL_02052,Howrah,2023-03-17,14,0,0,0,0,0,0,0,0,0,0.0,0.113891,0,0.0,0,248,4,1,0.98,0.0004,GREEN,57,Kolkata
CLM0048629,KOL_09913,Park Street,2025-05-09,11,0,0,0,0,0,0,0,0,0,0.0,0.268982,0,0.0,0,67,1,6,0.8084,0.0119,GREEN,20,Kolkata
CLM0048630,KOL_01110,Howrah,2021-05-11,15,0,0,0,0,0,0,0,0,0,0.0,0.133819,0,0.0,0,420,0,3,0.8108,0.0,GREEN,42,Kolkata
CLM0048631,KOL_03527,Dum Dum,2021-12-01,17,0,0,0,0,0,0,0,1,0,0.0,0.982693,0,0.0,0,42,2,0,0.6171,0.1152,GREEN,35,Kolkata
CLM0048632,KOL_06020,Salt Lake,2025-09-03,11,0,0,0,0,0,0,0,1,0,0.0,0.182924,0,0.0,1,180,0,0,0.6278,0.1436,GREEN,29,Kolkata
CLM0048633,KOL_08076,Tollygunge,2017-11-10,7,0,0,0,0,0,0,0,0,0,0.0,0.082548,0,0.0,0,193,0,3,0.2372,0.0,GREEN,50,Kolkata
CLM0048634,KOL_06579,Dum Dum,2020-01-31,16,0,0,0,0,0,0,0,0,0,1.0,1.0,0,1.0,0,136,3,0,0.7909,0.0,GREEN,42,Kolkata
CLM0048635,KOL_09530,Esplanade,2017-09-06,10,0,0,0,0,0,0,1,0,0,0.0,0.174531,0,0.0,0,362,1,0,0.5252,0.0185,GREEN,23,Kolkata
CLM0048636,KOL_08814,Tollygunge,2020-05-14,8,0,0,0,0,0,0,1,0,0,0.0,0.291507,0,0.0,0,63,4,5,0.2349,0.0924,GREEN,26,Kolkata
CLM0048637,KOL_03207,Esplanade,2016-08-08,11,0,0,0,0,0,0,0,0,0,0.0,0.344815,0,0.0,0,323,4,0,0.5713,0.0,GREEN,26,Kolkata
CLM0048638,KOL_08237,Tollygunge,2024-05-14,7,0,0,0,0,0,0,0,0,0,0.0,0.442031,0,0.0,0,335,3,6,0.8415,0.0,GREEN,27,Kolkata
CLM0048639,KOL_06541,Dum Dum,2024-10-09,16,0,0,0,1,0,0,0,0,0,0.0,0.311881,0,0.0,0,222,1,1,0.5567,0.1015,GREEN,49,Kolkata
CLM0048640,KOL_09430,Howrah,2018-02-08,17,0,0,0,0,0,0,0,0,0,1.0,0.176896,0,0.0,0,70,1,1,0.9789,0.1561,GREEN,38,Kolkata
CLM0048641,KOL_02100,Tollygunge,2020-06-08,21,0,0,0,0,0,0,0,0,0,0.0,0.344631,0,0.0,1,104,1,3,0.98,0.0,GREEN,25,Kolkata
CLM0048642,KOL_05779,Sealdah,2017-07-19,12,0,0,0,0,0,0,0,0,0,0.0,0.020522,0,0.0,0,188,0,0,0.5615,0.0,GREEN,45,Kolkata
CLM0048643,KOL_08925,Garia,2022-09-27,12,0,0,0,0,0,0,0,0,1,0.0,0.0,0,0.0,0,393,0,0,0.9514,0.066,GREEN,18,Kolkata
CLM0048644,KOL_07140,Tollygunge,2023-01-10,9,0,0,0,0,0,1,0,0,0,0.0,0.94349,0,0.0,0,307,2,0,0.8641,0.0414,GREEN,41,Kolkata
CLM0048645,KOL_06081,Sealdah,2022-05-17,21,0,0,0,0,0,1,0,0,0,0.0,0.328101,0,0.0,0,420,1,4,0.9005,0.0981,GREEN,35,Kolkata
CLM0048646,KOL_09654,Sealdah,2017-11-06,15,0,0,0,0,0,0,0,0,0,0.0,0.424495,0,0.0,0,42,0,0,0.9171,0.0392,GREEN,41,Kolkata
CLM0048647,KOL_06670,Esplanade,2021-07-02,8,0,0,0,0,0,0,0,0,0,0.0,0.0402,0,0.0,0,295,1,1,0.98,0.0448,GREEN,33,Kolkata
CLM0048648,KOL_06539,Howrah,2022-03-21,19,0,0,0,0,0,0,0,0,0,0.0,0.075461,0,0.0,0,420,0,2,0.5672,0.0,GREEN,36,Kolkata
CLM0048649,KOL_03964,Behala,2023-10-27,8,0,0,0,0,0,0,0,0,0,0.0,0.343152,0,0.0,0,90,1,2,0.617,0.0672,GREEN,45,Kolkata
CLM0048650,KOL_09993,Howrah,2016-05-31,10,0,0,0,0,0,0,0,0,0,0.0,0.07218,1,0.0,0,187,4,0,0.5562,0.0304,GREEN,52,Kolkata
CLM0048651,KOL_04736,Salt Lake,2019-06-23,11,0,0,0,0,0,0,0,0,0,0.0,0.970509,0,0.0,1,247,3,0,0.6225,0.0282,GREEN,42,Kolkata
CLM0048652,KOL_07906,Behala,2021-01-20,13,0,0,0,0,0,1,0,0,0,0.0,0.975591,0,0.0,0,318,1,5,0.7626,0.0694,GREEN,28,Kolkata
CLM0048653,KOL_04241,Sealdah,2023-03-19,11,0,0,0,0,0,0,0,0,0,0.0,0.346135,0,0.0,0,382,2,4,0.6922,0.0,GREEN,28,Kolkata
CLM0048654,KOL_07214,Tollygunge,2019-06-29,7,0,1,1,0,0,0,0,0,0,0.0,0.281645,0,0.0,0,217,0,1,0.7418,0.0241,GREEN,29,Kolkata
CLM0048655,KOL_04956,New Town,2024-02-28,15,0,0,0,0,0,0,0,0,0,0.0,0.234703,0,0.0,0,96,3,0,0.6923,0.0122,GREEN,39,Kolkata
CLM0048656,KOL_01901,Garia,2019-02-12,14,0,0,0,0,0,0,0,0,0,0.0,0.156666,0,0.0,0,420,3,0,0.5912,0.0,GREEN,65,Kolkata
CLM0048657,KOL_09891,Tollygunge,2023-08-19,13,0,0,0,0,0,0,0,0,0,0.0,0.0,0,0.0,1,202,2,0,0.5707,0.1225,GREEN,36,Kolkata
CLM0048658,KOL_04770,Behala,2020-01-10,17,0,0,0,0,0,0,0,0,0,0.0,0.354291,1,0.0,0,164,1,4,0.8113,0.1855,GREEN,38,Kolkata
CLM0048659,KOL_06583,Sealdah,2022-06-16,15,0,0,0,0,0,0,0,0,0,0.0,0.221735,1,0.0,0,97,3,0,0.98,0.0529,GREEN,34,Kolkata
CLM0048660,KOL_00520,Sealdah,2022-01-30,7,0,0,0,0,0,0,0,0,0,0.0,0.378163,0,0.0,0,420,1,5,0.1625,0.0,GREEN,38,Kolkata
CLM0048661,KOL_05732,Tollygunge,2024-06-10,13,0,0,0,0,0,0,0,0,0,0.0,0.22825,0,0.0,0,232,2,2,0.98,0.0,GREEN,54,Kolkata
CLM0048662,KOL_04356,Tollygunge,2020-08-29,15,0,0,0,0,0,0,0,1,0,0.0,0.165883,1,0.0,0,279,1,2,0.4958,0.0,GREEN,42,Kolkata
CLM0048663,KOL_00403,Howrah,2022-06-01,13,0,0,0,0,0,0,0,0,0,0.0,0.981984,0,0.0,0,65,2,1,0.7842,0.1824,GREEN,26,Kolkata
CLM0048664,KOL_03421,New Town,2024-12-19,11,0,0,0,0,0,0,0,0,0,0.0,0.382044,0,0.0,0,343,4,4,0.7412,0.1116,GREEN,46,Kolkata
CLM0048665,KOL_02630,Garia,2024-06-09,8,0,0,0,0,0,0,0,0,0,0.0,0.997386,0,0.0,0,352,2,0,0.7935,0.0401,GREEN,30,Kolkata
CLM0048666,KOL_07474,New Town,2021-05-28,15,0,1,1,0,1,0,0,0,0,0.0,0.109058,0,0.0,0,328,1,1,0.0544,0.0476,GREEN,29,Kolkata
CLM0048667,KOL_03818,Park Street,2018-11-03,18,0,0,0,0,0,0,0,0,0,0.0,0.184763,0,0.0,0,348,4,4,0.5935,0.001,GREEN,19,Kolkata
CLM0048668,KOL_05785,Sealdah,2020-02-10,18,0,0,0,0,0,0,0,0,0,0.0,0.419683,1,0.0,0,420,1,0,0.5768,0.0323,GREEN,36,Kolkata
CLM0048669,KOL_05375,Salt Lake,2018-11-06,20,0,0,0,0,0,0,0,1,0,0.0,0.406526,0,0.0,0,246,3,1,0.7284,0.0543,GREEN,46,Kolkata
CLM0048670,KOL_01201,Sealdah,2018-08-01,19,0,0,0,0,0,0,0,1,0,0.0,0.082455,0,0.0,0,136,4,0,0.5944,0.0718,GREEN,50,Kolkata
CLM0048671,KOL_05882,Esplanade,2019-06-22,9,0,0,0,0,0,0,0,0,0,0.0,0.240917,0,0.0,0,348,3,2,0.6439,0.0427,GREEN,31,Kolkata
CLM0048672,KOL_09490,Howrah,2024-08-26,8,0,0,0,0,0,0,0,0,0,0.0,0.123935,0,0.0,0,113,0,0,0.8199,0.0,GREEN,30,Kolkata
CLM0048673,KOL_07867,Salt Lake,2020-12-07,15,0,0,0,0,0,0,0,1,0,0.0,0.292311,0,0.0,0,301,2,0,0.6745,0.0857,GREEN,47,Kolkata
CLM0048674,KOL_05609,Sealdah,2020-09-16,10,0,0,0,0,0,0,0,0,0,0.0,0.363345,0,0.0,1,53,0,4,0.8838,0.1362,GREEN,43,Kolkata
CLM0048675,KOL_03217,New Town,2025-09-09,18,0,0,0,1,0,1,0,0,0,0.0,0.264587,0,0.0,0,190,4,5,0.0852,0.2672,GREEN,42,Kolkata
CLM0048676,KOL_03355,Behala,2025-02-26,9,0,0,0,1,0,0,0,0,0,0.0,0.261502,0,0.0,0,420,0,2,0.5941,0.1379,GREEN,38,Kolkata
CLM0048677,KOL_09058,Park Street,2025-10-10,9,0,0,0,0,0,0,0,0,0,0.0,0.212548,0,0.0,0,420,3,0,0.5768,0.1266,GREEN,41,Kolkata
CLM0048678,KOL_01778,Sealdah,2024-08-19,13,0,0,0,0,0,0,0,1,0,0.0,0.170333,0,0.0,0,311,0,3,0.7172,0.1447,GREEN,20,Kolkata
CLM0048679,KOL_05210,Dum Dum,2024-11-03,11,0,0,0,0,0,0,0,0,0,0.0,0.959219,0,0.0,0,161,2,3,0.5903,0.1265,GREEN,42,Kolkata
CLM0048680,KOL_05987,Park Street,2025-06-23,15,0,0,0,0,0,0,0,0,0,0.0,0.390412,0,0.0,0,65,0,1,0.98,0.0174,GREEN,43,Kolkata
CLM0048681,KOL_09148,Tollygunge,2024-11-10,12,0,0,0,0,0,0,0,0,0,0.0,0.855535,0,0.0,0,293,4,1,0.739,0.0883,GREEN,44,Kolkata
CLM0048682,KOL_06927,Dum Dum,2020-10-10,8,0,0,0,0,0,0,0,0,0,0.0,0.139351,0,0.0,0,41,0,2,0.1423,0.0,GREEN,18,Kolkata
CLM0048683,KOL_02015,Salt Lake,2023-03-01,10,0,0,0,0,0,0,0,0,0,0.0,0.0,0,0.0,0,420,2,0,0.6748,0.0,GREEN,31,Kolkata
CLM0048684,KOL_05950,Behala,2023-04-24,12,0,0,0,0,0,0,1,0,0,0.0,0.0,0,0.0,0,341,1,2,0.7259,0.1479,GREEN,34,Kolkata
CLM0048685,KOL_04318,Dum Dum,2020-01-31,7,0,0,0,0,0,0,0,1,0,0.0,0.345194,0,0.0,0,5,0,2,0.6313,0.0484,GREEN,18,Kolkata
CLM0048686,KOL_00490,Park Street,2023-08-25,16,0,0,0,0,0,0,0,0,0,0.0,0.061057,0,0.0,0,318,0,0,0.9737,0.0316,GREEN,35,Kolkata
CLM0048687,KOL_02855,Behala,2021-08-24,11,0,0,0,0,0,1,1,0,0,0.0,0.302614,0,0.0,0,139,3,2,0.126,0.1023,GREEN,38,Kolkata
CLM0048688,KOL_09948,Park Street,2024-06-05,9,0,0,0,0,0,0,0,0,0,1.0,1.0,0,1.0,0,139,1,3,0.9687,0.0,GREEN,50,Kolkata
CLM0048689,KOL_06012,New Town,2025-08-14,7,0,0,0,0,0,0,0,0,0,0.0,0.250835,0,0.0,0,175,0,2,0.98,0.0458,GREEN,41,Kolkata
CLM0048690,KOL_05095,Behala,2024-06-18,15,0,0,0,0,0,0,0,0,0,0.0,0.349758,0,0.0,0,420,0,2,0.6281,0.0,GREEN,41,Kolkata
CLM0048691,KOL_00648,Park Street,2024-02-19,21,0,0,0,0,0,0,0,0,0,0.0,0.264668,0,0.0,0,108,2,4,0.4593,0.0508,GREEN,42,Kolkata
CLM0048692,KOL_09169,Esplanade,2024-12-22,16,0,0,0,0,0,0,0,0,0,0.0,0.235319,0,0.0,0,420,4,1,0.951,0.0,GREEN,21,Kolkata
CLM0048693,KOL_01427,Garia,2024-04-12,21,0,0,0,0,0,0,0,1,0,0.0,0.140724,1,0.0,0,230,2,2,0.1656,0.1364,GREEN,40,Kolkata
CLM0048694,KOL_00948,Sealdah,2024-08-13,17,0,0,0,0,0,1,0,0,0,0.0,0.207541,0,0.0,0,200,3,5,0.3491,0.0816,GREEN,18,Kolkata
CLM0048695,KOL_05028,Howrah,2024-12-25,16,0,0,0,0,0,0,0,0,1,0.0,0.200049,0,0.0,0,319,4,0,0.9226,0.0255,GREEN,47,Kolkata
CLM0048696,KOL_02681,Howrah,2024-09-02,7,0,0,0,0,0,0,0,0,0,0.0,0.350107,0,0.0,0,420,0,0,0.2828,0.0,GREEN,44,Kolkata
CLM0048697,KOL_04951,Salt Lake,2022-06-25,20,0,0,0,0,0,1,0,0,0,0.0,0.289577,0,0.0,0,187,4,0,0.98,0.1194,GREEN,19,Kolkata
CLM0048698,KOL_01482,Esplanade,2025-03-02,8,0,0,0,0,0,0,0,0,0,0.0,1.0,0,0.0,0,420,1,0,0.228,0.0,GREEN,37,Kolkata
CLM0048699,KOL_06384,Sealdah,2022-09-12,20,0,0,0,0,0,1,0,0,0,1.0,0.26921,0,0.0,0,363,0,1,0.8072,0.0732,GREEN,26,Kolkata
CLM0048700,KOL_08752,Sealdah,2022-01-01,19,0,0,0,0,0,0,0,0,0,0.0,0.254602,0,0.0,0,301,1,3,0.05,0.0977,GREEN,66,Kolkata
CLM0048701,KOL_00988,Garia,2024-12-17,8,0,0,0,0,0,0,0,0,0,1.0,0.260964,0,0.0,0,117,4,0,0.5981,0.0185,GREEN,38,Kolkata
CLM0048702,KOL_07694,Garia,2024-12-21,21,0,0,0,0,1,0,1,1,1,0.0,0.965646,1,0.0,1,15,4,18,0.05,0.0,GREEN,29,Kolkata
CLM0048703,KOL_03810,Sealdah,2023-11-21,7,0,0,0,1,1,0,1,0,1,0.0,0.183611,0,0.0,1,5,0,18,0.3503,0.0,GREEN,46,Kolkata
CLM0048704,KOL_08496,New Town,2022-02-23,11,0,0,0,0,0,0,0,0,0,1.0,1.0,0,0.0,0,58,4,2,0.7445,0.0452,GREEN,38,Kolkata
CLM0048705,KOL_04845,New Town,2021-04-13,12,0,0,0,0,0,0,0,0,0,0.0,0.348588,0,0.0,0,200,0,4,0.8736,0.0272,GREEN,23,Kolkata
CLM0048706,KOL_02586,Howrah,2023-10-08,18,0,0,0,0,0,0,0,0,0,0.0,0.93597,0,0.0,0,170,1,2,0.6119,0.0,GREEN,62,Kolkata
CLM0048707,KOL_04709,Sealdah,2024-07-21,11,0,0,0,0,0,0,0,0,0,0.0,0.019346,0,0.0,0,59,2,2,0.8419,0.0,GREEN,34,Kolkata
CLM0048708,KOL_04059,Park Street,2020-08-13,7,0,0,0,0,0,0,0,0,0,0.0,0.403891,0,0.0,0,365,1,3,0.8071,0.0023,GREEN,18,Kolkata
CLM0048709,KOL_05634,New Town,2021-11-26,12,0,0,0,0,0,0,0,0,0,0.0,0.96561,0,0.0,1,232,4,6,0.4849,0.0092,GREEN,49,Kolkata
CLM0048710,KOL_05384,Howrah,2016-07-04,10,0,0,0,0,0,0,0,0,0,0.0,1.0,0,0.0,1,317,1,0,0.6741,0.0241,GREEN,21,Kolkata
CLM0048711,KOL_01465,Salt Lake,2017-06-21,13,0,0,0,0,0,0,0,0,0,0.0,0.461934,0,0.0,0,48,0,0,0.4963,0.0527,GREEN,49,Kolkata
CLM0048712,KOL_08247,Behala,2023-01-11,10,0,0,0,0,0,0,0,0,0,0.0,0.253583,0,0.0,0,420,3,5,0.7971,0.1055,GREEN,34,Kolkata
CLM0048713,KOL_04753,Tollygunge,2019-11-08,15,0,0,0,0,0,0,0,0,0,0.0,0.031352,0,1.0,0,275,4,0,0.5427,0.0543,GREEN,42,Kolkata
CLM0048714,KOL_07202,Tollygunge,2020-01-01,12,0,1,1,1,1,1,1,1,1,0.0,0.13137,1,0.0,0,5,1,18,0.8338,0.0,GREEN,31,Kolkata
CLM0048715,KOL_09053,Esplanade,2022-08-10,9,0,0,0,0,0,0,1,0,0,0.0,0.412035,0,0.0,0,192,2,0,0.7669,0.1056,GREEN,40,Kolkata
CLM0048716,KOL_03236,Tollygunge,2019-10-21,13,0,0,0,0,0,0,0,0,0,0.0,0.053251,0,0.0,0,109,1,0,0.7898,0.0,GREEN,38,Kolkata
CLM0048717,KOL_01219,Salt Lake,2025-08-22,16,0,0,0,0,0,0,0,0,0,0.0,0.277911,0,0.0,0,369,1,2,0.5954,0.0,GREEN,30,Kolkata
CLM0048718,KOL_03606,Esplanade,2023-04-10,19,0,0,0,1,0,1,1,1,0,0.0,0.044911,0,1.0,1,11,4,18,0.98,0.2754,GREEN,19,Kolkata
CLM0048719,KOL_03371,Esplanade,2023-06-29,17,0,0,0,0,0,0,1,0,0,0.0,0.136042,0,0.0,1,393,3,5,0.0924,0.1793,GREEN,50,Kolkata
CLM0048720,KOL_00052,Park Street,2019-12-22,7,0,0,0,0,0,0,0,0,0,0.0,0.216426,0,0.0,0,420,3,3,0.7607,0.0,GREEN,31,Kolkata
CLM0048721,KOL_02345,Esplanade,2025-02-12,9,0,0,0,0,0,0,0,1,0,1.0,0.243146,0,0.0,0,181,4,2,0.05,0.2746,GREEN,33,Kolkata
CLM0048722,KOL_04889,Park Street,2022-08-16,11,0,0,0,0,0,0,0,0,0,0.0,0.292504,0,0.0,0,260,0,2,0.8302,0.0711,GREEN,46,Kolkata
CLM0048723,KOL_08004,Dum Dum,2024-10-24,11,0,0,0,0,0,0,0,0,0,0.0,0.38859,0,0.0,0,375,4,0,0.6529,0.0,GREEN,46,Kolkata
CLM0048724,KOL_08010,Salt Lake,2022-01-15,17,0,0,0,0,0,0,0,0,0,0.0,0.368817,0,0.0,0,392,0,5,0.8363,0.0,GREEN,39,Kolkata
CLM0048725,KOL_04439,Dum Dum,2024-01-18,7,0,0,0,0,0,1,0,0,0,0.0,0.268901,0,0.0,0,122,1,4,0.7929,0.0219,GREEN,36,Kolkata
CLM0048726,KOL_00124,Behala,2024-09-05,15,0,0,0,0,1,0,1,0,0,0.0,0.042016,0,0.0,0,344,0,4,0.8642,0.3687,YELLOW,38,Kolkata
CLM0048727,KOL_06191,Park Street,2023-09-02,15,0,0,0,0,0,1,0,0,0,0.0,0.161552,0,0.0,0,146,4,0,0.7803,0.1345,GREEN,42,Kolkata
CLM0048728,KOL_02921,Park Street,2025-09-16,10,0,0,0,0,0,0,0,1,0,0.0,0.198857,0,0.0,1,279,4,3,0.9128,0.1478,GREEN,43,Kolkata
CLM0048729,KOL_06771,New Town,2023-11-15,20,0,0,0,0,0,0,0,0,0,0.0,0.094777,1,0.0,0,43,3,0,0.7279,0.0806,GREEN,41,Kolkata
CLM0048730,KOL_03632,Tollygunge,2023-02-02,8,0,0,0,0,0,0,0,0,0,1.0,0.361525,0,0.0,0,420,3,3,0.98,0.0662,GREEN,41,Kolkata
CLM0048731,KOL_00376,Esplanade,2024-08-11,20,0,0,0,0,0,0,0,0,0,0.0,0.207807,0,0.0,1,189,3,2,0.7731,0.0952,GREEN,39,Kolkata
CLM0048732,KOL_00341,Howrah,2023-03-20,19,0,0,0,0,0,0,0,0,0,0.0,0.094575,0,0.0,0,121,4,0,0.5431,0.0,GREEN,51,Kolkata
CLM0048733,KOL_07572,Park Street,2025-01-24,21,0,0,0,0,0,0,0,0,0,0.0,0.13887,0,0.0,0,5,0,0,0.8749,0.0,GREEN,36,Kolkata
CLM0048734,KOL_01846,Park Street,2023-07-16,16,0,0,0,0,0,0,0,0,0,0.0,0.160222,0,0.0,0,85,2,1,0.8585,0.0653,GREEN,35,Kolkata
CLM0048735,KOL_07748,Behala,2024-03-10,11,0,0,0,0,0,0,0,0,0,0.0,0.212153,0,0.0,0,379,0,5,0.7598,0.0616,GREEN,59,Kolkata
CLM0048736,KOL_00119,Tollygunge,2024-11-25,16,0,0,0,0,0,0,0,0,0,0.0,0.34114,0,0.0,0,107,4,0,0.8032,0.0726,GREEN,42,Kolkata
CLM0048737,KOL_08630,Esplanade,2020-01-05,16,0,0,0,1,0,0,0,0,0,0.0,0.112915,1,1.0,0,199,2,6,0.7184,0.3728,YELLOW,46,Kolkata
CLM0048738,KOL_09689,Park Street,2018-03-23,21,0,0,0,0,0,0,1,0,0,0.0,0.319873,1,0.0,0,30,0,0,0.5847,0.134,GREEN,34,Kolkata
CLM0048739,KOL_03819,Tollygunge,2025-06-18,19,0,0,0,0,0,0,0,0,0,0.0,1.0,0,0.0,0,345,1,5,0.98,0.0414,GREEN,23,Kolkata
CLM0048740,KOL_01380,Tollygunge,2025-07-29,13,0,0,0,0,0,0,0,0,0,0.0,0.206349,0,0.0,0,304,1,6,0.4551,0.0,GREEN,45,Kolkata
CLM0048741,KOL_04286,Dum Dum,2024-04-10,16,0,0,0,1,0,0,0,0,0,0.0,0.218059,0,0.0,0,354,2,1,0.7652,0.1911,GREEN,47,Kolkata
CLM0048742,KOL_08576,Garia,2024-07-22,15,0,0,0,0,0,0,0,0,0,0.0,0.0,0,0.0,0,392,4,2,0.98,0.0,GREEN,44,Kolkata
CLM0048743,KOL_05887,Howrah,2023-08-27,12,0,0,0,0,0,0,0,0,0,0.0,0.115961,0,0.0,0,354,3,3,0.6676,0.042,GREEN,18,Kolkata
CLM0048744,KOL_03639,Tollygunge,2023-06-13,15,0,0,0,0,0,1,0,0,0,0.0,0.195118,0,0.0,0,114,4,3,0.5488,0.067,GREEN,33,Kolkata
CLM0048745,KOL_08301,Park Street,2025-06-12,15,0,0,0,0,0,0,0,0,1,0.0,0.12772,0,0.0,0,290,4,3,0.5674,0.2092,GREEN,20,Kolkata
CLM0048746,KOL_01322,Esplanade,2025-08-03,11,0,0,0,0,0,0,0,0,0,0.0,0.334506,0,0.0,0,420,0,5,0.6599,0.0,GREEN,30,Kolkata
CLM0048747,KOL_06946,Behala,2023-04-15,8,0,0,0,0,0,1,1,0,0,0.0,0.152759,0,0.0,0,330,2,0,0.5778,0.177,GREEN,40,Kolkata
CLM0048748,KOL_01715,Sealdah,2018-01-17,14,0,0,0,1,0,0,0,0,0,0.0,0.0,0,0.0,0,167,3,3,0.8047,0.1182,GREEN,46,Kolkata
CLM0048749,KOL_01828,New Town,2020-11-20,18,0,0,0,0,0,0,0,0,0,0.0,0.117445,0,0.0,0,373,3,0,0.2079,0.0105,GREEN,48,Kolkata
CLM0048750,KOL_06007,Park Street,2023-08-26,16,0,0,0,0,0,0,0,0,0,0.0,0.267406,0,0.0,0,420,0,3,0.9412,0.0098,GREEN,36,Kolkata
CLM0048751,KOL_09055,Park Street,2019-05-05,14,0,0,0,0,0,0,0,0,0,0.0,0.047585,0,0.0,0,368,3,2,0.6827,0.021,GREEN,32,Kolkata
CLM0048752,KOL_07949,Esplanade,2021-03-06,13,0,0,0,0,0,0,0,0,0,0.0,0.236607,0,0.0,0,315,0,3,0.5318,0.0,GREEN,36,Kolkata
CLM0048753,KOL_07070,New Town,2024-10-22,14,0,0,0,0,0,0,0,0,0,0.0,0.062127,0,1.0,0,340,3,6,0.98,0.0,GREEN,48,Kolkata
CLM0048754,KOL_05705,Salt Lake,2025-10-18,16,0,0,0,0,0,0,0,0,0,0.0,0.471208,0,0.0,0,420,1,1,0.9037,0.1301,GREEN,18,Kolkata
CLM0048755,KOL_08208,Sealdah,2019-04-08,17,0,0,0,0,0,0,0,0,0,0.0,0.188321,0,0.0,0,44,0,1,0.6555,0.0542,GREEN,30,Kolkata
CLM0048756,KOL_04680,Dum Dum,2022-09-26,16,0,0,0,0,0,1,0,0,0,0.0,0.15777,0,0.0,0,420,3,0,0.709,0.1266,GREEN,42,Kolkata
CLM0048757,KOL_00245,Behala,2025-03-14,18,0,0,0,0,0,0,0,0,0,0.0,0.846709,0,0.0,0,194,1,1,0.5657,0.0231,GREEN,18,Kolkata
CLM0048758,KOL_00669,Dum Dum,2022-12-20,14,0,0,0,0,0,1,0,0,0,1.0,0.185673,0,0.0,0,33,4,3,0.7646,0.1313,GREEN,31,Kolkata
CLM0048759,KOL_02858,Park Street,2023-09-09,19,0,0,0,1,0,0,0,1,0,1.0,0.410669,0,0.0,0,393,4,1,0.7975,0.375,YELLOW,34,Kolkata
CLM0048760,KOL_03650,Tollygunge,2017-08-13,7,0,0,0,0,0,0,0,0,0,1.0,1.0,0,0.0,0,420,1,0,0.2569,0.0,GREEN,37,Kolkata
CLM0048761,KOL_05453,Tollygunge,2023-11-08,18,0,0,0,0,0,0,0,1,0,1.0,0.118503,0,0.0,0,420,4,3,0.1639,0.1831,GREEN,28,Kolkata
CLM0048762,KOL_08091,Dum Dum,2017-01-28,8,0,0,0,0,0,0,0,0,0,0.0,0.113458,0,0.0,0,142,3,0,0.7192,0.0658,GREEN,51,Kolkata
CLM0048763,KOL_08781,Garia,2019-11-07,12,0,0,0,0,0,0,0,0,0,0.0,0.158483,0,0.0,0,420,2,1,0.6365,0.0,GREEN,44,Kolkata
CLM0048764,KOL_05371,Tollygunge,2024-03-16,9,0,0,0,0,0,0,0,0,0,0.0,0.356147,0,0.0,0,47,4,0,0.8776,0.0,GREEN,38,Kolkata
CLM0048765,KOL_01009,Sealdah,2024-04-09,11,0,0,0,1,0,0,0,0,0,1.0,0.113794,0,0.0,0,411,3,4,0.5926,0.2302,GREEN,49,Kolkata
CLM0048766,KOL_00030,Esplanade,2024-02-20,17,0,0,0,0,0,0,0,0,0,0.0,0.417138,0,0.0,0,420,3,0,0.8337,0.0,GREEN,24,Kolkata
CLM0048767,KOL_03784,Howrah,2024-07-19,12,0,0,0,0,0,0,0,1,0,0.0,1.0,0,0.0,1,385,0,0,0.1156,0.1809,GREEN,34,Kolkata
CLM0048768,KOL_05914,Park Street,2024-06-28,19,0,0,0,0,0,0,0,0,0,0.0,0.044589,0,0.0,0,374,4,3,0.8768,0.0453,GREEN,35,Kolkata
CLM0048769,KOL_08868,Tollygunge,2025-08-23,16,0,0,0,0,0,0,0,0,1,0.0,0.030566,1,0.0,0,30,1,0,0.9266,0.1422,GREEN,39,Kolkata
CLM0048770,KOL_08811,Park Street,2023-08-14,8,0,0,0,0,0,0,0,0,0,0.0,0.117248,0,0.0,0,69,1,0,0.5999,0.0,GREEN,43,Kolkata
CLM0048771,KOL_01699,Park Street,2023-01-13,8,0,0,0,1,0,0,0,0,0,0.0,0.005737,1,0.0,0,284,2,0,0.7674,0.1572,GREEN,36,Kolkata
CLM0048772,KOL_04872,Garia,2025-06-03,17,0,0,0,0,0,0,0,0,0,0.0,1.0,0,0.0,1,420,4,0,0.8673,0.0416,GREEN,44,Kolkata
CLM0048773,KOL_00686,Salt Lake,2025-03-25,21,0,0,0,0,0,0,0,0,0,0.0,0.214496,0,0.0,0,68,0,1,0.7585,0.0,GREEN,48,Kolkata
CLM0048774,KOL_08312,Salt Lake,2022-08-17,18,0,0,0,0,0,0,0,0,0,0.0,0.255902,0,0.0,1,181,1,0,0.7071,0.0267,GREEN,36,Kolkata
CLM0048775,KOL_03748,Esplanade,2023-02-03,11,0,0,0,0,0,0,0,0,0,0.0,0.327718,0,0.0,0,420,3,0,0.7998,0.0,GREEN,41,Kolkata
CLM0048776,KOL_00096,Tollygunge,2023-08-14,8,0,0,0,0,0,0,1,0,0,1.0,0.898846,0,1.0,0,143,1,0,0.828,0.0494,GREEN,36,Kolkata
CLM0048777,KOL_00803,Behala,2025-10-26,14,0,0,0,0,0,0,1,0,0,0.0,0.38823,0,1.0,0,171,2,0,0.6238,0.0514,GREEN,49,Kolkata
CLM0048778,KOL_08117,Salt Lake,2025-11-20,7,0,0,0,0,0,0,0,0,1,0.0,1.0,0,0.0,0,324,2,2,0.7918,0.1102,GREEN,40,Kolkata
CLM0048779,KOL_07067,New Town,2023-12-12,11,0,0,0,0,0,0,0,0,0,0.0,0.16538,0,0.0,0,239,2,1,0.3456,0.0189,GREEN,47,Kolkata
CLM0048780,KOL_09092,Dum Dum,2022-07-15,20,0,0,0,1,0,0,0,0,0,0.0,0.24082,0,0.0,0,132,2,2,0.8044,0.1096,GREEN,39,Kolkata
CLM0048781,KOL_09646,New Town,2024-04-20,7,0,0,0,1,0,0,0,0,0,0.0,0.05904,0,0.0,0,76,2,0,0.8052,0.1983,GREEN,32,Kolkata
CLM0048782,KOL_06103,Tollygunge,2024-04-29,17,0,0,0,0,0,0,0,0,0,1.0,0.447876,0,0.0,1,355,4,3,0.4501,0.1521,GREEN,25,Kolkata
CLM0048783,KOL_03970,Sealdah,2025-01-14,20,0,0,0,0,0,0,1,0,0,0.0,0.118949,0,0.0,0,420,2,0,0.8237,0.0621,GREEN,25,Kolkata
CLM0048784,KOL_06779,Tollygunge,2024-12-23,13,0,0,0,0,0,0,0,0,0,0.0,0.367086,0,0.0,0,179,3,3,0.98,0.0045,GREEN,24,Kolkata
CLM0048785,KOL_07504,Park Street,2022-12-15,13,0,0,0,0,0,0,0,0,0,0.0,1.0,0,0.0,0,420,0,1,0.8793,0.0,GREEN,35,Kolkata
CLM0048786,KOL_08224,Howrah,2022-06-23,13,0,0,0,0,0,0,0,0,0,0.0,0.033741,0,0.0,0,362,4,4,0.294,0.0317,GREEN,22,Kolkata
CLM0048787,KOL_04135,Dum Dum,2025-04-17,7,0,0,0,0,0,0,1,0,0,0.0,0.366411,0,0.0,0,65,3,2,0.5787,0.1027,GREEN,35,Kolkata
CLM0048788,KOL_07177,Behala,2022-01-16,13,0,0,0,0,0,0,0,0,0,0.0,0.185881,0,0.0,0,173,4,2,0.5277,0.0431,GREEN,36,Kolkata
CLM0048789,KOL_00517,Garia,2024-05-01,14,0,0,0,0,0,1,0,0,0,0.0,0.042475,0,0.0,1,391,4,4,0.4128,0.1463,GREEN,34,Kolkata
CLM0048790,KOL_07871,Garia,2023-01-29,16,0,0,0,0,0,0,0,0,0,0.0,0.314378,0,0.0,0,80,2,1,0.9575,0.0,GREEN,40,Kolkata
CLM0048791,KOL_03046,Dum Dum,2020-09-15,10,0,0,0,0,0,0,0,0,0,1.0,0.134933,0,0.0,0,33,3,0,0.8819,0.0322,GREEN,42,Kolkata
CLM0048792,KOL_02804,Park Street,2022-03-25,15,0,0,0,0,0,0,0,0,1,0.0,0.339908,0,0.0,0,188,1,4,0.7908,0.1427,GREEN,24,Kolkata
CLM0048793,KOL_05670,Garia,2023-09-18,14,0,0,0,0,0,0,0,0,0,0.0,0.433641,0,0.0,0,34,1,6,0.98,0.0681,GREEN,39,Kolkata
CLM0048794,KOL_00641,New Town,2023-11-25,7,0,0,0,0,0,0,0,0,0,0.0,0.063242,0,0.0,0,339,3,3,0.1324,0.1046,GREEN,57,Kolkata
CLM0048795,KOL_01660,New Town,2025-11-20,21,0,0,0,0,0,0,0,0,0,0.0,0.144929,0,0.0,0,322,2,2,0.98,0.0,GREEN,46,Kolkata
CLM0048796,KOL_09673,Sealdah,2021-01-20,16,0,0,0,0,1,0,0,0,0,0.0,0.05507,0,0.0,0,126,4,4,0.98,0.1349,GREEN,47,Kolkata
CLM0048797,KOL_06974,Esplanade,2024-11-21,12,0,0,0,0,0,0,0,0,0,0.0,0.030048,1,0.0,0,302,2,2,0.0827,0.0435,GREEN,54,Kolkata
CLM0048798,KOL_09846,Dum Dum,2023-11-27,17,0,0,0,0,0,0,0,0,0,0.0,0.268205,0,0.0,0,226,0,0,0.1359,0.0,GREEN,19,Kolkata
CLM0048799,KOL_06473,Esplanade,2023-08-22,17,0,0,0,0,0,0,0,0,0,0.0,0.014071,0,0.0,0,261,2,3,0.8234,0.0428,GREEN,30,Kolkata
CLM0048800,KOL_00286,New Town,2025-04-12,9,0,0,0,0,0,0,0,0,0,0.0,0.439816,0,0.0,0,239,0,0,0.7902,0.0,GREEN,42,Kolkata
CLM0048801,KOL_08152,Esplanade,2024-10-22,14,0,0,0,0,0,0,0,0,0,1.0,0.17443,0,1.0,0,110,0,4,0.7851,0.0542,GREEN,34,Kolkata
CLM0048802,KOL_09578,Salt Lake,2025-04-14,13,0,0,0,0,0,0,0,0,0,0.0,0.356871,0,0.0,0,228,4,4,0.537,0.0363,GREEN,37,Kolkata
CLM0048803,KOL_01336,Park Street,2024-02-19,20,0,0,0,0,0,0,0,0,0,0.0,0.183464,0,0.0,0,403,0,5,0.8231,0.0875,GREEN,39,Kolkata
CLM0048804,KOL_08034,Sealdah,2023-09-06,16,0,0,0,0,0,0,0,0,0,0.0,0.018004,0,0.0,0,420,3,3,0.1568,0.0,GREEN,53,Kolkata
CLM0048805,KOL_00585,Salt Lake,2025-01-03,9,0,0,0,0,0,0,0,1,0,1.0,1.0,0,1.0,0,168,3,1,0.6981,0.0552,GREEN,30,Kolkata
CLM0048806,KOL_05989,Garia,2023-07-07,19,0,0,0,0,0,0,0,0,0,0.0,0.138978,0,0.0,0,380,2,3,0.7784,0.0921,GREEN,61,Kolkata
CLM0048807,KOL_02250,Sealdah,2024-04-14,10,0,0,0,0,0,1,0,0,0,0.0,0.348874,0,0.0,1,420,4,4,0.8121,0.1765,GREEN,35,Kolkata
CLM0048808,KOL_01419,Sealdah,2025-06-19,7,0,0,0,0,0,0,0,0,0,1.0,0.180604,0,0.0,0,160,0,3,0.4628,0.1795,GREEN,25,Kolkata
CLM0048809,KOL_04293,Howrah,2025-08-14,21,0,0,0,0,0,0,0,1,0,0.0,0.009936,0,0.0,0,420,4,2,0.536,0.0444,GREEN,29,Kolkata
CLM0048810,KOL_03212,Esplanade,2025-05-11,7,0,0,0,0,0,0,0,0,0,0.0,0.270163,0,0.0,0,239,1,1,0.9322,0.0112,GREEN,43,Kolkata
CLM0048811,KOL_05926,New Town,2025-06-12,15,0,0,0,0,0,0,0,0,0,1.0,0.204581,0,0.0,0,82,2,3,0.7396,0.0948,GREEN,50,Kolkata
CLM0048812,KOL_08127,Park Street,2025-05-20,17,0,0,0,0,0,0,0,0,0,0.0,0.180202,0,0.0,0,420,1,2,0.98,0.0465,GREEN,46,Kolkata
CLM0048813,KOL_00510,Dum Dum,2023-03-14,9,0,0,0,0,0,0,0,0,0,0.0,0.420996,0,0.0,0,389,1,5,0.7594,0.0376,GREEN,42,Kolkata
CLM0048814,KOL_06560,Park Street,2025-04-18,17,0,0,0,0,0,0,0,0,0,0.0,0.0,0,0.0,0,420,4,1,0.7185,0.0414,GREEN,47,Kolkata
CLM0048815,KOL_00161,Tollygunge,2025-04-08,17,0,1,1,0,0,0,0,0,0,0.0,0.050241,1,0.0,0,380,2,0,0.7883,0.1105,GREEN,57,Kolkata
CLM0048816,KOL_00845,Garia,2024-01-19,20,0,0,0,0,0,0,1,1,0,0.0,1.0,0,0.0,0,352,4,1,0.5599,0.1276,GREEN,41,Kolkata
CLM0048817,KOL_07228,Howrah,2024-09-10,19,0,0,0,0,0,0,0,0,0,1.0,0.193882,0,0.0,0,160,4,4,0.6961,0.0815,GREEN,28,Kolkata
CLM0048818,KOL_03510,Sealdah,2023-07-16,16,0,0,0,0,0,0,0,0,0,1.0,1.0,0,1.0,0,418,2,4,0.6207,0.0,GREEN,38,Kolkata
CLM0048819,KOL_09383,Garia,2024-12-24,17,0,0,0,0,0,0,0,1,0,0.0,0.318019,0,0.0,1,186,2,1,0.585,0.1457,GREEN,24,Kolkata
CLM0048820,KOL_04688,Esplanade,2024-01-16,14,0,0,0,1,0,1,1,1,1,0.0,0.144643,1,0.0,1,5,2,18,0.8366,0.0588,GREEN,21,Kolkata
CLM0048821,KOL_07952,Sealdah,2024-01-09,13,0,1,1,1,1,1,1,0,0,0.0,0.864349,0,1.0,1,20,1,11,0.1937,0.6748,RED,55,Kolkata
CLM0048822,KOL_06560,Park Street,2021-01-26,20,0,1,1,1,1,1,1,0,1,1.0,0.948346,0,1.0,0,5,1,18,0.3253,0.8002,RED,47,Kolkata
CLM0048823,KOL_02068,Esplanade,2025-06-11,17,0,1,1,1,0,1,1,1,1,0.0,0.151248,0,0.0,1,5,1,18,0.8259,0.8237,RED,24,Kolkata
CLM0048824,KOL_01042,Behala,2024-06-04,13,0,0,0,0,0,0,0,0,0,0.0,0.173717,0,0.0,0,304,2,0,0.8829,0.0276,GREEN,67,Kolkata
CLM0048825,KOL_06626,Howrah,2017-09-07,10,0,0,0,0,0,0,0,0,0,0.0,1.0,0,0.0,0,273,2,0,0.4208,0.0943,GREEN,34,Kolkata
CLM0048826,KOL_08225,Behala,2022-10-13,11,0,0,0,0,0,0,0,0,0,0.0,0.105566,0,0.0,0,122,4,3,0.743,0.0,GREEN,37,Kolkata
CLM0048827,KOL_04510,Park Street,2017-09-11,11,0,0,0,0,0,0,0,0,0,1.0,0.281246,0,0.0,0,366,1,1,0.532,0.1124,GREEN,36,Kolkata
CLM0048828,KOL_00737,Tollygunge,2017-03-04,10,0,0,0,0,0,0,0,0,0,0.0,0.127438,0,0.0,0,213,2,2,0.4459,0.179,GREEN,38,Kolkata
CLM0048829,KOL_06715,Esplanade,2024-10-14,19,0,0,0,0,1,1,1,1,1,1.0,1.0,0,1.0,0,25,2,18,0.2379,0.2078,GREEN,37,Kolkata
CLM0048830,KOL_01307,Tollygunge,2019-10-22,11,0,0,0,0,0,0,0,0,0,1.0,0.342021,0,0.0,0,420,4,1,0.7541,0.0644,GREEN,30,Kolkata
CLM0048831,KOL_05025,Esplanade,2021-06-24,19,0,0,0,0,0,1,0,0,0,0.0,0.289064,0,1.0,0,258,2,4,0.7756,0.1469,GREEN,33,Kolkata
CLM0048832,KOL_01395,New Town,2016-10-18,9,0,0,0,0,0,0,0,0,0,0.0,0.241238,0,0.0,0,420,0,4,0.1912,0.0,GREEN,43,Kolkata
CLM0048833,KOL_08197,Park Street,2021-06-15,17,0,0,0,0,0,0,0,0,0,0.0,0.0,0,0.0,0,420,4,1,0.7424,0.1759,GREEN,28,Kolkata
CLM0048834,KOL_00830,Behala,2021-12-19,11,0,0,0,0,0,0,0,0,0,0.0,0.419784,0,0.0,0,361,1,0,0.98,0.0,GREEN,30,Kolkata
CLM0048835,KOL_09852,Tollygunge,2022-07-25,20,0,0,0,0,0,1,0,0,0,0.0,0.04784,0,0.0,0,63,4,0,0.8297,0.0799,GREEN,31,Kolkata
CLM0048836,KOL_04646,Behala,2025-04-28,15,0,0,0,1,0,0,1,0,0,1.0,1.0,0,1.0,0,5,4,17,0.1691,0.0,GREEN,18,Kolkata
CLM0048837,KOL_08655,Park Street,2023-07-06,7,0,0,0,0,0,0,0,0,0,0.0,0.2356,0,0.0,0,420,0,0,0.7381,0.0578,GREEN,35,Kolkata
CLM0048838,KOL_08965,Park Street,2022-08-17,21,0,0,0,0,0,0,0,0,0,0.0,0.370739,0,0.0,0,273,4,2,0.7473,0.0275,GREEN,44,Kolkata
CLM0048839,KOL_07162,New Town,2025-04-14,19,0,0,0,0,0,0,0,0,0,0.0,0.356803,0,0.0,0,91,1,0,0.9431,0.0,GREEN,20,Kolkata
CLM0048840,KOL_00713,Garia,2023-06-19,15,0,0,0,0,0,0,0,0,0,0.0,0.148133,0,0.0,0,180,0,0,0.9773,0.0174,GREEN,25,Kolkata
CLM0048841,KOL_09894,New Town,2021-09-01,7,0,0,0,0,0,0,0,0,0,0.0,0.293032,0,0.0,0,372,0,4,0.7669,0.0867,GREEN,56,Kolkata
CLM0048842,KOL_01886,Sealdah,2024-05-01,15,0,0,0,0,0,0,0,1,0,0.0,0.112055,0,0.0,0,121,0,0,0.4478,0.0261,GREEN,35,Kolkata
CLM0048843,KOL_04115,Tollygunge,2023-11-20,18,0,0,0,0,1,1,0,1,0,0.0,0.010837,0,0.0,0,330,0,0,0.6847,0.3376,YELLOW,42,Kolkata
CLM0048844,KOL_08603,Esplanade,2025-07-03,12,0,0,0,0,0,0,0,0,0,0.0,0.245604,0,0.0,0,138,3,2,0.9242,0.0148,GREEN,43,Kolkata
CLM0048845,KOL_03792,Park Street,2025-02-25,15,0,0,0,0,0,1,0,0,0,0.0,0.315518,0,0.0,0,420,1,0,0.2267,0.0837,GREEN,43,Kolkata
CLM0048846,KOL_02140,Behala,2025-10-18,17,0,0,0,0,0,0,0,0,0,0.0,0.0,0,0.0,0,420,2,3,0.98,0.1336,GREEN,33,Kolkata
CLM0048847,KOL_09145,Salt Lake,2024-03-12,15,0,0,0,0,0,0,0,0,0,0.0,0.13738,0,0.0,0,314,4,0,0.8409,0.0413,GREEN,28,Kolkata
CLM0048848,KOL_02039,Howrah,2025-08-31,19,0,0,0,0,0,0,0,0,0,0.0,0.43323,0,0.0,0,296,2,5,0.5314,0.0,GREEN,36,Kolkata
CLM0048849,KOL_05407,Garia,2025-12-25,19,0,0,0,0,0,0,0,0,0,0.0,0.434229,0,0.0,0,373,1,4,0.5168,0.1181,GREEN,42,Kolkata
CLM0048850,KOL_04026,Esplanade,2025-01-04,19,0,0,0,0,0,0,0,0,0,0.0,0.933414,1,0.0,0,79,1,1,0.7011,0.1293,GREEN,41,Kolkata
CLM0048851,KOL_06770,Park Street,2025-06-06,15,0,0,0,0,1,0,0,0,0,0.0,0.233977,0,0.0,0,169,4,1,0.6848,0.0998,GREEN,49,Kolkata
CLM0048852,KOL_07530,Howrah,2025-02-09,16,0,0,0,0,0,0,0,1,0,1.0,0.997814,0,1.0,0,93,3,3,0.7169,0.0234,GREEN,29,Kolkata
CLM0048853,KOL_06139,Park Street,2024-04-30,12,0,0,0,0,0,0,0,0,0,0.0,0.12395,0,0.0,0,127,0,4,0.7064,0.0092,GREEN,26,Kolkata
CLM0048854,KOL_06336,Tollygunge,2022-06-24,20,0,0,0,0,0,0,0,0,0,0.0,0.263796,0,0.0,0,420,1,4,0.5186,0.0,GREEN,19,Kolkata
CLM0048855,KOL_03544,Dum Dum,2025-12-12,12,0,0,0,0,0,0,0,0,0,0.0,0.479475,0,0.0,1,230,3,0,0.7014,0.0695,GREEN,24,Kolkata
CLM0048856,KOL_00569,Garia,2025-01-08,9,0,0,0,0,0,0,0,0,0,0.0,0.114911,0,0.0,0,175,2,1,0.98,0.0297,GREEN,20,Kolkata
CLM0048857,KOL_06723,Dum Dum,2020-12-30,8,0,0,0,0,0,0,0,0,0,1.0,0.968405,0,0.0,0,384,1,0,0.9587,0.0698,GREEN,52,Kolkata
CLM0048858,KOL_01013,Esplanade,2025-07-26,11,0,0,0,0,0,0,0,0,0,0.0,0.036208,0,0.0,0,154,0,4,0.2076,0.0907,GREEN,33,Kolkata
CLM0048859,KOL_03147,Garia,2023-08-17,19,0,0,0,0,0,0,0,0,0,0.0,0.246782,0,0.0,0,229,4,5,0.8445,0.1397,GREEN,50,Kolkata
CLM0048860,KOL_07160,Behala,2024-01-09,15,0,0,0,0,0,0,0,0,0,0.0,0.0,0,0.0,0,420,4,1,0.9196,0.0143,GREEN,44,Kolkata
CLM0048861,KOL_01830,Park Street,2019-11-04,16,0,0,0,0,0,0,0,0,0,0.0,0.083158,0,0.0,0,303,2,1,0.941,0.1183,GREEN,39,Kolkata
CLM0048862,KOL_04627,Park Street,2023-11-30,17,0,0,0,0,0,1,0,0,0,1.0,0.115791,0,0.0,0,318,4,0,0.6952,0.1478,GREEN,56,Kolkata
CLM0048863,KOL_08783,Tollygunge,2025-02-15,11,0,0,0,0,0,0,0,0,0,0.0,0.061187,1,0.0,0,214,0,3,0.5685,0.1066,GREEN,39,Kolkata
CLM0048864,KOL_00600,Esplanade,2020-11-10,19,0,0,0,0,0,0,0,0,0,0.0,0.358886,0,0.0,0,298,2,0,0.862,0.0819,GREEN,30,Kolkata
CLM0048865,KOL_05903,Tollygunge,2021-11-10,8,0,0,0,0,0,0,0,0,0,0.0,0.350786,0,0.0,0,383,3,0,0.5118,0.0048,GREEN,32,Kolkata
CLM0048866,KOL_00112,New Town,2023-09-11,17,0,0,0,0,0,0,0,0,0,0.0,0.277671,0,0.0,0,87,0,4,0.6675,0.0,GREEN,21,Kolkata
CLM0048867,KOL_01411,New Town,2024-03-09,19,0,0,0,0,0,1,1,1,1,0.0,0.105423,0,0.0,0,5,4,18,0.8286,0.0241,GREEN,23,Kolkata
CLM0048868,KOL_06924,Esplanade,2022-04-30,12,0,0,0,0,0,0,0,0,0,0.0,0.351249,0,1.0,0,148,0,4,0.5858,0.0924,GREEN,38,Kolkata
CLM0048869,KOL_09866,Behala,2025-02-12,12,0,0,0,0,0,0,0,0,0,0.0,0.075411,0,0.0,0,420,2,3,0.7508,0.0571,GREEN,29,Kolkata
CLM0048870,KOL_06475,Behala,2023-05-28,20,0,0,0,0,0,0,1,0,0,0.0,0.357147,0,0.0,0,392,2,0,0.7043,0.1179,GREEN,18,Kolkata
CLM0048871,KOL_06420,Park Street,2025-10-26,14,0,0,0,0,0,1,0,0,0,0.0,0.080097,0,0.0,0,218,4,1,0.5323,0.2269,GREEN,30,Kolkata
CLM0048872,KOL_06101,Howrah,2024-04-28,17,0,0,0,0,0,0,0,0,0,0.0,0.408911,1,0.0,0,253,4,4,0.9046,0.0,GREEN,22,Kolkata
CLM0048873,KOL_01466,Sealdah,2023-10-13,10,0,0,0,1,0,0,0,0,0,0.0,0.917941,0,0.0,0,33,1,0,0.98,0.172,GREEN,58,Kolkata
CLM0048874,KOL_07180,Tollygunge,2023-07-09,13,0,0,0,1,0,1,1,1,1,0.0,0.168495,0,0.0,1,36,0,18,0.8271,0.0538,GREEN,48,Kolkata
CLM0048875,KOL_08322,Park Street,2025-03-08,17,0,1,1,0,0,0,0,0,0,0.0,0.014,0,0.0,0,257,1,0,0.7591,0.0,GREEN,50,Kolkata
CLM0048876,KOL_06508,Park Street,2023-12-11,8,1,0,0,0,0,0,0,0,0,0.0,0.303196,0,0.0,0,412,4,1,0.6759,0.0,GREEN,52,Kolkata
CLM0048877,KOL_00215,Garia,2024-12-19,19,0,0,0,0,0,0,0,1,0,0.0,0.270628,0,0.0,0,420,0,5,0.1686,0.1852,GREEN,34,Kolkata
CLM0048878,KOL_00585,Salt Lake,2023-04-18,15,0,0,0,0,0,0,0,0,0,0.0,0.010588,0,0.0,0,420,3,2,0.4847,0.0701,GREEN,30,Kolkata
CLM0048879,KOL_09085,Salt Lake,2023-06-15,12,0,0,0,0,0,0,0,0,0,0.0,0.364998,1,0.0,0,420,3,5,0.98,0.1259,GREEN,42,Kolkata
CLM0048880,KOL_04195,Garia,2025-07-15,20,0,0,0,0,0,0,0,0,0,0.0,0.0,0,0.0,0,84,4,2,0.4611,0.0,GREEN,19,Kolkata
CLM0048881,KOL_03583,Salt Lake,2023-06-29,8,0,0,0,1,1,0,1,1,0,0.0,0.933665,1,1.0,1,5,0,18,0.05,0.1711,GREEN,47,Kolkata
CLM0048882,KOL_06161,Esplanade,2024-01-05,21,0,0,0,0,0,0,1,0,1,0.0,0.11464,0,0.0,0,351,2,3,0.752,0.1848,GREEN,34,Kolkata
CLM0048883,KOL_06842,Esplanade,2022-04-26,15,0,1,1,0,0,0,0,0,0,0.0,0.282359,0,0.0,0,402,2,1,0.3215,0.0,GREEN,33,Kolkata
CLM0048884,KOL_05857,Tollygunge,2023-12-16,19,0,0,0,0,0,0,0,0,0,0.0,0.294945,0,0.0,0,286,1,4,0.7123,0.0251,GREEN,56,Kolkata
CLM0048885,KOL_07110,Garia,2025-05-25,14,0,0,0,0,0,0,0,0,0,0.0,0.15875,0,0.0,0,420,4,6,0.6119,0.0119,GREEN,35,Kolkata
CLM0048886,KOL_04961,Park Street,2024-03-10,18,0,0,0,0,0,0,0,0,1,0.0,0.303086,0,0.0,0,80,1,1,0.2226,0.192,GREEN,18,Kolkata
CLM0048887,KOL_02797,Salt Lake,2023-12-20,19,0,0,0,0,0,0,0,0,0,0.0,0.344338,0,1.0,0,417,3,5,0.98,0.0572,GREEN,32,Kolkata
CLM0048888,KOL_08225,Behala,2022-11-07,10,0,0,0,0,0,0,1,0,0,0.0,0.176222,0,1.0,0,302,3,0,0.819,0.0784,GREEN,37,Kolkata
CLM0048889,KOL_09883,Garia,2025-09-11,20,0,0,0,0,1,0,0,0,0,0.0,0.134678,0,0.0,0,420,0,1,0.8174,0.1489,GREEN,50,Kolkata
CLM0048890,KOL_08539,Behala,2023-02-06,7,0,0,0,0,0,0,0,0,0,0.0,0.187738,0,0.0,0,382,1,6,0.9414,0.0537,GREEN,33,Kolkata
CLM0048891,KOL_04646,Behala,2024-12-12,19,0,0,0,0,0,0,1,0,0,0.0,0.182299,0,0.0,0,315,2,4,0.094,0.0403,GREEN,18,Kolkata
CLM0048892,KOL_01893,Sealdah,2024-10-15,19,0,0,0,0,0,0,0,1,0,0.0,1.0,0,0.0,0,295,2,6,0.8572,0.1859,GREEN,42,Kolkata
CLM0048893,KOL_02127,Dum Dum,2023-10-22,7,0,0,0,0,0,1,0,0,0,0.0,0.06977,0,0.0,0,252,4,0,0.5844,0.0964,GREEN,31,Kolkata
CLM0048894,KOL_02148,Behala,2025-03-17,10,0,0,0,0,0,0,1,1,0,0.0,0.299551,1,0.0,0,390,4,0,0.0697,0.2142,GREEN,28,Kolkata
CLM0048895,KOL_04380,Salt Lake,2019-10-25,14,0,0,0,1,0,1,1,1,0,1.0,1.0,0,1.0,1,14,2,18,0.7928,0.0037,GREEN,31,Kolkata
CLM0048896,KOL_06139,Park Street,2018-05-21,10,0,0,0,0,0,0,0,0,0,0.0,0.409436,0,0.0,0,28,1,3,0.05,0.1093,GREEN,26,Kolkata
CLM0048897,KOL_05950,Behala,2021-04-11,13,0,0,0,0,0,0,0,0,0,0.0,0.0,0,0.0,0,258,1,2,0.627,0.0,GREEN,34,Kolkata
CLM0048898,KOL_03291,Tollygunge,2020-06-03,13,0,0,0,0,0,0,0,0,0,0.0,0.0,0,0.0,0,232,3,1,0.8045,0.0211,GREEN,49,Kolkata
CLM0048899,KOL_06973,Sealdah,2024-09-09,14,0,0,0,0,0,0,0,0,0,0.0,0.305354,0,0.0,0,122,2,8,0.5549,0.0,GREEN,34,Kolkata
CLM0048900,KOL_05965,Dum Dum,2015-10-16,7,0,0,0,0,0,1,0,1,0,0.0,1.0,0,0.0,0,211,2,1,0.8663,0.2367,GREEN,19,Kolkata
CLM0048901,KOL_06626,Howrah,2017-05-08,20,0,0,0,0,0,0,0,0,0,0.0,0.442616,0,0.0,0,348,1,1,0.3324,0.0,GREEN,34,Kolkata
CLM0048902,KOL_00550,Garia,2016-01-27,13,0,0,0,0,0,0,0,0,0,0.0,0.210209,0,0.0,0,420,0,0,0.3224,0.0678,GREEN,29,Kolkata
CLM0048903,KOL_06589,Tollygunge,2022-03-25,10,0,0,0,0,0,0,0,0,0,0.0,0.143248,0,0.0,0,314,2,4,0.7945,0.0,GREEN,47,Kolkata
CLM0048904,KOL_05769,Garia,2022-03-02,14,0,0,0,0,0,0,1,0,0,0.0,0.269221,0,0.0,0,420,4,0,0.722,0.036,GREEN,40,Kolkata
CLM0048905,KOL_03478,Howrah,2021-03-14,17,0,0,0,0,0,0,0,0,0,0.0,0.994946,0,0.0,0,324,2,3,0.6613,0.0,GREEN,31,Kolkata
CLM0048906,KOL_07412,Behala,2025-11-03,10,0,0,0,0,0,0,0,0,0,0.0,1.0,0,0.0,0,279,2,1,0.7683,0.0,GREEN,47,Kolkata
CLM0048907,KOL_08246,Tollygunge,2018-02-24,15,0,0,0,0,0,0,0,0,0,0.0,0.95973,0,0.0,0,420,4,3,0.8528,0.0,GREEN,31,Kolkata
CLM0048908,KOL_03865,Park Street,2021-12-30,8,0,0,0,0,1,0,0,0,0,0.0,0.055659,0,0.0,0,84,0,0,0.9273,0.1311,GREEN,33,Kolkata
CLM0048909,KOL_02310,Sealdah,2019-12-29,12,0,0,0,0,0,0,0,0,0,0.0,0.074127,0,0.0,0,140,1,0,0.8927,0.0625,GREEN,41,Kolkata
CLM0048910,KOL_01915,Park Street,2021-11-23,21,0,0,0,0,0,0,1,0,0,0.0,0.0,0,1.0,0,365,3,2,0.6929,0.0,GREEN,34,Kolkata
CLM0048911,KOL_02441,New Town,2017-06-05,12,0,1,1,1,0,1,1,1,1,0.0,0.990247,1,1.0,0,5,2,18,0.1926,0.6978,RED,43,Kolkata
CLM0048912,KOL_02372,Park Street,2017-06-16,7,0,1,1,1,1,1,1,1,1,1.0,0.969097,0,0.0,0,5,0,18,0.98,0.6938,RED,38,Kolkata
CLM0048913,KOL_06149,Sealdah,2019-05-14,17,0,1,1,0,1,0,1,1,1,1.0,1.0,0,0.0,1,8,1,18,0.277,0.6879,RED,18,Kolkata
CLM0048914,KOL_01397,Tollygunge,2025-02-10,13,0,1,1,0,0,0,1,0,0,0.0,0.0,0,0.0,0,108,1,0,0.2727,0.5067,YELLOW,42,Kolkata
CLM0048915,KOL_05032,Garia,2024-01-16,18,0,1,1,0,1,0,1,1,1,0.0,1.0,1,0.0,1,19,0,18,0.0761,0.7773,RED,29,Kolkata
CLM0048916,KOL_07492,New Town,2017-02-13,8,0,1,1,1,1,1,1,0,1,1.0,1.0,1,0.0,0,27,1,18,0.1518,0.7414,RED,31,Kolkata
CLM0048917,KOL_00078,Park Street,2021-06-24,21,0,1,1,1,1,1,1,1,1,0.0,0.091053,0,0.0,0,31,1,18,0.05,0.9522,RED,32,Kolkata
CLM0048918,KOL_01510,Park Street,2024-02-21,13,0,0,0,0,0,0,0,0,0,0.0,0.308339,0,0.0,0,63,1,0,0.8038,0.0674,GREEN,40,Kolkata
CLM0048919,KOL_03116,Salt Lake,2025-12-04,18,0,0,0,0,0,0,0,0,0,0.0,0.212605,0,0.0,0,420,3,4,0.9675,0.0,GREEN,35,Kolkata
CLM0048920,KOL_07836,New Town,2025-01-30,13,0,0,0,0,0,0,0,0,1,0.0,0.007183,0,0.0,0,420,4,1,0.8658,0.1586,GREEN,44,Kolkata
CLM0048921,KOL_09241,Behala,2024-07-05,14,0,0,0,0,0,0,0,0,1,0.0,0.263541,1,0.0,0,420,1,4,0.7882,0.1598,GREEN,49,Kolkata
CLM0048922,KOL_04457,New Town,2025-05-12,11,0,0,0,0,0,1,0,1,0,0.0,0.264491,1,0.0,0,420,3,2,0.8645,0.1963,GREEN,32,Kolkata
CLM0048923,KOL_02401,Garia,2017-06-18,16,0,0,0,0,0,0,0,1,0,0.0,0.036218,0,0.0,0,420,1,1,0.8552,0.0337,GREEN,41,Kolkata
CLM0048924,KOL_07366,Esplanade,2021-03-01,19,0,0,0,0,0,0,1,0,0,0.0,0.058452,0,0.0,0,318,4,0,0.9782,0.0883,GREEN,24,Kolkata
CLM0048925,KOL_04259,Salt Lake,2020-03-09,18,0,0,0,0,0,0,0,0,0,1.0,0.107929,0,0.0,0,387,2,4,0.957,0.0768,GREEN,59,Kolkata
CLM0048926,KOL_02041,Esplanade,2023-12-20,14,0,0,0,0,0,0,0,0,0,0.0,0.076467,0,0.0,0,295,4,2,0.7277,0.067,GREEN,46,Kolkata
CLM0048927,KOL_04497,Howrah,2025-01-16,19,0,0,0,0,0,0,0,0,0,0.0,0.361135,0,0.0,0,187,1,0,0.8954,0.0,GREEN,55,Kolkata
CLM0048928,KOL_04095,Tollygunge,2021-08-05,7,0,0,0,0,0,0,0,0,0,0.0,0.321694,0,0.0,0,164,3,4,0.8419,0.0,GREEN,18,Kolkata
CLM0048929,KOL_00857,Tollygunge,2024-03-08,21,0,0,0,0,0,0,0,0,0,0.0,0.0,0,0.0,0,240,2,0,0.8842,0.0,GREEN,30,Kolkata
CLM0048930,KOL_04191,Park Street,2023-06-03,21,0,0,0,0,0,0,0,0,0,0.0,0.244542,0,0.0,0,358,1,5,0.1193,0.0052,GREEN,20,Kolkata
CLM0048931,KOL_09680,Tollygunge,2019-07-23,7,0,0,0,0,1,0,0,0,0,0.0,0.075588,0,0.0,0,374,2,5,0.1043,0.1313,GREEN,34,Kolkata
CLM0048932,KOL_07881,Garia,2019-12-01,12,0,0,0,0,0,0,0,0,0,0.0,0.0,0,0.0,0,287,1,0,0.6045,0.0854,GREEN,18,Kolkata
CLM0048933,KOL_01578,Tollygunge,2019-12-18,16,0,0,0,0,0,0,0,0,0,1.0,0.121137,0,0.0,0,420,1,0,0.6104,0.0522,GREEN,35,Kolkata
CLM0048934,KOL_05221,Sealdah,2017-10-20,11,0,0,0,0,0,0,0,0,0,0.0,0.039935,0,0.0,0,345,0,2,0.7345,0.0,GREEN,45,Kolkata
CLM0048935,KOL_07171,Park Street,2019-05-07,19,0,0,0,0,1,0,0,0,0,0.0,0.157281,0,0.0,0,128,2,1,0.6876,0.0746,GREEN,26,Kolkata
CLM0048936,KOL_03144,Sealdah,2024-03-13,14,0,0,0,0,0,0,0,0,0,0.0,0.152049,0,0.0,0,376,0,3,0.6459,0.0664,GREEN,25,Kolkata
CLM0048937,KOL_07613,Dum Dum,2024-02-21,12,0,0,0,0,0,0,0,0,0,0.0,0.191552,0,0.0,0,163,0,1,0.98,0.0,GREEN,47,Kolkata
CLM0048938,KOL_09159,Esplanade,2021-03-01,17,0,0,0,0,0,0,0,0,0,0.0,0.154068,0,0.0,0,56,1,3,0.98,0.0,GREEN,21,Kolkata
CLM0048939,KOL_08607,Tollygunge,2019-03-26,10,0,0,0,0,0,0,0,0,0,0.0,0.125331,0,0.0,0,299,2,5,0.98,0.0,GREEN,42,Kolkata
CLM0048940,KOL_06795,Tollygunge,2025-05-14,8,0,0,0,0,0,0,0,0,0,0.0,0.230395,0,0.0,0,283,2,2,0.98,0.0002,GREEN,58,Kolkata
CLM0048941,KOL_03080,Behala,2022-10-12,18,0,0,0,0,0,0,0,1,0,0.0,0.0891,0,0.0,0,140,0,6,0.6675,0.0463,GREEN,37,Kolkata
CLM0048942,KOL_03612,Salt Lake,2024-08-02,7,0,0,0,0,0,0,0,0,0,0.0,0.0,0,0.0,0,404,4,5,0.98,0.0762,GREEN,29,Kolkata
CLM0048943,KOL_08446,Esplanade,2024-02-13,20,0,0,0,0,0,0,0,1,0,0.0,0.25732,0,0.0,0,62,0,4,0.4035,0.1185,GREEN,43,Kolkata
CLM0048944,KOL_05630,Howrah,2025-01-16,19,0,0,0,0,0,0,0,0,0,0.0,0.0,0,0.0,0,119,0,1,0.98,0.0,GREEN,38,Kolkata
CLM0048945,KOL_05640,Park Street,2024-07-26,20,0,0,0,1,0,0,0,1,1,1.0,1.0,1,0.0,1,5,1,18,0.98,0.1734,GREEN,33,Kolkata
CLM0048946,KOL_08661,Tollygunge,2024-02-14,14,0,0,0,0,1,0,0,0,0,0.0,0.072864,0,1.0,0,420,4,0,0.7173,0.0415,GREEN,25,Kolkata
CLM0048947,KOL_06411,Park Street,2024-04-09,14,0,0,0,0,0,0,0,0,0,0.0,0.176573,0,0.0,0,415,0,3,0.98,0.041,GREEN,44,Kolkata
CLM0048948,KOL_02022,Salt Lake,2019-04-20,15,0,0,0,0,0,0,0,0,0,0.0,0.165837,0,0.0,0,37,4,3,0.8187,0.0246,GREEN,36,Kolkata
CLM0048949,KOL_00459,Park Street,2020-07-27,9,0,0,0,0,0,0,1,0,0,1.0,0.357241,0,0.0,0,137,2,1,0.9468,0.1199,GREEN,20,Kolkata
CLM0048950,KOL_03635,Sealdah,2023-03-13,21,0,0,0,0,0,1,1,0,0,1.0,0.476412,0,0.0,0,208,4,3,0.05,0.254,GREEN,24,Kolkata
CLM0048951,KOL_05478,Behala,2017-09-22,8,0,1,1,0,0,0,0,0,0,1.0,0.837146,0,1.0,0,340,1,4,0.2956,0.094,GREEN,39,Kolkata
CLM0048952,KOL_00042,Dum Dum,2024-10-28,9,0,0,0,1,1,0,1,1,0,0.0,0.144099,0,0.0,1,5,0,18,0.8804,0.0,GREEN,25,Kolkata
CLM0048953,KOL_09608,Sealdah,2022-07-29,17,0,0,0,0,0,0,0,0,0,0.0,0.296789,0,0.0,0,135,1,1,0.5956,0.0,GREEN,43,Kolkata
CLM0048954,KOL_03232,Behala,2015-04-11,13,0,0,0,0,0,0,0,0,0,0.0,0.006533,0,0.0,0,258,3,0,0.13,0.0318,GREEN,31,Kolkata
CLM0048955,KOL_03956,Garia,2017-10-26,7,0,0,0,0,0,1,0,0,0,0.0,0.274407,0,0.0,0,182,3,0,0.9034,0.1704,GREEN,25,Kolkata
CLM0048956,KOL_00334,Howrah,2025-07-05,15,0,0,0,1,0,0,0,1,0,0.0,1.0,0,0.0,0,375,4,2,0.7966,0.0225,GREEN,41,Kolkata
CLM0048957,KOL_05598,Park Street,2022-02-24,16,0,0,0,0,0,0,0,0,0,0.0,0.190299,0,0.0,0,299,3,1,0.6154,0.0409,GREEN,52,Kolkata
CLM0048958,KOL_02325,Dum Dum,2021-11-09,10,0,0,0,0,0,1,0,0,0,0.0,0.30006,0,0.0,0,420,0,2,0.5078,0.0716,GREEN,36,Kolkata
CLM0048959,KOL_07695,Tollygunge,2025-09-29,18,0,0,0,1,0,0,0,0,0,0.0,0.016326,0,0.0,0,420,4,3,0.7169,0.1503,GREEN,41,Kolkata
CLM0048960,KOL_08700,Howrah,2025-05-28,20,0,0,0,0,0,0,0,0,0,0.0,0.018732,0,0.0,1,169,3,0,0.3541,0.0484,GREEN,47,Kolkata
CLM0048961,KOL_01097,Park Street,2025-04-25,7,0,0,0,0,0,0,0,0,0,1.0,0.422429,0,0.0,0,226,0,1,0.9053,0.0719,GREEN,45,Kolkata
CLM0048962,KOL_04773,Howrah,2025-05-15,10,0,0,0,0,1,0,0,0,0,0.0,0.092959,0,0.0,0,165,0,3,0.05,0.0965,GREEN,35,Kolkata
CLM0048963,KOL_01876,Howrah,2025-07-05,21,0,0,0,0,1,0,0,0,0,1.0,0.127976,0,0.0,0,199,4,0,0.6751,0.1859,GREEN,46,Kolkata
CLM0048964,KOL_09207,Garia,2025-07-03,13,0,0,0,0,0,0,0,0,0,1.0,0.20539,0,0.0,0,420,4,3,0.7812,0.1019,GREEN,28,Kolkata
CLM0048965,KOL_05848,Behala,2025-08-17,7,0,0,0,0,0,0,0,0,0,0.0,0.05405,0,0.0,0,410,2,1,0.1537,0.0586,GREEN,41,Kolkata
CLM0048966,KOL_06845,Behala,2025-09-06,12,0,0,0,0,0,0,1,0,0,0.0,0.090634,0,0.0,0,223,0,3,0.6833,0.0,GREEN,36,Kolkata
CLM0048967,KOL_06174,Tollygunge,2025-06-28,14,0,0,0,0,0,0,0,0,0,0.0,0.0,0,0.0,0,341,4,3,0.8071,0.0333,GREEN,36,Kolkata
CLM0048968,KOL_02248,Behala,2025-01-04,19,0,0,0,1,0,0,0,0,0,0.0,0.194825,0,0.0,0,420,1,4,0.4874,0.1173,GREEN,31,Kolkata
CLM0048969,KOL_09209,Tollygunge,2025-03-13,13,0,0,0,0,0,1,0,1,0,0.0,0.229447,0,0.0,0,37,2,4,0.7419,0.1877,GREEN,52,Kolkata
CLM0048970,KOL_02984,New Town,2025-06-07,7,0,0,0,0,0,0,0,1,0,0.0,0.367822,0,0.0,0,313,3,0,0.9749,0.1041,GREEN,26,Kolkata
CLM0048971,KOL_02856,Salt Lake,2025-10-25,9,0,0,0,0,0,0,0,0,0,0.0,0.094736,0,0.0,0,250,2,1,0.98,0.0,GREEN,51,Kolkata
CLM0048972,KOL_05207,Dum Dum,2025-02-19,15,0,0,0,0,0,0,0,0,0,0.0,0.376714,0,0.0,0,50,0,6,0.4898,0.0162,GREEN,30,Kolkata
CLM0048973,KOL_00624,Howrah,2025-11-24,7,0,0,0,0,0,1,1,0,0,1.0,0.230789,0,0.0,0,420,1,3,0.5714,0.045,GREEN,38,Kolkata
CLM0048974,KOL_07423,Dum Dum,2025-03-14,18,0,0,0,0,0,0,1,0,0,0.0,0.973385,0,0.0,0,61,1,2,0.0728,0.0,GREEN,43,Kolkata
CLM0048975,KOL_03169,Sealdah,2025-02-14,16,0,0,0,0,0,0,0,0,0,0.0,0.394572,0,0.0,0,242,1,0,0.98,0.0018,GREEN,22,Kolkata
CLM0048976,KOL_08919,Salt Lake,2024-12-26,8,0,0,0,0,0,0,0,0,1,0.0,0.327549,0,0.0,0,407,2,2,0.2217,0.1284,GREEN,32,Kolkata
CLM0048977,KOL_09437,Howrah,2024-09-06,19,0,0,0,0,0,0,0,0,0,0.0,0.137519,0,0.0,1,38,4,0,0.475,0.0,GREEN,31,Kolkata
CLM0048978,KOL_02981,Behala,2025-05-29,20,0,0,0,1,1,0,1,0,1,0.0,0.103617,0,0.0,0,18,1,18,0.98,0.0861,GREEN,34,Kolkata
CLM0048979,KOL_06180,Dum Dum,2024-08-14,21,0,0,0,0,0,1,0,0,0,0.0,0.367692,0,0.0,0,270,0,2,0.4957,0.0611,GREEN,34,Kolkata
CLM0048980,KOL_02066,Behala,2024-08-05,8,0,0,0,0,0,0,0,0,0,0.0,0.369683,0,1.0,0,124,0,2,0.98,0.0017,GREEN,20,Kolkata
CLM0048981,KOL_04538,New Town,2025-08-03,15,0,0,0,0,0,0,0,0,0,0.0,0.24443,0,0.0,0,420,2,4,0.1314,0.0592,GREEN,32,Kolkata
CLM0048982,KOL_04542,Behala,2025-01-30,14,0,0,0,0,0,0,0,0,0,0.0,0.239832,1,0.0,0,420,4,0,0.05,0.0386,GREEN,34,Kolkata
CLM0048983,KOL_03787,Sealdah,2024-06-22,18,0,0,0,0,0,0,0,0,0,0.0,0.232059,0,0.0,0,31,2,2,0.5312,0.0224,GREEN,44,Kolkata
CLM0048984,KOL_04772,Salt Lake,2024-02-13,11,0,0,0,0,0,0,0,0,0,0.0,1.0,0,0.0,0,48,0,0,0.0965,0.0862,GREEN,39,Kolkata
CLM0048985,KOL_02280,Dum Dum,2025-05-05,8,0,0,0,0,0,0,1,0,0,1.0,0.184113,0,0.0,0,359,0,0,0.7,0.1203,GREEN,29,Kolkata
CLM0048986,KOL_05246,Behala,2023-07-17,11,0,0,0,0,0,0,0,0,0,0.0,0.382911,0,0.0,0,206,3,2,0.05,0.0,GREEN,39,Kolkata
CLM0048987,KOL_02846,Garia,2023-10-30,15,0,0,0,0,0,0,0,0,0,0.0,0.0,0,0.0,0,67,3,2,0.6108,0.0,GREEN,47,Kolkata
CLM0048988,KOL_09474,Behala,2023-09-05,14,0,0,0,0,0,0,0,0,0,0.0,0.378012,1,0.0,0,420,1,0,0.98,0.1169,GREEN,26,Kolkata
CLM0048989,KOL_08356,Garia,2020-09-09,20,0,0,0,0,0,1,0,0,0,0.0,0.0,0,0.0,0,97,2,4,0.3872,0.0079,GREEN,22,Kolkata
CLM0048990,KOL_00243,Park Street,2023-10-16,12,0,0,0,0,0,0,0,0,0,0.0,0.413816,0,0.0,0,420,4,0,0.9427,0.0,GREEN,19,Kolkata
CLM0048991,KOL_05933,Esplanade,2022-09-09,8,0,1,1,0,0,0,1,0,1,0.0,0.192554,0,0.0,0,186,0,3,0.5233,0.1772,GREEN,23,Kolkata
CLM0048992,KOL_02228,Park Street,2024-05-27,7,0,0,0,0,0,0,0,0,0,0.0,0.119808,0,0.0,0,240,0,4,0.8697,0.0,GREEN,18,Kolkata
CLM0048993,KOL_05764,Garia,2023-04-20,21,0,0,0,0,0,0,0,0,0,0.0,0.325741,0,0.0,0,406,0,2,0.8812,0.0538,GREEN,40,Kolkata
CLM0048994,KOL_09576,Behala,2025-04-17,21,0,1,1,0,0,1,0,1,0,0.0,0.243441,0,0.0,0,302,4,6,0.98,0.1981,GREEN,49,Kolkata
CLM0048995,KOL_08827,Behala,2020-06-15,16,0,0,0,0,0,0,0,1,0,0.0,0.221282,0,0.0,0,329,4,4,0.1193,0.2366,GREEN,34,Kolkata
CLM0048996,KOL_09122,Tollygunge,2022-07-02,9,0,0,0,0,0,0,0,0,0,1.0,1.0,0,0.0,0,187,3,1,0.98,0.104,GREEN,40,Kolkata
CLM0048997,KOL_00015,Tollygunge,2025-05-03,8,0,0,0,0,0,0,0,0,0,0.0,0.00751,0,0.0,0,336,4,3,0.6697,0.0377,GREEN,45,Kolkata
CLM0048998,KOL_03191,Tollygunge,2025-06-25,18,0,0,0,1,0,1,0,1,1,1.0,0.13492,0,0.0,1,5,2,18,0.05,0.1361,GREEN,30,Kolkata
CLM0048999,KOL_02326,Sealdah,2023-12-29,15,0,0,0,0,0,0,0,0,0,1.0,0.248784,0,0.0,0,392,3,1,0.6784,0.2242,GREEN,48,Kolkata
CLM0049000,KOL_03738,Esplanade,2021-07-08,21,0,0,0,0,0,0,0,0,0,0.0,0.131035,0,0.0,0,341,0,5,0.2462,0.0,GREEN,29,Kolkata
CLM0049001,KOL_04765,Sealdah,2025-06-26,11,0,0,0,0,0,0,1,0,0,0.0,0.100254,0,0.0,1,304,1,1,0.5269,0.2378,GREEN,35,Kolkata
CLM0049002,KOL_08781,Garia,2023-12-12,13,0,0,0,0,0,0,0,0,0,0.0,0.222779,0,0.0,0,110,2,4,0.5562,0.0,GREEN,44,Kolkata
CLM0049003,KOL_06873,Salt Lake,2021-09-14,15,0,0,0,0,0,0,0,0,0,1.0,1.0,0,0.0,0,267,2,4,0.6703,0.0,GREEN,42,Kolkata
CLM0049004,KOL_00587,Behala,2023-08-09,11,0,0,0,0,0,0,0,0,0,0.0,0.112236,0,0.0,0,154,1,2,0.7669,0.0,GREEN,34,Kolkata
CLM0049005,KOL_06372,Salt Lake,2021-02-25,15,0,0,0,0,0,0,0,0,0,0.0,0.164416,0,0.0,0,420,1,2,0.4099,0.0,GREEN,68,Kolkata
CLM0049006,KOL_06846,Dum Dum,2022-06-20,16,0,0,0,0,0,0,0,0,0,0.0,0.233458,0,0.0,0,295,2,2,0.8274,0.0,GREEN,26,Kolkata
CLM0049007,KOL_09542,Howrah,2023-07-05,11,0,0,0,0,0,0,0,0,0,0.0,0.404167,0,0.0,0,194,3,4,0.7639,0.0,GREEN,39,Kolkata
CLM0049008,KOL_06240,Sealdah,2025-07-13,17,0,0,0,0,0,0,0,0,0,0.0,0.997419,0,0.0,0,180,4,2,0.2345,0.0,GREEN,51,Kolkata
CLM0049009,KOL_03419,Tollygunge,2025-03-17,7,0,0,0,0,0,0,0,0,0,0.0,0.0,0,0.0,0,92,3,3,0.6574,0.0,GREEN,28,Kolkata
CLM0049010,KOL_05076,Howrah,2021-10-01,21,0,0,0,0,0,0,0,0,0,0.0,0.132659,0,0.0,0,370,1,2,0.7573,0.0703,GREEN,42,Kolkata
CLM0049011,KOL_08041,New Town,2018-10-13,13,0,0,0,1,1,1,1,0,0,1.0,1.0,1,1.0,1,5,4,18,0.98,0.0417,GREEN,38,Kolkata
CLM0049012,KOL_04973,Behala,2016-11-04,12,0,0,0,0,1,0,0,0,0,0.0,0.9923,1,0.0,0,237,0,2,0.6761,0.1701,GREEN,35,Kolkata
CLM0049013,KOL_07511,Tollygunge,2022-11-30,12,0,0,0,0,0,0,0,0,0,0.0,0.901881,0,0.0,0,263,1,2,0.9679,0.0084,GREEN,31,Kolkata
CLM0049014,KOL_02980,Garia,2024-05-13,10,0,0,0,0,0,0,0,0,0,0.0,0.369797,0,0.0,0,240,3,2,0.05,0.0,GREEN,53,Kolkata
CLM0049015,KOL_07126,Dum Dum,2017-06-08,13,0,0,0,0,0,0,0,0,0,0.0,0.993334,0,0.0,0,56,3,0,0.7826,0.0197,GREEN,23,Kolkata
CLM0049016,KOL_09948,Park Street,2022-07-23,16,0,0,0,0,0,0,0,0,0,0.0,0.377268,0,0.0,0,420,0,1,0.8653,0.0,GREEN,50,Kolkata
CLM0049017,KOL_00441,Tollygunge,2019-02-08,17,0,0,0,0,0,0,0,0,0,0.0,0.0,1,0.0,0,377,0,3,0.9413,0.1025,GREEN,34,Kolkata
CLM0049018,KOL_05417,Esplanade,2016-06-11,21,0,0,0,0,0,0,0,0,0,0.0,0.317938,0,0.0,0,241,1,3,0.5081,0.0,GREEN,23,Kolkata
CLM0049019,KOL_02841,Garia,2020-08-05,8,0,0,0,0,0,0,0,0,0,0.0,0.306533,0,0.0,0,391,1,6,0.8715,0.0119,GREEN,47,Kolkata
CLM0049020,KOL_00962,Salt Lake,2024-03-07,20,0,0,0,0,0,0,1,0,0,0.0,0.163336,0,0.0,0,350,0,7,0.722,0.0956,GREEN,52,Kolkata
CLM0049021,KOL_03127,Behala,2023-10-09,18,0,0,0,0,0,0,0,0,0,0.0,0.222678,0,0.0,0,413,2,0,0.4829,0.0,GREEN,40,Kolkata
CLM0049022,KOL_00693,New Town,2024-02-18,16,0,1,1,0,0,0,0,0,0,0.0,0.210126,0,0.0,1,73,0,2,0.8958,0.1042,GREEN,42,Kolkata
CLM0049023,KOL_07936,Salt Lake,2024-05-07,9,0,0,0,0,0,0,0,0,0,0.0,1.0,0,0.0,0,73,2,0,0.98,0.0249,GREEN,35,Kolkata
CLM0049024,KOL_01170,Dum Dum,2023-05-27,8,0,0,0,0,0,0,0,0,0,0.0,0.31201,0,0.0,0,293,3,1,0.8502,0.0,GREEN,31,Kolkata
CLM0049025,KOL_08764,New Town,2025-10-05,15,0,0,0,0,0,0,0,0,1,0.0,0.223817,0,0.0,0,70,3,3,0.1842,0.1406,GREEN,18,Kolkata
CLM0049026,KOL_07242,Esplanade,2020-01-31,17,0,0,0,0,0,0,0,1,0,0.0,0.914465,0,0.0,0,83,0,0,0.98,0.1019,GREEN,36,Kolkata
CLM0049027,KOL_06400,Howrah,2024-09-13,12,0,0,0,0,0,0,0,0,0,0.0,0.051376,0,0.0,0,420,3,3,0.98,0.0254,GREEN,38,Kolkata
CLM0049028,KOL_09112,Garia,2025-09-16,20,0,0,0,0,0,1,0,0,0,0.0,0.088301,0,0.0,0,83,2,0,0.0582,0.0801,GREEN,52,Kolkata
CLM0049029,KOL_03412,Tollygunge,2020-01-16,14,0,0,0,0,0,0,0,0,0,0.0,0.231783,0,0.0,1,182,4,1,0.782,0.1394,GREEN,36,Kolkata
CLM0049030,KOL_05855,New Town,2020-12-11,10,0,0,0,0,0,0,0,0,0,0.0,0.27179,0,0.0,0,210,4,0,0.7336,0.0166,GREEN,35,Kolkata
CLM0049031,KOL_00847,Howrah,2021-07-16,15,0,0,0,0,0,0,0,0,0,0.0,0.302299,0,0.0,0,153,3,4,0.1812,0.0678,GREEN,40,Kolkata
CLM0049032,KOL_00272,Garia,2021-11-13,11,0,0,0,0,0,0,0,0,0,1.0,0.181714,0,0.0,0,375,4,0,0.7241,0.1097,GREEN,18,Kolkata
CLM0049033,KOL_05649,Garia,2021-05-10,12,0,0,0,0,0,0,0,0,0,0.0,0.223393,0,0.0,0,159,1,0,0.4077,0.0,GREEN,36,Kolkata
CLM0049034,KOL_08709,Sealdah,2021-01-20,13,0,0,0,0,0,0,0,1,0,0.0,0.314797,0,0.0,0,212,3,0,0.646,0.0969,GREEN,35,Kolkata
CLM0049035,KOL_05057,Park Street,2023-12-05,10,0,0,0,0,0,0,1,0,0,0.0,0.076652,0,0.0,0,272,2,1,0.4944,0.0494,GREEN,29,Kolkata
CLM0049036,KOL_09481,Park Street,2020-02-21,18,0,0,0,0,0,0,0,0,0,0.0,0.339741,0,0.0,0,127,0,2,0.2791,0.0258,GREEN,32,Kolkata
CLM0049037,KOL_02886,Howrah,2020-05-04,14,0,0,0,0,0,0,0,0,0,1.0,1.0,1,1.0,0,108,1,0,0.05,0.0817,GREEN,41,Kolkata
CLM0049038,KOL_04685,Salt Lake,2020-06-03,13,0,0,0,0,0,0,0,1,0,0.0,0.318967,0,0.0,0,74,0,4,0.8266,0.0863,GREEN,32,Kolkata
CLM0049039,KOL_06294,Park Street,2024-01-09,17,0,0,0,0,0,0,0,0,0,0.0,0.892104,0,1.0,0,318,2,1,0.5815,0.0,GREEN,52,Kolkata
CLM0049040,KOL_04366,Howrah,2022-08-07,17,0,0,0,0,1,1,1,0,0,0.0,0.186192,0,0.0,0,223,3,0,0.4533,0.2837,GREEN,27,Kolkata
CLM0049041,KOL_02008,Sealdah,2020-04-10,20,0,0,0,0,0,0,0,0,0,0.0,0.222388,0,0.0,0,403,2,0,0.092,0.0,GREEN,48,Kolkata
CLM0049042,KOL_05507,Esplanade,2020-05-18,12,0,0,0,0,0,1,0,0,1,0.0,0.306537,0,0.0,0,254,2,1,0.98,0.1962,GREEN,18,Kolkata
CLM0049043,KOL_00006,Tollygunge,2020-07-09,20,0,0,0,0,0,0,0,0,0,0.0,0.037959,0,0.0,0,420,4,1,0.9064,0.086,GREEN,54,Kolkata
CLM0049044,KOL_05269,Tollygunge,2019-05-02,16,0,0,0,0,0,1,1,0,0,0.0,0.393984,0,0.0,0,256,1,2,0.8768,0.1296,GREEN,45,Kolkata
CLM0049045,KOL_06870,New Town,2020-12-29,12,0,0,0,0,0,1,1,0,0,1.0,0.091806,0,0.0,0,420,4,0,0.5754,0.2207,GREEN,46,Kolkata
CLM0049046,KOL_03676,Howrah,2021-04-04,18,0,0,0,0,0,0,0,0,0,1.0,0.378426,0,0.0,0,307,0,0,0.8673,0.1097,GREEN,35,Kolkata
CLM0049047,KOL_06395,Sealdah,2024-06-02,17,0,0,0,0,0,0,0,0,1,0.0,0.181063,0,0.0,0,335,0,1,0.6495,0.1665,GREEN,47,Kolkata
CLM0049048,KOL_01933,Garia,2025-09-29,17,0,0,0,0,0,0,0,0,0,0.0,0.317788,0,0.0,0,363,1,4,0.6882,0.2499,GREEN,33,Kolkata
CLM0049049,KOL_07980,Dum Dum,2022-05-06,14,0,0,0,0,0,0,0,0,0,0.0,0.25602,0,0.0,0,387,0,4,0.6444,0.0582,GREEN,18,Kolkata
CLM0049050,KOL_01287,Howrah,2018-01-03,9,0,0,0,1,1,1,1,1,0,1.0,1.0,1,1.0,1,5,1,18,0.9148,0.0,GREEN,36,Kolkata
CLM0049051,KOL_01955,Salt Lake,2025-08-13,9,0,0,0,0,0,0,0,0,1,0.0,0.361484,0,0.0,0,343,0,2,0.6974,0.109,GREEN,38,Kolkata
CLM0049052,KOL_03759,Sealdah,2019-10-19,9,0,0,0,1,1,0,0,0,1,0.0,0.123948,0,0.0,0,420,0,1,0.4839,0.3577,YELLOW,40,Kolkata
CLM0049053,KOL_04557,Behala,2024-01-23,11,0,0,0,0,0,0,0,0,0,0.0,0.242835,0,0.0,0,350,2,0,0.98,0.0,GREEN,37,Kolkata
CLM0049054,KOL_02400,Esplanade,2024-06-11,21,0,0,0,1,0,0,0,1,0,0.0,0.0,0,0.0,0,354,1,2,0.6659,0.3048,GREEN,44,Kolkata
CLM0049055,KOL_08815,Dum Dum,2025-12-15,7,0,0,0,0,0,0,0,0,0,1.0,0.269807,0,0.0,0,258,1,2,0.9736,0.1366,GREEN,25,Kolkata
CLM0049056,KOL_03891,Sealdah,2021-12-27,17,0,0,0,0,0,0,0,0,0,0.0,0.190863,0,0.0,1,248,0,1,0.3917,0.0199,GREEN,18,Kolkata
CLM0049057,KOL_05058,New Town,2025-08-22,16,0,1,1,0,0,0,0,0,1,0.0,0.246763,0,0.0,0,314,1,3,0.5734,0.126,GREEN,43,Kolkata
CLM0049058,KOL_09222,Garia,2022-09-25,11,0,0,0,1,1,1,1,1,1,1.0,0.923324,0,0.0,0,36,2,18,0.98,0.0849,GREEN,28,Kolkata
CLM0049059,KOL_01593,Howrah,2025-10-12,19,0,0,0,0,0,0,0,0,0,1.0,1.0,0,1.0,0,85,1,3,0.2582,0.0787,GREEN,50,Kolkata
CLM0049060,KOL_07718,Dum Dum,2021-09-28,11,0,0,0,0,0,0,0,1,0,0.0,0.273679,0,0.0,0,191,3,4,0.8586,0.0056,GREEN,33,Kolkata
CLM0049061,KOL_02586,Howrah,2022-03-01,16,0,0,0,0,0,0,0,0,0,0.0,0.378533,0,0.0,0,100,2,0,0.2534,0.0451,GREEN,62,Kolkata
CLM0049062,KOL_01333,Sealdah,2023-10-19,10,0,0,0,0,0,0,0,1,0,0.0,0.0,0,0.0,0,98,3,1,0.7639,0.0778,GREEN,31,Kolkata
CLM0049063,KOL_09807,Tollygunge,2024-08-10,12,0,0,0,0,0,0,0,0,0,0.0,0.02827,0,0.0,0,158,1,3,0.8446,0.0471,GREEN,51,Kolkata
CLM0049064,KOL_01273,Howrah,2024-05-03,20,0,0,0,0,0,0,0,0,0,1.0,0.034,0,0.0,0,101,0,6,0.6813,0.1328,GREEN,33,Kolkata
CLM0049065,KOL_00416,Sealdah,2025-02-25,10,0,0,0,0,0,0,0,0,0,0.0,0.358366,0,0.0,0,39,1,2,0.7001,0.0,GREEN,48,Kolkata
CLM0049066,KOL_06181,Park Street,2024-12-01,11,0,0,0,1,0,1,0,0,1,1.0,0.909046,0,0.0,1,9,1,18,0.0734,0.0932,GREEN,34,Kolkata
CLM0049067,KOL_01717,Dum Dum,2023-12-22,14,0,0,0,0,1,0,0,0,1,0.0,0.347339,0,0.0,0,206,1,5,0.5474,0.0,GREEN,39,Kolkata
CLM0049068,KOL_01568,Salt Lake,2024-07-12,14,0,0,0,0,0,0,0,0,0,0.0,0.326377,0,0.0,0,420,1,0,0.6843,0.0,GREEN,20,Kolkata
CLM0049069,KOL_02124,Salt Lake,2024-08-27,14,0,1,1,1,0,1,0,0,0,0.0,0.310196,0,0.0,0,364,2,2,0.8154,0.1908,GREEN,26,Kolkata
CLM0049070,KOL_07234,Sealdah,2025-04-11,16,0,0,0,0,0,0,0,0,0,1.0,0.938139,0,0.0,0,420,0,1,0.1172,0.1122,GREEN,34,Kolkata
CLM0049071,KOL_04540,Howrah,2021-01-14,7,0,0,0,1,0,0,0,0,1,0.0,0.15476,0,0.0,0,161,4,4,0.8584,0.2172,GREEN,18,Kolkata
CLM0049072,KOL_04603,Dum Dum,2021-02-13,17,0,0,0,1,0,0,1,0,0,0.0,0.144898,0,0.0,0,82,2,4,0.5881,0.2409,GREEN,39,Kolkata
CLM0049073,KOL_09282,Behala,2025-11-07,16,0,0,0,0,0,0,0,0,0,1.0,0.353831,0,0.0,0,112,3,5,0.8137,0.0837,GREEN,38,Kolkata
CLM0049074,KOL_06320,Dum Dum,2024-10-11,7,0,0,0,0,0,0,0,0,0,0.0,0.928403,1,0.0,0,385,2,6,0.6104,0.041,GREEN,18,Kolkata
CLM0049075,KOL_02319,Park Street,2020-03-28,20,0,0,0,0,0,0,1,0,0,0.0,0.264321,0,0.0,1,263,0,0,0.9724,0.0924,GREEN,45,Kolkata
CLM0049076,KOL_08801,Garia,2020-01-27,21,0,0,0,0,0,0,0,0,0,0.0,0.316739,0,1.0,0,418,0,0,0.05,0.0253,GREEN,41,Kolkata
CLM0049077,KOL_09689,Park Street,2022-10-26,7,0,1,1,0,0,1,0,0,0,0.0,0.06777,0,0.0,0,382,2,5,0.98,0.244,GREEN,34,Kolkata
CLM0049078,KOL_02779,New Town,2025-12-22,19,0,0,0,0,0,0,0,0,0,0.0,0.195525,0,0.0,0,148,0,0,0.5804,0.0612,GREEN,36,Kolkata
CLM0049079,KOL_06654,Dum Dum,2024-05-01,16,0,0,0,0,0,0,0,0,0,0.0,0.298205,0,0.0,0,5,3,4,0.8146,0.1089,GREEN,55,Kolkata
CLM0049080,KOL_01724,Park Street,2024-01-22,13,0,0,0,0,0,0,0,0,0,1.0,0.403234,0,0.0,0,346,2,4,0.7567,0.1436,GREEN,42,Kolkata
CLM0049081,KOL_04452,Howrah,2024-01-14,7,0,0,0,0,0,0,0,0,0,0.0,0.056912,0,0.0,0,420,0,2,0.98,0.0336,GREEN,18,Kolkata
CLM0049082,KOL_07016,Salt Lake,2022-11-20,18,0,0,0,0,0,0,0,0,0,0.0,0.160775,0,0.0,0,177,4,5,0.42,0.0905,GREEN,18,Kolkata
CLM0049083,KOL_04278,New Town,2024-02-18,12,0,0,0,0,0,0,0,0,0,0.0,0.0,0,0.0,0,405,0,2,0.2142,0.1925,GREEN,49,Kolkata
CLM0049084,KOL_01593,Howrah,2025-03-18,9,0,0,0,0,0,0,0,0,0,0.0,0.274005,0,0.0,0,420,1,5,0.6162,0.0322,GREEN,50,Kolkata
CLM0049085,KOL_00212,Garia,2025-09-06,11,0,0,0,0,0,0,0,0,0,0.0,0.263154,0,0.0,0,420,3,3,0.98,0.0632,GREEN,42,Kolkata
CLM0049086,KOL_06098,Sealdah,2025-10-05,17,0,0,0,0,0,0,0,0,0,0.0,0.109584,0,0.0,0,385,2,3,0.0865,0.1222,GREEN,40,Kolkata
CLM0049087,KOL_05342,Salt Lake,2025-11-28,21,0,0,0,0,0,0,0,0,0,0.0,0.137628,0,0.0,1,129,4,6,0.98,0.096,GREEN,36,Kolkata
CLM0049088,KOL_02232,New Town,2024-08-26,19,0,0,0,0,0,0,0,0,0,0.0,0.207249,0,0.0,0,182,3,2,0.7936,0.0,GREEN,41,Kolkata
CLM0049089,KOL_04562,Howrah,2024-05-24,10,0,0,0,0,0,0,0,0,1,0.0,0.098298,0,0.0,0,357,0,3,0.9546,0.1342,GREEN,44,Kolkata
CLM0049090,KOL_09288,Garia,2024-11-29,13,0,0,0,0,0,0,0,0,0,1.0,1.0,1,1.0,0,151,0,2,0.6981,0.0628,GREEN,21,Kolkata
CLM0049091,KOL_04964,Sealdah,2025-03-18,16,0,0,0,0,0,0,0,1,0,0.0,0.297489,0,0.0,0,414,3,3,0.05,0.1261,GREEN,28,Kolkata
CLM0049092,KOL_03402,Dum Dum,2024-08-13,18,0,0,0,1,0,0,0,0,0,0.0,0.26694,0,0.0,0,420,2,0,0.6244,0.2322,GREEN,39,Kolkata
CLM0049093,KOL_06290,Tollygunge,2025-04-29,15,0,0,0,0,0,0,0,0,0,0.0,0.189939,0,0.0,1,72,0,4,0.8696,0.1408,GREEN,27,Kolkata
CLM0049094,KOL_08401,Tollygunge,2024-05-17,11,0,0,0,0,0,0,0,0,0,0.0,0.165033,0,0.0,1,89,2,0,0.9209,0.0561,GREEN,26,Kolkata
CLM0049095,KOL_01596,Howrah,2025-09-21,7,0,0,0,0,0,0,0,1,0,0.0,0.958736,0,0.0,0,100,0,1,0.861,0.1231,GREEN,21,Kolkata
CLM0049096,KOL_01301,New Town,2024-11-01,20,0,0,0,0,0,0,0,0,0,0.0,0.0,0,0.0,0,409,2,4,0.4615,0.0584,GREEN,30,Kolkata
CLM0049097,KOL_01600,Behala,2025-07-25,20,0,0,0,0,0,0,0,0,0,0.0,0.032851,0,0.0,0,185,0,3,0.229,0.0988,GREEN,47,Kolkata
CLM0049098,KOL_09062,Sealdah,2025-03-24,18,0,0,0,0,0,0,0,0,0,0.0,0.232007,0,0.0,0,420,0,0,0.6751,0.013,GREEN,44,Kolkata
CLM0049099,KOL_06359,Park Street,2025-03-12,14,0,0,0,0,0,0,0,0,0,0.0,0.098869,0,0.0,1,420,2,5,0.9691,0.125,GREEN,53,Kolkata
CLM0049100,KOL_04915,New Town,2024-01-19,20,0,0,0,0,0,0,0,0,0,0.0,0.0,0,0.0,0,268,4,0,0.52,0.0,GREEN,30,Kolkata
CLM0049101,KOL_09428,Behala,2025-09-04,18,0,0,0,0,0,0,0,0,0,0.0,0.164331,0,0.0,0,305,0,5,0.8704,0.0,GREEN,33,Kolkata
CLM0049102,KOL_09432,Garia,2025-10-30,16,0,0,0,1,0,1,1,1,1,1.0,0.95658,0,0.0,0,5,1,18,0.1181,0.0433,GREEN,42,Kolkata
CLM0049103,KOL_09787,Esplanade,2024-04-09,15,0,0,0,0,0,0,1,1,0,0.0,0.032533,0,0.0,0,23,4,2,0.6764,0.1981,GREEN,25,Kolkata
CLM0049104,KOL_05993,Sealdah,2023-06-17,16,0,0,0,0,0,0,1,0,0,0.0,0.148727,0,0.0,0,227,0,4,0.7422,0.0522,GREEN,46,Kolkata
CLM0049105,KOL_02579,Garia,2024-09-18,13,0,1,1,0,0,0,0,0,0,0.0,0.152324,0,0.0,0,420,3,0,0.8439,0.0194,GREEN,23,Kolkata
CLM0049106,KOL_00878,Salt Lake,2023-08-17,13,0,0,0,0,0,0,0,0,0,0.0,0.20886,1,0.0,0,360,3,5,0.9524,0.0,GREEN,23,Kolkata
CLM0049107,KOL_01937,Sealdah,2023-07-23,16,0,0,0,0,0,0,0,0,0,0.0,0.277395,0,0.0,0,420,2,0,0.7287,0.0039,GREEN,48,Kolkata
CLM0049108,KOL_02897,Sealdah,2023-07-11,11,0,0,0,0,0,0,0,0,0,0.0,0.083965,0,0.0,0,221,0,4,0.5932,0.0116,GREEN,37,Kolkata
CLM0049109,KOL_00525,New Town,2025-09-07,13,0,0,0,0,0,0,0,1,0,0.0,0.072076,0,0.0,0,79,4,1,0.5948,0.0422,GREEN,26,Kolkata
CLM0049110,KOL_04526,Tollygunge,2025-01-08,12,0,1,1,0,0,0,0,0,0,0.0,1.0,1,0.0,0,420,3,0,0.7989,0.0799,GREEN,34,Kolkata
CLM0049111,KOL_09690,Behala,2023-11-12,18,0,0,0,0,0,0,0,1,0,0.0,0.864972,1,0.0,0,268,0,0,0.6729,0.0385,GREEN,21,Kolkata
CLM0049112,KOL_04829,Dum Dum,2025-05-15,19,0,0,0,0,0,0,0,0,0,0.0,0.051818,0,0.0,0,148,1,6,0.9477,0.0217,GREEN,39,Kolkata
CLM0049113,KOL_02749,Esplanade,2020-09-19,19,0,0,0,0,0,0,0,0,0,0.0,0.162637,0,0.0,0,209,4,6,0.7913,0.0406,GREEN,26,Kolkata
CLM0049114,KOL_00011,Park Street,2023-10-09,10,0,1,1,0,0,0,0,0,0,0.0,0.255168,0,0.0,0,162,1,0,0.6226,0.0576,GREEN,23,Kolkata
CLM0049115,KOL_08921,New Town,2019-01-09,18,0,0,0,0,0,0,0,0,0,0.0,1.0,0,0.0,0,119,4,2,0.5669,0.0522,GREEN,31,Kolkata
CLM0049116,KOL_06804,Howrah,2019-07-06,13,0,0,0,0,0,0,0,0,0,0.0,0.269235,1,0.0,0,354,1,0,0.6339,0.0335,GREEN,42,Kolkata
CLM0049117,KOL_00742,Garia,2020-03-18,17,0,0,0,0,0,0,0,0,0,1.0,1.0,0,1.0,0,420,1,2,0.6775,0.0311,GREEN,22,Kolkata
CLM0049118,KOL_00606,Salt Lake,2023-05-02,8,0,0,0,0,0,0,0,0,1,0.0,0.339773,0,0.0,0,78,0,3,0.5897,0.0593,GREEN,52,Kolkata
CLM0049119,KOL_00705,Salt Lake,2025-09-25,17,0,0,0,0,0,0,0,1,0,0.0,0.178186,0,0.0,0,420,4,1,0.6975,0.0989,GREEN,38,Kolkata
CLM0049120,KOL_02430,Park Street,2023-11-07,20,0,0,0,0,0,1,0,0,0,0.0,0.350126,0,0.0,0,27,2,4,0.6532,0.0701,GREEN,30,Kolkata
CLM0049121,KOL_03952,New Town,2018-03-25,11,0,0,0,0,0,1,0,1,0,0.0,0.360908,0,1.0,0,420,3,1,0.683,0.1927,GREEN,41,Kolkata
CLM0049122,KOL_08611,New Town,2025-06-17,13,0,0,0,0,0,0,1,0,0,0.0,0.150653,0,0.0,0,298,2,2,0.6622,0.1487,GREEN,25,Kolkata
CLM0049123,KOL_03119,Howrah,2024-11-27,9,0,0,0,1,0,0,1,0,0,0.0,0.411624,0,0.0,0,420,0,3,0.5394,0.3285,YELLOW,36,Kolkata
CLM0049124,KOL_03016,Garia,2023-10-05,14,0,0,0,0,0,0,0,0,0,0.0,0.411324,0,0.0,0,336,0,0,0.98,0.075,GREEN,38,Kolkata
CLM0049125,KOL_06019,Howrah,2024-05-13,12,0,0,0,0,0,0,0,0,0,0.0,0.20287,0,0.0,0,42,2,5,0.7508,0.0968,GREEN,26,Kolkata
CLM0049126,KOL_09892,Salt Lake,2025-05-12,7,0,0,0,0,0,0,1,0,0,0.0,0.041192,0,0.0,0,261,3,3,0.5184,0.1693,GREEN,26,Kolkata
CLM0049127,KOL_04637,Tollygunge,2025-09-17,10,0,0,0,0,0,1,1,0,0,0.0,0.178427,0,1.0,0,180,2,0,0.2343,0.2509,GREEN,39,Kolkata
CLM0049128,KOL_04098,Salt Lake,2025-02-14,19,0,0,0,0,0,0,0,1,0,0.0,0.097028,0,0.0,0,420,3,0,0.772,0.1239,GREEN,38,Kolkata
CLM0049129,KOL_04477,Esplanade,2024-11-06,20,0,0,0,0,0,0,0,0,0,0.0,0.310705,0,0.0,0,167,2,4,0.672,0.0,GREEN,31,Kolkata
CLM0049130,KOL_03590,Salt Lake,2025-01-28,14,0,0,0,0,0,0,0,0,0,0.0,0.0,0,0.0,0,399,2,2,0.8483,0.1007,GREEN,38,Kolkata
CLM0049131,KOL_03610,Dum Dum,2025-06-24,12,0,0,0,1,0,0,0,1,0,0.0,0.275892,1,0.0,0,362,4,3,0.8535,0.3717,YELLOW,42,Kolkata
CLM0049132,KOL_01911,Tollygunge,2024-09-09,11,0,0,0,1,1,0,1,1,0,0.0,0.255242,1,1.0,0,5,1,18,0.3045,0.0744,GREEN,34,Kolkata
CLM0049133,KOL_04922,Tollygunge,2024-01-19,13,0,0,0,0,0,0,0,0,0,0.0,0.0,0,0.0,0,215,0,2,0.1655,0.0158,GREEN,52,Kolkata
CLM0049134,KOL_02319,Park Street,2024-07-20,20,0,0,0,0,0,1,0,0,0,0.0,0.908695,0,0.0,0,420,3,3,0.722,0.1211,GREEN,45,Kolkata
CLM0049135,KOL_04154,Tollygunge,2024-04-23,9,0,0,0,0,0,0,0,0,0,1.0,0.273853,0,0.0,0,330,3,1,0.8007,0.087,GREEN,30,Kolkata
CLM0049136,KOL_01714,Sealdah,2025-08-13,11,0,0,0,0,0,0,0,0,0,0.0,0.980157,0,0.0,0,173,2,6,0.5488,0.0,GREEN,44,Kolkata
CLM0049137,KOL_07686,New Town,2024-02-01,16,0,0,0,0,0,1,1,0,1,0.0,0.00256,0,0.0,0,364,1,1,0.98,0.2201,GREEN,28,Kolkata
CLM0049138,KOL_00835,Park Street,2024-12-08,21,0,0,0,0,0,0,0,0,0,0.0,0.160563,0,0.0,0,94,4,6,0.98,0.0774,GREEN,48,Kolkata
CLM0049139,KOL_08186,Garia,2024-07-28,11,0,0,0,0,0,0,0,1,0,0.0,0.25738,0,0.0,0,407,2,0,0.1591,0.0855,GREEN,41,Kolkata
CLM0049140,KOL_08700,Howrah,2024-03-26,14,0,0,0,0,0,0,0,1,0,0.0,0.245754,0,0.0,0,93,4,5,0.7501,0.1066,GREEN,47,Kolkata
CLM0049141,KOL_03769,New Town,2023-04-29,8,0,0,0,1,0,1,0,0,0,0.0,0.116085,0,0.0,0,420,4,3,0.5233,0.1764,GREEN,46,Kolkata
CLM0049142,KOL_03028,Tollygunge,2019-08-25,11,0,0,0,0,0,0,0,0,0,0.0,0.170677,0,0.0,0,157,1,2,0.699,0.0595,GREEN,40,Kolkata
CLM0049143,KOL_01668,Garia,2022-11-09,15,0,0,0,0,0,0,0,0,0,0.0,0.147624,0,0.0,0,310,0,7,0.7696,0.0,GREEN,18,Kolkata
CLM0049144,KOL_06533,Dum Dum,2024-11-11,14,1,0,0,0,0,0,0,0,0,0.0,0.059005,0,0.0,0,405,3,2,0.674,0.136,GREEN,36,Kolkata
CLM0049145,KOL_08845,Howrah,2019-08-21,13,0,0,0,0,0,0,0,0,0,0.0,1.0,0,0.0,0,403,3,0,0.98,0.0051,GREEN,32,Kolkata
CLM0049146,KOL_04815,New Town,2017-04-02,16,0,0,0,0,0,0,0,0,0,0.0,0.066061,0,1.0,0,420,0,6,0.98,0.0,GREEN,54,Kolkata
CLM0049147,KOL_03039,Park Street,2025-05-17,14,0,0,0,0,0,0,0,0,0,0.0,0.23906,0,0.0,0,35,1,3,0.6824,0.0,GREEN,45,Kolkata
CLM0049148,KOL_04556,New Town,2022-03-26,19,0,0,0,1,0,0,0,0,0,0.0,0.339223,0,0.0,0,406,1,3,0.895,0.0566,GREEN,19,Kolkata
CLM0049149,KOL_07034,Dum Dum,2020-04-26,8,0,0,0,0,0,0,0,0,0,0.0,0.32667,0,0.0,0,283,4,2,0.6461,0.0718,GREEN,24,Kolkata
CLM0049150,KOL_00669,Dum Dum,2016-11-20,7,0,0,0,0,0,1,0,0,0,0.0,0.062431,0,0.0,0,345,1,0,0.6846,0.0919,GREEN,31,Kolkata
CLM0049151,KOL_05834,New Town,2021-06-02,14,0,0,0,0,0,0,0,0,0,0.0,0.079501,0,0.0,1,295,1,2,0.8561,0.0178,GREEN,39,Kolkata
CLM0049152,KOL_09803,New Town,2019-04-28,21,0,0,0,0,0,0,0,0,0,0.0,0.343364,0,0.0,0,205,4,4,0.23,0.0,GREEN,18,Kolkata
CLM0049153,KOL_09154,New Town,2022-08-03,7,0,0,0,0,0,0,0,0,0,0.0,0.254878,0,0.0,0,115,2,0,0.9596,0.0,GREEN,24,Kolkata
CLM0049154,KOL_01685,Tollygunge,2025-08-30,15,0,0,0,0,0,0,0,0,0,1.0,0.0,0,0.0,0,60,1,4,0.2385,0.1154,GREEN,35,Kolkata
CLM0049155,KOL_00996,Tollygunge,2021-03-21,20,0,0,0,0,0,0,0,0,0,0.0,0.0,0,0.0,0,168,1,3,0.8848,0.0307,GREEN,34,Kolkata
CLM0049156,KOL_05023,Salt Lake,2025-02-03,19,0,1,1,0,0,0,0,0,0,0.0,0.951625,1,0.0,0,362,2,0,0.4431,0.0714,GREEN,44,Kolkata
CLM0049157,KOL_04123,Behala,2016-02-28,12,0,0,0,0,0,0,0,0,0,0.0,0.127807,0,0.0,0,316,1,4,0.8489,0.0313,GREEN,41,Kolkata
CLM0049158,KOL_04473,Garia,2020-06-22,18,0,0,0,0,0,0,0,0,1,0.0,0.341749,0,0.0,0,254,3,2,0.7191,0.1301,GREEN,32,Kolkata
CLM0049159,KOL_07568,Tollygunge,2021-01-07,17,0,0,0,0,0,0,0,0,0,0.0,0.377247,0,0.0,0,420,0,5,0.7053,0.0262,GREEN,35,Kolkata
CLM0049160,KOL_01957,Howrah,2018-08-13,19,0,0,0,0,0,0,0,1,0,0.0,0.22471,0,0.0,0,199,1,0,0.2637,0.2145,GREEN,57,Kolkata
CLM0049161,KOL_04075,Esplanade,2021-03-05,11,0,0,0,1,0,0,1,1,0,0.0,0.05896,0,0.0,0,5,2,18,0.8434,0.0576,GREEN,29,Kolkata
CLM0049162,KOL_06777,Esplanade,2025-12-21,19,0,0,0,0,0,0,0,0,0,0.0,0.347472,0,0.0,0,126,4,5,0.1261,0.0,GREEN,23,Kolkata
CLM0049163,KOL_03440,Park Street,2025-07-17,17,0,0,0,0,0,0,0,0,0,0.0,0.087115,0,0.0,0,5,3,5,0.874,0.1614,GREEN,45,Kolkata
CLM0049164,KOL_09919,Salt Lake,2023-01-30,9,0,0,0,0,0,0,0,1,0,0.0,0.0,0,0.0,0,86,1,5,0.98,0.1353,GREEN,36,Kolkata
CLM0049165,KOL_06283,Garia,2021-09-30,9,0,0,0,0,0,0,0,0,0,0.0,0.347714,0,0.0,0,86,3,4,0.6741,0.0,GREEN,33,Kolkata
CLM0049166,KOL_00587,Behala,2023-11-17,10,0,0,0,0,0,0,0,0,0,0.0,0.125633,0,0.0,0,197,4,1,0.957,0.0382,GREEN,34,Kolkata
CLM0049167,KOL_07871,Garia,2025-10-09,21,0,0,0,0,0,0,0,0,0,0.0,0.40962,0,0.0,0,420,1,0,0.8771,0.0426,GREEN,40,Kolkata
CLM0049168,KOL_03628,Dum Dum,2025-04-03,14,0,0,0,0,0,0,0,0,0,0.0,0.004094,0,0.0,0,165,0,1,0.5861,0.0,GREEN,45,Kolkata
CLM0049169,KOL_01986,Howrah,2025-01-29,12,0,0,0,0,0,0,0,0,0,0.0,0.087499,0,0.0,0,240,2,9,0.6051,0.136,GREEN,47,Kolkata
CLM0049170,KOL_04982,Garia,2024-06-12,9,0,0,0,0,0,0,0,0,0,0.0,0.311124,0,0.0,0,311,1,0,0.9163,0.0231,GREEN,58,Kolkata
CLM0049171,KOL_04624,Dum Dum,2018-01-12,9,0,0,0,0,0,1,0,0,0,0.0,0.326128,0,0.0,0,50,3,4,0.9663,0.0918,GREEN,39,Kolkata
CLM0049172,KOL_05571,Esplanade,2024-03-29,13,0,0,0,0,0,0,0,0,0,0.0,0.261872,0,1.0,0,414,3,0,0.1341,0.0,GREEN,23,Kolkata
CLM0049173,KOL_07913,Howrah,2022-05-23,9,0,0,0,0,0,0,0,0,0,0.0,0.048896,0,0.0,0,252,1,5,0.9796,0.0918,GREEN,41,Kolkata
CLM0049174,KOL_00680,Behala,2020-10-03,11,0,0,0,0,0,0,0,0,0,0.0,0.224805,0,0.0,0,420,0,4,0.7741,0.0,GREEN,24,Kolkata
CLM0049175,KOL_00889,Tollygunge,2024-01-31,15,0,0,0,0,0,0,0,1,0,1.0,0.9506,0,1.0,0,184,2,0,0.628,0.2353,GREEN,46,Kolkata
CLM0049176,KOL_09324,Park Street,2019-07-23,13,0,0,0,0,0,0,0,0,0,0.0,0.997451,0,0.0,0,202,1,0,0.5632,0.0605,GREEN,20,Kolkata
CLM0049177,KOL_05870,Sealdah,2024-01-17,14,0,0,0,0,0,0,0,0,1,0.0,0.053478,0,0.0,0,302,1,0,0.4495,0.1702,GREEN,44,Kolkata
CLM0049178,KOL_07228,Howrah,2018-07-27,14,0,0,0,0,0,0,0,0,0,1.0,0.299903,0,0.0,0,419,1,6,0.1651,0.0432,GREEN,28,Kolkata
CLM0049179,KOL_04894,Garia,2018-02-26,8,0,0,0,0,0,0,0,0,0,0.0,0.054047,0,1.0,0,257,4,1,0.98,0.0172,GREEN,32,Kolkata
CLM0049180,KOL_08878,Dum Dum,2025-01-03,14,0,0,0,0,0,0,0,0,0,0.0,0.992145,0,0.0,0,83,1,3,0.1407,0.0023,GREEN,33,Kolkata
CLM0049181,KOL_08388,Behala,2019-10-03,13,0,0,0,0,0,0,0,0,0,0.0,0.074042,0,0.0,0,218,2,3,0.8341,0.1132,GREEN,42,Kolkata
CLM0049182,KOL_03430,Sealdah,2018-10-11,7,0,0,0,0,0,0,0,0,0,0.0,0.425729,0,0.0,0,282,0,3,0.6739,0.0,GREEN,32,Kolkata
CLM0049183,KOL_05272,New Town,2023-03-16,9,0,0,0,0,0,0,0,0,0,1.0,0.0,0,0.0,0,420,3,1,0.8895,0.0565,GREEN,55,Kolkata
CLM0049184,KOL_02841,Garia,2018-06-17,20,0,0,0,0,0,0,0,0,0,0.0,0.206654,0,1.0,0,269,4,0,0.8999,0.0,GREEN,47,Kolkata
CLM0049185,KOL_07482,New Town,2023-06-10,9,0,0,0,0,0,0,0,0,0,0.0,0.254541,1,0.0,1,69,2,4,0.5593,0.1568,GREEN,46,Kolkata
CLM0049186,KOL_05249,Tollygunge,2022-07-30,8,0,0,0,0,1,0,1,0,0,0.0,0.138403,0,0.0,0,311,3,5,0.9049,0.1637,GREEN,26,Kolkata
CLM0049187,KOL_08070,Esplanade,2023-11-19,11,0,0,0,1,0,1,0,0,0,0.0,0.071817,0,0.0,0,420,2,4,0.1399,0.2469,GREEN,41,Kolkata
CLM0049188,KOL_06312,Dum Dum,2022-07-22,15,0,0,0,0,0,1,0,0,0,0.0,0.183429,0,0.0,0,172,3,3,0.0839,0.1277,GREEN,27,Kolkata
CLM0049189,KOL_06438,Garia,2021-07-20,15,0,0,0,0,0,0,0,0,0,0.0,0.209516,0,0.0,0,145,2,5,0.8263,0.0,GREEN,34,Kolkata
CLM0049190,KOL_03752,Dum Dum,2019-09-09,7,0,0,0,0,0,0,0,1,0,0.0,0.270292,0,0.0,0,420,2,0,0.98,0.1382,GREEN,42,Kolkata
CLM0049191,KOL_00915,Salt Lake,2023-07-20,13,0,0,0,0,0,1,0,0,0,0.0,0.210396,0,0.0,0,307,2,3,0.5186,0.0363,GREEN,43,Kolkata
CLM0049192,KOL_04635,Behala,2021-08-12,7,0,0,0,0,0,0,0,0,0,0.0,0.078047,0,0.0,1,373,2,0,0.6163,0.195,GREEN,33,Kolkata
CLM0049193,KOL_04053,Salt Lake,2024-01-10,10,0,0,0,0,0,0,0,0,0,0.0,0.354514,0,0.0,1,414,4,0,0.5681,0.0,GREEN,31,Kolkata
CLM0049194,KOL_09468,Garia,2025-12-20,9,0,0,0,0,0,1,0,0,0,0.0,0.07421,0,0.0,0,226,0,0,0.6712,0.1442,GREEN,26,Kolkata
CLM0049195,KOL_07907,Park Street,2021-05-02,9,0,0,0,0,0,0,0,0,0,0.0,0.197768,0,0.0,0,202,2,0,0.9379,0.081,GREEN,26,Kolkata
CLM0049196,KOL_07205,Park Street,2025-09-09,11,0,0,0,0,0,0,0,0,0,0.0,0.270654,0,0.0,0,279,4,2,0.8116,0.0,GREEN,35,Kolkata
CLM0049197,KOL_09921,Garia,2023-07-02,15,0,0,0,0,0,0,0,0,0,0.0,0.340753,0,0.0,0,106,1,0,0.8421,0.0,GREEN,46,Kolkata
CLM0049198,KOL_08863,Howrah,2023-05-18,13,0,0,0,0,0,0,0,1,0,1.0,0.099957,0,0.0,0,319,2,2,0.4667,0.2645,GREEN,30,Kolkata
CLM0049199,KOL_06355,New Town,2020-05-01,11,0,0,0,1,0,0,0,0,0,0.0,0.071341,0,0.0,0,420,2,3,0.8062,0.1775,GREEN,53,Kolkata
CLM0049200,KOL_05175,Sealdah,2020-08-23,17,0,0,0,0,0,0,0,0,0,0.0,0.276949,0,0.0,0,254,2,5,0.2505,0.0953,GREEN,40,Kolkata
CLM0049201,KOL_08061,Sealdah,2021-02-17,15,0,0,0,0,0,0,0,0,0,1.0,0.093044,0,0.0,0,182,3,2,0.8444,0.1374,GREEN,34,Kolkata
CLM0049202,KOL_03036,Behala,2023-01-13,12,0,0,0,0,1,0,1,1,1,1.0,1.0,0,0.0,1,7,0,18,0.3298,0.0,GREEN,33,Kolkata
CLM0049203,KOL_07014,Garia,2022-06-09,13,0,0,0,0,0,0,0,0,0,0.0,0.223753,0,0.0,0,116,4,4,0.9104,0.0911,GREEN,42,Kolkata
CLM0049204,KOL_02309,Tollygunge,2024-07-30,16,0,0,0,0,0,0,0,0,0,0.0,0.032804,0,0.0,1,420,3,2,0.165,0.0555,GREEN,43,Kolkata
CLM0049205,KOL_03443,Howrah,2021-01-16,14,0,0,0,0,0,0,0,0,0,1.0,0.139022,1,0.0,0,114,1,5,0.227,0.1043,GREEN,55,Kolkata
CLM0049206,KOL_06511,Sealdah,2017-06-30,12,0,0,0,0,0,0,0,0,0,0.0,0.331895,0,0.0,0,130,3,4,0.8476,0.0,GREEN,39,Kolkata
CLM0049207,KOL_07483,Dum Dum,2024-06-02,12,0,0,0,0,0,0,0,1,0,1.0,0.281076,0,0.0,0,224,0,3,0.6812,0.1882,GREEN,46,Kolkata
CLM0049208,KOL_03625,Esplanade,2023-04-07,20,0,0,0,0,0,0,0,0,0,1.0,0.213873,0,0.0,1,229,4,5,0.7148,0.0858,GREEN,44,Kolkata
CLM0049209,KOL_04594,Sealdah,2021-03-21,10,0,0,0,0,0,0,0,0,0,0.0,0.084061,0,0.0,0,53,4,8,0.8727,0.0,GREEN,42,Kolkata
CLM0049210,KOL_01984,Park Street,2020-01-10,7,0,0,0,1,0,0,0,0,0,0.0,0.177408,0,0.0,0,228,0,1,0.876,0.1398,GREEN,38,Kolkata
CLM0049211,KOL_09846,Dum Dum,2019-03-05,21,0,0,0,0,0,0,0,0,0,0.0,0.319275,0,0.0,0,305,1,3,0.866,0.0058,GREEN,19,Kolkata
CLM0049212,KOL_07216,Sealdah,2023-01-14,9,0,0,0,0,0,0,0,0,0,0.0,0.32647,0,1.0,0,92,3,0,0.217,0.0187,GREEN,20,Kolkata
CLM0049213,KOL_05257,Tollygunge,2023-06-02,11,0,0,0,0,0,0,0,0,0,0.0,0.302723,0,0.0,0,420,4,7,0.98,0.0,GREEN,32,Kolkata
CLM0049214,KOL_02378,Park Street,2025-01-28,18,0,0,0,0,0,0,1,0,0,0.0,0.383602,0,0.0,0,262,0,3,0.207,0.0859,GREEN,36,Kolkata
CLM0049215,KOL_04552,New Town,2025-11-22,7,0,0,0,0,0,0,0,0,1,0.0,0.245083,0,0.0,0,116,1,0,0.7064,0.0576,GREEN,18,Kolkata
CLM0049216,KOL_01605,Tollygunge,2024-10-14,11,0,0,0,0,0,0,0,0,0,1.0,0.359074,0,0.0,0,342,2,1,0.5451,0.0768,GREEN,37,Kolkata
CLM0049217,KOL_07153,Dum Dum,2025-09-05,16,0,0,0,0,0,0,0,1,0,1.0,0.052974,0,0.0,0,392,2,3,0.7503,0.1584,GREEN,32,Kolkata
CLM0049218,KOL_02436,Dum Dum,2022-12-11,8,0,0,0,1,0,0,0,0,0,0.0,1.0,0,0.0,0,370,4,0,0.5741,0.1774,GREEN,18,Kolkata
CLM0049219,KOL_09575,Sealdah,2024-12-02,15,0,0,0,0,0,0,0,1,0,0.0,0.089911,0,0.0,0,110,2,1,0.687,0.1792,GREEN,40,Kolkata
CLM0049220,KOL_05193,Behala,2023-12-13,15,0,0,0,0,0,0,0,0,0,0.0,0.355445,0,1.0,1,347,0,2,0.6538,0.0556,GREEN,38,Kolkata
CLM0049221,KOL_06400,Howrah,2025-05-05,20,0,0,0,0,0,0,0,0,0,0.0,0.450201,0,0.0,0,314,3,4,0.7854,0.0301,GREEN,38,Kolkata
CLM0049222,KOL_08693,Howrah,2018-10-06,16,0,1,1,1,0,0,0,0,1,1.0,0.113393,0,1.0,1,14,0,18,0.2512,0.3055,GREEN,50,Kolkata
CLM0049223,KOL_05858,Garia,2019-04-09,21,0,1,1,0,0,0,0,0,0,1.0,0.496371,1,0.0,0,308,0,4,0.7958,0.6157,RED,35,Kolkata
CLM0049224,KOL_06470,Behala,2023-07-20,13,0,1,1,0,0,0,0,0,0,0.0,1.0,0,0.0,0,146,2,2,0.8293,0.4966,YELLOW,26,Kolkata
CLM0049225,KOL_05716,Behala,2019-06-13,10,0,1,1,1,1,0,1,1,0,0.0,0.132083,0,0.0,1,18,1,18,0.8302,0.6656,RED,33,Kolkata
CLM0049226,KOL_04803,Sealdah,2019-05-29,8,0,1,1,1,0,0,1,0,1,0.0,0.038816,0,0.0,1,6,1,18,0.8238,0.557,YELLOW,57,Kolkata
CLM0049227,KOL_08305,Salt Lake,2021-04-20,15,0,0,0,0,0,0,0,0,0,0.0,0.195408,0,0.0,0,179,0,3,0.6692,0.0426,GREEN,35,Kolkata
CLM0049228,KOL_09985,Esplanade,2020-03-26,8,0,0,0,0,0,0,0,0,0,0.0,0.386352,0,0.0,0,183,1,3,0.5222,0.0,GREEN,21,Kolkata
CLM0049229,KOL_06273,Dum Dum,2023-07-11,12,0,0,0,0,0,0,0,0,0,0.0,0.981593,1,0.0,0,260,1,3,0.9004,0.0,GREEN,50,Kolkata
CLM0049230,KOL_07345,Garia,2017-06-23,13,0,0,0,0,0,0,0,0,0,0.0,0.441016,0,0.0,0,115,4,4,0.9008,0.0006,GREEN,32,Kolkata
CLM0049231,KOL_08058,Esplanade,2024-01-18,11,0,0,0,0,1,0,0,0,1,0.0,0.169644,0,0.0,0,134,3,2,0.7895,0.21,GREEN,30,Kolkata
CLM0049232,KOL_02917,Garia,2018-06-30,17,0,0,0,0,0,0,0,0,0,0.0,0.488779,0,0.0,0,114,4,0,0.7675,0.0169,GREEN,38,Kolkata
CLM0049233,KOL_08079,Behala,2017-02-12,20,0,0,0,0,0,1,0,0,0,0.0,0.287511,0,0.0,0,305,1,2,0.3368,0.1632,GREEN,51,Kolkata
CLM0049234,KOL_01525,New Town,2017-01-20,20,0,0,0,0,0,0,0,0,0,0.0,0.221394,0,0.0,0,56,1,6,0.9269,0.0311,GREEN,52,Kolkata
CLM0049235,KOL_09504,Salt Lake,2025-10-03,20,0,0,0,0,1,0,1,0,1,1.0,0.971645,0,0.0,0,5,1,18,0.1627,0.3239,YELLOW,44,Kolkata
CLM0049236,KOL_04058,Park Street,2022-04-23,8,0,0,0,0,0,0,0,0,0,0.0,0.438814,0,0.0,0,27,3,0,0.7666,0.0,GREEN,24,Kolkata
CLM0049237,KOL_04820,Tollygunge,2023-06-16,14,0,0,0,0,0,1,0,0,1,0.0,0.395182,0,0.0,0,200,0,5,0.98,0.216,GREEN,28,Kolkata
CLM0049238,KOL_03104,Esplanade,2022-11-09,9,0,0,0,0,1,0,0,0,0,0.0,0.934001,0,0.0,0,420,2,5,0.7121,0.2307,GREEN,33,Kolkata
CLM0049239,KOL_09740,Tollygunge,2024-06-08,18,0,0,0,0,0,0,0,1,0,0.0,0.366484,0,0.0,0,420,3,1,0.1949,0.0,GREEN,26,Kolkata
CLM0049240,KOL_07477,Garia,2024-06-12,16,0,0,0,0,0,0,0,0,0,0.0,0.069921,0,0.0,0,284,1,6,0.4836,0.0084,GREEN,29,Kolkata
CLM0049241,KOL_07389,Sealdah,2023-02-25,15,0,0,0,1,0,0,0,0,0,0.0,1.0,0,0.0,0,334,2,0,0.46,0.0719,GREEN,33,Kolkata
CLM0049242,KOL_01797,Garia,2025-10-14,7,0,0,0,0,0,0,0,0,0,0.0,0.065672,0,1.0,0,420,0,0,0.9448,0.0,GREEN,43,Kolkata
CLM0049243,KOL_03658,New Town,2024-07-16,17,0,0,0,1,1,1,0,1,0,0.0,0.030122,1,0.0,0,37,4,18,0.8787,0.0,GREEN,26,Kolkata
CLM0049244,KOL_01701,Sealdah,2023-10-15,9,0,0,0,0,0,1,0,0,0,0.0,0.228589,0,0.0,0,402,3,2,0.4272,0.1092,GREEN,33,Kolkata
CLM0049245,KOL_03325,Howrah,2025-12-18,11,0,0,0,0,0,0,0,0,0,0.0,0.113803,0,0.0,0,318,1,0,0.2595,0.0437,GREEN,33,Kolkata
CLM0049246,KOL_02039,Howrah,2021-10-10,21,0,0,0,0,0,0,1,1,0,0.0,0.057735,1,0.0,0,8,2,18,0.98,0.0809,GREEN,36,Kolkata
CLM0049247,KOL_01526,Tollygunge,2023-11-19,7,0,0,0,0,0,0,1,0,0,0.0,0.0,0,0.0,1,222,3,3,0.7113,0.1248,GREEN,30,Kolkata
CLM0049248,KOL_04973,Behala,2025-07-20,19,0,0,0,0,0,0,0,0,1,0.0,0.00761,0,0.0,0,420,0,2,0.9283,0.1397,GREEN,35,Kolkata
CLM0049249,KOL_04532,Garia,2025-08-18,18,0,0,0,0,0,0,1,0,0,0.0,0.310728,0,0.0,0,78,0,4,0.6287,0.0322,GREEN,35,Kolkata
CLM0049250,KOL_02253,New Town,2025-01-02,21,0,0,0,1,0,0,0,1,1,0.0,0.044032,1,0.0,0,11,3,18,0.8289,0.0585,GREEN,37,Kolkata
CLM0049251,KOL_09748,Salt Lake,2025-04-09,16,0,0,0,0,0,0,1,1,0,0.0,0.01748,0,0.0,0,254,4,2,0.5444,0.1684,GREEN,37,Kolkata
CLM0049252,KOL_06492,Sealdah,2025-03-22,7,0,0,0,0,0,0,0,0,0,1.0,0.992116,1,1.0,1,314,2,4,0.7852,0.1106,GREEN,47,Kolkata
CLM0049253,KOL_04377,Tollygunge,2025-03-10,15,0,0,0,0,0,0,0,0,0,0.0,0.096583,1,0.0,0,88,4,3,0.8185,0.0573,GREEN,45,Kolkata
CLM0049254,KOL_08076,Tollygunge,2025-03-16,10,0,1,1,0,0,0,0,0,0,0.0,0.341391,0,0.0,0,420,0,5,0.3807,0.76,RED,50,Kolkata
CLM0049255,KOL_02387,Dum Dum,2023-06-06,12,0,1,1,0,0,0,0,0,0,0.0,0.061367,0,0.0,0,49,0,3,0.4137,0.7443,RED,44,Kolkata
CLM0049256,KOL_01579,Garia,2023-12-20,16,0,1,1,1,1,1,1,1,1,1.0,1.0,0,0.0,1,8,0,18,0.05,0.9539,RED,33,Kolkata
CLM0049257,KOL_01933,Garia,2024-01-27,7,0,1,1,1,1,0,1,0,1,1.0,1.0,1,1.0,0,5,0,18,0.9114,0.6507,RED,33,Kolkata
CLM0049258,KOL_09819,Tollygunge,2024-06-07,20,0,0,0,0,0,0,0,0,0,0.0,0.026514,0,0.0,0,420,3,2,0.98,0.0,GREEN,23,Kolkata
CLM0049259,KOL_06226,Behala,2024-12-06,11,0,0,0,0,0,0,0,1,0,0.0,0.36641,0,0.0,0,420,4,1,0.8067,0.0542,GREEN,35,Kolkata
CLM0049260,KOL_07068,Garia,2020-01-20,13,0,0,0,0,0,0,0,0,0,0.0,0.152143,0,0.0,0,197,3,3,0.6211,0.0092,GREEN,23,Kolkata
CLM0049261,KOL_08139,Tollygunge,2023-02-11,20,0,0,0,0,0,0,0,0,0,0.0,0.133182,0,0.0,0,363,0,0,0.9273,0.0,GREEN,41,Kolkata
CLM0049262,KOL_09227,New Town,2018-07-09,16,0,0,0,0,0,0,0,0,0,0.0,0.247076,0,0.0,0,305,2,0,0.751,0.0,GREEN,18,Kolkata
CLM0049263,KOL_02613,New Town,2017-06-02,16,0,0,0,0,0,0,0,0,0,0.0,0.0,0,0.0,0,132,4,2,0.1608,0.0804,GREEN,25,Kolkata
CLM0049264,KOL_01765,Garia,2023-02-08,18,0,0,0,0,0,0,0,0,0,0.0,0.29094,0,0.0,0,176,3,3,0.7537,0.0,GREEN,52,Kolkata
CLM0049265,KOL_04561,Garia,2023-10-11,21,0,0,0,0,0,0,0,0,0,1.0,0.428217,0,0.0,0,182,0,0,0.7825,0.0305,GREEN,18,Kolkata
CLM0049266,KOL_01320,Behala,2017-12-26,10,0,0,0,0,0,0,0,0,0,0.0,0.024566,0,0.0,0,115,3,0,0.5634,0.0649,GREEN,40,Kolkata
CLM0049267,KOL_09402,Dum Dum,2025-12-11,15,0,0,0,0,0,0,0,0,0,0.0,0.153075,0,0.0,0,112,4,2,0.1345,0.0,GREEN,19,Kolkata
CLM0049268,KOL_04930,Tollygunge,2024-02-03,9,0,0,0,0,0,0,0,0,0,0.0,0.287317,0,0.0,0,401,1,5,0.8524,0.0565,GREEN,24,Kolkata
CLM0049269,KOL_01219,Salt Lake,2017-11-03,18,0,0,0,0,0,1,0,0,0,0.0,0.0,0,0.0,0,223,2,0,0.7105,0.1962,GREEN,30,Kolkata
CLM0049270,KOL_03988,Howrah,2020-03-27,17,0,0,0,0,0,0,0,1,0,0.0,0.0,0,0.0,0,408,1,0,0.2371,0.1699,GREEN,28,Kolkata
CLM0049271,KOL_04635,Behala,2022-05-05,12,0,0,0,0,0,0,0,0,0,0.0,0.274297,0,0.0,0,357,0,4,0.7352,0.1041,GREEN,33,Kolkata
CLM0049272,KOL_07460,Park Street,2015-09-22,14,0,0,0,0,0,0,0,0,0,0.0,0.176042,0,0.0,0,42,3,1,0.2425,0.0,GREEN,42,Kolkata
CLM0049273,KOL_09986,New Town,2018-05-31,14,0,0,0,0,0,0,1,1,0,0.0,0.11102,0,0.0,0,114,3,1,0.5998,0.1904,GREEN,36,Kolkata
CLM0049274,KOL_00245,Behala,2021-04-15,19,0,0,0,0,0,0,1,0,0,0.0,0.378217,0,0.0,0,313,4,2,0.5738,0.0404,GREEN,18,Kolkata
CLM0049275,KOL_05712,New Town,2024-08-20,20,0,0,0,0,0,0,0,1,0,0.0,0.163517,0,1.0,0,420,3,3,0.1596,0.094,GREEN,49,Kolkata
CLM0049276,KOL_06055,Dum Dum,2020-11-11,8,0,0,0,0,0,0,1,1,0,0.0,0.095904,0,0.0,0,153,0,4,0.5372,0.1207,GREEN,44,Kolkata
CLM0049277,KOL_05155,Esplanade,2024-08-04,8,0,0,0,0,0,0,0,0,0,0.0,0.362017,0,0.0,0,6,2,4,0.7845,0.1088,GREEN,28,Kolkata
CLM0049278,KOL_09740,Tollygunge,2017-02-11,18,0,0,0,0,0,0,0,0,0,1.0,0.030656,0,0.0,0,227,4,2,0.682,0.0977,GREEN,26,Kolkata
CLM0049279,KOL_00240,Park Street,2022-07-31,9,0,0,0,0,0,0,0,0,0,1.0,0.15598,0,0.0,0,420,3,2,0.05,0.0078,GREEN,25,Kolkata
CLM0049280,KOL_01627,Salt Lake,2024-08-06,21,0,0,0,0,0,0,0,0,0,0.0,0.198899,0,0.0,0,296,3,1,0.05,0.0,GREEN,60,Kolkata
CLM0049281,KOL_00750,Howrah,2024-11-05,17,0,0,0,0,0,0,0,0,0,0.0,0.313229,0,0.0,0,75,4,3,0.8702,0.0,GREEN,30,Kolkata
CLM0049282,KOL_07273,Salt Lake,2019-06-01,12,0,0,0,0,0,0,0,0,0,0.0,0.294941,0,0.0,0,208,2,0,0.98,0.0,GREEN,18,Kolkata
CLM0049283,KOL_07738,New Town,2019-01-28,15,0,0,0,0,0,0,0,0,0,0.0,0.275278,0,0.0,0,105,4,3,0.6497,0.0084,GREEN,30,Kolkata
CLM0049284,KOL_00658,Dum Dum,2019-07-25,8,0,0,0,0,0,1,0,0,0,0.0,0.149834,0,1.0,0,370,2,0,0.6266,0.0549,GREEN,51,Kolkata
CLM0049285,KOL_06899,Salt Lake,2024-01-09,19,0,0,0,0,0,0,0,0,0,0.0,0.282676,0,0.0,0,239,4,0,0.6266,0.0,GREEN,36,Kolkata
CLM0049286,KOL_06381,Howrah,2020-09-03,8,0,0,0,0,0,0,0,0,0,0.0,0.06869,0,0.0,0,420,0,3,0.8587,0.0143,GREEN,19,Kolkata
CLM0049287,KOL_04261,Garia,2020-12-17,16,0,0,0,0,0,0,0,0,0,0.0,0.257884,0,0.0,0,352,4,0,0.6699,0.0,GREEN,46,Kolkata
CLM0049288,KOL_06999,New Town,2020-10-16,19,0,0,0,0,0,0,0,0,0,0.0,0.8797,0,0.0,0,176,4,2,0.2827,0.0,GREEN,50,Kolkata
CLM0049289,KOL_06210,Tollygunge,2025-09-15,7,0,0,0,0,0,0,0,0,0,0.0,0.262503,0,0.0,0,90,2,2,0.2548,0.0,GREEN,36,Kolkata
CLM0049290,KOL_05549,Sealdah,2022-06-17,17,0,0,0,0,0,0,1,0,0,0.0,0.364067,0,0.0,0,36,4,4,0.6744,0.0392,GREEN,25,Kolkata
CLM0049291,KOL_02164,Dum Dum,2025-12-26,19,0,0,0,0,0,0,0,0,0,0.0,0.195063,0,0.0,0,183,0,1,0.6783,0.0384,GREEN,33,Kolkata
CLM0049292,KOL_06795,Tollygunge,2021-01-03,11,0,0,0,0,0,0,0,0,0,0.0,0.0,0,0.0,0,93,4,4,0.0927,0.0,GREEN,58,Kolkata
CLM0049293,KOL_00215,Garia,2025-09-15,20,0,0,0,0,0,0,0,0,0,0.0,0.160998,0,0.0,0,94,0,0,0.4602,0.037,GREEN,34,Kolkata
CLM0049294,KOL_00472,Park Street,2021-09-06,8,0,0,0,0,1,0,0,0,0,0.0,0.367293,1,0.0,0,272,0,4,0.5913,0.1518,GREEN,31,Kolkata
CLM0049295,KOL_00573,Dum Dum,2021-06-04,10,0,0,0,0,1,1,1,0,0,0.0,0.107036,1,0.0,1,5,1,18,0.8682,0.0329,GREEN,27,Kolkata
CLM0049296,KOL_05782,Salt Lake,2018-12-23,13,0,0,0,0,0,0,0,0,0,0.0,0.265615,0,0.0,0,342,1,4,0.98,0.0199,GREEN,45,Kolkata
CLM0049297,KOL_09253,Sealdah,2022-11-14,15,0,0,0,0,0,1,0,0,0,0.0,0.131343,0,0.0,0,279,2,1,0.05,0.2063,GREEN,48,Kolkata
CLM0049298,KOL_00006,Tollygunge,2024-10-15,18,0,0,0,0,0,0,0,0,0,0.0,0.122486,0,1.0,0,256,3,3,0.8632,0.0505,GREEN,54,Kolkata
CLM0049299,KOL_09628,Esplanade,2018-11-23,16,0,0,0,0,0,0,0,1,0,0.0,0.163386,0,0.0,0,265,0,0,0.7762,0.2106,GREEN,32,Kolkata
CLM0049300,KOL_00651,Garia,2022-02-18,14,0,0,0,0,0,0,0,0,0,0.0,0.976549,0,0.0,0,263,3,6,0.4987,0.0,GREEN,45,Kolkata
CLM0049301,KOL_05576,Howrah,2021-05-19,14,0,0,0,0,1,0,0,0,0,0.0,0.373479,0,0.0,0,356,3,0,0.8853,0.0761,GREEN,43,Kolkata
CLM0049302,KOL_06600,Esplanade,2024-06-21,14,0,0,0,0,0,0,0,0,0,0.0,0.283559,0,1.0,0,366,2,1,0.7123,0.0,GREEN,20,Kolkata
CLM0049303,KOL_05195,Esplanade,2025-07-19,12,0,0,0,0,0,1,0,0,0,0.0,0.166646,0,0.0,0,79,4,2,0.6581,0.0454,GREEN,39,Kolkata
CLM0049304,KOL_06600,Esplanade,2021-05-21,19,0,0,0,0,0,0,0,0,0,0.0,0.171863,0,0.0,0,69,0,2,0.1479,0.0,GREEN,20,Kolkata
CLM0049305,KOL_00659,Tollygunge,2024-09-23,12,0,0,0,0,0,1,0,0,0,0.0,0.0,0,0.0,0,98,0,5,0.4085,0.0427,GREEN,34,Kolkata
CLM0049306,KOL_03815,Garia,2025-11-23,19,0,0,0,0,0,0,0,0,0,0.0,0.158339,0,0.0,0,37,2,1,0.6614,0.0087,GREEN,32,Kolkata
CLM0049307,KOL_08512,Dum Dum,2024-06-12,17,0,0,0,0,0,0,0,0,0,0.0,0.199037,0,0.0,0,350,4,0,0.8412,0.0,GREEN,24,Kolkata
CLM0049308,KOL_05616,Dum Dum,2023-01-04,7,0,0,0,0,0,0,0,0,0,0.0,0.182245,0,0.0,0,420,4,2,0.6062,0.0006,GREEN,40,Kolkata
CLM0049309,KOL_06662,Garia,2025-11-19,14,0,0,0,0,0,0,1,0,0,0.0,0.21101,0,0.0,0,294,0,0,0.5687,0.0082,GREEN,35,Kolkata
CLM0049310,KOL_09943,Sealdah,2024-03-20,10,0,0,0,0,0,0,0,0,0,0.0,0.149961,0,0.0,0,54,3,2,0.8065,0.0626,GREEN,32,Kolkata
CLM0049311,KOL_09452,Dum Dum,2025-09-17,10,0,0,0,0,1,1,0,0,0,0.0,0.212168,0,0.0,0,420,2,5,0.6073,0.2671,GREEN,20,Kolkata
CLM0049312,KOL_02878,Tollygunge,2025-11-30,15,0,0,0,0,0,0,0,0,0,0.0,0.427009,0,1.0,0,417,1,4,0.2625,0.0,GREEN,28,Kolkata
CLM0049313,KOL_04982,Garia,2025-09-10,16,0,0,0,0,0,0,0,0,0,0.0,0.101142,0,1.0,1,131,3,3,0.1874,0.032,GREEN,58,Kolkata
CLM0049314,KOL_00896,Howrah,2025-08-15,8,0,0,0,0,0,0,0,0,0,0.0,0.054526,0,0.0,0,375,3,3,0.7457,0.0025,GREEN,50,Kolkata
CLM0049315,KOL_04564,Esplanade,2019-04-20,7,0,0,0,0,0,0,0,0,0,0.0,0.351957,0,0.0,0,420,3,0,0.4514,0.1667,GREEN,18,Kolkata
CLM0049316,KOL_02475,New Town,2025-02-26,18,0,0,0,0,0,0,1,0,0,0.0,0.125364,0,0.0,0,297,0,5,0.5451,0.0057,GREEN,46,Kolkata
CLM0049317,KOL_04821,Esplanade,2019-03-23,10,0,0,0,0,0,0,0,0,0,0.0,0.14612,0,0.0,0,88,0,2,0.2354,0.0853,GREEN,61,Kolkata
CLM0049318,KOL_01243,Dum Dum,2021-10-27,9,0,0,0,0,0,0,0,0,1,1.0,0.375197,0,1.0,1,53,1,4,0.8947,0.2312,GREEN,52,Kolkata
CLM0049319,KOL_00490,Park Street,2025-11-23,8,0,0,0,0,0,0,0,0,0,0.0,0.179273,0,0.0,0,153,4,1,0.5164,0.0104,GREEN,35,Kolkata
CLM0049320,KOL_02452,Dum Dum,2025-03-04,20,0,0,0,0,0,0,0,0,0,0.0,0.377179,0,0.0,0,253,0,0,0.7838,0.0,GREEN,36,Kolkata
CLM0049321,KOL_04696,Howrah,2022-08-09,13,0,0,0,0,0,0,0,0,0,0.0,0.142764,0,0.0,0,105,4,4,0.6532,0.0,GREEN,38,Kolkata
CLM0049322,KOL_02723,Salt Lake,2025-08-12,21,0,0,0,0,0,1,0,0,0,1.0,0.895517,0,1.0,0,366,3,1,0.05,0.1448,GREEN,53,Kolkata
CLM0049323,KOL_09456,Park Street,2018-04-09,10,0,0,0,1,0,0,0,0,0,0.0,0.065094,0,0.0,1,184,1,2,0.9633,0.2248,GREEN,18,Kolkata
CLM0049324,KOL_08346,Garia,2021-02-09,14,0,0,0,0,0,1,0,0,0,0.0,0.038556,0,0.0,0,420,3,2,0.6118,0.1091,GREEN,31,Kolkata
CLM0049325,KOL_01636,Behala,2021-03-27,15,0,0,0,0,0,0,0,0,0,0.0,0.968802,0,0.0,0,83,0,4,0.98,0.0,GREEN,22,Kolkata
CLM0049326,KOL_07673,Behala,2024-12-31,11,0,0,0,0,1,0,0,0,0,0.0,0.03095,0,0.0,0,311,2,0,0.1011,0.2362,GREEN,45,Kolkata
CLM0049327,KOL_04886,Behala,2024-02-02,8,0,0,0,0,0,0,0,0,0,1.0,0.222154,0,0.0,0,361,0,4,0.7764,0.0995,GREEN,31,Kolkata
CLM0049328,KOL_03883,Salt Lake,2025-03-30,15,0,0,0,1,0,1,0,0,1,0.0,0.028065,0,0.0,0,105,2,2,0.655,0.3752,YELLOW,46,Kolkata
CLM0049329,KOL_09366,Sealdah,2024-06-11,11,0,0,0,0,0,0,0,0,1,1.0,0.059291,0,0.0,0,420,0,0,0.4777,0.1059,GREEN,36,Kolkata
CLM0049330,KOL_09349,Esplanade,2025-04-05,11,0,0,0,0,0,0,1,0,0,1.0,0.159361,0,0.0,0,10,0,0,0.6809,0.2098,GREEN,57,Kolkata
CLM0049331,KOL_00229,Tollygunge,2024-02-26,12,0,0,0,0,0,0,0,0,0,0.0,0.274207,0,0.0,0,420,2,3,0.6519,0.0536,GREEN,40,Kolkata
CLM0049332,KOL_04187,Sealdah,2021-05-09,19,0,0,0,0,0,0,0,1,0,0.0,0.124536,0,0.0,0,166,0,4,0.5932,0.0919,GREEN,44,Kolkata
CLM0049333,KOL_00383,Tollygunge,2019-01-02,9,0,1,1,1,0,0,0,0,0,0.0,0.311015,0,0.0,0,25,3,3,0.7272,0.2751,GREEN,32,Kolkata
CLM0049334,KOL_01658,Esplanade,2024-05-11,16,0,0,0,0,0,0,0,0,0,0.0,1.0,0,0.0,0,20,1,2,0.98,0.0334,GREEN,29,Kolkata
CLM0049335,KOL_00723,Howrah,2018-05-22,9,0,0,0,0,0,0,0,0,0,0.0,0.036132,0,0.0,0,377,0,2,0.967,0.0379,GREEN,35,Kolkata
CLM0049336,KOL_02968,Behala,2019-09-13,13,0,0,0,0,0,0,0,0,0,0.0,0.394148,0,0.0,0,420,1,2,0.7157,0.0827,GREEN,42,Kolkata
CLM0049337,KOL_08336,Dum Dum,2018-08-21,18,0,0,0,0,0,0,0,0,0,1.0,0.378567,0,0.0,0,46,4,2,0.6021,0.0,GREEN,38,Kolkata
CLM0049338,KOL_09543,Esplanade,2025-02-01,15,0,0,0,0,0,0,0,0,0,0.0,0.223124,0,0.0,0,259,0,2,0.9389,0.0468,GREEN,38,Kolkata
CLM0049339,KOL_03966,Behala,2019-12-21,11,0,0,0,0,0,0,0,0,0,0.0,0.269747,0,0.0,1,420,3,7,0.9007,0.0591,GREEN,19,Kolkata
CLM0049340,KOL_04886,Behala,2023-03-03,21,0,0,0,1,0,0,0,0,0,0.0,0.315343,0,0.0,0,296,4,3,0.6335,0.1452,GREEN,31,Kolkata
CLM0049341,KOL_04788,Tollygunge,2022-05-26,11,0,0,0,0,0,0,0,0,1,0.0,0.242206,0,0.0,0,230,1,1,0.5644,0.1549,GREEN,40,Kolkata
CLM0049342,KOL_05258,New Town,2018-08-14,16,0,0,0,0,0,0,0,0,0,0.0,0.0,0,0.0,0,342,2,1,0.9422,0.025,GREEN,41,Kolkata
CLM0049343,KOL_09740,Tollygunge,2019-02-17,21,0,0,0,0,0,0,0,0,0,0.0,0.0,0,0.0,0,302,2,0,0.7535,0.0651,GREEN,26,Kolkata
CLM0049344,KOL_03334,Dum Dum,2016-12-12,15,0,1,1,0,0,0,0,0,0,0.0,0.0498,0,0.0,0,346,4,0,0.6674,0.0,GREEN,35,Kolkata
CLM0049345,KOL_01142,Salt Lake,2024-02-26,10,0,0,0,0,1,0,0,0,0,1.0,0.367611,0,0.0,0,204,0,0,0.2075,0.1115,GREEN,36,Kolkata
CLM0049346,KOL_01225,Behala,2020-03-14,15,0,0,0,0,0,0,1,0,0,0.0,0.205352,0,0.0,0,404,0,4,0.8324,0.0827,GREEN,18,Kolkata
CLM0049347,KOL_05186,Park Street,2020-11-08,8,0,0,0,0,0,1,0,0,0,0.0,0.147641,0,0.0,0,18,4,5,0.2618,0.0645,GREEN,35,Kolkata
CLM0049348,KOL_09205,Esplanade,2020-06-27,19,0,0,0,0,0,0,0,1,0,1.0,0.0,0,0.0,0,236,4,1,0.1405,0.1216,GREEN,26,Kolkata
CLM0049349,KOL_02838,Tollygunge,2024-01-14,20,0,0,0,0,0,0,0,0,0,0.0,0.102979,0,0.0,0,214,1,3,0.1297,0.2309,GREEN,61,Kolkata
CLM0049350,KOL_04530,New Town,2024-03-27,8,0,0,0,0,0,0,0,0,0,0.0,0.277812,0,0.0,0,420,2,7,0.96,0.0,GREEN,39,Kolkata
CLM0049351,KOL_05360,Esplanade,2021-02-21,8,0,0,0,0,0,0,0,0,0,0.0,0.979649,0,0.0,0,420,1,6,0.6404,0.0524,GREEN,23,Kolkata
CLM0049352,KOL_09860,Park Street,2022-08-12,19,0,0,0,0,0,0,0,0,0,0.0,0.16894,0,0.0,0,342,4,0,0.98,0.0,GREEN,47,Kolkata
CLM0049353,KOL_09542,Howrah,2022-09-28,19,0,0,0,0,0,0,0,0,0,0.0,0.332752,0,0.0,0,381,2,0,0.076,0.0865,GREEN,39,Kolkata
CLM0049354,KOL_09341,Tollygunge,2021-03-21,8,0,0,0,0,0,0,1,0,0,0.0,0.101605,0,0.0,0,364,0,1,0.879,0.0641,GREEN,45,Kolkata
CLM0049355,KOL_00115,Behala,2022-05-30,19,0,0,0,0,0,0,0,0,0,0.0,0.041433,0,0.0,0,335,0,3,0.827,0.0,GREEN,49,Kolkata
CLM0049356,KOL_03837,Garia,2021-09-25,12,0,1,1,0,0,0,0,0,0,0.0,0.172685,0,0.0,0,406,4,7,0.98,0.0878,GREEN,39,Kolkata
CLM0049357,KOL_05857,Tollygunge,2024-10-26,10,0,0,0,0,1,0,0,1,0,1.0,0.0,0,0.0,0,173,4,3,0.8258,0.2684,GREEN,56,Kolkata
CLM0049358,KOL_07667,Esplanade,2025-01-09,15,0,0,0,0,1,0,0,0,0,1.0,0.146121,0,0.0,0,188,0,4,0.9762,0.1476,GREEN,47,Kolkata
CLM0049359,KOL_07868,Dum Dum,2024-11-15,18,0,0,0,0,0,0,0,0,0,0.0,0.364194,0,0.0,1,181,4,6,0.1659,0.0341,GREEN,42,Kolkata
CLM0049360,KOL_07152,Esplanade,2023-04-12,20,0,0,0,0,0,0,0,1,0,0.0,0.0,0,0.0,0,420,1,2,0.7402,0.1608,GREEN,47,Kolkata
CLM0049361,KOL_00558,Howrah,2022-11-07,10,0,0,0,0,0,1,0,0,0,0.0,0.1475,0,0.0,0,122,0,1,0.6281,0.1137,GREEN,47,Kolkata
CLM0049362,KOL_02216,Behala,2023-04-11,7,0,0,0,0,0,0,0,0,0,0.0,0.302054,0,0.0,0,420,0,0,0.8367,0.0,GREEN,49,Kolkata
CLM0049363,KOL_02155,New Town,2025-08-30,7,0,0,0,0,0,0,0,0,0,0.0,0.332195,0,0.0,0,170,1,0,0.8679,0.0558,GREEN,28,Kolkata
CLM0049364,KOL_09359,Dum Dum,2025-08-25,13,0,0,0,0,0,0,0,0,0,0.0,0.084055,0,0.0,0,296,0,0,0.2388,0.0,GREEN,30,Kolkata
CLM0049365,KOL_09759,Dum Dum,2023-05-30,16,0,0,0,1,0,0,1,0,0,0.0,0.063133,0,0.0,0,275,4,7,0.98,0.221,GREEN,40,Kolkata
CLM0049366,KOL_06573,Garia,2023-05-06,7,0,0,0,0,0,0,0,0,0,0.0,0.965906,0,0.0,0,163,4,1,0.7862,0.0,GREEN,38,Kolkata
CLM0049367,KOL_06560,Park Street,2022-09-29,7,0,0,0,0,0,0,0,0,0,0.0,0.0,0,0.0,0,392,4,1,0.524,0.0689,GREEN,47,Kolkata
CLM0049368,KOL_06376,New Town,2025-03-08,15,0,0,0,0,0,0,0,0,0,0.0,0.09462,0,0.0,0,420,3,4,0.7976,0.0,GREEN,44,Kolkata
CLM0049369,KOL_04513,Park Street,2025-01-26,16,0,0,0,0,1,0,0,0,0,0.0,0.095501,0,0.0,0,420,0,2,0.9773,0.2982,GREEN,18,Kolkata
CLM0049370,KOL_07533,Tollygunge,2023-04-22,9,0,0,0,0,0,0,0,0,0,1.0,0.1294,0,0.0,0,405,3,1,0.4565,0.0632,GREEN,30,Kolkata
CLM0049371,KOL_01732,Tollygunge,2025-07-23,7,0,0,0,1,0,1,1,1,1,0.0,0.981548,0,0.0,1,5,0,18,0.05,0.0,GREEN,18,Kolkata
CLM0049372,KOL_08478,Howrah,2024-10-12,14,0,0,0,1,0,1,1,1,0,0.0,0.077773,0,0.0,1,5,0,18,0.7942,0.0,GREEN,41,Kolkata
CLM0049373,KOL_05447,New Town,2018-04-26,11,0,0,0,0,1,0,1,0,1,0.0,0.358751,0,1.0,1,15,0,18,0.7478,0.0227,GREEN,42,Kolkata
CLM0049374,KOL_02207,New Town,2019-05-26,12,0,0,0,0,0,0,0,0,0,0.0,0.350303,0,0.0,0,291,3,0,0.9078,0.0,GREEN,26,Kolkata
CLM0049375,KOL_02590,Esplanade,2023-05-29,14,0,0,0,1,0,0,0,0,0,1.0,0.184917,0,0.0,0,161,0,4,0.6674,0.3626,YELLOW,28,Kolkata
CLM0049376,KOL_09883,Garia,2019-01-08,7,0,0,0,0,0,0,0,0,0,0.0,0.281913,0,0.0,1,213,2,8,0.2339,0.0749,GREEN,50,Kolkata
CLM0049377,KOL_09421,Garia,2024-09-09,8,0,0,0,0,0,0,0,0,0,0.0,0.06401,0,0.0,0,420,4,0,0.7818,0.0902,GREEN,49,Kolkata
CLM0049378,KOL_01038,Behala,2017-06-12,13,0,0,0,0,0,0,0,0,0,0.0,0.143675,0,0.0,0,249,3,3,0.98,0.0,GREEN,36,Kolkata
CLM0049379,KOL_03523,Park Street,2019-07-26,20,1,0,0,0,0,0,1,1,0,0.0,0.18394,0,0.0,0,312,4,0,0.7772,0.2363,GREEN,27,Kolkata
CLM0049380,KOL_04550,Park Street,2021-05-11,21,0,0,0,0,0,0,0,0,0,0.0,0.251897,0,0.0,0,420,3,3,0.7517,0.0,GREEN,19,Kolkata
CLM0049381,KOL_05579,Park Street,2017-09-25,18,0,0,0,0,0,0,0,0,0,0.0,0.179385,0,0.0,0,380,3,2,0.8031,0.0,GREEN,53,Kolkata
CLM0049382,KOL_09733,Dum Dum,2024-07-05,7,0,0,0,0,0,0,0,0,0,0.0,0.138218,0,0.0,0,294,2,5,0.4958,0.0,GREEN,30,Kolkata
CLM0049383,KOL_06887,Salt Lake,2023-02-14,9,0,0,0,0,0,0,0,1,0,0.0,0.152722,0,1.0,0,124,1,5,0.7168,0.1507,GREEN,43,Kolkata
CLM0049384,KOL_01401,Behala,2022-10-13,15,0,0,0,0,0,0,0,0,0,0.0,0.105724,0,0.0,0,104,4,0,0.98,0.0054,GREEN,34,Kolkata
CLM0049385,KOL_02695,Garia,2022-12-20,13,0,0,0,0,0,0,1,0,0,0.0,0.0,1,0.0,0,395,0,2,0.9283,0.196,GREEN,57,Kolkata
CLM0049386,KOL_05707,Park Street,2025-04-26,20,0,0,0,0,0,0,0,0,0,0.0,0.065636,0,0.0,0,318,4,2,0.9731,0.0,GREEN,21,Kolkata
CLM0049387,KOL_05718,Esplanade,2020-11-19,11,0,0,0,1,1,0,1,1,0,1.0,0.471836,1,1.0,1,5,2,18,0.0609,0.0,GREEN,41,Kolkata
CLM0049388,KOL_05816,Tollygunge,2022-07-03,8,0,0,0,0,0,0,0,0,0,0.0,0.338143,0,0.0,0,233,3,3,0.1792,0.0,GREEN,32,Kolkata
CLM0049389,KOL_03389,Garia,2024-08-06,17,0,0,0,0,0,0,0,0,0,0.0,0.426265,0,0.0,0,117,0,3,0.9656,0.0509,GREEN,39,Kolkata
CLM0049390,KOL_08883,Dum Dum,2023-12-24,7,0,0,0,0,0,0,0,0,0,0.0,0.078902,0,1.0,0,360,1,0,0.9092,0.0016,GREEN,18,Kolkata
CLM0049391,KOL_06233,Sealdah,2023-11-28,14,0,0,0,0,0,0,0,0,1,0.0,0.939649,0,0.0,0,411,1,1,0.6158,0.0099,GREEN,28,Kolkata
CLM0049392,KOL_03420,Behala,2021-10-17,12,0,0,0,0,0,0,0,0,0,0.0,0.169852,0,0.0,0,416,0,0,0.7121,0.0076,GREEN,57,Kolkata
CLM0049393,KOL_00209,Tollygunge,2020-03-13,21,0,0,0,0,0,0,0,0,0,0.0,0.090317,0,0.0,0,420,1,0,0.4324,0.0,GREEN,32,Kolkata
CLM0049394,KOL_08665,Tollygunge,2022-02-11,21,0,0,0,0,0,0,0,1,0,0.0,0.366883,0,1.0,0,420,3,0,0.5731,0.0748,GREEN,32,Kolkata
CLM0049395,KOL_07745,Garia,2025-03-13,15,0,0,0,0,0,0,0,0,0,0.0,0.116523,0,1.0,0,408,3,0,0.8771,0.0085,GREEN,40,Kolkata
CLM0049396,KOL_06198,Garia,2025-08-09,10,0,0,0,0,0,0,0,0,0,1.0,0.431933,0,0.0,0,363,4,0,0.98,0.1288,GREEN,34,Kolkata
CLM0049397,KOL_07136,Behala,2015-10-06,12,0,0,0,0,0,0,0,0,0,0.0,0.025144,0,0.0,0,420,1,1,0.4453,0.0418,GREEN,48,Kolkata
CLM0049398,KOL_02675,Salt Lake,2021-05-18,18,0,0,0,0,1,0,0,0,0,1.0,0.911598,0,0.0,1,74,4,3,0.743,0.3279,YELLOW,51,Kolkata
CLM0049399,KOL_04988,Garia,2022-10-13,8,0,0,0,0,0,0,0,0,1,0.0,0.23877,0,0.0,0,183,3,3,0.6278,0.0754,GREEN,33,Kolkata
CLM0049400,KOL_08778,Sealdah,2022-03-06,11,0,0,0,0,0,0,0,0,0,0.0,1.0,0,0.0,0,42,2,4,0.9325,0.0419,GREEN,33,Kolkata
CLM0049401,KOL_06515,Tollygunge,2023-04-18,19,0,0,0,0,0,0,1,1,0,1.0,0.388236,0,0.0,0,420,4,4,0.8895,0.3429,YELLOW,46,Kolkata
CLM0049402,KOL_07459,Behala,2025-12-19,21,0,0,0,0,0,0,0,0,0,0.0,0.16356,0,0.0,0,420,1,0,0.8896,0.0,GREEN,23,Kolkata
CLM0049403,KOL_03881,Behala,2022-03-16,9,0,0,0,0,0,0,0,0,0,0.0,0.072708,0,0.0,0,309,3,2,0.1494,0.0912,GREEN,35,Kolkata
CLM0049404,KOL_00476,Sealdah,2022-11-25,11,0,0,0,0,0,0,0,0,0,0.0,0.264607,0,0.0,0,215,0,2,0.6559,0.0617,GREEN,20,Kolkata
CLM0049405,KOL_05671,Howrah,2022-09-03,12,0,0,0,0,0,0,0,0,0,0.0,0.245228,0,0.0,0,420,3,0,0.777,0.0376,GREEN,37,Kolkata
CLM0049406,KOL_02936,Sealdah,2017-01-08,20,0,0,0,0,0,0,0,0,0,0.0,0.387241,0,0.0,0,194,0,3,0.712,0.0,GREEN,43,Kolkata
CLM0049407,KOL_01844,Howrah,2024-07-21,9,0,0,0,0,0,1,0,0,0,1.0,0.279403,0,0.0,0,222,0,4,0.6375,0.1251,GREEN,55,Kolkata
CLM0049408,KOL_01445,Dum Dum,2024-12-04,13,0,0,0,0,1,0,0,0,0,0.0,0.377296,1,0.0,0,197,4,1,0.9618,0.0129,GREEN,36,Kolkata
CLM0049409,KOL_08368,Park Street,2024-01-09,12,0,0,0,0,0,0,0,0,0,0.0,0.131955,0,0.0,0,150,4,7,0.7425,0.0,GREEN,23,Kolkata
CLM0049410,KOL_01233,Dum Dum,2025-11-02,21,0,0,0,0,0,0,0,0,0,1.0,0.040959,0,0.0,0,417,3,0,0.5796,0.0343,GREEN,32,Kolkata
CLM0049411,KOL_01037,Dum Dum,2025-02-04,9,0,0,0,0,0,0,0,1,0,0.0,0.113197,0,0.0,0,201,3,5,0.6355,0.1191,GREEN,30,Kolkata
CLM0049412,KOL_06341,Park Street,2024-07-03,7,0,0,0,0,0,0,0,0,0,0.0,1.0,0,0.0,0,94,2,4,0.499,0.0,GREEN,32,Kolkata
CLM0049413,KOL_09186,Howrah,2024-02-26,7,0,1,1,0,0,0,0,0,0,0.0,0.082898,0,0.0,0,249,3,0,0.8772,0.1339,GREEN,26,Kolkata
CLM0049414,KOL_01540,Dum Dum,2025-03-28,10,0,0,0,0,0,0,0,0,0,0.0,0.338449,0,0.0,0,79,3,1,0.98,0.0062,GREEN,25,Kolkata
CLM0049415,KOL_03678,Behala,2025-05-17,10,0,0,0,0,0,0,0,0,0,0.0,0.129012,0,0.0,0,29,1,4,0.7379,0.0,GREEN,18,Kolkata
CLM0049416,KOL_03782,New Town,2025-10-06,17,0,0,0,1,0,0,0,1,0,0.0,0.276802,0,0.0,0,388,3,0,0.7631,0.2017,GREEN,48,Kolkata
CLM0049417,KOL_07718,Dum Dum,2025-04-02,17,0,0,0,0,0,0,0,0,0,0.0,0.189644,0,0.0,0,420,4,2,0.763,0.0,GREEN,33,Kolkata
CLM0049418,KOL_07649,Garia,2025-05-24,21,0,0,0,0,1,0,0,0,0,0.0,0.070458,0,0.0,0,162,4,1,0.98,0.2161,GREEN,35,Kolkata
CLM0049419,KOL_05357,Dum Dum,2025-04-28,13,0,0,0,0,0,0,0,0,0,0.0,0.256171,0,0.0,0,227,2,2,0.4968,0.0,GREEN,38,Kolkata
CLM0049420,KOL_03412,Tollygunge,2025-11-01,14,0,0,0,0,0,0,0,0,0,0.0,0.32891,0,0.0,0,45,0,0,0.6801,0.0769,GREEN,36,Kolkata
CLM0049421,KOL_03435,Tollygunge,2025-06-27,19,0,0,0,0,0,0,0,0,0,0.0,0.000557,0,0.0,0,127,4,4,0.0773,0.031,GREEN,38,Kolkata
CLM0049422,KOL_09249,Garia,2025-09-11,12,0,0,0,0,0,0,0,0,0,0.0,0.25309,0,0.0,0,364,0,0,0.1955,0.1023,GREEN,18,Kolkata
CLM0049423,KOL_02800,Tollygunge,2024-11-02,7,0,0,0,0,0,0,0,0,0,0.0,0.375143,0,0.0,0,420,4,4,0.4711,0.0,GREEN,27,Kolkata
CLM0049424,KOL_09868,Esplanade,2025-07-28,8,0,0,0,0,0,0,0,0,0,0.0,0.362649,0,0.0,0,420,2,0,0.7076,0.0028,GREEN,26,Kolkata
CLM0049425,KOL_05403,Salt Lake,2025-08-09,13,0,0,0,0,0,0,0,0,0,0.0,0.288135,0,0.0,0,11,4,3,0.6084,0.0676,GREEN,44,Kolkata
CLM0049426,KOL_04389,Sealdah,2025-06-11,19,0,0,0,0,0,1,0,0,0,0.0,0.110211,0,0.0,0,317,0,0,0.9584,0.1385,GREEN,33,Kolkata
CLM0049427,KOL_09219,Garia,2023-02-10,10,0,0,0,1,0,0,0,0,0,0.0,0.1688,0,0.0,0,339,1,0,0.7113,0.1195,GREEN,37,Kolkata
CLM0049428,KOL_09448,Salt Lake,2024-11-22,15,0,0,0,0,0,0,0,0,0,0.0,0.244315,0,0.0,0,295,4,0,0.0719,0.0,GREEN,32,Kolkata
CLM0049429,KOL_07741,Behala,2024-09-13,11,0,0,0,0,0,0,0,0,0,1.0,0.121788,0,0.0,0,403,2,5,0.2425,0.0,GREEN,26,Kolkata
CLM0049430,KOL_06157,Behala,2025-11-28,19,0,0,0,0,0,0,0,0,0,0.0,0.162581,0,1.0,0,193,2,1,0.6736,0.0235,GREEN,42,Kolkata
CLM0049431,KOL_04948,Behala,2022-09-21,13,0,0,0,0,0,0,0,0,0,0.0,0.149206,0,0.0,0,305,0,2,0.8382,0.0,GREEN,34,Kolkata
CLM0049432,KOL_05712,New Town,2022-10-02,14,0,0,0,0,0,0,0,0,0,0.0,0.141066,0,1.0,0,400,1,8,0.8522,0.0,GREEN,49,Kolkata
CLM0049433,KOL_08823,Park Street,2024-04-22,13,0,0,0,0,0,0,0,0,0,0.0,0.431572,0,0.0,0,339,0,3,0.8042,0.0943,GREEN,53,Kolkata
CLM0049434,KOL_03534,New Town,2023-04-27,18,0,0,0,0,0,0,0,0,0,0.0,0.119962,0,0.0,1,154,0,0,0.7483,0.109,GREEN,41,Kolkata
CLM0049435,KOL_00057,Salt Lake,2023-07-13,13,0,0,0,0,0,0,0,0,0,0.0,0.225551,0,0.0,0,381,4,3,0.9351,0.0,GREEN,42,Kolkata
CLM0049436,KOL_06208,Dum Dum,2023-02-06,12,0,0,0,0,0,0,0,0,0,0.0,0.387081,0,0.0,0,420,4,3,0.5864,0.0194,GREEN,48,Kolkata
CLM0049437,KOL_09872,New Town,2025-03-17,8,0,0,0,0,0,0,0,0,0,0.0,0.158289,1,0.0,0,9,4,6,0.6714,0.023,GREEN,28,Kolkata
CLM0049438,KOL_08265,Esplanade,2024-07-20,12,0,0,0,0,0,0,0,0,0,0.0,0.0,0,0.0,0,128,3,4,0.98,0.0,GREEN,37,Kolkata
CLM0049439,KOL_09575,Sealdah,2024-04-19,17,0,0,0,0,0,0,0,0,0,0.0,0.238364,0,0.0,0,57,2,4,0.6029,0.0372,GREEN,40,Kolkata
CLM0049440,KOL_03569,Park Street,2024-05-20,17,0,0,0,0,0,0,0,0,0,0.0,0.483525,0,0.0,0,247,4,6,0.9413,0.1123,GREEN,38,Kolkata
CLM0049441,KOL_03144,Sealdah,2024-01-30,13,0,0,0,0,0,0,0,0,0,0.0,0.304372,0,0.0,0,389,0,0,0.8109,0.0,GREEN,25,Kolkata
CLM0049442,KOL_04598,Sealdah,2025-12-27,8,0,1,1,0,0,0,0,0,0,0.0,0.079923,0,0.0,0,420,0,3,0.6554,0.0311,GREEN,32,Kolkata
CLM0049443,KOL_08386,New Town,2024-09-03,15,0,0,0,0,0,0,0,0,0,0.0,0.148058,0,0.0,0,14,3,0,0.8574,0.1004,GREEN,40,Kolkata
CLM0049444,KOL_01790,Salt Lake,2021-10-23,9,0,0,0,0,0,0,0,0,0,0.0,1.0,0,0.0,0,168,2,6,0.8801,0.0065,GREEN,31,Kolkata
CLM0049445,KOL_04378,Garia,2022-09-02,21,0,0,0,0,0,0,0,0,0,0.0,0.369189,0,0.0,0,8,2,4,0.9707,0.0,GREEN,29,Kolkata
CLM0049446,KOL_08273,Esplanade,2025-04-17,15,0,0,0,0,0,0,0,0,0,0.0,0.0,0,0.0,0,268,1,1,0.65,0.0,GREEN,18,Kolkata
CLM0049447,KOL_03982,Park Street,2021-10-22,9,0,0,0,0,0,0,0,1,0,0.0,0.329772,1,0.0,0,371,3,0,0.978,0.1284,GREEN,32,Kolkata
CLM0049448,KOL_09129,Howrah,2017-09-27,10,0,0,0,0,0,0,0,0,0,0.0,0.244499,0,0.0,0,276,4,5,0.633,0.0,GREEN,18,Kolkata
CLM0049449,KOL_08269,Park Street,2018-09-28,15,0,0,0,0,0,0,0,1,0,0.0,0.974718,0,0.0,0,55,3,6,0.514,0.1699,GREEN,18,Kolkata
CLM0049450,KOL_09788,Salt Lake,2021-06-23,8,0,0,0,0,0,0,0,0,0,0.0,0.015572,0,0.0,0,170,3,2,0.7654,0.0939,GREEN,46,Kolkata
CLM0049451,KOL_09443,Esplanade,2020-09-01,18,0,0,0,0,0,0,0,1,0,1.0,0.0,0,0.0,0,87,3,0,0.7923,0.1189,GREEN,36,Kolkata
CLM0049452,KOL_00853,New Town,2017-08-22,12,0,0,0,0,0,0,0,0,0,1.0,0.345983,0,0.0,0,284,1,0,0.589,0.0335,GREEN,42,Kolkata
CLM0049453,KOL_08162,Behala,2019-09-13,20,0,1,1,0,0,0,0,0,0,0.0,0.192096,0,0.0,0,420,2,2,0.9499,0.0,GREEN,39,Kolkata
CLM0049454,KOL_00973,Behala,2020-05-27,20,0,0,0,0,0,0,0,0,0,1.0,0.943859,0,1.0,0,230,1,4,0.5525,0.0,GREEN,18,Kolkata
CLM0049455,KOL_09423,Garia,2019-03-13,10,0,0,0,0,0,0,1,0,0,0.0,0.0,0,1.0,0,385,4,3,0.5153,0.1177,GREEN,36,Kolkata
CLM0049456,KOL_07929,Howrah,2025-05-03,18,0,0,0,0,0,0,0,0,0,0.0,0.258789,0,0.0,0,332,4,0,0.8203,0.0276,GREEN,31,Kolkata
CLM0049457,KOL_07058,Salt Lake,2024-03-15,14,0,0,0,0,1,0,0,0,0,0.0,0.16782,0,0.0,0,420,2,2,0.9087,0.084,GREEN,29,Kolkata
CLM0049458,KOL_07940,Tollygunge,2023-07-10,19,0,0,0,0,0,0,0,0,0,0.0,0.314053,0,0.0,0,408,3,3,0.5895,0.0407,GREEN,46,Kolkata
CLM0049459,KOL_04363,New Town,2022-08-05,15,0,1,1,0,0,0,0,0,0,0.0,0.27203,0,1.0,0,281,3,1,0.98,0.0,GREEN,39,Kolkata
CLM0049460,KOL_00556,Park Street,2022-12-17,12,0,0,0,0,0,0,0,0,0,0.0,0.388007,0,0.0,0,420,0,0,0.4816,0.0,GREEN,32,Kolkata
CLM0049461,KOL_01422,New Town,2025-03-20,8,0,0,0,0,0,0,0,1,0,0.0,0.29972,0,0.0,1,5,0,3,0.7824,0.1817,GREEN,25,Kolkata
CLM0049462,KOL_06993,Esplanade,2024-03-12,8,0,0,0,0,0,0,0,0,0,1.0,0.28527,0,0.0,1,12,1,3,0.7903,0.2193,GREEN,28,Kolkata
CLM0049463,KOL_00105,Behala,2024-09-06,7,0,0,0,0,0,0,1,0,0,0.0,0.83944,0,0.0,0,233,3,2,0.8626,0.118,GREEN,18,Kolkata
CLM0049464,KOL_02028,Park Street,2025-04-27,11,0,0,0,0,0,0,0,0,0,1.0,0.133916,0,0.0,0,209,2,0,0.7903,0.0,GREEN,34,Kolkata
CLM0049465,KOL_09450,Garia,2023-10-20,9,0,0,0,0,0,1,1,0,0,0.0,0.379106,0,0.0,0,257,4,0,0.5332,0.1509,GREEN,43,Kolkata
CLM0049466,KOL_08733,Behala,2025-10-07,7,0,0,0,0,0,0,0,0,0,0.0,0.04698,0,0.0,0,420,0,0,0.5828,0.0611,GREEN,29,Kolkata
CLM0049467,KOL_09163,Dum Dum,2025-01-08,20,0,0,0,0,0,0,0,0,0,0.0,0.329573,0,0.0,0,417,1,3,0.6386,0.0,GREEN,37,Kolkata
CLM0049468,KOL_08613,Tollygunge,2023-01-22,20,0,0,0,0,0,0,0,0,0,0.0,0.373338,1,0.0,0,420,2,2,0.9225,0.0667,GREEN,31,Kolkata
CLM0049469,KOL_04465,Esplanade,2024-04-25,9,0,0,0,0,0,0,0,0,0,0.0,0.323339,0,1.0,0,306,1,6,0.4713,0.0399,GREEN,26,Kolkata
CLM0049470,KOL_04475,Esplanade,2023-05-12,11,0,0,0,0,0,0,0,0,0,0.0,0.215138,0,0.0,0,245,2,3,0.1058,0.2093,GREEN,25,Kolkata
CLM0049471,KOL_00386,Salt Lake,2025-09-14,12,0,0,0,0,0,0,0,0,0,0.0,0.965924,0,0.0,0,420,1,0,0.98,0.0,GREEN,28,Kolkata
CLM0049472,KOL_07811,Park Street,2016-12-29,21,0,0,0,0,0,0,0,0,0,0.0,0.350458,0,0.0,0,306,1,0,0.898,0.0,GREEN,38,Kolkata
CLM0049473,KOL_02189,Tollygunge,2022-10-14,20,0,1,1,0,0,0,0,0,0,0.0,0.979818,0,0.0,0,67,4,0,0.6786,0.1072,GREEN,51,Kolkata
CLM0049474,KOL_07723,Tollygunge,2015-07-09,19,0,0,0,0,0,0,0,0,0,0.0,0.525052,0,0.0,0,413,1,5,0.6123,0.0116,GREEN,43,Kolkata
CLM0049475,KOL_02717,Esplanade,2019-10-13,15,0,0,0,0,1,0,0,0,0,0.0,0.078784,0,0.0,0,274,1,0,0.2229,0.1157,GREEN,40,Kolkata
CLM0049476,KOL_01030,Tollygunge,2023-01-09,19,0,0,0,0,0,0,0,0,0,0.0,0.0,0,0.0,0,87,4,2,0.7295,0.0,GREEN,33,Kolkata
CLM0049477,KOL_09430,Howrah,2018-09-04,16,0,0,0,0,0,0,0,0,0,0.0,0.308802,0,0.0,0,316,4,2,0.9185,0.0833,GREEN,38,Kolkata
CLM0049478,KOL_01559,Tollygunge,2022-11-15,8,0,0,0,0,1,0,0,0,0,1.0,0.093868,0,0.0,1,169,4,8,0.05,0.2701,GREEN,20,Kolkata
CLM0049479,KOL_07110,Garia,2023-12-18,8,0,0,0,0,0,0,0,0,1,1.0,1.0,0,1.0,0,103,3,4,0.6083,0.136,GREEN,35,Kolkata
CLM0049480,KOL_00014,Tollygunge,2025-06-28,10,0,0,0,0,0,0,0,0,0,0.0,0.174933,0,0.0,0,209,4,4,0.98,0.0066,GREEN,32,Kolkata
CLM0049481,KOL_04084,Park Street,2018-04-18,9,0,0,0,0,0,0,0,0,0,0.0,0.384257,0,0.0,0,201,1,3,0.8017,0.0,GREEN,38,Kolkata
CLM0049482,KOL_08436,Salt Lake,2018-09-20,14,0,0,0,0,0,0,0,0,0,0.0,0.145647,0,0.0,0,237,0,1,0.7926,0.0078,GREEN,32,Kolkata
CLM0049483,KOL_07351,Sealdah,2018-07-12,14,0,0,0,0,0,0,0,1,0,0.0,1.0,0,0.0,0,244,1,2,0.7084,0.0763,GREEN,38,Kolkata
CLM0049484,KOL_06526,Howrah,2024-12-12,13,0,0,0,0,0,0,0,1,1,0.0,0.199556,0,0.0,0,127,3,1,0.9333,0.2627,GREEN,32,Kolkata
CLM0049485,KOL_00195,Howrah,2020-11-04,20,0,0,0,1,0,0,1,1,1,1.0,0.105955,0,1.0,1,34,3,18,0.0616,0.0,GREEN,50,Kolkata
CLM0049486,KOL_01490,Esplanade,2020-07-29,20,0,0,0,0,0,0,0,0,0,0.0,0.124391,0,0.0,0,262,2,2,0.3992,0.0059,GREEN,34,Kolkata
CLM0049487,KOL_04640,Dum Dum,2024-07-15,14,0,0,0,0,0,0,0,0,0,0.0,0.075251,0,0.0,0,347,0,3,0.98,0.016,GREEN,18,Kolkata
CLM0049488,KOL_07148,Park Street,2019-05-20,7,0,0,0,0,0,0,0,0,0,0.0,0.047731,0,0.0,0,147,4,1,0.6367,0.0,GREEN,31,Kolkata
CLM0049489,KOL_08389,Sealdah,2022-03-31,19,0,0,0,0,0,1,0,0,0,0.0,0.0,0,0.0,0,350,3,6,0.8417,0.0654,GREEN,34,Kolkata
CLM0049490,KOL_09228,Sealdah,2022-06-03,19,0,0,0,0,0,0,0,0,0,0.0,0.113945,0,0.0,0,413,4,3,0.3457,0.0,GREEN,19,Kolkata
CLM0049491,KOL_01971,Behala,2023-03-02,20,0,0,0,0,0,0,0,1,0,0.0,0.401268,0,0.0,0,92,4,1,0.932,0.103,GREEN,28,Kolkata
CLM0049492,KOL_01747,Sealdah,2025-02-20,15,0,0,0,0,0,0,0,0,0,0.0,0.247943,1,0.0,0,293,0,1,0.6111,0.0541,GREEN,22,Kolkata
CLM0049493,KOL_05560,Sealdah,2024-02-11,8,0,0,0,1,1,0,1,0,1,0.0,0.925368,0,1.0,1,5,1,18,0.4144,0.1248,GREEN,51,Kolkata
CLM0049494,KOL_09000,Sealdah,2022-10-09,13,0,0,0,1,0,1,1,1,1,0.0,0.218659,0,0.0,1,5,2,10,0.89,0.0687,GREEN,49,Kolkata
CLM0049495,KOL_04046,Park Street,2025-07-03,17,0,0,0,0,1,0,0,0,0,0.0,0.140187,0,1.0,0,62,4,5,0.0837,0.1081,GREEN,33,Kolkata
CLM0049496,KOL_08625,Park Street,2022-03-30,17,0,0,0,0,0,0,0,0,0,0.0,0.414093,0,0.0,0,208,0,2,0.7862,0.0484,GREEN,21,Kolkata
CLM0049497,KOL_00874,Howrah,2025-11-17,8,0,0,0,1,1,1,1,1,0,1.0,0.549496,0,1.0,0,9,3,18,0.05,0.2209,GREEN,33,Kolkata
CLM0049498,KOL_02978,Tollygunge,2022-01-15,15,0,0,0,0,0,0,0,0,0,0.0,0.317307,1,0.0,0,145,0,5,0.433,0.0776,GREEN,40,Kolkata
CLM0049499,KOL_09759,Dum Dum,2023-10-15,9,0,0,0,0,0,0,0,0,0,0.0,0.912021,0,0.0,0,237,3,4,0.5106,0.0,GREEN,40,Kolkata
CLM0049500,KOL_09044,Behala,2024-06-20,13,0,0,0,0,0,0,0,0,0,0.0,0.964852,0,1.0,0,219,2,4,0.4933,0.0156,GREEN,47,Kolkata
CLM0049501,KOL_05728,Howrah,2025-04-16,20,0,0,0,0,0,0,0,0,0,0.0,0.227196,0,0.0,0,420,3,3,0.835,0.0,GREEN,54,Kolkata
CLM0049502,KOL_03629,Park Street,2023-08-01,13,0,0,0,0,0,1,1,1,1,1.0,1.0,0,0.0,1,49,4,18,0.2134,0.0908,GREEN,38,Kolkata
CLM0049503,KOL_08817,Garia,2023-12-04,7,0,0,0,0,0,0,0,0,0,0.0,0.307675,0,0.0,1,387,4,0,0.566,0.0477,GREEN,29,Kolkata
CLM0049504,KOL_04243,Esplanade,2024-05-31,7,0,0,0,0,0,0,0,0,0,0.0,0.165472,0,0.0,1,395,1,4,0.6435,0.1073,GREEN,43,Kolkata
CLM0049505,KOL_09601,Garia,2024-08-20,13,0,0,0,0,0,0,0,0,0,0.0,0.410204,0,0.0,0,295,1,5,0.7419,0.0,GREEN,47,Kolkata
CLM0049506,KOL_00979,Behala,2025-05-24,14,0,0,0,0,0,0,1,0,0,0.0,0.494733,0,0.0,0,307,4,2,0.5844,0.0,GREEN,31,Kolkata
CLM0049507,KOL_05341,Garia,2023-12-05,18,0,0,0,0,0,0,0,0,0,0.0,0.072822,0,0.0,0,31,3,0,0.7424,0.0,GREEN,29,Kolkata
CLM0049508,KOL_06436,Dum Dum,2024-01-19,7,0,0,0,0,0,0,0,0,0,0.0,0.018347,0,0.0,0,367,2,3,0.05,0.0466,GREEN,46,Kolkata
CLM0049509,KOL_03805,Salt Lake,2024-02-06,11,0,0,0,0,0,0,0,0,0,0.0,0.329344,0,0.0,0,251,2,0,0.98,0.0084,GREEN,44,Kolkata
CLM0049510,KOL_04972,Salt Lake,2024-03-26,13,0,0,0,0,0,0,0,0,0,0.0,0.322795,0,0.0,0,414,4,4,0.5681,0.1208,GREEN,43,Kolkata
CLM0049511,KOL_05666,Salt Lake,2023-12-24,9,0,1,1,1,0,0,0,1,0,0.0,0.01664,0,0.0,0,420,1,4,0.3697,0.2096,GREEN,37,Kolkata
CLM0049512,KOL_07256,Behala,2024-02-19,18,0,0,0,0,0,0,0,0,0,0.0,0.104797,0,0.0,0,207,0,3,0.5311,0.0425,GREEN,18,Kolkata
CLM0049513,KOL_01328,Behala,2016-08-27,14,0,0,0,0,0,0,0,0,1,1.0,0.095365,0,0.0,0,28,2,0,0.9306,0.2074,GREEN,23,Kolkata
CLM0049514,KOL_04175,Tollygunge,2018-03-07,18,0,0,0,0,0,0,0,0,0,0.0,0.311383,0,0.0,0,281,4,0,0.05,0.041,GREEN,24,Kolkata
CLM0049515,KOL_05935,Tollygunge,2024-06-01,20,0,0,0,0,0,0,0,0,0,1.0,0.962159,0,1.0,0,147,4,0,0.9019,0.0527,GREEN,30,Kolkata
CLM0049516,KOL_03148,Esplanade,2022-02-28,19,0,0,0,0,0,0,0,0,0,0.0,0.031368,0,0.0,1,35,4,1,0.8,0.0,GREEN,46,Kolkata
CLM0049517,KOL_04277,Howrah,2022-10-01,17,0,0,0,0,0,1,0,1,0,0.0,0.141798,0,0.0,0,355,2,3,0.6995,0.0874,GREEN,23,Kolkata
CLM0049518,KOL_05934,Salt Lake,2021-03-11,17,0,0,0,0,0,0,0,0,1,0.0,0.365821,0,0.0,0,420,3,2,0.98,0.2427,GREEN,45,Kolkata
CLM0049519,KOL_09467,Howrah,2024-01-18,16,0,0,0,0,0,0,0,0,0,0.0,0.044808,0,0.0,0,420,0,5,0.05,0.0327,GREEN,60,Kolkata
CLM0049520,KOL_01748,Sealdah,2025-05-11,13,0,0,0,1,0,0,0,0,0,0.0,0.265757,0,0.0,0,137,1,2,0.6996,0.2638,GREEN,31,Kolkata
CLM0049521,KOL_08657,Howrah,2021-11-28,10,0,0,0,0,0,0,1,0,0,0.0,0.220592,0,0.0,0,367,0,4,0.8719,0.0371,GREEN,24,Kolkata
CLM0049522,KOL_03219,Garia,2022-10-01,13,0,0,0,0,0,0,0,0,0,0.0,0.097843,0,0.0,0,129,0,0,0.493,0.0828,GREEN,57,Kolkata
CLM0049523,KOL_01172,Garia,2025-02-21,20,0,0,0,0,0,0,1,0,0,0.0,0.341694,0,0.0,0,420,1,3,0.4827,0.0748,GREEN,54,Kolkata
CLM0049524,KOL_03526,Behala,2023-09-18,14,0,0,0,0,1,0,1,0,1,0.0,0.945645,1,1.0,1,18,4,13,0.7574,0.0,GREEN,39,Kolkata
CLM0049525,KOL_07299,Dum Dum,2023-05-30,8,0,0,0,0,0,0,0,1,0,0.0,0.397351,1,0.0,0,285,3,6,0.98,0.2324,GREEN,39,Kolkata
CLM0049526,KOL_00207,Tollygunge,2021-03-24,21,0,0,0,1,0,0,0,0,0,0.0,0.096489,0,0.0,0,376,0,2,0.9616,0.1699,GREEN,27,Kolkata
CLM0049527,KOL_07432,Dum Dum,2024-05-12,15,0,0,0,0,0,0,0,0,0,0.0,0.180086,0,0.0,0,350,2,0,0.7777,0.0,GREEN,34,Kolkata
CLM0049528,KOL_02541,Esplanade,2022-01-14,18,0,0,0,0,0,0,0,0,1,0.0,0.399474,0,0.0,0,130,4,0,0.98,0.0,GREEN,41,Kolkata
CLM0049529,KOL_06192,New Town,2024-01-02,9,0,0,0,0,0,0,1,1,0,0.0,0.076221,0,0.0,0,83,2,4,0.7714,0.1348,GREEN,22,Kolkata
CLM0049530,KOL_01060,Behala,2021-05-05,19,0,0,0,0,1,0,0,1,0,0.0,0.284155,0,0.0,0,400,0,6,0.6941,0.3275,YELLOW,32,Kolkata
CLM0049531,KOL_08466,Behala,2022-06-17,10,0,0,0,0,0,0,0,0,0,0.0,0.0,0,0.0,0,206,4,1,0.7282,0.035,GREEN,41,Kolkata
CLM0049532,KOL_05941,Sealdah,2024-06-25,9,0,0,0,0,0,0,1,0,0,0.0,0.404121,0,0.0,0,420,1,1,0.5121,0.0,GREEN,31,Kolkata
CLM0049533,KOL_04930,Tollygunge,2021-03-29,19,0,0,0,0,0,0,0,0,0,0.0,0.0,0,0.0,0,101,3,0,0.98,0.0,GREEN,24,Kolkata
CLM0049534,KOL_09794,Sealdah,2025-03-26,10,0,0,0,0,0,0,0,0,0,0.0,0.253957,0,0.0,0,165,4,0,0.7739,0.0506,GREEN,19,Kolkata
CLM0049535,KOL_00286,New Town,2024-12-14,9,0,0,0,0,0,0,0,0,0,0.0,0.065921,0,0.0,0,345,4,6,0.8993,0.0141,GREEN,42,Kolkata
CLM0049536,KOL_02536,New Town,2022-09-16,12,0,0,0,0,0,0,0,0,0,0.0,0.175941,0,0.0,0,56,1,0,0.9265,0.0168,GREEN,27,Kolkata
CLM0049537,KOL_03213,Garia,2025-11-25,13,0,0,0,0,0,0,1,0,0,0.0,0.094428,0,0.0,0,193,3,2,0.6419,0.125,GREEN,30,Kolkata
CLM0049538,KOL_04814,Tollygunge,2023-06-15,19,0,0,0,0,1,1,1,1,1,1.0,0.969672,0,1.0,0,5,1,18,0.7668,0.0652,GREEN,34,Kolkata
CLM0049539,KOL_06750,Garia,2024-01-06,19,0,0,0,0,0,0,0,0,0,0.0,0.023385,0,0.0,0,248,2,6,0.98,0.0,GREEN,35,Kolkata
CLM0049540,KOL_01800,New Town,2019-10-20,21,0,0,0,0,0,0,0,0,1,0.0,4.8e-05,0,0.0,0,346,1,2,0.8712,0.1489,GREEN,48,Kolkata
CLM0049541,KOL_09555,Salt Lake,2024-08-19,16,0,0,0,0,0,0,0,0,0,0.0,0.334862,0,0.0,0,420,2,0,0.5646,0.08,GREEN,39,Kolkata
CLM0049542,KOL_01224,Behala,2023-04-24,16,0,0,0,0,1,0,0,0,0,0.0,0.207632,0,0.0,0,290,1,3,0.6156,0.0329,GREEN,24,Kolkata
CLM0049543,KOL_00585,Salt Lake,2025-07-22,21,0,0,0,0,0,0,0,0,0,0.0,0.0,0,0.0,0,420,1,2,0.98,0.0002,GREEN,30,Kolkata
CLM0049544,KOL_02412,Dum Dum,2023-11-27,20,0,0,0,0,0,0,0,0,0,0.0,0.309987,0,0.0,0,152,1,0,0.5277,0.0,GREEN,30,Kolkata
CLM0049545,KOL_07953,Tollygunge,2019-05-30,11,0,0,0,0,0,0,0,0,0,0.0,0.983038,0,0.0,0,202,4,2,0.554,0.1391,GREEN,30,Kolkata
CLM0049546,KOL_07043,Dum Dum,2023-10-11,21,0,0,0,0,0,0,0,1,0,0.0,0.149307,0,0.0,0,420,2,0,0.702,0.096,GREEN,36,Kolkata
CLM0049547,KOL_04515,Park Street,2023-01-26,8,0,0,0,0,0,0,0,1,0,0.0,0.030833,0,0.0,0,259,0,0,0.6024,0.1874,GREEN,43,Kolkata
CLM0049548,KOL_03569,Park Street,2020-08-14,10,0,0,0,0,0,0,0,0,0,0.0,0.105594,0,0.0,0,348,2,4,0.948,0.0588,GREEN,38,Kolkata
CLM0049549,KOL_06023,Sealdah,2023-02-16,16,0,0,0,0,0,0,0,0,0,0.0,0.12164,0,0.0,0,312,4,7,0.334,0.0,GREEN,36,Kolkata
CLM0049550,KOL_06314,Tollygunge,2024-12-13,16,0,0,0,0,0,0,0,0,0,0.0,0.312739,0,1.0,0,86,1,2,0.8847,0.0,GREEN,27,Kolkata
CLM0049551,KOL_05210,Dum Dum,2018-05-17,11,0,0,0,0,0,0,0,1,0,0.0,0.160206,0,1.0,0,290,2,0,0.8568,0.0735,GREEN,42,Kolkata
CLM0049552,KOL_03498,Esplanade,2024-06-12,8,0,0,0,0,0,0,0,0,0,0.0,0.319951,0,0.0,0,335,4,3,0.6133,0.026,GREEN,36,Kolkata
CLM0049553,KOL_08260,Tollygunge,2025-07-19,10,0,0,0,0,0,0,0,0,0,0.0,0.366306,0,0.0,0,137,1,2,0.3398,0.0,GREEN,44,Kolkata
CLM0049554,KOL_07668,Behala,2025-03-01,13,0,0,0,0,0,0,0,0,0,0.0,0.342286,0,0.0,0,287,3,2,0.5969,0.0383,GREEN,29,Kolkata
CLM0049555,KOL_03609,Sealdah,2022-01-20,20,0,0,0,0,0,0,0,0,0,0.0,0.268051,0,0.0,0,62,3,3,0.7481,0.0227,GREEN,27,Kolkata
CLM0049556,KOL_04114,Howrah,2025-11-26,16,0,0,0,0,0,1,0,0,0,0.0,0.244124,0,0.0,0,322,0,0,0.4585,0.1132,GREEN,37,Kolkata
CLM0049557,KOL_07053,Sealdah,2024-04-12,10,0,0,0,0,0,0,0,0,0,0.0,0.260893,0,0.0,0,181,1,2,0.98,0.0,GREEN,35,Kolkata
CLM0049558,KOL_09662,Esplanade,2025-11-13,9,0,0,0,0,0,0,0,0,0,0.0,0.289776,0,0.0,0,107,4,1,0.932,0.0,GREEN,37,Kolkata
CLM0049559,KOL_05223,Howrah,2022-12-10,10,0,0,0,0,0,0,0,0,0,0.0,0.01363,0,0.0,0,420,2,2,0.05,0.0,GREEN,39,Kolkata
CLM0049560,KOL_03832,Garia,2021-08-30,17,0,0,0,0,0,0,1,0,0,0.0,0.080297,0,0.0,0,338,0,3,0.0562,0.1223,GREEN,38,Kolkata
CLM0049561,KOL_08129,Dum Dum,2024-01-25,10,0,0,0,0,0,0,0,0,0,1.0,0.113054,0,0.0,0,248,0,4,0.5628,0.1062,GREEN,29,Kolkata
CLM0049562,KOL_05212,Sealdah,2021-12-15,10,0,0,0,0,0,0,0,0,0,0.0,0.08213,0,0.0,0,151,2,2,0.98,0.0944,GREEN,18,Kolkata
CLM0049563,KOL_03613,Salt Lake,2024-06-15,14,0,0,0,0,0,0,0,0,0,0.0,0.409179,0,0.0,0,387,2,0,0.9263,0.0,GREEN,40,Kolkata
CLM0049564,KOL_02820,Dum Dum,2024-04-11,12,0,0,0,0,0,0,0,0,0,0.0,0.336008,0,0.0,0,420,2,1,0.7105,0.0,GREEN,18,Kolkata
CLM0049565,KOL_02150,Esplanade,2022-03-03,7,0,0,0,0,0,0,0,0,0,0.0,1.0,0,0.0,0,101,1,1,0.8234,0.0526,GREEN,29,Kolkata
CLM0049566,KOL_05307,Behala,2021-06-08,18,0,0,0,0,0,0,0,0,0,1.0,0.150532,0,1.0,0,420,4,0,0.8548,0.0,GREEN,37,Kolkata
CLM0049567,KOL_05951,Sealdah,2024-11-04,12,0,0,0,0,0,1,0,1,0,0.0,0.066684,0,0.0,0,176,1,5,0.98,0.2606,GREEN,36,Kolkata
CLM0049568,KOL_07679,Dum Dum,2021-09-17,15,0,0,0,0,0,0,0,1,0,0.0,0.309977,0,0.0,0,420,3,0,0.2094,0.0884,GREEN,32,Kolkata
CLM0049569,KOL_02371,Esplanade,2025-01-11,15,0,0,0,0,0,0,0,0,0,0.0,0.383227,0,0.0,0,394,1,2,0.6072,0.0,GREEN,44,Kolkata
CLM0049570,KOL_06406,Salt Lake,2022-10-18,15,0,0,0,0,0,1,1,1,0,0.0,0.109886,0,0.0,1,21,4,18,0.8219,0.0,GREEN,35,Kolkata
CLM0049571,KOL_08397,New Town,2025-11-22,18,0,0,0,0,0,0,0,0,0,0.0,0.18407,0,0.0,0,64,0,0,0.139,0.0474,GREEN,32,Kolkata
CLM0049572,KOL_06327,Garia,2023-09-25,19,0,0,0,0,0,0,0,0,0,0.0,0.45252,0,0.0,0,53,4,2,0.05,0.0001,GREEN,26,Kolkata
CLM0049573,KOL_01885,Garia,2023-01-10,17,0,0,0,0,0,0,0,0,0,0.0,0.295288,1,0.0,0,226,1,5,0.812,0.02,GREEN,18,Kolkata
CLM0049574,KOL_06914,New Town,2022-07-19,12,0,0,0,0,0,0,0,0,0,1.0,0.416773,0,0.0,0,420,1,3,0.853,0.1117,GREEN,42,Kolkata
CLM0049575,KOL_02938,Tollygunge,2021-09-27,19,0,0,0,0,0,1,0,0,0,0.0,0.241521,0,0.0,0,263,4,2,0.5918,0.1779,GREEN,42,Kolkata
CLM0049576,KOL_08432,Behala,2020-11-08,13,0,0,0,0,0,0,0,0,0,0.0,0.077012,0,0.0,0,223,3,0,0.5247,0.0,GREEN,23,Kolkata
CLM0049577,KOL_08943,Park Street,2021-05-29,18,0,1,1,0,0,0,0,0,0,0.0,0.299596,0,0.0,0,102,1,0,0.7085,0.1802,GREEN,18,Kolkata
CLM0049578,KOL_01340,New Town,2018-11-16,19,0,0,0,0,0,0,0,0,0,0.0,0.0,0,1.0,0,362,0,3,0.4435,0.0968,GREEN,37,Kolkata
CLM0049579,KOL_04244,Park Street,2020-03-19,9,0,0,0,0,0,0,0,0,0,0.0,0.263524,0,0.0,0,307,2,2,0.98,0.0681,GREEN,39,Kolkata
CLM0049580,KOL_03725,Garia,2022-06-07,18,0,0,0,0,0,0,0,0,0,1.0,0.314489,0,0.0,0,202,2,0,0.9138,0.0865,GREEN,38,Kolkata
CLM0049581,KOL_04178,Esplanade,2020-12-17,10,0,0,0,0,0,0,0,1,0,0.0,1.0,0,0.0,0,20,4,2,0.6531,0.1301,GREEN,28,Kolkata
CLM0049582,KOL_08199,New Town,2025-10-29,13,0,0,0,0,0,1,0,0,0,1.0,0.956979,0,1.0,0,46,4,0,0.0861,0.097,GREEN,33,Kolkata
CLM0049583,KOL_09538,Sealdah,2020-05-04,13,0,0,0,0,0,1,0,0,0,0.0,0.458758,0,1.0,0,420,1,2,0.6119,0.0279,GREEN,42,Kolkata
CLM0049584,KOL_09520,Dum Dum,2024-07-31,7,0,0,0,0,1,0,0,1,0,0.0,0.445839,0,0.0,0,420,0,0,0.4089,0.2557,GREEN,22,Kolkata
CLM0049585,KOL_02036,Tollygunge,2016-12-02,10,0,0,0,0,0,1,0,0,0,1.0,0.097809,0,0.0,0,176,4,0,0.54,0.1338,GREEN,63,Kolkata
CLM0049586,KOL_00746,Dum Dum,2021-01-23,20,0,0,0,0,0,0,0,0,1,0.0,0.255137,0,0.0,0,125,3,0,0.725,0.0248,GREEN,35,Kolkata
CLM0049587,KOL_07355,Park Street,2021-02-09,13,0,0,0,1,1,0,1,1,1,1.0,1.0,1,1.0,1,32,0,18,0.3152,0.037,GREEN,42,Kolkata
CLM0049588,KOL_06223,Park Street,2020-08-26,12,0,0,0,0,0,0,0,0,0,0.0,0.373076,0,0.0,0,202,1,4,0.7877,0.0,GREEN,47,Kolkata
CLM0049589,KOL_05138,Sealdah,2022-01-17,11,0,0,0,0,0,1,0,1,0,0.0,0.224437,0,0.0,0,265,1,1,0.7444,0.2133,GREEN,44,Kolkata
CLM0049590,KOL_04872,Garia,2023-09-28,21,0,1,1,1,0,0,0,0,0,1.0,0.034556,0,1.0,0,209,3,2,0.2554,0.2306,GREEN,44,Kolkata
CLM0049591,KOL_08684,New Town,2023-01-20,15,0,0,0,0,0,0,0,0,0,0.0,0.288015,0,1.0,0,413,0,1,0.7604,0.0,GREEN,33,Kolkata
CLM0049592,KOL_00752,Sealdah,2021-12-17,11,0,0,0,1,0,0,0,0,0,0.0,0.228304,0,0.0,0,100,2,2,0.2276,0.16,GREEN,38,Kolkata
CLM0049593,KOL_09443,Esplanade,2024-07-15,17,0,0,0,1,0,1,1,1,1,0.0,0.074717,0,0.0,0,5,0,18,0.2805,0.0012,GREEN,36,Kolkata
CLM0049594,KOL_05593,Salt Lake,2025-11-07,16,0,0,0,0,0,0,1,0,0,0.0,0.216941,0,0.0,0,419,3,3,0.98,0.033,GREEN,18,Kolkata
CLM0049595,KOL_05155,Esplanade,2024-11-11,7,1,0,0,1,0,0,0,0,0,0.0,0.3779,0,0.0,0,26,2,1,0.5144,0.1205,GREEN,28,Kolkata
CLM0049596,KOL_05095,Behala,2025-08-31,13,0,0,0,1,0,0,0,1,0,0.0,1.0,0,0.0,0,400,3,3,0.5424,0.2128,GREEN,41,Kolkata
CLM0049597,KOL_02270,Dum Dum,2025-07-06,12,0,0,0,0,0,0,0,0,0,0.0,0.118102,0,0.0,0,362,0,0,0.726,0.0114,GREEN,50,Kolkata
CLM0049598,KOL_03876,New Town,2025-10-13,9,0,0,0,0,0,1,0,0,0,0.0,0.109719,0,0.0,0,315,4,0,0.7348,0.0332,GREEN,42,Kolkata
CLM0049599,KOL_02333,Park Street,2023-11-03,18,0,0,0,0,0,0,0,0,0,0.0,0.392638,0,0.0,0,235,0,0,0.6306,0.0,GREEN,27,Kolkata
CLM0049600,KOL_08758,New Town,2023-06-20,12,0,0,0,0,0,0,0,0,0,0.0,0.294371,0,0.0,0,341,2,3,0.7186,0.0,GREEN,47,Kolkata
CLM0049601,KOL_02856,Salt Lake,2019-06-02,7,0,0,0,0,0,0,0,0,1,1.0,0.150167,0,0.0,0,42,3,2,0.8517,0.1476,GREEN,51,Kolkata
CLM0049602,KOL_07647,Salt Lake,2019-11-16,21,0,0,0,0,0,1,0,0,0,0.0,0.943619,0,0.0,0,374,1,1,0.98,0.0296,GREEN,41,Kolkata
CLM0049603,KOL_08924,Sealdah,2017-06-18,9,0,0,0,1,0,0,0,0,0,0.0,0.0,0,0.0,0,61,4,4,0.6524,0.1983,GREEN,22,Kolkata
CLM0049604,KOL_01417,Howrah,2021-07-27,15,0,0,0,0,0,0,1,0,0,0.0,0.36732,0,0.0,0,110,4,2,0.772,0.0816,GREEN,45,Kolkata
CLM0049605,KOL_04707,Salt Lake,2025-10-22,19,0,0,0,1,0,0,0,0,1,1.0,0.045238,0,0.0,0,34,2,15,0.0946,0.0,GREEN,27,Kolkata
CLM0049606,KOL_05089,Esplanade,2019-03-10,8,0,0,0,0,0,0,0,0,0,0.0,1.0,0,0.0,0,209,1,1,0.8271,0.0042,GREEN,53,Kolkata
CLM0049607,KOL_01918,New Town,2024-01-06,16,0,0,0,0,0,0,0,1,0,0.0,0.399921,0,0.0,0,317,4,1,0.7119,0.1093,GREEN,47,Kolkata
CLM0049608,KOL_09996,New Town,2016-08-05,19,0,0,0,0,0,1,0,0,0,0.0,0.218592,0,0.0,0,96,4,7,0.6296,0.1188,GREEN,39,Kolkata
CLM0049609,KOL_05043,Howrah,2023-12-21,15,0,0,0,0,0,0,0,0,0,0.0,0.193473,0,0.0,0,137,2,6,0.6654,0.0006,GREEN,22,Kolkata
CLM0049610,KOL_08437,Esplanade,2024-12-08,11,0,0,0,0,0,1,0,0,0,0.0,0.338039,0,0.0,0,20,2,2,0.1784,0.0584,GREEN,40,Kolkata
CLM0049611,KOL_01221,Sealdah,2021-05-20,8,0,0,0,0,0,0,0,0,0,0.0,0.311501,0,0.0,0,131,1,5,0.7838,0.0569,GREEN,36,Kolkata
CLM0049612,KOL_04706,Tollygunge,2021-05-27,18,0,0,0,0,0,0,0,0,0,0.0,0.317409,0,0.0,0,420,2,0,0.7367,0.0,GREEN,33,Kolkata
CLM0049613,KOL_00202,Behala,2022-08-24,17,0,0,0,0,0,0,1,0,0,0.0,0.044046,0,0.0,0,420,4,1,0.966,0.0409,GREEN,18,Kolkata
CLM0049614,KOL_09725,New Town,2016-12-25,9,0,0,0,0,0,0,0,0,0,0.0,0.174287,0,0.0,0,232,1,4,0.8706,0.0,GREEN,37,Kolkata
CLM0049615,KOL_03935,Esplanade,2024-10-27,16,0,0,0,0,0,0,0,0,0,1.0,0.931367,0,1.0,0,366,3,4,0.6154,0.0,GREEN,58,Kolkata
CLM0049616,KOL_09838,Sealdah,2022-01-02,13,0,0,0,0,0,0,1,0,0,0.0,0.294501,0,0.0,0,245,1,0,0.7063,0.0816,GREEN,26,Kolkata
CLM0049617,KOL_03055,New Town,2025-01-24,15,0,0,0,0,0,0,0,1,0,0.0,0.143415,0,0.0,0,420,0,0,0.3716,0.097,GREEN,45,Kolkata
CLM0049618,KOL_07057,Howrah,2023-07-16,20,0,0,0,0,0,0,0,0,0,0.0,0.063071,0,0.0,0,420,1,4,0.6063,0.0,GREEN,30,Kolkata
CLM0049619,KOL_04139,Behala,2023-05-13,21,0,0,0,0,0,1,0,0,0,0.0,0.0,0,0.0,0,394,0,0,0.667,0.0,GREEN,48,Kolkata
CLM0049620,KOL_08832,Howrah,2025-10-12,13,0,0,0,0,0,1,0,0,1,0.0,0.255908,0,0.0,0,172,4,1,0.8987,0.1677,GREEN,42,Kolkata
CLM0049621,KOL_04568,Howrah,2022-01-04,14,0,0,0,0,1,0,0,0,0,1.0,0.23028,0,0.0,1,167,0,0,0.8743,0.2746,GREEN,54,Kolkata
CLM0049622,KOL_06070,Behala,2025-08-17,18,0,0,0,0,0,0,0,1,0,0.0,0.007579,0,0.0,0,306,0,0,0.6286,0.0637,GREEN,25,Kolkata
CLM0049623,KOL_09238,Howrah,2024-05-27,16,0,0,0,0,0,0,1,0,0,1.0,0.206465,0,0.0,1,381,2,3,0.826,0.282,GREEN,21,Kolkata
CLM0049624,KOL_08640,Esplanade,2020-08-06,13,0,0,0,0,0,0,0,0,0,0.0,0.983773,0,0.0,0,355,4,4,0.05,0.0255,GREEN,37,Kolkata
CLM0049625,KOL_08757,New Town,2018-09-29,10,0,0,0,1,1,1,1,1,1,1.0,1.0,0,1.0,1,17,0,18,0.05,0.1037,GREEN,56,Kolkata
CLM0049626,KOL_03661,Dum Dum,2021-07-03,11,0,0,0,0,0,0,0,0,0,0.0,0.318122,0,0.0,0,133,3,1,0.98,0.0,GREEN,44,Kolkata
CLM0049627,KOL_06157,Behala,2023-07-18,15,0,0,0,0,0,0,0,0,0,0.0,0.130935,0,0.0,0,200,0,5,0.7961,0.0309,GREEN,42,Kolkata
CLM0049628,KOL_05179,Sealdah,2020-09-06,14,0,0,0,1,0,0,0,0,0,1.0,0.079782,0,0.0,0,177,0,0,0.5876,0.2187,GREEN,18,Kolkata
CLM0049629,KOL_06989,Esplanade,2023-07-26,15,0,0,0,0,0,1,0,0,0,0.0,0.129239,0,0.0,0,420,0,0,0.2797,0.1261,GREEN,39,Kolkata
CLM0049630,KOL_05783,Dum Dum,2022-09-15,11,0,0,0,0,0,0,0,0,0,1.0,0.148024,0,0.0,0,87,4,6,0.7754,0.069,GREEN,36,Kolkata
CLM0049631,KOL_01706,Salt Lake,2020-09-23,10,0,0,0,0,0,0,0,0,0,0.0,0.913122,0,0.0,0,324,4,2,0.9382,0.0726,GREEN,38,Kolkata
CLM0049632,KOL_04458,Tollygunge,2020-07-19,11,0,0,0,0,0,0,0,0,0,1.0,0.358137,0,0.0,0,23,2,1,0.98,0.1435,GREEN,38,Kolkata
CLM0049633,KOL_05493,Tollygunge,2024-05-05,7,0,0,0,0,0,1,0,0,0,0.0,0.0,0,0.0,0,32,4,0,0.2753,0.1437,GREEN,45,Kolkata
CLM0049634,KOL_02173,Salt Lake,2022-10-22,9,0,0,0,0,0,0,0,0,0,0.0,0.033994,0,0.0,0,279,3,4,0.6789,0.0071,GREEN,18,Kolkata
CLM0049635,KOL_09852,Tollygunge,2024-07-29,15,0,0,0,0,0,0,1,1,0,1.0,0.399831,0,0.0,0,420,2,3,0.747,0.2132,GREEN,31,Kolkata
CLM0049636,KOL_08597,Salt Lake,2020-08-26,18,0,0,0,0,0,0,0,0,0,0.0,0.327144,0,0.0,0,140,1,0,0.2973,0.0,GREEN,33,Kolkata
CLM0049637,KOL_09558,Dum Dum,2020-03-06,11,0,1,1,0,0,0,0,1,0,0.0,0.196407,0,0.0,0,5,3,0,0.6691,0.1121,GREEN,20,Kolkata
CLM0049638,KOL_03386,Garia,2019-10-06,14,0,0,0,0,0,0,0,0,0,0.0,0.994481,0,0.0,0,97,1,2,0.5788,0.0,GREEN,45,Kolkata
CLM0049639,KOL_01870,Park Street,2019-04-09,10,0,0,0,0,0,0,1,0,0,0.0,0.158484,0,0.0,0,388,2,4,0.7156,0.1569,GREEN,29,Kolkata
CLM0049640,KOL_02511,Garia,2022-05-04,11,0,0,0,0,0,0,0,0,0,0.0,0.05879,0,0.0,0,420,0,3,0.8539,0.0238,GREEN,28,Kolkata
CLM0049641,KOL_01354,Behala,2022-06-12,15,0,0,0,0,1,0,0,0,0,0.0,0.205735,0,0.0,0,398,1,3,0.98,0.1942,GREEN,35,Kolkata
CLM0049642,KOL_03386,Garia,2022-03-30,7,0,0,0,0,0,0,0,0,0,0.0,0.163055,0,0.0,0,420,3,0,0.7348,0.0,GREEN,45,Kolkata
CLM0049643,KOL_08276,Dum Dum,2025-01-19,8,0,0,0,0,0,1,0,0,0,0.0,0.187284,0,0.0,1,404,3,0,0.2458,0.1342,GREEN,47,Kolkata
CLM0049644,KOL_08874,Behala,2017-11-03,20,0,0,0,0,0,0,0,0,0,0.0,0.221134,0,0.0,0,82,0,4,0.615,0.0612,GREEN,47,Kolkata
CLM0049645,KOL_07267,Esplanade,2024-06-18,10,0,0,0,0,0,0,0,0,0,0.0,0.397375,0,0.0,0,245,3,0,0.05,0.0,GREEN,49,Kolkata
CLM0049646,KOL_00525,New Town,2023-07-19,8,0,0,0,0,0,1,0,0,0,0.0,0.114778,0,0.0,0,304,1,0,0.6175,0.0418,GREEN,26,Kolkata
CLM0049647,KOL_06213,Park Street,2021-03-03,16,0,0,0,0,0,0,0,0,0,0.0,0.053202,0,0.0,0,420,4,0,0.6749,0.0374,GREEN,32,Kolkata
CLM0049648,KOL_08781,Garia,2018-06-24,8,0,0,0,0,0,1,0,0,0,0.0,0.395623,1,0.0,0,303,0,1,0.98,0.1533,GREEN,44,Kolkata
CLM0049649,KOL_01683,Behala,2019-08-11,8,0,0,0,0,0,0,0,0,0,0.0,0.0,0,0.0,0,205,0,3,0.9363,0.0,GREEN,40,Kolkata
CLM0049650,KOL_00455,Sealdah,2023-03-04,12,0,1,1,0,0,0,0,0,0,0.0,1.0,0,0.0,1,420,3,2,0.7681,0.0857,GREEN,42,Kolkata
CLM0049651,KOL_04642,Behala,2018-04-17,16,0,0,0,0,0,0,0,1,0,0.0,1.0,0,1.0,0,357,4,6,0.8711,0.0709,GREEN,40,Kolkata
CLM0049652,KOL_04321,Howrah,2017-12-29,19,0,0,0,1,0,0,0,0,0,0.0,0.108364,0,0.0,0,192,4,3,0.8261,0.1129,GREEN,45,Kolkata
CLM0049653,KOL_08128,Esplanade,2022-03-05,10,0,0,0,0,0,0,0,1,0,0.0,0.205069,0,0.0,0,174,1,2,0.8795,0.0218,GREEN,18,Kolkata
CLM0049654,KOL_02022,Salt Lake,2025-07-22,14,0,0,0,0,0,0,0,0,0,0.0,0.236593,0,0.0,0,75,1,4,0.7707,0.0,GREEN,36,Kolkata
CLM0049655,KOL_02880,Sealdah,2020-01-30,16,0,0,0,0,0,0,0,0,1,0.0,0.178574,0,0.0,0,100,3,3,0.8479,0.066,GREEN,40,Kolkata
CLM0049656,KOL_06305,Howrah,2017-08-26,20,0,0,0,0,0,0,1,0,0,0.0,0.22642,0,1.0,0,192,4,3,0.98,0.0564,GREEN,28,Kolkata
CLM0049657,KOL_01261,Esplanade,2017-07-04,8,0,0,0,0,0,0,0,0,0,0.0,0.211485,0,0.0,0,393,0,0,0.05,0.0,GREEN,36,Kolkata
CLM0049658,KOL_09524,Sealdah,2020-07-24,12,0,0,0,0,0,1,0,1,0,0.0,0.329124,0,0.0,0,210,1,1,0.6673,0.1514,GREEN,28,Kolkata
CLM0049659,KOL_03123,Garia,2021-06-16,8,0,0,0,0,0,0,0,0,0,0.0,0.307303,0,0.0,0,94,2,2,0.9316,0.0,GREEN,32,Kolkata
CLM0049660,KOL_08754,Garia,2021-08-05,17,0,0,0,0,0,0,0,0,1,0.0,0.270757,0,0.0,0,410,0,4,0.67,0.1207,GREEN,37,Kolkata
CLM0049661,KOL_08655,Park Street,2019-11-14,11,0,0,0,0,0,0,0,0,0,0.0,0.094572,0,0.0,0,143,1,3,0.1381,0.0,GREEN,35,Kolkata
CLM0049662,KOL_09579,New Town,2019-12-17,21,0,0,0,0,0,0,0,1,0,0.0,0.388618,0,0.0,0,66,0,0,0.582,0.1475,GREEN,32,Kolkata
CLM0049663,KOL_00771,Behala,2018-05-12,13,0,0,0,0,0,0,0,0,0,0.0,0.131259,0,0.0,0,227,3,1,0.1567,0.0,GREEN,35,Kolkata
CLM0049664,KOL_02905,Sealdah,2024-01-22,21,0,0,0,0,0,0,0,1,0,0.0,0.084035,0,0.0,0,420,2,1,0.7883,0.2344,GREEN,47,Kolkata
CLM0049665,KOL_03112,Salt Lake,2023-12-26,12,0,0,0,0,0,0,0,0,0,0.0,0.322093,0,0.0,0,300,4,0,0.5722,0.0393,GREEN,39,Kolkata
CLM0049666,KOL_03567,Sealdah,2025-07-01,11,0,0,0,0,1,0,0,0,0,0.0,0.057482,0,0.0,0,311,4,2,0.9191,0.0986,GREEN,20,Kolkata
CLM0049667,KOL_07255,Park Street,2023-12-22,7,0,0,0,0,0,0,0,0,0,0.0,0.133973,0,0.0,0,420,3,4,0.98,0.0,GREEN,30,Kolkata
CLM0049668,KOL_07380,Park Street,2025-11-27,15,0,0,0,0,0,0,0,0,0,1.0,0.255781,0,0.0,0,176,1,1,0.98,0.0396,GREEN,35,Kolkata
CLM0049669,KOL_02780,Esplanade,2025-05-21,19,0,0,0,1,0,0,1,1,0,0.0,1.0,0,1.0,1,15,3,9,0.7686,0.1239,GREEN,39,Kolkata
CLM0049670,KOL_04632,Tollygunge,2025-02-07,7,0,0,0,0,0,0,0,0,0,0.0,0.202742,0,0.0,0,405,2,0,0.8281,0.0488,GREEN,34,Kolkata
CLM0049671,KOL_06363,New Town,2022-09-17,19,0,0,0,0,1,0,0,0,0,0.0,0.139527,0,0.0,0,420,4,2,0.6485,0.1367,GREEN,51,Kolkata
CLM0049672,KOL_01891,Behala,2023-06-25,20,0,0,0,0,0,0,0,0,0,0.0,0.309267,0,0.0,0,259,4,2,0.8253,0.0527,GREEN,27,Kolkata
CLM0049673,KOL_02872,Sealdah,2020-05-24,18,0,1,1,1,0,0,0,0,1,0.0,0.152553,0,0.0,0,220,3,0,0.5904,0.2265,GREEN,44,Kolkata
CLM0049674,KOL_03665,Howrah,2020-06-16,17,0,0,0,0,0,0,0,0,0,0.0,0.44296,0,0.0,0,420,2,4,0.307,0.0,GREEN,40,Kolkata
CLM0049675,KOL_09806,Salt Lake,2023-08-23,21,0,0,0,1,1,0,1,1,1,1.0,0.021981,0,0.0,1,41,3,16,0.1612,0.0,GREEN,48,Kolkata
CLM0049676,KOL_08442,Sealdah,2025-04-17,12,0,0,0,1,0,1,0,1,1,0.0,0.071069,1,0.0,1,5,0,18,0.8267,0.0,GREEN,45,Kolkata
CLM0049677,KOL_00896,Howrah,2022-08-31,13,0,0,0,0,1,0,0,0,0,0.0,0.235602,0,0.0,0,304,0,0,0.5969,0.1127,GREEN,50,Kolkata
CLM0049678,KOL_09636,Howrah,2021-06-12,8,0,0,0,0,0,0,0,0,0,1.0,1.0,1,1.0,0,404,2,6,0.525,0.0176,GREEN,34,Kolkata
CLM0049679,KOL_01482,Esplanade,2024-11-22,21,0,0,0,0,0,1,0,0,0,0.0,0.278849,0,0.0,0,18,3,4,0.98,0.12,GREEN,37,Kolkata
CLM0049680,KOL_09546,Park Street,2024-03-28,7,0,0,0,0,0,0,0,1,0,1.0,0.08172,0,0.0,0,139,1,2,0.6273,0.2063,GREEN,35,Kolkata
CLM0049681,KOL_06294,Park Street,2025-03-22,21,0,0,0,0,0,1,0,0,1,0.0,0.28399,0,0.0,0,420,3,3,0.8459,0.1881,GREEN,52,Kolkata
CLM0049682,KOL_06650,Garia,2024-11-29,17,0,0,0,0,0,0,0,0,0,0.0,0.928499,0,0.0,0,274,2,2,0.7104,0.0,GREEN,18,Kolkata
CLM0049683,KOL_09866,Behala,2025-07-25,20,0,0,0,0,0,0,0,0,0,0.0,0.173056,0,0.0,0,420,4,5,0.1696,0.0708,GREEN,29,Kolkata
CLM0049684,KOL_08919,Salt Lake,2023-11-18,15,0,0,0,0,0,0,0,0,0,0.0,0.0,0,0.0,1,65,2,3,0.4888,0.0991,GREEN,32,Kolkata
CLM0049685,KOL_07632,Howrah,2024-02-22,11,0,0,0,0,0,0,0,0,0,0.0,0.068907,0,0.0,0,420,2,0,0.9717,0.0,GREEN,29,Kolkata
CLM0049686,KOL_07063,Howrah,2024-02-04,18,0,1,1,0,0,0,0,0,0,0.0,0.100125,0,0.0,0,378,1,4,0.8978,0.0441,GREEN,22,Kolkata
CLM0049687,KOL_05865,Park Street,2025-09-07,7,0,0,0,0,0,0,0,0,0,0.0,0.31635,0,0.0,0,406,2,5,0.8217,0.0,GREEN,31,Kolkata
CLM0049688,KOL_02912,Sealdah,2024-04-12,17,0,0,0,1,0,0,1,1,1,0.0,0.941112,1,0.0,1,25,3,18,0.98,0.2131,GREEN,30,Kolkata
CLM0049689,KOL_02399,Tollygunge,2025-05-05,15,0,0,0,0,0,0,0,0,0,0.0,0.205444,0,0.0,0,56,3,0,0.8768,0.0182,GREEN,26,Kolkata
CLM0049690,KOL_04326,Behala,2020-04-12,20,0,0,0,0,0,0,0,0,0,0.0,0.069334,0,0.0,0,64,0,5,0.8751,0.0,GREEN,26,Kolkata
CLM0049691,KOL_04067,Park Street,2022-09-18,18,0,0,0,0,0,0,0,0,1,0.0,0.0,0,0.0,0,248,4,0,0.8314,0.2231,GREEN,18,Kolkata
CLM0049692,KOL_03177,Garia,2025-08-23,9,0,0,0,0,0,0,0,0,0,0.0,1.0,0,0.0,0,415,3,0,0.3404,0.0,GREEN,41,Kolkata
CLM0049693,KOL_00093,New Town,2022-04-19,15,0,0,0,0,0,0,0,0,0,1.0,0.84228,0,1.0,0,420,1,2,0.7425,0.0,GREEN,34,Kolkata
CLM0049694,KOL_02832,Salt Lake,2023-02-12,10,0,0,0,0,0,0,0,0,0,0.0,0.285914,0,0.0,0,279,0,5,0.98,0.0041,GREEN,49,Kolkata
CLM0049695,KOL_00651,Garia,2020-09-09,13,0,0,0,0,0,1,1,1,1,0.0,0.305259,1,0.0,1,5,3,18,0.0568,0.0,GREEN,45,Kolkata
CLM0049696,KOL_04574,Behala,2018-03-13,17,0,0,0,0,0,1,0,1,0,0.0,0.33395,0,0.0,0,332,0,1,0.1117,0.1585,GREEN,34,Kolkata
CLM0049697,KOL_03810,Sealdah,2019-05-14,9,0,0,0,0,0,0,0,0,0,0.0,0.011764,0,0.0,1,420,2,3,0.1777,0.0,GREEN,46,Kolkata
CLM0049698,KOL_05723,Howrah,2024-09-10,18,0,0,0,1,0,0,1,0,0,0.0,0.071772,1,0.0,0,420,4,4,0.05,0.284,GREEN,29,Kolkata
CLM0049699,KOL_04935,New Town,2017-10-20,14,0,0,0,0,0,0,0,0,0,1.0,0.12098,0,0.0,0,27,4,1,0.6899,0.0,GREEN,44,Kolkata
CLM0049700,KOL_01759,New Town,2018-12-07,14,0,0,0,1,0,0,0,0,0,0.0,0.203132,0,0.0,0,28,2,3,0.6597,0.0683,GREEN,34,Kolkata
CLM0049701,KOL_07161,Dum Dum,2019-07-10,16,0,0,0,0,0,0,0,0,0,0.0,0.156396,0,0.0,0,24,4,2,0.8485,0.1358,GREEN,34,Kolkata
CLM0049702,KOL_04453,New Town,2019-09-27,19,0,0,0,0,0,0,0,1,0,0.0,0.03791,0,1.0,0,420,1,2,0.1514,0.0616,GREEN,29,Kolkata
CLM0049703,KOL_04902,Behala,2020-06-17,21,0,0,0,0,0,0,0,0,0,0.0,0.070327,0,0.0,0,74,1,0,0.8193,0.0,GREEN,40,Kolkata
CLM0049704,KOL_06945,Garia,2019-02-13,7,0,0,0,0,0,0,0,0,0,1.0,0.151702,0,0.0,0,88,2,8,0.6711,0.1288,GREEN,32,Kolkata
CLM0049705,KOL_02963,Garia,2025-12-04,12,0,0,0,0,0,0,0,0,0,0.0,0.228649,0,0.0,0,229,0,1,0.7605,0.0,GREEN,38,Kolkata
CLM0049706,KOL_04818,Park Street,2020-04-18,17,0,0,0,0,0,0,0,0,0,0.0,0.0,0,0.0,0,268,4,0,0.893,0.0295,GREEN,26,Kolkata
CLM0049707,KOL_09317,Salt Lake,2021-10-18,11,0,0,0,0,0,0,0,0,0,1.0,0.404182,0,0.0,0,123,1,4,0.0747,0.0869,GREEN,40,Kolkata
CLM0049708,KOL_01080,Behala,2023-10-19,19,0,0,0,0,0,0,0,0,1,0.0,0.13725,0,0.0,0,119,0,0,0.3673,0.1358,GREEN,30,Kolkata
CLM0049709,KOL_08637,Garia,2023-08-02,11,0,0,0,0,0,0,0,0,0,0.0,0.222514,0,0.0,0,222,1,4,0.5619,0.0,GREEN,48,Kolkata
CLM0049710,KOL_00672,Garia,2021-09-25,20,0,0,0,0,0,0,0,0,0,0.0,0.216069,0,0.0,0,386,2,3,0.98,0.0388,GREEN,41,Kolkata
CLM0049711,KOL_07129,Park Street,2022-09-09,19,0,0,0,0,0,0,0,1,0,1.0,0.124155,0,0.0,0,333,0,1,0.7836,0.1862,GREEN,39,Kolkata
CLM0049712,KOL_05495,Behala,2021-12-05,16,1,0,0,0,0,0,0,0,0,0.0,0.206116,0,0.0,0,241,3,0,0.873,0.0418,GREEN,18,Kolkata
CLM0049713,KOL_06587,Esplanade,2025-01-01,14,0,0,0,0,0,0,0,0,0,1.0,0.183518,0,0.0,0,420,4,0,0.8179,0.0,GREEN,32,Kolkata
CLM0049714,KOL_00547,Sealdah,2025-05-18,12,0,0,0,0,0,0,0,0,0,0.0,0.193319,0,0.0,0,43,4,5,0.6645,0.0,GREEN,42,Kolkata
CLM0049715,KOL_02049,Dum Dum,2023-06-29,7,0,0,0,0,1,0,0,0,0,0.0,0.216388,0,0.0,0,289,2,0,0.8217,0.1673,GREEN,29,Kolkata
CLM0049716,KOL_07840,Tollygunge,2022-04-03,12,0,0,0,0,0,0,0,0,0,0.0,0.011078,0,0.0,0,41,3,4,0.6088,0.0249,GREEN,37,Kolkata
CLM0049717,KOL_04063,New Town,2022-03-29,14,0,0,0,0,0,0,0,1,0,0.0,0.151741,0,1.0,0,333,1,6,0.6819,0.1718,GREEN,50,Kolkata
CLM0049718,KOL_00034,Behala,2022-12-03,20,0,0,0,0,0,0,0,0,0,0.0,0.172939,0,0.0,0,420,4,0,0.98,0.0,GREEN,18,Kolkata
CLM0049719,KOL_09683,Howrah,2018-03-26,18,0,0,0,0,0,0,0,0,0,0.0,0.298493,0,0.0,0,335,3,10,0.7412,0.0089,GREEN,47,Kolkata
CLM0049720,KOL_07816,New Town,2019-07-23,10,0,0,0,0,0,0,0,0,0,0.0,0.397934,0,0.0,1,94,2,2,0.4835,0.0449,GREEN,42,Kolkata
CLM0049721,KOL_03722,Salt Lake,2024-04-29,9,0,0,0,0,0,0,0,0,0,0.0,0.108523,0,0.0,0,420,4,0,0.9056,0.0,GREEN,36,Kolkata
CLM0049722,KOL_01529,Esplanade,2023-03-26,15,0,0,0,0,0,0,0,0,0,1.0,1.0,0,1.0,0,81,0,2,0.7949,0.1224,GREEN,29,Kolkata
CLM0049723,KOL_06373,Tollygunge,2020-04-14,11,0,0,0,0,0,0,0,0,0,0.0,0.19641,0,0.0,0,185,3,1,0.476,0.0077,GREEN,42,Kolkata
CLM0049724,KOL_05394,Esplanade,2022-10-13,10,0,0,0,0,0,0,0,0,0,0.0,0.198402,0,0.0,0,85,0,2,0.9129,0.0,GREEN,19,Kolkata
CLM0049725,KOL_01558,Tollygunge,2019-12-25,13,0,0,0,0,0,0,0,0,0,0.0,0.254038,0,0.0,0,362,2,0,0.5553,0.0,GREEN,41,Kolkata
CLM0049726,KOL_03379,Park Street,2024-09-17,20,0,0,0,0,0,0,0,0,0,1.0,0.10616,0,0.0,0,248,0,7,0.8028,0.0261,GREEN,36,Kolkata
CLM0049727,KOL_00177,Dum Dum,2025-02-20,16,0,0,0,0,0,0,0,0,0,0.0,0.958472,0,0.0,0,207,3,3,0.9102,0.0,GREEN,32,Kolkata
CLM0049728,KOL_03100,Behala,2022-10-26,10,0,0,0,0,0,0,0,0,0,0.0,0.174847,0,0.0,1,306,0,0,0.845,0.0,GREEN,54,Kolkata
CLM0049729,KOL_08725,Sealdah,2025-04-25,19,0,0,0,0,0,0,0,0,0,0.0,0.09825,0,0.0,0,388,0,2,0.4967,0.0,GREEN,33,Kolkata
CLM0049730,KOL_05432,Howrah,2024-05-17,17,0,0,0,0,0,0,0,0,0,0.0,0.122528,0,0.0,0,262,3,0,0.7037,0.0,GREEN,18,Kolkata
CLM0049731,KOL_05045,Esplanade,2023-03-24,14,0,0,0,0,0,0,0,0,1,0.0,0.267883,0,0.0,0,420,3,2,0.1354,0.0747,GREEN,37,Kolkata
CLM0049732,KOL_08833,Salt Lake,2024-04-05,10,0,0,0,0,0,0,0,0,0,0.0,0.264561,0,0.0,0,420,4,3,0.8419,0.0,GREEN,33,Kolkata
CLM0049733,KOL_05447,New Town,2023-09-30,9,0,0,0,0,0,0,0,0,0,0.0,0.0,0,0.0,0,353,3,3,0.7044,0.0,GREEN,42,Kolkata
CLM0049734,KOL_01295,Park Street,2024-12-10,20,0,0,0,0,0,0,0,0,0,0.0,1.0,1,0.0,0,219,0,1,0.6299,0.0,GREEN,63,Kolkata
CLM0049735,KOL_03708,Howrah,2025-10-18,15,0,0,0,1,0,0,1,0,0,0.0,0.341694,0,0.0,0,275,3,6,0.8086,0.2003,GREEN,38,Kolkata
CLM0049736,KOL_04151,Park Street,2024-12-30,7,0,0,0,0,0,0,0,0,0,0.0,0.509057,1,0.0,0,20,3,0,0.2681,0.0532,GREEN,31,Kolkata
CLM0049737,KOL_00299,Tollygunge,2025-04-02,16,0,0,0,1,0,0,0,1,0,0.0,0.360396,0,0.0,0,334,2,7,0.8144,0.2686,GREEN,36,Kolkata
CLM0049738,KOL_04124,Dum Dum,2025-05-14,14,0,0,0,0,0,0,0,0,0,0.0,0.172349,0,0.0,0,259,3,0,0.1944,0.0,GREEN,29,Kolkata
CLM0049739,KOL_08615,Dum Dum,2025-09-22,15,0,0,0,0,0,1,0,0,0,0.0,0.077485,0,0.0,0,170,1,1,0.2974,0.0627,GREEN,57,Kolkata
CLM0049740,KOL_07058,Salt Lake,2025-09-23,7,0,0,0,0,0,0,0,0,0,0.0,0.204251,0,0.0,0,420,3,0,0.7153,0.0212,GREEN,29,Kolkata
CLM0049741,KOL_05123,Sealdah,2025-05-01,10,0,0,0,0,0,1,0,0,0,0.0,0.23782,0,1.0,0,304,2,4,0.7493,0.0242,GREEN,31,Kolkata
CLM0049742,KOL_06902,Esplanade,2025-09-16,20,0,0,0,0,0,0,0,0,0,0.0,0.979689,0,0.0,0,122,0,3,0.98,0.01,GREEN,24,Kolkata
CLM0049743,KOL_02744,New Town,2025-05-16,12,0,0,0,0,0,0,0,0,0,0.0,0.216071,0,0.0,0,358,2,5,0.8508,0.0,GREEN,38,Kolkata
CLM0049744,KOL_01087,Park Street,2018-08-20,21,0,0,0,0,0,0,0,0,0,0.0,0.096834,0,0.0,0,267,1,2,0.3634,0.0,GREEN,18,Kolkata
CLM0049745,KOL_07764,Esplanade,2018-02-09,10,0,0,0,0,0,1,1,1,1,0.0,0.257995,0,1.0,0,8,1,18,0.2336,0.0,GREEN,41,Kolkata
CLM0049746,KOL_02801,Dum Dum,2023-03-31,21,0,0,0,0,0,0,0,0,0,0.0,0.107394,0,0.0,0,420,3,0,0.9024,0.0812,GREEN,37,Kolkata
CLM0049747,KOL_05403,Salt Lake,2017-09-30,11,0,0,0,0,0,0,0,0,0,0.0,0.182897,0,0.0,0,420,3,5,0.98,0.0294,GREEN,44,Kolkata
CLM0049748,KOL_07376,Esplanade,2023-01-08,14,0,0,0,0,0,1,0,0,0,0.0,0.112757,0,0.0,0,120,0,2,0.6148,0.0576,GREEN,30,Kolkata
CLM0049749,KOL_03070,Esplanade,2020-08-08,15,0,0,0,1,0,0,0,0,0,1.0,0.219432,0,0.0,0,391,0,0,0.727,0.2677,GREEN,21,Kolkata
CLM0049750,KOL_08785,Sealdah,2019-08-25,9,0,0,0,0,0,0,0,1,0,1.0,1.0,0,1.0,0,252,4,0,0.2336,0.1636,GREEN,38,Kolkata
CLM0049751,KOL_04798,Esplanade,2025-08-01,15,0,0,0,0,0,0,0,0,0,0.0,0.200613,1,0.0,0,187,2,0,0.9731,0.2029,GREEN,23,Kolkata
CLM0049752,KOL_09136,Sealdah,2019-05-08,20,0,0,0,0,0,0,0,0,0,0.0,0.873253,0,0.0,0,21,0,2,0.98,0.0,GREEN,31,Kolkata
CLM0049753,KOL_01580,Sealdah,2023-04-24,13,0,0,0,0,0,1,0,0,0,0.0,0.199039,0,0.0,0,235,2,4,0.8019,0.101,GREEN,34,Kolkata
CLM0049754,KOL_09583,Howrah,2022-09-18,12,0,0,0,0,0,0,0,0,0,0.0,0.096997,0,0.0,0,370,3,0,0.5737,0.0069,GREEN,34,Kolkata
CLM0049755,KOL_04322,New Town,2022-09-05,16,0,0,0,0,0,0,0,0,0,0.0,0.144857,0,0.0,0,348,3,6,0.6037,0.0122,GREEN,26,Kolkata
CLM0049756,KOL_00613,Tollygunge,2018-01-08,8,0,0,0,1,0,0,0,0,0,0.0,0.0,0,0.0,0,57,2,0,0.5586,0.0909,GREEN,37,Kolkata
CLM0049757,KOL_06864,Howrah,2022-12-26,15,0,0,0,0,0,0,0,0,0,0.0,0.393067,0,0.0,0,307,0,1,0.8377,0.0,GREEN,35,Kolkata
CLM0049758,KOL_09928,Tollygunge,2019-07-01,15,0,0,0,0,0,0,0,0,0,0.0,0.0,0,0.0,0,90,0,6,0.05,0.0422,GREEN,37,Kolkata
CLM0049759,KOL_05270,New Town,2019-01-07,15,0,0,0,1,0,0,0,0,0,0.0,0.044503,0,1.0,0,420,1,0,0.847,0.1439,GREEN,49,Kolkata
CLM0049760,KOL_06782,Dum Dum,2017-01-29,19,0,0,0,0,0,0,0,0,0,0.0,0.150828,0,0.0,0,420,2,2,0.8637,0.0,GREEN,27,Kolkata
CLM0049761,KOL_07430,Park Street,2021-06-09,16,0,0,0,0,0,0,0,0,0,0.0,0.258914,0,0.0,0,276,4,3,0.5727,0.0,GREEN,50,Kolkata
CLM0049762,KOL_01713,Salt Lake,2020-10-25,15,0,0,0,1,0,0,0,0,0,0.0,0.345026,0,0.0,0,58,2,2,0.7809,0.1068,GREEN,37,Kolkata
CLM0049763,KOL_08051,New Town,2016-09-30,10,0,0,0,0,0,1,0,0,0,0.0,0.332259,0,0.0,0,207,0,2,0.5674,0.107,GREEN,33,Kolkata
CLM0049764,KOL_02844,Salt Lake,2024-12-09,7,0,0,0,0,0,0,1,0,0,0.0,1.0,0,0.0,0,185,0,0,0.602,0.0767,GREEN,38,Kolkata
CLM0049765,KOL_02425,Dum Dum,2023-04-14,12,0,0,0,0,0,0,0,0,0,0.0,0.201483,0,0.0,0,420,4,4,0.05,0.0484,GREEN,42,Kolkata
CLM0049766,KOL_03340,Garia,2022-05-29,7,0,0,0,0,1,0,0,0,0,0.0,0.101109,0,0.0,0,18,4,3,0.7822,0.1027,GREEN,45,Kolkata
CLM0049767,KOL_01310,Tollygunge,2023-03-19,9,0,0,0,0,0,0,0,0,0,0.0,0.313618,0,0.0,0,250,3,4,0.98,0.0021,GREEN,35,Kolkata
CLM0049768,KOL_08658,Tollygunge,2025-07-04,13,0,0,0,0,0,0,0,0,0,0.0,0.035502,0,0.0,0,164,4,4,0.8613,0.0761,GREEN,36,Kolkata
CLM0049769,KOL_08060,Behala,2023-10-25,11,0,0,0,0,0,0,0,0,0,0.0,0.449864,0,0.0,0,420,0,0,0.6494,0.0295,GREEN,40,Kolkata
CLM0049770,KOL_03798,Park Street,2025-01-28,8,0,0,0,0,0,0,1,0,0,0.0,0.344367,0,0.0,0,127,4,1,0.7295,0.1146,GREEN,44,Kolkata
CLM0049771,KOL_07699,Sealdah,2020-08-18,18,0,0,0,0,0,0,0,0,0,0.0,0.30184,0,0.0,0,31,4,4,0.4218,0.0008,GREEN,47,Kolkata
CLM0049772,KOL_07428,Sealdah,2025-10-23,12,0,0,0,0,0,0,0,1,0,0.0,0.276887,0,0.0,0,332,4,0,0.7506,0.1134,GREEN,41,Kolkata
CLM0049773,KOL_05182,Esplanade,2025-04-29,12,0,0,0,0,0,0,0,0,0,0.0,0.228396,0,0.0,0,420,4,0,0.2105,0.0061,GREEN,45,Kolkata
CLM0049774,KOL_02370,Tollygunge,2022-04-23,13,0,0,0,0,0,0,0,0,0,0.0,0.082784,0,0.0,0,420,1,1,0.4497,0.0,GREEN,36,Kolkata
CLM0049775,KOL_02759,Behala,2025-10-26,15,0,0,0,0,0,0,1,0,0,0.0,0.092035,0,0.0,0,401,2,3,0.9282,0.0616,GREEN,45,Kolkata
CLM0049776,KOL_05558,Tollygunge,2025-04-25,19,0,0,0,0,0,1,0,0,0,0.0,1.0,0,0.0,0,420,0,2,0.7568,0.1003,GREEN,42,Kolkata
CLM0049777,KOL_09663,Esplanade,2021-12-12,7,0,0,0,1,0,0,0,0,1,0.0,0.250403,0,0.0,0,120,4,0,0.9244,0.2569,GREEN,56,Kolkata
CLM0049778,KOL_08443,New Town,2020-06-12,14,0,0,0,0,0,1,1,0,0,0.0,0.209356,0,0.0,0,420,3,1,0.7619,0.1581,GREEN,44,Kolkata
CLM0049779,KOL_04328,Garia,2022-06-10,17,0,0,0,0,0,0,0,0,0,1.0,0.354655,0,0.0,0,110,2,6,0.6402,0.1309,GREEN,35,Kolkata
CLM0049780,KOL_01616,Garia,2016-11-05,18,0,0,0,0,0,0,0,0,0,0.0,0.339036,0,0.0,0,287,3,0,0.6738,0.0,GREEN,23,Kolkata
CLM0049781,KOL_04037,Salt Lake,2023-06-21,11,0,0,0,1,0,1,0,1,1,0.0,0.967475,0,1.0,0,7,1,18,0.359,0.3074,GREEN,32,Kolkata
CLM0049782,KOL_09823,Salt Lake,2021-03-08,18,0,0,0,0,0,0,0,0,0,0.0,0.001471,0,0.0,0,67,2,1,0.4346,0.0049,GREEN,34,Kolkata
CLM0049783,KOL_03358,Howrah,2019-06-21,11,0,0,0,0,0,0,0,0,0,0.0,0.993534,1,0.0,0,420,2,3,0.6415,0.0501,GREEN,32,Kolkata
CLM0049784,KOL_07715,Dum Dum,2025-04-14,21,0,1,1,0,0,0,0,0,0,0.0,0.096168,0,0.0,0,59,2,6,0.7588,0.0078,GREEN,38,Kolkata
CLM0049785,KOL_05251,Tollygunge,2022-11-24,19,0,0,0,0,0,0,0,0,0,0.0,0.221721,1,0.0,0,245,2,3,0.7177,0.0844,GREEN,41,Kolkata
CLM0049786,KOL_03908,Behala,2023-06-23,10,0,0,0,0,0,0,0,0,0,0.0,0.270928,0,0.0,0,42,2,3,0.8613,0.0,GREEN,40,Kolkata
CLM0049787,KOL_03560,Sealdah,2025-06-06,12,0,0,0,0,0,0,0,0,0,1.0,0.299113,0,0.0,0,310,4,0,0.98,0.0429,GREEN,39,Kolkata
CLM0049788,KOL_06685,Behala,2023-07-31,20,0,0,0,0,0,1,0,0,0,0.0,0.12127,0,0.0,0,420,3,3,0.9436,0.2124,GREEN,38,Kolkata
CLM0049789,KOL_05848,Behala,2023-11-13,17,0,0,0,0,1,0,0,0,0,0.0,0.293138,0,0.0,0,37,2,0,0.65,0.073,GREEN,41,Kolkata
CLM0049790,KOL_03817,Garia,2024-01-17,17,0,0,0,0,0,0,0,0,0,0.0,0.973392,0,0.0,0,133,3,2,0.87,0.0506,GREEN,31,Kolkata
CLM0049791,KOL_06164,New Town,2024-03-01,14,0,0,0,0,0,0,1,0,0,0.0,0.420666,0,0.0,0,144,1,2,0.6267,0.0332,GREEN,22,Kolkata
CLM0049792,KOL_09888,Sealdah,2025-07-23,15,0,0,0,0,0,1,0,0,0,0.0,0.286008,0,0.0,0,121,1,3,0.7061,0.0969,GREEN,26,Kolkata
CLM0049793,KOL_07778,Garia,2025-03-31,14,0,0,0,0,0,0,0,0,0,0.0,1.0,0,0.0,0,94,0,0,0.9555,0.0,GREEN,25,Kolkata
CLM0049794,KOL_08611,New Town,2025-08-05,7,0,1,1,1,0,1,0,1,1,0.0,0.98423,0,1.0,0,9,0,18,0.4137,0.041,GREEN,25,Kolkata
CLM0049795,KOL_08002,Salt Lake,2024-05-06,10,0,0,0,0,0,1,0,1,0,1.0,0.39188,0,0.0,0,420,1,3,0.4746,0.3259,YELLOW,26,Kolkata
CLM0049796,KOL_03598,Park Street,2025-11-29,14,0,0,0,0,0,0,0,0,0,1.0,0.153238,0,0.0,0,420,3,0,0.0674,0.0828,GREEN,32,Kolkata
CLM0049797,KOL_06537,Garia,2022-06-12,18,0,0,0,0,0,1,0,0,0,1.0,0.225538,0,0.0,0,402,0,5,0.6219,0.112,GREEN,31,Kolkata
CLM0049798,KOL_00290,Park Street,2022-07-06,7,0,0,0,0,0,0,1,0,0,0.0,0.192282,0,0.0,0,51,0,3,0.6762,0.0278,GREEN,39,Kolkata
CLM0049799,KOL_02966,Howrah,2022-05-16,15,0,0,0,0,0,0,0,0,0,0.0,0.174452,0,0.0,0,227,4,0,0.1548,0.0497,GREEN,45,Kolkata
CLM0049800,KOL_02187,Dum Dum,2024-07-03,14,0,0,0,1,0,0,0,0,0,0.0,0.149982,0,0.0,0,414,2,1,0.98,0.1034,GREEN,48,Kolkata
CLM0049801,KOL_08450,Dum Dum,2023-08-05,17,0,0,0,1,1,1,1,1,1,1.0,0.913625,0,0.0,1,5,4,18,0.2445,0.0357,GREEN,26,Kolkata
CLM0049802,KOL_06205,Sealdah,2022-10-20,7,0,0,0,0,0,0,0,0,0,0.0,0.332697,0,0.0,0,162,4,1,0.6491,0.0794,GREEN,27,Kolkata
CLM0049803,KOL_08279,Behala,2018-07-04,7,0,0,0,0,0,0,0,0,0,0.0,0.278831,0,0.0,1,247,1,4,0.675,0.0088,GREEN,47,Kolkata
CLM0049804,KOL_05883,Garia,2019-11-29,17,0,0,0,0,0,0,0,0,0,0.0,0.36943,0,1.0,0,292,0,0,0.4812,0.0013,GREEN,41,Kolkata
CLM0049805,KOL_01542,Behala,2019-04-05,17,0,0,0,0,0,0,0,0,0,0.0,0.280757,0,0.0,0,420,1,0,0.2162,0.0249,GREEN,38,Kolkata
CLM0049806,KOL_03051,Dum Dum,2022-03-07,17,0,0,0,0,0,0,1,0,0,0.0,0.158565,0,0.0,0,235,1,2,0.7135,0.0404,GREEN,35,Kolkata
CLM0049807,KOL_09721,Garia,2025-12-07,16,0,0,0,0,0,0,0,0,0,0.0,0.315937,0,0.0,0,354,1,3,0.8261,0.1007,GREEN,39,Kolkata
CLM0049808,KOL_03187,Sealdah,2017-11-01,15,0,0,0,0,0,0,0,0,0,0.0,0.237087,0,0.0,0,87,0,1,0.7277,0.0265,GREEN,45,Kolkata
CLM0049809,KOL_02133,Sealdah,2024-10-03,17,0,0,0,0,0,0,0,0,0,0.0,0.151244,0,0.0,0,420,1,4,0.7764,0.0384,GREEN,45,Kolkata
CLM0049810,KOL_05887,Howrah,2020-05-03,21,0,0,0,0,0,0,0,0,0,0.0,0.334405,0,0.0,0,322,1,1,0.2073,0.0,GREEN,18,Kolkata
CLM0049811,KOL_08019,New Town,2017-04-18,19,0,0,0,1,1,0,1,1,1,0.0,0.037955,1,0.0,0,9,3,18,0.9198,0.0836,GREEN,32,Kolkata
CLM0049812,KOL_06201,Park Street,2024-04-18,21,0,0,0,0,0,0,0,1,0,0.0,0.168284,0,0.0,0,186,1,2,0.9614,0.0846,GREEN,20,Kolkata
CLM0049813,KOL_05982,Dum Dum,2020-08-22,7,0,0,0,0,0,1,0,0,0,0.0,0.314268,0,0.0,0,137,1,0,0.8171,0.0883,GREEN,44,Kolkata
CLM0049814,KOL_06178,Dum Dum,2018-04-02,11,0,0,0,0,0,0,0,0,0,0.0,0.023981,0,0.0,0,69,1,0,0.5472,0.0583,GREEN,32,Kolkata
CLM0049815,KOL_05444,Dum Dum,2017-11-13,19,0,0,0,0,0,0,0,0,0,0.0,0.989394,0,0.0,0,329,4,5,0.9379,0.0403,GREEN,40,Kolkata
CLM0049816,KOL_06153,Garia,2019-05-28,20,0,0,0,0,0,0,0,0,0,0.0,0.308717,1,1.0,1,241,4,3,0.2789,0.1652,GREEN,20,Kolkata
CLM0049817,KOL_08368,Park Street,2023-03-29,9,0,0,0,0,0,1,0,0,0,0.0,0.005662,0,0.0,0,168,2,3,0.8232,0.0354,GREEN,23,Kolkata
CLM0049818,KOL_00077,Dum Dum,2023-06-01,20,0,0,0,0,0,0,0,0,0,0.0,0.378254,0,0.0,0,420,3,2,0.5994,0.0,GREEN,45,Kolkata
CLM0049819,KOL_06488,Park Street,2022-08-15,21,0,0,0,0,0,0,0,0,0,0.0,0.248039,0,0.0,0,17,4,0,0.968,0.0,GREEN,33,Kolkata
CLM0049820,KOL_09302,Tollygunge,2025-01-28,20,0,0,0,0,0,0,0,1,1,0.0,0.014745,0,0.0,0,351,3,1,0.1874,0.3049,GREEN,51,Kolkata
CLM0049821,KOL_08573,Garia,2025-02-10,15,0,0,0,0,0,0,0,0,0,1.0,1.0,0,0.0,0,312,2,3,0.746,0.014,GREEN,54,Kolkata
CLM0049822,KOL_04259,Salt Lake,2025-01-15,18,0,0,0,0,0,0,0,0,0,0.0,0.291717,0,0.0,0,289,1,0,0.7506,0.0,GREEN,59,Kolkata
CLM0049823,KOL_00386,Salt Lake,2024-07-17,13,0,0,0,0,1,0,1,1,1,1.0,0.990849,0,0.0,1,8,0,18,0.2033,0.0298,GREEN,28,Kolkata
CLM0049824,KOL_02275,Dum Dum,2021-11-27,8,0,0,0,0,0,0,0,0,0,0.0,0.251857,0,0.0,0,320,1,1,0.9075,0.0659,GREEN,42,Kolkata
CLM0049825,KOL_06936,Garia,2021-06-06,15,0,0,0,1,0,0,0,0,0,0.0,0.0,0,0.0,0,357,3,0,0.7856,0.0726,GREEN,34,Kolkata
CLM0049826,KOL_04864,Dum Dum,2025-06-21,10,0,0,0,0,0,0,0,0,0,0.0,0.085767,0,0.0,0,312,0,0,0.9695,0.0,GREEN,44,Kolkata
CLM0049827,KOL_01743,Sealdah,2025-08-20,17,0,0,0,0,0,0,0,0,0,1.0,1.0,0,1.0,0,420,1,0,0.98,0.1096,GREEN,38,Kolkata
CLM0049828,KOL_06733,Dum Dum,2024-04-23,13,0,0,0,0,0,0,0,0,0,0.0,0.057666,0,0.0,0,420,3,4,0.8844,0.0535,GREEN,26,Kolkata
CLM0049829,KOL_02008,Sealdah,2025-05-03,16,0,0,0,0,0,0,0,0,0,0.0,0.169316,0,0.0,0,197,3,0,0.6444,0.0017,GREEN,48,Kolkata
CLM0049830,KOL_01792,New Town,2022-05-16,11,0,0,0,0,0,0,1,1,0,0.0,0.342176,0,0.0,0,137,3,5,0.6666,0.255,GREEN,32,Kolkata
CLM0049831,KOL_00238,Tollygunge,2025-04-08,13,0,0,0,0,0,0,0,0,0,0.0,0.246991,0,0.0,0,131,3,4,0.9472,0.017,GREEN,42,Kolkata
CLM0049832,KOL_06264,Behala,2025-01-26,18,0,1,1,0,0,0,0,0,0,0.0,0.198272,0,0.0,0,349,4,3,0.5155,0.0,GREEN,37,Kolkata
CLM0049833,KOL_07851,Sealdah,2022-11-03,15,0,0,0,0,1,0,0,0,0,0.0,0.165999,0,0.0,0,420,3,0,0.5489,0.0853,GREEN,31,Kolkata
CLM0049834,KOL_08025,Park Street,2023-05-13,8,0,0,0,1,0,0,0,0,0,0.0,0.377941,0,0.0,0,147,3,1,0.05,0.143,GREEN,32,Kolkata
CLM0049835,KOL_08890,Park Street,2023-12-19,9,0,0,0,0,0,0,0,0,0,0.0,0.361782,0,0.0,0,391,2,5,0.6456,0.0,GREEN,19,Kolkata
CLM0049836,KOL_02481,Dum Dum,2023-07-07,20,0,0,0,0,0,1,0,1,0,0.0,0.079752,0,0.0,0,250,2,0,0.7471,0.1962,GREEN,35,Kolkata
CLM0049837,KOL_06471,Tollygunge,2019-01-03,7,0,0,0,0,0,0,0,0,0,0.0,0.090995,0,0.0,0,300,2,8,0.98,0.0,GREEN,42,Kolkata
CLM0049838,KOL_01145,Behala,2017-02-22,13,0,0,0,0,0,0,0,1,0,0.0,0.178637,0,1.0,0,420,2,6,0.7727,0.1337,GREEN,32,Kolkata
CLM0049839,KOL_08805,Tollygunge,2019-06-14,11,0,0,0,0,0,0,0,0,0,0.0,1.0,0,0.0,0,123,2,4,0.0901,0.0284,GREEN,35,Kolkata
CLM0049840,KOL_06325,Salt Lake,2020-12-18,20,0,0,0,0,0,0,0,0,0,1.0,0.173226,0,0.0,0,420,0,0,0.7029,0.0512,GREEN,55,Kolkata
CLM0049841,KOL_08117,Salt Lake,2019-11-26,8,0,0,0,0,0,0,0,0,0,0.0,0.175244,0,0.0,0,243,0,0,0.861,0.0143,GREEN,40,Kolkata
CLM0049842,KOL_02514,Garia,2018-12-01,15,0,0,0,0,0,0,0,0,0,0.0,0.272949,0,0.0,0,202,3,4,0.5281,0.0034,GREEN,21,Kolkata
CLM0049843,KOL_03534,New Town,2022-10-10,10,0,0,0,0,0,0,0,0,0,0.0,0.995669,0,0.0,0,395,0,3,0.8679,0.0,GREEN,41,Kolkata
CLM0049844,KOL_06507,Dum Dum,2021-08-18,17,0,0,0,1,1,0,0,0,0,0.0,1.0,0,0.0,0,420,0,2,0.98,0.3285,YELLOW,43,Kolkata
CLM0049845,KOL_09390,Sealdah,2024-02-02,21,0,0,0,0,0,0,0,0,0,0.0,0.105054,1,0.0,0,420,2,0,0.05,0.1361,GREEN,36,Kolkata
CLM0049846,KOL_09924,Dum Dum,2023-09-25,7,0,0,0,1,0,0,0,0,0,1.0,0.033399,0,0.0,0,203,3,1,0.2527,0.2488,GREEN,44,Kolkata
CLM0049847,KOL_09224,Howrah,2020-09-14,15,0,0,0,0,0,0,0,0,0,0.0,0.121171,0,1.0,0,94,1,1,0.6554,0.1436,GREEN,40,Kolkata
CLM0049848,KOL_06855,Dum Dum,2022-05-03,13,0,0,0,0,0,0,0,0,0,0.0,0.048567,0,0.0,0,420,1,0,0.823,0.0059,GREEN,18,Kolkata
CLM0049849,KOL_05485,New Town,2024-09-30,10,0,0,0,0,0,1,0,0,0,1.0,0.368839,0,0.0,0,417,3,1,0.91,0.2013,GREEN,28,Kolkata
CLM0049850,KOL_08489,Esplanade,2025-12-01,14,0,0,0,0,0,0,0,0,0,0.0,0.05715,0,0.0,0,369,4,3,0.9791,0.0452,GREEN,35,Kolkata
CLM0049851,KOL_07480,Sealdah,2024-11-21,10,0,0,0,0,0,0,0,0,0,1.0,0.253658,0,0.0,0,253,4,5,0.4883,0.0204,GREEN,47,Kolkata
CLM0049852,KOL_05499,Park Street,2024-11-27,16,0,0,0,0,0,0,0,0,0,0.0,0.078152,0,0.0,0,221,1,0,0.8156,0.0,GREEN,43,Kolkata
CLM0049853,KOL_09085,Salt Lake,2025-03-22,7,0,0,0,0,0,0,0,0,0,0.0,0.11396,0,0.0,0,408,4,3,0.8709,0.0,GREEN,42,Kolkata
CLM0049854,KOL_02795,Behala,2025-04-30,19,0,0,0,0,0,0,0,0,0,0.0,0.20867,0,0.0,0,242,4,3,0.6324,0.0174,GREEN,21,Kolkata
CLM0049855,KOL_08396,Dum Dum,2025-02-12,13,0,0,0,0,0,0,0,0,0,0.0,0.387098,0,0.0,0,420,4,3,0.322,0.0,GREEN,18,Kolkata
CLM0049856,KOL_03333,Sealdah,2020-04-29,20,0,0,0,0,0,0,0,0,0,0.0,0.164168,0,0.0,0,318,2,3,0.2944,0.0,GREEN,44,Kolkata
CLM0049857,KOL_02409,Park Street,2022-11-29,15,0,0,0,0,0,1,0,0,0,0.0,0.389921,0,0.0,0,17,3,0,0.8954,0.1177,GREEN,42,Kolkata
CLM0049858,KOL_09319,Tollygunge,2020-01-24,19,0,0,0,0,0,0,0,0,0,0.0,1.0,0,0.0,0,180,1,0,0.6054,0.0,GREEN,18,Kolkata
CLM0049859,KOL_08238,Park Street,2022-11-17,9,0,0,0,0,0,0,0,0,0,0.0,0.964246,0,0.0,0,275,3,0,0.5786,0.0167,GREEN,44,Kolkata
CLM0049860,KOL_09233,Dum Dum,2022-12-17,19,0,0,0,0,0,0,0,0,0,0.0,0.000167,0,0.0,0,250,4,3,0.9674,0.0,GREEN,35,Kolkata
CLM0049861,KOL_04163,Park Street,2025-05-15,10,0,0,0,1,0,0,0,0,0,0.0,0.202318,0,0.0,0,420,0,0,0.5516,0.1692,GREEN,20,Kolkata
CLM0049862,KOL_03364,Behala,2019-06-23,21,0,0,0,0,0,0,0,0,0,0.0,0.306217,0,0.0,0,420,4,5,0.8556,0.0033,GREEN,57,Kolkata
CLM0049863,KOL_07223,Park Street,2023-05-17,18,0,0,0,0,0,1,0,0,0,0.0,0.335846,0,1.0,0,313,1,3,0.05,0.1952,GREEN,18,Kolkata
CLM0049864,KOL_05816,Tollygunge,2022-07-23,17,0,0,0,0,0,0,0,0,0,0.0,0.382436,0,0.0,0,339,2,0,0.2332,0.0,GREEN,32,Kolkata
CLM0049865,KOL_06741,Sealdah,2021-12-07,14,0,0,0,0,0,0,0,0,0,1.0,1.0,0,0.0,0,325,2,0,0.2944,0.0374,GREEN,38,Kolkata
CLM0049866,KOL_01974,Howrah,2020-08-25,19,0,0,0,0,0,0,1,1,0,0.0,1.0,0,0.0,0,415,0,2,0.5741,0.2184,GREEN,21,Kolkata
CLM0049867,KOL_09673,Sealdah,2023-08-17,20,0,0,0,0,0,1,0,0,0,0.0,0.133464,0,0.0,0,214,2,0,0.2392,0.0701,GREEN,47,Kolkata
CLM0049868,KOL_06922,Esplanade,2022-01-01,11,0,0,0,0,0,0,0,0,0,0.0,0.944155,0,0.0,0,288,2,2,0.7788,0.0968,GREEN,43,Kolkata
CLM0049869,KOL_07490,New Town,2018-07-27,13,0,0,0,0,0,0,0,0,0,0.0,0.0,0,0.0,0,388,4,3,0.6079,0.0603,GREEN,27,Kolkata
CLM0049870,KOL_08252,Park Street,2021-12-30,21,0,0,0,0,0,0,0,0,0,0.0,0.911346,0,0.0,0,420,2,0,0.8475,0.0436,GREEN,35,Kolkata
CLM0049871,KOL_09860,Park Street,2018-06-29,16,0,0,0,0,0,0,0,0,0,0.0,0.081175,0,0.0,0,261,3,0,0.6009,0.0,GREEN,47,Kolkata
CLM0049872,KOL_02580,Howrah,2019-05-25,9,0,0,0,0,0,0,0,0,0,0.0,0.271636,0,0.0,0,46,2,6,0.5628,0.0,GREEN,50,Kolkata
CLM0049873,KOL_07044,New Town,2017-04-08,12,0,0,0,0,0,0,0,0,0,1.0,0.0,1,0.0,0,126,2,0,0.8391,0.0685,GREEN,28,Kolkata
CLM0049874,KOL_05842,New Town,2023-03-12,12,0,0,0,0,0,0,0,0,0,0.0,0.255518,0,0.0,0,61,4,5,0.0699,0.0382,GREEN,42,Kolkata
CLM0049875,KOL_04005,Salt Lake,2022-09-05,21,0,0,0,0,0,0,0,1,0,1.0,0.111272,0,0.0,0,339,1,1,0.9779,0.2406,GREEN,31,Kolkata
CLM0049876,KOL_05660,Esplanade,2017-07-03,19,0,0,0,0,0,0,0,0,1,0.0,0.256237,0,0.0,0,172,0,2,0.8682,0.1633,GREEN,37,Kolkata
CLM0049877,KOL_00667,Dum Dum,2020-10-27,7,0,0,0,0,0,0,0,0,1,0.0,0.103116,0,0.0,1,347,3,1,0.8541,0.2249,GREEN,18,Kolkata
CLM0049878,KOL_05468,Howrah,2017-03-30,18,0,0,0,0,0,0,1,0,0,0.0,0.235291,0,0.0,0,420,2,5,0.4462,0.0164,GREEN,40,Kolkata
CLM0049879,KOL_03945,Esplanade,2023-10-17,9,0,0,0,1,0,0,0,0,0,0.0,0.28826,0,0.0,0,9,4,0,0.7444,0.3561,YELLOW,40,Kolkata
CLM0049880,KOL_04222,Salt Lake,2023-12-04,11,0,0,0,0,0,1,1,0,0,0.0,0.321155,0,0.0,0,55,4,3,0.9305,0.1704,GREEN,27,Kolkata
CLM0049881,KOL_01599,Garia,2025-05-23,19,0,0,0,0,0,0,0,0,0,0.0,0.425179,0,0.0,0,288,0,1,0.831,0.0,GREEN,33,Kolkata
CLM0049882,KOL_09588,Garia,2024-06-25,17,0,0,0,0,0,0,0,0,0,0.0,0.05583,0,0.0,0,420,4,0,0.05,0.0,GREEN,43,Kolkata
CLM0049883,KOL_03456,Park Street,2025-06-23,10,0,0,0,0,0,0,0,0,0,1.0,0.346223,0,0.0,0,420,3,3,0.6533,0.0966,GREEN,22,Kolkata
CLM0049884,KOL_02544,New Town,2021-09-02,8,0,0,0,0,0,0,0,0,0,0.0,0.210439,0,0.0,0,420,2,3,0.0763,0.0,GREEN,33,Kolkata
CLM0049885,KOL_09888,Sealdah,2023-12-05,11,0,0,0,0,0,0,0,0,0,0.0,0.327014,0,0.0,0,98,3,4,0.9162,0.0,GREEN,26,Kolkata
CLM0049886,KOL_01001,Dum Dum,2020-05-26,8,0,0,0,1,1,1,1,0,0,1.0,0.0,0,1.0,1,5,2,18,0.1911,0.2492,GREEN,35,Kolkata
CLM0049887,KOL_00298,Park Street,2023-10-18,11,0,0,0,0,0,1,0,0,0,0.0,0.0,0,0.0,0,420,0,2,0.4331,0.1075,GREEN,21,Kolkata
CLM0049888,KOL_05841,Sealdah,2018-04-24,17,0,0,0,0,0,0,0,0,0,0.0,0.0,0,0.0,0,130,1,0,0.2459,0.0,GREEN,26,Kolkata
CLM0049889,KOL_05801,Sealdah,2023-09-16,19,0,0,0,0,0,0,0,0,0,0.0,0.273447,0,0.0,0,78,4,2,0.7397,0.0,GREEN,39,Kolkata
CLM0049890,KOL_04624,Dum Dum,2023-10-06,21,0,0,0,0,0,0,0,0,0,0.0,0.008179,0,0.0,0,213,4,4,0.909,0.1328,GREEN,39,Kolkata
CLM0049891,KOL_06118,Park Street,2018-03-23,20,0,0,0,0,0,0,0,0,0,0.0,1.0,0,0.0,0,249,4,4,0.5756,0.0,GREEN,39,Kolkata
CLM0049892,KOL_00536,Garia,2025-12-07,12,0,0,0,0,0,0,0,0,0,0.0,0.218146,0,0.0,0,346,0,0,0.8804,0.0863,GREEN,42,Kolkata
CLM0049893,KOL_01846,Park Street,2020-09-09,17,0,0,0,0,0,0,0,0,0,0.0,0.366298,0,0.0,0,68,1,1,0.05,0.0,GREEN,35,Kolkata
CLM0049894,KOL_08010,Salt Lake,2019-02-08,15,0,0,0,0,0,0,0,0,0,0.0,0.29806,0,0.0,0,236,3,1,0.6597,0.0744,GREEN,39,Kolkata
CLM0049895,KOL_01897,Tollygunge,2023-10-19,11,0,0,0,0,0,0,0,1,0,0.0,0.259489,0,0.0,0,355,4,0,0.9724,0.0032,GREEN,43,Kolkata
CLM0049896,KOL_06039,Garia,2025-12-13,7,0,0,0,1,0,0,1,1,0,1.0,1.0,0,1.0,1,15,2,18,0.3488,0.0,GREEN,43,Kolkata
CLM0049897,KOL_04654,Howrah,2022-04-17,8,0,0,0,0,0,0,0,0,0,0.0,0.449201,0,0.0,0,178,1,1,0.1183,0.0,GREEN,56,Kolkata
CLM0049898,KOL_06388,Esplanade,2022-12-11,21,0,0,0,0,0,0,1,0,1,1.0,0.139434,0,0.0,0,83,2,3,0.606,0.0,GREEN,29,Kolkata
CLM0049899,KOL_04378,Garia,2022-09-01,13,0,0,0,0,0,0,0,0,0,0.0,0.072024,0,0.0,0,360,3,1,0.6779,0.0181,GREEN,29,Kolkata
CLM0049900,KOL_07758,New Town,2022-12-15,16,0,0,0,0,0,0,0,0,0,0.0,0.1682,0,0.0,0,420,3,2,0.7126,0.0762,GREEN,34,Kolkata
CLM0049901,KOL_04450,New Town,2022-12-19,9,0,1,1,1,0,0,1,0,0,0.0,0.180433,0,0.0,0,168,2,2,0.7459,0.2509,GREEN,44,Kolkata
CLM0049902,KOL_02333,Park Street,2023-12-18,8,0,0,0,0,0,0,0,0,1,0.0,0.160234,1,0.0,0,363,1,5,0.7125,0.2438,GREEN,27,Kolkata
CLM0049903,KOL_07668,Behala,2025-05-11,17,0,0,0,0,0,0,0,0,0,0.0,0.259155,0,1.0,0,324,1,0,0.6711,0.0,GREEN,29,Kolkata
CLM0049904,KOL_03912,New Town,2024-07-18,8,0,0,0,0,0,0,0,0,0,0.0,0.146203,0,0.0,0,125,0,0,0.98,0.0,GREEN,25,Kolkata
CLM0049905,KOL_09112,Garia,2023-03-10,21,0,0,0,0,0,0,0,0,0,0.0,0.046163,1,0.0,0,206,4,1,0.98,0.0855,GREEN,52,Kolkata
CLM0049906,KOL_00555,Behala,2021-01-27,7,0,0,0,0,0,0,0,0,0,0.0,0.0,0,0.0,0,378,1,1,0.0509,0.0,GREEN,18,Kolkata
CLM0049907,KOL_03318,Howrah,2020-12-09,20,0,0,0,0,0,0,0,0,0,1.0,0.0,0,0.0,0,363,4,0,0.8974,0.0671,GREEN,48,Kolkata
CLM0049908,KOL_04917,Tollygunge,2021-10-01,19,0,0,0,0,0,0,0,0,0,0.0,0.309359,0,0.0,0,228,0,1,0.9073,0.0,GREEN,37,Kolkata
CLM0049909,KOL_08877,Garia,2022-01-29,16,0,0,0,0,0,0,1,0,0,0.0,0.236637,0,0.0,0,362,2,0,0.0857,0.0471,GREEN,28,Kolkata
CLM0049910,KOL_01549,Park Street,2025-12-02,10,0,0,0,0,0,0,1,0,0,0.0,0.039444,0,0.0,0,211,1,4,0.7435,0.1295,GREEN,21,Kolkata
CLM0049911,KOL_06785,Salt Lake,2024-12-16,12,0,0,0,0,0,0,0,0,0,0.0,0.0,0,0.0,0,213,3,1,0.2259,0.0,GREEN,35,Kolkata
CLM0049912,KOL_07821,Salt Lake,2025-01-04,19,0,0,0,0,0,0,0,0,0,0.0,0.262111,0,0.0,0,109,0,6,0.7807,0.0898,GREEN,23,Kolkata
CLM0049913,KOL_01797,Garia,2020-04-21,12,0,0,0,0,0,0,0,1,0,0.0,0.306631,0,0.0,0,355,2,0,0.2388,0.0895,GREEN,43,Kolkata
CLM0049914,KOL_00495,Esplanade,2023-05-17,19,0,0,0,0,0,0,0,0,0,0.0,0.454187,1,0.0,0,256,4,3,0.5598,0.0896,GREEN,44,Kolkata
CLM0049915,KOL_01828,New Town,2021-08-19,7,0,0,0,0,0,0,0,0,0,1.0,0.123648,0,0.0,0,420,0,3,0.582,0.1124,GREEN,48,Kolkata
CLM0049916,KOL_04926,Behala,2017-03-04,17,0,0,0,0,0,0,0,0,0,0.0,0.155076,0,0.0,0,392,1,6,0.5134,0.0,GREEN,32,Kolkata
CLM0049917,KOL_06567,Salt Lake,2016-03-24,12,0,0,0,0,0,0,0,0,0,1.0,0.02214,0,0.0,0,376,0,2,0.7209,0.1636,GREEN,34,Kolkata
CLM0049918,KOL_08673,New Town,2024-05-23,17,0,0,0,0,0,0,0,0,0,0.0,0.33213,0,0.0,0,420,3,0,0.98,0.0,GREEN,39,Kolkata
CLM0049919,KOL_09224,Howrah,2025-06-22,13,0,0,0,0,0,0,0,0,0,0.0,0.177501,0,0.0,0,420,2,5,0.844,0.0,GREEN,40,Kolkata
CLM0049920,KOL_05194,New Town,2022-09-06,12,0,0,0,0,0,0,0,0,0,0.0,0.93474,0,0.0,0,21,0,0,0.8759,0.0243,GREEN,41,Kolkata
CLM0049921,KOL_01956,Howrah,2019-10-29,8,0,0,0,0,0,0,1,1,1,0.0,0.058197,0,0.0,1,5,1,17,0.8195,0.0265,GREEN,31,Kolkata
CLM0049922,KOL_06694,New Town,2022-08-14,12,0,0,0,0,0,0,0,0,0,0.0,0.305602,0,0.0,0,225,3,2,0.72,0.1278,GREEN,43,Kolkata
CLM0049923,KOL_07483,Dum Dum,2024-06-16,11,0,0,0,1,0,0,0,0,0,0.0,0.035389,0,0.0,0,241,3,4,0.7662,0.2193,GREEN,46,Kolkata
CLM0049924,KOL_09590,Dum Dum,2016-04-03,10,0,0,0,0,0,1,0,0,0,1.0,0.231703,0,0.0,0,285,2,1,0.6214,0.1357,GREEN,18,Kolkata
CLM0049925,KOL_06931,Park Street,2020-08-23,21,0,1,1,0,0,1,0,0,0,0.0,0.074632,0,0.0,0,420,1,2,0.6999,0.151,GREEN,34,Kolkata
CLM0049926,KOL_07268,Howrah,2020-01-22,10,0,0,0,0,0,0,0,0,0,0.0,0.313485,0,0.0,0,420,3,1,0.7012,0.0,GREEN,36,Kolkata
CLM0049927,KOL_07614,Behala,2022-06-27,7,0,0,0,1,0,0,0,0,0,0.0,0.14991,0,0.0,0,119,4,1,0.6629,0.193,GREEN,37,Kolkata
CLM0049928,KOL_00714,Garia,2021-07-17,16,0,0,0,0,0,1,0,0,0,0.0,0.317161,0,0.0,0,97,3,1,0.7991,0.1747,GREEN,49,Kolkata
CLM0049929,KOL_09965,Howrah,2020-01-05,16,0,0,0,0,0,0,0,0,0,0.0,0.29468,0,0.0,0,72,4,0,0.7323,0.0365,GREEN,35,Kolkata
CLM0049930,KOL_07361,Salt Lake,2019-06-13,21,0,0,0,0,1,0,0,0,0,0.0,0.253878,0,0.0,0,226,4,3,0.5043,0.0876,GREEN,18,Kolkata
CLM0049931,KOL_06039,Garia,2025-05-21,21,0,0,0,0,0,0,0,0,0,0.0,0.090682,0,0.0,0,213,0,2,0.6946,0.0,GREEN,43,Kolkata
CLM0049932,KOL_03815,Garia,2025-04-03,7,0,0,0,1,0,0,1,0,0,0.0,0.191245,0,0.0,0,370,1,4,0.98,0.3034,GREEN,32,Kolkata
CLM0049933,KOL_05603,Esplanade,2024-08-04,15,0,0,0,0,0,0,0,0,0,0.0,0.189914,0,0.0,0,161,3,2,0.7863,0.0644,GREEN,23,Kolkata
CLM0049934,KOL_09714,New Town,2024-01-31,21,0,0,0,0,1,0,1,1,0,1.0,0.945622,1,0.0,0,5,3,18,0.4166,0.0,GREEN,41,Kolkata
CLM0049935,KOL_05477,Dum Dum,2019-10-04,12,0,0,0,0,0,0,1,0,0,0.0,0.002668,0,0.0,0,73,3,1,0.7372,0.0478,GREEN,28,Kolkata
CLM0049936,KOL_09278,New Town,2021-12-19,20,0,0,0,0,0,0,0,0,0,0.0,0.0,0,0.0,0,370,2,0,0.6274,0.0509,GREEN,21,Kolkata
CLM0049937,KOL_04005,Salt Lake,2022-11-08,16,0,0,0,0,0,0,0,0,0,0.0,0.192098,0,0.0,0,379,2,1,0.7429,0.0,GREEN,31,Kolkata
CLM0049938,KOL_02300,Sealdah,2019-10-11,10,0,1,1,0,0,0,0,0,0,0.0,0.146393,1,0.0,0,166,4,3,0.6195,0.0558,GREEN,32,Kolkata
CLM0049939,KOL_02756,Tollygunge,2020-02-19,19,0,0,0,0,0,0,0,0,0,0.0,0.031763,0,0.0,0,401,3,1,0.98,0.0,GREEN,18,Kolkata
CLM0049940,KOL_01350,Dum Dum,2021-12-30,12,0,0,0,0,0,0,0,0,0,0.0,0.298377,0,0.0,1,350,0,3,0.6282,0.0804,GREEN,46,Kolkata
CLM0049941,KOL_00892,Garia,2020-03-04,14,0,0,0,0,0,0,0,0,0,0.0,0.0,1,0.0,0,224,0,0,0.6339,0.0913,GREEN,29,Kolkata
CLM0049942,KOL_03735,New Town,2025-11-20,7,0,0,0,1,0,0,0,0,0,0.0,0.30867,0,0.0,0,272,2,1,0.05,0.1878,GREEN,34,Kolkata
CLM0049943,KOL_01836,Esplanade,2016-01-19,17,0,0,0,0,0,1,0,0,0,1.0,0.269572,0,0.0,0,193,0,3,0.5865,0.1143,GREEN,33,Kolkata
CLM0049944,KOL_06058,Dum Dum,2021-06-05,19,0,0,0,0,0,0,0,0,0,0.0,0.295477,0,0.0,0,386,0,3,0.6456,0.0,GREEN,25,Kolkata
CLM0049945,KOL_09071,Garia,2019-07-22,19,0,0,0,0,0,1,0,1,0,0.0,0.345966,0,0.0,0,129,1,3,0.5501,0.2142,GREEN,39,Kolkata
CLM0049946,KOL_08373,Sealdah,2024-01-19,17,0,0,0,1,0,1,1,1,1,0.0,0.02538,1,0.0,0,5,3,12,0.98,0.3595,YELLOW,39,Kolkata
CLM0049947,KOL_04507,Behala,2019-06-17,8,0,0,0,0,0,0,0,0,1,0.0,0.203959,0,0.0,0,290,1,0,0.8417,0.1705,GREEN,38,Kolkata
CLM0049948,KOL_00038,Sealdah,2025-02-06,20,0,0,0,0,0,0,0,0,0,0.0,0.102817,0,1.0,0,145,2,1,0.769,0.0558,GREEN,39,Kolkata
CLM0049949,KOL_09116,Garia,2023-07-06,15,0,0,0,0,0,0,0,0,0,0.0,0.229071,0,0.0,0,225,3,7,0.652,0.0759,GREEN,24,Kolkata
CLM0049950,KOL_02730,Sealdah,2022-05-16,15,0,0,0,0,0,1,0,1,0,0.0,0.0,1,0.0,0,353,4,4,0.6729,0.2723,GREEN,28,Kolkata
CLM0049951,KOL_06066,Tollygunge,2025-11-15,8,0,0,0,0,1,1,0,0,0,0.0,0.225714,0,0.0,0,420,4,0,0.8368,0.2689,GREEN,43,Kolkata
CLM0049952,KOL_03626,Sealdah,2021-05-31,17,0,0,0,0,0,0,0,0,0,0.0,0.0,0,0.0,0,92,0,1,0.6073,0.0471,GREEN,39,Kolkata
CLM0049953,KOL_05246,Behala,2021-08-07,18,0,0,0,0,0,0,0,0,0,0.0,0.099913,0,0.0,0,145,4,0,0.9262,0.0137,GREEN,39,Kolkata
CLM0049954,KOL_03211,Park Street,2021-03-18,10,0,0,0,0,0,0,0,0,0,0.0,0.232663,0,0.0,0,168,4,0,0.98,0.0,GREEN,18,Kolkata
CLM0049955,KOL_02560,Dum Dum,2023-11-04,18,0,0,0,0,0,0,0,0,0,0.0,0.183117,0,0.0,1,253,2,5,0.8078,0.0451,GREEN,52,Kolkata
CLM0049956,KOL_02171,Salt Lake,2022-08-11,21,0,0,0,0,0,0,0,0,0,0.0,0.17099,0,0.0,0,145,1,0,0.3365,0.0761,GREEN,29,Kolkata
CLM0049957,KOL_03458,Salt Lake,2019-11-01,9,0,0,0,0,0,1,0,0,0,0.0,1.0,0,0.0,0,420,1,5,0.1585,0.1625,GREEN,22,Kolkata
CLM0049958,KOL_06533,Dum Dum,2024-03-10,18,0,0,0,0,0,0,0,0,0,0.0,0.165408,1,0.0,0,203,2,0,0.5388,0.107,GREEN,36,Kolkata
CLM0049959,KOL_03794,Tollygunge,2025-11-10,19,0,0,0,0,0,0,0,0,0,0.0,0.0,1,0.0,1,79,0,5,0.5629,0.0766,GREEN,25,Kolkata
CLM0049960,KOL_07939,New Town,2020-03-30,18,0,0,0,0,0,0,1,0,0,0.0,0.153009,0,0.0,0,252,4,3,0.9087,0.0037,GREEN,59,Kolkata
CLM0049961,KOL_09090,Dum Dum,2022-01-07,20,0,0,0,1,0,0,0,0,0,0.0,0.424745,0,0.0,0,248,3,4,0.2279,0.0917,GREEN,32,Kolkata
CLM0049962,KOL_06265,Park Street,2021-10-11,20,0,1,1,0,0,0,0,0,1,0.0,0.158575,0,0.0,0,39,2,6,0.98,0.1865,GREEN,41,Kolkata
CLM0049963,KOL_06578,Salt Lake,2022-12-02,11,0,0,0,0,0,0,0,0,0,0.0,0.314512,0,0.0,0,297,2,4,0.6393,0.0,GREEN,36,Kolkata
CLM0049964,KOL_09282,Behala,2018-09-04,21,0,0,0,0,0,0,1,0,0,0.0,0.270261,0,0.0,0,121,1,2,0.4466,0.0612,GREEN,38,Kolkata
CLM0049965,KOL_00847,Howrah,2019-11-19,19,0,0,0,1,0,1,0,0,0,0.0,0.262213,0,0.0,0,159,0,1,0.6708,0.2264,GREEN,40,Kolkata
CLM0049966,KOL_09346,New Town,2018-02-22,20,0,0,0,0,0,0,0,0,0,0.0,0.370011,0,0.0,0,200,0,4,0.98,0.0,GREEN,28,Kolkata
CLM0049967,KOL_01346,Sealdah,2019-04-23,15,0,0,0,0,0,0,0,0,0,1.0,0.291991,0,0.0,0,333,4,2,0.7283,0.0728,GREEN,42,Kolkata
CLM0049968,KOL_01806,Tollygunge,2020-07-08,20,0,0,0,0,0,0,0,0,0,0.0,0.26482,0,0.0,0,170,0,5,0.7091,0.0791,GREEN,43,Kolkata
CLM0049969,KOL_08198,Tollygunge,2016-09-18,12,0,0,0,0,0,0,0,0,0,0.0,0.163936,0,1.0,0,205,3,4,0.98,0.0176,GREEN,23,Kolkata
CLM0049970,KOL_02263,Tollygunge,2025-11-24,14,0,0,0,0,0,0,1,0,0,0.0,0.047939,0,0.0,0,314,4,0,0.941,0.0432,GREEN,46,Kolkata
CLM0049971,KOL_07692,Park Street,2024-07-22,14,0,0,0,0,0,0,0,1,0,0.0,0.042416,0,0.0,0,118,4,0,0.6112,0.1218,GREEN,35,Kolkata
CLM0049972,KOL_08614,Howrah,2024-02-02,11,0,0,0,1,0,0,0,0,0,0.0,0.070328,0,0.0,0,420,4,3,0.9333,0.1117,GREEN,26,Kolkata
CLM0049973,KOL_05987,Park Street,2020-08-28,17,0,0,0,0,0,1,1,0,0,1.0,1.0,0,0.0,1,23,3,18,0.2653,0.1401,GREEN,43,Kolkata
CLM0049974,KOL_07189,Salt Lake,2022-09-05,21,0,0,0,0,0,0,0,0,0,0.0,0.363618,0,0.0,0,236,2,2,0.9193,0.0308,GREEN,38,Kolkata
CLM0049975,KOL_04964,Sealdah,2020-04-11,7,0,0,0,1,0,0,0,0,0,0.0,0.317518,0,0.0,0,305,3,4,0.1327,0.1991,GREEN,28,Kolkata
CLM0049976,KOL_08298,Behala,2019-07-14,15,0,0,0,0,0,0,0,0,0,0.0,0.330697,0,0.0,0,420,1,3,0.447,0.1118,GREEN,38,Kolkata
CLM0049977,KOL_00492,New Town,2024-10-16,15,0,0,0,0,0,0,0,0,0,0.0,0.339595,0,0.0,0,420,1,5,0.8174,0.0,GREEN,31,Kolkata
CLM0049978,KOL_01339,Park Street,2025-02-10,14,0,0,0,0,0,0,0,0,1,0.0,0.381555,0,0.0,0,252,3,0,0.71,0.1559,GREEN,18,Kolkata
CLM0049979,KOL_03118,Garia,2024-06-26,17,0,0,0,1,0,0,1,1,0,0.0,1.0,1,1.0,0,5,3,18,0.8508,0.0289,GREEN,19,Kolkata
CLM0049980,KOL_09062,Sealdah,2024-12-08,20,0,0,0,0,0,0,0,0,0,0.0,0.0,0,0.0,1,323,2,0,0.7588,0.0169,GREEN,44,Kolkata
CLM0049981,KOL_04136,Dum Dum,2021-03-02,17,0,0,0,1,0,0,0,0,0,0.0,0.879683,0,0.0,0,252,0,0,0.1167,0.1275,GREEN,18,Kolkata
CLM0049982,KOL_06884,Salt Lake,2019-12-24,20,0,0,0,0,0,1,0,0,0,0.0,0.117634,0,0.0,0,11,4,4,0.7479,0.1277,GREEN,26,Kolkata
CLM0049983,KOL_05238,Tollygunge,2022-06-02,11,0,0,0,0,0,0,0,0,0,0.0,1.0,0,0.0,0,104,1,0,0.9372,0.0067,GREEN,24,Kolkata
CLM0049984,KOL_06966,Howrah,2025-05-02,7,0,0,0,0,1,1,0,0,0,0.0,0.095055,0,0.0,0,158,4,4,0.3971,0.2748,GREEN,18,Kolkata
CLM0049985,KOL_06242,Tollygunge,2023-07-14,11,0,0,0,0,0,0,0,1,0,0.0,0.218803,0,1.0,0,111,4,2,0.8366,0.134,GREEN,29,Kolkata
CLM0049986,KOL_06694,New Town,2019-08-18,21,0,0,0,0,0,0,0,0,0,0.0,1.0,1,0.0,0,399,1,1,0.7386,0.148,GREEN,43,Kolkata
CLM0049987,KOL_09090,Dum Dum,2019-10-16,20,0,0,0,0,0,0,0,0,0,0.0,0.021433,0,0.0,0,385,2,1,0.0818,0.0,GREEN,32,Kolkata
CLM0049988,KOL_09852,Tollygunge,2024-03-06,21,0,0,0,1,0,0,0,0,0,0.0,0.322344,0,0.0,0,282,3,2,0.5932,0.1559,GREEN,31,Kolkata
CLM0049989,KOL_07448,Garia,2025-03-02,13,0,0,0,0,0,0,0,0,0,0.0,0.075979,0,0.0,0,52,0,2,0.5374,0.0,GREEN,38,Kolkata
CLM0049990,KOL_06516,Behala,2024-06-28,13,0,0,0,0,0,0,0,1,1,0.0,0.347984,0,0.0,0,64,4,4,0.8055,0.2292,GREEN,45,Kolkata
CLM0049991,KOL_06715,Esplanade,2023-06-06,10,0,0,0,0,0,0,0,0,0,0.0,0.019282,0,0.0,1,154,4,0,0.7875,0.0,GREEN,37,Kolkata
CLM0049992,KOL_03551,Park Street,2025-10-31,9,0,0,0,1,0,0,0,0,0,0.0,0.377355,0,0.0,0,124,0,0,0.74,0.1296,GREEN,47,Kolkata
CLM0049993,KOL_00843,Sealdah,2023-12-15,8,0,0,0,0,0,0,0,0,0,0.0,0.324423,0,0.0,0,205,1,0,0.7026,0.1514,GREEN,48,Kolkata
CLM0049994,KOL_05329,Garia,2023-06-03,14,0,0,0,0,0,0,0,0,0,1.0,0.293192,1,0.0,0,314,0,4,0.7335,0.189,GREEN,46,Kolkata
CLM0049995,KOL_09957,Esplanade,2024-10-21,14,0,0,0,0,0,0,1,0,0,0.0,0.15241,0,1.0,0,159,2,1,0.98,0.0997,GREEN,36,Kolkata
CLM0049996,KOL_07214,Tollygunge,2024-03-04,16,0,0,0,1,1,0,1,1,0,1.0,0.112612,1,1.0,1,5,1,18,0.0567,0.1336,GREEN,29,Kolkata
CLM0049997,KOL_07216,Sealdah,2024-01-26,19,0,0,0,0,0,0,0,0,0,0.0,0.113412,0,0.0,0,420,2,3,0.7109,0.0064,GREEN,20,Kolkata
CLM0049998,KOL_01973,Garia,2025-07-03,17,0,0,0,0,0,0,0,0,0,0.0,0.239242,0,0.0,0,333,1,3,0.2646,0.0826,GREEN,33,Kolkata
CLM0049999,KOL_07231,Salt Lake,2025-08-02,9,0,0,0,0,0,1,0,0,0,0.0,0.29197,0,0.0,0,113,2,2,0.5998,0.037,GREEN,52,Kolkata
CLM0050000,KOL_03284,Garia,2024-10-28,7,0,0,0,0,0,0,0,0,0,0.0,0.0,0,0.0,0,163,1,4,0.8007,0.005,GREEN,34,Kolkata
CLM0050001,KOL_00179,Garia,2025-02-12,18,0,0,0,0,0,0,0,0,0,0.0,0.106203,0,0.0,0,211,1,4,0.9555,0.0,GREEN,40,Kolkata
CLM0050002,KOL_00837,Howrah,2025-10-04,16,0,0,0,0,0,0,0,0,0,0.0,0.240009,0,0.0,0,31,3,5,0.1512,0.0273,GREEN,19,Kolkata
CLM0050003,KOL_08149,New Town,2025-06-23,19,0,0,0,0,0,0,0,0,0,1.0,0.0,1,0.0,0,307,3,3,0.98,0.1564,GREEN,37,Kolkata
CLM0050004,KOL_01648,Park Street,2025-06-07,19,0,0,0,0,0,0,0,0,0,0.0,0.248318,0,0.0,0,218,4,5,0.8332,0.0,GREEN,22,Kolkata
CLM0050005,KOL_09730,Garia,2024-09-26,18,0,1,1,0,1,0,1,1,0,0.0,1.0,0,0.0,0,5,0,18,0.2272,0.5376,YELLOW,28,Kolkata
CLM0050006,KOL_05583,Sealdah,2022-08-22,15,0,1,1,1,1,1,1,0,1,1.0,1.0,1,0.0,1,6,1,18,0.3328,0.7229,RED,40,Kolkata
CLM0050007,KOL_00196,Tollygunge,2025-03-20,11,0,1,1,1,1,0,1,1,0,1.0,0.273768,1,1.0,1,7,1,18,0.0741,0.7148,RED,35,Kolkata
CLM0050008,KOL_04450,New Town,2020-10-05,19,0,1,1,0,1,0,1,1,0,1.0,1.0,0,1.0,0,36,1,18,0.9626,0.3242,YELLOW,44,Kolkata
CLM0050009,KOL_00368,Esplanade,2021-04-27,14,0,1,1,1,1,0,1,1,0,1.0,0.459705,1,1.0,1,19,0,18,0.0598,0.5422,YELLOW,27,Kolkata
CLM0050010,KOL_00748,Esplanade,2022-03-30,20,0,1,1,0,1,1,1,0,1,0.0,1.0,0,1.0,1,5,0,18,0.1257,0.7589,RED,46,Kolkata
CLM0050011,KOL_04600,Salt Lake,2021-07-29,7,0,1,1,1,1,0,0,0,1,0.0,0.075183,0,0.0,0,11,2,18,0.8263,0.5264,YELLOW,38,Kolkata
CLM0050012,KOL_02125,Dum Dum,2022-11-29,16,0,1,1,0,1,1,1,0,1,0.0,0.092632,0,0.0,1,16,2,18,0.8454,0.6885,RED,39,Kolkata
CLM0050013,KOL_00706,Salt Lake,2020-07-31,20,0,0,0,0,0,0,0,0,0,0.0,0.196021,1,0.0,0,167,2,1,0.6203,0.0207,GREEN,32,Kolkata
CLM0050014,KOL_08494,New Town,2017-02-01,17,0,0,0,0,0,0,0,0,0,1.0,0.144133,0,0.0,1,397,3,5,0.9776,0.2274,GREEN,54,Kolkata
CLM0050015,KOL_01358,Garia,2020-12-10,20,0,0,0,0,0,0,0,0,0,0.0,0.147474,0,0.0,0,70,2,7,0.9632,0.0,GREEN,22,Kolkata
CLM0050016,KOL_07390,Behala,2024-04-28,20,0,0,0,0,0,0,0,0,0,0.0,0.149766,0,0.0,0,366,3,5,0.6318,0.0,GREEN,39,Kolkata
CLM0050017,KOL_07940,Tollygunge,2020-06-17,7,0,0,0,0,0,0,0,0,0,0.0,0.209143,0,0.0,0,120,0,0,0.8256,0.0636,GREEN,46,Kolkata
CLM0050018,KOL_03330,Esplanade,2018-03-18,13,0,0,0,0,0,0,0,0,0,0.0,0.384948,0,0.0,0,174,4,4,0.2017,0.0261,GREEN,47,Kolkata
CLM0050019,KOL_01121,Esplanade,2021-08-15,11,0,0,0,0,0,0,0,0,0,0.0,0.11635,0,0.0,0,55,4,0,0.8492,0.0506,GREEN,37,Kolkata
CLM0050020,KOL_04926,Behala,2022-10-27,10,0,0,0,0,0,0,0,0,1,1.0,0.120863,0,0.0,0,376,3,2,0.9389,0.1578,GREEN,32,Kolkata
CLM0050021,KOL_02870,Behala,2023-12-09,8,0,0,0,0,0,1,0,1,0,1.0,0.0,0,1.0,1,5,0,18,0.05,0.036,GREEN,33,Kolkata
CLM0050022,KOL_09435,New Town,2024-01-29,19,0,0,0,0,0,0,0,0,0,0.0,0.131228,0,0.0,0,420,2,1,0.98,0.0,GREEN,54,Kolkata
CLM0050023,KOL_06171,Dum Dum,2025-06-25,8,0,0,0,0,0,0,0,0,0,0.0,0.98065,0,0.0,0,379,2,7,0.7464,0.0582,GREEN,43,Kolkata
CLM0050024,KOL_05985,Esplanade,2022-11-01,9,0,0,0,0,0,0,0,0,0,0.0,0.153933,1,0.0,0,314,4,0,0.7579,0.0224,GREEN,41,Kolkata
CLM0050025,KOL_09864,Garia,2021-09-22,10,0,0,0,0,0,0,0,0,0,0.0,1.0,0,0.0,0,39,3,0,0.5746,0.0961,GREEN,39,Kolkata
CLM0050026,KOL_09891,Tollygunge,2020-09-02,14,0,0,0,0,0,0,0,0,0,0.0,0.120657,0,0.0,0,168,4,1,0.9292,0.0783,GREEN,36,Kolkata
CLM0050027,KOL_09269,Park Street,2025-02-25,16,0,0,0,0,0,0,0,0,0,0.0,0.0,0,0.0,0,254,3,4,0.1353,0.0,GREEN,44,Kolkata
CLM0050028,KOL_00107,Tollygunge,2020-06-21,11,0,0,0,0,0,0,1,0,0,0.0,0.373838,0,0.0,0,38,2,2,0.5626,0.0096,GREEN,42,Kolkata
CLM0050029,KOL_06841,Tollygunge,2021-02-06,17,0,0,0,0,0,0,0,0,0,0.0,0.379881,0,0.0,0,149,4,0,0.05,0.1144,GREEN,54,Kolkata
CLM0050030,KOL_01723,Howrah,2024-04-01,7,0,0,0,0,0,0,0,0,0,0.0,0.297143,0,0.0,0,255,1,3,0.577,0.1079,GREEN,45,Kolkata
CLM0050031,KOL_03642,Salt Lake,2021-09-16,11,0,0,0,1,1,0,1,0,0,0.0,0.129618,0,0.0,0,26,4,18,0.8361,0.082,GREEN,36,Kolkata
CLM0050032,KOL_00943,Park Street,2025-05-03,14,0,0,0,1,1,1,1,1,0,0.0,0.038632,0,1.0,0,5,3,18,0.2455,0.0607,GREEN,36,Kolkata
CLM0050033,KOL_05083,Tollygunge,2022-03-03,14,0,0,0,0,0,0,0,0,0,0.0,0.963338,0,0.0,0,284,2,1,0.7436,0.1095,GREEN,43,Kolkata
CLM0050034,KOL_04492,Esplanade,2025-06-21,13,0,0,0,0,0,0,0,0,0,0.0,0.284182,0,0.0,0,420,3,0,0.6825,0.1091,GREEN,26,Kolkata
CLM0050035,KOL_05777,Howrah,2024-03-06,15,0,0,0,0,0,0,0,0,0,0.0,0.275515,0,0.0,0,343,3,2,0.8827,0.0,GREEN,29,Kolkata
CLM0050036,KOL_01174,Park Street,2021-03-04,20,0,0,0,0,1,0,0,0,0,0.0,0.108997,0,0.0,0,370,4,0,0.5954,0.1945,GREEN,18,Kolkata
CLM0050037,KOL_06674,Park Street,2022-12-03,9,0,0,0,0,0,0,0,0,0,0.0,0.306722,1,0.0,0,358,0,5,0.9065,0.0687,GREEN,36,Kolkata
CLM0050038,KOL_02913,New Town,2022-03-28,7,0,0,0,0,0,0,0,0,0,0.0,0.276295,0,1.0,0,236,0,5,0.9678,0.0,GREEN,38,Kolkata
CLM0050039,KOL_02273,Behala,2021-10-25,15,0,0,0,0,0,0,0,0,0,0.0,0.064487,0,0.0,0,20,2,2,0.98,0.0204,GREEN,21,Kolkata
CLM0050040,KOL_02952,Behala,2022-06-08,17,0,0,0,0,0,0,1,0,0,0.0,0.354956,0,0.0,0,43,0,1,0.5062,0.0477,GREEN,32,Kolkata
CLM0050041,KOL_04813,Tollygunge,2025-10-12,13,0,0,0,0,0,0,0,0,0,0.0,0.213882,0,0.0,1,420,2,3,0.98,0.0899,GREEN,54,Kolkata
CLM0050042,KOL_03133,New Town,2024-09-06,12,0,0,0,0,0,1,0,0,0,0.0,1.0,0,0.0,0,410,4,2,0.9226,0.1556,GREEN,38,Kolkata
CLM0050043,KOL_04197,Sealdah,2025-11-04,21,0,0,0,0,0,0,0,0,0,0.0,0.281013,0,0.0,0,96,0,3,0.7064,0.0,GREEN,31,Kolkata
CLM0050044,KOL_01010,Salt Lake,2024-12-07,19,0,0,0,0,0,0,0,0,0,0.0,0.0,0,0.0,0,420,4,3,0.8665,0.0179,GREEN,42,Kolkata
CLM0050045,KOL_08009,Tollygunge,2024-02-08,13,0,0,0,0,0,0,0,0,1,0.0,0.971705,0,0.0,0,420,4,2,0.216,0.1069,GREEN,30,Kolkata
CLM0050046,KOL_08761,Park Street,2020-12-17,21,0,0,0,0,0,1,0,0,0,0.0,0.334752,0,0.0,0,420,1,0,0.7634,0.061,GREEN,44,Kolkata
CLM0050047,KOL_04533,Behala,2019-01-30,10,0,0,0,0,0,0,1,0,0,0.0,0.414559,0,0.0,0,95,3,3,0.6727,0.0501,GREEN,42,Kolkata
CLM0050048,KOL_03468,Salt Lake,2024-04-28,18,0,1,1,0,0,0,0,0,0,0.0,0.96258,0,0.0,0,420,1,0,0.5341,0.0571,GREEN,22,Kolkata
CLM0050049,KOL_07974,Howrah,2021-03-04,16,0,0,0,0,0,0,0,0,0,0.0,0.254513,0,0.0,0,405,2,4,0.8811,0.0,GREEN,20,Kolkata
CLM0050050,KOL_08613,Tollygunge,2025-01-02,21,0,0,0,0,0,1,0,0,0,0.0,0.130114,0,0.0,0,390,4,6,0.2622,0.139,GREEN,31,Kolkata
CLM0050051,KOL_04779,Howrah,2022-05-13,14,0,0,0,0,0,0,0,0,0,0.0,0.24425,0,1.0,0,98,1,7,0.789,0.0,GREEN,18,Kolkata
CLM0050052,KOL_09555,Salt Lake,2025-02-03,18,0,0,0,0,0,0,0,0,0,0.0,0.072827,0,0.0,0,420,1,0,0.6951,0.0545,GREEN,39,Kolkata
CLM0050053,KOL_04208,New Town,2022-08-20,21,0,0,0,0,1,0,0,0,0,0.0,0.229754,0,0.0,0,113,1,1,0.9346,0.0944,GREEN,51,Kolkata
CLM0050054,KOL_02390,Dum Dum,2019-04-10,13,0,0,0,1,0,1,0,0,0,0.0,0.231388,0,0.0,0,166,1,6,0.7598,0.2419,GREEN,40,Kolkata
CLM0050055,KOL_06899,Salt Lake,2018-04-01,16,0,0,0,0,0,1,0,1,0,1.0,0.125378,0,0.0,0,420,4,0,0.5913,0.3025,GREEN,36,Kolkata
CLM0050056,KOL_07401,Esplanade,2022-07-08,16,0,0,0,0,0,0,0,0,0,0.0,0.208815,0,0.0,0,420,0,2,0.6202,0.0127,GREEN,34,Kolkata
CLM0050057,KOL_09825,New Town,2023-08-06,7,0,0,0,0,0,1,0,1,0,0.0,0.12136,0,0.0,0,193,2,0,0.5676,0.1663,GREEN,36,Kolkata
CLM0050058,KOL_02428,Howrah,2018-03-20,8,0,0,0,0,0,1,0,0,0,0.0,0.138576,0,0.0,0,343,4,0,0.0874,0.0522,GREEN,33,Kolkata
CLM0050059,KOL_00863,Howrah,2023-01-20,18,0,0,0,1,0,0,0,0,0,0.0,0.056692,0,0.0,0,269,2,3,0.5785,0.0892,GREEN,22,Kolkata
CLM0050060,KOL_05321,Howrah,2018-09-13,16,0,0,0,0,0,0,0,1,0,0.0,0.190407,0,0.0,0,74,2,2,0.5929,0.1356,GREEN,27,Kolkata
CLM0050061,KOL_00959,Tollygunge,2021-01-25,16,0,0,0,0,0,0,0,0,0,0.0,0.050681,0,0.0,0,420,1,3,0.6919,0.0,GREEN,20,Kolkata
CLM0050062,KOL_05816,Tollygunge,2025-08-20,21,0,0,0,0,0,1,0,0,0,0.0,0.080008,0,0.0,0,5,1,18,0.98,0.179,GREEN,32,Kolkata
CLM0050063,KOL_07908,Howrah,2016-11-24,17,0,0,0,0,0,0,0,0,0,1.0,1.0,0,1.0,0,333,2,1,0.7282,0.0371,GREEN,40,Kolkata
CLM0050064,KOL_03653,Salt Lake,2021-06-29,15,0,0,0,0,0,1,0,0,0,0.0,0.304571,0,0.0,0,243,4,6,0.8398,0.1478,GREEN,45,Kolkata
CLM0050065,KOL_00156,Tollygunge,2021-09-20,11,0,0,0,0,0,0,0,0,0,0.0,0.083851,0,0.0,0,140,3,5,0.98,0.0274,GREEN,48,Kolkata
CLM0050066,KOL_01042,Behala,2025-06-23,16,0,0,0,0,0,0,1,0,0,0.0,0.3248,0,0.0,0,420,1,3,0.2312,0.149,GREEN,67,Kolkata
CLM0050067,KOL_01920,Tollygunge,2025-03-18,20,0,0,0,0,0,0,0,0,0,0.0,0.135396,0,0.0,0,420,1,3,0.7681,0.0,GREEN,40,Kolkata
CLM0050068,KOL_06630,Salt Lake,2023-12-09,19,0,0,0,0,0,0,0,0,0,0.0,0.458087,0,0.0,0,200,2,0,0.9346,0.0732,GREEN,42,Kolkata
CLM0050069,KOL_09839,Tollygunge,2025-06-02,13,0,0,0,0,0,0,1,0,0,1.0,0.39576,0,0.0,1,87,2,3,0.6886,0.2699,GREEN,36,Kolkata
CLM0050070,KOL_07254,New Town,2022-07-17,14,0,0,0,0,0,0,0,0,0,0.0,0.320259,0,0.0,0,420,0,4,0.4314,0.0344,GREEN,45,Kolkata
CLM0050071,KOL_00540,Behala,2023-10-06,13,0,0,0,1,0,0,0,0,0,0.0,0.073127,0,0.0,0,215,0,0,0.8858,0.1548,GREEN,54,Kolkata
CLM0050072,KOL_03602,New Town,2022-12-19,9,0,0,0,0,0,0,0,0,0,0.0,0.176505,0,0.0,0,368,2,2,0.9537,0.0455,GREEN,33,Kolkata
CLM0050073,KOL_06522,Behala,2024-12-18,8,0,0,0,0,0,0,0,0,0,0.0,0.10455,0,1.0,0,362,0,0,0.6724,0.0,GREEN,25,Kolkata
CLM0050074,KOL_01839,Salt Lake,2024-11-13,16,0,0,0,0,0,0,0,0,0,0.0,0.372015,0,0.0,0,420,2,5,0.5489,0.0312,GREEN,42,Kolkata
CLM0050075,KOL_03426,Garia,2022-10-31,14,0,0,0,1,0,0,0,0,0,1.0,0.394029,0,0.0,0,348,0,3,0.7539,0.2804,GREEN,36,Kolkata
CLM0050076,KOL_01937,Sealdah,2024-10-18,16,0,0,0,0,0,1,0,0,0,0.0,0.055932,0,0.0,0,420,2,3,0.7901,0.0871,GREEN,48,Kolkata
CLM0050077,KOL_02706,Howrah,2025-03-03,14,0,0,0,0,0,0,0,0,0,0.0,0.360169,0,0.0,0,155,0,4,0.9767,0.0,GREEN,54,Kolkata
CLM0050078,KOL_08007,Park Street,2025-02-14,14,0,0,0,0,0,0,0,0,0,1.0,0.061861,0,0.0,1,367,0,0,0.7178,0.2358,GREEN,40,Kolkata
CLM0050079,KOL_02754,Esplanade,2025-11-10,20,0,0,0,0,0,0,0,0,0,0.0,0.290473,0,0.0,0,88,0,2,0.0561,0.0353,GREEN,30,Kolkata
CLM0050080,KOL_09023,Salt Lake,2024-09-27,9,0,0,0,0,0,0,0,0,0,0.0,0.262615,0,0.0,0,108,0,0,0.5856,0.0,GREEN,38,Kolkata
CLM0050081,KOL_04789,Garia,2024-03-15,10,0,0,0,0,0,0,0,0,0,0.0,0.983938,0,0.0,0,420,2,2,0.6916,0.0001,GREEN,27,Kolkata
CLM0050082,KOL_02540,Salt Lake,2025-05-12,10,0,0,0,0,0,0,1,1,0,0.0,0.244746,0,0.0,0,177,4,2,0.7935,0.1661,GREEN,20,Kolkata
CLM0050083,KOL_07403,Esplanade,2024-05-28,10,0,0,0,0,0,0,0,0,0,0.0,0.16405,0,0.0,0,152,1,3,0.5868,0.0,GREEN,42,Kolkata
CLM0050084,KOL_09453,Esplanade,2025-07-03,14,0,0,0,0,0,0,0,0,0,0.0,0.290943,0,0.0,1,183,0,3,0.6455,0.1338,GREEN,22,Kolkata
CLM0050085,KOL_09676,Esplanade,2023-10-31,14,0,0,0,0,0,0,0,0,0,0.0,0.24547,0,0.0,0,104,3,1,0.2906,0.0,GREEN,40,Kolkata
CLM0050086,KOL_08274,Howrah,2024-10-27,11,0,0,0,0,0,0,0,0,0,0.0,0.097008,0,0.0,0,413,3,4,0.1,0.0482,GREEN,33,Kolkata
CLM0050087,KOL_00500,Howrah,2025-02-08,7,0,0,0,0,1,0,0,0,0,0.0,0.160082,0,0.0,0,331,1,1,0.5442,0.1765,GREEN,41,Kolkata
CLM0050088,KOL_03376,Salt Lake,2025-07-29,14,0,0,0,0,0,1,0,0,0,0.0,0.0,0,0.0,0,420,2,4,0.7616,0.1485,GREEN,44,Kolkata
CLM0050089,KOL_06594,Park Street,2023-04-27,7,0,0,0,0,0,0,0,0,0,0.0,0.290008,0,0.0,0,420,0,1,0.8132,0.0,GREEN,39,Kolkata
CLM0050090,KOL_02856,Salt Lake,2022-10-14,16,0,0,0,1,0,0,0,0,1,1.0,0.143562,0,1.0,1,5,2,18,0.2268,0.0683,GREEN,51,Kolkata
CLM0050091,KOL_08798,Tollygunge,2025-01-21,14,0,0,0,0,0,0,0,0,0,0.0,0.0,0,0.0,1,284,3,1,0.8744,0.0687,GREEN,26,Kolkata
CLM0050092,KOL_01000,Tollygunge,2019-01-15,16,0,0,0,0,1,0,0,0,0,1.0,0.015347,0,0.0,0,37,0,7,0.8355,0.1992,GREEN,31,Kolkata
CLM0050093,KOL_06413,Sealdah,2022-03-08,17,0,0,0,0,1,1,1,1,0,1.0,0.402513,1,0.0,0,10,2,18,0.2813,0.0973,GREEN,49,Kolkata
CLM0050094,KOL_03780,New Town,2025-11-10,19,0,0,0,0,0,0,0,0,0,0.0,0.160213,1,0.0,0,280,4,4,0.2324,0.0,GREEN,27,Kolkata
CLM0050095,KOL_08025,Park Street,2023-04-23,9,0,0,0,0,0,0,0,1,0,0.0,0.166698,0,0.0,0,323,1,0,0.6068,0.0781,GREEN,32,Kolkata
CLM0050096,KOL_09706,Dum Dum,2024-01-29,20,0,0,0,0,0,0,0,0,0,0.0,0.950715,0,0.0,0,379,1,0,0.7647,0.0226,GREEN,30,Kolkata
CLM0050097,KOL_05095,Behala,2025-03-15,9,0,0,0,0,0,0,0,0,0,0.0,0.170282,0,0.0,0,75,2,4,0.477,0.0085,GREEN,41,Kolkata
CLM0050098,KOL_05850,Behala,2017-10-30,21,0,0,0,0,0,0,0,0,0,1.0,0.304316,0,1.0,0,395,2,0,0.7067,0.0912,GREEN,50,Kolkata
CLM0050099,KOL_08948,Sealdah,2022-08-21,17,0,0,0,0,0,0,0,0,0,0.0,0.231023,0,0.0,0,237,0,3,0.8906,0.0,GREEN,38,Kolkata
CLM0050100,KOL_08558,New Town,2023-07-08,14,0,1,1,0,0,0,0,0,0,0.0,0.041078,0,0.0,0,146,0,4,0.9011,0.4222,YELLOW,23,Kolkata
CLM0050101,KOL_02785,New Town,2022-03-14,20,0,1,1,1,0,1,1,1,1,1.0,0.0,0,1.0,1,5,1,18,0.2977,0.7879,RED,32,Kolkata
CLM0050102,KOL_08197,Park Street,2022-09-19,13,0,1,1,1,1,0,1,1,1,1.0,0.102979,1,0.0,0,5,0,18,0.1508,0.8011,RED,28,Kolkata
CLM0050103,KOL_04980,Dum Dum,2024-07-27,9,0,1,1,0,0,0,0,0,0,0.0,0.26028,0,0.0,0,300,2,0,0.6037,0.8068,RED,36,Kolkata
CLM0050104,KOL_09235,Sealdah,2022-06-30,19,0,1,1,0,0,0,0,1,0,0.0,0.151619,0,0.0,0,99,2,0,0.5249,0.5149,YELLOW,27,Kolkata
CLM0050105,KOL_08514,Salt Lake,2025-07-06,7,0,1,1,0,0,0,1,1,1,0.0,0.997192,0,1.0,1,37,2,18,0.3095,0.4266,YELLOW,45,Kolkata
CLM0050106,KOL_09989,Dum Dum,2021-10-28,19,0,0,0,0,0,0,0,0,0,0.0,0.139029,0,0.0,0,247,1,3,0.641,0.0515,GREEN,39,Kolkata
CLM0050107,KOL_03544,Dum Dum,2021-01-04,9,0,0,0,0,0,0,0,0,0,0.0,0.88213,0,0.0,0,420,4,5,0.98,0.0731,GREEN,24,Kolkata
CLM0050108,KOL_08366,Sealdah,2023-10-16,15,0,0,0,0,0,0,0,0,0,0.0,0.155021,0,0.0,0,420,2,2,0.6343,0.0217,GREEN,35,Kolkata
CLM0050109,KOL_04740,Park Street,2024-07-07,15,0,0,0,1,0,1,0,0,0,0.0,0.148731,0,0.0,0,70,2,3,0.51,0.229,GREEN,22,Kolkata
CLM0050110,KOL_01857,Howrah,2019-09-23,12,0,0,0,0,0,0,0,0,0,0.0,0.259205,0,0.0,0,325,1,2,0.3337,0.0022,GREEN,41,Kolkata
CLM0050111,KOL_01332,Sealdah,2025-04-11,10,0,0,0,0,0,0,0,0,0,0.0,0.95273,0,0.0,0,34,3,3,0.4802,0.0,GREEN,22,Kolkata
CLM0050112,KOL_03663,Garia,2024-02-10,13,0,0,0,0,0,0,0,0,0,0.0,0.030576,0,0.0,0,289,4,2,0.8969,0.0186,GREEN,50,Kolkata
CLM0050113,KOL_06913,New Town,2025-02-14,17,0,0,0,0,0,0,0,0,0,0.0,0.190905,0,0.0,0,420,3,4,0.5059,0.1012,GREEN,41,Kolkata
CLM0050114,KOL_02180,Behala,2022-01-11,7,0,0,0,0,0,0,0,0,0,0.0,0.258041,0,0.0,0,420,4,0,0.7015,0.0,GREEN,25,Kolkata
CLM0050115,KOL_05079,Sealdah,2020-08-11,10,0,0,0,0,0,0,0,0,0,0.0,0.0,0,0.0,0,248,1,4,0.8357,0.0,GREEN,40,Kolkata
CLM0050116,KOL_06710,Garia,2024-01-07,8,0,0,0,0,0,0,0,0,0,0.0,0.446349,0,0.0,0,420,2,5,0.05,0.0,GREEN,53,Kolkata
CLM0050117,KOL_06354,Sealdah,2024-05-21,21,0,0,0,0,1,0,0,0,0,0.0,0.158183,0,0.0,0,53,2,0,0.6078,0.1176,GREEN,29,Kolkata
CLM0050118,KOL_01829,New Town,2024-12-15,11,0,0,0,0,0,0,0,0,0,0.0,0.439657,0,0.0,0,290,4,0,0.9039,0.0,GREEN,34,Kolkata
CLM0050119,KOL_09045,Park Street,2022-08-31,15,0,0,0,0,0,0,0,0,0,0.0,0.122519,0,0.0,0,184,4,1,0.6103,0.071,GREEN,44,Kolkata
CLM0050120,KOL_07628,New Town,2017-04-19,21,0,0,0,0,0,1,1,0,0,0.0,0.004752,1,0.0,0,420,4,1,0.8114,0.3077,GREEN,24,Kolkata
CLM0050121,KOL_04144,Howrah,2016-02-17,20,0,0,0,0,0,0,0,0,0,0.0,0.317041,0,0.0,0,5,4,5,0.9352,0.0,GREEN,18,Kolkata
CLM0050122,KOL_05303,Tollygunge,2016-01-18,13,0,0,0,0,0,0,0,0,0,0.0,0.046891,0,0.0,0,309,3,5,0.7764,0.0682,GREEN,37,Kolkata
CLM0050123,KOL_09698,Tollygunge,2023-12-28,18,0,0,0,0,0,0,1,0,0,0.0,0.990205,0,1.0,0,280,2,0,0.2408,0.1305,GREEN,32,Kolkata
CLM0050124,KOL_09827,Park Street,2023-05-30,18,0,0,0,0,0,0,0,0,0,0.0,0.263457,0,0.0,0,188,2,3,0.9213,0.0035,GREEN,22,Kolkata
CLM0050125,KOL_08721,New Town,2023-05-02,14,0,0,0,0,0,0,0,0,0,0.0,0.333943,0,0.0,0,268,3,4,0.1788,0.0257,GREEN,40,Kolkata
CLM0050126,KOL_04509,Salt Lake,2021-04-05,13,0,0,0,0,0,0,0,0,0,0.0,0.187872,0,0.0,0,242,4,2,0.7787,0.0,GREEN,44,Kolkata
CLM0050127,KOL_04440,New Town,2021-02-08,8,0,0,0,0,0,0,0,0,0,0.0,0.187239,0,0.0,0,50,2,0,0.8878,0.0,GREEN,26,Kolkata
CLM0050128,KOL_01018,Howrah,2019-11-04,11,0,0,0,0,0,0,0,1,0,0.0,0.279576,0,0.0,0,110,2,0,0.05,0.0546,GREEN,48,Kolkata
CLM0050129,KOL_09830,Salt Lake,2024-08-08,8,0,0,0,0,0,1,0,0,0,0.0,0.269251,0,0.0,0,45,3,0,0.6716,0.1441,GREEN,35,Kolkata
CLM0050130,KOL_00749,Howrah,2024-07-26,7,0,0,0,0,0,1,0,0,0,0.0,0.181711,0,0.0,0,304,4,4,0.2019,0.1182,GREEN,18,Kolkata
CLM0050131,KOL_03732,Tollygunge,2025-03-06,17,0,0,0,1,0,0,0,0,0,0.0,0.174676,0,0.0,0,190,4,5,0.9268,0.1515,GREEN,35,Kolkata
CLM0050132,KOL_06364,Park Street,2024-09-12,7,0,0,0,0,0,0,0,0,0,1.0,0.363819,0,0.0,0,138,2,2,0.7356,0.077,GREEN,29,Kolkata
CLM0050133,KOL_04190,Dum Dum,2025-03-04,14,0,0,0,0,0,0,0,0,0,0.0,0.283244,0,0.0,0,34,4,6,0.7361,0.0111,GREEN,39,Kolkata
CLM0050134,KOL_03449,Howrah,2025-05-03,12,0,0,0,0,0,1,0,0,0,0.0,0.191702,1,0.0,0,296,1,0,0.2625,0.1143,GREEN,43,Kolkata
CLM0050135,KOL_07883,Sealdah,2025-02-01,8,0,0,0,0,0,0,0,0,0,0.0,0.190173,0,1.0,0,420,4,1,0.5715,0.0,GREEN,41,Kolkata
CLM0050136,KOL_02625,Park Street,2025-07-15,12,0,0,0,0,0,0,0,0,0,0.0,0.161495,0,0.0,0,275,4,1,0.7703,0.0029,GREEN,38,Kolkata
CLM0050137,KOL_01226,Salt Lake,2025-07-29,11,0,0,0,0,0,0,0,0,0,1.0,0.13037,0,0.0,0,420,3,4,0.0612,0.0651,GREEN,35,Kolkata
CLM0050138,KOL_09865,Behala,2025-05-21,19,0,0,0,0,0,0,0,0,0,0.0,1.0,0,0.0,0,136,0,0,0.6778,0.0,GREEN,55,Kolkata
CLM0050139,KOL_07835,New Town,2023-10-21,7,0,0,0,0,0,0,0,0,0,0.0,0.429776,0,0.0,0,420,3,3,0.98,0.0,GREEN,57,Kolkata
CLM0050140,KOL_03913,New Town,2025-10-28,19,0,1,1,0,0,0,0,0,0,0.0,0.949842,0,0.0,0,106,3,1,0.7703,0.0476,GREEN,27,Kolkata
CLM0050141,KOL_08773,Esplanade,2020-07-25,8,0,0,0,0,0,0,0,0,0,0.0,1.0,0,0.0,0,49,3,2,0.3435,0.0,GREEN,38,Kolkata
CLM0050142,KOL_09298,New Town,2023-11-15,12,0,0,0,0,0,0,0,0,0,0.0,0.369313,0,0.0,0,214,4,2,0.5709,0.0189,GREEN,30,Kolkata
CLM0050143,KOL_08320,Esplanade,2024-06-29,9,0,0,0,0,0,1,1,1,1,0.0,0.149999,0,0.0,1,5,4,18,0.9315,0.0,GREEN,19,Kolkata
CLM0050144,KOL_09502,Garia,2024-10-01,15,0,0,0,0,0,0,0,0,0,0.0,0.060087,0,0.0,1,236,0,2,0.2099,0.0115,GREEN,25,Kolkata
CLM0050145,KOL_08548,Sealdah,2022-03-14,14,0,0,0,0,0,0,0,1,0,0.0,0.017285,0,0.0,0,108,2,0,0.98,0.1208,GREEN,21,Kolkata
CLM0050146,KOL_05241,Howrah,2023-11-06,13,0,0,0,0,0,0,0,0,0,0.0,0.004404,0,0.0,0,337,3,0,0.5673,0.0641,GREEN,33,Kolkata
CLM0050147,KOL_00026,Tollygunge,2023-01-08,9,0,0,0,0,0,1,1,1,1,1.0,0.999334,1,0.0,0,14,0,18,0.1806,0.0,GREEN,22,Kolkata
CLM0050148,KOL_02955,Behala,2025-03-12,16,0,0,0,0,0,0,0,0,0,0.0,0.149553,0,1.0,0,247,2,3,0.6166,0.0269,GREEN,22,Kolkata
CLM0050149,KOL_03754,Tollygunge,2025-07-09,7,0,0,0,0,1,0,0,0,1,1.0,0.128051,0,0.0,0,15,2,4,0.05,0.365,YELLOW,27,Kolkata
CLM0050150,KOL_01831,Sealdah,2024-08-03,16,0,0,0,0,0,0,0,1,0,0.0,0.335033,0,0.0,0,355,0,3,0.7654,0.138,GREEN,18,Kolkata
CLM0050151,KOL_06462,Tollygunge,2024-10-21,19,0,0,0,0,1,0,0,0,0,0.0,0.43122,0,0.0,0,323,4,6,0.5891,0.2896,GREEN,35,Kolkata
CLM0050152,KOL_07757,Sealdah,2023-07-20,15,0,0,0,0,0,0,0,0,0,0.0,0.366995,0,0.0,0,420,0,0,0.8609,0.086,GREEN,34,Kolkata
CLM0050153,KOL_06589,Tollygunge,2025-01-05,15,0,0,0,0,0,0,0,0,0,0.0,0.956757,0,0.0,0,212,3,1,0.8373,0.0,GREEN,47,Kolkata
CLM0050154,KOL_08454,Howrah,2025-05-24,21,0,0,0,0,0,0,1,0,0,0.0,0.338198,0,0.0,0,385,3,0,0.9084,0.0642,GREEN,43,Kolkata
CLM0050155,KOL_02813,Park Street,2022-11-22,17,0,0,0,0,0,0,0,0,0,0.0,0.298677,0,0.0,0,112,0,2,0.9521,0.1246,GREEN,18,Kolkata
CLM0050156,KOL_03786,Sealdah,2025-10-27,9,0,0,0,0,0,0,0,0,0,0.0,0.25309,0,0.0,0,420,2,3,0.7127,0.0,GREEN,36,Kolkata
CLM0050157,KOL_08811,Park Street,2024-02-20,9,0,0,0,0,0,0,0,0,0,0.0,0.192091,0,0.0,0,420,1,4,0.98,0.0,GREEN,43,Kolkata
CLM0050158,KOL_03820,Behala,2022-09-23,13,0,0,0,0,0,0,0,0,0,0.0,0.238529,0,0.0,0,131,4,0,0.8366,0.0031,GREEN,44,Kolkata
CLM0050159,KOL_04191,Park Street,2025-10-29,10,0,0,0,0,0,0,0,0,0,0.0,0.37299,0,0.0,0,335,1,0,0.4508,0.0,GREEN,20,Kolkata
CLM0050160,KOL_03575,Esplanade,2025-06-05,12,0,0,0,0,0,0,0,0,0,0.0,0.262238,0,0.0,0,124,2,0,0.861,0.055,GREEN,44,Kolkata
CLM0050161,KOL_03837,Garia,2025-10-19,17,0,0,0,0,0,0,0,0,1,0.0,0.121144,0,0.0,0,231,0,0,0.9486,0.1236,GREEN,39,Kolkata
CLM0050162,KOL_03867,Dum Dum,2024-01-31,10,0,0,0,0,0,0,0,0,0,0.0,0.196689,0,0.0,0,235,3,4,0.7445,0.009,GREEN,36,Kolkata
CLM0050163,KOL_07459,Behala,2023-05-09,16,0,0,0,0,0,1,0,0,0,0.0,0.084914,0,0.0,0,5,3,18,0.8584,0.2733,GREEN,23,Kolkata
CLM0050164,KOL_03243,New Town,2024-07-21,21,0,0,0,1,1,1,1,1,1,0.0,0.159378,0,0.0,1,18,4,18,0.8552,0.0,GREEN,18,Kolkata
CLM0050165,KOL_01510,Park Street,2024-06-11,7,0,0,0,0,0,0,0,0,0,0.0,0.061576,0,0.0,0,120,0,2,0.5974,0.0,GREEN,40,Kolkata
CLM0050166,KOL_00473,New Town,2024-10-30,14,0,0,0,0,0,0,0,0,0,0.0,0.14564,0,0.0,0,61,4,2,0.2451,0.0,GREEN,46,Kolkata
CLM0050167,KOL_03121,Howrah,2023-07-23,17,0,0,0,0,0,0,0,0,0,0.0,0.084709,0,0.0,0,415,3,3,0.7524,0.0,GREEN,43,Kolkata
CLM0050168,KOL_02788,Park Street,2019-02-02,7,0,0,0,0,0,1,0,0,0,1.0,0.935854,0,0.0,0,420,0,0,0.8673,0.1518,GREEN,27,Kolkata
CLM0050169,KOL_08557,Tollygunge,2023-11-11,13,0,0,0,0,0,0,0,1,0,0.0,1.0,0,0.0,0,416,1,2,0.9701,0.1249,GREEN,32,Kolkata
CLM0050170,KOL_06513,Park Street,2021-07-23,13,0,0,0,0,0,0,0,0,0,0.0,0.373417,0,0.0,0,329,4,2,0.98,0.1031,GREEN,34,Kolkata
CLM0050171,KOL_08416,Tollygunge,2025-07-15,8,0,0,0,0,0,1,0,0,0,0.0,0.249683,0,0.0,0,39,0,2,0.4885,0.1037,GREEN,46,Kolkata
CLM0050172,KOL_00212,Garia,2020-11-12,13,0,0,0,1,1,1,1,1,1,0.0,0.129053,0,0.0,1,5,0,18,0.98,0.0535,GREEN,42,Kolkata
CLM0050173,KOL_02012,Garia,2024-05-16,19,0,0,0,0,0,0,0,0,0,1.0,0.02319,0,0.0,0,128,1,1,0.9433,0.0465,GREEN,59,Kolkata
CLM0050174,KOL_08793,Behala,2020-09-23,15,0,0,0,0,0,0,1,0,1,0.0,1.0,0,0.0,0,290,3,0,0.7362,0.3687,YELLOW,18,Kolkata
CLM0050175,KOL_01546,Garia,2025-11-08,20,0,0,0,1,0,0,0,0,0,0.0,0.190371,0,0.0,0,36,2,0,0.9243,0.3097,GREEN,45,Kolkata
CLM0050176,KOL_07310,New Town,2021-05-15,13,0,0,0,0,1,1,0,0,0,1.0,0.317265,1,1.0,0,367,0,3,0.98,0.3121,YELLOW,32,Kolkata
CLM0050177,KOL_04456,Howrah,2023-07-28,7,0,0,0,0,0,0,0,1,0,0.0,0.042971,0,0.0,0,254,4,0,0.6902,0.1003,GREEN,34,Kolkata
CLM0050178,KOL_07439,Salt Lake,2025-10-17,7,0,0,0,0,0,0,0,0,0,0.0,0.034613,0,0.0,0,90,0,4,0.9257,0.0,GREEN,36,Kolkata
CLM0050179,KOL_03155,Sealdah,2022-04-15,9,0,0,0,0,0,0,0,1,0,0.0,0.0,0,0.0,0,71,1,0,0.3243,0.0989,GREEN,25,Kolkata
CLM0050180,KOL_06567,Salt Lake,2025-02-26,14,0,0,0,0,0,0,0,0,0,0.0,0.193974,0,0.0,0,101,2,1,0.9203,0.0,GREEN,34,Kolkata
CLM0050181,KOL_02464,Behala,2024-12-15,16,0,1,1,0,0,0,0,0,0,0.0,0.271737,0,1.0,0,254,0,5,0.8099,0.7094,RED,30,Kolkata
CLM0050182,KOL_06821,Dum Dum,2024-02-07,8,0,1,1,1,1,1,1,0,1,1.0,0.912002,1,0.0,1,5,2,18,0.1137,0.6399,RED,44,Kolkata
CLM0050183,KOL_03457,New Town,2016-11-30,11,0,1,1,1,1,1,1,1,1,0.0,0.126951,1,0.0,0,5,1,18,0.98,1.0,RED,38,Kolkata
CLM0050184,KOL_07756,Salt Lake,2018-11-13,13,1,1,0,1,1,0,1,0,0,1.0,0.0,0,0.0,0,5,1,18,0.7494,0.4808,YELLOW,25,Kolkata
CLM0050185,KOL_06234,Garia,2022-06-16,12,0,1,1,0,1,0,0,0,1,0.0,0.122258,0,0.0,0,340,0,0,0.9555,0.7819,RED,25,Kolkata
CLM0050186,KOL_09424,New Town,2020-01-19,12,0,1,1,1,1,1,1,1,0,0.0,0.207757,1,0.0,1,5,0,18,0.98,0.8324,RED,45,Kolkata
CLM0050187,KOL_04588,Garia,2022-09-17,18,0,1,1,0,0,1,1,1,1,1.0,1.0,0,0.0,1,27,2,18,0.1915,0.5059,YELLOW,41,Kolkata
CLM0050188,KOL_09731,Sealdah,2018-12-11,19,0,1,1,1,0,0,1,1,0,0.0,0.996703,1,1.0,0,13,2,18,0.9632,0.5886,YELLOW,26,Kolkata
CLM0050189,KOL_08956,Park Street,2020-02-07,18,0,1,1,1,1,0,1,0,0,0.0,0.067559,0,0.0,0,5,2,18,0.8534,0.4968,YELLOW,35,Kolkata
CLM0050190,KOL_06113,Howrah,2023-09-03,12,0,1,1,1,0,1,1,0,0,0.0,0.065665,0,0.0,0,5,0,12,0.98,0.5791,YELLOW,34,Kolkata
CLM0050191,KOL_09759,Dum Dum,2015-06-26,19,0,1,1,1,0,1,1,1,1,0.0,1.0,0,0.0,1,5,2,18,0.05,0.6162,RED,40,Kolkata
CLM0050192,KOL_02132,Garia,2025-10-25,20,0,0,0,0,0,0,0,0,0,1.0,0.312561,0,0.0,0,159,3,4,0.8622,0.044,GREEN,37,Kolkata
CLM0050193,KOL_07539,Garia,2024-11-15,13,0,0,0,0,0,0,0,0,0,0.0,0.026275,0,0.0,0,384,3,1,0.98,0.0523,GREEN,37,Kolkata
CLM0050194,KOL_07410,Esplanade,2021-01-08,20,0,0,0,0,0,0,0,0,0,0.0,0.08579,0,0.0,0,137,2,4,0.8674,0.0648,GREEN,29,Kolkata
CLM0050195,KOL_01827,Park Street,2024-10-02,12,0,0,0,0,0,0,0,0,0,0.0,0.116155,0,0.0,0,340,4,3,0.8205,0.0,GREEN,24,Kolkata
CLM0050196,KOL_01342,Sealdah,2023-08-07,17,0,0,0,0,1,0,0,0,0,0.0,0.3792,0,0.0,0,207,4,5,0.7861,0.0992,GREEN,46,Kolkata
CLM0050197,KOL_01157,Sealdah,2020-08-29,7,0,0,0,0,0,0,0,0,1,0.0,0.311655,0,0.0,0,420,3,6,0.2201,0.0995,GREEN,29,Kolkata
CLM0050198,KOL_08433,Esplanade,2018-09-26,13,0,0,0,0,0,1,0,0,0,0.0,0.270037,0,0.0,0,402,2,4,0.6119,0.0343,GREEN,18,Kolkata
CLM0050199,KOL_01749,Esplanade,2025-08-11,15,0,0,0,0,0,0,0,0,0,0.0,0.283261,0,0.0,0,161,0,0,0.5986,0.0,GREEN,25,Kolkata
CLM0050200,KOL_04681,Garia,2017-02-26,11,0,0,0,0,0,0,0,0,0,0.0,0.401922,0,0.0,0,145,2,3,0.9042,0.0,GREEN,46,Kolkata
CLM0050201,KOL_04287,Garia,2020-06-19,12,0,0,0,0,0,0,0,1,0,0.0,0.060207,0,0.0,0,239,4,2,0.9229,0.1046,GREEN,33,Kolkata
CLM0050202,KOL_07075,Tollygunge,2024-11-20,16,0,0,0,0,0,0,0,0,0,0.0,0.244758,0,0.0,0,277,0,0,0.4278,0.0,GREEN,34,Kolkata
CLM0050203,KOL_02145,Behala,2021-01-15,16,0,0,0,0,0,0,0,0,0,0.0,1.0,0,0.0,0,182,4,4,0.6447,0.1437,GREEN,24,Kolkata
CLM0050204,KOL_07616,Garia,2024-02-28,17,0,0,0,0,0,0,0,0,0,0.0,0.973975,0,0.0,0,420,2,2,0.8994,0.0,GREEN,56,Kolkata
CLM0050205,KOL_09089,Sealdah,2018-05-23,19,0,0,0,0,0,0,0,0,0,1.0,0.035736,0,0.0,0,369,1,5,0.4655,0.0857,GREEN,41,Kolkata
CLM0050206,KOL_04226,Tollygunge,2025-12-09,19,0,0,0,0,0,0,0,0,0,0.0,0.238112,0,1.0,0,420,1,2,0.7431,0.0,GREEN,27,Kolkata
CLM0050207,KOL_04389,Sealdah,2024-01-14,12,0,0,0,0,0,0,0,1,0,0.0,0.252145,0,0.0,0,420,4,0,0.7704,0.032,GREEN,33,Kolkata
CLM0050208,KOL_07744,Garia,2023-12-21,19,0,0,0,0,0,0,0,1,0,0.0,0.196296,1,0.0,0,404,2,2,0.2101,0.1004,GREEN,41,Kolkata
CLM0050209,KOL_09646,New Town,2024-11-01,9,0,0,0,0,0,0,0,0,0,0.0,0.188938,0,0.0,0,385,0,6,0.7044,0.0,GREEN,32,Kolkata
CLM0050210,KOL_05228,Park Street,2024-12-09,21,0,0,0,0,0,0,0,0,0,0.0,0.081175,0,0.0,0,187,0,4,0.7847,0.0,GREEN,37,Kolkata
CLM0050211,KOL_08557,Tollygunge,2022-08-18,11,0,0,0,0,0,0,0,0,0,0.0,0.212615,0,0.0,0,253,0,3,0.9215,0.0,GREEN,32,Kolkata
CLM0050212,KOL_05388,Esplanade,2021-08-02,20,0,0,0,0,0,0,0,0,1,0.0,0.213465,0,0.0,0,275,0,4,0.6252,0.155,GREEN,18,Kolkata
CLM0050213,KOL_04354,Behala,2022-12-20,11,0,0,0,0,1,0,0,0,0,0.0,0.242858,0,0.0,0,223,2,2,0.6162,0.1888,GREEN,19,Kolkata
CLM0050214,KOL_08563,Tollygunge,2021-06-19,17,0,0,0,0,0,0,0,0,0,0.0,1.0,0,0.0,0,31,2,0,0.7596,0.0,GREEN,50,Kolkata
CLM0050215,KOL_01370,Dum Dum,2021-04-29,15,0,0,0,0,0,0,1,0,0,0.0,0.238187,0,0.0,0,136,0,1,0.6109,0.017,GREEN,27,Kolkata
CLM0050216,KOL_01984,Park Street,2023-01-27,21,0,0,0,0,0,0,0,0,0,0.0,0.172065,0,0.0,1,250,3,2,0.2598,0.1109,GREEN,38,Kolkata
CLM0050217,KOL_04331,Sealdah,2025-08-27,13,0,0,0,0,0,0,0,0,0,0.0,0.526365,0,0.0,0,134,2,2,0.7248,0.0,GREEN,27,Kolkata
CLM0050218,KOL_08471,Sealdah,2015-06-07,19,0,0,0,0,0,0,0,0,1,0.0,0.104419,0,0.0,0,112,4,3,0.5525,0.234,GREEN,29,Kolkata
CLM0050219,KOL_06133,New Town,2021-06-14,21,0,0,0,0,0,0,1,0,0,0.0,0.096566,1,0.0,0,420,3,0,0.5956,0.1258,GREEN,18,Kolkata
CLM0050220,KOL_07849,Esplanade,2024-04-22,19,0,0,0,0,0,0,0,0,1,0.0,1.0,0,0.0,0,223,4,0,0.8971,0.0554,GREEN,18,Kolkata
CLM0050221,KOL_06004,Dum Dum,2017-01-21,10,0,1,1,0,0,0,0,0,0,1.0,0.1895,1,0.0,0,204,0,4,0.0665,0.1078,GREEN,48,Kolkata
CLM0050222,KOL_00928,Tollygunge,2023-06-11,20,0,0,0,0,0,0,0,0,0,0.0,0.088817,0,0.0,0,200,2,0,0.9562,0.0014,GREEN,65,Kolkata
CLM0050223,KOL_09947,Salt Lake,2018-08-25,12,0,0,0,0,0,0,0,0,0,0.0,0.043178,0,0.0,0,345,0,0,0.6732,0.0,GREEN,31,Kolkata
CLM0050224,KOL_08824,Behala,2016-08-19,8,0,1,1,0,0,0,0,0,0,1.0,0.187275,0,1.0,0,298,1,4,0.703,0.0028,GREEN,43,Kolkata
CLM0050225,KOL_04754,Tollygunge,2025-06-18,20,0,0,0,0,0,0,0,0,0,0.0,0.962901,0,0.0,0,145,3,4,0.9426,0.0,GREEN,54,Kolkata
CLM0050226,KOL_07108,Dum Dum,2020-01-14,10,0,0,0,0,0,0,0,0,0,0.0,0.242612,0,0.0,0,356,0,2,0.9127,0.0,GREEN,36,Kolkata
CLM0050227,KOL_04676,Sealdah,2024-05-14,9,0,0,0,0,0,0,0,0,0,0.0,0.177135,0,0.0,0,259,4,2,0.7076,0.0,GREEN,36,Kolkata
CLM0050228,KOL_02517,Park Street,2020-09-08,8,0,0,0,0,0,0,0,0,0,0.0,0.0,0,0.0,0,420,3,3,0.5633,0.0548,GREEN,38,Kolkata
CLM0050229,KOL_00285,Park Street,2021-07-08,20,0,0,0,0,0,0,1,0,0,0.0,0.337359,0,0.0,0,49,2,6,0.3133,0.1791,GREEN,25,Kolkata
CLM0050230,KOL_03632,Tollygunge,2021-12-30,16,0,0,0,0,0,0,1,0,0,0.0,0.263883,0,0.0,0,369,0,1,0.5239,0.1438,GREEN,41,Kolkata
CLM0050231,KOL_05010,Garia,2024-04-24,15,0,0,0,0,0,0,0,0,1,0.0,0.355035,1,0.0,0,67,4,6,0.8343,0.2788,GREEN,62,Kolkata
CLM0050232,KOL_05568,Esplanade,2025-03-14,19,0,0,0,0,0,0,0,0,0,0.0,0.311309,0,0.0,0,412,2,0,0.9424,0.0,GREEN,36,Kolkata
CLM0050233,KOL_08377,Salt Lake,2025-03-07,17,0,0,0,0,0,0,0,0,0,0.0,0.951021,0,0.0,0,420,4,7,0.9331,0.0756,GREEN,38,Kolkata
CLM0050234,KOL_02416,Salt Lake,2024-08-07,7,0,0,0,0,0,0,0,0,0,0.0,0.290738,0,0.0,0,320,4,1,0.98,0.0,GREEN,49,Kolkata
CLM0050235,KOL_01330,Salt Lake,2022-12-16,21,0,0,0,0,0,0,0,0,0,0.0,0.200865,0,0.0,0,236,2,3,0.6023,0.0,GREEN,46,Kolkata
CLM0050236,KOL_06104,Dum Dum,2025-01-21,13,0,1,1,0,0,0,0,0,0,0.0,0.053712,0,0.0,0,242,0,5,0.7053,0.0,GREEN,22,Kolkata
CLM0050237,KOL_07734,New Town,2021-05-22,14,0,0,0,1,0,0,0,0,0,1.0,0.21793,0,0.0,0,420,1,4,0.9312,0.1767,GREEN,38,Kolkata
CLM0050238,KOL_02479,Salt Lake,2020-09-21,9,0,0,0,0,0,0,0,0,0,0.0,0.101812,0,0.0,0,193,0,1,0.5385,0.0,GREEN,47,Kolkata
CLM0050239,KOL_03290,Behala,2022-08-01,8,0,0,0,0,0,0,1,0,0,0.0,0.081263,0,0.0,0,210,2,1,0.863,0.1729,GREEN,29,Kolkata
CLM0050240,KOL_07828,New Town,2020-06-23,12,0,0,0,0,0,0,0,1,0,0.0,0.356186,0,0.0,0,420,0,1,0.9567,0.0752,GREEN,43,Kolkata
CLM0050241,KOL_03106,Howrah,2021-12-05,20,1,0,0,0,0,0,0,0,0,0.0,0.165781,0,0.0,0,127,1,2,0.9082,0.0,GREEN,48,Kolkata
CLM0050242,KOL_08763,Behala,2023-12-23,7,0,0,0,0,0,0,0,0,0,0.0,0.312255,0,0.0,0,233,2,4,0.7164,0.0236,GREEN,31,Kolkata
CLM0050243,KOL_07191,Behala,2025-10-29,12,0,0,0,0,0,0,0,1,0,0.0,0.221105,0,0.0,0,312,3,1,0.9061,0.087,GREEN,20,Kolkata
CLM0050244,KOL_09744,Dum Dum,2022-02-05,8,0,0,0,1,0,0,0,0,0,0.0,0.30835,0,0.0,0,274,3,1,0.5256,0.2138,GREEN,22,Kolkata
CLM0050245,KOL_04945,Garia,2021-09-24,19,0,0,0,0,0,0,0,0,0,0.0,0.335693,0,0.0,0,289,0,2,0.8949,0.028,GREEN,56,Kolkata
CLM0050246,KOL_09820,Esplanade,2022-02-17,17,0,0,0,0,1,1,0,0,0,0.0,0.308328,0,0.0,0,314,2,0,0.6868,0.255,GREEN,37,Kolkata
CLM0050247,KOL_09151,Park Street,2021-12-16,8,0,0,0,0,1,0,0,1,0,0.0,0.220089,0,0.0,0,420,0,4,0.1517,0.2564,GREEN,49,Kolkata
CLM0050248,KOL_09769,Dum Dum,2025-05-26,15,0,0,0,0,0,0,0,0,0,0.0,0.369407,0,0.0,0,149,0,2,0.9101,0.0434,GREEN,32,Kolkata
CLM0050249,KOL_08964,Salt Lake,2020-12-24,14,0,0,0,1,0,0,0,0,0,0.0,0.173816,0,0.0,1,66,1,0,0.7771,0.2235,GREEN,31,Kolkata
CLM0050250,KOL_02286,Tollygunge,2022-03-15,9,0,0,0,0,0,0,0,1,0,0.0,0.378428,0,0.0,0,33,1,0,0.6164,0.2233,GREEN,37,Kolkata
CLM0050251,KOL_01731,Dum Dum,2021-08-03,11,0,0,0,0,0,0,0,0,0,0.0,0.231729,0,0.0,0,406,0,0,0.8029,0.0864,GREEN,45,Kolkata
CLM0050252,KOL_07736,Behala,2025-01-05,17,0,0,0,0,0,0,0,0,0,0.0,0.041294,0,0.0,0,285,1,6,0.831,0.0,GREEN,37,Kolkata
CLM0050253,KOL_05351,Garia,2019-09-12,7,0,0,0,1,1,0,1,1,1,1.0,1.0,0,1.0,0,5,2,18,0.1305,0.1017,GREEN,20,Kolkata
CLM0050254,KOL_01372,Dum Dum,2022-01-17,19,0,0,0,0,0,0,0,0,0,1.0,0.952659,0,1.0,0,124,1,2,0.808,0.0687,GREEN,28,Kolkata
CLM0050255,KOL_07588,Salt Lake,2025-06-14,11,0,0,0,0,0,0,0,0,0,0.0,0.154953,0,0.0,0,364,2,0,0.1034,0.0347,GREEN,49,Kolkata
CLM0050256,KOL_02671,Behala,2024-10-05,15,0,0,0,0,0,0,0,0,0,0.0,0.046435,0,0.0,0,420,1,0,0.0647,0.0,GREEN,29,Kolkata
CLM0050257,KOL_08091,Dum Dum,2024-01-08,10,0,0,0,0,0,0,0,0,0,0.0,0.070344,0,0.0,0,420,0,0,0.9362,0.0,GREEN,51,Kolkata
CLM0050258,KOL_01762,New Town,2025-05-23,15,0,0,0,0,0,0,0,0,0,1.0,0.508801,0,0.0,0,294,1,0,0.9487,0.0938,GREEN,33,Kolkata
CLM0050259,KOL_07509,Behala,2023-03-14,12,0,0,0,0,0,0,0,0,0,0.0,0.972107,0,0.0,0,420,0,5,0.8953,0.0,GREEN,51,Kolkata
CLM0050260,KOL_03795,Howrah,2019-08-06,21,0,0,0,0,0,0,0,0,0,1.0,0.936446,0,0.0,0,420,4,0,0.7129,0.0397,GREEN,28,Kolkata
CLM0050261,KOL_09218,Sealdah,2024-07-11,14,0,0,0,0,0,0,0,0,0,0.0,0.221466,0,0.0,0,372,4,3,0.6179,0.0,GREEN,46,Kolkata
CLM0050262,KOL_04313,Tollygunge,2020-08-02,15,0,0,0,0,0,0,0,0,0,0.0,0.245416,0,0.0,0,349,4,0,0.7843,0.0465,GREEN,51,Kolkata
CLM0050263,KOL_07920,Howrah,2022-05-02,20,0,0,0,0,0,0,0,0,0,0.0,0.246504,0,0.0,0,114,2,5,0.05,0.0,GREEN,37,Kolkata
CLM0050264,KOL_04438,New Town,2024-10-02,18,0,0,0,0,0,0,0,0,0,0.0,0.233975,0,0.0,0,420,1,0,0.5155,0.02,GREEN,45,Kolkata
CLM0050265,KOL_04585,Tollygunge,2020-02-24,20,0,1,1,0,0,0,0,0,0,0.0,0.026343,0,0.0,0,298,4,0,0.98,0.0,GREEN,24,Kolkata
CLM0050266,KOL_00343,Tollygunge,2023-07-08,15,0,0,0,0,0,0,0,0,0,1.0,0.150288,0,0.0,0,388,1,1,0.98,0.0272,GREEN,51,Kolkata
CLM0050267,KOL_01135,Sealdah,2024-06-13,11,0,0,0,0,0,0,0,0,0,0.0,0.254787,0,0.0,0,420,4,2,0.7549,0.0,GREEN,23,Kolkata
CLM0050268,KOL_00069,Park Street,2024-03-26,17,0,0,0,0,0,0,0,1,0,0.0,0.298552,0,0.0,0,246,2,0,0.8017,0.1244,GREEN,29,Kolkata
CLM0050269,KOL_02558,Howrah,2020-03-12,10,0,0,0,0,0,0,0,1,0,0.0,0.29404,0,0.0,0,162,3,4,0.7122,0.1769,GREEN,26,Kolkata
CLM0050270,KOL_01600,Behala,2024-08-24,11,0,0,0,0,0,0,0,0,0,0.0,0.028997,0,0.0,1,151,4,1,0.939,0.1246,GREEN,47,Kolkata
CLM0050271,KOL_09315,New Town,2018-07-03,9,0,0,0,0,0,0,0,0,0,0.0,0.328139,0,0.0,0,271,3,4,0.1406,0.0,GREEN,33,Kolkata
CLM0050272,KOL_04000,New Town,2021-01-08,21,0,0,0,1,0,0,0,0,0,0.0,0.195202,0,0.0,0,364,4,0,0.6131,0.11,GREEN,43,Kolkata
CLM0050273,KOL_05349,Dum Dum,2025-11-21,17,0,0,0,0,0,0,0,0,0,0.0,0.240509,0,0.0,0,156,2,3,0.1796,0.0899,GREEN,33,Kolkata
CLM0050274,KOL_02030,New Town,2019-11-27,19,0,0,0,0,0,0,0,0,0,0.0,0.017003,0,0.0,0,362,1,2,0.9583,0.0,GREEN,38,Kolkata
CLM0050275,KOL_04056,New Town,2021-06-29,21,0,0,0,0,0,0,0,0,0,0.0,0.290328,0,0.0,0,406,4,1,0.4974,0.0035,GREEN,25,Kolkata
CLM0050276,KOL_09956,Park Street,2025-03-13,12,0,0,0,0,0,0,0,0,0,0.0,0.436307,0,0.0,0,165,2,5,0.7626,0.068,GREEN,33,Kolkata
CLM0050277,KOL_09233,Dum Dum,2020-10-02,8,0,0,0,0,0,1,0,0,0,0.0,0.125781,0,0.0,0,306,2,1,0.8036,0.0345,GREEN,35,Kolkata
CLM0050278,KOL_08032,Sealdah,2025-08-06,11,0,0,0,0,0,0,0,0,0,1.0,0.345989,0,0.0,0,325,3,4,0.98,0.0445,GREEN,38,Kolkata
CLM0050279,KOL_00720,Sealdah,2024-02-22,10,0,0,0,0,0,0,0,0,0,0.0,0.252471,0,0.0,0,257,2,0,0.05,0.0,GREEN,56,Kolkata
CLM0050280,KOL_03263,Tollygunge,2022-03-22,14,0,0,0,0,0,0,0,0,0,0.0,0.073884,0,0.0,0,158,1,3,0.571,0.0,GREEN,25,Kolkata
CLM0050281,KOL_05622,Park Street,2019-02-25,13,0,0,0,0,0,0,0,0,0,0.0,0.066457,0,0.0,1,387,4,1,0.8361,0.129,GREEN,50,Kolkata
CLM0050282,KOL_08075,Howrah,2025-06-25,9,0,0,0,0,1,0,0,0,0,0.0,0.230509,0,0.0,0,5,2,5,0.98,0.2011,GREEN,18,Kolkata
CLM0050283,KOL_06346,Salt Lake,2025-08-02,15,0,0,0,0,0,0,0,0,0,0.0,0.200512,0,0.0,0,108,3,0,0.05,0.0625,GREEN,41,Kolkata
CLM0050284,KOL_02754,Esplanade,2023-11-23,10,0,0,0,0,0,0,0,0,0,0.0,0.0,0,0.0,0,353,4,1,0.7968,0.045,GREEN,30,Kolkata
CLM0050285,KOL_09698,Tollygunge,2025-08-08,14,0,0,0,0,0,0,0,0,0,0.0,0.400593,0,0.0,0,90,1,0,0.6091,0.0,GREEN,32,Kolkata
CLM0050286,KOL_01619,New Town,2023-11-12,18,0,0,0,0,0,0,0,0,0,0.0,0.204678,0,0.0,0,72,3,2,0.05,0.0,GREEN,32,Kolkata
CLM0050287,KOL_02998,Dum Dum,2025-08-21,17,0,0,0,0,0,1,0,0,0,0.0,0.41873,0,0.0,0,222,0,2,0.3268,0.0181,GREEN,46,Kolkata
CLM0050288,KOL_01098,Tollygunge,2024-06-15,7,0,0,0,0,0,0,0,0,0,0.0,0.207256,0,0.0,0,236,2,4,0.7261,0.0278,GREEN,25,Kolkata
CLM0050289,KOL_06971,Dum Dum,2024-05-08,20,0,0,0,1,0,1,0,0,1,0.0,0.184676,0,0.0,0,60,2,7,0.9416,0.2881,GREEN,38,Kolkata
CLM0050290,KOL_06147,Behala,2025-05-08,7,0,0,0,0,0,0,0,0,0,1.0,0.403836,0,0.0,0,420,1,2,0.8687,0.0069,GREEN,21,Kolkata
CLM0050291,KOL_07106,Behala,2025-04-17,7,0,0,0,0,0,0,0,0,0,0.0,0.103492,0,0.0,0,398,3,5,0.05,0.0493,GREEN,35,Kolkata
CLM0050292,KOL_00090,Howrah,2023-12-27,7,0,1,1,0,0,0,0,0,0,1.0,0.149302,0,0.0,1,153,1,2,0.7708,0.1531,GREEN,36,Kolkata
CLM0050293,KOL_07217,Behala,2024-03-14,9,0,0,0,0,0,0,0,0,0,0.0,0.264304,0,0.0,0,28,4,4,0.6574,0.0,GREEN,35,Kolkata
CLM0050294,KOL_01337,Garia,2016-06-01,15,0,0,0,0,0,0,0,0,0,0.0,0.314973,0,0.0,0,420,1,1,0.7025,0.0444,GREEN,43,Kolkata
CLM0050295,KOL_00838,Salt Lake,2018-08-18,7,0,0,0,0,1,0,0,0,0,0.0,0.197697,0,0.0,0,387,0,3,0.5551,0.1739,GREEN,48,Kolkata
CLM0050296,KOL_06234,Garia,2021-03-17,20,0,0,0,0,0,1,0,0,0,0.0,0.439567,0,0.0,0,48,4,3,0.7336,0.0952,GREEN,25,Kolkata
CLM0050297,KOL_05522,Tollygunge,2018-05-04,11,0,0,0,0,0,0,0,0,0,1.0,0.969014,0,1.0,0,359,1,3,0.8398,0.0,GREEN,27,Kolkata
CLM0050298,KOL_05826,Behala,2019-10-17,18,0,0,0,1,0,0,0,0,0,1.0,0.188647,0,0.0,0,170,4,0,0.6849,0.2561,GREEN,33,Kolkata
CLM0050299,KOL_09176,Sealdah,2021-12-22,12,0,0,0,0,0,0,0,1,1,0.0,0.177482,0,1.0,0,194,3,0,0.6949,0.2773,GREEN,38,Kolkata
CLM0050300,KOL_01572,Howrah,2023-05-11,7,0,0,0,0,0,0,0,0,0,0.0,0.175221,0,0.0,0,370,1,1,0.8496,0.0,GREEN,37,Kolkata
CLM0050301,KOL_01911,Tollygunge,2024-10-21,17,0,0,0,0,0,0,0,0,1,0.0,0.267177,0,0.0,0,397,0,4,0.7558,0.1054,GREEN,34,Kolkata
CLM0050302,KOL_00924,Garia,2025-04-21,21,0,0,0,0,0,0,0,0,0,0.0,0.010773,0,0.0,0,262,4,4,0.05,0.0013,GREEN,50,Kolkata
CLM0050303,KOL_07716,Behala,2024-12-15,19,0,0,0,1,1,1,0,1,1,1.0,1.0,0,0.0,1,5,4,13,0.7077,0.1315,GREEN,30,Kolkata
CLM0050304,KOL_00675,Tollygunge,2022-03-24,18,0,0,0,1,0,0,0,0,0,1.0,0.154744,0,0.0,0,320,3,6,0.98,0.2083,GREEN,41,Kolkata
CLM0050305,KOL_05175,Sealdah,2024-05-04,9,0,0,0,0,0,0,0,0,0,0.0,1.0,0,0.0,0,340,1,5,0.5815,0.0117,GREEN,40,Kolkata
CLM0050306,KOL_05304,Tollygunge,2023-08-24,11,0,0,0,0,0,0,0,0,0,0.0,0.021911,0,0.0,0,332,0,2,0.7244,0.0,GREEN,61,Kolkata
CLM0050307,KOL_09384,Park Street,2017-01-12,12,0,0,0,0,0,0,0,0,0,0.0,0.167367,0,0.0,0,137,4,4,0.7624,0.0162,GREEN,59,Kolkata
CLM0050308,KOL_09388,Park Street,2023-10-28,9,0,0,0,0,0,0,0,1,0,0.0,0.173042,0,0.0,0,102,0,1,0.98,0.1937,GREEN,33,Kolkata
CLM0050309,KOL_06276,Howrah,2018-02-25,7,0,0,0,0,0,0,0,0,1,0.0,0.980729,0,0.0,0,88,2,7,0.9318,0.1648,GREEN,33,Kolkata
CLM0050310,KOL_03978,Garia,2018-05-29,13,0,0,0,0,0,0,0,0,0,0.0,0.097032,0,0.0,0,149,4,4,0.9274,0.0738,GREEN,28,Kolkata
CLM0050311,KOL_07665,Behala,2024-01-24,16,0,0,0,0,0,0,0,0,0,0.0,0.337014,0,0.0,0,408,1,3,0.5622,0.0,GREEN,43,Kolkata
CLM0050312,KOL_04241,Sealdah,2024-06-11,18,0,0,0,0,0,0,0,0,0,0.0,0.285841,0,0.0,0,17,4,8,0.496,0.0045,GREEN,28,Kolkata
CLM0050313,KOL_09725,New Town,2020-06-17,19,0,0,0,0,0,0,0,0,0,0.0,0.150714,0,0.0,0,357,1,2,0.9787,0.0,GREEN,37,Kolkata
CLM0050314,KOL_03724,Park Street,2022-12-06,17,0,0,0,0,0,1,0,0,0,0.0,0.259635,0,0.0,0,59,1,3,0.6773,0.0828,GREEN,58,Kolkata
CLM0050315,KOL_03941,Howrah,2022-11-22,17,0,0,0,1,0,0,0,0,0,1.0,0.000933,0,0.0,0,115,0,3,0.3597,0.2304,GREEN,41,Kolkata
CLM0050316,KOL_03763,Tollygunge,2024-09-16,13,0,0,0,0,1,0,0,0,0,0.0,0.410545,0,0.0,0,61,3,3,0.7804,0.1478,GREEN,38,Kolkata
CLM0050317,KOL_00349,Behala,2023-10-09,19,0,0,0,0,0,0,0,0,0,0.0,0.132527,0,0.0,0,128,0,5,0.6661,0.0,GREEN,43,Kolkata
CLM0050318,KOL_02308,Park Street,2021-02-15,11,0,0,0,0,0,0,0,0,0,0.0,0.300594,0,0.0,0,151,0,0,0.652,0.0,GREEN,18,Kolkata
CLM0050319,KOL_02975,Tollygunge,2023-06-04,13,0,0,0,0,0,1,0,0,0,0.0,0.9103,0,0.0,0,234,4,6,0.7336,0.14,GREEN,18,Kolkata
CLM0050320,KOL_01012,Salt Lake,2020-02-24,7,0,0,0,0,0,0,0,0,0,0.0,0.347249,0,0.0,0,22,4,4,0.1079,0.1093,GREEN,40,Kolkata
CLM0050321,KOL_01971,Behala,2024-11-04,20,1,0,0,0,0,0,0,0,0,0.0,0.072387,0,0.0,0,355,4,5,0.6065,0.0244,GREEN,28,Kolkata
CLM0050322,KOL_04509,Salt Lake,2024-06-14,19,0,0,0,0,0,0,0,0,0,1.0,0.129654,0,0.0,0,420,2,0,0.98,0.0667,GREEN,44,Kolkata
CLM0050323,KOL_00762,Park Street,2025-03-11,10,0,1,1,0,1,0,0,0,1,0.0,0.382102,0,0.0,0,420,3,3,0.6969,0.2611,GREEN,51,Kolkata
CLM0050324,KOL_07120,New Town,2025-02-12,9,0,0,0,0,0,0,0,0,0,0.0,0.210742,0,0.0,0,85,0,5,0.9039,0.0946,GREEN,50,Kolkata
CLM0050325,KOL_09036,New Town,2023-11-24,20,0,0,0,0,0,0,0,1,1,1.0,1.0,0,1.0,0,420,2,4,0.05,0.0662,GREEN,39,Kolkata
CLM0050326,KOL_00731,Esplanade,2025-06-09,10,0,0,0,0,1,0,0,0,0,0.0,0.218754,0,0.0,0,420,2,0,0.6787,0.2101,GREEN,33,Kolkata
CLM0050327,KOL_06945,Garia,2024-07-07,12,0,0,0,0,0,0,0,0,0,0.0,0.072409,0,0.0,0,64,1,2,0.8551,0.0279,GREEN,32,Kolkata
CLM0050328,KOL_06046,Dum Dum,2025-04-26,15,0,0,0,0,0,0,0,0,0,0.0,0.273024,1,0.0,0,420,1,3,0.5957,0.0863,GREEN,39,Kolkata
CLM0050329,KOL_07371,Dum Dum,2025-08-03,13,0,0,0,0,0,0,0,0,0,1.0,0.00455,0,0.0,0,394,1,7,0.6327,0.0,GREEN,38,Kolkata
CLM0050330,KOL_06162,Tollygunge,2025-09-27,12,0,0,0,0,0,0,0,0,0,0.0,0.268829,0,0.0,0,80,0,4,0.6894,0.0556,GREEN,30,Kolkata
CLM0050331,KOL_05425,Garia,2025-09-21,15,0,0,0,1,0,0,0,0,0,0.0,0.094108,0,0.0,0,84,4,1,0.7287,0.2153,GREEN,42,Kolkata
CLM0050332,KOL_08269,Park Street,2025-03-23,12,0,0,0,0,0,0,0,0,0,0.0,0.0,0,0.0,1,291,4,1,0.05,0.0209,GREEN,18,Kolkata
CLM0050333,KOL_00630,Howrah,2025-07-02,12,0,0,0,0,0,0,0,0,0,0.0,0.0,0,0.0,0,383,0,1,0.6346,0.0,GREEN,29,Kolkata
CLM0050334,KOL_02949,Park Street,2025-07-17,21,0,0,0,0,0,0,0,1,1,0.0,0.340852,0,0.0,0,338,1,7,0.8315,0.1635,GREEN,35,Kolkata
CLM0050335,KOL_00730,Esplanade,2025-01-16,10,0,0,0,1,0,0,0,0,0,0.0,0.240124,0,0.0,0,331,2,0,0.3025,0.1348,GREEN,30,Kolkata
CLM0050336,KOL_05833,Garia,2025-06-13,21,0,1,1,0,0,0,1,0,0,0.0,0.233683,0,0.0,0,282,1,3,0.4045,0.0717,GREEN,22,Kolkata
CLM0050337,KOL_09885,Salt Lake,2023-03-05,17,0,0,0,0,0,0,0,0,0,0.0,0.310298,0,0.0,0,265,4,0,0.7134,0.0329,GREEN,21,Kolkata
CLM0050338,KOL_06530,Tollygunge,2023-03-09,9,0,0,0,1,0,1,1,0,1,0.0,0.118748,0,0.0,1,10,0,18,0.8499,0.0245,GREEN,21,Kolkata
CLM0050339,KOL_09416,Salt Lake,2022-01-20,19,0,0,0,0,0,1,0,0,0,0.0,0.186328,0,0.0,0,83,3,2,0.9404,0.177,GREEN,29,Kolkata
CLM0050340,KOL_01317,Salt Lake,2022-12-06,8,0,0,0,0,0,0,0,0,0,0.0,0.273857,0,0.0,0,420,2,2,0.7697,0.0538,GREEN,46,Kolkata
CLM0050341,KOL_04746,Park Street,2024-10-02,20,0,0,0,0,0,0,0,1,0,0.0,0.064029,0,0.0,0,283,0,1,0.8197,0.0075,GREEN,34,Kolkata
CLM0050342,KOL_08253,New Town,2020-01-17,7,0,0,0,0,0,0,0,0,0,0.0,0.148659,0,0.0,0,420,4,7,0.05,0.0,GREEN,28,Kolkata
CLM0050343,KOL_06712,Dum Dum,2021-08-30,21,0,0,0,0,0,0,0,0,0,0.0,0.061172,0,0.0,0,420,1,0,0.8189,0.0,GREEN,35,Kolkata
CLM0050344,KOL_05322,Behala,2019-04-27,14,0,0,0,0,0,0,0,0,0,0.0,0.408636,0,0.0,0,178,3,7,0.7394,0.0693,GREEN,35,Kolkata
CLM0050345,KOL_07881,Garia,2020-09-01,16,0,0,0,0,0,1,1,1,0,0.0,1.0,1,0.0,1,21,1,18,0.2197,0.0841,GREEN,18,Kolkata
CLM0050346,KOL_01558,Tollygunge,2023-10-25,17,0,0,0,0,0,0,0,0,0,0.0,0.175054,0,0.0,1,124,4,7,0.5996,0.0,GREEN,41,Kolkata
CLM0050347,KOL_01706,Salt Lake,2020-12-22,13,0,0,0,0,0,0,0,0,0,0.0,0.975614,0,0.0,0,106,2,1,0.8157,0.0417,GREEN,38,Kolkata
CLM0050348,KOL_08645,Sealdah,2025-08-12,18,0,0,0,1,0,0,0,0,1,0.0,0.047432,0,0.0,0,410,2,2,0.0855,0.3568,YELLOW,25,Kolkata
CLM0050349,KOL_00602,Esplanade,2023-10-02,19,0,0,0,0,0,0,0,0,0,0.0,0.358599,0,0.0,0,277,2,2,0.8597,0.0,GREEN,20,Kolkata
CLM0050350,KOL_03710,Dum Dum,2025-04-25,10,0,0,0,0,0,0,1,0,0,1.0,0.282907,0,0.0,0,420,1,2,0.4962,0.1683,GREEN,29,Kolkata
CLM0050351,KOL_04758,Behala,2023-08-21,12,0,0,0,0,0,0,0,0,1,0.0,0.373146,0,0.0,0,192,4,2,0.98,0.076,GREEN,44,Kolkata
CLM0050352,KOL_08054,Dum Dum,2024-11-05,18,0,0,0,0,1,0,0,0,0,1.0,0.258902,0,0.0,0,206,1,1,0.6095,0.1234,GREEN,43,Kolkata
CLM0050353,KOL_05577,Sealdah,2024-08-15,19,0,0,0,0,0,1,0,0,0,0.0,0.195126,0,0.0,0,361,4,2,0.7832,0.1671,GREEN,35,Kolkata
CLM0050354,KOL_09072,Park Street,2023-09-30,14,0,0,0,0,0,0,1,0,0,0.0,0.973274,0,0.0,0,420,2,1,0.8682,0.0168,GREEN,36,Kolkata
CLM0050355,KOL_03399,Dum Dum,2025-01-01,15,0,0,0,1,0,0,0,0,0,0.0,0.0,0,0.0,0,314,2,1,0.5791,0.1394,GREEN,38,Kolkata
CLM0050356,KOL_06870,New Town,2023-03-03,14,0,0,0,0,0,0,0,0,0,0.0,0.948062,0,0.0,0,109,2,2,0.5064,0.0209,GREEN,46,Kolkata
CLM0050357,KOL_08887,Dum Dum,2024-11-07,17,0,0,0,0,0,0,0,0,0,1.0,0.213497,0,0.0,0,131,0,0,0.8119,0.0959,GREEN,35,Kolkata
CLM0050358,KOL_01561,Garia,2023-08-01,13,0,0,0,0,0,0,0,0,0,0.0,0.0,0,0.0,0,5,0,0,0.845,0.0031,GREEN,45,Kolkata
CLM0050359,KOL_04964,Sealdah,2021-07-24,12,0,0,0,0,0,0,0,0,0,0.0,0.140613,0,0.0,0,24,4,1,0.4952,0.0,GREEN,28,Kolkata
CLM0050360,KOL_01763,Salt Lake,2021-10-12,9,0,0,0,0,0,1,0,0,0,0.0,0.0,0,0.0,0,68,1,4,0.8546,0.1189,GREEN,50,Kolkata
CLM0050361,KOL_01013,Esplanade,2019-09-18,13,0,0,0,0,0,0,0,0,0,0.0,0.16725,0,0.0,0,189,1,3,0.7846,0.0,GREEN,33,Kolkata
CLM0050362,KOL_02000,Park Street,2018-04-24,19,0,0,0,0,0,1,0,0,0,1.0,0.0,0,0.0,0,173,0,5,0.8588,0.1463,GREEN,42,Kolkata
CLM0050363,KOL_05312,Howrah,2024-04-25,19,0,0,0,0,0,0,0,0,0,1.0,0.054889,0,0.0,0,42,2,2,0.2737,0.1008,GREEN,23,Kolkata
CLM0050364,KOL_02668,Sealdah,2022-06-12,17,0,0,0,0,0,0,0,0,0,1.0,0.982769,0,1.0,0,297,0,4,0.0881,0.0652,GREEN,18,Kolkata
CLM0050365,KOL_02835,Dum Dum,2023-09-12,11,0,0,0,0,0,0,0,0,0,0.0,0.222617,0,0.0,0,62,3,3,0.7994,0.0,GREEN,44,Kolkata
CLM0050366,KOL_01900,Park Street,2018-12-12,18,0,0,0,1,0,0,0,0,0,0.0,0.070747,0,1.0,1,318,4,1,0.7984,0.3165,YELLOW,40,Kolkata
CLM0050367,KOL_02936,Sealdah,2023-10-17,19,0,0,0,0,0,0,0,0,1,0.0,0.199782,0,0.0,0,282,2,3,0.05,0.1559,GREEN,43,Kolkata
CLM0050368,KOL_08649,Garia,2022-10-12,13,0,1,1,0,0,0,0,1,0,0.0,0.305103,0,0.0,1,95,2,6,0.8558,0.2186,GREEN,46,Kolkata
CLM0050369,KOL_09859,Behala,2023-03-30,17,0,0,0,0,0,0,0,0,0,0.0,0.190465,0,0.0,0,317,1,2,0.6281,0.0671,GREEN,39,Kolkata
CLM0050370,KOL_06894,New Town,2025-09-24,12,0,0,0,0,0,1,0,0,0,1.0,0.12901,0,0.0,0,301,2,1,0.8403,0.087,GREEN,43,Kolkata
CLM0050371,KOL_09690,Behala,2024-12-09,16,0,0,0,0,0,0,1,0,0,0.0,0.192611,0,0.0,0,285,4,2,0.9532,0.0468,GREEN,21,Kolkata
CLM0050372,KOL_06903,New Town,2023-05-14,11,0,0,0,0,0,0,0,1,0,0.0,0.079754,0,0.0,0,420,4,0,0.6505,0.0905,GREEN,25,Kolkata
CLM0050373,KOL_09673,Sealdah,2023-02-13,16,0,0,0,0,0,0,0,0,0,0.0,0.07498,0,0.0,0,262,0,0,0.8315,0.031,GREEN,47,Kolkata
CLM0050374,KOL_02494,Esplanade,2025-03-26,20,0,0,0,0,0,0,0,0,0,1.0,0.104578,0,0.0,0,136,2,2,0.7514,0.0126,GREEN,25,Kolkata
CLM0050375,KOL_04415,Howrah,2025-11-09,20,0,0,0,0,0,0,0,0,0,0.0,0.109153,0,0.0,0,395,2,5,0.7622,0.0,GREEN,24,Kolkata
CLM0050376,KOL_08913,Dum Dum,2025-01-02,16,0,0,0,0,0,0,0,0,1,0.0,0.338573,0,0.0,0,399,1,4,0.98,0.1707,GREEN,19,Kolkata
CLM0050377,KOL_05882,Esplanade,2025-08-01,20,0,0,0,0,0,1,0,0,0,0.0,0.40042,0,0.0,0,274,1,5,0.5606,0.0986,GREEN,31,Kolkata
CLM0050378,KOL_07797,Dum Dum,2025-11-22,15,0,0,0,0,0,0,0,0,0,0.0,0.176331,0,0.0,0,107,3,3,0.8202,0.0417,GREEN,31,Kolkata
CLM0050379,KOL_08180,Dum Dum,2025-06-10,7,0,0,0,0,0,0,0,0,0,0.0,1.0,0,0.0,0,99,0,2,0.8827,0.0088,GREEN,37,Kolkata
CLM0050380,KOL_02622,Tollygunge,2024-12-15,15,0,0,0,0,0,0,0,0,0,0.0,0.328088,0,0.0,0,392,2,3,0.8102,0.0481,GREEN,54,Kolkata
CLM0050381,KOL_04943,New Town,2025-06-09,9,0,0,0,0,0,0,0,0,0,0.0,0.26963,0,0.0,0,290,4,0,0.7833,0.0,GREEN,48,Kolkata
CLM0050382,KOL_09880,Esplanade,2025-04-10,16,0,0,0,0,0,0,1,0,0,1.0,0.448956,1,0.0,0,335,4,4,0.8971,0.1774,GREEN,48,Kolkata
CLM0050383,KOL_05290,Tollygunge,2025-05-27,20,0,0,0,0,0,0,0,0,1,0.0,0.367744,0,0.0,0,220,4,4,0.8665,0.038,GREEN,26,Kolkata
CLM0050384,KOL_07126,Dum Dum,2021-06-26,21,0,0,0,0,0,0,0,0,0,0.0,0.161871,1,0.0,0,280,4,3,0.7615,0.0308,GREEN,23,Kolkata
CLM0050385,KOL_07571,Salt Lake,2022-05-13,17,0,0,0,0,0,0,0,0,0,0.0,0.034083,0,0.0,0,389,0,0,0.2068,0.0496,GREEN,42,Kolkata
CLM0050386,KOL_04060,Howrah,2020-11-05,9,0,0,0,0,0,0,0,0,0,0.0,0.009101,0,0.0,0,133,4,2,0.5785,0.0,GREEN,36,Kolkata
CLM0050387,KOL_06469,Esplanade,2024-04-30,11,0,0,0,0,0,0,0,1,0,0.0,0.321167,1,0.0,0,250,1,5,0.862,0.1359,GREEN,19,Kolkata
CLM0050388,KOL_02148,Behala,2020-12-11,13,0,0,0,0,0,0,0,1,0,0.0,0.08343,0,0.0,0,66,1,1,0.05,0.2204,GREEN,28,Kolkata
CLM0050389,KOL_02024,Howrah,2024-06-18,12,0,0,0,0,0,0,0,0,0,0.0,0.926031,0,0.0,0,74,0,7,0.8056,0.0,GREEN,37,Kolkata
CLM0050390,KOL_06112,Garia,2024-08-15,19,0,0,0,0,0,1,0,0,0,0.0,0.231235,0,0.0,0,188,4,2,0.5337,0.0681,GREEN,37,Kolkata
CLM0050391,KOL_07376,Esplanade,2023-11-03,14,0,0,0,0,0,0,0,0,0,0.0,0.392597,0,0.0,1,268,4,2,0.98,0.0733,GREEN,30,Kolkata
CLM0050392,KOL_05778,Behala,2021-08-10,17,0,0,0,0,0,0,1,0,0,0.0,0.352958,0,0.0,0,312,4,5,0.681,0.0,GREEN,40,Kolkata
CLM0050393,KOL_04276,Behala,2020-02-25,10,0,0,0,0,0,0,0,1,0,0.0,0.067717,0,0.0,0,225,1,4,0.8587,0.0472,GREEN,29,Kolkata
CLM0050394,KOL_09618,Garia,2020-06-01,7,0,0,0,1,0,0,0,0,0,0.0,0.1226,0,0.0,0,314,0,0,0.6865,0.151,GREEN,35,Kolkata
CLM0050395,KOL_00527,Dum Dum,2025-06-27,20,0,0,0,0,0,0,0,0,0,0.0,0.240418,0,0.0,1,173,3,0,0.7327,0.1075,GREEN,34,Kolkata
CLM0050396,KOL_06419,Esplanade,2025-12-12,8,0,0,0,0,1,0,0,0,0,0.0,0.341527,0,0.0,0,420,2,0,0.6678,0.1345,GREEN,18,Kolkata
CLM0050397,KOL_05168,Salt Lake,2025-10-12,8,0,0,0,0,0,0,0,1,0,0.0,0.311016,0,0.0,0,105,4,0,0.8254,0.1084,GREEN,31,Kolkata
CLM0050398,KOL_07356,Howrah,2025-05-29,16,0,0,0,0,0,0,0,0,0,1.0,0.202595,0,0.0,0,207,4,1,0.681,0.0244,GREEN,34,Kolkata
CLM0050399,KOL_08531,New Town,2024-03-18,13,0,0,0,1,0,0,0,0,0,0.0,0.988724,0,0.0,0,311,2,6,0.75,0.1106,GREEN,27,Kolkata
CLM0050400,KOL_09583,Howrah,2025-08-17,17,0,0,0,0,0,0,0,0,0,0.0,0.304771,0,0.0,0,420,3,1,0.8321,0.0,GREEN,34,Kolkata
CLM0050401,KOL_00771,Behala,2024-11-06,10,0,0,0,0,0,0,0,0,0,0.0,0.036851,0,0.0,1,420,1,4,0.7882,0.1454,GREEN,35,Kolkata
CLM0050402,KOL_07803,Behala,2024-05-25,11,0,0,0,0,0,0,0,0,0,0.0,0.382255,0,0.0,0,92,0,0,0.8502,0.0574,GREEN,44,Kolkata
CLM0050403,KOL_05289,Sealdah,2025-11-04,16,0,0,0,0,0,0,0,1,0,0.0,0.134354,0,0.0,1,261,2,1,0.0866,0.1372,GREEN,30,Kolkata
CLM0050404,KOL_05299,Garia,2025-07-24,16,0,0,0,0,0,0,0,0,0,0.0,0.336684,0,0.0,0,211,4,3,0.7288,0.0602,GREEN,53,Kolkata
CLM0050405,KOL_08213,Salt Lake,2024-01-29,18,0,0,0,0,0,0,0,0,0,0.0,0.943401,0,0.0,0,420,4,0,0.5841,0.0,GREEN,35,Kolkata
CLM0050406,KOL_03134,Salt Lake,2024-02-01,19,0,0,0,0,0,0,1,0,0,0.0,0.233538,0,1.0,0,345,2,2,0.98,0.0,GREEN,27,Kolkata
CLM0050407,KOL_04691,Behala,2020-03-28,18,0,0,0,0,0,0,0,0,0,0.0,0.103042,0,0.0,0,86,2,4,0.6114,0.0,GREEN,37,Kolkata
CLM0050408,KOL_05986,New Town,2017-05-04,7,0,0,0,0,0,0,0,0,0,0.0,0.118646,0,0.0,0,229,2,2,0.9489,0.0271,GREEN,34,Kolkata
CLM0050409,KOL_05995,Esplanade,2019-01-19,14,0,0,0,0,0,0,0,0,0,0.0,0.055799,0,0.0,0,199,0,2,0.05,0.0,GREEN,45,Kolkata
CLM0050410,KOL_03042,Dum Dum,2020-10-29,20,0,0,0,1,0,0,0,0,0,1.0,0.269561,0,0.0,0,395,4,1,0.9144,0.3263,YELLOW,32,Kolkata
CLM0050411,KOL_02118,Park Street,2025-09-21,17,0,0,0,0,0,0,0,0,0,0.0,0.08759,0,0.0,0,251,4,3,0.8831,0.0254,GREEN,20,Kolkata
CLM0050412,KOL_01461,Park Street,2021-12-20,19,0,0,0,0,0,0,0,0,0,0.0,0.182861,0,0.0,0,242,0,2,0.6505,0.0,GREEN,32,Kolkata
CLM0050413,KOL_07813,Dum Dum,2020-09-18,8,0,0,0,0,0,0,0,0,0,0.0,0.171597,1,0.0,0,390,2,3,0.728,0.1101,GREEN,34,Kolkata
CLM0050414,KOL_01483,Esplanade,2020-09-22,11,0,0,0,0,0,0,0,0,0,0.0,0.11026,1,0.0,1,102,2,1,0.6127,0.1591,GREEN,28,Kolkata
CLM0050415,KOL_06811,Esplanade,2024-07-11,20,0,0,0,0,0,1,0,0,0,1.0,0.171837,0,0.0,0,420,4,1,0.6682,0.1757,GREEN,38,Kolkata
CLM0050416,KOL_05773,Howrah,2025-04-07,21,0,0,0,1,0,0,0,0,0,1.0,0.284726,0,0.0,0,23,0,5,0.6807,0.2655,GREEN,36,Kolkata
CLM0050417,KOL_03617,Dum Dum,2024-09-18,17,0,0,0,0,1,0,0,0,0,0.0,0.954199,0,0.0,0,49,0,1,0.05,0.1211,GREEN,40,Kolkata
CLM0050418,KOL_00127,Park Street,2024-01-20,16,0,0,0,0,0,1,0,1,0,0.0,0.117469,0,0.0,0,420,4,1,0.1745,0.1572,GREEN,47,Kolkata
CLM0050419,KOL_03639,Tollygunge,2024-06-08,10,0,0,0,0,0,0,0,0,0,0.0,0.184402,0,0.0,0,317,4,2,0.2914,0.1087,GREEN,33,Kolkata
CLM0050420,KOL_07807,Salt Lake,2023-04-17,7,0,0,0,0,0,0,0,0,0,0.0,0.08331,0,0.0,0,352,3,0,0.578,0.0,GREEN,52,Kolkata
CLM0050421,KOL_02570,Garia,2021-09-04,17,0,0,0,0,0,0,0,0,0,0.0,0.316586,0,0.0,0,107,4,0,0.1628,0.0693,GREEN,29,Kolkata
CLM0050422,KOL_00190,Dum Dum,2023-02-11,12,0,0,0,0,0,0,0,0,0,0.0,0.417458,0,0.0,0,69,0,4,0.5487,0.0224,GREEN,50,Kolkata
CLM0050423,KOL_02661,Esplanade,2025-07-08,21,0,0,0,0,0,0,0,0,0,0.0,0.216161,0,0.0,0,420,4,4,0.8247,0.0988,GREEN,34,Kolkata
CLM0050424,KOL_01483,Esplanade,2025-04-15,18,0,0,0,0,0,0,0,0,0,0.0,0.323503,0,0.0,0,420,3,0,0.8236,0.027,GREEN,28,Kolkata
CLM0050425,KOL_07386,Howrah,2023-10-24,16,0,0,0,0,0,1,0,0,0,0.0,0.077294,0,0.0,0,39,0,2,0.7421,0.1014,GREEN,26,Kolkata
CLM0050426,KOL_08975,Dum Dum,2025-07-03,18,0,0,0,0,0,0,1,0,0,0.0,0.184958,0,0.0,0,59,0,0,0.9753,0.0853,GREEN,28,Kolkata
CLM0050427,KOL_02905,Sealdah,2024-03-04,10,0,0,0,0,0,0,0,0,0,1.0,0.314365,0,0.0,1,420,1,4,0.4453,0.0326,GREEN,47,Kolkata
CLM0050428,KOL_01675,Howrah,2021-10-27,15,0,0,0,0,0,0,0,0,0,0.0,0.32792,0,0.0,0,420,2,1,0.7862,0.0517,GREEN,34,Kolkata
CLM0050429,KOL_09562,Sealdah,2022-03-04,16,0,0,0,0,0,0,0,0,0,0.0,0.171679,0,0.0,0,420,4,0,0.8273,0.0466,GREEN,31,Kolkata
CLM0050430,KOL_06684,Tollygunge,2025-02-22,12,0,0,0,0,0,0,0,0,0,0.0,0.123886,0,0.0,0,272,4,4,0.8586,0.0,GREEN,41,Kolkata
CLM0050431,KOL_09886,Garia,2020-10-27,13,0,0,0,0,0,0,1,0,1,0.0,0.262111,0,0.0,0,312,2,0,0.2802,0.2227,GREEN,41,Kolkata
CLM0050432,KOL_01781,Behala,2023-03-11,16,0,0,0,0,0,0,0,0,0,0.0,0.198778,0,0.0,0,65,3,4,0.6093,0.092,GREEN,18,Kolkata
CLM0050433,KOL_02076,New Town,2020-06-04,7,0,0,0,0,0,0,0,0,0,0.0,0.137423,0,0.0,0,420,1,6,0.5331,0.0,GREEN,44,Kolkata
CLM0050434,KOL_06415,Garia,2024-06-15,19,0,0,0,0,0,0,0,0,0,0.0,0.057923,0,0.0,0,167,0,0,0.8104,0.0739,GREEN,54,Kolkata
CLM0050435,KOL_02500,Sealdah,2019-09-21,16,0,0,0,0,0,1,0,0,0,0.0,0.230344,0,0.0,0,420,4,0,0.6506,0.1731,GREEN,42,Kolkata
CLM0050436,KOL_01641,Tollygunge,2020-10-23,16,0,0,0,0,0,0,0,0,0,0.0,0.348464,0,0.0,0,234,2,0,0.3142,0.1816,GREEN,23,Kolkata
CLM0050437,KOL_04267,Esplanade,2019-10-08,9,0,0,0,0,0,0,0,0,0,0.0,0.111779,0,0.0,0,115,0,2,0.9436,0.0451,GREEN,40,Kolkata
CLM0050438,KOL_09668,Garia,2021-11-06,7,0,0,0,0,0,0,0,0,0,0.0,0.086889,0,0.0,0,105,4,3,0.974,0.1388,GREEN,26,Kolkata
CLM0050439,KOL_05802,New Town,2024-03-25,20,0,0,0,0,0,0,0,1,0,0.0,0.014668,0,0.0,0,420,3,0,0.1094,0.1659,GREEN,43,Kolkata
CLM0050440,KOL_01711,Garia,2025-12-11,14,0,0,0,0,0,0,0,0,0,0.0,0.184838,0,0.0,0,238,3,0,0.954,0.0,GREEN,38,Kolkata
CLM0050441,KOL_00052,Park Street,2024-03-21,16,0,0,0,0,0,0,0,0,0,0.0,0.236807,0,0.0,0,333,2,2,0.6882,0.0,GREEN,31,Kolkata
CLM0050442,KOL_06760,New Town,2024-10-02,15,0,0,0,0,0,0,1,0,0,0.0,0.201918,1,0.0,0,202,1,1,0.4767,0.2117,GREEN,46,Kolkata
CLM0050443,KOL_09154,New Town,2025-04-24,15,0,0,0,0,0,0,0,0,0,0.0,0.193189,0,0.0,0,57,4,4,0.8942,0.0,GREEN,24,Kolkata
CLM0050444,KOL_01554,Howrah,2024-10-10,18,0,1,1,0,0,0,0,0,0,0.0,0.121357,0,0.0,0,311,0,5,0.5374,0.0532,GREEN,32,Kolkata
CLM0050445,KOL_09343,Salt Lake,2023-12-19,10,0,0,0,0,0,0,0,0,0,0.0,0.870139,0,0.0,0,222,3,6,0.1712,0.0,GREEN,45,Kolkata
CLM0050446,KOL_04428,Sealdah,2023-07-18,15,0,0,0,0,0,0,1,0,1,0.0,0.0,0,0.0,0,169,3,5,0.5552,0.1465,GREEN,33,Kolkata
CLM0050447,KOL_03777,Howrah,2024-09-14,11,0,1,1,1,1,0,1,0,0,1.0,0.985944,0,0.0,0,5,2,12,0.1045,0.5137,YELLOW,36,Kolkata
CLM0050448,KOL_09022,New Town,2020-05-23,21,0,1,1,1,0,1,0,0,1,1.0,0.973601,1,1.0,1,31,2,18,0.05,0.5534,YELLOW,18,Kolkata
CLM0050449,KOL_04814,Tollygunge,2021-07-08,21,0,1,1,0,0,0,0,0,0,0.0,0.320329,0,0.0,0,275,0,4,0.0971,0.5192,YELLOW,34,Kolkata
CLM0050450,KOL_04920,Park Street,2023-05-23,14,0,1,1,1,1,0,1,1,0,0.0,0.925023,0,0.0,0,5,0,18,0.404,0.582,YELLOW,39,Kolkata
CLM0050451,KOL_04265,Behala,2017-03-28,20,0,1,1,0,0,0,0,0,0,0.0,0.359348,0,0.0,0,215,2,4,0.69,0.7282,RED,38,Kolkata
CLM0050452,KOL_08273,Esplanade,2020-09-05,19,0,1,1,1,1,0,1,0,1,0.0,0.006423,0,0.0,0,5,1,18,0.9782,0.6135,RED,18,Kolkata
CLM0050453,KOL_08034,Sealdah,2018-08-04,9,0,1,1,0,0,0,0,0,0,0.0,0.259585,0,0.0,0,370,2,0,0.8074,0.7996,RED,53,Kolkata
CLM0050454,KOL_09107,Howrah,2019-11-03,8,0,0,0,0,0,0,0,0,0,0.0,0.268383,0,0.0,0,267,1,3,0.3955,0.0579,GREEN,26,Kolkata
CLM0050455,KOL_04979,Howrah,2019-03-20,21,0,0,0,0,0,0,0,0,0,0.0,0.377105,0,0.0,0,39,4,4,0.533,0.0132,GREEN,58,Kolkata
CLM0050456,KOL_03529,Dum Dum,2019-01-21,15,0,0,0,0,0,0,0,0,0,0.0,0.024516,0,0.0,0,27,1,2,0.8561,0.0819,GREEN,42,Kolkata
CLM0050457,KOL_05647,Tollygunge,2016-10-11,16,0,0,0,0,0,0,0,0,0,0.0,0.955472,0,0.0,0,236,0,2,0.9416,0.0462,GREEN,18,Kolkata
CLM0050458,KOL_09432,Garia,2025-10-03,10,0,0,0,1,0,0,0,0,0,1.0,0.250044,0,0.0,0,74,1,0,0.8632,0.3242,YELLOW,42,Kolkata
CLM0050459,KOL_01160,Garia,2021-05-05,16,0,0,0,0,0,0,0,0,0,1.0,1.0,0,0.0,0,420,0,0,0.98,0.1941,GREEN,45,Kolkata
CLM0050460,KOL_09827,Park Street,2018-05-04,14,0,0,0,1,1,0,1,1,0,0.0,1.0,0,0.0,0,5,0,18,0.3628,0.0572,GREEN,22,Kolkata
CLM0050461,KOL_04499,Park Street,2024-07-06,11,0,0,0,1,0,0,0,0,1,1.0,0.225688,0,0.0,0,44,1,1,0.7963,0.3092,GREEN,50,Kolkata
CLM0050462,KOL_06955,Behala,2020-06-11,13,0,0,0,0,0,0,0,0,0,0.0,0.086611,0,0.0,0,200,2,2,0.98,0.0125,GREEN,41,Kolkata
CLM0050463,KOL_04621,Salt Lake,2025-08-29,17,0,0,0,0,0,0,0,1,0,0.0,0.133432,1,0.0,0,103,4,0,0.5965,0.0726,GREEN,40,Kolkata
CLM0050464,KOL_08407,Park Street,2020-08-24,21,0,0,0,0,0,0,0,0,0,0.0,0.182426,0,0.0,0,179,1,0,0.8519,0.0,GREEN,47,Kolkata
CLM0050465,KOL_08874,Behala,2021-02-04,16,0,0,0,0,0,0,0,1,0,0.0,0.231183,0,0.0,0,330,4,1,0.7964,0.1064,GREEN,47,Kolkata
CLM0050466,KOL_05189,Garia,2022-05-06,20,0,0,0,0,0,0,0,0,0,0.0,0.006334,0,0.0,0,326,2,0,0.9196,0.0127,GREEN,31,Kolkata
CLM0050467,KOL_05794,Esplanade,2024-06-03,12,0,0,0,0,0,1,0,0,0,0.0,0.249396,0,0.0,0,420,4,2,0.1121,0.1455,GREEN,46,Kolkata
CLM0050468,KOL_09015,New Town,2019-09-27,21,0,0,0,0,0,0,0,0,0,0.0,0.365664,0,0.0,0,64,2,0,0.3233,0.0881,GREEN,32,Kolkata
CLM0050469,KOL_08238,Park Street,2022-02-13,21,0,1,1,0,0,0,0,0,1,0.0,0.274829,0,0.0,0,170,1,0,0.05,0.2042,GREEN,44,Kolkata
CLM0050470,KOL_04264,Garia,2025-11-14,15,0,0,0,0,0,0,0,0,1,0.0,0.034634,0,0.0,0,116,0,0,0.2625,0.1154,GREEN,30,Kolkata
CLM0050471,KOL_03101,Tollygunge,2024-07-04,18,0,0,0,0,0,1,0,0,0,0.0,1.0,0,1.0,0,199,1,1,0.8232,0.1086,GREEN,56,Kolkata
CLM0050472,KOL_03207,Esplanade,2020-01-11,15,0,0,0,0,0,0,0,1,0,1.0,0.995878,0,1.0,0,24,4,3,0.5562,0.0902,GREEN,26,Kolkata
CLM0050473,KOL_05179,Sealdah,2025-12-22,20,0,0,0,0,1,0,1,1,0,1.0,0.905721,0,1.0,0,5,0,18,0.1007,0.0,GREEN,18,Kolkata
CLM0050474,KOL_01373,Tollygunge,2021-04-05,8,0,0,0,0,0,0,0,0,0,0.0,0.030165,1,0.0,0,420,2,2,0.2056,0.1272,GREEN,36,Kolkata
CLM0050475,KOL_03232,Behala,2021-01-09,19,0,0,0,0,0,0,0,0,0,0.0,0.897438,0,0.0,0,313,3,1,0.8784,0.0,GREEN,31,Kolkata
CLM0050476,KOL_07224,Behala,2021-02-23,16,0,0,0,0,0,0,0,0,0,0.0,0.091112,0,1.0,0,251,3,0,0.052,0.0,GREEN,45,Kolkata
CLM0050477,KOL_04566,Park Street,2021-06-19,17,0,0,0,0,0,0,0,0,0,1.0,0.195008,0,0.0,0,418,1,3,0.8082,0.0381,GREEN,44,Kolkata
CLM0050478,KOL_04724,Park Street,2021-11-21,9,0,0,0,0,0,0,0,0,0,1.0,0.470579,0,0.0,0,370,3,2,0.6691,0.1488,GREEN,38,Kolkata
CLM0050479,KOL_00930,Park Street,2025-09-24,16,0,0,0,0,0,0,0,0,0,0.0,0.331177,0,0.0,0,420,1,2,0.5398,0.0485,GREEN,36,Kolkata
CLM0050480,KOL_03470,Howrah,2024-10-12,16,0,0,0,0,0,0,1,0,0,0.0,0.169727,0,0.0,1,213,2,4,0.1575,0.1493,GREEN,40,Kolkata
CLM0050481,KOL_07945,Park Street,2021-09-20,8,0,0,0,0,0,0,0,0,0,0.0,1.0,0,0.0,0,107,0,3,0.0953,0.0,GREEN,38,Kolkata
CLM0050482,KOL_08509,New Town,2025-02-11,10,0,0,0,0,0,0,0,0,0,0.0,0.071985,0,0.0,0,420,1,0,0.9538,0.0,GREEN,35,Kolkata
CLM0050483,KOL_09986,New Town,2023-03-27,21,0,0,0,0,0,0,0,0,0,0.0,0.105535,0,0.0,0,339,3,4,0.5912,0.0311,GREEN,36,Kolkata
CLM0050484,KOL_09186,Howrah,2025-12-25,14,0,0,0,0,0,0,0,0,0,0.0,0.278382,0,1.0,0,325,3,0,0.5692,0.0669,GREEN,26,Kolkata
CLM0050485,KOL_00870,Tollygunge,2024-09-17,7,0,0,0,0,0,0,0,0,0,0.0,0.186013,0,0.0,0,264,3,4,0.8485,0.0,GREEN,29,Kolkata
CLM0050486,KOL_05868,Garia,2021-03-28,17,0,0,0,0,0,0,1,0,0,0.0,1.0,0,0.0,0,120,0,3,0.8661,0.0352,GREEN,38,Kolkata
CLM0050487,KOL_07451,New Town,2018-05-08,8,0,0,0,0,0,1,0,0,0,0.0,0.383889,0,0.0,0,115,1,0,0.8095,0.0274,GREEN,20,Kolkata
CLM0050488,KOL_02306,Howrah,2025-09-10,9,0,0,0,0,0,0,0,0,0,1.0,0.325325,0,0.0,0,420,0,0,0.5988,0.1667,GREEN,47,Kolkata
CLM0050489,KOL_04232,Garia,2019-05-22,21,0,0,0,0,0,0,0,0,0,0.0,0.190939,0,0.0,1,396,1,4,0.931,0.0966,GREEN,39,Kolkata
CLM0050490,KOL_09015,New Town,2024-10-14,10,0,0,0,0,0,0,0,0,0,0.0,0.144831,0,0.0,0,14,3,0,0.6408,0.0267,GREEN,32,Kolkata
CLM0050491,KOL_01663,Garia,2025-11-30,9,0,0,0,0,0,0,0,0,0,0.0,0.144719,0,0.0,0,262,0,3,0.1884,0.0,GREEN,33,Kolkata
CLM0050492,KOL_06053,Esplanade,2021-11-04,11,0,0,0,0,0,0,0,0,0,0.0,0.130905,0,0.0,0,87,1,6,0.2891,0.1156,GREEN,45,Kolkata
CLM0050493,KOL_05525,Esplanade,2023-01-19,21,0,0,0,1,1,1,1,0,1,0.0,0.077966,1,0.0,1,33,1,12,0.8139,0.0067,GREEN,49,Kolkata
CLM0050494,KOL_04020,Garia,2024-10-12,13,0,1,1,0,0,0,0,0,0,0.0,0.256871,0,0.0,0,420,1,4,0.6395,0.0,GREEN,39,Kolkata
CLM0050495,KOL_07906,Behala,2024-10-01,10,0,0,0,0,0,0,0,0,0,0.0,0.273646,0,0.0,0,361,0,4,0.1703,0.0421,GREEN,28,Kolkata
CLM0050496,KOL_04498,Park Street,2023-07-27,17,0,0,0,0,0,0,0,0,0,0.0,0.179058,0,0.0,0,365,3,5,0.7192,0.0,GREEN,24,Kolkata
CLM0050497,KOL_07302,Salt Lake,2022-02-20,21,0,0,0,0,0,1,0,0,0,0.0,0.288517,0,0.0,0,226,4,4,0.5772,0.1904,GREEN,34,Kolkata
CLM0050498,KOL_08414,Salt Lake,2021-05-28,7,0,0,0,0,0,0,1,0,0,0.0,0.123536,0,0.0,0,420,3,2,0.6181,0.062,GREEN,40,Kolkata
CLM0050499,KOL_06988,Esplanade,2025-10-11,7,0,0,0,0,0,0,0,0,0,0.0,0.218301,0,0.0,0,326,4,2,0.8144,0.0291,GREEN,27,Kolkata
CLM0050500,KOL_08705,Howrah,2023-12-01,7,0,0,0,0,0,0,0,0,0,0.0,0.171022,0,0.0,0,413,0,6,0.7198,0.0,GREEN,37,Kolkata
CLM0050501,KOL_06734,Garia,2025-12-29,11,0,0,0,0,0,0,0,0,0,0.0,1.0,0,0.0,0,367,3,0,0.664,0.0,GREEN,27,Kolkata
CLM0050502,KOL_00359,Esplanade,2024-03-03,10,0,0,0,0,0,0,0,0,1,0.0,0.235461,0,0.0,0,40,1,3,0.8096,0.0899,GREEN,38,Kolkata
CLM0050503,KOL_02758,Salt Lake,2025-04-28,7,0,0,0,0,0,0,1,0,0,0.0,0.224463,0,0.0,0,42,1,5,0.05,0.1688,GREEN,31,Kolkata
CLM0050504,KOL_06514,Tollygunge,2023-12-16,12,0,0,0,0,1,0,0,0,0,0.0,0.261994,1,1.0,0,420,2,3,0.5169,0.2153,GREEN,40,Kolkata
CLM0050505,KOL_04648,Dum Dum,2023-11-04,15,0,0,0,0,0,0,0,0,0,0.0,0.441344,0,0.0,0,377,4,5,0.7886,0.1457,GREEN,38,Kolkata
CLM0050506,KOL_00779,Garia,2024-09-06,18,0,0,0,0,0,1,0,0,0,0.0,0.349264,0,0.0,0,297,1,4,0.5649,0.0103,GREEN,35,Kolkata
CLM0050507,KOL_06935,Howrah,2025-03-21,14,0,0,0,0,0,0,0,0,0,1.0,0.156355,0,0.0,0,165,3,0,0.8968,0.0822,GREEN,29,Kolkata
CLM0050508,KOL_03000,New Town,2024-04-25,18,0,0,0,0,0,0,0,0,0,0.0,0.134608,0,0.0,0,263,3,2,0.8842,0.0,GREEN,42,Kolkata
CLM0050509,KOL_04546,Tollygunge,2025-04-15,8,0,0,0,0,0,0,1,0,0,0.0,1.0,0,0.0,0,315,4,5,0.5396,0.0,GREEN,18,Kolkata
CLM0050510,KOL_03234,Dum Dum,2024-12-13,15,0,0,0,0,0,0,0,0,0,0.0,0.957168,0,0.0,0,104,0,2,0.6428,0.0,GREEN,21,Kolkata
CLM0050511,KOL_02218,Salt Lake,2025-11-13,20,0,0,0,0,0,0,0,0,0,0.0,0.369844,0,0.0,0,238,2,2,0.715,0.0,GREEN,51,Kolkata
CLM0050512,KOL_04903,Salt Lake,2016-05-31,9,0,0,0,0,0,0,1,1,0,0.0,0.187665,0,0.0,0,306,0,0,0.98,0.1978,GREEN,27,Kolkata
CLM0050513,KOL_03486,Park Street,2015-12-26,11,0,0,0,0,0,0,0,0,0,0.0,0.96372,0,0.0,0,420,3,6,0.616,0.0,GREEN,32,Kolkata
CLM0050514,KOL_07419,Dum Dum,2025-05-09,8,0,0,0,1,0,0,0,1,0,0.0,0.176979,1,0.0,0,420,2,2,0.6539,0.214,GREEN,19,Kolkata
CLM0050515,KOL_08146,Garia,2024-07-12,7,0,0,0,0,0,0,1,1,0,0.0,0.064709,0,0.0,0,220,4,3,0.843,0.1868,GREEN,34,Kolkata
CLM0050516,KOL_08254,Howrah,2024-12-29,13,0,0,0,0,0,0,0,0,0,0.0,0.018871,0,0.0,0,205,3,0,0.6472,0.0,GREEN,44,Kolkata
CLM0050517,KOL_09998,Park Street,2024-10-19,11,0,0,0,0,0,0,0,0,0,1.0,0.016074,0,0.0,0,284,4,5,0.6058,0.103,GREEN,18,Kolkata
CLM0050518,KOL_03456,Park Street,2025-04-19,12,0,0,0,0,0,0,0,1,0,0.0,0.217035,0,0.0,0,93,2,2,0.796,0.0694,GREEN,22,Kolkata
CLM0050519,KOL_09943,Sealdah,2025-07-08,18,0,0,0,0,0,0,0,0,0,0.0,0.184458,0,0.0,0,342,0,2,0.8545,0.0201,GREEN,32,Kolkata
CLM0050520,KOL_08671,Park Street,2025-09-02,7,0,0,0,0,0,0,0,0,0,1.0,0.973319,0,1.0,0,226,1,3,0.5495,0.0,GREEN,34,Kolkata
CLM0050521,KOL_07054,New Town,2025-03-22,17,0,0,0,0,0,0,0,0,0,0.0,0.347378,0,0.0,0,417,4,0,0.6465,0.0004,GREEN,41,Kolkata
CLM0050522,KOL_07841,Behala,2025-06-04,16,0,0,0,0,0,0,0,0,0,0.0,1.0,0,0.0,0,190,4,2,0.98,0.0,GREEN,38,Kolkata
CLM0050523,KOL_08605,Park Street,2024-11-30,17,0,0,0,0,0,0,0,0,0,0.0,1.0,0,0.0,0,44,0,5,0.7435,0.1161,GREEN,33,Kolkata
CLM0050524,KOL_09506,Tollygunge,2025-01-19,15,0,0,0,0,0,0,0,0,0,0.0,0.062378,0,0.0,0,202,0,5,0.7308,0.0314,GREEN,52,Kolkata
CLM0050525,KOL_01377,Dum Dum,2022-11-13,18,0,0,0,0,0,0,0,0,0,0.0,0.010801,0,0.0,0,415,4,2,0.6795,0.0393,GREEN,61,Kolkata
CLM0050526,KOL_08343,Sealdah,2020-12-23,15,0,0,0,0,0,0,0,0,0,0.0,0.424766,0,0.0,0,220,4,1,0.5504,0.0,GREEN,36,Kolkata
CLM0050527,KOL_09203,Dum Dum,2022-04-13,12,0,0,0,0,0,0,0,0,0,0.0,0.045749,0,0.0,0,413,4,3,0.6178,0.0,GREEN,27,Kolkata
CLM0050528,KOL_07553,Park Street,2024-01-17,15,0,0,0,0,0,0,1,0,0,0.0,0.099107,0,0.0,0,420,4,2,0.5263,0.1293,GREEN,42,Kolkata
CLM0050529,KOL_09730,Garia,2022-11-17,18,0,0,0,0,0,0,0,0,0,0.0,0.351817,0,0.0,0,91,3,1,0.7038,0.1747,GREEN,28,Kolkata
CLM0050530,KOL_02023,Behala,2023-10-31,7,0,0,0,0,0,0,0,0,0,0.0,0.159712,0,0.0,0,420,0,3,0.6768,0.0532,GREEN,26,Kolkata
CLM0050531,KOL_02071,Park Street,2018-10-03,12,0,0,0,0,0,0,1,0,0,0.0,0.886922,0,0.0,0,191,4,3,0.5551,0.0083,GREEN,23,Kolkata
CLM0050532,KOL_04846,Dum Dum,2023-04-19,9,0,0,0,0,0,0,0,0,0,0.0,0.235532,0,0.0,0,69,3,2,0.7134,0.0,GREEN,50,Kolkata
CLM0050533,KOL_05186,Park Street,2025-12-19,16,0,0,0,0,0,0,0,0,0,0.0,0.190316,0,0.0,0,292,1,2,0.9148,0.0,GREEN,35,Kolkata
CLM0050534,KOL_09637,Salt Lake,2022-05-20,12,0,0,0,0,0,0,1,0,0,0.0,0.244485,0,0.0,0,420,2,2,0.8066,0.0454,GREEN,37,Kolkata
CLM0050535,KOL_01389,Salt Lake,2022-01-12,13,0,1,1,0,0,1,0,0,0,0.0,0.329157,0,0.0,0,420,0,2,0.8612,0.0852,GREEN,55,Kolkata
CLM0050536,KOL_02147,Howrah,2025-01-17,21,0,0,0,0,0,0,0,0,0,0.0,0.038979,0,0.0,0,202,3,1,0.6456,0.0,GREEN,43,Kolkata
CLM0050537,KOL_05722,Esplanade,2023-11-17,20,0,0,0,0,0,0,0,0,0,0.0,0.225566,0,0.0,0,57,0,0,0.6863,0.0183,GREEN,27,Kolkata
CLM0050538,KOL_02516,Howrah,2023-04-12,18,0,0,0,0,0,0,0,0,0,1.0,0.083574,0,0.0,0,174,4,0,0.7929,0.0526,GREEN,30,Kolkata
CLM0050539,KOL_02101,Dum Dum,2025-03-11,11,0,0,0,0,0,0,0,0,0,0.0,0.014435,0,0.0,0,187,3,5,0.5856,0.0,GREEN,49,Kolkata
CLM0050540,KOL_05920,Howrah,2024-04-28,14,0,0,0,0,0,0,0,0,0,0.0,0.335066,0,0.0,0,420,2,5,0.342,0.0,GREEN,44,Kolkata
CLM0050541,KOL_04472,Esplanade,2023-09-01,15,0,0,0,0,0,0,0,0,0,0.0,1.0,0,0.0,0,267,1,3,0.6706,0.0,GREEN,44,Kolkata
CLM0050542,KOL_04106,Dum Dum,2023-06-06,18,0,0,0,0,0,0,0,0,0,0.0,0.086615,0,0.0,1,204,2,0,0.2068,0.047,GREEN,21,Kolkata
CLM0050543,KOL_05934,Salt Lake,2023-08-17,16,0,0,0,0,0,0,0,0,0,0.0,0.258521,0,0.0,0,381,2,4,0.1805,0.0,GREEN,45,Kolkata
CLM0050544,KOL_06282,Dum Dum,2022-12-08,11,0,0,0,0,0,0,0,0,0,0.0,0.107622,0,0.0,0,205,4,1,0.6401,0.0,GREEN,24,Kolkata
CLM0050545,KOL_07291,Park Street,2023-08-28,9,0,0,0,0,0,0,0,0,0,0.0,0.284579,0,0.0,0,195,3,0,0.935,0.0,GREEN,35,Kolkata
CLM0050546,KOL_04296,Park Street,2022-03-17,7,0,0,0,0,0,0,0,0,0,0.0,0.129124,1,0.0,0,343,3,2,0.5327,0.0786,GREEN,33,Kolkata
CLM0050547,KOL_04723,Dum Dum,2023-08-29,15,0,0,0,0,0,0,1,0,0,0.0,0.418608,0,0.0,0,228,2,3,0.7185,0.0911,GREEN,30,Kolkata
CLM0050548,KOL_08400,Garia,2022-01-24,14,0,0,0,0,0,1,0,1,0,0.0,0.089626,0,0.0,0,257,1,0,0.5203,0.1158,GREEN,37,Kolkata
CLM0050549,KOL_01364,Salt Lake,2021-08-14,10,0,0,0,0,0,0,0,0,0,0.0,0.10744,1,0.0,0,420,1,3,0.8591,0.0668,GREEN,45,Kolkata
CLM0050550,KOL_00030,Esplanade,2024-03-19,19,0,0,0,0,0,0,0,0,0,1.0,0.481737,0,0.0,0,377,2,2,0.7922,0.0338,GREEN,24,Kolkata
CLM0050551,KOL_01977,New Town,2022-10-02,7,0,1,1,1,0,0,0,0,0,0.0,0.324846,0,0.0,0,103,4,2,0.98,0.1787,GREEN,34,Kolkata
CLM0050552,KOL_02874,Howrah,2021-11-02,15,0,0,0,0,0,0,0,0,0,0.0,0.181713,0,0.0,0,241,0,0,0.894,0.0857,GREEN,37,Kolkata
CLM0050553,KOL_09683,Howrah,2021-03-02,10,0,0,0,0,0,0,0,0,0,0.0,0.927095,0,0.0,1,242,3,0,0.98,0.1336,GREEN,47,Kolkata
CLM0050554,KOL_07581,Howrah,2021-06-11,19,0,1,1,0,0,0,1,0,0,0.0,0.339528,0,0.0,0,148,1,4,0.8266,0.0192,GREEN,39,Kolkata
CLM0050555,KOL_07211,Garia,2023-02-28,14,0,0,0,0,0,1,0,0,0,0.0,0.378046,0,0.0,0,420,4,1,0.7175,0.096,GREEN,46,Kolkata
CLM0050556,KOL_04714,New Town,2024-08-23,18,0,0,0,0,0,0,0,0,0,0.0,0.176044,0,0.0,0,321,0,1,0.7625,0.0608,GREEN,31,Kolkata
CLM0050557,KOL_09309,Sealdah,2025-11-08,21,0,0,0,0,0,0,0,0,0,0.0,0.279167,0,0.0,0,280,1,3,0.05,0.0,GREEN,30,Kolkata
CLM0050558,KOL_05322,Behala,2022-06-10,21,0,0,0,0,0,0,0,0,0,1.0,0.348807,0,0.0,0,249,2,2,0.807,0.096,GREEN,35,Kolkata
CLM0050559,KOL_07552,Park Street,2023-03-10,19,0,0,0,0,0,0,0,0,1,1.0,0.127613,0,0.0,0,420,3,5,0.5369,0.1999,GREEN,54,Kolkata
CLM0050560,KOL_02187,Dum Dum,2021-02-26,14,0,0,0,0,0,0,0,0,0,0.0,0.0,0,0.0,0,420,0,4,0.8373,0.0,GREEN,48,Kolkata
CLM0050561,KOL_07459,Behala,2022-01-10,19,0,0,0,0,0,0,0,0,0,0.0,0.216516,0,0.0,0,132,3,1,0.6967,0.1379,GREEN,23,Kolkata
CLM0050562,KOL_06167,Sealdah,2023-01-24,15,0,0,0,0,0,0,0,1,0,0.0,0.289816,0,0.0,0,90,2,0,0.8387,0.1558,GREEN,36,Kolkata
CLM0050563,KOL_00664,Tollygunge,2019-08-22,18,0,0,0,0,0,0,0,0,0,0.0,0.161847,0,0.0,0,420,0,3,0.8505,0.1601,GREEN,43,Kolkata
CLM0050564,KOL_01335,Esplanade,2020-06-22,15,0,0,0,0,0,0,0,0,0,1.0,0.192067,0,0.0,0,420,0,3,0.7836,0.1376,GREEN,34,Kolkata
CLM0050565,KOL_07372,Salt Lake,2022-05-24,15,0,0,0,0,0,0,0,1,0,0.0,0.260255,0,0.0,0,297,1,5,0.9324,0.1073,GREEN,48,Kolkata
CLM0050566,KOL_08792,Garia,2024-11-28,21,0,0,0,0,0,1,0,1,0,0.0,0.118831,0,0.0,0,139,3,0,0.562,0.2325,GREEN,39,Kolkata
CLM0050567,KOL_07454,Behala,2022-05-03,8,0,0,0,0,0,0,0,0,0,0.0,0.348862,0,1.0,0,294,0,0,0.7532,0.1161,GREEN,45,Kolkata
CLM0050568,KOL_06195,Sealdah,2022-03-02,14,0,0,0,1,0,0,0,0,0,0.0,0.190108,0,1.0,0,93,2,1,0.7936,0.2534,GREEN,18,Kolkata
CLM0050569,KOL_03749,Salt Lake,2022-05-06,10,0,0,0,0,0,0,0,0,0,0.0,0.38762,0,0.0,0,420,1,2,0.7753,0.0042,GREEN,42,Kolkata
CLM0050570,KOL_01839,Salt Lake,2024-12-19,20,0,0,0,0,0,0,1,0,0,0.0,0.214617,0,0.0,0,420,1,3,0.8076,0.0546,GREEN,42,Kolkata
CLM0050571,KOL_00631,Sealdah,2022-06-14,21,0,0,0,0,0,0,0,0,0,0.0,1.0,0,0.0,0,420,0,6,0.718,0.0988,GREEN,24,Kolkata
CLM0050572,KOL_05802,New Town,2025-06-24,8,0,0,0,0,0,0,0,0,0,0.0,0.233548,0,0.0,0,49,3,0,0.8663,0.0,GREEN,43,Kolkata
CLM0050573,KOL_02783,Park Street,2023-12-09,10,0,0,0,0,0,0,0,0,0,0.0,0.125292,0,0.0,0,214,3,0,0.5701,0.0,GREEN,22,Kolkata
CLM0050574,KOL_08152,Esplanade,2021-12-15,21,0,0,0,0,0,0,0,0,0,0.0,0.420165,0,0.0,0,42,2,6,0.601,0.0,GREEN,34,Kolkata
CLM0050575,KOL_03561,Behala,2021-01-13,18,0,0,0,0,0,0,0,0,0,0.0,0.287848,1,0.0,0,329,0,2,0.5413,0.0782,GREEN,32,Kolkata
CLM0050576,KOL_02648,Sealdah,2025-07-18,8,0,0,0,0,0,0,0,0,0,0.0,0.0,1,0.0,0,286,3,0,0.6057,0.1595,GREEN,19,Kolkata
CLM0050577,KOL_03615,Salt Lake,2025-01-13,20,0,0,0,0,1,0,0,0,0,0.0,0.178965,0,0.0,0,317,2,0,0.6048,0.1146,GREEN,46,Kolkata
CLM0050578,KOL_02536,New Town,2025-10-26,16,0,1,1,0,0,0,0,0,0,0.0,0.446548,0,0.0,1,350,1,1,0.98,0.201,GREEN,27,Kolkata
CLM0050579,KOL_04042,Dum Dum,2023-12-06,16,0,0,0,0,0,0,0,0,0,0.0,0.195785,0,0.0,0,367,1,2,0.1676,0.0,GREEN,45,Kolkata
CLM0050580,KOL_08678,Garia,2025-01-11,12,0,0,0,0,0,1,0,0,0,0.0,0.35144,0,0.0,0,365,3,8,0.969,0.1082,GREEN,48,Kolkata
CLM0050581,KOL_03743,Salt Lake,2024-10-13,9,0,0,0,0,0,1,0,0,0,0.0,0.068999,1,0.0,1,5,3,1,0.8353,0.2036,GREEN,53,Kolkata
CLM0050582,KOL_05759,Dum Dum,2025-01-27,12,0,0,0,0,0,0,0,0,0,0.0,0.0,0,0.0,0,391,3,0,0.98,0.0494,GREEN,33,Kolkata
CLM0050583,KOL_05258,New Town,2023-02-19,13,0,0,0,0,0,1,1,1,0,0.0,0.273837,0,0.0,0,420,3,3,0.345,0.2863,GREEN,41,Kolkata
CLM0050584,KOL_05807,Esplanade,2025-04-06,12,0,0,0,0,0,0,0,0,0,0.0,0.034056,1,0.0,0,352,4,3,0.815,0.0526,GREEN,34,Kolkata
CLM0050585,KOL_00572,Garia,2025-01-28,7,0,0,0,0,0,1,0,0,0,0.0,0.402738,0,0.0,0,149,4,4,0.5578,0.134,GREEN,24,Kolkata
CLM0050586,KOL_04928,Park Street,2023-10-05,18,0,0,0,1,0,0,0,0,0,0.0,0.181262,0,0.0,0,420,3,5,0.5445,0.1357,GREEN,40,Kolkata
CLM0050587,KOL_09934,Park Street,2024-07-14,20,0,0,0,0,0,0,1,0,0,0.0,0.195229,0,0.0,0,420,2,0,0.2031,0.0492,GREEN,29,Kolkata
CLM0050588,KOL_01506,Garia,2023-07-14,21,0,0,0,0,0,0,1,0,0,0.0,0.33452,0,0.0,0,235,1,6,0.7095,0.1934,GREEN,33,Kolkata
CLM0050589,KOL_04097,New Town,2025-09-11,15,0,0,0,0,0,0,0,0,0,0.0,0.278557,0,0.0,0,396,4,0,0.7414,0.0,GREEN,43,Kolkata
CLM0050590,KOL_02329,Park Street,2024-10-29,13,0,0,0,1,0,1,1,1,1,0.0,0.074081,1,0.0,0,33,0,16,0.9067,0.291,GREEN,33,Kolkata
CLM0050591,KOL_07360,Sealdah,2023-02-21,14,0,0,0,0,0,0,1,1,0,0.0,0.195005,0,0.0,0,306,2,6,0.98,0.1578,GREEN,40,Kolkata
CLM0050592,KOL_05970,Park Street,2022-12-25,13,0,0,0,0,0,0,0,0,0,0.0,0.402786,0,0.0,0,137,1,1,0.9131,0.0,GREEN,35,Kolkata
CLM0050593,KOL_02806,Dum Dum,2024-04-27,10,0,0,0,0,0,0,0,0,0,0.0,0.191648,0,0.0,0,266,3,5,0.8564,0.0,GREEN,33,Kolkata
CLM0050594,KOL_00464,Park Street,2023-06-02,20,0,0,0,0,0,0,0,0,0,0.0,0.170513,0,0.0,0,56,3,0,0.6696,0.1323,GREEN,39,Kolkata
CLM0050595,KOL_06224,Behala,2024-05-18,16,0,0,0,0,0,0,0,0,0,0.0,0.217853,0,0.0,0,134,3,4,0.8017,0.0633,GREEN,41,Kolkata
CLM0050596,KOL_06270,Behala,2022-04-05,19,0,0,0,0,0,0,0,0,0,0.0,0.140639,0,0.0,0,296,0,2,0.8067,0.1219,GREEN,21,Kolkata
CLM0050597,KOL_02167,Garia,2025-01-04,19,0,0,0,0,0,0,0,0,0,0.0,0.15041,0,0.0,0,141,4,2,0.6163,0.0554,GREEN,42,Kolkata
CLM0050598,KOL_01425,Park Street,2024-09-26,14,0,0,0,0,0,0,1,0,0,0.0,0.183537,0,0.0,0,25,0,1,0.7233,0.0783,GREEN,27,Kolkata
CLM0050599,KOL_08021,Howrah,2021-10-26,8,0,0,0,0,0,0,0,0,0,0.0,0.228648,0,0.0,0,348,3,0,0.98,0.0,GREEN,24,Kolkata
CLM0050600,KOL_05816,Tollygunge,2025-02-15,17,0,0,0,0,0,0,0,0,0,0.0,0.0,0,1.0,0,205,2,0,0.7213,0.0,GREEN,32,Kolkata
CLM0050601,KOL_08801,Garia,2025-12-19,20,0,0,0,0,0,0,0,0,0,0.0,0.248594,0,1.0,0,242,2,0,0.6999,0.0279,GREEN,41,Kolkata
CLM0050602,KOL_06238,Park Street,2025-05-08,13,0,0,0,0,0,0,1,0,0,0.0,0.955506,0,0.0,0,92,4,2,0.6948,0.1508,GREEN,31,Kolkata
CLM0050603,KOL_07428,Sealdah,2024-09-13,16,0,0,0,1,0,0,0,0,1,0.0,1.0,0,0.0,0,73,4,2,0.6416,0.3462,YELLOW,41,Kolkata
CLM0050604,KOL_07789,Park Street,2024-04-19,13,0,0,0,0,0,0,0,0,0,1.0,0.309402,0,0.0,0,269,4,4,0.05,0.0881,GREEN,64,Kolkata
CLM0050605,KOL_09116,Garia,2025-06-27,18,0,0,0,0,0,0,0,0,0,0.0,0.462468,0,0.0,0,61,2,0,0.8837,0.0102,GREEN,24,Kolkata
CLM0050606,KOL_01085,Howrah,2023-04-06,18,0,0,0,0,0,0,0,0,0,0.0,0.321133,0,0.0,0,393,0,3,0.8197,0.0259,GREEN,34,Kolkata
CLM0050607,KOL_03434,Behala,2025-01-27,7,0,0,0,0,0,0,0,0,0,0.0,0.092,0,0.0,1,5,1,0,0.8132,0.065,GREEN,41,Kolkata
CLM0050608,KOL_04961,Park Street,2024-09-30,12,0,0,0,0,0,0,0,1,0,0.0,0.141228,0,0.0,1,5,0,5,0.7402,0.2792,GREEN,18,Kolkata
CLM0050609,KOL_04274,Tollygunge,2025-07-11,9,0,1,1,0,0,0,0,0,0,0.0,0.123132,1,0.0,0,420,0,3,0.8364,0.0211,GREEN,28,Kolkata
CLM0050610,KOL_05967,Esplanade,2025-03-31,11,0,0,0,0,0,0,0,0,0,0.0,0.299728,0,0.0,0,199,0,0,0.6645,0.0023,GREEN,19,Kolkata
CLM0050611,KOL_05932,New Town,2021-06-16,18,0,1,1,1,1,0,1,1,0,1.0,0.649101,1,0.0,1,5,2,18,0.3387,0.6363,RED,24,Kolkata
CLM0050612,KOL_03385,Howrah,2019-12-04,16,0,1,1,1,0,1,1,1,0,0.0,0.0,0,0.0,1,5,2,18,0.942,0.6915,RED,28,Kolkata
CLM0050613,KOL_03900,Park Street,2021-02-07,7,0,1,1,1,1,0,1,1,1,1.0,1.0,0,0.0,1,5,0,18,0.134,0.8015,RED,42,Kolkata
CLM0050614,KOL_06329,Garia,2022-07-30,20,0,1,1,1,1,1,1,0,1,1.0,0.951846,0,1.0,0,12,1,18,0.1421,0.7785,RED,40,Kolkata
CLM0050615,KOL_05069,Esplanade,2025-07-01,17,0,1,1,0,0,0,0,0,0,0.0,0.423716,0,0.0,0,420,2,2,0.4443,0.6955,RED,51,Kolkata
CLM0050616,KOL_09475,Behala,2020-12-19,11,0,1,1,0,0,0,0,0,0,0.0,0.300169,0,0.0,0,170,2,0,0.7753,0.7411,RED,57,Kolkata
CLM0050617,KOL_04099,Salt Lake,2024-07-10,10,0,1,1,1,0,1,1,1,1,0.0,1.0,0,1.0,1,5,2,18,0.8204,0.8025,RED,44,Kolkata
CLM0050618,KOL_00583,Park Street,2025-06-03,20,0,1,1,0,0,0,0,0,0,0.0,1.0,0,0.0,0,202,0,4,0.1523,0.5953,YELLOW,42,Kolkata
CLM0050619,KOL_08952,Park Street,2018-09-14,20,0,0,0,0,0,0,1,0,0,0.0,0.328903,0,0.0,0,332,3,1,0.1527,0.0,GREEN,42,Kolkata
CLM0050620,KOL_04181,Esplanade,2018-04-04,19,0,0,0,0,0,0,0,0,0,0.0,0.259466,0,0.0,0,153,0,2,0.6383,0.0,GREEN,35,Kolkata
CLM0050621,KOL_05633,Esplanade,2017-07-19,20,0,0,0,0,0,0,0,0,0,1.0,0.308544,0,0.0,0,157,1,4,0.98,0.0986,GREEN,18,Kolkata
CLM0050622,KOL_03628,Dum Dum,2024-11-02,9,0,0,0,0,0,0,0,0,0,0.0,0.369387,0,0.0,0,114,1,1,0.6307,0.0141,GREEN,45,Kolkata
CLM0050623,KOL_09689,Park Street,2016-09-15,9,0,0,0,0,0,0,0,0,0,0.0,0.266842,0,0.0,0,89,1,4,0.7884,0.0,GREEN,34,Kolkata
CLM0050624,KOL_06312,Dum Dum,2023-07-24,9,0,0,0,0,0,0,0,0,0,1.0,0.321967,0,0.0,0,420,0,0,0.4783,0.0035,GREEN,27,Kolkata
CLM0050625,KOL_05884,Behala,2019-11-14,8,0,0,0,0,0,0,0,0,0,0.0,0.316461,0,1.0,0,407,3,4,0.98,0.0,GREEN,30,Kolkata
CLM0050626,KOL_01896,Behala,2018-02-15,12,0,0,0,0,0,1,0,0,0,0.0,0.206457,0,0.0,0,44,4,3,0.6588,0.0459,GREEN,46,Kolkata
CLM0050627,KOL_04486,Behala,2019-11-09,12,0,0,0,1,0,0,0,1,0,0.0,0.358905,0,0.0,0,104,3,1,0.5727,0.2568,GREEN,24,Kolkata
CLM0050628,KOL_01494,Salt Lake,2022-11-03,11,0,0,0,0,0,0,0,1,0,0.0,0.09383,0,0.0,0,162,4,2,0.9531,0.0152,GREEN,18,Kolkata
CLM0050629,KOL_03531,Howrah,2021-10-29,13,0,0,0,0,0,0,0,0,0,1.0,0.106227,1,0.0,0,61,0,2,0.8162,0.0496,GREEN,34,Kolkata
CLM0050630,KOL_05199,Garia,2021-03-17,10,0,0,0,0,0,0,0,0,0,0.0,0.434287,0,0.0,0,233,3,2,0.7892,0.0203,GREEN,18,Kolkata
CLM0050631,KOL_03975,Park Street,2019-09-25,14,0,0,0,0,0,0,0,0,0,0.0,0.135472,0,0.0,0,180,1,3,0.5883,0.0,GREEN,41,Kolkata
CLM0050632,KOL_00605,Behala,2019-07-01,8,0,0,0,0,0,0,0,0,1,0.0,0.177037,0,0.0,0,397,3,1,0.8467,0.1441,GREEN,34,Kolkata
CLM0050633,KOL_01487,Tollygunge,2025-06-28,7,0,0,0,0,0,0,0,1,0,0.0,0.42125,0,0.0,0,233,3,0,0.5293,0.0948,GREEN,18,Kolkata
CLM0050634,KOL_03641,Park Street,2022-03-22,11,0,0,0,0,0,0,0,0,0,0.0,0.185795,0,0.0,0,159,2,2,0.564,0.0426,GREEN,25,Kolkata
CLM0050635,KOL_01467,Howrah,2020-11-04,16,0,0,0,0,0,0,0,0,0,1.0,0.132106,0,0.0,0,157,2,0,0.9745,0.0,GREEN,43,Kolkata
CLM0050636,KOL_07052,Dum Dum,2020-07-19,7,0,1,1,0,0,0,0,0,0,0.0,0.106898,0,0.0,0,5,1,3,0.8703,0.0,GREEN,33,Kolkata
CLM0050637,KOL_01764,Howrah,2020-01-21,8,0,0,0,0,0,0,0,0,0,0.0,0.218859,0,0.0,0,171,2,0,0.169,0.0,GREEN,47,Kolkata
CLM0050638,KOL_04523,Howrah,2024-04-14,7,0,0,0,1,0,0,0,0,0,0.0,0.088781,0,0.0,0,209,0,0,0.2311,0.1451,GREEN,35,Kolkata
CLM0050639,KOL_05711,Garia,2018-10-25,14,0,0,0,0,1,0,0,0,0,0.0,0.0,0,0.0,0,346,3,1,0.6633,0.1852,GREEN,41,Kolkata
CLM0050640,KOL_05482,Sealdah,2022-10-23,21,0,0,0,1,1,0,0,1,1,0.0,0.126615,0,0.0,0,5,3,18,0.2448,0.1209,GREEN,37,Kolkata
CLM0050641,KOL_02838,Tollygunge,2024-08-29,8,0,0,0,0,0,1,1,1,0,0.0,0.105551,0,0.0,1,11,1,18,0.9365,0.0573,GREEN,61,Kolkata
CLM0050642,KOL_06308,Dum Dum,2021-11-06,12,0,0,0,0,0,0,0,0,0,0.0,0.185072,0,0.0,0,36,2,5,0.5248,0.0,GREEN,19,Kolkata
CLM0050643,KOL_02924,Park Street,2018-09-14,17,0,0,0,0,0,0,0,0,0,0.0,0.019007,0,0.0,0,326,3,0,0.5985,0.0002,GREEN,18,Kolkata
CLM0050644,KOL_09168,Salt Lake,2024-09-06,8,0,0,0,0,0,1,0,0,0,0.0,0.187677,0,0.0,0,218,2,1,0.6882,0.1057,GREEN,41,Kolkata
CLM0050645,KOL_01852,Salt Lake,2024-06-22,20,0,0,0,0,0,0,1,0,0,0.0,0.272387,0,0.0,0,42,2,0,0.5429,0.1753,GREEN,39,Kolkata
CLM0050646,KOL_04592,Salt Lake,2024-07-12,13,0,0,0,0,0,0,0,0,0,0.0,0.258909,1,0.0,0,293,0,2,0.7623,0.0,GREEN,41,Kolkata
CLM0050647,KOL_08757,New Town,2024-12-23,8,0,0,0,0,0,0,0,0,0,0.0,0.097238,0,0.0,1,221,2,3,0.4761,0.0663,GREEN,56,Kolkata
CLM0050648,KOL_02914,Park Street,2024-10-19,16,0,0,0,0,0,1,0,0,1,1.0,0.059282,0,0.0,0,88,2,5,0.5028,0.2955,GREEN,41,Kolkata
CLM0050649,KOL_00752,Sealdah,2024-11-16,14,0,0,0,0,0,0,0,0,0,0.0,0.020256,0,0.0,0,243,4,1,0.9155,0.0308,GREEN,38,Kolkata
CLM0050650,KOL_09407,Dum Dum,2025-08-08,16,0,0,0,0,0,1,0,0,0,0.0,0.086666,0,0.0,0,95,0,2,0.98,0.0677,GREEN,51,Kolkata
CLM0050651,KOL_08470,Park Street,2024-12-19,9,0,0,0,0,0,0,0,0,0,0.0,0.90156,0,0.0,0,36,2,0,0.5869,0.0,GREEN,27,Kolkata
CLM0050652,KOL_01924,Dum Dum,2025-05-15,9,0,0,0,0,0,0,0,0,0,1.0,0.050054,1,0.0,1,402,4,4,0.964,0.2233,GREEN,44,Kolkata
CLM0050653,KOL_03249,New Town,2025-09-18,7,0,0,0,0,0,0,0,0,0,0.0,0.017852,0,0.0,0,382,4,5,0.6521,0.0209,GREEN,33,Kolkata
CLM0050654,KOL_04381,Dum Dum,2024-06-18,8,0,0,0,0,0,0,0,0,0,0.0,0.132769,0,1.0,0,222,0,1,0.2015,0.0329,GREEN,20,Kolkata
CLM0050655,KOL_01490,Esplanade,2025-01-20,20,0,0,0,0,0,0,0,0,0,0.0,0.284609,0,0.0,0,99,0,3,0.6541,0.0,GREEN,34,Kolkata
CLM0050656,KOL_02658,Salt Lake,2022-08-16,16,0,0,0,0,0,0,0,1,0,0.0,0.201659,0,0.0,0,196,1,1,0.7401,0.0968,GREEN,31,Kolkata
CLM0050657,KOL_01627,Salt Lake,2020-03-28,11,0,0,0,0,0,0,0,0,0,0.0,0.219737,0,0.0,0,302,4,4,0.1625,0.0,GREEN,60,Kolkata
CLM0050658,KOL_05355,New Town,2018-05-13,10,0,0,0,0,0,0,1,1,0,0.0,0.286361,0,0.0,0,338,2,3,0.6916,0.1833,GREEN,40,Kolkata
CLM0050659,KOL_07201,Salt Lake,2020-11-05,10,0,0,0,0,0,0,0,0,0,0.0,0.052807,0,0.0,0,385,0,0,0.8687,0.0602,GREEN,50,Kolkata
CLM0050660,KOL_09644,Tollygunge,2022-03-16,14,0,0,0,0,0,0,0,0,0,0.0,0.102081,0,0.0,0,282,3,0,0.4443,0.0907,GREEN,44,Kolkata
CLM0050661,KOL_03202,Dum Dum,2020-06-15,15,0,0,0,0,0,0,0,0,0,0.0,0.877546,0,0.0,0,264,1,0,0.8238,0.0,GREEN,37,Kolkata
CLM0050662,KOL_01858,Esplanade,2025-03-04,15,0,0,0,0,0,1,0,0,1,0.0,0.989033,0,0.0,0,170,1,4,0.6887,0.2325,GREEN,49,Kolkata
CLM0050663,KOL_02237,Esplanade,2023-05-13,11,0,0,0,0,0,0,0,1,0,0.0,0.941152,1,0.0,0,287,3,1,0.6785,0.074,GREEN,35,Kolkata
CLM0050664,KOL_06546,Howrah,2024-11-26,20,0,0,0,1,1,1,1,1,1,0.0,0.056869,0,0.0,1,5,2,18,0.7923,0.1437,GREEN,38,Kolkata
CLM0050665,KOL_01704,Garia,2025-02-07,14,0,1,1,0,0,0,0,0,0,0.0,0.222731,0,0.0,0,401,3,7,0.05,0.0467,GREEN,35,Kolkata
CLM0050666,KOL_00293,Howrah,2021-06-08,20,0,0,0,0,0,0,0,0,0,0.0,0.258723,0,0.0,0,29,3,2,0.4341,0.0,GREEN,36,Kolkata
CLM0050667,KOL_03166,Howrah,2025-10-01,18,0,1,1,1,1,1,1,0,1,1.0,0.940864,1,1.0,1,10,1,12,0.3161,0.7191,RED,37,Kolkata
CLM0050668,KOL_02316,Dum Dum,2025-08-19,13,0,1,1,0,0,1,1,0,0,0.0,0.141491,0,0.0,0,353,0,3,0.6404,0.4829,YELLOW,26,Kolkata
CLM0050669,KOL_04760,Salt Lake,2024-07-22,19,0,1,1,1,1,1,0,1,0,0.0,1.0,1,1.0,1,29,0,18,0.9202,0.6733,RED,20,Kolkata
CLM0050670,KOL_05372,Esplanade,2025-07-28,19,0,0,0,0,0,0,0,0,0,0.0,0.074091,0,0.0,0,420,2,0,0.7066,0.0625,GREEN,41,Kolkata
CLM0050671,KOL_01573,Park Street,2024-12-18,12,0,0,0,0,0,0,0,0,0,0.0,0.208361,0,0.0,0,349,0,5,0.8262,0.0536,GREEN,18,Kolkata
CLM0050672,KOL_00416,Sealdah,2023-05-22,16,0,0,0,0,0,0,0,0,0,1.0,0.944335,0,1.0,0,5,0,5,0.7006,0.0161,GREEN,48,Kolkata
CLM0050673,KOL_04160,New Town,2023-06-17,15,0,1,1,0,0,0,0,0,0,0.0,0.066099,0,0.0,0,258,2,3,0.7438,0.0,GREEN,30,Kolkata
CLM0050674,KOL_01731,Dum Dum,2022-07-21,12,0,0,0,0,0,0,0,0,0,0.0,0.122995,0,0.0,0,282,2,1,0.5157,0.0,GREEN,45,Kolkata
CLM0050675,KOL_08723,Garia,2022-10-21,18,0,0,0,0,0,0,0,0,1,0.0,0.323943,0,0.0,0,360,3,7,0.98,0.2762,GREEN,45,Kolkata
CLM0050676,KOL_09444,Park Street,2021-12-05,8,1,0,0,0,0,0,0,0,0,0.0,0.104781,0,0.0,0,25,3,2,0.0598,0.0,GREEN,36,Kolkata
CLM0050677,KOL_03863,Park Street,2023-12-15,9,0,0,0,0,0,0,0,0,0,0.0,0.285741,0,0.0,0,420,2,9,0.3053,0.0113,GREEN,39,Kolkata
CLM0050678,KOL_05135,Park Street,2024-02-10,15,0,0,0,0,0,0,0,0,0,0.0,0.296735,0,0.0,0,58,4,1,0.8992,0.0,GREEN,24,Kolkata
CLM0050679,KOL_05592,Behala,2024-05-23,15,0,0,0,0,0,0,0,0,0,1.0,0.198608,0,0.0,0,259,1,6,0.418,0.1069,GREEN,41,Kolkata
CLM0050680,KOL_05470,Sealdah,2024-04-17,20,0,0,0,0,0,0,0,0,0,1.0,0.167553,0,0.0,0,60,3,0,0.8191,0.0468,GREEN,38,Kolkata
CLM0050681,KOL_09903,Park Street,2024-08-01,10,0,0,0,0,0,0,0,0,0,1.0,0.008837,0,0.0,0,217,3,1,0.5862,0.0496,GREEN,22,Kolkata
CLM0050682,KOL_02011,Dum Dum,2025-01-10,12,0,1,1,1,0,1,1,1,1,0.0,0.255819,0,0.0,1,5,2,18,0.8771,0.0,GREEN,39,Kolkata
CLM0050683,KOL_05058,New Town,2024-01-27,18,0,0,0,0,0,0,0,0,0,0.0,0.18682,0,0.0,0,281,1,1,0.1414,0.0,GREEN,43,Kolkata
CLM0050684,KOL_05813,Behala,2016-07-19,12,0,0,0,0,0,0,0,0,0,0.0,0.194587,0,0.0,0,420,2,0,0.6675,0.0076,GREEN,18,Kolkata
CLM0050685,KOL_05898,Park Street,2015-09-23,7,0,0,0,0,0,1,0,1,0,0.0,0.0,0,0.0,0,244,3,1,0.98,0.2116,GREEN,25,Kolkata
CLM0050686,KOL_06095,New Town,2024-01-24,14,0,0,0,0,0,0,0,0,0,0.0,0.388402,0,0.0,0,231,1,5,0.7412,0.1002,GREEN,42,Kolkata
CLM0050687,KOL_09586,Sealdah,2019-04-17,19,0,0,0,0,0,0,0,0,0,0.0,0.856864,0,0.0,1,323,0,6,0.7966,0.1022,GREEN,18,Kolkata
CLM0050688,KOL_08576,Garia,2020-04-10,12,0,0,0,0,0,0,0,0,0,0.0,0.196061,0,0.0,0,190,1,5,0.4803,0.0,GREEN,44,Kolkata
CLM0050689,KOL_06481,Howrah,2024-02-05,13,0,0,0,0,0,0,0,0,0,1.0,0.963428,0,1.0,0,415,0,2,0.8152,0.0,GREEN,39,Kolkata
CLM0050690,KOL_04712,Howrah,2024-05-05,12,0,0,0,0,0,0,0,0,0,0.0,0.09257,0,0.0,0,169,2,0,0.7877,0.0245,GREEN,42,Kolkata
CLM0050691,KOL_02856,Salt Lake,2018-08-16,14,0,0,0,0,0,0,1,0,0,0.0,0.179934,0,0.0,0,417,4,2,0.8266,0.0979,GREEN,51,Kolkata
CLM0050692,KOL_02426,Behala,2022-04-29,10,0,0,0,0,0,0,0,0,0,0.0,0.086582,0,0.0,0,285,4,2,0.714,0.0,GREEN,26,Kolkata
CLM0050693,KOL_02198,Park Street,2024-09-05,17,0,0,0,0,0,0,0,0,0,0.0,0.239018,0,0.0,1,275,4,2,0.2232,0.0628,GREEN,55,Kolkata
CLM0050694,KOL_04493,Salt Lake,2023-04-21,13,0,0,0,0,0,0,0,0,0,0.0,0.0,0,0.0,0,284,1,2,0.2932,0.0187,GREEN,52,Kolkata
CLM0050695,KOL_05840,Dum Dum,2022-08-15,17,0,0,0,0,0,0,0,0,0,0.0,0.008081,0,0.0,0,231,4,1,0.05,0.0,GREEN,46,Kolkata
CLM0050696,KOL_03559,Dum Dum,2025-09-29,7,0,0,0,0,0,0,0,0,0,0.0,0.0,0,0.0,0,205,3,7,0.7795,0.0,GREEN,38,Kolkata
CLM0050697,KOL_09978,Sealdah,2024-09-23,20,0,0,0,0,0,0,1,0,0,0.0,0.0,0,0.0,0,148,3,2,0.8892,0.0364,GREEN,31,Kolkata
CLM0050698,KOL_04785,New Town,2025-08-16,12,0,0,0,0,0,0,0,0,0,0.0,0.240944,1,0.0,0,208,2,1,0.8721,0.0,GREEN,44,Kolkata
CLM0050699,KOL_00388,Salt Lake,2025-11-23,12,0,0,0,0,0,0,0,0,0,0.0,0.379432,0,0.0,0,420,2,5,0.6424,0.0,GREEN,38,Kolkata
CLM0050700,KOL_06489,New Town,2025-10-23,12,0,0,0,0,0,1,0,1,0,1.0,0.0,0,1.0,1,5,4,18,0.1435,0.14,GREEN,22,Kolkata
CLM0050701,KOL_04765,Sealdah,2023-12-14,7,0,0,0,0,0,0,0,0,0,0.0,0.174097,0,0.0,0,215,1,2,0.98,0.0,GREEN,35,Kolkata
CLM0050702,KOL_03550,New Town,2024-10-23,17,0,0,0,0,0,0,0,0,0,0.0,1.0,0,0.0,0,69,4,2,0.9086,0.0292,GREEN,37,Kolkata
CLM0050703,KOL_04202,Tollygunge,2025-10-29,10,0,0,0,0,0,0,0,0,0,0.0,0.121365,0,0.0,0,294,3,2,0.6516,0.043,GREEN,44,Kolkata
CLM0050704,KOL_05789,Park Street,2024-06-29,10,0,0,0,0,0,0,0,0,0,0.0,0.336327,0,0.0,0,71,3,1,0.1263,0.1268,GREEN,18,Kolkata
CLM0050705,KOL_02931,Tollygunge,2025-02-24,18,0,0,0,0,0,0,0,0,0,0.0,0.324216,1,0.0,0,276,1,3,0.5519,0.0728,GREEN,41,Kolkata
CLM0050706,KOL_06495,Behala,2024-09-15,9,0,0,0,0,0,0,0,0,0,0.0,0.304971,0,1.0,0,332,1,0,0.9744,0.0665,GREEN,30,Kolkata
CLM0050707,KOL_00980,Salt Lake,2025-08-06,18,0,0,0,0,0,0,0,0,0,1.0,1.0,0,1.0,0,54,2,0,0.8922,0.0,GREEN,29,Kolkata
CLM0050708,KOL_09623,Garia,2025-07-04,10,0,0,0,0,0,0,0,0,0,0.0,0.37735,0,0.0,0,175,3,1,0.05,0.0,GREEN,19,Kolkata
CLM0050709,KOL_06071,Salt Lake,2024-06-20,18,0,0,0,1,0,1,0,1,1,0.0,0.711981,0,0.0,1,5,1,18,0.7302,0.0303,GREEN,56,Kolkata
CLM0050710,KOL_00899,Howrah,2024-10-20,9,0,0,0,0,0,0,0,0,0,0.0,0.222726,0,0.0,0,275,4,4,0.9359,0.0061,GREEN,18,Kolkata
CLM0050711,KOL_00125,Salt Lake,2018-10-31,13,0,0,0,0,0,0,0,0,0,0.0,0.275159,0,0.0,0,395,4,3,0.6188,0.079,GREEN,43,Kolkata
CLM0050712,KOL_05484,Garia,2025-10-10,17,0,0,0,0,0,0,0,0,0,0.0,0.07371,0,0.0,0,362,1,4,0.7589,0.0862,GREEN,35,Kolkata
CLM0050713,KOL_08063,Garia,2024-02-25,8,0,0,0,0,0,0,0,0,0,1.0,0.148835,0,0.0,0,81,0,0,0.1598,0.1064,GREEN,54,Kolkata
CLM0050714,KOL_09326,Garia,2021-12-16,15,0,0,0,0,0,0,0,0,1,0.0,0.271677,0,0.0,0,200,2,1,0.559,0.0333,GREEN,19,Kolkata
CLM0050715,KOL_00829,Salt Lake,2023-10-26,16,0,0,0,0,0,0,0,0,0,0.0,0.990019,0,0.0,0,166,0,2,0.6683,0.0102,GREEN,37,Kolkata
CLM0050716,KOL_03250,Tollygunge,2017-06-08,13,0,0,0,0,0,0,0,0,0,0.0,0.0083,0,0.0,0,25,3,3,0.6947,0.0129,GREEN,27,Kolkata
CLM0050717,KOL_06053,Esplanade,2019-03-26,11,0,0,0,0,0,0,0,0,0,0.0,0.968745,0,0.0,0,59,3,4,0.5548,0.0302,GREEN,45,Kolkata
CLM0050718,KOL_04767,Park Street,2018-01-18,16,0,0,0,0,0,0,0,1,0,0.0,0.136957,0,0.0,0,144,4,0,0.5082,0.106,GREEN,52,Kolkata
CLM0050719,KOL_00823,Esplanade,2023-07-23,8,0,0,0,0,0,0,0,0,0,0.0,0.127035,0,0.0,0,420,1,1,0.5033,0.0,GREEN,41,Kolkata
CLM0050720,KOL_05744,Garia,2025-04-30,21,0,0,0,0,0,0,0,0,0,0.0,1.0,0,0.0,0,294,1,1,0.98,0.0072,GREEN,45,Kolkata
CLM0050721,KOL_05076,Howrah,2020-07-21,20,0,0,0,0,0,0,0,0,0,0.0,0.234314,0,0.0,0,107,2,4,0.841,0.0,GREEN,42,Kolkata
CLM0050722,KOL_00297,Dum Dum,2019-11-29,17,0,0,0,0,1,0,0,0,0,0.0,0.307786,0,0.0,0,420,0,5,0.4202,0.0,GREEN,18,Kolkata
CLM0050723,KOL_07040,Tollygunge,2019-12-04,14,0,0,0,1,0,0,1,0,0,1.0,0.021034,0,0.0,0,130,0,4,0.5669,0.2051,GREEN,29,Kolkata
CLM0050724,KOL_04390,Esplanade,2022-02-17,8,0,0,0,0,0,0,0,0,0,0.0,0.184488,0,0.0,0,226,0,6,0.8077,0.0,GREEN,50,Kolkata
CLM0050725,KOL_07248,Tollygunge,2022-06-13,20,0,0,0,0,0,0,0,0,0,0.0,0.043109,0,0.0,0,176,0,4,0.6036,0.1406,GREEN,58,Kolkata
CLM0050726,KOL_07883,Sealdah,2023-10-12,20,0,0,0,0,1,1,0,0,0,0.0,0.17622,0,0.0,0,338,0,5,0.8571,0.1839,GREEN,41,Kolkata
CLM0050727,KOL_02641,Behala,2020-04-29,16,0,0,0,0,0,0,0,0,0,0.0,0.146907,0,0.0,0,177,4,3,0.8601,0.0157,GREEN,25,Kolkata
CLM0050728,KOL_07567,Tollygunge,2023-06-23,16,0,0,0,0,0,1,0,0,0,0.0,0.038822,0,0.0,0,278,3,0,0.05,0.1337,GREEN,39,Kolkata
CLM0050729,KOL_02298,Tollygunge,2023-12-21,14,0,0,0,0,0,0,0,0,0,0.0,0.291804,0,0.0,0,182,3,3,0.7481,0.0,GREEN,45,Kolkata
CLM0050730,KOL_08584,Behala,2023-09-22,12,0,0,0,0,0,0,0,0,0,0.0,0.311478,0,0.0,0,253,3,0,0.1372,0.0,GREEN,24,Kolkata
CLM0050731,KOL_09347,Esplanade,2025-05-04,8,0,0,0,0,0,0,1,0,0,1.0,0.378794,0,1.0,0,147,1,0,0.5797,0.1614,GREEN,21,Kolkata
CLM0050732,KOL_03929,Park Street,2023-08-18,13,0,0,0,0,0,0,0,0,0,0.0,1.0,0,0.0,0,112,4,2,0.4363,0.1009,GREEN,35,Kolkata
CLM0050733,KOL_07255,Park Street,2025-07-13,12,0,0,0,0,0,0,0,0,0,0.0,0.0,0,0.0,0,179,0,4,0.1349,0.0,GREEN,30,Kolkata
CLM0050734,KOL_09501,New Town,2023-10-31,13,0,0,0,0,0,0,1,0,0,0.0,0.015157,0,0.0,0,113,4,0,0.5452,0.0605,GREEN,26,Kolkata
CLM0050735,KOL_06098,Sealdah,2023-06-29,20,0,0,0,0,0,0,0,0,0,0.0,0.320642,0,0.0,0,41,2,4,0.1364,0.0316,GREEN,40,Kolkata
CLM0050736,KOL_02467,New Town,2024-04-22,20,0,0,0,0,0,0,0,0,0,0.0,0.242595,0,0.0,0,111,0,2,0.4397,0.0155,GREEN,21,Kolkata
CLM0050737,KOL_03544,Dum Dum,2025-09-14,20,0,0,0,0,0,0,0,0,0,0.0,0.273889,0,0.0,0,308,4,3,0.9222,0.0,GREEN,24,Kolkata
CLM0050738,KOL_02934,Esplanade,2020-09-08,7,0,0,0,0,1,0,0,1,0,0.0,0.186964,0,0.0,0,171,1,3,0.6257,0.2275,GREEN,31,Kolkata
CLM0050739,KOL_04086,Garia,2021-10-14,20,0,0,0,0,0,0,0,0,0,0.0,0.326799,0,0.0,0,328,3,0,0.8668,0.1348,GREEN,38,Kolkata
CLM0050740,KOL_08587,Garia,2023-11-08,21,0,0,0,0,0,0,0,0,0,0.0,0.409888,0,0.0,0,164,1,6,0.98,0.132,GREEN,29,Kolkata
CLM0050741,KOL_08203,Sealdah,2025-06-14,20,0,1,1,0,0,0,0,0,1,0.0,0.065953,0,0.0,0,50,3,3,0.9772,0.1523,GREEN,18,Kolkata
CLM0050742,KOL_02552,Dum Dum,2023-05-11,7,0,0,0,0,0,0,0,0,0,0.0,0.081553,0,0.0,0,420,1,2,0.9684,0.0217,GREEN,40,Kolkata
CLM0050743,KOL_00058,Garia,2023-10-03,13,0,0,0,1,0,0,0,0,1,0.0,0.231764,0,0.0,0,207,3,3,0.8073,0.334,YELLOW,24,Kolkata
CLM0050744,KOL_07762,Dum Dum,2025-11-18,16,0,0,0,0,0,1,0,0,0,0.0,0.177529,0,0.0,0,5,0,0,0.3712,0.169,GREEN,51,Kolkata
CLM0050745,KOL_06276,Howrah,2023-09-14,12,0,0,0,0,0,1,0,0,0,0.0,0.095832,0,0.0,1,354,3,4,0.6882,0.2066,GREEN,33,Kolkata
CLM0050746,KOL_02644,Garia,2020-10-19,18,0,0,0,0,0,0,0,0,0,0.0,0.092875,0,1.0,0,167,3,2,0.8196,0.0595,GREEN,26,Kolkata
CLM0050747,KOL_01897,Tollygunge,2020-02-13,17,0,0,0,0,0,1,0,1,0,0.0,0.36261,0,0.0,0,420,3,1,0.0537,0.2133,GREEN,43,Kolkata
CLM0050748,KOL_06669,Garia,2024-10-25,8,0,0,0,0,0,0,0,0,0,0.0,1.0,0,0.0,0,417,1,0,0.6701,0.0,GREEN,32,Kolkata
CLM0050749,KOL_08523,Garia,2025-10-21,12,0,0,0,0,0,1,1,0,0,0.0,0.284521,0,0.0,0,420,1,2,0.5914,0.2037,GREEN,30,Kolkata
CLM0050750,KOL_08465,Esplanade,2019-09-22,9,0,0,0,0,0,0,0,0,0,0.0,0.244822,0,0.0,0,420,2,3,0.5409,0.1051,GREEN,32,Kolkata
CLM0050751,KOL_00597,Sealdah,2020-04-16,20,0,0,0,0,0,0,0,0,0,0.0,0.0,0,0.0,0,267,3,3,0.8301,0.1229,GREEN,47,Kolkata
CLM0050752,KOL_07373,New Town,2018-11-29,14,0,0,0,0,0,1,0,0,0,0.0,0.332743,0,0.0,0,196,0,0,0.98,0.1766,GREEN,49,Kolkata
CLM0050753,KOL_07832,Park Street,2025-01-05,18,0,0,0,0,0,0,0,0,0,1.0,0.14201,0,0.0,0,21,1,4,0.7819,0.1275,GREEN,25,Kolkata
CLM0050754,KOL_06017,Garia,2018-03-30,12,0,0,0,0,0,0,0,1,0,0.0,0.257146,0,0.0,0,331,2,3,0.5457,0.1083,GREEN,41,Kolkata
CLM0050755,KOL_00030,Esplanade,2025-05-16,15,0,0,0,0,0,0,0,0,0,0.0,1.0,0,0.0,0,184,4,5,0.98,0.0619,GREEN,24,Kolkata
CLM0050756,KOL_05305,Dum Dum,2021-05-22,16,0,0,0,0,0,0,0,0,0,0.0,0.033513,0,0.0,0,374,4,1,0.98,0.0,GREEN,49,Kolkata
CLM0050757,KOL_09566,Park Street,2023-04-26,16,0,0,0,0,0,1,1,0,0,0.0,0.118696,0,0.0,0,420,0,2,0.0638,0.1955,GREEN,50,Kolkata
CLM0050758,KOL_09802,Sealdah,2024-02-01,16,0,0,0,0,0,0,0,0,0,0.0,0.099853,0,1.0,0,120,3,0,0.8303,0.0467,GREEN,32,Kolkata
CLM0050759,KOL_03199,Dum Dum,2019-07-12,13,0,0,0,0,0,0,0,1,0,0.0,0.0,0,0.0,0,200,4,2,0.7509,0.0645,GREEN,24,Kolkata
CLM0050760,KOL_07801,Howrah,2023-10-14,11,0,0,0,0,0,0,1,0,0,0.0,0.346543,0,0.0,0,184,0,1,0.8857,0.0515,GREEN,46,Kolkata
CLM0050761,KOL_08115,Dum Dum,2021-11-28,16,0,0,0,0,0,0,0,0,0,0.0,1.0,0,0.0,0,420,4,1,0.7664,0.0176,GREEN,25,Kolkata
CLM0050762,KOL_00153,Garia,2018-01-18,17,0,0,0,0,0,0,0,0,1,0.0,0.076614,0,0.0,0,389,1,4,0.98,0.1456,GREEN,46,Kolkata
CLM0050763,KOL_04555,Esplanade,2025-10-13,16,0,0,0,0,0,0,0,0,0,0.0,0.299616,0,0.0,0,331,2,0,0.6893,0.0429,GREEN,47,Kolkata
CLM0050764,KOL_08417,Tollygunge,2021-03-23,11,0,0,0,0,0,0,0,0,0,0.0,0.408333,0,0.0,0,44,3,1,0.98,0.0,GREEN,49,Kolkata
CLM0050765,KOL_08663,Salt Lake,2023-07-07,11,0,0,0,0,0,0,0,1,0,0.0,0.152214,0,0.0,0,362,0,2,0.8787,0.2228,GREEN,21,Kolkata
CLM0050766,KOL_03905,Park Street,2022-06-29,17,0,0,0,0,0,0,0,0,0,0.0,0.015667,0,0.0,0,133,0,1,0.501,0.0,GREEN,37,Kolkata
CLM0050767,KOL_03462,Sealdah,2025-08-05,16,0,0,0,0,0,0,0,1,0,0.0,1.0,0,0.0,0,210,3,6,0.2066,0.0586,GREEN,60,Kolkata
CLM0050768,KOL_08226,Salt Lake,2023-09-28,7,0,0,0,0,0,0,0,0,1,1.0,0.28571,0,0.0,0,65,0,0,0.4974,0.1735,GREEN,33,Kolkata
CLM0050769,KOL_04782,Park Street,2023-02-04,11,0,0,0,0,0,0,0,0,0,0.0,0.02697,0,0.0,0,55,2,2,0.6704,0.0,GREEN,44,Kolkata
CLM0050770,KOL_07712,Tollygunge,2024-08-19,17,0,0,0,0,0,0,0,0,0,0.0,0.093954,0,0.0,0,85,2,4,0.7183,0.0,GREEN,41,Kolkata
CLM0050771,KOL_01637,Park Street,2022-11-20,13,0,0,0,0,0,0,0,0,0,0.0,0.0,0,0.0,0,63,2,0,0.6823,0.0217,GREEN,43,Kolkata
CLM0050772,KOL_01672,Tollygunge,2020-01-14,13,0,0,0,0,0,0,0,0,0,1.0,1.0,0,0.0,0,420,4,0,0.8137,0.0972,GREEN,30,Kolkata
CLM0050773,KOL_03927,Howrah,2018-02-19,16,0,0,0,1,0,0,0,0,0,0.0,0.074118,0,0.0,0,218,3,5,0.2789,0.1987,GREEN,29,Kolkata
CLM0050774,KOL_07742,Park Street,2024-04-06,16,0,0,0,0,0,1,0,0,0,0.0,0.993252,0,0.0,0,152,1,0,0.3044,0.0933,GREEN,57,Kolkata
CLM0050775,KOL_05572,Dum Dum,2023-04-20,21,0,0,0,0,0,0,0,0,0,0.0,0.280483,0,0.0,0,68,0,2,0.98,0.0,GREEN,30,Kolkata
CLM0050776,KOL_00843,Sealdah,2021-03-21,11,0,0,0,0,0,0,0,0,0,1.0,0.114831,0,0.0,0,64,0,0,0.5889,0.0019,GREEN,48,Kolkata
CLM0050777,KOL_08368,Park Street,2024-07-19,18,0,0,0,0,0,0,0,0,0,0.0,0.323008,0,0.0,0,33,1,2,0.5544,0.0457,GREEN,23,Kolkata
CLM0050778,KOL_01321,Dum Dum,2017-11-14,21,0,0,0,0,0,0,0,0,0,0.0,0.236967,0,0.0,0,158,3,4,0.572,0.0409,GREEN,18,Kolkata
CLM0050779,KOL_07821,Salt Lake,2020-01-25,11,0,0,0,0,1,0,0,0,0,1.0,0.215549,0,0.0,0,45,2,0,0.5123,0.1282,GREEN,23,Kolkata
CLM0050780,KOL_09751,New Town,2025-12-26,17,0,0,0,1,0,0,0,0,0,0.0,0.109692,0,0.0,0,242,0,1,0.4448,0.1271,GREEN,30,Kolkata
CLM0050781,KOL_08734,Dum Dum,2022-05-14,9,0,0,0,0,0,0,0,1,0,0.0,0.055873,0,0.0,0,100,0,1,0.6903,0.0,GREEN,32,Kolkata
CLM0050782,KOL_08351,Sealdah,2020-04-19,21,0,0,0,0,0,0,0,0,0,0.0,0.233117,0,0.0,0,366,2,4,0.9027,0.0293,GREEN,51,Kolkata
CLM0050783,KOL_06046,Dum Dum,2020-06-28,14,0,0,0,0,0,0,0,0,0,0.0,0.378619,0,0.0,1,190,1,0,0.7727,0.1425,GREEN,39,Kolkata
CLM0050784,KOL_08819,Tollygunge,2022-06-01,14,0,0,0,0,1,0,0,0,0,0.0,0.916217,0,0.0,0,54,1,4,0.7888,0.146,GREEN,33,Kolkata
CLM0050785,KOL_02586,Howrah,2024-05-01,19,0,0,0,0,0,0,0,1,0,0.0,0.37495,0,0.0,0,148,3,0,0.6638,0.1055,GREEN,62,Kolkata
CLM0050786,KOL_06723,Dum Dum,2025-03-06,14,0,0,0,0,0,0,0,0,0,0.0,0.297412,0,0.0,0,404,4,4,0.5803,0.0,GREEN,52,Kolkata
CLM0050787,KOL_01287,Howrah,2022-03-27,11,0,0,0,0,0,0,0,0,0,0.0,0.0,0,0.0,0,418,0,0,0.5125,0.0,GREEN,36,Kolkata
CLM0050788,KOL_09355,Howrah,2025-08-09,21,0,0,0,0,0,0,0,0,0,0.0,0.233718,0,0.0,0,69,2,5,0.5862,0.0743,GREEN,27,Kolkata
CLM0050789,KOL_04791,Salt Lake,2022-02-11,17,0,0,0,0,0,0,0,0,0,0.0,0.157995,0,0.0,0,420,1,1,0.2827,0.0338,GREEN,18,Kolkata
CLM0050790,KOL_08769,Esplanade,2020-09-13,18,0,0,0,1,0,0,0,0,0,1.0,0.073268,0,0.0,0,177,0,4,0.9623,0.2717,GREEN,29,Kolkata
CLM0050791,KOL_02410,Dum Dum,2019-12-28,16,0,0,0,0,0,0,1,0,0,0.0,0.328497,0,0.0,0,215,4,4,0.8321,0.0109,GREEN,31,Kolkata
CLM0050792,KOL_08701,Tollygunge,2022-09-19,17,0,0,0,0,0,0,0,0,0,0.0,0.365127,0,0.0,0,420,1,0,0.8657,0.0,GREEN,48,Kolkata
CLM0050793,KOL_08030,New Town,2020-10-16,20,0,0,0,0,0,0,0,0,0,0.0,0.014763,0,0.0,0,284,3,6,0.6315,0.0,GREEN,35,Kolkata
CLM0050794,KOL_07596,Tollygunge,2022-11-25,21,0,0,0,1,0,0,0,0,0,1.0,0.202408,0,0.0,0,95,2,0,0.8734,0.1464,GREEN,36,Kolkata
CLM0050795,KOL_09040,New Town,2019-02-11,11,0,0,0,0,0,0,0,0,0,1.0,0.99604,0,1.0,0,420,3,1,0.7742,0.0,GREEN,44,Kolkata
CLM0050796,KOL_02978,Tollygunge,2021-01-08,12,0,0,0,0,0,0,0,1,0,0.0,0.303543,0,1.0,0,121,2,0,0.0901,0.1496,GREEN,40,Kolkata
CLM0050797,KOL_01738,New Town,2022-12-13,17,1,0,0,0,0,0,0,0,0,0.0,0.094232,0,0.0,0,239,0,4,0.4752,0.0957,GREEN,29,Kolkata
CLM0050798,KOL_01918,New Town,2019-01-14,14,0,0,0,0,0,1,1,1,0,1.0,0.328602,1,0.0,0,79,3,0,0.1047,0.3609,YELLOW,47,Kolkata
CLM0050799,KOL_00056,Garia,2021-10-10,11,0,0,0,0,0,0,0,0,0,0.0,0.214758,0,0.0,0,417,4,5,0.7482,0.0489,GREEN,32,Kolkata
CLM0050800,KOL_08172,Esplanade,2024-11-05,16,0,0,0,0,0,0,0,0,1,0.0,0.38473,0,0.0,0,201,0,2,0.98,0.0962,GREEN,32,Kolkata
CLM0050801,KOL_02345,Esplanade,2020-02-04,7,0,0,0,0,0,0,0,0,0,0.0,0.025779,0,0.0,0,249,3,4,0.5682,0.0599,GREEN,33,Kolkata
CLM0050802,KOL_05487,Salt Lake,2023-01-07,10,0,0,0,0,1,0,0,0,0,0.0,0.115353,0,0.0,0,307,1,1,0.7048,0.0686,GREEN,37,Kolkata
CLM0050803,KOL_02804,Park Street,2023-12-12,17,0,0,0,0,1,0,0,0,0,0.0,0.293965,0,1.0,0,277,1,2,0.8287,0.1581,GREEN,24,Kolkata
CLM0050804,KOL_05967,Esplanade,2018-02-09,20,0,0,0,0,0,0,0,0,0,0.0,0.129255,1,0.0,0,420,2,5,0.8606,0.1033,GREEN,19,Kolkata
CLM0050805,KOL_01481,Salt Lake,2024-11-11,12,1,0,0,0,0,0,0,0,1,0.0,0.163568,0,0.0,0,146,3,0,0.6984,0.123,GREEN,34,Kolkata
CLM0050806,KOL_08443,New Town,2017-10-06,13,0,0,0,0,0,0,0,1,0,0.0,0.370522,0,0.0,0,420,0,3,0.4697,0.0499,GREEN,44,Kolkata
CLM0050807,KOL_09377,Tollygunge,2016-08-19,14,0,0,0,0,0,0,0,0,0,0.0,0.904049,0,0.0,0,69,0,4,0.6376,0.0,GREEN,33,Kolkata
CLM0050808,KOL_04954,Garia,2017-02-21,15,0,0,0,0,0,1,0,1,0,0.0,0.333704,0,0.0,0,415,4,0,0.05,0.2133,GREEN,45,Kolkata
CLM0050809,KOL_08715,Sealdah,2017-09-27,14,0,0,0,0,0,0,0,0,0,0.0,0.996543,0,0.0,0,86,0,0,0.6869,0.0,GREEN,34,Kolkata
CLM0050810,KOL_01235,Park Street,2025-04-14,20,0,0,0,0,0,0,0,0,0,0.0,0.903714,0,0.0,0,197,3,2,0.4694,0.0,GREEN,20,Kolkata
CLM0050811,KOL_04265,Behala,2023-06-26,14,0,0,0,0,1,0,0,0,0,0.0,0.138356,1,0.0,0,420,0,4,0.8536,0.2619,GREEN,38,Kolkata
CLM0050812,KOL_04170,Garia,2020-07-02,13,0,0,0,0,0,0,0,0,0,0.0,0.154358,1,0.0,0,118,2,0,0.98,0.1304,GREEN,47,Kolkata
CLM0050813,KOL_01505,Behala,2017-12-15,11,0,0,0,0,0,0,1,0,0,1.0,0.015854,0,0.0,0,420,0,3,0.1531,0.0964,GREEN,33,Kolkata
CLM0050814,KOL_06306,New Town,2019-03-31,18,0,0,0,0,0,0,0,0,0,0.0,0.412418,0,0.0,1,372,0,2,0.1447,0.0758,GREEN,31,Kolkata
CLM0050815,KOL_04344,Salt Lake,2018-10-29,12,0,0,0,0,0,1,0,1,0,1.0,1.0,0,1.0,0,127,1,4,0.6276,0.1371,GREEN,59,Kolkata
CLM0050816,KOL_01049,Behala,2023-10-16,7,0,0,0,0,0,1,0,0,0,0.0,0.202203,0,0.0,0,234,0,0,0.5255,0.0,GREEN,47,Kolkata
CLM0050817,KOL_02854,Sealdah,2023-09-04,9,0,0,0,0,0,0,0,1,0,0.0,0.29732,0,0.0,0,420,2,5,0.51,0.1165,GREEN,36,Kolkata
CLM0050818,KOL_05286,Esplanade,2024-11-17,14,0,0,0,0,0,0,0,0,0,0.0,0.385857,0,0.0,0,5,2,0,0.9528,0.0533,GREEN,28,Kolkata
CLM0050819,KOL_03106,Howrah,2021-10-08,9,0,0,0,0,0,0,0,0,0,0.0,0.0,0,0.0,0,310,0,2,0.7646,0.0269,GREEN,48,Kolkata
CLM0050820,KOL_04583,Salt Lake,2022-10-31,17,0,1,1,0,0,0,0,0,0,0.0,0.272082,0,0.0,0,11,1,0,0.6525,0.0096,GREEN,38,Kolkata
CLM0050821,KOL_03139,Sealdah,2023-05-22,14,0,0,0,0,0,0,0,0,0,0.0,0.301394,0,0.0,0,202,4,2,0.0565,0.0,GREEN,23,Kolkata
CLM0050822,KOL_05568,Esplanade,2024-02-16,10,0,0,0,0,1,0,0,0,0,0.0,0.127948,0,0.0,0,199,3,1,0.8558,0.1853,GREEN,36,Kolkata
CLM0050823,KOL_04980,Dum Dum,2024-07-21,8,0,0,0,0,0,1,0,0,0,0.0,0.076313,0,0.0,0,420,0,4,0.6428,0.0947,GREEN,36,Kolkata
CLM0050824,KOL_00084,Esplanade,2025-01-01,8,0,0,0,0,0,0,0,0,0,0.0,0.298414,0,0.0,0,114,3,1,0.3826,0.0479,GREEN,45,Kolkata
CLM0050825,KOL_04584,Garia,2022-05-01,10,0,0,0,0,0,0,0,0,0,0.0,0.406586,0,0.0,0,49,0,4,0.9662,0.0,GREEN,40,Kolkata
CLM0050826,KOL_00441,Tollygunge,2024-03-23,20,0,0,0,0,0,0,0,0,0,0.0,0.42115,0,0.0,0,203,3,5,0.98,0.0648,GREEN,34,Kolkata
CLM0050827,KOL_01586,Park Street,2023-02-21,10,0,0,0,0,0,0,0,0,0,0.0,0.190287,0,0.0,0,420,2,0,0.1584,0.0746,GREEN,31,Kolkata
CLM0050828,KOL_04908,Behala,2025-07-21,7,0,0,0,0,0,0,1,0,0,0.0,0.960355,0,0.0,0,254,0,0,0.5283,0.0,GREEN,28,Kolkata
CLM0050829,KOL_09717,New Town,2022-11-06,21,0,0,0,0,0,1,0,0,0,0.0,0.161617,0,0.0,0,303,4,0,0.05,0.1597,GREEN,32,Kolkata
CLM0050830,KOL_05915,Tollygunge,2024-01-27,12,0,0,0,0,0,0,0,0,0,0.0,0.29144,0,0.0,0,332,0,6,0.7135,0.0637,GREEN,35,Kolkata
CLM0050831,KOL_07521,New Town,2024-02-07,13,0,0,0,0,0,0,0,0,0,0.0,0.291745,0,0.0,0,420,0,0,0.5592,0.0377,GREEN,22,Kolkata
CLM0050832,KOL_01635,Salt Lake,2023-08-01,19,0,0,0,0,0,0,0,1,0,0.0,0.336021,0,0.0,0,228,1,2,0.2403,0.0946,GREEN,35,Kolkata
CLM0050833,KOL_04274,Tollygunge,2024-08-20,20,0,0,0,0,0,0,0,0,0,0.0,0.238168,0,0.0,0,123,0,2,0.5271,0.0,GREEN,28,Kolkata
CLM0050834,KOL_03923,Tollygunge,2025-07-14,7,0,0,0,0,0,0,1,0,0,0.0,0.086587,0,0.0,0,420,0,2,0.2092,0.0066,GREEN,35,Kolkata
CLM0050835,KOL_02622,Tollygunge,2023-05-21,14,0,0,0,0,0,0,0,0,0,0.0,0.303383,0,0.0,0,62,0,6,0.9218,0.1346,GREEN,54,Kolkata
CLM0050836,KOL_00733,Salt Lake,2025-03-09,8,0,0,0,0,0,0,0,0,0,0.0,0.149788,0,0.0,0,420,2,0,0.9221,0.0,GREEN,46,Kolkata
CLM0050837,KOL_04733,New Town,2024-09-26,19,0,0,0,0,0,1,0,0,0,0.0,0.07656,0,0.0,0,248,0,7,0.2203,0.0953,GREEN,24,Kolkata
CLM0050838,KOL_04763,Tollygunge,2024-12-20,17,0,0,0,0,0,0,0,0,0,0.0,0.053916,0,0.0,0,307,0,0,0.933,0.0,GREEN,40,Kolkata
CLM0050839,KOL_04168,Sealdah,2024-05-10,14,0,0,0,0,0,0,0,0,0,0.0,0.068134,0,0.0,0,280,4,6,0.8685,0.0,GREEN,47,Kolkata
CLM0050840,KOL_08311,Behala,2024-02-22,10,0,0,0,0,0,0,0,0,0,0.0,0.218261,0,0.0,0,230,4,2,0.4614,0.0,GREEN,19,Kolkata
CLM0050841,KOL_03693,New Town,2025-08-31,18,0,0,0,0,0,0,0,0,0,0.0,0.504365,0,0.0,0,420,1,0,0.7885,0.0,GREEN,42,Kolkata
CLM0050842,KOL_03343,Salt Lake,2025-05-25,15,0,0,0,0,0,1,1,0,1,0.0,0.148736,1,0.0,0,5,0,18,0.8682,0.0594,GREEN,29,Kolkata
CLM0050843,KOL_01937,Sealdah,2025-04-28,9,0,0,0,0,0,0,0,0,0,0.0,0.352055,0,0.0,0,236,4,4,0.7485,0.0,GREEN,48,Kolkata
CLM0050844,KOL_07213,Garia,2025-10-06,9,0,0,0,0,1,0,1,1,0,1.0,0.957567,0,1.0,0,6,2,18,0.8358,0.0,GREEN,37,Kolkata
CLM0050845,KOL_06212,Park Street,2024-07-05,12,0,0,0,0,0,0,0,1,0,0.0,0.378111,0,0.0,0,224,1,1,0.7968,0.1427,GREEN,46,Kolkata
CLM0050846,KOL_01953,Sealdah,2025-12-16,19,0,0,0,0,0,0,0,0,0,0.0,0.179188,0,0.0,0,146,3,1,0.593,0.0558,GREEN,34,Kolkata
CLM0050847,KOL_05088,Garia,2023-10-15,20,0,0,0,0,0,0,0,0,0,0.0,0.0,0,0.0,0,97,2,8,0.753,0.0,GREEN,46,Kolkata
CLM0050848,KOL_08348,Garia,2024-09-14,8,0,0,0,0,0,0,0,0,0,0.0,0.171472,0,1.0,0,420,3,0,0.9186,0.0778,GREEN,19,Kolkata
CLM0050849,KOL_00887,Esplanade,2024-01-24,19,0,1,1,0,0,0,0,0,0,0.0,0.009931,0,0.0,0,93,2,3,0.5455,0.089,GREEN,30,Kolkata
CLM0050850,KOL_02132,Garia,2024-07-07,14,0,0,0,0,0,0,0,0,0,1.0,0.968375,0,0.0,0,237,1,0,0.9092,0.1046,GREEN,37,Kolkata
CLM0050851,KOL_02940,Salt Lake,2021-12-20,9,0,0,0,0,0,0,0,1,0,0.0,0.304349,0,0.0,0,231,3,3,0.0649,0.2554,GREEN,44,Kolkata
CLM0050852,KOL_06668,Howrah,2023-03-13,17,0,0,0,0,0,0,0,0,0,0.0,0.175467,0,0.0,0,103,3,3,0.6093,0.0373,GREEN,27,Kolkata
CLM0050853,KOL_04079,Tollygunge,2025-04-01,13,0,0,0,1,0,0,0,0,0,0.0,0.214108,0,0.0,0,214,0,0,0.7923,0.0803,GREEN,30,Kolkata
CLM0050854,KOL_09720,Tollygunge,2019-07-27,8,0,0,0,0,1,0,0,0,0,0.0,0.095612,0,0.0,0,315,4,2,0.37,0.119,GREEN,48,Kolkata
CLM0050855,KOL_07150,Howrah,2019-06-01,11,0,0,0,0,0,0,0,0,0,0.0,0.082859,0,0.0,0,326,1,3,0.8788,0.0,GREEN,33,Kolkata
CLM0050856,KOL_06061,Esplanade,2020-03-07,11,0,0,0,0,0,1,0,0,0,0.0,0.169691,0,0.0,0,306,4,1,0.7014,0.0548,GREEN,47,Kolkata
CLM0050857,KOL_06439,Dum Dum,2021-01-24,21,0,0,0,0,0,0,0,0,0,0.0,1.0,0,0.0,0,147,2,5,0.6132,0.016,GREEN,37,Kolkata
CLM0050858,KOL_05872,Esplanade,2024-03-31,17,0,0,0,0,0,0,0,0,0,0.0,0.258183,0,0.0,0,420,3,0,0.2744,0.1298,GREEN,31,Kolkata
CLM0050859,KOL_08751,Esplanade,2021-08-14,11,0,0,0,0,0,0,0,0,0,0.0,0.082059,0,0.0,0,112,0,3,0.9061,0.0,GREEN,32,Kolkata
CLM0050860,KOL_01641,Tollygunge,2023-03-29,15,0,0,0,0,0,1,0,0,0,0.0,0.242116,0,0.0,0,420,2,4,0.5007,0.0854,GREEN,23,Kolkata
CLM0050861,KOL_07730,Behala,2021-07-26,11,0,0,0,0,0,0,0,0,0,1.0,0.0,0,0.0,0,31,3,1,0.1782,0.1639,GREEN,29,Kolkata
CLM0050862,KOL_00649,Howrah,2024-07-17,16,0,0,0,0,1,0,0,0,0,0.0,0.004714,0,0.0,0,416,4,1,0.98,0.1903,GREEN,39,Kolkata
CLM0050863,KOL_05994,Howrah,2022-05-24,14,0,0,0,0,0,0,0,0,0,0.0,0.0,0,0.0,0,62,4,1,0.8087,0.0,GREEN,36,Kolkata
CLM0050864,KOL_01187,Salt Lake,2025-10-30,16,0,0,0,0,0,0,1,0,0,1.0,0.0,0,0.0,0,94,4,0,0.7876,0.0923,GREEN,33,Kolkata
CLM0050865,KOL_03071,Garia,2021-12-12,9,0,0,0,0,0,0,0,0,0,0.0,0.177771,0,0.0,0,420,1,0,0.5844,0.0201,GREEN,49,Kolkata
CLM0050866,KOL_08620,Tollygunge,2022-08-26,14,0,0,0,1,1,1,1,1,1,0.0,0.155284,0,0.0,1,5,2,18,0.8832,0.0889,GREEN,47,Kolkata
CLM0050867,KOL_00476,Sealdah,2022-12-07,15,0,0,0,0,0,0,0,0,0,0.0,0.263217,1,0.0,1,347,1,3,0.3985,0.1384,GREEN,20,Kolkata
CLM0050868,KOL_02417,Tollygunge,2025-08-30,19,0,0,0,0,0,0,1,0,0,0.0,0.211737,0,1.0,0,390,0,2,0.782,0.0969,GREEN,33,Kolkata
CLM0050869,KOL_09681,Sealdah,2023-03-07,9,0,0,0,1,0,0,0,0,0,0.0,0.099824,0,0.0,0,34,0,0,0.7523,0.0369,GREEN,47,Kolkata
CLM0050870,KOL_06364,Park Street,2025-02-12,15,0,0,0,0,0,0,0,1,0,0.0,0.345739,0,0.0,0,27,3,1,0.8107,0.1052,GREEN,29,Kolkata
CLM0050871,KOL_07566,Howrah,2024-04-15,15,0,0,0,0,0,0,0,0,0,0.0,0.368942,0,0.0,0,49,2,1,0.9764,0.0,GREEN,32,Kolkata
CLM0050872,KOL_04944,Garia,2025-03-03,9,0,0,0,0,0,0,0,0,0,0.0,0.048288,0,0.0,0,54,3,5,0.4839,0.1025,GREEN,27,Kolkata
CLM0050873,KOL_08295,Esplanade,2023-08-13,16,0,0,0,0,0,0,0,0,0,1.0,0.126771,0,0.0,0,218,1,3,0.6183,0.1225,GREEN,28,Kolkata
CLM0050874,KOL_08733,Behala,2024-05-16,17,0,0,0,0,1,0,1,0,0,0.0,0.925596,0,0.0,0,420,4,2,0.8853,0.1845,GREEN,29,Kolkata
CLM0050875,KOL_09574,Sealdah,2025-05-14,9,0,0,0,0,0,0,0,0,0,0.0,0.409113,1,0.0,0,288,3,3,0.9207,0.1045,GREEN,37,Kolkata
CLM0050876,KOL_06380,Esplanade,2025-11-09,7,0,0,0,0,0,0,0,0,0,0.0,0.038894,0,0.0,0,405,1,1,0.7206,0.0168,GREEN,53,Kolkata
CLM0050877,KOL_06711,Salt Lake,2024-10-02,9,0,0,0,0,0,0,0,0,0,0.0,0.029578,0,0.0,0,212,4,8,0.98,0.0,GREEN,49,Kolkata
CLM0050878,KOL_05767,Tollygunge,2018-10-18,15,0,0,0,0,0,0,1,0,0,0.0,0.921452,0,0.0,0,128,0,3,0.98,0.0211,GREEN,31,Kolkata
CLM0050879,KOL_05632,Howrah,2018-07-06,16,0,0,0,0,0,0,0,0,0,0.0,0.400227,0,0.0,0,420,3,0,0.198,0.1534,GREEN,28,Kolkata
CLM0050880,KOL_04510,Park Street,2018-09-02,13,0,1,1,0,0,0,0,0,0,0.0,0.062348,0,0.0,0,157,1,5,0.3356,0.0349,GREEN,36,Kolkata
CLM0050881,KOL_06436,Dum Dum,2024-09-20,9,0,0,0,0,1,0,0,0,0,0.0,1.0,0,0.0,0,307,4,1,0.7277,0.0928,GREEN,46,Kolkata
CLM0050882,KOL_02244,Garia,2024-05-22,19,0,0,0,0,0,0,0,0,0,0.0,0.167317,0,0.0,0,94,3,0,0.6282,0.0,GREEN,35,Kolkata
CLM0050883,KOL_07973,Park Street,2024-07-08,18,0,0,0,0,0,1,0,1,0,0.0,0.066264,0,0.0,0,420,1,0,0.3049,0.1412,GREEN,48,Kolkata
CLM0050884,KOL_00880,Tollygunge,2020-10-23,20,0,0,0,0,0,1,1,0,0,0.0,0.119797,0,0.0,0,289,3,6,0.05,0.1321,GREEN,29,Kolkata
CLM0050885,KOL_00813,Sealdah,2023-10-05,8,0,1,1,0,0,0,0,0,0,0.0,0.274034,0,0.0,0,409,4,0,0.6772,0.0717,GREEN,33,Kolkata
CLM0050886,KOL_05464,Esplanade,2021-08-15,12,0,0,0,0,0,0,0,0,0,1.0,1.0,0,0.0,1,214,1,2,0.7584,0.1802,GREEN,28,Kolkata
CLM0050887,KOL_08987,Garia,2020-12-20,20,0,0,0,0,0,0,0,0,0,0.0,0.291461,0,0.0,0,79,3,3,0.6081,0.0,GREEN,25,Kolkata
CLM0050888,KOL_05934,Salt Lake,2023-05-12,12,0,0,0,0,0,0,0,0,0,0.0,0.223422,0,0.0,0,252,0,1,0.6885,0.0,GREEN,45,Kolkata
CLM0050889,KOL_00978,Tollygunge,2024-12-08,19,0,0,0,0,0,0,0,0,0,1.0,1.0,0,1.0,0,336,4,3,0.9557,0.0214,GREEN,26,Kolkata
CLM0050890,KOL_06869,Esplanade,2020-07-29,21,0,0,0,0,0,0,0,1,0,0.0,0.12382,1,0.0,0,271,2,0,0.6283,0.2924,GREEN,34,Kolkata
CLM0050891,KOL_09744,Dum Dum,2023-01-07,10,0,0,0,0,0,0,0,0,0,0.0,0.309995,0,0.0,0,21,2,7,0.98,0.025,GREEN,22,Kolkata
CLM0050892,KOL_01498,Garia,2024-11-18,16,0,0,0,0,0,0,0,0,0,0.0,0.098663,0,1.0,0,41,1,4,0.5792,0.0694,GREEN,41,Kolkata
CLM0050893,KOL_03990,Howrah,2025-09-28,21,0,0,0,1,0,0,0,0,0,0.0,1.0,0,0.0,0,5,1,1,0.819,0.2111,GREEN,46,Kolkata
CLM0050894,KOL_07296,Park Street,2025-07-01,7,0,0,0,0,0,0,0,0,0,0.0,0.065812,0,0.0,0,31,2,0,0.98,0.0,GREEN,22,Kolkata
CLM0050895,KOL_01352,Park Street,2025-11-21,12,0,0,0,0,1,0,1,1,1,0.0,0.061031,1,0.0,0,5,2,16,0.8402,0.0339,GREEN,51,Kolkata
CLM0050896,KOL_01901,Garia,2025-03-14,17,0,0,0,0,0,0,0,0,0,0.0,0.167201,0,0.0,0,278,2,0,0.8594,0.0226,GREEN,65,Kolkata
CLM0050897,KOL_02544,New Town,2025-10-05,21,0,0,0,0,1,0,0,0,0,0.0,0.190389,0,0.0,0,420,3,4,0.91,0.1553,GREEN,33,Kolkata
CLM0050898,KOL_09517,Salt Lake,2025-09-16,10,0,0,0,0,0,1,0,0,0,0.0,0.159105,0,0.0,0,212,3,2,0.674,0.0862,GREEN,29,Kolkata
CLM0050899,KOL_00948,Sealdah,2024-07-17,8,0,0,0,0,0,0,0,0,0,0.0,0.332471,0,0.0,0,43,4,0,0.6077,0.0081,GREEN,18,Kolkata
CLM0050900,KOL_07985,Sealdah,2024-12-05,11,0,0,0,1,0,0,0,0,0,0.0,0.083005,0,0.0,0,58,2,3,0.8483,0.2059,GREEN,21,Kolkata
CLM0050901,KOL_05426,Salt Lake,2024-06-30,21,0,0,0,0,0,0,0,0,0,0.0,0.059328,0,0.0,0,420,4,2,0.4487,0.0041,GREEN,27,Kolkata
CLM0050902,KOL_07887,Park Street,2025-12-22,13,0,0,0,0,0,0,0,0,0,0.0,0.25435,0,0.0,0,44,1,0,0.705,0.0,GREEN,30,Kolkata
CLM0050903,KOL_07822,Esplanade,2024-09-20,14,0,0,0,0,0,0,0,0,0,0.0,0.281259,0,0.0,0,338,2,4,0.7205,0.0,GREEN,46,Kolkata
CLM0050904,KOL_00786,Tollygunge,2024-07-23,8,0,0,0,0,0,0,0,0,0,0.0,0.174808,0,0.0,0,348,4,0,0.8011,0.0,GREEN,29,Kolkata
CLM0050905,KOL_00644,Sealdah,2024-12-04,21,0,0,0,0,0,0,1,1,0,0.0,0.137505,0,0.0,0,99,4,4,0.8954,0.1043,GREEN,27,Kolkata
CLM0050906,KOL_09322,Howrah,2024-02-19,7,0,0,0,0,0,0,0,0,0,0.0,0.347487,1,0.0,0,77,3,6,0.6217,0.051,GREEN,19,Kolkata
CLM0050907,KOL_01514,Howrah,2021-05-21,15,0,0,0,0,0,0,0,0,0,1.0,0.985832,0,0.0,0,153,3,3,0.8216,0.0461,GREEN,39,Kolkata
CLM0050908,KOL_02028,Park Street,2024-08-19,12,0,0,0,0,0,0,0,0,0,0.0,0.326074,0,0.0,0,420,4,4,0.8858,0.0187,GREEN,34,Kolkata
CLM0050909,KOL_00761,Garia,2024-03-18,9,0,0,0,1,0,0,0,1,0,0.0,0.37298,0,0.0,0,240,0,6,0.7458,0.1943,GREEN,20,Kolkata
CLM0050910,KOL_00282,Tollygunge,2023-03-04,10,0,0,0,0,1,0,0,0,0,1.0,0.984567,0,0.0,0,331,1,4,0.8769,0.2486,GREEN,39,Kolkata
CLM0050911,KOL_01196,Park Street,2021-03-10,10,0,0,0,0,0,0,0,0,0,0.0,0.051398,0,0.0,0,116,0,0,0.3529,0.1197,GREEN,29,Kolkata
CLM0050912,KOL_09022,New Town,2025-08-16,16,0,0,0,0,0,0,0,0,0,0.0,1.0,0,0.0,0,191,4,2,0.6094,0.0978,GREEN,18,Kolkata
CLM0050913,KOL_05211,Esplanade,2024-09-09,21,0,0,0,0,0,0,1,0,0,0.0,0.0,0,1.0,0,219,2,0,0.4177,0.0598,GREEN,49,Kolkata
CLM0050914,KOL_05741,Tollygunge,2021-03-29,20,0,0,0,0,0,0,0,0,0,0.0,0.0,0,0.0,0,247,2,5,0.98,0.0,GREEN,18,Kolkata
CLM0050915,KOL_03419,Tollygunge,2023-12-09,14,0,0,0,0,0,0,0,0,0,0.0,0.071779,0,0.0,0,93,0,7,0.7381,0.0453,GREEN,28,Kolkata
CLM0050916,KOL_07332,Park Street,2024-04-20,20,0,0,0,0,0,0,0,0,0,0.0,0.166652,0,0.0,0,412,2,1,0.6432,0.0781,GREEN,34,Kolkata
CLM0050917,KOL_00907,Dum Dum,2024-05-18,11,0,0,0,0,0,0,1,0,0,0.0,0.135517,0,0.0,0,341,3,1,0.05,0.0723,GREEN,25,Kolkata
CLM0050918,KOL_02447,Tollygunge,2022-12-21,19,0,0,0,0,0,0,1,0,0,0.0,0.316874,0,0.0,0,177,1,3,0.7244,0.0545,GREEN,31,Kolkata
CLM0050919,KOL_08309,Dum Dum,2020-04-25,16,0,0,0,1,0,0,1,0,0,0.0,0.02489,0,0.0,0,114,3,0,0.05,0.1947,GREEN,45,Kolkata
CLM0050920,KOL_09328,Salt Lake,2023-07-12,17,0,0,0,0,0,0,0,0,0,0.0,0.108436,0,0.0,0,39,3,0,0.3305,0.0,GREEN,46,Kolkata
CLM0050921,KOL_09519,Park Street,2017-11-25,20,0,0,0,0,0,0,0,0,0,0.0,0.111851,0,0.0,0,364,0,0,0.5133,0.0172,GREEN,31,Kolkata
CLM0050922,KOL_00405,Sealdah,2023-07-14,18,0,0,0,0,0,1,0,1,0,0.0,0.348068,0,0.0,0,387,4,0,0.5843,0.1292,GREEN,25,Kolkata
CLM0050923,KOL_07640,Salt Lake,2017-01-21,20,0,0,0,0,0,0,0,0,0,0.0,0.02113,0,0.0,0,68,0,0,0.4535,0.0192,GREEN,47,Kolkata
CLM0050924,KOL_02955,Behala,2024-07-01,9,0,0,0,0,0,0,0,1,0,0.0,0.271852,0,0.0,0,328,0,2,0.548,0.0841,GREEN,22,Kolkata
CLM0050925,KOL_03640,Sealdah,2016-01-08,8,0,0,0,0,0,1,0,0,0,0.0,0.09869,0,0.0,0,354,3,0,0.9776,0.1558,GREEN,63,Kolkata
CLM0050926,KOL_03386,Garia,2021-08-06,10,0,0,0,0,1,0,0,0,0,0.0,0.197919,0,0.0,0,189,0,3,0.9176,0.1167,GREEN,45,Kolkata
CLM0050927,KOL_04880,Behala,2021-11-06,21,0,0,0,0,0,0,0,0,0,0.0,0.983006,0,0.0,0,268,3,1,0.7465,0.0,GREEN,23,Kolkata
CLM0050928,KOL_04775,Tollygunge,2021-02-28,15,0,0,0,0,0,0,0,0,0,0.0,0.112211,0,0.0,0,80,4,2,0.8725,0.1163,GREEN,46,Kolkata
CLM0050929,KOL_03315,Park Street,2023-04-25,11,0,0,0,0,0,0,0,1,0,0.0,1.0,0,0.0,0,33,4,1,0.2523,0.1907,GREEN,33,Kolkata
CLM0050930,KOL_04657,Salt Lake,2023-12-09,8,0,0,0,1,1,0,0,0,0,1.0,0.305041,0,0.0,0,241,3,4,0.6017,0.4408,YELLOW,28,Kolkata
CLM0050931,KOL_04450,New Town,2024-12-17,11,0,0,0,0,0,0,0,1,0,0.0,0.0,0,1.0,0,5,4,4,0.4806,0.1653,GREEN,44,Kolkata
CLM0050932,KOL_08133,Garia,2020-11-20,18,0,0,0,1,0,0,0,0,0,0.0,0.14448,0,0.0,1,174,1,5,0.8991,0.2316,GREEN,39,Kolkata
CLM0050933,KOL_01588,Garia,2024-02-21,11,0,0,0,0,1,0,0,0,0,0.0,0.345015,0,0.0,0,96,4,6,0.6616,0.1502,GREEN,46,Kolkata
CLM0050934,KOL_00427,Dum Dum,2022-07-26,8,0,0,0,0,0,0,0,0,0,0.0,0.393735,0,0.0,0,373,4,2,0.7144,0.0252,GREEN,30,Kolkata
CLM0050935,KOL_05281,Esplanade,2023-07-18,7,0,0,0,0,0,0,0,0,0,0.0,0.205885,0,0.0,0,304,2,4,0.9708,0.0,GREEN,46,Kolkata
CLM0050936,KOL_03715,Salt Lake,2022-10-22,20,0,0,0,0,0,0,1,0,0,1.0,1.0,0,1.0,0,155,2,2,0.1333,0.0264,GREEN,48,Kolkata
CLM0050937,KOL_01606,Howrah,2023-09-24,19,0,0,0,0,0,0,0,0,0,0.0,0.213668,0,0.0,0,62,2,1,0.9161,0.0442,GREEN,34,Kolkata
CLM0050938,KOL_09022,New Town,2024-12-17,7,0,0,0,0,0,0,0,0,0,0.0,0.397,0,0.0,0,414,3,0,0.7697,0.0,GREEN,18,Kolkata
CLM0050939,KOL_03063,Garia,2023-11-30,18,0,1,1,0,0,0,0,0,0,0.0,0.232573,0,0.0,0,22,4,0,0.7342,0.0,GREEN,39,Kolkata
CLM0050940,KOL_02576,Tollygunge,2023-02-18,19,0,0,0,0,0,0,0,0,0,0.0,0.193399,1,0.0,0,64,4,0,0.9169,0.047,GREEN,18,Kolkata
CLM0050941,KOL_07651,Sealdah,2024-01-03,7,0,0,0,0,0,0,0,0,0,0.0,0.069244,0,0.0,0,402,0,1,0.6266,0.0713,GREEN,49,Kolkata
CLM0050942,KOL_07960,Sealdah,2022-01-16,15,0,0,0,1,0,0,0,0,1,0.0,0.278215,0,0.0,0,420,1,3,0.6346,0.3201,YELLOW,47,Kolkata
CLM0050943,KOL_06588,Park Street,2025-03-03,19,0,0,0,0,0,0,0,0,0,0.0,0.294357,0,0.0,0,155,4,2,0.8472,0.0,GREEN,42,Kolkata
CLM0050944,KOL_02693,Garia,2022-08-21,10,0,0,0,0,0,1,0,0,0,0.0,0.295976,0,0.0,0,74,1,6,0.98,0.0644,GREEN,25,Kolkata
CLM0050945,KOL_04951,Salt Lake,2022-05-19,21,0,0,0,0,0,0,0,0,0,0.0,0.250889,0,0.0,0,76,0,4,0.6201,0.034,GREEN,19,Kolkata
CLM0050946,KOL_07858,Park Street,2022-11-06,11,0,0,0,0,0,0,0,0,0,0.0,1.0,0,0.0,0,217,3,3,0.9071,0.0,GREEN,25,Kolkata
CLM0050947,KOL_06782,Dum Dum,2025-04-21,10,0,0,0,0,0,0,0,0,0,0.0,0.10213,0,0.0,0,266,3,4,0.7604,0.071,GREEN,27,Kolkata
CLM0050948,KOL_00758,Dum Dum,2025-10-16,12,0,0,0,0,0,0,0,1,0,0.0,0.072589,0,0.0,0,248,2,0,0.7858,0.1082,GREEN,42,Kolkata
CLM0050949,KOL_07703,Garia,2024-05-07,14,0,0,0,0,0,0,0,0,0,0.0,0.112792,0,0.0,0,167,2,1,0.9105,0.0489,GREEN,40,Kolkata
CLM0050950,KOL_00664,Tollygunge,2025-04-08,8,0,1,1,0,0,1,0,1,0,0.0,0.094064,0,0.0,0,354,3,4,0.8152,0.1471,GREEN,43,Kolkata
CLM0050951,KOL_00452,Esplanade,2025-03-23,11,0,0,0,0,1,1,0,0,0,0.0,0.966832,0,0.0,0,170,1,4,0.9394,0.1304,GREEN,34,Kolkata
CLM0050952,KOL_05777,Howrah,2025-01-23,14,0,0,0,0,0,0,0,0,0,0.0,0.113647,0,0.0,0,106,3,1,0.7609,0.0702,GREEN,29,Kolkata
CLM0050953,KOL_01873,Howrah,2025-06-30,7,0,0,0,0,0,0,0,0,0,0.0,0.428588,0,0.0,0,55,1,1,0.8037,0.0,GREEN,47,Kolkata
CLM0050954,KOL_09456,Park Street,2025-10-19,17,0,0,0,0,0,0,0,0,0,0.0,0.96328,0,0.0,0,216,4,0,0.7284,0.0251,GREEN,18,Kolkata
CLM0050955,KOL_04564,Esplanade,2025-01-08,19,0,0,0,0,0,0,0,0,0,0.0,0.063887,0,0.0,0,209,3,1,0.832,0.045,GREEN,18,Kolkata
CLM0050956,KOL_00901,Garia,2024-07-21,7,0,0,0,0,0,0,0,0,0,1.0,0.248835,0,0.0,0,234,2,2,0.98,0.0355,GREEN,52,Kolkata
CLM0050957,KOL_06119,Howrah,2021-06-17,19,0,0,0,1,1,0,1,1,1,0.0,0.137943,1,0.0,0,5,1,18,0.8728,0.0163,GREEN,35,Kolkata
CLM0050958,KOL_00258,Park Street,2024-03-20,10,0,0,0,0,0,1,0,0,1,0.0,0.14501,0,0.0,0,350,1,1,0.4513,0.2618,GREEN,46,Kolkata
CLM0050959,KOL_03920,Park Street,2020-06-07,19,0,0,0,1,0,0,1,1,1,0.0,1.0,0,1.0,1,8,3,14,0.9652,0.0963,GREEN,24,Kolkata
CLM0050960,KOL_06592,Howrah,2023-09-07,8,0,0,0,0,0,0,0,0,0,0.0,0.194696,0,0.0,0,108,4,1,0.0734,0.0278,GREEN,39,Kolkata
CLM0050961,KOL_00345,Garia,2024-01-05,10,0,1,1,0,0,0,1,0,0,0.0,0.200596,0,0.0,1,69,3,0,0.7036,0.0898,GREEN,18,Kolkata
CLM0050962,KOL_04391,Howrah,2023-12-31,21,0,0,0,0,0,0,0,1,0,0.0,1.0,0,0.0,0,101,4,3,0.8117,0.2125,GREEN,41,Kolkata
CLM0050963,KOL_06473,Esplanade,2022-08-23,16,0,0,0,0,0,0,0,1,0,0.0,0.321362,0,0.0,0,183,2,1,0.2448,0.1097,GREEN,30,Kolkata
CLM0050964,KOL_06692,Sealdah,2024-04-22,10,0,0,0,0,0,0,0,0,0,0.0,0.222893,0,0.0,0,420,2,4,0.8209,0.0,GREEN,45,Kolkata
CLM0050965,KOL_01838,Esplanade,2020-10-04,19,0,0,0,0,0,0,0,1,0,0.0,0.061493,0,0.0,0,401,0,1,0.6325,0.0908,GREEN,44,Kolkata
CLM0050966,KOL_01321,Dum Dum,2024-06-02,15,0,0,0,0,0,0,0,0,0,0.0,0.267256,0,0.0,0,357,2,0,0.6955,0.0,GREEN,18,Kolkata
CLM0050967,KOL_01946,New Town,2024-03-27,16,0,0,0,0,0,0,0,0,0,0.0,0.133117,0,0.0,0,23,4,0,0.05,0.0,GREEN,39,Kolkata
CLM0050968,KOL_01945,New Town,2025-09-06,13,0,0,0,0,0,0,0,0,0,0.0,0.12232,0,0.0,0,108,2,0,0.5752,0.0,GREEN,41,Kolkata
CLM0050969,KOL_06878,Tollygunge,2020-06-29,9,0,0,0,0,0,0,0,0,0,0.0,0.205376,1,0.0,0,420,1,1,0.05,0.0969,GREEN,41,Kolkata
CLM0050970,KOL_03328,Garia,2017-08-15,11,0,0,0,0,0,0,0,0,0,0.0,0.323307,0,0.0,0,236,4,7,0.5198,0.0343,GREEN,46,Kolkata
CLM0050971,KOL_05777,Howrah,2023-05-16,21,0,0,0,0,0,0,0,0,0,0.0,0.118661,0,0.0,0,281,1,2,0.7672,0.0925,GREEN,29,Kolkata
CLM0050972,KOL_02572,Sealdah,2020-09-08,19,0,0,0,1,0,0,0,0,0,0.0,0.375127,0,0.0,0,25,1,6,0.667,0.0779,GREEN,36,Kolkata
CLM0050973,KOL_02947,Salt Lake,2023-05-06,14,0,0,0,0,0,0,0,0,0,0.0,0.309058,0,0.0,0,420,0,0,0.8376,0.0,GREEN,31,Kolkata
CLM0050974,KOL_04644,Tollygunge,2023-06-07,19,0,0,0,0,0,0,0,0,0,0.0,0.168239,0,0.0,0,83,3,0,0.4952,0.0,GREEN,58,Kolkata
CLM0050975,KOL_00639,Howrah,2025-03-05,8,0,0,0,0,0,0,0,0,1,0.0,0.060741,0,0.0,0,67,3,0,0.9585,0.1551,GREEN,44,Kolkata
CLM0050976,KOL_02773,Garia,2022-09-13,19,0,0,0,0,0,0,0,0,0,0.0,0.41345,0,0.0,0,254,3,3,0.6587,0.043,GREEN,40,Kolkata
CLM0050977,KOL_09451,Howrah,2024-08-28,14,0,0,0,0,0,0,0,0,0,0.0,0.147244,0,0.0,0,10,4,0,0.6236,0.0229,GREEN,34,Kolkata
CLM0050978,KOL_06262,Salt Lake,2024-07-11,16,0,0,0,0,0,0,0,0,0,0.0,0.237963,0,1.0,0,408,0,2,0.5807,0.0369,GREEN,39,Kolkata
CLM0050979,KOL_03483,Howrah,2023-05-25,7,0,0,0,0,0,0,0,0,0,0.0,0.054424,0,0.0,0,393,2,0,0.579,0.0,GREEN,18,Kolkata
CLM0050980,KOL_09643,Sealdah,2024-06-18,7,0,0,0,0,0,0,0,0,0,0.0,0.141274,0,0.0,0,27,2,2,0.5544,0.1033,GREEN,36,Kolkata
CLM0050981,KOL_09067,Tollygunge,2025-03-01,18,0,0,0,0,0,0,0,0,0,0.0,0.098342,0,0.0,1,53,0,0,0.3275,0.0295,GREEN,42,Kolkata
CLM0050982,KOL_03944,Tollygunge,2024-12-05,19,0,1,1,0,0,0,0,0,0,0.0,0.206616,0,0.0,0,420,1,0,0.7728,0.0152,GREEN,50,Kolkata
CLM0050983,KOL_00454,Sealdah,2023-10-08,14,0,0,0,0,0,0,0,0,0,0.0,0.388988,0,0.0,0,76,0,0,0.8244,0.0347,GREEN,46,Kolkata
CLM0050984,KOL_00834,Esplanade,2023-12-19,21,0,0,0,0,0,0,0,0,0,0.0,0.144455,0,0.0,0,420,0,2,0.05,0.0,GREEN,35,Kolkata
CLM0050985,KOL_05585,Salt Lake,2024-08-08,17,0,0,0,0,0,0,0,0,0,0.0,1.0,0,0.0,0,420,1,2,0.5083,0.0,GREEN,22,Kolkata
CLM0050986,KOL_00714,Garia,2024-11-26,20,0,0,0,0,0,1,0,0,0,0.0,0.96844,0,1.0,0,51,0,3,0.7122,0.0697,GREEN,49,Kolkata
CLM0050987,KOL_00355,Sealdah,2023-08-19,14,0,0,0,0,0,0,0,0,0,0.0,0.345732,0,1.0,0,420,0,2,0.6151,0.0882,GREEN,45,Kolkata
CLM0050988,KOL_03208,Sealdah,2025-06-27,9,0,0,0,0,0,0,0,1,0,0.0,0.200195,0,0.0,0,212,4,1,0.5017,0.1077,GREEN,42,Kolkata
CLM0050989,KOL_09135,Park Street,2025-07-21,15,0,0,0,0,0,0,0,0,0,0.0,0.981815,0,0.0,0,22,2,0,0.4607,0.0849,GREEN,37,Kolkata
CLM0050990,KOL_01667,Garia,2024-07-18,20,0,0,0,0,0,0,0,0,0,0.0,0.004687,0,0.0,0,192,3,6,0.7498,0.09,GREEN,30,Kolkata
CLM0050991,KOL_07175,Tollygunge,2025-08-20,19,0,0,0,0,1,1,0,1,0,0.0,1.0,0,0.0,0,263,4,8,0.7867,0.3215,YELLOW,30,Kolkata
CLM0050992,KOL_09447,Esplanade,2020-06-26,11,0,0,0,0,0,0,0,0,0,1.0,1.0,0,1.0,0,344,4,3,0.5864,0.0188,GREEN,41,Kolkata
CLM0050993,KOL_03184,Behala,2018-04-27,9,0,0,0,0,0,0,1,0,0,0.0,1.0,0,0.0,0,345,2,5,0.9784,0.1433,GREEN,45,Kolkata
CLM0050994,KOL_06402,Salt Lake,2020-10-30,8,0,0,0,0,0,0,0,0,0,0.0,0.258459,0,0.0,0,420,0,3,0.7104,0.0933,GREEN,43,Kolkata
CLM0050995,KOL_04854,Howrah,2020-03-21,15,0,0,0,0,0,0,0,0,1,0.0,0.364641,0,0.0,0,237,2,4,0.159,0.1221,GREEN,22,Kolkata
CLM0050996,KOL_07452,Dum Dum,2024-10-31,8,0,0,0,0,0,0,0,0,0,0.0,0.205726,0,0.0,0,420,1,6,0.5236,0.0639,GREEN,44,Kolkata
CLM0050997,KOL_09478,Dum Dum,2021-02-19,13,0,0,0,0,0,0,0,1,0,0.0,0.199787,0,0.0,0,354,4,0,0.6882,0.0026,GREEN,49,Kolkata
CLM0050998,KOL_09041,New Town,2020-08-11,20,0,0,0,0,0,0,1,0,0,0.0,0.269843,0,1.0,0,22,0,2,0.9045,0.0724,GREEN,25,Kolkata
CLM0050999,KOL_03418,Dum Dum,2019-02-22,20,0,0,0,0,0,0,1,0,0,0.0,0.141159,0,0.0,0,147,4,3,0.948,0.0504,GREEN,42,Kolkata
CLM0051000,KOL_07795,Garia,2023-08-24,21,0,0,0,0,0,0,0,0,0,0.0,0.937265,0,0.0,0,420,1,0,0.5363,0.0098,GREEN,27,Kolkata
CLM0051001,KOL_02316,Dum Dum,2023-12-28,21,0,0,0,0,0,1,0,0,0,0.0,0.354187,0,0.0,0,371,0,3,0.9573,0.0261,GREEN,26,Kolkata
CLM0051002,KOL_06932,Garia,2019-01-11,9,0,0,0,0,0,0,0,0,1,0.0,0.359363,0,1.0,0,379,4,1,0.8329,0.0994,GREEN,46,Kolkata
CLM0051003,KOL_01372,Dum Dum,2023-12-19,21,0,0,0,0,0,0,0,0,0,0.0,0.170978,0,0.0,0,266,2,0,0.937,0.0751,GREEN,28,Kolkata
CLM0051004,KOL_05928,Sealdah,2021-12-22,14,0,0,0,0,0,0,0,0,0,0.0,0.387732,0,0.0,0,214,2,2,0.0857,0.0,GREEN,53,Kolkata
CLM0051005,KOL_06891,Behala,2025-08-16,10,0,0,0,0,0,0,0,0,0,0.0,0.118946,0,0.0,0,36,0,3,0.7348,0.0,GREEN,43,Kolkata
CLM0051006,KOL_02487,New Town,2022-12-06,12,0,0,0,0,0,0,0,0,0,0.0,0.986313,0,0.0,0,398,3,0,0.6423,0.0607,GREEN,33,Kolkata
CLM0051007,KOL_03464,Howrah,2020-08-13,16,0,0,0,0,1,0,0,0,0,0.0,0.016852,0,1.0,0,402,3,1,0.7883,0.0744,GREEN,48,Kolkata
CLM0051008,KOL_06612,Esplanade,2025-12-29,7,0,0,0,1,0,0,0,0,0,0.0,0.241744,0,0.0,0,245,1,3,0.5741,0.2094,GREEN,27,Kolkata
CLM0051009,KOL_01116,Dum Dum,2022-10-19,14,0,0,0,0,0,0,0,0,0,0.0,0.927126,0,0.0,0,290,4,0,0.8938,0.0257,GREEN,26,Kolkata
CLM0051010,KOL_03636,Behala,2022-04-02,20,0,0,0,0,0,0,0,0,1,0.0,1.0,0,0.0,0,420,3,0,0.973,0.1635,GREEN,25,Kolkata
CLM0051011,KOL_07869,Esplanade,2023-08-06,21,0,0,0,0,0,1,0,0,0,0.0,0.068374,0,0.0,0,366,2,3,0.8903,0.0,GREEN,27,Kolkata
CLM0051012,KOL_07083,Dum Dum,2023-09-01,20,0,0,0,0,0,0,1,0,1,1.0,1.0,1,1.0,1,22,4,18,0.0989,0.1154,GREEN,18,Kolkata
CLM0051013,KOL_01567,Sealdah,2024-06-16,14,0,0,0,0,0,0,0,0,0,0.0,0.362499,0,0.0,0,325,4,0,0.1972,0.0,GREEN,32,Kolkata
CLM0051014,KOL_06600,Esplanade,2024-10-17,8,0,0,0,0,0,0,0,0,0,0.0,0.066432,0,0.0,0,178,2,0,0.6855,0.0246,GREEN,20,Kolkata
CLM0051015,KOL_00727,Park Street,2024-10-09,13,0,0,0,0,0,0,0,0,0,0.0,0.286224,0,0.0,0,420,3,0,0.6818,0.0,GREEN,41,Kolkata
CLM0051016,KOL_02670,Salt Lake,2021-06-30,21,0,0,0,0,1,0,0,0,0,0.0,0.286841,0,0.0,0,12,3,2,0.6556,0.1629,GREEN,31,Kolkata
CLM0051017,KOL_05334,Garia,2022-07-12,18,0,0,0,0,0,0,0,0,0,0.0,0.130032,0,0.0,0,149,2,5,0.1197,0.0613,GREEN,44,Kolkata
CLM0051018,KOL_00735,Howrah,2025-03-05,13,0,0,0,0,0,0,0,0,0,0.0,1.0,0,0.0,0,84,0,1,0.9314,0.0145,GREEN,38,Kolkata
CLM0051019,KOL_08351,Sealdah,2023-12-13,18,0,0,0,0,0,1,0,0,0,0.0,0.121271,0,0.0,0,358,3,4,0.5706,0.1058,GREEN,51,Kolkata
CLM0051020,KOL_05771,Sealdah,2025-12-20,14,0,0,0,0,0,0,0,0,0,0.0,0.046568,0,1.0,0,112,3,6,0.7507,0.0,GREEN,35,Kolkata
CLM0051021,KOL_06787,Esplanade,2022-10-21,17,0,0,0,0,0,1,0,0,0,0.0,0.198815,0,0.0,1,183,1,5,0.886,0.2081,GREEN,32,Kolkata
CLM0051022,KOL_07410,Esplanade,2019-03-31,15,0,0,0,0,0,0,0,0,0,0.0,0.211601,0,0.0,0,306,1,2,0.8009,0.0,GREEN,29,Kolkata
CLM0051023,KOL_07718,Dum Dum,2022-07-24,15,0,0,0,0,1,0,0,0,0,0.0,0.260669,0,0.0,0,139,2,6,0.9081,0.1315,GREEN,33,Kolkata
CLM0051024,KOL_01352,Park Street,2025-09-07,21,0,0,0,0,0,0,0,0,0,0.0,0.321255,0,0.0,0,420,1,2,0.8949,0.0,GREEN,51,Kolkata
CLM0051025,KOL_00392,Esplanade,2025-12-10,12,0,0,0,0,0,0,0,1,0,1.0,0.016643,0,0.0,1,197,0,5,0.98,0.2786,GREEN,24,Kolkata
CLM0051026,KOL_04085,Dum Dum,2025-12-12,8,0,0,0,0,0,0,0,0,0,0.0,0.243262,0,0.0,0,166,2,0,0.4608,0.0,GREEN,33,Kolkata
CLM0051027,KOL_04978,Salt Lake,2025-07-03,16,0,0,0,0,0,0,0,0,0,0.0,0.339632,0,0.0,0,254,0,1,0.9175,0.0,GREEN,25,Kolkata
CLM0051028,KOL_07257,Tollygunge,2025-05-22,18,0,0,0,0,0,0,0,0,0,0.0,0.955413,0,0.0,0,420,3,0,0.6057,0.027,GREEN,38,Kolkata
CLM0051029,KOL_07508,Sealdah,2025-05-16,7,0,0,0,0,0,0,0,0,0,0.0,0.309374,0,0.0,0,36,1,0,0.7185,0.0779,GREEN,33,Kolkata
CLM0051030,KOL_02208,Tollygunge,2025-10-06,7,0,0,0,0,0,0,0,1,0,0.0,0.089984,0,0.0,0,197,4,0,0.7573,0.0176,GREEN,66,Kolkata
CLM0051031,KOL_00692,Sealdah,2025-05-20,15,0,0,0,0,0,0,0,1,0,0.0,0.316808,0,0.0,0,114,0,1,0.1099,0.15,GREEN,31,Kolkata
CLM0051032,KOL_06122,Salt Lake,2025-02-20,17,0,0,0,0,0,0,1,1,0,0.0,0.303645,0,0.0,0,237,1,3,0.6996,0.1603,GREEN,58,Kolkata
CLM0051033,KOL_04232,Garia,2018-12-21,18,0,0,0,0,0,0,0,0,0,0.0,0.300219,0,0.0,0,259,0,2,0.7095,0.0261,GREEN,39,Kolkata
CLM0051034,KOL_01824,Esplanade,2021-10-14,12,0,0,0,0,0,0,0,0,0,0.0,0.066971,0,0.0,0,44,2,1,0.5339,0.0432,GREEN,24,Kolkata
CLM0051035,KOL_05816,Tollygunge,2025-11-10,11,0,0,0,0,0,0,0,0,0,0.0,0.313717,0,0.0,0,52,0,2,0.05,0.0434,GREEN,32,Kolkata
CLM0051036,KOL_01868,Esplanade,2022-12-25,11,0,0,0,0,0,0,0,0,0,0.0,0.001361,0,0.0,0,295,4,0,0.5801,0.0,GREEN,27,Kolkata
CLM0051037,KOL_07547,Garia,2023-01-15,18,0,0,0,1,0,0,0,1,0,0.0,0.062425,0,0.0,1,7,1,18,0.98,0.0,GREEN,38,Kolkata
CLM0051038,KOL_06257,Sealdah,2019-09-25,18,0,0,0,0,0,0,0,0,0,0.0,0.217805,0,0.0,0,296,4,3,0.7665,0.0967,GREEN,37,Kolkata
CLM0051039,KOL_08868,Tollygunge,2025-08-03,20,0,0,0,0,0,0,0,0,0,0.0,0.083781,0,0.0,0,360,4,2,0.7846,0.0,GREEN,39,Kolkata
CLM0051040,KOL_03844,Garia,2019-01-04,8,0,0,0,0,0,0,0,0,0,0.0,0.10858,0,0.0,0,96,0,0,0.1032,0.0,GREEN,46,Kolkata
CLM0051041,KOL_05923,Howrah,2023-05-01,7,0,0,0,1,0,1,0,0,0,0.0,0.053943,0,0.0,0,420,4,1,0.7396,0.258,GREEN,32,Kolkata
CLM0051042,KOL_05119,Tollygunge,2024-04-25,14,0,0,0,0,0,0,0,0,0,0.0,1.0,0,0.0,1,34,2,5,0.8107,0.05,GREEN,41,Kolkata
CLM0051043,KOL_03104,Esplanade,2022-07-16,20,0,0,0,0,0,0,0,0,0,0.0,0.121861,0,0.0,0,273,0,4,0.5563,0.0046,GREEN,33,Kolkata
CLM0051044,KOL_04723,Dum Dum,2022-03-14,14,0,0,0,1,1,0,1,0,1,0.0,0.0,1,0.0,1,16,3,16,0.9227,0.1849,GREEN,30,Kolkata
CLM0051045,KOL_04728,Esplanade,2022-02-02,19,0,0,0,0,0,0,0,0,0,0.0,0.179769,0,0.0,0,188,3,2,0.98,0.0,GREEN,37,Kolkata
CLM0051046,KOL_03665,Howrah,2022-05-29,21,0,0,0,0,0,0,0,0,0,0.0,0.258102,0,0.0,0,196,3,2,0.4065,0.0534,GREEN,40,Kolkata
CLM0051047,KOL_05611,Behala,2020-04-04,20,0,0,0,1,1,0,0,0,1,0.0,0.319034,0,0.0,0,420,4,0,0.98,0.3979,YELLOW,18,Kolkata
CLM0051048,KOL_06396,Sealdah,2024-05-11,21,0,0,0,0,0,1,0,0,0,0.0,0.977913,1,0.0,0,367,2,0,0.5195,0.1002,GREEN,28,Kolkata
CLM0051049,KOL_03651,Salt Lake,2023-09-20,14,0,0,0,0,0,0,0,0,0,0.0,0.059529,0,0.0,0,401,2,6,0.7672,0.0,GREEN,26,Kolkata
CLM0051050,KOL_08612,Howrah,2025-07-02,16,0,0,0,0,0,1,0,0,0,0.0,0.377294,0,0.0,0,420,2,7,0.7768,0.1533,GREEN,18,Kolkata
CLM0051051,KOL_09880,Esplanade,2024-07-17,18,0,0,0,0,0,0,0,0,0,0.0,0.145663,0,0.0,0,209,1,2,0.9041,0.1296,GREEN,48,Kolkata
CLM0051052,KOL_05081,Sealdah,2025-07-28,14,0,0,0,0,0,0,0,0,0,0.0,0.0,0,0.0,0,164,1,0,0.8382,0.1206,GREEN,30,Kolkata
CLM0051053,KOL_07847,Salt Lake,2023-11-17,9,0,0,0,1,0,0,0,0,0,0.0,0.264583,0,0.0,0,57,2,0,0.81,0.1067,GREEN,27,Kolkata
CLM0051054,KOL_05808,Sealdah,2025-01-12,21,0,0,0,0,0,0,0,0,1,0.0,0.389555,0,0.0,0,52,3,6,0.98,0.1915,GREEN,38,Kolkata
CLM0051055,KOL_05008,Park Street,2020-12-09,11,0,0,0,0,0,0,1,0,0,0.0,0.992173,0,0.0,0,420,2,1,0.8327,0.0,GREEN,34,Kolkata
CLM0051056,KOL_04549,Howrah,2022-07-14,15,0,0,0,1,0,0,0,0,0,1.0,0.225061,0,0.0,0,11,1,5,0.98,0.205,GREEN,29,Kolkata
CLM0051057,KOL_01095,Sealdah,2023-12-30,12,0,0,0,1,0,0,0,0,0,0.0,0.967331,0,0.0,0,420,2,2,0.6067,0.201,GREEN,39,Kolkata
CLM0051058,KOL_01175,Dum Dum,2023-05-24,13,0,0,0,0,0,0,0,0,0,0.0,0.063416,0,0.0,1,420,1,3,0.98,0.0661,GREEN,43,Kolkata
CLM0051059,KOL_09043,Salt Lake,2025-10-13,8,0,0,0,0,0,0,0,0,0,0.0,1.0,0,0.0,0,405,4,3,0.05,0.0644,GREEN,36,Kolkata
CLM0051060,KOL_09565,Behala,2022-07-08,11,0,0,0,0,0,1,0,0,0,0.0,0.260569,0,0.0,1,372,1,0,0.98,0.2443,GREEN,38,Kolkata
CLM0051061,KOL_00223,Behala,2023-03-20,14,0,0,0,0,0,1,0,0,0,1.0,0.285229,0,0.0,0,377,2,1,0.6274,0.1418,GREEN,37,Kolkata
CLM0051062,KOL_06695,Garia,2022-12-28,15,0,0,0,0,0,0,0,0,0,0.0,0.234749,0,0.0,0,382,1,4,0.7903,0.0076,GREEN,39,Kolkata
CLM0051063,KOL_02631,Park Street,2024-01-20,8,0,0,0,0,0,0,1,0,0,0.0,1.0,0,0.0,0,72,2,3,0.05,0.1026,GREEN,36,Kolkata
CLM0051064,KOL_02447,Tollygunge,2025-03-30,14,0,0,0,0,0,1,0,0,0,0.0,0.092304,0,0.0,0,151,4,4,0.7684,0.0516,GREEN,31,Kolkata
CLM0051065,KOL_05142,Sealdah,2022-10-16,17,0,0,0,0,0,0,0,0,0,0.0,0.0,0,0.0,0,67,2,4,0.98,0.0527,GREEN,36,Kolkata
CLM0051066,KOL_08082,Sealdah,2023-08-02,20,0,0,0,0,0,0,0,0,0,0.0,0.360007,0,0.0,0,299,2,3,0.1609,0.0269,GREEN,37,Kolkata
CLM0051067,KOL_06518,Esplanade,2024-04-26,11,0,0,0,0,0,0,0,0,0,0.0,0.118207,0,0.0,0,88,3,1,0.7568,0.0,GREEN,36,Kolkata
CLM0051068,KOL_03045,Dum Dum,2022-11-21,9,0,0,0,0,0,1,0,1,0,0.0,0.277523,0,0.0,0,208,1,6,0.8263,0.1596,GREEN,35,Kolkata
CLM0051069,KOL_09986,New Town,2021-06-08,14,0,0,0,0,0,0,1,0,0,0.0,0.396571,0,0.0,0,420,1,2,0.8994,0.0989,GREEN,36,Kolkata
CLM0051070,KOL_09850,Garia,2025-07-27,11,0,0,0,0,0,0,0,0,0,0.0,0.214634,0,0.0,0,420,2,3,0.6676,0.0781,GREEN,46,Kolkata
CLM0051071,KOL_04008,Howrah,2023-11-17,13,0,0,0,0,0,1,0,0,0,0.0,0.064696,0,0.0,0,46,3,0,0.745,0.1047,GREEN,38,Kolkata
CLM0051072,KOL_09065,Behala,2025-07-14,8,0,0,0,0,0,0,0,1,0,0.0,0.214158,0,0.0,0,115,3,0,0.8028,0.123,GREEN,45,Kolkata
CLM0051073,KOL_01449,Esplanade,2025-07-25,13,0,0,0,0,0,0,0,0,0,0.0,0.024042,0,0.0,0,375,0,0,0.98,0.0561,GREEN,20,Kolkata
CLM0051074,KOL_02714,Esplanade,2023-01-04,14,0,0,0,1,0,0,0,0,0,0.0,0.227817,0,0.0,1,306,0,4,0.8618,0.161,GREEN,36,Kolkata
CLM0051075,KOL_00258,Park Street,2024-12-08,14,0,0,0,0,0,0,0,0,0,0.0,0.278402,0,0.0,0,108,0,1,0.472,0.0,GREEN,46,Kolkata
CLM0051076,KOL_07186,Tollygunge,2022-12-25,18,0,0,0,0,0,0,0,0,0,0.0,0.0,0,1.0,0,196,4,4,0.6935,0.0113,GREEN,18,Kolkata
CLM0051077,KOL_09899,Garia,2022-06-04,18,0,0,0,0,0,0,0,0,0,0.0,0.0,0,1.0,0,420,1,1,0.5766,0.0,GREEN,45,Kolkata
CLM0051078,KOL_00528,New Town,2022-04-05,8,0,0,0,0,0,1,0,0,1,0.0,0.176676,0,0.0,0,36,0,1,0.5967,0.3142,YELLOW,24,Kolkata
CLM0051079,KOL_04564,Esplanade,2022-06-16,16,0,0,0,0,0,0,0,0,0,0.0,0.157461,0,0.0,0,343,0,2,0.6593,0.0,GREEN,18,Kolkata
CLM0051080,KOL_05914,Park Street,2022-05-29,17,0,0,0,0,0,0,0,0,0,0.0,0.157818,0,0.0,0,91,0,0,0.8811,0.1178,GREEN,35,Kolkata
CLM0051081,KOL_08509,New Town,2024-12-23,15,0,0,0,1,1,0,1,1,1,1.0,0.064826,0,1.0,1,5,2,18,0.05,0.024,GREEN,35,Kolkata
CLM0051082,KOL_00931,Dum Dum,2025-07-20,20,0,0,0,0,0,0,0,0,0,0.0,0.118701,1,0.0,0,343,1,1,0.685,0.1386,GREEN,30,Kolkata
CLM0051083,KOL_04405,Behala,2023-07-27,10,0,0,0,0,0,0,0,0,0,1.0,0.021497,0,0.0,0,68,3,0,0.8934,0.128,GREEN,18,Kolkata
CLM0051084,KOL_01799,Behala,2025-08-28,13,0,0,0,1,0,1,0,1,1,0.0,0.981732,0,1.0,0,20,0,18,0.4126,0.0792,GREEN,40,Kolkata
CLM0051085,KOL_05008,Park Street,2023-10-26,16,0,0,0,0,0,0,0,1,0,0.0,1.0,0,0.0,0,104,2,2,0.189,0.1282,GREEN,34,Kolkata
CLM0051086,KOL_06129,Dum Dum,2023-01-06,9,0,0,0,0,0,0,0,0,1,0.0,0.295904,1,0.0,0,251,3,3,0.506,0.1954,GREEN,30,Kolkata
CLM0051087,KOL_04422,Howrah,2024-08-14,12,0,0,0,0,0,0,0,0,0,0.0,0.220245,0,0.0,0,353,4,0,0.3806,0.0152,GREEN,38,Kolkata
CLM0051088,KOL_08849,Tollygunge,2025-07-12,19,0,0,0,0,0,0,0,0,0,0.0,0.20633,0,0.0,0,323,0,4,0.914,0.0784,GREEN,26,Kolkata
CLM0051089,KOL_01172,Garia,2023-03-18,19,0,0,0,1,0,0,1,0,1,0.0,0.07427,0,0.0,1,54,4,18,0.78,0.0,GREEN,54,Kolkata
CLM0051090,KOL_06922,Esplanade,2023-01-09,10,0,0,0,0,0,0,0,0,1,0.0,0.18014,0,0.0,0,217,0,0,0.7203,0.0715,GREEN,43,Kolkata
CLM0051091,KOL_05503,Salt Lake,2023-02-28,7,0,0,0,0,0,0,0,0,0,0.0,0.449759,0,0.0,0,284,2,5,0.8849,0.0093,GREEN,40,Kolkata
CLM0051092,KOL_01643,Park Street,2017-01-13,15,0,1,1,0,0,0,0,0,0,0.0,0.038079,0,0.0,0,376,4,1,0.6823,0.0,GREEN,47,Kolkata
CLM0051093,KOL_09789,Tollygunge,2017-07-14,13,0,0,0,0,0,0,0,0,0,0.0,0.420146,0,0.0,0,291,1,6,0.8108,0.0546,GREEN,32,Kolkata
CLM0051094,KOL_03133,New Town,2021-03-13,21,0,0,0,0,0,0,0,0,1,0.0,0.338644,0,0.0,0,420,3,0,0.8712,0.1105,GREEN,38,Kolkata
CLM0051095,KOL_05808,Sealdah,2018-11-06,15,0,0,0,0,0,0,0,0,0,0.0,0.275063,1,0.0,0,218,2,3,0.4956,0.0939,GREEN,38,Kolkata
CLM0051096,KOL_02078,Garia,2023-09-11,15,0,0,0,0,0,0,0,0,0,0.0,0.0,0,0.0,0,401,4,0,0.7553,0.068,GREEN,50,Kolkata
CLM0051097,KOL_05267,Salt Lake,2017-10-12,19,0,0,0,0,0,0,0,0,0,0.0,0.233257,0,0.0,0,420,4,0,0.9347,0.1389,GREEN,24,Kolkata
CLM0051098,KOL_09610,Howrah,2017-01-24,7,0,0,0,0,0,0,0,0,0,0.0,0.287836,0,1.0,0,184,3,0,0.7738,0.0482,GREEN,42,Kolkata
CLM0051099,KOL_09993,Howrah,2017-06-24,20,0,0,0,0,0,0,1,0,0,0.0,0.0,0,0.0,0,410,0,3,0.98,0.1178,GREEN,52,Kolkata
CLM0051100,KOL_07377,New Town,2022-04-26,8,0,0,0,0,0,0,0,0,0,0.0,0.343596,0,0.0,0,160,0,5,0.7957,0.0,GREEN,18,Kolkata
CLM0051101,KOL_01010,Salt Lake,2018-11-02,7,0,0,0,0,0,1,0,0,0,1.0,0.034547,0,0.0,0,278,4,5,0.98,0.1327,GREEN,42,Kolkata
CLM0051102,KOL_01320,Behala,2025-12-07,8,0,0,0,0,0,0,0,0,0,0.0,0.388582,0,0.0,0,186,1,3,0.6886,0.0511,GREEN,40,Kolkata
CLM0051103,KOL_06272,Park Street,2020-10-13,12,0,0,0,0,0,0,0,1,0,0.0,0.111745,0,0.0,0,420,0,3,0.8413,0.1239,GREEN,44,Kolkata
CLM0051104,KOL_04682,Esplanade,2024-11-08,14,0,0,0,0,0,0,0,0,0,0.0,0.131715,0,1.0,0,152,2,0,0.98,0.0617,GREEN,44,Kolkata
CLM0051105,KOL_02591,Salt Lake,2017-05-28,12,0,0,0,0,0,0,0,0,0,1.0,0.309561,0,1.0,0,131,4,6,0.5503,0.0533,GREEN,27,Kolkata
CLM0051106,KOL_02336,Garia,2021-07-19,14,0,0,0,0,0,1,0,1,0,0.0,0.089994,0,0.0,0,344,0,5,0.5639,0.1613,GREEN,44,Kolkata
CLM0051107,KOL_02915,Howrah,2020-11-01,9,0,0,0,0,0,1,1,0,0,0.0,0.058267,0,0.0,0,387,3,4,0.4853,0.1773,GREEN,32,Kolkata
CLM0051108,KOL_04445,Behala,2021-05-22,11,0,0,0,0,0,0,0,0,0,0.0,0.0,0,0.0,0,217,0,0,0.7102,0.0157,GREEN,40,Kolkata
CLM0051109,KOL_05194,New Town,2020-03-26,10,0,0,0,0,0,0,0,0,0,1.0,0.357189,1,0.0,0,420,4,0,0.9255,0.2198,GREEN,41,Kolkata
CLM0051110,KOL_05880,Howrah,2023-02-13,13,0,0,0,0,0,0,0,0,0,1.0,0.0,0,0.0,0,389,4,1,0.9108,0.1789,GREEN,18,Kolkata
CLM0051111,KOL_05950,Behala,2023-04-12,10,0,0,0,0,0,0,0,0,0,0.0,0.249488,0,0.0,0,129,1,0,0.913,0.0388,GREEN,34,Kolkata
CLM0051112,KOL_00857,Tollygunge,2023-01-09,9,0,0,0,0,0,0,0,0,0,0.0,0.2404,0,0.0,0,191,3,5,0.8765,0.0434,GREEN,30,Kolkata
CLM0051113,KOL_06537,Garia,2023-02-11,18,0,0,0,0,1,1,1,1,1,0.0,0.002932,0,0.0,1,9,2,18,0.8487,0.0,GREEN,31,Kolkata
CLM0051114,KOL_04281,Howrah,2025-04-29,9,0,0,0,0,0,0,0,0,0,0.0,0.17709,0,0.0,0,420,1,3,0.2381,0.0529,GREEN,23,Kolkata
CLM0051115,KOL_01920,Tollygunge,2025-08-14,8,0,0,0,0,0,0,0,0,0,0.0,0.116433,0,0.0,0,249,3,0,0.927,0.087,GREEN,40,Kolkata
CLM0051116,KOL_01892,Dum Dum,2023-09-06,20,0,0,0,0,0,0,0,0,0,0.0,0.937024,0,0.0,0,14,4,1,0.4912,0.0,GREEN,21,Kolkata
CLM0051117,KOL_09405,Esplanade,2025-08-27,14,0,0,0,0,0,0,0,0,0,0.0,0.998352,0,0.0,0,202,3,3,0.2518,0.0,GREEN,45,Kolkata
CLM0051118,KOL_04255,Salt Lake,2023-07-16,17,0,0,0,0,0,0,0,0,0,0.0,0.296221,0,0.0,0,420,3,3,0.5549,0.0173,GREEN,34,Kolkata
CLM0051119,KOL_09060,Park Street,2024-05-29,9,0,0,0,0,0,0,0,0,0,0.0,0.259954,0,0.0,0,420,0,0,0.98,0.0531,GREEN,44,Kolkata
CLM0051120,KOL_04193,Dum Dum,2024-11-22,12,0,0,0,0,0,0,0,0,0,0.0,0.996784,0,0.0,0,420,4,2,0.8777,0.0,GREEN,53,Kolkata
CLM0051121,KOL_09275,Park Street,2023-06-14,18,0,0,0,0,0,0,0,0,0,0.0,0.442567,0,0.0,0,132,0,0,0.98,0.0,GREEN,18,Kolkata
CLM0051122,KOL_08366,Sealdah,2024-04-16,19,0,0,0,0,0,0,0,0,0,0.0,0.119301,0,0.0,0,330,4,1,0.5513,0.0,GREEN,35,Kolkata
CLM0051123,KOL_07111,Dum Dum,2024-09-26,17,0,0,0,0,0,0,0,0,0,0.0,0.967168,0,0.0,0,98,1,2,0.6409,0.0193,GREEN,39,Kolkata
CLM0051124,KOL_05575,Behala,2025-02-18,11,0,0,0,0,1,0,0,0,0,1.0,0.013178,0,0.0,0,420,4,3,0.3617,0.1973,GREEN,46,Kolkata
CLM0051125,KOL_04140,Salt Lake,2025-10-28,8,0,0,0,0,0,0,0,0,1,0.0,0.0,0,0.0,0,404,2,3,0.6325,0.1463,GREEN,45,Kolkata
CLM0051126,KOL_08136,Sealdah,2024-05-15,11,0,0,0,0,0,0,0,1,0,0.0,0.296594,0,0.0,0,200,3,0,0.7915,0.1115,GREEN,48,Kolkata
CLM0051127,KOL_05763,Howrah,2025-02-08,14,0,0,0,0,0,0,0,0,0,1.0,0.166537,0,0.0,0,29,3,2,0.423,0.1436,GREEN,37,Kolkata
CLM0051128,KOL_05977,Sealdah,2024-08-01,20,0,0,0,0,0,0,0,0,1,1.0,0.085761,0,0.0,0,420,2,0,0.9752,0.2045,GREEN,50,Kolkata
CLM0051129,KOL_09483,Howrah,2024-04-22,11,0,0,0,0,0,0,1,0,0,1.0,0.319471,1,0.0,0,154,3,3,0.3046,0.1815,GREEN,36,Kolkata
CLM0051130,KOL_05566,New Town,2025-10-27,14,0,0,0,1,0,0,0,0,0,0.0,0.164491,0,0.0,0,394,1,6,0.5316,0.1742,GREEN,33,Kolkata
CLM0051131,KOL_03475,Salt Lake,2024-07-17,14,0,0,0,1,0,1,0,0,0,0.0,0.412571,0,0.0,0,405,0,3,0.5899,0.3163,YELLOW,44,Kolkata
CLM0051132,KOL_02927,Behala,2025-02-16,20,0,0,0,0,0,0,0,0,1,0.0,0.17358,0,0.0,0,354,0,1,0.4128,0.124,GREEN,39,Kolkata
CLM0051133,KOL_05510,Garia,2025-03-21,12,0,0,0,0,0,0,0,0,0,0.0,0.165015,0,0.0,0,5,1,4,0.8267,0.0,GREEN,28,Kolkata
CLM0051134,KOL_03887,Tollygunge,2022-11-08,7,0,0,0,0,0,0,0,0,0,0.0,0.22613,0,0.0,0,79,4,2,0.98,0.0,GREEN,31,Kolkata
CLM0051135,KOL_09278,New Town,2021-04-12,12,0,0,0,0,0,0,0,0,0,0.0,0.262015,0,0.0,0,420,0,6,0.98,0.0,GREEN,21,Kolkata
CLM0051136,KOL_01201,Sealdah,2020-05-25,16,0,0,0,0,0,0,1,0,0,0.0,0.357426,1,0.0,0,420,4,4,0.6853,0.1474,GREEN,50,Kolkata
CLM0051137,KOL_08908,Esplanade,2019-02-01,8,0,0,0,0,0,0,0,0,0,0.0,0.204561,0,0.0,0,420,3,6,0.7451,0.0432,GREEN,28,Kolkata
CLM0051138,KOL_04921,Behala,2023-09-12,18,0,0,0,0,0,0,0,1,0,0.0,1.0,0,0.0,0,420,0,0,0.6361,0.1168,GREEN,24,Kolkata
CLM0051139,KOL_06963,Park Street,2024-04-05,18,0,0,0,1,1,1,1,1,1,0.0,0.272599,0,0.0,1,5,1,18,0.3402,0.0,GREEN,33,Kolkata
CLM0051140,KOL_07365,Salt Lake,2024-08-05,8,0,0,0,0,0,0,0,0,0,0.0,0.0,0,0.0,0,325,4,0,0.7656,0.0,GREEN,28,Kolkata
CLM0051141,KOL_01777,New Town,2020-04-08,18,0,0,0,0,0,0,0,0,0,0.0,0.167091,0,0.0,0,152,4,3,0.05,0.0243,GREEN,48,Kolkata
CLM0051142,KOL_01180,Salt Lake,2024-06-18,9,0,0,0,0,0,1,0,0,0,0.0,0.043482,0,0.0,0,246,0,1,0.7882,0.0628,GREEN,43,Kolkata
CLM0051143,KOL_04672,Tollygunge,2019-08-18,11,0,0,0,0,0,1,0,0,0,0.0,0.979796,0,0.0,0,173,3,2,0.98,0.1513,GREEN,37,Kolkata
CLM0051144,KOL_00193,Garia,2025-06-23,10,0,0,0,0,0,1,0,0,0,0.0,0.247392,0,0.0,0,420,4,0,0.9016,0.1388,GREEN,44,Kolkata
CLM0051145,KOL_06321,Dum Dum,2022-08-17,17,0,0,0,0,0,0,0,0,0,0.0,0.183368,0,0.0,0,34,4,1,0.9561,0.0,GREEN,40,Kolkata
CLM0051146,KOL_00253,Park Street,2022-10-03,7,0,0,0,0,1,0,0,0,0,0.0,0.049036,0,0.0,0,61,4,7,0.5983,0.1072,GREEN,47,Kolkata
CLM0051147,KOL_01886,Sealdah,2024-06-26,21,0,0,0,0,0,0,0,0,0,0.0,0.36918,0,0.0,0,64,4,2,0.5803,0.0,GREEN,35,Kolkata
CLM0051148,KOL_01447,Tollygunge,2022-06-27,21,0,0,0,0,0,0,0,0,0,1.0,0.046369,0,0.0,0,232,0,0,0.7926,0.1049,GREEN,38,Kolkata
CLM0051149,KOL_05499,Park Street,2024-10-03,16,0,0,0,0,0,0,0,0,0,0.0,0.101314,0,0.0,0,420,2,3,0.527,0.0339,GREEN,43,Kolkata
CLM0051150,KOL_08267,Sealdah,2025-01-07,20,0,0,0,0,0,0,0,0,0,0.0,0.255068,0,0.0,0,346,3,5,0.98,0.0744,GREEN,22,Kolkata
CLM0051151,KOL_06546,Howrah,2025-07-08,14,0,0,0,0,0,0,0,0,0,0.0,0.255843,0,0.0,0,118,2,1,0.9151,0.0245,GREEN,38,Kolkata
CLM0051152,KOL_05468,Howrah,2023-09-08,11,0,0,0,0,1,0,0,0,0,0.0,0.204813,0,0.0,0,317,2,4,0.8362,0.053,GREEN,40,Kolkata
CLM0051153,KOL_08525,Esplanade,2021-06-23,14,0,0,0,0,0,0,0,0,0,0.0,0.090417,1,0.0,0,147,2,4,0.8685,0.0666,GREEN,24,Kolkata
CLM0051154,KOL_08146,Garia,2022-12-24,17,0,0,0,0,0,0,0,0,0,0.0,0.167861,0,0.0,0,279,3,0,0.98,0.0287,GREEN,34,Kolkata
CLM0051155,KOL_07920,Howrah,2024-05-07,17,0,0,0,0,0,0,0,0,1,0.0,0.153013,0,0.0,0,207,1,4,0.6072,0.091,GREEN,37,Kolkata
CLM0051156,KOL_03894,Salt Lake,2022-11-20,11,0,1,1,0,0,0,0,0,0,0.0,0.328269,1,0.0,0,369,0,3,0.98,0.1169,GREEN,27,Kolkata
CLM0051157,KOL_04672,Tollygunge,2024-10-31,11,0,1,1,0,0,0,0,0,0,0.0,0.985022,0,0.0,0,173,2,6,0.3697,0.0,GREEN,37,Kolkata
CLM0051158,KOL_01350,Dum Dum,2024-05-21,18,0,0,0,0,0,1,0,1,0,0.0,0.966826,0,0.0,0,420,1,0,0.4325,0.3264,YELLOW,46,Kolkata
CLM0051159,KOL_09455,Sealdah,2024-01-23,16,0,0,0,0,0,0,0,0,0,0.0,0.160124,0,0.0,0,420,1,4,0.8877,0.0,GREEN,31,Kolkata
CLM0051160,KOL_03850,Behala,2025-08-04,7,0,1,1,0,0,0,0,1,0,0.0,0.142841,0,0.0,0,28,3,0,0.4252,0.1578,GREEN,48,Kolkata
CLM0051161,KOL_07916,New Town,2025-11-05,17,0,0,0,1,0,0,0,0,0,0.0,0.304741,0,0.0,0,172,0,2,0.8172,0.1728,GREEN,23,Kolkata
CLM0051162,KOL_05718,Esplanade,2024-09-05,9,0,0,0,0,0,0,0,0,0,0.0,0.121403,0,0.0,0,369,0,2,0.6984,0.0,GREEN,41,Kolkata
CLM0051163,KOL_02132,Garia,2024-01-26,10,0,0,0,0,0,0,0,0,0,0.0,0.330053,0,0.0,0,367,1,2,0.6863,0.0,GREEN,37,Kolkata
CLM0051164,KOL_02010,Garia,2025-01-02,17,0,0,0,0,0,0,0,0,0,0.0,1.0,0,0.0,0,420,0,0,0.98,0.0,GREEN,34,Kolkata
CLM0051165,KOL_07634,Salt Lake,2024-11-28,11,0,0,0,0,0,0,0,0,0,0.0,0.007222,0,0.0,0,231,0,0,0.8333,0.1051,GREEN,44,Kolkata
CLM0051166,KOL_07745,Garia,2024-08-19,7,0,0,0,0,0,0,0,0,0,0.0,0.255195,0,0.0,0,5,0,4,0.4985,0.0918,GREEN,40,Kolkata
CLM0051167,KOL_02598,Tollygunge,2024-09-13,10,0,0,0,0,0,0,0,0,0,0.0,0.276119,0,0.0,0,200,4,2,0.0974,0.0067,GREEN,47,Kolkata
CLM0051168,KOL_00132,Garia,2024-02-05,10,0,0,0,0,0,0,0,1,0,0.0,0.200957,0,0.0,0,307,2,2,0.98,0.0143,GREEN,23,Kolkata
CLM0051169,KOL_03138,Dum Dum,2025-07-11,13,0,0,0,0,0,0,0,0,0,0.0,0.209106,0,1.0,0,420,4,0,0.9582,0.0301,GREEN,52,Kolkata
CLM0051170,KOL_04344,Salt Lake,2024-10-12,20,0,0,0,0,0,0,0,0,0,0.0,0.097277,0,0.0,0,96,4,7,0.7556,0.0,GREEN,59,Kolkata
CLM0051171,KOL_07242,Esplanade,2024-01-15,11,0,0,0,0,0,0,0,0,0,0.0,0.0,1,0.0,0,280,2,0,0.7678,0.0478,GREEN,36,Kolkata
CLM0051172,KOL_02048,New Town,2025-06-05,8,0,0,0,0,0,0,0,0,0,0.0,0.153859,0,0.0,0,62,3,0,0.7249,0.0478,GREEN,21,Kolkata
CLM0051173,KOL_09563,Park Street,2024-01-26,15,0,0,0,0,0,0,1,0,0,0.0,0.220545,0,0.0,1,75,0,0,0.05,0.1494,GREEN,36,Kolkata
CLM0051174,KOL_07655,Park Street,2024-10-07,9,0,0,0,0,0,0,0,0,0,0.0,1.0,0,0.0,0,412,4,3,0.8749,0.0326,GREEN,40,Kolkata
CLM0051175,KOL_09193,Behala,2025-09-24,19,0,0,0,0,0,0,0,0,1,1.0,0.052479,0,0.0,0,378,2,2,0.2279,0.2286,GREEN,54,Kolkata
CLM0051176,KOL_02857,New Town,2024-08-17,8,0,0,0,0,0,0,0,0,1,0.0,0.000111,0,0.0,0,105,0,5,0.4603,0.3083,GREEN,41,Kolkata
CLM0051177,KOL_06258,Park Street,2020-04-25,14,0,0,0,0,0,0,0,0,0,0.0,0.286578,0,0.0,0,162,1,3,0.7155,0.0,GREEN,34,Kolkata
CLM0051178,KOL_05164,Garia,2021-11-17,12,0,0,0,0,0,0,0,0,0,0.0,0.175549,0,0.0,0,101,0,4,0.1302,0.07,GREEN,35,Kolkata
CLM0051179,KOL_05382,Howrah,2022-04-19,7,0,0,0,0,0,1,0,0,0,1.0,0.485553,0,0.0,0,420,2,0,0.5676,0.3315,YELLOW,18,Kolkata
CLM0051180,KOL_06518,Esplanade,2019-11-05,17,0,0,0,0,0,0,0,0,0,0.0,0.095109,0,0.0,0,361,1,1,0.6674,0.0204,GREEN,36,Kolkata
CLM0051181,KOL_08130,Esplanade,2024-10-22,19,0,0,0,0,0,0,0,1,0,0.0,0.030138,0,0.0,1,72,0,0,0.9202,0.161,GREEN,28,Kolkata
CLM0051182,KOL_01886,Sealdah,2025-04-23,17,0,0,0,0,0,1,0,0,0,0.0,0.341247,0,0.0,0,420,2,1,0.6824,0.0446,GREEN,35,Kolkata
CLM0051183,KOL_00331,Behala,2019-10-20,8,0,0,0,1,0,0,0,0,0,0.0,0.178205,0,0.0,0,182,2,3,0.4946,0.2054,GREEN,35,Kolkata
CLM0051184,KOL_08039,Garia,2025-09-24,14,0,0,0,0,0,0,0,0,1,0.0,0.0,0,0.0,0,150,0,0,0.8824,0.1585,GREEN,43,Kolkata
CLM0051185,KOL_03141,Garia,2023-07-01,12,0,0,0,0,0,0,0,0,0,0.0,0.372504,0,0.0,0,162,0,0,0.7893,0.0317,GREEN,47,Kolkata
CLM0051186,KOL_01311,Behala,2020-07-27,10,0,0,0,0,0,0,0,0,0,0.0,0.014491,0,0.0,0,52,4,2,0.5524,0.0029,GREEN,32,Kolkata
CLM0051187,KOL_00892,Garia,2025-09-06,15,0,0,0,0,0,0,0,0,0,0.0,0.321391,0,0.0,0,313,0,3,0.6066,0.0,GREEN,29,Kolkata
CLM0051188,KOL_04320,Esplanade,2020-02-22,9,0,0,0,0,0,0,0,0,0,0.0,0.343933,0,1.0,0,333,0,1,0.6176,0.0,GREEN,41,Kolkata
CLM0051189,KOL_00472,Park Street,2020-02-24,10,0,0,0,1,1,1,1,1,1,1.0,0.908152,0,0.0,1,6,1,18,0.8367,0.2878,GREEN,31,Kolkata
CLM0051190,KOL_07218,Park Street,2023-03-09,14,0,0,0,0,0,0,0,0,0,0.0,0.049422,0,0.0,0,73,3,6,0.7996,0.1693,GREEN,34,Kolkata
CLM0051191,KOL_07273,Salt Lake,2019-11-29,10,0,0,0,0,0,0,0,0,0,0.0,0.043289,0,0.0,0,218,4,6,0.5512,0.026,GREEN,18,Kolkata
CLM0051192,KOL_05495,Behala,2025-05-23,13,0,0,0,0,0,0,0,0,0,0.0,0.193148,0,0.0,0,420,2,4,0.6882,0.0,GREEN,18,Kolkata
CLM0051193,KOL_03352,Esplanade,2025-10-06,16,0,0,0,0,0,1,1,0,0,0.0,0.1292,0,0.0,0,420,0,4,0.5487,0.0695,GREEN,43,Kolkata
CLM0051194,KOL_03627,Dum Dum,2024-05-19,14,0,0,0,0,0,0,0,0,0,0.0,0.278231,0,0.0,0,316,3,4,0.98,0.0135,GREEN,41,Kolkata
CLM0051195,KOL_07318,Dum Dum,2021-01-16,18,0,0,0,0,0,0,0,0,0,0.0,0.147332,0,0.0,0,362,3,1,0.8162,0.0,GREEN,35,Kolkata
CLM0051196,KOL_01810,Behala,2024-02-05,12,0,0,0,0,0,0,0,1,0,0.0,0.91508,0,0.0,0,167,2,3,0.7861,0.1575,GREEN,51,Kolkata
CLM0051197,KOL_01502,Esplanade,2025-11-03,12,0,0,0,0,0,0,0,0,0,1.0,0.463077,0,0.0,0,420,4,1,0.2547,0.1127,GREEN,23,Kolkata
CLM0051198,KOL_04636,Park Street,2025-03-13,19,0,0,0,0,0,0,0,1,0,0.0,0.0,0,0.0,0,97,3,3,0.6753,0.1337,GREEN,46,Kolkata
CLM0051199,KOL_00699,Salt Lake,2023-05-19,13,0,0,0,0,0,0,0,0,0,0.0,0.007723,0,0.0,0,419,1,3,0.7961,0.0776,GREEN,50,Kolkata
CLM0051200,KOL_08409,New Town,2025-08-18,10,0,0,0,1,0,0,0,0,0,0.0,0.205487,0,0.0,0,146,2,5,0.2673,0.1766,GREEN,37,Kolkata
CLM0051201,KOL_05674,Tollygunge,2023-01-27,12,0,0,0,0,0,1,0,0,0,0.0,0.105479,0,0.0,0,227,1,5,0.6701,0.0501,GREEN,42,Kolkata
CLM0051202,KOL_07233,Behala,2025-11-10,9,0,0,0,0,0,0,0,0,0,0.0,0.193664,0,0.0,0,306,0,4,0.6022,0.0,GREEN,37,Kolkata
CLM0051203,KOL_05162,Sealdah,2025-07-27,17,0,0,0,0,0,0,0,0,0,0.0,0.333033,0,0.0,0,352,2,5,0.6852,0.0,GREEN,55,Kolkata
CLM0051204,KOL_02139,Dum Dum,2025-11-08,15,0,0,0,0,0,0,0,0,1,0.0,0.24438,0,0.0,0,259,1,6,0.8473,0.1466,GREEN,18,Kolkata
CLM0051205,KOL_07337,Salt Lake,2025-11-16,18,0,0,0,0,0,0,0,0,0,0.0,1.0,0,1.0,0,420,3,4,0.05,0.0387,GREEN,20,Kolkata
CLM0051206,KOL_01625,Behala,2017-04-18,11,0,1,1,1,0,0,0,0,1,1.0,0.104129,0,1.0,1,39,3,18,0.192,0.1072,GREEN,18,Kolkata
CLM0051207,KOL_06275,Dum Dum,2018-01-22,19,0,0,0,1,0,0,0,0,0,0.0,0.051029,0,0.0,0,420,4,3,0.6617,0.1943,GREEN,45,Kolkata
CLM0051208,KOL_04562,Howrah,2021-04-28,7,0,0,0,0,0,0,0,0,0,0.0,0.341367,0,0.0,0,420,3,0,0.6499,0.0396,GREEN,44,Kolkata
CLM0051209,KOL_05626,Howrah,2024-04-02,21,0,0,0,0,0,0,0,0,0,0.0,0.0,0,0.0,0,345,4,0,0.5749,0.0,GREEN,37,Kolkata
CLM0051210,KOL_05580,Garia,2022-02-14,20,0,0,0,0,0,0,0,0,0,0.0,0.094452,0,0.0,0,420,1,0,0.7435,0.0171,GREEN,41,Kolkata
CLM0051211,KOL_07070,New Town,2022-11-27,7,0,0,0,0,0,0,0,0,1,0.0,0.2478,0,0.0,0,36,4,0,0.98,0.3077,GREEN,48,Kolkata
CLM0051212,KOL_02393,Garia,2016-07-30,20,0,0,0,1,1,0,1,1,1,1.0,0.932149,0,0.0,0,5,0,16,0.1208,0.0,GREEN,32,Kolkata
CLM0051213,KOL_06998,Salt Lake,2018-05-02,21,0,0,0,0,0,0,0,0,0,0.0,0.117714,0,0.0,0,140,0,2,0.8623,0.1077,GREEN,34,Kolkata
CLM0051214,KOL_07972,Howrah,2025-01-31,7,0,0,0,0,0,1,0,1,0,0.0,0.382977,0,0.0,0,196,1,2,0.829,0.1435,GREEN,45,Kolkata
CLM0051215,KOL_03970,Sealdah,2025-10-22,12,0,0,0,0,0,0,1,0,0,0.0,0.228307,0,0.0,0,420,4,2,0.9674,0.0675,GREEN,25,Kolkata
CLM0051216,KOL_08619,Behala,2021-02-23,20,0,0,0,0,0,0,0,0,1,0.0,0.403849,1,1.0,0,386,4,4,0.6455,0.1779,GREEN,39,Kolkata
CLM0051217,KOL_02778,New Town,2024-12-08,9,0,0,0,0,0,0,0,0,0,0.0,0.102333,0,0.0,0,94,4,4,0.6132,0.0552,GREEN,30,Kolkata
CLM0051218,KOL_03322,Tollygunge,2024-12-09,19,0,0,0,0,0,0,0,0,0,0.0,0.297593,0,0.0,0,180,0,0,0.5309,0.1722,GREEN,46,Kolkata
CLM0051219,KOL_01740,Garia,2025-04-13,14,0,0,0,0,0,0,0,0,0,0.0,0.111001,0,0.0,0,175,2,1,0.05,0.0125,GREEN,53,Kolkata
CLM0051220,KOL_05203,Tollygunge,2024-05-08,9,0,0,0,1,0,0,0,0,0,0.0,0.331659,0,0.0,0,370,3,6,0.733,0.2544,GREEN,38,Kolkata
CLM0051221,KOL_02474,Sealdah,2025-10-04,14,0,0,0,0,0,0,0,0,0,0.0,0.253402,0,0.0,0,118,1,0,0.5059,0.049,GREEN,27,Kolkata
CLM0051222,KOL_07910,New Town,2025-08-27,21,0,0,0,0,0,0,0,1,0,0.0,0.338517,0,0.0,0,86,3,4,0.961,0.1931,GREEN,28,Kolkata
CLM0051223,KOL_08595,Behala,2024-10-25,11,0,0,0,0,0,0,1,0,0,0.0,0.35003,0,0.0,0,116,0,2,0.8446,0.1351,GREEN,35,Kolkata
CLM0051224,KOL_02061,Behala,2025-10-09,9,0,0,0,0,0,0,0,0,0,1.0,0.327882,0,0.0,0,420,0,3,0.2507,0.0385,GREEN,32,Kolkata
CLM0051225,KOL_04245,Garia,2020-09-25,15,0,1,1,1,1,1,1,1,1,1.0,0.184645,0,1.0,0,5,0,18,0.115,0.8331,RED,37,Kolkata
CLM0051226,KOL_03358,Howrah,2025-02-01,11,0,1,1,1,1,1,1,1,0,1.0,1.0,1,0.0,1,18,1,18,0.1755,0.8701,RED,32,Kolkata
CLM0051227,KOL_07571,Salt Lake,2021-11-02,14,0,1,1,1,0,1,0,0,1,1.0,1.0,0,0.0,1,38,0,18,0.1608,0.6525,RED,42,Kolkata
CLM0051228,KOL_00997,Sealdah,2021-04-03,15,0,1,1,1,1,1,1,0,1,0.0,0.181242,0,1.0,1,24,2,18,0.1459,0.8419,RED,30,Kolkata
CLM0051229,KOL_00050,Tollygunge,2024-08-08,13,0,1,1,0,0,0,1,1,1,0.0,0.218816,0,0.0,0,5,2,18,0.9691,0.4354,YELLOW,45,Kolkata
CLM0051230,KOL_04263,Esplanade,2023-11-27,17,0,1,1,0,0,1,1,1,0,0.0,0.879824,1,0.0,1,5,1,18,0.2645,0.6586,RED,34,Kolkata
CLM0051231,KOL_08670,Esplanade,2022-08-24,14,0,1,1,1,0,1,1,1,0,1.0,1.0,1,0.0,1,5,2,18,0.2104,0.6869,RED,33,Kolkata
CLM0051232,KOL_00995,Salt Lake,2024-02-13,16,0,1,1,1,0,1,0,1,1,0.0,0.294615,1,1.0,0,5,2,18,0.05,0.6963,RED,44,Kolkata
CLM0051233,KOL_07226,Salt Lake,2025-10-29,20,0,1,1,0,0,1,1,0,0,0.0,0.201808,0,0.0,0,420,1,5,0.7536,0.3479,YELLOW,24,Kolkata
CLM0051234,KOL_01107,Howrah,2021-01-03,14,0,1,1,1,1,1,0,0,0,0.0,0.38016,1,0.0,1,15,0,17,0.05,0.7078,RED,21,Kolkata
CLM0051235,KOL_04674,Garia,2020-01-06,13,0,1,1,1,1,0,1,0,0,0.0,0.087941,1,0.0,0,10,1,16,0.8895,0.4709,YELLOW,43,Kolkata
CLM0051236,KOL_03140,Tollygunge,2023-06-09,21,0,1,1,0,1,1,1,1,1,0.0,0.025329,0,0.0,1,5,0,13,0.8263,0.7167,RED,42,Kolkata
CLM0051237,KOL_05407,Garia,2024-06-21,13,0,0,0,0,0,0,0,0,0,0.0,0.132836,0,1.0,0,77,3,0,0.3299,0.0084,GREEN,42,Kolkata
CLM0051238,KOL_06031,Park Street,2025-05-06,17,0,0,0,0,0,0,0,0,0,0.0,0.088742,0,0.0,0,420,1,6,0.7865,0.0,GREEN,48,Kolkata
CLM0051239,KOL_04206,Tollygunge,2025-09-29,12,0,0,0,0,0,0,0,0,0,0.0,0.294698,0,0.0,0,359,0,2,0.98,0.0095,GREEN,45,Kolkata
CLM0051240,KOL_05805,Tollygunge,2025-01-13,8,0,1,1,0,0,0,0,0,0,0.0,0.302978,0,0.0,0,109,3,0,0.6518,0.0,GREEN,28,Kolkata
CLM0051241,KOL_08227,Dum Dum,2025-06-03,9,0,0,0,0,0,0,0,1,0,0.0,0.057559,0,0.0,0,106,2,0,0.6307,0.2108,GREEN,42,Kolkata
CLM0051242,KOL_03364,Behala,2025-02-23,17,0,0,0,0,1,1,0,0,0,0.0,0.133719,0,0.0,0,420,2,1,0.5013,0.0674,GREEN,57,Kolkata
CLM0051243,KOL_09201,Park Street,2025-04-12,18,0,0,0,0,0,0,0,0,0,0.0,0.085679,0,0.0,0,29,3,0,0.9229,0.0,GREEN,32,Kolkata
CLM0051244,KOL_01894,Sealdah,2025-10-15,17,0,0,0,0,0,0,0,0,0,0.0,0.0255,0,0.0,0,164,1,5,0.0993,0.0112,GREEN,18,Kolkata
CLM0051245,KOL_09055,Park Street,2017-12-18,10,0,0,0,1,0,0,0,0,0,0.0,0.950699,0,0.0,0,109,4,0,0.98,0.2445,GREEN,32,Kolkata
CLM0051246,KOL_00300,Howrah,2017-08-20,21,0,0,0,0,0,0,0,1,0,0.0,0.318061,0,0.0,0,189,3,1,0.98,0.1466,GREEN,44,Kolkata
CLM0051247,KOL_01419,Sealdah,2019-04-24,9,0,0,0,0,0,0,0,0,1,0.0,0.0,1,0.0,0,374,4,0,0.903,0.1381,GREEN,25,Kolkata
CLM0051248,KOL_08569,Esplanade,2020-05-13,11,0,0,0,1,0,0,0,0,0,0.0,0.417685,0,0.0,0,83,2,0,0.8145,0.1563,GREEN,31,Kolkata
CLM0051249,KOL_09663,Esplanade,2025-04-28,15,0,0,0,0,0,0,0,0,0,1.0,0.374353,0,0.0,0,196,3,0,0.2642,0.0487,GREEN,56,Kolkata
CLM0051250,KOL_03168,Sealdah,2019-07-16,7,0,0,0,0,0,0,0,0,0,0.0,0.173276,0,0.0,0,30,0,2,0.1008,0.0,GREEN,43,Kolkata
CLM0051251,KOL_01949,Howrah,2021-11-07,8,0,0,0,0,0,0,0,0,0,0.0,0.287101,0,0.0,0,144,3,0,0.1909,0.0,GREEN,47,Kolkata
CLM0051252,KOL_04892,Park Street,2019-05-24,11,0,0,0,0,0,0,0,1,0,0.0,0.167133,0,0.0,0,79,0,2,0.98,0.096,GREEN,46,Kolkata
CLM0051253,KOL_04854,Howrah,2025-11-18,8,0,0,0,0,1,0,0,0,0,0.0,0.117425,0,0.0,0,400,1,0,0.8321,0.1053,GREEN,22,Kolkata
CLM0051254,KOL_08795,Park Street,2025-05-03,17,0,0,0,0,0,1,0,0,0,0.0,0.304161,0,0.0,0,331,4,5,0.146,0.0349,GREEN,38,Kolkata
CLM0051255,KOL_07791,Sealdah,2024-08-06,10,0,0,0,0,0,0,0,0,0,0.0,1.0,0,0.0,0,249,4,3,0.7092,0.0,GREEN,28,Kolkata
CLM0051256,KOL_08520,Salt Lake,2024-08-11,17,0,0,0,0,0,0,0,0,0,0.0,1.0,0,1.0,0,79,1,1,0.3308,0.0,GREEN,57,Kolkata
CLM0051257,KOL_03572,Behala,2024-10-08,9,0,0,0,0,0,0,0,0,1,0.0,0.500189,0,0.0,0,134,0,3,0.4121,0.0866,GREEN,40,Kolkata
CLM0051258,KOL_09226,Park Street,2025-04-09,7,0,0,0,1,0,0,0,0,0,1.0,0.910602,0,1.0,0,88,4,6,0.9244,0.1002,GREEN,35,Kolkata
CLM0051259,KOL_05326,Esplanade,2025-12-25,7,0,0,0,0,0,0,0,1,0,0.0,0.124973,0,0.0,0,142,2,2,0.7074,0.0,GREEN,50,Kolkata
CLM0051260,KOL_03499,Tollygunge,2024-04-21,17,0,0,0,0,0,0,0,0,0,1.0,0.348337,0,0.0,0,354,2,6,0.6136,0.0571,GREEN,45,Kolkata
CLM0051261,KOL_02695,Garia,2024-10-24,18,0,0,0,0,0,0,0,0,0,0.0,1.0,0,0.0,0,67,4,0,0.7113,0.0,GREEN,57,Kolkata
CLM0051262,KOL_04584,Garia,2025-07-15,17,0,0,0,0,0,0,0,0,0,0.0,0.05564,1,0.0,0,420,4,3,0.0804,0.1403,GREEN,40,Kolkata
CLM0051263,KOL_01338,Garia,2023-07-19,10,0,0,0,1,0,0,0,0,0,0.0,0.001559,0,0.0,0,85,0,4,0.479,0.1388,GREEN,24,Kolkata
CLM0051264,KOL_08831,New Town,2024-02-19,20,0,0,0,0,0,0,0,0,0,0.0,0.059382,1,0.0,0,146,1,3,0.7378,0.0652,GREEN,33,Kolkata
CLM0051265,KOL_05720,Garia,2024-05-07,17,0,0,0,1,0,0,0,0,0,0.0,0.195783,0,0.0,0,420,1,3,0.6699,0.16,GREEN,29,Kolkata
CLM0051266,KOL_04285,Garia,2023-08-19,18,0,0,0,0,0,0,0,0,0,0.0,0.279573,0,0.0,0,256,4,2,0.6022,0.0062,GREEN,45,Kolkata
CLM0051267,KOL_04978,Salt Lake,2025-11-06,9,0,0,0,0,0,0,1,1,1,0.0,0.181711,0,0.0,0,420,2,4,0.6987,0.311,YELLOW,25,Kolkata
CLM0051268,KOL_01071,Sealdah,2023-01-17,14,0,0,0,0,0,0,0,0,0,0.0,1.0,0,0.0,0,132,3,0,0.6812,0.0,GREEN,25,Kolkata
CLM0051269,KOL_09770,New Town,2025-12-25,17,0,0,0,1,0,0,0,0,0,0.0,0.0,0,0.0,0,226,2,2,0.608,0.0806,GREEN,53,Kolkata
CLM0051270,KOL_04327,Dum Dum,2025-08-28,14,0,0,0,0,0,0,0,0,1,0.0,0.185237,0,0.0,0,33,4,7,0.05,0.1228,GREEN,43,Kolkata
CLM0051271,KOL_06032,Tollygunge,2024-01-04,18,0,0,0,1,0,1,0,0,0,0.0,0.450013,0,0.0,0,406,2,3,0.712,0.2369,GREEN,19,Kolkata
CLM0051272,KOL_00212,Garia,2025-05-04,11,0,0,0,0,1,0,0,0,0,0.0,0.163402,0,0.0,0,110,3,4,0.9068,0.2099,GREEN,42,Kolkata
CLM0051273,KOL_07977,Sealdah,2022-10-24,15,0,0,0,0,0,0,0,0,0,0.0,0.291774,0,0.0,0,70,1,4,0.0695,0.0834,GREEN,23,Kolkata
CLM0051274,KOL_08684,New Town,2022-06-01,20,0,0,0,1,1,0,1,1,1,1.0,0.423962,0,1.0,0,45,0,18,0.1073,0.0474,GREEN,33,Kolkata
CLM0051275,KOL_02626,Esplanade,2021-12-21,9,0,0,0,0,0,1,0,0,0,0.0,0.260589,0,0.0,0,420,1,4,0.8912,0.0,GREEN,34,Kolkata
CLM0051276,KOL_04364,Park Street,2025-11-14,14,0,0,0,0,0,0,0,0,0,0.0,0.341639,0,1.0,0,255,0,3,0.9755,0.0112,GREEN,22,Kolkata
CLM0051277,KOL_05651,Salt Lake,2024-12-14,14,0,0,0,0,0,0,0,1,0,0.0,0.380381,0,0.0,0,224,2,0,0.7393,0.0797,GREEN,27,Kolkata
CLM0051278,KOL_02018,New Town,2025-02-18,8,0,0,0,0,0,0,0,0,0,0.0,0.298026,0,0.0,0,420,1,0,0.9728,0.0,GREEN,45,Kolkata
CLM0051279,KOL_03846,Tollygunge,2025-11-20,11,0,0,0,0,0,0,0,0,0,0.0,0.160112,1,0.0,0,187,4,4,0.1777,0.0088,GREEN,38,Kolkata
CLM0051280,KOL_06656,Esplanade,2025-06-23,13,0,0,0,1,0,0,0,0,0,0.0,0.009763,0,0.0,0,70,0,0,0.8389,0.2478,GREEN,33,Kolkata
CLM0051281,KOL_05284,Garia,2024-05-03,14,0,0,0,0,0,0,0,0,0,0.0,0.025068,0,0.0,0,420,1,0,0.0636,0.0,GREEN,26,Kolkata
CLM0051282,KOL_05194,New Town,2021-01-16,17,0,0,0,0,0,0,0,0,0,1.0,0.0,0,0.0,0,88,3,1,0.9779,0.0797,GREEN,41,Kolkata
CLM0051283,KOL_03985,Salt Lake,2025-08-25,20,0,0,0,0,0,0,0,0,0,0.0,0.154998,0,0.0,0,256,2,0,0.9007,0.0,GREEN,40,Kolkata
CLM0051284,KOL_01991,Howrah,2021-08-19,20,0,0,0,0,0,0,0,0,0,0.0,0.024944,0,0.0,0,143,1,1,0.9373,0.0,GREEN,39,Kolkata
CLM0051285,KOL_01620,Garia,2024-02-01,9,0,0,0,0,0,0,1,0,0,0.0,0.13315,0,0.0,0,320,0,7,0.1438,0.0424,GREEN,22,Kolkata
CLM0051286,KOL_05212,Sealdah,2022-08-12,20,0,0,0,0,0,0,0,0,0,0.0,0.175608,0,0.0,0,419,3,0,0.7106,0.0222,GREEN,18,Kolkata
CLM0051287,KOL_03068,Park Street,2024-01-30,9,0,0,0,0,0,1,0,0,0,0.0,0.107522,0,0.0,0,110,3,4,0.1657,0.105,GREEN,33,Kolkata
CLM0051288,KOL_06294,Park Street,2021-03-04,20,0,0,0,0,0,0,0,0,0,0.0,0.231306,0,0.0,0,270,0,4,0.7241,0.0258,GREEN,52,Kolkata
CLM0051289,KOL_08056,Garia,2021-09-07,7,0,0,0,0,0,0,0,0,0,0.0,0.007331,0,0.0,0,278,1,2,0.6914,0.0,GREEN,34,Kolkata
CLM0051290,KOL_00526,Howrah,2017-10-11,8,0,0,0,0,0,0,0,0,0,0.0,0.16435,0,0.0,0,320,4,6,0.8313,0.0,GREEN,36,Kolkata
CLM0051291,KOL_02390,Dum Dum,2019-02-04,11,0,0,0,0,0,1,0,0,0,0.0,0.319742,0,0.0,0,331,3,3,0.6665,0.0401,GREEN,40,Kolkata
CLM0051292,KOL_01249,Tollygunge,2023-03-03,21,0,0,0,0,0,0,0,0,0,0.0,0.156927,0,0.0,0,205,4,0,0.7585,0.0934,GREEN,49,Kolkata
CLM0051293,KOL_08092,Howrah,2017-07-15,21,0,0,0,0,0,1,1,0,0,0.0,0.371271,0,0.0,0,405,0,1,0.7167,0.2407,GREEN,46,Kolkata
CLM0051294,KOL_00101,Salt Lake,2024-12-25,18,0,0,0,0,0,0,0,0,0,0.0,0.160755,0,0.0,0,63,3,6,0.7738,0.1155,GREEN,42,Kolkata
CLM0051295,KOL_01153,Salt Lake,2016-03-30,13,0,0,0,0,0,0,1,0,0,1.0,0.233654,0,0.0,0,215,1,0,0.98,0.1489,GREEN,35,Kolkata
CLM0051296,KOL_05660,Esplanade,2016-01-28,21,0,0,0,0,0,0,0,1,0,0.0,0.156597,0,0.0,0,88,0,4,0.98,0.0834,GREEN,37,Kolkata
CLM0051297,KOL_09284,Dum Dum,2025-08-21,7,0,0,0,0,0,0,0,1,0,0.0,0.265721,0,0.0,0,218,4,2,0.2505,0.1048,GREEN,41,Kolkata
CLM0051298,KOL_03072,Garia,2020-01-30,10,0,0,0,0,0,0,0,0,0,1.0,0.271864,0,0.0,0,369,4,2,0.6418,0.1152,GREEN,25,Kolkata
CLM0051299,KOL_05706,Salt Lake,2020-01-06,18,0,0,0,0,1,0,0,0,1,0.0,0.049968,0,0.0,1,86,1,1,0.5472,0.0243,GREEN,27,Kolkata
CLM0051300,KOL_05217,Park Street,2022-07-19,19,0,0,0,0,0,0,0,0,0,0.0,0.204796,0,0.0,0,313,0,0,0.4879,0.0017,GREEN,56,Kolkata
CLM0051301,KOL_08393,Salt Lake,2025-04-15,14,0,0,0,0,0,0,0,0,0,0.0,1.0,0,0.0,0,303,0,2,0.5788,0.0732,GREEN,54,Kolkata
CLM0051302,KOL_03139,Sealdah,2021-03-06,13,0,0,0,0,0,0,0,1,0,0.0,0.260762,0,0.0,0,420,3,3,0.7456,0.098,GREEN,23,Kolkata
CLM0051303,KOL_02203,Sealdah,2022-02-14,12,0,0,0,0,0,1,0,0,0,0.0,0.0,1,0.0,0,420,3,0,0.717,0.2013,GREEN,37,Kolkata
CLM0051304,KOL_01756,Salt Lake,2021-01-15,17,0,0,0,0,0,0,1,0,0,0.0,0.0,0,0.0,0,109,1,3,0.3737,0.1411,GREEN,49,Kolkata
CLM0051305,KOL_01168,Dum Dum,2020-06-20,19,0,0,0,0,0,0,0,0,0,1.0,0.271836,0,0.0,0,237,3,2,0.5991,0.0,GREEN,34,Kolkata
CLM0051306,KOL_05534,Howrah,2024-08-29,10,0,0,0,0,0,0,0,0,0,0.0,0.396695,0,0.0,0,142,1,2,0.98,0.0207,GREEN,39,Kolkata
CLM0051307,KOL_04330,New Town,2020-12-20,15,0,0,0,1,1,0,1,1,1,1.0,1.0,0,0.0,0,5,0,18,0.3226,0.3286,YELLOW,18,Kolkata
CLM0051308,KOL_06837,Park Street,2025-08-09,12,0,0,0,0,0,0,0,0,0,0.0,0.158935,0,1.0,0,177,1,3,0.7016,0.0,GREEN,31,Kolkata
CLM0051309,KOL_04568,Howrah,2024-12-31,7,0,0,0,0,0,0,0,0,0,0.0,0.478189,0,0.0,0,261,3,4,0.5794,0.0471,GREEN,54,Kolkata
CLM0051310,KOL_00104,Park Street,2025-05-08,21,0,0,0,0,0,0,0,0,0,0.0,0.353137,0,0.0,0,420,0,5,0.4262,0.0111,GREEN,20,Kolkata
CLM0051311,KOL_00249,Tollygunge,2025-03-05,18,0,1,1,0,0,0,0,1,0,0.0,0.350313,0,0.0,0,44,1,2,0.6627,0.1475,GREEN,27,Kolkata
CLM0051312,KOL_06140,Behala,2022-06-19,21,0,0,0,0,0,0,0,0,0,0.0,0.267459,0,0.0,0,5,2,2,0.8402,0.0,GREEN,43,Kolkata
CLM0051313,KOL_01568,Salt Lake,2024-07-18,20,0,0,0,0,0,0,0,0,0,0.0,0.144027,0,0.0,0,168,0,4,0.7048,0.0194,GREEN,20,Kolkata
CLM0051314,KOL_09688,Dum Dum,2022-07-05,8,0,0,0,0,0,0,1,0,0,0.0,0.342007,1,0.0,0,420,3,3,0.7989,0.1147,GREEN,42,Kolkata
CLM0051315,KOL_04011,Salt Lake,2024-05-06,17,0,0,0,0,0,0,0,0,0,0.0,0.252312,0,0.0,0,104,2,0,0.6183,0.0358,GREEN,35,Kolkata
CLM0051316,KOL_02589,Behala,2023-02-04,9,0,0,0,0,0,0,0,0,0,1.0,0.10295,0,1.0,0,405,4,1,0.5974,0.0634,GREEN,39,Kolkata
CLM0051317,KOL_01837,Dum Dum,2023-10-17,7,0,0,0,0,0,0,0,1,0,1.0,0.080638,0,0.0,0,420,0,0,0.9384,0.2862,GREEN,31,Kolkata
CLM0051318,KOL_09257,Behala,2025-08-28,17,0,0,0,0,0,0,0,0,0,0.0,0.393123,0,0.0,0,81,2,1,0.9017,0.0,GREEN,41,Kolkata
CLM0051319,KOL_09284,Dum Dum,2022-03-16,17,0,0,0,0,0,0,0,1,0,0.0,1.0,0,0.0,0,256,0,2,0.9001,0.1577,GREEN,41,Kolkata
CLM0051320,KOL_00392,Esplanade,2025-06-27,17,0,0,0,0,0,0,0,0,0,0.0,0.370675,0,0.0,0,420,2,6,0.7092,0.0,GREEN,24,Kolkata
CLM0051321,KOL_07686,New Town,2024-08-12,12,0,0,0,0,0,0,0,0,0,0.0,0.247772,0,0.0,0,111,2,2,0.9187,0.0,GREEN,28,Kolkata
CLM0051322,KOL_03151,New Town,2024-12-10,14,0,0,0,0,0,0,0,0,0,0.0,0.481151,0,0.0,0,124,3,4,0.6501,0.0594,GREEN,30,Kolkata
CLM0051323,KOL_00015,Tollygunge,2024-06-07,16,0,0,0,0,0,0,0,0,0,0.0,0.27866,0,1.0,0,420,4,0,0.2714,0.098,GREEN,45,Kolkata
CLM0051324,KOL_05840,Dum Dum,2025-01-25,14,0,0,0,0,0,0,0,0,0,0.0,0.095546,0,0.0,0,97,3,4,0.7677,0.0,GREEN,46,Kolkata
CLM0051325,KOL_06664,Garia,2024-09-21,12,0,0,0,0,0,1,1,0,0,0.0,0.176688,0,0.0,0,372,1,5,0.688,0.0374,GREEN,41,Kolkata
CLM0051326,KOL_06260,Dum Dum,2023-12-05,13,0,0,0,0,0,1,0,0,0,0.0,0.141468,0,0.0,0,5,1,0,0.05,0.1207,GREEN,47,Kolkata
CLM0051327,KOL_07677,Sealdah,2024-09-24,10,0,0,0,0,0,1,0,0,1,0.0,1.0,0,0.0,0,238,3,1,0.8442,0.1884,GREEN,23,Kolkata
CLM0051328,KOL_00335,Sealdah,2025-11-06,18,0,0,0,0,0,0,0,0,0,0.0,0.396161,0,0.0,0,411,1,4,0.5919,0.0,GREEN,58,Kolkata
CLM0051329,KOL_08315,New Town,2025-01-31,12,0,0,0,0,0,0,0,0,0,0.0,0.188077,0,1.0,0,364,3,0,0.9178,0.0679,GREEN,43,Kolkata
CLM0051330,KOL_07965,Behala,2025-05-25,21,0,0,0,0,0,0,0,0,1,0.0,0.015033,0,0.0,0,361,2,1,0.7489,0.168,GREEN,39,Kolkata
CLM0051331,KOL_03710,Dum Dum,2025-12-08,16,0,0,0,0,0,0,0,0,0,0.0,0.946439,1,0.0,0,420,2,2,0.5997,0.1397,GREEN,29,Kolkata
CLM0051332,KOL_01070,New Town,2025-01-14,14,0,0,0,0,0,0,0,0,0,0.0,0.0,0,0.0,0,344,3,0,0.7058,0.0,GREEN,39,Kolkata
CLM0051333,KOL_00455,Sealdah,2024-12-26,17,0,0,0,0,0,0,0,0,0,0.0,0.050743,1,0.0,0,420,1,0,0.9311,0.0194,GREEN,42,Kolkata
CLM0051334,KOL_03117,Garia,2025-11-17,7,0,0,0,0,0,0,1,0,1,0.0,0.991593,0,0.0,1,5,2,18,0.8239,0.0,GREEN,24,Kolkata
CLM0051335,KOL_06587,Esplanade,2025-02-20,14,0,0,0,0,0,0,0,0,0,0.0,0.0,0,0.0,0,392,2,5,0.9647,0.0,GREEN,32,Kolkata
CLM0051336,KOL_03376,Salt Lake,2024-11-09,19,0,0,0,0,0,0,0,1,0,0.0,0.045919,0,0.0,0,299,3,1,0.768,0.0672,GREEN,44,Kolkata
CLM0051337,KOL_04874,Tollygunge,2020-11-04,8,0,0,0,0,0,0,0,1,0,0.0,0.352198,0,0.0,0,420,1,1,0.8012,0.0705,GREEN,40,Kolkata
CLM0051338,KOL_00553,Tollygunge,2022-02-05,10,0,0,0,1,0,0,0,0,0,0.0,0.390606,0,0.0,0,105,2,0,0.5248,0.106,GREEN,33,Kolkata
CLM0051339,KOL_06853,Sealdah,2024-08-04,11,0,0,0,0,0,0,0,0,0,0.0,0.313848,0,1.0,0,351,2,3,0.7999,0.0222,GREEN,22,Kolkata
CLM0051340,KOL_04540,Howrah,2020-05-30,20,0,0,0,0,0,0,0,0,0,0.0,0.248143,0,0.0,0,265,2,4,0.6745,0.2016,GREEN,18,Kolkata
CLM0051341,KOL_07544,Salt Lake,2021-03-30,19,0,1,1,0,0,0,0,0,0,0.0,0.051627,0,0.0,0,340,4,2,0.6227,0.0,GREEN,52,Kolkata
CLM0051342,KOL_06194,Sealdah,2024-06-23,10,0,0,0,0,0,0,0,1,0,0.0,0.409636,0,0.0,0,171,2,2,0.8123,0.129,GREEN,31,Kolkata
CLM0051343,KOL_00634,Esplanade,2021-12-15,8,0,0,0,1,1,1,0,0,1,1.0,0.445584,0,0.0,1,5,1,18,0.7859,0.0209,GREEN,43,Kolkata
CLM0051344,KOL_05732,Tollygunge,2024-11-29,19,0,0,0,0,1,0,0,0,0,1.0,1.0,0,0.0,0,252,3,0,0.955,0.272,GREEN,54,Kolkata
CLM0051345,KOL_08850,Garia,2023-12-30,7,0,0,0,0,0,0,0,0,0,0.0,1.0,0,0.0,0,420,4,0,0.98,0.0054,GREEN,39,Kolkata
CLM0051346,KOL_03716,Esplanade,2021-06-30,11,0,0,0,0,0,1,0,0,0,0.0,0.217592,0,0.0,0,138,0,0,0.5788,0.1005,GREEN,42,Kolkata
CLM0051347,KOL_09703,Garia,2022-12-18,21,0,0,0,0,0,0,0,0,0,0.0,0.0,1,0.0,0,385,1,3,0.6677,0.2147,GREEN,26,Kolkata
CLM0051348,KOL_08666,Tollygunge,2024-08-16,15,0,0,0,0,0,0,0,0,0,0.0,0.003681,0,0.0,0,112,2,1,0.085,0.0,GREEN,37,Kolkata
CLM0051349,KOL_04109,Park Street,2021-01-30,15,0,0,0,0,0,0,0,0,0,0.0,0.106373,0,0.0,0,317,4,3,0.98,0.0,GREEN,37,Kolkata
CLM0051350,KOL_09072,Park Street,2021-09-20,20,0,0,0,0,0,0,0,0,0,0.0,0.098604,0,0.0,0,420,0,1,0.858,0.0,GREEN,36,Kolkata
CLM0051351,KOL_06756,Esplanade,2022-12-26,8,0,0,0,0,0,0,0,0,0,0.0,1.0,0,0.0,0,187,2,5,0.7184,0.0,GREEN,33,Kolkata
CLM0051352,KOL_07611,Sealdah,2021-12-22,10,0,0,0,0,0,1,0,0,0,0.0,0.920719,0,0.0,0,360,1,4,0.8783,0.0826,GREEN,29,Kolkata
CLM0051353,KOL_01082,Dum Dum,2022-12-21,9,0,0,0,0,0,0,0,1,0,0.0,0.067483,0,0.0,0,256,2,2,0.8752,0.1211,GREEN,54,Kolkata
CLM0051354,KOL_03310,Tollygunge,2025-10-01,16,0,0,0,0,0,0,0,0,0,0.0,0.095271,0,0.0,0,359,2,5,0.05,0.0656,GREEN,29,Kolkata
CLM0051355,KOL_04148,Behala,2024-11-12,20,0,0,0,0,0,1,0,0,0,1.0,0.042347,0,0.0,0,47,1,7,0.98,0.152,GREEN,35,Kolkata
CLM0051356,KOL_03409,Behala,2025-11-10,16,0,0,0,0,0,0,0,0,0,0.0,0.261964,0,0.0,0,420,4,0,0.8612,0.0,GREEN,27,Kolkata
CLM0051357,KOL_04020,Garia,2023-09-27,15,0,0,0,0,0,0,0,0,0,0.0,0.905221,0,0.0,0,330,3,0,0.9344,0.0,GREEN,39,Kolkata
CLM0051358,KOL_09556,Howrah,2023-10-11,20,0,0,0,0,0,0,0,0,0,0.0,0.319131,0,0.0,0,315,3,3,0.6669,0.0077,GREEN,27,Kolkata
CLM0051359,KOL_03653,Salt Lake,2021-10-21,7,0,0,0,0,0,0,0,1,0,0.0,0.001703,0,0.0,0,362,3,3,0.98,0.0487,GREEN,45,Kolkata
CLM0051360,KOL_06171,Dum Dum,2016-05-04,8,0,0,0,0,0,0,0,0,0,0.0,0.149354,0,0.0,0,420,3,2,0.5668,0.0,GREEN,43,Kolkata
CLM0051361,KOL_04134,Tollygunge,2024-02-13,14,0,0,0,0,0,0,0,0,0,0.0,0.285466,0,0.0,0,339,4,5,0.8268,0.03,GREEN,42,Kolkata
CLM0051362,KOL_06482,Park Street,2023-07-12,17,0,0,0,0,1,0,0,0,0,0.0,0.002904,0,0.0,1,130,0,3,0.7035,0.1403,GREEN,50,Kolkata
CLM0051363,KOL_09600,New Town,2016-05-06,7,0,0,0,0,0,0,0,0,0,0.0,0.169619,0,0.0,0,73,2,0,0.7893,0.0,GREEN,43,Kolkata
CLM0051364,KOL_01544,Salt Lake,2021-12-01,17,0,0,0,0,0,0,0,0,0,0.0,0.271951,0,0.0,0,48,0,2,0.8025,0.0,GREEN,30,Kolkata
CLM0051365,KOL_00617,Garia,2023-12-24,10,0,0,0,0,0,0,0,0,0,1.0,0.373665,0,0.0,1,52,4,0,0.6955,0.292,GREEN,28,Kolkata
CLM0051366,KOL_07901,Salt Lake,2022-09-06,21,0,0,0,0,0,0,0,0,0,1.0,0.196606,0,0.0,0,138,3,0,0.1157,0.0461,GREEN,28,Kolkata
CLM0051367,KOL_05026,Howrah,2025-10-14,8,0,0,0,0,0,0,1,0,0,0.0,0.382768,0,0.0,0,375,4,1,0.5162,0.124,GREEN,42,Kolkata
CLM0051368,KOL_01079,Dum Dum,2025-10-25,14,0,0,0,1,0,0,0,1,0,0.0,0.197551,0,1.0,0,420,0,5,0.783,0.2662,GREEN,36,Kolkata
CLM0051369,KOL_00754,Dum Dum,2023-06-30,11,0,0,0,0,0,0,0,0,0,0.0,0.183398,0,0.0,0,369,0,1,0.5842,0.0874,GREEN,32,Kolkata
CLM0051370,KOL_02849,Salt Lake,2024-03-05,8,0,0,0,0,0,0,0,0,0,0.0,0.148165,0,0.0,0,319,0,2,0.6566,0.0,GREEN,34,Kolkata
CLM0051371,KOL_09695,Dum Dum,2025-12-27,7,0,0,0,0,0,1,0,0,0,0.0,0.272327,0,0.0,0,420,4,0,0.7991,0.1538,GREEN,42,Kolkata
CLM0051372,KOL_02310,Sealdah,2023-03-13,12,0,0,0,0,0,0,0,1,0,0.0,0.129143,0,0.0,0,376,0,1,0.1631,0.0871,GREEN,41,Kolkata
CLM0051373,KOL_00191,Howrah,2020-10-05,10,0,0,0,0,0,1,0,0,0,0.0,0.227297,0,0.0,1,64,0,1,0.0614,0.2057,GREEN,47,Kolkata
CLM0051374,KOL_01012,Salt Lake,2022-05-24,8,0,0,0,0,0,0,0,0,0,1.0,1.0,0,1.0,0,136,3,5,0.7486,0.1189,GREEN,40,Kolkata
CLM0051375,KOL_05334,Garia,2024-02-09,15,0,0,0,0,0,0,0,1,0,0.0,0.351724,0,0.0,0,212,0,0,0.7987,0.1139,GREEN,44,Kolkata
CLM0051376,KOL_00085,Esplanade,2024-05-28,19,0,0,0,0,0,0,0,0,0,0.0,0.322409,0,0.0,0,122,4,0,0.9045,0.0717,GREEN,34,Kolkata
CLM0051377,KOL_03228,Sealdah,2024-02-29,17,0,0,0,0,0,0,0,0,0,0.0,0.372132,0,0.0,0,338,4,5,0.98,0.0564,GREEN,32,Kolkata
CLM0051378,KOL_05703,Sealdah,2023-06-09,11,0,0,0,0,0,0,0,0,1,0.0,0.101758,0,0.0,0,250,1,0,0.9606,0.0633,GREEN,50,Kolkata
CLM0051379,KOL_07066,New Town,2025-09-10,21,0,0,0,0,0,0,0,0,0,0.0,0.44072,0,0.0,0,420,1,0,0.1396,0.0205,GREEN,21,Kolkata
CLM0051380,KOL_08383,Garia,2023-12-06,16,0,0,0,0,0,0,0,0,0,0.0,0.359566,0,0.0,0,168,4,2,0.7878,0.0,GREEN,18,Kolkata
CLM0051381,KOL_06158,Sealdah,2018-11-04,20,0,0,0,1,1,0,1,1,0,0.0,0.95152,1,0.0,1,5,2,18,0.05,0.0155,GREEN,25,Kolkata
CLM0051382,KOL_06681,Esplanade,2021-11-03,8,0,0,0,0,0,0,0,0,0,0.0,0.295761,0,0.0,0,261,1,2,0.6053,0.0,GREEN,18,Kolkata
CLM0051383,KOL_08542,Sealdah,2020-02-24,14,0,0,0,0,0,0,0,0,0,1.0,0.134099,0,0.0,0,304,3,0,0.8449,0.0192,GREEN,18,Kolkata
CLM0051384,KOL_04763,Tollygunge,2024-12-06,16,0,0,0,0,0,0,0,0,0,1.0,0.315611,0,0.0,0,300,0,2,0.7643,0.1029,GREEN,40,Kolkata
CLM0051385,KOL_03842,Tollygunge,2020-05-21,21,0,0,0,0,0,0,0,0,0,0.0,0.201281,0,0.0,0,53,3,3,0.8009,0.0363,GREEN,36,Kolkata
CLM0051386,KOL_06977,Behala,2019-12-14,20,0,0,0,0,0,0,0,0,0,0.0,0.342288,0,0.0,0,139,2,0,0.6844,0.0821,GREEN,24,Kolkata
CLM0051387,KOL_05001,Garia,2023-07-08,14,0,0,0,1,1,0,0,0,0,0.0,0.08996,0,0.0,0,337,4,3,0.7954,0.3219,YELLOW,41,Kolkata
CLM0051388,KOL_06573,Garia,2025-02-20,10,0,0,0,0,0,0,0,0,0,0.0,0.997023,0,0.0,0,48,2,0,0.7574,0.0,GREEN,38,Kolkata
CLM0051389,KOL_07614,Behala,2023-10-20,8,0,0,0,0,0,0,1,0,0,0.0,0.949023,0,0.0,0,368,3,3,0.98,0.0377,GREEN,37,Kolkata
CLM0051390,KOL_03364,Behala,2023-03-13,16,0,1,1,0,0,0,0,0,0,0.0,1.0,0,0.0,0,53,0,0,0.05,0.0053,GREEN,57,Kolkata
CLM0051391,KOL_01576,Park Street,2025-10-29,17,0,0,0,0,0,0,1,0,0,0.0,0.098902,0,0.0,0,77,1,3,0.4563,0.0612,GREEN,24,Kolkata
CLM0051392,KOL_02468,Garia,2023-02-22,16,0,0,0,0,0,0,0,0,0,0.0,0.273007,0,0.0,0,75,1,6,0.2009,0.0042,GREEN,48,Kolkata
CLM0051393,KOL_02588,New Town,2024-07-30,16,0,0,0,0,0,0,0,0,0,0.0,0.0,0,0.0,0,391,0,0,0.98,0.0,GREEN,22,Kolkata
CLM0051394,KOL_06532,Garia,2025-06-23,7,0,0,0,0,0,0,0,0,0,1.0,0.105373,0,0.0,0,97,4,4,0.938,0.0708,GREEN,35,Kolkata
CLM0051395,KOL_06703,Howrah,2017-07-12,21,0,0,0,0,0,0,0,0,0,0.0,0.132483,0,0.0,0,180,1,7,0.7518,0.0,GREEN,37,Kolkata
CLM0051396,KOL_01326,Salt Lake,2023-09-04,16,0,0,0,0,0,0,0,0,0,0.0,0.135055,0,0.0,0,409,3,4,0.9347,0.0,GREEN,31,Kolkata
CLM0051397,KOL_07215,Dum Dum,2021-02-05,8,0,0,0,0,0,0,0,0,0,0.0,0.200792,0,0.0,0,401,4,1,0.98,0.069,GREEN,38,Kolkata
CLM0051398,KOL_08287,Esplanade,2017-04-25,16,0,0,0,0,0,0,0,0,0,0.0,0.315592,1,0.0,0,420,0,5,0.9071,0.0631,GREEN,22,Kolkata
CLM0051399,KOL_04338,Howrah,2022-04-06,20,0,0,0,0,0,0,0,0,0,0.0,1.0,0,0.0,0,420,4,5,0.3357,0.0,GREEN,37,Kolkata
CLM0051400,KOL_05815,Howrah,2025-12-14,11,0,0,0,0,0,0,0,0,1,1.0,0.068581,0,0.0,0,89,3,3,0.789,0.1963,GREEN,31,Kolkata
CLM0051401,KOL_08421,Esplanade,2018-04-25,8,0,0,0,0,0,0,0,0,0,0.0,1.0,0,0.0,0,90,4,4,0.1544,0.0014,GREEN,37,Kolkata
CLM0051402,KOL_02234,Garia,2016-09-23,18,0,0,0,0,0,0,0,0,0,0.0,0.38926,0,0.0,0,420,1,2,0.5904,0.0,GREEN,27,Kolkata
CLM0051403,KOL_03478,Howrah,2019-03-25,16,0,0,0,0,0,0,0,0,0,1.0,0.139507,0,0.0,0,415,1,0,0.8538,0.0907,GREEN,31,Kolkata
CLM0051404,KOL_08046,Sealdah,2023-10-18,11,0,0,0,0,0,0,1,0,0,0.0,0.309617,0,0.0,0,175,2,1,0.9145,0.0871,GREEN,18,Kolkata
CLM0051405,KOL_06336,Tollygunge,2023-10-09,10,0,0,0,0,0,1,0,0,0,0.0,0.269073,0,0.0,0,420,2,0,0.6331,0.017,GREEN,19,Kolkata
CLM0051406,KOL_07740,Park Street,2017-05-23,9,0,0,0,0,0,0,0,0,0,0.0,0.234711,0,0.0,1,224,2,4,0.8552,0.0472,GREEN,32,Kolkata
CLM0051407,KOL_04025,Park Street,2021-08-04,14,0,0,0,0,0,0,0,0,0,0.0,0.0,0,0.0,0,244,4,0,0.98,0.0574,GREEN,28,Kolkata
CLM0051408,KOL_05701,Garia,2021-01-21,8,0,0,0,0,0,0,0,0,0,0.0,0.34625,0,0.0,0,420,2,2,0.4684,0.0302,GREEN,37,Kolkata
CLM0051409,KOL_02639,Behala,2017-01-26,21,0,0,0,0,0,0,0,0,0,0.0,0.2947,0,0.0,0,165,2,1,0.1139,0.0336,GREEN,24,Kolkata
CLM0051410,KOL_06823,New Town,2021-11-27,11,0,0,0,0,0,1,0,0,0,0.0,0.0,0,0.0,0,420,4,4,0.6274,0.2386,GREEN,36,Kolkata
CLM0051411,KOL_00360,New Town,2019-06-14,15,0,0,0,0,0,0,0,0,0,0.0,0.112866,0,0.0,1,299,2,0,0.5078,0.0089,GREEN,24,Kolkata
CLM0051412,KOL_04457,New Town,2024-09-15,7,0,0,0,0,0,0,0,0,0,0.0,0.253611,0,0.0,0,420,3,5,0.6515,0.0,GREEN,32,Kolkata
CLM0051413,KOL_04591,Tollygunge,2025-12-18,16,0,0,0,0,0,0,0,0,0,0.0,0.158861,0,0.0,0,72,1,4,0.7915,0.0,GREEN,34,Kolkata
CLM0051414,KOL_03401,Garia,2025-11-19,10,0,0,0,0,0,0,0,0,0,1.0,0.407447,0,0.0,0,346,0,4,0.8868,0.1842,GREEN,42,Kolkata
CLM0051415,KOL_06239,Garia,2025-06-26,19,0,0,0,0,0,1,0,1,0,0.0,1.0,0,0.0,0,324,1,4,0.6897,0.215,GREEN,35,Kolkata
CLM0051416,KOL_09298,New Town,2025-04-18,21,0,0,0,0,1,0,0,0,0,0.0,0.465052,1,0.0,0,158,3,5,0.8512,0.0,GREEN,30,Kolkata
CLM0051417,KOL_01908,Dum Dum,2023-07-22,9,0,0,0,0,0,0,0,0,0,0.0,1.0,0,0.0,0,49,0,4,0.6611,0.0,GREEN,32,Kolkata
CLM0051418,KOL_08933,Dum Dum,2025-10-12,20,0,0,0,0,0,0,0,0,1,0.0,0.270336,0,0.0,0,330,4,8,0.4596,0.0677,GREEN,42,Kolkata
CLM0051419,KOL_00042,Dum Dum,2021-06-30,20,0,0,0,0,0,0,0,0,0,0.0,0.450079,0,0.0,0,73,1,2,0.6273,0.0,GREEN,25,Kolkata
CLM0051420,KOL_05282,Sealdah,2023-02-08,10,0,0,0,0,0,0,0,0,0,0.0,0.218675,0,0.0,0,61,4,1,0.7973,0.02,GREEN,18,Kolkata
CLM0051421,KOL_05225,Behala,2017-05-21,11,0,1,1,0,0,0,0,0,0,0.0,0.352443,0,0.0,0,222,1,4,0.98,0.0,GREEN,33,Kolkata
CLM0051422,KOL_06352,Park Street,2016-01-19,16,0,0,0,0,0,0,0,1,0,0.0,0.849714,0,0.0,0,389,3,2,0.8448,0.0118,GREEN,29,Kolkata
CLM0051423,KOL_03570,Park Street,2019-10-31,16,0,0,0,0,0,0,0,0,0,1.0,1.0,0,0.0,0,361,0,3,0.6737,0.1438,GREEN,33,Kolkata
CLM0051424,KOL_02661,Esplanade,2021-10-15,11,0,0,0,0,0,0,0,0,0,0.0,0.149401,0,0.0,0,142,4,0,0.4493,0.1044,GREEN,34,Kolkata
CLM0051425,KOL_01984,Park Street,2023-01-09,21,0,0,0,0,0,0,0,0,0,0.0,0.196389,0,0.0,0,197,3,2,0.6972,0.0,GREEN,38,Kolkata
CLM0051426,KOL_07052,Dum Dum,2020-01-18,9,0,0,0,0,0,0,0,0,0,0.0,0.248916,0,0.0,0,398,1,2,0.8726,0.0461,GREEN,33,Kolkata
CLM0051427,KOL_09406,Salt Lake,2022-06-19,19,0,0,0,0,0,0,0,0,0,0.0,0.325705,0,0.0,0,66,2,5,0.5592,0.0467,GREEN,43,Kolkata
CLM0051428,KOL_05004,Tollygunge,2022-08-30,21,0,0,0,0,0,0,0,0,1,0.0,0.343234,0,0.0,0,123,0,2,0.0898,0.0457,GREEN,33,Kolkata
CLM0051429,KOL_02580,Howrah,2016-09-24,8,0,0,0,0,0,0,0,0,0,0.0,0.178057,0,0.0,1,306,3,5,0.8642,0.1047,GREEN,50,Kolkata
CLM0051430,KOL_05203,Tollygunge,2019-01-21,17,0,0,0,0,0,0,0,0,0,0.0,0.157688,0,0.0,0,313,4,4,0.7114,0.0,GREEN,38,Kolkata
CLM0051431,KOL_05891,Howrah,2020-12-29,12,0,0,0,0,0,0,0,0,0,0.0,0.008263,0,0.0,0,169,2,0,0.8843,0.0,GREEN,31,Kolkata
CLM0051432,KOL_07570,Garia,2024-06-15,19,0,0,0,0,0,0,0,0,0,1.0,0.947068,0,0.0,0,104,1,1,0.7314,0.0878,GREEN,29,Kolkata
CLM0051433,KOL_07863,Salt Lake,2018-03-10,18,0,0,0,0,0,0,0,0,0,0.0,1.0,0,0.0,0,406,1,0,0.98,0.0229,GREEN,40,Kolkata
CLM0051434,KOL_04284,New Town,2021-04-25,20,0,0,0,0,0,0,0,0,1,0.0,0.26237,0,1.0,0,48,2,4,0.98,0.1233,GREEN,46,Kolkata
CLM0051435,KOL_00877,Esplanade,2016-09-07,10,0,0,0,0,0,0,0,0,0,0.0,0.216958,0,0.0,0,420,2,4,0.0896,0.0,GREEN,62,Kolkata
CLM0051436,KOL_05292,Tollygunge,2019-05-24,17,0,0,0,0,1,0,0,0,0,0.0,0.054518,0,0.0,0,340,3,2,0.05,0.1309,GREEN,44,Kolkata
CLM0051437,KOL_03461,Sealdah,2022-06-23,14,0,0,0,0,0,0,1,1,0,0.0,0.100736,0,0.0,0,202,4,3,0.0744,0.2406,GREEN,33,Kolkata
CLM0051438,KOL_04029,Esplanade,2022-06-18,14,0,0,0,0,0,0,0,0,0,0.0,0.078688,1,0.0,1,420,1,7,0.7139,0.1437,GREEN,18,Kolkata
CLM0051439,KOL_08831,New Town,2020-03-15,18,0,0,0,0,0,0,0,1,0,0.0,0.307682,0,0.0,0,158,4,1,0.4181,0.0784,GREEN,33,Kolkata
CLM0051440,KOL_03831,Behala,2020-07-24,13,0,0,0,1,0,0,1,0,0,0.0,0.428413,0,0.0,0,188,4,0,0.8042,0.2282,GREEN,43,Kolkata
CLM0051441,KOL_01679,Esplanade,2024-12-14,9,0,0,0,0,0,0,0,1,0,0.0,0.276339,0,0.0,0,15,0,0,0.9578,0.0751,GREEN,55,Kolkata
CLM0051442,KOL_06389,New Town,2018-08-25,17,0,0,0,0,0,0,0,0,0,1.0,0.30614,0,0.0,0,384,4,2,0.6496,0.0868,GREEN,39,Kolkata
CLM0051443,KOL_04018,Garia,2018-09-29,11,0,0,0,0,0,0,0,0,0,0.0,0.274752,0,1.0,0,124,3,1,0.4412,0.0513,GREEN,45,Kolkata
CLM0051444,KOL_09177,Howrah,2023-03-24,8,0,0,0,0,0,0,1,0,0,0.0,0.053062,0,0.0,0,142,1,3,0.8299,0.0189,GREEN,42,Kolkata
CLM0051445,KOL_07440,Park Street,2021-08-09,16,0,0,0,1,0,0,0,0,0,0.0,0.023711,0,0.0,0,94,4,2,0.9584,0.1156,GREEN,38,Kolkata
CLM0051446,KOL_09413,Howrah,2020-02-19,17,0,0,0,0,0,0,0,1,0,0.0,0.996614,0,0.0,0,13,1,0,0.7515,0.0685,GREEN,23,Kolkata
CLM0051447,KOL_04213,Dum Dum,2022-06-25,9,0,0,0,0,0,0,0,0,0,0.0,0.445548,0,0.0,0,420,2,2,0.1844,0.0,GREEN,32,Kolkata
CLM0051448,KOL_08247,Behala,2024-12-07,20,0,0,0,0,0,0,0,0,0,0.0,0.0,0,0.0,0,420,2,1,0.887,0.0,GREEN,34,Kolkata
CLM0051449,KOL_05940,New Town,2022-06-07,9,0,0,0,0,0,0,0,0,0,0.0,0.226883,0,0.0,0,381,1,0,0.707,0.0265,GREEN,60,Kolkata
CLM0051450,KOL_03098,Sealdah,2024-12-18,17,0,0,0,0,0,0,0,0,0,1.0,0.950044,0,1.0,0,360,3,1,0.5833,0.0607,GREEN,36,Kolkata
CLM0051451,KOL_07224,Behala,2021-08-04,17,0,0,0,0,0,0,0,0,0,0.0,0.984193,0,0.0,0,89,2,2,0.1076,0.0664,GREEN,45,Kolkata
CLM0051452,KOL_08975,Dum Dum,2024-01-20,10,0,0,0,0,0,0,0,1,0,0.0,0.08155,0,0.0,0,112,1,3,0.7714,0.1181,GREEN,28,Kolkata
CLM0051453,KOL_00396,Dum Dum,2023-10-11,21,0,0,0,0,0,0,0,0,0,0.0,1.0,1,0.0,0,420,4,0,0.6405,0.0755,GREEN,39,Kolkata
CLM0051454,KOL_02832,Salt Lake,2025-08-24,19,0,0,0,0,0,0,1,0,1,0.0,0.149668,0,0.0,0,277,3,2,0.7157,0.2293,GREEN,49,Kolkata
CLM0051455,KOL_09273,Dum Dum,2025-06-24,10,0,0,0,1,0,0,1,1,1,1.0,0.391098,1,1.0,1,10,4,18,0.1913,0.1679,GREEN,44,Kolkata
CLM0051456,KOL_01313,Salt Lake,2022-02-02,11,0,0,0,0,0,0,0,0,0,0.0,0.26161,0,0.0,0,298,0,0,0.8915,0.0041,GREEN,45,Kolkata
CLM0051457,KOL_05757,Dum Dum,2024-04-11,10,0,0,0,1,0,0,1,1,0,0.0,0.142052,0,1.0,0,5,4,18,0.4496,0.0,GREEN,18,Kolkata
CLM0051458,KOL_05568,Esplanade,2024-05-27,21,0,0,0,0,0,0,0,0,0,0.0,0.201383,0,0.0,0,254,1,0,0.8296,0.0,GREEN,36,Kolkata
CLM0051459,KOL_04779,Howrah,2022-11-19,15,0,0,0,0,0,0,0,0,0,1.0,0.148171,0,0.0,0,414,0,5,0.5305,0.2121,GREEN,18,Kolkata
CLM0051460,KOL_07530,Howrah,2023-10-02,17,0,0,0,1,0,0,1,1,0,1.0,1.0,0,1.0,0,256,2,0,0.7863,0.28,GREEN,29,Kolkata
CLM0051461,KOL_01954,Garia,2021-05-11,17,0,0,0,0,0,0,0,0,0,0.0,0.306126,1,0.0,0,216,4,0,0.5283,0.0129,GREEN,28,Kolkata
CLM0051462,KOL_03490,Park Street,2019-04-03,21,0,0,0,0,0,1,0,0,0,0.0,0.236609,0,0.0,0,420,2,1,0.7036,0.1155,GREEN,53,Kolkata
CLM0051463,KOL_01414,Sealdah,2023-07-19,12,0,0,0,0,1,0,0,0,0,0.0,0.249054,0,0.0,0,181,2,5,0.7707,0.1487,GREEN,39,Kolkata
CLM0051464,KOL_03950,Park Street,2020-02-12,10,0,0,0,0,0,0,0,0,0,0.0,0.367387,0,0.0,0,75,1,0,0.6718,0.0457,GREEN,43,Kolkata
CLM0051465,KOL_06046,Dum Dum,2023-12-10,11,0,0,0,0,0,0,0,0,0,0.0,0.277742,0,0.0,0,420,2,2,0.5088,0.0,GREEN,39,Kolkata
CLM0051466,KOL_09398,Dum Dum,2025-06-09,19,0,0,0,0,0,0,0,0,0,0.0,0.122571,0,0.0,1,268,0,8,0.98,0.0837,GREEN,25,Kolkata
CLM0051467,KOL_01096,Dum Dum,2021-02-09,15,0,0,0,0,0,0,0,0,0,0.0,0.966991,0,0.0,0,329,1,5,0.4269,0.0522,GREEN,28,Kolkata
CLM0051468,KOL_00924,Garia,2023-08-07,14,0,0,0,0,0,0,0,0,0,1.0,0.95664,0,1.0,0,185,4,2,0.98,0.0,GREEN,50,Kolkata
CLM0051469,KOL_01689,Park Street,2024-08-02,21,0,0,0,0,0,0,0,0,0,0.0,0.387009,0,0.0,0,249,3,3,0.2094,0.0,GREEN,18,Kolkata
CLM0051470,KOL_02445,Park Street,2023-09-02,11,0,0,0,0,0,0,1,0,0,0.0,0.082668,0,0.0,0,420,0,0,0.828,0.1257,GREEN,54,Kolkata
CLM0051471,KOL_08501,Dum Dum,2024-04-07,7,0,0,0,0,0,0,0,0,0,0.0,0.000627,0,0.0,0,190,3,5,0.6459,0.0092,GREEN,21,Kolkata
CLM0051472,KOL_07517,Behala,2022-08-12,12,0,0,0,0,0,0,0,0,0,0.0,0.297508,0,0.0,0,5,0,2,0.7826,0.0,GREEN,20,Kolkata
CLM0051473,KOL_04648,Dum Dum,2025-02-13,10,0,1,1,0,0,0,0,0,0,0.0,0.02046,0,0.0,0,420,0,0,0.8522,0.0,GREEN,38,Kolkata
CLM0051474,KOL_06815,Howrah,2025-11-27,10,0,1,1,0,0,0,0,0,0,0.0,0.076688,0,0.0,0,226,2,0,0.1941,0.0408,GREEN,37,Kolkata
CLM0051475,KOL_09493,Tollygunge,2024-03-07,14,0,0,0,0,0,0,0,0,0,0.0,0.353788,0,0.0,0,188,2,2,0.882,0.0,GREEN,29,Kolkata
CLM0051476,KOL_08737,Tollygunge,2024-09-08,12,0,0,0,0,0,0,0,1,0,0.0,0.174195,0,0.0,0,420,1,1,0.5934,0.0801,GREEN,33,Kolkata
CLM0051477,KOL_08980,Howrah,2025-05-09,16,0,0,0,0,0,0,0,0,0,0.0,0.338313,0,0.0,0,146,4,3,0.05,0.0,GREEN,44,Kolkata
CLM0051478,KOL_03736,Tollygunge,2022-09-23,15,0,1,1,0,0,0,0,0,0,0.0,0.159143,0,0.0,0,99,2,1,0.88,0.0,GREEN,41,Kolkata
CLM0051479,KOL_09375,Salt Lake,2025-03-25,11,0,0,0,0,0,0,0,0,0,1.0,0.331198,0,0.0,0,378,0,0,0.062,0.0486,GREEN,35,Kolkata
CLM0051480,KOL_08882,Park Street,2025-02-13,14,0,0,0,0,0,0,1,0,0,0.0,0.429242,0,0.0,0,420,2,2,0.98,0.0756,GREEN,28,Kolkata
CLM0051481,KOL_09863,Salt Lake,2023-01-23,19,0,0,0,0,0,0,0,0,0,0.0,0.093255,1,0.0,0,308,0,3,0.6814,0.0011,GREEN,48,Kolkata
CLM0051482,KOL_04733,New Town,2023-01-06,21,0,0,0,0,0,0,0,0,0,0.0,0.0,0,0.0,0,199,0,1,0.8314,0.0015,GREEN,24,Kolkata
CLM0051483,KOL_07311,Dum Dum,2025-05-22,8,0,0,0,1,0,0,1,0,0,0.0,1.0,0,0.0,0,262,0,3,0.98,0.198,GREEN,31,Kolkata
CLM0051484,KOL_07160,Behala,2025-06-26,8,0,0,0,0,0,0,0,0,0,1.0,0.292155,0,0.0,0,361,0,4,0.8589,0.0269,GREEN,44,Kolkata
CLM0051485,KOL_05035,Dum Dum,2022-10-15,18,0,0,0,0,0,0,0,0,0,0.0,0.122238,0,0.0,0,307,1,0,0.7996,0.1026,GREEN,38,Kolkata
CLM0051486,KOL_06712,Dum Dum,2023-08-30,17,0,0,0,0,0,0,0,0,0,0.0,0.163136,0,0.0,0,203,4,3,0.7363,0.064,GREEN,35,Kolkata
CLM0051487,KOL_08866,Howrah,2023-01-30,12,0,0,0,0,0,0,0,1,0,0.0,0.138862,0,0.0,0,215,4,4,0.98,0.0948,GREEN,30,Kolkata
CLM0051488,KOL_06034,Esplanade,2022-05-19,7,0,0,0,0,0,1,0,0,0,0.0,0.40031,0,0.0,0,335,3,5,0.6684,0.0443,GREEN,41,Kolkata
CLM0051489,KOL_01058,Behala,2024-06-11,12,0,0,0,0,0,0,0,0,0,0.0,0.180473,0,0.0,0,30,2,1,0.8995,0.0,GREEN,25,Kolkata
CLM0051490,KOL_00779,Garia,2025-08-20,21,0,0,0,0,1,1,1,1,1,1.0,0.9943,0,1.0,1,12,2,18,0.05,0.0019,GREEN,35,Kolkata
CLM0051491,KOL_07704,Salt Lake,2024-11-20,21,0,1,1,0,0,0,0,0,0,0.0,0.456348,0,0.0,0,303,0,2,0.5813,0.1505,GREEN,52,Kolkata
CLM0051492,KOL_06341,Park Street,2025-09-17,20,0,0,0,0,0,0,0,0,0,0.0,0.116165,0,0.0,0,420,2,5,0.801,0.0583,GREEN,32,Kolkata
CLM0051493,KOL_09460,Garia,2021-11-08,8,0,0,0,0,0,0,0,0,0,0.0,0.275616,0,0.0,0,192,1,0,0.1992,0.0,GREEN,30,Kolkata
CLM0051494,KOL_00498,Esplanade,2024-06-14,12,0,0,0,0,0,0,0,0,0,1.0,0.042,1,0.0,0,98,3,4,0.5824,0.0801,GREEN,36,Kolkata
CLM0051495,KOL_06940,Sealdah,2023-09-20,9,0,0,0,0,0,0,0,0,0,0.0,0.153519,0,0.0,0,196,1,5,0.5338,0.0281,GREEN,61,Kolkata
CLM0051496,KOL_03905,Park Street,2021-07-26,11,0,0,0,0,0,0,0,0,0,0.0,0.0,0,0.0,0,141,2,1,0.4741,0.0,GREEN,37,Kolkata
CLM0051497,KOL_06010,New Town,2021-05-08,16,0,0,0,0,0,0,0,1,0,0.0,0.150841,0,0.0,0,84,0,0,0.9055,0.1341,GREEN,30,Kolkata
CLM0051498,KOL_04356,Tollygunge,2021-11-16,12,0,0,0,0,0,0,0,0,0,0.0,0.025091,0,0.0,0,117,1,1,0.6534,0.1258,GREEN,42,Kolkata
CLM0051499,KOL_04321,Howrah,2019-12-18,12,0,0,0,0,0,1,0,0,0,0.0,0.939207,0,0.0,0,377,3,4,0.6447,0.0066,GREEN,45,Kolkata
CLM0051500,KOL_04429,Dum Dum,2020-04-13,17,0,0,0,0,0,0,0,0,0,0.0,0.150614,0,0.0,0,72,2,1,0.471,0.0072,GREEN,32,Kolkata
CLM0051501,KOL_02709,New Town,2024-11-08,21,0,0,0,0,0,0,0,0,0,1.0,0.277658,0,0.0,0,123,0,2,0.8267,0.0906,GREEN,43,Kolkata
CLM0051502,KOL_07585,Tollygunge,2019-11-03,17,0,0,0,0,0,1,0,0,0,0.0,0.360079,0,0.0,0,384,4,2,0.05,0.1343,GREEN,62,Kolkata
CLM0051503,KOL_03653,Salt Lake,2023-09-05,15,0,0,0,0,0,0,0,0,0,0.0,0.339844,0,0.0,0,390,0,1,0.1831,0.0,GREEN,45,Kolkata
CLM0051504,KOL_07611,Sealdah,2021-04-22,14,0,0,0,0,0,0,0,0,0,1.0,0.136701,0,0.0,0,420,2,3,0.625,0.1512,GREEN,29,Kolkata
CLM0051505,KOL_05191,Howrah,2022-10-05,21,0,0,0,0,0,1,0,0,0,0.0,0.011792,0,0.0,0,294,4,2,0.797,0.1386,GREEN,37,Kolkata
CLM0051506,KOL_06360,Dum Dum,2021-11-28,11,0,0,0,0,0,0,0,0,0,0.0,0.144364,0,0.0,0,117,1,2,0.5593,0.0064,GREEN,36,Kolkata
CLM0051507,KOL_02562,Behala,2025-08-06,17,0,0,0,0,0,0,0,0,0,0.0,0.360712,0,0.0,0,420,3,0,0.7928,0.0,GREEN,31,Kolkata
CLM0051508,KOL_08589,Tollygunge,2021-09-03,21,0,0,0,0,0,1,1,1,1,0.0,0.515139,0,1.0,0,7,2,18,0.1694,0.0066,GREEN,47,Kolkata
CLM0051509,KOL_02924,Park Street,2021-04-27,10,0,0,0,0,0,0,1,0,0,0.0,0.19001,0,0.0,0,306,3,0,0.7837,0.0894,GREEN,18,Kolkata
CLM0051510,KOL_00701,Sealdah,2022-10-21,20,0,0,0,0,0,0,0,0,0,0.0,0.0,0,0.0,1,236,3,6,0.0562,0.0,GREEN,38,Kolkata
CLM0051511,KOL_03798,Park Street,2018-01-23,13,0,0,0,0,0,0,0,0,0,0.0,0.23354,0,0.0,0,420,3,4,0.6151,0.0377,GREEN,44,Kolkata
CLM0051512,KOL_09243,Esplanade,2024-09-11,13,0,0,0,0,0,0,0,1,0,0.0,0.262077,0,0.0,0,302,2,4,0.05,0.1111,GREEN,37,Kolkata
CLM0051513,KOL_03435,Tollygunge,2024-07-31,15,0,0,0,0,0,0,0,0,0,0.0,0.146849,0,0.0,0,360,2,2,0.6183,0.057,GREEN,38,Kolkata
CLM0051514,KOL_08844,Sealdah,2024-12-13,19,0,0,0,0,0,0,0,1,0,0.0,0.00656,0,0.0,0,121,2,3,0.8665,0.1309,GREEN,51,Kolkata
CLM0051515,KOL_01303,Park Street,2025-11-20,20,0,0,0,1,0,1,0,0,0,0.0,1.0,0,0.0,0,420,3,4,0.7295,0.1982,GREEN,42,Kolkata
CLM0051516,KOL_09030,New Town,2024-01-09,12,0,0,0,0,0,0,0,0,0,0.0,0.267529,1,0.0,0,383,4,2,0.8446,0.0,GREEN,41,Kolkata
CLM0051517,KOL_09949,Tollygunge,2025-09-15,10,0,0,0,0,0,0,0,0,0,0.0,0.374575,0,0.0,0,210,1,2,0.4489,0.0,GREEN,41,Kolkata
CLM0051518,KOL_02653,Esplanade,2024-03-11,7,0,0,0,0,0,0,0,0,0,0.0,0.014614,1,0.0,0,392,0,0,0.8561,0.1149,GREEN,19,Kolkata
CLM0051519,KOL_06901,Sealdah,2023-05-03,18,0,0,0,0,0,0,0,0,0,1.0,0.394343,1,0.0,0,320,3,5,0.7437,0.3096,GREEN,26,Kolkata
CLM0051520,KOL_06680,Salt Lake,2025-08-05,8,0,0,0,0,0,0,0,0,0,0.0,0.078436,0,0.0,0,420,0,0,0.8183,0.0336,GREEN,32,Kolkata
CLM0051521,KOL_06232,Dum Dum,2025-05-08,21,0,0,0,0,0,0,0,0,0,0.0,0.255461,0,0.0,0,232,1,1,0.6228,0.1029,GREEN,28,Kolkata
CLM0051522,KOL_06809,Salt Lake,2025-11-28,19,0,1,1,0,0,0,0,0,0,0.0,0.41698,0,0.0,0,379,1,1,0.3208,0.0,GREEN,29,Kolkata
CLM0051523,KOL_09709,Park Street,2018-01-23,16,0,0,0,1,0,0,0,0,0,0.0,0.197976,0,0.0,0,98,3,0,0.5575,0.1797,GREEN,48,Kolkata
CLM0051524,KOL_01260,New Town,2023-06-14,13,0,0,0,0,1,1,0,0,0,0.0,0.132615,0,0.0,0,206,4,1,0.9772,0.4029,YELLOW,41,Kolkata
CLM0051525,KOL_08995,Howrah,2019-08-24,15,0,0,0,0,0,0,0,0,1,1.0,0.138485,0,0.0,0,5,0,4,0.9077,0.103,GREEN,48,Kolkata
CLM0051526,KOL_06912,Sealdah,2025-05-17,7,0,0,0,0,0,0,0,0,0,0.0,0.425876,0,0.0,0,409,2,2,0.6559,0.0651,GREEN,51,Kolkata
CLM0051527,KOL_02723,Salt Lake,2024-07-18,8,0,0,0,0,0,0,0,0,0,0.0,0.244718,0,0.0,0,113,2,1,0.1878,0.0,GREEN,53,Kolkata
CLM0051528,KOL_05267,Salt Lake,2025-04-13,21,0,0,0,0,0,1,1,0,0,0.0,0.23938,0,0.0,0,71,1,2,0.8681,0.0,GREEN,24,Kolkata
CLM0051529,KOL_07832,Park Street,2024-09-26,18,0,0,0,0,0,0,1,1,1,1.0,0.408454,1,0.0,1,5,0,18,0.1411,0.0405,GREEN,25,Kolkata
CLM0051530,KOL_06583,Sealdah,2025-09-11,18,0,0,0,0,0,1,1,0,0,0.0,0.873781,0,0.0,0,24,4,2,0.5745,0.0661,GREEN,34,Kolkata
CLM0051531,KOL_05154,Park Street,2024-09-04,15,0,0,0,0,0,0,0,0,0,0.0,0.153704,0,0.0,0,105,1,0,0.5758,0.0,GREEN,26,Kolkata
CLM0051532,KOL_04238,Esplanade,2024-08-30,17,0,0,0,0,0,0,0,0,0,0.0,0.336628,0,0.0,0,362,1,7,0.5476,0.0,GREEN,24,Kolkata
CLM0051533,KOL_07782,Behala,2024-11-19,12,0,0,0,0,0,0,0,0,0,0.0,0.188264,0,0.0,0,43,1,2,0.98,0.0413,GREEN,18,Kolkata
CLM0051534,KOL_06212,Park Street,2025-07-16,7,0,1,1,0,0,0,0,1,0,0.0,0.063955,0,1.0,0,385,1,5,0.9173,0.2111,GREEN,46,Kolkata
CLM0051535,KOL_04185,Sealdah,2025-03-09,15,0,0,0,0,0,0,0,0,0,0.0,0.220316,0,0.0,0,409,3,2,0.4745,0.0,GREEN,44,Kolkata
CLM0051536,KOL_02112,Park Street,2024-11-06,14,0,0,0,0,0,0,0,0,0,0.0,0.371349,0,0.0,0,125,3,0,0.1801,0.0,GREEN,37,Kolkata
CLM0051537,KOL_06590,Park Street,2025-06-10,11,0,0,0,0,0,1,0,0,0,0.0,0.111973,0,0.0,0,376,1,2,0.7726,0.0848,GREEN,31,Kolkata
CLM0051538,KOL_09953,Sealdah,2024-10-13,10,0,0,0,0,0,0,0,0,0,0.0,1.0,0,0.0,0,420,0,0,0.1099,0.0,GREEN,29,Kolkata
CLM0051539,KOL_01225,Behala,2024-10-25,14,0,0,0,0,0,0,0,0,0,1.0,0.06452,0,0.0,0,244,1,3,0.6147,0.0128,GREEN,18,Kolkata
CLM0051540,KOL_01587,Esplanade,2025-10-08,14,0,0,0,0,0,0,0,1,1,1.0,0.0,0,0.0,1,8,3,18,0.05,0.0,GREEN,43,Kolkata
CLM0051541,KOL_08017,Sealdah,2025-02-05,7,0,0,0,0,0,0,0,0,0,1.0,0.0,0,0.0,0,105,1,4,0.6042,0.1559,GREEN,46,Kolkata
CLM0051542,KOL_00474,Tollygunge,2025-05-02,9,0,0,0,1,0,0,0,1,0,0.0,0.0,0,0.0,0,248,3,2,0.5093,0.2845,GREEN,33,Kolkata
CLM0051543,KOL_02472,Howrah,2025-01-01,12,0,0,0,0,0,0,0,0,0,0.0,0.168175,0,1.0,0,87,0,5,0.6721,0.0,GREEN,35,Kolkata
CLM0051544,KOL_05707,Park Street,2024-12-13,21,0,0,0,0,0,0,1,0,0,1.0,0.262902,0,0.0,0,259,2,5,0.5778,0.007,GREEN,21,Kolkata
CLM0051545,KOL_02051,Tollygunge,2023-07-02,18,0,1,1,1,0,1,1,0,0,0.0,0.444855,1,0.0,0,5,1,18,0.313,0.4757,YELLOW,52,Kolkata
CLM0051546,KOL_02417,Tollygunge,2025-10-29,10,0,1,1,1,1,1,1,1,1,0.0,0.078269,0,0.0,1,20,0,18,0.9065,0.9184,RED,33,Kolkata
CLM0051547,KOL_03035,Salt Lake,2022-04-03,19,0,1,1,1,0,1,1,1,1,0.0,0.108097,1,0.0,1,8,1,18,0.9139,0.8622,RED,38,Kolkata
CLM0051548,KOL_02763,Howrah,2022-07-17,10,0,1,1,1,1,0,1,1,1,1.0,0.036686,0,0.0,0,38,0,18,0.05,0.6606,RED,30,Kolkata
CLM0051549,KOL_07188,Behala,2022-10-21,12,0,1,1,1,0,0,0,1,0,1.0,0.0,1,0.0,1,17,2,18,0.0776,0.5891,YELLOW,38,Kolkata
CLM0051550,KOL_07344,Esplanade,2025-03-06,20,0,1,1,0,0,0,0,0,0,0.0,0.03254,0,0.0,1,420,0,0,0.9007,0.5161,YELLOW,26,Kolkata
CLM0051551,KOL_00828,Dum Dum,2025-10-21,10,0,1,1,1,0,0,0,0,0,1.0,0.365089,0,0.0,0,398,1,1,0.9242,0.4696,YELLOW,60,Kolkata
CLM0051552,KOL_04667,New Town,2022-03-04,7,0,1,1,1,0,0,1,1,1,1.0,1.0,1,1.0,1,20,1,18,0.7453,0.6538,RED,47,Kolkata
CLM0051553,KOL_08547,New Town,2020-03-22,14,0,1,1,0,1,0,0,1,0,0.0,0.153172,0,0.0,1,11,0,18,0.8592,0.4176,YELLOW,52,Kolkata
CLM0051554,KOL_02597,Sealdah,2020-10-07,14,0,1,1,1,1,1,0,1,1,0.0,1.0,0,0.0,1,11,1,17,0.05,0.8004,RED,50,Kolkata
CLM0051555,KOL_02121,Salt Lake,2022-08-28,7,0,1,1,1,0,1,1,0,0,1.0,0.950722,0,1.0,1,5,2,18,0.308,0.5314,YELLOW,44,Kolkata
CLM0051556,KOL_00609,Garia,2025-03-22,20,0,1,1,1,0,0,1,1,0,1.0,0.916946,1,0.0,1,44,1,18,0.05,0.5501,YELLOW,18,Kolkata
CLM0051557,KOL_08340,Howrah,2024-08-23,14,0,0,0,0,0,0,0,0,0,0.0,0.107362,0,0.0,0,121,1,3,0.98,0.0639,GREEN,41,Kolkata
CLM0051558,KOL_02667,Esplanade,2024-05-05,17,0,0,0,0,0,1,1,0,1,1.0,0.989974,0,1.0,0,24,1,18,0.8039,0.0483,GREEN,18,Kolkata
CLM0051559,KOL_00376,Esplanade,2025-04-22,7,0,0,0,0,0,0,0,0,0,0.0,1.0,0,0.0,0,420,1,2,0.8958,0.0696,GREEN,39,Kolkata
CLM0051560,KOL_02468,Garia,2024-05-01,12,0,0,0,0,0,0,1,1,0,0.0,0.01036,0,0.0,0,26,4,1,0.9546,0.2238,GREEN,48,Kolkata
CLM0051561,KOL_01350,Dum Dum,2025-05-22,12,0,0,0,0,0,0,0,0,0,0.0,0.082346,0,0.0,0,243,0,1,0.7696,0.0514,GREEN,46,Kolkata
CLM0051562,KOL_09876,Garia,2025-12-10,12,0,0,0,0,0,0,0,0,0,0.0,0.353069,1,1.0,0,296,3,5,0.1727,0.0021,GREEN,40,Kolkata
CLM0051563,KOL_02312,Tollygunge,2025-01-17,9,0,1,1,0,0,0,0,0,0,0.0,0.308014,0,0.0,0,274,4,3,0.6988,0.0532,GREEN,34,Kolkata
CLM0051564,KOL_04215,Esplanade,2025-02-18,15,0,0,0,0,0,0,0,0,0,1.0,0.965053,0,1.0,0,260,1,5,0.5846,0.0,GREEN,43,Kolkata
CLM0051565,KOL_09695,Dum Dum,2025-07-01,13,0,0,0,0,0,0,0,0,0,0.0,0.261596,0,0.0,0,79,2,3,0.459,0.0,GREEN,42,Kolkata
CLM0051566,KOL_08252,Park Street,2018-08-09,7,0,0,0,0,0,1,0,0,0,0.0,0.450401,0,0.0,0,254,4,4,0.5304,0.1049,GREEN,35,Kolkata
CLM0051567,KOL_09792,Dum Dum,2025-07-05,19,0,0,0,0,0,0,0,0,0,0.0,0.152852,0,0.0,0,420,4,5,0.05,0.0211,GREEN,21,Kolkata
CLM0051568,KOL_00929,Garia,2019-11-20,19,0,0,0,0,0,0,0,0,0,0.0,0.068705,0,0.0,0,420,0,3,0.6867,0.0,GREEN,40,Kolkata
CLM0051569,KOL_04727,Esplanade,2021-05-14,12,0,1,1,0,0,0,0,0,0,0.0,0.34314,0,0.0,0,128,0,4,0.8385,0.0,GREEN,23,Kolkata
CLM0051570,KOL_05909,New Town,2024-06-20,20,0,0,0,0,0,0,0,1,0,1.0,0.04297,0,0.0,0,392,3,3,0.8503,0.1489,GREEN,31,Kolkata
CLM0051571,KOL_09593,Park Street,2024-09-07,12,0,0,0,0,0,0,0,0,0,0.0,0.322561,1,0.0,0,138,0,2,0.98,0.0,GREEN,30,Kolkata
CLM0051572,KOL_05984,Tollygunge,2023-12-25,9,0,0,0,0,0,0,1,0,0,0.0,0.0,0,0.0,0,5,1,3,0.7168,0.0,GREEN,35,Kolkata
CLM0051573,KOL_08561,Park Street,2019-01-21,7,0,0,0,0,0,0,0,0,0,1.0,1.0,1,1.0,0,88,2,1,0.7752,0.0322,GREEN,41,Kolkata
CLM0051574,KOL_04511,New Town,2019-03-19,18,0,0,0,0,0,0,0,0,0,0.0,0.204814,0,0.0,0,227,0,0,0.2414,0.0205,GREEN,36,Kolkata
CLM0051575,KOL_01092,Park Street,2018-07-22,15,0,0,0,0,0,0,0,1,1,0.0,0.130964,0,0.0,0,214,2,3,0.6233,0.2684,GREEN,35,Kolkata
CLM0051576,KOL_00364,Behala,2023-06-08,17,0,0,0,0,0,1,0,0,0,0.0,0.356659,0,0.0,0,294,1,2,0.7267,0.0495,GREEN,37,Kolkata
CLM0051577,KOL_02557,Salt Lake,2025-06-01,19,0,0,0,0,0,0,0,0,0,1.0,0.083038,0,0.0,0,415,3,3,0.98,0.0533,GREEN,57,Kolkata
CLM0051578,KOL_04741,Salt Lake,2023-05-22,15,0,0,0,0,0,0,0,0,0,0.0,0.140916,0,0.0,0,246,0,1,0.5614,0.0,GREEN,51,Kolkata
CLM0051579,KOL_06272,Park Street,2023-08-17,14,0,0,0,0,0,0,0,0,0,0.0,0.293353,0,0.0,0,414,2,2,0.6998,0.0,GREEN,44,Kolkata
CLM0051580,KOL_07082,New Town,2024-10-02,21,0,0,0,1,0,0,0,1,0,1.0,0.980305,0,1.0,0,420,4,5,0.6408,0.236,GREEN,23,Kolkata
CLM0051581,KOL_03393,Esplanade,2022-05-01,19,0,0,0,0,0,0,0,0,0,0.0,1.0,0,0.0,0,197,4,6,0.731,0.0,GREEN,35,Kolkata
CLM0051582,KOL_05791,Behala,2023-10-01,10,0,0,0,0,0,0,1,0,0,0.0,0.068088,0,0.0,0,88,0,5,0.4607,0.1459,GREEN,29,Kolkata
CLM0051583,KOL_00278,Behala,2024-11-16,14,0,0,0,0,0,0,0,0,0,0.0,0.158208,0,0.0,0,189,1,2,0.7576,0.1504,GREEN,31,Kolkata
CLM0051584,KOL_03144,Sealdah,2023-12-10,17,0,0,0,0,0,0,0,0,0,0.0,0.173687,0,0.0,0,226,2,5,0.3712,0.0514,GREEN,25,Kolkata
CLM0051585,KOL_02048,New Town,2024-03-08,8,0,0,0,0,0,0,0,0,0,0.0,0.382751,0,0.0,0,93,2,5,0.7861,0.0409,GREEN,21,Kolkata
CLM0051586,KOL_01932,Dum Dum,2022-10-11,7,0,0,0,0,0,0,0,0,0,0.0,0.194235,0,0.0,0,415,3,6,0.7205,0.0,GREEN,41,Kolkata
CLM0051587,KOL_04649,Garia,2025-04-03,21,0,0,0,0,0,0,0,0,0,0.0,0.057758,0,0.0,0,363,3,3,0.5503,0.0,GREEN,33,Kolkata
CLM0051588,KOL_08920,Salt Lake,2024-08-07,8,0,0,0,0,0,0,0,0,0,0.0,0.990501,0,0.0,1,420,3,4,0.795,0.1128,GREEN,34,Kolkata
CLM0051589,KOL_00430,Tollygunge,2023-09-03,15,0,0,0,0,0,0,0,0,0,1.0,1.0,1,1.0,0,77,1,1,0.7035,0.1366,GREEN,36,Kolkata
CLM0051590,KOL_08257,Garia,2022-04-18,15,0,0,0,1,0,0,0,0,0,0.0,0.293453,0,1.0,0,420,4,0,0.2456,0.2528,GREEN,22,Kolkata
CLM0051591,KOL_00817,Esplanade,2025-10-23,18,0,0,0,0,0,0,0,0,0,0.0,0.022567,0,1.0,0,185,3,2,0.748,0.1173,GREEN,38,Kolkata
CLM0051592,KOL_07922,Esplanade,2023-12-22,17,0,0,0,0,0,0,0,0,0,0.0,0.092464,0,0.0,0,379,2,2,0.5527,0.1255,GREEN,18,Kolkata
CLM0051593,KOL_03918,Salt Lake,2024-09-05,17,0,0,0,0,0,0,0,0,1,0.0,0.148017,0,0.0,0,25,2,1,0.5702,0.1782,GREEN,44,Kolkata
CLM0051594,KOL_02371,Esplanade,2022-07-03,10,0,0,0,0,0,0,0,0,0,0.0,0.0,0,1.0,0,300,3,0,0.9726,0.0,GREEN,44,Kolkata
CLM0051595,KOL_00422,Howrah,2025-03-24,20,0,0,0,0,0,0,0,0,0,0.0,0.360963,0,0.0,0,194,1,2,0.5735,0.1968,GREEN,41,Kolkata
CLM0051596,KOL_01608,Dum Dum,2024-01-12,13,0,0,0,0,0,0,0,1,0,0.0,1.0,0,0.0,0,381,3,1,0.2271,0.0152,GREEN,29,Kolkata
CLM0051597,KOL_00904,New Town,2023-08-11,18,0,0,0,0,0,0,0,0,0,0.0,0.20412,0,0.0,0,420,0,2,0.98,0.0068,GREEN,43,Kolkata
CLM0051598,KOL_06569,Tollygunge,2023-02-23,7,0,0,0,0,0,0,0,0,0,0.0,0.345065,0,0.0,0,298,4,4,0.6509,0.0,GREEN,41,Kolkata
CLM0051599,KOL_06458,Sealdah,2024-02-21,8,0,0,0,0,0,0,0,0,0,0.0,1.0,0,0.0,0,420,4,0,0.98,0.0294,GREEN,44,Kolkata
CLM0051600,KOL_03199,Dum Dum,2023-06-27,8,0,1,1,0,0,0,0,0,0,0.0,0.152377,0,0.0,0,420,4,4,0.7068,0.0,GREEN,24,Kolkata
CLM0051601,KOL_05689,Esplanade,2025-04-18,9,0,0,0,0,0,0,0,0,0,1.0,0.135601,0,1.0,0,195,2,0,0.5422,0.0,GREEN,27,Kolkata
CLM0051602,KOL_01026,Dum Dum,2024-08-22,13,0,0,0,0,0,0,0,1,0,0.0,0.114217,0,0.0,0,285,1,1,0.8667,0.118,GREEN,38,Kolkata
CLM0051603,KOL_05370,Park Street,2022-09-21,20,0,0,0,1,1,1,1,1,1,1.0,0.985721,1,1.0,0,7,4,18,0.1704,0.1587,GREEN,53,Kolkata
CLM0051604,KOL_01805,Howrah,2022-10-26,10,0,0,0,0,0,1,0,0,0,0.0,0.240801,0,0.0,0,10,3,1,0.5038,0.2367,GREEN,27,Kolkata
CLM0051605,KOL_06710,Garia,2020-10-14,13,0,0,0,0,0,1,0,0,0,0.0,0.233727,0,0.0,0,195,4,0,0.7151,0.0356,GREEN,53,Kolkata
CLM0051606,KOL_02267,Salt Lake,2024-01-10,18,0,0,0,0,0,0,0,0,1,0.0,0.195797,0,0.0,0,305,4,4,0.9413,0.0351,GREEN,43,Kolkata
CLM0051607,KOL_07872,Park Street,2023-04-03,21,0,0,0,0,0,1,0,0,0,0.0,0.047397,0,0.0,0,155,4,3,0.7149,0.0348,GREEN,49,Kolkata
CLM0051608,KOL_03647,Tollygunge,2021-05-18,19,0,0,0,0,0,0,0,0,0,0.0,0.288226,0,1.0,0,260,0,0,0.6815,0.0,GREEN,47,Kolkata
CLM0051609,KOL_09842,New Town,2016-08-19,15,0,0,0,0,0,0,0,0,0,0.0,0.078198,0,0.0,0,103,1,0,0.605,0.0244,GREEN,42,Kolkata
CLM0051610,KOL_06676,Garia,2015-10-25,15,0,0,0,0,0,0,0,0,0,0.0,0.089293,0,0.0,0,359,4,0,0.4337,0.0,GREEN,30,Kolkata
CLM0051611,KOL_05278,Salt Lake,2025-08-03,12,0,0,0,0,0,0,0,0,0,0.0,0.0,0,0.0,0,208,3,5,0.7134,0.0467,GREEN,36,Kolkata
CLM0051612,KOL_06330,Sealdah,2021-05-06,7,0,0,0,0,0,0,0,0,0,0.0,0.11351,0,0.0,0,420,1,1,0.3278,0.0,GREEN,39,Kolkata
CLM0051613,KOL_08332,Esplanade,2018-07-08,18,0,0,0,0,0,0,0,1,0,0.0,0.954916,0,0.0,0,276,2,4,0.5453,0.0388,GREEN,27,Kolkata
CLM0051614,KOL_00927,Dum Dum,2020-10-31,18,0,0,0,0,0,0,0,0,0,0.0,0.147907,0,0.0,0,117,3,5,0.903,0.0,GREEN,39,Kolkata
CLM0051615,KOL_07579,Salt Lake,2024-06-02,7,0,0,0,1,0,1,0,1,0,0.0,0.101686,0,0.0,1,297,4,1,0.0933,0.4718,YELLOW,20,Kolkata
CLM0051616,KOL_04765,Sealdah,2015-07-21,7,0,0,0,0,0,0,1,0,0,0.0,0.350372,0,0.0,0,257,4,0,0.8126,0.1006,GREEN,35,Kolkata
CLM0051617,KOL_02010,Garia,2024-01-07,13,0,0,0,1,0,0,0,0,0,0.0,0.265335,1,0.0,0,402,4,4,0.0974,0.1517,GREEN,34,Kolkata
CLM0051618,KOL_04148,Behala,2021-09-13,21,0,0,0,0,0,0,1,0,0,1.0,1.0,0,1.0,0,36,1,2,0.4112,0.1467,GREEN,35,Kolkata
CLM0051619,KOL_00058,Garia,2023-04-14,10,0,0,0,0,0,0,0,0,0,0.0,0.357974,0,0.0,0,303,4,0,0.6648,0.0241,GREEN,24,Kolkata
CLM0051620,KOL_01603,Garia,2024-03-23,21,0,0,0,0,0,0,0,0,0,0.0,0.120976,0,0.0,0,420,0,3,0.713,0.0,GREEN,31,Kolkata
CLM0051621,KOL_08394,Salt Lake,2024-10-02,18,0,0,0,1,1,1,1,0,0,0.0,0.07864,1,0.0,0,5,3,12,0.7705,0.023,GREEN,41,Kolkata
CLM0051622,KOL_08865,Tollygunge,2017-08-23,11,0,0,0,0,0,0,1,0,0,0.0,0.431386,0,0.0,0,103,1,4,0.6804,0.1269,GREEN,51,Kolkata
CLM0051623,KOL_09641,Garia,2024-09-07,12,0,0,0,0,0,0,0,0,0,1.0,0.183566,0,0.0,0,284,4,2,0.5659,0.0051,GREEN,46,Kolkata
CLM0051624,KOL_01995,Tollygunge,2022-10-02,13,0,0,0,0,1,0,0,0,0,1.0,0.240416,0,0.0,0,225,4,0,0.7609,0.117,GREEN,32,Kolkata
CLM0051625,KOL_02386,Howrah,2020-10-01,15,0,0,0,0,0,0,0,0,1,1.0,0.0,0,1.0,0,420,1,0,0.9211,0.1418,GREEN,34,Kolkata
CLM0051626,KOL_08651,Salt Lake,2025-12-21,18,0,0,0,0,0,0,0,0,0,0.0,0.039376,0,0.0,0,288,3,0,0.8164,0.0077,GREEN,33,Kolkata
CLM0051627,KOL_04337,Howrah,2020-11-12,16,1,0,0,0,0,0,1,0,0,0.0,0.244535,0,0.0,0,204,3,4,0.9065,0.1643,GREEN,45,Kolkata
CLM0051628,KOL_09602,Tollygunge,2023-11-07,9,0,0,0,0,0,0,0,0,0,0.0,0.98618,0,0.0,0,420,2,1,0.6312,0.0118,GREEN,55,Kolkata
CLM0051629,KOL_03742,Dum Dum,2017-11-14,7,0,0,0,0,0,0,0,0,0,0.0,0.038049,0,0.0,0,154,4,5,0.7405,0.1374,GREEN,42,Kolkata
CLM0051630,KOL_07189,Salt Lake,2025-08-03,10,0,0,0,0,0,0,0,0,0,0.0,0.188035,0,0.0,0,139,0,0,0.1175,0.0197,GREEN,38,Kolkata
CLM0051631,KOL_00404,Tollygunge,2023-05-04,9,0,0,0,0,0,0,0,0,0,0.0,0.099581,0,0.0,0,28,4,1,0.05,0.0142,GREEN,40,Kolkata
CLM0051632,KOL_06174,Tollygunge,2024-12-12,13,0,0,0,0,0,0,0,0,0,0.0,0.206796,0,0.0,0,248,2,2,0.7564,0.0255,GREEN,36,Kolkata
CLM0051633,KOL_02010,Garia,2024-07-31,17,0,0,0,0,0,0,0,0,0,0.0,0.0,0,1.0,0,338,4,4,0.1388,0.0349,GREEN,34,Kolkata
CLM0051634,KOL_04723,Dum Dum,2024-04-22,19,0,1,1,0,0,0,0,0,0,0.0,1.0,0,0.0,0,300,4,3,0.782,0.0,GREEN,30,Kolkata
CLM0051635,KOL_04921,Behala,2023-10-01,19,0,0,0,0,0,0,0,0,1,1.0,0.986937,0,1.0,0,213,1,3,0.5638,0.1248,GREEN,24,Kolkata
CLM0051636,KOL_06784,Salt Lake,2020-10-05,18,0,0,0,0,0,1,1,0,0,0.0,0.187673,0,0.0,0,176,0,0,0.8776,0.1926,GREEN,46,Kolkata
CLM0051637,KOL_03454,New Town,2025-03-16,19,0,0,0,1,1,0,1,1,1,1.0,0.938979,1,1.0,0,5,4,18,0.1096,0.133,GREEN,30,Kolkata
CLM0051638,KOL_05094,Behala,2023-01-25,14,0,0,0,0,0,0,0,0,0,0.0,0.327623,0,0.0,0,385,4,0,0.6109,0.0,GREEN,40,Kolkata
CLM0051639,KOL_01966,Behala,2025-10-06,7,0,0,0,0,1,0,0,0,0,0.0,0.0,0,0.0,0,288,1,0,0.6662,0.0753,GREEN,28,Kolkata
CLM0051640,KOL_02527,Behala,2021-11-17,17,0,0,0,0,0,0,0,0,0,0.0,0.127971,0,0.0,0,315,3,4,0.3545,0.0016,GREEN,21,Kolkata
CLM0051641,KOL_09143,Howrah,2024-09-13,10,0,0,0,0,0,1,0,0,1,0.0,0.401883,0,0.0,0,263,0,3,0.5688,0.2084,GREEN,46,Kolkata
CLM0051642,KOL_06217,Sealdah,2024-03-10,20,0,0,0,1,0,0,1,0,0,1.0,0.176495,0,1.0,0,420,2,0,0.0613,0.369,YELLOW,21,Kolkata
CLM0051643,KOL_04038,Garia,2022-08-16,14,0,0,0,0,0,0,0,0,0,0.0,0.411587,0,0.0,0,282,3,6,0.594,0.0,GREEN,37,Kolkata
CLM0051644,KOL_01124,Esplanade,2025-04-25,14,0,0,0,0,0,0,0,0,0,0.0,0.35836,0,0.0,0,239,0,7,0.191,0.0,GREEN,18,Kolkata
CLM0051645,KOL_08899,Behala,2023-12-01,8,0,0,0,0,0,0,0,0,0,1.0,1.0,1,1.0,0,60,4,0,0.6418,0.162,GREEN,31,Kolkata
CLM0051646,KOL_07089,Park Street,2024-11-25,20,0,0,0,0,0,0,0,0,0,1.0,0.0,0,0.0,1,349,4,1,0.7111,0.0939,GREEN,20,Kolkata
CLM0051647,KOL_02748,Howrah,2025-06-26,17,0,0,0,0,0,1,0,0,0,0.0,1.0,0,0.0,1,79,0,4,0.9057,0.2665,GREEN,37,Kolkata
CLM0051648,KOL_02552,Dum Dum,2024-04-06,8,0,0,0,0,0,0,0,0,0,0.0,0.36565,0,0.0,0,64,3,0,0.2698,0.0,GREEN,40,Kolkata
CLM0051649,KOL_04199,Dum Dum,2025-04-24,11,0,0,0,0,0,0,0,0,0,0.0,0.260351,0,0.0,0,420,1,0,0.6689,0.0,GREEN,50,Kolkata
CLM0051650,KOL_02474,Sealdah,2024-01-16,7,0,0,0,0,0,1,0,0,0,0.0,0.346253,0,0.0,0,260,4,0,0.9334,0.1136,GREEN,27,Kolkata
CLM0051651,KOL_06090,Park Street,2025-01-05,21,0,0,0,0,0,0,0,0,0,0.0,0.277831,0,0.0,0,403,2,6,0.98,0.0016,GREEN,32,Kolkata
CLM0051652,KOL_07221,Park Street,2025-10-10,18,0,0,0,0,0,0,0,0,0,0.0,0.020827,0,0.0,0,37,0,5,0.596,0.0,GREEN,56,Kolkata
CLM0051653,KOL_06793,Dum Dum,2025-06-25,16,0,0,0,0,0,0,0,0,0,1.0,0.184028,0,0.0,0,110,4,0,0.747,0.0739,GREEN,40,Kolkata
CLM0051654,KOL_00350,Park Street,2024-03-02,16,0,0,0,0,0,0,0,0,0,0.0,0.40801,0,0.0,1,420,3,3,0.98,0.0592,GREEN,41,Kolkata
CLM0051655,KOL_02873,Salt Lake,2025-12-25,19,0,0,0,0,0,0,0,0,0,0.0,0.390444,0,0.0,0,195,3,0,0.98,0.0385,GREEN,39,Kolkata
CLM0051656,KOL_03704,Esplanade,2022-01-30,19,0,0,0,0,0,0,0,0,0,0.0,0.275187,0,0.0,0,397,4,0,0.6328,0.0,GREEN,30,Kolkata
CLM0051657,KOL_02591,Salt Lake,2025-07-06,7,0,0,0,0,1,1,0,1,0,0.0,0.944943,1,0.0,0,5,0,18,0.1274,0.0946,GREEN,27,Kolkata
CLM0051658,KOL_02034,New Town,2023-08-22,10,0,0,0,0,0,1,0,0,0,0.0,0.410904,0,0.0,0,200,0,3,0.6156,0.0615,GREEN,18,Kolkata
CLM0051659,KOL_03186,Sealdah,2022-03-28,9,0,0,0,0,0,0,0,0,0,0.0,0.155851,0,0.0,0,373,0,0,0.9587,0.0969,GREEN,27,Kolkata
CLM0051660,KOL_02668,Sealdah,2024-10-03,7,0,0,0,0,0,0,0,0,0,0.0,0.04907,0,0.0,0,420,3,0,0.98,0.0,GREEN,18,Kolkata
CLM0051661,KOL_04097,New Town,2025-10-17,16,0,0,0,1,0,0,0,0,0,0.0,0.155627,0,0.0,0,30,3,3,0.7657,0.1488,GREEN,43,Kolkata
CLM0051662,KOL_06972,Sealdah,2024-08-16,14,0,0,0,0,0,1,1,0,1,0.0,0.097192,1,0.0,0,31,0,18,0.98,0.0844,GREEN,31,Kolkata
CLM0051663,KOL_01743,Sealdah,2024-03-08,17,0,0,0,0,1,0,0,0,0,0.0,0.222427,0,0.0,0,35,3,0,0.5795,0.0983,GREEN,38,Kolkata
CLM0051664,KOL_05806,Dum Dum,2024-09-06,18,0,0,0,1,1,1,0,1,1,0.0,0.044044,1,0.0,0,14,3,18,0.911,0.1369,GREEN,44,Kolkata
CLM0051665,KOL_07632,Howrah,2024-09-25,19,0,0,0,0,0,0,0,1,0,0.0,1.0,0,0.0,0,412,2,4,0.4573,0.0898,GREEN,29,Kolkata
CLM0051666,KOL_00280,New Town,2025-10-02,17,0,0,0,0,0,1,0,0,0,0.0,0.10972,0,0.0,0,137,0,6,0.9092,0.0794,GREEN,22,Kolkata
CLM0051667,KOL_04387,Howrah,2024-09-23,20,0,0,0,0,0,0,0,0,0,0.0,0.282383,0,0.0,0,163,3,0,0.0802,0.0,GREEN,35,Kolkata
CLM0051668,KOL_05675,Sealdah,2025-07-08,13,0,0,0,0,0,0,0,1,0,0.0,0.13615,0,1.0,0,420,3,0,0.9312,0.1702,GREEN,18,Kolkata
CLM0051669,KOL_03928,New Town,2024-05-26,19,0,0,0,0,0,0,0,0,0,0.0,0.209515,0,0.0,0,292,4,1,0.871,0.0183,GREEN,45,Kolkata
CLM0051670,KOL_06632,Salt Lake,2020-05-01,8,0,0,0,0,0,0,0,1,0,1.0,0.012483,1,0.0,0,227,4,3,0.9656,0.2396,GREEN,18,Kolkata
CLM0051671,KOL_07867,Salt Lake,2018-04-30,19,0,0,0,0,0,0,0,0,0,1.0,0.202537,0,0.0,0,414,4,2,0.8529,0.0136,GREEN,47,Kolkata
CLM0051672,KOL_02312,Tollygunge,2017-02-16,9,0,0,0,0,0,0,0,0,0,1.0,0.228467,0,0.0,0,212,3,0,0.07,0.1066,GREEN,34,Kolkata
CLM0051673,KOL_05815,Howrah,2024-09-26,13,0,0,0,0,0,0,0,0,0,0.0,0.199872,0,0.0,1,420,0,7,0.4904,0.0,GREEN,31,Kolkata
CLM0051674,KOL_03588,Dum Dum,2019-03-28,21,0,0,0,0,0,0,1,0,0,0.0,0.156586,0,0.0,0,9,2,1,0.4655,0.0366,GREEN,41,Kolkata
CLM0051675,KOL_05841,Sealdah,2018-05-09,7,0,0,0,1,1,0,1,1,1,1.0,0.379968,0,1.0,0,32,2,18,0.349,0.0403,GREEN,26,Kolkata
CLM0051676,KOL_00042,Dum Dum,2024-11-24,14,0,0,0,0,0,1,0,0,0,1.0,0.982686,0,1.0,0,139,2,0,0.7183,0.0829,GREEN,25,Kolkata
CLM0051677,KOL_05260,New Town,2023-02-26,13,0,0,0,0,0,0,0,1,0,0.0,0.016128,0,1.0,0,420,1,1,0.7538,0.1307,GREEN,48,Kolkata
CLM0051678,KOL_05331,New Town,2020-01-31,18,0,0,0,0,0,0,0,0,0,0.0,0.014412,0,0.0,0,5,0,8,0.5009,0.0,GREEN,31,Kolkata
CLM0051679,KOL_02399,Tollygunge,2022-05-26,15,0,0,0,0,0,0,0,0,0,0.0,0.95844,0,0.0,0,395,4,2,0.7736,0.0157,GREEN,26,Kolkata
CLM0051680,KOL_03952,New Town,2018-04-21,10,0,0,0,0,0,0,0,0,0,0.0,0.028796,1,0.0,0,35,1,4,0.5737,0.127,GREEN,41,Kolkata
CLM0051681,KOL_04204,Dum Dum,2024-08-19,15,0,0,0,0,0,0,0,1,0,0.0,0.146168,0,0.0,0,364,4,3,0.5754,0.1934,GREEN,35,Kolkata
CLM0051682,KOL_03674,Sealdah,2022-06-19,12,0,1,1,0,0,0,0,0,0,0.0,0.342519,0,0.0,0,258,1,4,0.5367,0.0,GREEN,33,Kolkata
CLM0051683,KOL_06152,Park Street,2021-10-01,19,0,0,0,0,0,0,0,0,0,0.0,0.420003,0,0.0,0,150,2,1,0.637,0.0399,GREEN,46,Kolkata
CLM0051684,KOL_00593,New Town,2025-12-21,20,0,0,0,0,0,0,0,0,0,0.0,0.116649,0,0.0,0,90,4,8,0.8143,0.0525,GREEN,42,Kolkata
CLM0051685,KOL_04412,Sealdah,2024-07-29,20,0,0,0,0,0,0,0,0,0,0.0,0.400201,0,0.0,0,160,1,2,0.3556,0.0,GREEN,18,Kolkata
CLM0051686,KOL_08463,New Town,2025-02-21,12,0,0,0,0,1,0,0,0,0,0.0,0.368825,0,0.0,0,266,2,2,0.8673,0.0641,GREEN,47,Kolkata
CLM0051687,KOL_04423,Sealdah,2021-05-30,18,0,0,0,0,0,1,0,0,0,0.0,0.14719,0,0.0,0,305,0,0,0.9521,0.1396,GREEN,35,Kolkata
CLM0051688,KOL_03254,Salt Lake,2024-01-03,20,0,0,0,0,0,0,0,1,0,0.0,0.492199,0,0.0,1,286,4,2,0.0638,0.3041,GREEN,52,Kolkata
CLM0051689,KOL_01636,Behala,2023-04-16,21,0,0,0,0,0,0,1,0,0,0.0,0.404679,0,0.0,0,328,3,0,0.6845,0.0616,GREEN,22,Kolkata
CLM0051690,KOL_01560,New Town,2025-05-02,7,0,0,0,0,0,0,0,0,0,0.0,0.363912,0,0.0,0,420,3,2,0.4871,0.0892,GREEN,24,Kolkata
CLM0051691,KOL_04895,Salt Lake,2025-02-03,20,0,0,0,0,0,0,0,0,1,0.0,0.177981,0,0.0,0,420,4,2,0.6082,0.2234,GREEN,52,Kolkata
CLM0051692,KOL_05252,Howrah,2024-12-08,11,0,0,0,0,0,0,0,0,0,0.0,0.971368,0,0.0,0,251,4,0,0.9265,0.0396,GREEN,35,Kolkata
CLM0051693,KOL_04680,Dum Dum,2023-12-20,11,0,0,0,0,0,0,0,0,0,0.0,0.0,0,0.0,0,417,4,2,0.8149,0.06,GREEN,42,Kolkata
CLM0051694,KOL_08552,Sealdah,2023-11-02,11,0,0,0,0,0,0,0,0,0,0.0,0.343747,0,0.0,0,420,3,2,0.2134,0.0906,GREEN,18,Kolkata
CLM0051695,KOL_08866,Howrah,2025-08-22,12,0,0,0,0,0,0,0,0,0,0.0,0.073004,0,0.0,0,129,0,4,0.0583,0.0,GREEN,30,Kolkata
CLM0051696,KOL_03166,Howrah,2019-12-07,8,0,0,0,0,0,0,0,0,0,0.0,0.295881,0,0.0,0,420,1,3,0.5909,0.0138,GREEN,37,Kolkata
CLM0051697,KOL_09908,Esplanade,2017-04-03,16,0,0,0,0,0,1,0,0,0,0.0,0.195215,0,0.0,0,308,4,3,0.98,0.0881,GREEN,35,Kolkata
CLM0051698,KOL_05354,Tollygunge,2021-04-21,20,0,0,0,0,0,0,0,0,0,0.0,1.0,0,0.0,0,420,1,0,0.8194,0.0,GREEN,33,Kolkata
CLM0051699,KOL_03877,Garia,2019-04-06,17,0,0,0,0,0,0,0,0,0,0.0,0.100877,0,1.0,0,89,2,1,0.7209,0.0,GREEN,38,Kolkata
CLM0051700,KOL_00908,Howrah,2016-05-26,7,0,0,0,0,0,0,0,0,0,0.0,0.322901,0,0.0,0,129,3,0,0.7788,0.0592,GREEN,31,Kolkata
CLM0051701,KOL_06461,Esplanade,2019-02-06,12,0,0,0,0,1,0,0,0,0,0.0,0.284623,0,0.0,0,156,1,3,0.8124,0.1435,GREEN,50,Kolkata
CLM0051702,KOL_05489,Dum Dum,2017-06-17,15,0,0,0,0,0,0,0,0,0,0.0,0.060214,0,0.0,0,253,0,1,0.937,0.0665,GREEN,43,Kolkata
CLM0051703,KOL_00719,Garia,2017-06-04,8,0,0,0,0,0,0,0,0,0,0.0,0.071101,0,0.0,0,56,1,3,0.9608,0.0083,GREEN,30,Kolkata
CLM0051704,KOL_07571,Salt Lake,2024-08-07,14,0,0,0,0,0,0,0,1,0,0.0,0.901648,0,0.0,0,420,2,4,0.8198,0.0509,GREEN,42,Kolkata
CLM0051705,KOL_01832,Garia,2023-08-17,10,0,0,0,0,0,0,1,0,0,0.0,0.27941,0,0.0,0,92,2,2,0.9543,0.0886,GREEN,19,Kolkata
CLM0051706,KOL_07087,Tollygunge,2024-12-18,15,0,0,0,0,1,1,0,1,0,1.0,1.0,1,1.0,0,5,1,18,0.0778,0.0567,GREEN,25,Kolkata
CLM0051707,KOL_08668,Salt Lake,2023-02-18,10,0,0,0,0,1,0,1,1,1,1.0,0.265158,0,0.0,0,11,4,18,0.259,0.0,GREEN,37,Kolkata
CLM0051708,KOL_06291,Dum Dum,2023-02-02,17,0,0,0,0,0,0,0,0,0,1.0,0.216603,0,0.0,0,303,0,4,0.98,0.0723,GREEN,40,Kolkata
CLM0051709,KOL_06822,Tollygunge,2024-02-28,16,0,0,0,0,0,0,0,0,0,0.0,0.367661,0,0.0,0,274,4,3,0.6935,0.0,GREEN,35,Kolkata
CLM0051710,KOL_00708,Dum Dum,2024-02-15,10,0,0,0,0,0,0,0,0,0,0.0,0.216145,0,0.0,0,46,1,5,0.7618,0.0401,GREEN,24,Kolkata
CLM0051711,KOL_03186,Sealdah,2024-01-25,9,0,0,0,0,0,0,0,0,0,0.0,0.236194,0,0.0,1,290,3,0,0.5535,0.0194,GREEN,27,Kolkata
CLM0051712,KOL_04312,Dum Dum,2023-04-11,19,0,0,0,0,0,0,0,0,0,0.0,0.277184,0,0.0,0,161,4,0,0.7939,0.0,GREEN,25,Kolkata
CLM0051713,KOL_08230,Esplanade,2023-03-20,9,0,0,0,0,0,0,0,0,0,0.0,0.191657,0,0.0,1,207,4,2,0.7537,0.1088,GREEN,31,Kolkata
CLM0051714,KOL_02594,Park Street,2018-06-24,20,0,0,0,0,0,1,0,0,0,0.0,0.235117,0,0.0,0,54,2,1,0.98,0.0704,GREEN,31,Kolkata
CLM0051715,KOL_06255,Salt Lake,2019-01-27,12,0,0,0,0,0,0,0,0,0,0.0,0.282841,0,0.0,0,325,4,0,0.6025,0.0055,GREEN,40,Kolkata
CLM0051716,KOL_05901,Salt Lake,2020-04-21,13,0,0,0,0,0,0,0,0,0,0.0,0.196524,0,0.0,0,271,0,6,0.1439,0.0282,GREEN,23,Kolkata
CLM0051717,KOL_02853,Howrah,2022-09-07,7,0,0,0,1,1,0,0,0,1,0.0,0.276336,0,0.0,0,137,4,4,0.7126,0.3946,YELLOW,45,Kolkata
CLM0051718,KOL_07401,Esplanade,2024-11-26,15,0,0,0,0,0,0,0,0,0,1.0,1.0,0,0.0,0,59,0,4,0.8211,0.0888,GREEN,34,Kolkata
CLM0051719,KOL_02775,Tollygunge,2022-02-12,13,0,0,0,0,0,0,0,0,0,0.0,0.18049,0,0.0,0,259,3,1,0.8213,0.0,GREEN,19,Kolkata
CLM0051720,KOL_03002,Dum Dum,2025-11-25,7,0,1,1,1,1,0,0,0,1,1.0,1.0,1,1.0,1,5,0,17,0.2233,0.6547,RED,46,Kolkata
CLM0051721,KOL_00040,Dum Dum,2025-05-25,17,0,1,1,1,1,0,1,0,1,0.0,0.170728,1,0.0,1,5,2,17,0.9382,0.7836,RED,34,Kolkata
CLM0051722,KOL_04276,Behala,2024-09-07,13,0,1,1,1,1,0,1,1,1,1.0,0.373604,0,1.0,0,19,0,18,0.4475,0.6563,RED,29,Kolkata
CLM0051723,KOL_09724,Howrah,2023-11-25,8,0,1,1,1,1,1,1,1,1,1.0,0.141843,0,0.0,1,5,0,18,0.05,0.9117,RED,34,Kolkata
CLM0051724,KOL_06307,Howrah,2025-11-08,12,0,1,1,0,0,0,1,1,0,1.0,1.0,0,1.0,0,15,1,18,0.05,0.2014,GREEN,22,Kolkata
CLM0051725,KOL_05195,Esplanade,2025-06-03,16,0,1,1,0,1,0,1,1,0,1.0,0.935045,1,1.0,1,10,2,18,0.1281,0.5683,YELLOW,39,Kolkata
CLM0051726,KOL_07216,Sealdah,2023-09-01,16,0,1,1,1,1,1,1,1,0,1.0,0.523579,0,1.0,0,5,1,18,0.05,0.6279,RED,20,Kolkata
CLM0051727,KOL_07866,Tollygunge,2025-01-02,19,0,1,1,0,0,0,0,0,0,0.0,0.286493,0,0.0,0,420,2,0,0.8401,0.4347,YELLOW,29,Kolkata
CLM0051728,KOL_04031,Howrah,2021-12-16,17,0,0,0,0,0,0,0,0,0,0.0,0.397091,0,0.0,0,367,2,5,0.05,0.0811,GREEN,39,Kolkata
CLM0051729,KOL_00321,Behala,2024-08-23,8,0,0,0,0,0,0,0,0,0,0.0,0.0,0,0.0,0,283,2,0,0.889,0.0,GREEN,35,Kolkata
CLM0051730,KOL_07643,Sealdah,2025-05-21,17,0,1,1,1,0,1,1,1,1,1.0,0.961609,0,0.0,0,27,3,18,0.2198,0.2827,GREEN,34,Kolkata
CLM0051731,KOL_05963,New Town,2025-10-11,15,0,0,0,1,0,0,0,0,0,0.0,0.215814,0,0.0,0,319,0,0,0.8784,0.1642,GREEN,33,Kolkata
CLM0051732,KOL_09163,Dum Dum,2024-09-19,13,0,0,0,0,0,0,0,1,0,0.0,1.0,0,0.0,0,420,3,0,0.9733,0.0504,GREEN,37,Kolkata
CLM0051733,KOL_04266,Salt Lake,2024-08-17,11,0,0,0,0,0,0,0,0,1,0.0,0.995841,0,0.0,0,77,0,0,0.7848,0.1251,GREEN,42,Kolkata
CLM0051734,KOL_05187,New Town,2023-12-23,21,0,0,0,0,0,0,0,0,0,0.0,0.301501,0,0.0,0,47,1,2,0.1375,0.0,GREEN,42,Kolkata
CLM0051735,KOL_03905,Park Street,2022-11-20,9,0,0,0,0,0,0,0,0,0,0.0,0.0,0,0.0,0,45,4,1,0.9286,0.0154,GREEN,37,Kolkata
CLM0051736,KOL_02224,Dum Dum,2022-09-14,20,0,0,0,0,0,0,0,0,0,0.0,0.275489,0,0.0,0,272,3,1,0.0758,0.0126,GREEN,22,Kolkata
CLM0051737,KOL_01307,Tollygunge,2023-10-25,8,0,0,0,0,0,0,0,0,0,0.0,0.132019,0,0.0,0,62,0,3,0.6851,0.0497,GREEN,30,Kolkata
CLM0051738,KOL_00213,Howrah,2021-11-15,8,0,0,0,0,0,0,0,0,0,0.0,0.066118,0,0.0,0,267,2,2,0.087,0.0228,GREEN,40,Kolkata
CLM0051739,KOL_07013,Behala,2019-03-09,10,0,0,0,0,0,0,0,0,0,0.0,0.108262,0,0.0,0,204,1,2,0.8593,0.0,GREEN,57,Kolkata
CLM0051740,KOL_06088,Park Street,2017-12-28,15,0,0,0,0,0,0,0,0,0,0.0,0.42861,0,0.0,0,193,1,3,0.6023,0.0863,GREEN,52,Kolkata
CLM0051741,KOL_03992,Howrah,2024-06-23,8,0,0,0,0,0,0,0,0,1,1.0,0.95894,0,0.0,0,43,0,4,0.8296,0.1297,GREEN,54,Kolkata
CLM0051742,KOL_02854,Sealdah,2018-03-21,21,0,0,0,0,0,0,0,0,0,0.0,0.161433,0,0.0,0,118,2,3,0.1564,0.0029,GREEN,36,Kolkata
CLM0051743,KOL_09137,Park Street,2024-05-25,17,0,0,0,0,0,0,0,0,0,0.0,0.262445,0,0.0,1,124,3,1,0.617,0.0026,GREEN,44,Kolkata
CLM0051744,KOL_06121,Garia,2019-10-02,11,0,1,1,0,0,1,0,0,0,0.0,0.241105,0,0.0,0,382,4,0,0.6237,0.014,GREEN,23,Kolkata
CLM0051745,KOL_01468,Behala,2023-07-03,20,0,0,0,0,0,0,0,1,0,0.0,0.243403,0,0.0,0,317,1,5,0.7084,0.0936,GREEN,29,Kolkata
CLM0051746,KOL_01195,Salt Lake,2020-11-11,19,0,0,0,0,0,0,0,0,0,0.0,0.19424,0,0.0,0,5,1,6,0.1742,0.0017,GREEN,35,Kolkata
CLM0051747,KOL_04853,New Town,2024-05-18,14,0,0,0,0,0,0,0,0,0,0.0,1.0,0,0.0,0,420,1,0,0.6086,0.0443,GREEN,49,Kolkata
CLM0051748,KOL_07227,Howrah,2021-07-23,15,0,0,0,0,0,0,0,0,0,1.0,1.0,0,1.0,0,231,1,0,0.5954,0.0,GREEN,19,Kolkata
CLM0051749,KOL_06009,Salt Lake,2019-08-21,16,0,0,0,0,0,0,0,0,0,0.0,0.256029,0,0.0,0,319,3,6,0.6636,0.0,GREEN,27,Kolkata
CLM0051750,KOL_07697,Behala,2025-03-03,18,0,0,0,0,0,1,0,0,0,0.0,0.302886,0,0.0,0,226,2,4,0.4991,0.1849,GREEN,53,Kolkata
CLM0051751,KOL_05533,New Town,2022-02-01,10,0,0,0,0,0,0,0,0,0,0.0,0.183358,0,0.0,0,271,2,5,0.1693,0.1115,GREEN,29,Kolkata
CLM0051752,KOL_08690,New Town,2018-12-14,17,0,0,0,0,0,1,0,0,0,0.0,0.272557,0,0.0,0,175,2,2,0.1657,0.101,GREEN,46,Kolkata
CLM0051753,KOL_03127,Behala,2019-08-04,12,0,0,0,0,0,0,0,1,0,0.0,0.226195,0,0.0,0,232,2,0,0.5914,0.0688,GREEN,40,Kolkata
CLM0051754,KOL_05680,New Town,2023-04-17,17,0,0,0,1,1,0,0,0,0,1.0,0.925143,0,1.0,0,398,1,5,0.98,0.2779,GREEN,26,Kolkata
CLM0051755,KOL_00924,Garia,2022-07-04,12,0,0,0,0,0,0,0,1,0,0.0,0.170201,0,0.0,0,117,3,0,0.98,0.0964,GREEN,50,Kolkata
CLM0051756,KOL_03668,Behala,2022-05-04,15,0,0,0,0,0,0,0,0,0,0.0,0.989801,1,0.0,0,248,4,1,0.7683,0.1338,GREEN,58,Kolkata
CLM0051757,KOL_04620,Garia,2017-03-05,14,0,0,0,0,0,0,0,0,0,0.0,0.407992,1,0.0,0,331,3,3,0.2175,0.0001,GREEN,34,Kolkata
CLM0051758,KOL_08962,Esplanade,2023-07-13,11,0,0,0,0,0,0,0,0,0,0.0,0.09211,0,0.0,0,169,3,3,0.8462,0.0085,GREEN,27,Kolkata
CLM0051759,KOL_05753,Sealdah,2022-08-01,8,0,0,0,0,0,0,1,0,0,1.0,0.286045,0,0.0,0,341,1,0,0.2688,0.1058,GREEN,36,Kolkata
CLM0051760,KOL_05619,Salt Lake,2021-06-05,8,0,0,0,0,0,0,1,0,0,0.0,0.228569,0,0.0,0,29,4,5,0.6078,0.051,GREEN,33,Kolkata
CLM0051761,KOL_09642,Dum Dum,2025-01-22,13,0,1,1,1,0,0,0,1,1,1.0,1.0,1,1.0,0,44,2,18,0.2866,0.039,GREEN,49,Kolkata
CLM0051762,KOL_08008,Howrah,2023-11-19,17,0,0,0,0,1,0,0,1,0,1.0,0.135666,0,0.0,0,400,2,6,0.4964,0.2576,GREEN,26,Kolkata
CLM0051763,KOL_02091,Garia,2025-07-06,7,0,0,0,0,0,0,0,0,0,0.0,0.368446,0,0.0,0,137,0,3,0.541,0.0188,GREEN,18,Kolkata
CLM0051764,KOL_05887,Howrah,2023-06-09,16,0,0,0,0,0,0,0,0,0,0.0,0.0,0,0.0,0,23,0,1,0.98,0.0,GREEN,18,Kolkata
CLM0051765,KOL_03121,Howrah,2022-12-22,17,0,0,0,0,0,0,0,0,1,0.0,0.064137,0,0.0,0,420,1,6,0.05,0.111,GREEN,43,Kolkata
CLM0051766,KOL_03565,Dum Dum,2024-10-18,7,0,0,0,0,0,0,0,1,0,0.0,0.391528,0,0.0,0,222,4,1,0.6014,0.0596,GREEN,39,Kolkata
CLM0051767,KOL_03215,Esplanade,2025-08-26,17,0,0,0,0,0,1,0,0,1,0.0,0.106056,0,0.0,0,249,3,0,0.7108,0.3208,YELLOW,37,Kolkata
CLM0051768,KOL_01155,Sealdah,2024-04-13,9,0,0,0,0,0,0,0,1,0,0.0,0.231335,0,0.0,0,404,0,4,0.9587,0.0958,GREEN,39,Kolkata
CLM0051769,KOL_02654,Salt Lake,2018-03-20,9,0,0,0,0,0,0,0,0,1,0.0,0.140727,0,1.0,0,179,4,4,0.6788,0.0869,GREEN,36,Kolkata
CLM0051770,KOL_02221,Salt Lake,2024-03-13,19,0,0,0,0,0,0,0,0,0,0.0,0.408741,0,0.0,1,156,3,0,0.2289,0.0254,GREEN,44,Kolkata
CLM0051771,KOL_00946,Sealdah,2019-05-29,11,0,0,0,0,0,0,1,1,0,0.0,0.247545,0,1.0,0,86,1,3,0.5773,0.1161,GREEN,50,Kolkata
CLM0051772,KOL_05994,Howrah,2019-08-13,16,0,0,0,0,0,1,0,0,0,0.0,0.05267,0,0.0,0,233,0,0,0.7297,0.2098,GREEN,36,Kolkata
CLM0051773,KOL_08619,Behala,2022-10-21,10,0,0,0,0,0,0,0,0,0,0.0,0.376289,0,0.0,0,326,1,0,0.2032,0.0,GREEN,39,Kolkata
CLM0051774,KOL_00512,Salt Lake,2023-05-14,21,0,0,0,0,0,0,1,0,0,0.0,0.214597,0,0.0,0,205,1,3,0.2333,0.0711,GREEN,33,Kolkata
CLM0051775,KOL_09923,Esplanade,2020-03-18,8,0,0,0,0,0,0,0,0,0,0.0,0.297068,1,0.0,0,143,3,1,0.98,0.0167,GREEN,58,Kolkata
CLM0051776,KOL_04770,Behala,2025-01-16,8,0,0,0,0,0,0,0,0,0,0.0,0.305435,0,0.0,0,182,3,0,0.6985,0.0,GREEN,38,Kolkata
CLM0051777,KOL_04976,Howrah,2021-10-11,18,0,0,0,0,0,0,0,0,0,0.0,0.28438,0,0.0,0,420,2,1,0.709,0.0043,GREEN,40,Kolkata
CLM0051778,KOL_00705,Salt Lake,2017-10-10,19,0,1,1,0,0,0,0,0,0,1.0,0.95743,0,0.0,0,420,0,3,0.8785,0.075,GREEN,38,Kolkata
CLM0051779,KOL_05881,Dum Dum,2024-11-09,21,0,0,0,0,0,0,0,0,0,0.0,0.381729,0,0.0,0,194,0,0,0.9681,0.0337,GREEN,24,Kolkata
CLM0051780,KOL_08561,Park Street,2022-06-27,14,0,0,0,0,0,0,0,0,0,0.0,0.139201,0,0.0,0,37,0,0,0.9707,0.1077,GREEN,41,Kolkata
CLM0051781,KOL_02966,Howrah,2025-04-20,17,0,0,0,0,0,1,0,0,0,0.0,0.35866,0,0.0,0,266,0,4,0.4163,0.0805,GREEN,45,Kolkata
CLM0051782,KOL_06368,Esplanade,2018-04-25,8,0,0,0,0,0,0,1,0,0,0.0,0.930459,0,0.0,0,332,1,3,0.7522,0.0922,GREEN,26,Kolkata
CLM0051783,KOL_08845,Howrah,2017-04-16,20,0,0,0,1,0,1,0,1,1,1.0,0.011774,0,0.0,1,5,0,18,0.0732,0.0,GREEN,32,Kolkata
CLM0051784,KOL_03563,New Town,2022-01-13,9,0,0,0,0,0,1,0,0,0,0.0,0.406461,0,0.0,0,136,0,3,0.6456,0.0929,GREEN,18,Kolkata
CLM0051785,KOL_03496,Park Street,2023-11-29,11,0,0,0,0,0,0,0,0,0,0.0,0.188929,0,0.0,0,213,3,1,0.8049,0.0,GREEN,46,Kolkata
CLM0051786,KOL_09093,Sealdah,2024-01-24,12,0,0,0,0,0,0,0,0,0,0.0,0.17258,0,1.0,0,404,2,5,0.4804,0.07,GREEN,27,Kolkata
CLM0051787,KOL_04969,Sealdah,2022-09-06,15,0,0,0,0,0,0,0,0,0,0.0,0.480319,0,0.0,0,72,2,1,0.5976,0.0676,GREEN,31,Kolkata
CLM0051788,KOL_06814,Esplanade,2025-02-13,15,0,0,0,0,1,0,0,1,0,0.0,0.183587,0,0.0,0,68,4,0,0.7596,0.09,GREEN,40,Kolkata
CLM0051789,KOL_02411,Dum Dum,2024-11-19,16,0,0,0,0,0,0,0,0,0,0.0,0.057021,0,0.0,0,420,2,0,0.6618,0.0,GREEN,46,Kolkata
CLM0051790,KOL_02211,Sealdah,2022-10-27,14,0,0,0,1,0,0,0,0,0,0.0,0.105233,0,0.0,0,63,1,3,0.8567,0.1357,GREEN,23,Kolkata
CLM0051791,KOL_01803,Garia,2023-12-11,16,1,0,0,0,0,0,0,0,0,0.0,0.053264,0,0.0,0,42,3,1,0.9085,0.0364,GREEN,24,Kolkata
CLM0051792,KOL_01394,Behala,2022-10-21,14,0,0,0,0,0,1,0,0,0,0.0,0.070066,0,0.0,0,264,2,2,0.4738,0.0684,GREEN,51,Kolkata
CLM0051793,KOL_07361,Salt Lake,2025-06-16,12,0,0,0,0,0,0,0,0,0,0.0,0.024833,0,0.0,0,372,2,2,0.05,0.0083,GREEN,18,Kolkata
CLM0051794,KOL_07176,Dum Dum,2022-05-29,10,0,0,0,0,1,0,0,0,0,0.0,0.372332,0,0.0,0,242,4,4,0.7688,0.1681,GREEN,42,Kolkata
CLM0051795,KOL_06572,Park Street,2021-09-17,19,0,0,0,0,0,0,0,0,0,0.0,0.130421,0,0.0,1,150,2,6,0.9577,0.1093,GREEN,32,Kolkata
CLM0051796,KOL_05174,Salt Lake,2020-02-03,19,0,0,0,0,0,0,0,0,0,0.0,0.351284,0,0.0,0,211,2,0,0.1569,0.0395,GREEN,45,Kolkata
CLM0051797,KOL_01582,New Town,2019-09-02,18,0,0,0,0,0,0,0,0,0,0.0,0.424746,0,0.0,1,72,2,4,0.9598,0.1693,GREEN,23,Kolkata
CLM0051798,KOL_02559,Tollygunge,2024-06-27,9,0,0,0,0,0,0,0,0,0,1.0,0.162507,0,0.0,0,15,1,2,0.7767,0.1273,GREEN,32,Kolkata
CLM0051799,KOL_06541,Dum Dum,2025-03-18,12,0,0,0,0,0,0,0,1,0,0.0,0.381556,0,0.0,0,114,3,2,0.05,0.0331,GREEN,49,Kolkata
CLM0051800,KOL_08787,Tollygunge,2022-01-08,10,0,0,0,1,0,0,0,1,0,0.0,0.26908,0,0.0,1,180,2,0,0.8626,0.3233,YELLOW,18,Kolkata
CLM0051801,KOL_02081,Sealdah,2018-08-13,7,0,0,0,0,0,0,0,0,0,0.0,0.283397,0,0.0,0,131,1,3,0.05,0.0234,GREEN,27,Kolkata
CLM0051802,KOL_04429,Dum Dum,2018-11-10,11,0,0,0,0,0,0,0,0,0,0.0,0.347437,0,0.0,0,303,0,3,0.9045,0.026,GREEN,32,Kolkata
CLM0051803,KOL_09605,Esplanade,2020-11-01,9,0,0,0,0,0,0,1,0,0,0.0,0.4065,0,1.0,0,188,1,0,0.7287,0.03,GREEN,40,Kolkata
CLM0051804,KOL_03776,Dum Dum,2022-04-06,9,0,0,0,0,0,0,0,0,0,0.0,1.0,0,0.0,0,214,2,2,0.98,0.0632,GREEN,34,Kolkata
CLM0051805,KOL_09995,New Town,2022-03-31,18,0,0,0,1,1,0,1,1,1,1.0,1.0,0,0.0,0,5,3,18,0.1917,0.1283,GREEN,38,Kolkata
CLM0051806,KOL_02143,Sealdah,2017-06-18,12,0,0,0,0,0,0,0,0,0,0.0,0.157866,0,0.0,0,128,0,2,0.52,0.0331,GREEN,26,Kolkata
CLM0051807,KOL_00234,Salt Lake,2024-02-22,9,0,0,0,0,0,0,0,0,0,0.0,0.324622,0,0.0,0,62,0,0,0.105,0.0369,GREEN,38,Kolkata
CLM0051808,KOL_00747,Esplanade,2022-11-25,9,0,0,0,0,0,0,0,0,0,0.0,0.06963,0,0.0,0,417,0,4,0.5856,0.0,GREEN,32,Kolkata
CLM0051809,KOL_00904,New Town,2022-11-14,17,0,0,0,0,0,0,0,0,0,0.0,0.219172,0,0.0,0,393,2,5,0.5513,0.0,GREEN,43,Kolkata
CLM0051810,KOL_00770,Garia,2023-04-23,7,0,0,0,0,0,0,0,1,0,0.0,0.105271,0,0.0,0,232,3,3,0.6718,0.0773,GREEN,63,Kolkata
CLM0051811,KOL_07573,New Town,2020-02-23,9,0,0,0,0,1,1,0,0,0,1.0,0.187509,0,0.0,0,253,0,2,0.533,0.2211,GREEN,33,Kolkata
CLM0051812,KOL_05857,Tollygunge,2017-12-14,11,0,0,0,0,0,0,0,0,0,1.0,0.129831,0,0.0,0,420,1,0,0.5271,0.0491,GREEN,56,Kolkata
CLM0051813,KOL_07610,Sealdah,2019-07-01,16,0,0,0,0,0,0,0,1,0,0.0,0.192165,0,0.0,0,262,2,0,0.7518,0.0121,GREEN,39,Kolkata
CLM0051814,KOL_03968,Howrah,2023-12-27,8,0,0,0,0,0,0,0,0,0,0.0,0.122421,0,0.0,0,269,0,2,0.9268,0.1035,GREEN,37,Kolkata
CLM0051815,KOL_07908,Howrah,2023-04-01,13,0,0,0,0,0,0,0,1,0,0.0,0.961529,0,0.0,0,291,4,0,0.4138,0.1434,GREEN,40,Kolkata
CLM0051816,KOL_03138,Dum Dum,2025-08-10,13,0,0,0,0,0,1,0,0,0,0.0,0.272093,0,0.0,0,331,3,3,0.8631,0.0644,GREEN,52,Kolkata
CLM0051817,KOL_00148,Garia,2025-11-30,16,0,0,0,0,0,0,0,0,0,0.0,0.281408,0,0.0,0,140,2,3,0.9302,0.0,GREEN,33,Kolkata
CLM0051818,KOL_07407,Tollygunge,2025-11-18,16,0,0,0,0,0,1,0,0,0,0.0,0.147099,1,0.0,0,142,2,2,0.6392,0.2213,GREEN,46,Kolkata
CLM0051819,KOL_03620,Howrah,2025-02-16,13,0,0,0,0,0,0,0,0,1,0.0,0.43253,0,0.0,0,275,3,0,0.1203,0.1425,GREEN,46,Kolkata
CLM0051820,KOL_05639,Dum Dum,2025-09-24,19,0,0,0,0,0,0,0,0,1,0.0,0.191125,0,0.0,0,420,2,5,0.05,0.159,GREEN,36,Kolkata
CLM0051821,KOL_09588,Garia,2025-07-16,19,0,0,0,0,0,0,0,0,0,0.0,0.202066,0,0.0,0,420,3,0,0.9561,0.0426,GREEN,43,Kolkata
CLM0051822,KOL_02488,Park Street,2025-07-16,9,0,1,1,0,0,0,0,0,0,0.0,0.041337,0,0.0,0,420,4,3,0.6297,0.0636,GREEN,19,Kolkata
CLM0051823,KOL_06647,Tollygunge,2022-05-09,19,0,0,0,0,0,1,0,0,0,0.0,0.963273,0,0.0,0,170,2,5,0.9735,0.0784,GREEN,28,Kolkata
CLM0051824,KOL_00538,Esplanade,2023-11-19,21,0,0,0,0,0,0,0,0,0,0.0,0.364702,0,0.0,0,80,0,1,0.5462,0.0429,GREEN,43,Kolkata
CLM0051825,KOL_08413,Behala,2021-05-03,20,0,0,0,1,0,0,0,1,0,0.0,0.335107,0,0.0,0,39,2,0,0.05,0.1949,GREEN,23,Kolkata
CLM0051826,KOL_01394,Behala,2022-01-06,15,0,0,0,0,0,0,0,0,0,0.0,0.062332,0,0.0,0,174,2,1,0.8122,0.0106,GREEN,51,Kolkata
CLM0051827,KOL_00006,Tollygunge,2024-01-23,21,0,0,0,0,0,1,0,0,0,0.0,0.201149,0,0.0,0,177,2,0,0.673,0.1202,GREEN,54,Kolkata
CLM0051828,KOL_04215,Esplanade,2021-04-11,14,0,0,0,0,0,0,0,0,0,0.0,0.103447,0,0.0,0,105,1,1,0.7086,0.0,GREEN,43,Kolkata
CLM0051829,KOL_01363,Esplanade,2023-09-23,18,0,0,0,0,0,0,0,0,0,0.0,0.161262,0,0.0,0,250,0,4,0.98,0.0,GREEN,28,Kolkata
CLM0051830,KOL_06170,Park Street,2023-05-19,15,0,0,0,0,0,0,0,0,0,0.0,0.196059,0,0.0,0,258,3,4,0.765,0.0666,GREEN,41,Kolkata
CLM0051831,KOL_03600,Esplanade,2024-05-02,11,0,0,0,0,0,0,0,0,0,0.0,0.38784,0,0.0,1,298,1,3,0.4699,0.102,GREEN,43,Kolkata
CLM0051832,KOL_09003,Sealdah,2023-06-25,15,0,0,0,0,0,0,0,1,0,0.0,0.0,0,0.0,0,167,4,2,0.8461,0.1458,GREEN,38,Kolkata
CLM0051833,KOL_08635,Howrah,2024-04-03,10,0,0,0,0,0,0,0,0,0,1.0,0.383279,0,0.0,1,75,2,1,0.0942,0.1627,GREEN,26,Kolkata
CLM0051834,KOL_09111,Sealdah,2023-10-23,17,0,0,0,0,1,0,0,0,0,0.0,0.058899,0,0.0,0,414,0,4,0.9298,0.1307,GREEN,36,Kolkata
CLM0051835,KOL_05909,New Town,2024-09-22,13,0,0,0,0,0,0,0,0,0,0.0,0.181435,0,0.0,0,103,0,2,0.818,0.0,GREEN,31,Kolkata
CLM0051836,KOL_06754,Tollygunge,2023-06-23,18,0,0,0,1,1,0,1,1,0,1.0,0.998845,0,1.0,1,5,1,10,0.8177,0.0452,GREEN,29,Kolkata
CLM0051837,KOL_09464,Esplanade,2024-01-11,14,0,0,0,0,0,0,0,0,0,1.0,1.0,0,1.0,0,365,3,2,0.929,0.0198,GREEN,36,Kolkata
CLM0051838,KOL_07596,Tollygunge,2024-02-10,7,0,0,0,0,0,0,0,0,0,0.0,0.351995,0,0.0,0,239,4,5,0.7597,0.0073,GREEN,36,Kolkata
CLM0051839,KOL_03869,Sealdah,2025-08-31,20,0,0,0,0,0,0,0,0,1,0.0,0.280032,0,0.0,0,371,1,3,0.5354,0.1186,GREEN,32,Kolkata
CLM0051840,KOL_04062,Park Street,2025-11-16,8,0,0,0,0,0,1,0,0,0,0.0,0.096555,0,0.0,0,323,2,1,0.9211,0.1151,GREEN,32,Kolkata
CLM0051841,KOL_08236,Howrah,2024-12-23,21,0,0,0,0,0,0,0,0,1,0.0,0.306648,0,0.0,0,250,2,6,0.8541,0.1239,GREEN,28,Kolkata
CLM0051842,KOL_08618,Howrah,2024-02-03,15,0,0,0,1,0,0,0,0,0,0.0,0.177122,1,0.0,0,380,4,1,0.3834,0.2344,GREEN,30,Kolkata
CLM0051843,KOL_03337,Sealdah,2025-10-28,19,0,0,0,1,0,0,0,0,0,0.0,0.040023,0,0.0,0,248,0,3,0.5618,0.1799,GREEN,21,Kolkata
CLM0051844,KOL_04044,Park Street,2020-01-01,7,0,0,0,1,0,0,0,0,0,1.0,0.983963,0,1.0,0,382,4,3,0.9517,0.1374,GREEN,38,Kolkata
CLM0051845,KOL_02136,Park Street,2019-03-07,12,0,0,0,0,0,0,0,1,0,0.0,0.178241,0,0.0,0,189,0,1,0.6971,0.0747,GREEN,37,Kolkata
CLM0051846,KOL_02555,New Town,2020-08-20,17,0,0,0,0,0,1,0,0,0,0.0,0.346453,0,0.0,0,20,1,3,0.3638,0.1373,GREEN,38,Kolkata
CLM0051847,KOL_02626,Esplanade,2024-12-24,13,0,0,0,0,0,0,0,0,0,0.0,0.057971,0,0.0,0,27,4,0,0.8846,0.0,GREEN,34,Kolkata
CLM0051848,KOL_07472,Garia,2023-08-31,9,0,0,0,0,0,0,0,1,0,0.0,0.245702,0,0.0,0,25,0,1,0.4694,0.1666,GREEN,40,Kolkata
CLM0051849,KOL_01701,Sealdah,2017-12-10,16,0,0,0,0,0,0,1,0,0,0.0,0.0,0,0.0,0,404,1,3,0.323,0.0903,GREEN,33,Kolkata
CLM0051850,KOL_00146,Howrah,2022-09-06,20,0,0,0,1,0,0,0,0,0,0.0,0.112963,0,1.0,0,60,3,2,0.7585,0.1464,GREEN,37,Kolkata
CLM0051851,KOL_00067,Howrah,2023-11-28,9,0,0,0,0,0,0,0,0,0,1.0,0.300434,0,0.0,1,242,4,5,0.6813,0.1721,GREEN,38,Kolkata
CLM0051852,KOL_06889,Tollygunge,2025-10-21,19,0,0,0,0,0,0,0,0,0,0.0,0.974043,0,0.0,1,89,2,2,0.7809,0.0,GREEN,43,Kolkata
CLM0051853,KOL_05780,Sealdah,2024-01-25,15,0,0,0,0,0,0,0,0,0,0.0,0.080178,0,0.0,0,371,3,0,0.98,0.0604,GREEN,46,Kolkata
CLM0051854,KOL_03865,Park Street,2023-02-25,20,0,0,0,0,0,1,0,0,0,0.0,0.113908,0,0.0,0,46,2,1,0.191,0.0845,GREEN,33,Kolkata
CLM0051855,KOL_00905,New Town,2019-08-05,15,0,0,0,0,1,0,1,0,0,0.0,0.076462,0,0.0,0,315,0,1,0.5737,0.2706,GREEN,26,Kolkata
CLM0051856,KOL_02347,New Town,2025-08-23,19,0,0,0,0,0,0,0,0,0,1.0,0.973151,0,1.0,0,420,3,0,0.05,0.0373,GREEN,37,Kolkata
CLM0051857,KOL_00806,Salt Lake,2025-10-27,18,0,0,0,1,0,0,1,1,1,0.0,0.167008,0,0.0,1,9,4,18,0.7464,0.0,GREEN,38,Kolkata
CLM0051858,KOL_02815,Behala,2022-12-18,19,0,0,0,0,0,0,0,0,0,0.0,0.122693,0,0.0,0,420,3,5,0.6385,0.0,GREEN,33,Kolkata
CLM0051859,KOL_03941,Howrah,2023-03-06,8,0,0,0,0,0,0,0,1,0,0.0,0.154597,0,0.0,0,376,0,0,0.98,0.0445,GREEN,41,Kolkata
CLM0051860,KOL_08570,Howrah,2024-02-18,13,0,0,0,0,0,0,0,0,0,0.0,1.0,0,0.0,0,330,1,1,0.5608,0.0639,GREEN,27,Kolkata
CLM0051861,KOL_01215,New Town,2024-03-30,14,0,0,0,0,0,1,0,0,1,0.0,0.012406,0,0.0,0,284,0,3,0.8057,0.2251,GREEN,27,Kolkata
CLM0051862,KOL_00023,Behala,2020-08-16,7,0,0,0,0,0,0,0,0,0,0.0,0.22971,0,0.0,0,125,3,9,0.98,0.0,GREEN,18,Kolkata
CLM0051863,KOL_09801,Esplanade,2022-05-28,8,0,0,0,0,0,0,0,0,0,0.0,0.276888,0,0.0,0,420,2,3,0.7622,0.0607,GREEN,18,Kolkata
CLM0051864,KOL_08703,Tollygunge,2024-06-17,7,0,0,0,0,0,0,0,0,0,0.0,0.082398,0,0.0,0,380,4,0,0.8797,0.0,GREEN,43,Kolkata
CLM0051865,KOL_04917,Tollygunge,2022-12-09,20,0,0,0,0,0,0,0,0,0,0.0,0.213703,1,0.0,0,373,4,2,0.9492,0.094,GREEN,37,Kolkata
CLM0051866,KOL_03190,Esplanade,2017-12-29,7,0,0,0,0,1,0,0,0,0,0.0,0.224898,0,1.0,0,221,4,5,0.7234,0.0987,GREEN,18,Kolkata
CLM0051867,KOL_02760,Garia,2024-12-24,15,0,0,0,0,0,1,0,0,0,1.0,0.138276,0,0.0,0,236,3,2,0.7006,0.1189,GREEN,40,Kolkata
CLM0051868,KOL_06569,Tollygunge,2015-05-21,16,0,0,0,0,0,1,1,0,0,0.0,0.248011,0,0.0,0,101,2,4,0.6582,0.2128,GREEN,41,Kolkata
CLM0051869,KOL_08063,Garia,2022-12-11,8,0,0,0,0,0,0,0,0,0,0.0,0.280803,0,0.0,0,103,0,2,0.7566,0.0,GREEN,54,Kolkata
CLM0051870,KOL_05390,Esplanade,2022-12-25,12,0,0,0,0,0,0,0,1,0,1.0,0.108103,0,0.0,0,420,0,4,0.6091,0.0443,GREEN,37,Kolkata
CLM0051871,KOL_04217,Howrah,2023-07-10,13,0,0,0,0,0,0,0,0,0,0.0,0.157006,0,0.0,0,420,0,4,0.6277,0.0,GREEN,41,Kolkata
CLM0051872,KOL_05151,Park Street,2021-08-06,19,0,0,0,0,0,0,0,0,0,0.0,0.298202,0,0.0,0,420,2,1,0.7883,0.0583,GREEN,42,Kolkata
CLM0051873,KOL_01429,Park Street,2022-05-29,8,0,0,0,0,0,1,0,0,0,0.0,0.063066,0,0.0,0,420,4,2,0.05,0.154,GREEN,34,Kolkata
CLM0051874,KOL_07091,Howrah,2022-10-19,8,0,0,0,0,0,0,0,0,0,0.0,0.28505,0,0.0,0,266,2,1,0.98,0.0072,GREEN,35,Kolkata
CLM0051875,KOL_05131,Garia,2021-01-29,17,0,0,0,1,1,1,0,1,0,0.0,0.072741,1,0.0,0,5,4,18,0.9549,0.0726,GREEN,34,Kolkata
CLM0051876,KOL_07218,Park Street,2024-05-14,15,0,0,0,0,0,0,0,0,0,0.0,0.072411,0,0.0,0,340,1,5,0.6283,0.0,GREEN,34,Kolkata
CLM0051877,KOL_04438,New Town,2019-03-20,20,0,0,0,0,0,0,0,0,0,0.0,0.0,0,0.0,0,250,1,0,0.05,0.0,GREEN,45,Kolkata
CLM0051878,KOL_05003,Salt Lake,2018-07-23,12,0,0,0,1,1,0,1,1,0,0.0,1.0,1,0.0,1,15,4,18,0.05,0.1942,GREEN,24,Kolkata
CLM0051879,KOL_09863,Salt Lake,2019-11-28,10,0,0,0,0,0,0,0,0,0,0.0,0.202538,1,0.0,0,273,1,0,0.6263,0.0851,GREEN,48,Kolkata
CLM0051880,KOL_08698,Salt Lake,2018-11-23,12,0,0,0,0,0,0,0,0,0,0.0,0.192101,0,0.0,0,155,0,2,0.98,0.0224,GREEN,44,Kolkata
CLM0051881,KOL_03458,Salt Lake,2025-10-21,20,0,0,0,0,0,0,0,0,0,0.0,0.1779,0,0.0,0,88,0,0,0.766,0.0,GREEN,22,Kolkata
CLM0051882,KOL_05182,Esplanade,2025-01-12,19,0,0,0,0,0,0,0,0,0,1.0,0.367781,0,0.0,0,253,4,0,0.8446,0.0,GREEN,45,Kolkata
CLM0051883,KOL_01735,Salt Lake,2025-06-25,9,0,0,0,0,0,0,0,0,0,0.0,0.429328,0,0.0,0,155,0,2,0.6856,0.0315,GREEN,41,Kolkata
CLM0051884,KOL_01866,Park Street,2025-05-11,10,0,0,0,0,0,0,0,0,0,0.0,0.097397,0,0.0,0,332,1,1,0.98,0.0333,GREEN,35,Kolkata
CLM0051885,KOL_02832,Salt Lake,2016-09-15,8,0,1,1,0,1,0,1,1,0,0.0,0.11801,0,0.0,1,18,2,18,0.8373,0.3117,YELLOW,49,Kolkata
CLM0051886,KOL_02092,Behala,2022-06-11,11,0,1,1,0,0,0,0,0,0,0.0,0.139925,0,1.0,0,331,2,3,0.98,0.6959,RED,24,Kolkata
CLM0051887,KOL_00050,Tollygunge,2024-10-20,13,0,1,1,1,1,0,1,1,1,1.0,0.961427,0,0.0,0,41,2,15,0.1134,0.6785,RED,45,Kolkata
CLM0051888,KOL_08112,Sealdah,2025-08-23,10,0,1,1,0,0,0,1,1,0,0.0,0.073642,0,0.0,1,5,0,18,0.9458,0.4047,YELLOW,44,Kolkata
CLM0051889,KOL_07709,Salt Lake,2020-01-05,20,0,1,1,0,1,0,1,1,0,1.0,0.146275,0,1.0,1,5,2,18,0.3208,0.37,YELLOW,35,Kolkata
CLM0051890,KOL_04211,Tollygunge,2025-04-13,12,0,1,1,1,1,1,1,1,0,0.0,1.0,1,1.0,1,9,1,18,0.4386,0.7156,RED,46,Kolkata
CLM0051891,KOL_04762,Howrah,2023-11-30,9,0,1,1,1,0,0,1,1,1,0.0,0.995014,0,0.0,1,24,0,18,0.2787,0.6264,RED,36,Kolkata
CLM0051892,KOL_06168,Salt Lake,2023-01-25,7,0,1,1,1,0,0,0,0,1,1.0,0.0,0,0.0,0,5,0,18,0.2297,0.4012,YELLOW,20,Kolkata
CLM0051893,KOL_09297,Salt Lake,2018-10-13,20,0,1,1,1,1,1,1,1,0,1.0,0.15219,1,0.0,0,5,0,18,0.211,0.6985,RED,19,Kolkata
CLM0051894,KOL_01787,Salt Lake,2025-02-15,19,0,1,1,0,0,0,1,0,1,0.0,0.061269,0,0.0,0,19,1,18,0.8641,0.2301,GREEN,38,Kolkata
CLM0051895,KOL_01903,New Town,2019-07-06,16,0,1,1,1,0,0,0,1,1,1.0,0.907135,0,0.0,0,5,2,18,0.354,0.6899,RED,42,Kolkata
CLM0051896,KOL_08335,New Town,2025-12-04,8,0,0,0,0,0,0,1,1,0,0.0,0.448407,0,0.0,0,374,0,3,0.8688,0.2306,GREEN,26,Kolkata
CLM0051897,KOL_03123,Garia,2024-10-10,19,0,0,0,0,0,1,0,0,0,0.0,0.372074,0,0.0,0,331,2,4,0.6515,0.2282,GREEN,32,Kolkata
CLM0051898,KOL_08616,Behala,2025-05-01,17,0,0,0,0,0,0,0,0,0,0.0,0.057235,0,0.0,1,142,1,0,0.8201,0.0,GREEN,34,Kolkata
CLM0051899,KOL_06575,Salt Lake,2025-11-22,21,0,0,0,0,0,0,0,0,0,0.0,0.208971,0,0.0,0,205,2,0,0.6655,0.0069,GREEN,31,Kolkata
CLM0051900,KOL_02824,Tollygunge,2024-06-13,13,0,1,1,0,0,0,0,0,0,0.0,0.217436,0,0.0,0,31,2,4,0.5477,0.0076,GREEN,38,Kolkata
CLM0051901,KOL_00301,Garia,2024-03-22,21,0,0,0,0,0,1,0,0,0,0.0,0.161703,0,0.0,0,123,0,2,0.5752,0.0931,GREEN,35,Kolkata
CLM0051902,KOL_05450,Dum Dum,2024-02-22,7,0,0,0,0,0,0,0,1,0,0.0,0.329966,0,0.0,0,53,1,4,0.7853,0.0996,GREEN,42,Kolkata
CLM0051903,KOL_05336,Tollygunge,2019-02-28,17,0,0,0,0,0,0,0,0,0,0.0,0.966985,0,0.0,0,420,4,0,0.929,0.0,GREEN,39,Kolkata
CLM0051904,KOL_09499,Garia,2019-11-07,10,0,0,0,0,0,0,1,0,0,0.0,0.176746,0,0.0,0,420,0,3,0.1745,0.1346,GREEN,48,Kolkata
CLM0051905,KOL_06508,Park Street,2019-02-20,15,0,0,0,0,0,0,0,0,0,0.0,0.246334,0,0.0,0,420,4,1,0.98,0.0,GREEN,52,Kolkata
CLM0051906,KOL_02120,Park Street,2020-03-07,21,0,0,0,0,0,0,0,0,1,0.0,0.211958,0,0.0,0,176,0,3,0.6062,0.1186,GREEN,25,Kolkata
CLM0051907,KOL_09970,Garia,2023-03-10,16,0,0,0,0,0,0,0,0,0,0.0,0.0,0,0.0,0,420,1,7,0.5711,0.0,GREEN,41,Kolkata
CLM0051908,KOL_04836,Tollygunge,2020-10-03,21,0,0,0,0,0,0,0,0,0,0.0,0.225901,0,0.0,1,420,0,2,0.1585,0.0963,GREEN,25,Kolkata
CLM0051909,KOL_08215,Behala,2018-08-06,13,0,0,0,0,0,0,0,0,0,0.0,0.081557,0,0.0,0,363,4,1,0.9675,0.0,GREEN,21,Kolkata
CLM0051910,KOL_03125,Esplanade,2023-03-20,17,0,0,0,0,1,0,0,0,0,0.0,0.443235,0,0.0,0,334,2,6,0.8951,0.0179,GREEN,18,Kolkata
CLM0051911,KOL_02617,Salt Lake,2018-07-27,11,0,0,0,0,0,0,0,0,0,0.0,0.048325,0,0.0,0,163,4,0,0.7238,0.0,GREEN,31,Kolkata
CLM0051912,KOL_06161,Esplanade,2023-11-20,7,0,1,1,1,0,0,0,1,1,1.0,1.0,1,1.0,0,11,0,18,0.05,0.4736,YELLOW,34,Kolkata
CLM0051913,KOL_06372,Salt Lake,2024-06-20,20,0,1,1,0,1,1,1,1,1,1.0,1.0,0,1.0,1,5,0,18,0.0668,0.844,RED,68,Kolkata
CLM0051914,KOL_01167,Esplanade,2020-09-20,20,0,1,1,1,1,0,1,1,0,0.0,1.0,0,1.0,1,20,2,18,0.9152,0.6885,RED,36,Kolkata
CLM0051915,KOL_07618,Sealdah,2019-10-22,9,0,1,1,1,0,0,1,1,1,0.0,0.196975,0,0.0,1,17,1,18,0.9105,0.5862,YELLOW,42,Kolkata
CLM0051916,KOL_08909,Dum Dum,2021-04-17,20,0,1,1,0,0,1,1,0,1,1.0,0.908776,0,0.0,1,15,0,18,0.1263,0.6194,RED,24,Kolkata
CLM0051917,KOL_00138,Park Street,2025-06-24,11,0,1,1,1,0,1,0,1,1,0.0,1.0,0,0.0,1,12,0,18,0.4007,0.6117,RED,21,Kolkata
CLM0051918,KOL_03727,Howrah,2020-11-18,8,0,1,1,0,1,0,0,0,1,0.0,0.388589,0,0.0,0,252,2,4,0.4223,0.592,YELLOW,28,Kolkata
CLM0051919,KOL_09695,Dum Dum,2022-10-26,7,0,1,1,1,1,0,1,0,1,0.0,0.943827,0,1.0,1,13,1,18,0.164,0.7122,RED,42,Kolkata
CLM0051920,KOL_02723,Salt Lake,2020-01-12,15,0,1,1,0,0,0,0,0,0,0.0,1.0,1,0.0,0,371,2,3,0.6182,0.3995,YELLOW,53,Kolkata
CLM0051921,KOL_09871,New Town,2021-05-28,20,0,0,0,0,0,0,0,0,0,0.0,0.13013,0,0.0,0,340,3,2,0.4871,0.0895,GREEN,44,Kolkata
CLM0051922,KOL_08504,New Town,2024-06-12,13,0,0,0,0,0,1,0,1,0,1.0,0.284409,1,0.0,1,182,1,0,0.5152,0.3229,YELLOW,37,Kolkata
CLM0051923,KOL_02891,Tollygunge,2024-08-12,21,0,0,0,1,1,0,1,1,1,0.0,0.0,1,0.0,0,33,3,18,0.98,0.0,GREEN,45,Kolkata
CLM0051924,KOL_06705,New Town,2021-07-07,16,0,0,0,0,0,0,0,1,0,0.0,0.383495,0,0.0,0,22,1,3,0.9037,0.0,GREEN,54,Kolkata
CLM0051925,KOL_03359,Esplanade,2022-06-11,15,0,0,0,0,0,0,0,0,1,0.0,0.161714,0,0.0,0,262,3,0,0.6769,0.1407,GREEN,52,Kolkata
CLM0051926,KOL_05408,Behala,2025-01-19,17,0,0,0,0,0,0,0,0,0,0.0,0.264228,0,0.0,0,129,4,1,0.6148,0.0,GREEN,35,Kolkata
CLM0051927,KOL_02155,New Town,2024-11-26,8,0,0,0,0,0,0,0,0,0,0.0,0.020567,0,0.0,0,97,4,0,0.6613,0.0,GREEN,28,Kolkata
CLM0051928,KOL_02979,Park Street,2025-06-25,15,0,0,0,0,0,0,0,0,0,0.0,0.113632,1,0.0,0,339,2,2,0.8069,0.0,GREEN,36,Kolkata
CLM0051929,KOL_07261,Howrah,2023-08-07,20,0,0,0,0,0,0,0,1,0,0.0,0.119136,0,0.0,0,181,3,2,0.1979,0.0642,GREEN,20,Kolkata
CLM0051930,KOL_08465,Esplanade,2024-06-25,13,0,0,0,0,0,0,0,0,0,0.0,0.396316,0,0.0,0,298,1,3,0.8219,0.0,GREEN,32,Kolkata
CLM0051931,KOL_05406,New Town,2022-02-24,13,0,0,0,0,0,0,1,1,1,0.0,0.325014,0,0.0,0,367,0,4,0.177,0.2042,GREEN,40,Kolkata
CLM0051932,KOL_08929,Garia,2023-08-31,16,0,0,0,0,0,0,0,0,0,0.0,0.118382,0,0.0,0,420,2,1,0.98,0.0,GREEN,59,Kolkata
CLM0051933,KOL_05187,New Town,2024-04-22,12,0,0,0,0,0,0,0,0,0,0.0,0.095979,0,0.0,0,59,2,4,0.98,0.098,GREEN,42,Kolkata
CLM0051934,KOL_07068,Garia,2025-06-11,7,0,0,0,0,0,0,0,1,0,0.0,0.020027,0,0.0,0,183,2,3,0.8088,0.0568,GREEN,23,Kolkata
CLM0051935,KOL_08008,Howrah,2023-01-23,10,0,0,0,1,0,0,0,0,0,0.0,0.168555,0,0.0,0,213,4,0,0.5649,0.0955,GREEN,26,Kolkata
CLM0051936,KOL_02711,Salt Lake,2022-11-07,14,0,0,0,0,0,0,1,0,0,0.0,0.064807,0,0.0,0,211,4,0,0.6818,0.0989,GREEN,47,Kolkata
CLM0051937,KOL_07655,Park Street,2025-03-05,17,0,0,0,0,0,1,0,0,0,0.0,1.0,0,0.0,0,420,4,5,0.8759,0.0965,GREEN,40,Kolkata
CLM0051938,KOL_01892,Dum Dum,2022-04-02,21,0,0,0,0,1,0,0,0,0,0.0,0.000316,0,0.0,0,165,1,3,0.5305,0.0756,GREEN,21,Kolkata
CLM0051939,KOL_00209,Tollygunge,2022-01-15,8,0,0,0,0,0,0,0,1,0,1.0,0.396278,0,0.0,0,420,0,1,0.905,0.1989,GREEN,32,Kolkata
CLM0051940,KOL_02135,Park Street,2020-05-27,14,0,0,0,0,0,1,0,0,0,0.0,0.057687,0,0.0,0,386,0,0,0.6644,0.076,GREEN,28,Kolkata
CLM0051941,KOL_02750,Esplanade,2021-12-13,12,0,0,0,0,0,0,0,0,0,0.0,0.327415,0,0.0,0,69,0,4,0.7582,0.0036,GREEN,32,Kolkata
CLM0051942,KOL_00706,Salt Lake,2023-07-02,9,0,0,0,0,0,0,0,0,1,0.0,0.229828,0,0.0,0,420,3,0,0.2,0.1925,GREEN,32,Kolkata
CLM0051943,KOL_00522,Salt Lake,2025-08-02,14,0,0,0,0,0,0,0,0,0,0.0,0.120949,0,0.0,0,179,4,0,0.5647,0.0,GREEN,42,Kolkata
CLM0051944,KOL_07384,Behala,2019-05-20,19,0,0,0,0,0,0,1,0,0,0.0,0.426583,0,0.0,0,5,3,2,0.827,0.1199,GREEN,50,Kolkata
CLM0051945,KOL_07928,Behala,2024-06-02,10,0,0,0,1,0,0,1,0,0,0.0,0.021116,0,0.0,0,413,0,0,0.98,0.2903,GREEN,35,Kolkata
CLM0051946,KOL_09966,Salt Lake,2017-06-16,10,0,0,0,0,0,0,0,0,0,0.0,0.34873,0,0.0,0,93,4,0,0.578,0.014,GREEN,22,Kolkata
CLM0051947,KOL_03472,Behala,2019-05-07,15,0,0,0,0,0,0,0,0,0,0.0,0.364741,0,0.0,0,420,4,9,0.1488,0.0387,GREEN,28,Kolkata
CLM0051948,KOL_08262,Sealdah,2025-12-06,9,0,0,0,0,0,0,0,0,0,0.0,0.267957,0,0.0,0,101,3,0,0.1462,0.0,GREEN,38,Kolkata
CLM0051949,KOL_01440,Howrah,2018-12-17,7,0,0,0,0,0,0,0,0,0,0.0,0.299138,1,0.0,0,304,4,6,0.8737,0.0,GREEN,18,Kolkata
CLM0051950,KOL_05251,Tollygunge,2024-10-28,7,0,0,0,0,0,0,0,0,0,0.0,0.10107,0,0.0,0,227,1,0,0.7729,0.0,GREEN,41,Kolkata
CLM0051951,KOL_08859,Howrah,2025-11-10,17,0,0,0,0,0,0,0,0,0,0.0,0.269501,0,1.0,0,260,2,0,0.6646,0.0048,GREEN,38,Kolkata
CLM0051952,KOL_02390,Dum Dum,2024-05-16,19,0,1,1,0,0,0,0,0,0,0.0,0.405286,0,0.0,0,318,4,2,0.6399,0.0,GREEN,40,Kolkata
CLM0051953,KOL_00635,Park Street,2025-07-10,16,0,0,0,1,0,0,0,0,0,0.0,0.038172,0,0.0,0,20,2,4,0.7549,0.1938,GREEN,50,Kolkata
CLM0051954,KOL_09839,Tollygunge,2023-04-01,8,0,0,0,1,0,0,0,1,0,0.0,0.250238,0,0.0,0,157,0,3,0.9023,0.2377,GREEN,36,Kolkata
CLM0051955,KOL_00016,Salt Lake,2023-05-12,8,0,0,0,1,0,1,0,0,0,0.0,0.071359,0,1.0,0,394,2,1,0.8386,0.2689,GREEN,42,Kolkata
CLM0051956,KOL_03456,Park Street,2023-09-14,12,0,0,0,0,0,0,0,0,0,0.0,0.457006,0,0.0,0,98,0,5,0.628,0.0,GREEN,22,Kolkata
CLM0051957,KOL_03014,Behala,2024-06-16,12,0,0,0,0,0,0,0,1,0,0.0,0.042163,1,0.0,0,5,1,2,0.4328,0.0756,GREEN,28,Kolkata
CLM0051958,KOL_00322,Tollygunge,2022-11-01,8,0,0,0,0,0,0,0,0,0,0.0,0.0,0,0.0,0,420,1,2,0.8336,0.0,GREEN,59,Kolkata
CLM0051959,KOL_09547,Sealdah,2023-11-09,11,0,0,0,0,1,0,0,0,0,0.0,0.422304,1,0.0,0,132,3,2,0.8404,0.1719,GREEN,38,Kolkata
CLM0051960,KOL_05712,New Town,2024-07-27,18,0,0,0,0,0,0,0,0,0,0.0,0.365705,0,1.0,0,35,2,0,0.7165,0.0133,GREEN,49,Kolkata
CLM0051961,KOL_03426,Garia,2021-10-05,17,0,0,0,0,0,0,0,0,0,0.0,0.119594,0,0.0,0,99,2,0,0.6072,0.0,GREEN,36,Kolkata
CLM0051962,KOL_05306,Behala,2024-09-30,21,0,0,0,1,0,0,0,0,0,0.0,0.027461,0,0.0,0,293,4,0,0.7301,0.2228,GREEN,39,Kolkata
CLM0051963,KOL_07820,New Town,2022-09-21,20,0,0,0,0,0,1,1,1,0,1.0,0.964056,0,1.0,0,228,1,0,0.3256,0.2582,GREEN,18,Kolkata
CLM0051964,KOL_06055,Dum Dum,2024-02-23,21,0,0,0,0,0,0,0,0,0,0.0,0.109862,0,0.0,0,315,4,4,0.05,0.0,GREEN,44,Kolkata
CLM0051965,KOL_07648,Salt Lake,2022-10-11,21,0,0,0,0,0,1,0,0,0,1.0,0.331931,0,0.0,0,400,2,1,0.4647,0.238,GREEN,52,Kolkata
CLM0051966,KOL_09874,Tollygunge,2024-12-04,18,0,0,0,0,0,0,0,0,0,0.0,0.324269,0,0.0,0,293,2,2,0.7156,0.0148,GREEN,40,Kolkata
CLM0051967,KOL_03512,Behala,2023-10-28,21,0,0,0,1,0,1,1,1,1,0.0,0.032731,1,0.0,1,56,2,18,0.8811,0.0118,GREEN,29,Kolkata
CLM0051968,KOL_04188,Garia,2024-06-20,12,0,0,0,0,0,0,0,0,0,0.0,0.131487,0,0.0,0,44,4,5,0.8965,0.0,GREEN,50,Kolkata
CLM0051969,KOL_01350,Dum Dum,2024-08-21,8,0,1,1,0,0,1,0,0,0,1.0,0.058241,0,0.0,0,72,3,0,0.1297,0.1067,GREEN,46,Kolkata
CLM0051970,KOL_04923,Salt Lake,2023-04-11,12,0,0,0,0,0,0,0,1,0,0.0,0.15453,0,0.0,0,420,0,4,0.5775,0.0777,GREEN,37,Kolkata
CLM0051971,KOL_04104,Garia,2023-05-14,11,0,0,0,0,0,0,0,0,0,0.0,0.276718,0,0.0,0,420,3,0,0.9705,0.0,GREEN,32,Kolkata
CLM0051972,KOL_03682,Sealdah,2022-12-25,11,0,0,0,0,0,0,0,0,0,0.0,0.0,0,0.0,0,113,4,4,0.9641,0.0662,GREEN,38,Kolkata
CLM0051973,KOL_07850,Park Street,2021-05-17,19,0,0,0,0,0,0,0,0,0,0.0,0.376058,0,0.0,0,309,3,2,0.8884,0.0,GREEN,20,Kolkata
CLM0051974,KOL_04961,Park Street,2019-09-27,11,0,0,0,0,0,0,0,0,0,0.0,0.250961,0,0.0,0,63,1,0,0.843,0.0877,GREEN,18,Kolkata
CLM0051975,KOL_03320,Tollygunge,2020-01-18,16,0,0,0,0,0,1,0,0,0,0.0,0.07945,0,0.0,0,376,3,4,0.6958,0.0327,GREEN,46,Kolkata
CLM0051976,KOL_09228,Sealdah,2019-08-18,11,0,0,0,0,0,0,0,0,1,0.0,0.983835,0,0.0,0,88,2,1,0.4917,0.1068,GREEN,19,Kolkata
CLM0051977,KOL_07980,Dum Dum,2021-08-29,10,0,0,0,0,0,0,0,0,0,1.0,0.146012,0,0.0,0,174,2,2,0.6584,0.0968,GREEN,18,Kolkata
CLM0051978,KOL_05512,New Town,2017-09-19,16,0,0,0,0,0,0,0,0,0,0.0,0.178053,0,0.0,0,274,0,1,0.6085,0.0377,GREEN,35,Kolkata
CLM0051979,KOL_06676,Garia,2025-02-09,18,0,0,0,0,0,0,0,0,0,0.0,0.203658,0,0.0,0,225,0,0,0.98,0.0,GREEN,30,Kolkata
CLM0051980,KOL_03662,Salt Lake,2022-03-10,20,0,0,0,0,0,0,0,0,0,1.0,0.018339,0,0.0,0,16,2,6,0.8987,0.1108,GREEN,28,Kolkata
CLM0051981,KOL_04588,Garia,2024-03-11,19,0,0,0,0,0,0,0,0,0,0.0,0.051364,0,0.0,0,56,0,0,0.865,0.0,GREEN,41,Kolkata
CLM0051982,KOL_05961,Howrah,2024-03-19,15,0,0,0,0,0,0,0,0,0,0.0,0.289642,0,0.0,0,21,3,0,0.6874,0.1085,GREEN,36,Kolkata
CLM0051983,KOL_02492,Dum Dum,2024-07-05,10,0,1,1,0,0,0,0,0,0,1.0,0.016641,0,0.0,0,420,4,6,0.7817,0.0851,GREEN,34,Kolkata
CLM0051984,KOL_02987,Dum Dum,2024-11-22,11,0,0,0,0,0,0,0,0,0,0.0,0.296273,0,1.0,0,249,4,7,0.7911,0.0,GREEN,29,Kolkata
CLM0051985,KOL_02802,Behala,2024-04-29,9,0,1,1,1,1,0,0,1,1,1.0,0.557994,0,1.0,1,8,1,18,0.05,0.7064,RED,19,Kolkata
CLM0051986,KOL_08875,New Town,2024-05-24,10,0,1,1,0,1,1,1,0,1,1.0,0.952314,1,0.0,1,5,0,18,0.2294,0.6568,RED,29,Kolkata
CLM0051987,KOL_08518,Salt Lake,2024-10-09,18,0,1,1,0,1,0,1,1,0,0.0,1.0,1,1.0,0,22,2,18,0.5522,0.4705,YELLOW,29,Kolkata
CLM0051988,KOL_03785,Sealdah,2019-02-10,16,0,1,1,0,0,0,0,0,0,0.0,1.0,0,0.0,0,420,2,2,0.5688,0.4508,YELLOW,69,Kolkata
CLM0051989,KOL_02312,Tollygunge,2018-11-28,21,0,1,1,1,1,1,0,1,1,1.0,0.152106,0,0.0,0,5,0,18,0.9658,0.8376,RED,34,Kolkata
CLM0051990,KOL_07477,Garia,2019-10-26,19,0,1,1,1,0,0,1,1,0,0.0,0.132852,0,0.0,0,7,2,18,0.8306,0.5212,YELLOW,29,Kolkata
CLM0051991,KOL_07660,Tollygunge,2025-01-24,21,0,1,1,0,0,1,0,1,0,0.0,0.369531,0,0.0,1,154,2,3,0.7628,0.2443,GREEN,32,Kolkata
CLM0051992,KOL_09616,Tollygunge,2025-07-17,17,0,0,0,1,0,0,0,1,0,1.0,0.235134,0,0.0,0,386,1,5,0.05,0.263,GREEN,26,Kolkata
CLM0051993,KOL_00433,Dum Dum,2024-12-08,19,0,0,0,0,0,0,0,0,0,0.0,1.0,0,0.0,0,253,0,4,0.3315,0.0,GREEN,35,Kolkata
CLM0051994,KOL_04351,New Town,2025-01-05,11,0,0,0,1,0,0,1,0,0,0.0,0.284866,0,1.0,0,35,3,2,0.7669,0.2431,GREEN,25,Kolkata
CLM0051995,KOL_03297,Sealdah,2024-07-06,20,0,0,0,0,0,0,0,0,0,0.0,0.161223,0,0.0,0,271,0,0,0.5779,0.0562,GREEN,45,Kolkata
CLM0051996,KOL_05539,Sealdah,2023-10-12,14,0,0,0,0,0,0,0,0,1,0.0,0.293767,0,0.0,0,287,4,3,0.5557,0.1426,GREEN,43,Kolkata
CLM0051997,KOL_09116,Garia,2025-03-19,15,0,0,0,0,0,0,0,0,0,0.0,0.0,0,0.0,0,88,4,0,0.7478,0.0,GREEN,24,Kolkata
CLM0051998,KOL_08235,Garia,2025-05-03,18,0,0,0,0,0,0,0,0,0,0.0,0.0,0,0.0,0,85,0,1,0.9112,0.0,GREEN,18,Kolkata
CLM0051999,KOL_02750,Esplanade,2023-12-28,13,0,0,0,0,0,0,0,1,0,0.0,0.486525,0,0.0,0,267,0,1,0.5683,0.1268,GREEN,32,Kolkata
CLM0052000,KOL_07911,Howrah,2023-03-28,8,0,0,0,0,0,0,0,0,0,0.0,0.348232,0,0.0,0,204,3,2,0.846,0.1283,GREEN,22,Kolkata
CLM0052001,KOL_06048,Esplanade,2025-02-18,12,0,0,0,0,0,0,0,0,0,1.0,0.373176,0,0.0,0,114,1,1,0.6442,0.0713,GREEN,37,Kolkata
CLM0052002,KOL_07565,Behala,2025-10-11,7,0,0,0,0,0,0,0,0,1,0.0,0.088853,0,0.0,0,311,0,1,0.807,0.1175,GREEN,32,Kolkata
CLM0052003,KOL_06103,Tollygunge,2022-09-19,21,0,0,0,0,0,0,0,0,0,0.0,0.254641,0,0.0,0,257,0,0,0.8445,0.0604,GREEN,25,Kolkata
CLM0052004,KOL_09048,Salt Lake,2022-06-06,8,0,0,0,0,0,0,0,0,0,0.0,0.021516,0,0.0,0,285,2,3,0.566,0.0,GREEN,30,Kolkata
CLM0052005,KOL_09790,New Town,2023-08-27,20,0,0,0,0,0,0,0,0,0,0.0,0.079898,0,0.0,0,155,2,4,0.5663,0.0,GREEN,49,Kolkata
CLM0052006,KOL_03084,Howrah,2025-12-20,9,0,0,0,0,0,0,0,0,0,0.0,0.307131,0,0.0,0,14,1,0,0.98,0.0,GREEN,23,Kolkata
CLM0052007,KOL_07798,Esplanade,2025-08-15,19,0,0,0,0,0,0,0,0,0,0.0,0.232017,0,0.0,1,420,3,2,0.8064,0.085,GREEN,45,Kolkata
CLM0052008,KOL_02576,Tollygunge,2024-11-06,21,0,0,0,0,0,0,0,0,1,0.0,0.188077,1,0.0,1,420,4,0,0.5259,0.1556,GREEN,18,Kolkata
CLM0052009,KOL_03273,Garia,2022-07-03,8,0,0,0,0,0,0,0,0,0,0.0,0.385502,0,0.0,0,187,4,3,0.1337,0.0,GREEN,25,Kolkata
CLM0052010,KOL_02342,Tollygunge,2025-05-05,17,0,1,1,0,0,0,0,0,0,0.0,0.272903,0,0.0,0,310,1,2,0.7016,0.0335,GREEN,29,Kolkata
CLM0052011,KOL_05613,Salt Lake,2023-11-30,19,0,0,0,1,1,0,1,1,1,1.0,1.0,0,0.0,1,5,0,18,0.05,0.096,GREEN,30,Kolkata
CLM0052012,KOL_05329,Garia,2022-09-29,9,0,1,1,0,0,1,0,0,0,0.0,0.126013,0,0.0,0,176,0,0,0.4496,0.1369,GREEN,46,Kolkata
CLM0052013,KOL_04420,Tollygunge,2024-04-04,12,0,0,0,0,0,0,0,0,0,0.0,0.36308,0,0.0,0,242,2,4,0.7649,0.0,GREEN,28,Kolkata
CLM0052014,KOL_01106,Garia,2024-01-07,19,0,0,0,0,1,0,0,0,0,0.0,0.215002,0,0.0,0,385,1,0,0.6016,0.1027,GREEN,29,Kolkata
CLM0052015,KOL_02363,Behala,2023-12-21,11,0,0,0,0,0,0,0,0,0,0.0,0.186978,0,0.0,0,99,2,2,0.8364,0.0,GREEN,27,Kolkata
CLM0052016,KOL_04150,Tollygunge,2023-09-21,7,0,0,0,0,0,0,0,0,0,0.0,0.000161,0,0.0,0,186,3,2,0.834,0.0,GREEN,37,Kolkata
CLM0052017,KOL_06327,Garia,2017-03-17,21,0,0,0,0,0,1,0,0,0,0.0,0.0,0,0.0,0,260,0,2,0.8731,0.087,GREEN,26,Kolkata
CLM0052018,KOL_05422,Howrah,2024-11-01,20,0,0,0,0,0,0,0,0,0,0.0,0.424385,0,0.0,0,183,2,0,0.7174,0.0,GREEN,48,Kolkata
CLM0052019,KOL_09248,Sealdah,2017-04-29,11,0,0,0,0,0,1,1,0,0,0.0,0.287926,0,0.0,0,117,1,2,0.9322,0.1722,GREEN,30,Kolkata
CLM0052020,KOL_06884,Salt Lake,2020-03-16,18,0,0,0,0,0,0,0,1,0,1.0,0.364786,0,0.0,0,333,3,1,0.98,0.3156,YELLOW,26,Kolkata
CLM0052021,KOL_04359,Garia,2023-12-24,16,0,1,1,0,0,0,0,0,0,0.0,1.0,0,0.0,0,146,4,3,0.7518,0.0,GREEN,54,Kolkata
CLM0052022,KOL_00754,Dum Dum,2016-06-07,20,0,0,0,0,0,0,0,0,0,0.0,0.162032,0,0.0,0,142,4,0,0.7944,0.0684,GREEN,32,Kolkata
CLM0052023,KOL_00404,Tollygunge,2016-04-10,11,0,0,0,0,0,0,0,0,0,0.0,0.140215,0,0.0,0,420,2,0,0.393,0.0,GREEN,40,Kolkata
CLM0052024,KOL_01418,Park Street,2022-03-14,17,0,0,0,0,0,0,0,0,0,0.0,0.447528,0,0.0,0,21,4,0,0.9758,0.0308,GREEN,41,Kolkata
CLM0052025,KOL_03459,Garia,2023-01-20,16,0,0,0,0,0,0,0,0,0,0.0,0.071547,0,0.0,0,45,0,0,0.9227,0.0,GREEN,53,Kolkata
CLM0052026,KOL_05996,Sealdah,2025-06-14,12,0,0,0,0,0,1,0,0,0,0.0,0.27989,0,0.0,0,362,1,0,0.6282,0.1667,GREEN,29,Kolkata
CLM0052027,KOL_01207,Behala,2021-09-09,8,0,0,0,0,0,1,0,0,0,0.0,0.249019,1,0.0,0,254,4,1,0.6212,0.2221,GREEN,30,Kolkata
CLM0052028,KOL_09509,Salt Lake,2024-01-09,9,0,0,0,0,0,0,0,0,0,0.0,0.005846,0,0.0,0,314,1,0,0.8429,0.0242,GREEN,35,Kolkata
CLM0052029,KOL_09251,Esplanade,2025-10-26,10,0,0,0,0,0,0,0,0,0,0.0,0.154794,1,0.0,0,420,0,0,0.7212,0.1144,GREEN,33,Kolkata
CLM0052030,KOL_00846,Garia,2022-11-19,20,0,0,0,0,0,0,0,0,0,0.0,0.243572,0,0.0,0,5,0,4,0.7828,0.0791,GREEN,24,Kolkata
CLM0052031,KOL_02626,Esplanade,2022-10-08,14,0,0,0,0,0,0,0,0,0,0.0,0.0,0,0.0,0,215,3,2,0.9435,0.0112,GREEN,34,Kolkata
CLM0052032,KOL_03807,Garia,2018-07-16,15,0,0,0,0,0,0,1,0,0,0.0,0.198616,0,0.0,0,420,1,5,0.6104,0.0,GREEN,40,Kolkata
CLM0052033,KOL_05035,Dum Dum,2017-06-07,15,0,0,0,0,0,0,0,0,0,0.0,0.010811,0,0.0,0,420,0,3,0.8941,0.0341,GREEN,38,Kolkata
CLM0052034,KOL_05014,Garia,2016-05-12,17,0,0,0,0,0,0,0,0,0,0.0,0.218643,0,0.0,1,420,1,3,0.98,0.0664,GREEN,36,Kolkata
CLM0052035,KOL_03709,Sealdah,2020-06-14,11,0,0,0,0,0,0,0,0,0,0.0,0.321204,0,0.0,0,47,1,2,0.2308,0.0,GREEN,40,Kolkata
CLM0052036,KOL_04907,Salt Lake,2024-03-27,16,0,0,0,0,0,0,1,1,0,0.0,0.331464,0,0.0,0,420,1,0,0.5219,0.1112,GREEN,25,Kolkata
CLM0052037,KOL_05245,Dum Dum,2024-04-30,20,0,0,0,0,0,0,0,0,0,0.0,0.264496,0,1.0,0,365,4,5,0.9045,0.0,GREEN,24,Kolkata
CLM0052038,KOL_03567,Sealdah,2025-01-24,14,0,0,0,0,0,0,0,0,0,0.0,0.252945,0,0.0,0,81,4,4,0.5552,0.0,GREEN,20,Kolkata
CLM0052039,KOL_01871,Salt Lake,2019-11-02,18,1,0,0,0,0,0,0,1,0,0.0,1.0,0,0.0,0,101,0,2,0.6254,0.1107,GREEN,46,Kolkata
CLM0052040,KOL_02370,Tollygunge,2021-03-24,7,0,0,0,1,1,1,1,1,0,0.0,0.984844,1,0.0,1,5,1,18,0.2383,0.0,GREEN,36,Kolkata
CLM0052041,KOL_00333,Esplanade,2019-12-27,7,0,0,0,0,0,0,0,0,0,0.0,0.0,0,0.0,0,162,1,3,0.98,0.0,GREEN,28,Kolkata
CLM0052042,KOL_09518,Garia,2024-03-15,13,0,1,1,0,0,0,0,0,0,1.0,0.19744,0,0.0,0,399,3,2,0.0565,0.1502,GREEN,36,Kolkata
CLM0052043,KOL_04244,Park Street,2022-07-11,20,0,0,0,0,0,1,0,0,0,0.0,0.047145,0,0.0,0,343,4,0,0.6295,0.0662,GREEN,39,Kolkata
CLM0052044,KOL_07925,Garia,2025-04-27,19,0,0,0,0,0,0,0,0,0,1.0,0.0,0,0.0,0,74,0,7,0.7452,0.1503,GREEN,58,Kolkata
CLM0052045,KOL_08069,New Town,2024-09-23,9,0,0,0,0,0,0,0,1,0,0.0,0.198007,0,0.0,0,145,3,0,0.0532,0.0512,GREEN,38,Kolkata
CLM0052046,KOL_04051,Tollygunge,2022-12-01,7,0,0,0,0,0,0,0,0,0,0.0,0.231483,0,0.0,0,420,2,3,0.6263,0.0204,GREEN,28,Kolkata
CLM0052047,KOL_00566,Park Street,2024-06-29,16,0,0,0,0,0,0,0,0,0,0.0,0.184345,0,0.0,0,420,4,6,0.98,0.0,GREEN,48,Kolkata
CLM0052048,KOL_09153,Garia,2023-05-08,21,0,0,0,0,0,0,0,0,0,0.0,0.121538,0,0.0,0,264,3,3,0.05,0.0308,GREEN,35,Kolkata
CLM0052049,KOL_06067,New Town,2024-05-23,10,0,0,0,0,0,1,0,0,0,0.0,0.277686,0,0.0,0,8,0,2,0.7719,0.0785,GREEN,37,Kolkata
CLM0052050,KOL_06312,Dum Dum,2024-09-22,7,0,0,0,0,0,0,0,0,0,0.0,0.306809,0,0.0,0,324,4,0,0.5911,0.0,GREEN,27,Kolkata
CLM0052051,KOL_00941,Park Street,2023-07-20,11,0,0,0,0,0,0,0,0,0,0.0,0.208679,0,0.0,0,361,3,0,0.7696,0.1057,GREEN,54,Kolkata
CLM0052052,KOL_01736,New Town,2023-01-12,13,0,0,0,0,0,0,0,0,0,0.0,0.085353,0,0.0,0,157,0,6,0.98,0.0,GREEN,54,Kolkata
CLM0052053,KOL_08268,Behala,2024-12-23,7,0,0,0,0,0,1,1,0,0,0.0,0.281422,0,0.0,0,420,3,5,0.98,0.1994,GREEN,18,Kolkata
CLM0052054,KOL_03807,Garia,2021-01-07,21,0,0,0,0,0,0,1,0,0,0.0,1.0,0,0.0,0,364,4,6,0.7659,0.1631,GREEN,40,Kolkata
CLM0052055,KOL_04130,New Town,2024-12-14,11,0,0,0,0,0,1,0,0,0,1.0,0.936462,1,1.0,0,284,1,5,0.9276,0.1693,GREEN,44,Kolkata
CLM0052056,KOL_02425,Dum Dum,2025-08-18,17,0,0,0,0,0,0,0,0,0,0.0,0.057031,0,0.0,0,342,2,3,0.9723,0.0,GREEN,42,Kolkata
CLM0052057,KOL_03432,Salt Lake,2021-06-22,15,0,0,0,0,0,0,0,0,0,1.0,0.153147,0,0.0,0,5,1,0,0.5281,0.0,GREEN,37,Kolkata
CLM0052058,KOL_06415,Garia,2018-03-23,8,0,0,0,0,0,0,0,0,0,0.0,0.0,0,0.0,0,227,0,1,0.7443,0.1763,GREEN,54,Kolkata
CLM0052059,KOL_04192,Tollygunge,2018-06-26,13,0,0,0,0,0,0,0,0,0,0.0,0.211195,0,0.0,0,148,1,5,0.5863,0.033,GREEN,48,Kolkata
CLM0052060,KOL_00958,Howrah,2023-11-14,9,0,0,0,0,0,0,0,1,0,0.0,0.305512,0,1.0,0,420,2,0,0.8807,0.1457,GREEN,26,Kolkata
CLM0052061,KOL_04970,Dum Dum,2021-11-26,12,0,0,0,0,1,0,0,0,0,0.0,0.276159,0,0.0,0,158,1,0,0.6746,0.0077,GREEN,37,Kolkata
CLM0052062,KOL_08025,Park Street,2020-06-23,15,0,0,0,0,0,1,0,0,0,0.0,0.049701,0,0.0,0,345,1,1,0.4884,0.067,GREEN,32,Kolkata
CLM0052063,KOL_01818,Salt Lake,2025-12-18,16,0,0,0,1,0,0,0,0,0,0.0,0.256759,0,0.0,0,296,3,0,0.7139,0.1708,GREEN,26,Kolkata
CLM0052064,KOL_07189,Salt Lake,2019-10-21,9,0,0,0,0,0,0,0,0,1,0.0,0.304797,0,0.0,0,301,1,3,0.8852,0.1366,GREEN,38,Kolkata
CLM0052065,KOL_04093,Howrah,2019-02-26,10,0,0,0,0,0,0,0,0,0,0.0,0.158791,0,1.0,1,394,3,1,0.8613,0.1047,GREEN,54,Kolkata
CLM0052066,KOL_03050,Park Street,2022-01-15,20,0,0,0,0,0,0,0,0,0,0.0,0.973129,0,0.0,0,253,3,1,0.7107,0.1156,GREEN,48,Kolkata
CLM0052067,KOL_02737,Salt Lake,2023-10-31,21,0,0,0,0,0,0,0,0,0,0.0,0.284809,0,0.0,0,265,0,0,0.7833,0.0,GREEN,28,Kolkata
CLM0052068,KOL_01501,Garia,2024-01-03,11,0,0,0,0,0,0,0,0,0,0.0,0.239505,0,0.0,0,126,2,2,0.8084,0.0093,GREEN,22,Kolkata
CLM0052069,KOL_07652,Salt Lake,2021-03-21,14,0,0,0,0,0,0,0,0,0,0.0,0.102428,0,0.0,0,219,0,3,0.7486,0.0,GREEN,26,Kolkata
CLM0052070,KOL_04911,Sealdah,2025-12-27,17,0,0,0,0,0,0,0,1,0,0.0,0.339726,0,0.0,0,63,2,4,0.5925,0.2199,GREEN,28,Kolkata
CLM0052071,KOL_04095,Tollygunge,2025-10-26,13,0,0,0,0,0,0,1,0,0,0.0,0.128114,0,0.0,0,420,1,0,0.5674,0.0704,GREEN,18,Kolkata
CLM0052072,KOL_03027,New Town,2022-11-13,16,0,0,0,0,0,0,0,0,0,0.0,0.0,0,0.0,0,88,4,2,0.6988,0.082,GREEN,28,Kolkata
CLM0052073,KOL_01795,Sealdah,2023-07-30,9,0,0,0,0,0,0,0,0,0,0.0,0.350288,0,0.0,0,420,4,2,0.7073,0.0194,GREEN,38,Kolkata
CLM0052074,KOL_03202,Dum Dum,2024-07-21,8,0,0,0,0,0,0,0,0,0,1.0,0.3776,0,0.0,0,420,0,0,0.7907,0.0549,GREEN,37,Kolkata
CLM0052075,KOL_01981,Tollygunge,2022-08-12,19,0,0,0,0,0,0,0,0,0,0.0,0.271584,0,0.0,0,21,3,5,0.972,0.0385,GREEN,34,Kolkata
CLM0052076,KOL_02040,Howrah,2024-01-14,8,0,0,0,0,0,0,0,0,0,0.0,0.189728,1,0.0,0,207,1,0,0.5383,0.0982,GREEN,36,Kolkata
CLM0052077,KOL_09925,Dum Dum,2019-01-05,11,0,0,0,0,0,1,0,0,0,0.0,0.500712,0,0.0,0,321,0,4,0.7071,0.15,GREEN,37,Kolkata
CLM0052078,KOL_07621,Salt Lake,2021-11-26,10,0,1,1,1,1,0,1,0,1,0.0,0.999786,0,1.0,1,10,2,18,0.377,0.0111,GREEN,29,Kolkata
CLM0052079,KOL_01287,Howrah,2023-02-25,13,0,0,0,0,0,0,0,0,0,1.0,0.189797,0,0.0,0,5,4,4,0.6631,0.0238,GREEN,36,Kolkata
CLM0052080,KOL_00371,Esplanade,2022-08-10,20,0,0,0,0,1,0,0,0,0,0.0,0.292918,0,0.0,0,412,4,0,0.7053,0.1044,GREEN,39,Kolkata
CLM0052081,KOL_00482,Esplanade,2025-12-18,18,0,0,0,0,0,0,0,0,0,0.0,0.123154,0,0.0,0,259,0,0,0.3767,0.0,GREEN,41,Kolkata
CLM0052082,KOL_06467,New Town,2016-03-07,10,0,0,0,0,0,0,0,0,0,0.0,0.984365,0,0.0,0,219,0,3,0.7968,0.0282,GREEN,52,Kolkata
CLM0052083,KOL_03946,New Town,2022-10-04,16,0,0,0,0,1,0,0,0,1,1.0,0.969423,1,0.0,1,21,2,18,0.26,0.0,GREEN,45,Kolkata
CLM0052084,KOL_03382,Esplanade,2025-05-19,21,0,0,0,0,0,0,0,0,0,0.0,0.076674,0,0.0,0,173,4,0,0.5374,0.0042,GREEN,18,Kolkata
CLM0052085,KOL_09507,Howrah,2019-05-05,12,0,0,0,1,0,0,0,0,0,0.0,0.020442,0,0.0,0,168,1,1,0.6857,0.2471,GREEN,38,Kolkata
CLM0052086,KOL_00381,Howrah,2019-09-13,11,0,0,0,0,0,0,0,0,0,1.0,0.93963,0,1.0,0,420,4,0,0.4374,0.0668,GREEN,37,Kolkata
CLM0052087,KOL_09726,Howrah,2019-01-26,18,0,1,1,0,0,0,0,0,1,0.0,0.156108,0,0.0,0,404,3,0,0.9409,0.1042,GREEN,46,Kolkata
CLM0052088,KOL_07500,Howrah,2024-02-26,9,0,0,0,0,0,0,0,0,0,0.0,0.239578,1,0.0,0,338,3,5,0.4579,0.0977,GREEN,25,Kolkata
CLM0052089,KOL_06529,Park Street,2019-02-18,10,0,0,0,0,0,0,0,0,0,1.0,0.431625,0,1.0,0,121,3,3,0.6111,0.2364,GREEN,27,Kolkata
CLM0052090,KOL_01850,Esplanade,2023-04-06,11,0,0,0,0,1,0,0,0,0,0.0,0.224085,0,0.0,0,228,2,2,0.8553,0.1223,GREEN,29,Kolkata
CLM0052091,KOL_03877,Garia,2021-02-07,17,0,0,0,0,0,0,0,0,0,1.0,0.315552,0,0.0,0,218,3,0,0.9043,0.0935,GREEN,38,Kolkata
CLM0052092,KOL_07114,Garia,2021-04-04,19,0,0,0,0,0,0,0,0,0,0.0,0.122897,0,0.0,0,350,2,1,0.4121,0.0972,GREEN,50,Kolkata
CLM0052093,KOL_00934,Sealdah,2025-03-22,15,0,0,0,0,0,0,0,0,0,0.0,0.104775,0,0.0,0,395,4,4,0.6241,0.0,GREEN,43,Kolkata
CLM0052094,KOL_00920,Behala,2022-06-01,14,0,0,0,0,0,0,0,0,1,0.0,0.243343,0,0.0,0,365,0,1,0.6779,0.1701,GREEN,33,Kolkata
CLM0052095,KOL_02659,New Town,2021-10-06,20,0,0,0,0,0,0,0,0,0,0.0,0.369862,0,0.0,0,406,3,0,0.7805,0.0,GREEN,18,Kolkata
CLM0052096,KOL_06700,Dum Dum,2023-04-07,19,0,0,0,0,0,0,0,0,0,0.0,0.037052,0,0.0,0,420,0,3,0.9518,0.0,GREEN,50,Kolkata
CLM0052097,KOL_04714,New Town,2021-01-03,10,0,0,0,0,0,0,0,0,0,0.0,0.066247,0,1.0,0,65,4,3,0.05,0.0587,GREEN,31,Kolkata
CLM0052098,KOL_05348,Sealdah,2020-08-29,18,0,0,0,0,0,0,0,0,0,0.0,0.881783,0,0.0,0,301,2,2,0.5179,0.0439,GREEN,50,Kolkata
CLM0052099,KOL_07792,Howrah,2018-10-02,9,0,0,0,0,0,0,0,0,0,0.0,0.180705,0,0.0,0,153,2,2,0.87,0.0516,GREEN,31,Kolkata
CLM0052100,KOL_03420,Behala,2023-03-30,11,0,0,0,0,0,0,0,0,0,0.0,0.201474,0,0.0,0,98,2,1,0.8115,0.0579,GREEN,57,Kolkata
CLM0052101,KOL_01950,Dum Dum,2025-05-19,14,0,0,0,0,1,0,0,0,0,0.0,0.261617,0,0.0,0,80,4,1,0.928,0.2153,GREEN,42,Kolkata
CLM0052102,KOL_02323,Esplanade,2024-06-09,21,0,0,0,0,0,1,0,0,0,0.0,0.02701,0,0.0,0,414,3,0,0.5962,0.0576,GREEN,25,Kolkata
CLM0052103,KOL_06324,New Town,2024-05-05,8,0,0,0,0,0,1,0,0,0,0.0,0.12152,0,0.0,0,131,0,1,0.4555,0.0835,GREEN,40,Kolkata
CLM0052104,KOL_08046,Sealdah,2024-05-20,16,0,0,0,0,0,1,0,0,0,1.0,0.039984,0,0.0,0,420,1,0,0.4648,0.1736,GREEN,18,Kolkata
CLM0052105,KOL_07087,Tollygunge,2023-07-15,17,0,0,0,0,0,0,0,1,0,0.0,0.096614,0,0.0,0,151,0,1,0.7515,0.104,GREEN,25,Kolkata
CLM0052106,KOL_09098,Dum Dum,2023-01-30,12,0,0,0,0,0,0,0,0,0,0.0,0.104442,0,0.0,0,388,0,2,0.98,0.0849,GREEN,43,Kolkata
CLM0052107,KOL_04089,New Town,2023-04-13,16,0,1,1,0,0,0,0,0,1,0.0,0.211146,1,0.0,0,195,4,4,0.05,0.1722,GREEN,30,Kolkata
CLM0052108,KOL_02438,Tollygunge,2023-03-09,9,0,0,0,0,0,0,1,1,0,0.0,0.299154,0,0.0,0,42,3,3,0.6967,0.1906,GREEN,59,Kolkata
CLM0052109,KOL_05132,Sealdah,2018-02-10,15,0,0,0,0,1,0,1,1,0,1.0,0.97776,0,1.0,0,5,1,18,0.05,0.0073,GREEN,18,Kolkata
CLM0052110,KOL_09512,Park Street,2021-12-31,7,0,0,0,0,0,0,0,0,0,0.0,0.435806,0,0.0,0,265,3,0,0.5973,0.082,GREEN,50,Kolkata
CLM0052111,KOL_09196,Dum Dum,2017-10-23,15,0,0,0,0,0,0,0,0,0,0.0,0.129546,0,0.0,0,420,2,5,0.8306,0.0,GREEN,32,Kolkata
CLM0052112,KOL_08914,Tollygunge,2016-04-11,14,0,0,0,0,0,0,0,0,0,0.0,0.304618,0,0.0,0,401,0,0,0.796,0.0764,GREEN,35,Kolkata
CLM0052113,KOL_08071,Esplanade,2022-05-16,7,0,0,0,0,0,0,0,0,0,1.0,0.283544,0,0.0,0,420,3,1,0.9452,0.0,GREEN,40,Kolkata
CLM0052114,KOL_05968,Park Street,2015-09-20,11,0,0,0,0,0,0,0,0,0,0.0,0.01615,0,0.0,0,420,4,3,0.6852,0.0312,GREEN,37,Kolkata
CLM0052115,KOL_02240,Tollygunge,2017-08-22,19,0,0,0,0,0,1,0,0,0,0.0,0.070268,0,0.0,0,305,0,0,0.508,0.0189,GREEN,31,Kolkata
CLM0052116,KOL_04357,Esplanade,2016-09-20,13,0,0,0,0,0,0,0,0,0,0.0,0.0,0,0.0,0,420,3,2,0.7349,0.0,GREEN,30,Kolkata
CLM0052117,KOL_02525,Behala,2018-09-18,15,0,0,0,0,0,0,0,0,0,0.0,1.0,0,0.0,0,109,0,3,0.8291,0.0396,GREEN,31,Kolkata
CLM0052118,KOL_01676,Behala,2022-07-06,12,0,0,0,0,0,0,0,0,0,0.0,0.939819,0,0.0,0,395,0,2,0.9209,0.0,GREEN,55,Kolkata
CLM0052119,KOL_06136,Tollygunge,2020-09-12,20,0,0,0,0,0,0,0,0,0,0.0,0.009195,0,0.0,0,151,4,0,0.7556,0.0,GREEN,27,Kolkata
CLM0052120,KOL_09263,Behala,2019-08-21,18,0,0,0,0,0,0,0,0,0,0.0,0.381497,0,0.0,0,69,1,0,0.4557,0.0,GREEN,48,Kolkata
CLM0052121,KOL_01313,Salt Lake,2024-10-10,17,0,0,0,0,0,1,0,0,0,0.0,0.355808,0,0.0,0,297,1,5,0.9603,0.1975,GREEN,45,Kolkata
CLM0052122,KOL_09245,Park Street,2021-04-01,15,0,0,0,0,0,0,0,0,0,0.0,0.28042,0,0.0,0,107,0,3,0.7992,0.1089,GREEN,45,Kolkata
CLM0052123,KOL_08945,Sealdah,2022-03-09,7,0,0,0,0,0,0,0,0,0,0.0,0.369225,0,0.0,0,411,3,6,0.5693,0.018,GREEN,32,Kolkata
CLM0052124,KOL_06194,Sealdah,2025-01-15,12,0,0,0,0,0,0,0,0,0,0.0,0.316028,0,0.0,0,155,1,0,0.8594,0.0322,GREEN,31,Kolkata
CLM0052125,KOL_05704,Esplanade,2025-01-08,11,0,0,0,0,0,0,0,0,0,0.0,0.2741,0,0.0,0,19,0,2,0.9084,0.0,GREEN,18,Kolkata
CLM0052126,KOL_09329,Dum Dum,2022-01-24,11,0,0,0,0,0,0,0,0,0,0.0,0.240197,0,0.0,0,61,2,2,0.1151,0.0234,GREEN,64,Kolkata
CLM0052127,KOL_05045,Esplanade,2025-10-06,19,0,0,0,0,0,0,0,0,0,1.0,0.388873,0,0.0,0,113,0,0,0.8579,0.1148,GREEN,37,Kolkata
CLM0052128,KOL_05423,Sealdah,2020-07-15,17,0,0,0,0,0,0,0,0,0,0.0,0.395551,0,0.0,0,121,0,2,0.7951,0.0,GREEN,33,Kolkata
CLM0052129,KOL_07730,Behala,2024-11-18,18,0,0,0,0,0,0,0,0,0,0.0,0.345886,1,0.0,0,114,0,0,0.7895,0.088,GREEN,29,Kolkata
CLM0052130,KOL_00112,New Town,2021-07-19,12,0,0,0,0,0,0,0,0,0,0.0,0.073104,0,0.0,0,306,0,1,0.5977,0.0247,GREEN,21,Kolkata
CLM0052131,KOL_06351,Esplanade,2024-09-22,14,0,0,0,0,0,0,0,0,0,0.0,0.347645,0,0.0,0,153,0,4,0.5948,0.0662,GREEN,28,Kolkata
CLM0052132,KOL_06186,Salt Lake,2025-12-25,9,0,0,0,0,0,0,0,0,1,0.0,0.0,0,0.0,0,158,4,3,0.6896,0.0389,GREEN,50,Kolkata
CLM0052133,KOL_00334,Howrah,2021-09-20,11,0,0,0,0,0,0,0,0,0,0.0,0.091592,0,0.0,0,158,2,2,0.5227,0.0038,GREEN,41,Kolkata
CLM0052134,KOL_02470,Park Street,2023-05-27,21,0,0,0,0,0,0,0,0,0,0.0,0.277753,0,0.0,0,328,3,3,0.7685,0.0906,GREEN,36,Kolkata
CLM0052135,KOL_08834,Sealdah,2024-08-13,18,0,0,0,0,0,0,1,1,0,0.0,0.312042,0,1.0,0,381,4,0,0.1836,0.3139,YELLOW,41,Kolkata
CLM0052136,KOL_09672,Dum Dum,2025-03-29,8,0,0,0,0,0,0,0,0,0,0.0,0.008806,0,0.0,1,202,4,2,0.6523,0.0207,GREEN,32,Kolkata
CLM0052137,KOL_03696,Dum Dum,2024-11-24,18,0,0,0,0,0,0,0,0,0,0.0,0.098589,0,0.0,0,420,1,1,0.98,0.0368,GREEN,27,Kolkata
CLM0052138,KOL_00764,Behala,2021-06-05,14,0,0,0,0,0,0,0,0,0,0.0,0.238392,0,0.0,0,101,0,1,0.5455,0.1252,GREEN,26,Kolkata
CLM0052139,KOL_04460,New Town,2022-10-25,14,0,0,0,1,0,0,0,0,0,0.0,0.168387,0,0.0,0,203,1,1,0.3043,0.1979,GREEN,32,Kolkata
CLM0052140,KOL_03835,Esplanade,2022-03-22,12,0,0,0,0,1,0,0,0,0,0.0,1.0,0,0.0,0,282,3,4,0.8817,0.148,GREEN,18,Kolkata
CLM0052141,KOL_00768,New Town,2024-07-24,12,0,0,0,0,0,0,0,0,0,1.0,0.090104,0,0.0,0,420,4,3,0.98,0.0631,GREEN,33,Kolkata
CLM0052142,KOL_04939,New Town,2024-08-27,17,0,0,0,0,0,0,0,0,0,1.0,0.950652,0,1.0,0,304,1,0,0.4946,0.0171,GREEN,44,Kolkata
CLM0052143,KOL_05154,Park Street,2025-01-15,13,0,1,1,0,0,0,1,1,1,0.0,0.045975,0,0.0,0,5,0,18,0.8538,0.4052,YELLOW,26,Kolkata
CLM0052144,KOL_01645,Sealdah,2024-04-18,9,0,1,1,1,0,0,0,0,0,0.0,0.436159,0,0.0,0,379,1,0,0.7715,0.7619,RED,23,Kolkata
CLM0052145,KOL_07899,Esplanade,2025-09-25,19,0,1,1,0,0,0,0,0,1,0.0,0.431555,0,0.0,0,336,2,5,0.98,0.7299,RED,32,Kolkata
CLM0052146,KOL_08823,Park Street,2023-11-20,14,0,0,0,0,0,0,0,0,0,0.0,0.041896,0,0.0,0,5,0,2,0.98,0.0302,GREEN,53,Kolkata
CLM0052147,KOL_07427,Sealdah,2025-06-24,17,0,0,0,0,0,1,1,0,1,0.0,0.317821,0,0.0,0,39,3,0,0.9221,0.2574,GREEN,49,Kolkata
CLM0052148,KOL_00580,Garia,2022-08-10,10,0,0,0,0,0,0,0,0,0,0.0,0.426843,0,0.0,0,374,1,4,0.2103,0.0111,GREEN,38,Kolkata
CLM0052149,KOL_02242,Tollygunge,2023-03-06,11,0,0,0,0,0,0,0,0,0,0.0,0.084094,0,0.0,0,224,1,3,0.5511,0.0167,GREEN,47,Kolkata
CLM0052150,KOL_08038,Tollygunge,2023-09-01,19,0,0,0,1,0,0,0,0,0,0.0,0.379784,0,0.0,0,364,4,0,0.6651,0.2046,GREEN,40,Kolkata
CLM0052151,KOL_02901,Tollygunge,2024-02-16,15,0,0,0,0,0,0,1,0,0,0.0,0.336118,0,0.0,0,420,1,2,0.6769,0.0002,GREEN,48,Kolkata
CLM0052152,KOL_09093,Sealdah,2025-10-24,13,0,0,0,0,0,0,0,0,0,0.0,0.97448,0,0.0,0,411,2,0,0.651,0.0,GREEN,27,Kolkata
CLM0052153,KOL_00437,Park Street,2025-07-22,13,0,0,0,0,0,0,0,0,0,0.0,0.245388,0,0.0,0,288,3,0,0.8564,0.0024,GREEN,30,Kolkata
CLM0052154,KOL_06864,Howrah,2020-01-19,16,0,0,0,0,0,0,0,1,0,0.0,0.39615,0,0.0,0,420,1,6,0.6773,0.0105,GREEN,35,Kolkata
CLM0052155,KOL_04405,Behala,2025-11-16,8,0,0,0,0,0,0,0,0,0,0.0,0.182048,0,0.0,0,99,1,2,0.7132,0.0542,GREEN,18,Kolkata
CLM0052156,KOL_09469,Salt Lake,2022-03-01,18,0,0,0,0,0,0,0,0,0,0.0,0.229798,0,0.0,0,282,1,0,0.752,0.0,GREEN,22,Kolkata
CLM0052157,KOL_06609,Garia,2023-08-30,14,0,0,0,0,0,1,0,0,1,0.0,0.0,0,0.0,0,222,0,0,0.2909,0.2182,GREEN,34,Kolkata
CLM0052158,KOL_08135,Salt Lake,2024-12-01,8,0,0,0,0,1,0,0,0,0,0.0,0.370006,0,0.0,0,80,0,3,0.9325,0.1799,GREEN,22,Kolkata
CLM0052159,KOL_04447,Sealdah,2022-12-31,19,0,0,0,0,0,0,0,0,0,0.0,1.0,0,0.0,0,76,0,3,0.9711,0.0,GREEN,35,Kolkata
CLM0052160,KOL_07362,Howrah,2018-10-29,7,0,0,0,0,1,0,0,0,0,0.0,0.076215,0,0.0,0,420,1,2,0.3589,0.0666,GREEN,36,Kolkata
CLM0052161,KOL_01648,Park Street,2021-03-02,11,0,0,0,1,0,0,0,0,0,0.0,0.977099,0,0.0,0,157,0,4,0.5547,0.2502,GREEN,22,Kolkata
CLM0052162,KOL_03853,Howrah,2023-06-26,21,0,0,0,0,0,0,0,0,0,0.0,0.261268,0,0.0,0,420,2,5,0.8956,0.0,GREEN,48,Kolkata
CLM0052163,KOL_06207,Howrah,2025-06-04,20,0,0,0,0,1,0,1,0,0,0.0,0.330429,0,0.0,0,288,2,2,0.9144,0.0653,GREEN,29,Kolkata
CLM0052164,KOL_06444,Garia,2024-05-18,7,0,0,0,0,0,0,0,0,0,0.0,0.03634,0,0.0,0,361,3,0,0.8908,0.0544,GREEN,37,Kolkata
CLM0052165,KOL_03090,Tollygunge,2021-02-14,11,0,0,0,0,0,0,0,1,0,0.0,0.200508,0,0.0,0,420,2,1,0.7787,0.0795,GREEN,37,Kolkata
CLM0052166,KOL_03628,Dum Dum,2023-09-25,7,0,0,0,0,0,0,0,0,0,0.0,0.347771,0,0.0,0,299,2,2,0.9794,0.0854,GREEN,45,Kolkata
CLM0052167,KOL_07035,Behala,2023-05-22,16,0,0,0,0,0,0,1,0,0,0.0,0.245684,0,0.0,1,399,4,0,0.8249,0.1554,GREEN,48,Kolkata
CLM0052168,KOL_02282,New Town,2022-02-25,13,0,0,0,0,0,0,0,0,0,0.0,0.172168,0,0.0,0,39,2,4,0.6884,0.038,GREEN,35,Kolkata
CLM0052169,KOL_09061,Garia,2022-05-02,15,0,0,0,0,0,0,0,0,0,0.0,0.258184,0,0.0,0,193,0,5,0.1636,0.0,GREEN,36,Kolkata
CLM0052170,KOL_07619,Sealdah,2019-10-25,15,0,0,0,0,0,0,0,0,0,0.0,0.375696,1,0.0,0,420,4,2,0.9058,0.0,GREEN,40,Kolkata
CLM0052171,KOL_04816,Behala,2025-06-01,20,0,0,0,0,0,0,0,0,0,0.0,0.084024,0,0.0,0,420,3,2,0.5879,0.0152,GREEN,35,Kolkata
CLM0052172,KOL_03705,Park Street,2025-11-03,16,0,0,0,0,0,0,0,0,0,0.0,0.365756,0,0.0,0,404,2,2,0.9475,0.111,GREEN,33,Kolkata
CLM0052173,KOL_07394,Tollygunge,2024-10-14,15,0,0,0,0,1,0,0,0,0,0.0,0.9883,0,0.0,0,109,4,0,0.6045,0.1591,GREEN,35,Kolkata
CLM0052174,KOL_06027,Howrah,2024-06-11,9,0,1,1,0,0,0,0,0,0,0.0,0.319011,0,0.0,0,312,3,0,0.6052,0.0,GREEN,37,Kolkata
CLM0052175,KOL_01959,Howrah,2020-08-09,15,0,0,0,0,0,0,0,0,0,0.0,0.10735,0,0.0,0,410,2,0,0.6609,0.0656,GREEN,44,Kolkata
CLM0052176,KOL_03856,Behala,2025-02-24,8,0,0,0,0,0,0,0,0,0,0.0,0.089198,0,0.0,0,420,1,2,0.4854,0.1219,GREEN,48,Kolkata
CLM0052177,KOL_00516,Behala,2025-11-04,20,0,0,0,0,0,0,1,0,0,0.0,0.349528,0,0.0,0,171,1,5,0.1343,0.1966,GREEN,20,Kolkata
CLM0052178,KOL_02966,Howrah,2025-05-01,20,0,0,0,0,0,1,0,0,0,0.0,0.311646,0,0.0,0,183,1,1,0.7601,0.0112,GREEN,45,Kolkata
CLM0052179,KOL_01989,Garia,2025-06-19,20,0,0,0,0,0,0,0,1,1,1.0,0.025535,0,0.0,0,239,0,2,0.6021,0.241,GREEN,24,Kolkata
CLM0052180,KOL_06083,Esplanade,2025-04-04,19,0,0,0,0,0,1,0,1,0,0.0,0.136218,0,0.0,0,388,0,0,0.98,0.1459,GREEN,22,Kolkata
CLM0052181,KOL_00900,Esplanade,2025-09-06,16,0,0,0,1,0,0,0,0,0,0.0,0.106234,0,0.0,0,258,4,3,0.6547,0.1761,GREEN,46,Kolkata
CLM0052182,KOL_02543,Esplanade,2025-11-27,16,0,0,0,0,0,0,0,0,0,0.0,0.125969,0,0.0,0,129,2,4,0.6613,0.0107,GREEN,41,Kolkata
CLM0052183,KOL_01452,New Town,2025-08-29,7,0,0,0,0,0,0,0,1,0,0.0,0.42365,1,0.0,0,263,1,0,0.6105,0.0,GREEN,28,Kolkata
CLM0052184,KOL_02388,Garia,2025-02-27,16,0,0,0,0,0,1,0,0,0,1.0,0.443705,0,1.0,0,59,4,2,0.4136,0.2172,GREEN,20,Kolkata
CLM0052185,KOL_01004,Dum Dum,2025-01-17,21,0,0,0,0,0,0,0,0,0,1.0,1.0,0,1.0,0,272,0,1,0.6918,0.0882,GREEN,24,Kolkata
CLM0052186,KOL_01593,Howrah,2025-12-18,8,0,0,0,0,0,0,0,0,0,0.0,0.139481,0,0.0,0,420,2,0,0.0672,0.0538,GREEN,50,Kolkata
CLM0052187,KOL_08842,Behala,2017-02-19,15,0,0,0,0,0,1,0,0,0,0.0,0.128317,0,0.0,0,420,3,1,0.5467,0.1061,GREEN,32,Kolkata
CLM0052188,KOL_03647,Tollygunge,2019-11-26,16,0,0,0,0,0,0,0,0,0,0.0,0.133227,0,0.0,0,265,1,1,0.5886,0.0758,GREEN,47,Kolkata
CLM0052189,KOL_04816,Behala,2025-07-12,20,0,0,0,0,0,0,0,0,0,0.0,0.0,0,1.0,0,413,2,5,0.0997,0.0,GREEN,35,Kolkata
CLM0052190,KOL_08482,Sealdah,2016-03-23,7,0,0,0,0,0,0,0,0,1,0.0,0.510035,0,0.0,0,88,4,0,0.7031,0.2169,GREEN,20,Kolkata
CLM0052191,KOL_09185,Salt Lake,2021-02-18,19,0,0,0,0,0,0,0,0,0,0.0,0.041108,0,0.0,0,420,1,2,0.9375,0.0341,GREEN,33,Kolkata
CLM0052192,KOL_08636,Garia,2020-05-13,19,0,0,0,0,1,0,1,1,0,1.0,0.997598,0,0.0,0,50,3,18,0.4632,0.0416,GREEN,42,Kolkata
CLM0052193,KOL_02449,Garia,2025-09-28,11,0,0,0,0,0,0,0,0,0,1.0,0.295423,0,0.0,0,62,2,2,0.4189,0.0,GREEN,49,Kolkata
CLM0052194,KOL_08494,New Town,2025-12-12,7,0,0,0,0,0,1,0,0,0,0.0,0.0,0,0.0,0,342,4,0,0.7564,0.1569,GREEN,54,Kolkata
CLM0052195,KOL_02786,Dum Dum,2024-07-02,18,0,0,0,0,1,1,0,1,0,0.0,0.079222,0,0.0,0,98,3,3,0.4833,0.3274,YELLOW,34,Kolkata
CLM0052196,KOL_09644,Tollygunge,2025-05-14,18,0,0,0,0,0,0,0,0,0,0.0,0.149776,0,0.0,0,184,1,0,0.954,0.0264,GREEN,44,Kolkata
CLM0052197,KOL_01398,Tollygunge,2020-03-27,10,0,0,0,0,0,0,0,0,0,0.0,0.069492,0,0.0,0,394,0,4,0.5718,0.0,GREEN,39,Kolkata
CLM0052198,KOL_00636,Tollygunge,2021-12-11,19,0,0,0,0,0,0,0,0,0,0.0,0.214291,0,1.0,0,143,2,1,0.7695,0.0,GREEN,33,Kolkata
CLM0052199,KOL_09131,Park Street,2025-06-10,8,0,0,0,0,0,0,0,0,0,1.0,0.32632,0,0.0,0,332,2,0,0.8295,0.039,GREEN,53,Kolkata
CLM0052200,KOL_06039,Garia,2018-12-14,21,0,0,0,0,0,0,0,0,0,0.0,0.195028,0,0.0,0,115,1,4,0.5687,0.0,GREEN,43,Kolkata
CLM0052201,KOL_04921,Behala,2024-12-27,17,0,0,0,1,0,0,0,0,0,0.0,0.100501,0,0.0,0,81,1,6,0.98,0.1886,GREEN,24,Kolkata
CLM0052202,KOL_02762,Salt Lake,2019-09-10,7,0,0,0,0,0,0,0,1,0,0.0,0.135212,0,0.0,0,187,0,6,0.8894,0.0287,GREEN,52,Kolkata
CLM0052203,KOL_05297,Behala,2025-05-12,21,0,0,0,0,0,0,0,0,0,0.0,0.208715,0,0.0,0,120,1,2,0.6892,0.123,GREEN,30,Kolkata
CLM0052204,KOL_00398,Park Street,2019-01-29,10,0,0,0,0,0,0,0,0,1,0.0,0.0,0,0.0,1,254,0,4,0.8493,0.1094,GREEN,35,Kolkata
CLM0052205,KOL_06419,Esplanade,2019-12-26,7,0,1,1,0,0,0,0,0,0,0.0,0.022078,0,0.0,0,420,1,2,0.5569,0.0,GREEN,18,Kolkata
CLM0052206,KOL_08287,Esplanade,2022-05-07,12,0,0,0,0,0,0,0,0,0,0.0,0.076427,0,0.0,0,420,1,0,0.6767,0.0089,GREEN,22,Kolkata
CLM0052207,KOL_05824,Behala,2020-10-19,12,0,0,0,0,0,0,0,0,0,0.0,0.00032,1,0.0,0,407,4,3,0.6623,0.1608,GREEN,39,Kolkata
CLM0052208,KOL_05701,Garia,2020-12-14,14,0,0,0,0,0,1,0,0,0,0.0,0.0,0,0.0,0,319,4,4,0.6296,0.1128,GREEN,37,Kolkata
CLM0052209,KOL_05011,Garia,2019-02-26,21,0,0,0,0,1,0,0,0,0,0.0,0.381219,0,0.0,0,93,3,0,0.8562,0.0748,GREEN,44,Kolkata
CLM0052210,KOL_05000,Sealdah,2024-10-14,20,0,0,0,0,0,0,0,0,0,0.0,0.251548,0,0.0,0,71,2,1,0.8124,0.0,GREEN,18,Kolkata
CLM0052211,KOL_06891,Behala,2025-06-06,15,0,0,0,0,0,0,0,0,0,0.0,0.28527,0,0.0,1,399,2,0,0.7526,0.1947,GREEN,43,Kolkata
CLM0052212,KOL_02924,Park Street,2025-05-21,15,0,0,0,0,0,0,0,0,0,0.0,0.0,0,0.0,0,198,4,4,0.5861,0.0,GREEN,18,Kolkata
CLM0052213,KOL_02669,Behala,2025-02-08,20,0,0,0,0,0,0,0,0,0,0.0,0.0,0,0.0,0,420,4,1,0.4337,0.0139,GREEN,33,Kolkata
CLM0052214,KOL_01750,Garia,2025-03-29,15,0,0,0,0,0,0,0,0,0,0.0,0.269486,0,0.0,0,369,0,0,0.7793,0.0906,GREEN,32,Kolkata
CLM0052215,KOL_07071,Salt Lake,2024-04-22,11,0,0,0,0,0,0,0,0,0,0.0,0.282358,1,0.0,0,133,2,3,0.05,0.0927,GREEN,34,Kolkata
CLM0052216,KOL_05729,New Town,2024-07-18,21,0,0,0,0,0,0,0,0,0,0.0,0.412071,0,1.0,0,35,0,2,0.9068,0.0,GREEN,33,Kolkata
CLM0052217,KOL_03561,Behala,2025-01-19,19,0,0,0,0,0,0,0,0,0,0.0,0.0,0,0.0,0,108,1,0,0.49,0.0,GREEN,32,Kolkata
CLM0052218,KOL_03241,New Town,2025-10-01,15,0,0,0,0,0,0,0,0,0,0.0,0.113041,0,0.0,1,69,3,2,0.8401,0.0,GREEN,24,Kolkata
CLM0052219,KOL_03769,New Town,2025-02-09,13,0,0,0,0,0,0,0,0,0,0.0,0.418073,0,1.0,0,420,0,1,0.7116,0.0,GREEN,46,Kolkata
CLM0052220,KOL_09248,Sealdah,2018-09-21,20,0,0,0,0,0,0,0,0,0,1.0,0.119518,0,0.0,0,26,0,1,0.4326,0.0327,GREEN,30,Kolkata
CLM0052221,KOL_09032,Behala,2017-10-14,11,0,0,0,0,0,0,1,0,0,0.0,0.0,0,0.0,0,161,0,0,0.4487,0.0,GREEN,29,Kolkata
CLM0052222,KOL_05751,Esplanade,2023-09-18,8,0,0,0,0,0,0,0,0,0,0.0,0.17908,0,0.0,0,420,0,4,0.98,0.0,GREEN,29,Kolkata
CLM0052223,KOL_02851,Garia,2018-04-09,20,0,0,0,0,0,0,0,0,0,0.0,0.136479,0,0.0,0,243,4,3,0.1041,0.0,GREEN,40,Kolkata
CLM0052224,KOL_06483,Behala,2020-11-06,21,0,0,0,0,0,0,0,0,0,1.0,0.312521,0,0.0,0,108,4,0,0.5096,0.1463,GREEN,40,Kolkata
CLM0052225,KOL_06398,Park Street,2018-12-10,8,0,0,0,0,0,0,0,0,0,0.0,0.404263,0,0.0,0,239,3,5,0.5785,0.0,GREEN,46,Kolkata
CLM0052226,KOL_08671,Park Street,2020-12-08,16,0,0,0,0,0,1,0,0,1,0.0,0.311154,0,0.0,0,212,3,1,0.7435,0.1936,GREEN,34,Kolkata
CLM0052227,KOL_02583,Behala,2021-06-09,18,0,0,0,1,0,0,0,0,0,0.0,0.1146,0,0.0,0,186,2,1,0.05,0.1314,GREEN,50,Kolkata
CLM0052228,KOL_02775,Tollygunge,2017-10-25,18,0,0,0,0,0,0,0,0,0,0.0,0.381614,0,0.0,0,420,0,1,0.7161,0.0587,GREEN,19,Kolkata
CLM0052229,KOL_07772,Park Street,2025-05-13,15,0,0,0,0,0,0,0,0,0,0.0,0.206895,0,0.0,0,247,2,2,0.05,0.1492,GREEN,35,Kolkata
CLM0052230,KOL_06870,New Town,2023-05-17,20,0,0,0,0,0,0,0,0,0,0.0,0.374925,0,0.0,0,263,3,5,0.6734,0.0,GREEN,46,Kolkata
CLM0052231,KOL_09194,Garia,2018-08-24,7,0,0,0,0,0,0,0,0,0,0.0,0.258027,1,0.0,0,420,4,0,0.9581,0.0161,GREEN,28,Kolkata
CLM0052232,KOL_04881,Park Street,2019-07-14,8,0,0,0,0,0,1,0,0,0,0.0,0.376679,0,0.0,0,40,4,0,0.5394,0.0915,GREEN,44,Kolkata
CLM0052233,KOL_04872,Garia,2019-06-23,8,0,0,0,0,1,0,0,1,0,1.0,0.0,1,0.0,1,18,2,18,0.1634,0.1195,GREEN,44,Kolkata
CLM0052234,KOL_00727,Park Street,2018-06-15,20,0,0,0,0,0,0,0,0,0,0.0,0.137026,0,1.0,0,130,0,0,0.98,0.0,GREEN,41,Kolkata
CLM0052235,KOL_02879,Howrah,2020-09-08,7,0,0,0,0,0,0,0,0,0,0.0,0.273048,0,0.0,0,180,3,5,0.7518,0.0,GREEN,52,Kolkata
CLM0052236,KOL_09908,Esplanade,2018-10-13,11,0,0,0,0,0,0,0,0,0,0.0,0.393211,0,0.0,0,32,1,2,0.8416,0.0,GREEN,35,Kolkata
CLM0052237,KOL_07786,Howrah,2020-02-03,12,0,0,0,0,0,0,1,0,0,0.0,0.376953,0,1.0,0,155,3,0,0.489,0.0832,GREEN,39,Kolkata
CLM0052238,KOL_08078,Dum Dum,2025-05-18,7,0,0,0,0,0,0,0,0,0,0.0,0.220821,0,0.0,0,420,4,4,0.955,0.0,GREEN,36,Kolkata
CLM0052239,KOL_02582,Dum Dum,2023-07-06,16,0,0,0,0,0,0,1,0,1,0.0,0.284774,0,0.0,0,420,4,3,0.0869,0.2616,GREEN,30,Kolkata
CLM0052240,KOL_07106,Behala,2017-01-25,16,0,0,0,0,0,0,0,0,0,0.0,0.088827,0,0.0,1,186,1,3,0.4766,0.0,GREEN,35,Kolkata
CLM0052241,KOL_03662,Salt Lake,2021-03-18,12,0,0,0,0,0,0,0,0,0,0.0,0.30229,1,0.0,0,367,4,0,0.7195,0.139,GREEN,28,Kolkata
CLM0052242,KOL_00660,Howrah,2024-10-08,7,0,0,0,0,0,0,0,0,0,0.0,0.020603,0,0.0,0,6,4,2,0.7408,0.1023,GREEN,28,Kolkata
CLM0052243,KOL_01212,Tollygunge,2024-05-02,8,0,0,0,0,0,0,0,0,0,1.0,0.184446,0,0.0,0,91,4,5,0.9186,0.0674,GREEN,32,Kolkata
CLM0052244,KOL_05880,Howrah,2025-07-29,12,0,0,0,0,0,0,0,0,0,0.0,0.433513,0,0.0,0,56,2,2,0.7416,0.0,GREEN,18,Kolkata
CLM0052245,KOL_02554,Howrah,2022-05-10,18,0,0,0,0,0,0,0,0,0,0.0,0.36249,0,0.0,0,319,2,0,0.98,0.0,GREEN,42,Kolkata
CLM0052246,KOL_06414,New Town,2018-10-22,14,0,0,0,0,0,0,0,0,0,0.0,0.177637,0,0.0,0,420,4,3,0.98,0.0167,GREEN,24,Kolkata
CLM0052247,KOL_08154,Sealdah,2017-07-13,13,0,0,0,0,0,0,0,0,0,0.0,0.102224,0,0.0,0,383,2,1,0.6997,0.0,GREEN,43,Kolkata
CLM0052248,KOL_02048,New Town,2017-11-08,16,0,0,0,0,0,0,0,0,0,0.0,0.075039,0,0.0,0,203,2,4,0.4823,0.0545,GREEN,21,Kolkata
CLM0052249,KOL_03175,Esplanade,2021-09-09,15,0,0,0,0,0,0,0,1,0,0.0,0.023983,1,0.0,0,49,0,0,0.7317,0.1367,GREEN,40,Kolkata
CLM0052250,KOL_02495,Garia,2019-03-19,12,0,0,0,0,0,0,0,0,0,0.0,0.049787,0,0.0,0,318,1,0,0.9467,0.0948,GREEN,31,Kolkata
CLM0052251,KOL_08914,Tollygunge,2019-01-31,12,0,0,0,0,0,0,0,1,0,0.0,0.408601,0,0.0,0,67,4,4,0.8,0.0187,GREEN,35,Kolkata
CLM0052252,KOL_03765,Tollygunge,2016-09-09,13,0,0,0,0,0,0,0,0,0,1.0,0.178418,0,0.0,0,420,0,0,0.1483,0.0737,GREEN,47,Kolkata
CLM0052253,KOL_08845,Howrah,2025-02-19,20,0,0,0,0,0,0,0,0,0,0.0,0.112163,0,0.0,0,420,1,5,0.9155,0.0446,GREEN,32,Kolkata
CLM0052254,KOL_01715,Sealdah,2025-02-25,21,0,0,0,0,0,0,0,0,0,0.0,0.312822,0,1.0,0,236,3,1,0.1493,0.0,GREEN,46,Kolkata
CLM0052255,KOL_09155,Tollygunge,2025-01-24,7,0,0,0,0,0,0,0,0,0,0.0,0.909199,0,0.0,0,420,4,2,0.7548,0.0,GREEN,59,Kolkata
CLM0052256,KOL_06660,Sealdah,2025-05-01,11,0,0,0,0,0,1,1,0,0,1.0,0.111408,0,0.0,0,362,3,4,0.6634,0.1034,GREEN,24,Kolkata
CLM0052257,KOL_07484,Sealdah,2025-01-24,7,0,0,0,0,0,0,0,0,0,1.0,0.010143,0,0.0,0,411,3,3,0.6997,0.0228,GREEN,28,Kolkata
CLM0052258,KOL_02842,Park Street,2025-08-14,21,0,0,0,0,0,0,0,0,0,0.0,0.058441,0,0.0,0,276,0,0,0.05,0.0951,GREEN,33,Kolkata
CLM0052259,KOL_08592,New Town,2023-08-25,17,0,0,0,0,0,0,0,1,0,0.0,0.135856,0,0.0,0,5,1,0,0.3566,0.0966,GREEN,41,Kolkata
CLM0052260,KOL_08132,Park Street,2023-12-04,10,0,0,0,0,0,0,0,0,0,0.0,0.297065,0,0.0,0,123,4,0,0.8646,0.0,GREEN,36,Kolkata
CLM0052261,KOL_01889,Tollygunge,2023-09-21,9,0,0,0,0,0,0,0,0,0,0.0,0.327317,0,0.0,0,420,3,1,0.7299,0.0,GREEN,41,Kolkata
CLM0052262,KOL_06476,Behala,2024-01-05,20,0,0,0,0,0,0,0,0,0,0.0,0.289711,0,0.0,0,57,3,3,0.7118,0.0,GREEN,28,Kolkata
CLM0052263,KOL_06787,Esplanade,2025-03-31,18,0,0,0,0,1,0,0,0,0,0.0,0.494357,0,0.0,0,279,4,6,0.98,0.2376,GREEN,32,Kolkata
CLM0052264,KOL_01296,Howrah,2022-07-07,19,0,0,0,0,0,0,0,0,0,0.0,0.177813,0,0.0,0,380,3,0,0.9254,0.0069,GREEN,36,Kolkata
CLM0052265,KOL_03096,Howrah,2023-01-30,10,0,0,0,0,0,1,0,0,1,0.0,0.542811,0,0.0,0,221,0,2,0.154,0.2336,GREEN,24,Kolkata
CLM0052266,KOL_06815,Howrah,2025-10-17,20,0,0,0,0,0,0,1,0,0,0.0,0.411926,0,0.0,0,346,0,2,0.7106,0.0761,GREEN,37,Kolkata
CLM0052267,KOL_06878,Tollygunge,2025-03-18,18,0,0,0,0,0,0,0,0,0,0.0,0.292078,0,0.0,0,420,3,5,0.7995,0.0,GREEN,41,Kolkata
CLM0052268,KOL_08712,Sealdah,2020-09-19,13,0,0,0,0,0,0,1,0,0,0.0,0.139726,0,0.0,0,112,4,3,0.8184,0.0997,GREEN,21,Kolkata
CLM0052269,KOL_01043,Dum Dum,2024-01-23,15,0,0,0,0,0,0,0,0,0,0.0,0.142986,0,0.0,0,222,4,3,0.6355,0.0,GREEN,43,Kolkata
CLM0052270,KOL_09307,Garia,2019-04-09,13,0,0,0,0,0,0,0,0,0,0.0,0.295322,0,0.0,0,71,4,10,0.6405,0.0796,GREEN,39,Kolkata
CLM0052271,KOL_03685,Esplanade,2022-05-05,13,0,0,0,0,0,0,0,0,0,0.0,0.380158,0,0.0,0,300,1,0,0.7084,0.0704,GREEN,26,Kolkata
CLM0052272,KOL_06539,Howrah,2019-06-08,17,0,0,0,0,0,0,0,0,0,1.0,0.481343,0,0.0,0,283,4,0,0.649,0.1022,GREEN,36,Kolkata
CLM0052273,KOL_03358,Howrah,2021-01-13,8,0,0,0,0,0,0,0,0,0,0.0,0.250696,0,0.0,0,343,4,0,0.5127,0.0274,GREEN,32,Kolkata
CLM0052274,KOL_02508,Sealdah,2020-07-18,9,0,0,0,0,0,0,0,0,0,0.0,0.401887,0,0.0,0,77,4,5,0.7803,0.0,GREEN,35,Kolkata
CLM0052275,KOL_00734,Tollygunge,2023-05-19,7,0,0,0,0,0,0,0,0,0,0.0,0.227146,0,0.0,0,35,0,0,0.477,0.0732,GREEN,47,Kolkata
CLM0052276,KOL_01724,Park Street,2022-10-23,16,0,0,0,0,0,1,0,0,0,0.0,0.029418,0,0.0,0,12,3,0,0.3419,0.0417,GREEN,42,Kolkata
CLM0052277,KOL_09950,Tollygunge,2023-09-29,15,0,0,0,0,0,0,0,0,0,0.0,0.020904,0,0.0,0,35,0,6,0.98,0.0,GREEN,59,Kolkata
CLM0052278,KOL_00877,Esplanade,2024-08-17,8,0,0,0,0,0,0,0,0,0,0.0,0.277474,0,0.0,0,348,0,1,0.8242,0.0,GREEN,62,Kolkata
CLM0052279,KOL_06111,Garia,2025-04-26,13,0,0,0,0,0,0,0,0,0,0.0,0.008883,0,0.0,0,148,2,3,0.8972,0.0,GREEN,40,Kolkata
CLM0052280,KOL_04672,Tollygunge,2023-06-05,9,0,0,0,0,0,0,0,0,0,0.0,1.0,0,0.0,0,420,4,0,0.4866,0.0456,GREEN,37,Kolkata
CLM0052281,KOL_07199,Tollygunge,2020-03-05,8,0,0,0,0,0,0,0,1,0,0.0,0.1759,0,0.0,0,282,3,5,0.5662,0.1572,GREEN,45,Kolkata
CLM0052282,KOL_03173,Tollygunge,2019-10-05,8,0,0,0,0,0,0,0,1,0,0.0,0.042336,0,0.0,0,416,0,0,0.0742,0.1123,GREEN,45,Kolkata
CLM0052283,KOL_06891,Behala,2024-11-18,18,0,0,0,0,0,0,0,0,0,0.0,0.366208,1,0.0,0,341,4,5,0.8955,0.1021,GREEN,43,Kolkata
CLM0052284,KOL_00310,Behala,2023-12-24,13,0,0,0,0,0,0,0,0,0,0.0,0.211613,0,0.0,0,344,0,2,0.8152,0.0,GREEN,25,Kolkata
CLM0052285,KOL_04691,Behala,2024-01-25,17,0,0,0,0,0,0,0,1,0,1.0,0.391213,0,0.0,0,175,2,5,0.6353,0.2269,GREEN,37,Kolkata
CLM0052286,KOL_05720,Garia,2024-07-26,10,0,0,0,0,0,1,0,0,0,0.0,0.007451,0,1.0,0,420,0,1,0.8638,0.0354,GREEN,29,Kolkata
CLM0052287,KOL_04263,Esplanade,2023-08-15,8,0,0,0,0,0,0,0,0,0,0.0,0.346846,0,1.0,0,183,0,1,0.7065,0.1161,GREEN,34,Kolkata
CLM0052288,KOL_08086,Esplanade,2024-05-24,18,0,0,0,0,1,1,0,0,0,0.0,0.164868,0,0.0,0,420,2,0,0.98,0.2997,GREEN,36,Kolkata
CLM0052289,KOL_08682,New Town,2025-08-20,14,0,0,0,0,1,0,0,1,0,0.0,0.175498,0,0.0,0,105,0,1,0.7336,0.2059,GREEN,29,Kolkata
CLM0052290,KOL_00161,Tollygunge,2022-05-13,8,0,0,0,0,0,0,0,0,0,0.0,0.244502,0,0.0,0,263,4,1,0.6623,0.0736,GREEN,57,Kolkata
CLM0052291,KOL_04041,Park Street,2025-07-03,7,0,0,0,0,0,0,0,0,0,0.0,0.235848,0,0.0,0,265,0,1,0.9649,0.0084,GREEN,25,Kolkata
CLM0052292,KOL_00284,Sealdah,2024-01-05,14,0,0,0,0,1,0,0,0,0,0.0,0.26503,0,0.0,0,256,1,1,0.5704,0.1546,GREEN,23,Kolkata
CLM0052293,KOL_00952,Park Street,2025-01-21,12,0,0,0,0,0,0,0,0,0,0.0,0.223371,0,0.0,0,85,0,0,0.1535,0.0221,GREEN,35,Kolkata
CLM0052294,KOL_07117,New Town,2024-05-27,20,0,0,0,0,0,0,0,0,0,0.0,0.277009,0,0.0,0,345,3,0,0.7806,0.0802,GREEN,28,Kolkata
CLM0052295,KOL_08747,Tollygunge,2022-11-20,10,0,0,0,0,0,0,0,0,0,0.0,0.152648,0,0.0,0,257,0,2,0.646,0.0,GREEN,35,Kolkata
CLM0052296,KOL_03596,New Town,2023-06-08,21,0,0,0,0,0,0,1,0,0,0.0,0.421699,0,0.0,0,389,3,3,0.8868,0.0893,GREEN,43,Kolkata
CLM0052297,KOL_00202,Behala,2022-10-21,13,0,0,0,0,0,0,0,0,0,0.0,0.083473,0,0.0,0,227,1,0,0.5497,0.0,GREEN,18,Kolkata
CLM0052298,KOL_06658,Sealdah,2025-01-18,17,0,0,0,0,0,1,1,0,0,0.0,0.142516,0,0.0,0,237,3,2,0.0868,0.1426,GREEN,18,Kolkata
CLM0052299,KOL_02284,Tollygunge,2020-05-22,8,0,0,0,0,0,1,0,0,1,0.0,0.275992,0,0.0,0,235,2,2,0.9009,0.1829,GREEN,40,Kolkata
CLM0052300,KOL_07645,Esplanade,2021-11-25,13,0,0,0,0,0,0,0,0,1,0.0,0.10059,0,0.0,0,234,4,0,0.7634,0.0978,GREEN,41,Kolkata
CLM0052301,KOL_00084,Esplanade,2025-03-31,16,0,0,0,0,0,0,0,0,0,0.0,0.092646,0,0.0,0,173,0,0,0.6409,0.0,GREEN,45,Kolkata
CLM0052302,KOL_08717,Salt Lake,2024-05-06,18,0,0,0,0,0,0,0,0,0,0.0,0.407319,0,0.0,0,276,1,4,0.1318,0.0,GREEN,20,Kolkata
CLM0052303,KOL_07884,Behala,2022-09-25,7,0,0,0,0,0,0,0,0,0,0.0,0.242619,0,0.0,0,117,2,4,0.6132,0.0,GREEN,36,Kolkata
CLM0052304,KOL_03419,Tollygunge,2024-08-31,14,0,0,0,0,0,0,0,0,0,0.0,0.287248,0,0.0,0,155,0,5,0.5689,0.0,GREEN,28,Kolkata
CLM0052305,KOL_04820,Tollygunge,2024-06-23,14,0,0,0,0,0,0,0,0,0,0.0,0.068104,0,0.0,0,278,3,3,0.7201,0.0,GREEN,28,Kolkata
CLM0052306,KOL_05769,Garia,2025-01-28,12,0,0,0,0,0,0,0,0,0,0.0,0.224223,0,0.0,0,328,1,5,0.1733,0.0621,GREEN,40,Kolkata
CLM0052307,KOL_00920,Behala,2025-06-08,20,0,0,0,0,0,0,0,0,0,1.0,0.103037,0,0.0,0,416,3,5,0.8315,0.065,GREEN,33,Kolkata
CLM0052308,KOL_07643,Sealdah,2025-05-24,17,0,0,0,0,0,0,0,0,0,0.0,0.181243,0,0.0,0,420,4,3,0.8278,0.1351,GREEN,34,Kolkata
CLM0052309,KOL_01303,Park Street,2025-09-21,10,0,0,0,0,0,0,0,0,0,0.0,0.212802,0,0.0,0,295,0,4,0.4162,0.0489,GREEN,42,Kolkata
CLM0052310,KOL_06197,Behala,2025-11-10,11,0,0,0,0,0,0,1,0,0,0.0,0.311999,0,0.0,0,420,3,0,0.8534,0.1609,GREEN,29,Kolkata
CLM0052311,KOL_04319,Salt Lake,2024-04-13,16,0,0,0,0,0,0,0,0,0,0.0,0.23274,0,0.0,0,101,1,1,0.4835,0.0,GREEN,27,Kolkata
CLM0052312,KOL_04428,Sealdah,2024-09-06,14,0,0,0,0,0,0,0,0,0,0.0,0.0,0,0.0,0,420,0,1,0.7078,0.0,GREEN,33,Kolkata
CLM0052313,KOL_06147,Behala,2025-02-17,13,0,0,0,0,0,0,0,0,0,0.0,0.898442,0,0.0,1,238,0,0,0.562,0.0912,GREEN,21,Kolkata
CLM0052314,KOL_06542,New Town,2024-11-27,21,0,0,0,1,0,0,0,0,0,0.0,0.259773,0,0.0,0,420,4,0,0.7437,0.2693,GREEN,34,Kolkata
CLM0052315,KOL_07820,New Town,2025-02-23,9,0,0,0,0,0,0,0,0,0,0.0,0.014542,0,0.0,0,89,2,1,0.803,0.0768,GREEN,18,Kolkata
CLM0052316,KOL_09989,Dum Dum,2023-09-18,8,0,0,0,0,0,0,0,0,0,0.0,0.239762,0,0.0,0,420,4,3,0.8731,0.0287,GREEN,39,Kolkata
CLM0052317,KOL_08621,New Town,2024-09-11,13,0,0,0,0,0,0,0,0,0,0.0,0.267556,0,0.0,0,111,0,3,0.1636,0.0891,GREEN,35,Kolkata
CLM0052318,KOL_07390,Behala,2024-06-28,18,0,0,0,1,0,0,0,0,0,0.0,0.357793,0,0.0,1,96,1,5,0.8106,0.1763,GREEN,39,Kolkata
CLM0052319,KOL_08936,Garia,2023-06-10,18,0,0,0,0,0,1,0,0,0,0.0,0.400084,0,0.0,0,411,4,2,0.0594,0.1202,GREEN,35,Kolkata
CLM0052320,KOL_09345,Park Street,2024-09-30,19,0,0,0,0,0,0,1,0,0,0.0,0.208125,0,0.0,0,391,1,0,0.573,0.0911,GREEN,48,Kolkata
CLM0052321,KOL_04204,Dum Dum,2025-03-08,21,0,0,0,0,0,0,0,0,0,0.0,0.176321,0,0.0,0,385,3,0,0.8197,0.032,GREEN,35,Kolkata
CLM0052322,KOL_08621,New Town,2024-01-15,9,0,0,0,0,0,0,0,0,0,0.0,0.295809,0,0.0,0,195,3,0,0.8001,0.0,GREEN,35,Kolkata
CLM0052323,KOL_05630,Howrah,2024-02-17,7,0,0,0,0,0,0,0,0,0,0.0,0.05067,0,1.0,0,99,3,0,0.8475,0.0594,GREEN,38,Kolkata
CLM0052324,KOL_05175,Sealdah,2024-03-25,16,0,0,0,0,0,1,1,0,0,0.0,0.244946,0,0.0,0,275,1,0,0.4837,0.1569,GREEN,40,Kolkata
CLM0052325,KOL_01458,Howrah,2025-04-06,12,0,0,0,0,0,0,0,0,0,0.0,0.114872,0,0.0,0,97,4,1,0.0623,0.0,GREEN,34,Kolkata
CLM0052326,KOL_05340,New Town,2023-12-13,19,0,0,0,0,0,0,0,1,0,0.0,0.304148,0,0.0,0,274,4,2,0.8079,0.1111,GREEN,18,Kolkata
CLM0052327,KOL_03935,Esplanade,2025-12-04,8,0,0,0,0,0,1,1,1,0,0.0,0.157451,0,0.0,0,394,3,3,0.4792,0.1902,GREEN,58,Kolkata
CLM0052328,KOL_02564,Dum Dum,2025-07-20,14,0,0,0,0,0,0,1,0,0,0.0,0.359331,0,0.0,0,407,0,3,0.1226,0.0798,GREEN,40,Kolkata
CLM0052329,KOL_02807,New Town,2020-11-27,9,0,0,0,0,0,0,0,0,0,0.0,0.293805,0,0.0,0,232,3,6,0.6702,0.0,GREEN,35,Kolkata
CLM0052330,KOL_08238,Park Street,2020-11-11,15,0,0,0,0,0,0,0,0,0,0.0,0.979608,0,0.0,0,412,0,8,0.8446,0.0,GREEN,44,Kolkata
CLM0052331,KOL_05703,Sealdah,2018-11-18,10,0,0,0,0,0,0,0,0,1,0.0,0.191907,0,0.0,0,163,4,3,0.7434,0.2094,GREEN,50,Kolkata
CLM0052332,KOL_06077,Sealdah,2017-12-11,20,0,0,0,0,0,0,0,0,0,0.0,0.411317,0,0.0,0,90,3,1,0.734,0.0283,GREEN,47,Kolkata
CLM0052333,KOL_02642,Sealdah,2025-04-22,16,0,0,0,1,0,0,0,0,0,0.0,0.354723,0,0.0,0,410,1,5,0.7434,0.1827,GREEN,29,Kolkata
CLM0052334,KOL_02200,Dum Dum,2025-02-15,10,0,0,0,0,0,0,0,0,0,0.0,0.296934,0,0.0,0,420,2,0,0.8339,0.1059,GREEN,30,Kolkata
CLM0052335,KOL_02712,Howrah,2021-08-20,17,0,0,0,0,0,0,0,0,0,0.0,0.287384,0,1.0,0,313,3,6,0.659,0.0816,GREEN,29,Kolkata
CLM0052336,KOL_01004,Dum Dum,2023-10-12,9,0,0,0,0,0,0,0,0,1,0.0,0.027531,0,0.0,0,287,4,3,0.9776,0.1022,GREEN,24,Kolkata
CLM0052337,KOL_07827,Sealdah,2023-01-09,13,0,0,0,0,0,0,0,0,0,0.0,0.079181,0,0.0,0,420,4,0,0.7578,0.0,GREEN,27,Kolkata
CLM0052338,KOL_07789,Park Street,2022-10-12,11,0,0,0,0,0,0,0,0,0,0.0,0.322785,0,0.0,0,246,2,5,0.6488,0.0,GREEN,64,Kolkata
CLM0052339,KOL_04849,Esplanade,2018-11-30,14,0,0,0,1,0,0,0,0,0,0.0,0.394717,0,0.0,0,340,0,3,0.1598,0.1728,GREEN,18,Kolkata
CLM0052340,KOL_07519,Garia,2021-06-24,7,0,0,0,0,0,0,0,0,0,0.0,0.333097,0,0.0,0,302,1,3,0.8156,0.0232,GREEN,39,Kolkata
CLM0052341,KOL_02406,Park Street,2023-11-29,18,0,0,0,0,0,1,0,0,0,0.0,0.20687,0,0.0,0,304,3,0,0.5733,0.0897,GREEN,24,Kolkata
CLM0052342,KOL_03568,Tollygunge,2024-04-20,7,0,0,0,0,0,0,0,0,0,0.0,0.127035,0,0.0,0,111,1,3,0.4841,0.0014,GREEN,40,Kolkata
CLM0052343,KOL_02429,Tollygunge,2025-12-06,14,0,0,0,0,0,0,0,0,0,0.0,0.167566,0,0.0,0,80,4,2,0.696,0.0664,GREEN,35,Kolkata
CLM0052344,KOL_06278,Salt Lake,2021-10-12,8,0,0,0,0,0,0,0,0,0,1.0,0.939611,0,1.0,0,420,1,4,0.5064,0.1504,GREEN,37,Kolkata
CLM0052345,KOL_05096,Howrah,2020-10-29,18,0,0,0,0,0,0,0,0,0,1.0,0.328167,0,0.0,0,359,3,0,0.98,0.0448,GREEN,27,Kolkata
CLM0052346,KOL_04358,Dum Dum,2025-07-11,11,0,0,0,0,0,0,0,0,0,0.0,0.235456,0,0.0,0,420,3,4,0.4998,0.1277,GREEN,36,Kolkata
CLM0052347,KOL_02255,Park Street,2025-07-18,7,0,0,0,0,0,0,0,0,0,0.0,0.096748,0,0.0,0,420,3,0,0.5544,0.0403,GREEN,44,Kolkata
CLM0052348,KOL_06910,Howrah,2024-03-25,19,0,0,0,0,0,0,0,0,1,0.0,0.916816,0,0.0,0,420,3,1,0.1459,0.0845,GREEN,54,Kolkata
CLM0052349,KOL_06005,Sealdah,2025-09-03,18,0,0,0,0,0,0,0,0,0,0.0,0.446591,0,0.0,0,404,1,0,0.9464,0.0,GREEN,26,Kolkata
CLM0052350,KOL_06914,New Town,2025-07-06,13,0,0,0,0,0,0,0,0,0,0.0,1.0,0,0.0,0,124,0,0,0.9078,0.0033,GREEN,42,Kolkata
CLM0052351,KOL_09822,New Town,2024-07-01,18,0,0,0,0,0,0,0,0,0,0.0,0.0,0,0.0,0,344,0,4,0.4807,0.0061,GREEN,24,Kolkata
CLM0052352,KOL_00062,Tollygunge,2024-07-09,21,0,0,0,0,0,0,0,0,0,0.0,0.200571,0,0.0,0,285,4,1,0.5789,0.0531,GREEN,43,Kolkata
CLM0052353,KOL_04355,Park Street,2025-08-15,13,0,0,0,0,0,0,0,0,0,0.0,0.194472,0,0.0,0,175,2,4,0.8,0.0,GREEN,26,Kolkata
CLM0052354,KOL_09751,New Town,2025-04-27,12,0,0,0,0,0,0,0,0,0,0.0,0.197487,0,0.0,1,129,2,1,0.7859,0.0558,GREEN,30,Kolkata
CLM0052355,KOL_06492,Sealdah,2025-10-02,9,0,1,1,0,0,0,0,1,0,0.0,1.0,0,0.0,1,337,1,6,0.5462,0.203,GREEN,47,Kolkata
CLM0052356,KOL_01674,Park Street,2024-12-19,16,0,0,0,0,0,0,0,0,0,0.0,0.141894,0,0.0,0,224,4,0,0.5237,0.0,GREEN,41,Kolkata
CLM0052357,KOL_08409,New Town,2022-05-29,21,0,0,0,0,0,0,0,1,0,0.0,0.261262,0,0.0,0,396,2,0,0.9494,0.0565,GREEN,37,Kolkata
CLM0052358,KOL_00870,Tollygunge,2023-02-21,12,0,0,0,0,0,0,0,0,0,0.0,0.22273,0,0.0,0,277,2,0,0.8673,0.0014,GREEN,29,Kolkata
CLM0052359,KOL_08210,Behala,2025-05-15,10,0,0,0,0,1,0,0,0,0,0.0,0.208007,0,0.0,0,129,3,4,0.6579,0.0561,GREEN,35,Kolkata
CLM0052360,KOL_04344,Salt Lake,2025-03-11,16,0,0,0,0,0,1,1,0,0,0.0,0.295791,0,1.0,0,261,4,6,0.6897,0.1474,GREEN,59,Kolkata
CLM0052361,KOL_02981,Behala,2025-10-24,7,0,0,0,0,0,0,0,0,0,0.0,0.305544,0,0.0,0,409,3,6,0.9297,0.0,GREEN,34,Kolkata
CLM0052362,KOL_03805,Salt Lake,2025-12-12,11,0,1,1,0,0,1,0,0,0,0.0,0.06096,0,0.0,0,334,1,1,0.0548,0.048,GREEN,44,Kolkata
CLM0052363,KOL_03370,Esplanade,2025-09-03,7,0,0,0,0,0,0,0,0,0,0.0,0.072528,0,0.0,0,50,0,0,0.7969,0.0578,GREEN,23,Kolkata
CLM0052364,KOL_09316,Tollygunge,2025-08-07,8,0,0,0,0,0,0,0,0,0,0.0,0.384602,0,0.0,0,348,1,4,0.9224,0.0,GREEN,53,Kolkata
CLM0052365,KOL_02560,Dum Dum,2025-09-08,10,0,0,0,0,0,1,0,0,0,0.0,0.367399,0,0.0,0,271,1,2,0.1754,0.1006,GREEN,52,Kolkata
CLM0052366,KOL_00578,Esplanade,2025-11-02,15,0,0,0,0,0,0,0,0,0,0.0,0.0,0,0.0,0,158,3,2,0.652,0.0411,GREEN,60,Kolkata
CLM0052367,KOL_06761,Garia,2025-03-24,19,0,0,0,0,0,0,0,0,0,0.0,0.0,0,0.0,1,420,2,1,0.7709,0.0414,GREEN,35,Kolkata
CLM0052368,KOL_07573,New Town,2025-01-02,16,0,0,0,1,0,0,0,1,0,0.0,0.230426,0,1.0,0,157,1,0,0.98,0.2554,GREEN,33,Kolkata
CLM0052369,KOL_08367,Park Street,2024-12-20,19,0,0,0,0,0,0,1,0,0,0.0,0.0,0,0.0,0,374,3,0,0.6493,0.0684,GREEN,54,Kolkata
CLM0052370,KOL_09614,Howrah,2025-10-19,13,0,0,0,0,0,1,0,0,0,0.0,0.408181,1,0.0,0,420,1,0,0.7314,0.1628,GREEN,28,Kolkata
CLM0052371,KOL_01590,Sealdah,2020-05-17,17,0,0,0,0,0,0,0,0,0,0.0,0.365619,0,0.0,0,56,2,4,0.6186,0.0,GREEN,48,Kolkata
CLM0052372,KOL_01992,Tollygunge,2022-08-16,7,0,0,0,0,0,0,0,0,0,1.0,0.078202,0,0.0,0,420,4,1,0.5593,0.1176,GREEN,36,Kolkata
CLM0052373,KOL_05764,Garia,2022-02-23,10,0,0,0,1,0,1,1,1,0,1.0,0.912961,0,1.0,1,5,3,18,0.8104,0.0451,GREEN,40,Kolkata
CLM0052374,KOL_09101,Sealdah,2024-04-23,21,0,0,0,0,0,1,0,0,0,0.0,0.472997,0,0.0,0,191,1,3,0.6715,0.0981,GREEN,19,Kolkata
CLM0052375,KOL_01963,Behala,2019-03-31,10,0,0,0,0,0,0,1,0,0,0.0,0.133646,0,0.0,0,121,2,3,0.915,0.0761,GREEN,52,Kolkata
CLM0052376,KOL_03803,Dum Dum,2025-11-28,16,0,0,0,0,0,0,0,0,0,1.0,0.265143,0,0.0,0,242,3,2,0.6163,0.0405,GREEN,18,Kolkata
CLM0052377,KOL_05424,Sealdah,2019-08-18,13,0,0,0,0,0,0,0,0,0,0.0,0.933696,0,0.0,0,249,0,2,0.98,0.0191,GREEN,42,Kolkata
CLM0052378,KOL_01616,Garia,2024-10-03,14,0,0,0,0,0,0,0,0,0,0.0,0.295238,0,0.0,0,140,4,3,0.05,0.0,GREEN,23,Kolkata
CLM0052379,KOL_07671,Dum Dum,2022-10-07,7,0,0,0,0,0,0,0,0,0,0.0,0.421514,0,0.0,0,114,1,3,0.6756,0.0128,GREEN,59,Kolkata
CLM0052380,KOL_02968,Behala,2023-02-28,19,0,0,0,1,0,0,0,0,0,0.0,0.223976,0,0.0,0,63,0,2,0.05,0.0839,GREEN,42,Kolkata
CLM0052381,KOL_07998,New Town,2025-08-26,9,0,0,0,0,1,1,0,0,0,1.0,0.332284,0,0.0,0,324,0,0,0.0812,0.0113,GREEN,35,Kolkata
CLM0052382,KOL_04373,Sealdah,2023-10-08,16,0,0,0,1,0,0,0,1,0,0.0,0.989748,0,0.0,0,322,1,3,0.2146,0.2244,GREEN,37,Kolkata
CLM0052383,KOL_02854,Sealdah,2022-09-14,14,0,0,0,0,0,0,0,0,0,0.0,0.978109,0,0.0,0,145,1,2,0.7514,0.0823,GREEN,36,Kolkata
CLM0052384,KOL_08725,Sealdah,2025-02-12,10,0,0,0,0,0,0,0,0,0,0.0,0.11985,0,0.0,0,247,1,2,0.2609,0.0,GREEN,33,Kolkata
CLM0052385,KOL_08528,Garia,2017-03-14,13,0,0,0,0,0,0,0,0,0,0.0,0.23747,0,0.0,0,344,4,0,0.7454,0.0,GREEN,40,Kolkata
CLM0052386,KOL_07359,Howrah,2022-01-03,15,0,0,0,0,0,0,0,0,0,0.0,0.170961,0,0.0,0,97,4,2,0.4561,0.0,GREEN,52,Kolkata
CLM0052387,KOL_01863,Behala,2020-08-21,17,0,0,0,0,0,0,0,0,1,0.0,0.027647,0,0.0,0,420,2,0,0.6123,0.0667,GREEN,36,Kolkata
CLM0052388,KOL_08892,Garia,2024-07-06,9,0,0,0,0,0,0,0,0,0,0.0,0.340786,0,0.0,0,146,1,0,0.7678,0.0,GREEN,57,Kolkata
CLM0052389,KOL_08188,Esplanade,2025-12-17,9,0,0,0,0,0,0,0,0,0,0.0,0.149367,0,0.0,0,7,2,7,0.8119,0.0,GREEN,22,Kolkata
CLM0052390,KOL_01858,Esplanade,2024-07-15,15,0,0,0,0,0,0,0,0,0,1.0,1.0,0,1.0,0,155,4,5,0.928,0.0356,GREEN,49,Kolkata
CLM0052391,KOL_07674,New Town,2025-03-14,21,0,0,0,0,0,1,0,0,0,0.0,0.134218,0,0.0,0,414,2,4,0.5692,0.1762,GREEN,39,Kolkata
CLM0052392,KOL_09535,Esplanade,2024-01-17,11,0,0,0,0,0,0,0,1,0,0.0,0.102205,0,1.0,0,420,0,3,0.9267,0.1934,GREEN,44,Kolkata
CLM0052393,KOL_04716,Park Street,2025-01-29,16,0,0,0,0,0,0,0,0,1,0.0,0.081706,0,0.0,0,349,2,1,0.05,0.0809,GREEN,18,Kolkata
CLM0052394,KOL_01003,New Town,2024-12-08,11,0,0,0,1,0,0,0,0,0,0.0,0.075803,0,0.0,0,147,1,0,0.2016,0.2114,GREEN,18,Kolkata
CLM0052395,KOL_01412,Howrah,2025-01-10,7,0,0,0,0,0,1,0,0,0,0.0,0.33,0,0.0,0,109,0,4,0.8432,0.1465,GREEN,51,Kolkata
CLM0052396,KOL_01327,Tollygunge,2024-04-05,18,0,0,0,0,0,0,1,0,1,0.0,0.388812,0,1.0,0,420,1,3,0.05,0.1204,GREEN,30,Kolkata
CLM0052397,KOL_09300,Tollygunge,2019-11-08,21,0,0,0,0,0,0,0,0,0,0.0,1.0,0,0.0,0,123,3,0,0.8009,0.0872,GREEN,47,Kolkata
CLM0052398,KOL_05058,New Town,2025-05-23,16,0,0,0,0,0,1,0,0,0,0.0,0.269527,0,0.0,0,109,0,3,0.9633,0.1307,GREEN,43,Kolkata
CLM0052399,KOL_08998,Howrah,2025-07-28,12,0,0,0,0,0,0,0,0,0,0.0,0.237129,0,0.0,0,95,3,4,0.2155,0.0,GREEN,38,Kolkata
CLM0052400,KOL_05358,Dum Dum,2021-03-28,16,0,0,0,0,0,0,0,0,0,0.0,0.261251,0,0.0,0,420,1,3,0.4925,0.0,GREEN,33,Kolkata
CLM0052401,KOL_02834,Tollygunge,2022-08-22,19,0,0,0,0,0,0,0,0,0,0.0,0.993697,0,0.0,0,156,4,1,0.852,0.0865,GREEN,33,Kolkata
CLM0052402,KOL_05888,Tollygunge,2022-12-28,12,0,0,0,0,1,0,0,0,0,0.0,0.109501,0,0.0,0,184,4,6,0.5979,0.1076,GREEN,40,Kolkata
CLM0052403,KOL_06285,Howrah,2017-10-19,18,0,0,0,0,0,0,0,0,0,0.0,0.01567,0,0.0,0,152,2,0,0.9469,0.0,GREEN,51,Kolkata
CLM0052404,KOL_08296,Esplanade,2017-04-16,16,0,0,0,0,0,0,0,0,0,0.0,0.0,0,0.0,0,171,1,0,0.98,0.0,GREEN,42,Kolkata
CLM0052405,KOL_09208,Dum Dum,2019-06-26,12,0,0,0,0,0,0,0,1,0,0.0,0.161976,0,0.0,1,372,1,0,0.98,0.0739,GREEN,40,Kolkata
CLM0052406,KOL_06862,Dum Dum,2018-12-29,21,0,0,0,0,0,0,0,0,0,0.0,0.200626,0,0.0,0,34,2,1,0.468,0.0,GREEN,51,Kolkata
CLM0052407,KOL_07491,Salt Lake,2023-06-07,20,0,0,0,0,0,0,0,0,0,0.0,0.043248,0,0.0,0,318,3,5,0.4858,0.0,GREEN,47,Kolkata
CLM0052408,KOL_05477,Dum Dum,2025-10-10,8,0,0,0,0,0,0,1,0,0,0.0,0.209266,0,0.0,0,316,0,3,0.7173,0.0567,GREEN,28,Kolkata
CLM0052409,KOL_05293,Dum Dum,2019-07-28,16,0,0,0,1,1,1,1,1,1,1.0,0.938821,0,0.0,1,10,0,18,0.0815,0.0502,GREEN,45,Kolkata
CLM0052410,KOL_00930,Park Street,2023-04-18,7,0,0,0,0,0,1,0,0,0,0.0,0.313994,0,0.0,0,420,3,0,0.5559,0.0881,GREEN,36,Kolkata
CLM0052411,KOL_09436,Behala,2021-07-23,10,0,0,0,0,0,0,0,0,0,0.0,0.280459,0,0.0,0,6,2,3,0.7149,0.0,GREEN,22,Kolkata
CLM0052412,KOL_09877,Tollygunge,2021-10-21,10,0,0,0,0,0,0,0,0,0,0.0,0.215477,0,0.0,0,136,0,1,0.5583,0.0126,GREEN,28,Kolkata
CLM0052413,KOL_09482,Dum Dum,2022-01-08,17,0,1,1,0,0,0,0,0,0,0.0,0.301559,0,0.0,0,420,1,2,0.0963,0.0557,GREEN,32,Kolkata
CLM0052414,KOL_06811,Esplanade,2023-01-15,10,0,0,0,0,0,0,0,0,0,1.0,0.245252,0,0.0,1,64,0,3,0.7527,0.1581,GREEN,38,Kolkata
CLM0052415,KOL_08759,Behala,2020-12-30,13,0,0,0,0,0,0,0,0,0,0.0,0.106697,0,0.0,0,89,2,3,0.7303,0.0,GREEN,24,Kolkata
CLM0052416,KOL_05222,Dum Dum,2021-10-10,21,0,0,0,0,0,0,0,0,0,0.0,0.16263,0,0.0,0,51,0,3,0.4688,0.0,GREEN,44,Kolkata
CLM0052417,KOL_02944,Salt Lake,2019-03-26,12,0,0,0,1,0,0,0,0,0,0.0,0.0,0,0.0,0,222,1,0,0.7275,0.1344,GREEN,27,Kolkata
CLM0052418,KOL_02626,Esplanade,2019-05-12,20,0,0,0,0,0,0,0,0,0,0.0,0.204171,0,0.0,0,185,2,1,0.7742,0.0,GREEN,34,Kolkata
CLM0052419,KOL_02398,Tollygunge,2020-06-24,13,0,0,0,0,0,1,0,0,0,0.0,0.239352,0,0.0,0,252,2,4,0.3117,0.149,GREEN,36,Kolkata
CLM0052420,KOL_06811,Esplanade,2019-05-10,14,0,0,0,0,0,1,0,0,0,1.0,0.950755,0,0.0,0,79,4,1,0.6742,0.1855,GREEN,38,Kolkata
CLM0052421,KOL_06687,Salt Lake,2019-11-18,12,0,0,0,0,0,0,0,1,0,0.0,0.058438,0,0.0,0,195,2,0,0.8995,0.2132,GREEN,51,Kolkata
CLM0052422,KOL_03615,Salt Lake,2025-10-11,12,0,0,0,0,0,0,0,0,0,0.0,0.343619,0,0.0,0,121,4,0,0.6968,0.0055,GREEN,46,Kolkata
CLM0052423,KOL_05433,Park Street,2021-07-08,17,0,0,0,0,0,0,0,0,0,0.0,0.133308,0,0.0,0,152,0,2,0.98,0.0382,GREEN,27,Kolkata
CLM0052424,KOL_05941,Sealdah,2023-12-02,14,0,0,0,0,0,0,0,0,0,0.0,0.987267,0,0.0,0,92,0,5,0.6273,0.0381,GREEN,31,Kolkata
CLM0052425,KOL_08912,Sealdah,2023-06-28,9,0,0,0,0,0,0,0,0,0,0.0,0.179237,0,0.0,0,420,1,4,0.4597,0.023,GREEN,36,Kolkata
CLM0052426,KOL_04526,Tollygunge,2025-04-20,17,0,0,0,0,0,0,1,0,0,0.0,0.096686,0,0.0,0,149,0,6,0.8861,0.0787,GREEN,34,Kolkata
CLM0052427,KOL_07339,Sealdah,2024-01-28,10,0,0,0,0,0,0,0,0,0,0.0,0.333062,0,0.0,0,330,0,4,0.7035,0.0,GREEN,50,Kolkata
CLM0052428,KOL_08087,Tollygunge,2024-03-31,7,0,0,0,0,0,0,0,0,0,0.0,0.131488,0,0.0,0,403,2,1,0.7152,0.0877,GREEN,45,Kolkata
CLM0052429,KOL_01170,Dum Dum,2024-10-30,10,0,0,0,0,1,0,0,0,0,0.0,0.123166,0,0.0,0,153,3,0,0.8106,0.1636,GREEN,31,Kolkata
CLM0052430,KOL_00261,Howrah,2025-01-30,11,0,0,0,0,0,0,0,0,0,0.0,0.470949,1,0.0,0,420,4,5,0.98,0.1422,GREEN,40,Kolkata
CLM0052431,KOL_05607,Esplanade,2024-01-21,10,0,0,0,0,0,0,0,0,1,0.0,0.229808,0,0.0,0,165,0,4,0.448,0.1317,GREEN,30,Kolkata
CLM0052432,KOL_02293,Sealdah,2025-05-01,19,0,0,0,0,0,0,0,0,0,0.0,0.196594,0,0.0,0,125,3,5,0.6679,0.0,GREEN,31,Kolkata
CLM0052433,KOL_03143,New Town,2025-07-11,12,0,0,0,0,0,0,1,0,0,0.0,0.201705,0,0.0,0,399,2,0,0.5666,0.0331,GREEN,36,Kolkata
CLM0052434,KOL_03234,Dum Dum,2025-12-01,16,0,0,0,0,0,0,0,0,0,0.0,0.078361,0,0.0,0,248,0,0,0.8548,0.0178,GREEN,21,Kolkata
CLM0052435,KOL_05721,Howrah,2018-12-17,20,0,0,0,0,0,0,0,0,0,0.0,1.0,0,0.0,0,418,4,3,0.5733,0.0567,GREEN,29,Kolkata
CLM0052436,KOL_01444,Howrah,2020-10-14,20,0,0,0,0,0,0,0,0,0,0.0,0.125504,0,0.0,0,59,1,0,0.98,0.0605,GREEN,26,Kolkata
CLM0052437,KOL_09444,Park Street,2025-04-18,10,0,0,0,0,0,0,0,0,0,0.0,0.062913,0,0.0,0,368,1,4,0.4942,0.0,GREEN,36,Kolkata
CLM0052438,KOL_08200,Tollygunge,2021-02-08,20,0,0,0,0,0,0,0,0,0,0.0,1.0,0,0.0,0,420,0,3,0.05,0.0064,GREEN,45,Kolkata
CLM0052439,KOL_05359,New Town,2025-06-24,17,0,0,0,0,0,0,0,0,0,0.0,0.202441,0,0.0,0,349,3,0,0.5373,0.0512,GREEN,48,Kolkata
CLM0052440,KOL_06874,Tollygunge,2022-08-05,15,0,0,0,1,1,1,1,1,1,1.0,1.0,0,1.0,1,19,2,18,0.0643,0.1042,GREEN,34,Kolkata
CLM0052441,KOL_02963,Garia,2021-07-29,13,0,0,0,0,0,0,0,0,0,1.0,0.099343,0,1.0,0,311,2,0,0.9203,0.1375,GREEN,38,Kolkata
CLM0052442,KOL_02183,Garia,2023-05-18,7,0,0,0,0,0,0,0,0,0,0.0,0.305993,0,0.0,0,420,3,3,0.4554,0.0249,GREEN,27,Kolkata
CLM0052443,KOL_06896,Howrah,2023-11-18,19,0,0,0,0,0,0,0,0,0,0.0,0.195651,0,0.0,0,308,1,0,0.7933,0.0199,GREEN,40,Kolkata
CLM0052444,KOL_09238,Howrah,2021-09-09,14,0,0,0,0,0,0,0,0,0,0.0,0.225215,0,0.0,0,420,1,1,0.6774,0.0,GREEN,21,Kolkata
CLM0052445,KOL_04182,Behala,2025-01-18,18,0,0,0,0,0,0,0,0,0,0.0,0.0,0,0.0,0,420,3,0,0.9335,0.0141,GREEN,51,Kolkata
CLM0052446,KOL_06976,Howrah,2023-01-29,8,0,0,0,0,0,0,0,0,0,0.0,0.224462,0,0.0,1,106,1,8,0.5904,0.0684,GREEN,26,Kolkata
CLM0052447,KOL_09330,Park Street,2022-04-05,7,0,0,0,0,0,1,0,0,0,0.0,0.052774,0,0.0,0,59,2,0,0.2311,0.0,GREEN,32,Kolkata
CLM0052448,KOL_08253,New Town,2019-12-25,10,1,0,0,0,0,0,0,0,0,0.0,0.170347,0,0.0,0,216,3,0,0.5494,0.0648,GREEN,28,Kolkata
CLM0052449,KOL_03204,Garia,2024-11-21,21,0,0,0,0,0,0,1,0,0,0.0,0.241702,0,1.0,0,83,3,4,0.98,0.0645,GREEN,34,Kolkata
CLM0052450,KOL_00455,Sealdah,2025-12-29,7,0,0,0,0,0,1,0,0,0,0.0,0.943192,0,0.0,0,262,0,3,0.3063,0.1101,GREEN,42,Kolkata
CLM0052451,KOL_02722,Dum Dum,2024-11-09,13,0,0,0,0,1,0,0,0,1,0.0,0.218538,0,0.0,0,48,0,0,0.5194,0.1662,GREEN,26,Kolkata
CLM0052452,KOL_08113,Park Street,2024-12-17,16,0,0,0,0,0,1,0,0,0,0.0,0.174684,0,0.0,0,112,3,4,0.7465,0.0726,GREEN,27,Kolkata
CLM0052453,KOL_06852,Esplanade,2024-07-24,11,0,0,0,0,0,0,0,0,0,0.0,0.943392,0,0.0,0,360,3,0,0.7788,0.1348,GREEN,37,Kolkata
CLM0052454,KOL_06215,New Town,2025-06-15,9,0,1,1,0,0,0,0,0,0,0.0,0.310318,1,1.0,0,297,2,2,0.5986,0.1507,GREEN,60,Kolkata
CLM0052455,KOL_06439,Dum Dum,2024-11-19,15,0,0,0,0,0,0,0,0,0,0.0,0.0,0,0.0,0,420,2,1,0.5227,0.0347,GREEN,37,Kolkata
CLM0052456,KOL_08771,Behala,2025-04-10,20,0,0,0,0,0,0,0,0,0,0.0,0.145174,0,0.0,0,96,2,0,0.594,0.0,GREEN,36,Kolkata
CLM0052457,KOL_01116,Dum Dum,2024-07-17,16,0,0,0,0,0,0,0,0,0,0.0,0.331584,0,0.0,0,406,3,1,0.7952,0.0243,GREEN,26,Kolkata
CLM0052458,KOL_06367,Esplanade,2025-01-16,9,0,0,0,0,0,0,1,0,0,0.0,0.114161,0,0.0,0,264,0,2,0.9275,0.0751,GREEN,32,Kolkata
CLM0052459,KOL_07622,Sealdah,2025-02-28,10,0,0,0,0,0,0,0,0,0,0.0,0.239221,0,0.0,0,254,0,5,0.05,0.0899,GREEN,54,Kolkata
CLM0052460,KOL_06666,Esplanade,2025-07-05,20,0,0,0,0,0,0,0,0,0,0.0,0.059727,0,0.0,0,160,1,2,0.493,0.0352,GREEN,34,Kolkata
CLM0052461,KOL_07552,Park Street,2024-09-10,16,0,0,0,0,0,0,0,0,0,1.0,0.350609,0,0.0,0,324,0,0,0.8288,0.1471,GREEN,54,Kolkata
CLM0052462,KOL_09781,Dum Dum,2021-11-24,18,0,0,0,0,0,0,0,0,0,1.0,0.042417,1,0.0,0,79,4,2,0.7224,0.1411,GREEN,45,Kolkata
CLM0052463,KOL_03544,Dum Dum,2021-04-26,11,0,0,0,0,0,0,0,1,0,0.0,0.366407,0,0.0,0,76,1,0,0.1168,0.0066,GREEN,24,Kolkata
CLM0052464,KOL_06587,Esplanade,2022-04-04,10,0,0,0,0,0,0,0,0,0,1.0,0.30833,0,0.0,0,207,3,4,0.6407,0.0205,GREEN,32,Kolkata
CLM0052465,KOL_03229,Dum Dum,2024-05-27,14,0,0,0,0,0,1,0,0,0,0.0,0.347365,0,0.0,0,420,1,0,0.5072,0.0341,GREEN,58,Kolkata
CLM0052466,KOL_00183,New Town,2022-12-27,21,0,0,0,0,0,0,0,0,0,0.0,0.360804,0,0.0,0,138,0,3,0.5569,0.0,GREEN,58,Kolkata
CLM0052467,KOL_01104,Dum Dum,2023-08-26,10,0,0,0,0,0,0,0,0,0,0.0,1.0,0,0.0,0,84,0,0,0.2959,0.0,GREEN,38,Kolkata
CLM0052468,KOL_03583,Salt Lake,2024-10-21,18,0,1,1,0,0,0,0,0,0,0.0,0.010981,0,0.0,0,256,4,5,0.8039,0.0,GREEN,47,Kolkata
CLM0052469,KOL_09147,Sealdah,2024-06-26,11,0,0,0,0,1,0,0,0,0,0.0,1.0,1,0.0,0,416,4,1,0.9791,0.2088,GREEN,59,Kolkata
CLM0052470,KOL_06886,Behala,2024-05-24,8,0,0,0,0,0,0,0,0,0,0.0,0.357712,0,0.0,0,420,3,1,0.98,0.0222,GREEN,47,Kolkata
CLM0052471,KOL_04018,Garia,2022-07-11,16,0,0,0,0,1,0,0,0,0,0.0,0.269224,0,0.0,0,377,1,6,0.7581,0.1029,GREEN,45,Kolkata
CLM0052472,KOL_03172,Park Street,2025-10-05,10,0,0,0,0,0,0,1,0,0,1.0,0.258225,0,0.0,0,420,4,0,0.948,0.129,GREEN,31,Kolkata
CLM0052473,KOL_02419,Park Street,2022-03-23,11,0,0,0,0,0,0,0,0,0,0.0,0.288427,0,0.0,0,87,4,6,0.6249,0.0,GREEN,46,Kolkata
CLM0052474,KOL_09167,Garia,2022-10-22,20,0,0,0,0,0,0,0,0,0,0.0,0.0,0,0.0,0,170,4,4,0.8065,0.0,GREEN,31,Kolkata
CLM0052475,KOL_03223,Esplanade,2024-11-19,10,0,0,0,0,0,0,0,0,0,0.0,0.129557,0,0.0,0,420,4,3,0.9727,0.0462,GREEN,27,Kolkata
CLM0052476,KOL_03003,Park Street,2024-03-01,9,0,0,0,0,0,0,0,0,0,0.0,1.0,0,0.0,0,320,3,2,0.8389,0.093,GREEN,28,Kolkata
CLM0052477,KOL_04007,Park Street,2025-08-04,19,0,0,0,0,0,0,0,0,0,0.0,0.229916,0,0.0,0,420,4,4,0.8067,0.0,GREEN,26,Kolkata
CLM0052478,KOL_01102,Garia,2024-09-13,10,0,0,0,0,0,1,0,0,0,0.0,0.977219,0,0.0,0,141,0,1,0.8171,0.1364,GREEN,28,Kolkata
CLM0052479,KOL_02560,Dum Dum,2025-12-21,20,0,0,0,0,0,0,0,0,0,0.0,0.053632,0,0.0,0,16,0,5,0.6007,0.0069,GREEN,52,Kolkata
CLM0052480,KOL_01228,Tollygunge,2024-01-31,14,0,0,0,0,0,0,1,0,0,0.0,0.227444,0,0.0,0,309,3,5,0.3656,0.1207,GREEN,48,Kolkata
CLM0052481,KOL_08708,New Town,2025-03-27,10,0,0,0,0,0,0,0,0,0,0.0,0.094013,0,0.0,0,224,0,0,0.7345,0.0095,GREEN,47,Kolkata
CLM0052482,KOL_05298,Esplanade,2025-05-27,8,0,0,0,0,0,0,0,0,0,0.0,0.20572,0,0.0,0,420,1,4,0.4941,0.0171,GREEN,24,Kolkata
CLM0052483,KOL_00734,Tollygunge,2024-07-24,7,0,0,0,0,0,1,0,0,1,0.0,0.188146,0,0.0,0,344,3,0,0.7677,0.3231,YELLOW,47,Kolkata
CLM0052484,KOL_05561,Park Street,2025-12-27,17,0,0,0,0,0,0,0,1,0,0.0,1.0,0,0.0,0,299,4,0,0.8363,0.0,GREEN,40,Kolkata
CLM0052485,KOL_07341,Park Street,2023-11-29,10,0,0,0,0,0,0,0,0,0,1.0,0.0,0,0.0,0,392,0,3,0.8825,0.0655,GREEN,18,Kolkata
CLM0052486,KOL_04955,Esplanade,2025-09-09,14,0,0,0,0,0,0,0,0,0,0.0,1.0,0,0.0,0,401,1,2,0.1095,0.0,GREEN,45,Kolkata
CLM0052487,KOL_00624,Howrah,2025-02-21,20,0,0,0,0,0,0,0,0,0,0.0,0.31842,0,0.0,0,341,2,8,0.1026,0.0356,GREEN,38,Kolkata
CLM0052488,KOL_08004,Dum Dum,2025-04-05,13,0,0,0,0,0,0,0,1,0,0.0,0.164247,0,0.0,0,420,3,2,0.4972,0.2014,GREEN,46,Kolkata
CLM0052489,KOL_05750,Howrah,2024-09-19,10,0,0,0,0,0,0,0,1,0,0.0,0.327371,0,0.0,0,69,1,0,0.535,0.1464,GREEN,31,Kolkata
CLM0052490,KOL_01931,Esplanade,2024-09-13,13,0,0,0,0,0,0,0,0,0,0.0,0.188999,0,0.0,0,326,4,0,0.7285,0.0,GREEN,35,Kolkata
CLM0052491,KOL_06434,Park Street,2025-06-07,14,0,0,0,0,0,0,0,0,0,0.0,0.0,0,0.0,0,420,1,3,0.0802,0.0219,GREEN,38,Kolkata
CLM0052492,KOL_08891,Behala,2025-10-20,14,0,0,0,0,0,0,0,0,0,0.0,0.0,0,0.0,0,395,3,3,0.8696,0.0032,GREEN,20,Kolkata
CLM0052493,KOL_09893,Salt Lake,2024-09-07,9,0,0,0,0,0,0,0,0,0,0.0,0.319511,0,0.0,0,95,1,3,0.8146,0.0,GREEN,28,Kolkata
CLM0052494,KOL_07736,Behala,2025-01-19,7,0,0,0,1,1,0,1,0,1,1.0,1.0,1,1.0,0,5,0,18,0.7729,0.0351,GREEN,37,Kolkata
CLM0052495,KOL_07416,Salt Lake,2025-12-09,14,0,1,1,0,1,0,0,1,0,0.0,1.0,0,0.0,0,42,0,2,0.5639,0.1271,GREEN,27,Kolkata
CLM0052496,KOL_03712,Behala,2025-08-15,16,0,0,0,1,0,0,0,0,0,1.0,0.962201,0,1.0,0,177,4,0,0.98,0.1656,GREEN,31,Kolkata
CLM0052497,KOL_01534,Salt Lake,2025-04-18,19,0,0,0,0,0,0,0,0,0,0.0,0.404969,0,0.0,0,362,3,0,0.9271,0.0,GREEN,18,Kolkata
CLM0052498,KOL_02859,Salt Lake,2022-11-11,17,0,0,0,0,0,0,0,0,0,0.0,0.176462,0,0.0,0,49,4,1,0.9126,0.0,GREEN,43,Kolkata
CLM0052499,KOL_02423,Sealdah,2017-12-09,9,0,0,0,0,0,1,0,0,1,0.0,0.27624,0,0.0,0,420,1,4,0.672,0.2318,GREEN,36,Kolkata
CLM0052500,KOL_09093,Sealdah,2023-05-18,18,0,0,0,0,0,0,0,0,0,0.0,0.103718,0,0.0,0,270,1,5,0.7013,0.0476,GREEN,27,Kolkata
CLM0052501,KOL_01999,Park Street,2016-03-23,19,0,0,0,0,0,0,0,0,0,0.0,0.243239,0,0.0,0,238,0,4,0.804,0.0012,GREEN,41,Kolkata
CLM0052502,KOL_07738,New Town,2021-06-05,14,0,0,0,1,0,0,1,0,0,0.0,0.310814,0,0.0,1,83,2,3,0.8809,0.1966,GREEN,30,Kolkata
CLM0052503,KOL_00810,Park Street,2019-01-18,12,0,0,0,0,0,1,0,0,0,1.0,0.239603,0,0.0,0,64,4,0,0.1283,0.2043,GREEN,19,Kolkata
CLM0052504,KOL_09025,Dum Dum,2020-02-25,21,0,0,0,0,0,0,0,0,0,0.0,0.346526,0,0.0,0,241,0,1,0.98,0.0,GREEN,36,Kolkata
CLM0052505,KOL_01736,New Town,2017-11-18,21,0,0,0,0,0,0,0,0,0,0.0,0.309537,0,0.0,0,162,4,3,0.6434,0.0,GREEN,54,Kolkata
CLM0052506,KOL_03392,Garia,2023-12-08,13,0,0,0,0,0,0,0,1,0,0.0,0.272881,0,0.0,0,92,1,2,0.9391,0.0746,GREEN,35,Kolkata
CLM0052507,KOL_03669,Behala,2025-06-04,11,0,0,0,0,0,1,1,0,0,0.0,0.162451,0,0.0,0,218,4,3,0.7549,0.1855,GREEN,45,Kolkata
CLM0052508,KOL_08220,Dum Dum,2018-12-10,14,0,0,0,0,0,0,0,0,0,0.0,0.017616,0,0.0,0,131,3,0,0.6112,0.0,GREEN,37,Kolkata
CLM0052509,KOL_09810,New Town,2020-04-30,8,0,0,0,0,0,1,1,1,0,0.0,0.988546,0,0.0,1,16,1,18,0.98,0.0,GREEN,36,Kolkata
CLM0052510,KOL_03542,Salt Lake,2024-08-27,13,0,0,0,0,0,0,0,0,0,0.0,0.309086,0,1.0,0,192,4,2,0.3416,0.0243,GREEN,45,Kolkata
CLM0052511,KOL_00606,Salt Lake,2022-03-09,8,0,0,0,0,0,1,0,0,0,0.0,0.03492,0,0.0,0,230,1,2,0.6426,0.1221,GREEN,52,Kolkata
CLM0052512,KOL_05061,Howrah,2018-11-30,15,0,0,0,0,0,0,0,0,0,0.0,0.393375,0,0.0,0,414,4,2,0.512,0.0029,GREEN,33,Kolkata
CLM0052513,KOL_05720,Garia,2019-03-06,20,0,0,0,0,0,0,0,0,0,0.0,0.448526,0,0.0,0,186,1,1,0.6312,0.0641,GREEN,29,Kolkata
CLM0052514,KOL_02436,Dum Dum,2022-09-22,19,0,0,0,0,0,1,0,0,1,0.0,0.0,0,0.0,0,154,1,6,0.7948,0.293,GREEN,18,Kolkata
CLM0052515,KOL_00323,Garia,2018-02-15,19,0,0,0,0,0,0,1,0,0,0.0,0.248017,0,0.0,0,339,1,2,0.5742,0.0,GREEN,40,Kolkata
CLM0052516,KOL_04347,New Town,2019-03-28,17,0,0,0,0,0,0,0,0,0,0.0,0.052929,0,0.0,1,31,4,2,0.5012,0.0626,GREEN,35,Kolkata
CLM0052517,KOL_08159,Esplanade,2025-04-12,15,0,0,0,0,0,0,0,0,0,1.0,0.186109,0,0.0,0,332,3,3,0.7505,0.2022,GREEN,53,Kolkata
CLM0052518,KOL_04101,Garia,2022-05-25,20,0,0,0,0,0,0,0,0,0,0.0,1.0,0,1.0,0,85,2,2,0.5181,0.0309,GREEN,38,Kolkata
CLM0052519,KOL_05257,Tollygunge,2022-03-25,19,0,0,0,0,0,0,0,1,0,1.0,0.262972,0,0.0,1,310,4,0,0.7232,0.1784,GREEN,32,Kolkata
CLM0052520,KOL_09959,New Town,2021-07-14,21,0,0,0,0,0,0,0,0,0,0.0,0.451283,0,0.0,0,179,0,4,0.6887,0.0,GREEN,38,Kolkata
CLM0052521,KOL_08770,Sealdah,2025-05-14,14,0,0,0,0,0,0,0,0,0,0.0,0.018322,0,0.0,0,420,1,2,0.2152,0.0881,GREEN,47,Kolkata
CLM0052522,KOL_01260,New Town,2023-09-04,13,0,0,0,0,0,0,0,0,0,0.0,1.0,0,0.0,0,361,4,2,0.156,0.0368,GREEN,41,Kolkata
CLM0052523,KOL_06690,New Town,2021-02-28,8,0,0,0,1,1,0,1,1,0,0.0,0.327083,1,1.0,0,5,0,18,0.4272,0.0732,GREEN,35,Kolkata
CLM0052524,KOL_05035,Dum Dum,2022-10-08,17,0,0,0,0,0,0,1,0,0,0.0,0.259249,0,0.0,0,402,1,0,0.4709,0.0,GREEN,38,Kolkata
CLM0052525,KOL_09348,Tollygunge,2019-11-01,15,0,0,0,1,1,0,1,0,1,0.0,0.987875,0,0.0,1,5,4,18,0.1058,0.0,GREEN,18,Kolkata
CLM0052526,KOL_07622,Sealdah,2019-08-10,14,0,0,0,0,0,0,0,0,0,0.0,0.33459,0,0.0,0,36,1,0,0.98,0.0,GREEN,54,Kolkata
CLM0052527,KOL_02160,New Town,2025-12-06,16,0,0,0,0,0,1,0,0,0,0.0,0.329471,0,0.0,0,141,4,3,0.2682,0.0983,GREEN,54,Kolkata
CLM0052528,KOL_08802,Behala,2021-07-25,18,0,0,0,0,0,0,0,0,0,0.0,1.0,0,0.0,0,341,1,2,0.1,0.0333,GREEN,18,Kolkata
CLM0052529,KOL_09942,Sealdah,2020-02-21,15,0,1,1,0,0,0,0,0,0,1.0,0.358691,0,0.0,0,386,4,2,0.757,0.0878,GREEN,34,Kolkata
CLM0052530,KOL_03009,New Town,2025-06-01,20,0,0,0,0,0,0,0,0,0,0.0,0.257354,0,0.0,0,105,2,4,0.518,0.0,GREEN,45,Kolkata
CLM0052531,KOL_00826,Dum Dum,2018-07-14,8,0,0,0,0,0,0,0,1,0,0.0,0.168121,0,0.0,0,282,2,2,0.8041,0.0918,GREEN,34,Kolkata
CLM0052532,KOL_06505,Esplanade,2019-04-06,10,0,0,0,0,0,0,0,0,0,0.0,0.380238,0,1.0,0,144,1,0,0.05,0.0384,GREEN,33,Kolkata
CLM0052533,KOL_08202,Tollygunge,2021-08-27,8,0,0,0,1,0,0,0,0,0,0.0,0.189451,0,0.0,0,379,4,0,0.98,0.1322,GREEN,47,Kolkata
CLM0052534,KOL_08532,Dum Dum,2024-11-26,15,0,0,0,0,0,0,0,0,0,0.0,0.944836,0,0.0,0,351,3,1,0.98,0.0,GREEN,44,Kolkata
CLM0052535,KOL_08322,Park Street,2023-10-13,10,0,0,0,0,1,0,0,0,0,0.0,0.062061,0,0.0,0,356,3,4,0.7576,0.1435,GREEN,50,Kolkata
CLM0052536,KOL_05132,Sealdah,2022-02-02,18,0,0,0,0,0,0,0,0,0,0.0,0.249782,0,0.0,0,420,0,0,0.7779,0.0084,GREEN,18,Kolkata
CLM0052537,KOL_05899,Behala,2023-04-05,9,0,0,0,0,0,0,0,0,0,1.0,1.0,0,0.0,0,404,1,4,0.5273,0.1102,GREEN,31,Kolkata
CLM0052538,KOL_04778,Tollygunge,2025-11-13,8,0,0,0,0,0,1,0,0,0,0.0,0.051229,0,0.0,0,52,1,1,0.05,0.024,GREEN,40,Kolkata
CLM0052539,KOL_05219,Park Street,2021-02-20,16,0,0,0,0,0,0,0,0,0,0.0,0.232405,0,0.0,0,131,2,0,0.6801,0.0693,GREEN,45,Kolkata
CLM0052540,KOL_00065,Garia,2023-01-18,16,0,0,0,0,0,0,0,0,0,0.0,0.141275,0,0.0,0,281,4,0,0.05,0.0055,GREEN,30,Kolkata
CLM0052541,KOL_05342,Salt Lake,2021-09-17,7,0,0,0,0,0,0,0,0,0,0.0,0.117888,0,0.0,0,96,4,3,0.5908,0.0,GREEN,36,Kolkata
CLM0052542,KOL_04914,New Town,2025-01-15,15,0,0,0,0,0,0,0,0,0,0.0,0.028802,0,0.0,0,420,4,2,0.6324,0.0298,GREEN,47,Kolkata
CLM0052543,KOL_00353,New Town,2023-12-03,10,0,0,0,0,0,0,0,0,0,0.0,0.426049,0,0.0,0,217,1,3,0.6985,0.0516,GREEN,42,Kolkata
CLM0052544,KOL_08911,Behala,2023-04-12,12,0,0,0,0,0,0,0,1,0,0.0,0.276747,0,0.0,0,420,3,6,0.7799,0.0975,GREEN,26,Kolkata
CLM0052545,KOL_03714,Park Street,2023-01-03,16,0,0,0,0,0,0,0,0,0,0.0,0.088323,0,0.0,1,149,4,5,0.98,0.0,GREEN,51,Kolkata
CLM0052546,KOL_02508,Sealdah,2024-01-22,15,0,0,0,0,0,0,0,0,0,0.0,0.270477,0,0.0,0,121,2,1,0.3067,0.0,GREEN,35,Kolkata
CLM0052547,KOL_08644,Howrah,2024-07-13,15,0,0,0,0,0,0,0,0,0,0.0,0.434788,0,0.0,1,420,4,5,0.502,0.0729,GREEN,43,Kolkata
CLM0052548,KOL_05424,Sealdah,2024-03-01,20,0,0,0,1,1,0,1,0,0,1.0,0.195104,0,1.0,1,5,0,18,0.0562,0.0759,GREEN,42,Kolkata
CLM0052549,KOL_03273,Garia,2024-03-23,20,0,0,0,0,0,0,0,0,0,0.0,0.218739,0,0.0,0,235,2,1,0.2887,0.0004,GREEN,25,Kolkata
CLM0052550,KOL_00645,Howrah,2024-04-07,17,0,0,0,0,0,0,0,0,0,0.0,0.14876,0,0.0,0,248,3,2,0.3038,0.0,GREEN,26,Kolkata
CLM0052551,KOL_04344,Salt Lake,2021-07-23,17,0,0,0,1,0,1,0,0,0,0.0,0.190301,0,0.0,0,123,1,1,0.5714,0.264,GREEN,59,Kolkata
CLM0052552,KOL_05206,Tollygunge,2019-03-21,8,0,1,1,1,0,0,0,0,1,1.0,0.040025,0,0.0,0,25,0,18,0.1389,0.1266,GREEN,36,Kolkata
CLM0052553,KOL_07422,Behala,2020-03-20,16,0,0,0,0,0,0,0,0,1,0.0,0.01009,0,0.0,0,71,3,0,0.98,0.1269,GREEN,38,Kolkata
CLM0052554,KOL_09057,Sealdah,2016-03-07,21,0,0,0,0,0,1,0,0,0,0.0,0.215858,0,0.0,0,420,3,3,0.6079,0.0185,GREEN,40,Kolkata
CLM0052555,KOL_06033,Sealdah,2024-10-09,15,0,0,0,0,0,0,0,0,0,1.0,1.0,1,1.0,0,286,3,3,0.8347,0.1155,GREEN,18,Kolkata
CLM0052556,KOL_03406,Park Street,2025-06-13,17,0,0,0,0,0,0,0,1,0,0.0,0.206952,0,0.0,0,195,2,6,0.9772,0.1989,GREEN,58,Kolkata
CLM0052557,KOL_05873,Howrah,2024-10-20,14,0,0,0,0,0,0,0,0,0,0.0,0.317798,0,0.0,0,17,3,1,0.6696,0.0,GREEN,53,Kolkata
CLM0052558,KOL_02393,Garia,2025-07-04,16,0,0,0,0,1,0,0,0,0,0.0,0.303859,0,0.0,0,191,0,0,0.6924,0.2616,GREEN,32,Kolkata
CLM0052559,KOL_04727,Esplanade,2025-03-10,9,0,0,0,0,0,0,0,0,0,0.0,0.266557,0,0.0,0,287,3,0,0.7206,0.0973,GREEN,23,Kolkata
CLM0052560,KOL_06539,Howrah,2024-08-12,11,0,0,0,0,0,1,0,1,0,0.0,0.16637,0,0.0,1,156,2,1,0.9464,0.2452,GREEN,36,Kolkata
CLM0052561,KOL_07951,Salt Lake,2024-11-06,13,0,0,0,0,0,0,0,0,0,0.0,0.343111,0,0.0,0,416,2,3,0.6491,0.0994,GREEN,30,Kolkata
CLM0052562,KOL_00992,Salt Lake,2025-07-26,16,0,0,0,1,0,1,1,1,1,0.0,0.115168,0,0.0,1,25,2,18,0.98,0.0,GREEN,30,Kolkata
CLM0052563,KOL_01709,Garia,2024-08-27,14,0,0,0,0,0,0,0,0,0,0.0,0.22722,0,0.0,0,420,0,0,0.4555,0.0,GREEN,37,Kolkata
CLM0052564,KOL_02965,Tollygunge,2025-06-26,10,0,0,0,0,0,0,0,0,0,0.0,0.145633,0,0.0,0,191,0,0,0.6968,0.0981,GREEN,33,Kolkata
CLM0052565,KOL_05976,Sealdah,2024-07-13,17,0,0,0,0,0,0,0,0,0,0.0,0.072704,1,0.0,0,355,1,3,0.2927,0.0869,GREEN,24,Kolkata
CLM0052566,KOL_05645,Howrah,2020-09-21,20,0,0,0,0,0,0,0,0,1,0.0,0.047745,0,0.0,0,67,1,5,0.2282,0.1015,GREEN,18,Kolkata
CLM0052567,KOL_01078,Salt Lake,2025-05-06,14,0,0,0,0,0,0,0,0,0,1.0,0.102428,0,0.0,0,150,4,0,0.6835,0.0094,GREEN,39,Kolkata
CLM0052568,KOL_00636,Tollygunge,2023-01-09,11,0,0,0,1,0,0,0,0,0,1.0,0.313375,0,0.0,0,135,2,5,0.98,0.1742,GREEN,33,Kolkata
CLM0052569,KOL_01482,Esplanade,2025-06-16,19,0,0,0,0,0,0,0,0,0,0.0,0.25351,0,0.0,0,210,4,0,0.05,0.0012,GREEN,37,Kolkata
CLM0052570,KOL_04853,New Town,2021-04-07,17,0,0,0,0,0,1,0,0,0,0.0,0.0,0,0.0,0,314,0,3,0.5406,0.1177,GREEN,49,Kolkata
CLM0052571,KOL_09531,Salt Lake,2021-06-30,15,0,0,0,0,0,0,0,1,0,0.0,0.983486,0,0.0,0,420,0,0,0.7669,0.0716,GREEN,48,Kolkata
CLM0052572,KOL_07240,Garia,2018-02-24,15,0,0,0,1,0,0,0,0,0,0.0,0.505361,0,0.0,0,420,2,3,0.3501,0.2243,GREEN,22,Kolkata
CLM0052573,KOL_08522,Tollygunge,2023-09-09,16,0,0,0,0,1,0,0,0,0,0.0,0.059107,0,0.0,0,247,4,1,0.8081,0.0974,GREEN,52,Kolkata
CLM0052574,KOL_04453,New Town,2017-10-26,14,0,0,0,0,0,0,0,0,0,0.0,0.144967,0,0.0,0,208,3,0,0.6226,0.0,GREEN,29,Kolkata
CLM0052575,KOL_01129,Park Street,2018-01-25,16,0,0,0,0,0,0,0,1,0,0.0,0.353148,0,0.0,0,420,4,4,0.5518,0.1859,GREEN,18,Kolkata
CLM0052576,KOL_08059,Esplanade,2024-10-13,7,0,0,0,0,0,0,0,0,0,0.0,0.0,0,0.0,0,386,2,2,0.6665,0.0,GREEN,33,Kolkata
CLM0052577,KOL_09646,New Town,2024-07-22,12,0,0,0,0,0,0,0,0,1,0.0,0.298846,0,0.0,0,196,2,2,0.5095,0.0904,GREEN,32,Kolkata
CLM0052578,KOL_00853,New Town,2019-06-19,21,0,0,0,0,0,1,0,1,0,0.0,0.013369,0,0.0,0,386,1,3,0.7781,0.129,GREEN,42,Kolkata
CLM0052579,KOL_06980,Tollygunge,2025-04-29,19,0,0,0,0,0,0,0,0,0,0.0,0.372261,0,0.0,0,372,4,6,0.8267,0.0,GREEN,44,Kolkata
CLM0052580,KOL_03447,Tollygunge,2024-10-10,17,0,0,0,0,0,0,0,0,0,0.0,0.111946,0,0.0,0,270,0,4,0.3328,0.0,GREEN,43,Kolkata
CLM0052581,KOL_09105,Behala,2025-09-28,15,0,0,0,0,0,1,0,0,0,0.0,1.0,0,0.0,0,329,4,6,0.1833,0.107,GREEN,44,Kolkata
CLM0052582,KOL_07315,Park Street,2022-12-18,14,0,0,0,0,0,0,0,0,0,0.0,0.271357,0,0.0,0,216,1,0,0.733,0.0247,GREEN,32,Kolkata
CLM0052583,KOL_01362,Behala,2023-02-25,19,0,0,0,0,0,0,0,0,0,0.0,0.342829,0,0.0,0,187,3,2,0.2652,0.0103,GREEN,18,Kolkata
CLM0052584,KOL_06003,Esplanade,2021-11-07,17,0,0,0,0,0,0,0,0,0,0.0,0.20892,0,0.0,0,393,2,0,0.5937,0.0535,GREEN,33,Kolkata
CLM0052585,KOL_02935,Behala,2025-01-28,8,0,0,0,0,0,0,0,0,0,0.0,0.016677,0,0.0,0,394,1,3,0.4587,0.0058,GREEN,41,Kolkata
CLM0052586,KOL_06853,Sealdah,2024-01-23,12,0,0,0,0,0,1,0,0,0,0.0,0.366261,0,0.0,0,419,0,3,0.946,0.0887,GREEN,22,Kolkata
CLM0052587,KOL_08852,Garia,2023-03-18,7,0,0,0,0,0,0,1,0,0,0.0,0.087124,0,0.0,0,184,2,1,0.6656,0.0699,GREEN,50,Kolkata
CLM0052588,KOL_02485,Tollygunge,2025-01-27,9,0,0,0,0,1,0,0,0,0,0.0,0.114314,0,0.0,0,213,3,4,0.98,0.067,GREEN,20,Kolkata
CLM0052589,KOL_08810,New Town,2025-06-27,19,0,0,0,0,0,0,0,0,0,0.0,0.994565,0,0.0,0,290,1,0,0.9686,0.002,GREEN,27,Kolkata
CLM0052590,KOL_01432,Sealdah,2023-07-21,9,0,0,0,0,0,1,0,0,0,0.0,0.328223,0,1.0,0,377,1,4,0.2032,0.0785,GREEN,48,Kolkata
CLM0052591,KOL_03592,Behala,2025-03-31,10,0,0,0,0,0,0,0,0,0,1.0,0.043401,0,0.0,0,357,3,0,0.5922,0.0,GREEN,32,Kolkata
CLM0052592,KOL_02801,Dum Dum,2024-12-02,12,0,0,0,0,0,0,0,0,0,0.0,0.094502,0,0.0,0,212,2,5,0.8302,0.0146,GREEN,37,Kolkata
CLM0052593,KOL_04425,Garia,2025-06-25,9,0,0,0,0,0,0,0,0,0,0.0,0.329628,0,0.0,0,232,1,0,0.6048,0.0,GREEN,45,Kolkata
CLM0052594,KOL_08663,Salt Lake,2023-07-23,17,0,0,0,1,0,0,1,1,1,0.0,0.076523,0,0.0,0,11,1,18,0.8975,0.1299,GREEN,21,Kolkata
CLM0052595,KOL_08695,Tollygunge,2018-08-09,18,0,0,0,0,0,0,0,0,0,0.0,0.23939,0,0.0,1,42,2,0,0.0943,0.0369,GREEN,18,Kolkata
CLM0052596,KOL_01863,Behala,2020-08-08,14,0,0,0,0,0,0,0,0,0,0.0,0.21032,0,0.0,0,18,2,6,0.5681,0.0135,GREEN,36,Kolkata
CLM0052597,KOL_07244,Dum Dum,2024-09-03,10,0,0,0,1,1,0,0,0,0,0.0,0.148293,1,0.0,0,114,2,2,0.9499,0.2821,GREEN,27,Kolkata
CLM0052598,KOL_01123,Garia,2024-05-17,11,0,0,0,0,0,0,0,0,0,0.0,0.300441,0,0.0,0,162,3,2,0.9429,0.0,GREEN,35,Kolkata
CLM0052599,KOL_03368,Dum Dum,2024-12-08,7,0,0,0,0,0,0,0,0,0,0.0,0.219684,0,0.0,0,10,4,5,0.6272,0.0,GREEN,38,Kolkata
CLM0052600,KOL_01842,Sealdah,2024-03-19,8,0,0,0,0,0,0,0,0,0,1.0,1.0,0,1.0,0,84,4,2,0.7274,0.0,GREEN,29,Kolkata
CLM0052601,KOL_03977,New Town,2024-02-09,7,0,0,0,0,0,0,0,0,0,0.0,1.0,0,0.0,0,420,2,4,0.7505,0.0108,GREEN,39,Kolkata
CLM0052602,KOL_03441,Behala,2023-12-21,18,0,0,0,0,0,0,0,0,0,0.0,0.161561,0,0.0,0,350,3,2,0.5856,0.0007,GREEN,31,Kolkata
CLM0052603,KOL_05481,Behala,2024-10-23,15,0,0,0,0,0,0,0,0,0,0.0,0.025686,0,0.0,0,393,0,3,0.4666,0.0,GREEN,21,Kolkata
CLM0052604,KOL_03297,Sealdah,2023-03-13,16,0,0,0,0,0,0,0,0,0,0.0,1.0,0,0.0,0,351,4,2,0.1554,0.085,GREEN,45,Kolkata
CLM0052605,KOL_09562,Sealdah,2023-10-07,8,0,0,0,1,0,0,0,0,0,1.0,0.979085,0,1.0,0,420,2,6,0.05,0.1149,GREEN,31,Kolkata
CLM0052606,KOL_07017,Dum Dum,2023-05-18,12,0,0,0,0,0,1,0,0,0,0.0,0.968592,0,0.0,0,189,1,1,0.98,0.0239,GREEN,18,Kolkata
CLM0052607,KOL_03031,Garia,2024-07-24,15,0,0,0,0,0,0,0,0,0,0.0,0.303385,0,0.0,0,217,2,1,0.05,0.0335,GREEN,42,Kolkata
CLM0052608,KOL_00333,Esplanade,2022-07-21,21,0,0,0,0,0,0,0,0,0,0.0,0.43774,0,0.0,0,143,3,3,0.3995,0.0786,GREEN,28,Kolkata
CLM0052609,KOL_03150,Howrah,2023-02-11,16,0,0,0,0,0,0,0,0,0,0.0,0.289891,0,0.0,0,325,1,2,0.9154,0.0,GREEN,35,Kolkata
CLM0052610,KOL_04144,Howrah,2024-10-04,9,0,0,0,0,0,0,0,0,0,0.0,0.448269,0,0.0,0,324,2,0,0.98,0.0,GREEN,18,Kolkata
CLM0052611,KOL_03051,Dum Dum,2025-11-02,17,0,0,0,0,0,0,0,0,0,0.0,0.264552,0,0.0,0,138,3,3,0.7177,0.0344,GREEN,35,Kolkata
CLM0052612,KOL_02256,Sealdah,2019-10-07,13,0,0,0,0,0,0,0,0,0,1.0,0.134862,0,0.0,0,340,0,2,0.9018,0.0172,GREEN,45,Kolkata
CLM0052613,KOL_05127,Howrah,2025-11-30,13,0,0,0,0,0,0,0,0,0,0.0,0.196651,0,0.0,0,75,0,0,0.8035,0.1327,GREEN,45,Kolkata
CLM0052614,KOL_07005,Park Street,2022-09-21,18,0,0,0,0,0,0,0,0,0,0.0,0.195825,0,0.0,0,378,2,0,0.57,0.0251,GREEN,37,Kolkata
CLM0052615,KOL_08257,Garia,2024-06-18,15,0,0,0,0,0,0,0,0,0,0.0,0.0,0,0.0,0,224,1,6,0.7628,0.0072,GREEN,22,Kolkata
CLM0052616,KOL_02663,New Town,2022-02-04,9,0,0,0,0,0,0,0,0,0,0.0,0.063108,0,0.0,0,166,3,4,0.5307,0.0678,GREEN,26,Kolkata
CLM0052617,KOL_09287,Park Street,2022-12-28,13,0,0,0,0,0,0,0,0,1,0.0,0.043075,0,0.0,0,194,2,1,0.5895,0.1481,GREEN,25,Kolkata
CLM0052618,KOL_01435,Dum Dum,2017-10-10,18,0,0,0,0,0,0,0,0,0,0.0,0.308912,0,0.0,0,210,0,4,0.6459,0.0,GREEN,45,Kolkata
CLM0052619,KOL_09740,Tollygunge,2021-01-23,20,0,0,0,0,0,0,0,1,0,0.0,0.143828,0,0.0,0,88,2,5,0.1015,0.049,GREEN,26,Kolkata
CLM0052620,KOL_00878,Salt Lake,2016-06-24,16,0,0,0,0,0,1,0,0,0,0.0,0.083902,0,0.0,0,123,1,0,0.98,0.0387,GREEN,23,Kolkata
CLM0052621,KOL_08381,Garia,2024-07-04,12,0,0,0,0,0,0,1,0,0,0.0,0.354668,0,0.0,0,148,2,0,0.6791,0.1212,GREEN,24,Kolkata
CLM0052622,KOL_00620,Garia,2024-10-09,11,0,0,0,0,0,0,0,0,0,0.0,0.301985,0,0.0,0,180,1,0,0.9452,0.0878,GREEN,38,Kolkata
CLM0052623,KOL_07213,Garia,2021-06-01,11,0,0,0,0,0,0,0,0,0,0.0,0.11566,0,0.0,0,144,3,1,0.701,0.0,GREEN,37,Kolkata
CLM0052624,KOL_05536,Dum Dum,2024-05-08,15,0,0,0,0,0,0,1,0,0,0.0,0.148106,0,1.0,0,40,2,1,0.7995,0.0433,GREEN,29,Kolkata
CLM0052625,KOL_06164,New Town,2018-12-03,21,0,0,0,0,0,0,1,0,0,0.0,0.026348,0,0.0,0,313,4,0,0.8901,0.056,GREEN,22,Kolkata
CLM0052626,KOL_06302,Park Street,2020-11-28,12,0,0,0,0,0,0,0,0,0,0.0,0.405426,0,0.0,0,376,2,0,0.5287,0.0,GREEN,50,Kolkata
CLM0052627,KOL_05028,Howrah,2020-09-18,12,0,0,0,0,0,0,0,0,1,0.0,0.053568,0,0.0,0,132,4,1,0.1314,0.0886,GREEN,47,Kolkata
CLM0052628,KOL_01480,New Town,2024-09-22,15,0,0,0,0,0,1,0,0,0,0.0,1.0,0,0.0,0,329,3,0,0.5659,0.0616,GREEN,32,Kolkata
CLM0052629,KOL_04764,New Town,2024-08-02,21,0,0,0,0,0,0,0,0,0,0.0,0.98607,0,0.0,0,52,1,1,0.7519,0.0593,GREEN,28,Kolkata
CLM0052630,KOL_08511,Garia,2019-04-12,7,0,0,0,0,0,0,0,0,0,0.0,0.293012,0,0.0,0,326,0,1,0.8658,0.0,GREEN,40,Kolkata
CLM0052631,KOL_08992,Salt Lake,2024-10-03,8,0,0,0,0,0,0,0,0,0,0.0,0.022866,0,0.0,0,420,3,1,0.6011,0.0431,GREEN,42,Kolkata
CLM0052632,KOL_04564,Esplanade,2021-11-12,13,0,0,0,0,0,0,0,0,0,0.0,0.209829,0,0.0,0,420,0,4,0.4738,0.0,GREEN,18,Kolkata
CLM0052633,KOL_05015,Park Street,2025-08-14,15,0,0,0,0,0,0,0,0,0,1.0,0.196854,0,0.0,0,420,1,0,0.8708,0.0769,GREEN,18,Kolkata
CLM0052634,KOL_07842,Behala,2024-10-05,15,0,0,0,0,0,0,0,0,0,0.0,0.122604,0,0.0,0,320,1,5,0.6831,0.0023,GREEN,50,Kolkata
CLM0052635,KOL_06428,Behala,2025-11-27,11,0,0,0,0,0,0,0,0,0,0.0,0.31064,0,1.0,0,198,3,4,0.05,0.0063,GREEN,52,Kolkata
CLM0052636,KOL_03398,Tollygunge,2022-08-23,21,0,0,0,0,1,0,0,0,0,0.0,0.347034,0,0.0,0,107,1,1,0.5479,0.1611,GREEN,32,Kolkata
CLM0052637,KOL_05159,Sealdah,2023-02-20,18,0,0,0,0,0,0,0,0,0,0.0,0.025632,0,0.0,0,89,2,0,0.5962,0.0,GREEN,36,Kolkata
CLM0052638,KOL_04396,Dum Dum,2022-05-07,14,0,0,0,0,0,0,0,0,0,1.0,0.287143,0,0.0,0,420,2,5,0.05,0.121,GREEN,19,Kolkata
CLM0052639,KOL_08208,Sealdah,2022-07-23,20,0,0,0,0,0,0,0,0,0,0.0,0.068552,0,0.0,0,365,1,1,0.841,0.0,GREEN,30,Kolkata
CLM0052640,KOL_09792,Dum Dum,2024-07-21,15,0,0,0,0,1,0,0,0,0,0.0,0.460457,0,0.0,0,377,0,1,0.2734,0.1771,GREEN,21,Kolkata
CLM0052641,KOL_08304,Dum Dum,2021-03-05,11,0,0,0,0,0,1,0,0,0,0.0,0.304871,0,0.0,0,87,0,2,0.9742,0.0523,GREEN,22,Kolkata
CLM0052642,KOL_02665,New Town,2021-11-03,16,0,0,0,0,0,0,0,0,0,0.0,0.107485,0,0.0,0,355,4,1,0.2106,0.0,GREEN,34,Kolkata
CLM0052643,KOL_09277,Esplanade,2023-12-01,8,0,0,0,0,0,0,0,0,0,0.0,0.109137,0,0.0,0,420,1,3,0.168,0.0,GREEN,32,Kolkata
CLM0052644,KOL_03888,Sealdah,2023-05-08,9,0,0,0,0,0,0,0,0,0,0.0,0.115948,0,0.0,0,137,1,0,0.9056,0.0118,GREEN,45,Kolkata
CLM0052645,KOL_07289,Park Street,2023-07-15,11,0,0,0,0,0,0,0,0,0,0.0,0.435528,0,0.0,0,108,2,2,0.896,0.0387,GREEN,41,Kolkata
CLM0052646,KOL_01781,Behala,2018-12-28,9,0,0,0,0,0,0,0,0,0,0.0,0.080974,0,0.0,0,227,4,2,0.8839,0.0166,GREEN,18,Kolkata
CLM0052647,KOL_04905,Esplanade,2017-07-22,9,0,0,0,0,0,0,0,1,0,0.0,0.039569,0,0.0,0,330,1,0,0.1789,0.0415,GREEN,38,Kolkata
CLM0052648,KOL_04778,Tollygunge,2025-10-07,13,0,0,0,0,0,0,0,1,0,0.0,0.249059,0,0.0,0,39,4,0,0.834,0.073,GREEN,40,Kolkata
CLM0052649,KOL_07098,New Town,2015-10-01,21,0,0,0,0,0,0,0,1,0,0.0,0.051568,0,0.0,0,420,4,4,0.7342,0.0274,GREEN,28,Kolkata
CLM0052650,KOL_03227,Salt Lake,2019-10-27,13,0,0,0,0,0,0,0,0,0,0.0,0.0,0,1.0,0,357,3,2,0.6307,0.0465,GREEN,37,Kolkata
CLM0052651,KOL_04302,Dum Dum,2021-01-29,8,0,0,0,0,0,0,0,1,0,0.0,0.322179,0,0.0,0,171,0,2,0.6341,0.0693,GREEN,36,Kolkata
CLM0052652,KOL_00947,Howrah,2018-06-12,14,0,0,0,0,0,0,0,0,0,1.0,1.0,0,1.0,0,317,0,2,0.9241,0.0361,GREEN,25,Kolkata
CLM0052653,KOL_07985,Sealdah,2017-09-03,7,0,0,0,0,0,0,0,0,0,0.0,0.355622,0,0.0,0,360,2,4,0.4477,0.0,GREEN,21,Kolkata
CLM0052654,KOL_04901,Tollygunge,2017-06-23,10,0,0,0,0,0,0,0,0,0,0.0,0.277421,0,0.0,0,47,2,1,0.7412,0.0829,GREEN,52,Kolkata
CLM0052655,KOL_07629,Salt Lake,2024-10-25,10,0,0,0,0,0,0,1,0,0,0.0,0.030861,0,0.0,0,138,4,4,0.98,0.013,GREEN,47,Kolkata
CLM0052656,KOL_06895,Sealdah,2025-07-14,8,0,0,0,0,0,0,0,0,0,0.0,0.223428,1,0.0,0,318,2,3,0.161,0.0898,GREEN,38,Kolkata
CLM0052657,KOL_03873,New Town,2024-01-25,11,0,0,0,0,0,0,0,0,0,0.0,0.0,0,0.0,0,138,4,8,0.2568,0.0,GREEN,27,Kolkata
CLM0052658,KOL_07770,Park Street,2024-01-17,15,0,0,0,1,1,0,1,1,1,0.0,0.205232,1,0.0,1,8,3,18,0.3819,0.0255,GREEN,42,Kolkata
CLM0052659,KOL_03380,Salt Lake,2024-12-18,11,0,0,0,0,0,0,0,0,0,0.0,0.160448,0,0.0,0,365,0,0,0.7991,0.0,GREEN,37,Kolkata
CLM0052660,KOL_00124,Behala,2023-11-17,19,0,0,0,0,0,0,0,0,0,0.0,0.39487,1,0.0,0,420,2,0,0.05,0.0744,GREEN,38,Kolkata
CLM0052661,KOL_09568,New Town,2024-09-04,20,0,0,0,0,0,0,0,0,0,0.0,0.169163,0,0.0,0,150,3,0,0.297,0.0,GREEN,58,Kolkata
CLM0052662,KOL_02092,Behala,2022-08-04,21,0,0,0,0,0,0,1,0,0,0.0,0.329188,0,0.0,0,397,1,0,0.2583,0.044,GREEN,24,Kolkata
CLM0052663,KOL_06432,Behala,2024-06-07,15,0,0,0,0,0,0,1,0,0,0.0,0.044841,0,0.0,0,368,3,3,0.05,0.0,GREEN,48,Kolkata
CLM0052664,KOL_02496,Garia,2022-11-16,10,0,0,0,0,0,0,0,0,0,0.0,0.39788,0,0.0,1,68,4,1,0.076,0.0,GREEN,25,Kolkata
CLM0052665,KOL_05197,Dum Dum,2025-05-19,10,0,0,0,1,1,1,0,1,0,0.0,0.038352,1,0.0,0,5,0,18,0.8057,0.0,GREEN,59,Kolkata
CLM0052666,KOL_04755,Behala,2023-12-02,11,0,0,0,1,1,0,1,0,1,1.0,1.0,1,1.0,0,5,3,18,0.747,0.1781,GREEN,34,Kolkata
CLM0052667,KOL_06689,Salt Lake,2023-09-14,18,0,0,0,0,0,0,0,0,0,0.0,0.125775,0,0.0,0,388,4,1,0.9494,0.0,GREEN,47,Kolkata
CLM0052668,KOL_00057,Salt Lake,2024-04-11,12,0,0,0,1,0,0,0,0,0,0.0,0.034814,0,0.0,0,355,3,2,0.8871,0.227,GREEN,42,Kolkata
CLM0052669,KOL_00937,Garia,2022-08-03,12,0,0,0,0,0,0,0,0,0,0.0,0.052892,0,0.0,0,398,4,4,0.8979,0.0591,GREEN,31,Kolkata
CLM0052670,KOL_08249,Park Street,2019-02-22,9,0,0,0,1,1,0,1,0,0,0.0,0.090353,1,0.0,1,30,3,14,0.7826,0.3113,YELLOW,38,Kolkata
CLM0052671,KOL_01216,Esplanade,2019-11-05,7,0,0,0,0,1,0,0,0,0,0.0,0.423085,1,0.0,0,266,4,3,0.8056,0.2024,GREEN,31,Kolkata
CLM0052672,KOL_00994,Esplanade,2025-04-25,11,0,0,0,0,0,0,0,0,0,0.0,0.29214,0,0.0,0,157,0,2,0.7006,0.0,GREEN,33,Kolkata
CLM0052673,KOL_03784,Howrah,2023-06-23,16,0,0,0,0,0,0,0,0,0,0.0,0.133003,0,0.0,0,231,3,2,0.3276,0.0759,GREEN,34,Kolkata
CLM0052674,KOL_08347,Behala,2015-04-05,8,0,0,0,0,1,0,0,0,0,1.0,0.176537,0,0.0,0,354,2,5,0.7495,0.1858,GREEN,42,Kolkata
CLM0052675,KOL_07865,Sealdah,2020-01-10,14,0,0,0,0,0,1,0,0,0,0.0,0.176479,0,0.0,0,420,0,2,0.7297,0.1753,GREEN,44,Kolkata
CLM0052676,KOL_08818,Sealdah,2020-04-02,20,0,0,0,0,0,0,0,0,0,0.0,0.189623,0,0.0,0,78,0,0,0.2172,0.0,GREEN,40,Kolkata
CLM0052677,KOL_01880,Behala,2021-12-31,21,0,0,0,0,0,0,0,0,0,0.0,0.089852,0,0.0,0,420,4,0,0.8805,0.0,GREEN,59,Kolkata
CLM0052678,KOL_06595,Howrah,2022-08-19,11,0,0,0,1,0,0,0,0,0,0.0,1.0,0,0.0,0,63,3,0,0.205,0.1216,GREEN,51,Kolkata
CLM0052679,KOL_00107,Tollygunge,2019-11-01,19,0,0,0,0,0,0,0,0,0,0.0,0.185754,1,0.0,0,199,4,3,0.265,0.1547,GREEN,42,Kolkata
CLM0052680,KOL_06632,Salt Lake,2023-08-05,8,0,0,0,0,0,0,0,0,0,0.0,0.18839,0,0.0,0,402,2,2,0.6761,0.0,GREEN,18,Kolkata
CLM0052681,KOL_08088,Esplanade,2024-07-09,11,0,0,0,0,0,0,0,0,0,0.0,0.214767,0,0.0,0,256,2,4,0.8627,0.0,GREEN,33,Kolkata
CLM0052682,KOL_09227,New Town,2021-10-18,14,0,0,0,0,0,0,1,0,0,0.0,0.995362,0,0.0,0,60,2,4,0.7747,0.0798,GREEN,18,Kolkata
CLM0052683,KOL_07751,Tollygunge,2024-12-25,21,0,0,0,0,0,0,0,0,0,0.0,0.063958,0,0.0,0,143,4,1,0.98,0.0513,GREEN,35,Kolkata
CLM0052684,KOL_02247,Tollygunge,2024-09-04,20,0,0,0,0,0,0,0,0,0,1.0,0.994521,0,1.0,0,34,1,0,0.8323,0.0,GREEN,48,Kolkata
CLM0052685,KOL_03187,Sealdah,2025-11-08,15,0,0,0,0,0,0,0,0,0,0.0,0.925904,0,0.0,0,197,2,0,0.98,0.001,GREEN,45,Kolkata
CLM0052686,KOL_03921,Tollygunge,2025-10-29,11,0,0,0,0,0,0,0,0,0,0.0,0.132854,0,0.0,0,289,1,2,0.2999,0.0,GREEN,30,Kolkata
CLM0052687,KOL_05546,Behala,2025-05-02,17,0,0,0,0,0,1,0,1,0,0.0,0.223513,0,0.0,0,112,1,2,0.9187,0.286,GREEN,20,Kolkata
CLM0052688,KOL_04081,Tollygunge,2024-01-25,9,0,0,0,0,0,0,0,0,0,0.0,0.364286,0,0.0,0,408,3,5,0.05,0.0,GREEN,19,Kolkata
CLM0052689,KOL_00152,Salt Lake,2025-02-16,9,0,0,0,0,1,0,0,0,0,0.0,0.19004,0,0.0,0,50,4,3,0.6293,0.173,GREEN,39,Kolkata
CLM0052690,KOL_03300,Howrah,2020-06-17,8,0,0,0,0,1,0,1,0,0,1.0,0.425526,0,0.0,0,376,0,1,0.8151,0.178,GREEN,30,Kolkata
CLM0052691,KOL_08177,New Town,2025-04-06,18,0,0,0,0,0,0,0,0,0,0.0,0.311553,0,0.0,0,304,4,2,0.1856,0.0232,GREEN,49,Kolkata
CLM0052692,KOL_09318,Salt Lake,2022-04-27,13,0,0,0,0,0,0,0,0,0,0.0,0.103918,0,0.0,0,164,4,2,0.98,0.0226,GREEN,44,Kolkata
CLM0052693,KOL_00133,Esplanade,2019-10-17,11,0,0,0,0,0,0,0,0,0,0.0,0.167758,0,0.0,0,282,0,2,0.9539,0.0,GREEN,18,Kolkata
CLM0052694,KOL_08906,Howrah,2025-06-11,9,0,0,0,1,1,0,1,0,1,0.0,0.092719,0,0.0,0,28,4,18,0.7814,0.0,GREEN,30,Kolkata
CLM0052695,KOL_02732,Tollygunge,2020-08-07,14,0,0,0,0,0,0,0,0,0,1.0,0.055214,0,0.0,0,317,2,4,0.7834,0.0201,GREEN,44,Kolkata
CLM0052696,KOL_01461,Park Street,2020-02-13,9,0,0,0,0,0,0,0,0,0,0.0,0.120841,0,0.0,0,99,4,0,0.05,0.0225,GREEN,32,Kolkata
CLM0052697,KOL_01981,Tollygunge,2025-07-12,8,0,0,0,0,0,0,0,0,0,0.0,0.970825,0,0.0,0,90,3,0,0.9502,0.0156,GREEN,34,Kolkata
CLM0052698,KOL_07346,Garia,2024-04-01,18,0,0,0,0,0,0,0,0,0,0.0,0.401249,0,0.0,0,65,2,4,0.52,0.0,GREEN,42,Kolkata
CLM0052699,KOL_02281,Behala,2020-03-31,12,0,0,0,0,0,0,0,0,0,1.0,1.0,0,0.0,0,189,3,4,0.98,0.0979,GREEN,35,Kolkata
CLM0052700,KOL_06504,New Town,2020-07-14,14,0,0,0,0,0,0,0,0,0,0.0,0.355446,0,1.0,0,420,2,0,0.8225,0.2069,GREEN,44,Kolkata
CLM0052701,KOL_05276,New Town,2023-12-19,11,0,0,0,0,0,1,0,0,0,0.0,0.109622,0,0.0,0,312,2,0,0.2517,0.097,GREEN,48,Kolkata
CLM0052702,KOL_06238,Park Street,2023-09-30,7,0,0,0,0,0,0,0,0,0,0.0,0.361015,0,0.0,0,343,0,0,0.0597,0.0,GREEN,31,Kolkata
CLM0052703,KOL_02872,Sealdah,2025-11-12,7,0,0,0,0,0,0,0,0,0,1.0,0.352292,0,0.0,0,420,0,3,0.7622,0.0471,GREEN,44,Kolkata
CLM0052704,KOL_07861,Behala,2023-06-16,8,0,0,0,0,0,0,0,1,0,1.0,0.094478,0,0.0,0,344,1,0,0.6433,0.0782,GREEN,20,Kolkata
CLM0052705,KOL_07397,Salt Lake,2018-04-24,21,0,0,0,0,0,1,0,0,0,0.0,0.023536,1,0.0,0,236,1,0,0.3986,0.1599,GREEN,58,Kolkata
CLM0052706,KOL_00312,Behala,2016-04-16,10,0,0,0,0,0,0,0,0,0,0.0,0.124252,0,0.0,0,293,3,1,0.2515,0.0062,GREEN,30,Kolkata
CLM0052707,KOL_08654,Salt Lake,2022-06-17,16,0,0,0,0,0,0,0,0,0,0.0,0.979624,0,0.0,0,102,3,3,0.05,0.0,GREEN,39,Kolkata
CLM0052708,KOL_00838,Salt Lake,2024-09-24,11,0,0,0,0,0,0,0,0,0,1.0,0.31762,0,0.0,0,219,1,5,0.5795,0.0522,GREEN,48,Kolkata
CLM0052709,KOL_04458,Tollygunge,2021-03-12,15,0,0,0,0,0,0,0,0,0,0.0,1.0,0,0.0,0,244,0,0,0.1797,0.0038,GREEN,38,Kolkata
CLM0052710,KOL_04213,Dum Dum,2023-03-04,7,0,0,0,0,0,0,0,0,0,0.0,0.117361,0,0.0,0,420,1,0,0.91,0.0,GREEN,32,Kolkata
CLM0052711,KOL_04700,Tollygunge,2017-10-24,12,0,0,0,0,0,0,0,0,0,0.0,1.0,0,0.0,0,382,0,4,0.789,0.0,GREEN,31,Kolkata
CLM0052712,KOL_01867,Salt Lake,2023-05-03,19,0,0,0,0,0,0,0,0,0,1.0,0.042285,0,0.0,0,139,3,0,0.8777,0.0224,GREEN,18,Kolkata
CLM0052713,KOL_01202,Sealdah,2024-12-26,13,0,0,0,0,0,0,0,0,0,0.0,0.957621,0,1.0,0,374,4,5,0.9302,0.0,GREEN,24,Kolkata
CLM0052714,KOL_05986,New Town,2024-08-09,18,0,0,0,0,0,1,0,0,0,0.0,0.275005,0,0.0,0,85,1,1,0.05,0.0117,GREEN,34,Kolkata
CLM0052715,KOL_07761,Dum Dum,2025-02-22,18,0,0,0,0,0,1,0,0,0,0.0,0.280657,0,0.0,0,86,3,2,0.8651,0.0522,GREEN,56,Kolkata
CLM0052716,KOL_00763,Sealdah,2025-11-14,19,0,0,0,0,0,0,0,0,0,0.0,0.067847,0,0.0,0,183,3,0,0.98,0.0022,GREEN,29,Kolkata
CLM0052717,KOL_07023,Dum Dum,2024-08-13,17,0,0,0,0,0,0,0,0,0,0.0,0.029953,0,0.0,0,161,4,4,0.4219,0.0244,GREEN,42,Kolkata
CLM0052718,KOL_09501,New Town,2025-10-11,7,0,0,0,0,0,0,1,0,0,0.0,0.0,0,0.0,0,420,2,6,0.8295,0.0955,GREEN,26,Kolkata
CLM0052719,KOL_07305,Park Street,2025-08-05,7,0,0,0,1,0,0,0,1,0,0.0,0.376662,0,0.0,0,372,4,4,0.05,0.1716,GREEN,52,Kolkata
CLM0052720,KOL_00566,Park Street,2024-07-15,18,0,1,1,1,1,0,1,0,0,0.0,0.998155,0,1.0,0,5,1,18,0.0637,0.667,RED,48,Kolkata
CLM0052721,KOL_07757,Sealdah,2018-12-07,11,0,1,1,1,1,1,0,1,1,1.0,1.0,0,0.0,1,17,0,18,0.3642,0.863,RED,34,Kolkata
CLM0052722,KOL_02343,Tollygunge,2019-06-17,21,0,1,1,1,0,0,1,1,1,0.0,0.920529,1,0.0,1,5,0,18,0.98,0.6835,RED,60,Kolkata
CLM0052723,KOL_06291,Dum Dum,2024-04-25,8,0,1,1,1,1,0,1,1,0,0.0,0.024273,0,0.0,1,10,2,18,0.8548,0.6858,RED,40,Kolkata
CLM0052724,KOL_00807,Dum Dum,2021-09-20,17,0,0,0,0,1,0,1,1,0,0.0,0.0,0,0.0,0,26,0,1,0.6145,0.1842,GREEN,36,Kolkata
CLM0052725,KOL_05879,Garia,2023-03-03,8,0,0,0,0,0,0,0,0,0,0.0,0.266077,0,0.0,0,44,4,3,0.6199,0.0,GREEN,25,Kolkata
CLM0052726,KOL_06481,Howrah,2021-01-19,17,0,1,1,0,0,0,0,0,0,1.0,0.189288,0,0.0,0,214,1,1,0.7483,0.0127,GREEN,39,Kolkata
CLM0052727,KOL_06078,Dum Dum,2023-02-17,7,0,0,0,0,0,0,0,0,0,0.0,0.169149,0,1.0,0,330,2,3,0.1334,0.0,GREEN,47,Kolkata
CLM0052728,KOL_00874,Howrah,2023-12-29,8,0,0,0,0,0,0,0,0,1,0.0,0.126891,0,0.0,1,372,3,1,0.7269,0.1846,GREEN,33,Kolkata
CLM0052729,KOL_07971,Esplanade,2020-12-06,8,0,1,1,1,0,1,0,0,0,0.0,0.026489,1,0.0,0,55,3,0,0.852,0.247,GREEN,36,Kolkata
CLM0052730,KOL_01102,Garia,2024-08-05,19,0,0,0,0,0,0,0,0,0,1.0,0.972553,0,0.0,0,280,4,2,0.6151,0.0314,GREEN,28,Kolkata
CLM0052731,KOL_01301,New Town,2024-07-06,11,0,1,1,1,1,1,1,0,1,1.0,1.0,0,0.0,0,6,2,18,0.1823,0.0,GREEN,30,Kolkata
CLM0052732,KOL_02391,Dum Dum,2023-12-18,15,0,0,0,0,0,1,0,0,0,0.0,0.986226,0,0.0,0,336,2,0,0.8932,0.0,GREEN,21,Kolkata
CLM0052733,KOL_08654,Salt Lake,2025-10-29,8,0,0,0,1,0,0,1,0,0,0.0,1.0,0,0.0,0,206,2,1,0.6798,0.2029,GREEN,39,Kolkata
CLM0052734,KOL_09831,Dum Dum,2023-11-02,21,0,0,0,0,0,0,0,0,1,0.0,0.125222,0,0.0,0,122,4,1,0.769,0.1558,GREEN,34,Kolkata
CLM0052735,KOL_08529,New Town,2025-05-23,21,0,0,0,0,0,0,0,0,0,0.0,0.125596,0,0.0,0,420,1,3,0.5494,0.0,GREEN,19,Kolkata
CLM0052736,KOL_07758,New Town,2020-08-15,10,0,0,0,1,0,1,1,0,0,0.0,0.254757,0,1.0,0,259,4,0,0.5749,0.2413,GREEN,34,Kolkata
CLM0052737,KOL_00410,Garia,2024-05-04,8,0,0,0,0,0,0,1,0,0,0.0,0.101029,0,0.0,0,218,0,0,0.7216,0.14,GREEN,39,Kolkata
CLM0052738,KOL_05643,New Town,2020-01-09,8,0,0,0,0,0,0,0,0,0,0.0,0.080056,0,0.0,0,270,0,4,0.8125,0.0,GREEN,40,Kolkata
CLM0052739,KOL_01105,Dum Dum,2020-12-07,15,0,0,0,0,0,0,0,0,0,0.0,0.039969,0,0.0,0,223,0,0,0.2409,0.0,GREEN,37,Kolkata
CLM0052740,KOL_05593,Salt Lake,2024-09-25,17,0,0,0,0,0,0,1,0,0,0.0,0.013972,0,0.0,0,35,0,1,0.2436,0.0752,GREEN,18,Kolkata
CLM0052741,KOL_05972,Salt Lake,2024-06-30,12,0,0,0,0,0,0,0,0,0,1.0,1.0,0,1.0,0,349,4,3,0.5881,0.0238,GREEN,33,Kolkata
CLM0052742,KOL_08708,New Town,2024-06-20,15,0,0,0,0,0,0,1,0,0,0.0,0.252439,0,0.0,0,142,3,0,0.7591,0.0935,GREEN,47,Kolkata
CLM0052743,KOL_07759,Salt Lake,2025-07-28,18,0,0,0,0,0,1,0,0,0,0.0,0.044329,0,0.0,0,127,3,6,0.6905,0.1049,GREEN,34,Kolkata
CLM0052744,KOL_04169,Garia,2024-08-11,13,0,0,0,0,0,0,0,0,1,1.0,0.889471,0,1.0,0,162,0,1,0.6892,0.1027,GREEN,40,Kolkata
CLM0052745,KOL_08120,Tollygunge,2025-09-27,19,0,0,0,0,1,0,1,0,0,1.0,0.369938,0,0.0,0,82,0,5,0.6661,0.1625,GREEN,31,Kolkata
CLM0052746,KOL_08905,Dum Dum,2024-07-15,12,0,0,0,0,0,0,0,0,0,1.0,1.0,0,1.0,0,420,0,2,0.4416,0.0,GREEN,35,Kolkata
CLM0052747,KOL_07389,Sealdah,2025-04-08,7,0,0,0,0,0,0,0,0,0,0.0,0.177916,0,0.0,0,249,3,0,0.2108,0.0,GREEN,33,Kolkata
CLM0052748,KOL_00964,Behala,2024-11-13,20,0,1,1,0,0,0,0,0,0,0.0,0.0,0,0.0,0,34,1,2,0.6779,0.003,GREEN,42,Kolkata
CLM0052749,KOL_07216,Sealdah,2024-06-19,11,0,0,0,0,0,0,0,0,0,0.0,1.0,1,0.0,0,415,4,1,0.5611,0.0432,GREEN,20,Kolkata
CLM0052750,KOL_03813,Salt Lake,2025-12-30,13,0,1,1,0,0,0,1,1,0,0.0,0.895639,0,0.0,0,85,2,6,0.095,0.237,GREEN,35,Kolkata
CLM0052751,KOL_06394,Salt Lake,2025-04-08,8,0,0,0,0,0,0,0,0,0,0.0,0.020112,0,0.0,0,166,3,0,0.82,0.0,GREEN,26,Kolkata
CLM0052752,KOL_07996,Esplanade,2025-05-09,9,0,0,0,0,0,0,0,0,0,1.0,0.971167,0,1.0,0,153,3,0,0.9439,0.0561,GREEN,18,Kolkata
CLM0052753,KOL_05249,Tollygunge,2025-09-10,7,0,0,0,0,0,0,0,0,0,1.0,0.293584,0,0.0,0,417,0,1,0.5934,0.0388,GREEN,26,Kolkata
CLM0052754,KOL_03237,Park Street,2025-10-17,15,0,0,0,0,0,0,0,1,0,0.0,1.0,0,0.0,0,420,4,1,0.7717,0.0857,GREEN,46,Kolkata
CLM0052755,KOL_07506,Behala,2023-09-29,14,0,0,0,0,0,0,0,0,0,0.0,0.270138,0,0.0,0,96,3,1,0.7877,0.073,GREEN,51,Kolkata
CLM0052756,KOL_00839,Esplanade,2025-05-18,17,0,0,0,0,0,0,0,0,0,0.0,0.245046,0,0.0,0,256,1,3,0.4574,0.0466,GREEN,27,Kolkata
CLM0052757,KOL_03320,Tollygunge,2024-06-07,9,0,0,0,0,0,0,0,0,0,0.0,0.372236,0,0.0,0,420,2,2,0.6234,0.0671,GREEN,46,Kolkata
CLM0052758,KOL_03004,Sealdah,2024-12-25,18,0,0,0,0,0,0,0,1,0,0.0,0.25558,0,0.0,0,310,0,4,0.98,0.1278,GREEN,34,Kolkata
CLM0052759,KOL_01536,Salt Lake,2025-11-27,21,0,0,0,0,0,0,1,0,0,0.0,0.23686,0,0.0,0,417,0,0,0.2021,0.151,GREEN,36,Kolkata
CLM0052760,KOL_00665,Park Street,2019-07-27,18,0,0,0,1,1,0,1,1,1,1.0,0.012278,0,0.0,1,18,3,13,0.2646,0.0464,GREEN,34,Kolkata
CLM0052761,KOL_01323,Behala,2019-10-06,14,0,0,0,0,0,0,0,0,0,0.0,0.306338,0,0.0,0,263,2,1,0.7306,0.1052,GREEN,27,Kolkata
CLM0052762,KOL_06564,Sealdah,2019-09-23,9,0,0,0,0,0,0,0,0,0,0.0,0.087116,0,0.0,0,250,0,3,0.7219,0.0,GREEN,51,Kolkata
CLM0052763,KOL_07015,Park Street,2023-01-17,14,0,0,0,1,0,0,1,1,0,1.0,0.946259,0,0.0,1,25,3,18,0.1197,0.1157,GREEN,28,Kolkata
CLM0052764,KOL_07517,Behala,2025-08-23,16,0,0,0,0,0,0,0,1,0,0.0,0.052334,0,0.0,0,420,0,3,0.7763,0.2399,GREEN,20,Kolkata
CLM0052765,KOL_09509,Salt Lake,2018-08-05,12,0,0,0,0,0,0,0,1,0,0.0,1.0,0,0.0,0,168,3,4,0.5544,0.0351,GREEN,35,Kolkata
CLM0052766,KOL_04020,Garia,2025-11-26,21,0,0,0,0,0,0,0,0,0,0.0,0.126478,0,0.0,0,258,4,2,0.1106,0.0,GREEN,39,Kolkata
CLM0052767,KOL_01247,New Town,2025-10-27,16,0,0,0,0,0,0,0,0,0,0.0,0.215818,0,0.0,0,403,1,1,0.6671,0.0,GREEN,45,Kolkata
CLM0052768,KOL_04131,Behala,2018-07-26,18,0,0,0,0,0,1,0,1,0,1.0,0.353858,0,0.0,0,208,2,2,0.874,0.2052,GREEN,28,Kolkata
CLM0052769,KOL_04149,Park Street,2025-12-15,9,0,0,0,0,0,0,0,0,0,0.0,0.091884,0,0.0,1,243,0,0,0.6753,0.0204,GREEN,54,Kolkata
CLM0052770,KOL_06000,Esplanade,2025-06-14,21,0,0,0,0,0,0,0,0,0,0.0,0.0,0,0.0,0,25,1,2,0.906,0.0111,GREEN,40,Kolkata
CLM0052771,KOL_08809,Tollygunge,2020-05-05,17,0,0,0,0,0,0,0,0,0,0.0,0.297098,0,0.0,0,420,4,3,0.6216,0.0,GREEN,36,Kolkata
CLM0052772,KOL_05037,Sealdah,2023-02-28,9,0,0,0,0,0,0,0,0,0,0.0,0.227241,0,0.0,0,254,0,3,0.1987,0.1397,GREEN,44,Kolkata
CLM0052773,KOL_08237,Tollygunge,2021-06-03,11,0,0,0,0,0,0,0,0,0,0.0,0.287181,0,0.0,0,237,3,0,0.7215,0.1111,GREEN,27,Kolkata
CLM0052774,KOL_08920,Salt Lake,2020-06-09,13,0,0,0,0,0,1,0,0,0,0.0,1.0,0,0.0,0,103,0,1,0.6674,0.0628,GREEN,34,Kolkata
CLM0052775,KOL_03413,Howrah,2024-03-04,9,0,0,0,0,0,0,0,0,0,0.0,0.251187,0,0.0,0,249,0,3,0.8826,0.0,GREEN,35,Kolkata
CLM0052776,KOL_05005,Esplanade,2023-11-23,8,0,0,0,0,0,0,0,0,0,1.0,0.075412,0,0.0,0,366,4,3,0.1311,0.0412,GREEN,54,Kolkata
CLM0052777,KOL_07292,New Town,2018-08-29,16,0,0,0,0,0,0,0,0,0,0.0,0.141479,0,0.0,0,39,1,4,0.5611,0.0,GREEN,28,Kolkata
CLM0052778,KOL_03730,Park Street,2021-04-15,13,0,0,0,0,0,0,0,0,0,0.0,0.273099,0,0.0,0,412,2,3,0.9001,0.1344,GREEN,36,Kolkata
CLM0052779,KOL_03829,Dum Dum,2025-06-30,21,0,0,0,1,0,0,0,0,0,0.0,1.0,0,0.0,0,104,2,2,0.05,0.096,GREEN,30,Kolkata
CLM0052780,KOL_09987,Behala,2018-06-08,17,0,0,0,0,0,0,1,0,0,0.0,0.12164,0,0.0,0,228,3,8,0.98,0.1095,GREEN,24,Kolkata
CLM0052781,KOL_01994,Esplanade,2023-03-14,10,0,0,0,0,0,0,0,0,0,0.0,1.0,0,0.0,0,49,2,0,0.141,0.0897,GREEN,31,Kolkata
CLM0052782,KOL_05784,Park Street,2024-07-31,19,0,0,0,1,0,0,0,0,0,0.0,0.216132,0,1.0,0,177,3,0,0.05,0.1294,GREEN,33,Kolkata
CLM0052783,KOL_08142,Garia,2018-10-29,16,0,0,0,0,0,1,0,0,0,0.0,0.198443,0,0.0,0,171,4,0,0.8126,0.1059,GREEN,18,Kolkata
CLM0052784,KOL_00033,Park Street,2018-06-12,20,0,0,0,0,0,0,0,0,0,0.0,1.0,1,0.0,0,221,2,1,0.8507,0.0777,GREEN,36,Kolkata
CLM0052785,KOL_01213,Park Street,2020-01-04,21,0,0,0,0,0,0,0,0,0,0.0,0.255198,0,0.0,0,335,2,6,0.5686,0.0593,GREEN,31,Kolkata
CLM0052786,KOL_05674,Tollygunge,2022-07-26,13,0,0,0,0,0,0,0,0,0,1.0,0.0,0,0.0,0,332,2,5,0.8872,0.0,GREEN,42,Kolkata
CLM0052787,KOL_00285,Park Street,2022-08-20,19,0,0,0,0,0,0,0,1,0,0.0,0.334269,0,0.0,0,276,4,1,0.2526,0.2121,GREEN,25,Kolkata
CLM0052788,KOL_03529,Dum Dum,2023-06-17,17,0,0,0,0,0,1,0,0,0,1.0,0.291647,0,0.0,0,420,4,1,0.917,0.0783,GREEN,42,Kolkata
CLM0052789,KOL_06871,New Town,2016-12-01,12,0,0,0,0,0,0,0,0,0,0.0,0.947623,0,0.0,0,225,1,4,0.514,0.0392,GREEN,33,Kolkata
CLM0052790,KOL_02467,New Town,2019-08-11,20,0,0,0,0,0,0,0,0,0,0.0,0.885173,0,0.0,0,420,1,2,0.98,0.0,GREEN,21,Kolkata
CLM0052791,KOL_02740,Salt Lake,2024-08-14,14,0,0,0,0,0,0,0,0,0,0.0,0.132613,0,0.0,0,130,2,2,0.8342,0.0561,GREEN,37,Kolkata
CLM0052792,KOL_02632,Tollygunge,2017-10-04,13,0,0,0,0,0,0,0,0,0,0.0,0.295291,0,0.0,0,420,0,0,0.8084,0.0,GREEN,34,Kolkata
CLM0052793,KOL_00809,Garia,2020-12-04,8,0,0,0,0,0,0,0,0,0,0.0,0.221266,1,0.0,0,219,0,0,0.9112,0.119,GREEN,29,Kolkata
CLM0052794,KOL_05691,Howrah,2022-11-14,9,0,0,0,0,0,0,0,0,0,0.0,0.145838,0,0.0,0,289,0,2,0.0793,0.0157,GREEN,18,Kolkata
CLM0052795,KOL_07901,Salt Lake,2019-11-05,18,0,0,0,1,0,0,0,0,0,0.0,0.418105,0,0.0,0,420,2,2,0.7125,0.2443,GREEN,28,Kolkata
CLM0052796,KOL_08372,Dum Dum,2016-08-29,17,0,0,0,0,0,0,0,0,0,0.0,0.184275,0,0.0,0,183,2,1,0.772,0.0,GREEN,21,Kolkata
CLM0052797,KOL_03431,Park Street,2024-01-10,16,0,0,0,0,0,0,0,0,0,1.0,0.090139,0,0.0,0,181,3,2,0.9011,0.0584,GREEN,26,Kolkata
CLM0052798,KOL_06412,Sealdah,2021-12-04,20,0,0,0,0,0,0,0,0,0,0.0,0.305151,0,0.0,0,221,2,2,0.6052,0.0,GREEN,32,Kolkata
CLM0052799,KOL_05266,Howrah,2019-01-29,12,0,0,0,0,0,0,0,0,0,0.0,1.0,0,0.0,0,420,2,2,0.4761,0.0656,GREEN,35,Kolkata
CLM0052800,KOL_04843,Tollygunge,2019-05-10,8,0,0,0,0,0,0,0,1,0,0.0,0.183628,0,0.0,0,63,3,0,0.98,0.0755,GREEN,34,Kolkata
CLM0052801,KOL_03399,Dum Dum,2020-02-18,17,0,0,0,1,0,0,0,1,0,0.0,0.197141,0,0.0,0,105,3,0,0.6066,0.2164,GREEN,38,Kolkata
CLM0052802,KOL_08741,Tollygunge,2020-01-27,18,0,0,0,0,0,0,0,0,0,0.0,0.266,0,0.0,0,255,4,0,0.8361,0.0348,GREEN,50,Kolkata
CLM0052803,KOL_01222,New Town,2021-09-26,16,0,0,0,0,0,0,0,0,0,0.0,0.184737,0,0.0,0,232,4,0,0.9006,0.0532,GREEN,37,Kolkata
CLM0052804,KOL_05609,Sealdah,2018-09-22,14,0,0,0,0,0,0,0,0,0,0.0,0.366283,0,0.0,0,297,3,4,0.6668,0.0,GREEN,43,Kolkata
CLM0052805,KOL_07929,Howrah,2018-04-13,20,0,0,0,0,0,0,0,1,0,0.0,0.195096,0,0.0,0,96,2,2,0.8769,0.0186,GREEN,31,Kolkata
CLM0052806,KOL_08849,Tollygunge,2025-11-27,15,0,0,0,0,0,0,0,0,0,0.0,0.234236,0,0.0,0,420,4,1,0.2138,0.0613,GREEN,26,Kolkata
CLM0052807,KOL_01571,Sealdah,2017-12-15,14,0,0,0,0,0,0,0,0,0,0.0,0.343204,0,0.0,0,374,4,2,0.6424,0.0,GREEN,41,Kolkata
CLM0052808,KOL_01720,Dum Dum,2025-01-30,18,0,1,1,1,0,0,1,1,1,0.0,0.093878,0,0.0,1,5,4,18,0.8939,0.0404,GREEN,37,Kolkata
CLM0052809,KOL_06265,Park Street,2021-09-20,7,0,0,0,0,0,0,0,0,0,0.0,0.070427,0,1.0,0,88,0,0,0.8271,0.0929,GREEN,41,Kolkata
CLM0052810,KOL_03753,Dum Dum,2018-03-12,18,0,0,0,0,0,0,0,1,0,0.0,0.419798,0,1.0,0,420,3,0,0.98,0.1428,GREEN,46,Kolkata
CLM0052811,KOL_00269,Park Street,2018-12-17,12,0,0,0,0,0,0,0,0,0,0.0,0.397384,0,0.0,0,34,3,3,0.7859,0.0,GREEN,33,Kolkata
CLM0052812,KOL_01317,Salt Lake,2025-04-03,18,0,0,0,0,0,0,0,0,0,0.0,0.195149,0,1.0,0,144,0,0,0.5236,0.0492,GREEN,46,Kolkata
CLM0052813,KOL_09958,Esplanade,2018-07-20,15,0,0,0,0,0,0,0,1,0,0.0,0.040925,0,0.0,0,305,1,5,0.5001,0.0928,GREEN,40,Kolkata
CLM0052814,KOL_03251,New Town,2020-12-03,7,0,0,0,0,0,0,0,0,1,0.0,0.036084,0,0.0,0,174,2,4,0.797,0.1892,GREEN,36,Kolkata
CLM0052815,KOL_01959,Howrah,2020-12-17,21,0,0,0,0,0,0,0,0,0,1.0,0.0,0,0.0,0,420,2,2,0.716,0.0767,GREEN,44,Kolkata
CLM0052816,KOL_02311,New Town,2020-10-27,11,0,0,0,0,0,0,0,0,0,0.0,0.199427,0,0.0,0,161,2,3,0.05,0.0481,GREEN,49,Kolkata
CLM0052817,KOL_03702,Behala,2023-05-31,14,0,0,0,0,0,0,0,0,0,0.0,0.301597,0,0.0,0,331,1,3,0.8679,0.0781,GREEN,48,Kolkata
CLM0052818,KOL_05647,Tollygunge,2024-03-15,8,0,0,0,0,0,0,1,0,0,0.0,0.0,0,0.0,0,174,4,5,0.0682,0.0394,GREEN,18,Kolkata
CLM0052819,KOL_06509,Park Street,2016-11-12,21,0,0,0,0,0,0,0,1,0,1.0,0.260577,0,0.0,0,255,2,2,0.9215,0.0982,GREEN,18,Kolkata
CLM0052820,KOL_01610,Tollygunge,2018-05-22,21,0,0,0,0,0,0,1,1,0,0.0,0.425377,0,0.0,0,217,4,3,0.5876,0.1755,GREEN,40,Kolkata
CLM0052821,KOL_03039,Park Street,2017-04-20,11,0,0,0,0,0,0,0,1,0,0.0,0.442677,0,0.0,0,46,4,2,0.6592,0.0941,GREEN,45,Kolkata
CLM0052822,KOL_06025,Behala,2025-12-19,9,0,0,0,0,0,0,0,1,0,0.0,0.414142,0,0.0,1,323,2,2,0.6608,0.1655,GREEN,26,Kolkata
CLM0052823,KOL_07989,Dum Dum,2025-11-09,14,0,0,0,0,0,0,0,0,0,0.0,0.182842,0,0.0,0,189,2,1,0.8509,0.0161,GREEN,46,Kolkata
CLM0052824,KOL_07676,Salt Lake,2021-10-29,12,0,0,0,0,0,1,0,1,1,0.0,0.310655,0,1.0,0,76,3,0,0.8531,0.2943,GREEN,41,Kolkata
CLM0052825,KOL_09614,Howrah,2020-12-24,21,0,0,0,0,0,0,1,0,0,0.0,0.139258,0,0.0,0,349,3,0,0.98,0.0594,GREEN,28,Kolkata
CLM0052826,KOL_07597,Sealdah,2019-08-15,7,0,0,0,0,0,0,0,0,0,0.0,0.055165,0,0.0,0,398,0,1,0.7759,0.0579,GREEN,58,Kolkata
CLM0052827,KOL_01574,Park Street,2016-06-22,7,0,0,0,1,0,1,0,1,1,1.0,0.0,0,0.0,1,15,1,18,0.05,0.0522,GREEN,51,Kolkata
CLM0052828,KOL_05502,Tollygunge,2024-05-10,9,0,0,0,1,1,1,1,1,0,0.0,0.903739,0,1.0,1,5,4,18,0.2418,0.1858,GREEN,48,Kolkata
CLM0052829,KOL_06221,Behala,2018-01-07,12,0,0,0,1,0,0,0,0,0,0.0,0.205127,0,1.0,0,50,1,2,0.5374,0.1583,GREEN,18,Kolkata
CLM0052830,KOL_01590,Sealdah,2017-05-17,9,0,0,0,0,0,0,0,0,0,1.0,0.081038,0,0.0,0,184,2,2,0.804,0.2045,GREEN,48,Kolkata
CLM0052831,KOL_01712,Esplanade,2017-10-26,11,0,0,0,0,0,0,0,0,0,1.0,0.0,0,1.0,0,420,4,2,0.2796,0.1191,GREEN,38,Kolkata
CLM0052832,KOL_03121,Howrah,2019-08-10,10,0,0,0,0,0,0,0,0,0,0.0,0.32935,0,0.0,0,198,1,1,0.139,0.0471,GREEN,43,Kolkata
CLM0052833,KOL_02419,Park Street,2018-09-07,19,0,0,0,0,0,0,0,0,0,0.0,1.0,0,0.0,0,420,0,0,0.7249,0.0,GREEN,46,Kolkata
CLM0052834,KOL_00562,Tollygunge,2018-07-05,16,0,0,0,1,0,0,0,0,0,0.0,0.018803,0,0.0,0,143,2,3,0.5598,0.1165,GREEN,47,Kolkata
CLM0052835,KOL_02313,Dum Dum,2025-08-06,9,0,0,0,0,0,1,0,0,0,0.0,0.210305,0,0.0,0,300,4,0,0.05,0.2142,GREEN,35,Kolkata
CLM0052836,KOL_02861,Esplanade,2023-02-27,19,0,0,0,0,0,0,0,0,0,0.0,0.383442,0,0.0,0,334,1,3,0.98,0.0183,GREEN,35,Kolkata
CLM0052837,KOL_05829,Sealdah,2020-04-15,13,0,0,0,0,0,0,0,1,0,0.0,0.0,0,0.0,0,420,4,1,0.98,0.0492,GREEN,42,Kolkata
CLM0052838,KOL_05346,Esplanade,2020-05-07,18,0,0,0,0,0,0,0,0,0,0.0,0.012831,0,0.0,0,260,3,3,0.5454,0.0,GREEN,18,Kolkata
CLM0052839,KOL_00812,Behala,2024-08-02,11,0,0,0,0,0,0,0,0,1,0.0,0.295775,0,0.0,0,35,3,0,0.7296,0.0784,GREEN,26,Kolkata
CLM0052840,KOL_00784,Garia,2020-11-11,7,0,0,0,0,0,1,0,0,1,0.0,0.411582,0,0.0,0,420,4,2,0.567,0.1573,GREEN,29,Kolkata
CLM0052841,KOL_08116,Dum Dum,2025-04-01,12,0,0,0,0,0,0,0,0,1,0.0,0.224127,0,0.0,0,343,0,3,0.98,0.1371,GREEN,46,Kolkata
CLM0052842,KOL_05309,Behala,2024-12-02,16,0,0,0,0,0,0,0,1,0,0.0,0.344462,0,0.0,0,21,2,2,0.8805,0.0547,GREEN,51,Kolkata
CLM0052843,KOL_00613,Tollygunge,2025-05-11,19,0,0,0,0,0,0,0,1,0,0.0,0.196292,0,0.0,0,356,4,1,0.9797,0.1463,GREEN,37,Kolkata
CLM0052844,KOL_05679,Howrah,2024-12-31,21,0,0,0,0,0,0,0,1,0,0.0,0.293892,0,0.0,0,52,1,0,0.6528,0.0,GREEN,31,Kolkata
CLM0052845,KOL_05513,Tollygunge,2025-01-23,10,0,0,0,0,0,0,0,0,0,1.0,0.233594,0,0.0,0,374,3,0,0.4385,0.0926,GREEN,34,Kolkata
CLM0052846,KOL_03864,New Town,2025-12-03,13,0,0,0,0,0,0,0,0,0,0.0,0.27812,0,0.0,1,276,2,0,0.7265,0.0455,GREEN,39,Kolkata
CLM0052847,KOL_03383,Howrah,2022-10-01,8,0,1,1,1,0,0,1,0,0,1.0,0.995538,0,1.0,0,7,2,17,0.05,0.3202,YELLOW,55,Kolkata
CLM0052848,KOL_09615,Park Street,2019-12-21,13,0,1,1,1,1,0,0,1,1,1.0,0.491838,0,0.0,0,27,2,18,0.3817,0.5666,YELLOW,43,Kolkata
CLM0052849,KOL_02383,Behala,2022-04-26,10,0,1,1,1,0,0,0,1,1,1.0,0.930447,1,1.0,0,5,2,18,0.1226,0.5986,YELLOW,30,Kolkata
CLM0052850,KOL_08872,Dum Dum,2022-04-07,7,0,1,1,0,0,1,1,1,0,0.0,1.0,1,1.0,1,5,1,18,0.98,0.6463,RED,43,Kolkata
CLM0052851,KOL_06585,Garia,2021-01-29,18,0,1,1,0,0,1,0,1,1,1.0,0.993206,1,0.0,0,13,1,18,0.05,0.5685,YELLOW,41,Kolkata
CLM0052852,KOL_03493,Behala,2019-04-20,20,0,1,1,1,1,1,1,0,1,1.0,1.0,0,0.0,0,5,0,18,0.112,0.6229,RED,18,Kolkata
CLM0052853,KOL_06925,Howrah,2018-11-24,8,0,1,1,1,1,0,1,1,1,1.0,0.0,0,0.0,1,14,0,11,0.313,0.6482,RED,31,Kolkata
CLM0052854,KOL_00354,Sealdah,2019-03-27,8,0,1,1,1,1,0,0,0,0,0.0,0.087033,1,0.0,0,5,1,18,0.849,0.3751,YELLOW,24,Kolkata
CLM0052855,KOL_09221,Sealdah,2023-03-21,20,0,1,1,0,0,0,0,0,0,0.0,0.439057,0,0.0,0,420,2,3,0.777,0.6622,RED,29,Kolkata
CLM0052856,KOL_03100,Behala,2023-09-03,13,0,0,0,0,0,0,0,0,0,0.0,0.317149,0,0.0,0,190,3,4,0.7839,0.0,GREEN,54,Kolkata
CLM0052857,KOL_05846,Tollygunge,2024-04-13,19,0,0,0,0,0,0,0,0,1,0.0,0.093651,0,0.0,0,303,2,0,0.549,0.1109,GREEN,42,Kolkata
CLM0052858,KOL_05751,Esplanade,2021-10-28,10,0,0,0,0,0,0,0,0,0,0.0,0.115248,0,1.0,0,232,3,5,0.8362,0.0013,GREEN,29,Kolkata
CLM0052859,KOL_09560,Tollygunge,2020-06-05,8,0,0,0,0,0,0,0,0,0,0.0,0.315153,0,1.0,0,419,3,3,0.6827,0.0,GREEN,37,Kolkata
CLM0052860,KOL_02833,New Town,2022-02-08,16,0,0,0,0,0,1,0,0,0,0.0,0.080176,0,0.0,0,357,4,2,0.4435,0.1952,GREEN,40,Kolkata
CLM0052861,KOL_08059,Esplanade,2022-03-26,8,0,0,0,0,0,0,0,0,0,0.0,0.215156,0,0.0,0,290,0,4,0.6664,0.0,GREEN,33,Kolkata
CLM0052862,KOL_03676,Howrah,2021-03-13,16,0,0,0,0,0,0,0,0,0,0.0,0.200606,0,0.0,0,109,1,0,0.8185,0.0,GREEN,35,Kolkata
CLM0052863,KOL_01209,Salt Lake,2021-12-08,16,0,0,0,0,0,0,0,0,0,0.0,0.051183,0,0.0,0,7,0,4,0.9506,0.0,GREEN,25,Kolkata
CLM0052864,KOL_02955,Behala,2023-10-14,18,0,1,1,0,0,0,0,0,0,0.0,0.30276,0,0.0,0,298,3,4,0.8439,0.0,GREEN,22,Kolkata
CLM0052865,KOL_03709,Sealdah,2020-02-24,7,0,0,0,0,0,1,1,0,0,0.0,0.2773,0,0.0,0,420,1,2,0.5788,0.1496,GREEN,40,Kolkata
CLM0052866,KOL_04480,Dum Dum,2025-04-12,14,0,0,0,0,0,0,0,0,0,0.0,1.0,0,0.0,0,35,3,1,0.581,0.0,GREEN,46,Kolkata
CLM0052867,KOL_00403,Howrah,2021-11-24,12,0,0,0,0,0,0,0,0,0,0.0,0.101101,0,0.0,0,420,3,0,0.6699,0.0659,GREEN,26,Kolkata
CLM0052868,KOL_08685,Dum Dum,2023-08-25,12,0,0,0,1,0,0,0,0,0,0.0,0.0,0,0.0,0,66,0,1,0.4644,0.168,GREEN,39,Kolkata
CLM0052869,KOL_06984,Esplanade,2024-06-09,11,0,0,0,0,0,1,1,1,1,1.0,1.0,1,0.0,0,17,3,18,0.1217,0.1483,GREEN,35,Kolkata
CLM0052870,KOL_00743,Sealdah,2024-10-30,19,0,0,0,0,0,0,0,0,0,0.0,0.264366,0,0.0,0,113,3,2,0.5817,0.0147,GREEN,25,Kolkata
CLM0052871,KOL_06657,Behala,2022-10-10,7,0,0,0,0,1,0,0,1,1,0.0,0.002488,0,0.0,1,13,2,18,0.885,0.0,GREEN,24,Kolkata
CLM0052872,KOL_02401,Garia,2024-03-16,14,0,0,0,0,0,0,0,0,0,0.0,0.165873,0,0.0,0,168,2,3,0.2616,0.005,GREEN,41,Kolkata
CLM0052873,KOL_05132,Sealdah,2023-03-31,11,0,0,0,0,0,1,0,0,0,0.0,0.093432,0,0.0,0,126,1,2,0.2495,0.0817,GREEN,18,Kolkata
CLM0052874,KOL_09082,Howrah,2022-11-23,16,0,0,0,0,1,0,0,1,0,0.0,0.394928,0,0.0,0,233,1,1,0.6581,0.2086,GREEN,47,Kolkata
CLM0052875,KOL_03008,Behala,2023-10-24,7,0,0,0,0,0,0,0,0,0,0.0,1.0,0,0.0,0,118,1,0,0.7591,0.0,GREEN,39,Kolkata
CLM0052876,KOL_00258,Park Street,2023-09-14,13,0,0,0,0,0,1,1,0,0,0.0,1.0,0,0.0,0,115,3,2,0.5642,0.1599,GREEN,46,Kolkata
CLM0052877,KOL_07574,Behala,2015-06-26,21,0,1,1,0,0,0,0,1,0,0.0,1.0,0,0.0,0,266,1,2,0.941,0.1416,GREEN,40,Kolkata
CLM0052878,KOL_02298,Tollygunge,2022-05-26,14,0,0,0,0,0,0,0,0,0,0.0,0.109908,0,0.0,0,98,1,2,0.98,0.0868,GREEN,45,Kolkata
CLM0052879,KOL_00615,Garia,2015-07-14,9,0,1,1,0,0,0,0,0,0,0.0,0.202413,0,0.0,0,407,2,2,0.6169,0.0,GREEN,47,Kolkata
CLM0052880,KOL_05064,Esplanade,2023-01-28,15,0,0,0,0,0,0,1,0,0,0.0,0.300712,0,0.0,0,125,2,0,0.5514,0.1212,GREEN,40,Kolkata
CLM0052881,KOL_02122,Esplanade,2019-10-25,16,0,0,0,1,1,1,1,1,0,0.0,0.128259,0,0.0,1,5,0,18,0.8817,0.1004,GREEN,25,Kolkata
CLM0052882,KOL_05027,Park Street,2020-03-05,16,0,0,0,0,0,0,0,0,0,0.0,0.100376,0,0.0,0,391,3,3,0.8132,0.0288,GREEN,34,Kolkata
CLM0052883,KOL_02533,Sealdah,2022-02-22,20,0,0,0,0,0,0,0,1,0,1.0,1.0,0,1.0,0,239,4,1,0.1534,0.0989,GREEN,47,Kolkata
CLM0052884,KOL_07814,New Town,2024-07-12,17,0,0,0,0,0,0,0,0,0,1.0,0.44409,0,0.0,0,43,4,1,0.98,0.0148,GREEN,47,Kolkata
CLM0052885,KOL_05095,Behala,2021-08-04,21,0,0,0,0,0,0,0,0,0,0.0,0.061147,0,0.0,0,78,2,4,0.8797,0.0,GREEN,41,Kolkata
CLM0052886,KOL_06119,Howrah,2021-09-14,7,0,0,0,0,0,0,0,0,0,0.0,0.359007,0,0.0,0,373,1,4,0.5486,0.1481,GREEN,35,Kolkata
CLM0052887,KOL_08247,Behala,2021-03-09,8,0,0,0,0,0,0,0,0,0,0.0,0.036121,0,0.0,0,227,1,2,0.98,0.0239,GREEN,34,Kolkata
CLM0052888,KOL_06598,Howrah,2025-08-17,9,0,0,0,0,0,1,0,1,0,0.0,0.045713,0,0.0,0,420,4,1,0.9249,0.2035,GREEN,49,Kolkata
CLM0052889,KOL_02326,Sealdah,2022-06-28,12,0,0,0,1,0,1,0,0,0,0.0,0.35333,0,0.0,0,28,4,3,0.4833,0.3316,YELLOW,48,Kolkata
CLM0052890,KOL_01682,Garia,2025-08-10,9,0,0,0,0,0,0,1,0,0,0.0,0.448282,0,0.0,0,254,0,1,0.6518,0.0425,GREEN,40,Kolkata
CLM0052891,KOL_07281,Howrah,2025-08-12,7,0,0,0,0,0,0,0,0,0,1.0,0.010925,0,0.0,0,344,4,0,0.858,0.1522,GREEN,30,Kolkata
CLM0052892,KOL_06560,Park Street,2025-04-06,18,0,0,0,0,1,0,0,1,0,0.0,0.076353,0,0.0,0,394,2,0,0.98,0.2365,GREEN,47,Kolkata
CLM0052893,KOL_08881,New Town,2025-10-18,12,0,0,0,0,0,0,0,0,0,0.0,0.362957,0,0.0,0,275,1,2,0.8064,0.0,GREEN,29,Kolkata
CLM0052894,KOL_02388,Garia,2025-02-27,16,0,0,0,0,0,0,0,0,0,0.0,0.182771,0,0.0,0,185,4,0,0.5621,0.0107,GREEN,20,Kolkata
CLM0052895,KOL_01256,Howrah,2025-12-17,18,0,0,0,0,0,0,0,0,0,0.0,0.130374,0,0.0,0,222,4,5,0.6118,0.0,GREEN,25,Kolkata
CLM0052896,KOL_02813,Park Street,2025-03-24,8,0,0,0,0,0,0,0,0,0,1.0,0.078424,0,0.0,1,30,3,1,0.8558,0.0784,GREEN,18,Kolkata
CLM0052897,KOL_05926,New Town,2025-08-23,19,0,0,0,0,0,0,0,0,0,0.0,0.418697,0,0.0,0,115,0,7,0.1703,0.0,GREEN,50,Kolkata
CLM0052898,KOL_04758,Behala,2025-11-05,10,0,0,0,0,0,0,0,0,0,0.0,0.047583,0,0.0,0,318,3,1,0.6091,0.0,GREEN,44,Kolkata
CLM0052899,KOL_00370,Behala,2024-06-26,16,0,0,0,0,0,0,0,0,0,0.0,0.237957,0,0.0,0,280,4,1,0.56,0.1217,GREEN,38,Kolkata
CLM0052900,KOL_07508,Sealdah,2023-09-11,13,0,0,0,0,0,0,0,0,0,0.0,0.137362,0,0.0,0,272,3,1,0.7594,0.0737,GREEN,33,Kolkata
CLM0052901,KOL_01213,Park Street,2024-12-15,12,0,0,0,0,0,0,0,1,0,0.0,0.033095,0,0.0,0,10,4,2,0.1916,0.1448,GREEN,31,Kolkata
CLM0052902,KOL_09908,Esplanade,2025-08-31,10,0,0,0,0,0,0,0,0,0,0.0,0.198114,0,0.0,0,420,2,0,0.98,0.0,GREEN,35,Kolkata
CLM0052903,KOL_03866,Dum Dum,2024-11-07,19,0,0,0,0,0,0,0,0,0,0.0,0.160894,1,0.0,0,420,2,4,0.5964,0.0301,GREEN,36,Kolkata
CLM0052904,KOL_05704,Esplanade,2024-10-17,20,0,0,0,0,0,0,0,0,0,0.0,0.178208,0,0.0,0,115,1,1,0.9146,0.0,GREEN,18,Kolkata
CLM0052905,KOL_04016,Dum Dum,2024-01-30,18,0,0,0,0,0,0,0,0,0,0.0,0.143861,0,0.0,0,184,1,2,0.5764,0.0,GREEN,32,Kolkata
CLM0052906,KOL_09985,Esplanade,2024-08-10,18,0,0,0,0,0,0,0,0,0,0.0,0.090706,0,0.0,0,318,4,4,0.98,0.0029,GREEN,21,Kolkata
CLM0052907,KOL_06950,New Town,2025-10-19,17,0,0,0,1,0,0,0,0,0,0.0,0.388233,0,0.0,0,384,3,0,0.1104,0.0919,GREEN,32,Kolkata
CLM0052908,KOL_09867,Tollygunge,2017-11-28,16,0,0,0,0,0,0,0,0,0,0.0,1.0,0,0.0,1,37,4,0,0.6298,0.1199,GREEN,32,Kolkata
CLM0052909,KOL_03024,Sealdah,2018-07-17,18,0,0,0,0,0,0,0,0,0,0.0,0.242543,0,0.0,0,119,2,6,0.8204,0.0657,GREEN,38,Kolkata
CLM0052910,KOL_06421,Garia,2020-04-11,15,0,0,0,0,0,0,0,0,0,0.0,0.0,0,0.0,0,188,1,0,0.8928,0.0,GREEN,30,Kolkata
CLM0052911,KOL_06619,Howrah,2021-09-24,19,0,0,0,0,0,0,0,0,0,0.0,0.223097,0,0.0,0,97,1,1,0.6556,0.0,GREEN,39,Kolkata
CLM0052912,KOL_05523,Salt Lake,2018-01-10,20,0,0,0,0,0,1,0,0,0,1.0,0.331269,0,0.0,0,111,2,5,0.8962,0.1648,GREEN,28,Kolkata
CLM0052913,KOL_04358,Dum Dum,2023-11-07,15,0,0,0,0,0,0,0,1,0,0.0,0.279743,1,0.0,0,391,3,2,0.8216,0.2628,GREEN,36,Kolkata
CLM0052914,KOL_02438,Tollygunge,2023-02-15,10,0,0,0,0,1,0,0,0,0,0.0,0.297422,1,0.0,0,141,2,4,0.7959,0.0919,GREEN,59,Kolkata
CLM0052915,KOL_00441,Tollygunge,2023-09-05,9,0,0,0,0,0,0,0,1,0,0.0,0.0,0,0.0,0,420,2,3,0.6346,0.1775,GREEN,34,Kolkata
CLM0052916,KOL_02843,Salt Lake,2024-04-19,8,0,0,0,0,0,0,0,1,0,0.0,0.371211,0,0.0,0,188,0,5,0.7595,0.0799,GREEN,46,Kolkata
CLM0052917,KOL_02970,Sealdah,2023-10-19,15,0,0,0,0,0,0,0,0,0,0.0,0.04373,0,0.0,0,223,2,5,0.9275,0.0976,GREEN,18,Kolkata
CLM0052918,KOL_03861,Garia,2023-11-12,13,0,0,0,0,0,0,0,0,0,0.0,0.081735,0,0.0,0,394,4,0,0.9348,0.0,GREEN,35,Kolkata
CLM0052919,KOL_08996,Behala,2025-02-06,15,0,0,0,0,0,0,0,0,0,1.0,0.210508,0,0.0,0,420,2,2,0.726,0.0135,GREEN,31,Kolkata
CLM0052920,KOL_08919,Salt Lake,2024-10-24,19,0,0,0,0,0,0,0,0,0,0.0,0.0,0,1.0,0,210,1,0,0.9404,0.0257,GREEN,32,Kolkata
CLM0052921,KOL_02849,Salt Lake,2024-06-29,16,0,0,0,0,0,0,0,0,0,0.0,0.214164,0,0.0,0,7,1,1,0.6761,0.0,GREEN,34,Kolkata
CLM0052922,KOL_08817,Garia,2023-03-14,18,0,0,0,1,0,0,0,0,0,0.0,0.061688,0,0.0,0,318,0,3,0.98,0.1936,GREEN,29,Kolkata
CLM0052923,KOL_00445,Garia,2023-01-23,13,0,0,0,0,0,0,0,0,0,0.0,0.220469,0,0.0,1,21,1,0,0.5856,0.1317,GREEN,36,Kolkata
CLM0052924,KOL_08692,Dum Dum,2024-11-14,8,0,0,0,0,0,0,0,0,0,0.0,0.362701,0,0.0,0,175,2,6,0.7311,0.0,GREEN,42,Kolkata
CLM0052925,KOL_03923,Tollygunge,2025-04-09,13,0,0,0,0,0,0,0,0,0,0.0,0.276805,1,0.0,0,105,1,0,0.98,0.0435,GREEN,35,Kolkata
CLM0052926,KOL_03911,Esplanade,2025-12-26,7,0,0,0,0,0,1,0,1,0,0.0,0.120551,0,0.0,0,420,3,4,0.98,0.1865,GREEN,44,Kolkata
CLM0052927,KOL_05487,Salt Lake,2024-11-20,7,0,0,0,0,0,0,0,0,0,0.0,0.008773,0,0.0,0,373,4,0,0.9304,0.0,GREEN,37,Kolkata
CLM0052928,KOL_07272,Salt Lake,2024-10-16,16,0,0,0,0,0,0,0,0,0,0.0,0.380763,0,0.0,0,78,1,0,0.7448,0.0195,GREEN,30,Kolkata
CLM0052929,KOL_05972,Salt Lake,2025-12-26,16,0,0,0,0,0,1,0,1,0,0.0,0.179568,0,0.0,0,280,0,3,0.6311,0.1711,GREEN,33,Kolkata
CLM0052930,KOL_03354,Behala,2025-07-16,14,0,0,0,0,0,0,0,0,0,0.0,0.236754,0,0.0,0,247,1,0,0.5942,0.0,GREEN,37,Kolkata
CLM0052931,KOL_01890,Dum Dum,2021-01-27,12,0,0,0,0,0,0,0,0,0,0.0,0.086191,0,0.0,0,322,0,0,0.7921,0.0,GREEN,26,Kolkata
CLM0052932,KOL_08758,New Town,2023-04-12,21,0,0,0,0,0,0,0,0,0,0.0,0.153045,0,0.0,0,333,2,3,0.848,0.1107,GREEN,47,Kolkata
CLM0052933,KOL_04021,Howrah,2022-06-25,11,0,0,0,1,1,0,1,1,0,1.0,1.0,1,1.0,1,38,0,18,0.1555,0.046,GREEN,31,Kolkata
CLM0052934,KOL_03273,Garia,2023-01-18,10,0,0,0,0,0,0,0,0,0,0.0,0.197495,0,1.0,0,141,4,1,0.1046,0.0584,GREEN,25,Kolkata
CLM0052935,KOL_06780,Salt Lake,2024-02-04,12,0,0,0,0,0,1,0,0,0,0.0,0.349341,0,0.0,0,420,1,1,0.6125,0.165,GREEN,33,Kolkata
CLM0052936,KOL_02089,Howrah,2025-09-26,16,0,0,0,0,0,0,0,0,0,0.0,0.369221,0,0.0,0,293,2,0,0.7567,0.0,GREEN,29,Kolkata
CLM0052937,KOL_06565,Park Street,2025-05-16,7,0,0,0,1,1,1,1,1,0,0.0,0.964112,1,0.0,1,29,2,18,0.0814,0.0,GREEN,39,Kolkata
CLM0052938,KOL_07133,Garia,2025-02-11,20,0,0,0,0,0,0,0,0,0,0.0,0.100916,0,0.0,0,322,1,5,0.7288,0.0,GREEN,18,Kolkata
CLM0052939,KOL_09538,Sealdah,2019-02-08,15,0,1,1,1,0,0,0,0,0,0.0,0.306116,0,0.0,0,36,2,2,0.4696,0.1074,GREEN,42,Kolkata
CLM0052940,KOL_03196,Howrah,2021-01-25,18,0,0,0,1,0,0,1,1,0,0.0,0.08786,0,1.0,0,5,0,18,0.3749,0.1312,GREEN,45,Kolkata
CLM0052941,KOL_01580,Sealdah,2021-11-19,12,0,0,0,0,0,0,0,0,0,0.0,0.951277,0,0.0,0,271,3,3,0.4712,0.047,GREEN,34,Kolkata
CLM0052942,KOL_05730,Behala,2024-08-23,7,0,0,0,0,0,0,0,0,0,0.0,0.33053,0,0.0,0,410,4,5,0.7276,0.1416,GREEN,37,Kolkata
CLM0052943,KOL_03473,Behala,2019-01-31,19,0,0,0,0,0,0,0,0,0,0.0,0.028677,0,0.0,0,331,0,2,0.8459,0.0,GREEN,28,Kolkata
CLM0052944,KOL_06316,New Town,2021-05-09,19,0,0,0,0,0,1,0,0,0,0.0,0.085763,0,0.0,0,252,3,1,0.6172,0.0555,GREEN,25,Kolkata
CLM0052945,KOL_03610,Dum Dum,2022-09-01,8,0,0,0,0,0,0,0,0,0,0.0,0.117582,0,0.0,0,420,4,0,0.8997,0.0675,GREEN,42,Kolkata
CLM0052946,KOL_05182,Esplanade,2023-06-13,13,0,0,0,0,0,0,0,0,0,0.0,0.192646,0,0.0,0,75,3,3,0.8073,0.0436,GREEN,45,Kolkata
CLM0052947,KOL_01400,Dum Dum,2024-02-03,16,0,0,0,0,0,0,0,0,0,0.0,0.162842,0,0.0,0,148,4,0,0.7125,0.0,GREEN,31,Kolkata
CLM0052948,KOL_01238,Park Street,2022-06-10,17,0,0,0,0,0,0,0,0,0,0.0,0.157721,0,0.0,0,195,4,2,0.9305,0.0,GREEN,34,Kolkata
CLM0052949,KOL_07531,New Town,2024-08-22,15,0,0,0,0,0,0,0,1,0,0.0,0.0,0,0.0,0,132,2,1,0.4821,0.2082,GREEN,40,Kolkata
CLM0052950,KOL_00640,Esplanade,2024-09-12,20,0,0,0,0,0,0,1,0,0,1.0,0.330507,0,0.0,0,81,4,4,0.8441,0.1214,GREEN,26,Kolkata
CLM0052951,KOL_06146,Howrah,2023-01-02,7,0,0,0,0,0,0,0,0,0,0.0,0.329724,0,0.0,0,405,0,4,0.6365,0.0541,GREEN,30,Kolkata
CLM0052952,KOL_05038,Tollygunge,2021-11-26,20,0,0,0,0,0,0,0,0,0,0.0,0.365049,0,0.0,0,140,1,2,0.4379,0.1055,GREEN,50,Kolkata
CLM0052953,KOL_00838,Salt Lake,2018-08-10,8,0,0,0,0,0,0,0,0,0,0.0,0.419701,0,0.0,0,45,3,0,0.7414,0.0,GREEN,48,Kolkata
CLM0052954,KOL_01678,Park Street,2023-11-23,14,0,0,0,0,0,0,0,0,0,0.0,0.106353,0,0.0,0,338,2,6,0.6675,0.0531,GREEN,43,Kolkata
CLM0052955,KOL_02569,Howrah,2018-07-08,11,0,0,0,0,0,0,0,0,0,0.0,0.084701,0,1.0,0,317,3,4,0.9604,0.0,GREEN,36,Kolkata
CLM0052956,KOL_00923,Behala,2020-04-25,18,0,0,0,0,0,0,0,0,0,0.0,0.18629,0,0.0,0,420,2,4,0.6521,0.0,GREEN,44,Kolkata
CLM0052957,KOL_07113,New Town,2023-06-11,10,0,0,0,0,0,0,0,0,0,0.0,0.207734,0,0.0,0,106,2,3,0.7309,0.0,GREEN,32,Kolkata
CLM0052958,KOL_01010,Salt Lake,2021-09-26,13,0,0,0,0,0,0,0,0,0,0.0,0.346309,0,0.0,0,420,2,2,0.8466,0.0,GREEN,42,Kolkata
CLM0052959,KOL_02010,Garia,2022-03-10,14,0,0,0,0,0,0,0,0,0,0.0,0.031111,0,0.0,0,211,1,0,0.5384,0.0175,GREEN,34,Kolkata
CLM0052960,KOL_02316,Dum Dum,2022-09-17,20,0,0,0,0,0,0,0,0,0,0.0,0.364481,0,0.0,0,285,3,0,0.528,0.004,GREEN,26,Kolkata
CLM0052961,KOL_00155,Behala,2024-07-25,13,0,0,0,0,0,1,0,0,0,0.0,0.222247,0,0.0,0,347,1,4,0.7685,0.2071,GREEN,33,Kolkata
CLM0052962,KOL_05142,Sealdah,2024-05-16,9,0,0,0,0,0,0,0,0,0,1.0,0.272406,0,0.0,0,300,4,4,0.95,0.0632,GREEN,36,Kolkata
CLM0052963,KOL_03919,New Town,2023-11-14,10,0,0,0,1,0,0,0,0,0,0.0,0.438763,0,0.0,0,420,4,6,0.6486,0.1283,GREEN,18,Kolkata
CLM0052964,KOL_04220,New Town,2019-04-17,9,0,0,0,0,0,0,0,0,0,0.0,0.201843,0,0.0,0,50,4,2,0.2817,0.0131,GREEN,30,Kolkata
CLM0052965,KOL_04413,Salt Lake,2024-09-05,16,0,0,0,0,0,0,0,0,0,0.0,0.250946,0,0.0,0,258,3,0,0.9603,0.0126,GREEN,39,Kolkata
CLM0052966,KOL_03614,Park Street,2025-03-11,20,0,0,0,0,0,0,0,0,0,0.0,0.350174,0,0.0,0,374,2,1,0.862,0.0263,GREEN,23,Kolkata
CLM0052967,KOL_08389,Sealdah,2018-10-04,21,0,0,0,0,0,0,0,0,0,1.0,0.150234,0,0.0,0,218,3,1,0.874,0.1064,GREEN,34,Kolkata
CLM0052968,KOL_06696,New Town,2018-09-26,15,0,0,0,0,0,0,0,1,0,0.0,0.399793,0,1.0,0,134,0,4,0.98,0.1197,GREEN,40,Kolkata
CLM0052969,KOL_03755,Howrah,2020-09-15,13,0,1,1,0,0,0,0,0,0,0.0,0.146001,0,0.0,0,209,1,5,0.8072,0.0575,GREEN,25,Kolkata
CLM0052970,KOL_01404,Howrah,2022-01-10,9,0,0,0,1,1,1,1,1,1,1.0,1.0,0,1.0,1,5,0,18,0.0505,0.0862,GREEN,43,Kolkata
CLM0052971,KOL_02797,Salt Lake,2020-04-23,9,0,0,0,0,0,0,0,0,0,0.0,0.326653,0,1.0,0,140,4,2,0.9684,0.2002,GREEN,32,Kolkata
CLM0052972,KOL_02007,Esplanade,2021-02-23,12,0,0,0,0,0,0,0,0,0,0.0,0.206322,0,0.0,0,371,2,7,0.7991,0.0,GREEN,36,Kolkata
CLM0052973,KOL_07949,Esplanade,2024-11-21,9,0,0,0,0,0,0,0,1,0,1.0,0.221638,0,0.0,0,50,4,3,0.1754,0.1643,GREEN,36,Kolkata
CLM0052974,KOL_05277,Dum Dum,2018-08-22,13,0,0,0,0,0,0,0,0,0,0.0,1.0,0,0.0,0,256,4,2,0.8895,0.0,GREEN,38,Kolkata
CLM0052975,KOL_00868,Behala,2018-06-10,20,0,0,0,0,0,0,0,0,0,0.0,0.140696,0,0.0,0,420,1,5,0.5995,0.0,GREEN,31,Kolkata
CLM0052976,KOL_05027,Park Street,2018-06-27,20,0,0,0,0,0,0,0,0,0,0.0,0.259356,1,0.0,0,249,3,0,0.7895,0.0931,GREEN,34,Kolkata
CLM0052977,KOL_02460,Salt Lake,2023-06-29,9,0,0,0,0,0,0,0,0,0,0.0,0.415112,0,0.0,1,420,1,3,0.05,0.0466,GREEN,43,Kolkata
CLM0052978,KOL_07509,Behala,2021-01-19,15,0,0,0,0,0,1,0,0,0,0.0,1.0,0,0.0,0,234,4,2,0.5599,0.1042,GREEN,51,Kolkata
CLM0052979,KOL_01813,Tollygunge,2021-10-13,13,0,0,0,0,0,0,0,0,0,0.0,1.0,0,0.0,0,64,4,6,0.4491,0.0,GREEN,64,Kolkata
CLM0052980,KOL_05005,Esplanade,2020-03-01,19,0,0,0,0,0,0,1,0,0,0.0,0.055271,0,0.0,0,32,0,2,0.9518,0.0002,GREEN,54,Kolkata
CLM0052981,KOL_09494,Sealdah,2023-10-17,15,0,0,0,1,1,0,1,1,0,1.0,1.0,0,1.0,1,5,4,18,0.1356,0.0,GREEN,47,Kolkata
CLM0052982,KOL_04881,Park Street,2023-02-14,7,0,0,0,0,0,0,0,0,0,1.0,0.118851,0,0.0,0,176,1,3,0.1905,0.2241,GREEN,44,Kolkata
CLM0052983,KOL_07738,New Town,2024-11-06,18,0,0,0,0,0,0,0,0,0,0.0,0.177255,0,0.0,0,108,0,4,0.7915,0.0,GREEN,30,Kolkata
CLM0052984,KOL_05032,Garia,2020-03-25,9,0,0,0,0,0,0,0,0,0,0.0,0.0,0,0.0,0,202,4,3,0.98,0.031,GREEN,29,Kolkata
CLM0052985,KOL_02105,Dum Dum,2023-07-31,9,0,0,0,0,0,1,0,0,0,0.0,0.064106,0,0.0,0,145,1,2,0.8138,0.2359,GREEN,20,Kolkata
CLM0052986,KOL_05404,Behala,2022-09-14,8,0,0,0,0,0,0,0,1,0,0.0,0.013095,0,0.0,0,221,0,5,0.1802,0.1823,GREEN,29,Kolkata
CLM0052987,KOL_05637,New Town,2024-12-03,18,0,0,0,0,0,0,0,1,0,0.0,0.990482,1,0.0,0,102,1,4,0.6308,0.2031,GREEN,39,Kolkata
CLM0052988,KOL_08163,Sealdah,2024-11-10,15,0,0,0,0,0,0,0,1,0,0.0,0.419103,0,0.0,0,90,4,2,0.8047,0.1613,GREEN,40,Kolkata
CLM0052989,KOL_07920,Howrah,2023-02-02,8,0,0,0,0,0,0,0,1,0,0.0,0.253546,1,0.0,0,271,1,1,0.094,0.1205,GREEN,37,Kolkata
CLM0052990,KOL_07960,Sealdah,2022-05-22,8,0,0,0,0,0,1,0,0,0,1.0,0.919692,0,1.0,0,212,4,5,0.7997,0.0837,GREEN,47,Kolkata
CLM0052991,KOL_08833,Salt Lake,2023-05-20,10,0,0,0,0,0,0,0,0,0,0.0,0.942758,0,0.0,0,223,3,0,0.6793,0.0,GREEN,33,Kolkata
CLM0052992,KOL_00614,Salt Lake,2023-12-25,9,0,0,0,0,0,0,0,0,0,0.0,0.9093,0,0.0,0,259,1,6,0.5024,0.0436,GREEN,47,Kolkata
CLM0052993,KOL_06564,Sealdah,2025-10-29,19,0,0,0,0,0,0,0,0,0,0.0,0.363954,0,0.0,1,147,2,6,0.9378,0.1054,GREEN,51,Kolkata
CLM0052994,KOL_01335,Esplanade,2022-04-12,18,0,0,0,0,0,0,0,0,0,0.0,0.102186,0,1.0,0,420,1,2,0.8621,0.06,GREEN,34,Kolkata
CLM0052995,KOL_05982,Dum Dum,2025-08-14,7,0,0,0,0,0,0,0,0,0,1.0,0.327882,0,0.0,0,420,4,4,0.547,0.0465,GREEN,44,Kolkata
CLM0052996,KOL_06533,Dum Dum,2021-05-12,21,0,0,0,0,0,0,0,0,0,0.0,0.145093,0,0.0,0,64,0,0,0.5815,0.0143,GREEN,36,Kolkata
CLM0052997,KOL_01322,Esplanade,2023-03-01,18,0,0,0,0,0,0,0,0,0,0.0,0.125891,0,0.0,0,227,0,0,0.901,0.0415,GREEN,30,Kolkata
CLM0052998,KOL_06516,Behala,2021-10-17,18,0,0,0,1,0,0,0,0,0,0.0,0.085796,0,0.0,0,402,1,4,0.6674,0.1096,GREEN,45,Kolkata
CLM0052999,KOL_07946,Behala,2025-04-30,18,0,0,0,0,0,0,0,0,0,0.0,0.091404,0,0.0,0,19,3,0,0.8381,0.0807,GREEN,18,Kolkata
CLM0053000,KOL_05181,Esplanade,2025-09-17,9,0,0,0,0,1,0,0,0,0,1.0,0.257125,0,0.0,0,55,4,2,0.6839,0.181,GREEN,46,Kolkata
CLM0053001,KOL_04891,Garia,2025-02-10,17,0,0,0,0,0,0,0,0,0,0.0,0.250983,0,0.0,0,404,0,7,0.9479,0.0028,GREEN,36,Kolkata
CLM0053002,KOL_01322,Esplanade,2024-02-24,11,0,0,0,0,0,0,0,0,0,1.0,0.28784,0,0.0,0,354,4,3,0.9734,0.0707,GREEN,30,Kolkata
CLM0053003,KOL_08096,Sealdah,2025-09-27,12,0,0,0,0,0,0,0,1,0,0.0,0.041265,0,0.0,0,69,1,0,0.9146,0.1227,GREEN,50,Kolkata
CLM0053004,KOL_07187,Park Street,2025-10-21,7,0,0,0,0,0,0,0,0,0,0.0,0.168158,0,0.0,0,321,1,3,0.936,0.0041,GREEN,35,Kolkata
CLM0053005,KOL_05632,Howrah,2024-04-27,8,0,0,0,0,0,1,0,1,0,0.0,0.234368,0,0.0,0,345,4,3,0.05,0.1765,GREEN,28,Kolkata
CLM0053006,KOL_01386,New Town,2024-11-02,14,0,0,0,0,0,0,0,0,0,0.0,0.073195,0,0.0,0,124,3,2,0.6783,0.0,GREEN,31,Kolkata
CLM0053007,KOL_05020,Howrah,2025-04-09,16,0,0,0,0,0,0,0,0,0,0.0,0.160806,0,0.0,0,221,3,3,0.5077,0.0,GREEN,57,Kolkata
CLM0053008,KOL_02268,Esplanade,2024-04-09,13,0,0,0,0,0,0,0,0,0,0.0,0.162797,0,0.0,0,360,3,4,0.6182,0.0585,GREEN,32,Kolkata
CLM0053009,KOL_07077,Dum Dum,2023-09-16,7,0,0,0,0,0,0,0,0,0,0.0,0.24766,0,0.0,0,259,0,3,0.98,0.0097,GREEN,36,Kolkata
CLM0053010,KOL_07670,New Town,2022-11-19,7,0,0,0,0,0,0,0,0,0,0.0,0.024856,0,0.0,0,234,2,1,0.8339,0.0,GREEN,44,Kolkata
CLM0053011,KOL_01090,Park Street,2025-06-09,9,0,0,0,0,0,0,0,0,0,0.0,0.027155,0,0.0,0,420,4,5,0.7857,0.0016,GREEN,26,Kolkata
CLM0053012,KOL_06787,Esplanade,2020-05-21,15,0,0,0,0,0,0,0,0,0,0.0,0.128254,0,0.0,0,80,3,1,0.6875,0.0,GREEN,32,Kolkata
CLM0053013,KOL_04897,Garia,2018-04-27,13,0,0,0,0,0,1,0,0,1,0.0,0.481592,0,0.0,0,401,4,5,0.8734,0.3145,YELLOW,43,Kolkata
CLM0053014,KOL_07902,Park Street,2019-04-13,7,0,0,0,0,0,0,0,0,0,0.0,0.251668,0,0.0,0,420,4,5,0.1182,0.0,GREEN,39,Kolkata
CLM0053015,KOL_06066,Tollygunge,2025-07-08,13,0,0,0,0,1,0,0,0,0,0.0,0.086362,0,0.0,1,273,0,2,0.2096,0.1479,GREEN,43,Kolkata
CLM0053016,KOL_02049,Dum Dum,2019-02-26,10,0,0,0,0,0,0,0,0,0,1.0,0.28931,0,0.0,0,241,0,5,0.461,0.0661,GREEN,29,Kolkata
CLM0053017,KOL_00880,Tollygunge,2025-04-23,12,0,0,0,0,0,1,0,0,0,0.0,0.366563,0,0.0,0,238,4,0,0.8209,0.1313,GREEN,29,Kolkata
CLM0053018,KOL_05410,Dum Dum,2024-02-24,21,0,0,0,0,0,0,0,0,0,0.0,0.049201,0,0.0,0,297,0,0,0.5575,0.0944,GREEN,40,Kolkata
CLM0053019,KOL_05242,Garia,2025-07-14,9,0,0,0,0,0,0,0,0,0,0.0,0.100953,0,0.0,0,420,0,4,0.2444,0.0868,GREEN,40,Kolkata
CLM0053020,KOL_02485,Tollygunge,2018-01-20,15,0,0,0,0,0,0,0,0,0,0.0,0.0,0,0.0,0,287,4,1,0.3054,0.0222,GREEN,20,Kolkata
CLM0053021,KOL_05168,Salt Lake,2025-09-12,11,0,0,0,0,0,0,0,0,0,0.0,0.0,0,0.0,0,285,4,1,0.2152,0.0,GREEN,31,Kolkata
CLM0053022,KOL_08741,Tollygunge,2020-04-08,19,0,0,0,0,0,0,0,1,0,0.0,0.423773,0,0.0,0,90,1,2,0.9156,0.0168,GREEN,50,Kolkata
CLM0053023,KOL_00491,Behala,2019-09-28,13,0,0,0,0,0,0,0,0,0,0.0,0.259671,0,0.0,0,366,0,2,0.8774,0.0531,GREEN,40,Kolkata
CLM0053024,KOL_01797,Garia,2024-07-14,20,0,0,0,1,0,0,0,0,1,0.0,0.285605,0,0.0,0,350,4,2,0.8664,0.2132,GREEN,43,Kolkata
CLM0053025,KOL_01144,Garia,2023-02-08,12,0,0,0,0,0,0,1,0,0,0.0,0.148663,0,0.0,0,272,4,0,0.8525,0.0442,GREEN,26,Kolkata
CLM0053026,KOL_00941,Park Street,2023-07-07,9,0,0,0,0,0,0,0,0,0,1.0,1.0,0,1.0,0,420,2,5,0.7541,0.008,GREEN,54,Kolkata
CLM0053027,KOL_02278,Howrah,2020-03-03,13,0,0,0,0,0,0,0,0,0,0.0,0.106952,0,0.0,0,76,3,2,0.521,0.0,GREEN,26,Kolkata
CLM0053028,KOL_05849,Howrah,2025-04-01,21,0,0,0,1,0,0,0,0,0,0.0,0.27995,1,0.0,0,317,0,2,0.7785,0.0386,GREEN,40,Kolkata
CLM0053029,KOL_05379,Park Street,2022-01-10,11,0,0,0,0,0,0,0,0,0,0.0,0.932993,0,0.0,0,420,1,2,0.4185,0.0033,GREEN,30,Kolkata
CLM0053030,KOL_07839,Tollygunge,2025-07-08,11,0,0,0,0,0,0,0,0,0,1.0,0.997859,0,1.0,0,318,0,4,0.8946,0.0,GREEN,30,Kolkata
CLM0053031,KOL_04005,Salt Lake,2025-07-25,10,0,0,0,0,0,0,0,1,0,0.0,0.255331,0,0.0,0,231,0,2,0.1732,0.0432,GREEN,31,Kolkata
CLM0053032,KOL_05579,Park Street,2024-05-06,16,0,0,0,0,1,1,0,0,0,0.0,1.0,0,0.0,0,249,3,1,0.0888,0.2444,GREEN,53,Kolkata
CLM0053033,KOL_02871,Park Street,2025-09-22,13,0,0,0,0,0,1,1,0,1,0.0,0.120744,1,0.0,0,36,0,18,0.9217,0.1237,GREEN,34,Kolkata
CLM0053034,KOL_08969,Howrah,2024-07-23,9,0,0,0,1,1,0,0,0,1,1.0,0.524215,0,1.0,0,20,0,18,0.1051,0.0818,GREEN,32,Kolkata
CLM0053035,KOL_05280,Tollygunge,2024-09-11,17,0,0,0,0,0,0,0,0,0,0.0,0.932673,0,0.0,0,181,4,0,0.662,0.0,GREEN,49,Kolkata
CLM0053036,KOL_00596,Behala,2025-03-25,10,0,0,0,0,1,0,0,0,0,0.0,0.395413,0,0.0,0,420,1,4,0.0897,0.1757,GREEN,49,Kolkata
CLM0053037,KOL_03092,Park Street,2025-07-11,10,0,0,0,1,0,0,0,0,0,0.0,0.34418,0,0.0,0,420,0,2,0.2077,0.0382,GREEN,33,Kolkata
CLM0053038,KOL_04712,Howrah,2025-01-09,9,0,0,0,0,0,0,0,0,0,0.0,0.237202,0,0.0,0,278,3,7,0.6818,0.0,GREEN,42,Kolkata
CLM0053039,KOL_05499,Park Street,2025-09-17,13,0,0,0,0,0,0,0,0,0,0.0,0.000121,0,0.0,0,94,2,6,0.8333,0.0,GREEN,43,Kolkata
CLM0053040,KOL_09462,Tollygunge,2025-10-17,15,0,1,1,1,1,1,1,1,1,1.0,0.127711,0,1.0,0,5,2,18,0.7589,0.868,RED,39,Kolkata
CLM0053041,KOL_08822,Esplanade,2021-11-29,20,0,1,1,1,1,0,0,1,1,1.0,0.855927,0,0.0,0,29,0,18,0.05,0.6315,RED,26,Kolkata
CLM0053042,KOL_05352,New Town,2024-07-27,17,0,1,1,0,0,0,0,0,0,0.0,0.0,0,0.0,0,386,1,1,0.9421,0.6393,RED,18,Kolkata
CLM0053043,KOL_03630,New Town,2024-03-28,18,0,1,1,0,1,0,1,1,1,0.0,1.0,0,0.0,1,5,1,12,0.4318,0.5441,YELLOW,27,Kolkata
CLM0053044,KOL_05673,Howrah,2023-01-30,16,0,1,1,0,0,0,0,0,0,0.0,0.204828,0,0.0,0,64,2,0,0.2319,0.6498,RED,37,Kolkata
CLM0053045,KOL_00696,Park Street,2022-05-20,7,0,1,1,1,0,1,1,0,1,0.0,0.16957,0,0.0,1,15,0,18,0.7121,0.6892,RED,21,Kolkata
CLM0053046,KOL_05974,Tollygunge,2020-07-13,20,0,1,1,1,0,0,0,1,0,0.0,1.0,0,0.0,0,390,1,2,0.8644,0.5326,YELLOW,34,Kolkata
CLM0053047,KOL_01864,Sealdah,2023-06-03,12,0,1,1,0,0,0,0,0,0,0.0,0.190289,0,0.0,0,32,1,2,0.7935,0.2536,GREEN,37,Kolkata
CLM0053048,KOL_07737,Behala,2023-04-21,7,0,1,1,1,0,1,1,1,1,1.0,0.946432,0,0.0,1,5,2,14,0.05,0.7647,RED,43,Kolkata
CLM0053049,KOL_08749,Howrah,2024-01-20,7,0,1,1,1,1,0,0,1,1,0.0,0.068016,0,0.0,0,12,0,18,0.05,0.6759,RED,35,Kolkata
CLM0053050,KOL_01346,Sealdah,2025-03-30,12,0,0,0,0,0,0,0,0,0,0.0,0.415418,0,0.0,0,282,0,1,0.05,0.0964,GREEN,42,Kolkata
CLM0053051,KOL_05613,Salt Lake,2024-12-15,19,0,0,0,1,0,0,0,0,0,0.0,0.18208,0,0.0,0,217,1,0,0.8888,0.0823,GREEN,30,Kolkata
CLM0053052,KOL_01113,Park Street,2025-11-20,18,0,0,0,0,1,0,0,0,0,1.0,0.97797,0,0.0,0,420,4,3,0.835,0.2477,GREEN,41,Kolkata
CLM0053053,KOL_08330,Salt Lake,2025-10-27,21,0,0,0,0,0,0,0,0,0,0.0,1.0,0,0.0,0,95,3,8,0.6674,0.0716,GREEN,18,Kolkata
CLM0053054,KOL_09140,Sealdah,2022-12-20,17,0,0,0,0,1,1,0,0,0,0.0,0.004318,0,0.0,0,409,4,2,0.2686,0.2079,GREEN,34,Kolkata
CLM0053055,KOL_03180,Salt Lake,2025-12-30,16,0,0,0,0,0,0,0,0,0,0.0,0.278733,0,0.0,0,213,0,4,0.795,0.0,GREEN,38,Kolkata
CLM0053056,KOL_08159,Esplanade,2025-07-03,21,0,0,0,0,0,0,0,0,0,0.0,0.293496,0,0.0,1,123,0,1,0.594,0.0619,GREEN,53,Kolkata
CLM0053057,KOL_07244,Dum Dum,2023-08-07,10,0,0,0,0,0,0,0,0,0,1.0,0.926022,0,0.0,0,334,4,3,0.6164,0.0945,GREEN,27,Kolkata
CLM0053058,KOL_03383,Howrah,2021-11-07,9,0,0,0,1,0,0,1,0,0,0.0,0.052652,0,0.0,0,80,4,4,0.8851,0.1821,GREEN,55,Kolkata
CLM0053059,KOL_00458,Sealdah,2021-01-03,19,0,0,0,1,1,1,1,1,1,1.0,0.906037,0,1.0,1,5,0,18,0.0642,0.2804,GREEN,43,Kolkata
CLM0053060,KOL_01439,Behala,2023-10-05,11,0,0,0,0,0,0,0,0,0,0.0,0.136878,0,0.0,0,5,2,2,0.4261,0.0,GREEN,30,Kolkata
CLM0053061,KOL_02183,Garia,2025-10-25,17,0,0,0,0,0,0,0,0,0,0.0,0.115368,0,0.0,1,226,4,2,0.6968,0.0266,GREEN,27,Kolkata
CLM0053062,KOL_03252,Tollygunge,2021-08-22,7,0,0,0,0,0,0,0,0,0,0.0,0.969053,0,0.0,0,241,3,1,0.9059,0.0,GREEN,52,Kolkata
CLM0053063,KOL_04299,Behala,2020-11-27,8,0,0,0,0,0,0,0,0,0,0.0,0.373161,0,0.0,0,420,2,2,0.2371,0.0076,GREEN,49,Kolkata
CLM0053064,KOL_08451,Garia,2021-12-30,7,0,0,0,0,0,0,0,0,0,0.0,0.443175,0,0.0,0,410,2,3,0.9628,0.0364,GREEN,20,Kolkata
CLM0053065,KOL_07235,Howrah,2023-11-17,21,0,0,0,0,0,0,1,0,0,0.0,0.188367,0,0.0,0,221,0,2,0.781,0.157,GREEN,46,Kolkata
CLM0053066,KOL_00334,Howrah,2023-09-22,21,0,0,0,0,0,0,0,0,0,0.0,0.276955,0,0.0,0,420,3,3,0.7259,0.0788,GREEN,41,Kolkata
CLM0053067,KOL_09149,Tollygunge,2020-11-26,15,0,1,1,0,0,0,0,0,0,0.0,0.410936,0,0.0,0,289,0,0,0.9476,0.0232,GREEN,39,Kolkata
CLM0053068,KOL_05523,Salt Lake,2021-01-22,19,0,0,0,0,0,1,0,0,0,0.0,0.041137,0,0.0,0,420,3,1,0.9292,0.0572,GREEN,28,Kolkata
CLM0053069,KOL_08136,Sealdah,2024-07-02,13,0,0,0,1,0,0,0,0,0,1.0,0.28191,0,0.0,0,87,2,0,0.9612,0.2401,GREEN,48,Kolkata
CLM0053070,KOL_06336,Tollygunge,2025-03-31,21,0,0,0,0,1,0,0,0,0,0.0,0.199244,0,0.0,0,311,2,1,0.9394,0.1207,GREEN,19,Kolkata
CLM0053071,KOL_07182,Howrah,2020-02-25,9,0,0,0,0,0,0,0,1,0,0.0,0.257542,0,0.0,0,411,3,2,0.7143,0.1953,GREEN,22,Kolkata
CLM0053072,KOL_07683,Behala,2025-03-07,14,0,0,0,1,0,0,0,0,0,0.0,0.254539,0,0.0,0,203,3,5,0.6479,0.1384,GREEN,33,Kolkata
CLM0053073,KOL_00853,New Town,2019-10-31,14,0,0,0,0,0,0,0,0,0,1.0,0.07436,0,0.0,0,90,0,6,0.0661,0.1631,GREEN,42,Kolkata
CLM0053074,KOL_04041,Park Street,2021-04-16,14,0,0,0,0,0,0,0,0,0,0.0,0.338051,0,0.0,0,420,1,0,0.4783,0.0112,GREEN,25,Kolkata
CLM0053075,KOL_07019,Park Street,2024-10-12,15,0,0,0,0,0,0,0,0,0,1.0,0.326426,0,0.0,0,118,2,8,0.7966,0.1769,GREEN,34,Kolkata
CLM0053076,KOL_00256,Howrah,2021-02-13,16,0,0,0,0,0,0,0,0,0,0.0,0.046047,0,0.0,0,420,2,3,0.9577,0.1848,GREEN,40,Kolkata
CLM0053077,KOL_08762,Howrah,2024-06-26,8,0,0,0,0,0,0,0,0,0,0.0,0.1592,0,0.0,1,38,2,2,0.9073,0.0815,GREEN,49,Kolkata
CLM0053078,KOL_00632,Sealdah,2024-12-20,10,0,0,0,0,0,0,0,0,1,0.0,0.447976,0,0.0,0,11,1,3,0.8742,0.1657,GREEN,34,Kolkata
CLM0053079,KOL_08705,Howrah,2020-06-30,11,0,0,0,0,0,0,0,0,0,0.0,0.334987,0,0.0,0,420,2,0,0.4364,0.0015,GREEN,37,Kolkata
CLM0053080,KOL_08324,Dum Dum,2022-08-22,17,0,0,0,0,0,0,0,0,0,0.0,0.934212,0,0.0,0,275,1,1,0.05,0.0102,GREEN,34,Kolkata
CLM0053081,KOL_08695,Tollygunge,2023-08-04,18,0,0,0,0,0,1,0,1,0,0.0,0.069637,0,0.0,0,420,3,2,0.9068,0.1858,GREEN,18,Kolkata
CLM0053082,KOL_07458,Howrah,2025-04-19,15,0,0,0,0,1,0,0,0,0,0.0,0.128956,0,0.0,0,368,0,0,0.5876,0.1461,GREEN,31,Kolkata
CLM0053083,KOL_04323,Tollygunge,2020-05-03,15,0,0,0,0,0,0,0,1,0,0.0,0.0,0,0.0,0,131,1,3,0.7189,0.0692,GREEN,24,Kolkata
CLM0053084,KOL_06078,Dum Dum,2021-11-06,8,0,0,0,1,0,0,0,1,0,0.0,0.322292,0,0.0,0,128,1,1,0.05,0.1773,GREEN,47,Kolkata
CLM0053085,KOL_04359,Garia,2024-07-19,15,0,0,0,0,1,0,0,0,0,0.0,0.266715,0,0.0,0,420,3,4,0.0899,0.1486,GREEN,54,Kolkata
CLM0053086,KOL_07241,Tollygunge,2021-08-05,11,0,0,0,0,0,0,0,0,0,1.0,0.473981,0,0.0,0,418,0,2,0.9041,0.1062,GREEN,50,Kolkata
CLM0053087,KOL_08139,Tollygunge,2017-08-12,8,0,0,0,0,0,0,0,1,0,0.0,0.083488,0,0.0,0,326,1,5,0.7515,0.2168,GREEN,41,Kolkata
CLM0053088,KOL_04523,Howrah,2019-10-15,15,0,0,0,0,0,0,0,0,0,0.0,0.32093,0,0.0,0,420,1,7,0.98,0.0174,GREEN,35,Kolkata
CLM0053089,KOL_08529,New Town,2024-03-29,14,0,0,0,0,0,0,0,0,0,0.0,0.476103,0,0.0,0,353,4,0,0.8988,0.0,GREEN,19,Kolkata
CLM0053090,KOL_08324,Dum Dum,2024-06-23,17,0,0,0,0,0,0,0,0,0,0.0,0.407576,0,0.0,0,354,4,0,0.4803,0.0931,GREEN,34,Kolkata
CLM0053091,KOL_09526,Howrah,2018-09-08,19,0,0,0,0,0,0,0,0,0,0.0,0.427344,0,0.0,0,140,1,4,0.9576,0.0288,GREEN,43,Kolkata
CLM0053092,KOL_08492,Howrah,2025-08-06,19,0,0,0,0,0,0,0,1,0,0.0,0.16198,0,0.0,0,178,1,2,0.6575,0.1259,GREEN,27,Kolkata
CLM0053093,KOL_08114,Tollygunge,2025-01-21,13,0,0,0,0,0,0,0,0,0,0.0,0.094799,0,0.0,0,166,2,0,0.5378,0.0143,GREEN,56,Kolkata
CLM0053094,KOL_04668,Salt Lake,2025-04-27,9,0,0,0,0,0,0,0,0,0,0.0,0.092812,0,0.0,0,383,2,0,0.8918,0.0317,GREEN,46,Kolkata
CLM0053095,KOL_00792,Garia,2025-12-01,16,0,0,0,0,0,0,0,0,0,1.0,1.0,0,0.0,0,334,1,3,0.8241,0.0762,GREEN,46,Kolkata
CLM0053096,KOL_00426,Sealdah,2025-06-17,9,0,0,0,0,0,1,0,0,0,0.0,0.0,0,0.0,0,77,4,4,0.9281,0.1404,GREEN,43,Kolkata
CLM0053097,KOL_04187,Sealdah,2024-10-22,16,0,0,0,0,0,1,0,0,0,0.0,0.16602,0,0.0,0,5,3,18,0.9266,0.0,GREEN,44,Kolkata
CLM0053098,KOL_09642,Dum Dum,2025-10-24,21,0,0,0,0,0,1,0,0,0,0.0,0.043516,0,0.0,0,242,3,1,0.7181,0.124,GREEN,49,Kolkata
CLM0053099,KOL_04910,Salt Lake,2025-02-25,8,0,0,0,0,0,0,0,0,0,0.0,0.150381,0,0.0,0,279,0,2,0.6901,0.0326,GREEN,23,Kolkata
CLM0053100,KOL_05389,Sealdah,2024-11-28,19,0,0,0,0,0,0,0,0,0,0.0,0.0,0,0.0,0,183,4,4,0.8523,0.0108,GREEN,33,Kolkata
CLM0053101,KOL_02546,Howrah,2024-09-09,18,0,0,0,0,0,0,0,0,0,0.0,0.305147,0,0.0,0,383,2,5,0.7018,0.0,GREEN,18,Kolkata
CLM0053102,KOL_04832,Sealdah,2025-10-08,18,0,0,0,0,0,0,0,1,0,0.0,0.257679,0,0.0,1,249,3,0,0.694,0.0322,GREEN,37,Kolkata
CLM0053103,KOL_09106,Behala,2024-11-04,17,1,0,0,0,0,1,0,0,0,0.0,0.185352,0,0.0,1,407,1,5,0.6995,0.1364,GREEN,34,Kolkata
CLM0053104,KOL_05044,Behala,2024-10-22,17,0,0,0,0,0,0,0,0,0,1.0,0.264615,0,0.0,0,298,4,3,0.98,0.0724,GREEN,43,Kolkata
CLM0053105,KOL_08984,Salt Lake,2025-08-31,19,0,0,0,0,0,0,0,1,1,0.0,0.445212,0,1.0,0,188,4,2,0.2128,0.2395,GREEN,57,Kolkata
CLM0053106,KOL_00209,Tollygunge,2025-04-22,21,0,0,0,0,0,0,0,0,0,0.0,1.0,0,0.0,0,67,1,3,0.8775,0.0291,GREEN,32,Kolkata
CLM0053107,KOL_03472,Behala,2024-03-01,10,0,0,0,0,0,1,0,0,0,0.0,0.26473,0,0.0,0,137,2,0,0.8835,0.2508,GREEN,28,Kolkata
CLM0053108,KOL_08410,Garia,2025-06-13,11,0,0,0,0,0,0,0,0,0,0.0,0.276365,0,0.0,0,178,0,1,0.5055,0.0263,GREEN,18,Kolkata
CLM0053109,KOL_01151,Dum Dum,2025-02-02,10,0,0,0,0,0,0,0,0,0,0.0,0.412592,0,0.0,0,408,1,0,0.7697,0.0,GREEN,50,Kolkata
CLM0053110,KOL_02202,Dum Dum,2024-12-10,11,0,0,0,0,0,0,0,0,0,0.0,0.091762,0,0.0,0,287,3,5,0.4098,0.0302,GREEN,40,Kolkata
CLM0053111,KOL_06327,Garia,2025-08-24,11,0,0,0,1,1,0,1,0,1,0.0,0.0,1,0.0,1,5,0,15,0.9688,0.0,GREEN,26,Kolkata
CLM0053112,KOL_06478,Esplanade,2024-10-10,20,0,0,0,0,0,0,0,0,0,0.0,0.245244,0,0.0,0,420,1,0,0.2045,0.0519,GREEN,18,Kolkata
CLM0053113,KOL_00470,Behala,2023-11-18,15,0,0,0,1,1,1,1,0,0,1.0,1.0,0,0.0,1,5,1,18,0.116,0.2294,GREEN,40,Kolkata
CLM0053114,KOL_07030,Dum Dum,2025-05-13,17,0,1,1,0,1,1,1,1,1,0.0,1.0,0,1.0,0,21,3,18,0.05,0.2853,GREEN,32,Kolkata
CLM0053115,KOL_03168,Sealdah,2023-10-31,15,0,0,0,0,0,0,1,0,0,0.0,0.26114,0,0.0,0,420,3,1,0.5704,0.0618,GREEN,43,Kolkata
CLM0053116,KOL_08178,Esplanade,2024-04-25,11,0,0,0,0,0,0,0,0,0,1.0,0.964032,0,0.0,0,132,4,3,0.5916,0.0832,GREEN,40,Kolkata
CLM0053117,KOL_08904,Howrah,2022-08-29,18,0,0,0,0,0,0,0,0,0,0.0,0.470203,0,0.0,0,363,3,0,0.2886,0.0,GREEN,31,Kolkata
CLM0053118,KOL_01980,Park Street,2022-12-12,11,0,0,0,0,0,0,0,0,0,0.0,0.330702,0,0.0,1,161,1,4,0.5571,0.05,GREEN,20,Kolkata
CLM0053119,KOL_04145,Sealdah,2024-07-04,13,0,0,0,0,0,0,0,0,0,0.0,0.183081,0,0.0,0,347,2,1,0.6415,0.0268,GREEN,65,Kolkata
CLM0053120,KOL_09442,Behala,2024-11-10,8,0,0,0,0,0,0,0,0,0,0.0,0.404963,0,0.0,0,120,1,1,0.8522,0.0,GREEN,39,Kolkata
CLM0053121,KOL_01543,Sealdah,2022-03-31,10,0,0,0,0,0,0,0,0,0,0.0,0.0,0,0.0,0,346,3,6,0.8542,0.0128,GREEN,40,Kolkata
CLM0053122,KOL_07012,Sealdah,2024-02-25,17,0,0,0,1,1,1,0,0,0,0.0,0.067412,0,0.0,0,420,4,1,0.6235,0.3925,YELLOW,44,Kolkata
CLM0053123,KOL_07159,Howrah,2025-09-19,21,0,0,0,0,0,0,0,1,1,0.0,0.134399,0,0.0,0,152,3,0,0.6528,0.19,GREEN,37,Kolkata
CLM0053124,KOL_03797,Tollygunge,2025-11-10,11,0,0,0,0,0,0,0,0,1,0.0,0.274822,0,0.0,0,355,1,4,0.8715,0.0525,GREEN,36,Kolkata
CLM0053125,KOL_05217,Park Street,2022-10-21,17,0,0,0,0,0,0,0,1,0,0.0,0.292643,0,0.0,0,175,0,2,0.8644,0.2,GREEN,56,Kolkata
CLM0053126,KOL_02447,Tollygunge,2025-05-11,12,0,0,0,1,0,0,1,0,0,0.0,1.0,0,0.0,0,250,2,2,0.05,0.1807,GREEN,31,Kolkata
CLM0053127,KOL_09132,Salt Lake,2023-05-02,19,0,0,0,0,0,0,0,0,0,0.0,0.186523,0,0.0,0,420,0,5,0.9028,0.0,GREEN,37,Kolkata
CLM0053128,KOL_01716,Salt Lake,2024-08-06,17,0,0,0,0,0,0,0,0,0,0.0,0.326601,0,0.0,0,31,2,4,0.8582,0.0593,GREEN,21,Kolkata
CLM0053129,KOL_02214,Howrah,2019-07-04,11,0,0,0,0,0,0,0,0,0,0.0,0.170774,0,0.0,0,299,0,2,0.5855,0.0002,GREEN,47,Kolkata
CLM0053130,KOL_01129,Park Street,2020-08-10,8,0,0,0,0,0,0,1,0,0,0.0,0.379514,0,0.0,0,420,1,5,0.5528,0.0,GREEN,18,Kolkata
CLM0053131,KOL_05661,Howrah,2015-11-01,16,0,0,0,0,0,0,0,0,0,0.0,0.244457,0,0.0,0,45,2,0,0.4835,0.0,GREEN,61,Kolkata
CLM0053132,KOL_05880,Howrah,2025-02-27,21,0,0,0,0,0,0,0,0,0,1.0,0.270365,0,0.0,0,63,1,2,0.521,0.0895,GREEN,18,Kolkata
CLM0053133,KOL_02244,Garia,2024-10-08,15,0,0,0,0,0,0,0,1,0,0.0,0.273685,0,0.0,0,63,4,4,0.4169,0.1955,GREEN,35,Kolkata
CLM0053134,KOL_05226,Sealdah,2025-02-22,19,0,0,0,0,0,0,0,0,0,0.0,0.206098,0,0.0,0,190,3,2,0.5024,0.0,GREEN,57,Kolkata
CLM0053135,KOL_02714,Esplanade,2025-10-25,9,0,0,0,0,0,0,0,0,0,1.0,0.0,0,0.0,0,289,3,1,0.5066,0.1037,GREEN,36,Kolkata
CLM0053136,KOL_00944,Park Street,2021-11-15,15,0,0,0,0,0,0,0,0,0,0.0,0.077998,1,0.0,0,420,1,0,0.7973,0.1528,GREEN,24,Kolkata
CLM0053137,KOL_00970,Salt Lake,2023-02-01,20,0,0,0,0,0,0,0,0,0,0.0,0.086719,0,0.0,0,420,2,6,0.6287,0.0713,GREEN,58,Kolkata
CLM0053138,KOL_08256,Park Street,2024-07-11,7,0,0,0,1,0,0,0,1,0,0.0,0.092042,0,0.0,0,181,2,0,0.7157,0.2296,GREEN,44,Kolkata
CLM0053139,KOL_04177,Behala,2023-12-13,10,0,0,0,0,0,0,0,0,0,0.0,0.243723,0,0.0,0,57,4,6,0.7335,0.0,GREEN,43,Kolkata
CLM0053140,KOL_02111,Esplanade,2025-12-25,20,0,0,0,0,0,0,0,0,0,0.0,0.260474,0,0.0,0,279,4,4,0.0886,0.07,GREEN,34,Kolkata
CLM0053141,KOL_09724,Howrah,2025-08-12,13,0,0,0,0,0,0,1,0,0,0.0,0.257471,0,0.0,1,269,1,5,0.7737,0.053,GREEN,34,Kolkata
CLM0053142,KOL_01711,Garia,2023-10-28,9,0,0,0,0,0,0,0,1,0,0.0,0.0,0,0.0,0,233,2,1,0.05,0.0889,GREEN,38,Kolkata
CLM0053143,KOL_02449,Garia,2018-05-08,18,0,1,1,0,0,0,0,0,0,0.0,0.047915,0,0.0,0,319,1,5,0.1466,0.0,GREEN,49,Kolkata
CLM0053144,KOL_02280,Dum Dum,2017-02-17,18,0,0,0,0,0,1,0,0,0,1.0,0.863392,0,1.0,0,307,3,0,0.6924,0.2204,GREEN,29,Kolkata
CLM0053145,KOL_06822,Tollygunge,2020-07-23,13,0,0,0,0,0,0,0,0,0,0.0,0.424071,0,0.0,0,296,3,1,0.7229,0.0,GREEN,35,Kolkata
CLM0053146,KOL_05385,Sealdah,2017-04-20,15,0,0,0,0,0,0,0,0,0,0.0,0.286506,0,1.0,0,310,2,3,0.4992,0.0845,GREEN,28,Kolkata
CLM0053147,KOL_03728,Esplanade,2022-10-13,7,0,0,0,0,0,0,0,0,0,0.0,0.993787,0,0.0,0,105,0,2,0.2388,0.0,GREEN,45,Kolkata
CLM0053148,KOL_02502,Dum Dum,2025-03-05,20,0,0,0,0,0,0,0,0,0,0.0,0.349243,0,1.0,0,345,4,2,0.7307,0.0,GREEN,45,Kolkata
CLM0053149,KOL_05029,Garia,2018-11-24,16,0,0,0,0,0,0,0,0,0,0.0,0.257526,0,0.0,0,303,1,0,0.9599,0.0,GREEN,33,Kolkata
CLM0053150,KOL_03206,Garia,2023-04-09,20,0,0,0,0,0,0,0,0,0,1.0,0.920551,0,1.0,0,364,1,0,0.8969,0.1529,GREEN,45,Kolkata
CLM0053151,KOL_03000,New Town,2022-02-21,12,0,0,0,0,0,0,0,0,0,1.0,0.08019,0,1.0,0,226,3,0,0.9154,0.0491,GREEN,42,Kolkata
CLM0053152,KOL_07225,Park Street,2022-08-28,8,0,0,0,0,0,0,0,0,0,0.0,0.029403,0,0.0,0,420,3,2,0.98,0.1677,GREEN,26,Kolkata
CLM0053153,KOL_09832,Sealdah,2023-08-15,12,0,0,0,0,0,0,1,0,0,0.0,0.305254,0,0.0,0,297,1,4,0.6546,0.1134,GREEN,27,Kolkata
CLM0053154,KOL_07825,Behala,2023-03-28,18,0,0,0,0,0,1,0,0,0,0.0,1.0,0,0.0,0,21,4,2,0.6113,0.1211,GREEN,31,Kolkata
CLM0053155,KOL_09235,Sealdah,2023-06-02,12,0,0,0,0,0,0,0,0,0,0.0,1.0,0,0.0,0,420,3,2,0.8853,0.0141,GREEN,27,Kolkata
CLM0053156,KOL_03643,Esplanade,2021-12-27,8,0,0,0,0,0,0,0,0,0,0.0,0.072489,1,0.0,0,184,2,0,0.6532,0.018,GREEN,30,Kolkata
CLM0053157,KOL_09715,Sealdah,2025-05-24,21,0,0,0,0,0,0,0,0,0,0.0,0.386617,0,0.0,0,95,3,0,0.98,0.0,GREEN,22,Kolkata
CLM0053158,KOL_03776,Dum Dum,2021-12-01,7,0,0,0,0,0,0,0,0,0,0.0,0.0,0,0.0,1,110,3,0,0.5938,0.1157,GREEN,34,Kolkata
CLM0053159,KOL_02117,Esplanade,2023-04-24,17,0,0,0,0,0,0,1,0,0,0.0,0.368492,0,0.0,1,420,1,2,0.8606,0.0555,GREEN,28,Kolkata
CLM0053160,KOL_03337,Sealdah,2025-02-06,19,0,0,0,0,0,0,0,0,0,1.0,0.330865,0,0.0,0,380,2,0,0.5483,0.0887,GREEN,21,Kolkata
CLM0053161,KOL_06528,Tollygunge,2022-06-04,8,0,0,0,0,0,0,0,0,0,0.0,0.256049,0,0.0,0,72,0,0,0.9744,0.0231,GREEN,47,Kolkata
CLM0053162,KOL_06763,Howrah,2023-09-17,19,0,0,0,0,0,0,0,0,0,0.0,0.049287,0,0.0,0,125,3,2,0.358,0.0,GREEN,43,Kolkata
CLM0053163,KOL_06380,Esplanade,2025-05-07,20,0,0,0,0,0,1,1,0,0,0.0,0.265632,0,0.0,0,159,2,6,0.3501,0.1789,GREEN,53,Kolkata
CLM0053164,KOL_05114,Esplanade,2024-11-30,20,0,0,0,0,0,0,0,0,0,0.0,0.350338,0,0.0,0,49,4,0,0.7959,0.1259,GREEN,47,Kolkata
CLM0053165,KOL_01940,Garia,2024-10-07,19,0,0,0,0,0,0,0,0,0,0.0,0.010492,0,0.0,0,299,2,0,0.2139,0.0,GREEN,18,Kolkata
CLM0053166,KOL_09621,Behala,2025-09-17,10,0,1,1,0,0,0,0,0,0,0.0,0.980198,0,0.0,0,402,2,3,0.7176,0.0,GREEN,18,Kolkata
CLM0053167,KOL_06547,Garia,2025-07-12,9,0,0,0,0,0,0,0,0,1,0.0,0.009766,0,0.0,0,52,4,1,0.595,0.0548,GREEN,38,Kolkata
CLM0053168,KOL_02945,Garia,2025-04-16,16,0,0,0,0,0,0,0,0,0,0.0,0.172599,0,1.0,0,150,3,3,0.6727,0.0,GREEN,29,Kolkata
CLM0053169,KOL_09992,New Town,2025-10-16,20,0,0,0,0,0,0,0,0,0,0.0,0.296508,0,0.0,0,169,2,0,0.8909,0.0522,GREEN,26,Kolkata
CLM0053170,KOL_00249,Tollygunge,2025-01-25,20,0,0,0,0,0,0,0,0,0,1.0,0.306411,0,0.0,0,346,1,2,0.6942,0.1162,GREEN,27,Kolkata
CLM0053171,KOL_01980,Park Street,2025-09-27,18,0,1,1,0,0,0,0,0,0,1.0,0.959236,0,0.0,0,288,2,1,0.511,0.0266,GREEN,20,Kolkata
CLM0053172,KOL_08277,Sealdah,2024-06-06,20,0,0,0,0,0,0,0,0,0,1.0,0.103473,1,0.0,0,375,4,0,0.7442,0.0964,GREEN,43,Kolkata
CLM0053173,KOL_07786,Howrah,2025-11-30,13,0,0,0,0,0,0,0,0,1,0.0,0.431476,0,0.0,0,352,0,2,0.7178,0.1602,GREEN,39,Kolkata
CLM0053174,KOL_05177,Howrah,2024-12-05,14,0,0,0,1,0,0,0,0,0,0.0,0.348506,0,0.0,1,169,4,3,0.8475,0.143,GREEN,33,Kolkata
CLM0053175,KOL_05695,New Town,2024-10-04,12,0,0,0,0,0,0,0,0,0,0.0,0.009534,0,0.0,0,308,1,1,0.4175,0.1246,GREEN,29,Kolkata
CLM0053176,KOL_02532,Tollygunge,2025-12-08,13,0,0,0,0,0,0,0,0,0,0.0,0.419905,0,0.0,0,218,3,1,0.5611,0.0,GREEN,42,Kolkata
CLM0053177,KOL_00416,Sealdah,2025-02-09,15,0,0,0,0,0,0,1,0,0,0.0,0.398445,0,0.0,0,251,3,1,0.8908,0.0587,GREEN,48,Kolkata
CLM0053178,KOL_06677,Howrah,2024-11-29,16,0,0,0,0,0,0,0,0,0,0.0,0.116204,0,0.0,0,247,1,5,0.9575,0.0,GREEN,43,Kolkata
CLM0053179,KOL_06326,New Town,2024-08-10,21,0,0,0,0,0,0,0,0,0,0.0,0.337306,0,0.0,0,362,3,0,0.8227,0.02,GREEN,65,Kolkata
CLM0053180,KOL_03233,Garia,2024-05-27,18,0,1,1,0,0,0,0,0,0,0.0,0.004156,0,0.0,0,27,2,4,0.684,0.0098,GREEN,45,Kolkata
CLM0053181,KOL_05216,Garia,2023-07-10,20,0,0,0,0,0,1,0,0,0,0.0,0.126264,0,0.0,0,217,4,6,0.9045,0.1219,GREEN,18,Kolkata
CLM0053182,KOL_09700,Garia,2024-11-20,17,0,0,0,0,0,1,0,0,0,0.0,0.122911,0,0.0,0,281,3,5,0.7057,0.0914,GREEN,32,Kolkata
CLM0053183,KOL_09149,Tollygunge,2023-10-17,11,0,0,0,0,0,0,0,0,0,0.0,0.201715,0,1.0,0,153,0,5,0.9551,0.0183,GREEN,39,Kolkata
CLM0053184,KOL_05011,Garia,2024-10-03,20,0,0,0,0,0,0,0,0,0,0.0,0.023595,0,0.0,0,157,3,4,0.6688,0.0369,GREEN,44,Kolkata
CLM0053185,KOL_03253,Esplanade,2022-02-04,11,0,0,0,0,0,1,0,0,0,0.0,0.0,0,0.0,0,420,1,2,0.127,0.1103,GREEN,18,Kolkata
CLM0053186,KOL_09824,Howrah,2025-06-30,11,0,0,0,0,1,0,0,0,0,0.0,0.426566,0,0.0,0,260,1,1,0.6578,0.137,GREEN,32,Kolkata
CLM0053187,KOL_01605,Tollygunge,2021-12-30,19,0,0,0,0,1,0,0,1,0,0.0,0.201473,0,0.0,0,272,0,3,0.8838,0.2365,GREEN,37,Kolkata
CLM0053188,KOL_05430,Tollygunge,2023-04-14,20,0,0,0,0,0,0,0,0,0,0.0,0.361785,0,0.0,0,420,0,0,0.6344,0.0133,GREEN,32,Kolkata
CLM0053189,KOL_09239,Tollygunge,2025-02-17,13,0,0,0,0,0,0,0,0,0,0.0,0.132385,0,0.0,0,79,3,0,0.1653,0.0,GREEN,18,Kolkata
CLM0053190,KOL_09761,Behala,2024-12-03,17,0,0,0,0,1,0,1,0,0,1.0,0.072812,0,0.0,0,13,3,4,0.5283,0.2704,GREEN,29,Kolkata
CLM0053191,KOL_05734,Salt Lake,2025-08-10,18,0,0,0,0,0,0,0,0,0,0.0,0.278923,0,0.0,0,65,2,3,0.1114,0.0357,GREEN,24,Kolkata
CLM0053192,KOL_06415,Garia,2025-02-17,19,0,0,0,0,0,0,0,0,0,0.0,0.060939,0,0.0,0,311,2,4,0.8265,0.0492,GREEN,54,Kolkata
CLM0053193,KOL_09435,New Town,2025-09-26,12,0,0,0,0,0,0,0,0,0,0.0,0.197385,0,0.0,0,402,2,4,0.6749,0.0,GREEN,54,Kolkata
CLM0053194,KOL_09912,Esplanade,2025-04-10,13,0,0,0,0,0,0,0,0,0,0.0,0.369019,0,0.0,0,397,3,4,0.4502,0.0,GREEN,29,Kolkata
CLM0053195,KOL_04815,New Town,2025-12-02,19,0,0,0,0,0,0,0,0,0,0.0,0.085097,0,0.0,0,230,4,0,0.05,0.0,GREEN,54,Kolkata
CLM0053196,KOL_04657,Salt Lake,2025-10-05,18,0,0,0,0,0,0,0,0,0,0.0,0.130889,0,0.0,0,142,4,2,0.8981,0.0,GREEN,28,Kolkata
CLM0053197,KOL_01198,Tollygunge,2024-06-06,12,0,0,0,1,0,0,0,0,0,0.0,0.233031,0,0.0,0,354,3,4,0.5522,0.2721,GREEN,26,Kolkata
CLM0053198,KOL_06477,Howrah,2024-10-22,7,0,0,0,0,0,0,0,0,0,0.0,0.105224,0,0.0,0,332,4,4,0.837,0.0283,GREEN,29,Kolkata
CLM0053199,KOL_03886,Tollygunge,2025-07-07,10,0,0,0,0,0,0,0,0,0,0.0,0.234403,0,0.0,0,420,3,4,0.5428,0.0,GREEN,50,Kolkata
CLM0053200,KOL_03013,Esplanade,2021-11-05,12,0,0,0,0,0,0,0,0,0,0.0,0.268302,0,0.0,0,264,1,0,0.9697,0.0002,GREEN,32,Kolkata
CLM0053201,KOL_04559,New Town,2024-06-28,11,0,0,0,0,0,0,0,0,0,0.0,0.102995,0,0.0,0,420,0,3,0.6712,0.0,GREEN,28,Kolkata
CLM0053202,KOL_00658,Dum Dum,2024-09-30,11,0,0,0,0,0,0,0,0,1,0.0,0.262633,0,0.0,0,420,1,0,0.7347,0.1102,GREEN,51,Kolkata
CLM0053203,KOL_09788,Salt Lake,2024-08-17,11,0,0,0,0,0,0,0,1,0,0.0,0.156173,0,0.0,0,420,0,6,0.6931,0.0417,GREEN,46,Kolkata
CLM0053204,KOL_08030,New Town,2025-01-10,21,0,1,1,0,1,0,1,1,1,0.0,0.217763,1,0.0,0,18,1,18,0.98,0.5283,YELLOW,35,Kolkata
CLM0053205,KOL_01852,Salt Lake,2024-04-22,11,0,1,1,1,1,1,1,1,1,1.0,0.985912,1,1.0,1,5,0,18,0.4193,0.8809,RED,39,Kolkata
CLM0053206,KOL_01279,Sealdah,2024-11-19,13,0,0,0,0,0,0,0,0,0,0.0,0.328464,0,0.0,0,410,4,0,0.9369,0.0,GREEN,34,Kolkata
CLM0053207,KOL_00128,Behala,2024-07-15,13,0,0,0,0,0,0,1,0,0,0.0,0.496131,0,0.0,0,289,3,3,0.98,0.1308,GREEN,54,Kolkata
CLM0053208,KOL_01537,Behala,2024-06-29,20,0,0,0,0,0,1,1,0,0,0.0,0.278525,0,0.0,0,216,1,2,0.2731,0.2008,GREEN,46,Kolkata
CLM0053209,KOL_00644,Sealdah,2025-05-24,10,0,0,0,0,0,1,0,1,0,0.0,0.152053,0,0.0,0,405,3,0,0.8565,0.2003,GREEN,27,Kolkata
CLM0053210,KOL_07940,Tollygunge,2025-10-08,11,0,0,0,0,0,0,0,0,0,0.0,0.426591,0,0.0,0,144,3,1,0.5257,0.0751,GREEN,46,Kolkata
CLM0053211,KOL_09975,Dum Dum,2024-08-26,17,0,0,0,0,0,1,0,0,0,0.0,0.389611,0,0.0,0,173,0,1,0.6873,0.0129,GREEN,39,Kolkata
CLM0053212,KOL_07135,Tollygunge,2025-12-18,16,0,0,0,0,0,0,0,0,0,0.0,0.0,0,0.0,0,323,3,0,0.5023,0.0,GREEN,45,Kolkata
CLM0053213,KOL_05236,Howrah,2024-09-03,18,0,0,0,0,0,0,0,0,0,0.0,0.080811,0,0.0,0,146,2,0,0.4603,0.0,GREEN,35,Kolkata
CLM0053214,KOL_06844,Howrah,2025-11-29,7,0,0,0,0,0,0,0,0,0,0.0,0.138198,0,0.0,0,79,4,2,0.7083,0.0,GREEN,24,Kolkata
CLM0053215,KOL_00489,Tollygunge,2025-10-17,8,0,0,0,0,0,0,1,0,1,0.0,0.023216,0,0.0,0,420,4,5,0.663,0.3014,GREEN,46,Kolkata
CLM0053216,KOL_08995,Howrah,2024-08-04,16,0,0,0,0,0,0,0,0,0,0.0,0.116218,0,0.0,0,269,3,0,0.8043,0.0531,GREEN,48,Kolkata
CLM0053217,KOL_02457,Park Street,2024-01-22,7,0,0,0,0,0,0,0,0,0,0.0,0.13284,0,0.0,0,420,0,4,0.98,0.1059,GREEN,37,Kolkata
CLM0053218,KOL_04580,Salt Lake,2025-05-28,15,0,0,0,0,0,0,0,0,0,0.0,0.40374,0,0.0,0,410,0,1,0.1868,0.0,GREEN,30,Kolkata
CLM0053219,KOL_00815,Tollygunge,2025-12-03,16,0,0,0,1,0,1,0,1,1,0.0,0.870743,0,0.0,0,19,4,13,0.1691,0.0,GREEN,37,Kolkata
CLM0053220,KOL_03598,Park Street,2024-11-22,17,0,1,1,0,0,0,0,1,0,1.0,0.132452,1,0.0,0,345,3,4,0.6329,0.1492,GREEN,32,Kolkata
CLM0053221,KOL_04140,Salt Lake,2025-07-11,18,0,0,0,0,0,0,0,0,0,1.0,0.357441,0,0.0,0,211,2,0,0.6179,0.0615,GREEN,45,Kolkata
CLM0053222,KOL_09904,Dum Dum,2025-06-24,9,0,0,0,0,0,0,0,0,0,1.0,0.191019,0,0.0,0,300,4,3,0.7573,0.1075,GREEN,28,Kolkata
CLM0053223,KOL_04651,Behala,2022-10-10,11,0,0,0,1,0,0,0,0,0,0.0,0.006654,0,0.0,0,399,4,2,0.7689,0.1637,GREEN,20,Kolkata
CLM0053224,KOL_04441,Tollygunge,2023-05-28,14,0,0,0,0,0,0,0,0,0,0.0,0.122991,0,0.0,0,81,2,2,0.8674,0.0756,GREEN,28,Kolkata
CLM0053225,KOL_06040,New Town,2020-10-04,10,0,0,0,0,0,0,0,1,0,0.0,0.269657,0,0.0,0,420,4,0,0.2541,0.0787,GREEN,45,Kolkata
CLM0053226,KOL_04566,Park Street,2023-03-04,19,0,0,0,0,0,0,0,0,1,0.0,0.194289,0,0.0,0,114,1,4,0.98,0.1289,GREEN,44,Kolkata
CLM0053227,KOL_09258,Tollygunge,2023-04-01,20,0,0,0,0,0,0,0,0,0,0.0,0.340728,0,1.0,0,404,2,0,0.5872,0.161,GREEN,41,Kolkata
CLM0053228,KOL_03809,Sealdah,2023-10-28,12,0,0,0,1,0,0,0,0,0,0.0,0.262547,0,0.0,0,301,2,1,0.5386,0.0651,GREEN,20,Kolkata
CLM0053229,KOL_04656,Salt Lake,2023-07-25,20,0,0,0,0,0,0,0,1,0,0.0,0.248301,0,0.0,0,322,1,3,0.6437,0.0331,GREEN,44,Kolkata
CLM0053230,KOL_08644,Howrah,2021-09-11,19,0,0,0,0,0,0,0,0,0,0.0,0.276997,0,0.0,0,347,2,4,0.0637,0.0,GREEN,43,Kolkata
CLM0053231,KOL_07340,Dum Dum,2022-10-24,11,0,1,1,0,0,1,0,0,0,0.0,0.983186,0,0.0,0,420,0,1,0.9557,0.0544,GREEN,40,Kolkata
CLM0053232,KOL_05793,New Town,2022-04-14,10,0,0,0,0,0,0,0,0,0,0.0,0.31747,1,0.0,0,420,3,5,0.7474,0.0582,GREEN,27,Kolkata
CLM0053233,KOL_06110,Tollygunge,2021-11-17,21,0,0,0,1,0,1,0,0,0,0.0,0.088208,0,0.0,0,173,3,3,0.9591,0.2673,GREEN,46,Kolkata
CLM0053234,KOL_03278,Salt Lake,2023-01-03,10,0,0,0,0,0,1,0,1,0,0.0,0.162391,0,0.0,0,229,4,0,0.5931,0.146,GREEN,40,Kolkata
CLM0053235,KOL_02178,Dum Dum,2024-09-26,20,0,0,0,0,0,0,0,0,0,0.0,0.143108,0,0.0,0,15,1,0,0.8452,0.0,GREEN,26,Kolkata
CLM0053236,KOL_09417,Salt Lake,2024-11-03,12,0,0,0,0,0,0,0,0,0,0.0,0.249512,0,0.0,0,126,0,3,0.4783,0.0,GREEN,41,Kolkata
CLM0053237,KOL_01931,Esplanade,2022-08-15,14,0,0,0,1,1,0,1,1,1,0.0,0.94707,0,1.0,0,5,1,18,0.1625,0.0,GREEN,35,Kolkata
CLM0053238,KOL_08839,Tollygunge,2025-03-03,20,0,0,0,0,0,0,0,0,0,1.0,0.285462,0,0.0,0,37,4,1,0.5809,0.0255,GREEN,40,Kolkata
CLM0053239,KOL_03811,Esplanade,2022-09-12,11,0,0,0,0,0,0,0,0,0,0.0,0.096588,1,0.0,0,153,2,3,0.8024,0.0584,GREEN,42,Kolkata
CLM0053240,KOL_02576,Tollygunge,2022-09-06,12,0,0,0,0,1,0,0,0,0,0.0,0.171061,0,0.0,0,90,1,5,0.8842,0.1016,GREEN,18,Kolkata
CLM0053241,KOL_03942,Salt Lake,2023-08-25,21,0,0,0,0,0,0,0,0,0,0.0,0.247516,0,0.0,0,405,0,0,0.7105,0.0054,GREEN,41,Kolkata
CLM0053242,KOL_08304,Dum Dum,2020-06-19,18,0,0,0,0,1,0,1,1,0,1.0,0.99779,1,1.0,1,15,2,18,0.05,0.0,GREEN,22,Kolkata
CLM0053243,KOL_00182,Park Street,2022-05-08,18,0,0,0,1,1,0,1,0,1,0.0,0.040874,0,0.0,0,5,4,13,0.8443,0.0251,GREEN,19,Kolkata
CLM0053244,KOL_06764,Esplanade,2025-10-05,14,0,0,0,0,1,0,0,0,0,0.0,0.33224,0,0.0,0,420,3,0,0.802,0.1085,GREEN,45,Kolkata
CLM0053245,KOL_08307,Park Street,2023-04-19,19,0,0,0,0,0,0,0,0,0,0.0,0.211584,0,0.0,0,38,4,1,0.5555,0.0,GREEN,26,Kolkata
CLM0053246,KOL_08832,Howrah,2023-01-06,17,0,0,0,0,0,0,0,0,0,0.0,0.225312,0,0.0,0,38,4,4,0.5423,0.03,GREEN,42,Kolkata
CLM0053247,KOL_02113,Esplanade,2024-11-27,8,0,0,0,0,0,0,0,0,0,0.0,0.413447,0,0.0,0,420,3,1,0.7156,0.0605,GREEN,53,Kolkata
CLM0053248,KOL_01199,Esplanade,2021-12-20,21,0,0,0,0,0,1,0,0,0,0.0,0.368593,0,0.0,0,360,4,4,0.5166,0.1704,GREEN,28,Kolkata
CLM0053249,KOL_03444,Dum Dum,2022-01-05,16,0,0,0,0,0,0,0,1,0,0.0,0.270374,0,0.0,0,420,4,2,0.7575,0.2622,GREEN,18,Kolkata
CLM0053250,KOL_07953,Tollygunge,2023-04-16,7,0,0,0,0,0,0,0,0,0,1.0,0.382954,0,0.0,0,51,3,2,0.05,0.0725,GREEN,30,Kolkata
CLM0053251,KOL_05048,New Town,2023-02-06,10,0,0,0,0,0,0,1,0,0,0.0,0.266692,0,0.0,0,406,4,0,0.655,0.0,GREEN,18,Kolkata
CLM0053252,KOL_02684,Park Street,2025-01-14,11,0,0,0,1,1,1,1,1,1,0.0,0.051146,0,1.0,0,5,0,12,0.7842,0.2451,GREEN,44,Kolkata
CLM0053253,KOL_08724,New Town,2019-01-31,13,0,0,0,0,0,0,0,0,0,1.0,0.446988,0,0.0,0,234,0,0,0.8575,0.1034,GREEN,31,Kolkata
CLM0053254,KOL_09940,Esplanade,2023-03-30,14,0,0,0,0,0,0,0,0,0,0.0,0.372425,0,0.0,0,76,2,5,0.588,0.0,GREEN,37,Kolkata
CLM0053255,KOL_06254,Park Street,2020-05-29,18,0,0,0,0,0,0,0,1,0,0.0,1.0,0,0.0,0,96,0,4,0.6111,0.1178,GREEN,18,Kolkata
CLM0053256,KOL_00662,Howrah,2021-04-25,20,0,0,0,0,0,0,0,0,0,0.0,0.40789,0,0.0,0,420,2,3,0.5391,0.0,GREEN,29,Kolkata
CLM0053257,KOL_04918,Tollygunge,2022-04-03,15,0,0,0,0,0,1,0,0,0,0.0,0.257274,0,0.0,0,342,1,2,0.6565,0.0901,GREEN,49,Kolkata
CLM0053258,KOL_06343,Salt Lake,2025-11-28,12,0,0,0,0,0,0,0,0,0,0.0,0.166606,0,0.0,0,77,1,3,0.3868,0.0,GREEN,30,Kolkata
CLM0053259,KOL_08564,Esplanade,2025-01-09,7,0,0,0,0,0,0,0,1,0,0.0,0.118933,0,0.0,0,376,3,0,0.05,0.0839,GREEN,43,Kolkata
CLM0053260,KOL_06380,Esplanade,2024-09-06,8,0,0,0,0,0,0,0,0,0,0.0,0.174605,0,0.0,0,332,3,0,0.98,0.0,GREEN,53,Kolkata
CLM0053261,KOL_02596,Behala,2024-06-18,18,0,0,0,0,0,0,0,0,0,0.0,0.127232,0,0.0,0,420,4,2,0.5213,0.0459,GREEN,36,Kolkata
CLM0053262,KOL_06764,Esplanade,2021-01-13,9,0,0,0,0,0,0,0,1,0,0.0,0.273308,0,0.0,1,406,2,2,0.5138,0.1271,GREEN,45,Kolkata
CLM0053263,KOL_09586,Sealdah,2021-06-28,10,0,0,0,0,0,0,1,0,0,0.0,0.353096,0,0.0,0,262,3,5,0.8596,0.1013,GREEN,18,Kolkata
CLM0053264,KOL_06519,Dum Dum,2024-06-11,10,0,0,0,0,0,0,0,1,0,0.0,0.065093,0,0.0,0,178,3,0,0.9379,0.0592,GREEN,25,Kolkata
CLM0053265,KOL_03989,Salt Lake,2022-10-12,8,0,0,0,0,0,0,0,0,0,1.0,1.0,0,1.0,0,121,4,0,0.9601,0.0815,GREEN,29,Kolkata
CLM0053266,KOL_07008,Howrah,2024-08-01,12,0,0,0,0,0,0,0,0,0,0.0,0.13975,1,0.0,0,335,4,4,0.8395,0.0912,GREEN,28,Kolkata
CLM0053267,KOL_02115,Dum Dum,2023-11-07,13,0,0,0,0,0,0,0,0,0,0.0,0.216648,0,1.0,0,420,2,2,0.4647,0.0,GREEN,20,Kolkata
CLM0053268,KOL_07388,New Town,2018-09-13,12,0,0,0,0,0,0,0,0,0,0.0,0.192834,0,0.0,0,21,4,2,0.6686,0.0456,GREEN,41,Kolkata
CLM0053269,KOL_09943,Sealdah,2024-04-16,11,0,0,0,0,0,0,0,0,1,1.0,0.0,0,0.0,0,420,0,4,0.549,0.1814,GREEN,32,Kolkata
CLM0053270,KOL_09548,Behala,2024-08-05,9,0,0,0,0,0,0,1,1,0,1.0,1.0,1,0.0,1,25,3,18,0.4161,0.0538,GREEN,25,Kolkata
CLM0053271,KOL_05563,New Town,2022-06-01,7,0,0,0,0,0,0,0,0,0,0.0,0.136533,0,0.0,0,420,1,2,0.7203,0.0,GREEN,40,Kolkata
CLM0053272,KOL_03775,Salt Lake,2022-11-03,17,0,0,0,0,0,0,0,0,0,0.0,0.098638,0,0.0,0,204,1,0,0.6072,0.0,GREEN,32,Kolkata
CLM0053273,KOL_01917,Tollygunge,2022-03-31,16,0,0,0,0,0,0,0,0,0,0.0,0.222701,0,0.0,1,87,2,2,0.59,0.0894,GREEN,34,Kolkata
CLM0053274,KOL_02975,Tollygunge,2023-01-25,17,0,0,0,0,0,0,0,1,0,0.0,0.240205,0,1.0,0,368,2,2,0.98,0.0623,GREEN,18,Kolkata
CLM0053275,KOL_03871,Behala,2024-05-11,9,0,0,0,0,1,0,0,0,0,0.0,1.0,0,0.0,0,366,4,4,0.4667,0.1953,GREEN,37,Kolkata
CLM0053276,KOL_07742,Park Street,2024-02-14,8,0,0,0,0,0,0,1,1,0,0.0,0.423959,0,0.0,0,140,1,3,0.5491,0.156,GREEN,57,Kolkata
CLM0053277,KOL_07247,Dum Dum,2022-03-08,14,0,0,0,0,0,0,0,0,1,0.0,0.055225,1,0.0,1,150,0,4,0.561,0.2653,GREEN,24,Kolkata
CLM0053278,KOL_08004,Dum Dum,2022-02-14,16,0,0,0,0,0,0,0,0,0,0.0,0.070063,0,0.0,0,218,0,2,0.7151,0.0,GREEN,46,Kolkata
CLM0053279,KOL_08347,Behala,2024-11-23,14,0,0,0,0,0,0,0,0,0,0.0,0.0,0,0.0,0,209,3,0,0.05,0.0,GREEN,42,Kolkata
CLM0053280,KOL_00520,Sealdah,2025-07-03,20,0,0,0,0,0,0,0,0,0,0.0,0.178844,0,0.0,0,315,1,2,0.6687,0.0,GREEN,38,Kolkata
CLM0053281,KOL_02009,Tollygunge,2020-07-15,14,0,0,0,0,0,0,0,1,0,0.0,0.980377,0,0.0,0,53,4,3,0.7383,0.1825,GREEN,32,Kolkata
CLM0053282,KOL_04701,New Town,2025-05-27,19,0,0,0,0,0,0,0,0,1,0.0,0.037655,0,0.0,0,177,2,3,0.98,0.1236,GREEN,44,Kolkata
CLM0053283,KOL_02851,Garia,2023-11-21,13,0,0,0,0,0,0,0,0,0,0.0,0.220457,0,0.0,0,335,3,0,0.7042,0.0,GREEN,40,Kolkata
CLM0053284,KOL_04581,Sealdah,2024-03-16,15,0,0,0,0,0,0,0,0,0,0.0,0.197681,0,0.0,0,419,4,3,0.7575,0.0,GREEN,50,Kolkata
CLM0053285,KOL_09416,Salt Lake,2020-06-15,17,0,0,0,0,1,0,0,0,0,0.0,0.177375,0,0.0,0,99,2,0,0.7939,0.1087,GREEN,29,Kolkata
CLM0053286,KOL_00053,Esplanade,2024-02-01,20,0,0,0,0,0,0,0,0,0,1.0,0.277555,0,0.0,0,369,2,0,0.6381,0.0502,GREEN,51,Kolkata
CLM0053287,KOL_06658,Sealdah,2017-12-14,16,0,0,0,0,0,0,0,0,0,0.0,0.370478,0,0.0,0,36,3,2,0.7305,0.067,GREEN,18,Kolkata
CLM0053288,KOL_03388,Salt Lake,2022-09-08,10,0,0,0,0,0,0,0,0,0,0.0,0.040543,0,0.0,0,267,4,0,0.0773,0.0484,GREEN,40,Kolkata
CLM0053289,KOL_00833,Esplanade,2020-06-18,17,0,0,0,0,1,1,0,0,0,0.0,0.108688,0,0.0,0,361,0,0,0.8858,0.2311,GREEN,41,Kolkata
CLM0053290,KOL_09173,Sealdah,2021-02-07,7,0,0,0,0,0,0,0,0,0,0.0,1.0,0,0.0,0,420,2,5,0.5431,0.0226,GREEN,37,Kolkata
CLM0053291,KOL_08172,Esplanade,2015-10-20,19,0,0,0,0,0,0,0,0,0,0.0,0.059047,0,0.0,0,207,2,3,0.98,0.0913,GREEN,32,Kolkata
CLM0053292,KOL_05372,Esplanade,2024-06-08,8,0,0,0,0,0,0,0,0,0,0.0,1.0,0,0.0,1,25,3,6,0.5601,0.144,GREEN,41,Kolkata
CLM0053293,KOL_06598,Howrah,2017-09-26,19,0,0,0,0,0,0,1,0,0,0.0,0.139224,0,0.0,0,291,3,5,0.575,0.0271,GREEN,49,Kolkata
CLM0053294,KOL_09262,Behala,2025-05-03,19,0,0,0,0,0,0,0,0,0,1.0,1.0,0,0.0,0,304,2,5,0.5461,0.0798,GREEN,39,Kolkata
CLM0053295,KOL_02885,Tollygunge,2024-12-21,20,0,0,0,0,0,0,0,0,1,0.0,0.000901,0,0.0,0,296,3,0,0.8011,0.0692,GREEN,32,Kolkata
CLM0053296,KOL_03157,Sealdah,2024-10-21,7,0,0,0,0,0,0,0,0,0,0.0,0.365773,1,0.0,0,420,3,4,0.7294,0.0793,GREEN,44,Kolkata
CLM0053297,KOL_08799,Sealdah,2025-10-24,14,0,0,0,0,0,0,0,0,0,0.0,0.30765,0,0.0,0,215,2,4,0.2521,0.0,GREEN,29,Kolkata
CLM0053298,KOL_05038,Tollygunge,2022-08-24,17,0,0,0,0,0,0,1,0,0,0.0,0.126127,0,0.0,0,37,4,0,0.9247,0.1361,GREEN,50,Kolkata
CLM0053299,KOL_09276,Sealdah,2024-06-25,9,0,0,0,0,0,0,0,0,0,0.0,0.295548,0,0.0,0,158,1,4,0.98,0.0,GREEN,28,Kolkata
CLM0053300,KOL_05144,Behala,2024-08-02,15,0,0,0,0,0,1,0,0,0,0.0,0.390929,0,0.0,0,103,3,0,0.8652,0.0941,GREEN,39,Kolkata
CLM0053301,KOL_01199,Esplanade,2024-06-09,18,0,0,0,0,0,1,0,0,1,0.0,0.086919,0,0.0,0,361,3,5,0.5063,0.2703,GREEN,28,Kolkata
CLM0053302,KOL_07683,Behala,2025-11-10,21,0,0,0,0,0,0,0,0,0,0.0,0.977652,0,0.0,0,5,4,0,0.613,0.0,GREEN,33,Kolkata
CLM0053303,KOL_07132,Salt Lake,2021-08-10,15,0,0,0,0,0,0,1,1,0,1.0,1.0,1,1.0,0,7,3,18,0.138,0.0,GREEN,50,Kolkata
CLM0053304,KOL_03423,Sealdah,2023-01-13,14,0,0,0,0,0,0,0,0,0,0.0,0.247969,0,0.0,0,262,1,0,0.4924,0.0,GREEN,27,Kolkata
CLM0053305,KOL_00900,Esplanade,2022-02-19,10,0,0,0,0,1,0,0,0,0,0.0,0.041624,0,0.0,0,420,0,0,0.2973,0.1587,GREEN,46,Kolkata
CLM0053306,KOL_05979,Park Street,2020-10-28,13,1,0,0,0,0,1,0,0,0,0.0,0.17564,0,0.0,0,158,0,5,0.776,0.1609,GREEN,20,Kolkata
CLM0053307,KOL_05640,Park Street,2023-06-13,16,0,0,0,0,0,1,0,0,0,0.0,0.385835,0,0.0,0,329,0,3,0.8899,0.1829,GREEN,33,Kolkata
CLM0053308,KOL_04469,Behala,2023-07-18,8,0,1,1,0,0,0,0,0,0,0.0,0.35745,0,0.0,0,295,2,2,0.9112,0.8825,RED,39,Kolkata
CLM0053309,KOL_01577,New Town,2025-03-03,14,0,1,1,1,0,0,1,1,1,1.0,0.838928,1,0.0,0,16,2,18,0.3125,0.7094,RED,42,Kolkata
CLM0053310,KOL_02655,Behala,2025-11-19,14,0,1,1,1,1,0,1,0,1,1.0,0.951659,0,1.0,0,9,0,18,0.4095,0.6669,RED,32,Kolkata
CLM0053311,KOL_05980,Sealdah,2023-01-26,17,0,1,1,0,0,1,0,0,0,0.0,0.460249,0,0.0,0,326,2,6,0.6057,0.6326,RED,18,Kolkata
CLM0053312,KOL_02412,Dum Dum,2024-05-26,7,0,1,1,0,1,0,1,1,1,0.0,0.070916,1,0.0,0,5,0,18,0.9286,0.6225,RED,30,Kolkata
CLM0053313,KOL_00088,Sealdah,2025-10-24,11,0,0,0,0,1,0,0,0,0,0.0,0.20109,0,0.0,0,304,0,0,0.05,0.1191,GREEN,46,Kolkata
CLM0053314,KOL_05438,Dum Dum,2025-12-07,12,0,0,0,0,0,0,0,0,0,0.0,0.111066,1,0.0,0,346,4,3,0.7568,0.0272,GREEN,65,Kolkata
CLM0053315,KOL_05798,Tollygunge,2023-08-20,7,0,0,0,0,0,0,0,0,0,0.0,0.330539,0,0.0,0,78,1,3,0.1581,0.0649,GREEN,22,Kolkata
CLM0053316,KOL_01727,Sealdah,2023-12-03,16,0,0,0,0,0,0,0,0,0,0.0,0.31483,1,0.0,0,420,2,7,0.6402,0.125,GREEN,26,Kolkata
CLM0053317,KOL_09371,Esplanade,2024-02-06,10,0,0,0,1,0,0,0,0,0,0.0,0.051512,0,0.0,1,420,0,2,0.6265,0.1747,GREEN,32,Kolkata
CLM0053318,KOL_00693,New Town,2024-02-27,16,0,0,0,0,0,0,0,0,0,0.0,0.128431,0,0.0,0,225,1,0,0.6733,0.0143,GREEN,42,Kolkata
CLM0053319,KOL_06534,Howrah,2023-02-22,11,0,0,0,0,0,1,0,0,0,1.0,0.989347,0,1.0,0,420,1,3,0.98,0.1023,GREEN,30,Kolkata
CLM0053320,KOL_04338,Howrah,2023-04-05,10,0,0,0,0,0,0,0,0,0,0.0,0.286534,0,0.0,0,347,0,4,0.8683,0.0877,GREEN,37,Kolkata
CLM0053321,KOL_08352,Esplanade,2024-08-11,16,0,0,0,0,0,0,0,1,0,0.0,0.0,0,0.0,0,149,3,2,0.3317,0.0108,GREEN,42,Kolkata
CLM0053322,KOL_01178,Esplanade,2025-12-06,19,0,0,0,0,0,0,0,0,0,0.0,0.142165,0,0.0,0,420,1,0,0.5055,0.0,GREEN,36,Kolkata
CLM0053323,KOL_06491,New Town,2025-12-27,16,0,0,0,0,0,0,0,0,0,0.0,0.110538,0,0.0,0,262,3,1,0.1094,0.0,GREEN,37,Kolkata
CLM0053324,KOL_06283,Garia,2023-02-14,20,0,0,0,0,0,0,0,0,0,0.0,1.0,0,0.0,0,273,1,0,0.6309,0.1377,GREEN,33,Kolkata
CLM0053325,KOL_08414,Salt Lake,2020-08-31,14,0,0,0,0,0,0,0,0,0,1.0,0.143061,0,0.0,0,268,3,2,0.6084,0.1394,GREEN,40,Kolkata
CLM0053326,KOL_08226,Salt Lake,2018-10-15,11,0,0,0,0,0,0,0,0,0,0.0,0.156909,1,0.0,0,417,1,0,0.951,0.0674,GREEN,33,Kolkata
CLM0053327,KOL_03231,Park Street,2021-01-15,16,0,0,0,0,0,0,0,0,0,0.0,1.0,0,0.0,0,124,2,2,0.9237,0.0328,GREEN,41,Kolkata
CLM0053328,KOL_06517,Garia,2018-10-09,8,0,0,0,0,0,0,0,0,0,0.0,0.132827,0,0.0,1,420,4,3,0.7031,0.0159,GREEN,55,Kolkata
CLM0053329,KOL_04775,Tollygunge,2024-12-08,19,0,0,0,0,1,0,1,0,0,0.0,0.0,0,0.0,0,118,3,0,0.6509,0.2755,GREEN,46,Kolkata
CLM0053330,KOL_01099,Esplanade,2020-09-30,17,0,0,0,0,0,0,0,0,1,0.0,0.0,0,0.0,0,221,3,0,0.6105,0.1379,GREEN,18,Kolkata
CLM0053331,KOL_00410,Garia,2020-04-16,18,0,0,0,1,0,0,0,0,0,0.0,0.1039,0,0.0,0,69,3,0,0.9499,0.1979,GREEN,39,Kolkata
CLM0053332,KOL_07493,Howrah,2019-06-14,12,0,0,0,0,0,0,0,0,0,0.0,0.293168,1,1.0,0,375,3,0,0.4044,0.088,GREEN,18,Kolkata
CLM0053333,KOL_00316,Sealdah,2024-11-07,11,0,0,0,0,1,0,0,0,0,0.0,0.0,1,0.0,0,281,1,5,0.9565,0.1466,GREEN,47,Kolkata
CLM0053334,KOL_05138,Sealdah,2024-02-18,16,0,0,0,0,1,0,1,1,0,0.0,1.0,1,1.0,0,5,1,18,0.7312,0.0992,GREEN,44,Kolkata
CLM0053335,KOL_01300,Esplanade,2022-10-17,21,0,0,0,0,0,0,0,0,0,0.0,0.34148,0,0.0,0,136,3,0,0.6771,0.0,GREEN,40,Kolkata
CLM0053336,KOL_03903,Esplanade,2024-04-10,15,0,0,0,1,0,0,0,0,1,0.0,0.953926,0,0.0,0,29,3,5,0.7354,0.3481,YELLOW,33,Kolkata
CLM0053337,KOL_04765,Sealdah,2023-08-10,19,0,0,0,0,0,0,0,0,0,0.0,0.329039,0,0.0,0,413,3,4,0.68,0.0329,GREEN,35,Kolkata
CLM0053338,KOL_03815,Garia,2017-02-24,16,0,0,0,0,0,0,0,0,0,0.0,0.270627,0,0.0,0,360,4,4,0.773,0.009,GREEN,32,Kolkata
CLM0053339,KOL_01097,Park Street,2023-03-25,20,0,0,0,0,0,0,0,0,0,0.0,0.154876,0,0.0,0,289,4,1,0.6503,0.0301,GREEN,45,Kolkata
CLM0053340,KOL_01926,Esplanade,2016-12-07,11,0,0,0,0,0,1,0,0,0,0.0,0.0,0,0.0,0,387,3,1,0.7469,0.1326,GREEN,35,Kolkata
CLM0053341,KOL_08880,Behala,2022-08-12,11,0,0,0,0,0,1,1,0,0,0.0,0.0,0,0.0,0,415,4,0,0.1827,0.1445,GREEN,42,Kolkata
CLM0053342,KOL_00415,Howrah,2024-09-16,10,0,0,0,0,0,0,0,0,0,0.0,0.133378,0,0.0,0,335,3,0,0.598,0.0018,GREEN,33,Kolkata
CLM0053343,KOL_04242,Salt Lake,2023-12-01,17,0,0,0,0,0,0,0,0,0,0.0,0.52745,0,0.0,0,48,1,0,0.2101,0.0723,GREEN,32,Kolkata
CLM0053344,KOL_08969,Howrah,2024-03-03,8,0,0,0,0,0,0,0,1,0,0.0,0.209696,0,0.0,0,205,3,0,0.5287,0.0896,GREEN,32,Kolkata
CLM0053345,KOL_07717,Tollygunge,2019-04-15,11,0,0,0,0,0,0,0,0,1,1.0,0.918467,0,1.0,0,115,2,1,0.9227,0.2692,GREEN,19,Kolkata
CLM0053346,KOL_05998,Howrah,2024-12-24,21,0,0,0,0,0,0,0,0,0,1.0,0.453712,0,0.0,0,329,2,0,0.6501,0.0872,GREEN,26,Kolkata
CLM0053347,KOL_04333,Garia,2025-10-18,17,0,0,0,0,0,0,0,0,0,0.0,0.410695,0,0.0,0,300,3,5,0.1683,0.0741,GREEN,38,Kolkata
CLM0053348,KOL_09499,Garia,2025-10-16,9,1,0,0,0,0,0,0,0,0,0.0,0.27453,0,0.0,0,142,0,5,0.8554,0.0505,GREEN,48,Kolkata
CLM0053349,KOL_04890,New Town,2025-04-25,11,0,0,0,0,0,0,0,0,0,0.0,0.278806,0,0.0,0,160,2,3,0.8025,0.1666,GREEN,47,Kolkata
CLM0053350,KOL_03493,Behala,2020-06-01,7,0,1,1,0,1,1,0,0,0,1.0,0.254221,0,0.0,0,353,1,1,0.3014,0.419,YELLOW,18,Kolkata
CLM0053351,KOL_08723,Garia,2025-07-03,18,0,1,1,0,0,1,1,1,1,0.0,0.899984,1,0.0,1,17,2,18,0.3058,0.7286,RED,45,Kolkata
CLM0053352,KOL_07810,Tollygunge,2024-01-02,20,0,1,1,0,0,0,0,0,0,0.0,0.0,0,0.0,0,420,0,1,0.2121,0.7695,RED,49,Kolkata
CLM0053353,KOL_00924,Garia,2020-04-30,10,0,1,1,1,0,0,0,0,0,0.0,0.107113,0,0.0,0,411,0,6,0.8579,0.3928,YELLOW,50,Kolkata
CLM0053354,KOL_01036,Behala,2015-12-25,13,0,1,1,1,1,1,0,0,1,1.0,0.43198,0,0.0,1,5,0,18,0.9232,0.737,RED,23,Kolkata
CLM0053355,KOL_00484,Garia,2021-01-28,20,0,0,0,0,0,0,0,0,0,0.0,0.072701,0,0.0,0,292,3,1,0.377,0.0,GREEN,31,Kolkata
CLM0053356,KOL_04626,Howrah,2020-02-23,15,0,0,0,0,1,0,0,0,0,0.0,0.106946,0,0.0,0,295,0,2,0.6446,0.0694,GREEN,49,Kolkata
CLM0053357,KOL_04228,Garia,2024-12-12,14,0,0,0,0,0,0,0,0,0,0.0,1.0,0,0.0,1,420,4,0,0.0734,0.0566,GREEN,25,Kolkata
CLM0053358,KOL_01259,Howrah,2020-06-14,16,0,0,0,0,0,0,1,1,0,1.0,0.347007,0,0.0,0,420,0,0,0.8155,0.1533,GREEN,34,Kolkata
CLM0053359,KOL_02363,Behala,2018-07-03,9,0,0,0,0,0,0,1,0,0,0.0,0.291914,0,0.0,0,173,4,3,0.9142,0.0,GREEN,27,Kolkata
CLM0053360,KOL_07803,Behala,2020-09-11,19,0,0,0,0,0,0,0,0,0,0.0,0.202517,0,0.0,0,93,3,4,0.7407,0.0,GREEN,44,Kolkata
CLM0053361,KOL_09371,Esplanade,2025-05-25,11,0,0,0,0,0,0,0,0,0,0.0,0.311388,0,1.0,0,337,0,3,0.605,0.0,GREEN,32,Kolkata
CLM0053362,KOL_07379,Salt Lake,2021-01-12,12,0,0,0,0,0,0,0,0,0,0.0,1.0,0,1.0,0,102,1,2,0.5134,0.0,GREEN,32,Kolkata
CLM0053363,KOL_02376,Behala,2022-01-01,21,0,0,0,0,0,0,0,0,0,0.0,0.330714,0,0.0,0,420,0,2,0.7917,0.0719,GREEN,33,Kolkata
CLM0053364,KOL_03348,Esplanade,2024-05-21,11,0,0,0,0,0,0,1,0,0,0.0,0.119833,0,0.0,0,192,0,5,0.8365,0.0631,GREEN,44,Kolkata
CLM0053365,KOL_06179,Dum Dum,2015-08-23,13,0,0,0,0,0,0,0,0,0,0.0,0.0,0,0.0,0,103,3,0,0.7013,0.0363,GREEN,43,Kolkata
CLM0053366,KOL_03821,Behala,2023-07-10,13,0,0,0,0,0,1,0,0,0,0.0,0.151526,1,0.0,0,139,2,0,0.6664,0.1964,GREEN,43,Kolkata
CLM0053367,KOL_04432,New Town,2025-04-20,17,0,0,0,0,0,0,0,0,0,0.0,0.278986,0,0.0,0,420,1,4,0.4446,0.0,GREEN,37,Kolkata
CLM0053368,KOL_00761,Garia,2021-05-07,19,0,0,0,1,0,0,0,0,0,0.0,0.409137,0,0.0,0,6,2,3,0.98,0.3305,YELLOW,20,Kolkata
CLM0053369,KOL_06358,Park Street,2025-08-29,15,0,0,0,0,1,0,0,0,0,0.0,0.137245,0,0.0,0,158,4,2,0.0774,0.0042,GREEN,22,Kolkata
CLM0053370,KOL_02509,Garia,2019-05-26,19,0,0,0,0,0,0,0,1,0,0.0,0.155856,0,0.0,0,162,3,0,0.9679,0.0776,GREEN,41,Kolkata
CLM0053371,KOL_03660,Garia,2021-05-01,12,0,0,0,0,0,0,0,0,0,1.0,0.026552,0,0.0,0,58,4,5,0.5114,0.1278,GREEN,54,Kolkata
CLM0053372,KOL_07992,Sealdah,2016-11-26,17,0,0,0,0,0,0,0,0,0,0.0,0.252552,0,0.0,0,346,3,3,0.8065,0.0854,GREEN,29,Kolkata
CLM0053373,KOL_06106,Park Street,2021-07-03,10,0,0,0,0,0,0,1,0,0,1.0,0.227959,0,0.0,0,285,1,3,0.7996,0.1323,GREEN,47,Kolkata
CLM0053374,KOL_04092,Garia,2021-03-06,17,0,0,0,0,0,0,0,0,0,0.0,0.308944,0,0.0,0,420,2,1,0.6002,0.077,GREEN,35,Kolkata
CLM0053375,KOL_07249,Garia,2024-03-06,14,0,0,0,0,0,1,0,0,0,0.0,0.0,0,0.0,0,222,2,1,0.5648,0.0468,GREEN,43,Kolkata
CLM0053376,KOL_04204,Dum Dum,2025-02-15,10,0,0,0,0,0,0,0,0,0,0.0,0.031463,0,0.0,0,207,3,0,0.9235,0.0,GREEN,35,Kolkata
CLM0053377,KOL_04729,Garia,2023-11-15,18,0,0,0,0,0,0,0,0,0,0.0,0.975527,0,0.0,0,110,3,5,0.9494,0.1406,GREEN,42,Kolkata
CLM0053378,KOL_05805,Tollygunge,2016-11-01,21,0,0,0,1,1,0,1,1,1,0.0,1.0,0,1.0,0,13,4,18,0.1924,0.0654,GREEN,28,Kolkata
CLM0053379,KOL_01818,Salt Lake,2020-06-04,14,0,0,0,0,0,0,0,0,0,0.0,0.098163,0,0.0,0,257,2,0,0.6062,0.0,GREEN,26,Kolkata
CLM0053380,KOL_06878,Tollygunge,2017-01-04,18,0,0,0,0,0,0,0,0,0,0.0,0.127938,0,0.0,0,136,2,1,0.5347,0.0202,GREEN,41,Kolkata
CLM0053381,KOL_07394,Tollygunge,2025-01-06,10,0,0,0,0,0,0,0,0,0,0.0,0.082134,0,0.0,0,249,1,3,0.5548,0.0274,GREEN,35,Kolkata
CLM0053382,KOL_07049,Behala,2022-01-22,18,0,0,0,0,0,0,0,0,0,0.0,0.107683,0,0.0,0,169,2,0,0.8933,0.1875,GREEN,43,Kolkata
CLM0053383,KOL_05538,Dum Dum,2022-09-23,12,0,0,0,0,0,0,0,0,0,0.0,0.057233,0,1.0,0,420,1,2,0.98,0.0,GREEN,24,Kolkata
CLM0053384,KOL_07763,Salt Lake,2018-08-14,19,0,1,1,0,0,0,0,1,1,0.0,0.303035,0,0.0,0,343,1,4,0.7595,0.1804,GREEN,37,Kolkata
CLM0053385,KOL_05645,Howrah,2017-05-05,20,0,0,0,0,0,0,0,0,0,0.0,0.063446,0,0.0,0,99,4,1,0.2313,0.0787,GREEN,18,Kolkata
CLM0053386,KOL_09978,Sealdah,2022-05-13,10,0,0,0,1,0,0,0,0,1,0.0,0.100598,0,0.0,0,301,2,8,0.8574,0.3025,GREEN,31,Kolkata
CLM0053387,KOL_09728,Esplanade,2023-07-14,10,0,0,0,0,0,0,0,0,0,0.0,0.165847,0,0.0,0,51,4,2,0.4607,0.0,GREEN,39,Kolkata
CLM0053388,KOL_06205,Sealdah,2022-01-14,13,0,0,0,0,0,0,0,0,0,0.0,0.080023,0,0.0,0,222,2,6,0.6262,0.0,GREEN,27,Kolkata
CLM0053389,KOL_02108,Park Street,2019-05-06,20,0,0,0,0,0,0,0,0,0,0.0,0.181551,0,0.0,0,226,2,0,0.534,0.0,GREEN,26,Kolkata
CLM0053390,KOL_07613,Dum Dum,2023-11-04,10,0,0,0,0,0,0,0,0,0,1.0,0.915774,0,1.0,0,196,0,0,0.98,0.0,GREEN,47,Kolkata
CLM0053391,KOL_01054,Sealdah,2024-12-31,19,0,0,0,0,0,0,0,0,0,1.0,1.0,0,1.0,0,104,3,6,0.7952,0.0294,GREEN,25,Kolkata
CLM0053392,KOL_09309,Sealdah,2024-11-06,19,0,0,0,0,0,0,0,0,0,0.0,0.247735,0,0.0,0,215,0,3,0.5369,0.0394,GREEN,30,Kolkata
CLM0053393,KOL_07560,New Town,2022-12-15,20,0,0,0,0,1,0,0,0,0,0.0,0.175565,0,0.0,0,253,3,5,0.05,0.121,GREEN,21,Kolkata
CLM0053394,KOL_07776,Tollygunge,2024-10-27,18,0,0,0,1,0,0,1,1,0,1.0,1.0,0,0.0,1,23,1,13,0.0768,0.0088,GREEN,38,Kolkata
CLM0053395,KOL_05123,Sealdah,2024-04-24,7,0,0,0,0,0,0,0,0,0,0.0,0.110913,1,0.0,0,310,1,3,0.7712,0.1232,GREEN,31,Kolkata
CLM0053396,KOL_02313,Dum Dum,2022-07-28,21,0,0,0,0,0,1,0,0,0,0.0,0.319456,0,0.0,0,173,4,0,0.1987,0.1545,GREEN,35,Kolkata
CLM0053397,KOL_01344,Sealdah,2025-03-08,16,0,0,0,0,0,0,0,0,0,1.0,0.272208,0,0.0,0,250,1,2,0.5392,0.0601,GREEN,41,Kolkata
CLM0053398,KOL_01325,Park Street,2022-12-19,14,0,0,0,0,0,0,0,0,0,0.0,1.0,0,0.0,0,51,4,2,0.8465,0.0571,GREEN,48,Kolkata
CLM0053399,KOL_05455,Howrah,2025-05-07,9,0,0,0,0,1,0,0,0,0,0.0,0.101472,0,1.0,0,315,0,6,0.8949,0.1546,GREEN,24,Kolkata
CLM0053400,KOL_01525,New Town,2024-06-29,20,0,0,0,0,0,0,0,0,0,0.0,0.243015,0,0.0,0,270,1,3,0.6581,0.0,GREEN,52,Kolkata
CLM0053401,KOL_03177,Garia,2025-05-22,10,0,0,0,0,0,0,0,0,0,0.0,0.0,0,0.0,0,420,0,0,0.6758,0.0354,GREEN,41,Kolkata
CLM0053402,KOL_06531,New Town,2025-04-18,13,0,0,0,0,1,0,0,0,0,1.0,0.049336,0,0.0,0,197,0,1,0.6018,0.1591,GREEN,28,Kolkata
CLM0053403,KOL_04817,New Town,2021-10-22,21,0,0,0,0,0,0,0,1,0,0.0,0.112103,0,0.0,0,420,2,0,0.7896,0.0352,GREEN,25,Kolkata
CLM0053404,KOL_06678,Sealdah,2024-09-26,11,0,0,0,0,0,1,0,0,0,0.0,0.0,0,0.0,1,321,0,4,0.6213,0.1795,GREEN,27,Kolkata
CLM0053405,KOL_02732,Tollygunge,2022-05-15,19,0,0,0,0,0,0,0,0,0,0.0,0.143691,0,0.0,0,420,4,0,0.678,0.0797,GREEN,44,Kolkata
CLM0053406,KOL_08610,Park Street,2024-01-20,9,0,0,0,0,0,0,0,0,0,0.0,0.158053,0,0.0,0,92,1,0,0.1187,0.0,GREEN,29,Kolkata
CLM0053407,KOL_06862,Dum Dum,2021-12-09,20,0,0,0,0,0,1,0,0,0,0.0,0.941161,0,0.0,0,163,2,6,0.9293,0.0701,GREEN,51,Kolkata
CLM0053408,KOL_05890,New Town,2019-11-20,16,0,0,0,0,0,0,1,0,0,1.0,0.283682,0,0.0,0,202,2,3,0.6641,0.3189,YELLOW,30,Kolkata
CLM0053409,KOL_09915,Esplanade,2024-09-02,12,0,0,0,0,0,1,0,0,0,0.0,0.009953,0,0.0,0,281,0,5,0.1277,0.1906,GREEN,39,Kolkata
CLM0053410,KOL_03440,Park Street,2019-08-03,14,0,0,0,0,0,0,0,0,0,0.0,0.102694,0,0.0,0,55,2,3,0.704,0.0,GREEN,45,Kolkata
CLM0053411,KOL_09015,New Town,2024-06-06,19,0,0,0,0,0,0,0,0,0,1.0,0.155406,1,0.0,0,273,2,3,0.1201,0.0479,GREEN,32,Kolkata
CLM0053412,KOL_04555,Esplanade,2023-12-19,17,0,0,0,0,0,0,0,0,0,0.0,0.141374,0,0.0,0,359,2,0,0.9028,0.0,GREEN,47,Kolkata
CLM0053413,KOL_08280,Sealdah,2023-12-15,13,0,0,0,0,0,0,0,1,0,0.0,0.142905,0,0.0,0,67,1,3,0.6676,0.0619,GREEN,25,Kolkata
CLM0053414,KOL_07499,Howrah,2018-11-18,11,0,0,0,0,0,0,0,0,0,0.0,0.221123,0,0.0,0,197,0,1,0.0737,0.0121,GREEN,38,Kolkata
CLM0053415,KOL_02932,Dum Dum,2025-07-23,15,0,0,0,0,0,0,0,0,0,0.0,0.17583,0,0.0,0,299,3,0,0.5795,0.0967,GREEN,50,Kolkata
CLM0053416,KOL_07743,New Town,2020-11-27,10,0,0,0,0,1,1,1,0,0,0.0,0.239108,0,0.0,0,420,3,4,0.234,0.2527,GREEN,37,Kolkata
CLM0053417,KOL_00199,Dum Dum,2024-02-21,16,0,0,0,0,0,0,0,0,0,1.0,0.929832,0,0.0,0,284,3,5,0.7429,0.0118,GREEN,40,Kolkata
CLM0053418,KOL_07384,Behala,2018-05-07,18,0,0,0,0,0,0,0,0,0,0.0,0.129077,0,0.0,0,369,4,3,0.8428,0.0,GREEN,50,Kolkata
CLM0053419,KOL_05198,New Town,2022-06-12,8,0,0,0,0,0,0,0,0,0,0.0,0.155017,0,0.0,0,89,2,3,0.652,0.0,GREEN,43,Kolkata
CLM0053420,KOL_05603,Esplanade,2024-10-14,18,0,0,0,0,0,0,0,0,0,0.0,0.034391,0,0.0,0,139,0,4,0.98,0.0,GREEN,23,Kolkata
CLM0053421,KOL_03515,Howrah,2017-10-13,13,0,0,0,0,0,0,0,0,0,0.0,0.2151,0,0.0,0,94,3,2,0.6826,0.0486,GREEN,28,Kolkata
CLM0053422,KOL_07426,Sealdah,2021-01-21,12,0,0,0,0,0,0,0,0,0,0.0,0.081596,0,0.0,0,348,4,0,0.6842,0.0,GREEN,42,Kolkata
CLM0053423,KOL_02991,Garia,2021-02-17,7,0,0,0,0,0,0,0,0,0,0.0,0.116402,0,0.0,0,252,2,0,0.5823,0.0739,GREEN,54,Kolkata
CLM0053424,KOL_08015,Dum Dum,2024-12-31,18,0,0,0,0,0,0,0,0,0,0.0,0.264112,0,0.0,0,420,0,0,0.6943,0.0,GREEN,18,Kolkata
CLM0053425,KOL_07432,Dum Dum,2020-08-07,18,0,0,0,1,0,0,0,0,0,0.0,0.211222,0,0.0,0,38,0,3,0.8657,0.1523,GREEN,34,Kolkata
CLM0053426,KOL_08662,Park Street,2020-12-13,8,0,0,0,0,0,0,0,0,0,0.0,0.0,0,0.0,0,57,4,0,0.0705,0.0229,GREEN,43,Kolkata
CLM0053427,KOL_06598,Howrah,2020-07-07,14,0,0,0,0,0,0,0,0,0,0.0,0.416546,0,0.0,0,420,0,5,0.1589,0.0,GREEN,49,Kolkata
CLM0053428,KOL_06321,Dum Dum,2024-02-01,18,0,0,0,0,0,0,0,0,0,0.0,0.347532,0,0.0,0,415,0,4,0.98,0.0708,GREEN,40,Kolkata
CLM0053429,KOL_04136,Dum Dum,2024-04-20,19,0,0,0,1,1,1,1,0,1,1.0,1.0,1,1.0,1,20,3,12,0.4137,0.0267,GREEN,18,Kolkata
CLM0053430,KOL_04462,Howrah,2023-11-25,14,0,0,0,0,0,1,0,0,0,0.0,0.446462,0,0.0,0,397,1,0,0.8409,0.1897,GREEN,44,Kolkata
CLM0053431,KOL_07262,Esplanade,2021-06-08,14,0,0,0,0,0,0,0,1,0,0.0,0.290019,0,0.0,0,167,3,0,0.7848,0.063,GREEN,40,Kolkata
CLM0053432,KOL_08799,Sealdah,2025-02-24,14,0,0,0,0,0,0,0,0,0,0.0,0.040216,0,0.0,0,39,1,4,0.8241,0.0,GREEN,29,Kolkata
CLM0053433,KOL_09610,Howrah,2025-05-13,21,0,0,0,0,0,0,0,0,0,0.0,0.183536,0,0.0,0,43,2,0,0.8867,0.0321,GREEN,42,Kolkata
CLM0053434,KOL_07179,Howrah,2024-11-11,17,1,0,0,0,0,0,0,0,1,0.0,1.0,0,0.0,0,57,4,2,0.4657,0.1109,GREEN,21,Kolkata
CLM0053435,KOL_08229,Tollygunge,2024-02-05,19,0,0,0,0,0,0,1,1,0,1.0,0.170899,0,0.0,0,109,4,0,0.4935,0.1998,GREEN,36,Kolkata
CLM0053436,KOL_02062,Garia,2025-11-30,9,0,0,0,0,0,0,1,0,1,0.0,0.405599,0,0.0,0,160,2,5,0.7436,0.1702,GREEN,31,Kolkata
CLM0053437,KOL_05426,Salt Lake,2024-08-29,8,0,0,0,0,0,0,0,0,0,0.0,0.0,0,0.0,0,49,1,0,0.4106,0.0,GREEN,27,Kolkata
CLM0053438,KOL_08555,New Town,2021-10-11,15,0,1,1,0,0,0,0,0,0,0.0,0.334546,0,0.0,0,407,2,2,0.7929,0.0429,GREEN,36,Kolkata
CLM0053439,KOL_02697,New Town,2023-03-27,17,0,0,0,0,0,0,0,0,0,0.0,0.98437,0,0.0,0,229,1,1,0.6217,0.0,GREEN,34,Kolkata
CLM0053440,KOL_08855,Tollygunge,2022-05-12,19,0,0,0,0,0,0,0,0,0,0.0,0.0,0,0.0,0,49,3,2,0.8816,0.0749,GREEN,51,Kolkata
CLM0053441,KOL_03047,Park Street,2023-11-01,21,0,0,0,0,0,0,0,0,0,0.0,0.317853,0,0.0,0,99,0,2,0.2134,0.0,GREEN,22,Kolkata
CLM0053442,KOL_01937,Sealdah,2023-11-15,7,0,0,0,0,0,0,0,0,0,0.0,0.213929,0,0.0,0,420,3,2,0.8389,0.0191,GREEN,48,Kolkata
CLM0053443,KOL_00643,Sealdah,2023-09-01,19,0,0,0,0,0,0,0,0,0,0.0,0.171566,0,0.0,0,354,2,4,0.7901,0.0546,GREEN,45,Kolkata
CLM0053444,KOL_07962,Howrah,2023-01-13,19,0,0,0,0,0,0,0,0,0,0.0,0.223893,0,1.0,0,211,1,4,0.8524,0.0552,GREEN,42,Kolkata
CLM0053445,KOL_03918,Salt Lake,2023-09-22,8,0,0,0,1,1,1,1,1,0,1.0,0.992414,1,0.0,1,5,3,18,0.2484,0.0,GREEN,44,Kolkata
CLM0053446,KOL_02809,Park Street,2023-02-03,10,0,0,0,0,0,1,1,0,0,1.0,0.005521,0,0.0,0,204,2,0,0.6355,0.229,GREEN,24,Kolkata
CLM0053447,KOL_05650,Behala,2025-07-23,7,0,0,0,0,0,1,0,0,0,0.0,0.361876,0,0.0,0,369,1,0,0.9123,0.031,GREEN,18,Kolkata
CLM0053448,KOL_04663,New Town,2020-11-01,7,0,0,0,0,0,0,0,0,0,0.0,0.320439,0,0.0,0,402,3,0,0.4926,0.1051,GREEN,52,Kolkata
CLM0053449,KOL_02495,Garia,2024-09-30,17,0,0,0,0,0,0,0,0,0,0.0,1.0,0,0.0,0,67,3,0,0.6962,0.1484,GREEN,31,Kolkata
CLM0053450,KOL_03249,New Town,2020-08-12,17,0,0,0,0,1,0,0,0,0,0.0,0.31053,0,0.0,0,151,4,3,0.4344,0.0574,GREEN,33,Kolkata
CLM0053451,KOL_05791,Behala,2024-11-01,15,0,0,0,0,0,0,0,0,0,0.0,0.246877,0,0.0,0,217,4,5,0.7315,0.0,GREEN,29,Kolkata
CLM0053452,KOL_08095,Howrah,2024-11-21,9,0,0,0,0,0,0,0,0,0,0.0,0.067856,0,0.0,0,382,4,4,0.7772,0.0,GREEN,23,Kolkata
CLM0053453,KOL_06315,Tollygunge,2024-08-11,18,0,0,0,0,0,0,0,0,0,0.0,0.912146,0,0.0,0,267,3,0,0.5396,0.0296,GREEN,18,Kolkata
CLM0053454,KOL_02477,Esplanade,2023-11-23,11,0,0,0,0,0,0,0,0,0,0.0,0.869048,0,0.0,0,420,1,2,0.8097,0.0,GREEN,33,Kolkata
CLM0053455,KOL_01135,Sealdah,2024-03-13,16,0,0,0,0,0,0,0,0,0,0.0,0.125405,1,0.0,0,420,2,3,0.98,0.0397,GREEN,23,Kolkata
CLM0053456,KOL_03284,Garia,2025-05-25,15,0,0,0,1,0,0,0,1,0,0.0,0.097136,0,0.0,0,420,4,3,0.6074,0.2025,GREEN,34,Kolkata
CLM0053457,KOL_01429,Park Street,2024-04-03,16,0,0,0,0,0,1,0,0,0,1.0,0.241397,0,0.0,0,302,1,2,0.7244,0.2519,GREEN,34,Kolkata
CLM0053458,KOL_05538,Dum Dum,2024-08-12,17,0,0,0,0,0,0,0,0,0,0.0,0.412069,0,0.0,0,94,0,0,0.625,0.0221,GREEN,24,Kolkata
CLM0053459,KOL_02974,Tollygunge,2024-07-27,7,0,0,0,0,0,0,0,0,0,0.0,0.349796,1,0.0,0,60,3,2,0.98,0.0765,GREEN,32,Kolkata
CLM0053460,KOL_01539,New Town,2023-12-07,12,0,0,0,0,0,0,0,0,0,0.0,0.182677,0,0.0,0,309,2,0,0.7443,0.0274,GREEN,41,Kolkata
CLM0053461,KOL_02267,Salt Lake,2025-02-17,20,0,0,0,0,0,1,0,0,0,0.0,0.333179,0,0.0,0,420,3,0,0.5565,0.0232,GREEN,43,Kolkata
CLM0053462,KOL_02217,Garia,2023-09-16,16,0,0,0,0,0,0,0,0,0,0.0,0.137832,0,0.0,0,139,0,2,0.1839,0.0163,GREEN,50,Kolkata
CLM0053463,KOL_02760,Garia,2024-10-07,20,0,0,0,0,0,1,1,0,0,0.0,0.08395,1,0.0,1,12,4,18,0.98,0.3307,YELLOW,40,Kolkata
CLM0053464,KOL_09012,Salt Lake,2022-02-07,10,0,0,0,0,1,0,0,1,0,0.0,0.203443,0,0.0,0,420,2,2,0.2106,0.2555,GREEN,32,Kolkata
CLM0053465,KOL_09320,Salt Lake,2023-09-19,12,0,0,0,0,0,1,0,0,0,0.0,0.408556,0,0.0,0,420,3,0,0.6201,0.0906,GREEN,20,Kolkata
CLM0053466,KOL_07025,Salt Lake,2023-02-20,18,0,0,0,0,0,0,0,0,0,1.0,0.347455,0,0.0,0,318,1,6,0.3848,0.2017,GREEN,39,Kolkata
CLM0053467,KOL_00104,Park Street,2021-10-15,10,0,0,0,0,0,0,0,1,0,0.0,0.144995,0,0.0,0,91,1,3,0.1561,0.088,GREEN,20,Kolkata
CLM0053468,KOL_02948,Sealdah,2024-05-14,17,0,0,0,0,0,1,0,0,0,1.0,0.225564,0,0.0,0,420,2,2,0.8137,0.1678,GREEN,24,Kolkata
CLM0053469,KOL_08638,Sealdah,2025-02-27,11,0,0,0,0,0,0,1,0,0,0.0,0.263191,0,0.0,0,142,0,0,0.6499,0.0538,GREEN,22,Kolkata
CLM0053470,KOL_01385,Esplanade,2023-08-13,17,0,0,0,0,0,0,0,1,0,0.0,0.159534,0,0.0,0,377,3,0,0.6795,0.1403,GREEN,38,Kolkata
CLM0053471,KOL_01201,Sealdah,2023-08-01,7,0,0,0,0,0,0,0,0,1,0.0,0.0,0,1.0,0,145,0,3,0.8645,0.1745,GREEN,50,Kolkata
CLM0053472,KOL_08533,Behala,2025-03-06,12,0,0,0,0,0,0,0,0,0,0.0,0.253516,0,0.0,0,197,4,3,0.7202,0.0457,GREEN,44,Kolkata
CLM0053473,KOL_08745,Sealdah,2025-10-11,20,0,0,0,0,0,0,0,0,0,0.0,0.110348,0,0.0,0,351,2,1,0.7287,0.0,GREEN,49,Kolkata
CLM0053474,KOL_03275,Sealdah,2024-03-23,8,0,0,0,0,0,0,0,0,0,0.0,0.092664,0,0.0,0,420,0,1,0.3018,0.0,GREEN,47,Kolkata
CLM0053475,KOL_01509,Sealdah,2025-10-26,12,0,1,1,0,1,0,1,1,1,1.0,0.988253,0,0.0,0,12,1,18,0.3607,0.5162,YELLOW,42,Kolkata
CLM0053476,KOL_09720,Tollygunge,2024-06-01,17,0,1,1,1,1,0,1,0,1,0.0,0.123967,0,0.0,1,5,2,18,0.929,0.6078,YELLOW,48,Kolkata
CLM0053477,KOL_08053,Howrah,2024-08-03,11,0,1,1,1,1,0,1,1,1,1.0,1.0,1,0.0,1,18,2,18,0.1415,0.7284,RED,23,Kolkata
CLM0053478,KOL_06866,Park Street,2023-06-21,20,0,1,1,1,1,0,0,1,1,0.0,0.086727,0,0.0,0,13,0,18,0.8502,0.6029,YELLOW,53,Kolkata
CLM0053479,KOL_09158,Behala,2024-11-10,19,0,1,1,0,0,0,1,1,1,0.0,0.082453,0,0.0,1,61,2,18,0.8341,0.6269,RED,18,Kolkata
CLM0053480,KOL_05096,Howrah,2025-04-23,21,0,1,1,0,1,1,0,1,1,0.0,0.455127,0,1.0,1,5,0,18,0.1225,0.7927,RED,27,Kolkata
CLM0053481,KOL_06062,Esplanade,2023-12-17,14,0,1,1,1,1,1,0,1,0,0.0,0.066777,1,0.0,0,46,1,18,0.9661,0.6812,RED,50,Kolkata
CLM0053482,KOL_07025,Salt Lake,2025-10-20,18,0,1,1,0,1,0,1,1,1,1.0,0.032252,0,1.0,0,5,1,18,0.3377,0.6357,RED,39,Kolkata
CLM0053483,KOL_06537,Garia,2025-01-20,8,0,1,1,0,1,0,1,1,0,0.0,0.086222,0,0.0,0,10,2,18,0.98,0.3838,YELLOW,31,Kolkata
CLM0053484,KOL_08122,Tollygunge,2023-06-17,15,0,1,1,0,0,1,1,1,1,0.0,0.066126,0,0.0,0,5,1,18,0.9631,0.6061,YELLOW,40,Kolkata
CLM0053485,KOL_02476,Park Street,2023-12-31,8,0,1,1,1,0,0,1,1,0,0.0,0.070655,0,0.0,0,5,0,18,0.775,0.4062,YELLOW,49,Kolkata
CLM0053486,KOL_02922,Tollygunge,2022-10-10,16,0,0,0,0,0,0,0,0,0,0.0,0.994299,0,0.0,1,384,2,3,0.05,0.03,GREEN,44,Kolkata
CLM0053487,KOL_02823,Salt Lake,2023-01-15,15,0,0,0,1,1,0,1,1,1,1.0,0.862342,0,0.0,0,5,1,18,0.2703,0.1457,GREEN,31,Kolkata
CLM0053488,KOL_04074,Esplanade,2023-08-15,18,0,0,0,0,0,0,0,0,0,0.0,0.198191,0,0.0,0,280,0,2,0.05,0.0431,GREEN,25,Kolkata
CLM0053489,KOL_02079,Park Street,2020-04-07,19,0,0,0,1,0,0,0,0,0,0.0,0.510676,0,0.0,0,37,4,2,0.6804,0.2059,GREEN,45,Kolkata
CLM0053490,KOL_03334,Dum Dum,2025-07-19,7,0,0,0,0,0,0,0,0,0,1.0,0.0,0,0.0,0,73,3,2,0.834,0.0468,GREEN,35,Kolkata
CLM0053491,KOL_06567,Salt Lake,2022-07-23,18,0,0,0,0,0,0,0,0,0,0.0,0.317805,0,0.0,0,326,4,0,0.6809,0.0,GREEN,34,Kolkata
CLM0053492,KOL_08468,New Town,2022-09-01,15,0,0,0,0,0,0,0,0,0,0.0,0.964523,0,0.0,0,420,0,6,0.2432,0.0,GREEN,39,Kolkata
CLM0053493,KOL_01531,Dum Dum,2020-02-06,13,0,0,0,0,0,0,0,0,0,0.0,0.350148,0,0.0,0,57,3,3,0.5689,0.0,GREEN,39,Kolkata
CLM0053494,KOL_08222,Salt Lake,2020-07-25,14,0,0,0,0,0,0,0,0,0,0.0,0.109076,0,0.0,0,100,3,8,0.8417,0.0,GREEN,19,Kolkata
CLM0053495,KOL_01039,Garia,2023-10-29,17,0,0,0,0,1,0,1,1,0,0.0,0.981027,1,1.0,0,37,0,18,0.78,0.0496,GREEN,20,Kolkata
CLM0053496,KOL_05321,Howrah,2020-05-25,20,0,0,0,0,0,1,0,0,0,0.0,0.286804,0,0.0,0,128,1,7,0.8918,0.0887,GREEN,27,Kolkata
CLM0053497,KOL_04324,New Town,2021-05-02,13,0,0,0,1,0,0,0,0,0,0.0,0.431637,0,0.0,0,209,1,0,0.6538,0.2063,GREEN,41,Kolkata
CLM0053498,KOL_09937,Dum Dum,2022-03-30,14,0,0,0,0,1,0,0,1,0,0.0,0.230172,0,0.0,0,331,3,0,0.7816,0.2835,GREEN,45,Kolkata
CLM0053499,KOL_07293,Tollygunge,2025-07-12,17,0,0,0,0,0,0,0,0,0,0.0,0.183488,0,0.0,0,24,3,4,0.4549,0.0,GREEN,34,Kolkata
CLM0053500,KOL_07572,Park Street,2018-09-18,12,0,0,0,0,0,0,0,0,0,0.0,0.011222,0,0.0,0,420,4,1,0.9334,0.0,GREEN,36,Kolkata
CLM0053501,KOL_04312,Dum Dum,2024-11-24,18,0,0,0,0,0,0,0,0,0,0.0,0.091886,0,0.0,0,326,1,0,0.2573,0.0767,GREEN,25,Kolkata
CLM0053502,KOL_05835,Garia,2024-12-18,19,0,0,0,0,0,0,0,0,0,0.0,0.194173,0,0.0,0,252,0,1,0.7307,0.0403,GREEN,35,Kolkata
CLM0053503,KOL_03473,Behala,2022-11-23,14,0,0,0,0,0,0,0,0,0,0.0,0.210803,0,0.0,0,398,3,5,0.05,0.0125,GREEN,28,Kolkata
CLM0053504,KOL_05983,Esplanade,2016-11-13,16,0,0,0,0,1,0,0,1,0,0.0,0.178212,0,0.0,0,162,4,2,0.7683,0.1612,GREEN,41,Kolkata
CLM0053505,KOL_09350,Dum Dum,2017-05-09,14,0,0,0,0,0,0,0,0,0,0.0,0.195357,0,1.0,0,237,4,0,0.5823,0.0099,GREEN,41,Kolkata
CLM0053506,KOL_08060,Behala,2022-12-07,18,0,0,0,0,0,0,0,1,0,0.0,0.160724,0,0.0,0,420,0,2,0.794,0.1064,GREEN,40,Kolkata
CLM0053507,KOL_02296,Tollygunge,2017-10-13,11,0,0,0,0,0,1,1,1,1,0.0,0.293317,0,1.0,0,42,1,18,0.3434,0.1773,GREEN,34,Kolkata
CLM0053508,KOL_01783,Park Street,2025-11-16,13,0,0,0,0,0,0,0,0,0,0.0,0.243245,0,0.0,0,151,3,2,0.6359,0.0385,GREEN,26,Kolkata
CLM0053509,KOL_06650,Garia,2025-08-15,13,0,0,0,0,0,0,0,0,0,0.0,0.109513,0,1.0,0,252,3,0,0.4153,0.0,GREEN,18,Kolkata
CLM0053510,KOL_06359,Park Street,2025-04-07,11,0,0,0,0,0,0,0,0,0,0.0,0.231052,0,0.0,0,420,1,3,0.8276,0.0107,GREEN,53,Kolkata
CLM0053511,KOL_03644,Esplanade,2024-10-15,13,0,0,0,0,0,0,0,0,0,0.0,0.899313,0,0.0,0,144,3,2,0.8646,0.0705,GREEN,39,Kolkata
CLM0053512,KOL_03533,Howrah,2024-06-12,9,0,0,0,0,0,0,0,0,0,0.0,0.414914,0,0.0,0,95,3,0,0.7794,0.0126,GREEN,31,Kolkata
CLM0053513,KOL_06978,Behala,2025-02-07,11,0,0,0,1,0,0,0,0,0,0.0,0.416122,0,0.0,0,55,3,2,0.6559,0.1509,GREEN,39,Kolkata
CLM0053514,KOL_01497,Park Street,2025-03-20,10,0,0,0,0,1,0,1,0,1,0.0,0.15682,0,1.0,1,5,2,18,0.9742,0.209,GREEN,18,Kolkata
CLM0053515,KOL_08599,Tollygunge,2025-04-19,9,0,0,0,0,0,1,0,0,0,0.0,1.0,0,0.0,0,301,0,2,0.4312,0.142,GREEN,37,Kolkata
CLM0053516,KOL_05027,Park Street,2025-07-06,14,0,0,0,0,0,0,0,0,0,0.0,0.234054,0,0.0,0,365,1,0,0.5367,0.0432,GREEN,34,Kolkata
CLM0053517,KOL_04793,Esplanade,2025-06-04,21,0,0,0,0,0,0,0,0,0,1.0,0.88823,0,1.0,0,345,0,1,0.5685,0.1166,GREEN,29,Kolkata
CLM0053518,KOL_03653,Salt Lake,2024-05-12,16,0,0,0,0,0,1,0,0,0,0.0,0.0,0,0.0,0,385,2,3,0.98,0.0887,GREEN,45,Kolkata
CLM0053519,KOL_08371,New Town,2025-12-29,9,0,0,0,0,0,0,0,0,0,1.0,0.097652,0,0.0,0,345,4,3,0.0793,0.0489,GREEN,47,Kolkata
CLM0053520,KOL_01510,Park Street,2025-05-01,16,0,0,0,0,0,0,0,0,0,0.0,0.235291,0,0.0,0,304,3,1,0.7241,0.0,GREEN,40,Kolkata
CLM0053521,KOL_05672,Esplanade,2025-05-20,21,0,0,0,0,0,0,0,0,0,0.0,0.292451,0,0.0,0,260,1,0,0.7088,0.0207,GREEN,24,Kolkata
CLM0053522,KOL_00958,Howrah,2024-09-24,13,0,0,0,0,0,0,0,0,0,0.0,0.036427,0,0.0,0,267,2,0,0.98,0.0,GREEN,26,Kolkata
CLM0053523,KOL_09379,New Town,2025-09-16,13,0,0,0,0,1,0,0,0,0,0.0,0.358852,0,0.0,0,20,3,3,0.9581,0.1469,GREEN,49,Kolkata
CLM0053524,KOL_01098,Tollygunge,2025-09-11,7,0,0,0,0,0,0,0,0,0,0.0,0.956719,0,0.0,0,128,2,1,0.6627,0.0023,GREEN,25,Kolkata
CLM0053525,KOL_08792,Garia,2025-07-26,15,0,0,0,0,0,0,1,0,0,0.0,0.387596,0,0.0,0,74,0,1,0.6019,0.0405,GREEN,39,Kolkata
CLM0053526,KOL_02050,Tollygunge,2020-03-15,13,0,1,1,0,0,0,0,0,0,0.0,1.0,0,0.0,0,418,2,0,0.8037,0.0,GREEN,45,Kolkata
CLM0053527,KOL_04862,Garia,2020-05-30,20,0,0,0,0,1,0,1,0,1,0.0,0.923841,0,1.0,1,19,3,18,0.8859,0.0911,GREEN,40,Kolkata
CLM0053528,KOL_08332,Esplanade,2019-01-28,14,0,0,0,0,0,0,0,0,0,0.0,0.250457,0,0.0,0,420,3,1,0.6399,0.0,GREEN,27,Kolkata
CLM0053529,KOL_04476,Dum Dum,2023-06-27,7,0,0,0,0,0,0,0,0,0,0.0,0.373016,0,0.0,0,353,0,1,0.5144,0.0,GREEN,40,Kolkata
CLM0053530,KOL_00925,Dum Dum,2018-05-12,13,0,0,0,0,0,0,0,0,0,0.0,0.382379,0,0.0,1,231,3,0,0.9118,0.1112,GREEN,43,Kolkata
CLM0053531,KOL_08351,Sealdah,2024-01-09,11,0,0,0,0,0,0,0,0,0,0.0,0.175642,0,0.0,0,140,4,0,0.565,0.0,GREEN,51,Kolkata
CLM0053532,KOL_09084,Park Street,2018-12-19,15,0,0,0,0,0,1,0,0,0,0.0,0.066604,0,0.0,0,400,1,1,0.4852,0.1698,GREEN,51,Kolkata
CLM0053533,KOL_02801,Dum Dum,2021-04-11,16,0,0,0,0,1,0,0,0,0,0.0,1.0,0,0.0,0,420,4,4,0.8992,0.064,GREEN,37,Kolkata
CLM0053534,KOL_03496,Park Street,2022-07-15,14,0,0,0,0,0,1,0,0,0,0.0,0.043917,0,0.0,0,420,4,2,0.2556,0.1826,GREEN,46,Kolkata
CLM0053535,KOL_08026,Tollygunge,2025-05-26,14,0,0,0,0,0,0,0,1,0,0.0,0.433143,0,1.0,0,420,2,2,0.8652,0.134,GREEN,33,Kolkata
CLM0053536,KOL_00211,Howrah,2024-02-18,9,0,0,0,0,0,1,0,0,0,0.0,0.076451,0,0.0,0,420,0,0,0.5766,0.1652,GREEN,33,Kolkata
CLM0053537,KOL_02205,Park Street,2025-06-06,20,0,0,0,1,0,0,0,0,0,0.0,0.254502,0,0.0,0,102,0,4,0.0636,0.2309,GREEN,32,Kolkata
CLM0053538,KOL_04623,Esplanade,2025-03-13,13,0,0,0,0,0,0,0,0,0,0.0,0.353857,0,0.0,0,95,2,0,0.7482,0.2096,GREEN,33,Kolkata
CLM0053539,KOL_03014,Behala,2022-04-03,11,0,0,0,0,0,1,0,0,0,0.0,0.29882,0,0.0,0,274,3,0,0.7049,0.0897,GREEN,28,Kolkata
CLM0053540,KOL_03128,Park Street,2025-04-20,15,0,0,0,0,0,1,0,0,0,0.0,0.212591,0,1.0,0,312,1,3,0.8202,0.0736,GREEN,35,Kolkata
CLM0053541,KOL_09240,Howrah,2025-12-09,9,0,0,0,0,0,0,0,0,0,1.0,0.085627,0,1.0,0,366,2,2,0.7651,0.0305,GREEN,26,Kolkata
CLM0053542,KOL_09454,Esplanade,2021-03-08,18,0,1,1,0,0,0,0,0,0,0.0,0.079728,0,0.0,0,37,2,4,0.7521,0.0,GREEN,49,Kolkata
CLM0053543,KOL_02667,Esplanade,2023-04-05,15,0,0,0,1,1,0,1,0,1,0.0,0.062077,0,0.0,1,34,0,18,0.877,0.0,GREEN,18,Kolkata
CLM0053544,KOL_01465,Salt Lake,2023-03-17,10,0,0,0,0,0,0,0,0,0,0.0,0.194912,1,0.0,0,383,0,3,0.4188,0.1362,GREEN,49,Kolkata
CLM0053545,KOL_01590,Sealdah,2023-06-20,12,0,0,0,0,0,1,0,0,0,0.0,0.272087,0,0.0,0,420,0,3,0.8184,0.0394,GREEN,48,Kolkata
CLM0053546,KOL_09305,Howrah,2025-01-06,13,0,0,0,0,0,1,0,0,0,0.0,0.172094,0,0.0,0,132,3,4,0.6099,0.1309,GREEN,29,Kolkata
CLM0053547,KOL_01367,Behala,2025-04-03,8,0,0,0,0,0,0,0,1,1,0.0,0.097795,0,0.0,0,284,1,4,0.4906,0.2124,GREEN,37,Kolkata
CLM0053548,KOL_08658,Tollygunge,2024-10-15,11,0,0,0,0,0,0,0,0,0,0.0,0.350665,0,0.0,1,16,1,0,0.7733,0.1481,GREEN,36,Kolkata
CLM0053549,KOL_03370,Esplanade,2025-10-08,20,0,0,0,0,0,0,0,0,0,0.0,0.364878,0,0.0,0,140,1,1,0.9276,0.0,GREEN,23,Kolkata
CLM0053550,KOL_02192,Behala,2025-10-12,20,0,0,0,0,0,0,0,0,1,0.0,0.948753,0,0.0,0,292,2,2,0.1561,0.0567,GREEN,51,Kolkata
CLM0053551,KOL_08461,Behala,2024-07-04,12,0,0,0,1,1,0,1,1,0,0.0,0.924993,1,1.0,1,5,4,18,0.05,0.0,GREEN,46,Kolkata
CLM0053552,KOL_09738,Dum Dum,2024-09-23,16,0,0,0,1,0,0,1,1,0,1.0,0.199515,0,0.0,0,412,4,1,0.6669,0.3552,YELLOW,36,Kolkata
CLM0053553,KOL_07425,Esplanade,2025-07-17,15,0,0,0,0,0,0,0,0,0,0.0,0.9641,0,0.0,0,302,1,2,0.7236,0.0264,GREEN,21,Kolkata
CLM0053554,KOL_06116,Dum Dum,2025-02-19,13,0,0,0,0,0,0,0,0,0,0.0,1.0,0,0.0,0,145,4,0,0.3731,0.0,GREEN,42,Kolkata
CLM0053555,KOL_08296,Esplanade,2022-07-09,15,0,0,0,0,0,0,0,0,0,0.0,0.322709,0,0.0,0,37,1,3,0.05,0.0,GREEN,42,Kolkata
CLM0053556,KOL_09047,Esplanade,2019-02-26,8,0,0,0,1,1,0,1,1,0,1.0,0.235248,1,1.0,1,5,2,18,0.05,0.0,GREEN,38,Kolkata
CLM0053557,KOL_07674,New Town,2018-07-09,15,0,0,0,0,0,0,0,0,0,0.0,1.0,0,0.0,0,249,3,6,0.4875,0.0,GREEN,39,Kolkata
CLM0053558,KOL_09006,Behala,2024-03-20,17,0,0,0,0,0,0,0,0,0,0.0,0.287162,0,0.0,0,167,0,4,0.881,0.0879,GREEN,31,Kolkata
CLM0053559,KOL_07574,Behala,2023-12-09,16,0,0,0,0,0,0,0,0,0,0.0,0.226898,0,0.0,0,420,4,0,0.2036,0.0737,GREEN,40,Kolkata
CLM0053560,KOL_04133,Sealdah,2019-11-21,12,0,0,0,0,0,0,0,0,0,0.0,0.358778,0,0.0,0,420,0,3,0.9338,0.0538,GREEN,29,Kolkata
CLM0053561,KOL_04180,Garia,2020-04-16,16,0,0,0,0,0,0,0,1,1,0.0,0.277677,0,0.0,0,238,1,0,0.5562,0.1805,GREEN,25,Kolkata
CLM0053562,KOL_06433,Behala,2020-01-10,12,0,0,0,0,0,0,0,0,0,1.0,0.272968,0,0.0,0,420,3,2,0.5645,0.0824,GREEN,43,Kolkata
CLM0053563,KOL_09967,Garia,2021-08-15,11,0,0,0,0,0,0,0,0,0,0.0,0.0,0,0.0,0,129,3,0,0.8679,0.0613,GREEN,36,Kolkata
CLM0053564,KOL_01234,Behala,2015-12-18,15,0,0,0,0,0,0,0,0,0,0.0,0.229528,0,0.0,0,177,3,1,0.8161,0.0049,GREEN,31,Kolkata
CLM0053565,KOL_09633,Behala,2022-12-28,19,0,0,0,0,0,0,0,0,0,0.0,0.153822,0,0.0,0,420,2,7,0.6621,0.0089,GREEN,25,Kolkata
CLM0053566,KOL_02201,New Town,2025-01-28,16,0,0,0,0,0,0,0,0,0,0.0,0.096254,0,1.0,0,283,3,0,0.9721,0.1179,GREEN,34,Kolkata
CLM0053567,KOL_07559,Salt Lake,2023-07-20,15,0,0,0,0,0,0,0,0,0,0.0,0.433842,0,0.0,0,95,4,0,0.05,0.0344,GREEN,26,Kolkata
CLM0053568,KOL_08396,Dum Dum,2020-05-31,15,0,0,0,0,0,0,1,0,0,0.0,1.0,0,0.0,0,377,4,0,0.7852,0.1169,GREEN,18,Kolkata
CLM0053569,KOL_09434,Esplanade,2019-11-23,11,0,0,0,0,0,0,0,0,0,0.0,0.0,0,0.0,0,218,2,2,0.5699,0.0125,GREEN,53,Kolkata
CLM0053570,KOL_03041,Park Street,2023-11-23,14,0,0,0,0,0,0,0,0,0,0.0,0.116598,0,0.0,0,348,1,0,0.5131,0.0,GREEN,28,Kolkata
CLM0053571,KOL_02933,Esplanade,2016-03-06,19,0,0,0,0,0,0,0,0,0,0.0,0.315581,0,0.0,0,365,0,0,0.8492,0.0863,GREEN,38,Kolkata
CLM0053572,KOL_03113,Tollygunge,2025-06-26,16,0,0,0,0,0,0,0,0,0,0.0,0.353509,0,0.0,0,420,1,6,0.6823,0.0,GREEN,45,Kolkata
CLM0053573,KOL_05447,New Town,2020-08-21,7,0,0,0,0,0,0,1,0,0,0.0,0.0,0,0.0,0,247,4,4,0.7839,0.0259,GREEN,42,Kolkata
CLM0053574,KOL_00762,Park Street,2019-02-17,11,0,0,0,0,0,0,1,0,0,1.0,0.209276,0,1.0,0,196,4,2,0.9402,0.0698,GREEN,51,Kolkata
CLM0053575,KOL_00569,Garia,2020-10-24,10,0,0,0,0,0,0,0,0,0,0.0,0.260433,0,0.0,0,24,1,6,0.6486,0.2806,GREEN,20,Kolkata
CLM0053576,KOL_06149,Sealdah,2019-01-30,18,0,0,0,0,0,0,0,0,0,0.0,0.218126,0,1.0,0,120,2,0,0.7502,0.0572,GREEN,18,Kolkata
CLM0053577,KOL_05366,Sealdah,2017-12-15,15,0,0,0,0,0,0,0,0,0,0.0,0.05469,0,0.0,0,294,4,3,0.6069,0.0,GREEN,24,Kolkata
CLM0053578,KOL_03710,Dum Dum,2024-01-02,21,0,0,0,0,0,0,0,0,0,0.0,0.153667,0,0.0,0,420,1,0,0.9076,0.0,GREEN,29,Kolkata
CLM0053579,KOL_03735,New Town,2025-06-19,16,0,0,0,0,0,0,0,1,0,0.0,0.289927,0,0.0,0,358,0,0,0.7054,0.0,GREEN,34,Kolkata
CLM0053580,KOL_04957,Behala,2024-08-14,11,0,0,0,0,0,0,1,0,0,0.0,1.0,0,0.0,0,34,2,1,0.8389,0.0545,GREEN,30,Kolkata
CLM0053581,KOL_08596,Sealdah,2023-08-15,11,0,0,0,0,0,0,0,1,0,0.0,0.272335,0,0.0,0,343,2,0,0.8881,0.1981,GREEN,37,Kolkata
CLM0053582,KOL_09664,Tollygunge,2024-01-31,17,0,0,0,0,0,0,0,0,0,0.0,0.152547,0,0.0,0,94,1,0,0.4971,0.0,GREEN,24,Kolkata
CLM0053583,KOL_04217,Howrah,2023-08-18,14,0,0,0,0,0,0,0,0,0,0.0,0.198863,0,0.0,1,210,3,2,0.7724,0.0,GREEN,41,Kolkata
CLM0053584,KOL_01360,Garia,2023-03-15,12,0,0,0,0,0,0,1,0,0,0.0,0.2322,0,0.0,0,246,0,3,0.662,0.1418,GREEN,36,Kolkata
CLM0053585,KOL_07133,Garia,2024-08-13,10,0,0,0,0,0,0,1,0,0,0.0,0.273047,0,0.0,0,271,1,1,0.5436,0.1787,GREEN,18,Kolkata
CLM0053586,KOL_07637,Dum Dum,2025-01-29,14,0,0,0,0,0,0,0,0,0,0.0,0.303096,0,0.0,0,116,4,1,0.6886,0.0,GREEN,36,Kolkata
CLM0053587,KOL_02845,Sealdah,2025-05-17,7,0,0,0,0,0,0,0,0,0,0.0,0.049429,0,0.0,0,394,4,2,0.6342,0.0,GREEN,36,Kolkata
CLM0053588,KOL_03255,Park Street,2024-01-30,21,0,0,0,0,0,0,0,1,0,0.0,0.059063,0,0.0,0,142,2,1,0.3705,0.1163,GREEN,38,Kolkata
CLM0053589,KOL_08191,Sealdah,2022-01-29,10,0,0,0,0,0,0,0,0,0,0.0,0.131017,0,0.0,0,235,1,7,0.8734,0.0,GREEN,27,Kolkata
CLM0053590,KOL_07356,Howrah,2021-02-08,9,0,0,0,0,0,0,0,0,0,1.0,1.0,0,1.0,0,420,0,0,0.98,0.1553,GREEN,34,Kolkata
CLM0053591,KOL_08112,Sealdah,2020-10-14,19,0,0,0,0,0,0,0,1,0,0.0,0.467323,0,0.0,0,180,0,2,0.7543,0.1071,GREEN,44,Kolkata
CLM0053592,KOL_08749,Howrah,2022-06-15,19,0,0,0,0,0,0,0,0,0,0.0,0.186682,0,0.0,0,395,0,3,0.7854,0.0452,GREEN,35,Kolkata
CLM0053593,KOL_04072,Sealdah,2024-05-15,17,0,1,1,0,0,0,0,0,0,0.0,0.357988,0,0.0,0,341,1,4,0.9158,0.0531,GREEN,27,Kolkata
CLM0053594,KOL_04944,Garia,2023-07-03,14,0,0,0,0,0,0,0,0,0,1.0,1.0,0,1.0,0,407,2,1,0.7808,0.0075,GREEN,27,Kolkata
CLM0053595,KOL_06872,Behala,2020-07-05,14,0,0,0,0,0,0,0,0,0,0.0,0.004639,0,0.0,0,420,2,2,0.7433,0.0001,GREEN,31,Kolkata
CLM0053596,KOL_04655,Behala,2020-10-03,11,0,0,0,0,0,1,0,0,0,1.0,0.064806,0,0.0,0,348,2,1,0.5635,0.1893,GREEN,52,Kolkata
CLM0053597,KOL_02137,Sealdah,2023-05-30,7,0,0,0,0,0,0,0,0,0,0.0,0.988689,0,0.0,0,40,1,1,0.2725,0.0,GREEN,40,Kolkata
CLM0053598,KOL_09486,Garia,2016-06-18,9,0,0,0,0,0,0,0,0,0,0.0,0.271933,1,0.0,0,122,1,2,0.3642,0.062,GREEN,38,Kolkata
CLM0053599,KOL_09171,New Town,2022-01-10,15,0,0,0,0,0,0,0,0,0,0.0,0.256551,0,0.0,0,420,2,3,0.801,0.1073,GREEN,33,Kolkata
CLM0053600,KOL_03737,Behala,2018-12-23,13,0,0,0,0,1,1,1,1,1,1.0,0.0,0,1.0,1,23,4,18,0.1628,0.0362,GREEN,25,Kolkata
CLM0053601,KOL_08115,Dum Dum,2016-11-19,17,0,0,0,0,0,0,0,0,0,0.0,0.0,0,0.0,0,338,0,0,0.7012,0.1434,GREEN,25,Kolkata
CLM0053602,KOL_06581,New Town,2024-04-21,12,0,1,1,0,0,0,0,0,0,0.0,0.102995,0,0.0,0,204,3,5,0.9228,0.0296,GREEN,52,Kolkata
CLM0053603,KOL_08199,New Town,2020-04-20,7,0,0,0,0,0,0,0,0,0,0.0,0.094988,0,0.0,0,253,0,5,0.7846,0.0,GREEN,33,Kolkata
CLM0053604,KOL_08875,New Town,2021-09-02,11,0,0,0,0,0,0,0,0,0,0.0,0.071845,0,0.0,0,401,0,4,0.9656,0.0,GREEN,29,Kolkata
CLM0053605,KOL_04870,New Town,2021-01-19,15,0,0,0,0,0,0,0,0,0,0.0,0.227679,0,0.0,0,178,4,3,0.6095,0.0148,GREEN,40,Kolkata
CLM0053606,KOL_01657,Garia,2019-09-18,21,0,0,0,0,0,0,0,0,0,0.0,0.092902,0,0.0,0,70,4,6,0.8698,0.0381,GREEN,33,Kolkata
CLM0053607,KOL_07749,Park Street,2017-12-30,9,0,0,0,0,0,0,0,0,0,0.0,0.343086,0,0.0,0,307,3,0,0.6954,0.0,GREEN,35,Kolkata
CLM0053608,KOL_08172,Esplanade,2020-09-16,10,0,0,0,0,0,0,0,0,0,0.0,0.403215,0,0.0,0,420,0,9,0.8923,0.0,GREEN,32,Kolkata
CLM0053609,KOL_04307,Salt Lake,2018-07-17,20,0,0,0,0,0,0,0,0,0,0.0,0.347415,0,0.0,0,420,0,0,0.6774,0.0,GREEN,48,Kolkata
CLM0053610,KOL_06099,Salt Lake,2018-04-24,18,0,0,0,0,0,0,0,0,0,0.0,0.108303,0,0.0,0,420,3,2,0.6167,0.0059,GREEN,49,Kolkata
CLM0053611,KOL_01261,Esplanade,2024-09-01,19,0,0,0,1,0,0,0,0,0,1.0,0.950822,0,1.0,0,420,4,3,0.6275,0.2003,GREEN,36,Kolkata
CLM0053612,KOL_01090,Park Street,2024-03-17,21,0,0,0,0,0,0,1,1,0,1.0,0.957684,1,1.0,0,15,0,18,0.3145,0.1803,GREEN,26,Kolkata
CLM0053613,KOL_09426,New Town,2025-12-08,12,0,0,0,0,0,0,0,0,0,1.0,0.155334,0,0.0,0,70,4,2,0.9673,0.1058,GREEN,34,Kolkata
CLM0053614,KOL_07129,Park Street,2023-04-03,9,0,0,0,0,0,0,0,0,0,0.0,0.256083,0,0.0,0,394,1,0,0.5714,0.0111,GREEN,39,Kolkata
CLM0053615,KOL_05603,Esplanade,2023-08-15,11,0,0,0,0,0,0,0,0,0,0.0,0.207139,0,0.0,1,228,3,2,0.5835,0.0896,GREEN,23,Kolkata
CLM0053616,KOL_00593,New Town,2022-02-12,17,0,0,0,0,0,0,0,0,0,0.0,0.317317,0,0.0,0,229,2,0,0.5399,0.0,GREEN,42,Kolkata
CLM0053617,KOL_04848,Tollygunge,2025-01-16,12,0,0,0,0,0,0,0,0,0,1.0,0.382647,0,0.0,0,181,0,2,0.709,0.1055,GREEN,49,Kolkata
CLM0053618,KOL_02677,New Town,2022-01-21,18,0,0,0,0,0,0,0,0,0,1.0,0.121985,0,1.0,0,216,1,0,0.945,0.0316,GREEN,27,Kolkata
CLM0053619,KOL_05053,Howrah,2024-09-23,16,0,0,0,0,0,0,0,0,0,0.0,0.350832,0,0.0,0,328,1,3,0.0505,0.0,GREEN,32,Kolkata
CLM0053620,KOL_08266,Garia,2022-11-05,21,0,0,0,0,0,0,0,0,0,0.0,0.0,0,0.0,0,273,0,5,0.05,0.0,GREEN,49,Kolkata
CLM0053621,KOL_05125,Esplanade,2023-09-11,14,0,0,0,1,0,0,0,0,0,0.0,0.423124,0,0.0,0,420,1,0,0.9479,0.1593,GREEN,42,Kolkata
CLM0053622,KOL_08698,Salt Lake,2024-07-31,21,0,0,0,0,0,0,0,0,0,0.0,0.239981,0,0.0,0,189,2,4,0.5978,0.1536,GREEN,44,Kolkata
CLM0053623,KOL_06997,Dum Dum,2025-06-10,18,0,0,0,0,0,1,0,0,0,0.0,0.012888,0,0.0,1,230,1,0,0.3953,0.2556,GREEN,47,Kolkata
CLM0053624,KOL_01536,Salt Lake,2022-03-02,12,0,0,0,0,0,0,0,0,0,0.0,0.228158,0,0.0,0,145,1,4,0.6483,0.0,GREEN,36,Kolkata
CLM0053625,KOL_00927,Dum Dum,2025-07-27,20,0,0,0,0,0,0,0,0,0,0.0,0.005056,0,0.0,0,295,4,2,0.7737,0.0978,GREEN,39,Kolkata
CLM0053626,KOL_01097,Park Street,2020-12-12,10,0,0,0,0,0,0,0,0,0,0.0,0.250531,0,0.0,0,154,4,0,0.9422,0.0,GREEN,45,Kolkata
CLM0053627,KOL_03412,Tollygunge,2024-04-17,11,0,0,0,0,0,0,0,0,0,1.0,0.156517,1,0.0,0,189,4,4,0.6306,0.1453,GREEN,36,Kolkata
CLM0053628,KOL_01715,Sealdah,2019-09-13,15,0,0,0,0,1,0,0,0,0,0.0,0.328774,0,0.0,0,403,1,5,0.05,0.2072,GREEN,46,Kolkata
CLM0053629,KOL_03008,Behala,2023-01-16,8,0,0,0,0,0,0,0,0,0,1.0,0.110028,0,0.0,0,252,3,0,0.7097,0.2427,GREEN,39,Kolkata
CLM0053630,KOL_09505,Garia,2023-01-28,15,0,0,0,0,0,0,0,0,0,0.0,0.384277,0,0.0,1,151,3,2,0.8588,0.0,GREEN,54,Kolkata
CLM0053631,KOL_04137,Esplanade,2024-12-05,16,0,0,0,0,0,0,0,0,0,0.0,0.078945,0,0.0,0,100,0,3,0.9059,0.0662,GREEN,40,Kolkata
CLM0053632,KOL_06163,Garia,2024-12-29,18,0,0,0,0,0,1,0,0,0,0.0,0.298925,0,0.0,0,408,2,0,0.2868,0.163,GREEN,39,Kolkata
CLM0053633,KOL_03881,Behala,2024-08-16,10,0,0,0,0,0,0,0,0,0,0.0,0.475338,0,0.0,0,298,3,0,0.9244,0.0,GREEN,35,Kolkata
CLM0053634,KOL_06310,Behala,2025-09-08,9,0,0,0,0,0,0,0,1,0,0.0,0.979536,0,0.0,0,323,0,4,0.8561,0.0747,GREEN,26,Kolkata
CLM0053635,KOL_02328,Tollygunge,2023-07-16,21,0,0,0,0,0,0,0,0,0,0.0,0.009646,0,0.0,0,292,3,2,0.98,0.0,GREEN,38,Kolkata
CLM0053636,KOL_00467,Salt Lake,2025-02-06,11,0,0,0,0,0,0,0,0,0,0.0,0.930535,1,0.0,0,300,2,1,0.4506,0.0787,GREEN,43,Kolkata
CLM0053637,KOL_04691,Behala,2025-02-27,14,0,0,0,0,0,0,0,0,0,0.0,0.362578,0,0.0,0,80,2,4,0.98,0.0618,GREEN,37,Kolkata
CLM0053638,KOL_00793,Garia,2024-05-16,17,0,0,0,0,0,0,0,0,0,1.0,0.279326,0,0.0,0,185,0,2,0.6371,0.001,GREEN,37,Kolkata
CLM0053639,KOL_09824,Howrah,2018-04-03,18,0,0,0,0,0,0,0,0,0,0.0,0.053422,0,0.0,0,52,4,1,0.2552,0.0708,GREEN,32,Kolkata
CLM0053640,KOL_05134,Tollygunge,2023-12-26,12,0,0,0,0,0,0,0,0,0,0.0,0.132916,0,0.0,0,100,3,3,0.7282,0.0236,GREEN,52,Kolkata
CLM0053641,KOL_04393,Sealdah,2025-01-27,10,0,0,0,0,0,0,0,0,0,0.0,0.364692,0,1.0,1,141,1,4,0.8607,0.042,GREEN,34,Kolkata
CLM0053642,KOL_01500,Sealdah,2025-05-15,15,0,0,0,1,0,0,0,0,0,1.0,0.318576,0,0.0,0,106,1,1,0.164,0.1899,GREEN,51,Kolkata
CLM0053643,KOL_00168,New Town,2020-04-24,8,0,0,0,0,0,0,0,0,0,1.0,1.0,0,1.0,0,420,1,3,0.5929,0.1158,GREEN,35,Kolkata
CLM0053644,KOL_01603,Garia,2018-11-19,21,0,0,0,0,0,0,0,0,0,0.0,0.0,0,0.0,0,310,0,5,0.3719,0.165,GREEN,31,Kolkata
CLM0053645,KOL_02121,Salt Lake,2021-09-16,21,0,0,0,0,0,0,0,0,0,0.0,0.416019,0,0.0,0,415,4,4,0.9304,0.0,GREEN,44,Kolkata
CLM0053646,KOL_08596,Sealdah,2023-04-13,13,0,0,0,0,0,0,0,0,0,0.0,0.292317,1,0.0,0,241,4,1,0.4135,0.0763,GREEN,37,Kolkata
CLM0053647,KOL_02750,Esplanade,2018-11-01,11,0,0,0,0,0,0,0,0,0,0.0,0.268576,0,0.0,0,180,4,2,0.2137,0.0,GREEN,32,Kolkata
CLM0053648,KOL_05959,Garia,2025-09-02,15,0,1,1,0,0,0,0,0,0,0.0,0.309479,0,0.0,0,22,4,3,0.7911,0.0,GREEN,42,Kolkata
CLM0053649,KOL_02829,Dum Dum,2023-09-05,18,0,0,0,0,0,0,0,0,0,0.0,0.030303,0,0.0,0,20,3,5,0.8248,0.0403,GREEN,51,Kolkata
CLM0053650,KOL_02442,Dum Dum,2025-09-05,13,0,0,0,0,0,0,0,0,0,0.0,0.239465,0,0.0,1,420,3,0,0.8264,0.0,GREEN,31,Kolkata
CLM0053651,KOL_00820,Esplanade,2024-04-09,20,0,0,0,0,0,0,0,0,0,0.0,0.293756,0,1.0,0,52,4,0,0.8866,0.0506,GREEN,19,Kolkata
CLM0053652,KOL_09443,Esplanade,2020-02-26,15,0,0,0,0,0,0,0,0,0,0.0,0.325061,0,0.0,0,290,3,2,0.8379,0.0022,GREEN,36,Kolkata
CLM0053653,KOL_09591,Tollygunge,2023-01-21,13,0,0,0,0,0,0,0,0,0,0.0,0.278827,0,0.0,0,419,3,5,0.8284,0.0628,GREEN,28,Kolkata
CLM0053654,KOL_03935,Esplanade,2020-06-24,20,0,1,1,0,0,0,0,0,0,0.0,0.170158,0,0.0,0,365,3,4,0.6278,0.0997,GREEN,58,Kolkata
CLM0053655,KOL_00865,Garia,2023-04-01,15,0,0,0,0,0,0,0,0,0,0.0,0.074425,0,0.0,0,183,4,0,0.6947,0.0601,GREEN,38,Kolkata
CLM0053656,KOL_01914,Esplanade,2021-06-23,18,0,0,0,0,0,0,0,0,0,0.0,0.447752,0,0.0,0,153,2,2,0.772,0.0164,GREEN,41,Kolkata
CLM0053657,KOL_01012,Salt Lake,2019-04-09,19,0,0,0,0,0,0,0,0,0,0.0,0.312852,0,0.0,0,108,4,0,0.7031,0.0,GREEN,40,Kolkata
CLM0053658,KOL_07682,Park Street,2023-04-19,9,0,0,0,0,0,0,0,1,0,0.0,0.187413,0,0.0,0,265,2,2,0.8528,0.092,GREEN,42,Kolkata
CLM0053659,KOL_00726,Tollygunge,2025-06-29,10,0,0,0,0,0,0,0,0,0,0.0,0.409825,0,0.0,0,50,1,0,0.3167,0.0,GREEN,29,Kolkata
CLM0053660,KOL_05784,Park Street,2023-08-30,19,0,0,0,1,0,0,0,0,0,0.0,1.0,0,0.0,0,25,2,1,0.725,0.066,GREEN,33,Kolkata
CLM0053661,KOL_05298,Esplanade,2023-08-02,16,0,0,0,0,0,0,0,0,0,0.0,0.131309,0,0.0,0,30,0,1,0.4634,0.0105,GREEN,24,Kolkata
CLM0053662,KOL_02977,Park Street,2020-04-25,9,0,0,0,0,0,0,0,0,0,0.0,0.385927,0,1.0,0,420,3,3,0.9371,0.0,GREEN,33,Kolkata
CLM0053663,KOL_01991,Howrah,2024-08-12,11,0,0,0,0,0,1,0,0,0,0.0,0.368016,0,0.0,0,359,2,5,0.5915,0.0688,GREEN,39,Kolkata
CLM0053664,KOL_08940,Behala,2015-06-18,20,0,0,0,0,0,0,1,0,0,0.0,0.365913,0,0.0,0,420,3,4,0.7963,0.0077,GREEN,37,Kolkata
CLM0053665,KOL_06088,Park Street,2018-06-08,21,0,0,0,0,0,0,0,0,0,0.0,0.389046,0,0.0,0,316,2,0,0.8255,0.044,GREEN,52,Kolkata
CLM0053666,KOL_08053,Howrah,2023-07-22,11,0,0,0,1,0,0,1,1,1,1.0,0.362951,1,1.0,1,5,4,18,0.1997,0.074,GREEN,23,Kolkata
CLM0053667,KOL_06646,Garia,2023-11-24,17,0,0,0,0,0,1,0,0,0,0.0,0.06547,0,0.0,0,420,3,0,0.8,0.0445,GREEN,24,Kolkata
CLM0053668,KOL_05879,Garia,2022-01-29,16,0,0,0,0,0,0,0,0,0,0.0,0.317205,0,0.0,0,140,2,4,0.7805,0.2447,GREEN,25,Kolkata
CLM0053669,KOL_01860,Dum Dum,2020-03-12,18,0,0,0,0,0,1,0,1,0,0.0,0.17576,0,1.0,0,132,2,3,0.808,0.1852,GREEN,28,Kolkata
CLM0053670,KOL_06634,Dum Dum,2020-07-17,12,0,0,0,0,0,0,0,0,0,0.0,0.302649,0,0.0,0,420,2,2,0.898,0.0168,GREEN,43,Kolkata
CLM0053671,KOL_00003,Tollygunge,2019-03-29,11,0,0,0,0,0,0,0,0,0,0.0,0.196105,0,0.0,0,219,2,2,0.05,0.0,GREEN,23,Kolkata
CLM0053672,KOL_03429,Tollygunge,2024-04-13,20,0,0,0,0,0,0,0,0,0,0.0,0.0,0,0.0,0,78,1,2,0.7614,0.0,GREEN,48,Kolkata
CLM0053673,KOL_09252,Dum Dum,2018-04-26,15,0,0,0,0,1,0,0,0,0,0.0,1.0,0,0.0,0,46,0,0,0.6477,0.2341,GREEN,44,Kolkata
CLM0053674,KOL_04725,New Town,2024-02-22,9,0,0,0,0,1,0,0,0,0,0.0,0.262831,1,0.0,0,178,3,0,0.671,0.2283,GREEN,45,Kolkata
CLM0053675,KOL_02831,Behala,2018-08-25,12,0,0,0,0,0,0,0,0,0,0.0,0.274193,0,0.0,0,65,1,0,0.743,0.0,GREEN,43,Kolkata
CLM0053676,KOL_03398,Tollygunge,2024-11-23,7,0,0,0,0,0,0,1,0,0,0.0,1.0,0,0.0,0,181,2,3,0.9019,0.1233,GREEN,32,Kolkata
CLM0053677,KOL_00968,Park Street,2024-06-08,11,0,0,0,0,0,0,0,0,0,0.0,0.0456,0,1.0,0,313,3,3,0.7915,0.0,GREEN,30,Kolkata
CLM0053678,KOL_04767,Park Street,2019-11-13,13,0,0,0,0,0,0,0,0,0,0.0,0.078717,0,0.0,0,165,1,4,0.0882,0.0,GREEN,52,Kolkata
CLM0053679,KOL_00144,Dum Dum,2023-05-15,13,0,0,0,0,0,0,0,0,0,0.0,0.289948,1,0.0,0,131,4,3,0.98,0.0773,GREEN,32,Kolkata
CLM0053680,KOL_03193,Garia,2020-04-09,7,0,0,0,0,0,0,0,0,0,1.0,0.0,0,0.0,0,131,3,4,0.9433,0.1231,GREEN,38,Kolkata
CLM0053681,KOL_07442,Howrah,2025-06-30,20,0,0,0,0,0,0,0,0,0,0.0,0.301829,0,0.0,0,319,1,2,0.98,0.0514,GREEN,37,Kolkata
CLM0053682,KOL_03146,Salt Lake,2025-10-17,12,0,0,0,0,0,0,0,0,1,0.0,0.243513,0,0.0,0,168,2,1,0.7754,0.1063,GREEN,33,Kolkata
CLM0053683,KOL_05922,Garia,2021-06-30,16,0,0,0,0,0,0,0,0,1,0.0,0.278498,0,0.0,0,420,1,0,0.98,0.2718,GREEN,32,Kolkata
CLM0053684,KOL_07070,New Town,2024-05-05,16,0,0,0,0,0,0,0,0,0,0.0,0.236325,0,0.0,1,126,2,1,0.6402,0.1123,GREEN,48,Kolkata
CLM0053685,KOL_00753,Salt Lake,2025-10-29,11,0,0,0,0,0,1,0,0,0,0.0,0.364229,0,0.0,0,8,4,1,0.05,0.1514,GREEN,33,Kolkata
CLM0053686,KOL_06053,Esplanade,2022-10-09,19,0,0,0,0,0,0,0,0,0,0.0,0.079654,0,0.0,0,201,2,1,0.9602,0.0,GREEN,45,Kolkata
CLM0053687,KOL_09729,Park Street,2021-04-22,20,0,0,0,1,0,0,0,0,0,0.0,0.026249,0,0.0,0,335,2,1,0.6945,0.0813,GREEN,48,Kolkata
CLM0053688,KOL_04752,Salt Lake,2021-06-22,18,0,0,0,0,0,0,0,0,0,0.0,0.383116,0,0.0,0,420,3,4,0.7007,0.0,GREEN,43,Kolkata
CLM0053689,KOL_00726,Tollygunge,2021-10-09,11,0,0,0,1,0,1,1,1,0,0.0,0.10517,0,0.0,0,5,2,18,0.9193,0.0,GREEN,29,Kolkata
CLM0053690,KOL_08141,Garia,2022-12-05,14,0,0,0,0,0,1,0,0,0,0.0,0.480148,0,0.0,0,48,3,2,0.7898,0.1911,GREEN,30,Kolkata
CLM0053691,KOL_06155,Behala,2021-04-15,16,0,0,0,0,0,0,0,0,0,0.0,0.257455,0,1.0,0,389,2,6,0.2524,0.0,GREEN,18,Kolkata
CLM0053692,KOL_01505,Behala,2021-09-06,19,0,0,0,1,0,0,0,0,0,0.0,0.369372,0,0.0,0,420,4,1,0.5835,0.1045,GREEN,33,Kolkata
CLM0053693,KOL_09567,Howrah,2024-06-18,16,0,0,0,0,0,0,0,0,0,1.0,0.981988,0,0.0,0,284,1,0,0.821,0.0,GREEN,38,Kolkata
CLM0053694,KOL_07876,Dum Dum,2021-08-10,17,0,0,0,0,0,0,1,0,0,0.0,1.0,0,0.0,0,238,2,2,0.8572,0.108,GREEN,52,Kolkata
CLM0053695,KOL_04155,Garia,2024-04-14,13,0,0,0,1,0,0,1,0,0,0.0,0.083766,0,1.0,0,132,4,4,0.8061,0.2168,GREEN,55,Kolkata
CLM0053696,KOL_01988,Esplanade,2022-07-10,19,0,0,0,0,0,1,0,0,0,0.0,0.222165,0,0.0,0,21,1,1,0.98,0.139,GREEN,34,Kolkata
CLM0053697,KOL_03734,Tollygunge,2023-05-11,11,0,0,0,0,0,0,0,0,0,0.0,0.312598,0,1.0,0,349,2,0,0.5286,0.0044,GREEN,38,Kolkata
CLM0053698,KOL_09296,New Town,2025-08-23,21,0,0,0,0,0,0,0,0,0,0.0,1.0,0,0.0,0,32,4,1,0.8025,0.0,GREEN,28,Kolkata
CLM0053699,KOL_06811,Esplanade,2023-03-05,8,0,0,0,0,0,0,0,0,0,0.0,0.16992,0,0.0,0,128,3,1,0.7296,0.0298,GREEN,38,Kolkata
CLM0053700,KOL_03384,New Town,2024-04-19,10,0,0,0,0,0,0,0,0,0,0.0,0.142732,0,0.0,0,78,0,7,0.7193,0.0,GREEN,42,Kolkata
CLM0053701,KOL_04710,Dum Dum,2018-04-19,16,0,0,0,0,0,0,0,0,0,0.0,0.013151,0,0.0,0,379,4,0,0.9485,0.0055,GREEN,23,Kolkata
CLM0053702,KOL_03681,Salt Lake,2017-05-22,10,0,0,0,0,0,0,0,1,0,0.0,0.301662,0,0.0,1,420,3,2,0.7544,0.147,GREEN,37,Kolkata
CLM0053703,KOL_00685,New Town,2024-08-04,10,0,0,0,0,0,0,0,1,0,0.0,0.297356,0,0.0,0,356,0,3,0.5999,0.1008,GREEN,39,Kolkata
CLM0053704,KOL_09395,Esplanade,2023-12-30,11,0,0,0,0,0,0,0,0,0,0.0,0.258686,0,0.0,0,412,2,0,0.4773,0.0,GREEN,44,Kolkata
CLM0053705,KOL_04088,Salt Lake,2017-01-13,9,0,0,0,0,0,0,0,0,0,0.0,0.079473,0,0.0,0,327,4,1,0.6811,0.0592,GREEN,25,Kolkata
CLM0053706,KOL_06454,New Town,2022-06-16,13,0,0,0,0,0,0,0,0,0,0.0,0.398527,0,0.0,1,70,4,3,0.871,0.1102,GREEN,25,Kolkata
CLM0053707,KOL_06391,Esplanade,2018-11-26,14,0,0,0,0,0,0,0,0,0,0.0,0.051168,0,0.0,0,232,4,1,0.98,0.0,GREEN,44,Kolkata
CLM0053708,KOL_05913,Garia,2020-06-01,14,0,0,0,0,0,0,0,0,0,0.0,0.085751,0,0.0,0,45,2,3,0.6976,0.0605,GREEN,18,Kolkata
CLM0053709,KOL_04240,Tollygunge,2022-07-13,14,0,0,0,0,0,0,0,0,0,0.0,0.328055,0,0.0,0,361,1,4,0.4377,0.0,GREEN,24,Kolkata
CLM0053710,KOL_09203,Dum Dum,2015-11-06,18,0,0,0,0,0,0,0,0,0,0.0,0.234569,1,0.0,0,347,4,5,0.9092,0.057,GREEN,27,Kolkata
CLM0053711,KOL_09463,Howrah,2025-08-09,21,0,0,0,0,0,0,0,0,0,0.0,0.389539,0,0.0,0,344,2,1,0.8958,0.0203,GREEN,33,Kolkata
CLM0053712,KOL_06149,Sealdah,2018-12-29,14,0,0,0,0,0,0,0,0,0,1.0,0.066597,0,0.0,0,380,0,4,0.9616,0.0235,GREEN,18,Kolkata
CLM0053713,KOL_05207,Dum Dum,2025-03-30,15,0,0,0,0,0,0,0,0,1,0.0,0.182691,0,0.0,0,334,1,6,0.7984,0.109,GREEN,30,Kolkata
CLM0053714,KOL_09996,New Town,2019-06-17,17,0,0,0,0,1,0,0,0,0,0.0,0.347303,0,0.0,0,322,2,1,0.943,0.0466,GREEN,39,Kolkata
CLM0053715,KOL_03521,Salt Lake,2020-10-01,16,0,0,0,0,0,0,0,0,1,0.0,0.448453,0,0.0,0,376,4,0,0.8565,0.0527,GREEN,27,Kolkata
CLM0053716,KOL_09283,Sealdah,2023-06-16,15,0,0,0,0,1,0,0,0,0,0.0,0.244964,0,0.0,0,54,1,0,0.614,0.1516,GREEN,22,Kolkata
CLM0053717,KOL_03865,Park Street,2025-09-07,11,0,0,0,1,0,0,0,0,0,0.0,1.0,0,0.0,0,167,4,0,0.6309,0.1789,GREEN,33,Kolkata
CLM0053718,KOL_03030,Dum Dum,2024-12-04,18,0,0,0,0,0,0,0,0,0,0.0,0.210307,0,0.0,0,345,3,3,0.2582,0.0648,GREEN,37,Kolkata
CLM0053719,KOL_01362,Behala,2023-04-02,13,0,0,0,0,0,0,0,0,0,0.0,0.0,0,0.0,0,135,2,6,0.9737,0.1267,GREEN,18,Kolkata
CLM0053720,KOL_02268,Esplanade,2021-10-04,7,0,0,0,0,0,1,0,0,1,0.0,0.09844,0,0.0,0,420,4,2,0.7173,0.2046,GREEN,32,Kolkata
CLM0053721,KOL_01753,Sealdah,2025-09-27,16,0,0,0,0,0,0,0,0,0,0.0,0.225107,0,0.0,0,320,4,0,0.8091,0.0,GREEN,31,Kolkata
CLM0053722,KOL_00554,Dum Dum,2019-06-21,12,0,0,0,0,0,0,0,0,0,0.0,0.183601,0,1.0,0,159,3,5,0.6538,0.0,GREEN,48,Kolkata
CLM0053723,KOL_08429,Esplanade,2024-03-10,17,0,0,0,0,0,0,0,0,0,0.0,0.961668,0,0.0,0,314,4,0,0.7102,0.0,GREEN,44,Kolkata
CLM0053724,KOL_09519,Park Street,2025-09-27,7,0,0,0,0,0,0,0,0,0,0.0,0.254182,0,0.0,0,14,2,3,0.05,0.0281,GREEN,31,Kolkata
CLM0053725,KOL_01998,New Town,2025-09-22,7,0,0,0,0,0,0,0,0,0,1.0,0.968552,0,0.0,0,420,4,1,0.1291,0.0329,GREEN,27,Kolkata
CLM0053726,KOL_05474,Garia,2023-08-01,17,0,0,0,0,0,0,0,0,0,0.0,0.186068,0,0.0,0,420,1,3,0.3735,0.0,GREEN,32,Kolkata
CLM0053727,KOL_04865,Garia,2022-05-29,12,0,0,0,0,0,0,0,0,0,0.0,0.267419,0,0.0,0,89,1,2,0.05,0.0,GREEN,42,Kolkata
CLM0053728,KOL_00783,Dum Dum,2021-10-30,18,0,0,0,0,0,0,1,0,0,0.0,0.137843,0,0.0,0,294,2,0,0.493,0.0668,GREEN,29,Kolkata
CLM0053729,KOL_07896,Behala,2025-08-28,17,0,0,0,0,0,0,1,0,0,0.0,0.362177,0,0.0,1,420,1,4,0.2121,0.1679,GREEN,23,Kolkata
CLM0053730,KOL_06591,Esplanade,2025-08-06,18,0,0,0,0,0,0,0,1,0,0.0,0.151885,0,0.0,0,156,0,4,0.4422,0.0728,GREEN,43,Kolkata
CLM0053731,KOL_09759,Dum Dum,2023-02-10,17,0,0,0,0,0,0,0,0,0,0.0,0.149402,1,0.0,0,332,1,1,0.5724,0.1692,GREEN,40,Kolkata
CLM0053732,KOL_08245,Salt Lake,2025-02-01,14,0,0,0,0,1,0,0,0,0,0.0,0.041428,1,0.0,0,5,1,18,0.98,0.066,GREEN,34,Kolkata
CLM0053733,KOL_04986,Sealdah,2021-07-22,12,0,0,0,0,0,0,0,0,0,0.0,0.116609,0,0.0,0,172,2,1,0.7816,0.0058,GREEN,37,Kolkata
CLM0053734,KOL_09399,Garia,2025-12-26,10,0,0,0,1,0,0,0,0,0,0.0,0.058655,0,0.0,0,237,3,1,0.6178,0.1864,GREEN,30,Kolkata
CLM0053735,KOL_02969,Dum Dum,2025-03-10,8,0,0,0,1,0,1,1,0,0,0.0,0.074663,0,0.0,0,5,2,10,0.8971,0.0548,GREEN,32,Kolkata
CLM0053736,KOL_02135,Park Street,2020-12-18,8,0,0,0,1,0,0,0,0,0,1.0,0.905296,0,1.0,0,337,3,0,0.6379,0.2317,GREEN,28,Kolkata
CLM0053737,KOL_00447,Park Street,2023-05-07,18,0,1,1,1,0,0,1,1,0,0.0,0.98,0,1.0,1,51,1,11,0.81,0.5547,YELLOW,50,Kolkata
CLM0053738,KOL_03663,Garia,2022-07-20,10,0,1,1,1,0,1,1,0,1,0.0,0.243723,1,0.0,1,21,0,18,0.4485,0.6355,RED,50,Kolkata
CLM0053739,KOL_08457,Park Street,2023-12-13,9,0,1,1,0,0,1,1,1,0,0.0,0.091508,0,0.0,1,34,2,18,0.8802,0.5452,YELLOW,46,Kolkata
CLM0053740,KOL_00858,Garia,2025-02-16,11,0,1,1,0,0,1,1,0,1,1.0,0.675543,1,1.0,0,10,1,18,0.4091,0.6991,RED,38,Kolkata
CLM0053741,KOL_09198,Garia,2024-04-03,12,0,0,0,0,0,0,0,0,0,0.0,0.982379,0,0.0,0,245,4,3,0.98,0.0,GREEN,60,Kolkata
CLM0053742,KOL_08506,Howrah,2025-06-20,12,0,0,0,0,0,0,0,0,0,0.0,0.370083,0,1.0,0,361,4,1,0.98,0.0,GREEN,29,Kolkata
CLM0053743,KOL_07189,Salt Lake,2020-08-10,20,0,0,0,0,0,0,0,0,0,0.0,0.089989,0,0.0,0,156,1,2,0.9737,0.0562,GREEN,38,Kolkata
CLM0053744,KOL_08770,Sealdah,2020-10-12,18,0,0,0,0,0,0,0,0,0,0.0,0.168416,0,0.0,0,369,3,2,0.6812,0.0105,GREEN,47,Kolkata
CLM0053745,KOL_03381,Garia,2021-12-19,20,0,0,0,0,0,1,0,0,0,0.0,0.243001,0,0.0,0,21,0,0,0.7155,0.0613,GREEN,36,Kolkata
CLM0053746,KOL_05915,Tollygunge,2021-02-10,11,0,0,0,0,0,0,0,0,0,0.0,0.347563,0,0.0,0,303,4,1,0.8561,0.0,GREEN,35,Kolkata
CLM0053747,KOL_05335,Park Street,2022-02-12,20,0,0,0,0,0,0,1,0,0,1.0,0.942624,0,1.0,0,220,0,2,0.98,0.0565,GREEN,18,Kolkata
CLM0053748,KOL_06253,Dum Dum,2020-12-11,9,0,0,0,0,0,0,0,1,0,0.0,0.121865,0,0.0,0,201,1,8,0.6679,0.1137,GREEN,34,Kolkata
CLM0053749,KOL_04479,Garia,2019-09-15,19,0,0,0,0,0,0,0,0,0,0.0,0.279003,0,0.0,0,247,2,2,0.9632,0.0474,GREEN,43,Kolkata
CLM0053750,KOL_05844,Tollygunge,2022-11-05,21,0,0,0,0,0,0,0,0,0,0.0,0.327763,0,0.0,0,210,3,0,0.5074,0.0,GREEN,56,Kolkata
CLM0053751,KOL_05691,Howrah,2020-02-04,18,0,0,0,0,0,0,1,0,0,0.0,0.0,0,0.0,0,243,0,1,0.4656,0.0371,GREEN,18,Kolkata
CLM0053752,KOL_00456,Behala,2023-07-25,9,0,0,0,0,0,0,0,0,0,0.0,0.058948,0,0.0,0,420,4,3,0.8023,0.0,GREEN,29,Kolkata
CLM0053753,KOL_08952,Park Street,2020-08-14,11,0,0,0,0,0,0,0,0,0,0.0,0.248116,0,0.0,0,420,0,2,0.8901,0.0,GREEN,42,Kolkata
CLM0053754,KOL_06723,Dum Dum,2023-06-23,13,0,0,0,0,0,0,0,0,0,0.0,0.100595,1,0.0,0,333,2,3,0.9332,0.0,GREEN,52,Kolkata
CLM0053755,KOL_01074,Sealdah,2016-05-19,10,0,0,0,0,0,0,0,0,0,0.0,0.326208,0,0.0,1,66,2,3,0.5556,0.049,GREEN,45,Kolkata
CLM0053756,KOL_02732,Tollygunge,2018-03-08,15,0,0,0,0,0,0,0,0,0,1.0,0.344565,1,0.0,0,295,3,0,0.6389,0.143,GREEN,44,Kolkata
CLM0053757,KOL_01421,Esplanade,2018-09-09,12,0,0,0,0,1,0,0,0,0,0.0,0.001671,0,1.0,0,382,1,0,0.7992,0.0983,GREEN,34,Kolkata
CLM0053758,KOL_03805,Salt Lake,2024-05-26,15,0,0,0,0,0,0,0,0,0,0.0,0.330183,0,0.0,0,171,4,3,0.7292,0.1218,GREEN,44,Kolkata
CLM0053759,KOL_08932,Tollygunge,2017-09-24,10,0,0,0,1,1,1,0,0,0,0.0,0.363181,0,0.0,0,420,1,3,0.5002,0.3329,YELLOW,45,Kolkata
CLM0053760,KOL_05013,Dum Dum,2023-01-05,19,0,0,0,0,0,1,0,0,0,0.0,0.16477,0,0.0,0,420,1,0,0.7589,0.0706,GREEN,46,Kolkata
CLM0053761,KOL_02431,Garia,2022-08-05,14,0,0,0,0,0,0,0,0,0,0.0,0.431074,0,0.0,0,175,4,0,0.9084,0.0,GREEN,55,Kolkata
CLM0053762,KOL_03898,Sealdah,2025-12-28,19,0,0,0,0,0,0,0,0,0,0.0,0.048733,0,0.0,0,158,1,3,0.9733,0.0551,GREEN,39,Kolkata
CLM0053763,KOL_01042,Behala,2021-08-21,14,0,0,0,0,0,0,0,0,0,0.0,0.352036,0,0.0,0,227,1,6,0.98,0.012,GREEN,67,Kolkata
CLM0053764,KOL_02925,New Town,2022-09-06,7,0,0,0,0,0,0,0,0,0,0.0,0.03281,0,0.0,0,384,1,3,0.5792,0.0,GREEN,49,Kolkata
CLM0053765,KOL_07344,Esplanade,2024-11-29,7,0,0,0,0,0,0,0,0,0,0.0,0.166658,0,0.0,0,326,1,3,0.6768,0.0,GREEN,26,Kolkata
CLM0053766,KOL_00992,Salt Lake,2022-08-22,17,0,0,0,0,0,0,0,0,0,0.0,0.173361,0,0.0,0,383,2,0,0.66,0.0,GREEN,30,Kolkata
CLM0053767,KOL_09414,Behala,2022-08-28,8,0,0,0,0,0,0,0,0,0,0.0,0.950683,0,0.0,0,325,2,7,0.054,0.0,GREEN,34,Kolkata
CLM0053768,KOL_02719,New Town,2025-10-10,12,0,0,0,0,0,0,0,0,0,0.0,0.317775,0,0.0,0,54,4,2,0.137,0.0,GREEN,41,Kolkata
CLM0053769,KOL_01650,Park Street,2025-08-06,18,0,0,0,0,0,0,0,0,0,0.0,0.21421,0,0.0,0,70,4,0,0.7363,0.0,GREEN,27,Kolkata
CLM0053770,KOL_08780,Park Street,2022-01-10,12,0,0,0,0,0,0,1,1,0,0.0,0.17235,0,0.0,0,65,3,0,0.6569,0.1597,GREEN,37,Kolkata
CLM0053771,KOL_05216,Garia,2025-10-08,10,0,0,0,0,0,1,0,0,0,0.0,0.235667,0,0.0,0,420,3,0,0.7194,0.0,GREEN,18,Kolkata
CLM0053772,KOL_05993,Sealdah,2025-08-10,13,0,0,0,0,0,0,0,0,0,0.0,0.123995,0,0.0,0,56,3,1,0.6981,0.0548,GREEN,46,Kolkata
CLM0053773,KOL_09404,Garia,2021-09-02,7,0,0,0,0,0,0,0,0,1,0.0,0.001435,0,0.0,0,420,3,0,0.9568,0.0748,GREEN,26,Kolkata
CLM0053774,KOL_01947,Esplanade,2021-10-04,12,0,0,0,0,0,0,0,0,0,0.0,0.0,0,0.0,0,420,3,0,0.838,0.0,GREEN,45,Kolkata
CLM0053775,KOL_01904,New Town,2018-04-07,21,0,0,0,0,0,0,0,0,0,0.0,0.309637,0,0.0,0,383,4,0,0.7571,0.0,GREEN,45,Kolkata
CLM0053776,KOL_08042,Behala,2020-03-05,14,0,0,0,0,0,0,0,0,0,0.0,0.259871,0,0.0,0,420,4,2,0.7696,0.0,GREEN,28,Kolkata
CLM0053777,KOL_08960,New Town,2022-05-09,16,0,0,0,0,0,0,0,0,1,0.0,1.0,0,0.0,0,152,2,1,0.6541,0.1624,GREEN,30,Kolkata
CLM0053778,KOL_09170,Sealdah,2020-06-26,17,0,0,0,1,0,0,0,0,0,0.0,0.267374,0,0.0,0,420,4,4,0.9789,0.1553,GREEN,31,Kolkata
CLM0053779,KOL_09348,Tollygunge,2025-02-21,7,0,0,0,0,0,0,0,1,0,0.0,0.304754,0,0.0,0,30,2,4,0.8556,0.1989,GREEN,18,Kolkata
CLM0053780,KOL_06430,Sealdah,2020-06-26,18,0,0,0,0,0,0,0,0,0,0.0,0.139241,0,0.0,0,360,0,2,0.7705,0.0,GREEN,37,Kolkata
CLM0053781,KOL_02683,New Town,2025-11-11,16,0,0,0,0,0,0,0,0,0,0.0,0.0,0,0.0,0,199,4,2,0.6367,0.0,GREEN,19,Kolkata
CLM0053782,KOL_02528,Sealdah,2025-12-09,11,0,0,0,0,0,0,0,0,0,0.0,0.317299,0,0.0,0,420,0,1,0.9452,0.1001,GREEN,27,Kolkata
CLM0053783,KOL_01011,Park Street,2025-12-26,20,0,0,0,0,0,0,1,0,0,0.0,0.165316,0,0.0,0,188,0,2,0.7436,0.0907,GREEN,31,Kolkata
CLM0053784,KOL_05563,New Town,2023-08-11,7,0,0,0,0,0,0,0,0,0,0.0,0.350553,0,0.0,0,137,1,1,0.5667,0.0429,GREEN,40,Kolkata
CLM0053785,KOL_03372,Behala,2024-06-26,21,0,0,0,0,0,0,0,0,0,1.0,0.078293,0,0.0,0,420,0,0,0.85,0.0271,GREEN,32,Kolkata
CLM0053786,KOL_07042,Esplanade,2022-11-18,15,0,0,0,0,0,1,0,0,0,0.0,1.0,0,1.0,0,202,4,0,0.906,0.0542,GREEN,36,Kolkata
CLM0053787,KOL_00863,Howrah,2025-09-09,18,0,0,0,0,0,0,1,0,0,0.0,0.243619,0,0.0,0,147,1,0,0.05,0.0206,GREEN,22,Kolkata
CLM0053788,KOL_00796,Behala,2025-10-19,14,0,0,0,0,1,0,0,1,0,0.0,0.30274,0,0.0,0,125,1,3,0.7744,0.2462,GREEN,18,Kolkata
CLM0053789,KOL_08476,Esplanade,2025-07-05,11,0,1,1,0,0,0,0,0,0,1.0,0.970528,0,1.0,0,199,1,5,0.9548,0.0,GREEN,25,Kolkata
CLM0053790,KOL_06682,Behala,2025-06-28,14,0,0,0,1,0,0,0,0,0,0.0,0.08968,0,0.0,0,84,2,3,0.6392,0.2332,GREEN,45,Kolkata
CLM0053791,KOL_07051,Dum Dum,2023-11-30,7,0,0,0,0,0,0,0,0,0,0.0,0.0,0,0.0,0,399,3,3,0.1157,0.0017,GREEN,48,Kolkata
CLM0053792,KOL_01142,Salt Lake,2023-03-10,18,0,0,0,1,0,1,1,0,1,0.0,0.063562,0,0.0,0,5,3,18,0.8054,0.2467,GREEN,36,Kolkata
CLM0053793,KOL_00440,Salt Lake,2021-07-17,7,0,0,0,0,0,1,0,0,0,0.0,0.072048,0,1.0,0,383,4,1,0.2304,0.0797,GREEN,46,Kolkata
CLM0053794,KOL_09397,Tollygunge,2021-06-20,9,0,0,0,0,0,0,0,0,0,1.0,0.9966,0,1.0,0,384,0,0,0.8442,0.0271,GREEN,18,Kolkata
CLM0053795,KOL_07573,New Town,2024-04-23,7,0,0,0,0,0,1,0,0,0,0.0,0.150843,0,0.0,0,230,1,5,0.5041,0.1256,GREEN,33,Kolkata
CLM0053796,KOL_01365,Salt Lake,2022-01-03,7,0,0,0,0,0,0,0,0,0,1.0,0.176979,0,0.0,0,9,1,5,0.98,0.0833,GREEN,49,Kolkata
CLM0053797,KOL_07212,Behala,2021-04-16,11,0,0,0,0,0,0,0,0,1,1.0,0.165394,0,0.0,0,244,0,2,0.7376,0.1431,GREEN,46,Kolkata
CLM0053798,KOL_08626,Tollygunge,2025-03-25,10,0,0,0,0,1,0,0,0,0,0.0,0.258896,0,0.0,0,370,1,4,0.847,0.1506,GREEN,31,Kolkata
CLM0053799,KOL_00837,Howrah,2024-09-11,10,0,0,0,0,0,0,0,0,0,0.0,0.210753,1,0.0,0,5,0,3,0.7297,0.0145,GREEN,19,Kolkata
CLM0053800,KOL_03709,Sealdah,2023-09-23,18,0,0,0,0,0,0,0,0,0,0.0,0.335872,0,0.0,0,420,2,0,0.8564,0.0,GREEN,40,Kolkata
CLM0053801,KOL_06609,Garia,2021-08-23,11,0,0,0,0,0,0,0,0,0,0.0,0.12479,0,0.0,0,86,2,8,0.9433,0.1279,GREEN,34,Kolkata
CLM0053802,KOL_08668,Salt Lake,2021-10-09,18,0,0,0,0,0,0,0,0,0,1.0,0.05249,0,0.0,0,100,4,0,0.148,0.0082,GREEN,37,Kolkata
CLM0053803,KOL_03972,Dum Dum,2021-02-12,20,0,0,0,0,0,0,0,0,0,1.0,0.265286,0,0.0,0,420,1,2,0.7465,0.0,GREEN,31,Kolkata
CLM0053804,KOL_08727,New Town,2020-03-15,11,0,0,0,0,0,0,0,0,0,0.0,0.3246,0,0.0,0,55,0,2,0.6716,0.0266,GREEN,61,Kolkata
CLM0053805,KOL_05654,Howrah,2021-03-03,15,0,0,0,0,0,0,0,0,0,1.0,1.0,0,0.0,0,135,2,5,0.7949,0.1065,GREEN,44,Kolkata
CLM0053806,KOL_00291,Park Street,2025-04-10,10,0,0,0,0,0,0,0,0,0,0.0,0.232333,0,0.0,0,288,2,5,0.1893,0.104,GREEN,34,Kolkata
CLM0053807,KOL_03176,Howrah,2025-09-10,17,0,0,0,0,1,0,0,0,1,0.0,0.268344,0,0.0,0,348,0,7,0.5046,0.2044,GREEN,36,Kolkata
CLM0053808,KOL_07907,Park Street,2023-08-30,8,0,0,0,0,1,0,0,0,0,0.0,0.091574,0,0.0,0,220,2,1,0.7608,0.0901,GREEN,26,Kolkata
CLM0053809,KOL_04352,New Town,2016-04-02,15,0,0,0,0,0,0,0,0,0,0.0,0.991951,0,0.0,0,420,0,0,0.98,0.0,GREEN,48,Kolkata
CLM0053810,KOL_08616,Behala,2020-12-23,13,0,0,0,0,0,0,1,0,0,1.0,0.328559,0,0.0,1,166,4,0,0.9441,0.2212,GREEN,34,Kolkata
CLM0053811,KOL_04094,Garia,2017-05-26,16,0,0,0,0,0,0,0,0,0,0.0,0.023013,0,0.0,0,243,4,1,0.8135,0.0,GREEN,42,Kolkata
CLM0053812,KOL_06510,Tollygunge,2023-09-07,19,0,0,0,0,0,0,0,0,0,0.0,0.119009,0,0.0,0,407,3,3,0.1806,0.0388,GREEN,38,Kolkata
CLM0053813,KOL_08559,Howrah,2020-09-28,19,0,0,0,0,0,0,0,0,0,0.0,0.232248,0,0.0,0,352,3,2,0.6444,0.0166,GREEN,29,Kolkata
CLM0053814,KOL_04796,Garia,2016-01-22,21,0,0,0,0,0,0,0,0,0,0.0,1.0,0,0.0,0,279,2,0,0.7806,0.0,GREEN,33,Kolkata
CLM0053815,KOL_06339,Tollygunge,2025-11-21,18,0,0,0,0,0,0,0,0,0,0.0,0.222408,0,0.0,0,60,0,2,0.9288,0.0744,GREEN,38,Kolkata
CLM0053816,KOL_03619,Esplanade,2023-06-24,8,0,0,0,0,0,1,0,0,0,0.0,0.152008,0,0.0,0,249,2,5,0.98,0.1065,GREEN,30,Kolkata
CLM0053817,KOL_08620,Tollygunge,2023-02-06,7,0,0,0,0,0,0,0,0,0,0.0,0.3706,0,0.0,0,342,1,1,0.7337,0.0,GREEN,47,Kolkata
CLM0053818,KOL_01303,Park Street,2025-04-03,16,0,0,0,0,0,0,0,1,0,0.0,0.300726,0,1.0,0,267,0,4,0.8534,0.0669,GREEN,42,Kolkata
CLM0053819,KOL_02096,Salt Lake,2019-08-19,15,0,0,0,0,0,0,0,0,0,0.0,0.039703,0,0.0,0,346,2,0,0.7612,0.061,GREEN,54,Kolkata
CLM0053820,KOL_08872,Dum Dum,2021-10-13,10,0,0,0,0,0,0,1,0,0,0.0,0.13805,0,0.0,0,319,0,0,0.8188,0.0307,GREEN,43,Kolkata
CLM0053821,KOL_00716,Howrah,2023-02-18,21,0,0,0,0,0,0,0,0,0,0.0,0.417993,0,0.0,0,352,3,6,0.7445,0.0,GREEN,50,Kolkata
CLM0053822,KOL_06964,Behala,2023-02-13,11,0,0,0,0,0,0,0,0,0,0.0,0.203424,0,0.0,0,167,3,4,0.7373,0.0,GREEN,31,Kolkata
CLM0053823,KOL_00114,Tollygunge,2025-04-11,12,0,0,0,0,0,0,1,0,0,0.0,0.359759,0,0.0,0,420,2,2,0.9725,0.0405,GREEN,41,Kolkata
CLM0053824,KOL_05477,Dum Dum,2023-09-10,8,0,0,0,0,1,0,1,1,0,0.0,0.119842,1,0.0,0,235,2,5,0.7258,0.3244,YELLOW,28,Kolkata
CLM0053825,KOL_01058,Behala,2022-01-24,19,0,0,0,0,0,0,0,0,1,1.0,0.0,0,0.0,0,143,4,0,0.8673,0.1259,GREEN,25,Kolkata
CLM0053826,KOL_09601,Garia,2022-05-11,16,0,0,0,0,0,0,0,0,0,0.0,0.209364,0,0.0,0,133,0,0,0.7361,0.0586,GREEN,47,Kolkata
CLM0053827,KOL_00134,Behala,2024-11-23,19,0,0,0,0,0,0,0,0,0,0.0,0.285418,0,0.0,0,72,2,1,0.2308,0.0,GREEN,39,Kolkata
CLM0053828,KOL_04701,New Town,2023-03-23,12,0,0,0,1,0,0,0,0,0,0.0,0.358336,0,0.0,0,151,1,0,0.8485,0.1284,GREEN,44,Kolkata
CLM0053829,KOL_06599,Tollygunge,2022-12-17,17,0,0,0,0,0,0,0,1,0,0.0,0.160099,1,0.0,0,217,1,0,0.1871,0.1233,GREEN,35,Kolkata
CLM0053830,KOL_04753,Tollygunge,2018-10-24,8,0,0,0,0,0,0,0,0,0,0.0,0.241391,0,0.0,0,159,3,2,0.6412,0.0386,GREEN,42,Kolkata
CLM0053831,KOL_02448,Tollygunge,2021-09-18,18,0,0,0,0,0,0,0,1,0,0.0,0.983911,0,0.0,0,372,1,4,0.8011,0.1143,GREEN,25,Kolkata
CLM0053832,KOL_07632,Howrah,2019-03-15,9,0,0,0,0,0,1,0,0,0,1.0,0.389905,0,0.0,0,420,1,2,0.752,0.138,GREEN,29,Kolkata
CLM0053833,KOL_00989,Tollygunge,2022-04-18,20,0,0,0,0,0,0,0,0,0,0.0,0.294507,0,0.0,0,188,4,8,0.816,0.0199,GREEN,37,Kolkata
CLM0053834,KOL_08751,Esplanade,2019-06-21,20,0,0,0,0,0,0,0,0,0,0.0,0.058349,0,0.0,0,420,0,2,0.6339,0.0,GREEN,32,Kolkata
CLM0053835,KOL_09832,Sealdah,2023-03-11,7,0,0,0,0,0,0,0,0,0,0.0,0.386069,1,0.0,0,375,1,0,0.6914,0.0528,GREEN,27,Kolkata
CLM0053836,KOL_02242,Tollygunge,2024-02-15,16,0,0,0,0,0,0,0,1,0,0.0,0.1047,0,0.0,0,130,4,2,0.7529,0.0622,GREEN,47,Kolkata
CLM0053837,KOL_04899,Salt Lake,2024-05-20,16,0,0,0,0,0,1,0,0,0,0.0,0.110923,0,0.0,0,235,2,2,0.6998,0.0572,GREEN,45,Kolkata
CLM0053838,KOL_03478,Howrah,2025-12-07,14,0,0,0,0,0,0,0,0,0,0.0,0.177551,0,0.0,0,420,3,2,0.6344,0.0,GREEN,31,Kolkata
CLM0053839,KOL_04788,Tollygunge,2023-12-08,18,0,0,0,0,0,1,0,0,0,0.0,0.240801,0,0.0,0,316,4,3,0.5552,0.1244,GREEN,40,Kolkata
CLM0053840,KOL_05204,Garia,2025-05-13,14,0,0,0,0,0,0,1,0,0,0.0,0.0776,0,0.0,0,185,0,4,0.6356,0.044,GREEN,37,Kolkata
CLM0053841,KOL_08034,Sealdah,2025-01-22,13,0,0,0,0,1,0,0,1,0,0.0,0.260388,0,0.0,0,146,1,2,0.7723,0.1934,GREEN,53,Kolkata
CLM0053842,KOL_08315,New Town,2022-06-16,21,0,0,0,0,0,0,1,0,0,0.0,0.368738,0,0.0,0,343,4,4,0.6647,0.0243,GREEN,43,Kolkata
CLM0053843,KOL_07423,Dum Dum,2025-11-02,19,0,0,0,0,0,0,0,0,0,0.0,0.190095,0,0.0,0,332,2,2,0.9588,0.0,GREEN,43,Kolkata
CLM0053844,KOL_05580,Garia,2025-05-29,17,0,0,0,0,0,0,0,0,0,0.0,0.41066,1,0.0,0,371,0,0,0.7254,0.0515,GREEN,41,Kolkata
CLM0053845,KOL_03755,Howrah,2025-07-17,10,0,0,0,0,1,0,0,1,0,0.0,0.326865,0,0.0,0,292,0,1,0.8252,0.2377,GREEN,25,Kolkata
CLM0053846,KOL_07954,Park Street,2025-03-27,9,0,0,0,0,0,0,0,0,0,0.0,1.0,0,0.0,0,410,0,0,0.6041,0.0,GREEN,38,Kolkata
CLM0053847,KOL_03820,Behala,2020-08-01,8,0,1,1,0,0,0,0,0,0,0.0,0.332393,0,0.0,0,177,0,2,0.2533,0.7413,RED,44,Kolkata
CLM0053848,KOL_05448,Tollygunge,2018-09-28,16,0,1,1,1,0,1,1,1,0,1.0,0.109619,0,0.0,0,35,0,18,0.3313,0.5075,YELLOW,44,Kolkata
CLM0053849,KOL_08034,Sealdah,2023-08-05,16,0,0,0,0,0,0,1,0,0,0.0,0.19999,0,0.0,0,137,2,3,0.513,0.054,GREEN,53,Kolkata
CLM0053850,KOL_06765,Dum Dum,2024-02-28,10,0,0,0,0,1,0,0,0,0,0.0,0.382159,0,0.0,0,415,2,4,0.05,0.0528,GREEN,40,Kolkata
CLM0053851,KOL_07325,Salt Lake,2021-11-12,20,0,0,0,0,0,0,0,0,0,0.0,0.160767,0,0.0,0,420,2,0,0.3194,0.0179,GREEN,52,Kolkata
CLM0053852,KOL_03921,Tollygunge,2025-09-27,10,0,0,0,0,0,0,0,1,0,0.0,0.039376,0,0.0,0,334,0,2,0.6554,0.1253,GREEN,30,Kolkata
CLM0053853,KOL_07025,Salt Lake,2025-09-29,11,0,0,0,0,0,0,0,0,0,1.0,0.943714,0,1.0,0,268,2,6,0.912,0.0,GREEN,39,Kolkata
CLM0053854,KOL_04136,Dum Dum,2024-10-28,14,0,0,0,0,0,0,0,0,0,0.0,1.0,0,1.0,0,420,1,2,0.7729,0.0613,GREEN,18,Kolkata
CLM0053855,KOL_07443,Sealdah,2025-11-20,20,0,0,0,0,0,0,0,0,0,0.0,0.333349,1,0.0,0,176,4,4,0.6872,0.0684,GREEN,34,Kolkata
CLM0053856,KOL_04206,Tollygunge,2025-07-12,18,0,0,0,0,0,0,1,0,0,0.0,0.088948,0,0.0,0,222,3,1,0.7421,0.0969,GREEN,45,Kolkata
CLM0053857,KOL_07970,New Town,2025-01-10,10,0,0,0,0,0,0,0,0,0,0.0,0.091062,0,0.0,0,286,1,0,0.9786,0.0089,GREEN,20,Kolkata
CLM0053858,KOL_06059,Behala,2025-05-28,18,0,0,0,0,0,0,0,0,0,0.0,0.256338,0,0.0,0,243,1,1,0.5783,0.0,GREEN,42,Kolkata
CLM0053859,KOL_03038,Park Street,2025-04-17,17,0,0,0,0,0,0,0,0,0,0.0,0.306965,0,0.0,0,100,1,1,0.9236,0.07,GREEN,43,Kolkata
CLM0053860,KOL_05522,Tollygunge,2024-08-23,13,0,0,0,1,0,0,0,0,0,0.0,0.106859,0,0.0,0,94,1,6,0.926,0.0809,GREEN,27,Kolkata
CLM0053861,KOL_09074,Tollygunge,2025-12-01,18,0,0,0,0,0,0,0,0,0,0.0,0.310655,0,0.0,0,114,1,4,0.1461,0.0,GREEN,33,Kolkata
CLM0053862,KOL_04517,Tollygunge,2019-09-23,8,0,0,0,0,0,0,0,0,0,0.0,1.0,1,0.0,0,420,0,5,0.1616,0.0661,GREEN,23,Kolkata
CLM0053863,KOL_06290,Tollygunge,2021-06-29,16,0,0,0,0,0,0,0,0,0,0.0,0.0,0,0.0,0,290,0,0,0.7504,0.0,GREEN,27,Kolkata
CLM0053864,KOL_09085,Salt Lake,2023-07-08,16,0,0,0,0,0,0,0,0,0,0.0,0.338702,0,0.0,0,28,2,3,0.673,0.0775,GREEN,42,Kolkata
CLM0053865,KOL_06095,New Town,2023-02-17,14,0,0,0,0,0,0,0,0,0,1.0,0.947911,0,1.0,0,340,1,0,0.7508,0.0,GREEN,42,Kolkata
CLM0053866,KOL_06776,Salt Lake,2018-01-15,18,0,0,0,0,0,1,0,1,0,0.0,0.128157,0,0.0,0,240,0,1,0.98,0.1841,GREEN,54,Kolkata
CLM0053867,KOL_02831,Behala,2021-11-15,8,0,0,0,0,0,0,0,0,0,0.0,0.119564,0,0.0,0,420,0,2,0.739,0.0,GREEN,43,Kolkata
CLM0053868,KOL_01655,Howrah,2025-04-26,11,0,0,0,0,0,0,0,0,0,0.0,0.149469,0,0.0,0,288,4,4,0.205,0.0,GREEN,25,Kolkata
CLM0053869,KOL_05242,Garia,2025-09-05,7,0,1,1,0,0,0,1,0,0,0.0,0.370034,1,0.0,0,235,0,1,0.05,0.0649,GREEN,40,Kolkata
CLM0053870,KOL_00142,Howrah,2025-02-15,12,0,0,0,0,0,0,0,1,0,1.0,0.0,0,0.0,0,417,2,1,0.05,0.2343,GREEN,50,Kolkata
CLM0053871,KOL_07608,Tollygunge,2023-05-20,14,0,0,0,0,0,0,0,0,0,0.0,0.385791,0,0.0,0,419,4,1,0.3616,0.0,GREEN,18,Kolkata
CLM0053872,KOL_07458,Howrah,2024-12-13,19,0,0,0,0,0,0,0,0,0,0.0,0.194054,0,0.0,0,249,1,3,0.55,0.0,GREEN,31,Kolkata
CLM0053873,KOL_00564,Park Street,2024-12-02,14,0,0,0,0,0,0,0,0,0,0.0,0.003415,0,0.0,0,222,3,3,0.05,0.0,GREEN,25,Kolkata
CLM0053874,KOL_06523,Howrah,2024-09-16,7,0,0,0,0,0,0,0,0,0,0.0,0.397245,0,0.0,0,420,0,0,0.6184,0.0,GREEN,37,Kolkata
CLM0053875,KOL_01988,Esplanade,2024-02-01,7,0,1,1,0,0,0,0,0,0,0.0,0.053294,0,0.0,0,85,2,0,0.98,0.0,GREEN,34,Kolkata
CLM0053876,KOL_09779,Garia,2019-01-17,17,0,0,0,0,0,0,0,0,0,0.0,0.251797,1,0.0,0,420,2,2,0.971,0.1514,GREEN,39,Kolkata
CLM0053877,KOL_02386,Howrah,2022-10-17,13,0,0,0,0,0,0,0,0,0,1.0,0.972162,0,1.0,0,420,2,5,0.5323,0.1869,GREEN,34,Kolkata
CLM0053878,KOL_03800,Esplanade,2021-11-09,10,0,0,0,0,0,0,0,0,1,0.0,0.308905,0,0.0,0,420,0,4,0.215,0.2386,GREEN,30,Kolkata
CLM0053879,KOL_07549,Sealdah,2025-03-01,8,0,0,0,0,0,1,0,1,0,0.0,0.162619,0,1.0,0,149,2,3,0.1987,0.1796,GREEN,51,Kolkata
CLM0053880,KOL_01416,New Town,2020-02-27,11,0,0,0,0,0,0,0,0,0,1.0,0.218327,0,0.0,0,420,0,5,0.8449,0.0969,GREEN,40,Kolkata
CLM0053881,KOL_02321,Sealdah,2025-03-17,13,0,0,0,0,0,0,0,0,0,0.0,0.281249,0,0.0,0,7,3,2,0.6465,0.0,GREEN,22,Kolkata
CLM0053882,KOL_04668,Salt Lake,2025-02-02,18,0,0,0,0,0,0,0,0,0,0.0,0.128637,0,0.0,0,114,1,0,0.05,0.0,GREEN,46,Kolkata
CLM0053883,KOL_04931,New Town,2023-03-24,21,0,0,0,0,0,1,0,0,0,0.0,0.236744,0,0.0,0,378,1,0,0.6488,0.0882,GREEN,45,Kolkata
CLM0053884,KOL_01219,Salt Lake,2020-06-27,20,0,0,0,1,1,1,0,0,1,1.0,1.0,0,0.0,1,30,4,18,0.05,0.0,GREEN,30,Kolkata
CLM0053885,KOL_05888,Tollygunge,2021-10-14,15,0,0,0,0,0,0,0,0,0,0.0,0.120054,0,0.0,0,132,3,1,0.6682,0.005,GREEN,40,Kolkata
CLM0053886,KOL_06324,New Town,2021-05-11,18,0,0,0,0,0,0,0,0,0,0.0,0.160804,0,0.0,0,105,2,2,0.05,0.0,GREEN,40,Kolkata
CLM0053887,KOL_06721,Esplanade,2020-12-04,11,0,0,0,0,0,0,0,0,0,0.0,0.074567,0,0.0,0,58,2,5,0.2759,0.113,GREEN,41,Kolkata
CLM0053888,KOL_09406,Salt Lake,2021-11-28,10,0,0,0,0,0,0,0,0,0,0.0,0.268002,0,0.0,0,13,2,2,0.5925,0.0192,GREEN,43,Kolkata
CLM0053889,KOL_00205,Dum Dum,2023-12-24,10,0,0,0,0,0,0,0,0,0,0.0,0.076763,0,0.0,0,6,4,3,0.7759,0.0095,GREEN,37,Kolkata
CLM0053890,KOL_05712,New Town,2023-08-05,18,0,0,0,0,0,0,0,0,0,0.0,0.0,0,0.0,0,21,2,0,0.1897,0.0536,GREEN,49,Kolkata
CLM0053891,KOL_00789,Park Street,2022-03-24,14,0,0,0,0,0,0,0,0,0,0.0,0.099103,1,0.0,0,420,3,1,0.9632,0.1024,GREEN,28,Kolkata
CLM0053892,KOL_04445,Behala,2023-09-22,14,0,1,1,0,0,0,0,0,0,0.0,1.0,0,0.0,0,151,3,3,0.619,0.1112,GREEN,40,Kolkata
CLM0053893,KOL_01212,Tollygunge,2023-09-06,13,0,0,0,0,0,0,0,0,0,0.0,0.204552,0,0.0,0,287,1,6,0.8881,0.0,GREEN,32,Kolkata
CLM0053894,KOL_08984,Salt Lake,2021-05-18,19,0,0,0,0,0,0,0,0,0,0.0,0.09827,0,0.0,0,95,1,1,0.2664,0.0105,GREEN,57,Kolkata
CLM0053895,KOL_08924,Sealdah,2021-03-07,10,0,0,0,0,0,0,0,0,0,0.0,0.020209,0,0.0,0,228,2,2,0.7804,0.0731,GREEN,22,Kolkata
CLM0053896,KOL_02680,Sealdah,2024-01-08,7,0,0,0,0,0,0,0,0,0,0.0,0.068135,0,0.0,0,27,4,3,0.98,0.0269,GREEN,55,Kolkata
CLM0053897,KOL_02092,Behala,2023-12-05,19,0,0,0,0,0,0,0,0,0,0.0,0.115816,0,0.0,0,170,2,1,0.5889,0.025,GREEN,24,Kolkata
CLM0053898,KOL_02407,Salt Lake,2019-10-22,19,0,0,0,0,0,0,0,1,0,0.0,0.149323,0,0.0,0,420,3,3,0.7529,0.0982,GREEN,38,Kolkata
CLM0053899,KOL_05503,Salt Lake,2020-01-29,13,0,0,0,0,0,0,0,0,0,1.0,0.158255,0,0.0,0,340,3,2,0.6161,0.0163,GREEN,40,Kolkata
CLM0053900,KOL_00124,Behala,2021-11-22,12,0,0,0,0,0,1,0,1,0,0.0,0.258552,0,0.0,0,362,3,4,0.8531,0.1642,GREEN,38,Kolkata
CLM0053901,KOL_02200,Dum Dum,2018-11-22,11,0,0,0,0,0,1,0,0,0,0.0,0.26186,0,0.0,0,128,4,5,0.7028,0.0203,GREEN,30,Kolkata
CLM0053902,KOL_02914,Park Street,2020-04-20,7,0,0,0,0,0,0,0,0,0,0.0,0.021524,0,0.0,0,373,4,1,0.8809,0.0,GREEN,41,Kolkata
CLM0053903,KOL_08773,Esplanade,2024-08-07,7,0,0,0,0,0,1,0,0,0,0.0,0.0,0,0.0,1,7,0,0,0.8686,0.1615,GREEN,38,Kolkata
CLM0053904,KOL_01266,Park Street,2025-06-26,14,0,0,0,0,0,0,0,0,0,1.0,0.122725,0,0.0,0,166,3,4,0.714,0.1358,GREEN,39,Kolkata
CLM0053905,KOL_06619,Howrah,2024-02-19,21,0,0,0,1,0,0,0,0,0,0.0,0.017299,0,0.0,0,353,3,5,0.5542,0.2515,GREEN,39,Kolkata
CLM0053906,KOL_09860,Park Street,2024-06-23,19,0,0,0,0,0,1,0,0,0,0.0,0.166584,0,0.0,0,159,4,1,0.6175,0.1181,GREEN,47,Kolkata
CLM0053907,KOL_05610,Behala,2025-11-06,12,0,0,0,0,0,0,0,0,0,0.0,0.318657,0,0.0,0,191,0,3,0.7945,0.1174,GREEN,49,Kolkata
CLM0053908,KOL_06380,Esplanade,2025-07-19,10,0,0,0,0,0,0,0,0,0,0.0,0.088852,0,0.0,0,153,0,0,0.98,0.0,GREEN,53,Kolkata
CLM0053909,KOL_02396,Behala,2019-08-16,17,0,0,0,0,0,0,0,0,0,1.0,0.178716,0,0.0,0,221,0,5,0.8639,0.0758,GREEN,28,Kolkata
CLM0053910,KOL_04801,Park Street,2024-04-01,11,0,0,0,0,0,0,0,0,1,0.0,0.2921,0,0.0,0,352,2,1,0.7208,0.0755,GREEN,39,Kolkata
CLM0053911,KOL_07319,Park Street,2023-05-19,16,0,0,0,0,0,0,0,1,0,1.0,0.950807,0,1.0,0,141,0,2,0.9593,0.0036,GREEN,47,Kolkata
CLM0053912,KOL_05363,Esplanade,2019-10-19,12,0,0,0,1,1,0,1,1,1,0.0,0.207516,1,0.0,1,6,2,18,0.3382,0.0432,GREEN,38,Kolkata
CLM0053913,KOL_08079,Behala,2025-09-18,21,0,0,0,0,0,0,0,0,0,0.0,0.182548,1,0.0,0,420,3,3,0.2939,0.0,GREEN,51,Kolkata
CLM0053914,KOL_04647,Sealdah,2022-12-07,7,0,0,0,0,0,0,0,1,0,0.0,0.0,0,0.0,0,324,2,6,0.8035,0.2111,GREEN,37,Kolkata
CLM0053915,KOL_03989,Salt Lake,2024-09-12,7,0,0,0,0,0,0,0,0,0,0.0,0.29594,0,0.0,0,420,2,2,0.145,0.0221,GREEN,29,Kolkata
CLM0053916,KOL_01965,Salt Lake,2021-02-25,20,0,0,0,0,0,0,0,0,0,0.0,0.243396,1,0.0,0,269,4,1,0.98,0.0716,GREEN,37,Kolkata
CLM0053917,KOL_01257,Salt Lake,2021-05-04,7,0,0,0,0,0,0,0,0,0,0.0,0.336501,0,0.0,0,356,2,4,0.4741,0.0369,GREEN,31,Kolkata
CLM0053918,KOL_09989,Dum Dum,2019-06-05,12,0,0,0,0,0,0,0,0,0,0.0,0.106319,1,0.0,0,281,4,1,0.98,0.0,GREEN,39,Kolkata
CLM0053919,KOL_07521,New Town,2022-04-17,10,0,0,0,0,0,0,0,0,0,0.0,0.230161,0,0.0,0,420,4,8,0.05,0.1397,GREEN,22,Kolkata
CLM0053920,KOL_04220,New Town,2024-01-27,11,0,0,0,0,0,0,0,0,0,0.0,0.252849,0,0.0,0,43,0,0,0.3821,0.0121,GREEN,30,Kolkata
CLM0053921,KOL_09117,Dum Dum,2025-09-11,19,0,0,0,0,0,0,0,0,0,0.0,0.0,0,0.0,0,420,0,4,0.663,0.0545,GREEN,49,Kolkata
CLM0053922,KOL_04554,Howrah,2024-09-05,12,0,0,0,0,0,1,0,0,0,0.0,0.1666,0,0.0,0,350,2,2,0.8638,0.0503,GREEN,37,Kolkata
CLM0053923,KOL_03729,Howrah,2021-08-16,18,0,0,0,0,0,0,0,0,0,0.0,0.046338,0,0.0,0,420,0,0,0.7217,0.1655,GREEN,22,Kolkata
CLM0053924,KOL_04314,Salt Lake,2021-02-14,21,0,0,0,0,0,1,0,0,0,0.0,0.404221,0,0.0,0,420,2,2,0.7418,0.133,GREEN,49,Kolkata
CLM0053925,KOL_06287,Garia,2024-04-06,16,0,0,0,0,0,0,0,0,0,0.0,0.132556,0,0.0,0,153,1,0,0.7407,0.0014,GREEN,29,Kolkata
CLM0053926,KOL_03299,Sealdah,2021-09-21,12,0,0,0,0,0,0,0,0,0,0.0,0.34327,0,0.0,0,138,2,2,0.9685,0.0311,GREEN,38,Kolkata
CLM0053927,KOL_03777,Howrah,2022-01-04,11,0,0,0,0,0,0,1,0,0,0.0,0.242873,0,0.0,0,420,2,1,0.1416,0.0273,GREEN,36,Kolkata
CLM0053928,KOL_02479,Salt Lake,2024-06-28,20,0,0,0,0,0,0,0,0,0,0.0,0.137853,0,0.0,0,183,1,3,0.6569,0.0,GREEN,47,Kolkata
CLM0053929,KOL_09704,Howrah,2021-10-11,7,0,0,0,0,0,0,0,0,0,0.0,0.208307,1,0.0,0,247,1,4,0.711,0.0241,GREEN,37,Kolkata
CLM0053930,KOL_01413,Howrah,2024-11-23,7,0,0,0,0,0,0,0,0,0,1.0,0.175005,0,0.0,0,351,4,1,0.8617,0.1676,GREEN,33,Kolkata
CLM0053931,KOL_00182,Park Street,2023-09-05,18,0,0,0,0,0,1,1,0,0,0.0,0.120962,0,0.0,0,387,2,6,0.6384,0.1636,GREEN,19,Kolkata
CLM0053932,KOL_00725,Dum Dum,2024-07-13,8,0,0,0,0,0,0,0,0,0,0.0,0.113707,0,0.0,0,89,0,0,0.7151,0.0,GREEN,46,Kolkata
CLM0053933,KOL_03785,Sealdah,2022-09-09,11,0,0,0,0,0,1,0,0,0,0.0,0.156775,0,1.0,0,56,4,0,0.6255,0.1319,GREEN,69,Kolkata
CLM0053934,KOL_03471,Sealdah,2020-02-14,15,0,0,0,0,0,0,0,1,0,0.0,0.242179,0,0.0,0,106,3,0,0.6222,0.082,GREEN,22,Kolkata
CLM0053935,KOL_05201,Sealdah,2020-09-11,21,0,0,0,0,0,0,0,0,0,0.0,0.284188,0,0.0,0,408,4,5,0.8657,0.0317,GREEN,25,Kolkata
CLM0053936,KOL_04849,Esplanade,2023-04-13,17,0,0,0,0,0,0,0,0,0,1.0,0.081228,0,0.0,0,297,1,1,0.6546,0.0205,GREEN,18,Kolkata
CLM0053937,KOL_00407,Tollygunge,2017-11-20,12,0,0,0,0,0,0,0,0,0,0.0,0.38141,0,0.0,0,170,3,1,0.6585,0.0652,GREEN,44,Kolkata
CLM0053938,KOL_08126,Salt Lake,2019-10-17,9,0,0,0,0,0,0,0,0,0,0.0,0.314424,0,0.0,0,325,0,0,0.6776,0.0,GREEN,23,Kolkata
CLM0053939,KOL_09976,Tollygunge,2016-08-09,7,0,0,0,0,0,0,1,0,1,1.0,0.954663,1,1.0,1,5,2,18,0.1579,0.0552,GREEN,35,Kolkata
CLM0053940,KOL_06130,Garia,2016-05-03,17,0,0,0,0,0,0,0,0,0,0.0,0.979018,1,0.0,0,420,3,2,0.6498,0.0481,GREEN,30,Kolkata
CLM0053941,KOL_00159,Garia,2016-08-21,8,0,0,0,1,1,1,1,1,1,1.0,0.988841,0,1.0,1,36,2,18,0.05,0.0,GREEN,47,Kolkata
CLM0053942,KOL_05361,Dum Dum,2018-06-07,15,0,0,0,0,0,1,0,0,0,1.0,1.0,0,0.0,0,235,1,4,0.8683,0.0354,GREEN,45,Kolkata
CLM0053943,KOL_05623,Salt Lake,2020-11-01,9,0,0,0,0,0,0,0,0,0,0.0,0.173959,0,1.0,0,350,1,4,0.868,0.0527,GREEN,33,Kolkata
CLM0053944,KOL_00763,Sealdah,2024-07-16,19,0,0,0,0,0,0,0,0,0,0.0,0.190348,0,0.0,0,420,2,1,0.7192,0.0456,GREEN,29,Kolkata
CLM0053945,KOL_00513,Behala,2023-08-28,13,0,0,0,0,0,0,0,0,1,0.0,0.077748,0,0.0,0,420,3,0,0.8243,0.2835,GREEN,38,Kolkata
CLM0053946,KOL_08596,Sealdah,2018-05-15,17,0,0,0,0,0,0,0,0,0,0.0,0.227152,0,0.0,0,172,1,4,0.6085,0.0,GREEN,37,Kolkata
CLM0053947,KOL_06866,Park Street,2023-08-30,7,0,0,0,0,0,0,0,0,0,0.0,0.089,0,0.0,0,15,3,4,0.9133,0.0147,GREEN,53,Kolkata
CLM0053948,KOL_04904,Esplanade,2023-10-06,20,0,0,0,0,1,0,0,1,0,0.0,0.11623,0,0.0,0,420,4,3,0.98,0.4354,YELLOW,31,Kolkata
CLM0053949,KOL_01339,Park Street,2025-07-07,20,0,0,0,0,0,0,0,1,0,0.0,0.271561,0,0.0,0,111,2,0,0.98,0.1118,GREEN,18,Kolkata
CLM0053950,KOL_09500,Salt Lake,2024-02-02,21,0,0,0,1,0,0,0,0,0,1.0,0.095657,0,0.0,0,379,2,5,0.8297,0.1923,GREEN,58,Kolkata
CLM0053951,KOL_09839,Tollygunge,2025-09-25,19,0,0,0,0,0,0,0,0,0,0.0,0.200986,1,0.0,0,378,2,3,0.6266,0.0736,GREEN,36,Kolkata
CLM0053952,KOL_03469,Garia,2025-06-04,7,0,0,0,0,0,0,0,0,0,0.0,0.337512,0,0.0,0,383,0,2,0.6148,0.0392,GREEN,18,Kolkata
CLM0053953,KOL_01318,Howrah,2025-10-22,12,0,0,0,0,0,0,0,0,0,1.0,0.99021,0,1.0,0,240,2,0,0.6946,0.0,GREEN,43,Kolkata
CLM0053954,KOL_07651,Sealdah,2023-11-02,11,0,0,0,0,0,0,0,0,0,0.0,0.0,0,0.0,0,99,1,4,0.6887,0.0079,GREEN,49,Kolkata
CLM0053955,KOL_04219,Sealdah,2023-02-15,15,0,0,0,0,1,0,0,0,0,0.0,0.170892,1,0.0,0,156,3,4,0.8745,0.1378,GREEN,19,Kolkata
CLM0053956,KOL_08839,Tollygunge,2024-04-16,17,0,0,0,0,0,0,0,0,0,0.0,0.115234,0,0.0,0,208,2,1,0.602,0.0475,GREEN,40,Kolkata
CLM0053957,KOL_09771,Salt Lake,2022-09-01,12,0,0,0,1,0,0,1,0,1,0.0,0.208115,0,0.0,0,346,1,4,0.6302,0.3501,YELLOW,32,Kolkata
CLM0053958,KOL_01285,Howrah,2021-12-20,8,0,0,0,0,0,0,0,0,0,0.0,0.034695,0,0.0,0,236,3,5,0.1438,0.0395,GREEN,44,Kolkata
CLM0053959,KOL_02085,Garia,2022-05-24,10,0,0,0,0,0,1,0,0,0,0.0,0.315221,0,0.0,0,420,4,0,0.7206,0.082,GREEN,33,Kolkata
CLM0053960,KOL_08722,Park Street,2020-09-27,11,0,0,0,0,0,1,0,0,0,0.0,0.255652,0,0.0,0,267,0,5,0.6525,0.0448,GREEN,41,Kolkata
CLM0053961,KOL_03495,Park Street,2025-11-30,11,0,0,0,1,1,1,1,0,1,1.0,1.0,0,1.0,0,5,0,18,0.2051,0.0,GREEN,40,Kolkata
CLM0053962,KOL_09054,Park Street,2022-01-13,11,0,0,0,0,0,0,0,0,0,0.0,0.305107,0,0.0,0,420,4,5,0.1099,0.0,GREEN,41,Kolkata
CLM0053963,KOL_06598,Howrah,2019-04-02,16,0,0,0,0,0,0,0,1,0,1.0,1.0,0,1.0,0,385,3,6,0.8219,0.0587,GREEN,49,Kolkata
CLM0053964,KOL_03751,Garia,2021-07-13,11,0,0,0,1,0,0,0,1,0,0.0,0.326806,0,1.0,0,251,1,3,0.7341,0.2502,GREEN,42,Kolkata
CLM0053965,KOL_02776,Garia,2023-11-11,17,0,0,0,0,0,0,0,0,0,1.0,0.117979,0,0.0,0,162,4,2,0.2068,0.0428,GREEN,28,Kolkata
CLM0053966,KOL_07910,New Town,2024-05-24,20,0,0,0,0,0,0,0,0,0,0.0,0.273362,0,0.0,0,420,2,2,0.98,0.0457,GREEN,28,Kolkata
CLM0053967,KOL_03580,Sealdah,2025-01-13,10,0,0,0,0,0,0,0,0,0,0.0,0.0,0,0.0,0,315,3,1,0.674,0.0,GREEN,28,Kolkata
CLM0053968,KOL_05844,Tollygunge,2022-04-06,21,0,0,0,0,0,0,0,0,0,1.0,0.057437,0,0.0,0,163,2,3,0.6129,0.0,GREEN,56,Kolkata
CLM0053969,KOL_08058,Esplanade,2020-06-27,20,0,0,0,0,0,0,0,0,0,0.0,0.373835,0,0.0,0,412,0,0,0.8359,0.0,GREEN,30,Kolkata
CLM0053970,KOL_05178,Salt Lake,2024-06-13,8,0,0,0,0,0,0,0,1,0,0.0,0.047652,0,0.0,0,83,3,0,0.8982,0.1228,GREEN,37,Kolkata
CLM0053971,KOL_07356,Howrah,2021-09-18,12,0,0,0,0,0,0,0,0,0,0.0,0.272534,0,0.0,0,308,4,3,0.6655,0.0,GREEN,34,Kolkata
CLM0053972,KOL_09131,Park Street,2019-12-10,18,0,0,0,0,0,0,1,0,0,1.0,1.0,0,0.0,1,420,3,6,0.948,0.2573,GREEN,53,Kolkata
CLM0053973,KOL_08683,Howrah,2020-05-22,18,0,0,0,0,0,0,0,0,0,0.0,0.342774,0,0.0,1,206,4,4,0.6789,0.0,GREEN,28,Kolkata
CLM0053974,KOL_02376,Behala,2022-05-21,21,0,0,0,0,0,0,0,0,0,1.0,0.103735,0,0.0,0,389,0,4,0.843,0.062,GREEN,33,Kolkata
CLM0053975,KOL_05937,Dum Dum,2025-09-02,17,0,0,0,0,0,0,0,0,1,1.0,0.906681,0,1.0,0,420,2,1,0.4697,0.0538,GREEN,42,Kolkata
CLM0053976,KOL_09927,Esplanade,2023-08-04,19,0,1,1,0,0,0,0,1,0,0.0,0.271055,0,1.0,0,92,2,0,0.6001,0.1577,GREEN,39,Kolkata
CLM0053977,KOL_03875,Esplanade,2025-01-23,17,0,0,0,0,0,1,0,0,0,0.0,0.129146,0,0.0,0,34,2,1,0.8515,0.1848,GREEN,36,Kolkata
CLM0053978,KOL_00532,Salt Lake,2023-04-03,21,0,0,0,0,0,0,0,0,0,0.0,0.050024,0,0.0,0,384,1,0,0.8302,0.0,GREEN,43,Kolkata
CLM0053979,KOL_08848,Park Street,2025-06-05,21,0,0,0,0,0,0,0,0,0,1.0,0.200617,0,0.0,0,141,0,2,0.8947,0.0942,GREEN,32,Kolkata
CLM0053980,KOL_08179,New Town,2022-02-13,10,0,0,0,0,0,1,0,0,0,0.0,0.269169,0,0.0,0,5,1,0,0.7374,0.0866,GREEN,28,Kolkata
CLM0053981,KOL_05063,Dum Dum,2024-06-18,19,0,0,0,0,0,0,0,0,0,0.0,0.342622,0,0.0,0,223,4,7,0.7942,0.0,GREEN,22,Kolkata
CLM0053982,KOL_02029,Garia,2022-04-10,21,0,0,0,0,0,0,0,0,1,0.0,0.973955,0,0.0,0,328,0,4,0.6772,0.0552,GREEN,18,Kolkata
CLM0053983,KOL_02231,Behala,2025-09-14,20,0,0,0,0,1,0,0,0,1,0.0,0.123739,0,0.0,0,347,4,0,0.1854,0.3188,YELLOW,33,Kolkata
CLM0053984,KOL_02992,Garia,2025-07-08,8,0,0,0,0,0,0,0,0,0,0.0,0.262245,0,0.0,0,367,4,1,0.1375,0.0,GREEN,49,Kolkata
CLM0053985,KOL_04460,New Town,2025-07-04,20,0,0,0,0,0,0,0,0,0,1.0,0.121735,0,0.0,0,198,4,2,0.8285,0.0,GREEN,32,Kolkata
CLM0053986,KOL_08862,Dum Dum,2025-12-08,9,0,0,0,0,0,1,0,0,0,1.0,0.379679,0,0.0,0,268,2,3,0.1859,0.1258,GREEN,33,Kolkata
CLM0053987,KOL_05068,Dum Dum,2025-01-26,8,0,0,0,0,0,0,0,0,0,0.0,0.082759,0,0.0,0,121,3,0,0.7978,0.0393,GREEN,27,Kolkata
CLM0053988,KOL_09872,New Town,2024-06-10,15,0,0,0,0,1,0,0,0,0,0.0,1.0,0,0.0,0,411,0,3,0.1975,0.0,GREEN,28,Kolkata
CLM0053989,KOL_05747,Esplanade,2024-04-10,12,0,0,0,0,0,1,1,1,1,0.0,0.112078,0,0.0,1,5,0,16,0.98,0.0,GREEN,26,Kolkata
CLM0053990,KOL_08739,Tollygunge,2024-07-21,18,0,0,0,0,0,0,0,0,0,0.0,0.412865,1,0.0,0,253,2,0,0.493,0.1493,GREEN,25,Kolkata
CLM0053991,KOL_08058,Esplanade,2024-05-25,7,0,0,0,0,0,0,0,0,1,0.0,0.211224,0,0.0,0,130,0,7,0.6186,0.1438,GREEN,30,Kolkata
CLM0053992,KOL_04519,Park Street,2024-03-07,15,0,0,0,0,0,0,0,0,0,0.0,0.26376,0,0.0,0,420,3,0,0.9679,0.0,GREEN,55,Kolkata
CLM0053993,KOL_05472,Esplanade,2025-10-06,13,0,0,0,0,0,0,0,0,0,0.0,0.13155,0,0.0,0,398,3,3,0.7811,0.0169,GREEN,55,Kolkata
CLM0053994,KOL_00341,Howrah,2024-06-09,21,0,0,0,0,0,0,1,0,0,0.0,0.170368,0,0.0,0,310,1,2,0.5677,0.0056,GREEN,51,Kolkata
CLM0053995,KOL_07880,Behala,2024-09-18,16,0,0,0,0,0,0,0,0,0,0.0,0.215194,0,0.0,0,420,1,0,0.26,0.1048,GREEN,23,Kolkata
CLM0053996,KOL_00708,Dum Dum,2025-07-07,15,0,0,0,0,0,0,0,1,0,1.0,0.082073,0,0.0,0,71,0,4,0.9393,0.1198,GREEN,24,Kolkata
CLM0053997,KOL_01280,Sealdah,2024-12-14,9,0,0,0,0,0,0,0,0,0,0.0,0.154321,0,0.0,0,406,0,5,0.2753,0.0084,GREEN,34,Kolkata
CLM0053998,KOL_08785,Sealdah,2025-11-06,17,0,0,0,0,0,1,0,0,0,1.0,0.032609,0,1.0,0,303,2,7,0.7584,0.1568,GREEN,38,Kolkata
CLM0053999,KOL_03478,Howrah,2025-10-09,17,0,0,0,0,0,0,0,0,0,1.0,0.371829,0,0.0,0,367,2,0,0.8019,0.1049,GREEN,31,Kolkata
CLM0054000,KOL_09238,Howrah,2024-10-17,20,0,0,0,0,0,1,0,0,0,0.0,0.400334,0,0.0,1,343,4,0,0.8138,0.1109,GREEN,21,Kolkata
CLM0054001,KOL_04516,Park Street,2024-09-21,16,0,0,0,1,0,0,0,0,0,0.0,0.421835,0,0.0,0,420,4,2,0.6138,0.2138,GREEN,40,Kolkata
CLM0054002,KOL_02522,Howrah,2022-09-16,7,0,0,0,0,0,0,0,0,0,0.0,0.222432,0,0.0,0,183,4,6,0.5691,0.0209,GREEN,30,Kolkata
CLM0054003,KOL_02482,Sealdah,2020-07-23,7,0,1,1,1,1,0,1,1,0,0.0,0.967754,1,1.0,1,8,2,18,0.0847,0.682,RED,35,Kolkata
CLM0054004,KOL_05029,Garia,2025-02-05,10,0,1,1,1,1,0,0,1,0,1.0,0.980603,1,0.0,1,42,1,18,0.31,0.7498,RED,33,Kolkata
CLM0054005,KOL_08804,Esplanade,2020-02-15,9,0,1,1,0,0,0,0,0,0,0.0,0.0,0,1.0,0,101,1,0,0.6801,0.4482,YELLOW,35,Kolkata
CLM0054006,KOL_03583,Salt Lake,2022-06-26,12,0,1,1,0,1,0,1,1,1,1.0,0.226531,0,0.0,1,27,2,18,0.3645,0.5816,YELLOW,47,Kolkata
CLM0054007,KOL_03679,New Town,2024-04-18,15,0,0,0,0,0,0,0,0,0,1.0,0.965234,0,1.0,0,420,1,0,0.6704,0.0126,GREEN,38,Kolkata
CLM0054008,KOL_05621,Garia,2025-09-11,14,0,0,0,0,0,0,0,0,0,0.0,0.151274,0,0.0,0,326,3,1,0.7206,0.0,GREEN,54,Kolkata
CLM0054009,KOL_04438,New Town,2023-08-02,14,0,0,0,0,0,0,0,0,0,0.0,0.054336,0,0.0,0,420,3,8,0.1124,0.0,GREEN,45,Kolkata
CLM0054010,KOL_07407,Tollygunge,2023-09-02,21,0,0,0,0,0,0,0,0,0,0.0,0.279394,0,0.0,0,162,3,1,0.5192,0.0,GREEN,46,Kolkata
CLM0054011,KOL_08312,Salt Lake,2023-08-22,19,0,0,0,0,0,0,0,0,0,0.0,0.297141,0,0.0,0,330,4,4,0.5778,0.0476,GREEN,36,Kolkata
CLM0054012,KOL_08159,Esplanade,2024-03-31,17,0,0,0,0,0,1,0,0,0,0.0,0.157136,0,0.0,0,247,0,2,0.9765,0.0916,GREEN,53,Kolkata
CLM0054013,KOL_01906,Esplanade,2024-04-10,11,0,0,0,0,0,0,0,0,0,0.0,0.0,0,0.0,0,356,2,5,0.8756,0.0,GREEN,38,Kolkata
CLM0054014,KOL_04728,Esplanade,2025-06-02,12,0,0,0,0,0,0,0,0,0,0.0,0.123439,0,0.0,0,263,3,1,0.7308,0.0,GREEN,37,Kolkata
CLM0054015,KOL_08345,Tollygunge,2016-01-21,7,0,0,0,0,0,0,0,0,0,0.0,0.247044,0,0.0,0,393,1,0,0.8294,0.0176,GREEN,54,Kolkata
CLM0054016,KOL_09321,Salt Lake,2024-07-04,20,0,0,0,0,0,0,0,0,0,0.0,0.421009,0,1.0,0,139,0,4,0.9621,0.1691,GREEN,34,Kolkata
CLM0054017,KOL_03203,Dum Dum,2015-11-15,8,0,0,0,0,0,0,0,0,0,0.0,0.102653,0,0.0,0,420,2,2,0.9559,0.0368,GREEN,50,Kolkata
CLM0054018,KOL_07096,Behala,2024-03-04,18,0,0,0,1,0,0,1,0,1,1.0,0.081936,0,1.0,0,15,1,18,0.05,0.0,GREEN,41,Kolkata
CLM0054019,KOL_06784,Salt Lake,2023-12-28,16,0,0,0,0,0,0,0,0,0,0.0,0.088391,0,0.0,1,64,3,5,0.744,0.0676,GREEN,46,Kolkata
CLM0054020,KOL_00860,Sealdah,2023-10-16,20,0,0,0,0,0,0,0,0,0,0.0,0.261741,0,0.0,0,99,0,0,0.8196,0.0225,GREEN,38,Kolkata
CLM0054021,KOL_04500,Dum Dum,2023-08-30,16,0,0,0,0,0,0,0,0,0,1.0,0.454992,0,0.0,0,311,0,6,0.9615,0.2112,GREEN,43,Kolkata
CLM0054022,KOL_09019,Tollygunge,2025-04-09,20,0,0,0,0,0,0,0,0,0,0.0,0.093246,0,0.0,0,232,3,1,0.05,0.0,GREEN,46,Kolkata
CLM0054023,KOL_05602,Esplanade,2023-10-02,20,0,0,0,0,0,0,0,0,0,0.0,0.061861,0,0.0,0,420,1,2,0.896,0.0557,GREEN,36,Kolkata
CLM0054024,KOL_02896,Dum Dum,2022-05-17,21,0,0,0,0,0,0,0,1,0,0.0,0.115243,0,0.0,1,266,0,0,0.2302,0.143,GREEN,41,Kolkata
CLM0054025,KOL_08002,Salt Lake,2025-01-29,13,0,0,0,0,0,0,0,0,0,1.0,0.32305,0,0.0,0,319,4,4,0.7553,0.0,GREEN,26,Kolkata
CLM0054026,KOL_00172,Tollygunge,2023-05-27,9,0,0,0,0,0,0,0,1,0,0.0,0.340482,0,0.0,0,308,3,0,0.6105,0.0293,GREEN,32,Kolkata
CLM0054027,KOL_05295,New Town,2023-08-22,7,0,0,0,0,0,0,0,0,0,1.0,0.170604,0,0.0,0,19,1,0,0.7261,0.1445,GREEN,31,Kolkata
CLM0054028,KOL_08501,Dum Dum,2024-09-08,13,0,0,0,0,0,0,0,0,0,0.0,0.227753,0,0.0,0,27,3,2,0.6121,0.0,GREEN,21,Kolkata
CLM0054029,KOL_09548,Behala,2024-09-15,14,0,0,0,0,0,0,0,0,0,0.0,0.360716,0,0.0,0,156,0,3,0.8367,0.0455,GREEN,25,Kolkata
CLM0054030,KOL_02895,Esplanade,2021-07-14,13,0,0,0,1,0,1,0,0,0,1.0,0.027527,0,0.0,0,251,1,1,0.1834,0.3218,YELLOW,38,Kolkata
CLM0054031,KOL_00060,Garia,2023-08-11,14,0,0,0,0,0,0,0,0,0,0.0,0.974862,0,0.0,0,64,4,5,0.6808,0.0,GREEN,29,Kolkata
CLM0054032,KOL_08857,Tollygunge,2022-07-05,16,0,0,0,0,0,0,0,0,0,0.0,1.0,0,0.0,0,116,4,2,0.7324,0.0429,GREEN,46,Kolkata
CLM0054033,KOL_00172,Tollygunge,2020-09-14,20,0,0,0,0,0,0,0,0,0,1.0,0.326235,0,0.0,0,247,4,4,0.8839,0.0251,GREEN,32,Kolkata
CLM0054034,KOL_05019,Garia,2021-12-04,15,0,0,0,0,0,0,0,0,0,0.0,0.983639,0,0.0,0,367,4,1,0.4562,0.0,GREEN,28,Kolkata
CLM0054035,KOL_09675,Garia,2025-10-13,15,0,0,0,0,0,0,0,0,0,0.0,0.395315,0,0.0,1,313,0,0,0.1479,0.1088,GREEN,25,Kolkata
CLM0054036,KOL_02822,Park Street,2018-12-11,21,0,0,0,0,0,0,0,0,1,0.0,0.27197,0,0.0,0,420,3,1,0.2768,0.1194,GREEN,51,Kolkata
CLM0054037,KOL_07851,Sealdah,2017-04-16,17,0,0,0,0,1,1,0,0,0,0.0,0.395384,1,0.0,0,312,3,0,0.9047,0.2046,GREEN,31,Kolkata
CLM0054038,KOL_08900,Tollygunge,2018-10-31,19,0,0,0,0,0,0,0,0,0,1.0,0.318931,0,0.0,0,147,4,5,0.0862,0.1024,GREEN,28,Kolkata
CLM0054039,KOL_00480,Howrah,2018-02-24,19,0,0,0,0,1,1,0,1,1,0.0,0.11855,1,0.0,0,29,3,18,0.7961,0.0239,GREEN,22,Kolkata
CLM0054040,KOL_09525,Behala,2017-10-19,8,0,0,0,0,0,0,0,0,0,0.0,0.400756,0,0.0,0,420,1,5,0.2917,0.0601,GREEN,36,Kolkata
CLM0054041,KOL_09709,Park Street,2024-10-12,20,0,0,0,0,0,0,0,0,0,0.0,0.949967,0,0.0,0,34,4,0,0.9136,0.0394,GREEN,48,Kolkata
CLM0054042,KOL_06767,Esplanade,2022-02-13,13,0,0,0,0,0,0,0,0,0,0.0,0.05463,0,0.0,0,149,4,0,0.3113,0.0,GREEN,33,Kolkata
CLM0054043,KOL_04989,New Town,2023-05-24,13,0,0,0,0,0,1,0,0,0,0.0,0.34822,0,0.0,0,217,2,5,0.6399,0.0503,GREEN,34,Kolkata
CLM0054044,KOL_05008,Park Street,2023-04-14,20,0,0,0,0,0,0,0,0,0,0.0,0.432043,0,0.0,0,168,2,0,0.6002,0.0072,GREEN,34,Kolkata
CLM0054045,KOL_08277,Sealdah,2022-09-16,8,0,0,0,0,0,0,0,0,0,0.0,0.337069,0,0.0,0,96,0,6,0.6458,0.0,GREEN,43,Kolkata
CLM0054046,KOL_09806,Salt Lake,2019-11-23,14,0,0,0,0,0,0,0,0,0,0.0,0.312031,0,0.0,0,116,1,7,0.765,0.0,GREEN,48,Kolkata
CLM0054047,KOL_01796,Garia,2021-10-10,12,0,0,0,0,0,0,1,1,0,0.0,0.048151,0,0.0,0,118,4,0,0.2488,0.1736,GREEN,48,Kolkata
CLM0054048,KOL_06770,Park Street,2016-10-04,19,0,0,0,1,0,0,0,0,0,0.0,0.370446,0,0.0,0,420,1,0,0.93,0.0965,GREEN,49,Kolkata
CLM0054049,KOL_00070,Salt Lake,2019-02-12,20,0,1,1,0,0,0,0,1,0,0.0,0.152372,0,0.0,0,420,4,0,0.7042,0.0498,GREEN,30,Kolkata
CLM0054050,KOL_02529,New Town,2016-04-08,13,0,0,0,0,0,0,0,0,0,0.0,0.183455,0,0.0,0,226,4,2,0.98,0.0759,GREEN,24,Kolkata
CLM0054051,KOL_07270,Tollygunge,2025-12-04,9,0,0,0,0,0,1,1,1,0,0.0,0.199574,0,1.0,0,420,0,0,0.8605,0.2644,GREEN,18,Kolkata
CLM0054052,KOL_06349,Sealdah,2018-05-19,19,0,0,0,0,0,0,0,0,0,0.0,0.226802,0,0.0,0,58,0,2,0.8203,0.0114,GREEN,44,Kolkata
CLM0054053,KOL_05142,Sealdah,2024-08-04,8,0,0,0,0,0,0,0,0,0,0.0,0.0,0,0.0,0,114,0,2,0.7178,0.0,GREEN,36,Kolkata
CLM0054054,KOL_00940,Tollygunge,2024-07-08,14,0,0,0,0,0,0,0,0,0,0.0,0.29595,0,1.0,0,305,3,0,0.5219,0.091,GREEN,40,Kolkata
CLM0054055,KOL_02025,Esplanade,2025-11-07,14,0,0,0,0,0,0,0,0,0,0.0,1.0,0,0.0,0,127,0,0,0.98,0.049,GREEN,47,Kolkata
CLM0054056,KOL_00332,Tollygunge,2025-09-14,15,0,0,0,1,0,0,0,1,0,0.0,0.008502,0,0.0,0,264,1,0,0.3459,0.2456,GREEN,54,Kolkata
CLM0054057,KOL_04250,Park Street,2024-08-15,18,0,0,0,0,0,0,0,0,0,0.0,0.071974,0,0.0,0,250,0,1,0.2479,0.0268,GREEN,47,Kolkata
CLM0054058,KOL_07099,Park Street,2025-12-18,8,0,0,0,0,0,0,0,0,0,0.0,0.242843,0,0.0,0,5,4,2,0.3029,0.0,GREEN,35,Kolkata
CLM0054059,KOL_08592,New Town,2025-11-05,13,0,0,0,0,0,0,0,0,0,0.0,0.030029,0,0.0,0,150,4,4,0.98,0.0819,GREEN,41,Kolkata
CLM0054060,KOL_06480,Esplanade,2025-04-21,9,0,0,0,0,0,1,0,0,0,0.0,0.14674,0,0.0,0,243,0,0,0.9318,0.1082,GREEN,28,Kolkata
CLM0054061,KOL_03679,New Town,2025-07-19,14,0,1,1,0,0,1,0,0,0,0.0,0.354081,0,0.0,1,381,4,0,0.5369,0.1384,GREEN,38,Kolkata
CLM0054062,KOL_01575,Sealdah,2025-03-03,9,0,0,0,0,0,0,0,0,0,0.0,0.231222,0,0.0,0,420,3,0,0.8017,0.0,GREEN,54,Kolkata
CLM0054063,KOL_02433,Park Street,2024-07-01,15,0,0,0,1,0,0,0,0,0,1.0,0.314815,0,0.0,0,138,3,2,0.8327,0.2137,GREEN,36,Kolkata
CLM0054064,KOL_03800,Esplanade,2025-05-21,16,0,0,0,0,1,0,0,0,0,0.0,0.198342,0,0.0,0,352,2,2,0.7938,0.1639,GREEN,30,Kolkata
CLM0054065,KOL_09280,Dum Dum,2021-03-07,10,0,0,0,0,0,0,0,0,0,0.0,0.0,0,0.0,0,24,0,0,0.8086,0.1353,GREEN,33,Kolkata
CLM0054066,KOL_04981,Garia,2019-11-26,19,0,0,0,0,0,1,0,0,0,0.0,0.183745,0,0.0,1,420,0,0,0.8891,0.1212,GREEN,42,Kolkata
CLM0054067,KOL_03265,Howrah,2022-12-08,16,0,0,0,0,0,0,0,0,0,0.0,0.142165,0,0.0,0,356,4,5,0.8074,0.0,GREEN,38,Kolkata
CLM0054068,KOL_09831,Dum Dum,2019-12-28,17,0,0,0,0,0,1,0,0,0,0.0,0.435992,0,0.0,0,188,4,5,0.7938,0.1157,GREEN,34,Kolkata
CLM0054069,KOL_04147,New Town,2018-05-13,16,0,0,0,0,0,0,0,0,0,0.0,0.152859,0,0.0,0,89,1,3,0.7995,0.1445,GREEN,36,Kolkata
CLM0054070,KOL_05230,New Town,2025-10-12,11,0,0,0,0,0,0,0,0,0,0.0,0.360582,0,0.0,0,144,2,1,0.9266,0.0,GREEN,48,Kolkata
CLM0054071,KOL_05388,Esplanade,2017-06-28,9,0,0,0,0,0,0,0,1,0,0.0,0.261493,0,0.0,0,371,3,0,0.8291,0.0293,GREEN,18,Kolkata
CLM0054072,KOL_07904,Behala,2017-11-16,16,0,0,0,0,0,0,0,0,0,1.0,0.406583,0,0.0,0,370,3,1,0.5222,0.0063,GREEN,18,Kolkata
CLM0054073,KOL_07794,Salt Lake,2025-01-09,20,0,0,0,0,0,0,0,0,0,0.0,0.043174,0,0.0,0,169,1,3,0.296,0.0,GREEN,42,Kolkata
CLM0054074,KOL_07506,Behala,2019-02-22,14,0,0,0,0,0,0,0,0,0,0.0,0.203578,0,0.0,0,363,2,0,0.7529,0.1593,GREEN,51,Kolkata
CLM0054075,KOL_05254,Howrah,2021-01-30,12,0,0,0,0,0,0,0,0,0,1.0,0.0,0,0.0,0,88,0,2,0.9791,0.0384,GREEN,36,Kolkata
CLM0054076,KOL_09622,Behala,2019-04-10,15,0,1,1,1,0,1,1,1,1,1.0,0.914006,0,0.0,1,26,0,18,0.05,0.7241,RED,34,Kolkata
CLM0054077,KOL_09828,Park Street,2016-11-28,19,0,1,1,0,0,0,0,0,1,0.0,0.160347,0,0.0,0,309,0,1,0.7478,0.6182,RED,47,Kolkata
CLM0054078,KOL_09036,New Town,2025-03-08,16,0,1,1,1,0,1,1,1,1,1.0,1.0,0,1.0,0,13,2,18,0.2343,0.5819,YELLOW,39,Kolkata
CLM0054079,KOL_06342,New Town,2019-11-20,16,0,1,1,0,1,1,1,1,1,0.0,1.0,0,1.0,0,18,2,18,0.05,0.6706,RED,42,Kolkata
CLM0054080,KOL_06217,Sealdah,2016-09-18,14,0,1,1,1,1,1,1,1,1,0.0,0.327962,0,0.0,1,5,2,18,0.3472,0.8014,RED,21,Kolkata
CLM0054081,KOL_09138,Salt Lake,2024-03-01,17,0,1,1,1,1,0,0,0,1,0.0,0.223903,0,0.0,0,22,1,18,0.3566,0.5789,YELLOW,47,Kolkata
CLM0054082,KOL_00352,Park Street,2019-10-18,19,0,1,1,0,1,1,0,1,1,0.0,0.0,1,0.0,0,14,0,18,0.8322,0.6113,RED,43,Kolkata
CLM0054083,KOL_04871,Salt Lake,2023-03-10,17,0,1,1,0,1,0,0,0,1,1.0,0.949888,1,0.0,1,5,2,18,0.2494,0.4868,YELLOW,44,Kolkata
CLM0054084,KOL_06549,Park Street,2021-01-22,17,0,1,1,1,1,0,1,0,1,0.0,1.0,0,0.0,1,5,0,18,0.1353,0.7781,RED,33,Kolkata
CLM0054085,KOL_05504,New Town,2015-11-15,18,0,1,1,1,0,1,0,1,1,0.0,0.030829,0,0.0,1,30,0,18,0.9478,0.6219,RED,65,Kolkata
CLM0054086,KOL_07374,Park Street,2024-12-13,18,0,1,1,0,0,1,0,0,0,1.0,0.323773,0,1.0,0,202,0,2,0.05,0.1381,GREEN,24,Kolkata
CLM0054087,KOL_05590,Park Street,2020-07-01,17,0,0,0,0,0,0,0,0,0,0.0,0.027129,0,0.0,0,125,2,0,0.6068,0.0921,GREEN,40,Kolkata
CLM0054088,KOL_05283,Tollygunge,2023-03-07,11,0,0,0,0,0,0,0,0,0,0.0,0.143085,0,0.0,0,348,4,0,0.6678,0.0206,GREEN,36,Kolkata
CLM0054089,KOL_08052,Garia,2021-04-20,9,0,0,0,0,0,0,0,0,0,1.0,0.227358,0,0.0,0,45,0,3,0.9287,0.0353,GREEN,48,Kolkata
CLM0054090,KOL_06008,Dum Dum,2021-01-12,12,0,0,0,0,0,1,0,0,0,0.0,0.262747,0,0.0,0,45,3,5,0.7276,0.1142,GREEN,32,Kolkata
CLM0054091,KOL_02383,Behala,2023-04-27,13,0,0,0,0,0,0,0,0,0,0.0,0.28199,0,1.0,0,368,0,3,0.5574,0.0031,GREEN,30,Kolkata
CLM0054092,KOL_01349,Dum Dum,2020-11-20,13,0,0,0,0,0,0,0,0,0,0.0,0.21969,0,0.0,0,279,1,1,0.6146,0.1066,GREEN,42,Kolkata
CLM0054093,KOL_02743,Park Street,2023-01-18,13,0,0,0,0,0,0,0,0,0,0.0,0.86509,0,0.0,0,238,0,2,0.4584,0.0,GREEN,27,Kolkata
CLM0054094,KOL_03939,Garia,2025-07-08,9,0,0,0,0,0,0,0,0,0,0.0,0.263265,0,0.0,0,387,3,0,0.5357,0.0,GREEN,40,Kolkata
CLM0054095,KOL_06704,New Town,2023-05-26,11,0,0,0,0,0,0,0,0,0,0.0,0.9943,0,0.0,0,296,3,2,0.6047,0.0226,GREEN,52,Kolkata
CLM0054096,KOL_03077,Tollygunge,2022-06-25,11,0,0,0,0,0,1,0,0,0,0.0,0.309177,0,0.0,0,111,0,2,0.9508,0.0537,GREEN,32,Kolkata
CLM0054097,KOL_03532,Park Street,2023-03-29,17,0,0,0,0,0,1,0,0,0,0.0,0.984132,0,0.0,0,206,3,2,0.875,0.1454,GREEN,40,Kolkata
CLM0054098,KOL_02936,Sealdah,2020-10-21,21,0,0,0,0,0,1,0,1,0,0.0,0.150106,0,1.0,1,226,2,1,0.5345,0.228,GREEN,43,Kolkata
CLM0054099,KOL_09934,Park Street,2021-10-03,9,0,0,0,0,0,0,0,0,0,0.0,0.407217,0,0.0,0,420,2,0,0.98,0.0,GREEN,29,Kolkata
CLM0054100,KOL_06182,Dum Dum,2019-05-18,20,0,1,1,0,0,0,0,0,0,1.0,0.403609,0,0.0,0,213,3,0,0.7833,0.0711,GREEN,39,Kolkata
CLM0054101,KOL_04751,Salt Lake,2019-07-09,12,0,0,0,0,0,0,0,0,0,1.0,0.400593,0,0.0,0,175,1,0,0.6863,0.0145,GREEN,27,Kolkata
CLM0054102,KOL_01115,Behala,2023-07-25,19,0,0,0,0,0,0,0,0,0,0.0,0.20836,0,0.0,0,287,1,0,0.5807,0.0877,GREEN,46,Kolkata
CLM0054103,KOL_05112,Dum Dum,2025-11-04,17,0,0,0,0,0,0,0,0,0,0.0,0.061301,0,0.0,0,264,0,2,0.9278,0.0221,GREEN,48,Kolkata
CLM0054104,KOL_07532,Tollygunge,2023-05-04,16,0,0,0,1,0,1,1,1,1,0.0,0.227493,0,0.0,0,6,0,18,0.98,0.1218,GREEN,35,Kolkata
CLM0054105,KOL_07448,Garia,2023-04-24,13,0,0,0,0,0,0,0,0,0,0.0,0.079953,0,0.0,0,363,2,3,0.05,0.027,GREEN,38,Kolkata
CLM0054106,KOL_04406,Dum Dum,2024-08-08,8,0,0,0,0,0,0,0,0,1,0.0,0.292903,0,0.0,0,124,0,3,0.6237,0.0807,GREEN,18,Kolkata
CLM0054107,KOL_02572,Sealdah,2025-02-08,13,0,0,0,0,0,0,0,0,0,0.0,0.061078,0,0.0,0,363,4,1,0.9639,0.0043,GREEN,36,Kolkata
CLM0054108,KOL_09067,Tollygunge,2025-03-06,20,0,0,0,0,0,0,1,0,1,0.0,0.385918,0,0.0,0,168,4,3,0.519,0.2098,GREEN,42,Kolkata
CLM0054109,KOL_03684,Garia,2025-04-04,13,0,0,0,0,1,0,0,0,0,0.0,0.053871,0,0.0,0,97,1,3,0.7044,0.1456,GREEN,48,Kolkata
CLM0054110,KOL_02033,Esplanade,2025-02-28,14,0,0,0,0,0,0,0,0,0,0.0,0.037708,0,0.0,0,253,1,1,0.7605,0.105,GREEN,23,Kolkata
CLM0054111,KOL_07441,Park Street,2017-06-17,19,0,0,0,0,0,0,0,1,0,0.0,0.294139,0,0.0,0,167,3,2,0.7268,0.0551,GREEN,25,Kolkata
CLM0054112,KOL_07422,Behala,2018-03-05,11,0,0,0,0,0,0,1,0,1,0.0,0.122609,0,0.0,0,383,4,0,0.8458,0.254,GREEN,38,Kolkata
CLM0054113,KOL_00912,New Town,2024-12-21,20,0,0,0,0,0,1,0,0,0,0.0,1.0,0,0.0,0,216,3,1,0.8292,0.1225,GREEN,27,Kolkata
CLM0054114,KOL_01457,Garia,2022-08-20,18,0,0,0,0,0,0,0,0,1,0.0,0.298466,0,0.0,0,119,0,2,0.98,0.1409,GREEN,31,Kolkata
CLM0054115,KOL_02105,Dum Dum,2018-03-22,9,0,0,0,0,0,0,0,0,0,0.0,0.318774,0,0.0,0,420,2,3,0.6647,0.0,GREEN,20,Kolkata
CLM0054116,KOL_04090,Esplanade,2018-04-06,12,0,0,0,0,0,0,0,0,0,0.0,0.149285,0,0.0,0,115,2,2,0.7881,0.0,GREEN,21,Kolkata
CLM0054117,KOL_01719,Howrah,2025-08-03,9,0,0,0,0,0,0,0,0,0,0.0,0.957912,0,0.0,0,223,1,0,0.5815,0.0289,GREEN,40,Kolkata
CLM0054118,KOL_09948,Park Street,2023-04-07,17,0,0,0,1,0,1,0,0,0,0.0,0.128303,0,0.0,0,53,1,0,0.9051,0.2886,GREEN,50,Kolkata
CLM0054119,KOL_09897,New Town,2017-09-28,18,0,0,0,0,0,0,0,0,0,0.0,0.172748,0,0.0,0,375,2,2,0.8679,0.0389,GREEN,18,Kolkata
CLM0054120,KOL_01859,Garia,2025-08-23,7,0,0,0,0,1,0,0,0,0,0.0,0.141742,0,0.0,0,229,3,3,0.952,0.15,GREEN,38,Kolkata
CLM0054121,KOL_06191,Park Street,2025-09-29,13,0,0,0,0,0,0,0,0,0,0.0,0.388378,0,0.0,0,175,3,0,0.8929,0.0269,GREEN,42,Kolkata
CLM0054122,KOL_06232,Dum Dum,2022-07-29,7,0,0,0,0,0,0,0,0,0,0.0,0.210508,0,0.0,0,94,4,2,0.5106,0.0136,GREEN,28,Kolkata
CLM0054123,KOL_03974,Esplanade,2023-11-29,12,0,0,0,0,0,1,0,0,0,0.0,0.38057,0,1.0,0,337,4,5,0.8215,0.1371,GREEN,19,Kolkata
CLM0054124,KOL_04821,Esplanade,2024-04-19,7,0,0,0,0,0,0,0,0,0,0.0,0.208026,0,0.0,0,71,1,2,0.7818,0.0261,GREEN,61,Kolkata
CLM0054125,KOL_03280,Salt Lake,2025-03-25,12,0,0,0,0,1,0,0,0,0,0.0,0.21044,0,0.0,0,109,3,3,0.6392,0.1012,GREEN,43,Kolkata
CLM0054126,KOL_08491,Salt Lake,2025-10-04,20,0,0,0,0,0,0,0,0,0,0.0,0.105848,0,1.0,0,216,3,5,0.6296,0.0382,GREEN,34,Kolkata
CLM0054127,KOL_07766,New Town,2025-05-19,19,0,0,0,0,0,0,0,0,0,0.0,0.137014,0,0.0,0,83,0,0,0.7476,0.0,GREEN,44,Kolkata
CLM0054128,KOL_05403,Salt Lake,2024-12-12,13,0,0,0,0,0,0,0,0,0,0.0,0.189151,0,0.0,0,168,2,3,0.8654,0.0046,GREEN,44,Kolkata
CLM0054129,KOL_00526,Howrah,2024-08-02,21,0,0,0,0,0,0,1,0,0,0.0,0.197478,0,0.0,0,339,2,0,0.171,0.0852,GREEN,36,Kolkata
CLM0054130,KOL_02421,Esplanade,2025-02-03,17,0,0,0,0,0,0,0,0,0,0.0,0.12085,0,0.0,0,139,4,3,0.5804,0.0,GREEN,45,Kolkata
CLM0054131,KOL_09573,Sealdah,2025-12-18,9,0,0,0,0,1,0,1,0,0,0.0,0.043163,0,0.0,0,313,1,4,0.1932,0.166,GREEN,18,Kolkata
CLM0054132,KOL_06423,Howrah,2025-12-16,13,0,0,0,0,0,0,0,0,0,1.0,0.966294,0,0.0,0,149,1,5,0.863,0.0226,GREEN,31,Kolkata
CLM0054133,KOL_02825,Park Street,2022-04-15,12,0,0,0,0,0,0,1,0,0,0.0,0.103845,0,0.0,0,401,4,2,0.9166,0.0427,GREEN,46,Kolkata
CLM0054134,KOL_05649,Garia,2024-09-30,21,0,0,0,0,0,0,0,0,0,0.0,0.113558,0,0.0,0,243,0,0,0.6508,0.0617,GREEN,36,Kolkata
CLM0054135,KOL_07145,Dum Dum,2024-10-11,17,0,0,0,0,0,0,0,0,0,0.0,0.283089,0,0.0,0,111,2,1,0.723,0.085,GREEN,43,Kolkata
CLM0054136,KOL_03259,New Town,2022-09-22,9,0,0,0,0,0,0,1,0,0,0.0,0.347139,1,0.0,0,45,1,3,0.5692,0.0737,GREEN,28,Kolkata
CLM0054137,KOL_07067,New Town,2021-05-23,8,0,0,0,0,1,0,0,0,0,0.0,0.08251,0,0.0,0,355,0,7,0.98,0.1942,GREEN,47,Kolkata
CLM0054138,KOL_03266,Garia,2022-12-21,12,0,0,0,0,0,0,0,0,0,0.0,0.286815,0,0.0,1,355,1,7,0.98,0.1567,GREEN,40,Kolkata
CLM0054139,KOL_00079,New Town,2021-07-06,21,0,0,0,0,0,0,0,1,0,1.0,0.058876,0,0.0,0,224,0,4,0.05,0.1388,GREEN,22,Kolkata
CLM0054140,KOL_00097,Esplanade,2021-11-08,15,0,0,0,0,0,0,0,0,0,0.0,0.326026,0,0.0,0,289,2,4,0.0513,0.0039,GREEN,50,Kolkata
CLM0054141,KOL_09075,Tollygunge,2023-03-12,20,0,0,0,0,0,0,0,0,0,0.0,0.236496,1,0.0,0,34,1,3,0.9296,0.055,GREEN,41,Kolkata
CLM0054142,KOL_07382,Dum Dum,2023-07-18,10,0,0,0,0,0,0,0,0,0,0.0,0.995735,0,0.0,0,420,0,4,0.5711,0.0,GREEN,29,Kolkata
CLM0054143,KOL_03567,Sealdah,2023-11-23,12,0,0,0,0,0,0,0,0,0,0.0,0.346688,0,0.0,0,420,4,4,0.7277,0.004,GREEN,20,Kolkata
CLM0054144,KOL_08488,Salt Lake,2021-01-04,13,0,0,0,0,0,0,0,0,0,0.0,0.195351,0,0.0,0,333,1,0,0.1829,0.0712,GREEN,50,Kolkata
CLM0054145,KOL_02589,Behala,2025-03-06,14,0,0,0,0,0,0,0,0,0,0.0,0.167623,0,0.0,1,386,4,2,0.6625,0.1296,GREEN,39,Kolkata
CLM0054146,KOL_07881,Garia,2023-11-25,8,0,0,0,1,0,0,0,1,0,0.0,0.166807,0,0.0,0,312,1,0,0.292,0.2821,GREEN,18,Kolkata
CLM0054147,KOL_02541,Esplanade,2025-11-12,13,0,0,0,0,0,1,0,0,0,1.0,0.376434,0,0.0,0,373,0,1,0.7619,0.1726,GREEN,41,Kolkata
CLM0054148,KOL_01238,Park Street,2024-12-07,18,0,0,0,0,0,0,0,0,0,0.0,0.268016,0,0.0,0,183,2,6,0.5694,0.056,GREEN,34,Kolkata
CLM0054149,KOL_05747,Esplanade,2024-07-16,17,0,0,0,0,0,0,0,0,0,0.0,0.203973,0,0.0,0,52,0,4,0.7555,0.0,GREEN,26,Kolkata
CLM0054150,KOL_02661,Esplanade,2023-03-02,18,0,0,0,0,0,0,0,0,0,0.0,0.313622,0,0.0,0,120,2,4,0.8399,0.0168,GREEN,34,Kolkata
CLM0054151,KOL_09904,Dum Dum,2022-04-03,18,0,0,0,0,0,0,0,0,0,0.0,0.135274,0,0.0,0,37,3,3,0.8581,0.0,GREEN,28,Kolkata
CLM0054152,KOL_09615,Park Street,2023-09-23,12,0,0,0,0,0,0,0,0,0,0.0,0.97723,0,0.0,0,170,3,0,0.1561,0.0769,GREEN,43,Kolkata
CLM0054153,KOL_04175,Tollygunge,2024-08-01,17,0,0,0,0,0,0,0,0,0,0.0,0.218547,0,0.0,0,420,3,2,0.795,0.0,GREEN,24,Kolkata
CLM0054154,KOL_07284,Salt Lake,2022-02-18,11,0,0,0,0,0,0,0,0,0,0.0,0.167766,0,0.0,0,403,2,2,0.5045,0.0,GREEN,42,Kolkata
CLM0054155,KOL_03410,New Town,2021-03-04,17,0,1,1,0,0,0,0,0,0,0.0,0.070825,0,0.0,0,267,0,0,0.9236,0.4978,YELLOW,33,Kolkata
CLM0054156,KOL_00292,New Town,2023-07-01,9,0,1,1,0,0,1,1,0,0,1.0,0.21342,0,1.0,1,5,1,18,0.5134,0.303,GREEN,22,Kolkata
CLM0054157,KOL_09750,Garia,2025-12-30,19,0,0,0,0,1,0,0,0,1,0.0,0.380229,0,0.0,1,170,4,0,0.98,0.3036,GREEN,18,Kolkata
CLM0054158,KOL_02322,Garia,2023-07-31,7,0,0,0,0,0,0,0,1,0,1.0,0.312101,0,0.0,0,420,3,0,0.6126,0.1008,GREEN,32,Kolkata
CLM0054159,KOL_09847,Howrah,2024-10-25,13,0,0,0,0,0,0,0,1,0,0.0,0.361049,0,0.0,0,192,2,3,0.9117,0.1403,GREEN,48,Kolkata
CLM0054160,KOL_02107,Garia,2024-05-05,20,0,0,0,1,1,0,1,0,0,1.0,0.27325,0,1.0,1,5,3,18,0.2056,0.0,GREEN,48,Kolkata
CLM0054161,KOL_00441,Tollygunge,2024-01-16,7,0,0,0,0,0,0,0,0,0,0.0,0.426685,0,1.0,0,144,1,0,0.98,0.0,GREEN,34,Kolkata
CLM0054162,KOL_07021,Salt Lake,2025-12-15,13,0,0,0,0,0,0,0,0,0,1.0,0.314556,0,0.0,0,113,1,4,0.9402,0.1367,GREEN,31,Kolkata
CLM0054163,KOL_04917,Tollygunge,2024-10-15,13,0,0,0,0,0,0,0,0,0,0.0,0.060165,0,1.0,0,246,1,4,0.1694,0.0,GREEN,37,Kolkata
CLM0054164,KOL_05449,Behala,2025-11-13,14,0,0,0,0,0,1,0,0,0,0.0,0.304149,0,0.0,0,332,1,1,0.6493,0.0818,GREEN,39,Kolkata
CLM0054165,KOL_09503,Garia,2025-04-21,18,0,0,0,0,0,0,0,0,0,0.0,0.008545,0,0.0,0,83,4,2,0.05,0.0448,GREEN,38,Kolkata
CLM0054166,KOL_03392,Garia,2019-12-28,13,0,0,0,0,0,0,0,0,0,1.0,0.37751,0,0.0,1,49,3,3,0.8049,0.0342,GREEN,35,Kolkata
CLM0054167,KOL_08155,Dum Dum,2020-08-26,21,0,0,0,0,0,0,0,0,0,0.0,0.363992,0,0.0,0,178,1,1,0.708,0.0681,GREEN,34,Kolkata
CLM0054168,KOL_05274,New Town,2025-08-15,11,0,0,0,0,0,0,0,0,0,0.0,0.080032,0,0.0,1,74,3,0,0.384,0.0939,GREEN,41,Kolkata
CLM0054169,KOL_08932,Tollygunge,2025-08-04,17,0,0,0,0,0,0,0,0,0,0.0,0.036273,0,0.0,0,72,3,1,0.98,0.0,GREEN,45,Kolkata
CLM0054170,KOL_07921,Dum Dum,2025-07-04,19,0,0,0,0,0,0,0,0,0,1.0,0.960553,0,0.0,0,376,2,6,0.3639,0.0609,GREEN,39,Kolkata
CLM0054171,KOL_03165,Sealdah,2025-08-10,21,0,0,0,0,0,0,0,0,0,0.0,0.080511,0,0.0,0,125,4,1,0.1781,0.0376,GREEN,23,Kolkata
CLM0054172,KOL_02331,Behala,2025-12-09,20,0,0,0,0,0,0,0,0,1,0.0,0.33388,0,0.0,0,420,3,0,0.7444,0.0553,GREEN,53,Kolkata
CLM0054173,KOL_01668,Garia,2024-09-01,9,0,0,0,0,0,0,0,0,0,0.0,0.031716,0,0.0,0,149,0,5,0.8982,0.0,GREEN,18,Kolkata
CLM0054174,KOL_09563,Park Street,2022-12-10,13,0,0,0,0,0,0,1,0,0,0.0,0.136224,0,0.0,0,271,2,5,0.8053,0.0493,GREEN,36,Kolkata
CLM0054175,KOL_03084,Howrah,2025-10-24,17,0,0,0,0,0,0,0,0,0,0.0,0.140716,0,0.0,0,304,2,4,0.8821,0.0,GREEN,23,Kolkata
CLM0054176,KOL_06656,Esplanade,2024-04-05,19,0,0,0,0,0,1,0,0,0,0.0,0.090618,1,0.0,0,183,1,8,0.7072,0.2298,GREEN,33,Kolkata
CLM0054177,KOL_03072,Garia,2021-08-18,7,0,0,0,0,0,0,0,1,0,0.0,0.139358,0,0.0,1,420,4,0,0.8431,0.11,GREEN,25,Kolkata
CLM0054178,KOL_01548,Salt Lake,2019-04-13,10,0,0,0,0,0,0,0,0,0,0.0,0.968071,0,0.0,0,163,2,0,0.1159,0.0,GREEN,30,Kolkata
CLM0054179,KOL_06300,Sealdah,2024-11-02,18,0,0,0,0,0,0,0,0,0,0.0,0.952128,0,0.0,0,363,1,0,0.6609,0.042,GREEN,43,Kolkata
CLM0054180,KOL_00542,Howrah,2021-06-01,14,0,0,0,0,0,0,0,0,0,0.0,0.364135,0,0.0,0,233,0,1,0.7474,0.0,GREEN,50,Kolkata
CLM0054181,KOL_09327,Sealdah,2020-08-25,20,0,0,0,1,0,0,0,0,0,0.0,0.103835,0,0.0,0,390,4,2,0.8695,0.1447,GREEN,45,Kolkata
CLM0054182,KOL_07366,Esplanade,2024-06-09,20,0,0,0,1,0,0,0,0,0,0.0,0.265702,1,0.0,0,276,0,6,0.6749,0.0,GREEN,24,Kolkata
CLM0054183,KOL_01040,Garia,2024-08-12,13,0,0,0,0,0,0,1,0,0,0.0,0.032926,0,0.0,0,212,3,2,0.98,0.1425,GREEN,44,Kolkata
CLM0054184,KOL_06520,Tollygunge,2025-08-03,21,0,0,0,0,0,0,0,1,0,1.0,0.175112,0,0.0,0,397,2,4,0.7153,0.1386,GREEN,26,Kolkata
CLM0054185,KOL_03898,Sealdah,2025-12-22,21,0,0,0,0,0,0,0,0,0,0.0,0.0,0,0.0,0,302,1,3,0.1905,0.0712,GREEN,39,Kolkata
CLM0054186,KOL_03284,Garia,2024-05-12,17,0,0,0,0,0,0,1,0,0,1.0,0.0,0,0.0,0,359,2,1,0.8617,0.1445,GREEN,34,Kolkata
CLM0054187,KOL_06766,Park Street,2024-08-07,8,0,0,0,1,0,0,0,0,0,0.0,0.286485,0,0.0,0,204,4,3,0.9278,0.2598,GREEN,39,Kolkata
CLM0054188,KOL_05786,Garia,2023-09-25,8,0,0,0,0,0,0,0,0,0,0.0,0.0,0,0.0,0,83,1,4,0.8312,0.0145,GREEN,31,Kolkata
CLM0054189,KOL_03729,Howrah,2024-05-22,10,0,0,0,0,0,0,0,0,0,1.0,0.278235,0,0.0,0,51,2,0,0.98,0.0243,GREEN,22,Kolkata
CLM0054190,KOL_01314,Garia,2025-07-09,12,0,0,0,0,0,0,0,0,0,1.0,1.0,0,1.0,0,111,4,1,0.871,0.0382,GREEN,23,Kolkata
CLM0054191,KOL_04824,Tollygunge,2023-08-29,15,0,0,0,0,0,1,0,0,0,0.0,0.347346,0,0.0,0,78,3,1,0.6952,0.0873,GREEN,39,Kolkata
CLM0054192,KOL_02316,Dum Dum,2024-12-10,11,0,0,0,0,0,1,0,1,0,0.0,0.120567,0,0.0,0,344,1,2,0.1101,0.1527,GREEN,26,Kolkata
CLM0054193,KOL_09050,Esplanade,2023-08-06,13,0,0,0,0,0,0,1,0,0,0.0,0.277009,0,0.0,0,420,1,1,0.1966,0.1232,GREEN,27,Kolkata
CLM0054194,KOL_06153,Garia,2025-12-26,9,0,0,0,0,0,0,0,0,0,0.0,1.0,0,0.0,0,420,0,4,0.1619,0.0,GREEN,20,Kolkata
CLM0054195,KOL_01666,Esplanade,2021-12-07,9,0,0,0,0,0,1,0,0,0,0.0,0.188424,1,0.0,0,177,4,0,0.469,0.1562,GREEN,18,Kolkata
CLM0054196,KOL_09480,New Town,2023-12-07,10,0,0,0,0,0,0,0,0,0,0.0,0.083264,0,0.0,0,16,2,2,0.6469,0.0267,GREEN,38,Kolkata
CLM0054197,KOL_07844,Dum Dum,2021-06-18,19,0,0,0,0,0,0,0,0,0,0.0,0.01888,1,0.0,0,420,0,3,0.6453,0.0607,GREEN,26,Kolkata
CLM0054198,KOL_01478,Salt Lake,2023-06-24,14,0,0,0,0,0,0,1,0,0,0.0,0.184589,0,0.0,0,33,4,3,0.631,0.0,GREEN,52,Kolkata
CLM0054199,KOL_00244,Park Street,2023-09-21,16,0,0,0,0,0,0,1,0,0,0.0,0.32477,0,0.0,0,125,4,0,0.9617,0.0929,GREEN,18,Kolkata
CLM0054200,KOL_01916,Salt Lake,2019-07-22,12,0,0,0,0,0,0,0,0,0,0.0,0.379907,0,0.0,0,199,0,0,0.1005,0.0092,GREEN,35,Kolkata
CLM0054201,KOL_09729,Park Street,2023-03-15,18,0,0,0,0,0,0,0,0,0,0.0,0.053909,0,0.0,0,125,1,0,0.1266,0.0478,GREEN,48,Kolkata
CLM0054202,KOL_03247,Salt Lake,2024-08-24,10,0,0,0,0,0,1,0,0,0,0.0,0.0,0,0.0,0,420,1,2,0.4785,0.1191,GREEN,43,Kolkata
CLM0054203,KOL_06064,Esplanade,2020-09-01,20,0,0,0,0,0,0,0,0,0,0.0,0.103,0,0.0,0,47,2,0,0.8259,0.0,GREEN,48,Kolkata
CLM0054204,KOL_06367,Esplanade,2023-04-21,9,0,0,0,0,0,0,0,0,0,1.0,0.368532,0,0.0,0,362,0,2,0.8401,0.0,GREEN,32,Kolkata
CLM0054205,KOL_03043,Behala,2023-10-30,10,0,0,0,0,1,0,0,0,0,0.0,0.133011,0,0.0,0,5,2,1,0.745,0.1772,GREEN,35,Kolkata
CLM0054206,KOL_00957,Howrah,2025-05-13,18,0,0,0,0,0,0,0,0,0,0.0,0.088672,0,0.0,0,105,2,2,0.535,0.0,GREEN,53,Kolkata
CLM0054207,KOL_07279,Behala,2024-03-09,16,0,0,0,0,0,0,0,0,1,0.0,0.030648,0,0.0,0,420,2,6,0.98,0.0816,GREEN,25,Kolkata
CLM0054208,KOL_08703,Tollygunge,2025-08-30,16,0,0,0,0,0,0,0,0,0,0.0,0.404431,0,0.0,1,208,0,0,0.3062,0.0,GREEN,43,Kolkata
CLM0054209,KOL_01084,Sealdah,2023-11-04,10,0,0,0,0,0,1,0,0,1,0.0,0.133223,0,0.0,0,420,0,0,0.594,0.2347,GREEN,54,Kolkata
CLM0054210,KOL_00277,Sealdah,2023-07-01,11,0,0,0,0,0,0,0,0,0,1.0,0.008233,0,0.0,0,420,0,0,0.8161,0.1355,GREEN,32,Kolkata
CLM0054211,KOL_08232,Tollygunge,2025-09-22,8,0,0,0,0,0,0,0,0,0,0.0,0.217189,0,0.0,0,231,1,1,0.5914,0.089,GREEN,60,Kolkata
CLM0054212,KOL_08581,Behala,2025-11-03,20,0,1,1,0,0,0,0,0,0,0.0,0.192298,0,0.0,0,420,4,3,0.8053,0.0,GREEN,31,Kolkata
CLM0054213,KOL_08157,Esplanade,2025-03-14,15,0,0,0,0,0,1,0,0,0,0.0,0.15122,0,0.0,0,399,3,0,0.5888,0.1261,GREEN,34,Kolkata
CLM0054214,KOL_04434,New Town,2025-07-03,18,0,0,0,0,0,0,0,0,0,0.0,0.347484,0,0.0,0,112,2,4,0.8194,0.0806,GREEN,31,Kolkata
CLM0054215,KOL_08913,Dum Dum,2025-12-29,16,0,0,0,0,0,0,0,0,0,0.0,0.235401,1,0.0,0,65,1,2,0.6708,0.0083,GREEN,19,Kolkata
CLM0054216,KOL_05822,Esplanade,2025-02-24,12,0,0,0,0,0,0,0,0,0,0.0,0.295364,0,0.0,0,420,2,2,0.8647,0.0986,GREEN,29,Kolkata
CLM0054217,KOL_09697,Tollygunge,2025-05-07,21,0,0,0,0,0,0,0,0,0,0.0,0.407427,0,0.0,1,195,0,0,0.5565,0.0678,GREEN,41,Kolkata
CLM0054218,KOL_06080,Sealdah,2025-07-09,11,0,0,0,0,0,0,0,0,0,1.0,0.265023,0,0.0,0,241,1,4,0.869,0.07,GREEN,29,Kolkata
CLM0054219,KOL_00624,Howrah,2025-12-18,19,0,0,0,0,0,0,0,0,0,0.0,0.019444,1,0.0,0,420,3,1,0.6305,0.094,GREEN,38,Kolkata
CLM0054220,KOL_07805,Howrah,2025-03-16,17,0,0,0,0,0,0,0,0,0,1.0,0.247878,0,0.0,0,393,2,0,0.5938,0.0739,GREEN,44,Kolkata
CLM0054221,KOL_09449,Garia,2025-10-23,11,0,0,0,0,0,0,0,0,0,0.0,0.189209,0,0.0,0,70,2,5,0.7692,0.0,GREEN,45,Kolkata
CLM0054222,KOL_04347,New Town,2025-06-07,13,0,0,0,0,0,0,1,0,0,1.0,0.254624,0,0.0,0,54,2,0,0.7138,0.1512,GREEN,35,Kolkata
CLM0054223,KOL_09416,Salt Lake,2024-08-03,21,0,0,0,0,0,0,0,0,0,0.0,0.230284,1,0.0,0,215,0,3,0.8554,0.0827,GREEN,29,Kolkata
CLM0054224,KOL_06969,Garia,2025-05-07,17,0,0,0,0,0,0,0,0,0,1.0,0.233997,0,0.0,1,77,2,5,0.8112,0.1217,GREEN,36,Kolkata
CLM0054225,KOL_03079,Behala,2025-12-01,16,0,0,0,0,0,0,0,0,0,0.0,0.367697,0,0.0,0,353,3,0,0.166,0.0,GREEN,37,Kolkata
CLM0054226,KOL_02167,Garia,2025-01-05,12,0,0,0,0,0,0,0,0,0,0.0,0.057399,0,0.0,0,357,0,4,0.8243,0.0353,GREEN,42,Kolkata
CLM0054227,KOL_08667,Dum Dum,2025-10-06,7,0,0,0,0,0,0,0,1,0,0.0,0.314814,0,0.0,0,15,0,4,0.7264,0.0479,GREEN,32,Kolkata
CLM0054228,KOL_09589,New Town,2023-12-02,13,0,0,0,0,0,1,1,0,0,0.0,0.296596,0,0.0,0,276,3,0,0.2227,0.1451,GREEN,31,Kolkata
CLM0054229,KOL_07409,Park Street,2024-05-16,14,0,0,0,0,0,0,0,0,0,0.0,0.337425,0,0.0,0,84,2,0,0.9286,0.0528,GREEN,46,Kolkata
CLM0054230,KOL_01922,Salt Lake,2025-01-16,14,0,0,0,0,0,1,0,0,0,0.0,0.231275,0,0.0,0,355,1,0,0.7096,0.0888,GREEN,40,Kolkata
CLM0054231,KOL_08019,New Town,2023-05-15,16,0,0,0,0,0,0,0,0,0,0.0,0.943093,0,0.0,0,420,4,5,0.7661,0.1985,GREEN,32,Kolkata
CLM0054232,KOL_08244,Esplanade,2021-10-29,8,0,0,0,0,0,0,0,0,0,0.0,0.228126,0,0.0,1,59,3,2,0.3445,0.1115,GREEN,33,Kolkata
CLM0054233,KOL_03070,Esplanade,2025-01-17,15,0,0,0,0,0,0,0,0,0,1.0,0.089607,0,0.0,0,420,1,2,0.6763,0.1258,GREEN,21,Kolkata
CLM0054234,KOL_04402,New Town,2024-12-10,16,0,0,0,0,0,0,0,0,0,0.0,0.079204,0,1.0,1,351,2,2,0.876,0.0,GREEN,43,Kolkata
CLM0054235,KOL_08394,Salt Lake,2025-02-10,15,0,0,0,0,0,0,0,0,0,0.0,0.172044,0,0.0,0,221,0,2,0.0805,0.0331,GREEN,41,Kolkata
CLM0054236,KOL_09076,Esplanade,2024-04-13,14,0,0,0,1,0,0,0,0,0,0.0,0.096158,0,0.0,0,420,4,5,0.3775,0.194,GREEN,52,Kolkata
CLM0054237,KOL_01060,Behala,2025-12-01,9,0,0,0,0,0,0,0,0,0,0.0,0.338436,0,0.0,0,150,0,2,0.7547,0.0841,GREEN,32,Kolkata
CLM0054238,KOL_09727,New Town,2024-10-25,9,0,0,0,0,0,0,0,1,0,0.0,0.234757,0,0.0,0,12,1,2,0.6939,0.0803,GREEN,41,Kolkata
CLM0054239,KOL_05840,Dum Dum,2020-05-09,9,0,0,0,0,0,0,0,0,0,0.0,0.240509,0,0.0,0,123,4,3,0.7944,0.0,GREEN,46,Kolkata
CLM0054240,KOL_09766,Park Street,2018-12-23,11,0,0,0,0,0,0,0,0,0,1.0,0.308122,0,0.0,0,41,3,0,0.5023,0.073,GREEN,45,Kolkata
CLM0054241,KOL_02133,Sealdah,2025-05-11,15,0,0,0,0,0,0,0,1,0,0.0,0.213763,0,0.0,0,397,3,2,0.7716,0.0667,GREEN,45,Kolkata
CLM0054242,KOL_04082,Tollygunge,2018-03-08,17,0,0,0,0,0,0,0,0,1,0.0,0.310332,0,0.0,0,198,3,5,0.7454,0.1205,GREEN,29,Kolkata
CLM0054243,KOL_05972,Salt Lake,2019-05-13,8,0,0,0,0,0,0,0,0,0,0.0,0.381843,0,0.0,0,420,2,2,0.8475,0.0,GREEN,33,Kolkata
CLM0054244,KOL_02008,Sealdah,2025-02-14,17,0,0,0,0,0,0,1,0,0,0.0,0.226313,0,0.0,0,5,2,0,0.5773,0.0788,GREEN,48,Kolkata
CLM0054245,KOL_05752,Garia,2025-10-13,19,0,0,0,0,0,0,0,0,0,1.0,0.274271,1,0.0,0,46,1,6,0.4207,0.1325,GREEN,40,Kolkata
CLM0054246,KOL_01893,Sealdah,2025-11-01,17,0,0,0,0,0,0,0,0,0,1.0,0.156388,0,0.0,0,253,2,0,0.6802,0.0956,GREEN,42,Kolkata
CLM0054247,KOL_08921,New Town,2024-09-22,16,0,0,0,0,0,1,0,1,0,0.0,0.879864,0,0.0,0,185,0,0,0.6716,0.172,GREEN,31,Kolkata
CLM0054248,KOL_02059,New Town,2025-07-31,20,0,0,0,0,0,0,0,0,0,0.0,0.33256,0,0.0,0,254,4,3,0.7289,0.0,GREEN,41,Kolkata
CLM0054249,KOL_08439,Sealdah,2025-06-15,21,0,0,0,0,0,0,0,0,0,0.0,1.0,0,0.0,0,312,0,3,0.8947,0.0,GREEN,46,Kolkata
CLM0054250,KOL_03989,Salt Lake,2021-04-05,10,0,0,0,0,0,1,0,0,0,0.0,0.962909,0,0.0,0,184,2,2,0.4934,0.1005,GREEN,29,Kolkata
CLM0054251,KOL_09660,Howrah,2020-01-21,17,0,0,0,0,0,1,0,0,0,0.0,0.243335,0,0.0,0,193,3,4,0.6754,0.1838,GREEN,37,Kolkata
CLM0054252,KOL_00741,Dum Dum,2025-07-16,16,0,0,0,0,0,0,0,0,0,0.0,0.0,0,0.0,1,129,4,5,0.4966,0.0592,GREEN,41,Kolkata
CLM0054253,KOL_06500,Dum Dum,2022-04-27,16,0,0,0,0,0,0,0,0,0,0.0,0.022217,0,0.0,0,389,2,1,0.879,0.0631,GREEN,28,Kolkata
CLM0054254,KOL_05073,Tollygunge,2021-08-22,20,0,0,0,0,0,1,0,0,0,0.0,0.295578,0,0.0,0,420,0,4,0.9798,0.059,GREEN,45,Kolkata
CLM0054255,KOL_00312,Behala,2021-11-25,20,0,0,0,0,0,0,0,0,0,1.0,0.0,0,0.0,0,377,3,3,0.6453,0.0498,GREEN,30,Kolkata
CLM0054256,KOL_00023,Behala,2020-02-16,14,0,0,0,1,1,0,1,1,1,1.0,0.286848,0,1.0,0,5,1,18,0.3657,0.0188,GREEN,18,Kolkata
CLM0054257,KOL_03071,Garia,2020-10-25,19,0,0,0,0,0,0,0,0,0,0.0,0.391698,0,0.0,0,5,3,0,0.8846,0.0,GREEN,49,Kolkata
CLM0054258,KOL_05922,Garia,2019-10-06,21,0,0,0,0,0,0,0,0,0,0.0,0.243201,0,0.0,0,80,3,3,0.4619,0.0841,GREEN,32,Kolkata
CLM0054259,KOL_08469,Garia,2024-06-09,9,0,0,0,0,0,0,0,0,0,0.0,0.09567,0,0.0,1,247,3,0,0.7037,0.0147,GREEN,47,Kolkata
CLM0054260,KOL_05845,Esplanade,2022-08-24,7,0,0,0,0,0,1,0,0,0,0.0,0.197602,0,0.0,0,420,2,1,0.807,0.1662,GREEN,33,Kolkata
CLM0054261,KOL_00331,Behala,2025-05-18,21,0,0,0,0,0,0,0,0,1,0.0,0.156171,0,0.0,0,77,0,3,0.5921,0.1843,GREEN,35,Kolkata
CLM0054262,KOL_02514,Garia,2025-08-05,9,0,0,0,0,1,0,0,0,0,0.0,0.282622,0,0.0,0,122,4,2,0.5519,0.1092,GREEN,21,Kolkata
CLM0054263,KOL_05474,Garia,2023-10-23,11,0,0,0,0,0,0,0,0,0,0.0,0.352245,0,0.0,0,265,0,0,0.5153,0.0,GREEN,32,Kolkata
CLM0054264,KOL_04631,Howrah,2022-10-27,10,0,0,0,0,0,0,0,0,0,0.0,0.313491,0,0.0,1,21,2,2,0.6646,0.0078,GREEN,23,Kolkata
CLM0054265,KOL_00058,Garia,2024-07-18,10,0,0,0,0,0,0,0,0,0,0.0,0.054701,0,0.0,0,420,2,1,0.8626,0.0108,GREEN,24,Kolkata
CLM0054266,KOL_06679,New Town,2025-06-25,10,0,0,0,0,1,1,0,0,0,0.0,0.187727,0,0.0,0,241,1,1,0.2116,0.332,YELLOW,46,Kolkata
CLM0054267,KOL_07690,Dum Dum,2023-01-25,11,0,0,0,0,0,0,0,0,0,1.0,0.96624,0,1.0,0,267,2,4,0.5781,0.0305,GREEN,28,Kolkata
CLM0054268,KOL_01121,Esplanade,2025-02-06,19,0,0,0,0,0,0,0,0,0,0.0,0.278502,0,0.0,0,197,4,2,0.143,0.0,GREEN,37,Kolkata
CLM0054269,KOL_06184,Park Street,2023-08-11,21,0,0,0,0,0,0,0,0,0,1.0,0.38105,0,1.0,0,419,4,5,0.7898,0.0992,GREEN,38,Kolkata
CLM0054270,KOL_05872,Esplanade,2024-02-27,7,0,0,0,0,0,0,0,0,0,0.0,0.344513,0,0.0,0,279,2,0,0.5749,0.0021,GREEN,31,Kolkata
CLM0054271,KOL_09074,Tollygunge,2021-07-22,20,0,0,0,0,0,0,0,0,0,0.0,0.362878,0,0.0,0,333,2,0,0.7266,0.0804,GREEN,33,Kolkata
CLM0054272,KOL_00961,Tollygunge,2024-05-16,15,0,0,0,0,0,0,0,0,0,0.0,0.211022,0,0.0,0,420,1,1,0.6842,0.059,GREEN,47,Kolkata
CLM0054273,KOL_07707,Esplanade,2024-12-31,7,0,0,0,1,0,0,0,0,0,0.0,0.450211,0,0.0,0,93,0,2,0.8029,0.1913,GREEN,52,Kolkata
CLM0054274,KOL_04058,Park Street,2025-06-14,11,0,0,0,0,0,0,0,0,0,0.0,0.275137,0,0.0,0,251,0,4,0.741,0.0,GREEN,24,Kolkata
CLM0054275,KOL_00223,Behala,2022-12-15,15,0,0,0,0,0,0,0,1,0,0.0,0.334451,0,0.0,0,420,0,2,0.765,0.0,GREEN,37,Kolkata
CLM0054276,KOL_05140,Howrah,2023-03-12,19,0,0,0,0,0,0,0,0,0,0.0,0.390176,0,0.0,0,420,1,1,0.7471,0.0499,GREEN,39,Kolkata
CLM0054277,KOL_04680,Dum Dum,2025-01-19,18,0,0,0,1,0,0,0,0,0,0.0,0.175469,0,0.0,0,367,0,5,0.6046,0.0087,GREEN,42,Kolkata
CLM0054278,KOL_03519,Tollygunge,2024-09-10,15,0,0,0,0,0,0,0,0,0,1.0,0.303563,0,0.0,0,271,3,5,0.05,0.0,GREEN,22,Kolkata
CLM0054279,KOL_09919,Salt Lake,2023-12-28,12,0,0,0,0,0,0,0,1,0,0.0,0.249782,0,0.0,0,176,3,3,0.7989,0.0,GREEN,36,Kolkata
CLM0054280,KOL_02017,Esplanade,2022-12-27,12,0,0,0,0,0,0,0,0,1,0.0,0.285205,0,0.0,0,295,4,1,0.9289,0.1588,GREEN,29,Kolkata
CLM0054281,KOL_06203,Dum Dum,2024-06-13,12,0,0,0,0,0,0,0,1,0,0.0,0.252743,0,0.0,0,303,4,1,0.6433,0.0805,GREEN,42,Kolkata
CLM0054282,KOL_06843,Salt Lake,2025-01-13,12,0,0,0,0,0,0,0,0,0,0.0,0.309093,0,0.0,0,54,1,4,0.788,0.0,GREEN,54,Kolkata
CLM0054283,KOL_04757,Dum Dum,2022-07-09,7,0,0,0,0,0,0,0,0,0,0.0,0.092278,0,0.0,0,231,1,3,0.7834,0.0781,GREEN,45,Kolkata
CLM0054284,KOL_00116,Sealdah,2025-04-10,9,0,0,0,0,0,0,0,0,0,0.0,0.238576,1,0.0,0,362,0,1,0.8968,0.1099,GREEN,23,Kolkata
CLM0054285,KOL_06002,Behala,2024-08-11,19,0,0,0,0,0,0,0,0,0,0.0,0.363378,0,0.0,0,113,4,4,0.8231,0.0301,GREEN,37,Kolkata
CLM0054286,KOL_02043,Garia,2023-08-14,21,0,0,0,0,0,0,0,0,0,0.0,0.33925,0,0.0,0,390,2,0,0.5116,0.098,GREEN,32,Kolkata
CLM0054287,KOL_07099,Park Street,2024-09-30,20,0,0,0,0,0,0,0,1,0,0.0,0.177248,0,0.0,0,420,3,3,0.0952,0.096,GREEN,35,Kolkata
CLM0054288,KOL_07480,Sealdah,2023-08-30,14,0,0,0,0,0,0,0,0,0,1.0,0.305712,1,0.0,0,387,0,3,0.5469,0.0707,GREEN,47,Kolkata
CLM0054289,KOL_05241,Howrah,2023-08-19,10,0,0,0,0,0,0,0,0,0,0.0,0.243256,0,0.0,0,217,3,2,0.98,0.1124,GREEN,33,Kolkata
CLM0054290,KOL_06469,Esplanade,2024-06-19,7,0,0,0,0,0,1,0,0,0,0.0,1.0,0,0.0,0,245,1,3,0.1098,0.0846,GREEN,19,Kolkata
CLM0054291,KOL_08894,Sealdah,2025-12-13,20,0,0,0,0,0,0,0,0,0,1.0,0.32671,0,0.0,0,125,2,0,0.769,0.1364,GREEN,31,Kolkata
CLM0054292,KOL_03733,Esplanade,2021-10-14,14,0,0,0,0,0,0,0,0,0,0.0,1.0,0,0.0,0,187,0,3,0.307,0.0,GREEN,37,Kolkata
CLM0054293,KOL_08801,Garia,2021-10-27,14,0,0,0,0,0,0,0,0,0,0.0,0.302299,0,0.0,0,352,4,0,0.5964,0.0244,GREEN,41,Kolkata
CLM0054294,KOL_03848,Behala,2023-03-06,11,0,0,0,0,0,0,0,0,0,0.0,0.086084,0,0.0,0,420,4,3,0.7281,0.0448,GREEN,43,Kolkata
CLM0054295,KOL_06739,Dum Dum,2025-05-10,16,0,0,0,0,1,0,0,0,0,0.0,0.161615,0,0.0,0,405,1,0,0.9321,0.1825,GREEN,39,Kolkata
CLM0054296,KOL_01907,Park Street,2023-10-09,13,0,0,0,0,0,0,0,0,0,0.0,0.922598,0,0.0,0,269,4,3,0.4782,0.0,GREEN,23,Kolkata
CLM0054297,KOL_00869,Salt Lake,2025-10-10,20,0,0,0,0,0,0,1,0,0,0.0,1.0,0,0.0,0,194,0,0,0.05,0.0565,GREEN,40,Kolkata
CLM0054298,KOL_08244,Esplanade,2024-09-16,9,0,0,0,0,0,0,0,0,0,0.0,0.293342,0,0.0,0,244,2,4,0.98,0.0323,GREEN,33,Kolkata
CLM0054299,KOL_02403,Esplanade,2024-07-16,20,0,0,0,0,0,0,0,0,0,1.0,0.389504,0,0.0,0,226,4,1,0.7947,0.0912,GREEN,59,Kolkata
CLM0054300,KOL_05137,New Town,2024-07-14,13,0,0,0,0,0,0,0,1,0,0.0,0.135582,0,0.0,0,30,2,3,0.9503,0.0708,GREEN,47,Kolkata
CLM0054301,KOL_03808,Dum Dum,2023-03-01,13,0,0,0,0,0,0,0,0,0,0.0,0.1349,0,1.0,0,255,2,2,0.792,0.1131,GREEN,37,Kolkata
CLM0054302,KOL_06597,Behala,2023-06-29,17,0,0,0,0,0,0,0,0,0,1.0,0.249718,0,0.0,0,420,1,1,0.6681,0.0362,GREEN,24,Kolkata
CLM0054303,KOL_04594,Sealdah,2025-10-07,21,0,0,0,1,0,0,0,1,0,0.0,1.0,0,1.0,0,174,0,0,0.6802,0.2495,GREEN,42,Kolkata
CLM0054304,KOL_04048,Garia,2024-01-05,21,0,0,0,0,0,0,0,0,0,0.0,0.088225,0,0.0,0,200,0,0,0.6518,0.0025,GREEN,41,Kolkata
CLM0054305,KOL_01600,Behala,2025-04-10,16,0,0,0,0,0,1,0,0,0,0.0,0.33542,0,0.0,0,420,4,5,0.5609,0.0748,GREEN,47,Kolkata
CLM0054306,KOL_09024,Behala,2019-11-03,15,0,0,0,1,0,0,0,0,0,0.0,0.215551,0,0.0,0,373,3,0,0.9439,0.102,GREEN,44,Kolkata
CLM0054307,KOL_02255,Park Street,2024-03-19,17,0,0,0,0,0,0,0,0,1,0.0,0.097471,0,0.0,0,266,1,0,0.7718,0.1119,GREEN,44,Kolkata
CLM0054308,KOL_00506,Behala,2021-06-06,7,0,0,0,1,0,1,0,0,0,0.0,0.12437,0,0.0,0,420,1,7,0.5679,0.2731,GREEN,42,Kolkata
CLM0054309,KOL_04934,Salt Lake,2017-08-29,14,0,0,0,1,0,0,0,0,0,0.0,0.990397,0,0.0,0,339,2,5,0.872,0.2092,GREEN,30,Kolkata
CLM0054310,KOL_04262,Park Street,2025-12-28,18,0,0,0,0,0,1,0,0,0,0.0,0.257377,0,0.0,0,320,4,0,0.7438,0.0892,GREEN,39,Kolkata
CLM0054311,KOL_08956,Park Street,2025-04-01,20,0,0,0,1,0,0,0,0,0,0.0,0.140221,0,0.0,0,12,4,4,0.7511,0.2475,GREEN,35,Kolkata
CLM0054312,KOL_04771,Tollygunge,2022-06-26,14,0,0,0,1,1,0,1,0,1,1.0,0.926252,0,1.0,0,5,1,18,0.3082,0.0358,GREEN,32,Kolkata
CLM0054313,KOL_07356,Howrah,2019-01-28,12,0,0,0,0,0,0,0,1,0,0.0,0.16512,0,0.0,0,396,1,0,0.98,0.0735,GREEN,34,Kolkata
CLM0054314,KOL_07718,Dum Dum,2024-10-04,13,0,0,0,0,0,0,0,0,0,0.0,0.275844,0,0.0,0,420,0,2,0.728,0.0129,GREEN,33,Kolkata
CLM0054315,KOL_01713,Salt Lake,2019-06-24,10,0,0,0,0,0,0,0,0,0,1.0,0.335153,0,0.0,0,189,4,3,0.6541,0.0584,GREEN,37,Kolkata
CLM0054316,KOL_02552,Dum Dum,2023-03-28,10,0,0,0,0,0,0,1,0,0,0.0,0.174303,0,0.0,0,101,2,2,0.6603,0.0466,GREEN,40,Kolkata
CLM0054317,KOL_02100,Tollygunge,2023-07-04,20,0,0,0,0,0,0,0,1,1,1.0,0.362626,0,1.0,0,420,2,5,0.6985,0.2319,GREEN,25,Kolkata
CLM0054318,KOL_07252,Esplanade,2021-10-26,16,0,0,0,0,0,0,0,0,0,0.0,0.455531,0,0.0,0,52,0,0,0.9646,0.0,GREEN,43,Kolkata
CLM0054319,KOL_01962,Howrah,2022-04-27,7,0,1,1,0,0,0,0,0,0,0.0,0.01494,0,0.0,0,342,1,3,0.6052,0.0838,GREEN,42,Kolkata
CLM0054320,KOL_07300,Park Street,2018-11-01,15,0,0,0,0,0,0,0,1,0,1.0,0.056059,0,0.0,0,297,2,4,0.7289,0.256,GREEN,30,Kolkata
CLM0054321,KOL_07130,Dum Dum,2020-11-22,20,0,0,0,0,0,0,0,0,0,0.0,0.266092,0,0.0,0,5,2,3,0.125,0.0234,GREEN,39,Kolkata
CLM0054322,KOL_02163,Dum Dum,2025-02-04,20,0,0,0,0,1,0,0,0,0,0.0,0.344797,0,0.0,0,417,1,0,0.1601,0.257,GREEN,21,Kolkata
CLM0054323,KOL_07889,Behala,2023-08-07,20,0,0,0,0,0,0,0,0,0,0.0,0.0,0,0.0,0,64,4,1,0.467,0.0117,GREEN,43,Kolkata
CLM0054324,KOL_02630,Garia,2024-12-08,17,0,0,0,0,0,1,0,0,0,0.0,0.070919,0,0.0,0,368,1,3,0.461,0.0321,GREEN,30,Kolkata
CLM0054325,KOL_07289,Park Street,2024-05-16,13,0,0,0,0,1,0,0,0,0,0.0,0.303979,0,0.0,0,397,1,1,0.602,0.0944,GREEN,41,Kolkata
CLM0054326,KOL_09511,Behala,2021-06-13,17,0,1,1,0,0,0,0,0,0,0.0,0.358355,0,0.0,0,289,3,0,0.9652,0.0,GREEN,32,Kolkata
CLM0054327,KOL_04251,Salt Lake,2020-07-15,20,0,0,0,1,0,1,1,0,0,0.0,0.039882,1,0.0,0,175,0,5,0.2255,0.4776,YELLOW,44,Kolkata
CLM0054328,KOL_07144,Sealdah,2025-05-31,15,0,0,0,0,0,1,0,0,0,0.0,0.052927,1,0.0,0,350,0,4,0.05,0.2372,GREEN,21,Kolkata
CLM0054329,KOL_07288,Garia,2022-07-07,7,0,0,0,0,0,1,0,0,0,0.0,0.006808,0,0.0,0,102,4,6,0.7805,0.1081,GREEN,43,Kolkata
CLM0054330,KOL_02751,Howrah,2025-01-26,16,0,0,0,0,0,0,0,0,0,0.0,0.236741,0,0.0,0,189,4,1,0.1654,0.0052,GREEN,34,Kolkata
CLM0054331,KOL_00444,Esplanade,2024-09-30,9,0,0,0,1,0,0,0,1,0,1.0,1.0,0,1.0,1,48,0,1,0.9237,0.4196,YELLOW,41,Kolkata
CLM0054332,KOL_02130,Tollygunge,2023-02-03,7,0,0,0,0,0,0,0,0,0,0.0,0.27809,1,0.0,0,246,0,2,0.6116,0.0905,GREEN,38,Kolkata
CLM0054333,KOL_07140,Tollygunge,2024-10-27,8,0,1,1,0,1,1,1,1,0,1.0,0.906964,1,1.0,1,5,0,13,0.4091,0.6709,RED,41,Kolkata
CLM0054334,KOL_09492,Sealdah,2023-07-25,12,0,1,1,0,0,1,1,0,0,0.0,0.206225,1,0.0,1,5,2,18,0.877,0.4769,YELLOW,36,Kolkata
CLM0054335,KOL_05795,Park Street,2024-10-28,20,0,1,1,1,1,0,1,1,1,1.0,0.95796,0,1.0,1,5,2,18,0.1478,0.8049,RED,33,Kolkata
CLM0054336,KOL_06849,Howrah,2023-09-30,21,0,1,1,1,0,1,1,1,1,0.0,0.167828,1,0.0,0,5,0,12,0.8288,0.6972,RED,39,Kolkata
CLM0054337,KOL_01362,Behala,2025-11-29,17,0,1,1,0,0,1,1,1,1,0.0,0.025516,1,0.0,0,14,0,12,0.8201,0.5048,YELLOW,18,Kolkata
CLM0054338,KOL_02724,Garia,2023-11-13,7,0,1,1,1,1,1,0,1,1,1.0,0.93695,0,0.0,1,5,1,18,0.05,0.7303,RED,50,Kolkata
CLM0054339,KOL_08941,Esplanade,2024-08-12,21,0,1,1,1,1,0,1,1,0,0.0,1.0,1,0.0,1,17,0,18,0.05,0.5594,YELLOW,48,Kolkata
CLM0054340,KOL_00721,Howrah,2024-01-25,13,0,1,1,1,1,1,1,1,0,1.0,0.977877,0,0.0,1,5,2,18,0.1024,0.6927,RED,55,Kolkata
CLM0054341,KOL_04123,Behala,2024-06-25,9,0,1,1,0,1,1,0,0,1,1.0,0.641922,0,1.0,0,5,0,18,0.9698,0.4459,YELLOW,41,Kolkata
CLM0054342,KOL_05810,Salt Lake,2024-11-01,20,0,1,1,0,1,0,1,1,1,1.0,0.998942,0,0.0,1,29,1,18,0.1796,0.5456,YELLOW,38,Kolkata
CLM0054343,KOL_09808,New Town,2024-03-01,18,0,1,1,1,1,0,1,1,1,0.0,1.0,0,0.0,0,25,2,18,0.98,0.6128,RED,43,Kolkata
CLM0054344,KOL_04151,Park Street,2023-10-13,17,0,0,0,0,0,0,0,0,0,0.0,0.354674,0,0.0,0,235,3,4,0.7706,0.0,GREEN,31,Kolkata
CLM0054345,KOL_05022,New Town,2020-08-02,7,0,0,0,0,0,0,0,0,0,1.0,0.2199,1,0.0,0,188,3,1,0.9051,0.1452,GREEN,39,Kolkata
CLM0054346,KOL_00573,Dum Dum,2022-10-19,21,0,0,0,0,0,0,0,0,0,0.0,0.299093,0,0.0,0,283,4,0,0.7326,0.0102,GREEN,27,Kolkata
CLM0054347,KOL_01483,Esplanade,2021-11-18,16,0,0,0,0,0,0,1,1,0,0.0,0.129521,0,0.0,0,420,0,0,0.7036,0.1642,GREEN,28,Kolkata
CLM0054348,KOL_04542,Behala,2025-09-03,7,0,0,0,0,0,0,0,0,0,0.0,0.114833,0,0.0,0,112,4,0,0.8228,0.0017,GREEN,34,Kolkata
CLM0054349,KOL_09012,Salt Lake,2020-05-19,8,0,0,0,0,0,0,0,0,0,0.0,0.151383,0,0.0,0,7,3,7,0.5922,0.0,GREEN,32,Kolkata
CLM0054350,KOL_00812,Behala,2023-06-18,20,0,0,0,0,0,0,0,0,0,0.0,0.010489,0,0.0,0,420,3,6,0.8727,0.0486,GREEN,26,Kolkata
CLM0054351,KOL_01774,Dum Dum,2020-03-23,18,0,0,0,0,0,0,0,1,1,0.0,0.303845,0,0.0,0,420,0,2,0.7822,0.2172,GREEN,63,Kolkata
CLM0054352,KOL_03804,Salt Lake,2022-12-23,7,0,0,0,0,0,0,0,1,0,0.0,0.334545,0,0.0,0,420,0,0,0.8169,0.1158,GREEN,52,Kolkata
CLM0054353,KOL_03386,Garia,2015-08-17,19,0,0,0,0,0,0,0,1,0,1.0,0.192019,0,0.0,0,357,0,1,0.744,0.1604,GREEN,45,Kolkata
CLM0054354,KOL_00960,Tollygunge,2025-01-31,12,0,0,0,0,0,1,1,0,0,1.0,0.342011,0,0.0,0,88,0,1,0.7888,0.1738,GREEN,34,Kolkata
CLM0054355,KOL_01954,Garia,2023-12-23,11,0,0,0,0,0,0,0,0,0,1.0,0.94779,0,1.0,0,74,3,4,0.949,0.0194,GREEN,28,Kolkata
CLM0054356,KOL_03604,Dum Dum,2015-02-23,14,0,0,0,0,0,0,1,0,0,0.0,0.293504,1,0.0,0,184,2,2,0.6276,0.2152,GREEN,25,Kolkata
CLM0054357,KOL_05277,Dum Dum,2015-02-13,19,0,0,0,0,0,0,0,0,0,0.0,0.078759,0,0.0,0,420,3,3,0.7209,0.0606,GREEN,38,Kolkata
CLM0054358,KOL_02518,Park Street,2022-04-13,7,0,0,0,1,0,0,0,0,0,0.0,0.944414,0,0.0,0,105,3,1,0.7492,0.074,GREEN,33,Kolkata
CLM0054359,KOL_04369,Tollygunge,2023-07-27,16,0,0,0,0,0,1,0,0,0,0.0,0.178525,0,0.0,0,166,0,3,0.1517,0.1257,GREEN,46,Kolkata
CLM0054360,KOL_09342,Dum Dum,2025-10-28,11,0,0,0,0,0,0,0,1,0,0.0,0.350501,0,0.0,0,420,3,5,0.6848,0.0837,GREEN,32,Kolkata
CLM0054361,KOL_02972,Tollygunge,2021-08-23,12,0,0,0,0,0,0,0,0,0,0.0,0.233306,0,0.0,0,130,4,3,0.6532,0.0319,GREEN,47,Kolkata
CLM0054362,KOL_07567,Tollygunge,2020-03-23,16,0,0,0,0,0,0,0,0,0,0.0,0.16586,0,0.0,0,392,4,3,0.268,0.0,GREEN,39,Kolkata
CLM0054363,KOL_07195,Garia,2024-01-30,21,0,0,0,0,0,0,0,0,0,0.0,1.0,0,0.0,0,29,1,1,0.5092,0.0187,GREEN,32,Kolkata
CLM0054364,KOL_00476,Sealdah,2022-01-24,11,0,0,0,0,0,0,0,1,0,0.0,0.271238,0,0.0,0,264,1,5,0.69,0.0119,GREEN,20,Kolkata
CLM0054365,KOL_00598,New Town,2025-02-02,12,0,0,0,0,0,0,0,0,0,0.0,0.009002,0,0.0,0,188,2,0,0.1054,0.0,GREEN,38,Kolkata
CLM0054366,KOL_03662,Salt Lake,2025-01-29,18,0,0,0,0,0,0,0,0,0,0.0,0.302705,0,1.0,0,257,2,2,0.692,0.0,GREEN,28,Kolkata
CLM0054367,KOL_06841,Tollygunge,2017-12-18,16,0,0,0,0,0,0,0,0,0,0.0,0.96962,0,0.0,0,319,2,1,0.777,0.0,GREEN,54,Kolkata
CLM0054368,KOL_09173,Sealdah,2016-09-05,10,0,0,0,1,0,1,1,0,0,1.0,0.500755,1,0.0,1,11,0,18,0.8791,0.2216,GREEN,37,Kolkata
CLM0054369,KOL_07312,New Town,2022-03-10,16,0,0,0,0,1,0,0,0,0,0.0,0.2205,0,1.0,0,158,4,2,0.98,0.2171,GREEN,39,Kolkata
CLM0054370,KOL_09393,Esplanade,2021-05-05,11,0,0,0,1,0,0,0,0,0,0.0,0.219014,0,0.0,0,92,1,0,0.5508,0.1362,GREEN,41,Kolkata
CLM0054371,KOL_09934,Park Street,2024-06-15,11,0,0,0,0,0,1,0,0,0,0.0,0.934326,0,0.0,0,37,0,5,0.98,0.0,GREEN,29,Kolkata
CLM0054372,KOL_05932,New Town,2023-06-24,16,0,0,0,0,0,0,0,0,0,0.0,0.234061,0,0.0,0,320,4,0,0.8015,0.0,GREEN,24,Kolkata
CLM0054373,KOL_09780,New Town,2023-07-22,12,0,0,0,0,0,0,0,0,0,0.0,0.273677,0,0.0,0,328,3,0,0.8592,0.0,GREEN,40,Kolkata
CLM0054374,KOL_08065,Salt Lake,2025-01-23,10,0,0,0,0,0,0,0,0,0,0.0,0.323079,0,0.0,0,181,0,0,0.6905,0.0614,GREEN,44,Kolkata
CLM0054375,KOL_06546,Howrah,2023-09-30,8,0,0,0,0,1,0,0,0,0,0.0,0.171572,0,0.0,0,205,3,1,0.8469,0.1249,GREEN,38,Kolkata
CLM0054376,KOL_06139,Park Street,2025-04-25,14,0,0,0,1,1,0,0,0,0,0.0,0.237274,0,0.0,0,245,4,1,0.6643,0.2712,GREEN,26,Kolkata
CLM0054377,KOL_03566,Behala,2024-11-21,7,0,0,0,1,0,0,0,0,1,0.0,0.33438,0,0.0,0,195,2,2,0.4533,0.3529,YELLOW,24,Kolkata
CLM0054378,KOL_03746,Tollygunge,2023-01-20,11,0,0,0,0,0,0,0,0,0,0.0,0.096982,0,0.0,0,413,4,3,0.58,0.1332,GREEN,30,Kolkata
CLM0054379,KOL_05829,Sealdah,2017-07-03,20,0,0,0,0,0,0,0,0,0,0.0,0.002906,0,0.0,0,402,1,1,0.0807,0.0814,GREEN,42,Kolkata
CLM0054380,KOL_02414,Dum Dum,2024-08-09,15,0,0,0,0,0,0,0,0,0,0.0,0.0,0,0.0,0,248,4,0,0.5187,0.0,GREEN,35,Kolkata
CLM0054381,KOL_08731,Salt Lake,2018-11-24,14,0,0,0,0,0,0,0,0,0,0.0,0.233833,0,0.0,0,420,2,3,0.8374,0.0,GREEN,18,Kolkata
CLM0054382,KOL_09225,Behala,2016-04-07,20,0,0,0,0,0,0,0,0,0,0.0,0.924033,0,0.0,0,420,1,0,0.9192,0.0,GREEN,47,Kolkata
CLM0054383,KOL_07792,Howrah,2017-07-11,11,0,0,0,0,0,0,0,1,0,0.0,0.221729,1,0.0,0,143,3,0,0.9727,0.2129,GREEN,31,Kolkata
CLM0054384,KOL_00322,Tollygunge,2018-08-15,11,0,1,1,0,1,0,0,0,0,0.0,0.005826,0,0.0,0,214,1,0,0.7914,0.0794,GREEN,59,Kolkata
CLM0054385,KOL_08675,Howrah,2025-01-23,9,0,0,0,0,0,0,0,0,0,0.0,0.0,0,0.0,0,295,3,3,0.1365,0.0556,GREEN,29,Kolkata
CLM0054386,KOL_02666,Esplanade,2017-06-19,7,0,0,0,0,0,0,0,0,1,0.0,0.211835,0,0.0,0,232,1,6,0.634,0.0,GREEN,36,Kolkata
CLM0054387,KOL_02988,New Town,2020-06-06,11,0,0,0,0,0,0,0,0,0,0.0,0.034009,0,0.0,0,420,4,5,0.1726,0.0,GREEN,40,Kolkata
CLM0054388,KOL_07281,Howrah,2025-01-25,7,0,0,0,0,0,0,0,0,0,0.0,0.305895,0,0.0,0,294,2,1,0.98,0.114,GREEN,30,Kolkata
CLM0054389,KOL_06095,New Town,2022-12-26,7,0,0,0,0,0,0,0,0,0,0.0,1.0,0,0.0,0,410,4,1,0.874,0.0284,GREEN,42,Kolkata
CLM0054390,KOL_01889,Tollygunge,2023-12-16,13,0,0,0,0,0,0,1,0,0,0.0,0.269172,0,0.0,0,57,0,0,0.1807,0.0765,GREEN,41,Kolkata
CLM0054391,KOL_05138,Sealdah,2024-08-19,9,0,0,0,0,0,0,1,0,0,0.0,0.353637,0,0.0,0,420,3,6,0.7496,0.0002,GREEN,44,Kolkata
CLM0054392,KOL_05712,New Town,2022-07-19,13,0,0,0,0,0,0,0,0,0,1.0,0.383106,0,0.0,0,332,1,0,0.98,0.1656,GREEN,49,Kolkata
CLM0054393,KOL_09651,New Town,2021-03-14,10,0,0,0,0,0,0,0,0,0,0.0,0.274014,0,0.0,0,412,0,2,0.8936,0.0,GREEN,44,Kolkata
CLM0054394,KOL_03881,Behala,2023-07-17,15,0,0,0,0,0,0,0,0,0,0.0,0.372483,0,0.0,0,415,3,2,0.7627,0.0626,GREEN,35,Kolkata
CLM0054395,KOL_05103,Sealdah,2024-07-22,20,0,0,0,0,0,0,0,0,0,0.0,0.3406,0,0.0,0,371,4,0,0.9142,0.0449,GREEN,44,Kolkata
CLM0054396,KOL_05062,Tollygunge,2024-03-18,11,0,0,0,0,0,0,0,0,0,0.0,0.176035,0,0.0,0,241,1,2,0.7888,0.0731,GREEN,39,Kolkata
CLM0054397,KOL_00615,Garia,2023-03-23,8,0,0,0,0,0,0,0,0,0,0.0,0.159587,0,0.0,0,175,1,6,0.6969,0.0079,GREEN,47,Kolkata
CLM0054398,KOL_08298,Behala,2024-05-24,19,0,0,0,0,0,0,0,1,0,0.0,1.0,0,0.0,1,117,3,2,0.1703,0.1359,GREEN,38,Kolkata
CLM0054399,KOL_06151,Salt Lake,2025-06-01,10,0,0,0,0,0,0,0,0,0,0.0,0.275439,0,0.0,0,415,0,2,0.8154,0.0,GREEN,24,Kolkata
CLM0054400,KOL_02095,Dum Dum,2021-07-25,8,0,0,0,0,0,0,1,0,0,0.0,0.332174,0,0.0,0,420,3,4,0.8787,0.0775,GREEN,33,Kolkata
CLM0054401,KOL_02581,Esplanade,2024-01-02,13,0,0,0,0,0,0,0,1,0,0.0,0.936388,0,0.0,0,147,3,2,0.8367,0.0355,GREEN,48,Kolkata
CLM0054402,KOL_03652,Sealdah,2021-10-17,8,0,0,0,0,0,0,0,1,0,0.0,0.152145,0,0.0,0,347,2,2,0.8934,0.1672,GREEN,25,Kolkata
CLM0054403,KOL_07132,Salt Lake,2022-08-19,17,0,0,0,0,0,0,0,0,0,0.0,0.253207,0,0.0,1,210,3,1,0.8566,0.0,GREEN,50,Kolkata
CLM0054404,KOL_00775,Park Street,2025-05-23,19,0,0,0,0,0,0,0,0,0,0.0,0.305527,0,0.0,0,69,3,2,0.8713,0.0,GREEN,39,Kolkata
CLM0054405,KOL_07454,Behala,2021-07-03,7,0,0,0,0,0,0,1,1,0,0.0,0.2876,0,0.0,0,256,3,5,0.4385,0.1393,GREEN,45,Kolkata
CLM0054406,KOL_03544,Dum Dum,2021-06-03,11,0,0,0,0,0,0,0,0,0,0.0,0.14956,0,0.0,0,90,1,0,0.7093,0.0378,GREEN,24,Kolkata
CLM0054407,KOL_01258,New Town,2023-01-08,16,0,0,0,0,0,0,0,0,0,0.0,1.0,0,0.0,0,420,4,5,0.4448,0.0,GREEN,46,Kolkata
CLM0054408,KOL_00155,Behala,2022-05-06,19,0,0,0,0,0,0,0,0,0,0.0,0.167701,0,0.0,0,420,3,2,0.8796,0.0199,GREEN,33,Kolkata
CLM0054409,KOL_08938,New Town,2018-08-02,12,0,0,0,1,0,0,0,0,0,1.0,0.298747,0,0.0,0,365,4,0,0.98,0.3122,YELLOW,37,Kolkata
CLM0054410,KOL_06188,Dum Dum,2019-05-13,10,0,0,0,0,0,0,0,0,0,1.0,0.198163,0,0.0,0,64,3,1,0.8018,0.0523,GREEN,18,Kolkata
CLM0054411,KOL_08110,Sealdah,2018-05-05,7,0,0,0,0,0,0,0,0,0,0.0,0.318198,0,0.0,1,376,2,1,0.05,0.0542,GREEN,18,Kolkata
CLM0054412,KOL_02853,Howrah,2022-06-09,15,0,0,0,0,0,0,0,0,0,1.0,1.0,0,1.0,0,91,1,0,0.7684,0.1002,GREEN,45,Kolkata
CLM0054413,KOL_06339,Tollygunge,2025-08-07,13,0,0,0,0,0,1,0,0,0,0.0,0.262916,0,0.0,0,420,2,2,0.7033,0.124,GREEN,38,Kolkata
CLM0054414,KOL_08845,Howrah,2025-10-11,15,0,0,0,0,0,1,0,0,0,0.0,0.196747,0,0.0,0,47,4,0,0.1149,0.0783,GREEN,32,Kolkata
CLM0054415,KOL_04796,Garia,2024-02-19,15,0,0,0,1,1,0,1,1,0,0.0,0.982545,0,1.0,1,11,4,18,0.2329,0.006,GREEN,33,Kolkata
CLM0054416,KOL_09287,Park Street,2018-10-07,9,0,0,0,1,0,0,0,0,0,0.0,0.375881,0,0.0,0,327,0,2,0.6083,0.1507,GREEN,25,Kolkata
CLM0054417,KOL_09955,Garia,2023-10-05,20,0,0,0,0,0,0,0,0,0,0.0,0.279292,0,0.0,0,348,3,0,0.4996,0.0,GREEN,32,Kolkata
CLM0054418,KOL_05014,Garia,2023-11-04,17,0,0,0,0,0,0,1,0,0,0.0,0.268744,0,0.0,0,401,2,2,0.3618,0.131,GREEN,36,Kolkata
CLM0054419,KOL_07430,Park Street,2025-07-03,8,0,0,0,0,0,0,0,0,0,0.0,0.0,0,0.0,0,406,1,6,0.1788,0.0,GREEN,50,Kolkata
CLM0054420,KOL_07773,Howrah,2024-08-18,14,0,0,0,0,0,0,0,0,0,0.0,0.123048,0,0.0,0,220,0,6,0.98,0.1698,GREEN,21,Kolkata
CLM0054421,KOL_09019,Tollygunge,2023-05-15,8,0,0,0,0,0,1,0,0,0,1.0,0.061537,0,0.0,0,348,1,3,0.5573,0.1329,GREEN,46,Kolkata
CLM0054422,KOL_03554,Tollygunge,2024-05-27,7,0,0,0,0,0,0,0,0,0,0.0,0.325034,0,0.0,0,145,0,4,0.0965,0.0,GREEN,37,Kolkata
CLM0054423,KOL_02496,Garia,2025-12-26,9,0,0,0,0,0,1,0,0,0,0.0,0.266683,0,0.0,0,359,2,3,0.3584,0.0485,GREEN,25,Kolkata
CLM0054424,KOL_00147,Sealdah,2023-02-23,16,0,0,0,0,0,0,0,0,0,0.0,0.136799,1,0.0,0,186,1,3,0.603,0.0186,GREEN,39,Kolkata
CLM0054425,KOL_03341,Howrah,2024-02-04,8,0,1,1,0,0,1,0,0,0,0.0,0.340997,0,0.0,0,226,2,7,0.3179,0.0909,GREEN,49,Kolkata
CLM0054426,KOL_01737,Esplanade,2022-10-28,13,0,1,1,0,0,0,0,0,0,1.0,0.06892,0,0.0,0,267,3,2,0.9524,0.0097,GREEN,36,Kolkata
CLM0054427,KOL_05455,Howrah,2025-01-19,18,0,0,0,0,0,0,0,0,0,0.0,0.051614,0,0.0,0,300,4,1,0.4774,0.0,GREEN,24,Kolkata
CLM0054428,KOL_02598,Tollygunge,2025-01-17,12,0,0,0,0,0,0,0,0,0,0.0,0.084261,0,0.0,0,344,2,2,0.4114,0.0,GREEN,47,Kolkata
CLM0054429,KOL_01001,Dum Dum,2025-09-24,12,0,0,0,0,0,0,0,0,0,0.0,1.0,0,0.0,0,259,0,3,0.848,0.0,GREEN,35,Kolkata
CLM0054430,KOL_07703,Garia,2024-09-22,14,0,0,0,1,1,1,0,1,0,0.0,0.195239,0,0.0,1,45,4,18,0.94,0.0863,GREEN,40,Kolkata
CLM0054431,KOL_06297,Park Street,2022-05-11,10,0,0,0,0,0,0,0,0,0,0.0,0.326088,0,1.0,0,148,3,0,0.98,0.0343,GREEN,39,Kolkata
CLM0054432,KOL_09526,Howrah,2021-10-30,13,0,0,0,0,0,0,1,0,0,0.0,0.305367,0,0.0,0,128,1,1,0.6268,0.0,GREEN,43,Kolkata
CLM0054433,KOL_00119,Tollygunge,2024-01-07,10,0,0,0,0,0,0,1,0,0,0.0,1.0,0,0.0,0,420,3,5,0.6045,0.0229,GREEN,42,Kolkata
CLM0054434,KOL_04060,Howrah,2024-02-12,15,0,0,0,0,1,1,0,0,0,0.0,0.122952,0,0.0,0,219,4,6,0.8825,0.2573,GREEN,36,Kolkata
CLM0054435,KOL_03102,Howrah,2024-10-08,14,0,0,0,0,0,0,0,0,0,1.0,0.360954,0,0.0,0,420,1,0,0.8009,0.1036,GREEN,33,Kolkata
CLM0054436,KOL_04224,Behala,2021-04-29,15,0,0,0,0,0,0,0,0,1,0.0,0.28793,0,0.0,0,420,4,2,0.7933,0.1064,GREEN,23,Kolkata
CLM0054437,KOL_04793,Esplanade,2022-09-08,15,0,0,0,0,0,0,0,0,0,0.0,0.14783,0,0.0,0,141,2,3,0.4505,0.0503,GREEN,29,Kolkata
CLM0054438,KOL_00245,Behala,2022-12-04,8,0,0,0,0,0,0,0,0,0,0.0,0.0,0,0.0,0,408,2,3,0.3964,0.0416,GREEN,18,Kolkata
CLM0054439,KOL_00393,Salt Lake,2024-11-21,15,0,0,0,0,0,0,0,0,0,0.0,0.172202,0,0.0,0,420,4,1,0.1244,0.0,GREEN,33,Kolkata
CLM0054440,KOL_02424,Howrah,2023-11-11,21,0,0,0,0,0,0,0,0,0,0.0,0.174747,0,0.0,0,295,0,2,0.6753,0.0127,GREEN,40,Kolkata
CLM0054441,KOL_09854,New Town,2025-07-07,10,0,0,0,0,0,0,0,0,0,0.0,0.052011,0,0.0,0,141,3,1,0.6106,0.0,GREEN,54,Kolkata
CLM0054442,KOL_08971,Behala,2024-07-30,7,0,0,0,0,0,0,0,0,0,0.0,0.2795,1,0.0,0,135,4,4,0.5568,0.0153,GREEN,30,Kolkata
CLM0054443,KOL_07464,Dum Dum,2025-11-19,19,0,0,0,0,0,0,0,0,0,1.0,0.072888,0,0.0,0,281,0,5,0.8873,0.1267,GREEN,43,Kolkata
CLM0054444,KOL_06171,Dum Dum,2022-11-26,16,0,0,0,0,1,0,0,0,0,0.0,1.0,0,0.0,0,372,0,0,0.7691,0.1194,GREEN,43,Kolkata
CLM0054445,KOL_09501,New Town,2025-01-08,9,0,0,0,0,0,0,0,0,0,0.0,0.980728,0,0.0,0,317,0,3,0.8549,0.0088,GREEN,26,Kolkata
CLM0054446,KOL_06163,Garia,2024-06-21,20,0,0,0,0,0,0,0,0,0,0.0,1.0,0,0.0,0,271,3,0,0.932,0.0,GREEN,39,Kolkata
CLM0054447,KOL_05173,Garia,2023-03-25,11,0,0,0,0,0,0,1,0,0,1.0,0.444725,0,0.0,0,127,1,2,0.6826,0.1844,GREEN,34,Kolkata
CLM0054448,KOL_01117,Park Street,2019-04-18,16,0,0,0,0,0,0,0,0,0,0.0,0.109457,0,0.0,0,420,3,0,0.5731,0.0115,GREEN,31,Kolkata
CLM0054449,KOL_07493,Howrah,2023-06-18,13,0,0,0,1,0,0,0,1,0,0.0,0.017303,0,0.0,0,396,2,1,0.7156,0.2006,GREEN,18,Kolkata
CLM0054450,KOL_04230,Garia,2019-11-21,21,0,0,0,0,0,0,0,0,0,0.0,0.145059,0,0.0,0,289,3,7,0.5025,0.0055,GREEN,25,Kolkata
CLM0054451,KOL_00432,Behala,2025-04-19,19,0,0,0,0,0,0,1,0,0,0.0,0.236593,0,0.0,0,420,3,9,0.7863,0.1006,GREEN,34,Kolkata
CLM0054452,KOL_03742,Dum Dum,2022-12-14,20,0,1,1,1,1,0,1,0,1,1.0,0.951391,0,0.0,1,37,0,18,0.7841,0.6878,RED,42,Kolkata
CLM0054453,KOL_00336,Park Street,2024-02-08,19,0,1,1,1,1,0,1,0,1,1.0,0.972444,0,0.0,0,5,0,12,0.8954,0.6919,RED,46,Kolkata
CLM0054454,KOL_00229,Tollygunge,2022-04-25,20,0,1,1,0,1,0,1,1,1,0.0,1.0,0,1.0,1,5,1,18,0.2319,0.6489,RED,40,Kolkata
CLM0054455,KOL_05030,Dum Dum,2022-10-20,10,0,1,1,1,1,0,1,1,0,1.0,1.0,0,1.0,1,5,2,8,0.74,0.6032,YELLOW,36,Kolkata
CLM0054456,KOL_03134,Salt Lake,2015-12-19,20,0,1,1,1,1,0,0,0,1,1.0,0.941388,1,1.0,0,20,2,18,0.2971,0.5911,YELLOW,27,Kolkata
CLM0054457,KOL_00005,Salt Lake,2025-01-06,21,0,1,1,1,1,0,1,1,1,1.0,1.0,0,1.0,1,30,1,18,0.2668,0.7537,RED,39,Kolkata
CLM0054458,KOL_07192,Park Street,2024-02-25,18,0,0,0,0,0,0,0,0,0,0.0,0.307615,0,0.0,0,122,2,4,0.98,0.0,GREEN,45,Kolkata
CLM0054459,KOL_08990,Howrah,2025-04-26,20,0,0,0,0,0,0,0,1,0,0.0,0.324795,0,0.0,0,122,1,0,0.641,0.1181,GREEN,27,Kolkata
CLM0054460,KOL_02667,Esplanade,2024-12-21,13,0,0,0,0,0,0,0,0,0,0.0,0.380785,0,0.0,0,133,0,4,0.7709,0.0744,GREEN,18,Kolkata
CLM0054461,KOL_06610,Esplanade,2023-09-29,17,0,0,0,0,0,0,0,0,0,0.0,0.420753,0,0.0,0,281,0,6,0.5351,0.0,GREEN,36,Kolkata
CLM0054462,KOL_04802,Dum Dum,2023-01-29,21,0,0,0,0,0,0,0,0,0,1.0,0.052911,0,0.0,0,406,3,0,0.6137,0.0446,GREEN,30,Kolkata
CLM0054463,KOL_08867,Dum Dum,2025-06-15,16,0,0,0,0,0,0,0,0,0,0.0,0.070385,0,0.0,0,94,4,4,0.6572,0.0,GREEN,40,Kolkata
CLM0054464,KOL_00980,Salt Lake,2025-08-28,7,0,0,0,0,0,0,0,0,0,0.0,0.168079,0,0.0,0,49,1,1,0.9208,0.0449,GREEN,29,Kolkata
CLM0054465,KOL_08011,Dum Dum,2021-02-24,12,0,0,0,0,0,0,0,0,0,0.0,0.214491,0,0.0,0,320,3,6,0.493,0.0,GREEN,20,Kolkata
CLM0054466,KOL_02435,Behala,2023-04-08,16,0,0,0,0,0,1,0,1,0,0.0,0.0369,1,0.0,0,64,2,4,0.8582,0.2578,GREEN,31,Kolkata
CLM0054467,KOL_01669,New Town,2024-01-27,21,0,0,0,0,0,0,0,0,0,0.0,0.064522,0,0.0,0,406,0,0,0.5192,0.0388,GREEN,33,Kolkata
CLM0054468,KOL_09041,New Town,2023-07-21,10,0,0,0,0,0,0,0,0,0,0.0,0.370492,0,0.0,0,209,4,0,0.7777,0.051,GREEN,25,Kolkata
CLM0054469,KOL_04519,Park Street,2020-02-19,14,0,0,0,0,1,0,0,0,0,0.0,0.067332,0,0.0,0,220,0,3,0.9303,0.126,GREEN,55,Kolkata
CLM0054470,KOL_05186,Park Street,2025-09-04,21,0,0,0,0,0,0,0,1,0,0.0,0.113875,0,0.0,0,336,0,0,0.0643,0.1527,GREEN,35,Kolkata
CLM0054471,KOL_09571,New Town,2023-09-04,11,0,0,0,0,0,0,0,1,0,0.0,0.127694,0,0.0,0,241,3,3,0.158,0.1344,GREEN,37,Kolkata
CLM0054472,KOL_09763,Dum Dum,2020-12-26,7,0,0,0,0,0,1,0,0,0,0.0,0.190113,1,0.0,0,420,1,0,0.7564,0.1156,GREEN,42,Kolkata
CLM0054473,KOL_06657,Behala,2025-06-07,15,0,0,0,0,0,1,0,0,0,0.0,0.070694,0,0.0,0,79,4,5,0.05,0.1221,GREEN,24,Kolkata
CLM0054474,KOL_04177,Behala,2023-01-15,20,0,0,0,0,0,0,0,0,0,0.0,0.191196,0,0.0,0,96,1,0,0.5084,0.058,GREEN,43,Kolkata
CLM0054475,KOL_00781,Esplanade,2021-08-22,12,0,0,0,0,0,0,0,0,0,0.0,0.195712,0,0.0,0,112,3,5,0.5187,0.037,GREEN,35,Kolkata
CLM0054476,KOL_06442,Dum Dum,2024-12-31,13,0,0,0,0,0,0,0,0,0,0.0,0.295847,0,0.0,0,420,3,0,0.05,0.0,GREEN,41,Kolkata
CLM0054477,KOL_01757,Sealdah,2024-07-21,9,0,0,0,0,0,0,0,0,0,0.0,0.223193,0,1.0,0,214,2,0,0.579,0.0358,GREEN,32,Kolkata
CLM0054478,KOL_05937,Dum Dum,2025-08-25,20,0,0,0,0,0,0,0,1,0,0.0,0.317052,0,0.0,0,285,3,8,0.8732,0.0676,GREEN,42,Kolkata
CLM0054479,KOL_00958,Howrah,2022-10-29,7,0,0,0,0,0,0,0,0,0,0.0,0.354743,0,0.0,0,241,2,4,0.6255,0.0,GREEN,26,Kolkata
CLM0054480,KOL_08680,Dum Dum,2024-06-24,16,0,0,0,0,0,0,0,0,0,0.0,1.0,0,0.0,0,413,0,3,0.1903,0.0574,GREEN,30,Kolkata
CLM0054481,KOL_00867,Tollygunge,2021-09-06,11,0,0,0,0,0,0,0,1,0,0.0,0.306742,0,0.0,0,420,2,0,0.5391,0.1186,GREEN,30,Kolkata
CLM0054482,KOL_01805,Howrah,2022-02-03,7,0,0,0,0,0,0,0,0,0,0.0,0.236347,0,0.0,0,97,0,7,0.6132,0.0006,GREEN,27,Kolkata
CLM0054483,KOL_04149,Park Street,2024-12-13,13,0,0,0,0,0,0,0,0,0,0.0,0.079077,0,0.0,0,261,4,3,0.6596,0.0196,GREEN,54,Kolkata
CLM0054484,KOL_09643,Sealdah,2022-02-26,14,0,0,0,0,0,0,0,0,0,1.0,0.914806,0,1.0,0,101,3,5,0.9464,0.0,GREEN,36,Kolkata
CLM0054485,KOL_06039,Garia,2021-06-08,11,0,0,0,0,0,0,0,0,0,0.0,0.030743,0,0.0,0,233,2,3,0.493,0.0224,GREEN,43,Kolkata
CLM0054486,KOL_06190,Park Street,2023-07-28,14,0,0,0,0,0,0,0,0,0,0.0,0.282963,0,0.0,0,295,2,0,0.8583,0.0325,GREEN,33,Kolkata
CLM0054487,KOL_06159,Behala,2024-12-31,13,0,0,0,0,0,0,0,0,0,0.0,0.225469,0,0.0,0,329,0,6,0.7597,0.0,GREEN,50,Kolkata
CLM0054488,KOL_01251,Sealdah,2023-05-07,17,0,0,0,0,0,0,0,0,0,0.0,0.165966,0,0.0,0,151,2,0,0.69,0.0429,GREEN,18,Kolkata
CLM0054489,KOL_07332,Park Street,2020-12-03,9,0,0,0,1,1,0,1,1,1,0.0,0.975035,0,1.0,0,10,4,16,0.2866,0.0,GREEN,34,Kolkata
CLM0054490,KOL_03324,Dum Dum,2023-07-22,14,0,0,0,0,0,0,0,0,0,0.0,0.442024,0,0.0,0,70,4,0,0.9212,0.0,GREEN,33,Kolkata
CLM0054491,KOL_09975,Dum Dum,2023-12-06,11,0,0,0,0,0,0,1,0,0,1.0,0.333046,0,0.0,0,114,0,5,0.4698,0.1625,GREEN,39,Kolkata
CLM0054492,KOL_06864,Howrah,2023-03-20,13,0,0,0,0,0,0,0,0,0,0.0,0.130994,0,0.0,0,20,2,2,0.923,0.0402,GREEN,35,Kolkata
CLM0054493,KOL_08810,New Town,2022-12-31,11,0,0,0,0,0,0,0,0,0,0.0,0.370096,0,0.0,0,383,2,0,0.9617,0.0336,GREEN,27,Kolkata
CLM0054494,KOL_06563,Esplanade,2023-04-30,19,0,0,0,1,0,1,1,1,1,0.0,0.061376,0,0.0,1,48,3,12,0.8772,0.0,GREEN,49,Kolkata
CLM0054495,KOL_05197,Dum Dum,2024-07-28,9,0,0,0,0,0,0,0,0,0,1.0,0.180926,0,0.0,0,358,1,1,0.7293,0.0745,GREEN,59,Kolkata
CLM0054496,KOL_00309,Esplanade,2023-07-07,14,0,1,1,0,0,1,0,0,0,0.0,0.217831,0,0.0,0,420,1,2,0.1162,0.1579,GREEN,23,Kolkata
CLM0054497,KOL_02943,Salt Lake,2025-06-20,19,0,0,0,0,0,1,0,0,0,0.0,0.168636,0,1.0,0,359,2,4,0.7889,0.1057,GREEN,28,Kolkata
CLM0054498,KOL_08207,Salt Lake,2023-04-07,12,0,0,0,0,0,0,0,0,0,0.0,1.0,0,0.0,0,286,3,3,0.8157,0.0,GREEN,53,Kolkata
CLM0054499,KOL_03378,Park Street,2025-12-21,19,0,0,0,0,0,0,0,0,0,0.0,1.0,0,0.0,0,121,0,2,0.8597,0.0261,GREEN,21,Kolkata
CLM0054500,KOL_07385,Howrah,2023-06-20,16,0,0,0,0,0,0,0,1,0,1.0,0.33552,0,0.0,0,374,2,0,0.5044,0.2407,GREEN,18,Kolkata
CLM0054501,KOL_06732,New Town,2025-04-07,7,0,0,0,0,0,0,0,0,0,0.0,0.204332,0,0.0,0,393,1,0,0.8235,0.0,GREEN,35,Kolkata
CLM0054502,KOL_05064,Esplanade,2025-06-12,18,0,0,0,0,0,0,1,0,0,0.0,0.290119,0,0.0,0,420,0,3,0.8369,0.0228,GREEN,40,Kolkata
CLM0054503,KOL_08687,Tollygunge,2020-07-24,11,0,0,0,0,0,0,0,0,0,0.0,0.388826,0,0.0,1,374,1,4,0.4727,0.0929,GREEN,24,Kolkata
CLM0054504,KOL_03313,Park Street,2020-04-07,21,0,0,0,0,0,0,0,0,0,0.0,0.0,0,0.0,0,322,2,1,0.6168,0.0466,GREEN,50,Kolkata
CLM0054505,KOL_05331,New Town,2025-12-22,9,0,0,0,0,0,0,0,1,0,0.0,0.092146,0,0.0,0,134,3,1,0.0717,0.1145,GREEN,31,Kolkata
CLM0054506,KOL_02892,Park Street,2021-04-10,20,0,0,0,0,0,0,0,0,0,0.0,0.229296,0,0.0,0,187,0,1,0.2147,0.0299,GREEN,33,Kolkata
CLM0054507,KOL_01323,Behala,2022-10-10,7,0,0,0,0,0,0,0,0,0,0.0,0.005229,0,1.0,0,239,0,0,0.7616,0.0,GREEN,27,Kolkata
CLM0054508,KOL_05255,Sealdah,2020-05-06,13,0,0,0,0,0,1,0,0,0,0.0,0.326716,0,0.0,0,17,0,1,0.1977,0.0791,GREEN,50,Kolkata
CLM0054509,KOL_08810,New Town,2022-01-22,11,0,0,0,0,0,0,0,0,0,0.0,0.303598,0,0.0,1,301,1,3,0.0916,0.2358,GREEN,27,Kolkata
CLM0054510,KOL_00166,Garia,2025-06-14,10,0,0,0,0,0,0,0,1,0,0.0,0.147303,0,0.0,0,328,4,3,0.9202,0.2097,GREEN,30,Kolkata
CLM0054511,KOL_01281,Dum Dum,2024-10-19,20,0,0,0,0,0,1,0,0,0,0.0,0.109477,0,0.0,0,420,0,0,0.9014,0.0628,GREEN,41,Kolkata
CLM0054512,KOL_06772,New Town,2023-05-12,21,0,0,0,1,1,1,1,1,0,0.0,0.118866,1,0.0,1,5,2,18,0.8754,0.0,GREEN,18,Kolkata
CLM0054513,KOL_00040,Dum Dum,2023-11-02,11,0,0,0,0,0,0,1,1,0,0.0,0.122505,0,0.0,0,250,1,1,0.1734,0.12,GREEN,34,Kolkata
CLM0054514,KOL_04662,Esplanade,2020-12-22,10,0,0,0,0,0,0,0,1,0,0.0,0.160687,0,0.0,0,281,0,0,0.6293,0.0678,GREEN,30,Kolkata
CLM0054515,KOL_04303,Howrah,2019-07-15,20,0,0,0,0,0,0,0,0,0,0.0,0.082521,0,0.0,0,204,0,3,0.8223,0.0492,GREEN,23,Kolkata
CLM0054516,KOL_01251,Sealdah,2020-06-14,20,0,0,0,0,0,0,0,0,0,0.0,0.0,0,0.0,1,342,2,0,0.1968,0.0,GREEN,18,Kolkata
CLM0054517,KOL_03901,Sealdah,2021-06-21,8,0,1,1,1,0,1,1,1,1,0.0,0.098625,1,0.0,1,5,1,18,0.9308,0.7841,RED,30,Kolkata
CLM0054518,KOL_08888,Dum Dum,2025-03-05,16,0,1,1,1,0,0,0,1,0,1.0,0.916877,0,0.0,1,5,0,18,0.1688,0.4948,YELLOW,39,Kolkata
CLM0054519,KOL_09275,Park Street,2022-01-31,13,0,1,1,1,1,0,1,1,1,1.0,0.923802,1,1.0,0,12,1,18,0.1801,0.7921,RED,18,Kolkata
CLM0054520,KOL_06942,Sealdah,2025-08-20,20,0,1,1,0,1,1,1,1,0,1.0,0.999069,1,1.0,0,5,0,18,0.1094,0.6112,RED,18,Kolkata
CLM0054521,KOL_07891,Garia,2021-03-29,19,0,1,1,1,0,1,0,0,0,0.0,0.970136,0,0.0,0,5,0,18,0.3096,0.5242,YELLOW,18,Kolkata
CLM0054522,KOL_03945,Esplanade,2022-08-20,13,0,1,1,1,1,1,1,1,0,0.0,1.0,1,0.0,1,26,0,18,0.2011,0.7468,RED,40,Kolkata
CLM0054523,KOL_03618,Tollygunge,2023-01-31,16,0,1,1,0,1,1,1,0,0,0.0,0.073673,1,0.0,1,5,2,18,0.8546,0.4069,YELLOW,41,Kolkata
CLM0054524,KOL_04495,Howrah,2024-11-25,9,0,1,1,0,1,0,0,0,0,0.0,0.096059,1,0.0,0,7,2,18,0.8543,0.4094,YELLOW,31,Kolkata
CLM0054525,KOL_00605,Behala,2025-02-23,21,0,0,0,0,0,0,0,0,0,0.0,0.270022,0,0.0,1,256,1,4,0.98,0.0525,GREEN,34,Kolkata
CLM0054526,KOL_00261,Howrah,2025-10-28,21,0,0,0,0,0,0,0,0,0,0.0,0.428842,0,0.0,0,262,1,0,0.7399,0.0,GREEN,40,Kolkata
CLM0054527,KOL_03955,Howrah,2024-04-02,16,0,0,0,0,0,0,0,0,0,0.0,0.332816,0,0.0,0,310,1,5,0.6731,0.0361,GREEN,33,Kolkata
CLM0054528,KOL_02031,Salt Lake,2025-01-29,7,0,0,0,0,0,0,0,0,0,1.0,0.264594,0,0.0,1,420,4,6,0.9593,0.1501,GREEN,32,Kolkata
CLM0054529,KOL_01500,Sealdah,2023-10-22,20,0,0,0,0,0,0,0,0,0,0.0,0.195299,0,0.0,0,256,2,0,0.9387,0.1042,GREEN,51,Kolkata
CLM0054530,KOL_00353,New Town,2024-03-05,19,0,0,0,0,0,1,0,0,0,0.0,0.403873,0,1.0,0,187,0,1,0.1922,0.1246,GREEN,42,Kolkata
CLM0054531,KOL_01293,Salt Lake,2024-11-26,7,0,0,0,0,0,0,1,0,0,0.0,0.307052,0,0.0,0,68,2,6,0.6971,0.0342,GREEN,44,Kolkata
CLM0054532,KOL_08716,Salt Lake,2016-05-20,7,0,0,0,1,0,0,0,0,0,1.0,0.303726,0,0.0,0,417,0,3,0.7301,0.0,GREEN,55,Kolkata
CLM0054533,KOL_01520,Behala,2016-09-28,17,0,0,0,0,0,0,0,0,0,0.0,0.129405,0,1.0,0,390,4,0,0.8374,0.0,GREEN,29,Kolkata
CLM0054534,KOL_03101,Tollygunge,2018-07-16,7,0,0,0,0,0,1,0,0,0,0.0,1.0,0,0.0,0,157,1,6,0.6121,0.1233,GREEN,56,Kolkata
CLM0054535,KOL_02224,Dum Dum,2020-02-27,19,0,0,0,0,0,0,0,0,0,0.0,1.0,1,0.0,0,418,4,1,0.57,0.0179,GREEN,22,Kolkata
CLM0054536,KOL_05964,Garia,2019-03-21,17,0,0,0,0,0,0,1,1,0,1.0,0.062185,0,0.0,0,168,0,0,0.9087,0.2281,GREEN,50,Kolkata
CLM0054537,KOL_03833,Esplanade,2018-01-21,16,0,0,0,0,0,0,0,1,0,0.0,0.151724,0,0.0,0,65,2,3,0.9612,0.2205,GREEN,39,Kolkata
CLM0054538,KOL_05089,Esplanade,2024-02-01,11,0,1,1,0,0,0,0,1,0,0.0,0.410535,0,0.0,0,212,3,3,0.9674,0.1537,GREEN,53,Kolkata
CLM0054539,KOL_08609,Garia,2019-04-27,18,0,0,0,0,0,0,0,1,0,0.0,0.069023,0,0.0,0,420,1,6,0.607,0.0654,GREEN,56,Kolkata
CLM0054540,KOL_06976,Howrah,2023-07-05,21,0,0,0,0,0,0,0,0,0,0.0,0.074898,1,0.0,0,152,0,3,0.8341,0.0493,GREEN,26,Kolkata
CLM0054541,KOL_06320,Dum Dum,2021-01-29,20,0,0,0,0,0,1,0,0,0,0.0,0.245583,0,0.0,0,342,4,4,0.6285,0.2537,GREEN,18,Kolkata
CLM0054542,KOL_01105,Dum Dum,2017-03-14,18,0,0,0,0,0,0,0,0,0,0.0,0.342642,0,0.0,0,161,0,0,0.6754,0.0,GREEN,37,Kolkata
CLM0054543,KOL_05016,Tollygunge,2020-07-05,18,0,0,0,0,0,0,1,0,0,0.0,0.072172,0,0.0,0,227,0,0,0.8202,0.0781,GREEN,46,Kolkata
CLM0054544,KOL_02283,Howrah,2016-06-28,20,0,0,0,0,0,0,0,0,0,0.0,0.204354,0,0.0,0,290,1,2,0.7085,0.0336,GREEN,35,Kolkata
CLM0054545,KOL_09210,New Town,2025-11-30,12,0,0,0,0,0,0,0,0,0,0.0,0.995649,0,0.0,0,76,0,4,0.3022,0.0084,GREEN,37,Kolkata
CLM0054546,KOL_02931,Tollygunge,2024-05-17,9,0,0,0,0,0,0,0,0,0,1.0,0.380861,0,0.0,0,24,0,0,0.05,0.0877,GREEN,41,Kolkata
CLM0054547,KOL_07022,New Town,2024-04-09,9,0,0,0,0,0,0,0,0,0,0.0,0.29184,0,0.0,0,414,2,2,0.6144,0.1097,GREEN,32,Kolkata
CLM0054548,KOL_08052,Garia,2020-06-30,12,0,0,0,0,0,1,0,0,0,0.0,1.0,0,0.0,0,289,4,0,0.5494,0.2529,GREEN,48,Kolkata
CLM0054549,KOL_08902,Howrah,2021-07-27,17,0,0,0,0,0,0,0,0,1,0.0,0.300065,0,0.0,0,376,0,5,0.8696,0.1066,GREEN,36,Kolkata
CLM0054550,KOL_02830,Howrah,2024-11-19,14,0,1,1,0,0,1,0,0,1,0.0,0.390487,0,1.0,0,168,3,1,0.4268,0.2594,GREEN,39,Kolkata
CLM0054551,KOL_00276,Behala,2025-06-08,8,0,0,0,0,0,0,0,0,0,0.0,0.129047,0,0.0,0,269,0,0,0.98,0.0709,GREEN,48,Kolkata
CLM0054552,KOL_01453,Howrah,2024-04-01,7,0,0,0,0,0,0,0,0,0,0.0,0.149336,0,0.0,0,204,3,4,0.1622,0.0298,GREEN,48,Kolkata
CLM0054553,KOL_06136,Tollygunge,2025-01-03,19,0,0,0,0,1,0,0,0,0,0.0,0.305503,0,0.0,0,116,4,0,0.8218,0.1265,GREEN,27,Kolkata
CLM0054554,KOL_06320,Dum Dum,2024-03-26,8,0,0,0,0,0,0,0,0,1,0.0,0.281843,0,0.0,0,266,3,0,0.7981,0.1575,GREEN,18,Kolkata
CLM0054555,KOL_05727,Salt Lake,2022-11-13,13,0,0,0,0,0,0,0,0,0,0.0,0.140604,0,0.0,0,284,4,5,0.6806,0.0061,GREEN,34,Kolkata
CLM0054556,KOL_02886,Howrah,2022-02-06,20,0,0,0,0,0,0,0,0,0,0.0,0.253594,0,0.0,0,420,0,4,0.8739,0.0711,GREEN,41,Kolkata
CLM0054557,KOL_09225,Behala,2023-01-27,20,0,0,0,0,0,0,0,0,0,0.0,0.292233,0,0.0,0,286,3,0,0.98,0.0,GREEN,47,Kolkata
CLM0054558,KOL_07615,Esplanade,2025-02-27,8,0,0,0,0,1,0,1,1,1,1.0,0.09943,0,0.0,1,27,4,18,0.429,0.2198,GREEN,18,Kolkata
CLM0054559,KOL_01405,Salt Lake,2023-12-17,11,0,0,0,0,0,0,0,0,0,0.0,0.253543,0,0.0,0,164,1,0,0.8946,0.0,GREEN,28,Kolkata
CLM0054560,KOL_03441,Behala,2018-06-27,20,0,0,0,0,0,0,0,0,0,0.0,0.140469,0,0.0,0,284,0,0,0.7833,0.0681,GREEN,31,Kolkata
CLM0054561,KOL_02811,Tollygunge,2024-12-01,9,0,0,0,0,0,0,0,0,0,0.0,0.413193,0,0.0,0,265,4,2,0.8952,0.0,GREEN,31,Kolkata
CLM0054562,KOL_01657,Garia,2022-06-17,20,0,0,0,0,0,0,0,0,0,0.0,0.01465,0,0.0,0,420,4,2,0.9053,0.0418,GREEN,33,Kolkata
CLM0054563,KOL_04031,Howrah,2015-08-21,20,0,0,0,0,0,0,0,0,0,0.0,0.284978,0,0.0,0,420,2,2,0.9067,0.0,GREEN,39,Kolkata
CLM0054564,KOL_00107,Tollygunge,2024-01-09,7,0,0,0,0,0,0,0,0,0,0.0,0.216545,0,0.0,0,420,1,3,0.9281,0.0,GREEN,42,Kolkata
CLM0054565,KOL_02453,Park Street,2025-09-29,20,0,0,0,0,0,0,0,0,0,0.0,0.270729,0,0.0,0,92,1,3,0.9777,0.0,GREEN,39,Kolkata
CLM0054566,KOL_04220,New Town,2023-06-28,20,0,0,0,0,0,0,0,0,0,0.0,0.327318,0,0.0,0,292,4,0,0.927,0.0,GREEN,30,Kolkata
CLM0054567,KOL_08191,Sealdah,2022-11-22,16,0,0,0,0,0,0,0,0,0,0.0,0.404994,1,0.0,1,265,4,3,0.8911,0.1203,GREEN,27,Kolkata
CLM0054568,KOL_00587,Behala,2025-05-26,9,0,0,0,0,0,0,0,0,0,0.0,0.369137,0,0.0,0,373,0,2,0.8544,0.085,GREEN,34,Kolkata
CLM0054569,KOL_07648,Salt Lake,2024-02-11,18,0,0,0,0,0,0,0,0,0,0.0,0.168281,0,0.0,0,121,0,7,0.9742,0.0221,GREEN,52,Kolkata
CLM0054570,KOL_03155,Sealdah,2022-11-22,10,0,0,0,0,0,0,0,0,0,0.0,0.149137,0,0.0,0,413,0,3,0.9513,0.0,GREEN,25,Kolkata
CLM0054571,KOL_05030,Dum Dum,2022-12-09,20,0,0,0,0,1,0,0,0,0,0.0,0.108505,0,0.0,0,59,2,1,0.7676,0.1746,GREEN,36,Kolkata
CLM0054572,KOL_05368,Sealdah,2023-11-06,12,0,0,0,0,0,0,0,0,1,0.0,0.276337,0,0.0,0,340,3,1,0.9375,0.1164,GREEN,37,Kolkata
CLM0054573,KOL_01404,Howrah,2024-02-16,7,0,0,0,0,0,0,0,1,0,0.0,0.188143,1,0.0,0,19,3,3,0.7623,0.1489,GREEN,43,Kolkata
CLM0054574,KOL_02952,Behala,2022-01-13,18,0,0,0,0,0,0,0,0,0,0.0,0.10062,0,0.0,0,265,2,0,0.9128,0.0999,GREEN,32,Kolkata
CLM0054575,KOL_01498,Garia,2022-08-22,21,0,0,0,0,0,0,0,0,1,1.0,0.107884,0,0.0,0,28,4,0,0.8791,0.1652,GREEN,41,Kolkata
CLM0054576,KOL_05214,Sealdah,2022-12-28,8,0,0,0,0,0,0,0,0,1,0.0,0.301579,0,0.0,0,420,2,3,0.05,0.2171,GREEN,33,Kolkata
CLM0054577,KOL_08098,Salt Lake,2021-12-29,13,0,0,0,0,0,0,0,0,0,0.0,0.026697,0,0.0,0,129,3,4,0.8725,0.0486,GREEN,31,Kolkata
CLM0054578,KOL_00822,Dum Dum,2024-09-18,7,0,0,0,0,0,0,0,0,0,0.0,0.250521,0,0.0,0,124,2,6,0.8676,0.0881,GREEN,31,Kolkata
CLM0054579,KOL_03617,Dum Dum,2018-10-13,13,0,0,0,0,0,0,0,0,0,1.0,0.254456,0,0.0,0,285,3,2,0.98,0.0413,GREEN,40,Kolkata
CLM0054580,KOL_05254,Howrah,2019-02-07,15,0,0,0,0,0,0,1,0,1,0.0,0.241981,0,1.0,1,388,1,2,0.8886,0.2661,GREEN,36,Kolkata
CLM0054581,KOL_01900,Park Street,2024-12-24,12,0,0,0,1,0,0,0,0,0,0.0,0.325907,1,0.0,0,282,4,3,0.05,0.2464,GREEN,40,Kolkata
CLM0054582,KOL_05313,Garia,2019-10-16,10,0,0,0,1,0,0,0,0,0,0.0,0.263513,0,0.0,0,420,2,0,0.1701,0.1531,GREEN,30,Kolkata
CLM0054583,KOL_01818,Salt Lake,2019-04-27,21,0,0,0,0,0,0,0,0,0,0.0,0.351291,0,0.0,0,270,1,0,0.5887,0.0,GREEN,26,Kolkata
CLM0054584,KOL_06454,New Town,2020-05-15,12,0,0,0,0,0,0,0,0,0,0.0,0.083706,1,0.0,0,316,4,0,0.8147,0.0417,GREEN,25,Kolkata
CLM0054585,KOL_00955,Behala,2019-07-05,17,0,0,0,0,0,0,0,0,0,0.0,0.07981,0,0.0,0,250,3,5,0.7167,0.0549,GREEN,18,Kolkata
CLM0054586,KOL_00792,Garia,2016-06-05,11,0,0,0,0,0,0,0,0,0,0.0,0.05236,0,0.0,0,153,3,2,0.8703,0.129,GREEN,46,Kolkata
CLM0054587,KOL_08733,Behala,2020-05-26,10,0,0,0,0,0,0,0,1,0,0.0,0.035043,0,0.0,0,100,0,3,0.7521,0.0837,GREEN,29,Kolkata
CLM0054588,KOL_06547,Garia,2017-02-10,18,0,0,0,0,0,0,0,1,0,0.0,0.413378,0,0.0,0,147,4,5,0.963,0.1127,GREEN,38,Kolkata
CLM0054589,KOL_03327,New Town,2020-07-03,14,0,0,0,0,0,0,0,0,0,0.0,0.523073,0,0.0,0,420,3,3,0.5618,0.0,GREEN,38,Kolkata
CLM0054590,KOL_04509,Salt Lake,2022-03-09,14,0,1,1,1,1,1,1,1,1,1.0,0.940661,0,1.0,0,8,1,18,0.1696,0.7599,RED,44,Kolkata
CLM0054591,KOL_04215,Esplanade,2020-06-26,15,0,1,1,0,0,0,0,0,0,0.0,0.995996,0,0.0,0,103,0,2,0.6084,0.5222,YELLOW,43,Kolkata
CLM0054592,KOL_05516,Salt Lake,2024-12-20,20,0,1,1,1,0,1,1,1,1,1.0,1.0,0,0.0,0,9,0,18,0.1763,0.6908,RED,26,Kolkata
CLM0054593,KOL_03717,Behala,2019-02-14,7,0,1,1,1,1,1,1,1,1,0.0,1.0,0,0.0,1,27,0,18,0.0945,0.8418,RED,34,Kolkata
CLM0054594,KOL_06276,Howrah,2018-01-17,13,0,1,1,0,1,0,0,1,0,0.0,1.0,1,1.0,1,5,2,18,0.2464,0.5012,YELLOW,33,Kolkata
CLM0054595,KOL_05956,New Town,2024-03-21,9,0,1,1,0,1,1,0,1,0,1.0,1.0,1,1.0,0,5,2,18,0.1265,0.3955,YELLOW,38,Kolkata
CLM0054596,KOL_04329,Howrah,2019-01-27,17,0,1,1,0,0,0,0,0,0,0.0,0.930884,0,0.0,0,420,0,3,0.9086,0.6167,RED,35,Kolkata
CLM0054597,KOL_01581,Tollygunge,2021-04-07,19,0,1,1,1,1,0,1,1,1,0.0,0.976445,0,0.0,0,8,2,18,0.1886,0.7231,RED,42,Kolkata
CLM0054598,KOL_03487,Garia,2019-08-17,12,0,1,1,1,1,1,1,1,1,1.0,0.951259,1,0.0,0,5,0,18,0.1882,0.6918,RED,43,Kolkata
CLM0054599,KOL_07032,Esplanade,2023-11-19,9,0,1,1,0,0,1,1,0,1,1.0,0.948424,0,1.0,0,35,2,18,0.788,0.4465,YELLOW,44,Kolkata
CLM0054600,KOL_05289,Sealdah,2017-06-11,10,0,1,1,1,1,0,1,1,1,0.0,0.917797,0,0.0,1,23,1,18,0.2311,0.6963,RED,30,Kolkata
CLM0054601,KOL_06265,Park Street,2024-10-28,14,0,1,1,1,1,0,1,1,1,1.0,0.981653,0,0.0,0,27,2,18,0.2886,0.7614,RED,41,Kolkata
CLM0054602,KOL_04354,Behala,2024-11-13,18,0,0,0,1,0,0,0,0,0,1.0,1.0,0,1.0,0,255,3,0,0.9331,0.1023,GREEN,19,Kolkata
CLM0054603,KOL_09008,Behala,2017-04-04,17,0,0,0,0,0,0,0,0,0,1.0,0.945443,0,1.0,0,68,0,1,0.849,0.0232,GREEN,31,Kolkata
CLM0054604,KOL_06201,Park Street,2019-01-31,17,0,0,0,0,0,0,0,0,0,0.0,0.204069,0,0.0,0,71,2,1,0.05,0.0,GREEN,20,Kolkata
CLM0054605,KOL_08918,Tollygunge,2019-02-24,14,0,0,0,0,0,0,0,0,0,0.0,0.0,0,1.0,0,420,0,2,0.7904,0.1018,GREEN,57,Kolkata
CLM0054606,KOL_02667,Esplanade,2025-11-20,19,0,1,1,0,0,0,0,0,0,0.0,0.257687,0,0.0,0,420,0,1,0.7342,0.7436,RED,18,Kolkata
CLM0054607,KOL_08185,Park Street,2019-04-21,15,0,1,1,1,1,1,1,0,1,1.0,0.986183,0,1.0,1,12,2,18,0.0805,0.7115,RED,50,Kolkata
CLM0054608,KOL_07967,Esplanade,2022-02-23,19,0,1,1,0,0,0,0,1,0,0.0,0.183929,1,0.0,0,271,0,0,0.663,0.6516,RED,40,Kolkata
CLM0054609,KOL_00364,Behala,2018-01-17,9,0,1,1,1,0,0,0,1,1,1.0,0.966704,1,0.0,1,5,0,18,0.98,0.7326,RED,37,Kolkata
CLM0054610,KOL_05723,Howrah,2024-02-21,12,0,1,1,0,1,1,1,1,0,1.0,0.590136,1,0.0,1,5,0,18,0.4101,0.6684,RED,29,Kolkata
CLM0054611,KOL_01634,Dum Dum,2023-07-28,9,0,1,1,0,0,0,1,1,0,0.0,0.14933,1,0.0,0,5,1,18,0.9435,0.3312,YELLOW,38,Kolkata
CLM0054612,KOL_00163,Dum Dum,2021-12-28,13,0,1,1,0,0,1,1,1,1,0.0,0.256446,1,0.0,1,24,2,18,0.05,0.6976,RED,34,Kolkata
CLM0054613,KOL_06337,Howrah,2017-11-23,19,0,1,1,0,1,0,1,1,1,1.0,1.0,0,1.0,1,25,1,18,0.6443,0.7125,RED,31,Kolkata
CLM0054614,KOL_07235,Howrah,2020-07-27,21,0,1,1,0,0,0,0,0,0,0.0,0.143909,0,0.0,0,230,2,2,0.5185,0.5916,YELLOW,46,Kolkata
CLM0054615,KOL_07058,Salt Lake,2017-12-28,18,0,1,1,1,1,0,1,0,1,0.0,0.251591,0,0.0,1,12,2,18,0.5674,0.7603,RED,29,Kolkata
CLM0054616,KOL_08958,Howrah,2024-10-27,16,0,1,1,1,0,1,1,1,1,0.0,0.199268,0,0.0,1,5,2,18,0.8482,0.7305,RED,25,Kolkata
CLM0054617,KOL_04083,Garia,2024-01-07,10,0,1,1,1,0,1,1,1,0,0.0,0.099716,0,0.0,0,15,2,18,0.9607,0.6563,RED,29,Kolkata
CLM0054618,KOL_01752,Dum Dum,2023-01-23,11,0,0,0,1,0,1,0,0,0,0.0,0.263308,0,0.0,0,16,2,0,0.5568,0.2656,GREEN,44,Kolkata
CLM0054619,KOL_03426,Garia,2025-03-20,13,0,0,0,0,0,0,0,0,0,0.0,0.315471,0,0.0,0,204,3,3,0.98,0.0,GREEN,36,Kolkata
CLM0054620,KOL_07370,Park Street,2024-10-13,13,0,0,0,0,0,0,0,0,1,0.0,0.494778,0,0.0,0,144,4,0,0.6239,0.1018,GREEN,39,Kolkata
CLM0054621,KOL_03183,Garia,2023-09-02,18,0,0,0,0,0,0,0,0,0,0.0,0.160318,0,0.0,0,269,0,4,0.98,0.0077,GREEN,47,Kolkata
CLM0054622,KOL_00619,Dum Dum,2025-10-17,17,0,0,0,0,0,0,0,0,0,0.0,1.0,0,0.0,0,59,0,3,0.5376,0.0,GREEN,38,Kolkata
CLM0054623,KOL_07336,Howrah,2024-07-07,14,0,0,0,0,0,0,0,0,0,0.0,0.150622,0,0.0,0,365,2,0,0.7426,0.0827,GREEN,18,Kolkata
CLM0054624,KOL_03364,Behala,2025-08-17,14,0,0,0,0,0,0,0,0,0,0.0,0.159159,0,0.0,0,66,1,3,0.3188,0.0,GREEN,57,Kolkata
CLM0054625,KOL_06978,Behala,2022-10-08,10,0,0,0,0,0,0,0,0,0,0.0,0.260293,0,0.0,0,78,1,0,0.7425,0.0,GREEN,39,Kolkata
CLM0054626,KOL_02393,Garia,2025-01-20,16,0,0,0,0,0,1,0,0,0,1.0,0.98857,0,0.0,0,327,0,4,0.9252,0.262,GREEN,32,Kolkata
CLM0054627,KOL_00603,Dum Dum,2022-07-30,21,0,0,0,0,0,0,0,0,0,0.0,0.242143,0,0.0,0,420,3,4,0.8679,0.1597,GREEN,41,Kolkata
CLM0054628,KOL_05909,New Town,2024-02-03,20,0,0,0,0,0,0,0,0,0,0.0,0.423349,0,0.0,0,258,1,0,0.2145,0.227,GREEN,31,Kolkata
CLM0054629,KOL_07162,New Town,2024-05-24,11,0,0,0,1,0,1,0,1,1,0.0,1.0,0,1.0,0,42,1,18,0.2637,0.0101,GREEN,20,Kolkata
CLM0054630,KOL_04293,Howrah,2020-12-30,18,0,0,0,0,0,1,0,0,0,0.0,0.224027,0,0.0,0,327,1,2,0.05,0.066,GREEN,29,Kolkata
CLM0054631,KOL_00284,Sealdah,2024-04-17,8,0,0,0,0,0,0,0,0,0,0.0,0.104536,0,0.0,0,337,2,2,0.7644,0.0,GREEN,23,Kolkata
CLM0054632,KOL_02746,Behala,2021-09-02,19,0,0,0,1,0,0,0,0,0,0.0,0.269537,0,0.0,0,420,0,0,0.98,0.196,GREEN,24,Kolkata
CLM0054633,KOL_01320,Behala,2024-06-09,15,0,0,0,0,0,1,0,0,0,0.0,0.066915,0,0.0,0,234,0,2,0.843,0.1525,GREEN,40,Kolkata
CLM0054634,KOL_02619,Garia,2021-02-27,10,0,0,0,0,0,0,0,0,0,0.0,0.114265,0,0.0,0,142,3,0,0.5062,0.0062,GREEN,42,Kolkata
CLM0054635,KOL_07302,Salt Lake,2023-08-24,13,0,0,0,0,0,0,0,1,0,0.0,0.321261,0,0.0,0,139,0,2,0.9238,0.1423,GREEN,34,Kolkata
CLM0054636,KOL_03559,Dum Dum,2020-10-09,14,0,0,0,1,0,0,0,1,0,0.0,0.223417,0,0.0,0,384,2,2,0.0524,0.2278,GREEN,38,Kolkata
CLM0054637,KOL_03034,Dum Dum,2019-06-05,13,0,0,0,0,0,0,0,0,0,0.0,0.268397,0,0.0,0,347,2,0,0.4118,0.071,GREEN,18,Kolkata
CLM0054638,KOL_01632,Behala,2024-05-22,14,0,0,0,0,0,0,0,0,0,0.0,0.380198,0,0.0,0,420,1,3,0.7747,0.0,GREEN,36,Kolkata
CLM0054639,KOL_00115,Behala,2018-06-05,19,0,0,0,0,0,0,0,0,0,0.0,0.12125,0,0.0,0,257,2,0,0.572,0.0,GREEN,49,Kolkata
CLM0054640,KOL_02320,Howrah,2019-05-17,18,0,0,0,0,0,0,0,0,0,0.0,0.270836,0,0.0,0,384,1,1,0.9747,0.0,GREEN,35,Kolkata
CLM0054641,KOL_04134,Tollygunge,2023-06-03,16,0,0,0,0,1,0,1,1,0,0.0,1.0,0,0.0,0,32,0,18,0.1751,0.068,GREEN,42,Kolkata
CLM0054642,KOL_08319,Behala,2017-12-15,11,0,0,0,0,0,0,0,0,0,0.0,0.253454,0,0.0,0,174,3,0,0.6025,0.0353,GREEN,29,Kolkata
CLM0054643,KOL_05089,Esplanade,2021-04-05,14,0,0,0,0,0,0,0,0,0,0.0,0.058949,0,0.0,0,420,2,2,0.8838,0.0391,GREEN,53,Kolkata
CLM0054644,KOL_09587,Howrah,2021-09-11,11,0,0,0,0,0,0,0,0,0,0.0,0.430254,0,0.0,0,108,0,0,0.752,0.0133,GREEN,30,Kolkata
CLM0054645,KOL_09764,Garia,2018-05-24,15,0,0,0,0,0,0,0,0,0,0.0,0.168047,0,0.0,0,395,4,1,0.2005,0.0,GREEN,41,Kolkata
CLM0054646,KOL_03485,Dum Dum,2025-10-24,8,0,0,0,0,0,0,0,0,0,0.0,0.280434,0,0.0,0,27,4,2,0.8608,0.0,GREEN,39,Kolkata
CLM0054647,KOL_03142,Sealdah,2024-08-30,18,0,0,0,0,0,0,0,0,0,0.0,0.179259,0,0.0,0,255,4,0,0.9092,0.0155,GREEN,55,Kolkata
CLM0054648,KOL_02877,Esplanade,2025-02-21,11,0,0,0,1,0,1,0,0,0,0.0,0.14365,0,0.0,0,129,3,0,0.832,0.3291,YELLOW,34,Kolkata
CLM0054649,KOL_06140,Behala,2024-12-06,16,0,0,0,0,1,0,0,0,0,0.0,0.415154,0,0.0,0,382,1,3,0.7046,0.1428,GREEN,43,Kolkata
CLM0054650,KOL_03550,New Town,2019-09-05,15,0,0,0,0,1,1,1,1,1,0.0,1.0,0,1.0,0,5,1,18,0.108,0.0856,GREEN,37,Kolkata
CLM0054651,KOL_04316,Salt Lake,2023-09-16,20,0,0,0,0,0,0,1,0,0,0.0,0.353865,0,0.0,0,380,0,1,0.7738,0.0,GREEN,47,Kolkata
CLM0054652,KOL_04548,Salt Lake,2023-02-05,11,0,0,0,0,0,0,0,0,0,0.0,1.0,0,0.0,0,420,0,6,0.5122,0.0279,GREEN,39,Kolkata
CLM0054653,KOL_08445,Howrah,2021-03-06,19,0,0,0,0,0,0,0,0,0,0.0,0.497144,0,0.0,0,193,0,1,0.0902,0.0,GREEN,52,Kolkata
CLM0054654,KOL_07225,Park Street,2025-06-09,19,0,0,0,1,0,0,0,0,0,0.0,0.0,0,0.0,0,261,2,1,0.6343,0.2244,GREEN,26,Kolkata
CLM0054655,KOL_07576,Sealdah,2024-12-15,14,0,0,0,0,0,0,0,0,0,1.0,0.176389,0,0.0,0,72,0,2,0.7137,0.1626,GREEN,37,Kolkata
CLM0054656,KOL_00359,Esplanade,2020-08-26,10,0,0,0,0,0,0,0,0,0,0.0,0.059338,0,0.0,0,396,2,3,0.5819,0.0301,GREEN,38,Kolkata
CLM0054657,KOL_05356,Dum Dum,2024-07-19,21,0,0,0,0,0,1,1,0,1,0.0,0.140346,0,0.0,1,266,3,2,0.98,0.2226,GREEN,38,Kolkata
CLM0054658,KOL_07765,Esplanade,2023-07-24,12,0,0,0,0,0,0,0,0,0,1.0,0.165253,0,0.0,0,202,2,1,0.5363,0.0752,GREEN,33,Kolkata
CLM0054659,KOL_05923,Howrah,2025-02-08,14,0,1,1,0,0,0,0,0,0,1.0,0.123754,0,0.0,0,256,0,3,0.5938,0.7266,RED,32,Kolkata
CLM0054660,KOL_01422,New Town,2025-01-13,12,0,1,1,1,1,0,1,1,1,1.0,0.999616,1,1.0,1,26,1,18,0.1211,0.893,RED,25,Kolkata
CLM0054661,KOL_08123,Salt Lake,2025-07-13,11,0,1,1,1,0,1,0,1,1,0.0,0.964368,0,0.0,0,5,1,11,0.1281,0.5187,YELLOW,35,Kolkata
CLM0054662,KOL_04335,Park Street,2025-07-05,18,0,1,1,0,0,0,1,1,1,1.0,0.222426,0,1.0,1,31,2,18,0.9509,0.5635,YELLOW,41,Kolkata
CLM0054663,KOL_06332,Garia,2024-04-07,12,0,1,1,0,0,0,0,0,0,0.0,0.20964,0,0.0,0,420,2,2,0.9467,0.8888,RED,27,Kolkata
CLM0054664,KOL_01826,Salt Lake,2025-02-09,15,0,0,0,0,0,0,0,0,0,0.0,0.143918,0,0.0,0,323,0,2,0.9207,0.0,GREEN,48,Kolkata
CLM0054665,KOL_06537,Garia,2018-11-27,21,0,0,0,0,0,0,0,0,0,0.0,0.157244,0,0.0,0,334,1,2,0.8086,0.0,GREEN,31,Kolkata
CLM0054666,KOL_06486,Behala,2021-11-30,11,0,0,0,0,0,0,0,0,0,1.0,0.266374,0,0.0,1,241,3,3,0.5434,0.1207,GREEN,31,Kolkata
CLM0054667,KOL_04353,Behala,2019-05-22,11,0,0,0,0,0,0,0,0,0,0.0,0.0,0,0.0,0,306,1,0,0.7697,0.1209,GREEN,34,Kolkata
CLM0054668,KOL_06705,New Town,2025-12-20,15,0,0,0,0,0,0,0,0,0,0.0,0.196111,1,0.0,0,400,1,0,0.7444,0.1492,GREEN,54,Kolkata
CLM0054669,KOL_05083,Tollygunge,2025-01-09,17,0,1,1,0,0,0,0,0,0,0.0,0.19589,0,0.0,0,420,0,6,0.2719,0.0,GREEN,43,Kolkata
CLM0054670,KOL_05674,Tollygunge,2024-01-23,9,0,0,0,0,0,0,0,0,0,0.0,0.94147,0,0.0,0,420,0,0,0.8788,0.0,GREEN,42,Kolkata
CLM0054671,KOL_03500,Esplanade,2023-12-07,21,0,0,0,0,0,0,0,0,0,0.0,0.241403,0,0.0,1,130,1,5,0.5404,0.0459,GREEN,28,Kolkata
CLM0054672,KOL_03906,New Town,2022-08-18,8,0,0,0,0,0,0,0,0,0,0.0,0.306783,0,0.0,0,140,1,1,0.6583,0.0,GREEN,30,Kolkata
CLM0054673,KOL_05455,Howrah,2020-03-24,13,0,1,1,0,0,1,0,0,0,0.0,0.233642,0,0.0,0,74,4,5,0.135,0.1001,GREEN,24,Kolkata
CLM0054674,KOL_01939,New Town,2017-08-12,21,0,0,0,0,0,0,0,1,0,0.0,0.18806,0,0.0,0,385,2,0,0.5521,0.0678,GREEN,44,Kolkata
CLM0054675,KOL_01243,Dum Dum,2019-11-12,7,0,0,0,0,0,0,1,1,0,0.0,0.308665,0,0.0,0,79,0,5,0.6263,0.1676,GREEN,52,Kolkata
CLM0054676,KOL_05238,Tollygunge,2023-12-10,21,0,0,0,0,0,0,0,0,0,1.0,0.441397,0,0.0,0,420,3,0,0.6613,0.0823,GREEN,24,Kolkata
CLM0054677,KOL_05270,New Town,2025-05-06,17,0,0,0,0,0,0,0,0,0,0.0,0.168607,0,0.0,0,349,4,6,0.5983,0.0445,GREEN,49,Kolkata
CLM0054678,KOL_02019,Sealdah,2024-05-19,14,0,0,0,0,0,1,0,0,0,0.0,0.22066,0,0.0,0,115,2,2,0.8251,0.1493,GREEN,18,Kolkata
CLM0054679,KOL_06188,Dum Dum,2025-07-19,13,0,0,0,0,0,0,0,0,0,0.0,0.325172,0,0.0,0,360,1,1,0.8194,0.0345,GREEN,18,Kolkata
CLM0054680,KOL_01849,Howrah,2025-05-06,14,0,0,0,0,1,0,0,0,0,0.0,0.055391,0,0.0,0,49,0,5,0.8971,0.2409,GREEN,30,Kolkata
CLM0054681,KOL_08578,Salt Lake,2024-10-31,20,0,0,0,0,0,0,0,0,0,1.0,0.283454,0,0.0,0,322,3,1,0.1834,0.1167,GREEN,48,Kolkata
CLM0054682,KOL_08185,Park Street,2025-04-28,20,0,0,0,1,0,0,0,0,0,0.0,0.279282,0,0.0,0,420,0,3,0.931,0.1293,GREEN,50,Kolkata
CLM0054683,KOL_01101,Behala,2025-04-03,13,0,0,0,0,0,0,0,0,0,0.0,0.0,0,0.0,0,277,3,4,0.6323,0.0757,GREEN,42,Kolkata
CLM0054684,KOL_07444,Dum Dum,2024-08-20,17,0,0,0,0,0,0,0,0,0,0.0,0.271338,0,0.0,0,6,0,4,0.758,0.0021,GREEN,42,Kolkata
CLM0054685,KOL_02619,Garia,2024-03-24,15,0,0,0,0,0,0,1,0,0,0.0,0.282231,0,0.0,0,155,4,0,0.98,0.1006,GREEN,42,Kolkata
CLM0054686,KOL_01062,Behala,2023-05-27,13,0,0,0,0,0,0,0,0,0,0.0,0.0,0,0.0,0,224,1,0,0.9094,0.0208,GREEN,34,Kolkata
CLM0054687,KOL_00880,Tollygunge,2024-09-15,16,0,1,1,0,0,0,0,0,0,0.0,0.128254,0,0.0,0,420,0,1,0.1673,0.0,GREEN,29,Kolkata
CLM0054688,KOL_07789,Park Street,2017-12-04,18,0,0,0,0,0,0,0,0,0,0.0,1.0,0,0.0,0,420,0,2,0.7791,0.0,GREEN,64,Kolkata
CLM0054689,KOL_05758,New Town,2025-02-25,7,0,0,0,0,0,0,0,0,0,1.0,0.324684,1,0.0,0,420,0,3,0.6856,0.1129,GREEN,32,Kolkata
CLM0054690,KOL_09844,New Town,2019-01-31,7,0,0,0,1,1,0,1,1,1,0.0,0.197026,1,0.0,0,45,2,18,0.9698,0.0467,GREEN,41,Kolkata
CLM0054691,KOL_02278,Howrah,2016-05-17,14,0,0,0,0,0,0,0,0,0,0.0,0.218519,0,0.0,0,98,0,2,0.5998,0.0172,GREEN,26,Kolkata
CLM0054692,KOL_07048,Tollygunge,2019-01-10,17,0,0,0,0,0,0,0,0,0,0.0,0.108357,0,0.0,0,144,0,1,0.6172,0.0025,GREEN,42,Kolkata
CLM0054693,KOL_03043,Behala,2017-05-07,14,0,0,0,0,0,0,0,0,1,0.0,0.335756,0,0.0,0,378,1,1,0.6204,0.1727,GREEN,35,Kolkata
CLM0054694,KOL_05656,Tollygunge,2024-12-16,13,0,0,0,0,0,0,0,1,0,0.0,0.090235,0,0.0,0,344,1,0,0.4815,0.0151,GREEN,53,Kolkata
CLM0054695,KOL_01438,Tollygunge,2021-03-09,17,0,0,0,0,0,0,0,0,0,0.0,1.0,0,0.0,0,357,3,3,0.5919,0.0074,GREEN,31,Kolkata
CLM0054696,KOL_01511,Behala,2025-12-26,9,0,0,0,0,0,0,0,0,0,0.0,0.37344,0,0.0,0,343,0,2,0.8722,0.0,GREEN,21,Kolkata
CLM0054697,KOL_06946,Behala,2025-04-29,16,0,0,0,0,0,1,0,0,0,0.0,0.976382,0,0.0,0,295,0,2,0.9163,0.1038,GREEN,40,Kolkata
CLM0054698,KOL_07175,Tollygunge,2025-11-30,12,0,0,0,0,0,0,0,0,0,0.0,0.249086,0,0.0,0,351,1,4,0.6781,0.0,GREEN,30,Kolkata
CLM0054699,KOL_05368,Sealdah,2024-12-28,14,0,1,1,0,0,0,0,0,0,0.0,0.422288,0,0.0,1,411,3,3,0.8743,0.1246,GREEN,37,Kolkata
CLM0054700,KOL_04774,Dum Dum,2025-03-08,11,0,0,0,0,0,0,1,0,0,1.0,0.421417,0,0.0,0,89,4,3,0.05,0.1028,GREEN,22,Kolkata
CLM0054701,KOL_07355,Park Street,2025-12-16,17,0,0,0,0,0,0,0,0,0,0.0,1.0,0,0.0,0,103,2,4,0.897,0.0661,GREEN,42,Kolkata
CLM0054702,KOL_03587,Park Street,2025-07-21,19,0,0,0,0,0,0,0,0,0,0.0,0.023593,0,0.0,0,420,3,0,0.98,0.0,GREEN,34,Kolkata
CLM0054703,KOL_02183,Garia,2025-05-04,16,0,0,0,0,0,1,0,0,0,0.0,0.201721,0,0.0,0,405,1,0,0.6784,0.0425,GREEN,27,Kolkata
CLM0054704,KOL_09528,Behala,2025-02-28,12,0,0,0,0,0,0,0,0,0,0.0,0.941569,0,0.0,0,273,1,2,0.4909,0.2073,GREEN,46,Kolkata
CLM0054705,KOL_01086,Sealdah,2025-01-21,14,0,0,0,0,0,0,0,0,0,0.0,0.393337,0,0.0,0,17,2,0,0.6926,0.0518,GREEN,38,Kolkata
CLM0054706,KOL_02197,Howrah,2024-12-17,12,0,0,0,0,0,0,0,0,0,1.0,0.057299,0,0.0,0,27,1,1,0.05,0.0699,GREEN,33,Kolkata
CLM0054707,KOL_09283,Sealdah,2020-01-24,16,0,0,0,0,0,0,0,0,0,0.0,0.38793,0,0.0,0,353,0,2,0.7797,0.0933,GREEN,22,Kolkata
CLM0054708,KOL_01414,Sealdah,2023-05-05,7,0,0,0,0,0,1,0,0,0,0.0,0.183661,0,0.0,0,350,2,1,0.6355,0.0796,GREEN,39,Kolkata
CLM0054709,KOL_05245,Dum Dum,2024-04-01,18,0,0,0,0,0,0,0,0,0,0.0,0.114184,0,0.0,1,34,4,3,0.8519,0.0882,GREEN,24,Kolkata
CLM0054710,KOL_08243,Sealdah,2025-05-03,20,0,0,0,0,0,0,0,0,0,0.0,0.020921,0,0.0,0,420,4,0,0.9388,0.0,GREEN,37,Kolkata
CLM0054711,KOL_09685,Garia,2019-01-29,12,0,0,0,0,0,0,0,0,0,0.0,0.064569,0,0.0,0,419,2,0,0.1902,0.0808,GREEN,34,Kolkata
CLM0054712,KOL_08839,Tollygunge,2020-06-04,15,0,0,0,0,0,0,0,0,0,0.0,0.218385,0,0.0,0,81,2,0,0.1038,0.0457,GREEN,40,Kolkata
CLM0054713,KOL_00598,New Town,2019-03-02,19,0,0,0,0,0,0,0,0,0,0.0,0.0,0,0.0,0,227,0,3,0.9641,0.0229,GREEN,38,Kolkata
CLM0054714,KOL_00261,Howrah,2020-09-01,10,0,0,0,0,0,0,0,0,0,0.0,0.268735,0,0.0,0,420,2,0,0.5096,0.0,GREEN,40,Kolkata
CLM0054715,KOL_05814,Esplanade,2023-04-08,15,0,1,1,1,0,0,0,0,0,0.0,1.0,0,0.0,0,352,2,1,0.98,0.1355,GREEN,31,Kolkata
CLM0054716,KOL_06080,Sealdah,2023-11-16,13,0,0,0,0,0,0,0,0,0,0.0,0.108025,0,0.0,0,420,2,0,0.4859,0.0632,GREEN,29,Kolkata
CLM0054717,KOL_08748,Salt Lake,2024-05-03,21,0,0,0,0,1,0,0,1,0,0.0,1.0,0,0.0,0,241,4,2,0.9253,0.2331,GREEN,46,Kolkata
CLM0054718,KOL_04671,Behala,2025-06-19,12,0,1,1,0,0,0,0,0,0,0.0,0.953152,0,0.0,0,325,0,3,0.1418,0.0156,GREEN,30,Kolkata
CLM0054719,KOL_00925,Dum Dum,2024-04-05,17,0,0,0,0,0,0,0,0,1,0.0,1.0,0,0.0,0,420,3,4,0.7179,0.1075,GREEN,43,Kolkata
CLM0054720,KOL_06735,Tollygunge,2025-08-08,11,0,0,0,0,0,0,0,0,0,0.0,0.218133,0,0.0,0,339,3,2,0.8903,0.0819,GREEN,52,Kolkata
CLM0054721,KOL_08197,Park Street,2018-08-19,9,0,0,0,0,0,1,1,0,0,0.0,0.278604,0,0.0,0,371,3,2,0.8657,0.137,GREEN,28,Kolkata
CLM0054722,KOL_07517,Behala,2024-11-19,15,0,0,0,0,0,1,0,0,0,0.0,0.167948,0,0.0,1,333,0,5,0.7774,0.1398,GREEN,20,Kolkata
CLM0054723,KOL_02831,Behala,2022-10-31,8,0,0,0,0,0,0,0,0,0,0.0,0.244409,0,0.0,0,315,2,6,0.8764,0.0538,GREEN,43,Kolkata
CLM0054724,KOL_02021,Salt Lake,2025-12-21,14,0,0,0,0,0,0,0,0,0,1.0,0.983387,0,1.0,0,315,1,2,0.2678,0.0039,GREEN,50,Kolkata
CLM0054725,KOL_02618,Sealdah,2023-02-13,9,0,0,0,0,0,0,0,0,0,0.0,0.207932,0,0.0,0,420,3,2,0.3414,0.0322,GREEN,44,Kolkata
CLM0054726,KOL_05355,New Town,2022-03-21,14,0,0,0,0,0,0,0,0,0,0.0,0.088668,0,0.0,0,145,1,4,0.6208,0.0,GREEN,40,Kolkata
CLM0054727,KOL_02897,Sealdah,2019-09-11,9,0,0,0,0,0,1,0,0,0,1.0,0.138307,0,0.0,0,420,2,0,0.8051,0.0364,GREEN,37,Kolkata
CLM0054728,KOL_06895,Sealdah,2017-05-05,7,0,0,0,0,0,0,0,0,0,0.0,0.311551,0,0.0,0,116,1,4,0.5031,0.0,GREEN,38,Kolkata
CLM0054729,KOL_07125,Tollygunge,2017-03-27,17,0,0,0,0,0,0,0,0,0,0.0,0.309484,0,0.0,0,354,1,5,0.5461,0.0,GREEN,24,Kolkata
CLM0054730,KOL_09070,Behala,2023-09-24,20,0,0,0,0,0,0,0,0,0,0.0,0.14887,0,0.0,0,225,4,1,0.6404,0.0,GREEN,43,Kolkata
CLM0054731,KOL_04300,Dum Dum,2025-04-23,10,0,0,0,0,0,1,0,0,0,0.0,0.112228,0,1.0,0,114,2,2,0.6709,0.1173,GREEN,47,Kolkata
CLM0054732,KOL_01629,Behala,2025-11-09,7,0,0,0,1,0,1,1,1,0,0.0,0.072911,0,1.0,1,21,0,18,0.8607,0.0394,GREEN,25,Kolkata
CLM0054733,KOL_02260,Park Street,2025-11-07,9,0,0,0,0,0,0,0,0,0,0.0,0.948445,0,0.0,0,347,3,0,0.5415,0.0125,GREEN,26,Kolkata
CLM0054734,KOL_00985,Salt Lake,2025-04-07,7,0,0,0,0,0,0,0,0,0,1.0,0.047744,0,0.0,0,420,0,0,0.7366,0.0313,GREEN,28,Kolkata
CLM0054735,KOL_04854,Howrah,2024-05-19,10,0,1,1,0,0,0,0,0,0,0.0,1.0,0,0.0,0,381,4,6,0.98,0.1124,GREEN,22,Kolkata
CLM0054736,KOL_05216,Garia,2025-05-02,17,0,0,0,0,0,0,0,0,1,0.0,0.030009,0,0.0,0,355,0,0,0.5363,0.1013,GREEN,18,Kolkata
CLM0054737,KOL_02334,Howrah,2025-01-07,8,0,0,0,0,0,0,1,0,0,0.0,0.955258,0,0.0,0,193,3,2,0.5587,0.0174,GREEN,39,Kolkata
CLM0054738,KOL_00028,Salt Lake,2024-12-16,16,0,0,0,0,0,0,1,0,0,0.0,0.391764,0,0.0,0,269,4,0,0.7065,0.2412,GREEN,55,Kolkata
CLM0054739,KOL_06061,Esplanade,2021-09-22,9,0,1,1,1,0,1,0,1,0,1.0,0.92203,0,1.0,1,5,2,18,0.3329,0.564,YELLOW,47,Kolkata
CLM0054740,KOL_05673,Howrah,2021-11-15,16,0,1,1,0,1,0,1,1,1,0.0,0.168107,0,0.0,1,5,2,18,0.8785,0.7059,RED,37,Kolkata
CLM0054741,KOL_09471,Park Street,2024-03-27,17,0,1,1,1,0,0,1,0,1,1.0,1.0,0,1.0,0,52,1,18,0.1453,0.4967,YELLOW,42,Kolkata
CLM0054742,KOL_08763,Behala,2022-05-30,9,0,1,1,1,0,1,1,1,1,1.0,0.936604,0,0.0,1,5,2,18,0.06,0.6986,RED,31,Kolkata
CLM0054743,KOL_09077,Dum Dum,2024-03-12,9,0,1,1,0,1,1,1,1,1,1.0,0.630972,0,0.0,1,10,2,18,0.4608,0.7008,RED,43,Kolkata
CLM0054744,KOL_08538,Park Street,2022-12-25,10,0,1,1,1,1,0,1,1,1,1.0,1.0,0,1.0,0,5,0,18,0.0855,0.6575,RED,26,Kolkata
CLM0054745,KOL_05816,Tollygunge,2021-10-07,10,0,1,1,1,1,1,1,1,0,0.0,0.142314,0,1.0,0,5,0,18,0.2598,0.7368,RED,32,Kolkata
CLM0054746,KOL_03694,Salt Lake,2023-05-15,9,0,1,1,1,1,1,1,0,1,0.0,0.177932,1,0.0,0,6,1,18,0.8809,0.6055,YELLOW,53,Kolkata
CLM0054747,KOL_02312,Tollygunge,2025-07-15,16,0,1,1,1,0,0,1,1,0,0.0,0.95957,0,1.0,1,28,1,18,0.3054,0.448,YELLOW,34,Kolkata
CLM0054748,KOL_08412,New Town,2024-07-21,8,0,1,1,0,0,1,1,0,0,1.0,0.941158,0,0.0,1,21,1,18,0.2201,0.4373,YELLOW,31,Kolkata
CLM0054749,KOL_06606,Park Street,2023-07-05,16,0,1,1,1,1,1,1,1,1,1.0,1.0,0,0.0,1,17,1,18,0.2204,0.9416,RED,42,Kolkata
CLM0054750,KOL_06680,Salt Lake,2020-03-30,19,0,1,1,1,1,0,1,1,1,0.0,0.934805,0,1.0,1,5,2,18,0.98,0.8513,RED,32,Kolkata
CLM0054751,KOL_09520,Dum Dum,2020-02-26,20,0,1,1,1,1,1,1,0,0,1.0,0.961094,0,0.0,0,17,1,18,0.25,0.556,YELLOW,22,Kolkata
CLM0054752,KOL_07772,Park Street,2024-03-24,14,0,1,1,1,0,1,1,1,1,0.0,0.129499,0,0.0,0,5,0,18,0.9319,0.7951,RED,35,Kolkata
CLM0054753,KOL_02660,Park Street,2018-05-31,21,0,0,0,0,0,0,0,0,1,0.0,0.022045,0,0.0,1,420,2,2,0.5867,0.285,GREEN,36,Kolkata
CLM0054754,KOL_09115,Garia,2018-03-06,10,0,0,0,0,0,0,0,0,0,0.0,0.0,0,0.0,0,287,3,2,0.98,0.0,GREEN,27,Kolkata
CLM0054755,KOL_08287,Esplanade,2023-11-30,10,0,0,0,0,1,1,0,0,0,0.0,0.32145,0,0.0,0,188,1,0,0.8655,0.1797,GREEN,22,Kolkata
CLM0054756,KOL_07170,Sealdah,2019-04-05,13,0,0,0,0,0,0,1,0,0,0.0,0.130976,0,0.0,0,420,3,1,0.8088,0.1231,GREEN,45,Kolkata
CLM0054757,KOL_04349,Dum Dum,2022-08-28,17,0,0,0,0,0,0,0,0,0,0.0,0.0,0,0.0,0,413,3,4,0.6527,0.0081,GREEN,34,Kolkata
CLM0054758,KOL_03862,Sealdah,2022-08-24,14,0,1,1,0,0,0,0,0,0,0.0,0.238025,0,0.0,0,69,3,3,0.7153,0.0918,GREEN,47,Kolkata
CLM0054759,KOL_05114,Esplanade,2020-04-16,8,0,0,0,0,0,0,0,0,0,0.0,0.238599,1,0.0,0,232,4,3,0.8568,0.0697,GREEN,47,Kolkata
CLM0054760,KOL_05954,New Town,2021-04-20,19,0,0,0,0,0,0,0,0,1,0.0,0.933413,0,0.0,0,79,3,0,0.658,0.0976,GREEN,30,Kolkata
CLM0054761,KOL_04821,Esplanade,2023-04-12,14,0,0,0,0,0,1,0,0,0,0.0,0.333723,0,0.0,0,420,4,1,0.6048,0.0087,GREEN,61,Kolkata
CLM0054762,KOL_04314,Salt Lake,2023-10-28,21,0,0,0,0,0,0,0,0,0,0.0,1.0,0,1.0,0,420,1,0,0.1996,0.0255,GREEN,49,Kolkata
CLM0054763,KOL_09104,Behala,2023-09-02,15,0,0,0,1,1,0,1,1,1,1.0,0.93826,0,1.0,0,5,3,9,0.963,0.1821,GREEN,29,Kolkata
CLM0054764,KOL_01386,New Town,2022-12-28,20,0,0,0,0,0,0,1,0,0,0.0,0.0,0,0.0,0,420,1,5,0.7198,0.1501,GREEN,31,Kolkata
CLM0054765,KOL_07203,Salt Lake,2018-10-31,20,0,0,0,0,0,0,0,0,0,0.0,0.107304,0,0.0,1,163,3,4,0.0913,0.0448,GREEN,37,Kolkata
CLM0054766,KOL_07871,Garia,2024-03-28,14,0,0,0,0,0,0,0,0,0,0.0,0.416043,0,0.0,0,81,0,0,0.7336,0.0,GREEN,40,Kolkata
CLM0054767,KOL_07589,Park Street,2019-06-10,21,0,0,0,0,0,0,0,0,0,0.0,0.12266,0,0.0,0,394,0,3,0.6723,0.0,GREEN,26,Kolkata
CLM0054768,KOL_08460,New Town,2018-07-19,8,0,0,0,0,0,0,0,1,0,0.0,0.122654,1,0.0,0,383,2,0,0.8102,0.1401,GREEN,33,Kolkata
CLM0054769,KOL_06513,Park Street,2018-04-30,10,0,0,0,0,0,0,0,1,0,0.0,0.0,0,0.0,0,410,3,1,0.8779,0.1699,GREEN,34,Kolkata
CLM0054770,KOL_03445,Esplanade,2022-11-01,16,0,0,0,0,0,0,0,0,0,0.0,0.21502,0,0.0,0,347,4,4,0.1687,0.0,GREEN,33,Kolkata
CLM0054771,KOL_09585,Salt Lake,2024-05-01,8,0,0,0,0,0,0,0,1,0,0.0,0.108793,0,0.0,0,344,4,6,0.713,0.1081,GREEN,37,Kolkata
CLM0054772,KOL_01355,Salt Lake,2022-08-25,19,0,1,1,0,0,0,0,0,0,0.0,0.070512,0,0.0,0,420,1,4,0.8943,0.0154,GREEN,23,Kolkata
CLM0054773,KOL_02250,Sealdah,2024-01-19,19,0,0,0,0,0,0,0,1,0,0.0,1.0,0,0.0,0,300,3,0,0.2216,0.0704,GREEN,35,Kolkata
CLM0054774,KOL_00333,Esplanade,2017-08-19,15,0,0,0,0,0,0,0,0,0,0.0,0.109543,0,0.0,0,343,3,0,0.947,0.0,GREEN,28,Kolkata
CLM0054775,KOL_07351,Sealdah,2020-05-12,19,0,0,0,0,0,0,0,0,0,0.0,0.31516,0,0.0,0,225,4,2,0.659,0.0315,GREEN,38,Kolkata
CLM0054776,KOL_03538,Park Street,2025-10-15,11,0,0,0,0,0,0,0,0,0,0.0,0.268736,0,0.0,0,355,2,0,0.98,0.0155,GREEN,27,Kolkata
CLM0054777,KOL_06663,Dum Dum,2024-11-23,18,0,0,0,0,0,0,0,0,0,0.0,0.140888,0,0.0,0,168,4,1,0.7078,0.0504,GREEN,37,Kolkata
CLM0054778,KOL_04814,Tollygunge,2025-10-21,9,0,0,0,0,0,0,0,0,0,0.0,0.261638,1,0.0,0,420,3,6,0.1376,0.0896,GREEN,34,Kolkata
CLM0054779,KOL_01506,Garia,2023-02-05,8,0,0,0,0,0,1,0,0,0,0.0,0.331982,0,0.0,0,233,1,2,0.98,0.2178,GREEN,33,Kolkata
CLM0054780,KOL_05212,Sealdah,2024-05-13,15,0,0,0,0,0,0,1,0,1,0.0,0.0,1,0.0,0,324,1,2,0.6207,0.1623,GREEN,18,Kolkata
CLM0054781,KOL_02141,Esplanade,2022-05-11,21,0,0,0,1,1,0,0,0,1,0.0,0.189516,0,0.0,0,301,1,3,0.9724,0.4376,YELLOW,52,Kolkata
CLM0054782,KOL_04456,Howrah,2018-08-04,21,0,0,0,0,0,0,0,0,0,0.0,0.287502,0,0.0,0,222,3,0,0.9574,0.0,GREEN,34,Kolkata
CLM0054783,KOL_04992,Behala,2025-09-27,21,0,0,0,1,0,0,0,0,0,0.0,0.292118,0,0.0,0,133,0,5,0.1037,0.0957,GREEN,36,Kolkata
CLM0054784,KOL_01854,Dum Dum,2024-03-29,10,0,0,0,0,0,1,0,0,0,0.0,1.0,0,0.0,0,19,4,3,0.6343,0.1177,GREEN,18,Kolkata
CLM0054785,KOL_05482,Sealdah,2023-03-13,17,0,1,1,1,0,0,1,1,0,0.0,0.050097,0,0.0,1,5,2,18,0.9119,0.4848,YELLOW,37,Kolkata
CLM0054786,KOL_07925,Garia,2021-11-19,14,0,1,1,0,0,0,1,0,0,0.0,0.070848,1,0.0,0,47,1,18,0.8935,0.301,GREEN,58,Kolkata
CLM0054787,KOL_03525,Park Street,2023-04-02,11,0,0,0,0,0,0,0,0,1,1.0,0.0,0,0.0,0,384,1,1,0.807,0.1139,GREEN,38,Kolkata
CLM0054788,KOL_09718,Garia,2019-08-30,14,0,0,0,0,0,0,0,0,0,0.0,0.134046,0,0.0,0,374,2,0,0.9187,0.0043,GREEN,38,Kolkata
CLM0054789,KOL_01265,Sealdah,2020-12-02,18,0,0,0,0,0,1,1,0,0,0.0,0.0,0,0.0,1,420,2,5,0.5098,0.3045,GREEN,31,Kolkata
CLM0054790,KOL_02837,New Town,2024-07-13,17,0,0,0,0,0,0,0,0,0,0.0,0.159771,0,0.0,0,161,4,3,0.711,0.0355,GREEN,28,Kolkata
CLM0054791,KOL_08620,Tollygunge,2024-04-24,9,0,0,0,0,0,0,0,0,0,0.0,0.48203,0,0.0,0,199,4,0,0.7136,0.0248,GREEN,47,Kolkata
CLM0054792,KOL_08220,Dum Dum,2020-03-08,10,0,0,0,0,0,0,0,0,0,0.0,0.273412,0,0.0,0,420,3,0,0.4255,0.0284,GREEN,37,Kolkata
CLM0054793,KOL_07490,New Town,2019-05-18,16,0,0,0,0,0,0,0,0,0,0.0,0.081082,0,0.0,0,176,3,2,0.5547,0.0706,GREEN,27,Kolkata
CLM0054794,KOL_06773,Garia,2018-11-04,13,0,0,0,1,0,1,1,1,1,0.0,0.260391,1,0.0,0,5,0,18,0.8357,0.0615,GREEN,18,Kolkata
CLM0054795,KOL_00803,Behala,2020-11-18,16,0,0,0,0,0,0,0,0,0,0.0,0.136458,0,0.0,1,420,3,4,0.887,0.17,GREEN,49,Kolkata
CLM0054796,KOL_01011,Park Street,2024-08-02,19,0,0,0,0,0,0,0,1,0,1.0,1.0,0,1.0,0,420,4,0,0.244,0.1403,GREEN,31,Kolkata
CLM0054797,KOL_00366,New Town,2021-01-22,20,0,0,0,1,0,0,0,0,0,0.0,0.300225,0,0.0,0,128,0,7,0.8796,0.0685,GREEN,54,Kolkata
CLM0054798,KOL_00282,Tollygunge,2023-09-18,14,0,0,0,0,0,0,0,0,0,1.0,0.143676,0,0.0,0,298,3,2,0.7119,0.1318,GREEN,39,Kolkata
CLM0054799,KOL_08038,Tollygunge,2022-11-02,12,0,0,0,0,1,0,0,0,0,0.0,0.316408,0,0.0,0,348,3,2,0.98,0.2546,GREEN,40,Kolkata
CLM0054800,KOL_02827,New Town,2022-09-08,15,0,0,0,0,0,0,0,1,1,0.0,0.074929,0,0.0,0,410,4,4,0.6205,0.2387,GREEN,25,Kolkata
CLM0054801,KOL_04715,Dum Dum,2020-03-22,21,0,0,0,0,0,0,0,0,0,1.0,1.0,0,1.0,0,215,3,0,0.8556,0.1029,GREEN,27,Kolkata
CLM0054802,KOL_08471,Sealdah,2024-11-06,15,0,0,0,0,0,0,0,0,0,0.0,0.102056,0,0.0,0,360,0,2,0.05,0.0,GREEN,29,Kolkata
CLM0054803,KOL_04652,Howrah,2025-01-25,18,0,0,0,0,0,0,0,0,0,1.0,0.190443,0,0.0,0,138,2,1,0.8492,0.0513,GREEN,43,Kolkata
CLM0054804,KOL_08982,Park Street,2021-11-17,12,0,0,0,0,0,0,0,1,1,0.0,0.148676,0,0.0,0,420,4,2,0.98,0.2221,GREEN,24,Kolkata
CLM0054805,KOL_03596,New Town,2025-01-07,12,0,0,0,0,0,0,0,1,0,0.0,0.097935,0,0.0,0,420,3,4,0.1942,0.1013,GREEN,43,Kolkata
CLM0054806,KOL_05385,Sealdah,2023-04-28,15,0,0,0,1,1,0,1,1,0,1.0,0.51131,1,1.0,1,5,3,18,0.0526,0.181,GREEN,28,Kolkata
CLM0054807,KOL_09129,Howrah,2023-11-28,17,0,0,0,0,0,0,0,0,0,0.0,0.290481,0,0.0,0,420,2,0,0.05,0.0496,GREEN,18,Kolkata
CLM0054808,KOL_00977,Dum Dum,2024-07-28,9,0,0,0,0,0,0,0,0,0,0.0,0.041378,0,0.0,0,350,2,2,0.9756,0.0325,GREEN,38,Kolkata
CLM0054809,KOL_02789,Behala,2025-10-20,8,0,0,0,0,0,0,1,0,0,0.0,0.075387,0,0.0,0,64,4,0,0.8183,0.0599,GREEN,32,Kolkata
CLM0054810,KOL_09650,Garia,2021-04-17,14,0,0,0,0,0,0,0,0,1,0.0,0.152672,0,0.0,0,420,2,0,0.8285,0.1354,GREEN,45,Kolkata
CLM0054811,KOL_01206,Tollygunge,2024-12-05,14,0,0,0,0,0,0,0,0,1,0.0,0.09174,0,0.0,0,287,0,1,0.6731,0.1944,GREEN,37,Kolkata
CLM0054812,KOL_04339,Park Street,2023-12-09,21,0,0,0,0,0,0,0,0,0,0.0,0.448671,0,0.0,0,384,4,0,0.4959,0.0,GREEN,18,Kolkata
CLM0054813,KOL_07736,Behala,2025-03-30,15,0,0,0,0,1,0,1,0,0,0.0,0.191476,0,0.0,0,420,0,1,0.9205,0.1158,GREEN,37,Kolkata
CLM0054814,KOL_06886,Behala,2025-10-21,13,0,0,0,0,0,0,0,0,0,0.0,0.361634,0,0.0,0,228,3,4,0.7256,0.0185,GREEN,47,Kolkata
CLM0054815,KOL_01445,Dum Dum,2024-07-14,7,0,0,0,0,0,0,0,0,0,0.0,0.277228,0,0.0,0,403,2,3,0.98,0.0,GREEN,36,Kolkata
CLM0054816,KOL_09141,Garia,2020-08-11,15,0,0,0,0,0,0,0,0,0,0.0,0.125564,0,0.0,0,157,0,5,0.8322,0.0106,GREEN,48,Kolkata
CLM0054817,KOL_06332,Garia,2022-10-01,14,0,0,0,0,0,0,0,0,0,0.0,0.195888,0,0.0,0,219,3,7,0.98,0.0391,GREEN,27,Kolkata
CLM0054818,KOL_04689,Park Street,2021-09-10,20,0,0,0,0,0,0,0,0,0,0.0,0.233839,0,0.0,0,115,3,3,0.4691,0.0342,GREEN,49,Kolkata
CLM0054819,KOL_09324,Park Street,2024-11-11,14,1,0,0,0,0,0,0,0,0,0.0,0.336918,0,0.0,0,402,2,3,0.8948,0.0329,GREEN,20,Kolkata
CLM0054820,KOL_07544,Salt Lake,2023-04-30,11,0,0,0,0,0,0,0,0,0,1.0,0.306728,0,0.0,0,361,4,2,0.8705,0.1029,GREEN,52,Kolkata
CLM0054821,KOL_04644,Tollygunge,2023-06-27,12,0,0,0,0,1,0,0,0,0,0.0,0.160902,0,0.0,0,153,0,3,0.6753,0.0249,GREEN,58,Kolkata
CLM0054822,KOL_07713,Howrah,2024-06-16,14,0,0,0,0,0,0,0,0,0,1.0,0.1358,0,0.0,0,404,2,0,0.05,0.0,GREEN,37,Kolkata
CLM0054823,KOL_08657,Howrah,2024-01-24,18,0,0,0,0,0,1,0,0,0,0.0,0.193716,0,0.0,1,420,3,0,0.2208,0.0931,GREEN,24,Kolkata
CLM0054824,KOL_05552,Park Street,2025-11-20,7,0,1,1,0,0,1,0,0,0,0.0,0.11245,0,0.0,0,276,1,0,0.647,0.1099,GREEN,30,Kolkata
CLM0054825,KOL_06055,Dum Dum,2020-11-01,8,0,0,0,1,1,0,1,0,1,0.0,0.211851,0,0.0,1,5,0,18,0.98,0.0716,GREEN,44,Kolkata
CLM0054826,KOL_01680,Sealdah,2025-07-07,17,0,0,0,0,0,0,0,0,0,0.0,0.265201,0,0.0,0,243,2,2,0.7653,0.0,GREEN,27,Kolkata
CLM0054827,KOL_07814,New Town,2019-02-06,16,0,0,0,0,0,0,0,0,0,0.0,0.220329,0,0.0,0,85,4,6,0.9444,0.188,GREEN,47,Kolkata
CLM0054828,KOL_09940,Esplanade,2022-12-17,15,0,0,0,0,0,0,0,0,0,1.0,0.425142,1,0.0,0,292,1,3,0.8709,0.0,GREEN,37,Kolkata
CLM0054829,KOL_05692,Howrah,2022-08-31,16,0,0,0,0,0,0,0,1,0,0.0,0.233142,0,1.0,0,122,2,2,0.1784,0.0793,GREEN,18,Kolkata
CLM0054830,KOL_08781,Garia,2023-11-01,14,0,0,0,0,0,0,0,1,0,0.0,0.331921,0,0.0,0,102,0,3,0.7089,0.0443,GREEN,44,Kolkata
CLM0054831,KOL_01903,New Town,2023-05-20,7,0,0,0,0,0,0,0,0,0,0.0,0.129801,0,0.0,0,94,1,5,0.8361,0.0872,GREEN,42,Kolkata
CLM0054832,KOL_03624,Salt Lake,2025-05-18,17,0,0,0,0,0,1,0,0,0,0.0,1.0,0,0.0,0,122,3,3,0.5778,0.0005,GREEN,36,Kolkata
CLM0054833,KOL_02118,Park Street,2025-07-24,16,0,0,0,0,0,0,0,0,0,0.0,0.0,0,0.0,0,28,0,2,0.9478,0.0,GREEN,20,Kolkata
CLM0054834,KOL_03604,Dum Dum,2025-02-26,10,0,1,1,0,0,0,0,0,0,0.0,0.028383,0,0.0,0,66,4,9,0.6351,0.0069,GREEN,25,Kolkata
CLM0054835,KOL_09921,Garia,2024-07-24,7,0,0,0,0,0,1,0,0,0,0.0,0.00847,0,0.0,0,296,1,6,0.5307,0.0774,GREEN,46,Kolkata
CLM0054836,KOL_00930,Park Street,2024-12-13,17,0,0,0,0,0,0,0,0,0,0.0,0.220391,0,0.0,0,420,2,0,0.98,0.0,GREEN,36,Kolkata
CLM0054837,KOL_04172,Tollygunge,2025-11-10,8,0,0,0,0,1,0,0,0,1,1.0,1.0,1,0.0,1,11,1,18,0.1812,0.2038,GREEN,39,Kolkata
CLM0054838,KOL_00218,Esplanade,2024-03-15,18,0,0,0,0,0,0,0,0,0,0.0,0.101115,0,0.0,0,204,2,5,0.5152,0.0,GREEN,30,Kolkata
CLM0054839,KOL_09897,New Town,2023-10-24,15,0,0,0,0,0,0,0,0,0,0.0,0.272086,0,0.0,0,274,0,1,0.98,0.0,GREEN,18,Kolkata
CLM0054840,KOL_03519,Tollygunge,2024-06-18,17,0,0,0,0,0,0,0,0,0,0.0,0.133216,0,0.0,0,213,1,5,0.8164,0.0,GREEN,22,Kolkata
CLM0054841,KOL_03251,New Town,2025-05-05,18,0,0,0,0,0,0,0,0,0,0.0,1.0,0,0.0,0,355,3,0,0.8465,0.0,GREEN,36,Kolkata
CLM0054842,KOL_09210,New Town,2021-02-12,19,0,0,0,0,0,0,0,0,0,0.0,0.288196,0,0.0,0,381,2,6,0.7219,0.0662,GREEN,37,Kolkata
CLM0054843,KOL_00808,Sealdah,2025-04-17,15,0,0,0,0,0,0,0,0,0,0.0,0.30679,0,0.0,0,251,2,1,0.7334,0.0,GREEN,29,Kolkata
CLM0054844,KOL_08426,Dum Dum,2023-11-17,20,0,0,0,0,0,0,0,0,0,0.0,0.086988,0,0.0,0,61,1,0,0.8398,0.1404,GREEN,22,Kolkata
CLM0054845,KOL_06475,Behala,2025-11-21,8,0,0,0,0,0,0,0,0,0,1.0,0.0,0,0.0,0,360,4,0,0.8273,0.0638,GREEN,18,Kolkata
CLM0054846,KOL_04230,Garia,2021-11-18,12,0,0,0,0,0,0,0,0,0,0.0,0.076392,0,0.0,1,306,2,3,0.9492,0.0733,GREEN,25,Kolkata
CLM0054847,KOL_05314,Tollygunge,2021-02-26,16,0,0,0,0,0,0,0,0,0,0.0,0.288851,0,0.0,0,74,3,0,0.8421,0.0,GREEN,41,Kolkata
CLM0054848,KOL_05634,New Town,2023-10-11,21,0,0,0,0,0,0,0,0,1,0.0,0.418888,0,0.0,0,420,1,0,0.7367,0.0681,GREEN,49,Kolkata
CLM0054849,KOL_06815,Howrah,2021-12-08,14,0,0,0,1,0,0,0,0,0,0.0,0.32549,0,0.0,0,332,3,0,0.1547,0.0987,GREEN,37,Kolkata
CLM0054850,KOL_05139,Salt Lake,2021-05-30,11,0,0,0,0,0,0,0,0,0,0.0,0.394353,0,0.0,0,364,1,5,0.6914,0.013,GREEN,22,Kolkata
CLM0054851,KOL_02352,Tollygunge,2019-11-23,7,0,0,0,0,0,0,1,0,0,0.0,0.022067,0,0.0,0,126,1,6,0.5148,0.0086,GREEN,54,Kolkata
CLM0054852,KOL_03184,Behala,2021-06-22,21,0,0,0,0,0,0,1,0,0,0.0,0.973357,0,0.0,0,314,1,3,0.6216,0.1275,GREEN,45,Kolkata
CLM0054853,KOL_05010,Garia,2021-10-15,18,0,0,0,0,0,0,0,1,0,0.0,0.244347,0,0.0,0,195,0,5,0.7416,0.0931,GREEN,62,Kolkata
CLM0054854,KOL_02990,Dum Dum,2022-03-12,19,0,0,0,0,0,0,0,0,1,0.0,0.112096,0,0.0,0,84,2,1,0.8978,0.2277,GREEN,25,Kolkata
CLM0054855,KOL_01041,Sealdah,2025-03-30,19,0,0,0,0,0,0,0,0,0,0.0,0.162144,0,0.0,1,40,0,0,0.98,0.0685,GREEN,43,Kolkata
CLM0054856,KOL_00148,Garia,2021-03-26,11,0,0,0,0,0,0,0,0,0,0.0,0.141351,0,0.0,1,194,4,0,0.9343,0.0705,GREEN,33,Kolkata
CLM0054857,KOL_01959,Howrah,2023-08-26,10,0,0,0,0,0,0,0,0,0,0.0,0.962529,0,0.0,0,246,1,1,0.7822,0.0153,GREEN,44,Kolkata
CLM0054858,KOL_08594,Tollygunge,2025-10-04,20,0,1,1,0,0,0,0,0,0,0.0,0.0,0,0.0,0,228,2,0,0.6866,0.0712,GREEN,39,Kolkata
CLM0054859,KOL_06980,Tollygunge,2024-01-20,19,0,0,0,0,0,0,1,0,0,0.0,0.252968,0,0.0,0,375,4,6,0.8474,0.0,GREEN,44,Kolkata
CLM0054860,KOL_08072,New Town,2022-12-14,11,0,0,0,0,0,0,0,0,0,0.0,0.382757,0,0.0,0,420,3,0,0.8571,0.0,GREEN,44,Kolkata
CLM0054861,KOL_01822,Esplanade,2025-12-24,21,0,0,0,0,0,0,0,0,0,0.0,0.0,1,0.0,0,97,4,7,0.8546,0.082,GREEN,32,Kolkata
CLM0054862,KOL_00306,Sealdah,2020-10-15,13,0,0,0,0,0,0,0,0,0,0.0,0.343408,0,0.0,0,420,0,1,0.8405,0.0,GREEN,20,Kolkata
CLM0054863,KOL_02547,Tollygunge,2022-01-12,16,0,0,0,0,0,1,0,0,0,0.0,0.336335,0,0.0,0,357,3,0,0.8244,0.0574,GREEN,48,Kolkata
CLM0054864,KOL_08096,Sealdah,2024-06-02,9,0,0,0,0,0,0,0,1,0,0.0,1.0,0,0.0,0,9,3,2,0.7117,0.2008,GREEN,50,Kolkata
CLM0054865,KOL_02868,Sealdah,2021-11-08,10,0,1,1,0,0,0,0,0,0,0.0,0.328611,0,0.0,0,420,2,3,0.5938,0.0,GREEN,33,Kolkata
CLM0054866,KOL_05491,Esplanade,2023-12-28,14,0,0,0,0,0,0,0,1,0,0.0,0.371077,0,1.0,0,274,4,4,0.2082,0.0481,GREEN,29,Kolkata
CLM0054867,KOL_04145,Sealdah,2024-08-21,8,0,0,0,0,0,1,0,0,0,0.0,0.064085,0,0.0,0,221,0,0,0.6172,0.0552,GREEN,65,Kolkata
CLM0054868,KOL_07492,New Town,2023-04-14,15,0,0,0,0,0,0,0,0,0,0.0,0.479688,0,0.0,0,229,1,4,0.05,0.0431,GREEN,31,Kolkata
CLM0054869,KOL_02282,New Town,2021-05-24,14,0,0,0,0,1,0,0,0,0,0.0,0.160952,0,0.0,0,420,1,2,0.4894,0.2173,GREEN,35,Kolkata
CLM0054870,KOL_04393,Sealdah,2025-02-15,11,0,0,0,0,0,0,0,0,0,0.0,0.007032,0,0.0,0,287,3,4,0.7154,0.0871,GREEN,34,Kolkata
CLM0054871,KOL_09966,Salt Lake,2022-10-29,9,0,0,0,0,1,0,0,0,0,0.0,0.157083,0,0.0,0,289,3,3,0.431,0.1437,GREEN,22,Kolkata
CLM0054872,KOL_04082,Tollygunge,2023-03-06,20,0,0,0,0,0,0,0,0,0,1.0,0.110064,0,0.0,0,245,0,2,0.6385,0.0338,GREEN,29,Kolkata
CLM0054873,KOL_03634,Salt Lake,2023-04-21,20,0,0,0,0,0,0,0,0,0,0.0,0.420826,0,0.0,0,179,1,0,0.7975,0.0,GREEN,30,Kolkata
CLM0054874,KOL_09570,Howrah,2025-05-01,14,0,0,0,0,0,0,0,1,0,0.0,0.131583,0,0.0,0,103,4,0,0.6593,0.0759,GREEN,33,Kolkata
CLM0054875,KOL_01082,Dum Dum,2023-07-16,17,0,0,0,0,0,0,0,0,1,0.0,0.262199,0,0.0,0,404,2,1,0.8573,0.1421,GREEN,54,Kolkata
CLM0054876,KOL_06845,Behala,2024-03-06,9,0,0,0,0,0,0,0,0,0,0.0,0.110192,0,0.0,0,105,2,1,0.7159,0.0,GREEN,36,Kolkata
CLM0054877,KOL_03444,Dum Dum,2022-09-24,14,0,0,0,0,0,0,0,0,0,0.0,0.372164,0,0.0,0,249,1,6,0.7117,0.0,GREEN,18,Kolkata
CLM0054878,KOL_07995,Behala,2025-10-01,21,0,0,0,0,0,1,1,0,0,0.0,0.092246,0,0.0,0,420,3,0,0.6293,0.2161,GREEN,38,Kolkata
CLM0054879,KOL_04100,Park Street,2023-03-29,17,0,0,0,0,0,0,0,0,0,0.0,0.199439,0,0.0,1,78,3,3,0.7593,0.125,GREEN,48,Kolkata
CLM0054880,KOL_07826,Garia,2019-12-24,12,0,0,0,0,0,0,0,0,0,0.0,0.288491,0,0.0,0,229,0,4,0.6328,0.0,GREEN,49,Kolkata
CLM0054881,KOL_09001,Park Street,2020-02-08,12,0,0,0,0,1,0,0,0,0,1.0,0.0,0,0.0,0,407,3,0,0.7505,0.2021,GREEN,38,Kolkata
CLM0054882,KOL_06558,Sealdah,2025-08-24,10,0,0,0,0,0,0,0,0,0,0.0,0.389901,0,0.0,0,389,4,0,0.9331,0.0,GREEN,34,Kolkata
CLM0054883,KOL_01130,Garia,2019-08-08,8,0,0,0,0,0,0,0,0,0,0.0,0.350845,0,0.0,0,191,2,2,0.4922,0.0072,GREEN,41,Kolkata
CLM0054884,KOL_08659,Dum Dum,2016-06-30,17,0,0,0,0,0,0,0,0,0,0.0,0.128849,0,0.0,0,195,1,6,0.1093,0.0002,GREEN,18,Kolkata
CLM0054885,KOL_07298,Tollygunge,2025-04-17,7,0,0,0,0,0,0,0,0,0,0.0,0.234555,0,0.0,0,187,4,1,0.9406,0.0,GREEN,24,Kolkata
CLM0054886,KOL_00200,Esplanade,2024-11-19,14,0,0,0,0,0,0,0,0,0,0.0,0.316322,0,0.0,0,58,1,1,0.7493,0.0,GREEN,44,Kolkata
CLM0054887,KOL_02806,Dum Dum,2020-01-25,20,0,0,0,0,0,0,0,1,0,0.0,0.0,0,0.0,1,298,1,5,0.98,0.0987,GREEN,33,Kolkata
CLM0054888,KOL_05613,Salt Lake,2019-07-12,10,0,0,0,0,0,0,0,0,0,0.0,0.160905,0,0.0,0,396,1,4,0.5861,0.2188,GREEN,30,Kolkata
CLM0054889,KOL_03642,Salt Lake,2025-08-03,14,0,0,0,0,0,0,0,0,0,0.0,0.2663,0,0.0,0,120,2,4,0.8229,0.0556,GREEN,36,Kolkata
CLM0054890,KOL_01630,Park Street,2020-11-12,11,1,0,0,0,0,0,0,0,0,0.0,1.0,0,1.0,0,406,1,0,0.1584,0.0,GREEN,34,Kolkata
CLM0054891,KOL_03194,Tollygunge,2016-06-28,7,0,0,0,0,0,0,1,0,1,0.0,0.437369,0,0.0,0,311,0,0,0.3863,0.173,GREEN,26,Kolkata
CLM0054892,KOL_03731,Park Street,2019-04-11,12,0,0,0,0,0,0,0,0,0,0.0,0.2821,0,0.0,0,5,1,0,0.5312,0.0,GREEN,28,Kolkata
CLM0054893,KOL_07129,Park Street,2019-04-21,7,0,1,1,0,0,0,1,1,0,0.0,0.307446,0,0.0,0,318,4,0,0.7401,0.1138,GREEN,39,Kolkata
CLM0054894,KOL_07241,Tollygunge,2021-09-23,13,0,0,0,0,0,0,0,1,0,0.0,0.097982,0,0.0,0,219,0,3,0.5642,0.1618,GREEN,50,Kolkata
CLM0054895,KOL_03925,Park Street,2025-05-11,16,0,0,0,0,0,0,0,0,1,0.0,0.217112,0,0.0,0,281,0,2,0.7552,0.094,GREEN,41,Kolkata
CLM0054896,KOL_05552,Park Street,2025-04-21,14,0,0,0,0,0,0,0,1,0,1.0,1.0,0,1.0,0,408,0,4,0.5553,0.0407,GREEN,30,Kolkata
CLM0054897,KOL_08542,Sealdah,2024-10-21,13,0,0,0,0,0,0,0,0,0,0.0,0.128196,0,0.0,0,420,3,0,0.8328,0.0,GREEN,18,Kolkata
CLM0054898,KOL_01896,Behala,2024-04-24,10,0,0,0,0,0,0,0,0,0,0.0,0.337709,1,0.0,0,140,2,0,0.5355,0.0,GREEN,46,Kolkata
CLM0054899,KOL_05188,Salt Lake,2024-01-08,11,0,0,0,0,0,0,0,1,0,0.0,0.311728,0,0.0,0,199,1,0,0.6565,0.037,GREEN,29,Kolkata
CLM0054900,KOL_09607,Sealdah,2024-11-30,9,0,0,0,0,0,0,0,1,0,0.0,0.094538,0,0.0,0,44,2,0,0.8089,0.0253,GREEN,51,Kolkata
CLM0054901,KOL_03559,Dum Dum,2024-02-03,10,0,0,0,0,0,0,0,0,0,0.0,0.312554,0,0.0,0,388,4,2,0.7037,0.086,GREEN,38,Kolkata
CLM0054902,KOL_08894,Sealdah,2025-07-23,18,0,0,0,0,0,0,0,0,0,0.0,0.083724,0,0.0,0,402,2,4,0.98,0.0,GREEN,31,Kolkata
CLM0054903,KOL_07853,Tollygunge,2023-07-22,12,0,0,0,0,0,1,0,0,0,0.0,0.109,0,0.0,0,166,0,5,0.6714,0.1438,GREEN,42,Kolkata
CLM0054904,KOL_03572,Behala,2024-01-06,17,0,0,0,0,0,0,0,0,0,0.0,0.392482,0,0.0,0,61,1,4,0.9462,0.0,GREEN,40,Kolkata
CLM0054905,KOL_03819,Tollygunge,2025-01-08,20,0,0,0,0,0,0,0,0,0,0.0,0.193348,0,0.0,0,125,2,3,0.546,0.0,GREEN,23,Kolkata
CLM0054906,KOL_02332,New Town,2024-11-06,15,0,1,1,1,1,0,1,1,1,0.0,0.097216,0,0.0,1,5,0,14,0.98,0.8971,RED,28,Kolkata
CLM0054907,KOL_02662,Behala,2025-02-09,14,0,1,1,0,0,0,1,0,0,1.0,0.348164,0,1.0,0,149,0,0,0.6287,0.6672,RED,42,Kolkata
CLM0054908,KOL_07645,Esplanade,2025-03-11,14,0,1,1,0,0,0,0,0,0,0.0,0.0,0,0.0,0,420,0,2,0.6658,0.6814,RED,41,Kolkata
CLM0054909,KOL_00680,Behala,2025-06-02,10,0,1,1,1,1,1,0,1,1,0.0,0.038727,1,0.0,0,23,2,18,0.9076,0.8913,RED,24,Kolkata
CLM0054910,KOL_00368,Esplanade,2024-01-13,21,0,1,1,1,1,1,1,1,1,0.0,0.113012,0,0.0,0,5,2,18,0.9211,0.9276,RED,27,Kolkata
CLM0054911,KOL_07619,Sealdah,2025-01-06,8,0,1,1,0,0,0,0,1,0,0.0,0.21972,0,0.0,0,420,2,2,0.6556,0.6821,RED,40,Kolkata
CLM0054912,KOL_04807,Sealdah,2023-09-28,19,0,0,0,0,0,0,0,0,0,0.0,0.276658,0,0.0,0,420,1,0,0.5027,0.0308,GREEN,48,Kolkata
CLM0054913,KOL_03109,Howrah,2023-06-04,21,0,1,1,0,0,0,0,0,0,0.0,0.0,0,0.0,0,126,1,3,0.9088,0.0002,GREEN,46,Kolkata
CLM0054914,KOL_09372,Park Street,2025-01-27,8,0,0,0,1,0,0,0,1,1,0.0,0.13068,1,0.0,0,6,1,18,0.7724,0.1969,GREEN,20,Kolkata
CLM0054915,KOL_02340,Dum Dum,2024-06-25,14,0,0,0,0,0,0,0,1,0,0.0,0.271867,0,0.0,0,80,3,1,0.05,0.0882,GREEN,36,Kolkata
CLM0054916,KOL_04358,Dum Dum,2020-11-19,8,0,0,0,0,0,0,0,0,0,0.0,0.307073,0,0.0,0,273,4,6,0.308,0.0877,GREEN,36,Kolkata
CLM0054917,KOL_09817,Behala,2021-07-01,13,0,0,0,0,0,0,0,0,0,0.0,0.283394,0,0.0,0,145,1,5,0.5285,0.041,GREEN,24,Kolkata
CLM0054918,KOL_00542,Howrah,2022-06-01,9,0,0,0,0,0,0,0,0,0,0.0,0.348783,0,0.0,0,125,2,1,0.98,0.0,GREEN,50,Kolkata
CLM0054919,KOL_05579,Park Street,2025-04-10,13,0,0,0,0,0,0,0,0,0,0.0,0.364286,0,0.0,0,210,1,3,0.6427,0.0,GREEN,53,Kolkata
CLM0054920,KOL_08392,Howrah,2025-01-11,16,0,0,0,0,0,0,0,0,1,0.0,0.251147,0,0.0,0,318,4,2,0.5399,0.1153,GREEN,26,Kolkata
CLM0054921,KOL_03650,Tollygunge,2025-11-02,16,0,0,0,0,0,0,0,0,0,0.0,0.131054,0,1.0,0,251,2,1,0.679,0.0,GREEN,37,Kolkata
CLM0054922,KOL_03660,Garia,2024-12-06,14,0,0,0,0,0,0,0,0,0,0.0,0.096233,0,0.0,0,215,4,3,0.4741,0.0,GREEN,54,Kolkata
CLM0054923,KOL_00031,Park Street,2025-08-11,12,0,0,0,0,0,0,0,0,0,0.0,0.243689,0,0.0,0,226,4,3,0.8274,0.0,GREEN,23,Kolkata
CLM0054924,KOL_03409,Behala,2024-08-07,9,0,0,0,1,0,0,0,0,0,0.0,0.348617,1,0.0,0,408,3,0,0.0577,0.2672,GREEN,27,Kolkata
CLM0054925,KOL_04482,Howrah,2024-08-24,16,0,1,1,0,0,1,0,0,0,0.0,0.059913,0,0.0,1,223,2,0,0.719,0.1768,GREEN,18,Kolkata
CLM0054926,KOL_00662,Howrah,2024-08-23,20,0,0,0,0,0,0,1,0,0,0.0,0.044186,0,0.0,0,178,2,1,0.7483,0.0783,GREEN,29,Kolkata
CLM0054927,KOL_00447,Park Street,2024-07-30,17,0,0,0,1,0,0,1,0,0,0.0,0.014241,0,0.0,0,25,3,1,0.1075,0.2874,GREEN,50,Kolkata
CLM0054928,KOL_05471,Salt Lake,2024-11-28,9,0,0,0,0,0,0,0,0,0,1.0,0.0,0,0.0,0,207,3,3,0.9273,0.0583,GREEN,39,Kolkata
CLM0054929,KOL_09350,Dum Dum,2025-05-15,21,0,0,0,0,0,0,0,0,0,0.0,1.0,0,0.0,0,196,4,1,0.6896,0.0,GREEN,41,Kolkata
CLM0054930,KOL_00726,Tollygunge,2025-06-08,7,0,0,0,0,0,1,0,0,0,0.0,0.415608,0,0.0,0,272,3,2,0.6403,0.085,GREEN,29,Kolkata
CLM0054931,KOL_01043,Dum Dum,2020-03-31,11,0,0,0,0,0,0,0,0,0,0.0,0.258685,0,0.0,0,226,2,0,0.5528,0.087,GREEN,43,Kolkata
CLM0054932,KOL_07235,Howrah,2021-02-20,13,0,0,0,0,0,1,0,0,0,1.0,0.552678,0,0.0,0,80,2,3,0.0539,0.0633,GREEN,46,Kolkata
CLM0054933,KOL_03708,Howrah,2020-03-24,11,0,0,0,0,0,0,0,0,0,0.0,0.244399,0,0.0,0,420,4,2,0.765,0.0,GREEN,38,Kolkata
CLM0054934,KOL_07946,Behala,2021-07-03,13,0,0,0,0,0,0,1,0,0,0.0,0.033405,0,0.0,0,184,0,5,0.5545,0.1224,GREEN,18,Kolkata
CLM0054935,KOL_03142,Sealdah,2021-10-31,7,0,0,0,0,0,0,1,0,0,0.0,0.324599,0,0.0,0,420,1,3,0.696,0.1377,GREEN,55,Kolkata
CLM0054936,KOL_07051,Dum Dum,2023-09-04,7,0,0,0,0,0,0,0,0,0,0.0,0.259726,0,1.0,0,261,4,0,0.05,0.0,GREEN,48,Kolkata
CLM0054937,KOL_00444,Esplanade,2018-11-02,8,0,0,0,0,0,0,0,1,1,0.0,0.264754,0,0.0,0,229,2,5,0.5669,0.285,GREEN,41,Kolkata
CLM0054938,KOL_02292,Esplanade,2025-05-19,8,0,0,0,0,0,0,0,0,0,0.0,0.198642,0,0.0,0,275,0,0,0.4235,0.0,GREEN,47,Kolkata
CLM0054939,KOL_01196,Park Street,2022-06-22,9,0,0,0,0,0,0,0,0,0,0.0,0.300554,0,0.0,0,156,4,4,0.5708,0.0,GREEN,29,Kolkata
CLM0054940,KOL_04158,Sealdah,2020-07-29,18,0,0,0,0,0,0,0,0,0,0.0,0.0,0,0.0,0,305,1,4,0.5537,0.0,GREEN,38,Kolkata
CLM0054941,KOL_00756,Park Street,2020-04-23,17,0,0,0,0,0,1,0,0,0,0.0,0.001434,0,0.0,0,420,0,2,0.461,0.0574,GREEN,55,Kolkata
CLM0054942,KOL_00328,Esplanade,2024-12-01,9,0,0,0,0,0,0,1,0,0,0.0,1.0,0,0.0,0,193,1,0,0.8223,0.0858,GREEN,20,Kolkata
CLM0054943,KOL_07540,Salt Lake,2025-11-01,17,0,0,0,0,0,0,0,0,1,0.0,0.174672,0,0.0,0,111,2,3,0.499,0.1677,GREEN,41,Kolkata
CLM0054944,KOL_08845,Howrah,2025-02-24,8,0,0,0,0,0,0,0,0,0,0.0,0.400085,0,0.0,0,420,1,1,0.6665,0.0622,GREEN,32,Kolkata
CLM0054945,KOL_08361,Howrah,2025-04-18,15,0,0,0,0,0,0,1,0,1,0.0,0.044726,0,0.0,0,147,1,2,0.05,0.2076,GREEN,18,Kolkata
CLM0054946,KOL_06601,Esplanade,2025-07-04,17,0,0,0,1,1,0,1,1,0,0.0,0.114769,0,0.0,1,5,4,18,0.8065,0.0,GREEN,34,Kolkata
CLM0054947,KOL_04357,Esplanade,2024-12-15,21,0,0,0,0,0,0,0,0,0,0.0,0.377648,0,0.0,0,402,1,1,0.2729,0.0632,GREEN,30,Kolkata
CLM0054948,KOL_09489,Dum Dum,2024-12-02,7,0,0,0,0,0,0,0,0,0,0.0,0.320615,0,0.0,0,319,2,1,0.98,0.0,GREEN,37,Kolkata
CLM0054949,KOL_08718,Esplanade,2024-11-02,12,0,0,0,0,0,0,0,0,0,0.0,0.122065,0,0.0,0,147,2,1,0.5761,0.0,GREEN,36,Kolkata
CLM0054950,KOL_02830,Howrah,2022-05-02,9,0,0,0,0,0,0,1,0,0,1.0,0.973702,0,0.0,0,417,0,2,0.3872,0.1957,GREEN,39,Kolkata
CLM0054951,KOL_01990,Park Street,2025-12-20,10,0,0,0,0,0,0,0,0,0,0.0,0.12009,0,0.0,0,420,0,6,0.9721,0.0396,GREEN,54,Kolkata
CLM0054952,KOL_07962,Howrah,2022-11-17,16,0,0,0,0,0,0,0,0,0,0.0,0.177616,0,0.0,0,368,0,0,0.7777,0.0231,GREEN,42,Kolkata
CLM0054953,KOL_02194,Dum Dum,2024-06-22,20,0,0,0,0,0,0,0,0,0,1.0,0.405183,0,1.0,0,183,0,2,0.9625,0.1304,GREEN,31,Kolkata
CLM0054954,KOL_05199,Garia,2020-09-05,13,0,0,0,0,0,0,0,0,0,0.0,0.109511,0,0.0,0,70,0,1,0.8485,0.0566,GREEN,18,Kolkata
CLM0054955,KOL_08424,New Town,2021-05-04,21,0,0,0,0,0,0,0,0,0,0.0,0.380087,0,0.0,0,319,1,3,0.7917,0.0164,GREEN,50,Kolkata
CLM0054956,KOL_08695,Tollygunge,2023-11-02,18,0,0,0,0,0,0,0,0,0,0.0,0.195545,0,1.0,0,89,2,4,0.6041,0.0,GREEN,18,Kolkata
CLM0054957,KOL_01392,Salt Lake,2021-10-14,16,0,1,1,0,1,1,1,1,1,1.0,1.0,0,0.0,0,5,0,18,0.2897,0.0743,GREEN,36,Kolkata
CLM0054958,KOL_01249,Tollygunge,2024-06-05,14,0,0,0,0,0,0,0,0,0,0.0,0.967183,0,0.0,0,420,3,2,0.8101,0.0755,GREEN,49,Kolkata
CLM0054959,KOL_01524,Esplanade,2025-01-21,13,0,0,0,0,0,0,0,0,0,0.0,1.0,0,0.0,0,327,1,4,0.8475,0.0078,GREEN,29,Kolkata
CLM0054960,KOL_04251,Salt Lake,2020-07-17,14,0,0,0,1,0,0,0,0,0,0.0,0.294223,0,0.0,0,346,4,3,0.2388,0.1597,GREEN,44,Kolkata
CLM0054961,KOL_06338,Sealdah,2022-11-01,11,0,0,0,0,0,0,0,0,0,0.0,0.270406,0,0.0,0,330,4,3,0.9378,0.058,GREEN,37,Kolkata
CLM0054962,KOL_09494,Sealdah,2022-08-06,12,0,0,0,0,0,0,1,0,0,0.0,0.192245,0,0.0,0,80,2,2,0.5268,0.1204,GREEN,47,Kolkata
CLM0054963,KOL_00275,Park Street,2020-07-27,16,0,0,0,0,0,0,0,0,0,0.0,0.085006,1,0.0,0,114,3,3,0.6466,0.0134,GREEN,53,Kolkata
CLM0054964,KOL_04601,Garia,2024-08-10,11,0,0,0,0,0,0,0,0,0,0.0,0.05554,0,0.0,0,405,4,3,0.149,0.0,GREEN,41,Kolkata
CLM0054965,KOL_02432,Sealdah,2021-04-15,18,0,0,0,0,0,1,0,0,0,1.0,0.949005,0,1.0,0,402,0,5,0.6368,0.1246,GREEN,44,Kolkata
CLM0054966,KOL_07678,Tollygunge,2025-01-31,17,0,0,0,0,0,0,0,1,0,0.0,0.233069,0,0.0,0,22,1,1,0.7532,0.0,GREEN,18,Kolkata
CLM0054967,KOL_04876,Esplanade,2022-03-17,17,0,0,0,0,0,1,0,0,0,0.0,0.206285,0,0.0,0,52,3,1,0.5921,0.078,GREEN,47,Kolkata
CLM0054968,KOL_00876,Behala,2025-08-12,8,0,0,0,0,0,0,0,0,0,0.0,0.279572,0,0.0,0,122,0,0,0.2809,0.0,GREEN,45,Kolkata
CLM0054969,KOL_09383,Garia,2024-04-06,19,0,0,0,0,0,0,0,0,0,0.0,1.0,0,0.0,0,306,3,2,0.6066,0.1079,GREEN,24,Kolkata
CLM0054970,KOL_02660,Park Street,2025-05-13,11,0,0,0,0,0,0,0,0,0,1.0,0.25528,1,0.0,0,221,2,0,0.7011,0.136,GREEN,36,Kolkata
CLM0054971,KOL_06102,Garia,2025-06-29,21,0,0,0,0,0,0,0,0,0,0.0,0.039335,0,0.0,0,420,1,5,0.6775,0.0221,GREEN,32,Kolkata
CLM0054972,KOL_08641,Park Street,2025-01-09,21,0,0,0,0,0,1,0,0,0,1.0,0.156351,0,0.0,0,81,0,6,0.7077,0.0785,GREEN,46,Kolkata
CLM0054973,KOL_07050,Behala,2025-12-08,20,0,0,0,0,0,0,0,0,0,0.0,0.32915,0,0.0,0,420,3,6,0.1002,0.0,GREEN,18,Kolkata
CLM0054974,KOL_07018,Park Street,2025-09-14,9,0,0,0,0,0,0,1,0,0,0.0,0.316473,0,0.0,0,279,3,0,0.5285,0.0823,GREEN,32,Kolkata
CLM0054975,KOL_02935,Behala,2025-01-26,12,0,0,0,0,0,0,0,0,0,1.0,0.122036,0,0.0,0,376,1,6,0.9084,0.0616,GREEN,41,Kolkata
CLM0054976,KOL_09073,Salt Lake,2024-11-18,10,0,0,0,0,0,0,0,0,0,1.0,0.423627,0,0.0,0,136,3,5,0.6849,0.0397,GREEN,30,Kolkata
CLM0054977,KOL_08364,Tollygunge,2025-07-24,18,0,0,0,0,0,0,0,0,1,0.0,0.371985,0,0.0,0,22,0,0,0.6034,0.1468,GREEN,23,Kolkata
CLM0054978,KOL_00139,Dum Dum,2024-09-11,11,0,0,0,0,0,0,0,0,0,0.0,0.341426,0,0.0,0,420,2,0,0.7641,0.0401,GREEN,31,Kolkata
CLM0054979,KOL_00605,Behala,2025-07-06,13,0,0,0,0,0,1,0,0,1,0.0,0.249223,0,0.0,0,81,0,4,0.6365,0.1974,GREEN,34,Kolkata
CLM0054980,KOL_09562,Sealdah,2022-01-25,9,0,0,0,0,0,0,0,0,0,0.0,0.203814,0,0.0,0,412,4,0,0.6558,0.0028,GREEN,31,Kolkata
CLM0054981,KOL_08400,Garia,2024-07-23,15,0,0,0,0,0,0,0,0,0,0.0,0.361501,0,0.0,0,420,4,0,0.5501,0.0,GREEN,37,Kolkata
CLM0054982,KOL_00253,Park Street,2021-07-18,12,0,0,0,0,0,0,0,0,0,1.0,0.353535,0,0.0,0,144,3,3,0.8424,0.232,GREEN,47,Kolkata
CLM0054983,KOL_00242,Dum Dum,2023-04-22,17,0,0,0,0,1,0,0,0,0,0.0,0.173445,0,0.0,0,322,1,4,0.7704,0.1962,GREEN,31,Kolkata
CLM0054984,KOL_00444,Esplanade,2021-02-23,15,0,0,0,0,0,0,0,1,0,0.0,0.40508,0,0.0,0,218,1,2,0.98,0.1229,GREEN,41,Kolkata
CLM0054985,KOL_09535,Esplanade,2019-09-09,11,0,0,0,0,0,0,0,0,0,0.0,0.433404,0,0.0,0,100,1,4,0.98,0.0,GREEN,44,Kolkata
CLM0054986,KOL_05676,Behala,2020-02-10,16,0,0,0,0,0,1,0,0,0,0.0,0.273974,0,0.0,0,55,3,0,0.9219,0.2608,GREEN,30,Kolkata
CLM0054987,KOL_02512,Sealdah,2020-10-02,12,0,0,0,0,0,0,0,0,0,0.0,0.087267,0,0.0,0,420,3,0,0.7177,0.0418,GREEN,27,Kolkata
CLM0054988,KOL_03815,Garia,2025-09-25,19,0,0,0,0,0,0,0,0,0,0.0,1.0,0,0.0,0,420,2,6,0.944,0.1079,GREEN,32,Kolkata
CLM0054989,KOL_00618,Tollygunge,2022-03-12,17,0,0,0,0,0,0,0,0,0,0.0,0.260957,0,0.0,0,338,4,2,0.4709,0.0,GREEN,52,Kolkata
CLM0054990,KOL_02881,Salt Lake,2025-08-22,10,0,0,0,0,0,0,0,0,0,0.0,0.242577,0,0.0,0,72,4,5,0.6321,0.0,GREEN,52,Kolkata
CLM0054991,KOL_06795,Tollygunge,2025-01-11,15,0,0,0,0,0,0,1,0,0,0.0,0.201226,0,0.0,0,231,3,2,0.98,0.0,GREEN,58,Kolkata
CLM0054992,KOL_00397,Sealdah,2024-12-03,19,0,0,0,0,0,0,0,0,0,0.0,0.172842,0,0.0,0,339,0,1,0.7289,0.0,GREEN,18,Kolkata
CLM0054993,KOL_07568,Tollygunge,2025-11-28,19,0,0,0,0,0,0,0,0,0,0.0,0.503879,0,0.0,0,375,3,0,0.8665,0.0,GREEN,35,Kolkata
CLM0054994,KOL_00768,New Town,2025-12-22,9,0,0,0,0,0,0,0,0,0,0.0,0.251468,0,0.0,0,84,3,3,0.2286,0.1157,GREEN,33,Kolkata
CLM0054995,KOL_01444,Howrah,2025-04-13,12,0,0,0,0,0,1,0,0,0,0.0,0.165515,0,0.0,0,420,2,2,0.05,0.1615,GREEN,26,Kolkata
CLM0054996,KOL_04737,Howrah,2024-12-26,21,0,0,0,0,0,0,0,0,0,1.0,0.418759,0,0.0,0,174,0,4,0.7169,0.0172,GREEN,54,Kolkata
CLM0054997,KOL_08413,Behala,2025-05-28,21,0,0,0,0,0,0,0,0,0,0.0,0.150362,0,0.0,0,249,3,2,0.8225,0.0264,GREEN,23,Kolkata
CLM0054998,KOL_05819,Garia,2024-11-17,10,0,0,0,0,0,0,0,0,0,0.0,0.166609,1,0.0,1,159,4,0,0.8896,0.0501,GREEN,34,Kolkata
CLM0054999,KOL_09774,Esplanade,2025-05-24,17,0,0,0,0,0,0,0,0,0,0.0,0.990961,0,1.0,0,6,4,4,0.1924,0.0045,GREEN,34,Kolkata
CLM0055000,KOL_04897,Garia,2024-12-14,21,0,0,0,0,0,0,0,0,0,0.0,0.428596,0,0.0,0,127,3,0,0.6336,0.0955,GREEN,43,Kolkata
CLM0055001,KOL_06135,Behala,2025-11-01,19,0,0,0,0,0,1,0,0,0,0.0,0.070935,0,0.0,1,154,0,0,0.5613,0.074,GREEN,44,Kolkata
CLM0055002,KOL_02782,Dum Dum,2022-12-16,8,0,0,0,0,0,1,0,0,0,1.0,0.135223,0,0.0,0,231,4,1,0.9571,0.0852,GREEN,23,Kolkata
CLM0055003,KOL_06851,Sealdah,2022-02-12,12,0,0,0,0,0,0,0,0,0,0.0,0.14044,0,0.0,0,337,0,0,0.9467,0.0,GREEN,28,Kolkata
CLM0055004,KOL_06175,Sealdah,2025-01-08,8,0,0,0,0,0,0,1,1,0,1.0,1.0,0,1.0,0,242,1,2,0.658,0.1931,GREEN,21,Kolkata
CLM0055005,KOL_07029,Tollygunge,2025-01-02,18,0,0,0,0,1,0,0,1,0,0.0,0.509087,0,0.0,1,5,0,18,0.1899,0.0571,GREEN,18,Kolkata
CLM0055006,KOL_06458,Sealdah,2024-09-15,17,0,0,0,0,0,0,0,0,0,0.0,0.188234,0,0.0,0,330,0,6,0.98,0.0,GREEN,44,Kolkata
CLM0055007,KOL_04679,Behala,2022-09-16,7,0,0,0,1,0,0,0,0,0,0.0,0.186635,0,0.0,0,420,2,3,0.05,0.213,GREEN,18,Kolkata
CLM0055008,KOL_03452,New Town,2024-04-08,11,0,0,0,0,0,0,0,0,0,0.0,0.426764,0,0.0,0,196,0,0,0.4316,0.0,GREEN,21,Kolkata
CLM0055009,KOL_06998,Salt Lake,2025-07-18,7,0,0,0,0,0,0,1,0,0,0.0,0.051306,1,0.0,0,204,2,3,0.8868,0.2208,GREEN,34,Kolkata
CLM0055010,KOL_08747,Tollygunge,2024-06-20,13,0,1,1,0,0,0,0,0,1,0.0,0.19926,0,0.0,0,325,0,5,0.8165,0.1445,GREEN,35,Kolkata
CLM0055011,KOL_06890,Salt Lake,2025-06-09,11,0,0,0,0,0,0,0,1,0,1.0,0.388742,0,0.0,0,5,3,2,0.2541,0.1294,GREEN,35,Kolkata
CLM0055012,KOL_02885,Tollygunge,2022-03-29,9,0,0,0,1,1,0,1,1,0,1.0,0.043879,1,1.0,1,31,2,18,0.9357,0.0,GREEN,32,Kolkata
CLM0055013,KOL_09021,Esplanade,2025-10-08,15,0,0,0,1,0,0,0,0,0,0.0,0.316947,0,0.0,0,81,0,3,0.8035,0.2705,GREEN,46,Kolkata
CLM0055014,KOL_01650,Park Street,2025-12-27,20,0,0,0,0,0,0,0,0,0,0.0,0.903091,0,0.0,0,65,0,5,0.3351,0.0,GREEN,27,Kolkata
CLM0055015,KOL_07996,Esplanade,2016-03-17,9,0,0,0,0,0,0,1,0,0,0.0,0.012488,0,0.0,0,107,2,5,0.7317,0.1865,GREEN,18,Kolkata
CLM0055016,KOL_05002,Sealdah,2019-10-09,15,0,0,0,0,0,0,0,0,0,0.0,1.0,0,0.0,0,420,2,0,0.3248,0.0,GREEN,37,Kolkata
CLM0055017,KOL_07925,Garia,2025-06-21,13,0,0,0,0,0,0,0,1,0,1.0,0.0,0,0.0,0,185,2,3,0.8593,0.1421,GREEN,58,Kolkata
CLM0055018,KOL_05870,Sealdah,2018-11-21,16,0,0,0,0,0,0,0,0,0,0.0,0.316356,0,0.0,0,410,3,3,0.0838,0.1091,GREEN,44,Kolkata
CLM0055019,KOL_08379,Behala,2023-09-14,17,0,0,0,0,0,0,0,0,0,1.0,0.220115,0,0.0,1,5,4,4,0.7531,0.1097,GREEN,37,Kolkata
CLM0055020,KOL_05096,Howrah,2020-09-19,13,0,0,0,0,0,0,0,0,0,1.0,0.302167,1,0.0,0,146,4,4,0.5643,0.2164,GREEN,27,Kolkata
CLM0055021,KOL_06975,Howrah,2018-05-02,14,0,0,0,0,0,1,0,0,0,1.0,0.351613,0,0.0,0,48,3,0,0.1157,0.1445,GREEN,29,Kolkata
CLM0055022,KOL_04822,Dum Dum,2022-07-18,15,0,0,0,1,1,1,1,1,1,1.0,0.858177,0,0.0,0,5,4,18,0.8821,0.0293,GREEN,45,Kolkata
CLM0055023,KOL_01962,Howrah,2025-12-14,10,0,0,0,0,0,1,0,0,0,0.0,0.381473,0,0.0,0,243,2,4,0.6009,0.1104,GREEN,42,Kolkata
CLM0055024,KOL_09605,Esplanade,2021-09-23,17,0,0,0,0,0,0,0,0,0,0.0,0.273411,0,0.0,0,134,0,2,0.9073,0.0,GREEN,40,Kolkata
CLM0055025,KOL_04025,Park Street,2025-12-20,13,0,0,0,1,0,0,0,0,0,0.0,0.156006,0,0.0,0,131,0,2,0.9623,0.2148,GREEN,28,Kolkata
CLM0055026,KOL_08659,Dum Dum,2018-01-19,21,0,0,0,1,0,0,1,1,1,0.0,0.987423,1,0.0,1,6,3,18,0.9122,0.0,GREEN,18,Kolkata
CLM0055027,KOL_09400,Salt Lake,2024-07-27,18,0,0,0,0,0,0,0,0,0,0.0,0.293337,0,0.0,0,288,4,2,0.7612,0.0,GREEN,29,Kolkata
CLM0055028,KOL_09301,Dum Dum,2025-05-18,7,0,0,0,0,0,0,0,0,0,1.0,0.22306,0,0.0,0,420,2,1,0.63,0.0309,GREEN,18,Kolkata
CLM0055029,KOL_00749,Howrah,2025-07-01,14,0,0,0,0,0,0,0,0,0,0.0,0.0,1,1.0,0,144,3,0,0.9106,0.067,GREEN,18,Kolkata
CLM0055030,KOL_07953,Tollygunge,2023-04-18,17,0,0,0,0,0,0,0,0,0,0.0,0.210843,0,0.0,0,122,2,3,0.7244,0.0,GREEN,30,Kolkata
CLM0055031,KOL_07984,Dum Dum,2025-05-04,18,0,0,0,1,0,1,1,0,1,0.0,0.197303,0,0.0,0,420,4,0,0.8099,0.1404,GREEN,47,Kolkata
CLM0055032,KOL_04535,Salt Lake,2025-11-21,13,0,0,0,0,0,0,0,0,0,1.0,0.346243,0,1.0,0,407,0,5,0.7672,0.1035,GREEN,34,Kolkata
CLM0055033,KOL_01797,Garia,2023-02-20,19,0,0,0,1,0,0,0,0,0,0.0,0.355246,0,0.0,0,194,3,3,0.9762,0.1256,GREEN,43,Kolkata
CLM0055034,KOL_08951,Salt Lake,2024-08-16,15,0,0,0,0,0,1,0,1,0,1.0,0.971624,0,0.0,0,224,2,3,0.7897,0.2153,GREEN,18,Kolkata
CLM0055035,KOL_03597,Behala,2019-03-24,13,0,0,0,0,0,0,1,0,0,0.0,0.028718,0,0.0,0,198,2,1,0.9217,0.0939,GREEN,18,Kolkata
CLM0055036,KOL_07300,Park Street,2023-04-30,20,0,0,0,0,0,0,0,0,0,0.0,0.44187,1,0.0,0,30,4,2,0.98,0.088,GREEN,30,Kolkata
CLM0055037,KOL_08124,Park Street,2021-11-27,7,0,1,1,0,0,0,0,0,0,0.0,0.093921,1,1.0,0,102,1,3,0.5442,0.2148,GREEN,49,Kolkata
CLM0055038,KOL_03525,Park Street,2023-07-29,18,0,0,0,0,0,0,0,1,0,0.0,0.234717,0,0.0,0,45,2,6,0.8664,0.0498,GREEN,38,Kolkata
CLM0055039,KOL_00325,Salt Lake,2025-08-01,7,0,0,0,0,0,1,0,0,0,1.0,1.0,1,1.0,1,397,2,0,0.8117,0.2454,GREEN,32,Kolkata
CLM0055040,KOL_03972,Dum Dum,2020-01-26,18,0,0,0,1,0,0,0,0,0,0.0,0.149738,0,0.0,0,390,0,1,0.828,0.1614,GREEN,31,Kolkata
CLM0055041,KOL_08185,Park Street,2019-10-05,16,0,0,0,0,0,0,0,0,0,0.0,0.138152,0,0.0,0,320,0,1,0.7654,0.0,GREEN,50,Kolkata
CLM0055042,KOL_09889,Esplanade,2023-07-15,9,0,0,0,0,1,0,0,0,0,0.0,0.074623,0,0.0,0,319,4,1,0.3853,0.1379,GREEN,41,Kolkata
CLM0055043,KOL_01978,Park Street,2022-08-25,16,0,0,0,0,0,0,0,0,0,0.0,0.04494,0,0.0,0,50,2,6,0.05,0.0,GREEN,35,Kolkata
CLM0055044,KOL_03184,Behala,2025-12-27,19,0,0,0,0,0,0,0,0,0,0.0,0.033925,0,0.0,0,104,4,2,0.2662,0.0,GREEN,45,Kolkata
CLM0055045,KOL_03786,Sealdah,2022-06-13,19,0,0,0,0,0,0,0,0,0,0.0,0.285646,0,0.0,0,215,3,2,0.05,0.0,GREEN,36,Kolkata
CLM0055046,KOL_08487,Dum Dum,2024-06-23,17,0,0,0,0,0,0,0,0,0,0.0,0.829124,0,0.0,0,134,2,0,0.8393,0.0,GREEN,41,Kolkata
CLM0055047,KOL_08920,Salt Lake,2023-12-16,21,0,0,0,0,0,0,1,0,0,0.0,0.0,0,0.0,0,92,1,1,0.5561,0.1436,GREEN,34,Kolkata
CLM0055048,KOL_08219,Garia,2025-05-10,14,0,0,0,0,0,0,0,0,0,0.0,0.052402,0,0.0,0,290,4,5,0.05,0.0,GREEN,33,Kolkata
CLM0055049,KOL_09761,Behala,2024-07-25,9,0,0,0,0,0,0,0,0,0,0.0,0.182519,0,0.0,0,272,2,0,0.5952,0.1003,GREEN,29,Kolkata
CLM0055050,KOL_02493,Sealdah,2021-10-19,13,0,0,0,0,0,0,0,0,1,0.0,0.265346,0,0.0,0,311,1,0,0.7495,0.0116,GREEN,27,Kolkata
CLM0055051,KOL_05670,Garia,2021-10-04,20,0,0,0,0,0,0,0,0,0,0.0,0.255198,0,0.0,0,420,3,2,0.6211,0.0,GREEN,39,Kolkata
CLM0055052,KOL_07545,Salt Lake,2024-05-21,7,0,0,0,0,0,0,0,0,0,0.0,0.354132,0,0.0,0,91,2,1,0.1809,0.0285,GREEN,32,Kolkata
CLM0055053,KOL_08981,Howrah,2023-06-03,10,0,0,0,0,0,0,0,0,0,0.0,0.0,0,0.0,0,65,4,0,0.8868,0.0,GREEN,31,Kolkata
CLM0055054,KOL_05196,Behala,2022-04-04,8,0,0,0,0,0,0,0,0,0,0.0,0.271227,0,0.0,0,179,1,0,0.5281,0.0,GREEN,37,Kolkata
CLM0055055,KOL_06573,Garia,2025-04-18,20,0,0,0,0,0,0,0,0,0,0.0,0.407034,0,0.0,0,321,4,3,0.6359,0.0392,GREEN,38,Kolkata
CLM0055056,KOL_09752,Esplanade,2019-11-10,7,0,1,1,0,0,0,0,0,0,0.0,0.199118,0,0.0,0,420,0,3,0.906,0.0,GREEN,35,Kolkata
CLM0055057,KOL_01099,Esplanade,2019-10-30,10,0,0,0,0,0,0,0,1,0,0.0,0.313775,1,0.0,0,420,3,0,0.8721,0.1029,GREEN,18,Kolkata
CLM0055058,KOL_04296,Park Street,2019-12-28,19,0,0,0,0,0,0,0,0,0,0.0,0.345132,0,0.0,0,155,1,3,0.2234,0.0824,GREEN,33,Kolkata
CLM0055059,KOL_02256,Sealdah,2022-08-07,12,0,0,0,0,0,0,0,0,0,0.0,0.153961,0,0.0,1,420,1,2,0.9456,0.0635,GREEN,45,Kolkata
CLM0055060,KOL_05731,Tollygunge,2025-03-13,18,0,0,0,1,0,1,1,1,0,0.0,0.146957,0,0.0,1,5,0,18,0.8846,0.0183,GREEN,50,Kolkata
CLM0055061,KOL_05121,Garia,2025-05-03,18,0,0,0,0,0,0,0,0,1,0.0,0.079113,0,0.0,0,308,4,1,0.865,0.1592,GREEN,22,Kolkata
CLM0055062,KOL_08496,New Town,2020-09-24,10,0,0,0,0,0,0,0,0,0,0.0,0.281751,0,0.0,0,205,2,4,0.6309,0.0257,GREEN,38,Kolkata
CLM0055063,KOL_02244,Garia,2025-03-26,10,0,0,0,0,0,0,0,0,0,0.0,0.34919,0,0.0,0,305,2,2,0.4429,0.0,GREEN,35,Kolkata
CLM0055064,KOL_05583,Sealdah,2020-12-20,13,0,0,0,0,0,0,0,0,0,0.0,0.0,0,0.0,0,267,1,1,0.7273,0.0,GREEN,40,Kolkata
CLM0055065,KOL_07399,New Town,2019-10-15,12,0,0,0,1,0,1,0,1,1,0.0,0.997878,0,0.0,0,5,4,7,0.1683,0.1404,GREEN,34,Kolkata
CLM0055066,KOL_03885,Behala,2021-10-11,13,0,0,0,0,0,0,0,0,0,0.0,0.324198,0,0.0,0,420,3,0,0.7987,0.0,GREEN,18,Kolkata
CLM0055067,KOL_01631,Esplanade,2024-12-13,11,0,0,0,0,0,0,0,0,0,0.0,0.111861,0,0.0,0,123,2,5,0.1256,0.0,GREEN,29,Kolkata
CLM0055068,KOL_02850,Park Street,2022-10-14,11,0,0,0,0,0,0,0,0,0,0.0,0.45589,0,0.0,0,31,4,1,0.6991,0.0,GREEN,40,Kolkata
CLM0055069,KOL_03333,Sealdah,2024-11-28,19,0,0,0,0,0,0,0,1,0,0.0,0.199999,0,1.0,0,395,4,4,0.1281,0.0725,GREEN,44,Kolkata
CLM0055070,KOL_06814,Esplanade,2020-07-08,10,0,0,0,0,0,1,0,0,0,0.0,0.229088,0,0.0,0,420,4,0,0.6859,0.0401,GREEN,40,Kolkata
CLM0055071,KOL_04006,Tollygunge,2023-11-20,19,0,0,0,0,0,0,0,0,0,0.0,0.212582,0,0.0,0,208,1,3,0.4094,0.0178,GREEN,42,Kolkata
CLM0055072,KOL_09549,New Town,2024-01-24,19,0,0,0,0,0,0,0,0,0,0.0,0.244176,0,0.0,0,393,0,0,0.6372,0.0396,GREEN,50,Kolkata
CLM0055073,KOL_04668,Salt Lake,2022-09-28,17,0,0,0,0,0,0,0,0,0,0.0,0.318928,0,0.0,0,347,2,3,0.279,0.0,GREEN,46,Kolkata
CLM0055074,KOL_04015,Park Street,2019-12-28,15,0,0,0,0,0,0,0,0,0,0.0,0.356606,0,0.0,0,160,2,0,0.6362,0.0007,GREEN,25,Kolkata
CLM0055075,KOL_01886,Sealdah,2018-05-27,17,0,0,0,0,0,0,1,0,0,0.0,0.113167,0,0.0,1,59,2,0,0.8179,0.1698,GREEN,35,Kolkata
CLM0055076,KOL_05501,Tollygunge,2024-07-20,7,0,0,0,0,0,0,0,0,0,0.0,0.011412,0,0.0,0,420,1,0,0.8502,0.0,GREEN,43,Kolkata
CLM0055077,KOL_04318,Dum Dum,2015-04-10,10,0,0,0,1,1,0,1,1,0,0.0,0.04417,0,0.0,1,5,3,18,0.9604,0.0,GREEN,18,Kolkata
CLM0055078,KOL_05784,Park Street,2025-07-21,12,0,0,0,0,0,0,0,0,0,0.0,0.174307,0,0.0,0,376,3,0,0.4994,0.1111,GREEN,33,Kolkata
CLM0055079,KOL_02331,Behala,2024-08-13,19,0,0,0,0,0,0,0,0,0,0.0,0.170647,0,0.0,0,62,4,2,0.603,0.0764,GREEN,53,Kolkata
CLM0055080,KOL_07633,Sealdah,2020-06-21,17,0,0,0,1,0,0,0,1,0,0.0,0.957851,0,0.0,0,397,0,4,0.7638,0.2938,GREEN,41,Kolkata
CLM0055081,KOL_00285,Park Street,2023-01-04,16,0,0,0,0,0,0,0,0,0,0.0,0.230915,0,0.0,1,420,4,0,0.0509,0.0,GREEN,25,Kolkata
CLM0055082,KOL_03601,New Town,2024-07-13,9,0,0,0,0,0,0,0,0,1,0.0,0.290247,0,0.0,0,189,1,0,0.6143,0.0338,GREEN,48,Kolkata
CLM0055083,KOL_05950,Behala,2025-02-15,13,0,0,0,0,0,0,0,0,0,0.0,0.06323,1,0.0,0,19,4,0,0.6527,0.0396,GREEN,34,Kolkata
CLM0055084,KOL_03634,Salt Lake,2024-11-29,18,0,0,0,0,0,0,0,0,0,0.0,0.064818,0,1.0,0,159,2,2,0.8286,0.1586,GREEN,30,Kolkata
CLM0055085,KOL_06552,New Town,2016-09-10,7,0,0,0,0,0,0,0,0,0,1.0,0.191518,1,0.0,0,405,0,1,0.2949,0.0251,GREEN,45,Kolkata
CLM0055086,KOL_03408,Sealdah,2018-08-24,15,0,0,0,0,0,0,0,0,0,0.0,0.280838,0,0.0,0,420,2,0,0.98,0.0,GREEN,18,Kolkata
CLM0055087,KOL_05739,Park Street,2022-09-03,20,0,0,0,0,0,0,0,0,0,0.0,0.035637,0,0.0,0,223,4,3,0.5524,0.0,GREEN,44,Kolkata
CLM0055088,KOL_03545,Garia,2023-05-27,10,0,0,0,0,0,0,0,1,0,0.0,1.0,0,0.0,0,104,3,2,0.83,0.0681,GREEN,28,Kolkata
CLM0055089,KOL_09135,Park Street,2025-03-04,16,0,0,0,1,0,0,0,0,0,0.0,0.143315,0,0.0,0,282,1,0,0.1143,0.108,GREEN,37,Kolkata
CLM0055090,KOL_03014,Behala,2017-09-30,7,0,0,0,0,0,1,0,0,0,0.0,0.323698,0,0.0,0,395,3,0,0.615,0.0531,GREEN,28,Kolkata
CLM0055091,KOL_04250,Park Street,2025-09-10,12,0,0,0,0,0,0,0,0,0,0.0,0.08585,0,0.0,0,160,1,3,0.7387,0.0239,GREEN,47,Kolkata
CLM0055092,KOL_07430,Park Street,2020-02-01,18,0,1,1,0,0,0,0,0,0,0.0,0.225494,0,0.0,1,89,3,3,0.6358,0.0486,GREEN,50,Kolkata
CLM0055093,KOL_08771,Behala,2020-09-17,15,0,0,0,0,0,0,0,0,0,0.0,0.198802,0,0.0,1,385,2,2,0.98,0.0,GREEN,36,Kolkata
CLM0055094,KOL_01687,Salt Lake,2021-07-14,20,0,0,0,0,0,0,0,0,0,0.0,0.163503,0,0.0,0,346,4,1,0.7461,0.0,GREEN,38,Kolkata
CLM0055095,KOL_09840,Tollygunge,2024-10-16,21,0,0,0,0,0,0,0,0,0,0.0,0.474352,0,0.0,0,27,0,0,0.98,0.0166,GREEN,53,Kolkata
CLM0055096,KOL_03554,Tollygunge,2024-02-07,11,0,0,0,0,0,0,0,0,0,0.0,0.080463,0,0.0,0,218,0,0,0.5956,0.0,GREEN,37,Kolkata
CLM0055097,KOL_06152,Park Street,2023-12-27,19,0,0,0,0,0,0,0,0,0,1.0,0.928091,0,0.0,1,174,0,1,0.583,0.1925,GREEN,46,Kolkata
CLM0055098,KOL_01208,Sealdah,2025-07-11,18,0,0,0,0,0,0,0,0,0,0.0,0.019614,0,0.0,0,131,2,3,0.9796,0.0435,GREEN,54,Kolkata
CLM0055099,KOL_09093,Sealdah,2025-08-29,21,0,0,0,0,0,0,0,0,0,0.0,0.208436,0,0.0,0,141,3,0,0.5947,0.0157,GREEN,27,Kolkata
CLM0055100,KOL_00597,Sealdah,2025-09-29,9,0,0,0,0,0,0,0,0,0,0.0,0.897777,0,0.0,0,388,2,2,0.7258,0.0026,GREEN,47,Kolkata
CLM0055101,KOL_07736,Behala,2025-06-09,16,0,0,0,0,1,0,0,0,0,0.0,0.035234,0,0.0,0,157,3,1,0.7897,0.0829,GREEN,37,Kolkata
CLM0055102,KOL_07360,Sealdah,2025-01-21,17,0,0,0,0,0,0,0,0,0,0.0,0.378773,0,0.0,0,355,1,1,0.6231,0.0824,GREEN,40,Kolkata
CLM0055103,KOL_00191,Howrah,2025-05-02,20,0,1,1,1,0,1,1,0,1,1.0,0.902742,0,1.0,1,36,1,18,0.0635,0.0,GREEN,47,Kolkata
CLM0055104,KOL_00232,Howrah,2022-05-05,10,0,0,0,0,0,0,0,0,0,0.0,1.0,0,0.0,0,210,1,1,0.98,0.0,GREEN,34,Kolkata
CLM0055105,KOL_07860,Tollygunge,2023-11-22,7,0,0,0,0,0,1,0,0,0,0.0,0.053049,0,0.0,0,83,1,7,0.9302,0.0728,GREEN,26,Kolkata
CLM0055106,KOL_04181,Esplanade,2023-01-15,20,0,0,0,1,1,1,1,0,1,1.0,0.906033,1,0.0,0,10,2,18,0.0921,0.2697,GREEN,35,Kolkata
CLM0055107,KOL_06985,Behala,2025-03-12,17,0,0,0,0,0,0,0,1,0,0.0,0.216947,0,0.0,0,420,1,2,0.9312,0.1543,GREEN,41,Kolkata
CLM0055108,KOL_03615,Salt Lake,2025-02-08,12,0,0,0,0,0,0,0,0,0,0.0,0.361463,0,0.0,0,5,0,3,0.9436,0.0013,GREEN,46,Kolkata
CLM0055109,KOL_05838,New Town,2023-05-17,16,0,0,0,0,0,0,0,0,0,0.0,0.290507,0,0.0,0,167,4,3,0.8638,0.0,GREEN,32,Kolkata
CLM0055110,KOL_09192,Tollygunge,2023-11-28,15,0,0,0,1,1,0,1,1,1,0.0,0.995775,0,0.0,0,5,4,18,0.1079,0.0,GREEN,34,Kolkata
CLM0055111,KOL_09366,Sealdah,2022-06-09,21,0,0,0,0,0,0,0,1,1,0.0,0.303484,0,0.0,0,370,4,1,0.9513,0.2028,GREEN,36,Kolkata
CLM0055112,KOL_01456,Garia,2022-03-23,16,0,0,0,1,1,0,1,1,0,1.0,1.0,1,1.0,1,30,0,18,0.05,0.0,GREEN,32,Kolkata
CLM0055113,KOL_00287,New Town,2021-10-30,13,0,0,0,0,0,0,0,0,0,0.0,0.194423,0,0.0,1,420,0,2,0.4988,0.1462,GREEN,36,Kolkata
CLM0055114,KOL_07368,Sealdah,2021-01-12,15,0,0,0,0,0,1,0,0,0,0.0,0.205433,0,0.0,0,147,0,3,0.2659,0.0693,GREEN,45,Kolkata
CLM0055115,KOL_04745,Garia,2025-02-01,19,0,0,0,0,0,0,0,0,0,0.0,0.41377,0,1.0,0,420,4,0,0.445,0.0,GREEN,35,Kolkata
CLM0055116,KOL_00828,Dum Dum,2025-12-11,7,0,0,0,0,0,0,0,0,0,0.0,0.282667,0,0.0,0,69,2,1,0.4356,0.0,GREEN,60,Kolkata
CLM0055117,KOL_08962,Esplanade,2025-04-08,8,0,0,0,0,0,0,0,0,0,0.0,1.0,0,0.0,1,305,0,6,0.5833,0.0913,GREEN,27,Kolkata
CLM0055118,KOL_06973,Sealdah,2024-08-21,7,0,0,0,0,0,1,0,0,0,0.0,0.360067,0,0.0,0,420,1,4,0.0565,0.0092,GREEN,34,Kolkata
CLM0055119,KOL_05324,Dum Dum,2020-12-09,10,0,0,0,0,0,0,1,0,0,0.0,0.061582,0,0.0,0,420,0,3,0.5067,0.0328,GREEN,25,Kolkata
CLM0055120,KOL_01200,Garia,2025-02-15,8,0,0,0,0,0,0,0,0,0,0.0,0.001341,0,1.0,0,359,0,0,0.7729,0.0,GREEN,37,Kolkata
CLM0055121,KOL_07338,New Town,2025-11-27,16,0,0,0,0,0,0,0,0,0,0.0,0.035482,0,0.0,0,215,3,2,0.6141,0.0,GREEN,57,Kolkata
CLM0055122,KOL_03986,Sealdah,2023-09-28,7,0,0,0,0,0,0,0,0,0,0.0,0.126129,0,0.0,0,127,1,6,0.1942,0.0087,GREEN,23,Kolkata
CLM0055123,KOL_06158,Sealdah,2023-08-10,19,0,0,0,0,0,0,0,0,0,0.0,0.281807,0,0.0,0,391,2,3,0.8037,0.0896,GREEN,25,Kolkata
CLM0055124,KOL_03784,Howrah,2023-07-31,9,0,0,0,0,0,0,0,0,0,0.0,0.098305,1,0.0,0,379,1,6,0.98,0.0395,GREEN,34,Kolkata
CLM0055125,KOL_01878,Sealdah,2025-11-24,18,0,0,0,0,0,0,0,0,0,0.0,0.043943,0,0.0,1,55,3,2,0.6912,0.1045,GREEN,57,Kolkata
CLM0055126,KOL_08051,New Town,2024-10-20,19,0,0,0,1,0,0,1,0,0,0.0,0.961828,0,0.0,0,60,2,3,0.5532,0.179,GREEN,33,Kolkata
CLM0055127,KOL_01972,Salt Lake,2025-05-09,15,0,0,0,0,1,0,0,0,0,0.0,0.307284,0,0.0,0,277,4,6,0.1929,0.2135,GREEN,29,Kolkata
CLM0055128,KOL_04432,New Town,2024-11-30,9,0,0,0,0,0,0,0,0,0,0.0,0.183718,0,0.0,0,316,4,3,0.7866,0.0421,GREEN,37,Kolkata
CLM0055129,KOL_00004,Salt Lake,2025-02-25,12,0,0,0,0,0,0,0,1,0,0.0,0.181288,1,0.0,0,312,2,0,0.642,0.1923,GREEN,27,Kolkata
CLM0055130,KOL_09196,Dum Dum,2024-11-01,11,0,0,0,0,0,0,0,0,0,1.0,0.254263,0,0.0,0,45,4,0,0.8456,0.095,GREEN,32,Kolkata
CLM0055131,KOL_05986,New Town,2024-11-27,19,0,0,0,0,0,0,0,0,0,0.0,0.041988,0,0.0,0,93,1,0,0.7661,0.0,GREEN,34,Kolkata
CLM0055132,KOL_01010,Salt Lake,2025-10-16,13,0,0,0,0,1,0,0,0,1,0.0,0.36126,1,1.0,0,31,4,6,0.98,0.2196,GREEN,42,Kolkata
CLM0055133,KOL_02020,New Town,2025-02-13,13,0,0,0,0,0,0,0,0,0,0.0,0.035512,0,0.0,0,45,3,4,0.7307,0.0,GREEN,37,Kolkata
CLM0055134,KOL_02146,Behala,2023-12-17,18,0,0,0,0,0,0,0,0,0,1.0,0.0,0,0.0,1,420,2,7,0.6875,0.1416,GREEN,40,Kolkata
CLM0055135,KOL_02907,Howrah,2021-01-11,7,0,0,0,0,0,0,0,0,0,0.0,0.201755,0,0.0,0,152,1,0,0.2133,0.027,GREEN,27,Kolkata
CLM0055136,KOL_01514,Howrah,2021-09-22,8,0,0,0,0,0,0,0,0,0,0.0,0.0,1,0.0,0,420,2,3,0.5998,0.0628,GREEN,39,Kolkata
CLM0055137,KOL_01370,Dum Dum,2024-10-28,12,0,0,0,1,0,0,0,0,0,0.0,0.119674,0,0.0,0,118,0,2,0.5012,0.2449,GREEN,27,Kolkata
CLM0055138,KOL_06524,Dum Dum,2024-11-09,13,0,0,0,0,0,0,0,0,0,0.0,0.448706,0,0.0,0,326,0,1,0.3029,0.0363,GREEN,44,Kolkata
CLM0055139,KOL_07271,Garia,2021-11-23,17,0,0,0,0,0,0,0,0,0,0.0,0.199641,0,0.0,0,415,4,1,0.9379,0.0063,GREEN,50,Kolkata
CLM0055140,KOL_00477,Dum Dum,2024-06-11,14,0,0,0,0,0,0,0,0,0,0.0,0.089029,0,0.0,0,61,1,0,0.766,0.0,GREEN,18,Kolkata
CLM0055141,KOL_02761,Behala,2023-12-31,16,0,0,0,0,0,0,0,1,0,0.0,0.207545,0,0.0,0,295,4,0,0.9442,0.0445,GREEN,35,Kolkata
CLM0055142,KOL_07822,Esplanade,2021-12-02,8,0,0,0,0,0,0,0,0,0,0.0,0.405888,0,1.0,0,147,4,1,0.98,0.0,GREEN,46,Kolkata
CLM0055143,KOL_03080,Behala,2020-12-25,16,0,0,0,0,0,1,0,0,0,0.0,0.327935,0,1.0,0,332,2,2,0.623,0.0391,GREEN,37,Kolkata
CLM0055144,KOL_01846,Park Street,2025-08-11,7,0,0,0,0,0,0,0,0,0,0.0,0.015275,0,0.0,0,240,0,2,0.0736,0.0184,GREEN,35,Kolkata
CLM0055145,KOL_05319,Salt Lake,2018-04-12,12,0,0,0,0,0,0,0,0,0,0.0,0.224145,0,0.0,0,392,4,2,0.8276,0.0606,GREEN,23,Kolkata
CLM0055146,KOL_03014,Behala,2024-07-06,21,0,0,0,0,0,1,0,0,0,0.0,0.230763,0,0.0,1,261,3,0,0.1543,0.1925,GREEN,28,Kolkata
CLM0055147,KOL_09892,Salt Lake,2025-05-10,11,0,0,0,0,0,0,1,0,0,1.0,0.140243,1,0.0,1,335,4,2,0.9062,0.1915,GREEN,26,Kolkata
CLM0055148,KOL_01278,Behala,2019-10-31,9,0,0,0,1,0,1,1,0,0,0.0,0.050716,0,0.0,0,5,2,13,0.9164,0.0026,GREEN,29,Kolkata
CLM0055149,KOL_03462,Sealdah,2021-02-24,9,0,0,0,0,0,0,0,0,0,0.0,0.097775,0,0.0,0,368,3,1,0.1046,0.0,GREEN,60,Kolkata
CLM0055150,KOL_04712,Howrah,2018-03-13,9,0,0,0,1,1,0,1,1,0,0.0,1.0,0,1.0,1,24,3,18,0.8029,0.0287,GREEN,42,Kolkata
CLM0055151,KOL_01194,Behala,2023-06-23,11,0,0,0,0,0,0,0,0,0,0.0,0.9855,1,0.0,0,402,1,0,0.4045,0.0045,GREEN,40,Kolkata
CLM0055152,KOL_08300,Howrah,2023-11-11,9,0,0,0,0,0,1,0,0,0,0.0,0.267063,0,0.0,0,420,3,1,0.8665,0.1132,GREEN,35,Kolkata
CLM0055153,KOL_05084,Park Street,2022-12-23,14,0,0,0,0,0,0,0,1,0,0.0,0.130269,0,0.0,0,199,4,0,0.7513,0.0696,GREEN,19,Kolkata
CLM0055154,KOL_06552,New Town,2023-06-29,13,0,0,0,0,0,0,0,0,0,0.0,0.030396,1,0.0,0,333,1,4,0.6816,0.0273,GREEN,45,Kolkata
CLM0055155,KOL_01577,New Town,2024-08-15,21,0,0,0,0,0,0,0,0,0,0.0,0.343844,0,1.0,0,399,1,4,0.9015,0.0,GREEN,42,Kolkata
CLM0055156,KOL_01502,Esplanade,2024-09-21,18,0,0,0,1,1,0,1,1,0,0.0,0.123711,1,0.0,0,5,1,18,0.9012,0.0656,GREEN,23,Kolkata
CLM0055157,KOL_09064,Esplanade,2025-11-13,11,0,0,0,0,0,1,0,0,0,0.0,0.136338,0,0.0,0,420,2,2,0.6488,0.0873,GREEN,38,Kolkata
CLM0055158,KOL_04548,Salt Lake,2024-02-28,18,0,0,0,0,0,0,0,0,0,1.0,0.3667,0,0.0,0,309,3,2,0.7962,0.0,GREEN,39,Kolkata
CLM0055159,KOL_03918,Salt Lake,2025-12-03,11,0,0,0,0,0,0,0,0,0,1.0,0.094342,0,0.0,0,46,2,0,0.6919,0.0608,GREEN,44,Kolkata
CLM0055160,KOL_04185,Sealdah,2025-04-30,18,0,0,0,0,0,0,0,0,0,0.0,0.231337,0,0.0,0,290,2,8,0.5897,0.0525,GREEN,44,Kolkata
CLM0055161,KOL_00414,Garia,2025-07-12,20,0,0,0,0,0,0,0,0,0,0.0,0.221643,0,0.0,0,420,2,0,0.2969,0.0,GREEN,32,Kolkata
CLM0055162,KOL_02008,Sealdah,2025-06-11,20,0,0,0,0,0,0,0,0,0,0.0,0.08638,0,0.0,0,409,3,0,0.737,0.0,GREEN,48,Kolkata
CLM0055163,KOL_07107,Salt Lake,2025-10-22,11,0,0,0,0,0,0,0,1,0,0.0,0.179896,0,1.0,0,234,4,4,0.7131,0.0855,GREEN,33,Kolkata
CLM0055164,KOL_01325,Park Street,2025-11-09,19,0,0,0,0,0,0,0,0,0,0.0,0.350044,0,0.0,0,375,4,3,0.0585,0.0,GREEN,48,Kolkata
CLM0055165,KOL_03018,Park Street,2024-10-26,14,0,0,0,0,0,1,0,0,0,0.0,0.049071,1,0.0,0,192,0,0,0.8512,0.14,GREEN,28,Kolkata
CLM0055166,KOL_09108,Howrah,2024-12-19,10,0,0,0,0,0,0,0,0,0,0.0,0.059104,0,0.0,0,122,1,5,0.7252,0.0596,GREEN,32,Kolkata
CLM0055167,KOL_05103,Sealdah,2025-01-22,19,0,0,0,0,0,0,0,1,0,0.0,0.170438,0,0.0,0,352,4,5,0.6044,0.0271,GREEN,44,Kolkata
CLM0055168,KOL_09216,Sealdah,2025-03-20,8,0,0,0,0,0,0,0,0,0,1.0,1.0,0,1.0,0,384,1,6,0.5658,0.0102,GREEN,31,Kolkata
CLM0055169,KOL_03382,Esplanade,2024-12-23,8,0,0,0,0,0,0,0,0,0,0.0,0.102185,0,0.0,0,344,4,0,0.6302,0.0,GREEN,18,Kolkata
CLM0055170,KOL_05359,New Town,2023-05-31,12,0,0,0,0,0,1,0,0,0,0.0,0.047012,0,1.0,0,109,2,5,0.129,0.1242,GREEN,48,Kolkata
CLM0055171,KOL_01868,Esplanade,2025-02-24,21,0,0,0,0,0,0,0,0,0,0.0,0.150631,0,0.0,0,420,4,0,0.825,0.0,GREEN,27,Kolkata
CLM0055172,KOL_05038,Tollygunge,2022-09-14,8,0,0,0,0,0,0,0,0,0,0.0,0.082609,0,0.0,0,351,1,0,0.4453,0.0067,GREEN,50,Kolkata
CLM0055173,KOL_08890,Park Street,2025-08-07,14,0,0,0,0,0,0,1,0,0,1.0,0.368597,0,1.0,0,10,3,0,0.7759,0.042,GREEN,19,Kolkata
CLM0055174,KOL_06351,Esplanade,2021-12-04,19,0,0,0,1,1,1,1,1,0,1.0,0.972789,1,1.0,1,5,3,18,0.3751,0.0,GREEN,28,Kolkata
CLM0055175,KOL_08072,New Town,2024-08-25,7,0,0,0,0,0,0,0,0,0,0.0,0.073929,0,0.0,0,64,1,0,0.781,0.0275,GREEN,44,Kolkata
CLM0055176,KOL_03507,Tollygunge,2024-04-29,14,0,0,0,1,0,0,0,0,0,0.0,0.292325,0,0.0,0,416,4,1,0.7372,0.1932,GREEN,21,Kolkata
CLM0055177,KOL_02030,New Town,2021-08-07,12,0,0,0,0,0,0,0,0,0,0.0,0.230473,0,0.0,0,383,2,6,0.8669,0.1375,GREEN,38,Kolkata
CLM0055178,KOL_08529,New Town,2023-09-10,18,0,0,0,0,0,1,0,0,0,0.0,0.308625,0,0.0,0,266,0,2,0.6886,0.0039,GREEN,19,Kolkata
CLM0055179,KOL_04265,Behala,2024-12-05,18,0,0,0,0,0,0,0,0,0,1.0,0.256122,0,0.0,0,346,4,4,0.7356,0.057,GREEN,38,Kolkata
CLM0055180,KOL_01046,Sealdah,2024-03-06,19,0,0,0,1,0,1,0,0,0,0.0,0.0,0,0.0,0,330,3,2,0.534,0.2672,GREEN,49,Kolkata
CLM0055181,KOL_05377,Behala,2025-10-24,18,0,0,0,0,0,1,0,0,0,0.0,0.949919,0,0.0,0,126,0,4,0.4627,0.1354,GREEN,45,Kolkata
CLM0055182,KOL_04858,Esplanade,2024-06-21,21,0,0,0,0,0,0,1,1,0,1.0,1.0,1,0.0,1,5,3,18,0.3123,0.0102,GREEN,21,Kolkata
CLM0055183,KOL_06859,Behala,2025-05-26,7,0,0,0,0,0,0,0,0,0,0.0,0.164929,0,0.0,0,191,2,0,0.8438,0.0163,GREEN,49,Kolkata
CLM0055184,KOL_04357,Esplanade,2025-12-16,8,0,0,0,1,0,0,1,0,0,0.0,0.103806,0,0.0,0,314,2,3,0.752,0.2282,GREEN,30,Kolkata
CLM0055185,KOL_01421,Esplanade,2024-11-04,12,1,0,0,0,0,0,0,0,0,0.0,0.075726,1,0.0,0,420,0,2,0.5383,0.0782,GREEN,34,Kolkata
CLM0055186,KOL_03568,Tollygunge,2025-06-04,14,0,0,0,0,0,0,0,0,0,0.0,0.072451,0,0.0,0,122,4,0,0.6343,0.0,GREEN,40,Kolkata
CLM0055187,KOL_01838,Esplanade,2025-12-08,7,0,0,0,0,0,0,0,0,0,0.0,0.106394,0,0.0,0,420,2,0,0.7046,0.0,GREEN,44,Kolkata
CLM0055188,KOL_07749,Park Street,2025-07-16,8,0,0,0,1,0,0,0,0,0,0.0,0.099684,0,0.0,0,256,1,1,0.7818,0.1568,GREEN,35,Kolkata
CLM0055189,KOL_07297,Dum Dum,2024-08-27,11,0,0,0,0,0,0,0,0,0,0.0,0.119171,0,0.0,1,301,0,1,0.8566,0.097,GREEN,25,Kolkata
CLM0055190,KOL_06433,Behala,2018-03-03,7,0,0,0,0,0,0,0,0,0,0.0,0.08981,0,0.0,0,254,0,6,0.9569,0.008,GREEN,43,Kolkata
CLM0055191,KOL_00166,Garia,2015-11-26,14,0,0,0,0,0,0,0,0,0,0.0,0.111234,0,0.0,0,73,0,0,0.98,0.0206,GREEN,30,Kolkata
CLM0055192,KOL_01221,Sealdah,2016-08-13,11,0,0,0,0,0,0,0,0,0,0.0,0.48936,0,0.0,0,351,4,4,0.6259,0.0402,GREEN,36,Kolkata
CLM0055193,KOL_06375,Salt Lake,2024-01-01,14,0,0,0,0,0,0,0,0,0,0.0,0.238018,0,0.0,0,400,1,5,0.8884,0.0497,GREEN,46,Kolkata
CLM0055194,KOL_05010,Garia,2016-06-10,14,0,0,0,1,0,0,0,0,0,1.0,0.971265,0,0.0,0,391,4,2,0.98,0.2455,GREEN,62,Kolkata
CLM0055195,KOL_08908,Esplanade,2025-02-17,17,0,0,0,1,0,0,0,0,0,0.0,0.433989,0,0.0,0,420,0,3,0.5553,0.1106,GREEN,28,Kolkata
CLM0055196,KOL_04416,Sealdah,2018-08-01,8,0,0,0,1,0,0,0,0,0,0.0,0.21817,0,1.0,0,177,3,3,0.8068,0.1591,GREEN,29,Kolkata
CLM0055197,KOL_09317,Salt Lake,2019-06-21,21,0,0,0,0,0,0,0,0,0,0.0,0.008571,1,0.0,0,339,3,1,0.05,0.0762,GREEN,40,Kolkata
CLM0055198,KOL_00733,Salt Lake,2019-02-10,18,0,1,1,0,0,0,0,0,0,0.0,0.250318,0,0.0,0,107,4,2,0.5777,0.0105,GREEN,46,Kolkata
CLM0055199,KOL_07002,Howrah,2023-05-25,16,0,0,0,0,0,0,0,0,0,0.0,0.145866,1,0.0,0,196,4,3,0.6533,0.036,GREEN,48,Kolkata
CLM0055200,KOL_09311,Garia,2022-01-29,21,0,0,0,1,0,1,1,1,1,0.0,0.184258,1,0.0,1,5,4,18,0.8319,0.0758,GREEN,43,Kolkata
CLM0055201,KOL_04138,Dum Dum,2019-06-17,13,0,0,0,0,0,0,0,0,0,0.0,0.075995,0,0.0,0,76,2,6,0.6342,0.0,GREEN,41,Kolkata
CLM0055202,KOL_04801,Park Street,2020-07-15,14,0,0,0,0,0,0,0,0,0,0.0,0.100187,0,0.0,0,144,1,0,0.9573,0.0,GREEN,39,Kolkata
CLM0055203,KOL_02588,New Town,2025-10-22,12,0,0,0,0,0,0,0,0,1,0.0,1.0,0,0.0,0,116,0,1,0.98,0.1777,GREEN,22,Kolkata
CLM0055204,KOL_04688,Esplanade,2020-07-18,15,0,0,0,0,0,0,0,0,0,0.0,0.937866,0,0.0,0,280,2,0,0.6766,0.0038,GREEN,21,Kolkata
CLM0055205,KOL_04646,Behala,2025-07-10,17,0,0,0,0,0,0,0,0,0,0.0,0.20774,0,0.0,0,79,4,5,0.7584,0.0,GREEN,18,Kolkata
CLM0055206,KOL_06268,Sealdah,2023-03-25,15,0,0,0,0,0,0,0,0,0,0.0,0.148632,0,0.0,0,169,2,0,0.8584,0.0058,GREEN,27,Kolkata
CLM0055207,KOL_08669,Esplanade,2021-05-13,18,0,0,0,0,0,0,0,0,0,0.0,0.322722,0,0.0,0,187,1,4,0.6113,0.0,GREEN,27,Kolkata
CLM0055208,KOL_05101,Garia,2022-01-03,20,0,0,0,0,0,0,0,0,0,0.0,1.0,0,1.0,0,369,4,6,0.2307,0.1028,GREEN,27,Kolkata
CLM0055209,KOL_05072,Dum Dum,2025-03-22,14,0,0,0,0,0,0,0,1,0,0.0,0.315399,0,0.0,1,180,1,5,0.8168,0.2585,GREEN,44,Kolkata
CLM0055210,KOL_02870,Behala,2023-09-30,17,0,1,1,0,0,1,0,0,0,1.0,0.223506,0,0.0,0,249,1,0,0.98,0.0865,GREEN,33,Kolkata
CLM0055211,KOL_04150,Tollygunge,2025-10-13,19,0,0,0,0,0,0,0,0,0,0.0,0.39659,0,0.0,0,305,1,0,0.3384,0.0,GREEN,37,Kolkata
CLM0055212,KOL_02425,Dum Dum,2022-12-07,18,0,0,0,0,0,0,0,0,0,1.0,0.218151,0,0.0,0,295,2,1,0.921,0.1089,GREEN,42,Kolkata
CLM0055213,KOL_07268,Howrah,2024-03-06,14,0,0,0,0,0,0,0,1,0,0.0,0.343383,0,0.0,0,309,2,0,0.8243,0.1124,GREEN,36,Kolkata
CLM0055214,KOL_00858,Garia,2023-09-09,9,0,0,0,0,0,0,0,0,0,0.0,0.022275,0,0.0,0,199,2,1,0.977,0.0457,GREEN,38,Kolkata
CLM0055215,KOL_04799,Tollygunge,2024-02-14,13,0,0,0,1,1,1,1,1,1,1.0,0.129927,0,1.0,0,18,2,18,0.1404,0.0005,GREEN,43,Kolkata
CLM0055216,KOL_01488,Howrah,2023-06-04,13,0,0,0,0,0,0,0,0,0,0.0,0.15046,0,0.0,0,317,3,5,0.5736,0.0,GREEN,40,Kolkata
CLM0055217,KOL_08405,Tollygunge,2018-07-16,19,0,0,0,0,0,0,0,0,0,0.0,0.213166,0,0.0,0,420,4,2,0.9122,0.0,GREEN,37,Kolkata
CLM0055218,KOL_01036,Behala,2025-07-11,8,0,0,0,0,0,1,0,0,0,0.0,0.318926,0,0.0,0,40,2,2,0.5923,0.2314,GREEN,23,Kolkata
CLM0055219,KOL_08392,Howrah,2018-10-25,15,0,0,0,0,0,0,0,0,0,1.0,0.372634,0,0.0,0,249,3,1,0.0553,0.1026,GREEN,26,Kolkata
CLM0055220,KOL_02805,Esplanade,2024-06-27,8,0,0,0,0,0,0,0,0,0,0.0,0.363135,0,0.0,0,393,2,1,0.5873,0.0,GREEN,43,Kolkata
CLM0055221,KOL_02135,Park Street,2022-12-15,11,0,0,0,0,0,0,0,0,0,0.0,0.260049,0,0.0,0,21,3,7,0.6238,0.0,GREEN,28,Kolkata
CLM0055222,KOL_06708,Park Street,2023-01-15,12,0,0,0,0,0,0,0,0,1,0.0,0.990649,0,1.0,0,90,1,0,0.6048,0.1776,GREEN,32,Kolkata
CLM0055223,KOL_04163,Park Street,2025-01-14,20,0,0,0,0,0,0,0,0,0,0.0,0.090887,0,0.0,0,48,0,1,0.4819,0.0,GREEN,20,Kolkata
CLM0055224,KOL_04824,Tollygunge,2025-08-03,18,0,0,0,0,0,0,0,0,0,0.0,0.190977,0,0.0,0,89,4,2,0.8679,0.0136,GREEN,39,Kolkata
CLM0055225,KOL_05187,New Town,2025-04-16,10,0,0,0,0,0,0,0,0,0,0.0,0.079738,0,0.0,0,56,2,4,0.0825,0.0834,GREEN,42,Kolkata
CLM0055226,KOL_09875,Behala,2025-08-22,10,0,0,0,0,0,0,0,0,0,0.0,0.221486,0,0.0,0,189,4,4,0.8284,0.0,GREEN,18,Kolkata
CLM0055227,KOL_04034,Sealdah,2025-03-21,13,0,1,1,0,0,0,0,0,0,0.0,1.0,0,0.0,0,415,2,0,0.9546,0.0904,GREEN,28,Kolkata
CLM0055228,KOL_01302,Behala,2025-02-21,16,0,0,0,0,0,0,0,0,0,0.0,0.422633,0,0.0,0,420,4,1,0.2034,0.0,GREEN,37,Kolkata
CLM0055229,KOL_08773,Esplanade,2025-01-29,17,0,0,0,1,0,0,0,0,0,0.0,0.991613,0,0.0,1,252,3,3,0.5999,0.2878,GREEN,38,Kolkata
CLM0055230,KOL_03664,Garia,2025-01-07,14,0,0,0,0,0,0,0,0,0,1.0,0.965795,0,1.0,0,72,0,0,0.6801,0.021,GREEN,29,Kolkata
CLM0055231,KOL_00585,Salt Lake,2025-03-21,15,0,0,0,0,0,0,0,1,0,1.0,0.972374,0,1.0,0,68,1,1,0.7744,0.1799,GREEN,30,Kolkata
CLM0055232,KOL_06171,Dum Dum,2025-12-10,8,0,0,0,0,0,0,0,0,0,0.0,0.270299,0,0.0,0,88,4,3,0.2186,0.092,GREEN,43,Kolkata
CLM0055233,KOL_09939,Tollygunge,2025-08-05,18,0,0,0,0,1,0,0,0,0,0.0,0.057873,0,0.0,0,420,4,0,0.6958,0.1455,GREEN,42,Kolkata
CLM0055234,KOL_00825,Park Street,2023-10-13,11,0,0,0,0,0,0,0,0,0,0.0,0.142244,0,0.0,0,80,3,1,0.726,0.0,GREEN,18,Kolkata
CLM0055235,KOL_01743,Sealdah,2022-12-12,18,0,0,0,0,0,0,0,0,0,0.0,0.194371,0,0.0,0,173,0,5,0.5422,0.0,GREEN,38,Kolkata
CLM0055236,KOL_01178,Esplanade,2025-11-08,15,0,0,0,0,0,0,0,0,0,1.0,0.027397,0,0.0,0,420,2,4,0.933,0.0743,GREEN,36,Kolkata
CLM0055237,KOL_00234,Salt Lake,2021-12-01,17,0,0,0,0,0,1,1,0,0,0.0,0.091451,0,0.0,0,99,1,1,0.4809,0.1047,GREEN,38,Kolkata
CLM0055238,KOL_07372,Salt Lake,2022-12-04,9,0,0,0,0,0,0,0,0,0,0.0,0.063183,0,0.0,0,266,1,5,0.7291,0.0,GREEN,48,Kolkata
CLM0055239,KOL_07957,Park Street,2021-08-12,21,0,0,0,0,0,0,0,1,0,0.0,0.2925,0,0.0,0,292,1,2,0.7784,0.1927,GREEN,45,Kolkata
CLM0055240,KOL_03647,Tollygunge,2024-03-30,19,0,0,0,0,0,0,0,0,0,0.0,0.082544,0,0.0,1,283,2,3,0.7588,0.0712,GREEN,47,Kolkata
CLM0055241,KOL_06708,Park Street,2025-10-11,12,0,0,0,0,0,1,0,0,0,0.0,0.336297,0,0.0,0,359,0,0,0.8442,0.1122,GREEN,32,Kolkata
CLM0055242,KOL_02812,Tollygunge,2024-05-21,13,0,0,0,0,0,0,0,0,0,0.0,0.232291,0,0.0,0,37,1,1,0.8895,0.009,GREEN,39,Kolkata
CLM0055243,KOL_03849,Dum Dum,2024-12-16,12,0,0,0,0,0,0,1,0,0,0.0,0.055797,0,0.0,0,322,4,2,0.5592,0.1014,GREEN,52,Kolkata
CLM0055244,KOL_07189,Salt Lake,2024-07-06,10,0,0,0,0,0,0,0,0,0,0.0,0.070951,0,0.0,0,192,1,0,0.4584,0.0,GREEN,38,Kolkata
CLM0055245,KOL_07104,Howrah,2025-12-19,11,0,0,0,0,0,0,0,0,1,0.0,0.327869,0,0.0,0,326,3,4,0.5791,0.1046,GREEN,20,Kolkata
CLM0055246,KOL_03031,Garia,2019-01-19,10,0,0,0,0,0,0,1,0,0,0.0,0.109704,0,0.0,0,211,0,3,0.2682,0.0004,GREEN,42,Kolkata
CLM0055247,KOL_07463,Behala,2024-11-28,13,0,0,0,0,0,0,0,0,0,0.0,0.238083,0,0.0,0,365,0,2,0.6139,0.0175,GREEN,48,Kolkata
CLM0055248,KOL_08030,New Town,2019-03-29,13,0,0,0,0,0,0,0,0,0,1.0,0.426213,0,0.0,1,420,1,0,0.7641,0.1895,GREEN,35,Kolkata
CLM0055249,KOL_07749,Park Street,2022-04-14,7,0,0,0,0,0,0,0,0,0,0.0,0.0,0,0.0,0,256,2,2,0.4976,0.0106,GREEN,35,Kolkata
CLM0055250,KOL_08560,Sealdah,2021-09-29,10,0,0,0,0,0,0,0,1,0,0.0,0.139119,0,0.0,0,367,1,7,0.8362,0.1344,GREEN,63,Kolkata
CLM0055251,KOL_04264,Garia,2025-04-06,7,0,0,0,0,0,0,0,0,0,0.0,0.089454,0,0.0,0,242,4,2,0.4775,0.0031,GREEN,30,Kolkata
CLM0055252,KOL_01260,New Town,2025-06-28,17,0,0,0,0,0,0,0,0,0,0.0,0.09397,1,0.0,0,69,2,5,0.6646,0.0354,GREEN,41,Kolkata
CLM0055253,KOL_06105,Behala,2023-10-28,11,0,0,0,1,1,1,1,1,0,1.0,1.0,1,1.0,1,5,1,18,0.2877,0.0737,GREEN,35,Kolkata
CLM0055254,KOL_09375,Salt Lake,2024-02-02,12,0,0,0,0,0,0,0,0,0,0.0,0.182244,0,0.0,0,209,2,0,0.7942,0.0,GREEN,35,Kolkata
CLM0055255,KOL_08357,Howrah,2025-10-26,18,0,0,0,0,1,0,0,0,0,0.0,0.318279,0,0.0,0,420,4,3,0.8406,0.2006,GREEN,36,Kolkata
CLM0055256,KOL_01645,Sealdah,2020-04-19,19,0,0,0,0,1,0,1,1,1,0.0,0.1272,1,0.0,0,5,0,18,0.8484,0.0465,GREEN,23,Kolkata
CLM0055257,KOL_04798,Esplanade,2025-04-28,7,0,0,0,0,0,0,0,0,0,0.0,0.0,0,0.0,0,420,0,1,0.6298,0.0,GREEN,23,Kolkata
CLM0055258,KOL_07619,Sealdah,2019-10-13,12,0,0,0,0,0,0,0,0,0,0.0,0.276344,0,0.0,0,183,4,2,0.5849,0.0,GREEN,40,Kolkata
CLM0055259,KOL_02612,Howrah,2023-07-31,14,0,0,0,0,0,0,0,0,0,0.0,0.260331,0,0.0,0,364,4,3,0.8714,0.0343,GREEN,40,Kolkata
CLM0055260,KOL_01870,Park Street,2019-01-30,21,0,0,0,0,0,1,0,0,0,0.0,0.157937,1,0.0,0,410,4,2,0.4482,0.2266,GREEN,29,Kolkata
CLM0055261,KOL_00805,Dum Dum,2023-06-14,13,0,0,0,0,0,0,0,0,0,0.0,0.286105,0,0.0,0,420,3,0,0.6761,0.0939,GREEN,26,Kolkata
CLM0055262,KOL_08549,Garia,2025-10-16,8,1,0,0,0,0,0,0,0,0,0.0,0.341418,0,0.0,0,329,2,8,0.05,0.0539,GREEN,45,Kolkata
CLM0055263,KOL_00213,Howrah,2023-10-04,10,0,0,0,0,0,0,0,0,1,1.0,0.209293,0,0.0,0,302,3,4,0.7926,0.1328,GREEN,40,Kolkata
CLM0055264,KOL_04300,Dum Dum,2020-10-09,7,0,0,0,0,0,0,1,0,0,0.0,0.0278,1,0.0,0,252,1,1,0.8426,0.1482,GREEN,47,Kolkata
CLM0055265,KOL_05987,Park Street,2024-11-10,9,0,0,0,0,0,0,0,1,0,0.0,0.283516,0,1.0,0,168,1,5,0.98,0.1985,GREEN,43,Kolkata
CLM0055266,KOL_06363,New Town,2020-09-07,15,0,0,0,0,0,0,0,0,0,0.0,0.255278,0,1.0,0,375,1,8,0.513,0.0,GREEN,51,Kolkata
CLM0055267,KOL_03447,Tollygunge,2025-03-23,9,0,0,0,0,0,0,0,0,0,0.0,0.064102,0,0.0,0,350,4,0,0.4015,0.0,GREEN,43,Kolkata
CLM0055268,KOL_07764,Esplanade,2023-08-19,16,0,0,0,0,0,0,0,0,0,0.0,0.153987,0,0.0,0,420,2,3,0.3242,0.0,GREEN,41,Kolkata
CLM0055269,KOL_03913,New Town,2024-10-23,18,0,0,0,0,0,0,0,0,0,1.0,0.939062,0,1.0,0,186,3,3,0.8301,0.0044,GREEN,27,Kolkata
CLM0055270,KOL_07425,Esplanade,2024-05-19,19,0,0,0,0,0,0,0,0,0,0.0,0.236717,0,0.0,0,382,2,0,0.8336,0.083,GREEN,21,Kolkata
CLM0055271,KOL_02400,Esplanade,2025-09-24,17,0,0,0,0,0,0,0,0,0,0.0,0.0,0,0.0,0,46,4,2,0.9335,0.0,GREEN,44,Kolkata
CLM0055272,KOL_07361,Salt Lake,2025-06-15,21,0,0,0,0,0,0,1,0,0,0.0,0.312108,0,0.0,0,152,1,3,0.6628,0.0473,GREEN,18,Kolkata
CLM0055273,KOL_00184,Garia,2024-02-24,14,0,0,0,0,0,0,0,0,0,0.0,0.256599,0,1.0,0,138,1,0,0.98,0.0743,GREEN,38,Kolkata
CLM0055274,KOL_07438,Howrah,2025-05-28,20,0,0,0,0,0,0,0,0,0,0.0,0.407306,0,0.0,0,405,3,4,0.5605,0.0,GREEN,26,Kolkata
CLM0055275,KOL_04928,Park Street,2023-12-13,20,0,0,0,0,0,0,0,0,0,0.0,0.110552,0,0.0,0,267,3,0,0.2201,0.0767,GREEN,40,Kolkata
CLM0055276,KOL_00383,Tollygunge,2023-09-06,9,0,0,0,0,0,0,0,0,0,0.0,0.181288,0,0.0,0,322,2,0,0.7233,0.0,GREEN,32,Kolkata
CLM0055277,KOL_07080,New Town,2024-10-10,14,0,0,0,0,0,0,0,0,0,0.0,0.323762,1,0.0,0,131,4,0,0.7772,0.0297,GREEN,41,Kolkata
CLM0055278,KOL_04354,Behala,2023-01-05,7,0,0,0,0,0,0,0,1,0,0.0,0.27362,0,0.0,0,141,4,1,0.6081,0.1504,GREEN,19,Kolkata
CLM0055279,KOL_08878,Dum Dum,2021-01-18,12,0,0,0,1,0,0,0,0,0,0.0,0.093481,0,0.0,0,311,0,4,0.5161,0.1642,GREEN,33,Kolkata
CLM0055280,KOL_00710,Behala,2017-01-19,13,0,0,0,0,0,0,0,0,0,0.0,0.368044,1,0.0,0,168,3,3,0.9773,0.0893,GREEN,35,Kolkata
CLM0055281,KOL_04809,Tollygunge,2020-11-28,7,0,0,0,0,0,0,0,0,0,0.0,0.249457,0,0.0,0,365,2,2,0.6082,0.0,GREEN,36,Kolkata
CLM0055282,KOL_09435,New Town,2022-04-29,15,0,0,0,0,0,0,0,0,0,0.0,0.227246,0,1.0,0,420,1,0,0.6763,0.0467,GREEN,54,Kolkata
CLM0055283,KOL_00025,Garia,2021-10-02,19,0,0,0,0,0,0,0,0,0,0.0,0.364754,0,0.0,0,313,4,0,0.2222,0.0,GREEN,18,Kolkata
CLM0055284,KOL_08672,Salt Lake,2022-02-18,16,0,0,0,0,0,0,0,0,0,1.0,0.469415,0,0.0,0,131,2,0,0.5994,0.1036,GREEN,44,Kolkata
CLM0055285,KOL_03705,Park Street,2017-05-05,7,0,0,0,0,1,0,0,0,0,0.0,0.214657,0,0.0,0,236,2,2,0.7295,0.1545,GREEN,33,Kolkata
CLM0055286,KOL_07900,Esplanade,2024-11-12,16,0,0,0,0,0,0,0,0,0,0.0,0.064007,0,0.0,0,75,2,4,0.2122,0.0072,GREEN,45,Kolkata
CLM0055287,KOL_09721,Garia,2024-02-27,7,0,0,0,0,1,0,0,0,0,0.0,0.262187,0,0.0,0,120,3,3,0.8185,0.108,GREEN,39,Kolkata
CLM0055288,KOL_08683,Howrah,2022-05-10,21,0,0,0,0,0,0,0,0,0,0.0,0.317094,0,0.0,0,420,4,0,0.6108,0.0009,GREEN,28,Kolkata
CLM0055289,KOL_04034,Sealdah,2023-06-28,7,0,0,0,0,1,0,0,0,0,0.0,0.18939,0,0.0,0,74,1,6,0.7684,0.2531,GREEN,28,Kolkata
CLM0055290,KOL_06749,Sealdah,2023-10-21,18,0,0,0,0,0,0,0,0,0,0.0,0.152057,0,0.0,0,420,2,1,0.05,0.0,GREEN,30,Kolkata
CLM0055291,KOL_09095,Behala,2020-01-20,10,0,0,0,1,0,1,0,0,0,0.0,0.1508,0,0.0,0,341,0,1,0.7544,0.2214,GREEN,28,Kolkata
CLM0055292,KOL_07722,Garia,2021-03-18,11,0,0,0,0,0,0,0,0,0,0.0,0.263967,0,1.0,0,411,1,2,0.484,0.0,GREEN,43,Kolkata
CLM0055293,KOL_00036,Behala,2021-04-11,21,0,1,1,0,0,0,0,0,0,0.0,0.333496,0,0.0,0,126,3,0,0.682,0.044,GREEN,19,Kolkata
CLM0055294,KOL_08549,Garia,2021-06-28,9,0,0,0,0,0,0,0,1,0,0.0,0.422255,0,0.0,0,143,3,4,0.7028,0.0557,GREEN,45,Kolkata
CLM0055295,KOL_03255,Park Street,2020-12-08,12,0,0,0,0,0,0,0,0,0,0.0,0.106038,0,0.0,0,168,2,0,0.05,0.0,GREEN,38,Kolkata
CLM0055296,KOL_01912,Howrah,2023-06-14,18,0,0,0,0,0,0,1,0,0,0.0,0.242553,0,0.0,0,146,0,2,0.98,0.1755,GREEN,21,Kolkata
CLM0055297,KOL_08569,Esplanade,2021-02-05,11,0,0,0,0,0,0,0,0,0,0.0,0.177475,0,0.0,0,88,4,2,0.5423,0.0,GREEN,31,Kolkata
CLM0055298,KOL_02646,Dum Dum,2021-07-12,20,1,0,0,0,0,0,0,0,0,0.0,0.24003,0,0.0,0,399,1,2,0.1764,0.0,GREEN,32,Kolkata
CLM0055299,KOL_02970,Sealdah,2022-07-11,14,0,0,0,0,0,0,0,0,0,0.0,0.038536,0,0.0,0,317,3,1,0.6739,0.0477,GREEN,18,Kolkata
CLM0055300,KOL_08465,Esplanade,2025-06-22,9,0,0,0,0,0,0,0,0,0,0.0,0.276885,0,0.0,0,213,3,1,0.5861,0.0056,GREEN,32,Kolkata
CLM0055301,KOL_07646,Behala,2025-03-10,20,0,0,0,0,0,0,0,0,0,0.0,0.261223,0,0.0,0,362,0,3,0.7197,0.0,GREEN,33,Kolkata
CLM0055302,KOL_06739,Dum Dum,2022-04-23,13,0,0,0,0,0,0,0,1,0,0.0,1.0,0,0.0,0,339,3,5,0.6327,0.1268,GREEN,39,Kolkata
CLM0055303,KOL_02742,Dum Dum,2022-09-08,11,0,0,0,0,1,0,0,0,0,0.0,0.340291,1,0.0,0,95,3,0,0.98,0.2734,GREEN,37,Kolkata
CLM0055304,KOL_06967,Esplanade,2023-12-01,19,0,0,0,0,0,0,0,0,0,0.0,0.401774,1,0.0,0,332,3,4,0.368,0.0245,GREEN,27,Kolkata
CLM0055305,KOL_08247,Behala,2023-11-10,12,0,0,0,0,0,0,0,0,0,0.0,0.319748,0,0.0,0,128,1,0,0.871,0.1584,GREEN,34,Kolkata
CLM0055306,KOL_01069,New Town,2023-07-04,20,0,0,0,0,0,0,0,0,0,0.0,0.340957,0,0.0,0,189,3,4,0.7945,0.068,GREEN,44,Kolkata
CLM0055307,KOL_02143,Sealdah,2024-02-20,12,0,0,0,0,1,0,0,0,0,0.0,0.279189,0,0.0,0,84,3,5,0.5845,0.0272,GREEN,26,Kolkata
CLM0055308,KOL_03407,Esplanade,2024-10-29,8,0,0,0,0,0,1,0,1,0,0.0,0.371756,0,0.0,0,306,0,2,0.8735,0.1901,GREEN,32,Kolkata
CLM0055309,KOL_09442,Behala,2024-05-06,21,0,0,0,0,0,0,0,0,1,0.0,1.0,0,0.0,0,49,1,5,0.775,0.1462,GREEN,39,Kolkata
CLM0055310,KOL_02974,Tollygunge,2024-12-02,18,0,0,0,1,0,0,1,0,1,1.0,0.971639,0,1.0,0,6,0,18,0.05,0.0583,GREEN,32,Kolkata
CLM0055311,KOL_02983,Behala,2024-06-16,7,0,0,0,0,0,1,0,0,0,0.0,0.006388,0,0.0,0,160,3,6,0.7052,0.134,GREEN,30,Kolkata
CLM0055312,KOL_00697,Behala,2024-06-19,19,0,0,0,0,0,0,0,0,0,0.0,0.078194,0,0.0,0,273,4,0,0.6123,0.1026,GREEN,28,Kolkata
CLM0055313,KOL_06072,Esplanade,2022-02-27,19,0,0,0,0,0,0,0,0,0,0.0,0.195486,0,0.0,0,41,3,1,0.9349,0.0,GREEN,28,Kolkata
CLM0055314,KOL_09661,Salt Lake,2025-05-06,11,0,0,0,0,0,0,0,0,0,0.0,0.990465,0,0.0,0,44,4,6,0.8498,0.0,GREEN,39,Kolkata
CLM0055315,KOL_09830,Salt Lake,2021-11-25,21,0,0,0,0,0,0,0,0,0,0.0,0.260124,0,0.0,0,266,3,2,0.2822,0.0,GREEN,35,Kolkata
CLM0055316,KOL_07934,New Town,2024-07-02,20,0,0,0,0,0,0,0,0,0,0.0,0.166086,0,0.0,0,64,3,0,0.98,0.0508,GREEN,48,Kolkata
CLM0055317,KOL_03208,Sealdah,2025-07-21,19,0,0,0,0,0,1,0,0,0,0.0,0.338503,0,0.0,0,349,0,1,0.6873,0.0309,GREEN,42,Kolkata
CLM0055318,KOL_02820,Dum Dum,2021-04-23,10,0,0,0,0,0,0,0,1,1,0.0,0.123149,0,0.0,0,300,0,1,0.271,0.1765,GREEN,18,Kolkata
CLM0055319,KOL_03152,Howrah,2025-09-15,13,0,0,0,0,0,0,0,0,0,1.0,0.0,0,0.0,0,420,0,2,0.1577,0.1327,GREEN,33,Kolkata
CLM0055320,KOL_01630,Park Street,2024-05-28,12,0,0,0,0,0,0,0,0,0,0.0,0.246722,0,1.0,0,420,2,8,0.9104,0.042,GREEN,34,Kolkata
CLM0055321,KOL_00562,Tollygunge,2019-11-09,15,0,0,0,0,0,0,0,0,0,0.0,0.17275,0,0.0,0,409,0,3,0.953,0.0943,GREEN,47,Kolkata
CLM0055322,KOL_05165,Sealdah,2019-08-03,21,0,0,0,0,0,0,0,0,0,1.0,0.320999,0,1.0,0,251,3,2,0.8716,0.0239,GREEN,29,Kolkata
CLM0055323,KOL_02716,Park Street,2025-04-09,15,0,0,0,0,0,1,0,0,0,0.0,0.340955,0,0.0,0,387,2,2,0.8212,0.1094,GREEN,38,Kolkata
CLM0055324,KOL_05074,Garia,2024-05-03,15,0,0,0,0,0,0,0,0,0,0.0,0.174888,0,0.0,0,262,2,5,0.6331,0.0617,GREEN,32,Kolkata
CLM0055325,KOL_08668,Salt Lake,2024-10-12,19,0,0,0,0,0,0,0,0,0,0.0,0.262016,0,0.0,0,303,2,4,0.617,0.0,GREEN,37,Kolkata
CLM0055326,KOL_02643,Behala,2024-05-22,20,0,0,0,0,0,0,0,0,0,0.0,0.372028,0,0.0,0,325,3,2,0.05,0.0075,GREEN,34,Kolkata
CLM0055327,KOL_01373,Tollygunge,2022-07-25,9,0,0,0,1,0,0,0,1,0,1.0,0.320354,0,0.0,0,413,3,0,0.3118,0.244,GREEN,36,Kolkata
CLM0055328,KOL_05704,Esplanade,2021-11-02,14,0,0,0,0,0,0,0,0,0,0.0,0.28705,1,0.0,0,372,2,0,0.8547,0.0369,GREEN,18,Kolkata
CLM0055329,KOL_05101,Garia,2022-09-30,12,0,0,0,0,0,1,1,1,1,0.0,1.0,1,0.0,1,5,2,18,0.2626,0.0,GREEN,27,Kolkata
CLM0055330,KOL_04027,Salt Lake,2022-02-01,7,0,0,0,0,0,0,0,0,0,1.0,0.033737,0,0.0,0,333,0,0,0.6095,0.0943,GREEN,21,Kolkata
CLM0055331,KOL_09359,Dum Dum,2023-07-15,17,0,0,0,0,0,0,0,0,0,0.0,0.0,0,0.0,0,352,0,0,0.5498,0.0914,GREEN,30,Kolkata
CLM0055332,KOL_05060,Salt Lake,2025-06-08,8,0,0,0,0,1,0,0,0,0,0.0,0.343912,0,0.0,0,416,0,1,0.5816,0.2342,GREEN,48,Kolkata
CLM0055333,KOL_08659,Dum Dum,2023-01-16,21,0,0,0,0,0,0,0,0,0,0.0,0.391155,0,0.0,0,420,3,1,0.0839,0.0,GREEN,18,Kolkata
CLM0055334,KOL_02813,Park Street,2025-02-20,18,0,0,0,0,0,0,0,0,0,0.0,0.365825,0,0.0,0,315,1,4,0.6169,0.0771,GREEN,18,Kolkata
CLM0055335,KOL_09905,Howrah,2023-04-18,20,0,0,0,1,1,0,1,0,0,0.0,1.0,1,1.0,1,5,1,18,0.9222,0.0663,GREEN,18,Kolkata
CLM0055336,KOL_01062,Behala,2024-12-14,11,0,0,0,0,0,0,0,0,0,0.0,0.139095,0,1.0,0,348,3,4,0.8707,0.063,GREEN,34,Kolkata
CLM0055337,KOL_09453,Esplanade,2023-12-30,7,0,0,0,0,0,0,0,0,0,0.0,0.201847,0,0.0,0,5,3,5,0.7686,0.0,GREEN,22,Kolkata
CLM0055338,KOL_08601,Dum Dum,2025-10-25,13,0,0,0,0,0,0,0,0,0,1.0,0.286822,0,0.0,0,298,2,0,0.3028,0.044,GREEN,44,Kolkata
CLM0055339,KOL_02942,Sealdah,2025-04-22,21,0,0,0,0,0,0,0,0,0,1.0,0.371704,0,0.0,0,70,1,4,0.7616,0.0916,GREEN,19,Kolkata
CLM0055340,KOL_07183,Sealdah,2023-02-05,7,0,0,0,0,0,0,0,0,0,0.0,0.159701,0,0.0,0,157,4,2,0.8122,0.0571,GREEN,28,Kolkata
CLM0055341,KOL_01426,Howrah,2025-11-10,20,0,0,0,0,0,0,0,0,0,0.0,0.32661,0,0.0,0,420,4,0,0.5723,0.0161,GREEN,35,Kolkata
CLM0055342,KOL_03980,Garia,2024-12-17,20,0,0,0,0,0,1,0,0,0,0.0,0.9023,1,0.0,1,289,1,1,0.8178,0.1677,GREEN,31,Kolkata
CLM0055343,KOL_03690,Garia,2025-12-30,12,0,0,0,0,0,0,0,0,0,0.0,0.246769,0,0.0,0,420,0,0,0.5419,0.0,GREEN,51,Kolkata
CLM0055344,KOL_05955,Howrah,2025-10-09,9,0,1,1,0,0,0,0,0,0,1.0,0.272225,0,0.0,0,64,4,5,0.98,0.09,GREEN,55,Kolkata
CLM0055345,KOL_08669,Esplanade,2025-02-16,8,0,0,0,0,0,1,0,0,0,0.0,0.998365,0,0.0,0,127,4,3,0.6395,0.0703,GREEN,27,Kolkata
CLM0055346,KOL_03237,Park Street,2025-12-26,7,0,0,0,0,0,0,0,0,0,0.0,0.341922,0,0.0,0,420,0,1,0.4803,0.0897,GREEN,46,Kolkata
CLM0055347,KOL_08550,Garia,2025-08-23,10,0,0,0,1,1,1,1,1,0,0.0,0.207026,0,1.0,0,5,0,18,0.2361,0.0228,GREEN,24,Kolkata
CLM0055348,KOL_05494,Sealdah,2024-07-24,17,0,0,0,0,0,1,0,0,0,1.0,0.394407,0,0.0,0,163,1,3,0.4748,0.1953,GREEN,41,Kolkata
CLM0055349,KOL_02205,Park Street,2024-07-25,18,0,0,0,0,0,0,0,0,0,0.0,0.165664,0,0.0,0,420,4,0,0.5092,0.0598,GREEN,32,Kolkata
CLM0055350,KOL_03545,Garia,2025-02-03,7,0,0,0,0,0,0,0,0,0,0.0,0.299054,0,0.0,0,420,3,0,0.05,0.0315,GREEN,28,Kolkata
CLM0055351,KOL_08195,Park Street,2024-10-25,11,0,0,0,0,0,0,1,0,0,0.0,0.165022,0,0.0,0,249,2,1,0.4595,0.1045,GREEN,24,Kolkata
CLM0055352,KOL_07441,Park Street,2025-02-03,18,0,0,0,0,0,1,0,0,0,0.0,0.100291,0,1.0,0,344,2,3,0.6948,0.0563,GREEN,25,Kolkata
CLM0055353,KOL_04057,New Town,2025-08-06,9,0,0,0,0,0,0,0,0,0,0.0,0.362941,0,0.0,0,28,1,1,0.7833,0.001,GREEN,22,Kolkata
CLM0055354,KOL_05491,Esplanade,2024-10-09,19,0,0,0,0,0,0,0,0,0,0.0,0.199422,0,0.0,0,220,0,0,0.8424,0.0,GREEN,29,Kolkata
CLM0055355,KOL_07015,Park Street,2024-06-06,21,0,0,0,0,0,1,0,0,0,0.0,0.043861,1,0.0,0,323,4,3,0.9099,0.1398,GREEN,28,Kolkata
CLM0055356,KOL_06141,New Town,2024-03-26,16,0,0,0,0,0,0,0,0,0,0.0,0.335396,0,0.0,0,418,2,2,0.4174,0.0,GREEN,22,Kolkata
CLM0055357,KOL_08754,Garia,2025-10-29,15,0,0,0,0,0,0,0,0,0,0.0,0.089154,0,0.0,1,420,1,1,0.1805,0.0439,GREEN,37,Kolkata
CLM0055358,KOL_08192,Sealdah,2023-12-31,8,0,0,0,0,0,0,0,0,0,0.0,0.263488,0,0.0,0,78,2,0,0.8268,0.0323,GREEN,38,Kolkata
CLM0055359,KOL_07320,Salt Lake,2024-08-11,8,0,0,0,0,0,1,0,0,0,0.0,0.33527,0,0.0,0,185,1,5,0.9798,0.0529,GREEN,40,Kolkata
CLM0055360,KOL_00741,Dum Dum,2025-06-29,10,0,0,0,0,0,0,0,0,0,0.0,0.206769,0,0.0,0,348,0,4,0.05,0.1031,GREEN,41,Kolkata
CLM0055361,KOL_08070,Esplanade,2025-01-16,20,0,0,0,0,0,0,0,0,0,0.0,0.022233,0,0.0,0,275,4,2,0.8173,0.0,GREEN,41,Kolkata
CLM0055362,KOL_00481,Howrah,2025-05-10,19,0,0,0,0,0,0,1,0,0,0.0,0.278192,0,0.0,0,221,3,7,0.98,0.0377,GREEN,40,Kolkata
CLM0055363,KOL_04048,Garia,2025-09-24,21,0,0,0,0,0,0,0,0,0,0.0,0.17736,0,0.0,0,73,3,7,0.7836,0.0,GREEN,41,Kolkata
CLM0055364,KOL_00079,New Town,2022-09-13,20,0,0,0,0,1,0,0,0,0,0.0,0.043679,0,0.0,0,241,1,1,0.67,0.093,GREEN,22,Kolkata
CLM0055365,KOL_05692,Howrah,2023-03-16,8,0,0,0,1,0,1,0,0,0,0.0,0.170298,0,0.0,0,173,0,4,0.8873,0.3286,YELLOW,18,Kolkata
CLM0055366,KOL_02167,Garia,2024-01-29,14,0,0,0,0,0,0,0,0,1,0.0,0.153679,1,0.0,0,420,3,5,0.3075,0.2352,GREEN,42,Kolkata
CLM0055367,KOL_03318,Howrah,2022-12-29,7,0,0,0,0,0,1,0,0,0,0.0,0.0,0,0.0,0,185,3,2,0.9304,0.1215,GREEN,48,Kolkata
CLM0055368,KOL_00389,Tollygunge,2022-12-23,17,0,0,0,0,0,0,0,0,0,1.0,0.971971,0,1.0,0,152,1,3,0.9082,0.0,GREEN,50,Kolkata
CLM0055369,KOL_01179,Howrah,2025-09-10,20,0,0,0,0,1,0,0,0,0,0.0,0.430322,0,0.0,0,203,3,6,0.98,0.1098,GREEN,18,Kolkata
CLM0055370,KOL_00258,Park Street,2022-06-25,18,0,0,0,0,0,0,0,0,0,0.0,1.0,0,0.0,0,49,0,4,0.2407,0.0617,GREEN,46,Kolkata
CLM0055371,KOL_08529,New Town,2024-10-19,9,0,0,0,0,0,0,0,0,0,1.0,0.025697,0,0.0,0,420,0,3,0.127,0.1478,GREEN,19,Kolkata
CLM0055372,KOL_07156,Dum Dum,2025-11-08,20,0,0,0,1,1,0,0,0,1,1.0,0.533825,0,1.0,0,23,3,18,0.1856,0.126,GREEN,35,Kolkata
CLM0055373,KOL_00971,Dum Dum,2023-06-20,17,0,0,0,0,0,1,0,0,0,0.0,0.249567,0,0.0,0,420,2,4,0.8143,0.2047,GREEN,19,Kolkata
CLM0055374,KOL_07577,Esplanade,2025-08-11,15,0,0,0,0,0,0,1,1,0,0.0,0.401168,0,0.0,0,232,1,4,0.753,0.1698,GREEN,27,Kolkata
CLM0055375,KOL_00693,New Town,2025-04-09,14,0,0,0,0,0,0,0,0,0,0.0,0.372996,0,0.0,0,349,2,0,0.7428,0.0,GREEN,42,Kolkata
CLM0055376,KOL_00180,Park Street,2025-12-23,21,0,0,0,0,0,0,0,0,0,0.0,0.222506,0,0.0,1,54,1,0,0.6406,0.0609,GREEN,18,Kolkata
CLM0055377,KOL_04756,Tollygunge,2025-02-03,14,0,0,0,0,0,0,0,0,0,0.0,0.178668,0,0.0,0,287,1,4,0.7369,0.0473,GREEN,39,Kolkata
CLM0055378,KOL_01058,Behala,2025-08-20,21,0,0,0,0,0,0,0,0,0,0.0,0.0,0,0.0,0,49,4,0,0.7157,0.0149,GREEN,25,Kolkata
CLM0055379,KOL_01840,Dum Dum,2025-07-12,13,0,0,0,0,0,0,0,0,0,0.0,0.009066,0,0.0,0,420,1,0,0.8605,0.0051,GREEN,44,Kolkata
CLM0055380,KOL_09163,Dum Dum,2024-12-29,10,0,0,0,0,0,1,1,1,1,1.0,0.981474,0,0.0,1,35,2,18,0.1184,0.0097,GREEN,37,Kolkata
CLM0055381,KOL_01809,Garia,2025-08-29,13,0,0,0,0,0,0,0,0,0,0.0,0.237628,0,0.0,0,277,2,1,0.5619,0.0619,GREEN,36,Kolkata
CLM0055382,KOL_01979,Park Street,2025-06-10,14,0,0,0,0,0,0,0,0,0,1.0,0.209593,0,0.0,0,123,4,4,0.8042,0.0809,GREEN,55,Kolkata
CLM0055383,KOL_00275,Park Street,2025-03-07,19,0,0,0,0,0,1,0,0,0,0.0,0.269208,0,0.0,0,420,2,3,0.838,0.1075,GREEN,53,Kolkata
CLM0055384,KOL_06579,Dum Dum,2025-10-27,17,0,1,1,0,0,0,0,0,0,1.0,1.0,0,0.0,0,420,0,2,0.361,0.1123,GREEN,42,Kolkata
CLM0055385,KOL_09274,Garia,2024-12-25,13,0,0,0,0,0,0,0,0,0,0.0,0.132648,0,0.0,0,407,1,1,0.5064,0.0149,GREEN,31,Kolkata
CLM0055386,KOL_05765,Dum Dum,2025-06-25,7,0,0,0,0,0,0,0,0,0,0.0,0.058878,0,0.0,0,394,2,0,0.6373,0.052,GREEN,41,Kolkata
CLM0055387,KOL_09046,Sealdah,2025-09-14,19,0,0,0,0,0,0,0,1,0,0.0,0.162294,0,0.0,0,309,0,2,0.9389,0.0831,GREEN,31,Kolkata
CLM0055388,KOL_02168,Esplanade,2025-01-08,16,0,0,0,0,0,0,0,0,1,0.0,0.319337,0,0.0,0,69,0,0,0.6992,0.1212,GREEN,43,Kolkata
CLM0055389,KOL_03085,Tollygunge,2023-11-24,9,0,0,0,0,0,1,0,0,0,0.0,0.959517,0,0.0,0,275,2,3,0.98,0.0401,GREEN,34,Kolkata
CLM0055390,KOL_00546,Dum Dum,2024-05-06,13,0,0,0,0,1,0,0,0,1,0.0,0.114379,0,0.0,0,27,4,5,0.98,0.2638,GREEN,18,Kolkata
CLM0055391,KOL_00410,Garia,2024-01-22,9,0,0,0,0,0,0,0,0,0,0.0,0.165773,0,0.0,0,117,3,9,0.9268,0.0709,GREEN,39,Kolkata
CLM0055392,KOL_05305,Dum Dum,2023-10-14,8,0,0,0,0,0,0,1,0,0,0.0,0.112276,0,0.0,0,91,2,5,0.9415,0.0012,GREEN,49,Kolkata
CLM0055393,KOL_01257,Salt Lake,2024-12-12,21,0,0,0,0,0,0,0,0,0,0.0,0.366346,0,0.0,0,167,1,2,0.8529,0.0,GREEN,31,Kolkata
CLM0055394,KOL_02794,Sealdah,2023-09-18,16,0,0,0,1,0,0,1,0,0,0.0,0.22329,0,0.0,0,420,3,5,0.651,0.2104,GREEN,28,Kolkata
CLM0055395,KOL_02807,New Town,2022-07-08,17,0,0,0,0,0,0,0,0,0,0.0,0.344825,1,0.0,0,237,0,3,0.8687,0.0565,GREEN,35,Kolkata
CLM0055396,KOL_01259,Howrah,2019-04-12,13,0,0,0,0,0,0,0,0,1,0.0,0.0,0,0.0,0,154,1,0,0.5393,0.0729,GREEN,34,Kolkata
CLM0055397,KOL_08703,Tollygunge,2018-01-27,8,0,0,0,0,1,1,0,0,0,0.0,0.180757,0,0.0,0,305,1,0,0.8865,0.2278,GREEN,43,Kolkata
CLM0055398,KOL_02598,Tollygunge,2023-12-13,14,0,1,1,0,0,0,0,0,0,0.0,0.280073,0,0.0,0,34,4,6,0.9435,0.0,GREEN,47,Kolkata
CLM0055399,KOL_04862,Garia,2023-06-10,21,0,0,0,0,0,0,0,1,0,0.0,0.0,0,1.0,0,33,4,3,0.5608,0.1064,GREEN,40,Kolkata
CLM0055400,KOL_03877,Garia,2023-02-15,10,0,0,0,0,0,1,0,0,0,0.0,0.140434,0,0.0,0,126,0,1,0.6508,0.1546,GREEN,38,Kolkata
CLM0055401,KOL_02048,New Town,2023-12-31,15,0,0,0,0,0,1,0,0,0,0.0,0.223927,0,0.0,0,44,4,0,0.5235,0.0999,GREEN,21,Kolkata
CLM0055402,KOL_01812,Dum Dum,2023-03-10,12,0,0,0,0,0,0,0,0,0,0.0,0.99943,0,0.0,0,114,4,1,0.2343,0.0798,GREEN,30,Kolkata
CLM0055403,KOL_03470,Howrah,2024-01-06,14,0,0,0,0,0,0,0,0,0,0.0,0.289326,0,0.0,0,420,0,0,0.6569,0.0135,GREEN,40,Kolkata
CLM0055404,KOL_07762,Dum Dum,2025-11-09,7,0,0,0,1,0,0,0,0,0,0.0,0.02008,0,0.0,0,25,0,0,0.98,0.1411,GREEN,51,Kolkata
CLM0055405,KOL_02982,Howrah,2023-12-31,9,0,0,0,0,0,0,0,0,0,0.0,0.385033,0,0.0,0,404,4,4,0.542,0.1168,GREEN,44,Kolkata
CLM0055406,KOL_08629,Sealdah,2024-10-12,13,0,0,0,0,0,0,0,0,0,0.0,0.157937,0,0.0,0,94,4,6,0.98,0.0,GREEN,41,Kolkata
CLM0055407,KOL_04337,Howrah,2023-08-04,20,0,0,0,0,0,0,0,0,0,0.0,0.130152,0,0.0,0,320,0,3,0.9064,0.0,GREEN,45,Kolkata
CLM0055408,KOL_04159,Tollygunge,2025-12-01,21,0,0,0,0,0,0,0,0,0,0.0,0.043818,0,0.0,0,170,0,1,0.958,0.0,GREEN,42,Kolkata
CLM0055409,KOL_08795,Park Street,2023-09-25,8,0,0,0,0,0,0,0,0,0,0.0,0.28119,0,0.0,0,293,3,6,0.8775,0.0137,GREEN,38,Kolkata
CLM0055410,KOL_05813,Behala,2025-09-19,21,0,0,0,0,0,0,0,0,0,0.0,0.363017,0,0.0,1,385,1,0,0.538,0.1053,GREEN,18,Kolkata
CLM0055411,KOL_02868,Sealdah,2022-09-13,15,0,0,0,0,0,1,0,0,0,0.0,0.20354,0,1.0,0,318,4,4,0.9675,0.2316,GREEN,33,Kolkata
CLM0055412,KOL_09807,Tollygunge,2021-08-20,16,0,0,0,0,0,0,0,0,1,0.0,0.280705,0,1.0,0,420,0,3,0.1886,0.1991,GREEN,51,Kolkata
CLM0055413,KOL_02850,Park Street,2024-12-08,17,0,0,0,1,0,0,0,0,0,0.0,0.088346,0,0.0,0,237,1,1,0.05,0.1822,GREEN,40,Kolkata
CLM0055414,KOL_09966,Salt Lake,2023-01-15,16,0,0,0,0,0,1,0,1,0,0.0,0.427407,0,0.0,0,149,0,2,0.8404,0.1369,GREEN,22,Kolkata
CLM0055415,KOL_02033,Esplanade,2018-10-09,13,0,0,0,0,0,0,0,0,0,0.0,0.390174,1,0.0,0,177,2,0,0.1161,0.0785,GREEN,23,Kolkata
CLM0055416,KOL_00373,Behala,2023-06-28,18,0,0,0,0,0,0,1,0,1,0.0,0.094368,0,0.0,0,49,0,2,0.0665,0.1992,GREEN,35,Kolkata
CLM0055417,KOL_00077,Dum Dum,2020-11-10,14,0,0,0,0,0,0,0,0,0,0.0,0.37145,0,0.0,0,106,0,5,0.05,0.1257,GREEN,45,Kolkata
CLM0055418,KOL_01575,Sealdah,2025-01-24,14,0,0,0,0,0,1,0,0,0,0.0,0.278708,0,0.0,0,420,3,3,0.7553,0.2831,GREEN,54,Kolkata
CLM0055419,KOL_07825,Behala,2017-06-21,7,0,0,0,0,0,0,0,0,0,0.0,0.240197,0,0.0,0,299,0,3,0.1633,0.0819,GREEN,31,Kolkata
CLM0055420,KOL_09352,Esplanade,2019-05-07,10,0,0,0,0,0,0,0,0,0,0.0,0.166571,0,0.0,0,92,3,0,0.4611,0.1337,GREEN,35,Kolkata
CLM0055421,KOL_00928,Tollygunge,2024-07-05,9,0,0,0,0,0,0,0,0,0,0.0,0.176842,0,0.0,0,53,2,0,0.7561,0.0522,GREEN,65,Kolkata
CLM0055422,KOL_06494,Garia,2025-09-10,14,0,0,0,0,0,0,0,0,0,0.0,0.153248,0,0.0,0,420,3,0,0.5663,0.0167,GREEN,31,Kolkata
CLM0055423,KOL_05100,Tollygunge,2023-07-19,14,0,0,0,0,0,0,0,0,0,0.0,0.289494,0,0.0,0,403,2,5,0.6422,0.0818,GREEN,38,Kolkata
CLM0055424,KOL_02507,New Town,2023-01-20,12,0,0,0,0,0,0,0,0,0,0.0,0.325036,0,0.0,0,38,0,5,0.6716,0.0072,GREEN,34,Kolkata
CLM0055425,KOL_07349,New Town,2023-02-25,12,0,0,0,0,0,0,0,0,0,0.0,0.197444,0,0.0,0,144,4,1,0.7371,0.0,GREEN,40,Kolkata
CLM0055426,KOL_06336,Tollygunge,2023-05-05,19,0,0,0,0,0,0,0,0,0,0.0,0.120233,0,0.0,0,403,2,2,0.9007,0.0,GREEN,19,Kolkata
CLM0055427,KOL_03518,Tollygunge,2023-12-27,18,0,0,0,0,0,0,0,0,0,0.0,0.0,0,0.0,0,420,3,3,0.7128,0.08,GREEN,35,Kolkata
CLM0055428,KOL_07810,Tollygunge,2023-04-03,8,0,0,0,0,0,0,0,0,0,1.0,1.0,0,1.0,0,118,2,0,0.6347,0.0167,GREEN,49,Kolkata
CLM0055429,KOL_07865,Sealdah,2022-08-02,7,0,0,0,0,0,0,0,1,0,0.0,0.34171,0,0.0,0,381,2,1,0.8184,0.0996,GREEN,44,Kolkata
CLM0055430,KOL_03842,Tollygunge,2025-12-27,8,0,0,0,0,0,0,0,0,0,1.0,0.008997,0,0.0,0,184,1,2,0.742,0.0306,GREEN,36,Kolkata
CLM0055431,KOL_00536,Garia,2022-10-27,8,0,0,0,1,1,0,0,0,0,0.0,0.022394,0,0.0,0,116,0,4,0.7583,0.3546,YELLOW,42,Kolkata
CLM0055432,KOL_05309,Behala,2019-06-26,12,0,0,0,0,0,0,0,0,0,0.0,0.29726,0,0.0,0,207,2,2,0.852,0.0,GREEN,51,Kolkata
CLM0055433,KOL_09505,Garia,2019-11-22,10,0,0,0,0,0,0,0,0,0,1.0,0.025775,0,0.0,0,34,3,0,0.6318,0.0712,GREEN,54,Kolkata
CLM0055434,KOL_06130,Garia,2022-05-06,12,0,0,0,0,0,0,0,0,0,0.0,0.103869,0,0.0,0,420,4,1,0.5102,0.0889,GREEN,30,Kolkata
CLM0055435,KOL_09551,Esplanade,2022-02-08,21,0,0,0,0,0,0,0,0,0,0.0,0.26575,0,0.0,0,420,0,3,0.851,0.0,GREEN,25,Kolkata
CLM0055436,KOL_09728,Esplanade,2019-02-01,20,0,0,0,0,0,0,0,0,0,0.0,0.043446,0,0.0,0,285,4,1,0.6179,0.0208,GREEN,39,Kolkata
CLM0055437,KOL_03805,Salt Lake,2024-11-29,7,0,0,0,0,0,0,0,0,0,0.0,0.201607,0,0.0,0,214,2,3,0.7737,0.0,GREEN,44,Kolkata
CLM0055438,KOL_01000,Tollygunge,2021-02-16,17,0,0,0,0,0,0,0,0,0,0.0,0.155214,0,0.0,0,68,3,4,0.9115,0.0405,GREEN,31,Kolkata
CLM0055439,KOL_00106,New Town,2018-05-31,8,0,0,0,0,0,0,1,0,0,0.0,0.177279,0,0.0,1,163,2,6,0.98,0.1541,GREEN,36,Kolkata
CLM0055440,KOL_06663,Dum Dum,2019-03-03,14,0,0,0,0,0,0,0,0,0,1.0,0.401326,0,0.0,0,313,1,2,0.4736,0.0936,GREEN,37,Kolkata
CLM0055441,KOL_08558,New Town,2021-12-20,7,0,0,0,0,0,0,0,0,0,0.0,0.366462,1,0.0,0,214,1,2,0.5305,0.098,GREEN,23,Kolkata
CLM0055442,KOL_01004,Dum Dum,2020-09-04,10,0,0,0,0,0,0,0,0,0,0.0,0.0,0,0.0,0,155,0,2,0.6411,0.0492,GREEN,24,Kolkata
CLM0055443,KOL_05426,Salt Lake,2024-04-09,20,0,0,0,0,0,0,0,0,0,0.0,0.057007,0,0.0,0,253,2,3,0.5722,0.0,GREEN,27,Kolkata
CLM0055444,KOL_01460,Salt Lake,2024-05-08,9,0,0,0,0,0,0,0,0,0,0.0,0.099155,0,0.0,0,232,1,6,0.0574,0.0432,GREEN,46,Kolkata
CLM0055445,KOL_07556,Garia,2022-10-22,20,0,0,0,0,0,1,0,0,0,0.0,0.46508,0,0.0,0,104,0,1,0.7206,0.1999,GREEN,35,Kolkata
CLM0055446,KOL_09655,Dum Dum,2022-03-15,10,0,0,0,0,0,0,0,0,0,0.0,0.409347,0,0.0,0,193,3,4,0.0532,0.0418,GREEN,30,Kolkata
CLM0055447,KOL_04228,Garia,2022-12-25,13,0,0,0,0,0,0,1,0,0,0.0,0.914788,0,0.0,0,311,4,2,0.98,0.11,GREEN,25,Kolkata
CLM0055448,KOL_02825,Park Street,2021-12-20,17,0,0,0,0,0,0,0,0,0,0.0,0.030581,0,0.0,1,246,0,3,0.6124,0.0,GREEN,46,Kolkata
CLM0055449,KOL_05159,Sealdah,2020-09-12,12,0,0,0,0,0,0,0,0,0,0.0,0.380058,0,0.0,1,169,2,0,0.8526,0.1565,GREEN,36,Kolkata
CLM0055450,KOL_06304,Tollygunge,2024-10-08,10,0,0,0,0,0,0,0,0,0,0.0,0.375321,0,1.0,0,157,3,0,0.7981,0.0509,GREEN,44,Kolkata
CLM0055451,KOL_04067,Park Street,2025-08-03,14,0,0,0,0,0,0,1,0,0,0.0,0.173311,0,0.0,0,176,3,3,0.1931,0.029,GREEN,18,Kolkata
CLM0055452,KOL_03081,Behala,2025-08-09,18,0,0,0,0,0,0,0,0,0,0.0,0.141403,0,0.0,0,75,1,3,0.7388,0.0247,GREEN,45,Kolkata
CLM0055453,KOL_09145,Salt Lake,2020-02-10,12,0,0,0,0,0,0,0,0,0,0.0,0.954916,1,0.0,0,9,1,0,0.485,0.0925,GREEN,28,Kolkata
CLM0055454,KOL_01907,Park Street,2020-06-05,9,0,0,0,0,0,0,0,0,0,0.0,0.278262,0,0.0,0,420,3,1,0.7946,0.0,GREEN,23,Kolkata
CLM0055455,KOL_06509,Park Street,2024-03-08,10,0,0,0,0,0,0,0,0,0,0.0,0.048521,0,0.0,0,395,1,2,0.1872,0.0416,GREEN,18,Kolkata
CLM0055456,KOL_05569,Sealdah,2021-10-24,9,0,0,0,0,0,0,0,0,0,0.0,0.101371,0,0.0,0,277,2,2,0.1036,0.0076,GREEN,32,Kolkata
CLM0055457,KOL_00397,Sealdah,2021-02-22,18,0,0,0,0,0,0,0,0,0,0.0,0.248517,0,0.0,0,259,3,6,0.5609,0.0811,GREEN,18,Kolkata
CLM0055458,KOL_01787,Salt Lake,2022-08-24,9,0,0,0,0,0,0,0,0,0,0.0,0.279158,0,0.0,0,27,4,0,0.6817,0.0421,GREEN,38,Kolkata
CLM0055459,KOL_09257,Behala,2025-12-05,20,0,0,0,0,0,0,0,1,0,0.0,0.242585,0,0.0,0,59,1,2,0.8244,0.0529,GREEN,41,Kolkata
CLM0055460,KOL_00766,Sealdah,2022-12-02,17,0,0,0,0,0,0,0,0,0,0.0,0.084712,0,0.0,0,420,1,5,0.8833,0.0247,GREEN,21,Kolkata
CLM0055461,KOL_02670,Salt Lake,2024-01-13,12,0,0,0,0,0,0,1,0,0,0.0,0.089027,0,0.0,0,420,3,2,0.8242,0.043,GREEN,31,Kolkata
CLM0055462,KOL_02748,Howrah,2025-11-27,18,0,0,0,0,0,0,0,0,0,0.0,0.190554,0,0.0,0,86,3,2,0.7635,0.0905,GREEN,37,Kolkata
CLM0055463,KOL_01685,Tollygunge,2020-01-17,12,0,0,0,0,0,0,0,0,0,0.0,0.33503,0,0.0,0,108,1,0,0.98,0.0,GREEN,35,Kolkata
CLM0055464,KOL_07869,Esplanade,2020-05-04,19,0,0,0,0,0,0,0,0,0,0.0,0.151206,0,0.0,0,420,3,5,0.7146,0.0,GREEN,27,Kolkata
CLM0055465,KOL_06577,Salt Lake,2024-07-17,8,0,0,0,0,0,0,0,0,0,0.0,0.439877,0,0.0,0,218,4,3,0.487,0.0653,GREEN,34,Kolkata
CLM0055466,KOL_01006,New Town,2020-05-25,7,0,0,0,0,0,0,0,0,0,0.0,0.282357,0,0.0,0,8,1,2,0.957,0.024,GREEN,41,Kolkata
CLM0055467,KOL_07840,Tollygunge,2022-02-24,14,0,0,0,1,0,0,0,0,0,0.0,0.222317,0,0.0,0,77,0,2,0.6925,0.1794,GREEN,37,Kolkata
CLM0055468,KOL_05560,Sealdah,2023-02-09,12,0,0,0,0,0,0,0,0,0,0.0,0.15765,0,0.0,0,420,1,2,0.9159,0.0457,GREEN,51,Kolkata
CLM0055469,KOL_08116,Dum Dum,2023-01-25,11,0,0,0,1,1,1,1,0,1,1.0,0.946232,1,0.0,0,5,4,18,0.1803,0.0649,GREEN,46,Kolkata
CLM0055470,KOL_04601,Garia,2025-03-07,13,0,0,0,0,0,0,0,0,0,0.0,0.434883,0,0.0,0,325,0,0,0.9179,0.0,GREEN,41,Kolkata
CLM0055471,KOL_05189,Garia,2022-06-27,8,0,0,0,0,0,0,0,0,0,0.0,0.260666,0,0.0,0,297,1,0,0.8427,0.0979,GREEN,31,Kolkata
CLM0055472,KOL_07685,Sealdah,2023-07-23,10,0,0,0,0,0,0,0,0,0,0.0,0.407213,0,0.0,0,47,2,5,0.3084,0.0085,GREEN,39,Kolkata
CLM0055473,KOL_08487,Dum Dum,2022-06-26,14,0,0,0,0,0,0,0,0,0,0.0,0.17285,0,0.0,0,420,0,0,0.9508,0.0812,GREEN,41,Kolkata
CLM0055474,KOL_05552,Park Street,2024-03-17,7,0,0,0,0,0,0,0,1,0,0.0,0.209455,0,0.0,0,420,4,6,0.6391,0.0809,GREEN,30,Kolkata
CLM0055475,KOL_05408,Behala,2025-01-22,13,0,0,0,0,0,0,0,0,0,0.0,0.054101,0,0.0,0,256,3,1,0.6965,0.0,GREEN,35,Kolkata
CLM0055476,KOL_07758,New Town,2024-04-21,16,0,0,0,0,0,0,0,0,0,0.0,0.072797,0,0.0,0,385,3,0,0.6673,0.0293,GREEN,34,Kolkata
CLM0055477,KOL_06976,Howrah,2023-07-27,21,0,0,0,0,0,0,0,1,0,1.0,0.328463,0,0.0,0,120,4,0,0.1388,0.1468,GREEN,26,Kolkata
CLM0055478,KOL_02905,Sealdah,2025-06-22,7,0,0,0,0,1,0,0,0,0,0.0,0.384092,0,0.0,0,171,4,2,0.2227,0.2403,GREEN,47,Kolkata
CLM0055479,KOL_09922,Behala,2024-10-23,11,0,0,0,0,0,0,0,0,0,0.0,0.355087,0,0.0,0,262,1,0,0.5673,0.0,GREEN,31,Kolkata
CLM0055480,KOL_02755,Park Street,2025-03-28,15,0,0,0,0,1,0,0,0,0,0.0,0.168252,0,0.0,0,193,4,2,0.4472,0.0941,GREEN,37,Kolkata
CLM0055481,KOL_00008,Behala,2025-03-06,19,0,0,0,0,0,0,0,0,1,1.0,0.264875,1,0.0,0,395,0,1,0.7914,0.2454,GREEN,31,Kolkata
CLM0055482,KOL_06673,Park Street,2025-04-10,8,0,0,0,0,0,0,0,1,0,0.0,0.051703,0,0.0,0,118,0,4,0.8912,0.0657,GREEN,33,Kolkata
CLM0055483,KOL_08786,Sealdah,2025-10-28,13,0,0,0,1,0,0,0,0,0,0.0,0.257162,0,0.0,0,80,2,2,0.6106,0.194,GREEN,39,Kolkata
CLM0055484,KOL_04141,New Town,2025-01-13,9,0,0,0,0,0,1,0,0,0,1.0,0.975719,0,1.0,0,39,4,4,0.792,0.2206,GREEN,38,Kolkata
CLM0055485,KOL_07120,New Town,2022-11-19,8,0,0,0,0,0,0,0,0,0,0.0,1.0,0,1.0,0,288,3,2,0.98,0.071,GREEN,50,Kolkata
CLM0055486,KOL_06096,Dum Dum,2022-01-06,11,0,0,0,0,1,0,0,0,0,0.0,0.265201,0,0.0,0,34,1,4,0.8112,0.1532,GREEN,45,Kolkata
CLM0055487,KOL_00814,New Town,2021-11-30,17,0,0,0,0,0,0,0,0,1,0.0,0.384267,0,0.0,0,266,3,1,0.1703,0.1656,GREEN,18,Kolkata
CLM0055488,KOL_06080,Sealdah,2024-05-22,13,0,0,0,1,1,0,1,1,1,1.0,0.392663,0,1.0,0,25,3,18,0.257,0.0811,GREEN,29,Kolkata
CLM0055489,KOL_07520,Garia,2022-02-22,21,0,0,0,0,0,0,1,0,0,0.0,0.427249,0,0.0,0,29,1,0,0.7139,0.0,GREEN,58,Kolkata
CLM0055490,KOL_07008,Howrah,2025-08-09,11,0,0,0,0,0,0,0,0,0,0.0,0.212893,0,0.0,0,198,3,3,0.6988,0.0,GREEN,28,Kolkata
CLM0055491,KOL_09981,Howrah,2023-06-19,7,0,0,0,0,0,0,0,0,0,1.0,0.021128,0,0.0,0,214,3,3,0.7942,0.0313,GREEN,44,Kolkata
CLM0055492,KOL_06110,Tollygunge,2019-02-08,8,0,0,0,0,0,0,0,0,0,0.0,1.0,0,0.0,0,90,0,2,0.9534,0.0127,GREEN,46,Kolkata
CLM0055493,KOL_06597,Behala,2022-04-29,18,0,0,0,0,0,0,1,0,0,0.0,0.078256,0,0.0,0,377,4,5,0.7582,0.0105,GREEN,24,Kolkata
CLM0055494,KOL_03708,Howrah,2023-10-04,7,0,0,0,0,0,0,0,1,0,0.0,0.311046,0,0.0,0,420,3,2,0.9607,0.0581,GREEN,38,Kolkata
CLM0055495,KOL_07263,Garia,2021-05-24,19,0,0,0,0,0,0,0,0,0,1.0,0.109665,0,0.0,0,420,2,3,0.6847,0.0836,GREEN,26,Kolkata
CLM0055496,KOL_06312,Dum Dum,2024-09-26,18,0,0,0,1,0,0,0,0,0,0.0,0.065163,0,0.0,0,218,0,2,0.5572,0.1295,GREEN,27,Kolkata
CLM0055497,KOL_01508,Salt Lake,2024-10-24,20,0,0,0,1,0,0,0,0,0,0.0,0.311925,0,0.0,0,78,2,2,0.891,0.1949,GREEN,18,Kolkata
CLM0055498,KOL_01036,Behala,2024-09-23,15,0,0,0,1,0,0,1,0,0,0.0,1.0,0,0.0,0,391,1,0,0.8079,0.2099,GREEN,23,Kolkata
CLM0055499,KOL_09340,Garia,2025-01-07,18,0,0,0,0,0,0,0,0,0,1.0,0.0,1,0.0,0,420,3,0,0.5842,0.1224,GREEN,24,Kolkata
CLM0055500,KOL_01013,Esplanade,2025-10-03,11,0,0,0,0,0,0,0,0,0,0.0,0.312684,0,0.0,0,159,3,1,0.5222,0.0349,GREEN,33,Kolkata
CLM0055501,KOL_04500,Dum Dum,2024-11-21,21,0,0,0,0,0,0,0,0,0,0.0,0.199759,0,0.0,0,52,4,4,0.677,0.0051,GREEN,43,Kolkata
CLM0055502,KOL_06502,Salt Lake,2023-10-23,16,0,0,0,0,0,0,0,0,0,0.0,0.296552,0,0.0,0,143,1,5,0.98,0.0,GREEN,27,Kolkata
CLM0055503,KOL_04354,Behala,2024-07-04,11,0,0,0,1,1,0,1,0,1,1.0,1.0,0,0.0,1,5,4,18,0.824,0.0,GREEN,19,Kolkata
CLM0055504,KOL_02793,Garia,2024-09-26,12,0,0,0,0,0,0,0,0,0,0.0,0.000186,0,0.0,0,86,0,2,0.7597,0.0,GREEN,37,Kolkata
CLM0055505,KOL_06129,Dum Dum,2024-10-08,15,0,0,0,0,0,0,0,0,0,0.0,0.484836,0,0.0,0,420,0,0,0.05,0.0592,GREEN,30,Kolkata
CLM0055506,KOL_05049,New Town,2024-05-27,20,0,0,0,0,0,0,0,0,0,0.0,0.104836,0,0.0,0,43,0,2,0.6167,0.0,GREEN,40,Kolkata
CLM0055507,KOL_03689,Dum Dum,2025-04-17,15,0,1,1,1,1,0,0,0,0,0.0,0.056182,0,0.0,0,40,0,1,0.8687,0.2391,GREEN,33,Kolkata
CLM0055508,KOL_02325,Dum Dum,2025-04-25,9,0,0,0,0,0,0,0,0,0,0.0,0.130225,0,0.0,0,154,2,0,0.7949,0.0,GREEN,36,Kolkata
CLM0055509,KOL_04573,Sealdah,2025-08-22,11,0,0,0,0,0,1,0,0,0,0.0,0.296535,0,0.0,0,420,0,6,0.4722,0.0453,GREEN,23,Kolkata
CLM0055510,KOL_05792,Behala,2024-04-02,19,0,0,0,0,0,0,0,0,0,0.0,0.038386,0,0.0,0,275,3,2,0.5206,0.0511,GREEN,32,Kolkata
CLM0055511,KOL_07410,Esplanade,2023-07-26,12,0,0,0,0,0,0,0,0,0,0.0,0.010879,0,0.0,0,367,1,0,0.7894,0.0,GREEN,29,Kolkata
CLM0055512,KOL_04216,Tollygunge,2023-04-24,15,0,0,0,0,0,0,0,0,0,0.0,0.180193,0,1.0,0,111,0,0,0.8482,0.0459,GREEN,40,Kolkata
CLM0055513,KOL_00203,Garia,2023-07-24,7,0,0,0,0,0,0,0,0,0,0.0,0.942323,0,1.0,0,169,0,3,0.98,0.019,GREEN,36,Kolkata
CLM0055514,KOL_00735,Howrah,2025-07-29,16,0,0,0,0,0,0,0,0,0,0.0,0.08387,0,0.0,0,148,4,0,0.735,0.0,GREEN,38,Kolkata
CLM0055515,KOL_01551,Garia,2024-01-23,11,0,0,0,0,0,0,1,0,0,0.0,0.967788,0,0.0,0,124,4,2,0.6715,0.0,GREEN,29,Kolkata
CLM0055516,KOL_00788,Behala,2024-08-18,10,0,1,1,0,1,1,1,1,1,1.0,1.0,0,1.0,0,5,2,18,0.1094,0.6585,RED,41,Kolkata
CLM0055517,KOL_02461,New Town,2023-03-02,16,0,1,1,0,0,0,0,0,0,0.0,0.184948,0,0.0,0,6,2,1,0.8022,0.4098,YELLOW,25,Kolkata
CLM0055518,KOL_00628,Sealdah,2023-08-30,20,0,1,1,1,0,0,1,1,1,0.0,0.045732,1,0.0,0,5,1,18,0.8599,0.6731,RED,42,Kolkata
CLM0055519,KOL_06116,Dum Dum,2025-07-26,8,0,1,1,1,1,1,1,0,0,1.0,0.958171,1,1.0,1,18,1,18,0.811,0.6306,RED,42,Kolkata
CLM0055520,KOL_06226,Behala,2021-08-30,19,0,1,1,1,0,1,1,1,1,1.0,0.059132,1,1.0,0,27,0,18,0.247,0.7882,RED,35,Kolkata
CLM0055521,KOL_06856,Esplanade,2022-08-18,10,0,1,1,1,0,1,0,1,1,0.0,0.63643,0,0.0,1,5,0,18,0.8454,0.6695,RED,18,Kolkata
CLM0055522,KOL_04093,Howrah,2021-09-17,13,0,1,1,1,0,1,1,1,0,0.0,0.100714,1,0.0,1,20,2,18,0.8889,0.7376,RED,54,Kolkata
CLM0055523,KOL_05748,Behala,2023-04-04,10,0,1,1,1,0,1,1,1,0,0.0,0.098783,0,0.0,0,5,0,18,0.9205,0.5505,YELLOW,53,Kolkata
CLM0055524,KOL_01838,Esplanade,2025-04-22,17,0,1,1,0,0,0,0,0,0,0.0,0.066196,0,0.0,0,103,1,0,0.6645,0.3093,GREEN,44,Kolkata
CLM0055525,KOL_01226,Salt Lake,2024-02-25,14,0,1,1,0,0,1,1,1,0,0.0,0.038376,1,0.0,1,10,1,15,0.9171,0.5398,YELLOW,35,Kolkata
CLM0055526,KOL_06436,Dum Dum,2025-10-08,14,0,1,1,1,1,1,1,1,0,1.0,0.962253,1,1.0,1,5,1,18,0.98,0.8785,RED,46,Kolkata
CLM0055527,KOL_01714,Sealdah,2025-04-16,19,0,1,1,1,0,0,0,1,1,0.0,0.174609,1,0.0,0,41,2,18,0.8344,0.5501,YELLOW,44,Kolkata
CLM0055528,KOL_01476,Dum Dum,2019-07-29,12,0,1,1,1,1,0,1,1,0,1.0,1.0,0,1.0,1,5,1,18,0.174,0.6288,RED,49,Kolkata
CLM0055529,KOL_06610,Esplanade,2023-10-28,12,0,1,1,1,1,0,1,1,0,0.0,0.166326,1,0.0,1,10,0,18,0.9615,0.7864,RED,36,Kolkata
CLM0055530,KOL_04432,New Town,2024-06-19,20,0,0,0,1,1,1,1,1,0,0.0,1.0,1,0.0,1,5,4,18,0.2733,0.0743,GREEN,37,Kolkata
CLM0055531,KOL_03123,Garia,2024-06-18,13,0,0,0,0,0,1,0,1,0,0.0,0.124545,0,0.0,0,420,1,1,0.5025,0.1981,GREEN,32,Kolkata
CLM0055532,KOL_00406,Howrah,2023-09-15,16,0,0,0,0,0,0,0,0,0,0.0,0.297305,0,0.0,0,308,0,0,0.7971,0.0,GREEN,47,Kolkata
CLM0055533,KOL_09098,Dum Dum,2025-02-09,12,0,0,0,0,0,0,0,0,0,0.0,0.073758,0,0.0,0,296,4,1,0.8217,0.0043,GREEN,43,Kolkata
CLM0055534,KOL_09061,Garia,2023-05-17,16,0,0,0,0,0,0,0,0,0,0.0,0.088916,0,1.0,0,270,0,6,0.0861,0.0,GREEN,36,Kolkata
CLM0055535,KOL_04722,Garia,2024-02-19,15,0,0,0,1,1,1,1,0,0,0.0,0.0,0,0.0,1,5,0,18,0.5372,0.3413,YELLOW,34,Kolkata
CLM0055536,KOL_08616,Behala,2024-11-26,21,0,0,0,0,0,0,0,0,0,0.0,0.247895,0,0.0,0,95,4,6,0.7725,0.0,GREEN,34,Kolkata
CLM0055537,KOL_04465,Esplanade,2024-02-28,21,0,0,0,0,1,0,0,0,0,1.0,0.185757,0,0.0,0,259,3,4,0.96,0.1859,GREEN,26,Kolkata
CLM0055538,KOL_05635,Tollygunge,2024-03-30,12,0,1,1,0,0,0,0,0,1,0.0,0.21776,0,0.0,0,105,3,10,0.8947,0.1691,GREEN,28,Kolkata
CLM0055539,KOL_08745,Sealdah,2024-07-04,10,0,0,0,0,0,0,0,0,0,0.0,0.199324,0,0.0,0,215,1,4,0.0906,0.0,GREEN,49,Kolkata
CLM0055540,KOL_04279,Garia,2024-06-07,21,0,0,0,0,0,0,0,0,0,0.0,0.241874,0,0.0,0,41,1,0,0.7839,0.0144,GREEN,49,Kolkata
CLM0055541,KOL_04471,New Town,2025-11-29,10,0,0,0,0,0,0,1,0,0,0.0,0.081555,0,0.0,0,52,0,3,0.98,0.1671,GREEN,46,Kolkata
CLM0055542,KOL_07514,Tollygunge,2025-03-23,18,0,0,0,0,0,0,0,0,0,0.0,0.158897,0,0.0,0,420,1,3,0.7332,0.0,GREEN,43,Kolkata
CLM0055543,KOL_03114,Tollygunge,2025-02-14,20,0,0,0,0,0,0,0,0,0,0.0,0.101827,0,0.0,0,384,3,4,0.8212,0.0337,GREEN,43,Kolkata
CLM0055544,KOL_05622,Park Street,2024-04-28,10,0,1,1,0,0,0,0,0,0,0.0,0.310122,0,0.0,0,189,1,4,0.7338,0.0,GREEN,50,Kolkata
CLM0055545,KOL_05554,Salt Lake,2025-04-27,9,0,0,0,1,1,0,0,1,1,1.0,0.08996,1,1.0,1,9,4,18,0.8225,0.2903,GREEN,48,Kolkata
CLM0055546,KOL_05360,Esplanade,2018-02-10,19,0,0,0,0,0,0,0,0,0,1.0,0.120257,0,0.0,0,101,0,4,0.9324,0.0637,GREEN,23,Kolkata
CLM0055547,KOL_04326,Behala,2018-03-19,12,0,0,0,0,0,0,0,0,0,0.0,0.204515,0,0.0,0,378,3,0,0.8553,0.0146,GREEN,26,Kolkata
CLM0055548,KOL_06807,New Town,2020-05-15,10,0,0,0,0,0,1,0,0,0,0.0,0.117594,0,0.0,0,331,4,1,0.6886,0.1406,GREEN,27,Kolkata
CLM0055549,KOL_08935,Park Street,2023-07-09,14,0,0,0,0,0,0,0,0,0,0.0,0.455177,0,0.0,0,82,4,5,0.6645,0.0458,GREEN,24,Kolkata
CLM0055550,KOL_04018,Garia,2018-08-13,21,0,0,0,0,0,0,0,0,0,0.0,0.186954,0,0.0,0,254,1,0,0.7131,0.0245,GREEN,45,Kolkata
CLM0055551,KOL_03403,Dum Dum,2016-09-13,9,0,0,0,0,0,0,0,0,0,0.0,0.025321,0,0.0,0,248,3,6,0.483,0.0,GREEN,59,Kolkata
CLM0055552,KOL_00091,Tollygunge,2025-12-22,11,0,0,0,0,0,0,0,0,1,0.0,0.243599,0,0.0,0,420,3,3,0.98,0.1358,GREEN,49,Kolkata
CLM0055553,KOL_07350,New Town,2019-03-17,7,0,0,0,0,0,0,0,0,0,0.0,0.246342,0,0.0,0,128,1,0,0.3211,0.0492,GREEN,26,Kolkata
CLM0055554,KOL_08789,Howrah,2019-05-04,16,0,0,0,0,0,0,1,0,0,0.0,0.324966,0,0.0,0,125,1,4,0.8552,0.0779,GREEN,30,Kolkata
CLM0055555,KOL_01851,Salt Lake,2021-09-28,16,0,0,0,0,0,0,1,1,0,0.0,0.202959,0,0.0,0,420,0,3,0.6249,0.1222,GREEN,44,Kolkata
CLM0055556,KOL_06193,Tollygunge,2025-09-30,11,0,0,0,0,0,0,1,1,0,0.0,0.210616,0,0.0,0,71,2,4,0.7721,0.1328,GREEN,24,Kolkata
CLM0055557,KOL_00180,Park Street,2021-09-01,14,0,0,0,0,0,0,0,0,0,0.0,0.075676,0,0.0,0,130,2,2,0.8003,0.0132,GREEN,18,Kolkata
CLM0055558,KOL_03571,Howrah,2024-02-09,7,0,0,0,0,0,0,0,0,0,0.0,0.389619,0,0.0,0,155,0,0,0.5558,0.0,GREEN,49,Kolkata
CLM0055559,KOL_03874,Howrah,2020-02-01,7,0,0,0,0,0,0,0,0,0,0.0,0.224409,1,0.0,1,251,3,3,0.7815,0.2425,GREEN,31,Kolkata
CLM0055560,KOL_00872,Esplanade,2019-04-19,13,0,1,1,0,0,0,0,0,0,0.0,0.0,0,0.0,0,280,2,3,0.052,0.0,GREEN,21,Kolkata
CLM0055561,KOL_09361,Howrah,2025-05-31,20,0,0,0,0,0,0,0,0,0,0.0,0.27812,0,0.0,0,274,1,1,0.5082,0.0737,GREEN,20,Kolkata
CLM0055562,KOL_01250,Esplanade,2025-06-05,7,0,0,0,0,0,0,0,0,0,0.0,0.191195,0,0.0,0,328,4,2,0.98,0.1028,GREEN,37,Kolkata
CLM0055563,KOL_06151,Salt Lake,2020-05-19,16,0,0,0,0,0,0,0,1,0,0.0,0.173955,0,0.0,0,383,2,2,0.98,0.1531,GREEN,24,Kolkata
CLM0055564,KOL_07635,New Town,2018-07-14,15,0,0,0,0,0,0,0,0,0,0.0,0.353986,0,0.0,0,205,0,3,0.05,0.0725,GREEN,44,Kolkata
CLM0055565,KOL_01014,Sealdah,2020-10-01,12,0,0,0,0,0,0,1,0,0,0.0,0.932356,0,0.0,0,316,3,0,0.7087,0.0021,GREEN,61,Kolkata
CLM0055566,KOL_02598,Tollygunge,2024-04-09,17,0,0,0,0,0,0,0,1,0,0.0,0.089289,0,0.0,0,420,4,0,0.76,0.2016,GREEN,47,Kolkata
CLM0055567,KOL_00483,Dum Dum,2025-01-01,7,0,0,0,0,0,0,0,0,0,0.0,0.446168,0,0.0,0,293,4,0,0.3915,0.0134,GREEN,48,Kolkata
CLM0055568,KOL_04464,Park Street,2025-12-16,19,0,0,0,1,1,0,1,1,1,0.0,0.142013,1,0.0,0,9,1,18,0.9324,0.0,GREEN,35,Kolkata
CLM0055569,KOL_05469,Salt Lake,2024-02-25,16,0,0,0,0,0,0,0,0,0,0.0,0.077483,0,0.0,0,87,3,1,0.6917,0.0304,GREEN,42,Kolkata
CLM0055570,KOL_01749,Esplanade,2022-11-08,18,0,0,0,0,0,0,0,0,0,0.0,0.154496,0,0.0,0,332,2,0,0.6625,0.1005,GREEN,25,Kolkata
CLM0055571,KOL_01234,Behala,2022-09-12,21,0,0,0,0,0,0,0,0,0,1.0,0.372081,0,0.0,0,251,4,5,0.9486,0.1022,GREEN,31,Kolkata
CLM0055572,KOL_08435,Tollygunge,2018-03-12,19,0,0,0,0,0,0,0,0,0,0.0,0.110979,0,0.0,0,23,2,2,0.6349,0.0694,GREEN,37,Kolkata
CLM0055573,KOL_04663,New Town,2025-08-27,18,0,0,0,0,0,0,0,1,0,0.0,0.440219,0,0.0,0,26,3,1,0.565,0.1539,GREEN,52,Kolkata
CLM0055574,KOL_00356,Park Street,2023-04-25,21,0,0,0,1,0,0,0,0,0,0.0,0.067737,0,1.0,0,391,3,2,0.05,0.0639,GREEN,37,Kolkata
CLM0055575,KOL_04581,Sealdah,2023-10-30,15,0,0,0,0,0,0,0,0,0,0.0,0.158396,0,0.0,0,313,2,0,0.8276,0.1117,GREEN,50,Kolkata
CLM0055576,KOL_00314,Dum Dum,2023-11-24,8,0,0,0,0,0,0,0,1,0,0.0,0.155417,0,0.0,0,222,0,6,0.7567,0.1043,GREEN,42,Kolkata
CLM0055577,KOL_00029,Salt Lake,2021-10-31,9,0,0,0,0,0,0,0,0,0,0.0,0.050641,0,0.0,0,158,2,0,0.5061,0.0004,GREEN,50,Kolkata
CLM0055578,KOL_07094,Sealdah,2023-09-12,11,0,0,0,0,1,0,1,0,1,0.0,1.0,1,1.0,1,18,2,11,0.6287,0.0661,GREEN,22,Kolkata
CLM0055579,KOL_08564,Esplanade,2021-06-15,17,0,0,0,0,0,0,0,0,0,0.0,0.014107,0,1.0,0,420,3,2,0.5821,0.064,GREEN,43,Kolkata
CLM0055580,KOL_06011,Salt Lake,2023-01-12,11,0,0,0,0,0,0,0,0,0,0.0,0.024504,0,0.0,0,420,1,5,0.7846,0.0172,GREEN,47,Kolkata
CLM0055581,KOL_05524,Salt Lake,2025-04-13,12,0,0,0,0,0,0,0,0,0,0.0,0.081853,0,0.0,0,134,4,0,0.98,0.0,GREEN,28,Kolkata
CLM0055582,KOL_09812,Sealdah,2025-05-30,16,0,0,0,0,0,0,0,0,0,0.0,0.055992,0,0.0,0,167,4,1,0.6217,0.0,GREEN,37,Kolkata
CLM0055583,KOL_01252,Behala,2024-11-03,7,0,0,0,0,0,0,0,1,0,0.0,0.075532,0,0.0,0,149,4,0,0.6912,0.1133,GREEN,18,Kolkata
CLM0055584,KOL_01620,Garia,2025-03-19,9,0,0,0,0,0,0,0,0,0,0.0,0.147573,0,0.0,0,167,2,1,0.7382,0.1267,GREEN,22,Kolkata
CLM0055585,KOL_07791,Sealdah,2025-06-06,17,0,0,0,0,0,0,0,0,0,0.0,0.0,0,0.0,0,119,4,3,0.8639,0.0254,GREEN,28,Kolkata
CLM0055586,KOL_03249,New Town,2024-05-02,12,0,0,0,0,0,0,0,0,0,0.0,0.146098,0,0.0,0,59,3,4,0.7054,0.0,GREEN,33,Kolkata
CLM0055587,KOL_09133,Behala,2025-09-02,10,0,0,0,0,0,1,0,0,0,0.0,0.0,0,0.0,0,291,4,4,0.887,0.1256,GREEN,52,Kolkata
CLM0055588,KOL_08619,Behala,2023-12-06,19,0,0,0,0,0,1,0,0,0,0.0,0.283272,0,0.0,0,71,3,3,0.8063,0.0291,GREEN,39,Kolkata
CLM0055589,KOL_02050,Tollygunge,2025-02-08,9,0,0,0,0,0,1,0,0,0,0.0,0.168544,0,0.0,0,105,0,4,0.98,0.0143,GREEN,45,Kolkata
CLM0055590,KOL_09747,Esplanade,2024-07-30,20,0,0,0,1,0,0,0,0,0,0.0,0.254497,0,0.0,0,263,1,2,0.1615,0.0901,GREEN,33,Kolkata
CLM0055591,KOL_06683,Dum Dum,2025-11-09,12,0,0,0,0,0,0,0,0,0,1.0,1.0,0,1.0,0,312,4,6,0.6261,0.0,GREEN,31,Kolkata
CLM0055592,KOL_08032,Sealdah,2025-08-11,19,0,0,0,0,0,0,0,0,0,0.0,0.126451,0,0.0,0,108,1,0,0.783,0.0181,GREEN,38,Kolkata
CLM0055593,KOL_05756,New Town,2024-01-01,8,0,0,0,0,0,0,0,0,0,0.0,0.192915,0,0.0,0,106,4,1,0.05,0.0741,GREEN,36,Kolkata
CLM0055594,KOL_07647,Salt Lake,2021-01-27,20,0,0,0,0,0,0,0,0,0,0.0,0.112685,0,0.0,0,199,4,0,0.05,0.0,GREEN,41,Kolkata
CLM0055595,KOL_02877,Esplanade,2025-11-22,20,0,0,0,0,0,0,0,0,0,0.0,0.207911,0,0.0,0,420,4,0,0.5258,0.0115,GREEN,34,Kolkata
CLM0055596,KOL_02219,Salt Lake,2019-03-31,9,0,0,0,0,0,0,1,1,0,0.0,0.379196,0,0.0,0,136,3,5,0.7972,0.0923,GREEN,50,Kolkata
CLM0055597,KOL_01733,Tollygunge,2020-04-10,21,0,0,0,1,0,0,0,0,0,0.0,0.143079,0,0.0,0,25,0,1,0.05,0.1186,GREEN,25,Kolkata
CLM0055598,KOL_04471,New Town,2025-04-23,11,0,0,0,0,0,0,0,0,0,1.0,0.987013,0,1.0,0,420,4,3,0.5145,0.0,GREEN,46,Kolkata
CLM0055599,KOL_08279,Behala,2024-03-17,9,0,0,0,0,0,0,0,1,0,0.0,0.305136,0,0.0,0,352,3,3,0.665,0.1106,GREEN,47,Kolkata
CLM0055600,KOL_06718,Salt Lake,2018-12-15,18,0,0,0,0,0,0,0,0,0,0.0,0.066371,0,1.0,0,400,0,4,0.5912,0.0,GREEN,44,Kolkata
CLM0055601,KOL_09475,Behala,2022-07-31,17,0,0,0,0,0,0,0,0,0,0.0,0.298114,0,0.0,0,71,3,3,0.6118,0.0,GREEN,57,Kolkata
CLM0055602,KOL_07035,Behala,2023-05-18,21,0,0,0,0,0,1,0,0,0,0.0,1.0,0,0.0,0,420,3,0,0.6621,0.0785,GREEN,48,Kolkata
CLM0055603,KOL_06460,Behala,2018-10-12,20,0,0,0,0,0,0,0,0,0,0.0,0.112838,0,0.0,0,171,4,4,0.6462,0.0016,GREEN,41,Kolkata
CLM0055604,KOL_08284,Dum Dum,2023-04-21,15,0,0,0,0,0,0,0,0,0,0.0,0.22326,0,0.0,0,63,1,3,0.8259,0.0,GREEN,40,Kolkata
CLM0055605,KOL_05836,Esplanade,2023-11-07,12,0,0,0,0,0,1,0,0,0,0.0,0.146336,0,1.0,0,91,1,2,0.9683,0.1768,GREEN,47,Kolkata
CLM0055606,KOL_02135,Park Street,2021-04-12,17,0,0,0,0,0,0,0,1,0,0.0,0.15509,0,0.0,0,420,1,0,0.9601,0.1019,GREEN,28,Kolkata
CLM0055607,KOL_09743,Salt Lake,2020-03-19,18,0,0,0,0,0,0,0,0,0,0.0,0.315391,0,0.0,0,356,0,0,0.6048,0.0121,GREEN,47,Kolkata
CLM0055608,KOL_05448,Tollygunge,2023-05-02,9,0,0,0,1,0,0,0,0,0,0.0,0.062501,0,0.0,0,403,3,0,0.05,0.2319,GREEN,44,Kolkata
CLM0055609,KOL_05831,Park Street,2021-04-10,17,0,0,0,1,1,1,1,1,1,1.0,0.993909,0,1.0,0,12,0,18,0.087,0.0329,GREEN,19,Kolkata
CLM0055610,KOL_05615,Dum Dum,2025-03-20,7,0,0,0,0,0,0,0,0,0,0.0,0.096027,0,0.0,1,376,4,0,0.8644,0.0,GREEN,48,Kolkata
CLM0055611,KOL_03538,Park Street,2025-06-02,13,0,0,0,0,0,0,0,0,0,0.0,0.00721,0,0.0,0,162,3,6,0.98,0.0,GREEN,27,Kolkata
CLM0055612,KOL_00013,Salt Lake,2025-04-01,14,0,0,0,0,0,0,0,0,0,1.0,0.22064,0,0.0,1,396,1,0,0.0777,0.0903,GREEN,52,Kolkata
CLM0055613,KOL_04567,Salt Lake,2025-12-05,7,0,0,0,0,1,0,0,0,0,0.0,0.388188,0,0.0,0,420,0,1,0.7542,0.1753,GREEN,38,Kolkata
CLM0055614,KOL_05571,Esplanade,2024-06-04,9,0,0,0,0,1,1,0,1,1,0.0,0.198822,0,0.0,0,31,0,1,0.7346,0.5417,YELLOW,23,Kolkata
CLM0055615,KOL_00958,Howrah,2025-10-10,20,0,0,0,0,0,0,0,0,0,0.0,0.28687,0,0.0,0,332,1,4,0.823,0.0,GREEN,26,Kolkata
CLM0055616,KOL_09063,Salt Lake,2024-07-09,18,0,0,0,0,0,0,0,0,0,0.0,0.233259,1,0.0,0,249,1,0,0.5205,0.108,GREEN,47,Kolkata
CLM0055617,KOL_07384,Behala,2024-12-12,21,0,0,0,0,0,1,0,0,0,0.0,0.304805,0,0.0,0,286,2,2,0.6246,0.0906,GREEN,50,Kolkata
CLM0055618,KOL_04399,Sealdah,2020-02-15,13,0,0,0,0,0,0,0,0,0,0.0,0.311067,0,0.0,0,45,1,2,0.5613,0.0652,GREEN,49,Kolkata
CLM0055619,KOL_02881,Salt Lake,2025-05-21,9,0,0,0,0,0,0,0,0,0,0.0,0.305031,0,0.0,0,420,0,1,0.7929,0.0,GREEN,52,Kolkata
CLM0055620,KOL_09130,Dum Dum,2021-10-27,19,0,0,0,0,0,0,0,0,0,0.0,1.0,0,0.0,0,391,4,7,0.6629,0.1221,GREEN,18,Kolkata
CLM0055621,KOL_08885,Sealdah,2023-07-20,15,0,0,0,0,0,1,0,0,0,0.0,0.199567,0,0.0,0,420,4,0,0.6082,0.0741,GREEN,38,Kolkata
CLM0055622,KOL_02862,Garia,2017-12-29,12,0,0,0,0,0,0,0,0,0,0.0,0.467866,0,0.0,0,167,3,0,0.5243,0.0,GREEN,34,Kolkata
CLM0055623,KOL_01987,Dum Dum,2017-12-18,10,0,0,0,0,0,0,0,0,0,0.0,0.208515,0,0.0,1,326,1,3,0.98,0.0503,GREEN,42,Kolkata
CLM0055624,KOL_06599,Tollygunge,2023-12-15,19,0,0,0,0,0,0,0,0,0,0.0,1.0,0,0.0,0,420,3,2,0.8199,0.0,GREEN,35,Kolkata
CLM0055625,KOL_04211,Tollygunge,2025-05-30,9,0,0,0,0,0,0,0,0,0,0.0,0.324145,0,0.0,0,5,1,1,0.05,0.0463,GREEN,46,Kolkata
CLM0055626,KOL_06543,Tollygunge,2025-06-22,15,0,0,0,0,0,0,0,0,0,0.0,0.258837,0,0.0,0,208,4,3,0.2507,0.0,GREEN,39,Kolkata
CLM0055627,KOL_01695,Park Street,2024-01-06,14,0,0,0,0,0,0,0,0,0,0.0,0.145643,0,0.0,0,183,1,5,0.8969,0.0094,GREEN,42,Kolkata
CLM0055628,KOL_05708,Tollygunge,2021-10-22,12,0,0,0,0,0,0,0,0,1,1.0,0.977128,0,1.0,0,301,1,4,0.186,0.0981,GREEN,40,Kolkata
CLM0055629,KOL_02802,Behala,2024-08-18,9,0,0,0,0,0,0,0,1,0,0.0,0.092847,0,0.0,0,165,0,0,0.5281,0.0604,GREEN,19,Kolkata
CLM0055630,KOL_00989,Tollygunge,2017-11-26,20,0,0,0,0,0,0,0,0,0,0.0,0.109077,0,0.0,0,366,2,2,0.6141,0.0,GREEN,37,Kolkata
CLM0055631,KOL_09198,Garia,2021-11-20,19,0,0,0,0,0,0,0,0,0,0.0,0.91728,0,0.0,0,165,0,1,0.9129,0.044,GREEN,60,Kolkata
CLM0055632,KOL_09827,Park Street,2017-06-29,19,0,0,0,0,0,0,0,0,0,0.0,0.349382,0,0.0,0,420,0,5,0.778,0.0314,GREEN,22,Kolkata
CLM0055633,KOL_06602,Howrah,2017-02-03,19,0,0,0,0,0,0,1,0,0,0.0,0.23794,0,1.0,0,150,2,5,0.703,0.0681,GREEN,32,Kolkata
CLM0055634,KOL_00494,Tollygunge,2019-09-27,10,0,0,0,0,0,0,0,0,1,0.0,0.363042,1,1.0,1,420,2,4,0.2693,0.2166,GREEN,43,Kolkata
CLM0055635,KOL_05629,Garia,2021-02-13,15,0,0,0,1,1,0,1,1,0,0.0,0.070434,0,0.0,1,5,1,18,0.8628,0.0689,GREEN,18,Kolkata
CLM0055636,KOL_03111,Sealdah,2025-06-24,12,0,0,0,0,0,0,0,0,0,0.0,0.371707,0,0.0,0,253,2,0,0.7833,0.0778,GREEN,23,Kolkata
CLM0055637,KOL_07410,Esplanade,2024-12-21,16,0,0,0,0,0,0,0,0,0,0.0,0.147847,0,0.0,0,142,2,0,0.2398,0.0166,GREEN,29,Kolkata
CLM0055638,KOL_09681,Sealdah,2025-06-16,16,0,1,1,0,1,0,0,0,0,0.0,1.0,0,0.0,0,204,4,1,0.9027,0.0438,GREEN,47,Kolkata
CLM0055639,KOL_06002,Behala,2021-01-08,7,0,0,0,1,0,0,0,0,0,0.0,0.404201,0,0.0,0,284,4,0,0.7479,0.1647,GREEN,37,Kolkata
CLM0055640,KOL_03222,Dum Dum,2023-10-29,21,0,0,0,0,0,0,0,0,0,1.0,0.195289,0,0.0,0,420,0,7,0.0992,0.0571,GREEN,31,Kolkata
CLM0055641,KOL_02621,Sealdah,2020-11-08,10,0,0,0,0,0,0,0,0,0,1.0,0.313096,0,0.0,0,250,4,0,0.3203,0.0387,GREEN,29,Kolkata
CLM0055642,KOL_07409,Park Street,2018-04-26,18,0,0,0,0,0,0,0,0,0,0.0,0.158888,0,0.0,0,183,0,1,0.6098,0.0176,GREEN,46,Kolkata
CLM0055643,KOL_07777,Park Street,2025-12-13,13,0,0,0,0,0,0,0,0,0,0.0,0.137397,0,0.0,1,350,0,1,0.8108,0.0566,GREEN,37,Kolkata
CLM0055644,KOL_09159,Esplanade,2017-07-23,16,0,0,0,0,0,0,0,0,0,0.0,0.028375,0,0.0,0,410,3,7,0.7774,0.0647,GREEN,21,Kolkata
CLM0055645,KOL_03877,Garia,2016-08-25,11,0,0,0,0,0,1,0,0,0,0.0,0.39276,0,0.0,0,26,0,0,0.4057,0.0567,GREEN,38,Kolkata
CLM0055646,KOL_05475,Esplanade,2024-05-14,16,0,0,0,0,0,0,0,0,0,0.0,0.144759,0,0.0,0,420,2,3,0.6705,0.0145,GREEN,38,Kolkata
CLM0055647,KOL_08213,Salt Lake,2023-11-06,17,0,0,0,0,0,1,0,0,1,0.0,0.324943,0,0.0,0,148,3,0,0.05,0.1136,GREEN,35,Kolkata
CLM0055648,KOL_04868,New Town,2025-07-08,11,0,0,0,0,0,0,0,1,0,0.0,0.121308,0,0.0,0,404,2,2,0.8227,0.0533,GREEN,22,Kolkata
CLM0055649,KOL_05438,Dum Dum,2018-01-10,10,0,0,0,0,0,0,0,0,0,1.0,0.947327,0,1.0,0,264,4,0,0.4995,0.0114,GREEN,65,Kolkata
CLM0055650,KOL_03016,Garia,2021-09-27,10,0,0,0,0,0,0,1,0,0,1.0,0.412515,0,0.0,0,339,3,1,0.7922,0.1576,GREEN,38,Kolkata
CLM0055651,KOL_05473,Howrah,2019-11-10,10,0,0,0,0,0,0,0,0,0,0.0,1.0,0,0.0,0,147,2,1,0.7158,0.0,GREEN,29,Kolkata
CLM0055652,KOL_04218,Behala,2021-01-11,7,0,0,0,0,0,0,0,0,0,0.0,0.925768,0,0.0,0,275,0,0,0.6851,0.0,GREEN,31,Kolkata
CLM0055653,KOL_01926,Esplanade,2018-09-20,21,0,0,0,0,0,1,0,0,0,1.0,1.0,0,0.0,0,400,4,0,0.4585,0.2926,GREEN,35,Kolkata
CLM0055654,KOL_02109,Dum Dum,2023-03-31,7,0,1,1,0,0,0,0,0,0,0.0,0.051344,0,0.0,0,140,3,0,0.98,0.0,GREEN,45,Kolkata
CLM0055655,KOL_03252,Tollygunge,2021-01-24,15,0,0,0,0,0,0,1,0,0,0.0,0.072692,0,0.0,0,321,2,7,0.6676,0.0434,GREEN,52,Kolkata
CLM0055656,KOL_05239,New Town,2019-05-31,7,0,0,0,1,1,0,0,0,0,1.0,0.374379,0,0.0,0,36,1,1,0.7365,0.3678,YELLOW,28,Kolkata
CLM0055657,KOL_05060,Salt Lake,2018-03-11,15,0,0,0,0,0,0,0,0,0,0.0,0.118893,0,0.0,0,420,1,5,0.98,0.0608,GREEN,48,Kolkata
CLM0055658,KOL_02458,Garia,2022-01-10,19,0,0,0,0,0,0,0,0,0,0.0,0.03488,0,0.0,0,14,1,0,0.05,0.0043,GREEN,26,Kolkata
CLM0055659,KOL_04562,Howrah,2020-12-02,7,0,0,0,0,0,0,0,0,0,0.0,0.443077,0,0.0,0,203,1,2,0.2541,0.0,GREEN,44,Kolkata
CLM0055660,KOL_00784,Garia,2025-04-25,20,0,0,0,0,0,0,0,0,1,0.0,0.932731,0,0.0,0,97,4,5,0.5623,0.0927,GREEN,29,Kolkata
CLM0055661,KOL_02580,Howrah,2022-11-21,14,0,0,0,1,0,0,0,0,0,0.0,0.114484,0,0.0,0,216,3,0,0.6101,0.1734,GREEN,50,Kolkata
CLM0055662,KOL_02399,Tollygunge,2025-04-01,15,0,1,1,0,0,0,0,0,0,0.0,0.460491,0,0.0,0,5,2,0,0.8137,0.1424,GREEN,26,Kolkata
CLM0055663,KOL_01190,Tollygunge,2021-01-07,17,0,0,0,0,0,0,0,0,0,0.0,0.191813,0,0.0,0,420,1,0,0.8106,0.0,GREEN,32,Kolkata
CLM0055664,KOL_05787,Salt Lake,2022-04-08,21,0,0,0,0,0,0,0,0,0,0.0,0.201531,0,0.0,0,270,1,2,0.7762,0.0383,GREEN,29,Kolkata
CLM0055665,KOL_01698,Behala,2021-01-13,18,0,0,0,0,0,0,0,0,0,1.0,0.953052,0,0.0,0,117,1,0,0.931,0.1133,GREEN,18,Kolkata
CLM0055666,KOL_01075,Howrah,2025-06-09,10,0,0,0,0,0,1,0,0,0,0.0,0.031936,0,0.0,0,329,3,3,0.6127,0.0198,GREEN,30,Kolkata
CLM0055667,KOL_01670,Park Street,2019-02-23,20,0,0,0,0,0,0,0,0,0,0.0,0.390422,0,0.0,0,343,3,0,0.6779,0.0,GREEN,35,Kolkata
CLM0055668,KOL_06535,Behala,2020-11-15,20,0,0,0,0,0,0,0,0,0,0.0,0.859578,0,0.0,0,66,4,4,0.7288,0.0541,GREEN,41,Kolkata
CLM0055669,KOL_04974,Behala,2024-03-10,11,0,0,0,0,0,0,0,0,0,0.0,0.399698,0,0.0,0,158,4,3,0.6351,0.0001,GREEN,31,Kolkata
CLM0055670,KOL_09861,Howrah,2022-09-28,20,0,0,0,0,0,0,0,0,0,0.0,0.064529,0,1.0,0,420,3,2,0.9757,0.0274,GREEN,38,Kolkata
CLM0055671,KOL_02994,Howrah,2020-06-18,12,0,0,0,0,0,0,0,0,0,0.0,0.131862,0,0.0,0,408,4,0,0.6411,0.0805,GREEN,40,Kolkata
CLM0055672,KOL_07952,Sealdah,2019-01-23,9,0,0,0,0,0,1,1,0,0,0.0,0.385028,0,0.0,0,184,2,2,0.6206,0.188,GREEN,55,Kolkata
CLM0055673,KOL_06932,Garia,2021-11-23,18,0,0,0,0,0,0,0,0,0,0.0,0.322466,0,0.0,0,279,4,1,0.7974,0.0,GREEN,46,Kolkata
CLM0055674,KOL_07317,Sealdah,2019-08-18,9,0,0,0,0,0,0,0,0,0,1.0,0.388951,0,0.0,0,186,4,3,0.5534,0.0113,GREEN,59,Kolkata
CLM0055675,KOL_04102,New Town,2018-06-06,13,0,0,0,0,0,0,0,0,0,0.0,1.0,0,0.0,0,222,2,4,0.4276,0.0532,GREEN,39,Kolkata
CLM0055676,KOL_03924,Sealdah,2019-01-02,10,0,0,0,0,0,0,0,0,0,0.0,0.276656,0,0.0,0,420,3,0,0.05,0.0,GREEN,42,Kolkata
CLM0055677,KOL_02854,Sealdah,2018-09-21,8,0,0,0,0,0,0,0,0,0,0.0,0.192229,0,1.0,0,247,4,4,0.5393,0.0537,GREEN,36,Kolkata
CLM0055678,KOL_02863,Dum Dum,2021-02-17,20,0,0,0,0,0,0,0,0,0,0.0,0.090839,0,0.0,0,189,4,5,0.5348,0.1114,GREEN,47,Kolkata
CLM0055679,KOL_05015,Park Street,2019-12-23,7,0,0,0,0,0,0,0,0,0,1.0,0.217624,0,0.0,0,156,2,4,0.7245,0.1076,GREEN,18,Kolkata
CLM0055680,KOL_04038,Garia,2023-05-11,14,0,0,0,0,0,0,0,0,0,0.0,0.31142,0,0.0,0,139,0,6,0.7556,0.1288,GREEN,37,Kolkata
CLM0055681,KOL_03291,Tollygunge,2020-12-15,8,0,0,0,0,0,0,0,0,0,1.0,0.085045,0,0.0,0,57,2,4,0.6746,0.0022,GREEN,49,Kolkata
CLM0055682,KOL_05048,New Town,2023-08-13,13,0,0,0,0,0,0,0,0,0,0.0,0.062627,0,0.0,0,35,1,6,0.7357,0.0929,GREEN,18,Kolkata
CLM0055683,KOL_08777,Dum Dum,2020-05-22,20,0,0,0,0,0,0,0,1,0,0.0,0.308626,0,0.0,0,420,0,0,0.6758,0.0811,GREEN,29,Kolkata
CLM0055684,KOL_02044,Sealdah,2025-12-17,16,0,0,0,0,0,0,0,1,0,0.0,0.470474,0,0.0,0,420,2,2,0.7068,0.032,GREEN,42,Kolkata
CLM0055685,KOL_00514,Park Street,2022-10-24,19,0,1,1,0,0,0,0,1,0,0.0,0.113899,1,0.0,0,18,3,2,0.5763,0.3349,YELLOW,32,Kolkata
CLM0055686,KOL_01022,Tollygunge,2025-04-28,21,0,0,0,0,0,0,0,0,0,0.0,0.483362,0,0.0,0,420,4,3,0.4702,0.0,GREEN,30,Kolkata
CLM0055687,KOL_00716,Howrah,2025-02-08,16,0,0,0,0,0,0,0,1,0,0.0,0.437652,0,0.0,0,308,2,5,0.05,0.0798,GREEN,50,Kolkata
CLM0055688,KOL_06479,Park Street,2024-02-14,10,0,0,0,0,0,0,0,0,1,0.0,0.179442,0,0.0,0,92,4,4,0.6449,0.212,GREEN,34,Kolkata
CLM0055689,KOL_05542,Esplanade,2024-02-04,16,0,0,0,0,0,0,0,1,0,0.0,0.322613,0,0.0,0,346,4,2,0.8663,0.0871,GREEN,33,Kolkata
CLM0055690,KOL_05027,Park Street,2022-04-13,9,0,0,0,0,0,0,0,0,0,0.0,0.407829,0,0.0,0,248,4,0,0.5513,0.0479,GREEN,34,Kolkata
CLM0055691,KOL_03157,Sealdah,2024-03-12,9,0,0,0,0,0,0,0,0,0,0.0,0.266096,0,0.0,0,420,3,0,0.8336,0.0252,GREEN,44,Kolkata
CLM0055692,KOL_03197,New Town,2023-04-26,8,0,0,0,0,0,0,0,0,0,0.0,0.0,0,0.0,0,273,2,0,0.0998,0.0005,GREEN,28,Kolkata
CLM0055693,KOL_03164,New Town,2024-04-30,9,0,1,1,0,0,1,0,0,0,1.0,0.123801,0,1.0,0,26,2,0,0.6705,0.162,GREEN,30,Kolkata
CLM0055694,KOL_05761,Esplanade,2024-05-25,14,0,0,0,1,0,0,1,1,0,0.0,0.965927,0,1.0,1,23,0,9,0.7862,0.005,GREEN,18,Kolkata
CLM0055695,KOL_06477,Howrah,2025-03-28,7,0,0,0,0,0,0,0,0,0,0.0,0.306238,0,0.0,0,334,2,0,0.537,0.0034,GREEN,29,Kolkata
CLM0055696,KOL_09671,Howrah,2025-03-20,7,0,0,0,0,0,0,0,0,0,0.0,0.0,0,1.0,0,129,2,3,0.8524,0.1048,GREEN,52,Kolkata
CLM0055697,KOL_01973,Garia,2025-11-05,10,0,0,0,0,0,0,0,0,0,0.0,0.050468,0,0.0,0,221,0,2,0.4823,0.0458,GREEN,33,Kolkata
CLM0055698,KOL_06951,Esplanade,2025-03-19,10,0,0,0,0,0,0,1,0,0,0.0,0.278448,0,0.0,0,345,3,4,0.98,0.002,GREEN,31,Kolkata
CLM0055699,KOL_02863,Dum Dum,2023-12-30,19,0,0,0,0,0,1,0,0,0,0.0,0.16432,0,0.0,0,137,4,0,0.6681,0.1628,GREEN,47,Kolkata
CLM0055700,KOL_04692,Dum Dum,2024-12-01,20,0,0,0,1,0,0,0,0,0,0.0,0.443415,0,0.0,0,420,2,1,0.7562,0.269,GREEN,53,Kolkata
CLM0055701,KOL_01185,New Town,2025-10-08,19,0,0,0,0,0,0,0,0,0,0.0,0.145194,0,0.0,0,281,0,1,0.8411,0.006,GREEN,46,Kolkata
CLM0055702,KOL_07867,Salt Lake,2024-05-27,10,0,0,0,0,0,0,0,1,0,0.0,0.290657,0,0.0,0,96,0,1,0.8149,0.0782,GREEN,47,Kolkata
CLM0055703,KOL_02794,Sealdah,2025-10-29,14,0,0,0,0,0,0,0,0,0,0.0,0.0,0,0.0,0,420,3,4,0.6433,0.014,GREEN,28,Kolkata
CLM0055704,KOL_09587,Howrah,2024-12-19,10,0,0,0,0,0,1,0,1,0,0.0,0.259937,0,0.0,0,297,1,2,0.9599,0.2082,GREEN,30,Kolkata
CLM0055705,KOL_01685,Tollygunge,2025-06-17,21,0,0,0,0,0,0,0,0,0,0.0,0.359588,0,0.0,0,294,3,0,0.7113,0.0397,GREEN,35,Kolkata
CLM0055706,KOL_04010,Park Street,2025-05-24,16,0,0,0,1,0,0,0,0,0,0.0,0.163299,0,0.0,0,152,4,0,0.8947,0.1254,GREEN,41,Kolkata
CLM0055707,KOL_04542,Behala,2025-01-20,12,0,0,0,0,0,0,0,0,0,0.0,0.194271,0,0.0,0,173,3,4,0.1308,0.0,GREEN,34,Kolkata
CLM0055708,KOL_00830,Behala,2025-11-02,14,0,0,0,0,0,0,0,0,0,1.0,0.43269,0,0.0,0,345,1,0,0.9026,0.193,GREEN,30,Kolkata
CLM0055709,KOL_01110,Howrah,2024-03-20,21,0,0,0,0,0,0,0,0,0,0.0,0.231794,0,0.0,0,76,4,4,0.8706,0.0131,GREEN,42,Kolkata
CLM0055710,KOL_06097,Dum Dum,2025-02-17,13,0,0,0,0,0,0,0,0,0,0.0,1.0,0,0.0,0,5,3,2,0.9283,0.0958,GREEN,25,Kolkata
CLM0055711,KOL_06099,Salt Lake,2024-06-11,10,0,0,0,0,1,0,0,0,1,0.0,0.144668,0,0.0,0,420,2,1,0.4874,0.2569,GREEN,49,Kolkata
CLM0055712,KOL_06248,Tollygunge,2025-12-10,21,0,0,0,0,0,0,1,0,0,0.0,0.322787,0,0.0,0,71,2,1,0.8589,0.041,GREEN,18,Kolkata
CLM0055713,KOL_03900,Park Street,2023-11-06,14,0,0,0,0,0,1,0,0,0,0.0,0.345176,1,0.0,0,129,1,2,0.8627,0.1911,GREEN,42,Kolkata
CLM0055714,KOL_07157,Sealdah,2025-05-29,20,0,1,1,0,0,0,0,0,1,0.0,0.141788,0,0.0,0,57,1,0,0.7267,0.1032,GREEN,36,Kolkata
CLM0055715,KOL_07032,Esplanade,2021-03-04,9,0,0,0,0,0,0,0,0,0,0.0,0.228287,0,0.0,0,38,3,0,0.8795,0.0,GREEN,44,Kolkata
CLM0055716,KOL_08180,Dum Dum,2024-03-19,8,0,0,0,0,0,0,0,0,0,0.0,0.012954,0,0.0,1,81,1,4,0.0861,0.0152,GREEN,37,Kolkata
CLM0055717,KOL_06493,Dum Dum,2022-02-20,8,0,0,0,0,0,0,0,0,0,0.0,0.348,0,0.0,0,146,1,5,0.7513,0.0,GREEN,23,Kolkata
CLM0055718,KOL_02995,Tollygunge,2023-01-06,18,0,0,0,0,0,0,0,0,0,0.0,0.349765,0,0.0,0,148,0,0,0.7584,0.0,GREEN,27,Kolkata
CLM0055719,KOL_09175,Howrah,2024-01-21,8,0,0,0,0,1,0,0,0,1,0.0,0.082776,0,0.0,0,415,3,3,0.9526,0.1908,GREEN,26,Kolkata
CLM0055720,KOL_06148,Dum Dum,2024-10-08,14,0,0,0,0,0,0,0,0,0,0.0,0.096054,0,0.0,0,420,0,0,0.8066,0.0,GREEN,41,Kolkata
CLM0055721,KOL_07106,Behala,2023-08-07,9,0,0,0,0,0,0,0,0,0,0.0,0.066512,0,0.0,0,219,4,5,0.5162,0.0,GREEN,35,Kolkata
CLM0055722,KOL_09321,Salt Lake,2025-09-09,7,0,0,0,0,0,0,0,1,0,0.0,1.0,0,0.0,0,67,0,2,0.233,0.1314,GREEN,34,Kolkata
CLM0055723,KOL_06521,Sealdah,2023-08-28,17,0,0,0,0,0,1,0,0,0,0.0,0.375018,0,0.0,0,420,2,0,0.7711,0.1571,GREEN,36,Kolkata
CLM0055724,KOL_04291,Esplanade,2024-12-07,8,0,0,0,0,1,0,0,0,0,0.0,0.3615,0,0.0,0,371,3,3,0.7721,0.1074,GREEN,52,Kolkata
CLM0055725,KOL_04712,Howrah,2025-04-19,18,0,0,0,1,0,0,1,1,0,0.0,1.0,0,1.0,1,8,3,18,0.3862,0.1262,GREEN,42,Kolkata
CLM0055726,KOL_05219,Park Street,2025-06-22,18,0,0,0,0,0,0,0,0,0,0.0,0.084957,0,0.0,0,303,1,5,0.7099,0.0,GREEN,45,Kolkata
CLM0055727,KOL_08612,Howrah,2025-08-14,16,0,1,1,1,0,0,1,0,1,0.0,0.970563,1,1.0,1,25,0,18,0.1833,0.5821,YELLOW,18,Kolkata
CLM0055728,KOL_08914,Tollygunge,2025-06-14,12,0,1,1,1,0,1,1,0,1,1.0,1.0,0,1.0,1,5,2,16,0.2059,0.5179,YELLOW,35,Kolkata
CLM0055729,KOL_01056,Howrah,2025-07-08,7,0,1,1,0,0,0,0,1,0,1.0,1.0,0,0.0,1,15,0,11,0.2835,0.3486,YELLOW,23,Kolkata
CLM0055730,KOL_05112,Dum Dum,2025-03-14,14,0,1,1,1,1,0,1,0,0,0.0,0.007306,1,0.0,1,5,1,11,0.9438,0.7025,RED,48,Kolkata
CLM0055731,KOL_05001,Garia,2024-03-26,16,0,1,1,1,0,0,1,1,1,0.0,0.475821,0,0.0,1,5,0,18,0.3775,0.616,RED,41,Kolkata
CLM0055732,KOL_02434,Tollygunge,2024-03-14,21,0,1,1,0,0,0,1,0,0,0.0,0.914756,0,0.0,0,233,2,0,0.4055,0.9169,RED,34,Kolkata
CLM0055733,KOL_06370,Park Street,2025-09-12,17,0,1,1,1,0,1,0,1,1,0.0,0.330358,0,0.0,0,91,1,7,0.8055,0.6622,RED,35,Kolkata
CLM0055734,KOL_00404,Tollygunge,2025-06-27,10,0,1,1,0,1,1,1,1,1,1.0,0.965565,0,1.0,0,5,0,18,0.6568,0.772,RED,40,Kolkata
CLM0055735,KOL_03450,Esplanade,2024-09-02,17,0,1,1,1,0,1,1,1,0,0.0,0.013406,0,0.0,1,5,1,18,0.9508,0.6116,RED,29,Kolkata
CLM0055736,KOL_06251,Behala,2022-01-25,20,0,1,1,1,0,1,1,1,0,1.0,1.0,1,1.0,0,5,1,18,0.1521,0.6318,RED,48,Kolkata
CLM0055737,KOL_01715,Sealdah,2022-10-23,10,0,1,1,1,1,1,1,0,0,1.0,1.0,1,1.0,1,5,1,18,0.2729,0.7606,RED,46,Kolkata
CLM0055738,KOL_04549,Howrah,2024-10-21,19,0,1,1,0,0,0,0,1,1,1.0,0.935388,0,0.0,1,5,1,18,0.7969,0.375,YELLOW,29,Kolkata
CLM0055739,KOL_05848,Behala,2021-02-03,16,0,1,1,1,0,0,1,1,0,1.0,1.0,0,0.0,1,5,2,17,0.2333,0.5378,YELLOW,41,Kolkata
CLM0055740,KOL_06971,Dum Dum,2024-01-18,21,0,1,1,1,0,1,1,1,1,0.0,0.150188,1,0.0,0,5,2,18,0.8748,0.8122,RED,38,Kolkata
CLM0055741,KOL_02288,New Town,2025-06-23,20,0,1,1,1,1,0,1,1,1,1.0,1.0,0,1.0,1,5,1,18,0.1319,0.8335,RED,24,Kolkata
CLM0055742,KOL_08231,Dum Dum,2020-08-07,11,0,1,1,0,0,1,0,0,0,0.0,0.051894,0,0.0,0,48,1,0,0.109,0.7994,RED,29,Kolkata
CLM0055743,KOL_06404,Sealdah,2021-07-06,20,0,1,1,1,1,1,1,0,1,1.0,1.0,1,1.0,0,8,1,18,0.234,0.8166,RED,46,Kolkata
CLM0055744,KOL_04706,Tollygunge,2020-07-30,9,0,1,1,0,0,1,1,1,1,0.0,0.494081,0,1.0,0,5,2,18,0.1611,0.5246,YELLOW,33,Kolkata
CLM0055745,KOL_08512,Dum Dum,2025-07-13,14,0,1,1,1,1,1,1,1,1,1.0,1.0,0,0.0,1,38,2,18,0.5198,0.7465,RED,24,Kolkata
CLM0055746,KOL_05315,Garia,2020-07-23,21,0,1,1,0,1,1,1,1,1,0.0,0.117887,0,0.0,1,5,0,18,0.8642,0.7611,RED,31,Kolkata
CLM0055747,KOL_08545,Dum Dum,2016-04-19,9,0,0,0,0,0,0,1,0,0,0.0,0.910528,0,0.0,0,348,3,0,0.8537,0.0579,GREEN,52,Kolkata
CLM0055748,KOL_03758,Salt Lake,2021-01-23,17,0,0,0,0,0,0,1,0,0,0.0,0.256747,0,0.0,1,290,3,0,0.4994,0.0696,GREEN,26,Kolkata
CLM0055749,KOL_09488,Dum Dum,2024-09-21,19,0,0,0,0,0,0,0,0,0,0.0,0.093084,0,0.0,0,195,4,5,0.2967,0.0,GREEN,19,Kolkata
CLM0055750,KOL_05882,Esplanade,2023-10-12,10,0,0,0,0,0,1,0,0,0,0.0,0.059511,1,0.0,0,420,1,0,0.05,0.0997,GREEN,31,Kolkata
CLM0055751,KOL_03691,Sealdah,2023-07-12,16,0,0,0,1,0,1,0,1,1,0.0,0.254939,0,0.0,0,123,3,3,0.8395,0.4433,YELLOW,51,Kolkata
CLM0055752,KOL_03204,Garia,2025-05-24,14,0,0,0,0,1,0,0,0,0,0.0,0.220966,0,0.0,0,18,0,3,0.8585,0.0663,GREEN,34,Kolkata
CLM0055753,KOL_08425,Sealdah,2020-01-22,20,0,0,0,0,0,0,0,0,0,0.0,0.475705,0,0.0,1,269,3,6,0.8875,0.1026,GREEN,34,Kolkata
CLM0055754,KOL_00494,Tollygunge,2025-03-28,21,0,0,0,0,0,0,0,0,0,1.0,0.045517,0,0.0,0,188,1,0,0.6974,0.1598,GREEN,43,Kolkata
CLM0055755,KOL_09322,Howrah,2023-02-17,20,0,0,0,1,1,1,1,1,1,1.0,1.0,0,0.0,1,5,2,18,0.1843,0.0778,GREEN,19,Kolkata
CLM0055756,KOL_02342,Tollygunge,2016-04-25,18,0,0,0,0,0,1,0,0,0,0.0,0.413901,0,0.0,1,64,3,0,0.8117,0.2247,GREEN,29,Kolkata
CLM0055757,KOL_03589,Garia,2023-08-22,7,0,0,0,0,0,0,0,1,0,1.0,0.369884,0,0.0,0,409,2,4,0.8777,0.0661,GREEN,31,Kolkata
CLM0055758,KOL_03025,Howrah,2017-09-24,20,0,0,0,0,0,0,0,0,0,0.0,0.346839,0,0.0,0,128,1,6,0.7776,0.0,GREEN,36,Kolkata
CLM0055759,KOL_09394,Garia,2018-05-03,17,0,0,0,0,0,0,1,0,0,1.0,1.0,0,1.0,0,167,4,3,0.726,0.1122,GREEN,36,Kolkata
CLM0055760,KOL_01476,Dum Dum,2018-10-30,13,0,0,0,0,0,0,0,0,0,0.0,0.031961,0,0.0,0,27,4,5,0.7912,0.023,GREEN,49,Kolkata
CLM0055761,KOL_06321,Dum Dum,2016-09-21,16,0,0,0,0,0,0,0,0,0,0.0,0.204905,0,0.0,0,83,1,0,0.1583,0.0709,GREEN,40,Kolkata
CLM0055762,KOL_09077,Dum Dum,2021-11-12,17,0,0,0,1,0,0,0,1,0,0.0,0.083711,0,0.0,0,319,0,4,0.7588,0.2015,GREEN,43,Kolkata
CLM0055763,KOL_08493,Howrah,2022-02-21,15,0,0,0,0,1,0,1,1,1,1.0,1.0,0,1.0,0,6,4,8,0.2343,0.0,GREEN,34,Kolkata
CLM0055764,KOL_05765,Dum Dum,2022-03-05,14,0,0,0,0,0,0,0,1,0,1.0,1.0,0,0.0,1,5,2,11,0.2291,0.2288,GREEN,41,Kolkata
CLM0055765,KOL_09712,Tollygunge,2022-01-06,14,0,0,0,0,1,0,0,0,0,0.0,1.0,0,1.0,0,420,2,5,0.05,0.3421,YELLOW,34,Kolkata
CLM0055766,KOL_08193,Sealdah,2024-05-03,8,0,0,0,0,0,0,0,0,0,0.0,0.986473,0,0.0,0,420,1,2,0.9087,0.0,GREEN,52,Kolkata
CLM0055767,KOL_09198,Garia,2023-12-14,11,0,0,0,0,0,0,0,0,0,0.0,0.017083,0,0.0,0,420,2,2,0.6174,0.023,GREEN,60,Kolkata
CLM0055768,KOL_03855,Garia,2022-07-07,14,0,0,0,0,0,0,0,0,0,1.0,0.15418,0,0.0,0,405,3,3,0.98,0.0,GREEN,24,Kolkata
CLM0055769,KOL_08686,Tollygunge,2025-07-30,8,0,0,0,0,0,0,0,0,0,0.0,0.385605,0,0.0,0,112,4,0,0.22,0.012,GREEN,45,Kolkata
CLM0055770,KOL_03250,Tollygunge,2024-04-30,19,0,0,0,0,0,0,0,0,0,0.0,0.41731,0,0.0,0,420,1,1,0.5579,0.0109,GREEN,27,Kolkata
CLM0055771,KOL_04739,New Town,2025-03-07,13,0,0,0,0,0,0,0,0,0,0.0,0.16273,0,1.0,0,105,0,1,0.7116,0.0,GREEN,31,Kolkata
CLM0055772,KOL_03821,Behala,2025-07-05,18,0,0,0,1,0,0,0,0,0,0.0,0.129369,0,0.0,0,420,1,2,0.6805,0.1919,GREEN,43,Kolkata
CLM0055773,KOL_02018,New Town,2025-03-16,12,0,0,0,0,0,0,0,0,0,0.0,0.366693,0,0.0,1,297,0,1,0.1003,0.0948,GREEN,45,Kolkata
CLM0055774,KOL_08379,Behala,2023-05-03,16,0,0,0,1,0,0,0,0,0,0.0,0.014711,0,0.0,0,165,4,2,0.8228,0.1516,GREEN,37,Kolkata
CLM0055775,KOL_02925,New Town,2023-09-11,17,0,0,0,0,0,0,0,0,0,0.0,0.264329,0,0.0,0,5,4,2,0.5156,0.0365,GREEN,49,Kolkata
CLM0055776,KOL_04867,Howrah,2023-08-18,9,0,0,0,0,0,0,0,0,0,0.0,0.062273,0,0.0,0,420,0,3,0.911,0.0,GREEN,20,Kolkata
CLM0055777,KOL_00087,Behala,2018-03-24,7,0,0,0,0,0,0,0,1,0,0.0,0.298328,0,0.0,0,283,3,4,0.1414,0.1367,GREEN,35,Kolkata
CLM0055778,KOL_02504,Salt Lake,2016-07-12,20,0,1,1,0,0,0,0,0,0,0.0,0.912466,0,0.0,0,420,4,3,0.8085,0.0661,GREEN,41,Kolkata
CLM0055779,KOL_00727,Park Street,2020-09-30,9,0,0,0,0,0,0,0,0,0,0.0,0.279331,0,0.0,0,420,1,3,0.9362,0.0377,GREEN,41,Kolkata
CLM0055780,KOL_09196,Dum Dum,2017-03-24,7,0,0,0,0,0,0,0,0,0,0.0,0.1554,0,0.0,0,420,3,2,0.8538,0.0,GREEN,32,Kolkata
CLM0055781,KOL_07265,Dum Dum,2021-08-28,21,0,0,0,0,0,0,0,0,0,0.0,0.121295,0,0.0,0,277,4,0,0.9294,0.0,GREEN,35,Kolkata
CLM0055782,KOL_00362,Dum Dum,2016-08-03,16,0,0,0,1,1,1,1,0,0,1.0,0.349272,0,1.0,1,5,2,18,0.05,0.0531,GREEN,25,Kolkata
CLM0055783,KOL_00608,Sealdah,2023-02-17,20,0,0,0,0,0,0,0,0,1,0.0,0.124861,0,0.0,1,420,3,5,0.7184,0.1565,GREEN,35,Kolkata
CLM0055784,KOL_02340,Dum Dum,2025-10-25,12,0,0,0,0,0,0,0,0,0,0.0,0.31709,0,0.0,0,50,2,2,0.0859,0.1264,GREEN,36,Kolkata
CLM0055785,KOL_04213,Dum Dum,2024-11-25,11,0,0,0,0,0,0,0,0,0,1.0,1.0,0,0.0,0,420,3,3,0.5357,0.0812,GREEN,32,Kolkata
CLM0055786,KOL_09059,Tollygunge,2025-10-14,8,0,0,0,0,0,1,0,0,0,0.0,0.0,0,0.0,0,282,4,0,0.9433,0.1142,GREEN,43,Kolkata
CLM0055787,KOL_07789,Park Street,2025-04-16,14,0,0,0,0,0,0,0,0,0,0.0,0.115986,0,0.0,0,186,4,0,0.9315,0.0,GREEN,64,Kolkata
CLM0055788,KOL_04553,New Town,2025-07-21,10,0,0,0,0,0,0,0,0,0,0.0,0.105537,0,0.0,0,371,1,0,0.8598,0.0,GREEN,44,Kolkata
CLM0055789,KOL_03179,New Town,2024-05-20,18,0,0,0,0,0,0,0,0,0,0.0,0.243274,0,0.0,0,47,2,3,0.98,0.0884,GREEN,42,Kolkata
CLM0055790,KOL_05670,Garia,2024-11-02,19,0,0,0,0,0,0,0,0,0,0.0,0.414312,0,0.0,0,153,1,6,0.8907,0.108,GREEN,39,Kolkata
CLM0055791,KOL_03002,Dum Dum,2024-11-20,7,0,0,0,0,0,0,0,0,0,0.0,0.057351,0,1.0,0,209,2,1,0.05,0.0,GREEN,46,Kolkata
CLM0055792,KOL_01219,Salt Lake,2025-12-29,11,0,0,0,1,0,0,0,0,0,0.0,0.239255,0,0.0,0,242,1,3,0.817,0.1432,GREEN,30,Kolkata
CLM0055793,KOL_08935,Park Street,2024-03-11,18,0,0,0,0,0,0,1,0,1,0.0,0.152851,0,0.0,0,5,3,18,0.7829,0.0743,GREEN,24,Kolkata
CLM0055794,KOL_00156,Tollygunge,2025-10-28,15,0,0,0,0,0,0,0,0,0,1.0,0.104347,0,0.0,1,208,0,5,0.713,0.1114,GREEN,48,Kolkata
CLM0055795,KOL_07851,Sealdah,2024-10-13,19,0,0,0,0,0,0,0,1,0,0.0,0.268275,0,0.0,0,420,4,5,0.588,0.1409,GREEN,31,Kolkata
CLM0055796,KOL_05759,Dum Dum,2024-11-22,21,0,0,0,0,1,1,0,0,0,0.0,0.124176,0,0.0,0,33,4,3,0.5486,0.1653,GREEN,33,Kolkata
CLM0055797,KOL_04574,Behala,2024-04-15,10,0,0,0,0,0,0,0,0,0,0.0,0.183373,0,0.0,0,48,0,4,0.86,0.0352,GREEN,34,Kolkata
CLM0055798,KOL_04292,Park Street,2019-05-03,14,0,0,0,0,0,0,0,0,1,0.0,0.134017,1,0.0,0,76,2,0,0.7338,0.0991,GREEN,28,Kolkata
CLM0055799,KOL_03026,Howrah,2023-08-04,9,0,0,0,0,0,0,0,0,1,1.0,0.266233,0,0.0,0,218,4,3,0.574,0.1638,GREEN,18,Kolkata
CLM0055800,KOL_04571,Esplanade,2025-09-30,10,0,0,0,1,0,0,0,0,0,0.0,0.242356,0,0.0,0,401,4,2,0.9352,0.1217,GREEN,18,Kolkata
CLM0055801,KOL_02972,Tollygunge,2022-02-14,14,0,0,0,0,0,0,0,0,0,0.0,0.169774,1,1.0,0,375,1,0,0.6521,0.018,GREEN,47,Kolkata
CLM0055802,KOL_01434,Park Street,2019-08-13,14,0,0,0,0,0,0,0,0,0,0.0,0.227468,0,0.0,0,270,2,2,0.6944,0.0208,GREEN,22,Kolkata
CLM0055803,KOL_01326,Salt Lake,2024-04-18,18,0,0,0,1,0,0,0,0,0,0.0,0.176734,0,0.0,0,420,1,3,0.1995,0.1051,GREEN,31,Kolkata
CLM0055804,KOL_08543,Dum Dum,2022-11-07,20,0,0,0,1,1,1,1,1,1,0.0,1.0,0,0.0,1,5,3,18,0.1741,0.1171,GREEN,28,Kolkata
CLM0055805,KOL_04747,Esplanade,2022-03-27,8,0,0,0,0,0,0,0,0,0,0.0,0.1271,0,0.0,0,50,2,5,0.5463,0.0,GREEN,39,Kolkata
CLM0055806,KOL_08374,Behala,2024-05-02,11,0,0,0,0,0,0,0,0,0,0.0,0.228932,0,0.0,0,244,2,0,0.6678,0.0041,GREEN,42,Kolkata
CLM0055807,KOL_07333,Howrah,2024-08-26,13,0,0,0,0,1,0,0,0,0,0.0,0.046099,0,0.0,1,97,4,2,0.1682,0.1365,GREEN,27,Kolkata
CLM0055808,KOL_08387,Tollygunge,2024-05-04,13,0,0,0,0,1,0,0,0,0,0.0,0.089715,0,0.0,0,244,4,1,0.2945,0.0611,GREEN,32,Kolkata
CLM0055809,KOL_05681,Howrah,2024-11-18,8,0,0,0,0,0,0,0,0,0,0.0,0.030039,0,1.0,0,393,4,2,0.4436,0.0318,GREEN,33,Kolkata
CLM0055810,KOL_02642,Sealdah,2025-01-21,13,0,0,0,0,0,0,1,0,0,0.0,0.220384,0,0.0,1,180,0,2,0.6497,0.2045,GREEN,29,Kolkata
CLM0055811,KOL_08206,Sealdah,2025-11-16,13,0,0,0,0,0,0,0,0,0,0.0,0.05255,0,0.0,0,420,2,4,0.5186,0.0945,GREEN,34,Kolkata
CLM0055812,KOL_05869,Behala,2024-03-28,17,0,0,0,0,0,1,0,1,0,0.0,0.11885,0,0.0,0,371,1,0,0.9305,0.3084,GREEN,33,Kolkata
CLM0055813,KOL_07278,Dum Dum,2025-07-01,12,0,0,0,0,0,0,0,0,0,0.0,0.288798,1,0.0,0,76,1,2,0.6457,0.0771,GREEN,18,Kolkata
CLM0055814,KOL_06188,Dum Dum,2024-05-11,17,0,1,1,0,0,0,0,0,0,1.0,0.426104,0,0.0,0,83,3,0,0.7607,0.0237,GREEN,18,Kolkata
CLM0055815,KOL_05709,Salt Lake,2025-01-04,15,0,0,0,0,0,0,0,0,0,0.0,0.311593,0,0.0,0,78,3,1,0.8617,0.0,GREEN,30,Kolkata
CLM0055816,KOL_03511,Tollygunge,2025-08-13,20,0,0,0,0,0,0,0,0,0,1.0,0.999153,0,0.0,0,420,1,0,0.6024,0.1388,GREEN,31,Kolkata
CLM0055817,KOL_07572,Park Street,2025-09-07,20,0,0,0,0,0,0,0,0,0,0.0,0.3791,0,0.0,0,339,0,3,0.7354,0.0636,GREEN,36,Kolkata
CLM0055818,KOL_06046,Dum Dum,2016-11-15,18,0,0,0,0,0,0,0,0,0,1.0,0.298253,0,0.0,0,368,3,6,0.5356,0.0863,GREEN,39,Kolkata
CLM0055819,KOL_08545,Dum Dum,2025-01-06,13,0,0,0,0,0,0,0,1,0,0.0,0.0,0,0.0,0,110,1,3,0.98,0.1637,GREEN,52,Kolkata
CLM0055820,KOL_05263,Salt Lake,2025-10-12,13,0,0,0,0,0,0,0,0,0,0.0,0.173472,0,0.0,0,243,3,4,0.6809,0.0,GREEN,43,Kolkata
CLM0055821,KOL_09018,Garia,2021-05-10,9,0,0,0,0,0,0,0,0,0,0.0,0.95037,0,0.0,0,209,3,0,0.2901,0.0,GREEN,54,Kolkata
CLM0055822,KOL_00513,Behala,2025-08-24,19,0,0,0,0,0,0,0,0,0,0.0,0.0,0,0.0,0,112,0,0,0.7437,0.0514,GREEN,38,Kolkata
CLM0055823,KOL_04987,Sealdah,2025-03-30,12,0,0,0,1,0,0,0,0,0,1.0,0.415483,0,0.0,0,420,0,3,0.8262,0.2414,GREEN,52,Kolkata
CLM0055824,KOL_04492,Esplanade,2023-07-22,11,0,0,0,1,0,0,0,0,0,0.0,0.436319,1,0.0,0,202,0,2,0.8148,0.2241,GREEN,26,Kolkata
CLM0055825,KOL_03291,Tollygunge,2018-06-28,8,0,0,0,0,0,0,0,0,0,0.0,0.110684,0,0.0,0,84,3,2,0.4375,0.1423,GREEN,49,Kolkata
CLM0055826,KOL_00683,Sealdah,2025-07-27,18,0,0,0,0,0,0,0,0,0,0.0,0.350186,0,0.0,1,244,4,0,0.6066,0.05,GREEN,35,Kolkata
CLM0055827,KOL_07307,Park Street,2020-01-03,16,0,0,0,0,0,0,0,0,0,0.0,0.199584,0,0.0,0,166,2,3,0.8239,0.0557,GREEN,43,Kolkata
CLM0055828,KOL_03790,Sealdah,2023-08-03,14,0,0,0,1,1,0,1,0,0,1.0,1.0,0,0.0,0,28,3,10,0.05,0.0,GREEN,18,Kolkata
CLM0055829,KOL_08052,Garia,2024-02-10,14,0,0,0,0,0,0,0,0,0,0.0,0.108526,0,0.0,0,264,3,2,0.8821,0.0057,GREEN,48,Kolkata
CLM0055830,KOL_00093,New Town,2025-09-22,15,0,0,0,0,0,0,0,1,0,0.0,0.38719,0,0.0,0,147,3,6,0.05,0.0359,GREEN,34,Kolkata
CLM0055831,KOL_08440,Salt Lake,2024-07-04,19,0,0,0,0,0,0,0,1,0,0.0,0.316068,0,0.0,0,420,4,1,0.6158,0.1198,GREEN,33,Kolkata
CLM0055832,KOL_09788,Salt Lake,2025-07-31,15,0,0,0,1,1,0,0,0,0,0.0,0.158342,0,0.0,0,140,1,0,0.5303,0.1835,GREEN,46,Kolkata
CLM0055833,KOL_06552,New Town,2024-12-28,7,0,1,1,0,0,0,0,0,0,0.0,0.095237,0,0.0,0,396,4,2,0.8642,0.0,GREEN,45,Kolkata
CLM0055834,KOL_04749,Behala,2023-01-25,19,0,0,0,0,0,0,0,0,0,0.0,0.308256,0,0.0,0,420,2,0,0.8918,0.1227,GREEN,34,Kolkata
CLM0055835,KOL_07470,Esplanade,2022-05-10,14,0,0,0,0,0,0,0,0,0,0.0,0.218789,0,0.0,0,402,2,1,0.5412,0.0,GREEN,39,Kolkata
CLM0055836,KOL_07755,Esplanade,2020-12-10,20,0,1,1,0,0,0,1,0,0,0.0,0.204903,0,0.0,0,81,0,0,0.7052,0.0896,GREEN,42,Kolkata
CLM0055837,KOL_03378,Park Street,2021-05-18,13,0,0,0,0,0,0,0,0,0,0.0,0.425783,0,0.0,0,338,3,7,0.8961,0.0584,GREEN,21,Kolkata
CLM0055838,KOL_04493,Salt Lake,2023-01-08,12,0,0,0,1,0,0,0,0,0,1.0,0.222197,0,0.0,0,404,0,1,0.7803,0.2463,GREEN,52,Kolkata
CLM0055839,KOL_07827,Sealdah,2021-04-20,11,0,0,0,0,0,0,0,0,0,0.0,0.261647,0,0.0,0,231,4,2,0.1476,0.0483,GREEN,27,Kolkata
CLM0055840,KOL_06225,Park Street,2020-03-29,14,0,0,0,0,0,0,0,0,0,0.0,0.182098,0,0.0,0,385,4,0,0.7376,0.0047,GREEN,26,Kolkata
CLM0055841,KOL_09052,Dum Dum,2022-04-18,12,0,0,0,0,0,0,0,0,0,0.0,0.257486,0,0.0,0,79,1,1,0.3427,0.0,GREEN,40,Kolkata
CLM0055842,KOL_04464,Park Street,2023-10-15,9,0,0,0,0,0,0,0,0,0,0.0,0.299208,0,0.0,0,98,1,1,0.1544,0.0,GREEN,35,Kolkata
CLM0055843,KOL_06611,Tollygunge,2024-04-20,11,0,0,0,0,0,0,0,0,0,0.0,0.924966,0,0.0,0,173,3,3,0.98,0.0,GREEN,38,Kolkata
CLM0055844,KOL_03494,Dum Dum,2024-03-09,12,0,0,0,0,0,0,0,0,0,0.0,1.0,0,0.0,0,42,0,1,0.2507,0.0,GREEN,33,Kolkata
CLM0055845,KOL_06900,Park Street,2024-12-03,9,0,0,0,0,0,0,0,0,0,0.0,0.366545,0,0.0,0,302,0,0,0.5597,0.0401,GREEN,18,Kolkata
CLM0055846,KOL_08342,Sealdah,2024-01-04,19,0,0,0,0,0,0,0,0,0,0.0,0.998015,0,0.0,0,169,4,0,0.5661,0.0,GREEN,29,Kolkata
CLM0055847,KOL_07386,Howrah,2023-12-10,18,0,0,0,0,0,0,0,0,0,0.0,0.029121,0,0.0,0,290,1,2,0.5171,0.0,GREEN,26,Kolkata
CLM0055848,KOL_00762,Park Street,2024-12-29,19,0,0,0,0,0,0,0,0,0,0.0,0.378489,0,0.0,0,226,3,0,0.5849,0.0,GREEN,51,Kolkata
CLM0055849,KOL_01467,Howrah,2024-09-20,7,0,0,0,0,0,0,0,0,0,0.0,0.238333,0,0.0,0,48,1,0,0.9593,0.223,GREEN,43,Kolkata
CLM0055850,KOL_02599,Esplanade,2025-10-03,11,0,0,0,0,0,1,0,0,0,0.0,0.187139,0,0.0,0,420,2,2,0.9328,0.1751,GREEN,37,Kolkata
CLM0055851,KOL_08185,Park Street,2024-11-21,15,0,0,0,0,0,0,0,0,0,0.0,0.989432,0,0.0,0,412,0,0,0.8524,0.1946,GREEN,50,Kolkata
CLM0055852,KOL_00996,Tollygunge,2025-09-12,9,0,0,0,0,0,0,0,0,0,0.0,0.052409,0,0.0,0,97,0,2,0.7109,0.0669,GREEN,34,Kolkata
CLM0055853,KOL_03202,Dum Dum,2024-09-03,17,0,0,0,0,0,0,0,0,0,0.0,0.100967,0,0.0,0,34,3,0,0.2433,0.0032,GREEN,37,Kolkata
CLM0055854,KOL_08687,Tollygunge,2019-07-08,12,0,0,0,0,0,0,0,0,0,0.0,0.25785,0,0.0,0,47,2,2,0.4714,0.0,GREEN,24,Kolkata
CLM0055855,KOL_02367,Garia,2021-09-29,11,0,0,0,0,0,0,0,0,0,0.0,0.072569,0,0.0,0,308,3,1,0.59,0.0,GREEN,39,Kolkata
CLM0055856,KOL_02588,New Town,2019-10-06,20,0,0,0,0,0,0,0,0,0,0.0,0.319246,0,0.0,0,420,0,2,0.0731,0.0204,GREEN,22,Kolkata
CLM0055857,KOL_00758,Dum Dum,2021-06-10,21,0,0,0,0,0,0,0,1,0,0.0,0.282754,0,0.0,0,98,3,3,0.8348,0.1195,GREEN,42,Kolkata
CLM0055858,KOL_04450,New Town,2021-07-11,21,0,0,0,0,0,0,0,0,0,1.0,0.08779,0,0.0,0,420,4,1,0.5936,0.1321,GREEN,44,Kolkata
CLM0055859,KOL_04537,Howrah,2024-12-08,9,0,0,0,0,0,0,0,0,0,0.0,0.180763,0,0.0,0,170,4,0,0.5051,0.0,GREEN,35,Kolkata
CLM0055860,KOL_03076,Dum Dum,2015-12-03,7,0,0,0,0,0,1,0,0,0,0.0,0.184377,0,0.0,0,317,2,6,0.6387,0.1385,GREEN,36,Kolkata
CLM0055861,KOL_05752,Garia,2015-07-05,19,0,0,0,0,1,0,0,0,0,0.0,0.364333,0,0.0,0,146,4,3,0.8717,0.0502,GREEN,40,Kolkata
CLM0055862,KOL_02965,Tollygunge,2020-08-31,9,0,0,0,0,0,0,0,0,0,0.0,0.367351,0,0.0,0,293,0,0,0.7347,0.1125,GREEN,33,Kolkata
CLM0055863,KOL_04564,Esplanade,2018-05-20,18,0,0,0,0,1,0,0,0,0,0.0,0.177233,0,0.0,0,219,2,2,0.7812,0.1035,GREEN,18,Kolkata
CLM0055864,KOL_04134,Tollygunge,2018-03-01,16,0,0,0,0,0,0,0,0,0,0.0,0.0,0,0.0,0,216,0,0,0.7978,0.0384,GREEN,42,Kolkata
CLM0055865,KOL_09377,Tollygunge,2018-07-04,18,0,0,0,0,0,0,0,1,0,0.0,0.281052,0,0.0,0,375,1,0,0.4827,0.015,GREEN,33,Kolkata
CLM0055866,KOL_09917,Park Street,2020-03-31,16,0,0,0,0,0,0,0,0,0,0.0,1.0,0,0.0,0,165,1,3,0.7659,0.1103,GREEN,45,Kolkata
CLM0055867,KOL_03527,Dum Dum,2023-10-06,10,0,1,1,1,1,1,1,1,0,0.0,0.03967,0,0.0,1,23,0,18,0.9088,0.6287,RED,35,Kolkata
CLM0055868,KOL_02777,Behala,2025-01-02,21,0,1,1,0,0,1,1,1,1,0.0,0.158332,0,0.0,1,5,0,17,0.9361,0.4432,YELLOW,48,Kolkata
CLM0055869,KOL_04368,Salt Lake,2018-09-27,15,0,1,1,1,0,0,1,1,1,1.0,0.474561,0,1.0,0,23,1,18,0.3166,0.414,YELLOW,35,Kolkata
CLM0055870,KOL_04171,New Town,2016-06-24,11,0,1,1,0,1,0,0,0,1,0.0,0.423283,0,0.0,1,192,0,2,0.9725,0.3358,YELLOW,34,Kolkata
CLM0055871,KOL_06363,New Town,2020-08-07,9,0,1,1,0,0,1,0,1,0,1.0,0.0,0,1.0,1,9,1,18,0.2189,0.5471,YELLOW,51,Kolkata
CLM0055872,KOL_09222,Garia,2021-01-04,14,0,1,1,0,0,1,0,0,0,0.0,0.383879,0,0.0,0,420,1,3,0.5856,0.3603,YELLOW,28,Kolkata
CLM0055873,KOL_01807,Sealdah,2020-03-08,8,0,1,1,0,0,0,0,0,0,0.0,1.0,0,0.0,0,134,0,3,0.8667,0.7569,RED,39,Kolkata
CLM0055874,KOL_04723,Dum Dum,2024-12-11,12,0,1,1,0,1,1,0,1,1,0.0,0.12521,0,0.0,1,5,0,10,0.8654,0.661,RED,30,Kolkata
CLM0055875,KOL_02112,Park Street,2018-04-18,20,0,1,1,0,0,0,1,1,0,1.0,0.941694,1,1.0,0,5,0,18,0.0522,0.2591,GREEN,37,Kolkata
CLM0055876,KOL_08492,Howrah,2018-12-19,7,0,1,1,0,0,1,1,1,1,0.0,0.405538,0,1.0,0,7,1,18,0.2351,0.4242,YELLOW,27,Kolkata
CLM0055877,KOL_05547,Garia,2025-06-13,10,0,0,0,0,0,0,0,0,0,0.0,0.164336,0,0.0,0,267,4,2,0.7592,0.0,GREEN,52,Kolkata
CLM0055878,KOL_05613,Salt Lake,2024-02-05,19,0,0,0,0,0,0,0,0,0,0.0,0.232944,0,0.0,0,100,2,4,0.6712,0.0,GREEN,30,Kolkata
CLM0055879,KOL_05892,Esplanade,2025-08-24,20,0,0,0,0,0,0,1,0,1,0.0,0.382804,0,0.0,0,42,1,0,0.86,0.1488,GREEN,49,Kolkata
CLM0055880,KOL_04733,New Town,2023-03-02,12,0,0,0,0,0,0,0,0,0,0.0,0.118214,0,0.0,0,90,2,0,0.5535,0.0,GREEN,24,Kolkata
CLM0055881,KOL_01862,Park Street,2024-05-16,17,0,0,0,0,0,0,0,1,0,0.0,0.449251,0,0.0,0,313,2,2,0.6349,0.0622,GREEN,51,Kolkata
CLM0055882,KOL_03312,Behala,2024-03-22,12,0,0,0,0,0,0,0,0,0,0.0,0.179657,0,0.0,1,253,2,4,0.6135,0.1119,GREEN,43,Kolkata
CLM0055883,KOL_00626,New Town,2023-06-15,17,0,0,0,0,0,0,0,0,0,0.0,0.162552,0,0.0,0,260,4,3,0.6514,0.0,GREEN,47,Kolkata
CLM0055884,KOL_02642,Sealdah,2018-05-10,10,0,0,0,0,0,0,0,1,0,0.0,0.439962,0,0.0,0,365,3,3,0.7447,0.1375,GREEN,29,Kolkata
CLM0055885,KOL_08460,New Town,2025-02-19,10,0,0,0,0,0,0,0,0,0,0.0,0.079749,0,0.0,1,224,0,7,0.9486,0.0573,GREEN,33,Kolkata
CLM0055886,KOL_02413,Dum Dum,2024-09-14,15,0,0,0,0,0,1,0,1,0,0.0,0.078592,0,0.0,0,55,0,9,0.858,0.2343,GREEN,29,Kolkata
CLM0055887,KOL_01782,Park Street,2018-04-18,17,0,0,0,0,1,0,0,0,0,0.0,0.081492,0,0.0,0,420,2,1,0.1118,0.0878,GREEN,27,Kolkata
CLM0055888,KOL_01279,Sealdah,2024-11-28,14,0,0,0,0,0,0,0,0,0,0.0,0.292785,0,0.0,0,390,2,1,0.8419,0.0376,GREEN,34,Kolkata
CLM0055889,KOL_05465,Sealdah,2022-09-27,11,0,0,0,1,1,0,1,0,1,1.0,1.0,1,1.0,0,5,2,18,0.8868,0.1773,GREEN,18,Kolkata
CLM0055890,KOL_05603,Esplanade,2021-05-13,21,0,0,0,1,1,1,1,0,0,0.0,0.0,0,0.0,1,10,4,18,0.3712,0.0954,GREEN,23,Kolkata
CLM0055891,KOL_06776,Salt Lake,2021-12-18,13,0,0,0,0,0,0,0,0,0,0.0,0.048706,0,0.0,0,188,1,5,0.897,0.0,GREEN,54,Kolkata
CLM0055892,KOL_09003,Sealdah,2020-07-20,11,0,0,0,0,0,0,0,0,0,0.0,0.052399,0,0.0,0,304,2,0,0.9798,0.0264,GREEN,38,Kolkata
CLM0055893,KOL_03990,Howrah,2020-09-20,12,0,0,0,0,0,0,0,1,0,0.0,0.148369,0,0.0,0,89,1,0,0.2043,0.0371,GREEN,46,Kolkata
CLM0055894,KOL_09572,Sealdah,2025-06-23,21,0,0,0,1,0,0,0,0,0,0.0,0.994286,0,0.0,0,332,2,2,0.9145,0.2004,GREEN,53,Kolkata
CLM0055895,KOL_08016,Garia,2021-04-16,18,0,0,0,1,0,0,0,0,0,0.0,0.101407,0,0.0,0,382,0,4,0.9005,0.2299,GREEN,18,Kolkata
CLM0055896,KOL_04283,Salt Lake,2024-04-07,11,0,0,0,0,0,0,0,0,0,0.0,0.096952,0,0.0,0,39,2,3,0.98,0.0101,GREEN,30,Kolkata
CLM0055897,KOL_00474,Tollygunge,2020-04-26,9,0,0,0,0,0,0,0,0,0,0.0,0.329339,0,0.0,0,36,2,3,0.6176,0.027,GREEN,33,Kolkata
CLM0055898,KOL_02598,Tollygunge,2018-11-26,8,0,0,0,1,0,1,0,1,0,0.0,0.204834,0,0.0,0,196,2,0,0.6872,0.4261,YELLOW,47,Kolkata
CLM0055899,KOL_07129,Park Street,2020-08-24,18,0,1,1,0,1,0,1,1,1,0.0,0.986169,1,1.0,1,55,1,18,0.1138,0.0169,GREEN,39,Kolkata
CLM0055900,KOL_02285,Tollygunge,2018-07-11,18,0,0,0,0,1,0,0,0,0,0.0,0.255066,0,0.0,0,159,2,3,0.6035,0.0911,GREEN,24,Kolkata
CLM0055901,KOL_07356,Howrah,2022-11-08,12,0,0,0,0,0,0,0,0,0,0.0,0.031705,0,0.0,0,43,2,2,0.98,0.0,GREEN,34,Kolkata
CLM0055902,KOL_03091,Garia,2024-08-28,9,0,0,0,0,0,0,0,0,0,0.0,0.148913,0,0.0,0,100,1,0,0.6237,0.0309,GREEN,35,Kolkata
CLM0055903,KOL_02492,Dum Dum,2020-02-01,7,0,0,0,0,0,1,0,0,0,0.0,0.0,0,0.0,0,420,1,3,0.8296,0.0813,GREEN,34,Kolkata
CLM0055904,KOL_01310,Tollygunge,2024-04-06,21,0,0,0,0,0,0,0,0,0,0.0,0.288529,0,0.0,0,296,0,2,0.7371,0.02,GREEN,35,Kolkata
CLM0055905,KOL_08034,Sealdah,2021-09-23,12,0,0,0,0,0,0,0,0,0,0.0,0.061353,0,0.0,0,420,1,0,0.8419,0.0141,GREEN,53,Kolkata
CLM0055906,KOL_05666,Salt Lake,2024-04-26,19,0,0,0,0,0,0,0,0,0,0.0,0.208196,0,0.0,0,323,2,5,0.5915,0.0621,GREEN,37,Kolkata
CLM0055907,KOL_02222,Tollygunge,2025-02-26,15,0,0,0,0,0,0,0,0,0,0.0,0.354538,0,0.0,0,420,2,2,0.5975,0.0576,GREEN,48,Kolkata
CLM0055908,KOL_08052,Garia,2017-12-31,20,0,0,0,0,0,0,1,1,0,0.0,0.175666,0,0.0,0,309,1,3,0.553,0.1616,GREEN,48,Kolkata
CLM0055909,KOL_04016,Dum Dum,2018-03-18,8,0,0,0,0,0,0,0,0,0,0.0,0.0,0,0.0,0,97,2,4,0.9163,0.0099,GREEN,32,Kolkata
CLM0055910,KOL_01192,New Town,2022-03-23,17,0,0,0,0,0,0,0,0,0,0.0,0.371735,0,0.0,0,265,1,0,0.6256,0.0,GREEN,37,Kolkata
CLM0055911,KOL_00172,Tollygunge,2021-03-16,21,0,0,0,0,0,0,0,1,0,0.0,0.105652,0,0.0,0,372,4,0,0.7717,0.0449,GREEN,32,Kolkata
CLM0055912,KOL_08339,Park Street,2025-04-06,12,0,0,0,0,0,0,0,0,0,0.0,0.115467,0,0.0,0,51,1,7,0.98,0.1005,GREEN,22,Kolkata
CLM0055913,KOL_01662,Tollygunge,2021-12-27,8,0,0,0,0,0,0,1,0,0,0.0,1.0,0,0.0,0,420,4,4,0.5535,0.0,GREEN,30,Kolkata
CLM0055914,KOL_02407,Salt Lake,2024-05-03,16,0,0,0,0,0,0,0,0,0,0.0,0.180578,0,0.0,0,420,4,3,0.5015,0.038,GREEN,38,Kolkata
CLM0055915,KOL_07422,Behala,2019-10-10,19,0,0,0,0,0,0,1,0,0,0.0,0.842241,0,0.0,0,296,3,0,0.9793,0.0662,GREEN,38,Kolkata
CLM0055916,KOL_00642,Howrah,2025-11-04,14,0,0,0,0,0,0,1,0,0,0.0,0.279272,0,0.0,0,410,1,0,0.1486,0.0224,GREEN,35,Kolkata
CLM0055917,KOL_00267,Sealdah,2017-07-24,13,0,1,1,0,1,0,1,1,1,1.0,0.935764,0,1.0,1,5,2,18,0.05,0.056,GREEN,36,Kolkata
CLM0055918,KOL_06727,Sealdah,2018-01-09,8,0,0,0,0,0,0,0,0,0,0.0,0.192864,0,0.0,0,118,3,3,0.599,0.1213,GREEN,26,Kolkata
CLM0055919,KOL_00111,Howrah,2024-05-06,7,0,0,0,0,0,0,0,0,0,0.0,0.24037,1,0.0,0,392,3,6,0.0555,0.1539,GREEN,36,Kolkata
CLM0055920,KOL_09730,Garia,2023-03-18,18,0,0,0,0,0,0,0,0,0,0.0,0.956994,0,0.0,0,100,2,0,0.6169,0.0403,GREEN,28,Kolkata
CLM0055921,KOL_04991,Salt Lake,2018-10-23,10,0,0,0,0,0,0,1,0,0,0.0,0.090951,0,0.0,0,245,4,5,0.6445,0.0646,GREEN,45,Kolkata
CLM0055922,KOL_09681,Sealdah,2019-06-02,18,0,0,0,0,0,0,0,0,1,0.0,0.169523,0,0.0,0,187,1,0,0.8138,0.1687,GREEN,47,Kolkata
CLM0055923,KOL_06306,New Town,2022-05-24,12,0,0,0,0,0,1,1,0,0,0.0,0.129135,0,1.0,0,118,1,6,0.866,0.1783,GREEN,31,Kolkata
CLM0055924,KOL_04705,Esplanade,2025-03-29,14,0,0,0,0,0,0,0,0,0,0.0,0.059052,0,0.0,0,339,1,5,0.621,0.0102,GREEN,18,Kolkata
CLM0055925,KOL_09128,Behala,2025-06-28,11,0,0,0,0,0,1,0,1,0,1.0,0.97659,0,1.0,0,314,1,3,0.5593,0.1306,GREEN,40,Kolkata
CLM0055926,KOL_07066,New Town,2021-01-13,21,0,0,0,0,0,0,0,0,0,0.0,0.228896,0,1.0,0,215,1,1,0.8132,0.0543,GREEN,21,Kolkata
CLM0055927,KOL_02723,Salt Lake,2021-11-08,11,0,0,0,0,0,0,0,0,0,0.0,0.385418,0,0.0,0,189,3,0,0.8856,0.0255,GREEN,53,Kolkata
CLM0055928,KOL_04722,Garia,2025-04-25,21,0,0,0,0,0,0,0,0,0,0.0,0.162786,0,0.0,0,86,2,1,0.1926,0.0,GREEN,34,Kolkata
CLM0055929,KOL_03827,Dum Dum,2023-04-27,9,0,0,0,0,0,1,1,0,0,0.0,0.039406,0,0.0,0,420,0,1,0.9347,0.1868,GREEN,60,Kolkata
CLM0055930,KOL_06188,Dum Dum,2024-02-12,8,0,0,0,0,0,0,0,0,0,0.0,0.079013,1,0.0,0,128,0,6,0.6331,0.0,GREEN,18,Kolkata
CLM0055931,KOL_00483,Dum Dum,2021-10-31,16,0,0,0,0,0,0,0,0,0,0.0,0.929739,0,0.0,0,125,1,3,0.98,0.025,GREEN,48,Kolkata
CLM0055932,KOL_04491,Esplanade,2024-05-28,19,0,0,0,0,0,0,0,0,0,0.0,0.263101,0,1.0,0,362,0,2,0.9037,0.0389,GREEN,47,Kolkata
CLM0055933,KOL_08449,Behala,2024-07-30,8,0,0,0,0,0,0,0,0,0,0.0,0.197378,0,0.0,0,420,3,3,0.8638,0.0,GREEN,49,Kolkata
CLM0055934,KOL_09486,Garia,2025-03-25,14,0,0,0,0,0,0,0,0,0,0.0,0.249742,0,0.0,0,23,1,0,0.7923,0.0908,GREEN,38,Kolkata
CLM0055935,KOL_01729,Howrah,2025-04-11,18,0,0,0,0,0,0,0,0,0,0.0,0.073332,0,0.0,0,329,1,2,0.5546,0.052,GREEN,37,Kolkata
CLM0055936,KOL_09601,Garia,2021-08-16,7,0,0,0,0,0,0,0,0,1,0.0,0.092588,0,0.0,0,115,1,3,0.7699,0.0969,GREEN,47,Kolkata
CLM0055937,KOL_02222,Tollygunge,2021-04-01,20,0,0,0,0,0,0,0,0,0,0.0,0.0,0,0.0,0,165,2,3,0.968,0.065,GREEN,48,Kolkata
CLM0055938,KOL_04141,New Town,2020-11-13,12,0,1,1,1,1,0,1,1,0,1.0,0.53673,1,1.0,1,5,4,18,0.05,0.0012,GREEN,38,Kolkata
CLM0055939,KOL_06446,Behala,2023-03-04,17,0,0,0,0,0,0,0,0,0,1.0,0.125962,0,0.0,0,395,0,0,0.5088,0.082,GREEN,44,Kolkata
CLM0055940,KOL_03783,Park Street,2021-05-30,19,0,0,0,0,0,0,0,0,0,0.0,0.127018,0,0.0,0,420,2,0,0.9442,0.0,GREEN,52,Kolkata
CLM0055941,KOL_00469,Salt Lake,2021-08-29,15,0,0,0,0,0,0,0,0,0,0.0,0.251547,0,0.0,0,379,1,5,0.6963,0.0,GREEN,46,Kolkata
CLM0055942,KOL_09785,New Town,2021-09-10,20,0,0,0,1,1,0,1,1,1,0.0,0.321082,1,0.0,1,7,0,18,0.3586,0.1003,GREEN,38,Kolkata
CLM0055943,KOL_03698,New Town,2021-03-07,19,0,0,0,0,0,0,0,0,0,0.0,0.181738,0,0.0,0,81,1,3,0.8042,0.0,GREEN,36,Kolkata
CLM0055944,KOL_04492,Esplanade,2021-01-18,14,0,0,0,1,1,0,1,0,1,0.0,0.916973,0,0.0,1,22,2,18,0.225,0.0335,GREEN,26,Kolkata
CLM0055945,KOL_05805,Tollygunge,2019-11-19,15,0,0,0,0,0,0,0,0,0,0.0,0.080719,0,0.0,1,25,3,2,0.6173,0.0,GREEN,28,Kolkata
CLM0055946,KOL_02389,Garia,2018-09-27,12,0,0,0,1,1,0,0,0,0,0.0,0.120404,0,0.0,0,236,1,5,0.6837,0.2583,GREEN,36,Kolkata
CLM0055947,KOL_00401,Salt Lake,2020-07-07,13,0,0,0,0,0,0,0,0,0,0.0,0.131299,0,0.0,0,205,4,1,0.7769,0.0,GREEN,45,Kolkata
CLM0055948,KOL_09979,Tollygunge,2018-06-09,21,0,0,0,0,0,0,0,0,0,0.0,0.094791,0,0.0,0,249,4,5,0.05,0.0,GREEN,58,Kolkata
CLM0055949,KOL_01237,Howrah,2016-07-23,7,0,0,0,0,0,0,0,0,1,0.0,1.0,0,0.0,0,87,3,0,0.759,0.1244,GREEN,37,Kolkata
CLM0055950,KOL_08666,Tollygunge,2025-06-17,10,0,0,0,0,1,1,0,0,0,0.0,0.334323,0,0.0,0,181,4,1,0.9267,0.2515,GREEN,37,Kolkata
CLM0055951,KOL_04091,Esplanade,2023-11-28,9,0,0,0,0,0,0,0,0,1,0.0,0.191916,0,0.0,0,229,0,0,0.05,0.0975,GREEN,31,Kolkata
CLM0055952,KOL_07238,Sealdah,2016-10-14,17,0,0,0,0,1,0,0,1,0,0.0,0.253426,0,0.0,0,119,4,3,0.98,0.2077,GREEN,44,Kolkata
CLM0055953,KOL_05709,Salt Lake,2023-01-29,13,0,0,0,0,0,0,0,0,0,0.0,0.185493,0,0.0,0,96,4,3,0.5731,0.0,GREEN,30,Kolkata
CLM0055954,KOL_07518,Park Street,2024-02-23,10,0,0,0,0,0,0,0,0,0,0.0,0.181159,0,0.0,0,211,2,2,0.98,0.0,GREEN,38,Kolkata
CLM0055955,KOL_01916,Salt Lake,2016-08-06,10,0,0,0,0,0,0,0,0,0,0.0,0.0,1,0.0,0,93,4,5,0.8914,0.0528,GREEN,35,Kolkata
CLM0055956,KOL_02304,New Town,2020-07-29,15,0,0,0,0,0,0,0,0,0,0.0,0.336977,0,0.0,0,133,4,3,0.8088,0.0,GREEN,46,Kolkata
CLM0055957,KOL_03096,Howrah,2025-04-28,17,0,0,0,0,0,0,0,0,0,0.0,0.249289,0,0.0,0,170,4,0,0.9184,0.0532,GREEN,24,Kolkata
CLM0055958,KOL_06089,Salt Lake,2022-11-01,11,0,0,0,0,0,0,0,1,0,0.0,0.0854,0,0.0,0,178,3,4,0.6021,0.0,GREEN,55,Kolkata
CLM0055959,KOL_03331,Tollygunge,2025-02-11,15,0,0,0,0,0,0,0,0,0,0.0,0.970637,0,0.0,0,116,2,4,0.0632,0.0,GREEN,37,Kolkata
CLM0055960,KOL_05365,Dum Dum,2025-05-16,7,0,0,0,0,0,0,0,0,0,0.0,0.939771,0,0.0,0,223,0,1,0.3549,0.0,GREEN,26,Kolkata
CLM0055961,KOL_08749,Howrah,2025-12-09,21,0,0,0,0,0,0,0,0,0,1.0,0.08902,0,0.0,0,420,3,4,0.0521,0.0592,GREEN,35,Kolkata
CLM0055962,KOL_08884,Esplanade,2024-07-23,13,0,0,0,0,0,0,0,0,0,0.0,0.071188,0,0.0,0,420,4,0,0.8278,0.0112,GREEN,31,Kolkata
CLM0055963,KOL_03111,Sealdah,2019-08-27,8,0,0,0,0,0,0,0,0,0,0.0,0.043833,0,0.0,0,65,0,2,0.7982,0.0,GREEN,23,Kolkata
CLM0055964,KOL_03731,Park Street,2021-12-10,7,0,0,0,0,0,0,0,0,0,0.0,0.192668,0,0.0,0,384,0,0,0.2163,0.0,GREEN,28,Kolkata
CLM0055965,KOL_08305,Salt Lake,2021-06-06,11,0,0,0,0,0,0,0,0,0,0.0,0.276472,0,0.0,0,420,0,0,0.6824,0.0,GREEN,35,Kolkata
CLM0055966,KOL_04842,Garia,2025-10-06,15,0,0,0,0,0,0,0,0,0,0.0,0.26168,0,0.0,0,263,1,6,0.4609,0.022,GREEN,48,Kolkata
CLM0055967,KOL_02364,Esplanade,2021-10-17,7,0,0,0,0,0,0,0,0,0,0.0,0.082687,0,0.0,0,420,0,4,0.05,0.0076,GREEN,50,Kolkata
CLM0055968,KOL_01975,Howrah,2025-03-02,21,0,0,0,0,0,0,0,0,0,0.0,0.017107,0,0.0,0,37,2,1,0.8401,0.042,GREEN,32,Kolkata
CLM0055969,KOL_07969,Dum Dum,2022-06-30,17,0,1,1,0,0,0,0,0,0,0.0,0.0,0,0.0,0,198,3,0,0.7982,0.0771,GREEN,28,Kolkata
CLM0055970,KOL_03386,Garia,2019-05-07,11,0,0,0,1,0,0,0,0,0,0.0,0.06926,0,0.0,0,398,4,2,0.8003,0.1662,GREEN,45,Kolkata
CLM0055971,KOL_02486,Esplanade,2024-11-24,21,0,0,0,1,0,0,0,0,0,0.0,0.041324,0,0.0,0,249,4,5,0.7509,0.1544,GREEN,33,Kolkata
CLM0055972,KOL_06874,Tollygunge,2022-11-27,18,0,1,1,1,0,0,1,0,0,0.0,0.136926,0,0.0,0,275,1,1,0.9731,0.1829,GREEN,34,Kolkata
CLM0055973,KOL_05666,Salt Lake,2024-12-14,13,0,0,0,0,0,0,0,0,0,0.0,0.971444,0,0.0,0,348,0,5,0.6352,0.0064,GREEN,37,Kolkata
CLM0055974,KOL_05776,Dum Dum,2025-09-21,14,0,0,0,0,0,0,0,0,0,0.0,0.130572,0,0.0,0,248,3,3,0.9115,0.0,GREEN,45,Kolkata
CLM0055975,KOL_08344,Salt Lake,2024-12-18,10,0,0,0,0,1,1,0,0,0,0.0,0.203607,0,0.0,0,292,4,7,0.8255,0.1988,GREEN,33,Kolkata
CLM0055976,KOL_06102,Garia,2023-12-18,13,0,0,0,0,0,0,0,0,0,0.0,0.334073,0,0.0,0,167,3,3,0.8485,0.0,GREEN,32,Kolkata
CLM0055977,KOL_05714,Behala,2022-10-16,20,0,0,0,1,0,0,1,1,1,0.0,0.130336,0,0.0,1,5,1,18,0.932,0.0852,GREEN,36,Kolkata
CLM0055978,KOL_04522,Park Street,2024-10-06,12,0,0,0,1,0,0,0,0,0,0.0,0.249792,0,0.0,0,160,1,2,0.2092,0.0496,GREEN,50,Kolkata
CLM0055979,KOL_04862,Garia,2022-10-03,17,0,0,0,0,0,0,0,0,0,0.0,0.189601,0,0.0,0,272,4,5,0.6101,0.0486,GREEN,40,Kolkata
CLM0055980,KOL_07245,Dum Dum,2023-09-17,11,0,0,0,0,0,0,0,0,0,0.0,0.303112,0,0.0,0,65,1,0,0.6417,0.0,GREEN,39,Kolkata
CLM0055981,KOL_06856,Esplanade,2023-09-29,9,0,0,0,0,0,0,1,0,0,0.0,0.233063,0,0.0,0,129,4,3,0.7446,0.1319,GREEN,18,Kolkata
CLM0055982,KOL_05677,Salt Lake,2025-07-10,18,0,0,0,0,0,0,0,0,0,0.0,0.209723,0,1.0,0,148,1,6,0.772,0.0622,GREEN,30,Kolkata
CLM0055983,KOL_04582,Esplanade,2024-12-05,9,0,0,0,0,0,0,0,0,0,0.0,0.384608,0,0.0,0,253,2,4,0.8565,0.0,GREEN,50,Kolkata
CLM0055984,KOL_07159,Howrah,2024-11-24,16,0,0,0,0,0,0,0,0,0,0.0,0.190174,0,0.0,0,39,4,1,0.5684,0.0,GREEN,37,Kolkata
CLM0055985,KOL_08184,Tollygunge,2025-05-22,7,0,0,0,0,0,0,0,0,0,0.0,0.179375,1,0.0,1,119,0,3,0.98,0.0881,GREEN,36,Kolkata
CLM0055986,KOL_05499,Park Street,2025-05-03,17,0,0,0,0,0,1,0,0,0,0.0,1.0,0,0.0,0,390,0,0,0.712,0.0686,GREEN,43,Kolkata
CLM0055987,KOL_07566,Howrah,2025-02-23,13,0,0,0,0,0,0,0,1,0,0.0,0.436737,0,0.0,0,169,3,2,0.7305,0.1159,GREEN,32,Kolkata
CLM0055988,KOL_04633,Dum Dum,2025-02-08,12,0,0,0,0,0,1,1,0,0,0.0,0.193347,0,0.0,0,358,3,2,0.8173,0.1434,GREEN,36,Kolkata
CLM0055989,KOL_04275,Tollygunge,2025-12-14,15,0,0,0,0,0,0,0,0,1,1.0,0.954529,0,0.0,0,118,0,2,0.5849,0.1476,GREEN,41,Kolkata
CLM0055990,KOL_01347,Tollygunge,2024-10-26,8,0,0,0,0,0,0,0,1,0,0.0,0.990326,0,0.0,0,404,1,2,0.9349,0.0094,GREEN,52,Kolkata
CLM0055991,KOL_06272,Park Street,2024-05-22,7,0,0,0,0,0,0,0,0,0,0.0,1.0,0,0.0,0,118,4,1,0.5927,0.0,GREEN,44,Kolkata
CLM0055992,KOL_05634,New Town,2022-08-02,21,0,0,0,0,0,0,0,0,0,0.0,0.438781,0,0.0,0,420,3,2,0.6897,0.0,GREEN,49,Kolkata
CLM0055993,KOL_09205,Esplanade,2024-04-30,8,0,0,0,0,0,0,0,0,1,0.0,1.0,0,0.0,0,268,4,4,0.98,0.1732,GREEN,26,Kolkata
CLM0055994,KOL_02570,Garia,2025-11-17,11,0,0,0,0,0,1,1,0,0,0.0,0.133732,0,0.0,0,420,3,3,0.9613,0.1192,GREEN,29,Kolkata
CLM0055995,KOL_01452,New Town,2023-09-03,20,0,0,0,0,0,0,0,0,0,0.0,0.351149,1,0.0,0,289,2,0,0.4827,0.1352,GREEN,28,Kolkata
CLM0055996,KOL_01076,Salt Lake,2021-06-13,8,0,0,0,0,0,0,0,0,0,0.0,0.0,0,0.0,0,75,2,1,0.7388,0.038,GREEN,36,Kolkata
CLM0055997,KOL_01565,Tollygunge,2022-06-12,17,0,0,0,0,0,0,0,0,0,0.0,0.266318,0,0.0,0,420,4,1,0.303,0.0168,GREEN,35,Kolkata
CLM0055998,KOL_06242,Tollygunge,2021-10-28,14,0,0,0,0,0,0,0,0,0,0.0,1.0,0,0.0,0,294,3,0,0.726,0.0,GREEN,29,Kolkata
CLM0055999,KOL_07124,Salt Lake,2021-08-20,10,0,0,0,0,0,0,0,0,0,0.0,0.203032,0,0.0,0,130,2,0,0.6654,0.0059,GREEN,29,Kolkata
CLM0056000,KOL_01109,Garia,2024-12-14,10,0,0,0,0,0,0,0,0,0,0.0,0.0,0,1.0,0,215,2,3,0.8296,0.0,GREEN,35,Kolkata
CLM0056001,KOL_00194,Howrah,2021-09-23,10,0,0,0,0,0,0,1,0,0,1.0,0.094481,0,0.0,0,403,2,0,0.7406,0.1296,GREEN,31,Kolkata
CLM0056002,KOL_07792,Howrah,2024-03-03,8,0,0,0,0,0,0,0,0,0,0.0,0.022336,0,0.0,0,31,3,0,0.6512,0.0,GREEN,31,Kolkata
CLM0056003,KOL_01456,Garia,2022-02-03,18,0,0,0,0,1,0,0,0,0,0.0,0.102837,0,0.0,0,396,4,6,0.9724,0.135,GREEN,32,Kolkata
CLM0056004,KOL_01971,Behala,2024-08-22,19,0,0,0,0,0,0,0,0,0,0.0,0.236056,0,0.0,1,130,1,3,0.7922,0.0623,GREEN,28,Kolkata
CLM0056005,KOL_02320,Howrah,2024-01-06,14,0,0,0,0,0,0,0,0,0,0.0,0.323459,0,0.0,0,377,3,3,0.8207,0.2014,GREEN,35,Kolkata
CLM0056006,KOL_00161,Tollygunge,2025-12-23,13,0,1,1,1,1,1,0,1,1,0.0,1.0,0,0.0,1,9,3,18,0.05,0.0,GREEN,57,Kolkata
CLM0056007,KOL_01359,Garia,2025-02-04,16,0,0,0,0,0,0,0,0,0,1.0,0.240449,0,0.0,0,256,1,1,0.5586,0.1071,GREEN,18,Kolkata
CLM0056008,KOL_00627,New Town,2019-07-04,19,0,0,0,1,0,0,0,0,0,0.0,0.377915,0,0.0,0,341,2,2,0.9022,0.1831,GREEN,32,Kolkata
CLM0056009,KOL_02227,Dum Dum,2023-03-05,11,0,0,0,0,0,0,0,0,0,0.0,0.344946,0,0.0,0,420,4,4,0.7557,0.021,GREEN,32,Kolkata
CLM0056010,KOL_01939,New Town,2023-06-02,20,0,0,0,0,0,0,0,0,0,0.0,0.232396,0,0.0,0,298,0,4,0.5353,0.0429,GREEN,44,Kolkata
CLM0056011,KOL_00670,Salt Lake,2024-02-29,21,0,0,0,0,0,0,0,0,0,0.0,0.139353,0,0.0,0,178,1,2,0.8607,0.0,GREEN,33,Kolkata
CLM0056012,KOL_06219,Salt Lake,2025-09-06,8,0,0,0,0,0,0,1,0,0,0.0,0.204833,0,0.0,0,420,1,4,0.2896,0.0,GREEN,41,Kolkata
CLM0056013,KOL_06608,Sealdah,2025-12-07,19,0,1,1,0,0,0,0,0,0,0.0,0.122559,0,0.0,0,37,1,2,0.5486,0.0095,GREEN,31,Kolkata
CLM0056014,KOL_02826,Behala,2024-04-17,7,0,0,0,0,0,0,0,0,0,1.0,0.07394,0,0.0,0,17,0,0,0.5644,0.1748,GREEN,27,Kolkata
CLM0056015,KOL_00049,New Town,2025-10-17,19,0,0,0,0,0,0,0,0,0,0.0,0.282498,0,0.0,0,418,1,0,0.98,0.0411,GREEN,40,Kolkata
CLM0056016,KOL_03860,Esplanade,2025-08-29,16,0,0,0,0,0,0,0,0,0,0.0,0.214566,0,0.0,0,420,3,6,0.05,0.0234,GREEN,31,Kolkata
CLM0056017,KOL_01305,Howrah,2025-03-31,12,0,0,0,0,1,0,1,0,0,1.0,0.167819,0,0.0,0,236,2,2,0.6627,0.2851,GREEN,18,Kolkata
CLM0056018,KOL_03126,Garia,2023-06-12,11,0,0,0,0,0,0,0,1,0,0.0,0.451582,0,0.0,0,420,4,3,0.5444,0.1077,GREEN,47,Kolkata
CLM0056019,KOL_08526,Sealdah,2018-05-10,8,0,1,1,0,0,0,1,0,0,1.0,1.0,0,1.0,0,412,2,3,0.7558,0.1533,GREEN,54,Kolkata
CLM0056020,KOL_02895,Esplanade,2024-03-11,9,0,0,0,0,0,1,0,0,0,0.0,0.205431,0,0.0,0,373,0,1,0.8444,0.1433,GREEN,38,Kolkata
CLM0056021,KOL_08777,Dum Dum,2018-02-25,20,0,0,0,0,1,0,0,0,0,0.0,0.017761,0,0.0,0,298,1,0,0.5552,0.1034,GREEN,29,Kolkata
CLM0056022,KOL_04593,Sealdah,2024-10-16,14,0,0,0,0,0,0,0,0,0,0.0,0.0,0,0.0,0,5,1,2,0.7751,0.0218,GREEN,31,Kolkata
CLM0056023,KOL_02638,Sealdah,2022-08-29,12,0,0,0,0,0,0,0,0,0,0.0,0.315657,0,0.0,0,318,3,5,0.8611,0.0617,GREEN,31,Kolkata
CLM0056024,KOL_07968,Behala,2025-07-02,21,0,0,0,0,0,1,0,0,0,0.0,0.238588,0,0.0,0,347,3,1,0.1534,0.1185,GREEN,25,Kolkata
CLM0056025,KOL_03059,New Town,2025-04-22,18,0,0,0,0,0,0,1,0,0,0.0,0.143428,0,0.0,0,159,4,3,0.4626,0.0131,GREEN,36,Kolkata
CLM0056026,KOL_00830,Behala,2021-10-27,19,0,0,0,0,0,0,0,0,0,1.0,0.021111,0,0.0,0,25,4,0,0.8542,0.1259,GREEN,30,Kolkata
CLM0056027,KOL_00707,Garia,2020-10-03,8,0,0,0,0,0,0,1,0,0,0.0,0.148738,0,0.0,0,309,0,4,0.6668,0.019,GREEN,33,Kolkata
CLM0056028,KOL_00019,Salt Lake,2019-10-17,11,0,0,0,1,0,0,0,0,0,0.0,0.107019,0,0.0,0,249,1,0,0.7188,0.1365,GREEN,42,Kolkata
CLM0056029,KOL_01425,Park Street,2022-08-14,10,0,0,0,1,0,1,1,1,0,0.0,0.185871,0,0.0,1,19,3,18,0.8045,0.0854,GREEN,27,Kolkata
CLM0056030,KOL_06551,Howrah,2023-02-25,8,0,0,0,0,0,1,0,0,0,1.0,0.203828,0,0.0,0,340,3,3,0.7139,0.2769,GREEN,33,Kolkata
CLM0056031,KOL_07182,Howrah,2018-05-11,10,0,0,0,0,0,0,0,0,0,0.0,0.0,0,0.0,0,355,4,1,0.5771,0.0314,GREEN,22,Kolkata
CLM0056032,KOL_06564,Sealdah,2017-05-13,13,0,0,0,1,0,0,1,0,0,0.0,0.152835,0,0.0,0,159,0,1,0.6602,0.2042,GREEN,51,Kolkata
CLM0056033,KOL_07140,Tollygunge,2022-07-20,8,0,0,0,0,0,0,0,0,0,0.0,0.43275,0,0.0,0,9,4,4,0.8081,0.0,GREEN,41,Kolkata
CLM0056034,KOL_06544,Howrah,2024-09-18,10,0,0,0,0,1,0,1,0,0,0.0,0.227948,0,0.0,0,392,0,6,0.98,0.175,GREEN,42,Kolkata
CLM0056035,KOL_08144,Salt Lake,2017-04-22,21,0,0,0,0,0,0,0,0,0,0.0,0.137768,0,0.0,0,156,1,4,0.7786,0.1332,GREEN,22,Kolkata
CLM0056036,KOL_06653,Salt Lake,2023-04-25,20,0,0,0,0,0,0,0,0,0,0.0,0.118117,0,0.0,0,195,3,2,0.851,0.0438,GREEN,32,Kolkata
CLM0056037,KOL_08464,Behala,2022-01-11,17,0,0,0,0,0,0,0,0,0,0.0,0.376559,0,0.0,0,420,4,0,0.7327,0.0134,GREEN,36,Kolkata
CLM0056038,KOL_06901,Sealdah,2021-06-26,12,0,0,0,0,1,0,0,0,0,0.0,0.010457,0,0.0,0,366,4,0,0.0587,0.1477,GREEN,26,Kolkata
CLM0056039,KOL_00446,Howrah,2024-01-09,12,0,0,0,0,0,0,1,0,0,0.0,0.033277,0,0.0,1,47,0,0,0.7407,0.1394,GREEN,45,Kolkata
CLM0056040,KOL_02193,Behala,2021-04-26,19,0,0,0,0,0,1,0,0,0,0.0,0.279761,0,0.0,0,400,4,2,0.8933,0.2506,GREEN,45,Kolkata
CLM0056041,KOL_01967,Park Street,2025-07-29,18,0,0,0,0,0,0,0,0,0,0.0,0.119858,0,0.0,0,377,0,3,0.053,0.0014,GREEN,46,Kolkata
CLM0056042,KOL_00120,Garia,2019-06-17,17,0,0,0,0,0,0,0,0,0,0.0,0.402962,0,0.0,0,385,2,1,0.05,0.0328,GREEN,42,Kolkata
CLM0056043,KOL_09466,Salt Lake,2023-01-18,21,0,0,0,0,0,0,0,0,0,0.0,0.290997,0,0.0,0,249,4,8,0.7266,0.0,GREEN,31,Kolkata
CLM0056044,KOL_07150,Howrah,2021-03-15,12,0,0,0,0,0,0,1,0,0,0.0,0.026838,0,0.0,0,308,2,1,0.98,0.0373,GREEN,33,Kolkata
CLM0056045,KOL_02810,Dum Dum,2025-06-07,20,0,0,0,0,0,0,1,0,0,0.0,0.300222,0,0.0,0,74,3,0,0.5942,0.0574,GREEN,34,Kolkata
CLM0056046,KOL_03212,Esplanade,2020-02-22,16,0,0,0,0,0,0,0,1,0,0.0,0.245474,0,0.0,0,407,2,7,0.98,0.1629,GREEN,43,Kolkata
CLM0056047,KOL_09420,Howrah,2021-05-19,18,0,0,0,0,0,0,0,1,0,1.0,0.278145,0,0.0,0,420,4,1,0.5808,0.2121,GREEN,57,Kolkata
CLM0056048,KOL_02486,Esplanade,2019-07-29,12,0,0,0,0,0,0,0,0,0,1.0,0.217668,0,0.0,0,163,0,0,0.5346,0.0879,GREEN,33,Kolkata
CLM0056049,KOL_07372,Salt Lake,2019-10-08,20,0,1,1,0,0,0,0,0,0,1.0,1.0,0,1.0,1,298,4,5,0.7599,0.1783,GREEN,48,Kolkata
CLM0056050,KOL_04268,New Town,2024-12-08,10,0,0,0,0,0,0,0,0,0,0.0,0.38858,0,0.0,0,193,4,5,0.5523,0.0441,GREEN,37,Kolkata
CLM0056051,KOL_05733,Sealdah,2024-12-29,17,0,0,0,0,0,0,0,1,0,0.0,0.063091,0,0.0,0,22,4,0,0.82,0.113,GREEN,42,Kolkata
CLM0056052,KOL_00165,Esplanade,2018-08-21,11,0,0,0,0,0,0,0,0,0,0.0,0.916683,0,0.0,0,296,4,2,0.612,0.025,GREEN,19,Kolkata
CLM0056053,KOL_06301,Garia,2022-12-23,19,0,0,0,0,0,0,0,0,0,0.0,0.343814,0,0.0,0,317,4,0,0.05,0.0,GREEN,25,Kolkata
CLM0056054,KOL_03033,New Town,2018-01-25,14,0,0,0,0,0,0,0,0,0,0.0,0.148293,0,0.0,0,308,4,0,0.2732,0.0988,GREEN,35,Kolkata
CLM0056055,KOL_03509,Esplanade,2019-08-30,19,0,0,0,0,0,0,0,1,0,0.0,0.0,1,0.0,0,164,4,2,0.7201,0.2604,GREEN,43,Kolkata
CLM0056056,KOL_08030,New Town,2019-02-28,18,0,0,0,0,0,0,0,0,0,0.0,0.140645,0,0.0,0,395,0,1,0.8085,0.0,GREEN,35,Kolkata
CLM0056057,KOL_08837,Sealdah,2022-04-20,7,0,0,0,0,0,0,0,0,0,0.0,1.0,0,0.0,0,420,1,0,0.7168,0.0,GREEN,37,Kolkata
CLM0056058,KOL_09735,Dum Dum,2021-09-29,19,0,0,0,0,0,0,0,1,0,0.0,0.27388,0,0.0,0,396,0,8,0.6106,0.083,GREEN,26,Kolkata
CLM0056059,KOL_07164,Dum Dum,2024-09-04,19,0,0,0,0,0,0,0,1,0,0.0,0.01031,0,1.0,0,340,2,2,0.7829,0.106,GREEN,36,Kolkata
CLM0056060,KOL_00270,Behala,2025-05-04,9,0,0,0,0,0,0,0,0,0,0.0,0.103742,0,0.0,0,357,2,1,0.1638,0.0873,GREEN,34,Kolkata
CLM0056061,KOL_04591,Tollygunge,2020-10-02,9,0,0,0,1,0,0,0,1,0,0.0,0.159826,0,0.0,0,405,1,0,0.6595,0.3289,YELLOW,34,Kolkata
CLM0056062,KOL_07016,Salt Lake,2020-08-05,12,0,0,0,0,0,0,0,0,0,0.0,0.348142,0,0.0,0,132,1,1,0.8201,0.0992,GREEN,18,Kolkata
CLM0056063,KOL_02041,Esplanade,2020-06-14,17,0,0,0,0,0,0,0,0,0,0.0,0.105869,0,0.0,1,125,3,4,0.7848,0.0214,GREEN,46,Kolkata
CLM0056064,KOL_08263,Tollygunge,2025-08-05,10,0,0,0,0,0,0,0,0,0,0.0,0.27726,0,0.0,0,110,4,3,0.8213,0.0303,GREEN,20,Kolkata
CLM0056065,KOL_00462,Dum Dum,2018-06-15,17,0,0,0,0,0,0,0,0,0,0.0,0.249965,0,0.0,0,399,2,4,0.8362,0.0,GREEN,43,Kolkata
CLM0056066,KOL_01261,Esplanade,2025-07-05,10,0,0,0,0,0,1,0,0,0,1.0,0.021604,0,0.0,0,243,3,4,0.8077,0.1614,GREEN,36,Kolkata
CLM0056067,KOL_06450,Sealdah,2020-04-19,19,0,0,0,0,0,0,0,0,0,0.0,0.207725,0,0.0,0,133,3,4,0.98,0.0,GREEN,23,Kolkata
CLM0056068,KOL_08412,New Town,2019-05-24,15,0,0,0,0,0,0,0,0,0,0.0,0.322594,0,0.0,0,289,3,2,0.7683,0.034,GREEN,31,Kolkata
